,timestamp,bkr_price_long,bkr_price_short,psize_long,pprice_long,psize_short,pprice_short,price,closest_bkr_long,closest_bkr_short,balance_long,balance_short,equity_long,equity_short,wallet_exposure_long,wallet_exposure_short
0,1672531260000.0,0.0,0.0,0.0,0.0,0.0,0.0,1196.65,1.0,1.0,1000.0,1000.0,1000.0,1000.0,0.0,0.0
1,1672534860000.0,0.0,0.0,0.0,0.0,0.0,0.0,1194.65,1.0,1.0,1000.0,1000.0,1000.0,1000.0,0.0,0.0
2,1672538460000.0,0.0,0.0,0.0,0.0,0.0,0.0,1195.1,1.0,1.0,1000.0,1000.0,1000.0,1000.0,0.0,0.0
3,1672542060000.0,0.0,0.0,0.0,0.0,0.0,0.0,1194.5,1.0,1.0,1000.0,1000.0,1000.0,1000.0,0.0,0.0
4,1672545660000.0,0.0,0.0,0.0,0.0,0.0,0.0,1194.3,1.0,1.0,1000.0,1000.0,1000.0,1000.0,0.0,0.0
5,1672549260000.0,0.0,0.0,0.0,0.0,0.0,0.0,1193.95,1.0,1.0,1000.0,1000.0,1000.0,1000.0,0.0,0.0
6,1672552860000.0,0.0,0.0,0.0,0.0,0.0,0.0,1195.4,1.0,1.0,1000.0,1000.0,1000.0,1000.0,0.0,0.0
7,1672556460000.0,0.0,0.0,0.0,0.0,0.0,0.0,1195.9,1.0,1.0,1000.0,1000.0,1000.0,1000.0,0.0,0.0
8,1672560060000.0,0.0,0.0,0.0,0.0,0.0,0.0,1196.45,1.0,1.0,1000.0,1000.0,1000.0,1000.0,0.0,0.0
9,1672563660000.0,0.0,0.0,0.0,0.0,0.0,0.0,1194.95,1.0,1.0,1000.0,1000.0,1000.0,1000.0,0.0,0.0
10,1672567260000.0,0.0,0.0,0.0,0.0,0.0,0.0,1197.2,1.0,1.0,1000.0,1000.0,1000.0,1000.0,0.0,0.0
11,1672570860000.0,0.0,0.0,0.0,0.0,0.0,0.0,1197.8,1.0,1.0,1000.0,1000.0,1000.0,1000.0,0.0,0.0
12,1672574460000.0,0.0,0.0,0.0,0.0,0.0,0.0,1197.0,1.0,1.0,1000.0,1000.0,1000.0,1000.0,0.0,0.0
13,1672578060000.0,0.0,0.0,0.0,0.0,0.0,0.0,1197.65,1.0,1.0,1000.0,1000.0,1000.0,1000.0,0.0,0.0
14,1672581660000.0,0.0,0.0,0.0,0.0,0.0,0.0,1195.85,1.0,1.0,1000.0,1000.0,1000.0,1000.0,0.0,0.0
15,1672585260000.0,0.0,0.0,0.0,0.0,0.0,0.0,1195.05,1.0,1.0,1000.0,1000.0,1000.0,1000.0,0.0,0.0
16,1672588860000.0,0.0,0.0,0.0,0.0,0.0,0.0,1197.0,1.0,1.0,1000.0,1000.0,1000.0,1000.0,0.0,0.0
17,1672592460000.0,0.0,0.0,0.0,0.0,0.0,0.0,1197.6,1.0,1.0,1000.0,1000.0,1000.0,1000.0,0.0,0.0
18,1672596060000.0,0.0,0.0,0.0,0.0,0.0,0.0,1202.95,1.0,1.0,1000.0,1000.0,1000.0,1000.0,0.0,0.0
19,1672599660000.0,0.0,0.0,0.0,0.0,0.0,0.0,1202.1,1.0,1.0,1000.0,1000.0,1000.0,1000.0,0.0,0.0
20,1672603260000.0,0.0,0.0,0.0,0.0,0.0,0.0,1202.15,1.0,1.0,1000.0,1000.0,1000.0,1000.0,0.0,0.0
21,1672606860000.0,0.0,0.0,0.0,0.0,0.0,0.0,1201.65,1.0,1.0,1000.0,1000.0,1000.0,1000.0,0.0,0.0
22,1672610460000.0,0.0,0.0,0.0,0.0,0.0,0.0,1202.95,1.0,1.0,1000.0,1000.0,1000.0,1000.0,0.0,0.0
23,1672614060000.0,0.0,0.0,0.0,0.0,0.0,0.0,1201.1,1.0,1.0,1000.0,1000.0,1000.0,1000.0,0.0,0.0
24,1672617660000.0,0.0,0.0,0.0,0.0,0.0,0.0,1200.75,1.0,1.0,1000.0,1000.0,1000.0,1000.0,0.0,0.0
25,1672621260000.0,0.0,0.0,0.0,0.0,0.0,0.0,1198.05,1.0,1.0,1000.0,1000.0,1000.0,1000.0,0.0,0.0
26,1672624860000.0,0.0,0.0,0.0,0.0,0.0,0.0,1195.0,1.0,1.0,1000.0,1000.0,1000.0,1000.0,0.0,0.0
27,1672628460000.0,0.0,0.0,0.0,0.0,0.0,0.0,1196.7,1.0,1.0,1000.0,1000.0,1000.0,1000.0,0.0,0.0
28,1672632060000.0,0.0,0.0,0.0,0.0,0.0,0.0,1202.0,1.0,1.0,1000.0,1000.0,1000.0,1000.0,0.0,0.0
29,1672635660000.0,0.0,0.0,0.0,0.0,0.0,0.0,1201.95,1.0,1.0,1000.0,1000.0,1000.0,1000.0,0.0,0.0
30,1672639260000.0,0.0,0.0,0.0,0.0,0.0,0.0,1202.35,1.0,1.0,1000.0,1000.0,1000.0,1000.0,0.0,0.0
31,1672642860000.0,0.0,0.0,0.0,0.0,0.0,0.0,1201.65,1.0,1.0,1000.0,1000.0,1000.0,1000.0,0.0,0.0
32,1672646460000.0,0.0,0.0,0.0,0.0,0.0,0.0,1212.85,1.0,1.0,1000.0,1000.0,1000.0,1000.0,0.0,0.0
33,1672650060000.0,0.0,0.0,0.0,0.0,0.0,0.0,1215.95,1.0,1.0,1000.0,1000.0,1000.0,1000.0,0.0,0.0
34,1672653660000.0,0.0,0.0,0.0,0.0,0.0,0.0,1216.95,1.0,1.0,1000.0,1000.0,1000.0,1000.0,0.0,0.0
35,1672657260000.0,0.0,0.0,0.0,0.0,0.0,0.0,1217.15,1.0,1.0,1000.0,1000.0,1000.0,1000.0,0.0,0.0
36,1672660860000.0,0.0,0.0,0.0,0.0,0.0,0.0,1217.25,1.0,1.0,1000.0,1000.0,1000.0,1000.0,0.0,0.0
37,1672664460000.0,0.0,0.0,0.0,0.0,0.0,0.0,1216.35,1.0,1.0,1000.0,1000.0,1000.0,1000.0,0.0,0.0
38,1672668060000.0,0.0,0.0,0.0,0.0,0.0,0.0,1214.45,1.0,1.0,1000.0,1000.0,1000.0,1000.0,0.0,0.0
39,1672671660000.0,0.0,0.0,0.0,0.0,0.0,0.0,1216.45,1.0,1.0,1000.0,1000.0,1000.0,1000.0,0.0,0.0
40,1672675260000.0,0.0,0.0,0.0,0.0,0.0,0.0,1219.1,1.0,1.0,1000.0,1000.0,1000.0,1000.0,0.0,0.0
41,1672678860000.0,0.0,0.0,0.0,0.0,0.0,0.0,1216.4,1.0,1.0,1000.0,1000.0,1000.0,1000.0,0.0,0.0
42,1672682460000.0,0.0,0.0,0.0,0.0,0.0,0.0,1216.75,1.0,1.0,1000.0,1000.0,1000.0,1000.0,0.0,0.0
43,1672686060000.0,0.0,0.0,0.0,0.0,0.0,0.0,1217.9,1.0,1.0,1000.0,1000.0,1000.0,1000.0,0.0,0.0
44,1672689660000.0,0.0,0.0,0.0,0.0,0.0,0.0,1218.35,1.0,1.0,1000.0,1000.0,1000.0,1000.0,0.0,0.0
45,1672693260000.0,0.0,0.0,0.0,0.0,0.0,0.0,1217.9,1.0,1.0,1000.0,1000.0,1000.0,1000.0,0.0,0.0
46,1672696860000.0,0.0,0.0,0.0,0.0,0.0,0.0,1218.5,1.0,1.0,1000.0,1000.0,1000.0,1000.0,0.0,0.0
47,1672700460000.0,0.0,0.0,0.0,0.0,0.0,0.0,1215.6,1.0,1.0,1000.0,1000.0,1000.0,1000.0,0.0,0.0
48,1672704060000.0,0.0,0.0,0.0,0.0,0.0,0.0,1213.25,1.0,1.0,1000.0,1000.0,1000.0,1000.0,0.0,0.0
49,1672707660000.0,0.0,0.0,0.0,0.0,0.0,0.0,1215.45,1.0,1.0,1000.0,1000.0,1000.0,1000.0,0.0,0.0
50,1672711260000.0,0.0,0.0,0.0,0.0,0.0,0.0,1212.85,1.0,1.0,1000.0,1000.0,1000.0,1000.0,0.0,0.0
51,1672714860000.0,0.0,0.0,0.0,0.0,0.0,0.0,1213.0,1.0,1.0,1000.0,1000.0,1000.0,1000.0,0.0,0.0
52,1672718460000.0,0.0,0.0,0.0,0.0,0.0,0.0,1215.35,1.0,1.0,1000.0,1000.0,1000.0,1000.0,0.0,0.0
53,1672722060000.0,0.0,0.0,0.0,0.0,0.0,0.0,1213.4,1.0,1.0,1000.0,1000.0,1000.0,1000.0,0.0,0.0
54,1672725660000.0,0.0,0.0,0.0,0.0,0.0,0.0,1218.0,1.0,1.0,1000.0,1000.0,1000.0,1000.0,0.0,0.0
55,1672729260000.0,0.0,0.0,0.0,0.0,0.0,0.0,1216.45,1.0,1.0,1000.0,1000.0,1000.0,1000.0,0.0,0.0
56,1672732860000.0,0.0,0.0,0.0,0.0,0.0,0.0,1216.3,1.0,1.0,1000.0,1000.0,1000.0,1000.0,0.0,0.0
57,1672736460000.0,0.0,0.0,0.0,0.0,0.0,0.0,1215.7,1.0,1.0,1000.0,1000.0,1000.0,1000.0,0.0,0.0
58,1672740060000.0,0.0,0.0,0.0,0.0,0.0,0.0,1217.45,1.0,1.0,1000.0,1000.0,1000.0,1000.0,0.0,0.0
59,1672743660000.0,0.0,0.0,0.0,0.0,0.0,0.0,1215.75,1.0,1.0,1000.0,1000.0,1000.0,1000.0,0.0,0.0
60,1672747260000.0,0.0,0.0,0.0,0.0,0.0,0.0,1214.6,1.0,1.0,1000.0,1000.0,1000.0,1000.0,0.0,0.0
61,1672750860000.0,0.0,0.0,0.0,0.0,0.0,0.0,1215.5,1.0,1.0,1000.0,1000.0,1000.0,1000.0,0.0,0.0
62,1672754460000.0,0.0,0.0,0.0,0.0,0.0,0.0,1216.25,1.0,1.0,1000.0,1000.0,1000.0,1000.0,0.0,0.0
63,1672758060000.0,0.0,0.0,0.04,1208.07,0.0,0.0,1210.65,1.0,1.0,999.99033544,1000.0,1000.09353544,1000.0,0.04832326702311354,0.0
64,1672761660000.0,0.0,0.0,0.04,1208.07,0.0,0.0,1211.4,1.0,1.0,999.99033544,1000.0,1000.12353544,1000.0,0.04832326702311354,0.0
65,1672765260000.0,0.0,0.0,0.04,1208.07,0.0,0.0,1207.55,1.0,1.0,999.99033544,1000.0,999.96953544,1000.0,0.04832326702311354,0.0
66,1672768860000.0,0.0,0.0,0.04,1208.07,0.0,0.0,1208.1,1.0,1.0,999.99033544,1000.0,999.99153544,1000.0,0.04832326702311354,0.0
67,1672772460000.0,0.0,0.0,0.04,1208.07,0.0,0.0,1207.3,1.0,1.0,999.99033544,1000.0,999.95953544,1000.0,0.04832326702311354,0.0
68,1672776060000.0,0.0,0.0,0.04,1208.07,0.0,0.0,1210.1,1.0,1.0,999.99033544,1000.0,1000.0715354399999,1000.0,0.04832326702311354,0.0
69,1672779660000.0,0.0,0.0,0.04,1208.07,0.0,0.0,1210.0,1.0,1.0,999.99033544,1000.0,1000.0675354399999,1000.0,0.04832326702311354,0.0
70,1672783260000.0,0.0,0.0,0.04,1208.07,0.0,0.0,1210.9,1.0,1.0,999.99033544,1000.0,1000.10353544,1000.0,0.04832326702311354,0.0
71,1672786860000.0,0.0,0.0,0.04,1208.07,0.0,0.0,1211.95,1.0,1.0,999.99033544,1000.0,1000.14553544,1000.0,0.04832326702311354,0.0
72,1672790460000.0,0.0,0.0,0.04,1208.07,0.0,0.0,1214.0,1.0,1.0,999.99033544,1000.0,1000.22753544,1000.0,0.04832326702311354,0.0
73,1672794060000.0,0.0,0.0,0.04,1208.07,0.0,0.0,1213.15,1.0,1.0,999.99033544,1000.0,1000.19353544,1000.0,0.04832326702311354,0.0
74,1672797660000.0,0.0,0.0,0.02,1208.07,0.0,0.0,1224.5,1.0,1.0,1000.16166792,1000.0,1000.4902679200001,1000.0,0.02415749450811046,0.0
75,1672801260000.0,0.0,0.0,0.0,1208.07,0.0,0.0,1232.1,1.0,1.0,1000.5939482,1000.0,1000.5939482,1000.0,0.0,0.0
76,1672804860000.0,0.0,0.0,0.0,1208.07,0.0,0.0,1253.45,1.0,1.0,1000.5939482,1000.0,1000.5939482,1000.0,0.0,0.0
77,1672808460000.0,0.0,0.0,0.0,1208.07,0.0,0.0,1250.1,1.0,1.0,1000.5939482,1000.0,1000.5939482,1000.0,0.0,0.0
78,1672812060000.0,0.0,0.0,0.0,1208.07,0.0,0.0,1247.9,1.0,1.0,1000.5939482,1000.0,1000.5939482,1000.0,0.0,0.0
79,1672815660000.0,0.0,0.0,0.0,1208.07,0.0,0.0,1251.5,1.0,1.0,1000.5939482,1000.0,1000.5939482,1000.0,0.0,0.0
80,1672819260000.0,0.0,0.0,0.0,1208.07,0.0,0.0,1252.05,1.0,1.0,1000.5939482,1000.0,1000.5939482,1000.0,0.0,0.0
81,1672822860000.0,0.0,0.0,0.0,1208.07,0.0,0.0,1250.2,1.0,1.0,1000.5939482,1000.0,1000.5939482,1000.0,0.0,0.0
82,1672826460000.0,0.0,0.0,0.0,1208.07,0.0,0.0,1249.45,1.0,1.0,1000.5939482,1000.0,1000.5939482,1000.0,0.0,0.0
83,1672830060000.0,0.0,0.0,0.0,1208.07,0.0,0.0,1249.4,1.0,1.0,1000.5939482,1000.0,1000.5939482,1000.0,0.0,0.0
84,1672833660000.0,0.0,0.0,0.0,1208.07,0.0,0.0,1251.55,1.0,1.0,1000.5939482,1000.0,1000.5939482,1000.0,0.0,0.0
85,1672837260000.0,0.0,0.0,0.0,1208.07,0.0,0.0,1250.4,1.0,1.0,1000.5939482,1000.0,1000.5939482,1000.0,0.0,0.0
86,1672840860000.0,0.0,0.0,0.0,1208.07,0.0,0.0,1252.95,1.0,1.0,1000.5939482,1000.0,1000.5939482,1000.0,0.0,0.0
87,1672844460000.0,0.0,0.0,0.0,1208.07,0.0,0.0,1248.95,1.0,1.0,1000.5939482,1000.0,1000.5939482,1000.0,0.0,0.0
88,1672848060000.0,0.0,0.0,0.0,1208.07,0.0,0.0,1254.4,1.0,1.0,1000.5939482,1000.0,1000.5939482,1000.0,0.0,0.0
89,1672851660000.0,0.0,0.0,0.0,1208.07,0.0,0.0,1253.2,1.0,1.0,1000.5939482,1000.0,1000.5939482,1000.0,0.0,0.0
90,1672855260000.0,0.0,0.0,0.0,1208.07,0.0,0.0,1258.2,1.0,1.0,1000.5939482,1000.0,1000.5939482,1000.0,0.0,0.0
91,1672858860000.0,0.0,0.0,0.0,1208.07,0.0,0.0,1259.45,1.0,1.0,1000.5939482,1000.0,1000.5939482,1000.0,0.0,0.0
92,1672862460000.0,0.0,0.0,0.0,1208.07,0.0,0.0,1253.85,1.0,1.0,1000.5939482,1000.0,1000.5939482,1000.0,0.0,0.0
93,1672866060000.0,0.0,0.0,0.0,1208.07,0.0,0.0,1250.45,1.0,1.0,1000.5939482,1000.0,1000.5939482,1000.0,0.0,0.0
94,1672869660000.0,0.0,0.0,0.0,1208.07,0.0,0.0,1251.95,1.0,1.0,1000.5939482,1000.0,1000.5939482,1000.0,0.0,0.0
95,1672873260000.0,0.0,0.0,0.0,1208.07,0.0,0.0,1253.7,1.0,1.0,1000.5939482,1000.0,1000.5939482,1000.0,0.0,0.0
96,1672876860000.0,0.0,0.0,0.0,1208.07,0.0,0.0,1256.55,1.0,1.0,1000.5939482,1000.0,1000.5939482,1000.0,0.0,0.0
97,1672880460000.0,0.0,0.0,0.0,1208.07,0.0,0.0,1254.35,1.0,1.0,1000.5939482,1000.0,1000.5939482,1000.0,0.0,0.0
98,1672884060000.0,0.0,0.0,0.0,1208.07,0.0,0.0,1253.5,1.0,1.0,1000.5939482,1000.0,1000.5939482,1000.0,0.0,0.0
99,1672887660000.0,0.0,0.0,0.0,1208.07,0.0,0.0,1253.35,1.0,1.0,1000.5939482,1000.0,1000.5939482,1000.0,0.0,0.0
100,1672891260000.0,0.0,0.0,0.0,1208.07,0.0,0.0,1252.4,1.0,1.0,1000.5939482,1000.0,1000.5939482,1000.0,0.0,0.0
101,1672894860000.0,0.0,0.0,0.0,1208.07,0.0,0.0,1252.35,1.0,1.0,1000.5939482,1000.0,1000.5939482,1000.0,0.0,0.0
102,1672898460000.0,0.0,0.0,0.0,1208.07,0.0,0.0,1252.7,1.0,1.0,1000.5939482,1000.0,1000.5939482,1000.0,0.0,0.0
103,1672902060000.0,0.0,0.0,0.0,1208.07,0.0,0.0,1250.05,1.0,1.0,1000.5939482,1000.0,1000.5939482,1000.0,0.0,0.0
104,1672905660000.0,0.0,0.0,0.0,1208.07,0.0,0.0,1249.75,1.0,1.0,1000.5939482,1000.0,1000.5939482,1000.0,0.0,0.0
105,1672909260000.0,0.0,0.0,0.0,1208.07,0.0,0.0,1249.2,1.0,1.0,1000.5939482,1000.0,1000.5939482,1000.0,0.0,0.0
106,1672912860000.0,0.0,0.0,0.0,1208.07,0.0,0.0,1248.2,1.0,1.0,1000.5939482,1000.0,1000.5939482,1000.0,0.0,0.0
107,1672916460000.0,0.0,0.0,0.0,1208.07,0.0,0.0,1250.9,1.0,1.0,1000.5939482,1000.0,1000.5939482,1000.0,0.0,0.0
108,1672920060000.0,0.0,0.0,0.0,1208.07,0.0,0.0,1254.15,1.0,1.0,1000.5939482,1000.0,1000.5939482,1000.0,0.0,0.0
109,1672923660000.0,0.0,0.0,0.0,1208.07,0.0,0.0,1252.6,1.0,1.0,1000.5939482,1000.0,1000.5939482,1000.0,0.0,0.0
110,1672927260000.0,0.0,0.0,0.0,1208.07,0.0,0.0,1247.3,1.0,1.0,1000.5939482,1000.0,1000.5939482,1000.0,0.0,0.0
111,1672930860000.0,0.0,0.0,0.04,1242.96,0.0,0.0,1248.85,1.0,1.0,1000.58400452,1000.0,1000.81960452,1000.0,0.04968938117679675,0.0
112,1672934460000.0,0.0,0.0,0.03,1242.96,0.0,0.0,1248.0,1.0,1.0,1000.67210048,1000.0,1000.8233004800001,1000.0,0.03726375501236959,0.0
113,1672938060000.0,0.0,0.0,0.03,1242.96,0.0,0.0,1248.15,1.0,1.0,1000.67210048,1000.0,1000.8278004800001,1000.0,0.03726375501236959,0.0
114,1672941660000.0,0.0,0.0,0.03,1242.96,0.0,0.0,1246.75,1.0,1.0,1000.67210048,1000.0,1000.78580048,1000.0,0.03726375501236959,0.0
115,1672945260000.0,0.0,0.0,0.03,1242.96,0.0,0.0,1250.9,1.0,1.0,1000.67210048,1000.0,1000.91030048,1000.0,0.03726375501236959,0.0
116,1672948860000.0,0.0,0.0,0.0,1242.96,0.0,0.0,1253.25,1.0,1.0,1000.9363883600001,1000.0,1000.9363883600001,1000.0,0.0,0.0
117,1672952460000.0,0.0,0.0,0.0,1242.96,0.0,0.0,1252.95,1.0,1.0,1000.9363883600001,1000.0,1000.9363883600001,1000.0,0.0,0.0
118,1672956060000.0,0.0,0.0,0.0,1242.96,0.0,0.0,1252.2,1.0,1.0,1000.9363883600001,1000.0,1000.9363883600001,1000.0,0.0,0.0
119,1672959660000.0,0.0,0.0,0.0,1242.96,0.0,0.0,1251.95,1.0,1.0,1000.9363883600001,1000.0,1000.9363883600001,1000.0,0.0,0.0
120,1672963260000.0,0.0,0.0,0.0,1242.96,0.0,0.0,1251.0,1.0,1.0,1000.9363883600001,1000.0,1000.9363883600001,1000.0,0.0,0.0
121,1672966860000.0,0.0,0.0,0.0,1242.96,0.0,0.0,1254.75,1.0,1.0,1000.9363883600001,1000.0,1000.9363883600001,1000.0,0.0,0.0
122,1672970460000.0,0.0,0.0,0.0,1242.96,0.0,0.0,1251.2,1.0,1.0,1000.9363883600001,1000.0,1000.9363883600001,1000.0,0.0,0.0
123,1672974060000.0,0.0,0.0,0.0,1242.96,0.0,0.0,1251.3,1.0,1.0,1000.9363883600001,1000.0,1000.9363883600001,1000.0,0.0,0.0
124,1672977660000.0,0.0,0.0,0.0,1242.96,0.0,0.0,1250.55,1.0,1.0,1000.9363883600001,1000.0,1000.9363883600001,1000.0,0.0,0.0
125,1672981260000.0,0.0,0.0,0.0,1242.96,0.0,0.0,1248.85,1.0,1.0,1000.9363883600001,1000.0,1000.9363883600001,1000.0,0.0,0.0
126,1672984860000.0,0.0,0.0,0.0,1242.96,0.0,0.0,1248.05,1.0,1.0,1000.9363883600001,1000.0,1000.9363883600001,1000.0,0.0,0.0
127,1672988460000.0,0.0,0.0,0.0,1242.96,0.0,0.0,1247.4,1.0,1.0,1000.9363883600001,1000.0,1000.9363883600001,1000.0,0.0,0.0
128,1672992060000.0,0.0,0.0,0.0,1242.96,0.0,0.0,1247.1,1.0,1.0,1000.9363883600001,1000.0,1000.9363883600001,1000.0,0.0,0.0
129,1672995660000.0,0.0,0.0,0.0,1242.96,0.0,0.0,1247.3,1.0,1.0,1000.9363883600001,1000.0,1000.9363883600001,1000.0,0.0,0.0
130,1672999260000.0,0.0,0.0,0.0,1242.96,0.0,0.0,1248.15,1.0,1.0,1000.9363883600001,1000.0,1000.9363883600001,1000.0,0.0,0.0
131,1673002860000.0,0.0,0.0,0.0,1242.96,0.0,0.0,1245.4,1.0,1.0,1000.9363883600001,1000.0,1000.9363883600001,1000.0,0.0,0.0
132,1673006460000.0,0.0,0.0,0.04,1242.31,0.0,0.0,1243.7,1.0,1.0,1000.9264498800002,1000.0,1000.9820498800002,1000.0,0.04964640509395826,0.0
133,1673010060000.0,0.0,0.0,0.04,1242.31,0.0,0.0,1243.3,1.0,1.0,1000.9264498800002,1000.0,1000.9660498800001,1000.0,0.04964640509395826,0.0
134,1673013660000.0,0.0,0.0,0.01,1242.31,0.0,0.0,1249.85,1.0,1.0,1001.1907416600003,1000.0,1001.2661416600002,1000.0,0.012408324890621918,0.0
135,1673017260000.0,0.0,0.0,0.0,1242.31,0.0,0.0,1249.45,1.0,1.0,1001.2788389200003,1000.0,1001.2788389200003,1000.0,0.0,0.0
136,1673020860000.0,0.0,0.0,0.0,1242.31,0.0,0.0,1263.7,1.0,1.0,1001.2788389200003,1000.0,1001.2788389200003,1000.0,0.0,0.0
137,1673024460000.0,0.0,0.0,0.0,1242.31,0.0,0.0,1265.85,1.0,1.0,1001.2788389200003,1000.0,1001.2788389200003,1000.0,0.0,0.0
138,1673028060000.0,0.0,0.0,0.0,1242.31,0.0,0.0,1265.3,1.0,1.0,1001.2788389200003,1000.0,1001.2788389200003,1000.0,0.0,0.0
139,1673031660000.0,0.0,0.0,0.0,1242.31,0.0,0.0,1266.7,1.0,1.0,1001.2788389200003,1000.0,1001.2788389200003,1000.0,0.0,0.0
140,1673035260000.0,0.0,0.0,0.0,1242.31,0.0,0.0,1274.3,1.0,1.0,1001.2788389200003,1000.0,1001.2788389200003,1000.0,0.0,0.0
141,1673038860000.0,0.0,0.0,0.0,1242.31,0.0,0.0,1264.85,1.0,1.0,1001.2788389200003,1000.0,1001.2788389200003,1000.0,0.0,0.0
142,1673042460000.0,0.0,0.0,0.0,1242.31,0.0,0.0,1265.0,1.0,1.0,1001.2788389200003,1000.0,1001.2788389200003,1000.0,0.0,0.0
143,1673046060000.0,0.0,0.0,0.0,1242.31,0.0,0.0,1268.95,1.0,1.0,1001.2788389200003,1000.0,1001.2788389200003,1000.0,0.0,0.0
144,1673049660000.0,0.0,0.0,0.0,1242.31,0.0,0.0,1268.3,1.0,1.0,1001.2788389200003,1000.0,1001.2788389200003,1000.0,0.0,0.0
145,1673053260000.0,0.0,0.0,0.0,1242.31,0.0,0.0,1269.3,1.0,1.0,1001.2788389200003,1000.0,1001.2788389200003,1000.0,0.0,0.0
146,1673056860000.0,0.0,0.0,0.0,1242.31,0.0,0.0,1267.95,1.0,1.0,1001.2788389200003,1000.0,1001.2788389200003,1000.0,0.0,0.0
147,1673060460000.0,0.0,0.0,0.0,1242.31,0.0,0.0,1265.8,1.0,1.0,1001.2788389200003,1000.0,1001.2788389200003,1000.0,0.0,0.0
148,1673064060000.0,0.0,0.0,0.0,1242.31,0.0,0.0,1265.15,1.0,1.0,1001.2788389200003,1000.0,1001.2788389200003,1000.0,0.0,0.0
149,1673067660000.0,0.0,0.0,0.0,1242.31,0.0,0.0,1263.2,1.0,1.0,1001.2788389200003,1000.0,1001.2788389200003,1000.0,0.0,0.0
150,1673071260000.0,0.0,0.0,0.0,1242.31,0.0,0.0,1263.45,1.0,1.0,1001.2788389200003,1000.0,1001.2788389200003,1000.0,0.0,0.0
151,1673074860000.0,0.0,0.0,0.0,1242.31,0.0,0.0,1264.1,1.0,1.0,1001.2788389200003,1000.0,1001.2788389200003,1000.0,0.0,0.0
152,1673078460000.0,0.0,0.0,0.0,1242.31,0.0,0.0,1265.75,1.0,1.0,1001.2788389200003,1000.0,1001.2788389200003,1000.0,0.0,0.0
153,1673082060000.0,0.0,0.0,0.0,1242.31,0.0,0.0,1263.9,1.0,1.0,1001.2788389200003,1000.0,1001.2788389200003,1000.0,0.0,0.0
154,1673085660000.0,0.0,0.0,0.0,1242.31,0.0,0.0,1264.25,1.0,1.0,1001.2788389200003,1000.0,1001.2788389200003,1000.0,0.0,0.0
155,1673089260000.0,0.0,0.0,0.0,1242.31,0.0,0.0,1262.45,1.0,1.0,1001.2788389200003,1000.0,1001.2788389200003,1000.0,0.0,0.0
156,1673092860000.0,0.0,0.0,0.0,1242.31,0.0,0.0,1261.95,1.0,1.0,1001.2788389200003,1000.0,1001.2788389200003,1000.0,0.0,0.0
157,1673096460000.0,0.0,0.0,0.0,1242.31,0.0,0.0,1262.95,1.0,1.0,1001.2788389200003,1000.0,1001.2788389200003,1000.0,0.0,0.0
158,1673100060000.0,0.0,0.0,0.0,1242.31,0.0,0.0,1261.6,1.0,1.0,1001.2788389200003,1000.0,1001.2788389200003,1000.0,0.0,0.0
159,1673103660000.0,0.0,0.0,0.0,1242.31,0.0,0.0,1263.75,1.0,1.0,1001.2788389200003,1000.0,1001.2788389200003,1000.0,0.0,0.0
160,1673107260000.0,0.0,0.0,0.0,1242.31,0.0,0.0,1263.9,1.0,1.0,1001.2788389200003,1000.0,1001.2788389200003,1000.0,0.0,0.0
161,1673110860000.0,0.0,0.0,0.0,1242.31,0.0,0.0,1261.75,1.0,1.0,1001.2788389200003,1000.0,1001.2788389200003,1000.0,0.0,0.0
162,1673114460000.0,0.0,0.0,0.0,1242.31,0.0,0.0,1261.6,1.0,1.0,1001.2788389200003,1000.0,1001.2788389200003,1000.0,0.0,0.0
163,1673118060000.0,0.0,0.0,0.0,1242.31,0.0,0.0,1262.9,1.0,1.0,1001.2788389200003,1000.0,1001.2788389200003,1000.0,0.0,0.0
164,1673121660000.0,0.0,0.0,0.0,1242.31,0.0,0.0,1264.45,1.0,1.0,1001.2788389200003,1000.0,1001.2788389200003,1000.0,0.0,0.0
165,1673125260000.0,0.0,0.0,0.0,1242.31,0.0,0.0,1263.35,1.0,1.0,1001.2788389200003,1000.0,1001.2788389200003,1000.0,0.0,0.0
166,1673128860000.0,0.0,0.0,0.0,1242.31,0.0,0.0,1262.1,1.0,1.0,1001.2788389200003,1000.0,1001.2788389200003,1000.0,0.0,0.0
167,1673132460000.0,0.0,0.0,0.0,1242.31,0.0,0.0,1261.25,1.0,1.0,1001.2788389200003,1000.0,1001.2788389200003,1000.0,0.0,0.0
168,1673136060000.0,0.0,0.0,0.0,1242.31,0.0,0.0,1263.1,1.0,1.0,1001.2788389200003,1000.0,1001.2788389200003,1000.0,0.0,0.0
169,1673139660000.0,0.0,0.0,0.0,1242.31,0.0,0.0,1260.2,1.0,1.0,1001.2788389200003,1000.0,1001.2788389200003,1000.0,0.0,0.0
170,1673143260000.0,0.0,0.0,0.0,1242.31,0.0,0.0,1261.3,1.0,1.0,1001.2788389200003,1000.0,1001.2788389200003,1000.0,0.0,0.0
171,1673146860000.0,0.0,0.0,0.0,1242.31,0.0,0.0,1260.95,1.0,1.0,1001.2788389200003,1000.0,1001.2788389200003,1000.0,0.0,0.0
172,1673150460000.0,0.0,0.0,0.0,1242.31,0.0,0.0,1261.95,1.0,1.0,1001.2788389200003,1000.0,1001.2788389200003,1000.0,0.0,0.0
173,1673154060000.0,0.0,0.0,0.0,1242.31,0.0,0.0,1261.7,1.0,1.0,1001.2788389200003,1000.0,1001.2788389200003,1000.0,0.0,0.0
174,1673157660000.0,0.0,0.0,0.0,1242.31,0.0,0.0,1263.1,1.0,1.0,1001.2788389200003,1000.0,1001.2788389200003,1000.0,0.0,0.0
175,1673161260000.0,0.0,0.0,0.0,1242.31,0.0,0.0,1263.65,1.0,1.0,1001.2788389200003,1000.0,1001.2788389200003,1000.0,0.0,0.0
176,1673164860000.0,0.0,0.0,0.0,1242.31,0.0,0.0,1263.05,1.0,1.0,1001.2788389200003,1000.0,1001.2788389200003,1000.0,0.0,0.0
177,1673168460000.0,0.0,0.0,0.0,1242.31,0.0,0.0,1262.5,1.0,1.0,1001.2788389200003,1000.0,1001.2788389200003,1000.0,0.0,0.0
178,1673172060000.0,0.0,0.0,0.0,1242.31,0.0,0.0,1262.85,1.0,1.0,1001.2788389200003,1000.0,1001.2788389200003,1000.0,0.0,0.0
179,1673175660000.0,0.0,0.0,0.0,1242.31,0.0,0.0,1262.6,1.0,1.0,1001.2788389200003,1000.0,1001.2788389200003,1000.0,0.0,0.0
180,1673179260000.0,0.0,0.0,0.0,1242.31,0.0,0.0,1260.45,1.0,1.0,1001.2788389200003,1000.0,1001.2788389200003,1000.0,0.0,0.0
181,1673182860000.0,0.0,0.0,0.0,1242.31,0.0,0.0,1261.2,1.0,1.0,1001.2788389200003,1000.0,1001.2788389200003,1000.0,0.0,0.0
182,1673186460000.0,0.0,0.0,0.0,1242.31,0.0,0.0,1262.35,1.0,1.0,1001.2788389200003,1000.0,1001.2788389200003,1000.0,0.0,0.0
183,1673190060000.0,0.0,0.0,0.0,1242.31,0.0,0.0,1264.9,1.0,1.0,1001.2788389200003,1000.0,1001.2788389200003,1000.0,0.0,0.0
184,1673193660000.0,0.0,0.0,0.0,1242.31,0.0,0.0,1275.05,1.0,1.0,1001.2788389200003,1000.0,1001.2788389200003,1000.0,0.0,0.0
185,1673197260000.0,0.0,0.0,0.0,1242.31,0.0,0.0,1263.45,1.0,1.0,1001.2788389200003,1000.0,1001.2788389200003,1000.0,0.0,0.0
186,1673200860000.0,0.0,0.0,0.0,1242.31,0.0,0.0,1262.4,1.0,1.0,1001.2788389200003,1000.0,1001.2788389200003,1000.0,0.0,0.0
187,1673204460000.0,0.0,0.0,0.0,1242.31,0.0,0.0,1264.05,1.0,1.0,1001.2788389200003,1000.0,1001.2788389200003,1000.0,0.0,0.0
188,1673208060000.0,0.0,0.0,0.0,1242.31,0.0,0.0,1263.2,1.0,1.0,1001.2788389200003,1000.0,1001.2788389200003,1000.0,0.0,0.0
189,1673211660000.0,0.0,0.0,0.0,1242.31,0.0,0.0,1269.2,1.0,1.0,1001.2788389200003,1000.0,1001.2788389200003,1000.0,0.0,0.0
190,1673215260000.0,0.0,0.0,0.0,1242.31,0.0,0.0,1268.3,1.0,1.0,1001.2788389200003,1000.0,1001.2788389200003,1000.0,0.0,0.0
191,1673218860000.0,0.0,0.0,0.0,1242.31,0.0,0.0,1269.6,1.0,1.0,1001.2788389200003,1000.0,1001.2788389200003,1000.0,0.0,0.0
192,1673222460000.0,0.0,0.0,0.0,1242.31,0.0,0.0,1287.75,1.0,1.0,1001.2788389200003,1000.0,1001.2788389200003,1000.0,0.0,0.0
193,1673226060000.0,0.0,0.0,0.0,1242.31,0.0,0.0,1293.0,1.0,1.0,1001.2788389200003,1000.0,1001.2788389200003,1000.0,0.0,0.0
194,1673229660000.0,0.0,0.0,0.0,1242.31,0.0,0.0,1291.65,1.0,1.0,1001.2788389200003,1000.0,1001.2788389200003,1000.0,0.0,0.0
195,1673233260000.0,0.0,0.0,0.0,1242.31,0.0,0.0,1304.8,1.0,1.0,1001.2788389200003,1000.0,1001.2788389200003,1000.0,0.0,0.0
196,1673236860000.0,0.0,0.0,0.0,1242.31,0.0,0.0,1309.0,1.0,1.0,1001.2788389200003,1000.0,1001.2788389200003,1000.0,0.0,0.0
197,1673240460000.0,0.0,0.0,0.0,1242.31,0.0,0.0,1309.8,1.0,1.0,1001.2788389200003,1000.0,1001.2788389200003,1000.0,0.0,0.0
198,1673244060000.0,0.0,0.0,0.0,1242.31,0.0,0.0,1307.4,1.0,1.0,1001.2788389200003,1000.0,1001.2788389200003,1000.0,0.0,0.0
199,1673247660000.0,0.0,0.0,0.0,1242.31,0.0,0.0,1308.15,1.0,1.0,1001.2788389200003,1000.0,1001.2788389200003,1000.0,0.0,0.0
200,1673251260000.0,0.0,0.0,0.0,1242.31,0.0,0.0,1310.25,1.0,1.0,1001.2788389200003,1000.0,1001.2788389200003,1000.0,0.0,0.0
201,1673254860000.0,0.0,0.0,0.0,1242.31,0.0,0.0,1308.4,1.0,1.0,1001.2788389200003,1000.0,1001.2788389200003,1000.0,0.0,0.0
202,1673258460000.0,0.0,0.0,0.0,1242.31,0.0,0.0,1316.85,1.0,1.0,1001.2788389200003,1000.0,1001.2788389200003,1000.0,0.0,0.0
203,1673262060000.0,0.0,0.0,0.0,1242.31,0.0,0.0,1322.45,1.0,1.0,1001.2788389200003,1000.0,1001.2788389200003,1000.0,0.0,0.0
204,1673265660000.0,0.0,0.0,0.0,1242.31,0.0,0.0,1318.1,1.0,1.0,1001.2788389200003,1000.0,1001.2788389200003,1000.0,0.0,0.0
205,1673269260000.0,0.0,0.0,0.0,1242.31,0.0,0.0,1318.65,1.0,1.0,1001.2788389200003,1000.0,1001.2788389200003,1000.0,0.0,0.0
206,1673272860000.0,0.0,0.0,0.0,1242.31,0.0,0.0,1319.45,1.0,1.0,1001.2788389200003,1000.0,1001.2788389200003,1000.0,0.0,0.0
207,1673276460000.0,0.0,0.0,0.0,1242.31,0.0,0.0,1325.6,1.0,1.0,1001.2788389200003,1000.0,1001.2788389200003,1000.0,0.0,0.0
208,1673280060000.0,0.0,0.0,0.0,1242.31,0.0,0.0,1337.95,1.0,1.0,1001.2788389200003,1000.0,1001.2788389200003,1000.0,0.0,0.0
209,1673283660000.0,0.0,0.0,0.0,1242.31,0.0,0.0,1336.8,1.0,1.0,1001.2788389200003,1000.0,1001.2788389200003,1000.0,0.0,0.0
210,1673287260000.0,0.0,0.0,0.0,1242.31,0.0,0.0,1340.65,1.0,1.0,1001.2788389200003,1000.0,1001.2788389200003,1000.0,0.0,0.0
211,1673290860000.0,0.0,0.0,0.0,1242.31,0.0,0.0,1333.7,1.0,1.0,1001.2788389200003,1000.0,1001.2788389200003,1000.0,0.0,0.0
212,1673294460000.0,0.0,0.0,0.0,1242.31,0.0,0.0,1330.85,1.0,1.0,1001.2788389200003,1000.0,1001.2788389200003,1000.0,0.0,0.0
213,1673298060000.0,0.0,0.0,0.0,1242.31,0.0,0.0,1319.35,1.0,1.0,1001.2788389200003,1000.0,1001.2788389200003,1000.0,0.0,0.0
214,1673301660000.0,0.0,0.0,0.0,1242.31,0.0,0.0,1317.95,1.0,1.0,1001.2788389200003,1000.0,1001.2788389200003,1000.0,0.0,0.0
215,1673305260000.0,0.0,0.0,0.0,1242.31,0.0,0.0,1319.15,1.0,1.0,1001.2788389200003,1000.0,1001.2788389200003,1000.0,0.0,0.0
216,1673308860000.0,0.0,0.0,0.0,1242.31,0.0,0.0,1320.1,1.0,1.0,1001.2788389200003,1000.0,1001.2788389200003,1000.0,0.0,0.0
217,1673312460000.0,0.0,0.0,0.0,1242.31,0.0,0.0,1325.85,1.0,1.0,1001.2788389200003,1000.0,1001.2788389200003,1000.0,0.0,0.0
218,1673316060000.0,0.0,0.0,0.0,1242.31,0.0,0.0,1323.6,1.0,1.0,1001.2788389200003,1000.0,1001.2788389200003,1000.0,0.0,0.0
219,1673319660000.0,0.0,0.0,0.0,1242.31,0.0,0.0,1320.95,1.0,1.0,1001.2788389200003,1000.0,1001.2788389200003,1000.0,0.0,0.0
220,1673323260000.0,0.0,0.0,0.0,1242.31,0.0,0.0,1324.05,1.0,1.0,1001.2788389200003,1000.0,1001.2788389200003,1000.0,0.0,0.0
221,1673326860000.0,0.0,0.0,0.0,1242.31,0.0,0.0,1326.9,1.0,1.0,1001.2788389200003,1000.0,1001.2788389200003,1000.0,0.0,0.0
222,1673330460000.0,0.0,0.0,0.0,1242.31,0.0,0.0,1326.55,1.0,1.0,1001.2788389200003,1000.0,1001.2788389200003,1000.0,0.0,0.0
223,1673334060000.0,0.0,0.0,0.0,1242.31,0.0,0.0,1324.55,1.0,1.0,1001.2788389200003,1000.0,1001.2788389200003,1000.0,0.0,0.0
224,1673337660000.0,0.0,0.0,0.0,1242.31,0.0,0.0,1321.85,1.0,1.0,1001.2788389200003,1000.0,1001.2788389200003,1000.0,0.0,0.0
225,1673341260000.0,0.0,0.0,0.0,1242.31,0.0,0.0,1326.9,1.0,1.0,1001.2788389200003,1000.0,1001.2788389200003,1000.0,0.0,0.0
226,1673344860000.0,0.0,0.0,0.0,1242.31,0.0,0.0,1329.6,1.0,1.0,1001.2788389200003,1000.0,1001.2788389200003,1000.0,0.0,0.0
227,1673348460000.0,0.0,0.0,0.0,1242.31,0.0,0.0,1332.6,1.0,1.0,1001.2788389200003,1000.0,1001.2788389200003,1000.0,0.0,0.0
228,1673352060000.0,0.0,0.0,0.0,1242.31,0.0,0.0,1328.2,1.0,1.0,1001.2788389200003,1000.0,1001.2788389200003,1000.0,0.0,0.0
229,1673355660000.0,0.0,0.0,0.0,1242.31,0.0,0.0,1325.85,1.0,1.0,1001.2788389200003,1000.0,1001.2788389200003,1000.0,0.0,0.0
230,1673359260000.0,0.0,0.0,0.0,1242.31,0.0,0.0,1328.65,1.0,1.0,1001.2788389200003,1000.0,1001.2788389200003,1000.0,0.0,0.0
231,1673362860000.0,0.0,0.0,0.0,1242.31,0.0,0.0,1330.7,1.0,1.0,1001.2788389200003,1000.0,1001.2788389200003,1000.0,0.0,0.0
232,1673366460000.0,0.0,0.0,0.0,1242.31,0.0,0.0,1332.6,1.0,1.0,1001.2788389200003,1000.0,1001.2788389200003,1000.0,0.0,0.0
233,1673370060000.0,0.0,0.0,0.0,1242.31,0.0,0.0,1328.2,1.0,1.0,1001.2788389200003,1000.0,1001.2788389200003,1000.0,0.0,0.0
234,1673373660000.0,0.0,0.0,0.0,1242.31,0.0,0.0,1331.75,1.0,1.0,1001.2788389200003,1000.0,1001.2788389200003,1000.0,0.0,0.0
235,1673377260000.0,0.0,0.0,0.0,1242.31,0.0,0.0,1338.15,1.0,1.0,1001.2788389200003,1000.0,1001.2788389200003,1000.0,0.0,0.0
236,1673380860000.0,0.0,0.0,0.0,1242.31,0.0,0.0,1338.25,1.0,1.0,1001.2788389200003,1000.0,1001.2788389200003,1000.0,0.0,0.0
237,1673384460000.0,0.0,0.0,0.0,1242.31,0.0,0.0,1340.1,1.0,1.0,1001.2788389200003,1000.0,1001.2788389200003,1000.0,0.0,0.0
238,1673388060000.0,0.0,0.0,0.0,1242.31,0.0,0.0,1336.75,1.0,1.0,1001.2788389200003,1000.0,1001.2788389200003,1000.0,0.0,0.0
239,1673391660000.0,0.0,0.0,0.0,1242.31,0.0,0.0,1333.4,1.0,1.0,1001.2788389200003,1000.0,1001.2788389200003,1000.0,0.0,0.0
240,1673395260000.0,0.0,0.0,0.0,1242.31,0.0,0.0,1334.35,1.0,1.0,1001.2788389200003,1000.0,1001.2788389200003,1000.0,0.0,0.0
241,1673398860000.0,0.0,0.0,0.0,1242.31,0.0,0.0,1337.3,1.0,1.0,1001.2788389200003,1000.0,1001.2788389200003,1000.0,0.0,0.0
242,1673402460000.0,0.0,0.0,0.0,1242.31,0.0,0.0,1337.15,1.0,1.0,1001.2788389200003,1000.0,1001.2788389200003,1000.0,0.0,0.0
243,1673406060000.0,0.0,0.0,0.0,1242.31,0.0,0.0,1330.85,1.0,1.0,1001.2788389200003,1000.0,1001.2788389200003,1000.0,0.0,0.0
244,1673409660000.0,0.0,0.0,0.0,1242.31,0.0,0.0,1330.0,1.0,1.0,1001.2788389200003,1000.0,1001.2788389200003,1000.0,0.0,0.0
245,1673413260000.0,0.0,0.0,0.0,1242.31,0.0,0.0,1329.35,1.0,1.0,1001.2788389200003,1000.0,1001.2788389200003,1000.0,0.0,0.0
246,1673416860000.0,0.0,0.0,0.0,1242.31,0.0,0.0,1327.55,1.0,1.0,1001.2788389200003,1000.0,1001.2788389200003,1000.0,0.0,0.0
247,1673420460000.0,0.0,0.0,0.0,1242.31,0.0,0.0,1332.2,1.0,1.0,1001.2788389200003,1000.0,1001.2788389200003,1000.0,0.0,0.0
248,1673424060000.0,0.0,0.0,0.0,1242.31,0.0,0.0,1334.65,1.0,1.0,1001.2788389200003,1000.0,1001.2788389200003,1000.0,0.0,0.0
249,1673427660000.0,0.0,0.0,0.0,1242.31,0.0,0.0,1333.85,1.0,1.0,1001.2788389200003,1000.0,1001.2788389200003,1000.0,0.0,0.0
250,1673431260000.0,0.0,0.0,0.0,1242.31,0.0,0.0,1334.15,1.0,1.0,1001.2788389200003,1000.0,1001.2788389200003,1000.0,0.0,0.0
251,1673434860000.0,0.0,0.0,0.0,1242.31,0.0,0.0,1334.1,1.0,1.0,1001.2788389200003,1000.0,1001.2788389200003,1000.0,0.0,0.0
252,1673438460000.0,0.0,0.0,0.0,1242.31,0.0,0.0,1333.9,1.0,1.0,1001.2788389200003,1000.0,1001.2788389200003,1000.0,0.0,0.0
253,1673442060000.0,0.0,0.0,0.0,1242.31,0.0,0.0,1331.9,1.0,1.0,1001.2788389200003,1000.0,1001.2788389200003,1000.0,0.0,0.0
254,1673445660000.0,0.0,0.0,0.0,1242.31,0.0,0.0,1331.9,1.0,1.0,1001.2788389200003,1000.0,1001.2788389200003,1000.0,0.0,0.0
255,1673449260000.0,0.0,0.0,0.0,1242.31,0.0,0.0,1331.0,1.0,1.0,1001.2788389200003,1000.0,1001.2788389200003,1000.0,0.0,0.0
256,1673452860000.0,0.0,0.0,0.04,1324.64,0.0,0.0,1321.55,1.0,1.0,1001.2682418000003,1000.0,1001.1446418000003,1000.0,0.05291848656334761,0.0
257,1673456460000.0,0.0,0.0,0.04,1324.64,0.0,0.0,1325.15,1.0,1.0,1001.2682418000003,1000.0,1001.2886418000003,1000.0,0.05291848656334761,0.0
258,1673460060000.0,0.0,0.0,0.04,1324.64,0.0,0.0,1327.95,1.0,1.0,1001.2682418000003,1000.0,1001.4006418000002,1000.0,0.05291848656334761,0.0
259,1673463660000.0,0.0,0.0,0.02,1324.64,0.0,0.0,1335.85,1.0,1.0,1001.4561046000002,1000.0,1001.6803046000002,1000.0,0.026454279801491357,0.0
260,1673467260000.0,0.0,0.0,0.02,1324.64,0.0,0.0,1343.3,1.0,1.0,1001.4561046000002,1000.0,1001.8293046000002,1000.0,0.026454279801491357,0.0
261,1673470860000.0,0.0,0.0,0.02,1324.64,0.0,0.0,1342.2,1.0,1.0,1001.4561046000002,1000.0,1001.8073046000002,1000.0,0.026454279801491357,0.0
262,1673474460000.0,0.0,0.0,0.02,1324.64,0.0,0.0,1343.4,1.0,1.0,1001.4561046000002,1000.0,1001.8313046000002,1000.0,0.026454279801491357,0.0
263,1673478060000.0,0.0,0.0,0.0,1324.64,0.0,0.0,1349.95,1.0,1.0,1001.9301101600003,1000.0,1001.9301101600003,1000.0,0.0,0.0
264,1673481660000.0,0.0,0.0,0.0,1324.64,0.0,0.0,1386.1,1.0,1.0,1001.9301101600003,1000.0,1001.9301101600003,1000.0,0.0,0.0
265,1673485260000.0,0.0,0.0,0.0,1324.64,0.0,0.0,1411.9,1.0,1.0,1001.9301101600003,1000.0,1001.9301101600003,1000.0,0.0,0.0
266,1673488860000.0,0.0,0.0,0.0,1324.64,0.0,0.0,1401.6,1.0,1.0,1001.9301101600003,1000.0,1001.9301101600003,1000.0,0.0,0.0
267,1673492460000.0,0.0,0.0,0.0,1324.64,0.0,0.0,1399.65,1.0,1.0,1001.9301101600003,1000.0,1001.9301101600003,1000.0,0.0,0.0
268,1673496060000.0,0.0,0.0,0.0,1324.64,0.0,0.0,1399.7,1.0,1.0,1001.9301101600003,1000.0,1001.9301101600003,1000.0,0.0,0.0
269,1673499660000.0,0.0,0.0,0.0,1324.64,0.0,0.0,1403.45,1.0,1.0,1001.9301101600003,1000.0,1001.9301101600003,1000.0,0.0,0.0
270,1673503260000.0,0.0,0.0,0.0,1324.64,0.0,0.0,1395.75,1.0,1.0,1001.9301101600003,1000.0,1001.9301101600003,1000.0,0.0,0.0
271,1673506860000.0,0.0,0.0,0.0,1324.64,0.0,0.0,1398.0,1.0,1.0,1001.9301101600003,1000.0,1001.9301101600003,1000.0,0.0,0.0
272,1673510460000.0,0.0,0.0,0.0,1324.64,0.0,0.0,1396.3,1.0,1.0,1001.9301101600003,1000.0,1001.9301101600003,1000.0,0.0,0.0
273,1673514060000.0,0.0,0.0,0.0,1324.64,0.0,0.0,1399.65,1.0,1.0,1001.9301101600003,1000.0,1001.9301101600003,1000.0,0.0,0.0
274,1673517660000.0,0.0,0.0,0.0,1324.64,0.0,0.0,1398.3,1.0,1.0,1001.9301101600003,1000.0,1001.9301101600003,1000.0,0.0,0.0
275,1673521260000.0,0.0,0.0,0.0,1324.64,0.0,0.0,1398.75,1.0,1.0,1001.9301101600003,1000.0,1001.9301101600003,1000.0,0.0,0.0
276,1673524860000.0,0.0,0.0,0.0,1324.64,0.0,0.0,1397.05,1.0,1.0,1001.9301101600003,1000.0,1001.9301101600003,1000.0,0.0,0.0
277,1673528460000.0,0.0,0.0,0.0,1324.64,0.0,0.0,1398.25,1.0,1.0,1001.9301101600003,1000.0,1001.9301101600003,1000.0,0.0,0.0
278,1673532060000.0,0.0,0.0,0.0,1372.51,0.0,0.0,1405.05,1.0,1.0,1002.3080700000005,1000.0,1002.3080700000005,1000.0,0.0,0.0
279,1673535660000.0,0.0,0.0,0.04,1373.87,0.0,0.0,1382.3,1.0,1.0,1002.2970790400005,1000.0,1002.6342790400006,1000.0,0.05482885378917363,0.0
280,1673539260000.0,0.0,0.0,0.0,1373.87,0.0,0.0,1383.9,1.0,1.0,1002.6864080000006,1000.0,1002.6864080000006,1000.0,0.0,0.0
281,1673542860000.0,0.0,0.0,0.0,1373.87,0.0,0.0,1385.55,1.0,1.0,1002.6864080000006,1000.0,1002.6864080000006,1000.0,0.0,0.0
282,1673546460000.0,0.0,0.0,0.0,1373.87,0.0,0.0,1423.75,1.0,1.0,1002.6864080000006,1000.0,1002.6864080000006,1000.0,0.0,0.0
283,1673550060000.0,0.0,0.0,0.0,1373.87,0.0,0.0,1421.95,1.0,1.0,1002.6864080000006,1000.0,1002.6864080000006,1000.0,0.0,0.0
284,1673553660000.0,0.0,0.0,0.0,1373.87,0.0,0.0,1423.8,1.0,1.0,1002.6864080000006,1000.0,1002.6864080000006,1000.0,0.0,0.0
285,1673557260000.0,0.0,0.0,0.0,1373.87,0.0,0.0,1430.7,1.0,1.0,1002.6864080000006,1000.0,1002.6864080000006,1000.0,0.0,0.0
286,1673560860000.0,0.0,0.0,0.0,1373.87,0.0,0.0,1425.05,1.0,1.0,1002.6864080000006,1000.0,1002.6864080000006,1000.0,0.0,0.0
287,1673564460000.0,0.0,0.0,0.0,1373.87,0.0,0.0,1419.75,1.0,1.0,1002.6864080000006,1000.0,1002.6864080000006,1000.0,0.0,0.0
288,1673568060000.0,0.0,0.0,0.0,1373.87,0.0,0.0,1415.3,1.0,1.0,1002.6864080000006,1000.0,1002.6864080000006,1000.0,0.0,0.0
289,1673571660000.0,0.0,0.0,0.0,1373.87,0.0,0.0,1404.95,1.0,1.0,1002.6864080000006,1000.0,1002.6864080000006,1000.0,0.0,0.0
290,1673575260000.0,0.0,0.0,0.0,1373.87,0.0,0.0,1406.6,1.0,1.0,1002.6864080000006,1000.0,1002.6864080000006,1000.0,0.0,0.0
291,1673578860000.0,0.0,0.0,0.0,1373.87,0.0,0.0,1407.9,1.0,1.0,1002.6864080000006,1000.0,1002.6864080000006,1000.0,0.0,0.0
292,1673582460000.0,0.0,0.0,0.0,1373.87,0.0,0.0,1414.2,1.0,1.0,1002.6864080000006,1000.0,1002.6864080000006,1000.0,0.0,0.0
293,1673586060000.0,0.0,0.0,0.0,1373.87,0.0,0.0,1410.05,1.0,1.0,1002.6864080000006,1000.0,1002.6864080000006,1000.0,0.0,0.0
294,1673589660000.0,0.0,0.0,0.0,1373.87,0.0,0.0,1406.45,1.0,1.0,1002.6864080000006,1000.0,1002.6864080000006,1000.0,0.0,0.0
295,1673593260000.0,0.0,0.0,0.0,1373.87,0.0,0.0,1409.9,1.0,1.0,1002.6864080000006,1000.0,1002.6864080000006,1000.0,0.0,0.0
296,1673596860000.0,0.0,0.0,0.0,1373.87,0.0,0.0,1407.0,1.0,1.0,1002.6864080000006,1000.0,1002.6864080000006,1000.0,0.0,0.0
297,1673600460000.0,0.0,0.0,0.0,1373.87,0.0,0.0,1408.3,1.0,1.0,1002.6864080000006,1000.0,1002.6864080000006,1000.0,0.0,0.0
298,1673604060000.0,0.0,0.0,0.0,1373.87,0.0,0.0,1409.6,1.0,1.0,1002.6864080000006,1000.0,1002.6864080000006,1000.0,0.0,0.0
299,1673607660000.0,0.0,0.0,0.0,1373.87,0.0,0.0,1413.6,1.0,1.0,1002.6864080000006,1000.0,1002.6864080000006,1000.0,0.0,0.0
300,1673611260000.0,0.0,0.0,0.0,1373.87,0.0,0.0,1407.3,1.0,1.0,1002.6864080000006,1000.0,1002.6864080000006,1000.0,0.0,0.0
301,1673614860000.0,0.0,0.0,0.0,1373.87,0.0,0.0,1405.75,1.0,1.0,1002.6864080000006,1000.0,1002.6864080000006,1000.0,0.0,0.0
302,1673618460000.0,0.0,0.0,0.0,1373.87,0.0,0.0,1402.95,1.0,1.0,1002.6864080000006,1000.0,1002.6864080000006,1000.0,0.0,0.0
303,1673622060000.0,0.0,0.0,0.0,1373.87,0.0,0.0,1408.7,1.0,1.0,1002.6864080000006,1000.0,1002.6864080000006,1000.0,0.0,0.0
304,1673625660000.0,0.0,0.0,0.0,1373.87,0.0,0.0,1419.0,1.0,1.0,1002.6864080000006,1000.0,1002.6864080000006,1000.0,0.0,0.0
305,1673629260000.0,0.0,0.0,0.0,1373.87,0.0,0.0,1409.6,1.0,1.0,1002.6864080000006,1000.0,1002.6864080000006,1000.0,0.0,0.0
306,1673632860000.0,0.0,0.0,0.0,1373.87,0.0,0.0,1418.2,1.0,1.0,1002.6864080000006,1000.0,1002.6864080000006,1000.0,0.0,0.0
307,1673636460000.0,0.0,0.0,0.0,1373.87,0.0,0.0,1415.4,1.0,1.0,1002.6864080000006,1000.0,1002.6864080000006,1000.0,0.0,0.0
308,1673640060000.0,0.0,0.0,0.0,1373.87,0.0,0.0,1418.7,1.0,1.0,1002.6864080000006,1000.0,1002.6864080000006,1000.0,0.0,0.0
309,1673643660000.0,0.0,0.0,0.0,1373.87,0.0,0.0,1426.5,1.0,1.0,1002.6864080000006,1000.0,1002.6864080000006,1000.0,0.0,0.0
310,1673647260000.0,0.0,0.0,0.0,1373.87,0.0,0.0,1457.65,1.0,1.0,1002.6864080000006,1000.0,1002.6864080000006,1000.0,0.0,0.0
311,1673650860000.0,0.0,0.0,0.0,1373.87,0.0,0.0,1454.15,1.0,1.0,1002.6864080000006,1000.0,1002.6864080000006,1000.0,0.0,0.0
312,1673654460000.0,0.0,0.0,0.0,1373.87,0.0,0.0,1448.6,1.0,1.0,1002.6864080000006,1000.0,1002.6864080000006,1000.0,0.0,0.0
313,1673658060000.0,0.0,0.0,0.0,1373.87,0.0,0.0,1544.65,1.0,1.0,1002.6864080000006,1000.0,1002.6864080000006,1000.0,0.0,0.0
314,1673661660000.0,0.0,0.0,0.0,1373.87,0.0,0.0,1555.8,1.0,1.0,1002.6864080000006,1000.0,1002.6864080000006,1000.0,0.0,0.0
315,1673665260000.0,0.0,0.0,0.0,1373.87,0.0,0.0,1558.6,1.0,1.0,1002.6864080000006,1000.0,1002.6864080000006,1000.0,0.0,0.0
316,1673668860000.0,0.0,0.0,0.0,1373.87,0.0,0.0,1557.45,1.0,1.0,1002.6864080000006,1000.0,1002.6864080000006,1000.0,0.0,0.0
317,1673672460000.0,0.0,0.0,0.0,1373.87,0.0,0.0,1553.65,1.0,1.0,1002.6864080000006,1000.0,1002.6864080000006,1000.0,0.0,0.0
318,1673676060000.0,0.0,0.0,0.0,1373.87,0.0,0.0,1547.55,1.0,1.0,1002.6864080000006,1000.0,1002.6864080000006,1000.0,0.0,0.0
319,1673679660000.0,0.0,0.0,0.0,1373.87,0.0,0.0,1558.0,1.0,1.0,1002.6864080000006,1000.0,1002.6864080000006,1000.0,0.0,0.0
320,1673683260000.0,0.0,0.0,0.0,1373.87,0.0,0.0,1554.1,1.0,1.0,1002.6864080000006,1000.0,1002.6864080000006,1000.0,0.0,0.0
321,1673686860000.0,0.0,0.0,0.0,1373.87,0.0,0.0,1561.7,1.0,1.0,1002.6864080000006,1000.0,1002.6864080000006,1000.0,0.0,0.0
322,1673690460000.0,0.0,0.0,0.0,1373.87,0.0,0.0,1520.95,1.0,1.0,1002.6864080000006,1000.0,1002.6864080000006,1000.0,0.0,0.0
323,1673694060000.0,0.0,0.0,0.0,1373.87,0.0,0.0,1522.85,1.0,1.0,1002.6864080000006,1000.0,1002.6864080000006,1000.0,0.0,0.0
324,1673697660000.0,0.0,0.0,0.0,1373.87,0.0,0.0,1529.6,1.0,1.0,1002.6864080000006,1000.0,1002.6864080000006,1000.0,0.0,0.0
325,1673701260000.0,0.0,0.0,0.0,1373.87,0.0,0.0,1539.05,1.0,1.0,1002.6864080000006,1000.0,1002.6864080000006,1000.0,0.0,0.0
326,1673704860000.0,0.0,0.0,0.0,1373.87,0.0,0.0,1533.4,1.0,1.0,1002.6864080000006,1000.0,1002.6864080000006,1000.0,0.0,0.0
327,1673708460000.0,0.0,0.0,0.0,1373.87,0.0,0.0,1524.25,1.0,1.0,1002.6864080000006,1000.0,1002.6864080000006,1000.0,0.0,0.0
328,1673712060000.0,0.0,0.0,0.0,1373.87,0.0,0.0,1527.0,1.0,1.0,1002.6864080000006,1000.0,1002.6864080000006,1000.0,0.0,0.0
329,1673715660000.0,0.0,0.0,0.0,1373.87,0.0,0.0,1529.2,1.0,1.0,1002.6864080000006,1000.0,1002.6864080000006,1000.0,0.0,0.0
330,1673719260000.0,0.0,0.0,0.0,1373.87,0.0,0.0,1532.1,1.0,1.0,1002.6864080000006,1000.0,1002.6864080000006,1000.0,0.0,0.0
331,1673722860000.0,0.0,0.0,0.0,1373.87,0.0,0.0,1533.35,1.0,1.0,1002.6864080000006,1000.0,1002.6864080000006,1000.0,0.0,0.0
332,1673726460000.0,0.0,0.0,0.0,1373.87,0.0,0.0,1528.3,1.0,1.0,1002.6864080000006,1000.0,1002.6864080000006,1000.0,0.0,0.0
333,1673730060000.0,0.0,0.0,0.0,1373.87,0.0,0.0,1535.85,1.0,1.0,1002.6864080000006,1000.0,1002.6864080000006,1000.0,0.0,0.0
334,1673733660000.0,0.0,0.0,0.0,1373.87,0.0,0.0,1539.1,1.0,1.0,1002.6864080000006,1000.0,1002.6864080000006,1000.0,0.0,0.0
335,1673737260000.0,0.0,0.0,0.0,1373.87,0.0,0.0,1551.75,1.0,1.0,1002.6864080000006,1000.0,1002.6864080000006,1000.0,0.0,0.0
336,1673740860000.0,0.0,0.0,0.0,1373.87,0.0,0.0,1550.85,1.0,1.0,1002.6864080000006,1000.0,1002.6864080000006,1000.0,0.0,0.0
337,1673744460000.0,0.0,0.0,0.0,1516.11,0.0,0.0,1528.95,1.0,1.0,1002.9996483800005,1000.0,1002.9996483800005,1000.0,0.0,0.0
338,1673748060000.0,0.0,0.0,0.0,1516.11,0.0,0.0,1529.75,1.0,1.0,1002.9996483800005,1000.0,1002.9996483800005,1000.0,0.0,0.0
339,1673751660000.0,0.0,0.0,0.0,1516.11,0.0,0.0,1523.65,1.0,1.0,1002.9996483800005,1000.0,1002.9996483800005,1000.0,0.0,0.0
340,1673755260000.0,0.0,0.0,0.0,1516.11,0.0,0.0,1526.4,1.0,1.0,1002.9996483800005,1000.0,1002.9996483800005,1000.0,0.0,0.0
341,1673758860000.0,0.0,0.0,0.0,1516.11,0.0,0.0,1526.9,1.0,1.0,1002.9996483800005,1000.0,1002.9996483800005,1000.0,0.0,0.0
342,1673762460000.0,0.0,0.0,0.0,1516.11,0.0,0.0,1528.55,1.0,1.0,1002.9996483800005,1000.0,1002.9996483800005,1000.0,0.0,0.0
343,1673766060000.0,0.0,0.0,0.0,1516.11,0.0,0.0,1524.0,1.0,1.0,1002.9996483800005,1000.0,1002.9996483800005,1000.0,0.0,0.0
344,1673769660000.0,0.0,0.0,0.0,1516.11,0.0,0.0,1530.0,1.0,1.0,1002.9996483800005,1000.0,1002.9996483800005,1000.0,0.0,0.0
345,1673773260000.0,0.0,0.0,0.0,1516.11,0.0,0.0,1523.15,1.0,1.0,1002.9996483800005,1000.0,1002.9996483800005,1000.0,0.0,0.0
346,1673776860000.0,0.0,0.0,0.0,1516.11,0.0,0.0,1531.2,1.0,1.0,1002.9996483800005,1000.0,1002.9996483800005,1000.0,0.0,0.0
347,1673780460000.0,0.0,0.0,0.0,1516.11,0.0,0.0,1532.6,1.0,1.0,1002.9996483800005,1000.0,1002.9996483800005,1000.0,0.0,0.0
348,1673784060000.0,0.0,0.0,0.0,1516.11,0.0,0.0,1534.95,1.0,1.0,1002.9996483800005,1000.0,1002.9996483800005,1000.0,0.0,0.0
349,1673787660000.0,0.0,0.0,0.0,1516.11,0.0,0.0,1533.2,1.0,1.0,1002.9996483800005,1000.0,1002.9996483800005,1000.0,0.0,0.0
350,1673791260000.0,0.0,0.0,0.0,1516.11,0.0,0.0,1531.8,1.0,1.0,1002.9996483800005,1000.0,1002.9996483800005,1000.0,0.0,0.0
351,1673794860000.0,0.0,0.0,0.0,1516.11,0.0,0.0,1540.5,1.0,1.0,1002.9996483800005,1000.0,1002.9996483800005,1000.0,0.0,0.0
352,1673798460000.0,0.0,0.0,0.0,1516.11,0.0,0.0,1555.85,1.0,1.0,1002.9996483800005,1000.0,1002.9996483800005,1000.0,0.0,0.0
353,1673802060000.0,0.0,0.0,0.0,1516.11,0.0,0.0,1547.55,1.0,1.0,1002.9996483800005,1000.0,1002.9996483800005,1000.0,0.0,0.0
354,1673805660000.0,0.0,0.0,0.0,1516.11,0.0,0.0,1550.7,1.0,1.0,1002.9996483800005,1000.0,1002.9996483800005,1000.0,0.0,0.0
355,1673809260000.0,0.0,0.0,0.0,1516.11,0.0,0.0,1548.1,1.0,1.0,1002.9996483800005,1000.0,1002.9996483800005,1000.0,0.0,0.0
356,1673812860000.0,0.0,0.0,0.0,1516.11,0.0,0.0,1550.5,1.0,1.0,1002.9996483800005,1000.0,1002.9996483800005,1000.0,0.0,0.0
357,1673816460000.0,0.0,0.0,0.0,1516.11,0.0,0.0,1553.0,1.0,1.0,1002.9996483800005,1000.0,1002.9996483800005,1000.0,0.0,0.0
358,1673820060000.0,0.0,0.0,0.0,1516.11,0.0,0.0,1551.15,1.0,1.0,1002.9996483800005,1000.0,1002.9996483800005,1000.0,0.0,0.0
359,1673823660000.0,0.0,0.0,0.0,1516.11,0.0,0.0,1558.35,1.0,1.0,1002.9996483800005,1000.0,1002.9996483800005,1000.0,0.0,0.0
360,1673827260000.0,0.0,0.0,0.0,1516.11,0.0,0.0,1552.1,1.0,1.0,1002.9996483800005,1000.0,1002.9996483800005,1000.0,0.0,0.0
361,1673830860000.0,0.0,0.0,0.0,1516.11,0.0,0.0,1555.65,1.0,1.0,1002.9996483800005,1000.0,1002.9996483800005,1000.0,0.0,0.0
362,1673834460000.0,0.0,0.0,0.0,1516.11,0.0,0.0,1567.9,1.0,1.0,1002.9996483800005,1000.0,1002.9996483800005,1000.0,0.0,0.0
363,1673838060000.0,0.0,0.0,0.0,1516.11,0.0,0.0,1574.55,1.0,1.0,1002.9996483800005,1000.0,1002.9996483800005,1000.0,0.0,0.0
364,1673841660000.0,0.0,0.0,0.0,1516.11,0.0,0.0,1570.05,1.0,1.0,1002.9996483800005,1000.0,1002.9996483800005,1000.0,0.0,0.0
365,1673845260000.0,0.0,0.0,0.0,1516.11,0.0,0.0,1571.9,1.0,1.0,1002.9996483800005,1000.0,1002.9996483800005,1000.0,0.0,0.0
366,1673848860000.0,0.0,0.0,0.0,1516.11,0.0,0.0,1577.1,1.0,1.0,1002.9996483800005,1000.0,1002.9996483800005,1000.0,0.0,0.0
367,1673852460000.0,0.0,0.0,0.0,1516.11,0.0,0.0,1570.05,1.0,1.0,1002.9996483800005,1000.0,1002.9996483800005,1000.0,0.0,0.0
368,1673856060000.0,0.0,0.0,0.0,1516.11,0.0,0.0,1565.25,1.0,1.0,1002.9996483800005,1000.0,1002.9996483800005,1000.0,0.0,0.0
369,1673859660000.0,0.0,0.0,0.03,1546.31,0.0,0.0,1539.4,1.0,1.0,1002.9903705200005,1000.0,1002.7830705200005,1000.0,0.04625099239581877,0.0
370,1673863260000.0,0.0,0.0,0.03,1546.31,0.0,0.0,1544.65,1.0,1.0,1002.9903705200005,1000.0,1002.9405705200005,1000.0,0.04625099239581877,0.0
371,1673866860000.0,0.0,0.0,0.03,1546.31,0.0,0.0,1546.75,1.0,1.0,1002.9903705200005,1000.0,1003.0035705200005,1000.0,0.04625099239581877,0.0
372,1673870460000.0,0.0,0.0,0.03,1546.31,0.0,0.0,1542.45,1.0,1.0,1002.9903705200005,1000.0,1002.8745705200005,1000.0,0.04625099239581877,0.0
373,1673874060000.0,0.0,0.0,0.03,1546.31,0.0,0.0,1540.8,1.0,1.0,1002.9903705200005,1000.0,1002.8250705200005,1000.0,0.04625099239581877,0.0
374,1673877660000.0,0.0,0.0,0.03,1546.31,0.0,0.0,1544.5,1.0,1.0,1002.9903705200005,1000.0,1002.9360705200005,1000.0,0.04625099239581877,0.0
375,1673881260000.0,0.0,0.0,0.03,1546.31,0.0,0.0,1541.35,1.0,1.0,1002.9903705200005,1000.0,1002.8415705200005,1000.0,0.04625099239581877,0.0
376,1673884860000.0,0.0,0.0,0.03,1546.31,0.0,0.0,1548.35,1.0,1.0,1002.9903705200005,1000.0,1003.0515705200005,1000.0,0.04625099239581877,0.0
377,1673888460000.0,0.0,0.0,0.01,1546.31,0.0,0.0,1550.45,1.0,1.0,1003.2095402000006,1000.0,1003.2509402000005,1000.0,0.015413629337014942,0.0
378,1673892060000.0,0.0,0.0,0.0,1546.31,0.0,0.0,1561.0,1.0,1.0,1003.3191250400006,1000.0,1003.3191250400006,1000.0,0.0,0.0
379,1673895660000.0,0.0,0.0,0.0,1546.31,0.0,0.0,1575.3,1.0,1.0,1003.3191250400006,1000.0,1003.3191250400006,1000.0,0.0,0.0
380,1673899260000.0,0.0,0.0,0.0,1546.31,0.0,0.0,1591.0,1.0,1.0,1003.3191250400006,1000.0,1003.3191250400006,1000.0,0.0,0.0
381,1673902860000.0,0.0,0.0,0.0,1546.31,0.0,0.0,1584.25,1.0,1.0,1003.3191250400006,1000.0,1003.3191250400006,1000.0,0.0,0.0
382,1673906460000.0,0.0,0.0,0.0,1546.31,0.0,0.0,1581.2,1.0,1.0,1003.3191250400006,1000.0,1003.3191250400006,1000.0,0.0,0.0
383,1673910060000.0,0.0,0.0,0.0,1546.31,0.0,0.0,1578.65,1.0,1.0,1003.3191250400006,1000.0,1003.3191250400006,1000.0,0.0,0.0
384,1673913660000.0,0.0,0.0,0.0,1546.31,0.0,0.0,1567.6,1.0,1.0,1003.3191250400006,1000.0,1003.3191250400006,1000.0,0.0,0.0
385,1673917260000.0,0.0,0.0,0.0,1546.31,0.0,0.0,1565.85,1.0,1.0,1003.3191250400006,1000.0,1003.3191250400006,1000.0,0.0,0.0
386,1673920860000.0,0.0,0.0,0.03,1554.64,0.0,0.0,1556.2,1.0,1.0,1003.3097972000006,1000.0,1003.3565972000006,1000.0,0.046485342942089204,0.0
387,1673924460000.0,0.0,0.0,0.03,1554.64,0.0,0.0,1561.65,1.0,1.0,1003.3097972000006,1000.0,1003.5200972000006,1000.0,0.046485342942089204,0.0
388,1673928060000.0,0.0,0.0,0.03,1554.64,0.0,0.0,1563.2,1.0,1.0,1003.3097972000006,1000.0,1003.5665972000006,1000.0,0.046485342942089204,0.0
389,1673931660000.0,0.0,0.0,0.0,1554.64,0.0,0.0,1568.1,1.0,1.0,1003.6403013800006,1000.0,1003.6403013800006,1000.0,0.0,0.0
390,1673935260000.0,0.0,0.0,0.0,1554.64,0.0,0.0,1569.55,1.0,1.0,1003.6403013800006,1000.0,1003.6403013800006,1000.0,0.0,0.0
391,1673938860000.0,0.0,0.0,0.0,1554.64,0.0,0.0,1558.2,1.0,1.0,1003.6403013800006,1000.0,1003.6403013800006,1000.0,0.0,0.0
392,1673942460000.0,0.0,0.0,0.0,1554.64,0.0,0.0,1562.45,1.0,1.0,1003.6403013800006,1000.0,1003.6403013800006,1000.0,0.0,0.0
393,1673946060000.0,0.0,0.0,0.0,1554.64,0.0,0.0,1567.34,1.0,1.0,1003.6403013800006,1000.0,1003.6403013800006,1000.0,0.0,0.0
394,1673949660000.0,0.0,0.0,0.0,1554.64,0.0,0.0,1563.99,1.0,1.0,1003.6403013800006,1000.0,1003.6403013800006,1000.0,0.0,0.0
395,1673953260000.0,0.0,0.0,0.0,1554.64,0.0,0.0,1560.17,1.0,1.0,1003.6403013800006,1000.0,1003.6403013800006,1000.0,0.0,0.0
396,1673956860000.0,0.0,0.0,0.0,1554.64,0.0,0.0,1567.75,1.0,1.0,1003.6403013800006,1000.0,1003.6403013800006,1000.0,0.0,0.0
397,1673960460000.0,0.0,0.0,0.0,1554.64,0.0,0.0,1569.31,1.0,1.0,1003.6403013800006,1000.0,1003.6403013800006,1000.0,0.0,0.0
398,1673964060000.0,0.0,0.0,0.0,1554.64,0.0,0.0,1569.66,1.0,1.0,1003.6403013800006,1000.0,1003.6403013800006,1000.0,0.0,0.0
399,1673967660000.0,0.0,0.0,0.0,1554.64,0.0,0.0,1582.69,1.0,1.0,1003.6403013800006,1000.0,1003.6403013800006,1000.0,0.0,0.0
400,1673971260000.0,0.0,0.0,0.0,1554.64,0.0,0.0,1568.31,1.0,1.0,1003.6403013800006,1000.0,1003.6403013800006,1000.0,0.0,0.0
401,1673974860000.0,0.0,0.0,0.0,1554.64,0.0,0.0,1574.15,1.0,1.0,1003.6403013800006,1000.0,1003.6403013800006,1000.0,0.0,0.0
402,1673978460000.0,0.0,0.0,0.0,1554.64,0.0,0.0,1577.49,1.0,1.0,1003.6403013800006,1000.0,1003.6403013800006,1000.0,0.0,0.0
403,1673982060000.0,0.0,0.0,0.0,1554.64,0.0,0.0,1590.94,1.0,1.0,1003.6403013800006,1000.0,1003.6403013800006,1000.0,0.0,0.0
404,1673985660000.0,0.0,0.0,0.0,1554.64,0.0,0.0,1588.79,1.0,1.0,1003.6403013800006,1000.0,1003.6403013800006,1000.0,0.0,0.0
405,1673989260000.0,0.0,0.0,0.0,1554.64,0.0,0.0,1584.14,1.0,1.0,1003.6403013800006,1000.0,1003.6403013800006,1000.0,0.0,0.0
406,1673992860000.0,0.0,0.0,0.0,1554.64,0.0,0.0,1578.15,1.0,1.0,1003.6403013800006,1000.0,1003.6403013800006,1000.0,0.0,0.0
407,1673996460000.0,0.0,0.0,0.0,1554.64,0.0,0.0,1572.25,1.0,1.0,1003.6403013800006,1000.0,1003.6403013800006,1000.0,0.0,0.0
408,1674000060000.0,0.0,0.0,0.03,1564.16,0.0,0.0,1565.72,1.0,1.0,1003.6309164200005,1000.0,1003.6777164200005,1000.0,0.04675503637072381,0.0
409,1674003660000.0,0.0,0.0,0.03,1564.16,0.0,0.0,1572.53,1.0,1.0,1003.6309164200005,1000.0,1003.8820164200005,1000.0,0.04675503637072381,0.0
410,1674007260000.0,0.0,0.0,0.0,1564.16,0.0,0.0,1578.5,1.0,1.0,1003.9634630600007,1000.0,1003.9634630600007,1000.0,0.0,0.0
411,1674010860000.0,0.0,0.0,0.0,1564.16,0.0,0.0,1582.52,1.0,1.0,1003.9634630600007,1000.0,1003.9634630600007,1000.0,0.0,0.0
412,1674014460000.0,0.0,0.0,0.0,1564.16,0.0,0.0,1581.44,1.0,1.0,1003.9634630600007,1000.0,1003.9634630600007,1000.0,0.0,0.0
413,1674018060000.0,0.0,0.0,0.0,1564.16,0.0,0.0,1584.58,1.0,1.0,1003.9634630600007,1000.0,1003.9634630600007,1000.0,0.0,0.0
414,1674021660000.0,0.0,0.0,0.0,1564.16,0.0,0.0,1586.2,1.0,1.0,1003.9634630600007,1000.0,1003.9634630600007,1000.0,0.0,0.0
415,1674025260000.0,0.0,0.0,0.0,1564.16,0.0,0.0,1581.26,1.0,1.0,1003.9634630600007,1000.0,1003.9634630600007,1000.0,0.0,0.0
416,1674028860000.0,0.0,0.0,0.0,1564.16,0.0,0.0,1582.0,1.0,1.0,1003.9634630600007,1000.0,1003.9634630600007,1000.0,0.0,0.0
417,1674032460000.0,0.0,0.0,0.0,1564.16,0.0,0.0,1575.64,1.0,1.0,1003.9634630600007,1000.0,1003.9634630600007,1000.0,0.0,0.0
418,1674036060000.0,0.0,0.0,0.0,1564.16,0.0,0.0,1575.73,1.0,1.0,1003.9634630600007,1000.0,1003.9634630600007,1000.0,0.0,0.0
419,1674039660000.0,0.0,0.0,0.0,1564.16,0.0,0.0,1572.7,1.0,1.0,1003.9634630600007,1000.0,1003.9634630600007,1000.0,0.0,0.0
420,1674043260000.0,0.0,0.0,0.0,1564.16,0.0,0.0,1575.81,1.0,1.0,1003.9634630600007,1000.0,1003.9634630600007,1000.0,0.0,0.0
421,1674046860000.0,0.0,0.0,0.0,1564.16,0.0,0.0,1579.03,1.0,1.0,1003.9634630600007,1000.0,1003.9634630600007,1000.0,0.0,0.0
422,1674050460000.0,0.0,0.0,0.0,1564.16,0.0,0.0,1592.95,1.0,1.0,1003.9634630600007,1000.0,1003.9634630600007,1000.0,0.0,0.0
423,1674054060000.0,0.0,0.0,0.0,1564.16,0.0,0.0,1595.27,1.0,1.0,1003.9634630600007,1000.0,1003.9634630600007,1000.0,0.0,0.0
424,1674057660000.0,0.0,0.0,0.08,1549.4975,0.0,0.0,1547.88,1.0,1.0,1003.9386711000006,1000.0,1003.8092711000006,1000.0,0.12347347857830708,0.0
425,1674061260000.0,0.0,0.0,0.16,1526.6409090909092,0.0,0.0,1541.21,1.0,1.0,1004.5455830745459,1000.0,1006.8766376200005,1000.0,0.24315725395650772,0.0
426,1674064860000.0,0.0,0.0,0.08,1526.6409090909092,0.0,0.0,1539.6,1.0,1.0,1006.731042027273,1000.0,1007.7677693000003,1000.0,0.12131469839385774,0.0
427,1674068460000.0,0.0,0.0,0.06,1526.6409090909092,0.0,0.0,1539.71,1.0,1.0,1007.1124397654548,1000.0,1007.8965852200002,1000.0,0.09095156700356793,0.0
428,1674072060000.0,0.0,0.0,0.06,1526.6409090909092,0.0,0.0,1538.4,1.0,1.0,1007.1124397654548,1000.0,1007.8179852200003,1000.0,0.09095156700356793,0.0
429,1674075660000.0,0.0,0.0,0.04,1526.6409090909092,0.0,0.0,1524.55,1.0,1.0,1007.3288705036366,1000.0,1007.2452341400002,1000.0,0.06062135033725902,0.0
430,1674079260000.0,0.0,0.0,0.04,1526.6409090909092,0.0,0.0,1528.5,1.0,1.0,1007.3288705036366,1000.0,1007.4032341400002,1000.0,0.06062135033725902,0.0
431,1674082860000.0,0.0,0.0,0.04,1526.6409090909092,0.0,0.0,1531.36,1.0,1.0,1007.3288705036366,1000.0,1007.5176341400003,1000.0,0.06062135033725902,0.0
432,1674086460000.0,0.0,0.0,0.04,1526.6409090909092,0.0,0.0,1513.3,1.0,1.0,1007.3288705036366,1000.0,1006.7952341400003,1000.0,0.06062135033725902,0.0
433,1674090060000.0,0.0,0.0,0.04,1526.6409090909092,0.0,0.0,1515.45,1.0,1.0,1007.3288705036366,1000.0,1006.8812341400003,1000.0,0.06062135033725902,0.0
434,1674093660000.0,0.0,0.0,0.04,1526.6409090909092,0.0,0.0,1516.66,1.0,1.0,1007.3288705036366,1000.0,1006.9296341400002,1000.0,0.06062135033725902,0.0
435,1674097260000.0,0.0,0.0,0.04,1526.6409090909092,0.0,0.0,1524.98,1.0,1.0,1007.3288705036366,1000.0,1007.2624341400002,1000.0,0.06062135033725902,0.0
436,1674100860000.0,0.0,0.0,0.04,1526.6409090909092,0.0,0.0,1524.68,1.0,1.0,1007.3288705036366,1000.0,1007.2504341400003,1000.0,0.06062135033725902,0.0
437,1674104460000.0,0.0,0.0,0.04,1526.6409090909092,0.0,0.0,1527.48,1.0,1.0,1007.3288705036366,1000.0,1007.3624341400002,1000.0,0.06062135033725902,0.0
438,1674108060000.0,0.0,0.0,0.04,1526.6409090909092,0.0,0.0,1527.3,1.0,1.0,1007.3288705036366,1000.0,1007.3552341400002,1000.0,0.06062135033725902,0.0
439,1674111660000.0,0.0,0.0,0.04,1526.6409090909092,0.0,0.0,1529.61,1.0,1.0,1007.3288705036366,1000.0,1007.4476341400002,1000.0,0.06062135033725902,0.0
440,1674115260000.0,0.0,0.0,0.04,1526.6409090909092,0.0,0.0,1528.51,1.0,1.0,1007.3288705036366,1000.0,1007.4036341400002,1000.0,0.06062135033725902,0.0
441,1674118860000.0,0.0,0.0,0.04,1526.6409090909092,0.0,0.0,1526.65,1.0,1.0,1007.3288705036366,1000.0,1007.3292341400003,1000.0,0.06062135033725902,0.0
442,1674122460000.0,0.0,0.0,0.04,1526.6409090909092,0.0,0.0,1526.82,1.0,1.0,1007.3288705036366,1000.0,1007.3360341400003,1000.0,0.06062135033725902,0.0
443,1674126060000.0,0.0,0.0,0.04,1526.6409090909092,0.0,0.0,1524.2,1.0,1.0,1007.3288705036366,1000.0,1007.2312341400002,1000.0,0.06062135033725902,0.0
444,1674129660000.0,0.0,0.0,0.04,1526.6409090909092,0.0,0.0,1518.95,1.0,1.0,1007.3288705036366,1000.0,1007.0212341400003,1000.0,0.06062135033725902,0.0
445,1674133260000.0,0.0,0.0,0.04,1526.6409090909092,0.0,0.0,1520.0,1.0,1.0,1007.3288705036366,1000.0,1007.0632341400002,1000.0,0.06062135033725902,0.0
446,1674136860000.0,0.0,0.0,0.04,1526.6409090909092,0.0,0.0,1525.6,1.0,1.0,1007.3288705036366,1000.0,1007.2872341400002,1000.0,0.06062135033725902,0.0
447,1674140460000.0,0.0,0.0,0.01,1526.6409090909092,0.0,0.0,1533.31,1.0,1.0,1007.6535166109093,1000.0,1007.7202075200001,1000.0,0.015150454833180515,0.0
448,1674144060000.0,0.0,0.0,0.0,1526.6409090909092,0.0,0.0,1534.4,1.0,1.0,1007.7617319800001,1000.0,1007.7617319800001,1000.0,0.0,0.0
449,1674147660000.0,0.0,0.0,0.0,1526.6409090909092,0.0,0.0,1536.31,1.0,1.0,1007.7617319800001,1000.0,1007.7617319800001,1000.0,0.0,0.0
450,1674151260000.0,0.0,0.0,0.03,1522.16,0.0,0.0,1529.25,1.0,1.0,1007.7525990200002,1000.0,1007.9652990200002,1000.0,0.04531350258427239,0.0
451,1674154860000.0,0.0,0.0,0.0,1522.16,0.0,0.0,1536.85,1.0,1.0,1008.0760995200001,1000.0,1008.0760995200001,1000.0,0.0,0.0
452,1674158460000.0,0.0,0.0,0.0,1522.16,0.0,0.0,1553.95,1.0,1.0,1008.0760995200001,1000.0,1008.0760995200001,1000.0,0.0,0.0
453,1674162060000.0,0.0,0.0,0.0,1522.16,0.0,0.0,1557.74,1.0,1.0,1008.0760995200001,1000.0,1008.0760995200001,1000.0,0.0,0.0
454,1674165660000.0,0.0,0.0,0.0,1522.16,0.0,0.0,1546.5,1.0,1.0,1008.0760995200001,1000.0,1008.0760995200001,1000.0,0.0,0.0
455,1674169260000.0,0.0,0.0,0.0,1522.16,0.0,0.0,1550.0,1.0,1.0,1008.0760995200001,1000.0,1008.0760995200001,1000.0,0.0,0.0
456,1674172860000.0,0.0,0.0,0.0,1522.16,0.0,0.0,1549.0,1.0,1.0,1008.0760995200001,1000.0,1008.0760995200001,1000.0,0.0,0.0
457,1674176460000.0,0.0,0.0,0.0,1522.16,0.0,0.0,1545.8,1.0,1.0,1008.0760995200001,1000.0,1008.0760995200001,1000.0,0.0,0.0
458,1674180060000.0,0.0,0.0,0.0,1522.16,0.0,0.0,1558.59,1.0,1.0,1008.0760995200001,1000.0,1008.0760995200001,1000.0,0.0,0.0
459,1674183660000.0,0.0,0.0,0.0,1522.16,0.0,0.0,1553.59,1.0,1.0,1008.0760995200001,1000.0,1008.0760995200001,1000.0,0.0,0.0
460,1674187260000.0,0.0,0.0,0.0,1522.16,0.0,0.0,1553.68,1.0,1.0,1008.0760995200001,1000.0,1008.0760995200001,1000.0,0.0,0.0
461,1674190860000.0,0.0,0.0,0.0,1522.16,0.0,0.0,1545.18,1.0,1.0,1008.0760995200001,1000.0,1008.0760995200001,1000.0,0.0,0.0
462,1674194460000.0,0.0,0.0,0.0,1522.16,0.0,0.0,1545.11,1.0,1.0,1008.0760995200001,1000.0,1008.0760995200001,1000.0,0.0,0.0
463,1674198060000.0,0.0,0.0,0.0,1522.16,0.0,0.0,1544.02,1.0,1.0,1008.0760995200001,1000.0,1008.0760995200001,1000.0,0.0,0.0
464,1674201660000.0,0.0,0.0,0.0,1522.16,0.0,0.0,1548.26,1.0,1.0,1008.0760995200001,1000.0,1008.0760995200001,1000.0,0.0,0.0
465,1674205260000.0,0.0,0.0,0.0,1522.16,0.0,0.0,1550.48,1.0,1.0,1008.0760995200001,1000.0,1008.0760995200001,1000.0,0.0,0.0
466,1674208860000.0,0.0,0.0,0.0,1522.16,0.0,0.0,1551.61,1.0,1.0,1008.0760995200001,1000.0,1008.0760995200001,1000.0,0.0,0.0
467,1674212460000.0,0.0,0.0,0.0,1522.16,0.0,0.0,1551.97,1.0,1.0,1008.0760995200001,1000.0,1008.0760995200001,1000.0,0.0,0.0
468,1674216060000.0,0.0,0.0,0.0,1522.16,0.0,0.0,1548.24,1.0,1.0,1008.0760995200001,1000.0,1008.0760995200001,1000.0,0.0,0.0
469,1674219660000.0,0.0,0.0,0.0,1522.16,0.0,0.0,1556.45,1.0,1.0,1008.0760995200001,1000.0,1008.0760995200001,1000.0,0.0,0.0
470,1674223260000.0,0.0,0.0,0.0,1522.16,0.0,0.0,1553.51,1.0,1.0,1008.0760995200001,1000.0,1008.0760995200001,1000.0,0.0,0.0
471,1674226860000.0,0.0,0.0,0.0,1522.16,0.0,0.0,1559.45,1.0,1.0,1008.0760995200001,1000.0,1008.0760995200001,1000.0,0.0,0.0
472,1674230460000.0,0.0,0.0,0.0,1522.16,0.0,0.0,1563.18,1.0,1.0,1008.0760995200001,1000.0,1008.0760995200001,1000.0,0.0,0.0
473,1674234060000.0,0.0,0.0,0.0,1522.16,0.0,0.0,1586.84,1.0,1.0,1008.0760995200001,1000.0,1008.0760995200001,1000.0,0.0,0.0
474,1674237660000.0,0.0,0.0,0.0,1522.16,0.0,0.0,1595.15,1.0,1.0,1008.0760995200001,1000.0,1008.0760995200001,1000.0,0.0,0.0
475,1674241260000.0,0.0,0.0,0.0,1522.16,0.0,0.0,1589.31,1.0,1.0,1008.0760995200001,1000.0,1008.0760995200001,1000.0,0.0,0.0
476,1674244860000.0,0.0,0.0,0.0,1522.16,0.0,0.0,1605.82,1.0,1.0,1008.0760995200001,1000.0,1008.0760995200001,1000.0,0.0,0.0
477,1674248460000.0,0.0,0.0,0.0,1522.16,0.0,0.0,1640.29,1.0,1.0,1008.0760995200001,1000.0,1008.0760995200001,1000.0,0.0,0.0
478,1674252060000.0,0.0,0.0,0.0,1522.16,0.0,0.0,1636.01,1.0,1.0,1008.0760995200001,1000.0,1008.0760995200001,1000.0,0.0,0.0
479,1674255660000.0,0.0,0.0,0.0,1522.16,0.0,0.0,1651.87,1.0,1.0,1008.0760995200001,1000.0,1008.0760995200001,1000.0,0.0,0.0
480,1674259260000.0,0.0,0.0,0.0,1522.16,0.0,0.0,1657.24,1.0,1.0,1008.0760995200001,1000.0,1008.0760995200001,1000.0,0.0,0.0
481,1674262860000.0,0.0,0.0,0.0,1522.16,0.0,0.0,1657.57,1.0,1.0,1008.0760995200001,1000.0,1008.0760995200001,1000.0,0.0,0.0
482,1674266460000.0,0.0,0.0,0.0,1522.16,0.0,0.0,1653.88,1.0,1.0,1008.0760995200001,1000.0,1008.0760995200001,1000.0,0.0,0.0
483,1674270060000.0,0.0,0.0,0.0,1522.16,0.0,0.0,1647.71,1.0,1.0,1008.0760995200001,1000.0,1008.0760995200001,1000.0,0.0,0.0
484,1674273660000.0,0.0,0.0,0.0,1522.16,0.0,0.0,1649.53,1.0,1.0,1008.0760995200001,1000.0,1008.0760995200001,1000.0,0.0,0.0
485,1674277260000.0,0.0,0.0,0.0,1522.16,0.0,0.0,1650.2,1.0,1.0,1008.0760995200001,1000.0,1008.0760995200001,1000.0,0.0,0.0
486,1674280860000.0,0.0,0.0,0.0,1522.16,0.0,0.0,1645.47,1.0,1.0,1008.0760995200001,1000.0,1008.0760995200001,1000.0,0.0,0.0
487,1674284460000.0,0.0,0.0,0.0,1522.16,0.0,0.0,1652.38,1.0,1.0,1008.0760995200001,1000.0,1008.0760995200001,1000.0,0.0,0.0
488,1674288060000.0,0.0,0.0,0.0,1522.16,0.0,0.0,1651.24,1.0,1.0,1008.0760995200001,1000.0,1008.0760995200001,1000.0,0.0,0.0
489,1674291660000.0,0.0,0.0,0.0,1522.16,0.0,0.0,1646.73,1.0,1.0,1008.0760995200001,1000.0,1008.0760995200001,1000.0,0.0,0.0
490,1674295260000.0,0.0,0.0,0.0,1522.16,0.0,0.0,1663.34,1.0,1.0,1008.0760995200001,1000.0,1008.0760995200001,1000.0,0.0,0.0
491,1674298860000.0,0.0,0.0,0.02,1617.56,0.0,0.0,1642.0,1.0,1.0,1008.1810354600001,1000.0,1008.6698354600001,1000.0,0.03208868135992977,0.0
492,1674302460000.0,0.0,0.0,0.0,1617.56,0.0,0.0,1645.49,1.0,1.0,1008.7598481399999,1000.0,1008.7598481399999,1000.0,0.0,0.0
493,1674306060000.0,0.0,0.0,0.0,1617.56,0.0,0.0,1656.89,1.0,1.0,1008.7598481399999,1000.0,1008.7598481399999,1000.0,0.0,0.0
494,1674309660000.0,0.0,0.0,0.0,1617.56,0.0,0.0,1651.56,1.0,1.0,1008.7598481399999,1000.0,1008.7598481399999,1000.0,0.0,0.0
495,1674313260000.0,0.0,0.0,0.0,1617.56,0.0,0.0,1651.59,1.0,1.0,1008.7598481399999,1000.0,1008.7598481399999,1000.0,0.0,0.0
496,1674316860000.0,0.0,0.0,0.0,1617.56,0.0,0.0,1647.3,1.0,1.0,1008.7598481399999,1000.0,1008.7598481399999,1000.0,0.0,0.0
497,1674320460000.0,0.0,0.0,0.0,1617.56,0.0,0.0,1653.1,1.0,1.0,1008.7598481399999,1000.0,1008.7598481399999,1000.0,0.0,0.0
498,1674324060000.0,0.0,0.0,0.0,1617.56,0.0,0.0,1656.28,1.0,1.0,1008.7598481399999,1000.0,1008.7598481399999,1000.0,0.0,0.0
499,1674327660000.0,0.0,0.0,0.0,1617.56,0.0,0.0,1663.09,1.0,1.0,1008.7598481399999,1000.0,1008.7598481399999,1000.0,0.0,0.0
500,1674331260000.0,0.0,0.0,0.0,1617.56,0.0,0.0,1664.2,1.0,1.0,1008.7598481399999,1000.0,1008.7598481399999,1000.0,0.0,0.0
501,1674334860000.0,0.0,0.0,0.0,1617.56,0.0,0.0,1653.49,1.0,1.0,1008.7598481399999,1000.0,1008.7598481399999,1000.0,0.0,0.0
502,1674338460000.0,0.0,0.0,0.0,1617.56,0.0,0.0,1662.23,1.0,1.0,1008.7598481399999,1000.0,1008.7598481399999,1000.0,0.0,0.0
503,1674342060000.0,0.0,0.0,0.03,1636.85,0.0,0.0,1643.3,1.0,1.0,1008.75002704,1000.0,1008.9435270399999,1000.0,0.0486795525984683,0.0
504,1674345660000.0,0.0,0.0,0.03,1636.85,0.0,0.0,1625.07,1.0,1.0,1008.75002704,1000.0,1008.39662704,1000.0,0.0486795525984683,0.0
505,1674349260000.0,0.0,0.0,0.03,1636.85,0.0,0.0,1628.04,1.0,1.0,1008.75002704,1000.0,1008.4857270399999,1000.0,0.0486795525984683,0.0
506,1674352860000.0,0.0,0.0,0.03,1636.85,0.0,0.0,1626.03,1.0,1.0,1008.75002704,1000.0,1008.4254270399999,1000.0,0.0486795525984683,0.0
507,1674356460000.0,0.0,0.0,0.03,1636.85,0.0,0.0,1618.53,1.0,1.0,1008.75002704,1000.0,1008.20042704,1000.0,0.0486795525984683,0.0
508,1674360060000.0,0.0,0.0,0.03,1636.85,0.0,0.0,1622.04,1.0,1.0,1008.75002704,1000.0,1008.30572704,1000.0,0.0486795525984683,0.0
509,1674363660000.0,0.0,0.0,0.03,1636.85,0.0,0.0,1626.77,1.0,1.0,1008.75002704,1000.0,1008.4476270399999,1000.0,0.0486795525984683,0.0
510,1674367260000.0,0.0,0.0,0.03,1636.85,0.0,0.0,1628.12,1.0,1.0,1008.75002704,1000.0,1008.48812704,1000.0,0.0486795525984683,0.0
511,1674370860000.0,0.0,0.0,0.03,1636.85,0.0,0.0,1628.46,1.0,1.0,1008.75002704,1000.0,1008.4983270399999,1000.0,0.0486795525984683,0.0
512,1674374460000.0,0.0,0.0,0.03,1636.85,0.0,0.0,1627.25,1.0,1.0,1008.75002704,1000.0,1008.46202704,1000.0,0.0486795525984683,0.0
513,1674378060000.0,0.0,0.0,0.03,1636.85,0.0,0.0,1631.18,1.0,1.0,1008.75002704,1000.0,1008.5799270399999,1000.0,0.0486795525984683,0.0
514,1674381660000.0,0.0,0.0,0.03,1636.85,0.0,0.0,1625.49,1.0,1.0,1008.75002704,1000.0,1008.40922704,1000.0,0.0486795525984683,0.0
515,1674385260000.0,0.0,0.0,0.03,1636.85,0.0,0.0,1626.32,1.0,1.0,1008.75002704,1000.0,1008.43412704,1000.0,0.0486795525984683,0.0
516,1674388860000.0,0.0,0.0,0.03,1636.85,0.0,0.0,1624.61,1.0,1.0,1008.75002704,1000.0,1008.3828270399999,1000.0,0.0486795525984683,0.0
517,1674392460000.0,0.0,0.0,0.03,1636.85,0.0,0.0,1632.51,1.0,1.0,1008.75002704,1000.0,1008.61982704,1000.0,0.0486795525984683,0.0
518,1674396060000.0,0.0,0.0,0.03,1636.85,0.0,0.0,1633.41,1.0,1.0,1008.75002704,1000.0,1008.64682704,1000.0,0.0486795525984683,0.0
519,1674399660000.0,0.0,0.0,0.03,1636.85,0.0,0.0,1645.11,1.0,1.0,1008.75002704,1000.0,1008.99782704,1000.0,0.0486795525984683,0.0
520,1674403260000.0,0.0,0.0,0.0,1627.9900000000002,0.0,0.0,1637.49,1.0,1.0,1009.3217985199998,1000.0,1009.3217985199998,1000.0,0.0,0.0
521,1674406860000.0,0.0,0.0,0.0,1627.9900000000002,0.0,0.0,1638.13,1.0,1.0,1009.3217985199998,1000.0,1009.3217985199998,1000.0,0.0,0.0
522,1674410460000.0,0.0,0.0,0.0,1627.9900000000002,0.0,0.0,1658.45,1.0,1.0,1009.3217985199998,1000.0,1009.3217985199998,1000.0,0.0,0.0
523,1674414060000.0,0.0,0.0,0.0,1627.9900000000002,0.0,0.0,1647.62,1.0,1.0,1009.3217985199998,1000.0,1009.3217985199998,1000.0,0.0,0.0
524,1674417660000.0,0.0,0.0,0.0,1627.9900000000002,0.0,0.0,1635.25,1.0,1.0,1009.3217985199998,1000.0,1009.3217985199998,1000.0,0.0,0.0
525,1674421260000.0,0.0,0.0,0.03,1628.15,0.0,0.0,1613.69,1.0,1.0,1009.3120296199997,1000.0,1008.8782296199997,1000.0,0.04839385498891723,0.0
526,1674424860000.0,0.0,0.0,0.03,1628.15,0.0,0.0,1629.61,1.0,1.0,1009.3120296199997,1000.0,1009.3558296199998,1000.0,0.04839385498891723,0.0
527,1674428460000.0,0.0,0.0,0.03,1628.15,0.0,0.0,1627.24,1.0,1.0,1009.3120296199997,1000.0,1009.2847296199998,1000.0,0.04839385498891723,0.0
528,1674432060000.0,0.0,0.0,0.03,1628.15,0.0,0.0,1626.93,1.0,1.0,1009.3120296199997,1000.0,1009.2754296199997,1000.0,0.04839385498891723,0.0
529,1674435660000.0,0.0,0.0,0.02,1628.15,0.0,0.0,1637.8,1.0,1.0,1009.4274495799997,1000.0,1009.6204495799997,1000.0,0.03225888102562373,0.0
530,1674439260000.0,0.0,0.0,0.0,1628.15,0.0,0.0,1637.06,1.0,1.0,1009.6582894999996,1000.0,1009.6582894999996,1000.0,0.0,0.0
531,1674442860000.0,0.0,0.0,0.0,1628.15,0.0,0.0,1643.39,1.0,1.0,1009.6582894999996,1000.0,1009.6582894999996,1000.0,0.0,0.0
532,1674446460000.0,0.0,0.0,0.0,1628.15,0.0,0.0,1631.49,1.0,1.0,1009.6582894999996,1000.0,1009.6582894999996,1000.0,0.0,0.0
533,1674450060000.0,0.0,0.0,0.0,1628.15,0.0,0.0,1636.55,1.0,1.0,1009.6582894999996,1000.0,1009.6582894999996,1000.0,0.0,0.0
534,1674453660000.0,0.0,0.0,0.0,1628.15,0.0,0.0,1633.48,1.0,1.0,1009.6582894999996,1000.0,1009.6582894999996,1000.0,0.0,0.0
535,1674457260000.0,0.0,0.0,0.0,1628.15,0.0,0.0,1638.38,1.0,1.0,1009.6582894999996,1000.0,1009.6582894999996,1000.0,0.0,0.0
536,1674460860000.0,0.0,0.0,0.0,1628.15,0.0,0.0,1633.79,1.0,1.0,1009.6582894999996,1000.0,1009.6582894999996,1000.0,0.0,0.0
537,1674464460000.0,0.0,0.0,0.0,1628.15,0.0,0.0,1632.32,1.0,1.0,1009.6582894999996,1000.0,1009.6582894999996,1000.0,0.0,0.0
538,1674468060000.0,0.0,0.0,0.0,1628.15,0.0,0.0,1635.91,1.0,1.0,1009.6582894999996,1000.0,1009.6582894999996,1000.0,0.0,0.0
539,1674471660000.0,0.0,0.0,0.0,1628.15,0.0,0.0,1637.64,1.0,1.0,1009.6582894999996,1000.0,1009.6582894999996,1000.0,0.0,0.0
540,1674475260000.0,0.0,0.0,0.0,1628.15,0.0,0.0,1638.01,1.0,1.0,1009.6582894999996,1000.0,1009.6582894999996,1000.0,0.0,0.0
541,1674478860000.0,0.0,0.0,0.0,1628.15,0.0,0.0,1637.1,1.0,1.0,1009.6582894999996,1000.0,1009.6582894999996,1000.0,0.0,0.0
542,1674482460000.0,0.0,0.0,0.03,1625.77,0.0,0.0,1624.91,1.0,1.0,1009.6485348799996,1000.0,1009.6227348799996,1000.0,0.04830700814694577,0.0
543,1674486060000.0,0.0,0.0,0.08,1603.275,0.0,0.0,1610.34,1.0,1.0,1009.7446103199997,1000.0,1010.3098103199997,1000.0,0.12702419868262757,0.0
544,1674489660000.0,0.0,0.0,0.04,1603.275,0.0,0.0,1621.92,1.0,1.0,1010.1990906399998,1000.0,1010.9448906399998,1000.0,0.06348352576656009,0.0
545,1674493260000.0,0.0,0.0,0.03,1611.543333333334,0.0,0.0,1619.76,1.0,1.0,1010.5338208,1000.0,1010.7803207999999,1000.0,0.047842337391267274,0.0
546,1674496860000.0,0.0,0.0,0.02,1611.543333333334,0.0,0.0,1629.02,1.0,1.0,1010.6480408866666,1000.0,1010.9975742199999,1000.0,0.03189128693940745,0.0
547,1674500460000.0,0.0,0.0,0.0,1611.543333333334,0.0,0.0,1624.69,1.0,1.0,1011.2248113799999,1000.0,1011.2248113799999,1000.0,0.0,0.0
548,1674504060000.0,0.0,0.0,0.03,1620.98,0.0,0.0,1620.39,1.0,1.0,1011.2150854999999,1000.0,1011.1973854999999,1000.0,0.04809006580034847,0.0
549,1674507660000.0,0.0,0.0,0.01,1620.98,0.0,0.0,1634.6,1.0,1.0,1011.44475434,1000.0,1011.5809543400001,1000.0,0.016026381995107003,0.0
550,1674511260000.0,0.0,0.0,0.0,1620.98,0.0,0.0,1632.14,1.0,1.0,1011.5595887600001,1000.0,1011.5595887600001,1000.0,0.0,0.0
551,1674514860000.0,0.0,0.0,0.0,1620.98,0.0,0.0,1628.8,1.0,1.0,1011.5595887600001,1000.0,1011.5595887600001,1000.0,0.0,0.0
552,1674518460000.0,0.0,0.0,0.0,1620.98,0.0,0.0,1626.28,1.0,1.0,1011.5595887600001,1000.0,1011.5595887600001,1000.0,0.0,0.0
553,1674522060000.0,0.0,0.0,0.0,1620.98,0.0,0.0,1633.5,1.0,1.0,1011.5595887600001,1000.0,1011.5595887600001,1000.0,0.0,0.0
554,1674525660000.0,0.0,0.0,0.0,1620.98,0.0,0.0,1639.75,1.0,1.0,1011.5595887600001,1000.0,1011.5595887600001,1000.0,0.0,0.0
555,1674529260000.0,0.0,0.0,0.0,1620.98,0.0,0.0,1636.65,1.0,1.0,1011.5595887600001,1000.0,1011.5595887600001,1000.0,0.0,0.0
556,1674532860000.0,0.0,0.0,0.0,1620.98,0.0,0.0,1640.22,1.0,1.0,1011.5595887600001,1000.0,1011.5595887600001,1000.0,0.0,0.0
557,1674536460000.0,0.0,0.0,0.0,1620.98,0.0,0.0,1637.0,1.0,1.0,1011.5595887600001,1000.0,1011.5595887600001,1000.0,0.0,0.0
558,1674540060000.0,0.0,0.0,0.0,1620.98,0.0,0.0,1638.79,1.0,1.0,1011.5595887600001,1000.0,1011.5595887600001,1000.0,0.0,0.0
559,1674543660000.0,0.0,0.0,0.0,1620.98,0.0,0.0,1637.45,1.0,1.0,1011.5595887600001,1000.0,1011.5595887600001,1000.0,0.0,0.0
560,1674547260000.0,0.0,0.0,0.0,1620.98,0.0,0.0,1636.5,1.0,1.0,1011.5595887600001,1000.0,1011.5595887600001,1000.0,0.0,0.0
561,1674550860000.0,0.0,0.0,0.0,1620.98,0.0,0.0,1634.37,1.0,1.0,1011.5595887600001,1000.0,1011.5595887600001,1000.0,0.0,0.0
562,1674554460000.0,0.0,0.0,0.03,1624.35,0.0,0.0,1619.35,1.0,1.0,1011.5498426600001,1000.0,1011.3998426600001,1000.0,0.04817409676211,0.0
563,1674558060000.0,0.0,0.0,0.03,1624.35,0.0,0.0,1623.94,1.0,1.0,1011.5498426600001,1000.0,1011.5375426600001,1000.0,0.04817409676211,0.0
564,1674561660000.0,0.0,0.0,0.03,1624.35,0.0,0.0,1626.08,1.0,1.0,1011.5498426600001,1000.0,1011.6017426600001,1000.0,0.04817409676211,0.0
565,1674565260000.0,0.0,0.0,0.03,1624.35,0.0,0.0,1627.1,1.0,1.0,1011.5498426600001,1000.0,1011.6323426600001,1000.0,0.04817409676211,0.0
566,1674568860000.0,0.0,0.0,0.03,1624.35,0.0,0.0,1613.25,1.0,1.0,1011.5498426600001,1000.0,1011.2168426600001,1000.0,0.04817409676211,0.0
567,1674572460000.0,0.0,0.0,0.03,1624.35,0.0,0.0,1611.82,1.0,1.0,1011.5498426600001,1000.0,1011.1739426600001,1000.0,0.04817409676211,0.0
568,1674576060000.0,0.0,0.0,0.03,1624.35,0.0,0.0,1621.03,1.0,1.0,1011.5498426600001,1000.0,1011.4502426600001,1000.0,0.04817409676211,0.0
569,1674579660000.0,0.0,0.0,0.03,1624.35,0.0,0.0,1611.74,1.0,1.0,1011.5498426600001,1000.0,1011.1715426600001,1000.0,0.04817409676211,0.0
570,1674583260000.0,0.0,0.0,0.03,1624.35,0.0,0.0,1618.37,1.0,1.0,1011.5498426600001,1000.0,1011.3704426600001,1000.0,0.04817409676211,0.0
571,1674586860000.0,0.0,0.0,0.03,1624.35,0.0,0.0,1618.4,1.0,1.0,1011.5498426600001,1000.0,1011.3713426600001,1000.0,0.04817409676211,0.0
572,1674590460000.0,0.0,0.0,0.03,1624.35,0.0,0.0,1623.7,1.0,1.0,1011.5498426600001,1000.0,1011.5303426600001,1000.0,0.04817409676211,0.0
573,1674594060000.0,0.0,0.0,0.03,1624.35,0.0,0.0,1620.07,1.0,1.0,1011.5498426600001,1000.0,1011.4214426600001,1000.0,0.04817409676211,0.0
574,1674597660000.0,0.0,0.0,0.08,1602.2875,0.0,0.0,1593.82,1.0,1.0,1011.5339521600001,1000.0,1010.8565521600001,1000.0,0.12672140141839208,0.0
575,1674601260000.0,0.0,0.0,0.33,1549.9721538461536,0.0,0.0,1561.9,1.0,1.0,1014.8734818692311,1000.0,1018.8096711000005,1000.0,0.5039946553999501,0.0
576,1674604860000.0,0.0,0.0,0.15,1549.9721538461536,0.0,0.0,1556.85,1.0,1.0,1016.8508884569235,1000.0,1017.8825653800004,1000.0,0.22864298562962032,0.0
577,1674608460000.0,0.0,0.0,0.15,1549.9721538461536,0.0,0.0,1549.57,1.0,1.0,1016.8508884569235,1000.0,1016.7905653800004,1000.0,0.22864298562962032,0.0
578,1674612060000.0,0.0,0.0,0.15,1549.9721538461536,0.0,0.0,1535.58,1.0,1.0,1016.8508884569235,1000.0,1014.6920653800005,1000.0,0.22864298562962032,0.0
579,1674615660000.0,0.0,0.0,0.15,1549.9721538461536,0.0,0.0,1540.83,1.0,1.0,1016.8508884569235,1000.0,1015.4795653800004,1000.0,0.22864298562962032,0.0
580,1674619260000.0,0.0,0.0,0.15,1549.9721538461536,0.0,0.0,1546.27,1.0,1.0,1016.8508884569235,1000.0,1016.2955653800004,1000.0,0.22864298562962032,0.0
581,1674622860000.0,0.0,0.0,0.15,1549.9721538461536,0.0,0.0,1545.26,1.0,1.0,1016.8508884569235,1000.0,1016.1440653800005,1000.0,0.22864298562962032,0.0
582,1674626460000.0,0.0,0.0,0.15,1549.9721538461536,0.0,0.0,1549.16,1.0,1.0,1016.8508884569235,1000.0,1016.7290653800005,1000.0,0.22864298562962032,0.0
583,1674630060000.0,0.0,0.0,0.15,1549.9721538461536,0.0,0.0,1555.01,1.0,1.0,1016.8508884569235,1000.0,1017.6065653800005,1000.0,0.22864298562962032,0.0
584,1674633660000.0,0.0,0.0,0.15,1549.9721538461536,0.0,0.0,1555.22,1.0,1.0,1016.8508884569235,1000.0,1017.6380653800004,1000.0,0.22864298562962032,0.0
585,1674637260000.0,0.0,0.0,0.15,1549.9721538461536,0.0,0.0,1550.75,1.0,1.0,1016.8508884569235,1000.0,1016.9675653800005,1000.0,0.22864298562962032,0.0
586,1674640860000.0,0.0,0.0,0.15,1549.9721538461536,0.0,0.0,1545.75,1.0,1.0,1016.8508884569235,1000.0,1016.2175653800005,1000.0,0.22864298562962032,0.0
587,1674644460000.0,0.0,0.0,0.15,1549.9721538461536,0.0,0.0,1547.15,1.0,1.0,1016.8508884569235,1000.0,1016.4275653800005,1000.0,0.22864298562962032,0.0
588,1674648060000.0,0.0,0.0,0.15,1549.9721538461536,0.0,0.0,1546.06,1.0,1.0,1016.8508884569235,1000.0,1016.2640653800005,1000.0,0.22864298562962032,0.0
589,1674651660000.0,0.0,0.0,0.09,1549.9721538461536,0.0,0.0,1562.6,1.0,1.0,1017.5100239861542,1000.0,1018.6465301400004,1000.0,0.13709692342849294,0.0
590,1674655260000.0,0.0,0.0,0.04,1549.9721538461536,0.0,0.0,1554.76,1.0,1.0,1018.0593035938462,1000.0,1018.25081744,1000.0,0.06089909098122691,0.0
591,1674658860000.0,0.0,0.0,0.04,1549.9721538461536,0.0,0.0,1534.9,1.0,1.0,1018.0593035938462,1000.0,1017.45641744,1000.0,0.06089909098122691,0.0
592,1674662460000.0,0.0,0.0,0.04,1549.9721538461536,0.0,0.0,1543.69,1.0,1.0,1018.0593035938462,1000.0,1017.80801744,1000.0,0.06089909098122691,0.0
593,1674666060000.0,0.0,0.0,0.04,1549.9721538461536,0.0,0.0,1549.65,1.0,1.0,1018.0593035938462,1000.0,1018.04641744,1000.0,0.06089909098122691,0.0
594,1674669660000.0,0.0,0.0,0.04,1549.9721538461536,0.0,0.0,1548.44,1.0,1.0,1018.0593035938462,1000.0,1017.99801744,1000.0,0.06089909098122691,0.0
595,1674673260000.0,0.0,0.0,0.04,1549.9721538461536,0.0,0.0,1553.96,1.0,1.0,1018.0593035938462,1000.0,1018.2188174400001,1000.0,0.06089909098122691,0.0
596,1674676860000.0,0.0,0.0,0.0,1549.9721538461536,0.0,0.0,1565.21,1.0,1.0,1018.4987272799997,1000.0,1018.4987272799997,1000.0,0.0,0.0
597,1674680460000.0,0.0,0.0,0.0,1549.9721538461536,0.0,0.0,1580.18,1.0,1.0,1018.4987272799997,1000.0,1018.4987272799997,1000.0,0.0,0.0
598,1674684060000.0,0.0,0.0,0.0,1549.9721538461536,0.0,0.0,1628.82,1.0,1.0,1018.4987272799997,1000.0,1018.4987272799997,1000.0,0.0,0.0
599,1674687660000.0,0.0,0.0,0.0,1549.9721538461536,0.0,0.0,1586.61,1.0,1.0,1018.4987272799997,1000.0,1018.4987272799997,1000.0,0.0,0.0
600,1674691260000.0,0.0,0.0,0.0,1549.9721538461536,0.0,0.0,1613.38,1.0,1.0,1018.4987272799997,1000.0,1018.4987272799997,1000.0,0.0,0.0
601,1674694860000.0,0.0,0.0,0.0,1549.9721538461536,0.0,0.0,1627.15,1.0,1.0,1018.4987272799997,1000.0,1018.4987272799997,1000.0,0.0,0.0
602,1674698460000.0,0.0,0.0,0.0,1549.9721538461536,0.0,0.0,1615.86,1.0,1.0,1018.4987272799997,1000.0,1018.4987272799997,1000.0,0.0,0.0
603,1674702060000.0,0.0,0.0,0.0,1549.9721538461536,0.0,0.0,1614.91,1.0,1.0,1018.4987272799997,1000.0,1018.4987272799997,1000.0,0.0,0.0
604,1674705660000.0,0.0,0.0,0.0,1549.9721538461536,0.0,0.0,1616.55,1.0,1.0,1018.4987272799997,1000.0,1018.4987272799997,1000.0,0.0,0.0
605,1674709260000.0,0.0,0.0,0.0,1549.9721538461536,0.0,0.0,1616.49,1.0,1.0,1018.4987272799997,1000.0,1018.4987272799997,1000.0,0.0,0.0
606,1674712860000.0,0.0,0.0,0.0,1549.9721538461536,0.0,0.0,1618.97,1.0,1.0,1018.4987272799997,1000.0,1018.4987272799997,1000.0,0.0,0.0
607,1674716460000.0,0.0,0.0,0.0,1549.9721538461536,0.0,0.0,1611.41,1.0,1.0,1018.4987272799997,1000.0,1018.4987272799997,1000.0,0.0,0.0
608,1674720060000.0,0.0,0.0,0.0,1549.9721538461536,0.0,0.0,1605.45,1.0,1.0,1018.4987272799997,1000.0,1018.4987272799997,1000.0,0.0,0.0
609,1674723660000.0,0.0,0.0,0.0,1549.9721538461536,0.0,0.0,1608.02,1.0,1.0,1018.4987272799997,1000.0,1018.4987272799997,1000.0,0.0,0.0
610,1674727260000.0,0.0,0.0,0.0,1549.9721538461536,0.0,0.0,1607.06,1.0,1.0,1018.4987272799997,1000.0,1018.4987272799997,1000.0,0.0,0.0
611,1674730860000.0,0.0,0.0,0.0,1549.9721538461536,0.0,0.0,1602.01,1.0,1.0,1018.4987272799997,1000.0,1018.4987272799997,1000.0,0.0,0.0
612,1674734460000.0,0.0,0.0,0.0,1549.9721538461536,0.0,0.0,1604.21,1.0,1.0,1018.4987272799997,1000.0,1018.4987272799997,1000.0,0.0,0.0
613,1674738060000.0,0.0,0.0,0.0,1549.9721538461536,0.0,0.0,1617.47,1.0,1.0,1018.4987272799997,1000.0,1018.4987272799997,1000.0,0.0,0.0
614,1674741660000.0,0.0,0.0,0.02,1589.82,0.0,0.0,1618.34,1.0,1.0,1018.7736511799997,1000.0,1019.3440511799996,1000.0,0.031210465605555914,0.0
615,1674745260000.0,0.0,0.0,0.0,1589.82,0.0,0.0,1603.41,1.0,1.0,1019.3425768199995,1000.0,1019.3425768199995,1000.0,0.0,0.0
616,1674748860000.0,0.0,0.0,0.03,1592.22,0.0,0.0,1592.17,1.0,1.0,1019.3330234999995,1000.0,1019.3315234999995,1000.0,0.04686064210495974,0.0
617,1674752460000.0,0.0,0.0,0.03,1592.22,0.0,0.0,1594.11,1.0,1.0,1019.3330234999995,1000.0,1019.3897234999995,1000.0,0.04686064210495974,0.0
618,1674756060000.0,0.0,0.0,0.03,1592.22,0.0,0.0,1593.68,1.0,1.0,1019.3330234999995,1000.0,1019.3768234999995,1000.0,0.04686064210495974,0.0
619,1674759660000.0,0.0,0.0,0.0,1592.22,0.0,0.0,1599.17,1.0,1.0,1019.6717005199993,1000.0,1019.6717005199993,1000.0,0.0,0.0
620,1674763260000.0,0.0,0.0,0.0,1592.22,0.0,0.0,1601.93,1.0,1.0,1019.6717005199993,1000.0,1019.6717005199993,1000.0,0.0,0.0
621,1674766860000.0,0.0,0.0,0.0,1592.22,0.0,0.0,1607.23,1.0,1.0,1019.6717005199993,1000.0,1019.6717005199993,1000.0,0.0,0.0
622,1674770460000.0,0.0,0.0,0.0,1592.22,0.0,0.0,1602.22,1.0,1.0,1019.6717005199993,1000.0,1019.6717005199993,1000.0,0.0,0.0
623,1674774060000.0,0.0,0.0,0.0,1592.22,0.0,0.0,1602.64,1.0,1.0,1019.6717005199993,1000.0,1019.6717005199993,1000.0,0.0,0.0
624,1674777660000.0,0.0,0.0,0.0,1592.22,0.0,0.0,1602.02,1.0,1.0,1019.6717005199993,1000.0,1019.6717005199993,1000.0,0.0,0.0
625,1674781260000.0,0.0,0.0,0.03,1591.93,0.0,0.0,1588.88,1.0,1.0,1019.6621489399993,1000.0,1019.5706489399993,1000.0,0.04683698423997325,0.0
626,1674784860000.0,0.0,0.0,0.08,1570.33625,0.0,0.0,1563.87,1.0,1.0,1019.6465751399993,1000.0,1019.1292751399993,1000.0,0.12320631781924164,0.0
627,1674788460000.0,0.0,0.0,0.08,1570.33625,0.0,0.0,1570.36,1.0,1.0,1019.6465751399993,1000.0,1019.6484751399993,1000.0,0.12320631781924164,0.0
628,1674792060000.0,0.0,0.0,0.08,1570.33625,0.0,0.0,1565.53,1.0,1.0,1019.6465751399993,1000.0,1019.2620751399993,1000.0,0.12320631781924164,0.0
629,1674795660000.0,0.0,0.0,0.08,1570.33625,0.0,0.0,1564.87,1.0,1.0,1019.6465751399993,1000.0,1019.2092751399992,1000.0,0.12320631781924164,0.0
630,1674799260000.0,0.0,0.0,0.05,1570.33625,0.0,0.0,1582.01,1.0,1.0,1019.9803969599994,1000.0,1020.5640844599994,1000.0,0.07697874658573385,0.0
631,1674802860000.0,0.0,0.0,0.0,1570.33625,0.0,0.0,1581.91,1.0,1.0,1020.5367666599997,1000.0,1020.5367666599997,1000.0,0.0,0.0
632,1674806460000.0,0.0,0.0,0.03,1577.91,0.0,0.0,1584.49,1.0,1.0,1020.5272991999997,1000.0,1020.7246991999997,1000.0,0.04638513838591885,0.0
633,1674810060000.0,0.0,0.0,0.03,1577.91,0.0,0.0,1578.76,1.0,1.0,1020.5272991999997,1000.0,1020.5527991999996,1000.0,0.04638513838591885,0.0
634,1674813660000.0,0.0,0.0,0.03,1577.91,0.0,0.0,1578.16,1.0,1.0,1020.5272991999997,1000.0,1020.5347991999997,1000.0,0.04638513838591885,0.0
635,1674817260000.0,0.0,0.0,0.03,1577.91,0.0,0.0,1576.82,1.0,1.0,1020.5272991999997,1000.0,1020.4945991999997,1000.0,0.04638513838591885,0.0
636,1674820860000.0,0.0,0.0,0.03,1577.91,0.0,0.0,1578.98,1.0,1.0,1020.5272991999997,1000.0,1020.5593991999997,1000.0,0.04638513838591885,0.0
637,1674824460000.0,0.0,0.0,0.03,1577.91,0.0,0.0,1575.5,1.0,1.0,1020.5272991999997,1000.0,1020.4549991999996,1000.0,0.04638513838591885,0.0
638,1674828060000.0,0.0,0.0,0.03,1577.91,0.0,0.0,1571.73,1.0,1.0,1020.5272991999997,1000.0,1020.3418991999997,1000.0,0.04638513838591885,0.0
639,1674831660000.0,0.0,0.0,0.02,1577.91,0.0,0.0,1582.14,1.0,1.0,1020.6391203799997,1000.0,1020.7237203799997,1000.0,0.03092003762137826,0.0
640,1674835260000.0,0.0,0.0,0.0,1577.91,0.0,0.0,1577.79,1.0,1.0,1020.8627627399997,1000.0,1020.8627627399997,1000.0,0.0,0.0
641,1674838860000.0,0.0,0.0,0.0,1577.91,0.0,0.0,1590.12,1.0,1.0,1020.8627627399997,1000.0,1020.8627627399997,1000.0,0.0,0.0
642,1674842460000.0,0.0,0.0,0.0,1577.91,0.0,0.0,1604.0,1.0,1.0,1020.8627627399997,1000.0,1020.8627627399997,1000.0,0.0,0.0
643,1674846060000.0,0.0,0.0,0.0,1577.91,0.0,0.0,1604.96,1.0,1.0,1020.8627627399997,1000.0,1020.8627627399997,1000.0,0.0,0.0
644,1674849660000.0,0.0,0.0,0.0,1577.91,0.0,0.0,1615.75,1.0,1.0,1020.8627627399997,1000.0,1020.8627627399997,1000.0,0.0,0.0
645,1674853260000.0,0.0,0.0,0.0,1577.91,0.0,0.0,1597.64,1.0,1.0,1020.8627627399997,1000.0,1020.8627627399997,1000.0,0.0,0.0
646,1674856860000.0,0.0,0.0,0.0,1577.91,0.0,0.0,1599.75,1.0,1.0,1020.8627627399997,1000.0,1020.8627627399997,1000.0,0.0,0.0
647,1674860460000.0,0.0,0.0,0.0,1577.91,0.0,0.0,1593.85,1.0,1.0,1020.8627627399997,1000.0,1020.8627627399997,1000.0,0.0,0.0
648,1674864060000.0,0.0,0.0,0.0,1577.91,0.0,0.0,1598.16,1.0,1.0,1020.8627627399997,1000.0,1020.8627627399997,1000.0,0.0,0.0
649,1674867660000.0,0.0,0.0,0.0,1577.91,0.0,0.0,1603.0,1.0,1.0,1020.8627627399997,1000.0,1020.8627627399997,1000.0,0.0,0.0
650,1674871260000.0,0.0,0.0,0.0,1577.91,0.0,0.0,1594.07,1.0,1.0,1020.8627627399997,1000.0,1020.8627627399997,1000.0,0.0,0.0
651,1674874860000.0,0.0,0.0,0.0,1577.91,0.0,0.0,1595.99,1.0,1.0,1020.8627627399997,1000.0,1020.8627627399997,1000.0,0.0,0.0
652,1674878460000.0,0.0,0.0,0.0,1577.91,0.0,0.0,1598.9,1.0,1.0,1020.8627627399997,1000.0,1020.8627627399997,1000.0,0.0,0.0
653,1674882060000.0,0.0,0.0,0.0,1577.91,0.0,0.0,1598.83,1.0,1.0,1020.8627627399997,1000.0,1020.8627627399997,1000.0,0.0,0.0
654,1674885660000.0,0.0,0.0,0.0,1577.91,0.0,0.0,1599.62,1.0,1.0,1020.8627627399997,1000.0,1020.8627627399997,1000.0,0.0,0.0
655,1674889260000.0,0.0,0.0,0.0,1577.91,0.0,0.0,1597.0,1.0,1.0,1020.8627627399997,1000.0,1020.8627627399997,1000.0,0.0,0.0
656,1674892860000.0,0.0,0.0,0.03,1585.3,0.0,0.0,1591.51,1.0,1.0,1020.8532509399996,1000.0,1021.0395509399996,1000.0,0.046587499188749965,0.0
657,1674896460000.0,0.0,0.0,0.03,1585.3,0.0,0.0,1588.12,1.0,1.0,1020.8532509399996,1000.0,1020.9378509399996,1000.0,0.046587499188749965,0.0
658,1674900060000.0,0.0,0.0,0.03,1585.3,0.0,0.0,1590.58,1.0,1.0,1020.8532509399996,1000.0,1021.0116509399996,1000.0,0.046587499188749965,0.0
659,1674903660000.0,0.0,0.0,0.03,1585.3,0.0,0.0,1583.86,1.0,1.0,1020.8532509399996,1000.0,1020.8100509399997,1000.0,0.046587499188749965,0.0
660,1674907260000.0,0.0,0.0,0.03,1585.3,0.0,0.0,1585.2,1.0,1.0,1020.8532509399996,1000.0,1020.8502509399996,1000.0,0.046587499188749965,0.0
661,1674910860000.0,0.0,0.0,0.03,1585.3,0.0,0.0,1581.8,1.0,1.0,1020.8532509399996,1000.0,1020.7482509399996,1000.0,0.046587499188749965,0.0
662,1674914460000.0,0.0,0.0,0.03,1585.3,0.0,0.0,1573.41,1.0,1.0,1020.8532509399996,1000.0,1020.4965509399996,1000.0,0.046587499188749965,0.0
663,1674918060000.0,0.0,0.0,0.03,1585.3,0.0,0.0,1572.33,1.0,1.0,1020.8532509399996,1000.0,1020.4641509399996,1000.0,0.046587499188749965,0.0
664,1674921660000.0,0.0,0.0,0.03,1585.3,0.0,0.0,1577.87,1.0,1.0,1020.8532509399996,1000.0,1020.6303509399996,1000.0,0.046587499188749965,0.0
665,1674925260000.0,0.0,0.0,0.03,1585.3,0.0,0.0,1577.93,1.0,1.0,1020.8532509399996,1000.0,1020.6321509399996,1000.0,0.046587499188749965,0.0
666,1674928860000.0,0.0,0.0,0.03,1585.3,0.0,0.0,1576.05,1.0,1.0,1020.8532509399996,1000.0,1020.5757509399996,1000.0,0.046587499188749965,0.0
667,1674932460000.0,0.0,0.0,0.03,1585.3,0.0,0.0,1572.01,1.0,1.0,1020.8532509399996,1000.0,1020.4545509399996,1000.0,0.046587499188749965,0.0
668,1674936060000.0,0.0,0.0,0.03,1585.3,0.0,0.0,1576.34,1.0,1.0,1020.8532509399996,1000.0,1020.5844509399996,1000.0,0.046587499188749965,0.0
669,1674939660000.0,0.0,0.0,0.03,1585.3,0.0,0.0,1563.21,1.0,1.0,1020.8532509399996,1000.0,1020.1905509399996,1000.0,0.046587499188749965,0.0
670,1674943260000.0,0.0,0.0,0.03,1585.3,0.0,0.0,1564.08,1.0,1.0,1020.8532509399996,1000.0,1020.2166509399996,1000.0,0.046587499188749965,0.0
671,1674946860000.0,0.0,0.0,0.03,1585.3,0.0,0.0,1563.12,1.0,1.0,1020.8532509399996,1000.0,1020.1878509399996,1000.0,0.046587499188749965,0.0
672,1674950460000.0,0.0,0.0,0.03,1585.3,0.0,0.0,1571.71,1.0,1.0,1020.8532509399996,1000.0,1020.4455509399996,1000.0,0.046587499188749965,0.0
673,1674954060000.0,0.0,0.0,0.03,1585.3,0.0,0.0,1585.93,1.0,1.0,1020.8532509399996,1000.0,1020.8721509399996,1000.0,0.046587499188749965,0.0
674,1674957660000.0,0.0,0.0,0.0,1585.3,0.0,0.0,1606.89,1.0,1.0,1021.3615355599995,1000.0,1021.3615355599995,1000.0,0.0,0.0
675,1674961260000.0,0.0,0.0,0.0,1585.3,0.0,0.0,1591.6,1.0,1.0,1021.3615355599995,1000.0,1021.3615355599995,1000.0,0.0,0.0
676,1674964860000.0,0.0,0.0,0.0,1585.3,0.0,0.0,1594.84,1.0,1.0,1021.3615355599995,1000.0,1021.3615355599995,1000.0,0.0,0.0
677,1674968460000.0,0.0,0.0,0.0,1585.3,0.0,0.0,1597.53,1.0,1.0,1021.3615355599995,1000.0,1021.3615355599995,1000.0,0.0,0.0
678,1674972060000.0,0.0,0.0,0.0,1585.3,0.0,0.0,1596.84,1.0,1.0,1021.3615355599995,1000.0,1021.3615355599995,1000.0,0.0,0.0
679,1674975660000.0,0.0,0.0,0.0,1585.3,0.0,0.0,1593.11,1.0,1.0,1021.3615355599995,1000.0,1021.3615355599995,1000.0,0.0,0.0
680,1674979260000.0,0.0,0.0,0.0,1585.3,0.0,0.0,1593.38,1.0,1.0,1021.3615355599995,1000.0,1021.3615355599995,1000.0,0.0,0.0
681,1674982860000.0,0.0,0.0,0.0,1585.3,0.0,0.0,1589.99,1.0,1.0,1021.3615355599995,1000.0,1021.3615355599995,1000.0,0.0,0.0
682,1674986460000.0,0.0,0.0,0.0,1585.3,0.0,0.0,1601.99,1.0,1.0,1021.3615355599995,1000.0,1021.3615355599995,1000.0,0.0,0.0
683,1674990060000.0,0.0,0.0,0.0,1585.3,0.0,0.0,1611.12,1.0,1.0,1021.3615355599995,1000.0,1021.3615355599995,1000.0,0.0,0.0
684,1674993660000.0,0.0,0.0,0.0,1585.3,0.0,0.0,1608.68,1.0,1.0,1021.3615355599995,1000.0,1021.3615355599995,1000.0,0.0,0.0
685,1674997260000.0,0.0,0.0,0.0,1585.3,0.0,0.0,1610.55,1.0,1.0,1021.3615355599995,1000.0,1021.3615355599995,1000.0,0.0,0.0
686,1675000860000.0,0.0,0.0,0.0,1585.3,0.0,0.0,1613.63,1.0,1.0,1021.3615355599995,1000.0,1021.3615355599995,1000.0,0.0,0.0
687,1675004460000.0,0.0,0.0,0.0,1585.3,0.0,0.0,1614.88,1.0,1.0,1021.3615355599995,1000.0,1021.3615355599995,1000.0,0.0,0.0
688,1675008060000.0,0.0,0.0,0.0,1585.3,0.0,0.0,1612.05,1.0,1.0,1021.3615355599995,1000.0,1021.3615355599995,1000.0,0.0,0.0
689,1675011660000.0,0.0,0.0,0.0,1585.3,0.0,0.0,1614.42,1.0,1.0,1021.3615355599995,1000.0,1021.3615355599995,1000.0,0.0,0.0
690,1675015260000.0,0.0,0.0,0.0,1585.3,0.0,0.0,1617.22,1.0,1.0,1021.3615355599995,1000.0,1021.3615355599995,1000.0,0.0,0.0
691,1675018860000.0,0.0,0.0,0.0,1585.3,0.0,0.0,1628.77,1.0,1.0,1021.3615355599995,1000.0,1021.3615355599995,1000.0,0.0,0.0
692,1675022460000.0,0.0,0.0,0.0,1585.3,0.0,0.0,1649.81,1.0,1.0,1021.3615355599995,1000.0,1021.3615355599995,1000.0,0.0,0.0
693,1675026060000.0,0.0,0.0,0.0,1585.3,0.0,0.0,1636.27,1.0,1.0,1021.3615355599995,1000.0,1021.3615355599995,1000.0,0.0,0.0
694,1675029660000.0,0.0,0.0,0.0,1585.3,0.0,0.0,1643.69,1.0,1.0,1021.3615355599995,1000.0,1021.3615355599995,1000.0,0.0,0.0
695,1675033260000.0,0.0,0.0,0.0,1585.3,0.0,0.0,1646.75,1.0,1.0,1021.3615355599995,1000.0,1021.3615355599995,1000.0,0.0,0.0
696,1675036860000.0,0.0,0.0,0.0,1585.3,0.0,0.0,1644.55,1.0,1.0,1021.3615355599995,1000.0,1021.3615355599995,1000.0,0.0,0.0
697,1675040460000.0,0.0,0.0,0.0,1585.3,0.0,0.0,1647.14,1.0,1.0,1021.3615355599995,1000.0,1021.3615355599995,1000.0,0.0,0.0
698,1675044060000.0,0.0,0.0,0.0,1585.3,0.0,0.0,1638.55,1.0,1.0,1021.3615355599995,1000.0,1021.3615355599995,1000.0,0.0,0.0
699,1675047660000.0,0.0,0.0,0.0,1585.3,0.0,0.0,1636.87,1.0,1.0,1021.3615355599995,1000.0,1021.3615355599995,1000.0,0.0,0.0
700,1675051260000.0,0.0,0.0,0.0,1585.3,0.0,0.0,1639.1,1.0,1.0,1021.3615355599995,1000.0,1021.3615355599995,1000.0,0.0,0.0
701,1675054860000.0,0.0,0.0,0.0,1585.3,0.0,0.0,1636.01,1.0,1.0,1021.3615355599995,1000.0,1021.3615355599995,1000.0,0.0,0.0
702,1675058460000.0,0.0,0.0,0.0,1585.3,0.0,0.0,1636.99,1.0,1.0,1021.3615355599995,1000.0,1021.3615355599995,1000.0,0.0,0.0
703,1675062060000.0,0.0,0.0,0.0,1585.3,0.0,0.0,1629.47,1.0,1.0,1021.3615355599995,1000.0,1021.3615355599995,1000.0,0.0,0.0
704,1675065660000.0,0.0,0.0,0.0,1585.3,0.0,0.0,1626.26,1.0,1.0,1021.3615355599995,1000.0,1021.3615355599995,1000.0,0.0,0.0
705,1675069260000.0,0.0,0.0,0.03,1617.67,0.0,0.0,1618.47,1.0,1.0,1021.3518295399996,1000.0,1021.3758295399996,1000.0,0.047515555948881176,0.0
706,1675072860000.0,0.0,0.0,0.08,1595.71375,0.0,0.0,1584.95,1.0,1.0,1021.3360041399995,1000.0,1020.4749041399996,1000.0,0.1249903063071704,0.0
707,1675076460000.0,0.0,0.0,0.08,1595.71375,0.0,0.0,1583.44,1.0,1.0,1021.3360041399995,1000.0,1020.3541041399995,1000.0,0.1249903063071704,0.0
708,1675080060000.0,0.0,0.0,0.08,1595.71375,0.0,0.0,1579.96,1.0,1.0,1021.3360041399995,1000.0,1020.0757041399995,1000.0,0.1249903063071704,0.0
709,1675083660000.0,0.0,0.0,0.08,1595.71375,0.0,0.0,1576.79,1.0,1.0,1021.3360041399995,1000.0,1019.8221041399995,1000.0,0.1249903063071704,0.0
710,1675087260000.0,0.0,0.0,0.08,1595.71375,0.0,0.0,1575.9,1.0,1.0,1021.3360041399995,1000.0,1019.7509041399995,1000.0,0.1249903063071704,0.0
711,1675090860000.0,0.0,0.0,0.08,1595.71375,0.0,0.0,1596.59,1.0,1.0,1021.3360041399995,1000.0,1021.4061041399996,1000.0,0.1249903063071704,0.0
712,1675094460000.0,0.0,0.0,0.08,1595.71375,0.0,0.0,1584.37,1.0,1.0,1021.3360041399995,1000.0,1020.4285041399995,1000.0,0.1249903063071704,0.0
713,1675098060000.0,0.0,0.0,0.08,1595.71375,0.0,0.0,1581.59,1.0,1.0,1021.3360041399995,1000.0,1020.2061041399995,1000.0,0.1249903063071704,0.0
714,1675101660000.0,0.0,0.0,0.08,1595.71375,0.0,0.0,1580.23,1.0,1.0,1021.3360041399995,1000.0,1020.0973041399996,1000.0,0.1249903063071704,0.0
715,1675105260000.0,0.0,0.0,0.08,1595.71375,0.0,0.0,1576.77,1.0,1.0,1021.3360041399995,1000.0,1019.8205041399996,1000.0,0.1249903063071704,0.0
716,1675108860000.0,0.0,0.0,0.22,1572.1468181818184,0.0,0.0,1550.51,1.0,1.0,1021.2923610999995,1000.0,1016.5322610999995,1000.0,0.33866139919765254,0.0
717,1675112460000.0,0.0,0.0,0.22,1572.1468181818184,0.0,0.0,1554.41,1.0,1.0,1021.2923610999995,1000.0,1017.3902610999995,1000.0,0.33866139919765254,0.0
718,1675116060000.0,0.0,0.0,0.22,1572.1468181818184,0.0,0.0,1556.42,1.0,1.0,1021.2923610999995,1000.0,1017.8324610999995,1000.0,0.33866139919765254,0.0
719,1675119660000.0,0.0,0.0,0.22,1572.1468181818184,0.0,0.0,1564.38,1.0,1.0,1021.2923610999995,1000.0,1019.5836610999995,1000.0,0.33866139919765254,0.0
720,1675123260000.0,0.0,0.0,0.22,1572.1468181818184,0.0,0.0,1565.46,1.0,1.0,1021.2923610999995,1000.0,1019.8212610999994,1000.0,0.33866139919765254,0.0
721,1675126860000.0,0.0,0.0,0.22,1572.1468181818184,0.0,0.0,1568.73,1.0,1.0,1021.2923610999995,1000.0,1020.5406610999995,1000.0,0.33866139919765254,0.0
722,1675130460000.0,0.0,0.0,0.22,1572.1468181818184,0.0,0.0,1571.18,1.0,1.0,1021.2923610999995,1000.0,1021.0796610999995,1000.0,0.33866139919765254,0.0
723,1675134060000.0,0.0,0.0,0.22,1572.1468181818184,0.0,0.0,1569.37,1.0,1.0,1021.2923610999995,1000.0,1020.6814610999995,1000.0,0.33866139919765254,0.0
724,1675137660000.0,0.0,0.0,0.22,1572.1468181818184,0.0,0.0,1568.99,1.0,1.0,1021.2923610999995,1000.0,1020.5978610999995,1000.0,0.33866139919765254,0.0
725,1675141260000.0,0.0,0.0,0.22,1572.1468181818184,0.0,0.0,1571.94,1.0,1.0,1021.2923610999995,1000.0,1021.2468610999995,1000.0,0.33866139919765254,0.0
726,1675144860000.0,0.0,0.0,0.22,1572.1468181818184,0.0,0.0,1563.63,1.0,1.0,1021.2923610999995,1000.0,1019.4186610999996,1000.0,0.33866139919765254,0.0
727,1675148460000.0,0.0,0.0,0.22,1572.1468181818184,0.0,0.0,1565.43,1.0,1.0,1021.2923610999995,1000.0,1019.8146610999995,1000.0,0.33866139919765254,0.0
728,1675152060000.0,0.0,0.0,0.19,1572.1468181818184,0.0,0.0,1582.7,1.0,1.0,1021.626754894545,1000.0,1023.6318594399995,1000.0,0.2923845661083719,0.0
729,1675155660000.0,0.0,0.0,0.19,1572.1468181818184,0.0,0.0,1572.43,1.0,1.0,1021.626754894545,1000.0,1021.6805594399996,1000.0,0.2923845661083719,0.0
730,1675159260000.0,0.0,0.0,0.19,1572.1468181818184,0.0,0.0,1571.35,1.0,1.0,1021.626754894545,1000.0,1021.4753594399995,1000.0,0.2923845661083719,0.0
731,1675162860000.0,0.0,0.0,0.19,1572.1468181818184,0.0,0.0,1567.36,1.0,1.0,1021.626754894545,1000.0,1020.7172594399995,1000.0,0.2923845661083719,0.0
732,1675166460000.0,0.0,0.0,0.19,1572.1468181818184,0.0,0.0,1573.25,1.0,1.0,1021.626754894545,1000.0,1021.8363594399995,1000.0,0.2923845661083719,0.0
733,1675170060000.0,0.0,0.0,0.19,1572.1468181818184,0.0,0.0,1575.41,1.0,1.0,1021.626754894545,1000.0,1022.2467594399996,1000.0,0.2923845661083719,0.0
734,1675173660000.0,0.0,0.0,0.1,1572.1468181818184,0.0,0.0,1587.08,1.0,1.0,1022.6299362781812,1000.0,1024.1232544599993,1000.0,0.15373565376968926,0.0
735,1675177260000.0,0.0,0.0,0.0,1572.1468181818184,0.0,0.0,1583.49,1.0,1.0,1023.744582259999,1000.0,1023.744582259999,1000.0,0.0,0.0
736,1675180860000.0,0.0,0.0,0.0,1572.1468181818184,0.0,0.0,1588.23,1.0,1.0,1023.744582259999,1000.0,1023.744582259999,1000.0,0.0,0.0
737,1675184460000.0,0.0,0.0,0.0,1572.1468181818184,0.0,0.0,1591.37,1.0,1.0,1023.744582259999,1000.0,1023.744582259999,1000.0,0.0,0.0
738,1675188060000.0,0.0,0.0,0.0,1572.1468181818184,0.0,0.0,1591.53,1.0,1.0,1023.744582259999,1000.0,1023.744582259999,1000.0,0.0,0.0
739,1675191660000.0,0.0,0.0,0.0,1572.1468181818184,0.0,0.0,1593.9,1.0,1.0,1023.744582259999,1000.0,1023.744582259999,1000.0,0.0,0.0
740,1675195260000.0,0.0,0.0,0.0,1572.1468181818184,0.0,0.0,1597.63,1.0,1.0,1023.744582259999,1000.0,1023.744582259999,1000.0,0.0,0.0
741,1675198860000.0,0.0,0.0,0.0,1572.1468181818184,0.0,0.0,1589.26,1.0,1.0,1023.744582259999,1000.0,1023.744582259999,1000.0,0.0,0.0
742,1675202460000.0,0.0,0.0,0.03,1573.67,0.0,0.0,1576.35,1.0,1.0,1023.7351402399989,1000.0,1023.8155402399989,1000.0,0.04611554116324689,0.0
743,1675206060000.0,0.0,0.0,0.02,1573.67,0.0,0.0,1588.23,1.0,1.0,1023.846669959999,1000.0,1024.1378699599989,1000.0,0.030740345135106654,0.0
744,1675209660000.0,0.0,0.0,0.0,1573.67,0.0,0.0,1585.3,1.0,1.0,1024.069729399999,1000.0,1024.069729399999,1000.0,0.0,0.0
745,1675213260000.0,0.0,0.0,0.0,1573.67,0.0,0.0,1584.75,1.0,1.0,1024.069729399999,1000.0,1024.069729399999,1000.0,0.0,0.0
746,1675216860000.0,0.0,0.0,0.0,1573.67,0.0,0.0,1588.14,1.0,1.0,1024.069729399999,1000.0,1024.069729399999,1000.0,0.0,0.0
747,1675220460000.0,0.0,0.0,0.0,1573.67,0.0,0.0,1585.03,1.0,1.0,1024.069729399999,1000.0,1024.069729399999,1000.0,0.0,0.0
748,1675224060000.0,0.0,0.0,0.0,1573.67,0.0,0.0,1584.52,1.0,1.0,1024.069729399999,1000.0,1024.069729399999,1000.0,0.0,0.0
749,1675227660000.0,0.0,0.0,0.0,1573.67,0.0,0.0,1582.87,1.0,1.0,1024.069729399999,1000.0,1024.069729399999,1000.0,0.0,0.0
750,1675231260000.0,0.0,0.0,0.0,1573.67,0.0,0.0,1582.2,1.0,1.0,1024.069729399999,1000.0,1024.069729399999,1000.0,0.0,0.0
751,1675234860000.0,0.0,0.0,0.03,1573.51,0.0,0.0,1569.96,1.0,1.0,1024.060288339999,1000.0,1023.953788339999,1000.0,0.046096211851471905,0.0
752,1675238460000.0,0.0,0.0,0.03,1573.51,0.0,0.0,1574.29,1.0,1.0,1024.060288339999,1000.0,1024.083688339999,1000.0,0.046096211851471905,0.0
753,1675242060000.0,0.0,0.0,0.03,1573.51,0.0,0.0,1568.64,1.0,1.0,1024.060288339999,1000.0,1023.914188339999,1000.0,0.046096211851471905,0.0
754,1675245660000.0,0.0,0.0,0.03,1573.51,0.0,0.0,1572.59,1.0,1.0,1024.060288339999,1000.0,1024.0326883399991,1000.0,0.046096211851471905,0.0
755,1675249260000.0,0.0,0.0,0.03,1573.51,0.0,0.0,1575.01,1.0,1.0,1024.060288339999,1000.0,1024.105288339999,1000.0,0.046096211851471905,0.0
756,1675252860000.0,0.0,0.0,0.03,1573.51,0.0,0.0,1580.23,1.0,1.0,1024.060288339999,1000.0,1024.2618883399991,1000.0,0.046096211851471905,0.0
757,1675256460000.0,0.0,0.0,0.03,1573.51,0.0,0.0,1578.55,1.0,1.0,1024.060288339999,1000.0,1024.211488339999,1000.0,0.046096211851471905,0.0
758,1675260060000.0,0.0,0.0,0.0,1573.51,0.0,0.0,1581.72,1.0,1.0,1024.3948784599995,1000.0,1024.3948784599995,1000.0,0.0,0.0
759,1675263660000.0,0.0,0.0,0.0,1573.51,0.0,0.0,1582.05,1.0,1.0,1024.3948784599995,1000.0,1024.3948784599995,1000.0,0.0,0.0
760,1675267260000.0,0.0,0.0,0.0,1573.51,0.0,0.0,1574.89,1.0,1.0,1024.3948784599995,1000.0,1024.3948784599995,1000.0,0.0,0.0
761,1675270860000.0,0.0,0.0,0.03,1570.82,0.0,0.0,1575.22,1.0,1.0,1024.3854535399996,1000.0,1024.5174535399997,1000.0,0.046002800837468064,0.0
762,1675274460000.0,0.0,0.0,0.03,1570.82,0.0,0.0,1570.25,1.0,1.0,1024.3854535399996,1000.0,1024.3683535399996,1000.0,0.046002800837468064,0.0
763,1675278060000.0,0.0,0.0,0.01,1570.106666666667,0.0,0.0,1585.94,1.0,1.0,1024.8315844866665,1000.0,1024.9899178199998,1000.0,0.015320631120606283,0.0
764,1675281660000.0,0.0,0.0,0.0,1569.69,0.0,0.0,1625.94,1.0,1.0,1025.9307762799997,1000.0,1025.9307762799997,1000.0,0.0,0.0
765,1675285260000.0,0.0,0.0,0.0,1569.69,0.0,0.0,1637.7,1.0,1.0,1025.9307762799997,1000.0,1025.9307762799997,1000.0,0.0,0.0
766,1675288860000.0,0.0,0.0,0.0,1569.69,0.0,0.0,1640.47,1.0,1.0,1025.9307762799997,1000.0,1025.9307762799997,1000.0,0.0,0.0
767,1675292460000.0,0.0,0.0,0.0,1569.69,0.0,0.0,1640.25,1.0,1.0,1025.9307762799997,1000.0,1025.9307762799997,1000.0,0.0,0.0
768,1675296060000.0,0.0,0.0,0.0,1569.69,0.0,0.0,1644.55,1.0,1.0,1025.9307762799997,1000.0,1025.9307762799997,1000.0,0.0,0.0
769,1675299660000.0,0.0,0.0,0.0,1569.69,0.0,0.0,1686.98,1.0,1.0,1025.9307762799997,1000.0,1025.9307762799997,1000.0,0.0,0.0
770,1675303260000.0,0.0,0.0,0.0,1569.69,0.0,0.0,1677.48,1.0,1.0,1025.9307762799997,1000.0,1025.9307762799997,1000.0,0.0,0.0
771,1675306860000.0,0.0,0.0,0.0,1569.69,0.0,0.0,1670.99,1.0,1.0,1025.9307762799997,1000.0,1025.9307762799997,1000.0,0.0,0.0
772,1675310460000.0,0.0,0.0,0.0,1569.69,0.0,0.0,1672.34,1.0,1.0,1025.9307762799997,1000.0,1025.9307762799997,1000.0,0.0,0.0
773,1675314060000.0,0.0,0.0,0.0,1569.69,0.0,0.0,1673.18,1.0,1.0,1025.9307762799997,1000.0,1025.9307762799997,1000.0,0.0,0.0
774,1675317660000.0,0.0,0.0,0.0,1569.69,0.0,0.0,1671.1,1.0,1.0,1025.9307762799997,1000.0,1025.9307762799997,1000.0,0.0,0.0
775,1675321260000.0,0.0,0.0,0.0,1569.69,0.0,0.0,1667.91,1.0,1.0,1025.9307762799997,1000.0,1025.9307762799997,1000.0,0.0,0.0
776,1675324860000.0,0.0,0.0,0.0,1569.69,0.0,0.0,1663.33,1.0,1.0,1025.9307762799997,1000.0,1025.9307762799997,1000.0,0.0,0.0
777,1675328460000.0,0.0,0.0,0.0,1569.69,0.0,0.0,1669.73,1.0,1.0,1025.9307762799997,1000.0,1025.9307762799997,1000.0,0.0,0.0
778,1675332060000.0,0.0,0.0,0.0,1569.69,0.0,0.0,1675.0,1.0,1.0,1025.9307762799997,1000.0,1025.9307762799997,1000.0,0.0,0.0
779,1675335660000.0,0.0,0.0,0.0,1569.69,0.0,0.0,1669.32,1.0,1.0,1025.9307762799997,1000.0,1025.9307762799997,1000.0,0.0,0.0
780,1675339260000.0,0.0,0.0,0.0,1569.69,0.0,0.0,1672.95,1.0,1.0,1025.9307762799997,1000.0,1025.9307762799997,1000.0,0.0,0.0
781,1675342860000.0,0.0,0.0,0.0,1569.69,0.0,0.0,1676.98,1.0,1.0,1025.9307762799997,1000.0,1025.9307762799997,1000.0,0.0,0.0
782,1675346460000.0,0.0,0.0,0.0,1569.69,0.0,0.0,1672.48,1.0,1.0,1025.9307762799997,1000.0,1025.9307762799997,1000.0,0.0,0.0
783,1675350060000.0,0.0,0.0,0.0,1569.69,0.0,0.0,1660.35,1.0,1.0,1025.9307762799997,1000.0,1025.9307762799997,1000.0,0.0,0.0
784,1675353660000.0,0.0,0.0,0.0,1569.69,0.0,0.0,1678.99,1.0,1.0,1025.9307762799997,1000.0,1025.9307762799997,1000.0,0.0,0.0
785,1675357260000.0,0.0,0.0,0.0,1569.69,0.0,0.0,1675.87,1.0,1.0,1025.9307762799997,1000.0,1025.9307762799997,1000.0,0.0,0.0
786,1675360860000.0,0.0,0.0,0.0,1569.69,0.0,0.0,1681.91,1.0,1.0,1025.9307762799997,1000.0,1025.9307762799997,1000.0,0.0,0.0
787,1675364460000.0,0.0,0.0,0.0,1569.69,0.0,0.0,1703.2,1.0,1.0,1025.9307762799997,1000.0,1025.9307762799997,1000.0,0.0,0.0
788,1675368060000.0,0.0,0.0,0.0,1569.69,0.0,0.0,1672.8,1.0,1.0,1025.9307762799997,1000.0,1025.9307762799997,1000.0,0.0,0.0
789,1675371660000.0,0.0,0.0,0.0,1569.69,0.0,0.0,1681.03,1.0,1.0,1025.9307762799997,1000.0,1025.9307762799997,1000.0,0.0,0.0
790,1675375260000.0,0.0,0.0,0.03,1655.03,0.0,0.0,1644.11,1.0,1.0,1025.9208460999996,1000.0,1025.5932460999995,1000.0,0.04839642374823172,0.0
791,1675378860000.0,0.0,0.0,0.03,1655.03,0.0,0.0,1653.38,1.0,1.0,1025.9208460999996,1000.0,1025.8713460999995,1000.0,0.04839642374823172,0.0
792,1675382460000.0,0.0,0.0,0.03,1655.03,0.0,0.0,1646.71,1.0,1.0,1025.9208460999996,1000.0,1025.6712460999995,1000.0,0.04839642374823172,0.0
793,1675386060000.0,0.0,0.0,0.03,1655.03,0.0,0.0,1648.14,1.0,1.0,1025.9208460999996,1000.0,1025.7141460999997,1000.0,0.04839642374823172,0.0
794,1675389660000.0,0.0,0.0,0.03,1655.03,0.0,0.0,1645.54,1.0,1.0,1025.9208460999996,1000.0,1025.6361460999997,1000.0,0.04839642374823172,0.0
795,1675393260000.0,0.0,0.0,0.03,1655.03,0.0,0.0,1637.89,1.0,1.0,1025.9208460999996,1000.0,1025.4066460999995,1000.0,0.04839642374823172,0.0
796,1675396860000.0,0.0,0.0,0.03,1655.03,0.0,0.0,1641.2,1.0,1.0,1025.9208460999996,1000.0,1025.5059460999996,1000.0,0.04839642374823172,0.0
797,1675400460000.0,0.0,0.0,0.03,1655.03,0.0,0.0,1641.2,1.0,1.0,1025.9208460999996,1000.0,1025.5059460999996,1000.0,0.04839642374823172,0.0
798,1675404060000.0,0.0,0.0,0.03,1655.03,0.0,0.0,1643.86,1.0,1.0,1025.9208460999996,1000.0,1025.5857460999996,1000.0,0.04839642374823172,0.0
799,1675407660000.0,0.0,0.0,0.03,1655.03,0.0,0.0,1640.5,1.0,1.0,1025.9208460999996,1000.0,1025.4849460999997,1000.0,0.04839642374823172,0.0
800,1675411260000.0,0.0,0.0,0.03,1655.03,0.0,0.0,1637.66,1.0,1.0,1025.9208460999996,1000.0,1025.3997460999997,1000.0,0.04839642374823172,0.0
801,1675414860000.0,0.0,0.0,0.03,1655.03,0.0,0.0,1641.74,1.0,1.0,1025.9208460999996,1000.0,1025.5221460999996,1000.0,0.04839642374823172,0.0
802,1675418460000.0,0.0,0.0,0.03,1655.03,0.0,0.0,1642.69,1.0,1.0,1025.9208460999996,1000.0,1025.5506460999995,1000.0,0.04839642374823172,0.0
803,1675422060000.0,0.0,0.0,0.03,1655.03,0.0,0.0,1644.16,1.0,1.0,1025.9208460999996,1000.0,1025.5947460999996,1000.0,0.04839642374823172,0.0
804,1675425660000.0,0.0,0.0,0.03,1655.03,0.0,0.0,1651.36,1.0,1.0,1025.9208460999996,1000.0,1025.8107460999995,1000.0,0.04839642374823172,0.0
805,1675429260000.0,0.0,0.0,0.03,1655.03,0.0,0.0,1652.29,1.0,1.0,1025.9208460999996,1000.0,1025.8386460999996,1000.0,0.04839642374823172,0.0
806,1675432860000.0,0.0,0.0,0.03,1655.03,0.0,0.0,1634.66,1.0,1.0,1025.9208460999996,1000.0,1025.3097460999995,1000.0,0.04839642374823172,0.0
807,1675436460000.0,0.0,0.0,0.03,1655.03,0.0,0.0,1657.28,1.0,1.0,1025.9208460999996,1000.0,1025.9883460999997,1000.0,0.04839642374823172,0.0
808,1675440060000.0,0.0,0.0,0.0,1655.03,0.0,0.0,1665.72,1.0,1.0,1026.2726435599998,1000.0,1026.2726435599998,1000.0,0.0,0.0
809,1675443660000.0,0.0,0.0,0.0,1655.03,0.0,0.0,1658.51,1.0,1.0,1026.2726435599998,1000.0,1026.2726435599998,1000.0,0.0,0.0
810,1675447260000.0,0.0,0.0,0.0,1655.03,0.0,0.0,1661.88,1.0,1.0,1026.2726435599998,1000.0,1026.2726435599998,1000.0,0.0,0.0
811,1675450860000.0,0.0,0.0,0.0,1655.03,0.0,0.0,1657.79,1.0,1.0,1026.2726435599998,1000.0,1026.2726435599998,1000.0,0.0,0.0
812,1675454460000.0,0.0,0.0,0.0,1655.03,0.0,0.0,1647.84,1.0,1.0,1026.2726435599998,1000.0,1026.2726435599998,1000.0,0.0,0.0
813,1675458060000.0,0.0,0.0,0.0,1643.45,0.0,0.0,1657.04,1.0,1.0,1026.6122502799994,1000.0,1026.6122502799994,1000.0,0.0,0.0
814,1675461660000.0,0.0,0.0,0.0,1643.45,0.0,0.0,1658.41,1.0,1.0,1026.6122502799994,1000.0,1026.6122502799994,1000.0,0.0,0.0
815,1675465260000.0,0.0,0.0,0.0,1643.45,0.0,0.0,1668.28,1.0,1.0,1026.6122502799994,1000.0,1026.6122502799994,1000.0,0.0,0.0
816,1675468860000.0,0.0,0.0,0.0,1643.45,0.0,0.0,1662.87,1.0,1.0,1026.6122502799994,1000.0,1026.6122502799994,1000.0,0.0,0.0
817,1675472460000.0,0.0,0.0,0.0,1643.45,0.0,0.0,1663.01,1.0,1.0,1026.6122502799994,1000.0,1026.6122502799994,1000.0,0.0,0.0
818,1675476060000.0,0.0,0.0,0.0,1643.45,0.0,0.0,1658.31,1.0,1.0,1026.6122502799994,1000.0,1026.6122502799994,1000.0,0.0,0.0
819,1675479660000.0,0.0,0.0,0.0,1643.45,0.0,0.0,1657.22,1.0,1.0,1026.6122502799994,1000.0,1026.6122502799994,1000.0,0.0,0.0
820,1675483260000.0,0.0,0.0,0.0,1643.45,0.0,0.0,1653.61,1.0,1.0,1026.6122502799994,1000.0,1026.6122502799994,1000.0,0.0,0.0
821,1675486860000.0,0.0,0.0,0.0,1643.45,0.0,0.0,1651.67,1.0,1.0,1026.6122502799994,1000.0,1026.6122502799994,1000.0,0.0,0.0
822,1675490460000.0,0.0,0.0,0.03,1646.28,0.0,0.0,1651.1,1.0,1.0,1026.6023725999994,1000.0,1026.7469725999995,1000.0,0.0481085971727473,0.0
823,1675494060000.0,0.0,0.0,0.03,1646.28,0.0,0.0,1653.35,1.0,1.0,1026.6023725999994,1000.0,1026.8144725999994,1000.0,0.0481085971727473,0.0
824,1675497660000.0,0.0,0.0,0.0,1646.28,0.0,0.0,1658.81,1.0,1.0,1026.952422919999,1000.0,1026.952422919999,1000.0,0.0,0.0
825,1675501260000.0,0.0,0.0,0.0,1646.28,0.0,0.0,1652.34,1.0,1.0,1026.952422919999,1000.0,1026.952422919999,1000.0,0.0,0.0
826,1675504860000.0,0.0,0.0,0.0,1646.28,0.0,0.0,1657.43,1.0,1.0,1026.952422919999,1000.0,1026.952422919999,1000.0,0.0,0.0
827,1675508460000.0,0.0,0.0,0.0,1646.28,0.0,0.0,1659.29,1.0,1.0,1026.952422919999,1000.0,1026.952422919999,1000.0,0.0,0.0
828,1675512060000.0,0.0,0.0,0.0,1646.28,0.0,0.0,1661.22,1.0,1.0,1026.952422919999,1000.0,1026.952422919999,1000.0,0.0,0.0
829,1675515660000.0,0.0,0.0,0.0,1646.28,0.0,0.0,1666.5,1.0,1.0,1026.952422919999,1000.0,1026.952422919999,1000.0,0.0,0.0
830,1675519260000.0,0.0,0.0,0.0,1646.28,0.0,0.0,1684.1,1.0,1.0,1026.952422919999,1000.0,1026.952422919999,1000.0,0.0,0.0
831,1675522860000.0,0.0,0.0,0.0,1646.28,0.0,0.0,1680.25,1.0,1.0,1026.952422919999,1000.0,1026.952422919999,1000.0,0.0,0.0
832,1675526460000.0,0.0,0.0,0.0,1646.28,0.0,0.0,1679.65,1.0,1.0,1026.952422919999,1000.0,1026.952422919999,1000.0,0.0,0.0
833,1675530060000.0,0.0,0.0,0.0,1646.28,0.0,0.0,1679.35,1.0,1.0,1026.952422919999,1000.0,1026.952422919999,1000.0,0.0,0.0
834,1675533660000.0,0.0,0.0,0.0,1646.28,0.0,0.0,1680.97,1.0,1.0,1026.952422919999,1000.0,1026.952422919999,1000.0,0.0,0.0
835,1675537260000.0,0.0,0.0,0.0,1646.28,0.0,0.0,1679.69,1.0,1.0,1026.952422919999,1000.0,1026.952422919999,1000.0,0.0,0.0
836,1675540860000.0,0.0,0.0,0.0,1646.28,0.0,0.0,1675.88,1.0,1.0,1026.952422919999,1000.0,1026.952422919999,1000.0,0.0,0.0
837,1675544460000.0,0.0,0.0,0.0,1646.28,0.0,0.0,1678.08,1.0,1.0,1026.952422919999,1000.0,1026.952422919999,1000.0,0.0,0.0
838,1675548060000.0,0.0,0.0,0.0,1646.28,0.0,0.0,1679.13,1.0,1.0,1026.952422919999,1000.0,1026.952422919999,1000.0,0.0,0.0
839,1675551660000.0,0.0,0.0,0.0,1646.28,0.0,0.0,1681.73,1.0,1.0,1026.952422919999,1000.0,1026.952422919999,1000.0,0.0,0.0
840,1675555260000.0,0.0,0.0,0.03,1661.11,0.0,0.0,1664.8,1.0,1.0,1026.942456259999,1000.0,1027.053156259999,1000.0,0.048525893243801486,0.0
841,1675558860000.0,0.0,0.0,0.03,1661.11,0.0,0.0,1663.5,1.0,1.0,1026.942456259999,1000.0,1027.014156259999,1000.0,0.048525893243801486,0.0
842,1675562460000.0,0.0,0.0,0.03,1661.11,0.0,0.0,1665.85,1.0,1.0,1026.942456259999,1000.0,1027.084656259999,1000.0,0.048525893243801486,0.0
843,1675566060000.0,0.0,0.0,0.03,1661.11,0.0,0.0,1660.45,1.0,1.0,1026.942456259999,1000.0,1026.922656259999,1000.0,0.048525893243801486,0.0
844,1675569660000.0,0.0,0.0,0.03,1661.11,0.0,0.0,1660.21,1.0,1.0,1026.942456259999,1000.0,1026.915456259999,1000.0,0.048525893243801486,0.0
845,1675573260000.0,0.0,0.0,0.03,1661.11,0.0,0.0,1663.29,1.0,1.0,1026.942456259999,1000.0,1027.007856259999,1000.0,0.048525893243801486,0.0
846,1675576860000.0,0.0,0.0,0.03,1661.11,0.0,0.0,1666.55,1.0,1.0,1026.942456259999,1000.0,1027.105656259999,1000.0,0.048525893243801486,0.0
847,1675580460000.0,0.0,0.0,0.03,1661.11,0.0,0.0,1668.0,1.0,1.0,1026.942456259999,1000.0,1027.149156259999,1000.0,0.048525893243801486,0.0
848,1675584060000.0,0.0,0.0,0.03,1661.11,0.0,0.0,1667.24,1.0,1.0,1026.942456259999,1000.0,1027.126356259999,1000.0,0.048525893243801486,0.0
849,1675587660000.0,0.0,0.0,0.02,1661.11,0.0,0.0,1669.39,1.0,1.0,1027.060209819999,1000.0,1027.225809819999,1000.0,0.032346886465227265,0.0
850,1675591260000.0,0.0,0.0,0.02,1661.11,0.0,0.0,1665.35,1.0,1.0,1027.060209819999,1000.0,1027.1450098199991,1000.0,0.032346886465227265,0.0
851,1675594860000.0,0.0,0.0,0.02,1661.11,0.0,0.0,1667.87,1.0,1.0,1027.060209819999,1000.0,1027.195409819999,1000.0,0.032346886465227265,0.0
852,1675598460000.0,0.0,0.0,0.02,1661.11,0.0,0.0,1662.3,1.0,1.0,1027.060209819999,1000.0,1027.084009819999,1000.0,0.032346886465227265,0.0
853,1675602060000.0,0.0,0.0,0.03,1659.9066666666668,0.0,0.0,1647.01,1.0,1.0,1027.0568948199991,1000.0,1026.6699948199991,1000.0,0.04848533732761456,0.0
854,1675605660000.0,0.0,0.0,0.03,1659.9066666666668,0.0,0.0,1648.34,1.0,1.0,1027.0568948199991,1000.0,1026.7098948199991,1000.0,0.04848533732761456,0.0
855,1675609260000.0,0.0,0.0,0.03,1659.9066666666668,0.0,0.0,1652.34,1.0,1.0,1027.0568948199991,1000.0,1026.829894819999,1000.0,0.04848533732761456,0.0
856,1675612860000.0,0.0,0.0,0.03,1659.9066666666668,0.0,0.0,1642.79,1.0,1.0,1027.0568948199991,1000.0,1026.543394819999,1000.0,0.04848533732761456,0.0
857,1675616460000.0,0.0,0.0,0.03,1659.9066666666668,0.0,0.0,1639.23,1.0,1.0,1027.0568948199991,1000.0,1026.436594819999,1000.0,0.04848533732761456,0.0
858,1675620060000.0,0.0,0.0,0.08,1637.3587499999999,0.0,0.0,1621.0,1.0,1.0,1027.0406565199992,1000.0,1025.7319565199991,1000.0,0.1275399363875614,0.0
859,1675623660000.0,0.0,0.0,0.08,1637.3587499999999,0.0,0.0,1618.18,1.0,1.0,1027.0406565199992,1000.0,1025.5063565199991,1000.0,0.1275399363875614,0.0
860,1675627260000.0,0.0,0.0,0.08,1637.3587499999999,0.0,0.0,1619.1,1.0,1.0,1027.0406565199992,1000.0,1025.579956519999,1000.0,0.1275399363875614,0.0
861,1675630860000.0,0.0,0.0,0.08,1637.3587499999999,0.0,0.0,1619.2,1.0,1.0,1027.0406565199992,1000.0,1025.5879565199991,1000.0,0.1275399363875614,0.0
862,1675634460000.0,0.0,0.0,0.08,1637.3587499999999,0.0,0.0,1621.5,1.0,1.0,1027.0406565199992,1000.0,1025.771956519999,1000.0,0.1275399363875614,0.0
863,1675638060000.0,0.0,0.0,0.08,1637.3587499999999,0.0,0.0,1632.75,1.0,1.0,1027.0406565199992,1000.0,1026.6719565199992,1000.0,0.1275399363875614,0.0
864,1675641660000.0,0.0,0.0,0.08,1637.3587499999999,0.0,0.0,1630.04,1.0,1.0,1027.0406565199992,1000.0,1026.4551565199993,1000.0,0.1275399363875614,0.0
865,1675645260000.0,0.0,0.0,0.08,1637.3587499999999,0.0,0.0,1639.19,1.0,1.0,1027.0406565199992,1000.0,1027.1871565199992,1000.0,0.1275399363875614,0.0
866,1675648860000.0,0.0,0.0,0.08,1637.3587499999999,0.0,0.0,1631.01,1.0,1.0,1027.0406565199992,1000.0,1026.532756519999,1000.0,0.1275399363875614,0.0
867,1675652460000.0,0.0,0.0,0.08,1637.3587499999999,0.0,0.0,1619.11,1.0,1.0,1027.0406565199992,1000.0,1025.580756519999,1000.0,0.1275399363875614,0.0
868,1675656060000.0,0.0,0.0,0.08,1637.3587499999999,0.0,0.0,1625.98,1.0,1.0,1027.0406565199992,1000.0,1026.1303565199992,1000.0,0.1275399363875614,0.0
869,1675659660000.0,0.0,0.0,0.08,1637.3587499999999,0.0,0.0,1624.46,1.0,1.0,1027.0406565199992,1000.0,1026.0087565199992,1000.0,0.1275399363875614,0.0
870,1675663260000.0,0.0,0.0,0.08,1637.3587499999999,0.0,0.0,1620.88,1.0,1.0,1027.0406565199992,1000.0,1025.7223565199993,1000.0,0.1275399363875614,0.0
871,1675666860000.0,0.0,0.0,0.08,1637.3587499999999,0.0,0.0,1625.15,1.0,1.0,1027.0406565199992,1000.0,1026.0639565199992,1000.0,0.1275399363875614,0.0
872,1675670460000.0,0.0,0.0,0.08,1637.3587499999999,0.0,0.0,1633.91,1.0,1.0,1027.0406565199992,1000.0,1026.764756519999,1000.0,0.1275399363875614,0.0
873,1675674060000.0,0.0,0.0,0.08,1637.3587499999999,0.0,0.0,1631.42,1.0,1.0,1027.0406565199992,1000.0,1026.5655565199993,1000.0,0.1275399363875614,0.0
874,1675677660000.0,0.0,0.0,0.08,1637.3587499999999,0.0,0.0,1629.76,1.0,1.0,1027.0406565199992,1000.0,1026.4327565199992,1000.0,0.1275399363875614,0.0
875,1675681260000.0,0.0,0.0,0.08,1637.3587499999999,0.0,0.0,1630.42,1.0,1.0,1027.0406565199992,1000.0,1026.4855565199991,1000.0,0.1275399363875614,0.0
876,1675684860000.0,0.0,0.0,0.08,1637.3587499999999,0.0,0.0,1636.0,1.0,1.0,1027.0406565199992,1000.0,1026.9319565199992,1000.0,0.1275399363875614,0.0
877,1675688460000.0,0.0,0.0,0.08,1637.3587499999999,0.0,0.0,1633.44,1.0,1.0,1027.0406565199992,1000.0,1026.7271565199992,1000.0,0.1275399363875614,0.0
878,1675692060000.0,0.0,0.0,0.08,1637.3587499999999,0.0,0.0,1627.86,1.0,1.0,1027.0406565199992,1000.0,1026.2807565199992,1000.0,0.1275399363875614,0.0
879,1675695660000.0,0.0,0.0,0.08,1637.3587499999999,0.0,0.0,1629.52,1.0,1.0,1027.0406565199992,1000.0,1026.4135565199992,1000.0,0.1275399363875614,0.0
880,1675699260000.0,0.0,0.0,0.05,1637.3587499999999,0.0,0.0,1647.56,1.0,1.0,1027.3886982799988,1000.0,1027.8987607799988,1000.0,0.07968545657262834,0.0
881,1675702860000.0,0.0,0.0,0.0,1637.3587499999999,0.0,0.0,1645.39,1.0,1.0,1027.9687678799983,1000.0,1027.9687678799983,1000.0,0.0,0.0
882,1675706460000.0,0.0,0.0,0.0,1637.3587499999999,0.0,0.0,1646.15,1.0,1.0,1027.9687678799983,1000.0,1027.9687678799983,1000.0,0.0,0.0
883,1675710060000.0,0.0,0.0,0.0,1637.3587499999999,0.0,0.0,1646.46,1.0,1.0,1027.9687678799983,1000.0,1027.9687678799983,1000.0,0.0,0.0
884,1675713660000.0,0.0,0.0,0.0,1637.3587499999999,0.0,0.0,1647.0,1.0,1.0,1027.9687678799983,1000.0,1027.9687678799983,1000.0,0.0,0.0
885,1675717260000.0,0.0,0.0,0.0,1637.3587499999999,0.0,0.0,1645.86,1.0,1.0,1027.9687678799983,1000.0,1027.9687678799983,1000.0,0.0,0.0
886,1675720860000.0,0.0,0.0,0.0,1637.3587499999999,0.0,0.0,1637.95,1.0,1.0,1027.9687678799983,1000.0,1027.9687678799983,1000.0,0.0,0.0
887,1675724460000.0,0.0,0.0,0.03,1628.83,0.0,0.0,1630.32,1.0,1.0,1027.9589948999983,1000.0,1028.0036948999982,1000.0,0.04753584553706217,0.0
888,1675728060000.0,0.0,0.0,0.03,1628.83,0.0,0.0,1614.48,1.0,1.0,1027.9589948999983,1000.0,1027.5284948999983,1000.0,0.04753584553706217,0.0
889,1675731660000.0,0.0,0.0,0.03,1628.83,0.0,0.0,1621.37,1.0,1.0,1027.9589948999983,1000.0,1027.7351948999983,1000.0,0.04753584553706217,0.0
890,1675735260000.0,0.0,0.0,0.03,1628.83,0.0,0.0,1624.34,1.0,1.0,1027.9589948999983,1000.0,1027.8242948999982,1000.0,0.04753584553706217,0.0
891,1675738860000.0,0.0,0.0,0.03,1628.83,0.0,0.0,1628.54,1.0,1.0,1027.9589948999983,1000.0,1027.9502948999982,1000.0,0.04753584553706217,0.0
892,1675742460000.0,0.0,0.0,0.03,1628.83,0.0,0.0,1632.75,1.0,1.0,1027.9589948999983,1000.0,1028.0765948999983,1000.0,0.04753584553706217,0.0
893,1675746060000.0,0.0,0.0,0.03,1628.83,0.0,0.0,1631.32,1.0,1.0,1027.9589948999983,1000.0,1028.0336948999982,1000.0,0.04753584553706217,0.0
894,1675749660000.0,0.0,0.0,0.03,1628.83,0.0,0.0,1634.79,1.0,1.0,1027.9589948999983,1000.0,1028.1377948999982,1000.0,0.04753584553706217,0.0
895,1675753260000.0,0.0,0.0,0.03,1628.83,0.0,0.0,1631.58,1.0,1.0,1027.9589948999983,1000.0,1028.0414948999983,1000.0,0.04753584553706217,0.0
896,1675756860000.0,0.0,0.0,0.03,1628.83,0.0,0.0,1632.12,1.0,1.0,1027.9589948999983,1000.0,1028.0576948999983,1000.0,0.04753584553706217,0.0
897,1675760460000.0,0.0,0.0,0.03,1628.83,0.0,0.0,1632.31,1.0,1.0,1027.9589948999983,1000.0,1028.0633948999982,1000.0,0.04753584553706217,0.0
898,1675764060000.0,0.0,0.0,0.0,1628.83,0.0,0.0,1641.59,1.0,1.0,1028.305250699998,1000.0,1028.305250699998,1000.0,0.0,0.0
899,1675767660000.0,0.0,0.0,0.0,1628.83,0.0,0.0,1641.95,1.0,1.0,1028.305250699998,1000.0,1028.305250699998,1000.0,0.0,0.0
900,1675771260000.0,0.0,0.0,0.0,1628.83,0.0,0.0,1640.97,1.0,1.0,1028.305250699998,1000.0,1028.305250699998,1000.0,0.0,0.0
901,1675774860000.0,0.0,0.0,0.0,1628.83,0.0,0.0,1643.07,1.0,1.0,1028.305250699998,1000.0,1028.305250699998,1000.0,0.0,0.0
902,1675778460000.0,0.0,0.0,0.0,1628.83,0.0,0.0,1637.86,1.0,1.0,1028.305250699998,1000.0,1028.305250699998,1000.0,0.0,0.0
903,1675782060000.0,0.0,0.0,0.0,1628.83,0.0,0.0,1634.6,1.0,1.0,1028.305250699998,1000.0,1028.305250699998,1000.0,0.0,0.0
904,1675785660000.0,0.0,0.0,0.0,1628.83,0.0,0.0,1630.98,1.0,1.0,1028.305250699998,1000.0,1028.305250699998,1000.0,0.0,0.0
905,1675789260000.0,0.0,0.0,0.0,1626.17,0.0,0.0,1637.12,1.0,1.0,1028.6411655599982,1000.0,1028.6411655599982,1000.0,0.0,0.0
906,1675792860000.0,0.0,0.0,0.0,1626.17,0.0,0.0,1674.85,1.0,1.0,1028.6411655599982,1000.0,1028.6411655599982,1000.0,0.0,0.0
907,1675796460000.0,0.0,0.0,0.01,1627.83,0.0,0.0,1641.91,1.0,1.0,1028.862039819998,1000.0,1029.002839819998,1000.0,0.015821654770009717,0.0
908,1675800060000.0,0.0,0.0,0.0,1627.83,0.0,0.0,1656.87,1.0,1.0,1029.153325239998,1000.0,1029.153325239998,1000.0,0.0,0.0
909,1675803660000.0,0.0,0.0,0.0,1627.83,0.0,0.0,1667.39,1.0,1.0,1029.153325239998,1000.0,1029.153325239998,1000.0,0.0,0.0
910,1675807260000.0,0.0,0.0,0.0,1627.83,0.0,0.0,1667.0,1.0,1.0,1029.153325239998,1000.0,1029.153325239998,1000.0,0.0,0.0
911,1675810860000.0,0.0,0.0,0.0,1627.83,0.0,0.0,1666.49,1.0,1.0,1029.153325239998,1000.0,1029.153325239998,1000.0,0.0,0.0
912,1675814460000.0,0.0,0.0,0.0,1627.83,0.0,0.0,1671.08,1.0,1.0,1029.153325239998,1000.0,1029.153325239998,1000.0,0.0,0.0
913,1675818060000.0,0.0,0.0,0.0,1627.83,0.0,0.0,1685.53,1.0,1.0,1029.153325239998,1000.0,1029.153325239998,1000.0,0.0,0.0
914,1675821660000.0,0.0,0.0,0.0,1627.83,0.0,0.0,1684.24,1.0,1.0,1029.153325239998,1000.0,1029.153325239998,1000.0,0.0,0.0
915,1675825260000.0,0.0,0.0,0.0,1627.83,0.0,0.0,1677.19,1.0,1.0,1029.153325239998,1000.0,1029.153325239998,1000.0,0.0,0.0
916,1675828860000.0,0.0,0.0,0.0,1627.83,0.0,0.0,1681.74,1.0,1.0,1029.153325239998,1000.0,1029.153325239998,1000.0,0.0,0.0
917,1675832460000.0,0.0,0.0,0.0,1627.83,0.0,0.0,1679.81,1.0,1.0,1029.153325239998,1000.0,1029.153325239998,1000.0,0.0,0.0
918,1675836060000.0,0.0,0.0,0.0,1627.83,0.0,0.0,1676.39,1.0,1.0,1029.153325239998,1000.0,1029.153325239998,1000.0,0.0,0.0
919,1675839660000.0,0.0,0.0,0.0,1627.83,0.0,0.0,1672.83,1.0,1.0,1029.153325239998,1000.0,1029.153325239998,1000.0,0.0,0.0
920,1675843260000.0,0.0,0.0,0.0,1627.83,0.0,0.0,1677.03,1.0,1.0,1029.153325239998,1000.0,1029.153325239998,1000.0,0.0,0.0
921,1675846860000.0,0.0,0.0,0.0,1627.83,0.0,0.0,1673.0,1.0,1.0,1029.153325239998,1000.0,1029.153325239998,1000.0,0.0,0.0
922,1675850460000.0,0.0,0.0,0.0,1627.83,0.0,0.0,1673.03,1.0,1.0,1029.153325239998,1000.0,1029.153325239998,1000.0,0.0,0.0
923,1675854060000.0,0.0,0.0,0.0,1627.83,0.0,0.0,1671.1,1.0,1.0,1029.153325239998,1000.0,1029.153325239998,1000.0,0.0,0.0
924,1675857660000.0,0.0,0.0,0.0,1627.83,0.0,0.0,1674.45,1.0,1.0,1029.153325239998,1000.0,1029.153325239998,1000.0,0.0,0.0
925,1675861260000.0,0.0,0.0,0.0,1627.83,0.0,0.0,1671.16,1.0,1.0,1029.153325239998,1000.0,1029.153325239998,1000.0,0.0,0.0
926,1675864860000.0,0.0,0.0,0.0,1627.83,0.0,0.0,1673.3,1.0,1.0,1029.153325239998,1000.0,1029.153325239998,1000.0,0.0,0.0
927,1675868460000.0,0.0,0.0,0.0,1627.83,0.0,0.0,1666.2,1.0,1.0,1029.153325239998,1000.0,1029.153325239998,1000.0,0.0,0.0
928,1675872060000.0,0.0,0.0,0.03,1658.28,0.0,0.0,1654.95,1.0,1.0,1029.1433755599978,1000.0,1029.043475559998,1000.0,0.048339620291419465,0.0
929,1675875660000.0,0.0,0.0,0.03,1658.28,0.0,0.0,1651.59,1.0,1.0,1029.1433755599978,1000.0,1028.9426755599977,1000.0,0.048339620291419465,0.0
930,1675879260000.0,0.0,0.0,0.03,1658.28,0.0,0.0,1658.96,1.0,1.0,1029.1433755599978,1000.0,1029.163775559998,1000.0,0.048339620291419465,0.0
931,1675882860000.0,0.0,0.0,0.03,1658.28,0.0,0.0,1644.62,1.0,1.0,1029.1433755599978,1000.0,1028.733575559998,1000.0,0.048339620291419465,0.0
932,1675886460000.0,0.0,0.0,0.03,1658.28,0.0,0.0,1646.91,1.0,1.0,1029.1433755599978,1000.0,1028.8022755599977,1000.0,0.048339620291419465,0.0
933,1675890060000.0,0.0,0.0,0.03,1658.28,0.0,0.0,1644.75,1.0,1.0,1029.1433755599978,1000.0,1028.7374755599978,1000.0,0.048339620291419465,0.0
934,1675893660000.0,0.0,0.0,0.03,1658.28,0.0,0.0,1651.39,1.0,1.0,1029.1433755599978,1000.0,1028.9366755599979,1000.0,0.048339620291419465,0.0
935,1675897260000.0,0.0,0.0,0.03,1658.28,0.0,0.0,1650.58,1.0,1.0,1029.1433755599978,1000.0,1028.9123755599978,1000.0,0.048339620291419465,0.0
936,1675900860000.0,0.0,0.0,0.03,1658.28,0.0,0.0,1649.87,1.0,1.0,1029.1433755599978,1000.0,1028.8910755599977,1000.0,0.048339620291419465,0.0
937,1675904460000.0,0.0,0.0,0.03,1658.28,0.0,0.0,1655.39,1.0,1.0,1029.1433755599978,1000.0,1029.0566755599978,1000.0,0.048339620291419465,0.0
938,1675908060000.0,0.0,0.0,0.03,1658.28,0.0,0.0,1650.69,1.0,1.0,1029.1433755599978,1000.0,1028.915675559998,1000.0,0.048339620291419465,0.0
939,1675911660000.0,0.0,0.0,0.08,1635.755,0.0,0.0,1621.95,1.0,1.0,1029.1271531599978,1000.0,1028.0227531599978,1000.0,0.1271566876825523,0.0
940,1675915260000.0,0.0,0.0,0.08,1635.755,0.0,0.0,1616.12,1.0,1.0,1029.1271531599978,1000.0,1027.5563531599978,1000.0,0.1271566876825523,0.0
941,1675918860000.0,0.0,0.0,0.08,1635.755,0.0,0.0,1624.5,1.0,1.0,1029.1271531599978,1000.0,1028.2267531599978,1000.0,0.1271566876825523,0.0
942,1675922460000.0,0.0,0.0,0.08,1635.755,0.0,0.0,1626.36,1.0,1.0,1029.1271531599978,1000.0,1028.3755531599977,1000.0,0.1271566876825523,0.0
943,1675926060000.0,0.0,0.0,0.08,1635.755,0.0,0.0,1633.65,1.0,1.0,1029.1271531599978,1000.0,1028.9587531599977,1000.0,0.1271566876825523,0.0
944,1675929660000.0,0.0,0.0,0.08,1635.755,0.0,0.0,1633.44,1.0,1.0,1029.1271531599978,1000.0,1028.9419531599979,1000.0,0.1271566876825523,0.0
945,1675933260000.0,0.0,0.0,0.08,1635.755,0.0,0.0,1632.92,1.0,1.0,1029.1271531599978,1000.0,1028.9003531599978,1000.0,0.1271566876825523,0.0
946,1675936860000.0,0.0,0.0,0.08,1635.755,0.0,0.0,1634.26,1.0,1.0,1029.1271531599978,1000.0,1029.0075531599978,1000.0,0.1271566876825523,0.0
947,1675940460000.0,0.0,0.0,0.08,1635.755,0.0,0.0,1633.29,1.0,1.0,1029.1271531599978,1000.0,1028.9299531599977,1000.0,0.1271566876825523,0.0
948,1675944060000.0,0.0,0.0,0.08,1635.755,0.0,0.0,1632.33,1.0,1.0,1029.1271531599978,1000.0,1028.8531531599976,1000.0,0.1271566876825523,0.0
949,1675947660000.0,0.0,0.0,0.08,1635.755,0.0,0.0,1635.0,1.0,1.0,1029.1271531599978,1000.0,1029.0667531599977,1000.0,0.1271566876825523,0.0
950,1675951260000.0,0.0,0.0,0.08,1635.755,0.0,0.0,1640.77,1.0,1.0,1029.1271531599978,1000.0,1029.5283531599978,1000.0,0.1271566876825523,0.0
951,1675954860000.0,0.0,0.0,0.07,1635.755,0.0,0.0,1638.17,1.0,1.0,1029.2431077999977,1000.0,1029.4121577999977,1000.0,0.11124956692180268,0.0
952,1675958460000.0,0.0,0.0,0.07,1635.755,0.0,0.0,1631.24,1.0,1.0,1029.2431077999977,1000.0,1028.9270577999978,1000.0,0.11124956692180268,0.0
953,1675962060000.0,0.0,0.0,0.07,1635.755,0.0,0.0,1623.67,1.0,1.0,1029.2431077999977,1000.0,1028.3971577999978,1000.0,0.11124956692180268,0.0
954,1675965660000.0,0.0,0.0,0.07,1635.755,0.0,0.0,1624.49,1.0,1.0,1029.2431077999977,1000.0,1028.4545577999977,1000.0,0.11124956692180268,0.0
955,1675969260000.0,0.0,0.0,0.07,1635.755,0.0,0.0,1621.45,1.0,1.0,1029.2431077999977,1000.0,1028.2417577999977,1000.0,0.11124956692180268,0.0
956,1675972860000.0,0.0,0.0,0.65,1581.7976153846155,0.0,0.0,1573.91,1.0,1.0,1029.0603746799975,1000.0,1023.9334246799975,1000.0,0.9991332630213512,0.0
957,1675976460000.0,0.0,0.0,0.65,1581.7976153846155,0.0,0.0,1574.03,1.0,1.0,1029.0603746799975,1000.0,1024.0114246799974,1000.0,0.9991332630213512,0.0
958,1675980060000.0,0.0,0.0,0.65,1581.7976153846155,0.0,0.0,1538.87,1.0,1.0,1029.0603746799975,1000.0,1001.1574246799973,1000.0,0.9991332630213512,0.0
959,1675983660000.0,0.0,0.0,0.65,1581.7976153846155,0.0,0.0,1538.69,1.0,1.0,1029.0603746799975,1000.0,1001.0404246799975,1000.0,0.9991332630213512,0.0
960,1675987260000.0,0.0,0.0,0.65,1581.7976153846155,0.0,0.0,1543.33,1.0,1.0,1029.0603746799975,1000.0,1004.0564246799973,1000.0,0.9991332630213512,0.0
961,1675990860000.0,0.0,0.0,0.65,1581.7976153846155,0.0,0.0,1546.39,1.0,1.0,1029.0603746799975,1000.0,1006.0454246799975,1000.0,0.9991332630213512,0.0
962,1675994460000.0,0.0,0.0,0.65,1581.7976153846155,0.0,0.0,1549.98,1.0,1.0,1029.0603746799975,1000.0,1008.3789246799975,1000.0,0.9991332630213512,0.0
963,1675998060000.0,0.0,0.0,0.65,1581.7976153846155,0.0,0.0,1545.83,1.0,1.0,1029.0603746799975,1000.0,1005.6814246799973,1000.0,0.9991332630213512,0.0
964,1676001660000.0,0.0,0.0,0.65,1581.7976153846155,0.0,0.0,1542.49,1.0,1.0,1029.0603746799975,1000.0,1003.5104246799974,1000.0,0.9991332630213512,0.0
965,1676005260000.0,0.0,0.0,0.65,1581.7976153846155,0.0,0.0,1535.16,1.0,1.0,1029.0603746799975,1000.0,998.7459246799975,1000.0,0.9991332630213512,0.0
966,1676008860000.0,0.0,0.0,0.65,1581.7976153846155,0.0,0.0,1541.74,1.0,1.0,1029.0603746799975,1000.0,1003.0229246799975,1000.0,0.9991332630213512,0.0
967,1676012460000.0,0.0,0.0,0.65,1581.7976153846155,0.0,0.0,1546.27,1.0,1.0,1029.0603746799975,1000.0,1005.9674246799974,1000.0,0.9991332630213512,0.0
968,1676016060000.0,0.0,0.0,0.65,1581.7976153846155,0.0,0.0,1551.2,1.0,1.0,1029.0603746799975,1000.0,1009.1719246799975,1000.0,0.9991332630213512,0.0
969,1676019660000.0,0.0,0.0,0.65,1581.7976153846155,0.0,0.0,1552.02,1.0,1.0,1029.0603746799975,1000.0,1009.7049246799975,1000.0,0.9991332630213512,0.0
970,1676023260000.0,0.0,0.0,0.65,1581.7976153846155,0.0,0.0,1545.64,1.0,1.0,1029.0603746799975,1000.0,1005.5579246799975,1000.0,0.9991332630213512,0.0
971,1676026860000.0,0.0,0.0,0.65,1581.7976153846155,0.0,0.0,1543.99,1.0,1.0,1029.0603746799975,1000.0,1004.4854246799974,1000.0,0.9991332630213512,0.0
972,1676030460000.0,0.0,0.0,0.65,1581.7976153846155,0.0,0.0,1536.49,1.0,1.0,1029.0603746799975,1000.0,999.6104246799974,1000.0,0.9991332630213512,0.0
973,1676034060000.0,0.0,0.0,0.65,1581.7976153846155,0.0,0.0,1536.02,1.0,1.0,1029.0603746799975,1000.0,999.3049246799974,1000.0,0.9991332630213512,0.0
974,1676037660000.0,0.0,0.0,0.65,1581.7976153846155,0.0,0.0,1537.63,1.0,1.0,1029.0603746799975,1000.0,1000.3514246799975,1000.0,0.9991332630213512,0.0
975,1676041260000.0,0.0,0.0,0.65,1581.7976153846155,0.0,0.0,1544.94,1.0,1.0,1029.0603746799975,1000.0,1005.1029246799975,1000.0,0.9991332630213512,0.0
976,1676044860000.0,0.0,0.0,0.65,1581.7976153846155,0.0,0.0,1526.28,1.0,1.0,1029.0603746799975,1000.0,992.9739246799974,1000.0,0.9991332630213512,0.0
977,1676048460000.0,0.0,0.0,0.65,1581.7976153846155,0.0,0.0,1521.0,1.0,1.0,1029.0603746799975,1000.0,989.5419246799975,1000.0,0.9991332630213512,0.0
978,1676052060000.0,0.0,0.0,0.65,1581.7976153846155,0.0,0.0,1523.62,1.0,1.0,1029.0603746799975,1000.0,991.2449246799973,1000.0,0.9991332630213512,0.0
979,1676055660000.0,0.0,0.0,0.65,1581.7976153846155,0.0,0.0,1528.66,1.0,1.0,1029.0603746799975,1000.0,994.5209246799975,1000.0,0.9991332630213512,0.0
980,1676059260000.0,0.0,0.0,0.65,1581.7976153846155,0.0,0.0,1534.19,1.0,1.0,1029.0603746799975,1000.0,998.1154246799974,1000.0,0.9991332630213512,0.0
981,1676062860000.0,0.0,0.0,0.65,1581.7976153846155,0.0,0.0,1528.01,1.0,1.0,1029.0603746799975,1000.0,994.0984246799974,1000.0,0.9991332630213512,0.0
982,1676066460000.0,0.0,0.0,0.65,1581.7976153846155,0.0,0.0,1507.69,1.0,1.0,1029.0603746799975,1000.0,980.8904246799975,1000.0,0.9991332630213512,0.0
983,1676070060000.0,0.0,0.0,0.65,1581.7976153846155,0.0,0.0,1509.5,1.0,1.0,1029.0603746799975,1000.0,982.0669246799974,1000.0,0.9991332630213512,0.0
984,1676073660000.0,0.0,0.0,0.65,1581.7976153846155,0.0,0.0,1513.62,1.0,1.0,1029.0603746799975,1000.0,984.7449246799973,1000.0,0.9991332630213512,0.0
985,1676077260000.0,0.0,0.0,0.65,1581.7976153846155,0.0,0.0,1514.47,1.0,1.0,1029.0603746799975,1000.0,985.2974246799974,1000.0,0.9991332630213512,0.0
986,1676080860000.0,0.0,0.0,0.65,1581.7976153846155,0.0,0.0,1512.15,1.0,1.0,1029.0603746799975,1000.0,983.7894246799975,1000.0,0.9991332630213512,0.0
987,1676084460000.0,0.0,0.0,0.65,1581.7976153846155,0.0,0.0,1516.18,1.0,1.0,1029.0603746799975,1000.0,986.4089246799974,1000.0,0.9991332630213512,0.0
988,1676088060000.0,0.0,0.0,0.65,1581.7976153846155,0.0,0.0,1520.0,1.0,1.0,1029.0603746799975,1000.0,988.8919246799974,1000.0,0.9991332630213512,0.0
989,1676091660000.0,0.0,0.0,0.65,1581.7976153846155,0.0,0.0,1518.86,1.0,1.0,1029.0603746799975,1000.0,988.1509246799974,1000.0,0.9991332630213512,0.0
990,1676095260000.0,0.0,0.0,0.65,1581.7976153846155,0.0,0.0,1517.0,1.0,1.0,1029.0603746799975,1000.0,986.9419246799974,1000.0,0.9991332630213512,0.0
991,1676098860000.0,0.0,0.0,0.65,1581.7976153846155,0.0,0.0,1517.98,1.0,1.0,1029.0603746799975,1000.0,987.5789246799975,1000.0,0.9991332630213512,0.0
992,1676102460000.0,0.0,0.0,0.64,1581.7976153846155,0.0,0.0,1520.96,1.0,1.0,1028.4639536061513,1000.0,989.5278797599974,1000.0,0.9843324798078746,0.0
993,1676106060000.0,43.97676716418315,0.0,0.67,1578.9839908151553,0.0,0.0,1522.46,0.9710730546783247,1.0,1028.4548398461513,1000.0,990.5837659999974,1000.0,1.0286492248939296,0.0
994,1676109660000.0,43.97676716418315,0.0,0.67,1578.9839908151553,0.0,0.0,1521.7,0.9710730546783247,1.0,1028.4548398461513,1000.0,990.0745659999974,1000.0,1.0286492248939296,0.0
995,1676113260000.0,43.97676716418315,0.0,0.67,1578.9839908151553,0.0,0.0,1518.27,0.9709860282216366,1.0,1028.4548398461513,1000.0,987.7764659999973,1000.0,1.0286492248939296,0.0
996,1676116860000.0,43.97676716418315,0.0,0.67,1578.9839908151553,0.0,0.0,1519.35,0.9709860282216366,1.0,1028.4548398461513,1000.0,988.5000659999972,1000.0,1.0286492248939296,0.0
997,1676120460000.0,43.97676716418315,0.0,0.67,1578.9839908151553,0.0,0.0,1519.6,0.9709730057066968,1.0,1028.4548398461513,1000.0,988.6675659999972,1000.0,1.0286492248939296,0.0
998,1676124060000.0,43.97676716418315,0.0,0.67,1578.9839908151553,0.0,0.0,1522.4,0.9709730057066968,1.0,1028.4548398461513,1000.0,990.5435659999973,1000.0,1.0286492248939296,0.0
999,1676127660000.0,43.97676716418315,0.0,0.67,1578.9839908151553,0.0,0.0,1524.23,0.9709730057066968,1.0,1028.4548398461513,1000.0,991.7696659999973,1000.0,1.0286492248939296,0.0
1000,1676131260000.0,43.97676716418315,0.0,0.67,1578.9839908151553,0.0,0.0,1522.1,0.9709730057066968,1.0,1028.4548398461513,1000.0,990.3425659999973,1000.0,1.0286492248939296,0.0
1001,1676134860000.0,43.97676716418315,0.0,0.67,1578.9839908151553,0.0,0.0,1517.0,0.9709730057066968,1.0,1028.4548398461513,1000.0,986.9255659999973,1000.0,1.0286492248939296,0.0
1002,1676138460000.0,43.97676716418315,0.0,0.67,1578.9839908151553,0.0,0.0,1518.06,0.9709730057066968,1.0,1028.4548398461513,1000.0,987.6357659999973,1000.0,1.0286492248939296,0.0
1003,1676142060000.0,43.97676716418315,0.0,0.67,1578.9839908151553,0.0,0.0,1514.93,0.9708867245063466,1.0,1028.4548398461513,1000.0,985.5386659999973,1000.0,1.0286492248939296,0.0
1004,1676145660000.0,43.97676716418315,0.0,0.67,1578.9839908151553,0.0,0.0,1516.68,0.9708867245063466,1.0,1028.4548398461513,1000.0,986.7111659999973,1000.0,1.0286492248939296,0.0
1005,1676149260000.0,21.62965512121604,0.0,0.66,1578.9839908151553,0.0,0.0,1519.87,0.9708867245063466,1.0,1027.8538615579998,1000.0,988.8386276199973,1000.0,1.0138887179529237,0.0
1006,1676152860000.0,21.62965512121604,0.0,0.66,1578.9839908151553,0.0,0.0,1531.03,0.9708867245063466,1.0,1027.8538615579998,1000.0,996.2042276199974,1000.0,1.0138887179529237,0.0
1007,1676156460000.0,21.62965512121604,0.0,0.66,1578.9839908151553,0.0,0.0,1535.33,0.9708867245063466,1.0,1027.8538615579998,1000.0,999.0422276199973,1000.0,1.0138887179529237,0.0
1008,1676160060000.0,21.62965512121604,0.0,0.66,1578.9839908151553,0.0,0.0,1538.42,0.9708867245063466,1.0,1027.8538615579998,1000.0,1001.0816276199974,1000.0,1.0138887179529237,0.0
1009,1676163660000.0,21.62965512121604,0.0,0.66,1578.9839908151553,0.0,0.0,1533.72,0.9708867245063466,1.0,1027.8538615579998,1000.0,997.9796276199974,1000.0,1.0138887179529237,0.0
1010,1676167260000.0,21.62965512121604,0.0,0.66,1578.9839908151553,0.0,0.0,1532.57,0.9708867245063466,1.0,1027.8538615579998,1000.0,997.2206276199973,1000.0,1.0138887179529237,0.0
1011,1676170860000.0,21.62965512121604,0.0,0.66,1578.9839908151553,0.0,0.0,1534.56,0.9708867245063466,1.0,1027.8538615579998,1000.0,998.5340276199973,1000.0,1.0138887179529237,0.0
1012,1676174460000.0,21.62965512121604,0.0,0.66,1578.9839908151553,0.0,0.0,1530.89,0.9708867245063466,1.0,1027.8538615579998,1000.0,996.1118276199974,1000.0,1.0138887179529237,0.0
1013,1676178060000.0,21.62965512121604,0.0,0.66,1578.9839908151553,0.0,0.0,1531.21,0.9708867245063466,1.0,1027.8538615579998,1000.0,996.3230276199973,1000.0,1.0138887179529237,0.0
1014,1676181660000.0,21.62965512121604,0.0,0.66,1578.9839908151553,0.0,0.0,1532.88,0.9708867245063466,1.0,1027.8538615579998,1000.0,997.4252276199975,1000.0,1.0138887179529237,0.0
1015,1676185260000.0,21.62965512121604,0.0,0.66,1578.9839908151553,0.0,0.0,1532.02,0.9708867245063466,1.0,1027.8538615579998,1000.0,996.8576276199974,1000.0,1.0138887179529237,0.0
1016,1676188860000.0,21.62965512121604,0.0,0.66,1578.9839908151553,0.0,0.0,1530.52,0.9708867245063466,1.0,1027.8538615579998,1000.0,995.8676276199974,1000.0,1.0138887179529237,0.0
1017,1676192460000.0,21.62965512121604,0.0,0.66,1578.9839908151553,0.0,0.0,1530.47,0.9708867245063466,1.0,1027.8538615579998,1000.0,995.8346276199974,1000.0,1.0138887179529237,0.0
1018,1676196060000.0,21.62965512121604,0.0,0.66,1578.9839908151553,0.0,0.0,1536.08,0.9708867245063466,1.0,1027.8538615579998,1000.0,999.5372276199973,1000.0,1.0138887179529237,0.0
1019,1676199660000.0,0.0,0.0,0.65,1578.9839908151553,0.0,0.0,1534.71,0.9708867245063466,1.0,1027.4131512098481,1000.0,998.6350571799973,1000.0,0.9989550871733217,0.0
1020,1676203260000.0,0.0,0.0,0.65,1578.9839908151553,0.0,0.0,1532.91,0.9708867245063466,1.0,1027.4131512098481,1000.0,997.4650571799973,1000.0,0.9989550871733217,0.0
1021,1676206860000.0,0.0,0.0,0.65,1578.9839908151553,0.0,0.0,1525.26,0.9708867245063466,1.0,1027.4131512098481,1000.0,992.4925571799972,1000.0,0.9989550871733217,0.0
1022,1676210460000.0,0.0,0.0,0.65,1578.9839908151553,0.0,0.0,1525.8,0.9708867245063466,1.0,1027.4131512098481,1000.0,992.8435571799972,1000.0,0.9989550871733217,0.0
1023,1676214060000.0,0.0,0.0,0.65,1578.9839908151553,0.0,0.0,1533.07,0.9708867245063466,1.0,1027.4131512098481,1000.0,997.5690571799971,1000.0,0.9989550871733217,0.0
1024,1676217660000.0,0.0,0.0,0.65,1578.9839908151553,0.0,0.0,1536.06,0.9708867245063466,1.0,1027.4131512098481,1000.0,999.5125571799972,1000.0,0.9989550871733217,0.0
1025,1676221260000.0,0.0,0.0,0.65,1578.9839908151553,0.0,0.0,1541.29,0.9708867245063466,1.0,1027.4131512098481,1000.0,1002.9120571799972,1000.0,0.9989550871733217,0.0
1026,1676224860000.0,0.0,0.0,0.65,1578.9839908151553,0.0,0.0,1539.47,0.9708867245063466,1.0,1027.4131512098481,1000.0,1001.7290571799972,1000.0,0.9989550871733217,0.0
1027,1676228460000.0,0.0,0.0,0.65,1578.9839908151553,0.0,0.0,1539.1,0.9708867245063466,1.0,1027.4131512098481,1000.0,1001.4885571799972,1000.0,0.9989550871733217,0.0
1028,1676232060000.0,0.0,0.0,0.65,1578.9839908151553,0.0,0.0,1539.05,0.9708867245063466,1.0,1027.4131512098481,1000.0,1001.4560571799972,1000.0,0.9989550871733217,0.0
1029,1676235660000.0,0.0,0.0,0.65,1578.9839908151553,0.0,0.0,1537.01,0.9708867245063466,1.0,1027.4131512098481,1000.0,1000.1300571799973,1000.0,0.9989550871733217,0.0
1030,1676239260000.0,65.30902608823928,0.0,0.68,1576.1973441615453,0.0,0.0,1513.06,0.9566732392472672,1.0,1027.404056289848,1000.0,984.4706622599972,1000.0,1.0432255814721778,0.0
1031,1676242860000.0,65.30902608823928,0.0,0.68,1576.1973441615453,0.0,0.0,1512.97,0.9563086032136908,1.0,1027.404056289848,1000.0,984.4094622599973,1000.0,1.0432255814721778,0.0
1032,1676246460000.0,65.30902608823928,0.0,0.68,1576.1973441615453,0.0,0.0,1514.01,0.9563086032136908,1.0,1027.404056289848,1000.0,985.1166622599973,1000.0,1.0432255814721778,0.0
1033,1676250060000.0,43.56221349254162,0.0,0.67,1576.1973441615453,0.0,0.0,1516.74,0.9563086032136908,1.0,1026.8655375482326,1000.0,987.0291169599973,1000.0,1.0284230816721045,0.0
1034,1676253660000.0,43.56221349254162,0.0,0.67,1576.1973441615453,0.0,0.0,1507.95,0.9563086032136908,1.0,1026.8655375482326,1000.0,981.1398169599973,1000.0,1.0284230816721045,0.0
1035,1676257260000.0,43.56221349254162,0.0,0.67,1576.1973441615453,0.0,0.0,1510.93,0.9563086032136908,1.0,1026.8655375482326,1000.0,983.1364169599973,1000.0,1.0284230816721045,0.0
1036,1676260860000.0,43.56221349254162,0.0,0.67,1576.1973441615453,0.0,0.0,1516.96,0.9563086032136908,1.0,1026.8655375482326,1000.0,987.1765169599973,1000.0,1.0284230816721045,0.0
1037,1676264460000.0,43.56221349254162,0.0,0.67,1576.1973441615453,0.0,0.0,1517.94,0.9563086032136908,1.0,1026.8655375482326,1000.0,987.8331169599974,1000.0,1.0284230816721045,0.0
1038,1676268060000.0,43.56221349254162,0.0,0.67,1576.1973441615453,0.0,0.0,1518.36,0.9563086032136908,1.0,1026.8655375482326,1000.0,988.1145169599972,1000.0,1.0284230816721045,0.0
1039,1676271660000.0,43.56221349254162,0.0,0.67,1576.1973441615453,0.0,0.0,1518.5,0.9563086032136908,1.0,1026.8655375482326,1000.0,988.2083169599973,1000.0,1.0284230816721045,0.0
1040,1676275260000.0,43.56221349254162,0.0,0.67,1576.1973441615453,0.0,0.0,1519.6,0.9563086032136908,1.0,1026.8655375482326,1000.0,988.9453169599972,1000.0,1.0284230816721045,0.0
1041,1676278860000.0,43.56221349254162,0.0,0.67,1576.1973441615453,0.0,0.0,1505.3,0.9563086032136908,1.0,1026.8655375482326,1000.0,979.3643169599973,1000.0,1.0284230816721045,0.0
1042,1676282460000.0,43.56221349254162,0.0,0.67,1576.1973441615453,0.0,0.0,1482.89,0.9563086032136908,1.0,1026.8655375482326,1000.0,964.3496169599973,1000.0,1.0284230816721045,0.0
1043,1676286060000.0,43.56221349254162,0.0,0.67,1576.1973441615453,0.0,0.0,1482.83,0.9563086032136908,1.0,1026.8655375482326,1000.0,964.3094169599972,1000.0,1.0284230816721045,0.0
1044,1676289660000.0,43.56221349254162,0.0,0.67,1576.1973441615453,0.0,0.0,1483.62,0.9563086032136908,1.0,1026.8655375482326,1000.0,964.8387169599972,1000.0,1.0284230816721045,0.0
1045,1676293260000.0,43.56221349254162,0.0,0.67,1576.1973441615453,0.0,0.0,1487.62,0.9563086032136908,1.0,1026.8655375482326,1000.0,967.5187169599972,1000.0,1.0284230816721045,0.0
1046,1676296860000.0,43.56221349254162,0.0,0.67,1576.1973441615453,0.0,0.0,1479.08,0.9563086032136908,1.0,1026.8655375482326,1000.0,961.7969169599972,1000.0,1.0284230816721045,0.0
1047,1676300460000.0,43.56221349254162,0.0,0.67,1576.1973441615453,0.0,0.0,1488.2,0.9563086032136908,1.0,1026.8655375482326,1000.0,967.9073169599973,1000.0,1.0284230816721045,0.0
1048,1676304060000.0,43.56221349254162,0.0,0.67,1576.1973441615453,0.0,0.0,1475.0,0.9563086032136908,1.0,1026.8655375482326,1000.0,959.0633169599973,1000.0,1.0284230816721045,0.0
1049,1676307660000.0,43.56221349254162,0.0,0.67,1576.1973441615453,0.0,0.0,1475.82,0.9563086032136908,1.0,1026.8655375482326,1000.0,959.6127169599972,1000.0,1.0284230816721045,0.0
1050,1676311260000.0,43.56221349254162,0.0,0.67,1576.1973441615453,0.0,0.0,1476.93,0.9563086032136908,1.0,1026.8655375482326,1000.0,960.3564169599973,1000.0,1.0284230816721045,0.0
1051,1676314860000.0,21.606013606064646,0.0,0.66,1576.1973441615453,0.0,0.0,1489.55,0.9563086032136908,1.0,1026.0302781666173,1000.0,968.8430310199974,1000.0,1.013898195095649,0.0
1052,1676318460000.0,21.606013606064646,0.0,0.66,1576.1973441615453,0.0,0.0,1487.63,0.9563086032136908,1.0,1026.0302781666173,1000.0,967.5758310199975,1000.0,1.013898195095649,0.0
1053,1676322060000.0,21.606013606064646,0.0,0.66,1576.1973441615453,0.0,0.0,1487.77,0.9563086032136908,1.0,1026.0302781666173,1000.0,967.6682310199974,1000.0,1.013898195095649,0.0
1054,1676325660000.0,21.606013606064646,0.0,0.66,1576.1973441615453,0.0,0.0,1484.39,0.9563086032136908,1.0,1026.0302781666173,1000.0,965.4374310199975,1000.0,1.013898195095649,0.0
1055,1676329260000.0,21.606013606064646,0.0,0.66,1576.1973441615453,0.0,0.0,1490.99,0.9563086032136908,1.0,1026.0302781666173,1000.0,969.7934310199975,1000.0,1.013898195095649,0.0
1056,1676332860000.0,21.606013606064646,0.0,0.66,1576.1973441615453,0.0,0.0,1504.68,0.9563086032136908,1.0,1026.0302781666173,1000.0,978.8288310199974,1000.0,1.013898195095649,0.0
1057,1676336460000.0,21.606013606064646,0.0,0.66,1576.1973441615453,0.0,0.0,1501.11,0.9563086032136908,1.0,1026.0302781666173,1000.0,976.4726310199974,1000.0,1.013898195095649,0.0
1058,1676340060000.0,21.606013606064646,0.0,0.66,1576.1973441615453,0.0,0.0,1499.02,0.9563086032136908,1.0,1026.0302781666173,1000.0,975.0932310199975,1000.0,1.013898195095649,0.0
1059,1676343660000.0,21.606013606064646,0.0,0.66,1576.1973441615453,0.0,0.0,1497.46,0.9563086032136908,1.0,1026.0302781666173,1000.0,974.0636310199975,1000.0,1.013898195095649,0.0
1060,1676347260000.0,21.606013606064646,0.0,0.66,1576.1973441615453,0.0,0.0,1497.9,0.9563086032136908,1.0,1026.0302781666173,1000.0,974.3540310199975,1000.0,1.013898195095649,0.0
1061,1676350860000.0,21.606013606064646,0.0,0.66,1576.1973441615453,0.0,0.0,1499.2,0.9563086032136908,1.0,1026.0302781666173,1000.0,975.2120310199974,1000.0,1.013898195095649,0.0
1062,1676354460000.0,21.606013606064646,0.0,0.66,1576.1973441615453,0.0,0.0,1501.29,0.9563086032136908,1.0,1026.0302781666173,1000.0,976.5914310199975,1000.0,1.013898195095649,0.0
1063,1676358060000.0,21.606013606064646,0.0,0.66,1576.1973441615453,0.0,0.0,1503.4,0.9563086032136908,1.0,1026.0302781666173,1000.0,977.9840310199975,1000.0,1.013898195095649,0.0
1064,1676361660000.0,0.0,0.0,0.65,1576.1973441615453,0.0,0.0,1505.24,0.9563086032136908,1.0,1025.3107956250017,1000.0,979.1885219199972,1000.0,0.9992367953957608,0.0
1065,1676365260000.0,0.0,0.0,0.65,1576.1973441615453,0.0,0.0,1497.5,0.9563086032136908,1.0,1025.3107956250017,1000.0,974.1575219199972,1000.0,0.9992367953957608,0.0
1066,1676368860000.0,0.0,0.0,0.65,1576.1973441615453,0.0,0.0,1509.66,0.9563086032136908,1.0,1025.3107956250017,1000.0,982.0615219199973,1000.0,0.9992367953957608,0.0
1067,1676372460000.0,0.0,0.0,0.65,1576.1973441615453,0.0,0.0,1509.55,0.9563086032136908,1.0,1025.3107956250017,1000.0,981.9900219199972,1000.0,0.9992367953957608,0.0
1068,1676376060000.0,0.0,0.0,0.65,1576.1973441615453,0.0,0.0,1507.69,0.9563086032136908,1.0,1025.3107956250017,1000.0,980.7810219199973,1000.0,0.9992367953957608,0.0
1069,1676379660000.0,0.0,0.0,0.65,1576.1973441615453,0.0,0.0,1511.9,0.9563086032136908,1.0,1025.3107956250017,1000.0,983.5175219199973,1000.0,0.9992367953957608,0.0
1070,1676383260000.0,0.0,0.0,0.65,1576.1973441615453,0.0,0.0,1513.72,0.9563086032136908,1.0,1025.3107956250017,1000.0,984.7005219199973,1000.0,0.9992367953957608,0.0
1071,1676386860000.0,0.0,0.0,0.65,1576.1973441615453,0.0,0.0,1553.23,0.9563086032136908,1.0,1025.3107956250017,1000.0,1010.3820219199972,1000.0,0.9992367953957608,0.0
1072,1676390460000.0,0.0,0.0,0.65,1576.1973441615453,0.0,0.0,1551.14,0.9563086032136908,1.0,1025.3107956250017,1000.0,1009.0235219199973,1000.0,0.9992367953957608,0.0
1073,1676394060000.0,0.0,0.0,0.65,1576.1973441615453,0.0,0.0,1542.58,0.9563086032136908,1.0,1025.3107956250017,1000.0,1003.4595219199972,1000.0,0.9992367953957608,0.0
1074,1676397660000.0,0.0,0.0,0.65,1576.1973441615453,0.0,0.0,1547.44,0.9563086032136908,1.0,1025.3107956250017,1000.0,1006.6185219199973,1000.0,0.9992367953957608,0.0
1075,1676401260000.0,0.0,0.0,0.65,1576.1973441615453,0.0,0.0,1550.39,0.9563086032136908,1.0,1025.3107956250017,1000.0,1008.5360219199973,1000.0,0.9992367953957608,0.0
1076,1676404860000.0,0.0,0.0,0.65,1576.1973441615453,0.0,0.0,1561.56,0.9563086032136908,1.0,1025.3107956250017,1000.0,1015.7965219199972,1000.0,0.9992367953957608,0.0
1077,1676408460000.0,0.0,0.0,0.65,1576.1973441615453,0.0,0.0,1553.8,0.9563086032136908,1.0,1025.3107956250017,1000.0,1010.7525219199972,1000.0,0.9992367953957608,0.0
1078,1676412060000.0,0.0,0.0,0.64,1576.1973441615453,0.0,0.0,1555.43,0.9563086032136908,1.0,1025.0790155233863,1000.0,1011.7879152599974,1000.0,0.9840863825978641,0.0
1079,1676415660000.0,0.0,0.0,0.64,1576.1973441615453,0.0,0.0,1554.62,0.9563086032136908,1.0,1025.0790155233863,1000.0,1011.2695152599972,1000.0,0.9840863825978641,0.0
1080,1676419260000.0,0.0,0.0,0.64,1576.1973441615453,0.0,0.0,1555.71,0.9563086032136908,1.0,1025.0790155233863,1000.0,1011.9671152599973,1000.0,0.9840863825978641,0.0
1081,1676422860000.0,0.0,0.0,0.64,1576.1973441615453,0.0,0.0,1548.77,0.9563086032136908,1.0,1025.0790155233863,1000.0,1007.5255152599973,1000.0,0.9840863825978641,0.0
1082,1676426460000.0,0.0,0.0,0.64,1576.1973441615453,0.0,0.0,1548.78,0.9563086032136908,1.0,1025.0790155233863,1000.0,1007.5319152599973,1000.0,0.9840863825978641,0.0
1083,1676430060000.0,0.0,0.0,0.64,1576.1973441615453,0.0,0.0,1543.07,0.9563086032136908,1.0,1025.0790155233863,1000.0,1003.8775152599973,1000.0,0.9840863825978641,0.0
1084,1676433660000.0,0.0,0.0,0.64,1576.1973441615453,0.0,0.0,1548.99,0.9563086032136908,1.0,1025.0790155233863,1000.0,1007.6663152599973,1000.0,0.9840863825978641,0.0
1085,1676437260000.0,0.0,0.0,0.64,1576.1973441615453,0.0,0.0,1546.55,0.9563086032136908,1.0,1025.0790155233863,1000.0,1006.1047152599972,1000.0,0.9840863825978641,0.0
1086,1676440860000.0,0.0,0.0,0.64,1576.1973441615453,0.0,0.0,1549.27,0.9563086032136908,1.0,1025.0790155233863,1000.0,1007.8455152599972,1000.0,0.9840863825978641,0.0
1087,1676444460000.0,0.0,0.0,0.64,1576.1973441615453,0.0,0.0,1549.5,0.9563086032136908,1.0,1025.0790155233863,1000.0,1007.9927152599972,1000.0,0.9840863825978641,0.0
1088,1676448060000.0,0.0,0.0,0.64,1576.1973441615453,0.0,0.0,1545.46,0.9563086032136908,1.0,1025.0790155233863,1000.0,1005.4071152599973,1000.0,0.9840863825978641,0.0
1089,1676451660000.0,0.0,0.0,0.64,1576.1973441615453,0.0,0.0,1545.64,0.9563086032136908,1.0,1025.0790155233863,1000.0,1005.5223152599973,1000.0,0.9840863825978641,0.0
1090,1676455260000.0,0.0,0.0,0.64,1576.1973441615453,0.0,0.0,1550.3,0.9563086032136908,1.0,1025.0790155233863,1000.0,1008.5047152599973,1000.0,0.9840863825978641,0.0
1091,1676458860000.0,0.0,0.0,0.63,1576.1973441615453,0.0,0.0,1555.75,0.9563086032136908,1.0,1024.8044439817709,1000.0,1011.9226171599973,1000.0,0.9689695752719014,0.0
1092,1676462460000.0,0.0,0.0,0.63,1576.1973441615453,0.0,0.0,1573.21,0.9563086032136908,1.0,1024.8044439817709,1000.0,1022.9224171599974,1000.0,0.9689695752719014,0.0
1093,1676466060000.0,0.0,0.0,0.2,1576.1973441615453,0.0,0.0,1582.75,0.9563086032136908,1.0,1029.6097446523065,1000.0,1030.9202758199974,1000.0,0.3061737424977108,0.0
1094,1676469660000.0,0.0,0.0,0.2,1576.1973441615453,0.0,0.0,1578.16,0.9563086032136908,1.0,1029.6097446523065,1000.0,1030.0022758199975,1000.0,0.3061737424977108,0.0
1095,1676473260000.0,0.0,0.0,0.2,1576.1973441615453,0.0,0.0,1572.89,0.9563086032136908,1.0,1029.6097446523065,1000.0,1028.9482758199974,1000.0,0.3061737424977108,0.0
1096,1676476860000.0,0.0,0.0,0.2,1576.1973441615453,0.0,0.0,1578.19,0.9563086032136908,1.0,1029.6097446523065,1000.0,1030.0082758199974,1000.0,0.3061737424977108,0.0
1097,1676480460000.0,0.0,0.0,0.15,1576.1973441615453,0.0,0.0,1574.58,0.9563086032136908,1.0,1030.1685005442293,1000.0,1029.9258989199975,1000.0,0.22950575706724485,0.0
1098,1676484060000.0,0.0,0.0,0.15,1576.1973441615453,0.0,0.0,1580.26,0.9563086032136908,1.0,1030.1685005442293,1000.0,1030.7778989199976,1000.0,0.22950575706724485,0.0
1099,1676487660000.0,0.0,0.0,0.1,1576.1973441615453,0.0,0.0,1588.66,0.9563086032136908,1.0,1030.7272564361522,1000.0,1031.9735220199977,1000.0,0.1529208948651861,0.0
1100,1676491260000.0,0.0,0.0,0.01,1576.1973441615453,0.0,0.0,1624.78,0.9563086032136908,1.0,1033.947074141612,1000.0,1034.4329006999965,1000.0,0.015244468344476068,0.0
1101,1676494860000.0,0.0,0.0,0.0,1576.1973441615453,0.0,0.0,1665.49,0.9563086032136908,1.0,1034.5698230999965,1000.0,1034.5698230999965,1000.0,0.0,0.0
1102,1676498460000.0,0.0,0.0,0.0,1576.1973441615453,0.0,0.0,1666.33,0.9563086032136908,1.0,1034.5698230999965,1000.0,1034.5698230999965,1000.0,0.0,0.0
1103,1676502060000.0,0.0,0.0,0.0,1576.1973441615453,0.0,0.0,1665.87,0.9563086032136908,1.0,1034.5698230999965,1000.0,1034.5698230999965,1000.0,0.0,0.0
1104,1676505660000.0,0.0,0.0,0.0,1576.1973441615453,0.0,0.0,1674.1,0.9563086032136908,1.0,1034.5698230999965,1000.0,1034.5698230999965,1000.0,0.0,0.0
1105,1676509260000.0,0.0,0.0,0.0,1576.1973441615453,0.0,0.0,1687.03,0.9563086032136908,1.0,1034.5698230999965,1000.0,1034.5698230999965,1000.0,0.0,0.0
1106,1676512860000.0,0.0,0.0,0.0,1576.1973441615453,0.0,0.0,1695.65,0.9563086032136908,1.0,1034.5698230999965,1000.0,1034.5698230999965,1000.0,0.0,0.0
1107,1676516460000.0,0.0,0.0,0.0,1576.1973441615453,0.0,0.0,1694.27,0.9563086032136908,1.0,1034.5698230999965,1000.0,1034.5698230999965,1000.0,0.0,0.0
1108,1676520060000.0,0.0,0.0,0.0,1576.1973441615453,0.0,0.0,1691.8,0.9563086032136908,1.0,1034.5698230999965,1000.0,1034.5698230999965,1000.0,0.0,0.0
1109,1676523660000.0,0.0,0.0,0.0,1576.1973441615453,0.0,0.0,1696.29,0.9563086032136908,1.0,1034.5698230999965,1000.0,1034.5698230999965,1000.0,0.0,0.0
1110,1676527260000.0,0.0,0.0,0.0,1576.1973441615453,0.0,0.0,1694.49,0.9563086032136908,1.0,1034.5698230999965,1000.0,1034.5698230999965,1000.0,0.0,0.0
1111,1676530860000.0,0.0,0.0,0.0,1576.1973441615453,0.0,0.0,1685.84,0.9563086032136908,1.0,1034.5698230999965,1000.0,1034.5698230999965,1000.0,0.0,0.0
1112,1676534460000.0,0.0,0.0,0.0,1576.1973441615453,0.0,0.0,1682.65,0.9563086032136908,1.0,1034.5698230999965,1000.0,1034.5698230999965,1000.0,0.0,0.0
1113,1676538060000.0,0.0,0.0,0.0,1576.1973441615453,0.0,0.0,1682.41,0.9563086032136908,1.0,1034.5698230999965,1000.0,1034.5698230999965,1000.0,0.0,0.0
1114,1676541660000.0,0.0,0.0,0.0,1576.1973441615453,0.0,0.0,1688.71,0.9563086032136908,1.0,1034.5698230999965,1000.0,1034.5698230999965,1000.0,0.0,0.0
1115,1676545260000.0,0.0,0.0,0.0,1576.1973441615453,0.0,0.0,1687.59,0.9563086032136908,1.0,1034.5698230999965,1000.0,1034.5698230999965,1000.0,0.0,0.0
1116,1676548860000.0,0.0,0.0,0.0,1576.1973441615453,0.0,0.0,1683.1,0.9563086032136908,1.0,1034.5698230999965,1000.0,1034.5698230999965,1000.0,0.0,0.0
1117,1676552460000.0,0.0,0.0,0.0,1576.1973441615453,0.0,0.0,1688.8,0.9563086032136908,1.0,1034.5698230999965,1000.0,1034.5698230999965,1000.0,0.0,0.0
1118,1676556060000.0,0.0,0.0,0.0,1576.1973441615453,0.0,0.0,1673.09,0.9563086032136908,1.0,1034.5698230999965,1000.0,1034.5698230999965,1000.0,0.0,0.0
1119,1676559660000.0,0.0,0.0,0.0,1576.1973441615453,0.0,0.0,1677.32,0.9563086032136908,1.0,1034.5698230999965,1000.0,1034.5698230999965,1000.0,0.0,0.0
1120,1676563260000.0,0.0,0.0,0.0,1576.1973441615453,0.0,0.0,1731.59,0.9563086032136908,1.0,1034.5698230999965,1000.0,1034.5698230999965,1000.0,0.0,0.0
1121,1676566860000.0,0.0,0.0,0.0,1576.1973441615453,0.0,0.0,1717.09,0.9563086032136908,1.0,1034.5698230999965,1000.0,1034.5698230999965,1000.0,0.0,0.0
1122,1676570460000.0,0.0,0.0,0.0,1576.1973441615453,0.0,0.0,1715.86,0.9563086032136908,1.0,1034.5698230999965,1000.0,1034.5698230999965,1000.0,0.0,0.0
1123,1676574060000.0,0.0,0.0,0.0,1576.1973441615453,0.0,0.0,1717.95,0.9563086032136908,1.0,1034.5698230999965,1000.0,1034.5698230999965,1000.0,0.0,0.0
1124,1676577660000.0,0.0,0.0,0.0,1576.1973441615453,0.0,0.0,1709.37,0.9563086032136908,1.0,1034.5698230999965,1000.0,1034.5698230999965,1000.0,0.0,0.0
1125,1676581260000.0,0.0,0.0,0.0,1576.1973441615453,0.0,0.0,1681.36,0.9563086032136908,1.0,1034.5698230999965,1000.0,1034.5698230999965,1000.0,0.0,0.0
1126,1676584860000.0,0.0,0.0,0.0,1672.0,0.0,0.0,1683.66,0.9563086032136908,1.0,1034.915385959997,1000.0,1034.915385959997,1000.0,0.0,0.0
1127,1676588460000.0,0.0,0.0,0.03,1671.99,0.0,0.0,1650.3,0.9563086032136908,1.0,1034.9053540199968,1000.0,1034.254654019997,1000.0,0.0484679104279045,0.0
1128,1676592060000.0,0.0,0.0,0.08,1649.2775000000001,0.0,0.0,1635.0,0.9563086032136908,1.0,1034.8889975199968,1000.0,1033.7467975199968,1000.0,0.12749406005492928,0.0
1129,1676595660000.0,0.0,0.0,0.08,1649.2775000000001,0.0,0.0,1651.5,0.9563086032136908,1.0,1034.8889975199968,1000.0,1035.0667975199967,1000.0,0.12749406005492928,0.0
1130,1676599260000.0,0.0,0.0,0.06,1649.2775000000001,0.0,0.0,1664.16,0.9563086032136908,1.0,1035.1228023199965,1000.0,1036.0157523199964,1000.0,0.09559894707971922,0.0
1131,1676602860000.0,0.0,0.0,0.03,1653.3083333333338,0.0,0.0,1657.95,0.9563086032136908,1.0,1035.587089179996,1000.0,1035.7263391799959,1000.0,0.04789481301787371,0.0
1132,1676606460000.0,0.0,0.0,0.0,1653.3083333333338,0.0,0.0,1664.47,0.9563086032136908,1.0,1035.938647019996,1000.0,1035.938647019996,1000.0,0.0,0.0
1133,1676610060000.0,0.0,0.0,0.03,1661.86,0.0,0.0,1659.27,0.9563086032136908,1.0,1035.928675859996,1000.0,1035.850975859996,1000.0,0.048126672387566884,0.0
1134,1676613660000.0,0.0,0.0,0.03,1661.86,0.0,0.0,1656.37,0.9563086032136908,1.0,1035.928675859996,1000.0,1035.763975859996,1000.0,0.048126672387566884,0.0
1135,1676617260000.0,0.0,0.0,0.03,1661.86,0.0,0.0,1655.96,0.9563086032136908,1.0,1035.928675859996,1000.0,1035.751675859996,1000.0,0.048126672387566884,0.0
1136,1676620860000.0,0.0,0.0,0.03,1661.86,0.0,0.0,1652.91,0.9563086032136908,1.0,1035.928675859996,1000.0,1035.6601758599961,1000.0,0.048126672387566884,0.0
1137,1676624460000.0,0.0,0.0,0.02,1661.86,0.0,0.0,1669.8,0.9563086032136908,1.0,1036.0464279199962,1000.0,1036.205227919996,1000.0,0.03208080169411731,0.0
1138,1676628060000.0,0.0,0.0,0.02,1661.86,0.0,0.0,1663.8,0.9563086032136908,1.0,1036.0464279199962,1000.0,1036.0852279199962,1000.0,0.03208080169411731,0.0
1139,1676631660000.0,0.0,0.0,0.02,1661.86,0.0,0.0,1664.81,0.9563086032136908,1.0,1036.0464279199962,1000.0,1036.1054279199961,1000.0,0.03208080169411731,0.0
1140,1676635260000.0,0.0,0.0,0.02,1661.86,0.0,0.0,1664.52,0.9563086032136908,1.0,1036.0464279199962,1000.0,1036.0996279199962,1000.0,0.03208080169411731,0.0
1141,1676638860000.0,0.0,0.0,0.02,1661.86,0.0,0.0,1664.02,0.9563086032136908,1.0,1036.0464279199962,1000.0,1036.0896279199962,1000.0,0.03208080169411731,0.0
1142,1676642460000.0,0.0,0.0,0.03,1660.0166666666669,0.0,0.0,1660.47,0.9563086032136908,1.0,1036.0431152599963,1000.0,1036.0567152599963,1000.0,0.048067980247619824,0.0
1143,1676646060000.0,0.0,0.0,0.03,1657.4388888888893,0.0,0.0,1659.4,0.9563086032136908,1.0,1036.2718688466632,1000.0,1036.3307021799965,1000.0,0.04798274290896938,0.0
1144,1676649660000.0,0.0,0.0,0.0,1657.4388888888893,0.0,0.0,1676.16,0.9563086032136908,1.0,1036.624285059997,1000.0,1036.624285059997,1000.0,0.0,0.0
1145,1676653260000.0,0.0,0.0,0.0,1657.4388888888893,0.0,0.0,1678.19,0.9563086032136908,1.0,1036.624285059997,1000.0,1036.624285059997,1000.0,0.0,0.0
1146,1676656860000.0,0.0,0.0,0.0,1657.4388888888893,0.0,0.0,1687.99,0.9563086032136908,1.0,1036.624285059997,1000.0,1036.624285059997,1000.0,0.0,0.0
1147,1676660460000.0,0.0,0.0,0.0,1657.4388888888893,0.0,0.0,1696.51,0.9563086032136908,1.0,1036.624285059997,1000.0,1036.624285059997,1000.0,0.0,0.0
1148,1676664060000.0,0.0,0.0,0.0,1657.4388888888893,0.0,0.0,1704.0,0.9563086032136908,1.0,1036.624285059997,1000.0,1036.624285059997,1000.0,0.0,0.0
1149,1676667660000.0,0.0,0.0,0.0,1657.4388888888893,0.0,0.0,1710.94,0.9563086032136908,1.0,1036.624285059997,1000.0,1036.624285059997,1000.0,0.0,0.0
1150,1676671260000.0,0.0,0.0,0.0,1657.4388888888893,0.0,0.0,1690.71,0.9563086032136908,1.0,1036.624285059997,1000.0,1036.624285059997,1000.0,0.0,0.0
1151,1676674860000.0,0.0,0.0,0.0,1657.4388888888893,0.0,0.0,1701.95,0.9563086032136908,1.0,1036.624285059997,1000.0,1036.624285059997,1000.0,0.0,0.0
1152,1676678460000.0,0.0,0.0,0.0,1657.4388888888893,0.0,0.0,1693.38,0.9563086032136908,1.0,1036.624285059997,1000.0,1036.624285059997,1000.0,0.0,0.0
1153,1676682060000.0,0.0,0.0,0.0,1657.4388888888893,0.0,0.0,1696.79,0.9563086032136908,1.0,1036.624285059997,1000.0,1036.624285059997,1000.0,0.0,0.0
1154,1676685660000.0,0.0,0.0,0.0,1657.4388888888893,0.0,0.0,1702.81,0.9563086032136908,1.0,1036.624285059997,1000.0,1036.624285059997,1000.0,0.0,0.0
1155,1676689260000.0,0.0,0.0,0.0,1657.4388888888893,0.0,0.0,1695.82,0.9563086032136908,1.0,1036.624285059997,1000.0,1036.624285059997,1000.0,0.0,0.0
1156,1676692860000.0,0.0,0.0,0.0,1657.4388888888893,0.0,0.0,1700.71,0.9563086032136908,1.0,1036.624285059997,1000.0,1036.624285059997,1000.0,0.0,0.0
1157,1676696460000.0,0.0,0.0,0.0,1657.4388888888893,0.0,0.0,1700.0,0.9563086032136908,1.0,1036.624285059997,1000.0,1036.624285059997,1000.0,0.0,0.0
1158,1676700060000.0,0.0,0.0,0.0,1657.4388888888893,0.0,0.0,1697.88,0.9563086032136908,1.0,1036.624285059997,1000.0,1036.624285059997,1000.0,0.0,0.0
1159,1676703660000.0,0.0,0.0,0.0,1657.4388888888893,0.0,0.0,1693.28,0.9563086032136908,1.0,1036.624285059997,1000.0,1036.624285059997,1000.0,0.0,0.0
1160,1676707260000.0,0.0,0.0,0.0,1657.4388888888893,0.0,0.0,1690.69,0.9563086032136908,1.0,1036.624285059997,1000.0,1036.624285059997,1000.0,0.0,0.0
1161,1676710860000.0,0.0,0.0,0.0,1657.4388888888893,0.0,0.0,1693.82,0.9563086032136908,1.0,1036.624285059997,1000.0,1036.624285059997,1000.0,0.0,0.0
1162,1676714460000.0,0.0,0.0,0.0,1657.4388888888893,0.0,0.0,1693.37,0.9563086032136908,1.0,1036.624285059997,1000.0,1036.624285059997,1000.0,0.0,0.0
1163,1676718060000.0,0.0,0.0,0.0,1657.4388888888893,0.0,0.0,1689.82,0.9563086032136908,1.0,1036.624285059997,1000.0,1036.624285059997,1000.0,0.0,0.0
1164,1676721660000.0,0.0,0.0,0.0,1657.4388888888893,0.0,0.0,1687.73,0.9563086032136908,1.0,1036.624285059997,1000.0,1036.624285059997,1000.0,0.0,0.0
1165,1676725260000.0,0.0,0.0,0.0,1657.4388888888893,0.0,0.0,1696.31,0.9563086032136908,1.0,1036.624285059997,1000.0,1036.624285059997,1000.0,0.0,0.0
1166,1676728860000.0,0.0,0.0,0.0,1657.4388888888893,0.0,0.0,1694.5,0.9563086032136908,1.0,1036.624285059997,1000.0,1036.624285059997,1000.0,0.0,0.0
1167,1676732460000.0,0.0,0.0,0.0,1657.4388888888893,0.0,0.0,1695.87,0.9563086032136908,1.0,1036.624285059997,1000.0,1036.624285059997,1000.0,0.0,0.0
1168,1676736060000.0,0.0,0.0,0.0,1657.4388888888893,0.0,0.0,1695.33,0.9563086032136908,1.0,1036.624285059997,1000.0,1036.624285059997,1000.0,0.0,0.0
1169,1676739660000.0,0.0,0.0,0.0,1657.4388888888893,0.0,0.0,1693.28,0.9563086032136908,1.0,1036.624285059997,1000.0,1036.624285059997,1000.0,0.0,0.0
1170,1676743260000.0,0.0,0.0,0.0,1657.4388888888893,0.0,0.0,1694.0,0.9563086032136908,1.0,1036.624285059997,1000.0,1036.624285059997,1000.0,0.0,0.0
1171,1676746860000.0,0.0,0.0,0.0,1657.4388888888893,0.0,0.0,1694.52,0.9563086032136908,1.0,1036.624285059997,1000.0,1036.624285059997,1000.0,0.0,0.0
1172,1676750460000.0,0.0,0.0,0.03,1682.96,0.0,0.0,1687.35,0.9563086032136908,1.0,1036.614187299997,1000.0,1036.7458872999969,1000.0,0.048705488134891305,0.0
1173,1676754060000.0,0.0,0.0,0.03,1682.96,0.0,0.0,1683.28,0.9563086032136908,1.0,1036.614187299997,1000.0,1036.623787299997,1000.0,0.048705488134891305,0.0
1174,1676757660000.0,0.0,0.0,0.03,1682.96,0.0,0.0,1688.0,0.9563086032136908,1.0,1036.614187299997,1000.0,1036.765387299997,1000.0,0.048705488134891305,0.0
1175,1676761260000.0,0.0,0.0,0.03,1682.96,0.0,0.0,1688.51,0.9563086032136908,1.0,1036.614187299997,1000.0,1036.780687299997,1000.0,0.048705488134891305,0.0
1176,1676764860000.0,0.0,0.0,0.03,1682.96,0.0,0.0,1690.99,0.9563086032136908,1.0,1036.614187299997,1000.0,1036.855087299997,1000.0,0.048705488134891305,0.0
1177,1676768460000.0,0.0,0.0,0.01,1682.96,0.0,0.0,1697.66,0.9563086032136908,1.0,1036.8528063799968,1000.0,1036.9998063799967,1000.0,0.016231426386121107,0.0
1178,1676772060000.0,0.0,0.0,0.0,1682.96,0.0,0.0,1696.29,0.9563086032136908,1.0,1036.9721159199967,1000.0,1036.9721159199967,1000.0,0.0,0.0
1179,1676775660000.0,0.0,0.0,0.0,1682.96,0.0,0.0,1696.79,0.9563086032136908,1.0,1036.9721159199967,1000.0,1036.9721159199967,1000.0,0.0,0.0
1180,1676779260000.0,0.0,0.0,0.0,1682.96,0.0,0.0,1695.24,0.9563086032136908,1.0,1036.9721159199967,1000.0,1036.9721159199967,1000.0,0.0,0.0
1181,1676782860000.0,0.0,0.0,0.0,1682.96,0.0,0.0,1697.5,0.9563086032136908,1.0,1036.9721159199967,1000.0,1036.9721159199967,1000.0,0.0,0.0
1182,1676786460000.0,0.0,0.0,0.0,1682.96,0.0,0.0,1700.71,0.9563086032136908,1.0,1036.9721159199967,1000.0,1036.9721159199967,1000.0,0.0,0.0
1183,1676790060000.0,0.0,0.0,0.0,1682.96,0.0,0.0,1696.16,0.9563086032136908,1.0,1036.9721159199967,1000.0,1036.9721159199967,1000.0,0.0,0.0
1184,1676793660000.0,0.0,0.0,0.0,1682.96,0.0,0.0,1692.58,0.9563086032136908,1.0,1036.9721159199967,1000.0,1036.9721159199967,1000.0,0.0,0.0
1185,1676797260000.0,0.0,0.0,0.0,1682.96,0.0,0.0,1694.18,0.9563086032136908,1.0,1036.9721159199967,1000.0,1036.9721159199967,1000.0,0.0,0.0
1186,1676800860000.0,0.0,0.0,0.0,1682.96,0.0,0.0,1693.13,0.9563086032136908,1.0,1036.9721159199967,1000.0,1036.9721159199967,1000.0,0.0,0.0
1187,1676804460000.0,0.0,0.0,0.0,1682.96,0.0,0.0,1696.2,0.9563086032136908,1.0,1036.9721159199967,1000.0,1036.9721159199967,1000.0,0.0,0.0
1188,1676808060000.0,0.0,0.0,0.0,1682.96,0.0,0.0,1696.41,0.9563086032136908,1.0,1036.9721159199967,1000.0,1036.9721159199967,1000.0,0.0,0.0
1189,1676811660000.0,0.0,0.0,0.0,1682.96,0.0,0.0,1696.85,0.9563086032136908,1.0,1036.9721159199967,1000.0,1036.9721159199967,1000.0,0.0,0.0
1190,1676815260000.0,0.0,0.0,0.0,1682.96,0.0,0.0,1695.96,0.9563086032136908,1.0,1036.9721159199967,1000.0,1036.9721159199967,1000.0,0.0,0.0
1191,1676818860000.0,0.0,0.0,0.0,1682.96,0.0,0.0,1704.58,0.9563086032136908,1.0,1036.9721159199967,1000.0,1036.9721159199967,1000.0,0.0,0.0
1192,1676822460000.0,0.0,0.0,0.0,1682.96,0.0,0.0,1714.93,0.9563086032136908,1.0,1036.9721159199967,1000.0,1036.9721159199967,1000.0,0.0,0.0
1193,1676826060000.0,0.0,0.0,0.0,1682.96,0.0,0.0,1700.0,0.9563086032136908,1.0,1036.9721159199967,1000.0,1036.9721159199967,1000.0,0.0,0.0
1194,1676829660000.0,0.0,0.0,0.03,1687.87,0.0,0.0,1683.94,0.9563086032136908,1.0,1036.9619886999967,1000.0,1036.8440886999967,1000.0,0.048831201675464224,0.0
1195,1676833260000.0,0.0,0.0,0.03,1687.87,0.0,0.0,1685.11,0.9563086032136908,1.0,1036.9619886999967,1000.0,1036.8791886999968,1000.0,0.048831201675464224,0.0
1196,1676836860000.0,0.0,0.0,0.03,1687.87,0.0,0.0,1680.68,0.9563086032136908,1.0,1036.9619886999967,1000.0,1036.7462886999967,1000.0,0.048831201675464224,0.0
1197,1676840460000.0,0.0,0.0,0.03,1687.87,0.0,0.0,1684.3,0.9563086032136908,1.0,1036.9619886999967,1000.0,1036.8548886999968,1000.0,0.048831201675464224,0.0
1198,1676844060000.0,0.0,0.0,0.03,1687.87,0.0,0.0,1684.99,0.9563086032136908,1.0,1036.9619886999967,1000.0,1036.8755886999968,1000.0,0.048831201675464224,0.0
1199,1676847660000.0,0.0,0.0,0.03,1687.87,0.0,0.0,1683.04,0.9563086032136908,1.0,1036.9619886999967,1000.0,1036.8170886999967,1000.0,0.048831201675464224,0.0
1200,1676851260000.0,0.0,0.0,0.03,1687.87,0.0,0.0,1681.34,0.9563086032136908,1.0,1036.9619886999967,1000.0,1036.7660886999968,1000.0,0.048831201675464224,0.0
1201,1676854860000.0,0.0,0.0,0.03,1687.87,0.0,0.0,1677.74,0.9563086032136908,1.0,1036.9619886999967,1000.0,1036.6580886999968,1000.0,0.048831201675464224,0.0
1202,1676858460000.0,0.0,0.0,0.08,1664.9325,0.0,0.0,1669.18,0.9563086032136908,1.0,1036.9454769999968,1000.0,1037.2852769999968,1000.0,0.12844899076598257,0.0
1203,1676862060000.0,0.0,0.0,0.04,1664.9325,0.0,0.0,1679.73,0.9563086032136908,1.0,1037.4175604399964,1000.0,1038.0094604399962,1000.0,0.0641952696190667,0.0
1204,1676865660000.0,0.0,0.0,0.02,1664.9325,0.0,0.0,1683.8,0.9563086032136908,1.0,1037.6536021599961,1000.0,1038.030952159996,1000.0,0.03209033335468118,0.0
1205,1676869260000.0,0.0,0.0,0.02,1664.9325,0.0,0.0,1688.31,0.9563086032136908,1.0,1037.6536021599961,1000.0,1038.1211521599962,1000.0,0.03209033335468118,0.0
1206,1676872860000.0,0.0,0.0,0.02,1664.9325,0.0,0.0,1688.7,0.9563086032136908,1.0,1037.6536021599961,1000.0,1038.128952159996,1000.0,0.03209033335468118,0.0
1207,1676876460000.0,0.0,0.0,0.0,1664.9325,0.0,0.0,1693.7,0.9563086032136908,1.0,1038.2493719199963,1000.0,1038.2493719199963,1000.0,0.0,0.0
1208,1676880060000.0,0.0,0.0,0.0,1664.9325,0.0,0.0,1695.87,0.9563086032136908,1.0,1038.2493719199963,1000.0,1038.2493719199963,1000.0,0.0,0.0
1209,1676883660000.0,0.0,0.0,0.0,1664.9325,0.0,0.0,1692.39,0.9563086032136908,1.0,1038.2493719199963,1000.0,1038.2493719199963,1000.0,0.0,0.0
1210,1676887260000.0,0.0,0.0,0.0,1664.9325,0.0,0.0,1707.0,0.9563086032136908,1.0,1038.2493719199963,1000.0,1038.2493719199963,1000.0,0.0,0.0
1211,1676890860000.0,0.0,0.0,0.0,1664.9325,0.0,0.0,1714.85,0.9563086032136908,1.0,1038.2493719199963,1000.0,1038.2493719199963,1000.0,0.0,0.0
1212,1676894460000.0,0.0,0.0,0.0,1664.9325,0.0,0.0,1714.2,0.9563086032136908,1.0,1038.2493719199963,1000.0,1038.2493719199963,1000.0,0.0,0.0
1213,1676898060000.0,0.0,0.0,0.0,1664.9325,0.0,0.0,1708.27,0.9563086032136908,1.0,1038.2493719199963,1000.0,1038.2493719199963,1000.0,0.0,0.0
1214,1676901660000.0,0.0,0.0,0.0,1664.9325,0.0,0.0,1705.9,0.9563086032136908,1.0,1038.2493719199963,1000.0,1038.2493719199963,1000.0,0.0,0.0
1215,1676905260000.0,0.0,0.0,0.0,1664.9325,0.0,0.0,1711.16,0.9563086032136908,1.0,1038.2493719199963,1000.0,1038.2493719199963,1000.0,0.0,0.0
1216,1676908860000.0,0.0,0.0,0.0,1664.9325,0.0,0.0,1706.98,0.9563086032136908,1.0,1038.2493719199963,1000.0,1038.2493719199963,1000.0,0.0,0.0
1217,1676912460000.0,0.0,0.0,0.0,1688.26,0.0,0.0,1700.39,0.9563086032136908,1.0,1038.5983389399962,1000.0,1038.5983389399962,1000.0,0.0,0.0
1218,1676916060000.0,0.0,0.0,0.0,1688.26,0.0,0.0,1696.57,0.9563086032136908,1.0,1038.5983389399962,1000.0,1038.5983389399962,1000.0,0.0,0.0
1219,1676919660000.0,0.0,0.0,0.0,1688.26,0.0,0.0,1698.39,0.9563086032136908,1.0,1038.5983389399962,1000.0,1038.5983389399962,1000.0,0.0,0.0
1220,1676923260000.0,0.0,0.0,0.0,1688.26,0.0,0.0,1707.99,0.9563086032136908,1.0,1038.5983389399962,1000.0,1038.5983389399962,1000.0,0.0,0.0
1221,1676926860000.0,0.0,0.0,0.0,1688.26,0.0,0.0,1703.69,0.9563086032136908,1.0,1038.5983389399962,1000.0,1038.5983389399962,1000.0,0.0,0.0
1222,1676930460000.0,0.0,0.0,0.0,1688.26,0.0,0.0,1700.6,0.9563086032136908,1.0,1038.5983389399962,1000.0,1038.5983389399962,1000.0,0.0,0.0
1223,1676934060000.0,0.0,0.0,0.0,1688.26,0.0,0.0,1694.33,0.9563086032136908,1.0,1038.5983389399962,1000.0,1038.5983389399962,1000.0,0.0,0.0
1224,1676937660000.0,0.0,0.0,0.0,1688.26,0.0,0.0,1703.42,0.9563086032136908,1.0,1038.5983389399962,1000.0,1038.5983389399962,1000.0,0.0,0.0
1225,1676941260000.0,0.0,0.0,0.0,1688.26,0.0,0.0,1705.29,0.9563086032136908,1.0,1038.5983389399962,1000.0,1038.5983389399962,1000.0,0.0,0.0
1226,1676944860000.0,0.0,0.0,0.0,1688.26,0.0,0.0,1704.32,0.9563086032136908,1.0,1038.5983389399962,1000.0,1038.5983389399962,1000.0,0.0,0.0
1227,1676948460000.0,0.0,0.0,0.0,1688.26,0.0,0.0,1701.69,0.9563086032136908,1.0,1038.5983389399962,1000.0,1038.5983389399962,1000.0,0.0,0.0
1228,1676952060000.0,0.0,0.0,0.0,1688.26,0.0,0.0,1701.55,0.9563086032136908,1.0,1038.5983389399962,1000.0,1038.5983389399962,1000.0,0.0,0.0
1229,1676955660000.0,0.0,0.0,0.0,1688.26,0.0,0.0,1695.5,0.9563086032136908,1.0,1038.5983389399962,1000.0,1038.5983389399962,1000.0,0.0,0.0
1230,1676959260000.0,0.0,0.0,0.0,1688.26,0.0,0.0,1698.16,0.9563086032136908,1.0,1038.5983389399962,1000.0,1038.5983389399962,1000.0,0.0,0.0
1231,1676962860000.0,0.0,0.0,0.0,1688.26,0.0,0.0,1704.99,0.9563086032136908,1.0,1038.5983389399962,1000.0,1038.5983389399962,1000.0,0.0,0.0
1232,1676966460000.0,0.0,0.0,0.0,1688.26,0.0,0.0,1702.23,0.9563086032136908,1.0,1038.5983389399962,1000.0,1038.5983389399962,1000.0,0.0,0.0
1233,1676970060000.0,0.0,0.0,0.03,1691.45,0.0,0.0,1679.65,0.9563086032136908,1.0,1038.5881902399963,1000.0,1038.2341902399962,1000.0,0.04885815232337104,0.0
1234,1676973660000.0,0.0,0.0,0.03,1691.45,0.0,0.0,1682.73,0.9563086032136908,1.0,1038.5881902399963,1000.0,1038.3265902399962,1000.0,0.04885815232337104,0.0
1235,1676977260000.0,0.0,0.0,0.03,1691.45,0.0,0.0,1678.0,0.9563086032136908,1.0,1038.5881902399963,1000.0,1038.1846902399964,1000.0,0.04885815232337104,0.0
1236,1676980860000.0,0.0,0.0,0.03,1691.45,0.0,0.0,1668.47,0.9563086032136908,1.0,1038.5881902399963,1000.0,1037.8987902399963,1000.0,0.04885815232337104,0.0
1237,1676984460000.0,0.0,0.0,0.03,1691.45,0.0,0.0,1676.0,0.9563086032136908,1.0,1038.5881902399963,1000.0,1038.1246902399962,1000.0,0.04885815232337104,0.0
1238,1676988060000.0,0.0,0.0,0.03,1691.45,0.0,0.0,1671.95,0.9563086032136908,1.0,1038.5881902399963,1000.0,1038.0031902399962,1000.0,0.04885815232337104,0.0
1239,1676991660000.0,0.0,0.0,0.03,1691.45,0.0,0.0,1675.03,0.9563086032136908,1.0,1038.5881902399963,1000.0,1038.0955902399962,1000.0,0.04885815232337104,0.0
1240,1676995260000.0,0.0,0.0,0.03,1691.45,0.0,0.0,1673.46,0.9563086032136908,1.0,1038.5881902399963,1000.0,1038.0484902399962,1000.0,0.04885815232337104,0.0
1241,1676998860000.0,0.0,0.0,0.08,1668.4625,0.0,0.0,1662.35,0.9563086032136908,1.0,1038.5716435399963,1000.0,1038.0826435399963,1000.0,0.12851978082613583,0.0
1242,1677002460000.0,0.0,0.0,0.08,1668.4625,0.0,0.0,1677.99,0.9563086032136908,1.0,1038.5716435399963,1000.0,1039.3338435399962,1000.0,0.12851978082613583,0.0
1243,1677006060000.0,0.0,0.0,0.04,1668.4625,0.0,0.0,1677.2,0.9563086032136908,1.0,1039.044498579996,1000.0,1039.393998579996,1000.0,0.06423064660965704,0.0
1244,1677009660000.0,0.0,0.0,0.04,1668.4625,0.0,0.0,1668.8,0.9563086032136908,1.0,1039.044498579996,1000.0,1039.057998579996,1000.0,0.06423064660965704,0.0
1245,1677013260000.0,0.0,0.0,0.04,1668.4625,0.0,0.0,1669.08,0.9563086032136908,1.0,1039.044498579996,1000.0,1039.0691985799958,1000.0,0.06423064660965704,0.0
1246,1677016860000.0,0.0,0.0,0.04,1668.4625,0.0,0.0,1638.29,0.9563086032136908,1.0,1039.044498579996,1000.0,1037.837598579996,1000.0,0.06423064660965704,0.0
1247,1677020460000.0,0.0,0.0,0.04,1668.4625,0.0,0.0,1651.82,0.9563086032136908,1.0,1039.044498579996,1000.0,1038.3787985799959,1000.0,0.06423064660965704,0.0
1248,1677024060000.0,0.0,0.0,0.04,1668.4625,0.0,0.0,1658.83,0.9563086032136908,1.0,1039.044498579996,1000.0,1038.659198579996,1000.0,0.06423064660965704,0.0
1249,1677027660000.0,0.0,0.0,0.04,1668.4625,0.0,0.0,1660.23,0.9563086032136908,1.0,1039.044498579996,1000.0,1038.7151985799958,1000.0,0.06423064660965704,0.0
1250,1677031260000.0,0.0,0.0,0.04,1668.4625,0.0,0.0,1637.16,0.9563086032136908,1.0,1039.044498579996,1000.0,1037.792398579996,1000.0,0.06423064660965704,0.0
1251,1677034860000.0,0.0,0.0,0.11,1645.0618181818184,0.0,0.0,1643.16,0.9563086032136908,1.0,1039.0216549199959,1000.0,1038.8124549199958,1000.0,0.17416075896313596,0.0
1252,1677038460000.0,0.0,0.0,0.11,1645.0618181818184,0.0,0.0,1648.14,0.9563086032136908,1.0,1039.0216549199959,1000.0,1039.360254919996,1000.0,0.17416075896313596,0.0
1253,1677042060000.0,0.0,0.0,0.11,1645.0618181818184,0.0,0.0,1643.01,0.9563086032136908,1.0,1039.0216549199959,1000.0,1038.795954919996,1000.0,0.17416075896313596,0.0
1254,1677045660000.0,0.0,0.0,0.11,1645.0618181818184,0.0,0.0,1640.83,0.9563086032136908,1.0,1039.0216549199959,1000.0,1038.5561549199958,1000.0,0.17416075896313596,0.0
1255,1677049260000.0,0.0,0.0,0.11,1645.0618181818184,0.0,0.0,1635.28,0.9563086032136908,1.0,1039.0216549199959,1000.0,1037.9456549199958,1000.0,0.17416075896313596,0.0
1256,1677052860000.0,0.0,0.0,0.11,1645.0618181818184,0.0,0.0,1642.22,0.9563086032136908,1.0,1039.0216549199959,1000.0,1038.7090549199959,1000.0,0.17416075896313596,0.0
1257,1677056460000.0,0.0,0.0,0.11,1645.0618181818184,0.0,0.0,1630.26,0.9563086032136908,1.0,1039.0216549199959,1000.0,1037.3934549199957,1000.0,0.17416075896313596,0.0
1258,1677060060000.0,0.0,0.0,0.11,1645.0618181818184,0.0,0.0,1639.2,0.9563086032136908,1.0,1039.0216549199959,1000.0,1038.3768549199958,1000.0,0.17416075896313596,0.0
1259,1677063660000.0,0.0,0.0,0.11,1645.0618181818184,0.0,0.0,1643.9,0.9563086032136908,1.0,1039.0216549199959,1000.0,1038.8938549199959,1000.0,0.17416075896313596,0.0
1260,1677067260000.0,0.0,0.0,0.11,1645.0618181818184,0.0,0.0,1643.43,0.9563086032136908,1.0,1039.0216549199959,1000.0,1038.842154919996,1000.0,0.17416075896313596,0.0
1261,1677070860000.0,0.0,0.0,0.11,1645.0618181818184,0.0,0.0,1644.0,0.9563086032136908,1.0,1039.0216549199959,1000.0,1038.9048549199958,1000.0,0.17416075896313596,0.0
1262,1677074460000.0,0.0,0.0,0.11,1645.0618181818184,0.0,0.0,1645.99,0.9563086032136908,1.0,1039.0216549199959,1000.0,1039.123754919996,1000.0,0.17416075896313596,0.0
1263,1677078060000.0,0.0,0.0,0.11,1645.0618181818184,0.0,0.0,1627.59,0.9563086032136908,1.0,1039.0216549199959,1000.0,1037.0997549199958,1000.0,0.17416075896313596,0.0
1264,1677081660000.0,0.0,0.0,0.64,1612.1589062499997,0.0,0.0,1611.39,0.9563086032136908,1.0,1038.8514899399959,1000.0,1038.3593899399962,1000.0,0.9931946096160439,0.0
1265,1677085260000.0,0.0,0.0,0.64,1612.1589062499997,0.0,0.0,1606.62,0.9563086032136908,1.0,1038.8514899399959,1000.0,1035.306589939996,1000.0,0.9931946096160439,0.0
1266,1677088860000.0,0.0,0.0,0.64,1612.1589062499997,0.0,0.0,1609.14,0.9563086032136908,1.0,1038.8514899399959,1000.0,1036.919389939996,1000.0,0.9931946096160439,0.0
1267,1677092460000.0,0.0,0.0,0.64,1612.1589062499997,0.0,0.0,1607.18,0.9563086032136908,1.0,1038.8514899399959,1000.0,1035.664989939996,1000.0,0.9931946096160439,0.0
1268,1677096060000.0,0.0,0.0,0.32,1612.1589062499997,0.0,0.0,1614.91,0.9563086032136908,1.0,1042.507909699996,1000.0,1043.388259699996,1000.0,0.49485557394807544,0.0
1269,1677099660000.0,0.0,0.0,0.32,1612.1589062499997,0.0,0.0,1620.37,0.9563086032136908,1.0,1042.507909699996,1000.0,1045.135459699996,1000.0,0.49485557394807544,0.0
1270,1677103260000.0,0.0,0.0,0.32,1612.1589062499997,0.0,0.0,1619.32,0.9563086032136908,1.0,1042.507909699996,1000.0,1044.799459699996,1000.0,0.49485557394807544,0.0
1271,1677106860000.0,0.0,0.0,0.23,1612.1589062499997,0.0,0.0,1636.09,0.9563086032136908,1.0,1043.536277757496,1000.0,1049.040429319996,1000.0,0.3553269362463584,0.0
1272,1677110460000.0,0.0,0.0,0.09,1612.1589062499997,0.0,0.0,1643.12,0.9563086032136908,1.0,1047.5756733624964,1000.0,1050.3621717999965,1000.0,0.13850484051121378,0.0
1273,1677114060000.0,0.0,0.0,0.06,1612.1589062499997,0.0,0.0,1638.34,0.9563086032136908,1.0,1048.4412581349966,1000.0,1050.0121237599965,1000.0,0.09226032801023666,0.0
1274,1677117660000.0,0.0,0.0,0.0,1612.1589062499997,0.0,0.0,1644.69,0.9563086032136908,1.0,1050.1724276799969,1000.0,1050.1724276799969,1000.0,0.0,0.0
1275,1677121260000.0,0.0,0.0,0.0,1612.1589062499997,0.0,0.0,1677.12,0.9563086032136908,1.0,1050.1724276799969,1000.0,1050.1724276799969,1000.0,0.0,0.0
1276,1677124860000.0,0.0,0.0,0.0,1612.1589062499997,0.0,0.0,1669.0,0.9563086032136908,1.0,1050.1724276799969,1000.0,1050.1724276799969,1000.0,0.0,0.0
1277,1677128460000.0,0.0,0.0,0.0,1612.1589062499997,0.0,0.0,1671.32,0.9563086032136908,1.0,1050.1724276799969,1000.0,1050.1724276799969,1000.0,0.0,0.0
1278,1677132060000.0,0.0,0.0,0.0,1612.1589062499997,0.0,0.0,1665.51,0.9563086032136908,1.0,1050.1724276799969,1000.0,1050.1724276799969,1000.0,0.0,0.0
1279,1677135660000.0,0.0,0.0,0.0,1612.1589062499997,0.0,0.0,1665.87,0.9563086032136908,1.0,1050.1724276799969,1000.0,1050.1724276799969,1000.0,0.0,0.0
1280,1677139260000.0,0.0,0.0,0.0,1612.1589062499997,0.0,0.0,1666.79,0.9563086032136908,1.0,1050.1724276799969,1000.0,1050.1724276799969,1000.0,0.0,0.0
1281,1677142860000.0,0.0,0.0,0.0,1612.1589062499997,0.0,0.0,1668.38,0.9563086032136908,1.0,1050.1724276799969,1000.0,1050.1724276799969,1000.0,0.0,0.0
1282,1677146460000.0,0.0,0.0,0.0,1612.1589062499997,0.0,0.0,1663.84,0.9563086032136908,1.0,1050.1724276799969,1000.0,1050.1724276799969,1000.0,0.0,0.0
1283,1677150060000.0,0.0,0.0,0.0,1612.1589062499997,0.0,0.0,1665.85,0.9563086032136908,1.0,1050.1724276799969,1000.0,1050.1724276799969,1000.0,0.0,0.0
1284,1677153660000.0,0.0,0.0,0.03,1643.09,0.0,0.0,1633.36,0.9563086032136908,1.0,1050.1625691399968,1000.0,1049.8706691399968,1000.0,0.046938161241422804,0.0
1285,1677157260000.0,0.0,0.0,0.03,1643.09,0.0,0.0,1649.05,0.9563086032136908,1.0,1050.1625691399968,1000.0,1050.3413691399967,1000.0,0.046938161241422804,0.0
1286,1677160860000.0,0.0,0.0,0.0,1643.09,0.0,0.0,1653.42,0.9563086032136908,1.0,1050.5120387199968,1000.0,1050.5120387199968,1000.0,0.0,0.0
1287,1677164460000.0,0.0,0.0,0.0,1643.09,0.0,0.0,1659.77,0.9563086032136908,1.0,1050.5120387199968,1000.0,1050.5120387199968,1000.0,0.0,0.0
1288,1677168060000.0,0.0,0.0,0.0,1643.09,0.0,0.0,1657.34,0.9563086032136908,1.0,1050.5120387199968,1000.0,1050.5120387199968,1000.0,0.0,0.0
1289,1677171660000.0,0.0,0.0,0.0,1643.09,0.0,0.0,1647.61,0.9563086032136908,1.0,1050.5120387199968,1000.0,1050.5120387199968,1000.0,0.0,0.0
1290,1677175260000.0,0.0,0.0,0.03,1643.28,0.0,0.0,1645.19,0.9563086032136908,1.0,1050.5021790399967,1000.0,1050.5594790399966,1000.0,0.04692841289015834,0.0
1291,1677178860000.0,0.0,0.0,0.03,1643.28,0.0,0.0,1644.41,0.9563086032136908,1.0,1050.5021790399967,1000.0,1050.5360790399966,1000.0,0.04692841289015834,0.0
1292,1677182460000.0,0.0,0.0,0.0,1643.28,0.0,0.0,1654.89,0.9563086032136908,1.0,1050.8516474799965,1000.0,1050.8516474799965,1000.0,0.0,0.0
1293,1677186060000.0,0.0,0.0,0.0,1643.28,0.0,0.0,1651.22,0.9563086032136908,1.0,1050.8516474799965,1000.0,1050.8516474799965,1000.0,0.0,0.0
1294,1677189660000.0,0.0,0.0,0.0,1643.28,0.0,0.0,1645.14,0.9563086032136908,1.0,1050.8516474799965,1000.0,1050.8516474799965,1000.0,0.0,0.0
1295,1677193260000.0,0.0,0.0,0.03,1642.54,0.0,0.0,1647.69,0.9563086032136908,1.0,1050.8417922399965,1000.0,1050.9962922399966,1000.0,0.046892120549337696,0.0
1296,1677196860000.0,0.0,0.0,0.03,1642.54,0.0,0.0,1647.36,0.9563086032136908,1.0,1050.8417922399965,1000.0,1050.9863922399966,1000.0,0.046892120549337696,0.0
1297,1677200460000.0,0.0,0.0,0.01,1642.54,0.0,0.0,1652.97,0.9563086032136908,1.0,1051.0745741999965,1000.0,1051.1788741999965,1000.0,0.015627245110083506,0.0
1298,1677204060000.0,0.0,0.0,0.0,1642.54,0.0,0.0,1654.1,0.9563086032136908,1.0,1051.1909651799965,1000.0,1051.1909651799965,1000.0,0.0,0.0
1299,1677207660000.0,0.0,0.0,0.0,1642.54,0.0,0.0,1647.71,0.9563086032136908,1.0,1051.1909651799965,1000.0,1051.1909651799965,1000.0,0.0,0.0
1300,1677211260000.0,0.0,0.0,0.0,1642.54,0.0,0.0,1649.4,0.9563086032136908,1.0,1051.1909651799965,1000.0,1051.1909651799965,1000.0,0.0,0.0
1301,1677214860000.0,0.0,0.0,0.0,1642.54,0.0,0.0,1645.45,0.9563086032136908,1.0,1051.1909651799965,1000.0,1051.1909651799965,1000.0,0.0,0.0
1302,1677218460000.0,0.0,0.0,0.0,1642.54,0.0,0.0,1643.93,0.9563086032136908,1.0,1051.1909651799965,1000.0,1051.1909651799965,1000.0,0.0,0.0
1303,1677222060000.0,0.0,0.0,0.03,1640.99,0.0,0.0,1651.39,0.9563086032136908,1.0,1051.1811192399964,1000.0,1051.4931192399963,1000.0,0.04683274756265891,0.0
1304,1677225660000.0,0.0,0.0,0.01,1640.99,0.0,0.0,1652.0,0.9563086032136908,1.0,1051.4137074399964,1000.0,1051.5238074399965,1000.0,0.015607462489675126,0.0
1305,1677229260000.0,0.0,0.0,0.0,1640.99,0.0,0.0,1653.49,0.9563086032136908,1.0,1051.5300015399964,1000.0,1051.5300015399964,1000.0,0.0,0.0
1306,1677232860000.0,0.0,0.0,0.0,1640.99,0.0,0.0,1647.05,0.9563086032136908,1.0,1051.5300015399964,1000.0,1051.5300015399964,1000.0,0.0,0.0
1307,1677236460000.0,0.0,0.0,0.0,1640.99,0.0,0.0,1647.79,0.9563086032136908,1.0,1051.5300015399964,1000.0,1051.5300015399964,1000.0,0.0,0.0
1308,1677240060000.0,0.0,0.0,0.0,1640.99,0.0,0.0,1646.82,0.9563086032136908,1.0,1051.5300015399964,1000.0,1051.5300015399964,1000.0,0.0,0.0
1309,1677243660000.0,0.0,0.0,0.0,1640.99,0.0,0.0,1643.11,0.9563086032136908,1.0,1051.5300015399964,1000.0,1051.5300015399964,1000.0,0.0,0.0
1310,1677247260000.0,0.0,0.0,0.03,1639.93,0.0,0.0,1633.77,0.9563086032136908,1.0,1051.5201619599964,1000.0,1051.3353619599964,1000.0,0.04678740530119447,0.0
1311,1677250860000.0,0.0,0.0,0.03,1639.93,0.0,0.0,1632.87,0.9563086032136908,1.0,1051.5201619599964,1000.0,1051.3083619599963,1000.0,0.04678740530119447,0.0
1312,1677254460000.0,0.0,0.0,0.08,1617.68625,0.0,0.0,1587.55,0.9563086032136908,1.0,1051.5041185599964,1000.0,1049.0932185599963,1000.0,0.12307598012761932,0.0
1313,1677258060000.0,0.0,0.0,0.22,1593.8377272727275,0.0,0.0,1592.59,0.9563086032136908,1.0,1051.4598726799964,1000.0,1051.1853726799964,1000.0,0.3334832922404029,0.0
1314,1677261660000.0,0.0,0.0,0.22,1593.8377272727275,0.0,0.0,1594.19,0.9563086032136908,1.0,1051.4598726799964,1000.0,1051.5373726799962,1000.0,0.3334832922404029,0.0
1315,1677265260000.0,0.0,0.0,0.22,1593.8377272727275,0.0,0.0,1595.07,0.9563086032136908,1.0,1051.4598726799964,1000.0,1051.7309726799963,1000.0,0.3334832922404029,0.0
1316,1677268860000.0,0.0,0.0,0.19,1593.8377272727275,0.0,0.0,1610.96,0.9563086032136908,1.0,1051.7986081618144,1000.0,1055.0518399799962,1000.0,0.2879155437475435,0.0
1317,1677272460000.0,0.0,0.0,0.19,1593.8377272727275,0.0,0.0,1608.85,0.9563086032136908,1.0,1051.7986081618144,1000.0,1054.650939979996,1000.0,0.2879155437475435,0.0
1318,1677276060000.0,0.0,0.0,0.12,1593.8377272727275,0.0,0.0,1599.98,0.9563086032136908,1.0,1052.5889909527232,1000.0,1053.326063679996,1000.0,0.1817048524321092,0.0
1319,1677279660000.0,0.0,0.0,0.08,1593.8377272727275,0.0,0.0,1601.86,0.9563086032136908,1.0,1053.040638261814,1000.0,1053.6824200799956,1000.0,0.12108461302337373,0.0
1320,1677283260000.0,0.0,0.0,0.04,1593.8377272727275,0.0,0.0,1607.56,0.9563086032136908,1.0,1053.4922855709046,1000.0,1054.0411764799956,1000.0,0.06051635115330725,0.0
1321,1677286860000.0,0.0,0.0,0.03,1597.695151515152,0.0,0.0,1603.22,0.9563086032136908,1.0,1053.71489840545,1000.0,1053.8806438599954,1000.0,0.04548749820087639,0.0
1322,1677290460000.0,0.0,0.0,0.03,1597.695151515152,0.0,0.0,1605.58,0.9563086032136908,1.0,1053.71489840545,1000.0,1053.9514438599954,1000.0,0.04548749820087639,0.0
1323,1677294060000.0,0.0,0.0,0.03,1597.695151515152,0.0,0.0,1598.22,0.9563086032136908,1.0,1053.71489840545,1000.0,1053.7306438599953,1000.0,0.04548749820087639,0.0
1324,1677297660000.0,0.0,0.0,0.03,1597.695151515152,0.0,0.0,1598.95,0.9563086032136908,1.0,1053.71489840545,1000.0,1053.7525438599955,1000.0,0.04548749820087639,0.0
1325,1677301260000.0,0.0,0.0,0.03,1597.695151515152,0.0,0.0,1601.07,0.9563086032136908,1.0,1053.71489840545,1000.0,1053.8161438599955,1000.0,0.04548749820087639,0.0
1326,1677304860000.0,0.0,0.0,0.03,1597.695151515152,0.0,0.0,1595.62,0.9563086032136908,1.0,1053.71489840545,1000.0,1053.6526438599954,1000.0,0.04548749820087639,0.0
1327,1677308460000.0,0.0,0.0,0.03,1597.695151515152,0.0,0.0,1600.03,0.9563086032136908,1.0,1053.71489840545,1000.0,1053.7849438599953,1000.0,0.04548749820087639,0.0
1328,1677312060000.0,0.0,0.0,0.03,1597.695151515152,0.0,0.0,1603.44,0.9563086032136908,1.0,1053.71489840545,1000.0,1053.8872438599954,1000.0,0.04548749820087639,0.0
1329,1677315660000.0,0.0,0.0,0.03,1597.695151515152,0.0,0.0,1602.3,0.9563086032136908,1.0,1053.71489840545,1000.0,1053.8530438599953,1000.0,0.04548749820087639,0.0
1330,1677319260000.0,0.0,0.0,0.03,1597.695151515152,0.0,0.0,1601.59,0.9563086032136908,1.0,1053.71489840545,1000.0,1053.8317438599954,1000.0,0.04548749820087639,0.0
1331,1677322860000.0,0.0,0.0,0.03,1597.695151515152,0.0,0.0,1596.63,0.9563086032136908,1.0,1053.71489840545,1000.0,1053.6829438599955,1000.0,0.04548749820087639,0.0
1332,1677326460000.0,0.0,0.0,0.03,1597.695151515152,0.0,0.0,1599.68,0.9563086032136908,1.0,1053.71489840545,1000.0,1053.7744438599955,1000.0,0.04548749820087639,0.0
1333,1677330060000.0,0.0,0.0,0.03,1597.695151515152,0.0,0.0,1601.17,0.9563086032136908,1.0,1053.71489840545,1000.0,1053.8191438599954,1000.0,0.04548749820087639,0.0
1334,1677333660000.0,0.0,0.0,0.03,1597.695151515152,0.0,0.0,1599.31,0.9563086032136908,1.0,1053.71489840545,1000.0,1053.7633438599953,1000.0,0.04548749820087639,0.0
1335,1677337260000.0,0.0,0.0,0.03,1597.695151515152,0.0,0.0,1597.94,0.9563086032136908,1.0,1053.71489840545,1000.0,1053.7222438599954,1000.0,0.04548749820087639,0.0
1336,1677340860000.0,0.0,0.0,0.03,1597.695151515152,0.0,0.0,1596.63,0.9563086032136908,1.0,1053.71489840545,1000.0,1053.6829438599955,1000.0,0.04548749820087639,0.0
1337,1677344460000.0,0.0,0.0,0.03,1597.695151515152,0.0,0.0,1596.08,0.9563086032136908,1.0,1053.71489840545,1000.0,1053.6664438599953,1000.0,0.04548749820087639,0.0
1338,1677348060000.0,0.0,0.0,0.03,1597.695151515152,0.0,0.0,1597.74,0.9563086032136908,1.0,1053.71489840545,1000.0,1053.7162438599953,1000.0,0.04548749820087639,0.0
1339,1677351660000.0,0.0,0.0,0.03,1597.695151515152,0.0,0.0,1585.99,0.9563086032136908,1.0,1053.71489840545,1000.0,1053.3637438599953,1000.0,0.04548749820087639,0.0
1340,1677355260000.0,0.0,0.0,0.03,1597.695151515152,0.0,0.0,1584.5,0.9563086032136908,1.0,1053.71489840545,1000.0,1053.3190438599954,1000.0,0.04548749820087639,0.0
1341,1677358860000.0,0.0,0.0,0.08,1576.048181818182,0.0,0.0,1573.87,0.9563086032136908,1.0,1053.69926780545,1000.0,1053.5250132599956,1000.0,0.11965829188441086,0.0
1342,1677362460000.0,0.0,0.0,0.08,1576.048181818182,0.0,0.0,1574.59,0.9563086032136908,1.0,1053.69926780545,1000.0,1053.5826132599955,1000.0,0.11965829188441086,0.0
1343,1677366060000.0,0.0,0.0,0.05,1576.048181818182,0.0,0.0,1589.56,0.9563086032136908,1.0,1054.034497110905,1000.0,1054.710088019996,1000.0,0.07476264705463198,0.0
1344,1677369660000.0,0.0,0.0,0.05,1576.048181818182,0.0,0.0,1593.57,0.9563086032136908,1.0,1054.034497110905,1000.0,1054.9105880199959,1000.0,0.07476264705463198,0.0
1345,1677373260000.0,0.0,0.0,0.05,1576.048181818182,0.0,0.0,1590.09,0.9563086032136908,1.0,1054.034497110905,1000.0,1054.736588019996,1000.0,0.07476264705463198,0.0
1346,1677376860000.0,0.0,0.0,0.05,1576.048181818182,0.0,0.0,1591.8,0.9563086032136908,1.0,1054.034497110905,1000.0,1054.8220880199958,1000.0,0.07476264705463198,0.0
1347,1677380460000.0,0.0,0.0,0.05,1576.048181818182,0.0,0.0,1602.0,0.9563086032136908,1.0,1054.034497110905,1000.0,1055.3320880199958,1000.0,0.07476264705463198,0.0
1348,1677384060000.0,0.0,0.0,0.04,1576.048181818182,0.0,0.0,1602.68,0.9563086032136908,1.0,1054.3165061527232,1000.0,1055.3817788799959,1000.0,0.05979411960718685,0.0
1349,1677387660000.0,0.0,0.0,0.04,1576.048181818182,0.0,0.0,1600.43,0.9563086032136908,1.0,1054.3165061527232,1000.0,1055.291778879996,1000.0,0.05979411960718685,0.0
1350,1677391260000.0,0.0,0.0,0.04,1576.048181818182,0.0,0.0,1598.7,0.9563086032136908,1.0,1054.3165061527232,1000.0,1055.2225788799958,1000.0,0.05979411960718685,0.0
1351,1677394860000.0,0.0,0.0,0.04,1576.048181818182,0.0,0.0,1600.42,0.9563086032136908,1.0,1054.3165061527232,1000.0,1055.2913788799958,1000.0,0.05979411960718685,0.0
1352,1677398460000.0,0.0,0.0,0.04,1576.048181818182,0.0,0.0,1599.26,0.9563086032136908,1.0,1054.3165061527232,1000.0,1055.2449788799959,1000.0,0.05979411960718685,0.0
1353,1677402060000.0,0.0,0.0,0.04,1576.048181818182,0.0,0.0,1600.96,0.9563086032136908,1.0,1054.3165061527232,1000.0,1055.3129788799959,1000.0,0.05979411960718685,0.0
1354,1677405660000.0,0.0,0.0,0.0,1576.048181818182,0.0,0.0,1604.04,0.9563086032136908,1.0,1055.4445423199957,1000.0,1055.4445423199957,1000.0,0.0,0.0
1355,1677409260000.0,0.0,0.0,0.0,1576.048181818182,0.0,0.0,1601.96,0.9563086032136908,1.0,1055.4445423199957,1000.0,1055.4445423199957,1000.0,0.0,0.0
1356,1677412860000.0,0.0,0.0,0.0,1576.048181818182,0.0,0.0,1603.99,0.9563086032136908,1.0,1055.4445423199957,1000.0,1055.4445423199957,1000.0,0.0,0.0
1357,1677416460000.0,0.0,0.0,0.0,1576.048181818182,0.0,0.0,1597.03,0.9563086032136908,1.0,1055.4445423199957,1000.0,1055.4445423199957,1000.0,0.0,0.0
1358,1677420060000.0,0.0,0.0,0.0,1576.048181818182,0.0,0.0,1601.08,0.9563086032136908,1.0,1055.4445423199957,1000.0,1055.4445423199957,1000.0,0.0,0.0
1359,1677423660000.0,0.0,0.0,0.0,1576.048181818182,0.0,0.0,1603.47,0.9563086032136908,1.0,1055.4445423199957,1000.0,1055.4445423199957,1000.0,0.0,0.0
1360,1677427260000.0,0.0,0.0,0.0,1576.048181818182,0.0,0.0,1604.59,0.9563086032136908,1.0,1055.4445423199957,1000.0,1055.4445423199957,1000.0,0.0,0.0
1361,1677430860000.0,0.0,0.0,0.0,1576.048181818182,0.0,0.0,1601.55,0.9563086032136908,1.0,1055.4445423199957,1000.0,1055.4445423199957,1000.0,0.0,0.0
1362,1677434460000.0,0.0,0.0,0.0,1576.048181818182,0.0,0.0,1607.54,0.9563086032136908,1.0,1055.4445423199957,1000.0,1055.4445423199957,1000.0,0.0,0.0
1363,1677438060000.0,0.0,0.0,0.0,1576.048181818182,0.0,0.0,1630.08,0.9563086032136908,1.0,1055.4445423199957,1000.0,1055.4445423199957,1000.0,0.0,0.0
1364,1677441660000.0,0.0,0.0,0.0,1576.048181818182,0.0,0.0,1634.98,0.9563086032136908,1.0,1055.4445423199957,1000.0,1055.4445423199957,1000.0,0.0,0.0
1365,1677445260000.0,0.0,0.0,0.0,1576.048181818182,0.0,0.0,1640.17,0.9563086032136908,1.0,1055.4445423199957,1000.0,1055.4445423199957,1000.0,0.0,0.0
1366,1677448860000.0,0.0,0.0,0.0,1576.048181818182,0.0,0.0,1642.22,0.9563086032136908,1.0,1055.4445423199957,1000.0,1055.4445423199957,1000.0,0.0,0.0
1367,1677452460000.0,0.0,0.0,0.0,1576.048181818182,0.0,0.0,1633.24,0.9563086032136908,1.0,1055.4445423199957,1000.0,1055.4445423199957,1000.0,0.0,0.0
1368,1677456060000.0,0.0,0.0,0.0,1576.048181818182,0.0,0.0,1639.81,0.9563086032136908,1.0,1055.4445423199957,1000.0,1055.4445423199957,1000.0,0.0,0.0
1369,1677459660000.0,0.0,0.0,0.0,1576.048181818182,0.0,0.0,1637.28,0.9563086032136908,1.0,1055.4445423199957,1000.0,1055.4445423199957,1000.0,0.0,0.0
1370,1677463260000.0,0.0,0.0,0.0,1576.048181818182,0.0,0.0,1643.88,0.9563086032136908,1.0,1055.4445423199957,1000.0,1055.4445423199957,1000.0,0.0,0.0
1371,1677466860000.0,0.0,0.0,0.0,1576.048181818182,0.0,0.0,1640.99,0.9563086032136908,1.0,1055.4445423199957,1000.0,1055.4445423199957,1000.0,0.0,0.0
1372,1677470460000.0,0.0,0.0,0.0,1576.048181818182,0.0,0.0,1640.05,0.9563086032136908,1.0,1055.4445423199957,1000.0,1055.4445423199957,1000.0,0.0,0.0
1373,1677474060000.0,0.0,0.0,0.0,1576.048181818182,0.0,0.0,1635.56,0.9563086032136908,1.0,1055.4445423199957,1000.0,1055.4445423199957,1000.0,0.0,0.0
1374,1677477660000.0,0.0,0.0,0.0,1576.048181818182,0.0,0.0,1634.54,0.9563086032136908,1.0,1055.4445423199957,1000.0,1055.4445423199957,1000.0,0.0,0.0
1375,1677481260000.0,0.0,0.0,0.0,1576.048181818182,0.0,0.0,1636.25,0.9563086032136908,1.0,1055.4445423199957,1000.0,1055.4445423199957,1000.0,0.0,0.0
1376,1677484860000.0,0.0,0.0,0.0,1576.048181818182,0.0,0.0,1636.48,0.9563086032136908,1.0,1055.4445423199957,1000.0,1055.4445423199957,1000.0,0.0,0.0
1377,1677488460000.0,0.0,0.0,0.0,1576.048181818182,0.0,0.0,1634.58,0.9563086032136908,1.0,1055.4445423199957,1000.0,1055.4445423199957,1000.0,0.0,0.0
1378,1677492060000.0,0.0,0.0,0.0,1576.048181818182,0.0,0.0,1637.31,0.9563086032136908,1.0,1055.4445423199957,1000.0,1055.4445423199957,1000.0,0.0,0.0
1379,1677495660000.0,0.0,0.0,0.0,1576.048181818182,0.0,0.0,1636.56,0.9563086032136908,1.0,1055.4445423199957,1000.0,1055.4445423199957,1000.0,0.0,0.0
1380,1677499260000.0,0.0,0.0,0.0,1576.048181818182,0.0,0.0,1641.04,0.9563086032136908,1.0,1055.4445423199957,1000.0,1055.4445423199957,1000.0,0.0,0.0
1381,1677502860000.0,0.0,0.0,0.0,1576.048181818182,0.0,0.0,1639.89,0.9563086032136908,1.0,1055.4445423199957,1000.0,1055.4445423199957,1000.0,0.0,0.0
1382,1677506460000.0,0.0,0.0,0.0,1576.048181818182,0.0,0.0,1662.43,0.9563086032136908,1.0,1055.4445423199957,1000.0,1055.4445423199957,1000.0,0.0,0.0
1383,1677510060000.0,0.0,0.0,0.0,1576.048181818182,0.0,0.0,1656.57,0.9563086032136908,1.0,1055.4445423199957,1000.0,1055.4445423199957,1000.0,0.0,0.0
1384,1677513660000.0,0.0,0.0,0.0,1576.048181818182,0.0,0.0,1644.75,0.9563086032136908,1.0,1055.4445423199957,1000.0,1055.4445423199957,1000.0,0.0,0.0
1385,1677517260000.0,0.0,0.0,0.0,1627.07,0.0,0.0,1635.65,0.9563086032136908,1.0,1055.7807463199956,1000.0,1055.7807463199956,1000.0,0.0,0.0
1386,1677520860000.0,0.0,0.0,0.0,1627.07,0.0,0.0,1634.39,0.9563086032136908,1.0,1055.7807463199956,1000.0,1055.7807463199956,1000.0,0.0,0.0
1387,1677524460000.0,0.0,0.0,0.03,1626.84,0.0,0.0,1620.0,0.9563086032136908,1.0,1055.7709852799956,1000.0,1055.5657852799955,1000.0,0.04622707071937256,0.0
1388,1677528060000.0,0.0,0.0,0.03,1626.84,0.0,0.0,1616.91,0.9563086032136908,1.0,1055.7709852799956,1000.0,1055.4730852799955,1000.0,0.04622707071937256,0.0
1389,1677531660000.0,0.0,0.0,0.03,1626.84,0.0,0.0,1623.43,0.9563086032136908,1.0,1055.7709852799956,1000.0,1055.6686852799955,1000.0,0.04622707071937256,0.0
1390,1677535260000.0,0.0,0.0,0.03,1626.84,0.0,0.0,1625.5,0.9563086032136908,1.0,1055.7709852799956,1000.0,1055.7307852799956,1000.0,0.04622707071937256,0.0
1391,1677538860000.0,0.0,0.0,0.03,1626.84,0.0,0.0,1632.98,0.9563086032136908,1.0,1055.7709852799956,1000.0,1055.9551852799955,1000.0,0.04622707071937256,0.0
1392,1677542460000.0,0.0,0.0,0.03,1626.84,0.0,0.0,1633.43,0.9563086032136908,1.0,1055.7709852799956,1000.0,1055.9686852799955,1000.0,0.04622707071937256,0.0
1393,1677546060000.0,0.0,0.0,0.03,1626.84,0.0,0.0,1627.21,0.9563086032136908,1.0,1055.7709852799956,1000.0,1055.7820852799955,1000.0,0.04622707071937256,0.0
1394,1677549660000.0,0.0,0.0,0.03,1626.84,0.0,0.0,1631.5,0.9563086032136908,1.0,1055.7709852799956,1000.0,1055.9107852799955,1000.0,0.04622707071937256,0.0
1395,1677553260000.0,0.0,0.0,0.03,1626.84,0.0,0.0,1629.35,0.9563086032136908,1.0,1055.7709852799956,1000.0,1055.8462852799955,1000.0,0.04622707071937256,0.0
1396,1677556860000.0,0.0,0.0,0.03,1626.84,0.0,0.0,1632.01,0.9563086032136908,1.0,1055.7709852799956,1000.0,1055.9260852799955,1000.0,0.04622707071937256,0.0
1397,1677560460000.0,0.0,0.0,0.03,1626.84,0.0,0.0,1626.73,0.9563086032136908,1.0,1055.7709852799956,1000.0,1055.7676852799955,1000.0,0.04622707071937256,0.0
1398,1677564060000.0,0.0,0.0,0.03,1626.84,0.0,0.0,1625.32,0.9563086032136908,1.0,1055.7709852799956,1000.0,1055.7253852799956,1000.0,0.04622707071937256,0.0
1399,1677567660000.0,0.0,0.0,0.03,1626.84,0.0,0.0,1627.61,0.9563086032136908,1.0,1055.7709852799956,1000.0,1055.7940852799957,1000.0,0.04622707071937256,0.0
1400,1677571260000.0,0.0,0.0,0.03,1626.84,0.0,0.0,1616.01,0.9563086032136908,1.0,1055.7709852799956,1000.0,1055.4460852799955,1000.0,0.04622707071937256,0.0
1401,1677574860000.0,0.0,0.0,0.03,1626.84,0.0,0.0,1620.17,0.9563086032136908,1.0,1055.7709852799956,1000.0,1055.5708852799955,1000.0,0.04622707071937256,0.0
1402,1677578460000.0,0.0,0.0,0.03,1626.84,0.0,0.0,1620.72,0.9563086032136908,1.0,1055.7709852799956,1000.0,1055.5873852799955,1000.0,0.04622707071937256,0.0
1403,1677582060000.0,0.0,0.0,0.03,1626.84,0.0,0.0,1626.97,0.9563086032136908,1.0,1055.7709852799956,1000.0,1055.7748852799955,1000.0,0.04622707071937256,0.0
1404,1677585660000.0,0.0,0.0,0.03,1626.84,0.0,0.0,1629.68,0.9563086032136908,1.0,1055.7709852799956,1000.0,1055.8561852799955,1000.0,0.04622707071937256,0.0
1405,1677589260000.0,0.0,0.0,0.0,1626.84,0.0,0.0,1641.44,0.9563086032136908,1.0,1056.116953079996,1000.0,1056.116953079996,1000.0,0.0,0.0
1406,1677592860000.0,0.0,0.0,0.0,1626.84,0.0,0.0,1636.06,0.9563086032136908,1.0,1056.116953079996,1000.0,1056.116953079996,1000.0,0.0,0.0
1407,1677596460000.0,0.0,0.0,0.0,1626.84,0.0,0.0,1637.03,0.9563086032136908,1.0,1056.116953079996,1000.0,1056.116953079996,1000.0,0.0,0.0
1408,1677600060000.0,0.0,0.0,0.0,1626.84,0.0,0.0,1642.69,0.9563086032136908,1.0,1056.116953079996,1000.0,1056.116953079996,1000.0,0.0,0.0
1409,1677603660000.0,0.0,0.0,0.0,1626.84,0.0,0.0,1635.3,0.9563086032136908,1.0,1056.116953079996,1000.0,1056.116953079996,1000.0,0.0,0.0
1410,1677607260000.0,0.0,0.0,0.0,1626.84,0.0,0.0,1643.39,0.9563086032136908,1.0,1056.116953079996,1000.0,1056.116953079996,1000.0,0.0,0.0
1411,1677610860000.0,0.0,0.0,0.0,1626.84,0.0,0.0,1642.01,0.9563086032136908,1.0,1056.116953079996,1000.0,1056.116953079996,1000.0,0.0,0.0
1412,1677614460000.0,0.0,0.0,0.03,1623.67,0.0,0.0,1627.03,0.9563086032136908,1.0,1056.107211059996,1000.0,1056.208011059996,1000.0,0.046122306040416616,0.0
1413,1677618060000.0,0.0,0.0,0.03,1623.67,0.0,0.0,1626.35,0.9563086032136908,1.0,1056.107211059996,1000.0,1056.187611059996,1000.0,0.046122306040416616,0.0
1414,1677621660000.0,0.0,0.0,0.03,1623.67,0.0,0.0,1599.5,0.9563086032136908,1.0,1056.107211059996,1000.0,1055.3821110599959,1000.0,0.046122306040416616,0.0
1415,1677625260000.0,0.0,0.0,0.03,1623.67,0.0,0.0,1607.82,0.9563086032136908,1.0,1056.107211059996,1000.0,1055.631711059996,1000.0,0.046122306040416616,0.0
1416,1677628860000.0,0.0,0.0,0.03,1623.67,0.0,0.0,1604.39,0.9563086032136908,1.0,1056.107211059996,1000.0,1055.5288110599959,1000.0,0.046122306040416616,0.0
1417,1677632460000.0,0.0,0.0,0.03,1623.67,0.0,0.0,1602.49,0.9563086032136908,1.0,1056.107211059996,1000.0,1055.471811059996,1000.0,0.046122306040416616,0.0
1418,1677636060000.0,0.0,0.0,0.03,1623.67,0.0,0.0,1614.2,0.9563086032136908,1.0,1056.107211059996,1000.0,1055.8231110599959,1000.0,0.046122306040416616,0.0
1419,1677639660000.0,0.0,0.0,0.03,1623.67,0.0,0.0,1619.23,0.9563086032136908,1.0,1056.107211059996,1000.0,1055.974011059996,1000.0,0.046122306040416616,0.0
1420,1677643260000.0,0.0,0.0,0.0,1623.67,0.0,0.0,1639.19,0.9563086032136908,1.0,1056.452298059996,1000.0,1056.452298059996,1000.0,0.0,0.0
1421,1677646860000.0,0.0,0.0,0.0,1623.67,0.0,0.0,1658.9,0.9563086032136908,1.0,1056.452298059996,1000.0,1056.452298059996,1000.0,0.0,0.0
1422,1677650460000.0,0.0,0.0,0.0,1623.67,0.0,0.0,1650.64,0.9563086032136908,1.0,1056.452298059996,1000.0,1056.452298059996,1000.0,0.0,0.0
1423,1677654060000.0,0.0,0.0,0.0,1623.67,0.0,0.0,1654.27,0.9563086032136908,1.0,1056.452298059996,1000.0,1056.452298059996,1000.0,0.0,0.0
1424,1677657660000.0,0.0,0.0,0.0,1623.67,0.0,0.0,1652.05,0.9563086032136908,1.0,1056.452298059996,1000.0,1056.452298059996,1000.0,0.0,0.0
1425,1677661260000.0,0.0,0.0,0.0,1623.67,0.0,0.0,1657.65,0.9563086032136908,1.0,1056.452298059996,1000.0,1056.452298059996,1000.0,0.0,0.0
1426,1677664860000.0,0.0,0.0,0.0,1623.67,0.0,0.0,1653.13,0.9563086032136908,1.0,1056.452298059996,1000.0,1056.452298059996,1000.0,0.0,0.0
1427,1677668460000.0,0.0,0.0,0.0,1623.67,0.0,0.0,1656.61,0.9563086032136908,1.0,1056.452298059996,1000.0,1056.452298059996,1000.0,0.0,0.0
1428,1677672060000.0,0.0,0.0,0.0,1623.67,0.0,0.0,1656.1,0.9563086032136908,1.0,1056.452298059996,1000.0,1056.452298059996,1000.0,0.0,0.0
1429,1677675660000.0,0.0,0.0,0.0,1623.67,0.0,0.0,1652.17,0.9563086032136908,1.0,1056.452298059996,1000.0,1056.452298059996,1000.0,0.0,0.0
1430,1677679260000.0,0.0,0.0,0.0,1623.67,0.0,0.0,1651.39,0.9563086032136908,1.0,1056.452298059996,1000.0,1056.452298059996,1000.0,0.0,0.0
1431,1677682860000.0,0.0,0.0,0.0,1623.67,0.0,0.0,1656.55,0.9563086032136908,1.0,1056.452298059996,1000.0,1056.452298059996,1000.0,0.0,0.0
1432,1677686460000.0,0.0,0.0,0.0,1623.67,0.0,0.0,1656.06,0.9563086032136908,1.0,1056.452298059996,1000.0,1056.452298059996,1000.0,0.0,0.0
1433,1677690060000.0,0.0,0.0,0.0,1623.67,0.0,0.0,1654.74,0.9563086032136908,1.0,1056.452298059996,1000.0,1056.452298059996,1000.0,0.0,0.0
1434,1677693660000.0,0.0,0.0,0.0,1623.67,0.0,0.0,1656.21,0.9563086032136908,1.0,1056.452298059996,1000.0,1056.452298059996,1000.0,0.0,0.0
1435,1677697260000.0,0.0,0.0,0.0,1623.67,0.0,0.0,1653.44,0.9563086032136908,1.0,1056.452298059996,1000.0,1056.452298059996,1000.0,0.0,0.0
1436,1677700860000.0,0.0,0.0,0.03,1636.83,0.0,0.0,1636.92,0.9563086032136908,1.0,1056.442477079996,1000.0,1056.445177079996,1000.0,0.04648137600044803,0.0
1437,1677704460000.0,0.0,0.0,0.03,1636.83,0.0,0.0,1640.7,0.9563086032136908,1.0,1056.442477079996,1000.0,1056.558577079996,1000.0,0.04648137600044803,0.0
1438,1677708060000.0,0.0,0.0,0.02,1636.83,0.0,0.0,1657.54,0.9563086032136908,1.0,1056.5584795599962,1000.0,1056.972679559996,1000.0,0.030984181787678384,0.0
1439,1677711660000.0,0.0,0.0,0.0,1636.83,0.0,0.0,1656.54,0.9563086032136908,1.0,1056.7904845199964,1000.0,1056.7904845199964,1000.0,0.0,0.0
1440,1677715260000.0,0.0,0.0,0.0,1636.83,0.0,0.0,1664.73,0.9563086032136908,1.0,1056.7904845199964,1000.0,1056.7904845199964,1000.0,0.0,0.0
1441,1677718860000.0,0.0,0.0,0.0,1636.83,0.0,0.0,1660.37,0.9563086032136908,1.0,1056.7904845199964,1000.0,1056.7904845199964,1000.0,0.0,0.0
1442,1677722460000.0,0.0,0.0,0.0,1636.83,0.0,0.0,1649.99,0.9563086032136908,1.0,1056.7904845199964,1000.0,1056.7904845199964,1000.0,0.0,0.0
1443,1677726060000.0,0.0,0.0,0.0,1636.83,0.0,0.0,1647.18,0.9563086032136908,1.0,1056.7904845199964,1000.0,1056.7904845199964,1000.0,0.0,0.0
1444,1677729660000.0,0.0,0.0,0.0,1636.83,0.0,0.0,1647.6,0.9563086032136908,1.0,1056.7904845199964,1000.0,1056.7904845199964,1000.0,0.0,0.0
1445,1677733260000.0,0.0,0.0,0.0,1636.83,0.0,0.0,1650.35,0.9563086032136908,1.0,1056.7904845199964,1000.0,1056.7904845199964,1000.0,0.0,0.0
1446,1677736860000.0,0.0,0.0,0.0,1636.83,0.0,0.0,1644.19,0.9563086032136908,1.0,1056.7904845199964,1000.0,1056.7904845199964,1000.0,0.0,0.0
1447,1677740460000.0,0.0,0.0,0.03,1639.42,0.0,0.0,1644.64,0.9563086032136908,1.0,1056.7806479999965,1000.0,1056.9372479999965,1000.0,0.04654002710314597,0.0
1448,1677744060000.0,0.0,0.0,0.03,1639.42,0.0,0.0,1643.98,0.9563086032136908,1.0,1056.7806479999965,1000.0,1056.9174479999965,1000.0,0.04654002710314597,0.0
1449,1677747660000.0,0.0,0.0,0.03,1639.42,0.0,0.0,1644.69,0.9563086032136908,1.0,1056.7806479999965,1000.0,1056.9387479999966,1000.0,0.04654002710314597,0.0
1450,1677751260000.0,0.0,0.0,0.03,1639.42,0.0,0.0,1641.11,0.9563086032136908,1.0,1056.7806479999965,1000.0,1056.8313479999965,1000.0,0.04654002710314597,0.0
1451,1677754860000.0,0.0,0.0,0.03,1639.42,0.0,0.0,1641.21,0.9563086032136908,1.0,1056.7806479999965,1000.0,1056.8343479999965,1000.0,0.04654002710314597,0.0
1452,1677758460000.0,0.0,0.0,0.03,1639.42,0.0,0.0,1644.36,0.9563086032136908,1.0,1056.7806479999965,1000.0,1056.9288479999966,1000.0,0.04654002710314597,0.0
1453,1677762060000.0,0.0,0.0,0.03,1639.42,0.0,0.0,1634.24,0.9563086032136908,1.0,1056.7806479999965,1000.0,1056.6252479999964,1000.0,0.04654002710314597,0.0
1454,1677765660000.0,0.0,0.0,0.03,1639.42,0.0,0.0,1628.25,0.9563086032136908,1.0,1056.7806479999965,1000.0,1056.4455479999965,1000.0,0.04654002710314597,0.0
1455,1677769260000.0,0.0,0.0,0.03,1639.42,0.0,0.0,1626.76,0.9563086032136908,1.0,1056.7806479999965,1000.0,1056.4008479999966,1000.0,0.04654002710314597,0.0
1456,1677772860000.0,0.0,0.0,0.03,1639.42,0.0,0.0,1626.89,0.9563086032136908,1.0,1056.7806479999965,1000.0,1056.4047479999965,1000.0,0.04654002710314597,0.0
1457,1677776460000.0,0.0,0.0,0.03,1639.42,0.0,0.0,1625.0,0.9563086032136908,1.0,1056.7806479999965,1000.0,1056.3480479999964,1000.0,0.04654002710314597,0.0
1458,1677780060000.0,0.0,0.0,0.03,1639.42,0.0,0.0,1623.99,0.9563086032136908,1.0,1056.7806479999965,1000.0,1056.3177479999965,1000.0,0.04654002710314597,0.0
1459,1677783660000.0,0.0,0.0,0.03,1639.42,0.0,0.0,1642.21,0.9563086032136908,1.0,1056.7806479999965,1000.0,1056.8643479999964,1000.0,0.04654002710314597,0.0
1460,1677787260000.0,0.0,0.0,0.02,1639.42,0.0,0.0,1649.51,0.9563086032136908,1.0,1056.8968452599966,1000.0,1057.0986452599966,1000.0,0.031023273602386485,0.0
1461,1677790860000.0,0.0,0.0,0.02,1639.42,0.0,0.0,1643.39,0.9563086032136908,1.0,1056.8968452599966,1000.0,1056.9762452599966,1000.0,0.031023273602386485,0.0
1462,1677794460000.0,0.0,0.0,0.02,1639.42,0.0,0.0,1639.96,0.9563086032136908,1.0,1056.8968452599966,1000.0,1056.9076452599966,1000.0,0.031023273602386485,0.0
1463,1677798060000.0,0.0,0.0,0.0,1639.42,0.0,0.0,1647.72,0.9563086032136908,1.0,1057.1292397799966,1000.0,1057.1292397799966,1000.0,0.0,0.0
1464,1677801660000.0,0.0,0.0,0.0,1639.42,0.0,0.0,1648.25,0.9563086032136908,1.0,1057.1292397799966,1000.0,1057.1292397799966,1000.0,0.0,0.0
1465,1677805260000.0,0.0,0.0,0.0,1639.42,0.0,0.0,1642.1,0.9563086032136908,1.0,1057.1292397799966,1000.0,1057.1292397799966,1000.0,0.0,0.0
1466,1677808860000.0,0.0,0.0,0.48,1556.800294117647,0.0,0.0,1554.62,0.9563086032136908,1.0,1059.124730116467,1000.0,1058.0781889399964,1000.0,0.7055487610928483,0.0
1467,1677812460000.0,0.0,0.0,0.21,1556.800294117647,0.0,0.0,1563.14,0.9563086032136908,1.0,1062.1044706047023,1000.0,1063.4358088399965,1000.0,0.30781158616023097,0.0
1468,1677816060000.0,0.0,0.0,0.18,1556.800294117647,0.0,0.0,1564.3,0.9563086032136908,1.0,1062.435552881173,1000.0,1063.7854999399965,1000.0,0.2637562835517401,0.0
1469,1677819660000.0,0.0,0.0,0.09,1556.800294117647,0.0,0.0,1571.94,0.9563086032136908,1.0,1063.4287997105844,1000.0,1064.7913732399961,1000.0,0.13175496705441883,0.0
1470,1677823260000.0,0.0,0.0,0.04,1556.800294117647,0.0,0.0,1566.67,0.9563086032136908,1.0,1063.9806035047013,1000.0,1064.3753917399954,1000.0,0.05852739378855672,0.0
1471,1677826860000.0,0.0,0.0,0.03,1560.6168627450984,0.0,0.0,1564.14,0.9563086032136908,1.0,1064.1981885223481,1000.0,1064.3038826399952,1000.0,0.043994160474338906,0.0
1472,1677830460000.0,0.0,0.0,0.03,1560.6168627450984,0.0,0.0,1568.76,0.9563086032136908,1.0,1064.1981885223481,1000.0,1064.4424826399952,1000.0,0.043994160474338906,0.0
1473,1677834060000.0,0.0,0.0,0.03,1563.7345751633993,0.0,0.0,1571.8,0.9563086032136908,1.0,1064.305635974897,1000.0,1064.547598719995,1000.0,0.04407759920573084,0.0
1474,1677837660000.0,0.0,0.0,0.03,1563.7345751633993,0.0,0.0,1566.51,0.9563086032136908,1.0,1064.305635974897,1000.0,1064.388898719995,1000.0,0.04407759920573084,0.0
1475,1677841260000.0,0.0,0.0,0.03,1563.7345751633993,0.0,0.0,1565.47,0.9563086032136908,1.0,1064.305635974897,1000.0,1064.3576987199951,1000.0,0.04407759920573084,0.0
1476,1677844860000.0,0.0,0.0,0.03,1563.7345751633993,0.0,0.0,1564.34,0.9563086032136908,1.0,1064.305635974897,1000.0,1064.323798719995,1000.0,0.04407759920573084,0.0
1477,1677848460000.0,0.0,0.0,0.03,1563.7345751633993,0.0,0.0,1564.58,0.9563086032136908,1.0,1064.305635974897,1000.0,1064.330998719995,1000.0,0.04407759920573084,0.0
1478,1677852060000.0,0.0,0.0,0.03,1563.7345751633993,0.0,0.0,1571.89,0.9563086032136908,1.0,1064.305635974897,1000.0,1064.550298719995,1000.0,0.04407759920573084,0.0
1479,1677855660000.0,0.0,0.0,0.03,1567.5697167755998,0.0,0.0,1567.51,0.9563086032136908,1.0,1064.4132894832633,1000.0,1064.4114979799954,1000.0,0.04418123295519737,0.0
1480,1677859260000.0,0.0,0.0,0.03,1567.5697167755998,0.0,0.0,1567.03,0.9563086032136908,1.0,1064.4132894832633,1000.0,1064.3970979799954,1000.0,0.04418123295519737,0.0
1481,1677862860000.0,0.0,0.0,0.03,1567.5697167755998,0.0,0.0,1570.75,0.9563086032136908,1.0,1064.4132894832633,1000.0,1064.5086979799953,1000.0,0.04418123295519737,0.0
1482,1677866460000.0,0.0,0.0,0.03,1567.5697167755998,0.0,0.0,1571.32,0.9563086032136908,1.0,1064.4132894832633,1000.0,1064.5257979799953,1000.0,0.04418123295519737,0.0
1483,1677870060000.0,0.0,0.0,0.03,1567.5697167755998,0.0,0.0,1558.8,0.9563086032136908,1.0,1064.4132894832633,1000.0,1064.1501979799953,1000.0,0.04418123295519737,0.0
1484,1677873660000.0,0.0,0.0,0.03,1567.5697167755998,0.0,0.0,1566.15,0.9563086032136908,1.0,1064.4132894832633,1000.0,1064.3706979799954,1000.0,0.04418123295519737,0.0
1485,1677877260000.0,0.0,0.0,0.03,1567.5697167755998,0.0,0.0,1559.17,0.9563086032136908,1.0,1064.4132894832633,1000.0,1064.1612979799952,1000.0,0.04418123295519737,0.0
1486,1677880860000.0,0.0,0.0,0.03,1567.5697167755998,0.0,0.0,1558.66,0.9563086032136908,1.0,1064.4132894832633,1000.0,1064.1459979799952,1000.0,0.04418123295519737,0.0
1487,1677884460000.0,0.0,0.0,0.03,1567.5697167755998,0.0,0.0,1567.74,0.9563086032136908,1.0,1064.4132894832633,1000.0,1064.4183979799952,1000.0,0.04418123295519737,0.0
1488,1677888060000.0,0.0,0.0,0.03,1567.5697167755998,0.0,0.0,1568.93,0.9563086032136908,1.0,1064.4132894832633,1000.0,1064.4540979799954,1000.0,0.04418123295519737,0.0
1489,1677891660000.0,0.0,0.0,0.03,1567.5697167755998,0.0,0.0,1574.3,0.9563086032136908,1.0,1064.4132894832633,1000.0,1064.6151979799952,1000.0,0.04418123295519737,0.0
1490,1677895260000.0,0.0,0.0,0.03,1567.5697167755998,0.0,0.0,1570.39,0.9563086032136908,1.0,1064.4132894832633,1000.0,1064.4978979799953,1000.0,0.04418123295519737,0.0
1491,1677898860000.0,0.0,0.0,0.03,1567.5697167755998,0.0,0.0,1570.75,0.9563086032136908,1.0,1064.4132894832633,1000.0,1064.5086979799953,1000.0,0.04418123295519737,0.0
1492,1677902460000.0,0.0,0.0,0.03,1567.5697167755998,0.0,0.0,1569.57,0.9563086032136908,1.0,1064.4132894832633,1000.0,1064.4732979799953,1000.0,0.04418123295519737,0.0
1493,1677906060000.0,0.0,0.0,0.03,1567.5697167755998,0.0,0.0,1569.05,0.9563086032136908,1.0,1064.4132894832633,1000.0,1064.4576979799954,1000.0,0.04418123295519737,0.0
1494,1677909660000.0,0.0,0.0,0.03,1567.5697167755998,0.0,0.0,1564.11,0.9563086032136908,1.0,1064.4132894832633,1000.0,1064.3094979799953,1000.0,0.04418123295519737,0.0
1495,1677913260000.0,0.0,0.0,0.03,1567.5697167755998,0.0,0.0,1569.0,0.9563086032136908,1.0,1064.4132894832633,1000.0,1064.4561979799953,1000.0,0.04418123295519737,0.0
1496,1677916860000.0,0.0,0.0,0.03,1567.5697167755998,0.0,0.0,1567.45,0.9563086032136908,1.0,1064.4132894832633,1000.0,1064.4096979799954,1000.0,0.04418123295519737,0.0
1497,1677920460000.0,0.0,0.0,0.03,1567.5697167755998,0.0,0.0,1566.88,0.9563086032136908,1.0,1064.4132894832633,1000.0,1064.3925979799953,1000.0,0.04418123295519737,0.0
1498,1677924060000.0,0.0,0.0,0.03,1567.5697167755998,0.0,0.0,1568.21,0.9563086032136908,1.0,1064.4132894832633,1000.0,1064.4324979799953,1000.0,0.04418123295519737,0.0
1499,1677927660000.0,0.0,0.0,0.03,1567.5697167755998,0.0,0.0,1567.0,0.9563086032136908,1.0,1064.4132894832633,1000.0,1064.3961979799953,1000.0,0.04418123295519737,0.0
1500,1677931260000.0,0.0,0.0,0.03,1567.5697167755998,0.0,0.0,1568.41,0.9563086032136908,1.0,1064.4132894832633,1000.0,1064.4384979799952,1000.0,0.04418123295519737,0.0
1501,1677934860000.0,0.0,0.0,0.03,1567.5697167755998,0.0,0.0,1570.26,0.9563086032136908,1.0,1064.4132894832633,1000.0,1064.4939979799954,1000.0,0.04418123295519737,0.0
1502,1677938460000.0,0.0,0.0,0.03,1567.5697167755998,0.0,0.0,1566.58,0.9563086032136908,1.0,1064.4132894832633,1000.0,1064.3835979799953,1000.0,0.04418123295519737,0.0
1503,1677942060000.0,0.0,0.0,0.03,1567.5697167755998,0.0,0.0,1566.21,0.9563086032136908,1.0,1064.4132894832633,1000.0,1064.3724979799954,1000.0,0.04418123295519737,0.0
1504,1677945660000.0,0.0,0.0,0.03,1567.5697167755998,0.0,0.0,1561.15,0.9563086032136908,1.0,1064.4132894832633,1000.0,1064.2206979799953,1000.0,0.04418123295519737,0.0
1505,1677949260000.0,0.0,0.0,0.03,1567.5697167755998,0.0,0.0,1564.09,0.9563086032136908,1.0,1064.4132894832633,1000.0,1064.3088979799952,1000.0,0.04418123295519737,0.0
1506,1677952860000.0,0.0,0.0,0.03,1567.5697167755998,0.0,0.0,1561.77,0.9563086032136908,1.0,1064.4132894832633,1000.0,1064.2392979799952,1000.0,0.04418123295519737,0.0
1507,1677956460000.0,0.0,0.0,0.03,1567.5697167755998,0.0,0.0,1562.9,0.9563086032136908,1.0,1064.4132894832633,1000.0,1064.2731979799953,1000.0,0.04418123295519737,0.0
1508,1677960060000.0,0.0,0.0,0.03,1567.5697167755998,0.0,0.0,1559.15,0.9563086032136908,1.0,1064.4132894832633,1000.0,1064.1606979799953,1000.0,0.04418123295519737,0.0
1509,1677963660000.0,0.0,0.0,0.03,1567.5697167755998,0.0,0.0,1555.9,0.9563086032136908,1.0,1064.4132894832633,1000.0,1064.0631979799953,1000.0,0.04418123295519737,0.0
1510,1677967260000.0,0.0,0.0,0.03,1567.5697167755998,0.0,0.0,1557.11,0.9563086032136908,1.0,1064.4132894832633,1000.0,1064.0994979799952,1000.0,0.04418123295519737,0.0
1511,1677970860000.0,0.0,0.0,0.03,1567.5697167755998,0.0,0.0,1560.86,0.9563086032136908,1.0,1064.4132894832633,1000.0,1064.2119979799952,1000.0,0.04418123295519737,0.0
1512,1677974460000.0,0.0,0.0,0.03,1567.5697167755998,0.0,0.0,1567.79,0.9563086032136908,1.0,1064.4132894832633,1000.0,1064.4198979799953,1000.0,0.04418123295519737,0.0
1513,1677978060000.0,0.0,0.0,0.03,1567.5697167755998,0.0,0.0,1568.81,0.9563086032136908,1.0,1064.4132894832633,1000.0,1064.4504979799954,1000.0,0.04418123295519737,0.0
1514,1677981660000.0,0.0,0.0,0.02,1567.5697167755998,0.0,0.0,1581.0,0.9563086032136908,1.0,1064.5244343155073,1000.0,1064.7930399799952,1000.0,0.02945108005498347,0.0
1515,1677985260000.0,0.0,0.0,0.03,1564.2298111837333,0.0,0.0,1566.06,0.9563086032136908,1.0,1064.5213192155072,1000.0,1064.5762248799952,1000.0,0.04408262520293581,0.0
1516,1677988860000.0,0.0,0.0,0.03,1564.2298111837333,0.0,0.0,1567.27,0.9563086032136908,1.0,1064.5213192155072,1000.0,1064.6125248799951,1000.0,0.04408262520293581,0.0
1517,1677992460000.0,0.0,0.0,0.03,1564.2298111837333,0.0,0.0,1570.49,0.9563086032136908,1.0,1064.5213192155072,1000.0,1064.7091248799952,1000.0,0.04408262520293581,0.0
1518,1677996060000.0,0.0,0.0,0.03,1564.2298111837333,0.0,0.0,1569.47,0.9563086032136908,1.0,1064.5213192155072,1000.0,1064.6785248799952,1000.0,0.04408262520293581,0.0
1519,1677999660000.0,0.0,0.0,0.03,1564.2298111837333,0.0,0.0,1570.02,0.9563086032136908,1.0,1064.5213192155072,1000.0,1064.6950248799951,1000.0,0.04408262520293581,0.0
1520,1678003260000.0,0.0,0.0,0.03,1564.2298111837333,0.0,0.0,1568.71,0.9563086032136908,1.0,1064.5213192155072,1000.0,1064.6557248799952,1000.0,0.04408262520293581,0.0
1521,1678006860000.0,0.0,0.0,0.03,1564.2298111837333,0.0,0.0,1565.41,0.9563086032136908,1.0,1064.5213192155072,1000.0,1064.5567248799953,1000.0,0.04408262520293581,0.0
1522,1678010460000.0,0.0,0.0,0.03,1564.2298111837333,0.0,0.0,1567.99,0.9563086032136908,1.0,1064.5213192155072,1000.0,1064.6341248799952,1000.0,0.04408262520293581,0.0
1523,1678014060000.0,0.0,0.0,0.03,1564.2298111837333,0.0,0.0,1570.1,0.9563086032136908,1.0,1064.5213192155072,1000.0,1064.6974248799952,1000.0,0.04408262520293581,0.0
1524,1678017660000.0,0.0,0.0,0.03,1564.2298111837333,0.0,0.0,1568.03,0.9563086032136908,1.0,1064.5213192155072,1000.0,1064.6353248799953,1000.0,0.04408262520293581,0.0
1525,1678021260000.0,0.0,0.0,0.03,1564.2298111837333,0.0,0.0,1569.42,0.9563086032136908,1.0,1064.5213192155072,1000.0,1064.6770248799953,1000.0,0.04408262520293581,0.0
1526,1678024860000.0,0.0,0.0,0.03,1564.2298111837333,0.0,0.0,1572.19,0.9563086032136908,1.0,1064.5213192155072,1000.0,1064.7601248799951,1000.0,0.04408262520293581,0.0
1527,1678028460000.0,0.0,0.0,0.03,1564.2298111837333,0.0,0.0,1567.79,0.9563086032136908,1.0,1064.5213192155072,1000.0,1064.6281248799953,1000.0,0.04408262520293581,0.0
1528,1678032060000.0,0.0,0.0,0.03,1564.2298111837333,0.0,0.0,1568.2,0.9563086032136908,1.0,1064.5213192155072,1000.0,1064.6404248799952,1000.0,0.04408262520293581,0.0
1529,1678035660000.0,0.0,0.0,0.03,1564.2298111837333,0.0,0.0,1570.19,0.9563086032136908,1.0,1064.5213192155072,1000.0,1064.7001248799952,1000.0,0.04408262520293581,0.0
1530,1678039260000.0,0.0,0.0,0.03,1564.2298111837333,0.0,0.0,1567.07,0.9563086032136908,1.0,1064.5213192155072,1000.0,1064.6065248799953,1000.0,0.04408262520293581,0.0
1531,1678042860000.0,0.0,0.0,0.03,1564.2298111837333,0.0,0.0,1568.18,0.9563086032136908,1.0,1064.5213192155072,1000.0,1064.6398248799953,1000.0,0.04408262520293581,0.0
1532,1678046460000.0,0.0,0.0,0.03,1564.2298111837333,0.0,0.0,1565.29,0.9563086032136908,1.0,1064.5213192155072,1000.0,1064.5531248799953,1000.0,0.04408262520293581,0.0
1533,1678050060000.0,0.0,0.0,0.03,1564.2298111837333,0.0,0.0,1568.5,0.9563086032136908,1.0,1064.5213192155072,1000.0,1064.6494248799952,1000.0,0.04408262520293581,0.0
1534,1678053660000.0,0.0,0.0,0.0,1559.4,0.0,0.0,1570.37,0.9563086032136908,1.0,1065.1761900799956,1000.0,1065.1761900799956,1000.0,0.0,0.0
1535,1678057260000.0,0.0,0.0,0.03,1559.31,0.0,0.0,1560.69,0.9563086032136908,1.0,1065.1668342199957,1000.0,1065.2082342199958,1000.0,0.043917345618684905,0.0
1536,1678060860000.0,0.0,0.0,0.03,1559.31,0.0,0.0,1564.29,0.9563086032136908,1.0,1065.1668342199957,1000.0,1065.3162342199957,1000.0,0.043917345618684905,0.0
1537,1678064460000.0,0.0,0.0,0.03,1559.31,0.0,0.0,1566.07,0.9563086032136908,1.0,1065.1668342199957,1000.0,1065.3696342199958,1000.0,0.043917345618684905,0.0
1538,1678068060000.0,0.0,0.0,0.03,1558.8433333333337,0.0,0.0,1558.24,0.9563086032136908,1.0,1065.274277039996,1000.0,1065.256177039996,1000.0,0.043899773990547786,0.0
1539,1678071660000.0,0.0,0.0,0.03,1558.8433333333337,0.0,0.0,1562.11,0.9563086032136908,1.0,1065.274277039996,1000.0,1065.3722770399959,1000.0,0.043899773990547786,0.0
1540,1678075260000.0,0.0,0.0,0.03,1558.8433333333337,0.0,0.0,1561.02,0.9563086032136908,1.0,1065.274277039996,1000.0,1065.339577039996,1000.0,0.043899773990547786,0.0
1541,1678078860000.0,0.0,0.0,0.03,1558.8433333333337,0.0,0.0,1558.43,0.9563086032136908,1.0,1065.274277039996,1000.0,1065.2618770399959,1000.0,0.043899773990547786,0.0
1542,1678082460000.0,0.0,0.0,0.03,1558.8433333333337,0.0,0.0,1559.37,0.9563086032136908,1.0,1065.274277039996,1000.0,1065.2900770399958,1000.0,0.043899773990547786,0.0
1543,1678086060000.0,0.0,0.0,0.03,1558.8433333333337,0.0,0.0,1561.84,0.9563086032136908,1.0,1065.274277039996,1000.0,1065.3641770399959,1000.0,0.043899773990547786,0.0
1544,1678089660000.0,0.0,0.0,0.03,1558.8433333333337,0.0,0.0,1560.75,0.9563086032136908,1.0,1065.274277039996,1000.0,1065.331477039996,1000.0,0.043899773990547786,0.0
1545,1678093260000.0,0.0,0.0,0.03,1558.8433333333337,0.0,0.0,1563.63,0.9563086032136908,1.0,1065.274277039996,1000.0,1065.4178770399958,1000.0,0.043899773990547786,0.0
1546,1678096860000.0,0.0,0.0,0.03,1558.8433333333337,0.0,0.0,1564.59,0.9563086032136908,1.0,1065.274277039996,1000.0,1065.4466770399958,1000.0,0.043899773990547786,0.0
1547,1678100460000.0,0.0,0.0,0.03,1558.8433333333337,0.0,0.0,1566.84,0.9563086032136908,1.0,1065.274277039996,1000.0,1065.514177039996,1000.0,0.043899773990547786,0.0
1548,1678104060000.0,0.0,0.0,0.03,1558.8433333333337,0.0,0.0,1562.71,0.9563086032136908,1.0,1065.274277039996,1000.0,1065.390277039996,1000.0,0.043899773990547786,0.0
1549,1678107660000.0,0.0,0.0,0.03,1558.8433333333337,0.0,0.0,1563.58,0.9563086032136908,1.0,1065.274277039996,1000.0,1065.416377039996,1000.0,0.043899773990547786,0.0
1550,1678111260000.0,0.0,0.0,0.0,1558.8433333333337,0.0,0.0,1569.81,0.9563086032136908,1.0,1065.605855779996,1000.0,1065.605855779996,1000.0,0.0,0.0
1551,1678114860000.0,0.0,0.0,0.0,1558.8433333333337,0.0,0.0,1569.75,0.9563086032136908,1.0,1065.605855779996,1000.0,1065.605855779996,1000.0,0.0,0.0
1552,1678118460000.0,0.0,0.0,0.0,1558.8433333333337,0.0,0.0,1578.16,0.9563086032136908,1.0,1065.605855779996,1000.0,1065.605855779996,1000.0,0.0,0.0
1553,1678122060000.0,0.0,0.0,0.0,1558.8433333333337,0.0,0.0,1574.92,0.9563086032136908,1.0,1065.605855779996,1000.0,1065.605855779996,1000.0,0.0,0.0
1554,1678125660000.0,0.0,0.0,0.0,1558.8433333333337,0.0,0.0,1573.07,0.9563086032136908,1.0,1065.605855779996,1000.0,1065.605855779996,1000.0,0.0,0.0
1555,1678129260000.0,0.0,0.0,0.0,1558.8433333333337,0.0,0.0,1573.13,0.9563086032136908,1.0,1065.605855779996,1000.0,1065.605855779996,1000.0,0.0,0.0
1556,1678132860000.0,0.0,0.0,0.0,1558.8433333333337,0.0,0.0,1566.01,0.9563086032136908,1.0,1065.605855779996,1000.0,1065.605855779996,1000.0,0.0,0.0
1557,1678136460000.0,0.0,0.0,0.03,1558.16,0.0,0.0,1559.29,0.9563086032136908,1.0,1065.5965068199962,1000.0,1065.630406819996,1000.0,0.043867260919893646,0.0
1558,1678140060000.0,0.0,0.0,0.03,1558.16,0.0,0.0,1565.9,0.9563086032136908,1.0,1065.5965068199962,1000.0,1065.8287068199961,1000.0,0.043867260919893646,0.0
1559,1678143660000.0,0.0,0.0,0.0,1558.16,0.0,0.0,1568.27,0.9563086032136908,1.0,1065.927889699996,1000.0,1065.927889699996,1000.0,0.0,0.0
1560,1678147260000.0,0.0,0.0,0.0,1558.16,0.0,0.0,1565.25,0.9563086032136908,1.0,1065.927889699996,1000.0,1065.927889699996,1000.0,0.0,0.0
1561,1678150860000.0,0.0,0.0,0.0,1558.16,0.0,0.0,1565.0,0.9563086032136908,1.0,1065.927889699996,1000.0,1065.927889699996,1000.0,0.0,0.0
1562,1678154460000.0,0.0,0.0,0.0,1558.16,0.0,0.0,1573.2,0.9563086032136908,1.0,1065.927889699996,1000.0,1065.927889699996,1000.0,0.0,0.0
1563,1678158060000.0,0.0,0.0,0.0,1558.16,0.0,0.0,1576.39,0.9563086032136908,1.0,1065.927889699996,1000.0,1065.927889699996,1000.0,0.0,0.0
1564,1678161660000.0,0.0,0.0,0.0,1558.16,0.0,0.0,1574.38,0.9563086032136908,1.0,1065.927889699996,1000.0,1065.927889699996,1000.0,0.0,0.0
1565,1678165260000.0,0.0,0.0,0.0,1558.16,0.0,0.0,1574.51,0.9563086032136908,1.0,1065.927889699996,1000.0,1065.927889699996,1000.0,0.0,0.0
1566,1678168860000.0,0.0,0.0,0.0,1558.16,0.0,0.0,1573.41,0.9563086032136908,1.0,1065.927889699996,1000.0,1065.927889699996,1000.0,0.0,0.0
1567,1678172460000.0,0.0,0.0,0.0,1558.16,0.0,0.0,1571.86,0.9563086032136908,1.0,1065.927889699996,1000.0,1065.927889699996,1000.0,0.0,0.0
1568,1678176060000.0,0.0,0.0,0.0,1558.16,0.0,0.0,1570.34,0.9563086032136908,1.0,1065.927889699996,1000.0,1065.927889699996,1000.0,0.0,0.0
1569,1678179660000.0,0.0,0.0,0.0,1558.16,0.0,0.0,1570.07,0.9563086032136908,1.0,1065.927889699996,1000.0,1065.927889699996,1000.0,0.0,0.0
1570,1678183260000.0,0.0,0.0,0.0,1558.16,0.0,0.0,1565.16,0.9563086032136908,1.0,1065.927889699996,1000.0,1065.927889699996,1000.0,0.0,0.0
1571,1678186860000.0,0.0,0.0,0.0,1558.16,0.0,0.0,1564.22,0.9563086032136908,1.0,1065.927889699996,1000.0,1065.927889699996,1000.0,0.0,0.0
1572,1678190460000.0,0.0,0.0,0.0,1558.16,0.0,0.0,1561.89,0.9563086032136908,1.0,1065.927889699996,1000.0,1065.927889699996,1000.0,0.0,0.0
1573,1678194060000.0,0.0,0.0,0.0,1558.16,0.0,0.0,1566.82,0.9563086032136908,1.0,1065.927889699996,1000.0,1065.927889699996,1000.0,0.0,0.0
1574,1678197660000.0,0.0,0.0,0.0,1558.16,0.0,0.0,1561.15,0.9563086032136908,1.0,1065.927889699996,1000.0,1065.927889699996,1000.0,0.0,0.0
1575,1678201260000.0,0.0,0.0,0.03,1559.06,0.0,0.0,1546.49,0.9563086032136908,1.0,1065.918535339996,1000.0,1065.541435339996,1000.0,0.043879338288344144,0.0
1576,1678204860000.0,0.0,0.0,0.02,1558.5700000000002,0.0,0.0,1561.76,0.9563086032136908,1.0,1066.136339459996,1000.0,1066.2001394599959,1000.0,0.029237723962948766,0.0
1577,1678208460000.0,0.0,0.0,0.03,1558.0966666666668,0.0,0.0,1552.99,0.9563086032136908,1.0,1066.1332251599958,1000.0,1065.9800251599959,1000.0,0.04384339489371532,0.0
1578,1678212060000.0,0.0,0.0,0.03,1558.0966666666668,0.0,0.0,1561.0,0.9563086032136908,1.0,1066.1332251599958,1000.0,1066.2203251599958,1000.0,0.04384339489371532,0.0
1579,1678215660000.0,0.0,0.0,0.03,1558.0966666666668,0.0,0.0,1554.92,0.9563086032136908,1.0,1066.1332251599958,1000.0,1066.037925159996,1000.0,0.04384339489371532,0.0
1580,1678219260000.0,0.0,0.0,0.03,1558.0966666666668,0.0,0.0,1548.61,0.9563086032136908,1.0,1066.1332251599958,1000.0,1065.848625159996,1000.0,0.04384339489371532,0.0
1581,1678222860000.0,0.0,0.0,0.03,1558.0966666666668,0.0,0.0,1549.0,0.9563086032136908,1.0,1066.1332251599958,1000.0,1065.860325159996,1000.0,0.04384339489371532,0.0
1582,1678226460000.0,0.0,0.0,0.03,1558.0966666666668,0.0,0.0,1550.42,0.9563086032136908,1.0,1066.1332251599958,1000.0,1065.902925159996,1000.0,0.04384339489371532,0.0
1583,1678230060000.0,0.0,0.0,0.03,1558.0966666666668,0.0,0.0,1551.15,0.9563086032136908,1.0,1066.1332251599958,1000.0,1065.9248251599959,1000.0,0.04384339489371532,0.0
1584,1678233660000.0,0.0,0.0,0.03,1558.0966666666668,0.0,0.0,1564.47,0.9563086032136908,1.0,1066.1332251599958,1000.0,1066.3244251599958,1000.0,0.04384339489371532,0.0
1585,1678237260000.0,0.0,0.0,0.0,1558.0966666666668,0.0,0.0,1567.84,0.9563086032136908,1.0,1066.4644084599959,1000.0,1066.4644084599959,1000.0,0.0,0.0
1586,1678240860000.0,0.0,0.0,0.0,1558.0966666666668,0.0,0.0,1562.47,0.9563086032136908,1.0,1066.4644084599959,1000.0,1066.4644084599959,1000.0,0.0,0.0
1587,1678244460000.0,0.0,0.0,0.0,1558.0966666666668,0.0,0.0,1560.38,0.9563086032136908,1.0,1066.4644084599959,1000.0,1066.4644084599959,1000.0,0.0,0.0
1588,1678248060000.0,0.0,0.0,0.0,1558.0966666666668,0.0,0.0,1561.66,0.9563086032136908,1.0,1066.4644084599959,1000.0,1066.4644084599959,1000.0,0.0,0.0
1589,1678251660000.0,0.0,0.0,0.0,1558.0966666666668,0.0,0.0,1561.67,0.9563086032136908,1.0,1066.4644084599959,1000.0,1066.4644084599959,1000.0,0.0,0.0
1590,1678255260000.0,0.0,0.0,0.03,1551.34,0.0,0.0,1547.83,0.9563086032136908,1.0,1066.455100419996,1000.0,1066.349800419996,1000.0,0.04364009322255699,0.0
1591,1678258860000.0,0.0,0.0,0.03,1551.34,0.0,0.0,1553.44,0.9563086032136908,1.0,1066.455100419996,1000.0,1066.518100419996,1000.0,0.04364009322255699,0.0
1592,1678262460000.0,0.0,0.0,0.03,1551.34,0.0,0.0,1550.12,0.9563086032136908,1.0,1066.455100419996,1000.0,1066.418500419996,1000.0,0.04364009322255699,0.0
1593,1678266060000.0,0.0,0.0,0.03,1551.34,0.0,0.0,1552.79,0.9563086032136908,1.0,1066.455100419996,1000.0,1066.498600419996,1000.0,0.04364009322255699,0.0
1594,1678269660000.0,0.0,0.0,0.03,1551.34,0.0,0.0,1554.86,0.9563086032136908,1.0,1066.455100419996,1000.0,1066.560700419996,1000.0,0.04364009322255699,0.0
1595,1678273260000.0,0.0,0.0,0.03,1551.34,0.0,0.0,1559.31,0.9563086032136908,1.0,1066.455100419996,1000.0,1066.694200419996,1000.0,0.04364009322255699,0.0
1596,1678276860000.0,0.0,0.0,0.03,1551.34,0.0,0.0,1556.39,0.9563086032136908,1.0,1066.455100419996,1000.0,1066.6066004199959,1000.0,0.04364009322255699,0.0
1597,1678280460000.0,0.0,0.0,0.03,1551.34,0.0,0.0,1552.77,0.9563086032136908,1.0,1066.455100419996,1000.0,1066.4980004199958,1000.0,0.04364009322255699,0.0
1598,1678284060000.0,0.0,0.0,0.03,1551.34,0.0,0.0,1550.73,0.9563086032136908,1.0,1066.455100419996,1000.0,1066.436800419996,1000.0,0.04364009322255699,0.0
1599,1678287660000.0,0.0,0.0,0.03,1551.34,0.0,0.0,1547.44,0.9563086032136908,1.0,1066.455100419996,1000.0,1066.338100419996,1000.0,0.04364009322255699,0.0
1600,1678291260000.0,0.0,0.0,0.0,1551.34,0.0,0.0,1560.34,0.9563086032136908,1.0,1066.785024519996,1000.0,1066.785024519996,1000.0,0.0,0.0
1601,1678294860000.0,0.0,0.0,0.0,1551.34,0.0,0.0,1560.11,0.9563086032136908,1.0,1066.785024519996,1000.0,1066.785024519996,1000.0,0.0,0.0
1602,1678298460000.0,0.0,0.0,0.0,1551.34,0.0,0.0,1553.45,0.9563086032136908,1.0,1066.785024519996,1000.0,1066.785024519996,1000.0,0.0,0.0
1603,1678302060000.0,0.0,0.0,0.0,1551.34,0.0,0.0,1552.49,0.9563086032136908,1.0,1066.785024519996,1000.0,1066.785024519996,1000.0,0.0,0.0
1604,1678305660000.0,0.0,0.0,0.0,1551.34,0.0,0.0,1551.0,0.9563086032136908,1.0,1066.785024519996,1000.0,1066.785024519996,1000.0,0.0,0.0
1605,1678309260000.0,0.0,0.0,0.0,1551.34,0.0,0.0,1558.69,0.9563086032136908,1.0,1066.785024519996,1000.0,1066.785024519996,1000.0,0.0,0.0
1606,1678312860000.0,0.0,0.0,0.0,1551.34,0.0,0.0,1552.27,0.9563086032136908,1.0,1066.785024519996,1000.0,1066.785024519996,1000.0,0.0,0.0
1607,1678316460000.0,0.0,0.0,0.03,1546.12,0.0,0.0,1545.95,0.9563086032136908,1.0,1066.7757477999962,1000.0,1066.7706477999961,1000.0,0.04348017856204226,0.0
1608,1678320060000.0,0.0,0.0,0.03,1546.12,0.0,0.0,1531.35,0.9563086032136908,1.0,1066.7757477999962,1000.0,1066.3326477999963,1000.0,0.04348017856204226,0.0
1609,1678323660000.0,0.0,0.0,0.03,1546.12,0.0,0.0,1534.69,0.9563086032136908,1.0,1066.7757477999962,1000.0,1066.4328477999961,1000.0,0.04348017856204226,0.0
1610,1678327260000.0,0.0,0.0,0.03,1546.12,0.0,0.0,1537.4,0.9563086032136908,1.0,1066.7757477999962,1000.0,1066.5141477999962,1000.0,0.04348017856204226,0.0
1611,1678330860000.0,0.0,0.0,0.03,1546.12,0.0,0.0,1542.31,0.9563086032136908,1.0,1066.7757477999962,1000.0,1066.6614477999963,1000.0,0.04348017856204226,0.0
1612,1678334460000.0,0.0,0.0,0.03,1546.12,0.0,0.0,1539.32,0.9563086032136908,1.0,1066.7757477999962,1000.0,1066.5717477999963,1000.0,0.04348017856204226,0.0
1613,1678338060000.0,0.0,0.0,0.03,1546.12,0.0,0.0,1537.67,0.9563086032136908,1.0,1066.7757477999962,1000.0,1066.5222477999962,1000.0,0.04348017856204226,0.0
1614,1678341660000.0,0.0,0.0,0.03,1546.12,0.0,0.0,1537.33,0.9563086032136908,1.0,1066.7757477999962,1000.0,1066.5120477999963,1000.0,0.04348017856204226,0.0
1615,1678345260000.0,0.0,0.0,0.03,1546.12,0.0,0.0,1539.75,0.9563086032136908,1.0,1066.7757477999962,1000.0,1066.5846477999962,1000.0,0.04348017856204226,0.0
1616,1678348860000.0,0.0,0.0,0.03,1546.12,0.0,0.0,1535.39,0.9563086032136908,1.0,1066.7757477999962,1000.0,1066.4538477999963,1000.0,0.04348017856204226,0.0
1617,1678352460000.0,0.0,0.0,0.03,1546.12,0.0,0.0,1531.21,0.9563086032136908,1.0,1066.7757477999962,1000.0,1066.3284477999962,1000.0,0.04348017856204226,0.0
1618,1678356060000.0,0.0,0.0,0.03,1546.12,0.0,0.0,1531.58,0.9563086032136908,1.0,1066.7757477999962,1000.0,1066.3395477999961,1000.0,0.04348017856204226,0.0
1619,1678359660000.0,0.0,0.0,0.03,1546.12,0.0,0.0,1533.17,0.9563086032136908,1.0,1066.7757477999962,1000.0,1066.3872477999962,1000.0,0.04348017856204226,0.0
1620,1678363260000.0,0.0,0.0,0.03,1546.12,0.0,0.0,1534.91,0.9563086032136908,1.0,1066.7757477999962,1000.0,1066.4394477999963,1000.0,0.04348017856204226,0.0
1621,1678366860000.0,0.0,0.0,0.03,1546.12,0.0,0.0,1530.51,0.9563086032136908,1.0,1066.7757477999962,1000.0,1066.3074477999962,1000.0,0.04348017856204226,0.0
1622,1678370460000.0,0.0,0.0,0.03,1546.12,0.0,0.0,1538.01,0.9563086032136908,1.0,1066.7757477999962,1000.0,1066.5324477999961,1000.0,0.04348017856204226,0.0
1623,1678374060000.0,0.0,0.0,0.03,1546.12,0.0,0.0,1539.99,0.9563086032136908,1.0,1066.7757477999962,1000.0,1066.5918477999962,1000.0,0.04348017856204226,0.0
1624,1678377660000.0,0.0,0.0,0.03,1546.12,0.0,0.0,1533.51,0.9563086032136908,1.0,1066.7757477999962,1000.0,1066.3974477999961,1000.0,0.04348017856204226,0.0
1625,1678381260000.0,0.0,0.0,0.03,1546.12,0.0,0.0,1526.25,0.9563086032136908,1.0,1066.7757477999962,1000.0,1066.1796477999962,1000.0,0.04348017856204226,0.0
1626,1678384860000.0,0.0,0.0,0.03,1546.12,0.0,0.0,1528.88,0.9563086032136908,1.0,1066.7757477999962,1000.0,1066.2585477999962,1000.0,0.04348017856204226,0.0
1627,1678388460000.0,0.0,0.0,0.08,1525.2075,0.0,0.0,1504.87,0.9563086032136908,1.0,1066.7606211999962,1000.0,1065.1336211999962,1000.0,0.11438048759499939,0.0
1628,1678392060000.0,0.0,0.0,0.22,1502.879090909091,0.0,0.0,1488.11,0.9563086032136908,1.0,1066.718897839996,1000.0,1063.4696978399961,1000.0,0.3099536350855892,0.0
1629,1678395660000.0,68.47854800000523,0.0,0.76,1471.8486842105262,0.0,0.0,1425.49,0.9515271617871869,1.0,1066.561303519996,1000.0,1031.328703519996,1000.0,1.0487957853976542,0.0
1630,1678399260000.0,68.47854800000523,0.0,0.76,1471.8486842105262,0.0,0.0,1435.82,0.9515271617871869,1.0,1066.561303519996,1000.0,1039.1795035199962,1000.0,1.0487957853976542,0.0
1631,1678402860000.0,68.47854800000523,0.0,0.76,1471.8486842105262,0.0,0.0,1429.9,0.9515271617871869,1.0,1066.561303519996,1000.0,1034.6803035199962,1000.0,1.0487957853976542,0.0
1632,1678406460000.0,68.47854800000523,0.0,0.76,1471.8486842105262,0.0,0.0,1436.15,0.9515271617871869,1.0,1066.561303519996,1000.0,1039.4303035199962,1000.0,1.0487957853976542,0.0
1633,1678410060000.0,68.47854800000523,0.0,0.76,1471.8486842105262,0.0,0.0,1423.72,0.9515271617871869,1.0,1066.561303519996,1000.0,1029.983503519996,1000.0,1.0487957853976542,0.0
1634,1678413660000.0,68.47854800000523,0.0,0.76,1471.8486842105262,0.0,0.0,1429.32,0.9514887021819175,1.0,1066.561303519996,1000.0,1034.239503519996,1000.0,1.0487957853976542,0.0
1635,1678417260000.0,68.47854800000523,0.0,0.76,1471.8486842105262,0.0,0.0,1425.29,0.9514887021819175,1.0,1066.561303519996,1000.0,1031.1767035199962,1000.0,1.0487957853976542,0.0
1636,1678420860000.0,68.47854800000523,0.0,0.76,1471.8486842105262,0.0,0.0,1425.49,0.9514887021819175,1.0,1066.561303519996,1000.0,1031.328703519996,1000.0,1.0487957853976542,0.0
1637,1678424460000.0,68.47854800000523,0.0,0.76,1471.8486842105262,0.0,0.0,1415.3,0.9514887021819175,1.0,1066.561303519996,1000.0,1023.5843035199961,1000.0,1.0487957853976542,0.0
1638,1678428060000.0,68.47854800000523,0.0,0.76,1471.8486842105262,0.0,0.0,1420.54,0.9514887021819175,1.0,1066.561303519996,1000.0,1027.566703519996,1000.0,1.0487957853976542,0.0
1639,1678431660000.0,68.47854800000523,0.0,0.76,1471.8486842105262,0.0,0.0,1408.21,0.9512465929559478,1.0,1066.561303519996,1000.0,1018.1959035199961,1000.0,1.0487957853976542,0.0
1640,1678435260000.0,68.47854800000523,0.0,0.76,1471.8486842105262,0.0,0.0,1410.51,0.950842720648932,1.0,1066.561303519996,1000.0,1019.9439035199961,1000.0,1.0487957853976542,0.0
1641,1678438860000.0,68.47854800000523,0.0,0.76,1471.8486842105262,0.0,0.0,1406.12,0.950842720648932,1.0,1066.561303519996,1000.0,1016.607503519996,1000.0,1.0487957853976542,0.0
1642,1678442460000.0,68.47854800000523,0.0,0.76,1471.8486842105262,0.0,0.0,1397.56,0.950842720648932,1.0,1066.561303519996,1000.0,1010.1019035199961,1000.0,1.0487957853976542,0.0
1643,1678446060000.0,68.47854800000523,0.0,0.76,1471.8486842105262,0.0,0.0,1382.61,0.9500856114059091,1.0,1066.561303519996,1000.0,998.739903519996,1000.0,1.0487957853976542,0.0
1644,1678449660000.0,68.47854800000523,0.0,0.76,1471.8486842105262,0.0,0.0,1385.48,0.9500856114059091,1.0,1066.561303519996,1000.0,1000.9211035199961,1000.0,1.0487957853976542,0.0
1645,1678453260000.0,68.47854800000523,0.0,0.76,1471.8486842105262,0.0,0.0,1396.51,0.9500856114059091,1.0,1066.561303519996,1000.0,1009.3039035199961,1000.0,1.0487957853976542,0.0
1646,1678456860000.0,50.341272800004845,0.0,0.75,1471.8486842105262,0.0,0.0,1423.99,0.9500856114059091,1.0,1066.130558557891,1000.0,1030.2365453999962,1000.0,1.0354140065650819,0.0
1647,1678460460000.0,50.341272800004845,0.0,0.75,1471.8486842105262,0.0,0.0,1408.44,0.9500856114059091,1.0,1066.130558557891,1000.0,1018.5740453999963,1000.0,1.0354140065650819,0.0
1648,1678464060000.0,50.341272800004845,0.0,0.75,1471.8486842105262,0.0,0.0,1417.02,0.9500856114059091,1.0,1066.130558557891,1000.0,1025.0090453999962,1000.0,1.0354140065650819,0.0
1649,1678467660000.0,50.341272800004845,0.0,0.75,1471.8486842105262,0.0,0.0,1411.3,0.9500856114059091,1.0,1066.130558557891,1000.0,1020.7190453999963,1000.0,1.0354140065650819,0.0
1650,1678471260000.0,50.341272800004845,0.0,0.75,1471.8486842105262,0.0,0.0,1407.4,0.9500856114059091,1.0,1066.130558557891,1000.0,1017.7940453999963,1000.0,1.0354140065650819,0.0
1651,1678474860000.0,50.341272800004845,0.0,0.75,1471.8486842105262,0.0,0.0,1405.57,0.9500856114059091,1.0,1066.130558557891,1000.0,1016.4215453999961,1000.0,1.0354140065650819,0.0
1652,1678478460000.0,50.341272800004845,0.0,0.75,1471.8486842105262,0.0,0.0,1420.87,0.9500856114059091,1.0,1066.130558557891,1000.0,1027.8965453999963,1000.0,1.0354140065650819,0.0
1653,1678482060000.0,50.341272800004845,0.0,0.75,1471.8486842105262,0.0,0.0,1417.56,0.9500856114059091,1.0,1066.130558557891,1000.0,1025.4140453999962,1000.0,1.0354140065650819,0.0
1654,1678485660000.0,50.341272800004845,0.0,0.75,1471.8486842105262,0.0,0.0,1423.19,0.9500856114059091,1.0,1066.130558557891,1000.0,1029.6365453999963,1000.0,1.0354140065650819,0.0
1655,1678489260000.0,50.341272800004845,0.0,0.75,1471.8486842105262,0.0,0.0,1425.49,0.9500856114059091,1.0,1066.130558557891,1000.0,1031.3615453999962,1000.0,1.0354140065650819,0.0
1656,1678492860000.0,50.341272800004845,0.0,0.75,1471.8486842105262,0.0,0.0,1426.24,0.9500856114059091,1.0,1066.130558557891,1000.0,1031.9240453999962,1000.0,1.0354140065650819,0.0
1657,1678496460000.0,50.341272800004845,0.0,0.75,1471.8486842105262,0.0,0.0,1436.46,0.9500856114059091,1.0,1066.130558557891,1000.0,1039.5890453999964,1000.0,1.0354140065650819,0.0
1658,1678500060000.0,50.341272800004845,0.0,0.75,1471.8486842105262,0.0,0.0,1466.42,0.9500856114059091,1.0,1066.130558557891,1000.0,1062.0590453999962,1000.0,1.0354140065650819,0.0
1659,1678503660000.0,31.234437405410553,0.0,0.74,1471.8486842105262,0.0,0.0,1463.57,0.9500856114059091,1.0,1066.0545426357855,1000.0,1059.9283163199962,1000.0,1.021681333135973,0.0
1660,1678507260000.0,31.234437405410553,0.0,0.74,1471.8486842105262,0.0,0.0,1457.84,0.9500856114059091,1.0,1066.0545426357855,1000.0,1055.688116319996,1000.0,1.021681333135973,0.0
1661,1678510860000.0,31.234437405410553,0.0,0.74,1471.8486842105262,0.0,0.0,1458.87,0.9500856114059091,1.0,1066.0545426357855,1000.0,1056.450316319996,1000.0,1.021681333135973,0.0
1662,1678514460000.0,31.234437405410553,0.0,0.74,1471.8486842105262,0.0,0.0,1460.59,0.9500856114059091,1.0,1066.0545426357855,1000.0,1057.723116319996,1000.0,1.021681333135973,0.0
1663,1678518060000.0,31.234437405410553,0.0,0.74,1471.8486842105262,0.0,0.0,1457.43,0.9500856114059091,1.0,1066.0545426357855,1000.0,1055.3847163199962,1000.0,1.021681333135973,0.0
1664,1678521660000.0,31.234437405410553,0.0,0.74,1471.8486842105262,0.0,0.0,1418.91,0.9500856114059091,1.0,1066.0545426357855,1000.0,1026.8799163199963,1000.0,1.021681333135973,0.0
1665,1678525260000.0,31.234437405410553,0.0,0.74,1471.8486842105262,0.0,0.0,1436.56,0.9500856114059091,1.0,1066.0545426357855,1000.0,1039.9409163199962,1000.0,1.021681333135973,0.0
1666,1678528860000.0,31.234437405410553,0.0,0.74,1471.8486842105262,0.0,0.0,1433.99,0.9500856114059091,1.0,1066.0545426357855,1000.0,1038.039116319996,1000.0,1.021681333135973,0.0
1667,1678532460000.0,31.234437405410553,0.0,0.74,1471.8486842105262,0.0,0.0,1424.31,0.9500856114059091,1.0,1066.0545426357855,1000.0,1030.8759163199961,1000.0,1.021681333135973,0.0
1668,1678536060000.0,31.234437405410553,0.0,0.74,1471.8486842105262,0.0,0.0,1426.43,0.9500856114059091,1.0,1066.0545426357855,1000.0,1032.4447163199961,1000.0,1.021681333135973,0.0
1669,1678539660000.0,31.234437405410553,0.0,0.74,1471.8486842105262,0.0,0.0,1427.5,0.9500856114059091,1.0,1066.0545426357855,1000.0,1033.236516319996,1000.0,1.021681333135973,0.0
1670,1678543260000.0,31.234437405410553,0.0,0.74,1471.8486842105262,0.0,0.0,1430.36,0.9500856114059091,1.0,1066.0545426357855,1000.0,1035.352916319996,1000.0,1.021681333135973,0.0
1671,1678546860000.0,31.234437405410553,0.0,0.74,1471.8486842105262,0.0,0.0,1433.99,0.9500856114059091,1.0,1066.0545426357855,1000.0,1038.039116319996,1000.0,1.021681333135973,0.0
1672,1678550460000.0,12.08567457534777,0.0,0.73,1471.8486842105262,0.0,0.0,1427.93,0.9500856114059091,1.0,1065.6269970336803,1000.0,1033.566357559996,1000.0,1.008279203196393,0.0
1673,1678554060000.0,12.08567457534777,0.0,0.73,1471.8486842105262,0.0,0.0,1430.1,0.9500856114059091,1.0,1065.6269970336803,1000.0,1035.150457559996,1000.0,1.008279203196393,0.0
1674,1678557660000.0,12.08567457534777,0.0,0.73,1471.8486842105262,0.0,0.0,1450.29,0.9500856114059091,1.0,1065.6269970336803,1000.0,1049.889157559996,1000.0,1.008279203196393,0.0
1675,1678561260000.0,12.08567457534777,0.0,0.73,1471.8486842105262,0.0,0.0,1447.75,0.9500856114059091,1.0,1065.6269970336803,1000.0,1048.0349575599962,1000.0,1.008279203196393,0.0
1676,1678564860000.0,12.08567457534777,0.0,0.73,1471.8486842105262,0.0,0.0,1452.96,0.9500856114059091,1.0,1065.6269970336803,1000.0,1051.8382575599962,1000.0,1.008279203196393,0.0
1677,1678568460000.0,12.08567457534777,0.0,0.73,1471.8486842105262,0.0,0.0,1465.4,0.9500856114059091,1.0,1065.6269970336803,1000.0,1060.919457559996,1000.0,1.008279203196393,0.0
1678,1678572060000.0,12.08567457534777,0.0,0.73,1471.8486842105262,0.0,0.0,1462.96,0.9500856114059091,1.0,1065.6269970336803,1000.0,1059.1382575599962,1000.0,1.008279203196393,0.0
1679,1678575660000.0,12.08567457534777,0.0,0.73,1471.8486842105262,0.0,0.0,1460.25,0.9500856114059091,1.0,1065.6269970336803,1000.0,1057.1599575599962,1000.0,1.008279203196393,0.0
1680,1678579260000.0,12.08567457534777,0.0,0.73,1471.8486842105262,0.0,0.0,1469.73,0.9500856114059091,1.0,1065.6269970336803,1000.0,1064.0803575599962,1000.0,1.008279203196393,0.0
1681,1678582860000.0,12.08567457534777,0.0,0.73,1471.8486842105262,0.0,0.0,1464.36,0.9500856114059091,1.0,1065.6269970336803,1000.0,1060.1602575599961,1000.0,1.008279203196393,0.0
1682,1678586460000.0,12.08567457534777,0.0,0.73,1471.8486842105262,0.0,0.0,1462.05,0.9500856114059091,1.0,1065.6269970336803,1000.0,1058.473957559996,1000.0,1.008279203196393,0.0
1683,1678590060000.0,12.08567457534777,0.0,0.73,1471.8486842105262,0.0,0.0,1465.69,0.9500856114059091,1.0,1065.6269970336803,1000.0,1061.1311575599962,1000.0,1.008279203196393,0.0
1684,1678593660000.0,12.08567457534777,0.0,0.73,1471.8486842105262,0.0,0.0,1465.25,0.9500856114059091,1.0,1065.6269970336803,1000.0,1060.809957559996,1000.0,1.008279203196393,0.0
1685,1678597260000.0,12.08567457534777,0.0,0.73,1471.8486842105262,0.0,0.0,1465.51,0.9500856114059091,1.0,1065.6269970336803,1000.0,1060.9997575599962,1000.0,1.008279203196393,0.0
1686,1678600860000.0,0.0,0.0,0.72,1471.8486842105262,0.0,0.0,1462.92,0.9500856114059091,1.0,1065.567777751575,1000.0,1059.1391251199962,1000.0,0.9945224271586816,0.0
1687,1678604460000.0,0.0,0.0,0.72,1471.8486842105262,0.0,0.0,1458.57,0.9500856114059091,1.0,1065.567777751575,1000.0,1056.007125119996,1000.0,0.9945224271586816,0.0
1688,1678608060000.0,0.0,0.0,0.72,1471.8486842105262,0.0,0.0,1458.64,0.9500856114059091,1.0,1065.567777751575,1000.0,1056.0575251199962,1000.0,0.9945224271586816,0.0
1689,1678611660000.0,0.0,0.0,0.72,1471.8486842105262,0.0,0.0,1465.35,0.9500856114059091,1.0,1065.567777751575,1000.0,1060.888725119996,1000.0,0.9945224271586816,0.0
1690,1678615260000.0,0.0,0.0,0.72,1471.8486842105262,0.0,0.0,1459.71,0.9500856114059091,1.0,1065.567777751575,1000.0,1056.827925119996,1000.0,0.9945224271586816,0.0
1691,1678618860000.0,0.0,0.0,0.72,1471.8486842105262,0.0,0.0,1463.07,0.9500856114059091,1.0,1065.567777751575,1000.0,1059.247125119996,1000.0,0.9945224271586816,0.0
1692,1678622460000.0,0.0,0.0,0.72,1471.8486842105262,0.0,0.0,1463.46,0.9500856114059091,1.0,1065.567777751575,1000.0,1059.527925119996,1000.0,0.9945224271586816,0.0
1693,1678626060000.0,0.0,0.0,0.72,1471.8486842105262,0.0,0.0,1457.36,0.9500856114059091,1.0,1065.567777751575,1000.0,1055.135925119996,1000.0,0.9945224271586816,0.0
1694,1678629660000.0,0.0,0.0,0.72,1471.8486842105262,0.0,0.0,1458.18,0.9500856114059091,1.0,1065.567777751575,1000.0,1055.726325119996,1000.0,0.9945224271586816,0.0
1695,1678633260000.0,0.0,0.0,0.72,1471.8486842105262,0.0,0.0,1452.8,0.9500856114059091,1.0,1065.567777751575,1000.0,1051.8527251199962,1000.0,0.9945224271586816,0.0
1696,1678636860000.0,0.0,0.0,0.72,1471.8486842105262,0.0,0.0,1454.19,0.9500856114059091,1.0,1065.567777751575,1000.0,1052.8535251199962,1000.0,0.9945224271586816,0.0
1697,1678640460000.0,0.0,0.0,0.72,1471.8486842105262,0.0,0.0,1462.93,0.9500856114059091,1.0,1065.567777751575,1000.0,1059.1463251199962,1000.0,0.9945224271586816,0.0
1698,1678644060000.0,0.0,0.0,0.06,1471.8486842105262,0.0,0.0,1515.6,0.9500856114059091,1.0,1087.7252908926282,1000.0,1090.3503698399966,1000.0,0.0811886252825475,0.0
1699,1678647660000.0,0.0,0.0,0.0,1471.8486842105262,0.0,0.0,1534.68,0.9500856114059091,1.0,1090.2601970399967,1000.0,1090.2601970399967,1000.0,0.0,0.0
1700,1678651260000.0,0.0,0.0,0.0,1471.8486842105262,0.0,0.0,1515.36,0.9500856114059091,1.0,1090.2601970399967,1000.0,1090.2601970399967,1000.0,0.0,0.0
1701,1678654860000.0,0.0,0.0,0.0,1471.8486842105262,0.0,0.0,1534.64,0.9500856114059091,1.0,1090.2601970399967,1000.0,1090.2601970399967,1000.0,0.0,0.0
1702,1678658460000.0,0.0,0.0,0.0,1471.8486842105262,0.0,0.0,1531.66,0.9500856114059091,1.0,1090.2601970399967,1000.0,1090.2601970399967,1000.0,0.0,0.0
1703,1678662060000.0,0.0,0.0,0.0,1471.8486842105262,0.0,0.0,1563.93,0.9500856114059091,1.0,1090.2601970399967,1000.0,1090.2601970399967,1000.0,0.0,0.0
1704,1678665660000.0,0.0,0.0,0.0,1471.8486842105262,0.0,0.0,1577.41,0.9500856114059091,1.0,1090.2601970399967,1000.0,1090.2601970399967,1000.0,0.0,0.0
1705,1678669260000.0,0.0,0.0,0.0,1471.8486842105262,0.0,0.0,1607.17,0.9500856114059091,1.0,1090.2601970399967,1000.0,1090.2601970399967,1000.0,0.0,0.0
1706,1678672860000.0,0.0,0.0,0.0,1471.8486842105262,0.0,0.0,1599.05,0.9500856114059091,1.0,1090.2601970399967,1000.0,1090.2601970399967,1000.0,0.0,0.0
1707,1678676460000.0,0.0,0.0,0.0,1471.8486842105262,0.0,0.0,1589.37,0.9500856114059091,1.0,1090.2601970399967,1000.0,1090.2601970399967,1000.0,0.0,0.0
1708,1678680060000.0,0.0,0.0,0.0,1471.8486842105262,0.0,0.0,1591.71,0.9500856114059091,1.0,1090.2601970399967,1000.0,1090.2601970399967,1000.0,0.0,0.0
1709,1678683660000.0,0.0,0.0,0.0,1471.8486842105262,0.0,0.0,1593.74,0.9500856114059091,1.0,1090.2601970399967,1000.0,1090.2601970399967,1000.0,0.0,0.0
1710,1678687260000.0,0.0,0.0,0.0,1471.8486842105262,0.0,0.0,1598.09,0.9500856114059091,1.0,1090.2601970399967,1000.0,1090.2601970399967,1000.0,0.0,0.0
1711,1678690860000.0,0.0,0.0,0.0,1471.8486842105262,0.0,0.0,1600.01,0.9500856114059091,1.0,1090.2601970399967,1000.0,1090.2601970399967,1000.0,0.0,0.0
1712,1678694460000.0,0.0,0.0,0.0,1471.8486842105262,0.0,0.0,1604.65,0.9500856114059091,1.0,1090.2601970399967,1000.0,1090.2601970399967,1000.0,0.0,0.0
1713,1678698060000.0,0.0,0.0,0.0,1471.8486842105262,0.0,0.0,1587.64,0.9500856114059091,1.0,1090.2601970399967,1000.0,1090.2601970399967,1000.0,0.0,0.0
1714,1678701660000.0,0.0,0.0,0.0,1471.8486842105262,0.0,0.0,1570.59,0.9500856114059091,1.0,1090.2601970399967,1000.0,1090.2601970399967,1000.0,0.0,0.0
1715,1678705260000.0,0.0,0.0,0.0,1471.8486842105262,0.0,0.0,1582.9,0.9500856114059091,1.0,1090.2601970399967,1000.0,1090.2601970399967,1000.0,0.0,0.0
1716,1678708860000.0,0.0,0.0,0.0,1471.8486842105262,0.0,0.0,1581.04,0.9500856114059091,1.0,1090.2601970399967,1000.0,1090.2601970399967,1000.0,0.0,0.0
1717,1678712460000.0,0.0,0.0,0.0,1471.8486842105262,0.0,0.0,1586.3,0.9500856114059091,1.0,1090.2601970399967,1000.0,1090.2601970399967,1000.0,0.0,0.0
1718,1678716060000.0,0.0,0.0,0.0,1471.8486842105262,0.0,0.0,1594.0,0.9500856114059091,1.0,1090.2601970399967,1000.0,1090.2601970399967,1000.0,0.0,0.0
1719,1678719660000.0,0.0,0.0,0.0,1471.8486842105262,0.0,0.0,1656.21,0.9500856114059091,1.0,1090.2601970399967,1000.0,1090.2601970399967,1000.0,0.0,0.0
1720,1678723260000.0,0.0,0.0,0.0,1471.8486842105262,0.0,0.0,1670.05,0.9500856114059091,1.0,1090.2601970399967,1000.0,1090.2601970399967,1000.0,0.0,0.0
1721,1678726860000.0,0.0,0.0,0.0,1471.8486842105262,0.0,0.0,1660.33,0.9500856114059091,1.0,1090.2601970399967,1000.0,1090.2601970399967,1000.0,0.0,0.0
1722,1678730460000.0,0.0,0.0,0.0,1471.8486842105262,0.0,0.0,1670.2,0.9500856114059091,1.0,1090.2601970399967,1000.0,1090.2601970399967,1000.0,0.0,0.0
1723,1678734060000.0,0.0,0.0,0.0,1471.8486842105262,0.0,0.0,1682.75,0.9500856114059091,1.0,1090.2601970399967,1000.0,1090.2601970399967,1000.0,0.0,0.0
1724,1678737660000.0,0.0,0.0,0.0,1471.8486842105262,0.0,0.0,1677.98,0.9500856114059091,1.0,1090.2601970399967,1000.0,1090.2601970399967,1000.0,0.0,0.0
1725,1678741260000.0,0.0,0.0,0.0,1471.8486842105262,0.0,0.0,1666.01,0.9500856114059091,1.0,1090.2601970399967,1000.0,1090.2601970399967,1000.0,0.0,0.0
1726,1678744860000.0,0.0,0.0,0.0,1471.8486842105262,0.0,0.0,1670.77,0.9500856114059091,1.0,1090.2601970399967,1000.0,1090.2601970399967,1000.0,0.0,0.0
1727,1678748460000.0,0.0,0.0,0.0,1471.8486842105262,0.0,0.0,1680.78,0.9500856114059091,1.0,1090.2601970399967,1000.0,1090.2601970399967,1000.0,0.0,0.0
1728,1678752060000.0,0.0,0.0,0.0,1471.8486842105262,0.0,0.0,1672.94,0.9500856114059091,1.0,1090.2601970399967,1000.0,1090.2601970399967,1000.0,0.0,0.0
1729,1678755660000.0,0.0,0.0,0.0,1471.8486842105262,0.0,0.0,1665.21,0.9500856114059091,1.0,1090.2601970399967,1000.0,1090.2601970399967,1000.0,0.0,0.0
1730,1678759260000.0,0.0,0.0,0.0,1471.8486842105262,0.0,0.0,1676.87,0.9500856114059091,1.0,1090.2601970399967,1000.0,1090.2601970399967,1000.0,0.0,0.0
1731,1678762860000.0,0.0,0.0,0.0,1471.8486842105262,0.0,0.0,1670.27,0.9500856114059091,1.0,1090.2601970399967,1000.0,1090.2601970399967,1000.0,0.0,0.0
1732,1678766460000.0,0.0,0.0,0.0,1471.8486842105262,0.0,0.0,1675.94,0.9500856114059091,1.0,1090.2601970399967,1000.0,1090.2601970399967,1000.0,0.0,0.0
1733,1678770060000.0,0.0,0.0,0.0,1471.8486842105262,0.0,0.0,1673.82,0.9500856114059091,1.0,1090.2601970399967,1000.0,1090.2601970399967,1000.0,0.0,0.0
1734,1678773660000.0,0.0,0.0,0.0,1471.8486842105262,0.0,0.0,1671.5,0.9500856114059091,1.0,1090.2601970399967,1000.0,1090.2601970399967,1000.0,0.0,0.0
1735,1678777260000.0,0.0,0.0,0.0,1471.8486842105262,0.0,0.0,1674.11,0.9500856114059091,1.0,1090.2601970399967,1000.0,1090.2601970399967,1000.0,0.0,0.0
1736,1678780860000.0,0.0,0.0,0.0,1471.8486842105262,0.0,0.0,1666.21,0.9500856114059091,1.0,1090.2601970399967,1000.0,1090.2601970399967,1000.0,0.0,0.0
1737,1678784460000.0,0.0,0.0,0.0,1471.8486842105262,0.0,0.0,1664.31,0.9500856114059091,1.0,1090.2601970399967,1000.0,1090.2601970399967,1000.0,0.0,0.0
1738,1678788060000.0,0.0,0.0,0.0,1471.8486842105262,0.0,0.0,1667.86,0.9500856114059091,1.0,1090.2601970399967,1000.0,1090.2601970399967,1000.0,0.0,0.0
1739,1678791660000.0,0.0,0.0,0.0,1471.8486842105262,0.0,0.0,1676.53,0.9500856114059091,1.0,1090.2601970399967,1000.0,1090.2601970399967,1000.0,0.0,0.0
1740,1678795260000.0,0.0,0.0,0.0,1471.8486842105262,0.0,0.0,1684.7,0.9500856114059091,1.0,1090.2601970399967,1000.0,1090.2601970399967,1000.0,0.0,0.0
1741,1678798860000.0,0.0,0.0,0.0,1471.8486842105262,0.0,0.0,1759.78,0.9500856114059091,1.0,1090.2601970399967,1000.0,1090.2601970399967,1000.0,0.0,0.0
1742,1678802460000.0,0.0,0.0,0.0,1471.8486842105262,0.0,0.0,1732.1,0.9500856114059091,1.0,1090.2601970399967,1000.0,1090.2601970399967,1000.0,0.0,0.0
1743,1678806060000.0,0.0,0.0,0.0,1471.8486842105262,0.0,0.0,1761.44,0.9500856114059091,1.0,1090.2601970399967,1000.0,1090.2601970399967,1000.0,0.0,0.0
1744,1678809660000.0,0.0,0.0,0.0,1471.8486842105262,0.0,0.0,1768.43,0.9500856114059091,1.0,1090.2601970399967,1000.0,1090.2601970399967,1000.0,0.0,0.0
1745,1678813260000.0,0.0,0.0,0.0,1471.8486842105262,0.0,0.0,1765.27,0.9500856114059091,1.0,1090.2601970399967,1000.0,1090.2601970399967,1000.0,0.0,0.0
1746,1678816860000.0,0.0,0.0,0.0,1471.8486842105262,0.0,0.0,1752.36,0.9500856114059091,1.0,1090.2601970399967,1000.0,1090.2601970399967,1000.0,0.0,0.0
1747,1678820460000.0,0.0,0.0,0.0,1471.8486842105262,0.0,0.0,1736.93,0.9500856114059091,1.0,1090.2601970399967,1000.0,1090.2601970399967,1000.0,0.0,0.0
1748,1678824060000.0,0.0,0.0,0.0,1689.83,0.0,0.0,1722.96,0.9500856114059091,1.0,1090.6094451599965,1000.0,1090.6094451599965,1000.0,0.0,0.0
1749,1678827660000.0,0.0,0.0,0.0,1689.83,0.0,0.0,1700.03,0.9500856114059091,1.0,1090.6094451599965,1000.0,1090.6094451599965,1000.0,0.0,0.0
1750,1678831260000.0,0.0,0.0,0.03,1690.9633333333336,0.0,0.0,1692.97,0.9500856114059091,1.0,1090.7158097999964,1000.0,1090.7760097999962,1000.0,0.04650973199820228,0.0
1751,1678834860000.0,0.0,0.0,0.0,1690.9633333333336,0.0,0.0,1706.25,0.9500856114059091,1.0,1091.0753900599964,1000.0,1091.0753900599964,1000.0,0.0,0.0
1752,1678838460000.0,0.0,0.0,0.0,1690.9633333333336,0.0,0.0,1700.68,0.9500856114059091,1.0,1091.0753900599964,1000.0,1091.0753900599964,1000.0,0.0,0.0
1753,1678842060000.0,0.0,0.0,0.0,1690.49,0.0,0.0,1702.34,0.9500856114059091,1.0,1091.4246302599965,1000.0,1091.4246302599965,1000.0,0.0,0.0
1754,1678845660000.0,0.0,0.0,0.0,1690.49,0.0,0.0,1710.37,0.9500856114059091,1.0,1091.4246302599965,1000.0,1091.4246302599965,1000.0,0.0,0.0
1755,1678849260000.0,0.0,0.0,0.0,1690.49,0.0,0.0,1708.17,0.9500856114059091,1.0,1091.4246302599965,1000.0,1091.4246302599965,1000.0,0.0,0.0
1756,1678852860000.0,0.0,0.0,0.0,1690.49,0.0,0.0,1703.4,0.9500856114059091,1.0,1091.4246302599965,1000.0,1091.4246302599965,1000.0,0.0,0.0
1757,1678856460000.0,0.0,0.0,0.0,1690.49,0.0,0.0,1704.32,0.9500856114059091,1.0,1091.4246302599965,1000.0,1091.4246302599965,1000.0,0.0,0.0
1758,1678860060000.0,0.0,0.0,0.0,1690.49,0.0,0.0,1699.99,0.9500856114059091,1.0,1091.4246302599965,1000.0,1091.4246302599965,1000.0,0.0,0.0
1759,1678863660000.0,0.0,0.0,0.0,1690.49,0.0,0.0,1702.92,0.9500856114059091,1.0,1091.4246302599965,1000.0,1091.4246302599965,1000.0,0.0,0.0
1760,1678867260000.0,0.0,0.0,0.0,1690.49,0.0,0.0,1706.03,0.9500856114059091,1.0,1091.4246302599965,1000.0,1091.4246302599965,1000.0,0.0,0.0
1761,1678870860000.0,0.0,0.0,0.0,1690.49,0.0,0.0,1698.22,0.9500856114059091,1.0,1091.4246302599965,1000.0,1091.4246302599965,1000.0,0.0,0.0
1762,1678874460000.0,0.0,0.0,0.03,1691.87,0.0,0.0,1689.18,0.9500856114059091,1.0,1091.4144790399966,1000.0,1091.3337790399967,1000.0,0.04650488056988655,0.0
1763,1678878060000.0,0.0,0.0,0.03,1691.87,0.0,0.0,1678.46,0.9500856114059091,1.0,1091.4144790399966,1000.0,1091.0121790399967,1000.0,0.04650488056988655,0.0
1764,1678881660000.0,0.0,0.0,0.06,1668.92625,0.0,0.0,1679.77,0.9500856114059091,1.0,1091.6344780799964,1000.0,1092.2851030799964,1000.0,0.0917299489991575,0.0
1765,1678885260000.0,0.0,0.0,0.03,1671.6708333333336,0.0,0.0,1677.79,0.9500856114059091,1.0,1092.284588959996,1000.0,1092.468163959996,1000.0,0.045913057372483634,0.0
1766,1678888860000.0,0.0,0.0,0.03,1683.6855144032927,0.0,0.0,1664.68,0.9500856114059091,1.0,1092.8307878520952,1000.0,1092.2606224199965,1000.0,0.04621993266805266,0.0
1767,1678892460000.0,0.0,0.0,0.08,1660.857067901235,0.0,0.0,1651.81,0.9500856114059091,1.0,1092.8143162520953,1000.0,1092.0905508199965,1000.0,0.12158384407680847,0.0
1768,1678896060000.0,0.0,0.0,0.08,1660.857067901235,0.0,0.0,1627.35,0.9500856114059091,1.0,1092.8143162520953,1000.0,1090.1337508199965,1000.0,0.12158384407680847,0.0
1769,1678899660000.0,0.0,0.0,0.22,1636.3971156004495,0.0,0.0,1619.27,0.9500856114059091,1.0,1092.7688884920954,1000.0,1089.0009230599965,1000.0,0.3294451088636598,0.0
1770,1678903260000.0,0.0,0.0,0.22,1636.3971156004495,0.0,0.0,1626.29,0.9500856114059091,1.0,1092.7688884920954,1000.0,1090.5453230599965,1000.0,0.3294451088636598,0.0
1771,1678906860000.0,0.0,0.0,0.19,1636.3971156004495,0.0,0.0,1645.5,0.9500856114059091,1.0,1093.1166851040819,1000.0,1094.8462331399965,1000.0,0.28443024994580646,0.0
1772,1678910460000.0,0.0,0.0,0.12,1636.3971156004495,0.0,0.0,1643.82,0.9500856114059091,1.0,1093.9282105320503,1000.0,1094.8189566599965,1000.0,0.17950689266578768,0.0
1773,1678914060000.0,0.0,0.0,0.08,1636.3971156004495,0.0,0.0,1648.86,0.9500856114059091,1.0,1094.3919393480323,1000.0,1095.3889700999964,1000.0,0.11962055324167016,0.0
1774,1678917660000.0,0.0,0.0,0.03,1644.903162489089,0.0,0.0,1654.95,0.9500856114059091,1.0,1095.197174334669,1000.0,1095.4985794599963,1000.0,0.04505772661863466,0.0
1775,1678921260000.0,0.0,0.0,0.03,1647.675441659393,0.0,0.0,1645.47,0.9500856114059091,1.0,1095.310422489778,1000.0,1095.2442592399962,1000.0,0.04512899926344223,0.0
1776,1678924860000.0,0.0,0.0,0.03,1647.675441659393,0.0,0.0,1650.04,0.9500856114059091,1.0,1095.310422489778,1000.0,1095.381359239996,1000.0,0.04512899926344223,0.0
1777,1678928460000.0,0.0,0.0,0.03,1647.675441659393,0.0,0.0,1645.39,0.9500856114059091,1.0,1095.310422489778,1000.0,1095.241859239996,1000.0,0.04512899926344223,0.0
1778,1678932060000.0,0.0,0.0,0.03,1647.675441659393,0.0,0.0,1644.99,0.9500856114059091,1.0,1095.310422489778,1000.0,1095.2298592399961,1000.0,0.04512899926344223,0.0
1779,1678935660000.0,0.0,0.0,0.03,1647.675441659393,0.0,0.0,1650.13,0.9500856114059091,1.0,1095.310422489778,1000.0,1095.384059239996,1000.0,0.04512899926344223,0.0
1780,1678939260000.0,0.0,0.0,0.03,1647.675441659393,0.0,0.0,1645.76,0.9500856114059091,1.0,1095.310422489778,1000.0,1095.252959239996,1000.0,0.04512899926344223,0.0
1781,1678942860000.0,0.0,0.0,0.03,1647.675441659393,0.0,0.0,1639.87,0.9500856114059091,1.0,1095.310422489778,1000.0,1095.076259239996,1000.0,0.04512899926344223,0.0
1782,1678946460000.0,0.0,0.0,0.03,1647.675441659393,0.0,0.0,1645.96,0.9500856114059091,1.0,1095.310422489778,1000.0,1095.258959239996,1000.0,0.04512899926344223,0.0
1783,1678950060000.0,0.0,0.0,0.03,1647.675441659393,0.0,0.0,1651.83,0.9500856114059091,1.0,1095.310422489778,1000.0,1095.4350592399962,1000.0,0.04512899926344223,0.0
1784,1678953660000.0,0.0,0.0,0.02,1647.675441659393,0.0,0.0,1654.36,0.9500856114059091,1.0,1095.4271487131841,1000.0,1095.5608398799964,1000.0,0.03008279361333967,0.0
1785,1678957260000.0,0.0,0.0,0.02,1647.675441659393,0.0,0.0,1653.58,0.9500856114059091,1.0,1095.4271487131841,1000.0,1095.5452398799962,1000.0,0.03008279361333967,0.0
1786,1678960860000.0,0.0,0.0,0.02,1646.1502944395957,0.0,0.0,1648.06,0.9500856114059091,1.0,1095.540543268788,1000.0,1095.578737379996,1000.0,0.030051837050739195,0.0
1787,1678964460000.0,0.0,0.0,0.0,1646.1502944395957,0.0,0.0,1662.96,0.9500856114059091,1.0,1095.773904779996,1000.0,1095.773904779996,1000.0,0.0,0.0
1788,1678968060000.0,0.0,0.0,0.0,1646.1502944395957,0.0,0.0,1658.66,0.9500856114059091,1.0,1095.773904779996,1000.0,1095.773904779996,1000.0,0.0,0.0
1789,1678971660000.0,0.0,0.0,0.0,1646.1502944395957,0.0,0.0,1649.84,0.9500856114059091,1.0,1095.773904779996,1000.0,1095.773904779996,1000.0,0.0,0.0
1790,1678975260000.0,0.0,0.0,0.0,1644.12,0.0,0.0,1656.16,0.9500856114059091,1.0,1096.1135034599959,1000.0,1096.1135034599959,1000.0,0.0,0.0
1791,1678978860000.0,0.0,0.0,0.0,1644.12,0.0,0.0,1654.61,0.9500856114059091,1.0,1096.1135034599959,1000.0,1096.1135034599959,1000.0,0.0,0.0
1792,1678982460000.0,0.0,0.0,0.0,1644.12,0.0,0.0,1662.44,0.9500856114059091,1.0,1096.1135034599959,1000.0,1096.1135034599959,1000.0,0.0,0.0
1793,1678986060000.0,0.0,0.0,0.0,1644.12,0.0,0.0,1658.87,0.9500856114059091,1.0,1096.1135034599959,1000.0,1096.1135034599959,1000.0,0.0,0.0
1794,1678989660000.0,0.0,0.0,0.0,1644.12,0.0,0.0,1655.15,0.9500856114059091,1.0,1096.1135034599959,1000.0,1096.1135034599959,1000.0,0.0,0.0
1795,1678993260000.0,0.0,0.0,0.0,1644.12,0.0,0.0,1661.6,0.9500856114059091,1.0,1096.1135034599959,1000.0,1096.1135034599959,1000.0,0.0,0.0
1796,1678996860000.0,0.0,0.0,0.0,1644.12,0.0,0.0,1676.01,0.9500856114059091,1.0,1096.1135034599959,1000.0,1096.1135034599959,1000.0,0.0,0.0
1797,1679000460000.0,0.0,0.0,0.0,1644.12,0.0,0.0,1656.19,0.9500856114059091,1.0,1096.1135034599959,1000.0,1096.1135034599959,1000.0,0.0,0.0
1798,1679004060000.0,0.0,0.0,0.0,1644.12,0.0,0.0,1669.2,0.9500856114059091,1.0,1096.1135034599959,1000.0,1096.1135034599959,1000.0,0.0,0.0
1799,1679007660000.0,0.0,0.0,0.0,1644.12,0.0,0.0,1670.98,0.9500856114059091,1.0,1096.1135034599959,1000.0,1096.1135034599959,1000.0,0.0,0.0
1800,1679011260000.0,0.0,0.0,0.0,1644.12,0.0,0.0,1672.36,0.9500856114059091,1.0,1096.1135034599959,1000.0,1096.1135034599959,1000.0,0.0,0.0
1801,1679014860000.0,0.0,0.0,0.0,1644.12,0.0,0.0,1664.56,0.9500856114059091,1.0,1096.1135034599959,1000.0,1096.1135034599959,1000.0,0.0,0.0
1802,1679018460000.0,0.0,0.0,0.0,1644.12,0.0,0.0,1692.84,0.9500856114059091,1.0,1096.1135034599959,1000.0,1096.1135034599959,1000.0,0.0,0.0
1803,1679022060000.0,0.0,0.0,0.0,1644.12,0.0,0.0,1704.63,0.9500856114059091,1.0,1096.1135034599959,1000.0,1096.1135034599959,1000.0,0.0,0.0
1804,1679025660000.0,0.0,0.0,0.0,1644.12,0.0,0.0,1707.36,0.9500856114059091,1.0,1096.1135034599959,1000.0,1096.1135034599959,1000.0,0.0,0.0
1805,1679029260000.0,0.0,0.0,0.0,1644.12,0.0,0.0,1703.41,0.9500856114059091,1.0,1096.1135034599959,1000.0,1096.1135034599959,1000.0,0.0,0.0
1806,1679032860000.0,0.0,0.0,0.0,1644.12,0.0,0.0,1701.73,0.9500856114059091,1.0,1096.1135034599959,1000.0,1096.1135034599959,1000.0,0.0,0.0
1807,1679036460000.0,0.0,0.0,0.0,1644.12,0.0,0.0,1720.32,0.9500856114059091,1.0,1096.1135034599959,1000.0,1096.1135034599959,1000.0,0.0,0.0
1808,1679040060000.0,0.0,0.0,0.0,1644.12,0.0,0.0,1712.68,0.9500856114059091,1.0,1096.1135034599959,1000.0,1096.1135034599959,1000.0,0.0,0.0
1809,1679043660000.0,0.0,0.0,0.0,1644.12,0.0,0.0,1712.36,0.9500856114059091,1.0,1096.1135034599959,1000.0,1096.1135034599959,1000.0,0.0,0.0
1810,1679047260000.0,0.0,0.0,0.0,1644.12,0.0,0.0,1721.71,0.9500856114059091,1.0,1096.1135034599959,1000.0,1096.1135034599959,1000.0,0.0,0.0
1811,1679050860000.0,0.0,0.0,0.0,1644.12,0.0,0.0,1742.77,0.9500856114059091,1.0,1096.1135034599959,1000.0,1096.1135034599959,1000.0,0.0,0.0
1812,1679054460000.0,0.0,0.0,0.0,1644.12,0.0,0.0,1757.66,0.9500856114059091,1.0,1096.1135034599959,1000.0,1096.1135034599959,1000.0,0.0,0.0
1813,1679058060000.0,0.0,0.0,0.0,1644.12,0.0,0.0,1738.66,0.9500856114059091,1.0,1096.1135034599959,1000.0,1096.1135034599959,1000.0,0.0,0.0
1814,1679061660000.0,0.0,0.0,0.0,1644.12,0.0,0.0,1739.31,0.9500856114059091,1.0,1096.1135034599959,1000.0,1096.1135034599959,1000.0,0.0,0.0
1815,1679065260000.0,0.0,0.0,0.0,1644.12,0.0,0.0,1708.78,0.9500856114059091,1.0,1096.1135034599959,1000.0,1096.1135034599959,1000.0,0.0,0.0
1816,1679068860000.0,0.0,0.0,0.0,1644.12,0.0,0.0,1716.7,0.9500856114059091,1.0,1096.1135034599959,1000.0,1096.1135034599959,1000.0,0.0,0.0
1817,1679072460000.0,0.0,0.0,0.0,1644.12,0.0,0.0,1718.0,0.9500856114059091,1.0,1096.1135034599959,1000.0,1096.1135034599959,1000.0,0.0,0.0
1818,1679076060000.0,0.0,0.0,0.0,1644.12,0.0,0.0,1724.05,0.9500856114059091,1.0,1096.1135034599959,1000.0,1096.1135034599959,1000.0,0.0,0.0
1819,1679079660000.0,0.0,0.0,0.0,1644.12,0.0,0.0,1729.35,0.9500856114059091,1.0,1096.1135034599959,1000.0,1096.1135034599959,1000.0,0.0,0.0
1820,1679083260000.0,0.0,0.0,0.0,1644.12,0.0,0.0,1740.02,0.9500856114059091,1.0,1096.1135034599959,1000.0,1096.1135034599959,1000.0,0.0,0.0
1821,1679086860000.0,0.0,0.0,0.0,1644.12,0.0,0.0,1741.84,0.9500856114059091,1.0,1096.1135034599959,1000.0,1096.1135034599959,1000.0,0.0,0.0
1822,1679090460000.0,0.0,0.0,0.0,1644.12,0.0,0.0,1760.68,0.9500856114059091,1.0,1096.1135034599959,1000.0,1096.1135034599959,1000.0,0.0,0.0
1823,1679094060000.0,0.0,0.0,0.0,1644.12,0.0,0.0,1775.61,0.9500856114059091,1.0,1096.1135034599959,1000.0,1096.1135034599959,1000.0,0.0,0.0
1824,1679097660000.0,0.0,0.0,0.0,1644.12,0.0,0.0,1786.1,0.9500856114059091,1.0,1096.1135034599959,1000.0,1096.1135034599959,1000.0,0.0,0.0
1825,1679101260000.0,0.0,0.0,0.0,1644.12,0.0,0.0,1820.29,0.9500856114059091,1.0,1096.1135034599959,1000.0,1096.1135034599959,1000.0,0.0,0.0
1826,1679104860000.0,0.0,0.0,0.0,1644.12,0.0,0.0,1815.27,0.9500856114059091,1.0,1096.1135034599959,1000.0,1096.1135034599959,1000.0,0.0,0.0
1827,1679108460000.0,0.0,0.0,0.0,1644.12,0.0,0.0,1806.2,0.9500856114059091,1.0,1096.1135034599959,1000.0,1096.1135034599959,1000.0,0.0,0.0
1828,1679112060000.0,0.0,0.0,0.0,1644.12,0.0,0.0,1811.85,0.9500856114059091,1.0,1096.1135034599959,1000.0,1096.1135034599959,1000.0,0.0,0.0
1829,1679115660000.0,0.0,0.0,0.0,1644.12,0.0,0.0,1805.86,0.9500856114059091,1.0,1096.1135034599959,1000.0,1096.1135034599959,1000.0,0.0,0.0
1830,1679119260000.0,0.0,0.0,0.0,1644.12,0.0,0.0,1810.72,0.9500856114059091,1.0,1096.1135034599959,1000.0,1096.1135034599959,1000.0,0.0,0.0
1831,1679122860000.0,0.0,0.0,0.0,1644.12,0.0,0.0,1812.0,0.9500856114059091,1.0,1096.1135034599959,1000.0,1096.1135034599959,1000.0,0.0,0.0
1832,1679126460000.0,0.0,0.0,0.0,1644.12,0.0,0.0,1813.63,0.9500856114059091,1.0,1096.1135034599959,1000.0,1096.1135034599959,1000.0,0.0,0.0
1833,1679130060000.0,0.0,0.0,0.0,1644.12,0.0,0.0,1807.0,0.9500856114059091,1.0,1096.1135034599959,1000.0,1096.1135034599959,1000.0,0.0,0.0
1834,1679133660000.0,0.0,0.0,0.0,1644.12,0.0,0.0,1812.4,0.9500856114059091,1.0,1096.1135034599959,1000.0,1096.1135034599959,1000.0,0.0,0.0
1835,1679137260000.0,0.0,0.0,0.0,1644.12,0.0,0.0,1814.32,0.9500856114059091,1.0,1096.1135034599959,1000.0,1096.1135034599959,1000.0,0.0,0.0
1836,1679140860000.0,0.0,0.0,0.0,1644.12,0.0,0.0,1813.23,0.9500856114059091,1.0,1096.1135034599959,1000.0,1096.1135034599959,1000.0,0.0,0.0
1837,1679144460000.0,0.0,0.0,0.0,1644.12,0.0,0.0,1826.31,0.9500856114059091,1.0,1096.1135034599959,1000.0,1096.1135034599959,1000.0,0.0,0.0
1838,1679148060000.0,0.0,0.0,0.0,1644.12,0.0,0.0,1814.71,0.9500856114059091,1.0,1096.1135034599959,1000.0,1096.1135034599959,1000.0,0.0,0.0
1839,1679151660000.0,0.0,0.0,0.0,1644.12,0.0,0.0,1812.36,0.9500856114059091,1.0,1096.1135034599959,1000.0,1096.1135034599959,1000.0,0.0,0.0
1840,1679155260000.0,0.0,0.0,0.03,1780.72,0.0,0.0,1783.98,0.9500856114059091,1.0,1096.1028191399957,1000.0,1096.2006191399958,1000.0,0.048737763526522704,0.0
1841,1679158860000.0,0.0,0.0,0.0,1780.63,0.0,0.0,1796.58,0.9500856114059091,1.0,1096.6041091799952,1000.0,1096.6041091799952,1000.0,0.0,0.0
1842,1679162460000.0,0.0,0.0,0.03,1779.88,0.0,0.0,1781.72,0.9500856114059091,1.0,1096.5934298999953,1000.0,1096.6486298999953,1000.0,0.04869297822153606,0.0
1843,1679166060000.0,0.0,0.0,0.02,1779.88,0.0,0.0,1790.61,0.9500856114059091,1.0,1096.7195441999952,1000.0,1096.9341441999952,1000.0,0.032458252602735146,0.0
1844,1679169660000.0,0.0,0.0,0.0,1779.88,0.0,0.0,1788.53,0.9500856114059091,1.0,1096.971772799995,1000.0,1096.971772799995,1000.0,0.0,0.0
1845,1679173260000.0,0.0,0.0,0.0,1779.88,0.0,0.0,1789.94,0.9500856114059091,1.0,1096.971772799995,1000.0,1096.971772799995,1000.0,0.0,0.0
1846,1679176860000.0,0.0,0.0,0.03,1779.28,0.0,0.0,1779.68,0.9500856114059091,1.0,1096.961097119995,1000.0,1096.973097119995,1000.0,0.04866024888224547,0.0
1847,1679180460000.0,0.0,0.0,0.03,1779.28,0.0,0.0,1765.02,0.9500856114059091,1.0,1096.961097119995,1000.0,1096.533297119995,1000.0,0.04866024888224547,0.0
1848,1679184060000.0,0.0,0.0,0.03,1779.28,0.0,0.0,1759.58,0.9500856114059091,1.0,1096.961097119995,1000.0,1096.370097119995,1000.0,0.04866024888224547,0.0
1849,1679187660000.0,0.0,0.0,0.03,1779.28,0.0,0.0,1776.83,0.9500856114059091,1.0,1096.961097119995,1000.0,1096.887597119995,1000.0,0.04866024888224547,0.0
1850,1679191260000.0,0.0,0.0,0.03,1779.28,0.0,0.0,1777.09,0.9500856114059091,1.0,1096.961097119995,1000.0,1096.8953971199949,1000.0,0.04866024888224547,0.0
1851,1679194860000.0,0.0,0.0,0.03,1779.28,0.0,0.0,1776.68,0.9500856114059091,1.0,1096.961097119995,1000.0,1096.883097119995,1000.0,0.04866024888224547,0.0
1852,1679198460000.0,0.0,0.0,0.03,1779.28,0.0,0.0,1785.53,0.9500856114059091,1.0,1096.961097119995,1000.0,1097.148597119995,1000.0,0.04866024888224547,0.0
1853,1679202060000.0,0.0,0.0,0.03,1779.28,0.0,0.0,1776.5,0.9500856114059091,1.0,1096.961097119995,1000.0,1096.877697119995,1000.0,0.04866024888224547,0.0
1854,1679205660000.0,0.0,0.0,0.03,1779.28,0.0,0.0,1778.22,0.9500856114059091,1.0,1096.961097119995,1000.0,1096.929297119995,1000.0,0.04866024888224547,0.0
1855,1679209260000.0,0.0,0.0,0.03,1779.28,0.0,0.0,1770.16,0.9500856114059091,1.0,1096.961097119995,1000.0,1096.687497119995,1000.0,0.04866024888224547,0.0
1856,1679212860000.0,0.0,0.0,0.03,1779.28,0.0,0.0,1774.41,0.9500856114059091,1.0,1096.961097119995,1000.0,1096.814997119995,1000.0,0.04866024888224547,0.0
1857,1679216460000.0,0.0,0.0,0.03,1779.28,0.0,0.0,1773.35,0.9500856114059091,1.0,1096.961097119995,1000.0,1096.783197119995,1000.0,0.04866024888224547,0.0
1858,1679220060000.0,0.0,0.0,0.03,1779.28,0.0,0.0,1776.14,0.9500856114059091,1.0,1096.961097119995,1000.0,1096.866897119995,1000.0,0.04866024888224547,0.0
1859,1679223660000.0,0.0,0.0,0.03,1779.28,0.0,0.0,1774.29,0.9500856114059091,1.0,1096.961097119995,1000.0,1096.811397119995,1000.0,0.04866024888224547,0.0
1860,1679227260000.0,0.0,0.0,0.03,1779.28,0.0,0.0,1785.0,0.9500856114059091,1.0,1096.961097119995,1000.0,1097.1326971199949,1000.0,0.04866024888224547,0.0
1861,1679230860000.0,0.0,0.0,0.0,1779.28,0.0,0.0,1784.16,0.9500856114059091,1.0,1097.3394436199949,1000.0,1097.3394436199949,1000.0,0.0,0.0
1862,1679234460000.0,0.0,0.0,0.0,1779.28,0.0,0.0,1776.44,0.9500856114059091,1.0,1097.3394436199949,1000.0,1097.3394436199949,1000.0,0.0,0.0
1863,1679238060000.0,0.0,0.0,0.0,1779.28,0.0,0.0,1787.74,0.9500856114059091,1.0,1097.3394436199949,1000.0,1097.3394436199949,1000.0,0.0,0.0
1864,1679241660000.0,0.0,0.0,0.0,1779.28,0.0,0.0,1791.5,0.9500856114059091,1.0,1097.3394436199949,1000.0,1097.3394436199949,1000.0,0.0,0.0
1865,1679245260000.0,0.0,0.0,0.0,1779.28,0.0,0.0,1807.89,0.9500856114059091,1.0,1097.3394436199949,1000.0,1097.3394436199949,1000.0,0.0,0.0
1866,1679248860000.0,0.0,0.0,0.0,1779.28,0.0,0.0,1805.12,0.9500856114059091,1.0,1097.3394436199949,1000.0,1097.3394436199949,1000.0,0.0,0.0
1867,1679252460000.0,0.0,0.0,0.0,1779.28,0.0,0.0,1819.07,0.9500856114059091,1.0,1097.3394436199949,1000.0,1097.3394436199949,1000.0,0.0,0.0
1868,1679256060000.0,0.0,0.0,0.0,1779.28,0.0,0.0,1823.23,0.9500856114059091,1.0,1097.3394436199949,1000.0,1097.3394436199949,1000.0,0.0,0.0
1869,1679259660000.0,0.0,0.0,0.0,1779.28,0.0,0.0,1797.35,0.9500856114059091,1.0,1097.3394436199949,1000.0,1097.3394436199949,1000.0,0.0,0.0
1870,1679263260000.0,0.0,0.0,0.0,1779.28,0.0,0.0,1787.78,0.9500856114059091,1.0,1097.3394436199949,1000.0,1097.3394436199949,1000.0,0.0,0.0
1871,1679266860000.0,0.0,0.0,0.0,1779.28,0.0,0.0,1805.58,0.9500856114059091,1.0,1097.3394436199949,1000.0,1097.3394436199949,1000.0,0.0,0.0
1872,1679270460000.0,0.0,0.0,0.03,1784.49,0.0,0.0,1782.7,0.9500856114059091,1.0,1097.3287366799948,1000.0,1097.2750366799949,1000.0,0.04878638297760345,0.0
1873,1679274060000.0,0.0,0.0,0.03,1784.49,0.0,0.0,1771.63,0.9500856114059091,1.0,1097.3287366799948,1000.0,1096.9429366799948,1000.0,0.04878638297760345,0.0
1874,1679277660000.0,0.0,0.0,0.03,1784.49,0.0,0.0,1773.81,0.9500856114059091,1.0,1097.3287366799948,1000.0,1097.0083366799947,1000.0,0.04878638297760345,0.0
1875,1679281260000.0,0.0,0.0,0.03,1784.49,0.0,0.0,1765.73,0.9500856114059091,1.0,1097.3287366799948,1000.0,1096.7659366799949,1000.0,0.04878638297760345,0.0
1876,1679284860000.0,0.0,0.0,0.08,1760.2400000000002,0.0,0.0,1742.58,0.9500856114059091,1.0,1097.3112797799947,1000.0,1095.8984797799947,1000.0,0.12833113319333922,0.0
1877,1679288460000.0,0.0,0.0,0.08,1760.2400000000002,0.0,0.0,1751.05,0.9500856114059091,1.0,1097.3112797799947,1000.0,1096.5760797799946,1000.0,0.12833113319333922,0.0
1878,1679292060000.0,0.0,0.0,0.08,1760.2400000000002,0.0,0.0,1760.67,0.9500856114059091,1.0,1097.3112797799947,1000.0,1097.3456797799947,1000.0,0.12833113319333922,0.0
1879,1679295660000.0,0.0,0.0,0.08,1760.2400000000002,0.0,0.0,1761.03,0.9500856114059091,1.0,1097.3112797799947,1000.0,1097.3744797799948,1000.0,0.12833113319333922,0.0
1880,1679299260000.0,0.0,0.0,0.04,1760.2400000000002,0.0,0.0,1797.1,0.9500856114059091,1.0,1098.381081039995,1000.0,1099.855481039995,1000.0,0.06410307061492095,0.0
1881,1679302860000.0,0.0,0.0,0.03,1760.2400000000002,0.0,0.0,1786.78,0.9500856114059091,1.0,1098.696096839995,1000.0,1099.492296839995,1000.0,0.048063518339494384,0.0
1882,1679306460000.0,0.0,0.0,0.02,1760.2400000000002,0.0,0.0,1777.33,0.9500856114059091,1.0,1099.0111126399952,1000.0,1099.352912639995,1000.0,0.03203316108008464,0.0
1883,1679310060000.0,0.0,0.0,0.0,1762.856666666667,0.0,0.0,1775.82,0.9500856114059091,1.0,1099.3561274799952,1000.0,1099.3561274799952,1000.0,0.0,0.0
1884,1679313660000.0,0.0,0.0,0.0,1762.856666666667,0.0,0.0,1777.35,0.9500856114059091,1.0,1099.3561274799952,1000.0,1099.3561274799952,1000.0,0.0,0.0
1885,1679317260000.0,0.0,0.0,0.0,1762.856666666667,0.0,0.0,1780.29,0.9500856114059091,1.0,1099.3561274799952,1000.0,1099.3561274799952,1000.0,0.0,0.0
1886,1679320860000.0,0.0,0.0,0.03,1767.74,0.0,0.0,1762.29,0.9500856114059091,1.0,1099.3455210399952,1000.0,1099.182021039995,1000.0,0.04823979266302995,0.0
1887,1679324460000.0,0.0,0.0,0.03,1767.74,0.0,0.0,1774.55,0.9500856114059091,1.0,1099.3455210399952,1000.0,1099.5498210399953,1000.0,0.04823979266302995,0.0
1888,1679328060000.0,0.0,0.0,0.03,1767.74,0.0,0.0,1763.78,0.9500856114059091,1.0,1099.3455210399952,1000.0,1099.2267210399953,1000.0,0.04823979266302995,0.0
1889,1679331660000.0,0.0,0.0,0.03,1767.74,0.0,0.0,1747.84,0.9500856114059091,1.0,1099.3455210399952,1000.0,1098.7485210399952,1000.0,0.04823979266302995,0.0
1890,1679335260000.0,0.0,0.0,0.03,1767.74,0.0,0.0,1743.85,0.9500856114059091,1.0,1099.3455210399952,1000.0,1098.6288210399953,1000.0,0.04823979266302995,0.0
1891,1679338860000.0,0.0,0.0,0.03,1767.74,0.0,0.0,1760.87,0.9500856114059091,1.0,1099.3455210399952,1000.0,1099.139421039995,1000.0,0.04823979266302995,0.0
1892,1679342460000.0,0.0,0.0,0.03,1767.74,0.0,0.0,1752.94,0.9500856114059091,1.0,1099.3455210399952,1000.0,1098.9015210399953,1000.0,0.04823979266302995,0.0
1893,1679346060000.0,0.0,0.0,0.03,1767.74,0.0,0.0,1760.19,0.9500856114059091,1.0,1099.3455210399952,1000.0,1099.1190210399952,1000.0,0.04823979266302995,0.0
1894,1679349660000.0,0.0,0.0,0.03,1767.74,0.0,0.0,1751.78,0.9500856114059091,1.0,1099.3455210399952,1000.0,1098.8667210399951,1000.0,0.04823979266302995,0.0
1895,1679353260000.0,0.0,0.0,0.03,1767.74,0.0,0.0,1745.91,0.9500856114059091,1.0,1099.3455210399952,1000.0,1098.6906210399952,1000.0,0.04823979266302995,0.0
1896,1679356860000.0,0.0,0.0,0.08,1743.7337499999999,0.0,0.0,1731.97,0.9500856114059091,1.0,1099.3282277399953,1000.0,1098.3871277399953,1000.0,0.1268944947286418,0.0
1897,1679360460000.0,0.0,0.0,0.07,1743.7337499999999,0.0,0.0,1747.8,0.9500856114059091,1.0,1099.4517773599953,1000.0,1099.7364148599952,1000.0,0.11102020571842984,0.0
1898,1679364060000.0,0.0,0.0,0.07,1743.7337499999999,0.0,0.0,1752.0,0.9500856114059091,1.0,1099.4517773599953,1000.0,1100.0304148599953,1000.0,0.11102020571842984,0.0
1899,1679367660000.0,0.0,0.0,0.07,1743.7337499999999,0.0,0.0,1748.87,0.9500856114059091,1.0,1099.4517773599953,1000.0,1099.8113148599953,1000.0,0.11102020571842984,0.0
1900,1679371260000.0,0.0,0.0,0.07,1743.7337499999999,0.0,0.0,1745.49,0.9500856114059091,1.0,1099.4517773599953,1000.0,1099.5747148599953,1000.0,0.11102020571842984,0.0
1901,1679374860000.0,0.0,0.0,0.07,1743.7337499999999,0.0,0.0,1742.57,0.9500856114059091,1.0,1099.4517773599953,1000.0,1099.3703148599952,1000.0,0.11102020571842984,0.0
1902,1679378460000.0,0.0,0.0,0.07,1743.7337499999999,0.0,0.0,1738.0,0.9500856114059091,1.0,1099.4517773599953,1000.0,1099.0504148599953,1000.0,0.11102020571842984,0.0
1903,1679382060000.0,0.0,0.0,0.07,1743.7337499999999,0.0,0.0,1739.56,0.9500856114059091,1.0,1099.4517773599953,1000.0,1099.1596148599954,1000.0,0.11102020571842984,0.0
1904,1679385660000.0,0.0,0.0,0.07,1743.7337499999999,0.0,0.0,1727.01,0.9500856114059091,1.0,1099.4517773599953,1000.0,1098.2811148599953,1000.0,0.11102020571842984,0.0
1905,1679389260000.0,0.0,0.0,0.07,1743.7337499999999,0.0,0.0,1734.82,0.9500856114059091,1.0,1099.4517773599953,1000.0,1098.8278148599952,1000.0,0.11102020571842984,0.0
1906,1679392860000.0,0.0,0.0,0.07,1743.7337499999999,0.0,0.0,1748.68,0.9500856114059091,1.0,1099.4517773599953,1000.0,1099.7980148599952,1000.0,0.11102020571842984,0.0
1907,1679396460000.0,0.0,0.0,0.04,1743.7337499999999,0.0,0.0,1758.3,0.9500856114059091,1.0,1099.8224262199951,1000.0,1100.4050762199952,1000.0,0.06341873773180197,0.0
1908,1679400060000.0,0.0,0.0,0.0,1743.7337499999999,0.0,0.0,1760.4,0.9500856114059091,1.0,1100.316624699995,1000.0,1100.316624699995,1000.0,0.0,0.0
1909,1679403660000.0,0.0,0.0,0.0,1743.7337499999999,0.0,0.0,1807.09,0.9500856114059091,1.0,1100.316624699995,1000.0,1100.316624699995,1000.0,0.0,0.0
1910,1679407260000.0,0.0,0.0,0.0,1743.7337499999999,0.0,0.0,1833.03,0.9500856114059091,1.0,1100.316624699995,1000.0,1100.316624699995,1000.0,0.0,0.0
1911,1679410860000.0,0.0,0.0,0.0,1743.7337499999999,0.0,0.0,1805.17,0.9500856114059091,1.0,1100.316624699995,1000.0,1100.316624699995,1000.0,0.0,0.0
1912,1679414460000.0,0.0,0.0,0.0,1743.7337499999999,0.0,0.0,1813.15,0.9500856114059091,1.0,1100.316624699995,1000.0,1100.316624699995,1000.0,0.0,0.0
1913,1679418060000.0,0.0,0.0,0.0,1743.7337499999999,0.0,0.0,1813.0,0.9500856114059091,1.0,1100.316624699995,1000.0,1100.316624699995,1000.0,0.0,0.0
1914,1679421660000.0,0.0,0.0,0.0,1743.7337499999999,0.0,0.0,1785.72,0.9500856114059091,1.0,1100.316624699995,1000.0,1100.316624699995,1000.0,0.0,0.0
1915,1679425260000.0,0.0,0.0,0.0,1743.7337499999999,0.0,0.0,1786.89,0.9500856114059091,1.0,1100.316624699995,1000.0,1100.316624699995,1000.0,0.0,0.0
1916,1679428860000.0,0.0,0.0,0.0,1743.7337499999999,0.0,0.0,1789.73,0.9500856114059091,1.0,1100.316624699995,1000.0,1100.316624699995,1000.0,0.0,0.0
1917,1679432460000.0,0.0,0.0,0.0,1743.7337499999999,0.0,0.0,1795.43,0.9500856114059091,1.0,1100.316624699995,1000.0,1100.316624699995,1000.0,0.0,0.0
1918,1679436060000.0,0.0,0.0,0.0,1743.7337499999999,0.0,0.0,1795.41,0.9500856114059091,1.0,1100.316624699995,1000.0,1100.316624699995,1000.0,0.0,0.0
1919,1679439660000.0,0.0,0.0,0.0,1743.7337499999999,0.0,0.0,1792.18,0.9500856114059091,1.0,1100.316624699995,1000.0,1100.316624699995,1000.0,0.0,0.0
1920,1679443260000.0,0.0,0.0,0.0,1743.7337499999999,0.0,0.0,1800.19,0.9500856114059091,1.0,1100.316624699995,1000.0,1100.316624699995,1000.0,0.0,0.0
1921,1679446860000.0,0.0,0.0,0.0,1743.7337499999999,0.0,0.0,1785.86,0.9500856114059091,1.0,1100.316624699995,1000.0,1100.316624699995,1000.0,0.0,0.0
1922,1679450460000.0,0.0,0.0,0.0,1743.7337499999999,0.0,0.0,1792.78,0.9500856114059091,1.0,1100.316624699995,1000.0,1100.316624699995,1000.0,0.0,0.0
1923,1679454060000.0,0.0,0.0,0.0,1743.7337499999999,0.0,0.0,1793.81,0.9500856114059091,1.0,1100.316624699995,1000.0,1100.316624699995,1000.0,0.0,0.0
1924,1679457660000.0,0.0,0.0,0.0,1743.7337499999999,0.0,0.0,1798.55,0.9500856114059091,1.0,1100.316624699995,1000.0,1100.316624699995,1000.0,0.0,0.0
1925,1679461260000.0,0.0,0.0,0.0,1743.7337499999999,0.0,0.0,1802.47,0.9500856114059091,1.0,1100.316624699995,1000.0,1100.316624699995,1000.0,0.0,0.0
1926,1679464860000.0,0.0,0.0,0.0,1743.7337499999999,0.0,0.0,1802.75,0.9500856114059091,1.0,1100.316624699995,1000.0,1100.316624699995,1000.0,0.0,0.0
1927,1679468460000.0,0.0,0.0,0.0,1743.7337499999999,0.0,0.0,1796.51,0.9500856114059091,1.0,1100.316624699995,1000.0,1100.316624699995,1000.0,0.0,0.0
1928,1679472060000.0,0.0,0.0,0.0,1743.7337499999999,0.0,0.0,1789.21,0.9500856114059091,1.0,1100.316624699995,1000.0,1100.316624699995,1000.0,0.0,0.0
1929,1679475660000.0,0.0,0.0,0.0,1743.7337499999999,0.0,0.0,1786.0,0.9500856114059091,1.0,1100.316624699995,1000.0,1100.316624699995,1000.0,0.0,0.0
1930,1679479260000.0,0.0,0.0,0.0,1743.7337499999999,0.0,0.0,1787.31,0.9500856114059091,1.0,1100.316624699995,1000.0,1100.316624699995,1000.0,0.0,0.0
1931,1679482860000.0,0.0,0.0,0.0,1743.7337499999999,0.0,0.0,1789.2,0.9500856114059091,1.0,1100.316624699995,1000.0,1100.316624699995,1000.0,0.0,0.0
1932,1679486460000.0,0.0,0.0,0.0,1743.7337499999999,0.0,0.0,1785.26,0.9500856114059091,1.0,1100.316624699995,1000.0,1100.316624699995,1000.0,0.0,0.0
1933,1679490060000.0,0.0,0.0,0.0,1743.7337499999999,0.0,0.0,1793.69,0.9500856114059091,1.0,1100.316624699995,1000.0,1100.316624699995,1000.0,0.0,0.0
1934,1679493660000.0,0.0,0.0,0.0,1743.7337499999999,0.0,0.0,1795.85,0.9500856114059091,1.0,1100.316624699995,1000.0,1100.316624699995,1000.0,0.0,0.0
1935,1679497260000.0,0.0,0.0,0.0,1743.7337499999999,0.0,0.0,1803.43,0.9500856114059091,1.0,1100.316624699995,1000.0,1100.316624699995,1000.0,0.0,0.0
1936,1679500860000.0,0.0,0.0,0.0,1743.7337499999999,0.0,0.0,1803.32,0.9500856114059091,1.0,1100.316624699995,1000.0,1100.316624699995,1000.0,0.0,0.0
1937,1679504460000.0,0.0,0.0,0.0,1743.7337499999999,0.0,0.0,1800.7,0.9500856114059091,1.0,1100.316624699995,1000.0,1100.316624699995,1000.0,0.0,0.0
1938,1679508060000.0,0.0,0.0,0.03,1782.976666666667,0.0,0.0,1776.63,0.9500856114059091,1.0,1100.428768039995,1000.0,1100.238368039995,1000.0,0.04860768961472292,0.0
1939,1679511660000.0,0.0,0.0,0.03,1782.3233333333335,0.0,0.0,1759.99,0.9500856114059091,1.0,1100.919842059995,1000.0,1100.249842059995,1000.0,0.048568204475222955,0.0
1940,1679515260000.0,0.0,0.0,0.22,1732.0886363636364,0.0,0.0,1720.1,0.9500856114059091,1.0,1100.8543240999952,1000.0,1098.2168240999952,1000.0,0.346148887875365,0.0
1941,1679518860000.0,0.0,0.0,0.22,1732.0886363636364,0.0,0.0,1727.0,0.9500856114059091,1.0,1100.8543240999952,1000.0,1099.7348240999952,1000.0,0.346148887875365,0.0
1942,1679522460000.0,0.0,0.0,0.22,1732.0886363636364,0.0,0.0,1716.63,0.9500856114059091,1.0,1100.8543240999952,1000.0,1097.4534240999951,1000.0,0.346148887875365,0.0
1943,1679526060000.0,0.0,0.0,0.22,1732.0886363636364,0.0,0.0,1725.58,0.9500856114059091,1.0,1100.8543240999952,1000.0,1099.4224240999952,1000.0,0.346148887875365,0.0
1944,1679529660000.0,0.0,0.0,0.22,1732.0886363636364,0.0,0.0,1732.87,0.9500856114059091,1.0,1100.8543240999952,1000.0,1101.0262240999953,1000.0,0.346148887875365,0.0
1945,1679533260000.0,0.0,0.0,0.22,1732.0886363636364,0.0,0.0,1736.24,0.9500856114059091,1.0,1100.8543240999952,1000.0,1101.7676240999951,1000.0,0.346148887875365,0.0
1946,1679536860000.0,0.0,0.0,0.22,1732.0886363636364,0.0,0.0,1729.0,0.9500856114059091,1.0,1100.8543240999952,1000.0,1100.1748240999952,1000.0,0.346148887875365,0.0
1947,1679540460000.0,0.0,0.0,0.22,1732.0886363636364,0.0,0.0,1737.76,0.9500856114059091,1.0,1100.8543240999952,1000.0,1102.102024099995,1000.0,0.346148887875365,0.0
1948,1679544060000.0,0.0,0.0,0.22,1732.0886363636364,0.0,0.0,1735.81,0.9500856114059091,1.0,1100.8543240999952,1000.0,1101.6730240999952,1000.0,0.346148887875365,0.0
1949,1679547660000.0,0.0,0.0,0.22,1732.0886363636364,0.0,0.0,1730.77,0.9500856114059091,1.0,1100.8543240999952,1000.0,1100.5642240999953,1000.0,0.346148887875365,0.0
1950,1679551260000.0,0.0,0.0,0.03,1732.0886363636364,0.0,0.0,1748.39,0.9500856114059091,1.0,1103.1860842109045,1000.0,1103.6751251199953,1000.0,0.047102351846721624,0.0
1951,1679554860000.0,0.0,0.0,0.03,1732.0886363636364,0.0,0.0,1749.21,0.9500856114059091,1.0,1103.1860842109045,1000.0,1103.6997251199955,1000.0,0.047102351846721624,0.0
1952,1679558460000.0,0.0,0.0,0.02,1732.0886363636364,0.0,0.0,1751.96,0.9500856114059091,1.0,1103.308808427268,1000.0,1103.7062356999954,1000.0,0.031398075010978556,0.0
1953,1679562060000.0,0.0,0.0,0.02,1732.0886363636364,0.0,0.0,1750.63,0.9500856114059091,1.0,1103.308808427268,1000.0,1103.6796356999953,1000.0,0.031398075010978556,0.0
1954,1679565660000.0,0.0,0.0,0.02,1732.0886363636364,0.0,0.0,1754.74,0.9500856114059091,1.0,1103.308808427268,1000.0,1103.7618356999953,1000.0,0.031398075010978556,0.0
1955,1679569260000.0,0.0,0.0,0.02,1732.0886363636364,0.0,0.0,1749.81,0.9500856114059091,1.0,1103.308808427268,1000.0,1103.6632356999953,1000.0,0.031398075010978556,0.0
1956,1679572860000.0,0.0,0.0,0.01,1732.0886363636364,0.0,0.0,1753.0,0.9500856114059091,1.0,1103.4315326436317,1000.0,1103.6406462799953,1000.0,0.015697291450551994,0.0
1957,1679576460000.0,0.0,0.0,0.01,1732.0886363636364,0.0,0.0,1749.74,0.9500856114059091,1.0,1103.4315326436317,1000.0,1103.6080462799953,1000.0,0.015697291450551994,0.0
1958,1679580060000.0,0.0,0.0,0.03,1740.57,0.0,0.0,1748.4,0.9500856114059091,1.0,1103.5438134399953,1000.0,1103.7787134399953,1000.0,0.047317650068851816,0.0
1959,1679583660000.0,0.0,0.0,0.0,1740.57,0.0,0.0,1814.95,0.9500856114059091,1.0,1104.2901186399954,1000.0,1104.2901186399954,1000.0,0.0,0.0
1960,1679587260000.0,0.0,0.0,0.0,1740.57,0.0,0.0,1836.7,0.9500856114059091,1.0,1104.2901186399954,1000.0,1104.2901186399954,1000.0,0.0,0.0
1961,1679590860000.0,0.0,0.0,0.0,1740.57,0.0,0.0,1827.06,0.9500856114059091,1.0,1104.2901186399954,1000.0,1104.2901186399954,1000.0,0.0,0.0
1962,1679594460000.0,0.0,0.0,0.0,1740.57,0.0,0.0,1825.94,0.9500856114059091,1.0,1104.2901186399954,1000.0,1104.2901186399954,1000.0,0.0,0.0
1963,1679598060000.0,0.0,0.0,0.0,1740.57,0.0,0.0,1803.63,0.9500856114059091,1.0,1104.2901186399954,1000.0,1104.2901186399954,1000.0,0.0,0.0
1964,1679601660000.0,0.0,0.0,0.0,1740.57,0.0,0.0,1815.79,0.9500856114059091,1.0,1104.2901186399954,1000.0,1104.2901186399954,1000.0,0.0,0.0
1965,1679605260000.0,0.0,0.0,0.0,1740.57,0.0,0.0,1811.37,0.9500856114059091,1.0,1104.2901186399954,1000.0,1104.2901186399954,1000.0,0.0,0.0
1966,1679608860000.0,0.0,0.0,0.0,1740.57,0.0,0.0,1812.07,0.9500856114059091,1.0,1104.2901186399954,1000.0,1104.2901186399954,1000.0,0.0,0.0
1967,1679612460000.0,0.0,0.0,0.0,1740.57,0.0,0.0,1809.23,0.9500856114059091,1.0,1104.2901186399954,1000.0,1104.2901186399954,1000.0,0.0,0.0
1968,1679616060000.0,0.0,0.0,0.0,1740.57,0.0,0.0,1813.48,0.9500856114059091,1.0,1104.2901186399954,1000.0,1104.2901186399954,1000.0,0.0,0.0
1969,1679619660000.0,0.0,0.0,0.0,1740.57,0.0,0.0,1807.98,0.9500856114059091,1.0,1104.2901186399954,1000.0,1104.2901186399954,1000.0,0.0,0.0
1970,1679623260000.0,0.0,0.0,0.0,1740.57,0.0,0.0,1814.8,0.9500856114059091,1.0,1104.2901186399954,1000.0,1104.2901186399954,1000.0,0.0,0.0
1971,1679626860000.0,0.0,0.0,0.0,1740.57,0.0,0.0,1809.32,0.9500856114059091,1.0,1104.2901186399954,1000.0,1104.2901186399954,1000.0,0.0,0.0
1972,1679630460000.0,0.0,0.0,0.0,1740.57,0.0,0.0,1811.89,0.9500856114059091,1.0,1104.2901186399954,1000.0,1104.2901186399954,1000.0,0.0,0.0
1973,1679634060000.0,0.0,0.0,0.0,1740.57,0.0,0.0,1805.04,0.9500856114059091,1.0,1104.2901186399954,1000.0,1104.2901186399954,1000.0,0.0,0.0
1974,1679637660000.0,0.0,0.0,0.0,1740.57,0.0,0.0,1811.37,0.9500856114059091,1.0,1104.2901186399954,1000.0,1104.2901186399954,1000.0,0.0,0.0
1975,1679641260000.0,0.0,0.0,0.0,1740.57,0.0,0.0,1812.02,0.9500856114059091,1.0,1104.2901186399954,1000.0,1104.2901186399954,1000.0,0.0,0.0
1976,1679644860000.0,0.0,0.0,0.0,1740.57,0.0,0.0,1814.59,0.9500856114059091,1.0,1104.2901186399954,1000.0,1104.2901186399954,1000.0,0.0,0.0
1977,1679648460000.0,0.0,0.0,0.03,1790.19,0.0,0.0,1793.71,0.9500856114059091,1.0,1104.2793774999955,1000.0,1104.3849774999956,1000.0,0.0486341600633579,0.0
1978,1679652060000.0,0.0,0.0,0.03,1790.19,0.0,0.0,1785.96,0.9500856114059091,1.0,1104.2793774999955,1000.0,1104.1524774999955,1000.0,0.0486341600633579,0.0
1979,1679655660000.0,0.0,0.0,0.03,1790.19,0.0,0.0,1783.6,0.9500856114059091,1.0,1104.2793774999955,1000.0,1104.0816774999955,1000.0,0.0486341600633579,0.0
1980,1679659260000.0,0.0,0.0,0.19,1739.7263636363637,0.0,0.0,1750.08,0.9500856114059091,1.0,1104.5835653109045,1000.0,1106.5507562199955,1000.0,0.2992512467790253,0.0
1981,1679662860000.0,0.0,0.0,0.03,1751.2542424242426,0.0,0.0,1771.51,0.9500856114059091,1.0,1108.932201732723,1000.0,1109.5398744599956,1000.0,0.047376771267563934,0.0
1982,1679666460000.0,0.0,0.0,0.03,1759.9185521885524,0.0,0.0,1757.59,0.9500856114059091,1.0,1109.1736041456522,1000.0,1109.1037475799956,1000.0,0.04760080511140924,0.0
1983,1679670060000.0,0.0,0.0,0.03,1770.0826898615792,0.0,0.0,1760.79,0.9500856114059091,1.0,1109.4164144558433,1000.0,1109.1376337599959,1000.0,0.04786523797909874,0.0
1984,1679673660000.0,0.0,0.0,0.03,1770.0826898615792,0.0,0.0,1768.18,0.9500856114059091,1.0,1109.4164144558433,1000.0,1109.359333759996,1000.0,0.04786523797909874,0.0
1985,1679677260000.0,0.0,0.0,0.03,1770.0826898615792,0.0,0.0,1763.04,0.9500856114059091,1.0,1109.4164144558433,1000.0,1109.205133759996,1000.0,0.04786523797909874,0.0
1986,1679680860000.0,0.0,0.0,0.08,1746.0497586980923,0.0,0.0,1737.52,0.9500856114059091,1.0,1109.3990981558434,1000.0,1108.716717459996,1000.0,0.12590958558380333,0.0
1987,1679684460000.0,0.0,0.0,0.05,1746.0497586980923,0.0,0.0,1753.02,0.9500856114059091,1.0,1109.7704527149006,1000.0,1110.1189647799958,1000.0,0.07866715834912626,0.0
1988,1679688060000.0,0.0,0.0,0.04,1746.0497586980923,0.0,0.0,1761.71,0.9500856114059091,1.0,1109.8942375679196,1000.0,1110.520647219996,1000.0,0.06292670777439706,0.0
1989,1679691660000.0,0.0,0.0,0.03,1746.0497586980923,0.0,0.0,1748.91,0.9500856114059091,1.0,1110.0180224209387,1000.0,1110.1038296599959,1000.0,0.04718976782620091,0.0
1990,1679695260000.0,0.0,0.0,0.03,1746.0497586980923,0.0,0.0,1744.76,0.9500856114059091,1.0,1110.0180224209387,1000.0,1109.979329659996,1000.0,0.04718976782620091,0.0
1991,1679698860000.0,0.0,0.0,0.03,1746.0497586980923,0.0,0.0,1743.74,0.9500856114059091,1.0,1110.0180224209387,1000.0,1109.948729659996,1000.0,0.04718976782620091,0.0
1992,1679702460000.0,0.0,0.0,0.03,1746.0497586980923,0.0,0.0,1748.8,0.9500856114059091,1.0,1110.0180224209387,1000.0,1110.1005296599958,1000.0,0.04718976782620091,0.0
1993,1679706060000.0,0.0,0.0,0.03,1746.0497586980923,0.0,0.0,1755.85,0.9500856114059091,1.0,1110.0180224209387,1000.0,1110.312029659996,1000.0,0.04718976782620091,0.0
1994,1679709660000.0,0.0,0.0,0.03,1746.0497586980923,0.0,0.0,1752.95,0.9500856114059091,1.0,1110.0180224209387,1000.0,1110.225029659996,1000.0,0.04718976782620091,0.0
1995,1679713260000.0,0.0,0.0,0.0,1746.0497586980923,0.0,0.0,1757.46,0.9500856114059091,1.0,1110.3893769799959,1000.0,1110.3893769799959,1000.0,0.0,0.0
1996,1679716860000.0,0.0,0.0,0.0,1746.0497586980923,0.0,0.0,1755.34,0.9500856114059091,1.0,1110.3893769799959,1000.0,1110.3893769799959,1000.0,0.0,0.0
1997,1679720460000.0,0.0,0.0,0.03,1750.01,0.0,0.0,1751.43,0.9500856114059091,1.0,1110.378876919996,1000.0,1110.421476919996,1000.0,0.047281428971007615,0.0
1998,1679724060000.0,0.0,0.0,0.03,1750.01,0.0,0.0,1743.72,0.9500856114059091,1.0,1110.378876919996,1000.0,1110.190176919996,1000.0,0.047281428971007615,0.0
1999,1679727660000.0,0.0,0.0,0.03,1750.01,0.0,0.0,1748.49,0.9500856114059091,1.0,1110.378876919996,1000.0,1110.333276919996,1000.0,0.047281428971007615,0.0
2000,1679731260000.0,0.0,0.0,0.03,1750.01,0.0,0.0,1746.13,0.9500856114059091,1.0,1110.378876919996,1000.0,1110.262476919996,1000.0,0.047281428971007615,0.0
2001,1679734860000.0,0.0,0.0,0.03,1750.01,0.0,0.0,1742.8,0.9500856114059091,1.0,1110.378876919996,1000.0,1110.162576919996,1000.0,0.047281428971007615,0.0
2002,1679738460000.0,0.0,0.0,0.03,1750.01,0.0,0.0,1747.17,0.9500856114059091,1.0,1110.378876919996,1000.0,1110.293676919996,1000.0,0.047281428971007615,0.0
2003,1679742060000.0,0.0,0.0,0.03,1750.01,0.0,0.0,1745.96,0.9500856114059091,1.0,1110.378876919996,1000.0,1110.257376919996,1000.0,0.047281428971007615,0.0
2004,1679745660000.0,0.0,0.0,0.03,1750.01,0.0,0.0,1744.49,0.9500856114059091,1.0,1110.378876919996,1000.0,1110.213276919996,1000.0,0.047281428971007615,0.0
2005,1679749260000.0,0.0,0.0,0.03,1750.01,0.0,0.0,1743.29,0.9500856114059091,1.0,1110.378876919996,1000.0,1110.1772769199958,1000.0,0.047281428971007615,0.0
2006,1679752860000.0,0.0,0.0,0.03,1750.01,0.0,0.0,1753.71,0.9500856114059091,1.0,1110.378876919996,1000.0,1110.489876919996,1000.0,0.047281428971007615,0.0
2007,1679756460000.0,0.0,0.0,0.03,1750.01,0.0,0.0,1748.0,0.9500856114059091,1.0,1110.378876919996,1000.0,1110.3185769199958,1000.0,0.047281428971007615,0.0
2008,1679760060000.0,0.0,0.0,0.03,1750.01,0.0,0.0,1753.57,0.9500856114059091,1.0,1110.378876919996,1000.0,1110.485676919996,1000.0,0.047281428971007615,0.0
2009,1679763660000.0,0.0,0.0,0.03,1750.01,0.0,0.0,1752.34,0.9500856114059091,1.0,1110.378876919996,1000.0,1110.448776919996,1000.0,0.047281428971007615,0.0
2010,1679767260000.0,0.0,0.0,0.03,1750.01,0.0,0.0,1742.96,0.9500856114059091,1.0,1110.378876919996,1000.0,1110.167376919996,1000.0,0.047281428971007615,0.0
2011,1679770860000.0,0.0,0.0,0.03,1750.01,0.0,0.0,1724.28,0.9500856114059091,1.0,1110.378876919996,1000.0,1109.606976919996,1000.0,0.047281428971007615,0.0
2012,1679774460000.0,0.0,0.0,0.03,1750.01,0.0,0.0,1716.2,0.9500856114059091,1.0,1110.378876919996,1000.0,1109.364576919996,1000.0,0.047281428971007615,0.0
2013,1679778060000.0,0.0,0.0,0.03,1750.01,0.0,0.0,1728.69,0.9500856114059091,1.0,1110.378876919996,1000.0,1109.739276919996,1000.0,0.047281428971007615,0.0
2014,1679781660000.0,0.0,0.0,0.03,1750.01,0.0,0.0,1732.69,0.9500856114059091,1.0,1110.378876919996,1000.0,1109.8592769199959,1000.0,0.047281428971007615,0.0
2015,1679785260000.0,0.0,0.0,0.03,1750.01,0.0,0.0,1736.0,0.9500856114059091,1.0,1110.378876919996,1000.0,1109.958576919996,1000.0,0.047281428971007615,0.0
2016,1679788860000.0,0.0,0.0,0.03,1750.01,0.0,0.0,1744.54,0.9500856114059091,1.0,1110.378876919996,1000.0,1110.214776919996,1000.0,0.047281428971007615,0.0
2017,1679792460000.0,0.0,0.0,0.03,1750.01,0.0,0.0,1750.02,0.9500856114059091,1.0,1110.378876919996,1000.0,1110.3791769199959,1000.0,0.047281428971007615,0.0
2018,1679796060000.0,0.0,0.0,0.03,1750.01,0.0,0.0,1751.2,0.9500856114059091,1.0,1110.378876919996,1000.0,1110.4145769199959,1000.0,0.047281428971007615,0.0
2019,1679799660000.0,0.0,0.0,0.03,1750.01,0.0,0.0,1751.95,0.9500856114059091,1.0,1110.378876919996,1000.0,1110.437076919996,1000.0,0.047281428971007615,0.0
2020,1679803260000.0,0.0,0.0,0.03,1750.01,0.0,0.0,1748.9,0.9500856114059091,1.0,1110.378876919996,1000.0,1110.345576919996,1000.0,0.047281428971007615,0.0
2021,1679806860000.0,0.0,0.0,0.03,1750.01,0.0,0.0,1748.16,0.9500856114059091,1.0,1110.378876919996,1000.0,1110.323376919996,1000.0,0.047281428971007615,0.0
2022,1679810460000.0,0.0,0.0,0.03,1750.01,0.0,0.0,1753.74,0.9500856114059091,1.0,1110.378876919996,1000.0,1110.490776919996,1000.0,0.047281428971007615,0.0
2023,1679814060000.0,0.0,0.0,0.03,1750.01,0.0,0.0,1750.08,0.9500856114059091,1.0,1110.378876919996,1000.0,1110.3809769199959,1000.0,0.047281428971007615,0.0
2024,1679817660000.0,0.0,0.0,0.03,1750.01,0.0,0.0,1752.09,0.9500856114059091,1.0,1110.378876919996,1000.0,1110.441276919996,1000.0,0.047281428971007615,0.0
2025,1679821260000.0,0.0,0.0,0.0,1750.01,0.0,0.0,1773.73,0.9500856114059091,1.0,1111.129124679996,1000.0,1111.129124679996,1000.0,0.0,0.0
2026,1679824860000.0,0.0,0.0,0.0,1750.01,0.0,0.0,1773.56,0.9500856114059091,1.0,1111.129124679996,1000.0,1111.129124679996,1000.0,0.0,0.0
2027,1679828460000.0,0.0,0.0,0.0,1750.01,0.0,0.0,1769.99,0.9500856114059091,1.0,1111.129124679996,1000.0,1111.129124679996,1000.0,0.0,0.0
2028,1679832060000.0,0.0,0.0,0.0,1750.01,0.0,0.0,1780.0,0.9500856114059091,1.0,1111.129124679996,1000.0,1111.129124679996,1000.0,0.0,0.0
2029,1679835660000.0,0.0,0.0,0.0,1750.01,0.0,0.0,1775.51,0.9500856114059091,1.0,1111.129124679996,1000.0,1111.129124679996,1000.0,0.0,0.0
2030,1679839260000.0,0.0,0.0,0.0,1750.01,0.0,0.0,1792.78,0.9500856114059091,1.0,1111.129124679996,1000.0,1111.129124679996,1000.0,0.0,0.0
2031,1679842860000.0,0.0,0.0,0.0,1750.01,0.0,0.0,1763.06,0.9500856114059091,1.0,1111.129124679996,1000.0,1111.129124679996,1000.0,0.0,0.0
2032,1679846460000.0,0.0,0.0,0.0,1750.01,0.0,0.0,1762.56,0.9500856114059091,1.0,1111.129124679996,1000.0,1111.129124679996,1000.0,0.0,0.0
2033,1679850060000.0,0.0,0.0,0.0,1750.01,0.0,0.0,1756.5,0.9500856114059091,1.0,1111.129124679996,1000.0,1111.129124679996,1000.0,0.0,0.0
2034,1679853660000.0,0.0,0.0,0.0,1750.01,0.0,0.0,1765.5,0.9500856114059091,1.0,1111.129124679996,1000.0,1111.129124679996,1000.0,0.0,0.0
2035,1679857260000.0,0.0,0.0,0.0,1750.01,0.0,0.0,1764.47,0.9500856114059091,1.0,1111.129124679996,1000.0,1111.129124679996,1000.0,0.0,0.0
2036,1679860860000.0,0.0,0.0,0.0,1750.01,0.0,0.0,1763.64,0.9500856114059091,1.0,1111.129124679996,1000.0,1111.129124679996,1000.0,0.0,0.0
2037,1679864460000.0,0.0,0.0,0.0,1750.01,0.0,0.0,1757.31,0.9500856114059091,1.0,1111.129124679996,1000.0,1111.129124679996,1000.0,0.0,0.0
2038,1679868060000.0,0.0,0.0,0.0,1750.01,0.0,0.0,1761.0,0.9500856114059091,1.0,1111.129124679996,1000.0,1111.129124679996,1000.0,0.0,0.0
2039,1679871660000.0,0.0,0.0,0.0,1750.01,0.0,0.0,1776.37,0.9500856114059091,1.0,1111.129124679996,1000.0,1111.129124679996,1000.0,0.0,0.0
2040,1679875260000.0,0.0,0.0,0.0,1750.01,0.0,0.0,1772.49,0.9500856114059091,1.0,1111.129124679996,1000.0,1111.129124679996,1000.0,0.0,0.0
2041,1679878860000.0,0.0,0.0,0.0,1750.01,0.0,0.0,1777.41,0.9500856114059091,1.0,1111.129124679996,1000.0,1111.129124679996,1000.0,0.0,0.0
2042,1679882460000.0,0.0,0.0,0.0,1750.01,0.0,0.0,1763.48,0.9500856114059091,1.0,1111.129124679996,1000.0,1111.129124679996,1000.0,0.0,0.0
2043,1679886060000.0,0.0,0.0,0.0,1750.01,0.0,0.0,1764.29,0.9500856114059091,1.0,1111.129124679996,1000.0,1111.129124679996,1000.0,0.0,0.0
2044,1679889660000.0,0.0,0.0,0.0,1750.01,0.0,0.0,1762.89,0.9500856114059091,1.0,1111.129124679996,1000.0,1111.129124679996,1000.0,0.0,0.0
2045,1679893260000.0,0.0,0.0,0.0,1750.01,0.0,0.0,1763.04,0.9500856114059091,1.0,1111.129124679996,1000.0,1111.129124679996,1000.0,0.0,0.0
2046,1679896860000.0,0.0,0.0,0.03,1754.03,0.0,0.0,1750.32,0.9500856114059091,1.0,1111.118600499996,1000.0,1111.007300499996,1000.0,0.047358490782460974,0.0
2047,1679900460000.0,0.0,0.0,0.03,1754.03,0.0,0.0,1751.82,0.9500856114059091,1.0,1111.118600499996,1000.0,1111.0523004999961,1000.0,0.047358490782460974,0.0
2048,1679904060000.0,0.0,0.0,0.03,1754.03,0.0,0.0,1750.48,0.9500856114059091,1.0,1111.118600499996,1000.0,1111.012100499996,1000.0,0.047358490782460974,0.0
2049,1679907660000.0,0.0,0.0,0.03,1754.03,0.0,0.0,1754.96,0.9500856114059091,1.0,1111.118600499996,1000.0,1111.1465004999961,1000.0,0.047358490782460974,0.0
2050,1679911260000.0,0.0,0.0,0.03,1754.03,0.0,0.0,1762.37,0.9500856114059091,1.0,1111.118600499996,1000.0,1111.368800499996,1000.0,0.047358490782460974,0.0
2051,1679914860000.0,0.0,0.0,0.03,1754.03,0.0,0.0,1763.92,0.9500856114059091,1.0,1111.118600499996,1000.0,1111.4153004999962,1000.0,0.047358490782460974,0.0
2052,1679918460000.0,0.0,0.0,0.0,1754.03,0.0,0.0,1764.49,0.9500856114059091,1.0,1111.4913996399957,1000.0,1111.4913996399957,1000.0,0.0,0.0
2053,1679922060000.0,0.0,0.0,0.03,1751.46,0.0,0.0,1754.9,0.9500856114059091,1.0,1111.4808908799957,1000.0,1111.5840908799958,1000.0,0.047273687232174864,0.0
2054,1679925660000.0,0.0,0.0,0.03,1751.46,0.0,0.0,1753.23,0.9500856114059091,1.0,1111.4808908799957,1000.0,1111.5339908799958,1000.0,0.047273687232174864,0.0
2055,1679929260000.0,0.0,0.0,0.08,1727.6912499999999,0.0,0.0,1709.07,0.9500856114059091,1.0,1111.4637565799958,1000.0,1109.9740565799957,1000.0,0.12435430231687646,0.0
2056,1679932860000.0,0.0,0.0,0.22,1702.1913636363638,0.0,0.0,1709.45,0.9500856114059091,1.0,1111.4165032199958,1000.0,1113.0134032199958,1000.0,0.33694128071254165,0.0
2057,1679936460000.0,0.0,0.0,0.14,1702.1913636363638,0.0,0.0,1715.75,0.9500856114059091,1.0,1112.3817605290863,1000.0,1114.2799696199954,1000.0,0.21423112043453876,0.0
2058,1679940060000.0,0.0,0.0,0.1,1702.1913636363638,0.0,0.0,1706.46,0.9500856114059091,1.0,1112.8643891836316,1000.0,1113.2912528199952,1000.0,0.15295586597797842,0.0
2059,1679943660000.0,0.0,0.0,0.05,1702.1913636363638,0.0,0.0,1715.34,0.9500856114059091,1.0,1113.4676750018127,1000.0,1114.1251068199945,1000.0,0.07643649662454695,0.0
2060,1679947260000.0,0.0,0.0,0.03,1705.9509090909094,0.0,0.0,1706.29,0.9500856114059091,1.0,1113.8262195527213,1000.0,1113.836392279994,1000.0,0.04594839515744118,0.0
2061,1679950860000.0,0.0,0.0,0.03,1705.9509090909094,0.0,0.0,1705.81,0.9500856114059091,1.0,1113.8262195527213,1000.0,1113.821992279994,1000.0,0.04594839515744118,0.0
2062,1679954460000.0,0.0,0.0,0.03,1705.9509090909094,0.0,0.0,1711.68,0.9500856114059091,1.0,1113.8262195527213,1000.0,1113.9980922799941,1000.0,0.04594839515744118,0.0
2063,1679958060000.0,0.0,0.0,0.03,1705.9509090909094,0.0,0.0,1706.16,0.9500856114059091,1.0,1113.8262195527213,1000.0,1113.832492279994,1000.0,0.04594839515744118,0.0
2064,1679961660000.0,0.0,0.0,0.03,1705.9509090909094,0.0,0.0,1717.08,0.9500856114059091,1.0,1113.8262195527213,1000.0,1114.1600922799942,1000.0,0.04594839515744118,0.0
2065,1679965260000.0,0.0,0.0,0.03,1705.9509090909094,0.0,0.0,1702.98,0.9500856114059091,1.0,1113.8262195527213,1000.0,1113.7370922799942,1000.0,0.04594839515744118,0.0
2066,1679968860000.0,0.0,0.0,0.0,1705.9509090909094,0.0,0.0,1715.71,0.9500856114059091,1.0,1114.1887819999936,1000.0,1114.1887819999936,1000.0,0.0,0.0
2067,1679972460000.0,0.0,0.0,0.03,1714.63,0.0,0.0,1712.56,0.9500856114059091,1.0,1114.1784942199936,1000.0,1114.1163942199935,1000.0,0.04616755777180118,0.0
2068,1679976060000.0,0.0,0.0,0.03,1714.63,0.0,0.0,1710.78,0.9500856114059091,1.0,1114.1784942199936,1000.0,1114.0629942199935,1000.0,0.04616755777180118,0.0
2069,1679979660000.0,0.0,0.0,0.03,1714.63,0.0,0.0,1717.95,0.9500856114059091,1.0,1114.1784942199936,1000.0,1114.2780942199936,1000.0,0.04616755777180118,0.0
2070,1679983260000.0,0.0,0.0,0.03,1714.63,0.0,0.0,1725.7,0.9500856114059091,1.0,1114.1784942199936,1000.0,1114.5105942199937,1000.0,0.04616755777180118,0.0
2071,1679986860000.0,0.0,0.0,0.02,1714.63,0.0,0.0,1732.99,0.9500856114059091,1.0,1114.3000399599937,1000.0,1114.6672399599936,1000.0,0.030775014601301814,0.0
2072,1679990460000.0,0.0,0.0,0.0,1714.63,0.0,0.0,1725.48,0.9500856114059091,1.0,1114.5431314399939,1000.0,1114.5431314399939,1000.0,0.0,0.0
2073,1679994060000.0,0.0,0.0,0.0,1714.63,0.0,0.0,1727.43,0.9500856114059091,1.0,1114.5431314399939,1000.0,1114.5431314399939,1000.0,0.0,0.0
2074,1679997660000.0,0.0,0.0,0.0,1714.63,0.0,0.0,1718.49,0.9500856114059091,1.0,1114.5431314399939,1000.0,1114.5431314399939,1000.0,0.0,0.0
2075,1680001260000.0,0.0,0.0,0.03,1712.68,0.0,0.0,1717.88,0.9500856114059091,1.0,1114.5328553599938,1000.0,1114.6888553599938,1000.0,0.0461003906281472,0.0
2076,1680004860000.0,0.0,0.0,0.0,1712.68,0.0,0.0,1748.66,0.9500856114059091,1.0,1115.082067359994,1000.0,1115.082067359994,1000.0,0.0,0.0
2077,1680008460000.0,0.0,0.0,0.0,1712.68,0.0,0.0,1737.0,0.9500856114059091,1.0,1115.082067359994,1000.0,1115.082067359994,1000.0,0.0,0.0
2078,1680012060000.0,0.0,0.0,0.0,1712.68,0.0,0.0,1738.03,0.9500856114059091,1.0,1115.082067359994,1000.0,1115.082067359994,1000.0,0.0,0.0
2079,1680015660000.0,0.0,0.0,0.0,1712.68,0.0,0.0,1740.92,0.9500856114059091,1.0,1115.082067359994,1000.0,1115.082067359994,1000.0,0.0,0.0
2080,1680019260000.0,0.0,0.0,0.0,1712.68,0.0,0.0,1742.36,0.9500856114059091,1.0,1115.082067359994,1000.0,1115.082067359994,1000.0,0.0,0.0
2081,1680022860000.0,0.0,0.0,0.0,1712.68,0.0,0.0,1734.83,0.9500856114059091,1.0,1115.082067359994,1000.0,1115.082067359994,1000.0,0.0,0.0
2082,1680026460000.0,0.0,0.0,0.0,1712.68,0.0,0.0,1737.15,0.9500856114059091,1.0,1115.082067359994,1000.0,1115.082067359994,1000.0,0.0,0.0
2083,1680030060000.0,0.0,0.0,0.0,1712.68,0.0,0.0,1778.46,0.9500856114059091,1.0,1115.082067359994,1000.0,1115.082067359994,1000.0,0.0,0.0
2084,1680033660000.0,0.0,0.0,0.0,1712.68,0.0,0.0,1784.6,0.9500856114059091,1.0,1115.082067359994,1000.0,1115.082067359994,1000.0,0.0,0.0
2085,1680037260000.0,0.0,0.0,0.0,1712.68,0.0,0.0,1772.6,0.9500856114059091,1.0,1115.082067359994,1000.0,1115.082067359994,1000.0,0.0,0.0
2086,1680040860000.0,0.0,0.0,0.0,1712.68,0.0,0.0,1766.28,0.9500856114059091,1.0,1115.082067359994,1000.0,1115.082067359994,1000.0,0.0,0.0
2087,1680044460000.0,0.0,0.0,0.0,1712.68,0.0,0.0,1771.03,0.9500856114059091,1.0,1115.082067359994,1000.0,1115.082067359994,1000.0,0.0,0.0
2088,1680048060000.0,0.0,0.0,0.0,1712.68,0.0,0.0,1772.53,0.9500856114059091,1.0,1115.082067359994,1000.0,1115.082067359994,1000.0,0.0,0.0
2089,1680051660000.0,0.0,0.0,0.0,1712.68,0.0,0.0,1776.29,0.9500856114059091,1.0,1115.082067359994,1000.0,1115.082067359994,1000.0,0.0,0.0
2090,1680055260000.0,0.0,0.0,0.0,1712.68,0.0,0.0,1778.09,0.9500856114059091,1.0,1115.082067359994,1000.0,1115.082067359994,1000.0,0.0,0.0
2091,1680058860000.0,0.0,0.0,0.0,1712.68,0.0,0.0,1779.13,0.9500856114059091,1.0,1115.082067359994,1000.0,1115.082067359994,1000.0,0.0,0.0
2092,1680062460000.0,0.0,0.0,0.0,1712.68,0.0,0.0,1777.88,0.9500856114059091,1.0,1115.082067359994,1000.0,1115.082067359994,1000.0,0.0,0.0
2093,1680066060000.0,0.0,0.0,0.0,1712.68,0.0,0.0,1790.38,0.9500856114059091,1.0,1115.082067359994,1000.0,1115.082067359994,1000.0,0.0,0.0
2094,1680069660000.0,0.0,0.0,0.0,1712.68,0.0,0.0,1787.57,0.9500856114059091,1.0,1115.082067359994,1000.0,1115.082067359994,1000.0,0.0,0.0
2095,1680073260000.0,0.0,0.0,0.0,1712.68,0.0,0.0,1804.49,0.9500856114059091,1.0,1115.082067359994,1000.0,1115.082067359994,1000.0,0.0,0.0
2096,1680076860000.0,0.0,0.0,0.0,1712.68,0.0,0.0,1804.63,0.9500856114059091,1.0,1115.082067359994,1000.0,1115.082067359994,1000.0,0.0,0.0
2097,1680080460000.0,0.0,0.0,0.0,1712.68,0.0,0.0,1819.68,0.9500856114059091,1.0,1115.082067359994,1000.0,1115.082067359994,1000.0,0.0,0.0
2098,1680084060000.0,0.0,0.0,0.0,1712.68,0.0,0.0,1813.52,0.9500856114059091,1.0,1115.082067359994,1000.0,1115.082067359994,1000.0,0.0,0.0
2099,1680087660000.0,0.0,0.0,0.0,1712.68,0.0,0.0,1806.38,0.9500856114059091,1.0,1115.082067359994,1000.0,1115.082067359994,1000.0,0.0,0.0
2100,1680091260000.0,0.0,0.0,0.0,1712.68,0.0,0.0,1811.61,0.9500856114059091,1.0,1115.082067359994,1000.0,1115.082067359994,1000.0,0.0,0.0
2101,1680094860000.0,0.0,0.0,0.0,1712.68,0.0,0.0,1809.24,0.9500856114059091,1.0,1115.082067359994,1000.0,1115.082067359994,1000.0,0.0,0.0
2102,1680098460000.0,0.0,0.0,0.0,1712.68,0.0,0.0,1806.94,0.9500856114059091,1.0,1115.082067359994,1000.0,1115.082067359994,1000.0,0.0,0.0
2103,1680102060000.0,0.0,0.0,0.0,1712.68,0.0,0.0,1796.34,0.9500856114059091,1.0,1115.082067359994,1000.0,1115.082067359994,1000.0,0.0,0.0
2104,1680105660000.0,0.0,0.0,0.0,1712.68,0.0,0.0,1806.01,0.9500856114059091,1.0,1115.082067359994,1000.0,1115.082067359994,1000.0,0.0,0.0
2105,1680109260000.0,0.0,0.0,0.0,1712.68,0.0,0.0,1794.6,0.9500856114059091,1.0,1115.082067359994,1000.0,1115.082067359994,1000.0,0.0,0.0
2106,1680112860000.0,0.0,0.0,0.0,1712.68,0.0,0.0,1798.13,0.9500856114059091,1.0,1115.082067359994,1000.0,1115.082067359994,1000.0,0.0,0.0
2107,1680116460000.0,0.0,0.0,0.0,1712.68,0.0,0.0,1804.23,0.9500856114059091,1.0,1115.082067359994,1000.0,1115.082067359994,1000.0,0.0,0.0
2108,1680120060000.0,0.0,0.0,0.0,1712.68,0.0,0.0,1806.34,0.9500856114059091,1.0,1115.082067359994,1000.0,1115.082067359994,1000.0,0.0,0.0
2109,1680123660000.0,0.0,0.0,0.0,1712.68,0.0,0.0,1801.9,0.9500856114059091,1.0,1115.082067359994,1000.0,1115.082067359994,1000.0,0.0,0.0
2110,1680127260000.0,0.0,0.0,0.03,1784.16,0.0,0.0,1788.27,0.9500856114059091,1.0,1115.0713623999939,1000.0,1115.1946623999938,1000.0,0.04800123275051862,0.0
2111,1680130860000.0,0.0,0.0,0.03,1784.16,0.0,0.0,1789.68,0.9500856114059091,1.0,1115.0713623999939,1000.0,1115.236962399994,1000.0,0.04800123275051862,0.0
2112,1680134460000.0,0.0,0.0,0.02,1784.16,0.0,0.0,1792.62,0.9500856114059091,1.0,1115.197768079994,1000.0,1115.366968079994,1000.0,0.03199719459754193,0.0
2113,1680138060000.0,0.0,0.0,0.03,1783.68,0.0,0.0,1787.66,0.9500856114059091,1.0,1115.439877359994,1000.0,1115.559277359994,1000.0,0.047972464573032475,0.0
2114,1680141660000.0,0.0,0.0,0.03,1783.68,0.0,0.0,1789.88,0.9500856114059091,1.0,1115.439877359994,1000.0,1115.6258773599939,1000.0,0.047972464573032475,0.0
2115,1680145260000.0,0.0,0.0,0.0,1783.68,0.0,0.0,1816.93,0.9500856114059091,1.0,1116.2046201599937,1000.0,1116.2046201599937,1000.0,0.0,0.0
2116,1680148860000.0,0.0,0.0,0.03,1784.7,0.0,0.0,1785.0,0.9500856114059091,1.0,1116.1939119599938,1000.0,1116.2029119599938,1000.0,0.047967471804235204,0.0
2117,1680152460000.0,0.0,0.0,0.02,1784.7,0.0,0.0,1795.31,0.9500856114059091,1.0,1116.3204165399939,1000.0,1116.5326165399938,1000.0,0.031974690663306715,0.0
2118,1680156060000.0,0.0,0.0,0.02,1784.7,0.0,0.0,1796.76,0.9500856114059091,1.0,1116.3204165399939,1000.0,1116.5616165399938,1000.0,0.031974690663306715,0.0
2119,1680159660000.0,0.0,0.0,0.0,1784.7,0.0,0.0,1794.63,0.9500856114059091,1.0,1116.573425699994,1000.0,1116.573425699994,1000.0,0.0,0.0
2120,1680163260000.0,0.0,0.0,0.0,1784.7,0.0,0.0,1805.41,0.9500856114059091,1.0,1116.573425699994,1000.0,1116.573425699994,1000.0,0.0,0.0
2121,1680166860000.0,0.0,0.0,0.0,1784.7,0.0,0.0,1798.21,0.9500856114059091,1.0,1116.573425699994,1000.0,1116.573425699994,1000.0,0.0,0.0
2122,1680170460000.0,0.0,0.0,0.0,1784.7,0.0,0.0,1800.09,0.9500856114059091,1.0,1116.573425699994,1000.0,1116.573425699994,1000.0,0.0,0.0
2123,1680174060000.0,0.0,0.0,0.0,1784.7,0.0,0.0,1802.78,0.9500856114059091,1.0,1116.573425699994,1000.0,1116.573425699994,1000.0,0.0,0.0
2124,1680177660000.0,0.0,0.0,0.0,1784.7,0.0,0.0,1803.9,0.9500856114059091,1.0,1116.573425699994,1000.0,1116.573425699994,1000.0,0.0,0.0
2125,1680181260000.0,0.0,0.0,0.0,1784.7,0.0,0.0,1802.46,0.9500856114059091,1.0,1116.573425699994,1000.0,1116.573425699994,1000.0,0.0,0.0
2126,1680184860000.0,0.0,0.0,0.0,1784.7,0.0,0.0,1793.97,0.9500856114059091,1.0,1116.573425699994,1000.0,1116.573425699994,1000.0,0.0,0.0
2127,1680188460000.0,0.0,0.0,0.03,1787.04,0.0,0.0,1791.51,0.9500856114059091,1.0,1116.562703459994,1000.0,1116.696803459994,1000.0,0.04801450006691976,0.0
2128,1680192060000.0,0.0,0.0,0.03,1787.04,0.0,0.0,1787.24,0.9500856114059091,1.0,1116.562703459994,1000.0,1116.5687034599941,1000.0,0.04801450006691976,0.0
2129,1680195660000.0,0.0,0.0,0.03,1787.04,0.0,0.0,1784.99,0.9500856114059091,1.0,1116.562703459994,1000.0,1116.501203459994,1000.0,0.04801450006691976,0.0
2130,1680199260000.0,0.0,0.0,0.03,1787.04,0.0,0.0,1770.22,0.9500856114059091,1.0,1116.562703459994,1000.0,1116.058103459994,1000.0,0.04801450006691976,0.0
2131,1680202860000.0,0.0,0.0,0.03,1787.04,0.0,0.0,1775.96,0.9500856114059091,1.0,1116.562703459994,1000.0,1116.230303459994,1000.0,0.04801450006691976,0.0
2132,1680206460000.0,0.0,0.0,0.03,1787.04,0.0,0.0,1778.6,0.9500856114059091,1.0,1116.562703459994,1000.0,1116.309503459994,1000.0,0.04801450006691976,0.0
2133,1680210060000.0,0.0,0.0,0.03,1787.04,0.0,0.0,1796.56,0.9500856114059091,1.0,1116.562703459994,1000.0,1116.848303459994,1000.0,0.04801450006691976,0.0
2134,1680213660000.0,0.0,0.0,0.03,1787.04,0.0,0.0,1793.7,0.9500856114059091,1.0,1116.562703459994,1000.0,1116.7625034599942,1000.0,0.04801450006691976,0.0
2135,1680217260000.0,0.0,0.0,0.03,1787.04,0.0,0.0,1782.4,0.9500856114059091,1.0,1116.562703459994,1000.0,1116.423503459994,1000.0,0.04801450006691976,0.0
2136,1680220860000.0,0.0,0.0,0.03,1787.04,0.0,0.0,1793.22,0.9500856114059091,1.0,1116.562703459994,1000.0,1116.7481034599941,1000.0,0.04801450006691976,0.0
2137,1680224460000.0,0.0,0.0,0.0,1787.04,0.0,0.0,1804.8,0.9500856114059091,1.0,1116.942503099994,1000.0,1116.942503099994,1000.0,0.0,0.0
2138,1680228060000.0,0.0,0.0,0.0,1787.04,0.0,0.0,1801.0,0.9500856114059091,1.0,1116.942503099994,1000.0,1116.942503099994,1000.0,0.0,0.0
2139,1680231660000.0,0.0,0.0,0.0,1787.04,0.0,0.0,1802.47,0.9500856114059091,1.0,1116.942503099994,1000.0,1116.942503099994,1000.0,0.0,0.0
2140,1680235260000.0,0.0,0.0,0.0,1787.04,0.0,0.0,1802.56,0.9500856114059091,1.0,1116.942503099994,1000.0,1116.942503099994,1000.0,0.0,0.0
2141,1680238860000.0,0.0,0.0,0.0,1787.04,0.0,0.0,1803.89,0.9500856114059091,1.0,1116.942503099994,1000.0,1116.942503099994,1000.0,0.0,0.0
2142,1680242460000.0,0.0,0.0,0.0,1787.04,0.0,0.0,1796.05,0.9500856114059091,1.0,1116.942503099994,1000.0,1116.942503099994,1000.0,0.0,0.0
2143,1680246060000.0,0.0,0.0,0.0,1787.04,0.0,0.0,1797.31,0.9500856114059091,1.0,1116.942503099994,1000.0,1116.942503099994,1000.0,0.0,0.0
2144,1680249660000.0,0.0,0.0,0.03,1785.41,0.0,0.0,1795.53,0.9500856114059091,1.0,1116.931790639994,1000.0,1117.235390639994,1000.0,0.047954853151157224,0.0
2145,1680253260000.0,0.0,0.0,0.03,1785.41,0.0,0.0,1789.83,0.9500856114059091,1.0,1116.931790639994,1000.0,1117.064390639994,1000.0,0.047954853151157224,0.0
2146,1680256860000.0,0.0,0.0,0.03,1785.41,0.0,0.0,1789.85,0.9500856114059091,1.0,1116.931790639994,1000.0,1117.064990639994,1000.0,0.047954853151157224,0.0
2147,1680260460000.0,0.0,0.0,0.02,1785.41,0.0,0.0,1792.0,0.9500856114059091,1.0,1117.058293799994,1000.0,1117.190093799994,1000.0,0.0319662816150161,0.0
2148,1680264060000.0,0.0,0.0,0.02,1785.41,0.0,0.0,1792.31,0.9500856114059091,1.0,1117.058293799994,1000.0,1117.196293799994,1000.0,0.0319662816150161,0.0
2149,1680267660000.0,0.0,0.0,0.01,1785.41,0.0,0.0,1804.99,0.9500856114059091,1.0,1117.1847969599942,1000.0,1117.3805969599941,1000.0,0.015981330974591975,0.0
2150,1680271260000.0,0.0,0.0,0.0,1785.41,0.0,0.0,1827.47,0.9500856114059091,1.0,1117.5042615199943,1000.0,1117.5042615199943,1000.0,0.0,0.0
2151,1680274860000.0,0.0,0.0,0.0,1785.41,0.0,0.0,1837.51,0.9500856114059091,1.0,1117.5042615199943,1000.0,1117.5042615199943,1000.0,0.0,0.0
2152,1680278460000.0,0.0,0.0,0.0,1785.41,0.0,0.0,1830.0,0.9500856114059091,1.0,1117.5042615199943,1000.0,1117.5042615199943,1000.0,0.0,0.0
2153,1680282060000.0,0.0,0.0,0.0,1785.41,0.0,0.0,1829.04,0.9500856114059091,1.0,1117.5042615199943,1000.0,1117.5042615199943,1000.0,0.0,0.0
2154,1680285660000.0,0.0,0.0,0.0,1785.41,0.0,0.0,1824.15,0.9500856114059091,1.0,1117.5042615199943,1000.0,1117.5042615199943,1000.0,0.0,0.0
2155,1680289260000.0,0.0,0.0,0.0,1785.41,0.0,0.0,1822.72,0.9500856114059091,1.0,1117.5042615199943,1000.0,1117.5042615199943,1000.0,0.0,0.0
2156,1680292860000.0,0.0,0.0,0.0,1785.41,0.0,0.0,1826.58,0.9500856114059091,1.0,1117.5042615199943,1000.0,1117.5042615199943,1000.0,0.0,0.0
2157,1680296460000.0,0.0,0.0,0.0,1785.41,0.0,0.0,1816.63,0.9500856114059091,1.0,1117.5042615199943,1000.0,1117.5042615199943,1000.0,0.0,0.0
2158,1680300060000.0,0.0,0.0,0.0,1785.41,0.0,0.0,1823.31,0.9500856114059091,1.0,1117.5042615199943,1000.0,1117.5042615199943,1000.0,0.0,0.0
2159,1680303660000.0,0.0,0.0,0.0,1785.41,0.0,0.0,1825.06,0.9500856114059091,1.0,1117.5042615199943,1000.0,1117.5042615199943,1000.0,0.0,0.0
2160,1680307260000.0,0.0,0.0,0.0,1785.41,0.0,0.0,1821.14,0.9500856114059091,1.0,1117.5042615199943,1000.0,1117.5042615199943,1000.0,0.0,0.0
2161,1680310860000.0,0.0,0.0,0.0,1785.41,0.0,0.0,1822.77,0.9500856114059091,1.0,1117.5042615199943,1000.0,1117.5042615199943,1000.0,0.0,0.0
2162,1680314460000.0,0.0,0.0,0.0,1785.41,0.0,0.0,1838.78,0.9500856114059091,1.0,1117.5042615199943,1000.0,1117.5042615199943,1000.0,0.0,0.0
2163,1680318060000.0,0.0,0.0,0.0,1785.41,0.0,0.0,1828.9,0.9500856114059091,1.0,1117.5042615199943,1000.0,1117.5042615199943,1000.0,0.0,0.0
2164,1680321660000.0,0.0,0.0,0.0,1785.41,0.0,0.0,1824.27,0.9500856114059091,1.0,1117.5042615199943,1000.0,1117.5042615199943,1000.0,0.0,0.0
2165,1680325260000.0,0.0,0.0,0.0,1785.41,0.0,0.0,1826.17,0.9500856114059091,1.0,1117.5042615199943,1000.0,1117.5042615199943,1000.0,0.0,0.0
2166,1680328860000.0,0.0,0.0,0.0,1785.41,0.0,0.0,1824.99,0.9500856114059091,1.0,1117.5042615199943,1000.0,1117.5042615199943,1000.0,0.0,0.0
2167,1680332460000.0,0.0,0.0,0.0,1785.41,0.0,0.0,1821.58,0.9500856114059091,1.0,1117.5042615199943,1000.0,1117.5042615199943,1000.0,0.0,0.0
2168,1680336060000.0,0.0,0.0,0.0,1785.41,0.0,0.0,1822.73,0.9500856114059091,1.0,1117.5042615199943,1000.0,1117.5042615199943,1000.0,0.0,0.0
2169,1680339660000.0,0.0,0.0,0.0,1785.41,0.0,0.0,1824.19,0.9500856114059091,1.0,1117.5042615199943,1000.0,1117.5042615199943,1000.0,0.0,0.0
2170,1680343260000.0,0.0,0.0,0.0,1785.41,0.0,0.0,1823.58,0.9500856114059091,1.0,1117.5042615199943,1000.0,1117.5042615199943,1000.0,0.0,0.0
2171,1680346860000.0,0.0,0.0,0.0,1785.41,0.0,0.0,1826.61,0.9500856114059091,1.0,1117.5042615199943,1000.0,1117.5042615199943,1000.0,0.0,0.0
2172,1680350460000.0,0.0,0.0,0.0,1785.41,0.0,0.0,1823.27,0.9500856114059091,1.0,1117.5042615199943,1000.0,1117.5042615199943,1000.0,0.0,0.0
2173,1680354060000.0,0.0,0.0,0.0,1785.41,0.0,0.0,1825.73,0.9500856114059091,1.0,1117.5042615199943,1000.0,1117.5042615199943,1000.0,0.0,0.0
2174,1680357660000.0,0.0,0.0,0.0,1785.41,0.0,0.0,1825.16,0.9500856114059091,1.0,1117.5042615199943,1000.0,1117.5042615199943,1000.0,0.0,0.0
2175,1680361260000.0,0.0,0.0,0.0,1785.41,0.0,0.0,1816.61,0.9500856114059091,1.0,1117.5042615199943,1000.0,1117.5042615199943,1000.0,0.0,0.0
2176,1680364860000.0,0.0,0.0,0.0,1785.41,0.0,0.0,1819.57,0.9500856114059091,1.0,1117.5042615199943,1000.0,1117.5042615199943,1000.0,0.0,0.0
2177,1680368460000.0,0.0,0.0,0.03,1810.77,0.0,0.0,1815.68,0.9500856114059091,1.0,1117.4933968999944,1000.0,1117.6406968999945,1000.0,0.04861156240448142,0.0
2178,1680372060000.0,0.0,0.0,0.03,1810.77,0.0,0.0,1815.54,0.9500856114059091,1.0,1117.4933968999944,1000.0,1117.6364968999944,1000.0,0.04861156240448142,0.0
2179,1680375660000.0,0.0,0.0,0.03,1810.77,0.0,0.0,1814.9,0.9500856114059091,1.0,1117.4933968999944,1000.0,1117.6172968999945,1000.0,0.04861156240448142,0.0
2180,1680379260000.0,0.0,0.0,0.03,1810.77,0.0,0.0,1814.22,0.9500856114059091,1.0,1117.4933968999944,1000.0,1117.5968968999944,1000.0,0.04861156240448142,0.0
2181,1680382860000.0,0.0,0.0,0.02,1810.77,0.0,0.0,1815.65,0.9500856114059091,1.0,1117.6217489599944,1000.0,1117.7193489599945,1000.0,0.032403986441477475,0.0
2182,1680386460000.0,0.0,0.0,0.02,1810.77,0.0,0.0,1820.41,0.9500856114059091,1.0,1117.6217489599944,1000.0,1117.8145489599945,1000.0,0.032403986441477475,0.0
2183,1680390060000.0,0.0,0.0,0.0,1810.77,0.0,0.0,1821.96,0.9500856114059091,1.0,1117.8784530799944,1000.0,1117.8784530799944,1000.0,0.0,0.0
2184,1680393660000.0,0.0,0.0,0.0,1810.77,0.0,0.0,1819.59,0.9500856114059091,1.0,1117.8784530799944,1000.0,1117.8784530799944,1000.0,0.0,0.0
2185,1680397260000.0,0.0,0.0,0.0,1810.77,0.0,0.0,1812.63,0.9500856114059091,1.0,1117.8784530799944,1000.0,1117.8784530799944,1000.0,0.0,0.0
2186,1680400860000.0,0.0,0.0,0.0,1810.77,0.0,0.0,1811.61,0.9500856114059091,1.0,1117.8784530799944,1000.0,1117.8784530799944,1000.0,0.0,0.0
2187,1680404460000.0,0.0,0.0,0.0,1810.77,0.0,0.0,1812.62,0.9500856114059091,1.0,1117.8784530799944,1000.0,1117.8784530799944,1000.0,0.0,0.0
2188,1680408060000.0,0.0,0.0,0.0,1810.77,0.0,0.0,1816.51,0.9500856114059091,1.0,1117.8784530799944,1000.0,1117.8784530799944,1000.0,0.0,0.0
2189,1680411660000.0,0.0,0.0,0.0,1810.77,0.0,0.0,1813.4,0.9500856114059091,1.0,1117.8784530799944,1000.0,1117.8784530799944,1000.0,0.0,0.0
2190,1680415260000.0,0.0,0.0,0.0,1810.77,0.0,0.0,1821.09,0.9500856114059091,1.0,1117.8784530799944,1000.0,1117.8784530799944,1000.0,0.0,0.0
2191,1680418860000.0,0.0,0.0,0.0,1810.77,0.0,0.0,1822.64,0.9500856114059091,1.0,1117.8784530799944,1000.0,1117.8784530799944,1000.0,0.0,0.0
2192,1680422460000.0,0.0,0.0,0.0,1810.77,0.0,0.0,1819.26,0.9500856114059091,1.0,1117.8784530799944,1000.0,1117.8784530799944,1000.0,0.0,0.0
2193,1680426060000.0,0.0,0.0,0.0,1810.77,0.0,0.0,1817.38,0.9500856114059091,1.0,1117.8784530799944,1000.0,1117.8784530799944,1000.0,0.0,0.0
2194,1680429660000.0,0.0,0.0,0.0,1810.77,0.0,0.0,1820.88,0.9500856114059091,1.0,1117.8784530799944,1000.0,1117.8784530799944,1000.0,0.0,0.0
2195,1680433260000.0,0.0,0.0,0.0,1810.77,0.0,0.0,1815.99,0.9500856114059091,1.0,1117.8784530799944,1000.0,1117.8784530799944,1000.0,0.0,0.0
2196,1680436860000.0,0.0,0.0,0.0,1810.77,0.0,0.0,1816.65,0.9500856114059091,1.0,1117.8784530799944,1000.0,1117.8784530799944,1000.0,0.0,0.0
2197,1680440460000.0,0.0,0.0,0.0,1810.77,0.0,0.0,1812.26,0.9500856114059091,1.0,1117.8784530799944,1000.0,1117.8784530799944,1000.0,0.0,0.0
2198,1680444060000.0,0.0,0.0,0.03,1807.26,0.0,0.0,1813.26,0.9500856114059091,1.0,1117.8676095199944,1000.0,1118.0476095199945,1000.0,0.04850109220293161,0.0
2199,1680447660000.0,0.0,0.0,0.03,1807.26,0.0,0.0,1808.54,0.9500856114059091,1.0,1117.8676095199944,1000.0,1117.9060095199943,1000.0,0.04850109220293161,0.0
2200,1680451260000.0,0.0,0.0,0.03,1807.26,0.0,0.0,1795.48,0.9500856114059091,1.0,1117.8676095199944,1000.0,1117.5142095199944,1000.0,0.04850109220293161,0.0
2201,1680454860000.0,0.0,0.0,0.03,1807.26,0.0,0.0,1794.47,0.9500856114059091,1.0,1117.8676095199944,1000.0,1117.4839095199943,1000.0,0.04850109220293161,0.0
2202,1680458460000.0,0.0,0.0,0.03,1807.26,0.0,0.0,1800.22,0.9500856114059091,1.0,1117.8676095199944,1000.0,1117.6564095199944,1000.0,0.04850109220293161,0.0
2203,1680462060000.0,0.0,0.0,0.03,1807.26,0.0,0.0,1796.96,0.9500856114059091,1.0,1117.8676095199944,1000.0,1117.5586095199944,1000.0,0.04850109220293161,0.0
2204,1680465660000.0,0.0,0.0,0.03,1807.26,0.0,0.0,1778.13,0.9500856114059091,1.0,1117.8676095199944,1000.0,1116.9937095199944,1000.0,0.04850109220293161,0.0
2205,1680469260000.0,0.0,0.0,0.03,1807.26,0.0,0.0,1787.31,0.9500856114059091,1.0,1117.8676095199944,1000.0,1117.2691095199943,1000.0,0.04850109220293161,0.0
2206,1680472860000.0,0.0,0.0,0.03,1807.26,0.0,0.0,1783.01,0.9500856114059091,1.0,1117.8676095199944,1000.0,1117.1401095199944,1000.0,0.04850109220293161,0.0
2207,1680476460000.0,0.0,0.0,0.03,1807.26,0.0,0.0,1792.53,0.9500856114059091,1.0,1117.8676095199944,1000.0,1117.4257095199944,1000.0,0.04850109220293161,0.0
2208,1680480060000.0,0.0,0.0,0.03,1807.26,0.0,0.0,1792.91,0.9500856114059091,1.0,1117.8676095199944,1000.0,1117.4371095199945,1000.0,0.04850109220293161,0.0
2209,1680483660000.0,0.0,0.0,0.03,1807.26,0.0,0.0,1790.87,0.9500856114059091,1.0,1117.8676095199944,1000.0,1117.3759095199944,1000.0,0.04850109220293161,0.0
2210,1680487260000.0,0.0,0.0,0.08,1782.71,0.0,0.0,1768.53,0.9500856114059091,1.0,1117.8499297199944,1000.0,1116.7155297199945,1000.0,0.127581347199014,0.0
2211,1680490860000.0,0.0,0.0,0.08,1782.71,0.0,0.0,1774.63,0.9500856114059091,1.0,1117.8499297199944,1000.0,1117.2035297199943,1000.0,0.127581347199014,0.0
2212,1680494460000.0,0.0,0.0,0.08,1782.71,0.0,0.0,1777.98,0.9500856114059091,1.0,1117.8499297199944,1000.0,1117.4715297199944,1000.0,0.127581347199014,0.0
2213,1680498060000.0,0.0,0.0,0.08,1782.71,0.0,0.0,1776.49,0.9500856114059091,1.0,1117.8499297199944,1000.0,1117.3523297199945,1000.0,0.127581347199014,0.0
2214,1680501660000.0,0.0,0.0,0.08,1782.71,0.0,0.0,1777.41,0.9500856114059091,1.0,1117.8499297199944,1000.0,1117.4259297199944,1000.0,0.127581347199014,0.0
2215,1680505260000.0,0.0,0.0,0.08,1782.71,0.0,0.0,1787.72,0.9500856114059091,1.0,1117.8499297199944,1000.0,1118.2507297199943,1000.0,0.127581347199014,0.0
2216,1680508860000.0,0.0,0.0,0.06,1782.71,0.0,0.0,1796.74,0.9500856114059091,1.0,1118.1025469199942,1000.0,1118.9443469199941,1000.0,0.0956643916916627,0.0
2217,1680512460000.0,0.0,0.0,0.01,1782.71,0.0,0.0,1812.68,0.9500856114059091,1.0,1119.6973972199935,1000.0,1119.9970972199935,1000.0,0.015921355219956277,0.0
2218,1680516060000.0,0.0,0.0,0.01,1782.71,0.0,0.0,1808.5,0.9500856114059091,1.0,1119.6973972199935,1000.0,1119.9552972199936,1000.0,0.015921355219956277,0.0
2219,1680519660000.0,0.0,0.0,0.01,1782.71,0.0,0.0,1802.35,0.9500856114059091,1.0,1119.6973972199935,1000.0,1119.8937972199935,1000.0,0.015921355219956277,0.0
2220,1680523260000.0,0.0,0.0,0.01,1782.71,0.0,0.0,1805.59,0.9500856114059091,1.0,1119.6973972199935,1000.0,1119.9261972199936,1000.0,0.015921355219956277,0.0
2221,1680526860000.0,0.0,0.0,0.01,1782.71,0.0,0.0,1803.0,0.9500856114059091,1.0,1119.6973972199935,1000.0,1119.9002972199935,1000.0,0.015921355219956277,0.0
2222,1680530460000.0,0.0,0.0,0.0,1782.71,0.0,0.0,1805.58,0.9500856114059091,1.0,1120.0163672799933,1000.0,1120.0163672799933,1000.0,0.0,0.0
2223,1680534060000.0,0.0,0.0,0.03,1787.71,0.0,0.0,1790.99,0.9500856114059091,1.0,1120.0056410199934,1000.0,1120.1040410199935,1000.0,0.04788484810769147,0.0
2224,1680537660000.0,0.0,0.0,0.03,1787.71,0.0,0.0,1795.28,0.9500856114059091,1.0,1120.0056410199934,1000.0,1120.2327410199935,1000.0,0.04788484810769147,0.0
2225,1680541260000.0,0.0,0.0,0.02,1787.71,0.0,0.0,1791.96,0.9500856114059091,1.0,1120.1323395399934,1000.0,1120.2173395399934,1000.0,0.031919621225009215,0.0
2226,1680544860000.0,0.0,0.0,0.0,1787.71,0.0,0.0,1801.17,0.9500856114059091,1.0,1120.3857365799934,1000.0,1120.3857365799934,1000.0,0.0,0.0
2227,1680548460000.0,0.0,0.0,0.0,1787.71,0.0,0.0,1836.84,0.9500856114059091,1.0,1120.3857365799934,1000.0,1120.3857365799934,1000.0,0.0,0.0
2228,1680552060000.0,0.0,0.0,0.0,1787.71,0.0,0.0,1815.48,0.9500856114059091,1.0,1120.3857365799934,1000.0,1120.3857365799934,1000.0,0.0,0.0
2229,1680555660000.0,0.0,0.0,0.03,1791.32,0.0,0.0,1771.44,0.9500856114059091,1.0,1120.3749886599933,1000.0,1119.7785886599934,1000.0,0.047965726246954506,0.0
2230,1680559260000.0,0.0,0.0,0.03,1791.32,0.0,0.0,1792.15,0.9500856114059091,1.0,1120.3749886599933,1000.0,1120.3998886599934,1000.0,0.047965726246954506,0.0
2231,1680562860000.0,0.0,0.0,0.0,1791.32,0.0,0.0,1806.85,0.9500856114059091,1.0,1120.7559623799934,1000.0,1120.7559623799934,1000.0,0.0,0.0
2232,1680566460000.0,0.0,0.0,0.0,1791.32,0.0,0.0,1808.96,0.9500856114059091,1.0,1120.7559623799934,1000.0,1120.7559623799934,1000.0,0.0,0.0
2233,1680570060000.0,0.0,0.0,0.0,1791.32,0.0,0.0,1803.51,0.9500856114059091,1.0,1120.7559623799934,1000.0,1120.7559623799934,1000.0,0.0,0.0
2234,1680573660000.0,0.0,0.0,0.0,1791.32,0.0,0.0,1805.34,0.9500856114059091,1.0,1120.7559623799934,1000.0,1120.7559623799934,1000.0,0.0,0.0
2235,1680577260000.0,0.0,0.0,0.0,1791.32,0.0,0.0,1807.57,0.9500856114059091,1.0,1120.7559623799934,1000.0,1120.7559623799934,1000.0,0.0,0.0
2236,1680580860000.0,0.0,0.0,0.0,1791.32,0.0,0.0,1807.39,0.9500856114059091,1.0,1120.7559623799934,1000.0,1120.7559623799934,1000.0,0.0,0.0
2237,1680584460000.0,0.0,0.0,0.0,1791.32,0.0,0.0,1803.07,0.9500856114059091,1.0,1120.7559623799934,1000.0,1120.7559623799934,1000.0,0.0,0.0
2238,1680588060000.0,0.0,0.0,0.0,1791.32,0.0,0.0,1810.32,0.9500856114059091,1.0,1120.7559623799934,1000.0,1120.7559623799934,1000.0,0.0,0.0
2239,1680591660000.0,0.0,0.0,0.0,1791.32,0.0,0.0,1815.52,0.9500856114059091,1.0,1120.7559623799934,1000.0,1120.7559623799934,1000.0,0.0,0.0
2240,1680595260000.0,0.0,0.0,0.0,1791.32,0.0,0.0,1811.66,0.9500856114059091,1.0,1120.7559623799934,1000.0,1120.7559623799934,1000.0,0.0,0.0
2241,1680598860000.0,0.0,0.0,0.0,1791.32,0.0,0.0,1824.43,0.9500856114059091,1.0,1120.7559623799934,1000.0,1120.7559623799934,1000.0,0.0,0.0
2242,1680602460000.0,0.0,0.0,0.0,1791.32,0.0,0.0,1829.04,0.9500856114059091,1.0,1120.7559623799934,1000.0,1120.7559623799934,1000.0,0.0,0.0
2243,1680606060000.0,0.0,0.0,0.0,1791.32,0.0,0.0,1831.26,0.9500856114059091,1.0,1120.7559623799934,1000.0,1120.7559623799934,1000.0,0.0,0.0
2244,1680609660000.0,0.0,0.0,0.0,1791.32,0.0,0.0,1866.99,0.9500856114059091,1.0,1120.7559623799934,1000.0,1120.7559623799934,1000.0,0.0,0.0
2245,1680613260000.0,0.0,0.0,0.0,1791.32,0.0,0.0,1867.38,0.9500856114059091,1.0,1120.7559623799934,1000.0,1120.7559623799934,1000.0,0.0,0.0
2246,1680616860000.0,0.0,0.0,0.0,1791.32,0.0,0.0,1868.43,0.9500856114059091,1.0,1120.7559623799934,1000.0,1120.7559623799934,1000.0,0.0,0.0
2247,1680620460000.0,0.0,0.0,0.0,1791.32,0.0,0.0,1864.99,0.9500856114059091,1.0,1120.7559623799934,1000.0,1120.7559623799934,1000.0,0.0,0.0
2248,1680624060000.0,0.0,0.0,0.0,1791.32,0.0,0.0,1860.16,0.9500856114059091,1.0,1120.7559623799934,1000.0,1120.7559623799934,1000.0,0.0,0.0
2249,1680627660000.0,0.0,0.0,0.0,1791.32,0.0,0.0,1864.03,0.9500856114059091,1.0,1120.7559623799934,1000.0,1120.7559623799934,1000.0,0.0,0.0
2250,1680631260000.0,0.0,0.0,0.0,1791.32,0.0,0.0,1868.26,0.9500856114059091,1.0,1120.7559623799934,1000.0,1120.7559623799934,1000.0,0.0,0.0
2251,1680634860000.0,0.0,0.0,0.0,1791.32,0.0,0.0,1864.82,0.9500856114059091,1.0,1120.7559623799934,1000.0,1120.7559623799934,1000.0,0.0,0.0
2252,1680638460000.0,0.0,0.0,0.0,1791.32,0.0,0.0,1867.65,0.9500856114059091,1.0,1120.7559623799934,1000.0,1120.7559623799934,1000.0,0.0,0.0
2253,1680642060000.0,0.0,0.0,0.0,1791.32,0.0,0.0,1876.86,0.9500856114059091,1.0,1120.7559623799934,1000.0,1120.7559623799934,1000.0,0.0,0.0
2254,1680645660000.0,0.0,0.0,0.0,1791.32,0.0,0.0,1867.85,0.9500856114059091,1.0,1120.7559623799934,1000.0,1120.7559623799934,1000.0,0.0,0.0
2255,1680649260000.0,0.0,0.0,0.0,1791.32,0.0,0.0,1866.29,0.9500856114059091,1.0,1120.7559623799934,1000.0,1120.7559623799934,1000.0,0.0,0.0
2256,1680652860000.0,0.0,0.0,0.0,1791.32,0.0,0.0,1868.45,0.9500856114059091,1.0,1120.7559623799934,1000.0,1120.7559623799934,1000.0,0.0,0.0
2257,1680656460000.0,0.0,0.0,0.0,1791.32,0.0,0.0,1907.29,0.9500856114059091,1.0,1120.7559623799934,1000.0,1120.7559623799934,1000.0,0.0,0.0
2258,1680660060000.0,0.0,0.0,0.0,1791.32,0.0,0.0,1911.86,0.9500856114059091,1.0,1120.7559623799934,1000.0,1120.7559623799934,1000.0,0.0,0.0
2259,1680663660000.0,0.0,0.0,0.0,1791.32,0.0,0.0,1910.55,0.9500856114059091,1.0,1120.7559623799934,1000.0,1120.7559623799934,1000.0,0.0,0.0
2260,1680667260000.0,0.0,0.0,0.0,1791.32,0.0,0.0,1912.23,0.9500856114059091,1.0,1120.7559623799934,1000.0,1120.7559623799934,1000.0,0.0,0.0
2261,1680670860000.0,0.0,0.0,0.0,1791.32,0.0,0.0,1906.98,0.9500856114059091,1.0,1120.7559623799934,1000.0,1120.7559623799934,1000.0,0.0,0.0
2262,1680674460000.0,0.0,0.0,0.0,1791.32,0.0,0.0,1912.26,0.9500856114059091,1.0,1120.7559623799934,1000.0,1120.7559623799934,1000.0,0.0,0.0
2263,1680678060000.0,0.0,0.0,0.0,1791.32,0.0,0.0,1911.65,0.9500856114059091,1.0,1120.7559623799934,1000.0,1120.7559623799934,1000.0,0.0,0.0
2264,1680681660000.0,0.0,0.0,0.0,1791.32,0.0,0.0,1909.45,0.9500856114059091,1.0,1120.7559623799934,1000.0,1120.7559623799934,1000.0,0.0,0.0
2265,1680685260000.0,0.0,0.0,0.0,1791.32,0.0,0.0,1909.21,0.9500856114059091,1.0,1120.7559623799934,1000.0,1120.7559623799934,1000.0,0.0,0.0
2266,1680688860000.0,0.0,0.0,0.0,1791.32,0.0,0.0,1908.79,0.9500856114059091,1.0,1120.7559623799934,1000.0,1120.7559623799934,1000.0,0.0,0.0
2267,1680692460000.0,0.0,0.0,0.0,1791.32,0.0,0.0,1912.99,0.9500856114059091,1.0,1120.7559623799934,1000.0,1120.7559623799934,1000.0,0.0,0.0
2268,1680696060000.0,0.0,0.0,0.0,1791.32,0.0,0.0,1914.25,0.9500856114059091,1.0,1120.7559623799934,1000.0,1120.7559623799934,1000.0,0.0,0.0
2269,1680699660000.0,0.0,0.0,0.0,1791.32,0.0,0.0,1918.99,0.9500856114059091,1.0,1120.7559623799934,1000.0,1120.7559623799934,1000.0,0.0,0.0
2270,1680703260000.0,0.0,0.0,0.0,1791.32,0.0,0.0,1912.86,0.9500856114059091,1.0,1120.7559623799934,1000.0,1120.7559623799934,1000.0,0.0,0.0
2271,1680706860000.0,0.0,0.0,0.0,1791.32,0.0,0.0,1895.3,0.9500856114059091,1.0,1120.7559623799934,1000.0,1120.7559623799934,1000.0,0.0,0.0
2272,1680710460000.0,0.0,0.0,0.01,1882.71,0.0,0.0,1897.38,0.9500856114059091,1.0,1121.0114803999932,1000.0,1121.1581803999932,1000.0,0.016794743255691028,0.0
2273,1680714060000.0,0.0,0.0,0.0,1882.71,0.0,0.0,1890.5,0.9500856114059091,1.0,1121.144887539993,1000.0,1121.144887539993,1000.0,0.0,0.0
2274,1680717660000.0,0.0,0.0,0.0,1882.71,0.0,0.0,1897.72,0.9500856114059091,1.0,1121.144887539993,1000.0,1121.144887539993,1000.0,0.0,0.0
2275,1680721260000.0,0.0,0.0,0.0,1882.71,0.0,0.0,1897.92,0.9500856114059091,1.0,1121.144887539993,1000.0,1121.144887539993,1000.0,0.0,0.0
2276,1680724860000.0,0.0,0.0,0.0,1882.71,0.0,0.0,1904.96,0.9500856114059091,1.0,1121.144887539993,1000.0,1121.144887539993,1000.0,0.0,0.0
2277,1680728460000.0,0.0,0.0,0.0,1882.71,0.0,0.0,1905.45,0.9500856114059091,1.0,1121.144887539993,1000.0,1121.144887539993,1000.0,0.0,0.0
2278,1680732060000.0,0.0,0.0,0.0,1882.71,0.0,0.0,1908.87,0.9500856114059091,1.0,1121.144887539993,1000.0,1121.144887539993,1000.0,0.0,0.0
2279,1680735660000.0,0.0,0.0,0.0,1882.71,0.0,0.0,1906.98,0.9500856114059091,1.0,1121.144887539993,1000.0,1121.144887539993,1000.0,0.0,0.0
2280,1680739260000.0,0.0,0.0,0.0,1882.71,0.0,0.0,1906.58,0.9500856114059091,1.0,1121.144887539993,1000.0,1121.144887539993,1000.0,0.0,0.0
2281,1680742860000.0,0.0,0.0,0.0,1882.71,0.0,0.0,1893.01,0.9500856114059091,1.0,1121.144887539993,1000.0,1121.144887539993,1000.0,0.0,0.0
2282,1680746460000.0,0.0,0.0,0.03,1888.37,0.0,0.0,1898.66,0.9500856114059091,1.0,1121.133557319993,1000.0,1121.4422573199931,1000.0,0.05053019743287434,0.0
2283,1680750060000.0,0.0,0.0,0.03,1888.37,0.0,0.0,1892.99,0.9500856114059091,1.0,1121.133557319993,1000.0,1121.272157319993,1000.0,0.05053019743287434,0.0
2284,1680753660000.0,0.0,0.0,0.03,1888.37,0.0,0.0,1897.39,0.9500856114059091,1.0,1121.133557319993,1000.0,1121.4041573199931,1000.0,0.05053019743287434,0.0
2285,1680757260000.0,0.0,0.0,0.03,1888.37,0.0,0.0,1891.39,0.9500856114059091,1.0,1121.133557319993,1000.0,1121.224157319993,1000.0,0.05053019743287434,0.0
2286,1680760860000.0,0.0,0.0,0.03,1888.37,0.0,0.0,1886.0,0.9500856114059091,1.0,1121.133557319993,1000.0,1121.0624573199932,1000.0,0.05053019743287434,0.0
2287,1680764460000.0,0.0,0.0,0.03,1888.37,0.0,0.0,1890.66,0.9500856114059091,1.0,1121.133557319993,1000.0,1121.2022573199931,1000.0,0.05053019743287434,0.0
2288,1680768060000.0,0.0,0.0,0.03,1888.37,0.0,0.0,1880.0,0.9500856114059091,1.0,1121.133557319993,1000.0,1120.8824573199931,1000.0,0.05053019743287434,0.0
2289,1680771660000.0,0.0,0.0,0.03,1888.37,0.0,0.0,1879.05,0.9500856114059091,1.0,1121.133557319993,1000.0,1120.853957319993,1000.0,0.05053019743287434,0.0
2290,1680775260000.0,0.0,0.0,0.03,1888.37,0.0,0.0,1866.6,0.9500856114059091,1.0,1121.133557319993,1000.0,1120.480457319993,1000.0,0.05053019743287434,0.0
2291,1680778860000.0,0.0,0.0,0.03,1888.37,0.0,0.0,1861.48,0.9500856114059091,1.0,1121.133557319993,1000.0,1120.326857319993,1000.0,0.05053019743287434,0.0
2292,1680782460000.0,0.0,0.0,0.03,1888.37,0.0,0.0,1866.01,0.9500856114059091,1.0,1121.133557319993,1000.0,1120.462757319993,1000.0,0.05053019743287434,0.0
2293,1680786060000.0,0.0,0.0,0.03,1888.37,0.0,0.0,1863.12,0.9500856114059091,1.0,1121.133557319993,1000.0,1120.3760573199932,1000.0,0.05053019743287434,0.0
2294,1680789660000.0,0.0,0.0,0.03,1888.37,0.0,0.0,1869.3,0.9500856114059091,1.0,1121.133557319993,1000.0,1120.561457319993,1000.0,0.05053019743287434,0.0
2295,1680793260000.0,0.0,0.0,0.03,1888.37,0.0,0.0,1868.58,0.9500856114059091,1.0,1121.133557319993,1000.0,1120.5398573199932,1000.0,0.05053019743287434,0.0
2296,1680796860000.0,0.0,0.0,0.03,1888.37,0.0,0.0,1873.86,0.9500856114059091,1.0,1121.133557319993,1000.0,1120.698257319993,1000.0,0.05053019743287434,0.0
2297,1680800460000.0,0.0,0.0,0.03,1888.37,0.0,0.0,1874.16,0.9500856114059091,1.0,1121.133557319993,1000.0,1120.707257319993,1000.0,0.05053019743287434,0.0
2298,1680804060000.0,0.0,0.0,0.03,1888.37,0.0,0.0,1873.75,0.9500856114059091,1.0,1121.133557319993,1000.0,1120.6949573199931,1000.0,0.05053019743287434,0.0
2299,1680807660000.0,0.0,0.0,0.03,1888.37,0.0,0.0,1866.49,0.9500856114059091,1.0,1121.133557319993,1000.0,1120.477157319993,1000.0,0.05053019743287434,0.0
2300,1680811260000.0,0.0,0.0,0.03,1888.37,0.0,0.0,1869.4,0.9500856114059091,1.0,1121.133557319993,1000.0,1120.5644573199932,1000.0,0.05053019743287434,0.0
2301,1680814860000.0,0.0,0.0,0.03,1888.37,0.0,0.0,1862.41,0.9500856114059091,1.0,1121.133557319993,1000.0,1120.354757319993,1000.0,0.05053019743287434,0.0
2302,1680818460000.0,0.0,0.0,0.03,1888.37,0.0,0.0,1866.52,0.9500856114059091,1.0,1121.133557319993,1000.0,1120.478057319993,1000.0,0.05053019743287434,0.0
2303,1680822060000.0,0.0,0.0,0.03,1888.37,0.0,0.0,1868.06,0.9500856114059091,1.0,1121.133557319993,1000.0,1120.524257319993,1000.0,0.05053019743287434,0.0
2304,1680825660000.0,0.0,0.0,0.03,1888.37,0.0,0.0,1871.68,0.9500856114059091,1.0,1121.133557319993,1000.0,1120.632857319993,1000.0,0.05053019743287434,0.0
2305,1680829260000.0,0.0,0.0,0.03,1888.37,0.0,0.0,1879.47,0.9500856114059091,1.0,1121.133557319993,1000.0,1120.866557319993,1000.0,0.05053019743287434,0.0
2306,1680832860000.0,0.0,0.0,0.03,1888.37,0.0,0.0,1875.23,0.9500856114059091,1.0,1121.133557319993,1000.0,1120.7393573199931,1000.0,0.05053019743287434,0.0
2307,1680836460000.0,0.0,0.0,0.03,1888.37,0.0,0.0,1873.33,0.9500856114059091,1.0,1121.133557319993,1000.0,1120.6823573199931,1000.0,0.05053019743287434,0.0
2308,1680840060000.0,0.0,0.0,0.03,1888.37,0.0,0.0,1876.12,0.9500856114059091,1.0,1121.133557319993,1000.0,1120.766057319993,1000.0,0.05053019743287434,0.0
2309,1680843660000.0,0.0,0.0,0.03,1888.37,0.0,0.0,1875.24,0.9500856114059091,1.0,1121.133557319993,1000.0,1120.739657319993,1000.0,0.05053019743287434,0.0
2310,1680847260000.0,0.0,0.0,0.03,1888.37,0.0,0.0,1869.61,0.9500856114059091,1.0,1121.133557319993,1000.0,1120.5707573199932,1000.0,0.05053019743287434,0.0
2311,1680850860000.0,0.0,0.0,0.03,1888.37,0.0,0.0,1865.01,0.9500856114059091,1.0,1121.133557319993,1000.0,1120.432757319993,1000.0,0.05053019743287434,0.0
2312,1680854460000.0,0.0,0.0,0.08,1862.67,0.0,0.0,1848.96,0.9500856114059091,1.0,1121.1150848199932,1000.0,1120.0182848199931,1000.0,0.13291552492483472,0.0
2313,1680858060000.0,0.0,0.0,0.08,1862.67,0.0,0.0,1849.36,0.9500856114059091,1.0,1121.1150848199932,1000.0,1120.050284819993,1000.0,0.13291552492483472,0.0
2314,1680861660000.0,0.0,0.0,0.08,1862.67,0.0,0.0,1854.79,0.9500856114059091,1.0,1121.1150848199932,1000.0,1120.4846848199932,1000.0,0.13291552492483472,0.0
2315,1680865260000.0,0.0,0.0,0.08,1862.67,0.0,0.0,1857.09,0.9500856114059091,1.0,1121.1150848199932,1000.0,1120.6686848199931,1000.0,0.13291552492483472,0.0
2316,1680868860000.0,0.0,0.0,0.08,1862.67,0.0,0.0,1847.61,0.9500856114059091,1.0,1121.1150848199932,1000.0,1119.9102848199932,1000.0,0.13291552492483472,0.0
2317,1680872460000.0,0.0,0.0,0.08,1862.67,0.0,0.0,1851.5,0.9500856114059091,1.0,1121.1150848199932,1000.0,1120.221484819993,1000.0,0.13291552492483472,0.0
2318,1680876060000.0,0.0,0.0,0.08,1862.67,0.0,0.0,1852.96,0.9500856114059091,1.0,1121.1150848199932,1000.0,1120.338284819993,1000.0,0.13291552492483472,0.0
2319,1680879660000.0,0.0,0.0,0.08,1862.67,0.0,0.0,1855.35,0.9500856114059091,1.0,1121.1150848199932,1000.0,1120.529484819993,1000.0,0.13291552492483472,0.0
2320,1680883260000.0,0.0,0.0,0.08,1862.67,0.0,0.0,1858.9,0.9500856114059091,1.0,1121.1150848199932,1000.0,1120.8134848199932,1000.0,0.13291552492483472,0.0
2321,1680886860000.0,0.0,0.0,0.08,1862.67,0.0,0.0,1852.99,0.9500856114059091,1.0,1121.1150848199932,1000.0,1120.3406848199932,1000.0,0.13291552492483472,0.0
2322,1680890460000.0,0.0,0.0,0.08,1862.67,0.0,0.0,1857.36,0.9500856114059091,1.0,1121.1150848199932,1000.0,1120.6902848199932,1000.0,0.13291552492483472,0.0
2323,1680894060000.0,0.0,0.0,0.08,1862.67,0.0,0.0,1852.79,0.9500856114059091,1.0,1121.1150848199932,1000.0,1120.324684819993,1000.0,0.13291552492483472,0.0
2324,1680897660000.0,0.0,0.0,0.08,1862.67,0.0,0.0,1853.61,0.9500856114059091,1.0,1121.1150848199932,1000.0,1120.3902848199932,1000.0,0.13291552492483472,0.0
2325,1680901260000.0,0.0,0.0,0.08,1862.67,0.0,0.0,1851.75,0.9500856114059091,1.0,1121.1150848199932,1000.0,1120.2414848199933,1000.0,0.13291552492483472,0.0
2326,1680904860000.0,0.0,0.0,0.08,1862.67,0.0,0.0,1856.01,0.9500856114059091,1.0,1121.1150848199932,1000.0,1120.5822848199932,1000.0,0.13291552492483472,0.0
2327,1680908460000.0,0.0,0.0,0.08,1862.67,0.0,0.0,1865.85,0.9500856114059091,1.0,1121.1150848199932,1000.0,1121.3694848199932,1000.0,0.13291552492483472,0.0
2328,1680912060000.0,0.0,0.0,0.08,1862.67,0.0,0.0,1862.91,0.9500856114059091,1.0,1121.1150848199932,1000.0,1121.1342848199931,1000.0,0.13291552492483472,0.0
2329,1680915660000.0,0.0,0.0,0.08,1862.67,0.0,0.0,1855.93,0.9500856114059091,1.0,1121.1150848199932,1000.0,1120.5758848199932,1000.0,0.13291552492483472,0.0
2330,1680919260000.0,0.0,0.0,0.08,1862.67,0.0,0.0,1858.47,0.9500856114059091,1.0,1121.1150848199932,1000.0,1120.7790848199932,1000.0,0.13291552492483472,0.0
2331,1680922860000.0,0.0,0.0,0.08,1862.67,0.0,0.0,1865.05,0.9500856114059091,1.0,1121.1150848199932,1000.0,1121.3054848199931,1000.0,0.13291552492483472,0.0
2332,1680926460000.0,0.0,0.0,0.08,1862.67,0.0,0.0,1867.26,0.9500856114059091,1.0,1121.1150848199932,1000.0,1121.482284819993,1000.0,0.13291552492483472,0.0
2333,1680930060000.0,0.0,0.0,0.08,1862.67,0.0,0.0,1865.67,0.9500856114059091,1.0,1121.1150848199932,1000.0,1121.3550848199932,1000.0,0.13291552492483472,0.0
2334,1680933660000.0,0.0,0.0,0.05,1862.67,0.0,0.0,1875.01,0.9500856114059091,1.0,1121.5112273199932,1000.0,1122.1282273199931,1000.0,0.08304286014376819,0.0
2335,1680937260000.0,0.0,0.0,0.04,1862.67,0.0,0.0,1873.68,0.9500856114059091,1.0,1121.6432748199932,1000.0,1122.0836748199931,1000.0,0.06642646701729409,0.0
2336,1680940860000.0,0.0,0.0,0.04,1862.67,0.0,0.0,1871.14,0.9500856114059091,1.0,1121.6432748199932,1000.0,1121.9820748199932,1000.0,0.06642646701729409,0.0
2337,1680944460000.0,0.0,0.0,0.04,1862.67,0.0,0.0,1867.76,0.9500856114059091,1.0,1121.6432748199932,1000.0,1121.8468748199932,1000.0,0.06642646701729409,0.0
2338,1680948060000.0,0.0,0.0,0.04,1862.67,0.0,0.0,1869.17,0.9500856114059091,1.0,1121.6432748199932,1000.0,1121.9032748199932,1000.0,0.06642646701729409,0.0
2339,1680951660000.0,0.0,0.0,0.04,1862.67,0.0,0.0,1868.16,0.9500856114059091,1.0,1121.6432748199932,1000.0,1121.862874819993,1000.0,0.06642646701729409,0.0
2340,1680955260000.0,0.0,0.0,0.04,1862.67,0.0,0.0,1866.19,0.9500856114059091,1.0,1121.6432748199932,1000.0,1121.784074819993,1000.0,0.06642646701729409,0.0
2341,1680958860000.0,0.0,0.0,0.04,1862.67,0.0,0.0,1865.12,0.9500856114059091,1.0,1121.6432748199932,1000.0,1121.7412748199931,1000.0,0.06642646701729409,0.0
2342,1680962460000.0,0.0,0.0,0.04,1862.67,0.0,0.0,1867.2,0.9500856114059091,1.0,1121.6432748199932,1000.0,1121.8244748199932,1000.0,0.06642646701729409,0.0
2343,1680966060000.0,0.0,0.0,0.04,1862.67,0.0,0.0,1868.24,0.9500856114059091,1.0,1121.6432748199932,1000.0,1121.8660748199932,1000.0,0.06642646701729409,0.0
2344,1680969660000.0,0.0,0.0,0.04,1862.67,0.0,0.0,1866.46,0.9500856114059091,1.0,1121.6432748199932,1000.0,1121.794874819993,1000.0,0.06642646701729409,0.0
2345,1680973260000.0,0.0,0.0,0.04,1862.67,0.0,0.0,1866.96,0.9500856114059091,1.0,1121.6432748199932,1000.0,1121.814874819993,1000.0,0.06642646701729409,0.0
2346,1680976860000.0,0.0,0.0,0.04,1862.67,0.0,0.0,1857.64,0.9500856114059091,1.0,1121.6432748199932,1000.0,1121.4420748199932,1000.0,0.06642646701729409,0.0
2347,1680980460000.0,0.0,0.0,0.04,1862.67,0.0,0.0,1847.32,0.9500856114059091,1.0,1121.6432748199932,1000.0,1121.0292748199931,1000.0,0.06642646701729409,0.0
2348,1680984060000.0,0.0,0.0,0.04,1862.67,0.0,0.0,1854.63,0.9500856114059091,1.0,1121.6432748199932,1000.0,1121.3216748199932,1000.0,0.06642646701729409,0.0
2349,1680987660000.0,0.0,0.0,0.04,1862.67,0.0,0.0,1852.85,0.9500856114059091,1.0,1121.6432748199932,1000.0,1121.250474819993,1000.0,0.06642646701729409,0.0
2350,1680991260000.0,0.0,0.0,0.04,1862.67,0.0,0.0,1853.02,0.9500856114059091,1.0,1121.6432748199932,1000.0,1121.2572748199932,1000.0,0.06642646701729409,0.0
2351,1680994860000.0,0.0,0.0,0.04,1862.67,0.0,0.0,1849.11,0.9500856114059091,1.0,1121.6432748199932,1000.0,1121.1008748199931,1000.0,0.06642646701729409,0.0
2352,1680998460000.0,0.0,0.0,0.04,1862.67,0.0,0.0,1846.18,0.9500856114059091,1.0,1121.6432748199932,1000.0,1120.9836748199932,1000.0,0.06642646701729409,0.0
2353,1681002060000.0,0.0,0.0,0.04,1862.67,0.0,0.0,1853.56,0.9500856114059091,1.0,1121.6432748199932,1000.0,1121.2788748199932,1000.0,0.06642646701729409,0.0
2354,1681005660000.0,0.0,0.0,0.04,1862.67,0.0,0.0,1858.03,0.9500856114059091,1.0,1121.6432748199932,1000.0,1121.4576748199931,1000.0,0.06642646701729409,0.0
2355,1681009260000.0,0.0,0.0,0.04,1862.67,0.0,0.0,1853.26,0.9500856114059091,1.0,1121.6432748199932,1000.0,1121.266874819993,1000.0,0.06642646701729409,0.0
2356,1681012860000.0,0.0,0.0,0.04,1862.67,0.0,0.0,1850.9,0.9500856114059091,1.0,1121.6432748199932,1000.0,1121.172474819993,1000.0,0.06642646701729409,0.0
2357,1681016460000.0,0.0,0.0,0.04,1862.67,0.0,0.0,1851.76,0.9500856114059091,1.0,1121.6432748199932,1000.0,1121.2068748199931,1000.0,0.06642646701729409,0.0
2358,1681020060000.0,0.0,0.0,0.11,1836.4963636363636,0.0,0.0,1821.54,0.9500856114059091,1.0,1121.617773259993,1000.0,1119.9725732599932,1000.0,0.1801100203796188,0.0
2359,1681023660000.0,0.0,0.0,0.11,1836.4963636363636,0.0,0.0,1833.43,0.9500856114059091,1.0,1121.617773259993,1000.0,1121.2804732599932,1000.0,0.1801100203796188,0.0
2360,1681027260000.0,0.0,0.0,0.11,1836.4963636363636,0.0,0.0,1834.97,0.9500856114059091,1.0,1121.617773259993,1000.0,1121.4498732599932,1000.0,0.1801100203796188,0.0
2361,1681030860000.0,0.0,0.0,0.11,1836.4963636363636,0.0,0.0,1837.02,0.9500856114059091,1.0,1121.617773259993,1000.0,1121.6753732599932,1000.0,0.1801100203796188,0.0
2362,1681034460000.0,0.0,0.0,0.11,1836.4963636363636,0.0,0.0,1835.38,0.9500856114059091,1.0,1121.617773259993,1000.0,1121.494973259993,1000.0,0.1801100203796188,0.0
2363,1681038060000.0,0.0,0.0,0.11,1836.4963636363636,0.0,0.0,1833.13,0.9500856114059091,1.0,1121.617773259993,1000.0,1121.247473259993,1000.0,0.1801100203796188,0.0
2364,1681041660000.0,0.0,0.0,0.11,1836.4963636363636,0.0,0.0,1838.28,0.9500856114059091,1.0,1121.617773259993,1000.0,1121.8139732599932,1000.0,0.1801100203796188,0.0
2365,1681045260000.0,0.0,0.0,0.11,1836.4963636363636,0.0,0.0,1837.69,0.9500856114059091,1.0,1121.617773259993,1000.0,1121.749073259993,1000.0,0.1801100203796188,0.0
2366,1681048860000.0,0.0,0.0,0.11,1836.4963636363636,0.0,0.0,1836.85,0.9500856114059091,1.0,1121.617773259993,1000.0,1121.656673259993,1000.0,0.1801100203796188,0.0
2367,1681052460000.0,0.0,0.0,0.11,1836.4963636363636,0.0,0.0,1832.56,0.9500856114059091,1.0,1121.617773259993,1000.0,1121.184773259993,1000.0,0.1801100203796188,0.0
2368,1681056060000.0,0.0,0.0,0.11,1836.4963636363636,0.0,0.0,1836.14,0.9500856114059091,1.0,1121.617773259993,1000.0,1121.5785732599932,1000.0,0.1801100203796188,0.0
2369,1681059660000.0,0.0,0.0,0.11,1836.4963636363636,0.0,0.0,1837.59,0.9500856114059091,1.0,1121.617773259993,1000.0,1121.7380732599931,1000.0,0.1801100203796188,0.0
2370,1681063260000.0,0.0,0.0,0.11,1836.4963636363636,0.0,0.0,1840.13,0.9500856114059091,1.0,1121.617773259993,1000.0,1122.017473259993,1000.0,0.1801100203796188,0.0
2371,1681066860000.0,0.0,0.0,0.09,1836.4963636363636,0.0,0.0,1856.12,0.9500856114059091,1.0,1121.878046467266,1000.0,1123.6441737399932,1000.0,0.1473285561186845,0.0
2372,1681070460000.0,0.0,0.0,0.09,1836.4963636363636,0.0,0.0,1854.46,0.9500856114059091,1.0,1121.878046467266,1000.0,1123.4947737399932,1000.0,0.1473285561186845,0.0
2373,1681074060000.0,0.0,0.0,0.09,1836.4963636363636,0.0,0.0,1854.93,0.9500856114059091,1.0,1121.878046467266,1000.0,1123.5370737399933,1000.0,0.1473285561186845,0.0
2374,1681077660000.0,0.0,0.0,0.07,1836.4963636363636,0.0,0.0,1871.45,0.9500856114059091,1.0,1122.5352402745389,1000.0,1124.9819948199934,1000.0,0.11452179035653685,0.0
2375,1681081260000.0,0.0,0.0,0.04,1836.4963636363636,0.0,0.0,1864.59,0.9500856114059091,1.0,1123.5210309854483,1000.0,1124.6447764399938,1000.0,0.06538360432917076,0.0
2376,1681084860000.0,0.0,0.0,0.04,1836.4963636363636,0.0,0.0,1856.1,0.9500856114059091,1.0,1123.5210309854483,1000.0,1124.3051764399938,1000.0,0.06538360432917076,0.0
2377,1681088460000.0,0.0,0.0,0.04,1836.4963636363636,0.0,0.0,1858.0,0.9500856114059091,1.0,1123.5210309854483,1000.0,1124.3811764399939,1000.0,0.06538360432917076,0.0
2378,1681092060000.0,0.0,0.0,0.02,1836.4963636363636,0.0,0.0,1850.4,0.9500856114059091,1.0,1123.781304192721,1000.0,1124.0593769199938,1000.0,0.0326842305844486,0.0
2379,1681095660000.0,0.0,0.0,0.01,1836.4963636363636,0.0,0.0,1854.58,0.9500856114059091,1.0,1123.9114407963575,1000.0,1124.092277159994,1000.0,0.016340223054719487,0.0
2380,1681099260000.0,0.0,0.0,0.01,1836.4963636363636,0.0,0.0,1859.13,0.9500856114059091,1.0,1123.9114407963575,1000.0,1124.137777159994,1000.0,0.016340223054719487,0.0
2381,1681102860000.0,0.0,0.0,0.01,1836.4963636363636,0.0,0.0,1856.0,0.9500856114059091,1.0,1123.9114407963575,1000.0,1124.1064771599938,1000.0,0.016340223054719487,0.0
2382,1681106460000.0,0.0,0.0,0.01,1836.4963636363636,0.0,0.0,1859.75,0.9500856114059091,1.0,1123.9114407963575,1000.0,1124.143977159994,1000.0,0.016340223054719487,0.0
2383,1681110060000.0,0.0,0.0,0.01,1836.4963636363636,0.0,0.0,1858.56,0.9500856114059091,1.0,1123.9114407963575,1000.0,1124.132077159994,1000.0,0.016340223054719487,0.0
2384,1681113660000.0,0.0,0.0,0.01,1836.4963636363636,0.0,0.0,1860.0,0.9500856114059091,1.0,1123.9114407963575,1000.0,1124.1464771599938,1000.0,0.016340223054719487,0.0
2385,1681117260000.0,0.0,0.0,0.01,1836.4963636363636,0.0,0.0,1856.5,0.9500856114059091,1.0,1123.9114407963575,1000.0,1124.111477159994,1000.0,0.016340223054719487,0.0
2386,1681120860000.0,0.0,0.0,0.01,1836.4963636363636,0.0,0.0,1856.96,0.9500856114059091,1.0,1123.9114407963575,1000.0,1124.116077159994,1000.0,0.016340223054719487,0.0
2387,1681124460000.0,0.0,0.0,0.01,1836.4963636363636,0.0,0.0,1860.32,0.9500856114059091,1.0,1123.9114407963575,1000.0,1124.1496771599939,1000.0,0.016340223054719487,0.0
2388,1681128060000.0,0.0,0.0,0.01,1836.4963636363636,0.0,0.0,1857.09,0.9500856114059091,1.0,1123.9114407963575,1000.0,1124.1173771599938,1000.0,0.016340223054719487,0.0
2389,1681131660000.0,0.0,0.0,0.01,1836.4963636363636,0.0,0.0,1853.67,0.9500856114059091,1.0,1123.9114407963575,1000.0,1124.083177159994,1000.0,0.016340223054719487,0.0
2390,1681135260000.0,0.0,0.0,0.0,1836.4963636363636,0.0,0.0,1848.0,0.9500856114059091,1.0,1124.041577399994,1000.0,1124.041577399994,1000.0,0.0,0.0
2391,1681138860000.0,0.0,0.0,0.0,1836.4963636363636,0.0,0.0,1856.2,0.9500856114059091,1.0,1124.041577399994,1000.0,1124.041577399994,1000.0,0.0,0.0
2392,1681142460000.0,0.0,0.0,0.0,1836.4963636363636,0.0,0.0,1861.08,0.9500856114059091,1.0,1124.041577399994,1000.0,1124.041577399994,1000.0,0.0,0.0
2393,1681146060000.0,0.0,0.0,0.0,1836.4963636363636,0.0,0.0,1887.92,0.9500856114059091,1.0,1124.041577399994,1000.0,1124.041577399994,1000.0,0.0,0.0
2394,1681149660000.0,0.0,0.0,0.0,1836.4963636363636,0.0,0.0,1894.28,0.9500856114059091,1.0,1124.041577399994,1000.0,1124.041577399994,1000.0,0.0,0.0
2395,1681153260000.0,0.0,0.0,0.0,1836.4963636363636,0.0,0.0,1896.02,0.9500856114059091,1.0,1124.041577399994,1000.0,1124.041577399994,1000.0,0.0,0.0
2396,1681156860000.0,0.0,0.0,0.0,1836.4963636363636,0.0,0.0,1891.19,0.9500856114059091,1.0,1124.041577399994,1000.0,1124.041577399994,1000.0,0.0,0.0
2397,1681160460000.0,0.0,0.0,0.0,1836.4963636363636,0.0,0.0,1886.24,0.9500856114059091,1.0,1124.041577399994,1000.0,1124.041577399994,1000.0,0.0,0.0
2398,1681164060000.0,0.0,0.0,0.0,1836.4963636363636,0.0,0.0,1889.0,0.9500856114059091,1.0,1124.041577399994,1000.0,1124.041577399994,1000.0,0.0,0.0
2399,1681167660000.0,0.0,0.0,0.0,1836.4963636363636,0.0,0.0,1905.46,0.9500856114059091,1.0,1124.041577399994,1000.0,1124.041577399994,1000.0,0.0,0.0
2400,1681171260000.0,0.0,0.0,0.0,1836.4963636363636,0.0,0.0,1908.51,0.9500856114059091,1.0,1124.041577399994,1000.0,1124.041577399994,1000.0,0.0,0.0
2401,1681174860000.0,0.0,0.0,0.0,1836.4963636363636,0.0,0.0,1914.88,0.9500856114059091,1.0,1124.041577399994,1000.0,1124.041577399994,1000.0,0.0,0.0
2402,1681178460000.0,0.0,0.0,0.0,1836.4963636363636,0.0,0.0,1925.9,0.9500856114059091,1.0,1124.041577399994,1000.0,1124.041577399994,1000.0,0.0,0.0
2403,1681182060000.0,0.0,0.0,0.0,1836.4963636363636,0.0,0.0,1923.5,0.9500856114059091,1.0,1124.041577399994,1000.0,1124.041577399994,1000.0,0.0,0.0
2404,1681185660000.0,0.0,0.0,0.0,1836.4963636363636,0.0,0.0,1921.92,0.9500856114059091,1.0,1124.041577399994,1000.0,1124.041577399994,1000.0,0.0,0.0
2405,1681189260000.0,0.0,0.0,0.0,1836.4963636363636,0.0,0.0,1918.85,0.9500856114059091,1.0,1124.041577399994,1000.0,1124.041577399994,1000.0,0.0,0.0
2406,1681192860000.0,0.0,0.0,0.0,1836.4963636363636,0.0,0.0,1913.67,0.9500856114059091,1.0,1124.041577399994,1000.0,1124.041577399994,1000.0,0.0,0.0
2407,1681196460000.0,0.0,0.0,0.0,1836.4963636363636,0.0,0.0,1922.64,0.9500856114059091,1.0,1124.041577399994,1000.0,1124.041577399994,1000.0,0.0,0.0
2408,1681200060000.0,0.0,0.0,0.0,1836.4963636363636,0.0,0.0,1921.77,0.9500856114059091,1.0,1124.041577399994,1000.0,1124.041577399994,1000.0,0.0,0.0
2409,1681203660000.0,0.0,0.0,0.0,1836.4963636363636,0.0,0.0,1917.37,0.9500856114059091,1.0,1124.041577399994,1000.0,1124.041577399994,1000.0,0.0,0.0
2410,1681207260000.0,0.0,0.0,0.0,1836.4963636363636,0.0,0.0,1916.81,0.9500856114059091,1.0,1124.041577399994,1000.0,1124.041577399994,1000.0,0.0,0.0
2411,1681210860000.0,0.0,0.0,0.0,1836.4963636363636,0.0,0.0,1918.51,0.9500856114059091,1.0,1124.041577399994,1000.0,1124.041577399994,1000.0,0.0,0.0
2412,1681214460000.0,0.0,0.0,0.0,1836.4963636363636,0.0,0.0,1914.08,0.9500856114059091,1.0,1124.041577399994,1000.0,1124.041577399994,1000.0,0.0,0.0
2413,1681218060000.0,0.0,0.0,0.0,1836.4963636363636,0.0,0.0,1914.01,0.9500856114059091,1.0,1124.041577399994,1000.0,1124.041577399994,1000.0,0.0,0.0
2414,1681221660000.0,0.0,0.0,0.0,1836.4963636363636,0.0,0.0,1918.05,0.9500856114059091,1.0,1124.041577399994,1000.0,1124.041577399994,1000.0,0.0,0.0
2415,1681225260000.0,0.0,0.0,0.0,1836.4963636363636,0.0,0.0,1909.03,0.9500856114059091,1.0,1124.041577399994,1000.0,1124.041577399994,1000.0,0.0,0.0
2416,1681228860000.0,0.0,0.0,0.0,1836.4963636363636,0.0,0.0,1913.09,0.9500856114059091,1.0,1124.041577399994,1000.0,1124.041577399994,1000.0,0.0,0.0
2417,1681232460000.0,0.0,0.0,0.03,1895.74,0.0,0.0,1897.35,0.9500856114059091,1.0,1124.0302029599939,1000.0,1124.0785029599938,1000.0,0.05059668312313506,0.0
2418,1681236060000.0,0.0,0.0,0.03,1895.74,0.0,0.0,1905.39,0.9500856114059091,1.0,1124.0302029599939,1000.0,1124.319702959994,1000.0,0.05059668312313506,0.0
2419,1681239660000.0,0.0,0.0,0.03,1895.74,0.0,0.0,1903.65,0.9500856114059091,1.0,1124.0302029599939,1000.0,1124.2675029599939,1000.0,0.05059668312313506,0.0
2420,1681243260000.0,0.0,0.0,0.03,1895.25,0.0,0.0,1886.37,0.9500856114059091,1.0,1124.4219740999945,1000.0,1124.1555740999945,1000.0,0.05056598084140934,0.0
2421,1681246860000.0,0.0,0.0,0.03,1895.25,0.0,0.0,1890.74,0.9500856114059091,1.0,1124.4219740999945,1000.0,1124.2866740999946,1000.0,0.05056598084140934,0.0
2422,1681250460000.0,0.0,0.0,0.03,1895.25,0.0,0.0,1890.36,0.9500856114059091,1.0,1124.4219740999945,1000.0,1124.2752740999945,1000.0,0.05056598084140934,0.0
2423,1681254060000.0,0.0,0.0,0.03,1895.25,0.0,0.0,1892.89,0.9500856114059091,1.0,1124.4219740999945,1000.0,1124.3511740999945,1000.0,0.05056598084140934,0.0
2424,1681257660000.0,0.0,0.0,0.03,1895.25,0.0,0.0,1889.59,0.9500856114059091,1.0,1124.4219740999945,1000.0,1124.2521740999946,1000.0,0.05056598084140934,0.0
2425,1681261260000.0,0.0,0.0,0.03,1895.25,0.0,0.0,1885.61,0.9500856114059091,1.0,1124.4219740999945,1000.0,1124.1327740999945,1000.0,0.05056598084140934,0.0
2426,1681264860000.0,0.0,0.0,0.03,1895.25,0.0,0.0,1883.51,0.9500856114059091,1.0,1124.4219740999945,1000.0,1124.0697740999944,1000.0,0.05056598084140934,0.0
2427,1681268460000.0,0.0,0.0,0.08,1869.45625,0.0,0.0,1862.8,0.9500856114059091,1.0,1124.4034342999944,1000.0,1123.8709342999944,1000.0,0.1330096435476538,0.0
2428,1681272060000.0,0.0,0.0,0.08,1869.45625,0.0,0.0,1860.65,0.9500856114059091,1.0,1124.4034342999944,1000.0,1123.6989342999943,1000.0,0.1330096435476538,0.0
2429,1681275660000.0,0.0,0.0,0.08,1869.45625,0.0,0.0,1867.51,0.9500856114059091,1.0,1124.4034342999944,1000.0,1124.2477342999944,1000.0,0.1330096435476538,0.0
2430,1681279260000.0,0.0,0.0,0.08,1869.45625,0.0,0.0,1865.15,0.9500856114059091,1.0,1124.4034342999944,1000.0,1124.0589342999945,1000.0,0.1330096435476538,0.0
2431,1681282860000.0,0.0,0.0,0.08,1869.45625,0.0,0.0,1868.0,0.9500856114059091,1.0,1124.4034342999944,1000.0,1124.2869342999943,1000.0,0.1330096435476538,0.0
2432,1681286460000.0,0.0,0.0,0.08,1869.45625,0.0,0.0,1869.4,0.9500856114059091,1.0,1124.4034342999944,1000.0,1124.3989342999944,1000.0,0.1330096435476538,0.0
2433,1681290060000.0,0.0,0.0,0.08,1869.45625,0.0,0.0,1864.92,0.9500856114059091,1.0,1124.4034342999944,1000.0,1124.0405342999943,1000.0,0.1330096435476538,0.0
2434,1681293660000.0,0.0,0.0,0.08,1869.45625,0.0,0.0,1869.6,0.9500856114059091,1.0,1124.4034342999944,1000.0,1124.4149342999945,1000.0,0.1330096435476538,0.0
2435,1681297260000.0,0.0,0.0,0.08,1869.45625,0.0,0.0,1871.79,0.9500856114059091,1.0,1124.4034342999944,1000.0,1124.5901342999944,1000.0,0.1330096435476538,0.0
2436,1681300860000.0,0.0,0.0,0.08,1869.45625,0.0,0.0,1870.98,0.9500856114059091,1.0,1124.4034342999944,1000.0,1124.5253342999945,1000.0,0.1330096435476538,0.0
2437,1681304460000.0,0.0,0.0,0.02,1869.45625,0.0,0.0,1883.8,0.9500856114059091,1.0,1125.1982623399954,1000.0,1125.4851373399954,1000.0,0.033228921738862695,0.0
2438,1681308060000.0,0.0,0.0,0.0,1869.45625,0.0,0.0,1887.8,0.9500856114059091,1.0,1125.8673241799956,1000.0,1125.8673241799956,1000.0,0.0,0.0
2439,1681311660000.0,0.0,0.0,0.0,1869.45625,0.0,0.0,1918.88,0.9500856114059091,1.0,1125.8673241799956,1000.0,1125.8673241799956,1000.0,0.0,0.0
2440,1681315260000.0,0.0,0.0,0.0,1869.45625,0.0,0.0,1913.98,0.9500856114059091,1.0,1125.8673241799956,1000.0,1125.8673241799956,1000.0,0.0,0.0
2441,1681318860000.0,0.0,0.0,0.0,1869.45625,0.0,0.0,1907.09,0.9500856114059091,1.0,1125.8673241799956,1000.0,1125.8673241799956,1000.0,0.0,0.0
2442,1681322460000.0,0.0,0.0,0.0,1869.45625,0.0,0.0,1911.99,0.9500856114059091,1.0,1125.8673241799956,1000.0,1125.8673241799956,1000.0,0.0,0.0
2443,1681326060000.0,0.0,0.0,0.0,1869.45625,0.0,0.0,1904.19,0.9500856114059091,1.0,1125.8673241799956,1000.0,1125.8673241799956,1000.0,0.0,0.0
2444,1681329660000.0,0.0,0.0,0.0,1869.45625,0.0,0.0,1902.29,0.9500856114059091,1.0,1125.8673241799956,1000.0,1125.8673241799956,1000.0,0.0,0.0
2445,1681333260000.0,0.0,0.0,0.0,1869.45625,0.0,0.0,1907.34,0.9500856114059091,1.0,1125.8673241799956,1000.0,1125.8673241799956,1000.0,0.0,0.0
2446,1681336860000.0,0.0,0.0,0.0,1869.45625,0.0,0.0,1914.88,0.9500856114059091,1.0,1125.8673241799956,1000.0,1125.8673241799956,1000.0,0.0,0.0
2447,1681340460000.0,0.0,0.0,0.0,1869.45625,0.0,0.0,1913.8,0.9500856114059091,1.0,1125.8673241799956,1000.0,1125.8673241799956,1000.0,0.0,0.0
2448,1681344060000.0,0.0,0.0,0.0,1869.45625,0.0,0.0,1916.95,0.9500856114059091,1.0,1125.8673241799956,1000.0,1125.8673241799956,1000.0,0.0,0.0
2449,1681347660000.0,0.0,0.0,0.0,1869.45625,0.0,0.0,1909.29,0.9500856114059091,1.0,1125.8673241799956,1000.0,1125.8673241799956,1000.0,0.0,0.0
2450,1681351260000.0,0.0,0.0,0.0,1869.45625,0.0,0.0,1904.59,0.9500856114059091,1.0,1125.8673241799956,1000.0,1125.8673241799956,1000.0,0.0,0.0
2451,1681354860000.0,0.0,0.0,0.0,1869.45625,0.0,0.0,1905.53,0.9500856114059091,1.0,1125.8673241799956,1000.0,1125.8673241799956,1000.0,0.0,0.0
2452,1681358460000.0,0.0,0.0,0.0,1869.45625,0.0,0.0,1912.06,0.9500856114059091,1.0,1125.8673241799956,1000.0,1125.8673241799956,1000.0,0.0,0.0
2453,1681362060000.0,0.0,0.0,0.0,1869.45625,0.0,0.0,1912.34,0.9500856114059091,1.0,1125.8673241799956,1000.0,1125.8673241799956,1000.0,0.0,0.0
2454,1681365660000.0,0.0,0.0,0.0,1869.45625,0.0,0.0,1918.65,0.9500856114059091,1.0,1125.8673241799956,1000.0,1125.8673241799956,1000.0,0.0,0.0
2455,1681369260000.0,0.0,0.0,0.0,1869.45625,0.0,0.0,1910.61,0.9500856114059091,1.0,1125.8673241799956,1000.0,1125.8673241799956,1000.0,0.0,0.0
2456,1681372860000.0,0.0,0.0,0.0,1869.45625,0.0,0.0,1923.04,0.9500856114059091,1.0,1125.8673241799956,1000.0,1125.8673241799956,1000.0,0.0,0.0
2457,1681376460000.0,0.0,0.0,0.0,1869.45625,0.0,0.0,1967.74,0.9500856114059091,1.0,1125.8673241799956,1000.0,1125.8673241799956,1000.0,0.0,0.0
2458,1681380060000.0,0.0,0.0,0.0,1869.45625,0.0,0.0,1983.35,0.9500856114059091,1.0,1125.8673241799956,1000.0,1125.8673241799956,1000.0,0.0,0.0
2459,1681383660000.0,0.0,0.0,0.0,1869.45625,0.0,0.0,1989.15,0.9500856114059091,1.0,1125.8673241799956,1000.0,1125.8673241799956,1000.0,0.0,0.0
2460,1681387260000.0,0.0,0.0,0.0,1869.45625,0.0,0.0,1985.29,0.9500856114059091,1.0,1125.8673241799956,1000.0,1125.8673241799956,1000.0,0.0,0.0
2461,1681390860000.0,0.0,0.0,0.0,1869.45625,0.0,0.0,2002.33,0.9500856114059091,1.0,1125.8673241799956,1000.0,1125.8673241799956,1000.0,0.0,0.0
2462,1681394460000.0,0.0,0.0,0.0,1869.45625,0.0,0.0,1991.72,0.9500856114059091,1.0,1125.8673241799956,1000.0,1125.8673241799956,1000.0,0.0,0.0
2463,1681398060000.0,0.0,0.0,0.0,1869.45625,0.0,0.0,2001.99,0.9500856114059091,1.0,1125.8673241799956,1000.0,1125.8673241799956,1000.0,0.0,0.0
2464,1681401660000.0,0.0,0.0,0.0,1869.45625,0.0,0.0,1998.94,0.9500856114059091,1.0,1125.8673241799956,1000.0,1125.8673241799956,1000.0,0.0,0.0
2465,1681405260000.0,0.0,0.0,0.0,1869.45625,0.0,0.0,2001.21,0.9500856114059091,1.0,1125.8673241799956,1000.0,1125.8673241799956,1000.0,0.0,0.0
2466,1681408860000.0,0.0,0.0,0.0,1869.45625,0.0,0.0,2009.74,0.9500856114059091,1.0,1125.8673241799956,1000.0,1125.8673241799956,1000.0,0.0,0.0
2467,1681412460000.0,0.0,0.0,0.0,1869.45625,0.0,0.0,2011.97,0.9500856114059091,1.0,1125.8673241799956,1000.0,1125.8673241799956,1000.0,0.0,0.0
2468,1681416060000.0,0.0,0.0,0.0,1869.45625,0.0,0.0,2009.42,0.9500856114059091,1.0,1125.8673241799956,1000.0,1125.8673241799956,1000.0,0.0,0.0
2469,1681419660000.0,0.0,0.0,0.0,1869.45625,0.0,0.0,2005.35,0.9500856114059091,1.0,1125.8673241799956,1000.0,1125.8673241799956,1000.0,0.0,0.0
2470,1681423260000.0,0.0,0.0,0.0,1869.45625,0.0,0.0,2007.44,0.9500856114059091,1.0,1125.8673241799956,1000.0,1125.8673241799956,1000.0,0.0,0.0
2471,1681426860000.0,0.0,0.0,0.0,1869.45625,0.0,0.0,2006.8,0.9500856114059091,1.0,1125.8673241799956,1000.0,1125.8673241799956,1000.0,0.0,0.0
2472,1681430460000.0,0.0,0.0,0.0,1869.45625,0.0,0.0,2010.59,0.9500856114059091,1.0,1125.8673241799956,1000.0,1125.8673241799956,1000.0,0.0,0.0
2473,1681434060000.0,0.0,0.0,0.0,1869.45625,0.0,0.0,2096.19,0.9500856114059091,1.0,1125.8673241799956,1000.0,1125.8673241799956,1000.0,0.0,0.0
2474,1681437660000.0,0.0,0.0,0.0,1869.45625,0.0,0.0,2118.44,0.9500856114059091,1.0,1125.8673241799956,1000.0,1125.8673241799956,1000.0,0.0,0.0
2475,1681441260000.0,0.0,0.0,0.0,1869.45625,0.0,0.0,2103.0,0.9500856114059091,1.0,1125.8673241799956,1000.0,1125.8673241799956,1000.0,0.0,0.0
2476,1681444860000.0,0.0,0.0,0.0,1869.45625,0.0,0.0,2111.17,0.9500856114059091,1.0,1125.8673241799956,1000.0,1125.8673241799956,1000.0,0.0,0.0
2477,1681448460000.0,0.0,0.0,0.0,1869.45625,0.0,0.0,2112.85,0.9500856114059091,1.0,1125.8673241799956,1000.0,1125.8673241799956,1000.0,0.0,0.0
2478,1681452060000.0,0.0,0.0,0.0,1869.45625,0.0,0.0,2117.99,0.9500856114059091,1.0,1125.8673241799956,1000.0,1125.8673241799956,1000.0,0.0,0.0
2479,1681455660000.0,0.0,0.0,0.0,1869.45625,0.0,0.0,2117.26,0.9500856114059091,1.0,1125.8673241799956,1000.0,1125.8673241799956,1000.0,0.0,0.0
2480,1681459260000.0,0.0,0.0,0.0,1869.45625,0.0,0.0,2110.01,0.9500856114059091,1.0,1125.8673241799956,1000.0,1125.8673241799956,1000.0,0.0,0.0
2481,1681462860000.0,0.0,0.0,0.0,1869.45625,0.0,0.0,2108.2,0.9500856114059091,1.0,1125.8673241799956,1000.0,1125.8673241799956,1000.0,0.0,0.0
2482,1681466460000.0,0.0,0.0,0.0,1869.45625,0.0,0.0,2112.1,0.9500856114059091,1.0,1125.8673241799956,1000.0,1125.8673241799956,1000.0,0.0,0.0
2483,1681470060000.0,0.0,0.0,0.0,1869.45625,0.0,0.0,2114.15,0.9500856114059091,1.0,1125.8673241799956,1000.0,1125.8673241799956,1000.0,0.0,0.0
2484,1681473660000.0,0.0,0.0,0.0,1869.45625,0.0,0.0,2115.17,0.9500856114059091,1.0,1125.8673241799956,1000.0,1125.8673241799956,1000.0,0.0,0.0
2485,1681477260000.0,0.0,0.0,0.0,1869.45625,0.0,0.0,2094.32,0.9500856114059091,1.0,1125.8673241799956,1000.0,1125.8673241799956,1000.0,0.0,0.0
2486,1681480860000.0,0.0,0.0,0.0,1869.45625,0.0,0.0,2106.82,0.9500856114059091,1.0,1125.8673241799956,1000.0,1125.8673241799956,1000.0,0.0,0.0
2487,1681484460000.0,0.0,0.0,0.0,1869.45625,0.0,0.0,2094.99,0.9500856114059091,1.0,1125.8673241799956,1000.0,1125.8673241799956,1000.0,0.0,0.0
2488,1681488060000.0,0.0,0.0,0.03,2062.24,0.0,0.0,2062.97,0.9500856114059091,1.0,1125.8549507399957,1000.0,1125.8768507399957,1000.0,0.05495130608018045,0.0
2489,1681491660000.0,0.0,0.0,0.03,2062.24,0.0,0.0,2066.28,0.9500856114059091,1.0,1125.8549507399957,1000.0,1125.9761507399958,1000.0,0.05495130608018045,0.0
2490,1681495260000.0,0.0,0.0,0.01,2062.24,0.0,0.0,2073.27,0.9500856114059091,1.0,1126.1472416599959,1000.0,1126.257541659996,1000.0,0.018312347832599205,0.0
2491,1681498860000.0,0.0,0.0,0.0,2062.24,0.0,0.0,2077.99,0.9500856114059091,1.0,1126.293387119996,1000.0,1126.293387119996,1000.0,0.0,0.0
2492,1681502460000.0,0.0,0.0,0.0,2062.24,0.0,0.0,2086.12,0.9500856114059091,1.0,1126.293387119996,1000.0,1126.293387119996,1000.0,0.0,0.0
2493,1681506060000.0,0.0,0.0,0.0,2062.24,0.0,0.0,2105.98,0.9500856114059091,1.0,1126.293387119996,1000.0,1126.293387119996,1000.0,0.0,0.0
2494,1681509660000.0,0.0,0.0,0.0,2062.24,0.0,0.0,2100.15,0.9500856114059091,1.0,1126.293387119996,1000.0,1126.293387119996,1000.0,0.0,0.0
2495,1681513260000.0,0.0,0.0,0.0,2062.24,0.0,0.0,2104.61,0.9500856114059091,1.0,1126.293387119996,1000.0,1126.293387119996,1000.0,0.0,0.0
2496,1681516860000.0,0.0,0.0,0.0,2062.24,0.0,0.0,2099.14,0.9500856114059091,1.0,1126.293387119996,1000.0,1126.293387119996,1000.0,0.0,0.0
2497,1681520460000.0,0.0,0.0,0.0,2062.24,0.0,0.0,2082.1,0.9500856114059091,1.0,1126.293387119996,1000.0,1126.293387119996,1000.0,0.0,0.0
2498,1681524060000.0,0.0,0.0,0.03,2071.43,0.0,0.0,2082.99,0.9500856114059091,1.0,1126.280958539996,1000.0,1126.627758539996,1000.0,0.0551753090814535,0.0
2499,1681527660000.0,0.0,0.0,0.01,2071.43,0.0,0.0,2088.84,0.9500856114059091,1.0,1126.574612419996,1000.0,1126.7487124199959,1000.0,0.018386975679758655,0.0
2500,1681531260000.0,0.0,0.0,0.0,2071.43,0.0,0.0,2087.62,0.9500856114059091,1.0,1126.7214393599959,1000.0,1126.7214393599959,1000.0,0.0,0.0
2501,1681534860000.0,0.0,0.0,0.0,2071.43,0.0,0.0,2087.39,0.9500856114059091,1.0,1126.7214393599959,1000.0,1126.7214393599959,1000.0,0.0,0.0
2502,1681538460000.0,0.0,0.0,0.0,2071.43,0.0,0.0,2088.89,0.9500856114059091,1.0,1126.7214393599959,1000.0,1126.7214393599959,1000.0,0.0,0.0
2503,1681542060000.0,0.0,0.0,0.0,2071.43,0.0,0.0,2087.16,0.9500856114059091,1.0,1126.7214393599959,1000.0,1126.7214393599959,1000.0,0.0,0.0
2504,1681545660000.0,0.0,0.0,0.0,2071.43,0.0,0.0,2100.63,0.9500856114059091,1.0,1126.7214393599959,1000.0,1126.7214393599959,1000.0,0.0,0.0
2505,1681549260000.0,0.0,0.0,0.0,2071.43,0.0,0.0,2099.21,0.9500856114059091,1.0,1126.7214393599959,1000.0,1126.7214393599959,1000.0,0.0,0.0
2506,1681552860000.0,0.0,0.0,0.0,2071.43,0.0,0.0,2106.6,0.9500856114059091,1.0,1126.7214393599959,1000.0,1126.7214393599959,1000.0,0.0,0.0
2507,1681556460000.0,0.0,0.0,0.0,2071.43,0.0,0.0,2107.21,0.9500856114059091,1.0,1126.7214393599959,1000.0,1126.7214393599959,1000.0,0.0,0.0
2508,1681560060000.0,0.0,0.0,0.0,2071.43,0.0,0.0,2100.54,0.9500856114059091,1.0,1126.7214393599959,1000.0,1126.7214393599959,1000.0,0.0,0.0
2509,1681563660000.0,0.0,0.0,0.0,2071.43,0.0,0.0,2107.04,0.9500856114059091,1.0,1126.7214393599959,1000.0,1126.7214393599959,1000.0,0.0,0.0
2510,1681567260000.0,0.0,0.0,0.0,2071.43,0.0,0.0,2096.83,0.9500856114059091,1.0,1126.7214393599959,1000.0,1126.7214393599959,1000.0,0.0,0.0
2511,1681570860000.0,0.0,0.0,0.0,2071.43,0.0,0.0,2095.29,0.9500856114059091,1.0,1126.7214393599959,1000.0,1126.7214393599959,1000.0,0.0,0.0
2512,1681574460000.0,0.0,0.0,0.0,2071.43,0.0,0.0,2098.59,0.9500856114059091,1.0,1126.7214393599959,1000.0,1126.7214393599959,1000.0,0.0,0.0
2513,1681578060000.0,0.0,0.0,0.0,2071.43,0.0,0.0,2105.36,0.9500856114059091,1.0,1126.7214393599959,1000.0,1126.7214393599959,1000.0,0.0,0.0
2514,1681581660000.0,0.0,0.0,0.0,2071.43,0.0,0.0,2092.31,0.9500856114059091,1.0,1126.7214393599959,1000.0,1126.7214393599959,1000.0,0.0,0.0
2515,1681585260000.0,0.0,0.0,0.0,2071.43,0.0,0.0,2096.32,0.9500856114059091,1.0,1126.7214393599959,1000.0,1126.7214393599959,1000.0,0.0,0.0
2516,1681588860000.0,0.0,0.0,0.01,2082.71,0.0,0.0,2098.93,0.9500856114059091,1.0,1127.0041515399962,1000.0,1127.1663515399962,1000.0,0.018480056148454098,0.0
2517,1681592460000.0,0.0,0.0,0.0,2082.71,0.0,0.0,2086.63,0.9500856114059091,1.0,1127.1517557599964,1000.0,1127.1517557599964,1000.0,0.0,0.0
2518,1681596060000.0,0.0,0.0,0.03,2082.54,0.0,0.0,2086.55,0.9500856114059091,1.0,1127.1392605199965,1000.0,1127.2595605199965,1000.0,0.05542899816228308,0.0
2519,1681599660000.0,0.0,0.0,0.0,2082.54,0.0,0.0,2094.82,0.9500856114059091,1.0,1127.5820741999964,1000.0,1127.5820741999964,1000.0,0.0,0.0
2520,1681603260000.0,0.0,0.0,0.0,2082.54,0.0,0.0,2089.42,0.9500856114059091,1.0,1127.5820741999964,1000.0,1127.5820741999964,1000.0,0.0,0.0
2521,1681606860000.0,0.0,0.0,0.0,2082.54,0.0,0.0,2085.48,0.9500856114059091,1.0,1127.5820741999964,1000.0,1127.5820741999964,1000.0,0.0,0.0
2522,1681610460000.0,0.0,0.0,0.03,2081.84,0.0,0.0,2089.42,0.9500856114059091,1.0,1127.5695831599965,1000.0,1127.7969831599964,1000.0,0.055389220259888766,0.0
2523,1681614060000.0,0.0,0.0,0.03,2081.84,0.0,0.0,2088.47,0.9500856114059091,1.0,1127.5695831599965,1000.0,1127.7684831599965,1000.0,0.055389220259888766,0.0
2524,1681617660000.0,0.0,0.0,0.03,2081.84,0.0,0.0,2085.89,0.9500856114059091,1.0,1127.5695831599965,1000.0,1127.6910831599964,1000.0,0.055389220259888766,0.0
2525,1681621260000.0,0.0,0.0,0.0,2081.84,0.0,0.0,2096.35,0.9500856114059091,1.0,1128.0121010999958,1000.0,1128.0121010999958,1000.0,0.0,0.0
2526,1681624860000.0,0.0,0.0,0.0,2081.84,0.0,0.0,2095.73,0.9500856114059091,1.0,1128.0121010999958,1000.0,1128.0121010999958,1000.0,0.0,0.0
2527,1681628460000.0,0.0,0.0,0.0,2081.84,0.0,0.0,2095.02,0.9500856114059091,1.0,1128.0121010999958,1000.0,1128.0121010999958,1000.0,0.0,0.0
2528,1681632060000.0,0.0,0.0,0.0,2081.84,0.0,0.0,2098.4,0.9500856114059091,1.0,1128.0121010999958,1000.0,1128.0121010999958,1000.0,0.0,0.0
2529,1681635660000.0,0.0,0.0,0.0,2081.84,0.0,0.0,2096.5,0.9500856114059091,1.0,1128.0121010999958,1000.0,1128.0121010999958,1000.0,0.0,0.0
2530,1681639260000.0,0.0,0.0,0.0,2081.84,0.0,0.0,2086.45,0.9500856114059091,1.0,1128.0121010999958,1000.0,1128.0121010999958,1000.0,0.0,0.0
2531,1681642860000.0,0.0,0.0,0.0,2081.84,0.0,0.0,2090.0,0.9500856114059091,1.0,1128.0121010999958,1000.0,1128.0121010999958,1000.0,0.0,0.0
2532,1681646460000.0,0.0,0.0,0.0,2081.84,0.0,0.0,2087.11,0.9500856114059091,1.0,1128.0121010999958,1000.0,1128.0121010999958,1000.0,0.0,0.0
2533,1681650060000.0,0.0,0.0,0.0,2081.84,0.0,0.0,2091.6,0.9500856114059091,1.0,1128.0121010999958,1000.0,1128.0121010999958,1000.0,0.0,0.0
2534,1681653660000.0,0.0,0.0,0.03,2080.18,0.0,0.0,2084.78,0.9500856114059091,1.0,1127.9996200199957,1000.0,1128.1376200199957,1000.0,0.055323954806734556,0.0
2535,1681657260000.0,0.0,0.0,0.03,2080.18,0.0,0.0,2089.18,0.9500856114059091,1.0,1127.9996200199957,1000.0,1128.2696200199957,1000.0,0.055323954806734556,0.0
2536,1681660860000.0,0.0,0.0,0.0,2080.18,0.0,0.0,2094.18,0.9500856114059091,1.0,1128.4418479799956,1000.0,1128.4418479799956,1000.0,0.0,0.0
2537,1681664460000.0,0.0,0.0,0.0,2080.18,0.0,0.0,2108.32,0.9500856114059091,1.0,1128.4418479799956,1000.0,1128.4418479799956,1000.0,0.0,0.0
2538,1681668060000.0,0.0,0.0,0.0,2080.18,0.0,0.0,2098.65,0.9500856114059091,1.0,1128.4418479799956,1000.0,1128.4418479799956,1000.0,0.0,0.0
2539,1681671660000.0,0.0,0.0,0.0,2080.18,0.0,0.0,2124.81,0.9500856114059091,1.0,1128.4418479799956,1000.0,1128.4418479799956,1000.0,0.0,0.0
2540,1681675260000.0,0.0,0.0,0.0,2080.18,0.0,0.0,2106.46,0.9500856114059091,1.0,1128.4418479799956,1000.0,1128.4418479799956,1000.0,0.0,0.0
2541,1681678860000.0,0.0,0.0,0.0,2080.18,0.0,0.0,2122.86,0.9500856114059091,1.0,1128.4418479799956,1000.0,1128.4418479799956,1000.0,0.0,0.0
2542,1681682460000.0,0.0,0.0,0.0,2080.18,0.0,0.0,2129.19,0.9500856114059091,1.0,1128.4418479799956,1000.0,1128.4418479799956,1000.0,0.0,0.0
2543,1681686060000.0,0.0,0.0,0.0,2080.18,0.0,0.0,2127.27,0.9500856114059091,1.0,1128.4418479799956,1000.0,1128.4418479799956,1000.0,0.0,0.0
2544,1681689660000.0,0.0,0.0,0.0,2080.18,0.0,0.0,2118.22,0.9500856114059091,1.0,1128.4418479799956,1000.0,1128.4418479799956,1000.0,0.0,0.0
2545,1681693260000.0,0.0,0.0,0.03,2092.49,0.0,0.0,2083.05,0.9500856114059091,1.0,1128.4292930399956,1000.0,1128.1460930399955,1000.0,0.05563015812083764,0.0
2546,1681696860000.0,0.0,0.0,0.03,2092.49,0.0,0.0,2092.65,0.9500856114059091,1.0,1128.4292930399956,1000.0,1128.4340930399956,1000.0,0.05563015812083764,0.0
2547,1681700460000.0,0.0,0.0,0.03,2092.49,0.0,0.0,2099.95,0.9500856114059091,1.0,1128.4292930399956,1000.0,1128.6530930399956,1000.0,0.05563015812083764,0.0
2548,1681704060000.0,0.0,0.0,0.03,2092.49,0.0,0.0,2096.35,0.9500856114059091,1.0,1128.4292930399956,1000.0,1128.5450930399957,1000.0,0.05563015812083764,0.0
2549,1681707660000.0,0.0,0.0,0.03,2092.49,0.0,0.0,2097.78,0.9500856114059091,1.0,1128.4292930399956,1000.0,1128.5879930399956,1000.0,0.05563015812083764,0.0
2550,1681711260000.0,0.0,0.0,0.03,2092.49,0.0,0.0,2100.71,0.9500856114059091,1.0,1128.4292930399956,1000.0,1128.6758930399956,1000.0,0.05563015812083764,0.0
2551,1681714860000.0,0.0,0.0,0.03,2092.49,0.0,0.0,2093.77,0.9500856114059091,1.0,1128.4292930399956,1000.0,1128.4676930399955,1000.0,0.05563015812083764,0.0
2552,1681718460000.0,0.0,0.0,0.03,2092.49,0.0,0.0,2090.23,0.9500856114059091,1.0,1128.4292930399956,1000.0,1128.3614930399956,1000.0,0.05563015812083764,0.0
2553,1681722060000.0,0.0,0.0,0.03,2092.49,0.0,0.0,2097.25,0.9500856114059091,1.0,1128.4292930399956,1000.0,1128.5720930399957,1000.0,0.05563015812083764,0.0
2554,1681725660000.0,0.0,0.0,0.03,2092.49,0.0,0.0,2087.87,0.9500856114059091,1.0,1128.4292930399956,1000.0,1128.2906930399956,1000.0,0.05563015812083764,0.0
2555,1681729260000.0,0.0,0.0,0.03,2092.49,0.0,0.0,2091.48,0.9500856114059091,1.0,1128.4292930399956,1000.0,1128.3989930399957,1000.0,0.05563015812083764,0.0
2556,1681732860000.0,0.0,0.0,0.03,2092.49,0.0,0.0,2076.93,0.9500856114059091,1.0,1128.4292930399956,1000.0,1127.9624930399957,1000.0,0.05563015812083764,0.0
2557,1681736460000.0,0.0,0.0,0.03,2092.49,0.0,0.0,2080.41,0.9500856114059091,1.0,1128.4292930399956,1000.0,1128.0668930399956,1000.0,0.05563015812083764,0.0
2558,1681740060000.0,0.0,0.0,0.03,2092.49,0.0,0.0,2074.28,0.9500856114059091,1.0,1128.4292930399956,1000.0,1127.8829930399957,1000.0,0.05563015812083764,0.0
2559,1681743660000.0,0.0,0.0,0.03,2092.49,0.0,0.0,2077.16,0.9500856114059091,1.0,1128.4292930399956,1000.0,1127.9693930399956,1000.0,0.05563015812083764,0.0
2560,1681747260000.0,0.0,0.0,0.03,2092.49,0.0,0.0,2072.11,0.9500856114059091,1.0,1128.4292930399956,1000.0,1127.8178930399956,1000.0,0.05563015812083764,0.0
2561,1681750860000.0,0.0,0.0,0.03,2092.49,0.0,0.0,2079.96,0.9500856114059091,1.0,1128.4292930399956,1000.0,1128.0533930399956,1000.0,0.05563015812083764,0.0
2562,1681754460000.0,0.0,0.0,0.03,2092.49,0.0,0.0,2080.99,0.9500856114059091,1.0,1128.4292930399956,1000.0,1128.0842930399956,1000.0,0.05563015812083764,0.0
2563,1681758060000.0,0.0,0.0,0.03,2092.49,0.0,0.0,2084.61,0.9500856114059091,1.0,1128.4292930399956,1000.0,1128.1928930399956,1000.0,0.05563015812083764,0.0
2564,1681761660000.0,0.0,0.0,0.03,2092.49,0.0,0.0,2080.04,0.9500856114059091,1.0,1128.4292930399956,1000.0,1128.0557930399957,1000.0,0.05563015812083764,0.0
2565,1681765260000.0,0.0,0.0,0.03,2092.49,0.0,0.0,2076.5,0.9500856114059091,1.0,1128.4292930399956,1000.0,1127.9495930399955,1000.0,0.05563015812083764,0.0
2566,1681768860000.0,0.0,0.0,0.03,2092.49,0.0,0.0,2077.5,0.9500856114059091,1.0,1128.4292930399956,1000.0,1127.9795930399957,1000.0,0.05563015812083764,0.0
2567,1681772460000.0,0.0,0.0,0.03,2092.49,0.0,0.0,2080.0,0.9500856114059091,1.0,1128.4292930399956,1000.0,1128.0545930399956,1000.0,0.05563015812083764,0.0
2568,1681776060000.0,0.0,0.0,0.03,2092.49,0.0,0.0,2074.8,0.9500856114059091,1.0,1128.4292930399956,1000.0,1127.8985930399956,1000.0,0.05563015812083764,0.0
2569,1681779660000.0,0.0,0.0,0.03,2092.49,0.0,0.0,2074.21,0.9500856114059091,1.0,1128.4292930399956,1000.0,1127.8808930399957,1000.0,0.05563015812083764,0.0
2570,1681783260000.0,0.0,0.0,0.03,2092.49,0.0,0.0,2076.17,0.9500856114059091,1.0,1128.4292930399956,1000.0,1127.9396930399957,1000.0,0.05563015812083764,0.0
2571,1681786860000.0,0.0,0.0,0.03,2092.49,0.0,0.0,2080.19,0.9500856114059091,1.0,1128.4292930399956,1000.0,1128.0602930399957,1000.0,0.05563015812083764,0.0
2572,1681790460000.0,0.0,0.0,0.03,2092.49,0.0,0.0,2079.85,0.9500856114059091,1.0,1128.4292930399956,1000.0,1128.0500930399955,1000.0,0.05563015812083764,0.0
2573,1681794060000.0,0.0,0.0,0.03,2092.49,0.0,0.0,2084.66,0.9500856114059091,1.0,1128.4292930399956,1000.0,1128.1943930399957,1000.0,0.05563015812083764,0.0
2574,1681797660000.0,0.0,0.0,0.03,2092.49,0.0,0.0,2092.44,0.9500856114059091,1.0,1128.4292930399956,1000.0,1128.4277930399955,1000.0,0.05563015812083764,0.0
2575,1681801260000.0,0.0,0.0,0.0,2092.49,0.0,0.0,2103.94,0.9500856114059091,1.0,1128.8741465999951,1000.0,1128.8741465999951,1000.0,0.0,0.0
2576,1681804860000.0,0.0,0.0,0.0,2092.49,0.0,0.0,2100.77,0.9500856114059091,1.0,1128.8741465999951,1000.0,1128.8741465999951,1000.0,0.0,0.0
2577,1681808460000.0,0.0,0.0,0.0,2092.49,0.0,0.0,2096.15,0.9500856114059091,1.0,1128.8741465999951,1000.0,1128.8741465999951,1000.0,0.0,0.0
2578,1681812060000.0,0.0,0.0,0.0,2092.49,0.0,0.0,2105.05,0.9500856114059091,1.0,1128.8741465999951,1000.0,1128.8741465999951,1000.0,0.0,0.0
2579,1681815660000.0,0.0,0.0,0.0,2092.49,0.0,0.0,2103.82,0.9500856114059091,1.0,1128.8741465999951,1000.0,1128.8741465999951,1000.0,0.0,0.0
2580,1681819260000.0,0.0,0.0,0.0,2092.49,0.0,0.0,2119.75,0.9500856114059091,1.0,1128.8741465999951,1000.0,1128.8741465999951,1000.0,0.0,0.0
2581,1681822860000.0,0.0,0.0,0.0,2092.49,0.0,0.0,2112.0,0.9500856114059091,1.0,1128.8741465999951,1000.0,1128.8741465999951,1000.0,0.0,0.0
2582,1681826460000.0,0.0,0.0,0.0,2092.49,0.0,0.0,2111.36,0.9500856114059091,1.0,1128.8741465999951,1000.0,1128.8741465999951,1000.0,0.0,0.0
2583,1681830060000.0,0.0,0.0,0.0,2092.49,0.0,0.0,2098.8,0.9500856114059091,1.0,1128.8741465999951,1000.0,1128.8741465999951,1000.0,0.0,0.0
2584,1681833660000.0,0.0,0.0,0.0,2092.49,0.0,0.0,2096.78,0.9500856114059091,1.0,1128.8741465999951,1000.0,1128.8741465999951,1000.0,0.0,0.0
2585,1681837260000.0,0.0,0.0,0.0,2092.49,0.0,0.0,2095.56,0.9500856114059091,1.0,1128.8741465999951,1000.0,1128.8741465999951,1000.0,0.0,0.0
2586,1681840860000.0,0.0,0.0,0.03,2083.38,0.0,0.0,2071.7,0.9500856114059091,1.0,1128.861646319995,1000.0,1128.511246319995,1000.0,0.05536674950712509,0.0
2587,1681844460000.0,0.0,0.0,0.03,2083.38,0.0,0.0,2076.73,0.9500856114059091,1.0,1128.861646319995,1000.0,1128.6621463199951,1000.0,0.05536674950712509,0.0
2588,1681848060000.0,0.0,0.0,0.03,2083.38,0.0,0.0,2077.26,0.9500856114059091,1.0,1128.861646319995,1000.0,1128.678046319995,1000.0,0.05536674950712509,0.0
2589,1681851660000.0,0.0,0.0,0.02,2083.38,0.0,0.0,2094.15,0.9500856114059091,1.0,1129.009249199995,1000.0,1129.2246491999952,1000.0,0.03690634069607955,0.0
2590,1681855260000.0,0.0,0.0,0.02,2083.38,0.0,0.0,2090.94,0.9500856114059091,1.0,1129.009249199995,1000.0,1129.1604491999951,1000.0,0.03690634069607955,0.0
2591,1681858860000.0,0.0,0.0,0.02,2083.38,0.0,0.0,2091.17,0.9500856114059091,1.0,1129.009249199995,1000.0,1129.165049199995,1000.0,0.03690634069607955,0.0
2592,1681862460000.0,0.0,0.0,0.0,2083.38,0.0,0.0,2103.27,0.9500856114059091,1.0,1129.3044549599952,1000.0,1129.3044549599952,1000.0,0.0,0.0
2593,1681866060000.0,0.0,0.0,0.0,2083.38,0.0,0.0,2099.05,0.9500856114059091,1.0,1129.3044549599952,1000.0,1129.3044549599952,1000.0,0.0,0.0
2594,1681869660000.0,0.0,0.0,0.0,2083.38,0.0,0.0,2095.68,0.9500856114059091,1.0,1129.3044549599952,1000.0,1129.3044549599952,1000.0,0.0,0.0
2595,1681873260000.0,0.0,0.0,0.0,2083.38,0.0,0.0,2091.99,0.9500856114059091,1.0,1129.3044549599952,1000.0,1129.3044549599952,1000.0,0.0,0.0
2596,1681876860000.0,0.0,0.0,0.0,2083.38,0.0,0.0,2090.17,0.9500856114059091,1.0,1129.3044549599952,1000.0,1129.3044549599952,1000.0,0.0,0.0
2597,1681880460000.0,0.0,0.0,0.03,2081.17,0.0,0.0,2085.71,0.9500856114059091,1.0,1129.2919679399952,1000.0,1129.428167939995,1000.0,0.055286942413919196,0.0
2598,1681884060000.0,0.0,0.0,0.03,2081.17,0.0,0.0,2089.39,0.9500856114059091,1.0,1129.2919679399952,1000.0,1129.5385679399951,1000.0,0.055286942413919196,0.0
2599,1681887660000.0,0.0,0.0,0.03,2081.17,0.0,0.0,2072.83,0.9500856114059091,1.0,1129.2919679399952,1000.0,1129.0417679399952,1000.0,0.055286942413919196,0.0
2600,1681891260000.0,0.0,0.0,0.03,2081.17,0.0,0.0,2070.3,0.9500856114059091,1.0,1129.2919679399952,1000.0,1128.9658679399952,1000.0,0.055286942413919196,0.0
2601,1681894860000.0,5.835484000008444,0.0,0.57,1986.6740350877194,0.0,0.0,1988.07,0.9500856114059091,1.0,1129.0779741199951,1000.0,1129.873674119995,1000.0,1.002945966493233,0.0
2602,1681898460000.0,5.835484000008444,0.0,0.57,1986.6740350877194,0.0,0.0,1980.94,0.9500856114059091,1.0,1129.0779741199951,1000.0,1125.8095741199952,1000.0,1.002945966493233,0.0
2603,1681902060000.0,5.835484000008444,0.0,0.57,1986.6740350877194,0.0,0.0,1974.24,0.9500856114059091,1.0,1129.0779741199951,1000.0,1121.990574119995,1000.0,1.002945966493233,0.0
2604,1681905660000.0,5.835484000008444,0.0,0.57,1986.6740350877194,0.0,0.0,1977.74,0.9500856114059091,1.0,1129.0779741199951,1000.0,1123.9855741199951,1000.0,1.002945966493233,0.0
2605,1681909260000.0,5.835484000008444,0.0,0.57,1986.6740350877194,0.0,0.0,1976.96,0.9500856114059091,1.0,1129.0779741199951,1000.0,1123.540974119995,1000.0,1.002945966493233,0.0
2606,1681912860000.0,5.835484000008444,0.0,0.57,1986.6740350877194,0.0,0.0,1986.26,0.9500856114059091,1.0,1129.0779741199951,1000.0,1128.841974119995,1000.0,1.002945966493233,0.0
2607,1681916460000.0,0.0,0.0,0.4,1986.6740350877194,0.0,0.0,1997.05,0.9500856114059091,1.0,1131.470849055083,1000.0,1135.621235019995,1000.0,0.7023332635557819,0.0
2608,1681920060000.0,0.0,0.0,0.4,1986.6740350877194,0.0,0.0,1984.69,0.9500856114059091,1.0,1131.470849055083,1000.0,1130.6772350199951,1000.0,0.7023332635557819,0.0
2609,1681923660000.0,0.0,0.0,0.4,1986.6740350877194,0.0,0.0,1983.99,0.9500856114059091,1.0,1131.470849055083,1000.0,1130.3972350199952,1000.0,0.7023332635557819,0.0
2610,1681927260000.0,0.0,0.0,0.4,1986.6740350877194,0.0,0.0,1982.9,0.9500856114059091,1.0,1131.470849055083,1000.0,1129.9612350199952,1000.0,0.7023332635557819,0.0
2611,1681930860000.0,0.0,0.0,0.4,1986.6740350877194,0.0,0.0,1975.84,0.9500856114059091,1.0,1131.470849055083,1000.0,1127.1372350199952,1000.0,0.7023332635557819,0.0
2612,1681934460000.0,0.0,0.0,0.4,1986.6740350877194,0.0,0.0,1980.42,0.9500856114059091,1.0,1131.470849055083,1000.0,1128.9692350199953,1000.0,0.7023332635557819,0.0
2613,1681938060000.0,0.0,0.0,0.4,1986.6740350877194,0.0,0.0,1980.0,0.9500856114059091,1.0,1131.470849055083,1000.0,1128.8012350199951,1000.0,0.7023332635557819,0.0
2614,1681941660000.0,0.0,0.0,0.4,1986.6740350877194,0.0,0.0,1970.52,0.9500856114059091,1.0,1131.470849055083,1000.0,1125.0092350199952,1000.0,0.7023332635557819,0.0
2615,1681945260000.0,0.0,0.0,0.4,1986.6740350877194,0.0,0.0,1960.82,0.9500856114059091,1.0,1131.470849055083,1000.0,1121.1292350199951,1000.0,0.7023332635557819,0.0
2616,1681948860000.0,0.0,0.0,0.4,1986.6740350877194,0.0,0.0,1930.26,0.9500856114059091,1.0,1131.470849055083,1000.0,1108.9052350199952,1000.0,0.7023332635557819,0.0
2617,1681952460000.0,0.0,0.0,0.4,1986.6740350877194,0.0,0.0,1944.73,0.9500856114059091,1.0,1131.470849055083,1000.0,1114.6932350199952,1000.0,0.7023332635557819,0.0
2618,1681956060000.0,0.0,0.0,0.4,1986.6740350877194,0.0,0.0,1951.64,0.9500856114059091,1.0,1131.470849055083,1000.0,1117.457235019995,1000.0,0.7023332635557819,0.0
2619,1681959660000.0,0.0,0.0,0.4,1986.6740350877194,0.0,0.0,1935.82,0.9500856114059091,1.0,1131.470849055083,1000.0,1111.1292350199951,1000.0,0.7023332635557819,0.0
2620,1681963260000.0,0.0,0.0,0.4,1986.6740350877194,0.0,0.0,1951.0,0.9500856114059091,1.0,1131.470849055083,1000.0,1117.2012350199952,1000.0,0.7023332635557819,0.0
2621,1681966860000.0,0.0,0.0,0.4,1986.6740350877194,0.0,0.0,1952.82,0.9500856114059091,1.0,1131.470849055083,1000.0,1117.929235019995,1000.0,0.7023332635557819,0.0
2622,1681970460000.0,0.0,0.0,0.4,1986.6740350877194,0.0,0.0,1953.27,0.9500856114059091,1.0,1131.470849055083,1000.0,1118.1092350199951,1000.0,0.7023332635557819,0.0
2623,1681974060000.0,0.0,0.0,0.4,1986.6740350877194,0.0,0.0,1951.77,0.9500856114059091,1.0,1131.470849055083,1000.0,1117.5092350199952,1000.0,0.7023332635557819,0.0
2624,1681977660000.0,0.0,0.0,0.4,1986.6740350877194,0.0,0.0,1947.67,0.9500856114059091,1.0,1131.470849055083,1000.0,1115.8692350199951,1000.0,0.7023332635557819,0.0
2625,1681981260000.0,0.0,0.0,0.4,1986.6740350877194,0.0,0.0,1950.2,0.9500856114059091,1.0,1131.470849055083,1000.0,1116.881235019995,1000.0,0.7023332635557819,0.0
2626,1681984860000.0,0.0,0.0,0.4,1986.6740350877194,0.0,0.0,1955.24,0.9500856114059091,1.0,1131.470849055083,1000.0,1118.8972350199952,1000.0,0.7023332635557819,0.0
2627,1681988460000.0,0.0,0.0,0.4,1986.6740350877194,0.0,0.0,1953.0,0.9500856114059091,1.0,1131.470849055083,1000.0,1118.0012350199952,1000.0,0.7023332635557819,0.0
2628,1681992060000.0,0.0,0.0,0.4,1986.6740350877194,0.0,0.0,1940.33,0.9500856114059091,1.0,1131.470849055083,1000.0,1112.9332350199952,1000.0,0.7023332635557819,0.0
2629,1681995660000.0,0.0,0.0,0.4,1986.6740350877194,0.0,0.0,1969.1,0.9500856114059091,1.0,1131.470849055083,1000.0,1124.441235019995,1000.0,0.7023332635557819,0.0
2630,1681999260000.0,0.0,0.0,0.4,1986.6740350877194,0.0,0.0,1971.36,0.9500856114059091,1.0,1131.470849055083,1000.0,1125.345235019995,1000.0,0.7023332635557819,0.0
2631,1682002860000.0,0.0,0.0,0.4,1986.6740350877194,0.0,0.0,1965.0,0.9500856114059091,1.0,1131.470849055083,1000.0,1122.8012350199951,1000.0,0.7023332635557819,0.0
2632,1682006460000.0,0.0,0.0,0.4,1986.6740350877194,0.0,0.0,1944.86,0.9500856114059091,1.0,1131.470849055083,1000.0,1114.745235019995,1000.0,0.7023332635557819,0.0
2633,1682010060000.0,14.833158724146134,0.0,0.58,1965.5258862673927,0.0,0.0,1937.0,0.9500856114059091,1.0,1131.401781975083,1000.0,1114.8567679399953,1000.0,1.007604046764878,0.0
2634,1682013660000.0,14.833158724146134,0.0,0.58,1965.5258862673927,0.0,0.0,1934.61,0.9500856114059091,1.0,1131.401781975083,1000.0,1113.4705679399951,1000.0,1.007604046764878,0.0
2635,1682017260000.0,14.833158724146134,0.0,0.58,1965.5258862673927,0.0,0.0,1930.2,0.9500856114059091,1.0,1131.401781975083,1000.0,1110.912767939995,1000.0,1.007604046764878,0.0
2636,1682020860000.0,14.833158724146134,0.0,0.58,1965.5258862673927,0.0,0.0,1927.55,0.9500856114059091,1.0,1131.401781975083,1000.0,1109.375767939995,1000.0,1.007604046764878,0.0
2637,1682024460000.0,14.833158724146134,0.0,0.58,1965.5258862673927,0.0,0.0,1937.03,0.9500856114059091,1.0,1131.401781975083,1000.0,1114.8741679399952,1000.0,1.007604046764878,0.0
2638,1682028060000.0,14.833158724146134,0.0,0.58,1965.5258862673927,0.0,0.0,1944.22,0.9500856114059091,1.0,1131.401781975083,1000.0,1119.0443679399953,1000.0,1.007604046764878,0.0
2639,1682031660000.0,0.0,0.0,0.57,1965.5258862673927,0.0,0.0,1944.32,0.9500856114059091,1.0,1131.211929252409,1000.0,1119.124574079995,1000.0,0.9903977550102626,0.0
2640,1682035260000.0,0.0,0.0,0.57,1965.5258862673927,0.0,0.0,1943.63,0.9500856114059091,1.0,1131.211929252409,1000.0,1118.731274079995,1000.0,0.9903977550102626,0.0
2641,1682038860000.0,0.0,0.0,0.57,1965.5258862673927,0.0,0.0,1948.51,0.9500856114059091,1.0,1131.211929252409,1000.0,1121.512874079995,1000.0,0.9903977550102626,0.0
2642,1682042460000.0,0.0,0.0,0.57,1965.5258862673927,0.0,0.0,1942.3,0.9500856114059091,1.0,1131.211929252409,1000.0,1117.973174079995,1000.0,0.9903977550102626,0.0
2643,1682046060000.0,0.0,0.0,0.57,1965.5258862673927,0.0,0.0,1944.84,0.9500856114059091,1.0,1131.211929252409,1000.0,1119.420974079995,1000.0,0.9903977550102626,0.0
2644,1682049660000.0,0.0,0.0,0.57,1965.5258862673927,0.0,0.0,1945.21,0.9500856114059091,1.0,1131.211929252409,1000.0,1119.6318740799952,1000.0,0.9903977550102626,0.0
2645,1682053260000.0,0.0,0.0,0.57,1965.5258862673927,0.0,0.0,1938.31,0.9500856114059091,1.0,1131.211929252409,1000.0,1115.698874079995,1000.0,0.9903977550102626,0.0
2646,1682056860000.0,0.0,0.0,0.57,1965.5258862673927,0.0,0.0,1928.97,0.9500856114059091,1.0,1131.211929252409,1000.0,1110.375074079995,1000.0,0.9903977550102626,0.0
2647,1682060460000.0,0.0,0.0,0.57,1965.5258862673927,0.0,0.0,1905.84,0.9500856114059091,1.0,1131.211929252409,1000.0,1097.1909740799952,1000.0,0.9903977550102626,0.0
2648,1682064060000.0,0.0,0.0,0.57,1965.5258862673927,0.0,0.0,1928.79,0.9500856114059091,1.0,1131.211929252409,1000.0,1110.2724740799952,1000.0,0.9903977550102626,0.0
2649,1682067660000.0,0.0,0.0,0.57,1965.5258862673927,0.0,0.0,1919.58,0.9500856114059091,1.0,1131.211929252409,1000.0,1105.022774079995,1000.0,0.9903977550102626,0.0
2650,1682071260000.0,0.0,0.0,0.57,1965.5258862673927,0.0,0.0,1919.72,0.9500856114059091,1.0,1131.211929252409,1000.0,1105.102574079995,1000.0,0.9903977550102626,0.0
2651,1682074860000.0,0.0,0.0,0.57,1965.5258862673927,0.0,0.0,1911.21,0.9500856114059091,1.0,1131.211929252409,1000.0,1100.251874079995,1000.0,0.9903977550102626,0.0
2652,1682078460000.0,0.0,0.0,0.57,1965.5258862673927,0.0,0.0,1907.1,0.9500856114059091,1.0,1131.211929252409,1000.0,1097.909174079995,1000.0,0.9903977550102626,0.0
2653,1682082060000.0,0.0,0.0,0.57,1965.5258862673927,0.0,0.0,1916.83,0.9500856114059091,1.0,1131.211929252409,1000.0,1103.455274079995,1000.0,0.9903977550102626,0.0
2654,1682085660000.0,0.0,0.0,0.57,1965.5258862673927,0.0,0.0,1906.05,0.9500856114059091,1.0,1131.211929252409,1000.0,1097.3106740799951,1000.0,0.9903977550102626,0.0
2655,1682089260000.0,0.0,0.0,0.57,1965.5258862673927,0.0,0.0,1908.58,0.9500856114059091,1.0,1131.211929252409,1000.0,1098.752774079995,1000.0,0.9903977550102626,0.0
2656,1682092860000.0,0.0,0.0,0.57,1965.5258862673927,0.0,0.0,1903.53,0.9500856114059091,1.0,1131.211929252409,1000.0,1095.874274079995,1000.0,0.9903977550102626,0.0
2657,1682096460000.0,0.0,0.0,0.57,1965.5258862673927,0.0,0.0,1899.59,0.9500856114059091,1.0,1131.211929252409,1000.0,1093.6284740799952,1000.0,0.9903977550102626,0.0
2658,1682100060000.0,76.27624873334148,0.0,0.6,1961.610591954023,0.0,0.0,1880.72,0.9500856114059091,1.0,1131.200605932409,1000.0,1082.6662507599951,1000.0,1.040457677444649,0.0
2659,1682103660000.0,76.27624873334148,0.0,0.6,1961.610591954023,0.0,0.0,1879.21,0.9500856114059091,1.0,1131.200605932409,1000.0,1081.7602507599952,1000.0,1.040457677444649,0.0
2660,1682107260000.0,76.27624873334148,0.0,0.6,1961.610591954023,0.0,0.0,1847.05,0.9500856114059091,1.0,1131.200605932409,1000.0,1062.4642507599951,1000.0,1.040457677444649,0.0
2661,1682110860000.0,76.27624873334148,0.0,0.6,1961.610591954023,0.0,0.0,1838.88,0.9500856114059091,1.0,1131.200605932409,1000.0,1057.5622507599953,1000.0,1.040457677444649,0.0
2662,1682114460000.0,76.27624873334148,0.0,0.6,1961.610591954023,0.0,0.0,1841.35,0.9500856114059091,1.0,1131.200605932409,1000.0,1059.044250759995,1000.0,1.040457677444649,0.0
2663,1682118060000.0,76.27624873334148,0.0,0.6,1961.610591954023,0.0,0.0,1844.72,0.9500856114059091,1.0,1131.200605932409,1000.0,1061.0662507599952,1000.0,1.040457677444649,0.0
2664,1682121660000.0,76.27624873334148,0.0,0.6,1961.610591954023,0.0,0.0,1848.81,0.9500856114059091,1.0,1131.200605932409,1000.0,1063.5202507599952,1000.0,1.040457677444649,0.0
2665,1682125260000.0,76.27624873334148,0.0,0.6,1961.610591954023,0.0,0.0,1846.81,0.9500856114059091,1.0,1131.200605932409,1000.0,1062.3202507599951,1000.0,1.040457677444649,0.0
2666,1682128860000.0,76.27624873334148,0.0,0.6,1961.610591954023,0.0,0.0,1854.03,0.9500856114059091,1.0,1131.200605932409,1000.0,1066.6522507599952,1000.0,1.040457677444649,0.0
2667,1682132460000.0,76.27624873334148,0.0,0.6,1961.610591954023,0.0,0.0,1854.27,0.9500856114059091,1.0,1131.200605932409,1000.0,1066.7962507599952,1000.0,1.040457677444649,0.0
2668,1682136060000.0,76.27624873334148,0.0,0.6,1961.610591954023,0.0,0.0,1858.13,0.9500856114059091,1.0,1131.200605932409,1000.0,1069.1122507599953,1000.0,1.040457677444649,0.0
2669,1682139660000.0,76.27624873334148,0.0,0.6,1961.610591954023,0.0,0.0,1859.88,0.9500856114059091,1.0,1131.200605932409,1000.0,1070.1622507599952,1000.0,1.040457677444649,0.0
2670,1682143260000.0,76.27624873334148,0.0,0.6,1961.610591954023,0.0,0.0,1863.64,0.9500856114059091,1.0,1131.200605932409,1000.0,1072.4182507599953,1000.0,1.040457677444649,0.0
2671,1682146860000.0,76.27624873334148,0.0,0.6,1961.610591954023,0.0,0.0,1855.47,0.9500856114059091,1.0,1131.200605932409,1000.0,1067.5162507599953,1000.0,1.040457677444649,0.0
2672,1682150460000.0,76.27624873334148,0.0,0.6,1961.610591954023,0.0,0.0,1850.84,0.9500856114059091,1.0,1131.200605932409,1000.0,1064.738250759995,1000.0,1.040457677444649,0.0
2673,1682154060000.0,76.27624873334148,0.0,0.6,1961.610591954023,0.0,0.0,1849.17,0.9500856114059091,1.0,1131.200605932409,1000.0,1063.7362507599953,1000.0,1.040457677444649,0.0
2674,1682157660000.0,76.27624873334148,0.0,0.6,1961.610591954023,0.0,0.0,1848.51,0.9500856114059091,1.0,1131.200605932409,1000.0,1063.3402507599951,1000.0,1.040457677444649,0.0
2675,1682161260000.0,76.27624873334148,0.0,0.6,1961.610591954023,0.0,0.0,1848.17,0.9500856114059091,1.0,1131.200605932409,1000.0,1063.1362507599952,1000.0,1.040457677444649,0.0
2676,1682164860000.0,76.27624873334148,0.0,0.6,1961.610591954023,0.0,0.0,1851.81,0.9500856114059091,1.0,1131.200605932409,1000.0,1065.3202507599951,1000.0,1.040457677444649,0.0
2677,1682168460000.0,76.27624873334148,0.0,0.6,1961.610591954023,0.0,0.0,1855.16,0.9500856114059091,1.0,1131.200605932409,1000.0,1067.3302507599951,1000.0,1.040457677444649,0.0
2678,1682172060000.0,46.07401084746571,0.0,0.59,1961.610591954023,0.0,0.0,1850.94,0.9500856114059091,1.0,1130.1665828528687,1000.0,1064.8709335999952,1000.0,1.0240527961208916,0.0
2679,1682175660000.0,46.07401084746571,0.0,0.59,1961.610591954023,0.0,0.0,1868.25,0.9500856114059091,1.0,1130.1665828528687,1000.0,1075.0838335999952,1000.0,1.0240527961208916,0.0
2680,1682179260000.0,46.07401084746571,0.0,0.59,1961.610591954023,0.0,0.0,1865.27,0.9500856114059091,1.0,1130.1665828528687,1000.0,1073.3256335999952,1000.0,1.0240527961208916,0.0
2681,1682182860000.0,46.07401084746571,0.0,0.59,1961.610591954023,0.0,0.0,1874.48,0.9500856114059091,1.0,1130.1665828528687,1000.0,1078.7595335999952,1000.0,1.0240527961208916,0.0
2682,1682186460000.0,46.07401084746571,0.0,0.59,1961.610591954023,0.0,0.0,1880.41,0.9500856114059091,1.0,1130.1665828528687,1000.0,1082.2582335999953,1000.0,1.0240527961208916,0.0
2683,1682190060000.0,46.07401084746571,0.0,0.59,1961.610591954023,0.0,0.0,1874.47,0.9500856114059091,1.0,1130.1665828528687,1000.0,1078.7536335999953,1000.0,1.0240527961208916,0.0
2684,1682193660000.0,46.07401084746571,0.0,0.59,1961.610591954023,0.0,0.0,1871.95,0.9500856114059091,1.0,1130.1665828528687,1000.0,1077.2668335999952,1000.0,1.0240527961208916,0.0
2685,1682197260000.0,46.07401084746571,0.0,0.59,1961.610591954023,0.0,0.0,1866.03,0.9500856114059091,1.0,1130.1665828528687,1000.0,1073.7740335999952,1000.0,1.0240527961208916,0.0
2686,1682200860000.0,46.07401084746571,0.0,0.59,1961.610591954023,0.0,0.0,1872.01,0.9500856114059091,1.0,1130.1665828528687,1000.0,1077.3022335999951,1000.0,1.0240527961208916,0.0
2687,1682204460000.0,46.07401084746571,0.0,0.59,1961.610591954023,0.0,0.0,1875.26,0.9500856114059091,1.0,1130.1665828528687,1000.0,1079.2197335999952,1000.0,1.0240527961208916,0.0
2688,1682208060000.0,46.07401084746571,0.0,0.59,1961.610591954023,0.0,0.0,1872.25,0.9500856114059091,1.0,1130.1665828528687,1000.0,1077.443833599995,1000.0,1.0240527961208916,0.0
2689,1682211660000.0,46.07401084746571,0.0,0.59,1961.610591954023,0.0,0.0,1856.71,0.9500856114059091,1.0,1130.1665828528687,1000.0,1068.275233599995,1000.0,1.0240527961208916,0.0
2690,1682215260000.0,46.07401084746571,0.0,0.59,1961.610591954023,0.0,0.0,1854.74,0.9500856114059091,1.0,1130.1665828528687,1000.0,1067.1129335999951,1000.0,1.0240527961208916,0.0
2691,1682218860000.0,46.07401084746571,0.0,0.59,1961.610591954023,0.0,0.0,1857.72,0.9500856114059091,1.0,1130.1665828528687,1000.0,1068.8711335999951,1000.0,1.0240527961208916,0.0
2692,1682222460000.0,14.813423310353114,0.0,0.58,1961.610591954023,0.0,0.0,1860.71,0.9500856114059091,1.0,1129.1423578133285,1000.0,1070.6200144799952,1000.0,1.0076091251564094,0.0
2693,1682226060000.0,14.813423310353114,0.0,0.58,1961.610591954023,0.0,0.0,1863.86,0.9500856114059091,1.0,1129.1423578133285,1000.0,1072.4470144799952,1000.0,1.0076091251564094,0.0
2694,1682229660000.0,14.813423310353114,0.0,0.58,1961.610591954023,0.0,0.0,1866.16,0.9500856114059091,1.0,1129.1423578133285,1000.0,1073.7810144799953,1000.0,1.0076091251564094,0.0
2695,1682233260000.0,14.813423310353114,0.0,0.58,1961.610591954023,0.0,0.0,1866.66,0.9500856114059091,1.0,1129.1423578133285,1000.0,1074.0710144799953,1000.0,1.0076091251564094,0.0
2696,1682236860000.0,14.813423310353114,0.0,0.58,1961.610591954023,0.0,0.0,1873.49,0.9500856114059091,1.0,1129.1423578133285,1000.0,1078.0324144799952,1000.0,1.0076091251564094,0.0
2697,1682240460000.0,14.813423310353114,0.0,0.58,1961.610591954023,0.0,0.0,1874.54,0.9500856114059091,1.0,1129.1423578133285,1000.0,1078.641414479995,1000.0,1.0076091251564094,0.0
2698,1682244060000.0,14.813423310353114,0.0,0.58,1961.610591954023,0.0,0.0,1868.83,0.9500856114059091,1.0,1129.1423578133285,1000.0,1075.3296144799951,1000.0,1.0076091251564094,0.0
2699,1682247660000.0,14.813423310353114,0.0,0.58,1961.610591954023,0.0,0.0,1867.16,0.9500856114059091,1.0,1129.1423578133285,1000.0,1074.3610144799952,1000.0,1.0076091251564094,0.0
2700,1682251260000.0,14.813423310353114,0.0,0.58,1961.610591954023,0.0,0.0,1874.74,0.9500856114059091,1.0,1129.1423578133285,1000.0,1078.7574144799953,1000.0,1.0076091251564094,0.0
2701,1682254860000.0,14.813423310353114,0.0,0.58,1961.610591954023,0.0,0.0,1872.65,0.9500856114059091,1.0,1129.1423578133285,1000.0,1077.5452144799954,1000.0,1.0076091251564094,0.0
2702,1682258460000.0,14.813423310353114,0.0,0.58,1961.610591954023,0.0,0.0,1874.12,0.9500856114059091,1.0,1129.1423578133285,1000.0,1078.397814479995,1000.0,1.0076091251564094,0.0
2703,1682262060000.0,14.813423310353114,0.0,0.58,1961.610591954023,0.0,0.0,1866.44,0.9500856114059091,1.0,1129.1423578133285,1000.0,1073.9434144799952,1000.0,1.0076091251564094,0.0
2704,1682265660000.0,14.813423310353114,0.0,0.58,1961.610591954023,0.0,0.0,1855.61,0.9500856114059091,1.0,1129.1423578133285,1000.0,1067.6620144799952,1000.0,1.0076091251564094,0.0
2705,1682269260000.0,76.446800600008,0.0,0.6,1956.6430623563217,0.0,0.0,1865.48,0.9500856114059091,1.0,1128.1177570537882,1000.0,1073.4199196399952,1000.0,1.0406589472359646,0.0
2706,1682272860000.0,76.446800600008,0.0,0.6,1956.6430623563217,0.0,0.0,1859.75,0.9500856114059091,1.0,1128.1177570537882,1000.0,1069.981919639995,1000.0,1.0406589472359646,0.0
2707,1682276460000.0,76.446800600008,0.0,0.6,1956.6430623563217,0.0,0.0,1844.34,0.9500856114059091,1.0,1128.1177570537882,1000.0,1060.735919639995,1000.0,1.0406589472359646,0.0
2708,1682280060000.0,76.446800600008,0.0,0.6,1956.6430623563217,0.0,0.0,1839.62,0.9500856114059091,1.0,1128.1177570537882,1000.0,1057.9039196399951,1000.0,1.0406589472359646,0.0
2709,1682283660000.0,76.446800600008,0.0,0.6,1956.6430623563217,0.0,0.0,1850.0,0.9500856114059091,1.0,1128.1177570537882,1000.0,1064.1319196399952,1000.0,1.0406589472359646,0.0
2710,1682287260000.0,76.446800600008,0.0,0.6,1956.6430623563217,0.0,0.0,1850.9,0.9500856114059091,1.0,1128.1177570537882,1000.0,1064.6719196399952,1000.0,1.0406589472359646,0.0
2711,1682290860000.0,76.446800600008,0.0,0.6,1956.6430623563217,0.0,0.0,1861.93,0.9500856114059091,1.0,1128.1177570537882,1000.0,1071.289919639995,1000.0,1.0406589472359646,0.0
2712,1682294460000.0,76.446800600008,0.0,0.6,1956.6430623563217,0.0,0.0,1861.31,0.9500856114059091,1.0,1128.1177570537882,1000.0,1070.917919639995,1000.0,1.0406589472359646,0.0
2713,1682298060000.0,76.446800600008,0.0,0.6,1956.6430623563217,0.0,0.0,1879.96,0.9500856114059091,1.0,1128.1177570537882,1000.0,1082.107919639995,1000.0,1.0406589472359646,0.0
2714,1682301660000.0,76.446800600008,0.0,0.6,1956.6430623563217,0.0,0.0,1872.1,0.9500856114059091,1.0,1128.1177570537882,1000.0,1077.3919196399952,1000.0,1.0406589472359646,0.0
2715,1682305260000.0,76.446800600008,0.0,0.6,1956.6430623563217,0.0,0.0,1866.99,0.9500856114059091,1.0,1128.1177570537882,1000.0,1074.3259196399952,1000.0,1.0406589472359646,0.0
2716,1682308860000.0,76.446800600008,0.0,0.6,1956.6430623563217,0.0,0.0,1866.71,0.9500856114059091,1.0,1128.1177570537882,1000.0,1074.1579196399953,1000.0,1.0406589472359646,0.0
2717,1682312460000.0,76.446800600008,0.0,0.6,1956.6430623563217,0.0,0.0,1859.73,0.9500856114059091,1.0,1128.1177570537882,1000.0,1069.9699196399952,1000.0,1.0406589472359646,0.0
2718,1682316060000.0,46.21796779661825,0.0,0.59,1956.6430623563217,0.0,0.0,1855.19,0.9500856114059091,1.0,1127.150805790225,1000.0,1067.293498999995,1000.0,1.0241925045521192,0.0
2719,1682319660000.0,46.21796779661825,0.0,0.59,1956.6430623563217,0.0,0.0,1845.76,0.9500856114059091,1.0,1127.150805790225,1000.0,1061.7297989999952,1000.0,1.0241925045521192,0.0
2720,1682323260000.0,46.21796779661825,0.0,0.59,1956.6430623563217,0.0,0.0,1844.65,0.9500856114059091,1.0,1127.150805790225,1000.0,1061.0748989999952,1000.0,1.0241925045521192,0.0
2721,1682326860000.0,46.21796779661825,0.0,0.59,1956.6430623563217,0.0,0.0,1836.0,0.9500856114059091,1.0,1127.150805790225,1000.0,1055.971398999995,1000.0,1.0241925045521192,0.0
2722,1682330460000.0,46.21796779661825,0.0,0.59,1956.6430623563217,0.0,0.0,1838.62,0.9500856114059091,1.0,1127.150805790225,1000.0,1057.5171989999951,1000.0,1.0241925045521192,0.0
2723,1682334060000.0,46.21796779661825,0.0,0.59,1956.6430623563217,0.0,0.0,1845.0,0.9500856114059091,1.0,1127.150805790225,1000.0,1061.2813989999952,1000.0,1.0241925045521192,0.0
2724,1682337660000.0,46.21796779661825,0.0,0.59,1956.6430623563217,0.0,0.0,1853.7,0.9500856114059091,1.0,1127.150805790225,1000.0,1066.4143989999952,1000.0,1.0241925045521192,0.0
2725,1682341260000.0,46.21796779661825,0.0,0.59,1956.6430623563217,0.0,0.0,1846.36,0.9500856114059091,1.0,1127.150805790225,1000.0,1062.083798999995,1000.0,1.0241925045521192,0.0
2726,1682344860000.0,46.21796779661825,0.0,0.59,1956.6430623563217,0.0,0.0,1866.44,0.9500856114059091,1.0,1127.150805790225,1000.0,1073.9309989999952,1000.0,1.0241925045521192,0.0
2727,1682348460000.0,46.21796779661825,0.0,0.59,1956.6430623563217,0.0,0.0,1852.0,0.9500856114059091,1.0,1127.150805790225,1000.0,1065.411398999995,1000.0,1.0241925045521192,0.0
2728,1682352060000.0,46.21796779661825,0.0,0.59,1956.6430623563217,0.0,0.0,1834.65,0.9500856114059091,1.0,1127.150805790225,1000.0,1055.174898999995,1000.0,1.0241925045521192,0.0
2729,1682355660000.0,46.21796779661825,0.0,0.59,1956.6430623563217,0.0,0.0,1813.01,0.9500856114059091,1.0,1127.150805790225,1000.0,1042.4072989999952,1000.0,1.0241925045521192,0.0
2730,1682359260000.0,46.21796779661825,0.0,0.59,1956.6430623563217,0.0,0.0,1833.45,0.9500856114059091,1.0,1127.150805790225,1000.0,1054.4668989999952,1000.0,1.0241925045521192,0.0
2731,1682362860000.0,46.21796779661825,0.0,0.59,1956.6430623563217,0.0,0.0,1832.75,0.9500856114059091,1.0,1127.150805790225,1000.0,1054.053898999995,1000.0,1.0241925045521192,0.0
2732,1682366460000.0,46.21796779661825,0.0,0.59,1956.6430623563217,0.0,0.0,1828.69,0.9500856114059091,1.0,1127.150805790225,1000.0,1051.6584989999951,1000.0,1.0241925045521192,0.0
2733,1682370060000.0,15.283935379319121,0.0,0.58,1956.6430623563217,0.0,0.0,1837.26,0.9500856114059091,1.0,1125.9882936466615,1000.0,1056.7461174799948,1000.0,1.0078728016712284,0.0
2734,1682373660000.0,15.283935379319121,0.0,0.58,1956.6430623563217,0.0,0.0,1831.54,0.9500856114059091,1.0,1125.9882936466615,1000.0,1053.428517479995,1000.0,1.0078728016712284,0.0
2735,1682377260000.0,15.283935379319121,0.0,0.58,1956.6430623563217,0.0,0.0,1837.87,0.9500856114059091,1.0,1125.9882936466615,1000.0,1057.099917479995,1000.0,1.0078728016712284,0.0
2736,1682380860000.0,15.283935379319121,0.0,0.58,1956.6430623563217,0.0,0.0,1841.56,0.9500856114059091,1.0,1125.9882936466615,1000.0,1059.240117479995,1000.0,1.0078728016712284,0.0
2737,1682384460000.0,15.283935379319121,0.0,0.58,1956.6430623563217,0.0,0.0,1840.38,0.9500856114059091,1.0,1125.9882936466615,1000.0,1058.555717479995,1000.0,1.0078728016712284,0.0
2738,1682388060000.0,15.283935379319121,0.0,0.58,1956.6430623563217,0.0,0.0,1837.68,0.9500856114059091,1.0,1125.9882936466615,1000.0,1056.989717479995,1000.0,1.0078728016712284,0.0
2739,1682391660000.0,15.283935379319121,0.0,0.58,1956.6430623563217,0.0,0.0,1831.7,0.9500856114059091,1.0,1125.9882936466615,1000.0,1053.5213174799949,1000.0,1.0078728016712284,0.0
2740,1682395260000.0,15.283935379319121,0.0,0.58,1956.6430623563217,0.0,0.0,1827.74,0.9500856114059091,1.0,1125.9882936466615,1000.0,1051.224517479995,1000.0,1.0078728016712284,0.0
2741,1682398860000.0,15.283935379319121,0.0,0.58,1956.6430623563217,0.0,0.0,1831.62,0.9500856114059091,1.0,1125.9882936466615,1000.0,1053.474917479995,1000.0,1.0078728016712284,0.0
2742,1682402460000.0,15.283935379319121,0.0,0.58,1956.6430623563217,0.0,0.0,1828.61,0.9500856114059091,1.0,1125.9882936466615,1000.0,1051.7291174799948,1000.0,1.0078728016712284,0.0
2743,1682406060000.0,15.283935379319121,0.0,0.58,1956.6430623563217,0.0,0.0,1821.5,0.9500856114059091,1.0,1125.9882936466615,1000.0,1047.605317479995,1000.0,1.0078728016712284,0.0
2744,1682409660000.0,15.283935379319121,0.0,0.58,1956.6430623563217,0.0,0.0,1815.23,0.9500856114059091,1.0,1125.9882936466615,1000.0,1043.968717479995,1000.0,1.0078728016712284,0.0
2745,1682413260000.0,15.283935379319121,0.0,0.58,1956.6430623563217,0.0,0.0,1822.01,0.9500856114059091,1.0,1125.9882936466615,1000.0,1047.901117479995,1000.0,1.0078728016712284,0.0
2746,1682416860000.0,15.283935379319121,0.0,0.58,1956.6430623563217,0.0,0.0,1815.44,0.9500856114059091,1.0,1125.9882936466615,1000.0,1044.090517479995,1000.0,1.0078728016712284,0.0
2747,1682420460000.0,15.283935379319121,0.0,0.58,1956.6430623563217,0.0,0.0,1814.3,0.9500856114059091,1.0,1125.9882936466615,1000.0,1043.429317479995,1000.0,1.0078728016712284,0.0
2748,1682424060000.0,75.63030436667532,0.0,0.6,1950.0604092385056,0.0,0.0,1824.93,0.9500856114059091,1.0,1124.6580629230982,1000.0,1049.579817379995,1000.0,1.0403484259936417,0.0
2749,1682427660000.0,75.63030436667532,0.0,0.6,1950.0604092385056,0.0,0.0,1823.76,0.9500856114059091,1.0,1124.6580629230982,1000.0,1048.877817379995,1000.0,1.0403484259936417,0.0
2750,1682431260000.0,75.63030436667532,0.0,0.6,1950.0604092385056,0.0,0.0,1822.01,0.9500856114059091,1.0,1124.6580629230982,1000.0,1047.827817379995,1000.0,1.0403484259936417,0.0
2751,1682434860000.0,75.63030436667532,0.0,0.6,1950.0604092385056,0.0,0.0,1809.94,0.9500856114059091,1.0,1124.6580629230982,1000.0,1040.585817379995,1000.0,1.0403484259936417,0.0
2752,1682438460000.0,75.63030436667532,0.0,0.6,1950.0604092385056,0.0,0.0,1813.99,0.9500856114059091,1.0,1124.6580629230982,1000.0,1043.0158173799948,1000.0,1.0403484259936417,0.0
2753,1682442060000.0,75.63030436667532,0.0,0.6,1950.0604092385056,0.0,0.0,1823.75,0.9500856114059091,1.0,1124.6580629230982,1000.0,1048.8718173799948,1000.0,1.0403484259936417,0.0
2754,1682445660000.0,75.63030436667532,0.0,0.6,1950.0604092385056,0.0,0.0,1838.15,0.9500856114059091,1.0,1124.6580629230982,1000.0,1057.511817379995,1000.0,1.0403484259936417,0.0
2755,1682449260000.0,75.63030436667532,0.0,0.6,1950.0604092385056,0.0,0.0,1833.0,0.9500856114059091,1.0,1124.6580629230982,1000.0,1054.4218173799948,1000.0,1.0403484259936417,0.0
2756,1682452860000.0,75.63030436667532,0.0,0.6,1950.0604092385056,0.0,0.0,1843.3,0.9500856114059091,1.0,1124.6580629230982,1000.0,1060.6018173799948,1000.0,1.0403484259936417,0.0
2757,1682456460000.0,75.63030436667532,0.0,0.6,1950.0604092385056,0.0,0.0,1864.28,0.9500856114059091,1.0,1124.6580629230982,1000.0,1073.1898173799948,1000.0,1.0403484259936417,0.0
2758,1682460060000.0,75.63030436667532,0.0,0.6,1950.0604092385056,0.0,0.0,1874.44,0.9500856114059091,1.0,1124.6580629230982,1000.0,1079.2858173799948,1000.0,1.0403484259936417,0.0
2759,1682463660000.0,75.63030436667532,0.0,0.6,1950.0604092385056,0.0,0.0,1866.74,0.9500856114059091,1.0,1124.6580629230982,1000.0,1074.665817379995,1000.0,1.0403484259936417,0.0
2760,1682467260000.0,75.63030436667532,0.0,0.6,1950.0604092385056,0.0,0.0,1864.21,0.9500856114059091,1.0,1124.6580629230982,1000.0,1073.1478173799949,1000.0,1.0403484259936417,0.0
2761,1682470860000.0,45.22563115255083,0.0,0.59,1950.0604092385056,0.0,0.0,1865.53,0.9500856114059091,1.0,1123.8525190707132,1000.0,1073.9795776199949,1000.0,1.0237425480009321,0.0
2762,1682474460000.0,45.22563115255083,0.0,0.59,1950.0604092385056,0.0,0.0,1867.56,0.9500856114059091,1.0,1123.8525190707132,1000.0,1075.1772776199948,1000.0,1.0237425480009321,0.0
2763,1682478060000.0,45.22563115255083,0.0,0.59,1950.0604092385056,0.0,0.0,1868.49,0.9500856114059091,1.0,1123.8525190707132,1000.0,1075.7259776199949,1000.0,1.0237425480009321,0.0
2764,1682481660000.0,45.22563115255083,0.0,0.59,1950.0604092385056,0.0,0.0,1865.01,0.9500856114059091,1.0,1123.8525190707132,1000.0,1073.672777619995,1000.0,1.0237425480009321,0.0
2765,1682485260000.0,45.22563115255083,0.0,0.59,1950.0604092385056,0.0,0.0,1864.5,0.9500856114059091,1.0,1123.8525190707132,1000.0,1073.3718776199948,1000.0,1.0237425480009321,0.0
2766,1682488860000.0,45.22563115255083,0.0,0.59,1950.0604092385056,0.0,0.0,1867.35,0.9500856114059091,1.0,1123.8525190707132,1000.0,1075.053377619995,1000.0,1.0237425480009321,0.0
2767,1682492460000.0,45.22563115255083,0.0,0.59,1950.0604092385056,0.0,0.0,1864.77,0.9500856114059091,1.0,1123.8525190707132,1000.0,1073.5311776199949,1000.0,1.0237425480009321,0.0
2768,1682496060000.0,45.22563115255083,0.0,0.59,1950.0604092385056,0.0,0.0,1861.05,0.9500856114059091,1.0,1123.8525190707132,1000.0,1071.336377619995,1000.0,1.0237425480009321,0.0
2769,1682499660000.0,45.22563115255083,0.0,0.59,1950.0604092385056,0.0,0.0,1876.6,0.9500856114059091,1.0,1123.8525190707132,1000.0,1080.510877619995,1000.0,1.0237425480009321,0.0
2770,1682503260000.0,45.22563115255083,0.0,0.59,1950.0604092385056,0.0,0.0,1896.16,0.9500856114059091,1.0,1123.8525190707132,1000.0,1092.051277619995,1000.0,1.0237425480009321,0.0
2771,1682506860000.0,45.22563115255083,0.0,0.59,1950.0604092385056,0.0,0.0,1916.23,0.9500856114059091,1.0,1123.8525190707132,1000.0,1103.8925776199949,1000.0,1.0237425480009321,0.0
2772,1682510460000.0,45.22563115255083,0.0,0.59,1950.0604092385056,0.0,0.0,1914.36,0.9500856114059091,1.0,1123.8525190707132,1000.0,1102.789277619995,1000.0,1.0237425480009321,0.0
2773,1682514060000.0,0.0,0.0,0.5,1950.0604092385056,0.0,0.0,1959.0,0.9500856114059091,1.0,1125.0960253792477,1000.0,1129.565820759995,1000.0,0.8666195441323236,0.0
2774,1682517660000.0,0.0,0.0,0.5,1950.0604092385056,0.0,0.0,1952.32,0.9500856114059091,1.0,1125.0960253792477,1000.0,1126.2258207599948,1000.0,0.8666195441323236,0.0
2775,1682521260000.0,0.0,0.0,0.5,1950.0604092385056,0.0,0.0,1946.99,0.9500856114059091,1.0,1125.0960253792477,1000.0,1123.5608207599948,1000.0,0.8666195441323236,0.0
2776,1682524860000.0,0.0,0.0,0.5,1950.0604092385056,0.0,0.0,1953.57,0.9500856114059091,1.0,1125.0960253792477,1000.0,1126.8508207599948,1000.0,0.8666195441323236,0.0
2777,1682528460000.0,0.0,0.0,0.5,1950.0604092385056,0.0,0.0,1952.39,0.9500856114059091,1.0,1125.0960253792477,1000.0,1126.260820759995,1000.0,0.8666195441323236,0.0
2778,1682532060000.0,0.0,0.0,0.5,1950.0604092385056,0.0,0.0,1946.2,0.9500856114059091,1.0,1125.0960253792477,1000.0,1123.1658207599949,1000.0,0.8666195441323236,0.0
2779,1682535660000.0,0.0,0.0,0.5,1950.0604092385056,0.0,0.0,1945.3,0.9500856114059091,1.0,1125.0960253792477,1000.0,1122.715820759995,1000.0,0.8666195441323236,0.0
2780,1682539260000.0,0.21553689656065186,0.0,0.58,1939.9844907228498,0.0,0.0,1787.94,0.9500856114059091,1.0,1125.0659932192477,1000.0,1036.8801885999949,1000.0,1.0001111147263881,0.0
2781,1682542860000.0,0.21553689656065186,0.0,0.58,1939.9844907228498,0.0,0.0,1855.99,0.9500856114059091,1.0,1125.0659932192477,1000.0,1076.349188599995,1000.0,1.0001111147263881,0.0
2782,1682546460000.0,0.21553689656065186,0.0,0.58,1939.9844907228498,0.0,0.0,1875.17,0.9500856114059091,1.0,1125.0659932192477,1000.0,1087.4735885999949,1000.0,1.0001111147263881,0.0
2783,1682550060000.0,0.21553689656065186,0.0,0.58,1939.9844907228498,0.0,0.0,1865.96,0.9500856114059091,1.0,1125.0659932192477,1000.0,1082.131788599995,1000.0,1.0001111147263881,0.0
2784,1682553660000.0,0.21553689656065186,0.0,0.58,1939.9844907228498,0.0,0.0,1861.9,0.9500856114059091,1.0,1125.0659932192477,1000.0,1079.7769885999949,1000.0,1.0001111147263881,0.0
2785,1682557260000.0,0.0,0.0,0.57,1939.9844907228498,0.0,0.0,1928.86,0.9500856114059091,1.0,1124.4957816320193,1000.0,1118.154821919995,1000.0,0.9833662142397295,0.0
2786,1682560860000.0,0.0,0.0,0.57,1939.9844907228498,0.0,0.0,1893.33,0.9500856114059091,1.0,1124.4957816320193,1000.0,1097.902721919995,1000.0,0.9833662142397295,0.0
2787,1682564460000.0,0.0,0.0,0.57,1939.9844907228498,0.0,0.0,1903.93,0.9500856114059091,1.0,1124.4957816320193,1000.0,1103.944721919995,1000.0,0.9833662142397295,0.0
2788,1682568060000.0,0.0,0.0,0.57,1939.9844907228498,0.0,0.0,1897.0,0.9500856114059091,1.0,1124.4957816320193,1000.0,1099.9946219199949,1000.0,0.9833662142397295,0.0
2789,1682571660000.0,0.0,0.0,0.57,1939.9844907228498,0.0,0.0,1909.9,0.9500856114059091,1.0,1124.4957816320193,1000.0,1107.347621919995,1000.0,0.9833662142397295,0.0
2790,1682575260000.0,0.0,0.0,0.57,1939.9844907228498,0.0,0.0,1905.49,0.9500856114059091,1.0,1124.4957816320193,1000.0,1104.833921919995,1000.0,0.9833662142397295,0.0
2791,1682578860000.0,0.0,0.0,0.57,1939.9844907228498,0.0,0.0,1876.7,0.9500856114059091,1.0,1124.4957816320193,1000.0,1088.423621919995,1000.0,0.9833662142397295,0.0
2792,1682582460000.0,0.0,0.0,0.57,1939.9844907228498,0.0,0.0,1882.57,0.9500856114059091,1.0,1124.4957816320193,1000.0,1091.769521919995,1000.0,0.9833662142397295,0.0
2793,1682586060000.0,0.0,0.0,0.57,1939.9844907228498,0.0,0.0,1882.54,0.9500856114059091,1.0,1124.4957816320193,1000.0,1091.752421919995,1000.0,0.9833662142397295,0.0
2794,1682589660000.0,0.0,0.0,0.57,1939.9844907228498,0.0,0.0,1879.71,0.9500856114059091,1.0,1124.4957816320193,1000.0,1090.139321919995,1000.0,0.9833662142397295,0.0
2795,1682593260000.0,0.0,0.0,0.57,1939.9844907228498,0.0,0.0,1883.29,0.9500856114059091,1.0,1124.4957816320193,1000.0,1092.179921919995,1000.0,0.9833662142397295,0.0
2796,1682596860000.0,0.0,0.0,0.57,1939.9844907228498,0.0,0.0,1880.26,0.9500856114059091,1.0,1124.4957816320193,1000.0,1090.452821919995,1000.0,0.9833662142397295,0.0
2797,1682600460000.0,61.992259733341754,0.0,0.6,1936.1332661867073,0.0,0.0,1879.13,0.9500856114059091,1.0,1124.4846038720193,1000.0,1090.282644159995,1000.0,1.0330776924040823,0.0
2798,1682604060000.0,31.132240779669377,0.0,0.59,1936.1332661867073,0.0,0.0,1892.58,0.9500856114059091,1.0,1123.9506049901522,1000.0,1098.2541779399949,1000.0,1.0163423748147418,0.0
2799,1682607660000.0,31.132240779669377,0.0,0.59,1936.1332661867073,0.0,0.0,1885.99,0.9500856114059091,1.0,1123.9506049901522,1000.0,1094.366077939995,1000.0,1.0163423748147418,0.0
2800,1682611260000.0,31.132240779669377,0.0,0.59,1936.1332661867073,0.0,0.0,1901.5,0.9500856114059091,1.0,1123.9506049901522,1000.0,1103.5169779399948,1000.0,1.0163423748147418,0.0
2801,1682614860000.0,31.132240779669377,0.0,0.59,1936.1332661867073,0.0,0.0,1896.65,0.9500856114059091,1.0,1123.9506049901522,1000.0,1100.655477939995,1000.0,1.0163423748147418,0.0
2802,1682618460000.0,31.132240779669377,0.0,0.59,1936.1332661867073,0.0,0.0,1903.72,0.9500856114059091,1.0,1123.9506049901522,1000.0,1104.826777939995,1000.0,1.0163423748147418,0.0
2803,1682622060000.0,31.132240779669377,0.0,0.59,1936.1332661867073,0.0,0.0,1928.47,0.9500856114059091,1.0,1123.9506049901522,1000.0,1119.429277939995,1000.0,1.0163423748147418,0.0
2804,1682625660000.0,31.132240779669377,0.0,0.59,1936.1332661867073,0.0,0.0,1924.06,0.9500856114059091,1.0,1123.9506049901522,1000.0,1116.827377939995,1000.0,1.0163423748147418,0.0
2805,1682629260000.0,31.132240779669377,0.0,0.59,1936.1332661867073,0.0,0.0,1919.74,0.9500856114059091,1.0,1123.9506049901522,1000.0,1114.2785779399949,1000.0,1.0163423748147418,0.0
2806,1682632860000.0,31.132240779669377,0.0,0.59,1936.1332661867073,0.0,0.0,1915.39,0.9500856114059091,1.0,1123.9506049901522,1000.0,1111.712077939995,1000.0,1.0163423748147418,0.0
2807,1682636460000.0,31.132240779669377,0.0,0.59,1936.1332661867073,0.0,0.0,1905.67,0.9500856114059091,1.0,1123.9506049901522,1000.0,1105.977277939995,1000.0,1.0163423748147418,0.0
2808,1682640060000.0,31.132240779669377,0.0,0.59,1936.1332661867073,0.0,0.0,1906.89,0.9500856114059091,1.0,1123.9506049901522,1000.0,1106.697077939995,1000.0,1.0163423748147418,0.0
2809,1682643660000.0,31.132240779669377,0.0,0.59,1936.1332661867073,0.0,0.0,1911.28,0.9500856114059091,1.0,1123.9506049901522,1000.0,1109.287177939995,1000.0,1.0163423748147418,0.0
2810,1682647260000.0,31.132240779669377,0.0,0.59,1936.1332661867073,0.0,0.0,1911.18,0.9500856114059091,1.0,1123.9506049901522,1000.0,1109.228177939995,1000.0,1.0163423748147418,0.0
2811,1682650860000.0,0.0,0.0,0.58,1936.1332661867073,0.0,0.0,1905.33,0.9500856114059091,1.0,1123.636562108285,1000.0,1105.770667719995,1000.0,0.9993954738187583,0.0
2812,1682654460000.0,0.0,0.0,0.58,1936.1332661867073,0.0,0.0,1904.1,0.9500856114059091,1.0,1123.636562108285,1000.0,1105.0572677199948,1000.0,0.9993954738187583,0.0
2813,1682658060000.0,0.0,0.0,0.58,1936.1332661867073,0.0,0.0,1911.51,0.9500856114059091,1.0,1123.636562108285,1000.0,1109.3550677199948,1000.0,0.9993954738187583,0.0
2814,1682661660000.0,0.0,0.0,0.58,1936.1332661867073,0.0,0.0,1913.51,0.9500856114059091,1.0,1123.636562108285,1000.0,1110.515067719995,1000.0,0.9993954738187583,0.0
2815,1682665260000.0,0.0,0.0,0.58,1936.1332661867073,0.0,0.0,1915.0,0.9500856114059091,1.0,1123.636562108285,1000.0,1111.379267719995,1000.0,0.9993954738187583,0.0
2816,1682668860000.0,0.0,0.0,0.58,1936.1332661867073,0.0,0.0,1917.12,0.9500856114059091,1.0,1123.636562108285,1000.0,1112.6088677199948,1000.0,0.9993954738187583,0.0
2817,1682672460000.0,0.0,0.0,0.58,1936.1332661867073,0.0,0.0,1909.5,0.9500856114059091,1.0,1123.636562108285,1000.0,1108.1892677199949,1000.0,0.9993954738187583,0.0
2818,1682676060000.0,0.0,0.0,0.58,1936.1332661867073,0.0,0.0,1905.42,0.9500856114059091,1.0,1123.636562108285,1000.0,1105.822867719995,1000.0,0.9993954738187583,0.0
2819,1682679660000.0,0.0,0.0,0.58,1936.1332661867073,0.0,0.0,1908.75,0.9500856114059091,1.0,1123.636562108285,1000.0,1107.754267719995,1000.0,0.9993954738187583,0.0
2820,1682683260000.0,0.0,0.0,0.58,1936.1332661867073,0.0,0.0,1898.41,0.9500856114059091,1.0,1123.636562108285,1000.0,1101.757067719995,1000.0,0.9993954738187583,0.0
2821,1682686860000.0,0.0,0.0,0.58,1936.1332661867073,0.0,0.0,1898.94,0.9500856114059091,1.0,1123.636562108285,1000.0,1102.0644677199948,1000.0,0.9993954738187583,0.0
2822,1682690460000.0,0.0,0.0,0.58,1936.1332661867073,0.0,0.0,1887.56,0.9500856114059091,1.0,1123.636562108285,1000.0,1095.4640677199948,1000.0,0.9993954738187583,0.0
2823,1682694060000.0,0.0,0.0,0.58,1936.1332661867073,0.0,0.0,1882.89,0.9500856114059091,1.0,1123.636562108285,1000.0,1092.7554677199948,1000.0,0.9993954738187583,0.0
2824,1682697660000.0,0.0,0.0,0.58,1936.1332661867073,0.0,0.0,1886.04,0.9500856114059091,1.0,1123.636562108285,1000.0,1094.5824677199948,1000.0,0.9993954738187583,0.0
2825,1682701260000.0,0.0,0.0,0.58,1936.1332661867073,0.0,0.0,1890.6,0.9500856114059091,1.0,1123.636562108285,1000.0,1097.2272677199949,1000.0,0.9993954738187583,0.0
2826,1682704860000.0,0.0,0.0,0.58,1936.1332661867073,0.0,0.0,1890.36,0.9500856114059091,1.0,1123.636562108285,1000.0,1097.0880677199948,1000.0,0.9993954738187583,0.0
2827,1682708460000.0,0.0,0.0,0.57,1936.1332661867073,0.0,0.0,1896.7,0.9500856114059091,1.0,1123.197344266418,1000.0,1100.720382539995,1000.0,0.9825485853932489,0.0
2828,1682712060000.0,0.0,0.0,0.57,1936.1332661867073,0.0,0.0,1892.55,0.9500856114059091,1.0,1123.197344266418,1000.0,1098.3548825399948,1000.0,0.9825485853932489,0.0
2829,1682715660000.0,0.0,0.0,0.57,1936.1332661867073,0.0,0.0,1896.16,0.9500856114059091,1.0,1123.197344266418,1000.0,1100.412582539995,1000.0,0.9825485853932489,0.0
2830,1682719260000.0,0.0,0.0,0.57,1936.1332661867073,0.0,0.0,1894.42,0.9500856114059091,1.0,1123.197344266418,1000.0,1099.420782539995,1000.0,0.9825485853932489,0.0
2831,1682722860000.0,0.0,0.0,0.57,1936.1332661867073,0.0,0.0,1894.0,0.9500856114059091,1.0,1123.197344266418,1000.0,1099.181382539995,1000.0,0.9825485853932489,0.0
2832,1682726460000.0,0.0,0.0,0.57,1936.1332661867073,0.0,0.0,1890.23,0.9500856114059091,1.0,1123.197344266418,1000.0,1097.0324825399948,1000.0,0.9825485853932489,0.0
2833,1682730060000.0,0.0,0.0,0.57,1936.1332661867073,0.0,0.0,1885.6,0.9500856114059091,1.0,1123.197344266418,1000.0,1094.3933825399947,1000.0,0.9825485853932489,0.0
2834,1682733660000.0,0.0,0.0,0.57,1936.1332661867073,0.0,0.0,1890.8,0.9500856114059091,1.0,1123.197344266418,1000.0,1097.357382539995,1000.0,0.9825485853932489,0.0
2835,1682737260000.0,0.0,0.0,0.57,1936.1332661867073,0.0,0.0,1896.17,0.9500856114059091,1.0,1123.197344266418,1000.0,1100.4182825399948,1000.0,0.9825485853932489,0.0
2836,1682740860000.0,0.0,0.0,0.57,1936.1332661867073,0.0,0.0,1896.79,0.9500856114059091,1.0,1123.197344266418,1000.0,1100.7716825399948,1000.0,0.9825485853932489,0.0
2837,1682744460000.0,0.0,0.0,0.57,1936.1332661867073,0.0,0.0,1901.04,0.9500856114059091,1.0,1123.197344266418,1000.0,1103.194182539995,1000.0,0.9825485853932489,0.0
2838,1682748060000.0,0.0,0.0,0.57,1936.1332661867073,0.0,0.0,1900.42,0.9500856114059091,1.0,1123.197344266418,1000.0,1102.840782539995,1000.0,0.9825485853932489,0.0
2839,1682751660000.0,0.0,0.0,0.57,1936.1332661867073,0.0,0.0,1900.7,0.9500856114059091,1.0,1123.197344266418,1000.0,1103.000382539995,1000.0,0.9825485853932489,0.0
2840,1682755260000.0,0.0,0.0,0.56,1936.1332661867073,0.0,0.0,1901.94,0.9500856114059091,1.0,1122.849508144551,1000.0,1103.701279079995,1000.0,0.9656099247495741,0.0
2841,1682758860000.0,0.0,0.0,0.56,1936.1332661867073,0.0,0.0,1899.72,0.9500856114059091,1.0,1122.849508144551,1000.0,1102.458079079995,1000.0,0.9656099247495741,0.0
2842,1682762460000.0,0.0,0.0,0.56,1936.1332661867073,0.0,0.0,1899.48,0.9500856114059091,1.0,1122.849508144551,1000.0,1102.323679079995,1000.0,0.9656099247495741,0.0
2843,1682766060000.0,0.0,0.0,0.56,1936.1332661867073,0.0,0.0,1894.23,0.9500856114059091,1.0,1122.849508144551,1000.0,1099.3836790799949,1000.0,0.9656099247495741,0.0
2844,1682769660000.0,0.0,0.0,0.56,1936.1332661867073,0.0,0.0,1897.08,0.9500856114059091,1.0,1122.849508144551,1000.0,1100.9796790799949,1000.0,0.9656099247495741,0.0
2845,1682773260000.0,0.0,0.0,0.56,1936.1332661867073,0.0,0.0,1897.39,0.9500856114059091,1.0,1122.849508144551,1000.0,1101.153279079995,1000.0,0.9656099247495741,0.0
2846,1682776860000.0,0.0,0.0,0.56,1936.1332661867073,0.0,0.0,1914.99,0.9500856114059091,1.0,1122.849508144551,1000.0,1111.009279079995,1000.0,0.9656099247495741,0.0
2847,1682780460000.0,0.0,0.0,0.56,1936.1332661867073,0.0,0.0,1909.93,0.9500856114059091,1.0,1122.849508144551,1000.0,1108.175679079995,1000.0,0.9656099247495741,0.0
2848,1682784060000.0,0.0,0.0,0.56,1936.1332661867073,0.0,0.0,1905.55,0.9500856114059091,1.0,1122.849508144551,1000.0,1105.722879079995,1000.0,0.9656099247495741,0.0
2849,1682787660000.0,0.0,0.0,0.56,1936.1332661867073,0.0,0.0,1905.55,0.9500856114059091,1.0,1122.849508144551,1000.0,1105.722879079995,1000.0,0.9656099247495741,0.0
2850,1682791260000.0,0.0,0.0,0.56,1936.1332661867073,0.0,0.0,1894.06,0.9500856114059091,1.0,1122.849508144551,1000.0,1099.2884790799949,1000.0,0.9656099247495741,0.0
2851,1682794860000.0,0.0,0.0,0.56,1936.1332661867073,0.0,0.0,1896.72,0.9500856114059091,1.0,1122.849508144551,1000.0,1100.778079079995,1000.0,0.9656099247495741,0.0
2852,1682798460000.0,0.0,0.0,0.56,1936.1332661867073,0.0,0.0,1902.81,0.9500856114059091,1.0,1122.849508144551,1000.0,1104.188479079995,1000.0,0.9656099247495741,0.0
2853,1682802060000.0,0.0,0.0,0.56,1936.1332661867073,0.0,0.0,1902.29,0.9500856114059091,1.0,1122.849508144551,1000.0,1103.8972790799949,1000.0,0.9656099247495741,0.0
2854,1682805660000.0,0.0,0.0,0.55,1936.1332661867073,0.0,0.0,1902.08,0.9500856114059091,1.0,1122.517868782684,1000.0,1103.788572379995,1000.0,0.9486470781596485,0.0
2855,1682809260000.0,0.0,0.0,0.55,1936.1332661867073,0.0,0.0,1901.86,0.9500856114059091,1.0,1122.517868782684,1000.0,1103.667572379995,1000.0,0.9486470781596485,0.0
2856,1682812860000.0,0.0,0.0,0.55,1936.1332661867073,0.0,0.0,1906.78,0.9500856114059091,1.0,1122.517868782684,1000.0,1106.373572379995,1000.0,0.9486470781596485,0.0
2857,1682816460000.0,0.0,0.0,0.55,1936.1332661867073,0.0,0.0,1898.24,0.9500856114059091,1.0,1122.517868782684,1000.0,1101.676572379995,1000.0,0.9486470781596485,0.0
2858,1682820060000.0,0.0,0.0,0.55,1936.1332661867073,0.0,0.0,1893.58,0.9500856114059091,1.0,1122.517868782684,1000.0,1099.113572379995,1000.0,0.9486470781596485,0.0
2859,1682823660000.0,0.0,0.0,0.55,1936.1332661867073,0.0,0.0,1897.59,0.9500856114059091,1.0,1122.517868782684,1000.0,1101.3190723799949,1000.0,0.9486470781596485,0.0
2860,1682827260000.0,0.0,0.0,0.55,1936.1332661867073,0.0,0.0,1892.87,0.9500856114059091,1.0,1122.517868782684,1000.0,1098.7230723799948,1000.0,0.9486470781596485,0.0
2861,1682830860000.0,0.0,0.0,0.55,1936.1332661867073,0.0,0.0,1895.95,0.9500856114059091,1.0,1122.517868782684,1000.0,1100.417072379995,1000.0,0.9486470781596485,0.0
2862,1682834460000.0,0.0,0.0,0.55,1936.1332661867073,0.0,0.0,1902.85,0.9500856114059091,1.0,1122.517868782684,1000.0,1104.2120723799949,1000.0,0.9486470781596485,0.0
2863,1682838060000.0,0.0,0.0,0.55,1936.1332661867073,0.0,0.0,1901.6,0.9500856114059091,1.0,1122.517868782684,1000.0,1103.5245723799949,1000.0,0.9486470781596485,0.0
2864,1682841660000.0,0.0,0.0,0.55,1936.1332661867073,0.0,0.0,1902.47,0.9500856114059091,1.0,1122.517868782684,1000.0,1104.003072379995,1000.0,0.9486470781596485,0.0
2865,1682845260000.0,0.0,0.0,0.55,1936.1332661867073,0.0,0.0,1902.75,0.9500856114059091,1.0,1122.517868782684,1000.0,1104.157072379995,1000.0,0.9486470781596485,0.0
2866,1682848860000.0,0.0,0.0,0.55,1936.1332661867073,0.0,0.0,1905.76,0.9500856114059091,1.0,1122.517868782684,1000.0,1105.812572379995,1000.0,0.9486470781596485,0.0
2867,1682852460000.0,0.0,0.0,0.54,1936.1332661867073,0.0,0.0,1904.77,0.9500856114059091,1.0,1122.248716920817,1000.0,1105.3125531799951,1000.0,0.9316223293259427,0.0
2868,1682856060000.0,0.0,0.0,0.54,1936.1332661867073,0.0,0.0,1899.62,0.9500856114059091,1.0,1122.248716920817,1000.0,1102.5315531799952,1000.0,0.9316223293259427,0.0
2869,1682859660000.0,0.0,0.0,0.54,1936.1332661867073,0.0,0.0,1899.2,0.9500856114059091,1.0,1122.248716920817,1000.0,1102.3047531799953,1000.0,0.9316223293259427,0.0
2870,1682863260000.0,0.0,0.0,0.54,1936.1332661867073,0.0,0.0,1902.63,0.9500856114059091,1.0,1122.248716920817,1000.0,1104.1569531799953,1000.0,0.9316223293259427,0.0
2871,1682866860000.0,0.0,0.0,0.54,1936.1332661867073,0.0,0.0,1916.71,0.9500856114059091,1.0,1122.248716920817,1000.0,1111.760153179995,1000.0,0.9316223293259427,0.0
2872,1682870460000.0,0.0,0.0,0.54,1936.1332661867073,0.0,0.0,1925.41,0.9500856114059091,1.0,1122.248716920817,1000.0,1116.4581531799952,1000.0,0.9316223293259427,0.0
2873,1682874060000.0,0.0,0.0,0.54,1936.1332661867073,0.0,0.0,1926.7,0.9500856114059091,1.0,1122.248716920817,1000.0,1117.1547531799952,1000.0,0.9316223293259427,0.0
2874,1682877660000.0,0.0,0.0,0.54,1936.1332661867073,0.0,0.0,1916.59,0.9500856114059091,1.0,1122.248716920817,1000.0,1111.695353179995,1000.0,0.9316223293259427,0.0
2875,1682881260000.0,0.0,0.0,0.54,1936.1332661867073,0.0,0.0,1916.58,0.9500856114059091,1.0,1122.248716920817,1000.0,1111.6899531799952,1000.0,0.9316223293259427,0.0
2876,1682884860000.0,0.0,0.0,0.54,1936.1332661867073,0.0,0.0,1898.27,0.9500856114059091,1.0,1122.248716920817,1000.0,1101.8025531799951,1000.0,0.9316223293259427,0.0
2877,1682888460000.0,0.0,0.0,0.54,1936.1332661867073,0.0,0.0,1890.24,0.9500856114059091,1.0,1122.248716920817,1000.0,1097.4663531799952,1000.0,0.9316223293259427,0.0
2878,1682892060000.0,0.0,0.0,0.54,1936.1332661867073,0.0,0.0,1891.17,0.9500856114059091,1.0,1122.248716920817,1000.0,1097.968553179995,1000.0,0.9316223293259427,0.0
2879,1682895660000.0,0.0,0.0,0.54,1936.1332661867073,0.0,0.0,1888.33,0.9500856114059091,1.0,1122.248716920817,1000.0,1096.434953179995,1000.0,0.9316223293259427,0.0
2880,1682899260000.0,0.0,0.0,0.54,1936.1332661867073,0.0,0.0,1874.99,0.9500856114059091,1.0,1122.248716920817,1000.0,1089.231353179995,1000.0,0.9316223293259427,0.0
2881,1682902860000.0,0.0,0.0,0.54,1936.1332661867073,0.0,0.0,1883.46,0.9500856114059091,1.0,1122.248716920817,1000.0,1093.8051531799952,1000.0,0.9316223293259427,0.0
2882,1682906460000.0,87.45845721312278,0.0,0.61,1927.1678094111835,0.0,0.0,1837.08,0.9500856114059091,1.0,1122.222704840817,1000.0,1067.269141099995,1000.0,1.0475392795653446,0.0
2883,1682910060000.0,87.45845721312278,0.0,0.61,1927.1678094111835,0.0,0.0,1842.95,0.9500856114059091,1.0,1122.222704840817,1000.0,1070.849841099995,1000.0,1.0475392795653446,0.0
2884,1682913660000.0,87.45845721312278,0.0,0.61,1927.1678094111835,0.0,0.0,1843.82,0.9500856114059091,1.0,1122.222704840817,1000.0,1071.380541099995,1000.0,1.0475392795653446,0.0
2885,1682917260000.0,87.45845721312278,0.0,0.61,1927.1678094111835,0.0,0.0,1845.81,0.9500856114059091,1.0,1122.222704840817,1000.0,1072.594441099995,1000.0,1.0475392795653446,0.0
2886,1682920860000.0,87.45845721312278,0.0,0.61,1927.1678094111835,0.0,0.0,1845.47,0.9500856114059091,1.0,1122.222704840817,1000.0,1072.387041099995,1000.0,1.0475392795653446,0.0
2887,1682924460000.0,87.45845721312278,0.0,0.61,1927.1678094111835,0.0,0.0,1848.01,0.9500856114059091,1.0,1122.222704840817,1000.0,1073.9364410999951,1000.0,1.0475392795653446,0.0
2888,1682928060000.0,87.45845721312278,0.0,0.61,1927.1678094111835,0.0,0.0,1847.86,0.9500856114059091,1.0,1122.222704840817,1000.0,1073.844941099995,1000.0,1.0475392795653446,0.0
2889,1682931660000.0,87.45845721312278,0.0,0.61,1927.1678094111835,0.0,0.0,1847.59,0.9500856114059091,1.0,1122.222704840817,1000.0,1073.6802410999949,1000.0,1.0475392795653446,0.0
2890,1682935260000.0,87.45845721312278,0.0,0.61,1927.1678094111835,0.0,0.0,1846.61,0.9500856114059091,1.0,1122.222704840817,1000.0,1073.0824410999949,1000.0,1.0475392795653446,0.0
2891,1682938860000.0,87.45845721312278,0.0,0.61,1927.1678094111835,0.0,0.0,1845.03,0.9500856114059091,1.0,1122.222704840817,1000.0,1072.118641099995,1000.0,1.0475392795653446,0.0
2892,1682942460000.0,87.45845721312278,0.0,0.61,1927.1678094111835,0.0,0.0,1841.03,0.9500856114059091,1.0,1122.222704840817,1000.0,1069.678641099995,1000.0,1.0475392795653446,0.0
2893,1682946060000.0,87.45845721312278,0.0,0.61,1927.1678094111835,0.0,0.0,1846.68,0.9500856114059091,1.0,1122.222704840817,1000.0,1073.125141099995,1000.0,1.0475392795653446,0.0
2894,1682949660000.0,87.45845721312278,0.0,0.61,1927.1678094111835,0.0,0.0,1840.5,0.9500856114059091,1.0,1122.222704840817,1000.0,1069.355341099995,1000.0,1.0475392795653446,0.0
2895,1682953260000.0,87.45845721312278,0.0,0.61,1927.1678094111835,0.0,0.0,1842.29,0.9500856114059091,1.0,1122.222704840817,1000.0,1070.447241099995,1000.0,1.0475392795653446,0.0
2896,1682956860000.0,87.45845721312278,0.0,0.61,1927.1678094111835,0.0,0.0,1833.67,0.9500856114059091,1.0,1122.222704840817,1000.0,1065.1890410999952,1000.0,1.0475392795653446,0.0
2897,1682960460000.0,87.45845721312278,0.0,0.61,1927.1678094111835,0.0,0.0,1838.2,0.9500856114059091,1.0,1122.222704840817,1000.0,1067.952341099995,1000.0,1.0475392795653446,0.0
2898,1682964060000.0,87.45845721312278,0.0,0.61,1927.1678094111835,0.0,0.0,1839.15,0.9500856114059091,1.0,1122.222704840817,1000.0,1068.531841099995,1000.0,1.0475392795653446,0.0
2899,1682967660000.0,87.45845721312278,0.0,0.61,1927.1678094111835,0.0,0.0,1830.44,0.9500856114059091,1.0,1122.222704840817,1000.0,1063.218741099995,1000.0,1.0475392795653446,0.0
2900,1682971260000.0,87.45845721312278,0.0,0.61,1927.1678094111835,0.0,0.0,1812.29,0.9500856114059091,1.0,1122.222704840817,1000.0,1052.147241099995,1000.0,1.0475392795653446,0.0
2901,1682974860000.0,87.45845721312278,0.0,0.61,1927.1678094111835,0.0,0.0,1811.8,0.9500856114059091,1.0,1122.222704840817,1000.0,1051.848341099995,1000.0,1.0475392795653446,0.0
2902,1682978460000.0,87.45845721312278,0.0,0.61,1927.1678094111835,0.0,0.0,1821.64,0.9500856114059091,1.0,1122.222704840817,1000.0,1057.850741099995,1000.0,1.0475392795653446,0.0
2903,1682982060000.0,87.45845721312278,0.0,0.61,1927.1678094111835,0.0,0.0,1826.37,0.9500856114059091,1.0,1122.222704840817,1000.0,1060.736041099995,1000.0,1.0475392795653446,0.0
2904,1682985660000.0,87.45845721312278,0.0,0.61,1927.1678094111835,0.0,0.0,1829.0,0.9500856114059091,1.0,1122.222704840817,1000.0,1062.340341099995,1000.0,1.0475392795653446,0.0
2905,1682989260000.0,58.34071446667508,0.0,0.6,1927.1678094111835,0.0,0.0,1831.94,0.9500856114059091,1.0,1121.296256966705,1000.0,1064.159571319995,1000.0,1.0312178235346097,0.0
2906,1682992860000.0,58.34071446667508,0.0,0.6,1927.1678094111835,0.0,0.0,1824.99,0.9500856114059091,1.0,1121.296256966705,1000.0,1059.9895713199949,1000.0,1.0312178235346097,0.0
2907,1682996460000.0,58.34071446667508,0.0,0.6,1927.1678094111835,0.0,0.0,1827.6,0.9500856114059091,1.0,1121.296256966705,1000.0,1061.555571319995,1000.0,1.0312178235346097,0.0
2908,1683000060000.0,58.34071446667508,0.0,0.6,1927.1678094111835,0.0,0.0,1830.61,0.9500856114059091,1.0,1121.296256966705,1000.0,1063.3615713199947,1000.0,1.0312178235346097,0.0
2909,1683003660000.0,58.34071446667508,0.0,0.6,1927.1678094111835,0.0,0.0,1826.07,0.9500856114059091,1.0,1121.296256966705,1000.0,1060.6375713199948,1000.0,1.0312178235346097,0.0
2910,1683007260000.0,58.34071446667508,0.0,0.6,1927.1678094111835,0.0,0.0,1828.58,0.9500856114059091,1.0,1121.296256966705,1000.0,1062.1435713199949,1000.0,1.0312178235346097,0.0
2911,1683010860000.0,58.34071446667508,0.0,0.6,1927.1678094111835,0.0,0.0,1828.14,0.9500856114059091,1.0,1121.296256966705,1000.0,1061.879571319995,1000.0,1.0312178235346097,0.0
2912,1683014460000.0,58.34071446667508,0.0,0.6,1927.1678094111835,0.0,0.0,1835.27,0.9500856114059091,1.0,1121.296256966705,1000.0,1066.1575713199948,1000.0,1.0312178235346097,0.0
2913,1683018060000.0,58.34071446667508,0.0,0.6,1927.1678094111835,0.0,0.0,1832.01,0.9500856114059091,1.0,1121.296256966705,1000.0,1064.2015713199949,1000.0,1.0312178235346097,0.0
2914,1683021660000.0,58.34071446667508,0.0,0.6,1927.1678094111835,0.0,0.0,1827.69,0.9500856114059091,1.0,1121.296256966705,1000.0,1061.609571319995,1000.0,1.0312178235346097,0.0
2915,1683025260000.0,58.34071446667508,0.0,0.6,1927.1678094111835,0.0,0.0,1828.49,0.9500856114059091,1.0,1121.296256966705,1000.0,1062.0895713199948,1000.0,1.0312178235346097,0.0
2916,1683028860000.0,58.34071446667508,0.0,0.6,1927.1678094111835,0.0,0.0,1832.17,0.9500856114059091,1.0,1121.296256966705,1000.0,1064.2975713199949,1000.0,1.0312178235346097,0.0
2917,1683032460000.0,58.34071446667508,0.0,0.6,1927.1678094111835,0.0,0.0,1832.85,0.9500856114059091,1.0,1121.296256966705,1000.0,1064.7055713199948,1000.0,1.0312178235346097,0.0
2918,1683036060000.0,28.309813118652666,0.0,0.59,1927.1678094111835,0.0,0.0,1827.19,0.9500856114059091,1.0,1120.326217812593,1000.0,1061.3393102599948,1000.0,1.0149088626816365,0.0
2919,1683039660000.0,28.309813118652666,0.0,0.59,1927.1678094111835,0.0,0.0,1849.07,0.9500856114059091,1.0,1120.326217812593,1000.0,1074.2485102599949,1000.0,1.0149088626816365,0.0
2920,1683043260000.0,28.309813118652666,0.0,0.59,1927.1678094111835,0.0,0.0,1857.2,0.9500856114059091,1.0,1120.326217812593,1000.0,1079.0452102599947,1000.0,1.0149088626816365,0.0
2921,1683046860000.0,28.309813118652666,0.0,0.59,1927.1678094111835,0.0,0.0,1852.75,0.9500856114059091,1.0,1120.326217812593,1000.0,1076.4197102599949,1000.0,1.0149088626816365,0.0
2922,1683050460000.0,28.309813118652666,0.0,0.59,1927.1678094111835,0.0,0.0,1856.5,0.9500856114059091,1.0,1120.326217812593,1000.0,1078.6322102599947,1000.0,1.0149088626816365,0.0
2923,1683054060000.0,28.309813118652666,0.0,0.59,1927.1678094111835,0.0,0.0,1869.17,0.9500856114059091,1.0,1120.326217812593,1000.0,1086.1075102599948,1000.0,1.0149088626816365,0.0
2924,1683057660000.0,28.309813118652666,0.0,0.59,1927.1678094111835,0.0,0.0,1870.68,0.9500856114059091,1.0,1120.326217812593,1000.0,1086.998410259995,1000.0,1.0149088626816365,0.0
2925,1683061260000.0,28.309813118652666,0.0,0.59,1927.1678094111835,0.0,0.0,1868.22,0.9500856114059091,1.0,1120.326217812593,1000.0,1085.5470102599947,1000.0,1.0149088626816365,0.0
2926,1683064860000.0,28.309813118652666,0.0,0.59,1927.1678094111835,0.0,0.0,1871.3,0.9500856114059091,1.0,1120.326217812593,1000.0,1087.3642102599947,1000.0,1.0149088626816365,0.0
2927,1683068460000.0,28.309813118652666,0.0,0.59,1927.1678094111835,0.0,0.0,1874.0,0.9500856114059091,1.0,1120.326217812593,1000.0,1088.9572102599948,1000.0,1.0149088626816365,0.0
2928,1683072060000.0,28.309813118652666,0.0,0.59,1927.1678094111835,0.0,0.0,1868.2,0.9500856114059091,1.0,1120.326217812593,1000.0,1085.5352102599948,1000.0,1.0149088626816365,0.0
2929,1683075660000.0,28.309813118652666,0.0,0.59,1927.1678094111835,0.0,0.0,1861.07,0.9500856114059091,1.0,1120.326217812593,1000.0,1081.3285102599948,1000.0,1.0149088626816365,0.0
2930,1683079260000.0,28.309813118652666,0.0,0.59,1927.1678094111835,0.0,0.0,1862.63,0.9500856114059091,1.0,1120.326217812593,1000.0,1082.2489102599948,1000.0,1.0149088626816365,0.0
2931,1683082860000.0,0.0,0.0,0.58,1927.1678094111835,0.0,0.0,1860.2,0.9500856114059091,1.0,1119.6523194184813,1000.0,1080.810989959995,1000.0,0.9983075192833261,0.0
2932,1683086460000.0,0.0,0.0,0.58,1927.1678094111835,0.0,0.0,1859.26,0.9500856114059091,1.0,1119.6523194184813,1000.0,1080.265789959995,1000.0,0.9983075192833261,0.0
2933,1683090060000.0,0.0,0.0,0.58,1927.1678094111835,0.0,0.0,1862.28,0.9500856114059091,1.0,1119.6523194184813,1000.0,1082.017389959995,1000.0,0.9983075192833261,0.0
2934,1683093660000.0,0.0,0.0,0.58,1927.1678094111835,0.0,0.0,1859.65,0.9500856114059091,1.0,1119.6523194184813,1000.0,1080.491989959995,1000.0,0.9983075192833261,0.0
2935,1683097260000.0,0.0,0.0,0.58,1927.1678094111835,0.0,0.0,1865.01,0.9500856114059091,1.0,1119.6523194184813,1000.0,1083.600789959995,1000.0,0.9983075192833261,0.0
2936,1683100860000.0,0.0,0.0,0.58,1927.1678094111835,0.0,0.0,1863.72,0.9500856114059091,1.0,1119.6523194184813,1000.0,1082.852589959995,1000.0,0.9983075192833261,0.0
2937,1683104460000.0,0.0,0.0,0.58,1927.1678094111835,0.0,0.0,1866.59,0.9500856114059091,1.0,1119.6523194184813,1000.0,1084.5171899599948,1000.0,0.9983075192833261,0.0
2938,1683108060000.0,0.0,0.0,0.58,1927.1678094111835,0.0,0.0,1867.21,0.9500856114059091,1.0,1119.6523194184813,1000.0,1084.8767899599948,1000.0,0.9983075192833261,0.0
2939,1683111660000.0,0.0,0.0,0.58,1927.1678094111835,0.0,0.0,1864.2,0.9500856114059091,1.0,1119.6523194184813,1000.0,1083.1309899599948,1000.0,0.9983075192833261,0.0
2940,1683115260000.0,0.0,0.0,0.58,1927.1678094111835,0.0,0.0,1859.17,0.9500856114059091,1.0,1119.6523194184813,1000.0,1080.2135899599948,1000.0,0.9983075192833261,0.0
2941,1683118860000.0,87.90018137705725,0.0,0.61,1923.3775892762071,0.0,0.0,1847.6,0.9500856114059091,1.0,1119.6412188184813,1000.0,1073.416889359995,1000.0,1.0478895468823373,0.0
2942,1683122460000.0,87.90018137705725,0.0,0.61,1923.3775892762071,0.0,0.0,1854.59,0.9500856114059091,1.0,1119.6412188184813,1000.0,1077.6807893599948,1000.0,1.0478895468823373,0.0
2943,1683126060000.0,87.90018137705725,0.0,0.61,1923.3775892762071,0.0,0.0,1845.66,0.9500856114059091,1.0,1119.6412188184813,1000.0,1072.233489359995,1000.0,1.0478895468823373,0.0
2944,1683129660000.0,58.49552623334148,0.0,0.6,1923.3775892762071,0.0,0.0,1852.18,0.9500856114059091,1.0,1118.9292378257194,1000.0,1076.210684259995,1000.0,1.0313668769690971,0.0
2945,1683133260000.0,58.49552623334148,0.0,0.6,1923.3775892762071,0.0,0.0,1863.79,0.9500856114059091,1.0,1118.9292378257194,1000.0,1083.176684259995,1000.0,1.0313668769690971,0.0
2946,1683136860000.0,58.49552623334148,0.0,0.6,1923.3775892762071,0.0,0.0,1878.83,0.9500856114059091,1.0,1118.9292378257194,1000.0,1092.2006842599951,1000.0,1.0313668769690971,0.0
2947,1683140460000.0,58.49552623334148,0.0,0.6,1923.3775892762071,0.0,0.0,1886.39,0.9500856114059091,1.0,1118.9292378257194,1000.0,1096.7366842599952,1000.0,1.0313668769690971,0.0
2948,1683144060000.0,58.49552623334148,0.0,0.6,1923.3775892762071,0.0,0.0,1869.45,0.9500856114059091,1.0,1118.9292378257194,1000.0,1086.5726842599952,1000.0,1.0313668769690971,0.0
2949,1683147660000.0,58.49552623334148,0.0,0.6,1923.3775892762071,0.0,0.0,1874.61,0.9500856114059091,1.0,1118.9292378257194,1000.0,1089.668684259995,1000.0,1.0313668769690971,0.0
2950,1683151260000.0,58.49552623334148,0.0,0.6,1923.3775892762071,0.0,0.0,1894.93,0.9500856114059091,1.0,1118.9292378257194,1000.0,1101.8606842599952,1000.0,1.0313668769690971,0.0
2951,1683154860000.0,58.49552623334148,0.0,0.6,1923.3775892762071,0.0,0.0,1905.2,0.9500856114059091,1.0,1118.9292378257194,1000.0,1108.0226842599952,1000.0,1.0313668769690971,0.0
2952,1683158460000.0,58.49552623334148,0.0,0.6,1923.3775892762071,0.0,0.0,1902.95,0.9500856114059091,1.0,1118.9292378257194,1000.0,1106.672684259995,1000.0,1.0313668769690971,0.0
2953,1683162060000.0,58.49552623334148,0.0,0.6,1923.3775892762071,0.0,0.0,1901.64,0.9500856114059091,1.0,1118.9292378257194,1000.0,1105.8866842599953,1000.0,1.0313668769690971,0.0
2954,1683165660000.0,58.49552623334148,0.0,0.6,1923.3775892762071,0.0,0.0,1904.4,0.9500856114059091,1.0,1118.9292378257194,1000.0,1107.5426842599952,1000.0,1.0313668769690971,0.0
2955,1683169260000.0,58.49552623334148,0.0,0.6,1923.3775892762071,0.0,0.0,1900.38,0.9500856114059091,1.0,1118.9292378257194,1000.0,1105.1306842599952,1000.0,1.0313668769690971,0.0
2956,1683172860000.0,58.49552623334148,0.0,0.6,1923.3775892762071,0.0,0.0,1901.74,0.9500856114059091,1.0,1118.9292378257194,1000.0,1105.9466842599952,1000.0,1.0313668769690971,0.0
2957,1683176460000.0,58.49552623334148,0.0,0.6,1923.3775892762071,0.0,0.0,1899.35,0.9500856114059091,1.0,1118.9292378257194,1000.0,1104.512684259995,1000.0,1.0313668769690971,0.0
2958,1683180060000.0,27.30612515255054,0.0,0.59,1923.3775892762071,0.0,0.0,1901.24,0.9500856114059091,1.0,1118.6821638329573,1000.0,1105.620986159995,1000.0,1.014401421923815,0.0
2959,1683183660000.0,27.30612515255054,0.0,0.59,1923.3775892762071,0.0,0.0,1899.99,0.9500856114059091,1.0,1118.6821638329573,1000.0,1104.883486159995,1000.0,1.014401421923815,0.0
2960,1683187260000.0,27.30612515255054,0.0,0.59,1923.3775892762071,0.0,0.0,1897.66,0.9500856114059091,1.0,1118.6821638329573,1000.0,1103.508786159995,1000.0,1.014401421923815,0.0
2961,1683190860000.0,27.30612515255054,0.0,0.59,1923.3775892762071,0.0,0.0,1901.61,0.9500856114059091,1.0,1118.6821638329573,1000.0,1105.839286159995,1000.0,1.014401421923815,0.0
2962,1683194460000.0,27.30612515255054,0.0,0.59,1923.3775892762071,0.0,0.0,1901.8,0.9500856114059091,1.0,1118.6821638329573,1000.0,1105.951386159995,1000.0,1.014401421923815,0.0
2963,1683198060000.0,27.30612515255054,0.0,0.59,1923.3775892762071,0.0,0.0,1909.92,0.9500856114059091,1.0,1118.6821638329573,1000.0,1110.742186159995,1000.0,1.014401421923815,0.0
2964,1683201660000.0,27.30612515255054,0.0,0.59,1923.3775892762071,0.0,0.0,1903.15,0.9500856114059091,1.0,1118.6821638329573,1000.0,1106.747886159995,1000.0,1.014401421923815,0.0
2965,1683205260000.0,27.30612515255054,0.0,0.59,1923.3775892762071,0.0,0.0,1898.99,0.9500856114059091,1.0,1118.6821638329573,1000.0,1104.2934861599952,1000.0,1.014401421923815,0.0
2966,1683208860000.0,27.30612515255054,0.0,0.59,1923.3775892762071,0.0,0.0,1886.3,0.9500856114059091,1.0,1118.6821638329573,1000.0,1096.806386159995,1000.0,1.014401421923815,0.0
2967,1683212460000.0,27.30612515255054,0.0,0.59,1923.3775892762071,0.0,0.0,1887.38,0.9500856114059091,1.0,1118.6821638329573,1000.0,1097.4435861599952,1000.0,1.014401421923815,0.0
2968,1683216060000.0,27.30612515255054,0.0,0.59,1923.3775892762071,0.0,0.0,1883.09,0.9500856114059091,1.0,1118.6821638329573,1000.0,1094.912486159995,1000.0,1.014401421923815,0.0
2969,1683219660000.0,27.30612515255054,0.0,0.59,1923.3775892762071,0.0,0.0,1882.0,0.9500856114059091,1.0,1118.6821638329573,1000.0,1094.269386159995,1000.0,1.014401421923815,0.0
2970,1683223260000.0,27.30612515255054,0.0,0.59,1923.3775892762071,0.0,0.0,1880.6,0.9500856114059091,1.0,1118.6821638329573,1000.0,1093.443386159995,1000.0,1.014401421923815,0.0
2971,1683226860000.0,27.30612515255054,0.0,0.59,1923.3775892762071,0.0,0.0,1871.37,0.9500856114059091,1.0,1118.6821638329573,1000.0,1087.997686159995,1000.0,1.014401421923815,0.0
2972,1683230460000.0,27.30612515255054,0.0,0.59,1923.3775892762071,0.0,0.0,1873.7,0.9500856114059091,1.0,1118.6821638329573,1000.0,1089.3723861599951,1000.0,1.014401421923815,0.0
2973,1683234060000.0,27.30612515255054,0.0,0.59,1923.3775892762071,0.0,0.0,1877.73,0.9500856114059091,1.0,1118.6821638329573,1000.0,1091.7500861599951,1000.0,1.014401421923815,0.0
2974,1683237660000.0,27.30612515255054,0.0,0.59,1923.3775892762071,0.0,0.0,1873.91,0.9500856114059091,1.0,1118.6821638329573,1000.0,1089.4962861599952,1000.0,1.014401421923815,0.0
2975,1683241260000.0,27.30612515255054,0.0,0.59,1923.3775892762071,0.0,0.0,1871.47,0.9500856114059091,1.0,1118.6821638329573,1000.0,1088.056686159995,1000.0,1.014401421923815,0.0
2976,1683244860000.0,27.30612515255054,0.0,0.59,1923.3775892762071,0.0,0.0,1875.61,0.9500856114059091,1.0,1118.6821638329573,1000.0,1090.499286159995,1000.0,1.014401421923815,0.0
2977,1683248460000.0,0.0,0.0,0.58,1923.3775892762071,0.0,0.0,1879.03,0.9500856114059091,1.0,1118.2119344801952,1000.0,1092.490332699995,1000.0,0.99762752245957,0.0
2978,1683252060000.0,0.0,0.0,0.58,1923.3775892762071,0.0,0.0,1906.33,0.9500856114059091,1.0,1118.2119344801952,1000.0,1108.324332699995,1000.0,0.99762752245957,0.0
2979,1683255660000.0,0.0,0.0,0.58,1923.3775892762071,0.0,0.0,1898.21,0.9500856114059091,1.0,1118.2119344801952,1000.0,1103.614732699995,1000.0,0.99762752245957,0.0
2980,1683259260000.0,0.0,0.0,0.58,1923.3775892762071,0.0,0.0,1896.4,0.9500856114059091,1.0,1118.2119344801952,1000.0,1102.564932699995,1000.0,0.99762752245957,0.0
2981,1683262860000.0,0.0,0.0,0.58,1923.3775892762071,0.0,0.0,1897.41,0.9500856114059091,1.0,1118.2119344801952,1000.0,1103.1507326999952,1000.0,0.99762752245957,0.0
2982,1683266460000.0,0.0,0.0,0.58,1923.3775892762071,0.0,0.0,1899.5,0.9500856114059091,1.0,1118.2119344801952,1000.0,1104.362932699995,1000.0,0.99762752245957,0.0
2983,1683270060000.0,0.0,0.0,0.58,1923.3775892762071,0.0,0.0,1903.44,0.9500856114059091,1.0,1118.2119344801952,1000.0,1106.6481326999951,1000.0,0.99762752245957,0.0
2984,1683273660000.0,0.0,0.0,0.58,1923.3775892762071,0.0,0.0,1895.0,0.9500856114059091,1.0,1118.2119344801952,1000.0,1101.752932699995,1000.0,0.99762752245957,0.0
2985,1683277260000.0,0.0,0.0,0.58,1923.3775892762071,0.0,0.0,1894.92,0.9500856114059091,1.0,1118.2119344801952,1000.0,1101.706532699995,1000.0,0.99762752245957,0.0
2986,1683280860000.0,0.0,0.0,0.58,1923.3775892762071,0.0,0.0,1899.47,0.9500856114059091,1.0,1118.2119344801952,1000.0,1104.3455326999951,1000.0,0.99762752245957,0.0
2987,1683284460000.0,0.0,0.0,0.58,1923.3775892762071,0.0,0.0,1902.65,0.9500856114059091,1.0,1118.2119344801952,1000.0,1106.189932699995,1000.0,0.99762752245957,0.0
2988,1683288060000.0,0.0,0.0,0.58,1923.3775892762071,0.0,0.0,1913.39,0.9500856114059091,1.0,1118.2119344801952,1000.0,1112.419132699995,1000.0,0.99762752245957,0.0
2989,1683291660000.0,0.0,0.0,0.58,1923.3775892762071,0.0,0.0,1900.45,0.9500856114059091,1.0,1118.2119344801952,1000.0,1104.913932699995,1000.0,0.99762752245957,0.0
2990,1683295260000.0,0.0,0.0,0.57,1923.3775892762071,0.0,0.0,1935.87,0.9500856114059091,1.0,1118.0743385874332,1000.0,1125.195012699995,1000.0,0.9805477042541975,0.0
2991,1683298860000.0,0.0,0.0,0.21,1923.3775892762071,0.0,0.0,1950.62,0.9500856114059091,1.0,1122.9829136479989,1000.0,1128.7038198999953,1000.0,0.35967536891181023,0.0
2992,1683302460000.0,0.0,0.0,0.21,1923.3775892762071,0.0,0.0,1954.74,0.9500856114059091,1.0,1122.9829136479989,1000.0,1129.5690198999953,1000.0,0.35967536891181023,0.0
2993,1683306060000.0,0.0,0.0,0.03,1923.3775892762071,0.0,0.0,1989.89,0.9500856114059091,1.0,1134.1672548182817,1000.0,1136.1626271399955,1000.0,0.05087550132765138,0.0
2994,1683309660000.0,0.0,0.0,0.03,1923.3775892762071,0.0,0.0,1990.48,0.9500856114059091,1.0,1134.1672548182817,1000.0,1136.1803271399954,1000.0,0.05087550132765138,0.0
2995,1683313260000.0,0.0,0.0,0.0,1923.3775892762071,0.0,0.0,1978.59,0.9500856114059091,1.0,1135.8234532599952,1000.0,1135.8234532599952,1000.0,0.0,0.0
2996,1683316860000.0,0.0,0.0,0.0,1923.3775892762071,0.0,0.0,1987.48,0.9500856114059091,1.0,1135.8234532599952,1000.0,1135.8234532599952,1000.0,0.0,0.0
2997,1683320460000.0,0.0,0.0,0.0,1923.3775892762071,0.0,0.0,1989.56,0.9500856114059091,1.0,1135.8234532599952,1000.0,1135.8234532599952,1000.0,0.0,0.0
2998,1683324060000.0,0.0,0.0,0.0,1923.3775892762071,0.0,0.0,1984.91,0.9500856114059091,1.0,1135.8234532599952,1000.0,1135.8234532599952,1000.0,0.0,0.0
2999,1683327660000.0,0.0,0.0,0.0,1923.3775892762071,0.0,0.0,1989.0,0.9500856114059091,1.0,1135.8234532599952,1000.0,1135.8234532599952,1000.0,0.0,0.0
3000,1683331260000.0,0.0,0.0,0.0,1923.3775892762071,0.0,0.0,1994.77,0.9500856114059091,1.0,1135.8234532599952,1000.0,1135.8234532599952,1000.0,0.0,0.0
3001,1683334860000.0,0.0,0.0,0.0,1923.3775892762071,0.0,0.0,2001.76,0.9500856114059091,1.0,1135.8234532599952,1000.0,1135.8234532599952,1000.0,0.0,0.0
3002,1683338460000.0,0.0,0.0,0.0,1923.3775892762071,0.0,0.0,1981.96,0.9500856114059091,1.0,1135.8234532599952,1000.0,1135.8234532599952,1000.0,0.0,0.0
3003,1683342060000.0,0.0,0.0,0.0,1923.3775892762071,0.0,0.0,1977.86,0.9500856114059091,1.0,1135.8234532599952,1000.0,1135.8234532599952,1000.0,0.0,0.0
3004,1683345660000.0,0.0,0.0,0.0,1923.3775892762071,0.0,0.0,1967.04,0.9500856114059091,1.0,1135.8234532599952,1000.0,1135.8234532599952,1000.0,0.0,0.0
3005,1683349260000.0,0.0,0.0,0.0,1923.3775892762071,0.0,0.0,1965.03,0.9500856114059091,1.0,1135.8234532599952,1000.0,1135.8234532599952,1000.0,0.0,0.0
3006,1683352860000.0,0.0,0.0,0.0,1923.3775892762071,0.0,0.0,1958.67,0.9500856114059091,1.0,1135.8234532599952,1000.0,1135.8234532599952,1000.0,0.0,0.0
3007,1683356460000.0,0.0,0.0,0.0,1923.3775892762071,0.0,0.0,1960.92,0.9500856114059091,1.0,1135.8234532599952,1000.0,1135.8234532599952,1000.0,0.0,0.0
3008,1683360060000.0,0.0,0.0,0.03,1948.45,0.0,0.0,1937.04,0.9500856114059091,1.0,1135.8117625599953,1000.0,1135.4694625599952,1000.0,0.05146407347310105,0.0
3009,1683363660000.0,0.0,0.0,0.03,1948.45,0.0,0.0,1942.23,0.9500856114059091,1.0,1135.8117625599953,1000.0,1135.6251625599953,1000.0,0.05146407347310105,0.0
3010,1683367260000.0,0.0,0.0,0.03,1948.45,0.0,0.0,1932.06,0.9500856114059091,1.0,1135.8117625599953,1000.0,1135.3200625599952,1000.0,0.05146407347310105,0.0
3011,1683370860000.0,0.0,0.0,0.03,1948.45,0.0,0.0,1926.13,0.9500856114059091,1.0,1135.8117625599953,1000.0,1135.1421625599953,1000.0,0.05146407347310105,0.0
3012,1683374460000.0,0.0,0.0,0.03,1948.45,0.0,0.0,1931.67,0.9500856114059091,1.0,1135.8117625599953,1000.0,1135.3083625599952,1000.0,0.05146407347310105,0.0
3013,1683378060000.0,0.0,0.0,0.08,1921.9125000000001,0.0,0.0,1908.2,0.9500856114059091,1.0,1135.7927026599953,1000.0,1134.6957026599953,1000.0,0.13537065314816227,0.0
3014,1683381660000.0,0.0,0.0,0.08,1921.9125000000001,0.0,0.0,1898.19,0.9500856114059091,1.0,1135.7927026599953,1000.0,1133.8949026599953,1000.0,0.13537065314816227,0.0
3015,1683385260000.0,0.0,0.0,0.22,1893.2872727272731,0.0,0.0,1867.73,0.9500856114059091,1.0,1135.7401486199954,1000.0,1130.1175486199952,1000.0,0.36674163584522856,0.0
3016,1683388860000.0,0.0,0.0,0.22,1893.2872727272731,0.0,0.0,1876.13,0.9500856114059091,1.0,1135.7401486199954,1000.0,1131.9655486199954,1000.0,0.36674163584522856,0.0
3017,1683392460000.0,0.0,0.0,0.22,1893.2872727272731,0.0,0.0,1880.37,0.9500856114059091,1.0,1135.7401486199954,1000.0,1132.8983486199952,1000.0,0.36674163584522856,0.0
3018,1683396060000.0,0.0,0.0,0.22,1893.2872727272731,0.0,0.0,1881.59,0.9500856114059091,1.0,1135.7401486199954,1000.0,1133.1667486199951,1000.0,0.36674163584522856,0.0
3019,1683399660000.0,0.0,0.0,0.22,1893.2872727272731,0.0,0.0,1897.69,0.9500856114059091,1.0,1135.7401486199954,1000.0,1136.7087486199953,1000.0,0.36674163584522856,0.0
3020,1683403260000.0,0.0,0.0,0.22,1893.2872727272731,0.0,0.0,1898.4,0.9500856114059091,1.0,1135.7401486199954,1000.0,1136.8649486199952,1000.0,0.36674163584522856,0.0
3021,1683406860000.0,0.0,0.0,0.22,1893.2872727272731,0.0,0.0,1894.19,0.9500856114059091,1.0,1135.7401486199954,1000.0,1135.9387486199953,1000.0,0.36674163584522856,0.0
3022,1683410460000.0,0.0,0.0,0.22,1893.2872727272731,0.0,0.0,1892.0,0.9500856114059091,1.0,1135.7401486199954,1000.0,1135.4569486199953,1000.0,0.36674163584522856,0.0
3023,1683414060000.0,0.0,0.0,0.22,1893.2872727272731,0.0,0.0,1894.73,0.9500856114059091,1.0,1135.7401486199954,1000.0,1136.0575486199953,1000.0,0.36674163584522856,0.0
3024,1683417660000.0,0.0,0.0,0.22,1893.2872727272731,0.0,0.0,1896.01,0.9500856114059091,1.0,1135.7401486199954,1000.0,1136.3391486199953,1000.0,0.36674163584522856,0.0
3025,1683421260000.0,0.0,0.0,0.19,1893.2872727272731,0.0,0.0,1904.02,0.9500856114059091,1.0,1136.1427878981772,1000.0,1138.1820060799953,1000.0,0.3166191658740881,0.0
3026,1683424860000.0,0.0,0.0,0.16,1893.2872727272731,0.0,0.0,1899.97,0.9500856114059091,1.0,1136.545427176359,1000.0,1137.6146635399953,1000.0,0.26653220926589355,0.0
3027,1683428460000.0,0.0,0.0,0.16,1893.2872727272731,0.0,0.0,1890.81,0.9500856114059091,1.0,1136.545427176359,1000.0,1136.1490635399953,1000.0,0.26653220926589355,0.0
3028,1683432060000.0,0.0,0.0,0.16,1893.2872727272731,0.0,0.0,1892.62,0.9500856114059091,1.0,1136.545427176359,1000.0,1136.4386635399953,1000.0,0.26653220926589355,0.0
3029,1683435660000.0,0.0,0.0,0.16,1893.2872727272731,0.0,0.0,1893.2,0.9500856114059091,1.0,1136.545427176359,1000.0,1136.5314635399952,1000.0,0.26653220926589355,0.0
3030,1683439260000.0,0.0,0.0,0.16,1893.2872727272731,0.0,0.0,1898.24,0.9500856114059091,1.0,1136.545427176359,1000.0,1137.3378635399954,1000.0,0.26653220926589355,0.0
3031,1683442860000.0,0.0,0.0,0.16,1893.2872727272731,0.0,0.0,1902.3,0.9500856114059091,1.0,1136.545427176359,1000.0,1137.9874635399954,1000.0,0.26653220926589355,0.0
3032,1683446460000.0,0.0,0.0,0.1,1893.2872727272731,0.0,0.0,1910.53,0.9500856114059091,1.0,1137.350705732723,1000.0,1139.0749784599957,1000.0,0.16646468527115812,0.0
3033,1683450060000.0,0.0,0.0,0.09,1893.2872727272731,0.0,0.0,1902.95,0.9500856114059091,1.0,1137.4849188254502,1000.0,1138.3545642799957,1000.0,0.1498005395283858,0.0
3034,1683453660000.0,0.0,0.0,0.08,1893.2872727272731,0.0,0.0,1903.56,0.9500856114059091,1.0,1137.6191319181773,1000.0,1138.4409500999955,1000.0,0.13314032576332915,0.0
3035,1683457260000.0,0.0,0.0,0.08,1893.2872727272731,0.0,0.0,1904.78,0.9500856114059091,1.0,1137.6191319181773,1000.0,1138.5385500999955,1000.0,0.13314032576332915,0.0
3036,1683460860000.0,0.0,0.0,0.08,1893.2872727272731,0.0,0.0,1902.39,0.9500856114059091,1.0,1137.6191319181773,1000.0,1138.3473500999955,1000.0,0.13314032576332915,0.0
3037,1683464460000.0,0.0,0.0,0.03,1893.2872727272731,0.0,0.0,1910.25,0.9500856114059091,1.0,1138.290197381813,1000.0,1138.7990791999948,1000.0,0.049898187924714614,0.0
3038,1683468060000.0,0.0,0.0,0.03,1893.2872727272731,0.0,0.0,1912.26,0.9500856114059091,1.0,1138.290197381813,1000.0,1138.8593791999947,1000.0,0.049898187924714614,0.0
3039,1683471660000.0,0.0,0.0,0.0,1893.2872727272731,0.0,0.0,1925.34,0.9500856114059091,1.0,1139.3065138999946,1000.0,1139.3065138999946,1000.0,0.0,0.0
3040,1683475260000.0,0.0,0.0,0.0,1893.2872727272731,0.0,0.0,1917.25,0.9500856114059091,1.0,1139.3065138999946,1000.0,1139.3065138999946,1000.0,0.0,0.0
3041,1683478860000.0,0.0,0.0,0.0,1893.2872727272731,0.0,0.0,1915.23,0.9500856114059091,1.0,1139.3065138999946,1000.0,1139.3065138999946,1000.0,0.0,0.0
3042,1683482460000.0,0.0,0.0,0.0,1893.2872727272731,0.0,0.0,1911.31,0.9500856114059091,1.0,1139.3065138999946,1000.0,1139.3065138999946,1000.0,0.0,0.0
3043,1683486060000.0,0.0,0.0,0.0,1893.2872727272731,0.0,0.0,1909.38,0.9500856114059091,1.0,1139.3065138999946,1000.0,1139.3065138999946,1000.0,0.0,0.0
3044,1683489660000.0,0.0,0.0,0.0,1893.2872727272731,0.0,0.0,1912.81,0.9500856114059091,1.0,1139.3065138999946,1000.0,1139.3065138999946,1000.0,0.0,0.0
3045,1683493260000.0,0.0,0.0,0.0,1893.2872727272731,0.0,0.0,1914.93,0.9500856114059091,1.0,1139.3065138999946,1000.0,1139.3065138999946,1000.0,0.0,0.0
3046,1683496860000.0,0.0,0.0,0.0,1893.2872727272731,0.0,0.0,1906.84,0.9500856114059091,1.0,1139.3065138999946,1000.0,1139.3065138999946,1000.0,0.0,0.0
3047,1683500460000.0,0.0,0.0,0.0,1893.2872727272731,0.0,0.0,1906.76,0.9500856114059091,1.0,1139.3065138999946,1000.0,1139.3065138999946,1000.0,0.0,0.0
3048,1683504060000.0,0.0,0.0,0.03,1898.78,0.0,0.0,1867.02,0.9500856114059091,1.0,1139.2951212199946,1000.0,1138.3423212199946,1000.0,0.04999880973685003,0.0
3049,1683507660000.0,0.0,0.0,0.03,1898.78,0.0,0.0,1877.97,0.9500856114059091,1.0,1139.2951212199946,1000.0,1138.6708212199947,1000.0,0.04999880973685003,0.0
3050,1683511260000.0,0.0,0.0,0.08,1872.94875,0.0,0.0,1848.13,0.9500856114059091,1.0,1139.2765467199945,1000.0,1137.2910467199945,1000.0,0.13151846268702827,0.0
3051,1683514860000.0,0.0,0.0,0.08,1872.94875,0.0,0.0,1857.09,0.9500856114059091,1.0,1139.2765467199945,1000.0,1138.0078467199944,1000.0,0.13151846268702827,0.0
3052,1683518460000.0,0.0,0.0,0.08,1872.94875,0.0,0.0,1865.4,0.9500856114059091,1.0,1139.2765467199945,1000.0,1138.6726467199944,1000.0,0.13151846268702827,0.0
3053,1683522060000.0,0.0,0.0,0.08,1872.94875,0.0,0.0,1858.64,0.9500856114059091,1.0,1139.2765467199945,1000.0,1138.1318467199944,1000.0,0.13151846268702827,0.0
3054,1683525660000.0,0.0,0.0,0.08,1872.94875,0.0,0.0,1866.22,0.9500856114059091,1.0,1139.2765467199945,1000.0,1138.7382467199945,1000.0,0.13151846268702827,0.0
3055,1683529260000.0,0.0,0.0,0.08,1872.94875,0.0,0.0,1862.59,0.9500856114059091,1.0,1139.2765467199945,1000.0,1138.4478467199945,1000.0,0.13151846268702827,0.0
3056,1683532860000.0,0.0,0.0,0.08,1872.94875,0.0,0.0,1851.3,0.9500856114059091,1.0,1139.2765467199945,1000.0,1137.5446467199945,1000.0,0.13151846268702827,0.0
3057,1683536460000.0,0.0,0.0,0.08,1872.94875,0.0,0.0,1840.81,0.9500856114059091,1.0,1139.2765467199945,1000.0,1136.7054467199944,1000.0,0.13151846268702827,0.0
3058,1683540060000.0,0.0,0.0,0.08,1872.94875,0.0,0.0,1856.65,0.9500856114059091,1.0,1139.2765467199945,1000.0,1137.9726467199946,1000.0,0.13151846268702827,0.0
3059,1683543660000.0,0.0,0.0,0.08,1872.94875,0.0,0.0,1855.21,0.9500856114059091,1.0,1139.2765467199945,1000.0,1137.8574467199944,1000.0,0.13151846268702827,0.0
3060,1683547260000.0,0.0,0.0,0.08,1872.94875,0.0,0.0,1861.83,0.9500856114059091,1.0,1139.2765467199945,1000.0,1138.3870467199945,1000.0,0.13151846268702827,0.0
3061,1683550860000.0,0.0,0.0,0.08,1872.94875,0.0,0.0,1852.5,0.9500856114059091,1.0,1139.2765467199945,1000.0,1137.6406467199945,1000.0,0.13151846268702827,0.0
3062,1683554460000.0,0.0,0.0,0.08,1872.94875,0.0,0.0,1858.92,0.9500856114059091,1.0,1139.2765467199945,1000.0,1138.1542467199945,1000.0,0.13151846268702827,0.0
3063,1683558060000.0,0.0,0.0,0.08,1872.94875,0.0,0.0,1873.88,0.9500856114059091,1.0,1139.2765467199945,1000.0,1139.3510467199944,1000.0,0.13151846268702827,0.0
3064,1683561660000.0,0.0,0.0,0.08,1872.94875,0.0,0.0,1865.1,0.9500856114059091,1.0,1139.2765467199945,1000.0,1138.6486467199945,1000.0,0.13151846268702827,0.0
3065,1683565260000.0,0.0,0.0,0.08,1872.94875,0.0,0.0,1855.99,0.9500856114059091,1.0,1139.2765467199945,1000.0,1137.9198467199944,1000.0,0.13151846268702827,0.0
3066,1683568860000.0,0.0,0.0,0.22,1845.1404545454548,0.0,0.0,1819.1,0.9500856114059091,1.0,1139.2253277199945,1000.0,1133.4964277199945,1000.0,0.3563218707684597,0.0
3067,1683572460000.0,0.0,0.0,0.22,1845.1404545454548,0.0,0.0,1827.07,0.9500856114059091,1.0,1139.2253277199945,1000.0,1135.2498277199945,1000.0,0.3563218707684597,0.0
3068,1683576060000.0,0.0,0.0,0.22,1845.1404545454548,0.0,0.0,1831.13,0.9500856114059091,1.0,1139.2253277199945,1000.0,1136.1430277199945,1000.0,0.3563218707684597,0.0
3069,1683579660000.0,0.0,0.0,0.22,1845.1404545454548,0.0,0.0,1837.32,0.9500856114059091,1.0,1139.2253277199945,1000.0,1137.5048277199944,1000.0,0.3563218707684597,0.0
3070,1683583260000.0,0.0,0.0,0.22,1845.1404545454548,0.0,0.0,1839.97,0.9500856114059091,1.0,1139.2253277199945,1000.0,1138.0878277199945,1000.0,0.3563218707684597,0.0
3071,1683586860000.0,0.0,0.0,0.22,1845.1404545454548,0.0,0.0,1843.63,0.9500856114059091,1.0,1139.2253277199945,1000.0,1138.8930277199945,1000.0,0.3563218707684597,0.0
3072,1683590460000.0,0.0,0.0,0.22,1845.1404545454548,0.0,0.0,1846.21,0.9500856114059091,1.0,1139.2253277199945,1000.0,1139.4606277199946,1000.0,0.3563218707684597,0.0
3073,1683594060000.0,0.0,0.0,0.22,1845.1404545454548,0.0,0.0,1842.07,0.9500856114059091,1.0,1139.2253277199945,1000.0,1138.5498277199945,1000.0,0.3563218707684597,0.0
3074,1683597660000.0,0.0,0.0,0.22,1845.1404545454548,0.0,0.0,1847.65,0.9500856114059091,1.0,1139.2253277199945,1000.0,1139.7774277199944,1000.0,0.3563218707684597,0.0
3075,1683601260000.0,0.0,0.0,0.22,1845.1404545454548,0.0,0.0,1845.49,0.9500856114059091,1.0,1139.2253277199945,1000.0,1139.3022277199946,1000.0,0.3563218707684597,0.0
3076,1683604860000.0,0.0,0.0,0.22,1845.1404545454548,0.0,0.0,1842.41,0.9500856114059091,1.0,1139.2253277199945,1000.0,1138.6246277199946,1000.0,0.3563218707684597,0.0
3077,1683608460000.0,0.0,0.0,0.22,1845.1404545454548,0.0,0.0,1838.22,0.9500856114059091,1.0,1139.2253277199945,1000.0,1137.7028277199945,1000.0,0.3563218707684597,0.0
3078,1683612060000.0,0.0,0.0,0.22,1845.1404545454548,0.0,0.0,1838.26,0.9500856114059091,1.0,1139.2253277199945,1000.0,1137.7116277199946,1000.0,0.3563218707684597,0.0
3079,1683615660000.0,0.0,0.0,0.22,1845.1404545454548,0.0,0.0,1838.82,0.9500856114059091,1.0,1139.2253277199945,1000.0,1137.8348277199946,1000.0,0.3563218707684597,0.0
3080,1683619260000.0,0.0,0.0,0.22,1845.1404545454548,0.0,0.0,1846.85,0.9500856114059091,1.0,1139.2253277199945,1000.0,1139.6014277199945,1000.0,0.3563218707684597,0.0
3081,1683622860000.0,0.0,0.0,0.22,1845.1404545454548,0.0,0.0,1840.12,0.9500856114059091,1.0,1139.2253277199945,1000.0,1138.1208277199944,1000.0,0.3563218707684597,0.0
3082,1683626460000.0,0.0,0.0,0.22,1845.1404545454548,0.0,0.0,1838.77,0.9500856114059091,1.0,1139.2253277199945,1000.0,1137.8238277199946,1000.0,0.3563218707684597,0.0
3083,1683630060000.0,0.0,0.0,0.22,1845.1404545454548,0.0,0.0,1840.96,0.9500856114059091,1.0,1139.2253277199945,1000.0,1138.3056277199944,1000.0,0.3563218707684597,0.0
3084,1683633660000.0,0.0,0.0,0.22,1845.1404545454548,0.0,0.0,1848.69,0.9500856114059091,1.0,1139.2253277199945,1000.0,1140.0062277199945,1000.0,0.3563218707684597,0.0
3085,1683637260000.0,0.0,0.0,0.22,1845.1404545454548,0.0,0.0,1846.02,0.9500856114059091,1.0,1139.2253277199945,1000.0,1139.4188277199944,1000.0,0.3563218707684597,0.0
3086,1683640860000.0,0.0,0.0,0.22,1845.1404545454548,0.0,0.0,1840.44,0.9500856114059091,1.0,1139.2253277199945,1000.0,1138.1912277199945,1000.0,0.3563218707684597,0.0
3087,1683644460000.0,0.0,0.0,0.22,1845.1404545454548,0.0,0.0,1844.3,0.9500856114059091,1.0,1139.2253277199945,1000.0,1139.0404277199946,1000.0,0.3563218707684597,0.0
3088,1683648060000.0,0.0,0.0,0.22,1845.1404545454548,0.0,0.0,1837.48,0.9500856114059091,1.0,1139.2253277199945,1000.0,1137.5400277199944,1000.0,0.3563218707684597,0.0
3089,1683651660000.0,0.0,0.0,0.22,1845.1404545454548,0.0,0.0,1850.64,0.9500856114059091,1.0,1139.2253277199945,1000.0,1140.4352277199946,1000.0,0.3563218707684597,0.0
3090,1683655260000.0,0.0,0.0,0.22,1845.1404545454548,0.0,0.0,1845.65,0.9500856114059091,1.0,1139.2253277199945,1000.0,1139.3374277199946,1000.0,0.3563218707684597,0.0
3091,1683658860000.0,0.0,0.0,0.22,1845.1404545454548,0.0,0.0,1844.9,0.9500856114059091,1.0,1139.2253277199945,1000.0,1139.1724277199944,1000.0,0.3563218707684597,0.0
3092,1683662460000.0,0.0,0.0,0.19,1845.1404545454548,0.0,0.0,1860.12,0.9500856114059091,1.0,1139.617662543631,1000.0,1142.4637761799945,1000.0,0.3076265820425667,0.0
3093,1683666060000.0,0.0,0.0,0.16,1845.1404545454548,0.0,0.0,1847.71,0.9500856114059091,1.0,1140.0099973672675,1000.0,1140.4211246399948,1000.0,0.2589648103166269,0.0
3094,1683669660000.0,0.0,0.0,0.16,1845.1404545454548,0.0,0.0,1842.27,0.9500856114059091,1.0,1140.0099973672675,1000.0,1139.5507246399948,1000.0,0.2589648103166269,0.0
3095,1683673260000.0,0.0,0.0,0.16,1845.1404545454548,0.0,0.0,1843.45,0.9500856114059091,1.0,1140.0099973672675,1000.0,1139.7395246399947,1000.0,0.2589648103166269,0.0
3096,1683676860000.0,0.0,0.0,0.16,1845.1404545454548,0.0,0.0,1846.0,0.9500856114059091,1.0,1140.0099973672675,1000.0,1140.1475246399948,1000.0,0.2589648103166269,0.0
3097,1683680460000.0,0.0,0.0,0.16,1845.1404545454548,0.0,0.0,1851.26,0.9500856114059091,1.0,1140.0099973672675,1000.0,1140.9891246399948,1000.0,0.2589648103166269,0.0
3098,1683684060000.0,0.0,0.0,0.16,1845.1404545454548,0.0,0.0,1847.61,0.9500856114059091,1.0,1140.0099973672675,1000.0,1140.4051246399947,1000.0,0.2589648103166269,0.0
3099,1683687660000.0,0.0,0.0,0.16,1845.1404545454548,0.0,0.0,1843.98,0.9500856114059091,1.0,1140.0099973672675,1000.0,1139.8243246399948,1000.0,0.2589648103166269,0.0
3100,1683691260000.0,0.0,0.0,0.16,1845.1404545454548,0.0,0.0,1842.51,0.9500856114059091,1.0,1140.0099973672675,1000.0,1139.5891246399947,1000.0,0.2589648103166269,0.0
3101,1683694860000.0,0.0,0.0,0.16,1845.1404545454548,0.0,0.0,1845.71,0.9500856114059091,1.0,1140.0099973672675,1000.0,1140.1011246399946,1000.0,0.2589648103166269,0.0
3102,1683698460000.0,0.0,0.0,0.16,1845.1404545454548,0.0,0.0,1840.44,0.9500856114059091,1.0,1140.0099973672675,1000.0,1139.2579246399948,1000.0,0.2589648103166269,0.0
3103,1683702060000.0,0.0,0.0,0.16,1845.1404545454548,0.0,0.0,1838.66,0.9500856114059091,1.0,1140.0099973672675,1000.0,1138.9731246399947,1000.0,0.2589648103166269,0.0
3104,1683705660000.0,0.0,0.0,0.16,1845.1404545454548,0.0,0.0,1837.99,0.9500856114059091,1.0,1140.0099973672675,1000.0,1138.8659246399948,1000.0,0.2589648103166269,0.0
3105,1683709260000.0,0.0,0.0,0.16,1845.1404545454548,0.0,0.0,1837.68,0.9500856114059091,1.0,1140.0099973672675,1000.0,1138.8163246399947,1000.0,0.2589648103166269,0.0
3106,1683712860000.0,0.0,0.0,0.16,1845.1404545454548,0.0,0.0,1838.35,0.9500856114059091,1.0,1140.0099973672675,1000.0,1138.9235246399946,1000.0,0.2589648103166269,0.0
3107,1683716460000.0,0.0,0.0,0.16,1845.1404545454548,0.0,0.0,1842.64,0.9500856114059091,1.0,1140.0099973672675,1000.0,1139.6099246399947,1000.0,0.2589648103166269,0.0
3108,1683720060000.0,0.0,0.0,0.16,1845.1404545454548,0.0,0.0,1847.59,0.9500856114059091,1.0,1140.0099973672675,1000.0,1140.4019246399946,1000.0,0.2589648103166269,0.0
3109,1683723660000.0,0.0,0.0,0.05,1845.1404545454548,0.0,0.0,1884.19,0.9500856114059091,1.0,1143.2427994672673,1000.0,1145.1952767399946,1000.0,0.08069766349743293,0.0
3110,1683727260000.0,0.0,0.0,0.03,1845.1404545454548,0.0,0.0,1880.13,0.9500856114059091,1.0,1143.9030762563582,1000.0,1144.9527626199945,1000.0,0.048390650209212564,0.0
3111,1683730860000.0,0.0,0.0,0.0,1845.1404545454548,0.0,0.0,1870.61,0.9500856114059091,1.0,1144.8934914399945,1000.0,1144.8934914399945,1000.0,0.0,0.0
3112,1683734460000.0,0.0,0.0,0.0,1845.1404545454548,0.0,0.0,1871.43,0.9500856114059091,1.0,1144.8934914399945,1000.0,1144.8934914399945,1000.0,0.0,0.0
3113,1683738060000.0,0.0,0.0,0.0,1845.1404545454548,0.0,0.0,1873.11,0.9500856114059091,1.0,1144.8934914399945,1000.0,1144.8934914399945,1000.0,0.0,0.0
3114,1683741660000.0,0.0,0.0,0.08,1818.2125,0.0,0.0,1826.4,0.9500856114059091,1.0,1144.8644000399943,1000.0,1145.5194000399943,1000.0,0.12705172769361917,0.0
3115,1683745260000.0,0.0,0.0,0.05,1818.2125,0.0,0.0,1834.59,0.9500856114059091,1.0,1145.2508362799945,1000.0,1146.0697112799944,1000.0,0.07938053579187598,0.0
3116,1683748860000.0,0.0,0.0,0.0,1818.2125,0.0,0.0,1846.56,0.9500856114059091,1.0,1146.8777000799953,1000.0,1146.8777000799953,1000.0,0.0,0.0
3117,1683752460000.0,0.0,0.0,0.0,1818.2125,0.0,0.0,1852.71,0.9500856114059091,1.0,1146.8777000799953,1000.0,1146.8777000799953,1000.0,0.0,0.0
3118,1683756060000.0,0.0,0.0,0.03,1839.59,0.0,0.0,1836.78,0.9500856114059091,1.0,1146.8666625399953,1000.0,1146.7823625399953,1000.0,0.04812041521703522,0.0
3119,1683759660000.0,0.0,0.0,0.03,1839.59,0.0,0.0,1844.56,0.9500856114059091,1.0,1146.8666625399953,1000.0,1147.0157625399954,1000.0,0.04812041521703522,0.0
3120,1683763260000.0,0.0,0.0,0.03,1839.59,0.0,0.0,1838.32,0.9500856114059091,1.0,1146.8666625399953,1000.0,1146.8285625399953,1000.0,0.04812041521703522,0.0
3121,1683766860000.0,0.0,0.0,0.03,1839.59,0.0,0.0,1831.12,0.9500856114059091,1.0,1146.8666625399953,1000.0,1146.6125625399952,1000.0,0.04812041521703522,0.0
3122,1683770460000.0,0.0,0.0,0.03,1839.59,0.0,0.0,1829.84,0.9500856114059091,1.0,1146.8666625399953,1000.0,1146.5741625399953,1000.0,0.04812041521703522,0.0
3123,1683774060000.0,0.0,0.0,0.03,1839.59,0.0,0.0,1826.79,0.9500856114059091,1.0,1146.8666625399953,1000.0,1146.4826625399953,1000.0,0.04812041521703522,0.0
3124,1683777660000.0,0.0,0.0,0.03,1839.59,0.0,0.0,1825.71,0.9500856114059091,1.0,1146.8666625399953,1000.0,1146.4502625399953,1000.0,0.04812041521703522,0.0
3125,1683781260000.0,0.0,0.0,0.03,1839.59,0.0,0.0,1829.02,0.9500856114059091,1.0,1146.8666625399953,1000.0,1146.5495625399953,1000.0,0.04812041521703522,0.0
3126,1683784860000.0,0.0,0.0,0.03,1839.59,0.0,0.0,1830.81,0.9500856114059091,1.0,1146.8666625399953,1000.0,1146.6032625399953,1000.0,0.04812041521703522,0.0
3127,1683788460000.0,0.0,0.0,0.03,1839.59,0.0,0.0,1830.01,0.9500856114059091,1.0,1146.8666625399953,1000.0,1146.5792625399954,1000.0,0.04812041521703522,0.0
3128,1683792060000.0,0.0,0.0,0.03,1839.59,0.0,0.0,1823.17,0.9500856114059091,1.0,1146.8666625399953,1000.0,1146.3740625399953,1000.0,0.04812041521703522,0.0
3129,1683795660000.0,0.0,0.0,0.03,1839.59,0.0,0.0,1819.32,0.9500856114059091,1.0,1146.8666625399953,1000.0,1146.2585625399954,1000.0,0.04812041521703522,0.0
3130,1683799260000.0,0.0,0.0,0.03,1839.59,0.0,0.0,1818.62,0.9500856114059091,1.0,1146.8666625399953,1000.0,1146.2375625399952,1000.0,0.04812041521703522,0.0
3131,1683802860000.0,0.0,0.0,0.03,1839.59,0.0,0.0,1821.48,0.9500856114059091,1.0,1146.8666625399953,1000.0,1146.3233625399953,1000.0,0.04812041521703522,0.0
3132,1683806460000.0,0.0,0.0,0.03,1839.59,0.0,0.0,1819.6,0.9500856114059091,1.0,1146.8666625399953,1000.0,1146.2669625399953,1000.0,0.04812041521703522,0.0
3133,1683810060000.0,0.0,0.0,0.03,1839.59,0.0,0.0,1815.73,0.9500856114059091,1.0,1146.8666625399953,1000.0,1146.1508625399954,1000.0,0.04812041521703522,0.0
3134,1683813660000.0,0.0,0.0,0.08,1814.6087499999999,0.0,0.0,1808.01,0.9500856114059091,1.0,1146.8486663399954,1000.0,1146.3207663399953,1000.0,0.12658051952336946,0.0
3135,1683817260000.0,0.0,0.0,0.08,1814.6087499999999,0.0,0.0,1802.21,0.9500856114059091,1.0,1146.8486663399954,1000.0,1145.8567663399954,1000.0,0.12658051952336946,0.0
3136,1683820860000.0,0.0,0.0,0.08,1814.6087499999999,0.0,0.0,1805.26,0.9500856114059091,1.0,1146.8486663399954,1000.0,1146.1007663399953,1000.0,0.12658051952336946,0.0
3137,1683824460000.0,0.0,0.0,0.08,1814.6087499999999,0.0,0.0,1802.1,0.9500856114059091,1.0,1146.8486663399954,1000.0,1145.8479663399953,1000.0,0.12658051952336946,0.0
3138,1683828060000.0,0.0,0.0,0.22,1787.7740909090912,0.0,0.0,1779.61,0.9500856114059091,1.0,1146.7990380199954,1000.0,1145.0029380199953,1000.0,0.34296357684348044,0.0
3139,1683831660000.0,0.0,0.0,0.22,1787.7740909090912,0.0,0.0,1788.21,0.9500856114059091,1.0,1146.7990380199954,1000.0,1146.8949380199954,1000.0,0.34296357684348044,0.0
3140,1683835260000.0,0.0,0.0,0.22,1787.7740909090912,0.0,0.0,1783.81,0.9500856114059091,1.0,1146.7990380199954,1000.0,1145.9269380199953,1000.0,0.34296357684348044,0.0
3141,1683838860000.0,0.0,0.0,0.22,1787.7740909090912,0.0,0.0,1794.84,0.9500856114059091,1.0,1146.7990380199954,1000.0,1148.3535380199953,1000.0,0.34296357684348044,0.0
3142,1683842460000.0,0.0,0.0,0.19,1787.7740909090912,0.0,0.0,1796.3,0.9500856114059091,1.0,1147.1790104927227,1000.0,1148.7989332199954,1000.0,0.29609770939483393,0.0
3143,1683846060000.0,0.0,0.0,0.19,1787.7740909090912,0.0,0.0,1789.76,0.9500856114059091,1.0,1147.1790104927227,1000.0,1147.5563332199954,1000.0,0.29609770939483393,0.0
3144,1683849660000.0,0.0,0.0,0.19,1787.7740909090912,0.0,0.0,1794.59,0.9500856114059091,1.0,1147.1790104927227,1000.0,1148.4740332199954,1000.0,0.29609770939483393,0.0
3145,1683853260000.0,0.0,0.0,0.19,1787.7740909090912,0.0,0.0,1797.99,0.9500856114059091,1.0,1147.1790104927227,1000.0,1149.1200332199953,1000.0,0.29609770939483393,0.0
3146,1683856860000.0,0.0,0.0,0.19,1787.7740909090912,0.0,0.0,1787.08,0.9500856114059091,1.0,1147.1790104927227,1000.0,1147.0471332199954,1000.0,0.29609770939483393,0.0
3147,1683860460000.0,0.0,0.0,0.19,1787.7740909090912,0.0,0.0,1768.3,0.9500856114059091,1.0,1147.1790104927227,1000.0,1143.4789332199953,1000.0,0.29609770939483393,0.0
3148,1683864060000.0,0.0,0.0,0.19,1787.7740909090912,0.0,0.0,1758.04,0.9500856114059091,1.0,1147.1790104927227,1000.0,1141.5295332199953,1000.0,0.29609770939483393,0.0
3149,1683867660000.0,0.0,0.0,0.19,1787.7740909090912,0.0,0.0,1768.02,0.9500856114059091,1.0,1147.1790104927227,1000.0,1143.4257332199954,1000.0,0.29609770939483393,0.0
3150,1683871260000.0,0.0,0.0,0.65,1754.2548881118885,0.0,0.0,1746.9,0.9500856114059091,1.0,1147.0188927727227,1000.0,1142.2382154999952,1000.0,0.9941123764023883,0.0
3151,1683874860000.0,0.0,0.0,0.65,1754.2548881118885,0.0,0.0,1757.29,0.9500856114059091,1.0,1147.0188927727227,1000.0,1148.991715499995,1000.0,0.9941123764023883,0.0
3152,1683878460000.0,0.0,0.0,0.65,1754.2548881118885,0.0,0.0,1759.82,0.9500856114059091,1.0,1147.0188927727227,1000.0,1150.6362154999952,1000.0,0.9941123764023883,0.0
3153,1683882060000.0,0.0,0.0,0.65,1754.2548881118885,0.0,0.0,1762.2,0.9500856114059091,1.0,1147.0188927727227,1000.0,1152.1832154999952,1000.0,0.9941123764023883,0.0
3154,1683885660000.0,0.0,0.0,0.39,1754.2548881118885,0.0,0.0,1767.03,0.9500856114059091,1.0,1150.2511357836313,1000.0,1155.2334294199948,1000.0,0.5947913330227137,0.0
3155,1683889260000.0,0.0,0.0,0.15,1754.2548881118885,0.0,0.0,1765.08,0.9500856114059091,1.0,1153.2347447167776,1000.0,1154.8585114999944,1000.0,0.22817404212132653,0.0
3156,1683892860000.0,0.0,0.0,0.13,1754.2548881118885,0.0,0.0,1763.74,0.9500856114059091,1.0,1153.48337879454,1000.0,1154.7164433399944,1000.0,0.19770821118625467,0.0
3157,1683896460000.0,0.0,0.0,0.08,1754.2548881118885,0.0,0.0,1771.53,0.9500856114059091,1.0,1154.1049639889457,1000.0,1155.4869729399945,1000.0,0.12160106353229004,0.0
3158,1683900060000.0,0.0,0.0,0.08,1754.2548881118885,0.0,0.0,1769.89,0.9500856114059091,1.0,1154.1049639889457,1000.0,1155.3557729399945,1000.0,0.12160106353229004,0.0
3159,1683903660000.0,0.0,0.0,0.02,1754.2548881118885,0.0,0.0,1766.66,0.9500856114059091,1.0,1154.8508662222325,1000.0,1155.0989684599947,1000.0,0.03038063077097455,0.0
3160,1683907260000.0,0.0,0.0,0.03,1763.69,0.0,0.0,1763.72,0.9500856114059091,1.0,1155.0889181599948,1000.0,1155.0898181599948,1000.0,0.045806603429530246,0.0
3161,1683910860000.0,0.0,0.0,0.03,1763.69,0.0,0.0,1769.68,0.9500856114059091,1.0,1155.0889181599948,1000.0,1155.2686181599947,1000.0,0.045806603429530246,0.0
3162,1683914460000.0,0.0,0.0,0.02,1763.69,0.0,0.0,1771.76,0.9500856114059091,1.0,1155.2138650799948,1000.0,1155.3752650799947,1000.0,0.030534432684944796,0.0
3163,1683918060000.0,0.0,0.0,0.02,1763.69,0.0,0.0,1768.3,0.9500856114059091,1.0,1155.2138650799948,1000.0,1155.3060650799948,1000.0,0.030534432684944796,0.0
3164,1683921660000.0,0.0,0.0,0.0,1763.2100000000003,0.0,0.0,1785.28,0.9500856114059091,1.0,1155.7757460999949,1000.0,1155.7757460999949,1000.0,0.0,0.0
3165,1683925260000.0,0.0,0.0,0.0,1763.2100000000003,0.0,0.0,1794.38,0.9500856114059091,1.0,1155.7757460999949,1000.0,1155.7757460999949,1000.0,0.0,0.0
3166,1683928860000.0,0.0,0.0,0.0,1763.2100000000003,0.0,0.0,1808.19,0.9500856114059091,1.0,1155.7757460999949,1000.0,1155.7757460999949,1000.0,0.0,0.0
3167,1683932460000.0,0.0,0.0,0.0,1763.2100000000003,0.0,0.0,1800.4,0.9500856114059091,1.0,1155.7757460999949,1000.0,1155.7757460999949,1000.0,0.0,0.0
3168,1683936060000.0,0.0,0.0,0.0,1763.2100000000003,0.0,0.0,1806.0,0.9500856114059091,1.0,1155.7757460999949,1000.0,1155.7757460999949,1000.0,0.0,0.0
3169,1683939660000.0,0.0,0.0,0.0,1763.2100000000003,0.0,0.0,1809.75,0.9500856114059091,1.0,1155.7757460999949,1000.0,1155.7757460999949,1000.0,0.0,0.0
3170,1683943260000.0,0.0,0.0,0.0,1763.2100000000003,0.0,0.0,1808.13,0.9500856114059091,1.0,1155.7757460999949,1000.0,1155.7757460999949,1000.0,0.0,0.0
3171,1683946860000.0,0.0,0.0,0.0,1763.2100000000003,0.0,0.0,1804.85,0.9500856114059091,1.0,1155.7757460999949,1000.0,1155.7757460999949,1000.0,0.0,0.0
3172,1683950460000.0,0.0,0.0,0.0,1763.2100000000003,0.0,0.0,1804.51,0.9500856114059091,1.0,1155.7757460999949,1000.0,1155.7757460999949,1000.0,0.0,0.0
3173,1683954060000.0,0.0,0.0,0.0,1763.2100000000003,0.0,0.0,1800.82,0.9500856114059091,1.0,1155.7757460999949,1000.0,1155.7757460999949,1000.0,0.0,0.0
3174,1683957660000.0,0.0,0.0,0.0,1763.2100000000003,0.0,0.0,1797.06,0.9500856114059091,1.0,1155.7757460999949,1000.0,1155.7757460999949,1000.0,0.0,0.0
3175,1683961260000.0,0.0,0.0,0.0,1763.2100000000003,0.0,0.0,1796.72,0.9500856114059091,1.0,1155.7757460999949,1000.0,1155.7757460999949,1000.0,0.0,0.0
3176,1683964860000.0,0.0,0.0,0.0,1763.2100000000003,0.0,0.0,1801.38,0.9500856114059091,1.0,1155.7757460999949,1000.0,1155.7757460999949,1000.0,0.0,0.0
3177,1683968460000.0,0.0,0.0,0.0,1763.2100000000003,0.0,0.0,1804.02,0.9500856114059091,1.0,1155.7757460999949,1000.0,1155.7757460999949,1000.0,0.0,0.0
3178,1683972060000.0,0.0,0.0,0.0,1763.2100000000003,0.0,0.0,1809.14,0.9500856114059091,1.0,1155.7757460999949,1000.0,1155.7757460999949,1000.0,0.0,0.0
3179,1683975660000.0,0.0,0.0,0.0,1763.2100000000003,0.0,0.0,1804.89,0.9500856114059091,1.0,1155.7757460999949,1000.0,1155.7757460999949,1000.0,0.0,0.0
3180,1683979260000.0,0.0,0.0,0.0,1763.2100000000003,0.0,0.0,1802.25,0.9500856114059091,1.0,1155.7757460999949,1000.0,1155.7757460999949,1000.0,0.0,0.0
3181,1683982860000.0,0.0,0.0,0.0,1763.2100000000003,0.0,0.0,1801.54,0.9500856114059091,1.0,1155.7757460999949,1000.0,1155.7757460999949,1000.0,0.0,0.0
3182,1683986460000.0,0.0,0.0,0.0,1763.2100000000003,0.0,0.0,1801.41,0.9500856114059091,1.0,1155.7757460999949,1000.0,1155.7757460999949,1000.0,0.0,0.0
3183,1683990060000.0,0.0,0.0,0.03,1786.91,0.0,0.0,1788.67,0.9500856114059091,1.0,1155.7650246399949,1000.0,1155.8178246399948,1000.0,0.04638252487065695,0.0
3184,1683993660000.0,0.0,0.0,0.03,1786.91,0.0,0.0,1793.34,0.9500856114059091,1.0,1155.7650246399949,1000.0,1155.9579246399949,1000.0,0.04638252487065695,0.0
3185,1683997260000.0,0.0,0.0,0.03,1786.91,0.0,0.0,1792.56,0.9500856114059091,1.0,1155.7650246399949,1000.0,1155.9345246399948,1000.0,0.04638252487065695,0.0
3186,1684000860000.0,0.0,0.0,0.03,1786.91,0.0,0.0,1791.16,0.9500856114059091,1.0,1155.7650246399949,1000.0,1155.892524639995,1000.0,0.04638252487065695,0.0
3187,1684004460000.0,0.0,0.0,0.03,1786.5300000000002,0.0,0.0,1788.59,0.9500856114059091,1.0,1155.888053239995,1000.0,1155.949853239995,1000.0,0.04636772553342757,0.0
3188,1684008060000.0,0.0,0.0,0.03,1786.5300000000002,0.0,0.0,1794.2,0.9500856114059091,1.0,1155.888053239995,1000.0,1156.118153239995,1000.0,0.04636772553342757,0.0
3189,1684011660000.0,0.0,0.0,0.02,1786.5300000000002,0.0,0.0,1803.25,0.9500856114059091,1.0,1156.0146541399952,1000.0,1156.3490541399951,1000.0,0.030908431715843086,0.0
3190,1684015260000.0,0.0,0.0,0.0,1786.5300000000002,0.0,0.0,1800.4,0.9500856114059091,1.0,1156.2678559399953,1000.0,1156.2678559399953,1000.0,0.0,0.0
3191,1684018860000.0,0.0,0.0,0.0,1786.5300000000002,0.0,0.0,1801.48,0.9500856114059091,1.0,1156.2678559399953,1000.0,1156.2678559399953,1000.0,0.0,0.0
3192,1684022460000.0,0.0,0.0,0.0,1786.5300000000002,0.0,0.0,1795.17,0.9500856114059091,1.0,1156.2678559399953,1000.0,1156.2678559399953,1000.0,0.0,0.0
3193,1684026060000.0,0.0,0.0,0.0,1786.5300000000002,0.0,0.0,1797.58,0.9500856114059091,1.0,1156.2678559399953,1000.0,1156.2678559399953,1000.0,0.0,0.0
3194,1684029660000.0,0.0,0.0,0.0,1786.5300000000002,0.0,0.0,1793.72,0.9500856114059091,1.0,1156.2678559399953,1000.0,1156.2678559399953,1000.0,0.0,0.0
3195,1684033260000.0,0.0,0.0,0.0,1786.5300000000002,0.0,0.0,1798.04,0.9500856114059091,1.0,1156.2678559399953,1000.0,1156.2678559399953,1000.0,0.0,0.0
3196,1684036860000.0,0.0,0.0,0.0,1786.5300000000002,0.0,0.0,1802.52,0.9500856114059091,1.0,1156.2678559399953,1000.0,1156.2678559399953,1000.0,0.0,0.0
3197,1684040460000.0,0.0,0.0,0.0,1786.5300000000002,0.0,0.0,1802.88,0.9500856114059091,1.0,1156.2678559399953,1000.0,1156.2678559399953,1000.0,0.0,0.0
3198,1684044060000.0,0.0,0.0,0.0,1786.5300000000002,0.0,0.0,1805.21,0.9500856114059091,1.0,1156.2678559399953,1000.0,1156.2678559399953,1000.0,0.0,0.0
3199,1684047660000.0,0.0,0.0,0.0,1786.5300000000002,0.0,0.0,1807.18,0.9500856114059091,1.0,1156.2678559399953,1000.0,1156.2678559399953,1000.0,0.0,0.0
3200,1684051260000.0,0.0,0.0,0.0,1786.5300000000002,0.0,0.0,1804.01,0.9500856114059091,1.0,1156.2678559399953,1000.0,1156.2678559399953,1000.0,0.0,0.0
3201,1684054860000.0,0.0,0.0,0.0,1786.5300000000002,0.0,0.0,1802.6,0.9500856114059091,1.0,1156.2678559399953,1000.0,1156.2678559399953,1000.0,0.0,0.0
3202,1684058460000.0,0.0,0.0,0.0,1786.5300000000002,0.0,0.0,1803.18,0.9500856114059091,1.0,1156.2678559399953,1000.0,1156.2678559399953,1000.0,0.0,0.0
3203,1684062060000.0,0.0,0.0,0.0,1786.5300000000002,0.0,0.0,1801.7,0.9500856114059091,1.0,1156.2678559399953,1000.0,1156.2678559399953,1000.0,0.0,0.0
3204,1684065660000.0,0.0,0.0,0.0,1786.5300000000002,0.0,0.0,1800.62,0.9500856114059091,1.0,1156.2678559399953,1000.0,1156.2678559399953,1000.0,0.0,0.0
3205,1684069260000.0,0.0,0.0,0.0,1786.5300000000002,0.0,0.0,1806.44,0.9500856114059091,1.0,1156.2678559399953,1000.0,1156.2678559399953,1000.0,0.0,0.0
3206,1684072860000.0,0.0,0.0,0.0,1786.5300000000002,0.0,0.0,1808.07,0.9500856114059091,1.0,1156.2678559399953,1000.0,1156.2678559399953,1000.0,0.0,0.0
3207,1684076460000.0,0.0,0.0,0.0,1786.5300000000002,0.0,0.0,1808.8,0.9500856114059091,1.0,1156.2678559399953,1000.0,1156.2678559399953,1000.0,0.0,0.0
3208,1684080060000.0,0.0,0.0,0.0,1786.5300000000002,0.0,0.0,1819.39,0.9500856114059091,1.0,1156.2678559399953,1000.0,1156.2678559399953,1000.0,0.0,0.0
3209,1684083660000.0,0.0,0.0,0.0,1786.5300000000002,0.0,0.0,1804.65,0.9500856114059091,1.0,1156.2678559399953,1000.0,1156.2678559399953,1000.0,0.0,0.0
3210,1684087260000.0,0.0,0.0,0.0,1786.5300000000002,0.0,0.0,1804.19,0.9500856114059091,1.0,1156.2678559399953,1000.0,1156.2678559399953,1000.0,0.0,0.0
3211,1684090860000.0,0.0,0.0,0.0,1786.5300000000002,0.0,0.0,1800.33,0.9500856114059091,1.0,1156.2678559399953,1000.0,1156.2678559399953,1000.0,0.0,0.0
3212,1684094460000.0,0.0,0.0,0.03,1792.71,0.0,0.0,1792.0,0.9500856114059091,1.0,1156.2570996799952,1000.0,1156.2357996799951,1000.0,0.046513271153002626,0.0
3213,1684098060000.0,0.0,0.0,0.03,1792.71,0.0,0.0,1794.43,0.9500856114059091,1.0,1156.2570996799952,1000.0,1156.3086996799952,1000.0,0.046513271153002626,0.0
3214,1684101660000.0,0.0,0.0,0.03,1792.71,0.0,0.0,1795.27,0.9500856114059091,1.0,1156.2570996799952,1000.0,1156.3338996799953,1000.0,0.046513271153002626,0.0
3215,1684105260000.0,0.0,0.0,0.03,1792.71,0.0,0.0,1798.47,0.9500856114059091,1.0,1156.2570996799952,1000.0,1156.4298996799953,1000.0,0.046513271153002626,0.0
3216,1684108860000.0,0.0,0.0,0.03,1792.71,0.0,0.0,1798.45,0.9500856114059091,1.0,1156.2570996799952,1000.0,1156.4292996799952,1000.0,0.046513271153002626,0.0
3217,1684112460000.0,0.0,0.0,0.03,1792.71,0.0,0.0,1789.09,0.9500856114059091,1.0,1156.2570996799952,1000.0,1156.1484996799952,1000.0,0.046513271153002626,0.0
3218,1684116060000.0,0.0,0.0,0.0,1792.71,0.0,0.0,1825.5,0.9500856114059091,1.0,1157.0256875199952,1000.0,1157.0256875199952,1000.0,0.0,0.0
3219,1684119660000.0,0.0,0.0,0.0,1792.71,0.0,0.0,1825.08,0.9500856114059091,1.0,1157.0256875199952,1000.0,1157.0256875199952,1000.0,0.0,0.0
3220,1684123260000.0,0.0,0.0,0.0,1792.71,0.0,0.0,1825.67,0.9500856114059091,1.0,1157.0256875199952,1000.0,1157.0256875199952,1000.0,0.0,0.0
3221,1684126860000.0,0.0,0.0,0.0,1792.71,0.0,0.0,1825.07,0.9500856114059091,1.0,1157.0256875199952,1000.0,1157.0256875199952,1000.0,0.0,0.0
3222,1684130460000.0,0.0,0.0,0.0,1792.71,0.0,0.0,1824.23,0.9500856114059091,1.0,1157.0256875199952,1000.0,1157.0256875199952,1000.0,0.0,0.0
3223,1684134060000.0,0.0,0.0,0.0,1792.71,0.0,0.0,1830.67,0.9500856114059091,1.0,1157.0256875199952,1000.0,1157.0256875199952,1000.0,0.0,0.0
3224,1684137660000.0,0.0,0.0,0.0,1792.71,0.0,0.0,1827.39,0.9500856114059091,1.0,1157.0256875199952,1000.0,1157.0256875199952,1000.0,0.0,0.0
3225,1684141260000.0,0.0,0.0,0.0,1792.71,0.0,0.0,1830.43,0.9500856114059091,1.0,1157.0256875199952,1000.0,1157.0256875199952,1000.0,0.0,0.0
3226,1684144860000.0,0.0,0.0,0.0,1792.71,0.0,0.0,1827.78,0.9500856114059091,1.0,1157.0256875199952,1000.0,1157.0256875199952,1000.0,0.0,0.0
3227,1684148460000.0,0.0,0.0,0.0,1792.71,0.0,0.0,1828.2,0.9500856114059091,1.0,1157.0256875199952,1000.0,1157.0256875199952,1000.0,0.0,0.0
3228,1684152060000.0,0.0,0.0,0.0,1792.71,0.0,0.0,1823.79,0.9500856114059091,1.0,1157.0256875199952,1000.0,1157.0256875199952,1000.0,0.0,0.0
3229,1684155660000.0,0.0,0.0,0.0,1792.71,0.0,0.0,1824.69,0.9500856114059091,1.0,1157.0256875199952,1000.0,1157.0256875199952,1000.0,0.0,0.0
3230,1684159260000.0,0.0,0.0,0.0,1792.71,0.0,0.0,1821.85,0.9500856114059091,1.0,1157.0256875199952,1000.0,1157.0256875199952,1000.0,0.0,0.0
3231,1684162860000.0,0.0,0.0,0.0,1792.71,0.0,0.0,1825.14,0.9500856114059091,1.0,1157.0256875199952,1000.0,1157.0256875199952,1000.0,0.0,0.0
3232,1684166460000.0,0.0,0.0,0.0,1792.71,0.0,0.0,1825.99,0.9500856114059091,1.0,1157.0256875199952,1000.0,1157.0256875199952,1000.0,0.0,0.0
3233,1684170060000.0,0.0,0.0,0.0,1792.71,0.0,0.0,1835.35,0.9500856114059091,1.0,1157.0256875199952,1000.0,1157.0256875199952,1000.0,0.0,0.0
3234,1684173660000.0,0.0,0.0,0.0,1792.71,0.0,0.0,1834.18,0.9500856114059091,1.0,1157.0256875199952,1000.0,1157.0256875199952,1000.0,0.0,0.0
3235,1684177260000.0,0.0,0.0,0.0,1792.71,0.0,0.0,1828.2,0.9500856114059091,1.0,1157.0256875199952,1000.0,1157.0256875199952,1000.0,0.0,0.0
3236,1684180860000.0,0.0,0.0,0.0,1792.71,0.0,0.0,1827.77,0.9500856114059091,1.0,1157.0256875199952,1000.0,1157.0256875199952,1000.0,0.0,0.0
3237,1684184460000.0,0.0,0.0,0.0,1792.71,0.0,0.0,1823.94,0.9500856114059091,1.0,1157.0256875199952,1000.0,1157.0256875199952,1000.0,0.0,0.0
3238,1684188060000.0,0.0,0.0,0.0,1792.71,0.0,0.0,1821.28,0.9500856114059091,1.0,1157.0256875199952,1000.0,1157.0256875199952,1000.0,0.0,0.0
3239,1684191660000.0,0.0,0.0,0.0,1792.71,0.0,0.0,1819.73,0.9500856114059091,1.0,1157.0256875199952,1000.0,1157.0256875199952,1000.0,0.0,0.0
3240,1684195260000.0,0.0,0.0,0.03,1812.04,0.0,0.0,1814.73,0.9500856114059091,1.0,1157.0148152799952,1000.0,1157.0955152799952,1000.0,0.046984013758583285,0.0
3241,1684198860000.0,0.0,0.0,0.03,1812.04,0.0,0.0,1811.06,0.9500856114059091,1.0,1157.0148152799952,1000.0,1156.9854152799953,1000.0,0.046984013758583285,0.0
3242,1684202460000.0,0.0,0.0,0.03,1812.04,0.0,0.0,1805.2,0.9500856114059091,1.0,1157.0148152799952,1000.0,1156.8096152799951,1000.0,0.046984013758583285,0.0
3243,1684206060000.0,0.0,0.0,0.03,1812.04,0.0,0.0,1808.89,0.9500856114059091,1.0,1157.0148152799952,1000.0,1156.9203152799953,1000.0,0.046984013758583285,0.0
3244,1684209660000.0,0.0,0.0,0.03,1812.04,0.0,0.0,1812.47,0.9500856114059091,1.0,1157.0148152799952,1000.0,1157.0277152799952,1000.0,0.046984013758583285,0.0
3245,1684213260000.0,0.0,0.0,0.03,1812.04,0.0,0.0,1812.64,0.9500856114059091,1.0,1157.0148152799952,1000.0,1157.0328152799952,1000.0,0.046984013758583285,0.0
3246,1684216860000.0,0.0,0.0,0.03,1812.04,0.0,0.0,1808.4,0.9500856114059091,1.0,1157.0148152799952,1000.0,1156.9056152799951,1000.0,0.046984013758583285,0.0
3247,1684220460000.0,0.0,0.0,0.03,1812.04,0.0,0.0,1812.15,0.9500856114059091,1.0,1157.0148152799952,1000.0,1157.0181152799953,1000.0,0.046984013758583285,0.0
3248,1684224060000.0,0.0,0.0,0.03,1812.04,0.0,0.0,1820.85,0.9500856114059091,1.0,1157.0148152799952,1000.0,1157.2791152799953,1000.0,0.046984013758583285,0.0
3249,1684227660000.0,0.0,0.0,0.0,1812.04,0.0,0.0,1818.38,0.9500856114059091,1.0,1157.4001637799952,1000.0,1157.4001637799952,1000.0,0.0,0.0
3250,1684231260000.0,0.0,0.0,0.0,1812.04,0.0,0.0,1816.48,0.9500856114059091,1.0,1157.4001637799952,1000.0,1157.4001637799952,1000.0,0.0,0.0
3251,1684234860000.0,0.0,0.0,0.0,1812.04,0.0,0.0,1812.0,0.9500856114059091,1.0,1157.4001637799952,1000.0,1157.4001637799952,1000.0,0.0,0.0
3252,1684238460000.0,0.0,0.0,0.0,1812.04,0.0,0.0,1816.15,0.9500856114059091,1.0,1157.4001637799952,1000.0,1157.4001637799952,1000.0,0.0,0.0
3253,1684242060000.0,0.0,0.0,0.0,1812.04,0.0,0.0,1818.21,0.9500856114059091,1.0,1157.4001637799952,1000.0,1157.4001637799952,1000.0,0.0,0.0
3254,1684245660000.0,0.0,0.0,0.0,1812.04,0.0,0.0,1815.76,0.9500856114059091,1.0,1157.4001637799952,1000.0,1157.4001637799952,1000.0,0.0,0.0
3255,1684249260000.0,0.0,0.0,0.0,1812.04,0.0,0.0,1815.53,0.9500856114059091,1.0,1157.4001637799952,1000.0,1157.4001637799952,1000.0,0.0,0.0
3256,1684252860000.0,0.0,0.0,0.0,1812.04,0.0,0.0,1819.76,0.9500856114059091,1.0,1157.4001637799952,1000.0,1157.4001637799952,1000.0,0.0,0.0
3257,1684256460000.0,0.0,0.0,0.0,1812.04,0.0,0.0,1824.15,0.9500856114059091,1.0,1157.4001637799952,1000.0,1157.4001637799952,1000.0,0.0,0.0
3258,1684260060000.0,0.0,0.0,0.0,1812.04,0.0,0.0,1828.38,0.9500856114059091,1.0,1157.4001637799952,1000.0,1157.4001637799952,1000.0,0.0,0.0
3259,1684263660000.0,0.0,0.0,0.0,1812.04,0.0,0.0,1826.11,0.9500856114059091,1.0,1157.4001637799952,1000.0,1157.4001637799952,1000.0,0.0,0.0
3260,1684267260000.0,0.0,0.0,0.0,1812.04,0.0,0.0,1815.1,0.9500856114059091,1.0,1157.4001637799952,1000.0,1157.4001637799952,1000.0,0.0,0.0
3261,1684270860000.0,0.0,0.0,0.0,1812.04,0.0,0.0,1819.69,0.9500856114059091,1.0,1157.4001637799952,1000.0,1157.4001637799952,1000.0,0.0,0.0
3262,1684274460000.0,0.0,0.0,0.0,1812.04,0.0,0.0,1826.41,0.9500856114059091,1.0,1157.4001637799952,1000.0,1157.4001637799952,1000.0,0.0,0.0
3263,1684278060000.0,0.0,0.0,0.0,1812.04,0.0,0.0,1822.2,0.9500856114059091,1.0,1157.4001637799952,1000.0,1157.4001637799952,1000.0,0.0,0.0
3264,1684281660000.0,0.0,0.0,0.0,1812.04,0.0,0.0,1822.83,0.9500856114059091,1.0,1157.4001637799952,1000.0,1157.4001637799952,1000.0,0.0,0.0
3265,1684285260000.0,0.0,0.0,0.0,1812.04,0.0,0.0,1824.0,0.9500856114059091,1.0,1157.4001637799952,1000.0,1157.4001637799952,1000.0,0.0,0.0
3266,1684288860000.0,0.0,0.0,0.0,1812.04,0.0,0.0,1830.08,0.9500856114059091,1.0,1157.4001637799952,1000.0,1157.4001637799952,1000.0,0.0,0.0
3267,1684292460000.0,0.0,0.0,0.0,1812.04,0.0,0.0,1822.46,0.9500856114059091,1.0,1157.4001637799952,1000.0,1157.4001637799952,1000.0,0.0,0.0
3268,1684296060000.0,0.0,0.0,0.0,1812.04,0.0,0.0,1822.94,0.9500856114059091,1.0,1157.4001637799952,1000.0,1157.4001637799952,1000.0,0.0,0.0
3269,1684299660000.0,0.0,0.0,0.0,1812.04,0.0,0.0,1822.9,0.9500856114059091,1.0,1157.4001637799952,1000.0,1157.4001637799952,1000.0,0.0,0.0
3270,1684303260000.0,0.0,0.0,0.0,1812.04,0.0,0.0,1815.98,0.9500856114059091,1.0,1157.4001637799952,1000.0,1157.4001637799952,1000.0,0.0,0.0
3271,1684306860000.0,0.0,0.0,0.0,1812.04,0.0,0.0,1818.2,0.9500856114059091,1.0,1157.4001637799952,1000.0,1157.4001637799952,1000.0,0.0,0.0
3272,1684310460000.0,0.0,0.0,0.03,1810.58,0.0,0.0,1804.4,0.9500856114059091,1.0,1157.3893002999953,1000.0,1157.2039002999952,1000.0,0.04693096781344093,0.0
3273,1684314060000.0,0.0,0.0,0.03,1810.58,0.0,0.0,1801.41,0.9500856114059091,1.0,1157.3893002999953,1000.0,1157.1142002999952,1000.0,0.04693096781344093,0.0
3274,1684317660000.0,0.0,0.0,0.03,1810.58,0.0,0.0,1805.01,0.9500856114059091,1.0,1157.3893002999953,1000.0,1157.2222002999954,1000.0,0.04693096781344093,0.0
3275,1684321260000.0,0.0,0.0,0.03,1810.58,0.0,0.0,1804.04,0.9500856114059091,1.0,1157.3893002999953,1000.0,1157.1931002999952,1000.0,0.04693096781344093,0.0
3276,1684324860000.0,0.0,0.0,0.03,1810.58,0.0,0.0,1789.92,0.9500856114059091,1.0,1157.3893002999953,1000.0,1156.7695002999953,1000.0,0.04693096781344093,0.0
3277,1684328460000.0,0.0,0.0,0.03,1810.58,0.0,0.0,1792.3,0.9500856114059091,1.0,1157.3893002999953,1000.0,1156.8409002999954,1000.0,0.04693096781344093,0.0
3278,1684332060000.0,0.0,0.0,0.03,1810.58,0.0,0.0,1786.99,0.9500856114059091,1.0,1157.3893002999953,1000.0,1156.6816002999954,1000.0,0.04693096781344093,0.0
3279,1684335660000.0,0.0,0.0,0.03,1810.58,0.0,0.0,1797.71,0.9500856114059091,1.0,1157.3893002999953,1000.0,1157.0032002999953,1000.0,0.04693096781344093,0.0
3280,1684339260000.0,0.0,0.0,0.03,1810.58,0.0,0.0,1795.76,0.9500856114059091,1.0,1157.3893002999953,1000.0,1156.9447002999952,1000.0,0.04693096781344093,0.0
3281,1684342860000.0,0.0,0.0,0.03,1810.58,0.0,0.0,1804.73,0.9500856114059091,1.0,1157.3893002999953,1000.0,1157.2138002999952,1000.0,0.04693096781344093,0.0
3282,1684346460000.0,0.0,0.0,0.03,1810.58,0.0,0.0,1818.72,0.9500856114059091,1.0,1157.3893002999953,1000.0,1157.6335002999954,1000.0,0.04693096781344093,0.0
3283,1684350060000.0,0.0,0.0,0.03,1810.58,0.0,0.0,1820.36,0.9500856114059091,1.0,1157.3893002999953,1000.0,1157.6827002999953,1000.0,0.04693096781344093,0.0
3284,1684353660000.0,0.0,0.0,0.02,1810.58,0.0,0.0,1829.04,0.9500856114059091,1.0,1157.5176527399954,1000.0,1157.8868527399954,1000.0,0.031283842552450425,0.0
3285,1684357260000.0,0.0,0.0,0.01,1810.58,0.0,0.0,1825.51,0.9500856114059091,1.0,1157.6460051799954,1000.0,1157.7953051799955,1000.0,0.015640186999293308,0.0
3286,1684360860000.0,0.0,0.0,0.0,1810.58,0.0,0.0,1823.81,0.9500856114059091,1.0,1157.7743576199955,1000.0,1157.7743576199955,1000.0,0.0,0.0
3287,1684364460000.0,0.0,0.0,0.0,1810.58,0.0,0.0,1820.8,0.9500856114059091,1.0,1157.7743576199955,1000.0,1157.7743576199955,1000.0,0.0,0.0
3288,1684368060000.0,0.0,0.0,0.0,1810.58,0.0,0.0,1820.55,0.9500856114059091,1.0,1157.7743576199955,1000.0,1157.7743576199955,1000.0,0.0,0.0
3289,1684371660000.0,0.0,0.0,0.0,1810.58,0.0,0.0,1820.26,0.9500856114059091,1.0,1157.7743576199955,1000.0,1157.7743576199955,1000.0,0.0,0.0
3290,1684375260000.0,0.0,0.0,0.0,1810.58,0.0,0.0,1820.57,0.9500856114059091,1.0,1157.7743576199955,1000.0,1157.7743576199955,1000.0,0.0,0.0
3291,1684378860000.0,0.0,0.0,0.0,1810.58,0.0,0.0,1825.74,0.9500856114059091,1.0,1157.7743576199955,1000.0,1157.7743576199955,1000.0,0.0,0.0
3292,1684382460000.0,0.0,0.0,0.0,1810.58,0.0,0.0,1825.27,0.9500856114059091,1.0,1157.7743576199955,1000.0,1157.7743576199955,1000.0,0.0,0.0
3293,1684386060000.0,0.0,0.0,0.0,1810.58,0.0,0.0,1821.0,0.9500856114059091,1.0,1157.7743576199955,1000.0,1157.7743576199955,1000.0,0.0,0.0
3294,1684389660000.0,0.0,0.0,0.0,1810.58,0.0,0.0,1818.71,0.9500856114059091,1.0,1157.7743576199955,1000.0,1157.7743576199955,1000.0,0.0,0.0
3295,1684393260000.0,0.0,0.0,0.0,1810.58,0.0,0.0,1817.23,0.9500856114059091,1.0,1157.7743576199955,1000.0,1157.7743576199955,1000.0,0.0,0.0
3296,1684396860000.0,0.0,0.0,0.0,1810.58,0.0,0.0,1827.63,0.9500856114059091,1.0,1157.7743576199955,1000.0,1157.7743576199955,1000.0,0.0,0.0
3297,1684400460000.0,0.0,0.0,0.0,1810.58,0.0,0.0,1826.35,0.9500856114059091,1.0,1157.7743576199955,1000.0,1157.7743576199955,1000.0,0.0,0.0
3298,1684404060000.0,0.0,0.0,0.0,1810.58,0.0,0.0,1826.0,0.9500856114059091,1.0,1157.7743576199955,1000.0,1157.7743576199955,1000.0,0.0,0.0
3299,1684407660000.0,0.0,0.0,0.0,1810.58,0.0,0.0,1825.11,0.9500856114059091,1.0,1157.7743576199955,1000.0,1157.7743576199955,1000.0,0.0,0.0
3300,1684411260000.0,0.0,0.0,0.0,1810.58,0.0,0.0,1823.49,0.9500856114059091,1.0,1157.7743576199955,1000.0,1157.7743576199955,1000.0,0.0,0.0
3301,1684414860000.0,0.0,0.0,0.0,1810.58,0.0,0.0,1815.38,0.9500856114059091,1.0,1157.7743576199955,1000.0,1157.7743576199955,1000.0,0.0,0.0
3302,1684418460000.0,0.0,0.0,0.0,1810.58,0.0,0.0,1815.93,0.9500856114059091,1.0,1157.7743576199955,1000.0,1157.7743576199955,1000.0,0.0,0.0
3303,1684422060000.0,0.0,0.0,0.03,1809.5,0.0,0.0,1816.6,0.9500856114059091,1.0,1157.7635006199955,1000.0,1157.9765006199955,1000.0,0.04688781428238994,0.0
3304,1684425660000.0,0.0,0.0,0.03,1809.5,0.0,0.0,1806.26,0.9500856114059091,1.0,1157.7635006199955,1000.0,1157.6663006199956,1000.0,0.04688781428238994,0.0
3305,1684429260000.0,0.0,0.0,0.03,1809.5,0.0,0.0,1810.09,0.9500856114059091,1.0,1157.7635006199955,1000.0,1157.7812006199956,1000.0,0.04688781428238994,0.0
3306,1684432860000.0,0.0,0.0,0.08,1784.95625,0.0,0.0,1775.6,0.9500856114059091,1.0,1157.7457983199954,1000.0,1156.9972983199955,1000.0,0.1233401150815766,0.0
3307,1684436460000.0,0.0,0.0,0.08,1784.95625,0.0,0.0,1785.38,0.9500856114059091,1.0,1157.7457983199954,1000.0,1157.7796983199953,1000.0,0.1233401150815766,0.0
3308,1684440060000.0,0.0,0.0,0.06,1784.95625,0.0,0.0,1794.78,0.9500856114059091,1.0,1157.9988814399956,1000.0,1158.5883064399954,1000.0,0.09248486912769915,0.0
3309,1684443660000.0,0.0,0.0,0.03,1784.95625,0.0,0.0,1797.35,0.9500856114059091,1.0,1158.3785061199958,1000.0,1158.7503186199958,1000.0,0.04622727995822543,0.0
3310,1684447260000.0,0.0,0.0,0.0,1789.2208333333338,0.0,0.0,1812.4,0.9500856114059091,1.0,1158.8818136199957,1000.0,1158.8818136199957,1000.0,0.0,0.0
3311,1684450860000.0,0.0,0.0,0.0,1789.2208333333338,0.0,0.0,1806.71,0.9500856114059091,1.0,1158.8818136199957,1000.0,1158.8818136199957,1000.0,0.0,0.0
3312,1684454460000.0,0.0,0.0,0.0,1789.2208333333338,0.0,0.0,1800.15,0.9500856114059091,1.0,1158.8818136199957,1000.0,1158.8818136199957,1000.0,0.0,0.0
3313,1684458060000.0,0.0,0.0,0.03,1797.78,0.0,0.0,1802.96,0.9500856114059091,1.0,1158.8710269399958,1000.0,1159.0264269399959,1000.0,0.04653960513829687,0.0
3314,1684461660000.0,0.0,0.0,0.03,1797.78,0.0,0.0,1797.79,0.9500856114059091,1.0,1158.8710269399958,1000.0,1158.8713269399957,1000.0,0.04653960513829687,0.0
3315,1684465260000.0,0.0,0.0,0.03,1797.78,0.0,0.0,1799.33,0.9500856114059091,1.0,1158.8710269399958,1000.0,1158.9175269399957,1000.0,0.04653960513829687,0.0
3316,1684468860000.0,0.0,0.0,0.03,1797.78,0.0,0.0,1800.46,0.9500856114059091,1.0,1158.8710269399958,1000.0,1158.9514269399958,1000.0,0.04653960513829687,0.0
3317,1684472460000.0,0.0,0.0,0.03,1797.78,0.0,0.0,1804.44,0.9500856114059091,1.0,1158.8710269399958,1000.0,1159.0708269399959,1000.0,0.04653960513829687,0.0
3318,1684476060000.0,0.0,0.0,0.03,1797.78,0.0,0.0,1804.28,0.9500856114059091,1.0,1158.8710269399958,1000.0,1159.0660269399957,1000.0,0.04653960513829687,0.0
3319,1684479660000.0,0.0,0.0,0.03,1797.78,0.0,0.0,1805.48,0.9500856114059091,1.0,1158.8710269399958,1000.0,1159.1020269399958,1000.0,0.04653960513829687,0.0
3320,1684483260000.0,0.0,0.0,0.03,1797.78,0.0,0.0,1805.61,0.9500856114059091,1.0,1158.8710269399958,1000.0,1159.1059269399957,1000.0,0.04653960513829687,0.0
3321,1684486860000.0,0.0,0.0,0.03,1797.78,0.0,0.0,1810.66,0.9500856114059091,1.0,1158.8710269399958,1000.0,1159.2574269399959,1000.0,0.04653960513829687,0.0
3322,1684490460000.0,0.0,0.0,0.03,1797.78,0.0,0.0,1808.5,0.9500856114059091,1.0,1158.8710269399958,1000.0,1159.1926269399958,1000.0,0.04653960513829687,0.0
3323,1684494060000.0,0.0,0.0,0.02,1797.78,0.0,0.0,1806.94,0.9500856114059091,1.0,1158.9984051799959,1000.0,1159.1816051799958,1000.0,0.03102299350827492,0.0
3324,1684497660000.0,0.0,0.0,0.02,1797.78,0.0,0.0,1808.0,0.9500856114059091,1.0,1158.9984051799959,1000.0,1159.202805179996,1000.0,0.03102299350827492,0.0
3325,1684501260000.0,0.0,0.0,0.01,1797.78,0.0,0.0,1815.2,0.9500856114059091,1.0,1159.125783419996,1000.0,1159.299983419996,1000.0,0.015509792170230716,0.0
3326,1684504860000.0,0.0,0.0,0.01,1797.78,0.0,0.0,1811.48,0.9500856114059091,1.0,1159.125783419996,1000.0,1159.262783419996,1000.0,0.015509792170230716,0.0
3327,1684508460000.0,0.0,0.0,0.0,1797.78,0.0,0.0,1809.92,0.9500856114059091,1.0,1159.253161659996,1000.0,1159.253161659996,1000.0,0.0,0.0
3328,1684512060000.0,0.0,0.0,0.0,1797.78,0.0,0.0,1814.13,0.9500856114059091,1.0,1159.253161659996,1000.0,1159.253161659996,1000.0,0.0,0.0
3329,1684515660000.0,0.0,0.0,0.0,1797.78,0.0,0.0,1810.99,0.9500856114059091,1.0,1159.253161659996,1000.0,1159.253161659996,1000.0,0.0,0.0
3330,1684519260000.0,0.0,0.0,0.0,1797.78,0.0,0.0,1818.22,0.9500856114059091,1.0,1159.253161659996,1000.0,1159.253161659996,1000.0,0.0,0.0
3331,1684522860000.0,0.0,0.0,0.0,1797.78,0.0,0.0,1814.96,0.9500856114059091,1.0,1159.253161659996,1000.0,1159.253161659996,1000.0,0.0,0.0
3332,1684526460000.0,0.0,0.0,0.0,1797.78,0.0,0.0,1810.85,0.9500856114059091,1.0,1159.253161659996,1000.0,1159.253161659996,1000.0,0.0,0.0
3333,1684530060000.0,0.0,0.0,0.0,1797.78,0.0,0.0,1811.25,0.9500856114059091,1.0,1159.253161659996,1000.0,1159.253161659996,1000.0,0.0,0.0
3334,1684533660000.0,0.0,0.0,0.0,1797.78,0.0,0.0,1813.46,0.9500856114059091,1.0,1159.253161659996,1000.0,1159.253161659996,1000.0,0.0,0.0
3335,1684537260000.0,0.0,0.0,0.0,1797.78,0.0,0.0,1811.63,0.9500856114059091,1.0,1159.253161659996,1000.0,1159.253161659996,1000.0,0.0,0.0
3336,1684540860000.0,0.0,0.0,0.0,1797.78,0.0,0.0,1811.6,0.9500856114059091,1.0,1159.253161659996,1000.0,1159.253161659996,1000.0,0.0,0.0
3337,1684544460000.0,0.0,0.0,0.0,1797.78,0.0,0.0,1807.67,0.9500856114059091,1.0,1159.253161659996,1000.0,1159.253161659996,1000.0,0.0,0.0
3338,1684548060000.0,0.0,0.0,0.0,1797.78,0.0,0.0,1810.0,0.9500856114059091,1.0,1159.253161659996,1000.0,1159.253161659996,1000.0,0.0,0.0
3339,1684551660000.0,0.0,0.0,0.0,1797.78,0.0,0.0,1807.95,0.9500856114059091,1.0,1159.253161659996,1000.0,1159.253161659996,1000.0,0.0,0.0
3340,1684555260000.0,0.0,0.0,0.0,1797.78,0.0,0.0,1812.34,0.9500856114059091,1.0,1159.253161659996,1000.0,1159.253161659996,1000.0,0.0,0.0
3341,1684558860000.0,0.0,0.0,0.0,1797.78,0.0,0.0,1809.75,0.9500856114059091,1.0,1159.253161659996,1000.0,1159.253161659996,1000.0,0.0,0.0
3342,1684562460000.0,0.0,0.0,0.0,1797.78,0.0,0.0,1808.72,0.9500856114059091,1.0,1159.253161659996,1000.0,1159.253161659996,1000.0,0.0,0.0
3343,1684566060000.0,0.0,0.0,0.0,1797.78,0.0,0.0,1809.09,0.9500856114059091,1.0,1159.253161659996,1000.0,1159.253161659996,1000.0,0.0,0.0
3344,1684569660000.0,0.0,0.0,0.0,1797.78,0.0,0.0,1810.67,0.9500856114059091,1.0,1159.253161659996,1000.0,1159.253161659996,1000.0,0.0,0.0
3345,1684573260000.0,0.0,0.0,0.0,1797.78,0.0,0.0,1813.62,0.9500856114059091,1.0,1159.253161659996,1000.0,1159.253161659996,1000.0,0.0,0.0
3346,1684576860000.0,0.0,0.0,0.0,1797.78,0.0,0.0,1812.96,0.9500856114059091,1.0,1159.253161659996,1000.0,1159.253161659996,1000.0,0.0,0.0
3347,1684580460000.0,0.0,0.0,0.0,1797.78,0.0,0.0,1812.44,0.9500856114059091,1.0,1159.253161659996,1000.0,1159.253161659996,1000.0,0.0,0.0
3348,1684584060000.0,0.0,0.0,0.0,1797.78,0.0,0.0,1812.48,0.9500856114059091,1.0,1159.253161659996,1000.0,1159.253161659996,1000.0,0.0,0.0
3349,1684587660000.0,0.0,0.0,0.0,1797.78,0.0,0.0,1813.93,0.9500856114059091,1.0,1159.253161659996,1000.0,1159.253161659996,1000.0,0.0,0.0
3350,1684591260000.0,0.0,0.0,0.0,1797.78,0.0,0.0,1814.77,0.9500856114059091,1.0,1159.253161659996,1000.0,1159.253161659996,1000.0,0.0,0.0
3351,1684594860000.0,0.0,0.0,0.0,1797.78,0.0,0.0,1818.11,0.9500856114059091,1.0,1159.253161659996,1000.0,1159.253161659996,1000.0,0.0,0.0
3352,1684598460000.0,0.0,0.0,0.0,1797.78,0.0,0.0,1817.12,0.9500856114059091,1.0,1159.253161659996,1000.0,1159.253161659996,1000.0,0.0,0.0
3353,1684602060000.0,0.0,0.0,0.0,1797.78,0.0,0.0,1814.96,0.9500856114059091,1.0,1159.253161659996,1000.0,1159.253161659996,1000.0,0.0,0.0
3354,1684605660000.0,0.0,0.0,0.0,1797.78,0.0,0.0,1825.12,0.9500856114059091,1.0,1159.253161659996,1000.0,1159.253161659996,1000.0,0.0,0.0
3355,1684609260000.0,0.0,0.0,0.0,1797.78,0.0,0.0,1819.5,0.9500856114059091,1.0,1159.253161659996,1000.0,1159.253161659996,1000.0,0.0,0.0
3356,1684612860000.0,0.0,0.0,0.0,1797.78,0.0,0.0,1820.85,0.9500856114059091,1.0,1159.253161659996,1000.0,1159.253161659996,1000.0,0.0,0.0
3357,1684616460000.0,0.0,0.0,0.0,1797.78,0.0,0.0,1813.24,0.9500856114059091,1.0,1159.253161659996,1000.0,1159.253161659996,1000.0,0.0,0.0
3358,1684620060000.0,0.0,0.0,0.0,1797.78,0.0,0.0,1816.32,0.9500856114059091,1.0,1159.253161659996,1000.0,1159.253161659996,1000.0,0.0,0.0
3359,1684623660000.0,0.0,0.0,0.0,1797.78,0.0,0.0,1817.0,0.9500856114059091,1.0,1159.253161659996,1000.0,1159.253161659996,1000.0,0.0,0.0
3360,1684627260000.0,0.0,0.0,0.0,1797.78,0.0,0.0,1816.28,0.9500856114059091,1.0,1159.253161659996,1000.0,1159.253161659996,1000.0,0.0,0.0
3361,1684630860000.0,0.0,0.0,0.0,1797.78,0.0,0.0,1823.04,0.9500856114059091,1.0,1159.253161659996,1000.0,1159.253161659996,1000.0,0.0,0.0
3362,1684634460000.0,0.0,0.0,0.0,1797.78,0.0,0.0,1816.67,0.9500856114059091,1.0,1159.253161659996,1000.0,1159.253161659996,1000.0,0.0,0.0
3363,1684638060000.0,0.0,0.0,0.0,1797.78,0.0,0.0,1817.73,0.9500856114059091,1.0,1159.253161659996,1000.0,1159.253161659996,1000.0,0.0,0.0
3364,1684641660000.0,0.0,0.0,0.0,1797.78,0.0,0.0,1817.01,0.9500856114059091,1.0,1159.253161659996,1000.0,1159.253161659996,1000.0,0.0,0.0
3365,1684645260000.0,0.0,0.0,0.0,1797.78,0.0,0.0,1815.65,0.9500856114059091,1.0,1159.253161659996,1000.0,1159.253161659996,1000.0,0.0,0.0
3366,1684648860000.0,0.0,0.0,0.0,1797.78,0.0,0.0,1813.93,0.9500856114059091,1.0,1159.253161659996,1000.0,1159.253161659996,1000.0,0.0,0.0
3367,1684652460000.0,0.0,0.0,0.0,1797.78,0.0,0.0,1813.14,0.9500856114059091,1.0,1159.253161659996,1000.0,1159.253161659996,1000.0,0.0,0.0
3368,1684656060000.0,0.0,0.0,0.0,1797.78,0.0,0.0,1813.04,0.9500856114059091,1.0,1159.253161659996,1000.0,1159.253161659996,1000.0,0.0,0.0
3369,1684659660000.0,0.0,0.0,0.0,1797.78,0.0,0.0,1813.19,0.9500856114059091,1.0,1159.253161659996,1000.0,1159.253161659996,1000.0,0.0,0.0
3370,1684663260000.0,0.0,0.0,0.0,1797.78,0.0,0.0,1815.49,0.9500856114059091,1.0,1159.253161659996,1000.0,1159.253161659996,1000.0,0.0,0.0
3371,1684666860000.0,0.0,0.0,0.0,1797.78,0.0,0.0,1808.0,0.9500856114059091,1.0,1159.253161659996,1000.0,1159.253161659996,1000.0,0.0,0.0
3372,1684670460000.0,0.0,0.0,0.0,1797.78,0.0,0.0,1809.32,0.9500856114059091,1.0,1159.253161659996,1000.0,1159.253161659996,1000.0,0.0,0.0
3373,1684674060000.0,0.0,0.0,0.0,1797.78,0.0,0.0,1812.46,0.9500856114059091,1.0,1159.253161659996,1000.0,1159.253161659996,1000.0,0.0,0.0
3374,1684677660000.0,0.0,0.0,0.0,1797.78,0.0,0.0,1811.59,0.9500856114059091,1.0,1159.253161659996,1000.0,1159.253161659996,1000.0,0.0,0.0
3375,1684681260000.0,0.0,0.0,0.0,1797.78,0.0,0.0,1812.77,0.9500856114059091,1.0,1159.253161659996,1000.0,1159.253161659996,1000.0,0.0,0.0
3376,1684684860000.0,0.0,0.0,0.03,1803.51,0.0,0.0,1806.7,0.9500856114059091,1.0,1159.2423405999962,1000.0,1159.3380405999962,1000.0,0.04667298467721286,0.0
3377,1684688460000.0,0.0,0.0,0.03,1803.51,0.0,0.0,1806.0,0.9500856114059091,1.0,1159.2423405999962,1000.0,1159.317040599996,1000.0,0.04667298467721286,0.0
3378,1684692060000.0,0.0,0.0,0.03,1803.51,0.0,0.0,1805.75,0.9500856114059091,1.0,1159.2423405999962,1000.0,1159.3095405999961,1000.0,0.04667298467721286,0.0
3379,1684695660000.0,0.0,0.0,0.03,1803.51,0.0,0.0,1805.52,0.9500856114059091,1.0,1159.2423405999962,1000.0,1159.3026405999963,1000.0,0.04667298467721286,0.0
3380,1684699260000.0,0.0,0.0,0.03,1803.51,0.0,0.0,1810.62,0.9500856114059091,1.0,1159.2423405999962,1000.0,1159.455640599996,1000.0,0.04667298467721286,0.0
3381,1684702860000.0,0.0,0.0,0.03,1803.51,0.0,0.0,1804.49,0.9500856114059091,1.0,1159.2423405999962,1000.0,1159.271740599996,1000.0,0.04667298467721286,0.0
3382,1684706460000.0,0.0,0.0,0.03,1803.51,0.0,0.0,1804.44,0.9500856114059091,1.0,1159.2423405999962,1000.0,1159.2702405999962,1000.0,0.04667298467721286,0.0
3383,1684710060000.0,0.0,0.0,0.03,1803.51,0.0,0.0,1804.28,0.9500856114059091,1.0,1159.2423405999962,1000.0,1159.265440599996,1000.0,0.04667298467721286,0.0
3384,1684713660000.0,0.0,0.0,0.03,1803.51,0.0,0.0,1805.23,0.9500856114059091,1.0,1159.2423405999962,1000.0,1159.2939405999962,1000.0,0.04667298467721286,0.0
3385,1684717260000.0,0.0,0.0,0.03,1803.51,0.0,0.0,1799.15,0.9500856114059091,1.0,1159.2423405999962,1000.0,1159.1115405999963,1000.0,0.04667298467721286,0.0
3386,1684720860000.0,0.0,0.0,0.03,1803.51,0.0,0.0,1792.86,0.9500856114059091,1.0,1159.2423405999962,1000.0,1158.922840599996,1000.0,0.04667298467721286,0.0
3387,1684724460000.0,0.0,0.0,0.03,1803.51,0.0,0.0,1800.8,0.9500856114059091,1.0,1159.2423405999962,1000.0,1159.161040599996,1000.0,0.04667298467721286,0.0
3388,1684728060000.0,0.0,0.0,0.03,1803.51,0.0,0.0,1800.61,0.9500856114059091,1.0,1159.2423405999962,1000.0,1159.1553405999962,1000.0,0.04667298467721286,0.0
3389,1684731660000.0,0.0,0.0,0.03,1803.51,0.0,0.0,1801.97,0.9500856114059091,1.0,1159.2423405999962,1000.0,1159.1961405999962,1000.0,0.04667298467721286,0.0
3390,1684735260000.0,0.0,0.0,0.03,1803.51,0.0,0.0,1803.02,0.9500856114059091,1.0,1159.2423405999962,1000.0,1159.2276405999962,1000.0,0.04667298467721286,0.0
3391,1684738860000.0,0.0,0.0,0.03,1803.51,0.0,0.0,1808.71,0.9500856114059091,1.0,1159.2423405999962,1000.0,1159.3983405999961,1000.0,0.04667298467721286,0.0
3392,1684742460000.0,0.0,0.0,0.03,1803.51,0.0,0.0,1813.46,0.9500856114059091,1.0,1159.2423405999962,1000.0,1159.5408405999963,1000.0,0.04667298467721286,0.0
3393,1684746060000.0,0.0,0.0,0.03,1803.51,0.0,0.0,1813.92,0.9500856114059091,1.0,1159.2423405999962,1000.0,1159.5546405999962,1000.0,0.04667298467721286,0.0
3394,1684749660000.0,0.0,0.0,0.0,1803.51,0.0,0.0,1818.82,0.9500856114059091,1.0,1159.625640699996,1000.0,1159.625640699996,1000.0,0.0,0.0
3395,1684753260000.0,0.0,0.0,0.0,1803.51,0.0,0.0,1816.2,0.9500856114059091,1.0,1159.625640699996,1000.0,1159.625640699996,1000.0,0.0,0.0
3396,1684756860000.0,0.0,0.0,0.0,1803.51,0.0,0.0,1813.68,0.9500856114059091,1.0,1159.625640699996,1000.0,1159.625640699996,1000.0,0.0,0.0
3397,1684760460000.0,0.0,0.0,0.0,1803.51,0.0,0.0,1808.31,0.9500856114059091,1.0,1159.625640699996,1000.0,1159.625640699996,1000.0,0.0,0.0
3398,1684764060000.0,0.0,0.0,0.0,1803.51,0.0,0.0,1822.73,0.9500856114059091,1.0,1159.625640699996,1000.0,1159.625640699996,1000.0,0.0,0.0
3399,1684767660000.0,0.0,0.0,0.0,1803.51,0.0,0.0,1817.28,0.9500856114059091,1.0,1159.625640699996,1000.0,1159.625640699996,1000.0,0.0,0.0
3400,1684771260000.0,0.0,0.0,0.0,1803.51,0.0,0.0,1816.2,0.9500856114059091,1.0,1159.625640699996,1000.0,1159.625640699996,1000.0,0.0,0.0
3401,1684774860000.0,0.0,0.0,0.0,1803.51,0.0,0.0,1817.3,0.9500856114059091,1.0,1159.625640699996,1000.0,1159.625640699996,1000.0,0.0,0.0
3402,1684778460000.0,0.0,0.0,0.0,1803.51,0.0,0.0,1817.99,0.9500856114059091,1.0,1159.625640699996,1000.0,1159.625640699996,1000.0,0.0,0.0
3403,1684782060000.0,0.0,0.0,0.0,1803.51,0.0,0.0,1818.18,0.9500856114059091,1.0,1159.625640699996,1000.0,1159.625640699996,1000.0,0.0,0.0
3404,1684785660000.0,0.0,0.0,0.0,1803.51,0.0,0.0,1815.0,0.9500856114059091,1.0,1159.625640699996,1000.0,1159.625640699996,1000.0,0.0,0.0
3405,1684789260000.0,0.0,0.0,0.0,1803.51,0.0,0.0,1817.82,0.9500856114059091,1.0,1159.625640699996,1000.0,1159.625640699996,1000.0,0.0,0.0
3406,1684792860000.0,0.0,0.0,0.0,1803.51,0.0,0.0,1820.4,0.9500856114059091,1.0,1159.625640699996,1000.0,1159.625640699996,1000.0,0.0,0.0
3407,1684796460000.0,0.0,0.0,0.0,1803.51,0.0,0.0,1817.31,0.9500856114059091,1.0,1159.625640699996,1000.0,1159.625640699996,1000.0,0.0,0.0
3408,1684800060000.0,0.0,0.0,0.0,1803.51,0.0,0.0,1816.64,0.9500856114059091,1.0,1159.625640699996,1000.0,1159.625640699996,1000.0,0.0,0.0
3409,1684803660000.0,0.0,0.0,0.0,1803.51,0.0,0.0,1815.38,0.9500856114059091,1.0,1159.625640699996,1000.0,1159.625640699996,1000.0,0.0,0.0
3410,1684807260000.0,0.0,0.0,0.0,1803.51,0.0,0.0,1836.79,0.9500856114059091,1.0,1159.625640699996,1000.0,1159.625640699996,1000.0,0.0,0.0
3411,1684810860000.0,0.0,0.0,0.0,1803.51,0.0,0.0,1841.06,0.9500856114059091,1.0,1159.625640699996,1000.0,1159.625640699996,1000.0,0.0,0.0
3412,1684814460000.0,0.0,0.0,0.0,1803.51,0.0,0.0,1864.69,0.9500856114059091,1.0,1159.625640699996,1000.0,1159.625640699996,1000.0,0.0,0.0
3413,1684818060000.0,0.0,0.0,0.0,1803.51,0.0,0.0,1857.08,0.9500856114059091,1.0,1159.625640699996,1000.0,1159.625640699996,1000.0,0.0,0.0
3414,1684821660000.0,0.0,0.0,0.0,1803.51,0.0,0.0,1859.96,0.9500856114059091,1.0,1159.625640699996,1000.0,1159.625640699996,1000.0,0.0,0.0
3415,1684825260000.0,0.0,0.0,0.0,1803.51,0.0,0.0,1854.74,0.9500856114059091,1.0,1159.625640699996,1000.0,1159.625640699996,1000.0,0.0,0.0
3416,1684828860000.0,0.0,0.0,0.0,1803.51,0.0,0.0,1852.98,0.9500856114059091,1.0,1159.625640699996,1000.0,1159.625640699996,1000.0,0.0,0.0
3417,1684832460000.0,0.0,0.0,0.0,1803.51,0.0,0.0,1854.53,0.9500856114059091,1.0,1159.625640699996,1000.0,1159.625640699996,1000.0,0.0,0.0
3418,1684836060000.0,0.0,0.0,0.0,1803.51,0.0,0.0,1854.99,0.9500856114059091,1.0,1159.625640699996,1000.0,1159.625640699996,1000.0,0.0,0.0
3419,1684839660000.0,0.0,0.0,0.0,1803.51,0.0,0.0,1856.0,0.9500856114059091,1.0,1159.625640699996,1000.0,1159.625640699996,1000.0,0.0,0.0
3420,1684843260000.0,0.0,0.0,0.0,1803.51,0.0,0.0,1852.02,0.9500856114059091,1.0,1159.625640699996,1000.0,1159.625640699996,1000.0,0.0,0.0
3421,1684846860000.0,0.0,0.0,0.0,1803.51,0.0,0.0,1851.37,0.9500856114059091,1.0,1159.625640699996,1000.0,1159.625640699996,1000.0,0.0,0.0
3422,1684850460000.0,0.0,0.0,0.0,1803.51,0.0,0.0,1847.92,0.9500856114059091,1.0,1159.625640699996,1000.0,1159.625640699996,1000.0,0.0,0.0
3423,1684854060000.0,0.0,0.0,0.0,1803.51,0.0,0.0,1854.92,0.9500856114059091,1.0,1159.625640699996,1000.0,1159.625640699996,1000.0,0.0,0.0
3424,1684857660000.0,0.0,0.0,0.0,1803.51,0.0,0.0,1855.61,0.9500856114059091,1.0,1159.625640699996,1000.0,1159.625640699996,1000.0,0.0,0.0
3425,1684861260000.0,0.0,0.0,0.0,1803.51,0.0,0.0,1849.43,0.9500856114059091,1.0,1159.625640699996,1000.0,1159.625640699996,1000.0,0.0,0.0
3426,1684864860000.0,0.0,0.0,0.0,1803.51,0.0,0.0,1850.09,0.9500856114059091,1.0,1159.625640699996,1000.0,1159.625640699996,1000.0,0.0,0.0
3427,1684868460000.0,0.0,0.0,0.0,1803.51,0.0,0.0,1841.98,0.9500856114059091,1.0,1159.625640699996,1000.0,1159.625640699996,1000.0,0.0,0.0
3428,1684872060000.0,0.0,0.0,0.0,1803.51,0.0,0.0,1850.8,0.9500856114059091,1.0,1159.625640699996,1000.0,1159.625640699996,1000.0,0.0,0.0
3429,1684875660000.0,0.0,0.0,0.0,1803.51,0.0,0.0,1850.43,0.9500856114059091,1.0,1159.625640699996,1000.0,1159.625640699996,1000.0,0.0,0.0
3430,1684879260000.0,0.0,0.0,0.0,1803.51,0.0,0.0,1847.75,0.9500856114059091,1.0,1159.625640699996,1000.0,1159.625640699996,1000.0,0.0,0.0
3431,1684882860000.0,0.0,0.0,0.0,1803.51,0.0,0.0,1852.3,0.9500856114059091,1.0,1159.625640699996,1000.0,1159.625640699996,1000.0,0.0,0.0
3432,1684886460000.0,0.0,0.0,0.0,1803.51,0.0,0.0,1852.51,0.9500856114059091,1.0,1159.625640699996,1000.0,1159.625640699996,1000.0,0.0,0.0
3433,1684890060000.0,0.0,0.0,0.0,1803.51,0.0,0.0,1848.28,0.9500856114059091,1.0,1159.625640699996,1000.0,1159.625640699996,1000.0,0.0,0.0
3434,1684893660000.0,0.0,0.0,0.0,1803.51,0.0,0.0,1844.71,0.9500856114059091,1.0,1159.625640699996,1000.0,1159.625640699996,1000.0,0.0,0.0
3435,1684897260000.0,0.0,0.0,0.0,1803.51,0.0,0.0,1844.81,0.9500856114059091,1.0,1159.625640699996,1000.0,1159.625640699996,1000.0,0.0,0.0
3436,1684900860000.0,0.0,0.0,0.03,1836.53,0.0,0.0,1818.62,0.9500856114059091,1.0,1159.614621519996,1000.0,1159.077321519996,1000.0,0.04751225017133845,0.0
3437,1684904460000.0,0.0,0.0,0.03,1836.53,0.0,0.0,1825.13,0.9500856114059091,1.0,1159.614621519996,1000.0,1159.272621519996,1000.0,0.04751225017133845,0.0
3438,1684908060000.0,0.0,0.0,0.03,1836.53,0.0,0.0,1823.82,0.9500856114059091,1.0,1159.614621519996,1000.0,1159.233321519996,1000.0,0.04751225017133845,0.0
3439,1684911660000.0,0.0,0.0,0.03,1836.53,0.0,0.0,1822.35,0.9500856114059091,1.0,1159.614621519996,1000.0,1159.189221519996,1000.0,0.04751225017133845,0.0
3440,1684915260000.0,0.0,0.0,0.03,1836.53,0.0,0.0,1814.8,0.9500856114059091,1.0,1159.614621519996,1000.0,1158.962721519996,1000.0,0.04751225017133845,0.0
3441,1684918860000.0,0.0,0.0,0.03,1836.53,0.0,0.0,1817.01,0.9500856114059091,1.0,1159.614621519996,1000.0,1159.0290215199961,1000.0,0.04751225017133845,0.0
3442,1684922460000.0,0.0,0.0,0.03,1836.53,0.0,0.0,1816.16,0.9500856114059091,1.0,1159.614621519996,1000.0,1159.003521519996,1000.0,0.04751225017133845,0.0
3443,1684926060000.0,0.0,0.0,0.03,1836.53,0.0,0.0,1814.8,0.9500856114059091,1.0,1159.614621519996,1000.0,1158.962721519996,1000.0,0.04751225017133845,0.0
3444,1684929660000.0,0.0,0.0,0.03,1836.53,0.0,0.0,1813.98,0.9500856114059091,1.0,1159.614621519996,1000.0,1158.938121519996,1000.0,0.04751225017133845,0.0
3445,1684933260000.0,0.0,0.0,0.03,1836.53,0.0,0.0,1815.3,0.9500856114059091,1.0,1159.614621519996,1000.0,1158.977721519996,1000.0,0.04751225017133845,0.0
3446,1684936860000.0,0.0,0.0,0.08,1811.605,0.0,0.0,1797.44,0.9500856114059091,1.0,1159.596655019996,1000.0,1158.463455019996,1000.0,0.12498173340927832,0.0
3447,1684940460000.0,0.0,0.0,0.08,1811.605,0.0,0.0,1783.87,0.9500856114059091,1.0,1159.596655019996,1000.0,1157.3778550199959,1000.0,0.12498173340927832,0.0
3448,1684944060000.0,0.0,0.0,0.08,1811.605,0.0,0.0,1792.89,0.9500856114059091,1.0,1159.596655019996,1000.0,1158.099455019996,1000.0,0.12498173340927832,0.0
3449,1684947660000.0,0.0,0.0,0.08,1811.605,0.0,0.0,1786.67,0.9500856114059091,1.0,1159.596655019996,1000.0,1157.601855019996,1000.0,0.12498173340927832,0.0
3450,1684951260000.0,0.0,0.0,0.08,1811.605,0.0,0.0,1791.76,0.9500856114059091,1.0,1159.596655019996,1000.0,1158.009055019996,1000.0,0.12498173340927832,0.0
3451,1684954860000.0,0.0,0.0,0.08,1811.605,0.0,0.0,1785.07,0.9500856114059091,1.0,1159.596655019996,1000.0,1157.4738550199959,1000.0,0.12498173340927832,0.0
3452,1684958460000.0,0.0,0.0,0.08,1811.605,0.0,0.0,1792.45,0.9500856114059091,1.0,1159.596655019996,1000.0,1158.064255019996,1000.0,0.12498173340927832,0.0
3453,1684962060000.0,0.0,0.0,0.08,1811.605,0.0,0.0,1807.64,0.9500856114059091,1.0,1159.596655019996,1000.0,1159.279455019996,1000.0,0.12498173340927832,0.0
3454,1684965660000.0,0.0,0.0,0.08,1811.605,0.0,0.0,1800.52,0.9500856114059091,1.0,1159.596655019996,1000.0,1158.709855019996,1000.0,0.12498173340927832,0.0
3455,1684969260000.0,0.0,0.0,0.08,1811.605,0.0,0.0,1797.97,0.9500856114059091,1.0,1159.596655019996,1000.0,1158.505855019996,1000.0,0.12498173340927832,0.0
3456,1684972860000.0,0.0,0.0,0.08,1811.605,0.0,0.0,1800.01,0.9500856114059091,1.0,1159.596655019996,1000.0,1158.669055019996,1000.0,0.12498173340927832,0.0
3457,1684976460000.0,0.0,0.0,0.08,1811.605,0.0,0.0,1793.73,0.9500856114059091,1.0,1159.596655019996,1000.0,1158.166655019996,1000.0,0.12498173340927832,0.0
3458,1684980060000.0,0.0,0.0,0.22,1784.8554545454547,0.0,0.0,1774.21,0.9500856114059091,1.0,1159.547107059996,1000.0,1157.205107059996,1000.0,0.33863928218975153,0.0
3459,1684983660000.0,0.0,0.0,0.22,1784.8554545454547,0.0,0.0,1779.43,0.9500856114059091,1.0,1159.547107059996,1000.0,1158.353507059996,1000.0,0.33863928218975153,0.0
3460,1684987260000.0,0.0,0.0,0.22,1784.8554545454547,0.0,0.0,1780.37,0.9500856114059091,1.0,1159.547107059996,1000.0,1158.560307059996,1000.0,0.33863928218975153,0.0
3461,1684990860000.0,0.0,0.0,0.22,1784.8554545454547,0.0,0.0,1778.23,0.9500856114059091,1.0,1159.547107059996,1000.0,1158.089507059996,1000.0,0.33863928218975153,0.0
3462,1684994460000.0,0.0,0.0,0.22,1784.8554545454547,0.0,0.0,1784.52,0.9500856114059091,1.0,1159.547107059996,1000.0,1159.473307059996,1000.0,0.33863928218975153,0.0
3463,1684998060000.0,0.0,0.0,0.22,1784.8554545454547,0.0,0.0,1783.65,0.9500856114059091,1.0,1159.547107059996,1000.0,1159.281907059996,1000.0,0.33863928218975153,0.0
3464,1685001660000.0,0.0,0.0,0.22,1784.8554545454547,0.0,0.0,1778.49,0.9500856114059091,1.0,1159.547107059996,1000.0,1158.146707059996,1000.0,0.33863928218975153,0.0
3465,1685005260000.0,0.0,0.0,0.22,1784.8554545454547,0.0,0.0,1784.56,0.9500856114059091,1.0,1159.547107059996,1000.0,1159.482107059996,1000.0,0.33863928218975153,0.0
3466,1685008860000.0,0.0,0.0,0.22,1784.8554545454547,0.0,0.0,1785.63,0.9500856114059091,1.0,1159.547107059996,1000.0,1159.717507059996,1000.0,0.33863928218975153,0.0
3467,1685012460000.0,0.0,0.0,0.22,1784.8554545454547,0.0,0.0,1785.7,0.9500856114059091,1.0,1159.547107059996,1000.0,1159.732907059996,1000.0,0.33863928218975153,0.0
3468,1685016060000.0,0.0,0.0,0.22,1784.8554545454547,0.0,0.0,1791.61,0.9500856114059091,1.0,1159.547107059996,1000.0,1161.033107059996,1000.0,0.33863928218975153,0.0
3469,1685019660000.0,0.0,0.0,0.19,1784.8554545454547,0.0,0.0,1802.0,0.9500856114059091,1.0,1159.9264562636324,1000.0,1163.183919899996,1000.0,0.2923655500160084,0.0
3470,1685023260000.0,0.0,0.0,0.08,1784.8554545454547,0.0,0.0,1800.89,0.9500856114059091,1.0,1161.3174033436323,1000.0,1162.600166979996,1000.0,0.1229538418631495,0.0
3471,1685026860000.0,0.0,0.0,0.03,1784.8554545454547,0.0,0.0,1798.35,0.9500856114059091,1.0,1161.94965201636,1000.0,1162.3544883799964,1000.0,0.046082602239644825,0.0
3472,1685030460000.0,0.0,0.0,0.01,1784.8554545454547,0.0,0.0,1792.0,0.9500856114059091,1.0,1162.202551485451,1000.0,1162.2739969399966,1000.0,0.015357524833035081,0.0
3473,1685034060000.0,0.0,0.0,0.0,1784.8554545454547,0.0,0.0,1797.95,0.9500856114059091,1.0,1162.3290012199966,1000.0,1162.3290012199966,1000.0,0.0,0.0
3474,1685037660000.0,0.0,0.0,0.0,1784.8554545454547,0.0,0.0,1808.09,0.9500856114059091,1.0,1162.3290012199966,1000.0,1162.3290012199966,1000.0,0.0,0.0
3475,1685041260000.0,0.0,0.0,0.0,1784.8554545454547,0.0,0.0,1804.71,0.9500856114059091,1.0,1162.3290012199966,1000.0,1162.3290012199966,1000.0,0.0,0.0
3476,1685044860000.0,0.0,0.0,0.0,1784.8554545454547,0.0,0.0,1810.73,0.9500856114059091,1.0,1162.3290012199966,1000.0,1162.3290012199966,1000.0,0.0,0.0
3477,1685048460000.0,0.0,0.0,0.0,1784.8554545454547,0.0,0.0,1806.88,0.9500856114059091,1.0,1162.3290012199966,1000.0,1162.3290012199966,1000.0,0.0,0.0
3478,1685052060000.0,0.0,0.0,0.0,1784.8554545454547,0.0,0.0,1807.16,0.9500856114059091,1.0,1162.3290012199966,1000.0,1162.3290012199966,1000.0,0.0,0.0
3479,1685055660000.0,0.0,0.0,0.0,1784.8554545454547,0.0,0.0,1806.85,0.9500856114059091,1.0,1162.3290012199966,1000.0,1162.3290012199966,1000.0,0.0,0.0
3480,1685059260000.0,0.0,0.0,0.0,1784.8554545454547,0.0,0.0,1805.16,0.9500856114059091,1.0,1162.3290012199966,1000.0,1162.3290012199966,1000.0,0.0,0.0
3481,1685062860000.0,0.0,0.0,0.0,1784.8554545454547,0.0,0.0,1804.61,0.9500856114059091,1.0,1162.3290012199966,1000.0,1162.3290012199966,1000.0,0.0,0.0
3482,1685066460000.0,0.0,0.0,0.0,1784.8554545454547,0.0,0.0,1801.54,0.9500856114059091,1.0,1162.3290012199966,1000.0,1162.3290012199966,1000.0,0.0,0.0
3483,1685070060000.0,0.0,0.0,0.0,1784.8554545454547,0.0,0.0,1801.25,0.9500856114059091,1.0,1162.3290012199966,1000.0,1162.3290012199966,1000.0,0.0,0.0
3484,1685073660000.0,0.0,0.0,0.0,1784.8554545454547,0.0,0.0,1806.48,0.9500856114059091,1.0,1162.3290012199966,1000.0,1162.3290012199966,1000.0,0.0,0.0
3485,1685077260000.0,0.0,0.0,0.0,1784.8554545454547,0.0,0.0,1807.12,0.9500856114059091,1.0,1162.3290012199966,1000.0,1162.3290012199966,1000.0,0.0,0.0
3486,1685080860000.0,0.0,0.0,0.0,1784.8554545454547,0.0,0.0,1801.56,0.9500856114059091,1.0,1162.3290012199966,1000.0,1162.3290012199966,1000.0,0.0,0.0
3487,1685084460000.0,0.0,0.0,0.0,1784.8554545454547,0.0,0.0,1809.73,0.9500856114059091,1.0,1162.3290012199966,1000.0,1162.3290012199966,1000.0,0.0,0.0
3488,1685088060000.0,0.0,0.0,0.0,1784.8554545454547,0.0,0.0,1816.0,0.9500856114059091,1.0,1162.3290012199966,1000.0,1162.3290012199966,1000.0,0.0,0.0
3489,1685091660000.0,0.0,0.0,0.0,1784.8554545454547,0.0,0.0,1813.25,0.9500856114059091,1.0,1162.3290012199966,1000.0,1162.3290012199966,1000.0,0.0,0.0
3490,1685095260000.0,0.0,0.0,0.0,1784.8554545454547,0.0,0.0,1812.0,0.9500856114059091,1.0,1162.3290012199966,1000.0,1162.3290012199966,1000.0,0.0,0.0
3491,1685098860000.0,0.0,0.0,0.0,1784.8554545454547,0.0,0.0,1812.51,0.9500856114059091,1.0,1162.3290012199966,1000.0,1162.3290012199966,1000.0,0.0,0.0
3492,1685102460000.0,0.0,0.0,0.0,1784.8554545454547,0.0,0.0,1812.07,0.9500856114059091,1.0,1162.3290012199966,1000.0,1162.3290012199966,1000.0,0.0,0.0
3493,1685106060000.0,0.0,0.0,0.0,1784.8554545454547,0.0,0.0,1815.15,0.9500856114059091,1.0,1162.3290012199966,1000.0,1162.3290012199966,1000.0,0.0,0.0
3494,1685109660000.0,0.0,0.0,0.0,1784.8554545454547,0.0,0.0,1824.45,0.9500856114059091,1.0,1162.3290012199966,1000.0,1162.3290012199966,1000.0,0.0,0.0
3495,1685113260000.0,0.0,0.0,0.0,1784.8554545454547,0.0,0.0,1830.5,0.9500856114059091,1.0,1162.3290012199966,1000.0,1162.3290012199966,1000.0,0.0,0.0
3496,1685116860000.0,0.0,0.0,0.0,1784.8554545454547,0.0,0.0,1829.64,0.9500856114059091,1.0,1162.3290012199966,1000.0,1162.3290012199966,1000.0,0.0,0.0
3497,1685120460000.0,0.0,0.0,0.0,1784.8554545454547,0.0,0.0,1827.9,0.9500856114059091,1.0,1162.3290012199966,1000.0,1162.3290012199966,1000.0,0.0,0.0
3498,1685124060000.0,0.0,0.0,0.0,1784.8554545454547,0.0,0.0,1823.05,0.9500856114059091,1.0,1162.3290012199966,1000.0,1162.3290012199966,1000.0,0.0,0.0
3499,1685127660000.0,0.0,0.0,0.0,1784.8554545454547,0.0,0.0,1832.84,0.9500856114059091,1.0,1162.3290012199966,1000.0,1162.3290012199966,1000.0,0.0,0.0
3500,1685131260000.0,0.0,0.0,0.0,1784.8554545454547,0.0,0.0,1833.26,0.9500856114059091,1.0,1162.3290012199966,1000.0,1162.3290012199966,1000.0,0.0,0.0
3501,1685134860000.0,0.0,0.0,0.0,1784.8554545454547,0.0,0.0,1833.2,0.9500856114059091,1.0,1162.3290012199966,1000.0,1162.3290012199966,1000.0,0.0,0.0
3502,1685138460000.0,0.0,0.0,0.0,1784.8554545454547,0.0,0.0,1830.49,0.9500856114059091,1.0,1162.3290012199966,1000.0,1162.3290012199966,1000.0,0.0,0.0
3503,1685142060000.0,0.0,0.0,0.0,1784.8554545454547,0.0,0.0,1826.13,0.9500856114059091,1.0,1162.3290012199966,1000.0,1162.3290012199966,1000.0,0.0,0.0
3504,1685145660000.0,0.0,0.0,0.0,1784.8554545454547,0.0,0.0,1826.1,0.9500856114059091,1.0,1162.3290012199966,1000.0,1162.3290012199966,1000.0,0.0,0.0
3505,1685149260000.0,0.0,0.0,0.0,1784.8554545454547,0.0,0.0,1826.15,0.9500856114059091,1.0,1162.3290012199966,1000.0,1162.3290012199966,1000.0,0.0,0.0
3506,1685152860000.0,0.0,0.0,0.0,1784.8554545454547,0.0,0.0,1829.49,0.9500856114059091,1.0,1162.3290012199966,1000.0,1162.3290012199966,1000.0,0.0,0.0
3507,1685156460000.0,0.0,0.0,0.0,1784.8554545454547,0.0,0.0,1832.09,0.9500856114059091,1.0,1162.3290012199966,1000.0,1162.3290012199966,1000.0,0.0,0.0
3508,1685160060000.0,0.0,0.0,0.0,1784.8554545454547,0.0,0.0,1833.15,0.9500856114059091,1.0,1162.3290012199966,1000.0,1162.3290012199966,1000.0,0.0,0.0
3509,1685163660000.0,0.0,0.0,0.0,1784.8554545454547,0.0,0.0,1833.42,0.9500856114059091,1.0,1162.3290012199966,1000.0,1162.3290012199966,1000.0,0.0,0.0
3510,1685167260000.0,0.0,0.0,0.0,1784.8554545454547,0.0,0.0,1830.59,0.9500856114059091,1.0,1162.3290012199966,1000.0,1162.3290012199966,1000.0,0.0,0.0
3511,1685170860000.0,0.0,0.0,0.0,1784.8554545454547,0.0,0.0,1831.76,0.9500856114059091,1.0,1162.3290012199966,1000.0,1162.3290012199966,1000.0,0.0,0.0
3512,1685174460000.0,0.0,0.0,0.0,1784.8554545454547,0.0,0.0,1828.5,0.9500856114059091,1.0,1162.3290012199966,1000.0,1162.3290012199966,1000.0,0.0,0.0
3513,1685178060000.0,0.0,0.0,0.0,1784.8554545454547,0.0,0.0,1827.94,0.9500856114059091,1.0,1162.3290012199966,1000.0,1162.3290012199966,1000.0,0.0,0.0
3514,1685181660000.0,0.0,0.0,0.0,1784.8554545454547,0.0,0.0,1825.38,0.9500856114059091,1.0,1162.3290012199966,1000.0,1162.3290012199966,1000.0,0.0,0.0
3515,1685185260000.0,0.0,0.0,0.0,1784.8554545454547,0.0,0.0,1824.2,0.9500856114059091,1.0,1162.3290012199966,1000.0,1162.3290012199966,1000.0,0.0,0.0
3516,1685188860000.0,0.0,0.0,0.0,1784.8554545454547,0.0,0.0,1824.29,0.9500856114059091,1.0,1162.3290012199966,1000.0,1162.3290012199966,1000.0,0.0,0.0
3517,1685192460000.0,0.0,0.0,0.0,1784.8554545454547,0.0,0.0,1827.99,0.9500856114059091,1.0,1162.3290012199966,1000.0,1162.3290012199966,1000.0,0.0,0.0
3518,1685196060000.0,0.0,0.0,0.03,1815.74,0.0,0.0,1821.68,0.9500856114059091,1.0,1162.3181067799967,1000.0,1162.4963067799968,1000.0,0.046865139312770324,0.0
3519,1685199660000.0,0.0,0.0,0.03,1815.74,0.0,0.0,1821.63,0.9500856114059091,1.0,1162.3181067799967,1000.0,1162.4948067799967,1000.0,0.046865139312770324,0.0
3520,1685203260000.0,0.0,0.0,0.03,1815.74,0.0,0.0,1822.2,0.9500856114059091,1.0,1162.3181067799967,1000.0,1162.5119067799967,1000.0,0.046865139312770324,0.0
3521,1685206860000.0,0.0,0.0,0.03,1815.74,0.0,0.0,1820.57,0.9500856114059091,1.0,1162.3181067799967,1000.0,1162.4630067799967,1000.0,0.046865139312770324,0.0
3522,1685210460000.0,0.0,0.0,0.03,1815.74,0.0,0.0,1823.83,0.9500856114059091,1.0,1162.3181067799967,1000.0,1162.5608067799967,1000.0,0.046865139312770324,0.0
3523,1685214060000.0,0.0,0.0,0.03,1815.74,0.0,0.0,1820.77,0.9500856114059091,1.0,1162.3181067799967,1000.0,1162.4690067799968,1000.0,0.046865139312770324,0.0
3524,1685217660000.0,0.0,0.0,0.03,1815.74,0.0,0.0,1824.52,0.9500856114059091,1.0,1162.3181067799967,1000.0,1162.5815067799967,1000.0,0.046865139312770324,0.0
3525,1685221260000.0,0.0,0.0,0.03,1815.74,0.0,0.0,1826.93,0.9500856114059091,1.0,1162.3181067799967,1000.0,1162.6538067799968,1000.0,0.046865139312770324,0.0
3526,1685224860000.0,0.0,0.0,0.03,1815.74,0.0,0.0,1826.87,0.9500856114059091,1.0,1162.3181067799967,1000.0,1162.6520067799968,1000.0,0.046865139312770324,0.0
3527,1685228460000.0,0.0,0.0,0.0,1815.74,0.0,0.0,1829.0,0.9500856114059091,1.0,1162.7040329599965,1000.0,1162.7040329599965,1000.0,0.0,0.0
3528,1685232060000.0,0.0,0.0,0.0,1815.74,0.0,0.0,1828.18,0.9500856114059091,1.0,1162.7040329599965,1000.0,1162.7040329599965,1000.0,0.0,0.0
3529,1685235660000.0,0.0,0.0,0.0,1815.74,0.0,0.0,1854.43,0.9500856114059091,1.0,1162.7040329599965,1000.0,1162.7040329599965,1000.0,0.0,0.0
3530,1685239260000.0,0.0,0.0,0.0,1815.74,0.0,0.0,1848.99,0.9500856114059091,1.0,1162.7040329599965,1000.0,1162.7040329599965,1000.0,0.0,0.0
3531,1685242860000.0,0.0,0.0,0.0,1815.74,0.0,0.0,1845.68,0.9500856114059091,1.0,1162.7040329599965,1000.0,1162.7040329599965,1000.0,0.0,0.0
3532,1685246460000.0,0.0,0.0,0.0,1815.74,0.0,0.0,1851.65,0.9500856114059091,1.0,1162.7040329599965,1000.0,1162.7040329599965,1000.0,0.0,0.0
3533,1685250060000.0,0.0,0.0,0.0,1815.74,0.0,0.0,1848.0,0.9500856114059091,1.0,1162.7040329599965,1000.0,1162.7040329599965,1000.0,0.0,0.0
3534,1685253660000.0,0.0,0.0,0.0,1815.74,0.0,0.0,1847.06,0.9500856114059091,1.0,1162.7040329599965,1000.0,1162.7040329599965,1000.0,0.0,0.0
3535,1685257260000.0,0.0,0.0,0.0,1815.74,0.0,0.0,1845.16,0.9500856114059091,1.0,1162.7040329599965,1000.0,1162.7040329599965,1000.0,0.0,0.0
3536,1685260860000.0,0.0,0.0,0.0,1815.74,0.0,0.0,1846.01,0.9500856114059091,1.0,1162.7040329599965,1000.0,1162.7040329599965,1000.0,0.0,0.0
3537,1685264460000.0,0.0,0.0,0.0,1815.74,0.0,0.0,1845.29,0.9500856114059091,1.0,1162.7040329599965,1000.0,1162.7040329599965,1000.0,0.0,0.0
3538,1685268060000.0,0.0,0.0,0.0,1815.74,0.0,0.0,1843.98,0.9500856114059091,1.0,1162.7040329599965,1000.0,1162.7040329599965,1000.0,0.0,0.0
3539,1685271660000.0,0.0,0.0,0.0,1815.74,0.0,0.0,1845.11,0.9500856114059091,1.0,1162.7040329599965,1000.0,1162.7040329599965,1000.0,0.0,0.0
3540,1685275260000.0,0.0,0.0,0.0,1815.74,0.0,0.0,1843.31,0.9500856114059091,1.0,1162.7040329599965,1000.0,1162.7040329599965,1000.0,0.0,0.0
3541,1685278860000.0,0.0,0.0,0.0,1815.74,0.0,0.0,1840.02,0.9500856114059091,1.0,1162.7040329599965,1000.0,1162.7040329599965,1000.0,0.0,0.0
3542,1685282460000.0,0.0,0.0,0.0,1815.74,0.0,0.0,1842.5,0.9500856114059091,1.0,1162.7040329599965,1000.0,1162.7040329599965,1000.0,0.0,0.0
3543,1685286060000.0,0.0,0.0,0.0,1815.74,0.0,0.0,1837.83,0.9500856114059091,1.0,1162.7040329599965,1000.0,1162.7040329599965,1000.0,0.0,0.0
3544,1685289660000.0,0.0,0.0,0.0,1815.74,0.0,0.0,1842.2,0.9500856114059091,1.0,1162.7040329599965,1000.0,1162.7040329599965,1000.0,0.0,0.0
3545,1685293260000.0,0.0,0.0,0.0,1815.74,0.0,0.0,1843.27,0.9500856114059091,1.0,1162.7040329599965,1000.0,1162.7040329599965,1000.0,0.0,0.0
3546,1685296860000.0,0.0,0.0,0.0,1815.74,0.0,0.0,1844.04,0.9500856114059091,1.0,1162.7040329599965,1000.0,1162.7040329599965,1000.0,0.0,0.0
3547,1685300460000.0,0.0,0.0,0.0,1815.74,0.0,0.0,1848.9,0.9500856114059091,1.0,1162.7040329599965,1000.0,1162.7040329599965,1000.0,0.0,0.0
3548,1685304060000.0,0.0,0.0,0.0,1815.74,0.0,0.0,1849.66,0.9500856114059091,1.0,1162.7040329599965,1000.0,1162.7040329599965,1000.0,0.0,0.0
3549,1685307660000.0,0.0,0.0,0.0,1815.74,0.0,0.0,1853.57,0.9500856114059091,1.0,1162.7040329599965,1000.0,1162.7040329599965,1000.0,0.0,0.0
3550,1685311260000.0,0.0,0.0,0.0,1815.74,0.0,0.0,1887.77,0.9500856114059091,1.0,1162.7040329599965,1000.0,1162.7040329599965,1000.0,0.0,0.0
3551,1685314860000.0,0.0,0.0,0.0,1815.74,0.0,0.0,1906.73,0.9500856114059091,1.0,1162.7040329599965,1000.0,1162.7040329599965,1000.0,0.0,0.0
3552,1685318460000.0,0.0,0.0,0.0,1815.74,0.0,0.0,1909.35,0.9500856114059091,1.0,1162.7040329599965,1000.0,1162.7040329599965,1000.0,0.0,0.0
3553,1685322060000.0,0.0,0.0,0.0,1815.74,0.0,0.0,1913.54,0.9500856114059091,1.0,1162.7040329599965,1000.0,1162.7040329599965,1000.0,0.0,0.0
3554,1685325660000.0,0.0,0.0,0.0,1815.74,0.0,0.0,1917.41,0.9500856114059091,1.0,1162.7040329599965,1000.0,1162.7040329599965,1000.0,0.0,0.0
3555,1685329260000.0,0.0,0.0,0.0,1815.74,0.0,0.0,1909.72,0.9500856114059091,1.0,1162.7040329599965,1000.0,1162.7040329599965,1000.0,0.0,0.0
3556,1685332860000.0,0.0,0.0,0.0,1815.74,0.0,0.0,1903.63,0.9500856114059091,1.0,1162.7040329599965,1000.0,1162.7040329599965,1000.0,0.0,0.0
3557,1685336460000.0,0.0,0.0,0.0,1815.74,0.0,0.0,1899.24,0.9500856114059091,1.0,1162.7040329599965,1000.0,1162.7040329599965,1000.0,0.0,0.0
3558,1685340060000.0,0.0,0.0,0.0,1815.74,0.0,0.0,1904.21,0.9500856114059091,1.0,1162.7040329599965,1000.0,1162.7040329599965,1000.0,0.0,0.0
3559,1685343660000.0,0.0,0.0,0.0,1815.74,0.0,0.0,1901.51,0.9500856114059091,1.0,1162.7040329599965,1000.0,1162.7040329599965,1000.0,0.0,0.0
3560,1685347260000.0,0.0,0.0,0.0,1815.74,0.0,0.0,1900.1,0.9500856114059091,1.0,1162.7040329599965,1000.0,1162.7040329599965,1000.0,0.0,0.0
3561,1685350860000.0,0.0,0.0,0.0,1815.74,0.0,0.0,1898.85,0.9500856114059091,1.0,1162.7040329599965,1000.0,1162.7040329599965,1000.0,0.0,0.0
3562,1685354460000.0,0.0,0.0,0.0,1815.74,0.0,0.0,1903.23,0.9500856114059091,1.0,1162.7040329599965,1000.0,1162.7040329599965,1000.0,0.0,0.0
3563,1685358060000.0,0.0,0.0,0.0,1815.74,0.0,0.0,1901.09,0.9500856114059091,1.0,1162.7040329599965,1000.0,1162.7040329599965,1000.0,0.0,0.0
3564,1685361660000.0,0.0,0.0,0.0,1815.74,0.0,0.0,1902.01,0.9500856114059091,1.0,1162.7040329599965,1000.0,1162.7040329599965,1000.0,0.0,0.0
3565,1685365260000.0,0.0,0.0,0.0,1815.74,0.0,0.0,1896.57,0.9500856114059091,1.0,1162.7040329599965,1000.0,1162.7040329599965,1000.0,0.0,0.0
3566,1685368860000.0,0.0,0.0,0.0,1815.74,0.0,0.0,1899.01,0.9500856114059091,1.0,1162.7040329599965,1000.0,1162.7040329599965,1000.0,0.0,0.0
3567,1685372460000.0,0.0,0.0,0.0,1815.74,0.0,0.0,1893.71,0.9500856114059091,1.0,1162.7040329599965,1000.0,1162.7040329599965,1000.0,0.0,0.0
3568,1685376060000.0,0.0,0.0,0.0,1815.74,0.0,0.0,1887.19,0.9500856114059091,1.0,1162.7040329599965,1000.0,1162.7040329599965,1000.0,0.0,0.0
3569,1685379660000.0,0.0,0.0,0.03,1878.73,0.0,0.0,1878.72,0.9500856114059091,1.0,1162.6927605799965,1000.0,1162.6924605799966,1000.0,0.04847531687725009,0.0
3570,1685383260000.0,0.0,0.0,0.02,1878.73,0.0,0.0,1890.0,0.9500856114059091,1.0,1162.8258757399965,1000.0,1163.0512757399965,1000.0,0.03231317842500569,0.0
3571,1685386860000.0,0.0,0.0,0.0,1878.73,0.0,0.0,1889.95,0.9500856114059091,1.0,1163.0921060599965,1000.0,1163.0921060599965,1000.0,0.0,0.0
3572,1685390460000.0,0.0,0.0,0.0,1878.73,0.0,0.0,1890.99,0.9500856114059091,1.0,1163.0921060599965,1000.0,1163.0921060599965,1000.0,0.0,0.0
3573,1685394060000.0,0.0,0.0,0.0,1878.73,0.0,0.0,1891.72,0.9500856114059091,1.0,1163.0921060599965,1000.0,1163.0921060599965,1000.0,0.0,0.0
3574,1685397660000.0,0.0,0.0,0.0,1878.73,0.0,0.0,1889.0,0.9500856114059091,1.0,1163.0921060599965,1000.0,1163.0921060599965,1000.0,0.0,0.0
3575,1685401260000.0,0.0,0.0,0.0,1878.73,0.0,0.0,1891.01,0.9500856114059091,1.0,1163.0921060599965,1000.0,1163.0921060599965,1000.0,0.0,0.0
3576,1685404860000.0,0.0,0.0,0.0,1878.73,0.0,0.0,1891.56,0.9500856114059091,1.0,1163.0921060599965,1000.0,1163.0921060599965,1000.0,0.0,0.0
3577,1685408460000.0,0.0,0.0,0.0,1878.73,0.0,0.0,1891.15,0.9500856114059091,1.0,1163.0921060599965,1000.0,1163.0921060599965,1000.0,0.0,0.0
3578,1685412060000.0,0.0,0.0,0.0,1878.73,0.0,0.0,1896.65,0.9500856114059091,1.0,1163.0921060599965,1000.0,1163.0921060599965,1000.0,0.0,0.0
3579,1685415660000.0,0.0,0.0,0.0,1878.73,0.0,0.0,1898.43,0.9500856114059091,1.0,1163.0921060599965,1000.0,1163.0921060599965,1000.0,0.0,0.0
3580,1685419260000.0,0.0,0.0,0.0,1878.73,0.0,0.0,1900.68,0.9500856114059091,1.0,1163.0921060599965,1000.0,1163.0921060599965,1000.0,0.0,0.0
3581,1685422860000.0,0.0,0.0,0.0,1878.73,0.0,0.0,1897.01,0.9500856114059091,1.0,1163.0921060599965,1000.0,1163.0921060599965,1000.0,0.0,0.0
3582,1685426460000.0,0.0,0.0,0.0,1878.73,0.0,0.0,1898.59,0.9500856114059091,1.0,1163.0921060599965,1000.0,1163.0921060599965,1000.0,0.0,0.0
3583,1685430060000.0,0.0,0.0,0.0,1878.73,0.0,0.0,1903.52,0.9500856114059091,1.0,1163.0921060599965,1000.0,1163.0921060599965,1000.0,0.0,0.0
3584,1685433660000.0,0.0,0.0,0.0,1878.73,0.0,0.0,1898.43,0.9500856114059091,1.0,1163.0921060599965,1000.0,1163.0921060599965,1000.0,0.0,0.0
3585,1685437260000.0,0.0,0.0,0.0,1878.73,0.0,0.0,1902.0,0.9500856114059091,1.0,1163.0921060599965,1000.0,1163.0921060599965,1000.0,0.0,0.0
3586,1685440860000.0,0.0,0.0,0.0,1878.73,0.0,0.0,1906.06,0.9500856114059091,1.0,1163.0921060599965,1000.0,1163.0921060599965,1000.0,0.0,0.0
3587,1685444460000.0,0.0,0.0,0.0,1878.73,0.0,0.0,1904.77,0.9500856114059091,1.0,1163.0921060599965,1000.0,1163.0921060599965,1000.0,0.0,0.0
3588,1685448060000.0,0.0,0.0,0.0,1878.73,0.0,0.0,1913.39,0.9500856114059091,1.0,1163.0921060599965,1000.0,1163.0921060599965,1000.0,0.0,0.0
3589,1685451660000.0,0.0,0.0,0.0,1878.73,0.0,0.0,1908.84,0.9500856114059091,1.0,1163.0921060599965,1000.0,1163.0921060599965,1000.0,0.0,0.0
3590,1685455260000.0,0.0,0.0,0.0,1878.73,0.0,0.0,1902.0,0.9500856114059091,1.0,1163.0921060599965,1000.0,1163.0921060599965,1000.0,0.0,0.0
3591,1685458860000.0,0.0,0.0,0.0,1878.73,0.0,0.0,1898.39,0.9500856114059091,1.0,1163.0921060599965,1000.0,1163.0921060599965,1000.0,0.0,0.0
3592,1685462460000.0,0.0,0.0,0.0,1878.73,0.0,0.0,1897.64,0.9500856114059091,1.0,1163.0921060599965,1000.0,1163.0921060599965,1000.0,0.0,0.0
3593,1685466060000.0,0.0,0.0,0.0,1878.73,0.0,0.0,1900.14,0.9500856114059091,1.0,1163.0921060599965,1000.0,1163.0921060599965,1000.0,0.0,0.0
3594,1685469660000.0,0.0,0.0,0.0,1878.73,0.0,0.0,1900.74,0.9500856114059091,1.0,1163.0921060599965,1000.0,1163.0921060599965,1000.0,0.0,0.0
3595,1685473260000.0,0.0,0.0,0.0,1878.73,0.0,0.0,1907.68,0.9500856114059091,1.0,1163.0921060599965,1000.0,1163.0921060599965,1000.0,0.0,0.0
3596,1685476860000.0,0.0,0.0,0.0,1878.73,0.0,0.0,1905.53,0.9500856114059091,1.0,1163.0921060599965,1000.0,1163.0921060599965,1000.0,0.0,0.0
3597,1685480460000.0,0.0,0.0,0.0,1878.73,0.0,0.0,1902.72,0.9500856114059091,1.0,1163.0921060599965,1000.0,1163.0921060599965,1000.0,0.0,0.0
3598,1685484060000.0,0.0,0.0,0.0,1878.73,0.0,0.0,1903.0,0.9500856114059091,1.0,1163.0921060599965,1000.0,1163.0921060599965,1000.0,0.0,0.0
3599,1685487660000.0,0.0,0.0,0.0,1878.73,0.0,0.0,1902.6,0.9500856114059091,1.0,1163.0921060599965,1000.0,1163.0921060599965,1000.0,0.0,0.0
3600,1685491260000.0,0.0,0.0,0.0,1878.73,0.0,0.0,1899.69,0.9500856114059091,1.0,1163.0921060599965,1000.0,1163.0921060599965,1000.0,0.0,0.0
3601,1685494860000.0,0.0,0.0,0.0,1878.73,0.0,0.0,1903.8,0.9500856114059091,1.0,1163.0921060599965,1000.0,1163.0921060599965,1000.0,0.0,0.0
3602,1685498460000.0,0.0,0.0,0.03,1891.09,0.0,0.0,1894.65,0.9500856114059091,1.0,1163.0807595199965,1000.0,1163.1875595199965,1000.0,0.04877795418386388,0.0
3603,1685502060000.0,0.0,0.0,0.03,1891.09,0.0,0.0,1892.47,0.9500856114059091,1.0,1163.0807595199965,1000.0,1163.1221595199966,1000.0,0.04877795418386388,0.0
3604,1685505660000.0,0.0,0.0,0.03,1891.09,0.0,0.0,1896.37,0.9500856114059091,1.0,1163.0807595199965,1000.0,1163.2391595199965,1000.0,0.04877795418386388,0.0
3605,1685509260000.0,0.0,0.0,0.03,1891.09,0.0,0.0,1867.51,0.9500856114059091,1.0,1163.0807595199965,1000.0,1162.3733595199965,1000.0,0.04877795418386388,0.0
3606,1685512860000.0,0.0,0.0,0.03,1891.09,0.0,0.0,1859.05,0.9500856114059091,1.0,1163.0807595199965,1000.0,1162.1195595199965,1000.0,0.04877795418386388,0.0
3607,1685516460000.0,0.0,0.0,0.03,1891.09,0.0,0.0,1866.62,0.9500856114059091,1.0,1163.0807595199965,1000.0,1162.3466595199966,1000.0,0.04877795418386388,0.0
3608,1685520060000.0,0.0,0.0,0.03,1891.09,0.0,0.0,1868.43,0.9500856114059091,1.0,1163.0807595199965,1000.0,1162.4009595199966,1000.0,0.04877795418386388,0.0
3609,1685523660000.0,0.0,0.0,0.03,1891.09,0.0,0.0,1866.9,0.9500856114059091,1.0,1163.0807595199965,1000.0,1162.3550595199965,1000.0,0.04877795418386388,0.0
3610,1685527260000.0,0.0,0.0,0.03,1891.09,0.0,0.0,1869.41,0.9500856114059091,1.0,1163.0807595199965,1000.0,1162.4303595199965,1000.0,0.04877795418386388,0.0
3611,1685530860000.0,0.0,0.0,0.03,1891.09,0.0,0.0,1865.13,0.9500856114059091,1.0,1163.0807595199965,1000.0,1162.3019595199964,1000.0,0.04877795418386388,0.0
3612,1685534460000.0,0.0,0.0,0.03,1891.09,0.0,0.0,1865.76,0.9500856114059091,1.0,1163.0807595199965,1000.0,1162.3208595199965,1000.0,0.04877795418386388,0.0
3613,1685538060000.0,0.0,0.0,0.03,1891.09,0.0,0.0,1865.21,0.9500856114059091,1.0,1163.0807595199965,1000.0,1162.3043595199965,1000.0,0.04877795418386388,0.0
3614,1685541660000.0,0.0,0.0,0.03,1891.09,0.0,0.0,1864.32,0.9500856114059091,1.0,1163.0807595199965,1000.0,1162.2776595199964,1000.0,0.04877795418386388,0.0
3615,1685545260000.0,0.0,0.0,0.08,1865.3962499999998,0.0,0.0,1861.08,0.9500856114059091,1.0,1163.0622597199965,1000.0,1162.7169597199966,1000.0,0.12830929621594553,0.0
3616,1685548860000.0,0.0,0.0,0.08,1865.3962499999998,0.0,0.0,1857.77,0.9500856114059091,1.0,1163.0622597199965,1000.0,1162.4521597199966,1000.0,0.12830929621594553,0.0
3617,1685552460000.0,0.0,0.0,0.08,1865.3962499999998,0.0,0.0,1859.37,0.9500856114059091,1.0,1163.0622597199965,1000.0,1162.5801597199966,1000.0,0.12830929621594553,0.0
3618,1685556060000.0,0.0,0.0,0.08,1865.3962499999998,0.0,0.0,1865.62,0.9500856114059091,1.0,1163.0622597199965,1000.0,1163.0801597199966,1000.0,0.12830929621594553,0.0
3619,1685559660000.0,0.0,0.0,0.08,1865.3962499999998,0.0,0.0,1860.57,0.9500856114059091,1.0,1163.0622597199965,1000.0,1162.6761597199966,1000.0,0.12830929621594553,0.0
3620,1685563260000.0,0.0,0.0,0.08,1865.3962499999998,0.0,0.0,1862.86,0.9500856114059091,1.0,1163.0622597199965,1000.0,1162.8593597199965,1000.0,0.12830929621594553,0.0
3621,1685566860000.0,0.0,0.0,0.08,1865.3962499999998,0.0,0.0,1864.86,0.9500856114059091,1.0,1163.0622597199965,1000.0,1163.0193597199966,1000.0,0.12830929621594553,0.0
3622,1685570460000.0,0.0,0.0,0.08,1865.3962499999998,0.0,0.0,1864.45,0.9500856114059091,1.0,1163.0622597199965,1000.0,1162.9865597199966,1000.0,0.12830929621594553,0.0
3623,1685574060000.0,0.0,0.0,0.08,1865.3962499999998,0.0,0.0,1868.0,0.9500856114059091,1.0,1163.0622597199965,1000.0,1163.2705597199965,1000.0,0.12830929621594553,0.0
3624,1685577660000.0,0.0,0.0,0.07,1865.3962499999998,0.0,0.0,1874.29,0.9500856114059091,1.0,1163.1944392399964,1000.0,1163.8170017399964,1000.0,0.11225787632316775,0.0
3625,1685581260000.0,0.0,0.0,0.05,1865.3962499999998,0.0,0.0,1872.53,0.9500856114059091,1.0,1163.4587982799962,1000.0,1163.8154857799962,1000.0,0.08016597806289813,0.0
3626,1685584860000.0,0.0,0.0,0.05,1865.3962499999998,0.0,0.0,1872.99,0.9500856114059091,1.0,1163.4587982799962,1000.0,1163.8384857799963,1000.0,0.08016597806289813,0.0
3627,1685588460000.0,0.0,0.0,0.05,1865.3962499999998,0.0,0.0,1851.17,0.9500856114059091,1.0,1163.4587982799962,1000.0,1162.7474857799962,1000.0,0.08016597806289813,0.0
3628,1685592060000.0,0.0,0.0,0.05,1865.3962499999998,0.0,0.0,1853.07,0.9500856114059091,1.0,1163.4587982799962,1000.0,1162.8424857799962,1000.0,0.08016597806289813,0.0
3629,1685595660000.0,0.0,0.0,0.05,1865.3962499999998,0.0,0.0,1853.42,0.9500856114059091,1.0,1163.4587982799962,1000.0,1162.8599857799964,1000.0,0.08016597806289813,0.0
3630,1685599260000.0,0.0,0.0,0.05,1865.3962499999998,0.0,0.0,1854.59,0.9500856114059091,1.0,1163.4587982799962,1000.0,1162.9184857799962,1000.0,0.08016597806289813,0.0
3631,1685602860000.0,0.0,0.0,0.05,1865.3962499999998,0.0,0.0,1853.06,0.9500856114059091,1.0,1163.4587982799962,1000.0,1162.8419857799963,1000.0,0.08016597806289813,0.0
3632,1685606460000.0,0.0,0.0,0.05,1865.3962499999998,0.0,0.0,1853.53,0.9500856114059091,1.0,1163.4587982799962,1000.0,1162.8654857799963,1000.0,0.08016597806289813,0.0
3633,1685610060000.0,0.0,0.0,0.05,1865.3962499999998,0.0,0.0,1860.49,0.9500856114059091,1.0,1163.4587982799962,1000.0,1163.2134857799963,1000.0,0.08016597806289813,0.0
3634,1685613660000.0,0.0,0.0,0.05,1865.3962499999998,0.0,0.0,1861.25,0.9500856114059091,1.0,1163.4587982799962,1000.0,1163.2514857799963,1000.0,0.08016597806289813,0.0
3635,1685617260000.0,0.0,0.0,0.05,1865.3962499999998,0.0,0.0,1859.32,0.9500856114059091,1.0,1163.4587982799962,1000.0,1163.1549857799962,1000.0,0.08016597806289813,0.0
3636,1685620860000.0,0.0,0.0,0.05,1865.3962499999998,0.0,0.0,1859.72,0.9500856114059091,1.0,1163.4587982799962,1000.0,1163.1749857799962,1000.0,0.08016597806289813,0.0
3637,1685624460000.0,0.0,0.0,0.05,1865.3962499999998,0.0,0.0,1865.66,0.9500856114059091,1.0,1163.4587982799962,1000.0,1163.4719857799962,1000.0,0.08016597806289813,0.0
3638,1685628060000.0,0.0,0.0,0.05,1865.3962499999998,0.0,0.0,1861.44,0.9500856114059091,1.0,1163.4587982799962,1000.0,1163.2609857799962,1000.0,0.08016597806289813,0.0
3639,1685631660000.0,0.0,0.0,0.05,1865.3962499999998,0.0,0.0,1857.97,0.9500856114059091,1.0,1163.4587982799962,1000.0,1163.0874857799963,1000.0,0.08016597806289813,0.0
3640,1685635260000.0,0.0,0.0,0.05,1865.3962499999998,0.0,0.0,1862.89,0.9500856114059091,1.0,1163.4587982799962,1000.0,1163.3334857799962,1000.0,0.08016597806289813,0.0
3641,1685638860000.0,0.0,0.0,0.03,1865.3962499999998,0.0,0.0,1874.43,0.9500856114059091,1.0,1163.723157319996,1000.0,1163.9941698199962,1000.0,0.04808866021784579,0.0
3642,1685642460000.0,0.0,0.0,0.02,1865.3962499999998,0.0,0.0,1870.02,0.9500856114059091,1.0,1163.855336839996,1000.0,1163.947811839996,1000.0,0.0320554658462068,0.0
3643,1685646060000.0,0.0,0.0,0.02,1865.3962499999998,0.0,0.0,1873.05,0.9500856114059091,1.0,1163.855336839996,1000.0,1164.008411839996,1000.0,0.0320554658462068,0.0
3644,1685649660000.0,0.0,0.0,0.02,1865.3962499999998,0.0,0.0,1869.82,0.9500856114059091,1.0,1163.855336839996,1000.0,1163.943811839996,1000.0,0.0320554658462068,0.0
3645,1685653260000.0,0.0,0.0,0.02,1865.3962499999998,0.0,0.0,1868.68,0.9500856114059091,1.0,1163.855336839996,1000.0,1163.921011839996,1000.0,0.0320554658462068,0.0
3646,1685656860000.0,0.0,0.0,0.02,1865.3962499999998,0.0,0.0,1867.99,0.9500856114059091,1.0,1163.855336839996,1000.0,1163.907211839996,1000.0,0.0320554658462068,0.0
3647,1685660460000.0,0.0,0.0,0.02,1865.3962499999998,0.0,0.0,1865.02,0.9500856114059091,1.0,1163.855336839996,1000.0,1163.847811839996,1000.0,0.0320554658462068,0.0
3648,1685664060000.0,0.0,0.0,0.03,1861.9008333333336,0.0,0.0,1860.97,0.9500856114059091,1.0,1163.851627019996,1000.0,1163.8237020199958,1000.0,0.04799325249303478,0.0
3649,1685667660000.0,0.0,0.0,0.03,1861.9008333333336,0.0,0.0,1862.87,0.9500856114059091,1.0,1163.851627019996,1000.0,1163.8807020199959,1000.0,0.04799325249303478,0.0
3650,1685671260000.0,0.0,0.0,0.03,1861.9008333333336,0.0,0.0,1867.96,0.9500856114059091,1.0,1163.851627019996,1000.0,1164.033402019996,1000.0,0.04799325249303478,0.0
3651,1685674860000.0,0.0,0.0,0.0,1861.9008333333336,0.0,0.0,1876.22,0.9500856114059091,1.0,1164.247449199996,1000.0,1164.247449199996,1000.0,0.0,0.0
3652,1685678460000.0,0.0,0.0,0.0,1861.9008333333336,0.0,0.0,1878.0,0.9500856114059091,1.0,1164.247449199996,1000.0,1164.247449199996,1000.0,0.0,0.0
3653,1685682060000.0,0.0,0.0,0.0,1861.9008333333336,0.0,0.0,1885.85,0.9500856114059091,1.0,1164.247449199996,1000.0,1164.247449199996,1000.0,0.0,0.0
3654,1685685660000.0,0.0,0.0,0.0,1861.9008333333336,0.0,0.0,1890.59,0.9500856114059091,1.0,1164.247449199996,1000.0,1164.247449199996,1000.0,0.0,0.0
3655,1685689260000.0,0.0,0.0,0.0,1861.9008333333336,0.0,0.0,1889.39,0.9500856114059091,1.0,1164.247449199996,1000.0,1164.247449199996,1000.0,0.0,0.0
3656,1685692860000.0,0.0,0.0,0.0,1861.9008333333336,0.0,0.0,1885.63,0.9500856114059091,1.0,1164.247449199996,1000.0,1164.247449199996,1000.0,0.0,0.0
3657,1685696460000.0,0.0,0.0,0.0,1861.9008333333336,0.0,0.0,1891.18,0.9500856114059091,1.0,1164.247449199996,1000.0,1164.247449199996,1000.0,0.0,0.0
3658,1685700060000.0,0.0,0.0,0.0,1861.9008333333336,0.0,0.0,1888.89,0.9500856114059091,1.0,1164.247449199996,1000.0,1164.247449199996,1000.0,0.0,0.0
3659,1685703660000.0,0.0,0.0,0.0,1861.9008333333336,0.0,0.0,1891.94,0.9500856114059091,1.0,1164.247449199996,1000.0,1164.247449199996,1000.0,0.0,0.0
3660,1685707260000.0,0.0,0.0,0.0,1861.9008333333336,0.0,0.0,1892.85,0.9500856114059091,1.0,1164.247449199996,1000.0,1164.247449199996,1000.0,0.0,0.0
3661,1685710860000.0,0.0,0.0,0.0,1861.9008333333336,0.0,0.0,1888.5,0.9500856114059091,1.0,1164.247449199996,1000.0,1164.247449199996,1000.0,0.0,0.0
3662,1685714460000.0,0.0,0.0,0.0,1861.9008333333336,0.0,0.0,1882.12,0.9500856114059091,1.0,1164.247449199996,1000.0,1164.247449199996,1000.0,0.0,0.0
3663,1685718060000.0,0.0,0.0,0.0,1861.9008333333336,0.0,0.0,1885.48,0.9500856114059091,1.0,1164.247449199996,1000.0,1164.247449199996,1000.0,0.0,0.0
3664,1685721660000.0,0.0,0.0,0.0,1861.9008333333336,0.0,0.0,1890.74,0.9500856114059091,1.0,1164.247449199996,1000.0,1164.247449199996,1000.0,0.0,0.0
3665,1685725260000.0,0.0,0.0,0.0,1861.9008333333336,0.0,0.0,1886.2,0.9500856114059091,1.0,1164.247449199996,1000.0,1164.247449199996,1000.0,0.0,0.0
3666,1685728860000.0,0.0,0.0,0.0,1861.9008333333336,0.0,0.0,1892.13,0.9500856114059091,1.0,1164.247449199996,1000.0,1164.247449199996,1000.0,0.0,0.0
3667,1685732460000.0,0.0,0.0,0.0,1861.9008333333336,0.0,0.0,1905.62,0.9500856114059091,1.0,1164.247449199996,1000.0,1164.247449199996,1000.0,0.0,0.0
3668,1685736060000.0,0.0,0.0,0.0,1861.9008333333336,0.0,0.0,1908.29,0.9500856114059091,1.0,1164.247449199996,1000.0,1164.247449199996,1000.0,0.0,0.0
3669,1685739660000.0,0.0,0.0,0.0,1861.9008333333336,0.0,0.0,1904.0,0.9500856114059091,1.0,1164.247449199996,1000.0,1164.247449199996,1000.0,0.0,0.0
3670,1685743260000.0,0.0,0.0,0.0,1861.9008333333336,0.0,0.0,1903.49,0.9500856114059091,1.0,1164.247449199996,1000.0,1164.247449199996,1000.0,0.0,0.0
3671,1685746860000.0,0.0,0.0,0.0,1861.9008333333336,0.0,0.0,1905.9,0.9500856114059091,1.0,1164.247449199996,1000.0,1164.247449199996,1000.0,0.0,0.0
3672,1685750460000.0,0.0,0.0,0.0,1861.9008333333336,0.0,0.0,1906.1,0.9500856114059091,1.0,1164.247449199996,1000.0,1164.247449199996,1000.0,0.0,0.0
3673,1685754060000.0,0.0,0.0,0.0,1861.9008333333336,0.0,0.0,1902.23,0.9500856114059091,1.0,1164.247449199996,1000.0,1164.247449199996,1000.0,0.0,0.0
3674,1685757660000.0,0.0,0.0,0.0,1861.9008333333336,0.0,0.0,1899.51,0.9500856114059091,1.0,1164.247449199996,1000.0,1164.247449199996,1000.0,0.0,0.0
3675,1685761260000.0,0.0,0.0,0.0,1861.9008333333336,0.0,0.0,1898.59,0.9500856114059091,1.0,1164.247449199996,1000.0,1164.247449199996,1000.0,0.0,0.0
3676,1685764860000.0,0.0,0.0,0.0,1861.9008333333336,0.0,0.0,1898.56,0.9500856114059091,1.0,1164.247449199996,1000.0,1164.247449199996,1000.0,0.0,0.0
3677,1685768460000.0,0.0,0.0,0.0,1861.9008333333336,0.0,0.0,1901.43,0.9500856114059091,1.0,1164.247449199996,1000.0,1164.247449199996,1000.0,0.0,0.0
3678,1685772060000.0,0.0,0.0,0.0,1861.9008333333336,0.0,0.0,1900.72,0.9500856114059091,1.0,1164.247449199996,1000.0,1164.247449199996,1000.0,0.0,0.0
3679,1685775660000.0,0.0,0.0,0.0,1861.9008333333336,0.0,0.0,1902.51,0.9500856114059091,1.0,1164.247449199996,1000.0,1164.247449199996,1000.0,0.0,0.0
3680,1685779260000.0,0.0,0.0,0.0,1861.9008333333336,0.0,0.0,1901.66,0.9500856114059091,1.0,1164.247449199996,1000.0,1164.247449199996,1000.0,0.0,0.0
3681,1685782860000.0,0.0,0.0,0.0,1861.9008333333336,0.0,0.0,1901.07,0.9500856114059091,1.0,1164.247449199996,1000.0,1164.247449199996,1000.0,0.0,0.0
3682,1685786460000.0,0.0,0.0,0.0,1861.9008333333336,0.0,0.0,1902.31,0.9500856114059091,1.0,1164.247449199996,1000.0,1164.247449199996,1000.0,0.0,0.0
3683,1685790060000.0,0.0,0.0,0.0,1861.9008333333336,0.0,0.0,1902.87,0.9500856114059091,1.0,1164.247449199996,1000.0,1164.247449199996,1000.0,0.0,0.0
3684,1685793660000.0,0.0,0.0,0.0,1861.9008333333336,0.0,0.0,1903.09,0.9500856114059091,1.0,1164.247449199996,1000.0,1164.247449199996,1000.0,0.0,0.0
3685,1685797260000.0,0.0,0.0,0.0,1861.9008333333336,0.0,0.0,1903.35,0.9500856114059091,1.0,1164.247449199996,1000.0,1164.247449199996,1000.0,0.0,0.0
3686,1685800860000.0,0.0,0.0,0.0,1861.9008333333336,0.0,0.0,1900.98,0.9500856114059091,1.0,1164.247449199996,1000.0,1164.247449199996,1000.0,0.0,0.0
3687,1685804460000.0,0.0,0.0,0.0,1861.9008333333336,0.0,0.0,1900.73,0.9500856114059091,1.0,1164.247449199996,1000.0,1164.247449199996,1000.0,0.0,0.0
3688,1685808060000.0,0.0,0.0,0.0,1861.9008333333336,0.0,0.0,1902.03,0.9500856114059091,1.0,1164.247449199996,1000.0,1164.247449199996,1000.0,0.0,0.0
3689,1685811660000.0,0.0,0.0,0.0,1861.9008333333336,0.0,0.0,1896.9,0.9500856114059091,1.0,1164.247449199996,1000.0,1164.247449199996,1000.0,0.0,0.0
3690,1685815260000.0,0.0,0.0,0.03,1888.34,0.0,0.0,1888.2,0.9500856114059091,1.0,1164.236119159996,1000.0,1164.2319191599959,1000.0,0.048658686212959525,0.0
3691,1685818860000.0,0.0,0.0,0.03,1888.34,0.0,0.0,1890.41,0.9500856114059091,1.0,1164.236119159996,1000.0,1164.298219159996,1000.0,0.048658686212959525,0.0
3692,1685822460000.0,0.0,0.0,0.03,1888.34,0.0,0.0,1886.2,0.9500856114059091,1.0,1164.236119159996,1000.0,1164.171919159996,1000.0,0.048658686212959525,0.0
3693,1685826060000.0,0.0,0.0,0.03,1888.34,0.0,0.0,1887.01,0.9500856114059091,1.0,1164.236119159996,1000.0,1164.196219159996,1000.0,0.048658686212959525,0.0
3694,1685829660000.0,0.0,0.0,0.03,1888.34,0.0,0.0,1889.13,0.9500856114059091,1.0,1164.236119159996,1000.0,1164.259819159996,1000.0,0.048658686212959525,0.0
3695,1685833260000.0,0.0,0.0,0.03,1888.34,0.0,0.0,1889.79,0.9500856114059091,1.0,1164.236119159996,1000.0,1164.279619159996,1000.0,0.048658686212959525,0.0
3696,1685836860000.0,0.0,0.0,0.03,1888.34,0.0,0.0,1891.22,0.9500856114059091,1.0,1164.236119159996,1000.0,1164.3225191599959,1000.0,0.048658686212959525,0.0
3697,1685840460000.0,0.0,0.0,0.03,1888.34,0.0,0.0,1886.92,0.9500856114059091,1.0,1164.236119159996,1000.0,1164.193519159996,1000.0,0.048658686212959525,0.0
3698,1685844060000.0,0.0,0.0,0.03,1888.34,0.0,0.0,1889.63,0.9500856114059091,1.0,1164.236119159996,1000.0,1164.274819159996,1000.0,0.048658686212959525,0.0
3699,1685847660000.0,0.0,0.0,0.03,1888.34,0.0,0.0,1893.04,0.9500856114059091,1.0,1164.236119159996,1000.0,1164.377119159996,1000.0,0.048658686212959525,0.0
3700,1685851260000.0,0.0,0.0,0.03,1888.34,0.0,0.0,1893.0,0.9500856114059091,1.0,1164.236119159996,1000.0,1164.3759191599959,1000.0,0.048658686212959525,0.0
3701,1685854860000.0,0.0,0.0,0.03,1888.34,0.0,0.0,1894.09,0.9500856114059091,1.0,1164.236119159996,1000.0,1164.4086191599959,1000.0,0.048658686212959525,0.0
3702,1685858460000.0,0.0,0.0,0.03,1888.34,0.0,0.0,1890.42,0.9500856114059091,1.0,1164.236119159996,1000.0,1164.298519159996,1000.0,0.048658686212959525,0.0
3703,1685862060000.0,0.0,0.0,0.03,1888.34,0.0,0.0,1898.54,0.9500856114059091,1.0,1164.236119159996,1000.0,1164.542119159996,1000.0,0.048658686212959525,0.0
3704,1685865660000.0,0.0,0.0,0.03,1888.34,0.0,0.0,1899.63,0.9500856114059091,1.0,1164.236119159996,1000.0,1164.574819159996,1000.0,0.048658686212959525,0.0
3705,1685869260000.0,0.0,0.0,0.03,1888.34,0.0,0.0,1899.04,0.9500856114059091,1.0,1164.236119159996,1000.0,1164.5571191599959,1000.0,0.048658686212959525,0.0
3706,1685872860000.0,0.0,0.0,0.01,1888.34,0.0,0.0,1905.02,0.9500856114059091,1.0,1164.5037107599958,1000.0,1164.6705107599958,1000.0,0.01621583497374691,0.0
3707,1685876460000.0,0.0,0.0,0.01,1888.34,0.0,0.0,1903.86,0.9500856114059091,1.0,1164.5037107599958,1000.0,1164.6589107599957,1000.0,0.01621583497374691,0.0
3708,1685880060000.0,0.0,0.0,0.0,1888.34,0.0,0.0,1901.84,0.9500856114059091,1.0,1164.6375065599957,1000.0,1164.6375065599957,1000.0,0.0,0.0
3709,1685883660000.0,0.0,0.0,0.0,1888.34,0.0,0.0,1903.75,0.9500856114059091,1.0,1164.6375065599957,1000.0,1164.6375065599957,1000.0,0.0,0.0
3710,1685887260000.0,0.0,0.0,0.0,1888.34,0.0,0.0,1904.45,0.9500856114059091,1.0,1164.6375065599957,1000.0,1164.6375065599957,1000.0,0.0,0.0
3711,1685890860000.0,0.0,0.0,0.0,1888.34,0.0,0.0,1904.61,0.9500856114059091,1.0,1164.6375065599957,1000.0,1164.6375065599957,1000.0,0.0,0.0
3712,1685894460000.0,0.0,0.0,0.0,1888.34,0.0,0.0,1900.06,0.9500856114059091,1.0,1164.6375065599957,1000.0,1164.6375065599957,1000.0,0.0,0.0
3713,1685898060000.0,0.0,0.0,0.0,1888.34,0.0,0.0,1896.89,0.9500856114059091,1.0,1164.6375065599957,1000.0,1164.6375065599957,1000.0,0.0,0.0
3714,1685901660000.0,0.0,0.0,0.0,1888.34,0.0,0.0,1898.09,0.9500856114059091,1.0,1164.6375065599957,1000.0,1164.6375065599957,1000.0,0.0,0.0
3715,1685905260000.0,0.0,0.0,0.0,1888.34,0.0,0.0,1901.64,0.9500856114059091,1.0,1164.6375065599957,1000.0,1164.6375065599957,1000.0,0.0,0.0
3716,1685908860000.0,0.0,0.0,0.0,1888.34,0.0,0.0,1903.5,0.9500856114059091,1.0,1164.6375065599957,1000.0,1164.6375065599957,1000.0,0.0,0.0
3717,1685912460000.0,0.0,0.0,0.0,1888.34,0.0,0.0,1903.94,0.9500856114059091,1.0,1164.6375065599957,1000.0,1164.6375065599957,1000.0,0.0,0.0
3718,1685916060000.0,0.0,0.0,0.0,1888.34,0.0,0.0,1900.73,0.9500856114059091,1.0,1164.6375065599957,1000.0,1164.6375065599957,1000.0,0.0,0.0
3719,1685919660000.0,0.0,0.0,0.0,1888.34,0.0,0.0,1901.93,0.9500856114059091,1.0,1164.6375065599957,1000.0,1164.6375065599957,1000.0,0.0,0.0
3720,1685923260000.0,0.0,0.0,0.03,1889.52,0.0,0.0,1887.11,0.9500856114059091,1.0,1164.6261694399957,1000.0,1164.5538694399957,1000.0,0.04867278572939587,0.0
3721,1685926860000.0,0.0,0.0,0.03,1889.52,0.0,0.0,1880.5,0.9500856114059091,1.0,1164.6261694399957,1000.0,1164.3555694399956,1000.0,0.04867278572939587,0.0
3722,1685930460000.0,0.0,0.0,0.03,1889.52,0.0,0.0,1882.97,0.9500856114059091,1.0,1164.6261694399957,1000.0,1164.4296694399957,1000.0,0.04867278572939587,0.0
3723,1685934060000.0,0.0,0.0,0.03,1889.52,0.0,0.0,1870.44,0.9500856114059091,1.0,1164.6261694399957,1000.0,1164.0537694399957,1000.0,0.04867278572939587,0.0
3724,1685937660000.0,0.0,0.0,0.03,1889.52,0.0,0.0,1866.94,0.9500856114059091,1.0,1164.6261694399957,1000.0,1163.9487694399957,1000.0,0.04867278572939587,0.0
3725,1685941260000.0,0.0,0.0,0.03,1889.52,0.0,0.0,1867.53,0.9500856114059091,1.0,1164.6261694399957,1000.0,1163.9664694399958,1000.0,0.04867278572939587,0.0
3726,1685944860000.0,0.0,0.0,0.03,1889.52,0.0,0.0,1870.35,0.9500856114059091,1.0,1164.6261694399957,1000.0,1164.0510694399957,1000.0,0.04867278572939587,0.0
3727,1685948460000.0,0.0,0.0,0.03,1889.52,0.0,0.0,1868.39,0.9500856114059091,1.0,1164.6261694399957,1000.0,1163.9922694399957,1000.0,0.04867278572939587,0.0
3728,1685952060000.0,0.0,0.0,0.03,1889.52,0.0,0.0,1872.33,0.9500856114059091,1.0,1164.6261694399957,1000.0,1164.1104694399958,1000.0,0.04867278572939587,0.0
3729,1685955660000.0,0.0,0.0,0.03,1889.52,0.0,0.0,1869.7,0.9500856114059091,1.0,1164.6261694399957,1000.0,1164.0315694399958,1000.0,0.04867278572939587,0.0
3730,1685959260000.0,0.0,0.0,0.03,1889.52,0.0,0.0,1868.49,0.9500856114059091,1.0,1164.6261694399957,1000.0,1163.9952694399956,1000.0,0.04867278572939587,0.0
3731,1685962860000.0,0.0,0.0,0.03,1889.52,0.0,0.0,1865.85,0.9500856114059091,1.0,1164.6261694399957,1000.0,1163.9160694399957,1000.0,0.04867278572939587,0.0
3732,1685966460000.0,0.0,0.0,0.03,1889.52,0.0,0.0,1868.62,0.9500856114059091,1.0,1164.6261694399957,1000.0,1163.9991694399957,1000.0,0.04867278572939587,0.0
3733,1685970060000.0,0.0,0.0,0.03,1889.52,0.0,0.0,1864.47,0.9500856114059091,1.0,1164.6261694399957,1000.0,1163.8746694399956,1000.0,0.04867278572939587,0.0
3734,1685973660000.0,0.0,0.0,0.03,1889.52,0.0,0.0,1868.4,0.9500856114059091,1.0,1164.6261694399957,1000.0,1163.9925694399958,1000.0,0.04867278572939587,0.0
3735,1685977260000.0,0.0,0.0,0.03,1889.52,0.0,0.0,1867.52,0.9500856114059091,1.0,1164.6261694399957,1000.0,1163.9661694399956,1000.0,0.04867278572939587,0.0
3736,1685980860000.0,11.49225855385269,0.0,0.65,1802.881692307692,0.0,0.0,1791.77,0.9500856114059091,1.0,1164.4031319399955,1000.0,1157.1805319399957,1000.0,1.00641527650957,0.0
3737,1685984460000.0,0.0,0.0,0.39,1802.881692307692,0.0,0.0,1810.99,0.9500856114059091,1.0,1167.7246588999958,1000.0,1170.886898899996,1000.0,0.6021315509962315,0.0
3738,1685988060000.0,0.0,0.0,0.28,1802.881692307692,0.0,0.0,1812.84,0.9500856114059091,1.0,1169.1299203061496,1000.0,1171.9182464599958,1000.0,0.43177996309765515,0.0
3739,1685991660000.0,0.0,0.0,0.28,1802.881692307692,0.0,0.0,1803.2,0.9500856114059091,1.0,1169.1299203061496,1000.0,1169.219046459996,1000.0,0.43177996309765515,0.0
3740,1685995260000.0,0.0,0.0,0.28,1802.881692307692,0.0,0.0,1806.22,0.9500856114059091,1.0,1169.1299203061496,1000.0,1170.0646464599959,1000.0,0.43177996309765515,0.0
3741,1685998860000.0,0.0,0.0,0.28,1802.881692307692,0.0,0.0,1803.4,0.9500856114059091,1.0,1169.1299203061496,1000.0,1169.275046459996,1000.0,0.43177996309765515,0.0
3742,1686002460000.0,0.0,0.0,0.28,1802.881692307692,0.0,0.0,1805.57,0.9500856114059091,1.0,1169.1299203061496,1000.0,1169.8826464599958,1000.0,0.43177996309765515,0.0
3743,1686006060000.0,0.0,0.0,0.28,1802.881692307692,0.0,0.0,1806.46,0.9500856114059091,1.0,1169.1299203061496,1000.0,1170.1318464599958,1000.0,0.43177996309765515,0.0
3744,1686009660000.0,0.0,0.0,0.28,1802.881692307692,0.0,0.0,1810.3,0.9500856114059091,1.0,1169.1299203061496,1000.0,1171.2070464599958,1000.0,0.43177996309765515,0.0
3745,1686013260000.0,0.0,0.0,0.28,1802.881692307692,0.0,0.0,1810.32,0.9500856114059091,1.0,1169.1299203061496,1000.0,1171.2126464599958,1000.0,0.43177996309765515,0.0
3746,1686016860000.0,0.0,0.0,0.28,1802.881692307692,0.0,0.0,1803.72,0.9500856114059091,1.0,1169.1299203061496,1000.0,1169.3646464599958,1000.0,0.43177996309765515,0.0
3747,1686020460000.0,0.0,0.0,0.28,1802.881692307692,0.0,0.0,1812.02,0.9500856114059091,1.0,1169.1299203061496,1000.0,1171.6886464599959,1000.0,0.43177996309765515,0.0
3748,1686024060000.0,0.0,0.0,0.28,1802.881692307692,0.0,0.0,1810.45,0.9500856114059091,1.0,1169.1299203061496,1000.0,1171.249046459996,1000.0,0.43177996309765515,0.0
3749,1686027660000.0,0.0,0.0,0.17,1802.881692307692,0.0,0.0,1817.52,0.9500856114059091,1.0,1170.5351817123035,1000.0,1173.023694019996,1000.0,0.26183739923473515,0.0
3750,1686031260000.0,0.0,0.0,0.1,1802.881692307692,0.0,0.0,1814.35,0.9500856114059091,1.0,1171.4294389707652,1000.0,1172.576269739996,1000.0,0.15390442072991864,0.0
3751,1686034860000.0,0.0,0.0,0.1,1802.881692307692,0.0,0.0,1812.94,0.9500856114059091,1.0,1171.4294389707652,1000.0,1172.435269739996,1000.0,0.15390442072991864,0.0
3752,1686038460000.0,0.0,0.0,0.09,1802.881692307692,0.0,0.0,1813.07,0.9500856114059091,1.0,1171.5571900076884,1000.0,1172.4741376999962,1000.0,0.13849887456764057,0.0
3753,1686042060000.0,0.0,0.0,0.09,1802.881692307692,0.0,0.0,1815.0,0.9500856114059091,1.0,1171.5571900076884,1000.0,1172.6478376999962,1000.0,0.13849887456764057,0.0
3754,1686045660000.0,0.0,0.0,0.06,1802.881692307692,0.0,0.0,1816.89,0.9500856114059091,1.0,1171.940443118458,1000.0,1172.7809415799966,1000.0,0.09230238803826958,0.0
3755,1686049260000.0,0.0,0.0,0.06,1802.881692307692,0.0,0.0,1817.93,0.9500856114059091,1.0,1171.940443118458,1000.0,1172.8433415799964,1000.0,0.09230238803826958,0.0
3756,1686052860000.0,0.0,0.0,0.05,1802.881692307692,0.0,0.0,1813.05,0.9500856114059091,1.0,1172.0681941553812,1000.0,1172.5766095399965,1000.0,0.0769102728534874,0.0
3757,1686056460000.0,0.0,0.0,0.04,1802.881692307692,0.0,0.0,1805.34,0.9500856114059091,1.0,1172.1959451923044,1000.0,1172.2942774999967,1000.0,0.06152151266866635,0.0
3758,1686060060000.0,0.0,0.0,0.0,1802.881692307692,0.0,0.0,1821.35,0.9500856114059091,1.0,1172.7069493399972,1000.0,1172.7069493399972,1000.0,0.0,0.0
3759,1686063660000.0,0.0,0.0,0.0,1802.881692307692,0.0,0.0,1836.4,0.9500856114059091,1.0,1172.7069493399972,1000.0,1172.7069493399972,1000.0,0.0,0.0
3760,1686067260000.0,0.0,0.0,0.0,1802.881692307692,0.0,0.0,1844.35,0.9500856114059091,1.0,1172.7069493399972,1000.0,1172.7069493399972,1000.0,0.0,0.0
3761,1686070860000.0,0.0,0.0,0.0,1802.881692307692,0.0,0.0,1861.4,0.9500856114059091,1.0,1172.7069493399972,1000.0,1172.7069493399972,1000.0,0.0,0.0
3762,1686074460000.0,0.0,0.0,0.0,1802.881692307692,0.0,0.0,1873.58,0.9500856114059091,1.0,1172.7069493399972,1000.0,1172.7069493399972,1000.0,0.0,0.0
3763,1686078060000.0,0.0,0.0,0.0,1802.881692307692,0.0,0.0,1874.72,0.9500856114059091,1.0,1172.7069493399972,1000.0,1172.7069493399972,1000.0,0.0,0.0
3764,1686081660000.0,0.0,0.0,0.0,1802.881692307692,0.0,0.0,1894.0,0.9500856114059091,1.0,1172.7069493399972,1000.0,1172.7069493399972,1000.0,0.0,0.0
3765,1686085260000.0,0.0,0.0,0.0,1802.881692307692,0.0,0.0,1876.95,0.9500856114059091,1.0,1172.7069493399972,1000.0,1172.7069493399972,1000.0,0.0,0.0
3766,1686088860000.0,0.0,0.0,0.0,1802.881692307692,0.0,0.0,1879.66,0.9500856114059091,1.0,1172.7069493399972,1000.0,1172.7069493399972,1000.0,0.0,0.0
3767,1686092460000.0,0.0,0.0,0.0,1802.881692307692,0.0,0.0,1882.51,0.9500856114059091,1.0,1172.7069493399972,1000.0,1172.7069493399972,1000.0,0.0,0.0
3768,1686096060000.0,0.0,0.0,0.0,1802.881692307692,0.0,0.0,1881.81,0.9500856114059091,1.0,1172.7069493399972,1000.0,1172.7069493399972,1000.0,0.0,0.0
3769,1686099660000.0,0.0,0.0,0.0,1802.881692307692,0.0,0.0,1884.71,0.9500856114059091,1.0,1172.7069493399972,1000.0,1172.7069493399972,1000.0,0.0,0.0
3770,1686103260000.0,0.0,0.0,0.0,1802.881692307692,0.0,0.0,1877.1,0.9500856114059091,1.0,1172.7069493399972,1000.0,1172.7069493399972,1000.0,0.0,0.0
3771,1686106860000.0,0.0,0.0,0.0,1802.881692307692,0.0,0.0,1876.87,0.9500856114059091,1.0,1172.7069493399972,1000.0,1172.7069493399972,1000.0,0.0,0.0
3772,1686110460000.0,0.0,0.0,0.0,1802.881692307692,0.0,0.0,1876.09,0.9500856114059091,1.0,1172.7069493399972,1000.0,1172.7069493399972,1000.0,0.0,0.0
3773,1686114060000.0,0.0,0.0,0.0,1802.881692307692,0.0,0.0,1878.54,0.9500856114059091,1.0,1172.7069493399972,1000.0,1172.7069493399972,1000.0,0.0,0.0
3774,1686117660000.0,0.0,0.0,0.0,1802.881692307692,0.0,0.0,1879.72,0.9500856114059091,1.0,1172.7069493399972,1000.0,1172.7069493399972,1000.0,0.0,0.0
3775,1686121260000.0,0.0,0.0,0.0,1802.881692307692,0.0,0.0,1875.61,0.9500856114059091,1.0,1172.7069493399972,1000.0,1172.7069493399972,1000.0,0.0,0.0
3776,1686124860000.0,0.0,0.0,0.0,1802.881692307692,0.0,0.0,1875.23,0.9500856114059091,1.0,1172.7069493399972,1000.0,1172.7069493399972,1000.0,0.0,0.0
3777,1686128460000.0,0.0,0.0,0.0,1802.881692307692,0.0,0.0,1871.1,0.9500856114059091,1.0,1172.7069493399972,1000.0,1172.7069493399972,1000.0,0.0,0.0
3778,1686132060000.0,0.0,0.0,0.03,1854.86,0.0,0.0,1846.21,0.9500856114059091,1.0,1172.695820179997,1000.0,1172.4363201799972,1000.0,0.04745117961745521,0.0
3779,1686135660000.0,0.0,0.0,0.03,1854.86,0.0,0.0,1856.99,0.9500856114059091,1.0,1172.695820179997,1000.0,1172.7597201799972,1000.0,0.04745117961745521,0.0
3780,1686139260000.0,0.0,0.0,0.0,1854.86,0.0,0.0,1867.42,0.9500856114059091,1.0,1173.0902098999968,1000.0,1173.0902098999968,1000.0,0.0,0.0
3781,1686142860000.0,0.0,0.0,0.0,1854.86,0.0,0.0,1862.88,0.9500856114059091,1.0,1173.0902098999968,1000.0,1173.0902098999968,1000.0,0.0,0.0
3782,1686146460000.0,0.0,0.0,0.0,1854.86,0.0,0.0,1862.49,0.9500856114059091,1.0,1173.0902098999968,1000.0,1173.0902098999968,1000.0,0.0,0.0
3783,1686150060000.0,0.0,0.0,0.03,1853.57,0.0,0.0,1835.94,0.9500856114059091,1.0,1173.0790884799967,1000.0,1172.5501884799967,1000.0,0.04740268626904963,0.0
3784,1686153660000.0,0.0,0.0,0.03,1853.57,0.0,0.0,1835.95,0.9500856114059091,1.0,1173.0790884799967,1000.0,1172.5504884799966,1000.0,0.04740268626904963,0.0
3785,1686157260000.0,0.0,0.0,0.03,1853.57,0.0,0.0,1840.18,0.9500856114059091,1.0,1173.0790884799967,1000.0,1172.6773884799968,1000.0,0.04740268626904963,0.0
3786,1686160860000.0,0.0,0.0,0.03,1853.57,0.0,0.0,1848.81,0.9500856114059091,1.0,1173.0790884799967,1000.0,1172.9362884799966,1000.0,0.04740268626904963,0.0
3787,1686164460000.0,0.0,0.0,0.03,1853.57,0.0,0.0,1847.86,0.9500856114059091,1.0,1173.0790884799967,1000.0,1172.9077884799967,1000.0,0.04740268626904963,0.0
3788,1686168060000.0,0.0,0.0,0.03,1853.57,0.0,0.0,1848.23,0.9500856114059091,1.0,1173.0790884799967,1000.0,1172.9188884799967,1000.0,0.04740268626904963,0.0
3789,1686171660000.0,0.0,0.0,0.03,1853.57,0.0,0.0,1841.13,0.9500856114059091,1.0,1173.0790884799967,1000.0,1172.7058884799967,1000.0,0.04740268626904963,0.0
3790,1686175260000.0,0.0,0.0,0.03,1853.57,0.0,0.0,1826.95,0.9500856114059091,1.0,1173.0790884799967,1000.0,1172.2804884799966,1000.0,0.04740268626904963,0.0
3791,1686178860000.0,0.0,0.0,0.03,1853.57,0.0,0.0,1830.36,0.9500856114059091,1.0,1173.0790884799967,1000.0,1172.3827884799966,1000.0,0.04740268626904963,0.0
3792,1686182460000.0,0.0,0.0,0.03,1853.57,0.0,0.0,1831.27,0.9500856114059091,1.0,1173.0790884799967,1000.0,1172.4100884799966,1000.0,0.04740268626904963,0.0
3793,1686186060000.0,0.0,0.0,0.03,1853.57,0.0,0.0,1834.9,0.9500856114059091,1.0,1173.0790884799967,1000.0,1172.5189884799968,1000.0,0.04740268626904963,0.0
3794,1686189660000.0,0.0,0.0,0.03,1853.57,0.0,0.0,1837.61,0.9500856114059091,1.0,1173.0790884799967,1000.0,1172.6002884799966,1000.0,0.04740268626904963,0.0
3795,1686193260000.0,0.0,0.0,0.03,1853.57,0.0,0.0,1836.5,0.9500856114059091,1.0,1173.0790884799967,1000.0,1172.5669884799968,1000.0,0.04740268626904963,0.0
3796,1686196860000.0,0.0,0.0,0.03,1853.57,0.0,0.0,1834.59,0.9500856114059091,1.0,1173.0790884799967,1000.0,1172.5096884799966,1000.0,0.04740268626904963,0.0
3797,1686200460000.0,0.0,0.0,0.03,1853.57,0.0,0.0,1838.77,0.9500856114059091,1.0,1173.0790884799967,1000.0,1172.6350884799967,1000.0,0.04740268626904963,0.0
3798,1686204060000.0,0.0,0.0,0.03,1853.57,0.0,0.0,1835.53,0.9500856114059091,1.0,1173.0790884799967,1000.0,1172.5378884799968,1000.0,0.04740268626904963,0.0
3799,1686207660000.0,0.0,0.0,0.03,1853.57,0.0,0.0,1839.23,0.9500856114059091,1.0,1173.0790884799967,1000.0,1172.6488884799967,1000.0,0.04740268626904963,0.0
3800,1686211260000.0,0.0,0.0,0.03,1853.57,0.0,0.0,1840.01,0.9500856114059091,1.0,1173.0790884799967,1000.0,1172.6722884799967,1000.0,0.04740268626904963,0.0
3801,1686214860000.0,0.0,0.0,0.03,1853.57,0.0,0.0,1840.0,0.9500856114059091,1.0,1173.0790884799967,1000.0,1172.6719884799968,1000.0,0.04740268626904963,0.0
3802,1686218460000.0,0.0,0.0,0.03,1853.57,0.0,0.0,1838.79,0.9500856114059091,1.0,1173.0790884799967,1000.0,1172.6356884799966,1000.0,0.04740268626904963,0.0
3803,1686222060000.0,0.0,0.0,0.03,1853.57,0.0,0.0,1845.46,0.9500856114059091,1.0,1173.0790884799967,1000.0,1172.8357884799966,1000.0,0.04740268626904963,0.0
3804,1686225660000.0,0.0,0.0,0.03,1853.57,0.0,0.0,1843.8,0.9500856114059091,1.0,1173.0790884799967,1000.0,1172.7859884799966,1000.0,0.04740268626904963,0.0
3805,1686229260000.0,0.0,0.0,0.03,1853.57,0.0,0.0,1843.99,0.9500856114059091,1.0,1173.0790884799967,1000.0,1172.7916884799968,1000.0,0.04740268626904963,0.0
3806,1686232860000.0,0.0,0.0,0.03,1853.57,0.0,0.0,1844.0,0.9500856114059091,1.0,1173.0790884799967,1000.0,1172.7919884799967,1000.0,0.04740268626904963,0.0
3807,1686236460000.0,0.0,0.0,0.03,1853.57,0.0,0.0,1855.01,0.9500856114059091,1.0,1173.0790884799967,1000.0,1173.1222884799968,1000.0,0.04740268626904963,0.0
3808,1686240060000.0,0.0,0.0,0.03,1853.57,0.0,0.0,1854.53,0.9500856114059091,1.0,1173.0790884799967,1000.0,1173.1078884799967,1000.0,0.04740268626904963,0.0
3809,1686243660000.0,0.0,0.0,0.03,1853.57,0.0,0.0,1844.83,0.9500856114059091,1.0,1173.0790884799967,1000.0,1172.8168884799968,1000.0,0.04740268626904963,0.0
3810,1686247260000.0,0.0,0.0,0.03,1853.57,0.0,0.0,1842.45,0.9500856114059091,1.0,1173.0790884799967,1000.0,1172.7454884799968,1000.0,0.04740268626904963,0.0
3811,1686250860000.0,0.0,0.0,0.03,1853.57,0.0,0.0,1845.3,0.9500856114059091,1.0,1173.0790884799967,1000.0,1172.8309884799967,1000.0,0.04740268626904963,0.0
3812,1686254460000.0,0.0,0.0,0.03,1853.57,0.0,0.0,1845.99,0.9500856114059091,1.0,1173.0790884799967,1000.0,1172.8516884799967,1000.0,0.04740268626904963,0.0
3813,1686258060000.0,0.0,0.0,0.03,1853.57,0.0,0.0,1851.3,0.9500856114059091,1.0,1173.0790884799967,1000.0,1173.0109884799967,1000.0,0.04740268626904963,0.0
3814,1686261660000.0,0.0,0.0,0.03,1853.57,0.0,0.0,1850.99,0.9500856114059091,1.0,1173.0790884799967,1000.0,1173.0016884799968,1000.0,0.04740268626904963,0.0
3815,1686265260000.0,0.0,0.0,0.03,1853.57,0.0,0.0,1848.3,0.9500856114059091,1.0,1173.0790884799967,1000.0,1172.9209884799966,1000.0,0.04740268626904963,0.0
3816,1686268860000.0,0.0,0.0,0.03,1853.57,0.0,0.0,1844.95,0.9500856114059091,1.0,1173.0790884799967,1000.0,1172.8204884799968,1000.0,0.04740268626904963,0.0
3817,1686272460000.0,0.0,0.0,0.03,1853.57,0.0,0.0,1843.43,0.9500856114059091,1.0,1173.0790884799967,1000.0,1172.7748884799967,1000.0,0.04740268626904963,0.0
3818,1686276060000.0,0.0,0.0,0.03,1853.57,0.0,0.0,1840.98,0.9500856114059091,1.0,1173.0790884799967,1000.0,1172.7013884799967,1000.0,0.04740268626904963,0.0
3819,1686279660000.0,0.0,0.0,0.03,1853.57,0.0,0.0,1834.4,0.9500856114059091,1.0,1173.0790884799967,1000.0,1172.5039884799967,1000.0,0.04740268626904963,0.0
3820,1686283260000.0,0.0,0.0,0.03,1853.57,0.0,0.0,1836.35,0.9500856114059091,1.0,1173.0790884799967,1000.0,1172.5624884799968,1000.0,0.04740268626904963,0.0
3821,1686286860000.0,0.0,0.0,0.03,1853.57,0.0,0.0,1837.14,0.9500856114059091,1.0,1173.0790884799967,1000.0,1172.5861884799967,1000.0,0.04740268626904963,0.0
3822,1686290460000.0,0.0,0.0,0.03,1853.57,0.0,0.0,1837.8,0.9500856114059091,1.0,1173.0790884799967,1000.0,1172.6059884799968,1000.0,0.04740268626904963,0.0
3823,1686294060000.0,0.0,0.0,0.03,1853.57,0.0,0.0,1836.02,0.9500856114059091,1.0,1173.0790884799967,1000.0,1172.5525884799968,1000.0,0.04740268626904963,0.0
3824,1686297660000.0,0.0,0.0,0.03,1853.57,0.0,0.0,1835.39,0.9500856114059091,1.0,1173.0790884799967,1000.0,1172.5336884799967,1000.0,0.04740268626904963,0.0
3825,1686301260000.0,0.0,0.0,0.03,1853.57,0.0,0.0,1841.41,0.9500856114059091,1.0,1173.0790884799967,1000.0,1172.7142884799966,1000.0,0.04740268626904963,0.0
3826,1686304860000.0,0.0,0.0,0.03,1853.57,0.0,0.0,1843.45,0.9500856114059091,1.0,1173.0790884799967,1000.0,1172.7754884799967,1000.0,0.04740268626904963,0.0
3827,1686308460000.0,0.0,0.0,0.03,1853.57,0.0,0.0,1842.99,0.9500856114059091,1.0,1173.0790884799967,1000.0,1172.7616884799968,1000.0,0.04740268626904963,0.0
3828,1686312060000.0,0.0,0.0,0.03,1853.57,0.0,0.0,1843.79,0.9500856114059091,1.0,1173.0790884799967,1000.0,1172.7856884799967,1000.0,0.04740268626904963,0.0
3829,1686315660000.0,0.0,0.0,0.03,1853.57,0.0,0.0,1851.98,0.9500856114059091,1.0,1173.0790884799967,1000.0,1173.0313884799966,1000.0,0.04740268626904963,0.0
3830,1686319260000.0,0.0,0.0,0.03,1853.57,0.0,0.0,1847.47,0.9500856114059091,1.0,1173.0790884799967,1000.0,1172.8960884799967,1000.0,0.04740268626904963,0.0
3831,1686322860000.0,0.0,0.0,0.03,1853.57,0.0,0.0,1844.01,0.9500856114059091,1.0,1173.0790884799967,1000.0,1172.7922884799966,1000.0,0.04740268626904963,0.0
3832,1686326460000.0,0.0,0.0,0.03,1853.57,0.0,0.0,1840.04,0.9500856114059091,1.0,1173.0790884799967,1000.0,1172.6731884799967,1000.0,0.04740268626904963,0.0
3833,1686330060000.0,0.0,0.0,0.03,1853.57,0.0,0.0,1838.81,0.9500856114059091,1.0,1173.0790884799967,1000.0,1172.6362884799967,1000.0,0.04740268626904963,0.0
3834,1686333660000.0,0.0,0.0,0.03,1853.57,0.0,0.0,1840.24,0.9500856114059091,1.0,1173.0790884799967,1000.0,1172.6791884799968,1000.0,0.04740268626904963,0.0
3835,1686337260000.0,0.0,0.0,0.03,1853.57,0.0,0.0,1839.0,0.9500856114059091,1.0,1173.0790884799967,1000.0,1172.6419884799966,1000.0,0.04740268626904963,0.0
3836,1686340860000.0,0.0,0.0,0.03,1853.57,0.0,0.0,1831.11,0.9500856114059091,1.0,1173.0790884799967,1000.0,1172.4052884799967,1000.0,0.04740268626904963,0.0
3837,1686344460000.0,0.0,0.0,0.03,1853.57,0.0,0.0,1836.21,0.9500856114059091,1.0,1173.0790884799967,1000.0,1172.5582884799967,1000.0,0.04740268626904963,0.0
3838,1686348060000.0,0.0,0.0,0.03,1853.57,0.0,0.0,1836.28,0.9500856114059091,1.0,1173.0790884799967,1000.0,1172.5603884799966,1000.0,0.04740268626904963,0.0
3839,1686351660000.0,0.0,0.0,0.03,1853.57,0.0,0.0,1837.26,0.9500856114059091,1.0,1173.0790884799967,1000.0,1172.5897884799967,1000.0,0.04740268626904963,0.0
3840,1686355260000.0,0.0,0.0,0.03,1853.57,0.0,0.0,1839.25,0.9500856114059091,1.0,1173.0790884799967,1000.0,1172.6494884799968,1000.0,0.04740268626904963,0.0
3841,1686358860000.0,0.0,0.0,0.03,1853.57,0.0,0.0,1834.65,0.9500856114059091,1.0,1173.0790884799967,1000.0,1172.5114884799966,1000.0,0.04740268626904963,0.0
3842,1686362460000.0,0.0,0.0,0.03,1853.57,0.0,0.0,1835.1,0.9500856114059091,1.0,1173.0790884799967,1000.0,1172.5249884799966,1000.0,0.04740268626904963,0.0
3843,1686366060000.0,0.0,0.0,0.03,1853.57,0.0,0.0,1829.26,0.9500856114059091,1.0,1173.0790884799967,1000.0,1172.3497884799967,1000.0,0.04740268626904963,0.0
3844,1686369660000.0,0.0,0.0,0.03,1853.57,0.0,0.0,1824.83,0.9500856114059091,1.0,1173.0790884799967,1000.0,1172.2168884799967,1000.0,0.04740268626904963,0.0
3845,1686373260000.0,0.0,0.0,0.22,1801.4168181818186,0.0,0.0,1788.08,0.9500856114059091,1.0,1173.0109475599968,1000.0,1170.0768475599966,1000.0,0.3378584836095314,0.0
3846,1686376860000.0,0.0,0.0,0.66,1768.6322727272727,0.0,0.0,1753.24,0.9500856114059091,1.0,1172.8567504399969,1000.0,1162.697850439997,1000.0,0.9952599066868897,0.0
3847,1686380460000.0,0.0,0.0,0.66,1768.6322727272727,0.0,0.0,1743.9,0.9500856114059091,1.0,1172.8567504399969,1000.0,1156.5334504399968,1000.0,0.9952599066868897,0.0
3848,1686384060000.0,0.0,0.0,0.66,1768.6322727272727,0.0,0.0,1727.64,0.9500856114059091,1.0,1172.8567504399969,1000.0,1145.801850439997,1000.0,0.9952599066868897,0.0
3849,1686387660000.0,0.0,0.0,0.66,1768.6322727272727,0.0,0.0,1739.59,0.9500856114059091,1.0,1172.8567504399969,1000.0,1153.6888504399967,1000.0,0.9952599066868897,0.0
3850,1686391260000.0,0.0,0.0,0.66,1768.6322727272727,0.0,0.0,1737.79,0.9500856114059091,1.0,1172.8567504399969,1000.0,1152.5008504399968,1000.0,0.9952599066868897,0.0
3851,1686394860000.0,0.0,0.0,0.66,1768.6322727272727,0.0,0.0,1742.64,0.9500856114059091,1.0,1172.8567504399969,1000.0,1155.7018504399969,1000.0,0.9952599066868897,0.0
3852,1686398460000.0,0.0,0.0,0.66,1768.6322727272727,0.0,0.0,1746.19,0.9500856114059091,1.0,1172.8567504399969,1000.0,1158.044850439997,1000.0,0.9952599066868897,0.0
3853,1686402060000.0,0.0,0.0,0.66,1768.6322727272727,0.0,0.0,1737.91,0.9500856114059091,1.0,1172.8567504399969,1000.0,1152.580050439997,1000.0,0.9952599066868897,0.0
3854,1686405660000.0,0.0,0.0,0.66,1768.6322727272727,0.0,0.0,1742.37,0.9500856114059091,1.0,1172.8567504399969,1000.0,1155.5236504399968,1000.0,0.9952599066868897,0.0
3855,1686409260000.0,0.0,0.0,0.66,1768.6322727272727,0.0,0.0,1742.7,0.9500856114059091,1.0,1172.8567504399969,1000.0,1155.741450439997,1000.0,0.9952599066868897,0.0
3856,1686412860000.0,0.0,0.0,0.66,1768.6322727272727,0.0,0.0,1735.93,0.9500856114059091,1.0,1172.8567504399969,1000.0,1151.273250439997,1000.0,0.9952599066868897,0.0
3857,1686416460000.0,0.0,0.0,0.66,1768.6322727272727,0.0,0.0,1733.01,0.9500856114059091,1.0,1172.8567504399969,1000.0,1149.3460504399968,1000.0,0.9952599066868897,0.0
3858,1686420060000.0,0.0,0.0,0.65,1768.6322727272727,0.0,0.0,1754.3,0.9500856114059091,1.0,1172.8236963527243,1000.0,1163.507719079997,1000.0,0.9802078358817404,0.0
3859,1686423660000.0,0.0,0.0,0.65,1768.6322727272727,0.0,0.0,1735.5,0.9500856114059091,1.0,1172.8236963527243,1000.0,1151.287719079997,1000.0,0.9802078358817404,0.0
3860,1686427260000.0,0.0,0.0,0.65,1768.6322727272727,0.0,0.0,1742.34,0.9500856114059091,1.0,1172.8236963527243,1000.0,1155.733719079997,1000.0,0.9802078358817404,0.0
3861,1686430860000.0,0.0,0.0,0.65,1768.6322727272727,0.0,0.0,1741.47,0.9500856114059091,1.0,1172.8236963527243,1000.0,1155.168219079997,1000.0,0.9802078358817404,0.0
3862,1686434460000.0,0.0,0.0,0.65,1768.6322727272727,0.0,0.0,1744.28,0.9500856114059091,1.0,1172.8236963527243,1000.0,1156.994719079997,1000.0,0.9802078358817404,0.0
3863,1686438060000.0,0.0,0.0,0.65,1768.6322727272727,0.0,0.0,1752.19,0.9500856114059091,1.0,1172.8236963527243,1000.0,1162.136219079997,1000.0,0.9802078358817404,0.0
3864,1686441660000.0,0.0,0.0,0.65,1768.6322727272727,0.0,0.0,1750.73,0.9500856114059091,1.0,1172.8236963527243,1000.0,1161.187219079997,1000.0,0.9802078358817404,0.0
3865,1686445260000.0,0.0,0.0,0.65,1768.6322727272727,0.0,0.0,1744.95,0.9500856114059091,1.0,1172.8236963527243,1000.0,1157.430219079997,1000.0,0.9802078358817404,0.0
3866,1686448860000.0,0.0,0.0,0.65,1768.6322727272727,0.0,0.0,1749.18,0.9500856114059091,1.0,1172.8236963527243,1000.0,1160.179719079997,1000.0,0.9802078358817404,0.0
3867,1686452460000.0,0.0,0.0,0.65,1768.6322727272727,0.0,0.0,1749.15,0.9500856114059091,1.0,1172.8236963527243,1000.0,1160.160219079997,1000.0,0.9802078358817404,0.0
3868,1686456060000.0,0.0,0.0,0.65,1768.6322727272727,0.0,0.0,1749.9,0.9500856114059091,1.0,1172.8236963527243,1000.0,1160.647719079997,1000.0,0.9802078358817404,0.0
3869,1686459660000.0,0.0,0.0,0.65,1768.6322727272727,0.0,0.0,1753.82,0.9500856114059091,1.0,1172.8236963527243,1000.0,1163.195719079997,1000.0,0.9802078358817404,0.0
3870,1686463260000.0,0.0,0.0,0.65,1768.6322727272727,0.0,0.0,1756.94,0.9500856114059091,1.0,1172.8236963527243,1000.0,1165.223719079997,1000.0,0.9802078358817404,0.0
3871,1686466860000.0,0.0,0.0,0.64,1768.6322727272727,0.0,0.0,1755.22,0.9500856114059091,1.0,1172.6928618254515,1000.0,1164.109007279997,1000.0,0.9652353923119001,0.0
3872,1686470460000.0,0.0,0.0,0.64,1768.6322727272727,0.0,0.0,1751.38,0.9500856114059091,1.0,1172.6928618254515,1000.0,1161.651407279997,1000.0,0.9652353923119001,0.0
3873,1686474060000.0,0.0,0.0,0.64,1768.6322727272727,0.0,0.0,1747.77,0.9500856114059091,1.0,1172.6928618254515,1000.0,1159.341007279997,1000.0,0.9652353923119001,0.0
3874,1686477660000.0,0.0,0.0,0.64,1768.6322727272727,0.0,0.0,1745.06,0.9500856114059091,1.0,1172.6928618254515,1000.0,1157.606607279997,1000.0,0.9652353923119001,0.0
3875,1686481260000.0,0.0,0.0,0.64,1768.6322727272727,0.0,0.0,1749.68,0.9500856114059091,1.0,1172.6928618254515,1000.0,1160.563407279997,1000.0,0.9652353923119001,0.0
3876,1686484860000.0,0.0,0.0,0.64,1768.6322727272727,0.0,0.0,1750.74,0.9500856114059091,1.0,1172.6928618254515,1000.0,1161.241807279997,1000.0,0.9652353923119001,0.0
3877,1686488460000.0,0.0,0.0,0.64,1768.6322727272727,0.0,0.0,1746.64,0.9500856114059091,1.0,1172.6928618254515,1000.0,1158.617807279997,1000.0,0.9652353923119001,0.0
3878,1686492060000.0,0.0,0.0,0.64,1768.6322727272727,0.0,0.0,1742.5,0.9500856114059091,1.0,1172.6928618254515,1000.0,1155.968207279997,1000.0,0.9652353923119001,0.0
3879,1686495660000.0,0.0,0.0,0.64,1768.6322727272727,0.0,0.0,1744.81,0.9500856114059091,1.0,1172.6928618254515,1000.0,1157.446607279997,1000.0,0.9652353923119001,0.0
3880,1686499260000.0,0.0,0.0,0.64,1768.6322727272727,0.0,0.0,1740.46,0.9500856114059091,1.0,1172.6928618254515,1000.0,1154.662607279997,1000.0,0.9652353923119001,0.0
3881,1686502860000.0,0.0,0.0,0.64,1768.6322727272727,0.0,0.0,1751.34,0.9500856114059091,1.0,1172.6928618254515,1000.0,1161.625807279997,1000.0,0.9652353923119001,0.0
3882,1686506460000.0,0.0,0.0,0.64,1768.6322727272727,0.0,0.0,1753.62,0.9500856114059091,1.0,1172.6928618254515,1000.0,1163.085007279997,1000.0,0.9652353923119001,0.0
3883,1686510060000.0,0.0,0.0,0.64,1768.6322727272727,0.0,0.0,1756.05,0.9500856114059091,1.0,1172.6928618254515,1000.0,1164.640207279997,1000.0,0.9652353923119001,0.0
3884,1686513660000.0,0.0,0.0,0.63,1768.6322727272727,0.0,0.0,1761.79,0.9500856114059091,1.0,1172.6340128981788,1000.0,1168.3233810799968,1000.0,0.9502012729993468,0.0
3885,1686517260000.0,0.0,0.0,0.63,1768.6322727272727,0.0,0.0,1768.75,0.9500856114059091,1.0,1172.6340128981788,1000.0,1172.7081810799968,1000.0,0.9502012729993468,0.0
3886,1686520860000.0,0.0,0.0,0.63,1768.6322727272727,0.0,0.0,1761.51,0.9500856114059091,1.0,1172.6340128981788,1000.0,1168.146981079997,1000.0,0.9502012729993468,0.0
3887,1686524460000.0,0.0,0.0,0.63,1768.6322727272727,0.0,0.0,1751.32,0.9500856114059091,1.0,1172.6340128981788,1000.0,1161.7272810799968,1000.0,0.9502012729993468,0.0
3888,1686528060000.0,0.0,0.0,0.63,1768.6322727272727,0.0,0.0,1751.19,0.9500856114059091,1.0,1172.6340128981788,1000.0,1161.645381079997,1000.0,0.9502012729993468,0.0
3889,1686531660000.0,0.0,0.0,0.63,1768.6322727272727,0.0,0.0,1750.99,0.9500856114059091,1.0,1172.6340128981788,1000.0,1161.519381079997,1000.0,0.9502012729993468,0.0
3890,1686535260000.0,0.0,0.0,0.63,1768.6322727272727,0.0,0.0,1744.25,0.9500856114059091,1.0,1172.6340128981788,1000.0,1157.273181079997,1000.0,0.9502012729993468,0.0
3891,1686538860000.0,0.0,0.0,0.63,1768.6322727272727,0.0,0.0,1730.18,0.9500856114059091,1.0,1172.6340128981788,1000.0,1148.409081079997,1000.0,0.9502012729993468,0.0
3892,1686542460000.0,0.0,0.0,0.63,1768.6322727272727,0.0,0.0,1734.87,0.9500856114059091,1.0,1172.6340128981788,1000.0,1151.363781079997,1000.0,0.9502012729993468,0.0
3893,1686546060000.0,0.0,0.0,0.63,1768.6322727272727,0.0,0.0,1738.75,0.9500856114059091,1.0,1172.6340128981788,1000.0,1153.808181079997,1000.0,0.9502012729993468,0.0
3894,1686549660000.0,0.0,0.0,0.63,1768.6322727272727,0.0,0.0,1736.44,0.9500856114059091,1.0,1172.6340128981788,1000.0,1152.352881079997,1000.0,0.9502012729993468,0.0
3895,1686553260000.0,0.0,0.0,0.63,1768.6322727272727,0.0,0.0,1740.38,0.9500856114059091,1.0,1172.6340128981788,1000.0,1154.835081079997,1000.0,0.9502012729993468,0.0
3896,1686556860000.0,0.0,0.0,0.63,1768.6322727272727,0.0,0.0,1733.98,0.9500856114059091,1.0,1172.6340128981788,1000.0,1150.803081079997,1000.0,0.9502012729993468,0.0
3897,1686560460000.0,0.0,0.0,0.62,1768.6322727272727,0.0,0.0,1744.33,0.9500856114059091,1.0,1172.362506510906,1000.0,1157.2950974199969,1000.0,0.9353352764192209,0.0
3898,1686564060000.0,0.0,0.0,0.62,1768.6322727272727,0.0,0.0,1747.07,0.9500856114059091,1.0,1172.362506510906,1000.0,1158.993897419997,1000.0,0.9353352764192209,0.0
3899,1686567660000.0,0.0,0.0,0.62,1768.6322727272727,0.0,0.0,1747.59,0.9500856114059091,1.0,1172.362506510906,1000.0,1159.316297419997,1000.0,0.9353352764192209,0.0
3900,1686571260000.0,0.0,0.0,0.62,1768.6322727272727,0.0,0.0,1743.76,0.9500856114059091,1.0,1172.362506510906,1000.0,1156.941697419997,1000.0,0.9353352764192209,0.0
3901,1686574860000.0,0.0,0.0,0.62,1768.6322727272727,0.0,0.0,1745.5,0.9500856114059091,1.0,1172.362506510906,1000.0,1158.020497419997,1000.0,0.9353352764192209,0.0
3902,1686578460000.0,0.0,0.0,0.62,1768.6322727272727,0.0,0.0,1738.92,0.9500856114059091,1.0,1172.362506510906,1000.0,1153.940897419997,1000.0,0.9353352764192209,0.0
3903,1686582060000.0,0.0,0.0,0.62,1768.6322727272727,0.0,0.0,1734.01,0.9500856114059091,1.0,1172.362506510906,1000.0,1150.896697419997,1000.0,0.9353352764192209,0.0
3904,1686585660000.0,0.0,0.0,0.62,1768.6322727272727,0.0,0.0,1729.61,0.9500856114059091,1.0,1172.362506510906,1000.0,1148.168697419997,1000.0,0.9353352764192209,0.0
3905,1686589260000.0,0.0,0.0,0.62,1768.6322727272727,0.0,0.0,1733.91,0.9500856114059091,1.0,1172.362506510906,1000.0,1150.8346974199972,1000.0,0.9353352764192209,0.0
3906,1686592860000.0,0.0,0.0,0.62,1768.6322727272727,0.0,0.0,1734.83,0.9500856114059091,1.0,1172.362506510906,1000.0,1151.405097419997,1000.0,0.9353352764192209,0.0
3907,1686596460000.0,0.0,0.0,0.62,1768.6322727272727,0.0,0.0,1735.49,0.9500856114059091,1.0,1172.362506510906,1000.0,1151.814297419997,1000.0,0.9353352764192209,0.0
3908,1686600060000.0,0.0,0.0,0.62,1768.6322727272727,0.0,0.0,1730.82,0.9500856114059091,1.0,1172.362506510906,1000.0,1148.918897419997,1000.0,0.9353352764192209,0.0
3909,1686603660000.0,0.0,0.0,0.62,1768.6322727272727,0.0,0.0,1737.81,0.9500856114059091,1.0,1172.362506510906,1000.0,1153.252697419997,1000.0,0.9353352764192209,0.0
3910,1686607260000.0,0.0,0.0,0.62,1768.6322727272727,0.0,0.0,1743.49,0.9500856114059091,1.0,1172.362506510906,1000.0,1156.774297419997,1000.0,0.9353352764192209,0.0
3911,1686610860000.0,0.0,0.0,0.61,1768.6322727272727,0.0,0.0,1742.4,0.9500856114059091,1.0,1172.1075968036334,1000.0,1156.1059104399972,1000.0,0.9204493591763503,0.0
3912,1686614460000.0,0.0,0.0,0.61,1768.6322727272727,0.0,0.0,1740.67,0.9500856114059091,1.0,1172.1075968036334,1000.0,1155.0506104399972,1000.0,0.9204493591763503,0.0
3913,1686618060000.0,0.0,0.0,0.61,1768.6322727272727,0.0,0.0,1733.54,0.9500856114059091,1.0,1172.1075968036334,1000.0,1150.701310439997,1000.0,0.9204493591763503,0.0
3914,1686621660000.0,0.0,0.0,0.61,1768.6322727272727,0.0,0.0,1738.52,0.9500856114059091,1.0,1172.1075968036334,1000.0,1153.7391104399971,1000.0,0.9204493591763503,0.0
3915,1686625260000.0,0.0,0.0,0.61,1768.6322727272727,0.0,0.0,1752.06,0.9500856114059091,1.0,1172.1075968036334,1000.0,1161.998510439997,1000.0,0.9204493591763503,0.0
3916,1686628860000.0,0.0,0.0,0.61,1768.6322727272727,0.0,0.0,1746.51,0.9500856114059091,1.0,1172.1075968036334,1000.0,1158.613010439997,1000.0,0.9204493591763503,0.0
3917,1686632460000.0,0.0,0.0,0.61,1768.6322727272727,0.0,0.0,1746.94,0.9500856114059091,1.0,1172.1075968036334,1000.0,1158.875310439997,1000.0,0.9204493591763503,0.0
3918,1686636060000.0,0.0,0.0,0.61,1768.6322727272727,0.0,0.0,1749.27,0.9500856114059091,1.0,1172.1075968036334,1000.0,1160.296610439997,1000.0,0.9204493591763503,0.0
3919,1686639660000.0,0.0,0.0,0.61,1768.6322727272727,0.0,0.0,1748.92,0.9500856114059091,1.0,1172.1075968036334,1000.0,1160.0831104399972,1000.0,0.9204493591763503,0.0
3920,1686643260000.0,0.0,0.0,0.61,1768.6322727272727,0.0,0.0,1746.8,0.9500856114059091,1.0,1172.1075968036334,1000.0,1158.7899104399971,1000.0,0.9204493591763503,0.0
3921,1686646860000.0,0.0,0.0,0.61,1768.6322727272727,0.0,0.0,1753.0,0.9500856114059091,1.0,1172.1075968036334,1000.0,1162.571910439997,1000.0,0.9204493591763503,0.0
3922,1686650460000.0,0.0,0.0,0.61,1768.6322727272727,0.0,0.0,1748.12,0.9500856114059091,1.0,1172.1075968036334,1000.0,1159.595110439997,1000.0,0.9204493591763503,0.0
3923,1686654060000.0,0.0,0.0,0.61,1768.6322727272727,0.0,0.0,1750.52,0.9500856114059091,1.0,1172.1075968036334,1000.0,1161.059110439997,1000.0,0.9204493591763503,0.0
3924,1686657660000.0,0.0,0.0,0.6,1768.6322727272727,0.0,0.0,1752.12,0.9500856114059091,1.0,1171.9373701563607,1000.0,1162.030006519997,1000.0,0.905491531083082,0.0
3925,1686661260000.0,0.0,0.0,0.6,1768.6322727272727,0.0,0.0,1742.96,0.9500856114059091,1.0,1171.9373701563607,1000.0,1156.534006519997,1000.0,0.905491531083082,0.0
3926,1686664860000.0,0.0,0.0,0.6,1768.6322727272727,0.0,0.0,1738.08,0.9500856114059091,1.0,1171.9373701563607,1000.0,1153.606006519997,1000.0,0.905491531083082,0.0
3927,1686668460000.0,0.0,0.0,0.6,1768.6322727272727,0.0,0.0,1737.44,0.9500856114059091,1.0,1171.9373701563607,1000.0,1153.222006519997,1000.0,0.905491531083082,0.0
3928,1686672060000.0,0.0,0.0,0.6,1768.6322727272727,0.0,0.0,1730.01,0.9500856114059091,1.0,1171.9373701563607,1000.0,1148.764006519997,1000.0,0.905491531083082,0.0
3929,1686675660000.0,0.0,0.0,0.6,1768.6322727272727,0.0,0.0,1737.78,0.9500856114059091,1.0,1171.9373701563607,1000.0,1153.426006519997,1000.0,0.905491531083082,0.0
3930,1686679260000.0,0.0,0.0,0.6,1768.6322727272727,0.0,0.0,1735.02,0.9500856114059091,1.0,1171.9373701563607,1000.0,1151.770006519997,1000.0,0.905491531083082,0.0
3931,1686682860000.0,0.0,0.0,0.6,1768.6322727272727,0.0,0.0,1741.11,0.9500856114059091,1.0,1171.9373701563607,1000.0,1155.424006519997,1000.0,0.905491531083082,0.0
3932,1686686460000.0,0.0,0.0,0.6,1768.6322727272727,0.0,0.0,1739.64,0.9500856114059091,1.0,1171.9373701563607,1000.0,1154.5420065199971,1000.0,0.905491531083082,0.0
3933,1686690060000.0,0.0,0.0,0.6,1768.6322727272727,0.0,0.0,1737.67,0.9500856114059091,1.0,1171.9373701563607,1000.0,1153.3600065199971,1000.0,0.905491531083082,0.0
3934,1686693660000.0,0.0,0.0,0.6,1768.6322727272727,0.0,0.0,1738.86,0.9500856114059091,1.0,1171.9373701563607,1000.0,1154.074006519997,1000.0,0.905491531083082,0.0
3935,1686697260000.0,0.0,0.0,0.6,1768.6322727272727,0.0,0.0,1735.0,0.9500856114059091,1.0,1171.9373701563607,1000.0,1151.758006519997,1000.0,0.905491531083082,0.0
3936,1686700860000.0,0.0,0.0,0.6,1768.6322727272727,0.0,0.0,1739.29,0.9500856114059091,1.0,1171.9373701563607,1000.0,1154.332006519997,1000.0,0.905491531083082,0.0
3937,1686704460000.0,0.0,0.0,0.59,1768.6322727272727,0.0,0.0,1742.74,0.9500856114059091,1.0,1171.655265889088,1000.0,1156.378824979997,1000.0,0.890614390844099,0.0
3938,1686708060000.0,0.0,0.0,0.59,1768.6322727272727,0.0,0.0,1745.4,0.9500856114059091,1.0,1171.655265889088,1000.0,1157.9482249799971,1000.0,0.890614390844099,0.0
3939,1686711660000.0,0.0,0.0,0.59,1768.6322727272727,0.0,0.0,1745.82,0.9500856114059091,1.0,1171.655265889088,1000.0,1158.196024979997,1000.0,0.890614390844099,0.0
3940,1686715260000.0,0.0,0.0,0.59,1768.6322727272727,0.0,0.0,1746.25,0.9500856114059091,1.0,1171.655265889088,1000.0,1158.4497249799972,1000.0,0.890614390844099,0.0
3941,1686718860000.0,0.0,0.0,0.59,1768.6322727272727,0.0,0.0,1741.83,0.9500856114059091,1.0,1171.655265889088,1000.0,1155.841924979997,1000.0,0.890614390844099,0.0
3942,1686722460000.0,0.0,0.0,0.59,1768.6322727272727,0.0,0.0,1738.25,0.9500856114059091,1.0,1171.655265889088,1000.0,1153.7297249799972,1000.0,0.890614390844099,0.0
3943,1686726060000.0,0.0,0.0,0.59,1768.6322727272727,0.0,0.0,1741.43,0.9500856114059091,1.0,1171.655265889088,1000.0,1155.605924979997,1000.0,0.890614390844099,0.0
3944,1686729660000.0,0.0,0.0,0.59,1768.6322727272727,0.0,0.0,1740.39,0.9500856114059091,1.0,1171.655265889088,1000.0,1154.9923249799972,1000.0,0.890614390844099,0.0
3945,1686733260000.0,0.0,0.0,0.59,1768.6322727272727,0.0,0.0,1743.7,0.9500856114059091,1.0,1171.655265889088,1000.0,1156.9452249799972,1000.0,0.890614390844099,0.0
3946,1686736860000.0,0.0,0.0,0.59,1768.6322727272727,0.0,0.0,1744.07,0.9500856114059091,1.0,1171.655265889088,1000.0,1157.163524979997,1000.0,0.890614390844099,0.0
3947,1686740460000.0,0.0,0.0,0.59,1768.6322727272727,0.0,0.0,1745.93,0.9500856114059091,1.0,1171.655265889088,1000.0,1158.260924979997,1000.0,0.890614390844099,0.0
3948,1686744060000.0,0.0,0.0,0.59,1768.6322727272727,0.0,0.0,1745.5,0.9500856114059091,1.0,1171.655265889088,1000.0,1158.007224979997,1000.0,0.890614390844099,0.0
3949,1686747660000.0,0.0,0.0,0.59,1768.6322727272727,0.0,0.0,1744.09,0.9500856114059091,1.0,1171.655265889088,1000.0,1157.175324979997,1000.0,0.890614390844099,0.0
3950,1686751260000.0,0.0,0.0,0.59,1768.6322727272727,0.0,0.0,1738.91,0.9500856114059091,1.0,1171.655265889088,1000.0,1154.1191249799972,1000.0,0.890614390844099,0.0
3951,1686754860000.0,0.0,0.0,0.59,1768.6322727272727,0.0,0.0,1739.66,0.9500856114059091,1.0,1171.655265889088,1000.0,1154.561624979997,1000.0,0.890614390844099,0.0
3952,1686758460000.0,0.0,0.0,0.59,1768.6322727272727,0.0,0.0,1739.31,0.9500856114059091,1.0,1171.655265889088,1000.0,1154.355124979997,1000.0,0.890614390844099,0.0
3953,1686762060000.0,0.0,0.0,0.59,1768.6322727272727,0.0,0.0,1736.12,0.9500856114059091,1.0,1171.655265889088,1000.0,1152.473024979997,1000.0,0.890614390844099,0.0
3954,1686765660000.0,0.0,0.0,0.59,1768.6322727272727,0.0,0.0,1738.64,0.9500856114059091,1.0,1171.655265889088,1000.0,1153.9598249799972,1000.0,0.890614390844099,0.0
3955,1686769260000.0,0.0,0.0,0.59,1768.6322727272727,0.0,0.0,1731.17,0.9500856114059091,1.0,1171.655265889088,1000.0,1149.552524979997,1000.0,0.890614390844099,0.0
3956,1686772860000.0,0.0,0.0,0.59,1768.6322727272727,0.0,0.0,1726.26,0.9500856114059091,1.0,1171.655265889088,1000.0,1146.6556249799971,1000.0,0.890614390844099,0.0
3957,1686776460000.0,11.925074597019062,0.0,0.67,1760.6236431478965,0.0,0.0,1641.35,0.9500856114059091,1.0,1171.628040929088,1000.0,1091.7147000199973,1000.0,1.0068193997590456,0.0
3958,1686780060000.0,11.925074597019062,0.0,0.67,1760.6236431478965,0.0,0.0,1651.74,0.9500856114059091,1.0,1171.628040929088,1000.0,1098.6760000199974,1000.0,1.0068193997590456,0.0
3959,1686783660000.0,11.925074597019062,0.0,0.67,1760.6236431478965,0.0,0.0,1649.48,0.9500856114059091,1.0,1171.628040929088,1000.0,1097.1618000199974,1000.0,1.0068193997590456,0.0
3960,1686787260000.0,11.925074597019062,0.0,0.67,1760.6236431478965,0.0,0.0,1648.87,0.9500856114059091,1.0,1171.628040929088,1000.0,1096.7531000199972,1000.0,1.0068193997590456,0.0
3961,1686790860000.0,11.925074597019062,0.0,0.67,1760.6236431478965,0.0,0.0,1654.49,0.9500856114059091,1.0,1171.628040929088,1000.0,1100.5185000199974,1000.0,1.0068193997590456,0.0
3962,1686794460000.0,11.925074597019062,0.0,0.67,1760.6236431478965,0.0,0.0,1648.98,0.9500856114059091,1.0,1171.628040929088,1000.0,1096.8268000199973,1000.0,1.0068193997590456,0.0
3963,1686798060000.0,11.925074597019062,0.0,0.67,1760.6236431478965,0.0,0.0,1649.39,0.9500856114059091,1.0,1171.628040929088,1000.0,1097.1015000199975,1000.0,1.0068193997590456,0.0
3964,1686801660000.0,11.925074597019062,0.0,0.67,1760.6236431478965,0.0,0.0,1650.07,0.9500856114059091,1.0,1171.628040929088,1000.0,1097.5571000199973,1000.0,1.0068193997590456,0.0
3965,1686805260000.0,11.925074597019062,0.0,0.67,1760.6236431478965,0.0,0.0,1649.23,0.9500856114059091,1.0,1171.628040929088,1000.0,1096.9943000199974,1000.0,1.0068193997590456,0.0
3966,1686808860000.0,11.925074597019062,0.0,0.67,1760.6236431478965,0.0,0.0,1644.09,0.9500856114059091,1.0,1171.628040929088,1000.0,1093.5505000199973,1000.0,1.0068193997590456,0.0
3967,1686812460000.0,11.925074597019062,0.0,0.67,1760.6236431478965,0.0,0.0,1638.17,0.9500856114059091,1.0,1171.628040929088,1000.0,1089.5841000199973,1000.0,1.0068193997590456,0.0
3968,1686816060000.0,11.925074597019062,0.0,0.67,1760.6236431478965,0.0,0.0,1639.73,0.9500856114059091,1.0,1171.628040929088,1000.0,1090.6293000199973,1000.0,1.0068193997590456,0.0
3969,1686819660000.0,11.925074597019062,0.0,0.67,1760.6236431478965,0.0,0.0,1639.47,0.9500856114059091,1.0,1171.628040929088,1000.0,1090.4551000199974,1000.0,1.0068193997590456,0.0
3970,1686823260000.0,11.925074597019062,0.0,0.67,1760.6236431478965,0.0,0.0,1637.66,0.9500856114059091,1.0,1171.628040929088,1000.0,1089.2424000199974,1000.0,1.0068193997590456,0.0
3971,1686826860000.0,11.925074597019062,0.0,0.67,1760.6236431478965,0.0,0.0,1635.46,0.9500856114059091,1.0,1171.628040929088,1000.0,1087.7684000199974,1000.0,1.0068193997590456,0.0
3972,1686830460000.0,11.925074597019062,0.0,0.67,1760.6236431478965,0.0,0.0,1642.1,0.9500856114059091,1.0,1171.628040929088,1000.0,1092.2172000199973,1000.0,1.0068193997590456,0.0
3973,1686834060000.0,11.925074597019062,0.0,0.67,1760.6236431478965,0.0,0.0,1639.87,0.9500856114059091,1.0,1171.628040929088,1000.0,1090.7231000199972,1000.0,1.0068193997590456,0.0
3974,1686837660000.0,11.925074597019062,0.0,0.67,1760.6236431478965,0.0,0.0,1646.77,0.9500856114059091,1.0,1171.628040929088,1000.0,1095.3461000199973,1000.0,1.0068193997590456,0.0
3975,1686841260000.0,11.925074597019062,0.0,0.67,1760.6236431478965,0.0,0.0,1641.86,0.9500856114059091,1.0,1171.628040929088,1000.0,1092.0564000199972,1000.0,1.0068193997590456,0.0
3976,1686844860000.0,11.925074597019062,0.0,0.67,1760.6236431478965,0.0,0.0,1640.14,0.9500856114059091,1.0,1171.628040929088,1000.0,1090.9040000199975,1000.0,1.0068193997590456,0.0
3977,1686848460000.0,11.925074597019062,0.0,0.67,1760.6236431478965,0.0,0.0,1640.18,0.9500856114059091,1.0,1171.628040929088,1000.0,1090.9308000199974,1000.0,1.0068193997590456,0.0
3978,1686852060000.0,82.08584951428944,0.0,0.7,1754.250292110874,0.0,0.0,1650.63,0.9500856114059091,1.0,1170.515109817609,1000.0,1097.9809053399974,1000.0,1.0490895796030828,0.0
3979,1686855660000.0,82.08584951428944,0.0,0.7,1754.250292110874,0.0,0.0,1665.52,0.9500856114059091,1.0,1170.515109817609,1000.0,1108.4039053399972,1000.0,1.0490895796030828,0.0
3980,1686859260000.0,82.08584951428944,0.0,0.7,1754.250292110874,0.0,0.0,1668.9,0.9500856114059091,1.0,1170.515109817609,1000.0,1110.7699053399974,1000.0,1.0490895796030828,0.0
3981,1686862860000.0,82.08584951428944,0.0,0.7,1754.250292110874,0.0,0.0,1670.43,0.9500856114059091,1.0,1170.515109817609,1000.0,1111.8409053399973,1000.0,1.0490895796030828,0.0
3982,1686866460000.0,82.08584951428944,0.0,0.7,1754.250292110874,0.0,0.0,1666.15,0.9500856114059091,1.0,1170.515109817609,1000.0,1108.8449053399975,1000.0,1.0490895796030828,0.0
3983,1686870060000.0,82.08584951428944,0.0,0.7,1754.250292110874,0.0,0.0,1664.45,0.9500856114059091,1.0,1170.515109817609,1000.0,1107.6549053399974,1000.0,1.0490895796030828,0.0
3984,1686873660000.0,82.08584951428944,0.0,0.7,1754.250292110874,0.0,0.0,1663.36,0.9500856114059091,1.0,1170.515109817609,1000.0,1106.8919053399973,1000.0,1.0490895796030828,0.0
3985,1686877260000.0,82.08584951428944,0.0,0.7,1754.250292110874,0.0,0.0,1660.21,0.9500856114059091,1.0,1170.515109817609,1000.0,1104.6869053399973,1000.0,1.0490895796030828,0.0
3986,1686880860000.0,82.08584951428944,0.0,0.7,1754.250292110874,0.0,0.0,1662.3,0.9500856114059091,1.0,1170.515109817609,1000.0,1106.1499053399973,1000.0,1.0490895796030828,0.0
3987,1686884460000.0,82.08584951428944,0.0,0.7,1754.250292110874,0.0,0.0,1664.75,0.9500856114059091,1.0,1170.515109817609,1000.0,1107.8649053399972,1000.0,1.0490895796030828,0.0
3988,1686888060000.0,82.08584951428944,0.0,0.7,1754.250292110874,0.0,0.0,1666.54,0.9500856114059091,1.0,1170.515109817609,1000.0,1109.1179053399974,1000.0,1.0490895796030828,0.0
3989,1686891660000.0,82.08584951428944,0.0,0.7,1754.250292110874,0.0,0.0,1667.01,0.9500856114059091,1.0,1170.515109817609,1000.0,1109.4469053399973,1000.0,1.0490895796030828,0.0
3990,1686895260000.0,82.08584951428944,0.0,0.7,1754.250292110874,0.0,0.0,1671.2,0.9500856114059091,1.0,1170.515109817609,1000.0,1112.3799053399973,1000.0,1.0490895796030828,0.0
3991,1686898860000.0,82.08584951428944,0.0,0.7,1754.250292110874,0.0,0.0,1671.43,0.9500856114059091,1.0,1170.515109817609,1000.0,1112.5409053399974,1000.0,1.0490895796030828,0.0
3992,1686902460000.0,59.0557067536272,0.0,0.69,1754.250292110874,0.0,0.0,1671.1,0.9500856114059091,1.0,1169.6842638965002,1000.0,1112.310562339997,1000.0,1.0348371256395805,0.0
3993,1686906060000.0,59.0557067536272,0.0,0.69,1754.250292110874,0.0,0.0,1670.58,0.9500856114059091,1.0,1169.6842638965002,1000.0,1111.951762339997,1000.0,1.0348371256395805,0.0
3994,1686909660000.0,59.0557067536272,0.0,0.69,1754.250292110874,0.0,0.0,1669.73,0.9500856114059091,1.0,1169.6842638965002,1000.0,1111.3652623399971,1000.0,1.0348371256395805,0.0
3995,1686913260000.0,59.0557067536272,0.0,0.69,1754.250292110874,0.0,0.0,1670.88,0.9500856114059091,1.0,1169.6842638965002,1000.0,1112.1587623399973,1000.0,1.0348371256395805,0.0
3996,1686916860000.0,59.0557067536272,0.0,0.69,1754.250292110874,0.0,0.0,1663.28,0.9500856114059091,1.0,1169.6842638965002,1000.0,1106.9147623399972,1000.0,1.0348371256395805,0.0
3997,1686920460000.0,59.0557067536272,0.0,0.69,1754.250292110874,0.0,0.0,1667.49,0.9500856114059091,1.0,1169.6842638965002,1000.0,1109.8196623399972,1000.0,1.0348371256395805,0.0
3998,1686924060000.0,59.0557067536272,0.0,0.69,1754.250292110874,0.0,0.0,1662.98,0.9500856114059091,1.0,1169.6842638965002,1000.0,1106.707762339997,1000.0,1.0348371256395805,0.0
3999,1686927660000.0,59.0557067536272,0.0,0.69,1754.250292110874,0.0,0.0,1675.0,0.9500856114059091,1.0,1169.6842638965002,1000.0,1115.0015623399972,1000.0,1.0348371256395805,0.0
4000,1686931260000.0,59.0557067536272,0.0,0.69,1754.250292110874,0.0,0.0,1680.0,0.9500856114059091,1.0,1169.6842638965002,1000.0,1118.451562339997,1000.0,1.0348371256395805,0.0
4001,1686934860000.0,59.0557067536272,0.0,0.69,1754.250292110874,0.0,0.0,1685.35,0.9500856114059091,1.0,1169.6842638965002,1000.0,1122.1430623399972,1000.0,1.0348371256395805,0.0
4002,1686938460000.0,59.0557067536272,0.0,0.69,1754.250292110874,0.0,0.0,1695.17,0.9500856114059091,1.0,1169.6842638965002,1000.0,1128.9188623399973,1000.0,1.0348371256395805,0.0
4003,1686942060000.0,59.0557067536272,0.0,0.69,1754.250292110874,0.0,0.0,1716.2,0.9500856114059091,1.0,1169.6842638965002,1000.0,1143.4295623399971,1000.0,1.0348371256395805,0.0
4004,1686945660000.0,59.0557067536272,0.0,0.69,1754.250292110874,0.0,0.0,1722.23,0.9500856114059091,1.0,1169.6842638965002,1000.0,1147.5902623399973,1000.0,1.0348371256395805,0.0
4005,1686949260000.0,34.643935970592565,0.0,0.68,1754.250292110874,0.0,0.0,1726.91,0.9500856114059091,1.0,1169.3323221753915,1000.0,1150.7409235399973,1000.0,1.0201464340061828,0.0
4006,1686952860000.0,34.643935970592565,0.0,0.68,1754.250292110874,0.0,0.0,1718.29,0.9500856114059091,1.0,1169.3323221753915,1000.0,1144.8793235399971,1000.0,1.0201464340061828,0.0
4007,1686956460000.0,34.643935970592565,0.0,0.68,1754.250292110874,0.0,0.0,1718.96,0.9500856114059091,1.0,1169.3323221753915,1000.0,1145.3349235399971,1000.0,1.0201464340061828,0.0
4008,1686960060000.0,34.643935970592565,0.0,0.68,1754.250292110874,0.0,0.0,1717.2,0.9500856114059091,1.0,1169.3323221753915,1000.0,1144.1381235399972,1000.0,1.0201464340061828,0.0
4009,1686963660000.0,34.643935970592565,0.0,0.68,1754.250292110874,0.0,0.0,1716.11,0.9500856114059091,1.0,1169.3323221753915,1000.0,1143.396923539997,1000.0,1.0201464340061828,0.0
4010,1686967260000.0,34.643935970592565,0.0,0.68,1754.250292110874,0.0,0.0,1714.12,0.9500856114059091,1.0,1169.3323221753915,1000.0,1142.043723539997,1000.0,1.0201464340061828,0.0
4011,1686970860000.0,34.643935970592565,0.0,0.68,1754.250292110874,0.0,0.0,1720.29,0.9500856114059091,1.0,1169.3323221753915,1000.0,1146.2393235399973,1000.0,1.0201464340061828,0.0
4012,1686974460000.0,34.643935970592565,0.0,0.68,1754.250292110874,0.0,0.0,1717.76,0.9500856114059091,1.0,1169.3323221753915,1000.0,1144.518923539997,1000.0,1.0201464340061828,0.0
4013,1686978060000.0,34.643935970592565,0.0,0.68,1754.250292110874,0.0,0.0,1725.39,0.9500856114059091,1.0,1169.3323221753915,1000.0,1149.7073235399973,1000.0,1.0201464340061828,0.0
4014,1686981660000.0,0.0,0.0,0.57,1754.250292110874,0.0,0.0,1756.68,0.9500856114059091,1.0,1170.7003151631952,1000.0,1172.0852486599972,1000.0,0.8541235135516378,0.0
4015,1686985260000.0,0.0,0.0,0.57,1754.250292110874,0.0,0.0,1745.2,0.9500856114059091,1.0,1170.7003151631952,1000.0,1165.541648659997,1000.0,0.8541235135516378,0.0
4016,1686988860000.0,0.0,0.0,0.57,1754.250292110874,0.0,0.0,1746.2,0.9500856114059091,1.0,1170.7003151631952,1000.0,1166.1116486599972,1000.0,0.8541235135516378,0.0
4017,1686992460000.0,0.0,0.0,0.57,1754.250292110874,0.0,0.0,1744.23,0.9500856114059091,1.0,1170.7003151631952,1000.0,1164.988748659997,1000.0,0.8541235135516378,0.0
4018,1686996060000.0,0.0,0.0,0.57,1754.250292110874,0.0,0.0,1742.2,0.9500856114059091,1.0,1170.7003151631952,1000.0,1163.8316486599972,1000.0,0.8541235135516378,0.0
4019,1686999660000.0,0.0,0.0,0.57,1754.250292110874,0.0,0.0,1742.33,0.9500856114059091,1.0,1170.7003151631952,1000.0,1163.905748659997,1000.0,0.8541235135516378,0.0
4020,1687003260000.0,0.0,0.0,0.57,1754.250292110874,0.0,0.0,1735.23,0.9500856114059091,1.0,1170.7003151631952,1000.0,1159.858748659997,1000.0,0.8541235135516378,0.0
4021,1687006860000.0,0.0,0.0,0.57,1754.250292110874,0.0,0.0,1738.7,0.9500856114059091,1.0,1170.7003151631952,1000.0,1161.836648659997,1000.0,0.8541235135516378,0.0
4022,1687010460000.0,0.0,0.0,0.57,1754.250292110874,0.0,0.0,1738.74,0.9500856114059091,1.0,1170.7003151631952,1000.0,1161.859448659997,1000.0,0.8541235135516378,0.0
4023,1687014060000.0,0.0,0.0,0.57,1754.250292110874,0.0,0.0,1734.69,0.9500856114059091,1.0,1170.7003151631952,1000.0,1159.5509486599972,1000.0,0.8541235135516378,0.0
4024,1687017660000.0,0.0,0.0,0.57,1754.250292110874,0.0,0.0,1727.08,0.9500856114059091,1.0,1170.7003151631952,1000.0,1155.2132486599971,1000.0,0.8541235135516378,0.0
4025,1687021260000.0,0.0,0.0,0.57,1754.250292110874,0.0,0.0,1729.42,0.9500856114059091,1.0,1170.7003151631952,1000.0,1156.547048659997,1000.0,0.8541235135516378,0.0
4026,1687024860000.0,0.0,0.0,0.57,1754.250292110874,0.0,0.0,1723.86,0.9500856114059091,1.0,1170.7003151631952,1000.0,1153.377848659997,1000.0,0.8541235135516378,0.0
4027,1687028460000.0,0.0,0.0,0.57,1754.250292110874,0.0,0.0,1729.29,0.9500856114059091,1.0,1170.7003151631952,1000.0,1156.472948659997,1000.0,0.8541235135516378,0.0
4028,1687032060000.0,0.0,0.0,0.57,1754.250292110874,0.0,0.0,1727.23,0.9500856114059091,1.0,1170.7003151631952,1000.0,1155.298748659997,1000.0,0.8541235135516378,0.0
4029,1687035660000.0,0.0,0.0,0.57,1754.250292110874,0.0,0.0,1727.8,0.9500856114059091,1.0,1170.7003151631952,1000.0,1155.6236486599971,1000.0,0.8541235135516378,0.0
4030,1687039260000.0,0.0,0.0,0.57,1754.250292110874,0.0,0.0,1727.74,0.9500856114059091,1.0,1170.7003151631952,1000.0,1155.589448659997,1000.0,0.8541235135516378,0.0
4031,1687042860000.0,0.0,0.0,0.57,1754.250292110874,0.0,0.0,1730.04,0.9500856114059091,1.0,1170.7003151631952,1000.0,1156.900448659997,1000.0,0.8541235135516378,0.0
4032,1687046460000.0,0.0,0.0,0.57,1754.250292110874,0.0,0.0,1726.36,0.9500856114059091,1.0,1170.7003151631952,1000.0,1154.802848659997,1000.0,0.8541235135516378,0.0
4033,1687050060000.0,0.0,0.0,0.57,1754.250292110874,0.0,0.0,1724.77,0.9500856114059091,1.0,1170.7003151631952,1000.0,1153.896548659997,1000.0,0.8541235135516378,0.0
4034,1687053660000.0,0.0,0.0,0.57,1754.250292110874,0.0,0.0,1727.6,0.9500856114059091,1.0,1170.7003151631952,1000.0,1155.509648659997,1000.0,0.8541235135516378,0.0
4035,1687057260000.0,0.0,0.0,0.57,1754.250292110874,0.0,0.0,1724.3,0.9500856114059091,1.0,1170.7003151631952,1000.0,1153.628648659997,1000.0,0.8541235135516378,0.0
4036,1687060860000.0,0.0,0.0,0.57,1754.250292110874,0.0,0.0,1728.37,0.9500856114059091,1.0,1170.7003151631952,1000.0,1155.948548659997,1000.0,0.8541235135516378,0.0
4037,1687064460000.0,0.0,0.0,0.57,1754.250292110874,0.0,0.0,1728.63,0.9500856114059091,1.0,1170.7003151631952,1000.0,1156.096748659997,1000.0,0.8541235135516378,0.0
4038,1687068060000.0,0.0,0.0,0.57,1754.250292110874,0.0,0.0,1723.0,0.9500856114059091,1.0,1170.7003151631952,1000.0,1152.887648659997,1000.0,0.8541235135516378,0.0
4039,1687071660000.0,0.0,0.0,0.57,1754.250292110874,0.0,0.0,1727.63,0.9500856114059091,1.0,1170.7003151631952,1000.0,1155.526748659997,1000.0,0.8541235135516378,0.0
4040,1687075260000.0,0.0,0.0,0.57,1754.250292110874,0.0,0.0,1729.41,0.9500856114059091,1.0,1170.7003151631952,1000.0,1156.541348659997,1000.0,0.8541235135516378,0.0
4041,1687078860000.0,0.0,0.0,0.57,1754.250292110874,0.0,0.0,1727.2,0.9500856114059091,1.0,1170.7003151631952,1000.0,1155.281648659997,1000.0,0.8541235135516378,0.0
4042,1687082460000.0,0.0,0.0,0.57,1754.250292110874,0.0,0.0,1731.8,0.9500856114059091,1.0,1170.7003151631952,1000.0,1157.903648659997,1000.0,0.8541235135516378,0.0
4043,1687086060000.0,0.0,0.0,0.57,1754.250292110874,0.0,0.0,1731.37,0.9500856114059091,1.0,1170.7003151631952,1000.0,1157.658548659997,1000.0,0.8541235135516378,0.0
4044,1687089660000.0,0.0,0.0,0.57,1754.250292110874,0.0,0.0,1734.16,0.9500856114059091,1.0,1170.7003151631952,1000.0,1159.248848659997,1000.0,0.8541235135516378,0.0
4045,1687093260000.0,0.0,0.0,0.57,1754.250292110874,0.0,0.0,1735.9,0.9500856114059091,1.0,1170.7003151631952,1000.0,1160.240648659997,1000.0,0.8541235135516378,0.0
4046,1687096860000.0,0.0,0.0,0.57,1754.250292110874,0.0,0.0,1732.0,0.9500856114059091,1.0,1170.7003151631952,1000.0,1158.0176486599971,1000.0,0.8541235135516378,0.0
4047,1687100460000.0,0.0,0.0,0.57,1754.250292110874,0.0,0.0,1739.26,0.9500856114059091,1.0,1170.7003151631952,1000.0,1162.155848659997,1000.0,0.8541235135516378,0.0
4048,1687104060000.0,0.0,0.0,0.57,1754.250292110874,0.0,0.0,1737.55,0.9500856114059091,1.0,1170.7003151631952,1000.0,1161.181148659997,1000.0,0.8541235135516378,0.0
4049,1687107660000.0,0.0,0.0,0.57,1754.250292110874,0.0,0.0,1745.41,0.9500856114059091,1.0,1170.7003151631952,1000.0,1165.6613486599972,1000.0,0.8541235135516378,0.0
4050,1687111260000.0,0.0,0.0,0.57,1754.250292110874,0.0,0.0,1744.68,0.9500856114059091,1.0,1170.7003151631952,1000.0,1165.245248659997,1000.0,0.8541235135516378,0.0
4051,1687114860000.0,0.0,0.0,0.57,1754.250292110874,0.0,0.0,1738.62,0.9500856114059091,1.0,1170.7003151631952,1000.0,1161.791048659997,1000.0,0.8541235135516378,0.0
4052,1687118460000.0,0.0,0.0,0.57,1754.250292110874,0.0,0.0,1739.36,0.9500856114059091,1.0,1170.7003151631952,1000.0,1162.212848659997,1000.0,0.8541235135516378,0.0
4053,1687122060000.0,0.0,0.0,0.57,1754.250292110874,0.0,0.0,1729.43,0.9500856114059091,1.0,1170.7003151631952,1000.0,1156.5527486599972,1000.0,0.8541235135516378,0.0
4054,1687125660000.0,0.0,0.0,0.57,1754.250292110874,0.0,0.0,1723.0,0.9500856114059091,1.0,1170.7003151631952,1000.0,1152.887648659997,1000.0,0.8541235135516378,0.0
4055,1687129260000.0,0.0,0.0,0.57,1754.250292110874,0.0,0.0,1717.65,0.9500856114059091,1.0,1170.7003151631952,1000.0,1149.8381486599972,1000.0,0.8541235135516378,0.0
4056,1687132860000.0,0.0,0.0,0.57,1754.250292110874,0.0,0.0,1722.97,0.9500856114059091,1.0,1170.7003151631952,1000.0,1152.870548659997,1000.0,0.8541235135516378,0.0
4057,1687136460000.0,0.0,0.0,0.57,1754.250292110874,0.0,0.0,1720.98,0.9500856114059091,1.0,1170.7003151631952,1000.0,1151.736248659997,1000.0,0.8541235135516378,0.0
4058,1687140060000.0,0.0,0.0,0.57,1754.250292110874,0.0,0.0,1724.43,0.9500856114059091,1.0,1170.7003151631952,1000.0,1153.702748659997,1000.0,0.8541235135516378,0.0
4059,1687143660000.0,0.0,0.0,0.57,1754.250292110874,0.0,0.0,1726.64,0.9500856114059091,1.0,1170.7003151631952,1000.0,1154.962448659997,1000.0,0.8541235135516378,0.0
4060,1687147260000.0,0.0,0.0,0.57,1754.250292110874,0.0,0.0,1722.91,0.9500856114059091,1.0,1170.7003151631952,1000.0,1152.8363486599972,1000.0,0.8541235135516378,0.0
4061,1687150860000.0,0.0,0.0,0.57,1754.250292110874,0.0,0.0,1723.59,0.9500856114059091,1.0,1170.7003151631952,1000.0,1153.223948659997,1000.0,0.8541235135516378,0.0
4062,1687154460000.0,0.0,0.0,0.57,1754.250292110874,0.0,0.0,1726.82,0.9500856114059091,1.0,1170.7003151631952,1000.0,1155.065048659997,1000.0,0.8541235135516378,0.0
4063,1687158060000.0,0.0,0.0,0.57,1754.250292110874,0.0,0.0,1723.36,0.9500856114059091,1.0,1170.7003151631952,1000.0,1153.0928486599971,1000.0,0.8541235135516378,0.0
4064,1687161660000.0,0.0,0.0,0.57,1754.250292110874,0.0,0.0,1722.55,0.9500856114059091,1.0,1170.7003151631952,1000.0,1152.631148659997,1000.0,0.8541235135516378,0.0
4065,1687165260000.0,0.0,0.0,0.57,1754.250292110874,0.0,0.0,1722.74,0.9500856114059091,1.0,1170.7003151631952,1000.0,1152.7394486599972,1000.0,0.8541235135516378,0.0
4066,1687168860000.0,0.0,0.0,0.57,1754.250292110874,0.0,0.0,1723.06,0.9500856114059091,1.0,1170.7003151631952,1000.0,1152.921848659997,1000.0,0.8541235135516378,0.0
4067,1687172460000.0,0.0,0.0,0.57,1754.250292110874,0.0,0.0,1721.28,0.9500856114059091,1.0,1170.7003151631952,1000.0,1151.907248659997,1000.0,0.8541235135516378,0.0
4068,1687176060000.0,0.0,0.0,0.57,1754.250292110874,0.0,0.0,1724.86,0.9500856114059091,1.0,1170.7003151631952,1000.0,1153.9478486599971,1000.0,0.8541235135516378,0.0
4069,1687179660000.0,0.0,0.0,0.57,1754.250292110874,0.0,0.0,1730.04,0.9500856114059091,1.0,1170.7003151631952,1000.0,1156.900448659997,1000.0,0.8541235135516378,0.0
4070,1687183260000.0,0.0,0.0,0.57,1754.250292110874,0.0,0.0,1727.19,0.9500856114059091,1.0,1170.7003151631952,1000.0,1155.275948659997,1000.0,0.8541235135516378,0.0
4071,1687186860000.0,0.0,0.0,0.57,1754.250292110874,0.0,0.0,1718.69,0.9500856114059091,1.0,1170.7003151631952,1000.0,1150.430948659997,1000.0,0.8541235135516378,0.0
4072,1687190460000.0,0.0,0.0,0.57,1754.250292110874,0.0,0.0,1719.4,0.9500856114059091,1.0,1170.7003151631952,1000.0,1150.835648659997,1000.0,0.8541235135516378,0.0
4073,1687194060000.0,0.0,0.0,0.57,1754.250292110874,0.0,0.0,1716.53,0.9500856114059091,1.0,1170.7003151631952,1000.0,1149.199748659997,1000.0,0.8541235135516378,0.0
4074,1687197660000.0,0.0,0.0,0.57,1754.250292110874,0.0,0.0,1729.02,0.9500856114059091,1.0,1170.7003151631952,1000.0,1156.3190486599972,1000.0,0.8541235135516378,0.0
4075,1687201260000.0,0.0,0.0,0.57,1754.250292110874,0.0,0.0,1706.4,0.9500856114059091,1.0,1170.7003151631952,1000.0,1143.425648659997,1000.0,0.8541235135516378,0.0
4076,1687204860000.0,0.0,0.0,0.57,1754.250292110874,0.0,0.0,1723.04,0.9500856114059091,1.0,1170.7003151631952,1000.0,1152.910448659997,1000.0,0.8541235135516378,0.0
4077,1687208460000.0,0.0,0.0,0.57,1754.250292110874,0.0,0.0,1730.42,0.9500856114059091,1.0,1170.7003151631952,1000.0,1157.1170486599972,1000.0,0.8541235135516378,0.0
4078,1687212060000.0,0.0,0.0,0.57,1754.250292110874,0.0,0.0,1730.11,0.9500856114059091,1.0,1170.7003151631952,1000.0,1156.940348659997,1000.0,0.8541235135516378,0.0
4079,1687215660000.0,0.0,0.0,0.57,1754.250292110874,0.0,0.0,1733.82,0.9500856114059091,1.0,1170.7003151631952,1000.0,1159.055048659997,1000.0,0.8541235135516378,0.0
4080,1687219260000.0,0.0,0.0,0.57,1754.250292110874,0.0,0.0,1735.48,0.9500856114059091,1.0,1170.7003151631952,1000.0,1160.0012486599971,1000.0,0.8541235135516378,0.0
4081,1687222860000.0,0.0,0.0,0.57,1754.250292110874,0.0,0.0,1742.24,0.9500856114059091,1.0,1170.7003151631952,1000.0,1163.8544486599972,1000.0,0.8541235135516378,0.0
4082,1687226460000.0,0.0,0.0,0.57,1754.250292110874,0.0,0.0,1735.28,0.9500856114059091,1.0,1170.7003151631952,1000.0,1159.887248659997,1000.0,0.8541235135516378,0.0
4083,1687230060000.0,0.0,0.0,0.57,1754.250292110874,0.0,0.0,1735.25,0.9500856114059091,1.0,1170.7003151631952,1000.0,1159.870148659997,1000.0,0.8541235135516378,0.0
4084,1687233660000.0,0.0,0.0,0.57,1754.250292110874,0.0,0.0,1729.3,0.9500856114059091,1.0,1170.7003151631952,1000.0,1156.4786486599971,1000.0,0.8541235135516378,0.0
4085,1687237260000.0,0.0,0.0,0.57,1754.250292110874,0.0,0.0,1730.53,0.9500856114059091,1.0,1170.7003151631952,1000.0,1157.1797486599971,1000.0,0.8541235135516378,0.0
4086,1687240860000.0,0.0,0.0,0.57,1754.250292110874,0.0,0.0,1728.24,0.9500856114059091,1.0,1170.7003151631952,1000.0,1155.8744486599971,1000.0,0.8541235135516378,0.0
4087,1687244460000.0,0.0,0.0,0.57,1754.250292110874,0.0,0.0,1727.11,0.9500856114059091,1.0,1170.7003151631952,1000.0,1155.230348659997,1000.0,0.8541235135516378,0.0
4088,1687248060000.0,0.0,0.0,0.57,1754.250292110874,0.0,0.0,1729.15,0.9500856114059091,1.0,1170.7003151631952,1000.0,1156.3931486599972,1000.0,0.8541235135516378,0.0
4089,1687251660000.0,0.0,0.0,0.57,1754.250292110874,0.0,0.0,1725.43,0.9500856114059091,1.0,1170.7003151631952,1000.0,1154.2727486599972,1000.0,0.8541235135516378,0.0
4090,1687255260000.0,0.0,0.0,0.57,1754.250292110874,0.0,0.0,1727.4,0.9500856114059091,1.0,1170.7003151631952,1000.0,1155.395648659997,1000.0,0.8541235135516378,0.0
4091,1687258860000.0,0.0,0.0,0.57,1754.250292110874,0.0,0.0,1728.71,0.9500856114059091,1.0,1170.7003151631952,1000.0,1156.1423486599972,1000.0,0.8541235135516378,0.0
4092,1687262460000.0,0.0,0.0,0.57,1754.250292110874,0.0,0.0,1732.92,0.9500856114059091,1.0,1170.7003151631952,1000.0,1158.5420486599971,1000.0,0.8541235135516378,0.0
4093,1687266060000.0,0.0,0.0,0.57,1754.250292110874,0.0,0.0,1730.3,0.9500856114059091,1.0,1170.7003151631952,1000.0,1157.048648659997,1000.0,0.8541235135516378,0.0
4094,1687269660000.0,0.0,0.0,0.57,1754.250292110874,0.0,0.0,1722.85,0.9500856114059091,1.0,1170.7003151631952,1000.0,1152.802148659997,1000.0,0.8541235135516378,0.0
4095,1687273260000.0,0.0,0.0,0.57,1754.250292110874,0.0,0.0,1719.35,0.9500856114059091,1.0,1170.7003151631952,1000.0,1150.807148659997,1000.0,0.8541235135516378,0.0
4096,1687276860000.0,0.0,0.0,0.57,1754.250292110874,0.0,0.0,1729.29,0.9500856114059091,1.0,1170.7003151631952,1000.0,1156.472948659997,1000.0,0.8541235135516378,0.0
4097,1687280460000.0,0.0,0.0,0.57,1754.250292110874,0.0,0.0,1746.19,0.9500856114059091,1.0,1170.7003151631952,1000.0,1166.105948659997,1000.0,0.8541235135516378,0.0
4098,1687284060000.0,0.0,0.0,0.25,1754.250292110874,0.0,0.0,1773.51,0.9500856114059091,1.0,1174.6799311277155,1000.0,1179.494858099997,1000.0,0.37334644221485075,0.0
4099,1687287660000.0,0.0,0.0,0.09,1754.250292110874,0.0,0.0,1783.16,0.9500856114059091,1.0,1179.7027323899758,1000.0,1182.3046060999973,1000.0,0.13383246639610835,0.0
4100,1687291260000.0,0.0,0.0,0.08,1754.250292110874,0.0,0.0,1784.82,0.9500856114059091,1.0,1180.016657468867,1000.0,1182.462234099997,1000.0,0.11893054431104298,0.0
4101,1687294860000.0,0.0,0.0,0.03,1754.250292110874,0.0,0.0,1783.4,0.9500856114059091,1.0,1181.5862828633224,1000.0,1182.4607740999961,1000.0,0.04453970863286824,0.0
4102,1687298460000.0,0.0,0.0,0.02,1754.250292110874,0.0,0.0,1776.22,0.9500856114059091,1.0,1181.9002079422135,1000.0,1182.339602099996,1000.0,0.029685252279719444,0.0
4103,1687302060000.0,0.0,0.0,0.01,1754.250292110874,0.0,0.0,1784.84,0.9500856114059091,1.0,1182.2141330211045,1000.0,1182.520030099996,1000.0,0.014838684829692842,0.0
4104,1687305660000.0,0.0,0.0,0.0,1754.250292110874,0.0,0.0,1789.85,0.9500856114059091,1.0,1182.5280580999956,1000.0,1182.5280580999956,1000.0,0.0,0.0
4105,1687309260000.0,0.0,0.0,0.0,1754.250292110874,0.0,0.0,1799.15,0.9500856114059091,1.0,1182.5280580999956,1000.0,1182.5280580999956,1000.0,0.0,0.0
4106,1687312860000.0,0.0,0.0,0.0,1754.250292110874,0.0,0.0,1806.38,0.9500856114059091,1.0,1182.5280580999956,1000.0,1182.5280580999956,1000.0,0.0,0.0
4107,1687316460000.0,0.0,0.0,0.0,1754.250292110874,0.0,0.0,1809.75,0.9500856114059091,1.0,1182.5280580999956,1000.0,1182.5280580999956,1000.0,0.0,0.0
4108,1687320060000.0,0.0,0.0,0.0,1754.250292110874,0.0,0.0,1811.4,0.9500856114059091,1.0,1182.5280580999956,1000.0,1182.5280580999956,1000.0,0.0,0.0
4109,1687323660000.0,0.0,0.0,0.0,1754.250292110874,0.0,0.0,1815.19,0.9500856114059091,1.0,1182.5280580999956,1000.0,1182.5280580999956,1000.0,0.0,0.0
4110,1687327260000.0,0.0,0.0,0.0,1754.250292110874,0.0,0.0,1817.5,0.9500856114059091,1.0,1182.5280580999956,1000.0,1182.5280580999956,1000.0,0.0,0.0
4111,1687330860000.0,0.0,0.0,0.0,1754.250292110874,0.0,0.0,1811.22,0.9500856114059091,1.0,1182.5280580999956,1000.0,1182.5280580999956,1000.0,0.0,0.0
4112,1687334460000.0,0.0,0.0,0.0,1754.250292110874,0.0,0.0,1811.14,0.9500856114059091,1.0,1182.5280580999956,1000.0,1182.5280580999956,1000.0,0.0,0.0
4113,1687338060000.0,0.0,0.0,0.0,1754.250292110874,0.0,0.0,1809.53,0.9500856114059091,1.0,1182.5280580999956,1000.0,1182.5280580999956,1000.0,0.0,0.0
4114,1687341660000.0,0.0,0.0,0.0,1754.250292110874,0.0,0.0,1811.55,0.9500856114059091,1.0,1182.5280580999956,1000.0,1182.5280580999956,1000.0,0.0,0.0
4115,1687345260000.0,0.0,0.0,0.0,1754.250292110874,0.0,0.0,1811.56,0.9500856114059091,1.0,1182.5280580999956,1000.0,1182.5280580999956,1000.0,0.0,0.0
4116,1687348860000.0,0.0,0.0,0.0,1754.250292110874,0.0,0.0,1826.61,0.9500856114059091,1.0,1182.5280580999956,1000.0,1182.5280580999956,1000.0,0.0,0.0
4117,1687352460000.0,0.0,0.0,0.0,1754.250292110874,0.0,0.0,1815.64,0.9500856114059091,1.0,1182.5280580999956,1000.0,1182.5280580999956,1000.0,0.0,0.0
4118,1687356060000.0,0.0,0.0,0.0,1754.250292110874,0.0,0.0,1827.61,0.9500856114059091,1.0,1182.5280580999956,1000.0,1182.5280580999956,1000.0,0.0,0.0
4119,1687359660000.0,0.0,0.0,0.0,1754.250292110874,0.0,0.0,1845.13,0.9500856114059091,1.0,1182.5280580999956,1000.0,1182.5280580999956,1000.0,0.0,0.0
4120,1687363260000.0,0.0,0.0,0.0,1754.250292110874,0.0,0.0,1845.87,0.9500856114059091,1.0,1182.5280580999956,1000.0,1182.5280580999956,1000.0,0.0,0.0
4121,1687366860000.0,0.0,0.0,0.0,1754.250292110874,0.0,0.0,1871.0,0.9500856114059091,1.0,1182.5280580999956,1000.0,1182.5280580999956,1000.0,0.0,0.0
4122,1687370460000.0,0.0,0.0,0.0,1754.250292110874,0.0,0.0,1870.4,0.9500856114059091,1.0,1182.5280580999956,1000.0,1182.5280580999956,1000.0,0.0,0.0
4123,1687374060000.0,0.0,0.0,0.0,1754.250292110874,0.0,0.0,1872.53,0.9500856114059091,1.0,1182.5280580999956,1000.0,1182.5280580999956,1000.0,0.0,0.0
4124,1687377660000.0,0.0,0.0,0.0,1754.250292110874,0.0,0.0,1883.5,0.9500856114059091,1.0,1182.5280580999956,1000.0,1182.5280580999956,1000.0,0.0,0.0
4125,1687381260000.0,0.0,0.0,0.0,1754.250292110874,0.0,0.0,1876.56,0.9500856114059091,1.0,1182.5280580999956,1000.0,1182.5280580999956,1000.0,0.0,0.0
4126,1687384860000.0,0.0,0.0,0.0,1754.250292110874,0.0,0.0,1876.2,0.9500856114059091,1.0,1182.5280580999956,1000.0,1182.5280580999956,1000.0,0.0,0.0
4127,1687388460000.0,0.0,0.0,0.0,1754.250292110874,0.0,0.0,1894.16,0.9500856114059091,1.0,1182.5280580999956,1000.0,1182.5280580999956,1000.0,0.0,0.0
4128,1687392060000.0,0.0,0.0,0.0,1754.250292110874,0.0,0.0,1887.15,0.9500856114059091,1.0,1182.5280580999956,1000.0,1182.5280580999956,1000.0,0.0,0.0
4129,1687395660000.0,0.0,0.0,0.0,1754.250292110874,0.0,0.0,1912.95,0.9500856114059091,1.0,1182.5280580999956,1000.0,1182.5280580999956,1000.0,0.0,0.0
4130,1687399260000.0,0.0,0.0,0.0,1754.250292110874,0.0,0.0,1912.73,0.9500856114059091,1.0,1182.5280580999956,1000.0,1182.5280580999956,1000.0,0.0,0.0
4131,1687402860000.0,0.0,0.0,0.0,1754.250292110874,0.0,0.0,1926.57,0.9500856114059091,1.0,1182.5280580999956,1000.0,1182.5280580999956,1000.0,0.0,0.0
4132,1687406460000.0,0.0,0.0,0.0,1754.250292110874,0.0,0.0,1915.18,0.9500856114059091,1.0,1182.5280580999956,1000.0,1182.5280580999956,1000.0,0.0,0.0
4133,1687410060000.0,0.0,0.0,0.0,1754.250292110874,0.0,0.0,1917.61,0.9500856114059091,1.0,1182.5280580999956,1000.0,1182.5280580999956,1000.0,0.0,0.0
4134,1687413660000.0,0.0,0.0,0.0,1754.250292110874,0.0,0.0,1907.68,0.9500856114059091,1.0,1182.5280580999956,1000.0,1182.5280580999956,1000.0,0.0,0.0
4135,1687417260000.0,0.0,0.0,0.0,1754.250292110874,0.0,0.0,1909.4,0.9500856114059091,1.0,1182.5280580999956,1000.0,1182.5280580999956,1000.0,0.0,0.0
4136,1687420860000.0,0.0,0.0,0.0,1754.250292110874,0.0,0.0,1910.47,0.9500856114059091,1.0,1182.5280580999956,1000.0,1182.5280580999956,1000.0,0.0,0.0
4137,1687424460000.0,0.0,0.0,0.0,1754.250292110874,0.0,0.0,1905.38,0.9500856114059091,1.0,1182.5280580999956,1000.0,1182.5280580999956,1000.0,0.0,0.0
4138,1687428060000.0,0.0,0.0,0.0,1754.250292110874,0.0,0.0,1905.39,0.9500856114059091,1.0,1182.5280580999956,1000.0,1182.5280580999956,1000.0,0.0,0.0
4139,1687431660000.0,0.0,0.0,0.0,1754.250292110874,0.0,0.0,1903.87,0.9500856114059091,1.0,1182.5280580999956,1000.0,1182.5280580999956,1000.0,0.0,0.0
4140,1687435260000.0,0.0,0.0,0.0,1754.250292110874,0.0,0.0,1887.33,0.9500856114059091,1.0,1182.5280580999956,1000.0,1182.5280580999956,1000.0,0.0,0.0
4141,1687438860000.0,0.0,0.0,0.0,1754.250292110874,0.0,0.0,1896.34,0.9500856114059091,1.0,1182.5280580999956,1000.0,1182.5280580999956,1000.0,0.0,0.0
4142,1687442460000.0,0.0,0.0,0.0,1754.250292110874,0.0,0.0,1896.47,0.9500856114059091,1.0,1182.5280580999956,1000.0,1182.5280580999956,1000.0,0.0,0.0
4143,1687446060000.0,0.0,0.0,0.03,1877.31,0.0,0.0,1873.5,0.9500856114059091,1.0,1182.5167942399955,1000.0,1182.4024942399956,1000.0,0.04762663860194599,0.0
4144,1687449660000.0,0.0,0.0,0.03,1877.31,0.0,0.0,1876.49,0.9500856114059091,1.0,1182.5167942399955,1000.0,1182.4921942399956,1000.0,0.04762663860194599,0.0
4145,1687453260000.0,0.0,0.0,0.03,1876.6900000000003,0.0,0.0,1880.0,0.9500856114059091,1.0,1182.6460613599957,1000.0,1182.7453613599957,1000.0,0.0476057054088156,0.0
4146,1687456860000.0,0.0,0.0,0.02,1876.6900000000003,0.0,0.0,1887.95,0.9500856114059091,1.0,1182.7790806199957,1000.0,1183.0042806199958,1000.0,0.03173356767548284,0.0
4147,1687460460000.0,0.0,0.0,0.02,1876.6900000000003,0.0,0.0,1886.5,0.9500856114059091,1.0,1182.7790806199957,1000.0,1182.9752806199958,1000.0,0.03173356767548284,0.0
4148,1687464060000.0,0.0,0.0,0.01,1876.6900000000003,0.0,0.0,1888.22,0.9500856114059091,1.0,1182.9120998799958,1000.0,1183.0273998799958,1000.0,0.015864999607243743,0.0
4149,1687467660000.0,0.0,0.0,0.0,1876.6900000000003,0.0,0.0,1886.99,0.9500856114059091,1.0,1183.045119139996,1000.0,1183.045119139996,1000.0,0.0,0.0
4150,1687471260000.0,0.0,0.0,0.0,1876.6900000000003,0.0,0.0,1877.28,0.9500856114059091,1.0,1183.045119139996,1000.0,1183.045119139996,1000.0,0.0,0.0
4151,1687474860000.0,0.0,0.0,0.03,1874.04,0.0,0.0,1871.11,0.9500856114059091,1.0,1183.033874899996,1000.0,1182.945974899996,1000.0,0.04752289954905347,0.0
4152,1687478460000.0,0.0,0.0,0.03,1874.04,0.0,0.0,1873.11,0.9500856114059091,1.0,1183.033874899996,1000.0,1183.0059748999959,1000.0,0.04752289954905347,0.0
4153,1687482060000.0,0.0,0.0,0.03,1874.04,0.0,0.0,1876.48,0.9500856114059091,1.0,1183.033874899996,1000.0,1183.107074899996,1000.0,0.04752289954905347,0.0
4154,1687485660000.0,0.0,0.0,0.03,1874.04,0.0,0.0,1873.8,0.9500856114059091,1.0,1183.033874899996,1000.0,1183.026674899996,1000.0,0.04752289954905347,0.0
4155,1687489260000.0,0.0,0.0,0.03,1874.04,0.0,0.0,1877.5,0.9500856114059091,1.0,1183.033874899996,1000.0,1183.137674899996,1000.0,0.04752289954905347,0.0
4156,1687492860000.0,0.0,0.0,0.03,1874.04,0.0,0.0,1880.82,0.9500856114059091,1.0,1183.033874899996,1000.0,1183.237274899996,1000.0,0.04752289954905347,0.0
4157,1687496460000.0,0.0,0.0,0.03,1874.04,0.0,0.0,1879.75,0.9500856114059091,1.0,1183.033874899996,1000.0,1183.2051748999959,1000.0,0.04752289954905347,0.0
4158,1687500060000.0,0.0,0.0,0.03,1874.04,0.0,0.0,1883.09,0.9500856114059091,1.0,1183.033874899996,1000.0,1183.305374899996,1000.0,0.04752289954905347,0.0
4159,1687503660000.0,0.0,0.0,0.03,1874.04,0.0,0.0,1878.18,0.9500856114059091,1.0,1183.033874899996,1000.0,1183.1580748999959,1000.0,0.04752289954905347,0.0
4160,1687507260000.0,0.0,0.0,0.03,1874.04,0.0,0.0,1878.46,0.9500856114059091,1.0,1183.033874899996,1000.0,1183.1664748999958,1000.0,0.04752289954905347,0.0
4161,1687510860000.0,0.0,0.0,0.03,1874.04,0.0,0.0,1883.85,0.9500856114059091,1.0,1183.033874899996,1000.0,1183.328174899996,1000.0,0.04752289954905347,0.0
4162,1687514460000.0,0.0,0.0,0.02,1874.04,0.0,0.0,1883.07,0.9500856114059091,1.0,1183.166699499996,1000.0,1183.3472994999959,1000.0,0.03167837635714335,0.0
4163,1687518060000.0,0.0,0.0,0.02,1874.04,0.0,0.0,1878.79,0.9500856114059091,1.0,1183.166699499996,1000.0,1183.261699499996,1000.0,0.03167837635714335,0.0
4164,1687521660000.0,0.0,0.0,0.02,1874.04,0.0,0.0,1878.05,0.9500856114059091,1.0,1183.166699499996,1000.0,1183.246899499996,1000.0,0.03167837635714335,0.0
4165,1687525260000.0,0.0,0.0,0.03,1872.6566666666668,0.0,0.0,1874.43,0.9500856114059091,1.0,1183.162959719996,1000.0,1183.216159719996,1000.0,0.047482639258158765,0.0
4166,1687528860000.0,0.0,0.0,0.03,1872.6566666666668,0.0,0.0,1867.3,0.9500856114059091,1.0,1183.162959719996,1000.0,1183.0022597199961,1000.0,0.047482639258158765,0.0
4167,1687532460000.0,0.0,0.0,0.02,1872.6566666666668,0.0,0.0,1882.82,0.9500856114059091,1.0,1183.2957204333293,1000.0,1183.498987099996,1000.0,0.03165154127289313,0.0
4168,1687536060000.0,0.0,0.0,0.0,1872.6566666666668,0.0,0.0,1914.84,0.9500856114059091,1.0,1183.5612418599958,1000.0,1183.5612418599958,1000.0,0.0,0.0
4169,1687539660000.0,0.0,0.0,0.0,1872.6566666666668,0.0,0.0,1910.01,0.9500856114059091,1.0,1183.5612418599958,1000.0,1183.5612418599958,1000.0,0.0,0.0
4170,1687543260000.0,0.0,0.0,0.0,1872.6566666666668,0.0,0.0,1921.82,0.9500856114059091,1.0,1183.5612418599958,1000.0,1183.5612418599958,1000.0,0.0,0.0
4171,1687546860000.0,0.0,0.0,0.0,1872.6566666666668,0.0,0.0,1907.16,0.9500856114059091,1.0,1183.5612418599958,1000.0,1183.5612418599958,1000.0,0.0,0.0
4172,1687550460000.0,0.0,0.0,0.0,1872.6566666666668,0.0,0.0,1898.01,0.9500856114059091,1.0,1183.5612418599958,1000.0,1183.5612418599958,1000.0,0.0,0.0
4173,1687554060000.0,0.0,0.0,0.0,1872.6566666666668,0.0,0.0,1904.24,0.9500856114059091,1.0,1183.5612418599958,1000.0,1183.5612418599958,1000.0,0.0,0.0
4174,1687557660000.0,0.0,0.0,0.03,1880.79,0.0,0.0,1881.57,0.9500856114059091,1.0,1183.5499571199957,1000.0,1183.5733571199958,1000.0,0.04767327281841083,0.0
4175,1687561260000.0,0.0,0.0,0.03,1880.79,0.0,0.0,1889.15,0.9500856114059091,1.0,1183.5499571199957,1000.0,1183.8007571199958,1000.0,0.04767327281841083,0.0
4176,1687564860000.0,0.0,0.0,0.03,1880.79,0.0,0.0,1889.61,0.9500856114059091,1.0,1183.5499571199957,1000.0,1183.8145571199957,1000.0,0.04767327281841083,0.0
4177,1687568460000.0,0.0,0.0,0.03,1880.79,0.0,0.0,1879.1,0.9500856114059091,1.0,1183.5499571199957,1000.0,1183.4992571199957,1000.0,0.04767327281841083,0.0
4178,1687572060000.0,0.0,0.0,0.03,1880.79,0.0,0.0,1888.39,0.9500856114059091,1.0,1183.5499571199957,1000.0,1183.7779571199958,1000.0,0.04767327281841083,0.0
4179,1687575660000.0,0.0,0.0,0.02,1880.79,0.0,0.0,1893.72,0.9500856114059091,1.0,1183.6832681199955,1000.0,1183.9418681199954,1000.0,0.0317786024463655,0.0
4180,1687579260000.0,0.0,0.0,0.01,1880.79,0.0,0.0,1893.92,0.9500856114059091,1.0,1183.8165791199954,1000.0,1183.9478791199954,1000.0,0.0158875119099794,0.0
4181,1687582860000.0,0.0,0.0,0.0,1880.79,0.0,0.0,1891.16,0.9500856114059091,1.0,1183.9498901199952,1000.0,1183.9498901199952,1000.0,0.0,0.0
4182,1687586460000.0,0.0,0.0,0.0,1880.79,0.0,0.0,1891.62,0.9500856114059091,1.0,1183.9498901199952,1000.0,1183.9498901199952,1000.0,0.0,0.0
4183,1687590060000.0,0.0,0.0,0.0,1880.79,0.0,0.0,1887.75,0.9500856114059091,1.0,1183.9498901199952,1000.0,1183.9498901199952,1000.0,0.0,0.0
4184,1687593660000.0,0.0,0.0,0.0,1880.79,0.0,0.0,1882.67,0.9500856114059091,1.0,1183.9498901199952,1000.0,1183.9498901199952,1000.0,0.0,0.0
4185,1687597260000.0,0.0,0.0,0.0,1880.79,0.0,0.0,1886.35,0.9500856114059091,1.0,1183.9498901199952,1000.0,1183.9498901199952,1000.0,0.0,0.0
4186,1687600860000.0,0.0,0.0,0.0,1880.79,0.0,0.0,1887.9,0.9500856114059091,1.0,1183.9498901199952,1000.0,1183.9498901199952,1000.0,0.0,0.0
4187,1687604460000.0,0.0,0.0,0.0,1880.79,0.0,0.0,1890.49,0.9500856114059091,1.0,1183.9498901199952,1000.0,1183.9498901199952,1000.0,0.0,0.0
4188,1687608060000.0,0.0,0.0,0.0,1880.79,0.0,0.0,1889.38,0.9500856114059091,1.0,1183.9498901199952,1000.0,1183.9498901199952,1000.0,0.0,0.0
4189,1687611660000.0,0.0,0.0,0.0,1880.79,0.0,0.0,1895.87,0.9500856114059091,1.0,1183.9498901199952,1000.0,1183.9498901199952,1000.0,0.0,0.0
4190,1687615260000.0,0.0,0.0,0.0,1880.79,0.0,0.0,1891.53,0.9500856114059091,1.0,1183.9498901199952,1000.0,1183.9498901199952,1000.0,0.0,0.0
4191,1687618860000.0,0.0,0.0,0.0,1880.79,0.0,0.0,1893.17,0.9500856114059091,1.0,1183.9498901199952,1000.0,1183.9498901199952,1000.0,0.0,0.0
4192,1687622460000.0,0.0,0.0,0.03,1879.29,0.0,0.0,1871.12,0.9500856114059091,1.0,1183.9386143799952,1000.0,1183.6935143799951,1000.0,0.04761961415501629,0.0
4193,1687626060000.0,0.0,0.0,0.03,1879.29,0.0,0.0,1876.31,0.9500856114059091,1.0,1183.9386143799952,1000.0,1183.8492143799951,1000.0,0.04761961415501629,0.0
4194,1687629660000.0,0.0,0.0,0.03,1879.29,0.0,0.0,1882.14,0.9500856114059091,1.0,1183.9386143799952,1000.0,1184.0241143799951,1000.0,0.04761961415501629,0.0
4195,1687633260000.0,0.0,0.0,0.03,1879.29,0.0,0.0,1886.32,0.9500856114059091,1.0,1183.9386143799952,1000.0,1184.1495143799953,1000.0,0.04761961415501629,0.0
4196,1687636860000.0,0.0,0.0,0.03,1879.29,0.0,0.0,1885.22,0.9500856114059091,1.0,1183.9386143799952,1000.0,1184.1165143799951,1000.0,0.04761961415501629,0.0
4197,1687640460000.0,0.0,0.0,0.03,1879.29,0.0,0.0,1876.54,0.9500856114059091,1.0,1183.9386143799952,1000.0,1183.8561143799952,1000.0,0.04761961415501629,0.0
4198,1687644060000.0,0.0,0.0,0.03,1879.29,0.0,0.0,1875.71,0.9500856114059091,1.0,1183.9386143799952,1000.0,1183.8312143799951,1000.0,0.04761961415501629,0.0
4199,1687647660000.0,0.0,0.0,0.03,1879.29,0.0,0.0,1874.39,0.9500856114059091,1.0,1183.9386143799952,1000.0,1183.7916143799953,1000.0,0.04761961415501629,0.0
4200,1687651260000.0,0.0,0.0,0.03,1879.29,0.0,0.0,1874.26,0.9500856114059091,1.0,1183.9386143799952,1000.0,1183.7877143799951,1000.0,0.04761961415501629,0.0
4201,1687654860000.0,0.0,0.0,0.03,1879.29,0.0,0.0,1870.71,0.9500856114059091,1.0,1183.9386143799952,1000.0,1183.6812143799953,1000.0,0.04761961415501629,0.0
4202,1687658460000.0,0.0,0.0,0.03,1879.29,0.0,0.0,1877.6,0.9500856114059091,1.0,1183.9386143799952,1000.0,1183.8879143799952,1000.0,0.04761961415501629,0.0
4203,1687662060000.0,0.0,0.0,0.03,1879.29,0.0,0.0,1883.07,0.9500856114059091,1.0,1183.9386143799952,1000.0,1184.0520143799952,1000.0,0.04761961415501629,0.0
4204,1687665660000.0,0.0,0.0,0.01,1879.29,0.0,0.0,1895.39,0.9500856114059091,1.0,1184.2050424199952,1000.0,1184.3660424199952,1000.0,0.015869633489818253,0.0
4205,1687669260000.0,0.0,0.0,0.0,1879.29,0.0,0.0,1908.34,0.9500856114059091,1.0,1184.5413158199951,1000.0,1184.5413158199951,1000.0,0.0,0.0
4206,1687672860000.0,0.0,0.0,0.0,1879.29,0.0,0.0,1910.44,0.9500856114059091,1.0,1184.5413158199951,1000.0,1184.5413158199951,1000.0,0.0,0.0
4207,1687676460000.0,0.0,0.0,0.0,1879.29,0.0,0.0,1916.9,0.9500856114059091,1.0,1184.5413158199951,1000.0,1184.5413158199951,1000.0,0.0,0.0
4208,1687680060000.0,0.0,0.0,0.0,1879.29,0.0,0.0,1910.72,0.9500856114059091,1.0,1184.5413158199951,1000.0,1184.5413158199951,1000.0,0.0,0.0
4209,1687683660000.0,0.0,0.0,0.0,1879.29,0.0,0.0,1914.7,0.9500856114059091,1.0,1184.5413158199951,1000.0,1184.5413158199951,1000.0,0.0,0.0
4210,1687687260000.0,0.0,0.0,0.0,1879.29,0.0,0.0,1918.44,0.9500856114059091,1.0,1184.5413158199951,1000.0,1184.5413158199951,1000.0,0.0,0.0
4211,1687690860000.0,0.0,0.0,0.0,1879.29,0.0,0.0,1915.0,0.9500856114059091,1.0,1184.5413158199951,1000.0,1184.5413158199951,1000.0,0.0,0.0
4212,1687694460000.0,0.0,0.0,0.0,1879.29,0.0,0.0,1918.91,0.9500856114059091,1.0,1184.5413158199951,1000.0,1184.5413158199951,1000.0,0.0,0.0
4213,1687698060000.0,0.0,0.0,0.0,1879.29,0.0,0.0,1913.66,0.9500856114059091,1.0,1184.5413158199951,1000.0,1184.5413158199951,1000.0,0.0,0.0
4214,1687701660000.0,0.0,0.0,0.0,1879.29,0.0,0.0,1904.35,0.9500856114059091,1.0,1184.5413158199951,1000.0,1184.5413158199951,1000.0,0.0,0.0
4215,1687705260000.0,0.0,0.0,0.03,1889.82,0.0,0.0,1885.76,0.9500856114059091,1.0,1184.529976899995,1000.0,1184.4081768999952,1000.0,0.04786252868701058,0.0
4216,1687708860000.0,0.0,0.0,0.03,1889.82,0.0,0.0,1883.82,0.9500856114059091,1.0,1184.529976899995,1000.0,1184.349976899995,1000.0,0.04786252868701058,0.0
4217,1687712460000.0,0.0,0.0,0.03,1889.82,0.0,0.0,1889.76,0.9500856114059091,1.0,1184.529976899995,1000.0,1184.528176899995,1000.0,0.04786252868701058,0.0
4218,1687716060000.0,0.0,0.0,0.03,1889.82,0.0,0.0,1888.69,0.9500856114059091,1.0,1184.529976899995,1000.0,1184.4960768999952,1000.0,0.04786252868701058,0.0
4219,1687719660000.0,0.0,0.0,0.03,1889.82,0.0,0.0,1892.69,0.9500856114059091,1.0,1184.529976899995,1000.0,1184.616076899995,1000.0,0.04786252868701058,0.0
4220,1687723260000.0,0.0,0.0,0.03,1889.82,0.0,0.0,1893.87,0.9500856114059091,1.0,1184.529976899995,1000.0,1184.651476899995,1000.0,0.04786252868701058,0.0
4221,1687726860000.0,0.0,0.0,0.03,1889.82,0.0,0.0,1893.2,0.9500856114059091,1.0,1184.529976899995,1000.0,1184.631376899995,1000.0,0.04786252868701058,0.0
4222,1687730460000.0,0.0,0.0,0.03,1889.82,0.0,0.0,1891.68,0.9500856114059091,1.0,1184.529976899995,1000.0,1184.5857768999952,1000.0,0.04786252868701058,0.0
4223,1687734060000.0,0.0,0.0,0.01,1889.82,0.0,0.0,1899.5,0.9500856114059091,1.0,1184.7977625399951,1000.0,1184.8945625399951,1000.0,0.015950570297740628,0.0
4224,1687737660000.0,0.0,0.0,0.01,1889.82,0.0,0.0,1896.43,0.9500856114059091,1.0,1184.7977625399951,1000.0,1184.8638625399951,1000.0,0.015950570297740628,0.0
4225,1687741260000.0,0.0,0.0,0.03,1885.82,0.0,0.0,1885.67,0.9500856114059091,1.0,1184.9203404399952,1000.0,1184.9158404399952,1000.0,0.04774548808824752,0.0
4226,1687744860000.0,0.0,0.0,0.03,1885.82,0.0,0.0,1874.62,0.9500856114059091,1.0,1184.9203404399952,1000.0,1184.5843404399952,1000.0,0.04774548808824752,0.0
4227,1687748460000.0,0.0,0.0,0.03,1885.82,0.0,0.0,1877.44,0.9500856114059091,1.0,1184.9203404399952,1000.0,1184.6689404399951,1000.0,0.04774548808824752,0.0
4228,1687752060000.0,0.0,0.0,0.03,1885.82,0.0,0.0,1878.77,0.9500856114059091,1.0,1184.9203404399952,1000.0,1184.7088404399954,1000.0,0.04774548808824752,0.0
4229,1687755660000.0,0.0,0.0,0.03,1885.82,0.0,0.0,1874.74,0.9500856114059091,1.0,1184.9203404399952,1000.0,1184.5879404399952,1000.0,0.04774548808824752,0.0
4230,1687759260000.0,0.0,0.0,0.03,1885.82,0.0,0.0,1876.5,0.9500856114059091,1.0,1184.9203404399952,1000.0,1184.6407404399952,1000.0,0.04774548808824752,0.0
4231,1687762860000.0,0.0,0.0,0.03,1885.82,0.0,0.0,1897.6,0.9500856114059091,1.0,1184.9203404399952,1000.0,1185.2737404399952,1000.0,0.04774548808824752,0.0
4232,1687766460000.0,0.0,0.0,0.0,1885.82,0.0,0.0,1891.2,0.9500856114059091,1.0,1185.3211430799956,1000.0,1185.3211430799956,1000.0,0.0,0.0
4233,1687770060000.0,0.0,0.0,0.0,1885.82,0.0,0.0,1892.7,0.9500856114059091,1.0,1185.3211430799956,1000.0,1185.3211430799956,1000.0,0.0,0.0
4234,1687773660000.0,0.0,0.0,0.0,1885.82,0.0,0.0,1880.81,0.9500856114059091,1.0,1185.3211430799956,1000.0,1185.3211430799956,1000.0,0.0,0.0
4235,1687777260000.0,0.0,0.0,0.03,1877.34,0.0,0.0,1876.58,0.9500856114059091,1.0,1185.3098790399956,1000.0,1185.2870790399957,1000.0,0.04751516965809377,0.0
4236,1687780860000.0,0.0,0.0,0.03,1877.34,0.0,0.0,1879.51,0.9500856114059091,1.0,1185.3098790399956,1000.0,1185.3749790399957,1000.0,0.04751516965809377,0.0
4237,1687784460000.0,0.0,0.0,0.03,1877.34,0.0,0.0,1881.82,0.9500856114059091,1.0,1185.3098790399956,1000.0,1185.4442790399955,1000.0,0.04751516965809377,0.0
4238,1687788060000.0,0.0,0.0,0.0,1877.34,0.0,0.0,1900.5,0.9500856114059091,1.0,1185.7089329199955,1000.0,1185.7089329199955,1000.0,0.0,0.0
4239,1687791660000.0,0.0,0.0,0.03,1875.8,0.0,0.0,1881.39,0.9500856114059091,1.0,1185.6976781199955,1000.0,1185.8653781199955,1000.0,0.0474606647532837,0.0
4240,1687795260000.0,0.0,0.0,0.0,1875.8,0.0,0.0,1887.13,0.9500856114059091,1.0,1186.0964412999954,1000.0,1186.0964412999954,1000.0,0.0,0.0
4241,1687798860000.0,0.0,0.0,0.03,1875.59,0.0,0.0,1851.76,0.9500856114059091,1.0,1186.0851877599953,1000.0,1185.3702877599953,1000.0,0.04743984713801669,0.0
4242,1687802460000.0,0.0,0.0,0.08,1850.13375,0.0,0.0,1846.86,0.9500856114059091,1.0,1186.0668391599952,1000.0,1185.8049391599952,1000.0,0.12479119651032923,0.0
4243,1687806060000.0,0.0,0.0,0.08,1850.13375,0.0,0.0,1848.15,0.9500856114059091,1.0,1186.0668391599952,1000.0,1185.9081391599952,1000.0,0.12479119651032923,0.0
4244,1687809660000.0,0.0,0.0,0.08,1850.13375,0.0,0.0,1854.8,0.9500856114059091,1.0,1186.0668391599952,1000.0,1186.4401391599952,1000.0,0.12479119651032923,0.0
4245,1687813260000.0,0.0,0.0,0.08,1850.13375,0.0,0.0,1852.99,0.9500856114059091,1.0,1186.0668391599952,1000.0,1186.2953391599951,1000.0,0.12479119651032923,0.0
4246,1687816860000.0,0.0,0.0,0.08,1850.13375,0.0,0.0,1848.21,0.9500856114059091,1.0,1186.0668391599952,1000.0,1185.9129391599952,1000.0,0.12479119651032923,0.0
4247,1687820460000.0,0.0,0.0,0.08,1850.13375,0.0,0.0,1857.39,0.9500856114059091,1.0,1186.0668391599952,1000.0,1186.6473391599952,1000.0,0.12479119651032923,0.0
4248,1687824060000.0,0.0,0.0,0.08,1850.13375,0.0,0.0,1856.75,0.9500856114059091,1.0,1186.0668391599952,1000.0,1186.5961391599951,1000.0,0.12479119651032923,0.0
4249,1687827660000.0,0.0,0.0,0.07,1850.13375,0.0,0.0,1861.12,0.9500856114059091,1.0,1186.1979744199953,1000.0,1186.9670119199952,1000.0,0.10918022563925306,0.0
4250,1687831260000.0,0.0,0.0,0.0,1850.13375,0.0,0.0,1861.75,0.9500856114059091,1.0,1187.1159212399957,1000.0,1187.1159212399957,1000.0,0.0,0.0
4251,1687834860000.0,0.0,0.0,0.0,1850.13375,0.0,0.0,1873.09,0.9500856114059091,1.0,1187.1159212399957,1000.0,1187.1159212399957,1000.0,0.0,0.0
4252,1687838460000.0,0.0,0.0,0.0,1850.13375,0.0,0.0,1871.0,0.9500856114059091,1.0,1187.1159212399957,1000.0,1187.1159212399957,1000.0,0.0,0.0
4253,1687842060000.0,0.0,0.0,0.0,1850.13375,0.0,0.0,1869.5,0.9500856114059091,1.0,1187.1159212399957,1000.0,1187.1159212399957,1000.0,0.0,0.0
4254,1687845660000.0,0.0,0.0,0.0,1850.13375,0.0,0.0,1866.05,0.9500856114059091,1.0,1187.1159212399957,1000.0,1187.1159212399957,1000.0,0.0,0.0
4255,1687849260000.0,0.0,0.0,0.0,1850.13375,0.0,0.0,1867.35,0.9500856114059091,1.0,1187.1159212399957,1000.0,1187.1159212399957,1000.0,0.0,0.0
4256,1687852860000.0,0.0,0.0,0.0,1850.13375,0.0,0.0,1874.43,0.9500856114059091,1.0,1187.1159212399957,1000.0,1187.1159212399957,1000.0,0.0,0.0
4257,1687856460000.0,0.0,0.0,0.0,1850.13375,0.0,0.0,1874.02,0.9500856114059091,1.0,1187.1159212399957,1000.0,1187.1159212399957,1000.0,0.0,0.0
4258,1687860060000.0,0.0,0.0,0.0,1850.13375,0.0,0.0,1875.34,0.9500856114059091,1.0,1187.1159212399957,1000.0,1187.1159212399957,1000.0,0.0,0.0
4259,1687863660000.0,0.0,0.0,0.0,1850.13375,0.0,0.0,1881.2,0.9500856114059091,1.0,1187.1159212399957,1000.0,1187.1159212399957,1000.0,0.0,0.0
4260,1687867260000.0,0.0,0.0,0.0,1850.13375,0.0,0.0,1879.07,0.9500856114059091,1.0,1187.1159212399957,1000.0,1187.1159212399957,1000.0,0.0,0.0
4261,1687870860000.0,0.0,0.0,0.0,1850.13375,0.0,0.0,1880.75,0.9500856114059091,1.0,1187.1159212399957,1000.0,1187.1159212399957,1000.0,0.0,0.0
4262,1687874460000.0,0.0,0.0,0.0,1850.13375,0.0,0.0,1878.82,0.9500856114059091,1.0,1187.1159212399957,1000.0,1187.1159212399957,1000.0,0.0,0.0
4263,1687878060000.0,0.0,0.0,0.0,1850.13375,0.0,0.0,1880.7,0.9500856114059091,1.0,1187.1159212399957,1000.0,1187.1159212399957,1000.0,0.0,0.0
4264,1687881660000.0,0.0,0.0,0.03,1863.13,0.0,0.0,1872.36,0.9500856114059091,1.0,1187.1047424599958,1000.0,1187.3816424599959,1000.0,0.04708421927805041,0.0
4265,1687885260000.0,0.0,0.0,0.0,1863.13,0.0,0.0,1909.36,0.9500856114059091,1.0,1187.9036016399957,1000.0,1187.9036016399957,1000.0,0.0,0.0
4266,1687888860000.0,0.0,0.0,0.0,1863.13,0.0,0.0,1901.15,0.9500856114059091,1.0,1187.9036016399957,1000.0,1187.9036016399957,1000.0,0.0,0.0
4267,1687892460000.0,0.0,0.0,0.0,1863.13,0.0,0.0,1897.14,0.9500856114059091,1.0,1187.9036016399957,1000.0,1187.9036016399957,1000.0,0.0,0.0
4268,1687896060000.0,0.0,0.0,0.0,1863.13,0.0,0.0,1894.37,0.9500856114059091,1.0,1187.9036016399957,1000.0,1187.9036016399957,1000.0,0.0,0.0
4269,1687899660000.0,0.0,0.0,0.0,1863.13,0.0,0.0,1891.6,0.9500856114059091,1.0,1187.9036016399957,1000.0,1187.9036016399957,1000.0,0.0,0.0
4270,1687903260000.0,0.0,0.0,0.0,1863.13,0.0,0.0,1895.92,0.9500856114059091,1.0,1187.9036016399957,1000.0,1187.9036016399957,1000.0,0.0,0.0
4271,1687906860000.0,0.0,0.0,0.0,1863.13,0.0,0.0,1885.58,0.9500856114059091,1.0,1187.9036016399957,1000.0,1187.9036016399957,1000.0,0.0,0.0
4272,1687910460000.0,0.0,0.0,0.0,1863.13,0.0,0.0,1887.56,0.9500856114059091,1.0,1187.9036016399957,1000.0,1187.9036016399957,1000.0,0.0,0.0
4273,1687914060000.0,0.0,0.0,0.03,1872.58,0.0,0.0,1874.63,0.9500856114059091,1.0,1187.8923661599956,1000.0,1187.9538661599956,1000.0,0.04729165840302533,0.0
4274,1687917660000.0,0.0,0.0,0.03,1872.58,0.0,0.0,1870.03,0.9500856114059091,1.0,1187.8923661599956,1000.0,1187.8158661599957,1000.0,0.04729165840302533,0.0
4275,1687921260000.0,0.0,0.0,0.03,1872.58,0.0,0.0,1862.53,0.9500856114059091,1.0,1187.8923661599956,1000.0,1187.5908661599956,1000.0,0.04729165840302533,0.0
4276,1687924860000.0,0.0,0.0,0.03,1872.58,0.0,0.0,1865.23,0.9500856114059091,1.0,1187.8923661599956,1000.0,1187.6718661599957,1000.0,0.04729165840302533,0.0
4277,1687928460000.0,0.0,0.0,0.03,1872.58,0.0,0.0,1865.72,0.9500856114059091,1.0,1187.8923661599956,1000.0,1187.6865661599957,1000.0,0.04729165840302533,0.0
4278,1687932060000.0,0.0,0.0,0.03,1872.58,0.0,0.0,1865.56,0.9500856114059091,1.0,1187.8923661599956,1000.0,1187.6817661599957,1000.0,0.04729165840302533,0.0
4279,1687935660000.0,0.0,0.0,0.03,1872.58,0.0,0.0,1860.65,0.9500856114059091,1.0,1187.8923661599956,1000.0,1187.5344661599956,1000.0,0.04729165840302533,0.0
4280,1687939260000.0,0.0,0.0,0.03,1872.58,0.0,0.0,1850.91,0.9500856114059091,1.0,1187.8923661599956,1000.0,1187.2422661599956,1000.0,0.04729165840302533,0.0
4281,1687942860000.0,0.0,0.0,0.03,1872.58,0.0,0.0,1855.62,0.9500856114059091,1.0,1187.8923661599956,1000.0,1187.3835661599956,1000.0,0.04729165840302533,0.0
4282,1687946460000.0,0.0,0.0,0.03,1872.58,0.0,0.0,1859.44,0.9500856114059091,1.0,1187.8923661599956,1000.0,1187.4981661599957,1000.0,0.04729165840302533,0.0
4283,1687950060000.0,0.0,0.0,0.03,1872.58,0.0,0.0,1863.57,0.9500856114059091,1.0,1187.8923661599956,1000.0,1187.6220661599957,1000.0,0.04729165840302533,0.0
4284,1687953660000.0,0.0,0.0,0.03,1872.58,0.0,0.0,1859.31,0.9500856114059091,1.0,1187.8923661599956,1000.0,1187.4942661599957,1000.0,0.04729165840302533,0.0
4285,1687957260000.0,0.0,0.0,0.03,1872.58,0.0,0.0,1852.7,0.9500856114059091,1.0,1187.8923661599956,1000.0,1187.2959661599957,1000.0,0.04729165840302533,0.0
4286,1687960860000.0,0.0,0.0,0.03,1872.58,0.0,0.0,1859.2,0.9500856114059091,1.0,1187.8923661599956,1000.0,1187.4909661599957,1000.0,0.04729165840302533,0.0
4287,1687964460000.0,0.0,0.0,0.03,1872.58,0.0,0.0,1854.8,0.9500856114059091,1.0,1187.8923661599956,1000.0,1187.3589661599956,1000.0,0.04729165840302533,0.0
4288,1687968060000.0,0.0,0.0,0.03,1872.58,0.0,0.0,1858.76,0.9500856114059091,1.0,1187.8923661599956,1000.0,1187.4777661599956,1000.0,0.04729165840302533,0.0
4289,1687971660000.0,0.0,0.0,0.03,1872.58,0.0,0.0,1853.88,0.9500856114059091,1.0,1187.8923661599956,1000.0,1187.3313661599957,1000.0,0.04729165840302533,0.0
4290,1687975260000.0,0.0,0.0,0.03,1872.58,0.0,0.0,1849.88,0.9500856114059091,1.0,1187.8923661599956,1000.0,1187.2113661599956,1000.0,0.04729165840302533,0.0
4291,1687978860000.0,0.0,0.0,0.03,1872.58,0.0,0.0,1846.68,0.9500856114059091,1.0,1187.8923661599956,1000.0,1187.1153661599956,1000.0,0.04729165840302533,0.0
4292,1687982460000.0,0.0,0.0,0.08,1847.1675,0.0,0.0,1830.87,0.9500856114059091,1.0,1187.8740469599957,1000.0,1186.5702469599958,1000.0,0.12440157302719201,0.0
4293,1687986060000.0,0.0,0.0,0.08,1847.1675,0.0,0.0,1830.77,0.9500856114059091,1.0,1187.8740469599957,1000.0,1186.5622469599957,1000.0,0.12440157302719201,0.0
4294,1687989660000.0,0.0,0.0,0.08,1847.1675,0.0,0.0,1830.58,0.9500856114059091,1.0,1187.8740469599957,1000.0,1186.5470469599957,1000.0,0.12440157302719201,0.0
4295,1687993260000.0,0.0,0.0,0.08,1847.1675,0.0,0.0,1826.59,0.9500856114059091,1.0,1187.8740469599957,1000.0,1186.2278469599958,1000.0,0.12440157302719201,0.0
4296,1687996860000.0,0.0,0.0,0.08,1847.1675,0.0,0.0,1828.34,0.9500856114059091,1.0,1187.8740469599957,1000.0,1186.3678469599956,1000.0,0.12440157302719201,0.0
4297,1688000460000.0,0.0,0.0,0.08,1847.1675,0.0,0.0,1831.49,0.9500856114059091,1.0,1187.8740469599957,1000.0,1186.6198469599956,1000.0,0.12440157302719201,0.0
4298,1688004060000.0,0.0,0.0,0.08,1847.1675,0.0,0.0,1835.68,0.9500856114059091,1.0,1187.8740469599957,1000.0,1186.9550469599956,1000.0,0.12440157302719201,0.0
4299,1688007660000.0,0.0,0.0,0.08,1847.1675,0.0,0.0,1832.49,0.9500856114059091,1.0,1187.8740469599957,1000.0,1186.6998469599957,1000.0,0.12440157302719201,0.0
4300,1688011260000.0,0.0,0.0,0.08,1847.1675,0.0,0.0,1836.71,0.9500856114059091,1.0,1187.8740469599957,1000.0,1187.0374469599956,1000.0,0.12440157302719201,0.0
4301,1688014860000.0,0.0,0.0,0.08,1847.1675,0.0,0.0,1838.84,0.9500856114059091,1.0,1187.8740469599957,1000.0,1187.2078469599955,1000.0,0.12440157302719201,0.0
4302,1688018460000.0,0.0,0.0,0.08,1847.1675,0.0,0.0,1837.29,0.9500856114059091,1.0,1187.8740469599957,1000.0,1187.0838469599958,1000.0,0.12440157302719201,0.0
4303,1688022060000.0,0.0,0.0,0.08,1847.1675,0.0,0.0,1837.42,0.9500856114059091,1.0,1187.8740469599957,1000.0,1187.0942469599956,1000.0,0.12440157302719201,0.0
4304,1688025660000.0,0.0,0.0,0.08,1847.1675,0.0,0.0,1848.31,0.9500856114059091,1.0,1187.8740469599957,1000.0,1187.9654469599957,1000.0,0.12440157302719201,0.0
4305,1688029260000.0,0.0,0.0,0.08,1847.1675,0.0,0.0,1848.05,0.9500856114059091,1.0,1187.8740469599957,1000.0,1187.9446469599957,1000.0,0.12440157302719201,0.0
4306,1688032860000.0,0.0,0.0,0.08,1847.1675,0.0,0.0,1856.38,0.9500856114059091,1.0,1187.8740469599957,1000.0,1188.6110469599957,1000.0,0.12440157302719201,0.0
4307,1688036460000.0,0.0,0.0,0.06,1847.1675,0.0,0.0,1866.26,0.9500856114059091,1.0,1188.1358544399955,1000.0,1189.2814044399954,1000.0,0.09328062071844265,0.0
4308,1688040060000.0,0.0,0.0,0.06,1847.1675,0.0,0.0,1868.34,0.9500856114059091,1.0,1188.1358544399955,1000.0,1189.4062044399955,1000.0,0.09328062071844265,0.0
4309,1688043660000.0,0.0,0.0,0.06,1847.1675,0.0,0.0,1866.61,0.9500856114059091,1.0,1188.1358544399955,1000.0,1189.3024044399954,1000.0,0.09328062071844265,0.0
4310,1688047260000.0,0.0,0.0,0.05,1847.1675,0.0,0.0,1859.01,0.9500856114059091,1.0,1188.2667581799953,1000.0,1188.8588831799952,1000.0,0.07772528715812971,0.0
4311,1688050860000.0,0.0,0.0,0.02,1847.1675,0.0,0.0,1850.0,0.9500856114059091,1.0,1188.659469399995,1000.0,1188.716119399995,1000.0,0.031079843261290017,0.0
4312,1688054460000.0,0.0,0.0,0.02,1847.1675,0.0,0.0,1852.05,0.9500856114059091,1.0,1188.659469399995,1000.0,1188.757119399995,1000.0,0.031079843261290017,0.0
4313,1688058060000.0,0.0,0.0,0.02,1847.1675,0.0,0.0,1850.95,0.9500856114059091,1.0,1188.659469399995,1000.0,1188.735119399995,1000.0,0.031079843261290017,0.0
4314,1688061660000.0,0.0,0.0,0.02,1845.315,0.0,0.0,1848.67,0.9500856114059091,1.0,1188.786518659995,1000.0,1188.853618659995,1000.0,0.031045355428156212,0.0
4315,1688065260000.0,0.0,0.0,0.02,1845.315,0.0,0.0,1855.55,0.9500856114059091,1.0,1188.786518659995,1000.0,1188.991218659995,1000.0,0.031045355428156212,0.0
4316,1688068860000.0,0.0,0.0,0.01,1845.315,0.0,0.0,1858.91,0.9500856114059091,1.0,1188.917251139995,1000.0,1189.053201139995,1000.0,0.015520970851677165,0.0
4317,1688072460000.0,0.0,0.0,0.03,1842.9450000000002,0.0,0.0,1848.81,0.9500856114059091,1.0,1188.909884099995,1000.0,1189.085834099995,1000.0,0.04650339839831788,0.0
4318,1688076060000.0,0.0,0.0,0.03,1842.9450000000002,0.0,0.0,1850.9,0.9500856114059091,1.0,1188.909884099995,1000.0,1189.148534099995,1000.0,0.04650339839831788,0.0
4319,1688079660000.0,0.0,0.0,0.03,1842.9450000000002,0.0,0.0,1850.1,0.9500856114059091,1.0,1188.909884099995,1000.0,1189.124534099995,1000.0,0.04650339839831788,0.0
4320,1688083260000.0,0.0,0.0,0.03,1842.9450000000002,0.0,0.0,1850.84,0.9500856114059091,1.0,1188.909884099995,1000.0,1189.146734099995,1000.0,0.04650339839831788,0.0
4321,1688086860000.0,0.0,0.0,0.03,1842.9450000000002,0.0,0.0,1847.0,0.9500856114059091,1.0,1188.909884099995,1000.0,1189.031534099995,1000.0,0.04650339839831788,0.0
4322,1688090460000.0,0.0,0.0,0.03,1842.9450000000002,0.0,0.0,1846.4,0.9500856114059091,1.0,1188.909884099995,1000.0,1189.013534099995,1000.0,0.04650339839831788,0.0
4323,1688094060000.0,0.0,0.0,0.01,1842.9450000000002,0.0,0.0,1861.41,0.9500856114059091,1.0,1189.1711585799949,1000.0,1189.3558085799948,1000.0,0.01549772702359083,0.0
4324,1688097660000.0,0.0,0.0,0.0,1842.9450000000002,0.0,0.0,1874.91,0.9500856114059091,1.0,1189.5009559799948,1000.0,1189.5009559799948,1000.0,0.0,0.0
4325,1688101260000.0,0.0,0.0,0.0,1842.9450000000002,0.0,0.0,1892.49,0.9500856114059091,1.0,1189.5009559799948,1000.0,1189.5009559799948,1000.0,0.0,0.0
4326,1688104860000.0,0.0,0.0,0.0,1842.9450000000002,0.0,0.0,1882.9,0.9500856114059091,1.0,1189.5009559799948,1000.0,1189.5009559799948,1000.0,0.0,0.0
4327,1688108460000.0,0.0,0.0,0.0,1842.9450000000002,0.0,0.0,1875.27,0.9500856114059091,1.0,1189.5009559799948,1000.0,1189.5009559799948,1000.0,0.0,0.0
4328,1688112060000.0,0.0,0.0,0.0,1842.9450000000002,0.0,0.0,1885.2,0.9500856114059091,1.0,1189.5009559799948,1000.0,1189.5009559799948,1000.0,0.0,0.0
4329,1688115660000.0,0.0,0.0,0.0,1842.9450000000002,0.0,0.0,1883.65,0.9500856114059091,1.0,1189.5009559799948,1000.0,1189.5009559799948,1000.0,0.0,0.0
4330,1688119260000.0,0.0,0.0,0.0,1842.9450000000002,0.0,0.0,1885.18,0.9500856114059091,1.0,1189.5009559799948,1000.0,1189.5009559799948,1000.0,0.0,0.0
4331,1688122860000.0,0.0,0.0,0.0,1842.9450000000002,0.0,0.0,1891.08,0.9500856114059091,1.0,1189.5009559799948,1000.0,1189.5009559799948,1000.0,0.0,0.0
4332,1688126460000.0,0.0,0.0,0.0,1842.9450000000002,0.0,0.0,1891.86,0.9500856114059091,1.0,1189.5009559799948,1000.0,1189.5009559799948,1000.0,0.0,0.0
4333,1688130060000.0,0.0,0.0,0.0,1842.9450000000002,0.0,0.0,1907.84,0.9500856114059091,1.0,1189.5009559799948,1000.0,1189.5009559799948,1000.0,0.0,0.0
4334,1688133660000.0,0.0,0.0,0.07,1838.02875,0.0,0.0,1845.0,0.9500856114059091,1.0,1189.6018571599948,1000.0,1190.0898446599947,1000.0,0.10815552424166709,0.0
4335,1688137260000.0,0.0,0.0,0.03,1842.0791666666669,0.0,0.0,1847.16,0.9500856114059091,1.0,1190.2497049999945,1000.0,1190.4021299999945,1000.0,0.046429228058494046,0.0
4336,1688140860000.0,0.0,0.0,0.03,1842.0791666666669,0.0,0.0,1851.29,0.9500856114059091,1.0,1190.2497049999945,1000.0,1190.5260299999945,1000.0,0.046429228058494046,0.0
4337,1688144460000.0,0.0,0.0,0.0,1842.0791666666669,0.0,0.0,1910.7,0.9500856114059091,1.0,1191.2385774999943,1000.0,1191.2385774999943,1000.0,0.0,0.0
4338,1688148060000.0,0.0,0.0,0.0,1842.0791666666669,0.0,0.0,1938.82,0.9500856114059091,1.0,1191.2385774999943,1000.0,1191.2385774999943,1000.0,0.0,0.0
4339,1688151660000.0,0.0,0.0,0.0,1842.0791666666669,0.0,0.0,1923.49,0.9500856114059091,1.0,1191.2385774999943,1000.0,1191.2385774999943,1000.0,0.0,0.0
4340,1688155260000.0,0.0,0.0,0.0,1842.0791666666669,0.0,0.0,1926.74,0.9500856114059091,1.0,1191.2385774999943,1000.0,1191.2385774999943,1000.0,0.0,0.0
4341,1688158860000.0,0.0,0.0,0.0,1842.0791666666669,0.0,0.0,1925.8,0.9500856114059091,1.0,1191.2385774999943,1000.0,1191.2385774999943,1000.0,0.0,0.0
4342,1688162460000.0,0.0,0.0,0.0,1842.0791666666669,0.0,0.0,1932.0,0.9500856114059091,1.0,1191.2385774999943,1000.0,1191.2385774999943,1000.0,0.0,0.0
4343,1688166060000.0,0.0,0.0,0.0,1842.0791666666669,0.0,0.0,1930.56,0.9500856114059091,1.0,1191.2385774999943,1000.0,1191.2385774999943,1000.0,0.0,0.0
4344,1688169660000.0,0.0,0.0,0.0,1842.0791666666669,0.0,0.0,1933.12,0.9500856114059091,1.0,1191.2385774999943,1000.0,1191.2385774999943,1000.0,0.0,0.0
4345,1688173260000.0,0.0,0.0,0.0,1842.0791666666669,0.0,0.0,1934.95,0.9500856114059091,1.0,1191.2385774999943,1000.0,1191.2385774999943,1000.0,0.0,0.0
4346,1688176860000.0,0.0,0.0,0.0,1842.0791666666669,0.0,0.0,1927.81,0.9500856114059091,1.0,1191.2385774999943,1000.0,1191.2385774999943,1000.0,0.0,0.0
4347,1688180460000.0,0.0,0.0,0.0,1842.0791666666669,0.0,0.0,1920.25,0.9500856114059091,1.0,1191.2385774999943,1000.0,1191.2385774999943,1000.0,0.0,0.0
4348,1688184060000.0,0.0,0.0,0.0,1842.0791666666669,0.0,0.0,1919.52,0.9500856114059091,1.0,1191.2385774999943,1000.0,1191.2385774999943,1000.0,0.0,0.0
4349,1688187660000.0,0.0,0.0,0.0,1842.0791666666669,0.0,0.0,1915.55,0.9500856114059091,1.0,1191.2385774999943,1000.0,1191.2385774999943,1000.0,0.0,0.0
4350,1688191260000.0,0.0,0.0,0.0,1842.0791666666669,0.0,0.0,1918.07,0.9500856114059091,1.0,1191.2385774999943,1000.0,1191.2385774999943,1000.0,0.0,0.0
4351,1688194860000.0,0.0,0.0,0.0,1842.0791666666669,0.0,0.0,1919.54,0.9500856114059091,1.0,1191.2385774999943,1000.0,1191.2385774999943,1000.0,0.0,0.0
4352,1688198460000.0,0.0,0.0,0.0,1842.0791666666669,0.0,0.0,1918.73,0.9500856114059091,1.0,1191.2385774999943,1000.0,1191.2385774999943,1000.0,0.0,0.0
4353,1688202060000.0,0.0,0.0,0.0,1842.0791666666669,0.0,0.0,1914.99,0.9500856114059091,1.0,1191.2385774999943,1000.0,1191.2385774999943,1000.0,0.0,0.0
4354,1688205660000.0,0.0,0.0,0.0,1842.0791666666669,0.0,0.0,1916.12,0.9500856114059091,1.0,1191.2385774999943,1000.0,1191.2385774999943,1000.0,0.0,0.0
4355,1688209260000.0,0.0,0.0,0.0,1842.0791666666669,0.0,0.0,1923.62,0.9500856114059091,1.0,1191.2385774999943,1000.0,1191.2385774999943,1000.0,0.0,0.0
4356,1688212860000.0,0.0,0.0,0.0,1842.0791666666669,0.0,0.0,1921.31,0.9500856114059091,1.0,1191.2385774999943,1000.0,1191.2385774999943,1000.0,0.0,0.0
4357,1688216460000.0,0.0,0.0,0.0,1842.0791666666669,0.0,0.0,1928.43,0.9500856114059091,1.0,1191.2385774999943,1000.0,1191.2385774999943,1000.0,0.0,0.0
4358,1688220060000.0,0.0,0.0,0.0,1842.0791666666669,0.0,0.0,1922.02,0.9500856114059091,1.0,1191.2385774999943,1000.0,1191.2385774999943,1000.0,0.0,0.0
4359,1688223660000.0,0.0,0.0,0.0,1842.0791666666669,0.0,0.0,1923.49,0.9500856114059091,1.0,1191.2385774999943,1000.0,1191.2385774999943,1000.0,0.0,0.0
4360,1688227260000.0,0.0,0.0,0.0,1842.0791666666669,0.0,0.0,1922.92,0.9500856114059091,1.0,1191.2385774999943,1000.0,1191.2385774999943,1000.0,0.0,0.0
4361,1688230860000.0,0.0,0.0,0.0,1842.0791666666669,0.0,0.0,1917.01,0.9500856114059091,1.0,1191.2385774999943,1000.0,1191.2385774999943,1000.0,0.0,0.0
4362,1688234460000.0,0.0,0.0,0.0,1842.0791666666669,0.0,0.0,1918.86,0.9500856114059091,1.0,1191.2385774999943,1000.0,1191.2385774999943,1000.0,0.0,0.0
4363,1688238060000.0,0.0,0.0,0.0,1842.0791666666669,0.0,0.0,1922.15,0.9500856114059091,1.0,1191.2385774999943,1000.0,1191.2385774999943,1000.0,0.0,0.0
4364,1688241660000.0,0.0,0.0,0.0,1842.0791666666669,0.0,0.0,1922.31,0.9500856114059091,1.0,1191.2385774999943,1000.0,1191.2385774999943,1000.0,0.0,0.0
4365,1688245260000.0,0.0,0.0,0.0,1842.0791666666669,0.0,0.0,1922.3,0.9500856114059091,1.0,1191.2385774999943,1000.0,1191.2385774999943,1000.0,0.0,0.0
4366,1688248860000.0,0.0,0.0,0.0,1842.0791666666669,0.0,0.0,1922.5,0.9500856114059091,1.0,1191.2385774999943,1000.0,1191.2385774999943,1000.0,0.0,0.0
4367,1688252460000.0,0.0,0.0,0.0,1842.0791666666669,0.0,0.0,1922.99,0.9500856114059091,1.0,1191.2385774999943,1000.0,1191.2385774999943,1000.0,0.0,0.0
4368,1688256060000.0,0.0,0.0,0.0,1842.0791666666669,0.0,0.0,1923.34,0.9500856114059091,1.0,1191.2385774999943,1000.0,1191.2385774999943,1000.0,0.0,0.0
4369,1688259660000.0,0.0,0.0,0.0,1842.0791666666669,0.0,0.0,1920.43,0.9500856114059091,1.0,1191.2385774999943,1000.0,1191.2385774999943,1000.0,0.0,0.0
4370,1688263260000.0,0.0,0.0,0.0,1842.0791666666669,0.0,0.0,1917.93,0.9500856114059091,1.0,1191.2385774999943,1000.0,1191.2385774999943,1000.0,0.0,0.0
4371,1688266860000.0,0.0,0.0,0.0,1842.0791666666669,0.0,0.0,1917.19,0.9500856114059091,1.0,1191.2385774999943,1000.0,1191.2385774999943,1000.0,0.0,0.0
4372,1688270460000.0,0.0,0.0,0.0,1842.0791666666669,0.0,0.0,1912.82,0.9500856114059091,1.0,1191.2385774999943,1000.0,1191.2385774999943,1000.0,0.0,0.0
4373,1688274060000.0,0.0,0.0,0.0,1842.0791666666669,0.0,0.0,1914.3,0.9500856114059091,1.0,1191.2385774999943,1000.0,1191.2385774999943,1000.0,0.0,0.0
4374,1688277660000.0,0.0,0.0,0.0,1842.0791666666669,0.0,0.0,1913.85,0.9500856114059091,1.0,1191.2385774999943,1000.0,1191.2385774999943,1000.0,0.0,0.0
4375,1688281260000.0,0.0,0.0,0.0,1842.0791666666669,0.0,0.0,1913.09,0.9500856114059091,1.0,1191.2385774999943,1000.0,1191.2385774999943,1000.0,0.0,0.0
4376,1688284860000.0,0.0,0.0,0.0,1842.0791666666669,0.0,0.0,1913.6,0.9500856114059091,1.0,1191.2385774999943,1000.0,1191.2385774999943,1000.0,0.0,0.0
4377,1688288460000.0,0.0,0.0,0.0,1842.0791666666669,0.0,0.0,1912.55,0.9500856114059091,1.0,1191.2385774999943,1000.0,1191.2385774999943,1000.0,0.0,0.0
4378,1688292060000.0,0.0,0.0,0.0,1842.0791666666669,0.0,0.0,1916.79,0.9500856114059091,1.0,1191.2385774999943,1000.0,1191.2385774999943,1000.0,0.0,0.0
4379,1688295660000.0,0.0,0.0,0.0,1842.0791666666669,0.0,0.0,1916.66,0.9500856114059091,1.0,1191.2385774999943,1000.0,1191.2385774999943,1000.0,0.0,0.0
4380,1688299260000.0,0.0,0.0,0.0,1842.0791666666669,0.0,0.0,1918.91,0.9500856114059091,1.0,1191.2385774999943,1000.0,1191.2385774999943,1000.0,0.0,0.0
4381,1688302860000.0,0.0,0.0,0.0,1842.0791666666669,0.0,0.0,1916.76,0.9500856114059091,1.0,1191.2385774999943,1000.0,1191.2385774999943,1000.0,0.0,0.0
4382,1688306460000.0,0.0,0.0,0.0,1842.0791666666669,0.0,0.0,1914.4,0.9500856114059091,1.0,1191.2385774999943,1000.0,1191.2385774999943,1000.0,0.0,0.0
4383,1688310060000.0,0.0,0.0,0.0,1842.0791666666669,0.0,0.0,1924.63,0.9500856114059091,1.0,1191.2385774999943,1000.0,1191.2385774999943,1000.0,0.0,0.0
4384,1688313660000.0,0.0,0.0,0.0,1906.42,0.0,0.0,1917.75,0.9500856114059091,1.0,1191.6323171199945,1000.0,1191.6323171199945,1000.0,0.0,0.0
4385,1688317260000.0,0.0,0.0,0.0,1906.42,0.0,0.0,1917.28,0.9500856114059091,1.0,1191.6323171199945,1000.0,1191.6323171199945,1000.0,0.0,0.0
4386,1688320860000.0,0.0,0.0,0.03,1906.05,0.0,0.0,1905.0,0.9500856114059091,1.0,1191.6208808199945,1000.0,1191.5893808199944,1000.0,0.047986319239934336,0.0
4387,1688324460000.0,0.0,0.0,0.03,1906.05,0.0,0.0,1911.35,0.9500856114059091,1.0,1191.6208808199945,1000.0,1191.7798808199946,1000.0,0.047986319239934336,0.0
4388,1688328060000.0,0.0,0.0,0.03,1906.05,0.0,0.0,1913.43,0.9500856114059091,1.0,1191.6208808199945,1000.0,1191.8422808199944,1000.0,0.047986319239934336,0.0
4389,1688331660000.0,0.0,0.0,0.01,1906.05,0.0,0.0,1918.81,0.9500856114059091,1.0,1191.8910010599943,1000.0,1192.0186010599944,1000.0,0.015991814673530357,0.0
4390,1688335260000.0,0.0,0.0,0.0,1906.05,0.0,0.0,1921.35,0.9500856114059091,1.0,1192.0260611799943,1000.0,1192.0260611799943,1000.0,0.0,0.0
4391,1688338860000.0,0.0,0.0,0.0,1906.05,0.0,0.0,1941.09,0.9500856114059091,1.0,1192.0260611799943,1000.0,1192.0260611799943,1000.0,0.0,0.0
4392,1688342460000.0,0.0,0.0,0.0,1906.05,0.0,0.0,1936.75,0.9500856114059091,1.0,1192.0260611799943,1000.0,1192.0260611799943,1000.0,0.0,0.0
4393,1688346060000.0,0.0,0.0,0.0,1906.05,0.0,0.0,1935.52,0.9500856114059091,1.0,1192.0260611799943,1000.0,1192.0260611799943,1000.0,0.0,0.0
4394,1688349660000.0,0.0,0.0,0.0,1906.05,0.0,0.0,1945.56,0.9500856114059091,1.0,1192.0260611799943,1000.0,1192.0260611799943,1000.0,0.0,0.0
4395,1688353260000.0,0.0,0.0,0.0,1906.05,0.0,0.0,1950.44,0.9500856114059091,1.0,1192.0260611799943,1000.0,1192.0260611799943,1000.0,0.0,0.0
4396,1688356860000.0,0.0,0.0,0.0,1906.05,0.0,0.0,1949.22,0.9500856114059091,1.0,1192.0260611799943,1000.0,1192.0260611799943,1000.0,0.0,0.0
4397,1688360460000.0,0.0,0.0,0.0,1906.05,0.0,0.0,1948.12,0.9500856114059091,1.0,1192.0260611799943,1000.0,1192.0260611799943,1000.0,0.0,0.0
4398,1688364060000.0,0.0,0.0,0.0,1906.05,0.0,0.0,1945.86,0.9500856114059091,1.0,1192.0260611799943,1000.0,1192.0260611799943,1000.0,0.0,0.0
4399,1688367660000.0,0.0,0.0,0.0,1906.05,0.0,0.0,1948.83,0.9500856114059091,1.0,1192.0260611799943,1000.0,1192.0260611799943,1000.0,0.0,0.0
4400,1688371260000.0,0.0,0.0,0.0,1906.05,0.0,0.0,1966.64,0.9500856114059091,1.0,1192.0260611799943,1000.0,1192.0260611799943,1000.0,0.0,0.0
4401,1688374860000.0,0.0,0.0,0.0,1906.05,0.0,0.0,1960.3,0.9500856114059091,1.0,1192.0260611799943,1000.0,1192.0260611799943,1000.0,0.0,0.0
4402,1688378460000.0,0.0,0.0,0.0,1906.05,0.0,0.0,1955.59,0.9500856114059091,1.0,1192.0260611799943,1000.0,1192.0260611799943,1000.0,0.0,0.0
4403,1688382060000.0,0.0,0.0,0.0,1906.05,0.0,0.0,1963.0,0.9500856114059091,1.0,1192.0260611799943,1000.0,1192.0260611799943,1000.0,0.0,0.0
4404,1688385660000.0,0.0,0.0,0.0,1906.05,0.0,0.0,1962.26,0.9500856114059091,1.0,1192.0260611799943,1000.0,1192.0260611799943,1000.0,0.0,0.0
4405,1688389260000.0,0.0,0.0,0.0,1906.05,0.0,0.0,1968.78,0.9500856114059091,1.0,1192.0260611799943,1000.0,1192.0260611799943,1000.0,0.0,0.0
4406,1688392860000.0,0.0,0.0,0.0,1906.05,0.0,0.0,1963.2,0.9500856114059091,1.0,1192.0260611799943,1000.0,1192.0260611799943,1000.0,0.0,0.0
4407,1688396460000.0,0.0,0.0,0.0,1906.05,0.0,0.0,1965.43,0.9500856114059091,1.0,1192.0260611799943,1000.0,1192.0260611799943,1000.0,0.0,0.0
4408,1688400060000.0,0.0,0.0,0.0,1906.05,0.0,0.0,1968.32,0.9500856114059091,1.0,1192.0260611799943,1000.0,1192.0260611799943,1000.0,0.0,0.0
4409,1688403660000.0,0.0,0.0,0.0,1906.05,0.0,0.0,1961.54,0.9500856114059091,1.0,1192.0260611799943,1000.0,1192.0260611799943,1000.0,0.0,0.0
4410,1688407260000.0,0.0,0.0,0.0,1906.05,0.0,0.0,1964.2,0.9500856114059091,1.0,1192.0260611799943,1000.0,1192.0260611799943,1000.0,0.0,0.0
4411,1688410860000.0,0.0,0.0,0.0,1906.05,0.0,0.0,1973.0,0.9500856114059091,1.0,1192.0260611799943,1000.0,1192.0260611799943,1000.0,0.0,0.0
4412,1688414460000.0,0.0,0.0,0.0,1906.05,0.0,0.0,1966.15,0.9500856114059091,1.0,1192.0260611799943,1000.0,1192.0260611799943,1000.0,0.0,0.0
4413,1688418060000.0,0.0,0.0,0.0,1906.05,0.0,0.0,1956.47,0.9500856114059091,1.0,1192.0260611799943,1000.0,1192.0260611799943,1000.0,0.0,0.0
4414,1688421660000.0,0.0,0.0,0.0,1906.05,0.0,0.0,1955.09,0.9500856114059091,1.0,1192.0260611799943,1000.0,1192.0260611799943,1000.0,0.0,0.0
4415,1688425260000.0,0.0,0.0,0.0,1906.05,0.0,0.0,1953.88,0.9500856114059091,1.0,1192.0260611799943,1000.0,1192.0260611799943,1000.0,0.0,0.0
4416,1688428860000.0,0.0,0.0,0.0,1906.05,0.0,0.0,1953.61,0.9500856114059091,1.0,1192.0260611799943,1000.0,1192.0260611799943,1000.0,0.0,0.0
4417,1688432460000.0,0.0,0.0,0.0,1906.05,0.0,0.0,1951.21,0.9500856114059091,1.0,1192.0260611799943,1000.0,1192.0260611799943,1000.0,0.0,0.0
4418,1688436060000.0,0.0,0.0,0.0,1906.05,0.0,0.0,1954.0,0.9500856114059091,1.0,1192.0260611799943,1000.0,1192.0260611799943,1000.0,0.0,0.0
4419,1688439660000.0,0.0,0.0,0.0,1906.05,0.0,0.0,1955.41,0.9500856114059091,1.0,1192.0260611799943,1000.0,1192.0260611799943,1000.0,0.0,0.0
4420,1688443260000.0,0.0,0.0,0.0,1906.05,0.0,0.0,1961.63,0.9500856114059091,1.0,1192.0260611799943,1000.0,1192.0260611799943,1000.0,0.0,0.0
4421,1688446860000.0,0.0,0.0,0.0,1906.05,0.0,0.0,1952.96,0.9500856114059091,1.0,1192.0260611799943,1000.0,1192.0260611799943,1000.0,0.0,0.0
4422,1688450460000.0,0.0,0.0,0.0,1906.05,0.0,0.0,1950.78,0.9500856114059091,1.0,1192.0260611799943,1000.0,1192.0260611799943,1000.0,0.0,0.0
4423,1688454060000.0,0.0,0.0,0.0,1906.05,0.0,0.0,1953.21,0.9500856114059091,1.0,1192.0260611799943,1000.0,1192.0260611799943,1000.0,0.0,0.0
4424,1688457660000.0,0.0,0.0,0.0,1906.05,0.0,0.0,1949.29,0.9500856114059091,1.0,1192.0260611799943,1000.0,1192.0260611799943,1000.0,0.0,0.0
4425,1688461260000.0,0.0,0.0,0.0,1906.05,0.0,0.0,1947.82,0.9500856114059091,1.0,1192.0260611799943,1000.0,1192.0260611799943,1000.0,0.0,0.0
4426,1688464860000.0,0.0,0.0,0.0,1906.05,0.0,0.0,1954.35,0.9500856114059091,1.0,1192.0260611799943,1000.0,1192.0260611799943,1000.0,0.0,0.0
4427,1688468460000.0,0.0,0.0,0.0,1906.05,0.0,0.0,1956.8,0.9500856114059091,1.0,1192.0260611799943,1000.0,1192.0260611799943,1000.0,0.0,0.0
4428,1688472060000.0,0.0,0.0,0.0,1906.05,0.0,0.0,1960.72,0.9500856114059091,1.0,1192.0260611799943,1000.0,1192.0260611799943,1000.0,0.0,0.0
4429,1688475660000.0,0.0,0.0,0.0,1906.05,0.0,0.0,1957.77,0.9500856114059091,1.0,1192.0260611799943,1000.0,1192.0260611799943,1000.0,0.0,0.0
4430,1688479260000.0,0.0,0.0,0.0,1906.05,0.0,0.0,1956.0,0.9500856114059091,1.0,1192.0260611799943,1000.0,1192.0260611799943,1000.0,0.0,0.0
4431,1688482860000.0,0.0,0.0,0.0,1906.05,0.0,0.0,1955.64,0.9500856114059091,1.0,1192.0260611799943,1000.0,1192.0260611799943,1000.0,0.0,0.0
4432,1688486460000.0,0.0,0.0,0.0,1906.05,0.0,0.0,1954.54,0.9500856114059091,1.0,1192.0260611799943,1000.0,1192.0260611799943,1000.0,0.0,0.0
4433,1688490060000.0,0.0,0.0,0.0,1906.05,0.0,0.0,1953.84,0.9500856114059091,1.0,1192.0260611799943,1000.0,1192.0260611799943,1000.0,0.0,0.0
4434,1688493660000.0,0.0,0.0,0.0,1906.05,0.0,0.0,1947.15,0.9500856114059091,1.0,1192.0260611799943,1000.0,1192.0260611799943,1000.0,0.0,0.0
4435,1688497260000.0,0.0,0.0,0.0,1906.05,0.0,0.0,1949.49,0.9500856114059091,1.0,1192.0260611799943,1000.0,1192.0260611799943,1000.0,0.0,0.0
4436,1688500860000.0,0.0,0.0,0.03,1943.22,0.0,0.0,1933.26,0.9500856114059091,1.0,1192.0144018599942,1000.0,1191.7156018599942,1000.0,0.04890595273768103,0.0
4437,1688504460000.0,0.0,0.0,0.03,1943.22,0.0,0.0,1940.65,0.9500856114059091,1.0,1192.0144018599942,1000.0,1191.9373018599942,1000.0,0.04890595273768103,0.0
4438,1688508060000.0,0.0,0.0,0.03,1943.22,0.0,0.0,1938.88,0.9500856114059091,1.0,1192.0144018599942,1000.0,1191.8842018599942,1000.0,0.04890595273768103,0.0
4439,1688511660000.0,0.0,0.0,0.03,1943.22,0.0,0.0,1939.8,0.9500856114059091,1.0,1192.0144018599942,1000.0,1191.9118018599943,1000.0,0.04890595273768103,0.0
4440,1688515260000.0,0.0,0.0,0.03,1943.22,0.0,0.0,1937.87,0.9500856114059091,1.0,1192.0144018599942,1000.0,1191.8539018599943,1000.0,0.04890595273768103,0.0
4441,1688518860000.0,0.0,0.0,0.03,1943.22,0.0,0.0,1934.64,0.9500856114059091,1.0,1192.0144018599942,1000.0,1191.7570018599943,1000.0,0.04890595273768103,0.0
4442,1688522460000.0,0.0,0.0,0.03,1943.22,0.0,0.0,1938.21,0.9500856114059091,1.0,1192.0144018599942,1000.0,1191.8641018599942,1000.0,0.04890595273768103,0.0
4443,1688526060000.0,0.0,0.0,0.03,1943.22,0.0,0.0,1940.94,0.9500856114059091,1.0,1192.0144018599942,1000.0,1191.946001859994,1000.0,0.04890595273768103,0.0
4444,1688529660000.0,0.0,0.0,0.03,1943.22,0.0,0.0,1938.01,0.9500856114059091,1.0,1192.0144018599942,1000.0,1191.8581018599941,1000.0,0.04890595273768103,0.0
4445,1688533260000.0,0.0,0.0,0.03,1943.22,0.0,0.0,1936.8,0.9500856114059091,1.0,1192.0144018599942,1000.0,1191.8218018599941,1000.0,0.04890595273768103,0.0
4446,1688536860000.0,0.0,0.0,0.03,1943.22,0.0,0.0,1934.52,0.9500856114059091,1.0,1192.0144018599942,1000.0,1191.7534018599943,1000.0,0.04890595273768103,0.0
4447,1688540460000.0,0.0,0.0,0.03,1943.22,0.0,0.0,1936.02,0.9500856114059091,1.0,1192.0144018599942,1000.0,1191.7984018599943,1000.0,0.04890595273768103,0.0
4448,1688544060000.0,0.0,0.0,0.03,1943.22,0.0,0.0,1935.44,0.9500856114059091,1.0,1192.0144018599942,1000.0,1191.7810018599941,1000.0,0.04890595273768103,0.0
4449,1688547660000.0,0.0,0.0,0.03,1943.22,0.0,0.0,1929.01,0.9500856114059091,1.0,1192.0144018599942,1000.0,1191.5881018599941,1000.0,0.04890595273768103,0.0
4450,1688551260000.0,0.0,0.0,0.03,1943.22,0.0,0.0,1921.19,0.9500856114059091,1.0,1192.0144018599942,1000.0,1191.3535018599941,1000.0,0.04890595273768103,0.0
4451,1688554860000.0,0.0,0.0,0.03,1943.22,0.0,0.0,1912.0,0.9500856114059091,1.0,1192.0144018599942,1000.0,1191.0778018599942,1000.0,0.04890595273768103,0.0
4452,1688558460000.0,0.0,0.0,0.03,1943.22,0.0,0.0,1909.04,0.9500856114059091,1.0,1192.0144018599942,1000.0,1190.9890018599942,1000.0,0.04890595273768103,0.0
4453,1688562060000.0,0.0,0.0,0.08,1916.81375,0.0,0.0,1902.52,0.9500856114059091,1.0,1191.9953921599943,1000.0,1190.8518921599943,1000.0,0.12864571541851852,0.0
4454,1688565660000.0,0.0,0.0,0.08,1916.81375,0.0,0.0,1903.66,0.9500856114059091,1.0,1191.9953921599943,1000.0,1190.9430921599942,1000.0,0.12864571541851852,0.0
4455,1688569260000.0,0.0,0.0,0.08,1916.81375,0.0,0.0,1908.11,0.9500856114059091,1.0,1191.9953921599943,1000.0,1191.2990921599942,1000.0,0.12864571541851852,0.0
4456,1688572860000.0,0.0,0.0,0.08,1916.81375,0.0,0.0,1900.45,0.9500856114059091,1.0,1191.9953921599943,1000.0,1190.6862921599943,1000.0,0.12864571541851852,0.0
4457,1688576460000.0,0.0,0.0,0.08,1916.81375,0.0,0.0,1907.0,0.9500856114059091,1.0,1191.9953921599943,1000.0,1191.2102921599942,1000.0,0.12864571541851852,0.0
4458,1688580060000.0,0.0,0.0,0.08,1916.81375,0.0,0.0,1916.46,0.9500856114059091,1.0,1191.9953921599943,1000.0,1191.9670921599943,1000.0,0.12864571541851852,0.0
4459,1688583660000.0,0.0,0.0,0.08,1916.81375,0.0,0.0,1908.06,0.9500856114059091,1.0,1191.9953921599943,1000.0,1191.2950921599943,1000.0,0.12864571541851852,0.0
4460,1688587260000.0,0.0,0.0,0.08,1916.81375,0.0,0.0,1907.47,0.9500856114059091,1.0,1191.9953921599943,1000.0,1191.2478921599943,1000.0,0.12864571541851852,0.0
4461,1688590860000.0,0.0,0.0,0.08,1916.81375,0.0,0.0,1909.84,0.9500856114059091,1.0,1191.9953921599943,1000.0,1191.4374921599942,1000.0,0.12864571541851852,0.0
4462,1688594460000.0,0.0,0.0,0.08,1916.81375,0.0,0.0,1910.0,0.9500856114059091,1.0,1191.9953921599943,1000.0,1191.4502921599942,1000.0,0.12864571541851852,0.0
4463,1688598060000.0,0.0,0.0,0.08,1916.81375,0.0,0.0,1906.37,0.9500856114059091,1.0,1191.9953921599943,1000.0,1191.1598921599943,1000.0,0.12864571541851852,0.0
4464,1688601660000.0,0.0,0.0,0.08,1916.81375,0.0,0.0,1908.7,0.9500856114059091,1.0,1191.9953921599943,1000.0,1191.3462921599942,1000.0,0.12864571541851852,0.0
4465,1688605260000.0,0.0,0.0,0.08,1916.81375,0.0,0.0,1902.29,0.9500856114059091,1.0,1191.9953921599943,1000.0,1190.8334921599942,1000.0,0.12864571541851852,0.0
4466,1688608860000.0,0.0,0.0,0.08,1916.81375,0.0,0.0,1908.75,0.9500856114059091,1.0,1191.9953921599943,1000.0,1191.3502921599943,1000.0,0.12864571541851852,0.0
4467,1688612460000.0,0.0,0.0,0.08,1916.81375,0.0,0.0,1912.37,0.9500856114059091,1.0,1191.9953921599943,1000.0,1191.6398921599941,1000.0,0.12864571541851852,0.0
4468,1688616060000.0,0.0,0.0,0.08,1916.81375,0.0,0.0,1913.07,0.9500856114059091,1.0,1191.9953921599943,1000.0,1191.6958921599942,1000.0,0.12864571541851852,0.0
4469,1688619660000.0,0.0,0.0,0.08,1916.81375,0.0,0.0,1910.63,0.9500856114059091,1.0,1191.9953921599943,1000.0,1191.5006921599943,1000.0,0.12864571541851852,0.0
4470,1688623260000.0,0.0,0.0,0.08,1916.81375,0.0,0.0,1921.58,0.9500856114059091,1.0,1191.9953921599943,1000.0,1192.3766921599943,1000.0,0.12864571541851852,0.0
4471,1688626860000.0,0.0,0.0,0.08,1916.81375,0.0,0.0,1924.12,0.9500856114059091,1.0,1191.9953921599943,1000.0,1192.5798921599942,1000.0,0.12864571541851852,0.0
4472,1688630460000.0,0.0,0.0,0.08,1916.81375,0.0,0.0,1926.73,0.9500856114059091,1.0,1191.9953921599943,1000.0,1192.7886921599943,1000.0,0.12864571541851852,0.0
4473,1688634060000.0,0.0,0.0,0.06,1916.81375,0.0,0.0,1953.92,0.9500856114059091,1.0,1192.4741525999943,1000.0,1194.7005275999943,1000.0,0.09644554957375144,0.0
4474,1688637660000.0,0.0,0.0,0.01,1916.81375,0.0,0.0,1941.5,0.9500856114059091,1.0,1194.1889500999944,1000.0,1194.4358125999943,1000.0,0.016051176405873602,0.0
4475,1688641260000.0,0.0,0.0,0.01,1916.81375,0.0,0.0,1942.35,0.9500856114059091,1.0,1194.1889500999944,1000.0,1194.4443125999944,1000.0,0.016051176405873602,0.0
4476,1688644860000.0,0.0,0.0,0.03,1912.33,0.0,0.0,1915.36,0.9500856114059091,1.0,1194.3132770599946,1000.0,1194.4041770599945,1000.0,0.04803588899323448,0.0
4477,1688648460000.0,0.0,0.0,0.03,1912.33,0.0,0.0,1901.0,0.9500856114059091,1.0,1194.3132770599946,1000.0,1193.9733770599946,1000.0,0.04803588899323448,0.0
4478,1688652060000.0,0.0,0.0,0.03,1912.33,0.0,0.0,1894.91,0.9500856114059091,1.0,1194.3132770599946,1000.0,1193.7906770599946,1000.0,0.04803588899323448,0.0
4479,1688655660000.0,0.0,0.0,0.08,1886.36125,0.0,0.0,1875.17,0.9500856114059091,1.0,1194.2945692599947,1000.0,1193.3992692599948,1000.0,0.12635818991750564,0.0
4480,1688659260000.0,0.0,0.0,0.08,1886.36125,0.0,0.0,1884.8,0.9500856114059091,1.0,1194.2945692599947,1000.0,1194.1696692599946,1000.0,0.12635818991750564,0.0
4481,1688662860000.0,0.0,0.0,0.08,1886.36125,0.0,0.0,1885.68,0.9500856114059091,1.0,1194.2945692599947,1000.0,1194.2400692599947,1000.0,0.12635818991750564,0.0
4482,1688666460000.0,0.0,0.0,0.08,1886.36125,0.0,0.0,1887.95,0.9500856114059091,1.0,1194.2945692599947,1000.0,1194.4216692599946,1000.0,0.12635818991750564,0.0
4483,1688670060000.0,0.0,0.0,0.08,1886.36125,0.0,0.0,1889.83,0.9500856114059091,1.0,1194.2945692599947,1000.0,1194.5720692599946,1000.0,0.12635818991750564,0.0
4484,1688673660000.0,0.0,0.0,0.08,1886.36125,0.0,0.0,1886.25,0.9500856114059091,1.0,1194.2945692599947,1000.0,1194.2856692599946,1000.0,0.12635818991750564,0.0
4485,1688677260000.0,0.0,0.0,0.08,1886.36125,0.0,0.0,1880.7,0.9500856114059091,1.0,1194.2945692599947,1000.0,1193.8416692599947,1000.0,0.12635818991750564,0.0
4486,1688680860000.0,0.0,0.0,0.08,1886.36125,0.0,0.0,1873.32,0.9500856114059091,1.0,1194.2945692599947,1000.0,1193.2512692599946,1000.0,0.12635818991750564,0.0
4487,1688684460000.0,0.0,0.0,0.08,1886.36125,0.0,0.0,1865.68,0.9500856114059091,1.0,1194.2945692599947,1000.0,1192.6400692599946,1000.0,0.12635818991750564,0.0
4488,1688688060000.0,0.0,0.0,0.22,1858.4750000000004,0.0,0.0,1840.97,0.9500856114059091,1.0,1194.2429781399946,1000.0,1190.3918781399946,1000.0,0.3423629089591106,0.0
4489,1688691660000.0,0.0,0.0,0.22,1858.4750000000004,0.0,0.0,1844.49,0.9500856114059091,1.0,1194.2429781399946,1000.0,1191.1662781399946,1000.0,0.3423629089591106,0.0
4490,1688695260000.0,0.0,0.0,0.22,1858.4750000000004,0.0,0.0,1850.54,0.9500856114059091,1.0,1194.2429781399946,1000.0,1192.4972781399945,1000.0,0.3423629089591106,0.0
4491,1688698860000.0,0.0,0.0,0.22,1858.4750000000004,0.0,0.0,1853.09,0.9500856114059091,1.0,1194.2429781399946,1000.0,1193.0582781399946,1000.0,0.3423629089591106,0.0
4492,1688702460000.0,0.0,0.0,0.22,1858.4750000000004,0.0,0.0,1857.44,0.9500856114059091,1.0,1194.2429781399946,1000.0,1194.0152781399945,1000.0,0.3423629089591106,0.0
4493,1688706060000.0,0.0,0.0,0.22,1858.4750000000004,0.0,0.0,1853.5,0.9500856114059091,1.0,1194.2429781399946,1000.0,1193.1484781399945,1000.0,0.3423629089591106,0.0
4494,1688709660000.0,0.0,0.0,0.22,1858.4750000000004,0.0,0.0,1856.86,0.9500856114059091,1.0,1194.2429781399946,1000.0,1193.8876781399945,1000.0,0.3423629089591106,0.0
4495,1688713260000.0,0.0,0.0,0.22,1858.4750000000004,0.0,0.0,1854.85,0.9500856114059091,1.0,1194.2429781399946,1000.0,1193.4454781399945,1000.0,0.3423629089591106,0.0
4496,1688716860000.0,0.0,0.0,0.22,1858.4750000000004,0.0,0.0,1854.33,0.9500856114059091,1.0,1194.2429781399946,1000.0,1193.3310781399946,1000.0,0.3423629089591106,0.0
4497,1688720460000.0,0.0,0.0,0.22,1858.4750000000004,0.0,0.0,1856.48,0.9500856114059091,1.0,1194.2429781399946,1000.0,1193.8040781399945,1000.0,0.3423629089591106,0.0
4498,1688724060000.0,0.0,0.0,0.22,1858.4750000000004,0.0,0.0,1860.35,0.9500856114059091,1.0,1194.2429781399946,1000.0,1194.6554781399946,1000.0,0.3423629089591106,0.0
4499,1688727660000.0,0.0,0.0,0.22,1858.4750000000004,0.0,0.0,1862.99,0.9500856114059091,1.0,1194.2429781399946,1000.0,1195.2362781399945,1000.0,0.3423629089591106,0.0
4500,1688731260000.0,0.0,0.0,0.22,1858.4750000000004,0.0,0.0,1859.71,0.9500856114059091,1.0,1194.2429781399946,1000.0,1194.5146781399947,1000.0,0.3423629089591106,0.0
4501,1688734860000.0,0.0,0.0,0.16,1858.4750000000004,0.0,0.0,1860.7,0.9500856114059091,1.0,1195.0332138999947,1000.0,1195.3892138999947,1000.0,0.24882655690345024,0.0
4502,1688738460000.0,0.0,0.0,0.09,1858.4750000000004,0.0,0.0,1874.37,0.9500856114059091,1.0,1195.9551556199947,1000.0,1197.3857056199947,1000.0,0.13985704164073728,0.0
4503,1688742060000.0,0.0,0.0,0.02,1858.4750000000004,0.0,0.0,1872.7,0.9500856114059091,1.0,1196.8770973399953,1000.0,1197.1615973399953,1000.0,0.031055402499226965,0.0
4504,1688745660000.0,0.0,0.0,0.0,1858.4750000000004,0.0,0.0,1871.86,0.9500856114059091,1.0,1197.1405092599955,1000.0,1197.1405092599955,1000.0,0.0,0.0
4505,1688749260000.0,0.0,0.0,0.0,1858.4750000000004,0.0,0.0,1871.81,0.9500856114059091,1.0,1197.1405092599955,1000.0,1197.1405092599955,1000.0,0.0,0.0
4506,1688752860000.0,0.0,0.0,0.0,1858.4750000000004,0.0,0.0,1866.97,0.9500856114059091,1.0,1197.1405092599955,1000.0,1197.1405092599955,1000.0,0.0,0.0
4507,1688756460000.0,0.0,0.0,0.03,1855.91,0.0,0.0,1857.5,0.9500856114059091,1.0,1197.1293737999954,1000.0,1197.1770737999955,1000.0,0.04650900831483734,0.0
4508,1688760060000.0,0.0,0.0,0.03,1855.91,0.0,0.0,1863.01,0.9500856114059091,1.0,1197.1293737999954,1000.0,1197.3423737999954,1000.0,0.04650900831483734,0.0
4509,1688763660000.0,0.0,0.0,0.03,1855.91,0.0,0.0,1864.76,0.9500856114059091,1.0,1197.1293737999954,1000.0,1197.3948737999954,1000.0,0.04650900831483734,0.0
4510,1688767260000.0,0.0,0.0,0.0,1855.91,0.0,0.0,1867.18,0.9500856114059091,1.0,1197.5240571599954,1000.0,1197.5240571599954,1000.0,0.0,0.0
4511,1688770860000.0,0.0,0.0,0.0,1855.91,0.0,0.0,1867.56,0.9500856114059091,1.0,1197.5240571599954,1000.0,1197.5240571599954,1000.0,0.0,0.0
4512,1688774460000.0,0.0,0.0,0.0,1855.91,0.0,0.0,1869.06,0.9500856114059091,1.0,1197.5240571599954,1000.0,1197.5240571599954,1000.0,0.0,0.0
4513,1688778060000.0,0.0,0.0,0.0,1855.91,0.0,0.0,1871.0,0.9500856114059091,1.0,1197.5240571599954,1000.0,1197.5240571599954,1000.0,0.0,0.0
4514,1688781660000.0,0.0,0.0,0.0,1855.91,0.0,0.0,1867.38,0.9500856114059091,1.0,1197.5240571599954,1000.0,1197.5240571599954,1000.0,0.0,0.0
4515,1688785260000.0,0.0,0.0,0.0,1855.91,0.0,0.0,1866.66,0.9500856114059091,1.0,1197.5240571599954,1000.0,1197.5240571599954,1000.0,0.0,0.0
4516,1688788860000.0,0.0,0.0,0.0,1855.91,0.0,0.0,1862.09,0.9500856114059091,1.0,1197.5240571599954,1000.0,1197.5240571599954,1000.0,0.0,0.0
4517,1688792460000.0,0.0,0.0,0.0,1855.91,0.0,0.0,1859.11,0.9500856114059091,1.0,1197.5240571599954,1000.0,1197.5240571599954,1000.0,0.0,0.0
4518,1688796060000.0,0.0,0.0,0.0,1855.91,0.0,0.0,1861.65,0.9500856114059091,1.0,1197.5240571599954,1000.0,1197.5240571599954,1000.0,0.0,0.0
4519,1688799660000.0,0.0,0.0,0.03,1854.6,0.0,0.0,1857.15,0.9500856114059091,1.0,1197.5129295599954,1000.0,1197.5894295599953,1000.0,0.0464612937585928,0.0
4520,1688803260000.0,0.0,0.0,0.03,1854.6,0.0,0.0,1860.9,0.9500856114059091,1.0,1197.5129295599954,1000.0,1197.7019295599955,1000.0,0.0464612937585928,0.0
4521,1688806860000.0,0.0,0.0,0.03,1854.6,0.0,0.0,1865.52,0.9500856114059091,1.0,1197.5129295599954,1000.0,1197.8405295599955,1000.0,0.0464612937585928,0.0
4522,1688810460000.0,0.0,0.0,0.03,1854.6,0.0,0.0,1863.22,0.9500856114059091,1.0,1197.5129295599954,1000.0,1197.7715295599955,1000.0,0.0464612937585928,0.0
4523,1688814060000.0,0.0,0.0,0.03,1854.6,0.0,0.0,1860.58,0.9500856114059091,1.0,1197.5129295599954,1000.0,1197.6923295599954,1000.0,0.0464612937585928,0.0
4524,1688817660000.0,0.0,0.0,0.03,1854.6,0.0,0.0,1857.16,0.9500856114059091,1.0,1197.5129295599954,1000.0,1197.5897295599955,1000.0,0.0464612937585928,0.0
4525,1688821260000.0,0.0,0.0,0.03,1854.6,0.0,0.0,1856.0,0.9500856114059091,1.0,1197.5129295599954,1000.0,1197.5549295599953,1000.0,0.0464612937585928,0.0
4526,1688824860000.0,0.0,0.0,0.03,1854.6,0.0,0.0,1858.72,0.9500856114059091,1.0,1197.5129295599954,1000.0,1197.6365295599953,1000.0,0.0464612937585928,0.0
4527,1688828460000.0,0.0,0.0,0.03,1854.6,0.0,0.0,1860.49,0.9500856114059091,1.0,1197.5129295599954,1000.0,1197.6896295599954,1000.0,0.0464612937585928,0.0
4528,1688832060000.0,0.0,0.0,0.03,1854.6,0.0,0.0,1858.41,0.9500856114059091,1.0,1197.5129295599954,1000.0,1197.6272295599954,1000.0,0.0464612937585928,0.0
4529,1688835660000.0,0.0,0.0,0.03,1854.6,0.0,0.0,1862.12,0.9500856114059091,1.0,1197.5129295599954,1000.0,1197.7385295599954,1000.0,0.0464612937585928,0.0
4530,1688839260000.0,0.0,0.0,0.03,1854.6,0.0,0.0,1860.46,0.9500856114059091,1.0,1197.5129295599954,1000.0,1197.6887295599954,1000.0,0.0464612937585928,0.0
4531,1688842860000.0,0.0,0.0,0.03,1854.6,0.0,0.0,1858.74,0.9500856114059091,1.0,1197.5129295599954,1000.0,1197.6371295599954,1000.0,0.0464612937585928,0.0
4532,1688846460000.0,0.0,0.0,0.03,1854.6,0.0,0.0,1846.33,0.9500856114059091,1.0,1197.5129295599954,1000.0,1197.2648295599954,1000.0,0.0464612937585928,0.0
4533,1688850060000.0,0.0,0.0,0.03,1854.6,0.0,0.0,1846.99,0.9500856114059091,1.0,1197.5129295599954,1000.0,1197.2846295599954,1000.0,0.0464612937585928,0.0
4534,1688853660000.0,0.0,0.0,0.03,1854.6,0.0,0.0,1855.57,0.9500856114059091,1.0,1197.5129295599954,1000.0,1197.5420295599954,1000.0,0.0464612937585928,0.0
4535,1688857260000.0,0.0,0.0,0.03,1854.6,0.0,0.0,1861.19,0.9500856114059091,1.0,1197.5129295599954,1000.0,1197.7106295599954,1000.0,0.0464612937585928,0.0
4536,1688860860000.0,0.0,0.0,0.03,1854.6,0.0,0.0,1864.0,0.9500856114059091,1.0,1197.5129295599954,1000.0,1197.7949295599954,1000.0,0.0464612937585928,0.0
4537,1688864460000.0,0.0,0.0,0.01,1854.6,0.0,0.0,1870.29,0.9500856114059091,1.0,1197.7758570799951,1000.0,1197.932757079995,1000.0,0.015483698298288023,0.0
4538,1688868060000.0,0.0,0.0,0.0,1854.6,0.0,0.0,1868.44,0.9500856114059091,1.0,1197.907320839995,1000.0,1197.907320839995,1000.0,0.0,0.0
4539,1688871660000.0,0.0,0.0,0.0,1854.6,0.0,0.0,1867.42,0.9500856114059091,1.0,1197.907320839995,1000.0,1197.907320839995,1000.0,0.0,0.0
4540,1688875260000.0,0.0,0.0,0.0,1854.6,0.0,0.0,1867.3,0.9500856114059091,1.0,1197.907320839995,1000.0,1197.907320839995,1000.0,0.0,0.0
4541,1688878860000.0,0.0,0.0,0.0,1854.6,0.0,0.0,1869.0,0.9500856114059091,1.0,1197.907320839995,1000.0,1197.907320839995,1000.0,0.0,0.0
4542,1688882460000.0,0.0,0.0,0.0,1854.6,0.0,0.0,1866.86,0.9500856114059091,1.0,1197.907320839995,1000.0,1197.907320839995,1000.0,0.0,0.0
4543,1688886060000.0,0.0,0.0,0.0,1854.6,0.0,0.0,1866.64,0.9500856114059091,1.0,1197.907320839995,1000.0,1197.907320839995,1000.0,0.0,0.0
4544,1688889660000.0,0.0,0.0,0.0,1854.6,0.0,0.0,1866.9,0.9500856114059091,1.0,1197.907320839995,1000.0,1197.907320839995,1000.0,0.0,0.0
4545,1688893260000.0,0.0,0.0,0.0,1854.6,0.0,0.0,1867.0,0.9500856114059091,1.0,1197.907320839995,1000.0,1197.907320839995,1000.0,0.0,0.0
4546,1688896860000.0,0.0,0.0,0.0,1854.6,0.0,0.0,1866.41,0.9500856114059091,1.0,1197.907320839995,1000.0,1197.907320839995,1000.0,0.0,0.0
4547,1688900460000.0,0.0,0.0,0.0,1854.6,0.0,0.0,1865.55,0.9500856114059091,1.0,1197.907320839995,1000.0,1197.907320839995,1000.0,0.0,0.0
4548,1688904060000.0,0.0,0.0,0.0,1854.6,0.0,0.0,1867.4,0.9500856114059091,1.0,1197.907320839995,1000.0,1197.907320839995,1000.0,0.0,0.0
4549,1688907660000.0,0.0,0.0,0.0,1854.6,0.0,0.0,1876.76,0.9500856114059091,1.0,1197.907320839995,1000.0,1197.907320839995,1000.0,0.0,0.0
4550,1688911260000.0,0.0,0.0,0.0,1854.6,0.0,0.0,1864.5,0.9500856114059091,1.0,1197.907320839995,1000.0,1197.907320839995,1000.0,0.0,0.0
4551,1688914860000.0,0.0,0.0,0.0,1854.6,0.0,0.0,1866.5,0.9500856114059091,1.0,1197.907320839995,1000.0,1197.907320839995,1000.0,0.0,0.0
4552,1688918460000.0,0.0,0.0,0.0,1854.6,0.0,0.0,1864.08,0.9500856114059091,1.0,1197.907320839995,1000.0,1197.907320839995,1000.0,0.0,0.0
4553,1688922060000.0,0.0,0.0,0.0,1854.6,0.0,0.0,1862.01,0.9500856114059091,1.0,1197.907320839995,1000.0,1197.907320839995,1000.0,0.0,0.0
4554,1688925660000.0,0.0,0.0,0.0,1854.6,0.0,0.0,1866.52,0.9500856114059091,1.0,1197.907320839995,1000.0,1197.907320839995,1000.0,0.0,0.0
4555,1688929260000.0,0.0,0.0,0.0,1854.6,0.0,0.0,1864.39,0.9500856114059091,1.0,1197.907320839995,1000.0,1197.907320839995,1000.0,0.0,0.0
4556,1688932860000.0,0.0,0.0,0.0,1854.6,0.0,0.0,1867.16,0.9500856114059091,1.0,1197.907320839995,1000.0,1197.907320839995,1000.0,0.0,0.0
4557,1688936460000.0,0.0,0.0,0.0,1854.6,0.0,0.0,1869.46,0.9500856114059091,1.0,1197.907320839995,1000.0,1197.907320839995,1000.0,0.0,0.0
4558,1688940060000.0,0.0,0.0,0.0,1854.6,0.0,0.0,1862.35,0.9500856114059091,1.0,1197.907320839995,1000.0,1197.907320839995,1000.0,0.0,0.0
4559,1688943660000.0,0.0,0.0,0.0,1854.6,0.0,0.0,1865.02,0.9500856114059091,1.0,1197.907320839995,1000.0,1197.907320839995,1000.0,0.0,0.0
4560,1688947260000.0,0.0,0.0,0.0,1854.6,0.0,0.0,1861.53,0.9500856114059091,1.0,1197.907320839995,1000.0,1197.907320839995,1000.0,0.0,0.0
4561,1688950860000.0,0.0,0.0,0.03,1854.45,0.0,0.0,1853.93,0.9500856114059091,1.0,1197.896194139995,1000.0,1197.880594139995,1000.0,0.04644267197120609,0.0
4562,1688954460000.0,0.0,0.0,0.03,1854.45,0.0,0.0,1853.31,0.9500856114059091,1.0,1197.896194139995,1000.0,1197.861994139995,1000.0,0.04644267197120609,0.0
4563,1688958060000.0,0.0,0.0,0.03,1854.45,0.0,0.0,1865.98,0.9500856114059091,1.0,1197.896194139995,1000.0,1198.242094139995,1000.0,0.04644267197120609,0.0
4564,1688961660000.0,0.0,0.0,0.03,1854.45,0.0,0.0,1860.59,0.9500856114059091,1.0,1197.896194139995,1000.0,1198.080394139995,1000.0,0.04644267197120609,0.0
4565,1688965260000.0,0.0,0.0,0.03,1854.45,0.0,0.0,1859.3,0.9500856114059091,1.0,1197.896194139995,1000.0,1198.0416941399951,1000.0,0.04644267197120609,0.0
4566,1688968860000.0,0.0,0.0,0.03,1854.45,0.0,0.0,1854.1,0.9500856114059091,1.0,1197.896194139995,1000.0,1197.885694139995,1000.0,0.04644267197120609,0.0
4567,1688972460000.0,0.0,0.0,0.03,1854.45,0.0,0.0,1855.39,0.9500856114059091,1.0,1197.896194139995,1000.0,1197.924394139995,1000.0,0.04644267197120609,0.0
4568,1688976060000.0,0.0,0.0,0.03,1854.45,0.0,0.0,1854.96,0.9500856114059091,1.0,1197.896194139995,1000.0,1197.911494139995,1000.0,0.04644267197120609,0.0
4569,1688979660000.0,0.0,0.0,0.03,1854.45,0.0,0.0,1854.0,0.9500856114059091,1.0,1197.896194139995,1000.0,1197.882694139995,1000.0,0.04644267197120609,0.0
4570,1688983260000.0,0.0,0.0,0.03,1854.45,0.0,0.0,1859.83,0.9500856114059091,1.0,1197.896194139995,1000.0,1198.057594139995,1000.0,0.04644267197120609,0.0
4571,1688986860000.0,0.0,0.0,0.03,1854.45,0.0,0.0,1861.71,0.9500856114059091,1.0,1197.896194139995,1000.0,1198.113994139995,1000.0,0.04644267197120609,0.0
4572,1688990460000.0,0.0,0.0,0.03,1854.45,0.0,0.0,1864.18,0.9500856114059091,1.0,1197.896194139995,1000.0,1198.188094139995,1000.0,0.04644267197120609,0.0
4573,1688994060000.0,0.0,0.0,0.03,1854.45,0.0,0.0,1861.85,0.9500856114059091,1.0,1197.896194139995,1000.0,1198.118194139995,1000.0,0.04644267197120609,0.0
4574,1688997660000.0,0.0,0.0,0.01,1854.45,0.0,0.0,1864.75,0.9500856114059091,1.0,1198.1591222599948,1000.0,1198.2621222599948,1000.0,0.015477493477678446,0.0
4575,1689001260000.0,0.0,0.0,0.0,1854.45,0.0,0.0,1868.54,0.9500856114059091,1.0,1198.2905863199946,1000.0,1198.2905863199946,1000.0,0.0,0.0
4576,1689004860000.0,0.0,0.0,0.0,1854.45,0.0,0.0,1869.94,0.9500856114059091,1.0,1198.2905863199946,1000.0,1198.2905863199946,1000.0,0.0,0.0
4577,1689008460000.0,0.0,0.0,0.0,1854.45,0.0,0.0,1871.05,0.9500856114059091,1.0,1198.2905863199946,1000.0,1198.2905863199946,1000.0,0.0,0.0
4578,1689012060000.0,0.0,0.0,0.0,1854.45,0.0,0.0,1867.04,0.9500856114059091,1.0,1198.2905863199946,1000.0,1198.2905863199946,1000.0,0.0,0.0
4579,1689015660000.0,0.0,0.0,0.0,1854.45,0.0,0.0,1887.4,0.9500856114059091,1.0,1198.2905863199946,1000.0,1198.2905863199946,1000.0,0.0,0.0
4580,1689019260000.0,0.0,0.0,0.0,1854.45,0.0,0.0,1899.82,0.9500856114059091,1.0,1198.2905863199946,1000.0,1198.2905863199946,1000.0,0.0,0.0
4581,1689022860000.0,0.0,0.0,0.0,1854.45,0.0,0.0,1889.62,0.9500856114059091,1.0,1198.2905863199946,1000.0,1198.2905863199946,1000.0,0.0,0.0
4582,1689026460000.0,0.0,0.0,0.0,1854.45,0.0,0.0,1875.56,0.9500856114059091,1.0,1198.2905863199946,1000.0,1198.2905863199946,1000.0,0.0,0.0
4583,1689030060000.0,0.0,0.0,0.0,1854.45,0.0,0.0,1877.42,0.9500856114059091,1.0,1198.2905863199946,1000.0,1198.2905863199946,1000.0,0.0,0.0
4584,1689033660000.0,0.0,0.0,0.0,1854.45,0.0,0.0,1879.74,0.9500856114059091,1.0,1198.2905863199946,1000.0,1198.2905863199946,1000.0,0.0,0.0
4585,1689037260000.0,0.0,0.0,0.0,1854.45,0.0,0.0,1878.48,0.9500856114059091,1.0,1198.2905863199946,1000.0,1198.2905863199946,1000.0,0.0,0.0
4586,1689040860000.0,0.0,0.0,0.0,1854.45,0.0,0.0,1882.4,0.9500856114059091,1.0,1198.2905863199946,1000.0,1198.2905863199946,1000.0,0.0,0.0
4587,1689044460000.0,0.0,0.0,0.0,1854.45,0.0,0.0,1877.2,0.9500856114059091,1.0,1198.2905863199946,1000.0,1198.2905863199946,1000.0,0.0,0.0
4588,1689048060000.0,0.0,0.0,0.0,1854.45,0.0,0.0,1879.53,0.9500856114059091,1.0,1198.2905863199946,1000.0,1198.2905863199946,1000.0,0.0,0.0
4589,1689051660000.0,0.0,0.0,0.0,1854.45,0.0,0.0,1876.0,0.9500856114059091,1.0,1198.2905863199946,1000.0,1198.2905863199946,1000.0,0.0,0.0
4590,1689055260000.0,0.0,0.0,0.0,1854.45,0.0,0.0,1877.27,0.9500856114059091,1.0,1198.2905863199946,1000.0,1198.2905863199946,1000.0,0.0,0.0
4591,1689058860000.0,0.0,0.0,0.0,1854.45,0.0,0.0,1884.34,0.9500856114059091,1.0,1198.2905863199946,1000.0,1198.2905863199946,1000.0,0.0,0.0
4592,1689062460000.0,0.0,0.0,0.0,1854.45,0.0,0.0,1881.37,0.9500856114059091,1.0,1198.2905863199946,1000.0,1198.2905863199946,1000.0,0.0,0.0
4593,1689066060000.0,0.0,0.0,0.0,1854.45,0.0,0.0,1876.19,0.9500856114059091,1.0,1198.2905863199946,1000.0,1198.2905863199946,1000.0,0.0,0.0
4594,1689069660000.0,0.0,0.0,0.0,1854.45,0.0,0.0,1869.58,0.9500856114059091,1.0,1198.2905863199946,1000.0,1198.2905863199946,1000.0,0.0,0.0
4595,1689073260000.0,0.0,0.0,0.03,1864.84,0.0,0.0,1867.01,0.9500856114059091,1.0,1198.2793972799946,1000.0,1198.3444972799946,1000.0,0.04668794283452712,0.0
4596,1689076860000.0,0.0,0.0,0.03,1864.84,0.0,0.0,1866.14,0.9500856114059091,1.0,1198.2793972799946,1000.0,1198.3183972799945,1000.0,0.04668794283452712,0.0
4597,1689080460000.0,0.0,0.0,0.03,1864.84,0.0,0.0,1869.05,0.9500856114059091,1.0,1198.2793972799946,1000.0,1198.4056972799945,1000.0,0.04668794283452712,0.0
4598,1689084060000.0,0.0,0.0,0.03,1864.84,0.0,0.0,1868.72,0.9500856114059091,1.0,1198.2793972799946,1000.0,1198.3957972799947,1000.0,0.04668794283452712,0.0
4599,1689087660000.0,0.0,0.0,0.03,1864.84,0.0,0.0,1871.82,0.9500856114059091,1.0,1198.2793972799946,1000.0,1198.4887972799945,1000.0,0.04668794283452712,0.0
4600,1689091260000.0,0.0,0.0,0.02,1864.84,0.0,0.0,1871.72,0.9500856114059091,1.0,1198.4115404199945,1000.0,1198.5491404199945,1000.0,0.031121863184769553,0.0
4601,1689094860000.0,0.0,0.0,0.02,1864.84,0.0,0.0,1870.66,0.9500856114059091,1.0,1198.4115404199945,1000.0,1198.5279404199946,1000.0,0.031121863184769553,0.0
4602,1689098460000.0,0.0,0.0,0.02,1864.84,0.0,0.0,1871.79,0.9500856114059091,1.0,1198.4115404199945,1000.0,1198.5505404199944,1000.0,0.031121863184769553,0.0
4603,1689102060000.0,0.0,0.0,0.02,1864.84,0.0,0.0,1870.4,0.9500856114059091,1.0,1198.4115404199945,1000.0,1198.5227404199945,1000.0,0.031121863184769553,0.0
4604,1689105660000.0,0.0,0.0,0.02,1864.84,0.0,0.0,1874.56,0.9500856114059091,1.0,1198.4115404199945,1000.0,1198.6059404199946,1000.0,0.031121863184769553,0.0
4605,1689109260000.0,0.0,0.0,0.02,1864.84,0.0,0.0,1873.57,0.9500856114059091,1.0,1198.4115404199945,1000.0,1198.5861404199945,1000.0,0.031121863184769553,0.0
4606,1689112860000.0,0.0,0.0,0.02,1864.84,0.0,0.0,1875.24,0.9500856114059091,1.0,1198.4115404199945,1000.0,1198.6195404199946,1000.0,0.031121863184769553,0.0
4607,1689116460000.0,0.0,0.0,0.01,1864.84,0.0,0.0,1878.28,0.9500856114059091,1.0,1198.5436835599944,1000.0,1198.6780835599943,1000.0,0.015559215951653323,0.0
4608,1689120060000.0,0.0,0.0,0.0,1864.84,0.0,0.0,1877.8,0.9500856114059091,1.0,1198.6758266999943,1000.0,1198.6758266999943,1000.0,0.0,0.0
4609,1689123660000.0,0.0,0.0,0.0,1864.84,0.0,0.0,1878.51,0.9500856114059091,1.0,1198.6758266999943,1000.0,1198.6758266999943,1000.0,0.0,0.0
4610,1689127260000.0,0.0,0.0,0.0,1864.84,0.0,0.0,1881.78,0.9500856114059091,1.0,1198.6758266999943,1000.0,1198.6758266999943,1000.0,0.0,0.0
4611,1689130860000.0,0.0,0.0,0.0,1864.84,0.0,0.0,1881.16,0.9500856114059091,1.0,1198.6758266999943,1000.0,1198.6758266999943,1000.0,0.0,0.0
4612,1689134460000.0,0.0,0.0,0.0,1864.84,0.0,0.0,1879.4,0.9500856114059091,1.0,1198.6758266999943,1000.0,1198.6758266999943,1000.0,0.0,0.0
4613,1689138060000.0,0.0,0.0,0.0,1864.84,0.0,0.0,1881.29,0.9500856114059091,1.0,1198.6758266999943,1000.0,1198.6758266999943,1000.0,0.0,0.0
4614,1689141660000.0,0.0,0.0,0.0,1864.84,0.0,0.0,1882.63,0.9500856114059091,1.0,1198.6758266999943,1000.0,1198.6758266999943,1000.0,0.0,0.0
4615,1689145260000.0,0.0,0.0,0.0,1864.84,0.0,0.0,1888.56,0.9500856114059091,1.0,1198.6758266999943,1000.0,1198.6758266999943,1000.0,0.0,0.0
4616,1689148860000.0,0.0,0.0,0.0,1864.84,0.0,0.0,1889.21,0.9500856114059091,1.0,1198.6758266999943,1000.0,1198.6758266999943,1000.0,0.0,0.0
4617,1689152460000.0,0.0,0.0,0.0,1864.84,0.0,0.0,1889.0,0.9500856114059091,1.0,1198.6758266999943,1000.0,1198.6758266999943,1000.0,0.0,0.0
4618,1689156060000.0,0.0,0.0,0.0,1864.84,0.0,0.0,1889.42,0.9500856114059091,1.0,1198.6758266999943,1000.0,1198.6758266999943,1000.0,0.0,0.0
4619,1689159660000.0,0.0,0.0,0.0,1864.84,0.0,0.0,1885.99,0.9500856114059091,1.0,1198.6758266999943,1000.0,1198.6758266999943,1000.0,0.0,0.0
4620,1689163260000.0,0.0,0.0,0.0,1864.84,0.0,0.0,1889.5,0.9500856114059091,1.0,1198.6758266999943,1000.0,1198.6758266999943,1000.0,0.0,0.0
4621,1689166860000.0,0.0,0.0,0.0,1864.84,0.0,0.0,1887.55,0.9500856114059091,1.0,1198.6758266999943,1000.0,1198.6758266999943,1000.0,0.0,0.0
4622,1689170460000.0,0.0,0.0,0.0,1864.84,0.0,0.0,1889.51,0.9500856114059091,1.0,1198.6758266999943,1000.0,1198.6758266999943,1000.0,0.0,0.0
4623,1689174060000.0,0.0,0.0,0.0,1864.84,0.0,0.0,1891.45,0.9500856114059091,1.0,1198.6758266999943,1000.0,1198.6758266999943,1000.0,0.0,0.0
4624,1689177660000.0,0.0,0.0,0.0,1864.84,0.0,0.0,1884.0,0.9500856114059091,1.0,1198.6758266999943,1000.0,1198.6758266999943,1000.0,0.0,0.0
4625,1689181260000.0,0.0,0.0,0.0,1864.84,0.0,0.0,1884.37,0.9500856114059091,1.0,1198.6758266999943,1000.0,1198.6758266999943,1000.0,0.0,0.0
4626,1689184860000.0,0.0,0.0,0.0,1864.84,0.0,0.0,1886.99,0.9500856114059091,1.0,1198.6758266999943,1000.0,1198.6758266999943,1000.0,0.0,0.0
4627,1689188460000.0,0.0,0.0,0.0,1864.84,0.0,0.0,1885.19,0.9500856114059091,1.0,1198.6758266999943,1000.0,1198.6758266999943,1000.0,0.0,0.0
4628,1689192060000.0,0.0,0.0,0.03,1873.39,0.0,0.0,1868.4,0.9500856114059091,1.0,1198.6645863599942,1000.0,1198.5148863599943,1000.0,0.046886927869178724,0.0
4629,1689195660000.0,0.0,0.0,0.03,1873.39,0.0,0.0,1870.66,0.9500856114059091,1.0,1198.6645863599942,1000.0,1198.5826863599943,1000.0,0.046886927869178724,0.0
4630,1689199260000.0,0.0,0.0,0.03,1873.39,0.0,0.0,1869.37,0.9500856114059091,1.0,1198.6645863599942,1000.0,1198.5439863599943,1000.0,0.046886927869178724,0.0
4631,1689202860000.0,0.0,0.0,0.03,1873.39,0.0,0.0,1869.45,0.9500856114059091,1.0,1198.6645863599942,1000.0,1198.5463863599944,1000.0,0.046886927869178724,0.0
4632,1689206460000.0,0.0,0.0,0.03,1873.39,0.0,0.0,1871.22,0.9500856114059091,1.0,1198.6645863599942,1000.0,1198.5994863599942,1000.0,0.046886927869178724,0.0
4633,1689210060000.0,0.0,0.0,0.03,1873.39,0.0,0.0,1870.3,0.9500856114059091,1.0,1198.6645863599942,1000.0,1198.5718863599943,1000.0,0.046886927869178724,0.0
4634,1689213660000.0,0.0,0.0,0.03,1873.39,0.0,0.0,1871.44,0.9500856114059091,1.0,1198.6645863599942,1000.0,1198.6060863599942,1000.0,0.046886927869178724,0.0
4635,1689217260000.0,0.0,0.0,0.03,1873.39,0.0,0.0,1868.8,0.9500856114059091,1.0,1198.6645863599942,1000.0,1198.5268863599943,1000.0,0.046886927869178724,0.0
4636,1689220860000.0,0.0,0.0,0.03,1873.39,0.0,0.0,1866.18,0.9500856114059091,1.0,1198.6645863599942,1000.0,1198.4482863599942,1000.0,0.046886927869178724,0.0
4637,1689224460000.0,0.0,0.0,0.03,1873.39,0.0,0.0,1863.0,0.9500856114059091,1.0,1198.6645863599942,1000.0,1198.3528863599943,1000.0,0.046886927869178724,0.0
4638,1689228060000.0,0.0,0.0,0.03,1873.39,0.0,0.0,1867.4,0.9500856114059091,1.0,1198.6645863599942,1000.0,1198.4848863599943,1000.0,0.046886927869178724,0.0
4639,1689231660000.0,0.0,0.0,0.03,1873.39,0.0,0.0,1871.51,0.9500856114059091,1.0,1198.6645863599942,1000.0,1198.6081863599943,1000.0,0.046886927869178724,0.0
4640,1689235260000.0,0.0,0.0,0.03,1873.39,0.0,0.0,1869.99,0.9500856114059091,1.0,1198.6645863599942,1000.0,1198.5625863599942,1000.0,0.046886927869178724,0.0
4641,1689238860000.0,0.0,0.0,0.03,1873.39,0.0,0.0,1872.59,0.9500856114059091,1.0,1198.6645863599942,1000.0,1198.6405863599941,1000.0,0.046886927869178724,0.0
4642,1689242460000.0,0.0,0.0,0.03,1873.39,0.0,0.0,1880.88,0.9500856114059091,1.0,1198.6645863599942,1000.0,1198.8892863599942,1000.0,0.046886927869178724,0.0
4643,1689246060000.0,0.0,0.0,0.03,1873.39,0.0,0.0,1882.59,0.9500856114059091,1.0,1198.6645863599942,1000.0,1198.9405863599943,1000.0,0.046886927869178724,0.0
4644,1689249660000.0,0.0,0.0,0.03,1873.39,0.0,0.0,1884.09,0.9500856114059091,1.0,1198.6645863599942,1000.0,1198.9855863599942,1000.0,0.046886927869178724,0.0
4645,1689253260000.0,0.0,0.0,0.03,1873.39,0.0,0.0,1879.97,0.9500856114059091,1.0,1198.6645863599942,1000.0,1198.8619863599943,1000.0,0.046886927869178724,0.0
4646,1689256860000.0,0.0,0.0,0.03,1873.39,0.0,0.0,1884.55,0.9500856114059091,1.0,1198.6645863599942,1000.0,1198.9993863599943,1000.0,0.046886927869178724,0.0
4647,1689260460000.0,0.0,0.0,0.03,1873.39,0.0,0.0,1882.16,0.9500856114059091,1.0,1198.6645863599942,1000.0,1198.9276863599941,1000.0,0.046886927869178724,0.0
4648,1689264060000.0,0.0,0.0,0.0,1873.39,0.0,0.0,1936.2,0.9500856114059091,1.0,1199.4676831199943,1000.0,1199.4676831199943,1000.0,0.0,0.0
4649,1689267660000.0,0.0,0.0,0.0,1873.39,0.0,0.0,1965.77,0.9500856114059091,1.0,1199.4676831199943,1000.0,1199.4676831199943,1000.0,0.0,0.0
4650,1689271260000.0,0.0,0.0,0.0,1873.39,0.0,0.0,1989.75,0.9500856114059091,1.0,1199.4676831199943,1000.0,1199.4676831199943,1000.0,0.0,0.0
4651,1689274860000.0,0.0,0.0,0.0,1873.39,0.0,0.0,1981.01,0.9500856114059091,1.0,1199.4676831199943,1000.0,1199.4676831199943,1000.0,0.0,0.0
4652,1689278460000.0,0.0,0.0,0.0,1873.39,0.0,0.0,1998.84,0.9500856114059091,1.0,1199.4676831199943,1000.0,1199.4676831199943,1000.0,0.0,0.0
4653,1689282060000.0,0.0,0.0,0.0,1873.39,0.0,0.0,1984.18,0.9500856114059091,1.0,1199.4676831199943,1000.0,1199.4676831199943,1000.0,0.0,0.0
4654,1689285660000.0,0.0,0.0,0.0,1873.39,0.0,0.0,1983.19,0.9500856114059091,1.0,1199.4676831199943,1000.0,1199.4676831199943,1000.0,0.0,0.0
4655,1689289260000.0,0.0,0.0,0.0,1873.39,0.0,0.0,1992.25,0.9500856114059091,1.0,1199.4676831199943,1000.0,1199.4676831199943,1000.0,0.0,0.0
4656,1689292860000.0,0.0,0.0,0.0,1873.39,0.0,0.0,2004.7,0.9500856114059091,1.0,1199.4676831199943,1000.0,1199.4676831199943,1000.0,0.0,0.0
4657,1689296460000.0,0.0,0.0,0.0,1873.39,0.0,0.0,2017.0,0.9500856114059091,1.0,1199.4676831199943,1000.0,1199.4676831199943,1000.0,0.0,0.0
4658,1689300060000.0,0.0,0.0,0.0,1873.39,0.0,0.0,2015.08,0.9500856114059091,1.0,1199.4676831199943,1000.0,1199.4676831199943,1000.0,0.0,0.0
4659,1689303660000.0,0.0,0.0,0.0,1873.39,0.0,0.0,2012.53,0.9500856114059091,1.0,1199.4676831199943,1000.0,1199.4676831199943,1000.0,0.0,0.0
4660,1689307260000.0,0.0,0.0,0.0,1873.39,0.0,0.0,2009.48,0.9500856114059091,1.0,1199.4676831199943,1000.0,1199.4676831199943,1000.0,0.0,0.0
4661,1689310860000.0,0.0,0.0,0.0,1873.39,0.0,0.0,2008.81,0.9500856114059091,1.0,1199.4676831199943,1000.0,1199.4676831199943,1000.0,0.0,0.0
4662,1689314460000.0,0.0,0.0,0.0,1873.39,0.0,0.0,2008.27,0.9500856114059091,1.0,1199.4676831199943,1000.0,1199.4676831199943,1000.0,0.0,0.0
4663,1689318060000.0,0.0,0.0,0.0,1873.39,0.0,0.0,2005.06,0.9500856114059091,1.0,1199.4676831199943,1000.0,1199.4676831199943,1000.0,0.0,0.0
4664,1689321660000.0,0.0,0.0,0.0,1873.39,0.0,0.0,1990.63,0.9500856114059091,1.0,1199.4676831199943,1000.0,1199.4676831199943,1000.0,0.0,0.0
4665,1689325260000.0,0.0,0.0,0.0,1873.39,0.0,0.0,1999.21,0.9500856114059091,1.0,1199.4676831199943,1000.0,1199.4676831199943,1000.0,0.0,0.0
4666,1689328860000.0,0.0,0.0,0.0,1873.39,0.0,0.0,1996.52,0.9500856114059091,1.0,1199.4676831199943,1000.0,1199.4676831199943,1000.0,0.0,0.0
4667,1689332460000.0,0.0,0.0,0.0,1873.39,0.0,0.0,1988.47,0.9500856114059091,1.0,1199.4676831199943,1000.0,1199.4676831199943,1000.0,0.0,0.0
4668,1689336060000.0,0.0,0.0,0.0,1873.39,0.0,0.0,1992.12,0.9500856114059091,1.0,1199.4676831199943,1000.0,1199.4676831199943,1000.0,0.0,0.0
4669,1689339660000.0,0.0,0.0,0.0,1873.39,0.0,0.0,1988.15,0.9500856114059091,1.0,1199.4676831199943,1000.0,1199.4676831199943,1000.0,0.0,0.0
4670,1689343260000.0,0.0,0.0,0.0,1873.39,0.0,0.0,1996.36,0.9500856114059091,1.0,1199.4676831199943,1000.0,1199.4676831199943,1000.0,0.0,0.0
4671,1689346860000.0,0.0,0.0,0.0,1873.39,0.0,0.0,1996.71,0.9500856114059091,1.0,1199.4676831199943,1000.0,1199.4676831199943,1000.0,0.0,0.0
4672,1689350460000.0,0.0,0.0,0.0,1873.39,0.0,0.0,1999.08,0.9500856114059091,1.0,1199.4676831199943,1000.0,1199.4676831199943,1000.0,0.0,0.0
4673,1689354060000.0,0.0,0.0,0.0,1873.39,0.0,0.0,1986.92,0.9500856114059091,1.0,1199.4676831199943,1000.0,1199.4676831199943,1000.0,0.0,0.0
4674,1689357660000.0,0.0,0.0,0.03,1973.37,0.0,0.0,1961.23,0.9500856114059091,1.0,1199.4558428999942,1000.0,1199.0916428999942,1000.0,0.049356631467871344,0.0
4675,1689361260000.0,0.0,0.0,0.08,1946.545,0.0,0.0,1913.12,0.9500856114059091,1.0,1199.436538399994,1000.0,1196.7625383999941,1000.0,0.12983062881153326,0.0
4676,1689364860000.0,0.0,0.0,0.22,1917.6827272727273,0.0,0.0,1913.17,0.9500856114059091,1.0,1199.3833050799942,1000.0,1198.3905050799942,1000.0,0.35175593841691966,0.0
4677,1689368460000.0,0.0,0.0,0.22,1917.6827272727273,0.0,0.0,1916.58,0.9500856114059091,1.0,1199.3833050799942,1000.0,1199.1407050799942,1000.0,0.35175593841691966,0.0
4678,1689372060000.0,0.0,0.0,0.22,1917.6827272727273,0.0,0.0,1926.8,0.9500856114059091,1.0,1199.3833050799942,1000.0,1201.3891050799941,1000.0,0.35175593841691966,0.0
4679,1689375660000.0,0.0,0.0,0.22,1917.6827272727273,0.0,0.0,1925.88,0.9500856114059091,1.0,1199.3833050799942,1000.0,1201.1867050799942,1000.0,0.35175593841691966,0.0
4680,1689379260000.0,0.0,0.0,0.14,1917.6827272727273,0.0,0.0,1935.23,0.9500856114059091,1.0,1200.470580338176,1000.0,1202.9271985199941,1000.0,0.2236419502613313,0.0
4681,1689382860000.0,0.0,0.0,0.09,1917.6827272727273,0.0,0.0,1930.7,0.9500856114059091,1.0,1201.1501273745396,1000.0,1202.321681919994,1000.0,0.1436884878260754,0.0
4682,1689386460000.0,0.0,0.0,0.07,1917.6827272727273,0.0,0.0,1928.76,0.9500856114059091,1.0,1201.421946189085,1000.0,1202.197355279994,1000.0,0.11173242784093775,0.0
4683,1689390060000.0,0.0,0.0,0.06,1917.6827272727273,0.0,0.0,1930.04,0.9500856114059091,1.0,1201.5578555963577,1000.0,1202.2992919599942,1000.0,0.09575981972108745,0.0
4684,1689393660000.0,0.0,0.0,0.06,1917.6827272727273,0.0,0.0,1929.22,0.9500856114059091,1.0,1201.5578555963577,1000.0,1202.250091959994,1000.0,0.09575981972108745,0.0
4685,1689397260000.0,0.0,0.0,0.03,1917.6827272727273,0.0,0.0,1930.91,0.9500856114059091,1.0,1201.965583818176,1000.0,1202.362401999994,1000.0,0.04786366813884131,0.0
4686,1689400860000.0,0.0,0.0,0.03,1922.3718181818185,0.0,0.0,1928.05,0.9500856114059091,1.0,1202.0976297254485,1000.0,1202.267975179994,1000.0,0.04797543320888693,0.0
4687,1689404460000.0,0.0,0.0,0.03,1922.3718181818185,0.0,0.0,1932.8,0.9500856114059091,1.0,1202.0976297254485,1000.0,1202.410475179994,1000.0,0.04797543320888693,0.0
4688,1689408060000.0,0.0,0.0,0.01,1922.3718181818185,0.0,0.0,1939.44,0.9500856114059091,1.0,1202.3700478418125,1000.0,1202.5407296599942,1000.0,0.015988187843105118,0.0
4689,1689411660000.0,0.0,0.0,0.01,1922.3718181818185,0.0,0.0,1938.52,0.9500856114059091,1.0,1202.3700478418125,1000.0,1202.5315296599942,1000.0,0.015988187843105118,0.0
4690,1689415260000.0,0.0,0.0,0.01,1922.3718181818185,0.0,0.0,1940.76,0.9500856114059091,1.0,1202.3700478418125,1000.0,1202.5539296599943,1000.0,0.015988187843105118,0.0
4691,1689418860000.0,0.0,0.0,0.01,1922.3718181818185,0.0,0.0,1940.77,0.9500856114059091,1.0,1202.3700478418125,1000.0,1202.5540296599943,1000.0,0.015988187843105118,0.0
4692,1689422460000.0,0.0,0.0,0.01,1922.3718181818185,0.0,0.0,1939.23,0.9500856114059091,1.0,1202.3700478418125,1000.0,1202.5386296599943,1000.0,0.015988187843105118,0.0
4693,1689426060000.0,0.0,0.0,0.01,1922.3718181818185,0.0,0.0,1937.03,0.9500856114059091,1.0,1202.3700478418125,1000.0,1202.5166296599944,1000.0,0.015988187843105118,0.0
4694,1689429660000.0,0.0,0.0,0.0,1922.3718181818185,0.0,0.0,1936.14,0.9500856114059091,1.0,1202.5062568999945,1000.0,1202.5062568999945,1000.0,0.0,0.0
4695,1689433260000.0,0.0,0.0,0.03,1928.4,0.0,0.0,1928.6,0.9500856114059091,1.0,1202.4946864999945,1000.0,1202.5006864999946,1000.0,0.04810998389388747,0.0
4696,1689436860000.0,0.0,0.0,0.03,1928.4,0.0,0.0,1933.0,0.9500856114059091,1.0,1202.4946864999945,1000.0,1202.6326864999944,1000.0,0.04810998389388747,0.0
4697,1689440460000.0,0.0,0.0,0.03,1928.4,0.0,0.0,1931.58,0.9500856114059091,1.0,1202.4946864999945,1000.0,1202.5900864999944,1000.0,0.04810998389388747,0.0
4698,1689444060000.0,0.0,0.0,0.03,1928.4,0.0,0.0,1931.13,0.9500856114059091,1.0,1202.4946864999945,1000.0,1202.5765864999944,1000.0,0.04810998389388747,0.0
4699,1689447660000.0,0.0,0.0,0.03,1928.4,0.0,0.0,1934.37,0.9500856114059091,1.0,1202.4946864999945,1000.0,1202.6737864999945,1000.0,0.04810998389388747,0.0
4700,1689451260000.0,0.0,0.0,0.03,1928.4,0.0,0.0,1931.57,0.9500856114059091,1.0,1202.4946864999945,1000.0,1202.5897864999945,1000.0,0.04810998389388747,0.0
4701,1689454860000.0,0.0,0.0,0.03,1928.4,0.0,0.0,1929.5,0.9500856114059091,1.0,1202.4946864999945,1000.0,1202.5276864999944,1000.0,0.04810998389388747,0.0
4702,1689458460000.0,0.0,0.0,0.03,1928.4,0.0,0.0,1929.15,0.9500856114059091,1.0,1202.4946864999945,1000.0,1202.5171864999945,1000.0,0.04810998389388747,0.0
4703,1689462060000.0,0.0,0.0,0.03,1928.4,0.0,0.0,1927.34,0.9500856114059091,1.0,1202.4946864999945,1000.0,1202.4628864999945,1000.0,0.04810998389388747,0.0
4704,1689465660000.0,0.0,0.0,0.03,1928.4,0.0,0.0,1930.7,0.9500856114059091,1.0,1202.4946864999945,1000.0,1202.5636864999944,1000.0,0.04810998389388747,0.0
4705,1689469260000.0,0.0,0.0,0.03,1928.4,0.0,0.0,1933.07,0.9500856114059091,1.0,1202.4946864999945,1000.0,1202.6347864999946,1000.0,0.04810998389388747,0.0
4706,1689472860000.0,0.0,0.0,0.03,1928.4,0.0,0.0,1932.81,0.9500856114059091,1.0,1202.4946864999945,1000.0,1202.6269864999945,1000.0,0.04810998389388747,0.0
4707,1689476460000.0,0.0,0.0,0.03,1928.4,0.0,0.0,1926.54,0.9500856114059091,1.0,1202.4946864999945,1000.0,1202.4388864999944,1000.0,0.04810998389388747,0.0
4708,1689480060000.0,0.0,0.0,0.03,1928.4,0.0,0.0,1922.73,0.9500856114059091,1.0,1202.4946864999945,1000.0,1202.3245864999944,1000.0,0.04810998389388747,0.0
4709,1689483660000.0,0.0,0.0,0.03,1928.4,0.0,0.0,1923.91,0.9500856114059091,1.0,1202.4946864999945,1000.0,1202.3599864999944,1000.0,0.04810998389388747,0.0
4710,1689487260000.0,0.0,0.0,0.03,1928.4,0.0,0.0,1923.55,0.9500856114059091,1.0,1202.4946864999945,1000.0,1202.3491864999944,1000.0,0.04810998389388747,0.0
4711,1689490860000.0,0.0,0.0,0.03,1928.4,0.0,0.0,1927.0,0.9500856114059091,1.0,1202.4946864999945,1000.0,1202.4526864999946,1000.0,0.04810998389388747,0.0
4712,1689494460000.0,0.0,0.0,0.03,1928.4,0.0,0.0,1924.59,0.9500856114059091,1.0,1202.4946864999945,1000.0,1202.3803864999945,1000.0,0.04810998389388747,0.0
4713,1689498060000.0,0.0,0.0,0.03,1928.4,0.0,0.0,1927.38,0.9500856114059091,1.0,1202.4946864999945,1000.0,1202.4640864999944,1000.0,0.04810998389388747,0.0
4714,1689501660000.0,0.0,0.0,0.03,1928.4,0.0,0.0,1929.31,0.9500856114059091,1.0,1202.4946864999945,1000.0,1202.5219864999945,1000.0,0.04810998389388747,0.0
4715,1689505260000.0,0.0,0.0,0.03,1928.4,0.0,0.0,1928.44,0.9500856114059091,1.0,1202.4946864999945,1000.0,1202.4958864999944,1000.0,0.04810998389388747,0.0
4716,1689508860000.0,0.0,0.0,0.03,1928.4,0.0,0.0,1932.85,0.9500856114059091,1.0,1202.4946864999945,1000.0,1202.6281864999944,1000.0,0.04810998389388747,0.0
4717,1689512460000.0,0.0,0.0,0.03,1928.4,0.0,0.0,1931.2,0.9500856114059091,1.0,1202.4946864999945,1000.0,1202.5786864999945,1000.0,0.04810998389388747,0.0
4718,1689516060000.0,0.0,0.0,0.03,1928.4,0.0,0.0,1930.08,0.9500856114059091,1.0,1202.4946864999945,1000.0,1202.5450864999946,1000.0,0.04810998389388747,0.0
4719,1689519660000.0,0.0,0.0,0.02,1928.4,0.0,0.0,1939.7,0.9500856114059091,1.0,1202.6313015999945,1000.0,1202.8573015999946,1000.0,0.032069679168244415,0.0
4720,1689523260000.0,0.0,0.0,0.02,1928.4,0.0,0.0,1936.15,0.9500856114059091,1.0,1202.6313015999945,1000.0,1202.7863015999944,1000.0,0.032069679168244415,0.0
4721,1689526860000.0,0.0,0.0,0.02,1928.4,0.0,0.0,1935.59,0.9500856114059091,1.0,1202.6313015999945,1000.0,1202.7751015999945,1000.0,0.032069679168244415,0.0
4722,1689530460000.0,0.0,0.0,0.02,1928.4,0.0,0.0,1936.4,0.9500856114059091,1.0,1202.6313015999945,1000.0,1202.7913015999945,1000.0,0.032069679168244415,0.0
4723,1689534060000.0,0.0,0.0,0.02,1928.4,0.0,0.0,1930.1,0.9500856114059091,1.0,1202.6313015999945,1000.0,1202.6653015999946,1000.0,0.032069679168244415,0.0
4724,1689537660000.0,0.0,0.0,0.02,1928.4,0.0,0.0,1926.85,0.9500856114059091,1.0,1202.6313015999945,1000.0,1202.6003015999945,1000.0,0.032069679168244415,0.0
4725,1689541260000.0,0.0,0.0,0.02,1928.4,0.0,0.0,1928.22,0.9500856114059091,1.0,1202.6313015999945,1000.0,1202.6277015999945,1000.0,0.032069679168244415,0.0
4726,1689544860000.0,0.0,0.0,0.02,1928.4,0.0,0.0,1929.71,0.9500856114059091,1.0,1202.6313015999945,1000.0,1202.6575015999945,1000.0,0.032069679168244415,0.0
4727,1689548460000.0,0.0,0.0,0.02,1928.4,0.0,0.0,1931.89,0.9500856114059091,1.0,1202.6313015999945,1000.0,1202.7011015999944,1000.0,0.032069679168244415,0.0
4728,1689552060000.0,0.0,0.0,0.03,1925.7533333333336,0.0,0.0,1919.66,0.9500856114059091,1.0,1202.6274606799946,1000.0,1202.4446606799945,1000.0,0.04803865027939241,0.0
4729,1689555660000.0,0.0,0.0,0.03,1925.7533333333336,0.0,0.0,1918.76,0.9500856114059091,1.0,1202.6274606799946,1000.0,1202.4176606799945,1000.0,0.04803865027939241,0.0
4730,1689559260000.0,0.0,0.0,0.03,1925.7533333333336,0.0,0.0,1924.02,0.9500856114059091,1.0,1202.6274606799946,1000.0,1202.5754606799946,1000.0,0.04803865027939241,0.0
4731,1689562860000.0,0.0,0.0,0.03,1925.7533333333336,0.0,0.0,1924.29,0.9500856114059091,1.0,1202.6274606799946,1000.0,1202.5835606799947,1000.0,0.04803865027939241,0.0
4732,1689566460000.0,0.0,0.0,0.03,1925.7533333333336,0.0,0.0,1930.06,0.9500856114059091,1.0,1202.6274606799946,1000.0,1202.7566606799946,1000.0,0.04803865027939241,0.0
4733,1689570060000.0,0.0,0.0,0.03,1925.7533333333336,0.0,0.0,1932.56,0.9500856114059091,1.0,1202.6274606799946,1000.0,1202.8316606799945,1000.0,0.04803865027939241,0.0
4734,1689573660000.0,0.0,0.0,0.03,1925.7533333333336,0.0,0.0,1930.35,0.9500856114059091,1.0,1202.6274606799946,1000.0,1202.7653606799945,1000.0,0.04803865027939241,0.0
4735,1689577260000.0,0.0,0.0,0.03,1925.7533333333336,0.0,0.0,1930.43,0.9500856114059091,1.0,1202.6274606799946,1000.0,1202.7677606799946,1000.0,0.04803865027939241,0.0
4736,1689580860000.0,0.0,0.0,0.03,1925.7533333333336,0.0,0.0,1927.48,0.9500856114059091,1.0,1202.6274606799946,1000.0,1202.6792606799945,1000.0,0.04803865027939241,0.0
4737,1689584460000.0,0.0,0.0,0.03,1925.7533333333336,0.0,0.0,1926.14,0.9500856114059091,1.0,1202.6274606799946,1000.0,1202.6390606799946,1000.0,0.04803865027939241,0.0
4738,1689588060000.0,0.0,0.0,0.03,1925.7533333333336,0.0,0.0,1914.11,0.9500856114059091,1.0,1202.6274606799946,1000.0,1202.2781606799945,1000.0,0.04803865027939241,0.0
4739,1689591660000.0,0.0,0.0,0.03,1925.7533333333336,0.0,0.0,1909.08,0.9500856114059091,1.0,1202.6274606799946,1000.0,1202.1272606799946,1000.0,0.04803865027939241,0.0
4740,1689595260000.0,0.0,0.0,0.03,1925.7533333333336,0.0,0.0,1906.8,0.9500856114059091,1.0,1202.6274606799946,1000.0,1202.0588606799945,1000.0,0.04803865027939241,0.0
4741,1689598860000.0,0.0,0.0,0.03,1925.7533333333336,0.0,0.0,1910.35,0.9500856114059091,1.0,1202.6274606799946,1000.0,1202.1653606799946,1000.0,0.04803865027939241,0.0
4742,1689602460000.0,0.0,0.0,0.03,1925.7533333333336,0.0,0.0,1915.59,0.9500856114059091,1.0,1202.6274606799946,1000.0,1202.3225606799945,1000.0,0.04803865027939241,0.0
4743,1689606060000.0,0.0,0.0,0.03,1925.7533333333336,0.0,0.0,1913.04,0.9500856114059091,1.0,1202.6274606799946,1000.0,1202.2460606799946,1000.0,0.04803865027939241,0.0
4744,1689609660000.0,0.0,0.0,0.03,1925.7533333333336,0.0,0.0,1906.47,0.9500856114059091,1.0,1202.6274606799946,1000.0,1202.0489606799945,1000.0,0.04803865027939241,0.0
4745,1689613260000.0,0.0,0.0,0.03,1925.7533333333336,0.0,0.0,1904.39,0.9500856114059091,1.0,1202.6274606799946,1000.0,1201.9865606799945,1000.0,0.04803865027939241,0.0
4746,1689616860000.0,0.0,0.0,0.03,1925.7533333333336,0.0,0.0,1894.44,0.9500856114059091,1.0,1202.6274606799946,1000.0,1201.6880606799946,1000.0,0.04803865027939241,0.0
4747,1689620460000.0,0.0,0.0,0.08,1899.6012500000002,0.0,0.0,1880.5,0.9500856114059091,1.0,1202.6086215799946,1000.0,1201.0805215799946,1000.0,0.12636538377742826,0.0
4748,1689624060000.0,0.0,0.0,0.08,1899.6012500000002,0.0,0.0,1886.4,0.9500856114059091,1.0,1202.6086215799946,1000.0,1201.5525215799946,1000.0,0.12636538377742826,0.0
4749,1689627660000.0,0.0,0.0,0.08,1899.6012500000002,0.0,0.0,1890.7,0.9500856114059091,1.0,1202.6086215799946,1000.0,1201.8965215799947,1000.0,0.12636538377742826,0.0
4750,1689631260000.0,0.0,0.0,0.06,1899.6012500000002,0.0,0.0,1917.14,0.9500856114059091,1.0,1202.877942779995,1000.0,1203.9302677799951,1000.0,0.09475281817587215,0.0
4751,1689634860000.0,0.0,0.0,0.02,1899.6012500000002,0.0,0.0,1908.77,0.9500856114059091,1.0,1203.4165851799958,1000.0,1203.5999601799958,1000.0,0.03157013578495556,0.0
4752,1689638460000.0,0.0,0.0,0.02,1899.6012500000002,0.0,0.0,1911.45,0.9500856114059091,1.0,1203.4165851799958,1000.0,1203.6535601799958,1000.0,0.03157013578495556,0.0
4753,1689642060000.0,0.0,0.0,0.0,1899.6012500000002,0.0,0.0,1911.19,0.9500856114059091,1.0,1203.6859063799961,1000.0,1203.6859063799961,1000.0,0.0,0.0
4754,1689645660000.0,0.0,0.0,0.0,1899.6012500000002,0.0,0.0,1914.92,0.9500856114059091,1.0,1203.6859063799961,1000.0,1203.6859063799961,1000.0,0.0,0.0
4755,1689649260000.0,0.0,0.0,0.0,1899.6012500000002,0.0,0.0,1908.13,0.9500856114059091,1.0,1203.6859063799961,1000.0,1203.6859063799961,1000.0,0.0,0.0
4756,1689652860000.0,0.0,0.0,0.0,1899.6012500000002,0.0,0.0,1908.05,0.9500856114059091,1.0,1203.6859063799961,1000.0,1203.6859063799961,1000.0,0.0,0.0
4757,1689656460000.0,0.0,0.0,0.0,1899.6012500000002,0.0,0.0,1908.48,0.9500856114059091,1.0,1203.6859063799961,1000.0,1203.6859063799961,1000.0,0.0,0.0
4758,1689660060000.0,0.0,0.0,0.0,1899.6012500000002,0.0,0.0,1904.97,0.9500856114059091,1.0,1203.6859063799961,1000.0,1203.6859063799961,1000.0,0.0,0.0
4759,1689663660000.0,0.0,0.0,0.03,1897.63,0.0,0.0,1898.25,0.9500856114059091,1.0,1203.6745205999962,1000.0,1203.6931205999963,1000.0,0.04729592512402989,0.0
4760,1689667260000.0,0.0,0.0,0.03,1897.63,0.0,0.0,1896.58,0.9500856114059091,1.0,1203.6745205999962,1000.0,1203.6430205999961,1000.0,0.04729592512402989,0.0
4761,1689670860000.0,0.0,0.0,0.03,1897.63,0.0,0.0,1901.88,0.9500856114059091,1.0,1203.6745205999962,1000.0,1203.8020205999962,1000.0,0.04729592512402989,0.0
4762,1689674460000.0,0.0,0.0,0.03,1897.63,0.0,0.0,1897.7,0.9500856114059091,1.0,1203.6745205999962,1000.0,1203.676620599996,1000.0,0.04729592512402989,0.0
4763,1689678060000.0,0.0,0.0,0.03,1897.63,0.0,0.0,1903.48,0.9500856114059091,1.0,1203.6745205999962,1000.0,1203.8500205999962,1000.0,0.04729592512402989,0.0
4764,1689681660000.0,0.0,0.0,0.03,1897.63,0.0,0.0,1893.1,0.9500856114059091,1.0,1203.6745205999962,1000.0,1203.5386205999962,1000.0,0.04729592512402989,0.0
4765,1689685260000.0,0.0,0.0,0.03,1897.63,0.0,0.0,1892.26,0.9500856114059091,1.0,1203.6745205999962,1000.0,1203.5134205999962,1000.0,0.04729592512402989,0.0
4766,1689688860000.0,0.0,0.0,0.03,1897.63,0.0,0.0,1895.55,0.9500856114059091,1.0,1203.6745205999962,1000.0,1203.6121205999962,1000.0,0.04729592512402989,0.0
4767,1689692460000.0,0.0,0.0,0.03,1897.63,0.0,0.0,1897.52,0.9500856114059091,1.0,1203.6745205999962,1000.0,1203.671220599996,1000.0,0.04729592512402989,0.0
4768,1689696060000.0,0.0,0.0,0.03,1897.63,0.0,0.0,1895.32,0.9500856114059091,1.0,1203.6745205999962,1000.0,1203.605220599996,1000.0,0.04729592512402989,0.0
4769,1689699660000.0,0.0,0.0,0.03,1897.63,0.0,0.0,1882.9,0.9500856114059091,1.0,1203.6745205999962,1000.0,1203.2326205999962,1000.0,0.04729592512402989,0.0
4770,1689703260000.0,0.0,0.0,0.03,1897.63,0.0,0.0,1890.69,0.9500856114059091,1.0,1203.6745205999962,1000.0,1203.4663205999962,1000.0,0.04729592512402989,0.0
4771,1689706860000.0,0.0,0.0,0.03,1897.63,0.0,0.0,1899.82,0.9500856114059091,1.0,1203.6745205999962,1000.0,1203.7402205999963,1000.0,0.04729592512402989,0.0
4772,1689710460000.0,0.0,0.0,0.03,1897.63,0.0,0.0,1894.75,0.9500856114059091,1.0,1203.6745205999962,1000.0,1203.5881205999963,1000.0,0.04729592512402989,0.0
4773,1689714060000.0,0.0,0.0,0.03,1897.63,0.0,0.0,1894.73,0.9500856114059091,1.0,1203.6745205999962,1000.0,1203.5875205999962,1000.0,0.04729592512402989,0.0
4774,1689717660000.0,0.0,0.0,0.03,1897.63,0.0,0.0,1896.5,0.9500856114059091,1.0,1203.6745205999962,1000.0,1203.6406205999963,1000.0,0.04729592512402989,0.0
4775,1689721260000.0,0.0,0.0,0.03,1897.63,0.0,0.0,1899.64,0.9500856114059091,1.0,1203.6745205999962,1000.0,1203.7348205999963,1000.0,0.04729592512402989,0.0
4776,1689724860000.0,0.0,0.0,0.03,1897.63,0.0,0.0,1895.45,0.9500856114059091,1.0,1203.6745205999962,1000.0,1203.6091205999962,1000.0,0.04729592512402989,0.0
4777,1689728460000.0,0.0,0.0,0.01,1897.63,0.0,0.0,1908.71,0.9500856114059091,1.0,1203.9434747599964,1000.0,1204.0542747599964,1000.0,0.015761786493990414,0.0
4778,1689732060000.0,0.0,0.0,0.0,1897.63,0.0,0.0,1909.38,0.9500856114059091,1.0,1204.0779518399966,1000.0,1204.0779518399966,1000.0,0.0,0.0
4779,1689735660000.0,0.0,0.0,0.0,1897.63,0.0,0.0,1911.4,0.9500856114059091,1.0,1204.0779518399966,1000.0,1204.0779518399966,1000.0,0.0,0.0
4780,1689739260000.0,0.0,0.0,0.0,1897.63,0.0,0.0,1911.71,0.9500856114059091,1.0,1204.0779518399966,1000.0,1204.0779518399966,1000.0,0.0,0.0
4781,1689742860000.0,0.0,0.0,0.0,1897.63,0.0,0.0,1910.6,0.9500856114059091,1.0,1204.0779518399966,1000.0,1204.0779518399966,1000.0,0.0,0.0
4782,1689746460000.0,0.0,0.0,0.0,1897.63,0.0,0.0,1913.91,0.9500856114059091,1.0,1204.0779518399966,1000.0,1204.0779518399966,1000.0,0.0,0.0
4783,1689750060000.0,0.0,0.0,0.0,1897.63,0.0,0.0,1910.98,0.9500856114059091,1.0,1204.0779518399966,1000.0,1204.0779518399966,1000.0,0.0,0.0
4784,1689753660000.0,0.0,0.0,0.0,1897.63,0.0,0.0,1906.82,0.9500856114059091,1.0,1204.0779518399966,1000.0,1204.0779518399966,1000.0,0.0,0.0
4785,1689757260000.0,0.0,0.0,0.0,1897.63,0.0,0.0,1901.91,0.9500856114059091,1.0,1204.0779518399966,1000.0,1204.0779518399966,1000.0,0.0,0.0
4786,1689760860000.0,0.0,0.0,0.0,1897.63,0.0,0.0,1908.79,0.9500856114059091,1.0,1204.0779518399966,1000.0,1204.0779518399966,1000.0,0.0,0.0
4787,1689764460000.0,0.0,0.0,0.0,1897.63,0.0,0.0,1908.4,0.9500856114059091,1.0,1204.0779518399966,1000.0,1204.0779518399966,1000.0,0.0,0.0
4788,1689768060000.0,0.0,0.0,0.0,1897.63,0.0,0.0,1908.2,0.9500856114059091,1.0,1204.0779518399966,1000.0,1204.0779518399966,1000.0,0.0,0.0
4789,1689771660000.0,0.0,0.0,0.0,1897.63,0.0,0.0,1906.76,0.9500856114059091,1.0,1204.0779518399966,1000.0,1204.0779518399966,1000.0,0.0,0.0
4790,1689775260000.0,0.0,0.0,0.0,1897.63,0.0,0.0,1908.57,0.9500856114059091,1.0,1204.0779518399966,1000.0,1204.0779518399966,1000.0,0.0,0.0
4791,1689778860000.0,0.0,0.0,0.0,1897.63,0.0,0.0,1896.02,0.9500856114059091,1.0,1204.0779518399966,1000.0,1204.0779518399966,1000.0,0.0,0.0
4792,1689782460000.0,0.0,0.0,0.03,1894.51,0.0,0.0,1905.98,0.9500856114059091,1.0,1204.0665847799964,1000.0,1204.4106847799965,1000.0,0.0472027882165543,0.0
4793,1689786060000.0,0.0,0.0,0.03,1894.51,0.0,0.0,1900.91,0.9500856114059091,1.0,1204.0665847799964,1000.0,1204.2585847799965,1000.0,0.0472027882165543,0.0
4794,1689789660000.0,0.0,0.0,0.0,1894.51,0.0,0.0,1908.64,0.9500856114059091,1.0,1204.4694348599962,1000.0,1204.4694348599962,1000.0,0.0,0.0
4795,1689793260000.0,0.0,0.0,0.0,1894.51,0.0,0.0,1911.15,0.9500856114059091,1.0,1204.4694348599962,1000.0,1204.4694348599962,1000.0,0.0,0.0
4796,1689796860000.0,0.0,0.0,0.0,1894.51,0.0,0.0,1907.05,0.9500856114059091,1.0,1204.4694348599962,1000.0,1204.4694348599962,1000.0,0.0,0.0
4797,1689800460000.0,0.0,0.0,0.0,1894.51,0.0,0.0,1895.34,0.9500856114059091,1.0,1204.4694348599962,1000.0,1204.4694348599962,1000.0,0.0,0.0
4798,1689804060000.0,0.0,0.0,0.03,1894.63,0.0,0.0,1892.89,0.9500856114059091,1.0,1204.4580670799962,1000.0,1204.4058670799961,1000.0,0.04719043489641466,0.0
4799,1689807660000.0,0.0,0.0,0.03,1894.63,0.0,0.0,1888.01,0.9500856114059091,1.0,1204.4580670799962,1000.0,1204.2594670799963,1000.0,0.04719043489641466,0.0
4800,1689811260000.0,0.0,0.0,0.03,1894.63,0.0,0.0,1888.32,0.9500856114059091,1.0,1204.4580670799962,1000.0,1204.2687670799962,1000.0,0.04719043489641466,0.0
4801,1689814860000.0,0.0,0.0,0.03,1894.63,0.0,0.0,1893.2,0.9500856114059091,1.0,1204.4580670799962,1000.0,1204.4151670799963,1000.0,0.04719043489641466,0.0
4802,1689818460000.0,0.0,0.0,0.03,1894.63,0.0,0.0,1894.3,0.9500856114059091,1.0,1204.4580670799962,1000.0,1204.4481670799962,1000.0,0.04719043489641466,0.0
4803,1689822060000.0,0.0,0.0,0.03,1894.63,0.0,0.0,1895.39,0.9500856114059091,1.0,1204.4580670799962,1000.0,1204.4808670799962,1000.0,0.04719043489641466,0.0
4804,1689825660000.0,0.0,0.0,0.03,1894.63,0.0,0.0,1894.2,0.9500856114059091,1.0,1204.4580670799962,1000.0,1204.4451670799963,1000.0,0.04719043489641466,0.0
4805,1689829260000.0,0.0,0.0,0.03,1894.63,0.0,0.0,1895.01,0.9500856114059091,1.0,1204.4580670799962,1000.0,1204.4694670799963,1000.0,0.04719043489641466,0.0
4806,1689832860000.0,0.0,0.0,0.01,1894.63,0.0,0.0,1905.46,0.9500856114059091,1.0,1204.7266333199962,1000.0,1204.8349333199963,1000.0,0.01572663828954094,0.0
4807,1689836460000.0,0.0,0.0,0.01,1894.63,0.0,0.0,1906.55,0.9500856114059091,1.0,1204.7266333199962,1000.0,1204.8458333199962,1000.0,0.01572663828954094,0.0
4808,1689840060000.0,0.0,0.0,0.0,1894.63,0.0,0.0,1912.94,0.9500856114059091,1.0,1204.8609164399961,1000.0,1204.8609164399961,1000.0,0.0,0.0
4809,1689843660000.0,0.0,0.0,0.0,1894.63,0.0,0.0,1912.23,0.9500856114059091,1.0,1204.8609164399961,1000.0,1204.8609164399961,1000.0,0.0,0.0
4810,1689847260000.0,0.0,0.0,0.0,1894.63,0.0,0.0,1918.8,0.9500856114059091,1.0,1204.8609164399961,1000.0,1204.8609164399961,1000.0,0.0,0.0
4811,1689850860000.0,0.0,0.0,0.0,1894.63,0.0,0.0,1919.15,0.9500856114059091,1.0,1204.8609164399961,1000.0,1204.8609164399961,1000.0,0.0,0.0
4812,1689854460000.0,0.0,0.0,0.0,1894.63,0.0,0.0,1921.27,0.9500856114059091,1.0,1204.8609164399961,1000.0,1204.8609164399961,1000.0,0.0,0.0
4813,1689858060000.0,0.0,0.0,0.0,1894.63,0.0,0.0,1915.55,0.9500856114059091,1.0,1204.8609164399961,1000.0,1204.8609164399961,1000.0,0.0,0.0
4814,1689861660000.0,0.0,0.0,0.0,1894.63,0.0,0.0,1916.64,0.9500856114059091,1.0,1204.8609164399961,1000.0,1204.8609164399961,1000.0,0.0,0.0
4815,1689865260000.0,0.0,0.0,0.03,1897.09,0.0,0.0,1889.51,0.9500856114059091,1.0,1204.849533899996,1000.0,1204.622133899996,1000.0,0.04723635474695201,0.0
4816,1689868860000.0,0.0,0.0,0.03,1897.09,0.0,0.0,1885.0,0.9500856114059091,1.0,1204.849533899996,1000.0,1204.486833899996,1000.0,0.04723635474695201,0.0
4817,1689872460000.0,0.0,0.0,0.03,1897.09,0.0,0.0,1885.2,0.9500856114059091,1.0,1204.849533899996,1000.0,1204.492833899996,1000.0,0.04723635474695201,0.0
4818,1689876060000.0,0.0,0.0,0.03,1897.09,0.0,0.0,1888.55,0.9500856114059091,1.0,1204.849533899996,1000.0,1204.593333899996,1000.0,0.04723635474695201,0.0
4819,1689879660000.0,0.0,0.0,0.03,1897.09,0.0,0.0,1883.83,0.9500856114059091,1.0,1204.849533899996,1000.0,1204.451733899996,1000.0,0.04723635474695201,0.0
4820,1689883260000.0,0.0,0.0,0.03,1897.09,0.0,0.0,1885.69,0.9500856114059091,1.0,1204.849533899996,1000.0,1204.507533899996,1000.0,0.04723635474695201,0.0
4821,1689886860000.0,0.0,0.0,0.03,1897.09,0.0,0.0,1887.4,0.9500856114059091,1.0,1204.849533899996,1000.0,1204.558833899996,1000.0,0.04723635474695201,0.0
4822,1689890460000.0,0.0,0.0,0.03,1897.09,0.0,0.0,1897.85,0.9500856114059091,1.0,1204.849533899996,1000.0,1204.872333899996,1000.0,0.04723635474695201,0.0
4823,1689894060000.0,0.0,0.0,0.03,1897.09,0.0,0.0,1892.99,0.9500856114059091,1.0,1204.849533899996,1000.0,1204.726533899996,1000.0,0.04723635474695201,0.0
4824,1689897660000.0,0.0,0.0,0.03,1897.09,0.0,0.0,1891.39,0.9500856114059091,1.0,1204.849533899996,1000.0,1204.678533899996,1000.0,0.04723635474695201,0.0
4825,1689901260000.0,0.0,0.0,0.03,1897.09,0.0,0.0,1887.95,0.9500856114059091,1.0,1204.849533899996,1000.0,1204.575333899996,1000.0,0.04723635474695201,0.0
4826,1689904860000.0,0.0,0.0,0.03,1897.09,0.0,0.0,1895.0,0.9500856114059091,1.0,1204.849533899996,1000.0,1204.786833899996,1000.0,0.04723635474695201,0.0
4827,1689908460000.0,0.0,0.0,0.03,1897.09,0.0,0.0,1897.63,0.9500856114059091,1.0,1204.849533899996,1000.0,1204.865733899996,1000.0,0.04723635474695201,0.0
4828,1689912060000.0,0.0,0.0,0.03,1897.09,0.0,0.0,1895.4,0.9500856114059091,1.0,1204.849533899996,1000.0,1204.798833899996,1000.0,0.04723635474695201,0.0
4829,1689915660000.0,0.0,0.0,0.03,1897.09,0.0,0.0,1893.7,0.9500856114059091,1.0,1204.849533899996,1000.0,1204.747833899996,1000.0,0.04723635474695201,0.0
4830,1689919260000.0,0.0,0.0,0.03,1897.09,0.0,0.0,1892.08,0.9500856114059091,1.0,1204.849533899996,1000.0,1204.699233899996,1000.0,0.04723635474695201,0.0
4831,1689922860000.0,0.0,0.0,0.03,1897.09,0.0,0.0,1892.22,0.9500856114059091,1.0,1204.849533899996,1000.0,1204.703433899996,1000.0,0.04723635474695201,0.0
4832,1689926460000.0,0.0,0.0,0.03,1897.09,0.0,0.0,1888.15,0.9500856114059091,1.0,1204.849533899996,1000.0,1204.581333899996,1000.0,0.04723635474695201,0.0
4833,1689930060000.0,0.0,0.0,0.03,1897.09,0.0,0.0,1890.52,0.9500856114059091,1.0,1204.849533899996,1000.0,1204.652433899996,1000.0,0.04723635474695201,0.0
4834,1689933660000.0,0.0,0.0,0.03,1897.09,0.0,0.0,1885.27,0.9500856114059091,1.0,1204.849533899996,1000.0,1204.494933899996,1000.0,0.04723635474695201,0.0
4835,1689937260000.0,0.0,0.0,0.03,1897.09,0.0,0.0,1887.71,0.9500856114059091,1.0,1204.849533899996,1000.0,1204.568133899996,1000.0,0.04723635474695201,0.0
4836,1689940860000.0,0.0,0.0,0.03,1897.09,0.0,0.0,1889.1,0.9500856114059091,1.0,1204.849533899996,1000.0,1204.609833899996,1000.0,0.04723635474695201,0.0
4837,1689944460000.0,0.0,0.0,0.03,1897.09,0.0,0.0,1893.03,0.9500856114059091,1.0,1204.849533899996,1000.0,1204.727733899996,1000.0,0.04723635474695201,0.0
4838,1689948060000.0,0.0,0.0,0.03,1897.09,0.0,0.0,1886.61,0.9500856114059091,1.0,1204.849533899996,1000.0,1204.535133899996,1000.0,0.04723635474695201,0.0
4839,1689951660000.0,0.0,0.0,0.03,1897.09,0.0,0.0,1893.27,0.9500856114059091,1.0,1204.849533899996,1000.0,1204.734933899996,1000.0,0.04723635474695201,0.0
4840,1689955260000.0,0.0,0.0,0.03,1897.09,0.0,0.0,1890.39,0.9500856114059091,1.0,1204.849533899996,1000.0,1204.648533899996,1000.0,0.04723635474695201,0.0
4841,1689958860000.0,0.0,0.0,0.03,1897.09,0.0,0.0,1888.8,0.9500856114059091,1.0,1204.849533899996,1000.0,1204.600833899996,1000.0,0.04723635474695201,0.0
4842,1689962460000.0,0.0,0.0,0.03,1897.09,0.0,0.0,1902.69,0.9500856114059091,1.0,1204.849533899996,1000.0,1205.017533899996,1000.0,0.04723635474695201,0.0
4843,1689966060000.0,0.0,0.0,0.03,1897.09,0.0,0.0,1897.69,0.9500856114059091,1.0,1204.849533899996,1000.0,1204.867533899996,1000.0,0.04723635474695201,0.0
4844,1689969660000.0,0.0,0.0,0.03,1897.09,0.0,0.0,1892.93,0.9500856114059091,1.0,1204.849533899996,1000.0,1204.724733899996,1000.0,0.04723635474695201,0.0
4845,1689973260000.0,0.0,0.0,0.03,1897.09,0.0,0.0,1894.52,0.9500856114059091,1.0,1204.849533899996,1000.0,1204.772433899996,1000.0,0.04723635474695201,0.0
4846,1689976860000.0,0.0,0.0,0.03,1897.09,0.0,0.0,1891.5,0.9500856114059091,1.0,1204.849533899996,1000.0,1204.681833899996,1000.0,0.04723635474695201,0.0
4847,1689980460000.0,0.0,0.0,0.03,1897.09,0.0,0.0,1892.62,0.9500856114059091,1.0,1204.849533899996,1000.0,1204.715433899996,1000.0,0.04723635474695201,0.0
4848,1689984060000.0,0.0,0.0,0.03,1897.09,0.0,0.0,1890.59,0.9500856114059091,1.0,1204.849533899996,1000.0,1204.654533899996,1000.0,0.04723635474695201,0.0
4849,1689987660000.0,0.0,0.0,0.03,1897.09,0.0,0.0,1896.23,0.9500856114059091,1.0,1204.849533899996,1000.0,1204.8237338999961,1000.0,0.04723635474695201,0.0
4850,1689991260000.0,0.0,0.0,0.03,1897.09,0.0,0.0,1890.42,0.9500856114059091,1.0,1204.849533899996,1000.0,1204.649433899996,1000.0,0.04723635474695201,0.0
4851,1689994860000.0,0.0,0.0,0.03,1897.09,0.0,0.0,1894.3,0.9500856114059091,1.0,1204.849533899996,1000.0,1204.765833899996,1000.0,0.04723635474695201,0.0
4852,1689998460000.0,0.0,0.0,0.03,1897.09,0.0,0.0,1891.89,0.9500856114059091,1.0,1204.849533899996,1000.0,1204.693533899996,1000.0,0.04723635474695201,0.0
4853,1690002060000.0,0.0,0.0,0.03,1897.09,0.0,0.0,1893.24,0.9500856114059091,1.0,1204.849533899996,1000.0,1204.7340338999961,1000.0,0.04723635474695201,0.0
4854,1690005660000.0,0.0,0.0,0.03,1897.09,0.0,0.0,1891.68,0.9500856114059091,1.0,1204.849533899996,1000.0,1204.687233899996,1000.0,0.04723635474695201,0.0
4855,1690009260000.0,0.0,0.0,0.03,1897.09,0.0,0.0,1889.84,0.9500856114059091,1.0,1204.849533899996,1000.0,1204.632033899996,1000.0,0.04723635474695201,0.0
4856,1690012860000.0,0.0,0.0,0.03,1897.09,0.0,0.0,1890.49,0.9500856114059091,1.0,1204.849533899996,1000.0,1204.651533899996,1000.0,0.04723635474695201,0.0
4857,1690016460000.0,0.0,0.0,0.03,1897.09,0.0,0.0,1890.42,0.9500856114059091,1.0,1204.849533899996,1000.0,1204.649433899996,1000.0,0.04723635474695201,0.0
4858,1690020060000.0,0.0,0.0,0.03,1897.09,0.0,0.0,1884.67,0.9500856114059091,1.0,1204.849533899996,1000.0,1204.476933899996,1000.0,0.04723635474695201,0.0
4859,1690023660000.0,0.0,0.0,0.03,1897.09,0.0,0.0,1886.91,0.9500856114059091,1.0,1204.849533899996,1000.0,1204.544133899996,1000.0,0.04723635474695201,0.0
4860,1690027260000.0,0.0,0.0,0.03,1897.09,0.0,0.0,1886.35,0.9500856114059091,1.0,1204.849533899996,1000.0,1204.527333899996,1000.0,0.04723635474695201,0.0
4861,1690030860000.0,0.0,0.0,0.03,1897.09,0.0,0.0,1884.99,0.9500856114059091,1.0,1204.849533899996,1000.0,1204.486533899996,1000.0,0.04723635474695201,0.0
4862,1690034460000.0,0.0,0.0,0.03,1897.09,0.0,0.0,1886.7,0.9500856114059091,1.0,1204.849533899996,1000.0,1204.537833899996,1000.0,0.04723635474695201,0.0
4863,1690038060000.0,0.0,0.0,0.03,1897.09,0.0,0.0,1886.63,0.9500856114059091,1.0,1204.849533899996,1000.0,1204.535733899996,1000.0,0.04723635474695201,0.0
4864,1690041660000.0,0.0,0.0,0.03,1897.09,0.0,0.0,1887.72,0.9500856114059091,1.0,1204.849533899996,1000.0,1204.568433899996,1000.0,0.04723635474695201,0.0
4865,1690045260000.0,0.0,0.0,0.03,1897.09,0.0,0.0,1888.78,0.9500856114059091,1.0,1204.849533899996,1000.0,1204.600233899996,1000.0,0.04723635474695201,0.0
4866,1690048860000.0,0.0,0.0,0.03,1897.09,0.0,0.0,1884.2,0.9500856114059091,1.0,1204.849533899996,1000.0,1204.462833899996,1000.0,0.04723635474695201,0.0
4867,1690052460000.0,0.0,0.0,0.03,1897.09,0.0,0.0,1882.14,0.9500856114059091,1.0,1204.849533899996,1000.0,1204.401033899996,1000.0,0.04723635474695201,0.0
4868,1690056060000.0,0.0,0.0,0.03,1897.09,0.0,0.0,1885.67,0.9500856114059091,1.0,1204.849533899996,1000.0,1204.506933899996,1000.0,0.04723635474695201,0.0
4869,1690059660000.0,0.0,0.0,0.03,1897.09,0.0,0.0,1886.53,0.9500856114059091,1.0,1204.849533899996,1000.0,1204.532733899996,1000.0,0.04723635474695201,0.0
4870,1690063260000.0,0.0,0.0,0.03,1897.09,0.0,0.0,1886.97,0.9500856114059091,1.0,1204.849533899996,1000.0,1204.545933899996,1000.0,0.04723635474695201,0.0
4871,1690066860000.0,0.0,0.0,0.03,1897.09,0.0,0.0,1882.21,0.9500856114059091,1.0,1204.849533899996,1000.0,1204.403133899996,1000.0,0.04723635474695201,0.0
4872,1690070460000.0,0.0,0.0,0.08,1871.34625,0.0,0.0,1865.66,0.9500856114059091,1.0,1204.830974899996,1000.0,1204.376074899996,1000.0,0.12425618457595361,0.0
4873,1690074060000.0,0.0,0.0,0.08,1871.34625,0.0,0.0,1862.65,0.9500856114059091,1.0,1204.830974899996,1000.0,1204.135274899996,1000.0,0.12425618457595361,0.0
4874,1690077660000.0,0.0,0.0,0.08,1871.34625,0.0,0.0,1868.62,0.9500856114059091,1.0,1204.830974899996,1000.0,1204.6128748999959,1000.0,0.12425618457595361,0.0
4875,1690081260000.0,0.0,0.0,0.08,1871.34625,0.0,0.0,1871.51,0.9500856114059091,1.0,1204.830974899996,1000.0,1204.8440748999958,1000.0,0.12425618457595361,0.0
4876,1690084860000.0,0.0,0.0,0.08,1871.34625,0.0,0.0,1868.57,0.9500856114059091,1.0,1204.830974899996,1000.0,1204.608874899996,1000.0,0.12425618457595361,0.0
4877,1690088460000.0,0.0,0.0,0.08,1871.34625,0.0,0.0,1873.08,0.9500856114059091,1.0,1204.830974899996,1000.0,1204.9696748999959,1000.0,0.12425618457595361,0.0
4878,1690092060000.0,0.0,0.0,0.08,1871.34625,0.0,0.0,1873.79,0.9500856114059091,1.0,1204.830974899996,1000.0,1205.026474899996,1000.0,0.12425618457595361,0.0
4879,1690095660000.0,0.0,0.0,0.08,1871.34625,0.0,0.0,1872.96,0.9500856114059091,1.0,1204.830974899996,1000.0,1204.960074899996,1000.0,0.12425618457595361,0.0
4880,1690099260000.0,0.0,0.0,0.08,1871.34625,0.0,0.0,1874.59,0.9500856114059091,1.0,1204.830974899996,1000.0,1205.0904748999958,1000.0,0.12425618457595361,0.0
4881,1690102860000.0,0.0,0.0,0.08,1871.34625,0.0,0.0,1876.9,0.9500856114059091,1.0,1204.830974899996,1000.0,1205.275274899996,1000.0,0.12425618457595361,0.0
4882,1690106460000.0,0.0,0.0,0.08,1871.34625,0.0,0.0,1874.39,0.9500856114059091,1.0,1204.830974899996,1000.0,1205.074474899996,1000.0,0.12425618457595361,0.0
4883,1690110060000.0,0.0,0.0,0.08,1871.34625,0.0,0.0,1873.57,0.9500856114059091,1.0,1204.830974899996,1000.0,1205.0088748999958,1000.0,0.12425618457595361,0.0
4884,1690113660000.0,0.0,0.0,0.08,1871.34625,0.0,0.0,1873.81,0.9500856114059091,1.0,1204.830974899996,1000.0,1205.028074899996,1000.0,0.12425618457595361,0.0
4885,1690117260000.0,0.0,0.0,0.08,1871.34625,0.0,0.0,1873.99,0.9500856114059091,1.0,1204.830974899996,1000.0,1205.0424748999958,1000.0,0.12425618457595361,0.0
4886,1690120860000.0,0.0,0.0,0.08,1871.34625,0.0,0.0,1872.57,0.9500856114059091,1.0,1204.830974899996,1000.0,1204.928874899996,1000.0,0.12425618457595361,0.0
4887,1690124460000.0,0.0,0.0,0.08,1871.34625,0.0,0.0,1872.86,0.9500856114059091,1.0,1204.830974899996,1000.0,1204.952074899996,1000.0,0.12425618457595361,0.0
4888,1690128060000.0,0.0,0.0,0.08,1871.34625,0.0,0.0,1874.09,0.9500856114059091,1.0,1204.830974899996,1000.0,1205.0504748999958,1000.0,0.12425618457595361,0.0
4889,1690131660000.0,0.0,0.0,0.08,1871.34625,0.0,0.0,1883.81,0.9500856114059091,1.0,1204.830974899996,1000.0,1205.828074899996,1000.0,0.12425618457595361,0.0
4890,1690135260000.0,0.0,0.0,0.06,1871.34625,0.0,0.0,1892.35,0.9500856114059091,1.0,1205.096309939996,1000.0,1206.356534939996,1000.0,0.09317161962398729,0.0
4891,1690138860000.0,0.0,0.0,0.06,1871.34625,0.0,0.0,1900.34,0.9500856114059091,1.0,1205.096309939996,1000.0,1206.835934939996,1000.0,0.09317161962398729,0.0
4892,1690142460000.0,0.0,0.0,0.04,1871.34625,0.0,0.0,1889.31,0.9500856114059091,1.0,1205.361644979996,1000.0,1206.0801949799961,1000.0,0.062100739899718864,0.0
4893,1690146060000.0,0.0,0.0,0.04,1871.34625,0.0,0.0,1891.76,0.9500856114059091,1.0,1205.361644979996,1000.0,1206.178194979996,1000.0,0.062100739899718864,0.0
4894,1690149660000.0,0.0,0.0,0.03,1871.34625,0.0,0.0,1879.6,0.9500856114059091,1.0,1205.494312499996,1000.0,1205.7419249999962,1000.0,0.046570429174049036,0.0
4895,1690153260000.0,0.0,0.0,0.03,1871.34625,0.0,0.0,1882.97,0.9500856114059091,1.0,1205.494312499996,1000.0,1205.843024999996,1000.0,0.046570429174049036,0.0
4896,1690156860000.0,0.0,0.0,0.0,1871.34625,0.0,0.0,1887.57,0.9500856114059091,1.0,1205.8923150599962,1000.0,1205.8923150599962,1000.0,0.0,0.0
4897,1690160460000.0,0.0,0.0,0.0,1871.34625,0.0,0.0,1885.1,0.9500856114059091,1.0,1205.8923150599962,1000.0,1205.8923150599962,1000.0,0.0,0.0
4898,1690164060000.0,0.0,0.0,0.0,1871.34625,0.0,0.0,1878.77,0.9500856114059091,1.0,1205.8923150599962,1000.0,1205.8923150599962,1000.0,0.0,0.0
4899,1690167660000.0,0.0,0.0,0.0,1871.34625,0.0,0.0,1873.61,0.9500856114059091,1.0,1205.8923150599962,1000.0,1205.8923150599962,1000.0,0.0,0.0
4900,1690171260000.0,0.0,0.0,0.03,1870.36,0.0,0.0,1864.87,0.9500856114059091,1.0,1205.8810928999962,1000.0,1205.7163928999962,1000.0,0.04653095593783663,0.0
4901,1690174860000.0,0.0,0.0,0.03,1870.36,0.0,0.0,1870.01,0.9500856114059091,1.0,1205.8810928999962,1000.0,1205.8705928999962,1000.0,0.04653095593783663,0.0
4902,1690178460000.0,0.0,0.0,0.03,1870.36,0.0,0.0,1869.38,0.9500856114059091,1.0,1205.8810928999962,1000.0,1205.8516928999964,1000.0,0.04653095593783663,0.0
4903,1690182060000.0,0.0,0.0,0.03,1870.36,0.0,0.0,1869.27,0.9500856114059091,1.0,1205.8810928999962,1000.0,1205.8483928999963,1000.0,0.04653095593783663,0.0
4904,1690185660000.0,0.0,0.0,0.03,1870.36,0.0,0.0,1873.38,0.9500856114059091,1.0,1205.8810928999962,1000.0,1205.9716928999962,1000.0,0.04653095593783663,0.0
4905,1690189260000.0,0.0,0.0,0.03,1870.36,0.0,0.0,1868.84,0.9500856114059091,1.0,1205.8810928999962,1000.0,1205.8354928999963,1000.0,0.04653095593783663,0.0
4906,1690192860000.0,0.0,0.0,0.03,1870.36,0.0,0.0,1841.56,0.9500856114059091,1.0,1205.8810928999962,1000.0,1205.0170928999962,1000.0,0.04653095593783663,0.0
4907,1690196460000.0,0.0,0.0,0.03,1870.36,0.0,0.0,1852.01,0.9500856114059091,1.0,1205.8810928999962,1000.0,1205.3305928999962,1000.0,0.04653095593783663,0.0
4908,1690200060000.0,0.0,0.0,0.03,1870.36,0.0,0.0,1850.17,0.9500856114059091,1.0,1205.8810928999962,1000.0,1205.2753928999962,1000.0,0.04653095593783663,0.0
4909,1690203660000.0,0.0,0.0,0.03,1870.36,0.0,0.0,1851.44,0.9500856114059091,1.0,1205.8810928999962,1000.0,1205.3134928999962,1000.0,0.04653095593783663,0.0
4910,1690207260000.0,0.0,0.0,0.03,1870.36,0.0,0.0,1848.66,0.9500856114059091,1.0,1205.8810928999962,1000.0,1205.2300928999962,1000.0,0.04653095593783663,0.0
4911,1690210860000.0,0.0,0.0,0.03,1870.36,0.0,0.0,1839.52,0.9500856114059091,1.0,1205.8810928999962,1000.0,1204.9558928999963,1000.0,0.04653095593783663,0.0
4912,1690214460000.0,0.0,0.0,0.03,1870.36,0.0,0.0,1843.06,0.9500856114059091,1.0,1205.8810928999962,1000.0,1205.0620928999963,1000.0,0.04653095593783663,0.0
4913,1690218060000.0,0.0,0.0,0.03,1870.36,0.0,0.0,1843.0,0.9500856114059091,1.0,1205.8810928999962,1000.0,1205.0602928999963,1000.0,0.04653095593783663,0.0
4914,1690221660000.0,0.0,0.0,0.03,1870.36,0.0,0.0,1842.73,0.9500856114059091,1.0,1205.8810928999962,1000.0,1205.0521928999963,1000.0,0.04653095593783663,0.0
4915,1690225260000.0,0.0,0.0,0.03,1870.36,0.0,0.0,1849.5,0.9500856114059091,1.0,1205.8810928999962,1000.0,1205.2552928999962,1000.0,0.04653095593783663,0.0
4916,1690228860000.0,0.0,0.0,0.03,1870.36,0.0,0.0,1849.0,0.9500856114059091,1.0,1205.8810928999962,1000.0,1205.2402928999963,1000.0,0.04653095593783663,0.0
4917,1690232460000.0,0.0,0.0,0.03,1870.36,0.0,0.0,1848.82,0.9500856114059091,1.0,1205.8810928999962,1000.0,1205.2348928999963,1000.0,0.04653095593783663,0.0
4918,1690236060000.0,0.0,0.0,0.03,1870.36,0.0,0.0,1848.99,0.9500856114059091,1.0,1205.8810928999962,1000.0,1205.2399928999962,1000.0,0.04653095593783663,0.0
4919,1690239660000.0,0.0,0.0,0.03,1870.36,0.0,0.0,1846.74,0.9500856114059091,1.0,1205.8810928999962,1000.0,1205.1724928999963,1000.0,0.04653095593783663,0.0
4920,1690243260000.0,0.0,0.0,0.03,1870.36,0.0,0.0,1848.99,0.9500856114059091,1.0,1205.8810928999962,1000.0,1205.2399928999962,1000.0,0.04653095593783663,0.0
4921,1690246860000.0,0.0,0.0,0.03,1870.36,0.0,0.0,1848.45,0.9500856114059091,1.0,1205.8810928999962,1000.0,1205.2237928999962,1000.0,0.04653095593783663,0.0
4922,1690250460000.0,0.0,0.0,0.03,1870.36,0.0,0.0,1848.06,0.9500856114059091,1.0,1205.8810928999962,1000.0,1205.2120928999962,1000.0,0.04653095593783663,0.0
4923,1690254060000.0,0.0,0.0,0.03,1870.36,0.0,0.0,1852.16,0.9500856114059091,1.0,1205.8810928999962,1000.0,1205.3350928999962,1000.0,0.04653095593783663,0.0
4924,1690257660000.0,0.0,0.0,0.03,1870.36,0.0,0.0,1850.56,0.9500856114059091,1.0,1205.8810928999962,1000.0,1205.2870928999962,1000.0,0.04653095593783663,0.0
4925,1690261260000.0,0.0,0.0,0.03,1870.36,0.0,0.0,1848.2,0.9500856114059091,1.0,1205.8810928999962,1000.0,1205.2162928999962,1000.0,0.04653095593783663,0.0
4926,1690264860000.0,0.0,0.0,0.03,1870.36,0.0,0.0,1850.77,0.9500856114059091,1.0,1205.8810928999962,1000.0,1205.2933928999962,1000.0,0.04653095593783663,0.0
4927,1690268460000.0,0.0,0.0,0.03,1870.36,0.0,0.0,1851.89,0.9500856114059091,1.0,1205.8810928999962,1000.0,1205.3269928999962,1000.0,0.04653095593783663,0.0
4928,1690272060000.0,0.0,0.0,0.03,1870.36,0.0,0.0,1849.94,0.9500856114059091,1.0,1205.8810928999962,1000.0,1205.2684928999963,1000.0,0.04653095593783663,0.0
4929,1690275660000.0,0.0,0.0,0.03,1870.36,0.0,0.0,1853.5,0.9500856114059091,1.0,1205.8810928999962,1000.0,1205.3752928999963,1000.0,0.04653095593783663,0.0
4930,1690279260000.0,0.0,0.0,0.03,1870.36,0.0,0.0,1855.08,0.9500856114059091,1.0,1205.8810928999962,1000.0,1205.4226928999963,1000.0,0.04653095593783663,0.0
4931,1690282860000.0,0.0,0.0,0.03,1870.36,0.0,0.0,1852.97,0.9500856114059091,1.0,1205.8810928999962,1000.0,1205.3593928999962,1000.0,0.04653095593783663,0.0
4932,1690286460000.0,0.0,0.0,0.03,1870.36,0.0,0.0,1854.0,0.9500856114059091,1.0,1205.8810928999962,1000.0,1205.3902928999962,1000.0,0.04653095593783663,0.0
4933,1690290060000.0,0.0,0.0,0.03,1870.36,0.0,0.0,1853.25,0.9500856114059091,1.0,1205.8810928999962,1000.0,1205.3677928999962,1000.0,0.04653095593783663,0.0
4934,1690293660000.0,0.0,0.0,0.03,1870.36,0.0,0.0,1864.24,0.9500856114059091,1.0,1205.8810928999962,1000.0,1205.6974928999962,1000.0,0.04653095593783663,0.0
4935,1690297260000.0,0.0,0.0,0.03,1870.36,0.0,0.0,1854.52,0.9500856114059091,1.0,1205.8810928999962,1000.0,1205.4058928999962,1000.0,0.04653095593783663,0.0
4936,1690300860000.0,0.0,0.0,0.03,1870.36,0.0,0.0,1856.43,0.9500856114059091,1.0,1205.8810928999962,1000.0,1205.4631928999963,1000.0,0.04653095593783663,0.0
4937,1690304460000.0,0.0,0.0,0.03,1870.36,0.0,0.0,1856.11,0.9500856114059091,1.0,1205.8810928999962,1000.0,1205.4535928999962,1000.0,0.04653095593783663,0.0
4938,1690308060000.0,0.0,0.0,0.03,1870.36,0.0,0.0,1859.6,0.9500856114059091,1.0,1205.8810928999962,1000.0,1205.5582928999963,1000.0,0.04653095593783663,0.0
4939,1690311660000.0,0.0,0.0,0.03,1870.36,0.0,0.0,1859.32,0.9500856114059091,1.0,1205.8810928999962,1000.0,1205.5498928999962,1000.0,0.04653095593783663,0.0
4940,1690315260000.0,0.0,0.0,0.03,1870.36,0.0,0.0,1858.07,0.9500856114059091,1.0,1205.8810928999962,1000.0,1205.5123928999963,1000.0,0.04653095593783663,0.0
4941,1690318860000.0,0.0,0.0,0.03,1870.36,0.0,0.0,1861.21,0.9500856114059091,1.0,1205.8810928999962,1000.0,1205.6065928999963,1000.0,0.04653095593783663,0.0
4942,1690322460000.0,0.0,0.0,0.03,1870.36,0.0,0.0,1860.73,0.9500856114059091,1.0,1205.8810928999962,1000.0,1205.5921928999962,1000.0,0.04653095593783663,0.0
4943,1690326060000.0,0.0,0.0,0.03,1870.36,0.0,0.0,1859.17,0.9500856114059091,1.0,1205.8810928999962,1000.0,1205.5453928999962,1000.0,0.04653095593783663,0.0
4944,1690329660000.0,0.0,0.0,0.03,1870.36,0.0,0.0,1856.11,0.9500856114059091,1.0,1205.8810928999962,1000.0,1205.4535928999962,1000.0,0.04653095593783663,0.0
4945,1690333260000.0,0.0,0.0,0.03,1870.36,0.0,0.0,1854.6,0.9500856114059091,1.0,1205.8810928999962,1000.0,1205.4082928999962,1000.0,0.04653095593783663,0.0
4946,1690336860000.0,0.0,0.0,0.03,1870.36,0.0,0.0,1853.28,0.9500856114059091,1.0,1205.8810928999962,1000.0,1205.3686928999962,1000.0,0.04653095593783663,0.0
4947,1690340460000.0,0.0,0.0,0.03,1870.36,0.0,0.0,1859.25,0.9500856114059091,1.0,1205.8810928999962,1000.0,1205.5477928999962,1000.0,0.04653095593783663,0.0
4948,1690344060000.0,0.0,0.0,0.03,1870.36,0.0,0.0,1857.21,0.9500856114059091,1.0,1205.8810928999962,1000.0,1205.4865928999961,1000.0,0.04653095593783663,0.0
4949,1690347660000.0,0.0,0.0,0.03,1870.36,0.0,0.0,1854.8,0.9500856114059091,1.0,1205.8810928999962,1000.0,1205.4142928999963,1000.0,0.04653095593783663,0.0
4950,1690351260000.0,0.0,0.0,0.03,1870.36,0.0,0.0,1858.0,0.9500856114059091,1.0,1205.8810928999962,1000.0,1205.5102928999963,1000.0,0.04653095593783663,0.0
4951,1690354860000.0,0.0,0.0,0.03,1870.36,0.0,0.0,1853.77,0.9500856114059091,1.0,1205.8810928999962,1000.0,1205.3833928999964,1000.0,0.04653095593783663,0.0
4952,1690358460000.0,0.0,0.0,0.03,1870.36,0.0,0.0,1852.9,0.9500856114059091,1.0,1205.8810928999962,1000.0,1205.3572928999963,1000.0,0.04653095593783663,0.0
4953,1690362060000.0,0.0,0.0,0.03,1870.36,0.0,0.0,1853.54,0.9500856114059091,1.0,1205.8810928999962,1000.0,1205.3764928999963,1000.0,0.04653095593783663,0.0
4954,1690365660000.0,0.0,0.0,0.03,1870.36,0.0,0.0,1849.99,0.9500856114059091,1.0,1205.8810928999962,1000.0,1205.2699928999962,1000.0,0.04653095593783663,0.0
4955,1690369260000.0,0.0,0.0,0.03,1870.36,0.0,0.0,1851.56,0.9500856114059091,1.0,1205.8810928999962,1000.0,1205.3170928999962,1000.0,0.04653095593783663,0.0
4956,1690372860000.0,0.0,0.0,0.03,1870.36,0.0,0.0,1849.2,0.9500856114059091,1.0,1205.8810928999962,1000.0,1205.2462928999962,1000.0,0.04653095593783663,0.0
4957,1690376460000.0,0.0,0.0,0.03,1870.36,0.0,0.0,1854.7,0.9500856114059091,1.0,1205.8810928999962,1000.0,1205.4112928999962,1000.0,0.04653095593783663,0.0
4958,1690380060000.0,0.0,0.0,0.03,1870.36,0.0,0.0,1858.68,0.9500856114059091,1.0,1205.8810928999962,1000.0,1205.5306928999962,1000.0,0.04653095593783663,0.0
4959,1690383660000.0,0.0,0.0,0.03,1870.36,0.0,0.0,1857.86,0.9500856114059091,1.0,1205.8810928999962,1000.0,1205.5060928999962,1000.0,0.04653095593783663,0.0
4960,1690387260000.0,0.0,0.0,0.03,1870.36,0.0,0.0,1860.08,0.9500856114059091,1.0,1205.8810928999962,1000.0,1205.5726928999964,1000.0,0.04653095593783663,0.0
4961,1690390860000.0,0.0,0.0,0.03,1870.36,0.0,0.0,1858.83,0.9500856114059091,1.0,1205.8810928999962,1000.0,1205.5351928999962,1000.0,0.04653095593783663,0.0
4962,1690394460000.0,0.0,0.0,0.03,1870.36,0.0,0.0,1857.89,0.9500856114059091,1.0,1205.8810928999962,1000.0,1205.5069928999962,1000.0,0.04653095593783663,0.0
4963,1690398060000.0,0.0,0.0,0.03,1870.36,0.0,0.0,1869.99,0.9500856114059091,1.0,1205.8810928999962,1000.0,1205.8699928999963,1000.0,0.04653095593783663,0.0
4964,1690401660000.0,0.0,0.0,0.03,1870.36,0.0,0.0,1870.97,0.9500856114059091,1.0,1205.8810928999962,1000.0,1205.8993928999962,1000.0,0.04653095593783663,0.0
4965,1690405260000.0,0.0,0.0,0.0,1870.36,0.0,0.0,1879.06,0.9500856114059091,1.0,1206.2786889599959,1000.0,1206.2786889599959,1000.0,0.0,0.0
4966,1690408860000.0,0.0,0.0,0.0,1870.36,0.0,0.0,1871.44,0.9500856114059091,1.0,1206.2786889599959,1000.0,1206.2786889599959,1000.0,0.0,0.0
4967,1690412460000.0,0.0,0.0,0.0,1870.36,0.0,0.0,1872.05,0.9500856114059091,1.0,1206.2786889599959,1000.0,1206.2786889599959,1000.0,0.0,0.0
4968,1690416060000.0,0.0,0.0,0.0,1870.36,0.0,0.0,1870.55,0.9500856114059091,1.0,1206.2786889599959,1000.0,1206.2786889599959,1000.0,0.0,0.0
4969,1690419660000.0,0.0,0.0,0.0,1870.36,0.0,0.0,1868.76,0.9500856114059091,1.0,1206.2786889599959,1000.0,1206.2786889599959,1000.0,0.0,0.0
4970,1690423260000.0,0.0,0.0,0.0,1870.36,0.0,0.0,1874.2,0.9500856114059091,1.0,1206.2786889599959,1000.0,1206.2786889599959,1000.0,0.0,0.0
4971,1690426860000.0,0.0,0.0,0.0,1870.36,0.0,0.0,1875.96,0.9500856114059091,1.0,1206.2786889599959,1000.0,1206.2786889599959,1000.0,0.0,0.0
4972,1690430460000.0,0.0,0.0,0.0,1870.36,0.0,0.0,1875.29,0.9500856114059091,1.0,1206.2786889599959,1000.0,1206.2786889599959,1000.0,0.0,0.0
4973,1690434060000.0,0.0,0.0,0.0,1870.36,0.0,0.0,1879.94,0.9500856114059091,1.0,1206.2786889599959,1000.0,1206.2786889599959,1000.0,0.0,0.0
4974,1690437660000.0,0.0,0.0,0.0,1870.36,0.0,0.0,1877.62,0.9500856114059091,1.0,1206.2786889599959,1000.0,1206.2786889599959,1000.0,0.0,0.0
4975,1690441260000.0,0.0,0.0,0.0,1870.36,0.0,0.0,1873.2,0.9500856114059091,1.0,1206.2786889599959,1000.0,1206.2786889599959,1000.0,0.0,0.0
4976,1690444860000.0,0.0,0.0,0.0,1870.36,0.0,0.0,1869.28,0.9500856114059091,1.0,1206.2786889599959,1000.0,1206.2786889599959,1000.0,0.0,0.0
4977,1690448460000.0,0.0,0.0,0.0,1870.36,0.0,0.0,1879.01,0.9500856114059091,1.0,1206.2786889599959,1000.0,1206.2786889599959,1000.0,0.0,0.0
4978,1690452060000.0,0.0,0.0,0.0,1870.36,0.0,0.0,1883.73,0.9500856114059091,1.0,1206.2786889599959,1000.0,1206.2786889599959,1000.0,0.0,0.0
4979,1690455660000.0,0.0,0.0,0.0,1870.36,0.0,0.0,1876.57,0.9500856114059091,1.0,1206.2786889599959,1000.0,1206.2786889599959,1000.0,0.0,0.0
4980,1690459260000.0,0.0,0.0,0.0,1870.36,0.0,0.0,1875.32,0.9500856114059091,1.0,1206.2786889599959,1000.0,1206.2786889599959,1000.0,0.0,0.0
4981,1690462860000.0,0.0,0.0,0.0,1870.36,0.0,0.0,1877.41,0.9500856114059091,1.0,1206.2786889599959,1000.0,1206.2786889599959,1000.0,0.0,0.0
4982,1690466460000.0,0.0,0.0,0.0,1870.36,0.0,0.0,1873.62,0.9500856114059091,1.0,1206.2786889599959,1000.0,1206.2786889599959,1000.0,0.0,0.0
4983,1690470060000.0,0.0,0.0,0.0,1870.36,0.0,0.0,1868.26,0.9500856114059091,1.0,1206.2786889599959,1000.0,1206.2786889599959,1000.0,0.0,0.0
4984,1690473660000.0,0.0,0.0,0.0,1870.36,0.0,0.0,1867.76,0.9500856114059091,1.0,1206.2786889599959,1000.0,1206.2786889599959,1000.0,0.0,0.0
4985,1690477260000.0,0.0,0.0,0.0,1870.36,0.0,0.0,1866.73,0.9500856114059091,1.0,1206.2786889599959,1000.0,1206.2786889599959,1000.0,0.0,0.0
4986,1690480860000.0,0.0,0.0,0.0,1870.36,0.0,0.0,1863.41,0.9500856114059091,1.0,1206.2786889599959,1000.0,1206.2786889599959,1000.0,0.0,0.0
4987,1690484460000.0,0.0,0.0,0.03,1859.9,0.0,0.0,1858.35,0.9500856114059091,1.0,1206.2675295599959,1000.0,1206.221029559996,1000.0,0.046255908107178174,0.0
4988,1690488060000.0,0.0,0.0,0.03,1859.9,0.0,0.0,1860.9,0.9500856114059091,1.0,1206.2675295599959,1000.0,1206.2975295599958,1000.0,0.046255908107178174,0.0
4989,1690491660000.0,0.0,0.0,0.03,1859.9,0.0,0.0,1857.11,0.9500856114059091,1.0,1206.2675295599959,1000.0,1206.183829559996,1000.0,0.046255908107178174,0.0
4990,1690495260000.0,0.0,0.0,0.03,1859.9,0.0,0.0,1860.24,0.9500856114059091,1.0,1206.2675295599959,1000.0,1206.2777295599958,1000.0,0.046255908107178174,0.0
4991,1690498860000.0,0.0,0.0,0.03,1859.9,0.0,0.0,1854.71,0.9500856114059091,1.0,1206.2675295599959,1000.0,1206.1118295599958,1000.0,0.046255908107178174,0.0
4992,1690502460000.0,0.0,0.0,0.03,1859.9,0.0,0.0,1860.2,0.9500856114059091,1.0,1206.2675295599959,1000.0,1206.2765295599959,1000.0,0.046255908107178174,0.0
4993,1690506060000.0,0.0,0.0,0.03,1859.9,0.0,0.0,1860.34,0.9500856114059091,1.0,1206.2675295599959,1000.0,1206.280729559996,1000.0,0.046255908107178174,0.0
4994,1690509660000.0,0.0,0.0,0.03,1859.9,0.0,0.0,1862.18,0.9500856114059091,1.0,1206.2675295599959,1000.0,1206.335929559996,1000.0,0.046255908107178174,0.0
4995,1690513260000.0,0.0,0.0,0.03,1859.9,0.0,0.0,1861.33,0.9500856114059091,1.0,1206.2675295599959,1000.0,1206.3104295599958,1000.0,0.046255908107178174,0.0
4996,1690516860000.0,0.0,0.0,0.03,1859.9,0.0,0.0,1861.43,0.9500856114059091,1.0,1206.2675295599959,1000.0,1206.313429559996,1000.0,0.046255908107178174,0.0
4997,1690520460000.0,0.0,0.0,0.03,1859.9,0.0,0.0,1862.2,0.9500856114059091,1.0,1206.2675295599959,1000.0,1206.3365295599958,1000.0,0.046255908107178174,0.0
4998,1690524060000.0,0.0,0.0,0.03,1859.9,0.0,0.0,1857.46,0.9500856114059091,1.0,1206.2675295599959,1000.0,1206.1943295599958,1000.0,0.046255908107178174,0.0
4999,1690527660000.0,0.0,0.0,0.03,1859.9,0.0,0.0,1859.0,0.9500856114059091,1.0,1206.2675295599959,1000.0,1206.2405295599958,1000.0,0.046255908107178174,0.0
5000,1690531260000.0,0.0,0.0,0.03,1859.9,0.0,0.0,1858.53,0.9500856114059091,1.0,1206.2675295599959,1000.0,1206.226429559996,1000.0,0.046255908107178174,0.0
5001,1690534860000.0,0.0,0.0,0.03,1859.9,0.0,0.0,1862.31,0.9500856114059091,1.0,1206.2675295599959,1000.0,1206.339829559996,1000.0,0.046255908107178174,0.0
5002,1690538460000.0,0.0,0.0,0.03,1859.9,0.0,0.0,1866.5,0.9500856114059091,1.0,1206.2675295599959,1000.0,1206.465529559996,1000.0,0.046255908107178174,0.0
5003,1690542060000.0,0.0,0.0,0.03,1859.9,0.0,0.0,1865.82,0.9500856114059091,1.0,1206.2675295599959,1000.0,1206.4451295599958,1000.0,0.046255908107178174,0.0
5004,1690545660000.0,0.0,0.0,0.03,1859.9,0.0,0.0,1866.5,0.9500856114059091,1.0,1206.2675295599959,1000.0,1206.465529559996,1000.0,0.046255908107178174,0.0
5005,1690549260000.0,0.0,0.0,0.03,1859.9,0.0,0.0,1872.16,0.9500856114059091,1.0,1206.2675295599959,1000.0,1206.6353295599959,1000.0,0.046255908107178174,0.0
5006,1690552860000.0,0.0,0.0,0.03,1859.9,0.0,0.0,1871.72,0.9500856114059091,1.0,1206.2675295599959,1000.0,1206.6221295599958,1000.0,0.046255908107178174,0.0
5007,1690556460000.0,0.0,0.0,0.02,1859.9,0.0,0.0,1876.96,0.9500856114059091,1.0,1206.399382639996,1000.0,1206.740582639996,1000.0,0.030833901720505378,0.0
5008,1690560060000.0,0.0,0.0,0.02,1859.9,0.0,0.0,1874.01,0.9500856114059091,1.0,1206.399382639996,1000.0,1206.6815826399961,1000.0,0.030833901720505378,0.0
5009,1690563660000.0,0.0,0.0,0.0,1859.9,0.0,0.0,1875.66,0.9500856114059091,1.0,1206.6630887999963,1000.0,1206.6630887999963,1000.0,0.0,0.0
5010,1690567260000.0,0.0,0.0,0.0,1859.9,0.0,0.0,1870.51,0.9500856114059091,1.0,1206.6630887999963,1000.0,1206.6630887999963,1000.0,0.0,0.0
5011,1690570860000.0,0.0,0.0,0.0,1859.9,0.0,0.0,1874.21,0.9500856114059091,1.0,1206.6630887999963,1000.0,1206.6630887999963,1000.0,0.0,0.0
5012,1690574460000.0,0.0,0.0,0.0,1859.9,0.0,0.0,1872.77,0.9500856114059091,1.0,1206.6630887999963,1000.0,1206.6630887999963,1000.0,0.0,0.0
5013,1690578060000.0,0.0,0.0,0.0,1859.9,0.0,0.0,1875.24,0.9500856114059091,1.0,1206.6630887999963,1000.0,1206.6630887999963,1000.0,0.0,0.0
5014,1690581660000.0,0.0,0.0,0.0,1859.9,0.0,0.0,1875.8,0.9500856114059091,1.0,1206.6630887999963,1000.0,1206.6630887999963,1000.0,0.0,0.0
5015,1690585260000.0,0.0,0.0,0.0,1859.9,0.0,0.0,1875.08,0.9500856114059091,1.0,1206.6630887999963,1000.0,1206.6630887999963,1000.0,0.0,0.0
5016,1690588860000.0,0.0,0.0,0.0,1859.9,0.0,0.0,1873.21,0.9500856114059091,1.0,1206.6630887999963,1000.0,1206.6630887999963,1000.0,0.0,0.0
5017,1690592460000.0,0.0,0.0,0.0,1859.9,0.0,0.0,1873.89,0.9500856114059091,1.0,1206.6630887999963,1000.0,1206.6630887999963,1000.0,0.0,0.0
5018,1690596060000.0,0.0,0.0,0.0,1859.9,0.0,0.0,1875.0,0.9500856114059091,1.0,1206.6630887999963,1000.0,1206.6630887999963,1000.0,0.0,0.0
5019,1690599660000.0,0.0,0.0,0.0,1859.9,0.0,0.0,1874.71,0.9500856114059091,1.0,1206.6630887999963,1000.0,1206.6630887999963,1000.0,0.0,0.0
5020,1690603260000.0,0.0,0.0,0.0,1859.9,0.0,0.0,1872.75,0.9500856114059091,1.0,1206.6630887999963,1000.0,1206.6630887999963,1000.0,0.0,0.0
5021,1690606860000.0,0.0,0.0,0.0,1859.9,0.0,0.0,1875.95,0.9500856114059091,1.0,1206.6630887999963,1000.0,1206.6630887999963,1000.0,0.0,0.0
5022,1690610460000.0,0.0,0.0,0.0,1859.9,0.0,0.0,1873.1,0.9500856114059091,1.0,1206.6630887999963,1000.0,1206.6630887999963,1000.0,0.0,0.0
5023,1690614060000.0,0.0,0.0,0.0,1859.9,0.0,0.0,1872.97,0.9500856114059091,1.0,1206.6630887999963,1000.0,1206.6630887999963,1000.0,0.0,0.0
5024,1690617660000.0,0.0,0.0,0.0,1859.9,0.0,0.0,1871.31,0.9500856114059091,1.0,1206.6630887999963,1000.0,1206.6630887999963,1000.0,0.0,0.0
5025,1690621260000.0,0.0,0.0,0.0,1859.9,0.0,0.0,1870.25,0.9500856114059091,1.0,1206.6630887999963,1000.0,1206.6630887999963,1000.0,0.0,0.0
5026,1690624860000.0,0.0,0.0,0.0,1859.9,0.0,0.0,1869.85,0.9500856114059091,1.0,1206.6630887999963,1000.0,1206.6630887999963,1000.0,0.0,0.0
5027,1690628460000.0,0.0,0.0,0.0,1859.9,0.0,0.0,1869.78,0.9500856114059091,1.0,1206.6630887999963,1000.0,1206.6630887999963,1000.0,0.0,0.0
5028,1690632060000.0,0.0,0.0,0.0,1859.9,0.0,0.0,1869.57,0.9500856114059091,1.0,1206.6630887999963,1000.0,1206.6630887999963,1000.0,0.0,0.0
5029,1690635660000.0,0.0,0.0,0.0,1859.9,0.0,0.0,1873.05,0.9500856114059091,1.0,1206.6630887999963,1000.0,1206.6630887999963,1000.0,0.0,0.0
5030,1690639260000.0,0.0,0.0,0.0,1859.9,0.0,0.0,1872.4,0.9500856114059091,1.0,1206.6630887999963,1000.0,1206.6630887999963,1000.0,0.0,0.0
5031,1690642860000.0,0.0,0.0,0.0,1859.9,0.0,0.0,1872.19,0.9500856114059091,1.0,1206.6630887999963,1000.0,1206.6630887999963,1000.0,0.0,0.0
5032,1690646460000.0,0.0,0.0,0.0,1859.9,0.0,0.0,1871.78,0.9500856114059091,1.0,1206.6630887999963,1000.0,1206.6630887999963,1000.0,0.0,0.0
5033,1690650060000.0,0.0,0.0,0.0,1859.9,0.0,0.0,1872.79,0.9500856114059091,1.0,1206.6630887999963,1000.0,1206.6630887999963,1000.0,0.0,0.0
5034,1690653660000.0,0.0,0.0,0.0,1859.9,0.0,0.0,1876.51,0.9500856114059091,1.0,1206.6630887999963,1000.0,1206.6630887999963,1000.0,0.0,0.0
5035,1690657260000.0,0.0,0.0,0.0,1859.9,0.0,0.0,1874.52,0.9500856114059091,1.0,1206.6630887999963,1000.0,1206.6630887999963,1000.0,0.0,0.0
5036,1690660860000.0,0.0,0.0,0.0,1859.9,0.0,0.0,1877.96,0.9500856114059091,1.0,1206.6630887999963,1000.0,1206.6630887999963,1000.0,0.0,0.0
5037,1690664460000.0,0.0,0.0,0.0,1859.9,0.0,0.0,1884.67,0.9500856114059091,1.0,1206.6630887999963,1000.0,1206.6630887999963,1000.0,0.0,0.0
5038,1690668060000.0,0.0,0.0,0.0,1859.9,0.0,0.0,1881.85,0.9500856114059091,1.0,1206.6630887999963,1000.0,1206.6630887999963,1000.0,0.0,0.0
5039,1690671660000.0,0.0,0.0,0.0,1859.9,0.0,0.0,1878.89,0.9500856114059091,1.0,1206.6630887999963,1000.0,1206.6630887999963,1000.0,0.0,0.0
5040,1690675260000.0,0.0,0.0,0.0,1859.9,0.0,0.0,1879.95,0.9500856114059091,1.0,1206.6630887999963,1000.0,1206.6630887999963,1000.0,0.0,0.0
5041,1690678860000.0,0.0,0.0,0.0,1859.9,0.0,0.0,1880.74,0.9500856114059091,1.0,1206.6630887999963,1000.0,1206.6630887999963,1000.0,0.0,0.0
5042,1690682460000.0,0.0,0.0,0.0,1859.9,0.0,0.0,1876.85,0.9500856114059091,1.0,1206.6630887999963,1000.0,1206.6630887999963,1000.0,0.0,0.0
5043,1690686060000.0,0.0,0.0,0.0,1859.9,0.0,0.0,1877.05,0.9500856114059091,1.0,1206.6630887999963,1000.0,1206.6630887999963,1000.0,0.0,0.0
5044,1690689660000.0,0.0,0.0,0.0,1859.9,0.0,0.0,1877.5,0.9500856114059091,1.0,1206.6630887999963,1000.0,1206.6630887999963,1000.0,0.0,0.0
5045,1690693260000.0,0.0,0.0,0.0,1859.9,0.0,0.0,1877.91,0.9500856114059091,1.0,1206.6630887999963,1000.0,1206.6630887999963,1000.0,0.0,0.0
5046,1690696860000.0,0.0,0.0,0.0,1859.9,0.0,0.0,1875.54,0.9500856114059091,1.0,1206.6630887999963,1000.0,1206.6630887999963,1000.0,0.0,0.0
5047,1690700460000.0,0.0,0.0,0.0,1859.9,0.0,0.0,1874.2,0.9500856114059091,1.0,1206.6630887999963,1000.0,1206.6630887999963,1000.0,0.0,0.0
5048,1690704060000.0,0.0,0.0,0.0,1859.9,0.0,0.0,1873.99,0.9500856114059091,1.0,1206.6630887999963,1000.0,1206.6630887999963,1000.0,0.0,0.0
5049,1690707660000.0,0.0,0.0,0.0,1859.9,0.0,0.0,1874.08,0.9500856114059091,1.0,1206.6630887999963,1000.0,1206.6630887999963,1000.0,0.0,0.0
5050,1690711260000.0,0.0,0.0,0.0,1859.9,0.0,0.0,1873.11,0.9500856114059091,1.0,1206.6630887999963,1000.0,1206.6630887999963,1000.0,0.0,0.0
5051,1690714860000.0,0.0,0.0,0.0,1859.9,0.0,0.0,1873.81,0.9500856114059091,1.0,1206.6630887999963,1000.0,1206.6630887999963,1000.0,0.0,0.0
5052,1690718460000.0,0.0,0.0,0.0,1859.9,0.0,0.0,1875.12,0.9500856114059091,1.0,1206.6630887999963,1000.0,1206.6630887999963,1000.0,0.0,0.0
5053,1690722060000.0,0.0,0.0,0.0,1859.9,0.0,0.0,1876.06,0.9500856114059091,1.0,1206.6630887999963,1000.0,1206.6630887999963,1000.0,0.0,0.0
5054,1690725660000.0,0.0,0.0,0.0,1859.9,0.0,0.0,1872.22,0.9500856114059091,1.0,1206.6630887999963,1000.0,1206.6630887999963,1000.0,0.0,0.0
5055,1690729260000.0,0.0,0.0,0.0,1859.9,0.0,0.0,1880.0,0.9500856114059091,1.0,1206.6630887999963,1000.0,1206.6630887999963,1000.0,0.0,0.0
5056,1690732860000.0,0.0,0.0,0.0,1859.9,0.0,0.0,1876.12,0.9500856114059091,1.0,1206.6630887999963,1000.0,1206.6630887999963,1000.0,0.0,0.0
5057,1690736460000.0,0.0,0.0,0.0,1859.9,0.0,0.0,1875.79,0.9500856114059091,1.0,1206.6630887999963,1000.0,1206.6630887999963,1000.0,0.0,0.0
5058,1690740060000.0,0.0,0.0,0.0,1859.9,0.0,0.0,1877.58,0.9500856114059091,1.0,1206.6630887999963,1000.0,1206.6630887999963,1000.0,0.0,0.0
5059,1690743660000.0,0.0,0.0,0.0,1859.9,0.0,0.0,1876.34,0.9500856114059091,1.0,1206.6630887999963,1000.0,1206.6630887999963,1000.0,0.0,0.0
5060,1690747260000.0,0.0,0.0,0.03,1864.96,0.0,0.0,1856.9,0.9500856114059091,1.0,1206.6518990399964,1000.0,1206.4100990399963,1000.0,0.046366976295742345,0.0
5061,1690750860000.0,0.0,0.0,0.03,1864.96,0.0,0.0,1864.39,0.9500856114059091,1.0,1206.6518990399964,1000.0,1206.6347990399963,1000.0,0.046366976295742345,0.0
5062,1690754460000.0,0.0,0.0,0.03,1864.96,0.0,0.0,1860.48,0.9500856114059091,1.0,1206.6518990399964,1000.0,1206.5174990399964,1000.0,0.046366976295742345,0.0
5063,1690758060000.0,0.0,0.0,0.03,1864.96,0.0,0.0,1854.99,0.9500856114059091,1.0,1206.6518990399964,1000.0,1206.3527990399964,1000.0,0.046366976295742345,0.0
5064,1690761660000.0,0.0,0.0,0.03,1864.96,0.0,0.0,1860.07,0.9500856114059091,1.0,1206.6518990399964,1000.0,1206.5051990399963,1000.0,0.046366976295742345,0.0
5065,1690765260000.0,0.0,0.0,0.03,1864.96,0.0,0.0,1871.39,0.9500856114059091,1.0,1206.6518990399964,1000.0,1206.8447990399964,1000.0,0.046366976295742345,0.0
5066,1690768860000.0,0.0,0.0,0.03,1864.96,0.0,0.0,1872.37,0.9500856114059091,1.0,1206.6518990399964,1000.0,1206.8741990399963,1000.0,0.046366976295742345,0.0
5067,1690772460000.0,0.0,0.0,0.03,1864.96,0.0,0.0,1869.1,0.9500856114059091,1.0,1206.6518990399964,1000.0,1206.7760990399963,1000.0,0.046366976295742345,0.0
5068,1690776060000.0,0.0,0.0,0.03,1864.96,0.0,0.0,1868.49,0.9500856114059091,1.0,1206.6518990399964,1000.0,1206.7577990399964,1000.0,0.046366976295742345,0.0
5069,1690779660000.0,0.0,0.0,0.03,1864.96,0.0,0.0,1862.33,0.9500856114059091,1.0,1206.6518990399964,1000.0,1206.5729990399964,1000.0,0.046366976295742345,0.0
5070,1690783260000.0,0.0,0.0,0.03,1864.96,0.0,0.0,1862.72,0.9500856114059091,1.0,1206.6518990399964,1000.0,1206.5846990399964,1000.0,0.046366976295742345,0.0
5071,1690786860000.0,0.0,0.0,0.03,1864.96,0.0,0.0,1865.55,0.9500856114059091,1.0,1206.6518990399964,1000.0,1206.6695990399965,1000.0,0.046366976295742345,0.0
5072,1690790460000.0,0.0,0.0,0.03,1864.96,0.0,0.0,1864.09,0.9500856114059091,1.0,1206.6518990399964,1000.0,1206.6257990399963,1000.0,0.046366976295742345,0.0
5073,1690794060000.0,0.0,0.0,0.03,1864.96,0.0,0.0,1867.72,0.9500856114059091,1.0,1206.6518990399964,1000.0,1206.7346990399963,1000.0,0.046366976295742345,0.0
5074,1690797660000.0,0.0,0.0,0.03,1864.96,0.0,0.0,1867.0,0.9500856114059091,1.0,1206.6518990399964,1000.0,1206.7130990399965,1000.0,0.046366976295742345,0.0
5075,1690801260000.0,0.0,0.0,0.03,1864.96,0.0,0.0,1867.64,0.9500856114059091,1.0,1206.6518990399964,1000.0,1206.7322990399964,1000.0,0.046366976295742345,0.0
5076,1690804860000.0,0.0,0.0,0.03,1864.96,0.0,0.0,1867.01,0.9500856114059091,1.0,1206.6518990399964,1000.0,1206.7133990399964,1000.0,0.046366976295742345,0.0
5077,1690808460000.0,0.0,0.0,0.03,1864.96,0.0,0.0,1870.97,0.9500856114059091,1.0,1206.6518990399964,1000.0,1206.8321990399963,1000.0,0.046366976295742345,0.0
5078,1690812060000.0,0.0,0.0,0.03,1864.96,0.0,0.0,1860.96,0.9500856114059091,1.0,1206.6518990399964,1000.0,1206.5318990399965,1000.0,0.046366976295742345,0.0
5079,1690815660000.0,0.0,0.0,0.03,1864.96,0.0,0.0,1858.02,0.9500856114059091,1.0,1206.6518990399964,1000.0,1206.4436990399963,1000.0,0.046366976295742345,0.0
5080,1690819260000.0,0.0,0.0,0.03,1864.96,0.0,0.0,1855.0,0.9500856114059091,1.0,1206.6518990399964,1000.0,1206.3530990399963,1000.0,0.046366976295742345,0.0
5081,1690822860000.0,0.0,0.0,0.03,1864.96,0.0,0.0,1858.41,0.9500856114059091,1.0,1206.6518990399964,1000.0,1206.4553990399963,1000.0,0.046366976295742345,0.0
5082,1690826460000.0,0.0,0.0,0.03,1864.96,0.0,0.0,1861.51,0.9500856114059091,1.0,1206.6518990399964,1000.0,1206.5483990399964,1000.0,0.046366976295742345,0.0
5083,1690830060000.0,0.0,0.0,0.03,1864.96,0.0,0.0,1859.21,0.9500856114059091,1.0,1206.6518990399964,1000.0,1206.4793990399965,1000.0,0.046366976295742345,0.0
5084,1690833660000.0,0.0,0.0,0.03,1864.96,0.0,0.0,1855.86,0.9500856114059091,1.0,1206.6518990399964,1000.0,1206.3788990399964,1000.0,0.046366976295742345,0.0
5085,1690837260000.0,0.0,0.0,0.03,1864.96,0.0,0.0,1851.44,0.9500856114059091,1.0,1206.6518990399964,1000.0,1206.2462990399963,1000.0,0.046366976295742345,0.0
5086,1690840860000.0,0.0,0.0,0.03,1864.96,0.0,0.0,1855.14,0.9500856114059091,1.0,1206.6518990399964,1000.0,1206.3572990399964,1000.0,0.046366976295742345,0.0
5087,1690844460000.0,0.0,0.0,0.03,1864.96,0.0,0.0,1854.95,0.9500856114059091,1.0,1206.6518990399964,1000.0,1206.3515990399962,1000.0,0.046366976295742345,0.0
5088,1690848060000.0,0.0,0.0,0.03,1864.96,0.0,0.0,1855.09,0.9500856114059091,1.0,1206.6518990399964,1000.0,1206.3557990399963,1000.0,0.046366976295742345,0.0
5089,1690851660000.0,0.0,0.0,0.03,1864.96,0.0,0.0,1861.77,0.9500856114059091,1.0,1206.6518990399964,1000.0,1206.5561990399963,1000.0,0.046366976295742345,0.0
5090,1690855260000.0,0.0,0.0,0.03,1864.96,0.0,0.0,1851.53,0.9500856114059091,1.0,1206.6518990399964,1000.0,1206.2489990399963,1000.0,0.046366976295742345,0.0
5091,1690858860000.0,0.0,0.0,0.08,1839.6725000000001,0.0,0.0,1825.54,0.9500856114059091,1.0,1206.6336540399964,1000.0,1205.5030540399964,1000.0,0.12197057450473002,0.0
5092,1690862460000.0,0.0,0.0,0.08,1839.6725000000001,0.0,0.0,1824.3,0.9500856114059091,1.0,1206.6336540399964,1000.0,1205.4038540399963,1000.0,0.12197057450473002,0.0
5093,1690866060000.0,0.0,0.0,0.08,1839.6725000000001,0.0,0.0,1824.39,0.9500856114059091,1.0,1206.6336540399964,1000.0,1205.4110540399963,1000.0,0.12197057450473002,0.0
5094,1690869660000.0,0.0,0.0,0.08,1839.6725000000001,0.0,0.0,1827.24,0.9500856114059091,1.0,1206.6336540399964,1000.0,1205.6390540399964,1000.0,0.12197057450473002,0.0
5095,1690873260000.0,0.0,0.0,0.08,1839.6725000000001,0.0,0.0,1831.13,0.9500856114059091,1.0,1206.6336540399964,1000.0,1205.9502540399965,1000.0,0.12197057450473002,0.0
5096,1690876860000.0,0.0,0.0,0.08,1839.6725000000001,0.0,0.0,1833.59,0.9500856114059091,1.0,1206.6336540399964,1000.0,1206.1470540399964,1000.0,0.12197057450473002,0.0
5097,1690880460000.0,0.0,0.0,0.08,1839.6725000000001,0.0,0.0,1835.58,0.9500856114059091,1.0,1206.6336540399964,1000.0,1206.3062540399962,1000.0,0.12197057450473002,0.0
5098,1690884060000.0,0.0,0.0,0.08,1839.6725000000001,0.0,0.0,1831.73,0.9500856114059091,1.0,1206.6336540399964,1000.0,1205.9982540399963,1000.0,0.12197057450473002,0.0
5099,1690887660000.0,0.0,0.0,0.08,1839.6725000000001,0.0,0.0,1833.41,0.9500856114059091,1.0,1206.6336540399964,1000.0,1206.1326540399964,1000.0,0.12197057450473002,0.0
5100,1690891260000.0,0.0,0.0,0.08,1839.6725000000001,0.0,0.0,1830.15,0.9500856114059091,1.0,1206.6336540399964,1000.0,1205.8718540399964,1000.0,0.12197057450473002,0.0
5101,1690894860000.0,0.0,0.0,0.08,1839.6725000000001,0.0,0.0,1830.99,0.9500856114059091,1.0,1206.6336540399964,1000.0,1205.9390540399963,1000.0,0.12197057450473002,0.0
5102,1690898460000.0,0.0,0.0,0.08,1839.6725000000001,0.0,0.0,1832.75,0.9500856114059091,1.0,1206.6336540399964,1000.0,1206.0798540399965,1000.0,0.12197057450473002,0.0
5103,1690902060000.0,0.0,0.0,0.08,1839.6725000000001,0.0,0.0,1825.62,0.9500856114059091,1.0,1206.6336540399964,1000.0,1205.5094540399964,1000.0,0.12197057450473002,0.0
5104,1690905660000.0,0.0,0.0,0.08,1839.6725000000001,0.0,0.0,1834.04,0.9500856114059091,1.0,1206.6336540399964,1000.0,1206.1830540399963,1000.0,0.12197057450473002,0.0
5105,1690909260000.0,0.0,0.0,0.08,1839.6725000000001,0.0,0.0,1834.01,0.9500856114059091,1.0,1206.6336540399964,1000.0,1206.1806540399964,1000.0,0.12197057450473002,0.0
5106,1690912860000.0,0.0,0.0,0.08,1839.6725000000001,0.0,0.0,1838.58,0.9500856114059091,1.0,1206.6336540399964,1000.0,1206.5462540399963,1000.0,0.12197057450473002,0.0
5107,1690916460000.0,0.0,0.0,0.06,1839.6725000000001,0.0,0.0,1854.82,0.9500856114059091,1.0,1206.894391719996,1000.0,1207.803241719996,1000.0,0.09145816797001792,0.0
5108,1690920060000.0,0.0,0.0,0.06,1839.6725000000001,0.0,0.0,1852.07,0.9500856114059091,1.0,1206.894391719996,1000.0,1207.6382417199961,1000.0,0.09145816797001792,0.0
5109,1690923660000.0,0.0,0.0,0.06,1839.6725000000001,0.0,0.0,1849.42,0.9500856114059091,1.0,1206.894391719996,1000.0,1207.479241719996,1000.0,0.09145816797001792,0.0
5110,1690927260000.0,0.0,0.0,0.06,1839.6725000000001,0.0,0.0,1847.04,0.9500856114059091,1.0,1206.894391719996,1000.0,1207.336441719996,1000.0,0.09145816797001792,0.0
5111,1690930860000.0,0.0,0.0,0.06,1839.6725000000001,0.0,0.0,1850.95,0.9500856114059091,1.0,1206.894391719996,1000.0,1207.5710417199962,1000.0,0.09145816797001792,0.0
5112,1690934460000.0,0.0,0.0,0.0,1839.6725000000001,0.0,0.0,1872.43,0.9500856114059091,1.0,1208.6709058599959,1000.0,1208.6709058599959,1000.0,0.0,0.0
5113,1690938060000.0,0.0,0.0,0.0,1839.6725000000001,0.0,0.0,1868.18,0.9500856114059091,1.0,1208.6709058599959,1000.0,1208.6709058599959,1000.0,0.0,0.0
5114,1690941660000.0,0.0,0.0,0.0,1839.6725000000001,0.0,0.0,1866.71,0.9500856114059091,1.0,1208.6709058599959,1000.0,1208.6709058599959,1000.0,0.0,0.0
5115,1690945260000.0,0.0,0.0,0.0,1839.6725000000001,0.0,0.0,1867.08,0.9500856114059091,1.0,1208.6709058599959,1000.0,1208.6709058599959,1000.0,0.0,0.0
5116,1690948860000.0,0.0,0.0,0.0,1839.6725000000001,0.0,0.0,1863.39,0.9500856114059091,1.0,1208.6709058599959,1000.0,1208.6709058599959,1000.0,0.0,0.0
5117,1690952460000.0,0.0,0.0,0.0,1839.6725000000001,0.0,0.0,1861.89,0.9500856114059091,1.0,1208.6709058599959,1000.0,1208.6709058599959,1000.0,0.0,0.0
5118,1690956060000.0,0.0,0.0,0.0,1839.6725000000001,0.0,0.0,1862.55,0.9500856114059091,1.0,1208.6709058599959,1000.0,1208.6709058599959,1000.0,0.0,0.0
5119,1690959660000.0,0.0,0.0,0.0,1839.6725000000001,0.0,0.0,1857.28,0.9500856114059091,1.0,1208.6709058599959,1000.0,1208.6709058599959,1000.0,0.0,0.0
5120,1690963260000.0,0.0,0.0,0.0,1839.6725000000001,0.0,0.0,1855.36,0.9500856114059091,1.0,1208.6709058599959,1000.0,1208.6709058599959,1000.0,0.0,0.0
5121,1690966860000.0,0.0,0.0,0.0,1839.6725000000001,0.0,0.0,1857.49,0.9500856114059091,1.0,1208.6709058599959,1000.0,1208.6709058599959,1000.0,0.0,0.0
5122,1690970460000.0,0.0,0.0,0.0,1839.6725000000001,0.0,0.0,1853.53,0.9500856114059091,1.0,1208.6709058599959,1000.0,1208.6709058599959,1000.0,0.0,0.0
5123,1690974060000.0,0.0,0.0,0.0,1839.6725000000001,0.0,0.0,1858.71,0.9500856114059091,1.0,1208.6709058599959,1000.0,1208.6709058599959,1000.0,0.0,0.0
5124,1690977660000.0,0.0,0.0,0.0,1839.6725000000001,0.0,0.0,1859.24,0.9500856114059091,1.0,1208.6709058599959,1000.0,1208.6709058599959,1000.0,0.0,0.0
5125,1690981260000.0,0.0,0.0,0.0,1839.6725000000001,0.0,0.0,1853.13,0.9500856114059091,1.0,1208.6709058599959,1000.0,1208.6709058599959,1000.0,0.0,0.0
5126,1690984860000.0,0.0,0.0,0.0,1839.6725000000001,0.0,0.0,1850.96,0.9500856114059091,1.0,1208.6709058599959,1000.0,1208.6709058599959,1000.0,0.0,0.0
5127,1690988460000.0,0.0,0.0,0.03,1844.3,0.0,0.0,1840.21,0.9500856114059091,1.0,1208.6598400599958,1000.0,1208.5371400599959,1000.0,0.045777147685533724,0.0
5128,1690992060000.0,0.0,0.0,0.03,1844.3,0.0,0.0,1840.5,0.9500856114059091,1.0,1208.6598400599958,1000.0,1208.5458400599957,1000.0,0.045777147685533724,0.0
5129,1690995660000.0,0.0,0.0,0.03,1844.3,0.0,0.0,1830.37,0.9500856114059091,1.0,1208.6598400599958,1000.0,1208.2419400599958,1000.0,0.045777147685533724,0.0
5130,1690999260000.0,0.0,0.0,0.03,1844.3,0.0,0.0,1831.75,0.9500856114059091,1.0,1208.6598400599958,1000.0,1208.2833400599957,1000.0,0.045777147685533724,0.0
5131,1691002860000.0,0.0,0.0,0.03,1844.3,0.0,0.0,1833.74,0.9500856114059091,1.0,1208.6598400599958,1000.0,1208.3430400599957,1000.0,0.045777147685533724,0.0
5132,1691006460000.0,0.0,0.0,0.03,1844.3,0.0,0.0,1840.81,0.9500856114059091,1.0,1208.6598400599958,1000.0,1208.5551400599957,1000.0,0.045777147685533724,0.0
5133,1691010060000.0,0.0,0.0,0.03,1844.3,0.0,0.0,1842.4,0.9500856114059091,1.0,1208.6598400599958,1000.0,1208.6028400599957,1000.0,0.045777147685533724,0.0
5134,1691013660000.0,0.0,0.0,0.03,1844.3,0.0,0.0,1843.01,0.9500856114059091,1.0,1208.6598400599958,1000.0,1208.6211400599957,1000.0,0.045777147685533724,0.0
5135,1691017260000.0,0.0,0.0,0.03,1844.3,0.0,0.0,1842.0,0.9500856114059091,1.0,1208.6598400599958,1000.0,1208.5908400599958,1000.0,0.045777147685533724,0.0
5136,1691020860000.0,0.0,0.0,0.03,1844.3,0.0,0.0,1838.96,0.9500856114059091,1.0,1208.6598400599958,1000.0,1208.4996400599957,1000.0,0.045777147685533724,0.0
5137,1691024460000.0,0.0,0.0,0.03,1844.3,0.0,0.0,1838.52,0.9500856114059091,1.0,1208.6598400599958,1000.0,1208.4864400599959,1000.0,0.045777147685533724,0.0
5138,1691028060000.0,0.0,0.0,0.03,1844.3,0.0,0.0,1844.38,0.9500856114059091,1.0,1208.6598400599958,1000.0,1208.6622400599958,1000.0,0.045777147685533724,0.0
5139,1691031660000.0,0.0,0.0,0.03,1844.3,0.0,0.0,1840.52,0.9500856114059091,1.0,1208.6598400599958,1000.0,1208.5464400599958,1000.0,0.045777147685533724,0.0
5140,1691035260000.0,0.0,0.0,0.03,1844.3,0.0,0.0,1839.78,0.9500856114059091,1.0,1208.6598400599958,1000.0,1208.5242400599957,1000.0,0.045777147685533724,0.0
5141,1691038860000.0,0.0,0.0,0.03,1844.3,0.0,0.0,1836.64,0.9500856114059091,1.0,1208.6598400599958,1000.0,1208.4300400599957,1000.0,0.045777147685533724,0.0
5142,1691042460000.0,0.0,0.0,0.03,1844.3,0.0,0.0,1838.04,0.9500856114059091,1.0,1208.6598400599958,1000.0,1208.4720400599958,1000.0,0.045777147685533724,0.0
5143,1691046060000.0,0.0,0.0,0.03,1844.3,0.0,0.0,1834.48,0.9500856114059091,1.0,1208.6598400599958,1000.0,1208.3652400599958,1000.0,0.045777147685533724,0.0
5144,1691049660000.0,0.0,0.0,0.03,1844.3,0.0,0.0,1831.43,0.9500856114059091,1.0,1208.6598400599958,1000.0,1208.2737400599958,1000.0,0.045777147685533724,0.0
5145,1691053260000.0,0.0,0.0,0.03,1844.3,0.0,0.0,1833.16,0.9500856114059091,1.0,1208.6598400599958,1000.0,1208.3256400599957,1000.0,0.045777147685533724,0.0
5146,1691056860000.0,0.0,0.0,0.03,1844.3,0.0,0.0,1834.65,0.9500856114059091,1.0,1208.6598400599958,1000.0,1208.3703400599957,1000.0,0.045777147685533724,0.0
5147,1691060460000.0,0.0,0.0,0.03,1844.3,0.0,0.0,1836.74,0.9500856114059091,1.0,1208.6598400599958,1000.0,1208.4330400599958,1000.0,0.045777147685533724,0.0
5148,1691064060000.0,0.0,0.0,0.03,1844.3,0.0,0.0,1837.12,0.9500856114059091,1.0,1208.6598400599958,1000.0,1208.4444400599957,1000.0,0.045777147685533724,0.0
5149,1691067660000.0,0.0,0.0,0.03,1844.3,0.0,0.0,1834.68,0.9500856114059091,1.0,1208.6598400599958,1000.0,1208.3712400599957,1000.0,0.045777147685533724,0.0
5150,1691071260000.0,0.0,0.0,0.03,1844.3,0.0,0.0,1839.24,0.9500856114059091,1.0,1208.6598400599958,1000.0,1208.5080400599957,1000.0,0.045777147685533724,0.0
5151,1691074860000.0,0.0,0.0,0.03,1844.3,0.0,0.0,1847.16,0.9500856114059091,1.0,1208.6598400599958,1000.0,1208.7456400599958,1000.0,0.045777147685533724,0.0
5152,1691078460000.0,0.0,0.0,0.03,1844.3,0.0,0.0,1839.7,0.9500856114059091,1.0,1208.6598400599958,1000.0,1208.5218400599958,1000.0,0.045777147685533724,0.0
5153,1691082060000.0,0.0,0.0,0.03,1844.3,0.0,0.0,1848.7,0.9500856114059091,1.0,1208.6598400599958,1000.0,1208.7918400599958,1000.0,0.045777147685533724,0.0
5154,1691085660000.0,0.0,0.0,0.01,1844.3,0.0,0.0,1845.83,0.9500856114059091,1.0,1208.9212090999956,1000.0,1208.9365090999956,1000.0,0.015255750218602123,0.0
5155,1691089260000.0,0.0,0.0,0.01,1844.3,0.0,0.0,1846.35,0.9500856114059091,1.0,1208.9212090999956,1000.0,1208.9417090999957,1000.0,0.015255750218602123,0.0
5156,1691092860000.0,0.0,0.0,0.01,1844.3,0.0,0.0,1848.4,0.9500856114059091,1.0,1208.9212090999956,1000.0,1208.9622090999956,1000.0,0.015255750218602123,0.0
5157,1691096460000.0,0.0,0.0,0.01,1844.3,0.0,0.0,1844.21,0.9500856114059091,1.0,1208.9212090999956,1000.0,1208.9203090999956,1000.0,0.015255750218602123,0.0
5158,1691100060000.0,0.0,0.0,0.01,1844.3,0.0,0.0,1838.73,0.9500856114059091,1.0,1208.9212090999956,1000.0,1208.8655090999957,1000.0,0.015255750218602123,0.0
5159,1691103660000.0,0.0,0.0,0.03,1835.9533333333334,0.0,0.0,1836.83,0.9500856114059091,1.0,1208.9138819799957,1000.0,1208.9401819799957,1000.0,0.04556039997637434,0.0
5160,1691107260000.0,0.0,0.0,0.03,1835.9533333333334,0.0,0.0,1836.06,0.9500856114059091,1.0,1208.9138819799957,1000.0,1208.9170819799958,1000.0,0.04556039997637434,0.0
5161,1691110860000.0,0.0,0.0,0.03,1835.9533333333334,0.0,0.0,1837.2,0.9500856114059091,1.0,1208.9138819799957,1000.0,1208.9512819799957,1000.0,0.04556039997637434,0.0
5162,1691114460000.0,0.0,0.0,0.03,1835.9533333333334,0.0,0.0,1835.8,0.9500856114059091,1.0,1208.9138819799957,1000.0,1208.9092819799957,1000.0,0.04556039997637434,0.0
5163,1691118060000.0,0.0,0.0,0.03,1835.9533333333334,0.0,0.0,1833.01,0.9500856114059091,1.0,1208.9138819799957,1000.0,1208.8255819799958,1000.0,0.04556039997637434,0.0
5164,1691121660000.0,0.0,0.0,0.03,1835.9533333333334,0.0,0.0,1833.37,0.9500856114059091,1.0,1208.9138819799957,1000.0,1208.8363819799956,1000.0,0.04556039997637434,0.0
5165,1691125260000.0,0.0,0.0,0.03,1835.9533333333334,0.0,0.0,1834.88,0.9500856114059091,1.0,1208.9138819799957,1000.0,1208.8816819799956,1000.0,0.04556039997637434,0.0
5166,1691128860000.0,0.0,0.0,0.03,1835.9533333333334,0.0,0.0,1835.3,0.9500856114059091,1.0,1208.9138819799957,1000.0,1208.8942819799956,1000.0,0.04556039997637434,0.0
5167,1691132460000.0,0.0,0.0,0.03,1835.9533333333334,0.0,0.0,1831.15,0.9500856114059091,1.0,1208.9138819799957,1000.0,1208.7697819799957,1000.0,0.04556039997637434,0.0
5168,1691136060000.0,0.0,0.0,0.03,1835.9533333333334,0.0,0.0,1837.8,0.9500856114059091,1.0,1208.9138819799957,1000.0,1208.9692819799957,1000.0,0.04556039997637434,0.0
5169,1691139660000.0,0.0,0.0,0.03,1835.9533333333334,0.0,0.0,1835.68,0.9500856114059091,1.0,1208.9138819799957,1000.0,1208.9056819799957,1000.0,0.04556039997637434,0.0
5170,1691143260000.0,0.0,0.0,0.03,1835.9533333333334,0.0,0.0,1837.58,0.9500856114059091,1.0,1208.9138819799957,1000.0,1208.9626819799958,1000.0,0.04556039997637434,0.0
5171,1691146860000.0,0.0,0.0,0.03,1835.9533333333334,0.0,0.0,1834.0,0.9500856114059091,1.0,1208.9138819799957,1000.0,1208.8552819799957,1000.0,0.04556039997637434,0.0
5172,1691150460000.0,0.0,0.0,0.03,1835.9533333333334,0.0,0.0,1833.33,0.9500856114059091,1.0,1208.9138819799957,1000.0,1208.8351819799957,1000.0,0.04556039997637434,0.0
5173,1691154060000.0,0.0,0.0,0.03,1835.9533333333334,0.0,0.0,1839.17,0.9500856114059091,1.0,1208.9138819799957,1000.0,1209.0103819799958,1000.0,0.04556039997637434,0.0
5174,1691157660000.0,0.0,0.0,0.02,1835.9533333333334,0.0,0.0,1842.47,0.9500856114059091,1.0,1209.0439499866623,1000.0,1209.1742833199955,1000.0,0.030370332416014938,0.0
5175,1691161260000.0,0.0,0.0,0.02,1835.9533333333334,0.0,0.0,1846.45,0.9500856114059091,1.0,1209.0439499866623,1000.0,1209.2538833199956,1000.0,0.030370332416014938,0.0
5176,1691164860000.0,0.0,0.0,0.02,1835.9533333333334,0.0,0.0,1847.07,0.9500856114059091,1.0,1209.0439499866623,1000.0,1209.2662833199956,1000.0,0.030370332416014938,0.0
5177,1691168460000.0,0.0,0.0,0.02,1835.9533333333334,0.0,0.0,1847.5,0.9500856114059091,1.0,1209.0439499866623,1000.0,1209.2748833199955,1000.0,0.030370332416014938,0.0
5178,1691172060000.0,0.0,0.0,0.02,1835.9533333333334,0.0,0.0,1838.96,0.9500856114059091,1.0,1209.0439499866623,1000.0,1209.1040833199957,1000.0,0.030370332416014938,0.0
5179,1691175660000.0,0.0,0.0,0.03,1833.6088888888892,0.0,0.0,1832.24,0.9500856114059091,1.0,1209.0402921466623,1000.0,1208.9992254799956,1000.0,0.045497463586593116,0.0
5180,1691179260000.0,0.0,0.0,0.03,1833.6088888888892,0.0,0.0,1830.56,0.9500856114059091,1.0,1209.0402921466623,1000.0,1208.9488254799955,1000.0,0.045497463586593116,0.0
5181,1691182860000.0,0.0,0.0,0.03,1833.6088888888892,0.0,0.0,1822.5,0.9500856114059091,1.0,1209.0402921466623,1000.0,1208.7070254799955,1000.0,0.045497463586593116,0.0
5182,1691186460000.0,0.0,0.0,0.03,1833.6088888888892,0.0,0.0,1829.91,0.9500856114059091,1.0,1209.0402921466623,1000.0,1208.9293254799957,1000.0,0.045497463586593116,0.0
5183,1691190060000.0,0.0,0.0,0.03,1833.6088888888892,0.0,0.0,1827.4,0.9500856114059091,1.0,1209.0402921466623,1000.0,1208.8540254799957,1000.0,0.045497463586593116,0.0
5184,1691193660000.0,0.0,0.0,0.03,1833.6088888888892,0.0,0.0,1829.07,0.9500856114059091,1.0,1209.0402921466623,1000.0,1208.9041254799956,1000.0,0.045497463586593116,0.0
5185,1691197260000.0,0.0,0.0,0.03,1833.6088888888892,0.0,0.0,1831.3,0.9500856114059091,1.0,1209.0402921466623,1000.0,1208.9710254799957,1000.0,0.045497463586593116,0.0
5186,1691200860000.0,0.0,0.0,0.03,1833.6088888888892,0.0,0.0,1827.08,0.9500856114059091,1.0,1209.0402921466623,1000.0,1208.8444254799956,1000.0,0.045497463586593116,0.0
5187,1691204460000.0,0.0,0.0,0.03,1833.6088888888892,0.0,0.0,1830.29,0.9500856114059091,1.0,1209.0402921466623,1000.0,1208.9407254799955,1000.0,0.045497463586593116,0.0
5188,1691208060000.0,0.0,0.0,0.03,1833.6088888888892,0.0,0.0,1831.45,0.9500856114059091,1.0,1209.0402921466623,1000.0,1208.9755254799957,1000.0,0.045497463586593116,0.0
5189,1691211660000.0,0.0,0.0,0.03,1833.6088888888892,0.0,0.0,1828.92,0.9500856114059091,1.0,1209.0402921466623,1000.0,1208.8996254799956,1000.0,0.045497463586593116,0.0
5190,1691215260000.0,0.0,0.0,0.03,1833.6088888888892,0.0,0.0,1833.04,0.9500856114059091,1.0,1209.0402921466623,1000.0,1209.0232254799955,1000.0,0.045497463586593116,0.0
5191,1691218860000.0,0.0,0.0,0.03,1833.6088888888892,0.0,0.0,1831.04,0.9500856114059091,1.0,1209.0402921466623,1000.0,1208.9632254799956,1000.0,0.045497463586593116,0.0
5192,1691222460000.0,0.0,0.0,0.03,1833.6088888888892,0.0,0.0,1830.0,0.9500856114059091,1.0,1209.0402921466623,1000.0,1208.9320254799957,1000.0,0.045497463586593116,0.0
5193,1691226060000.0,0.0,0.0,0.03,1833.6088888888892,0.0,0.0,1832.01,0.9500856114059091,1.0,1209.0402921466623,1000.0,1208.9923254799955,1000.0,0.045497463586593116,0.0
5194,1691229660000.0,0.0,0.0,0.03,1833.6088888888892,0.0,0.0,1830.22,0.9500856114059091,1.0,1209.0402921466623,1000.0,1208.9386254799956,1000.0,0.045497463586593116,0.0
5195,1691233260000.0,0.0,0.0,0.03,1833.6088888888892,0.0,0.0,1830.87,0.9500856114059091,1.0,1209.0402921466623,1000.0,1208.9581254799957,1000.0,0.045497463586593116,0.0
5196,1691236860000.0,0.0,0.0,0.03,1833.6088888888892,0.0,0.0,1831.96,0.9500856114059091,1.0,1209.0402921466623,1000.0,1208.9908254799957,1000.0,0.045497463586593116,0.0
5197,1691240460000.0,0.0,0.0,0.03,1833.6088888888892,0.0,0.0,1830.0,0.9500856114059091,1.0,1209.0402921466623,1000.0,1208.9320254799957,1000.0,0.045497463586593116,0.0
5198,1691244060000.0,0.0,0.0,0.03,1833.6088888888892,0.0,0.0,1832.71,0.9500856114059091,1.0,1209.0402921466623,1000.0,1209.0133254799957,1000.0,0.045497463586593116,0.0
5199,1691247660000.0,0.0,0.0,0.03,1833.6088888888892,0.0,0.0,1835.75,0.9500856114059091,1.0,1209.0402921466623,1000.0,1209.1045254799956,1000.0,0.045497463586593116,0.0
5200,1691251260000.0,0.0,0.0,0.03,1833.6088888888892,0.0,0.0,1833.03,0.9500856114059091,1.0,1209.0402921466623,1000.0,1209.0229254799956,1000.0,0.045497463586593116,0.0
5201,1691254860000.0,0.0,0.0,0.03,1833.6088888888892,0.0,0.0,1830.8,0.9500856114059091,1.0,1209.0402921466623,1000.0,1208.9560254799956,1000.0,0.045497463586593116,0.0
5202,1691258460000.0,0.0,0.0,0.03,1833.6088888888892,0.0,0.0,1833.76,0.9500856114059091,1.0,1209.0402921466623,1000.0,1209.0448254799956,1000.0,0.045497463586593116,0.0
5203,1691262060000.0,0.0,0.0,0.03,1833.6088888888892,0.0,0.0,1837.76,0.9500856114059091,1.0,1209.0402921466623,1000.0,1209.1648254799957,1000.0,0.045497463586593116,0.0
5204,1691265660000.0,0.0,0.0,0.03,1833.6088888888892,0.0,0.0,1834.16,0.9500856114059091,1.0,1209.0402921466623,1000.0,1209.0568254799957,1000.0,0.045497463586593116,0.0
5205,1691269260000.0,0.0,0.0,0.03,1833.6088888888892,0.0,0.0,1834.08,0.9500856114059091,1.0,1209.0402921466623,1000.0,1209.0544254799956,1000.0,0.045497463586593116,0.0
5206,1691272860000.0,0.0,0.0,0.03,1833.6088888888892,0.0,0.0,1834.01,0.9500856114059091,1.0,1209.0402921466623,1000.0,1209.0523254799957,1000.0,0.045497463586593116,0.0
5207,1691276460000.0,0.0,0.0,0.03,1833.6088888888892,0.0,0.0,1837.81,0.9500856114059091,1.0,1209.0402921466623,1000.0,1209.1663254799955,1000.0,0.045497463586593116,0.0
5208,1691280060000.0,0.0,0.0,0.03,1833.6088888888892,0.0,0.0,1835.86,0.9500856114059091,1.0,1209.0402921466623,1000.0,1209.1078254799957,1000.0,0.045497463586593116,0.0
5209,1691283660000.0,0.0,0.0,0.03,1833.6088888888892,0.0,0.0,1836.39,0.9500856114059091,1.0,1209.0402921466623,1000.0,1209.1237254799955,1000.0,0.045497463586593116,0.0
5210,1691287260000.0,0.0,0.0,0.03,1833.6088888888892,0.0,0.0,1833.94,0.9500856114059091,1.0,1209.0402921466623,1000.0,1209.0502254799956,1000.0,0.045497463586593116,0.0
5211,1691290860000.0,0.0,0.0,0.03,1833.6088888888892,0.0,0.0,1835.6,0.9500856114059091,1.0,1209.0402921466623,1000.0,1209.1000254799956,1000.0,0.045497463586593116,0.0
5212,1691294460000.0,0.0,0.0,0.03,1833.6088888888892,0.0,0.0,1834.01,0.9500856114059091,1.0,1209.0402921466623,1000.0,1209.0523254799957,1000.0,0.045497463586593116,0.0
5213,1691298060000.0,0.0,0.0,0.03,1833.6088888888892,0.0,0.0,1835.21,0.9500856114059091,1.0,1209.0402921466623,1000.0,1209.0883254799955,1000.0,0.045497463586593116,0.0
5214,1691301660000.0,0.0,0.0,0.03,1833.6088888888892,0.0,0.0,1835.7,0.9500856114059091,1.0,1209.0402921466623,1000.0,1209.1030254799957,1000.0,0.045497463586593116,0.0
5215,1691305260000.0,0.0,0.0,0.03,1833.6088888888892,0.0,0.0,1833.74,0.9500856114059091,1.0,1209.0402921466623,1000.0,1209.0442254799957,1000.0,0.045497463586593116,0.0
5216,1691308860000.0,0.0,0.0,0.03,1833.6088888888892,0.0,0.0,1833.88,0.9500856114059091,1.0,1209.0402921466623,1000.0,1209.0484254799956,1000.0,0.045497463586593116,0.0
5217,1691312460000.0,0.0,0.0,0.03,1833.6088888888892,0.0,0.0,1834.3,0.9500856114059091,1.0,1209.0402921466623,1000.0,1209.0610254799956,1000.0,0.045497463586593116,0.0
5218,1691316060000.0,0.0,0.0,0.03,1833.6088888888892,0.0,0.0,1830.45,0.9500856114059091,1.0,1209.0402921466623,1000.0,1208.9455254799957,1000.0,0.045497463586593116,0.0
5219,1691319660000.0,0.0,0.0,0.03,1833.6088888888892,0.0,0.0,1830.21,0.9500856114059091,1.0,1209.0402921466623,1000.0,1208.9383254799957,1000.0,0.045497463586593116,0.0
5220,1691323260000.0,0.0,0.0,0.03,1833.6088888888892,0.0,0.0,1831.84,0.9500856114059091,1.0,1209.0402921466623,1000.0,1208.9872254799957,1000.0,0.045497463586593116,0.0
5221,1691326860000.0,0.0,0.0,0.03,1833.6088888888892,0.0,0.0,1828.17,0.9500856114059091,1.0,1209.0402921466623,1000.0,1208.8771254799956,1000.0,0.045497463586593116,0.0
5222,1691330460000.0,0.0,0.0,0.03,1833.6088888888892,0.0,0.0,1828.66,0.9500856114059091,1.0,1209.0402921466623,1000.0,1208.8918254799955,1000.0,0.045497463586593116,0.0
5223,1691334060000.0,0.0,0.0,0.03,1833.6088888888892,0.0,0.0,1829.6,0.9500856114059091,1.0,1209.0402921466623,1000.0,1208.9200254799957,1000.0,0.045497463586593116,0.0
5224,1691337660000.0,0.0,0.0,0.03,1833.6088888888892,0.0,0.0,1828.51,0.9500856114059091,1.0,1209.0402921466623,1000.0,1208.8873254799955,1000.0,0.045497463586593116,0.0
5225,1691341260000.0,0.0,0.0,0.03,1833.6088888888892,0.0,0.0,1834.47,0.9500856114059091,1.0,1209.0402921466623,1000.0,1209.0661254799957,1000.0,0.045497463586593116,0.0
5226,1691344860000.0,0.0,0.0,0.03,1833.6088888888892,0.0,0.0,1833.12,0.9500856114059091,1.0,1209.0402921466623,1000.0,1209.0256254799956,1000.0,0.045497463586593116,0.0
5227,1691348460000.0,0.0,0.0,0.03,1833.6088888888892,0.0,0.0,1831.77,0.9500856114059091,1.0,1209.0402921466623,1000.0,1208.9851254799955,1000.0,0.045497463586593116,0.0
5228,1691352060000.0,0.0,0.0,0.03,1833.6088888888892,0.0,0.0,1831.96,0.9500856114059091,1.0,1209.0402921466623,1000.0,1208.9908254799957,1000.0,0.045497463586593116,0.0
5229,1691355660000.0,0.0,0.0,0.03,1833.6088888888892,0.0,0.0,1832.64,0.9500856114059091,1.0,1209.0402921466623,1000.0,1209.0112254799956,1000.0,0.045497463586593116,0.0
5230,1691359260000.0,0.0,0.0,0.03,1833.6088888888892,0.0,0.0,1829.6,0.9500856114059091,1.0,1209.0402921466623,1000.0,1208.9200254799957,1000.0,0.045497463586593116,0.0
5231,1691362860000.0,0.0,0.0,0.03,1833.6088888888892,0.0,0.0,1829.58,0.9500856114059091,1.0,1209.0402921466623,1000.0,1208.9194254799957,1000.0,0.045497463586593116,0.0
5232,1691366460000.0,0.0,0.0,0.03,1833.6088888888892,0.0,0.0,1829.49,0.9500856114059091,1.0,1209.0402921466623,1000.0,1208.9167254799956,1000.0,0.045497463586593116,0.0
5233,1691370060000.0,0.0,0.0,0.03,1833.6088888888892,0.0,0.0,1830.29,0.9500856114059091,1.0,1209.0402921466623,1000.0,1208.9407254799955,1000.0,0.045497463586593116,0.0
5234,1691373660000.0,0.0,0.0,0.03,1833.6088888888892,0.0,0.0,1841.76,0.9500856114059091,1.0,1209.0402921466623,1000.0,1209.2848254799956,1000.0,0.045497463586593116,0.0
5235,1691377260000.0,0.0,0.0,0.03,1833.6088888888892,0.0,0.0,1845.79,0.9500856114059091,1.0,1209.0402921466623,1000.0,1209.4057254799957,1000.0,0.045497463586593116,0.0
5236,1691380860000.0,0.0,0.0,0.03,1833.6088888888892,0.0,0.0,1837.86,0.9500856114059091,1.0,1209.0402921466623,1000.0,1209.1678254799956,1000.0,0.045497463586593116,0.0
5237,1691384460000.0,0.0,0.0,0.03,1833.6088888888892,0.0,0.0,1840.44,0.9500856114059091,1.0,1209.0402921466623,1000.0,1209.2452254799957,1000.0,0.045497463586593116,0.0
5238,1691388060000.0,0.0,0.0,0.03,1833.6088888888892,0.0,0.0,1838.83,0.9500856114059091,1.0,1209.0402921466623,1000.0,1209.1969254799956,1000.0,0.045497463586593116,0.0
5239,1691391660000.0,0.0,0.0,0.03,1833.6088888888892,0.0,0.0,1831.96,0.9500856114059091,1.0,1209.0402921466623,1000.0,1208.9908254799957,1000.0,0.045497463586593116,0.0
5240,1691395260000.0,0.0,0.0,0.03,1833.6088888888892,0.0,0.0,1836.09,0.9500856114059091,1.0,1209.0402921466623,1000.0,1209.1147254799955,1000.0,0.045497463586593116,0.0
5241,1691398860000.0,0.0,0.0,0.03,1833.6088888888892,0.0,0.0,1832.61,0.9500856114059091,1.0,1209.0402921466623,1000.0,1209.0103254799956,1000.0,0.045497463586593116,0.0
5242,1691402460000.0,0.0,0.0,0.03,1833.6088888888892,0.0,0.0,1835.0,0.9500856114059091,1.0,1209.0402921466623,1000.0,1209.0820254799955,1000.0,0.045497463586593116,0.0
5243,1691406060000.0,0.0,0.0,0.03,1833.6088888888892,0.0,0.0,1837.03,0.9500856114059091,1.0,1209.0402921466623,1000.0,1209.1429254799957,1000.0,0.045497463586593116,0.0
5244,1691409660000.0,0.0,0.0,0.03,1833.6088888888892,0.0,0.0,1833.01,0.9500856114059091,1.0,1209.0402921466623,1000.0,1209.0223254799955,1000.0,0.045497463586593116,0.0
5245,1691413260000.0,0.0,0.0,0.03,1833.6088888888892,0.0,0.0,1834.16,0.9500856114059091,1.0,1209.0402921466623,1000.0,1209.0568254799957,1000.0,0.045497463586593116,0.0
5246,1691416860000.0,0.0,0.0,0.03,1833.6088888888892,0.0,0.0,1826.02,0.9500856114059091,1.0,1209.0402921466623,1000.0,1208.8126254799956,1000.0,0.045497463586593116,0.0
5247,1691420460000.0,0.0,0.0,0.03,1833.6088888888892,0.0,0.0,1829.37,0.9500856114059091,1.0,1209.0402921466623,1000.0,1208.9131254799956,1000.0,0.045497463586593116,0.0
5248,1691424060000.0,0.0,0.0,0.03,1833.6088888888892,0.0,0.0,1816.96,0.9500856114059091,1.0,1209.0402921466623,1000.0,1208.5408254799956,1000.0,0.045497463586593116,0.0
5249,1691427660000.0,0.0,0.0,0.03,1833.6088888888892,0.0,0.0,1815.29,0.9500856114059091,1.0,1209.0402921466623,1000.0,1208.4907254799957,1000.0,0.045497463586593116,0.0
5250,1691431260000.0,0.0,0.0,0.03,1833.6088888888892,0.0,0.0,1814.19,0.9500856114059091,1.0,1209.0402921466623,1000.0,1208.4577254799956,1000.0,0.045497463586593116,0.0
5251,1691434860000.0,0.0,0.0,0.03,1833.6088888888892,0.0,0.0,1821.18,0.9500856114059091,1.0,1209.0402921466623,1000.0,1208.6674254799957,1000.0,0.045497463586593116,0.0
5252,1691438460000.0,0.0,0.0,0.03,1833.6088888888892,0.0,0.0,1825.49,0.9500856114059091,1.0,1209.0402921466623,1000.0,1208.7967254799955,1000.0,0.045497463586593116,0.0
5253,1691442060000.0,0.0,0.0,0.03,1833.6088888888892,0.0,0.0,1827.82,0.9500856114059091,1.0,1209.0402921466623,1000.0,1208.8666254799957,1000.0,0.045497463586593116,0.0
5254,1691445660000.0,0.0,0.0,0.03,1833.6088888888892,0.0,0.0,1825.29,0.9500856114059091,1.0,1209.0402921466623,1000.0,1208.7907254799957,1000.0,0.045497463586593116,0.0
5255,1691449260000.0,0.0,0.0,0.03,1833.6088888888892,0.0,0.0,1828.42,0.9500856114059091,1.0,1209.0402921466623,1000.0,1208.8846254799955,1000.0,0.045497463586593116,0.0
5256,1691452860000.0,0.0,0.0,0.03,1833.6088888888892,0.0,0.0,1828.98,0.9500856114059091,1.0,1209.0402921466623,1000.0,1208.9014254799956,1000.0,0.045497463586593116,0.0
5257,1691456460000.0,0.0,0.0,0.03,1833.6088888888892,0.0,0.0,1833.01,0.9500856114059091,1.0,1209.0402921466623,1000.0,1209.0223254799955,1000.0,0.045497463586593116,0.0
5258,1691460060000.0,0.0,0.0,0.03,1833.6088888888892,0.0,0.0,1825.55,0.9500856114059091,1.0,1209.0402921466623,1000.0,1208.7985254799955,1000.0,0.045497463586593116,0.0
5259,1691463660000.0,0.0,0.0,0.03,1833.6088888888892,0.0,0.0,1828.5,0.9500856114059091,1.0,1209.0402921466623,1000.0,1208.8870254799956,1000.0,0.045497463586593116,0.0
5260,1691467260000.0,0.0,0.0,0.03,1833.6088888888892,0.0,0.0,1829.85,0.9500856114059091,1.0,1209.0402921466623,1000.0,1208.9275254799957,1000.0,0.045497463586593116,0.0
5261,1691470860000.0,0.0,0.0,0.03,1833.6088888888892,0.0,0.0,1833.02,0.9500856114059091,1.0,1209.0402921466623,1000.0,1209.0226254799957,1000.0,0.045497463586593116,0.0
5262,1691474460000.0,0.0,0.0,0.03,1833.6088888888892,0.0,0.0,1834.8,0.9500856114059091,1.0,1209.0402921466623,1000.0,1209.0760254799957,1000.0,0.045497463586593116,0.0
5263,1691478060000.0,0.0,0.0,0.03,1833.6088888888892,0.0,0.0,1832.79,0.9500856114059091,1.0,1209.0402921466623,1000.0,1209.0157254799956,1000.0,0.045497463586593116,0.0
5264,1691481660000.0,0.0,0.0,0.03,1833.6088888888892,0.0,0.0,1830.08,0.9500856114059091,1.0,1209.0402921466623,1000.0,1208.9344254799955,1000.0,0.045497463586593116,0.0
5265,1691485260000.0,0.0,0.0,0.03,1833.6088888888892,0.0,0.0,1829.7,0.9500856114059091,1.0,1209.0402921466623,1000.0,1208.9230254799957,1000.0,0.045497463586593116,0.0
5266,1691488860000.0,0.0,0.0,0.03,1833.6088888888892,0.0,0.0,1830.4,0.9500856114059091,1.0,1209.0402921466623,1000.0,1208.9440254799956,1000.0,0.045497463586593116,0.0
5267,1691492460000.0,0.0,0.0,0.03,1833.6088888888892,0.0,0.0,1834.72,0.9500856114059091,1.0,1209.0402921466623,1000.0,1209.0736254799956,1000.0,0.045497463586593116,0.0
5268,1691496060000.0,0.0,0.0,0.03,1833.6088888888892,0.0,0.0,1836.34,0.9500856114059091,1.0,1209.0402921466623,1000.0,1209.1222254799957,1000.0,0.045497463586593116,0.0
5269,1691499660000.0,0.0,0.0,0.03,1833.6088888888892,0.0,0.0,1845.23,0.9500856114059091,1.0,1209.0402921466623,1000.0,1209.3889254799956,1000.0,0.045497463586593116,0.0
5270,1691503260000.0,0.0,0.0,0.02,1833.6088888888892,0.0,0.0,1834.94,0.9500856114059091,1.0,1209.1702093177735,1000.0,1209.1968315399956,1000.0,0.03032838346097578,0.0
5271,1691506860000.0,0.0,0.0,0.02,1833.6088888888892,0.0,0.0,1838.17,0.9500856114059091,1.0,1209.1702093177735,1000.0,1209.2614315399958,1000.0,0.03032838346097578,0.0
5272,1691510460000.0,0.0,0.0,0.02,1833.6088888888892,0.0,0.0,1842.49,0.9500856114059091,1.0,1209.1702093177735,1000.0,1209.3478315399957,1000.0,0.03032838346097578,0.0
5273,1691514060000.0,0.0,0.0,0.01,1833.6088888888892,0.0,0.0,1855.44,0.9500856114059091,1.0,1209.3001264888846,1000.0,1209.5184375999957,1000.0,0.015162562615557148,0.0
5274,1691517660000.0,0.0,0.0,0.01,1833.6088888888892,0.0,0.0,1853.29,0.9500856114059091,1.0,1209.3001264888846,1000.0,1209.4969375999958,1000.0,0.015162562615557148,0.0
5275,1691521260000.0,0.0,0.0,0.0,1833.6088888888892,0.0,0.0,1859.1,0.9500856114059091,1.0,1209.6282040199958,1000.0,1209.6282040199958,1000.0,0.0,0.0
5276,1691524860000.0,0.0,0.0,0.0,1833.6088888888892,0.0,0.0,1857.66,0.9500856114059091,1.0,1209.6282040199958,1000.0,1209.6282040199958,1000.0,0.0,0.0
5277,1691528460000.0,0.0,0.0,0.0,1833.6088888888892,0.0,0.0,1863.46,0.9500856114059091,1.0,1209.6282040199958,1000.0,1209.6282040199958,1000.0,0.0,0.0
5278,1691532060000.0,0.0,0.0,0.0,1833.6088888888892,0.0,0.0,1861.65,0.9500856114059091,1.0,1209.6282040199958,1000.0,1209.6282040199958,1000.0,0.0,0.0
5279,1691535660000.0,0.0,0.0,0.0,1833.6088888888892,0.0,0.0,1857.12,0.9500856114059091,1.0,1209.6282040199958,1000.0,1209.6282040199958,1000.0,0.0,0.0
5280,1691539260000.0,0.0,0.0,0.0,1833.6088888888892,0.0,0.0,1855.48,0.9500856114059091,1.0,1209.6282040199958,1000.0,1209.6282040199958,1000.0,0.0,0.0
5281,1691542860000.0,0.0,0.0,0.0,1833.6088888888892,0.0,0.0,1853.4,0.9500856114059091,1.0,1209.6282040199958,1000.0,1209.6282040199958,1000.0,0.0,0.0
5282,1691546460000.0,0.0,0.0,0.0,1833.6088888888892,0.0,0.0,1858.05,0.9500856114059091,1.0,1209.6282040199958,1000.0,1209.6282040199958,1000.0,0.0,0.0
5283,1691550060000.0,0.0,0.0,0.0,1833.6088888888892,0.0,0.0,1852.33,0.9500856114059091,1.0,1209.6282040199958,1000.0,1209.6282040199958,1000.0,0.0,0.0
5284,1691553660000.0,0.0,0.0,0.0,1833.6088888888892,0.0,0.0,1853.5,0.9500856114059091,1.0,1209.6282040199958,1000.0,1209.6282040199958,1000.0,0.0,0.0
5285,1691557260000.0,0.0,0.0,0.0,1833.6088888888892,0.0,0.0,1855.2,0.9500856114059091,1.0,1209.6282040199958,1000.0,1209.6282040199958,1000.0,0.0,0.0
5286,1691560860000.0,0.0,0.0,0.0,1833.6088888888892,0.0,0.0,1856.47,0.9500856114059091,1.0,1209.6282040199958,1000.0,1209.6282040199958,1000.0,0.0,0.0
5287,1691564460000.0,0.0,0.0,0.0,1833.6088888888892,0.0,0.0,1856.96,0.9500856114059091,1.0,1209.6282040199958,1000.0,1209.6282040199958,1000.0,0.0,0.0
5288,1691568060000.0,0.0,0.0,0.0,1833.6088888888892,0.0,0.0,1862.08,0.9500856114059091,1.0,1209.6282040199958,1000.0,1209.6282040199958,1000.0,0.0,0.0
5289,1691571660000.0,0.0,0.0,0.0,1833.6088888888892,0.0,0.0,1861.31,0.9500856114059091,1.0,1209.6282040199958,1000.0,1209.6282040199958,1000.0,0.0,0.0
5290,1691575260000.0,0.0,0.0,0.0,1833.6088888888892,0.0,0.0,1858.87,0.9500856114059091,1.0,1209.6282040199958,1000.0,1209.6282040199958,1000.0,0.0,0.0
5291,1691578860000.0,0.0,0.0,0.0,1833.6088888888892,0.0,0.0,1862.99,0.9500856114059091,1.0,1209.6282040199958,1000.0,1209.6282040199958,1000.0,0.0,0.0
5292,1691582460000.0,0.0,0.0,0.0,1833.6088888888892,0.0,0.0,1861.74,0.9500856114059091,1.0,1209.6282040199958,1000.0,1209.6282040199958,1000.0,0.0,0.0
5293,1691586060000.0,0.0,0.0,0.0,1833.6088888888892,0.0,0.0,1867.61,0.9500856114059091,1.0,1209.6282040199958,1000.0,1209.6282040199958,1000.0,0.0,0.0
5294,1691589660000.0,0.0,0.0,0.0,1833.6088888888892,0.0,0.0,1861.39,0.9500856114059091,1.0,1209.6282040199958,1000.0,1209.6282040199958,1000.0,0.0,0.0
5295,1691593260000.0,0.0,0.0,0.0,1833.6088888888892,0.0,0.0,1851.09,0.9500856114059091,1.0,1209.6282040199958,1000.0,1209.6282040199958,1000.0,0.0,0.0
5296,1691596860000.0,0.0,0.0,0.0,1833.6088888888892,0.0,0.0,1851.51,0.9500856114059091,1.0,1209.6282040199958,1000.0,1209.6282040199958,1000.0,0.0,0.0
5297,1691600460000.0,0.0,0.0,0.0,1833.6088888888892,0.0,0.0,1848.59,0.9500856114059091,1.0,1209.6282040199958,1000.0,1209.6282040199958,1000.0,0.0,0.0
5298,1691604060000.0,0.0,0.0,0.0,1833.6088888888892,0.0,0.0,1848.54,0.9500856114059091,1.0,1209.6282040199958,1000.0,1209.6282040199958,1000.0,0.0,0.0
5299,1691607660000.0,0.0,0.0,0.0,1833.6088888888892,0.0,0.0,1852.83,0.9500856114059091,1.0,1209.6282040199958,1000.0,1209.6282040199958,1000.0,0.0,0.0
5300,1691611260000.0,0.0,0.0,0.0,1833.6088888888892,0.0,0.0,1848.52,0.9500856114059091,1.0,1209.6282040199958,1000.0,1209.6282040199958,1000.0,0.0,0.0
5301,1691614860000.0,0.0,0.0,0.0,1833.6088888888892,0.0,0.0,1850.62,0.9500856114059091,1.0,1209.6282040199958,1000.0,1209.6282040199958,1000.0,0.0,0.0
5302,1691618460000.0,0.0,0.0,0.0,1833.6088888888892,0.0,0.0,1852.99,0.9500856114059091,1.0,1209.6282040199958,1000.0,1209.6282040199958,1000.0,0.0,0.0
5303,1691622060000.0,0.0,0.0,0.0,1833.6088888888892,0.0,0.0,1854.78,0.9500856114059091,1.0,1209.6282040199958,1000.0,1209.6282040199958,1000.0,0.0,0.0
5304,1691625660000.0,0.0,0.0,0.0,1833.6088888888892,0.0,0.0,1854.96,0.9500856114059091,1.0,1209.6282040199958,1000.0,1209.6282040199958,1000.0,0.0,0.0
5305,1691629260000.0,0.0,0.0,0.0,1833.6088888888892,0.0,0.0,1856.93,0.9500856114059091,1.0,1209.6282040199958,1000.0,1209.6282040199958,1000.0,0.0,0.0
5306,1691632860000.0,0.0,0.0,0.0,1833.6088888888892,0.0,0.0,1854.23,0.9500856114059091,1.0,1209.6282040199958,1000.0,1209.6282040199958,1000.0,0.0,0.0
5307,1691636460000.0,0.0,0.0,0.0,1833.6088888888892,0.0,0.0,1852.45,0.9500856114059091,1.0,1209.6282040199958,1000.0,1209.6282040199958,1000.0,0.0,0.0
5308,1691640060000.0,0.0,0.0,0.0,1833.6088888888892,0.0,0.0,1851.94,0.9500856114059091,1.0,1209.6282040199958,1000.0,1209.6282040199958,1000.0,0.0,0.0
5309,1691643660000.0,0.0,0.0,0.0,1833.6088888888892,0.0,0.0,1851.54,0.9500856114059091,1.0,1209.6282040199958,1000.0,1209.6282040199958,1000.0,0.0,0.0
5310,1691647260000.0,0.0,0.0,0.0,1833.6088888888892,0.0,0.0,1853.03,0.9500856114059091,1.0,1209.6282040199958,1000.0,1209.6282040199958,1000.0,0.0,0.0
5311,1691650860000.0,0.0,0.0,0.0,1833.6088888888892,0.0,0.0,1849.08,0.9500856114059091,1.0,1209.6282040199958,1000.0,1209.6282040199958,1000.0,0.0,0.0
5312,1691654460000.0,0.0,0.0,0.0,1833.6088888888892,0.0,0.0,1850.31,0.9500856114059091,1.0,1209.6282040199958,1000.0,1209.6282040199958,1000.0,0.0,0.0
5313,1691658060000.0,0.0,0.0,0.0,1833.6088888888892,0.0,0.0,1850.97,0.9500856114059091,1.0,1209.6282040199958,1000.0,1209.6282040199958,1000.0,0.0,0.0
5314,1691661660000.0,0.0,0.0,0.0,1833.6088888888892,0.0,0.0,1851.54,0.9500856114059091,1.0,1209.6282040199958,1000.0,1209.6282040199958,1000.0,0.0,0.0
5315,1691665260000.0,0.0,0.0,0.0,1833.6088888888892,0.0,0.0,1853.6,0.9500856114059091,1.0,1209.6282040199958,1000.0,1209.6282040199958,1000.0,0.0,0.0
5316,1691668860000.0,0.0,0.0,0.0,1833.6088888888892,0.0,0.0,1849.62,0.9500856114059091,1.0,1209.6282040199958,1000.0,1209.6282040199958,1000.0,0.0,0.0
5317,1691672460000.0,0.0,0.0,0.0,1833.6088888888892,0.0,0.0,1855.4,0.9500856114059091,1.0,1209.6282040199958,1000.0,1209.6282040199958,1000.0,0.0,0.0
5318,1691676060000.0,0.0,0.0,0.0,1833.6088888888892,0.0,0.0,1864.03,0.9500856114059091,1.0,1209.6282040199958,1000.0,1209.6282040199958,1000.0,0.0,0.0
5319,1691679660000.0,0.0,0.0,0.0,1833.6088888888892,0.0,0.0,1852.49,0.9500856114059091,1.0,1209.6282040199958,1000.0,1209.6282040199958,1000.0,0.0,0.0
5320,1691683260000.0,0.0,0.0,0.0,1833.6088888888892,0.0,0.0,1852.28,0.9500856114059091,1.0,1209.6282040199958,1000.0,1209.6282040199958,1000.0,0.0,0.0
5321,1691686860000.0,0.0,0.0,0.0,1833.6088888888892,0.0,0.0,1850.48,0.9500856114059091,1.0,1209.6282040199958,1000.0,1209.6282040199958,1000.0,0.0,0.0
5322,1691690460000.0,0.0,0.0,0.0,1833.6088888888892,0.0,0.0,1847.0,0.9500856114059091,1.0,1209.6282040199958,1000.0,1209.6282040199958,1000.0,0.0,0.0
5323,1691694060000.0,0.0,0.0,0.0,1833.6088888888892,0.0,0.0,1848.99,0.9500856114059091,1.0,1209.6282040199958,1000.0,1209.6282040199958,1000.0,0.0,0.0
5324,1691697660000.0,0.0,0.0,0.0,1833.6088888888892,0.0,0.0,1849.36,0.9500856114059091,1.0,1209.6282040199958,1000.0,1209.6282040199958,1000.0,0.0,0.0
5325,1691701260000.0,0.0,0.0,0.0,1833.6088888888892,0.0,0.0,1849.51,0.9500856114059091,1.0,1209.6282040199958,1000.0,1209.6282040199958,1000.0,0.0,0.0
5326,1691704860000.0,0.0,0.0,0.0,1833.6088888888892,0.0,0.0,1848.87,0.9500856114059091,1.0,1209.6282040199958,1000.0,1209.6282040199958,1000.0,0.0,0.0
5327,1691708460000.0,0.0,0.0,0.0,1833.6088888888892,0.0,0.0,1850.33,0.9500856114059091,1.0,1209.6282040199958,1000.0,1209.6282040199958,1000.0,0.0,0.0
5328,1691712060000.0,0.0,0.0,0.0,1833.6088888888892,0.0,0.0,1851.37,0.9500856114059091,1.0,1209.6282040199958,1000.0,1209.6282040199958,1000.0,0.0,0.0
5329,1691715660000.0,0.0,0.0,0.0,1833.6088888888892,0.0,0.0,1853.51,0.9500856114059091,1.0,1209.6282040199958,1000.0,1209.6282040199958,1000.0,0.0,0.0
5330,1691719260000.0,0.0,0.0,0.0,1833.6088888888892,0.0,0.0,1850.25,0.9500856114059091,1.0,1209.6282040199958,1000.0,1209.6282040199958,1000.0,0.0,0.0
5331,1691722860000.0,0.0,0.0,0.0,1833.6088888888892,0.0,0.0,1843.67,0.9500856114059091,1.0,1209.6282040199958,1000.0,1209.6282040199958,1000.0,0.0,0.0
5332,1691726460000.0,0.0,0.0,0.0,1833.6088888888892,0.0,0.0,1845.76,0.9500856114059091,1.0,1209.6282040199958,1000.0,1209.6282040199958,1000.0,0.0,0.0
5333,1691730060000.0,0.0,0.0,0.0,1833.6088888888892,0.0,0.0,1847.59,0.9500856114059091,1.0,1209.6282040199958,1000.0,1209.6282040199958,1000.0,0.0,0.0
5334,1691733660000.0,0.0,0.0,0.0,1833.6088888888892,0.0,0.0,1848.6,0.9500856114059091,1.0,1209.6282040199958,1000.0,1209.6282040199958,1000.0,0.0,0.0
5335,1691737260000.0,0.0,0.0,0.0,1833.6088888888892,0.0,0.0,1849.77,0.9500856114059091,1.0,1209.6282040199958,1000.0,1209.6282040199958,1000.0,0.0,0.0
5336,1691740860000.0,0.0,0.0,0.0,1833.6088888888892,0.0,0.0,1848.88,0.9500856114059091,1.0,1209.6282040199958,1000.0,1209.6282040199958,1000.0,0.0,0.0
5337,1691744460000.0,0.0,0.0,0.0,1833.6088888888892,0.0,0.0,1847.74,0.9500856114059091,1.0,1209.6282040199958,1000.0,1209.6282040199958,1000.0,0.0,0.0
5338,1691748060000.0,0.0,0.0,0.0,1833.6088888888892,0.0,0.0,1845.77,0.9500856114059091,1.0,1209.6282040199958,1000.0,1209.6282040199958,1000.0,0.0,0.0
5339,1691751660000.0,0.0,0.0,0.0,1833.6088888888892,0.0,0.0,1847.5,0.9500856114059091,1.0,1209.6282040199958,1000.0,1209.6282040199958,1000.0,0.0,0.0
5340,1691755260000.0,0.0,0.0,0.0,1833.6088888888892,0.0,0.0,1851.55,0.9500856114059091,1.0,1209.6282040199958,1000.0,1209.6282040199958,1000.0,0.0,0.0
5341,1691758860000.0,0.0,0.0,0.0,1833.6088888888892,0.0,0.0,1849.17,0.9500856114059091,1.0,1209.6282040199958,1000.0,1209.6282040199958,1000.0,0.0,0.0
5342,1691762460000.0,0.0,0.0,0.0,1833.6088888888892,0.0,0.0,1852.27,0.9500856114059091,1.0,1209.6282040199958,1000.0,1209.6282040199958,1000.0,0.0,0.0
5343,1691766060000.0,0.0,0.0,0.0,1833.6088888888892,0.0,0.0,1852.9,0.9500856114059091,1.0,1209.6282040199958,1000.0,1209.6282040199958,1000.0,0.0,0.0
5344,1691769660000.0,0.0,0.0,0.0,1833.6088888888892,0.0,0.0,1845.58,0.9500856114059091,1.0,1209.6282040199958,1000.0,1209.6282040199958,1000.0,0.0,0.0
5345,1691773260000.0,0.0,0.0,0.03,1838.56,0.0,0.0,1842.88,0.9500856114059091,1.0,1209.6171726599957,1000.0,1209.7467726599957,1000.0,0.04559855898764072,0.0
5346,1691776860000.0,0.0,0.0,0.03,1838.56,0.0,0.0,1841.73,0.9500856114059091,1.0,1209.6171726599957,1000.0,1209.7122726599957,1000.0,0.04559855898764072,0.0
5347,1691780460000.0,0.0,0.0,0.03,1838.56,0.0,0.0,1843.35,0.9500856114059091,1.0,1209.6171726599957,1000.0,1209.7608726599958,1000.0,0.04559855898764072,0.0
5348,1691784060000.0,0.0,0.0,0.03,1838.56,0.0,0.0,1843.58,0.9500856114059091,1.0,1209.6171726599957,1000.0,1209.7677726599957,1000.0,0.04559855898764072,0.0
5349,1691787660000.0,0.0,0.0,0.03,1838.56,0.0,0.0,1844.82,0.9500856114059091,1.0,1209.6171726599957,1000.0,1209.8049726599957,1000.0,0.04559855898764072,0.0
5350,1691791260000.0,0.0,0.0,0.03,1838.56,0.0,0.0,1844.6,0.9500856114059091,1.0,1209.6171726599957,1000.0,1209.7983726599957,1000.0,0.04559855898764072,0.0
5351,1691794860000.0,0.0,0.0,0.03,1838.56,0.0,0.0,1846.27,0.9500856114059091,1.0,1209.6171726599957,1000.0,1209.8484726599957,1000.0,0.04559855898764072,0.0
5352,1691798460000.0,0.0,0.0,0.03,1838.56,0.0,0.0,1847.98,0.9500856114059091,1.0,1209.6171726599957,1000.0,1209.8997726599957,1000.0,0.04559855898764072,0.0
5353,1691802060000.0,0.0,0.0,0.02,1838.56,0.0,0.0,1851.79,0.9500856114059091,1.0,1209.7474687399958,1000.0,1210.0120687399958,1000.0,0.030395765190811923,0.0
5354,1691805660000.0,0.0,0.0,0.02,1838.56,0.0,0.0,1848.31,0.9500856114059091,1.0,1209.7474687399958,1000.0,1209.9424687399958,1000.0,0.030395765190811923,0.0
5355,1691809260000.0,0.0,0.0,0.02,1838.56,0.0,0.0,1847.73,0.9500856114059091,1.0,1209.7474687399958,1000.0,1209.9308687399957,1000.0,0.030395765190811923,0.0
5356,1691812860000.0,0.0,0.0,0.02,1838.56,0.0,0.0,1847.32,0.9500856114059091,1.0,1209.7474687399958,1000.0,1209.9226687399957,1000.0,0.030395765190811923,0.0
5357,1691816460000.0,0.0,0.0,0.02,1838.56,0.0,0.0,1847.94,0.9500856114059091,1.0,1209.7474687399958,1000.0,1209.9350687399958,1000.0,0.030395765190811923,0.0
5358,1691820060000.0,0.0,0.0,0.02,1838.56,0.0,0.0,1846.55,0.9500856114059091,1.0,1209.7474687399958,1000.0,1209.9072687399957,1000.0,0.030395765190811923,0.0
5359,1691823660000.0,0.0,0.0,0.02,1838.56,0.0,0.0,1848.7,0.9500856114059091,1.0,1209.7474687399958,1000.0,1209.9502687399959,1000.0,0.030395765190811923,0.0
5360,1691827260000.0,0.0,0.0,0.02,1838.56,0.0,0.0,1850.01,0.9500856114059091,1.0,1209.7474687399958,1000.0,1209.9764687399959,1000.0,0.030395765190811923,0.0
5361,1691830860000.0,0.0,0.0,0.02,1838.56,0.0,0.0,1848.22,0.9500856114059091,1.0,1209.7474687399958,1000.0,1209.9406687399958,1000.0,0.030395765190811923,0.0
5362,1691834460000.0,0.0,0.0,0.02,1838.56,0.0,0.0,1849.8,0.9500856114059091,1.0,1209.7474687399958,1000.0,1209.9722687399958,1000.0,0.030395765190811923,0.0
5363,1691838060000.0,0.0,0.0,0.02,1838.56,0.0,0.0,1850.79,0.9500856114059091,1.0,1209.7474687399958,1000.0,1209.9920687399958,1000.0,0.030395765190811923,0.0
5364,1691841660000.0,0.0,0.0,0.02,1838.56,0.0,0.0,1850.5,0.9500856114059091,1.0,1209.7474687399958,1000.0,1209.986268739996,1000.0,0.030395765190811923,0.0
5365,1691845260000.0,0.0,0.0,0.02,1838.56,0.0,0.0,1851.51,0.9500856114059091,1.0,1209.7474687399958,1000.0,1210.0064687399959,1000.0,0.030395765190811923,0.0
5366,1691848860000.0,0.0,0.0,0.0,1838.56,0.0,0.0,1851.0,0.9500856114059091,1.0,1210.008060899996,1000.0,1210.008060899996,1000.0,0.0,0.0
5367,1691852460000.0,0.0,0.0,0.0,1838.56,0.0,0.0,1852.57,0.9500856114059091,1.0,1210.008060899996,1000.0,1210.008060899996,1000.0,0.0,0.0
5368,1691856060000.0,0.0,0.0,0.0,1838.56,0.0,0.0,1850.63,0.9500856114059091,1.0,1210.008060899996,1000.0,1210.008060899996,1000.0,0.0,0.0
5369,1691859660000.0,0.0,0.0,0.0,1838.56,0.0,0.0,1851.6,0.9500856114059091,1.0,1210.008060899996,1000.0,1210.008060899996,1000.0,0.0,0.0
5370,1691863260000.0,0.0,0.0,0.0,1838.56,0.0,0.0,1848.1,0.9500856114059091,1.0,1210.008060899996,1000.0,1210.008060899996,1000.0,0.0,0.0
5371,1691866860000.0,0.0,0.0,0.0,1838.56,0.0,0.0,1847.95,0.9500856114059091,1.0,1210.008060899996,1000.0,1210.008060899996,1000.0,0.0,0.0
5372,1691870460000.0,0.0,0.0,0.0,1838.56,0.0,0.0,1846.61,0.9500856114059091,1.0,1210.008060899996,1000.0,1210.008060899996,1000.0,0.0,0.0
5373,1691874060000.0,0.0,0.0,0.0,1838.56,0.0,0.0,1846.34,0.9500856114059091,1.0,1210.008060899996,1000.0,1210.008060899996,1000.0,0.0,0.0
5374,1691877660000.0,0.0,0.0,0.0,1838.56,0.0,0.0,1848.76,0.9500856114059091,1.0,1210.008060899996,1000.0,1210.008060899996,1000.0,0.0,0.0
5375,1691881260000.0,0.0,0.0,0.0,1838.56,0.0,0.0,1849.25,0.9500856114059091,1.0,1210.008060899996,1000.0,1210.008060899996,1000.0,0.0,0.0
5376,1691884860000.0,0.0,0.0,0.0,1838.56,0.0,0.0,1849.34,0.9500856114059091,1.0,1210.008060899996,1000.0,1210.008060899996,1000.0,0.0,0.0
5377,1691888460000.0,0.0,0.0,0.0,1838.56,0.0,0.0,1850.8,0.9500856114059091,1.0,1210.008060899996,1000.0,1210.008060899996,1000.0,0.0,0.0
5378,1691892060000.0,0.0,0.0,0.0,1838.56,0.0,0.0,1850.88,0.9500856114059091,1.0,1210.008060899996,1000.0,1210.008060899996,1000.0,0.0,0.0
5379,1691895660000.0,0.0,0.0,0.0,1838.56,0.0,0.0,1850.0,0.9500856114059091,1.0,1210.008060899996,1000.0,1210.008060899996,1000.0,0.0,0.0
5380,1691899260000.0,0.0,0.0,0.0,1838.56,0.0,0.0,1848.96,0.9500856114059091,1.0,1210.008060899996,1000.0,1210.008060899996,1000.0,0.0,0.0
5381,1691902860000.0,0.0,0.0,0.0,1838.56,0.0,0.0,1847.74,0.9500856114059091,1.0,1210.008060899996,1000.0,1210.008060899996,1000.0,0.0,0.0
5382,1691906460000.0,0.0,0.0,0.0,1838.56,0.0,0.0,1847.37,0.9500856114059091,1.0,1210.008060899996,1000.0,1210.008060899996,1000.0,0.0,0.0
5383,1691910060000.0,0.0,0.0,0.0,1838.56,0.0,0.0,1848.33,0.9500856114059091,1.0,1210.008060899996,1000.0,1210.008060899996,1000.0,0.0,0.0
5384,1691913660000.0,0.0,0.0,0.0,1838.56,0.0,0.0,1848.9,0.9500856114059091,1.0,1210.008060899996,1000.0,1210.008060899996,1000.0,0.0,0.0
5385,1691917260000.0,0.0,0.0,0.0,1838.56,0.0,0.0,1850.45,0.9500856114059091,1.0,1210.008060899996,1000.0,1210.008060899996,1000.0,0.0,0.0
5386,1691920860000.0,0.0,0.0,0.0,1838.56,0.0,0.0,1850.38,0.9500856114059091,1.0,1210.008060899996,1000.0,1210.008060899996,1000.0,0.0,0.0
5387,1691924460000.0,0.0,0.0,0.0,1838.56,0.0,0.0,1850.01,0.9500856114059091,1.0,1210.008060899996,1000.0,1210.008060899996,1000.0,0.0,0.0
5388,1691928060000.0,0.0,0.0,0.0,1838.56,0.0,0.0,1848.9,0.9500856114059091,1.0,1210.008060899996,1000.0,1210.008060899996,1000.0,0.0,0.0
5389,1691931660000.0,0.0,0.0,0.0,1838.56,0.0,0.0,1850.35,0.9500856114059091,1.0,1210.008060899996,1000.0,1210.008060899996,1000.0,0.0,0.0
5390,1691935260000.0,0.0,0.0,0.0,1838.56,0.0,0.0,1849.0,0.9500856114059091,1.0,1210.008060899996,1000.0,1210.008060899996,1000.0,0.0,0.0
5391,1691938860000.0,0.0,0.0,0.0,1838.56,0.0,0.0,1848.41,0.9500856114059091,1.0,1210.008060899996,1000.0,1210.008060899996,1000.0,0.0,0.0
5392,1691942460000.0,0.0,0.0,0.0,1838.56,0.0,0.0,1846.79,0.9500856114059091,1.0,1210.008060899996,1000.0,1210.008060899996,1000.0,0.0,0.0
5393,1691946060000.0,0.0,0.0,0.0,1838.56,0.0,0.0,1847.52,0.9500856114059091,1.0,1210.008060899996,1000.0,1210.008060899996,1000.0,0.0,0.0
5394,1691949660000.0,0.0,0.0,0.0,1838.56,0.0,0.0,1849.54,0.9500856114059091,1.0,1210.008060899996,1000.0,1210.008060899996,1000.0,0.0,0.0
5395,1691953260000.0,0.0,0.0,0.0,1838.56,0.0,0.0,1855.35,0.9500856114059091,1.0,1210.008060899996,1000.0,1210.008060899996,1000.0,0.0,0.0
5396,1691956860000.0,0.0,0.0,0.0,1838.56,0.0,0.0,1858.6,0.9500856114059091,1.0,1210.008060899996,1000.0,1210.008060899996,1000.0,0.0,0.0
5397,1691960460000.0,0.0,0.0,0.0,1838.56,0.0,0.0,1854.41,0.9500856114059091,1.0,1210.008060899996,1000.0,1210.008060899996,1000.0,0.0,0.0
5398,1691964060000.0,0.0,0.0,0.0,1838.56,0.0,0.0,1846.09,0.9500856114059091,1.0,1210.008060899996,1000.0,1210.008060899996,1000.0,0.0,0.0
5399,1691967660000.0,0.0,0.0,0.03,1839.51,0.0,0.0,1837.51,0.9500856114059091,1.0,1209.997023839996,1000.0,1209.937023839996,1000.0,0.04560779812901212,0.0
5400,1691971260000.0,0.0,0.0,0.03,1839.51,0.0,0.0,1839.03,0.9500856114059091,1.0,1209.997023839996,1000.0,1209.982623839996,1000.0,0.04560779812901212,0.0
5401,1691974860000.0,0.0,0.0,0.03,1839.51,0.0,0.0,1839.3,0.9500856114059091,1.0,1209.997023839996,1000.0,1209.990723839996,1000.0,0.04560779812901212,0.0
5402,1691978460000.0,0.0,0.0,0.03,1839.51,0.0,0.0,1840.73,0.9500856114059091,1.0,1209.997023839996,1000.0,1210.033623839996,1000.0,0.04560779812901212,0.0
5403,1691982060000.0,0.0,0.0,0.03,1839.51,0.0,0.0,1843.59,0.9500856114059091,1.0,1209.997023839996,1000.0,1210.119423839996,1000.0,0.04560779812901212,0.0
5404,1691985660000.0,0.0,0.0,0.03,1839.51,0.0,0.0,1847.26,0.9500856114059091,1.0,1209.997023839996,1000.0,1210.229523839996,1000.0,0.04560779812901212,0.0
5405,1691989260000.0,0.0,0.0,0.03,1839.51,0.0,0.0,1847.69,0.9500856114059091,1.0,1209.997023839996,1000.0,1210.242423839996,1000.0,0.04560779812901212,0.0
5406,1691992860000.0,0.0,0.0,0.03,1839.51,0.0,0.0,1850.95,0.9500856114059091,1.0,1209.997023839996,1000.0,1210.340223839996,1000.0,0.04560779812901212,0.0
5407,1691996460000.0,0.0,0.0,0.03,1839.51,0.0,0.0,1849.06,0.9500856114059091,1.0,1209.997023839996,1000.0,1210.283523839996,1000.0,0.04560779812901212,0.0
5408,1692000060000.0,0.0,0.0,0.03,1839.51,0.0,0.0,1849.8,0.9500856114059091,1.0,1209.997023839996,1000.0,1210.305723839996,1000.0,0.04560779812901212,0.0
5409,1692003660000.0,0.0,0.0,0.03,1839.51,0.0,0.0,1848.0,0.9500856114059091,1.0,1209.997023839996,1000.0,1210.251723839996,1000.0,0.04560779812901212,0.0
5410,1692007260000.0,0.0,0.0,0.03,1839.51,0.0,0.0,1848.75,0.9500856114059091,1.0,1209.997023839996,1000.0,1210.274223839996,1000.0,0.04560779812901212,0.0
5411,1692010860000.0,0.0,0.0,0.03,1839.51,0.0,0.0,1849.07,0.9500856114059091,1.0,1209.997023839996,1000.0,1210.283823839996,1000.0,0.04560779812901212,0.0
5412,1692014460000.0,0.0,0.0,0.03,1839.51,0.0,0.0,1847.57,0.9500856114059091,1.0,1209.997023839996,1000.0,1210.238823839996,1000.0,0.04560779812901212,0.0
5413,1692018060000.0,0.0,0.0,0.03,1839.51,0.0,0.0,1846.36,0.9500856114059091,1.0,1209.997023839996,1000.0,1210.202523839996,1000.0,0.04560779812901212,0.0
5414,1692021660000.0,0.0,0.0,0.03,1839.51,0.0,0.0,1845.83,0.9500856114059091,1.0,1209.997023839996,1000.0,1210.186623839996,1000.0,0.04560779812901212,0.0
5415,1692025260000.0,0.0,0.0,0.0,1839.51,0.0,0.0,1852.17,0.9500856114059091,1.0,1210.3882063199958,1000.0,1210.3882063199958,1000.0,0.0,0.0
5416,1692028860000.0,0.0,0.0,0.0,1839.51,0.0,0.0,1853.75,0.9500856114059091,1.0,1210.3882063199958,1000.0,1210.3882063199958,1000.0,0.0,0.0
5417,1692032460000.0,0.0,0.0,0.0,1839.51,0.0,0.0,1853.07,0.9500856114059091,1.0,1210.3882063199958,1000.0,1210.3882063199958,1000.0,0.0,0.0
5418,1692036060000.0,0.0,0.0,0.0,1839.51,0.0,0.0,1846.06,0.9500856114059091,1.0,1210.3882063199958,1000.0,1210.3882063199958,1000.0,0.0,0.0
5419,1692039660000.0,0.0,0.0,0.0,1839.51,0.0,0.0,1841.88,0.9500856114059091,1.0,1210.3882063199958,1000.0,1210.3882063199958,1000.0,0.0,0.0
5420,1692043260000.0,0.0,0.0,0.0,1839.51,0.0,0.0,1841.01,0.9500856114059091,1.0,1210.3882063199958,1000.0,1210.3882063199958,1000.0,0.0,0.0
5421,1692046860000.0,0.0,0.0,0.0,1839.51,0.0,0.0,1845.26,0.9500856114059091,1.0,1210.3882063199958,1000.0,1210.3882063199958,1000.0,0.0,0.0
5422,1692050460000.0,0.0,0.0,0.0,1839.51,0.0,0.0,1844.9,0.9500856114059091,1.0,1210.3882063199958,1000.0,1210.3882063199958,1000.0,0.0,0.0
5423,1692054060000.0,0.0,0.0,0.0,1839.51,0.0,0.0,1845.2,0.9500856114059091,1.0,1210.3882063199958,1000.0,1210.3882063199958,1000.0,0.0,0.0
5424,1692057660000.0,0.0,0.0,0.0,1839.51,0.0,0.0,1844.76,0.9500856114059091,1.0,1210.3882063199958,1000.0,1210.3882063199958,1000.0,0.0,0.0
5425,1692061260000.0,0.0,0.0,0.0,1839.51,0.0,0.0,1846.91,0.9500856114059091,1.0,1210.3882063199958,1000.0,1210.3882063199958,1000.0,0.0,0.0
5426,1692064860000.0,0.0,0.0,0.0,1839.51,0.0,0.0,1845.56,0.9500856114059091,1.0,1210.3882063199958,1000.0,1210.3882063199958,1000.0,0.0,0.0
5427,1692068460000.0,0.0,0.0,0.0,1839.51,0.0,0.0,1843.46,0.9500856114059091,1.0,1210.3882063199958,1000.0,1210.3882063199958,1000.0,0.0,0.0
5428,1692072060000.0,0.0,0.0,0.0,1839.51,0.0,0.0,1844.23,0.9500856114059091,1.0,1210.3882063199958,1000.0,1210.3882063199958,1000.0,0.0,0.0
5429,1692075660000.0,0.0,0.0,0.0,1839.51,0.0,0.0,1842.39,0.9500856114059091,1.0,1210.3882063199958,1000.0,1210.3882063199958,1000.0,0.0,0.0
5430,1692079260000.0,0.0,0.0,0.0,1839.51,0.0,0.0,1842.62,0.9500856114059091,1.0,1210.3882063199958,1000.0,1210.3882063199958,1000.0,0.0,0.0
5431,1692082860000.0,0.0,0.0,0.0,1839.51,0.0,0.0,1841.56,0.9500856114059091,1.0,1210.3882063199958,1000.0,1210.3882063199958,1000.0,0.0,0.0
5432,1692086460000.0,0.0,0.0,0.0,1839.51,0.0,0.0,1842.46,0.9500856114059091,1.0,1210.3882063199958,1000.0,1210.3882063199958,1000.0,0.0,0.0
5433,1692090060000.0,0.0,0.0,0.0,1839.51,0.0,0.0,1842.37,0.9500856114059091,1.0,1210.3882063199958,1000.0,1210.3882063199958,1000.0,0.0,0.0
5434,1692093660000.0,0.0,0.0,0.0,1839.51,0.0,0.0,1843.2,0.9500856114059091,1.0,1210.3882063199958,1000.0,1210.3882063199958,1000.0,0.0,0.0
5435,1692097260000.0,0.0,0.0,0.0,1839.51,0.0,0.0,1842.26,0.9500856114059091,1.0,1210.3882063199958,1000.0,1210.3882063199958,1000.0,0.0,0.0
5436,1692100860000.0,0.0,0.0,0.0,1839.51,0.0,0.0,1839.3,0.9500856114059091,1.0,1210.3882063199958,1000.0,1210.3882063199958,1000.0,0.0,0.0
5437,1692104460000.0,0.0,0.0,0.0,1839.51,0.0,0.0,1841.81,0.9500856114059091,1.0,1210.3882063199958,1000.0,1210.3882063199958,1000.0,0.0,0.0
5438,1692108060000.0,0.0,0.0,0.0,1839.51,0.0,0.0,1840.54,0.9500856114059091,1.0,1210.3882063199958,1000.0,1210.3882063199958,1000.0,0.0,0.0
5439,1692111660000.0,0.0,0.0,0.0,1839.51,0.0,0.0,1844.0,0.9500856114059091,1.0,1210.3882063199958,1000.0,1210.3882063199958,1000.0,0.0,0.0
5440,1692115260000.0,0.0,0.0,0.0,1839.51,0.0,0.0,1840.14,0.9500856114059091,1.0,1210.3882063199958,1000.0,1210.3882063199958,1000.0,0.0,0.0
5441,1692118860000.0,0.0,0.0,0.0,1839.51,0.0,0.0,1837.83,0.9500856114059091,1.0,1210.3882063199958,1000.0,1210.3882063199958,1000.0,0.0,0.0
5442,1692122460000.0,0.0,0.0,0.0,1839.51,0.0,0.0,1840.49,0.9500856114059091,1.0,1210.3882063199958,1000.0,1210.3882063199958,1000.0,0.0,0.0
5443,1692126060000.0,0.0,0.0,0.0,1839.51,0.0,0.0,1839.63,0.9500856114059091,1.0,1210.3882063199958,1000.0,1210.3882063199958,1000.0,0.0,0.0
5444,1692129660000.0,0.0,0.0,0.03,1831.74,0.0,0.0,1825.58,0.9500856114059091,1.0,1210.377215879996,1000.0,1210.192415879996,1000.0,0.045400887656371985,0.0
5445,1692133260000.0,0.0,0.0,0.03,1831.74,0.0,0.0,1828.69,0.9500856114059091,1.0,1210.377215879996,1000.0,1210.285715879996,1000.0,0.045400887656371985,0.0
5446,1692136860000.0,0.0,0.0,0.03,1831.74,0.0,0.0,1828.82,0.9500856114059091,1.0,1210.377215879996,1000.0,1210.2896158799958,1000.0,0.045400887656371985,0.0
5447,1692140460000.0,0.0,0.0,0.03,1831.74,0.0,0.0,1828.38,0.9500856114059091,1.0,1210.377215879996,1000.0,1210.276415879996,1000.0,0.045400887656371985,0.0
5448,1692144060000.0,0.0,0.0,0.03,1831.74,0.0,0.0,1828.28,0.9500856114059091,1.0,1210.377215879996,1000.0,1210.2734158799958,1000.0,0.045400887656371985,0.0
5449,1692147660000.0,0.0,0.0,0.03,1831.74,0.0,0.0,1828.84,0.9500856114059091,1.0,1210.377215879996,1000.0,1210.290215879996,1000.0,0.045400887656371985,0.0
5450,1692151260000.0,0.0,0.0,0.03,1831.74,0.0,0.0,1830.18,0.9500856114059091,1.0,1210.377215879996,1000.0,1210.3304158799958,1000.0,0.045400887656371985,0.0
5451,1692154860000.0,0.0,0.0,0.03,1831.74,0.0,0.0,1831.13,0.9500856114059091,1.0,1210.377215879996,1000.0,1210.358915879996,1000.0,0.045400887656371985,0.0
5452,1692158460000.0,0.0,0.0,0.03,1831.74,0.0,0.0,1828.51,0.9500856114059091,1.0,1210.377215879996,1000.0,1210.280315879996,1000.0,0.045400887656371985,0.0
5453,1692162060000.0,0.0,0.0,0.03,1831.74,0.0,0.0,1826.23,0.9500856114059091,1.0,1210.377215879996,1000.0,1210.211915879996,1000.0,0.045400887656371985,0.0
5454,1692165660000.0,0.0,0.0,0.03,1831.74,0.0,0.0,1823.89,0.9500856114059091,1.0,1210.377215879996,1000.0,1210.141715879996,1000.0,0.045400887656371985,0.0
5455,1692169260000.0,0.0,0.0,0.03,1831.74,0.0,0.0,1825.48,0.9500856114059091,1.0,1210.377215879996,1000.0,1210.189415879996,1000.0,0.045400887656371985,0.0
5456,1692172860000.0,0.0,0.0,0.03,1831.74,0.0,0.0,1827.0,0.9500856114059091,1.0,1210.377215879996,1000.0,1210.235015879996,1000.0,0.045400887656371985,0.0
5457,1692176460000.0,0.0,0.0,0.03,1831.74,0.0,0.0,1825.24,0.9500856114059091,1.0,1210.377215879996,1000.0,1210.182215879996,1000.0,0.045400887656371985,0.0
5458,1692180060000.0,0.0,0.0,0.03,1831.74,0.0,0.0,1824.76,0.9500856114059091,1.0,1210.377215879996,1000.0,1210.167815879996,1000.0,0.045400887656371985,0.0
5459,1692183660000.0,0.0,0.0,0.03,1831.74,0.0,0.0,1826.45,0.9500856114059091,1.0,1210.377215879996,1000.0,1210.218515879996,1000.0,0.045400887656371985,0.0
5460,1692187260000.0,0.0,0.0,0.03,1831.74,0.0,0.0,1824.78,0.9500856114059091,1.0,1210.377215879996,1000.0,1210.1684158799958,1000.0,0.045400887656371985,0.0
5461,1692190860000.0,0.0,0.0,0.03,1831.74,0.0,0.0,1824.52,0.9500856114059091,1.0,1210.377215879996,1000.0,1210.160615879996,1000.0,0.045400887656371985,0.0
5462,1692194460000.0,0.0,0.0,0.03,1831.74,0.0,0.0,1820.5,0.9500856114059091,1.0,1210.377215879996,1000.0,1210.040015879996,1000.0,0.045400887656371985,0.0
5463,1692198060000.0,0.0,0.0,0.03,1831.74,0.0,0.0,1826.52,0.9500856114059091,1.0,1210.377215879996,1000.0,1210.2206158799959,1000.0,0.045400887656371985,0.0
5464,1692201660000.0,0.0,0.0,0.03,1831.74,0.0,0.0,1820.79,0.9500856114059091,1.0,1210.377215879996,1000.0,1210.0487158799958,1000.0,0.045400887656371985,0.0
5465,1692205260000.0,0.0,0.0,0.03,1831.74,0.0,0.0,1821.5,0.9500856114059091,1.0,1210.377215879996,1000.0,1210.070015879996,1000.0,0.045400887656371985,0.0
5466,1692208860000.0,0.0,0.0,0.03,1831.74,0.0,0.0,1824.95,0.9500856114059091,1.0,1210.377215879996,1000.0,1210.1735158799959,1000.0,0.045400887656371985,0.0
5467,1692212460000.0,0.0,0.0,0.03,1831.74,0.0,0.0,1823.42,0.9500856114059091,1.0,1210.377215879996,1000.0,1210.1276158799958,1000.0,0.045400887656371985,0.0
5468,1692216060000.0,0.0,0.0,0.03,1831.74,0.0,0.0,1821.59,0.9500856114059091,1.0,1210.377215879996,1000.0,1210.072715879996,1000.0,0.045400887656371985,0.0
5469,1692219660000.0,0.0,0.0,0.03,1831.74,0.0,0.0,1807.39,0.9500856114059091,1.0,1210.377215879996,1000.0,1209.646715879996,1000.0,0.045400887656371985,0.0
5470,1692223260000.0,0.0,0.0,0.03,1831.74,0.0,0.0,1812.28,0.9500856114059091,1.0,1210.377215879996,1000.0,1209.7934158799958,1000.0,0.045400887656371985,0.0
5471,1692226860000.0,0.0,0.0,0.03,1831.74,0.0,0.0,1811.42,0.9500856114059091,1.0,1210.377215879996,1000.0,1209.767615879996,1000.0,0.045400887656371985,0.0
5472,1692230460000.0,0.0,0.0,0.03,1831.74,0.0,0.0,1806.82,0.9500856114059091,1.0,1210.377215879996,1000.0,1209.629615879996,1000.0,0.045400887656371985,0.0
5473,1692234060000.0,0.0,0.0,0.08,1806.9212499999999,0.0,0.0,1797.39,0.9500856114059091,1.0,1210.359295579996,1000.0,1209.5967955799958,1000.0,0.11943040428398648,0.0
5474,1692237660000.0,0.0,0.0,0.08,1806.9212499999999,0.0,0.0,1797.83,0.9500856114059091,1.0,1210.359295579996,1000.0,1209.6319955799959,1000.0,0.11943040428398648,0.0
5475,1692241260000.0,0.0,0.0,0.08,1806.9212499999999,0.0,0.0,1795.91,0.9500856114059091,1.0,1210.359295579996,1000.0,1209.478395579996,1000.0,0.11943040428398648,0.0
5476,1692244860000.0,0.0,0.0,0.08,1806.9212499999999,0.0,0.0,1797.51,0.9500856114059091,1.0,1210.359295579996,1000.0,1209.606395579996,1000.0,0.11943040428398648,0.0
5477,1692248460000.0,0.0,0.0,0.08,1806.9212499999999,0.0,0.0,1798.89,0.9500856114059091,1.0,1210.359295579996,1000.0,1209.716795579996,1000.0,0.11943040428398648,0.0
5478,1692252060000.0,0.0,0.0,0.08,1806.9212499999999,0.0,0.0,1802.1,0.9500856114059091,1.0,1210.359295579996,1000.0,1209.9735955799958,1000.0,0.11943040428398648,0.0
5479,1692255660000.0,0.0,0.0,0.08,1806.9212499999999,0.0,0.0,1802.35,0.9500856114059091,1.0,1210.359295579996,1000.0,1209.9935955799958,1000.0,0.11943040428398648,0.0
5480,1692259260000.0,0.0,0.0,0.08,1806.9212499999999,0.0,0.0,1799.64,0.9500856114059091,1.0,1210.359295579996,1000.0,1209.776795579996,1000.0,0.11943040428398648,0.0
5481,1692262860000.0,0.0,0.0,0.08,1806.9212499999999,0.0,0.0,1792.85,0.9500856114059091,1.0,1210.359295579996,1000.0,1209.2335955799958,1000.0,0.11943040428398648,0.0
5482,1692266460000.0,0.0,0.0,0.08,1806.9212499999999,0.0,0.0,1792.85,0.9500856114059091,1.0,1210.359295579996,1000.0,1209.2335955799958,1000.0,0.11943040428398648,0.0
5483,1692270060000.0,0.0,0.0,0.08,1806.9212499999999,0.0,0.0,1786.86,0.9500856114059091,1.0,1210.359295579996,1000.0,1208.7543955799958,1000.0,0.11943040428398648,0.0
5484,1692273660000.0,0.0,0.0,0.08,1806.9212499999999,0.0,0.0,1787.71,0.9500856114059091,1.0,1210.359295579996,1000.0,1208.8223955799958,1000.0,0.11943040428398648,0.0
5485,1692277260000.0,0.0,0.0,0.08,1806.9212499999999,0.0,0.0,1789.93,0.9500856114059091,1.0,1210.359295579996,1000.0,1208.9999955799958,1000.0,0.11943040428398648,0.0
5486,1692280860000.0,0.0,0.0,0.08,1806.9212499999999,0.0,0.0,1784.54,0.9500856114059091,1.0,1210.359295579996,1000.0,1208.5687955799958,1000.0,0.11943040428398648,0.0
5487,1692284460000.0,0.0,0.0,0.08,1806.9212499999999,0.0,0.0,1776.41,0.9500856114059091,1.0,1210.359295579996,1000.0,1207.9183955799958,1000.0,0.11943040428398648,0.0
5488,1692288060000.0,0.0,0.0,0.69,1747.5889855072464,0.0,0.0,1737.36,0.9500856114059091,1.0,1210.147039039996,1000.0,1203.0890390399957,1000.0,0.9964379212600349,0.0
5489,1692291660000.0,0.0,0.0,0.69,1747.5889855072464,0.0,0.0,1741.62,0.9500856114059091,1.0,1210.147039039996,1000.0,1206.0284390399959,1000.0,0.9964379212600349,0.0
5490,1692295260000.0,0.0,0.0,0.69,1747.5889855072464,0.0,0.0,1742.85,0.9500856114059091,1.0,1210.147039039996,1000.0,1206.8771390399959,1000.0,0.9964379212600349,0.0
5491,1692298860000.0,0.0,0.0,0.69,1747.5889855072464,0.0,0.0,1734.9,0.9500856114059091,1.0,1210.147039039996,1000.0,1201.3916390399959,1000.0,0.9964379212600349,0.0
5492,1692302460000.0,0.0,0.0,0.69,1747.5889855072464,0.0,0.0,1738.99,0.9500856114059091,1.0,1210.147039039996,1000.0,1204.2137390399957,1000.0,0.9964379212600349,0.0
5493,1692306060000.0,0.0,0.0,0.69,1747.5889855072464,0.0,0.0,1721.0,0.9500856114059091,1.0,1210.147039039996,1000.0,1191.8006390399958,1000.0,0.9964379212600349,0.0
5494,1692309660000.0,86.04545621918402,0.0,0.73,1743.7627397260276,0.0,0.0,1621.13,0.9413943126533779,1.0,1210.1336169599958,1000.0,1120.6117169599959,1000.0,1.0519059896855016,0.0
5495,1692313260000.0,86.04545621918402,0.0,0.73,1743.7627397260276,0.0,0.0,1686.9,0.9413943126533779,1.0,1210.1336169599958,1000.0,1168.6238169599958,1000.0,1.0519059896855016,0.0
5496,1692316860000.0,86.04545621918402,0.0,0.73,1743.7627397260276,0.0,0.0,1680.11,0.9413943126533779,1.0,1210.1336169599958,1000.0,1163.6671169599956,1000.0,1.0519059896855016,0.0
5497,1692320460000.0,86.04545621918402,0.0,0.73,1743.7627397260276,0.0,0.0,1693.9,0.9413943126533779,1.0,1210.1336169599958,1000.0,1173.7338169599957,1000.0,1.0519059896855016,0.0
5498,1692324060000.0,86.04545621918402,0.0,0.73,1743.7627397260276,0.0,0.0,1688.9,0.9413943126533779,1.0,1210.1336169599958,1000.0,1170.0838169599958,1000.0,1.0519059896855016,0.0
5499,1692327660000.0,86.04545621918402,0.0,0.73,1743.7627397260276,0.0,0.0,1676.66,0.9413943126533779,1.0,1210.1336169599958,1000.0,1161.1486169599957,1000.0,1.0519059896855016,0.0
5500,1692331260000.0,86.04545621918402,0.0,0.73,1743.7627397260276,0.0,0.0,1676.65,0.9413943126533779,1.0,1210.1336169599958,1000.0,1161.1413169599957,1000.0,1.0519059896855016,0.0
5501,1692334860000.0,86.04545621918402,0.0,0.73,1743.7627397260276,0.0,0.0,1668.76,0.9413943126533779,1.0,1210.1336169599958,1000.0,1155.3816169599957,1000.0,1.0519059896855016,0.0
5502,1692338460000.0,86.04545621918402,0.0,0.73,1743.7627397260276,0.0,0.0,1681.22,0.9413943126533779,1.0,1210.1336169599958,1000.0,1164.4774169599957,1000.0,1.0519059896855016,0.0
5503,1692342060000.0,86.04545621918402,0.0,0.73,1743.7627397260276,0.0,0.0,1689.24,0.9413943126533779,1.0,1210.1336169599958,1000.0,1170.3320169599956,1000.0,1.0519059896855016,0.0
5504,1692345660000.0,86.04545621918402,0.0,0.73,1743.7627397260276,0.0,0.0,1688.71,0.9413943126533779,1.0,1210.1336169599958,1000.0,1169.9451169599956,1000.0,1.0519059896855016,0.0
5505,1692349260000.0,86.04545621918402,0.0,0.73,1743.7627397260276,0.0,0.0,1693.37,0.9413943126533779,1.0,1210.1336169599958,1000.0,1173.3469169599957,1000.0,1.0519059896855016,0.0
5506,1692352860000.0,86.04545621918402,0.0,0.73,1743.7627397260276,0.0,0.0,1684.3,0.9413943126533779,1.0,1210.1336169599958,1000.0,1166.7258169599957,1000.0,1.0519059896855016,0.0
5507,1692356460000.0,86.04545621918402,0.0,0.73,1743.7627397260276,0.0,0.0,1681.99,0.9413943126533779,1.0,1210.1336169599958,1000.0,1165.0395169599958,1000.0,1.0519059896855016,0.0
5508,1692360060000.0,86.04545621918402,0.0,0.73,1743.7627397260276,0.0,0.0,1685.41,0.9413943126533779,1.0,1210.1336169599958,1000.0,1167.5361169599958,1000.0,1.0519059896855016,0.0
5509,1692363660000.0,86.04545621918402,0.0,0.73,1743.7627397260276,0.0,0.0,1677.76,0.9413943126533779,1.0,1210.1336169599958,1000.0,1161.9516169599956,1000.0,1.0519059896855016,0.0
5510,1692367260000.0,86.04545621918402,0.0,0.73,1743.7627397260276,0.0,0.0,1670.65,0.9413943126533779,1.0,1210.1336169599958,1000.0,1156.7613169599958,1000.0,1.0519059896855016,0.0
5511,1692370860000.0,86.04545621918402,0.0,0.73,1743.7627397260276,0.0,0.0,1662.9,0.9413943126533779,1.0,1210.1336169599958,1000.0,1151.1038169599958,1000.0,1.0519059896855016,0.0
5512,1692374460000.0,86.04545621918402,0.0,0.73,1743.7627397260276,0.0,0.0,1659.18,0.9413943126533779,1.0,1210.1336169599958,1000.0,1148.3882169599958,1000.0,1.0519059896855016,0.0
5513,1692378060000.0,86.04545621918402,0.0,0.73,1743.7627397260276,0.0,0.0,1660.65,0.9413943126533779,1.0,1210.1336169599958,1000.0,1149.4613169599957,1000.0,1.0519059896855016,0.0
5514,1692381660000.0,86.04545621918402,0.0,0.73,1743.7627397260276,0.0,0.0,1660.35,0.9413943126533779,1.0,1210.1336169599958,1000.0,1149.2423169599956,1000.0,1.0519059896855016,0.0
5515,1692385260000.0,86.04545621918402,0.0,0.73,1743.7627397260276,0.0,0.0,1664.43,0.9413943126533779,1.0,1210.1336169599958,1000.0,1152.2207169599958,1000.0,1.0519059896855016,0.0
5516,1692388860000.0,86.04545621918402,0.0,0.73,1743.7627397260276,0.0,0.0,1657.97,0.9413943126533779,1.0,1210.1336169599958,1000.0,1147.5049169599956,1000.0,1.0519059896855016,0.0
5517,1692392460000.0,86.04545621918402,0.0,0.73,1743.7627397260276,0.0,0.0,1659.45,0.9413943126533779,1.0,1210.1336169599958,1000.0,1148.5853169599957,1000.0,1.0519059896855016,0.0
5518,1692396060000.0,86.04545621918402,0.0,0.73,1743.7627397260276,0.0,0.0,1660.44,0.9413943126533779,1.0,1210.1336169599958,1000.0,1149.3080169599957,1000.0,1.0519059896855016,0.0
5519,1692399660000.0,86.04545621918402,0.0,0.73,1743.7627397260276,0.0,0.0,1660.32,0.9413943126533779,1.0,1210.1336169599958,1000.0,1149.2204169599956,1000.0,1.0519059896855016,0.0
5520,1692403260000.0,86.04545621918402,0.0,0.73,1743.7627397260276,0.0,0.0,1660.14,0.9413943126533779,1.0,1210.1336169599958,1000.0,1149.089016959996,1000.0,1.0519059896855016,0.0
5521,1692406860000.0,86.04545621918402,0.0,0.73,1743.7627397260276,0.0,0.0,1667.17,0.9413943126533779,1.0,1210.1336169599958,1000.0,1154.2209169599957,1000.0,1.0519059896855016,0.0
5522,1692410460000.0,86.04545621918402,0.0,0.73,1743.7627397260276,0.0,0.0,1658.95,0.9413943126533779,1.0,1210.1336169599958,1000.0,1148.2203169599957,1000.0,1.0519059896855016,0.0
5523,1692414060000.0,86.04545621918402,0.0,0.73,1743.7627397260276,0.0,0.0,1657.86,0.9413943126533779,1.0,1210.1336169599958,1000.0,1147.4246169599955,1000.0,1.0519059896855016,0.0
5524,1692417660000.0,86.04545621918402,0.0,0.73,1743.7627397260276,0.0,0.0,1658.32,0.9413943126533779,1.0,1210.1336169599958,1000.0,1147.7604169599956,1000.0,1.0519059896855016,0.0
5525,1692421260000.0,86.04545621918402,0.0,0.73,1743.7627397260276,0.0,0.0,1660.04,0.9413943126533779,1.0,1210.1336169599958,1000.0,1149.0160169599958,1000.0,1.0519059896855016,0.0
5526,1692424860000.0,86.04545621918402,0.0,0.73,1743.7627397260276,0.0,0.0,1655.49,0.9413943126533779,1.0,1210.1336169599958,1000.0,1145.6945169599958,1000.0,1.0519059896855016,0.0
5527,1692428460000.0,86.04545621918402,0.0,0.73,1743.7627397260276,0.0,0.0,1654.24,0.9413943126533779,1.0,1210.1336169599958,1000.0,1144.7820169599956,1000.0,1.0519059896855016,0.0
5528,1692432060000.0,86.04545621918402,0.0,0.73,1743.7627397260276,0.0,0.0,1661.1,0.9413943126533779,1.0,1210.1336169599958,1000.0,1149.7898169599957,1000.0,1.0519059896855016,0.0
5529,1692435660000.0,64.15431683333945,0.0,0.72,1743.7627397260276,0.0,0.0,1660.75,0.9413943126533779,1.0,1209.3180644827355,1000.0,1149.5488918799956,1000.0,1.0381959961375107,0.0
5530,1692439260000.0,64.15431683333945,0.0,0.72,1743.7627397260276,0.0,0.0,1662.73,0.9413943126533779,1.0,1209.3180644827355,1000.0,1150.9744918799956,1000.0,1.0381959961375107,0.0
5531,1692442860000.0,64.15431683333945,0.0,0.72,1743.7627397260276,0.0,0.0,1660.56,0.9413943126533779,1.0,1209.3180644827355,1000.0,1149.4120918799956,1000.0,1.0381959961375107,0.0
5532,1692446460000.0,64.15431683333945,0.0,0.72,1743.7627397260276,0.0,0.0,1659.12,0.9413943126533779,1.0,1209.3180644827355,1000.0,1148.3752918799955,1000.0,1.0381959961375107,0.0
5533,1692450060000.0,64.15431683333945,0.0,0.72,1743.7627397260276,0.0,0.0,1658.44,0.9413943126533779,1.0,1209.3180644827355,1000.0,1147.8856918799956,1000.0,1.0381959961375107,0.0
5534,1692453660000.0,64.15431683333945,0.0,0.72,1743.7627397260276,0.0,0.0,1659.9,0.9413943126533779,1.0,1209.3180644827355,1000.0,1148.9368918799958,1000.0,1.0381959961375107,0.0
5535,1692457260000.0,64.15431683333945,0.0,0.72,1743.7627397260276,0.0,0.0,1662.0,0.9413943126533779,1.0,1209.3180644827355,1000.0,1150.4488918799957,1000.0,1.0381959961375107,0.0
5536,1692460860000.0,64.15431683333945,0.0,0.72,1743.7627397260276,0.0,0.0,1681.45,0.9413943126533779,1.0,1209.3180644827355,1000.0,1164.4528918799956,1000.0,1.0381959961375107,0.0
5537,1692464460000.0,64.15431683333945,0.0,0.72,1743.7627397260276,0.0,0.0,1688.54,0.9413943126533779,1.0,1209.3180644827355,1000.0,1169.5576918799957,1000.0,1.0381959961375107,0.0
5538,1692468060000.0,64.15431683333945,0.0,0.72,1743.7627397260276,0.0,0.0,1677.68,0.9413943126533779,1.0,1209.3180644827355,1000.0,1161.7384918799958,1000.0,1.0381959961375107,0.0
5539,1692471660000.0,64.15431683333945,0.0,0.72,1743.7627397260276,0.0,0.0,1678.12,0.9413943126533779,1.0,1209.3180644827355,1000.0,1162.0552918799956,1000.0,1.0381959961375107,0.0
5540,1692475260000.0,64.15431683333945,0.0,0.72,1743.7627397260276,0.0,0.0,1676.45,0.9413943126533779,1.0,1209.3180644827355,1000.0,1160.8528918799957,1000.0,1.0381959961375107,0.0
5541,1692478860000.0,64.15431683333945,0.0,0.72,1743.7627397260276,0.0,0.0,1670.88,0.9413943126533779,1.0,1209.3180644827355,1000.0,1156.8424918799958,1000.0,1.0381959961375107,0.0
5542,1692482460000.0,41.51373529578059,0.0,0.71,1743.7627397260276,0.0,0.0,1666.04,0.9413943126533779,1.0,1208.5967931454752,1000.0,1153.4136479399956,1000.0,1.0243875808931229,0.0
5543,1692486060000.0,41.51373529578059,0.0,0.71,1743.7627397260276,0.0,0.0,1665.15,0.9413943126533779,1.0,1208.5967931454752,1000.0,1152.7817479399957,1000.0,1.0243875808931229,0.0
5544,1692489660000.0,41.51373529578059,0.0,0.71,1743.7627397260276,0.0,0.0,1668.95,0.9413943126533779,1.0,1208.5967931454752,1000.0,1155.4797479399956,1000.0,1.0243875808931229,0.0
5545,1692493260000.0,41.51373529578059,0.0,0.71,1743.7627397260276,0.0,0.0,1671.26,0.9413943126533779,1.0,1208.5967931454752,1000.0,1157.1198479399957,1000.0,1.0243875808931229,0.0
5546,1692496860000.0,41.51373529578059,0.0,0.71,1743.7627397260276,0.0,0.0,1666.05,0.9413943126533779,1.0,1208.5967931454752,1000.0,1153.4207479399956,1000.0,1.0243875808931229,0.0
5547,1692500460000.0,41.51373529578059,0.0,0.71,1743.7627397260276,0.0,0.0,1668.28,0.9413943126533779,1.0,1208.5967931454752,1000.0,1155.0040479399956,1000.0,1.0243875808931229,0.0
5548,1692504060000.0,41.51373529578059,0.0,0.71,1743.7627397260276,0.0,0.0,1666.81,0.9413943126533779,1.0,1208.5967931454752,1000.0,1153.9603479399957,1000.0,1.0243875808931229,0.0
5549,1692507660000.0,41.51373529578059,0.0,0.71,1743.7627397260276,0.0,0.0,1665.4,0.9413943126533779,1.0,1208.5967931454752,1000.0,1152.9592479399957,1000.0,1.0243875808931229,0.0
5550,1692511260000.0,41.51373529578059,0.0,0.71,1743.7627397260276,0.0,0.0,1664.09,0.9413943126533779,1.0,1208.5967931454752,1000.0,1152.0291479399955,1000.0,1.0243875808931229,0.0
5551,1692514860000.0,41.51373529578059,0.0,0.71,1743.7627397260276,0.0,0.0,1662.21,0.9413943126533779,1.0,1208.5967931454752,1000.0,1150.6943479399956,1000.0,1.0243875808931229,0.0
5552,1692518460000.0,41.51373529578059,0.0,0.71,1743.7627397260276,0.0,0.0,1664.77,0.9413943126533779,1.0,1208.5967931454752,1000.0,1152.5119479399957,1000.0,1.0243875808931229,0.0
5553,1692522060000.0,41.51373529578059,0.0,0.71,1743.7627397260276,0.0,0.0,1666.97,0.9413943126533779,1.0,1208.5967931454752,1000.0,1154.0739479399956,1000.0,1.0243875808931229,0.0
5554,1692525660000.0,41.51373529578059,0.0,0.71,1743.7627397260276,0.0,0.0,1669.42,0.9413943126533779,1.0,1208.5967931454752,1000.0,1155.8134479399957,1000.0,1.0243875808931229,0.0
5555,1692529260000.0,18.271985142863354,0.0,0.7,1743.7627397260276,0.0,0.0,1671.59,0.9413943126533779,1.0,1207.8435282082148,1000.0,1157.3226103999955,1000.0,1.0105894425074897,0.0
5556,1692532860000.0,18.271985142863354,0.0,0.7,1743.7627397260276,0.0,0.0,1674.73,0.9413943126533779,1.0,1207.8435282082148,1000.0,1159.5206103999956,1000.0,1.0105894425074897,0.0
5557,1692536460000.0,18.271985142863354,0.0,0.7,1743.7627397260276,0.0,0.0,1675.74,0.9413943126533779,1.0,1207.8435282082148,1000.0,1160.2276103999955,1000.0,1.0105894425074897,0.0
5558,1692540060000.0,18.271985142863354,0.0,0.7,1743.7627397260276,0.0,0.0,1674.63,0.9413943126533779,1.0,1207.8435282082148,1000.0,1159.4506103999956,1000.0,1.0105894425074897,0.0
5559,1692543660000.0,18.271985142863354,0.0,0.7,1743.7627397260276,0.0,0.0,1668.71,0.9413943126533779,1.0,1207.8435282082148,1000.0,1155.3066103999956,1000.0,1.0105894425074897,0.0
5560,1692547260000.0,18.271985142863354,0.0,0.7,1743.7627397260276,0.0,0.0,1670.0,0.9413943126533779,1.0,1207.8435282082148,1000.0,1156.2096103999954,1000.0,1.0105894425074897,0.0
5561,1692550860000.0,18.271985142863354,0.0,0.7,1743.7627397260276,0.0,0.0,1668.55,0.9413943126533779,1.0,1207.8435282082148,1000.0,1155.1946103999956,1000.0,1.0105894425074897,0.0
5562,1692554460000.0,18.271985142863354,0.0,0.7,1743.7627397260276,0.0,0.0,1674.09,0.9413943126533779,1.0,1207.8435282082148,1000.0,1159.0726103999955,1000.0,1.0105894425074897,0.0
5563,1692558060000.0,18.271985142863354,0.0,0.7,1743.7627397260276,0.0,0.0,1675.39,0.9413943126533779,1.0,1207.8435282082148,1000.0,1159.9826103999956,1000.0,1.0105894425074897,0.0
5564,1692561660000.0,18.271985142863354,0.0,0.7,1743.7627397260276,0.0,0.0,1677.93,0.9413943126533779,1.0,1207.8435282082148,1000.0,1161.7606103999956,1000.0,1.0105894425074897,0.0
5565,1692565260000.0,18.271985142863354,0.0,0.7,1743.7627397260276,0.0,0.0,1687.38,0.9413943126533779,1.0,1207.8435282082148,1000.0,1168.3756103999956,1000.0,1.0105894425074897,0.0
5566,1692568860000.0,18.271985142863354,0.0,0.7,1743.7627397260276,0.0,0.0,1682.33,0.9413943126533779,1.0,1207.8435282082148,1000.0,1164.8406103999955,1000.0,1.0105894425074897,0.0
5567,1692572460000.0,18.271985142863354,0.0,0.7,1743.7627397260276,0.0,0.0,1682.09,0.9413943126533779,1.0,1207.8435282082148,1000.0,1164.6726103999954,1000.0,1.0105894425074897,0.0
5568,1692576060000.0,0.0,0.0,0.69,1743.7627397260276,0.0,0.0,1682.83,0.9413943126533779,1.0,1207.2061400909545,1000.0,1165.1625496799954,1000.0,0.9966784051647605,0.0
5569,1692579660000.0,0.0,0.0,0.69,1743.7627397260276,0.0,0.0,1682.14,0.9413943126533779,1.0,1207.2061400909545,1000.0,1164.6864496799956,1000.0,0.9966784051647605,0.0
5570,1692583260000.0,0.0,0.0,0.69,1743.7627397260276,0.0,0.0,1682.39,0.9413943126533779,1.0,1207.2061400909545,1000.0,1164.8589496799955,1000.0,0.9966784051647605,0.0
5571,1692586860000.0,0.0,0.0,0.69,1743.7627397260276,0.0,0.0,1678.49,0.9413943126533779,1.0,1207.2061400909545,1000.0,1162.1679496799954,1000.0,0.9966784051647605,0.0
5572,1692590460000.0,0.0,0.0,0.69,1743.7627397260276,0.0,0.0,1675.59,0.9413943126533779,1.0,1207.2061400909545,1000.0,1160.1669496799955,1000.0,0.9966784051647605,0.0
5573,1692594060000.0,86.2558122739784,0.0,0.73,1739.9445074122725,0.0,0.0,1675.75,0.9413943126533779,1.0,1207.1927474509546,1000.0,1160.3307570399957,1000.0,1.0521596431828815,0.0
5574,1692597660000.0,86.2558122739784,0.0,0.73,1739.9445074122725,0.0,0.0,1677.4,0.9413943126533779,1.0,1207.1927474509546,1000.0,1161.5352570399957,1000.0,1.0521596431828815,0.0
5575,1692601260000.0,86.2558122739784,0.0,0.73,1739.9445074122725,0.0,0.0,1670.66,0.9413943126533779,1.0,1207.1927474509546,1000.0,1156.6150570399957,1000.0,1.0521596431828815,0.0
5576,1692604860000.0,86.2558122739784,0.0,0.73,1739.9445074122725,0.0,0.0,1671.0,0.9413943126533779,1.0,1207.1927474509546,1000.0,1156.8632570399957,1000.0,1.0521596431828815,0.0
5577,1692608460000.0,86.2558122739784,0.0,0.73,1739.9445074122725,0.0,0.0,1670.47,0.9413943126533779,1.0,1207.1927474509546,1000.0,1156.4763570399957,1000.0,1.0521596431828815,0.0
5578,1692612060000.0,86.2558122739784,0.0,0.73,1739.9445074122725,0.0,0.0,1669.8,0.9413943126533779,1.0,1207.1927474509546,1000.0,1155.9872570399957,1000.0,1.0521596431828815,0.0
5579,1692615660000.0,86.2558122739784,0.0,0.73,1739.9445074122725,0.0,0.0,1666.91,0.9413943126533779,1.0,1207.1927474509546,1000.0,1153.8775570399957,1000.0,1.0521596431828815,0.0
5580,1692619260000.0,86.2558122739784,0.0,0.73,1739.9445074122725,0.0,0.0,1672.98,0.9413943126533779,1.0,1207.1927474509546,1000.0,1158.3086570399958,1000.0,1.0521596431828815,0.0
5581,1692622860000.0,64.22706705556165,0.0,0.72,1739.9445074122725,0.0,0.0,1670.6,0.9413943126533779,1.0,1206.5165570568317,1000.0,1156.5885117199955,1000.0,1.0383281008532617,0.0
5582,1692626460000.0,64.22706705556165,0.0,0.72,1739.9445074122725,0.0,0.0,1674.29,0.9413943126533779,1.0,1206.5165570568317,1000.0,1159.2453117199955,1000.0,1.0383281008532617,0.0
5583,1692630060000.0,64.22706705556165,0.0,0.72,1739.9445074122725,0.0,0.0,1674.17,0.9413943126533779,1.0,1206.5165570568317,1000.0,1159.1589117199956,1000.0,1.0383281008532617,0.0
5584,1692633660000.0,64.22706705556165,0.0,0.72,1739.9445074122725,0.0,0.0,1657.08,0.9413943126533779,1.0,1206.5165570568317,1000.0,1146.8541117199954,1000.0,1.0383281008532617,0.0
5585,1692637260000.0,64.22706705556165,0.0,0.72,1739.9445074122725,0.0,0.0,1658.96,0.9413943126533779,1.0,1206.5165570568317,1000.0,1148.2077117199956,1000.0,1.0383281008532617,0.0
5586,1692640860000.0,64.22706705556165,0.0,0.72,1739.9445074122725,0.0,0.0,1665.97,0.9413943126533779,1.0,1206.5165570568317,1000.0,1153.2549117199956,1000.0,1.0383281008532617,0.0
5587,1692644460000.0,64.22706705556165,0.0,0.72,1739.9445074122725,0.0,0.0,1665.44,0.9413943126533779,1.0,1206.5165570568317,1000.0,1152.8733117199956,1000.0,1.0383281008532617,0.0
5588,1692648060000.0,64.22706705556165,0.0,0.72,1739.9445074122725,0.0,0.0,1673.29,0.9413943126533779,1.0,1206.5165570568317,1000.0,1158.5253117199954,1000.0,1.0383281008532617,0.0
5589,1692651660000.0,64.22706705556165,0.0,0.72,1739.9445074122725,0.0,0.0,1672.19,0.9413943126533779,1.0,1206.5165570568317,1000.0,1157.7333117199955,1000.0,1.0383281008532617,0.0
5590,1692655260000.0,64.22706705556165,0.0,0.72,1739.9445074122725,0.0,0.0,1672.04,0.9413943126533779,1.0,1206.5165570568317,1000.0,1157.6253117199956,1000.0,1.0383281008532617,0.0
5591,1692658860000.0,64.22706705556165,0.0,0.72,1739.9445074122725,0.0,0.0,1665.93,0.9413943126533779,1.0,1206.5165570568317,1000.0,1153.2261117199955,1000.0,1.0383281008532617,0.0
5592,1692662460000.0,64.22706705556165,0.0,0.72,1739.9445074122725,0.0,0.0,1667.78,0.9413943126533779,1.0,1206.5165570568317,1000.0,1154.5581117199956,1000.0,1.0383281008532617,0.0
5593,1692666060000.0,64.22706705556165,0.0,0.72,1739.9445074122725,0.0,0.0,1666.43,0.9413943126533779,1.0,1206.5165570568317,1000.0,1153.5861117199956,1000.0,1.0383281008532617,0.0
5594,1692669660000.0,41.70410656338647,0.0,0.71,1739.9445074122725,0.0,0.0,1662.02,0.9413943126533779,1.0,1205.750684602709,1000.0,1150.4242843399954,1000.0,1.0245572455716754,0.0
5595,1692673260000.0,41.70410656338647,0.0,0.71,1739.9445074122725,0.0,0.0,1663.44,0.9413943126533779,1.0,1205.750684602709,1000.0,1151.4324843399957,1000.0,1.0245572455716754,0.0
5596,1692676860000.0,41.70410656338647,0.0,0.71,1739.9445074122725,0.0,0.0,1662.79,0.9413943126533779,1.0,1205.750684602709,1000.0,1150.9709843399955,1000.0,1.0245572455716754,0.0
5597,1692680460000.0,41.70410656338647,0.0,0.71,1739.9445074122725,0.0,0.0,1661.66,0.9413943126533779,1.0,1205.750684602709,1000.0,1150.1686843399957,1000.0,1.0245572455716754,0.0
5598,1692684060000.0,41.70410656338647,0.0,0.71,1739.9445074122725,0.0,0.0,1662.84,0.9413943126533779,1.0,1205.750684602709,1000.0,1151.0064843399955,1000.0,1.0245572455716754,0.0
5599,1692687660000.0,41.70410656338647,0.0,0.71,1739.9445074122725,0.0,0.0,1663.94,0.9413943126533779,1.0,1205.750684602709,1000.0,1151.7874843399957,1000.0,1.0245572455716754,0.0
5600,1692691260000.0,41.70410656338647,0.0,0.71,1739.9445074122725,0.0,0.0,1666.35,0.9413943126533779,1.0,1205.750684602709,1000.0,1153.4985843399954,1000.0,1.0245572455716754,0.0
5601,1692694860000.0,41.70410656338647,0.0,0.71,1739.9445074122725,0.0,0.0,1663.64,0.9413943126533779,1.0,1205.750684602709,1000.0,1151.5744843399957,1000.0,1.0245572455716754,0.0
5602,1692698460000.0,41.70410656338647,0.0,0.71,1739.9445074122725,0.0,0.0,1663.22,0.9413943126533779,1.0,1205.750684602709,1000.0,1151.2762843399955,1000.0,1.0245572455716754,0.0
5603,1692702060000.0,41.70410656338647,0.0,0.71,1739.9445074122725,0.0,0.0,1662.68,0.9413943126533779,1.0,1205.750684602709,1000.0,1150.8928843399956,1000.0,1.0245572455716754,0.0
5604,1692705660000.0,41.70410656338647,0.0,0.71,1739.9445074122725,0.0,0.0,1661.53,0.9413943126533779,1.0,1205.750684602709,1000.0,1150.0763843399955,1000.0,1.0245572455716754,0.0
5605,1692709260000.0,41.70410656338647,0.0,0.71,1739.9445074122725,0.0,0.0,1661.64,0.9413943126533779,1.0,1205.750684602709,1000.0,1150.1544843399956,1000.0,1.0245572455716754,0.0
5606,1692712860000.0,41.70410656338647,0.0,0.71,1739.9445074122725,0.0,0.0,1654.64,0.9413943126533779,1.0,1205.750684602709,1000.0,1145.1844843399956,1000.0,1.0245572455716754,0.0
5607,1692716460000.0,41.70410656338647,0.0,0.71,1739.9445074122725,0.0,0.0,1654.6,0.9413943126533779,1.0,1205.750684602709,1000.0,1145.1560843399955,1000.0,1.0245572455716754,0.0
5608,1692720060000.0,41.70410656338647,0.0,0.71,1739.9445074122725,0.0,0.0,1649.77,0.9413943126533779,1.0,1205.750684602709,1000.0,1141.7267843399954,1000.0,1.0245572455716754,0.0
5609,1692723660000.0,41.70410656338647,0.0,0.71,1739.9445074122725,0.0,0.0,1644.8,0.9413943126533779,1.0,1205.750684602709,1000.0,1138.1980843399956,1000.0,1.0245572455716754,0.0
5610,1692727260000.0,41.70410656338647,0.0,0.71,1739.9445074122725,0.0,0.0,1624.68,0.9413943126533779,1.0,1205.750684602709,1000.0,1123.9128843399956,1000.0,1.0245572455716754,0.0
5611,1692730860000.0,41.70410656338647,0.0,0.71,1739.9445074122725,0.0,0.0,1635.0,0.9413943126533779,1.0,1205.750684602709,1000.0,1131.2400843399955,1000.0,1.0245572455716754,0.0
5612,1692734460000.0,41.70410656338647,0.0,0.71,1739.9445074122725,0.0,0.0,1626.23,0.9413943126533779,1.0,1205.750684602709,1000.0,1125.0133843399956,1000.0,1.0245572455716754,0.0
5613,1692738060000.0,41.70410656338647,0.0,0.71,1739.9445074122725,0.0,0.0,1630.0,0.9413943126533779,1.0,1205.750684602709,1000.0,1127.6900843399956,1000.0,1.0245572455716754,0.0
5614,1692741660000.0,41.70410656338647,0.0,0.71,1739.9445074122725,0.0,0.0,1603.12,0.9413943126533779,1.0,1205.750684602709,1000.0,1108.6052843399955,1000.0,1.0245572455716754,0.0
5615,1692745260000.0,41.70410656338647,0.0,0.71,1739.9445074122725,0.0,0.0,1619.64,0.9413943126533779,1.0,1205.750684602709,1000.0,1120.3344843399957,1000.0,1.0245572455716754,0.0
5616,1692748860000.0,41.70410656338647,0.0,0.71,1739.9445074122725,0.0,0.0,1633.18,0.9413943126533779,1.0,1205.750684602709,1000.0,1129.9478843399957,1000.0,1.0245572455716754,0.0
5617,1692752460000.0,18.896989600006496,0.0,0.7,1739.9445074122725,0.0,0.0,1632.98,0.9413943126533779,1.0,1204.7332624685862,1000.0,1129.8581072799955,1000.0,1.0109799348387705,0.0
5618,1692756060000.0,18.896989600006496,0.0,0.7,1739.9445074122725,0.0,0.0,1633.86,0.9413943126533779,1.0,1204.7332624685862,1000.0,1130.4741072799955,1000.0,1.0109799348387705,0.0
5619,1692759660000.0,18.896989600006496,0.0,0.7,1739.9445074122725,0.0,0.0,1633.74,0.9413943126533779,1.0,1204.7332624685862,1000.0,1130.3901072799954,1000.0,1.0109799348387705,0.0
5620,1692763260000.0,18.896989600006496,0.0,0.7,1739.9445074122725,0.0,0.0,1630.66,0.9413943126533779,1.0,1204.7332624685862,1000.0,1128.2341072799954,1000.0,1.0109799348387705,0.0
5621,1692766860000.0,18.896989600006496,0.0,0.7,1739.9445074122725,0.0,0.0,1636.6,0.9413943126533779,1.0,1204.7332624685862,1000.0,1132.3921072799953,1000.0,1.0109799348387705,0.0
5622,1692770460000.0,18.896989600006496,0.0,0.7,1739.9445074122725,0.0,0.0,1639.0,0.9413943126533779,1.0,1204.7332624685862,1000.0,1134.0721072799954,1000.0,1.0109799348387705,0.0
5623,1692774060000.0,18.896989600006496,0.0,0.7,1739.9445074122725,0.0,0.0,1643.99,0.9413943126533779,1.0,1204.7332624685862,1000.0,1137.5651072799953,1000.0,1.0109799348387705,0.0
5624,1692777660000.0,18.896989600006496,0.0,0.7,1739.9445074122725,0.0,0.0,1644.45,0.9413943126533779,1.0,1204.7332624685862,1000.0,1137.8871072799955,1000.0,1.0109799348387705,0.0
5625,1692781260000.0,18.896989600006496,0.0,0.7,1739.9445074122725,0.0,0.0,1643.83,0.9413943126533779,1.0,1204.7332624685862,1000.0,1137.4531072799955,1000.0,1.0109799348387705,0.0
5626,1692784860000.0,18.896989600006496,0.0,0.7,1739.9445074122725,0.0,0.0,1643.82,0.9413943126533779,1.0,1204.7332624685862,1000.0,1137.4461072799954,1000.0,1.0109799348387705,0.0
5627,1692788460000.0,18.896989600006496,0.0,0.7,1739.9445074122725,0.0,0.0,1642.1,0.9413943126533779,1.0,1204.7332624685862,1000.0,1136.2421072799953,1000.0,1.0109799348387705,0.0
5628,1692792060000.0,18.896989600006496,0.0,0.7,1739.9445074122725,0.0,0.0,1641.77,0.9413943126533779,1.0,1204.7332624685862,1000.0,1136.0111072799955,1000.0,1.0109799348387705,0.0
5629,1692795660000.0,18.896989600006496,0.0,0.7,1739.9445074122725,0.0,0.0,1638.39,0.9413943126533779,1.0,1204.7332624685862,1000.0,1133.6451072799955,1000.0,1.0109799348387705,0.0
5630,1692799260000.0,85.4909250137048,0.0,0.73,1734.3837124855727,0.0,0.0,1648.54,0.9413943126533779,1.0,1203.6917348544634,1000.0,1141.0258247399954,1000.0,1.0518474734459735,0.0
5631,1692802860000.0,85.4909250137048,0.0,0.73,1734.3837124855727,0.0,0.0,1651.71,0.9413943126533779,1.0,1203.6917348544634,1000.0,1143.3399247399955,1000.0,1.0518474734459735,0.0
5632,1692806460000.0,85.4909250137048,0.0,0.73,1734.3837124855727,0.0,0.0,1656.7,0.9413943126533779,1.0,1203.6917348544634,1000.0,1146.9826247399953,1000.0,1.0518474734459735,0.0
5633,1692810060000.0,85.4909250137048,0.0,0.73,1734.3837124855727,0.0,0.0,1680.75,0.9413943126533779,1.0,1203.6917348544634,1000.0,1164.5391247399955,1000.0,1.0518474734459735,0.0
5634,1692813660000.0,85.4909250137048,0.0,0.73,1734.3837124855727,0.0,0.0,1680.92,0.9413943126533779,1.0,1203.6917348544634,1000.0,1164.6632247399955,1000.0,1.0518474734459735,0.0
5635,1692817260000.0,85.4909250137048,0.0,0.73,1734.3837124855727,0.0,0.0,1677.6,0.9413943126533779,1.0,1203.6917348544634,1000.0,1162.2396247399954,1000.0,1.0518474734459735,0.0
5636,1692820860000.0,85.4909250137048,0.0,0.73,1734.3837124855727,0.0,0.0,1681.6,0.9413943126533779,1.0,1203.6917348544634,1000.0,1165.1596247399953,1000.0,1.0518474734459735,0.0
5637,1692824460000.0,85.4909250137048,0.0,0.73,1734.3837124855727,0.0,0.0,1682.17,0.9413943126533779,1.0,1203.6917348544634,1000.0,1165.5757247399954,1000.0,1.0518474734459735,0.0
5638,1692828060000.0,85.4909250137048,0.0,0.73,1734.3837124855727,0.0,0.0,1666.13,0.9413943126533779,1.0,1203.6917348544634,1000.0,1153.8665247399954,1000.0,1.0518474734459735,0.0
5639,1692831660000.0,85.4909250137048,0.0,0.73,1734.3837124855727,0.0,0.0,1674.14,0.9413943126533779,1.0,1203.6917348544634,1000.0,1159.7138247399955,1000.0,1.0518474734459735,0.0
5640,1692835260000.0,85.4909250137048,0.0,0.73,1734.3837124855727,0.0,0.0,1678.93,0.9413943126533779,1.0,1203.6917348544634,1000.0,1163.2105247399954,1000.0,1.0518474734459735,0.0
5641,1692838860000.0,85.4909250137048,0.0,0.73,1734.3837124855727,0.0,0.0,1681.59,0.9413943126533779,1.0,1203.6917348544634,1000.0,1165.1523247399953,1000.0,1.0518474734459735,0.0
5642,1692842460000.0,85.4909250137048,0.0,0.73,1734.3837124855727,0.0,0.0,1673.01,0.9413943126533779,1.0,1203.6917348544634,1000.0,1158.8889247399954,1000.0,1.0518474734459735,0.0
5643,1692846060000.0,63.44669622222878,0.0,0.72,1734.3837124855727,0.0,0.0,1672.0,0.9413943126533779,1.0,1203.0746517096077,1000.0,1158.1583787199954,1000.0,1.0379707287615858,0.0
5644,1692849660000.0,63.44669622222878,0.0,0.72,1734.3837124855727,0.0,0.0,1674.13,0.9413943126533779,1.0,1203.0746517096077,1000.0,1159.6919787199954,1000.0,1.0379707287615858,0.0
5645,1692853260000.0,63.44669622222878,0.0,0.72,1734.3837124855727,0.0,0.0,1676.1,0.9413943126533779,1.0,1203.0746517096077,1000.0,1161.1103787199952,1000.0,1.0379707287615858,0.0
5646,1692856860000.0,63.44669622222878,0.0,0.72,1734.3837124855727,0.0,0.0,1672.5,0.9413943126533779,1.0,1203.0746517096077,1000.0,1158.5183787199953,1000.0,1.0379707287615858,0.0
5647,1692860460000.0,63.44669622222878,0.0,0.72,1734.3837124855727,0.0,0.0,1674.71,0.9413943126533779,1.0,1203.0746517096077,1000.0,1160.1095787199954,1000.0,1.0379707287615858,0.0
5648,1692864060000.0,63.44669622222878,0.0,0.72,1734.3837124855727,0.0,0.0,1673.4,0.9413943126533779,1.0,1203.0746517096077,1000.0,1159.1663787199955,1000.0,1.0379707287615858,0.0
5649,1692867660000.0,63.44669622222878,0.0,0.72,1734.3837124855727,0.0,0.0,1674.81,0.9413943126533779,1.0,1203.0746517096077,1000.0,1160.1815787199953,1000.0,1.0379707287615858,0.0
5650,1692871260000.0,63.44669622222878,0.0,0.72,1734.3837124855727,0.0,0.0,1666.44,0.9413943126533779,1.0,1203.0746517096077,1000.0,1154.1551787199953,1000.0,1.0379707287615858,0.0
5651,1692874860000.0,63.44669622222878,0.0,0.72,1734.3837124855727,0.0,0.0,1668.86,0.9413943126533779,1.0,1203.0746517096077,1000.0,1155.8975787199952,1000.0,1.0379707287615858,0.0
5652,1692878460000.0,63.44669622222878,0.0,0.72,1734.3837124855727,0.0,0.0,1665.48,0.9413943126533779,1.0,1203.0746517096077,1000.0,1153.4639787199953,1000.0,1.0379707287615858,0.0
5653,1692882060000.0,63.44669622222878,0.0,0.72,1734.3837124855727,0.0,0.0,1667.29,0.9413943126533779,1.0,1203.0746517096077,1000.0,1154.7671787199954,1000.0,1.0379707287615858,0.0
5654,1692885660000.0,63.44669622222878,0.0,0.72,1734.3837124855727,0.0,0.0,1663.74,0.9413943126533779,1.0,1203.0746517096077,1000.0,1152.2111787199954,1000.0,1.0379707287615858,0.0
5655,1692889260000.0,63.44669622222878,0.0,0.72,1734.3837124855727,0.0,0.0,1643.77,0.9413943126533779,1.0,1203.0746517096077,1000.0,1137.8327787199953,1000.0,1.0379707287615858,0.0
5656,1692892860000.0,63.44669622222878,0.0,0.72,1734.3837124855727,0.0,0.0,1642.83,0.9413943126533779,1.0,1203.0746517096077,1000.0,1137.1559787199953,1000.0,1.0379707287615858,0.0
5657,1692896460000.0,63.44669622222878,0.0,0.72,1734.3837124855727,0.0,0.0,1649.41,0.9413943126533779,1.0,1203.0746517096077,1000.0,1141.8935787199955,1000.0,1.0379707287615858,0.0
5658,1692900060000.0,63.44669622222878,0.0,0.72,1734.3837124855727,0.0,0.0,1648.6,0.9413943126533779,1.0,1203.0746517096077,1000.0,1141.3103787199952,1000.0,1.0379707287615858,0.0
5659,1692903660000.0,63.44669622222878,0.0,0.72,1734.3837124855727,0.0,0.0,1644.33,0.9413943126533779,1.0,1203.0746517096077,1000.0,1138.2359787199953,1000.0,1.0379707287615858,0.0
5660,1692907260000.0,63.44669622222878,0.0,0.72,1734.3837124855727,0.0,0.0,1648.68,0.9413943126533779,1.0,1203.0746517096077,1000.0,1141.3679787199953,1000.0,1.0379707287615858,0.0
5661,1692910860000.0,41.050181887330325,0.0,0.71,1734.3837124855727,0.0,0.0,1650.76,0.9413943126533779,1.0,1202.266806724752,1000.0,1142.8939708599955,1000.0,1.0242422305739305,0.0
5662,1692914460000.0,41.050181887330325,0.0,0.71,1734.3837124855727,0.0,0.0,1654.0,0.9413943126533779,1.0,1202.266806724752,1000.0,1145.1943708599954,1000.0,1.0242422305739305,0.0
5663,1692918060000.0,41.050181887330325,0.0,0.71,1734.3837124855727,0.0,0.0,1652.55,0.9413943126533779,1.0,1202.266806724752,1000.0,1144.1648708599955,1000.0,1.0242422305739305,0.0
5664,1692921660000.0,41.050181887330325,0.0,0.71,1734.3837124855727,0.0,0.0,1660.44,0.9413943126533779,1.0,1202.266806724752,1000.0,1149.7667708599956,1000.0,1.0242422305739305,0.0
5665,1692925260000.0,41.050181887330325,0.0,0.71,1734.3837124855727,0.0,0.0,1655.35,0.9413943126533779,1.0,1202.266806724752,1000.0,1146.1528708599953,1000.0,1.0242422305739305,0.0
5666,1692928860000.0,41.050181887330325,0.0,0.71,1734.3837124855727,0.0,0.0,1659.41,0.9413943126533779,1.0,1202.266806724752,1000.0,1149.0354708599955,1000.0,1.0242422305739305,0.0
5667,1692932460000.0,41.050181887330325,0.0,0.71,1734.3837124855727,0.0,0.0,1658.19,0.9413943126533779,1.0,1202.266806724752,1000.0,1148.1692708599955,1000.0,1.0242422305739305,0.0
5668,1692936060000.0,41.050181887330325,0.0,0.71,1734.3837124855727,0.0,0.0,1654.01,0.9413943126533779,1.0,1202.266806724752,1000.0,1145.2014708599954,1000.0,1.0242422305739305,0.0
5669,1692939660000.0,41.050181887330325,0.0,0.71,1734.3837124855727,0.0,0.0,1647.88,0.9413943126533779,1.0,1202.266806724752,1000.0,1140.8491708599956,1000.0,1.0242422305739305,0.0
5670,1692943260000.0,41.050181887330325,0.0,0.71,1734.3837124855727,0.0,0.0,1651.06,0.9413943126533779,1.0,1202.266806724752,1000.0,1143.1069708599955,1000.0,1.0242422305739305,0.0
5671,1692946860000.0,41.050181887330325,0.0,0.71,1734.3837124855727,0.0,0.0,1650.57,0.9413943126533779,1.0,1202.266806724752,1000.0,1142.7590708599955,1000.0,1.0242422305739305,0.0
5672,1692950460000.0,41.050181887330325,0.0,0.71,1734.3837124855727,0.0,0.0,1650.74,0.9413943126533779,1.0,1202.266806724752,1000.0,1142.8797708599955,1000.0,1.0242422305739305,0.0
5673,1692954060000.0,41.050181887330325,0.0,0.71,1734.3837124855727,0.0,0.0,1652.78,0.9413943126533779,1.0,1202.266806724752,1000.0,1144.3281708599955,1000.0,1.0242422305739305,0.0
5674,1692957660000.0,18.013338657149234,0.0,0.7,1734.3837124855727,0.0,0.0,1652.15,0.9413943126533779,1.0,1201.4592616798964,1000.0,1143.8956629399956,1000.0,1.0104950184015178,0.0
5675,1692961260000.0,18.013338657149234,0.0,0.7,1734.3837124855727,0.0,0.0,1651.45,0.9413943126533779,1.0,1201.4592616798964,1000.0,1143.4056629399956,1000.0,1.0104950184015178,0.0
5676,1692964860000.0,18.013338657149234,0.0,0.7,1734.3837124855727,0.0,0.0,1653.34,0.9413943126533779,1.0,1201.4592616798964,1000.0,1144.7286629399955,1000.0,1.0104950184015178,0.0
5677,1692968460000.0,18.013338657149234,0.0,0.7,1734.3837124855727,0.0,0.0,1655.99,0.9413943126533779,1.0,1201.4592616798964,1000.0,1146.5836629399955,1000.0,1.0104950184015178,0.0
5678,1692972060000.0,18.013338657149234,0.0,0.7,1734.3837124855727,0.0,0.0,1653.35,0.9413943126533779,1.0,1201.4592616798964,1000.0,1144.7356629399953,1000.0,1.0104950184015178,0.0
5679,1692975660000.0,18.013338657149234,0.0,0.7,1734.3837124855727,0.0,0.0,1635.82,0.9413943126533779,1.0,1201.4592616798964,1000.0,1132.4646629399954,1000.0,1.0104950184015178,0.0
5680,1692979260000.0,18.013338657149234,0.0,0.7,1734.3837124855727,0.0,0.0,1647.16,0.9413943126533779,1.0,1201.4592616798964,1000.0,1140.4026629399955,1000.0,1.0104950184015178,0.0
5681,1692982860000.0,18.013338657149234,0.0,0.7,1734.3837124855727,0.0,0.0,1643.89,0.9413943126533779,1.0,1201.4592616798964,1000.0,1138.1136629399955,1000.0,1.0104950184015178,0.0
5682,1692986460000.0,18.013338657149234,0.0,0.7,1734.3837124855727,0.0,0.0,1641.62,0.9413943126533779,1.0,1201.4592616798964,1000.0,1136.5246629399953,1000.0,1.0104950184015178,0.0
5683,1692990060000.0,18.013338657149234,0.0,0.7,1734.3837124855727,0.0,0.0,1652.22,0.9413943126533779,1.0,1201.4592616798964,1000.0,1143.9446629399956,1000.0,1.0104950184015178,0.0
5684,1692993660000.0,18.013338657149234,0.0,0.7,1734.3837124855727,0.0,0.0,1645.07,0.9413943126533779,1.0,1201.4592616798964,1000.0,1138.9396629399955,1000.0,1.0104950184015178,0.0
5685,1692997260000.0,18.013338657149234,0.0,0.7,1734.3837124855727,0.0,0.0,1647.83,0.9413943126533779,1.0,1201.4592616798964,1000.0,1140.8716629399955,1000.0,1.0104950184015178,0.0
5686,1693000860000.0,18.013338657149234,0.0,0.7,1734.3837124855727,0.0,0.0,1650.0,0.9413943126533779,1.0,1201.4592616798964,1000.0,1142.3906629399955,1000.0,1.0104950184015178,0.0
5687,1693004460000.0,85.0407156712392,0.0,0.73,1729.6783035822536,0.0,0.0,1652.59,0.9413943126533779,1.0,1200.5854391750406,1000.0,1144.3109775599953,1000.0,1.0517078755200142,0.0
5688,1693008060000.0,85.0407156712392,0.0,0.73,1729.6783035822536,0.0,0.0,1652.93,0.9413943126533779,1.0,1200.5854391750406,1000.0,1144.5591775599955,1000.0,1.0517078755200142,0.0
5689,1693011660000.0,85.0407156712392,0.0,0.73,1729.6783035822536,0.0,0.0,1651.36,0.9413943126533779,1.0,1200.5854391750406,1000.0,1143.4130775599954,1000.0,1.0517078755200142,0.0
5690,1693015260000.0,85.0407156712392,0.0,0.73,1729.6783035822536,0.0,0.0,1651.21,0.9413943126533779,1.0,1200.5854391750406,1000.0,1143.3035775599956,1000.0,1.0517078755200142,0.0
5691,1693018860000.0,85.0407156712392,0.0,0.73,1729.6783035822536,0.0,0.0,1654.0,0.9413943126533779,1.0,1200.5854391750406,1000.0,1145.3402775599955,1000.0,1.0517078755200142,0.0
5692,1693022460000.0,85.0407156712392,0.0,0.73,1729.6783035822536,0.0,0.0,1653.8,0.9413943126533779,1.0,1200.5854391750406,1000.0,1145.1942775599955,1000.0,1.0517078755200142,0.0
5693,1693026060000.0,85.0407156712392,0.0,0.73,1729.6783035822536,0.0,0.0,1652.0,0.9413943126533779,1.0,1200.5854391750406,1000.0,1143.8802775599954,1000.0,1.0517078755200142,0.0
5694,1693029660000.0,85.0407156712392,0.0,0.73,1729.6783035822536,0.0,0.0,1651.79,0.9413943126533779,1.0,1200.5854391750406,1000.0,1143.7269775599955,1000.0,1.0517078755200142,0.0
5695,1693033260000.0,85.0407156712392,0.0,0.73,1729.6783035822536,0.0,0.0,1652.93,0.9413943126533779,1.0,1200.5854391750406,1000.0,1144.5591775599955,1000.0,1.0517078755200142,0.0
5696,1693036860000.0,85.0407156712392,0.0,0.73,1729.6783035822536,0.0,0.0,1651.36,0.9413943126533779,1.0,1200.5854391750406,1000.0,1143.4130775599954,1000.0,1.0517078755200142,0.0
5697,1693040460000.0,85.0407156712392,0.0,0.73,1729.6783035822536,0.0,0.0,1648.71,0.9413943126533779,1.0,1200.5854391750406,1000.0,1141.4785775599955,1000.0,1.0517078755200142,0.0
5698,1693044060000.0,85.0407156712392,0.0,0.73,1729.6783035822536,0.0,0.0,1648.64,0.9413943126533779,1.0,1200.5854391750406,1000.0,1141.4274775599956,1000.0,1.0517078755200142,0.0
5699,1693047660000.0,85.0407156712392,0.0,0.73,1729.6783035822536,0.0,0.0,1649.18,0.9413943126533779,1.0,1200.5854391750406,1000.0,1141.8216775599956,1000.0,1.0517078755200142,0.0
5700,1693051260000.0,63.321001138894914,0.0,0.72,1729.6783035822536,0.0,0.0,1649.49,0.9413943126533779,1.0,1199.7772577592182,1000.0,1142.0416791799955,1000.0,1.0379996541234273,0.0
5701,1693054860000.0,63.321001138894914,0.0,0.72,1729.6783035822536,0.0,0.0,1648.83,0.9413943126533779,1.0,1199.7772577592182,1000.0,1141.5664791799954,1000.0,1.0379996541234273,0.0
5702,1693058460000.0,63.321001138894914,0.0,0.72,1729.6783035822536,0.0,0.0,1649.57,0.9413943126533779,1.0,1199.7772577592182,1000.0,1142.0992791799954,1000.0,1.0379996541234273,0.0
5703,1693062060000.0,63.321001138894914,0.0,0.72,1729.6783035822536,0.0,0.0,1651.53,0.9413943126533779,1.0,1199.7772577592182,1000.0,1143.5104791799956,1000.0,1.0379996541234273,0.0
5704,1693065660000.0,63.321001138894914,0.0,0.72,1729.6783035822536,0.0,0.0,1650.83,0.9413943126533779,1.0,1199.7772577592182,1000.0,1143.0064791799955,1000.0,1.0379996541234273,0.0
5705,1693069260000.0,63.321001138894914,0.0,0.72,1729.6783035822536,0.0,0.0,1647.06,0.9413943126533779,1.0,1199.7772577592182,1000.0,1140.2920791799954,1000.0,1.0379996541234273,0.0
5706,1693072860000.0,63.321001138894914,0.0,0.72,1729.6783035822536,0.0,0.0,1645.03,0.9413943126533779,1.0,1199.7772577592182,1000.0,1138.8304791799956,1000.0,1.0379996541234273,0.0
5707,1693076460000.0,63.321001138894914,0.0,0.72,1729.6783035822536,0.0,0.0,1644.4,0.9413943126533779,1.0,1199.7772577592182,1000.0,1138.3768791799955,1000.0,1.0379996541234273,0.0
5708,1693080060000.0,63.321001138894914,0.0,0.72,1729.6783035822536,0.0,0.0,1644.84,0.9413943126533779,1.0,1199.7772577592182,1000.0,1138.6936791799956,1000.0,1.0379996541234273,0.0
5709,1693083660000.0,63.321001138894914,0.0,0.72,1729.6783035822536,0.0,0.0,1646.48,0.9413943126533779,1.0,1199.7772577592182,1000.0,1139.8744791799957,1000.0,1.0379996541234273,0.0
5710,1693087260000.0,63.321001138894914,0.0,0.72,1729.6783035822536,0.0,0.0,1648.29,0.9413943126533779,1.0,1199.7772577592182,1000.0,1141.1776791799955,1000.0,1.0379996541234273,0.0
5711,1693090860000.0,63.321001138894914,0.0,0.72,1729.6783035822536,0.0,0.0,1647.63,0.9413943126533779,1.0,1199.7772577592182,1000.0,1140.7024791799956,1000.0,1.0379996541234273,0.0
5712,1693094460000.0,63.321001138894914,0.0,0.72,1729.6783035822536,0.0,0.0,1645.98,0.9413943126533779,1.0,1199.7772577592182,1000.0,1139.5144791799955,1000.0,1.0379996541234273,0.0
5713,1693098060000.0,41.00523515493555,0.0,0.71,1729.6783035822536,0.0,0.0,1646.38,0.9413943126533779,1.0,1198.9578785833958,1000.0,1139.8160830399956,1000.0,1.0242825185772189,0.0
5714,1693101660000.0,41.00523515493555,0.0,0.71,1729.6783035822536,0.0,0.0,1648.92,0.9413943126533779,1.0,1198.9578785833958,1000.0,1141.6194830399957,1000.0,1.0242825185772189,0.0
5715,1693105260000.0,41.00523515493555,0.0,0.71,1729.6783035822536,0.0,0.0,1645.85,0.9413943126533779,1.0,1198.9578785833958,1000.0,1139.4397830399955,1000.0,1.0242825185772189,0.0
5716,1693108860000.0,41.00523515493555,0.0,0.71,1729.6783035822536,0.0,0.0,1646.46,0.9413943126533779,1.0,1198.9578785833958,1000.0,1139.8728830399957,1000.0,1.0242825185772189,0.0
5717,1693112460000.0,41.00523515493555,0.0,0.71,1729.6783035822536,0.0,0.0,1651.2,0.9413943126533779,1.0,1198.9578785833958,1000.0,1143.2382830399956,1000.0,1.0242825185772189,0.0
5718,1693116060000.0,41.00523515493555,0.0,0.71,1729.6783035822536,0.0,0.0,1650.65,0.9413943126533779,1.0,1198.9578785833958,1000.0,1142.8477830399956,1000.0,1.0242825185772189,0.0
5719,1693119660000.0,41.00523515493555,0.0,0.71,1729.6783035822536,0.0,0.0,1649.54,0.9413943126533779,1.0,1198.9578785833958,1000.0,1142.0596830399957,1000.0,1.0242825185772189,0.0
5720,1693123260000.0,41.00523515493555,0.0,0.71,1729.6783035822536,0.0,0.0,1647.96,0.9413943126533779,1.0,1198.9578785833958,1000.0,1140.9378830399958,1000.0,1.0242825185772189,0.0
5721,1693126860000.0,41.00523515493555,0.0,0.71,1729.6783035822536,0.0,0.0,1650.14,0.9413943126533779,1.0,1198.9578785833958,1000.0,1142.4856830399958,1000.0,1.0242825185772189,0.0
5722,1693130460000.0,41.00523515493555,0.0,0.71,1729.6783035822536,0.0,0.0,1650.11,0.9413943126533779,1.0,1198.9578785833958,1000.0,1142.4643830399957,1000.0,1.0242825185772189,0.0
5723,1693134060000.0,41.00523515493555,0.0,0.71,1729.6783035822536,0.0,0.0,1649.53,0.9413943126533779,1.0,1198.9578785833958,1000.0,1142.0525830399956,1000.0,1.0242825185772189,0.0
5724,1693137660000.0,41.00523515493555,0.0,0.71,1729.6783035822536,0.0,0.0,1648.46,0.9413943126533779,1.0,1198.9578785833958,1000.0,1141.2928830399958,1000.0,1.0242825185772189,0.0
5725,1693141260000.0,41.00523515493555,0.0,0.71,1729.6783035822536,0.0,0.0,1650.04,0.9413943126533779,1.0,1198.9578785833958,1000.0,1142.4146830399957,1000.0,1.0242825185772189,0.0
5726,1693144860000.0,18.025738228577342,0.0,0.7,1729.6783035822536,0.0,0.0,1650.91,0.9413943126533779,1.0,1198.1567957475734,1000.0,1143.0189832399958,1000.0,1.0105311899116938,0.0
5727,1693148460000.0,18.025738228577342,0.0,0.7,1729.6783035822536,0.0,0.0,1658.53,0.9413943126533779,1.0,1198.1567957475734,1000.0,1148.3529832399959,1000.0,1.0105311899116938,0.0
5728,1693152060000.0,18.025738228577342,0.0,0.7,1729.6783035822536,0.0,0.0,1654.6,0.9413943126533779,1.0,1198.1567957475734,1000.0,1145.6019832399957,1000.0,1.0105311899116938,0.0
5729,1693155660000.0,18.025738228577342,0.0,0.7,1729.6783035822536,0.0,0.0,1659.24,0.9413943126533779,1.0,1198.1567957475734,1000.0,1148.8499832399957,1000.0,1.0105311899116938,0.0
5730,1693159260000.0,18.025738228577342,0.0,0.7,1729.6783035822536,0.0,0.0,1650.07,0.9413943126533779,1.0,1198.1567957475734,1000.0,1142.4309832399958,1000.0,1.0105311899116938,0.0
5731,1693162860000.0,18.025738228577342,0.0,0.7,1729.6783035822536,0.0,0.0,1654.05,0.9413943126533779,1.0,1198.1567957475734,1000.0,1145.216983239996,1000.0,1.0105311899116938,0.0
5732,1693166460000.0,18.025738228577342,0.0,0.7,1729.6783035822536,0.0,0.0,1654.3,0.9413943126533779,1.0,1198.1567957475734,1000.0,1145.3919832399959,1000.0,1.0105311899116938,0.0
5733,1693170060000.0,18.025738228577342,0.0,0.7,1729.6783035822536,0.0,0.0,1653.41,0.9413943126533779,1.0,1198.1567957475734,1000.0,1144.7689832399958,1000.0,1.0105311899116938,0.0
5734,1693173660000.0,18.025738228577342,0.0,0.7,1729.6783035822536,0.0,0.0,1652.14,0.9413943126533779,1.0,1198.1567957475734,1000.0,1143.879983239996,1000.0,1.0105311899116938,0.0
5735,1693177260000.0,18.025738228577342,0.0,0.7,1729.6783035822536,0.0,0.0,1656.78,0.9413943126533779,1.0,1198.1567957475734,1000.0,1147.1279832399957,1000.0,1.0105311899116938,0.0
5736,1693180860000.0,18.025738228577342,0.0,0.7,1729.6783035822536,0.0,0.0,1657.01,0.9413943126533779,1.0,1198.1567957475734,1000.0,1147.2889832399958,1000.0,1.0105311899116938,0.0
5737,1693184460000.0,18.025738228577342,0.0,0.7,1729.6783035822536,0.0,0.0,1649.35,0.9413943126533779,1.0,1198.1567957475734,1000.0,1141.9269832399957,1000.0,1.0105311899116938,0.0
5738,1693188060000.0,18.025738228577342,0.0,0.7,1729.6783035822536,0.0,0.0,1648.59,0.9413943126533779,1.0,1198.1567957475734,1000.0,1141.3949832399958,1000.0,1.0105311899116938,0.0
5739,1693191660000.0,85.12673550685514,0.0,0.73,1725.3183965366507,0.0,0.0,1649.79,0.9413943126533779,1.0,1197.3399125517508,1000.0,1142.2041830799958,1000.0,1.0519004806142036,0.0
5740,1693195260000.0,85.12673550685514,0.0,0.73,1725.3183965366507,0.0,0.0,1648.93,0.9413943126533779,1.0,1197.3399125517508,1000.0,1141.5763830799958,1000.0,1.0519004806142036,0.0
5741,1693198860000.0,85.12673550685514,0.0,0.73,1725.3183965366507,0.0,0.0,1649.01,0.9413943126533779,1.0,1197.3399125517508,1000.0,1141.6347830799957,1000.0,1.0519004806142036,0.0
5742,1693202460000.0,85.12673550685514,0.0,0.73,1725.3183965366507,0.0,0.0,1641.02,0.9413943126533779,1.0,1197.3399125517508,1000.0,1135.8020830799958,1000.0,1.0519004806142036,0.0
5743,1693206060000.0,85.12673550685514,0.0,0.73,1725.3183965366507,0.0,0.0,1641.91,0.9413943126533779,1.0,1197.3399125517508,1000.0,1136.451783079996,1000.0,1.0519004806142036,0.0
5744,1693209660000.0,85.12673550685514,0.0,0.73,1725.3183965366507,0.0,0.0,1641.31,0.9413943126533779,1.0,1197.3399125517508,1000.0,1136.0137830799958,1000.0,1.0519004806142036,0.0
5745,1693213260000.0,85.12673550685514,0.0,0.73,1725.3183965366507,0.0,0.0,1640.95,0.9413943126533779,1.0,1197.3399125517508,1000.0,1135.7509830799959,1000.0,1.0519004806142036,0.0
5746,1693216860000.0,85.12673550685514,0.0,0.73,1725.3183965366507,0.0,0.0,1635.18,0.9413943126533779,1.0,1197.3399125517508,1000.0,1131.538883079996,1000.0,1.0519004806142036,0.0
5747,1693220460000.0,85.12673550685514,0.0,0.73,1725.3183965366507,0.0,0.0,1637.9,0.9413943126533779,1.0,1197.3399125517508,1000.0,1133.524483079996,1000.0,1.0519004806142036,0.0
5748,1693224060000.0,85.12673550685514,0.0,0.73,1725.3183965366507,0.0,0.0,1639.72,0.9413943126533779,1.0,1197.3399125517508,1000.0,1134.853083079996,1000.0,1.0519004806142036,0.0
5749,1693227660000.0,85.12673550685514,0.0,0.73,1725.3183965366507,0.0,0.0,1655.65,0.9413943126533779,1.0,1197.3399125517508,1000.0,1146.4819830799959,1000.0,1.0519004806142036,0.0
5750,1693231260000.0,85.12673550685514,0.0,0.73,1725.3183965366507,0.0,0.0,1647.01,0.9413943126533779,1.0,1197.3399125517508,1000.0,1140.174783079996,1000.0,1.0519004806142036,0.0
5751,1693234860000.0,85.12673550685514,0.0,0.73,1725.3183965366507,0.0,0.0,1650.66,0.9413943126533779,1.0,1197.3399125517508,1000.0,1142.8392830799958,1000.0,1.0519004806142036,0.0
5752,1693238460000.0,63.48097891667237,0.0,0.72,1725.3183965366507,0.0,0.0,1648.29,0.9413943126533779,1.0,1196.5229406863843,1000.0,1141.062495179996,1000.0,1.0381992716276587,0.0
5753,1693242060000.0,63.48097891667237,0.0,0.72,1725.3183965366507,0.0,0.0,1651.32,0.9413943126533779,1.0,1196.5229406863843,1000.0,1143.2440951799958,1000.0,1.0381992716276587,0.0
5754,1693245660000.0,63.48097891667237,0.0,0.72,1725.3183965366507,0.0,0.0,1648.74,0.9413943126533779,1.0,1196.5229406863843,1000.0,1141.3864951799958,1000.0,1.0381992716276587,0.0
5755,1693249260000.0,63.48097891667237,0.0,0.72,1725.3183965366507,0.0,0.0,1651.26,0.9413943126533779,1.0,1196.5229406863843,1000.0,1143.2008951799958,1000.0,1.0381992716276587,0.0
5756,1693252860000.0,63.48097891667237,0.0,0.72,1725.3183965366507,0.0,0.0,1646.51,0.9413943126533779,1.0,1196.5229406863843,1000.0,1139.780895179996,1000.0,1.0381992716276587,0.0
5757,1693256460000.0,63.48097891667237,0.0,0.72,1725.3183965366507,0.0,0.0,1646.5,0.9413943126533779,1.0,1196.5229406863843,1000.0,1139.773695179996,1000.0,1.0381992716276587,0.0
5758,1693260060000.0,63.48097891667237,0.0,0.72,1725.3183965366507,0.0,0.0,1644.86,0.9413943126533779,1.0,1196.5229406863843,1000.0,1138.5928951799958,1000.0,1.0381992716276587,0.0
5759,1693263660000.0,63.48097891667237,0.0,0.72,1725.3183965366507,0.0,0.0,1650.23,0.9413943126533779,1.0,1196.5229406863843,1000.0,1142.459295179996,1000.0,1.0381992716276587,0.0
5760,1693267260000.0,63.48097891667237,0.0,0.72,1725.3183965366507,0.0,0.0,1652.81,0.9413943126533779,1.0,1196.5229406863843,1000.0,1144.3168951799958,1000.0,1.0381992716276587,0.0
5761,1693270860000.0,63.48097891667237,0.0,0.72,1725.3183965366507,0.0,0.0,1655.83,0.9413943126533779,1.0,1196.5229406863843,1000.0,1146.4912951799959,1000.0,1.0381992716276587,0.0
5762,1693274460000.0,63.48097891667237,0.0,0.72,1725.3183965366507,0.0,0.0,1654.04,0.9413943126533779,1.0,1196.5229406863843,1000.0,1145.2024951799958,1000.0,1.0381992716276587,0.0
5763,1693278060000.0,63.48097891667237,0.0,0.72,1725.3183965366507,0.0,0.0,1652.66,0.9413943126533779,1.0,1196.5229406863843,1000.0,1144.208895179996,1000.0,1.0381992716276587,0.0
5764,1693281660000.0,63.48097891667237,0.0,0.72,1725.3183965366507,0.0,0.0,1652.22,0.9413943126533779,1.0,1196.5229406863843,1000.0,1143.892095179996,1000.0,1.0381992716276587,0.0
5765,1693285260000.0,41.14310481690712,0.0,0.71,1725.3183965366507,0.0,0.0,1649.47,0.9413943126533779,1.0,1195.7644571210178,1000.0,1141.9120955799958,1000.0,1.024429229557747,0.0
5766,1693288860000.0,41.14310481690712,0.0,0.71,1725.3183965366507,0.0,0.0,1649.31,0.9413943126533779,1.0,1195.7644571210178,1000.0,1141.798495579996,1000.0,1.024429229557747,0.0
5767,1693292460000.0,41.14310481690712,0.0,0.71,1725.3183965366507,0.0,0.0,1645.29,0.9413943126533779,1.0,1195.7644571210178,1000.0,1138.944295579996,1000.0,1.024429229557747,0.0
5768,1693296060000.0,41.14310481690712,0.0,0.71,1725.3183965366507,0.0,0.0,1645.75,0.9413943126533779,1.0,1195.7644571210178,1000.0,1139.2708955799958,1000.0,1.024429229557747,0.0
5769,1693299660000.0,41.14310481690712,0.0,0.71,1725.3183965366507,0.0,0.0,1645.32,0.9413943126533779,1.0,1195.7644571210178,1000.0,1138.9655955799958,1000.0,1.024429229557747,0.0
5770,1693303260000.0,41.14310481690712,0.0,0.71,1725.3183965366507,0.0,0.0,1644.13,0.9413943126533779,1.0,1195.7644571210178,1000.0,1138.120695579996,1000.0,1.024429229557747,0.0
5771,1693306860000.0,41.14310481690712,0.0,0.71,1725.3183965366507,0.0,0.0,1642.8,0.9413943126533779,1.0,1195.7644571210178,1000.0,1137.1763955799959,1000.0,1.024429229557747,0.0
5772,1693310460000.0,41.14310481690712,0.0,0.71,1725.3183965366507,0.0,0.0,1640.85,0.9413943126533779,1.0,1195.7644571210178,1000.0,1135.7918955799958,1000.0,1.024429229557747,0.0
5773,1693314060000.0,41.14310481690712,0.0,0.71,1725.3183965366507,0.0,0.0,1644.42,0.9413943126533779,1.0,1195.7644571210178,1000.0,1138.326595579996,1000.0,1.024429229557747,0.0
5774,1693317660000.0,41.14310481690712,0.0,0.71,1725.3183965366507,0.0,0.0,1646.68,0.9413943126533779,1.0,1195.7644571210178,1000.0,1139.9311955799958,1000.0,1.024429229557747,0.0
5775,1693321260000.0,41.14310481690712,0.0,0.71,1725.3183965366507,0.0,0.0,1722.76,0.9413943126533779,1.0,1195.7644571210178,1000.0,1193.947995579996,1000.0,1.024429229557747,0.0
5776,1693324860000.0,41.14310481690712,0.0,0.71,1725.3183965366507,0.0,0.0,1713.62,0.9413943126533779,1.0,1195.7644571210178,1000.0,1187.4585955799957,1000.0,1.024429229557747,0.0
5777,1693328460000.0,0.0,0.0,0.42,1725.3183965366507,0.0,0.0,1733.08,0.9413943126533779,1.0,1199.309424505389,1000.0,1202.5692979599958,1000.0,0.6042091488143202,0.0
5778,1693332060000.0,0.0,0.0,0.21,1725.3183965366507,0.0,0.0,1732.38,0.9413943126533779,1.0,1201.8764698526923,1000.0,1203.3594065799957,1000.0,0.30145931995582204,0.0
5779,1693335660000.0,0.0,0.0,0.1,1725.3183965366507,0.0,0.0,1731.85,0.9413943126533779,1.0,1203.2211126536606,1000.0,1203.8742729999956,1000.0,0.14339163254304305,0.0
5780,1693339260000.0,0.0,0.0,0.04,1725.3183965366507,0.0,0.0,1737.92,0.9413943126533779,1.0,1203.9545541814625,1000.0,1204.4586183199965,1000.0,0.057321711705626624,0.0
5781,1693342860000.0,0.0,0.0,0.04,1725.3183965366507,0.0,0.0,1728.93,0.9413943126533779,1.0,1203.9545541814625,1000.0,1204.0990183199965,1000.0,0.057321711705626624,0.0
5782,1693346460000.0,0.0,0.0,0.04,1725.3183965366507,0.0,0.0,1731.85,0.9413943126533779,1.0,1203.9545541814625,1000.0,1204.2158183199965,1000.0,0.057321711705626624,0.0
5783,1693350060000.0,0.0,0.0,0.04,1725.3183965366507,0.0,0.0,1728.01,0.9413943126533779,1.0,1203.9545541814625,1000.0,1204.0622183199964,1000.0,0.057321711705626624,0.0
5784,1693353660000.0,0.0,0.0,0.04,1725.3183965366507,0.0,0.0,1728.83,0.9413943126533779,1.0,1203.9545541814625,1000.0,1204.0950183199966,1000.0,0.057321711705626624,0.0
5785,1693357260000.0,0.0,0.0,0.04,1725.3183965366507,0.0,0.0,1721.95,0.9413943126533779,1.0,1203.9545541814625,1000.0,1203.8198183199966,1000.0,0.057321711705626624,0.0
5786,1693360860000.0,0.0,0.0,0.04,1725.3183965366507,0.0,0.0,1718.34,0.9413943126533779,1.0,1203.9545541814625,1000.0,1203.6754183199964,1000.0,0.057321711705626624,0.0
5787,1693364460000.0,0.0,0.0,0.04,1725.3183965366507,0.0,0.0,1715.32,0.9413943126533779,1.0,1203.9545541814625,1000.0,1203.5546183199965,1000.0,0.057321711705626624,0.0
5788,1693368060000.0,0.0,0.0,0.04,1725.3183965366507,0.0,0.0,1718.18,0.9413943126533779,1.0,1203.9545541814625,1000.0,1203.6690183199964,1000.0,0.057321711705626624,0.0
5789,1693371660000.0,0.0,0.0,0.04,1725.3183965366507,0.0,0.0,1718.21,0.9413943126533779,1.0,1203.9545541814625,1000.0,1203.6702183199966,1000.0,0.057321711705626624,0.0
5790,1693375260000.0,0.0,0.0,0.04,1725.3183965366507,0.0,0.0,1719.05,0.9413943126533779,1.0,1203.9545541814625,1000.0,1203.7038183199966,1000.0,0.057321711705626624,0.0
5791,1693378860000.0,0.0,0.0,0.04,1725.3183965366507,0.0,0.0,1717.0,0.9413943126533779,1.0,1203.9545541814625,1000.0,1203.6218183199965,1000.0,0.057321711705626624,0.0
5792,1693382460000.0,0.0,0.0,0.04,1725.3183965366507,0.0,0.0,1716.15,0.9413943126533779,1.0,1203.9545541814625,1000.0,1203.5878183199966,1000.0,0.057321711705626624,0.0
5793,1693386060000.0,0.0,0.0,0.04,1725.3183965366507,0.0,0.0,1717.14,0.9413943126533779,1.0,1203.9545541814625,1000.0,1203.6274183199964,1000.0,0.057321711705626624,0.0
5794,1693389660000.0,0.0,0.0,0.04,1725.3183965366507,0.0,0.0,1714.0,0.9413943126533779,1.0,1203.9545541814625,1000.0,1203.5018183199966,1000.0,0.057321711705626624,0.0
5795,1693393260000.0,0.0,0.0,0.04,1725.3183965366507,0.0,0.0,1717.48,0.9413943126533779,1.0,1203.9545541814625,1000.0,1203.6410183199964,1000.0,0.057321711705626624,0.0
5796,1693396860000.0,0.0,0.0,0.04,1725.3183965366507,0.0,0.0,1714.51,0.9413943126533779,1.0,1203.9545541814625,1000.0,1203.5222183199965,1000.0,0.057321711705626624,0.0
5797,1693400460000.0,0.0,0.0,0.04,1725.3183965366507,0.0,0.0,1716.69,0.9413943126533779,1.0,1203.9545541814625,1000.0,1203.6094183199964,1000.0,0.057321711705626624,0.0
5798,1693404060000.0,0.0,0.0,0.04,1725.3183965366507,0.0,0.0,1716.76,0.9413943126533779,1.0,1203.9545541814625,1000.0,1203.6122183199966,1000.0,0.057321711705626624,0.0
5799,1693407660000.0,0.0,0.0,0.04,1725.3183965366507,0.0,0.0,1699.65,0.9413943126533779,1.0,1203.9545541814625,1000.0,1202.9278183199965,1000.0,0.057321711705626624,0.0
5800,1693411260000.0,0.0,0.0,0.04,1725.3183965366507,0.0,0.0,1702.17,0.9413943126533779,1.0,1203.9545541814625,1000.0,1203.0286183199964,1000.0,0.057321711705626624,0.0
5801,1693414860000.0,0.0,0.0,0.04,1725.3183965366507,0.0,0.0,1698.02,0.9413943126533779,1.0,1203.9545541814625,1000.0,1202.8626183199965,1000.0,0.057321711705626624,0.0
5802,1693418460000.0,0.0,0.0,0.04,1725.3183965366507,0.0,0.0,1699.72,0.9413943126533779,1.0,1203.9545541814625,1000.0,1202.9306183199965,1000.0,0.057321711705626624,0.0
5803,1693422060000.0,0.0,0.0,0.04,1725.3183965366507,0.0,0.0,1702.47,0.9413943126533779,1.0,1203.9545541814625,1000.0,1203.0406183199966,1000.0,0.057321711705626624,0.0
5804,1693425660000.0,0.0,0.0,0.04,1725.3183965366507,0.0,0.0,1701.06,0.9413943126533779,1.0,1203.9545541814625,1000.0,1202.9842183199964,1000.0,0.057321711705626624,0.0
5805,1693429260000.0,0.0,0.0,0.04,1725.3183965366507,0.0,0.0,1703.09,0.9413943126533779,1.0,1203.9545541814625,1000.0,1203.0654183199965,1000.0,0.057321711705626624,0.0
5806,1693432860000.0,0.0,0.0,0.04,1725.3183965366507,0.0,0.0,1703.24,0.9413943126533779,1.0,1203.9545541814625,1000.0,1203.0714183199966,1000.0,0.057321711705626624,0.0
5807,1693436460000.0,0.0,0.0,0.04,1725.3183965366507,0.0,0.0,1701.95,0.9413943126533779,1.0,1203.9545541814625,1000.0,1203.0198183199966,1000.0,0.057321711705626624,0.0
5808,1693440060000.0,0.0,0.0,0.04,1725.3183965366507,0.0,0.0,1703.76,0.9413943126533779,1.0,1203.9545541814625,1000.0,1203.0922183199964,1000.0,0.057321711705626624,0.0
5809,1693443660000.0,0.0,0.0,0.04,1725.3183965366507,0.0,0.0,1700.5,0.9413943126533779,1.0,1203.9545541814625,1000.0,1202.9618183199966,1000.0,0.057321711705626624,0.0
5810,1693447260000.0,0.0,0.0,0.04,1725.3183965366507,0.0,0.0,1698.33,0.9413943126533779,1.0,1203.9545541814625,1000.0,1202.8750183199966,1000.0,0.057321711705626624,0.0
5811,1693450860000.0,0.0,0.0,0.04,1725.3183965366507,0.0,0.0,1699.04,0.9413943126533779,1.0,1203.9545541814625,1000.0,1202.9034183199965,1000.0,0.057321711705626624,0.0
5812,1693454460000.0,0.0,0.0,0.04,1725.3183965366507,0.0,0.0,1698.57,0.9413943126533779,1.0,1203.9545541814625,1000.0,1202.8846183199964,1000.0,0.057321711705626624,0.0
5813,1693458060000.0,0.0,0.0,0.04,1725.3183965366507,0.0,0.0,1701.4,0.9413943126533779,1.0,1203.9545541814625,1000.0,1202.9978183199964,1000.0,0.057321711705626624,0.0
5814,1693461660000.0,0.0,0.0,0.04,1725.3183965366507,0.0,0.0,1702.72,0.9413943126533779,1.0,1203.9545541814625,1000.0,1203.0506183199966,1000.0,0.057321711705626624,0.0
5815,1693465260000.0,0.0,0.0,0.04,1725.3183965366507,0.0,0.0,1703.47,0.9413943126533779,1.0,1203.9545541814625,1000.0,1203.0806183199966,1000.0,0.057321711705626624,0.0
5816,1693468860000.0,0.0,0.0,0.04,1725.3183965366507,0.0,0.0,1705.84,0.9413943126533779,1.0,1203.9545541814625,1000.0,1203.1754183199964,1000.0,0.057321711705626624,0.0
5817,1693472460000.0,0.0,0.0,0.04,1725.3183965366507,0.0,0.0,1705.27,0.9413943126533779,1.0,1203.9545541814625,1000.0,1203.1526183199965,1000.0,0.057321711705626624,0.0
5818,1693476060000.0,0.0,0.0,0.04,1725.3183965366507,0.0,0.0,1703.18,0.9413943126533779,1.0,1203.9545541814625,1000.0,1203.0690183199965,1000.0,0.057321711705626624,0.0
5819,1693479660000.0,0.0,0.0,0.04,1725.3183965366507,0.0,0.0,1704.07,0.9413943126533779,1.0,1203.9545541814625,1000.0,1203.1046183199965,1000.0,0.057321711705626624,0.0
5820,1693483260000.0,0.0,0.0,0.04,1725.3183965366507,0.0,0.0,1711.94,0.9413943126533779,1.0,1203.9545541814625,1000.0,1203.4194183199966,1000.0,0.057321711705626624,0.0
5821,1693486860000.0,0.0,0.0,0.04,1725.3183965366507,0.0,0.0,1706.61,0.9413943126533779,1.0,1203.9545541814625,1000.0,1203.2062183199964,1000.0,0.057321711705626624,0.0
5822,1693490460000.0,0.0,0.0,0.04,1725.3183965366507,0.0,0.0,1703.75,0.9413943126533779,1.0,1203.9545541814625,1000.0,1203.0918183199965,1000.0,0.057321711705626624,0.0
5823,1693494060000.0,0.0,0.0,0.04,1725.3183965366507,0.0,0.0,1702.85,0.9413943126533779,1.0,1203.9545541814625,1000.0,1203.0558183199964,1000.0,0.057321711705626624,0.0
5824,1693497660000.0,0.0,0.0,0.11,1701.264871467873,0.0,0.0,1686.7,0.9413943126533779,1.0,1203.9309289014625,1000.0,1202.3287930399965,1000.0,0.15544009325536873,0.0
5825,1693501260000.0,0.0,0.0,0.3,1675.630786204887,0.0,0.0,1650.04,0.9413943126533779,1.0,1203.8678188814624,1000.0,1196.1905830199962,1000.0,0.4175618186459413,0.0
5826,1693504860000.0,0.0,0.0,0.3,1675.630786204887,0.0,0.0,1659.4,0.9413943126533779,1.0,1203.8678188814624,1000.0,1198.9985830199964,1000.0,0.4175618186459413,0.0
5827,1693508460000.0,0.0,0.0,0.3,1675.630786204887,0.0,0.0,1657.68,0.9413943126533779,1.0,1203.8678188814624,1000.0,1198.4825830199964,1000.0,0.4175618186459413,0.0
5828,1693512060000.0,0.0,0.0,0.3,1675.630786204887,0.0,0.0,1652.41,0.9413943126533779,1.0,1203.8678188814624,1000.0,1196.9015830199965,1000.0,0.4175618186459413,0.0
5829,1693515660000.0,0.0,0.0,0.3,1675.630786204887,0.0,0.0,1648.06,0.9413943126533779,1.0,1203.8678188814624,1000.0,1195.5965830199964,1000.0,0.4175618186459413,0.0
5830,1693519260000.0,0.0,0.0,0.3,1675.630786204887,0.0,0.0,1646.16,0.9413943126533779,1.0,1203.8678188814624,1000.0,1195.0265830199965,1000.0,0.4175618186459413,0.0
5831,1693522860000.0,0.0,0.0,0.3,1675.630786204887,0.0,0.0,1648.18,0.9413943126533779,1.0,1203.8678188814624,1000.0,1195.6325830199962,1000.0,0.4175618186459413,0.0
5832,1693526460000.0,0.0,0.0,0.3,1675.630786204887,0.0,0.0,1644.8,0.9413943126533779,1.0,1203.8678188814624,1000.0,1194.6185830199963,1000.0,0.4175618186459413,0.0
5833,1693530060000.0,0.0,0.0,0.3,1675.630786204887,0.0,0.0,1650.73,0.9413943126533779,1.0,1203.8678188814624,1000.0,1196.3975830199963,1000.0,0.4175618186459413,0.0
5834,1693533660000.0,0.0,0.0,0.3,1675.630786204887,0.0,0.0,1649.18,0.9413943126533779,1.0,1203.8678188814624,1000.0,1195.9325830199964,1000.0,0.4175618186459413,0.0
5835,1693537260000.0,0.0,0.0,0.3,1675.630786204887,0.0,0.0,1648.87,0.9413943126533779,1.0,1203.8678188814624,1000.0,1195.8395830199963,1000.0,0.4175618186459413,0.0
5836,1693540860000.0,0.0,0.0,0.3,1675.630786204887,0.0,0.0,1650.9,0.9413943126533779,1.0,1203.8678188814624,1000.0,1196.4485830199962,1000.0,0.4175618186459413,0.0
5837,1693544460000.0,0.0,0.0,0.3,1675.630786204887,0.0,0.0,1649.37,0.9413943126533779,1.0,1203.8678188814624,1000.0,1195.9895830199962,1000.0,0.4175618186459413,0.0
5838,1693548060000.0,0.0,0.0,0.3,1675.630786204887,0.0,0.0,1647.78,0.9413943126533779,1.0,1203.8678188814624,1000.0,1195.5125830199963,1000.0,0.4175618186459413,0.0
5839,1693551660000.0,0.0,0.0,0.3,1675.630786204887,0.0,0.0,1644.21,0.9413943126533779,1.0,1203.8678188814624,1000.0,1194.4415830199964,1000.0,0.4175618186459413,0.0
5840,1693555260000.0,0.0,0.0,0.3,1675.630786204887,0.0,0.0,1646.64,0.9413943126533779,1.0,1203.8678188814624,1000.0,1195.1705830199962,1000.0,0.4175618186459413,0.0
5841,1693558860000.0,0.0,0.0,0.3,1675.630786204887,0.0,0.0,1642.79,0.9413943126533779,1.0,1203.8678188814624,1000.0,1194.0155830199963,1000.0,0.4175618186459413,0.0
5842,1693562460000.0,0.0,0.0,0.3,1675.630786204887,0.0,0.0,1644.23,0.9413943126533779,1.0,1203.8678188814624,1000.0,1194.4475830199963,1000.0,0.4175618186459413,0.0
5843,1693566060000.0,0.0,0.0,0.3,1675.630786204887,0.0,0.0,1641.56,0.9413943126533779,1.0,1203.8678188814624,1000.0,1193.6465830199963,1000.0,0.4175618186459413,0.0
5844,1693569660000.0,0.0,0.0,0.3,1675.630786204887,0.0,0.0,1647.5,0.9413943126533779,1.0,1203.8678188814624,1000.0,1195.4285830199963,1000.0,0.4175618186459413,0.0
5845,1693573260000.0,0.0,0.0,0.3,1675.630786204887,0.0,0.0,1645.48,0.9413943126533779,1.0,1203.8678188814624,1000.0,1194.8225830199963,1000.0,0.4175618186459413,0.0
5846,1693576860000.0,0.0,0.0,0.3,1675.630786204887,0.0,0.0,1643.93,0.9413943126533779,1.0,1203.8678188814624,1000.0,1194.3575830199964,1000.0,0.4175618186459413,0.0
5847,1693580460000.0,0.0,0.0,0.73,1647.173747755433,0.0,0.0,1631.74,0.9413943126533779,1.0,1203.7278693614624,1000.0,1192.4612334999963,1000.0,0.9989274706245016,0.0
5848,1693584060000.0,0.0,0.0,0.73,1647.173747755433,0.0,0.0,1632.39,0.9413943126533779,1.0,1203.7278693614624,1000.0,1192.9357334999963,1000.0,0.9989274706245016,0.0
5849,1693587660000.0,0.0,0.0,0.73,1647.173747755433,0.0,0.0,1621.64,0.9413943126533779,1.0,1203.7278693614624,1000.0,1185.0882334999965,1000.0,0.9989274706245016,0.0
5850,1693591260000.0,0.0,0.0,0.73,1647.173747755433,0.0,0.0,1604.71,0.9413943126533779,1.0,1203.7278693614624,1000.0,1172.7293334999963,1000.0,0.9989274706245016,0.0
5851,1693594860000.0,0.0,0.0,0.73,1647.173747755433,0.0,0.0,1617.59,0.9413943126533779,1.0,1203.7278693614624,1000.0,1182.1317334999962,1000.0,0.9989274706245016,0.0
5852,1693598460000.0,0.0,0.0,0.73,1647.173747755433,0.0,0.0,1618.74,0.9413943126533779,1.0,1203.7278693614624,1000.0,1182.9712334999963,1000.0,0.9989274706245016,0.0
5853,1693602060000.0,0.0,0.0,0.72,1647.173747755433,0.0,0.0,1627.23,0.9413943126533779,1.0,1203.597762903908,1000.0,1189.2382645199964,1000.0,0.9853500354824072,0.0
5854,1693605660000.0,0.0,0.0,0.72,1647.173747755433,0.0,0.0,1628.57,0.9413943126533779,1.0,1203.597762903908,1000.0,1190.2030645199961,1000.0,0.9853500354824072,0.0
5855,1693609260000.0,0.0,0.0,0.72,1647.173747755433,0.0,0.0,1625.8,0.9413943126533779,1.0,1203.597762903908,1000.0,1188.2086645199963,1000.0,0.9853500354824072,0.0
5856,1693612860000.0,0.0,0.0,0.72,1647.173747755433,0.0,0.0,1627.72,0.9413943126533779,1.0,1203.597762903908,1000.0,1189.5910645199963,1000.0,0.9853500354824072,0.0
5857,1693616460000.0,0.0,0.0,0.72,1647.173747755433,0.0,0.0,1627.72,0.9413943126533779,1.0,1203.597762903908,1000.0,1189.5910645199963,1000.0,0.9853500354824072,0.0
5858,1693620060000.0,0.0,0.0,0.72,1647.173747755433,0.0,0.0,1628.92,0.9413943126533779,1.0,1203.597762903908,1000.0,1190.4550645199963,1000.0,0.9853500354824072,0.0
5859,1693623660000.0,0.0,0.0,0.72,1647.173747755433,0.0,0.0,1629.61,0.9413943126533779,1.0,1203.597762903908,1000.0,1190.9518645199962,1000.0,0.9853500354824072,0.0
5860,1693627260000.0,0.0,0.0,0.72,1647.173747755433,0.0,0.0,1631.64,0.9413943126533779,1.0,1203.597762903908,1000.0,1192.4134645199963,1000.0,0.9853500354824072,0.0
5861,1693630860000.0,0.0,0.0,0.72,1647.173747755433,0.0,0.0,1631.72,0.9413943126533779,1.0,1203.597762903908,1000.0,1192.4710645199964,1000.0,0.9853500354824072,0.0
5862,1693634460000.0,0.0,0.0,0.72,1647.173747755433,0.0,0.0,1633.5,0.9413943126533779,1.0,1203.597762903908,1000.0,1193.7526645199962,1000.0,0.9853500354824072,0.0
5863,1693638060000.0,0.0,0.0,0.72,1647.173747755433,0.0,0.0,1630.0,0.9413943126533779,1.0,1203.597762903908,1000.0,1191.2326645199962,1000.0,0.9853500354824072,0.0
5864,1693641660000.0,0.0,0.0,0.72,1647.173747755433,0.0,0.0,1630.95,0.9413943126533779,1.0,1203.597762903908,1000.0,1191.9166645199964,1000.0,0.9853500354824072,0.0
5865,1693645260000.0,0.0,0.0,0.72,1647.173747755433,0.0,0.0,1629.76,0.9413943126533779,1.0,1203.597762903908,1000.0,1191.0598645199964,1000.0,0.9853500354824072,0.0
5866,1693648860000.0,0.0,0.0,0.71,1647.173747755433,0.0,0.0,1632.75,0.9413943126533779,1.0,1203.4391621463535,1000.0,1193.1983012399962,1000.0,0.9717926736076519,0.0
5867,1693652460000.0,0.0,0.0,0.71,1647.173747755433,0.0,0.0,1633.66,0.9413943126533779,1.0,1203.4391621463535,1000.0,1193.8444012399962,1000.0,0.9717926736076519,0.0
5868,1693656060000.0,0.0,0.0,0.71,1647.173747755433,0.0,0.0,1634.53,0.9413943126533779,1.0,1203.4391621463535,1000.0,1194.4621012399962,1000.0,0.9717926736076519,0.0
5869,1693659660000.0,0.0,0.0,0.71,1647.173747755433,0.0,0.0,1634.36,0.9413943126533779,1.0,1203.4391621463535,1000.0,1194.341401239996,1000.0,0.9717926736076519,0.0
5870,1693663260000.0,0.0,0.0,0.71,1647.173747755433,0.0,0.0,1636.14,0.9413943126533779,1.0,1203.4391621463535,1000.0,1195.6052012399962,1000.0,0.9717926736076519,0.0
5871,1693666860000.0,0.0,0.0,0.71,1647.173747755433,0.0,0.0,1638.08,0.9413943126533779,1.0,1203.4391621463535,1000.0,1196.982601239996,1000.0,0.9717926736076519,0.0
5872,1693670460000.0,0.0,0.0,0.71,1647.173747755433,0.0,0.0,1637.65,0.9413943126533779,1.0,1203.4391621463535,1000.0,1196.6773012399963,1000.0,0.9717926736076519,0.0
5873,1693674060000.0,0.0,0.0,0.71,1647.173747755433,0.0,0.0,1635.67,0.9413943126533779,1.0,1203.4391621463535,1000.0,1195.2715012399963,1000.0,0.9717926736076519,0.0
5874,1693677660000.0,0.0,0.0,0.71,1647.173747755433,0.0,0.0,1631.99,0.9413943126533779,1.0,1203.4391621463535,1000.0,1192.6587012399962,1000.0,0.9717926736076519,0.0
5875,1693681260000.0,0.0,0.0,0.71,1647.173747755433,0.0,0.0,1630.45,0.9413943126533779,1.0,1203.4391621463535,1000.0,1191.5653012399962,1000.0,0.9717926736076519,0.0
5876,1693684860000.0,0.0,0.0,0.71,1647.173747755433,0.0,0.0,1632.23,0.9413943126533779,1.0,1203.4391621463535,1000.0,1192.8291012399961,1000.0,0.9717926736076519,0.0
5877,1693688460000.0,0.0,0.0,0.71,1647.173747755433,0.0,0.0,1633.05,0.9413943126533779,1.0,1203.4391621463535,1000.0,1193.4113012399962,1000.0,0.9717926736076519,0.0
5878,1693692060000.0,0.0,0.0,0.71,1647.173747755433,0.0,0.0,1634.88,0.9413943126533779,1.0,1203.4391621463535,1000.0,1194.710601239996,1000.0,0.9717926736076519,0.0
5879,1693695660000.0,0.0,0.0,0.7,1647.173747755433,0.0,0.0,1635.86,0.9413943126533779,1.0,1203.3191536687991,1000.0,1195.399530239996,1000.0,0.9582010058706004,0.0
5880,1693699260000.0,0.0,0.0,0.7,1647.173747755433,0.0,0.0,1635.31,0.9413943126533779,1.0,1203.3191536687991,1000.0,1195.014530239996,1000.0,0.9582010058706004,0.0
5881,1693702860000.0,0.0,0.0,0.7,1647.173747755433,0.0,0.0,1633.7,0.9413943126533779,1.0,1203.3191536687991,1000.0,1193.887530239996,1000.0,0.9582010058706004,0.0
5882,1693706460000.0,0.0,0.0,0.7,1647.173747755433,0.0,0.0,1631.79,0.9413943126533779,1.0,1203.3191536687991,1000.0,1192.550530239996,1000.0,0.9582010058706004,0.0
5883,1693710060000.0,0.0,0.0,0.7,1647.173747755433,0.0,0.0,1633.54,0.9413943126533779,1.0,1203.3191536687991,1000.0,1193.775530239996,1000.0,0.9582010058706004,0.0
5884,1693713660000.0,0.0,0.0,0.7,1647.173747755433,0.0,0.0,1635.53,0.9413943126533779,1.0,1203.3191536687991,1000.0,1195.168530239996,1000.0,0.9582010058706004,0.0
5885,1693717260000.0,0.0,0.0,0.7,1647.173747755433,0.0,0.0,1633.81,0.9413943126533779,1.0,1203.3191536687991,1000.0,1193.964530239996,1000.0,0.9582010058706004,0.0
5886,1693720860000.0,0.0,0.0,0.7,1647.173747755433,0.0,0.0,1635.47,0.9413943126533779,1.0,1203.3191536687991,1000.0,1195.126530239996,1000.0,0.9582010058706004,0.0
5887,1693724460000.0,0.0,0.0,0.7,1647.173747755433,0.0,0.0,1635.15,0.9413943126533779,1.0,1203.3191536687991,1000.0,1194.9025302399962,1000.0,0.9582010058706004,0.0
5888,1693728060000.0,0.0,0.0,0.7,1647.173747755433,0.0,0.0,1634.86,0.9413943126533779,1.0,1203.3191536687991,1000.0,1194.699530239996,1000.0,0.9582010058706004,0.0
5889,1693731660000.0,0.0,0.0,0.7,1647.173747755433,0.0,0.0,1630.61,0.9413943126533779,1.0,1203.3191536687991,1000.0,1191.724530239996,1000.0,0.9582010058706004,0.0
5890,1693735260000.0,0.0,0.0,0.7,1647.173747755433,0.0,0.0,1631.89,0.9413943126533779,1.0,1203.3191536687991,1000.0,1192.6205302399962,1000.0,0.9582010058706004,0.0
5891,1693738860000.0,0.0,0.0,0.7,1647.173747755433,0.0,0.0,1633.55,0.9413943126533779,1.0,1203.3191536687991,1000.0,1193.782530239996,1000.0,0.9582010058706004,0.0
5892,1693742460000.0,0.0,0.0,0.69,1647.173747755433,0.0,0.0,1633.36,0.9413943126533779,1.0,1203.1767496712448,1000.0,1193.645263719996,1000.0,0.9446242094204352,0.0
5893,1693746060000.0,0.0,0.0,0.69,1647.173747755433,0.0,0.0,1629.77,0.9413943126533779,1.0,1203.1767496712448,1000.0,1191.168163719996,1000.0,0.9446242094204352,0.0
5894,1693749660000.0,0.0,0.0,0.69,1647.173747755433,0.0,0.0,1633.18,0.9413943126533779,1.0,1203.1767496712448,1000.0,1193.5210637199962,1000.0,0.9446242094204352,0.0
5895,1693753260000.0,0.0,0.0,0.69,1647.173747755433,0.0,0.0,1635.22,0.9413943126533779,1.0,1203.1767496712448,1000.0,1194.9286637199962,1000.0,0.9446242094204352,0.0
5896,1693756860000.0,0.0,0.0,0.69,1647.173747755433,0.0,0.0,1631.48,0.9413943126533779,1.0,1203.1767496712448,1000.0,1192.3480637199962,1000.0,0.9446242094204352,0.0
5897,1693760460000.0,0.0,0.0,0.69,1647.173747755433,0.0,0.0,1627.27,0.9413943126533779,1.0,1203.1767496712448,1000.0,1189.4431637199962,1000.0,0.9446242094204352,0.0
5898,1693764060000.0,0.0,0.0,0.69,1647.173747755433,0.0,0.0,1630.24,0.9413943126533779,1.0,1203.1767496712448,1000.0,1191.492463719996,1000.0,0.9446242094204352,0.0
5899,1693767660000.0,0.0,0.0,0.69,1647.173747755433,0.0,0.0,1637.24,0.9413943126533779,1.0,1203.1767496712448,1000.0,1196.322463719996,1000.0,0.9446242094204352,0.0
5900,1693771260000.0,0.0,0.0,0.69,1647.173747755433,0.0,0.0,1638.19,0.9413943126533779,1.0,1203.1767496712448,1000.0,1196.977963719996,1000.0,0.9446242094204352,0.0
5901,1693774860000.0,0.0,0.0,0.69,1647.173747755433,0.0,0.0,1641.35,0.9413943126533779,1.0,1203.1767496712448,1000.0,1199.158363719996,1000.0,0.9446242094204352,0.0
5902,1693778460000.0,0.0,0.0,0.69,1647.173747755433,0.0,0.0,1635.99,0.9413943126533779,1.0,1203.1767496712448,1000.0,1195.459963719996,1000.0,0.9446242094204352,0.0
5903,1693782060000.0,0.0,0.0,0.69,1647.173747755433,0.0,0.0,1634.2,0.9413943126533779,1.0,1203.1767496712448,1000.0,1194.2248637199962,1000.0,0.9446242094204352,0.0
5904,1693785660000.0,0.0,0.0,0.69,1647.173747755433,0.0,0.0,1634.8,0.9413943126533779,1.0,1203.1767496712448,1000.0,1194.6388637199962,1000.0,0.9446242094204352,0.0
5905,1693789260000.0,0.0,0.0,0.68,1647.173747755433,0.0,0.0,1633.93,0.9413943126533779,1.0,1203.0386448136906,1000.0,1194.0328963399961,1000.0,0.9310408716314813,0.0
5906,1693792860000.0,0.0,0.0,0.68,1647.173747755433,0.0,0.0,1632.12,0.9413943126533779,1.0,1203.0386448136906,1000.0,1192.802096339996,1000.0,0.9310408716314813,0.0
5907,1693796460000.0,0.0,0.0,0.68,1647.173747755433,0.0,0.0,1637.06,0.9413943126533779,1.0,1203.0386448136906,1000.0,1196.1612963399962,1000.0,0.9310408716314813,0.0
5908,1693800060000.0,0.0,0.0,0.68,1647.173747755433,0.0,0.0,1637.65,0.9413943126533779,1.0,1203.0386448136906,1000.0,1196.5624963399962,1000.0,0.9310408716314813,0.0
5909,1693803660000.0,0.0,0.0,0.68,1647.173747755433,0.0,0.0,1637.99,0.9413943126533779,1.0,1203.0386448136906,1000.0,1196.7936963399961,1000.0,0.9310408716314813,0.0
5910,1693807260000.0,0.0,0.0,0.68,1647.173747755433,0.0,0.0,1634.73,0.9413943126533779,1.0,1203.0386448136906,1000.0,1194.5768963399962,1000.0,0.9310408716314813,0.0
5911,1693810860000.0,0.0,0.0,0.68,1647.173747755433,0.0,0.0,1636.57,0.9413943126533779,1.0,1203.0386448136906,1000.0,1195.8280963399961,1000.0,0.9310408716314813,0.0
5912,1693814460000.0,0.0,0.0,0.68,1647.173747755433,0.0,0.0,1638.1,0.9413943126533779,1.0,1203.0386448136906,1000.0,1196.868496339996,1000.0,0.9310408716314813,0.0
5913,1693818060000.0,0.0,0.0,0.68,1647.173747755433,0.0,0.0,1638.35,0.9413943126533779,1.0,1203.0386448136906,1000.0,1197.038496339996,1000.0,0.9310408716314813,0.0
5914,1693821660000.0,0.0,0.0,0.68,1647.173747755433,0.0,0.0,1636.06,0.9413943126533779,1.0,1203.0386448136906,1000.0,1195.481296339996,1000.0,0.9310408716314813,0.0
5915,1693825260000.0,0.0,0.0,0.68,1647.173747755433,0.0,0.0,1634.79,0.9413943126533779,1.0,1203.0386448136906,1000.0,1194.6176963399962,1000.0,0.9310408716314813,0.0
5916,1693828860000.0,0.0,0.0,0.68,1647.173747755433,0.0,0.0,1630.63,0.9413943126533779,1.0,1203.0386448136906,1000.0,1191.7888963399962,1000.0,0.9310408716314813,0.0
5917,1693832460000.0,0.0,0.0,0.68,1647.173747755433,0.0,0.0,1628.83,0.9413943126533779,1.0,1203.0386448136906,1000.0,1190.564896339996,1000.0,0.9310408716314813,0.0
5918,1693836060000.0,0.0,0.0,0.67,1647.173747755433,0.0,0.0,1631.83,0.9413943126533779,1.0,1202.880044056136,1000.0,1192.599733059996,1000.0,0.9174700473662833,0.0
5919,1693839660000.0,0.0,0.0,0.67,1647.173747755433,0.0,0.0,1626.52,0.9413943126533779,1.0,1202.880044056136,1000.0,1189.042033059996,1000.0,0.9174700473662833,0.0
5920,1693843260000.0,0.0,0.0,0.67,1647.173747755433,0.0,0.0,1625.47,0.9413943126533779,1.0,1202.880044056136,1000.0,1188.338533059996,1000.0,0.9174700473662833,0.0
5921,1693846860000.0,0.0,0.0,0.67,1647.173747755433,0.0,0.0,1627.32,0.9413943126533779,1.0,1202.880044056136,1000.0,1189.578033059996,1000.0,0.9174700473662833,0.0
5922,1693850460000.0,0.0,0.0,0.67,1647.173747755433,0.0,0.0,1630.1,0.9413943126533779,1.0,1202.880044056136,1000.0,1191.440633059996,1000.0,0.9174700473662833,0.0
5923,1693854060000.0,0.0,0.0,0.67,1647.173747755433,0.0,0.0,1629.7,0.9413943126533779,1.0,1202.880044056136,1000.0,1191.172633059996,1000.0,0.9174700473662833,0.0
5924,1693857660000.0,0.0,0.0,0.67,1647.173747755433,0.0,0.0,1631.33,0.9413943126533779,1.0,1202.880044056136,1000.0,1192.264733059996,1000.0,0.9174700473662833,0.0
5925,1693861260000.0,0.0,0.0,0.67,1647.173747755433,0.0,0.0,1627.37,0.9413943126533779,1.0,1202.880044056136,1000.0,1189.611533059996,1000.0,0.9174700473662833,0.0
5926,1693864860000.0,0.0,0.0,0.67,1647.173747755433,0.0,0.0,1618.55,0.9413943126533779,1.0,1202.880044056136,1000.0,1183.702133059996,1000.0,0.9174700473662833,0.0
5927,1693868460000.0,0.0,0.0,0.67,1647.173747755433,0.0,0.0,1622.83,0.9413943126533779,1.0,1202.880044056136,1000.0,1186.569733059996,1000.0,0.9174700473662833,0.0
5928,1693872060000.0,0.0,0.0,0.67,1647.173747755433,0.0,0.0,1629.05,0.9413943126533779,1.0,1202.880044056136,1000.0,1190.737133059996,1000.0,0.9174700473662833,0.0
5929,1693875660000.0,0.0,0.0,0.67,1647.173747755433,0.0,0.0,1625.76,0.9413943126533779,1.0,1202.880044056136,1000.0,1188.532833059996,1000.0,0.9174700473662833,0.0
5930,1693879260000.0,0.0,0.0,0.67,1647.173747755433,0.0,0.0,1623.08,0.9413943126533779,1.0,1202.880044056136,1000.0,1186.737233059996,1000.0,0.9174700473662833,0.0
5931,1693882860000.0,0.0,0.0,0.67,1647.173747755433,0.0,0.0,1614.92,0.9413943126533779,1.0,1202.880044056136,1000.0,1181.270033059996,1000.0,0.9174700473662833,0.0
5932,1693886460000.0,0.0,0.0,0.67,1647.173747755433,0.0,0.0,1617.54,0.9413943126533779,1.0,1202.880044056136,1000.0,1183.025433059996,1000.0,0.9174700473662833,0.0
5933,1693890060000.0,0.0,0.0,0.66,1647.173747755433,0.0,0.0,1621.95,0.9413943126533779,1.0,1202.6175640785818,1000.0,1185.9698905599962,1000.0,0.9039737203169185,0.0
5934,1693893660000.0,0.0,0.0,0.66,1647.173747755433,0.0,0.0,1624.02,0.9413943126533779,1.0,1202.6175640785818,1000.0,1187.3360905599961,1000.0,0.9039737203169185,0.0
5935,1693897260000.0,0.0,0.0,0.66,1647.173747755433,0.0,0.0,1621.56,0.9413943126533779,1.0,1202.6175640785818,1000.0,1185.712490559996,1000.0,0.9039737203169185,0.0
5936,1693900860000.0,0.0,0.0,0.66,1647.173747755433,0.0,0.0,1624.33,0.9413943126533779,1.0,1202.6175640785818,1000.0,1187.540690559996,1000.0,0.9039737203169185,0.0
5937,1693904460000.0,0.0,0.0,0.66,1647.173747755433,0.0,0.0,1624.2,0.9413943126533779,1.0,1202.6175640785818,1000.0,1187.454890559996,1000.0,0.9039737203169185,0.0
5938,1693908060000.0,0.0,0.0,0.66,1647.173747755433,0.0,0.0,1632.1,0.9413943126533779,1.0,1202.6175640785818,1000.0,1192.668890559996,1000.0,0.9039737203169185,0.0
5939,1693911660000.0,0.0,0.0,0.66,1647.173747755433,0.0,0.0,1633.91,0.9413943126533779,1.0,1202.6175640785818,1000.0,1193.863490559996,1000.0,0.9039737203169185,0.0
5940,1693915260000.0,0.0,0.0,0.66,1647.173747755433,0.0,0.0,1635.39,0.9413943126533779,1.0,1202.6175640785818,1000.0,1194.8402905599962,1000.0,0.9039737203169185,0.0
5941,1693918860000.0,0.0,0.0,0.66,1647.173747755433,0.0,0.0,1636.48,0.9413943126533779,1.0,1202.6175640785818,1000.0,1195.5596905599962,1000.0,0.9039737203169185,0.0
5942,1693922460000.0,0.0,0.0,0.66,1647.173747755433,0.0,0.0,1630.0,0.9413943126533779,1.0,1202.6175640785818,1000.0,1191.282890559996,1000.0,0.9039737203169185,0.0
5943,1693926060000.0,0.0,0.0,0.66,1647.173747755433,0.0,0.0,1630.59,0.9413943126533779,1.0,1202.6175640785818,1000.0,1191.672290559996,1000.0,0.9039737203169185,0.0
5944,1693929660000.0,0.0,0.0,0.66,1647.173747755433,0.0,0.0,1636.26,0.9413943126533779,1.0,1202.6175640785818,1000.0,1195.414490559996,1000.0,0.9039737203169185,0.0
5945,1693933260000.0,0.0,0.0,0.66,1647.173747755433,0.0,0.0,1635.33,0.9413943126533779,1.0,1202.6175640785818,1000.0,1194.8006905599962,1000.0,0.9039737203169185,0.0
5946,1693936860000.0,0.0,0.0,0.65,1647.173747755433,0.0,0.0,1635.69,0.9413943126533779,1.0,1202.5195512010275,1000.0,1195.0551151599961,1000.0,0.890349711962435,0.0
5947,1693940460000.0,0.0,0.0,0.65,1647.173747755433,0.0,0.0,1637.59,0.9413943126533779,1.0,1202.5195512010275,1000.0,1196.290115159996,1000.0,0.890349711962435,0.0
5948,1693944060000.0,0.0,0.0,0.65,1647.173747755433,0.0,0.0,1631.26,0.9413943126533779,1.0,1202.5195512010275,1000.0,1192.1756151599961,1000.0,0.890349711962435,0.0
5949,1693947660000.0,0.0,0.0,0.65,1647.173747755433,0.0,0.0,1629.16,0.9413943126533779,1.0,1202.5195512010275,1000.0,1190.8106151599961,1000.0,0.890349711962435,0.0
5950,1693951260000.0,0.0,0.0,0.65,1647.173747755433,0.0,0.0,1629.24,0.9413943126533779,1.0,1202.5195512010275,1000.0,1190.862615159996,1000.0,0.890349711962435,0.0
5951,1693954860000.0,0.0,0.0,0.65,1647.173747755433,0.0,0.0,1630.99,0.9413943126533779,1.0,1202.5195512010275,1000.0,1192.000115159996,1000.0,0.890349711962435,0.0
5952,1693958460000.0,0.0,0.0,0.65,1647.173747755433,0.0,0.0,1632.85,0.9413943126533779,1.0,1202.5195512010275,1000.0,1193.2091151599961,1000.0,0.890349711962435,0.0
5953,1693962060000.0,0.0,0.0,0.65,1647.173747755433,0.0,0.0,1632.42,0.9413943126533779,1.0,1202.5195512010275,1000.0,1192.929615159996,1000.0,0.890349711962435,0.0
5954,1693965660000.0,0.0,0.0,0.65,1647.173747755433,0.0,0.0,1632.41,0.9413943126533779,1.0,1202.5195512010275,1000.0,1192.923115159996,1000.0,0.890349711962435,0.0
5955,1693969260000.0,0.0,0.0,0.65,1647.173747755433,0.0,0.0,1639.09,0.9413943126533779,1.0,1202.5195512010275,1000.0,1197.265115159996,1000.0,0.890349711962435,0.0
5956,1693972860000.0,0.0,0.0,0.65,1647.173747755433,0.0,0.0,1632.14,0.9413943126533779,1.0,1202.5195512010275,1000.0,1192.7476151599963,1000.0,0.890349711962435,0.0
5957,1693976460000.0,0.0,0.0,0.65,1647.173747755433,0.0,0.0,1629.68,0.9413943126533779,1.0,1202.5195512010275,1000.0,1191.148615159996,1000.0,0.890349711962435,0.0
5958,1693980060000.0,0.0,0.0,0.65,1647.173747755433,0.0,0.0,1628.56,0.9413943126533779,1.0,1202.5195512010275,1000.0,1190.420615159996,1000.0,0.890349711962435,0.0
5959,1693983660000.0,0.0,0.0,0.65,1647.173747755433,0.0,0.0,1629.3,0.9413943126533779,1.0,1202.5195512010275,1000.0,1190.901615159996,1000.0,0.890349711962435,0.0
5960,1693987260000.0,0.0,0.0,0.65,1647.173747755433,0.0,0.0,1628.31,0.9413943126533779,1.0,1202.5195512010275,1000.0,1190.2581151599961,1000.0,0.890349711962435,0.0
5961,1693990860000.0,0.0,0.0,0.65,1647.173747755433,0.0,0.0,1630.8,0.9413943126533779,1.0,1202.5195512010275,1000.0,1191.8766151599962,1000.0,0.890349711962435,0.0
5962,1693994460000.0,0.0,0.0,0.65,1647.173747755433,0.0,0.0,1631.2,0.9413943126533779,1.0,1202.5195512010275,1000.0,1192.1366151599962,1000.0,0.890349711962435,0.0
5963,1693998060000.0,0.0,0.0,0.65,1647.173747755433,0.0,0.0,1631.44,0.9413943126533779,1.0,1202.5195512010275,1000.0,1192.292615159996,1000.0,0.890349711962435,0.0
5964,1694001660000.0,0.0,0.0,0.65,1647.173747755433,0.0,0.0,1631.67,0.9413943126533779,1.0,1202.5195512010275,1000.0,1192.442115159996,1000.0,0.890349711962435,0.0
5965,1694005260000.0,0.0,0.0,0.65,1647.173747755433,0.0,0.0,1631.15,0.9413943126533779,1.0,1202.5195512010275,1000.0,1192.1041151599961,1000.0,0.890349711962435,0.0
5966,1694008860000.0,0.0,0.0,0.65,1647.173747755433,0.0,0.0,1630.3,0.9413943126533779,1.0,1202.5195512010275,1000.0,1191.5516151599961,1000.0,0.890349711962435,0.0
5967,1694012460000.0,0.0,0.0,0.65,1647.173747755433,0.0,0.0,1623.99,0.9413943126533779,1.0,1202.5195512010275,1000.0,1187.4501151599961,1000.0,0.890349711962435,0.0
5968,1694016060000.0,0.0,0.0,0.65,1647.173747755433,0.0,0.0,1622.0,0.9413943126533779,1.0,1202.5195512010275,1000.0,1186.1566151599961,1000.0,0.890349711962435,0.0
5969,1694019660000.0,0.0,0.0,0.65,1647.173747755433,0.0,0.0,1622.54,0.9413943126533779,1.0,1202.5195512010275,1000.0,1186.507615159996,1000.0,0.890349711962435,0.0
5970,1694023260000.0,0.0,0.0,0.55,1647.173747755433,0.0,0.0,1653.64,0.9413943126533779,1.0,1203.6869928254841,1000.0,1207.243431559996,1000.0,0.7526421458945152,0.0
5971,1694026860000.0,0.0,0.0,0.55,1647.173747755433,0.0,0.0,1628.35,0.9413943126533779,1.0,1203.6869928254841,1000.0,1193.333931559996,1000.0,0.7526421458945152,0.0
5972,1694030460000.0,0.0,0.0,0.55,1647.173747755433,0.0,0.0,1630.93,0.9413943126533779,1.0,1203.6869928254841,1000.0,1194.7529315599961,1000.0,0.7526421458945152,0.0
5973,1694034060000.0,0.0,0.0,0.55,1647.173747755433,0.0,0.0,1629.55,0.9413943126533779,1.0,1203.6869928254841,1000.0,1193.993931559996,1000.0,0.7526421458945152,0.0
5974,1694037660000.0,0.0,0.0,0.55,1647.173747755433,0.0,0.0,1632.69,0.9413943126533779,1.0,1203.6869928254841,1000.0,1195.720931559996,1000.0,0.7526421458945152,0.0
5975,1694041260000.0,0.0,0.0,0.55,1647.173747755433,0.0,0.0,1630.6,0.9413943126533779,1.0,1203.6869928254841,1000.0,1194.571431559996,1000.0,0.7526421458945152,0.0
5976,1694044860000.0,0.0,0.0,0.55,1647.173747755433,0.0,0.0,1632.14,0.9413943126533779,1.0,1203.6869928254841,1000.0,1195.4184315599962,1000.0,0.7526421458945152,0.0
5977,1694048460000.0,0.0,0.0,0.55,1647.173747755433,0.0,0.0,1634.01,0.9413943126533779,1.0,1203.6869928254841,1000.0,1196.446931559996,1000.0,0.7526421458945152,0.0
5978,1694052060000.0,0.0,0.0,0.55,1647.173747755433,0.0,0.0,1633.48,0.9413943126533779,1.0,1203.6869928254841,1000.0,1196.155431559996,1000.0,0.7526421458945152,0.0
5979,1694055660000.0,0.0,0.0,0.55,1647.173747755433,0.0,0.0,1632.88,0.9413943126533779,1.0,1203.6869928254841,1000.0,1195.825431559996,1000.0,0.7526421458945152,0.0
5980,1694059260000.0,0.0,0.0,0.55,1647.173747755433,0.0,0.0,1640.56,0.9413943126533779,1.0,1203.6869928254841,1000.0,1200.049431559996,1000.0,0.7526421458945152,0.0
5981,1694062860000.0,0.0,0.0,0.55,1647.173747755433,0.0,0.0,1638.74,0.9413943126533779,1.0,1203.6869928254841,1000.0,1199.048431559996,1000.0,0.7526421458945152,0.0
5982,1694066460000.0,0.0,0.0,0.55,1647.173747755433,0.0,0.0,1637.4,0.9413943126533779,1.0,1203.6869928254841,1000.0,1198.311431559996,1000.0,0.7526421458945152,0.0
5983,1694070060000.0,0.0,0.0,0.55,1647.173747755433,0.0,0.0,1636.39,0.9413943126533779,1.0,1203.6869928254841,1000.0,1197.755931559996,1000.0,0.7526421458945152,0.0
5984,1694073660000.0,0.0,0.0,0.55,1647.173747755433,0.0,0.0,1634.21,0.9413943126533779,1.0,1203.6869928254841,1000.0,1196.556931559996,1000.0,0.7526421458945152,0.0
5985,1694077260000.0,0.0,0.0,0.55,1647.173747755433,0.0,0.0,1632.28,0.9413943126533779,1.0,1203.6869928254841,1000.0,1195.495431559996,1000.0,0.7526421458945152,0.0
5986,1694080860000.0,0.0,0.0,0.55,1647.173747755433,0.0,0.0,1631.94,0.9413943126533779,1.0,1203.6869928254841,1000.0,1195.308431559996,1000.0,0.7526421458945152,0.0
5987,1694084460000.0,0.0,0.0,0.55,1647.173747755433,0.0,0.0,1630.67,0.9413943126533779,1.0,1203.6869928254841,1000.0,1194.609931559996,1000.0,0.7526421458945152,0.0
5988,1694088060000.0,0.0,0.0,0.55,1647.173747755433,0.0,0.0,1625.93,0.9413943126533779,1.0,1203.6869928254841,1000.0,1192.0029315599961,1000.0,0.7526421458945152,0.0
5989,1694091660000.0,0.0,0.0,0.55,1647.173747755433,0.0,0.0,1625.35,0.9413943126533779,1.0,1203.6869928254841,1000.0,1191.683931559996,1000.0,0.7526421458945152,0.0
5990,1694095260000.0,0.0,0.0,0.55,1647.173747755433,0.0,0.0,1626.3,0.9413943126533779,1.0,1203.6869928254841,1000.0,1192.206431559996,1000.0,0.7526421458945152,0.0
5991,1694098860000.0,0.0,0.0,0.55,1647.173747755433,0.0,0.0,1631.66,0.9413943126533779,1.0,1203.6869928254841,1000.0,1195.154431559996,1000.0,0.7526421458945152,0.0
5992,1694102460000.0,0.0,0.0,0.55,1647.173747755433,0.0,0.0,1629.12,0.9413943126533779,1.0,1203.6869928254841,1000.0,1193.757431559996,1000.0,0.7526421458945152,0.0
5993,1694106060000.0,0.0,0.0,0.55,1647.173747755433,0.0,0.0,1632.77,0.9413943126533779,1.0,1203.6869928254841,1000.0,1195.764931559996,1000.0,0.7526421458945152,0.0
5994,1694109660000.0,0.0,0.0,0.55,1647.173747755433,0.0,0.0,1639.53,0.9413943126533779,1.0,1203.6869928254841,1000.0,1199.482931559996,1000.0,0.7526421458945152,0.0
5995,1694113260000.0,0.0,0.0,0.55,1647.173747755433,0.0,0.0,1636.2,0.9413943126533779,1.0,1203.6869928254841,1000.0,1197.6514315599961,1000.0,0.7526421458945152,0.0
5996,1694116860000.0,0.0,0.0,0.55,1647.173747755433,0.0,0.0,1636.37,0.9413943126533779,1.0,1203.6869928254841,1000.0,1197.7449315599958,1000.0,0.7526421458945152,0.0
5997,1694120460000.0,0.0,0.0,0.55,1647.173747755433,0.0,0.0,1639.3,0.9413943126533779,1.0,1203.6869928254841,1000.0,1199.356431559996,1000.0,0.7526421458945152,0.0
5998,1694124060000.0,0.0,0.0,0.46,1647.173747755433,0.0,0.0,1647.19,0.9413943126533779,1.0,1204.7376902874953,1000.0,1204.745166319996,1000.0,0.6289335264232364,0.0
5999,1694127660000.0,0.0,0.0,0.46,1647.173747755433,0.0,0.0,1649.41,0.9413943126533779,1.0,1204.7376902874953,1000.0,1205.7663663199962,1000.0,0.6289335264232364,0.0
6000,1694131260000.0,0.0,0.0,0.46,1647.173747755433,0.0,0.0,1647.18,0.9413943126533779,1.0,1204.7376902874953,1000.0,1204.740566319996,1000.0,0.6289335264232364,0.0
6001,1694134860000.0,0.0,0.0,0.46,1647.173747755433,0.0,0.0,1654.36,0.9413943126533779,1.0,1204.7376902874953,1000.0,1208.043366319996,1000.0,0.6289335264232364,0.0
6002,1694138460000.0,0.0,0.0,0.46,1647.173747755433,0.0,0.0,1646.99,0.9413943126533779,1.0,1204.7376902874953,1000.0,1204.6531663199962,1000.0,0.6289335264232364,0.0
6003,1694142060000.0,0.0,0.0,0.46,1647.173747755433,0.0,0.0,1644.44,0.9413943126533779,1.0,1204.7376902874953,1000.0,1203.4801663199962,1000.0,0.6289335264232364,0.0
6004,1694145660000.0,0.0,0.0,0.46,1647.173747755433,0.0,0.0,1645.97,0.9413943126533779,1.0,1204.7376902874953,1000.0,1204.1839663199962,1000.0,0.6289335264232364,0.0
6005,1694149260000.0,0.0,0.0,0.46,1647.173747755433,0.0,0.0,1652.05,0.9413943126533779,1.0,1204.7376902874953,1000.0,1206.980766319996,1000.0,0.6289335264232364,0.0
6006,1694152860000.0,0.0,0.0,0.46,1647.173747755433,0.0,0.0,1644.39,0.9413943126533779,1.0,1204.7376902874953,1000.0,1203.4571663199963,1000.0,0.6289335264232364,0.0
6007,1694156460000.0,0.0,0.0,0.46,1647.173747755433,0.0,0.0,1644.5,0.9413943126533779,1.0,1204.7376902874953,1000.0,1203.507766319996,1000.0,0.6289335264232364,0.0
6008,1694160060000.0,0.0,0.0,0.46,1647.173747755433,0.0,0.0,1645.51,0.9413943126533779,1.0,1204.7376902874953,1000.0,1203.9723663199961,1000.0,0.6289335264232364,0.0
6009,1694163660000.0,0.0,0.0,0.46,1647.173747755433,0.0,0.0,1643.72,0.9413943126533779,1.0,1204.7376902874953,1000.0,1203.1489663199961,1000.0,0.6289335264232364,0.0
6010,1694167260000.0,0.0,0.0,0.46,1647.173747755433,0.0,0.0,1632.26,0.9413943126533779,1.0,1204.7376902874953,1000.0,1197.877366319996,1000.0,0.6289335264232364,0.0
6011,1694170860000.0,0.0,0.0,0.46,1647.173747755433,0.0,0.0,1626.05,0.9413943126533779,1.0,1204.7376902874953,1000.0,1195.020766319996,1000.0,0.6289335264232364,0.0
6012,1694174460000.0,0.0,0.0,0.46,1647.173747755433,0.0,0.0,1624.96,0.9413943126533779,1.0,1204.7376902874953,1000.0,1194.5193663199962,1000.0,0.6289335264232364,0.0
6013,1694178060000.0,0.0,0.0,0.46,1647.173747755433,0.0,0.0,1628.52,0.9413943126533779,1.0,1204.7376902874953,1000.0,1196.1569663199962,1000.0,0.6289335264232364,0.0
6014,1694181660000.0,0.0,0.0,0.46,1647.173747755433,0.0,0.0,1630.51,0.9413943126533779,1.0,1204.7376902874953,1000.0,1197.072366319996,1000.0,0.6289335264232364,0.0
6015,1694185260000.0,0.0,0.0,0.46,1647.173747755433,0.0,0.0,1629.49,0.9413943126533779,1.0,1204.7376902874953,1000.0,1196.603166319996,1000.0,0.6289335264232364,0.0
6016,1694188860000.0,0.0,0.0,0.46,1647.173747755433,0.0,0.0,1628.66,0.9413943126533779,1.0,1204.7376902874953,1000.0,1196.2213663199962,1000.0,0.6289335264232364,0.0
6017,1694192460000.0,0.0,0.0,0.46,1647.173747755433,0.0,0.0,1626.22,0.9413943126533779,1.0,1204.7376902874953,1000.0,1195.0989663199962,1000.0,0.6289335264232364,0.0
6018,1694196060000.0,0.0,0.0,0.46,1647.173747755433,0.0,0.0,1629.36,0.9413943126533779,1.0,1204.7376902874953,1000.0,1196.543366319996,1000.0,0.6289335264232364,0.0
6019,1694199660000.0,0.0,0.0,0.46,1647.173747755433,0.0,0.0,1626.46,0.9413943126533779,1.0,1204.7376902874953,1000.0,1195.2093663199962,1000.0,0.6289335264232364,0.0
6020,1694203260000.0,0.0,0.0,0.46,1647.173747755433,0.0,0.0,1633.48,0.9413943126533779,1.0,1204.7376902874953,1000.0,1198.4385663199962,1000.0,0.6289335264232364,0.0
6021,1694206860000.0,0.0,0.0,0.46,1647.173747755433,0.0,0.0,1635.6,0.9413943126533779,1.0,1204.7376902874953,1000.0,1199.413766319996,1000.0,0.6289335264232364,0.0
6022,1694210460000.0,0.0,0.0,0.46,1647.173747755433,0.0,0.0,1634.28,0.9413943126533779,1.0,1204.7376902874953,1000.0,1198.8065663199961,1000.0,0.6289335264232364,0.0
6023,1694214060000.0,0.0,0.0,0.46,1647.173747755433,0.0,0.0,1635.19,0.9413943126533779,1.0,1204.7376902874953,1000.0,1199.225166319996,1000.0,0.6289335264232364,0.0
6024,1694217660000.0,0.0,0.0,0.46,1647.173747755433,0.0,0.0,1635.74,0.9413943126533779,1.0,1204.7376902874953,1000.0,1199.478166319996,1000.0,0.6289335264232364,0.0
6025,1694221260000.0,0.0,0.0,0.46,1647.173747755433,0.0,0.0,1634.21,0.9413943126533779,1.0,1204.7376902874953,1000.0,1198.7743663199963,1000.0,0.6289335264232364,0.0
6026,1694224860000.0,0.0,0.0,0.46,1647.173747755433,0.0,0.0,1635.59,0.9413943126533779,1.0,1204.7376902874953,1000.0,1199.409166319996,1000.0,0.6289335264232364,0.0
6027,1694228460000.0,0.0,0.0,0.46,1647.173747755433,0.0,0.0,1634.59,0.9413943126533779,1.0,1204.7376902874953,1000.0,1198.949166319996,1000.0,0.6289335264232364,0.0
6028,1694232060000.0,0.0,0.0,0.46,1647.173747755433,0.0,0.0,1633.57,0.9413943126533779,1.0,1204.7376902874953,1000.0,1198.479966319996,1000.0,0.6289335264232364,0.0
6029,1694235660000.0,0.0,0.0,0.46,1647.173747755433,0.0,0.0,1633.21,0.9413943126533779,1.0,1204.7376902874953,1000.0,1198.3143663199962,1000.0,0.6289335264232364,0.0
6030,1694239260000.0,0.0,0.0,0.46,1647.173747755433,0.0,0.0,1631.3,0.9413943126533779,1.0,1204.7376902874953,1000.0,1197.4357663199962,1000.0,0.6289335264232364,0.0
6031,1694242860000.0,0.0,0.0,0.46,1647.173747755433,0.0,0.0,1634.66,0.9413943126533779,1.0,1204.7376902874953,1000.0,1198.9813663199961,1000.0,0.6289335264232364,0.0
6032,1694246460000.0,0.0,0.0,0.46,1647.173747755433,0.0,0.0,1633.74,0.9413943126533779,1.0,1204.7376902874953,1000.0,1198.5581663199962,1000.0,0.6289335264232364,0.0
6033,1694250060000.0,0.0,0.0,0.46,1647.173747755433,0.0,0.0,1633.12,0.9413943126533779,1.0,1204.7376902874953,1000.0,1198.2729663199962,1000.0,0.6289335264232364,0.0
6034,1694253660000.0,0.0,0.0,0.46,1647.173747755433,0.0,0.0,1634.25,0.9413943126533779,1.0,1204.7376902874953,1000.0,1198.7927663199962,1000.0,0.6289335264232364,0.0
6035,1694257260000.0,0.0,0.0,0.46,1647.173747755433,0.0,0.0,1633.62,0.9413943126533779,1.0,1204.7376902874953,1000.0,1198.5029663199962,1000.0,0.6289335264232364,0.0
6036,1694260860000.0,0.0,0.0,0.46,1647.173747755433,0.0,0.0,1633.97,0.9413943126533779,1.0,1204.7376902874953,1000.0,1198.6639663199962,1000.0,0.6289335264232364,0.0
6037,1694264460000.0,0.0,0.0,0.46,1647.173747755433,0.0,0.0,1633.38,0.9413943126533779,1.0,1204.7376902874953,1000.0,1198.3925663199961,1000.0,0.6289335264232364,0.0
6038,1694268060000.0,0.0,0.0,0.46,1647.173747755433,0.0,0.0,1629.96,0.9413943126533779,1.0,1204.7376902874953,1000.0,1196.819366319996,1000.0,0.6289335264232364,0.0
6039,1694271660000.0,0.0,0.0,0.46,1647.173747755433,0.0,0.0,1632.02,0.9413943126533779,1.0,1204.7376902874953,1000.0,1197.766966319996,1000.0,0.6289335264232364,0.0
6040,1694275260000.0,0.0,0.0,0.46,1647.173747755433,0.0,0.0,1633.8,0.9413943126533779,1.0,1204.7376902874953,1000.0,1198.585766319996,1000.0,0.6289335264232364,0.0
6041,1694278860000.0,0.0,0.0,0.46,1647.173747755433,0.0,0.0,1634.22,0.9413943126533779,1.0,1204.7376902874953,1000.0,1198.7789663199962,1000.0,0.6289335264232364,0.0
6042,1694282460000.0,0.0,0.0,0.46,1647.173747755433,0.0,0.0,1633.4,0.9413943126533779,1.0,1204.7376902874953,1000.0,1198.401766319996,1000.0,0.6289335264232364,0.0
6043,1694286060000.0,0.0,0.0,0.46,1647.173747755433,0.0,0.0,1632.34,0.9413943126533779,1.0,1204.7376902874953,1000.0,1197.9141663199962,1000.0,0.6289335264232364,0.0
6044,1694289660000.0,0.0,0.0,0.46,1647.173747755433,0.0,0.0,1633.2,0.9413943126533779,1.0,1204.7376902874953,1000.0,1198.3097663199962,1000.0,0.6289335264232364,0.0
6045,1694293260000.0,0.0,0.0,0.46,1647.173747755433,0.0,0.0,1632.43,0.9413943126533779,1.0,1204.7376902874953,1000.0,1197.9555663199963,1000.0,0.6289335264232364,0.0
6046,1694296860000.0,0.0,0.0,0.46,1647.173747755433,0.0,0.0,1634.79,0.9413943126533779,1.0,1204.7376902874953,1000.0,1199.0411663199961,1000.0,0.6289335264232364,0.0
6047,1694300460000.0,0.0,0.0,0.46,1647.173747755433,0.0,0.0,1634.83,0.9413943126533779,1.0,1204.7376902874953,1000.0,1199.059566319996,1000.0,0.6289335264232364,0.0
6048,1694304060000.0,0.0,0.0,0.46,1647.173747755433,0.0,0.0,1634.71,0.9413943126533779,1.0,1204.7376902874953,1000.0,1199.004366319996,1000.0,0.6289335264232364,0.0
6049,1694307660000.0,0.0,0.0,0.46,1647.173747755433,0.0,0.0,1630.93,0.9413943126533779,1.0,1204.7376902874953,1000.0,1197.2655663199962,1000.0,0.6289335264232364,0.0
6050,1694311260000.0,0.0,0.0,0.46,1647.173747755433,0.0,0.0,1629.93,0.9413943126533779,1.0,1204.7376902874953,1000.0,1196.8055663199962,1000.0,0.6289335264232364,0.0
6051,1694314860000.0,0.0,0.0,0.46,1647.173747755433,0.0,0.0,1629.98,0.9413943126533779,1.0,1204.7376902874953,1000.0,1196.828566319996,1000.0,0.6289335264232364,0.0
6052,1694318460000.0,0.0,0.0,0.46,1647.173747755433,0.0,0.0,1629.94,0.9413943126533779,1.0,1204.7376902874953,1000.0,1196.8101663199961,1000.0,0.6289335264232364,0.0
6053,1694322060000.0,0.0,0.0,0.46,1647.173747755433,0.0,0.0,1622.89,0.9413943126533779,1.0,1204.7376902874953,1000.0,1193.5671663199962,1000.0,0.6289335264232364,0.0
6054,1694325660000.0,0.0,0.0,0.46,1647.173747755433,0.0,0.0,1624.91,0.9413943126533779,1.0,1204.7376902874953,1000.0,1194.4963663199962,1000.0,0.6289335264232364,0.0
6055,1694329260000.0,0.0,0.0,0.46,1647.173747755433,0.0,0.0,1625.89,0.9413943126533779,1.0,1204.7376902874953,1000.0,1194.947166319996,1000.0,0.6289335264232364,0.0
6056,1694332860000.0,0.0,0.0,0.46,1647.173747755433,0.0,0.0,1623.45,0.9413943126533779,1.0,1204.7376902874953,1000.0,1193.8247663199961,1000.0,0.6289335264232364,0.0
6057,1694336460000.0,0.0,0.0,0.46,1647.173747755433,0.0,0.0,1623.77,0.9413943126533779,1.0,1204.7376902874953,1000.0,1193.9719663199962,1000.0,0.6289335264232364,0.0
6058,1694340060000.0,0.0,0.0,0.46,1647.173747755433,0.0,0.0,1622.77,0.9413943126533779,1.0,1204.7376902874953,1000.0,1193.5119663199962,1000.0,0.6289335264232364,0.0
6059,1694343660000.0,0.0,0.0,0.46,1647.173747755433,0.0,0.0,1619.54,0.9413943126533779,1.0,1204.7376902874953,1000.0,1192.026166319996,1000.0,0.6289335264232364,0.0
6060,1694347260000.0,0.0,0.0,0.46,1647.173747755433,0.0,0.0,1623.49,0.9413943126533779,1.0,1204.7376902874953,1000.0,1193.843166319996,1000.0,0.6289335264232364,0.0
6061,1694350860000.0,0.0,0.0,0.46,1647.173747755433,0.0,0.0,1624.89,0.9413943126533779,1.0,1204.7376902874953,1000.0,1194.4871663199963,1000.0,0.6289335264232364,0.0
6062,1694354460000.0,0.0,0.0,0.46,1647.173747755433,0.0,0.0,1626.68,0.9413943126533779,1.0,1204.7376902874953,1000.0,1195.3105663199963,1000.0,0.6289335264232364,0.0
6063,1694358060000.0,0.0,0.0,0.46,1647.173747755433,0.0,0.0,1614.81,0.9413943126533779,1.0,1204.7376902874953,1000.0,1189.850366319996,1000.0,0.6289335264232364,0.0
6064,1694361660000.0,0.0,0.0,0.46,1647.173747755433,0.0,0.0,1618.89,0.9413943126533779,1.0,1204.7376902874953,1000.0,1191.7271663199963,1000.0,0.6289335264232364,0.0
6065,1694365260000.0,0.0,0.0,0.74,1626.675572929053,0.0,0.0,1611.11,0.9413943126533779,1.0,1204.6484822874952,1000.0,1193.129958319996,1000.0,0.9992457896777732,0.0
6066,1694368860000.0,0.0,0.0,0.74,1626.675572929053,0.0,0.0,1608.36,0.9413943126533779,1.0,1204.6484822874952,1000.0,1191.0949583199958,1000.0,0.9992457896777732,0.0
6067,1694372460000.0,0.0,0.0,0.74,1626.675572929053,0.0,0.0,1612.09,0.9413943126533779,1.0,1204.6484822874952,1000.0,1193.855158319996,1000.0,0.9992457896777732,0.0
6068,1694376060000.0,0.0,0.0,0.73,1626.675572929053,0.0,0.0,1615.13,0.9413943126533779,1.0,1204.5409940582047,1000.0,1196.112725819996,1000.0,0.9858304317543457,0.0
6069,1694379660000.0,0.0,0.0,0.73,1626.675572929053,0.0,0.0,1619.04,0.9413943126533779,1.0,1204.5409940582047,1000.0,1198.967025819996,1000.0,0.9858304317543457,0.0
6070,1694383260000.0,0.0,0.0,0.73,1626.675572929053,0.0,0.0,1622.41,0.9413943126533779,1.0,1204.5409940582047,1000.0,1201.427125819996,1000.0,0.9858304317543457,0.0
6071,1694386860000.0,0.0,0.0,0.73,1626.675572929053,0.0,0.0,1619.08,0.9413943126533779,1.0,1204.5409940582047,1000.0,1198.996225819996,1000.0,0.9858304317543457,0.0
6072,1694390460000.0,0.0,0.0,0.73,1626.675572929053,0.0,0.0,1616.18,0.9413943126533779,1.0,1204.5409940582047,1000.0,1196.879225819996,1000.0,0.9858304317543457,0.0
6073,1694394060000.0,0.0,0.0,0.73,1626.675572929053,0.0,0.0,1609.63,0.9413943126533779,1.0,1204.5409940582047,1000.0,1192.097725819996,1000.0,0.9858304317543457,0.0
6074,1694397660000.0,0.0,0.0,0.73,1626.675572929053,0.0,0.0,1607.27,0.9413943126533779,1.0,1204.5409940582047,1000.0,1190.374925819996,1000.0,0.9858304317543457,0.0
6075,1694401260000.0,0.0,0.0,0.73,1626.675572929053,0.0,0.0,1611.78,0.9413943126533779,1.0,1204.5409940582047,1000.0,1193.667225819996,1000.0,0.9858304317543457,0.0
6076,1694404860000.0,0.0,0.0,0.73,1626.675572929053,0.0,0.0,1609.36,0.9413943126533779,1.0,1204.5409940582047,1000.0,1191.9006258199959,1000.0,0.9858304317543457,0.0
6077,1694408460000.0,0.0,0.0,0.73,1626.675572929053,0.0,0.0,1611.2,0.9413943126533779,1.0,1204.5409940582047,1000.0,1193.243825819996,1000.0,0.9858304317543457,0.0
6078,1694412060000.0,0.0,0.0,0.73,1626.675572929053,0.0,0.0,1616.4,0.9413943126533779,1.0,1204.5409940582047,1000.0,1197.039825819996,1000.0,0.9858304317543457,0.0
6079,1694415660000.0,0.0,0.0,0.73,1626.675572929053,0.0,0.0,1614.22,0.9413943126533779,1.0,1204.5409940582047,1000.0,1195.448425819996,1000.0,0.9858304317543457,0.0
6080,1694419260000.0,0.0,0.0,0.73,1626.675572929053,0.0,0.0,1611.59,0.9413943126533779,1.0,1204.5409940582047,1000.0,1193.5285258199958,1000.0,0.9858304317543457,0.0
6081,1694422860000.0,0.0,0.0,0.73,1626.675572929053,0.0,0.0,1605.95,0.9413943126533779,1.0,1204.5409940582047,1000.0,1189.411325819996,1000.0,0.9858304317543457,0.0
6082,1694426460000.0,0.0,0.0,0.73,1626.675572929053,0.0,0.0,1591.5,0.9413943126533779,1.0,1204.5409940582047,1000.0,1178.862825819996,1000.0,0.9858304317543457,0.0
6083,1694430060000.0,0.0,0.0,0.73,1626.675572929053,0.0,0.0,1587.9,0.9413943126533779,1.0,1204.5409940582047,1000.0,1176.234825819996,1000.0,0.9858304317543457,0.0
6084,1694433660000.0,0.0,0.0,0.73,1626.675572929053,0.0,0.0,1586.43,0.9413943126533779,1.0,1204.5409940582047,1000.0,1175.161725819996,1000.0,0.9858304317543457,0.0
6085,1694437260000.0,0.0,0.0,0.73,1626.675572929053,0.0,0.0,1594.21,0.9413943126533779,1.0,1204.5409940582047,1000.0,1180.841125819996,1000.0,0.9858304317543457,0.0
6086,1694440860000.0,0.0,0.0,0.73,1626.675572929053,0.0,0.0,1588.33,0.9413943126533779,1.0,1204.5409940582047,1000.0,1176.548725819996,1000.0,0.9858304317543457,0.0
6087,1694444460000.0,58.99359774026474,0.0,0.77,1623.316322387284,0.0,0.0,1556.14,0.9413943126533779,1.0,1204.5284979782048,1000.0,1152.8027297399963,1000.0,1.0377119099599965,0.0
6088,1694448060000.0,58.99359774026474,0.0,0.77,1623.316322387284,0.0,0.0,1562.31,0.9413943126533779,1.0,1204.5284979782048,1000.0,1157.553629739996,1000.0,1.0377119099599965,0.0
6089,1694451660000.0,58.99359774026474,0.0,0.77,1623.316322387284,0.0,0.0,1556.61,0.9413943126533779,1.0,1204.5284979782048,1000.0,1153.1646297399961,1000.0,1.0377119099599965,0.0
6090,1694455260000.0,58.99359774026474,0.0,0.77,1623.316322387284,0.0,0.0,1561.81,0.9413943126533779,1.0,1204.5284979782048,1000.0,1157.168629739996,1000.0,1.0377119099599965,0.0
6091,1694458860000.0,58.99359774026474,0.0,0.77,1623.316322387284,0.0,0.0,1554.05,0.9413943126533779,1.0,1204.5284979782048,1000.0,1151.1934297399962,1000.0,1.0377119099599965,0.0
6092,1694462460000.0,58.99359774026474,0.0,0.77,1623.316322387284,0.0,0.0,1531.89,0.9413943126533779,1.0,1204.5284979782048,1000.0,1134.1302297399961,1000.0,1.0377119099599965,0.0
6093,1694466060000.0,58.99359774026474,0.0,0.77,1623.316322387284,0.0,0.0,1538.17,0.9413943126533779,1.0,1204.5284979782048,1000.0,1138.9658297399963,1000.0,1.0377119099599965,0.0
6094,1694469660000.0,58.99359774026474,0.0,0.77,1623.316322387284,0.0,0.0,1543.95,0.9413943126533779,1.0,1204.5284979782048,1000.0,1143.4164297399961,1000.0,1.0377119099599965,0.0
6095,1694473260000.0,58.99359774026474,0.0,0.77,1623.316322387284,0.0,0.0,1546.96,0.9413943126533779,1.0,1204.5284979782048,1000.0,1145.7341297399962,1000.0,1.0377119099599965,0.0
6096,1694476860000.0,58.99359774026474,0.0,0.77,1623.316322387284,0.0,0.0,1551.38,0.9413943126533779,1.0,1204.5284979782048,1000.0,1149.1375297399964,1000.0,1.0377119099599965,0.0
6097,1694480460000.0,58.99359774026474,0.0,0.77,1623.316322387284,0.0,0.0,1556.42,0.9413943126533779,1.0,1204.5284979782048,1000.0,1153.0183297399963,1000.0,1.0377119099599965,0.0
6098,1694484060000.0,58.99359774026474,0.0,0.77,1623.316322387284,0.0,0.0,1551.62,0.9413943126533779,1.0,1204.5284979782048,1000.0,1149.3223297399961,1000.0,1.0377119099599965,0.0
6099,1694487660000.0,58.99359774026474,0.0,0.77,1623.316322387284,0.0,0.0,1557.55,0.9413943126533779,1.0,1204.5284979782048,1000.0,1153.8884297399961,1000.0,1.0377119099599965,0.0
6100,1694491260000.0,39.200391368426246,0.0,0.76,1623.316322387284,0.0,0.0,1588.21,0.9413943126533779,1.0,1203.9281075743318,1000.0,1177.2473025599961,1000.0,1.0247459107006225,0.0
6101,1694494860000.0,39.200391368426246,0.0,0.76,1623.316322387284,0.0,0.0,1577.98,0.9413943126533779,1.0,1203.9281075743318,1000.0,1169.472502559996,1000.0,1.0247459107006225,0.0
6102,1694498460000.0,39.200391368426246,0.0,0.76,1623.316322387284,0.0,0.0,1583.24,0.9413943126533779,1.0,1203.9281075743318,1000.0,1173.4701025599961,1000.0,1.0247459107006225,0.0
6103,1694502060000.0,39.200391368426246,0.0,0.76,1623.316322387284,0.0,0.0,1580.41,0.9413943126533779,1.0,1203.9281075743318,1000.0,1171.319302559996,1000.0,1.0247459107006225,0.0
6104,1694505660000.0,39.200391368426246,0.0,0.76,1623.316322387284,0.0,0.0,1579.1,0.9413943126533779,1.0,1203.9281075743318,1000.0,1170.323702559996,1000.0,1.0247459107006225,0.0
6105,1694509260000.0,39.200391368426246,0.0,0.76,1623.316322387284,0.0,0.0,1577.98,0.9413943126533779,1.0,1203.9281075743318,1000.0,1169.472502559996,1000.0,1.0247459107006225,0.0
6106,1694512860000.0,39.200391368426246,0.0,0.76,1623.316322387284,0.0,0.0,1587.39,0.9413943126533779,1.0,1203.9281075743318,1000.0,1176.6241025599961,1000.0,1.0247459107006225,0.0
6107,1694516460000.0,39.200391368426246,0.0,0.76,1623.316322387284,0.0,0.0,1611.52,0.9413943126533779,1.0,1203.9281075743318,1000.0,1194.9629025599959,1000.0,1.0247459107006225,0.0
6108,1694520060000.0,39.200391368426246,0.0,0.76,1623.316322387284,0.0,0.0,1608.38,0.9413943126533779,1.0,1203.9281075743318,1000.0,1192.576502559996,1000.0,1.0247459107006225,0.0
6109,1694523660000.0,39.200391368426246,0.0,0.76,1623.316322387284,0.0,0.0,1602.77,0.9413943126533779,1.0,1203.9281075743318,1000.0,1188.312902559996,1000.0,1.0247459107006225,0.0
6110,1694527260000.0,39.200391368426246,0.0,0.76,1623.316322387284,0.0,0.0,1610.64,0.9413943126533779,1.0,1203.9281075743318,1000.0,1194.2941025599962,1000.0,1.0247459107006225,0.0
6111,1694530860000.0,39.200391368426246,0.0,0.76,1623.316322387284,0.0,0.0,1597.89,0.9413943126533779,1.0,1203.9281075743318,1000.0,1184.6041025599961,1000.0,1.0247459107006225,0.0
6112,1694534460000.0,39.200391368426246,0.0,0.76,1623.316322387284,0.0,0.0,1601.64,0.9413943126533779,1.0,1203.9281075743318,1000.0,1187.454102559996,1000.0,1.0247459107006225,0.0
6113,1694538060000.0,18.35587088000557,0.0,0.75,1623.316322387284,0.0,0.0,1595.94,0.9413943126533779,1.0,1203.7203386304589,1000.0,1183.188096839996,1000.0,1.0114369614919587,0.0
6114,1694541660000.0,18.35587088000557,0.0,0.75,1623.316322387284,0.0,0.0,1585.24,0.9413943126533779,1.0,1203.7203386304589,1000.0,1175.163096839996,1000.0,1.0114369614919587,0.0
6115,1694545260000.0,18.35587088000557,0.0,0.75,1623.316322387284,0.0,0.0,1593.53,0.9413943126533779,1.0,1203.7203386304589,1000.0,1181.3805968399959,1000.0,1.0114369614919587,0.0
6116,1694548860000.0,18.35587088000557,0.0,0.75,1623.316322387284,0.0,0.0,1597.29,0.9413943126533779,1.0,1203.7203386304589,1000.0,1184.2005968399958,1000.0,1.0114369614919587,0.0
6117,1694552460000.0,18.35587088000557,0.0,0.75,1623.316322387284,0.0,0.0,1597.64,0.9413943126533779,1.0,1203.7203386304589,1000.0,1184.463096839996,1000.0,1.0114369614919587,0.0
6118,1694556060000.0,18.35587088000557,0.0,0.75,1623.316322387284,0.0,0.0,1599.46,0.9413943126533779,1.0,1203.7203386304589,1000.0,1185.8280968399959,1000.0,1.0114369614919587,0.0
6119,1694559660000.0,18.35587088000557,0.0,0.75,1623.316322387284,0.0,0.0,1595.57,0.9413943126533779,1.0,1203.7203386304589,1000.0,1182.9105968399958,1000.0,1.0114369614919587,0.0
6120,1694563260000.0,18.35587088000557,0.0,0.75,1623.316322387284,0.0,0.0,1592.0,0.9413943126533779,1.0,1203.7203386304589,1000.0,1180.233096839996,1000.0,1.0114369614919587,0.0
6121,1694566860000.0,18.35587088000557,0.0,0.75,1623.316322387284,0.0,0.0,1595.45,0.9413943126533779,1.0,1203.7203386304589,1000.0,1182.820596839996,1000.0,1.0114369614919587,0.0
6122,1694570460000.0,18.35587088000557,0.0,0.75,1623.316322387284,0.0,0.0,1598.46,0.9413943126533779,1.0,1203.7203386304589,1000.0,1185.0780968399959,1000.0,1.0114369614919587,0.0
6123,1694574060000.0,18.35587088000557,0.0,0.75,1623.316322387284,0.0,0.0,1592.97,0.9413943126533779,1.0,1203.7203386304589,1000.0,1180.960596839996,1000.0,1.0114369614919587,0.0
6124,1694577660000.0,18.35587088000557,0.0,0.75,1623.316322387284,0.0,0.0,1588.41,0.9413943126533779,1.0,1203.7203386304589,1000.0,1177.540596839996,1000.0,1.0114369614919587,0.0
6125,1694581260000.0,18.35587088000557,0.0,0.75,1623.316322387284,0.0,0.0,1589.44,0.9413943126533779,1.0,1203.7203386304589,1000.0,1178.313096839996,1000.0,1.0114369614919587,0.0
6126,1694584860000.0,0.0,0.0,0.74,1623.316322387284,0.0,0.0,1582.74,0.9413943126533779,1.0,1203.363699466586,1000.0,1173.3372208999958,1000.0,0.9982468966772631,0.0
6127,1694588460000.0,0.0,0.0,0.74,1623.316322387284,0.0,0.0,1587.49,0.9413943126533779,1.0,1203.363699466586,1000.0,1176.852220899996,1000.0,0.9982468966772631,0.0
6128,1694592060000.0,0.0,0.0,0.74,1623.316322387284,0.0,0.0,1584.83,0.9413943126533779,1.0,1203.363699466586,1000.0,1174.883820899996,1000.0,0.9982468966772631,0.0
6129,1694595660000.0,0.0,0.0,0.74,1623.316322387284,0.0,0.0,1591.58,0.9413943126533779,1.0,1203.363699466586,1000.0,1179.8788208999958,1000.0,0.9982468966772631,0.0
6130,1694599260000.0,0.0,0.0,0.74,1623.316322387284,0.0,0.0,1599.59,0.9413943126533779,1.0,1203.363699466586,1000.0,1185.8062208999959,1000.0,0.9982468966772631,0.0
6131,1694602860000.0,0.0,0.0,0.74,1623.316322387284,0.0,0.0,1599.0,0.9413943126533779,1.0,1203.363699466586,1000.0,1185.3696208999959,1000.0,0.9982468966772631,0.0
6132,1694606460000.0,0.0,0.0,0.74,1623.316322387284,0.0,0.0,1603.68,0.9413943126533779,1.0,1203.363699466586,1000.0,1188.832820899996,1000.0,0.9982468966772631,0.0
6133,1694610060000.0,0.0,0.0,0.74,1623.316322387284,0.0,0.0,1598.62,0.9413943126533779,1.0,1203.363699466586,1000.0,1185.0884208999958,1000.0,0.9982468966772631,0.0
6134,1694613660000.0,0.0,0.0,0.74,1623.316322387284,0.0,0.0,1595.0,0.9413943126533779,1.0,1203.363699466586,1000.0,1182.4096208999958,1000.0,0.9982468966772631,0.0
6135,1694617260000.0,0.0,0.0,0.74,1623.316322387284,0.0,0.0,1601.55,0.9413943126533779,1.0,1203.363699466586,1000.0,1187.2566208999958,1000.0,0.9982468966772631,0.0
6136,1694620860000.0,0.0,0.0,0.74,1623.316322387284,0.0,0.0,1607.91,0.9413943126533779,1.0,1203.363699466586,1000.0,1191.963020899996,1000.0,0.9982468966772631,0.0
6137,1694624460000.0,0.0,0.0,0.74,1623.316322387284,0.0,0.0,1607.95,0.9413943126533779,1.0,1203.363699466586,1000.0,1191.992620899996,1000.0,0.9982468966772631,0.0
6138,1694628060000.0,0.0,0.0,0.74,1623.316322387284,0.0,0.0,1598.17,0.9413943126533779,1.0,1203.363699466586,1000.0,1184.755420899996,1000.0,0.9982468966772631,0.0
6139,1694631660000.0,0.0,0.0,0.73,1623.316322387284,0.0,0.0,1597.59,0.9413943126533779,1.0,1203.1353346427131,1000.0,1184.3551192999957,1000.0,0.9849439886117423,0.0
6140,1694635260000.0,0.0,0.0,0.73,1623.316322387284,0.0,0.0,1598.52,0.9413943126533779,1.0,1203.1353346427131,1000.0,1185.0340192999959,1000.0,0.9849439886117423,0.0
6141,1694638860000.0,0.0,0.0,0.73,1623.316322387284,0.0,0.0,1602.01,0.9413943126533779,1.0,1203.1353346427131,1000.0,1187.581719299996,1000.0,0.9849439886117423,0.0
6142,1694642460000.0,0.0,0.0,0.73,1623.316322387284,0.0,0.0,1605.04,0.9413943126533779,1.0,1203.1353346427131,1000.0,1189.793619299996,1000.0,0.9849439886117423,0.0
6143,1694646060000.0,0.0,0.0,0.73,1623.316322387284,0.0,0.0,1606.44,0.9413943126533779,1.0,1203.1353346427131,1000.0,1190.815619299996,1000.0,0.9849439886117423,0.0
6144,1694649660000.0,0.0,0.0,0.73,1623.316322387284,0.0,0.0,1606.23,0.9413943126533779,1.0,1203.1353346427131,1000.0,1190.662319299996,1000.0,0.9849439886117423,0.0
6145,1694653260000.0,0.0,0.0,0.36,1623.316322387284,0.0,0.0,1637.01,0.9413943126533779,1.0,1207.3927942594182,1000.0,1212.322518199996,1000.0,0.4840130559317056,0.0
6146,1694656860000.0,0.0,0.0,0.25,1623.316322387284,0.0,0.0,1620.04,0.9413943126533779,1.0,1208.658525496817,1000.0,1207.8394448999961,1000.0,0.33576818599778263,0.0
6147,1694660460000.0,0.0,0.0,0.25,1623.316322387284,0.0,0.0,1622.68,0.9413943126533779,1.0,1208.658525496817,1000.0,1208.499444899996,1000.0,0.33576818599778263,0.0
6148,1694664060000.0,0.0,0.0,0.25,1623.316322387284,0.0,0.0,1619.48,0.9413943126533779,1.0,1208.658525496817,1000.0,1207.699444899996,1000.0,0.33576818599778263,0.0
6149,1694667660000.0,0.0,0.0,0.25,1623.316322387284,0.0,0.0,1614.56,0.9413943126533779,1.0,1208.658525496817,1000.0,1206.469444899996,1000.0,0.33576818599778263,0.0
6150,1694671260000.0,0.0,0.0,0.25,1623.316322387284,0.0,0.0,1613.49,0.9413943126533779,1.0,1208.658525496817,1000.0,1206.201944899996,1000.0,0.33576818599778263,0.0
6151,1694674860000.0,0.0,0.0,0.25,1623.316322387284,0.0,0.0,1618.27,0.9413943126533779,1.0,1208.658525496817,1000.0,1207.396944899996,1000.0,0.33576818599778263,0.0
6152,1694678460000.0,0.0,0.0,0.25,1623.316322387284,0.0,0.0,1619.45,0.9413943126533779,1.0,1208.658525496817,1000.0,1207.691944899996,1000.0,0.33576818599778263,0.0
6153,1694682060000.0,0.0,0.0,0.25,1623.316322387284,0.0,0.0,1618.3,0.9413943126533779,1.0,1208.658525496817,1000.0,1207.404444899996,1000.0,0.33576818599778263,0.0
6154,1694685660000.0,0.0,0.0,0.25,1623.316322387284,0.0,0.0,1617.88,0.9413943126533779,1.0,1208.658525496817,1000.0,1207.2994448999962,1000.0,0.33576818599778263,0.0
6155,1694689260000.0,0.0,0.0,0.25,1623.316322387284,0.0,0.0,1621.48,0.9413943126533779,1.0,1208.658525496817,1000.0,1208.199444899996,1000.0,0.33576818599778263,0.0
6156,1694692860000.0,0.0,0.0,0.25,1623.316322387284,0.0,0.0,1624.0,0.9413943126533779,1.0,1208.658525496817,1000.0,1208.829444899996,1000.0,0.33576818599778263,0.0
6157,1694696460000.0,0.0,0.0,0.25,1623.316322387284,0.0,0.0,1623.07,0.9413943126533779,1.0,1208.658525496817,1000.0,1208.596944899996,1000.0,0.33576818599778263,0.0
6158,1694700060000.0,0.0,0.0,0.25,1623.316322387284,0.0,0.0,1623.4,0.9413943126533779,1.0,1208.658525496817,1000.0,1208.679444899996,1000.0,0.33576818599778263,0.0
6159,1694703660000.0,0.0,0.0,0.18,1623.316322387284,0.0,0.0,1633.46,0.9413943126533779,1.0,1209.463990829707,1000.0,1211.289852799996,1000.0,0.24159209389050137,0.0
6160,1694707260000.0,0.0,0.0,0.09,1623.316322387284,0.0,0.0,1634.64,0.9413943126533779,1.0,1210.4995891148512,1000.0,1211.5187200999958,1000.0,0.12069270434175573,0.0
6161,1694710860000.0,0.0,0.0,0.08,1623.316322387284,0.0,0.0,1632.66,0.9413943126533779,1.0,1210.6146555909784,1000.0,1211.3621497999957,1000.0,0.10727220688369014,0.0
6162,1694714460000.0,0.0,0.0,0.03,1623.316322387284,0.0,0.0,1638.24,0.9413943126533779,1.0,1211.189987971614,1000.0,1211.6376982999955,1000.0,0.04020796915038556,0.0
6163,1694718060000.0,0.0,0.0,0.0,1623.316322387284,0.0,0.0,1628.79,0.9413943126533779,1.0,1211.5351873999955,1000.0,1211.5351873999955,1000.0,0.0,0.0
6164,1694721660000.0,0.0,0.0,0.0,1623.316322387284,0.0,0.0,1636.06,0.9413943126533779,1.0,1211.5351873999955,1000.0,1211.5351873999955,1000.0,0.0,0.0
6165,1694725260000.0,0.0,0.0,0.0,1623.316322387284,0.0,0.0,1627.31,0.9413943126533779,1.0,1211.5351873999955,1000.0,1211.5351873999955,1000.0,0.0,0.0
6166,1694728860000.0,0.0,0.0,0.0,1623.316322387284,0.0,0.0,1625.04,0.9413943126533779,1.0,1211.5351873999955,1000.0,1211.5351873999955,1000.0,0.0,0.0
6167,1694732460000.0,0.0,0.0,0.0,1623.316322387284,0.0,0.0,1629.28,0.9413943126533779,1.0,1211.5351873999955,1000.0,1211.5351873999955,1000.0,0.0,0.0
6168,1694736060000.0,0.0,0.0,0.0,1623.316322387284,0.0,0.0,1625.27,0.9413943126533779,1.0,1211.5351873999955,1000.0,1211.5351873999955,1000.0,0.0,0.0
6169,1694739660000.0,0.0,0.0,0.0,1623.316322387284,0.0,0.0,1624.19,0.9413943126533779,1.0,1211.5351873999955,1000.0,1211.5351873999955,1000.0,0.0,0.0
6170,1694743260000.0,0.0,0.0,0.0,1623.316322387284,0.0,0.0,1629.41,0.9413943126533779,1.0,1211.5351873999955,1000.0,1211.5351873999955,1000.0,0.0,0.0
6171,1694746860000.0,0.0,0.0,0.0,1623.316322387284,0.0,0.0,1631.76,0.9413943126533779,1.0,1211.5351873999955,1000.0,1211.5351873999955,1000.0,0.0,0.0
6172,1694750460000.0,0.0,0.0,0.0,1623.316322387284,0.0,0.0,1633.6,0.9413943126533779,1.0,1211.5351873999955,1000.0,1211.5351873999955,1000.0,0.0,0.0
6173,1694754060000.0,0.0,0.0,0.0,1623.316322387284,0.0,0.0,1632.0,0.9413943126533779,1.0,1211.5351873999955,1000.0,1211.5351873999955,1000.0,0.0,0.0
6174,1694757660000.0,0.0,0.0,0.0,1623.316322387284,0.0,0.0,1629.11,0.9413943126533779,1.0,1211.5351873999955,1000.0,1211.5351873999955,1000.0,0.0,0.0
6175,1694761260000.0,0.0,0.0,0.0,1623.316322387284,0.0,0.0,1629.01,0.9413943126533779,1.0,1211.5351873999955,1000.0,1211.5351873999955,1000.0,0.0,0.0
6176,1694764860000.0,0.0,0.0,0.0,1623.316322387284,0.0,0.0,1626.24,0.9413943126533779,1.0,1211.5351873999955,1000.0,1211.5351873999955,1000.0,0.0,0.0
6177,1694768460000.0,0.0,0.0,0.0,1623.316322387284,0.0,0.0,1628.59,0.9413943126533779,1.0,1211.5351873999955,1000.0,1211.5351873999955,1000.0,0.0,0.0
6178,1694772060000.0,0.0,0.0,0.0,1623.316322387284,0.0,0.0,1627.32,0.9413943126533779,1.0,1211.5351873999955,1000.0,1211.5351873999955,1000.0,0.0,0.0
6179,1694775660000.0,0.0,0.0,0.0,1623.316322387284,0.0,0.0,1629.01,0.9413943126533779,1.0,1211.5351873999955,1000.0,1211.5351873999955,1000.0,0.0,0.0
6180,1694779260000.0,0.0,0.0,0.04,1617.56,0.0,0.0,1620.19,0.9413943126533779,1.0,1211.5222469199955,1000.0,1211.6274469199955,1000.0,0.05340587031273286,0.0
6181,1694782860000.0,0.0,0.0,0.04,1617.56,0.0,0.0,1620.11,0.9413943126533779,1.0,1211.5222469199955,1000.0,1211.6242469199956,1000.0,0.05340587031273286,0.0
6182,1694786460000.0,0.0,0.0,0.04,1617.56,0.0,0.0,1619.75,0.9413943126533779,1.0,1211.5222469199955,1000.0,1211.6098469199956,1000.0,0.05340587031273286,0.0
6183,1694790060000.0,0.0,0.0,0.04,1617.56,0.0,0.0,1614.85,0.9413943126533779,1.0,1211.5222469199955,1000.0,1211.4138469199954,1000.0,0.05340587031273286,0.0
6184,1694793660000.0,0.0,0.0,0.04,1617.56,0.0,0.0,1618.11,0.9413943126533779,1.0,1211.5222469199955,1000.0,1211.5442469199954,1000.0,0.05340587031273286,0.0
6185,1694797260000.0,0.0,0.0,0.04,1617.56,0.0,0.0,1620.82,0.9413943126533779,1.0,1211.5222469199955,1000.0,1211.6526469199955,1000.0,0.05340587031273286,0.0
6186,1694800860000.0,0.0,0.0,0.04,1617.56,0.0,0.0,1618.51,0.9413943126533779,1.0,1211.5222469199955,1000.0,1211.5602469199955,1000.0,0.05340587031273286,0.0
6187,1694804460000.0,0.0,0.0,0.04,1617.56,0.0,0.0,1617.9,0.9413943126533779,1.0,1211.5222469199955,1000.0,1211.5358469199955,1000.0,0.05340587031273286,0.0
6188,1694808060000.0,0.0,0.0,0.04,1617.56,0.0,0.0,1619.88,0.9413943126533779,1.0,1211.5222469199955,1000.0,1211.6150469199954,1000.0,0.05340587031273286,0.0
6189,1694811660000.0,0.0,0.0,0.04,1617.56,0.0,0.0,1622.08,0.9413943126533779,1.0,1211.5222469199955,1000.0,1211.7030469199956,1000.0,0.05340587031273286,0.0
6190,1694815260000.0,0.0,0.0,0.0,1617.56,0.0,0.0,1629.79,0.9413943126533779,1.0,1211.980812119995,1000.0,1211.980812119995,1000.0,0.0,0.0
6191,1694818860000.0,0.0,0.0,0.0,1617.56,0.0,0.0,1651.18,0.9413943126533779,1.0,1211.980812119995,1000.0,1211.980812119995,1000.0,0.0,0.0
6192,1694822460000.0,0.0,0.0,0.0,1617.56,0.0,0.0,1641.89,0.9413943126533779,1.0,1211.980812119995,1000.0,1211.980812119995,1000.0,0.0,0.0
6193,1694826060000.0,0.0,0.0,0.0,1617.56,0.0,0.0,1641.25,0.9413943126533779,1.0,1211.980812119995,1000.0,1211.980812119995,1000.0,0.0,0.0
6194,1694829660000.0,0.0,0.0,0.0,1617.56,0.0,0.0,1643.41,0.9413943126533779,1.0,1211.980812119995,1000.0,1211.980812119995,1000.0,0.0,0.0
6195,1694833260000.0,0.0,0.0,0.0,1617.56,0.0,0.0,1646.25,0.9413943126533779,1.0,1211.980812119995,1000.0,1211.980812119995,1000.0,0.0,0.0
6196,1694836860000.0,0.0,0.0,0.0,1617.56,0.0,0.0,1640.83,0.9413943126533779,1.0,1211.980812119995,1000.0,1211.980812119995,1000.0,0.0,0.0
6197,1694840460000.0,0.0,0.0,0.0,1617.56,0.0,0.0,1639.2,0.9413943126533779,1.0,1211.980812119995,1000.0,1211.980812119995,1000.0,0.0,0.0
6198,1694844060000.0,0.0,0.0,0.0,1617.56,0.0,0.0,1637.0,0.9413943126533779,1.0,1211.980812119995,1000.0,1211.980812119995,1000.0,0.0,0.0
6199,1694847660000.0,0.0,0.0,0.0,1617.56,0.0,0.0,1635.54,0.9413943126533779,1.0,1211.980812119995,1000.0,1211.980812119995,1000.0,0.0,0.0
6200,1694851260000.0,0.0,0.0,0.0,1617.56,0.0,0.0,1635.0,0.9413943126533779,1.0,1211.980812119995,1000.0,1211.980812119995,1000.0,0.0,0.0
6201,1694854860000.0,0.0,0.0,0.0,1617.56,0.0,0.0,1634.59,0.9413943126533779,1.0,1211.980812119995,1000.0,1211.980812119995,1000.0,0.0,0.0
6202,1694858460000.0,0.0,0.0,0.0,1617.56,0.0,0.0,1632.46,0.9413943126533779,1.0,1211.980812119995,1000.0,1211.980812119995,1000.0,0.0,0.0
6203,1694862060000.0,0.0,0.0,0.0,1617.56,0.0,0.0,1635.4,0.9413943126533779,1.0,1211.980812119995,1000.0,1211.980812119995,1000.0,0.0,0.0
6204,1694865660000.0,0.0,0.0,0.0,1617.56,0.0,0.0,1634.14,0.9413943126533779,1.0,1211.980812119995,1000.0,1211.980812119995,1000.0,0.0,0.0
6205,1694869260000.0,0.0,0.0,0.0,1617.56,0.0,0.0,1636.12,0.9413943126533779,1.0,1211.980812119995,1000.0,1211.980812119995,1000.0,0.0,0.0
6206,1694872860000.0,0.0,0.0,0.0,1617.56,0.0,0.0,1634.03,0.9413943126533779,1.0,1211.980812119995,1000.0,1211.980812119995,1000.0,0.0,0.0
6207,1694876460000.0,0.0,0.0,0.0,1617.56,0.0,0.0,1631.58,0.9413943126533779,1.0,1211.980812119995,1000.0,1211.980812119995,1000.0,0.0,0.0
6208,1694880060000.0,0.0,0.0,0.0,1617.56,0.0,0.0,1633.31,0.9413943126533779,1.0,1211.980812119995,1000.0,1211.980812119995,1000.0,0.0,0.0
6209,1694883660000.0,0.0,0.0,0.0,1617.56,0.0,0.0,1635.2,0.9413943126533779,1.0,1211.980812119995,1000.0,1211.980812119995,1000.0,0.0,0.0
6210,1694887260000.0,0.0,0.0,0.0,1617.56,0.0,0.0,1636.29,0.9413943126533779,1.0,1211.980812119995,1000.0,1211.980812119995,1000.0,0.0,0.0
6211,1694890860000.0,0.0,0.0,0.0,1617.56,0.0,0.0,1636.0,0.9413943126533779,1.0,1211.980812119995,1000.0,1211.980812119995,1000.0,0.0,0.0
6212,1694894460000.0,0.0,0.0,0.0,1617.56,0.0,0.0,1632.23,0.9413943126533779,1.0,1211.980812119995,1000.0,1211.980812119995,1000.0,0.0,0.0
6213,1694898060000.0,0.0,0.0,0.0,1617.56,0.0,0.0,1634.1,0.9413943126533779,1.0,1211.980812119995,1000.0,1211.980812119995,1000.0,0.0,0.0
6214,1694901660000.0,0.0,0.0,0.0,1617.56,0.0,0.0,1635.94,0.9413943126533779,1.0,1211.980812119995,1000.0,1211.980812119995,1000.0,0.0,0.0
6215,1694905260000.0,0.0,0.0,0.0,1617.56,0.0,0.0,1634.86,0.9413943126533779,1.0,1211.980812119995,1000.0,1211.980812119995,1000.0,0.0,0.0
6216,1694908860000.0,0.0,0.0,0.0,1617.56,0.0,0.0,1633.3,0.9413943126533779,1.0,1211.980812119995,1000.0,1211.980812119995,1000.0,0.0,0.0
6217,1694912460000.0,0.0,0.0,0.04,1624.94,0.0,0.0,1621.02,0.9413943126533779,1.0,1211.967812599995,1000.0,1211.8110125999951,1000.0,0.05362980709905387,0.0
6218,1694916060000.0,0.0,0.0,0.04,1624.94,0.0,0.0,1624.35,0.9413943126533779,1.0,1211.967812599995,1000.0,1211.9442125999951,1000.0,0.05362980709905387,0.0
6219,1694919660000.0,0.0,0.0,0.04,1624.94,0.0,0.0,1626.58,0.9413943126533779,1.0,1211.967812599995,1000.0,1212.033412599995,1000.0,0.05362980709905387,0.0
6220,1694923260000.0,0.0,0.0,0.04,1624.94,0.0,0.0,1628.16,0.9413943126533779,1.0,1211.967812599995,1000.0,1212.096612599995,1000.0,0.05362980709905387,0.0
6221,1694926860000.0,0.0,0.0,0.04,1624.94,0.0,0.0,1629.76,0.9413943126533779,1.0,1211.967812599995,1000.0,1212.1606125999951,1000.0,0.05362980709905387,0.0
6222,1694930460000.0,0.0,0.0,0.04,1624.94,0.0,0.0,1628.88,0.9413943126533779,1.0,1211.967812599995,1000.0,1212.1254125999951,1000.0,0.05362980709905387,0.0
6223,1694934060000.0,0.0,0.0,0.04,1624.94,0.0,0.0,1629.54,0.9413943126533779,1.0,1211.967812599995,1000.0,1212.151812599995,1000.0,0.05362980709905387,0.0
6224,1694937660000.0,0.0,0.0,0.04,1624.94,0.0,0.0,1626.97,0.9413943126533779,1.0,1211.967812599995,1000.0,1212.0490125999952,1000.0,0.05362980709905387,0.0
6225,1694941260000.0,0.0,0.0,0.04,1624.94,0.0,0.0,1631.71,0.9413943126533779,1.0,1211.967812599995,1000.0,1212.2386125999951,1000.0,0.05362980709905387,0.0
6226,1694944860000.0,0.0,0.0,0.04,1624.94,0.0,0.0,1633.71,0.9413943126533779,1.0,1211.967812599995,1000.0,1212.318612599995,1000.0,0.05362980709905387,0.0
6227,1694948460000.0,0.0,0.0,0.04,1624.94,0.0,0.0,1633.29,0.9413943126533779,1.0,1211.967812599995,1000.0,1212.3018125999952,1000.0,0.05362980709905387,0.0
6228,1694952060000.0,0.0,0.0,0.04,1624.94,0.0,0.0,1629.16,0.9413943126533779,1.0,1211.967812599995,1000.0,1212.136612599995,1000.0,0.05362980709905387,0.0
6229,1694955660000.0,0.0,0.0,0.04,1624.94,0.0,0.0,1630.58,0.9413943126533779,1.0,1211.967812599995,1000.0,1212.193412599995,1000.0,0.05362980709905387,0.0
6230,1694959260000.0,0.0,0.0,0.04,1624.94,0.0,0.0,1627.53,0.9413943126533779,1.0,1211.967812599995,1000.0,1212.071412599995,1000.0,0.05362980709905387,0.0
6231,1694962860000.0,0.0,0.0,0.04,1624.94,0.0,0.0,1627.81,0.9413943126533779,1.0,1211.967812599995,1000.0,1212.0826125999952,1000.0,0.05362980709905387,0.0
6232,1694966460000.0,0.0,0.0,0.04,1624.94,0.0,0.0,1628.38,0.9413943126533779,1.0,1211.967812599995,1000.0,1212.1054125999951,1000.0,0.05362980709905387,0.0
6233,1694970060000.0,0.0,0.0,0.04,1624.94,0.0,0.0,1622.8,0.9413943126533779,1.0,1211.967812599995,1000.0,1211.882212599995,1000.0,0.05362980709905387,0.0
6234,1694973660000.0,0.0,0.0,0.04,1624.94,0.0,0.0,1617.84,0.9413943126533779,1.0,1211.967812599995,1000.0,1211.683812599995,1000.0,0.05362980709905387,0.0
6235,1694977260000.0,0.0,0.0,0.04,1624.94,0.0,0.0,1623.81,0.9413943126533779,1.0,1211.967812599995,1000.0,1211.922612599995,1000.0,0.05362980709905387,0.0
6236,1694980860000.0,0.0,0.0,0.04,1624.94,0.0,0.0,1624.39,0.9413943126533779,1.0,1211.967812599995,1000.0,1211.9458125999952,1000.0,0.05362980709905387,0.0
6237,1694984460000.0,0.0,0.0,0.04,1624.94,0.0,0.0,1615.8,0.9413943126533779,1.0,1211.967812599995,1000.0,1211.602212599995,1000.0,0.05362980709905387,0.0
6238,1694988060000.0,0.0,0.0,0.04,1624.94,0.0,0.0,1617.57,0.9413943126533779,1.0,1211.967812599995,1000.0,1211.6730125999952,1000.0,0.05362980709905387,0.0
6239,1694991660000.0,0.0,0.0,0.04,1624.94,0.0,0.0,1619.49,0.9413943126533779,1.0,1211.967812599995,1000.0,1211.749812599995,1000.0,0.05362980709905387,0.0
6240,1694995260000.0,0.0,0.0,0.04,1624.94,0.0,0.0,1621.5,0.9413943126533779,1.0,1211.967812599995,1000.0,1211.830212599995,1000.0,0.05362980709905387,0.0
6241,1694998860000.0,0.0,0.0,0.04,1624.94,0.0,0.0,1613.35,0.9413943126533779,1.0,1211.967812599995,1000.0,1211.504212599995,1000.0,0.05362980709905387,0.0
6242,1695002460000.0,0.0,0.0,0.04,1624.94,0.0,0.0,1615.93,0.9413943126533779,1.0,1211.967812599995,1000.0,1211.607412599995,1000.0,0.05362980709905387,0.0
6243,1695006060000.0,0.0,0.0,0.04,1624.94,0.0,0.0,1626.59,0.9413943126533779,1.0,1211.967812599995,1000.0,1212.0338125999951,1000.0,0.05362980709905387,0.0
6244,1695009660000.0,0.0,0.0,0.04,1624.94,0.0,0.0,1630.3,0.9413943126533779,1.0,1211.967812599995,1000.0,1212.1822125999952,1000.0,0.05362980709905387,0.0
6245,1695013260000.0,0.0,0.0,0.04,1624.94,0.0,0.0,1629.93,0.9413943126533779,1.0,1211.967812599995,1000.0,1212.167412599995,1000.0,0.05362980709905387,0.0
6246,1695016860000.0,0.0,0.0,0.04,1624.94,0.0,0.0,1629.05,0.9413943126533779,1.0,1211.967812599995,1000.0,1212.132212599995,1000.0,0.05362980709905387,0.0
6247,1695020460000.0,0.0,0.0,0.04,1624.94,0.0,0.0,1629.11,0.9413943126533779,1.0,1211.967812599995,1000.0,1212.134612599995,1000.0,0.05362980709905387,0.0
6248,1695024060000.0,0.0,0.0,0.0,1624.94,0.0,0.0,1633.67,0.9413943126533779,1.0,1212.4283183599953,1000.0,1212.4283183599953,1000.0,0.0,0.0
6249,1695027660000.0,0.0,0.0,0.0,1624.94,0.0,0.0,1633.0,0.9413943126533779,1.0,1212.4283183599953,1000.0,1212.4283183599953,1000.0,0.0,0.0
6250,1695031260000.0,0.0,0.0,0.0,1624.94,0.0,0.0,1638.53,0.9413943126533779,1.0,1212.4283183599953,1000.0,1212.4283183599953,1000.0,0.0,0.0
6251,1695034860000.0,0.0,0.0,0.0,1624.94,0.0,0.0,1649.22,0.9413943126533779,1.0,1212.4283183599953,1000.0,1212.4283183599953,1000.0,0.0,0.0
6252,1695038460000.0,0.0,0.0,0.0,1624.94,0.0,0.0,1654.75,0.9413943126533779,1.0,1212.4283183599953,1000.0,1212.4283183599953,1000.0,0.0,0.0
6253,1695042060000.0,0.0,0.0,0.0,1624.94,0.0,0.0,1665.4,0.9413943126533779,1.0,1212.4283183599953,1000.0,1212.4283183599953,1000.0,0.0,0.0
6254,1695045660000.0,0.0,0.0,0.0,1624.94,0.0,0.0,1655.76,0.9413943126533779,1.0,1212.4283183599953,1000.0,1212.4283183599953,1000.0,0.0,0.0
6255,1695049260000.0,0.0,0.0,0.0,1624.94,0.0,0.0,1657.0,0.9413943126533779,1.0,1212.4283183599953,1000.0,1212.4283183599953,1000.0,0.0,0.0
6256,1695052860000.0,0.0,0.0,0.0,1624.94,0.0,0.0,1655.7,0.9413943126533779,1.0,1212.4283183599953,1000.0,1212.4283183599953,1000.0,0.0,0.0
6257,1695056460000.0,0.0,0.0,0.0,1624.94,0.0,0.0,1656.19,0.9413943126533779,1.0,1212.4283183599953,1000.0,1212.4283183599953,1000.0,0.0,0.0
6258,1695060060000.0,0.0,0.0,0.0,1624.94,0.0,0.0,1636.85,0.9413943126533779,1.0,1212.4283183599953,1000.0,1212.4283183599953,1000.0,0.0,0.0
6259,1695063660000.0,0.0,0.0,0.0,1624.94,0.0,0.0,1634.77,0.9413943126533779,1.0,1212.4283183599953,1000.0,1212.4283183599953,1000.0,0.0,0.0
6260,1695067260000.0,0.0,0.0,0.0,1624.94,0.0,0.0,1638.82,0.9413943126533779,1.0,1212.4283183599953,1000.0,1212.4283183599953,1000.0,0.0,0.0
6261,1695070860000.0,0.0,0.0,0.0,1624.94,0.0,0.0,1635.93,0.9413943126533779,1.0,1212.4283183599953,1000.0,1212.4283183599953,1000.0,0.0,0.0
6262,1695074460000.0,0.0,0.0,0.0,1624.94,0.0,0.0,1638.92,0.9413943126533779,1.0,1212.4283183599953,1000.0,1212.4283183599953,1000.0,0.0,0.0
6263,1695078060000.0,0.0,0.0,0.0,1624.94,0.0,0.0,1640.68,0.9413943126533779,1.0,1212.4283183599953,1000.0,1212.4283183599953,1000.0,0.0,0.0
6264,1695081660000.0,0.0,0.0,0.0,1624.94,0.0,0.0,1636.21,0.9413943126533779,1.0,1212.4283183599953,1000.0,1212.4283183599953,1000.0,0.0,0.0
6265,1695085260000.0,0.0,0.0,0.04,1629.98,0.0,0.0,1628.77,0.9413943126533779,1.0,1212.4152785199954,1000.0,1212.3668785199955,1000.0,0.05377629361417251,0.0
6266,1695088860000.0,0.0,0.0,0.04,1629.98,0.0,0.0,1631.4,0.9413943126533779,1.0,1212.4152785199954,1000.0,1212.4720785199954,1000.0,0.05377629361417251,0.0
6267,1695092460000.0,0.0,0.0,0.04,1629.98,0.0,0.0,1637.95,0.9413943126533779,1.0,1212.4152785199954,1000.0,1212.7340785199954,1000.0,0.05377629361417251,0.0
6268,1695096060000.0,0.0,0.0,0.04,1629.98,0.0,0.0,1632.58,0.9413943126533779,1.0,1212.4152785199954,1000.0,1212.5192785199954,1000.0,0.05377629361417251,0.0
6269,1695099660000.0,0.0,0.0,0.04,1629.98,0.0,0.0,1635.96,0.9413943126533779,1.0,1212.4152785199954,1000.0,1212.6544785199953,1000.0,0.05377629361417251,0.0
6270,1695103260000.0,0.0,0.0,0.04,1629.98,0.0,0.0,1634.66,0.9413943126533779,1.0,1212.4152785199954,1000.0,1212.6024785199954,1000.0,0.05377629361417251,0.0
6271,1695106860000.0,0.0,0.0,0.04,1629.98,0.0,0.0,1635.52,0.9413943126533779,1.0,1212.4152785199954,1000.0,1212.6368785199954,1000.0,0.05377629361417251,0.0
6272,1695110460000.0,0.0,0.0,0.04,1629.98,0.0,0.0,1635.95,0.9413943126533779,1.0,1212.4152785199954,1000.0,1212.6540785199954,1000.0,0.05377629361417251,0.0
6273,1695114060000.0,0.0,0.0,0.02,1629.98,0.0,0.0,1644.87,0.9413943126533779,1.0,1212.6463110799955,1000.0,1212.9441110799955,1000.0,0.026883024095431796,0.0
6274,1695117660000.0,0.0,0.0,0.0,1629.98,0.0,0.0,1651.82,0.9413943126533779,1.0,1213.0535083999957,1000.0,1213.0535083999957,1000.0,0.0,0.0
6275,1695121260000.0,0.0,0.0,0.0,1629.98,0.0,0.0,1645.0,0.9413943126533779,1.0,1213.0535083999957,1000.0,1213.0535083999957,1000.0,0.0,0.0
6276,1695124860000.0,0.0,0.0,0.0,1629.98,0.0,0.0,1645.35,0.9413943126533779,1.0,1213.0535083999957,1000.0,1213.0535083999957,1000.0,0.0,0.0
6277,1695128460000.0,0.0,0.0,0.0,1629.98,0.0,0.0,1642.04,0.9413943126533779,1.0,1213.0535083999957,1000.0,1213.0535083999957,1000.0,0.0,0.0
6278,1695132060000.0,0.0,0.0,0.0,1629.98,0.0,0.0,1636.19,0.9413943126533779,1.0,1213.0535083999957,1000.0,1213.0535083999957,1000.0,0.0,0.0
6279,1695135660000.0,0.0,0.0,0.0,1629.98,0.0,0.0,1645.78,0.9413943126533779,1.0,1213.0535083999957,1000.0,1213.0535083999957,1000.0,0.0,0.0
6280,1695139260000.0,0.0,0.0,0.0,1629.98,0.0,0.0,1654.31,0.9413943126533779,1.0,1213.0535083999957,1000.0,1213.0535083999957,1000.0,0.0,0.0
6281,1695142860000.0,0.0,0.0,0.0,1629.98,0.0,0.0,1647.01,0.9413943126533779,1.0,1213.0535083999957,1000.0,1213.0535083999957,1000.0,0.0,0.0
6282,1695146460000.0,0.0,0.0,0.0,1629.98,0.0,0.0,1644.3,0.9413943126533779,1.0,1213.0535083999957,1000.0,1213.0535083999957,1000.0,0.0,0.0
6283,1695150060000.0,0.0,0.0,0.0,1629.98,0.0,0.0,1643.55,0.9413943126533779,1.0,1213.0535083999957,1000.0,1213.0535083999957,1000.0,0.0,0.0
6284,1695153660000.0,0.0,0.0,0.0,1629.98,0.0,0.0,1642.0,0.9413943126533779,1.0,1213.0535083999957,1000.0,1213.0535083999957,1000.0,0.0,0.0
6285,1695157260000.0,0.0,0.0,0.0,1629.98,0.0,0.0,1640.2,0.9413943126533779,1.0,1213.0535083999957,1000.0,1213.0535083999957,1000.0,0.0,0.0
6286,1695160860000.0,0.0,0.0,0.0,1629.98,0.0,0.0,1639.4,0.9413943126533779,1.0,1213.0535083999957,1000.0,1213.0535083999957,1000.0,0.0,0.0
6287,1695164460000.0,0.0,0.0,0.0,1629.98,0.0,0.0,1640.03,0.9413943126533779,1.0,1213.0535083999957,1000.0,1213.0535083999957,1000.0,0.0,0.0
6288,1695168060000.0,0.0,0.0,0.0,1629.98,0.0,0.0,1641.86,0.9413943126533779,1.0,1213.0535083999957,1000.0,1213.0535083999957,1000.0,0.0,0.0
6289,1695171660000.0,0.0,0.0,0.0,1629.98,0.0,0.0,1642.34,0.9413943126533779,1.0,1213.0535083999957,1000.0,1213.0535083999957,1000.0,0.0,0.0
6290,1695175260000.0,0.0,0.0,0.0,1629.98,0.0,0.0,1648.03,0.9413943126533779,1.0,1213.0535083999957,1000.0,1213.0535083999957,1000.0,0.0,0.0
6291,1695178860000.0,0.0,0.0,0.0,1629.98,0.0,0.0,1639.56,0.9413943126533779,1.0,1213.0535083999957,1000.0,1213.0535083999957,1000.0,0.0,0.0
6292,1695182460000.0,0.0,0.0,0.0,1629.98,0.0,0.0,1635.16,0.9413943126533779,1.0,1213.0535083999957,1000.0,1213.0535083999957,1000.0,0.0,0.0
6293,1695186060000.0,0.0,0.0,0.0,1629.98,0.0,0.0,1635.05,0.9413943126533779,1.0,1213.0535083999957,1000.0,1213.0535083999957,1000.0,0.0,0.0
6294,1695189660000.0,0.0,0.0,0.0,1629.98,0.0,0.0,1632.82,0.9413943126533779,1.0,1213.0535083999957,1000.0,1213.0535083999957,1000.0,0.0,0.0
6295,1695193260000.0,0.0,0.0,0.04,1631.31,0.0,0.0,1633.01,0.9413943126533779,1.0,1213.0404579199958,1000.0,1213.1084579199958,1000.0,0.05379243501233956,0.0
6296,1695196860000.0,0.0,0.0,0.04,1631.31,0.0,0.0,1632.94,0.9413943126533779,1.0,1213.0404579199958,1000.0,1213.1056579199958,1000.0,0.05379243501233956,0.0
6297,1695200460000.0,0.0,0.0,0.04,1631.31,0.0,0.0,1636.53,0.9413943126533779,1.0,1213.0404579199958,1000.0,1213.249257919996,1000.0,0.05379243501233956,0.0
6298,1695204060000.0,0.0,0.0,0.04,1631.31,0.0,0.0,1625.15,0.9413943126533779,1.0,1213.0404579199958,1000.0,1212.7940579199958,1000.0,0.05379243501233956,0.0
6299,1695207660000.0,0.0,0.0,0.04,1631.31,0.0,0.0,1627.75,0.9413943126533779,1.0,1213.0404579199958,1000.0,1212.8980579199958,1000.0,0.05379243501233956,0.0
6300,1695211260000.0,0.0,0.0,0.04,1631.31,0.0,0.0,1630.81,0.9413943126533779,1.0,1213.0404579199958,1000.0,1213.0204579199958,1000.0,0.05379243501233956,0.0
6301,1695214860000.0,0.0,0.0,0.04,1631.31,0.0,0.0,1625.87,0.9413943126533779,1.0,1213.0404579199958,1000.0,1212.8228579199958,1000.0,0.05379243501233956,0.0
6302,1695218460000.0,0.0,0.0,0.04,1631.31,0.0,0.0,1631.45,0.9413943126533779,1.0,1213.0404579199958,1000.0,1213.0460579199957,1000.0,0.05379243501233956,0.0
6303,1695222060000.0,0.0,0.0,0.04,1631.31,0.0,0.0,1626.06,0.9413943126533779,1.0,1213.0404579199958,1000.0,1212.8304579199958,1000.0,0.05379243501233956,0.0
6304,1695225660000.0,0.0,0.0,0.04,1631.31,0.0,0.0,1627.74,0.9413943126533779,1.0,1213.0404579199958,1000.0,1212.8976579199957,1000.0,0.05379243501233956,0.0
6305,1695229260000.0,0.0,0.0,0.04,1631.31,0.0,0.0,1627.99,0.9413943126533779,1.0,1213.0404579199958,1000.0,1212.9076579199957,1000.0,0.05379243501233956,0.0
6306,1695232860000.0,0.0,0.0,0.04,1631.31,0.0,0.0,1628.56,0.9413943126533779,1.0,1213.0404579199958,1000.0,1212.930457919996,1000.0,0.05379243501233956,0.0
6307,1695236460000.0,0.0,0.0,0.04,1631.31,0.0,0.0,1631.29,0.9413943126533779,1.0,1213.0404579199958,1000.0,1213.0396579199958,1000.0,0.05379243501233956,0.0
6308,1695240060000.0,0.0,0.0,0.04,1631.31,0.0,0.0,1616.95,0.9413943126533779,1.0,1213.0404579199958,1000.0,1212.4660579199958,1000.0,0.05379243501233956,0.0
6309,1695243660000.0,0.0,0.0,0.04,1631.31,0.0,0.0,1621.9,0.9413943126533779,1.0,1213.0404579199958,1000.0,1212.6640579199957,1000.0,0.05379243501233956,0.0
6310,1695247260000.0,0.0,0.0,0.04,1631.31,0.0,0.0,1625.35,0.9413943126533779,1.0,1213.0404579199958,1000.0,1212.8020579199958,1000.0,0.05379243501233956,0.0
6311,1695250860000.0,0.0,0.0,0.04,1631.31,0.0,0.0,1621.68,0.9413943126533779,1.0,1213.0404579199958,1000.0,1212.6552579199958,1000.0,0.05379243501233956,0.0
6312,1695254460000.0,0.0,0.0,0.04,1631.31,0.0,0.0,1620.71,0.9413943126533779,1.0,1213.0404579199958,1000.0,1212.6164579199958,1000.0,0.05379243501233956,0.0
6313,1695258060000.0,0.0,0.0,0.04,1631.31,0.0,0.0,1619.88,0.9413943126533779,1.0,1213.0404579199958,1000.0,1212.5832579199957,1000.0,0.05379243501233956,0.0
6314,1695261660000.0,0.0,0.0,0.04,1631.31,0.0,0.0,1616.78,0.9413943126533779,1.0,1213.0404579199958,1000.0,1212.4592579199957,1000.0,0.05379243501233956,0.0
6315,1695265260000.0,0.0,0.0,0.04,1631.31,0.0,0.0,1617.83,0.9413943126533779,1.0,1213.0404579199958,1000.0,1212.5012579199959,1000.0,0.05379243501233956,0.0
6316,1695268860000.0,0.0,0.0,0.04,1631.31,0.0,0.0,1621.88,0.9413943126533779,1.0,1213.0404579199958,1000.0,1212.6632579199959,1000.0,0.05379243501233956,0.0
6317,1695272460000.0,0.0,0.0,0.04,1631.31,0.0,0.0,1622.55,0.9413943126533779,1.0,1213.0404579199958,1000.0,1212.6900579199958,1000.0,0.05379243501233956,0.0
6318,1695276060000.0,0.0,0.0,0.04,1631.31,0.0,0.0,1622.0,0.9413943126533779,1.0,1213.0404579199958,1000.0,1212.6680579199958,1000.0,0.05379243501233956,0.0
6319,1695279660000.0,0.0,0.0,0.04,1631.31,0.0,0.0,1620.09,0.9413943126533779,1.0,1213.0404579199958,1000.0,1212.591657919996,1000.0,0.05379243501233956,0.0
6320,1695283260000.0,0.0,0.0,0.04,1631.31,0.0,0.0,1616.94,0.9413943126533779,1.0,1213.0404579199958,1000.0,1212.4656579199957,1000.0,0.05379243501233956,0.0
6321,1695286860000.0,0.0,0.0,0.04,1631.31,0.0,0.0,1616.79,0.9413943126533779,1.0,1213.0404579199958,1000.0,1212.4596579199958,1000.0,0.05379243501233956,0.0
6322,1695290460000.0,0.0,0.0,0.04,1631.31,0.0,0.0,1608.97,0.9413943126533779,1.0,1213.0404579199958,1000.0,1212.1468579199957,1000.0,0.05379243501233956,0.0
6323,1695294060000.0,0.0,0.0,0.11,1608.6427272727274,0.0,0.0,1594.5,0.9413943126533779,1.0,1213.0181182599958,1000.0,1211.4624182599957,1000.0,0.14587638662300076,0.0
6324,1695297660000.0,0.0,0.0,0.11,1608.6427272727274,0.0,0.0,1594.72,0.9413943126533779,1.0,1213.0181182599958,1000.0,1211.4866182599958,1000.0,0.14587638662300076,0.0
6325,1695301260000.0,0.0,0.0,0.11,1608.6427272727274,0.0,0.0,1590.03,0.9413943126533779,1.0,1213.0181182599958,1000.0,1210.970718259996,1000.0,0.14587638662300076,0.0
6326,1695304860000.0,0.0,0.0,0.3,1584.5933333333337,0.0,0.0,1574.69,0.9413943126533779,1.0,1212.9584327999958,1000.0,1209.9874327999958,1000.0,0.39191615074775193,0.0
6327,1695308460000.0,0.0,0.0,0.3,1584.5933333333337,0.0,0.0,1581.16,0.9413943126533779,1.0,1212.9584327999958,1000.0,1211.9284327999958,1000.0,0.39191615074775193,0.0
6328,1695312060000.0,0.0,0.0,0.3,1584.5933333333337,0.0,0.0,1583.19,0.9413943126533779,1.0,1212.9584327999958,1000.0,1212.5374327999957,1000.0,0.39191615074775193,0.0
6329,1695315660000.0,0.0,0.0,0.3,1584.5933333333337,0.0,0.0,1586.11,0.9413943126533779,1.0,1212.9584327999958,1000.0,1213.4134327999957,1000.0,0.39191615074775193,0.0
6330,1695319260000.0,0.0,0.0,0.3,1584.5933333333337,0.0,0.0,1587.62,0.9413943126533779,1.0,1212.9584327999958,1000.0,1213.8664327999957,1000.0,0.39191615074775193,0.0
6331,1695322860000.0,0.0,0.0,0.3,1584.5933333333337,0.0,0.0,1591.44,0.9413943126533779,1.0,1212.9584327999958,1000.0,1215.0124327999956,1000.0,0.39191615074775193,0.0
6332,1695326460000.0,0.0,0.0,0.3,1584.5933333333337,0.0,0.0,1588.74,0.9413943126533779,1.0,1212.9584327999958,1000.0,1214.2024327999957,1000.0,0.39191615074775193,0.0
6333,1695330060000.0,0.0,0.0,0.3,1584.5933333333337,0.0,0.0,1586.55,0.9413943126533779,1.0,1212.9584327999958,1000.0,1213.5454327999955,1000.0,0.39191615074775193,0.0
6334,1695333660000.0,0.0,0.0,0.3,1584.5933333333337,0.0,0.0,1586.54,0.9413943126533779,1.0,1212.9584327999958,1000.0,1213.5424327999956,1000.0,0.39191615074775193,0.0
6335,1695337260000.0,0.0,0.0,0.3,1584.5933333333337,0.0,0.0,1586.09,0.9413943126533779,1.0,1212.9584327999958,1000.0,1213.4074327999956,1000.0,0.39191615074775193,0.0
6336,1695340860000.0,0.0,0.0,0.3,1584.5933333333337,0.0,0.0,1584.25,0.9413943126533779,1.0,1212.9584327999958,1000.0,1212.8554327999957,1000.0,0.39191615074775193,0.0
6337,1695344460000.0,0.0,0.0,0.3,1584.5933333333337,0.0,0.0,1589.44,0.9413943126533779,1.0,1212.9584327999958,1000.0,1214.4124327999957,1000.0,0.39191615074775193,0.0
6338,1695348060000.0,0.0,0.0,0.3,1584.5933333333337,0.0,0.0,1591.4,0.9413943126533779,1.0,1212.9584327999958,1000.0,1215.0004327999957,1000.0,0.39191615074775193,0.0
6339,1695351660000.0,0.0,0.0,0.3,1584.5933333333337,0.0,0.0,1587.77,0.9413943126533779,1.0,1212.9584327999958,1000.0,1213.9114327999957,1000.0,0.39191615074775193,0.0
6340,1695355260000.0,0.0,0.0,0.25,1584.5933333333337,0.0,0.0,1593.51,0.9413943126533779,1.0,1213.5198047333292,1000.0,1215.7489713999958,1000.0,0.3264457092403094,0.0
6341,1695358860000.0,0.0,0.0,0.25,1584.5933333333337,0.0,0.0,1592.91,0.9413943126533779,1.0,1213.5198047333292,1000.0,1215.598971399996,1000.0,0.3264457092403094,0.0
6342,1695362460000.0,0.0,0.0,0.25,1584.5933333333337,0.0,0.0,1593.88,0.9413943126533779,1.0,1213.5198047333292,1000.0,1215.841471399996,1000.0,0.3264457092403094,0.0
6343,1695366060000.0,0.0,0.0,0.25,1584.5933333333337,0.0,0.0,1591.3,0.9413943126533779,1.0,1213.5198047333292,1000.0,1215.1964713999957,1000.0,0.3264457092403094,0.0
6344,1695369660000.0,0.0,0.0,0.21,1584.5933333333337,0.0,0.0,1594.94,0.9413943126533779,1.0,1213.968902279996,1000.0,1216.1417022799958,1000.0,0.2741129524611575,0.0
6345,1695373260000.0,0.0,0.0,0.1,1584.5933333333337,0.0,0.0,1595.46,0.9413943126533779,1.0,1215.2039205333292,1000.0,1216.2905871999958,1000.0,0.1303973190473157,0.0
6346,1695376860000.0,0.0,0.0,0.1,1584.5933333333337,0.0,0.0,1594.68,0.9413943126533779,1.0,1215.2039205333292,1000.0,1216.2125871999958,1000.0,0.1303973190473157,0.0
6347,1695380460000.0,0.0,0.0,0.1,1584.5933333333337,0.0,0.0,1593.6,0.9413943126533779,1.0,1215.2039205333292,1000.0,1216.1045871999959,1000.0,0.1303973190473157,0.0
6348,1695384060000.0,0.0,0.0,0.06,1584.5933333333337,0.0,0.0,1596.61,0.9413943126533779,1.0,1215.6530180799962,1000.0,1216.3740180799962,1000.0,0.0782094878933156,0.0
6349,1695387660000.0,0.0,0.0,0.05,1584.5933333333337,0.0,0.0,1595.0,0.9413943126533779,1.0,1215.765292466663,1000.0,1216.2856257999963,1000.0,0.06516855445504438,0.0
6350,1695391260000.0,0.0,0.0,0.0,1584.5933333333337,0.0,0.0,1594.73,0.9413943126533779,1.0,1216.3266643999966,1000.0,1216.3266643999966,1000.0,0.0,0.0
6351,1695394860000.0,0.0,0.0,0.0,1584.5933333333337,0.0,0.0,1596.69,0.9413943126533779,1.0,1216.3266643999966,1000.0,1216.3266643999966,1000.0,0.0,0.0
6352,1695398460000.0,0.0,0.0,0.0,1584.5933333333337,0.0,0.0,1593.33,0.9413943126533779,1.0,1216.3266643999966,1000.0,1216.3266643999966,1000.0,0.0,0.0
6353,1695402060000.0,0.0,0.0,0.0,1584.5933333333337,0.0,0.0,1589.0,0.9413943126533779,1.0,1216.3266643999966,1000.0,1216.3266643999966,1000.0,0.0,0.0
6354,1695405660000.0,0.0,0.0,0.0,1584.5933333333337,0.0,0.0,1592.2,0.9413943126533779,1.0,1216.3266643999966,1000.0,1216.3266643999966,1000.0,0.0,0.0
6355,1695409260000.0,0.0,0.0,0.0,1584.5933333333337,0.0,0.0,1596.31,0.9413943126533779,1.0,1216.3266643999966,1000.0,1216.3266643999966,1000.0,0.0,0.0
6356,1695412860000.0,0.0,0.0,0.0,1584.5933333333337,0.0,0.0,1592.2,0.9413943126533779,1.0,1216.3266643999966,1000.0,1216.3266643999966,1000.0,0.0,0.0
6357,1695416460000.0,0.0,0.0,0.0,1584.5933333333337,0.0,0.0,1590.53,0.9413943126533779,1.0,1216.3266643999966,1000.0,1216.3266643999966,1000.0,0.0,0.0
6358,1695420060000.0,0.0,0.0,0.0,1584.5933333333337,0.0,0.0,1593.66,0.9413943126533779,1.0,1216.3266643999966,1000.0,1216.3266643999966,1000.0,0.0,0.0
6359,1695423660000.0,0.0,0.0,0.0,1584.5933333333337,0.0,0.0,1593.44,0.9413943126533779,1.0,1216.3266643999966,1000.0,1216.3266643999966,1000.0,0.0,0.0
6360,1695427260000.0,0.0,0.0,0.0,1584.5933333333337,0.0,0.0,1592.36,0.9413943126533779,1.0,1216.3266643999966,1000.0,1216.3266643999966,1000.0,0.0,0.0
6361,1695430860000.0,0.0,0.0,0.0,1584.5933333333337,0.0,0.0,1594.89,0.9413943126533779,1.0,1216.3266643999966,1000.0,1216.3266643999966,1000.0,0.0,0.0
6362,1695434460000.0,0.0,0.0,0.0,1584.5933333333337,0.0,0.0,1594.66,0.9413943126533779,1.0,1216.3266643999966,1000.0,1216.3266643999966,1000.0,0.0,0.0
6363,1695438060000.0,0.0,0.0,0.0,1584.5933333333337,0.0,0.0,1591.37,0.9413943126533779,1.0,1216.3266643999966,1000.0,1216.3266643999966,1000.0,0.0,0.0
6364,1695441660000.0,0.0,0.0,0.0,1584.5933333333337,0.0,0.0,1589.65,0.9413943126533779,1.0,1216.3266643999966,1000.0,1216.3266643999966,1000.0,0.0,0.0
6365,1695445260000.0,0.0,0.0,0.0,1584.5933333333337,0.0,0.0,1591.52,0.9413943126533779,1.0,1216.3266643999966,1000.0,1216.3266643999966,1000.0,0.0,0.0
6366,1695448860000.0,0.0,0.0,0.0,1584.5933333333337,0.0,0.0,1593.11,0.9413943126533779,1.0,1216.3266643999966,1000.0,1216.3266643999966,1000.0,0.0,0.0
6367,1695452460000.0,0.0,0.0,0.0,1584.5933333333337,0.0,0.0,1593.45,0.9413943126533779,1.0,1216.3266643999966,1000.0,1216.3266643999966,1000.0,0.0,0.0
6368,1695456060000.0,0.0,0.0,0.0,1584.5933333333337,0.0,0.0,1593.86,0.9413943126533779,1.0,1216.3266643999966,1000.0,1216.3266643999966,1000.0,0.0,0.0
6369,1695459660000.0,0.0,0.0,0.0,1584.5933333333337,0.0,0.0,1592.55,0.9413943126533779,1.0,1216.3266643999966,1000.0,1216.3266643999966,1000.0,0.0,0.0
6370,1695463260000.0,0.0,0.0,0.0,1584.5933333333337,0.0,0.0,1592.21,0.9413943126533779,1.0,1216.3266643999966,1000.0,1216.3266643999966,1000.0,0.0,0.0
6371,1695466860000.0,0.0,0.0,0.0,1584.5933333333337,0.0,0.0,1591.22,0.9413943126533779,1.0,1216.3266643999966,1000.0,1216.3266643999966,1000.0,0.0,0.0
6372,1695470460000.0,0.0,0.0,0.0,1584.5933333333337,0.0,0.0,1592.86,0.9413943126533779,1.0,1216.3266643999966,1000.0,1216.3266643999966,1000.0,0.0,0.0
6373,1695474060000.0,0.0,0.0,0.0,1584.5933333333337,0.0,0.0,1592.18,0.9413943126533779,1.0,1216.3266643999966,1000.0,1216.3266643999966,1000.0,0.0,0.0
6374,1695477660000.0,0.0,0.0,0.0,1584.5933333333337,0.0,0.0,1590.61,0.9413943126533779,1.0,1216.3266643999966,1000.0,1216.3266643999966,1000.0,0.0,0.0
6375,1695481260000.0,0.0,0.0,0.0,1584.5933333333337,0.0,0.0,1590.6,0.9413943126533779,1.0,1216.3266643999966,1000.0,1216.3266643999966,1000.0,0.0,0.0
6376,1695484860000.0,0.0,0.0,0.0,1584.5933333333337,0.0,0.0,1589.55,0.9413943126533779,1.0,1216.3266643999966,1000.0,1216.3266643999966,1000.0,0.0,0.0
6377,1695488460000.0,0.0,0.0,0.0,1584.5933333333337,0.0,0.0,1593.66,0.9413943126533779,1.0,1216.3266643999966,1000.0,1216.3266643999966,1000.0,0.0,0.0
6378,1695492060000.0,0.0,0.0,0.0,1584.5933333333337,0.0,0.0,1590.24,0.9413943126533779,1.0,1216.3266643999966,1000.0,1216.3266643999966,1000.0,0.0,0.0
6379,1695495660000.0,0.0,0.0,0.0,1584.5933333333337,0.0,0.0,1592.24,0.9413943126533779,1.0,1216.3266643999966,1000.0,1216.3266643999966,1000.0,0.0,0.0
6380,1695499260000.0,0.0,0.0,0.0,1584.5933333333337,0.0,0.0,1594.19,0.9413943126533779,1.0,1216.3266643999966,1000.0,1216.3266643999966,1000.0,0.0,0.0
6381,1695502860000.0,0.0,0.0,0.0,1584.5933333333337,0.0,0.0,1592.6,0.9413943126533779,1.0,1216.3266643999966,1000.0,1216.3266643999966,1000.0,0.0,0.0
6382,1695506460000.0,0.0,0.0,0.0,1584.5933333333337,0.0,0.0,1592.36,0.9413943126533779,1.0,1216.3266643999966,1000.0,1216.3266643999966,1000.0,0.0,0.0
6383,1695510060000.0,0.0,0.0,0.0,1584.5933333333337,0.0,0.0,1589.53,0.9413943126533779,1.0,1216.3266643999966,1000.0,1216.3266643999966,1000.0,0.0,0.0
6384,1695513660000.0,0.0,0.0,0.0,1584.5933333333337,0.0,0.0,1592.97,0.9413943126533779,1.0,1216.3266643999966,1000.0,1216.3266643999966,1000.0,0.0,0.0
6385,1695517260000.0,0.0,0.0,0.0,1584.5933333333337,0.0,0.0,1590.87,0.9413943126533779,1.0,1216.3266643999966,1000.0,1216.3266643999966,1000.0,0.0,0.0
6386,1695520860000.0,0.0,0.0,0.0,1584.5933333333337,0.0,0.0,1593.17,0.9413943126533779,1.0,1216.3266643999966,1000.0,1216.3266643999966,1000.0,0.0,0.0
6387,1695524460000.0,0.0,0.0,0.0,1584.5933333333337,0.0,0.0,1593.07,0.9413943126533779,1.0,1216.3266643999966,1000.0,1216.3266643999966,1000.0,0.0,0.0
6388,1695528060000.0,0.0,0.0,0.0,1584.5933333333337,0.0,0.0,1591.39,0.9413943126533779,1.0,1216.3266643999966,1000.0,1216.3266643999966,1000.0,0.0,0.0
6389,1695531660000.0,0.0,0.0,0.0,1584.5933333333337,0.0,0.0,1591.58,0.9413943126533779,1.0,1216.3266643999966,1000.0,1216.3266643999966,1000.0,0.0,0.0
6390,1695535260000.0,0.0,0.0,0.0,1584.5933333333337,0.0,0.0,1591.0,0.9413943126533779,1.0,1216.3266643999966,1000.0,1216.3266643999966,1000.0,0.0,0.0
6391,1695538860000.0,0.0,0.0,0.0,1584.5933333333337,0.0,0.0,1591.5,0.9413943126533779,1.0,1216.3266643999966,1000.0,1216.3266643999966,1000.0,0.0,0.0
6392,1695542460000.0,0.0,0.0,0.0,1584.5933333333337,0.0,0.0,1591.07,0.9413943126533779,1.0,1216.3266643999966,1000.0,1216.3266643999966,1000.0,0.0,0.0
6393,1695546060000.0,0.0,0.0,0.0,1584.5933333333337,0.0,0.0,1593.79,0.9413943126533779,1.0,1216.3266643999966,1000.0,1216.3266643999966,1000.0,0.0,0.0
6394,1695549660000.0,0.0,0.0,0.0,1584.5933333333337,0.0,0.0,1593.35,0.9413943126533779,1.0,1216.3266643999966,1000.0,1216.3266643999966,1000.0,0.0,0.0
6395,1695553260000.0,0.0,0.0,0.0,1584.5933333333337,0.0,0.0,1591.79,0.9413943126533779,1.0,1216.3266643999966,1000.0,1216.3266643999966,1000.0,0.0,0.0
6396,1695556860000.0,0.0,0.0,0.0,1584.5933333333337,0.0,0.0,1593.41,0.9413943126533779,1.0,1216.3266643999966,1000.0,1216.3266643999966,1000.0,0.0,0.0
6397,1695560460000.0,0.0,0.0,0.0,1584.5933333333337,0.0,0.0,1594.72,0.9413943126533779,1.0,1216.3266643999966,1000.0,1216.3266643999966,1000.0,0.0,0.0
6398,1695564060000.0,0.0,0.0,0.0,1584.5933333333337,0.0,0.0,1594.14,0.9413943126533779,1.0,1216.3266643999966,1000.0,1216.3266643999966,1000.0,0.0,0.0
6399,1695567660000.0,0.0,0.0,0.0,1584.5933333333337,0.0,0.0,1594.96,0.9413943126533779,1.0,1216.3266643999966,1000.0,1216.3266643999966,1000.0,0.0,0.0
6400,1695571260000.0,0.0,0.0,0.0,1584.5933333333337,0.0,0.0,1589.46,0.9413943126533779,1.0,1216.3266643999966,1000.0,1216.3266643999966,1000.0,0.0,0.0
6401,1695574860000.0,0.0,0.0,0.0,1584.5933333333337,0.0,0.0,1589.45,0.9413943126533779,1.0,1216.3266643999966,1000.0,1216.3266643999966,1000.0,0.0,0.0
6402,1695578460000.0,0.0,0.0,0.0,1584.5933333333337,0.0,0.0,1597.55,0.9413943126533779,1.0,1216.3266643999966,1000.0,1216.3266643999966,1000.0,0.0,0.0
6403,1695582060000.0,0.0,0.0,0.04,1583.24,0.0,0.0,1588.65,0.9413943126533779,1.0,1216.3139984799966,1000.0,1216.5303984799966,1000.0,0.05206681833732222,0.0
6404,1695585660000.0,0.0,0.0,0.04,1583.24,0.0,0.0,1585.5,0.9413943126533779,1.0,1216.3139984799966,1000.0,1216.4043984799966,1000.0,0.05206681833732222,0.0
6405,1695589260000.0,0.0,0.0,0.04,1583.24,0.0,0.0,1589.91,0.9413943126533779,1.0,1216.3139984799966,1000.0,1216.5807984799967,1000.0,0.05206681833732222,0.0
6406,1695592860000.0,0.0,0.0,0.04,1583.24,0.0,0.0,1587.83,0.9413943126533779,1.0,1216.3139984799966,1000.0,1216.4975984799967,1000.0,0.05206681833732222,0.0
6407,1695596460000.0,0.0,0.0,0.04,1583.24,0.0,0.0,1587.71,0.9413943126533779,1.0,1216.3139984799966,1000.0,1216.4927984799965,1000.0,0.05206681833732222,0.0
6408,1695600060000.0,0.0,0.0,0.04,1583.24,0.0,0.0,1579.35,0.9413943126533779,1.0,1216.3139984799966,1000.0,1216.1583984799965,1000.0,0.05206681833732222,0.0
6409,1695603660000.0,0.0,0.0,0.04,1583.24,0.0,0.0,1580.1,0.9413943126533779,1.0,1216.3139984799966,1000.0,1216.1883984799965,1000.0,0.05206681833732222,0.0
6410,1695607260000.0,0.0,0.0,0.04,1583.24,0.0,0.0,1575.56,0.9413943126533779,1.0,1216.3139984799966,1000.0,1216.0067984799966,1000.0,0.05206681833732222,0.0
6411,1695610860000.0,0.0,0.0,0.04,1583.24,0.0,0.0,1579.6,0.9413943126533779,1.0,1216.3139984799966,1000.0,1216.1683984799965,1000.0,0.05206681833732222,0.0
6412,1695614460000.0,0.0,0.0,0.04,1583.24,0.0,0.0,1575.54,0.9413943126533779,1.0,1216.3139984799966,1000.0,1216.0059984799966,1000.0,0.05206681833732222,0.0
6413,1695618060000.0,0.0,0.0,0.04,1583.24,0.0,0.0,1577.62,0.9413943126533779,1.0,1216.3139984799966,1000.0,1216.0891984799966,1000.0,0.05206681833732222,0.0
6414,1695621660000.0,0.0,0.0,0.04,1583.24,0.0,0.0,1575.56,0.9413943126533779,1.0,1216.3139984799966,1000.0,1216.0067984799966,1000.0,0.05206681833732222,0.0
6415,1695625260000.0,0.0,0.0,0.04,1583.24,0.0,0.0,1576.97,0.9413943126533779,1.0,1216.3139984799966,1000.0,1216.0631984799966,1000.0,0.05206681833732222,0.0
6416,1695628860000.0,0.0,0.0,0.04,1583.24,0.0,0.0,1581.64,0.9413943126533779,1.0,1216.3139984799966,1000.0,1216.2499984799965,1000.0,0.05206681833732222,0.0
6417,1695632460000.0,0.0,0.0,0.04,1583.24,0.0,0.0,1577.15,0.9413943126533779,1.0,1216.3139984799966,1000.0,1216.0703984799966,1000.0,0.05206681833732222,0.0
6418,1695636060000.0,0.0,0.0,0.04,1583.24,0.0,0.0,1573.12,0.9413943126533779,1.0,1216.3139984799966,1000.0,1215.9091984799966,1000.0,0.05206681833732222,0.0
6419,1695639660000.0,0.0,0.0,0.04,1583.24,0.0,0.0,1573.37,0.9413943126533779,1.0,1216.3139984799966,1000.0,1215.9191984799966,1000.0,0.05206681833732222,0.0
6420,1695643260000.0,0.0,0.0,0.04,1583.24,0.0,0.0,1568.77,0.9413943126533779,1.0,1216.3139984799966,1000.0,1215.7351984799966,1000.0,0.05206681833732222,0.0
6421,1695646860000.0,0.0,0.0,0.04,1583.24,0.0,0.0,1569.73,0.9413943126533779,1.0,1216.3139984799966,1000.0,1215.7735984799965,1000.0,0.05206681833732222,0.0
6422,1695650460000.0,0.0,0.0,0.04,1583.24,0.0,0.0,1575.77,0.9413943126533779,1.0,1216.3139984799966,1000.0,1216.0151984799966,1000.0,0.05206681833732222,0.0
6423,1695654060000.0,0.0,0.0,0.04,1583.24,0.0,0.0,1575.49,0.9413943126533779,1.0,1216.3139984799966,1000.0,1216.0039984799967,1000.0,0.05206681833732222,0.0
6424,1695657660000.0,0.0,0.0,0.04,1583.24,0.0,0.0,1588.75,0.9413943126533779,1.0,1216.3139984799966,1000.0,1216.5343984799965,1000.0,0.05206681833732222,0.0
6425,1695661260000.0,0.0,0.0,0.02,1583.24,0.0,0.0,1591.0,0.9413943126533779,1.0,1216.5384193599964,1000.0,1216.6936193599963,1000.0,0.02602860665646581,0.0
6426,1695664860000.0,0.0,0.0,0.02,1583.24,0.0,0.0,1592.47,0.9413943126533779,1.0,1216.5384193599964,1000.0,1216.7230193599964,1000.0,0.02602860665646581,0.0
6427,1695668460000.0,0.0,0.0,0.02,1583.24,0.0,0.0,1590.01,0.9413943126533779,1.0,1216.5384193599964,1000.0,1216.6738193599963,1000.0,0.02602860665646581,0.0
6428,1695672060000.0,0.0,0.0,0.02,1583.24,0.0,0.0,1592.14,0.9413943126533779,1.0,1216.5384193599964,1000.0,1216.7164193599965,1000.0,0.02602860665646581,0.0
6429,1695675660000.0,0.0,0.0,0.0,1583.24,0.0,0.0,1586.36,0.9413943126533779,1.0,1216.7628402399962,1000.0,1216.7628402399962,1000.0,0.0,0.0
6430,1695679260000.0,0.0,0.0,0.0,1583.24,0.0,0.0,1586.65,0.9413943126533779,1.0,1216.7628402399962,1000.0,1216.7628402399962,1000.0,0.0,0.0
6431,1695682860000.0,0.0,0.0,0.0,1583.24,0.0,0.0,1586.98,0.9413943126533779,1.0,1216.7628402399962,1000.0,1216.7628402399962,1000.0,0.0,0.0
6432,1695686460000.0,0.0,0.0,0.0,1583.24,0.0,0.0,1587.56,0.9413943126533779,1.0,1216.7628402399962,1000.0,1216.7628402399962,1000.0,0.0,0.0
6433,1695690060000.0,0.0,0.0,0.0,1583.24,0.0,0.0,1586.0,0.9413943126533779,1.0,1216.7628402399962,1000.0,1216.7628402399962,1000.0,0.0,0.0
6434,1695693660000.0,0.0,0.0,0.0,1583.24,0.0,0.0,1589.9,0.9413943126533779,1.0,1216.7628402399962,1000.0,1216.7628402399962,1000.0,0.0,0.0
6435,1695697260000.0,0.0,0.0,0.0,1583.24,0.0,0.0,1592.35,0.9413943126533779,1.0,1216.7628402399962,1000.0,1216.7628402399962,1000.0,0.0,0.0
6436,1695700860000.0,0.0,0.0,0.0,1583.24,0.0,0.0,1590.89,0.9413943126533779,1.0,1216.7628402399962,1000.0,1216.7628402399962,1000.0,0.0,0.0
6437,1695704460000.0,0.0,0.0,0.0,1583.24,0.0,0.0,1590.91,0.9413943126533779,1.0,1216.7628402399962,1000.0,1216.7628402399962,1000.0,0.0,0.0
6438,1695708060000.0,0.0,0.0,0.0,1583.24,0.0,0.0,1591.06,0.9413943126533779,1.0,1216.7628402399962,1000.0,1216.7628402399962,1000.0,0.0,0.0
6439,1695711660000.0,0.0,0.0,0.0,1583.24,0.0,0.0,1587.74,0.9413943126533779,1.0,1216.7628402399962,1000.0,1216.7628402399962,1000.0,0.0,0.0
6440,1695715260000.0,0.0,0.0,0.0,1583.24,0.0,0.0,1587.98,0.9413943126533779,1.0,1216.7628402399962,1000.0,1216.7628402399962,1000.0,0.0,0.0
6441,1695718860000.0,0.0,0.0,0.0,1583.24,0.0,0.0,1588.11,0.9413943126533779,1.0,1216.7628402399962,1000.0,1216.7628402399962,1000.0,0.0,0.0
6442,1695722460000.0,0.0,0.0,0.0,1583.24,0.0,0.0,1591.98,0.9413943126533779,1.0,1216.7628402399962,1000.0,1216.7628402399962,1000.0,0.0,0.0
6443,1695726060000.0,0.0,0.0,0.0,1583.24,0.0,0.0,1586.71,0.9413943126533779,1.0,1216.7628402399962,1000.0,1216.7628402399962,1000.0,0.0,0.0
6444,1695729660000.0,0.0,0.0,0.0,1583.24,0.0,0.0,1590.19,0.9413943126533779,1.0,1216.7628402399962,1000.0,1216.7628402399962,1000.0,0.0,0.0
6445,1695733260000.0,0.0,0.0,0.0,1583.24,0.0,0.0,1586.56,0.9413943126533779,1.0,1216.7628402399962,1000.0,1216.7628402399962,1000.0,0.0,0.0
6446,1695736860000.0,0.0,0.0,0.0,1583.24,0.0,0.0,1583.55,0.9413943126533779,1.0,1216.7628402399962,1000.0,1216.7628402399962,1000.0,0.0,0.0
6447,1695740460000.0,0.0,0.0,0.0,1583.24,0.0,0.0,1585.14,0.9413943126533779,1.0,1216.7628402399962,1000.0,1216.7628402399962,1000.0,0.0,0.0
6448,1695744060000.0,0.0,0.0,0.0,1583.24,0.0,0.0,1581.48,0.9413943126533779,1.0,1216.7628402399962,1000.0,1216.7628402399962,1000.0,0.0,0.0
6449,1695747660000.0,0.0,0.0,0.0,1583.24,0.0,0.0,1588.8,0.9413943126533779,1.0,1216.7628402399962,1000.0,1216.7628402399962,1000.0,0.0,0.0
6450,1695751260000.0,0.0,0.0,0.0,1583.24,0.0,0.0,1585.57,0.9413943126533779,1.0,1216.7628402399962,1000.0,1216.7628402399962,1000.0,0.0,0.0
6451,1695754860000.0,0.0,0.0,0.0,1583.24,0.0,0.0,1583.65,0.9413943126533779,1.0,1216.7628402399962,1000.0,1216.7628402399962,1000.0,0.0,0.0
6452,1695758460000.0,0.0,0.0,0.0,1583.24,0.0,0.0,1589.59,0.9413943126533779,1.0,1216.7628402399962,1000.0,1216.7628402399962,1000.0,0.0,0.0
6453,1695762060000.0,0.0,0.0,0.0,1583.24,0.0,0.0,1586.84,0.9413943126533779,1.0,1216.7628402399962,1000.0,1216.7628402399962,1000.0,0.0,0.0
6454,1695765660000.0,0.0,0.0,0.0,1583.24,0.0,0.0,1588.25,0.9413943126533779,1.0,1216.7628402399962,1000.0,1216.7628402399962,1000.0,0.0,0.0
6455,1695769260000.0,0.0,0.0,0.0,1583.24,0.0,0.0,1586.77,0.9413943126533779,1.0,1216.7628402399962,1000.0,1216.7628402399962,1000.0,0.0,0.0
6456,1695772860000.0,0.0,0.0,0.0,1583.24,0.0,0.0,1592.99,0.9413943126533779,1.0,1216.7628402399962,1000.0,1216.7628402399962,1000.0,0.0,0.0
6457,1695776460000.0,0.0,0.0,0.0,1583.24,0.0,0.0,1593.98,0.9413943126533779,1.0,1216.7628402399962,1000.0,1216.7628402399962,1000.0,0.0,0.0
6458,1695780060000.0,0.0,0.0,0.0,1583.24,0.0,0.0,1591.8,0.9413943126533779,1.0,1216.7628402399962,1000.0,1216.7628402399962,1000.0,0.0,0.0
6459,1695783660000.0,0.0,0.0,0.0,1583.24,0.0,0.0,1589.7,0.9413943126533779,1.0,1216.7628402399962,1000.0,1216.7628402399962,1000.0,0.0,0.0
6460,1695787260000.0,0.0,0.0,0.0,1583.24,0.0,0.0,1595.43,0.9413943126533779,1.0,1216.7628402399962,1000.0,1216.7628402399962,1000.0,0.0,0.0
6461,1695790860000.0,0.0,0.0,0.0,1583.24,0.0,0.0,1591.72,0.9413943126533779,1.0,1216.7628402399962,1000.0,1216.7628402399962,1000.0,0.0,0.0
6462,1695794460000.0,0.0,0.0,0.0,1583.24,0.0,0.0,1592.22,0.9413943126533779,1.0,1216.7628402399962,1000.0,1216.7628402399962,1000.0,0.0,0.0
6463,1695798060000.0,0.0,0.0,0.0,1583.24,0.0,0.0,1593.52,0.9413943126533779,1.0,1216.7628402399962,1000.0,1216.7628402399962,1000.0,0.0,0.0
6464,1695801660000.0,0.0,0.0,0.0,1583.24,0.0,0.0,1590.81,0.9413943126533779,1.0,1216.7628402399962,1000.0,1216.7628402399962,1000.0,0.0,0.0
6465,1695805260000.0,0.0,0.0,0.0,1583.24,0.0,0.0,1592.01,0.9413943126533779,1.0,1216.7628402399962,1000.0,1216.7628402399962,1000.0,0.0,0.0
6466,1695808860000.0,0.0,0.0,0.0,1583.24,0.0,0.0,1611.05,0.9413943126533779,1.0,1216.7628402399962,1000.0,1216.7628402399962,1000.0,0.0,0.0
6467,1695812460000.0,0.0,0.0,0.0,1583.24,0.0,0.0,1616.29,0.9413943126533779,1.0,1216.7628402399962,1000.0,1216.7628402399962,1000.0,0.0,0.0
6468,1695816060000.0,0.0,0.0,0.0,1583.24,0.0,0.0,1628.99,0.9413943126533779,1.0,1216.7628402399962,1000.0,1216.7628402399962,1000.0,0.0,0.0
6469,1695819660000.0,0.0,0.0,0.0,1583.24,0.0,0.0,1623.9,0.9413943126533779,1.0,1216.7628402399962,1000.0,1216.7628402399962,1000.0,0.0,0.0
6470,1695823260000.0,0.0,0.0,0.0,1583.24,0.0,0.0,1619.25,0.9413943126533779,1.0,1216.7628402399962,1000.0,1216.7628402399962,1000.0,0.0,0.0
6471,1695826860000.0,0.0,0.0,0.04,1591.45,0.0,0.0,1593.03,0.9413943126533779,1.0,1216.7501086399961,1000.0,1216.8133086399962,1000.0,0.05231805573549754,0.0
6472,1695830460000.0,0.0,0.0,0.04,1591.45,0.0,0.0,1598.87,0.9413943126533779,1.0,1216.7501086399961,1000.0,1217.0469086399962,1000.0,0.05231805573549754,0.0
6473,1695834060000.0,0.0,0.0,0.04,1591.45,0.0,0.0,1597.21,0.9413943126533779,1.0,1216.7501086399961,1000.0,1216.980508639996,1000.0,0.05231805573549754,0.0
6474,1695837660000.0,0.0,0.0,0.04,1591.45,0.0,0.0,1593.82,0.9413943126533779,1.0,1216.7501086399961,1000.0,1216.8449086399962,1000.0,0.05231805573549754,0.0
6475,1695841260000.0,0.0,0.0,0.04,1591.45,0.0,0.0,1593.32,0.9413943126533779,1.0,1216.7501086399961,1000.0,1216.8249086399962,1000.0,0.05231805573549754,0.0
6476,1695844860000.0,0.0,0.0,0.04,1591.45,0.0,0.0,1596.96,0.9413943126533779,1.0,1216.7501086399961,1000.0,1216.970508639996,1000.0,0.05231805573549754,0.0
6477,1695848460000.0,0.0,0.0,0.04,1591.45,0.0,0.0,1593.78,0.9413943126533779,1.0,1216.7501086399961,1000.0,1216.8433086399962,1000.0,0.05231805573549754,0.0
6478,1695852060000.0,0.0,0.0,0.04,1591.45,0.0,0.0,1594.86,0.9413943126533779,1.0,1216.7501086399961,1000.0,1216.8865086399962,1000.0,0.05231805573549754,0.0
6479,1695855660000.0,0.0,0.0,0.04,1591.45,0.0,0.0,1597.07,0.9413943126533779,1.0,1216.7501086399961,1000.0,1216.974908639996,1000.0,0.05231805573549754,0.0
6480,1695859260000.0,0.0,0.0,0.04,1591.45,0.0,0.0,1597.69,0.9413943126533779,1.0,1216.7501086399961,1000.0,1216.9997086399962,1000.0,0.05231805573549754,0.0
6481,1695862860000.0,0.0,0.0,0.0,1591.45,0.0,0.0,1602.3,0.9413943126533779,1.0,1217.2012842399963,1000.0,1217.2012842399963,1000.0,0.0,0.0
6482,1695866460000.0,0.0,0.0,0.0,1591.45,0.0,0.0,1609.05,0.9413943126533779,1.0,1217.2012842399963,1000.0,1217.2012842399963,1000.0,0.0,0.0
6483,1695870060000.0,0.0,0.0,0.0,1591.45,0.0,0.0,1606.0,0.9413943126533779,1.0,1217.2012842399963,1000.0,1217.2012842399963,1000.0,0.0,0.0
6484,1695873660000.0,0.0,0.0,0.0,1591.45,0.0,0.0,1606.1,0.9413943126533779,1.0,1217.2012842399963,1000.0,1217.2012842399963,1000.0,0.0,0.0
6485,1695877260000.0,0.0,0.0,0.0,1591.45,0.0,0.0,1609.0,0.9413943126533779,1.0,1217.2012842399963,1000.0,1217.2012842399963,1000.0,0.0,0.0
6486,1695880860000.0,0.0,0.0,0.0,1591.45,0.0,0.0,1612.52,0.9413943126533779,1.0,1217.2012842399963,1000.0,1217.2012842399963,1000.0,0.0,0.0
6487,1695884460000.0,0.0,0.0,0.0,1591.45,0.0,0.0,1617.1,0.9413943126533779,1.0,1217.2012842399963,1000.0,1217.2012842399963,1000.0,0.0,0.0
6488,1695888060000.0,0.0,0.0,0.0,1591.45,0.0,0.0,1619.89,0.9413943126533779,1.0,1217.2012842399963,1000.0,1217.2012842399963,1000.0,0.0,0.0
6489,1695891660000.0,0.0,0.0,0.0,1591.45,0.0,0.0,1616.64,0.9413943126533779,1.0,1217.2012842399963,1000.0,1217.2012842399963,1000.0,0.0,0.0
6490,1695895260000.0,0.0,0.0,0.0,1591.45,0.0,0.0,1618.99,0.9413943126533779,1.0,1217.2012842399963,1000.0,1217.2012842399963,1000.0,0.0,0.0
6491,1695898860000.0,0.0,0.0,0.0,1591.45,0.0,0.0,1632.86,0.9413943126533779,1.0,1217.2012842399963,1000.0,1217.2012842399963,1000.0,0.0,0.0
6492,1695902460000.0,0.0,0.0,0.0,1591.45,0.0,0.0,1622.88,0.9413943126533779,1.0,1217.2012842399963,1000.0,1217.2012842399963,1000.0,0.0,0.0
6493,1695906060000.0,0.0,0.0,0.0,1591.45,0.0,0.0,1621.52,0.9413943126533779,1.0,1217.2012842399963,1000.0,1217.2012842399963,1000.0,0.0,0.0
6494,1695909660000.0,0.0,0.0,0.0,1591.45,0.0,0.0,1628.27,0.9413943126533779,1.0,1217.2012842399963,1000.0,1217.2012842399963,1000.0,0.0,0.0
6495,1695913260000.0,0.0,0.0,0.0,1591.45,0.0,0.0,1639.15,0.9413943126533779,1.0,1217.2012842399963,1000.0,1217.2012842399963,1000.0,0.0,0.0
6496,1695916860000.0,0.0,0.0,0.0,1591.45,0.0,0.0,1659.54,0.9413943126533779,1.0,1217.2012842399963,1000.0,1217.2012842399963,1000.0,0.0,0.0
6497,1695920460000.0,0.0,0.0,0.0,1591.45,0.0,0.0,1656.76,0.9413943126533779,1.0,1217.2012842399963,1000.0,1217.2012842399963,1000.0,0.0,0.0
6498,1695924060000.0,0.0,0.0,0.0,1591.45,0.0,0.0,1659.75,0.9413943126533779,1.0,1217.2012842399963,1000.0,1217.2012842399963,1000.0,0.0,0.0
6499,1695927660000.0,0.0,0.0,0.0,1591.45,0.0,0.0,1651.6,0.9413943126533779,1.0,1217.2012842399963,1000.0,1217.2012842399963,1000.0,0.0,0.0
6500,1695931260000.0,0.0,0.0,0.0,1591.45,0.0,0.0,1657.15,0.9413943126533779,1.0,1217.2012842399963,1000.0,1217.2012842399963,1000.0,0.0,0.0
6501,1695934860000.0,0.0,0.0,0.0,1591.45,0.0,0.0,1656.19,0.9413943126533779,1.0,1217.2012842399963,1000.0,1217.2012842399963,1000.0,0.0,0.0
6502,1695938460000.0,0.0,0.0,0.0,1591.45,0.0,0.0,1652.0,0.9413943126533779,1.0,1217.2012842399963,1000.0,1217.2012842399963,1000.0,0.0,0.0
6503,1695942060000.0,0.0,0.0,0.0,1591.45,0.0,0.0,1649.42,0.9413943126533779,1.0,1217.2012842399963,1000.0,1217.2012842399963,1000.0,0.0,0.0
6504,1695945660000.0,0.0,0.0,0.0,1591.45,0.0,0.0,1652.88,0.9413943126533779,1.0,1217.2012842399963,1000.0,1217.2012842399963,1000.0,0.0,0.0
6505,1695949260000.0,0.0,0.0,0.0,1591.45,0.0,0.0,1653.92,0.9413943126533779,1.0,1217.2012842399963,1000.0,1217.2012842399963,1000.0,0.0,0.0
6506,1695952860000.0,0.0,0.0,0.0,1591.45,0.0,0.0,1656.18,0.9413943126533779,1.0,1217.2012842399963,1000.0,1217.2012842399963,1000.0,0.0,0.0
6507,1695956460000.0,0.0,0.0,0.0,1591.45,0.0,0.0,1650.22,0.9413943126533779,1.0,1217.2012842399963,1000.0,1217.2012842399963,1000.0,0.0,0.0
6508,1695960060000.0,0.0,0.0,0.0,1591.45,0.0,0.0,1650.23,0.9413943126533779,1.0,1217.2012842399963,1000.0,1217.2012842399963,1000.0,0.0,0.0
6509,1695963660000.0,0.0,0.0,0.0,1591.45,0.0,0.0,1652.91,0.9413943126533779,1.0,1217.2012842399963,1000.0,1217.2012842399963,1000.0,0.0,0.0
6510,1695967260000.0,0.0,0.0,0.0,1591.45,0.0,0.0,1654.82,0.9413943126533779,1.0,1217.2012842399963,1000.0,1217.2012842399963,1000.0,0.0,0.0
6511,1695970860000.0,0.0,0.0,0.0,1591.45,0.0,0.0,1657.21,0.9413943126533779,1.0,1217.2012842399963,1000.0,1217.2012842399963,1000.0,0.0,0.0
6512,1695974460000.0,0.0,0.0,0.0,1591.45,0.0,0.0,1683.08,0.9413943126533779,1.0,1217.2012842399963,1000.0,1217.2012842399963,1000.0,0.0,0.0
6513,1695978060000.0,0.0,0.0,0.0,1591.45,0.0,0.0,1671.35,0.9413943126533779,1.0,1217.2012842399963,1000.0,1217.2012842399963,1000.0,0.0,0.0
6514,1695981660000.0,0.0,0.0,0.0,1591.45,0.0,0.0,1671.6,0.9413943126533779,1.0,1217.2012842399963,1000.0,1217.2012842399963,1000.0,0.0,0.0
6515,1695985260000.0,0.0,0.0,0.0,1591.45,0.0,0.0,1671.83,0.9413943126533779,1.0,1217.2012842399963,1000.0,1217.2012842399963,1000.0,0.0,0.0
6516,1695988860000.0,0.0,0.0,0.0,1591.45,0.0,0.0,1667.69,0.9413943126533779,1.0,1217.2012842399963,1000.0,1217.2012842399963,1000.0,0.0,0.0
6517,1695992460000.0,0.0,0.0,0.0,1591.45,0.0,0.0,1671.89,0.9413943126533779,1.0,1217.2012842399963,1000.0,1217.2012842399963,1000.0,0.0,0.0
6518,1695996060000.0,0.0,0.0,0.0,1591.45,0.0,0.0,1667.93,0.9413943126533779,1.0,1217.2012842399963,1000.0,1217.2012842399963,1000.0,0.0,0.0
6519,1695999660000.0,0.0,0.0,0.0,1591.45,0.0,0.0,1670.19,0.9413943126533779,1.0,1217.2012842399963,1000.0,1217.2012842399963,1000.0,0.0,0.0
6520,1696003260000.0,0.0,0.0,0.0,1591.45,0.0,0.0,1671.38,0.9413943126533779,1.0,1217.2012842399963,1000.0,1217.2012842399963,1000.0,0.0,0.0
6521,1696006860000.0,0.0,0.0,0.0,1591.45,0.0,0.0,1666.26,0.9413943126533779,1.0,1217.2012842399963,1000.0,1217.2012842399963,1000.0,0.0,0.0
6522,1696010460000.0,0.0,0.0,0.0,1591.45,0.0,0.0,1660.53,0.9413943126533779,1.0,1217.2012842399963,1000.0,1217.2012842399963,1000.0,0.0,0.0
6523,1696014060000.0,0.0,0.0,0.0,1591.45,0.0,0.0,1666.16,0.9413943126533779,1.0,1217.2012842399963,1000.0,1217.2012842399963,1000.0,0.0,0.0
6524,1696017660000.0,0.0,0.0,0.0,1591.45,0.0,0.0,1665.11,0.9413943126533779,1.0,1217.2012842399963,1000.0,1217.2012842399963,1000.0,0.0,0.0
6525,1696021260000.0,0.0,0.0,0.0,1591.45,0.0,0.0,1667.69,0.9413943126533779,1.0,1217.2012842399963,1000.0,1217.2012842399963,1000.0,0.0,0.0
6526,1696024860000.0,0.0,0.0,0.0,1591.45,0.0,0.0,1665.66,0.9413943126533779,1.0,1217.2012842399963,1000.0,1217.2012842399963,1000.0,0.0,0.0
6527,1696028460000.0,0.0,0.0,0.0,1591.45,0.0,0.0,1665.21,0.9413943126533779,1.0,1217.2012842399963,1000.0,1217.2012842399963,1000.0,0.0,0.0
6528,1696032060000.0,0.0,0.0,0.0,1591.45,0.0,0.0,1665.97,0.9413943126533779,1.0,1217.2012842399963,1000.0,1217.2012842399963,1000.0,0.0,0.0
6529,1696035660000.0,0.0,0.0,0.0,1591.45,0.0,0.0,1669.25,0.9413943126533779,1.0,1217.2012842399963,1000.0,1217.2012842399963,1000.0,0.0,0.0
6530,1696039260000.0,0.0,0.0,0.0,1591.45,0.0,0.0,1665.25,0.9413943126533779,1.0,1217.2012842399963,1000.0,1217.2012842399963,1000.0,0.0,0.0
6531,1696042860000.0,0.0,0.0,0.0,1591.45,0.0,0.0,1670.5,0.9413943126533779,1.0,1217.2012842399963,1000.0,1217.2012842399963,1000.0,0.0,0.0
6532,1696046460000.0,0.0,0.0,0.0,1591.45,0.0,0.0,1669.5,0.9413943126533779,1.0,1217.2012842399963,1000.0,1217.2012842399963,1000.0,0.0,0.0
6533,1696050060000.0,0.0,0.0,0.0,1591.45,0.0,0.0,1669.19,0.9413943126533779,1.0,1217.2012842399963,1000.0,1217.2012842399963,1000.0,0.0,0.0
6534,1696053660000.0,0.0,0.0,0.0,1591.45,0.0,0.0,1672.3,0.9413943126533779,1.0,1217.2012842399963,1000.0,1217.2012842399963,1000.0,0.0,0.0
6535,1696057260000.0,0.0,0.0,0.0,1591.45,0.0,0.0,1671.63,0.9413943126533779,1.0,1217.2012842399963,1000.0,1217.2012842399963,1000.0,0.0,0.0
6536,1696060860000.0,0.0,0.0,0.0,1591.45,0.0,0.0,1671.57,0.9413943126533779,1.0,1217.2012842399963,1000.0,1217.2012842399963,1000.0,0.0,0.0
6537,1696064460000.0,0.0,0.0,0.0,1591.45,0.0,0.0,1673.45,0.9413943126533779,1.0,1217.2012842399963,1000.0,1217.2012842399963,1000.0,0.0,0.0
6538,1696068060000.0,0.0,0.0,0.0,1591.45,0.0,0.0,1675.23,0.9413943126533779,1.0,1217.2012842399963,1000.0,1217.2012842399963,1000.0,0.0,0.0
6539,1696071660000.0,0.0,0.0,0.0,1591.45,0.0,0.0,1675.25,0.9413943126533779,1.0,1217.2012842399963,1000.0,1217.2012842399963,1000.0,0.0,0.0
6540,1696075260000.0,0.0,0.0,0.0,1591.45,0.0,0.0,1675.49,0.9413943126533779,1.0,1217.2012842399963,1000.0,1217.2012842399963,1000.0,0.0,0.0
6541,1696078860000.0,0.0,0.0,0.0,1591.45,0.0,0.0,1673.31,0.9413943126533779,1.0,1217.2012842399963,1000.0,1217.2012842399963,1000.0,0.0,0.0
6542,1696082460000.0,0.0,0.0,0.0,1591.45,0.0,0.0,1681.7,0.9413943126533779,1.0,1217.2012842399963,1000.0,1217.2012842399963,1000.0,0.0,0.0
6543,1696086060000.0,0.0,0.0,0.0,1591.45,0.0,0.0,1680.99,0.9413943126533779,1.0,1217.2012842399963,1000.0,1217.2012842399963,1000.0,0.0,0.0
6544,1696089660000.0,0.0,0.0,0.0,1591.45,0.0,0.0,1683.4,0.9413943126533779,1.0,1217.2012842399963,1000.0,1217.2012842399963,1000.0,0.0,0.0
6545,1696093260000.0,0.0,0.0,0.0,1591.45,0.0,0.0,1676.89,0.9413943126533779,1.0,1217.2012842399963,1000.0,1217.2012842399963,1000.0,0.0,0.0
6546,1696096860000.0,0.0,0.0,0.0,1591.45,0.0,0.0,1678.77,0.9413943126533779,1.0,1217.2012842399963,1000.0,1217.2012842399963,1000.0,0.0,0.0
6547,1696100460000.0,0.0,0.0,0.0,1591.45,0.0,0.0,1675.93,0.9413943126533779,1.0,1217.2012842399963,1000.0,1217.2012842399963,1000.0,0.0,0.0
6548,1696104060000.0,0.0,0.0,0.0,1591.45,0.0,0.0,1678.09,0.9413943126533779,1.0,1217.2012842399963,1000.0,1217.2012842399963,1000.0,0.0,0.0
6549,1696107660000.0,0.0,0.0,0.0,1591.45,0.0,0.0,1679.54,0.9413943126533779,1.0,1217.2012842399963,1000.0,1217.2012842399963,1000.0,0.0,0.0
6550,1696111260000.0,0.0,0.0,0.04,1664.87,0.0,0.0,1673.38,0.9413943126533779,1.0,1217.1879652799962,1000.0,1217.5283652799963,1000.0,0.05471200989461052,0.0
6551,1696114860000.0,0.0,0.0,0.04,1664.87,0.0,0.0,1673.5,0.9413943126533779,1.0,1217.1879652799962,1000.0,1217.5331652799962,1000.0,0.05471200989461052,0.0
6552,1696118460000.0,0.0,0.0,0.04,1664.87,0.0,0.0,1670.2,0.9413943126533779,1.0,1217.1879652799962,1000.0,1217.4011652799961,1000.0,0.05471200989461052,0.0
6553,1696122060000.0,0.0,0.0,0.04,1664.87,0.0,0.0,1673.24,0.9413943126533779,1.0,1217.1879652799962,1000.0,1217.5227652799963,1000.0,0.05471200989461052,0.0
6554,1696125660000.0,0.0,0.0,0.04,1664.87,0.0,0.0,1673.13,0.9413943126533779,1.0,1217.1879652799962,1000.0,1217.5183652799963,1000.0,0.05471200989461052,0.0
6555,1696129260000.0,0.0,0.0,0.04,1664.87,0.0,0.0,1672.94,0.9413943126533779,1.0,1217.1879652799962,1000.0,1217.5107652799961,1000.0,0.05471200989461052,0.0
6556,1696132860000.0,0.0,0.0,0.04,1664.87,0.0,0.0,1673.43,0.9413943126533779,1.0,1217.1879652799962,1000.0,1217.5303652799962,1000.0,0.05471200989461052,0.0
6557,1696136460000.0,0.0,0.0,0.04,1664.87,0.0,0.0,1674.49,0.9413943126533779,1.0,1217.1879652799962,1000.0,1217.5727652799962,1000.0,0.05471200989461052,0.0
6558,1696140060000.0,0.0,0.0,0.03,1664.87,0.0,0.0,1678.57,0.9413943126533779,1.0,1217.3059112799963,1000.0,1217.7169112799963,1000.0,0.041030031594508326,0.0
6559,1696143660000.0,0.0,0.0,0.03,1664.87,0.0,0.0,1677.63,0.9413943126533779,1.0,1217.3059112799963,1000.0,1217.6887112799964,1000.0,0.041030031594508326,0.0
6560,1696147260000.0,0.0,0.0,0.02,1664.87,0.0,0.0,1677.71,0.9413943126533779,1.0,1217.4238572799964,1000.0,1217.6806572799965,1000.0,0.02735070435895187,0.0
6561,1696150860000.0,0.0,0.0,0.0,1664.87,0.0,0.0,1678.7,0.9413943126533779,1.0,1217.6597492799965,1000.0,1217.6597492799965,1000.0,0.0,0.0
6562,1696154460000.0,0.0,0.0,0.0,1664.87,0.0,0.0,1685.78,0.9413943126533779,1.0,1217.6597492799965,1000.0,1217.6597492799965,1000.0,0.0,0.0
6563,1696158060000.0,0.0,0.0,0.0,1664.87,0.0,0.0,1685.28,0.9413943126533779,1.0,1217.6597492799965,1000.0,1217.6597492799965,1000.0,0.0,0.0
6564,1696161660000.0,0.0,0.0,0.0,1664.87,0.0,0.0,1686.97,0.9413943126533779,1.0,1217.6597492799965,1000.0,1217.6597492799965,1000.0,0.0,0.0
6565,1696165260000.0,0.0,0.0,0.0,1664.87,0.0,0.0,1686.99,0.9413943126533779,1.0,1217.6597492799965,1000.0,1217.6597492799965,1000.0,0.0,0.0
6566,1696168860000.0,0.0,0.0,0.0,1664.87,0.0,0.0,1685.99,0.9413943126533779,1.0,1217.6597492799965,1000.0,1217.6597492799965,1000.0,0.0,0.0
6567,1696172460000.0,0.0,0.0,0.0,1664.87,0.0,0.0,1681.4,0.9413943126533779,1.0,1217.6597492799965,1000.0,1217.6597492799965,1000.0,0.0,0.0
6568,1696176060000.0,0.0,0.0,0.0,1664.87,0.0,0.0,1682.72,0.9413943126533779,1.0,1217.6597492799965,1000.0,1217.6597492799965,1000.0,0.0,0.0
6569,1696179660000.0,0.0,0.0,0.0,1664.87,0.0,0.0,1678.99,0.9413943126533779,1.0,1217.6597492799965,1000.0,1217.6597492799965,1000.0,0.0,0.0
6570,1696183260000.0,0.0,0.0,0.04,1669.77,0.0,0.0,1671.7,0.9413943126533779,1.0,1217.6463911199965,1000.0,1217.7235911199964,1000.0,0.05485237790469328,0.0
6571,1696186860000.0,0.0,0.0,0.04,1669.77,0.0,0.0,1674.42,0.9413943126533779,1.0,1217.6463911199965,1000.0,1217.8323911199964,1000.0,0.05485237790469328,0.0
6572,1696190460000.0,0.0,0.0,0.04,1669.77,0.0,0.0,1672.33,0.9413943126533779,1.0,1217.6463911199965,1000.0,1217.7487911199964,1000.0,0.05485237790469328,0.0
6573,1696194060000.0,0.0,0.0,0.04,1669.77,0.0,0.0,1673.93,0.9413943126533779,1.0,1217.6463911199965,1000.0,1217.8127911199965,1000.0,0.05485237790469328,0.0
6574,1696197660000.0,0.0,0.0,0.04,1669.77,0.0,0.0,1676.37,0.9413943126533779,1.0,1217.6463911199965,1000.0,1217.9103911199963,1000.0,0.05485237790469328,0.0
6575,1696201260000.0,0.0,0.0,0.0,1669.77,0.0,0.0,1734.65,0.9413943126533779,1.0,1219.2025189999963,1000.0,1219.2025189999963,1000.0,0.0,0.0
6576,1696204860000.0,0.0,0.0,0.0,1669.77,0.0,0.0,1733.85,0.9413943126533779,1.0,1219.2025189999963,1000.0,1219.2025189999963,1000.0,0.0,0.0
6577,1696208460000.0,0.0,0.0,0.0,1669.77,0.0,0.0,1723.57,0.9413943126533779,1.0,1219.2025189999963,1000.0,1219.2025189999963,1000.0,0.0,0.0
6578,1696212060000.0,0.0,0.0,0.0,1669.77,0.0,0.0,1724.13,0.9413943126533779,1.0,1219.2025189999963,1000.0,1219.2025189999963,1000.0,0.0,0.0
6579,1696215660000.0,0.0,0.0,0.0,1669.77,0.0,0.0,1725.56,0.9413943126533779,1.0,1219.2025189999963,1000.0,1219.2025189999963,1000.0,0.0,0.0
6580,1696219260000.0,0.0,0.0,0.0,1669.77,0.0,0.0,1728.12,0.9413943126533779,1.0,1219.2025189999963,1000.0,1219.2025189999963,1000.0,0.0,0.0
6581,1696222860000.0,0.0,0.0,0.0,1669.77,0.0,0.0,1725.22,0.9413943126533779,1.0,1219.2025189999963,1000.0,1219.2025189999963,1000.0,0.0,0.0
6582,1696226460000.0,0.0,0.0,0.0,1669.77,0.0,0.0,1716.91,0.9413943126533779,1.0,1219.2025189999963,1000.0,1219.2025189999963,1000.0,0.0,0.0
6583,1696230060000.0,0.0,0.0,0.0,1669.77,0.0,0.0,1723.81,0.9413943126533779,1.0,1219.2025189999963,1000.0,1219.2025189999963,1000.0,0.0,0.0
6584,1696233660000.0,0.0,0.0,0.0,1669.77,0.0,0.0,1726.86,0.9413943126533779,1.0,1219.2025189999963,1000.0,1219.2025189999963,1000.0,0.0,0.0
6585,1696237260000.0,0.0,0.0,0.0,1669.77,0.0,0.0,1734.86,0.9413943126533779,1.0,1219.2025189999963,1000.0,1219.2025189999963,1000.0,0.0,0.0
6586,1696240860000.0,0.0,0.0,0.0,1669.77,0.0,0.0,1730.72,0.9413943126533779,1.0,1219.2025189999963,1000.0,1219.2025189999963,1000.0,0.0,0.0
6587,1696244460000.0,0.0,0.0,0.0,1669.77,0.0,0.0,1731.34,0.9413943126533779,1.0,1219.2025189999963,1000.0,1219.2025189999963,1000.0,0.0,0.0
6588,1696248060000.0,0.0,0.0,0.0,1669.77,0.0,0.0,1724.07,0.9413943126533779,1.0,1219.2025189999963,1000.0,1219.2025189999963,1000.0,0.0,0.0
6589,1696251660000.0,0.0,0.0,0.0,1669.77,0.0,0.0,1728.38,0.9413943126533779,1.0,1219.2025189999963,1000.0,1219.2025189999963,1000.0,0.0,0.0
6590,1696255260000.0,0.0,0.0,0.0,1669.77,0.0,0.0,1721.3,0.9413943126533779,1.0,1219.2025189999963,1000.0,1219.2025189999963,1000.0,0.0,0.0
6591,1696258860000.0,0.0,0.0,0.04,1705.58,0.0,0.0,1713.35,0.9413943126533779,1.0,1219.1888743599964,1000.0,1219.4996743599963,1000.0,0.05595785971702967,0.0
6592,1696262460000.0,0.0,0.0,0.04,1705.58,0.0,0.0,1688.01,0.9413943126533779,1.0,1219.1888743599964,1000.0,1218.4860743599963,1000.0,0.05595785971702967,0.0
6593,1696266060000.0,0.0,0.0,0.04,1705.58,0.0,0.0,1684.4,0.9413943126533779,1.0,1219.1888743599964,1000.0,1218.3416743599964,1000.0,0.05595785971702967,0.0
6594,1696269660000.0,0.0,0.0,0.04,1705.58,0.0,0.0,1687.69,0.9413943126533779,1.0,1219.1888743599964,1000.0,1218.4732743599964,1000.0,0.05595785971702967,0.0
6595,1696273260000.0,0.0,0.0,0.3,1656.566666666667,0.0,0.0,1650.77,0.9413943126533779,1.0,1219.1031249999962,1000.0,1217.3641249999962,1000.0,0.4076521418153215,0.0
6596,1696276860000.0,0.0,0.0,0.21,1656.566666666667,0.0,0.0,1669.83,0.9413943126533779,1.0,1220.1596894799961,1000.0,1222.9449894799961,1000.0,0.2851094024817834,0.0
6597,1696280460000.0,0.0,0.0,0.13,1656.566666666667,0.0,0.0,1664.58,0.9413943126533779,1.0,1221.0988579066627,1000.0,1222.140591239996,1000.0,0.17636055039462475,0.0
6598,1696284060000.0,0.0,0.0,0.13,1656.566666666667,0.0,0.0,1654.27,0.9413943126533779,1.0,1221.0988579066627,1000.0,1220.8002912399959,1000.0,0.17636055039462475,0.0
6599,1696287660000.0,0.0,0.0,0.13,1656.566666666667,0.0,0.0,1660.4,0.9413943126533779,1.0,1221.0988579066627,1000.0,1221.597191239996,1000.0,0.17636055039462475,0.0
6600,1696291260000.0,0.0,0.0,0.13,1656.566666666667,0.0,0.0,1661.82,0.9413943126533779,1.0,1221.0988579066627,1000.0,1221.781791239996,1000.0,0.17636055039462475,0.0
6601,1696294860000.0,0.0,0.0,0.13,1656.566666666667,0.0,0.0,1661.93,0.9413943126533779,1.0,1221.0988579066627,1000.0,1221.796091239996,1000.0,0.17636055039462475,0.0
6602,1696298460000.0,0.0,0.0,0.13,1656.566666666667,0.0,0.0,1666.14,0.9413943126533779,1.0,1221.0988579066627,1000.0,1222.343391239996,1000.0,0.17636055039462475,0.0
6603,1696302060000.0,0.0,0.0,0.13,1656.566666666667,0.0,0.0,1665.39,0.9413943126533779,1.0,1221.0988579066627,1000.0,1222.245891239996,1000.0,0.17636055039462475,0.0
6604,1696305660000.0,0.0,0.0,0.13,1656.566666666667,0.0,0.0,1665.27,0.9413943126533779,1.0,1221.0988579066627,1000.0,1222.230291239996,1000.0,0.17636055039462475,0.0
6605,1696309260000.0,0.0,0.0,0.13,1656.566666666667,0.0,0.0,1665.77,0.9413943126533779,1.0,1221.0988579066627,1000.0,1222.295291239996,1000.0,0.17636055039462475,0.0
6606,1696312860000.0,0.0,0.0,0.11,1656.566666666667,0.0,0.0,1665.07,0.9413943126533779,1.0,1221.3336500133294,1000.0,1222.269016679996,1000.0,0.14919947004763576,0.0
6607,1696316460000.0,0.0,0.0,0.06,1656.566666666667,0.0,0.0,1668.64,0.9413943126533779,1.0,1221.920630279996,1000.0,1222.645030279996,1000.0,0.08134243545525904,0.0
6608,1696320060000.0,0.0,0.0,0.05,1656.566666666667,0.0,0.0,1662.62,0.9413943126533779,1.0,1222.0380263333293,1000.0,1222.340692999996,1000.0,0.067778851024674,0.0
6609,1696323660000.0,0.0,0.0,0.05,1656.566666666667,0.0,0.0,1664.26,0.9413943126533779,1.0,1222.0380263333293,1000.0,1222.422692999996,1000.0,0.067778851024674,0.0
6610,1696327260000.0,0.0,0.0,0.05,1656.566666666667,0.0,0.0,1659.31,0.9413943126533779,1.0,1222.0380263333293,1000.0,1222.175192999996,1000.0,0.067778851024674,0.0
6611,1696330860000.0,0.0,0.0,0.05,1656.566666666667,0.0,0.0,1658.95,0.9413943126533779,1.0,1222.0380263333293,1000.0,1222.157192999996,1000.0,0.067778851024674,0.0
6612,1696334460000.0,0.0,0.0,0.05,1656.566666666667,0.0,0.0,1655.43,0.9413943126533779,1.0,1222.0380263333293,1000.0,1221.981192999996,1000.0,0.067778851024674,0.0
6613,1696338060000.0,0.0,0.0,0.05,1656.566666666667,0.0,0.0,1654.22,0.9413943126533779,1.0,1222.0380263333293,1000.0,1221.920692999996,1000.0,0.067778851024674,0.0
6614,1696341660000.0,0.0,0.0,0.05,1656.566666666667,0.0,0.0,1656.99,0.9413943126533779,1.0,1222.0380263333293,1000.0,1222.059192999996,1000.0,0.067778851024674,0.0
6615,1696345260000.0,0.0,0.0,0.05,1656.566666666667,0.0,0.0,1647.14,0.9413943126533779,1.0,1222.0380263333293,1000.0,1221.566692999996,1000.0,0.067778851024674,0.0
6616,1696348860000.0,0.0,0.0,0.05,1656.566666666667,0.0,0.0,1648.44,0.9413943126533779,1.0,1222.0380263333293,1000.0,1221.631692999996,1000.0,0.067778851024674,0.0
6617,1696352460000.0,0.0,0.0,0.05,1656.566666666667,0.0,0.0,1650.82,0.9413943126533779,1.0,1222.0380263333293,1000.0,1221.7506929999959,1000.0,0.067778851024674,0.0
6618,1696356060000.0,0.0,0.0,0.05,1656.566666666667,0.0,0.0,1654.47,0.9413943126533779,1.0,1222.0380263333293,1000.0,1221.933192999996,1000.0,0.067778851024674,0.0
6619,1696359660000.0,0.0,0.0,0.05,1656.566666666667,0.0,0.0,1646.69,0.9413943126533779,1.0,1222.0380263333293,1000.0,1221.5441929999959,1000.0,0.067778851024674,0.0
6620,1696363260000.0,0.0,0.0,0.05,1656.566666666667,0.0,0.0,1650.01,0.9413943126533779,1.0,1222.0380263333293,1000.0,1221.710192999996,1000.0,0.067778851024674,0.0
6621,1696366860000.0,0.0,0.0,0.05,1656.566666666667,0.0,0.0,1655.65,0.9413943126533779,1.0,1222.0380263333293,1000.0,1221.992192999996,1000.0,0.067778851024674,0.0
6622,1696370460000.0,0.0,0.0,0.05,1656.566666666667,0.0,0.0,1652.74,0.9413943126533779,1.0,1222.0380263333293,1000.0,1221.8466929999959,1000.0,0.067778851024674,0.0
6623,1696374060000.0,0.0,0.0,0.05,1656.566666666667,0.0,0.0,1658.52,0.9413943126533779,1.0,1222.0380263333293,1000.0,1222.1356929999959,1000.0,0.067778851024674,0.0
6624,1696377660000.0,0.0,0.0,0.05,1656.566666666667,0.0,0.0,1656.76,0.9413943126533779,1.0,1222.0380263333293,1000.0,1222.047692999996,1000.0,0.067778851024674,0.0
6625,1696381260000.0,0.0,0.0,0.14,1633.027380952381,0.0,0.0,1634.17,0.9413943126533779,1.0,1222.0088672333293,1000.0,1222.168833899996,1000.0,0.1870885224024157,0.0
6626,1696384860000.0,0.0,0.0,0.14,1633.027380952381,0.0,0.0,1638.99,0.9413943126533779,1.0,1222.0088672333293,1000.0,1222.843633899996,1000.0,0.1870885224024157,0.0
6627,1696388460000.0,0.0,0.0,0.12,1633.027380952381,0.0,0.0,1641.29,0.9413943126533779,1.0,1222.2403398942818,1000.0,1223.231854179996,1000.0,0.16033122072475178,0.0
6628,1696392060000.0,0.0,0.0,0.1,1633.027380952381,0.0,0.0,1640.07,0.9413943126533779,1.0,1222.4718125552342,1000.0,1223.176074459996,1000.0,0.133584051933189,0.0
6629,1696395660000.0,0.0,0.0,0.1,1633.027380952381,0.0,0.0,1637.6,0.9413943126533779,1.0,1222.4718125552342,1000.0,1222.9290744599962,1000.0,0.133584051933189,0.0
6630,1696399260000.0,0.0,0.0,0.1,1633.027380952381,0.0,0.0,1639.83,0.9413943126533779,1.0,1222.4718125552342,1000.0,1223.1520744599961,1000.0,0.133584051933189,0.0
6631,1696402860000.0,0.0,0.0,0.1,1633.027380952381,0.0,0.0,1642.77,0.9413943126533779,1.0,1222.4718125552342,1000.0,1223.4460744599962,1000.0,0.133584051933189,0.0
6632,1696406460000.0,0.0,0.0,0.1,1633.027380952381,0.0,0.0,1644.11,0.9413943126533779,1.0,1222.4718125552342,1000.0,1223.580074459996,1000.0,0.133584051933189,0.0
6633,1696410060000.0,0.0,0.0,0.05,1633.027380952381,0.0,0.0,1644.92,0.9413943126533779,1.0,1223.0504942076154,1000.0,1223.6451251599965,1000.0,0.06676042357557689,0.0
6634,1696413660000.0,0.0,0.0,0.03,1633.027380952381,0.0,0.0,1650.09,0.9413943126533779,1.0,1223.281966868568,1000.0,1223.7938454399964,1000.0,0.04004867459460809,0.0
6635,1696417260000.0,0.0,0.0,0.03,1633.027380952381,0.0,0.0,1645.46,0.9413943126533779,1.0,1223.281966868568,1000.0,1223.6549454399965,1000.0,0.04004867459460809,0.0
6636,1696420860000.0,0.0,0.0,0.0,1633.027380952381,0.0,0.0,1646.13,0.9413943126533779,1.0,1223.6291758599966,1000.0,1223.6291758599966,1000.0,0.0,0.0
6637,1696424460000.0,0.0,0.0,0.0,1633.027380952381,0.0,0.0,1645.49,0.9413943126533779,1.0,1223.6291758599966,1000.0,1223.6291758599966,1000.0,0.0,0.0
6638,1696428060000.0,0.0,0.0,0.04,1637.24,0.0,0.0,1631.16,0.9413943126533779,1.0,1223.6160779399966,1000.0,1223.3728779399967,1000.0,0.053521362771118686,0.0
6639,1696431660000.0,0.0,0.0,0.04,1637.24,0.0,0.0,1631.55,0.9413943126533779,1.0,1223.6160779399966,1000.0,1223.3884779399966,1000.0,0.053521362771118686,0.0
6640,1696435260000.0,0.0,0.0,0.04,1637.24,0.0,0.0,1631.28,0.9413943126533779,1.0,1223.6160779399966,1000.0,1223.3776779399966,1000.0,0.053521362771118686,0.0
6641,1696438860000.0,0.0,0.0,0.04,1637.24,0.0,0.0,1636.38,0.9413943126533779,1.0,1223.6160779399966,1000.0,1223.5816779399966,1000.0,0.053521362771118686,0.0
6642,1696442460000.0,0.0,0.0,0.04,1637.24,0.0,0.0,1637.53,0.9413943126533779,1.0,1223.6160779399966,1000.0,1223.6276779399966,1000.0,0.053521362771118686,0.0
6643,1696446060000.0,0.0,0.0,0.04,1637.24,0.0,0.0,1646.54,0.9413943126533779,1.0,1223.6160779399966,1000.0,1223.9880779399966,1000.0,0.053521362771118686,0.0
6644,1696449660000.0,0.0,0.0,0.03,1637.24,0.0,0.0,1640.64,0.9413943126533779,1.0,1223.7320795999967,1000.0,1223.8340795999968,1000.0,0.04013721697649294,0.0
6645,1696453260000.0,0.0,0.0,0.03,1637.24,0.0,0.0,1641.6,0.9413943126533779,1.0,1223.7320795999967,1000.0,1223.8628795999966,1000.0,0.04013721697649294,0.0
6646,1696456860000.0,0.0,0.0,0.03,1637.24,0.0,0.0,1642.2,0.9413943126533779,1.0,1223.7320795999967,1000.0,1223.8808795999967,1000.0,0.04013721697649294,0.0
6647,1696460460000.0,0.0,0.0,0.03,1637.24,0.0,0.0,1647.46,0.9413943126533779,1.0,1223.7320795999967,1000.0,1224.0386795999966,1000.0,0.04013721697649294,0.0
6648,1696464060000.0,0.0,0.0,0.0,1637.24,0.0,0.0,1646.6,0.9413943126533779,1.0,1224.0800845799972,1000.0,1224.0800845799972,1000.0,0.0,0.0
6649,1696467660000.0,0.0,0.0,0.0,1637.24,0.0,0.0,1648.65,0.9413943126533779,1.0,1224.0800845799972,1000.0,1224.0800845799972,1000.0,0.0,0.0
6650,1696471260000.0,0.0,0.0,0.0,1637.24,0.0,0.0,1646.2,0.9413943126533779,1.0,1224.0800845799972,1000.0,1224.0800845799972,1000.0,0.0,0.0
6651,1696474860000.0,0.0,0.0,0.0,1637.24,0.0,0.0,1643.35,0.9413943126533779,1.0,1224.0800845799972,1000.0,1224.0800845799972,1000.0,0.0,0.0
6652,1696478460000.0,0.0,0.0,0.0,1637.24,0.0,0.0,1641.15,0.9413943126533779,1.0,1224.0800845799972,1000.0,1224.0800845799972,1000.0,0.0,0.0
6653,1696482060000.0,0.0,0.0,0.0,1637.24,0.0,0.0,1643.72,0.9413943126533779,1.0,1224.0800845799972,1000.0,1224.0800845799972,1000.0,0.0,0.0
6654,1696485660000.0,0.0,0.0,0.0,1637.24,0.0,0.0,1639.34,0.9413943126533779,1.0,1224.0800845799972,1000.0,1224.0800845799972,1000.0,0.0,0.0
6655,1696489260000.0,0.0,0.0,0.0,1637.24,0.0,0.0,1636.66,0.9413943126533779,1.0,1224.0800845799972,1000.0,1224.0800845799972,1000.0,0.0,0.0
6656,1696492860000.0,0.0,0.0,0.04,1633.67,0.0,0.0,1635.09,0.9413943126533779,1.0,1224.0670152199973,1000.0,1224.1238152199974,1000.0,0.05338498561555917,0.0
6657,1696496460000.0,0.0,0.0,0.04,1633.67,0.0,0.0,1636.2,0.9413943126533779,1.0,1224.0670152199973,1000.0,1224.1682152199974,1000.0,0.05338498561555917,0.0
6658,1696500060000.0,0.0,0.0,0.04,1633.67,0.0,0.0,1637.68,0.9413943126533779,1.0,1224.0670152199973,1000.0,1224.2274152199973,1000.0,0.05338498561555917,0.0
6659,1696503660000.0,0.0,0.0,0.04,1633.67,0.0,0.0,1639.68,0.9413943126533779,1.0,1224.0670152199973,1000.0,1224.3074152199972,1000.0,0.05338498561555917,0.0
6660,1696507260000.0,0.0,0.0,0.04,1633.67,0.0,0.0,1635.14,0.9413943126533779,1.0,1224.0670152199973,1000.0,1224.1258152199973,1000.0,0.05338498561555917,0.0
6661,1696510860000.0,0.0,0.0,0.04,1633.67,0.0,0.0,1632.99,0.9413943126533779,1.0,1224.0670152199973,1000.0,1224.0398152199973,1000.0,0.05338498561555917,0.0
6662,1696514460000.0,0.0,0.0,0.0,1633.67,0.0,0.0,1639.99,0.9413943126533779,1.0,1224.5302505799973,1000.0,1224.5302505799973,1000.0,0.0,0.0
6663,1696518060000.0,0.0,0.0,0.0,1633.67,0.0,0.0,1639.82,0.9413943126533779,1.0,1224.5302505799973,1000.0,1224.5302505799973,1000.0,0.0,0.0
6664,1696521660000.0,0.0,0.0,0.04,1630.69,0.0,0.0,1617.75,0.9413943126533779,1.0,1224.5172050599972,1000.0,1223.9996050599973,1000.0,0.05326801430838538,0.0
6665,1696525260000.0,0.0,0.0,0.04,1630.69,0.0,0.0,1613.28,0.9413943126533779,1.0,1224.5172050599972,1000.0,1223.8208050599972,1000.0,0.05326801430838538,0.0
6666,1696528860000.0,0.0,0.0,0.04,1630.69,0.0,0.0,1616.32,0.9413943126533779,1.0,1224.5172050599972,1000.0,1223.942405059997,1000.0,0.05326801430838538,0.0
6667,1696532460000.0,0.0,0.0,0.04,1630.69,0.0,0.0,1616.17,0.9413943126533779,1.0,1224.5172050599972,1000.0,1223.9364050599972,1000.0,0.05326801430838538,0.0
6668,1696536060000.0,0.0,0.0,0.04,1630.69,0.0,0.0,1616.88,0.9413943126533779,1.0,1224.5172050599972,1000.0,1223.9648050599972,1000.0,0.05326801430838538,0.0
6669,1696539660000.0,0.0,0.0,0.04,1630.69,0.0,0.0,1615.34,0.9413943126533779,1.0,1224.5172050599972,1000.0,1223.9032050599972,1000.0,0.05326801430838538,0.0
6670,1696543260000.0,0.0,0.0,0.04,1630.69,0.0,0.0,1612.29,0.9413943126533779,1.0,1224.5172050599972,1000.0,1223.781205059997,1000.0,0.05326801430838538,0.0
6671,1696546860000.0,0.0,0.0,0.04,1630.69,0.0,0.0,1615.18,0.9413943126533779,1.0,1224.5172050599972,1000.0,1223.8968050599972,1000.0,0.05326801430838538,0.0
6672,1696550460000.0,0.0,0.0,0.04,1630.69,0.0,0.0,1612.26,0.9413943126533779,1.0,1224.5172050599972,1000.0,1223.7800050599972,1000.0,0.05326801430838538,0.0
6673,1696554060000.0,0.0,0.0,0.04,1630.69,0.0,0.0,1616.91,0.9413943126533779,1.0,1224.5172050599972,1000.0,1223.966005059997,1000.0,0.05326801430838538,0.0
6674,1696557660000.0,0.0,0.0,0.04,1630.69,0.0,0.0,1622.78,0.9413943126533779,1.0,1224.5172050599972,1000.0,1224.2008050599973,1000.0,0.05326801430838538,0.0
6675,1696561260000.0,0.0,0.0,0.04,1630.69,0.0,0.0,1622.38,0.9413943126533779,1.0,1224.5172050599972,1000.0,1224.1848050599972,1000.0,0.05326801430838538,0.0
6676,1696564860000.0,0.0,0.0,0.04,1630.69,0.0,0.0,1623.54,0.9413943126533779,1.0,1224.5172050599972,1000.0,1224.2312050599971,1000.0,0.05326801430838538,0.0
6677,1696568460000.0,0.0,0.0,0.04,1630.69,0.0,0.0,1622.4,0.9413943126533779,1.0,1224.5172050599972,1000.0,1224.1856050599972,1000.0,0.05326801430838538,0.0
6678,1696572060000.0,0.0,0.0,0.04,1630.69,0.0,0.0,1620.49,0.9413943126533779,1.0,1224.5172050599972,1000.0,1224.1092050599973,1000.0,0.05326801430838538,0.0
6679,1696575660000.0,0.0,0.0,0.04,1630.69,0.0,0.0,1621.02,0.9413943126533779,1.0,1224.5172050599972,1000.0,1224.1304050599972,1000.0,0.05326801430838538,0.0
6680,1696579260000.0,0.0,0.0,0.04,1630.69,0.0,0.0,1630.29,0.9413943126533779,1.0,1224.5172050599972,1000.0,1224.5012050599971,1000.0,0.05326801430838538,0.0
6681,1696582860000.0,0.0,0.0,0.04,1630.69,0.0,0.0,1633.95,0.9413943126533779,1.0,1224.5172050599972,1000.0,1224.6476050599972,1000.0,0.05326801430838538,0.0
6682,1696586460000.0,0.0,0.0,0.04,1630.69,0.0,0.0,1633.6,0.9413943126533779,1.0,1224.5172050599972,1000.0,1224.633605059997,1000.0,0.05326801430838538,0.0
6683,1696590060000.0,0.0,0.0,0.04,1630.69,0.0,0.0,1630.48,0.9413943126533779,1.0,1224.5172050599972,1000.0,1224.5088050599973,1000.0,0.05326801430838538,0.0
6684,1696593660000.0,0.0,0.0,0.04,1630.69,0.0,0.0,1633.1,0.9413943126533779,1.0,1224.5172050599972,1000.0,1224.613605059997,1000.0,0.05326801430838538,0.0
6685,1696597260000.0,0.0,0.0,0.04,1630.69,0.0,0.0,1614.83,0.9413943126533779,1.0,1224.5172050599972,1000.0,1223.8828050599973,1000.0,0.05326801430838538,0.0
6686,1696600860000.0,0.0,0.0,0.04,1630.69,0.0,0.0,1627.0,0.9413943126533779,1.0,1224.5172050599972,1000.0,1224.3696050599972,1000.0,0.05326801430838538,0.0
6687,1696604460000.0,0.0,0.0,0.04,1630.69,0.0,0.0,1633.44,0.9413943126533779,1.0,1224.5172050599972,1000.0,1224.627205059997,1000.0,0.05326801430838538,0.0
6688,1696608060000.0,0.0,0.0,0.0,1630.69,0.0,0.0,1642.7,0.9413943126533779,1.0,1224.9796644199973,1000.0,1224.9796644199973,1000.0,0.0,0.0
6689,1696611660000.0,0.0,0.0,0.0,1630.69,0.0,0.0,1639.68,0.9413943126533779,1.0,1224.9796644199973,1000.0,1224.9796644199973,1000.0,0.0,0.0
6690,1696615260000.0,0.0,0.0,0.0,1630.69,0.0,0.0,1647.4,0.9413943126533779,1.0,1224.9796644199973,1000.0,1224.9796644199973,1000.0,0.0,0.0
6691,1696618860000.0,0.0,0.0,0.0,1630.69,0.0,0.0,1645.49,0.9413943126533779,1.0,1224.9796644199973,1000.0,1224.9796644199973,1000.0,0.0,0.0
6692,1696622460000.0,0.0,0.0,0.0,1630.69,0.0,0.0,1644.69,0.9413943126533779,1.0,1224.9796644199973,1000.0,1224.9796644199973,1000.0,0.0,0.0
6693,1696626060000.0,0.0,0.0,0.0,1630.69,0.0,0.0,1645.13,0.9413943126533779,1.0,1224.9796644199973,1000.0,1224.9796644199973,1000.0,0.0,0.0
6694,1696629660000.0,0.0,0.0,0.0,1630.69,0.0,0.0,1651.92,0.9413943126533779,1.0,1224.9796644199973,1000.0,1224.9796644199973,1000.0,0.0,0.0
6695,1696633260000.0,0.0,0.0,0.0,1630.69,0.0,0.0,1644.95,0.9413943126533779,1.0,1224.9796644199973,1000.0,1224.9796644199973,1000.0,0.0,0.0
6696,1696636860000.0,0.0,0.0,0.0,1630.69,0.0,0.0,1643.37,0.9413943126533779,1.0,1224.9796644199973,1000.0,1224.9796644199973,1000.0,0.0,0.0
6697,1696640460000.0,0.0,0.0,0.0,1630.69,0.0,0.0,1644.88,0.9413943126533779,1.0,1224.9796644199973,1000.0,1224.9796644199973,1000.0,0.0,0.0
6698,1696644060000.0,0.0,0.0,0.0,1630.69,0.0,0.0,1642.5,0.9413943126533779,1.0,1224.9796644199973,1000.0,1224.9796644199973,1000.0,0.0,0.0
6699,1696647660000.0,0.0,0.0,0.0,1630.69,0.0,0.0,1639.76,0.9413943126533779,1.0,1224.9796644199973,1000.0,1224.9796644199973,1000.0,0.0,0.0
6700,1696651260000.0,0.0,0.0,0.0,1630.69,0.0,0.0,1640.36,0.9413943126533779,1.0,1224.9796644199973,1000.0,1224.9796644199973,1000.0,0.0,0.0
6701,1696654860000.0,0.0,0.0,0.0,1630.69,0.0,0.0,1640.18,0.9413943126533779,1.0,1224.9796644199973,1000.0,1224.9796644199973,1000.0,0.0,0.0
6702,1696658460000.0,0.0,0.0,0.0,1630.69,0.0,0.0,1638.79,0.9413943126533779,1.0,1224.9796644199973,1000.0,1224.9796644199973,1000.0,0.0,0.0
6703,1696662060000.0,0.0,0.0,0.0,1630.69,0.0,0.0,1637.02,0.9413943126533779,1.0,1224.9796644199973,1000.0,1224.9796644199973,1000.0,0.0,0.0
6704,1696665660000.0,0.0,0.0,0.0,1630.69,0.0,0.0,1635.97,0.9413943126533779,1.0,1224.9796644199973,1000.0,1224.9796644199973,1000.0,0.0,0.0
6705,1696669260000.0,0.0,0.0,0.0,1630.69,0.0,0.0,1642.24,0.9413943126533779,1.0,1224.9796644199973,1000.0,1224.9796644199973,1000.0,0.0,0.0
6706,1696672860000.0,0.0,0.0,0.0,1630.69,0.0,0.0,1638.05,0.9413943126533779,1.0,1224.9796644199973,1000.0,1224.9796644199973,1000.0,0.0,0.0
6707,1696676460000.0,0.0,0.0,0.0,1630.69,0.0,0.0,1638.98,0.9413943126533779,1.0,1224.9796644199973,1000.0,1224.9796644199973,1000.0,0.0,0.0
6708,1696680060000.0,0.0,0.0,0.0,1630.69,0.0,0.0,1637.96,0.9413943126533779,1.0,1224.9796644199973,1000.0,1224.9796644199973,1000.0,0.0,0.0
6709,1696683660000.0,0.0,0.0,0.0,1630.69,0.0,0.0,1639.05,0.9413943126533779,1.0,1224.9796644199973,1000.0,1224.9796644199973,1000.0,0.0,0.0
6710,1696687260000.0,0.0,0.0,0.0,1630.69,0.0,0.0,1640.23,0.9413943126533779,1.0,1224.9796644199973,1000.0,1224.9796644199973,1000.0,0.0,0.0
6711,1696690860000.0,0.0,0.0,0.0,1630.69,0.0,0.0,1640.4,0.9413943126533779,1.0,1224.9796644199973,1000.0,1224.9796644199973,1000.0,0.0,0.0
6712,1696694460000.0,0.0,0.0,0.0,1630.69,0.0,0.0,1637.01,0.9413943126533779,1.0,1224.9796644199973,1000.0,1224.9796644199973,1000.0,0.0,0.0
6713,1696698060000.0,0.0,0.0,0.0,1630.69,0.0,0.0,1636.69,0.9413943126533779,1.0,1224.9796644199973,1000.0,1224.9796644199973,1000.0,0.0,0.0
6714,1696701660000.0,0.0,0.0,0.0,1630.69,0.0,0.0,1635.13,0.9413943126533779,1.0,1224.9796644199973,1000.0,1224.9796644199973,1000.0,0.0,0.0
6715,1696705260000.0,0.0,0.0,0.0,1630.69,0.0,0.0,1632.83,0.9413943126533779,1.0,1224.9796644199973,1000.0,1224.9796644199973,1000.0,0.0,0.0
6716,1696708860000.0,0.0,0.0,0.0,1630.69,0.0,0.0,1630.02,0.9413943126533779,1.0,1224.9796644199973,1000.0,1224.9796644199973,1000.0,0.0,0.0
6717,1696712460000.0,0.0,0.0,0.0,1630.69,0.0,0.0,1632.04,0.9413943126533779,1.0,1224.9796644199973,1000.0,1224.9796644199973,1000.0,0.0,0.0
6718,1696716060000.0,0.0,0.0,0.0,1630.69,0.0,0.0,1633.45,0.9413943126533779,1.0,1224.9796644199973,1000.0,1224.9796644199973,1000.0,0.0,0.0
6719,1696719660000.0,0.0,0.0,0.0,1630.69,0.0,0.0,1634.02,0.9413943126533779,1.0,1224.9796644199973,1000.0,1224.9796644199973,1000.0,0.0,0.0
6720,1696723260000.0,0.0,0.0,0.0,1630.69,0.0,0.0,1632.92,0.9413943126533779,1.0,1224.9796644199973,1000.0,1224.9796644199973,1000.0,0.0,0.0
6721,1696726860000.0,0.0,0.0,0.0,1630.69,0.0,0.0,1636.28,0.9413943126533779,1.0,1224.9796644199973,1000.0,1224.9796644199973,1000.0,0.0,0.0
6722,1696730460000.0,0.0,0.0,0.0,1630.69,0.0,0.0,1638.41,0.9413943126533779,1.0,1224.9796644199973,1000.0,1224.9796644199973,1000.0,0.0,0.0
6723,1696734060000.0,0.0,0.0,0.0,1630.69,0.0,0.0,1636.7,0.9413943126533779,1.0,1224.9796644199973,1000.0,1224.9796644199973,1000.0,0.0,0.0
6724,1696737660000.0,0.0,0.0,0.0,1630.69,0.0,0.0,1638.96,0.9413943126533779,1.0,1224.9796644199973,1000.0,1224.9796644199973,1000.0,0.0,0.0
6725,1696741260000.0,0.0,0.0,0.0,1630.69,0.0,0.0,1632.2,0.9413943126533779,1.0,1224.9796644199973,1000.0,1224.9796644199973,1000.0,0.0,0.0
6726,1696744860000.0,0.0,0.0,0.04,1626.48,0.0,0.0,1628.31,0.9413943126533779,1.0,1224.9666525799973,1000.0,1225.0398525799974,1000.0,0.05311099682834122,0.0
6727,1696748460000.0,0.0,0.0,0.04,1626.48,0.0,0.0,1626.4,0.9413943126533779,1.0,1224.9666525799973,1000.0,1224.9634525799972,1000.0,0.05311099682834122,0.0
6728,1696752060000.0,0.0,0.0,0.04,1626.48,0.0,0.0,1627.15,0.9413943126533779,1.0,1224.9666525799973,1000.0,1224.9934525799974,1000.0,0.05311099682834122,0.0
6729,1696755660000.0,0.0,0.0,0.04,1626.48,0.0,0.0,1627.72,0.9413943126533779,1.0,1224.9666525799973,1000.0,1225.0162525799974,1000.0,0.05311099682834122,0.0
6730,1696759260000.0,0.0,0.0,0.04,1626.48,0.0,0.0,1624.31,0.9413943126533779,1.0,1224.9666525799973,1000.0,1224.8798525799973,1000.0,0.05311099682834122,0.0
6731,1696762860000.0,0.0,0.0,0.04,1626.48,0.0,0.0,1618.99,0.9413943126533779,1.0,1224.9666525799973,1000.0,1224.6670525799973,1000.0,0.05311099682834122,0.0
6732,1696766460000.0,0.0,0.0,0.04,1626.48,0.0,0.0,1617.43,0.9413943126533779,1.0,1224.9666525799973,1000.0,1224.6046525799973,1000.0,0.05311099682834122,0.0
6733,1696770060000.0,0.0,0.0,0.04,1626.48,0.0,0.0,1620.2,0.9413943126533779,1.0,1224.9666525799973,1000.0,1224.7154525799974,1000.0,0.05311099682834122,0.0
6734,1696773660000.0,0.0,0.0,0.04,1626.48,0.0,0.0,1628.61,0.9413943126533779,1.0,1224.9666525799973,1000.0,1225.0518525799973,1000.0,0.05311099682834122,0.0
6735,1696777260000.0,0.0,0.0,0.04,1626.48,0.0,0.0,1631.76,0.9413943126533779,1.0,1224.9666525799973,1000.0,1225.1778525799973,1000.0,0.05311099682834122,0.0
6736,1696780860000.0,0.0,0.0,0.04,1626.48,0.0,0.0,1630.63,0.9413943126533779,1.0,1224.9666525799973,1000.0,1225.1326525799973,1000.0,0.05311099682834122,0.0
6737,1696784460000.0,0.0,0.0,0.04,1626.48,0.0,0.0,1632.18,0.9413943126533779,1.0,1224.9666525799973,1000.0,1225.1946525799974,1000.0,0.05311099682834122,0.0
6738,1696788060000.0,0.0,0.0,0.04,1626.48,0.0,0.0,1631.27,0.9413943126533779,1.0,1224.9666525799973,1000.0,1225.1582525799975,1000.0,0.05311099682834122,0.0
6739,1696791660000.0,0.0,0.0,0.04,1626.48,0.0,0.0,1635.85,0.9413943126533779,1.0,1224.9666525799973,1000.0,1225.3414525799974,1000.0,0.05311099682834122,0.0
6740,1696795260000.0,0.0,0.0,0.04,1626.48,0.0,0.0,1634.89,0.9413943126533779,1.0,1224.9666525799973,1000.0,1225.3030525799973,1000.0,0.05311099682834122,0.0
6741,1696798860000.0,0.0,0.0,0.04,1626.48,0.0,0.0,1635.34,0.9413943126533779,1.0,1224.9666525799973,1000.0,1225.3210525799973,1000.0,0.05311099682834122,0.0
6742,1696802460000.0,0.0,0.0,0.04,1626.48,0.0,0.0,1632.76,0.9413943126533779,1.0,1224.9666525799973,1000.0,1225.2178525799973,1000.0,0.05311099682834122,0.0
6743,1696806060000.0,0.0,0.0,0.04,1626.48,0.0,0.0,1630.6,0.9413943126533779,1.0,1224.9666525799973,1000.0,1225.1314525799974,1000.0,0.05311099682834122,0.0
6744,1696809660000.0,0.0,0.0,0.04,1626.48,0.0,0.0,1632.28,0.9413943126533779,1.0,1224.9666525799973,1000.0,1225.1986525799973,1000.0,0.05311099682834122,0.0
6745,1696813260000.0,0.0,0.0,0.04,1626.48,0.0,0.0,1624.19,0.9413943126533779,1.0,1224.9666525799973,1000.0,1224.8750525799974,1000.0,0.05311099682834122,0.0
6746,1696816860000.0,0.0,0.0,0.04,1626.48,0.0,0.0,1631.33,0.9413943126533779,1.0,1224.9666525799973,1000.0,1225.1606525799973,1000.0,0.05311099682834122,0.0
6747,1696820460000.0,0.0,0.0,0.04,1626.48,0.0,0.0,1630.82,0.9413943126533779,1.0,1224.9666525799973,1000.0,1225.1402525799974,1000.0,0.05311099682834122,0.0
6748,1696824060000.0,0.0,0.0,0.04,1626.48,0.0,0.0,1633.13,0.9413943126533779,1.0,1224.9666525799973,1000.0,1225.2326525799974,1000.0,0.05311099682834122,0.0
6749,1696827660000.0,0.0,0.0,0.04,1626.48,0.0,0.0,1632.33,0.9413943126533779,1.0,1224.9666525799973,1000.0,1225.2006525799973,1000.0,0.05311099682834122,0.0
6750,1696831260000.0,0.0,0.0,0.04,1626.48,0.0,0.0,1627.55,0.9413943126533779,1.0,1224.9666525799973,1000.0,1225.0094525799973,1000.0,0.05311099682834122,0.0
6751,1696834860000.0,0.0,0.0,0.04,1626.48,0.0,0.0,1626.12,0.9413943126533779,1.0,1224.9666525799973,1000.0,1224.9522525799973,1000.0,0.05311099682834122,0.0
6752,1696838460000.0,0.0,0.0,0.04,1626.48,0.0,0.0,1619.72,0.9413943126533779,1.0,1224.9666525799973,1000.0,1224.6962525799972,1000.0,0.05311099682834122,0.0
6753,1696842060000.0,0.0,0.0,0.04,1626.48,0.0,0.0,1612.77,0.9413943126533779,1.0,1224.9666525799973,1000.0,1224.4182525799974,1000.0,0.05311099682834122,0.0
6754,1696845660000.0,0.0,0.0,0.11,1603.889090909091,0.0,0.0,1593.97,0.9413943126533779,1.0,1224.9443788599974,1000.0,1223.8532788599973,1000.0,0.14402923352666325,0.0
6755,1696849260000.0,0.0,0.0,0.11,1603.889090909091,0.0,0.0,1594.37,0.9413943126533779,1.0,1224.9443788599974,1000.0,1223.8972788599974,1000.0,0.14402923352666325,0.0
6756,1696852860000.0,0.0,0.0,0.11,1603.889090909091,0.0,0.0,1587.31,0.9413943126533779,1.0,1224.9443788599974,1000.0,1223.1206788599975,1000.0,0.14402923352666325,0.0
6757,1696856460000.0,0.0,0.0,0.11,1603.889090909091,0.0,0.0,1585.92,0.9413943126533779,1.0,1224.9443788599974,1000.0,1222.9677788599975,1000.0,0.14402923352666325,0.0
6758,1696860060000.0,0.0,0.0,0.11,1603.889090909091,0.0,0.0,1594.13,0.9413943126533779,1.0,1224.9443788599974,1000.0,1223.8708788599974,1000.0,0.14402923352666325,0.0
6759,1696863660000.0,0.0,0.0,0.11,1603.889090909091,0.0,0.0,1589.86,0.9413943126533779,1.0,1224.9443788599974,1000.0,1223.4011788599973,1000.0,0.14402923352666325,0.0
6760,1696867260000.0,0.0,0.0,0.3,1579.9433333333336,0.0,0.0,1566.08,0.9413943126533779,1.0,1224.8848678199975,1000.0,1220.7258678199973,1000.0,0.38696126668915143,0.0
6761,1696870860000.0,0.0,0.0,0.3,1579.9433333333336,0.0,0.0,1565.54,0.9413943126533779,1.0,1224.8848678199975,1000.0,1220.5638678199973,1000.0,0.38696126668915143,0.0
6762,1696874460000.0,0.0,0.0,0.3,1579.9433333333336,0.0,0.0,1580.98,0.9413943126533779,1.0,1224.8848678199975,1000.0,1225.1958678199974,1000.0,0.38696126668915143,0.0
6763,1696878060000.0,0.0,0.0,0.3,1579.9433333333336,0.0,0.0,1576.91,0.9413943126533779,1.0,1224.8848678199975,1000.0,1223.9748678199974,1000.0,0.38696126668915143,0.0
6764,1696881660000.0,0.0,0.0,0.3,1579.9433333333336,0.0,0.0,1580.18,0.9413943126533779,1.0,1224.8848678199975,1000.0,1224.9558678199974,1000.0,0.38696126668915143,0.0
6765,1696885260000.0,0.0,0.0,0.3,1579.9433333333336,0.0,0.0,1576.85,0.9413943126533779,1.0,1224.8848678199975,1000.0,1223.9568678199973,1000.0,0.38696126668915143,0.0
6766,1696888860000.0,0.0,0.0,0.3,1579.9433333333336,0.0,0.0,1576.94,0.9413943126533779,1.0,1224.8848678199975,1000.0,1223.9838678199974,1000.0,0.38696126668915143,0.0
6767,1696892460000.0,0.0,0.0,0.3,1579.9433333333336,0.0,0.0,1577.49,0.9413943126533779,1.0,1224.8848678199975,1000.0,1224.1488678199973,1000.0,0.38696126668915143,0.0
6768,1696896060000.0,0.0,0.0,0.3,1579.9433333333336,0.0,0.0,1579.39,0.9413943126533779,1.0,1224.8848678199975,1000.0,1224.7188678199973,1000.0,0.38696126668915143,0.0
6769,1696899660000.0,0.0,0.0,0.3,1579.9433333333336,0.0,0.0,1576.8,0.9413943126533779,1.0,1224.8848678199975,1000.0,1223.9418678199972,1000.0,0.38696126668915143,0.0
6770,1696903260000.0,0.0,0.0,0.3,1579.9433333333336,0.0,0.0,1579.77,0.9413943126533779,1.0,1224.8848678199975,1000.0,1224.8328678199973,1000.0,0.38696126668915143,0.0
6771,1696906860000.0,0.0,0.0,0.25,1579.9433333333336,0.0,0.0,1586.97,0.9413943126533779,1.0,1225.4447865533307,1000.0,1227.2014532199973,1000.0,0.32232038331507795,0.0
6772,1696910460000.0,0.0,0.0,0.25,1579.9433333333336,0.0,0.0,1583.59,0.9413943126533779,1.0,1225.4447865533307,1000.0,1226.3564532199973,1000.0,0.32232038331507795,0.0
6773,1696914060000.0,0.0,0.0,0.25,1579.9433333333336,0.0,0.0,1583.08,0.9413943126533779,1.0,1225.4447865533307,1000.0,1226.2289532199973,1000.0,0.32232038331507795,0.0
6774,1696917660000.0,0.0,0.0,0.25,1579.9433333333336,0.0,0.0,1585.56,0.9413943126533779,1.0,1225.4447865533307,1000.0,1226.8489532199974,1000.0,0.32232038331507795,0.0
6775,1696921260000.0,0.0,0.0,0.25,1579.9433333333336,0.0,0.0,1589.96,0.9413943126533779,1.0,1225.4447865533307,1000.0,1227.9489532199973,1000.0,0.32232038331507795,0.0
6776,1696924860000.0,0.0,0.0,0.13,1579.9433333333336,0.0,0.0,1589.85,0.9413943126533779,1.0,1226.7885915133309,1000.0,1228.0764581799974,1000.0,0.16742300568671492,0.0
6777,1696928460000.0,0.0,0.0,0.08,1579.9433333333336,0.0,0.0,1587.62,0.9413943126533779,1.0,1227.3485102466645,1000.0,1227.9626435799978,1000.0,0.10298253968733342,0.0
6778,1696932060000.0,0.0,0.0,0.08,1579.9433333333336,0.0,0.0,1588.75,0.9413943126533779,1.0,1227.3485102466645,1000.0,1228.0530435799978,1000.0,0.10298253968733342,0.0
6779,1696935660000.0,0.0,0.0,0.08,1579.9433333333336,0.0,0.0,1584.53,0.9413943126533779,1.0,1227.3485102466645,1000.0,1227.7154435799978,1000.0,0.10298253968733342,0.0
6780,1696939260000.0,0.0,0.0,0.08,1579.9433333333336,0.0,0.0,1578.41,0.9413943126533779,1.0,1227.3485102466645,1000.0,1227.225843579998,1000.0,0.10298253968733342,0.0
6781,1696942860000.0,0.0,0.0,0.08,1579.9433333333336,0.0,0.0,1574.79,0.9413943126533779,1.0,1227.3485102466645,1000.0,1226.9362435799978,1000.0,0.10298253968733342,0.0
6782,1696946460000.0,0.0,0.0,0.08,1579.9433333333336,0.0,0.0,1575.86,0.9413943126533779,1.0,1227.3485102466645,1000.0,1227.021843579998,1000.0,0.10298253968733342,0.0
6783,1696950060000.0,0.0,0.0,0.08,1579.9433333333336,0.0,0.0,1573.08,0.9413943126533779,1.0,1227.3485102466645,1000.0,1226.7994435799978,1000.0,0.10298253968733342,0.0
6784,1696953660000.0,0.0,0.0,0.08,1579.9433333333336,0.0,0.0,1567.12,0.9413943126533779,1.0,1227.3485102466645,1000.0,1226.322643579998,1000.0,0.10298253968733342,0.0
6785,1696957260000.0,0.0,0.0,0.08,1579.9433333333336,0.0,0.0,1565.59,0.9413943126533779,1.0,1227.3485102466645,1000.0,1226.200243579998,1000.0,0.10298253968733342,0.0
6786,1696960860000.0,0.0,0.0,0.08,1579.9433333333336,0.0,0.0,1562.1,0.9413943126533779,1.0,1227.3485102466645,1000.0,1225.9210435799978,1000.0,0.10298253968733342,0.0
6787,1696964460000.0,0.0,0.0,0.08,1579.9433333333336,0.0,0.0,1566.79,0.9413943126533779,1.0,1227.3485102466645,1000.0,1226.296243579998,1000.0,0.10298253968733342,0.0
6788,1696968060000.0,0.0,0.0,0.08,1579.9433333333336,0.0,0.0,1565.31,0.9413943126533779,1.0,1227.3485102466645,1000.0,1226.177843579998,1000.0,0.10298253968733342,0.0
6789,1696971660000.0,0.0,0.0,0.08,1579.9433333333336,0.0,0.0,1560.87,0.9413943126533779,1.0,1227.3485102466645,1000.0,1225.822643579998,1000.0,0.10298253968733342,0.0
6790,1696975260000.0,0.0,0.0,0.08,1579.9433333333336,0.0,0.0,1565.34,0.9413943126533779,1.0,1227.3485102466645,1000.0,1226.1802435799978,1000.0,0.10298253968733342,0.0
6791,1696978860000.0,0.0,0.0,0.08,1579.9433333333336,0.0,0.0,1567.46,0.9413943126533779,1.0,1227.3485102466645,1000.0,1226.349843579998,1000.0,0.10298253968733342,0.0
6792,1696982460000.0,0.0,0.0,0.08,1579.9433333333336,0.0,0.0,1568.1,0.9413943126533779,1.0,1227.3485102466645,1000.0,1226.4010435799978,1000.0,0.10298253968733342,0.0
6793,1696986060000.0,0.0,0.0,0.08,1579.9433333333336,0.0,0.0,1572.29,0.9413943126533779,1.0,1227.3485102466645,1000.0,1226.7362435799978,1000.0,0.10298253968733342,0.0
6794,1696989660000.0,0.0,0.0,0.08,1579.9433333333336,0.0,0.0,1573.29,0.9413943126533779,1.0,1227.3485102466645,1000.0,1226.816243579998,1000.0,0.10298253968733342,0.0
6795,1696993260000.0,0.0,0.0,0.22,1557.038484848485,0.0,0.0,1559.5,0.9413943126533779,1.0,1227.3052796466645,1000.0,1227.8468129799978,1000.0,0.2791061623765562,0.0
6796,1696996860000.0,0.0,0.0,0.22,1557.038484848485,0.0,0.0,1558.89,0.9413943126533779,1.0,1227.3052796466645,1000.0,1227.7126129799979,1000.0,0.2791061623765562,0.0
6797,1697000460000.0,0.0,0.0,0.22,1557.038484848485,0.0,0.0,1558.73,0.9413943126533779,1.0,1227.3052796466645,1000.0,1227.6774129799978,1000.0,0.2791061623765562,0.0
6798,1697004060000.0,0.0,0.0,0.22,1557.038484848485,0.0,0.0,1555.46,0.9413943126533779,1.0,1227.3052796466645,1000.0,1226.9580129799979,1000.0,0.2791061623765562,0.0
6799,1697007660000.0,0.0,0.0,0.22,1557.038484848485,0.0,0.0,1556.51,0.9413943126533779,1.0,1227.3052796466645,1000.0,1227.1890129799979,1000.0,0.2791061623765562,0.0
6800,1697011260000.0,0.0,0.0,0.22,1557.038484848485,0.0,0.0,1556.48,0.9413943126533779,1.0,1227.3052796466645,1000.0,1227.182412979998,1000.0,0.2791061623765562,0.0
6801,1697014860000.0,0.0,0.0,0.22,1557.038484848485,0.0,0.0,1563.68,0.9413943126533779,1.0,1227.3052796466645,1000.0,1228.7664129799978,1000.0,0.2791061623765562,0.0
6802,1697018460000.0,0.0,0.0,0.16,1557.038484848485,0.0,0.0,1576.67,0.9413943126533779,1.0,1227.9675498757556,1000.0,1231.108592299998,1000.0,0.20287682488105155,0.0
6803,1697022060000.0,0.0,0.0,0.16,1557.038484848485,0.0,0.0,1575.99,0.9413943126533779,1.0,1227.9675498757556,1000.0,1230.999792299998,1000.0,0.20287682488105155,0.0
6804,1697025660000.0,0.0,0.0,0.16,1557.038484848485,0.0,0.0,1571.77,0.9413943126533779,1.0,1227.9675498757556,1000.0,1230.324592299998,1000.0,0.20287682488105155,0.0
6805,1697029260000.0,0.0,0.0,0.09,1557.038484848485,0.0,0.0,1572.64,0.9413943126533779,1.0,1228.7401984763617,1000.0,1230.144334839998,1000.0,0.11404645490570683,0.0
6806,1697032860000.0,0.0,0.0,0.03,1557.038484848485,0.0,0.0,1572.89,0.9413943126533779,1.0,1229.4024687054532,1000.0,1229.8780141599987,1000.0,0.03799500630142777,0.0
6807,1697036460000.0,0.0,0.0,0.0,1557.038484848485,0.0,0.0,1570.99,0.9413943126533779,1.0,1229.733603819999,1000.0,1229.733603819999,1000.0,0.0,0.0
6808,1697040060000.0,0.0,0.0,0.04,1558.67,0.0,0.0,1557.41,0.9413943126533779,1.0,1229.721134459999,1000.0,1229.6707344599988,1000.0,0.050699949974738,0.0
6809,1697043660000.0,0.0,0.0,0.04,1558.67,0.0,0.0,1551.45,0.9413943126533779,1.0,1229.721134459999,1000.0,1229.4323344599989,1000.0,0.050699949974738,0.0
6810,1697047260000.0,0.0,0.0,0.04,1558.67,0.0,0.0,1552.59,0.9413943126533779,1.0,1229.721134459999,1000.0,1229.4779344599988,1000.0,0.050699949974738,0.0
6811,1697050860000.0,0.0,0.0,0.04,1558.67,0.0,0.0,1557.2,0.9413943126533779,1.0,1229.721134459999,1000.0,1229.6623344599989,1000.0,0.050699949974738,0.0
6812,1697054460000.0,0.0,0.0,0.04,1558.67,0.0,0.0,1562.4,0.9413943126533779,1.0,1229.721134459999,1000.0,1229.870334459999,1000.0,0.050699949974738,0.0
6813,1697058060000.0,0.0,0.0,0.04,1558.67,0.0,0.0,1562.73,0.9413943126533779,1.0,1229.721134459999,1000.0,1229.8835344599988,1000.0,0.050699949974738,0.0
6814,1697061660000.0,0.0,0.0,0.04,1558.67,0.0,0.0,1564.64,0.9413943126533779,1.0,1229.721134459999,1000.0,1229.959934459999,1000.0,0.050699949974738,0.0
6815,1697065260000.0,0.0,0.0,0.04,1558.67,0.0,0.0,1565.04,0.9413943126533779,1.0,1229.721134459999,1000.0,1229.9759344599988,1000.0,0.050699949974738,0.0
6816,1697068860000.0,0.0,0.0,0.04,1558.67,0.0,0.0,1564.33,0.9413943126533779,1.0,1229.721134459999,1000.0,1229.947534459999,1000.0,0.050699949974738,0.0
6817,1697072460000.0,0.0,0.0,0.04,1558.67,0.0,0.0,1559.61,0.9413943126533779,1.0,1229.721134459999,1000.0,1229.7587344599988,1000.0,0.050699949974738,0.0
6818,1697076060000.0,0.0,0.0,0.04,1558.67,0.0,0.0,1558.3,0.9413943126533779,1.0,1229.721134459999,1000.0,1229.706334459999,1000.0,0.050699949974738,0.0
6819,1697079660000.0,0.0,0.0,0.04,1558.67,0.0,0.0,1563.87,0.9413943126533779,1.0,1229.721134459999,1000.0,1229.929134459999,1000.0,0.050699949974738,0.0
6820,1697083260000.0,0.0,0.0,0.04,1558.67,0.0,0.0,1561.01,0.9413943126533779,1.0,1229.721134459999,1000.0,1229.8147344599988,1000.0,0.050699949974738,0.0
6821,1697086860000.0,0.0,0.0,0.04,1558.67,0.0,0.0,1559.43,0.9413943126533779,1.0,1229.721134459999,1000.0,1229.751534459999,1000.0,0.050699949974738,0.0
6822,1697090460000.0,0.0,0.0,0.04,1558.67,0.0,0.0,1562.6,0.9413943126533779,1.0,1229.721134459999,1000.0,1229.878334459999,1000.0,0.050699949974738,0.0
6823,1697094060000.0,0.0,0.0,0.04,1558.67,0.0,0.0,1561.46,0.9413943126533779,1.0,1229.721134459999,1000.0,1229.8327344599988,1000.0,0.050699949974738,0.0
6824,1697097660000.0,0.0,0.0,0.04,1558.67,0.0,0.0,1558.19,0.9413943126533779,1.0,1229.721134459999,1000.0,1229.701934459999,1000.0,0.050699949974738,0.0
6825,1697101260000.0,0.0,0.0,0.04,1558.67,0.0,0.0,1557.2,0.9413943126533779,1.0,1229.721134459999,1000.0,1229.6623344599989,1000.0,0.050699949974738,0.0
6826,1697104860000.0,0.0,0.0,0.04,1558.67,0.0,0.0,1540.08,0.9413943126533779,1.0,1229.721134459999,1000.0,1228.9775344599989,1000.0,0.050699949974738,0.0
6827,1697108460000.0,0.0,0.0,0.04,1558.67,0.0,0.0,1546.36,0.9413943126533779,1.0,1229.721134459999,1000.0,1229.2287344599988,1000.0,0.050699949974738,0.0
6828,1697112060000.0,0.0,0.0,0.04,1558.67,0.0,0.0,1552.87,0.9413943126533779,1.0,1229.721134459999,1000.0,1229.489134459999,1000.0,0.050699949974738,0.0
6829,1697115660000.0,0.0,0.0,0.04,1558.67,0.0,0.0,1549.4,0.9413943126533779,1.0,1229.721134459999,1000.0,1229.350334459999,1000.0,0.050699949974738,0.0
6830,1697119260000.0,0.0,0.0,0.04,1558.67,0.0,0.0,1544.55,0.9413943126533779,1.0,1229.721134459999,1000.0,1229.1563344599988,1000.0,0.050699949974738,0.0
6831,1697122860000.0,0.0,0.0,0.04,1558.67,0.0,0.0,1543.03,0.9413943126533779,1.0,1229.721134459999,1000.0,1229.0955344599988,1000.0,0.050699949974738,0.0
6832,1697126460000.0,0.0,0.0,0.04,1558.67,0.0,0.0,1541.61,0.9413943126533779,1.0,1229.721134459999,1000.0,1229.038734459999,1000.0,0.050699949974738,0.0
6833,1697130060000.0,0.0,0.0,0.11,1537.065454545455,0.0,0.0,1527.99,0.9413943126533779,1.0,1229.6997883799988,1000.0,1228.7014883799989,1000.0,0.1374946971591673,0.0
6834,1697133660000.0,0.0,0.0,0.11,1537.065454545455,0.0,0.0,1529.56,0.9413943126533779,1.0,1229.6997883799988,1000.0,1228.8741883799987,1000.0,0.1374946971591673,0.0
6835,1697137260000.0,0.0,0.0,0.11,1537.065454545455,0.0,0.0,1529.61,0.9413943126533779,1.0,1229.6997883799988,1000.0,1228.8796883799987,1000.0,0.1374946971591673,0.0
6836,1697140860000.0,0.0,0.0,0.11,1537.065454545455,0.0,0.0,1530.0,0.9413943126533779,1.0,1229.6997883799988,1000.0,1228.9225883799988,1000.0,0.1374946971591673,0.0
6837,1697144460000.0,0.0,0.0,0.11,1537.065454545455,0.0,0.0,1535.72,0.9413943126533779,1.0,1229.6997883799988,1000.0,1229.5517883799987,1000.0,0.1374946971591673,0.0
6838,1697148060000.0,0.0,0.0,0.11,1537.065454545455,0.0,0.0,1537.24,0.9413943126533779,1.0,1229.6997883799988,1000.0,1229.7189883799988,1000.0,0.1374946971591673,0.0
6839,1697151660000.0,0.0,0.0,0.11,1537.065454545455,0.0,0.0,1538.38,0.9413943126533779,1.0,1229.6997883799988,1000.0,1229.8443883799987,1000.0,0.1374946971591673,0.0
6840,1697155260000.0,0.0,0.0,0.11,1537.065454545455,0.0,0.0,1538.85,0.9413943126533779,1.0,1229.6997883799988,1000.0,1229.8960883799987,1000.0,0.1374946971591673,0.0
6841,1697158860000.0,0.0,0.0,0.11,1537.065454545455,0.0,0.0,1544.22,0.9413943126533779,1.0,1229.6997883799988,1000.0,1230.4867883799989,1000.0,0.1374946971591673,0.0
6842,1697162460000.0,0.0,0.0,0.11,1537.065454545455,0.0,0.0,1543.12,0.9413943126533779,1.0,1229.6997883799988,1000.0,1230.3657883799988,1000.0,0.1374946971591673,0.0
6843,1697166060000.0,0.0,0.0,0.11,1537.065454545455,0.0,0.0,1542.49,0.9413943126533779,1.0,1229.6997883799988,1000.0,1230.296488379999,1000.0,0.1374946971591673,0.0
6844,1697169660000.0,0.0,0.0,0.11,1537.065454545455,0.0,0.0,1538.41,0.9413943126533779,1.0,1229.6997883799988,1000.0,1229.8476883799988,1000.0,0.1374946971591673,0.0
6845,1697173260000.0,0.0,0.0,0.11,1537.065454545455,0.0,0.0,1541.36,0.9413943126533779,1.0,1229.6997883799988,1000.0,1230.1721883799987,1000.0,0.1374946971591673,0.0
6846,1697176860000.0,0.0,0.0,0.11,1537.065454545455,0.0,0.0,1540.49,0.9413943126533779,1.0,1229.6997883799988,1000.0,1230.0764883799989,1000.0,0.1374946971591673,0.0
6847,1697180460000.0,0.0,0.0,0.11,1537.065454545455,0.0,0.0,1539.68,0.9413943126533779,1.0,1229.6997883799988,1000.0,1229.9873883799987,1000.0,0.1374946971591673,0.0
6848,1697184060000.0,0.0,0.0,0.07,1537.065454545455,0.0,0.0,1549.86,0.9413943126533779,1.0,1230.1355840381814,1000.0,1231.0312022199996,1000.0,0.08746562835372974,0.0
6849,1697187660000.0,0.0,0.0,0.02,1537.065454545455,0.0,0.0,1547.94,0.9413943126533779,1.0,1230.6803286109096,1000.0,1230.8978195200004,1000.0,0.02497911795308157,0.0
6850,1697191260000.0,0.0,0.0,0.0,1537.065454545455,0.0,0.0,1543.25,0.9413943126533779,1.0,1230.8982264400008,1000.0,1230.8982264400008,1000.0,0.0,0.0
6851,1697194860000.0,0.0,0.0,0.0,1537.065454545455,0.0,0.0,1544.84,0.9413943126533779,1.0,1230.8982264400008,1000.0,1230.8982264400008,1000.0,0.0,0.0
6852,1697198460000.0,0.0,0.0,0.0,1537.065454545455,0.0,0.0,1545.81,0.9413943126533779,1.0,1230.8982264400008,1000.0,1230.8982264400008,1000.0,0.0,0.0
6853,1697202060000.0,0.0,0.0,0.0,1537.065454545455,0.0,0.0,1550.71,0.9413943126533779,1.0,1230.8982264400008,1000.0,1230.8982264400008,1000.0,0.0,0.0
6854,1697205660000.0,0.0,0.0,0.0,1537.065454545455,0.0,0.0,1547.67,0.9413943126533779,1.0,1230.8982264400008,1000.0,1230.8982264400008,1000.0,0.0,0.0
6855,1697209260000.0,0.0,0.0,0.0,1537.065454545455,0.0,0.0,1540.79,0.9413943126533779,1.0,1230.8982264400008,1000.0,1230.8982264400008,1000.0,0.0,0.0
6856,1697212860000.0,0.0,0.0,0.0,1537.065454545455,0.0,0.0,1539.3,0.9413943126533779,1.0,1230.8982264400008,1000.0,1230.8982264400008,1000.0,0.0,0.0
6857,1697216460000.0,0.0,0.0,0.0,1537.065454545455,0.0,0.0,1547.14,0.9413943126533779,1.0,1230.8982264400008,1000.0,1230.8982264400008,1000.0,0.0,0.0
6858,1697220060000.0,0.0,0.0,0.0,1537.065454545455,0.0,0.0,1544.02,0.9413943126533779,1.0,1230.8982264400008,1000.0,1230.8982264400008,1000.0,0.0,0.0
6859,1697223660000.0,0.0,0.0,0.0,1537.065454545455,0.0,0.0,1543.03,0.9413943126533779,1.0,1230.8982264400008,1000.0,1230.8982264400008,1000.0,0.0,0.0
6860,1697227260000.0,0.0,0.0,0.0,1537.065454545455,0.0,0.0,1545.25,0.9413943126533779,1.0,1230.8982264400008,1000.0,1230.8982264400008,1000.0,0.0,0.0
6861,1697230860000.0,0.0,0.0,0.0,1537.065454545455,0.0,0.0,1569.73,0.9413943126533779,1.0,1230.8982264400008,1000.0,1230.8982264400008,1000.0,0.0,0.0
6862,1697234460000.0,0.0,0.0,0.0,1537.065454545455,0.0,0.0,1559.01,0.9413943126533779,1.0,1230.8982264400008,1000.0,1230.8982264400008,1000.0,0.0,0.0
6863,1697238060000.0,0.0,0.0,0.0,1537.065454545455,0.0,0.0,1548.7,0.9413943126533779,1.0,1230.8982264400008,1000.0,1230.8982264400008,1000.0,0.0,0.0
6864,1697241660000.0,0.0,0.0,0.0,1537.065454545455,0.0,0.0,1550.47,0.9413943126533779,1.0,1230.8982264400008,1000.0,1230.8982264400008,1000.0,0.0,0.0
6865,1697245260000.0,0.0,0.0,0.0,1537.065454545455,0.0,0.0,1552.0,0.9413943126533779,1.0,1230.8982264400008,1000.0,1230.8982264400008,1000.0,0.0,0.0
6866,1697248860000.0,0.0,0.0,0.0,1537.065454545455,0.0,0.0,1554.51,0.9413943126533779,1.0,1230.8982264400008,1000.0,1230.8982264400008,1000.0,0.0,0.0
6867,1697252460000.0,0.0,0.0,0.0,1537.065454545455,0.0,0.0,1553.68,0.9413943126533779,1.0,1230.8982264400008,1000.0,1230.8982264400008,1000.0,0.0,0.0
6868,1697256060000.0,0.0,0.0,0.0,1537.065454545455,0.0,0.0,1553.0,0.9413943126533779,1.0,1230.8982264400008,1000.0,1230.8982264400008,1000.0,0.0,0.0
6869,1697259660000.0,0.0,0.0,0.0,1537.065454545455,0.0,0.0,1551.51,0.9413943126533779,1.0,1230.8982264400008,1000.0,1230.8982264400008,1000.0,0.0,0.0
6870,1697263260000.0,0.0,0.0,0.0,1537.065454545455,0.0,0.0,1549.17,0.9413943126533779,1.0,1230.8982264400008,1000.0,1230.8982264400008,1000.0,0.0,0.0
6871,1697266860000.0,0.0,0.0,0.0,1537.065454545455,0.0,0.0,1545.53,0.9413943126533779,1.0,1230.8982264400008,1000.0,1230.8982264400008,1000.0,0.0,0.0
6872,1697270460000.0,0.0,0.0,0.0,1537.065454545455,0.0,0.0,1547.72,0.9413943126533779,1.0,1230.8982264400008,1000.0,1230.8982264400008,1000.0,0.0,0.0
6873,1697274060000.0,0.0,0.0,0.0,1537.065454545455,0.0,0.0,1547.01,0.9413943126533779,1.0,1230.8982264400008,1000.0,1230.8982264400008,1000.0,0.0,0.0
6874,1697277660000.0,0.0,0.0,0.0,1537.065454545455,0.0,0.0,1547.05,0.9413943126533779,1.0,1230.8982264400008,1000.0,1230.8982264400008,1000.0,0.0,0.0
6875,1697281260000.0,0.0,0.0,0.0,1537.065454545455,0.0,0.0,1547.73,0.9413943126533779,1.0,1230.8982264400008,1000.0,1230.8982264400008,1000.0,0.0,0.0
6876,1697284860000.0,0.0,0.0,0.0,1537.065454545455,0.0,0.0,1547.04,0.9413943126533779,1.0,1230.8982264400008,1000.0,1230.8982264400008,1000.0,0.0,0.0
6877,1697288460000.0,0.0,0.0,0.0,1537.065454545455,0.0,0.0,1550.28,0.9413943126533779,1.0,1230.8982264400008,1000.0,1230.8982264400008,1000.0,0.0,0.0
6878,1697292060000.0,0.0,0.0,0.0,1537.065454545455,0.0,0.0,1550.99,0.9413943126533779,1.0,1230.8982264400008,1000.0,1230.8982264400008,1000.0,0.0,0.0
6879,1697295660000.0,0.0,0.0,0.0,1537.065454545455,0.0,0.0,1549.26,0.9413943126533779,1.0,1230.8982264400008,1000.0,1230.8982264400008,1000.0,0.0,0.0
6880,1697299260000.0,0.0,0.0,0.0,1537.065454545455,0.0,0.0,1554.71,0.9413943126533779,1.0,1230.8982264400008,1000.0,1230.8982264400008,1000.0,0.0,0.0
6881,1697302860000.0,0.0,0.0,0.0,1537.065454545455,0.0,0.0,1554.52,0.9413943126533779,1.0,1230.8982264400008,1000.0,1230.8982264400008,1000.0,0.0,0.0
6882,1697306460000.0,0.0,0.0,0.0,1537.065454545455,0.0,0.0,1553.56,0.9413943126533779,1.0,1230.8982264400008,1000.0,1230.8982264400008,1000.0,0.0,0.0
6883,1697310060000.0,0.0,0.0,0.0,1537.065454545455,0.0,0.0,1553.22,0.9413943126533779,1.0,1230.8982264400008,1000.0,1230.8982264400008,1000.0,0.0,0.0
6884,1697313660000.0,0.0,0.0,0.0,1537.065454545455,0.0,0.0,1554.68,0.9413943126533779,1.0,1230.8982264400008,1000.0,1230.8982264400008,1000.0,0.0,0.0
6885,1697317260000.0,0.0,0.0,0.0,1537.065454545455,0.0,0.0,1558.05,0.9413943126533779,1.0,1230.8982264400008,1000.0,1230.8982264400008,1000.0,0.0,0.0
6886,1697320860000.0,0.0,0.0,0.0,1537.065454545455,0.0,0.0,1554.95,0.9413943126533779,1.0,1230.8982264400008,1000.0,1230.8982264400008,1000.0,0.0,0.0
6887,1697324460000.0,0.0,0.0,0.0,1537.065454545455,0.0,0.0,1556.24,0.9413943126533779,1.0,1230.8982264400008,1000.0,1230.8982264400008,1000.0,0.0,0.0
6888,1697328060000.0,0.0,0.0,0.0,1537.065454545455,0.0,0.0,1554.67,0.9413943126533779,1.0,1230.8982264400008,1000.0,1230.8982264400008,1000.0,0.0,0.0
6889,1697331660000.0,0.0,0.0,0.0,1537.065454545455,0.0,0.0,1551.36,0.9413943126533779,1.0,1230.8982264400008,1000.0,1230.8982264400008,1000.0,0.0,0.0
6890,1697335260000.0,0.0,0.0,0.0,1537.065454545455,0.0,0.0,1556.3,0.9413943126533779,1.0,1230.8982264400008,1000.0,1230.8982264400008,1000.0,0.0,0.0
6891,1697338860000.0,0.0,0.0,0.0,1537.065454545455,0.0,0.0,1554.74,0.9413943126533779,1.0,1230.8982264400008,1000.0,1230.8982264400008,1000.0,0.0,0.0
6892,1697342460000.0,0.0,0.0,0.0,1537.065454545455,0.0,0.0,1553.9,0.9413943126533779,1.0,1230.8982264400008,1000.0,1230.8982264400008,1000.0,0.0,0.0
6893,1697346060000.0,0.0,0.0,0.0,1537.065454545455,0.0,0.0,1554.0,0.9413943126533779,1.0,1230.8982264400008,1000.0,1230.8982264400008,1000.0,0.0,0.0
6894,1697349660000.0,0.0,0.0,0.0,1537.065454545455,0.0,0.0,1552.71,0.9413943126533779,1.0,1230.8982264400008,1000.0,1230.8982264400008,1000.0,0.0,0.0
6895,1697353260000.0,0.0,0.0,0.0,1537.065454545455,0.0,0.0,1553.01,0.9413943126533779,1.0,1230.8982264400008,1000.0,1230.8982264400008,1000.0,0.0,0.0
6896,1697356860000.0,0.0,0.0,0.0,1537.065454545455,0.0,0.0,1554.44,0.9413943126533779,1.0,1230.8982264400008,1000.0,1230.8982264400008,1000.0,0.0,0.0
6897,1697360460000.0,0.0,0.0,0.0,1537.065454545455,0.0,0.0,1556.84,0.9413943126533779,1.0,1230.8982264400008,1000.0,1230.8982264400008,1000.0,0.0,0.0
6898,1697364060000.0,0.0,0.0,0.0,1537.065454545455,0.0,0.0,1556.58,0.9413943126533779,1.0,1230.8982264400008,1000.0,1230.8982264400008,1000.0,0.0,0.0
6899,1697367660000.0,0.0,0.0,0.0,1537.065454545455,0.0,0.0,1555.88,0.9413943126533779,1.0,1230.8982264400008,1000.0,1230.8982264400008,1000.0,0.0,0.0
6900,1697371260000.0,0.0,0.0,0.0,1537.065454545455,0.0,0.0,1553.88,0.9413943126533779,1.0,1230.8982264400008,1000.0,1230.8982264400008,1000.0,0.0,0.0
6901,1697374860000.0,0.0,0.0,0.0,1537.065454545455,0.0,0.0,1551.71,0.9413943126533779,1.0,1230.8982264400008,1000.0,1230.8982264400008,1000.0,0.0,0.0
6902,1697378460000.0,0.0,0.0,0.0,1537.065454545455,0.0,0.0,1550.72,0.9413943126533779,1.0,1230.8982264400008,1000.0,1230.8982264400008,1000.0,0.0,0.0
6903,1697382060000.0,0.0,0.0,0.0,1537.065454545455,0.0,0.0,1552.65,0.9413943126533779,1.0,1230.8982264400008,1000.0,1230.8982264400008,1000.0,0.0,0.0
6904,1697385660000.0,0.0,0.0,0.0,1537.065454545455,0.0,0.0,1553.63,0.9413943126533779,1.0,1230.8982264400008,1000.0,1230.8982264400008,1000.0,0.0,0.0
6905,1697389260000.0,0.0,0.0,0.0,1537.065454545455,0.0,0.0,1554.55,0.9413943126533779,1.0,1230.8982264400008,1000.0,1230.8982264400008,1000.0,0.0,0.0
6906,1697392860000.0,0.0,0.0,0.0,1537.065454545455,0.0,0.0,1557.44,0.9413943126533779,1.0,1230.8982264400008,1000.0,1230.8982264400008,1000.0,0.0,0.0
6907,1697396460000.0,0.0,0.0,0.0,1537.065454545455,0.0,0.0,1561.71,0.9413943126533779,1.0,1230.8982264400008,1000.0,1230.8982264400008,1000.0,0.0,0.0
6908,1697400060000.0,0.0,0.0,0.0,1537.065454545455,0.0,0.0,1559.53,0.9413943126533779,1.0,1230.8982264400008,1000.0,1230.8982264400008,1000.0,0.0,0.0
6909,1697403660000.0,0.0,0.0,0.0,1537.065454545455,0.0,0.0,1563.65,0.9413943126533779,1.0,1230.8982264400008,1000.0,1230.8982264400008,1000.0,0.0,0.0
6910,1697407260000.0,0.0,0.0,0.0,1537.065454545455,0.0,0.0,1561.55,0.9413943126533779,1.0,1230.8982264400008,1000.0,1230.8982264400008,1000.0,0.0,0.0
6911,1697410860000.0,0.0,0.0,0.0,1537.065454545455,0.0,0.0,1553.32,0.9413943126533779,1.0,1230.8982264400008,1000.0,1230.8982264400008,1000.0,0.0,0.0
6912,1697414460000.0,0.0,0.0,0.0,1537.065454545455,0.0,0.0,1558.23,0.9413943126533779,1.0,1230.8982264400008,1000.0,1230.8982264400008,1000.0,0.0,0.0
6913,1697418060000.0,0.0,0.0,0.0,1537.065454545455,0.0,0.0,1556.03,0.9413943126533779,1.0,1230.8982264400008,1000.0,1230.8982264400008,1000.0,0.0,0.0
6914,1697421660000.0,0.0,0.0,0.0,1537.065454545455,0.0,0.0,1561.15,0.9413943126533779,1.0,1230.8982264400008,1000.0,1230.8982264400008,1000.0,0.0,0.0
6915,1697425260000.0,0.0,0.0,0.0,1537.065454545455,0.0,0.0,1561.25,0.9413943126533779,1.0,1230.8982264400008,1000.0,1230.8982264400008,1000.0,0.0,0.0
6916,1697428860000.0,0.0,0.0,0.0,1537.065454545455,0.0,0.0,1562.75,0.9413943126533779,1.0,1230.8982264400008,1000.0,1230.8982264400008,1000.0,0.0,0.0
6917,1697432460000.0,0.0,0.0,0.0,1537.065454545455,0.0,0.0,1562.52,0.9413943126533779,1.0,1230.8982264400008,1000.0,1230.8982264400008,1000.0,0.0,0.0
6918,1697436060000.0,0.0,0.0,0.0,1537.065454545455,0.0,0.0,1586.52,0.9413943126533779,1.0,1230.8982264400008,1000.0,1230.8982264400008,1000.0,0.0,0.0
6919,1697439660000.0,0.0,0.0,0.0,1537.065454545455,0.0,0.0,1577.24,0.9413943126533779,1.0,1230.8982264400008,1000.0,1230.8982264400008,1000.0,0.0,0.0
6920,1697443260000.0,0.0,0.0,0.0,1537.065454545455,0.0,0.0,1580.65,0.9413943126533779,1.0,1230.8982264400008,1000.0,1230.8982264400008,1000.0,0.0,0.0
6921,1697446860000.0,0.0,0.0,0.0,1537.065454545455,0.0,0.0,1579.6,0.9413943126533779,1.0,1230.8982264400008,1000.0,1230.8982264400008,1000.0,0.0,0.0
6922,1697450460000.0,0.0,0.0,0.0,1537.065454545455,0.0,0.0,1582.0,0.9413943126533779,1.0,1230.8982264400008,1000.0,1230.8982264400008,1000.0,0.0,0.0
6923,1697454060000.0,0.0,0.0,0.0,1537.065454545455,0.0,0.0,1584.59,0.9413943126533779,1.0,1230.8982264400008,1000.0,1230.8982264400008,1000.0,0.0,0.0
6924,1697457660000.0,0.0,0.0,0.0,1537.065454545455,0.0,0.0,1582.0,0.9413943126533779,1.0,1230.8982264400008,1000.0,1230.8982264400008,1000.0,0.0,0.0
6925,1697461260000.0,0.0,0.0,0.0,1537.065454545455,0.0,0.0,1583.29,0.9413943126533779,1.0,1230.8982264400008,1000.0,1230.8982264400008,1000.0,0.0,0.0
6926,1697464860000.0,0.0,0.0,0.0,1537.065454545455,0.0,0.0,1582.55,0.9413943126533779,1.0,1230.8982264400008,1000.0,1230.8982264400008,1000.0,0.0,0.0
6927,1697468460000.0,0.0,0.0,0.0,1537.065454545455,0.0,0.0,1585.89,0.9413943126533779,1.0,1230.8982264400008,1000.0,1230.8982264400008,1000.0,0.0,0.0
6928,1697472060000.0,0.0,0.0,0.0,1537.065454545455,0.0,0.0,1577.64,0.9413943126533779,1.0,1230.8982264400008,1000.0,1230.8982264400008,1000.0,0.0,0.0
6929,1697475660000.0,0.0,0.0,0.0,1537.065454545455,0.0,0.0,1577.48,0.9413943126533779,1.0,1230.8982264400008,1000.0,1230.8982264400008,1000.0,0.0,0.0
6930,1697479260000.0,0.0,0.0,0.0,1537.065454545455,0.0,0.0,1578.86,0.9413943126533779,1.0,1230.8982264400008,1000.0,1230.8982264400008,1000.0,0.0,0.0
6931,1697482860000.0,0.0,0.0,0.0,1537.065454545455,0.0,0.0,1588.68,0.9413943126533779,1.0,1230.8982264400008,1000.0,1230.8982264400008,1000.0,0.0,0.0
6932,1697486460000.0,0.0,0.0,0.0,1537.065454545455,0.0,0.0,1588.18,0.9413943126533779,1.0,1230.8982264400008,1000.0,1230.8982264400008,1000.0,0.0,0.0
6933,1697490060000.0,0.0,0.0,0.0,1537.065454545455,0.0,0.0,1586.1,0.9413943126533779,1.0,1230.8982264400008,1000.0,1230.8982264400008,1000.0,0.0,0.0
6934,1697493660000.0,0.0,0.0,0.0,1537.065454545455,0.0,0.0,1589.17,0.9413943126533779,1.0,1230.8982264400008,1000.0,1230.8982264400008,1000.0,0.0,0.0
6935,1697497260000.0,0.0,0.0,0.0,1537.065454545455,0.0,0.0,1601.52,0.9413943126533779,1.0,1230.8982264400008,1000.0,1230.8982264400008,1000.0,0.0,0.0
6936,1697500860000.0,0.0,0.0,0.0,1537.065454545455,0.0,0.0,1598.2,0.9413943126533779,1.0,1230.8982264400008,1000.0,1230.8982264400008,1000.0,0.0,0.0
6937,1697504460000.0,0.0,0.0,0.0,1537.065454545455,0.0,0.0,1592.66,0.9413943126533779,1.0,1230.8982264400008,1000.0,1230.8982264400008,1000.0,0.0,0.0
6938,1697508060000.0,0.0,0.0,0.0,1537.065454545455,0.0,0.0,1592.33,0.9413943126533779,1.0,1230.8982264400008,1000.0,1230.8982264400008,1000.0,0.0,0.0
6939,1697511660000.0,0.0,0.0,0.0,1537.065454545455,0.0,0.0,1594.95,0.9413943126533779,1.0,1230.8982264400008,1000.0,1230.8982264400008,1000.0,0.0,0.0
6940,1697515260000.0,0.0,0.0,0.0,1537.065454545455,0.0,0.0,1586.43,0.9413943126533779,1.0,1230.8982264400008,1000.0,1230.8982264400008,1000.0,0.0,0.0
6941,1697518860000.0,0.0,0.0,0.0,1537.065454545455,0.0,0.0,1587.55,0.9413943126533779,1.0,1230.8982264400008,1000.0,1230.8982264400008,1000.0,0.0,0.0
6942,1697522460000.0,0.0,0.0,0.0,1537.065454545455,0.0,0.0,1586.67,0.9413943126533779,1.0,1230.8982264400008,1000.0,1230.8982264400008,1000.0,0.0,0.0
6943,1697526060000.0,0.0,0.0,0.0,1537.065454545455,0.0,0.0,1583.89,0.9413943126533779,1.0,1230.8982264400008,1000.0,1230.8982264400008,1000.0,0.0,0.0
6944,1697529660000.0,0.0,0.0,0.0,1537.065454545455,0.0,0.0,1590.77,0.9413943126533779,1.0,1230.8982264400008,1000.0,1230.8982264400008,1000.0,0.0,0.0
6945,1697533260000.0,0.0,0.0,0.0,1537.065454545455,0.0,0.0,1588.19,0.9413943126533779,1.0,1230.8982264400008,1000.0,1230.8982264400008,1000.0,0.0,0.0
6946,1697536860000.0,0.0,0.0,0.0,1537.065454545455,0.0,0.0,1588.52,0.9413943126533779,1.0,1230.8982264400008,1000.0,1230.8982264400008,1000.0,0.0,0.0
6947,1697540460000.0,0.0,0.0,0.0,1537.065454545455,0.0,0.0,1585.3,0.9413943126533779,1.0,1230.8982264400008,1000.0,1230.8982264400008,1000.0,0.0,0.0
6948,1697544060000.0,0.0,0.0,0.0,1537.065454545455,0.0,0.0,1583.84,0.9413943126533779,1.0,1230.8982264400008,1000.0,1230.8982264400008,1000.0,0.0,0.0
6949,1697547660000.0,0.0,0.0,0.04,1576.17,0.0,0.0,1572.5,0.9413943126533779,1.0,1230.8856170800009,1000.0,1230.738817080001,1000.0,0.051220681373761075,0.0
6950,1697551260000.0,0.0,0.0,0.04,1576.17,0.0,0.0,1571.0,0.9413943126533779,1.0,1230.8856170800009,1000.0,1230.678817080001,1000.0,0.051220681373761075,0.0
6951,1697554860000.0,0.0,0.0,0.04,1576.17,0.0,0.0,1572.65,0.9413943126533779,1.0,1230.8856170800009,1000.0,1230.744817080001,1000.0,0.051220681373761075,0.0
6952,1697558460000.0,0.0,0.0,0.04,1576.17,0.0,0.0,1574.21,0.9413943126533779,1.0,1230.8856170800009,1000.0,1230.8072170800008,1000.0,0.051220681373761075,0.0
6953,1697562060000.0,0.0,0.0,0.04,1576.17,0.0,0.0,1573.1,0.9413943126533779,1.0,1230.8856170800009,1000.0,1230.7628170800008,1000.0,0.051220681373761075,0.0
6954,1697565660000.0,0.0,0.0,0.04,1576.17,0.0,0.0,1567.26,0.9413943126533779,1.0,1230.8856170800009,1000.0,1230.529217080001,1000.0,0.051220681373761075,0.0
6955,1697569260000.0,0.0,0.0,0.04,1576.17,0.0,0.0,1552.65,0.9413943126533779,1.0,1230.8856170800009,1000.0,1229.9448170800008,1000.0,0.051220681373761075,0.0
6956,1697572860000.0,0.0,0.0,0.04,1576.17,0.0,0.0,1563.75,0.9413943126533779,1.0,1230.8856170800009,1000.0,1230.388817080001,1000.0,0.051220681373761075,0.0
6957,1697576460000.0,0.0,0.0,0.04,1576.17,0.0,0.0,1556.85,0.9413943126533779,1.0,1230.8856170800009,1000.0,1230.112817080001,1000.0,0.051220681373761075,0.0
6958,1697580060000.0,0.0,0.0,0.04,1576.17,0.0,0.0,1559.89,0.9413943126533779,1.0,1230.8856170800009,1000.0,1230.2344170800009,1000.0,0.051220681373761075,0.0
6959,1697583660000.0,0.0,0.0,0.04,1576.17,0.0,0.0,1561.46,0.9413943126533779,1.0,1230.8856170800009,1000.0,1230.2972170800008,1000.0,0.051220681373761075,0.0
6960,1697587260000.0,0.0,0.0,0.04,1576.17,0.0,0.0,1563.77,0.9413943126533779,1.0,1230.8856170800009,1000.0,1230.3896170800008,1000.0,0.051220681373761075,0.0
6961,1697590860000.0,0.0,0.0,0.04,1576.17,0.0,0.0,1563.19,0.9413943126533779,1.0,1230.8856170800009,1000.0,1230.366417080001,1000.0,0.051220681373761075,0.0
6962,1697594460000.0,0.0,0.0,0.04,1576.17,0.0,0.0,1567.34,0.9413943126533779,1.0,1230.8856170800009,1000.0,1230.5324170800009,1000.0,0.051220681373761075,0.0
6963,1697598060000.0,0.0,0.0,0.04,1576.17,0.0,0.0,1566.82,0.9413943126533779,1.0,1230.8856170800009,1000.0,1230.5116170800009,1000.0,0.051220681373761075,0.0
6964,1697601660000.0,0.0,0.0,0.04,1576.17,0.0,0.0,1566.73,0.9413943126533779,1.0,1230.8856170800009,1000.0,1230.5080170800009,1000.0,0.051220681373761075,0.0
6965,1697605260000.0,0.0,0.0,0.04,1576.17,0.0,0.0,1570.22,0.9413943126533779,1.0,1230.8856170800009,1000.0,1230.6476170800008,1000.0,0.051220681373761075,0.0
6966,1697608860000.0,0.0,0.0,0.04,1576.17,0.0,0.0,1572.09,0.9413943126533779,1.0,1230.8856170800009,1000.0,1230.722417080001,1000.0,0.051220681373761075,0.0
6967,1697612460000.0,0.0,0.0,0.04,1576.17,0.0,0.0,1570.86,0.9413943126533779,1.0,1230.8856170800009,1000.0,1230.6732170800008,1000.0,0.051220681373761075,0.0
6968,1697616060000.0,0.0,0.0,0.04,1576.17,0.0,0.0,1570.78,0.9413943126533779,1.0,1230.8856170800009,1000.0,1230.670017080001,1000.0,0.051220681373761075,0.0
6969,1697619660000.0,0.0,0.0,0.04,1576.17,0.0,0.0,1577.19,0.9413943126533779,1.0,1230.8856170800009,1000.0,1230.9264170800009,1000.0,0.051220681373761075,0.0
6970,1697623260000.0,0.0,0.0,0.04,1576.17,0.0,0.0,1572.44,0.9413943126533779,1.0,1230.8856170800009,1000.0,1230.7364170800008,1000.0,0.051220681373761075,0.0
6971,1697626860000.0,0.0,0.0,0.04,1576.17,0.0,0.0,1579.26,0.9413943126533779,1.0,1230.8856170800009,1000.0,1231.0092170800008,1000.0,0.051220681373761075,0.0
6972,1697630460000.0,0.0,0.0,0.04,1576.17,0.0,0.0,1579.06,0.9413943126533779,1.0,1230.8856170800009,1000.0,1231.001217080001,1000.0,0.051220681373761075,0.0
6973,1697634060000.0,0.0,0.0,0.04,1576.17,0.0,0.0,1577.9,0.9413943126533779,1.0,1230.8856170800009,1000.0,1230.9548170800008,1000.0,0.051220681373761075,0.0
6974,1697637660000.0,0.0,0.0,0.04,1576.17,0.0,0.0,1571.71,0.9413943126533779,1.0,1230.8856170800009,1000.0,1230.7072170800009,1000.0,0.051220681373761075,0.0
6975,1697641260000.0,0.0,0.0,0.04,1576.17,0.0,0.0,1570.98,0.9413943126533779,1.0,1230.8856170800009,1000.0,1230.678017080001,1000.0,0.051220681373761075,0.0
6976,1697644860000.0,0.0,0.0,0.04,1576.17,0.0,0.0,1568.63,0.9413943126533779,1.0,1230.8856170800009,1000.0,1230.5840170800009,1000.0,0.051220681373761075,0.0
6977,1697648460000.0,0.0,0.0,0.04,1576.17,0.0,0.0,1570.44,0.9413943126533779,1.0,1230.8856170800009,1000.0,1230.656417080001,1000.0,0.051220681373761075,0.0
6978,1697652060000.0,0.0,0.0,0.04,1576.17,0.0,0.0,1568.48,0.9413943126533779,1.0,1230.8856170800009,1000.0,1230.5780170800008,1000.0,0.051220681373761075,0.0
6979,1697655660000.0,0.0,0.0,0.04,1576.17,0.0,0.0,1566.15,0.9413943126533779,1.0,1230.8856170800009,1000.0,1230.484817080001,1000.0,0.051220681373761075,0.0
6980,1697659260000.0,0.0,0.0,0.04,1576.17,0.0,0.0,1560.54,0.9413943126533779,1.0,1230.8856170800009,1000.0,1230.260417080001,1000.0,0.051220681373761075,0.0
6981,1697662860000.0,0.0,0.0,0.04,1576.17,0.0,0.0,1559.23,0.9413943126533779,1.0,1230.8856170800009,1000.0,1230.208017080001,1000.0,0.051220681373761075,0.0
6982,1697666460000.0,0.0,0.0,0.04,1576.17,0.0,0.0,1557.03,0.9413943126533779,1.0,1230.8856170800009,1000.0,1230.120017080001,1000.0,0.051220681373761075,0.0
6983,1697670060000.0,0.0,0.0,0.04,1576.17,0.0,0.0,1563.89,0.9413943126533779,1.0,1230.8856170800009,1000.0,1230.394417080001,1000.0,0.051220681373761075,0.0
6984,1697673660000.0,0.0,0.0,0.04,1576.17,0.0,0.0,1560.37,0.9413943126533779,1.0,1230.8856170800009,1000.0,1230.2536170800008,1000.0,0.051220681373761075,0.0
6985,1697677260000.0,0.0,0.0,0.04,1576.17,0.0,0.0,1565.11,0.9413943126533779,1.0,1230.8856170800009,1000.0,1230.443217080001,1000.0,0.051220681373761075,0.0
6986,1697680860000.0,0.0,0.0,0.11,1554.317272727273,0.0,0.0,1548.55,0.9413943126533779,1.0,1230.864031460001,1000.0,1230.229631460001,1000.0,0.13890640690604675,0.0
6987,1697684460000.0,0.0,0.0,0.11,1554.317272727273,0.0,0.0,1546.0,0.9413943126533779,1.0,1230.864031460001,1000.0,1229.949131460001,1000.0,0.13890640690604675,0.0
6988,1697688060000.0,0.0,0.0,0.11,1554.317272727273,0.0,0.0,1547.61,0.9413943126533779,1.0,1230.864031460001,1000.0,1230.1262314600008,1000.0,0.13890640690604675,0.0
6989,1697691660000.0,0.0,0.0,0.11,1554.317272727273,0.0,0.0,1549.29,0.9413943126533779,1.0,1230.864031460001,1000.0,1230.3110314600008,1000.0,0.13890640690604675,0.0
6990,1697695260000.0,0.0,0.0,0.11,1554.317272727273,0.0,0.0,1551.1,0.9413943126533779,1.0,1230.864031460001,1000.0,1230.5101314600008,1000.0,0.13890640690604675,0.0
6991,1697698860000.0,0.0,0.0,0.11,1554.317272727273,0.0,0.0,1551.02,0.9413943126533779,1.0,1230.864031460001,1000.0,1230.5013314600008,1000.0,0.13890640690604675,0.0
6992,1697702460000.0,0.0,0.0,0.11,1554.317272727273,0.0,0.0,1550.94,0.9413943126533779,1.0,1230.864031460001,1000.0,1230.492531460001,1000.0,0.13890640690604675,0.0
6993,1697706060000.0,0.0,0.0,0.11,1554.317272727273,0.0,0.0,1547.42,0.9413943126533779,1.0,1230.864031460001,1000.0,1230.1053314600008,1000.0,0.13890640690604675,0.0
6994,1697709660000.0,0.0,0.0,0.11,1554.317272727273,0.0,0.0,1546.85,0.9413943126533779,1.0,1230.864031460001,1000.0,1230.0426314600008,1000.0,0.13890640690604675,0.0
6995,1697713260000.0,0.0,0.0,0.11,1554.317272727273,0.0,0.0,1551.35,0.9413943126533779,1.0,1230.864031460001,1000.0,1230.537631460001,1000.0,0.13890640690604675,0.0
6996,1697716860000.0,0.0,0.0,0.11,1554.317272727273,0.0,0.0,1553.83,0.9413943126533779,1.0,1230.864031460001,1000.0,1230.810431460001,1000.0,0.13890640690604675,0.0
6997,1697720460000.0,0.0,0.0,0.11,1554.317272727273,0.0,0.0,1551.88,0.9413943126533779,1.0,1230.864031460001,1000.0,1230.5959314600009,1000.0,0.13890640690604675,0.0
6998,1697724060000.0,0.0,0.0,0.11,1554.317272727273,0.0,0.0,1552.83,0.9413943126533779,1.0,1230.864031460001,1000.0,1230.7004314600008,1000.0,0.13890640690604675,0.0
6999,1697727660000.0,0.0,0.0,0.11,1554.317272727273,0.0,0.0,1560.64,0.9413943126533779,1.0,1230.864031460001,1000.0,1231.559531460001,1000.0,0.13890640690604675,0.0
7000,1697731260000.0,0.0,0.0,0.1,1554.317272727273,0.0,0.0,1565.87,0.9413943126533779,1.0,1230.9742274327282,1000.0,1232.1295001600008,1000.0,0.12626724736300096,0.0
7001,1697734860000.0,0.0,0.0,0.05,1554.317272727273,0.0,0.0,1563.9,0.9413943126533779,1.0,1231.5252072963647,1000.0,1232.004343660001,1000.0,0.06310537792967923,0.0
7002,1697738460000.0,0.0,0.0,0.0,1554.317272727273,0.0,0.0,1561.67,0.9413943126533779,1.0,1232.0761871600012,1000.0,1232.0761871600012,1000.0,0.0,0.0
7003,1697742060000.0,0.0,0.0,0.0,1554.317272727273,0.0,0.0,1561.85,0.9413943126533779,1.0,1232.0761871600012,1000.0,1232.0761871600012,1000.0,0.0,0.0
7004,1697745660000.0,0.0,0.0,0.0,1554.317272727273,0.0,0.0,1567.79,0.9413943126533779,1.0,1232.0761871600012,1000.0,1232.0761871600012,1000.0,0.0,0.0
7005,1697749260000.0,0.0,0.0,0.0,1554.317272727273,0.0,0.0,1564.95,0.9413943126533779,1.0,1232.0761871600012,1000.0,1232.0761871600012,1000.0,0.0,0.0
7006,1697752860000.0,0.0,0.0,0.0,1554.317272727273,0.0,0.0,1564.15,0.9413943126533779,1.0,1232.0761871600012,1000.0,1232.0761871600012,1000.0,0.0,0.0
7007,1697756460000.0,0.0,0.0,0.0,1554.317272727273,0.0,0.0,1563.64,0.9413943126533779,1.0,1232.0761871600012,1000.0,1232.0761871600012,1000.0,0.0,0.0
7008,1697760060000.0,0.0,0.0,0.0,1554.317272727273,0.0,0.0,1566.37,0.9413943126533779,1.0,1232.0761871600012,1000.0,1232.0761871600012,1000.0,0.0,0.0
7009,1697763660000.0,0.0,0.0,0.0,1554.317272727273,0.0,0.0,1563.08,0.9413943126533779,1.0,1232.0761871600012,1000.0,1232.0761871600012,1000.0,0.0,0.0
7010,1697767260000.0,0.0,0.0,0.0,1554.317272727273,0.0,0.0,1563.85,0.9413943126533779,1.0,1232.0761871600012,1000.0,1232.0761871600012,1000.0,0.0,0.0
7011,1697770860000.0,0.0,0.0,0.0,1554.317272727273,0.0,0.0,1587.31,0.9413943126533779,1.0,1232.0761871600012,1000.0,1232.0761871600012,1000.0,0.0,0.0
7012,1697774460000.0,0.0,0.0,0.0,1554.317272727273,0.0,0.0,1587.2,0.9413943126533779,1.0,1232.0761871600012,1000.0,1232.0761871600012,1000.0,0.0,0.0
7013,1697778060000.0,0.0,0.0,0.0,1554.317272727273,0.0,0.0,1581.67,0.9413943126533779,1.0,1232.0761871600012,1000.0,1232.0761871600012,1000.0,0.0,0.0
7014,1697781660000.0,0.0,0.0,0.0,1554.317272727273,0.0,0.0,1582.12,0.9413943126533779,1.0,1232.0761871600012,1000.0,1232.0761871600012,1000.0,0.0,0.0
7015,1697785260000.0,0.0,0.0,0.0,1554.317272727273,0.0,0.0,1582.96,0.9413943126533779,1.0,1232.0761871600012,1000.0,1232.0761871600012,1000.0,0.0,0.0
7016,1697788860000.0,0.0,0.0,0.0,1554.317272727273,0.0,0.0,1583.11,0.9413943126533779,1.0,1232.0761871600012,1000.0,1232.0761871600012,1000.0,0.0,0.0
7017,1697792460000.0,0.0,0.0,0.0,1554.317272727273,0.0,0.0,1608.8,0.9413943126533779,1.0,1232.0761871600012,1000.0,1232.0761871600012,1000.0,0.0,0.0
7018,1697796060000.0,0.0,0.0,0.0,1554.317272727273,0.0,0.0,1618.58,0.9413943126533779,1.0,1232.0761871600012,1000.0,1232.0761871600012,1000.0,0.0,0.0
7019,1697799660000.0,0.0,0.0,0.0,1554.317272727273,0.0,0.0,1612.5,0.9413943126533779,1.0,1232.0761871600012,1000.0,1232.0761871600012,1000.0,0.0,0.0
7020,1697803260000.0,0.0,0.0,0.0,1554.317272727273,0.0,0.0,1614.44,0.9413943126533779,1.0,1232.0761871600012,1000.0,1232.0761871600012,1000.0,0.0,0.0
7021,1697806860000.0,0.0,0.0,0.0,1554.317272727273,0.0,0.0,1607.55,0.9413943126533779,1.0,1232.0761871600012,1000.0,1232.0761871600012,1000.0,0.0,0.0
7022,1697810460000.0,0.0,0.0,0.0,1554.317272727273,0.0,0.0,1607.58,0.9413943126533779,1.0,1232.0761871600012,1000.0,1232.0761871600012,1000.0,0.0,0.0
7023,1697814060000.0,0.0,0.0,0.0,1554.317272727273,0.0,0.0,1603.52,0.9413943126533779,1.0,1232.0761871600012,1000.0,1232.0761871600012,1000.0,0.0,0.0
7024,1697817660000.0,0.0,0.0,0.0,1554.317272727273,0.0,0.0,1604.11,0.9413943126533779,1.0,1232.0761871600012,1000.0,1232.0761871600012,1000.0,0.0,0.0
7025,1697821260000.0,0.0,0.0,0.0,1554.317272727273,0.0,0.0,1603.0,0.9413943126533779,1.0,1232.0761871600012,1000.0,1232.0761871600012,1000.0,0.0,0.0
7026,1697824860000.0,0.0,0.0,0.0,1554.317272727273,0.0,0.0,1608.21,0.9413943126533779,1.0,1232.0761871600012,1000.0,1232.0761871600012,1000.0,0.0,0.0
7027,1697828460000.0,0.0,0.0,0.0,1554.317272727273,0.0,0.0,1605.83,0.9413943126533779,1.0,1232.0761871600012,1000.0,1232.0761871600012,1000.0,0.0,0.0
7028,1697832060000.0,0.0,0.0,0.0,1554.317272727273,0.0,0.0,1604.31,0.9413943126533779,1.0,1232.0761871600012,1000.0,1232.0761871600012,1000.0,0.0,0.0
7029,1697835660000.0,0.0,0.0,0.0,1554.317272727273,0.0,0.0,1602.09,0.9413943126533779,1.0,1232.0761871600012,1000.0,1232.0761871600012,1000.0,0.0,0.0
7030,1697839260000.0,0.0,0.0,0.0,1554.317272727273,0.0,0.0,1607.09,0.9413943126533779,1.0,1232.0761871600012,1000.0,1232.0761871600012,1000.0,0.0,0.0
7031,1697842860000.0,0.0,0.0,0.0,1554.317272727273,0.0,0.0,1608.11,0.9413943126533779,1.0,1232.0761871600012,1000.0,1232.0761871600012,1000.0,0.0,0.0
7032,1697846460000.0,0.0,0.0,0.0,1554.317272727273,0.0,0.0,1603.82,0.9413943126533779,1.0,1232.0761871600012,1000.0,1232.0761871600012,1000.0,0.0,0.0
7033,1697850060000.0,0.0,0.0,0.0,1554.317272727273,0.0,0.0,1602.75,0.9413943126533779,1.0,1232.0761871600012,1000.0,1232.0761871600012,1000.0,0.0,0.0
7034,1697853660000.0,0.0,0.0,0.0,1554.317272727273,0.0,0.0,1594.95,0.9413943126533779,1.0,1232.0761871600012,1000.0,1232.0761871600012,1000.0,0.0,0.0
7035,1697857260000.0,0.0,0.0,0.0,1554.317272727273,0.0,0.0,1594.67,0.9413943126533779,1.0,1232.0761871600012,1000.0,1232.0761871600012,1000.0,0.0,0.0
7036,1697860860000.0,0.0,0.0,0.0,1554.317272727273,0.0,0.0,1597.19,0.9413943126533779,1.0,1232.0761871600012,1000.0,1232.0761871600012,1000.0,0.0,0.0
7037,1697864460000.0,0.0,0.0,0.0,1554.317272727273,0.0,0.0,1597.54,0.9413943126533779,1.0,1232.0761871600012,1000.0,1232.0761871600012,1000.0,0.0,0.0
7038,1697868060000.0,0.0,0.0,0.0,1554.317272727273,0.0,0.0,1599.12,0.9413943126533779,1.0,1232.0761871600012,1000.0,1232.0761871600012,1000.0,0.0,0.0
7039,1697871660000.0,0.0,0.0,0.0,1554.317272727273,0.0,0.0,1602.33,0.9413943126533779,1.0,1232.0761871600012,1000.0,1232.0761871600012,1000.0,0.0,0.0
7040,1697875260000.0,0.0,0.0,0.0,1554.317272727273,0.0,0.0,1605.76,0.9413943126533779,1.0,1232.0761871600012,1000.0,1232.0761871600012,1000.0,0.0,0.0
7041,1697878860000.0,0.0,0.0,0.0,1554.317272727273,0.0,0.0,1604.2,0.9413943126533779,1.0,1232.0761871600012,1000.0,1232.0761871600012,1000.0,0.0,0.0
7042,1697882460000.0,0.0,0.0,0.0,1554.317272727273,0.0,0.0,1606.05,0.9413943126533779,1.0,1232.0761871600012,1000.0,1232.0761871600012,1000.0,0.0,0.0
7043,1697886060000.0,0.0,0.0,0.0,1554.317272727273,0.0,0.0,1604.39,0.9413943126533779,1.0,1232.0761871600012,1000.0,1232.0761871600012,1000.0,0.0,0.0
7044,1697889660000.0,0.0,0.0,0.0,1554.317272727273,0.0,0.0,1608.9,0.9413943126533779,1.0,1232.0761871600012,1000.0,1232.0761871600012,1000.0,0.0,0.0
7045,1697893260000.0,0.0,0.0,0.0,1554.317272727273,0.0,0.0,1604.34,0.9413943126533779,1.0,1232.0761871600012,1000.0,1232.0761871600012,1000.0,0.0,0.0
7046,1697896860000.0,0.0,0.0,0.0,1554.317272727273,0.0,0.0,1612.17,0.9413943126533779,1.0,1232.0761871600012,1000.0,1232.0761871600012,1000.0,0.0,0.0
7047,1697900460000.0,0.0,0.0,0.0,1554.317272727273,0.0,0.0,1624.25,0.9413943126533779,1.0,1232.0761871600012,1000.0,1232.0761871600012,1000.0,0.0,0.0
7048,1697904060000.0,0.0,0.0,0.0,1554.317272727273,0.0,0.0,1625.35,0.9413943126533779,1.0,1232.0761871600012,1000.0,1232.0761871600012,1000.0,0.0,0.0
7049,1697907660000.0,0.0,0.0,0.0,1554.317272727273,0.0,0.0,1621.93,0.9413943126533779,1.0,1232.0761871600012,1000.0,1232.0761871600012,1000.0,0.0,0.0
7050,1697911260000.0,0.0,0.0,0.0,1554.317272727273,0.0,0.0,1638.43,0.9413943126533779,1.0,1232.0761871600012,1000.0,1232.0761871600012,1000.0,0.0,0.0
7051,1697914860000.0,0.0,0.0,0.0,1554.317272727273,0.0,0.0,1634.51,0.9413943126533779,1.0,1232.0761871600012,1000.0,1232.0761871600012,1000.0,0.0,0.0
7052,1697918460000.0,0.0,0.0,0.0,1554.317272727273,0.0,0.0,1634.78,0.9413943126533779,1.0,1232.0761871600012,1000.0,1232.0761871600012,1000.0,0.0,0.0
7053,1697922060000.0,0.0,0.0,0.0,1554.317272727273,0.0,0.0,1627.83,0.9413943126533779,1.0,1232.0761871600012,1000.0,1232.0761871600012,1000.0,0.0,0.0
7054,1697925660000.0,0.0,0.0,0.0,1554.317272727273,0.0,0.0,1629.23,0.9413943126533779,1.0,1232.0761871600012,1000.0,1232.0761871600012,1000.0,0.0,0.0
7055,1697929260000.0,0.0,0.0,0.0,1554.317272727273,0.0,0.0,1629.01,0.9413943126533779,1.0,1232.0761871600012,1000.0,1232.0761871600012,1000.0,0.0,0.0
7056,1697932860000.0,0.0,0.0,0.0,1554.317272727273,0.0,0.0,1628.11,0.9413943126533779,1.0,1232.0761871600012,1000.0,1232.0761871600012,1000.0,0.0,0.0
7057,1697936460000.0,0.0,0.0,0.0,1554.317272727273,0.0,0.0,1633.68,0.9413943126533779,1.0,1232.0761871600012,1000.0,1232.0761871600012,1000.0,0.0,0.0
7058,1697940060000.0,0.0,0.0,0.0,1554.317272727273,0.0,0.0,1630.53,0.9413943126533779,1.0,1232.0761871600012,1000.0,1232.0761871600012,1000.0,0.0,0.0
7059,1697943660000.0,0.0,0.0,0.0,1554.317272727273,0.0,0.0,1623.43,0.9413943126533779,1.0,1232.0761871600012,1000.0,1232.0761871600012,1000.0,0.0,0.0
7060,1697947260000.0,0.0,0.0,0.0,1554.317272727273,0.0,0.0,1628.59,0.9413943126533779,1.0,1232.0761871600012,1000.0,1232.0761871600012,1000.0,0.0,0.0
7061,1697950860000.0,0.0,0.0,0.0,1554.317272727273,0.0,0.0,1633.85,0.9413943126533779,1.0,1232.0761871600012,1000.0,1232.0761871600012,1000.0,0.0,0.0
7062,1697954460000.0,0.0,0.0,0.0,1554.317272727273,0.0,0.0,1643.44,0.9413943126533779,1.0,1232.0761871600012,1000.0,1232.0761871600012,1000.0,0.0,0.0
7063,1697958060000.0,0.0,0.0,0.0,1554.317272727273,0.0,0.0,1643.43,0.9413943126533779,1.0,1232.0761871600012,1000.0,1232.0761871600012,1000.0,0.0,0.0
7064,1697961660000.0,0.0,0.0,0.0,1554.317272727273,0.0,0.0,1630.57,0.9413943126533779,1.0,1232.0761871600012,1000.0,1232.0761871600012,1000.0,0.0,0.0
7065,1697965260000.0,0.0,0.0,0.0,1554.317272727273,0.0,0.0,1628.57,0.9413943126533779,1.0,1232.0761871600012,1000.0,1232.0761871600012,1000.0,0.0,0.0
7066,1697968860000.0,0.0,0.0,0.0,1554.317272727273,0.0,0.0,1629.52,0.9413943126533779,1.0,1232.0761871600012,1000.0,1232.0761871600012,1000.0,0.0,0.0
7067,1697972460000.0,0.0,0.0,0.0,1554.317272727273,0.0,0.0,1631.04,0.9413943126533779,1.0,1232.0761871600012,1000.0,1232.0761871600012,1000.0,0.0,0.0
7068,1697976060000.0,0.0,0.0,0.0,1554.317272727273,0.0,0.0,1628.83,0.9413943126533779,1.0,1232.0761871600012,1000.0,1232.0761871600012,1000.0,0.0,0.0
7069,1697979660000.0,0.0,0.0,0.0,1554.317272727273,0.0,0.0,1630.83,0.9413943126533779,1.0,1232.0761871600012,1000.0,1232.0761871600012,1000.0,0.0,0.0
7070,1697983260000.0,0.0,0.0,0.0,1554.317272727273,0.0,0.0,1634.1,0.9413943126533779,1.0,1232.0761871600012,1000.0,1232.0761871600012,1000.0,0.0,0.0
7071,1697986860000.0,0.0,0.0,0.0,1554.317272727273,0.0,0.0,1626.62,0.9413943126533779,1.0,1232.0761871600012,1000.0,1232.0761871600012,1000.0,0.0,0.0
7072,1697990460000.0,0.0,0.0,0.0,1554.317272727273,0.0,0.0,1623.86,0.9413943126533779,1.0,1232.0761871600012,1000.0,1232.0761871600012,1000.0,0.0,0.0
7073,1697994060000.0,0.0,0.0,0.0,1554.317272727273,0.0,0.0,1629.75,0.9413943126533779,1.0,1232.0761871600012,1000.0,1232.0761871600012,1000.0,0.0,0.0
7074,1697997660000.0,0.0,0.0,0.0,1554.317272727273,0.0,0.0,1635.98,0.9413943126533779,1.0,1232.0761871600012,1000.0,1232.0761871600012,1000.0,0.0,0.0
7075,1698001260000.0,0.0,0.0,0.0,1554.317272727273,0.0,0.0,1634.73,0.9413943126533779,1.0,1232.0761871600012,1000.0,1232.0761871600012,1000.0,0.0,0.0
7076,1698004860000.0,0.0,0.0,0.0,1554.317272727273,0.0,0.0,1635.59,0.9413943126533779,1.0,1232.0761871600012,1000.0,1232.0761871600012,1000.0,0.0,0.0
7077,1698008460000.0,0.0,0.0,0.0,1554.317272727273,0.0,0.0,1640.28,0.9413943126533779,1.0,1232.0761871600012,1000.0,1232.0761871600012,1000.0,0.0,0.0
7078,1698012060000.0,0.0,0.0,0.0,1554.317272727273,0.0,0.0,1634.37,0.9413943126533779,1.0,1232.0761871600012,1000.0,1232.0761871600012,1000.0,0.0,0.0
7079,1698015660000.0,0.0,0.0,0.0,1554.317272727273,0.0,0.0,1664.98,0.9413943126533779,1.0,1232.0761871600012,1000.0,1232.0761871600012,1000.0,0.0,0.0
7080,1698019260000.0,0.0,0.0,0.0,1554.317272727273,0.0,0.0,1662.17,0.9413943126533779,1.0,1232.0761871600012,1000.0,1232.0761871600012,1000.0,0.0,0.0
7081,1698022860000.0,0.0,0.0,0.0,1554.317272727273,0.0,0.0,1672.72,0.9413943126533779,1.0,1232.0761871600012,1000.0,1232.0761871600012,1000.0,0.0,0.0
7082,1698026460000.0,0.0,0.0,0.0,1554.317272727273,0.0,0.0,1677.02,0.9413943126533779,1.0,1232.0761871600012,1000.0,1232.0761871600012,1000.0,0.0,0.0
7083,1698030060000.0,0.0,0.0,0.0,1554.317272727273,0.0,0.0,1681.13,0.9413943126533779,1.0,1232.0761871600012,1000.0,1232.0761871600012,1000.0,0.0,0.0
7084,1698033660000.0,0.0,0.0,0.0,1554.317272727273,0.0,0.0,1691.31,0.9413943126533779,1.0,1232.0761871600012,1000.0,1232.0761871600012,1000.0,0.0,0.0
7085,1698037260000.0,0.0,0.0,0.0,1554.317272727273,0.0,0.0,1691.46,0.9413943126533779,1.0,1232.0761871600012,1000.0,1232.0761871600012,1000.0,0.0,0.0
7086,1698040860000.0,0.0,0.0,0.0,1554.317272727273,0.0,0.0,1693.34,0.9413943126533779,1.0,1232.0761871600012,1000.0,1232.0761871600012,1000.0,0.0,0.0
7087,1698044460000.0,0.0,0.0,0.0,1554.317272727273,0.0,0.0,1683.16,0.9413943126533779,1.0,1232.0761871600012,1000.0,1232.0761871600012,1000.0,0.0,0.0
7088,1698048060000.0,0.0,0.0,0.0,1554.317272727273,0.0,0.0,1675.01,0.9413943126533779,1.0,1232.0761871600012,1000.0,1232.0761871600012,1000.0,0.0,0.0
7089,1698051660000.0,0.0,0.0,0.0,1554.317272727273,0.0,0.0,1680.3,0.9413943126533779,1.0,1232.0761871600012,1000.0,1232.0761871600012,1000.0,0.0,0.0
7090,1698055260000.0,0.0,0.0,0.0,1554.317272727273,0.0,0.0,1669.9,0.9413943126533779,1.0,1232.0761871600012,1000.0,1232.0761871600012,1000.0,0.0,0.0
7091,1698058860000.0,0.0,0.0,0.0,1554.317272727273,0.0,0.0,1672.99,0.9413943126533779,1.0,1232.0761871600012,1000.0,1232.0761871600012,1000.0,0.0,0.0
7092,1698062460000.0,0.0,0.0,0.0,1554.317272727273,0.0,0.0,1676.27,0.9413943126533779,1.0,1232.0761871600012,1000.0,1232.0761871600012,1000.0,0.0,0.0
7093,1698066060000.0,0.0,0.0,0.0,1554.317272727273,0.0,0.0,1675.62,0.9413943126533779,1.0,1232.0761871600012,1000.0,1232.0761871600012,1000.0,0.0,0.0
7094,1698069660000.0,0.0,0.0,0.0,1554.317272727273,0.0,0.0,1669.74,0.9413943126533779,1.0,1232.0761871600012,1000.0,1232.0761871600012,1000.0,0.0,0.0
7095,1698073260000.0,0.0,0.0,0.0,1554.317272727273,0.0,0.0,1677.45,0.9413943126533779,1.0,1232.0761871600012,1000.0,1232.0761871600012,1000.0,0.0,0.0
7096,1698076860000.0,0.0,0.0,0.0,1554.317272727273,0.0,0.0,1677.85,0.9413943126533779,1.0,1232.0761871600012,1000.0,1232.0761871600012,1000.0,0.0,0.0
7097,1698080460000.0,0.0,0.0,0.0,1554.317272727273,0.0,0.0,1685.0,0.9413943126533779,1.0,1232.0761871600012,1000.0,1232.0761871600012,1000.0,0.0,0.0
7098,1698084060000.0,0.0,0.0,0.0,1554.317272727273,0.0,0.0,1688.5,0.9413943126533779,1.0,1232.0761871600012,1000.0,1232.0761871600012,1000.0,0.0,0.0
7099,1698087660000.0,0.0,0.0,0.0,1554.317272727273,0.0,0.0,1707.1,0.9413943126533779,1.0,1232.0761871600012,1000.0,1232.0761871600012,1000.0,0.0,0.0
7100,1698091260000.0,0.0,0.0,0.0,1554.317272727273,0.0,0.0,1707.44,0.9413943126533779,1.0,1232.0761871600012,1000.0,1232.0761871600012,1000.0,0.0,0.0
7101,1698094860000.0,0.0,0.0,0.0,1554.317272727273,0.0,0.0,1710.18,0.9413943126533779,1.0,1232.0761871600012,1000.0,1232.0761871600012,1000.0,0.0,0.0
7102,1698098460000.0,0.0,0.0,0.0,1554.317272727273,0.0,0.0,1715.82,0.9413943126533779,1.0,1232.0761871600012,1000.0,1232.0761871600012,1000.0,0.0,0.0
7103,1698102060000.0,0.0,0.0,0.0,1554.317272727273,0.0,0.0,1783.99,0.9413943126533779,1.0,1232.0761871600012,1000.0,1232.0761871600012,1000.0,0.0,0.0
7104,1698105660000.0,0.0,0.0,0.0,1554.317272727273,0.0,0.0,1766.66,0.9413943126533779,1.0,1232.0761871600012,1000.0,1232.0761871600012,1000.0,0.0,0.0
7105,1698109260000.0,0.0,0.0,0.0,1554.317272727273,0.0,0.0,1774.27,0.9413943126533779,1.0,1232.0761871600012,1000.0,1232.0761871600012,1000.0,0.0,0.0
7106,1698112860000.0,0.0,0.0,0.0,1554.317272727273,0.0,0.0,1785.37,0.9413943126533779,1.0,1232.0761871600012,1000.0,1232.0761871600012,1000.0,0.0,0.0
7107,1698116460000.0,0.0,0.0,0.0,1554.317272727273,0.0,0.0,1828.16,0.9413943126533779,1.0,1232.0761871600012,1000.0,1232.0761871600012,1000.0,0.0,0.0
7108,1698120060000.0,0.0,0.0,0.0,1554.317272727273,0.0,0.0,1811.85,0.9413943126533779,1.0,1232.0761871600012,1000.0,1232.0761871600012,1000.0,0.0,0.0
7109,1698123660000.0,0.0,0.0,0.0,1554.317272727273,0.0,0.0,1823.1,0.9413943126533779,1.0,1232.0761871600012,1000.0,1232.0761871600012,1000.0,0.0,0.0
7110,1698127260000.0,0.0,0.0,0.0,1554.317272727273,0.0,0.0,1816.15,0.9413943126533779,1.0,1232.0761871600012,1000.0,1232.0761871600012,1000.0,0.0,0.0
7111,1698130860000.0,0.0,0.0,0.0,1554.317272727273,0.0,0.0,1814.5,0.9413943126533779,1.0,1232.0761871600012,1000.0,1232.0761871600012,1000.0,0.0,0.0
7112,1698134460000.0,0.0,0.0,0.0,1554.317272727273,0.0,0.0,1807.22,0.9413943126533779,1.0,1232.0761871600012,1000.0,1232.0761871600012,1000.0,0.0,0.0
7113,1698138060000.0,0.0,0.0,0.0,1554.317272727273,0.0,0.0,1816.07,0.9413943126533779,1.0,1232.0761871600012,1000.0,1232.0761871600012,1000.0,0.0,0.0
7114,1698141660000.0,0.0,0.0,0.0,1554.317272727273,0.0,0.0,1828.25,0.9413943126533779,1.0,1232.0761871600012,1000.0,1232.0761871600012,1000.0,0.0,0.0
7115,1698145260000.0,0.0,0.0,0.0,1554.317272727273,0.0,0.0,1828.71,0.9413943126533779,1.0,1232.0761871600012,1000.0,1232.0761871600012,1000.0,0.0,0.0
7116,1698148860000.0,0.0,0.0,0.0,1554.317272727273,0.0,0.0,1845.99,0.9413943126533779,1.0,1232.0761871600012,1000.0,1232.0761871600012,1000.0,0.0,0.0
7117,1698152460000.0,0.0,0.0,0.0,1554.317272727273,0.0,0.0,1838.88,0.9413943126533779,1.0,1232.0761871600012,1000.0,1232.0761871600012,1000.0,0.0,0.0
7118,1698156060000.0,0.0,0.0,0.0,1554.317272727273,0.0,0.0,1827.5,0.9413943126533779,1.0,1232.0761871600012,1000.0,1232.0761871600012,1000.0,0.0,0.0
7119,1698159660000.0,0.0,0.0,0.0,1554.317272727273,0.0,0.0,1822.41,0.9413943126533779,1.0,1232.0761871600012,1000.0,1232.0761871600012,1000.0,0.0,0.0
7120,1698163260000.0,0.0,0.0,0.03,1778.51,0.0,0.0,1773.6,0.9413943126533779,1.0,1232.065516100001,1000.0,1231.918216100001,1000.0,0.043305570444737124,0.0
7121,1698166860000.0,0.0,0.0,0.0,1778.51,0.0,0.0,1782.21,0.9413943126533779,1.0,1232.4435672800014,1000.0,1232.4435672800014,1000.0,0.0,0.0
7122,1698170460000.0,0.0,0.0,0.03,1777.41,0.0,0.0,1774.26,0.9413943126533779,1.0,1232.4329028200013,1000.0,1232.3384028200014,1000.0,0.0432658848023208,0.0
7123,1698174060000.0,0.0,0.0,0.04,1772.91,0.0,0.0,1777.93,0.9413943126533779,1.0,1232.4293840000014,1000.0,1232.6301840000015,1000.0,0.05754195812001179,0.0
7124,1698177660000.0,0.0,0.0,0.04,1772.91,0.0,0.0,1780.24,0.9413943126533779,1.0,1232.4293840000014,1000.0,1232.7225840000015,1000.0,0.05754195812001179,0.0
7125,1698181260000.0,0.0,0.0,0.04,1772.91,0.0,0.0,1767.72,0.9413943126533779,1.0,1232.4293840000014,1000.0,1232.2217840000014,1000.0,0.05754195812001179,0.0
7126,1698184860000.0,0.0,0.0,0.01,1772.91,0.0,0.0,1781.15,0.9413943126533779,1.0,1232.8062690200015,1000.0,1232.8886690200015,1000.0,0.014381091697476077,0.0
7127,1698188460000.0,0.0,0.0,0.0,1772.91,0.0,0.0,1793.88,0.9413943126533779,1.0,1232.9318973600016,1000.0,1232.9318973600016,1000.0,0.0,0.0
7128,1698192060000.0,0.0,0.0,0.0,1772.91,0.0,0.0,1783.72,0.9413943126533779,1.0,1232.9318973600016,1000.0,1232.9318973600016,1000.0,0.0,0.0
7129,1698195660000.0,0.0,0.0,0.0,1772.91,0.0,0.0,1793.19,0.9413943126533779,1.0,1232.9318973600016,1000.0,1232.9318973600016,1000.0,0.0,0.0
7130,1698199260000.0,0.0,0.0,0.0,1772.91,0.0,0.0,1799.37,0.9413943126533779,1.0,1232.9318973600016,1000.0,1232.9318973600016,1000.0,0.0,0.0
7131,1698202860000.0,0.0,0.0,0.0,1772.91,0.0,0.0,1793.25,0.9413943126533779,1.0,1232.9318973600016,1000.0,1232.9318973600016,1000.0,0.0,0.0
7132,1698206460000.0,0.0,0.0,0.0,1772.91,0.0,0.0,1789.53,0.9413943126533779,1.0,1232.9318973600016,1000.0,1232.9318973600016,1000.0,0.0,0.0
7133,1698210060000.0,0.0,0.0,0.0,1772.91,0.0,0.0,1792.33,0.9413943126533779,1.0,1232.9318973600016,1000.0,1232.9318973600016,1000.0,0.0,0.0
7134,1698213660000.0,0.0,0.0,0.0,1772.91,0.0,0.0,1783.11,0.9413943126533779,1.0,1232.9318973600016,1000.0,1232.9318973600016,1000.0,0.0,0.0
7135,1698217260000.0,0.0,0.0,0.0,1772.91,0.0,0.0,1787.66,0.9413943126533779,1.0,1232.9318973600016,1000.0,1232.9318973600016,1000.0,0.0,0.0
7136,1698220860000.0,0.0,0.0,0.03,1776.48,0.0,0.0,1770.22,0.9413943126533779,1.0,1232.9212384800016,1000.0,1232.7334384800017,1000.0,0.043226118860360964,0.0
7137,1698224460000.0,0.0,0.0,0.03,1776.48,0.0,0.0,1770.45,0.9413943126533779,1.0,1232.9212384800016,1000.0,1232.7403384800016,1000.0,0.043226118860360964,0.0
7138,1698228060000.0,0.0,0.0,0.03,1776.48,0.0,0.0,1776.86,0.9413943126533779,1.0,1232.9212384800016,1000.0,1232.9326384800017,1000.0,0.043226118860360964,0.0
7139,1698231660000.0,0.0,0.0,0.03,1776.48,0.0,0.0,1781.7,0.9413943126533779,1.0,1232.9212384800016,1000.0,1233.0778384800017,1000.0,0.043226118860360964,0.0
7140,1698235260000.0,0.0,0.0,0.02,1776.48,0.0,0.0,1788.99,0.9413943126533779,1.0,1233.0471596200016,1000.0,1233.2973596200015,1000.0,0.028814469684151783,0.0
7141,1698238860000.0,0.0,0.0,0.0,1776.48,0.0,0.0,1787.5,0.9413943126533779,1.0,1233.2990019000015,1000.0,1233.2990019000015,1000.0,0.0,0.0
7142,1698242460000.0,0.0,0.0,0.0,1776.48,0.0,0.0,1790.73,0.9413943126533779,1.0,1233.2990019000015,1000.0,1233.2990019000015,1000.0,0.0,0.0
7143,1698246060000.0,0.0,0.0,0.0,1776.48,0.0,0.0,1802.79,0.9413943126533779,1.0,1233.2990019000015,1000.0,1233.2990019000015,1000.0,0.0,0.0
7144,1698249660000.0,0.0,0.0,0.0,1776.48,0.0,0.0,1807.81,0.9413943126533779,1.0,1233.2990019000015,1000.0,1233.2990019000015,1000.0,0.0,0.0
7145,1698253260000.0,0.0,0.0,0.0,1776.48,0.0,0.0,1780.56,0.9413943126533779,1.0,1233.2990019000015,1000.0,1233.2990019000015,1000.0,0.0,0.0
7146,1698256860000.0,0.0,0.0,0.0,1776.48,0.0,0.0,1792.83,0.9413943126533779,1.0,1233.2990019000015,1000.0,1233.2990019000015,1000.0,0.0,0.0
7147,1698260460000.0,0.0,0.0,0.0,1776.48,0.0,0.0,1790.85,0.9413943126533779,1.0,1233.2990019000015,1000.0,1233.2990019000015,1000.0,0.0,0.0
7148,1698264060000.0,0.0,0.0,0.0,1776.48,0.0,0.0,1790.01,0.9413943126533779,1.0,1233.2990019000015,1000.0,1233.2990019000015,1000.0,0.0,0.0
7149,1698267660000.0,0.0,0.0,0.0,1776.48,0.0,0.0,1786.47,0.9413943126533779,1.0,1233.2990019000015,1000.0,1233.2990019000015,1000.0,0.0,0.0
7150,1698271260000.0,0.0,0.0,0.0,1776.48,0.0,0.0,1786.25,0.9413943126533779,1.0,1233.2990019000015,1000.0,1233.2990019000015,1000.0,0.0,0.0
7151,1698274860000.0,0.0,0.0,0.0,1776.48,0.0,0.0,1792.75,0.9413943126533779,1.0,1233.2990019000015,1000.0,1233.2990019000015,1000.0,0.0,0.0
7152,1698278460000.0,0.0,0.0,0.03,1778.27,0.0,0.0,1786.34,0.9413943126533779,1.0,1233.2883322800014,1000.0,1233.5304322800014,1000.0,0.04325679454160929,0.0
7153,1698282060000.0,0.0,0.0,0.0,1778.27,0.0,0.0,1793.83,0.9413943126533779,1.0,1233.6663849000015,1000.0,1233.6663849000015,1000.0,0.0,0.0
7154,1698285660000.0,0.0,0.0,0.0,1778.27,0.0,0.0,1792.98,0.9413943126533779,1.0,1233.6663849000015,1000.0,1233.6663849000015,1000.0,0.0,0.0
7155,1698289260000.0,0.0,0.0,0.0,1778.27,0.0,0.0,1795.31,0.9413943126533779,1.0,1233.6663849000015,1000.0,1233.6663849000015,1000.0,0.0,0.0
7156,1698292860000.0,0.0,0.0,0.0,1778.27,0.0,0.0,1816.56,0.9413943126533779,1.0,1233.6663849000015,1000.0,1233.6663849000015,1000.0,0.0,0.0
7157,1698296460000.0,0.0,0.0,0.0,1778.27,0.0,0.0,1806.35,0.9413943126533779,1.0,1233.6663849000015,1000.0,1233.6663849000015,1000.0,0.0,0.0
7158,1698300060000.0,0.0,0.0,0.0,1778.27,0.0,0.0,1798.2,0.9413943126533779,1.0,1233.6663849000015,1000.0,1233.6663849000015,1000.0,0.0,0.0
7159,1698303660000.0,0.0,0.0,0.0,1778.27,0.0,0.0,1810.33,0.9413943126533779,1.0,1233.6663849000015,1000.0,1233.6663849000015,1000.0,0.0,0.0
7160,1698307260000.0,0.0,0.0,0.0,1778.27,0.0,0.0,1854.79,0.9413943126533779,1.0,1233.6663849000015,1000.0,1233.6663849000015,1000.0,0.0,0.0
7161,1698310860000.0,0.0,0.0,0.0,1778.27,0.0,0.0,1847.79,0.9413943126533779,1.0,1233.6663849000015,1000.0,1233.6663849000015,1000.0,0.0,0.0
7162,1698314460000.0,0.0,0.0,0.0,1778.27,0.0,0.0,1840.09,0.9413943126533779,1.0,1233.6663849000015,1000.0,1233.6663849000015,1000.0,0.0,0.0
7163,1698318060000.0,0.0,0.0,0.0,1778.27,0.0,0.0,1833.14,0.9413943126533779,1.0,1233.6663849000015,1000.0,1233.6663849000015,1000.0,0.0,0.0
7164,1698321660000.0,0.0,0.0,0.0,1778.27,0.0,0.0,1816.15,0.9413943126533779,1.0,1233.6663849000015,1000.0,1233.6663849000015,1000.0,0.0,0.0
7165,1698325260000.0,0.0,0.0,0.0,1778.27,0.0,0.0,1823.08,0.9413943126533779,1.0,1233.6663849000015,1000.0,1233.6663849000015,1000.0,0.0,0.0
7166,1698328860000.0,0.0,0.0,0.0,1778.27,0.0,0.0,1808.24,0.9413943126533779,1.0,1233.6663849000015,1000.0,1233.6663849000015,1000.0,0.0,0.0
7167,1698332460000.0,0.0,0.0,0.03,1800.69,0.0,0.0,1792.6,0.9413943126533779,1.0,1233.6555807600016,1000.0,1233.4128807600016,1000.0,0.04378912627033243,0.0
7168,1698336060000.0,0.0,0.0,0.03,1800.69,0.0,0.0,1780.27,0.9413943126533779,1.0,1233.6555807600016,1000.0,1233.0429807600017,1000.0,0.04378912627033243,0.0
7169,1698339660000.0,0.0,0.0,0.08,1776.3274999999999,0.0,0.0,1766.96,0.9413943126533779,1.0,1233.6379636600016,1000.0,1232.8885636600016,1000.0,0.11519279090471098,0.0
7170,1698343260000.0,0.0,0.0,0.08,1776.3274999999999,0.0,0.0,1784.74,0.9413943126533779,1.0,1233.6379636600016,1000.0,1234.3109636600016,1000.0,0.11519279090471098,0.0
7171,1698346860000.0,0.0,0.0,0.06,1776.3274999999999,0.0,0.0,1782.81,0.9413943126533779,1.0,1233.8896565800017,1000.0,1234.2786065800017,1000.0,0.08637697012179281,0.0
7172,1698350460000.0,0.0,0.0,0.04,1776.3274999999999,0.0,0.0,1790.88,0.9413943126533779,1.0,1234.1413495000018,1000.0,1234.7234495000018,1000.0,0.057572902835470466,0.0
7173,1698354060000.0,0.0,0.0,0.04,1776.3274999999999,0.0,0.0,1798.74,0.9413943126533779,1.0,1234.1413495000018,1000.0,1235.0378495000018,1000.0,0.057572902835470466,0.0
7174,1698357660000.0,0.0,0.0,0.04,1776.3274999999999,0.0,0.0,1802.41,0.9413943126533779,1.0,1234.1413495000018,1000.0,1235.1846495000018,1000.0,0.057572902835470466,0.0
7175,1698361260000.0,0.0,0.0,0.01,1776.3274999999999,0.0,0.0,1807.36,0.9413943126533779,1.0,1235.0950736200018,1000.0,1235.4053986200017,1000.0,0.014382111449879506,0.0
7176,1698364860000.0,0.0,0.0,0.0,1776.3274999999999,0.0,0.0,1804.08,0.9413943126533779,1.0,1235.4129816600018,1000.0,1235.4129816600018,1000.0,0.0,0.0
7177,1698368460000.0,0.0,0.0,0.0,1776.3274999999999,0.0,0.0,1794.26,0.9413943126533779,1.0,1235.4129816600018,1000.0,1235.4129816600018,1000.0,0.0,0.0
7178,1698372060000.0,0.0,0.0,0.03,1789.78,0.0,0.0,1776.97,0.9413943126533779,1.0,1235.4022429800018,1000.0,1235.0179429800019,1000.0,0.043462281459423546,0.0
7179,1698375660000.0,0.0,0.0,0.03,1789.78,0.0,0.0,1790.49,0.9413943126533779,1.0,1235.4022429800018,1000.0,1235.423542980002,1000.0,0.043462281459423546,0.0
7180,1698379260000.0,0.0,0.0,0.03,1789.78,0.0,0.0,1790.62,0.9413943126533779,1.0,1235.4022429800018,1000.0,1235.4274429800018,1000.0,0.043462281459423546,0.0
7181,1698382860000.0,0.0,0.0,0.03,1789.78,0.0,0.0,1793.05,0.9413943126533779,1.0,1235.4022429800018,1000.0,1235.5003429800017,1000.0,0.043462281459423546,0.0
7182,1698386460000.0,0.0,0.0,0.03,1789.78,0.0,0.0,1793.73,0.9413943126533779,1.0,1235.4022429800018,1000.0,1235.5207429800018,1000.0,0.043462281459423546,0.0
7183,1698390060000.0,0.0,0.0,0.03,1789.78,0.0,0.0,1792.28,0.9413943126533779,1.0,1235.4022429800018,1000.0,1235.4772429800018,1000.0,0.043462281459423546,0.0
7184,1698393660000.0,0.0,0.0,0.03,1789.78,0.0,0.0,1776.9,0.9413943126533779,1.0,1235.4022429800018,1000.0,1235.0158429800017,1000.0,0.043462281459423546,0.0
7185,1698397260000.0,0.0,0.0,0.03,1789.78,0.0,0.0,1786.54,0.9413943126533779,1.0,1235.4022429800018,1000.0,1235.3050429800019,1000.0,0.043462281459423546,0.0
7186,1698400860000.0,0.0,0.0,0.03,1789.78,0.0,0.0,1790.64,0.9413943126533779,1.0,1235.4022429800018,1000.0,1235.428042980002,1000.0,0.043462281459423546,0.0
7187,1698404460000.0,0.0,0.0,0.03,1789.78,0.0,0.0,1784.82,0.9413943126533779,1.0,1235.4022429800018,1000.0,1235.2534429800019,1000.0,0.043462281459423546,0.0
7188,1698408060000.0,0.0,0.0,0.03,1789.78,0.0,0.0,1784.18,0.9413943126533779,1.0,1235.4022429800018,1000.0,1235.234242980002,1000.0,0.043462281459423546,0.0
7189,1698411660000.0,0.0,0.0,0.03,1789.78,0.0,0.0,1794.64,0.9413943126533779,1.0,1235.4022429800018,1000.0,1235.5480429800018,1000.0,0.043462281459423546,0.0
7190,1698415260000.0,0.0,0.0,0.03,1789.78,0.0,0.0,1789.54,0.9413943126533779,1.0,1235.4022429800018,1000.0,1235.3950429800018,1000.0,0.043462281459423546,0.0
7191,1698418860000.0,0.0,0.0,0.03,1789.78,0.0,0.0,1774.39,0.9413943126533779,1.0,1235.4022429800018,1000.0,1234.9405429800017,1000.0,0.043462281459423546,0.0
7192,1698422460000.0,0.0,0.0,0.03,1789.78,0.0,0.0,1782.49,0.9413943126533779,1.0,1235.4022429800018,1000.0,1235.183542980002,1000.0,0.043462281459423546,0.0
7193,1698426060000.0,0.0,0.0,0.03,1789.78,0.0,0.0,1770.5,0.9413943126533779,1.0,1235.4022429800018,1000.0,1234.8238429800017,1000.0,0.043462281459423546,0.0
7194,1698429660000.0,0.0,0.0,0.08,1765.57375,0.0,0.0,1762.02,0.9413943126533779,1.0,1235.3847324800017,1000.0,1235.1004324800017,1000.0,0.11433353212683198,0.0
7195,1698433260000.0,0.0,0.0,0.08,1765.57375,0.0,0.0,1768.06,0.9413943126533779,1.0,1235.3847324800017,1000.0,1235.5836324800018,1000.0,0.11433353212683198,0.0
7196,1698436860000.0,0.0,0.0,0.08,1765.57375,0.0,0.0,1774.8,0.9413943126533779,1.0,1235.3847324800017,1000.0,1236.1228324800018,1000.0,0.11433353212683198,0.0
7197,1698440460000.0,0.0,0.0,0.02,1765.57375,0.0,0.0,1779.75,0.9413943126533779,1.0,1236.1353662000024,1000.0,1236.4188912000025,1000.0,0.028566025991595752,0.0
7198,1698444060000.0,0.0,0.0,0.02,1765.57375,0.0,0.0,1779.22,0.9413943126533779,1.0,1236.1353662000024,1000.0,1236.4082912000024,1000.0,0.028566025991595752,0.0
7199,1698447660000.0,0.0,0.0,0.0,1765.57375,0.0,0.0,1776.68,0.9413943126533779,1.0,1236.3855774400026,1000.0,1236.3855774400026,1000.0,0.0,0.0
7200,1698451260000.0,0.0,0.0,0.0,1765.57375,0.0,0.0,1779.94,0.9413943126533779,1.0,1236.3855774400026,1000.0,1236.3855774400026,1000.0,0.0,0.0
7201,1698454860000.0,0.0,0.0,0.0,1765.57375,0.0,0.0,1780.49,0.9413943126533779,1.0,1236.3855774400026,1000.0,1236.3855774400026,1000.0,0.0,0.0
7202,1698458460000.0,0.0,0.0,0.0,1765.57375,0.0,0.0,1783.83,0.9413943126533779,1.0,1236.3855774400026,1000.0,1236.3855774400026,1000.0,0.0,0.0
7203,1698462060000.0,0.0,0.0,0.0,1765.57375,0.0,0.0,1791.03,0.9413943126533779,1.0,1236.3855774400026,1000.0,1236.3855774400026,1000.0,0.0,0.0
7204,1698465660000.0,0.0,0.0,0.0,1765.57375,0.0,0.0,1789.98,0.9413943126533779,1.0,1236.3855774400026,1000.0,1236.3855774400026,1000.0,0.0,0.0
7205,1698469260000.0,0.0,0.0,0.0,1765.57375,0.0,0.0,1790.73,0.9413943126533779,1.0,1236.3855774400026,1000.0,1236.3855774400026,1000.0,0.0,0.0
7206,1698472860000.0,0.0,0.0,0.0,1765.57375,0.0,0.0,1788.64,0.9413943126533779,1.0,1236.3855774400026,1000.0,1236.3855774400026,1000.0,0.0,0.0
7207,1698476460000.0,0.0,0.0,0.0,1765.57375,0.0,0.0,1787.73,0.9413943126533779,1.0,1236.3855774400026,1000.0,1236.3855774400026,1000.0,0.0,0.0
7208,1698480060000.0,0.0,0.0,0.0,1765.57375,0.0,0.0,1788.73,0.9413943126533779,1.0,1236.3855774400026,1000.0,1236.3855774400026,1000.0,0.0,0.0
7209,1698483660000.0,0.0,0.0,0.0,1765.57375,0.0,0.0,1788.92,0.9413943126533779,1.0,1236.3855774400026,1000.0,1236.3855774400026,1000.0,0.0,0.0
7210,1698487260000.0,0.0,0.0,0.0,1765.57375,0.0,0.0,1790.1,0.9413943126533779,1.0,1236.3855774400026,1000.0,1236.3855774400026,1000.0,0.0,0.0
7211,1698490860000.0,0.0,0.0,0.0,1765.57375,0.0,0.0,1791.7,0.9413943126533779,1.0,1236.3855774400026,1000.0,1236.3855774400026,1000.0,0.0,0.0
7212,1698494460000.0,0.0,0.0,0.0,1765.57375,0.0,0.0,1790.51,0.9413943126533779,1.0,1236.3855774400026,1000.0,1236.3855774400026,1000.0,0.0,0.0
7213,1698498060000.0,0.0,0.0,0.03,1776.74,0.0,0.0,1780.63,0.9413943126533779,1.0,1236.3749170000026,1000.0,1236.4916170000026,1000.0,0.043111680176539754,0.0
7214,1698501660000.0,0.0,0.0,0.02,1776.74,0.0,0.0,1787.66,0.9413943126533779,1.0,1236.5008376200026,1000.0,1236.7192376200026,1000.0,0.028738193229530543,0.0
7215,1698505260000.0,0.0,0.0,0.01,1776.74,0.0,0.0,1787.75,0.9413943126533779,1.0,1236.6267582400026,1000.0,1236.7368582400027,1000.0,0.014367633468716947,0.0
7216,1698508860000.0,0.0,0.0,0.0,1776.74,0.0,0.0,1789.41,0.9413943126533779,1.0,1236.7526788600026,1000.0,1236.7526788600026,1000.0,0.0,0.0
7217,1698512460000.0,0.0,0.0,0.0,1776.74,0.0,0.0,1787.84,0.9413943126533779,1.0,1236.7526788600026,1000.0,1236.7526788600026,1000.0,0.0,0.0
7218,1698516060000.0,0.0,0.0,0.0,1776.74,0.0,0.0,1784.4,0.9413943126533779,1.0,1236.7526788600026,1000.0,1236.7526788600026,1000.0,0.0,0.0
7219,1698519660000.0,0.0,0.0,0.0,1776.74,0.0,0.0,1784.24,0.9413943126533779,1.0,1236.7526788600026,1000.0,1236.7526788600026,1000.0,0.0,0.0
7220,1698523260000.0,0.0,0.0,0.0,1776.74,0.0,0.0,1777.37,0.9413943126533779,1.0,1236.7526788600026,1000.0,1236.7526788600026,1000.0,0.0,0.0
7221,1698526860000.0,0.0,0.0,0.0,1776.74,0.0,0.0,1779.65,0.9413943126533779,1.0,1236.7526788600026,1000.0,1236.7526788600026,1000.0,0.0,0.0
7222,1698530460000.0,0.0,0.0,0.0,1776.74,0.0,0.0,1782.89,0.9413943126533779,1.0,1236.7526788600026,1000.0,1236.7526788600026,1000.0,0.0,0.0
7223,1698534060000.0,0.0,0.0,0.03,1774.89,0.0,0.0,1776.28,0.9413943126533779,1.0,1236.7420295200025,1000.0,1236.7837295200025,1000.0,0.04305400700311432,0.0
7224,1698537660000.0,0.0,0.0,0.03,1774.89,0.0,0.0,1775.25,0.9413943126533779,1.0,1236.7420295200025,1000.0,1236.7528295200025,1000.0,0.04305400700311432,0.0
7225,1698541260000.0,0.0,0.0,0.03,1774.89,0.0,0.0,1777.98,0.9413943126533779,1.0,1236.7420295200025,1000.0,1236.8347295200024,1000.0,0.04305400700311432,0.0
7226,1698544860000.0,0.0,0.0,0.03,1774.89,0.0,0.0,1773.24,0.9413943126533779,1.0,1236.7420295200025,1000.0,1236.6925295200024,1000.0,0.04305400700311432,0.0
7227,1698548460000.0,0.0,0.0,0.03,1774.89,0.0,0.0,1777.77,0.9413943126533779,1.0,1236.7420295200025,1000.0,1236.8284295200024,1000.0,0.04305400700311432,0.0
7228,1698552060000.0,0.0,0.0,0.03,1774.89,0.0,0.0,1774.5,0.9413943126533779,1.0,1236.7420295200025,1000.0,1236.7303295200024,1000.0,0.04305400700311432,0.0
7229,1698555660000.0,0.0,0.0,0.03,1774.89,0.0,0.0,1777.22,0.9413943126533779,1.0,1236.7420295200025,1000.0,1236.8119295200024,1000.0,0.04305400700311432,0.0
7230,1698559260000.0,0.0,0.0,0.03,1774.89,0.0,0.0,1776.64,0.9413943126533779,1.0,1236.7420295200025,1000.0,1236.7945295200025,1000.0,0.04305400700311432,0.0
7231,1698562860000.0,0.0,0.0,0.03,1774.89,0.0,0.0,1781.1,0.9413943126533779,1.0,1236.7420295200025,1000.0,1236.9283295200025,1000.0,0.04305400700311432,0.0
7232,1698566460000.0,0.0,0.0,0.03,1774.89,0.0,0.0,1784.29,0.9413943126533779,1.0,1236.7420295200025,1000.0,1237.0240295200024,1000.0,0.04305400700311432,0.0
7233,1698570060000.0,0.0,0.0,0.0,1774.89,0.0,0.0,1788.9,0.9413943126533779,1.0,1237.1195025400025,1000.0,1237.1195025400025,1000.0,0.0,0.0
7234,1698573660000.0,0.0,0.0,0.0,1774.89,0.0,0.0,1789.06,0.9413943126533779,1.0,1237.1195025400025,1000.0,1237.1195025400025,1000.0,0.0,0.0
7235,1698577260000.0,0.0,0.0,0.0,1774.89,0.0,0.0,1784.55,0.9413943126533779,1.0,1237.1195025400025,1000.0,1237.1195025400025,1000.0,0.0,0.0
7236,1698580860000.0,0.0,0.0,0.0,1774.89,0.0,0.0,1789.58,0.9413943126533779,1.0,1237.1195025400025,1000.0,1237.1195025400025,1000.0,0.0,0.0
7237,1698584460000.0,0.0,0.0,0.0,1774.89,0.0,0.0,1799.8,0.9413943126533779,1.0,1237.1195025400025,1000.0,1237.1195025400025,1000.0,0.0,0.0
7238,1698588060000.0,0.0,0.0,0.0,1774.89,0.0,0.0,1791.69,0.9413943126533779,1.0,1237.1195025400025,1000.0,1237.1195025400025,1000.0,0.0,0.0
7239,1698591660000.0,0.0,0.0,0.0,1774.89,0.0,0.0,1797.71,0.9413943126533779,1.0,1237.1195025400025,1000.0,1237.1195025400025,1000.0,0.0,0.0
7240,1698595260000.0,0.0,0.0,0.0,1774.89,0.0,0.0,1792.4,0.9413943126533779,1.0,1237.1195025400025,1000.0,1237.1195025400025,1000.0,0.0,0.0
7241,1698598860000.0,0.0,0.0,0.0,1774.89,0.0,0.0,1789.97,0.9413943126533779,1.0,1237.1195025400025,1000.0,1237.1195025400025,1000.0,0.0,0.0
7242,1698602460000.0,0.0,0.0,0.0,1774.89,0.0,0.0,1795.77,0.9413943126533779,1.0,1237.1195025400025,1000.0,1237.1195025400025,1000.0,0.0,0.0
7243,1698606060000.0,0.0,0.0,0.0,1774.89,0.0,0.0,1795.52,0.9413943126533779,1.0,1237.1195025400025,1000.0,1237.1195025400025,1000.0,0.0,0.0
7244,1698609660000.0,0.0,0.0,0.0,1774.89,0.0,0.0,1794.79,0.9413943126533779,1.0,1237.1195025400025,1000.0,1237.1195025400025,1000.0,0.0,0.0
7245,1698613260000.0,0.0,0.0,0.0,1774.89,0.0,0.0,1797.92,0.9413943126533779,1.0,1237.1195025400025,1000.0,1237.1195025400025,1000.0,0.0,0.0
7246,1698616860000.0,0.0,0.0,0.0,1774.89,0.0,0.0,1794.53,0.9413943126533779,1.0,1237.1195025400025,1000.0,1237.1195025400025,1000.0,0.0,0.0
7247,1698620460000.0,0.0,0.0,0.0,1774.89,0.0,0.0,1804.29,0.9413943126533779,1.0,1237.1195025400025,1000.0,1237.1195025400025,1000.0,0.0,0.0
7248,1698624060000.0,0.0,0.0,0.0,1774.89,0.0,0.0,1796.53,0.9413943126533779,1.0,1237.1195025400025,1000.0,1237.1195025400025,1000.0,0.0,0.0
7249,1698627660000.0,0.0,0.0,0.0,1774.89,0.0,0.0,1794.71,0.9413943126533779,1.0,1237.1195025400025,1000.0,1237.1195025400025,1000.0,0.0,0.0
7250,1698631260000.0,0.0,0.0,0.0,1774.89,0.0,0.0,1789.17,0.9413943126533779,1.0,1237.1195025400025,1000.0,1237.1195025400025,1000.0,0.0,0.0
7251,1698634860000.0,0.0,0.0,0.03,1782.22,0.0,0.0,1783.48,0.9413943126533779,1.0,1237.1088092200025,1000.0,1237.1466092200026,1000.0,0.04321899545255903,0.0
7252,1698638460000.0,0.0,0.0,0.03,1782.22,0.0,0.0,1782.61,0.9413943126533779,1.0,1237.1088092200025,1000.0,1237.1205092200025,1000.0,0.04321899545255903,0.0
7253,1698642060000.0,0.0,0.0,0.03,1782.22,0.0,0.0,1786.38,0.9413943126533779,1.0,1237.1088092200025,1000.0,1237.2336092200026,1000.0,0.04321899545255903,0.0
7254,1698645660000.0,0.0,0.0,0.03,1782.22,0.0,0.0,1783.1,0.9413943126533779,1.0,1237.1088092200025,1000.0,1237.1352092200025,1000.0,0.04321899545255903,0.0
7255,1698649260000.0,0.0,0.0,0.03,1782.22,0.0,0.0,1787.97,0.9413943126533779,1.0,1237.1088092200025,1000.0,1237.2813092200024,1000.0,0.04321899545255903,0.0
7256,1698652860000.0,0.0,0.0,0.03,1782.22,0.0,0.0,1786.58,0.9413943126533779,1.0,1237.1088092200025,1000.0,1237.2396092200024,1000.0,0.04321899545255903,0.0
7257,1698656460000.0,0.0,0.0,0.0,1782.22,0.0,0.0,1823.13,0.9413943126533779,1.0,1237.6802994400025,1000.0,1237.6802994400025,1000.0,0.0,0.0
7258,1698660060000.0,0.0,0.0,0.0,1782.22,0.0,0.0,1819.99,0.9413943126533779,1.0,1237.6802994400025,1000.0,1237.6802994400025,1000.0,0.0,0.0
7259,1698663660000.0,0.0,0.0,0.0,1782.22,0.0,0.0,1814.89,0.9413943126533779,1.0,1237.6802994400025,1000.0,1237.6802994400025,1000.0,0.0,0.0
7260,1698667260000.0,0.0,0.0,0.0,1782.22,0.0,0.0,1817.12,0.9413943126533779,1.0,1237.6802994400025,1000.0,1237.6802994400025,1000.0,0.0,0.0
7261,1698670860000.0,0.0,0.0,0.0,1782.22,0.0,0.0,1807.73,0.9413943126533779,1.0,1237.6802994400025,1000.0,1237.6802994400025,1000.0,0.0,0.0
7262,1698674460000.0,0.0,0.0,0.0,1782.22,0.0,0.0,1827.41,0.9413943126533779,1.0,1237.6802994400025,1000.0,1237.6802994400025,1000.0,0.0,0.0
7263,1698678060000.0,0.0,0.0,0.0,1782.22,0.0,0.0,1821.79,0.9413943126533779,1.0,1237.6802994400025,1000.0,1237.6802994400025,1000.0,0.0,0.0
7264,1698681660000.0,0.0,0.0,0.0,1782.22,0.0,0.0,1819.18,0.9413943126533779,1.0,1237.6802994400025,1000.0,1237.6802994400025,1000.0,0.0,0.0
7265,1698685260000.0,0.0,0.0,0.0,1782.22,0.0,0.0,1813.55,0.9413943126533779,1.0,1237.6802994400025,1000.0,1237.6802994400025,1000.0,0.0,0.0
7266,1698688860000.0,0.0,0.0,0.03,1794.39,0.0,0.0,1798.41,0.9413943126533779,1.0,1237.6695331000026,1000.0,1237.7901331000025,1000.0,0.043494405057517435,0.0
7267,1698692460000.0,0.0,0.0,0.03,1794.39,0.0,0.0,1799.77,0.9413943126533779,1.0,1237.6695331000026,1000.0,1237.8309331000025,1000.0,0.043494405057517435,0.0
7268,1698696060000.0,0.0,0.0,0.03,1794.39,0.0,0.0,1799.54,0.9413943126533779,1.0,1237.6695331000026,1000.0,1237.8240331000027,1000.0,0.043494405057517435,0.0
7269,1698699660000.0,0.0,0.0,0.03,1794.39,0.0,0.0,1802.23,0.9413943126533779,1.0,1237.6695331000026,1000.0,1237.9047331000027,1000.0,0.043494405057517435,0.0
7270,1698703260000.0,0.0,0.0,0.02,1794.39,0.0,0.0,1810.17,0.9413943126533779,1.0,1237.7967181600025,1000.0,1238.1123181600024,1000.0,0.028993290637696623,0.0
7271,1698706860000.0,0.0,0.0,0.02,1794.39,0.0,0.0,1810.99,0.9413943126533779,1.0,1237.7967181600025,1000.0,1238.1287181600026,1000.0,0.028993290637696623,0.0
7272,1698710460000.0,0.0,0.0,0.02,1794.39,0.0,0.0,1810.0,0.9413943126533779,1.0,1237.7967181600025,1000.0,1238.1089181600025,1000.0,0.028993290637696623,0.0
7273,1698714060000.0,0.0,0.0,0.02,1794.39,0.0,0.0,1814.59,0.9413943126533779,1.0,1237.7967181600025,1000.0,1238.2007181600025,1000.0,0.028993290637696623,0.0
7274,1698717660000.0,0.0,0.0,0.0,1794.39,0.0,0.0,1812.12,0.9413943126533779,1.0,1238.0510882800022,1000.0,1238.0510882800022,1000.0,0.0,0.0
7275,1698721260000.0,0.0,0.0,0.0,1794.39,0.0,0.0,1804.53,0.9413943126533779,1.0,1238.0510882800022,1000.0,1238.0510882800022,1000.0,0.0,0.0
7276,1698724860000.0,0.0,0.0,0.03,1795.29,0.0,0.0,1795.09,0.9413943126533779,1.0,1238.040316540002,1000.0,1238.034316540002,1000.0,0.04350318748142301,0.0
7277,1698728460000.0,0.0,0.0,0.03,1795.29,0.0,0.0,1800.98,0.9413943126533779,1.0,1238.040316540002,1000.0,1238.211016540002,1000.0,0.04350318748142301,0.0
7278,1698732060000.0,0.0,0.0,0.03,1795.29,0.0,0.0,1800.94,0.9413943126533779,1.0,1238.040316540002,1000.0,1238.209816540002,1000.0,0.04350318748142301,0.0
7279,1698735660000.0,0.0,0.0,0.03,1795.29,0.0,0.0,1794.9,0.9413943126533779,1.0,1238.040316540002,1000.0,1238.028616540002,1000.0,0.04350318748142301,0.0
7280,1698739260000.0,0.0,0.0,0.03,1795.29,0.0,0.0,1789.99,0.9413943126533779,1.0,1238.040316540002,1000.0,1237.881316540002,1000.0,0.04350318748142301,0.0
7281,1698742860000.0,0.0,0.0,0.03,1795.29,0.0,0.0,1800.8,0.9413943126533779,1.0,1238.040316540002,1000.0,1238.205616540002,1000.0,0.04350318748142301,0.0
7282,1698746460000.0,0.0,0.0,0.03,1795.29,0.0,0.0,1803.28,0.9413943126533779,1.0,1238.040316540002,1000.0,1238.2800165400022,1000.0,0.04350318748142301,0.0
7283,1698750060000.0,0.0,0.0,0.03,1795.29,0.0,0.0,1802.32,0.9413943126533779,1.0,1238.040316540002,1000.0,1238.2512165400021,1000.0,0.04350318748142301,0.0
7284,1698753660000.0,0.0,0.0,0.0,1795.29,0.0,0.0,1810.51,0.9413943126533779,1.0,1238.4218663200015,1000.0,1238.4218663200015,1000.0,0.0,0.0
7285,1698757260000.0,0.0,0.0,0.0,1795.29,0.0,0.0,1799.1,0.9413943126533779,1.0,1238.4218663200015,1000.0,1238.4218663200015,1000.0,0.0,0.0
7286,1698760860000.0,0.0,0.0,0.03,1792.62,0.0,0.0,1793.25,0.9413943126533779,1.0,1238.4111106000016,1000.0,1238.4300106000017,1000.0,0.04342548249098366,0.0
7287,1698764460000.0,0.0,0.0,0.03,1792.62,0.0,0.0,1801.12,0.9413943126533779,1.0,1238.4111106000016,1000.0,1238.6661106000017,1000.0,0.04342548249098366,0.0
7288,1698768060000.0,0.0,0.0,0.03,1792.62,0.0,0.0,1789.0,0.9413943126533779,1.0,1238.4111106000016,1000.0,1238.3025106000016,1000.0,0.04342548249098366,0.0
7289,1698771660000.0,0.0,0.0,0.01,1792.62,0.0,0.0,1801.07,0.9413943126533779,1.0,1238.6652878400016,1000.0,1238.7497878400015,1000.0,0.014472190490830582,0.0
7290,1698775260000.0,0.0,0.0,0.01,1792.62,0.0,0.0,1802.08,0.9413943126533779,1.0,1238.6652878400016,1000.0,1238.7598878400015,1000.0,0.014472190490830582,0.0
7291,1698778860000.0,0.0,0.0,0.0,1792.62,0.0,0.0,1815.47,0.9413943126533779,1.0,1238.7923764600016,1000.0,1238.7923764600016,1000.0,0.0,0.0
7292,1698782460000.0,0.0,0.0,0.0,1792.62,0.0,0.0,1811.36,0.9413943126533779,1.0,1238.7923764600016,1000.0,1238.7923764600016,1000.0,0.0,0.0
7293,1698786060000.0,0.0,0.0,0.0,1792.62,0.0,0.0,1812.29,0.9413943126533779,1.0,1238.7923764600016,1000.0,1238.7923764600016,1000.0,0.0,0.0
7294,1698789660000.0,0.0,0.0,0.0,1792.62,0.0,0.0,1808.26,0.9413943126533779,1.0,1238.7923764600016,1000.0,1238.7923764600016,1000.0,0.0,0.0
7295,1698793260000.0,0.0,0.0,0.0,1792.62,0.0,0.0,1808.8,0.9413943126533779,1.0,1238.7923764600016,1000.0,1238.7923764600016,1000.0,0.0,0.0
7296,1698796860000.0,0.0,0.0,0.0,1792.62,0.0,0.0,1813.41,0.9413943126533779,1.0,1238.7923764600016,1000.0,1238.7923764600016,1000.0,0.0,0.0
7297,1698800460000.0,0.0,0.0,0.0,1792.62,0.0,0.0,1819.78,0.9413943126533779,1.0,1238.7923764600016,1000.0,1238.7923764600016,1000.0,0.0,0.0
7298,1698804060000.0,0.0,0.0,0.0,1792.62,0.0,0.0,1811.61,0.9413943126533779,1.0,1238.7923764600016,1000.0,1238.7923764600016,1000.0,0.0,0.0
7299,1698807660000.0,0.0,0.0,0.0,1792.62,0.0,0.0,1813.24,0.9413943126533779,1.0,1238.7923764600016,1000.0,1238.7923764600016,1000.0,0.0,0.0
7300,1698811260000.0,0.0,0.0,0.0,1792.62,0.0,0.0,1810.48,0.9413943126533779,1.0,1238.7923764600016,1000.0,1238.7923764600016,1000.0,0.0,0.0
7301,1698814860000.0,0.0,0.0,0.0,1792.62,0.0,0.0,1807.02,0.9413943126533779,1.0,1238.7923764600016,1000.0,1238.7923764600016,1000.0,0.0,0.0
7302,1698818460000.0,0.0,0.0,0.0,1792.62,0.0,0.0,1800.11,0.9413943126533779,1.0,1238.7923764600016,1000.0,1238.7923764600016,1000.0,0.0,0.0
7303,1698822060000.0,0.0,0.0,0.0,1792.62,0.0,0.0,1804.8,0.9413943126533779,1.0,1238.7923764600016,1000.0,1238.7923764600016,1000.0,0.0,0.0
7304,1698825660000.0,0.0,0.0,0.0,1792.62,0.0,0.0,1805.11,0.9413943126533779,1.0,1238.7923764600016,1000.0,1238.7923764600016,1000.0,0.0,0.0
7305,1698829260000.0,0.0,0.0,0.0,1792.62,0.0,0.0,1804.24,0.9413943126533779,1.0,1238.7923764600016,1000.0,1238.7923764600016,1000.0,0.0,0.0
7306,1698832860000.0,0.0,0.0,0.0,1792.62,0.0,0.0,1806.1,0.9413943126533779,1.0,1238.7923764600016,1000.0,1238.7923764600016,1000.0,0.0,0.0
7307,1698836460000.0,0.0,0.0,0.03,1796.63,0.0,0.0,1794.96,0.9413943126533779,1.0,1238.7815966800017,1000.0,1238.7314966800018,1000.0,0.04350960665257849,0.0
7308,1698840060000.0,0.0,0.0,0.03,1796.63,0.0,0.0,1799.13,0.9413943126533779,1.0,1238.7815966800017,1000.0,1238.8565966800018,1000.0,0.04350960665257849,0.0
7309,1698843660000.0,0.0,0.0,0.01,1796.63,0.0,0.0,1814.85,0.9413943126533779,1.0,1239.036157800002,1000.0,1239.218357800002,1000.0,0.014500222521270454,0.0
7310,1698847260000.0,0.0,0.0,0.03,1795.7,0.0,0.0,1805.19,0.9413943126533779,1.0,1239.1526641600021,1000.0,1239.437364160002,1000.0,0.04347406220243098,0.0
7311,1698850860000.0,0.0,0.0,0.03,1795.5833333333335,0.0,0.0,1789.13,0.9413943126533779,1.0,1239.2763558800023,1000.0,1239.0827558800022,1000.0,0.04346689884335688,0.0
7312,1698854460000.0,0.0,0.0,0.03,1795.5833333333335,0.0,0.0,1793.14,0.9413943126533779,1.0,1239.2763558800023,1000.0,1239.2030558800022,1000.0,0.04346689884335688,0.0
7313,1698858060000.0,0.0,0.0,0.03,1795.5833333333335,0.0,0.0,1798.52,0.9413943126533779,1.0,1239.2763558800023,1000.0,1239.3644558800022,1000.0,0.04346689884335688,0.0
7314,1698861660000.0,0.0,0.0,0.01,1795.5833333333335,0.0,0.0,1805.7,0.9413943126533779,1.0,1239.5308545333357,1000.0,1239.6320212000023,1000.0,0.01448599142785633,0.0
7315,1698865260000.0,0.0,0.0,0.0,1795.5833333333335,0.0,0.0,1825.29,0.9413943126533779,1.0,1239.6581038600025,1000.0,1239.6581038600025,1000.0,0.0,0.0
7316,1698868860000.0,0.0,0.0,0.0,1795.5833333333335,0.0,0.0,1844.9,0.9413943126533779,1.0,1239.6581038600025,1000.0,1239.6581038600025,1000.0,0.0,0.0
7317,1698872460000.0,0.0,0.0,0.0,1795.5833333333335,0.0,0.0,1851.3,0.9413943126533779,1.0,1239.6581038600025,1000.0,1239.6581038600025,1000.0,0.0,0.0
7318,1698876060000.0,0.0,0.0,0.0,1795.5833333333335,0.0,0.0,1849.67,0.9413943126533779,1.0,1239.6581038600025,1000.0,1239.6581038600025,1000.0,0.0,0.0
7319,1698879660000.0,0.0,0.0,0.0,1795.5833333333335,0.0,0.0,1843.84,0.9413943126533779,1.0,1239.6581038600025,1000.0,1239.6581038600025,1000.0,0.0,0.0
7320,1698883260000.0,0.0,0.0,0.0,1795.5833333333335,0.0,0.0,1849.95,0.9413943126533779,1.0,1239.6581038600025,1000.0,1239.6581038600025,1000.0,0.0,0.0
7321,1698886860000.0,0.0,0.0,0.0,1795.5833333333335,0.0,0.0,1851.8,0.9413943126533779,1.0,1239.6581038600025,1000.0,1239.6581038600025,1000.0,0.0,0.0
7322,1698890460000.0,0.0,0.0,0.0,1795.5833333333335,0.0,0.0,1858.35,0.9413943126533779,1.0,1239.6581038600025,1000.0,1239.6581038600025,1000.0,0.0,0.0
7323,1698894060000.0,0.0,0.0,0.0,1795.5833333333335,0.0,0.0,1864.52,0.9413943126533779,1.0,1239.6581038600025,1000.0,1239.6581038600025,1000.0,0.0,0.0
7324,1698897660000.0,0.0,0.0,0.0,1795.5833333333335,0.0,0.0,1860.48,0.9413943126533779,1.0,1239.6581038600025,1000.0,1239.6581038600025,1000.0,0.0,0.0
7325,1698901260000.0,0.0,0.0,0.0,1795.5833333333335,0.0,0.0,1851.99,0.9413943126533779,1.0,1239.6581038600025,1000.0,1239.6581038600025,1000.0,0.0,0.0
7326,1698904860000.0,0.0,0.0,0.0,1795.5833333333335,0.0,0.0,1838.36,0.9413943126533779,1.0,1239.6581038600025,1000.0,1239.6581038600025,1000.0,0.0,0.0
7327,1698908460000.0,0.0,0.0,0.0,1795.5833333333335,0.0,0.0,1837.2,0.9413943126533779,1.0,1239.6581038600025,1000.0,1239.6581038600025,1000.0,0.0,0.0
7328,1698912060000.0,0.0,0.0,0.0,1795.5833333333335,0.0,0.0,1832.85,0.9413943126533779,1.0,1239.6581038600025,1000.0,1239.6581038600025,1000.0,0.0,0.0
7329,1698915660000.0,0.0,0.0,0.03,1824.07,0.0,0.0,1832.17,0.9413943126533779,1.0,1239.6471594400025,1000.0,1239.8901594400024,1000.0,0.04414328672742664,0.0
7330,1698919260000.0,0.0,0.0,0.03,1824.07,0.0,0.0,1832.94,0.9413943126533779,1.0,1239.6471594400025,1000.0,1239.9132594400025,1000.0,0.04414328672742664,0.0
7331,1698922860000.0,0.0,0.0,0.0,1824.07,0.0,0.0,1834.86,0.9413943126533779,1.0,1240.0348352800029,1000.0,1240.0348352800029,1000.0,0.0,0.0
7332,1698926460000.0,0.0,0.0,0.0,1824.07,0.0,0.0,1836.09,0.9413943126533779,1.0,1240.0348352800029,1000.0,1240.0348352800029,1000.0,0.0,0.0
7333,1698930060000.0,0.0,0.0,0.0,1824.07,0.0,0.0,1836.18,0.9413943126533779,1.0,1240.0348352800029,1000.0,1240.0348352800029,1000.0,0.0,0.0
7334,1698933660000.0,0.0,0.0,0.03,1824.14,0.0,0.0,1826.54,0.9413943126533779,1.0,1240.0238904400028,1000.0,1240.0958904400027,1000.0,0.04413156909467445,0.0
7335,1698937260000.0,0.0,0.0,0.03,1824.14,0.0,0.0,1814.09,0.9413943126533779,1.0,1240.0238904400028,1000.0,1239.7223904400028,1000.0,0.04413156909467445,0.0
7336,1698940860000.0,0.0,0.0,0.03,1824.14,0.0,0.0,1802.64,0.9413943126533779,1.0,1240.0238904400028,1000.0,1239.3788904400028,1000.0,0.04413156909467445,0.0
7337,1698944460000.0,0.0,0.0,0.08,1799.4525,0.0,0.0,1798.78,0.9413943126533779,1.0,1240.0060440400027,1000.0,1239.9522440400028,1000.0,0.1160931438132216,0.0
7338,1698948060000.0,0.0,0.0,0.08,1799.4525,0.0,0.0,1803.78,0.9413943126533779,1.0,1240.0060440400027,1000.0,1240.3522440400027,1000.0,0.1160931438132216,0.0
7339,1698951660000.0,0.0,0.0,0.08,1799.4525,0.0,0.0,1806.61,0.9413943126533779,1.0,1240.0060440400027,1000.0,1240.5786440400027,1000.0,0.1160931438132216,0.0
7340,1698955260000.0,0.0,0.0,0.07,1799.4525,0.0,0.0,1812.54,0.9413943126533779,1.0,1240.1335939000028,1000.0,1241.0497189000027,1000.0,0.10157105300556582,0.0
7341,1698958860000.0,0.0,0.0,0.06,1799.4525,0.0,0.0,1803.99,0.9413943126533779,1.0,1240.2611437600028,1000.0,1240.5333937600028,1000.0,0.08705194913442538,0.0
7342,1698962460000.0,0.0,0.0,0.06,1799.4525,0.0,0.0,1800.64,0.9413943126533779,1.0,1240.2611437600028,1000.0,1240.3323937600028,1000.0,0.08705194913442538,0.0
7343,1698966060000.0,0.0,0.0,0.06,1799.4525,0.0,0.0,1794.07,0.9413943126533779,1.0,1240.2611437600028,1000.0,1239.9381937600028,1000.0,0.08705194913442538,0.0
7344,1698969660000.0,0.0,0.0,0.06,1799.4525,0.0,0.0,1799.68,0.9413943126533779,1.0,1240.2611437600028,1000.0,1240.274793760003,1000.0,0.08705194913442538,0.0
7345,1698973260000.0,0.0,0.0,0.06,1799.4525,0.0,0.0,1785.15,0.9413943126533779,1.0,1240.2611437600028,1000.0,1239.4029937600028,1000.0,0.08705194913442538,0.0
7346,1698976860000.0,0.0,0.0,0.06,1799.4525,0.0,0.0,1788.27,0.9413943126533779,1.0,1240.2611437600028,1000.0,1239.5901937600029,1000.0,0.08705194913442538,0.0
7347,1698980460000.0,0.0,0.0,0.06,1799.4525,0.0,0.0,1797.28,0.9413943126533779,1.0,1240.2611437600028,1000.0,1240.130793760003,1000.0,0.08705194913442538,0.0
7348,1698984060000.0,0.0,0.0,0.06,1799.4525,0.0,0.0,1799.48,0.9413943126533779,1.0,1240.2611437600028,1000.0,1240.2627937600028,1000.0,0.08705194913442538,0.0
7349,1698987660000.0,0.0,0.0,0.06,1799.4525,0.0,0.0,1793.13,0.9413943126533779,1.0,1240.2611437600028,1000.0,1239.881793760003,1000.0,0.08705194913442538,0.0
7350,1698991260000.0,0.0,0.0,0.06,1799.4525,0.0,0.0,1799.22,0.9413943126533779,1.0,1240.2611437600028,1000.0,1240.2471937600028,1000.0,0.08705194913442538,0.0
7351,1698994860000.0,0.0,0.0,0.06,1799.4525,0.0,0.0,1794.12,0.9413943126533779,1.0,1240.2611437600028,1000.0,1239.9411937600028,1000.0,0.08705194913442538,0.0
7352,1698998460000.0,0.0,0.0,0.06,1799.4525,0.0,0.0,1798.22,0.9413943126533779,1.0,1240.2611437600028,1000.0,1240.1871937600029,1000.0,0.08705194913442538,0.0
7353,1699002060000.0,0.0,0.0,0.06,1799.4525,0.0,0.0,1794.83,0.9413943126533779,1.0,1240.2611437600028,1000.0,1239.9837937600028,1000.0,0.08705194913442538,0.0
7354,1699005660000.0,0.0,0.0,0.06,1799.4525,0.0,0.0,1785.48,0.9413943126533779,1.0,1240.2611437600028,1000.0,1239.4227937600028,1000.0,0.08705194913442538,0.0
7355,1699009260000.0,0.0,0.0,0.06,1799.4525,0.0,0.0,1788.55,0.9413943126533779,1.0,1240.2611437600028,1000.0,1239.6069937600028,1000.0,0.08705194913442538,0.0
7356,1699012860000.0,0.0,0.0,0.06,1799.4525,0.0,0.0,1787.59,0.9413943126533779,1.0,1240.2611437600028,1000.0,1239.5493937600029,1000.0,0.08705194913442538,0.0
7357,1699016460000.0,0.0,0.0,0.06,1799.4525,0.0,0.0,1797.77,0.9413943126533779,1.0,1240.2611437600028,1000.0,1240.1601937600028,1000.0,0.08705194913442538,0.0
7358,1699020060000.0,0.0,0.0,0.06,1799.4525,0.0,0.0,1807.84,0.9413943126533779,1.0,1240.2611437600028,1000.0,1240.7643937600028,1000.0,0.08705194913442538,0.0
7359,1699023660000.0,0.0,0.0,0.05,1799.4525,0.0,0.0,1805.06,0.9413943126533779,1.0,1240.3886936200029,1000.0,1240.669068620003,1000.0,0.07253583127835525,0.0
7360,1699027260000.0,0.0,0.0,0.04,1799.4525,0.0,0.0,1815.01,0.9413943126533779,1.0,1240.516243480003,1000.0,1241.138543480003,1000.0,0.058022698516289356,0.0
7361,1699030860000.0,0.0,0.0,0.0,1799.4525,0.0,0.0,1816.85,0.9413943126533779,1.0,1241.026442920003,1000.0,1241.026442920003,1000.0,0.0,0.0
7362,1699034460000.0,0.0,0.0,0.0,1799.4525,0.0,0.0,1805.02,0.9413943126533779,1.0,1241.026442920003,1000.0,1241.026442920003,1000.0,0.0,0.0
7363,1699038060000.0,0.0,0.0,0.0,1799.4525,0.0,0.0,1817.0,0.9413943126533779,1.0,1241.026442920003,1000.0,1241.026442920003,1000.0,0.0,0.0
7364,1699041660000.0,0.0,0.0,0.0,1799.4525,0.0,0.0,1816.95,0.9413943126533779,1.0,1241.026442920003,1000.0,1241.026442920003,1000.0,0.0,0.0
7365,1699045260000.0,0.0,0.0,0.0,1799.4525,0.0,0.0,1830.36,0.9413943126533779,1.0,1241.026442920003,1000.0,1241.026442920003,1000.0,0.0,0.0
7366,1699048860000.0,0.0,0.0,0.0,1799.4525,0.0,0.0,1826.35,0.9413943126533779,1.0,1241.026442920003,1000.0,1241.026442920003,1000.0,0.0,0.0
7367,1699052460000.0,0.0,0.0,0.0,1799.4525,0.0,0.0,1834.0,0.9413943126533779,1.0,1241.026442920003,1000.0,1241.026442920003,1000.0,0.0,0.0
7368,1699056060000.0,0.0,0.0,0.0,1799.4525,0.0,0.0,1830.35,0.9413943126533779,1.0,1241.026442920003,1000.0,1241.026442920003,1000.0,0.0,0.0
7369,1699059660000.0,0.0,0.0,0.0,1799.4525,0.0,0.0,1828.0,0.9413943126533779,1.0,1241.026442920003,1000.0,1241.026442920003,1000.0,0.0,0.0
7370,1699063260000.0,0.0,0.0,0.0,1799.4525,0.0,0.0,1836.82,0.9413943126533779,1.0,1241.026442920003,1000.0,1241.026442920003,1000.0,0.0,0.0
7371,1699066860000.0,0.0,0.0,0.0,1799.4525,0.0,0.0,1831.88,0.9413943126533779,1.0,1241.026442920003,1000.0,1241.026442920003,1000.0,0.0,0.0
7372,1699070460000.0,0.0,0.0,0.0,1799.4525,0.0,0.0,1834.76,0.9413943126533779,1.0,1241.026442920003,1000.0,1241.026442920003,1000.0,0.0,0.0
7373,1699074060000.0,0.0,0.0,0.0,1799.4525,0.0,0.0,1829.86,0.9413943126533779,1.0,1241.026442920003,1000.0,1241.026442920003,1000.0,0.0,0.0
7374,1699077660000.0,0.0,0.0,0.0,1799.4525,0.0,0.0,1833.16,0.9413943126533779,1.0,1241.026442920003,1000.0,1241.026442920003,1000.0,0.0,0.0
7375,1699081260000.0,0.0,0.0,0.0,1799.4525,0.0,0.0,1834.43,0.9413943126533779,1.0,1241.026442920003,1000.0,1241.026442920003,1000.0,0.0,0.0
7376,1699084860000.0,0.0,0.0,0.0,1799.4525,0.0,0.0,1832.71,0.9413943126533779,1.0,1241.026442920003,1000.0,1241.026442920003,1000.0,0.0,0.0
7377,1699088460000.0,0.0,0.0,0.0,1799.4525,0.0,0.0,1841.25,0.9413943126533779,1.0,1241.026442920003,1000.0,1241.026442920003,1000.0,0.0,0.0
7378,1699092060000.0,0.0,0.0,0.0,1799.4525,0.0,0.0,1839.19,0.9413943126533779,1.0,1241.026442920003,1000.0,1241.026442920003,1000.0,0.0,0.0
7379,1699095660000.0,0.0,0.0,0.0,1799.4525,0.0,0.0,1842.29,0.9413943126533779,1.0,1241.026442920003,1000.0,1241.026442920003,1000.0,0.0,0.0
7380,1699099260000.0,0.0,0.0,0.0,1799.4525,0.0,0.0,1837.79,0.9413943126533779,1.0,1241.026442920003,1000.0,1241.026442920003,1000.0,0.0,0.0
7381,1699102860000.0,0.0,0.0,0.0,1799.4525,0.0,0.0,1838.58,0.9413943126533779,1.0,1241.026442920003,1000.0,1241.026442920003,1000.0,0.0,0.0
7382,1699106460000.0,0.0,0.0,0.0,1799.4525,0.0,0.0,1836.58,0.9413943126533779,1.0,1241.026442920003,1000.0,1241.026442920003,1000.0,0.0,0.0
7383,1699110060000.0,0.0,0.0,0.0,1799.4525,0.0,0.0,1834.05,0.9413943126533779,1.0,1241.026442920003,1000.0,1241.026442920003,1000.0,0.0,0.0
7384,1699113660000.0,0.0,0.0,0.0,1799.4525,0.0,0.0,1832.14,0.9413943126533779,1.0,1241.026442920003,1000.0,1241.026442920003,1000.0,0.0,0.0
7385,1699117260000.0,0.0,0.0,0.0,1799.4525,0.0,0.0,1834.9,0.9413943126533779,1.0,1241.026442920003,1000.0,1241.026442920003,1000.0,0.0,0.0
7386,1699120860000.0,0.0,0.0,0.0,1799.4525,0.0,0.0,1839.94,0.9413943126533779,1.0,1241.026442920003,1000.0,1241.026442920003,1000.0,0.0,0.0
7387,1699124460000.0,0.0,0.0,0.0,1799.4525,0.0,0.0,1839.99,0.9413943126533779,1.0,1241.026442920003,1000.0,1241.026442920003,1000.0,0.0,0.0
7388,1699128060000.0,0.0,0.0,0.0,1799.4525,0.0,0.0,1834.89,0.9413943126533779,1.0,1241.026442920003,1000.0,1241.026442920003,1000.0,0.0,0.0
7389,1699131660000.0,0.0,0.0,0.0,1799.4525,0.0,0.0,1838.62,0.9413943126533779,1.0,1241.026442920003,1000.0,1241.026442920003,1000.0,0.0,0.0
7390,1699135260000.0,0.0,0.0,0.0,1799.4525,0.0,0.0,1843.05,0.9413943126533779,1.0,1241.026442920003,1000.0,1241.026442920003,1000.0,0.0,0.0
7391,1699138860000.0,0.0,0.0,0.0,1799.4525,0.0,0.0,1857.44,0.9413943126533779,1.0,1241.026442920003,1000.0,1241.026442920003,1000.0,0.0,0.0
7392,1699142460000.0,0.0,0.0,0.0,1799.4525,0.0,0.0,1857.75,0.9413943126533779,1.0,1241.026442920003,1000.0,1241.026442920003,1000.0,0.0,0.0
7393,1699146060000.0,0.0,0.0,0.0,1799.4525,0.0,0.0,1851.91,0.9413943126533779,1.0,1241.026442920003,1000.0,1241.026442920003,1000.0,0.0,0.0
7394,1699149660000.0,0.0,0.0,0.0,1799.4525,0.0,0.0,1855.13,0.9413943126533779,1.0,1241.026442920003,1000.0,1241.026442920003,1000.0,0.0,0.0
7395,1699153260000.0,0.0,0.0,0.0,1799.4525,0.0,0.0,1855.68,0.9413943126533779,1.0,1241.026442920003,1000.0,1241.026442920003,1000.0,0.0,0.0
7396,1699156860000.0,0.0,0.0,0.0,1799.4525,0.0,0.0,1889.95,0.9413943126533779,1.0,1241.026442920003,1000.0,1241.026442920003,1000.0,0.0,0.0
7397,1699160460000.0,0.0,0.0,0.0,1799.4525,0.0,0.0,1883.59,0.9413943126533779,1.0,1241.026442920003,1000.0,1241.026442920003,1000.0,0.0,0.0
7398,1699164060000.0,0.0,0.0,0.0,1799.4525,0.0,0.0,1887.07,0.9413943126533779,1.0,1241.026442920003,1000.0,1241.026442920003,1000.0,0.0,0.0
7399,1699167660000.0,0.0,0.0,0.0,1799.4525,0.0,0.0,1881.41,0.9413943126533779,1.0,1241.026442920003,1000.0,1241.026442920003,1000.0,0.0,0.0
7400,1699171260000.0,0.0,0.0,0.0,1799.4525,0.0,0.0,1885.28,0.9413943126533779,1.0,1241.026442920003,1000.0,1241.026442920003,1000.0,0.0,0.0
7401,1699174860000.0,0.0,0.0,0.0,1799.4525,0.0,0.0,1881.61,0.9413943126533779,1.0,1241.026442920003,1000.0,1241.026442920003,1000.0,0.0,0.0
7402,1699178460000.0,0.0,0.0,0.0,1799.4525,0.0,0.0,1888.95,0.9413943126533779,1.0,1241.026442920003,1000.0,1241.026442920003,1000.0,0.0,0.0
7403,1699182060000.0,0.0,0.0,0.0,1799.4525,0.0,0.0,1888.97,0.9413943126533779,1.0,1241.026442920003,1000.0,1241.026442920003,1000.0,0.0,0.0
7404,1699185660000.0,0.0,0.0,0.0,1799.4525,0.0,0.0,1890.95,0.9413943126533779,1.0,1241.026442920003,1000.0,1241.026442920003,1000.0,0.0,0.0
7405,1699189260000.0,0.0,0.0,0.0,1799.4525,0.0,0.0,1894.79,0.9413943126533779,1.0,1241.026442920003,1000.0,1241.026442920003,1000.0,0.0,0.0
7406,1699192860000.0,0.0,0.0,0.0,1799.4525,0.0,0.0,1874.68,0.9413943126533779,1.0,1241.026442920003,1000.0,1241.026442920003,1000.0,0.0,0.0
7407,1699196460000.0,0.0,0.0,0.0,1799.4525,0.0,0.0,1879.33,0.9413943126533779,1.0,1241.026442920003,1000.0,1241.026442920003,1000.0,0.0,0.0
7408,1699200060000.0,0.0,0.0,0.0,1799.4525,0.0,0.0,1875.11,0.9413943126533779,1.0,1241.026442920003,1000.0,1241.026442920003,1000.0,0.0,0.0
7409,1699203660000.0,0.0,0.0,0.0,1799.4525,0.0,0.0,1882.19,0.9413943126533779,1.0,1241.026442920003,1000.0,1241.026442920003,1000.0,0.0,0.0
7410,1699207260000.0,0.0,0.0,0.0,1799.4525,0.0,0.0,1901.67,0.9413943126533779,1.0,1241.026442920003,1000.0,1241.026442920003,1000.0,0.0,0.0
7411,1699210860000.0,0.0,0.0,0.0,1799.4525,0.0,0.0,1896.03,0.9413943126533779,1.0,1241.026442920003,1000.0,1241.026442920003,1000.0,0.0,0.0
7412,1699214460000.0,0.0,0.0,0.0,1799.4525,0.0,0.0,1889.94,0.9413943126533779,1.0,1241.026442920003,1000.0,1241.026442920003,1000.0,0.0,0.0
7413,1699218060000.0,0.0,0.0,0.0,1799.4525,0.0,0.0,1886.44,0.9413943126533779,1.0,1241.026442920003,1000.0,1241.026442920003,1000.0,0.0,0.0
7414,1699221660000.0,0.0,0.0,0.03,1868.19,0.0,0.0,1869.6,0.9413943126533779,1.0,1241.0152337800032,1000.0,1241.0575337800033,1000.0,0.04516117004405387,0.0
7415,1699225260000.0,0.0,0.0,0.02,1868.19,0.0,0.0,1894.79,0.9413943126533779,1.0,1241.1476701600031,1000.0,1241.679670160003,1000.0,0.030104234087780412,0.0
7416,1699228860000.0,0.0,0.0,0.0,1868.19,0.0,0.0,1890.84,0.9413943126533779,1.0,1241.8162621600031,1000.0,1241.8162621600031,1000.0,0.0,0.0
7417,1699232460000.0,0.0,0.0,0.0,1868.19,0.0,0.0,1896.06,0.9413943126533779,1.0,1241.8162621600031,1000.0,1241.8162621600031,1000.0,0.0,0.0
7418,1699236060000.0,0.0,0.0,0.0,1868.19,0.0,0.0,1888.57,0.9413943126533779,1.0,1241.8162621600031,1000.0,1241.8162621600031,1000.0,0.0,0.0
7419,1699239660000.0,0.0,0.0,0.0,1868.19,0.0,0.0,1886.21,0.9413943126533779,1.0,1241.8162621600031,1000.0,1241.8162621600031,1000.0,0.0,0.0
7420,1699243260000.0,0.0,0.0,0.0,1868.19,0.0,0.0,1888.54,0.9413943126533779,1.0,1241.8162621600031,1000.0,1241.8162621600031,1000.0,0.0,0.0
7421,1699246860000.0,0.0,0.0,0.0,1868.19,0.0,0.0,1877.55,0.9413943126533779,1.0,1241.8162621600031,1000.0,1241.8162621600031,1000.0,0.0,0.0
7422,1699250460000.0,0.0,0.0,0.03,1872.15,0.0,0.0,1875.49,0.9413943126533779,1.0,1241.805029260003,1000.0,1241.9052292600031,1000.0,0.04522811445969797,0.0
7423,1699254060000.0,0.0,0.0,0.03,1872.15,0.0,0.0,1878.52,0.9413943126533779,1.0,1241.805029260003,1000.0,1241.996129260003,1000.0,0.04522811445969797,0.0
7424,1699257660000.0,0.0,0.0,0.03,1872.15,0.0,0.0,1879.38,0.9413943126533779,1.0,1241.805029260003,1000.0,1242.021929260003,1000.0,0.04522811445969797,0.0
7425,1699261260000.0,0.0,0.0,0.01,1872.15,0.0,0.0,1883.83,0.9413943126533779,1.0,1242.0702861000034,1000.0,1242.1870861000034,1000.0,0.015072818510765557,0.0
7426,1699264860000.0,0.0,0.0,0.0,1872.15,0.0,0.0,1887.36,0.9413943126533779,1.0,1242.2029145200036,1000.0,1242.2029145200036,1000.0,0.0,0.0
7427,1699268460000.0,0.0,0.0,0.0,1872.15,0.0,0.0,1896.82,0.9413943126533779,1.0,1242.2029145200036,1000.0,1242.2029145200036,1000.0,0.0,0.0
7428,1699272060000.0,0.0,0.0,0.0,1872.15,0.0,0.0,1897.81,0.9413943126533779,1.0,1242.2029145200036,1000.0,1242.2029145200036,1000.0,0.0,0.0
7429,1699275660000.0,0.0,0.0,0.0,1872.15,0.0,0.0,1906.79,0.9413943126533779,1.0,1242.2029145200036,1000.0,1242.2029145200036,1000.0,0.0,0.0
7430,1699279260000.0,0.0,0.0,0.0,1872.15,0.0,0.0,1902.2,0.9413943126533779,1.0,1242.2029145200036,1000.0,1242.2029145200036,1000.0,0.0,0.0
7431,1699282860000.0,0.0,0.0,0.0,1872.15,0.0,0.0,1912.51,0.9413943126533779,1.0,1242.2029145200036,1000.0,1242.2029145200036,1000.0,0.0,0.0
7432,1699286460000.0,0.0,0.0,0.0,1872.15,0.0,0.0,1903.73,0.9413943126533779,1.0,1242.2029145200036,1000.0,1242.2029145200036,1000.0,0.0,0.0
7433,1699290060000.0,0.0,0.0,0.0,1872.15,0.0,0.0,1894.18,0.9413943126533779,1.0,1242.2029145200036,1000.0,1242.2029145200036,1000.0,0.0,0.0
7434,1699293660000.0,0.0,0.0,0.0,1872.15,0.0,0.0,1898.77,0.9413943126533779,1.0,1242.2029145200036,1000.0,1242.2029145200036,1000.0,0.0,0.0
7435,1699297260000.0,0.0,0.0,0.0,1872.15,0.0,0.0,1892.39,0.9413943126533779,1.0,1242.2029145200036,1000.0,1242.2029145200036,1000.0,0.0,0.0
7436,1699300860000.0,0.0,0.0,0.0,1872.15,0.0,0.0,1900.89,0.9413943126533779,1.0,1242.2029145200036,1000.0,1242.2029145200036,1000.0,0.0,0.0
7437,1699304460000.0,0.0,0.0,0.0,1872.15,0.0,0.0,1894.8,0.9413943126533779,1.0,1242.2029145200036,1000.0,1242.2029145200036,1000.0,0.0,0.0
7438,1699308060000.0,0.0,0.0,0.03,1881.53,0.0,0.0,1894.15,0.9413943126533779,1.0,1242.1916253400036,1000.0,1242.5702253400036,1000.0,0.04544057361886499,0.0
7439,1699311660000.0,0.0,0.0,0.0,1881.53,0.0,0.0,1906.19,0.9413943126533779,1.0,1242.5915539000036,1000.0,1242.5915539000036,1000.0,0.0,0.0
7440,1699315260000.0,0.0,0.0,0.0,1881.53,0.0,0.0,1900.59,0.9413943126533779,1.0,1242.5915539000036,1000.0,1242.5915539000036,1000.0,0.0,0.0
7441,1699318860000.0,0.0,0.0,0.0,1881.53,0.0,0.0,1891.95,0.9413943126533779,1.0,1242.5915539000036,1000.0,1242.5915539000036,1000.0,0.0,0.0
7442,1699322460000.0,0.0,0.0,0.0,1881.53,0.0,0.0,1893.0,0.9413943126533779,1.0,1242.5915539000036,1000.0,1242.5915539000036,1000.0,0.0,0.0
7443,1699326060000.0,0.0,0.0,0.03,1882.58,0.0,0.0,1881.94,0.9413943126533779,1.0,1242.5802584200037,1000.0,1242.5610584200037,1000.0,0.04545171196572327,0.0
7444,1699329660000.0,0.0,0.0,0.03,1882.58,0.0,0.0,1889.4,0.9413943126533779,1.0,1242.5802584200037,1000.0,1242.7848584200037,1000.0,0.04545171196572327,0.0
7445,1699333260000.0,0.0,0.0,0.03,1882.58,0.0,0.0,1892.26,0.9413943126533779,1.0,1242.5802584200037,1000.0,1242.8706584200038,1000.0,0.04545171196572327,0.0
7446,1699336860000.0,0.0,0.0,0.0,1882.58,0.0,0.0,1894.27,0.9413943126533779,1.0,1242.9804806200034,1000.0,1242.9804806200034,1000.0,0.0,0.0
7447,1699340460000.0,0.0,0.0,0.0,1882.58,0.0,0.0,1894.6,0.9413943126533779,1.0,1242.9804806200034,1000.0,1242.9804806200034,1000.0,0.0,0.0
7448,1699344060000.0,0.0,0.0,0.0,1882.58,0.0,0.0,1892.33,0.9413943126533779,1.0,1242.9804806200034,1000.0,1242.9804806200034,1000.0,0.0,0.0
7449,1699347660000.0,0.0,0.0,0.0,1882.58,0.0,0.0,1886.81,0.9413943126533779,1.0,1242.9804806200034,1000.0,1242.9804806200034,1000.0,0.0,0.0
7450,1699351260000.0,0.0,0.0,0.03,1881.32,0.0,0.0,1876.85,0.9413943126533779,1.0,1242.9691927000033,1000.0,1242.8350927000033,1000.0,0.045407078736521805,0.0
7451,1699354860000.0,0.0,0.0,0.03,1881.32,0.0,0.0,1871.51,0.9413943126533779,1.0,1242.9691927000033,1000.0,1242.6748927000033,1000.0,0.045407078736521805,0.0
7452,1699358460000.0,0.0,0.0,0.03,1881.32,0.0,0.0,1875.77,0.9413943126533779,1.0,1242.9691927000033,1000.0,1242.8026927000033,1000.0,0.045407078736521805,0.0
7453,1699362060000.0,0.0,0.0,0.03,1881.32,0.0,0.0,1877.68,0.9413943126533779,1.0,1242.9691927000033,1000.0,1242.8599927000032,1000.0,0.045407078736521805,0.0
7454,1699365660000.0,0.0,0.0,0.03,1881.32,0.0,0.0,1873.99,0.9413943126533779,1.0,1242.9691927000033,1000.0,1242.7492927000033,1000.0,0.045407078736521805,0.0
7455,1699369260000.0,0.0,0.0,0.03,1881.32,0.0,0.0,1876.35,0.9413943126533779,1.0,1242.9691927000033,1000.0,1242.8200927000032,1000.0,0.045407078736521805,0.0
7456,1699372860000.0,0.0,0.0,0.03,1881.32,0.0,0.0,1860.61,0.9413943126533779,1.0,1242.9691927000033,1000.0,1242.3478927000033,1000.0,0.045407078736521805,0.0
7457,1699376460000.0,0.0,0.0,0.03,1881.32,0.0,0.0,1857.46,0.9413943126533779,1.0,1242.9691927000033,1000.0,1242.2533927000034,1000.0,0.045407078736521805,0.0
7458,1699380060000.0,0.0,0.0,0.03,1881.32,0.0,0.0,1874.06,0.9413943126533779,1.0,1242.9691927000033,1000.0,1242.7513927000034,1000.0,0.045407078736521805,0.0
7459,1699383660000.0,0.0,0.0,0.0,1881.32,0.0,0.0,1893.83,0.9413943126533779,1.0,1243.369122520003,1000.0,1243.369122520003,1000.0,0.0,0.0
7460,1699387260000.0,0.0,0.0,0.0,1881.32,0.0,0.0,1896.01,0.9413943126533779,1.0,1243.369122520003,1000.0,1243.369122520003,1000.0,0.0,0.0
7461,1699390860000.0,0.0,0.0,0.0,1881.32,0.0,0.0,1901.06,0.9413943126533779,1.0,1243.369122520003,1000.0,1243.369122520003,1000.0,0.0,0.0
7462,1699394460000.0,0.0,0.0,0.0,1881.32,0.0,0.0,1891.48,0.9413943126533779,1.0,1243.369122520003,1000.0,1243.369122520003,1000.0,0.0,0.0
7463,1699398060000.0,0.0,0.0,0.02,1874.28,0.0,0.0,1879.34,0.9413943126533779,1.0,1243.490700960003,1000.0,1243.5919009600032,1000.0,0.03014546065447877,0.0
7464,1699401660000.0,0.0,0.0,0.0,1874.28,0.0,0.0,1885.51,0.9413943126533779,1.0,1243.7563492000033,1000.0,1243.7563492000033,1000.0,0.0,0.0
7465,1699405260000.0,0.0,0.0,0.0,1874.28,0.0,0.0,1888.61,0.9413943126533779,1.0,1243.7563492000033,1000.0,1243.7563492000033,1000.0,0.0,0.0
7466,1699408860000.0,0.0,0.0,0.0,1874.28,0.0,0.0,1888.66,0.9413943126533779,1.0,1243.7563492000033,1000.0,1243.7563492000033,1000.0,0.0,0.0
7467,1699412460000.0,0.0,0.0,0.0,1874.28,0.0,0.0,1889.28,0.9413943126533779,1.0,1243.7563492000033,1000.0,1243.7563492000033,1000.0,0.0,0.0
7468,1699416060000.0,0.0,0.0,0.0,1874.28,0.0,0.0,1882.8,0.9413943126533779,1.0,1243.7563492000033,1000.0,1243.7563492000033,1000.0,0.0,0.0
7469,1699419660000.0,0.0,0.0,0.0,1874.28,0.0,0.0,1886.37,0.9413943126533779,1.0,1243.7563492000033,1000.0,1243.7563492000033,1000.0,0.0,0.0
7470,1699423260000.0,0.0,0.0,0.0,1874.28,0.0,0.0,1878.0,0.9413943126533779,1.0,1243.7563492000033,1000.0,1243.7563492000033,1000.0,0.0,0.0
7471,1699426860000.0,0.0,0.0,0.03,1874.25,0.0,0.0,1877.89,0.9413943126533779,1.0,1243.7451037000033,1000.0,1243.8543037000034,1000.0,0.04520821817326512,0.0
7472,1699430460000.0,0.0,0.0,0.03,1874.25,0.0,0.0,1876.4,0.9413943126533779,1.0,1243.7451037000033,1000.0,1243.8096037000032,1000.0,0.04520821817326512,0.0
7473,1699434060000.0,0.0,0.0,0.03,1874.25,0.0,0.0,1879.94,0.9413943126533779,1.0,1243.7451037000033,1000.0,1243.9158037000032,1000.0,0.04520821817326512,0.0
7474,1699437660000.0,0.0,0.0,0.03,1874.25,0.0,0.0,1885.07,0.9413943126533779,1.0,1243.7451037000033,1000.0,1244.0697037000032,1000.0,0.04520821817326512,0.0
7475,1699441260000.0,0.0,0.0,0.0,1874.25,0.0,0.0,1887.04,0.9413943126533779,1.0,1244.143576240003,1000.0,1244.143576240003,1000.0,0.0,0.0
7476,1699444860000.0,0.0,0.0,0.0,1874.25,0.0,0.0,1881.99,0.9413943126533779,1.0,1244.143576240003,1000.0,1244.143576240003,1000.0,0.0,0.0
7477,1699448460000.0,0.0,0.0,0.0,1874.25,0.0,0.0,1885.38,0.9413943126533779,1.0,1244.143576240003,1000.0,1244.143576240003,1000.0,0.0,0.0
7478,1699452060000.0,0.0,0.0,0.0,1874.25,0.0,0.0,1890.81,0.9413943126533779,1.0,1244.143576240003,1000.0,1244.143576240003,1000.0,0.0,0.0
7479,1699455660000.0,0.0,0.0,0.0,1874.25,0.0,0.0,1888.7,0.9413943126533779,1.0,1244.143576240003,1000.0,1244.143576240003,1000.0,0.0,0.0
7480,1699459260000.0,0.0,0.0,0.0,1874.25,0.0,0.0,1888.73,0.9413943126533779,1.0,1244.143576240003,1000.0,1244.143576240003,1000.0,0.0,0.0
7481,1699462860000.0,0.0,0.0,0.0,1874.25,0.0,0.0,1899.95,0.9413943126533779,1.0,1244.143576240003,1000.0,1244.143576240003,1000.0,0.0,0.0
7482,1699466460000.0,0.0,0.0,0.0,1874.25,0.0,0.0,1891.87,0.9413943126533779,1.0,1244.143576240003,1000.0,1244.143576240003,1000.0,0.0,0.0
7483,1699470060000.0,0.0,0.0,0.0,1874.25,0.0,0.0,1902.44,0.9413943126533779,1.0,1244.143576240003,1000.0,1244.143576240003,1000.0,0.0,0.0
7484,1699473660000.0,0.0,0.0,0.0,1874.25,0.0,0.0,1900.71,0.9413943126533779,1.0,1244.143576240003,1000.0,1244.143576240003,1000.0,0.0,0.0
7485,1699477260000.0,0.0,0.0,0.0,1874.25,0.0,0.0,1895.82,0.9413943126533779,1.0,1244.143576240003,1000.0,1244.143576240003,1000.0,0.0,0.0
7486,1699480860000.0,0.0,0.0,0.0,1874.25,0.0,0.0,1892.25,0.9413943126533779,1.0,1244.143576240003,1000.0,1244.143576240003,1000.0,0.0,0.0
7487,1699484460000.0,0.0,0.0,0.0,1874.25,0.0,0.0,1893.04,0.9413943126533779,1.0,1244.143576240003,1000.0,1244.143576240003,1000.0,0.0,0.0
7488,1699488060000.0,0.0,0.0,0.0,1874.25,0.0,0.0,1889.32,0.9413943126533779,1.0,1244.143576240003,1000.0,1244.143576240003,1000.0,0.0,0.0
7489,1699491660000.0,0.0,0.0,0.0,1874.25,0.0,0.0,1899.04,0.9413943126533779,1.0,1244.143576240003,1000.0,1244.143576240003,1000.0,0.0,0.0
7490,1699495260000.0,0.0,0.0,0.0,1874.25,0.0,0.0,1900.55,0.9413943126533779,1.0,1244.143576240003,1000.0,1244.143576240003,1000.0,0.0,0.0
7491,1699498860000.0,0.0,0.0,0.0,1874.25,0.0,0.0,1920.13,0.9413943126533779,1.0,1244.143576240003,1000.0,1244.143576240003,1000.0,0.0,0.0
7492,1699502460000.0,0.0,0.0,0.0,1874.25,0.0,0.0,1922.53,0.9413943126533779,1.0,1244.143576240003,1000.0,1244.143576240003,1000.0,0.0,0.0
7493,1699506060000.0,0.0,0.0,0.0,1874.25,0.0,0.0,1923.3,0.9413943126533779,1.0,1244.143576240003,1000.0,1244.143576240003,1000.0,0.0,0.0
7494,1699509660000.0,0.0,0.0,0.0,1874.25,0.0,0.0,1919.81,0.9413943126533779,1.0,1244.143576240003,1000.0,1244.143576240003,1000.0,0.0,0.0
7495,1699513260000.0,0.0,0.0,0.0,1874.25,0.0,0.0,1926.23,0.9413943126533779,1.0,1244.143576240003,1000.0,1244.143576240003,1000.0,0.0,0.0
7496,1699516860000.0,0.0,0.0,0.0,1874.25,0.0,0.0,1915.8,0.9413943126533779,1.0,1244.143576240003,1000.0,1244.143576240003,1000.0,0.0,0.0
7497,1699520460000.0,0.0,0.0,0.0,1874.25,0.0,0.0,1917.3,0.9413943126533779,1.0,1244.143576240003,1000.0,1244.143576240003,1000.0,0.0,0.0
7498,1699524060000.0,0.0,0.0,0.0,1874.25,0.0,0.0,1917.71,0.9413943126533779,1.0,1244.143576240003,1000.0,1244.143576240003,1000.0,0.0,0.0
7499,1699527660000.0,0.0,0.0,0.0,1874.25,0.0,0.0,1913.2,0.9413943126533779,1.0,1244.143576240003,1000.0,1244.143576240003,1000.0,0.0,0.0
7500,1699531260000.0,0.0,0.0,0.0,1874.25,0.0,0.0,1914.68,0.9413943126533779,1.0,1244.143576240003,1000.0,1244.143576240003,1000.0,0.0,0.0
7501,1699534860000.0,0.0,0.0,0.0,1874.25,0.0,0.0,1912.67,0.9413943126533779,1.0,1244.143576240003,1000.0,1244.143576240003,1000.0,0.0,0.0
7502,1699538460000.0,0.0,0.0,0.0,1874.25,0.0,0.0,1926.68,0.9413943126533779,1.0,1244.143576240003,1000.0,1244.143576240003,1000.0,0.0,0.0
7503,1699542060000.0,0.0,0.0,0.0,1874.25,0.0,0.0,2014.25,0.9413943126533779,1.0,1244.143576240003,1000.0,1244.143576240003,1000.0,0.0,0.0
7504,1699545660000.0,0.0,0.0,0.0,1874.25,0.0,0.0,2046.8,0.9413943126533779,1.0,1244.143576240003,1000.0,1244.143576240003,1000.0,0.0,0.0
7505,1699549260000.0,0.0,0.0,0.0,1874.25,0.0,0.0,2024.99,0.9413943126533779,1.0,1244.143576240003,1000.0,1244.143576240003,1000.0,0.0,0.0
7506,1699552860000.0,0.0,0.0,0.0,1874.25,0.0,0.0,2023.53,0.9413943126533779,1.0,1244.143576240003,1000.0,1244.143576240003,1000.0,0.0,0.0
7507,1699556460000.0,0.0,0.0,0.0,1874.25,0.0,0.0,2001.97,0.9413943126533779,1.0,1244.143576240003,1000.0,1244.143576240003,1000.0,0.0,0.0
7508,1699560060000.0,0.0,0.0,0.0,1874.25,0.0,0.0,2019.9,0.9413943126533779,1.0,1244.143576240003,1000.0,1244.143576240003,1000.0,0.0,0.0
7509,1699563660000.0,0.0,0.0,0.0,1874.25,0.0,0.0,2036.29,0.9413943126533779,1.0,1244.143576240003,1000.0,1244.143576240003,1000.0,0.0,0.0
7510,1699567260000.0,0.0,0.0,0.0,1874.25,0.0,0.0,2062.42,0.9413943126533779,1.0,1244.143576240003,1000.0,1244.143576240003,1000.0,0.0,0.0
7511,1699570860000.0,0.0,0.0,0.0,1874.25,0.0,0.0,2094.5,0.9413943126533779,1.0,1244.143576240003,1000.0,1244.143576240003,1000.0,0.0,0.0
7512,1699574460000.0,0.0,0.0,0.0,1874.25,0.0,0.0,2120.85,0.9413943126533779,1.0,1244.143576240003,1000.0,1244.143576240003,1000.0,0.0,0.0
7513,1699578060000.0,0.0,0.0,0.0,1874.25,0.0,0.0,2099.04,0.9413943126533779,1.0,1244.143576240003,1000.0,1244.143576240003,1000.0,0.0,0.0
7514,1699581660000.0,0.0,0.0,0.0,1874.25,0.0,0.0,2109.6,0.9413943126533779,1.0,1244.143576240003,1000.0,1244.143576240003,1000.0,0.0,0.0
7515,1699585260000.0,0.0,0.0,0.0,1874.25,0.0,0.0,2123.54,0.9413943126533779,1.0,1244.143576240003,1000.0,1244.143576240003,1000.0,0.0,0.0
7516,1699588860000.0,0.0,0.0,0.0,1874.25,0.0,0.0,2124.1,0.9413943126533779,1.0,1244.143576240003,1000.0,1244.143576240003,1000.0,0.0,0.0
7517,1699592460000.0,0.0,0.0,0.0,1874.25,0.0,0.0,2132.38,0.9413943126533779,1.0,1244.143576240003,1000.0,1244.143576240003,1000.0,0.0,0.0
7518,1699596060000.0,0.0,0.0,0.0,1874.25,0.0,0.0,2126.01,0.9413943126533779,1.0,1244.143576240003,1000.0,1244.143576240003,1000.0,0.0,0.0
7519,1699599660000.0,0.0,0.0,0.0,1874.25,0.0,0.0,2112.82,0.9413943126533779,1.0,1244.143576240003,1000.0,1244.143576240003,1000.0,0.0,0.0
7520,1699603260000.0,0.0,0.0,0.0,1874.25,0.0,0.0,2107.52,0.9413943126533779,1.0,1244.143576240003,1000.0,1244.143576240003,1000.0,0.0,0.0
7521,1699606860000.0,0.0,0.0,0.0,1874.25,0.0,0.0,2100.56,0.9413943126533779,1.0,1244.143576240003,1000.0,1244.143576240003,1000.0,0.0,0.0
7522,1699610460000.0,0.0,0.0,0.0,1874.25,0.0,0.0,2103.39,0.9413943126533779,1.0,1244.143576240003,1000.0,1244.143576240003,1000.0,0.0,0.0
7523,1699614060000.0,0.0,0.0,0.0,1874.25,0.0,0.0,2094.02,0.9413943126533779,1.0,1244.143576240003,1000.0,1244.143576240003,1000.0,0.0,0.0
7524,1699617660000.0,0.0,0.0,0.0,1874.25,0.0,0.0,2095.58,0.9413943126533779,1.0,1244.143576240003,1000.0,1244.143576240003,1000.0,0.0,0.0
7525,1699621260000.0,0.0,0.0,0.0,1874.25,0.0,0.0,2084.94,0.9413943126533779,1.0,1244.143576240003,1000.0,1244.143576240003,1000.0,0.0,0.0
7526,1699624860000.0,0.0,0.0,0.0,1874.25,0.0,0.0,2084.48,0.9413943126533779,1.0,1244.143576240003,1000.0,1244.143576240003,1000.0,0.0,0.0
7527,1699628460000.0,0.0,0.0,0.0,1874.25,0.0,0.0,2083.55,0.9413943126533779,1.0,1244.143576240003,1000.0,1244.143576240003,1000.0,0.0,0.0
7528,1699632060000.0,0.0,0.0,0.0,1874.25,0.0,0.0,2092.72,0.9413943126533779,1.0,1244.143576240003,1000.0,1244.143576240003,1000.0,0.0,0.0
7529,1699635660000.0,0.0,0.0,0.0,1874.25,0.0,0.0,2101.9,0.9413943126533779,1.0,1244.143576240003,1000.0,1244.143576240003,1000.0,0.0,0.0
7530,1699639260000.0,0.0,0.0,0.0,1874.25,0.0,0.0,2102.27,0.9413943126533779,1.0,1244.143576240003,1000.0,1244.143576240003,1000.0,0.0,0.0
7531,1699642860000.0,0.0,0.0,0.0,1874.25,0.0,0.0,2098.21,0.9413943126533779,1.0,1244.143576240003,1000.0,1244.143576240003,1000.0,0.0,0.0
7532,1699646460000.0,0.0,0.0,0.0,1874.25,0.0,0.0,2090.0,0.9413943126533779,1.0,1244.143576240003,1000.0,1244.143576240003,1000.0,0.0,0.0
7533,1699650060000.0,0.0,0.0,0.0,1874.25,0.0,0.0,2088.71,0.9413943126533779,1.0,1244.143576240003,1000.0,1244.143576240003,1000.0,0.0,0.0
7534,1699653660000.0,0.0,0.0,0.0,1874.25,0.0,0.0,2093.37,0.9413943126533779,1.0,1244.143576240003,1000.0,1244.143576240003,1000.0,0.0,0.0
7535,1699657260000.0,0.0,0.0,0.0,2071.25,0.0,0.0,2085.66,0.9413943126533779,1.0,1244.5716306400031,1000.0,1244.5716306400031,1000.0,0.0,0.0
7536,1699660860000.0,0.0,0.0,0.0,2071.25,0.0,0.0,2081.4,0.9413943126533779,1.0,1244.5716306400031,1000.0,1244.5716306400031,1000.0,0.0,0.0
7537,1699664460000.0,0.0,0.0,0.0,2071.25,0.0,0.0,2079.75,0.9413943126533779,1.0,1244.5716306400031,1000.0,1244.5716306400031,1000.0,0.0,0.0
7538,1699668060000.0,0.0,0.0,0.03,2070.91,0.0,0.0,2051.99,0.9413943126533779,1.0,1244.5592051800031,1000.0,1243.991605180003,1000.0,0.049919119750525966,0.0
7539,1699671660000.0,0.0,0.0,0.03,2070.91,0.0,0.0,2047.5,0.9413943126533779,1.0,1244.5592051800031,1000.0,1243.8569051800032,1000.0,0.049919119750525966,0.0
7540,1699675260000.0,0.0,0.0,0.03,2070.91,0.0,0.0,2048.25,0.9413943126533779,1.0,1244.5592051800031,1000.0,1243.8794051800032,1000.0,0.049919119750525966,0.0
7541,1699678860000.0,0.0,0.0,0.03,2070.91,0.0,0.0,2049.45,0.9413943126533779,1.0,1244.5592051800031,1000.0,1243.915405180003,1000.0,0.049919119750525966,0.0
7542,1699682460000.0,0.0,0.0,0.03,2070.91,0.0,0.0,2058.2,0.9413943126533779,1.0,1244.5592051800031,1000.0,1244.177905180003,1000.0,0.049919119750525966,0.0
7543,1699686060000.0,0.0,0.0,0.03,2070.91,0.0,0.0,2057.47,0.9413943126533779,1.0,1244.5592051800031,1000.0,1244.1560051800031,1000.0,0.049919119750525966,0.0
7544,1699689660000.0,0.0,0.0,0.03,2070.91,0.0,0.0,2058.75,0.9413943126533779,1.0,1244.5592051800031,1000.0,1244.194405180003,1000.0,0.049919119750525966,0.0
7545,1699693260000.0,0.0,0.0,0.03,2070.91,0.0,0.0,2053.11,0.9413943126533779,1.0,1244.5592051800031,1000.0,1244.025205180003,1000.0,0.049919119750525966,0.0
7546,1699696860000.0,0.0,0.0,0.03,2070.91,0.0,0.0,2064.12,0.9413943126533779,1.0,1244.5592051800031,1000.0,1244.355505180003,1000.0,0.049919119750525966,0.0
7547,1699700460000.0,0.0,0.0,0.03,2070.91,0.0,0.0,2062.41,0.9413943126533779,1.0,1244.5592051800031,1000.0,1244.304205180003,1000.0,0.049919119750525966,0.0
7548,1699704060000.0,0.0,0.0,0.03,2070.91,0.0,0.0,2058.61,0.9413943126533779,1.0,1244.5592051800031,1000.0,1244.1902051800032,1000.0,0.049919119750525966,0.0
7549,1699707660000.0,0.0,0.0,0.03,2070.91,0.0,0.0,2061.22,0.9413943126533779,1.0,1244.5592051800031,1000.0,1244.268505180003,1000.0,0.049919119750525966,0.0
7550,1699711260000.0,0.0,0.0,0.03,2070.91,0.0,0.0,2065.49,0.9413943126533779,1.0,1244.5592051800031,1000.0,1244.396605180003,1000.0,0.049919119750525966,0.0
7551,1699714860000.0,0.0,0.0,0.0,2070.91,0.0,0.0,2079.6,0.9413943126533779,1.0,1244.9993891800036,1000.0,1244.9993891800036,1000.0,0.0,0.0
7552,1699718460000.0,0.0,0.0,0.0,2070.91,0.0,0.0,2072.12,0.9413943126533779,1.0,1244.9993891800036,1000.0,1244.9993891800036,1000.0,0.0,0.0
7553,1699722060000.0,0.0,0.0,0.0,2070.91,0.0,0.0,2086.41,0.9413943126533779,1.0,1244.9993891800036,1000.0,1244.9993891800036,1000.0,0.0,0.0
7554,1699725660000.0,0.0,0.0,0.0,2070.91,0.0,0.0,2069.71,0.9413943126533779,1.0,1244.9993891800036,1000.0,1244.9993891800036,1000.0,0.0,0.0
7555,1699729260000.0,0.0,0.0,0.0,2070.91,0.0,0.0,2078.48,0.9413943126533779,1.0,1244.9993891800036,1000.0,1244.9993891800036,1000.0,0.0,0.0
7556,1699732860000.0,0.0,0.0,0.0,2070.91,0.0,0.0,2074.59,0.9413943126533779,1.0,1244.9993891800036,1000.0,1244.9993891800036,1000.0,0.0,0.0
7557,1699736460000.0,0.0,0.0,0.03,2058.52,0.0,0.0,2057.75,0.9413943126533779,1.0,1244.9870380600037,1000.0,1244.9639380600038,1000.0,0.04960340799710688,0.0
7558,1699740060000.0,0.0,0.0,0.03,2058.52,0.0,0.0,2045.05,0.9413943126533779,1.0,1244.9870380600037,1000.0,1244.5829380600037,1000.0,0.04960340799710688,0.0
7559,1699743660000.0,0.0,0.0,0.03,2058.52,0.0,0.0,2045.0,0.9413943126533779,1.0,1244.9870380600037,1000.0,1244.5814380600036,1000.0,0.04960340799710688,0.0
7560,1699747260000.0,0.0,0.0,0.03,2058.52,0.0,0.0,2056.2,0.9413943126533779,1.0,1244.9870380600037,1000.0,1244.9174380600036,1000.0,0.04960340799710688,0.0
7561,1699750860000.0,0.0,0.0,0.08,2030.52625,0.0,0.0,2034.09,0.9413943126533779,1.0,1244.9669007600037,1000.0,1245.2520007600037,1000.0,0.13047905121078754,0.0
7562,1699754460000.0,0.0,0.0,0.08,2030.52625,0.0,0.0,2039.84,0.9413943126533779,1.0,1244.9669007600037,1000.0,1245.7120007600038,1000.0,0.13047905121078754,0.0
7563,1699758060000.0,0.0,0.0,0.03,2038.6072222222224,0.0,0.0,2040.41,0.9413943126533779,1.0,1245.91730268667,1000.0,1245.9713860200034,1000.0,0.04908689889351916,0.0
7564,1699761660000.0,0.0,0.0,0.0,2038.6072222222224,0.0,0.0,2053.01,0.9413943126533779,1.0,1246.3505652600038,1000.0,1246.3505652600038,1000.0,0.0,0.0
7565,1699765260000.0,0.0,0.0,0.0,2038.6072222222224,0.0,0.0,2049.74,0.9413943126533779,1.0,1246.3505652600038,1000.0,1246.3505652600038,1000.0,0.0,0.0
7566,1699768860000.0,0.0,0.0,0.0,2038.6072222222224,0.0,0.0,2052.73,0.9413943126533779,1.0,1246.3505652600038,1000.0,1246.3505652600038,1000.0,0.0,0.0
7567,1699772460000.0,0.0,0.0,0.0,2038.6072222222224,0.0,0.0,2056.53,0.9413943126533779,1.0,1246.3505652600038,1000.0,1246.3505652600038,1000.0,0.0,0.0
7568,1699776060000.0,0.0,0.0,0.0,2038.6072222222224,0.0,0.0,2058.85,0.9413943126533779,1.0,1246.3505652600038,1000.0,1246.3505652600038,1000.0,0.0,0.0
7569,1699779660000.0,0.0,0.0,0.0,2038.6072222222224,0.0,0.0,2057.41,0.9413943126533779,1.0,1246.3505652600038,1000.0,1246.3505652600038,1000.0,0.0,0.0
7570,1699783260000.0,0.0,0.0,0.0,2038.6072222222224,0.0,0.0,2053.03,0.9413943126533779,1.0,1246.3505652600038,1000.0,1246.3505652600038,1000.0,0.0,0.0
7571,1699786860000.0,0.0,0.0,0.0,2038.6072222222224,0.0,0.0,2051.21,0.9413943126533779,1.0,1246.3505652600038,1000.0,1246.3505652600038,1000.0,0.0,0.0
7572,1699790460000.0,0.0,0.0,0.0,2038.6072222222224,0.0,0.0,2050.12,0.9413943126533779,1.0,1246.3505652600038,1000.0,1246.3505652600038,1000.0,0.0,0.0
7573,1699794060000.0,0.0,0.0,0.03,2043.2,0.0,0.0,2043.55,0.9413943126533779,1.0,1246.3383060600038,1000.0,1246.3488060600039,1000.0,0.04918086822972844,0.0
7574,1699797660000.0,0.0,0.0,0.03,2043.2,0.0,0.0,2052.5,0.9413943126533779,1.0,1246.3383060600038,1000.0,1246.6173060600038,1000.0,0.04918086822972844,0.0
7575,1699801260000.0,0.0,0.0,0.0,2043.2,0.0,0.0,2069.06,0.9413943126533779,1.0,1246.7726575200036,1000.0,1246.7726575200036,1000.0,0.0,0.0
7576,1699804860000.0,0.0,0.0,0.0,2043.2,0.0,0.0,2060.75,0.9413943126533779,1.0,1246.7726575200036,1000.0,1246.7726575200036,1000.0,0.0,0.0
7577,1699808460000.0,0.0,0.0,0.0,2043.2,0.0,0.0,2052.65,0.9413943126533779,1.0,1246.7726575200036,1000.0,1246.7726575200036,1000.0,0.0,0.0
7578,1699812060000.0,0.0,0.0,0.0,2043.2,0.0,0.0,2053.14,0.9413943126533779,1.0,1246.7726575200036,1000.0,1246.7726575200036,1000.0,0.0,0.0
7579,1699815660000.0,0.0,0.0,0.0,2043.2,0.0,0.0,2056.52,0.9413943126533779,1.0,1246.7726575200036,1000.0,1246.7726575200036,1000.0,0.0,0.0
7580,1699819260000.0,0.0,0.0,0.0,2043.2,0.0,0.0,2049.18,0.9413943126533779,1.0,1246.7726575200036,1000.0,1246.7726575200036,1000.0,0.0,0.0
7581,1699822860000.0,0.0,0.0,0.0,2043.2,0.0,0.0,2055.18,0.9413943126533779,1.0,1246.7726575200036,1000.0,1246.7726575200036,1000.0,0.0,0.0
7582,1699826460000.0,0.0,0.0,0.0,2043.2,0.0,0.0,2062.96,0.9413943126533779,1.0,1246.7726575200036,1000.0,1246.7726575200036,1000.0,0.0,0.0
7583,1699830060000.0,0.0,0.0,0.0,2043.2,0.0,0.0,2065.02,0.9413943126533779,1.0,1246.7726575200036,1000.0,1246.7726575200036,1000.0,0.0,0.0
7584,1699833660000.0,0.0,0.0,0.03,2043.62,0.0,0.0,2045.32,0.9413943126533779,1.0,1246.7603958000036,1000.0,1246.8113958000035,1000.0,0.04917432427797031,0.0
7585,1699837260000.0,0.0,0.0,0.0,2043.62,0.0,0.0,2058.66,0.9413943126533779,1.0,1247.1947447400034,1000.0,1247.1947447400034,1000.0,0.0,0.0
7586,1699840860000.0,0.0,0.0,0.0,2043.62,0.0,0.0,2063.92,0.9413943126533779,1.0,1247.1947447400034,1000.0,1247.1947447400034,1000.0,0.0,0.0
7587,1699844460000.0,0.0,0.0,0.0,2043.62,0.0,0.0,2065.1,0.9413943126533779,1.0,1247.1947447400034,1000.0,1247.1947447400034,1000.0,0.0,0.0
7588,1699848060000.0,0.0,0.0,0.03,2044.16,0.0,0.0,2043.9,0.9413943126533779,1.0,1247.1824797800034,1000.0,1247.1746797800033,1000.0,0.04917067148892068,0.0
7589,1699851660000.0,0.0,0.0,0.03,2044.16,0.0,0.0,2041.4,0.9413943126533779,1.0,1247.1824797800034,1000.0,1247.0996797800035,1000.0,0.04917067148892068,0.0
7590,1699855260000.0,0.0,0.0,0.03,2044.16,0.0,0.0,2040.57,0.9413943126533779,1.0,1247.1824797800034,1000.0,1247.0747797800034,1000.0,0.04917067148892068,0.0
7591,1699858860000.0,0.0,0.0,0.03,2044.16,0.0,0.0,2042.18,0.9413943126533779,1.0,1247.1824797800034,1000.0,1247.1230797800033,1000.0,0.04917067148892068,0.0
7592,1699862460000.0,0.0,0.0,0.03,2044.16,0.0,0.0,2051.1,0.9413943126533779,1.0,1247.1824797800034,1000.0,1247.3906797800034,1000.0,0.04917067148892068,0.0
7593,1699866060000.0,0.0,0.0,0.0,2044.16,0.0,0.0,2059.4,0.9413943126533779,1.0,1247.6171254200033,1000.0,1247.6171254200033,1000.0,0.0,0.0
7594,1699869660000.0,0.0,0.0,0.0,2044.16,0.0,0.0,2058.05,0.9413943126533779,1.0,1247.6171254200033,1000.0,1247.6171254200033,1000.0,0.0,0.0
7595,1699873260000.0,0.0,0.0,0.0,2044.16,0.0,0.0,2057.88,0.9413943126533779,1.0,1247.6171254200033,1000.0,1247.6171254200033,1000.0,0.0,0.0
7596,1699876860000.0,0.0,0.0,0.03,2040.84,0.0,0.0,2050.39,0.9413943126533779,1.0,1247.6048803800034,1000.0,1247.8913803800033,1000.0,0.049074190845864306,0.0
7597,1699880460000.0,0.0,0.0,0.0,2040.84,0.0,0.0,2056.49,0.9413943126533779,1.0,1248.038646120003,1000.0,1248.038646120003,1000.0,0.0,0.0
7598,1699884060000.0,0.0,0.0,0.0,2040.84,0.0,0.0,2055.86,0.9413943126533779,1.0,1248.038646120003,1000.0,1248.038646120003,1000.0,0.0,0.0
7599,1699887660000.0,0.0,0.0,0.0,2040.84,0.0,0.0,2096.02,0.9413943126533779,1.0,1248.038646120003,1000.0,1248.038646120003,1000.0,0.0,0.0
7600,1699891260000.0,0.0,0.0,0.0,2040.84,0.0,0.0,2104.57,0.9413943126533779,1.0,1248.038646120003,1000.0,1248.038646120003,1000.0,0.0,0.0
7601,1699894860000.0,0.0,0.0,0.0,2040.84,0.0,0.0,2085.39,0.9413943126533779,1.0,1248.038646120003,1000.0,1248.038646120003,1000.0,0.0,0.0
7602,1699898460000.0,0.0,0.0,0.0,2040.84,0.0,0.0,2083.34,0.9413943126533779,1.0,1248.038646120003,1000.0,1248.038646120003,1000.0,0.0,0.0
7603,1699902060000.0,0.0,0.0,0.0,2040.84,0.0,0.0,2094.07,0.9413943126533779,1.0,1248.038646120003,1000.0,1248.038646120003,1000.0,0.0,0.0
7604,1699905660000.0,0.0,0.0,0.0,2040.84,0.0,0.0,2101.5,0.9413943126533779,1.0,1248.038646120003,1000.0,1248.038646120003,1000.0,0.0,0.0
7605,1699909260000.0,0.0,0.0,0.0,2040.84,0.0,0.0,2087.76,0.9413943126533779,1.0,1248.038646120003,1000.0,1248.038646120003,1000.0,0.0,0.0
7606,1699912860000.0,0.0,0.0,0.03,2058.7266666666665,0.0,0.0,2063.98,0.9413943126533779,1.0,1248.168028800003,1000.0,1248.325628800003,1000.0,0.04948195961995453,0.0
7607,1699916460000.0,0.0,0.0,0.03,2058.7266666666665,0.0,0.0,2060.78,0.9413943126533779,1.0,1248.168028800003,1000.0,1248.229628800003,1000.0,0.04948195961995453,0.0
7608,1699920060000.0,0.0,0.0,0.03,2058.7266666666665,0.0,0.0,2055.16,0.9413943126533779,1.0,1248.168028800003,1000.0,1248.061028800003,1000.0,0.04948195961995453,0.0
7609,1699923660000.0,0.0,0.0,0.03,2058.7266666666665,0.0,0.0,2037.36,0.9413943126533779,1.0,1248.168028800003,1000.0,1247.5270288000029,1000.0,0.04948195961995453,0.0
7610,1699927260000.0,0.0,0.0,0.03,2058.7266666666665,0.0,0.0,2046.0,0.9413943126533779,1.0,1248.168028800003,1000.0,1247.786228800003,1000.0,0.04948195961995453,0.0
7611,1699930860000.0,0.0,0.0,0.03,2058.7266666666665,0.0,0.0,2053.98,0.9413943126533779,1.0,1248.168028800003,1000.0,1248.025628800003,1000.0,0.04948195961995453,0.0
7612,1699934460000.0,0.0,0.0,0.03,2058.7266666666665,0.0,0.0,2056.6,0.9413943126533779,1.0,1248.168028800003,1000.0,1248.104228800003,1000.0,0.04948195961995453,0.0
7613,1699938060000.0,0.0,0.0,0.03,2058.7266666666665,0.0,0.0,2056.73,0.9413943126533779,1.0,1248.168028800003,1000.0,1248.108128800003,1000.0,0.04948195961995453,0.0
7614,1699941660000.0,0.0,0.0,0.03,2058.7266666666665,0.0,0.0,2063.42,0.9413943126533779,1.0,1248.168028800003,1000.0,1248.3088288000029,1000.0,0.04948195961995453,0.0
7615,1699945260000.0,0.0,0.0,0.03,2058.7266666666665,0.0,0.0,2058.28,0.9413943126533779,1.0,1248.168028800003,1000.0,1248.154628800003,1000.0,0.04948195961995453,0.0
7616,1699948860000.0,0.0,0.0,0.03,2058.7266666666665,0.0,0.0,2060.55,0.9413943126533779,1.0,1248.168028800003,1000.0,1248.2227288000029,1000.0,0.04948195961995453,0.0
7617,1699952460000.0,0.0,0.0,0.03,2058.7266666666665,0.0,0.0,2062.8,0.9413943126533779,1.0,1248.168028800003,1000.0,1248.290228800003,1000.0,0.04948195961995453,0.0
7618,1699956060000.0,0.0,0.0,0.03,2058.7266666666665,0.0,0.0,2047.23,0.9413943126533779,1.0,1248.168028800003,1000.0,1247.823128800003,1000.0,0.04948195961995453,0.0
7619,1699959660000.0,0.0,0.0,0.03,2058.7266666666665,0.0,0.0,2047.16,0.9413943126533779,1.0,1248.168028800003,1000.0,1247.821028800003,1000.0,0.04948195961995453,0.0
7620,1699963260000.0,0.0,0.0,0.03,2058.7266666666665,0.0,0.0,2033.89,0.9413943126533779,1.0,1248.168028800003,1000.0,1247.4229288000029,1000.0,0.04948195961995453,0.0
7621,1699966860000.0,0.0,0.0,0.03,2058.7266666666665,0.0,0.0,2032.1,0.9413943126533779,1.0,1248.168028800003,1000.0,1247.369228800003,1000.0,0.04948195961995453,0.0
7622,1699970460000.0,0.0,0.0,0.03,2058.7266666666665,0.0,0.0,2040.01,0.9413943126533779,1.0,1248.168028800003,1000.0,1247.606528800003,1000.0,0.04948195961995453,0.0
7623,1699974060000.0,0.0,0.0,0.03,2058.7266666666665,0.0,0.0,2049.85,0.9413943126533779,1.0,1248.168028800003,1000.0,1247.901728800003,1000.0,0.04948195961995453,0.0
7624,1699977660000.0,0.0,0.0,0.03,2058.7266666666665,0.0,0.0,2041.85,0.9413943126533779,1.0,1248.168028800003,1000.0,1247.661728800003,1000.0,0.04948195961995453,0.0
7625,1699981260000.0,0.0,0.0,0.03,2058.7266666666665,0.0,0.0,2047.0,0.9413943126533779,1.0,1248.168028800003,1000.0,1247.816228800003,1000.0,0.04948195961995453,0.0
7626,1699984860000.0,0.0,0.0,0.03,2058.7266666666665,0.0,0.0,2023.58,0.9413943126533779,1.0,1248.168028800003,1000.0,1247.113628800003,1000.0,0.04948195961995453,0.0
7627,1699988460000.0,14.51884849999523,0.0,0.64,1964.4078125,0.0,0.0,1964.97,0.9413943126533779,1.0,1247.928936960003,1000.0,1248.288736960003,1000.0,1.0074459873193042,0.0
7628,1699992060000.0,0.0,0.0,0.2,1964.4078125,0.0,0.0,1982.19,0.9413943126533779,1.0,1254.052172100003,1000.0,1257.6086096000029,1000.0,0.31328964714609187,0.0
7629,1699995660000.0,0.0,0.0,0.13,1964.4078125,0.0,0.0,1977.73,0.9413943126533779,1.0,1255.0263231450028,1000.0,1256.7582075200028,1000.0,0.20348020668208314,0.0
7630,1699999260000.0,0.0,0.0,0.05,1964.4078125,0.0,0.0,1984.36,0.9413943126533779,1.0,1256.1396386250021,1000.0,1257.137248000002,1000.0,0.07819225475004848,0.0
7631,1700002860000.0,0.0,0.0,0.05,1964.4078125,0.0,0.0,1988.68,0.9413943126533779,1.0,1256.1396386250021,1000.0,1257.3532480000022,1000.0,0.07819225475004848,0.0
7632,1700006460000.0,0.0,0.0,0.04,1964.4078125,0.0,0.0,1979.98,0.9413943126533779,1.0,1256.278803060002,1000.0,1256.901690560002,1000.0,0.06254687439492447,0.0
7633,1700010060000.0,0.0,0.0,0.04,1964.4078125,0.0,0.0,1982.3,0.9413943126533779,1.0,1256.278803060002,1000.0,1256.994490560002,1000.0,0.06254687439492447,0.0
7634,1700013660000.0,0.0,0.0,0.03,1972.014583333334,0.0,0.0,1978.08,0.9413943126533779,1.0,1256.6450438000018,1000.0,1256.8270063000018,1000.0,0.0470780812703508,0.0
7635,1700017260000.0,0.0,0.0,0.03,1972.014583333334,0.0,0.0,1972.21,0.9413943126533779,1.0,1256.6450438000018,1000.0,1256.6509063000017,1000.0,0.0470780812703508,0.0
7636,1700020860000.0,0.0,0.0,0.03,1972.014583333334,0.0,0.0,1969.0,0.9413943126533779,1.0,1256.6450438000018,1000.0,1256.5546063000018,1000.0,0.0470780812703508,0.0
7637,1700024460000.0,0.0,0.0,0.03,1972.014583333334,0.0,0.0,1982.74,0.9413943126533779,1.0,1256.6450438000018,1000.0,1256.9668063000017,1000.0,0.0470780812703508,0.0
7638,1700028060000.0,0.0,0.0,0.03,1976.5463888888894,0.0,0.0,1983.6,0.9413943126533779,1.0,1256.7808539666685,1000.0,1256.9924623000018,1000.0,0.04718117043199267,0.0
7639,1700031660000.0,0.0,0.0,0.03,1976.5463888888894,0.0,0.0,1981.84,0.9413943126533779,1.0,1256.7808539666685,1000.0,1256.9396623000018,1000.0,0.04718117043199267,0.0
7640,1700035260000.0,0.0,0.0,0.03,1976.5463888888894,0.0,0.0,1987.07,0.9413943126533779,1.0,1256.7808539666685,1000.0,1257.0965623000018,1000.0,0.04718117043199267,0.0
7641,1700038860000.0,0.0,0.0,0.0,1976.5463888888894,0.0,0.0,1993.18,0.9413943126533779,1.0,1257.2010166000014,1000.0,1257.2010166000014,1000.0,0.0,0.0
7642,1700042460000.0,0.0,0.0,0.0,1976.5463888888894,0.0,0.0,1986.35,0.9413943126533779,1.0,1257.2010166000014,1000.0,1257.2010166000014,1000.0,0.0,0.0
7643,1700046060000.0,0.0,0.0,0.0,1976.5463888888894,0.0,0.0,1992.61,0.9413943126533779,1.0,1257.2010166000014,1000.0,1257.2010166000014,1000.0,0.0,0.0
7644,1700049660000.0,0.0,0.0,0.0,1976.5463888888894,0.0,0.0,2012.72,0.9413943126533779,1.0,1257.2010166000014,1000.0,1257.2010166000014,1000.0,0.0,0.0
7645,1700053260000.0,0.0,0.0,0.0,1976.5463888888894,0.0,0.0,2018.59,0.9413943126533779,1.0,1257.2010166000014,1000.0,1257.2010166000014,1000.0,0.0,0.0
7646,1700056860000.0,0.0,0.0,0.0,1976.5463888888894,0.0,0.0,2014.35,0.9413943126533779,1.0,1257.2010166000014,1000.0,1257.2010166000014,1000.0,0.0,0.0
7647,1700060460000.0,0.0,0.0,0.0,1976.5463888888894,0.0,0.0,2011.64,0.9413943126533779,1.0,1257.2010166000014,1000.0,1257.2010166000014,1000.0,0.0,0.0
7648,1700064060000.0,0.0,0.0,0.0,1976.5463888888894,0.0,0.0,2021.1,0.9413943126533779,1.0,1257.2010166000014,1000.0,1257.2010166000014,1000.0,0.0,0.0
7649,1700067660000.0,0.0,0.0,0.0,1976.5463888888894,0.0,0.0,2011.19,0.9413943126533779,1.0,1257.2010166000014,1000.0,1257.2010166000014,1000.0,0.0,0.0
7650,1700071260000.0,0.0,0.0,0.0,1976.5463888888894,0.0,0.0,2012.0,0.9413943126533779,1.0,1257.2010166000014,1000.0,1257.2010166000014,1000.0,0.0,0.0
7651,1700074860000.0,0.0,0.0,0.0,1976.5463888888894,0.0,0.0,2039.67,0.9413943126533779,1.0,1257.2010166000014,1000.0,1257.2010166000014,1000.0,0.0,0.0
7652,1700078460000.0,0.0,0.0,0.0,1976.5463888888894,0.0,0.0,2053.02,0.9413943126533779,1.0,1257.2010166000014,1000.0,1257.2010166000014,1000.0,0.0,0.0
7653,1700082060000.0,0.0,0.0,0.0,1976.5463888888894,0.0,0.0,2042.04,0.9413943126533779,1.0,1257.2010166000014,1000.0,1257.2010166000014,1000.0,0.0,0.0
7654,1700085660000.0,0.0,0.0,0.0,1976.5463888888894,0.0,0.0,2045.4,0.9413943126533779,1.0,1257.2010166000014,1000.0,1257.2010166000014,1000.0,0.0,0.0
7655,1700089260000.0,0.0,0.0,0.0,1976.5463888888894,0.0,0.0,2054.72,0.9413943126533779,1.0,1257.2010166000014,1000.0,1257.2010166000014,1000.0,0.0,0.0
7656,1700092860000.0,0.0,0.0,0.0,1976.5463888888894,0.0,0.0,2058.15,0.9413943126533779,1.0,1257.2010166000014,1000.0,1257.2010166000014,1000.0,0.0,0.0
7657,1700096460000.0,0.0,0.0,0.0,1976.5463888888894,0.0,0.0,2080.25,0.9413943126533779,1.0,1257.2010166000014,1000.0,1257.2010166000014,1000.0,0.0,0.0
7658,1700100060000.0,0.0,0.0,0.0,1976.5463888888894,0.0,0.0,2060.13,0.9413943126533779,1.0,1257.2010166000014,1000.0,1257.2010166000014,1000.0,0.0,0.0
7659,1700103660000.0,0.0,0.0,0.0,1976.5463888888894,0.0,0.0,2058.73,0.9413943126533779,1.0,1257.2010166000014,1000.0,1257.2010166000014,1000.0,0.0,0.0
7660,1700107260000.0,0.0,0.0,0.0,1976.5463888888894,0.0,0.0,2054.19,0.9413943126533779,1.0,1257.2010166000014,1000.0,1257.2010166000014,1000.0,0.0,0.0
7661,1700110860000.0,0.0,0.0,0.0,1976.5463888888894,0.0,0.0,2057.2,0.9413943126533779,1.0,1257.2010166000014,1000.0,1257.2010166000014,1000.0,0.0,0.0
7662,1700114460000.0,0.0,0.0,0.0,1976.5463888888894,0.0,0.0,2058.63,0.9413943126533779,1.0,1257.2010166000014,1000.0,1257.2010166000014,1000.0,0.0,0.0
7663,1700118060000.0,0.0,0.0,0.0,1976.5463888888894,0.0,0.0,2062.32,0.9413943126533779,1.0,1257.2010166000014,1000.0,1257.2010166000014,1000.0,0.0,0.0
7664,1700121660000.0,0.0,0.0,0.0,1976.5463888888894,0.0,0.0,2056.36,0.9413943126533779,1.0,1257.2010166000014,1000.0,1257.2010166000014,1000.0,0.0,0.0
7665,1700125260000.0,0.0,0.0,0.0,1976.5463888888894,0.0,0.0,2045.27,0.9413943126533779,1.0,1257.2010166000014,1000.0,1257.2010166000014,1000.0,0.0,0.0
7666,1700128860000.0,0.0,0.0,0.0,1976.5463888888894,0.0,0.0,2044.16,0.9413943126533779,1.0,1257.2010166000014,1000.0,1257.2010166000014,1000.0,0.0,0.0
7667,1700132460000.0,0.0,0.0,0.0,1976.5463888888894,0.0,0.0,2039.7,0.9413943126533779,1.0,1257.2010166000014,1000.0,1257.2010166000014,1000.0,0.0,0.0
7668,1700136060000.0,0.0,0.0,0.0,1976.5463888888894,0.0,0.0,2066.83,0.9413943126533779,1.0,1257.2010166000014,1000.0,1257.2010166000014,1000.0,0.0,0.0
7669,1700139660000.0,0.0,0.0,0.0,1976.5463888888894,0.0,0.0,2051.11,0.9413943126533779,1.0,1257.2010166000014,1000.0,1257.2010166000014,1000.0,0.0,0.0
7670,1700143260000.0,0.0,0.0,0.03,2034.1,0.0,0.0,2039.81,0.9413943126533779,1.0,1257.1888120000015,1000.0,1257.3601120000014,1000.0,0.04853924837504832,0.0
7671,1700146860000.0,0.0,0.0,0.03,2034.1,0.0,0.0,2031.3,0.9413943126533779,1.0,1257.1888120000015,1000.0,1257.1048120000014,1000.0,0.04853924837504832,0.0
7672,1700150460000.0,0.0,0.0,0.08,2006.46875,0.0,0.0,1999.19,0.9413943126533779,1.0,1257.1689131000014,1000.0,1256.5866131000014,1000.0,0.1276817286264154,0.0
7673,1700154060000.0,0.0,0.0,0.08,2006.46875,0.0,0.0,2010.83,0.9413943126533779,1.0,1257.1689131000014,1000.0,1257.5178131000014,1000.0,0.1276817286264154,0.0
7674,1700157660000.0,0.0,0.0,0.08,2006.46875,0.0,0.0,1999.21,0.9413943126533779,1.0,1257.1689131000014,1000.0,1256.5882131000014,1000.0,0.1276817286264154,0.0
7675,1700161260000.0,0.0,0.0,0.08,2006.46875,0.0,0.0,1985.16,0.9413943126533779,1.0,1257.1689131000014,1000.0,1255.4642131000014,1000.0,0.1276817286264154,0.0
7676,1700164860000.0,0.0,0.0,0.22,1976.7704545454546,0.0,0.0,1967.08,0.9413943126533779,1.0,1257.1140387000014,1000.0,1254.9821387000013,1000.0,0.34594275985472656,0.0
7677,1700168460000.0,0.0,0.0,0.22,1976.7704545454546,0.0,0.0,1956.54,0.9413943126533779,1.0,1257.1140387000014,1000.0,1252.6633387000013,1000.0,0.34594275985472656,0.0
7678,1700172060000.0,0.0,0.0,0.22,1976.7704545454546,0.0,0.0,1957.4,0.9413943126533779,1.0,1257.1140387000014,1000.0,1252.8525387000013,1000.0,0.34594275985472656,0.0
7679,1700175660000.0,0.0,0.0,0.22,1976.7704545454546,0.0,0.0,1967.02,0.9413943126533779,1.0,1257.1140387000014,1000.0,1254.9689387000014,1000.0,0.34594275985472656,0.0
7680,1700179260000.0,0.0,0.0,0.22,1976.7704545454546,0.0,0.0,1959.89,0.9413943126533779,1.0,1257.1140387000014,1000.0,1253.4003387000014,1000.0,0.34594275985472656,0.0
7681,1700182860000.0,0.0,0.0,0.22,1976.7704545454546,0.0,0.0,1977.22,0.9413943126533779,1.0,1257.1140387000014,1000.0,1257.2129387000014,1000.0,0.34594275985472656,0.0
7682,1700186460000.0,0.0,0.0,0.22,1976.7704545454546,0.0,0.0,1985.19,0.9413943126533779,1.0,1257.1140387000014,1000.0,1258.9663387000014,1000.0,0.34594275985472656,0.0
7683,1700190060000.0,0.0,0.0,0.16,1976.7704545454546,0.0,0.0,1985.24,0.9413943126533779,1.0,1257.9547172672742,1000.0,1259.3098445400014,1000.0,0.2514265961928683,0.0
7684,1700193660000.0,0.0,0.0,0.16,1976.7704545454546,0.0,0.0,1985.0,0.9413943126533779,1.0,1257.9547172672742,1000.0,1259.2714445400015,1000.0,0.2514265961928683,0.0
7685,1700197260000.0,0.0,0.0,0.16,1976.7704545454546,0.0,0.0,1983.04,0.9413943126533779,1.0,1257.9547172672742,1000.0,1258.9578445400014,1000.0,0.2514265961928683,0.0
7686,1700200860000.0,0.0,0.0,0.16,1976.7704545454546,0.0,0.0,1977.95,0.9413943126533779,1.0,1257.9547172672742,1000.0,1258.1434445400014,1000.0,0.2514265961928683,0.0
7687,1700204460000.0,0.0,0.0,0.16,1976.7704545454546,0.0,0.0,1981.28,0.9413943126533779,1.0,1257.9547172672742,1000.0,1258.6762445400013,1000.0,0.2514265961928683,0.0
7688,1700208060000.0,0.0,0.0,0.16,1976.7704545454546,0.0,0.0,1973.32,0.9413943126533779,1.0,1257.9547172672742,1000.0,1257.4026445400013,1000.0,0.2514265961928683,0.0
7689,1700211660000.0,0.0,0.0,0.16,1976.7704545454546,0.0,0.0,1977.77,0.9413943126533779,1.0,1257.9547172672742,1000.0,1258.1146445400013,1000.0,0.2514265961928683,0.0
7690,1700215260000.0,0.0,0.0,0.16,1976.7704545454546,0.0,0.0,1974.12,0.9413943126533779,1.0,1257.9547172672742,1000.0,1257.5306445400015,1000.0,0.2514265961928683,0.0
7691,1700218860000.0,0.0,0.0,0.16,1976.7704545454546,0.0,0.0,1963.45,0.9413943126533779,1.0,1257.9547172672742,1000.0,1255.8234445400014,1000.0,0.2514265961928683,0.0
7692,1700222460000.0,0.0,0.0,0.16,1976.7704545454546,0.0,0.0,1964.63,0.9413943126533779,1.0,1257.9547172672742,1000.0,1256.0122445400016,1000.0,0.2514265961928683,0.0
7693,1700226060000.0,0.0,0.0,0.16,1976.7704545454546,0.0,0.0,1967.3,0.9413943126533779,1.0,1257.9547172672742,1000.0,1256.4394445400014,1000.0,0.2514265961928683,0.0
7694,1700229660000.0,0.0,0.0,0.16,1976.7704545454546,0.0,0.0,1953.97,0.9413943126533779,1.0,1257.9547172672742,1000.0,1254.3066445400013,1000.0,0.2514265961928683,0.0
7695,1700233260000.0,3.540634276921012,0.0,0.65,1938.5651888111888,0.0,0.0,1932.7,0.9413943126533779,1.0,1257.7659604472742,1000.0,1253.9535877200015,1000.0,1.0018297619369347,0.0
7696,1700236860000.0,3.540634276921012,0.0,0.65,1938.5651888111888,0.0,0.0,1920.74,0.9413943126533779,1.0,1257.7659604472742,1000.0,1246.1795877200016,1000.0,1.0018297619369347,0.0
7697,1700240460000.0,3.540634276921012,0.0,0.65,1938.5651888111888,0.0,0.0,1915.31,0.9413943126533779,1.0,1257.7659604472742,1000.0,1242.6500877200015,1000.0,1.0018297619369347,0.0
7698,1700244060000.0,3.540634276921012,0.0,0.65,1938.5651888111888,0.0,0.0,1942.38,0.9413943126533779,1.0,1257.7659604472742,1000.0,1260.2455877200016,1000.0,1.0018297619369347,0.0
7699,1700247660000.0,3.540634276921012,0.0,0.65,1938.5651888111888,0.0,0.0,1947.15,0.9413943126533779,1.0,1257.7659604472742,1000.0,1263.3460877200016,1000.0,1.0018297619369347,0.0
7700,1700251260000.0,3.540634276921012,0.0,0.65,1938.5651888111888,0.0,0.0,1941.13,0.9413943126533779,1.0,1257.7659604472742,1000.0,1259.4330877200016,1000.0,1.0018297619369347,0.0
7701,1700254860000.0,3.540634276921012,0.0,0.65,1938.5651888111888,0.0,0.0,1943.78,0.9413943126533779,1.0,1257.7659604472742,1000.0,1261.1555877200014,1000.0,1.0018297619369347,0.0
7702,1700258460000.0,3.540634276921012,0.0,0.65,1938.5651888111888,0.0,0.0,1947.44,0.9413943126533779,1.0,1257.7659604472742,1000.0,1263.5345877200016,1000.0,1.0018297619369347,0.0
7703,1700262060000.0,0.0,0.0,0.54,1938.5651888111888,0.0,0.0,1961.8,0.9413943126533779,1.0,1259.2763305780434,1000.0,1271.8231286200014,1000.0,0.8312910967504009,0.0
7704,1700265660000.0,0.0,0.0,0.54,1938.5651888111888,0.0,0.0,1959.0,0.9413943126533779,1.0,1259.2763305780434,1000.0,1270.3111286200015,1000.0,0.8312910967504009,0.0
7705,1700269260000.0,0.0,0.0,0.54,1938.5651888111888,0.0,0.0,1956.69,0.9413943126533779,1.0,1259.2763305780434,1000.0,1269.0637286200015,1000.0,0.8312910967504009,0.0
7706,1700272860000.0,0.0,0.0,0.38,1938.5651888111888,0.0,0.0,1952.25,0.9413943126533779,1.0,1261.4738142882532,1000.0,1266.6740425400014,1000.0,0.5839635856126637,0.0
7707,1700276460000.0,0.0,0.0,0.15,1938.5651888111888,0.0,0.0,1950.79,0.9413943126533779,1.0,1264.6326971216797,1000.0,1266.4664188000013,1000.0,0.22993615378086316,0.0
7708,1700280060000.0,0.0,0.0,0.15,1938.5651888111888,0.0,0.0,1943.0,0.9413943126533779,1.0,1264.6326971216797,1000.0,1265.2979188000013,1000.0,0.22993615378086316,0.0
7709,1700283660000.0,0.0,0.0,0.15,1938.5651888111888,0.0,0.0,1937.83,0.9413943126533779,1.0,1264.6326971216797,1000.0,1264.5224188000013,1000.0,0.22993615378086316,0.0
7710,1700287260000.0,0.0,0.0,0.15,1938.5651888111888,0.0,0.0,1933.82,0.9413943126533779,1.0,1264.6326971216797,1000.0,1263.9209188000013,1000.0,0.22993615378086316,0.0
7711,1700290860000.0,0.0,0.0,0.15,1938.5651888111888,0.0,0.0,1927.15,0.9413943126533779,1.0,1264.6326971216797,1000.0,1262.9204188000015,1000.0,0.22993615378086316,0.0
7712,1700294460000.0,0.0,0.0,0.15,1938.5651888111888,0.0,0.0,1934.84,0.9413943126533779,1.0,1264.6326971216797,1000.0,1264.0739188000014,1000.0,0.22993615378086316,0.0
7713,1700298060000.0,0.0,0.0,0.15,1938.5651888111888,0.0,0.0,1939.47,0.9413943126533779,1.0,1264.6326971216797,1000.0,1264.7684188000014,1000.0,0.22993615378086316,0.0
7714,1700301660000.0,0.0,0.0,0.15,1938.5651888111888,0.0,0.0,1941.0,0.9413943126533779,1.0,1264.6326971216797,1000.0,1264.9979188000013,1000.0,0.22993615378086316,0.0
7715,1700305260000.0,0.0,0.0,0.15,1938.5651888111888,0.0,0.0,1944.78,0.9413943126533779,1.0,1264.6326971216797,1000.0,1265.5649188000014,1000.0,0.22993615378086316,0.0
7716,1700308860000.0,0.0,0.0,0.15,1938.5651888111888,0.0,0.0,1936.6,0.9413943126533779,1.0,1264.6326971216797,1000.0,1264.3379188000013,1000.0,0.22993615378086316,0.0
7717,1700312460000.0,0.0,0.0,0.15,1938.5651888111888,0.0,0.0,1940.73,0.9413943126533779,1.0,1264.6326971216797,1000.0,1264.9574188000015,1000.0,0.22993615378086316,0.0
7718,1700316060000.0,0.0,0.0,0.15,1938.5651888111888,0.0,0.0,1939.39,0.9413943126533779,1.0,1264.6326971216797,1000.0,1264.7564188000015,1000.0,0.22993615378086316,0.0
7719,1700319660000.0,0.0,0.0,0.15,1938.5651888111888,0.0,0.0,1943.25,0.9413943126533779,1.0,1264.6326971216797,1000.0,1265.3354188000014,1000.0,0.22993615378086316,0.0
7720,1700323260000.0,0.0,0.0,0.09,1938.5651888111888,0.0,0.0,1955.1,0.9413943126533779,1.0,1265.4567535130084,1000.0,1266.9448865200013,1000.0,0.13787185260077991,0.0
7721,1700326860000.0,0.0,0.0,0.09,1938.5651888111888,0.0,0.0,1965.65,0.9413943126533779,1.0,1265.4567535130084,1000.0,1267.8943865200015,1000.0,0.13787185260077991,0.0
7722,1700330460000.0,0.0,0.0,0.09,1938.5651888111888,0.0,0.0,1966.04,0.9413943126533779,1.0,1265.4567535130084,1000.0,1267.9294865200013,1000.0,0.13787185260077991,0.0
7723,1700334060000.0,0.0,0.0,0.09,1938.5651888111888,0.0,0.0,1969.4,0.9413943126533779,1.0,1265.4567535130084,1000.0,1268.2318865200014,1000.0,0.13787185260077991,0.0
7724,1700337660000.0,0.0,0.0,0.09,1938.5651888111888,0.0,0.0,1966.75,0.9413943126533779,1.0,1265.4567535130084,1000.0,1267.9933865200014,1000.0,0.13787185260077991,0.0
7725,1700341260000.0,0.0,0.0,0.09,1938.5651888111888,0.0,0.0,1963.33,0.9413943126533779,1.0,1265.4567535130084,1000.0,1267.6855865200014,1000.0,0.13787185260077991,0.0
7726,1700344860000.0,0.0,0.0,0.09,1938.5651888111888,0.0,0.0,1960.46,0.9413943126533779,1.0,1265.4567535130084,1000.0,1267.4272865200014,1000.0,0.13787185260077991,0.0
7727,1700348460000.0,0.0,0.0,0.08,1938.5651888111888,0.0,0.0,1959.91,0.9413943126533779,1.0,1265.5940962448965,1000.0,1267.3016811400014,1000.0,0.12253945839747787,0.0
7728,1700352060000.0,0.0,0.0,0.08,1938.5651888111888,0.0,0.0,1961.59,0.9413943126533779,1.0,1265.5940962448965,1000.0,1267.4360811400013,1000.0,0.12253945839747787,0.0
7729,1700355660000.0,0.0,0.0,0.08,1938.5651888111888,0.0,0.0,1954.11,0.9413943126533779,1.0,1265.5940962448965,1000.0,1266.8376811400015,1000.0,0.12253945839747787,0.0
7730,1700359260000.0,0.0,0.0,0.03,1938.5651888111888,0.0,0.0,1951.34,0.9413943126533779,1.0,1266.280809904337,1000.0,1266.6640542400014,1000.0,0.0459273766209323,0.0
7731,1700362860000.0,0.0,0.0,0.0,1938.5651888111888,0.0,0.0,1949.72,0.9413943126533779,1.0,1266.6928381000014,1000.0,1266.6928381000014,1000.0,0.0,0.0
7732,1700366460000.0,0.0,0.0,0.0,1938.5651888111888,0.0,0.0,1957.21,0.9413943126533779,1.0,1266.6928381000014,1000.0,1266.6928381000014,1000.0,0.0,0.0
7733,1700370060000.0,0.0,0.0,0.0,1938.5651888111888,0.0,0.0,1957.2,0.9413943126533779,1.0,1266.6928381000014,1000.0,1266.6928381000014,1000.0,0.0,0.0
7734,1700373660000.0,0.0,0.0,0.0,1938.5651888111888,0.0,0.0,1957.72,0.9413943126533779,1.0,1266.6928381000014,1000.0,1266.6928381000014,1000.0,0.0,0.0
7735,1700377260000.0,0.0,0.0,0.0,1938.5651888111888,0.0,0.0,1961.87,0.9413943126533779,1.0,1266.6928381000014,1000.0,1266.6928381000014,1000.0,0.0,0.0
7736,1700380860000.0,0.0,0.0,0.0,1938.5651888111888,0.0,0.0,1961.03,0.9413943126533779,1.0,1266.6928381000014,1000.0,1266.6928381000014,1000.0,0.0,0.0
7737,1700384460000.0,0.0,0.0,0.0,1938.5651888111888,0.0,0.0,1958.36,0.9413943126533779,1.0,1266.6928381000014,1000.0,1266.6928381000014,1000.0,0.0,0.0
7738,1700388060000.0,0.0,0.0,0.0,1938.5651888111888,0.0,0.0,1963.05,0.9413943126533779,1.0,1266.6928381000014,1000.0,1266.6928381000014,1000.0,0.0,0.0
7739,1700391660000.0,0.0,0.0,0.0,1938.5651888111888,0.0,0.0,1957.2,0.9413943126533779,1.0,1266.6928381000014,1000.0,1266.6928381000014,1000.0,0.0,0.0
7740,1700395260000.0,0.0,0.0,0.03,1945.94,0.0,0.0,1951.92,0.9413943126533779,1.0,1266.6811624600014,1000.0,1266.8605624600013,1000.0,0.04608752520375737,0.0
7741,1700398860000.0,0.0,0.0,0.03,1945.94,0.0,0.0,1954.0,0.9413943126533779,1.0,1266.6811624600014,1000.0,1266.9229624600014,1000.0,0.04608752520375737,0.0
7742,1700402460000.0,0.0,0.0,0.03,1945.94,0.0,0.0,1952.95,0.9413943126533779,1.0,1266.6811624600014,1000.0,1266.8914624600013,1000.0,0.04608752520375737,0.0
7743,1700406060000.0,0.0,0.0,0.03,1945.94,0.0,0.0,1952.85,0.9413943126533779,1.0,1266.6811624600014,1000.0,1266.8884624600014,1000.0,0.04608752520375737,0.0
7744,1700409660000.0,0.0,0.0,0.02,1945.94,0.0,0.0,1967.36,0.9413943126533779,1.0,1266.8190422200014,1000.0,1267.2474422200014,1000.0,0.030721672711674627,0.0
7745,1700413260000.0,0.0,0.0,0.02,1945.94,0.0,0.0,1969.81,0.9413943126533779,1.0,1266.8190422200014,1000.0,1267.2964422200014,1000.0,0.030721672711674627,0.0
7746,1700416860000.0,0.0,0.0,0.01,1945.94,0.0,0.0,1975.2,0.9413943126533779,1.0,1267.1672799000014,1000.0,1267.4598799000014,1000.0,0.015356614954211603,0.0
7747,1700420460000.0,0.0,0.0,0.0,1945.94,0.0,0.0,1979.4,0.9413943126533779,1.0,1267.5155175800014,1000.0,1267.5155175800014,1000.0,0.0,0.0
7748,1700424060000.0,0.0,0.0,0.0,1945.94,0.0,0.0,1984.5,0.9413943126533779,1.0,1267.5155175800014,1000.0,1267.5155175800014,1000.0,0.0,0.0
7749,1700427660000.0,0.0,0.0,0.0,1945.94,0.0,0.0,1986.51,0.9413943126533779,1.0,1267.5155175800014,1000.0,1267.5155175800014,1000.0,0.0,0.0
7750,1700431260000.0,0.0,0.0,0.0,1945.94,0.0,0.0,1984.75,0.9413943126533779,1.0,1267.5155175800014,1000.0,1267.5155175800014,1000.0,0.0,0.0
7751,1700434860000.0,0.0,0.0,0.0,1945.94,0.0,0.0,1984.99,0.9413943126533779,1.0,1267.5155175800014,1000.0,1267.5155175800014,1000.0,0.0,0.0
7752,1700438460000.0,0.0,0.0,0.0,1945.94,0.0,0.0,2009.14,0.9413943126533779,1.0,1267.5155175800014,1000.0,1267.5155175800014,1000.0,0.0,0.0
7753,1700442060000.0,0.0,0.0,0.0,1945.94,0.0,0.0,2004.71,0.9413943126533779,1.0,1267.5155175800014,1000.0,1267.5155175800014,1000.0,0.0,0.0
7754,1700445660000.0,0.0,0.0,0.0,1945.94,0.0,0.0,2006.99,0.9413943126533779,1.0,1267.5155175800014,1000.0,1267.5155175800014,1000.0,0.0,0.0
7755,1700449260000.0,0.0,0.0,0.0,1945.94,0.0,0.0,2008.86,0.9413943126533779,1.0,1267.5155175800014,1000.0,1267.5155175800014,1000.0,0.0,0.0
7756,1700452860000.0,0.0,0.0,0.0,1945.94,0.0,0.0,2002.02,0.9413943126533779,1.0,1267.5155175800014,1000.0,1267.5155175800014,1000.0,0.0,0.0
7757,1700456460000.0,0.0,0.0,0.0,1945.94,0.0,0.0,2002.31,0.9413943126533779,1.0,1267.5155175800014,1000.0,1267.5155175800014,1000.0,0.0,0.0
7758,1700460060000.0,0.0,0.0,0.0,1945.94,0.0,0.0,2002.39,0.9413943126533779,1.0,1267.5155175800014,1000.0,1267.5155175800014,1000.0,0.0,0.0
7759,1700463660000.0,0.0,0.0,0.0,1945.94,0.0,0.0,2007.67,0.9413943126533779,1.0,1267.5155175800014,1000.0,1267.5155175800014,1000.0,0.0,0.0
7760,1700467260000.0,0.0,0.0,0.0,1945.94,0.0,0.0,2021.32,0.9413943126533779,1.0,1267.5155175800014,1000.0,1267.5155175800014,1000.0,0.0,0.0
7761,1700470860000.0,0.0,0.0,0.0,1945.94,0.0,0.0,2018.57,0.9413943126533779,1.0,1267.5155175800014,1000.0,1267.5155175800014,1000.0,0.0,0.0
7762,1700474460000.0,0.0,0.0,0.0,1945.94,0.0,0.0,2038.88,0.9413943126533779,1.0,1267.5155175800014,1000.0,1267.5155175800014,1000.0,0.0,0.0
7763,1700478060000.0,0.0,0.0,0.0,1945.94,0.0,0.0,2037.3,0.9413943126533779,1.0,1267.5155175800014,1000.0,1267.5155175800014,1000.0,0.0,0.0
7764,1700481660000.0,0.0,0.0,0.0,1945.94,0.0,0.0,2025.01,0.9413943126533779,1.0,1267.5155175800014,1000.0,1267.5155175800014,1000.0,0.0,0.0
7765,1700485260000.0,0.0,0.0,0.0,1945.94,0.0,0.0,2020.8,0.9413943126533779,1.0,1267.5155175800014,1000.0,1267.5155175800014,1000.0,0.0,0.0
7766,1700488860000.0,0.0,0.0,0.0,1945.94,0.0,0.0,2019.64,0.9413943126533779,1.0,1267.5155175800014,1000.0,1267.5155175800014,1000.0,0.0,0.0
7767,1700492460000.0,0.0,0.0,0.0,1992.69,0.0,0.0,2036.09,0.9413943126533779,1.0,1268.3578320200013,1000.0,1268.3578320200013,1000.0,0.0,0.0
7768,1700496060000.0,0.0,0.0,0.0,1992.69,0.0,0.0,2047.26,0.9413943126533779,1.0,1268.3578320200013,1000.0,1268.3578320200013,1000.0,0.0,0.0
7769,1700499660000.0,0.0,0.0,0.0,1992.69,0.0,0.0,2023.79,0.9413943126533779,1.0,1268.3578320200013,1000.0,1268.3578320200013,1000.0,0.0,0.0
7770,1700503260000.0,0.0,0.0,0.0,1992.69,0.0,0.0,2060.27,0.9413943126533779,1.0,1268.3578320200013,1000.0,1268.3578320200013,1000.0,0.0,0.0
7771,1700506860000.0,0.0,0.0,0.0,1992.69,0.0,0.0,2045.79,0.9413943126533779,1.0,1268.3578320200013,1000.0,1268.3578320200013,1000.0,0.0,0.0
7772,1700510460000.0,0.0,0.0,0.0,1992.69,0.0,0.0,2037.65,0.9413943126533779,1.0,1268.3578320200013,1000.0,1268.3578320200013,1000.0,0.0,0.0
7773,1700514060000.0,0.0,0.0,0.0,1992.69,0.0,0.0,2031.67,0.9413943126533779,1.0,1268.3578320200013,1000.0,1268.3578320200013,1000.0,0.0,0.0
7774,1700517660000.0,0.0,0.0,0.0,1992.69,0.0,0.0,2023.77,0.9413943126533779,1.0,1268.3578320200013,1000.0,1268.3578320200013,1000.0,0.0,0.0
7775,1700521260000.0,0.0,0.0,0.0,1992.69,0.0,0.0,2026.94,0.9413943126533779,1.0,1268.3578320200013,1000.0,1268.3578320200013,1000.0,0.0,0.0
7776,1700524860000.0,0.0,0.0,0.0,1992.69,0.0,0.0,2022.13,0.9413943126533779,1.0,1268.3578320200013,1000.0,1268.3578320200013,1000.0,0.0,0.0
7777,1700528460000.0,0.0,0.0,0.0,1992.69,0.0,0.0,2024.23,0.9413943126533779,1.0,1268.3578320200013,1000.0,1268.3578320200013,1000.0,0.0,0.0
7778,1700532060000.0,0.0,0.0,0.0,1992.69,0.0,0.0,2030.29,0.9413943126533779,1.0,1268.3578320200013,1000.0,1268.3578320200013,1000.0,0.0,0.0
7779,1700535660000.0,0.0,0.0,0.03,2010.91,0.0,0.0,2011.2,0.9413943126533779,1.0,1268.3457665600013,1000.0,1268.3544665600014,1000.0,0.04756376501623788,0.0
7780,1700539260000.0,0.0,0.0,0.03,2010.91,0.0,0.0,2018.98,0.9413943126533779,1.0,1268.3457665600013,1000.0,1268.5878665600012,1000.0,0.04756376501623788,0.0
7781,1700542860000.0,0.0,0.0,0.03,2010.91,0.0,0.0,2015.27,0.9413943126533779,1.0,1268.3457665600013,1000.0,1268.4765665600012,1000.0,0.04756376501623788,0.0
7782,1700546460000.0,0.0,0.0,0.03,2010.91,0.0,0.0,2012.7,0.9413943126533779,1.0,1268.3457665600013,1000.0,1268.3994665600012,1000.0,0.04756376501623788,0.0
7783,1700550060000.0,0.0,0.0,0.03,2010.91,0.0,0.0,2014.41,0.9413943126533779,1.0,1268.3457665600013,1000.0,1268.4507665600013,1000.0,0.04756376501623788,0.0
7784,1700553660000.0,0.0,0.0,0.03,2010.91,0.0,0.0,2005.02,0.9413943126533779,1.0,1268.3457665600013,1000.0,1268.1690665600013,1000.0,0.04756376501623788,0.0
7785,1700557260000.0,0.0,0.0,0.03,2010.91,0.0,0.0,2013.0,0.9413943126533779,1.0,1268.3457665600013,1000.0,1268.4084665600012,1000.0,0.04756376501623788,0.0
7786,1700560860000.0,0.0,0.0,0.03,2010.91,0.0,0.0,2008.39,0.9413943126533779,1.0,1268.3457665600013,1000.0,1268.2701665600014,1000.0,0.04756376501623788,0.0
7787,1700564460000.0,0.0,0.0,0.03,2010.91,0.0,0.0,2016.11,0.9413943126533779,1.0,1268.3457665600013,1000.0,1268.5017665600012,1000.0,0.04756376501623788,0.0
7788,1700568060000.0,0.0,0.0,0.03,2010.91,0.0,0.0,2006.53,0.9413943126533779,1.0,1268.3457665600013,1000.0,1268.2143665600013,1000.0,0.04756376501623788,0.0
7789,1700571660000.0,0.0,0.0,0.03,2010.91,0.0,0.0,2010.94,0.9413943126533779,1.0,1268.3457665600013,1000.0,1268.3466665600013,1000.0,0.04756376501623788,0.0
7790,1700575260000.0,0.0,0.0,0.03,2010.91,0.0,0.0,2003.19,0.9413943126533779,1.0,1268.3457665600013,1000.0,1268.1141665600012,1000.0,0.04756376501623788,0.0
7791,1700578860000.0,0.0,0.0,0.03,2010.91,0.0,0.0,1988.1,0.9413943126533779,1.0,1268.3457665600013,1000.0,1267.6614665600014,1000.0,0.04756376501623788,0.0
7792,1700582460000.0,0.0,0.0,0.06,1983.61625,0.0,0.0,1983.9,0.9413943126533779,1.0,1268.6071768800014,1000.0,1268.6242018800015,1000.0,0.09381704373824296,0.0
7793,1700586060000.0,0.0,0.0,0.01,1983.61625,0.0,0.0,2005.95,0.9413943126533779,1.0,1269.5242408000015,1000.0,1269.7475783000016,1000.0,0.015624878881792816,0.0
7794,1700589660000.0,0.0,0.0,0.03,1993.1747222222225,0.0,0.0,1966.18,0.9413943126533779,1.0,1269.570848386668,1000.0,1268.7610067200014,1000.0,0.047098782823071776,0.0
7795,1700593260000.0,0.0,0.0,0.03,1993.1747222222225,0.0,0.0,1974.96,0.9413943126533779,1.0,1269.570848386668,1000.0,1269.0244067200015,1000.0,0.047098782823071776,0.0
7796,1700596860000.0,0.0,0.0,0.03,1993.1747222222225,0.0,0.0,1985.6,0.9413943126533779,1.0,1269.570848386668,1000.0,1269.3436067200014,1000.0,0.047098782823071776,0.0
7797,1700600460000.0,0.0,0.0,0.02,1993.1747222222225,0.0,0.0,1992.19,0.9413943126533779,1.0,1269.7120857644459,1000.0,1269.6923913200014,1000.0,0.03139569583638651,0.0
7798,1700604060000.0,0.0,0.0,0.03,1991.306481481482,0.0,0.0,1986.67,0.9413943126533779,1.0,1269.708110624446,1000.0,1269.5690161800014,1000.0,0.04704954937640318,0.0
7799,1700607660000.0,0.0,0.0,0.08,1964.2899305555557,0.0,0.0,1938.68,0.9413943126533779,1.0,1269.6886298244458,1000.0,1267.6398353800014,1000.0,0.12376514269185189,0.0
7800,1700611260000.0,0.0,0.0,0.08,1964.2899305555557,0.0,0.0,1940.59,0.9413943126533779,1.0,1269.6886298244458,1000.0,1267.7926353800012,1000.0,0.12376514269185189,0.0
7801,1700614860000.0,0.0,0.0,0.08,1964.2899305555557,0.0,0.0,1954.85,0.9413943126533779,1.0,1269.6886298244458,1000.0,1268.9334353800014,1000.0,0.12376514269185189,0.0
7802,1700618460000.0,0.0,0.0,0.08,1964.2899305555557,0.0,0.0,1962.94,0.9413943126533779,1.0,1269.6886298244458,1000.0,1269.5806353800012,1000.0,0.12376514269185189,0.0
7803,1700622060000.0,0.0,0.0,0.08,1964.2899305555557,0.0,0.0,1974.13,0.9413943126533779,1.0,1269.6886298244458,1000.0,1270.4758353800014,1000.0,0.12376514269185189,0.0
7804,1700625660000.0,0.0,0.0,0.06,1964.2899305555557,0.0,0.0,1977.98,0.9413943126533779,1.0,1269.9671167733345,1000.0,1270.7885209400013,1000.0,0.09280350197789308,0.0
7805,1700629260000.0,0.0,0.0,0.05,1964.2899305555557,0.0,0.0,1987.99,0.9413943126533779,1.0,1270.1063602477789,1000.0,1271.291363720001,1000.0,0.07732777317060092,0.0
7806,1700632860000.0,0.0,0.0,0.05,1964.2899305555557,0.0,0.0,1986.26,0.9413943126533779,1.0,1270.1063602477789,1000.0,1271.2048637200012,1000.0,0.07732777317060092,0.0
7807,1700636460000.0,0.0,0.0,0.05,1964.2899305555557,0.0,0.0,1996.5,0.9413943126533779,1.0,1270.1063602477789,1000.0,1271.7168637200011,1000.0,0.07732777317060092,0.0
7808,1700640060000.0,0.0,0.0,0.03,1964.2899305555557,0.0,0.0,1995.83,0.9413943126533779,1.0,1270.8093622766673,1000.0,1271.7555643600006,1000.0,0.04637099762240918,0.0
7809,1700643660000.0,0.0,0.0,0.0,1964.2899305555557,0.0,0.0,2002.83,0.9413943126533779,1.0,1271.86386532,1000.0,1271.86386532,1000.0,0.0,0.0
7810,1700647260000.0,0.0,0.0,0.0,1964.2899305555557,0.0,0.0,2011.55,0.9413943126533779,1.0,1271.86386532,1000.0,1271.86386532,1000.0,0.0,0.0
7811,1700650860000.0,0.0,0.0,0.0,1964.2899305555557,0.0,0.0,2024.62,0.9413943126533779,1.0,1271.86386532,1000.0,1271.86386532,1000.0,0.0,0.0
7812,1700654460000.0,0.0,0.0,0.0,1964.2899305555557,0.0,0.0,2015.99,0.9413943126533779,1.0,1271.86386532,1000.0,1271.86386532,1000.0,0.0,0.0
7813,1700658060000.0,0.0,0.0,0.0,1964.2899305555557,0.0,0.0,2022.96,0.9413943126533779,1.0,1271.86386532,1000.0,1271.86386532,1000.0,0.0,0.0
7814,1700661660000.0,0.0,0.0,0.0,1964.2899305555557,0.0,0.0,2033.97,0.9413943126533779,1.0,1271.86386532,1000.0,1271.86386532,1000.0,0.0,0.0
7815,1700665260000.0,0.0,0.0,0.0,1964.2899305555557,0.0,0.0,2023.84,0.9413943126533779,1.0,1271.86386532,1000.0,1271.86386532,1000.0,0.0,0.0
7816,1700668860000.0,0.0,0.0,0.0,1964.2899305555557,0.0,0.0,2034.21,0.9413943126533779,1.0,1271.86386532,1000.0,1271.86386532,1000.0,0.0,0.0
7817,1700672460000.0,0.0,0.0,0.0,1964.2899305555557,0.0,0.0,2033.78,0.9413943126533779,1.0,1271.86386532,1000.0,1271.86386532,1000.0,0.0,0.0
7818,1700676060000.0,0.0,0.0,0.0,1964.2899305555557,0.0,0.0,2034.67,0.9413943126533779,1.0,1271.86386532,1000.0,1271.86386532,1000.0,0.0,0.0
7819,1700679660000.0,0.0,0.0,0.0,1964.2899305555557,0.0,0.0,2072.82,0.9413943126533779,1.0,1271.86386532,1000.0,1271.86386532,1000.0,0.0,0.0
7820,1700683260000.0,0.0,0.0,0.0,1964.2899305555557,0.0,0.0,2079.14,0.9413943126533779,1.0,1271.86386532,1000.0,1271.86386532,1000.0,0.0,0.0
7821,1700686860000.0,0.0,0.0,0.0,1964.2899305555557,0.0,0.0,2072.1,0.9413943126533779,1.0,1271.86386532,1000.0,1271.86386532,1000.0,0.0,0.0
7822,1700690460000.0,0.0,0.0,0.0,1964.2899305555557,0.0,0.0,2081.94,0.9413943126533779,1.0,1271.86386532,1000.0,1271.86386532,1000.0,0.0,0.0
7823,1700694060000.0,0.0,0.0,0.0,1964.2899305555557,0.0,0.0,2064.55,0.9413943126533779,1.0,1271.86386532,1000.0,1271.86386532,1000.0,0.0,0.0
7824,1700697660000.0,0.0,0.0,0.0,1964.2899305555557,0.0,0.0,2062.46,0.9413943126533779,1.0,1271.86386532,1000.0,1271.86386532,1000.0,0.0,0.0
7825,1700701260000.0,0.0,0.0,0.0,1964.2899305555557,0.0,0.0,2055.89,0.9413943126533779,1.0,1271.86386532,1000.0,1271.86386532,1000.0,0.0,0.0
7826,1700704860000.0,0.0,0.0,0.0,1964.2899305555557,0.0,0.0,2068.63,0.9413943126533779,1.0,1271.86386532,1000.0,1271.86386532,1000.0,0.0,0.0
7827,1700708460000.0,0.0,0.0,0.0,1964.2899305555557,0.0,0.0,2064.09,0.9413943126533779,1.0,1271.86386532,1000.0,1271.86386532,1000.0,0.0,0.0
7828,1700712060000.0,0.0,0.0,0.0,1964.2899305555557,0.0,0.0,2060.14,0.9413943126533779,1.0,1271.86386532,1000.0,1271.86386532,1000.0,0.0,0.0
7829,1700715660000.0,0.0,0.0,0.0,1964.2899305555557,0.0,0.0,2063.46,0.9413943126533779,1.0,1271.86386532,1000.0,1271.86386532,1000.0,0.0,0.0
7830,1700719260000.0,0.0,0.0,0.0,1964.2899305555557,0.0,0.0,2064.75,0.9413943126533779,1.0,1271.86386532,1000.0,1271.86386532,1000.0,0.0,0.0
7831,1700722860000.0,0.0,0.0,0.0,1964.2899305555557,0.0,0.0,2066.06,0.9413943126533779,1.0,1271.86386532,1000.0,1271.86386532,1000.0,0.0,0.0
7832,1700726460000.0,0.0,0.0,0.0,1964.2899305555557,0.0,0.0,2068.29,0.9413943126533779,1.0,1271.86386532,1000.0,1271.86386532,1000.0,0.0,0.0
7833,1700730060000.0,0.0,0.0,0.0,1964.2899305555557,0.0,0.0,2083.42,0.9413943126533779,1.0,1271.86386532,1000.0,1271.86386532,1000.0,0.0,0.0
7834,1700733660000.0,0.0,0.0,0.0,1964.2899305555557,0.0,0.0,2087.58,0.9413943126533779,1.0,1271.86386532,1000.0,1271.86386532,1000.0,0.0,0.0
7835,1700737260000.0,0.0,0.0,0.0,1964.2899305555557,0.0,0.0,2072.97,0.9413943126533779,1.0,1271.86386532,1000.0,1271.86386532,1000.0,0.0,0.0
7836,1700740860000.0,0.0,0.0,0.02,2044.63,0.0,0.0,2062.44,0.9413943126533779,1.0,1271.99647848,1000.0,1272.35267848,1000.0,0.03214835944268141,0.0
7837,1700744460000.0,0.0,0.0,0.0,2044.63,0.0,0.0,2060.1,0.9413943126533779,1.0,1272.2862403599997,1000.0,1272.2862403599997,1000.0,0.0,0.0
7838,1700748060000.0,0.0,0.0,0.0,2044.63,0.0,0.0,2055.75,0.9413943126533779,1.0,1272.2862403599997,1000.0,1272.2862403599997,1000.0,0.0,0.0
7839,1700751660000.0,0.0,0.0,0.0,2044.63,0.0,0.0,2062.24,0.9413943126533779,1.0,1272.2862403599997,1000.0,1272.2862403599997,1000.0,0.0,0.0
7840,1700755260000.0,0.0,0.0,0.03,2045.44,0.0,0.0,2043.51,0.9413943126533779,1.0,1272.2739677199997,1000.0,1272.2160677199997,1000.0,0.048231121249746996,0.0
7841,1700758860000.0,0.0,0.0,0.03,2045.44,0.0,0.0,2052.14,0.9413943126533779,1.0,1272.2739677199997,1000.0,1272.4749677199998,1000.0,0.048231121249746996,0.0
7842,1700762460000.0,0.0,0.0,0.0,2045.44,0.0,0.0,2059.35,0.9413943126533779,1.0,1272.7089056200002,1000.0,1272.7089056200002,1000.0,0.0,0.0
7843,1700766060000.0,0.0,0.0,0.0,2045.44,0.0,0.0,2061.24,0.9413943126533779,1.0,1272.7089056200002,1000.0,1272.7089056200002,1000.0,0.0,0.0
7844,1700769660000.0,0.0,0.0,0.0,2045.44,0.0,0.0,2063.15,0.9413943126533779,1.0,1272.7089056200002,1000.0,1272.7089056200002,1000.0,0.0,0.0
7845,1700773260000.0,0.0,0.0,0.0,2045.44,0.0,0.0,2068.45,0.9413943126533779,1.0,1272.7089056200002,1000.0,1272.7089056200002,1000.0,0.0,0.0
7846,1700776860000.0,0.0,0.0,0.0,2045.44,0.0,0.0,2068.88,0.9413943126533779,1.0,1272.7089056200002,1000.0,1272.7089056200002,1000.0,0.0,0.0
7847,1700780460000.0,0.0,0.0,0.0,2045.44,0.0,0.0,2068.15,0.9413943126533779,1.0,1272.7089056200002,1000.0,1272.7089056200002,1000.0,0.0,0.0
7848,1700784060000.0,0.0,0.0,0.0,2045.44,0.0,0.0,2062.95,0.9413943126533779,1.0,1272.7089056200002,1000.0,1272.7089056200002,1000.0,0.0,0.0
7849,1700787660000.0,0.0,0.0,0.0,2045.44,0.0,0.0,2065.59,0.9413943126533779,1.0,1272.7089056200002,1000.0,1272.7089056200002,1000.0,0.0,0.0
7850,1700791260000.0,0.0,0.0,0.0,2045.44,0.0,0.0,2071.28,0.9413943126533779,1.0,1272.7089056200002,1000.0,1272.7089056200002,1000.0,0.0,0.0
7851,1700794860000.0,0.0,0.0,0.0,2045.44,0.0,0.0,2069.23,0.9413943126533779,1.0,1272.7089056200002,1000.0,1272.7089056200002,1000.0,0.0,0.0
7852,1700798460000.0,0.0,0.0,0.0,2045.44,0.0,0.0,2065.9,0.9413943126533779,1.0,1272.7089056200002,1000.0,1272.7089056200002,1000.0,0.0,0.0
7853,1700802060000.0,0.0,0.0,0.0,2045.44,0.0,0.0,2068.51,0.9413943126533779,1.0,1272.7089056200002,1000.0,1272.7089056200002,1000.0,0.0,0.0
7854,1700805660000.0,0.0,0.0,0.0,2045.44,0.0,0.0,2072.13,0.9413943126533779,1.0,1272.7089056200002,1000.0,1272.7089056200002,1000.0,0.0,0.0
7855,1700809260000.0,0.0,0.0,0.0,2045.44,0.0,0.0,2067.62,0.9413943126533779,1.0,1272.7089056200002,1000.0,1272.7089056200002,1000.0,0.0,0.0
7856,1700812860000.0,0.0,0.0,0.0,2045.44,0.0,0.0,2083.23,0.9413943126533779,1.0,1272.7089056200002,1000.0,1272.7089056200002,1000.0,0.0,0.0
7857,1700816460000.0,0.0,0.0,0.0,2045.44,0.0,0.0,2078.33,0.9413943126533779,1.0,1272.7089056200002,1000.0,1272.7089056200002,1000.0,0.0,0.0
7858,1700820060000.0,0.0,0.0,0.0,2045.44,0.0,0.0,2108.78,0.9413943126533779,1.0,1272.7089056200002,1000.0,1272.7089056200002,1000.0,0.0,0.0
7859,1700823660000.0,0.0,0.0,0.0,2045.44,0.0,0.0,2102.32,0.9413943126533779,1.0,1272.7089056200002,1000.0,1272.7089056200002,1000.0,0.0,0.0
7860,1700827260000.0,0.0,0.0,0.0,2045.44,0.0,0.0,2097.48,0.9413943126533779,1.0,1272.7089056200002,1000.0,1272.7089056200002,1000.0,0.0,0.0
7861,1700830860000.0,0.0,0.0,0.0,2045.44,0.0,0.0,2101.02,0.9413943126533779,1.0,1272.7089056200002,1000.0,1272.7089056200002,1000.0,0.0,0.0
7862,1700834460000.0,0.0,0.0,0.0,2045.44,0.0,0.0,2104.94,0.9413943126533779,1.0,1272.7089056200002,1000.0,1272.7089056200002,1000.0,0.0,0.0
7863,1700838060000.0,0.0,0.0,0.0,2045.44,0.0,0.0,2118.2,0.9413943126533779,1.0,1272.7089056200002,1000.0,1272.7089056200002,1000.0,0.0,0.0
7864,1700841660000.0,0.0,0.0,0.0,2045.44,0.0,0.0,2119.47,0.9413943126533779,1.0,1272.7089056200002,1000.0,1272.7089056200002,1000.0,0.0,0.0
7865,1700845260000.0,0.0,0.0,0.0,2045.44,0.0,0.0,2096.82,0.9413943126533779,1.0,1272.7089056200002,1000.0,1272.7089056200002,1000.0,0.0,0.0
7866,1700848860000.0,0.0,0.0,0.0,2045.44,0.0,0.0,2103.2,0.9413943126533779,1.0,1272.7089056200002,1000.0,1272.7089056200002,1000.0,0.0,0.0
7867,1700852460000.0,0.0,0.0,0.0,2045.44,0.0,0.0,2091.52,0.9413943126533779,1.0,1272.7089056200002,1000.0,1272.7089056200002,1000.0,0.0,0.0
7868,1700856060000.0,0.0,0.0,0.0,2045.44,0.0,0.0,2088.62,0.9413943126533779,1.0,1272.7089056200002,1000.0,1272.7089056200002,1000.0,0.0,0.0
7869,1700859660000.0,0.0,0.0,0.0,2077.69,0.0,0.0,2092.66,0.9413943126533779,1.0,1273.1380824999999,1000.0,1273.1380824999999,1000.0,0.0,0.0
7870,1700863260000.0,0.0,0.0,0.03,2077.84,0.0,0.0,2081.99,0.9413943126533779,1.0,1273.1256154599998,1000.0,1273.2501154599997,1000.0,0.048962332736881845,0.0
7871,1700866860000.0,0.0,0.0,0.03,2077.84,0.0,0.0,2073.09,0.9413943126533779,1.0,1273.1256154599998,1000.0,1272.98311546,1000.0,0.048962332736881845,0.0
7872,1700870460000.0,0.0,0.0,0.03,2077.84,0.0,0.0,2081.62,0.9413943126533779,1.0,1273.1256154599998,1000.0,1273.2390154599998,1000.0,0.048962332736881845,0.0
7873,1700874060000.0,0.0,0.0,0.03,2077.84,0.0,0.0,2078.02,0.9413943126533779,1.0,1273.1256154599998,1000.0,1273.1310154599998,1000.0,0.048962332736881845,0.0
7874,1700877660000.0,0.0,0.0,0.03,2077.84,0.0,0.0,2085.98,0.9413943126533779,1.0,1273.1256154599998,1000.0,1273.36981546,1000.0,0.048962332736881845,0.0
7875,1700881260000.0,0.0,0.0,0.03,2077.84,0.0,0.0,2087.35,0.9413943126533779,1.0,1273.1256154599998,1000.0,1273.4109154599998,1000.0,0.048962332736881845,0.0
7876,1700884860000.0,0.0,0.0,0.03,2077.84,0.0,0.0,2087.61,0.9413943126533779,1.0,1273.1256154599998,1000.0,1273.41871546,1000.0,0.048962332736881845,0.0
7877,1700888460000.0,0.0,0.0,0.03,2077.84,0.0,0.0,2086.9,0.9413943126533779,1.0,1273.1256154599998,1000.0,1273.3974154599998,1000.0,0.048962332736881845,0.0
7878,1700892060000.0,0.0,0.0,0.03,2077.84,0.0,0.0,2085.68,0.9413943126533779,1.0,1273.1256154599998,1000.0,1273.36081546,1000.0,0.048962332736881845,0.0
7879,1700895660000.0,0.0,0.0,0.03,2077.84,0.0,0.0,2087.41,0.9413943126533779,1.0,1273.1256154599998,1000.0,1273.4127154599998,1000.0,0.048962332736881845,0.0
7880,1700899260000.0,0.0,0.0,0.03,2077.84,0.0,0.0,2089.08,0.9413943126533779,1.0,1273.1256154599998,1000.0,1273.4628154599998,1000.0,0.048962332736881845,0.0
7881,1700902860000.0,0.0,0.0,0.03,2077.84,0.0,0.0,2086.66,0.9413943126533779,1.0,1273.1256154599998,1000.0,1273.3902154599998,1000.0,0.048962332736881845,0.0
7882,1700906460000.0,0.0,0.0,0.03,2077.84,0.0,0.0,2084.17,0.9413943126533779,1.0,1273.1256154599998,1000.0,1273.31551546,1000.0,0.048962332736881845,0.0
7883,1700910060000.0,0.0,0.0,0.03,2077.84,0.0,0.0,2076.83,0.9413943126533779,1.0,1273.1256154599998,1000.0,1273.09531546,1000.0,0.048962332736881845,0.0
7884,1700913660000.0,0.0,0.0,0.03,2077.84,0.0,0.0,2070.86,0.9413943126533779,1.0,1273.1256154599998,1000.0,1272.9162154599999,1000.0,0.048962332736881845,0.0
7885,1700917260000.0,0.0,0.0,0.03,2077.84,0.0,0.0,2077.41,0.9413943126533779,1.0,1273.1256154599998,1000.0,1273.11271546,1000.0,0.048962332736881845,0.0
7886,1700920860000.0,0.0,0.0,0.03,2077.84,0.0,0.0,2077.36,0.9413943126533779,1.0,1273.1256154599998,1000.0,1273.1112154599998,1000.0,0.048962332736881845,0.0
7887,1700924460000.0,0.0,0.0,0.03,2077.84,0.0,0.0,2073.89,0.9413943126533779,1.0,1273.1256154599998,1000.0,1273.0071154599998,1000.0,0.048962332736881845,0.0
7888,1700928060000.0,0.0,0.0,0.03,2077.84,0.0,0.0,2079.51,0.9413943126533779,1.0,1273.1256154599998,1000.0,1273.1757154599998,1000.0,0.048962332736881845,0.0
7889,1700931660000.0,0.0,0.0,0.03,2077.84,0.0,0.0,2078.97,0.9413943126533779,1.0,1273.1256154599998,1000.0,1273.1595154599997,1000.0,0.048962332736881845,0.0
7890,1700935260000.0,0.0,0.0,0.03,2077.84,0.0,0.0,2077.6,0.9413943126533779,1.0,1273.1256154599998,1000.0,1273.1184154599998,1000.0,0.048962332736881845,0.0
7891,1700938860000.0,0.0,0.0,0.03,2077.84,0.0,0.0,2083.73,0.9413943126533779,1.0,1273.1256154599998,1000.0,1273.3023154599998,1000.0,0.048962332736881845,0.0
7892,1700942460000.0,0.0,0.0,0.03,2077.84,0.0,0.0,2083.82,0.9413943126533779,1.0,1273.1256154599998,1000.0,1273.3050154599998,1000.0,0.048962332736881845,0.0
7893,1700946060000.0,0.0,0.0,0.03,2077.84,0.0,0.0,2083.99,0.9413943126533779,1.0,1273.1256154599998,1000.0,1273.31011546,1000.0,0.048962332736881845,0.0
7894,1700949660000.0,0.0,0.0,0.03,2077.84,0.0,0.0,2083.1,0.9413943126533779,1.0,1273.1256154599998,1000.0,1273.2834154599998,1000.0,0.048962332736881845,0.0
7895,1700953260000.0,0.0,0.0,0.03,2077.84,0.0,0.0,2084.12,0.9413943126533779,1.0,1273.1256154599998,1000.0,1273.3140154599998,1000.0,0.048962332736881845,0.0
7896,1700956860000.0,0.0,0.0,0.03,2077.84,0.0,0.0,2083.91,0.9413943126533779,1.0,1273.1256154599998,1000.0,1273.3077154599998,1000.0,0.048962332736881845,0.0
7897,1700960460000.0,0.0,0.0,0.03,2077.84,0.0,0.0,2080.72,0.9413943126533779,1.0,1273.1256154599998,1000.0,1273.2120154599997,1000.0,0.048962332736881845,0.0
7898,1700964060000.0,0.0,0.0,0.03,2077.84,0.0,0.0,2069.58,0.9413943126533779,1.0,1273.1256154599998,1000.0,1272.8778154599997,1000.0,0.048962332736881845,0.0
7899,1700967660000.0,0.0,0.0,0.03,2077.84,0.0,0.0,2077.11,0.9413943126533779,1.0,1273.1256154599998,1000.0,1273.1037154599999,1000.0,0.048962332736881845,0.0
7900,1700971260000.0,0.0,0.0,0.03,2077.84,0.0,0.0,2076.7,0.9413943126533779,1.0,1273.1256154599998,1000.0,1273.0914154599998,1000.0,0.048962332736881845,0.0
7901,1700974860000.0,0.0,0.0,0.03,2077.84,0.0,0.0,2083.46,0.9413943126533779,1.0,1273.1256154599998,1000.0,1273.2942154599998,1000.0,0.048962332736881845,0.0
7902,1700978460000.0,0.0,0.0,0.03,2077.84,0.0,0.0,2082.02,0.9413943126533779,1.0,1273.1256154599998,1000.0,1273.2510154599997,1000.0,0.048962332736881845,0.0
7903,1700982060000.0,0.0,0.0,0.02,2077.84,0.0,0.0,2089.52,0.9413943126533779,1.0,1273.2728294999997,1000.0,1273.5064294999997,1000.0,0.032637781186549704,0.0
7904,1700985660000.0,0.0,0.0,0.0,2077.84,0.0,0.0,2090.18,0.9413943126533779,1.0,1273.5672575799995,1000.0,1273.5672575799995,1000.0,0.0,0.0
7905,1700989260000.0,0.0,0.0,0.0,2077.84,0.0,0.0,2090.19,0.9413943126533779,1.0,1273.5672575799995,1000.0,1273.5672575799995,1000.0,0.0,0.0
7906,1700992860000.0,0.0,0.0,0.0,2077.84,0.0,0.0,2091.83,0.9413943126533779,1.0,1273.5672575799995,1000.0,1273.5672575799995,1000.0,0.0,0.0
7907,1700996460000.0,0.0,0.0,0.0,2077.84,0.0,0.0,2087.29,0.9413943126533779,1.0,1273.5672575799995,1000.0,1273.5672575799995,1000.0,0.0,0.0
7908,1701000060000.0,0.0,0.0,0.0,2077.84,0.0,0.0,2084.64,0.9413943126533779,1.0,1273.5672575799995,1000.0,1273.5672575799995,1000.0,0.0,0.0
7909,1701003660000.0,0.0,0.0,0.0,2077.84,0.0,0.0,2088.94,0.9413943126533779,1.0,1273.5672575799995,1000.0,1273.5672575799995,1000.0,0.0,0.0
7910,1701007260000.0,0.0,0.0,0.0,2077.84,0.0,0.0,2084.2,0.9413943126533779,1.0,1273.5672575799995,1000.0,1273.5672575799995,1000.0,0.0,0.0
7911,1701010860000.0,0.0,0.0,0.03,2071.87,0.0,0.0,2062.96,0.9413943126533779,1.0,1273.5548263599994,1000.0,1273.2875263599994,1000.0,0.04880520156140506,0.0
7912,1701014460000.0,0.0,0.0,0.03,2071.87,0.0,0.0,2067.48,0.9413943126533779,1.0,1273.5548263599994,1000.0,1273.4231263599995,1000.0,0.04880520156140506,0.0
7913,1701018060000.0,0.0,0.0,0.03,2071.87,0.0,0.0,2045.16,0.9413943126533779,1.0,1273.5548263599994,1000.0,1272.7535263599993,1000.0,0.04880520156140506,0.0
7914,1701021660000.0,0.0,0.0,0.03,2071.87,0.0,0.0,2050.27,0.9413943126533779,1.0,1273.5548263599994,1000.0,1272.9068263599995,1000.0,0.04880520156140506,0.0
7915,1701025260000.0,0.0,0.0,0.03,2071.87,0.0,0.0,2049.6,0.9413943126533779,1.0,1273.5548263599994,1000.0,1272.8867263599993,1000.0,0.04880520156140506,0.0
7916,1701028860000.0,0.0,0.0,0.03,2071.87,0.0,0.0,2056.6,0.9413943126533779,1.0,1273.5548263599994,1000.0,1273.0967263599994,1000.0,0.04880520156140506,0.0
7917,1701032460000.0,0.0,0.0,0.03,2071.87,0.0,0.0,2080.53,0.9413943126533779,1.0,1273.5548263599994,1000.0,1273.8146263599995,1000.0,0.04880520156140506,0.0
7918,1701036060000.0,0.0,0.0,0.03,2071.87,0.0,0.0,2075.9,0.9413943126533779,1.0,1273.5548263599994,1000.0,1273.6757263599993,1000.0,0.04880520156140506,0.0
7919,1701039660000.0,0.0,0.0,0.03,2071.87,0.0,0.0,2073.85,0.9413943126533779,1.0,1273.5548263599994,1000.0,1273.6142263599995,1000.0,0.04880520156140506,0.0
7920,1701043260000.0,0.0,0.0,0.03,2071.87,0.0,0.0,2062.07,0.9413943126533779,1.0,1273.5548263599994,1000.0,1273.2608263599993,1000.0,0.04880520156140506,0.0
7921,1701046860000.0,0.0,0.0,0.03,2071.87,0.0,0.0,2068.76,0.9413943126533779,1.0,1273.5548263599994,1000.0,1273.4615263599994,1000.0,0.04880520156140506,0.0
7922,1701050460000.0,0.0,0.0,0.03,2071.87,0.0,0.0,2063.02,0.9413943126533779,1.0,1273.5548263599994,1000.0,1273.2893263599994,1000.0,0.04880520156140506,0.0
7923,1701054060000.0,0.0,0.0,0.03,2071.87,0.0,0.0,2052.05,0.9413943126533779,1.0,1273.5548263599994,1000.0,1272.9602263599995,1000.0,0.04880520156140506,0.0
7924,1701057660000.0,0.0,0.0,0.03,2071.87,0.0,0.0,2047.8,0.9413943126533779,1.0,1273.5548263599994,1000.0,1272.8327263599995,1000.0,0.04880520156140506,0.0
7925,1701061260000.0,0.0,0.0,0.03,2071.87,0.0,0.0,2052.84,0.9413943126533779,1.0,1273.5548263599994,1000.0,1272.9839263599995,1000.0,0.04880520156140506,0.0
7926,1701064860000.0,0.0,0.0,0.03,2071.87,0.0,0.0,2048.21,0.9413943126533779,1.0,1273.5548263599994,1000.0,1272.8450263599993,1000.0,0.04880520156140506,0.0
7927,1701068460000.0,0.0,0.0,0.03,2071.87,0.0,0.0,2046.4,0.9413943126533779,1.0,1273.5548263599994,1000.0,1272.7907263599993,1000.0,0.04880520156140506,0.0
7928,1701072060000.0,0.0,0.0,0.03,2071.87,0.0,0.0,2045.87,0.9413943126533779,1.0,1273.5548263599994,1000.0,1272.7748263599995,1000.0,0.04880520156140506,0.0
7929,1701075660000.0,0.0,0.0,0.03,2071.87,0.0,0.0,2046.61,0.9413943126533779,1.0,1273.5548263599994,1000.0,1272.7970263599993,1000.0,0.04880520156140506,0.0
7930,1701079260000.0,0.0,0.0,0.03,2071.87,0.0,0.0,2044.6,0.9413943126533779,1.0,1273.5548263599994,1000.0,1272.7367263599995,1000.0,0.04880520156140506,0.0
7931,1701082860000.0,0.0,0.0,0.08,2043.71375,0.0,0.0,2024.67,0.9413943126533779,1.0,1273.5345581599995,1000.0,1272.0110581599995,1000.0,0.12838057589596966,0.0
7932,1701086460000.0,0.0,0.0,0.08,2043.71375,0.0,0.0,2025.24,0.9413943126533779,1.0,1273.5345581599995,1000.0,1272.0566581599994,1000.0,0.12838057589596966,0.0
7933,1701090060000.0,0.0,0.0,0.08,2043.71375,0.0,0.0,2020.31,0.9413943126533779,1.0,1273.5345581599995,1000.0,1271.6622581599995,1000.0,0.12838057589596966,0.0
7934,1701093660000.0,0.0,0.0,0.08,2043.71375,0.0,0.0,2027.2,0.9413943126533779,1.0,1273.5345581599995,1000.0,1272.2134581599996,1000.0,0.12838057589596966,0.0
7935,1701097260000.0,0.0,0.0,0.08,2043.71375,0.0,0.0,2019.93,0.9413943126533779,1.0,1273.5345581599995,1000.0,1271.6318581599994,1000.0,0.12838057589596966,0.0
7936,1701100860000.0,0.0,0.0,0.08,2043.71375,0.0,0.0,2002.39,0.9413943126533779,1.0,1273.5345581599995,1000.0,1270.2286581599994,1000.0,0.12838057589596966,0.0
7937,1701104460000.0,0.0,0.0,0.08,2043.71375,0.0,0.0,2019.66,0.9413943126533779,1.0,1273.5345581599995,1000.0,1271.6102581599996,1000.0,0.12838057589596966,0.0
7938,1701108060000.0,0.0,0.0,0.08,2043.71375,0.0,0.0,2012.99,0.9413943126533779,1.0,1273.5345581599995,1000.0,1271.0766581599996,1000.0,0.12838057589596966,0.0
7939,1701111660000.0,0.0,0.0,0.08,2043.71375,0.0,0.0,2008.78,0.9413943126533779,1.0,1273.5345581599995,1000.0,1270.7398581599996,1000.0,0.12838057589596966,0.0
7940,1701115260000.0,0.0,0.0,0.22,2013.4522727272729,0.0,0.0,1998.02,0.9413943126533779,1.0,1273.4786656799995,1000.0,1270.0835656799995,1000.0,0.3478342526951348,0.0
7941,1701118860000.0,0.0,0.0,0.22,2013.4522727272729,0.0,0.0,1998.62,0.9413943126533779,1.0,1273.4786656799995,1000.0,1270.2155656799994,1000.0,0.3478342526951348,0.0
7942,1701122460000.0,0.0,0.0,0.22,2013.4522727272729,0.0,0.0,2017.71,0.9413943126533779,1.0,1273.4786656799995,1000.0,1274.4153656799995,1000.0,0.3478342526951348,0.0
7943,1701126060000.0,0.0,0.0,0.22,2013.4522727272729,0.0,0.0,2025.0,0.9413943126533779,1.0,1273.4786656799995,1000.0,1276.0191656799996,1000.0,0.3478342526951348,0.0
7944,1701129660000.0,0.0,0.0,0.12,2013.4522727272729,0.0,0.0,2028.19,0.9413943126533779,1.0,1274.9058758072727,1000.0,1276.6744030799998,1000.0,0.1895153809486384,0.0
7945,1701133260000.0,0.0,0.0,0.07,2013.4522727272729,0.0,0.0,2034.38,0.9413943126533779,1.0,1275.6194808709095,1000.0,1277.0844217800004,1000.0,0.1104887948204455,0.0
7946,1701136860000.0,0.0,0.0,0.0,2013.4522727272729,0.0,0.0,2025.85,0.9413943126533779,1.0,1276.6185279600013,1000.0,1276.6185279600013,1000.0,0.0,0.0
7947,1701140460000.0,0.0,0.0,0.0,2013.4522727272729,0.0,0.0,2027.85,0.9413943126533779,1.0,1276.6185279600013,1000.0,1276.6185279600013,1000.0,0.0,0.0
7948,1701144060000.0,0.0,0.0,0.0,2013.4522727272729,0.0,0.0,2028.39,0.9413943126533779,1.0,1276.6185279600013,1000.0,1276.6185279600013,1000.0,0.0,0.0
7949,1701147660000.0,0.0,0.0,0.0,2013.4522727272729,0.0,0.0,2020.03,0.9413943126533779,1.0,1276.6185279600013,1000.0,1276.6185279600013,1000.0,0.0,0.0
7950,1701151260000.0,0.0,0.0,0.03,2014.44,0.0,0.0,1998.63,0.9413943126533779,1.0,1276.6064413200013,1000.0,1276.1321413200012,1000.0,0.04733894334538414,0.0
7951,1701154860000.0,0.0,0.0,0.03,2014.44,0.0,0.0,2013.2,0.9413943126533779,1.0,1276.6064413200013,1000.0,1276.5692413200013,1000.0,0.04733894334538414,0.0
7952,1701158460000.0,0.0,0.0,0.03,2014.44,0.0,0.0,2013.05,0.9413943126533779,1.0,1276.6064413200013,1000.0,1276.5647413200013,1000.0,0.04733894334538414,0.0
7953,1701162060000.0,0.0,0.0,0.03,2014.44,0.0,0.0,2008.14,0.9413943126533779,1.0,1276.6064413200013,1000.0,1276.4174413200012,1000.0,0.04733894334538414,0.0
7954,1701165660000.0,0.0,0.0,0.03,2014.44,0.0,0.0,2019.03,0.9413943126533779,1.0,1276.6064413200013,1000.0,1276.7441413200013,1000.0,0.04733894334538414,0.0
7955,1701169260000.0,0.0,0.0,0.03,2014.44,0.0,0.0,2021.45,0.9413943126533779,1.0,1276.6064413200013,1000.0,1276.8167413200013,1000.0,0.04733894334538414,0.0
7956,1701172860000.0,0.0,0.0,0.0,2014.44,0.0,0.0,2028.26,0.9413943126533779,1.0,1277.0346666000014,1000.0,1277.0346666000014,1000.0,0.0,0.0
7957,1701176460000.0,0.0,0.0,0.0,2014.44,0.0,0.0,2022.32,0.9413943126533779,1.0,1277.0346666000014,1000.0,1277.0346666000014,1000.0,0.0,0.0
7958,1701180060000.0,0.0,0.0,0.0,2014.44,0.0,0.0,2034.53,0.9413943126533779,1.0,1277.0346666000014,1000.0,1277.0346666000014,1000.0,0.0,0.0
7959,1701183660000.0,0.0,0.0,0.0,2014.44,0.0,0.0,2033.0,0.9413943126533779,1.0,1277.0346666000014,1000.0,1277.0346666000014,1000.0,0.0,0.0
7960,1701187260000.0,0.0,0.0,0.0,2014.44,0.0,0.0,2038.95,0.9413943126533779,1.0,1277.0346666000014,1000.0,1277.0346666000014,1000.0,0.0,0.0
7961,1701190860000.0,0.0,0.0,0.0,2014.44,0.0,0.0,2058.62,0.9413943126533779,1.0,1277.0346666000014,1000.0,1277.0346666000014,1000.0,0.0,0.0
7962,1701194460000.0,0.0,0.0,0.0,2014.44,0.0,0.0,2073.0,0.9413943126533779,1.0,1277.0346666000014,1000.0,1277.0346666000014,1000.0,0.0,0.0
7963,1701198060000.0,0.0,0.0,0.0,2014.44,0.0,0.0,2061.27,0.9413943126533779,1.0,1277.0346666000014,1000.0,1277.0346666000014,1000.0,0.0,0.0
7964,1701201660000.0,0.0,0.0,0.0,2014.44,0.0,0.0,2060.25,0.9413943126533779,1.0,1277.0346666000014,1000.0,1277.0346666000014,1000.0,0.0,0.0
7965,1701205260000.0,0.0,0.0,0.0,2014.44,0.0,0.0,2061.02,0.9413943126533779,1.0,1277.0346666000014,1000.0,1277.0346666000014,1000.0,0.0,0.0
7966,1701208860000.0,0.0,0.0,0.0,2014.44,0.0,0.0,2054.22,0.9413943126533779,1.0,1277.0346666000014,1000.0,1277.0346666000014,1000.0,0.0,0.0
7967,1701212460000.0,0.0,0.0,0.0,2014.44,0.0,0.0,2049.75,0.9413943126533779,1.0,1277.0346666000014,1000.0,1277.0346666000014,1000.0,0.0,0.0
7968,1701216060000.0,0.0,0.0,0.0,2014.44,0.0,0.0,2048.0,0.9413943126533779,1.0,1277.0346666000014,1000.0,1277.0346666000014,1000.0,0.0,0.0
7969,1701219660000.0,0.0,0.0,0.0,2014.44,0.0,0.0,2054.26,0.9413943126533779,1.0,1277.0346666000014,1000.0,1277.0346666000014,1000.0,0.0,0.0
7970,1701223260000.0,0.0,0.0,0.0,2014.44,0.0,0.0,2050.9,0.9413943126533779,1.0,1277.0346666000014,1000.0,1277.0346666000014,1000.0,0.0,0.0
7971,1701226860000.0,0.0,0.0,0.0,2014.44,0.0,0.0,2050.85,0.9413943126533779,1.0,1277.0346666000014,1000.0,1277.0346666000014,1000.0,0.0,0.0
7972,1701230460000.0,0.0,0.0,0.0,2014.44,0.0,0.0,2054.02,0.9413943126533779,1.0,1277.0346666000014,1000.0,1277.0346666000014,1000.0,0.0,0.0
7973,1701234060000.0,0.0,0.0,0.0,2014.44,0.0,0.0,2055.61,0.9413943126533779,1.0,1277.0346666000014,1000.0,1277.0346666000014,1000.0,0.0,0.0
7974,1701237660000.0,0.0,0.0,0.0,2014.44,0.0,0.0,2054.42,0.9413943126533779,1.0,1277.0346666000014,1000.0,1277.0346666000014,1000.0,0.0,0.0
7975,1701241260000.0,0.0,0.0,0.0,2014.44,0.0,0.0,2061.56,0.9413943126533779,1.0,1277.0346666000014,1000.0,1277.0346666000014,1000.0,0.0,0.0
7976,1701244860000.0,0.0,0.0,0.0,2014.44,0.0,0.0,2059.6,0.9413943126533779,1.0,1277.0346666000014,1000.0,1277.0346666000014,1000.0,0.0,0.0
7977,1701248460000.0,0.0,0.0,0.0,2014.44,0.0,0.0,2069.65,0.9413943126533779,1.0,1277.0346666000014,1000.0,1277.0346666000014,1000.0,0.0,0.0
7978,1701252060000.0,0.0,0.0,0.0,2014.44,0.0,0.0,2064.6,0.9413943126533779,1.0,1277.0346666000014,1000.0,1277.0346666000014,1000.0,0.0,0.0
7979,1701255660000.0,0.0,0.0,0.0,2014.44,0.0,0.0,2047.39,0.9413943126533779,1.0,1277.0346666000014,1000.0,1277.0346666000014,1000.0,0.0,0.0
7980,1701259260000.0,0.0,0.0,0.0,2014.44,0.0,0.0,2054.6,0.9413943126533779,1.0,1277.0346666000014,1000.0,1277.0346666000014,1000.0,0.0,0.0
7981,1701262860000.0,0.0,0.0,0.0,2014.44,0.0,0.0,2055.45,0.9413943126533779,1.0,1277.0346666000014,1000.0,1277.0346666000014,1000.0,0.0,0.0
7982,1701266460000.0,0.0,0.0,0.0,2014.44,0.0,0.0,2052.9,0.9413943126533779,1.0,1277.0346666000014,1000.0,1277.0346666000014,1000.0,0.0,0.0
7983,1701270060000.0,0.0,0.0,0.03,2040.62,0.0,0.0,2039.49,0.9413943126533779,1.0,1277.0224228800014,1000.0,1276.9885228800015,1000.0,0.04793854743907856,0.0
7984,1701273660000.0,0.0,0.0,0.03,2040.62,0.0,0.0,2030.52,0.9413943126533779,1.0,1277.0224228800014,1000.0,1276.7194228800013,1000.0,0.04793854743907856,0.0
7985,1701277260000.0,0.0,0.0,0.03,2040.62,0.0,0.0,2022.73,0.9413943126533779,1.0,1277.0224228800014,1000.0,1276.4857228800015,1000.0,0.04793854743907856,0.0
7986,1701280860000.0,0.0,0.0,0.03,2040.62,0.0,0.0,2033.05,0.9413943126533779,1.0,1277.0224228800014,1000.0,1276.7953228800013,1000.0,0.04793854743907856,0.0
7987,1701284460000.0,0.0,0.0,0.03,2040.62,0.0,0.0,2039.16,0.9413943126533779,1.0,1277.0224228800014,1000.0,1276.9786228800015,1000.0,0.04793854743907856,0.0
7988,1701288060000.0,0.0,0.0,0.03,2040.62,0.0,0.0,2040.52,0.9413943126533779,1.0,1277.0224228800014,1000.0,1277.0194228800015,1000.0,0.04793854743907856,0.0
7989,1701291660000.0,0.0,0.0,0.03,2040.62,0.0,0.0,2029.32,0.9413943126533779,1.0,1277.0224228800014,1000.0,1276.6834228800014,1000.0,0.04793854743907856,0.0
7990,1701295260000.0,0.0,0.0,0.03,2040.62,0.0,0.0,2030.01,0.9413943126533779,1.0,1277.0224228800014,1000.0,1276.7041228800015,1000.0,0.04793854743907856,0.0
7991,1701298860000.0,0.0,0.0,0.03,2040.62,0.0,0.0,2027.54,0.9413943126533779,1.0,1277.0224228800014,1000.0,1276.6300228800014,1000.0,0.04793854743907856,0.0
7992,1701302460000.0,0.0,0.0,0.03,2040.62,0.0,0.0,2028.07,0.9413943126533779,1.0,1277.0224228800014,1000.0,1276.6459228800013,1000.0,0.04793854743907856,0.0
7993,1701306060000.0,0.0,0.0,0.03,2040.62,0.0,0.0,2025.95,0.9413943126533779,1.0,1277.0224228800014,1000.0,1276.5823228800014,1000.0,0.04793854743907856,0.0
7994,1701309660000.0,0.0,0.0,0.03,2040.62,0.0,0.0,2025.65,0.9413943126533779,1.0,1277.0224228800014,1000.0,1276.5733228800013,1000.0,0.04793854743907856,0.0
7995,1701313260000.0,0.0,0.0,0.03,2040.62,0.0,0.0,2037.12,0.9413943126533779,1.0,1277.0224228800014,1000.0,1276.9174228800014,1000.0,0.04793854743907856,0.0
7996,1701316860000.0,0.0,0.0,0.03,2040.62,0.0,0.0,2040.4,0.9413943126533779,1.0,1277.0224228800014,1000.0,1277.0158228800015,1000.0,0.04793854743907856,0.0
7997,1701320460000.0,0.0,0.0,0.03,2040.62,0.0,0.0,2035.6,0.9413943126533779,1.0,1277.0224228800014,1000.0,1276.8718228800014,1000.0,0.04793854743907856,0.0
7998,1701324060000.0,0.0,0.0,0.03,2040.62,0.0,0.0,2033.26,0.9413943126533779,1.0,1277.0224228800014,1000.0,1276.8016228800013,1000.0,0.04793854743907856,0.0
7999,1701327660000.0,0.0,0.0,0.03,2040.62,0.0,0.0,2036.35,0.9413943126533779,1.0,1277.0224228800014,1000.0,1276.8943228800015,1000.0,0.04793854743907856,0.0
8000,1701331260000.0,0.0,0.0,0.03,2040.62,0.0,0.0,2037.48,0.9413943126533779,1.0,1277.0224228800014,1000.0,1276.9282228800014,1000.0,0.04793854743907856,0.0
8001,1701334860000.0,0.0,0.0,0.03,2040.62,0.0,0.0,2028.45,0.9413943126533779,1.0,1277.0224228800014,1000.0,1276.6573228800014,1000.0,0.04793854743907856,0.0
8002,1701338460000.0,0.0,0.0,0.03,2040.62,0.0,0.0,2028.98,0.9413943126533779,1.0,1277.0224228800014,1000.0,1276.6732228800015,1000.0,0.04793854743907856,0.0
8003,1701342060000.0,0.0,0.0,0.03,2040.62,0.0,0.0,2029.53,0.9413943126533779,1.0,1277.0224228800014,1000.0,1276.6897228800015,1000.0,0.04793854743907856,0.0
8004,1701345660000.0,0.0,0.0,0.03,2040.62,0.0,0.0,2047.29,0.9413943126533779,1.0,1277.0224228800014,1000.0,1277.2225228800014,1000.0,0.04793854743907856,0.0
8005,1701349260000.0,0.0,0.0,0.03,2040.62,0.0,0.0,2045.0,0.9413943126533779,1.0,1277.0224228800014,1000.0,1277.1538228800014,1000.0,0.04793854743907856,0.0
8006,1701352860000.0,0.0,0.0,0.03,2040.62,0.0,0.0,2033.21,0.9413943126533779,1.0,1277.0224228800014,1000.0,1276.8001228800015,1000.0,0.04793854743907856,0.0
8007,1701356460000.0,0.0,0.0,0.03,2040.62,0.0,0.0,2031.6,0.9413943126533779,1.0,1277.0224228800014,1000.0,1276.7518228800013,1000.0,0.04793854743907856,0.0
8008,1701360060000.0,0.0,0.0,0.03,2040.62,0.0,0.0,2032.63,0.9413943126533779,1.0,1277.0224228800014,1000.0,1276.7827228800013,1000.0,0.04793854743907856,0.0
8009,1701363660000.0,0.0,0.0,0.03,2040.62,0.0,0.0,2035.8,0.9413943126533779,1.0,1277.0224228800014,1000.0,1276.8778228800013,1000.0,0.04793854743907856,0.0
8010,1701367260000.0,0.0,0.0,0.03,2040.62,0.0,0.0,2038.39,0.9413943126533779,1.0,1277.0224228800014,1000.0,1276.9555228800014,1000.0,0.04793854743907856,0.0
8011,1701370860000.0,0.0,0.0,0.03,2040.62,0.0,0.0,2039.63,0.9413943126533779,1.0,1277.0224228800014,1000.0,1276.9927228800013,1000.0,0.04793854743907856,0.0
8012,1701374460000.0,0.0,0.0,0.03,2040.62,0.0,0.0,2041.49,0.9413943126533779,1.0,1277.0224228800014,1000.0,1277.0485228800014,1000.0,0.04793854743907856,0.0
8013,1701378060000.0,0.0,0.0,0.03,2040.62,0.0,0.0,2045.62,0.9413943126533779,1.0,1277.0224228800014,1000.0,1277.1724228800015,1000.0,0.04793854743907856,0.0
8014,1701381660000.0,0.0,0.0,0.03,2040.62,0.0,0.0,2044.67,0.9413943126533779,1.0,1277.0224228800014,1000.0,1277.1439228800014,1000.0,0.04793854743907856,0.0
8015,1701385260000.0,0.0,0.0,0.03,2040.62,0.0,0.0,2042.24,0.9413943126533779,1.0,1277.0224228800014,1000.0,1277.0710228800015,1000.0,0.04793854743907856,0.0
8016,1701388860000.0,0.0,0.0,0.01,2040.62,0.0,0.0,2052.33,0.9413943126533779,1.0,1277.3116009200014,1000.0,1277.4287009200013,1000.0,0.01597589811703123,0.0
8017,1701392460000.0,0.0,0.0,0.01,2040.62,0.0,0.0,2050.0,0.9413943126533779,1.0,1277.3116009200014,1000.0,1277.4054009200015,1000.0,0.01597589811703123,0.0
8018,1701396060000.0,0.0,0.0,0.0,2040.62,0.0,0.0,2087.53,0.9413943126533779,1.0,1277.4561899400014,1000.0,1277.4561899400014,1000.0,0.0,0.0
8019,1701399660000.0,0.0,0.0,0.0,2040.62,0.0,0.0,2086.05,0.9413943126533779,1.0,1277.4561899400014,1000.0,1277.4561899400014,1000.0,0.0,0.0
8020,1701403260000.0,0.0,0.0,0.0,2040.62,0.0,0.0,2093.29,0.9413943126533779,1.0,1277.4561899400014,1000.0,1277.4561899400014,1000.0,0.0,0.0
8021,1701406860000.0,0.0,0.0,0.0,2040.62,0.0,0.0,2098.41,0.9413943126533779,1.0,1277.4561899400014,1000.0,1277.4561899400014,1000.0,0.0,0.0
8022,1701410460000.0,0.0,0.0,0.0,2040.62,0.0,0.0,2091.95,0.9413943126533779,1.0,1277.4561899400014,1000.0,1277.4561899400014,1000.0,0.0,0.0
8023,1701414060000.0,0.0,0.0,0.0,2040.62,0.0,0.0,2094.76,0.9413943126533779,1.0,1277.4561899400014,1000.0,1277.4561899400014,1000.0,0.0,0.0
8024,1701417660000.0,0.0,0.0,0.0,2040.62,0.0,0.0,2095.21,0.9413943126533779,1.0,1277.4561899400014,1000.0,1277.4561899400014,1000.0,0.0,0.0
8025,1701421260000.0,0.0,0.0,0.0,2040.62,0.0,0.0,2098.14,0.9413943126533779,1.0,1277.4561899400014,1000.0,1277.4561899400014,1000.0,0.0,0.0
8026,1701424860000.0,0.0,0.0,0.0,2040.62,0.0,0.0,2105.59,0.9413943126533779,1.0,1277.4561899400014,1000.0,1277.4561899400014,1000.0,0.0,0.0
8027,1701428460000.0,0.0,0.0,0.0,2040.62,0.0,0.0,2090.25,0.9413943126533779,1.0,1277.4561899400014,1000.0,1277.4561899400014,1000.0,0.0,0.0
8028,1701432060000.0,0.0,0.0,0.0,2040.62,0.0,0.0,2094.83,0.9413943126533779,1.0,1277.4561899400014,1000.0,1277.4561899400014,1000.0,0.0,0.0
8029,1701435660000.0,0.0,0.0,0.0,2040.62,0.0,0.0,2089.26,0.9413943126533779,1.0,1277.4561899400014,1000.0,1277.4561899400014,1000.0,0.0,0.0
8030,1701439260000.0,0.0,0.0,0.0,2040.62,0.0,0.0,2082.51,0.9413943126533779,1.0,1277.4561899400014,1000.0,1277.4561899400014,1000.0,0.0,0.0
8031,1701442860000.0,0.0,0.0,0.0,2040.62,0.0,0.0,2082.12,0.9413943126533779,1.0,1277.4561899400014,1000.0,1277.4561899400014,1000.0,0.0,0.0
8032,1701446460000.0,0.0,0.0,0.0,2040.62,0.0,0.0,2080.07,0.9413943126533779,1.0,1277.4561899400014,1000.0,1277.4561899400014,1000.0,0.0,0.0
8033,1701450060000.0,0.0,0.0,0.0,2040.62,0.0,0.0,2106.96,0.9413943126533779,1.0,1277.4561899400014,1000.0,1277.4561899400014,1000.0,0.0,0.0
8034,1701453660000.0,0.0,0.0,0.0,2040.62,0.0,0.0,2097.38,0.9413943126533779,1.0,1277.4561899400014,1000.0,1277.4561899400014,1000.0,0.0,0.0
8035,1701457260000.0,0.0,0.0,0.0,2040.62,0.0,0.0,2090.8,0.9413943126533779,1.0,1277.4561899400014,1000.0,1277.4561899400014,1000.0,0.0,0.0
8036,1701460860000.0,0.0,0.0,0.0,2040.62,0.0,0.0,2089.74,0.9413943126533779,1.0,1277.4561899400014,1000.0,1277.4561899400014,1000.0,0.0,0.0
8037,1701464460000.0,0.0,0.0,0.0,2040.62,0.0,0.0,2092.96,0.9413943126533779,1.0,1277.4561899400014,1000.0,1277.4561899400014,1000.0,0.0,0.0
8038,1701468060000.0,0.0,0.0,0.0,2040.62,0.0,0.0,2090.33,0.9413943126533779,1.0,1277.4561899400014,1000.0,1277.4561899400014,1000.0,0.0,0.0
8039,1701471660000.0,0.0,0.0,0.0,2040.62,0.0,0.0,2085.25,0.9413943126533779,1.0,1277.4561899400014,1000.0,1277.4561899400014,1000.0,0.0,0.0
8040,1701475260000.0,0.0,0.0,0.0,2040.62,0.0,0.0,2089.01,0.9413943126533779,1.0,1277.4561899400014,1000.0,1277.4561899400014,1000.0,0.0,0.0
8041,1701478860000.0,0.0,0.0,0.0,2040.62,0.0,0.0,2092.01,0.9413943126533779,1.0,1277.4561899400014,1000.0,1277.4561899400014,1000.0,0.0,0.0
8042,1701482460000.0,0.0,0.0,0.0,2040.62,0.0,0.0,2095.4,0.9413943126533779,1.0,1277.4561899400014,1000.0,1277.4561899400014,1000.0,0.0,0.0
8043,1701486060000.0,0.0,0.0,0.0,2040.62,0.0,0.0,2091.86,0.9413943126533779,1.0,1277.4561899400014,1000.0,1277.4561899400014,1000.0,0.0,0.0
8044,1701489660000.0,0.0,0.0,0.0,2040.62,0.0,0.0,2093.55,0.9413943126533779,1.0,1277.4561899400014,1000.0,1277.4561899400014,1000.0,0.0,0.0
8045,1701493260000.0,0.0,0.0,0.0,2040.62,0.0,0.0,2094.56,0.9413943126533779,1.0,1277.4561899400014,1000.0,1277.4561899400014,1000.0,0.0,0.0
8046,1701496860000.0,0.0,0.0,0.0,2040.62,0.0,0.0,2094.59,0.9413943126533779,1.0,1277.4561899400014,1000.0,1277.4561899400014,1000.0,0.0,0.0
8047,1701500460000.0,0.0,0.0,0.0,2040.62,0.0,0.0,2103.88,0.9413943126533779,1.0,1277.4561899400014,1000.0,1277.4561899400014,1000.0,0.0,0.0
8048,1701504060000.0,0.0,0.0,0.0,2040.62,0.0,0.0,2099.82,0.9413943126533779,1.0,1277.4561899400014,1000.0,1277.4561899400014,1000.0,0.0,0.0
8049,1701507660000.0,0.0,0.0,0.0,2040.62,0.0,0.0,2100.16,0.9413943126533779,1.0,1277.4561899400014,1000.0,1277.4561899400014,1000.0,0.0,0.0
8050,1701511260000.0,0.0,0.0,0.0,2040.62,0.0,0.0,2104.35,0.9413943126533779,1.0,1277.4561899400014,1000.0,1277.4561899400014,1000.0,0.0,0.0
8051,1701514860000.0,0.0,0.0,0.0,2040.62,0.0,0.0,2101.21,0.9413943126533779,1.0,1277.4561899400014,1000.0,1277.4561899400014,1000.0,0.0,0.0
8052,1701518460000.0,0.0,0.0,0.0,2040.62,0.0,0.0,2100.13,0.9413943126533779,1.0,1277.4561899400014,1000.0,1277.4561899400014,1000.0,0.0,0.0
8053,1701522060000.0,0.0,0.0,0.0,2040.62,0.0,0.0,2105.8,0.9413943126533779,1.0,1277.4561899400014,1000.0,1277.4561899400014,1000.0,0.0,0.0
8054,1701525660000.0,0.0,0.0,0.0,2040.62,0.0,0.0,2104.17,0.9413943126533779,1.0,1277.4561899400014,1000.0,1277.4561899400014,1000.0,0.0,0.0
8055,1701529260000.0,0.0,0.0,0.0,2040.62,0.0,0.0,2098.27,0.9413943126533779,1.0,1277.4561899400014,1000.0,1277.4561899400014,1000.0,0.0,0.0
8056,1701532860000.0,0.0,0.0,0.0,2040.62,0.0,0.0,2105.38,0.9413943126533779,1.0,1277.4561899400014,1000.0,1277.4561899400014,1000.0,0.0,0.0
8057,1701536460000.0,0.0,0.0,0.0,2040.62,0.0,0.0,2099.2,0.9413943126533779,1.0,1277.4561899400014,1000.0,1277.4561899400014,1000.0,0.0,0.0
8058,1701540060000.0,0.0,0.0,0.0,2040.62,0.0,0.0,2123.31,0.9413943126533779,1.0,1277.4561899400014,1000.0,1277.4561899400014,1000.0,0.0,0.0
8059,1701543660000.0,0.0,0.0,0.0,2040.62,0.0,0.0,2151.4,0.9413943126533779,1.0,1277.4561899400014,1000.0,1277.4561899400014,1000.0,0.0,0.0
8060,1701547260000.0,0.0,0.0,0.0,2040.62,0.0,0.0,2163.0,0.9413943126533779,1.0,1277.4561899400014,1000.0,1277.4561899400014,1000.0,0.0,0.0
8061,1701550860000.0,0.0,0.0,0.0,2040.62,0.0,0.0,2161.49,0.9413943126533779,1.0,1277.4561899400014,1000.0,1277.4561899400014,1000.0,0.0,0.0
8062,1701554460000.0,0.0,0.0,0.0,2040.62,0.0,0.0,2170.15,0.9413943126533779,1.0,1277.4561899400014,1000.0,1277.4561899400014,1000.0,0.0,0.0
8063,1701558060000.0,0.0,0.0,0.0,2040.62,0.0,0.0,2160.83,0.9413943126533779,1.0,1277.4561899400014,1000.0,1277.4561899400014,1000.0,0.0,0.0
8064,1701561660000.0,0.0,0.0,0.0,2040.62,0.0,0.0,2165.25,0.9413943126533779,1.0,1277.4561899400014,1000.0,1277.4561899400014,1000.0,0.0,0.0
8065,1701565260000.0,0.0,0.0,0.0,2040.62,0.0,0.0,2168.55,0.9413943126533779,1.0,1277.4561899400014,1000.0,1277.4561899400014,1000.0,0.0,0.0
8066,1701568860000.0,0.0,0.0,0.0,2040.62,0.0,0.0,2173.02,0.9413943126533779,1.0,1277.4561899400014,1000.0,1277.4561899400014,1000.0,0.0,0.0
8067,1701572460000.0,0.0,0.0,0.0,2040.62,0.0,0.0,2166.67,0.9413943126533779,1.0,1277.4561899400014,1000.0,1277.4561899400014,1000.0,0.0,0.0
8068,1701576060000.0,0.0,0.0,0.0,2040.62,0.0,0.0,2164.68,0.9413943126533779,1.0,1277.4561899400014,1000.0,1277.4561899400014,1000.0,0.0,0.0
8069,1701579660000.0,0.0,0.0,0.0,2040.62,0.0,0.0,2158.59,0.9413943126533779,1.0,1277.4561899400014,1000.0,1277.4561899400014,1000.0,0.0,0.0
8070,1701583260000.0,0.0,0.0,0.0,2040.62,0.0,0.0,2161.29,0.9413943126533779,1.0,1277.4561899400014,1000.0,1277.4561899400014,1000.0,0.0,0.0
8071,1701586860000.0,0.0,0.0,0.0,2040.62,0.0,0.0,2158.26,0.9413943126533779,1.0,1277.4561899400014,1000.0,1277.4561899400014,1000.0,0.0,0.0
8072,1701590460000.0,0.0,0.0,0.0,2040.62,0.0,0.0,2166.08,0.9413943126533779,1.0,1277.4561899400014,1000.0,1277.4561899400014,1000.0,0.0,0.0
8073,1701594060000.0,0.0,0.0,0.0,2040.62,0.0,0.0,2161.99,0.9413943126533779,1.0,1277.4561899400014,1000.0,1277.4561899400014,1000.0,0.0,0.0
8074,1701597660000.0,0.0,0.0,0.0,2040.62,0.0,0.0,2167.73,0.9413943126533779,1.0,1277.4561899400014,1000.0,1277.4561899400014,1000.0,0.0,0.0
8075,1701601260000.0,0.0,0.0,0.0,2040.62,0.0,0.0,2166.89,0.9413943126533779,1.0,1277.4561899400014,1000.0,1277.4561899400014,1000.0,0.0,0.0
8076,1701604860000.0,0.0,0.0,0.0,2040.62,0.0,0.0,2159.84,0.9413943126533779,1.0,1277.4561899400014,1000.0,1277.4561899400014,1000.0,0.0,0.0
8077,1701608460000.0,0.0,0.0,0.0,2040.62,0.0,0.0,2154.86,0.9413943126533779,1.0,1277.4561899400014,1000.0,1277.4561899400014,1000.0,0.0,0.0
8078,1701612060000.0,0.0,0.0,0.0,2040.62,0.0,0.0,2162.2,0.9413943126533779,1.0,1277.4561899400014,1000.0,1277.4561899400014,1000.0,0.0,0.0
8079,1701615660000.0,0.0,0.0,0.0,2040.62,0.0,0.0,2154.21,0.9413943126533779,1.0,1277.4561899400014,1000.0,1277.4561899400014,1000.0,0.0,0.0
8080,1701619260000.0,0.0,0.0,0.0,2040.62,0.0,0.0,2160.64,0.9413943126533779,1.0,1277.4561899400014,1000.0,1277.4561899400014,1000.0,0.0,0.0
8081,1701622860000.0,0.0,0.0,0.0,2040.62,0.0,0.0,2160.1,0.9413943126533779,1.0,1277.4561899400014,1000.0,1277.4561899400014,1000.0,0.0,0.0
8082,1701626460000.0,0.0,0.0,0.0,2040.62,0.0,0.0,2155.08,0.9413943126533779,1.0,1277.4561899400014,1000.0,1277.4561899400014,1000.0,0.0,0.0
8083,1701630060000.0,0.0,0.0,0.0,2040.62,0.0,0.0,2162.26,0.9413943126533779,1.0,1277.4561899400014,1000.0,1277.4561899400014,1000.0,0.0,0.0
8084,1701633660000.0,0.0,0.0,0.0,2040.62,0.0,0.0,2173.09,0.9413943126533779,1.0,1277.4561899400014,1000.0,1277.4561899400014,1000.0,0.0,0.0
8085,1701637260000.0,0.0,0.0,0.0,2040.62,0.0,0.0,2169.2,0.9413943126533779,1.0,1277.4561899400014,1000.0,1277.4561899400014,1000.0,0.0,0.0
8086,1701640860000.0,0.0,0.0,0.0,2040.62,0.0,0.0,2184.18,0.9413943126533779,1.0,1277.4561899400014,1000.0,1277.4561899400014,1000.0,0.0,0.0
8087,1701644460000.0,0.0,0.0,0.0,2040.62,0.0,0.0,2203.57,0.9413943126533779,1.0,1277.4561899400014,1000.0,1277.4561899400014,1000.0,0.0,0.0
8088,1701648060000.0,0.0,0.0,0.0,2040.62,0.0,0.0,2196.09,0.9413943126533779,1.0,1277.4561899400014,1000.0,1277.4561899400014,1000.0,0.0,0.0
8089,1701651660000.0,0.0,0.0,0.0,2040.62,0.0,0.0,2213.01,0.9413943126533779,1.0,1277.4561899400014,1000.0,1277.4561899400014,1000.0,0.0,0.0
8090,1701655260000.0,0.0,0.0,0.0,2040.62,0.0,0.0,2214.4,0.9413943126533779,1.0,1277.4561899400014,1000.0,1277.4561899400014,1000.0,0.0,0.0
8091,1701658860000.0,0.0,0.0,0.0,2040.62,0.0,0.0,2213.93,0.9413943126533779,1.0,1277.4561899400014,1000.0,1277.4561899400014,1000.0,0.0,0.0
8092,1701662460000.0,0.0,0.0,0.0,2040.62,0.0,0.0,2213.99,0.9413943126533779,1.0,1277.4561899400014,1000.0,1277.4561899400014,1000.0,0.0,0.0
8093,1701666060000.0,0.0,0.0,0.0,2040.62,0.0,0.0,2226.81,0.9413943126533779,1.0,1277.4561899400014,1000.0,1277.4561899400014,1000.0,0.0,0.0
8094,1701669660000.0,0.0,0.0,0.0,2040.62,0.0,0.0,2253.02,0.9413943126533779,1.0,1277.4561899400014,1000.0,1277.4561899400014,1000.0,0.0,0.0
8095,1701673260000.0,0.0,0.0,0.0,2040.62,0.0,0.0,2252.86,0.9413943126533779,1.0,1277.4561899400014,1000.0,1277.4561899400014,1000.0,0.0,0.0
8096,1701676860000.0,0.0,0.0,0.0,2040.62,0.0,0.0,2248.79,0.9413943126533779,1.0,1277.4561899400014,1000.0,1277.4561899400014,1000.0,0.0,0.0
8097,1701680460000.0,0.0,0.0,0.0,2040.62,0.0,0.0,2259.39,0.9413943126533779,1.0,1277.4561899400014,1000.0,1277.4561899400014,1000.0,0.0,0.0
8098,1701684060000.0,0.0,0.0,0.0,2040.62,0.0,0.0,2251.36,0.9413943126533779,1.0,1277.4561899400014,1000.0,1277.4561899400014,1000.0,0.0,0.0
8099,1701687660000.0,0.0,0.0,0.0,2040.62,0.0,0.0,2268.21,0.9413943126533779,1.0,1277.4561899400014,1000.0,1277.4561899400014,1000.0,0.0,0.0
8100,1701691260000.0,0.0,0.0,0.0,2040.62,0.0,0.0,2236.25,0.9413943126533779,1.0,1277.4561899400014,1000.0,1277.4561899400014,1000.0,0.0,0.0
8101,1701694860000.0,0.0,0.0,0.0,2040.62,0.0,0.0,2256.44,0.9413943126533779,1.0,1277.4561899400014,1000.0,1277.4561899400014,1000.0,0.0,0.0
8102,1701698460000.0,0.0,0.0,0.0,2040.62,0.0,0.0,2241.26,0.9413943126533779,1.0,1277.4561899400014,1000.0,1277.4561899400014,1000.0,0.0,0.0
8103,1701702060000.0,0.0,0.0,0.0,2040.62,0.0,0.0,2223.76,0.9413943126533779,1.0,1277.4561899400014,1000.0,1277.4561899400014,1000.0,0.0,0.0
8104,1701705660000.0,0.0,0.0,0.03,2207.72,0.0,0.0,2213.2,0.9413943126533779,1.0,1277.4429436200014,1000.0,1277.6073436200013,1000.0,0.05184701229184744,0.0
8105,1701709260000.0,0.0,0.0,0.01,2207.72,0.0,0.0,2224.3,0.9413943126533779,1.0,1277.7558483800015,1000.0,1277.9216483800014,1000.0,0.017278105224867883,0.0
8106,1701712860000.0,0.0,0.0,0.0,2207.72,0.0,0.0,2220.31,0.9413943126533779,1.0,1277.9123007600015,1000.0,1277.9123007600015,1000.0,0.0,0.0
8107,1701716460000.0,0.0,0.0,0.0,2207.72,0.0,0.0,2225.32,0.9413943126533779,1.0,1277.9123007600015,1000.0,1277.9123007600015,1000.0,0.0,0.0
8108,1701720060000.0,0.0,0.0,0.0,2207.72,0.0,0.0,2234.51,0.9413943126533779,1.0,1277.9123007600015,1000.0,1277.9123007600015,1000.0,0.0,0.0
8109,1701723660000.0,0.0,0.0,0.0,2207.72,0.0,0.0,2228.32,0.9413943126533779,1.0,1277.9123007600015,1000.0,1277.9123007600015,1000.0,0.0,0.0
8110,1701727260000.0,0.0,0.0,0.0,2207.72,0.0,0.0,2230.33,0.9413943126533779,1.0,1277.9123007600015,1000.0,1277.9123007600015,1000.0,0.0,0.0
8111,1701730860000.0,0.0,0.0,0.0,2207.72,0.0,0.0,2226.14,0.9413943126533779,1.0,1277.9123007600015,1000.0,1277.9123007600015,1000.0,0.0,0.0
8112,1701734460000.0,0.0,0.0,0.0,2207.72,0.0,0.0,2241.52,0.9413943126533779,1.0,1277.9123007600015,1000.0,1277.9123007600015,1000.0,0.0,0.0
8113,1701738060000.0,0.0,0.0,0.0,2207.72,0.0,0.0,2253.27,0.9413943126533779,1.0,1277.9123007600015,1000.0,1277.9123007600015,1000.0,0.0,0.0
8114,1701741660000.0,0.0,0.0,0.0,2207.72,0.0,0.0,2237.94,0.9413943126533779,1.0,1277.9123007600015,1000.0,1277.9123007600015,1000.0,0.0,0.0
8115,1701745260000.0,0.0,0.0,0.0,2207.72,0.0,0.0,2230.62,0.9413943126533779,1.0,1277.9123007600015,1000.0,1277.9123007600015,1000.0,0.0,0.0
8116,1701748860000.0,0.0,0.0,0.0,2207.72,0.0,0.0,2232.0,0.9413943126533779,1.0,1277.9123007600015,1000.0,1277.9123007600015,1000.0,0.0,0.0
8117,1701752460000.0,0.0,0.0,0.0,2207.72,0.0,0.0,2226.7,0.9413943126533779,1.0,1277.9123007600015,1000.0,1277.9123007600015,1000.0,0.0,0.0
8118,1701756060000.0,0.0,0.0,0.0,2207.72,0.0,0.0,2236.11,0.9413943126533779,1.0,1277.9123007600015,1000.0,1277.9123007600015,1000.0,0.0,0.0
8119,1701759660000.0,0.0,0.0,0.0,2207.72,0.0,0.0,2228.2,0.9413943126533779,1.0,1277.9123007600015,1000.0,1277.9123007600015,1000.0,0.0,0.0
8120,1701763260000.0,0.0,0.0,0.03,2216.67,0.0,0.0,2202.71,0.9413943126533779,1.0,1277.8990007400014,1000.0,1277.4802007400015,1000.0,0.05203861961038498,0.0
8121,1701766860000.0,0.0,0.0,0.03,2216.67,0.0,0.0,2202.0,0.9413943126533779,1.0,1277.8990007400014,1000.0,1277.4589007400014,1000.0,0.05203861961038498,0.0
8122,1701770460000.0,0.0,0.0,0.03,2216.67,0.0,0.0,2206.84,0.9413943126533779,1.0,1277.8990007400014,1000.0,1277.6041007400013,1000.0,0.05203861961038498,0.0
8123,1701774060000.0,0.0,0.0,0.03,2216.67,0.0,0.0,2196.79,0.9413943126533779,1.0,1277.8990007400014,1000.0,1277.3026007400015,1000.0,0.05203861961038498,0.0
8124,1701777660000.0,0.0,0.0,0.03,2216.67,0.0,0.0,2203.88,0.9413943126533779,1.0,1277.8990007400014,1000.0,1277.5153007400013,1000.0,0.05203861961038498,0.0
8125,1701781260000.0,0.0,0.0,0.03,2216.67,0.0,0.0,2214.0,0.9413943126533779,1.0,1277.8990007400014,1000.0,1277.8189007400015,1000.0,0.05203861961038498,0.0
8126,1701784860000.0,0.0,0.0,0.03,2216.67,0.0,0.0,2203.1,0.9413943126533779,1.0,1277.8990007400014,1000.0,1277.4919007400015,1000.0,0.05203861961038498,0.0
8127,1701788460000.0,0.0,0.0,0.03,2216.67,0.0,0.0,2217.0,0.9413943126533779,1.0,1277.8990007400014,1000.0,1277.9089007400014,1000.0,0.05203861961038498,0.0
8128,1701792060000.0,0.0,0.0,0.0,2216.67,0.0,0.0,2226.46,0.9413943126533779,1.0,1278.370103820001,1000.0,1278.370103820001,1000.0,0.0,0.0
8129,1701795660000.0,0.0,0.0,0.0,2216.67,0.0,0.0,2239.92,0.9413943126533779,1.0,1278.370103820001,1000.0,1278.370103820001,1000.0,0.0,0.0
8130,1701799260000.0,0.0,0.0,0.0,2216.67,0.0,0.0,2288.93,0.9413943126533779,1.0,1278.370103820001,1000.0,1278.370103820001,1000.0,0.0,0.0
8131,1701802860000.0,0.0,0.0,0.0,2216.67,0.0,0.0,2277.46,0.9413943126533779,1.0,1278.370103820001,1000.0,1278.370103820001,1000.0,0.0,0.0
8132,1701806460000.0,0.0,0.0,0.0,2216.67,0.0,0.0,2275.31,0.9413943126533779,1.0,1278.370103820001,1000.0,1278.370103820001,1000.0,0.0,0.0
8133,1701810060000.0,0.0,0.0,0.0,2216.67,0.0,0.0,2262.26,0.9413943126533779,1.0,1278.370103820001,1000.0,1278.370103820001,1000.0,0.0,0.0
8134,1701813660000.0,0.0,0.0,0.0,2216.67,0.0,0.0,2268.55,0.9413943126533779,1.0,1278.370103820001,1000.0,1278.370103820001,1000.0,0.0,0.0
8135,1701817260000.0,0.0,0.0,0.0,2216.67,0.0,0.0,2282.3,0.9413943126533779,1.0,1278.370103820001,1000.0,1278.370103820001,1000.0,0.0,0.0
8136,1701820860000.0,0.0,0.0,0.0,2216.67,0.0,0.0,2292.97,0.9413943126533779,1.0,1278.370103820001,1000.0,1278.370103820001,1000.0,0.0,0.0
8137,1701824460000.0,0.0,0.0,0.0,2216.67,0.0,0.0,2308.94,0.9413943126533779,1.0,1278.370103820001,1000.0,1278.370103820001,1000.0,0.0,0.0
8138,1701828060000.0,0.0,0.0,0.0,2216.67,0.0,0.0,2297.31,0.9413943126533779,1.0,1278.370103820001,1000.0,1278.370103820001,1000.0,0.0,0.0
8139,1701831660000.0,0.0,0.0,0.0,2216.67,0.0,0.0,2291.29,0.9413943126533779,1.0,1278.370103820001,1000.0,1278.370103820001,1000.0,0.0,0.0
8140,1701835260000.0,0.0,0.0,0.0,2216.67,0.0,0.0,2283.98,0.9413943126533779,1.0,1278.370103820001,1000.0,1278.370103820001,1000.0,0.0,0.0
8141,1701838860000.0,0.0,0.0,0.0,2216.67,0.0,0.0,2282.49,0.9413943126533779,1.0,1278.370103820001,1000.0,1278.370103820001,1000.0,0.0,0.0
8142,1701842460000.0,0.0,0.0,0.0,2216.67,0.0,0.0,2269.56,0.9413943126533779,1.0,1278.370103820001,1000.0,1278.370103820001,1000.0,0.0,0.0
8143,1701846060000.0,0.0,0.0,0.0,2216.67,0.0,0.0,2273.04,0.9413943126533779,1.0,1278.370103820001,1000.0,1278.370103820001,1000.0,0.0,0.0
8144,1701849660000.0,0.0,0.0,0.0,2216.67,0.0,0.0,2266.4,0.9413943126533779,1.0,1278.370103820001,1000.0,1278.370103820001,1000.0,0.0,0.0
8145,1701853260000.0,0.0,0.0,0.0,2216.67,0.0,0.0,2280.69,0.9413943126533779,1.0,1278.370103820001,1000.0,1278.370103820001,1000.0,0.0,0.0
8146,1701856860000.0,0.0,0.0,0.0,2216.67,0.0,0.0,2276.59,0.9413943126533779,1.0,1278.370103820001,1000.0,1278.370103820001,1000.0,0.0,0.0
8147,1701860460000.0,0.0,0.0,0.0,2216.67,0.0,0.0,2273.46,0.9413943126533779,1.0,1278.370103820001,1000.0,1278.370103820001,1000.0,0.0,0.0
8148,1701864060000.0,0.0,0.0,0.03,2254.48,0.0,0.0,2253.14,0.9413943126533779,1.0,1278.356576940001,1000.0,1278.3163769400012,1000.0,0.05290730397139763,0.0
8149,1701867660000.0,0.0,0.0,0.03,2254.48,0.0,0.0,2265.99,0.9413943126533779,1.0,1278.356576940001,1000.0,1278.701876940001,1000.0,0.05290730397139763,0.0
8150,1701871260000.0,0.0,0.0,0.03,2254.48,0.0,0.0,2264.03,0.9413943126533779,1.0,1278.356576940001,1000.0,1278.643076940001,1000.0,0.05290730397139763,0.0
8151,1701874860000.0,0.0,0.0,0.03,2254.48,0.0,0.0,2252.21,0.9413943126533779,1.0,1278.356576940001,1000.0,1278.2884769400011,1000.0,0.05290730397139763,0.0
8152,1701878460000.0,0.0,0.0,0.03,2254.48,0.0,0.0,2251.8,0.9413943126533779,1.0,1278.356576940001,1000.0,1278.276176940001,1000.0,0.05290730397139763,0.0
8153,1701882060000.0,0.0,0.0,0.01,2254.48,0.0,0.0,2273.97,0.9413943126533779,1.0,1278.676093300001,1000.0,1278.870993300001,1000.0,0.017631361154032757,0.0
8154,1701885660000.0,0.0,0.0,0.0,2254.48,0.0,0.0,2268.97,0.9413943126533779,1.0,1278.8358514800009,1000.0,1278.8358514800009,1000.0,0.0,0.0
8155,1701889260000.0,0.0,0.0,0.0,2254.48,0.0,0.0,2274.16,0.9413943126533779,1.0,1278.8358514800009,1000.0,1278.8358514800009,1000.0,0.0,0.0
8156,1701892860000.0,0.0,0.0,0.0,2254.48,0.0,0.0,2264.5,0.9413943126533779,1.0,1278.8358514800009,1000.0,1278.8358514800009,1000.0,0.0,0.0
8157,1701896460000.0,0.0,0.0,0.03,2252.82,0.0,0.0,2257.39,0.9413943126533779,1.0,1278.8223345600009,1000.0,1278.9594345600008,1000.0,0.05284909261711758,0.0
8158,1701900060000.0,0.0,0.0,0.03,2252.82,0.0,0.0,2249.27,0.9413943126533779,1.0,1278.8223345600009,1000.0,1278.7158345600008,1000.0,0.05284909261711758,0.0
8159,1701903660000.0,0.0,0.0,0.03,2252.82,0.0,0.0,2232.0,0.9413943126533779,1.0,1278.8223345600009,1000.0,1278.1977345600008,1000.0,0.05284909261711758,0.0
8160,1701907260000.0,0.0,0.0,0.03,2252.82,0.0,0.0,2234.8,0.9413943126533779,1.0,1278.8223345600009,1000.0,1278.2817345600008,1000.0,0.05284909261711758,0.0
8161,1701910860000.0,0.0,0.0,0.03,2252.82,0.0,0.0,2244.16,0.9413943126533779,1.0,1278.8223345600009,1000.0,1278.5625345600008,1000.0,0.05284909261711758,0.0
8162,1701914460000.0,0.0,0.0,0.03,2252.82,0.0,0.0,2243.59,0.9413943126533779,1.0,1278.8223345600009,1000.0,1278.5454345600008,1000.0,0.05284909261711758,0.0
8163,1701918060000.0,0.0,0.0,0.03,2252.82,0.0,0.0,2248.98,0.9413943126533779,1.0,1278.8223345600009,1000.0,1278.707134560001,1000.0,0.05284909261711758,0.0
8164,1701921660000.0,0.0,0.0,0.03,2252.82,0.0,0.0,2248.65,0.9413943126533779,1.0,1278.8223345600009,1000.0,1278.6972345600009,1000.0,0.05284909261711758,0.0
8165,1701925260000.0,0.0,0.0,0.03,2252.82,0.0,0.0,2263.6,0.9413943126533779,1.0,1278.8223345600009,1000.0,1279.1457345600008,1000.0,0.05284909261711758,0.0
8166,1701928860000.0,0.0,0.0,0.0,2252.82,0.0,0.0,2264.52,0.9413943126533779,1.0,1279.3013191200005,1000.0,1279.3013191200005,1000.0,0.0,0.0
8167,1701932460000.0,0.0,0.0,0.0,2252.82,0.0,0.0,2262.26,0.9413943126533779,1.0,1279.3013191200005,1000.0,1279.3013191200005,1000.0,0.0,0.0
8168,1701936060000.0,0.0,0.0,0.0,2252.82,0.0,0.0,2262.9,0.9413943126533779,1.0,1279.3013191200005,1000.0,1279.3013191200005,1000.0,0.0,0.0
8169,1701939660000.0,0.0,0.0,0.0,2252.82,0.0,0.0,2246.52,0.9413943126533779,1.0,1279.3013191200005,1000.0,1279.3013191200005,1000.0,0.0,0.0
8170,1701943260000.0,0.0,0.0,0.03,2244.79,0.0,0.0,2244.1,0.9413943126533779,1.0,1279.2878503800005,1000.0,1279.2671503800004,1000.0,0.052641553642517734,0.0
8171,1701946860000.0,0.0,0.0,0.03,2244.79,0.0,0.0,2236.21,0.9413943126533779,1.0,1279.2878503800005,1000.0,1279.0304503800005,1000.0,0.052641553642517734,0.0
8172,1701950460000.0,0.0,0.0,0.03,2244.79,0.0,0.0,2236.09,0.9413943126533779,1.0,1279.2878503800005,1000.0,1279.0268503800005,1000.0,0.052641553642517734,0.0
8173,1701954060000.0,0.0,0.0,0.03,2244.79,0.0,0.0,2258.24,0.9413943126533779,1.0,1279.2878503800005,1000.0,1279.6913503800004,1000.0,0.052641553642517734,0.0
8174,1701957660000.0,0.0,0.0,0.03,2244.79,0.0,0.0,2249.46,0.9413943126533779,1.0,1279.2878503800005,1000.0,1279.4279503800005,1000.0,0.052641553642517734,0.0
8175,1701961260000.0,0.0,0.0,0.01,2244.79,0.0,0.0,2270.11,0.9413943126533779,1.0,1279.6060057800007,1000.0,1279.8592057800008,1000.0,0.01754282169558636,0.0
8176,1701964860000.0,0.0,0.0,0.0,2244.79,0.0,0.0,2320.92,0.9413943126533779,1.0,1280.0076349600006,1000.0,1280.0076349600006,1000.0,0.0,0.0
8177,1701968460000.0,0.0,0.0,0.0,2244.79,0.0,0.0,2344.19,0.9413943126533779,1.0,1280.0076349600006,1000.0,1280.0076349600006,1000.0,0.0,0.0
8178,1701972060000.0,0.0,0.0,0.0,2244.79,0.0,0.0,2336.34,0.9413943126533779,1.0,1280.0076349600006,1000.0,1280.0076349600006,1000.0,0.0,0.0
8179,1701975660000.0,0.0,0.0,0.0,2244.79,0.0,0.0,2342.09,0.9413943126533779,1.0,1280.0076349600006,1000.0,1280.0076349600006,1000.0,0.0,0.0
8180,1701979260000.0,0.0,0.0,0.0,2244.79,0.0,0.0,2340.46,0.9413943126533779,1.0,1280.0076349600006,1000.0,1280.0076349600006,1000.0,0.0,0.0
8181,1701982860000.0,0.0,0.0,0.0,2244.79,0.0,0.0,2347.78,0.9413943126533779,1.0,1280.0076349600006,1000.0,1280.0076349600006,1000.0,0.0,0.0
8182,1701986460000.0,0.0,0.0,0.0,2244.79,0.0,0.0,2374.21,0.9413943126533779,1.0,1280.0076349600006,1000.0,1280.0076349600006,1000.0,0.0,0.0
8183,1701990060000.0,0.0,0.0,0.0,2244.79,0.0,0.0,2353.63,0.9413943126533779,1.0,1280.0076349600006,1000.0,1280.0076349600006,1000.0,0.0,0.0
8184,1701993660000.0,0.0,0.0,0.0,2244.79,0.0,0.0,2359.05,0.9413943126533779,1.0,1280.0076349600006,1000.0,1280.0076349600006,1000.0,0.0,0.0
8185,1701997260000.0,0.0,0.0,0.0,2244.79,0.0,0.0,2362.52,0.9413943126533779,1.0,1280.0076349600006,1000.0,1280.0076349600006,1000.0,0.0,0.0
8186,1702000860000.0,0.0,0.0,0.0,2244.79,0.0,0.0,2365.85,0.9413943126533779,1.0,1280.0076349600006,1000.0,1280.0076349600006,1000.0,0.0,0.0
8187,1702004460000.0,0.0,0.0,0.0,2244.79,0.0,0.0,2378.19,0.9413943126533779,1.0,1280.0076349600006,1000.0,1280.0076349600006,1000.0,0.0,0.0
8188,1702008060000.0,0.0,0.0,0.0,2244.79,0.0,0.0,2377.34,0.9413943126533779,1.0,1280.0076349600006,1000.0,1280.0076349600006,1000.0,0.0,0.0
8189,1702011660000.0,0.0,0.0,0.0,2244.79,0.0,0.0,2374.64,0.9413943126533779,1.0,1280.0076349600006,1000.0,1280.0076349600006,1000.0,0.0,0.0
8190,1702015260000.0,0.0,0.0,0.0,2244.79,0.0,0.0,2375.78,0.9413943126533779,1.0,1280.0076349600006,1000.0,1280.0076349600006,1000.0,0.0,0.0
8191,1702018860000.0,0.0,0.0,0.0,2244.79,0.0,0.0,2376.01,0.9413943126533779,1.0,1280.0076349600006,1000.0,1280.0076349600006,1000.0,0.0,0.0
8192,1702022460000.0,0.0,0.0,0.0,2244.79,0.0,0.0,2354.55,0.9413943126533779,1.0,1280.0076349600006,1000.0,1280.0076349600006,1000.0,0.0,0.0
8193,1702026060000.0,0.0,0.0,0.0,2244.79,0.0,0.0,2357.13,0.9413943126533779,1.0,1280.0076349600006,1000.0,1280.0076349600006,1000.0,0.0,0.0
8194,1702029660000.0,0.0,0.0,0.0,2244.79,0.0,0.0,2349.83,0.9413943126533779,1.0,1280.0076349600006,1000.0,1280.0076349600006,1000.0,0.0,0.0
8195,1702033260000.0,0.0,0.0,0.0,2244.79,0.0,0.0,2361.26,0.9413943126533779,1.0,1280.0076349600006,1000.0,1280.0076349600006,1000.0,0.0,0.0
8196,1702036860000.0,0.0,0.0,0.0,2244.79,0.0,0.0,2365.59,0.9413943126533779,1.0,1280.0076349600006,1000.0,1280.0076349600006,1000.0,0.0,0.0
8197,1702040460000.0,0.0,0.0,0.0,2244.79,0.0,0.0,2359.8,0.9413943126533779,1.0,1280.0076349600006,1000.0,1280.0076349600006,1000.0,0.0,0.0
8198,1702044060000.0,0.0,0.0,0.0,2334.75,0.0,0.0,2349.42,0.9413943126533779,1.0,1280.4901158400005,1000.0,1280.4901158400005,1000.0,0.0,0.0
8199,1702047660000.0,0.0,0.0,0.0,2334.75,0.0,0.0,2376.6,0.9413943126533779,1.0,1280.4901158400005,1000.0,1280.4901158400005,1000.0,0.0,0.0
8200,1702051260000.0,0.0,0.0,0.0,2334.75,0.0,0.0,2351.1,0.9413943126533779,1.0,1280.4901158400005,1000.0,1280.4901158400005,1000.0,0.0,0.0
8201,1702054860000.0,0.0,0.0,0.0,2334.75,0.0,0.0,2354.08,0.9413943126533779,1.0,1280.4901158400005,1000.0,1280.4901158400005,1000.0,0.0,0.0
8202,1702058460000.0,0.0,0.0,0.0,2334.75,0.0,0.0,2351.3,0.9413943126533779,1.0,1280.4901158400005,1000.0,1280.4901158400005,1000.0,0.0,0.0
8203,1702062060000.0,0.0,0.0,0.0,2334.75,0.0,0.0,2348.82,0.9413943126533779,1.0,1280.4901158400005,1000.0,1280.4901158400005,1000.0,0.0,0.0
8204,1702065660000.0,0.0,0.0,0.0,2334.75,0.0,0.0,2354.56,0.9413943126533779,1.0,1280.4901158400005,1000.0,1280.4901158400005,1000.0,0.0,0.0
8205,1702069260000.0,0.0,0.0,0.0,2334.75,0.0,0.0,2366.58,0.9413943126533779,1.0,1280.4901158400005,1000.0,1280.4901158400005,1000.0,0.0,0.0
8206,1702072860000.0,0.0,0.0,0.0,2334.75,0.0,0.0,2370.91,0.9413943126533779,1.0,1280.4901158400005,1000.0,1280.4901158400005,1000.0,0.0,0.0
8207,1702076460000.0,0.0,0.0,0.0,2334.75,0.0,0.0,2365.0,0.9413943126533779,1.0,1280.4901158400005,1000.0,1280.4901158400005,1000.0,0.0,0.0
8208,1702080060000.0,0.0,0.0,0.0,2334.75,0.0,0.0,2362.2,0.9413943126533779,1.0,1280.4901158400005,1000.0,1280.4901158400005,1000.0,0.0,0.0
8209,1702083660000.0,0.0,0.0,0.0,2334.75,0.0,0.0,2362.64,0.9413943126533779,1.0,1280.4901158400005,1000.0,1280.4901158400005,1000.0,0.0,0.0
8210,1702087260000.0,0.0,0.0,0.0,2334.75,0.0,0.0,2354.51,0.9413943126533779,1.0,1280.4901158400005,1000.0,1280.4901158400005,1000.0,0.0,0.0
8211,1702090860000.0,0.0,0.0,0.0,2334.75,0.0,0.0,2356.47,0.9413943126533779,1.0,1280.4901158400005,1000.0,1280.4901158400005,1000.0,0.0,0.0
8212,1702094460000.0,0.0,0.0,0.0,2334.75,0.0,0.0,2362.0,0.9413943126533779,1.0,1280.4901158400005,1000.0,1280.4901158400005,1000.0,0.0,0.0
8213,1702098060000.0,0.0,0.0,0.0,2334.75,0.0,0.0,2371.3,0.9413943126533779,1.0,1280.4901158400005,1000.0,1280.4901158400005,1000.0,0.0,0.0
8214,1702101660000.0,0.0,0.0,0.0,2334.75,0.0,0.0,2375.15,0.9413943126533779,1.0,1280.4901158400005,1000.0,1280.4901158400005,1000.0,0.0,0.0
8215,1702105260000.0,0.0,0.0,0.0,2334.75,0.0,0.0,2370.77,0.9413943126533779,1.0,1280.4901158400005,1000.0,1280.4901158400005,1000.0,0.0,0.0
8216,1702108860000.0,0.0,0.0,0.0,2334.75,0.0,0.0,2383.8,0.9413943126533779,1.0,1280.4901158400005,1000.0,1280.4901158400005,1000.0,0.0,0.0
8217,1702112460000.0,0.0,0.0,0.0,2334.75,0.0,0.0,2369.17,0.9413943126533779,1.0,1280.4901158400005,1000.0,1280.4901158400005,1000.0,0.0,0.0
8218,1702116060000.0,0.0,0.0,0.0,2334.75,0.0,0.0,2362.31,0.9413943126533779,1.0,1280.4901158400005,1000.0,1280.4901158400005,1000.0,0.0,0.0
8219,1702119660000.0,0.0,0.0,0.0,2334.75,0.0,0.0,2363.34,0.9413943126533779,1.0,1280.4901158400005,1000.0,1280.4901158400005,1000.0,0.0,0.0
8220,1702123260000.0,0.0,0.0,0.0,2334.75,0.0,0.0,2357.85,0.9413943126533779,1.0,1280.4901158400005,1000.0,1280.4901158400005,1000.0,0.0,0.0
8221,1702126860000.0,0.0,0.0,0.0,2334.75,0.0,0.0,2357.86,0.9413943126533779,1.0,1280.4901158400005,1000.0,1280.4901158400005,1000.0,0.0,0.0
8222,1702130460000.0,0.0,0.0,0.0,2334.75,0.0,0.0,2359.63,0.9413943126533779,1.0,1280.4901158400005,1000.0,1280.4901158400005,1000.0,0.0,0.0
8223,1702134060000.0,0.0,0.0,0.03,2349.04,0.0,0.0,2349.89,0.9413943126533779,1.0,1280.4760216000004,1000.0,1280.5015216000004,1000.0,0.05503515787194806,0.0
8224,1702137660000.0,0.0,0.0,0.0,2349.04,0.0,0.0,2363.18,0.9413943126533779,1.0,1280.9754246400007,1000.0,1280.9754246400007,1000.0,0.0,0.0
8225,1702141260000.0,0.0,0.0,0.03,2348.23,0.0,0.0,2355.29,0.9413943126533779,1.0,1280.9613352600006,1000.0,1281.1731352600007,1000.0,0.054995336752846784,0.0
8226,1702144860000.0,0.0,0.0,0.03,2348.23,0.0,0.0,2351.47,0.9413943126533779,1.0,1280.9613352600006,1000.0,1281.0585352600006,1000.0,0.054995336752846784,0.0
8227,1702148460000.0,0.0,0.0,0.03,2348.23,0.0,0.0,2358.55,0.9413943126533779,1.0,1280.9613352600006,1000.0,1281.2709352600007,1000.0,0.054995336752846784,0.0
8228,1702152060000.0,0.0,0.0,0.03,2348.23,0.0,0.0,2358.28,0.9413943126533779,1.0,1280.9613352600006,1000.0,1281.2628352600007,1000.0,0.054995336752846784,0.0
8229,1702155660000.0,0.0,0.0,0.03,2348.23,0.0,0.0,2353.24,0.9413943126533779,1.0,1280.9613352600006,1000.0,1281.1116352600006,1000.0,0.054995336752846784,0.0
8230,1702159260000.0,0.0,0.0,0.03,2348.23,0.0,0.0,2357.46,0.9413943126533779,1.0,1280.9613352600006,1000.0,1281.2382352600007,1000.0,0.054995336752846784,0.0
8231,1702162860000.0,0.0,0.0,0.03,2348.23,0.0,0.0,2357.15,0.9413943126533779,1.0,1280.9613352600006,1000.0,1281.2289352600005,1000.0,0.054995336752846784,0.0
8232,1702166460000.0,0.0,0.0,0.03,2348.23,0.0,0.0,2345.45,0.9413943126533779,1.0,1280.9613352600006,1000.0,1280.8779352600006,1000.0,0.054995336752846784,0.0
8233,1702170060000.0,0.0,0.0,0.03,2348.23,0.0,0.0,2353.2,0.9413943126533779,1.0,1280.9613352600006,1000.0,1281.1104352600007,1000.0,0.054995336752846784,0.0
8234,1702173660000.0,0.0,0.0,0.03,2348.23,0.0,0.0,2351.42,0.9413943126533779,1.0,1280.9613352600006,1000.0,1281.0570352600007,1000.0,0.054995336752846784,0.0
8235,1702177260000.0,0.0,0.0,0.03,2348.23,0.0,0.0,2348.1,0.9413943126533779,1.0,1280.9613352600006,1000.0,1280.9574352600007,1000.0,0.054995336752846784,0.0
8236,1702180860000.0,0.0,0.0,0.03,2348.23,0.0,0.0,2352.24,0.9413943126533779,1.0,1280.9613352600006,1000.0,1281.0816352600007,1000.0,0.054995336752846784,0.0
8237,1702184460000.0,0.0,0.0,0.03,2348.23,0.0,0.0,2356.05,0.9413943126533779,1.0,1280.9613352600006,1000.0,1281.1959352600006,1000.0,0.054995336752846784,0.0
8238,1702188060000.0,0.0,0.0,0.03,2348.23,0.0,0.0,2357.85,0.9413943126533779,1.0,1280.9613352600006,1000.0,1281.2499352600007,1000.0,0.054995336752846784,0.0
8239,1702191660000.0,0.0,0.0,0.03,2348.23,0.0,0.0,2352.31,0.9413943126533779,1.0,1280.9613352600006,1000.0,1281.0837352600006,1000.0,0.054995336752846784,0.0
8240,1702195260000.0,0.0,0.0,0.03,2348.23,0.0,0.0,2357.37,0.9413943126533779,1.0,1280.9613352600006,1000.0,1281.2355352600007,1000.0,0.054995336752846784,0.0
8241,1702198860000.0,0.0,0.0,0.03,2348.23,0.0,0.0,2344.57,0.9413943126533779,1.0,1280.9613352600006,1000.0,1280.8515352600007,1000.0,0.054995336752846784,0.0
8242,1702202460000.0,0.0,0.0,0.03,2348.23,0.0,0.0,2327.0,0.9413943126533779,1.0,1280.9613352600006,1000.0,1280.3244352600007,1000.0,0.054995336752846784,0.0
8243,1702206060000.0,0.0,0.0,0.03,2348.23,0.0,0.0,2337.91,0.9413943126533779,1.0,1280.9613352600006,1000.0,1280.6517352600006,1000.0,0.054995336752846784,0.0
8244,1702209660000.0,0.0,0.0,0.03,2348.23,0.0,0.0,2338.8,0.9413943126533779,1.0,1280.9613352600006,1000.0,1280.6784352600007,1000.0,0.054995336752846784,0.0
8245,1702213260000.0,0.0,0.0,0.03,2348.23,0.0,0.0,2348.81,0.9413943126533779,1.0,1280.9613352600006,1000.0,1280.9787352600006,1000.0,0.054995336752846784,0.0
8246,1702216860000.0,0.0,0.0,0.03,2348.23,0.0,0.0,2346.8,0.9413943126533779,1.0,1280.9613352600006,1000.0,1280.9184352600007,1000.0,0.054995336752846784,0.0
8247,1702220460000.0,0.0,0.0,0.03,2348.23,0.0,0.0,2346.71,0.9413943126533779,1.0,1280.9613352600006,1000.0,1280.9157352600007,1000.0,0.054995336752846784,0.0
8248,1702224060000.0,0.0,0.0,0.03,2348.23,0.0,0.0,2355.99,0.9413943126533779,1.0,1280.9613352600006,1000.0,1281.1941352600006,1000.0,0.054995336752846784,0.0
8249,1702227660000.0,0.0,0.0,0.03,2348.23,0.0,0.0,2350.5,0.9413943126533779,1.0,1280.9613352600006,1000.0,1281.0294352600006,1000.0,0.054995336752846784,0.0
8250,1702231260000.0,0.0,0.0,0.03,2348.23,0.0,0.0,2347.44,0.9413943126533779,1.0,1280.9613352600006,1000.0,1280.9376352600007,1000.0,0.054995336752846784,0.0
8251,1702234860000.0,0.0,0.0,0.03,2348.23,0.0,0.0,2359.6,0.9413943126533779,1.0,1280.9613352600006,1000.0,1281.3024352600007,1000.0,0.054995336752846784,0.0
8252,1702238460000.0,0.0,0.0,0.03,2348.23,0.0,0.0,2357.19,0.9413943126533779,1.0,1280.9613352600006,1000.0,1281.2301352600007,1000.0,0.054995336752846784,0.0
8253,1702242060000.0,0.0,0.0,0.01,2348.23,0.0,0.0,2376.32,0.9413943126533779,1.0,1281.2940739000007,1000.0,1281.5749739000007,1000.0,0.018327018346791082,0.0
8254,1702245660000.0,0.0,0.0,0.0,2348.23,0.0,0.0,2359.0,0.9413943126533779,1.0,1281.4604432200008,1000.0,1281.4604432200008,1000.0,0.0,0.0
8255,1702249260000.0,0.0,0.0,0.0,2348.23,0.0,0.0,2364.76,0.9413943126533779,1.0,1281.4604432200008,1000.0,1281.4604432200008,1000.0,0.0,0.0
8256,1702252860000.0,0.0,0.0,0.0,2348.23,0.0,0.0,2354.61,0.9413943126533779,1.0,1281.4604432200008,1000.0,1281.4604432200008,1000.0,0.0,0.0
8257,1702256460000.0,0.0,0.0,0.03,2340.88,0.0,0.0,2339.36,0.9413943126533779,1.0,1281.446397940001,1000.0,1281.400797940001,1000.0,0.05480244832159425,0.0
8258,1702260060000.0,0.0,0.0,0.03,2340.88,0.0,0.0,2332.62,0.9413943126533779,1.0,1281.446397940001,1000.0,1281.1985979400008,1000.0,0.05480244832159425,0.0
8259,1702263660000.0,0.0,0.0,0.42,2230.279333333334,0.0,0.0,2228.96,0.9413943126533779,1.0,1284.037054620001,1000.0,1283.4829346200008,1000.0,0.7295095703271687,0.0
8260,1702267260000.0,0.0,0.0,0.3,2230.279333333334,0.0,0.0,2248.35,0.9413943126533779,1.0,1285.933217900001,1000.0,1291.3544179000007,1000.0,0.520309912432817,0.0
8261,1702270860000.0,0.0,0.0,0.13,2230.279333333334,0.0,0.0,2242.96,0.9413943126533779,1.0,1288.6194492133338,1000.0,1290.2679358800006,1000.0,0.22499762323960845,0.0
8262,1702274460000.0,0.0,0.0,0.07,2230.279333333334,0.0,0.0,2249.13,0.9413943126533779,1.0,1289.5675308533337,1000.0,1290.8870775200003,1000.0,0.12106349578298224,0.0
8263,1702278060000.0,0.0,0.0,0.06,2230.279333333334,0.0,0.0,2241.91,0.9413943126533779,1.0,1289.7255444600003,1000.0,1290.4233844600003,1000.0,0.10375599721569306,0.0
8264,1702281660000.0,0.0,0.0,0.05,2230.279333333334,0.0,0.0,2235.78,0.9413943126533779,1.0,1289.8835580666669,1000.0,1290.1585914000002,1000.0,0.0864527390625931,0.0
8265,1702285260000.0,0.0,0.0,0.03,2230.279333333334,0.0,0.0,2243.38,0.9413943126533779,1.0,1290.19958528,1000.0,1290.59260528,1000.0,0.05185893776696533,0.0
8266,1702288860000.0,0.0,0.0,0.02,2235.8562222222226,0.0,0.0,2252.95,0.9413943126533779,1.0,1290.5115383444445,1000.0,1290.8534139,1000.0,0.034650697119539595,0.0
8267,1702292460000.0,0.0,0.0,0.03,2241.5541481481487,0.0,0.0,2246.27,0.9413943126533779,1.0,1290.5070324444446,1000.0,1290.6485080000002,1000.0,0.05210868500039684,0.0
8268,1702296060000.0,0.0,0.0,0.03,2241.5541481481487,0.0,0.0,2250.4,0.9413943126533779,1.0,1290.5070324444446,1000.0,1290.772408,1000.0,0.05210868500039684,0.0
8269,1702299660000.0,0.0,0.0,0.03,2241.5541481481487,0.0,0.0,2244.13,0.9413943126533779,1.0,1290.5070324444446,1000.0,1290.5843080000002,1000.0,0.05210868500039684,0.0
8270,1702303260000.0,0.0,0.0,0.03,2241.5541481481487,0.0,0.0,2238.0,0.9413943126533779,1.0,1290.5070324444446,1000.0,1290.4004080000002,1000.0,0.05210868500039684,0.0
8271,1702306860000.0,0.0,0.0,0.03,2241.5541481481487,0.0,0.0,2221.65,0.9413943126533779,1.0,1290.5070324444446,1000.0,1289.909908,1000.0,0.05210868500039684,0.0
8272,1702310460000.0,0.0,0.0,0.03,2241.5541481481487,0.0,0.0,2222.9,0.9413943126533779,1.0,1290.5070324444446,1000.0,1289.9474080000002,1000.0,0.05210868500039684,0.0
8273,1702314060000.0,0.0,0.0,0.08,2211.007805555556,0.0,0.0,2218.23,0.9413943126533779,1.0,1290.4851056444445,1000.0,1291.0628812,1000.0,0.13706521963778384,0.0
8274,1702317660000.0,0.0,0.0,0.08,2211.007805555556,0.0,0.0,2195.89,0.9413943126533779,1.0,1290.4851056444445,1000.0,1289.2756812,1000.0,0.13706521963778384,0.0
8275,1702321260000.0,0.0,0.0,0.12,2178.0328383838387,0.0,0.0,2195.22,0.9413943126533779,1.0,1291.9684862860606,1000.0,1294.03094568,1000.0,0.2022990060364296,0.0
8276,1702324860000.0,0.0,0.0,0.12,2178.0328383838387,0.0,0.0,2188.0,0.9413943126533779,1.0,1291.9684862860606,1000.0,1293.16454568,1000.0,0.2022990060364296,0.0
8277,1702328460000.0,0.0,0.0,0.09,2178.0328383838387,0.0,0.0,2206.67,0.9413943126533779,1.0,1292.4316376745455,1000.0,1295.00898222,1000.0,0.1516698831415539,0.0
8278,1702332060000.0,0.0,0.0,0.04,2178.0328383838387,0.0,0.0,2218.99,0.9413943126533779,1.0,1294.380321255354,1000.0,1296.0186077200003,1000.0,0.06730735325986646,0.0
8279,1702335660000.0,0.0,0.0,0.03,2199.7190392817065,0.0,0.0,2223.59,0.9413943126533779,1.0,1295.4095057184516,1000.0,1296.1256345400004,1000.0,0.05094263311110364,0.0
8280,1702339260000.0,0.0,0.0,0.03,2199.7190392817065,0.0,0.0,2227.04,0.9413943126533779,1.0,1295.4095057184516,1000.0,1296.2291345400004,1000.0,0.05094263311110364,0.0
8281,1702342860000.0,0.0,0.0,0.0,2199.7190392817065,0.0,0.0,2231.08,0.9413943126533779,1.0,1296.5903973600005,1000.0,1296.5903973600005,1000.0,0.0,0.0
8282,1702346460000.0,0.0,0.0,0.0,2199.7190392817065,0.0,0.0,2238.32,0.9413943126533779,1.0,1296.5903973600005,1000.0,1296.5903973600005,1000.0,0.0,0.0
8283,1702350060000.0,0.0,0.0,0.0,2199.7190392817065,0.0,0.0,2235.61,0.9413943126533779,1.0,1296.5903973600005,1000.0,1296.5903973600005,1000.0,0.0,0.0
8284,1702353660000.0,0.0,0.0,0.0,2199.7190392817065,0.0,0.0,2233.0,0.9413943126533779,1.0,1296.5903973600005,1000.0,1296.5903973600005,1000.0,0.0,0.0
8285,1702357260000.0,0.0,0.0,0.03,2219.42,0.0,0.0,2220.75,0.9413943126533779,1.0,1296.5770808400005,1000.0,1296.6169808400005,1000.0,0.05135259675951066,0.0
8286,1702360860000.0,0.0,0.0,0.03,2219.42,0.0,0.0,2226.82,0.9413943126533779,1.0,1296.5770808400005,1000.0,1296.7990808400004,1000.0,0.05135259675951066,0.0
8287,1702364460000.0,0.0,0.0,0.03,2219.42,0.0,0.0,2228.82,0.9413943126533779,1.0,1296.5770808400005,1000.0,1296.8590808400004,1000.0,0.05135259675951066,0.0
8288,1702368060000.0,0.0,0.0,0.0,2219.42,0.0,0.0,2232.16,0.9413943126533779,1.0,1297.0487673000005,1000.0,1297.0487673000005,1000.0,0.0,0.0
8289,1702371660000.0,0.0,0.0,0.0,2219.42,0.0,0.0,2233.64,0.9413943126533779,1.0,1297.0487673000005,1000.0,1297.0487673000005,1000.0,0.0,0.0
8290,1702375260000.0,0.0,0.0,0.0,2219.42,0.0,0.0,2228.52,0.9413943126533779,1.0,1297.0487673000005,1000.0,1297.0487673000005,1000.0,0.0,0.0
8291,1702378860000.0,0.0,0.0,0.0,2219.42,0.0,0.0,2226.19,0.9413943126533779,1.0,1297.0487673000005,1000.0,1297.0487673000005,1000.0,0.0,0.0
8292,1702382460000.0,0.0,0.0,0.03,2217.32,0.0,0.0,2211.64,0.9413943126533779,1.0,1297.0354633800005,1000.0,1296.8650633800005,1000.0,0.05128587604432473,0.0
8293,1702386060000.0,0.0,0.0,0.03,2217.32,0.0,0.0,2228.41,0.9413943126533779,1.0,1297.0354633800005,1000.0,1297.3681633800004,1000.0,0.05128587604432473,0.0
8294,1702389660000.0,0.0,0.0,0.01,2217.32,0.0,0.0,2225.0,0.9413943126533779,1.0,1297.3497294600004,1000.0,1297.4265294600004,1000.0,0.017091150902871208,0.0
8295,1702393260000.0,0.0,0.0,0.03,2215.6200000000003,0.0,0.0,2208.56,0.9413943126533779,1.0,1297.3408703800003,1000.0,1297.1290703800003,1000.0,0.051234491657177875,0.0
8296,1702396860000.0,0.0,0.0,0.03,2215.6200000000003,0.0,0.0,2195.06,0.9413943126533779,1.0,1297.3408703800003,1000.0,1296.7240703800003,1000.0,0.051234491657177875,0.0
8297,1702400460000.0,0.0,0.0,0.03,2215.6200000000003,0.0,0.0,2190.25,0.9413943126533779,1.0,1297.3408703800003,1000.0,1296.5797703800004,1000.0,0.051234491657177875,0.0
8298,1702404060000.0,0.0,0.0,0.03,2215.6200000000003,0.0,0.0,2176.99,0.9413943126533779,1.0,1297.3408703800003,1000.0,1296.1819703800002,1000.0,0.051234491657177875,0.0
8299,1702407660000.0,0.0,0.0,0.03,2215.6200000000003,0.0,0.0,2189.61,0.9413943126533779,1.0,1297.3408703800003,1000.0,1296.5605703800004,1000.0,0.051234491657177875,0.0
8300,1702411260000.0,0.0,0.0,0.03,2215.6200000000003,0.0,0.0,2184.49,0.9413943126533779,1.0,1297.3408703800003,1000.0,1296.4069703800003,1000.0,0.051234491657177875,0.0
8301,1702414860000.0,0.0,0.0,0.03,2215.6200000000003,0.0,0.0,2189.29,0.9413943126533779,1.0,1297.3408703800003,1000.0,1296.5509703800003,1000.0,0.051234491657177875,0.0
8302,1702418460000.0,0.0,0.0,0.08,2185.45125,0.0,0.0,2176.65,0.9413943126533779,1.0,1297.3191968800004,1000.0,1296.6150968800005,1000.0,0.1347672187542385,0.0
8303,1702422060000.0,0.0,0.0,0.08,2185.45125,0.0,0.0,2190.66,0.9413943126533779,1.0,1297.3191968800004,1000.0,1297.7358968800004,1000.0,0.1347672187542385,0.0
8304,1702425660000.0,0.0,0.0,0.06,2185.45125,0.0,0.0,2203.03,0.9413943126533779,1.0,1297.6289663600003,1000.0,1298.6836913600002,1000.0,0.10105128538231282,0.0
8305,1702429260000.0,0.0,0.0,0.04,2185.45125,0.0,0.0,2204.2,0.9413943126533779,1.0,1297.9387358400002,1000.0,1298.68868584,1000.0,0.06735144547745144,0.0
8306,1702432860000.0,0.0,0.0,0.03,2185.45125,0.0,0.0,2180.8,0.9413943126533779,1.0,1298.09362058,1000.0,1297.9540830800001,1000.0,0.05050755697474702,0.0
8307,1702436460000.0,0.0,0.0,0.03,2185.45125,0.0,0.0,2174.16,0.9413943126533779,1.0,1298.09362058,1000.0,1297.7548830800001,1000.0,0.05050755697474702,0.0
8308,1702440060000.0,0.0,0.0,0.03,2185.45125,0.0,0.0,2167.29,0.9413943126533779,1.0,1298.09362058,1000.0,1297.54878308,1000.0,0.05050755697474702,0.0
8309,1702443660000.0,0.0,0.0,0.03,2185.45125,0.0,0.0,2168.84,0.9413943126533779,1.0,1298.09362058,1000.0,1297.5952830800002,1000.0,0.05050755697474702,0.0
8310,1702447260000.0,0.0,0.0,0.03,2185.45125,0.0,0.0,2175.35,0.9413943126533779,1.0,1298.09362058,1000.0,1297.79058308,1000.0,0.05050755697474702,0.0
8311,1702450860000.0,0.0,0.0,0.03,2185.45125,0.0,0.0,2158.73,0.9413943126533779,1.0,1298.09362058,1000.0,1297.2919830800001,1000.0,0.05050755697474702,0.0
8312,1702454460000.0,0.0,0.0,0.03,2185.45125,0.0,0.0,2174.81,0.9413943126533779,1.0,1298.09362058,1000.0,1297.77438308,1000.0,0.05050755697474702,0.0
8313,1702458060000.0,0.0,0.0,0.03,2185.45125,0.0,0.0,2185.4,0.9413943126533779,1.0,1298.09362058,1000.0,1298.09208308,1000.0,0.05050755697474702,0.0
8314,1702461660000.0,0.0,0.0,0.03,2185.45125,0.0,0.0,2178.43,0.9413943126533779,1.0,1298.09362058,1000.0,1297.88298308,1000.0,0.05050755697474702,0.0
8315,1702465260000.0,0.0,0.0,0.03,2185.45125,0.0,0.0,2181.18,0.9413943126533779,1.0,1298.09362058,1000.0,1297.96548308,1000.0,0.05050755697474702,0.0
8316,1702468860000.0,0.0,0.0,0.03,2185.45125,0.0,0.0,2173.58,0.9413943126533779,1.0,1298.09362058,1000.0,1297.7374830800002,1000.0,0.05050755697474702,0.0
8317,1702472460000.0,0.0,0.0,0.03,2185.45125,0.0,0.0,2185.0,0.9413943126533779,1.0,1298.09362058,1000.0,1298.0800830800001,1000.0,0.05050755697474702,0.0
8318,1702476060000.0,0.0,0.0,0.03,2185.45125,0.0,0.0,2191.78,0.9413943126533779,1.0,1298.09362058,1000.0,1298.2834830800002,1000.0,0.05050755697474702,0.0
8319,1702479660000.0,0.0,0.0,0.03,2185.45125,0.0,0.0,2196.14,0.9413943126533779,1.0,1298.09362058,1000.0,1298.4142830800001,1000.0,0.05050755697474702,0.0
8320,1702483260000.0,0.0,0.0,0.0,2185.45125,0.0,0.0,2219.41,0.9413943126533779,1.0,1298.79442756,1000.0,1298.79442756,1000.0,0.0,0.0
8321,1702486860000.0,0.0,0.0,0.0,2185.45125,0.0,0.0,2206.98,0.9413943126533779,1.0,1298.79442756,1000.0,1298.79442756,1000.0,0.0,0.0
8322,1702490460000.0,0.0,0.0,0.0,2185.45125,0.0,0.0,2215.38,0.9413943126533779,1.0,1298.79442756,1000.0,1298.79442756,1000.0,0.0,0.0
8323,1702494060000.0,0.0,0.0,0.0,2185.45125,0.0,0.0,2226.2,0.9413943126533779,1.0,1298.79442756,1000.0,1298.79442756,1000.0,0.0,0.0
8324,1702497660000.0,0.0,0.0,0.0,2185.45125,0.0,0.0,2255.98,0.9413943126533779,1.0,1298.79442756,1000.0,1298.79442756,1000.0,0.0,0.0
8325,1702501260000.0,0.0,0.0,0.0,2185.45125,0.0,0.0,2259.22,0.9413943126533779,1.0,1298.79442756,1000.0,1298.79442756,1000.0,0.0,0.0
8326,1702504860000.0,0.0,0.0,0.0,2185.45125,0.0,0.0,2269.1,0.9413943126533779,1.0,1298.79442756,1000.0,1298.79442756,1000.0,0.0,0.0
8327,1702508460000.0,0.0,0.0,0.0,2185.45125,0.0,0.0,2262.33,0.9413943126533779,1.0,1298.79442756,1000.0,1298.79442756,1000.0,0.0,0.0
8328,1702512060000.0,0.0,0.0,0.0,2185.45125,0.0,0.0,2260.73,0.9413943126533779,1.0,1298.79442756,1000.0,1298.79442756,1000.0,0.0,0.0
8329,1702515660000.0,0.0,0.0,0.0,2185.45125,0.0,0.0,2259.29,0.9413943126533779,1.0,1298.79442756,1000.0,1298.79442756,1000.0,0.0,0.0
8330,1702519260000.0,0.0,0.0,0.0,2185.45125,0.0,0.0,2253.52,0.9413943126533779,1.0,1298.79442756,1000.0,1298.79442756,1000.0,0.0,0.0
8331,1702522860000.0,0.0,0.0,0.0,2185.45125,0.0,0.0,2255.4,0.9413943126533779,1.0,1298.79442756,1000.0,1298.79442756,1000.0,0.0,0.0
8332,1702526460000.0,0.0,0.0,0.0,2185.45125,0.0,0.0,2253.87,0.9413943126533779,1.0,1298.79442756,1000.0,1298.79442756,1000.0,0.0,0.0
8333,1702530060000.0,0.0,0.0,0.0,2185.45125,0.0,0.0,2249.2,0.9413943126533779,1.0,1298.79442756,1000.0,1298.79442756,1000.0,0.0,0.0
8334,1702533660000.0,0.0,0.0,0.0,2185.45125,0.0,0.0,2260.37,0.9413943126533779,1.0,1298.79442756,1000.0,1298.79442756,1000.0,0.0,0.0
8335,1702537260000.0,0.0,0.0,0.0,2185.45125,0.0,0.0,2282.41,0.9413943126533779,1.0,1298.79442756,1000.0,1298.79442756,1000.0,0.0,0.0
8336,1702540860000.0,0.0,0.0,0.0,2185.45125,0.0,0.0,2284.38,0.9413943126533779,1.0,1298.79442756,1000.0,1298.79442756,1000.0,0.0,0.0
8337,1702544460000.0,0.0,0.0,0.0,2185.45125,0.0,0.0,2274.99,0.9413943126533779,1.0,1298.79442756,1000.0,1298.79442756,1000.0,0.0,0.0
8338,1702548060000.0,0.0,0.0,0.0,2185.45125,0.0,0.0,2285.61,0.9413943126533779,1.0,1298.79442756,1000.0,1298.79442756,1000.0,0.0,0.0
8339,1702551660000.0,0.0,0.0,0.0,2185.45125,0.0,0.0,2288.72,0.9413943126533779,1.0,1298.79442756,1000.0,1298.79442756,1000.0,0.0,0.0
8340,1702555260000.0,0.0,0.0,0.0,2185.45125,0.0,0.0,2315.71,0.9413943126533779,1.0,1298.79442756,1000.0,1298.79442756,1000.0,0.0,0.0
8341,1702558860000.0,0.0,0.0,0.0,2185.45125,0.0,0.0,2302.7,0.9413943126533779,1.0,1298.79442756,1000.0,1298.79442756,1000.0,0.0,0.0
8342,1702562460000.0,0.0,0.0,0.02,2247.04,0.0,0.0,2276.04,0.9413943126533779,1.0,1298.94021848,1000.0,1299.52021848,1000.0,0.034598051057799284,0.0
8343,1702566060000.0,0.0,0.0,0.0,2247.04,0.0,0.0,2288.0,0.9413943126533779,1.0,1299.74446764,1000.0,1299.74446764,1000.0,0.0,0.0
8344,1702569660000.0,0.0,0.0,0.0,2247.04,0.0,0.0,2279.78,0.9413943126533779,1.0,1299.74446764,1000.0,1299.74446764,1000.0,0.0,0.0
8345,1702573260000.0,0.0,0.0,0.0,2247.04,0.0,0.0,2284.5,0.9413943126533779,1.0,1299.74446764,1000.0,1299.74446764,1000.0,0.0,0.0
8346,1702576860000.0,0.0,0.0,0.0,2247.04,0.0,0.0,2302.65,0.9413943126533779,1.0,1299.74446764,1000.0,1299.74446764,1000.0,0.0,0.0
8347,1702580460000.0,0.0,0.0,0.0,2247.04,0.0,0.0,2289.42,0.9413943126533779,1.0,1299.74446764,1000.0,1299.74446764,1000.0,0.0,0.0
8348,1702584060000.0,0.0,0.0,0.0,2247.04,0.0,0.0,2293.23,0.9413943126533779,1.0,1299.74446764,1000.0,1299.74446764,1000.0,0.0,0.0
8349,1702587660000.0,0.0,0.0,0.0,2247.04,0.0,0.0,2292.06,0.9413943126533779,1.0,1299.74446764,1000.0,1299.74446764,1000.0,0.0,0.0
8350,1702591260000.0,0.0,0.0,0.0,2247.04,0.0,0.0,2299.23,0.9413943126533779,1.0,1299.74446764,1000.0,1299.74446764,1000.0,0.0,0.0
8351,1702594860000.0,0.0,0.0,0.0,2247.04,0.0,0.0,2317.63,0.9413943126533779,1.0,1299.74446764,1000.0,1299.74446764,1000.0,0.0,0.0
8352,1702598460000.0,0.0,0.0,0.0,2247.04,0.0,0.0,2316.93,0.9413943126533779,1.0,1299.74446764,1000.0,1299.74446764,1000.0,0.0,0.0
8353,1702602060000.0,0.0,0.0,0.0,2247.04,0.0,0.0,2301.37,0.9413943126533779,1.0,1299.74446764,1000.0,1299.74446764,1000.0,0.0,0.0
8354,1702605660000.0,0.0,0.0,0.0,2247.04,0.0,0.0,2300.38,0.9413943126533779,1.0,1299.74446764,1000.0,1299.74446764,1000.0,0.0,0.0
8355,1702609260000.0,0.0,0.0,0.0,2247.04,0.0,0.0,2288.2,0.9413943126533779,1.0,1299.74446764,1000.0,1299.74446764,1000.0,0.0,0.0
8356,1702612860000.0,0.0,0.0,0.0,2247.04,0.0,0.0,2283.64,0.9413943126533779,1.0,1299.74446764,1000.0,1299.74446764,1000.0,0.0,0.0
8357,1702616460000.0,0.0,0.0,0.0,2247.04,0.0,0.0,2281.19,0.9413943126533779,1.0,1299.74446764,1000.0,1299.74446764,1000.0,0.0,0.0
8358,1702620060000.0,0.0,0.0,0.03,2273.17,0.0,0.0,2267.51,0.9413943126533779,1.0,1299.73082862,1000.0,1299.5610286200001,1000.0,0.05246863311875637,0.0
8359,1702623660000.0,0.0,0.0,0.03,2273.17,0.0,0.0,2262.74,0.9413943126533779,1.0,1299.73082862,1000.0,1299.41792862,1000.0,0.05246863311875637,0.0
8360,1702627260000.0,0.0,0.0,0.03,2273.17,0.0,0.0,2273.85,0.9413943126533779,1.0,1299.73082862,1000.0,1299.75122862,1000.0,0.05246863311875637,0.0
8361,1702630860000.0,0.0,0.0,0.03,2273.17,0.0,0.0,2277.0,0.9413943126533779,1.0,1299.73082862,1000.0,1299.84572862,1000.0,0.05246863311875637,0.0
8362,1702634460000.0,0.0,0.0,0.03,2273.17,0.0,0.0,2278.31,0.9413943126533779,1.0,1299.73082862,1000.0,1299.88502862,1000.0,0.05246863311875637,0.0
8363,1702638060000.0,0.0,0.0,0.03,2273.17,0.0,0.0,2280.79,0.9413943126533779,1.0,1299.73082862,1000.0,1299.95942862,1000.0,0.05246863311875637,0.0
8364,1702641660000.0,0.0,0.0,0.03,2273.17,0.0,0.0,2275.16,0.9413943126533779,1.0,1299.73082862,1000.0,1299.79052862,1000.0,0.05246863311875637,0.0
8365,1702645260000.0,0.0,0.0,0.03,2273.17,0.0,0.0,2257.62,0.9413943126533779,1.0,1299.73082862,1000.0,1299.26432862,1000.0,0.05246863311875637,0.0
8366,1702648860000.0,0.0,0.0,0.03,2273.17,0.0,0.0,2251.43,0.9413943126533779,1.0,1299.73082862,1000.0,1299.07862862,1000.0,0.05246863311875637,0.0
8367,1702652460000.0,0.0,0.0,0.03,2273.17,0.0,0.0,2243.76,0.9413943126533779,1.0,1299.73082862,1000.0,1298.84852862,1000.0,0.05246863311875637,0.0
8368,1702656060000.0,0.0,0.0,0.03,2273.17,0.0,0.0,2231.59,0.9413943126533779,1.0,1299.73082862,1000.0,1298.48342862,1000.0,0.05246863311875637,0.0
8369,1702659660000.0,0.0,0.0,0.03,2273.17,0.0,0.0,2239.73,0.9413943126533779,1.0,1299.73082862,1000.0,1298.72762862,1000.0,0.05246863311875637,0.0
8370,1702663260000.0,0.0,0.0,0.03,2273.17,0.0,0.0,2232.68,0.9413943126533779,1.0,1299.73082862,1000.0,1298.51612862,1000.0,0.05246863311875637,0.0
8371,1702666860000.0,0.0,0.0,0.03,2273.17,0.0,0.0,2245.24,0.9413943126533779,1.0,1299.73082862,1000.0,1298.89292862,1000.0,0.05246863311875637,0.0
8372,1702670460000.0,0.0,0.0,0.03,2273.17,0.0,0.0,2242.07,0.9413943126533779,1.0,1299.73082862,1000.0,1298.79782862,1000.0,0.05246863311875637,0.0
8373,1702674060000.0,0.0,0.0,0.03,2273.17,0.0,0.0,2251.65,0.9413943126533779,1.0,1299.73082862,1000.0,1299.08522862,1000.0,0.05246863311875637,0.0
8374,1702677660000.0,0.0,0.0,0.03,2273.17,0.0,0.0,2245.69,0.9413943126533779,1.0,1299.73082862,1000.0,1298.90642862,1000.0,0.05246863311875637,0.0
8375,1702681260000.0,0.0,0.0,0.03,2273.17,0.0,0.0,2233.34,0.9413943126533779,1.0,1299.73082862,1000.0,1298.53592862,1000.0,0.05246863311875637,0.0
8376,1702684860000.0,0.0,0.0,0.08,2242.1825,0.0,0.0,2226.71,0.9413943126533779,1.0,1299.70859272,1000.0,1298.4707927200002,1000.0,0.13801139809702187,0.0
8377,1702688460000.0,0.0,0.0,0.08,2242.1825,0.0,0.0,2230.85,0.9413943126533779,1.0,1299.70859272,1000.0,1298.80199272,1000.0,0.13801139809702187,0.0
8378,1702692060000.0,0.0,0.0,0.08,2242.1825,0.0,0.0,2243.03,0.9413943126533779,1.0,1299.70859272,1000.0,1299.77639272,1000.0,0.13801139809702187,0.0
8379,1702695660000.0,0.0,0.0,0.08,2242.1825,0.0,0.0,2249.01,0.9413943126533779,1.0,1299.70859272,1000.0,1300.25479272,1000.0,0.13801139809702187,0.0
8380,1702699260000.0,0.0,0.0,0.05,2242.1825,0.0,0.0,2254.84,0.9413943126533779,1.0,1300.1851666,1000.0,1300.8180416,1000.0,0.08622550685850904,0.0
8381,1702702860000.0,0.0,0.0,0.05,2242.1825,0.0,0.0,2252.23,0.9413943126533779,1.0,1300.1851666,1000.0,1300.6875416,1000.0,0.08622550685850904,0.0
8382,1702706460000.0,0.0,0.0,0.05,2242.1825,0.0,0.0,2250.27,0.9413943126533779,1.0,1300.1851666,1000.0,1300.5895416,1000.0,0.08622550685850904,0.0
8383,1702710060000.0,0.0,0.0,0.05,2242.1825,0.0,0.0,2244.15,0.9413943126533779,1.0,1300.1851666,1000.0,1300.2835416,1000.0,0.08622550685850904,0.0
8384,1702713660000.0,0.0,0.0,0.05,2242.1825,0.0,0.0,2242.91,0.9413943126533779,1.0,1300.1851666,1000.0,1300.2215416,1000.0,0.08622550685850904,0.0
8385,1702717260000.0,0.0,0.0,0.05,2242.1825,0.0,0.0,2247.6,0.9413943126533779,1.0,1300.1851666,1000.0,1300.4560416,1000.0,0.08622550685850904,0.0
8386,1702720860000.0,0.0,0.0,0.05,2242.1825,0.0,0.0,2247.91,0.9413943126533779,1.0,1300.1851666,1000.0,1300.4715416,1000.0,0.08622550685850904,0.0
8387,1702724460000.0,0.0,0.0,0.05,2242.1825,0.0,0.0,2251.0,0.9413943126533779,1.0,1300.1851666,1000.0,1300.6260416,1000.0,0.08622550685850904,0.0
8388,1702728060000.0,0.0,0.0,0.05,2242.1825,0.0,0.0,2254.42,0.9413943126533779,1.0,1300.1851666,1000.0,1300.7970416,1000.0,0.08622550685850904,0.0
8389,1702731660000.0,0.0,0.0,0.03,2242.1825,0.0,0.0,2257.6,0.9413943126533779,1.0,1300.50288252,1000.0,1300.9654075199999,1000.0,0.05172266505834949,0.0
8390,1702735260000.0,0.0,0.0,0.0,2242.1825,0.0,0.0,2248.19,0.9413943126533779,1.0,1300.9794564,1000.0,1300.9794564,1000.0,0.0,0.0
8391,1702738860000.0,0.0,0.0,0.0,2242.1825,0.0,0.0,2251.9,0.9413943126533779,1.0,1300.9794564,1000.0,1300.9794564,1000.0,0.0,0.0
8392,1702742460000.0,0.0,0.0,0.0,2242.1825,0.0,0.0,2256.28,0.9413943126533779,1.0,1300.9794564,1000.0,1300.9794564,1000.0,0.0,0.0
8393,1702746060000.0,0.0,0.0,0.0,2242.1825,0.0,0.0,2253.15,0.9413943126533779,1.0,1300.9794564,1000.0,1300.9794564,1000.0,0.0,0.0
8394,1702749660000.0,0.0,0.0,0.0,2242.1825,0.0,0.0,2250.11,0.9413943126533779,1.0,1300.9794564,1000.0,1300.9794564,1000.0,0.0,0.0
8395,1702753260000.0,0.0,0.0,0.03,2237.24,0.0,0.0,2245.21,0.9413943126533779,1.0,1300.96603296,1000.0,1301.20513296,1000.0,0.05159027853117178,0.0
8396,1702756860000.0,0.0,0.0,0.03,2237.24,0.0,0.0,2238.0,0.9413943126533779,1.0,1300.96603296,1000.0,1300.9888329599999,1000.0,0.05159027853117178,0.0
8397,1702760460000.0,0.0,0.0,0.03,2237.24,0.0,0.0,2239.72,0.9413943126533779,1.0,1300.96603296,1000.0,1301.0404329599999,1000.0,0.05159027853117178,0.0
8398,1702764060000.0,0.0,0.0,0.03,2237.24,0.0,0.0,2233.52,0.9413943126533779,1.0,1300.96603296,1000.0,1300.85443296,1000.0,0.05159027853117178,0.0
8399,1702767660000.0,0.0,0.0,0.03,2237.24,0.0,0.0,2229.64,0.9413943126533779,1.0,1300.96603296,1000.0,1300.7380329599998,1000.0,0.05159027853117178,0.0
8400,1702771260000.0,0.0,0.0,0.03,2237.24,0.0,0.0,2230.63,0.9413943126533779,1.0,1300.96603296,1000.0,1300.7677329599999,1000.0,0.05159027853117178,0.0
8401,1702774860000.0,0.0,0.0,0.03,2237.24,0.0,0.0,2223.71,0.9413943126533779,1.0,1300.96603296,1000.0,1300.56013296,1000.0,0.05159027853117178,0.0
8402,1702778460000.0,0.0,0.0,0.03,2237.24,0.0,0.0,2223.3,0.9413943126533779,1.0,1300.96603296,1000.0,1300.5478329599998,1000.0,0.05159027853117178,0.0
8403,1702782060000.0,0.0,0.0,0.03,2237.24,0.0,0.0,2217.88,0.9413943126533779,1.0,1300.96603296,1000.0,1300.38523296,1000.0,0.05159027853117178,0.0
8404,1702785660000.0,0.0,0.0,0.03,2237.24,0.0,0.0,2219.14,0.9413943126533779,1.0,1300.96603296,1000.0,1300.42303296,1000.0,0.05159027853117178,0.0
8405,1702789260000.0,0.0,0.0,0.03,2237.24,0.0,0.0,2222.91,0.9413943126533779,1.0,1300.96603296,1000.0,1300.5361329599998,1000.0,0.05159027853117178,0.0
8406,1702792860000.0,0.0,0.0,0.03,2237.24,0.0,0.0,2215.19,0.9413943126533779,1.0,1300.96603296,1000.0,1300.30453296,1000.0,0.05159027853117178,0.0
8407,1702796460000.0,0.0,0.0,0.03,2237.24,0.0,0.0,2217.56,0.9413943126533779,1.0,1300.96603296,1000.0,1300.3756329599998,1000.0,0.05159027853117178,0.0
8408,1702800060000.0,0.0,0.0,0.03,2237.24,0.0,0.0,2210.22,0.9413943126533779,1.0,1300.96603296,1000.0,1300.1554329599999,1000.0,0.05159027853117178,0.0
8409,1702803660000.0,0.0,0.0,0.03,2237.24,0.0,0.0,2217.34,0.9413943126533779,1.0,1300.96603296,1000.0,1300.36903296,1000.0,0.05159027853117178,0.0
8410,1702807260000.0,0.0,0.0,0.03,2237.24,0.0,0.0,2218.8,0.9413943126533779,1.0,1300.96603296,1000.0,1300.4128329599998,1000.0,0.05159027853117178,0.0
8411,1702810860000.0,0.0,0.0,0.03,2237.24,0.0,0.0,2214.05,0.9413943126533779,1.0,1300.96603296,1000.0,1300.27033296,1000.0,0.05159027853117178,0.0
8412,1702814460000.0,0.0,0.0,0.03,2237.24,0.0,0.0,2216.19,0.9413943126533779,1.0,1300.96603296,1000.0,1300.33453296,1000.0,0.05159027853117178,0.0
8413,1702818060000.0,0.0,0.0,0.03,2237.24,0.0,0.0,2219.54,0.9413943126533779,1.0,1300.96603296,1000.0,1300.43503296,1000.0,0.05159027853117178,0.0
8414,1702821660000.0,0.0,0.0,0.03,2237.24,0.0,0.0,2211.39,0.9413943126533779,1.0,1300.96603296,1000.0,1300.19053296,1000.0,0.05159027853117178,0.0
8415,1702825260000.0,0.0,0.0,0.03,2237.24,0.0,0.0,2210.97,0.9413943126533779,1.0,1300.96603296,1000.0,1300.17793296,1000.0,0.05159027853117178,0.0
8416,1702828860000.0,0.0,0.0,0.03,2237.24,0.0,0.0,2220.12,0.9413943126533779,1.0,1300.96603296,1000.0,1300.45243296,1000.0,0.05159027853117178,0.0
8417,1702832460000.0,0.0,0.0,0.03,2237.24,0.0,0.0,2237.7,0.9413943126533779,1.0,1300.96603296,1000.0,1300.9798329599998,1000.0,0.05159027853117178,0.0
8418,1702836060000.0,0.0,0.0,0.03,2237.24,0.0,0.0,2228.74,0.9413943126533779,1.0,1300.96603296,1000.0,1300.7110329599998,1000.0,0.05159027853117178,0.0
8419,1702839660000.0,0.0,0.0,0.03,2237.24,0.0,0.0,2233.79,0.9413943126533779,1.0,1300.96603296,1000.0,1300.86253296,1000.0,0.05159027853117178,0.0
8420,1702843260000.0,0.0,0.0,0.03,2237.24,0.0,0.0,2237.97,0.9413943126533779,1.0,1300.96603296,1000.0,1300.9879329599999,1000.0,0.05159027853117178,0.0
8421,1702846860000.0,0.0,0.0,0.03,2237.24,0.0,0.0,2246.29,0.9413943126533779,1.0,1300.96603296,1000.0,1301.23753296,1000.0,0.05159027853117178,0.0
8422,1702850460000.0,0.0,0.0,0.03,2237.24,0.0,0.0,2241.21,0.9413943126533779,1.0,1300.96603296,1000.0,1301.08513296,1000.0,0.05159027853117178,0.0
8423,1702854060000.0,0.0,0.0,0.03,2237.24,0.0,0.0,2217.86,0.9413943126533779,1.0,1300.96603296,1000.0,1300.3846329599999,1000.0,0.05159027853117178,0.0
8424,1702857660000.0,0.0,0.0,0.03,2237.24,0.0,0.0,2200.91,0.9413943126533779,1.0,1300.96603296,1000.0,1299.87613296,1000.0,0.05159027853117178,0.0
8425,1702861260000.0,0.0,0.0,0.03,2237.24,0.0,0.0,2195.09,0.9413943126533779,1.0,1300.96603296,1000.0,1299.70153296,1000.0,0.05159027853117178,0.0
8426,1702864860000.0,0.0,0.0,0.08,2206.765,0.0,0.0,2174.98,0.9413943126533779,1.0,1300.94414816,1000.0,1298.40134816,1000.0,0.13570236681543352,0.0
8427,1702868460000.0,0.0,0.0,0.08,2206.765,0.0,0.0,2170.78,0.9413943126533779,1.0,1300.94414816,1000.0,1298.06534816,1000.0,0.13570236681543352,0.0
8428,1702872060000.0,0.0,0.0,0.08,2206.765,0.0,0.0,2176.46,0.9413943126533779,1.0,1300.94414816,1000.0,1298.51974816,1000.0,0.13570236681543352,0.0
8429,1702875660000.0,0.0,0.0,0.08,2206.765,0.0,0.0,2174.49,0.9413943126533779,1.0,1300.94414816,1000.0,1298.3621481599998,1000.0,0.13570236681543352,0.0
8430,1702879260000.0,0.0,0.0,0.08,2206.765,0.0,0.0,2168.7,0.9413943126533779,1.0,1300.94414816,1000.0,1297.89894816,1000.0,0.13570236681543352,0.0
8431,1702882860000.0,0.0,0.0,0.08,2206.765,0.0,0.0,2181.61,0.9413943126533779,1.0,1300.94414816,1000.0,1298.9317481599999,1000.0,0.13570236681543352,0.0
8432,1702886460000.0,0.0,0.0,0.08,2206.765,0.0,0.0,2170.51,0.9413943126533779,1.0,1300.94414816,1000.0,1298.04374816,1000.0,0.13570236681543352,0.0
8433,1702890060000.0,0.0,0.0,0.08,2206.765,0.0,0.0,2172.5,0.9413943126533779,1.0,1300.94414816,1000.0,1298.20294816,1000.0,0.13570236681543352,0.0
8434,1702893660000.0,0.0,0.0,0.22,2173.887272727273,0.0,0.0,2160.13,0.9413943126533779,1.0,1300.88380536,1000.0,1297.85720536,1000.0,0.36763867612884155,0.0
8435,1702897260000.0,0.0,0.0,0.22,2173.887272727273,0.0,0.0,2134.46,0.9413943126533779,1.0,1300.88380536,1000.0,1292.20980536,1000.0,0.36763867612884155,0.0
8436,1702900860000.0,0.0,0.0,0.22,2173.887272727273,0.0,0.0,2142.6,0.9413943126533779,1.0,1300.88380536,1000.0,1294.00060536,1000.0,0.36763867612884155,0.0
8437,1702904460000.0,0.0,0.0,0.22,2173.887272727273,0.0,0.0,2130.73,0.9413943126533779,1.0,1300.88380536,1000.0,1291.38920536,1000.0,0.36763867612884155,0.0
8438,1702908060000.0,0.0,0.0,0.22,2173.887272727273,0.0,0.0,2157.28,0.9413943126533779,1.0,1300.88380536,1000.0,1297.2302053600001,1000.0,0.36763867612884155,0.0
8439,1702911660000.0,0.0,0.0,0.22,2173.887272727273,0.0,0.0,2169.8,0.9413943126533779,1.0,1300.88380536,1000.0,1299.98460536,1000.0,0.36763867612884155,0.0
8440,1702915260000.0,0.0,0.0,0.22,2173.887272727273,0.0,0.0,2156.61,0.9413943126533779,1.0,1300.88380536,1000.0,1297.08280536,1000.0,0.36763867612884155,0.0
8441,1702918860000.0,0.0,0.0,0.22,2173.887272727273,0.0,0.0,2163.77,0.9413943126533779,1.0,1300.88380536,1000.0,1298.65800536,1000.0,0.36763867612884155,0.0
8442,1702922460000.0,0.0,0.0,0.22,2173.887272727273,0.0,0.0,2162.79,0.9413943126533779,1.0,1300.88380536,1000.0,1298.44240536,1000.0,0.36763867612884155,0.0
8443,1702926060000.0,0.0,0.0,0.22,2173.887272727273,0.0,0.0,2173.21,0.9413943126533779,1.0,1300.88380536,1000.0,1300.7348053599999,1000.0,0.36763867612884155,0.0
8444,1702929660000.0,0.0,0.0,0.22,2173.887272727273,0.0,0.0,2181.04,0.9413943126533779,1.0,1300.88380536,1000.0,1302.45740536,1000.0,0.36763867612884155,0.0
8445,1702933260000.0,0.0,0.0,0.22,2173.887272727273,0.0,0.0,2186.72,0.9413943126533779,1.0,1300.88380536,1000.0,1303.70700536,1000.0,0.36763867612884155,0.0
8446,1702936860000.0,0.0,0.0,0.09,2173.887272727273,0.0,0.0,2218.64,0.9413943126533779,1.0,1305.2359569254545,1000.0,1309.26370238,1000.0,0.14989615747815982,0.0
8447,1702940460000.0,0.0,0.0,0.09,2173.887272727273,0.0,0.0,2219.27,0.9413943126533779,1.0,1305.2359569254545,1000.0,1309.32040238,1000.0,0.14989615747815982,0.0
8448,1702944060000.0,0.0,0.0,0.09,2173.887272727273,0.0,0.0,2218.98,0.9413943126533779,1.0,1305.2359569254545,1000.0,1309.2943023799999,1000.0,0.14989615747815982,0.0
8449,1702947660000.0,0.0,0.0,0.09,2173.887272727273,0.0,0.0,2215.15,0.9413943126533779,1.0,1305.2359569254545,1000.0,1308.94960238,1000.0,0.14989615747815982,0.0
8450,1702951260000.0,0.0,0.0,0.04,2173.887272727273,0.0,0.0,2245.18,0.9413943126533779,1.0,1308.3557259890908,1000.0,1311.2074350799999,1000.0,0.0664616580810653,0.0
8451,1702954860000.0,0.0,0.0,0.01,2173.887272727273,0.0,0.0,2234.07,0.9413943126533779,1.0,1310.2275874272725,1000.0,1310.8294146999997,1000.0,0.0165916768474999,0.0
8452,1702958460000.0,0.0,0.0,0.0,2173.887272727273,0.0,0.0,2239.96,0.9413943126533779,1.0,1310.8515412399997,1000.0,1310.8515412399997,1000.0,0.0,0.0
8453,1702962060000.0,0.0,0.0,0.0,2173.887272727273,0.0,0.0,2237.84,0.9413943126533779,1.0,1310.8515412399997,1000.0,1310.8515412399997,1000.0,0.0,0.0
8454,1702965660000.0,0.0,0.0,0.0,2173.887272727273,0.0,0.0,2244.1,0.9413943126533779,1.0,1310.8515412399997,1000.0,1310.8515412399997,1000.0,0.0,0.0
8455,1702969260000.0,0.0,0.0,0.0,2173.887272727273,0.0,0.0,2246.15,0.9413943126533779,1.0,1310.8515412399997,1000.0,1310.8515412399997,1000.0,0.0,0.0
8456,1702972860000.0,0.0,0.0,0.0,2173.887272727273,0.0,0.0,2248.2,0.9413943126533779,1.0,1310.8515412399997,1000.0,1310.8515412399997,1000.0,0.0,0.0
8457,1702976460000.0,0.0,0.0,0.0,2173.887272727273,0.0,0.0,2247.37,0.9413943126533779,1.0,1310.8515412399997,1000.0,1310.8515412399997,1000.0,0.0,0.0
8458,1702980060000.0,0.0,0.0,0.0,2173.887272727273,0.0,0.0,2245.95,0.9413943126533779,1.0,1310.8515412399997,1000.0,1310.8515412399997,1000.0,0.0,0.0
8459,1702983660000.0,0.0,0.0,0.0,2173.887272727273,0.0,0.0,2242.79,0.9413943126533779,1.0,1310.8515412399997,1000.0,1310.8515412399997,1000.0,0.0,0.0
8460,1702987260000.0,0.0,0.0,0.0,2173.887272727273,0.0,0.0,2240.21,0.9413943126533779,1.0,1310.8515412399997,1000.0,1310.8515412399997,1000.0,0.0,0.0
8461,1702990860000.0,0.0,0.0,0.0,2173.887272727273,0.0,0.0,2236.61,0.9413943126533779,1.0,1310.8515412399997,1000.0,1310.8515412399997,1000.0,0.0,0.0
8462,1702994460000.0,0.0,0.0,0.0,2173.887272727273,0.0,0.0,2227.18,0.9413943126533779,1.0,1310.8515412399997,1000.0,1310.8515412399997,1000.0,0.0,0.0
8463,1702998060000.0,0.0,0.0,0.03,2211.76,0.0,0.0,2183.4,0.9413943126533779,1.0,1310.8382706799998,1000.0,1309.98747068,1000.0,0.05061860145842352,0.0
8464,1703001660000.0,0.0,0.0,0.03,2211.76,0.0,0.0,2189.91,0.9413943126533779,1.0,1310.8382706799998,1000.0,1310.1827706799997,1000.0,0.05061860145842352,0.0
8465,1703005260000.0,0.0,0.0,0.03,2211.76,0.0,0.0,2180.11,0.9413943126533779,1.0,1310.8382706799998,1000.0,1309.8887706799999,1000.0,0.05061860145842352,0.0
8466,1703008860000.0,0.0,0.0,0.08,2181.66,0.0,0.0,2142.81,0.9413943126533779,1.0,1310.8166346799999,1000.0,1307.70863468,1000.0,0.1331481424498457,0.0
8467,1703012460000.0,0.0,0.0,0.08,2181.66,0.0,0.0,2171.21,0.9413943126533779,1.0,1310.8166346799999,1000.0,1309.9806346799999,1000.0,0.1331481424498457,0.0
8468,1703016060000.0,0.0,0.0,0.08,2181.66,0.0,0.0,2175.63,0.9413943126533779,1.0,1310.8166346799999,1000.0,1310.33423468,1000.0,0.1331481424498457,0.0
8469,1703019660000.0,0.0,0.0,0.08,2181.66,0.0,0.0,2175.79,0.9413943126533779,1.0,1310.8166346799999,1000.0,1310.34703468,1000.0,0.1331481424498457,0.0
8470,1703023260000.0,0.0,0.0,0.08,2181.66,0.0,0.0,2184.05,0.9413943126533779,1.0,1310.8166346799999,1000.0,1311.0078346799999,1000.0,0.1331481424498457,0.0
8471,1703026860000.0,0.0,0.0,0.08,2181.66,0.0,0.0,2177.0,0.9413943126533779,1.0,1310.8166346799999,1000.0,1310.4438346799998,1000.0,0.1331481424498457,0.0
8472,1703030460000.0,0.0,0.0,0.08,2181.66,0.0,0.0,2179.88,0.9413943126533779,1.0,1310.8166346799999,1000.0,1310.67423468,1000.0,0.1331481424498457,0.0
8473,1703034060000.0,0.0,0.0,0.08,2181.66,0.0,0.0,2187.04,0.9413943126533779,1.0,1310.8166346799999,1000.0,1311.2470346799998,1000.0,0.1331481424498457,0.0
8474,1703037660000.0,0.0,0.0,0.08,2181.66,0.0,0.0,2177.59,0.9413943126533779,1.0,1310.8166346799999,1000.0,1310.49103468,1000.0,0.1331481424498457,0.0
8475,1703041260000.0,0.0,0.0,0.08,2181.66,0.0,0.0,2186.43,0.9413943126533779,1.0,1310.8166346799999,1000.0,1311.1982346799998,1000.0,0.1331481424498457,0.0
8476,1703044860000.0,0.0,0.0,0.08,2181.66,0.0,0.0,2186.53,0.9413943126533779,1.0,1310.8166346799999,1000.0,1311.2062346799999,1000.0,0.1331481424498457,0.0
8477,1703048460000.0,0.0,0.0,0.05,2181.66,0.0,0.0,2214.48,0.9413943126533779,1.0,1311.2804493200001,1000.0,1312.9214493200002,1000.0,0.08318815403414878,0.0
8478,1703052060000.0,0.0,0.0,0.05,2181.66,0.0,0.0,2210.59,0.9413943126533779,1.0,1311.2804493200001,1000.0,1312.7269493200001,1000.0,0.08318815403414878,0.0
8479,1703055660000.0,0.0,0.0,0.02,2181.66,0.0,0.0,2206.03,0.9413943126533779,1.0,1312.4515224800004,1000.0,1312.9389224800004,1000.0,0.03324557079072221,0.0
8480,1703059260000.0,0.0,0.0,0.02,2181.66,0.0,0.0,2219.09,0.9413943126533779,1.0,1312.4515224800004,1000.0,1313.2001224800003,1000.0,0.03324557079072221,0.0
8481,1703062860000.0,0.0,0.0,0.02,2181.66,0.0,0.0,2210.36,0.9413943126533779,1.0,1312.4515224800004,1000.0,1313.0255224800005,1000.0,0.03324557079072221,0.0
8482,1703066460000.0,0.0,0.0,0.0,2181.66,0.0,0.0,2215.35,0.9413943126533779,1.0,1313.2322379200007,1000.0,1313.2322379200007,1000.0,0.0,0.0
8483,1703070060000.0,0.0,0.0,0.0,2181.66,0.0,0.0,2219.15,0.9413943126533779,1.0,1313.2322379200007,1000.0,1313.2322379200007,1000.0,0.0,0.0
8484,1703073660000.0,0.0,0.0,0.0,2181.66,0.0,0.0,2212.11,0.9413943126533779,1.0,1313.2322379200007,1000.0,1313.2322379200007,1000.0,0.0,0.0
8485,1703077260000.0,0.0,0.0,0.0,2181.66,0.0,0.0,2220.85,0.9413943126533779,1.0,1313.2322379200007,1000.0,1313.2322379200007,1000.0,0.0,0.0
8486,1703080860000.0,0.0,0.0,0.0,2181.66,0.0,0.0,2252.16,0.9413943126533779,1.0,1313.2322379200007,1000.0,1313.2322379200007,1000.0,0.0,0.0
8487,1703084460000.0,0.0,0.0,0.0,2181.66,0.0,0.0,2241.88,0.9413943126533779,1.0,1313.2322379200007,1000.0,1313.2322379200007,1000.0,0.0,0.0
8488,1703088060000.0,0.0,0.0,0.0,2181.66,0.0,0.0,2251.14,0.9413943126533779,1.0,1313.2322379200007,1000.0,1313.2322379200007,1000.0,0.0,0.0
8489,1703091660000.0,0.0,0.0,0.0,2181.66,0.0,0.0,2227.6,0.9413943126533779,1.0,1313.2322379200007,1000.0,1313.2322379200007,1000.0,0.0,0.0
8490,1703095260000.0,0.0,0.0,0.0,2181.66,0.0,0.0,2232.8,0.9413943126533779,1.0,1313.2322379200007,1000.0,1313.2322379200007,1000.0,0.0,0.0
8491,1703098860000.0,0.0,0.0,0.0,2181.66,0.0,0.0,2228.65,0.9413943126533779,1.0,1313.2322379200007,1000.0,1313.2322379200007,1000.0,0.0,0.0
8492,1703102460000.0,0.0,0.0,0.03,2206.12,0.0,0.0,2201.74,0.9413943126533779,1.0,1313.2190012000008,1000.0,1313.0876012000008,1000.0,0.05039799145422231,0.0
8493,1703106060000.0,0.0,0.0,0.03,2176.10125,0.0,0.0,2186.4,0.9413943126533779,1.0,1313.9684382000012,1000.0,1314.2774007000012,1000.0,0.04968387032905518,0.0
8494,1703109660000.0,0.0,0.0,0.03,2184.5172222222227,0.0,0.0,2182.45,0.9413943126533779,1.0,1314.2154841066676,1000.0,1314.153467440001,1000.0,0.04986664474678151,0.0
8495,1703113260000.0,0.0,0.0,0.03,2189.551481481482,0.0,0.0,2190.21,0.9413943126533779,1.0,1314.3659117644452,1000.0,1314.3856673200007,1000.0,0.049975842995094735,0.0
8496,1703116860000.0,0.0,0.0,0.03,2189.551481481482,0.0,0.0,2200.36,0.9413943126533779,1.0,1314.3659117644452,1000.0,1314.6901673200007,1000.0,0.049975842995094735,0.0
8497,1703120460000.0,0.0,0.0,0.03,2189.551481481482,0.0,0.0,2192.41,0.9413943126533779,1.0,1314.3659117644452,1000.0,1314.4516673200008,1000.0,0.049975842995094735,0.0
8498,1703124060000.0,0.0,0.0,0.03,2189.551481481482,0.0,0.0,2194.22,0.9413943126533779,1.0,1314.3659117644452,1000.0,1314.5059673200008,1000.0,0.049975842995094735,0.0
8499,1703127660000.0,0.0,0.0,0.03,2189.551481481482,0.0,0.0,2192.54,0.9413943126533779,1.0,1314.3659117644452,1000.0,1314.4555673200007,1000.0,0.049975842995094735,0.0
8500,1703131260000.0,0.0,0.0,0.03,2189.551481481482,0.0,0.0,2201.21,0.9413943126533779,1.0,1314.3659117644452,1000.0,1314.7156673200006,1000.0,0.049975842995094735,0.0
8501,1703134860000.0,0.0,0.0,0.02,2189.551481481482,0.0,0.0,2200.27,0.9413943126533779,1.0,1314.5210859296305,1000.0,1314.7354563000008,1000.0,0.03331329569252256,0.0
8502,1703138460000.0,0.0,0.0,0.0,2189.551481481482,0.0,0.0,2195.11,0.9413943126533779,1.0,1314.8314342600013,1000.0,1314.8314342600013,1000.0,0.0,0.0
8503,1703142060000.0,0.0,0.0,0.0,2189.551481481482,0.0,0.0,2217.14,0.9413943126533779,1.0,1314.8314342600013,1000.0,1314.8314342600013,1000.0,0.0,0.0
8504,1703145660000.0,0.0,0.0,0.0,2189.551481481482,0.0,0.0,2219.07,0.9413943126533779,1.0,1314.8314342600013,1000.0,1314.8314342600013,1000.0,0.0,0.0
8505,1703149260000.0,0.0,0.0,0.0,2189.551481481482,0.0,0.0,2211.53,0.9413943126533779,1.0,1314.8314342600013,1000.0,1314.8314342600013,1000.0,0.0,0.0
8506,1703152860000.0,0.0,0.0,0.0,2189.551481481482,0.0,0.0,2225.7,0.9413943126533779,1.0,1314.8314342600013,1000.0,1314.8314342600013,1000.0,0.0,0.0
8507,1703156460000.0,0.0,0.0,0.0,2189.551481481482,0.0,0.0,2250.49,0.9413943126533779,1.0,1314.8314342600013,1000.0,1314.8314342600013,1000.0,0.0,0.0
8508,1703160060000.0,0.0,0.0,0.0,2189.551481481482,0.0,0.0,2265.07,0.9413943126533779,1.0,1314.8314342600013,1000.0,1314.8314342600013,1000.0,0.0,0.0
8509,1703163660000.0,0.0,0.0,0.0,2189.551481481482,0.0,0.0,2258.71,0.9413943126533779,1.0,1314.8314342600013,1000.0,1314.8314342600013,1000.0,0.0,0.0
8510,1703167260000.0,0.0,0.0,0.0,2189.551481481482,0.0,0.0,2253.62,0.9413943126533779,1.0,1314.8314342600013,1000.0,1314.8314342600013,1000.0,0.0,0.0
8511,1703170860000.0,0.0,0.0,0.0,2189.551481481482,0.0,0.0,2222.52,0.9413943126533779,1.0,1314.8314342600013,1000.0,1314.8314342600013,1000.0,0.0,0.0
8512,1703174460000.0,0.0,0.0,0.0,2210.06,0.0,0.0,2238.77,0.9413943126533779,1.0,1315.2881168800016,1000.0,1315.2881168800016,1000.0,0.0,0.0
8513,1703178060000.0,0.0,0.0,0.0,2210.06,0.0,0.0,2233.99,0.9413943126533779,1.0,1315.2881168800016,1000.0,1315.2881168800016,1000.0,0.0,0.0
8514,1703181660000.0,0.0,0.0,0.0,2210.06,0.0,0.0,2235.79,0.9413943126533779,1.0,1315.2881168800016,1000.0,1315.2881168800016,1000.0,0.0,0.0
8515,1703185260000.0,0.0,0.0,0.0,2210.06,0.0,0.0,2237.55,0.9413943126533779,1.0,1315.2881168800016,1000.0,1315.2881168800016,1000.0,0.0,0.0
8516,1703188860000.0,0.0,0.0,0.0,2210.06,0.0,0.0,2230.5,0.9413943126533779,1.0,1315.2881168800016,1000.0,1315.2881168800016,1000.0,0.0,0.0
8517,1703192460000.0,0.0,0.0,0.0,2210.06,0.0,0.0,2239.68,0.9413943126533779,1.0,1315.2881168800016,1000.0,1315.2881168800016,1000.0,0.0,0.0
8518,1703196060000.0,0.0,0.0,0.0,2210.06,0.0,0.0,2247.89,0.9413943126533779,1.0,1315.2881168800016,1000.0,1315.2881168800016,1000.0,0.0,0.0
8519,1703199660000.0,0.0,0.0,0.0,2210.06,0.0,0.0,2247.22,0.9413943126533779,1.0,1315.2881168800016,1000.0,1315.2881168800016,1000.0,0.0,0.0
8520,1703203260000.0,0.0,0.0,0.0,2210.06,0.0,0.0,2242.5,0.9413943126533779,1.0,1315.2881168800016,1000.0,1315.2881168800016,1000.0,0.0,0.0
8521,1703206860000.0,0.0,0.0,0.0,2210.06,0.0,0.0,2243.55,0.9413943126533779,1.0,1315.2881168800016,1000.0,1315.2881168800016,1000.0,0.0,0.0
8522,1703210460000.0,0.0,0.0,0.0,2210.06,0.0,0.0,2256.01,0.9413943126533779,1.0,1315.2881168800016,1000.0,1315.2881168800016,1000.0,0.0,0.0
8523,1703214060000.0,0.0,0.0,0.0,2210.06,0.0,0.0,2242.57,0.9413943126533779,1.0,1315.2881168800016,1000.0,1315.2881168800016,1000.0,0.0,0.0
8524,1703217660000.0,0.0,0.0,0.0,2210.06,0.0,0.0,2249.41,0.9413943126533779,1.0,1315.2881168800016,1000.0,1315.2881168800016,1000.0,0.0,0.0
8525,1703221260000.0,0.0,0.0,0.0,2210.06,0.0,0.0,2261.86,0.9413943126533779,1.0,1315.2881168800016,1000.0,1315.2881168800016,1000.0,0.0,0.0
8526,1703224860000.0,0.0,0.0,0.0,2210.06,0.0,0.0,2260.48,0.9413943126533779,1.0,1315.2881168800016,1000.0,1315.2881168800016,1000.0,0.0,0.0
8527,1703228460000.0,0.0,0.0,0.0,2210.06,0.0,0.0,2256.58,0.9413943126533779,1.0,1315.2881168800016,1000.0,1315.2881168800016,1000.0,0.0,0.0
8528,1703232060000.0,0.0,0.0,0.0,2210.06,0.0,0.0,2284.17,0.9413943126533779,1.0,1315.2881168800016,1000.0,1315.2881168800016,1000.0,0.0,0.0
8529,1703235660000.0,0.0,0.0,0.0,2210.06,0.0,0.0,2292.94,0.9413943126533779,1.0,1315.2881168800016,1000.0,1315.2881168800016,1000.0,0.0,0.0
8530,1703239260000.0,0.0,0.0,0.0,2210.06,0.0,0.0,2319.8,0.9413943126533779,1.0,1315.2881168800016,1000.0,1315.2881168800016,1000.0,0.0,0.0
8531,1703242860000.0,0.0,0.0,0.0,2210.06,0.0,0.0,2305.42,0.9413943126533779,1.0,1315.2881168800016,1000.0,1315.2881168800016,1000.0,0.0,0.0
8532,1703246460000.0,0.0,0.0,0.0,2210.06,0.0,0.0,2322.13,0.9413943126533779,1.0,1315.2881168800016,1000.0,1315.2881168800016,1000.0,0.0,0.0
8533,1703250060000.0,0.0,0.0,0.0,2210.06,0.0,0.0,2297.74,0.9413943126533779,1.0,1315.2881168800016,1000.0,1315.2881168800016,1000.0,0.0,0.0
8534,1703253660000.0,0.0,0.0,0.0,2210.06,0.0,0.0,2316.0,0.9413943126533779,1.0,1315.2881168800016,1000.0,1315.2881168800016,1000.0,0.0,0.0
8535,1703257260000.0,0.0,0.0,0.0,2210.06,0.0,0.0,2337.13,0.9413943126533779,1.0,1315.2881168800016,1000.0,1315.2881168800016,1000.0,0.0,0.0
8536,1703260860000.0,0.0,0.0,0.0,2210.06,0.0,0.0,2323.54,0.9413943126533779,1.0,1315.2881168800016,1000.0,1315.2881168800016,1000.0,0.0,0.0
8537,1703264460000.0,0.0,0.0,0.0,2210.06,0.0,0.0,2319.73,0.9413943126533779,1.0,1315.2881168800016,1000.0,1315.2881168800016,1000.0,0.0,0.0
8538,1703268060000.0,0.0,0.0,0.0,2210.06,0.0,0.0,2328.15,0.9413943126533779,1.0,1315.2881168800016,1000.0,1315.2881168800016,1000.0,0.0,0.0
8539,1703271660000.0,0.0,0.0,0.0,2210.06,0.0,0.0,2328.18,0.9413943126533779,1.0,1315.2881168800016,1000.0,1315.2881168800016,1000.0,0.0,0.0
8540,1703275260000.0,0.0,0.0,0.0,2210.06,0.0,0.0,2312.85,0.9413943126533779,1.0,1315.2881168800016,1000.0,1315.2881168800016,1000.0,0.0,0.0
8541,1703278860000.0,0.0,0.0,0.0,2210.06,0.0,0.0,2317.5,0.9413943126533779,1.0,1315.2881168800016,1000.0,1315.2881168800016,1000.0,0.0,0.0
8542,1703282460000.0,0.0,0.0,0.0,2210.06,0.0,0.0,2317.31,0.9413943126533779,1.0,1315.2881168800016,1000.0,1315.2881168800016,1000.0,0.0,0.0
8543,1703286060000.0,0.0,0.0,0.0,2210.06,0.0,0.0,2314.87,0.9413943126533779,1.0,1315.2881168800016,1000.0,1315.2881168800016,1000.0,0.0,0.0
8544,1703289660000.0,0.0,0.0,0.0,2210.06,0.0,0.0,2328.11,0.9413943126533779,1.0,1315.2881168800016,1000.0,1315.2881168800016,1000.0,0.0,0.0
8545,1703293260000.0,0.0,0.0,0.0,2210.06,0.0,0.0,2314.2,0.9413943126533779,1.0,1315.2881168800016,1000.0,1315.2881168800016,1000.0,0.0,0.0
8546,1703296860000.0,0.0,0.0,0.03,2290.43,0.0,0.0,2298.1,0.9413943126533779,1.0,1315.2743743000015,1000.0,1315.5044743000014,1000.0,0.05224225556479004,0.0
8547,1703300460000.0,0.0,0.0,0.03,2290.43,0.0,0.0,2278.57,0.9413943126533779,1.0,1315.2743743000015,1000.0,1314.9185743000014,1000.0,0.05224225556479004,0.0
8548,1703304060000.0,0.0,0.0,0.03,2290.43,0.0,0.0,2269.71,0.9413943126533779,1.0,1315.2743743000015,1000.0,1314.6527743000015,1000.0,0.05224225556479004,0.0
8549,1703307660000.0,0.0,0.0,0.03,2290.43,0.0,0.0,2283.25,0.9413943126533779,1.0,1315.2743743000015,1000.0,1315.0589743000014,1000.0,0.05224225556479004,0.0
8550,1703311260000.0,0.0,0.0,0.03,2290.43,0.0,0.0,2290.4,0.9413943126533779,1.0,1315.2743743000015,1000.0,1315.2734743000015,1000.0,0.05224225556479004,0.0
8551,1703314860000.0,0.0,0.0,0.03,2290.43,0.0,0.0,2293.59,0.9413943126533779,1.0,1315.2743743000015,1000.0,1315.3691743000015,1000.0,0.05224225556479004,0.0
8552,1703318460000.0,0.0,0.0,0.03,2290.43,0.0,0.0,2286.61,0.9413943126533779,1.0,1315.2743743000015,1000.0,1315.1597743000016,1000.0,0.05224225556479004,0.0
8553,1703322060000.0,0.0,0.0,0.03,2290.43,0.0,0.0,2292.19,0.9413943126533779,1.0,1315.2743743000015,1000.0,1315.3271743000014,1000.0,0.05224225556479004,0.0
8554,1703325660000.0,0.0,0.0,0.03,2290.43,0.0,0.0,2292.05,0.9413943126533779,1.0,1315.2743743000015,1000.0,1315.3229743000015,1000.0,0.05224225556479004,0.0
8555,1703329260000.0,0.0,0.0,0.03,2290.43,0.0,0.0,2288.61,0.9413943126533779,1.0,1315.2743743000015,1000.0,1315.2197743000015,1000.0,0.05224225556479004,0.0
8556,1703332860000.0,0.0,0.0,0.03,2290.43,0.0,0.0,2289.3,0.9413943126533779,1.0,1315.2743743000015,1000.0,1315.2404743000016,1000.0,0.05224225556479004,0.0
8557,1703336460000.0,0.0,0.0,0.03,2290.43,0.0,0.0,2297.57,0.9413943126533779,1.0,1315.2743743000015,1000.0,1315.4885743000016,1000.0,0.05224225556479004,0.0
8558,1703340060000.0,0.0,0.0,0.03,2290.43,0.0,0.0,2296.12,0.9413943126533779,1.0,1315.2743743000015,1000.0,1315.4450743000014,1000.0,0.05224225556479004,0.0
8559,1703343660000.0,0.0,0.0,0.03,2290.43,0.0,0.0,2291.39,0.9413943126533779,1.0,1315.2743743000015,1000.0,1315.3031743000015,1000.0,0.05224225556479004,0.0
8560,1703347260000.0,0.0,0.0,0.03,2290.43,0.0,0.0,2286.3,0.9413943126533779,1.0,1315.2743743000015,1000.0,1315.1504743000014,1000.0,0.05224225556479004,0.0
8561,1703350860000.0,0.0,0.0,0.03,2290.43,0.0,0.0,2292.06,0.9413943126533779,1.0,1315.2743743000015,1000.0,1315.3232743000015,1000.0,0.05224225556479004,0.0
8562,1703354460000.0,0.0,0.0,0.03,2290.43,0.0,0.0,2293.37,0.9413943126533779,1.0,1315.2743743000015,1000.0,1315.3625743000014,1000.0,0.05224225556479004,0.0
8563,1703358060000.0,0.0,0.0,0.0,2290.43,0.0,0.0,2311.86,0.9413943126533779,1.0,1315.7612315800015,1000.0,1315.7612315800015,1000.0,0.0,0.0
8564,1703361660000.0,0.0,0.0,0.0,2290.43,0.0,0.0,2296.41,0.9413943126533779,1.0,1315.7612315800015,1000.0,1315.7612315800015,1000.0,0.0,0.0
8565,1703365260000.0,0.0,0.0,0.0,2290.43,0.0,0.0,2289.26,0.9413943126533779,1.0,1315.7612315800015,1000.0,1315.7612315800015,1000.0,0.0,0.0
8566,1703368860000.0,0.0,0.0,0.0,2290.43,0.0,0.0,2292.18,0.9413943126533779,1.0,1315.7612315800015,1000.0,1315.7612315800015,1000.0,0.0,0.0
8567,1703372460000.0,0.0,0.0,0.0,2290.43,0.0,0.0,2301.55,0.9413943126533779,1.0,1315.7612315800015,1000.0,1315.7612315800015,1000.0,0.0,0.0
8568,1703376060000.0,0.0,0.0,0.0,2290.43,0.0,0.0,2310.05,0.9413943126533779,1.0,1315.7612315800015,1000.0,1315.7612315800015,1000.0,0.0,0.0
8569,1703379660000.0,0.0,0.0,0.0,2290.43,0.0,0.0,2306.24,0.9413943126533779,1.0,1315.7612315800015,1000.0,1315.7612315800015,1000.0,0.0,0.0
8570,1703383260000.0,0.0,0.0,0.0,2290.43,0.0,0.0,2313.4,0.9413943126533779,1.0,1315.7612315800015,1000.0,1315.7612315800015,1000.0,0.0,0.0
8571,1703386860000.0,0.0,0.0,0.0,2290.43,0.0,0.0,2323.8,0.9413943126533779,1.0,1315.7612315800015,1000.0,1315.7612315800015,1000.0,0.0,0.0
8572,1703390460000.0,0.0,0.0,0.0,2290.43,0.0,0.0,2317.75,0.9413943126533779,1.0,1315.7612315800015,1000.0,1315.7612315800015,1000.0,0.0,0.0
8573,1703394060000.0,0.0,0.0,0.0,2290.43,0.0,0.0,2312.42,0.9413943126533779,1.0,1315.7612315800015,1000.0,1315.7612315800015,1000.0,0.0,0.0
8574,1703397660000.0,0.0,0.0,0.03,2289.67,0.0,0.0,2285.32,0.9413943126533779,1.0,1315.7474935600017,1000.0,1315.6169935600017,1000.0,0.05220614163143572,0.0
8575,1703401260000.0,0.0,0.0,0.03,2289.67,0.0,0.0,2290.8,0.9413943126533779,1.0,1315.7474935600017,1000.0,1315.7813935600016,1000.0,0.05220614163143572,0.0
8576,1703404860000.0,0.0,0.0,0.03,2289.67,0.0,0.0,2296.27,0.9413943126533779,1.0,1315.7474935600017,1000.0,1315.9454935600018,1000.0,0.05220614163143572,0.0
8577,1703408460000.0,0.0,0.0,0.03,2289.67,0.0,0.0,2290.1,0.9413943126533779,1.0,1315.7474935600017,1000.0,1315.7603935600016,1000.0,0.05220614163143572,0.0
8578,1703412060000.0,0.0,0.0,0.03,2289.67,0.0,0.0,2295.59,0.9413943126533779,1.0,1315.7474935600017,1000.0,1315.9250935600016,1000.0,0.05220614163143572,0.0
8579,1703415660000.0,0.0,0.0,0.03,2289.67,0.0,0.0,2289.78,0.9413943126533779,1.0,1315.7474935600017,1000.0,1315.7507935600017,1000.0,0.05220614163143572,0.0
8580,1703419260000.0,0.0,0.0,0.03,2289.67,0.0,0.0,2288.97,0.9413943126533779,1.0,1315.7474935600017,1000.0,1315.7264935600017,1000.0,0.05220614163143572,0.0
8581,1703422860000.0,0.0,0.0,0.03,2289.67,0.0,0.0,2295.57,0.9413943126533779,1.0,1315.7474935600017,1000.0,1315.9244935600016,1000.0,0.05220614163143572,0.0
8582,1703426460000.0,0.0,0.0,0.03,2289.67,0.0,0.0,2298.8,0.9413943126533779,1.0,1315.7474935600017,1000.0,1316.0213935600016,1000.0,0.05220614163143572,0.0
8583,1703430060000.0,0.0,0.0,0.01,2289.67,0.0,0.0,2297.9,0.9413943126533779,1.0,1316.0720681200014,1000.0,1316.1543681200014,1000.0,0.017397755453246386,0.0
8584,1703433660000.0,0.0,0.0,0.01,2289.67,0.0,0.0,2295.14,0.9413943126533779,1.0,1316.0720681200014,1000.0,1316.1267681200013,1000.0,0.017397755453246386,0.0
8585,1703437260000.0,0.0,0.0,0.01,2289.67,0.0,0.0,2294.4,0.9413943126533779,1.0,1316.0720681200014,1000.0,1316.1193681200014,1000.0,0.017397755453246386,0.0
8586,1703440860000.0,0.0,0.0,0.01,2289.67,0.0,0.0,2292.76,0.9413943126533779,1.0,1316.0720681200014,1000.0,1316.1029681200014,1000.0,0.017397755453246386,0.0
8587,1703444460000.0,0.0,0.0,0.03,2285.316666666667,0.0,0.0,2292.26,0.9413943126533779,1.0,1316.0629355600015,1000.0,1316.2712355600015,1000.0,0.05209439316883966,0.0
8588,1703448060000.0,0.0,0.0,0.03,2285.316666666667,0.0,0.0,2288.15,0.9413943126533779,1.0,1316.0629355600015,1000.0,1316.1479355600015,1000.0,0.05209439316883966,0.0
8589,1703451660000.0,0.0,0.0,0.03,2285.316666666667,0.0,0.0,2278.4,0.9413943126533779,1.0,1316.0629355600015,1000.0,1315.8554355600015,1000.0,0.05209439316883966,0.0
8590,1703455260000.0,0.0,0.0,0.03,2285.316666666667,0.0,0.0,2281.11,0.9413943126533779,1.0,1316.0629355600015,1000.0,1315.9367355600016,1000.0,0.05209439316883966,0.0
8591,1703458860000.0,0.0,0.0,0.03,2285.316666666667,0.0,0.0,2257.65,0.9413943126533779,1.0,1316.0629355600015,1000.0,1315.2329355600016,1000.0,0.05209439316883966,0.0
8592,1703462460000.0,0.0,0.0,0.03,2285.316666666667,0.0,0.0,2264.6,0.9413943126533779,1.0,1316.0629355600015,1000.0,1315.4414355600015,1000.0,0.05209439316883966,0.0
8593,1703466060000.0,0.0,0.0,0.03,2285.316666666667,0.0,0.0,2266.36,0.9413943126533779,1.0,1316.0629355600015,1000.0,1315.4942355600015,1000.0,0.05209439316883966,0.0
8594,1703469660000.0,0.0,0.0,0.03,2285.316666666667,0.0,0.0,2273.88,0.9413943126533779,1.0,1316.0629355600015,1000.0,1315.7198355600015,1000.0,0.05209439316883966,0.0
8595,1703473260000.0,0.0,0.0,0.03,2285.316666666667,0.0,0.0,2272.41,0.9413943126533779,1.0,1316.0629355600015,1000.0,1315.6757355600014,1000.0,0.05209439316883966,0.0
8596,1703476860000.0,0.0,0.0,0.03,2285.316666666667,0.0,0.0,2278.2,0.9413943126533779,1.0,1316.0629355600015,1000.0,1315.8494355600014,1000.0,0.05209439316883966,0.0
8597,1703480460000.0,0.0,0.0,0.03,2285.316666666667,0.0,0.0,2281.47,0.9413943126533779,1.0,1316.0629355600015,1000.0,1315.9475355600016,1000.0,0.05209439316883966,0.0
8598,1703484060000.0,0.0,0.0,0.03,2285.316666666667,0.0,0.0,2287.09,0.9413943126533779,1.0,1316.0629355600015,1000.0,1316.1161355600016,1000.0,0.05209439316883966,0.0
8599,1703487660000.0,0.0,0.0,0.03,2285.316666666667,0.0,0.0,2283.1,0.9413943126533779,1.0,1316.0629355600015,1000.0,1315.9964355600016,1000.0,0.05209439316883966,0.0
8600,1703491260000.0,0.0,0.0,0.03,2285.316666666667,0.0,0.0,2282.42,0.9413943126533779,1.0,1316.0629355600015,1000.0,1315.9760355600015,1000.0,0.05209439316883966,0.0
8601,1703494860000.0,0.0,0.0,0.03,2285.316666666667,0.0,0.0,2276.61,0.9413943126533779,1.0,1316.0629355600015,1000.0,1315.8017355600016,1000.0,0.05209439316883966,0.0
8602,1703498460000.0,0.0,0.0,0.03,2285.316666666667,0.0,0.0,2275.8,0.9413943126533779,1.0,1316.0629355600015,1000.0,1315.7774355600015,1000.0,0.05209439316883966,0.0
8603,1703502060000.0,0.0,0.0,0.03,2285.316666666667,0.0,0.0,2278.2,0.9413943126533779,1.0,1316.0629355600015,1000.0,1315.8494355600014,1000.0,0.05209439316883966,0.0
8604,1703505660000.0,0.0,0.0,0.03,2285.316666666667,0.0,0.0,2280.6,0.9413943126533779,1.0,1316.0629355600015,1000.0,1315.9214355600016,1000.0,0.05209439316883966,0.0
8605,1703509260000.0,0.0,0.0,0.01,2285.316666666667,0.0,0.0,2305.96,0.9413943126533779,1.0,1316.3867943466682,1000.0,1316.5932276800015,1000.0,0.0173605256181629,0.0
8606,1703512860000.0,0.0,0.0,0.0,2285.316666666667,0.0,0.0,2288.78,0.9413943126533779,1.0,1316.5487237400016,1000.0,1316.5487237400016,1000.0,0.0,0.0
8607,1703516460000.0,0.0,0.0,0.0,2285.316666666667,0.0,0.0,2294.41,0.9413943126533779,1.0,1316.5487237400016,1000.0,1316.5487237400016,1000.0,0.0,0.0
8608,1703520060000.0,0.0,0.0,0.0,2285.316666666667,0.0,0.0,2288.56,0.9413943126533779,1.0,1316.5487237400016,1000.0,1316.5487237400016,1000.0,0.0,0.0
8609,1703523660000.0,0.0,0.0,0.0,2285.316666666667,0.0,0.0,2279.56,0.9413943126533779,1.0,1316.5487237400016,1000.0,1316.5487237400016,1000.0,0.0,0.0
8610,1703527260000.0,0.0,0.0,0.0,2285.316666666667,0.0,0.0,2282.78,0.9413943126533779,1.0,1316.5487237400016,1000.0,1316.5487237400016,1000.0,0.0,0.0
8611,1703530860000.0,0.0,0.0,0.0,2285.316666666667,0.0,0.0,2276.03,0.9413943126533779,1.0,1316.5487237400016,1000.0,1316.5487237400016,1000.0,0.0,0.0
8612,1703534460000.0,0.0,0.0,0.0,2285.316666666667,0.0,0.0,2274.19,0.9413943126533779,1.0,1316.5487237400016,1000.0,1316.5487237400016,1000.0,0.0,0.0
8613,1703538060000.0,0.0,0.0,0.03,2269.35,0.0,0.0,2269.19,0.9413943126533779,1.0,1316.5351076400016,1000.0,1316.5303076400016,1000.0,0.051711875820797476,0.0
8614,1703541660000.0,0.0,0.0,0.03,2269.35,0.0,0.0,2273.71,0.9413943126533779,1.0,1316.5351076400016,1000.0,1316.6659076400015,1000.0,0.051711875820797476,0.0
8615,1703545260000.0,0.0,0.0,0.0,2269.35,0.0,0.0,2284.22,0.9413943126533779,1.0,1317.0175923000015,1000.0,1317.0175923000015,1000.0,0.0,0.0
8616,1703548860000.0,0.0,0.0,0.0,2269.35,0.0,0.0,2271.7,0.9413943126533779,1.0,1317.0175923000015,1000.0,1317.0175923000015,1000.0,0.0,0.0
8617,1703552460000.0,0.0,0.0,0.03,2266.16,0.0,0.0,2271.32,0.9413943126533779,1.0,1317.0039953400014,1000.0,1317.1587953400015,1000.0,0.05162080011947788,0.0
8618,1703556060000.0,0.0,0.0,0.03,2266.16,0.0,0.0,2274.95,0.9413943126533779,1.0,1317.0039953400014,1000.0,1317.2676953400014,1000.0,0.05162080011947788,0.0
8619,1703559660000.0,0.0,0.0,0.03,2266.16,0.0,0.0,2269.7,0.9413943126533779,1.0,1317.0039953400014,1000.0,1317.1101953400014,1000.0,0.05162080011947788,0.0
8620,1703563260000.0,0.0,0.0,0.03,2266.16,0.0,0.0,2270.17,0.9413943126533779,1.0,1317.0039953400014,1000.0,1317.1242953400015,1000.0,0.05162080011947788,0.0
8621,1703566860000.0,0.0,0.0,0.03,2266.16,0.0,0.0,2271.56,0.9413943126533779,1.0,1317.0039953400014,1000.0,1317.1659953400015,1000.0,0.05162080011947788,0.0
8622,1703570460000.0,0.0,0.0,0.03,2266.16,0.0,0.0,2227.53,0.9413943126533779,1.0,1317.0039953400014,1000.0,1315.8450953400015,1000.0,0.05162080011947788,0.0
8623,1703574060000.0,0.0,0.0,0.03,2266.16,0.0,0.0,2224.45,0.9413943126533779,1.0,1317.0039953400014,1000.0,1315.7526953400015,1000.0,0.05162080011947788,0.0
8624,1703577660000.0,0.0,0.0,0.03,2266.16,0.0,0.0,2241.65,0.9413943126533779,1.0,1317.0039953400014,1000.0,1316.2686953400014,1000.0,0.05162080011947788,0.0
8625,1703581260000.0,0.0,0.0,0.03,2266.16,0.0,0.0,2238.55,0.9413943126533779,1.0,1317.0039953400014,1000.0,1316.1756953400015,1000.0,0.05162080011947788,0.0
8626,1703584860000.0,0.0,0.0,0.08,2235.29125,0.0,0.0,2222.86,0.9413943126533779,1.0,1316.9818276400015,1000.0,1315.9873276400015,1000.0,0.13578266324330907,0.0
8627,1703588460000.0,0.0,0.0,0.08,2235.29125,0.0,0.0,2239.1,0.9413943126533779,1.0,1316.9818276400015,1000.0,1317.2865276400014,1000.0,0.13578266324330907,0.0
8628,1703592060000.0,0.0,0.0,0.08,2235.29125,0.0,0.0,2244.04,0.9413943126533779,1.0,1316.9818276400015,1000.0,1317.6817276400016,1000.0,0.13578266324330907,0.0
8629,1703595660000.0,0.0,0.0,0.08,2235.29125,0.0,0.0,2248.33,0.9413943126533779,1.0,1316.9818276400015,1000.0,1318.0249276400014,1000.0,0.13578266324330907,0.0
8630,1703599260000.0,0.0,0.0,0.05,2235.29125,0.0,0.0,2247.66,0.9413943126533779,1.0,1317.4569806600011,1000.0,1318.0754181600012,1000.0,0.08483355748284833,0.0
8631,1703602860000.0,0.0,0.0,0.04,2235.29125,0.0,0.0,2241.84,0.9413943126533779,1.0,1317.615365000001,1000.0,1317.877315000001,1000.0,0.06785868803222399,0.0
8632,1703606460000.0,0.0,0.0,0.04,2235.29125,0.0,0.0,2230.29,0.9413943126533779,1.0,1317.615365000001,1000.0,1317.415315000001,1000.0,0.06785868803222399,0.0
8633,1703610060000.0,0.0,0.0,0.04,2235.29125,0.0,0.0,2224.32,0.9413943126533779,1.0,1317.615365000001,1000.0,1317.176515000001,1000.0,0.06785868803222399,0.0
8634,1703613660000.0,0.0,0.0,0.11,2203.8477272727278,0.0,0.0,2203.32,0.9413943126533779,1.0,1317.584762680001,1000.0,1317.5267126800009,1000.0,0.18399062957202464,0.0
8635,1703617260000.0,0.0,0.0,0.11,2203.8477272727278,0.0,0.0,2211.15,0.9413943126533779,1.0,1317.584762680001,1000.0,1318.3880126800009,1000.0,0.18399062957202464,0.0
8636,1703620860000.0,0.0,0.0,0.11,2203.8477272727278,0.0,0.0,2213.05,0.9413943126533779,1.0,1317.584762680001,1000.0,1318.597012680001,1000.0,0.18399062957202464,0.0
8637,1703624460000.0,0.0,0.0,0.06,2203.8477272727278,0.0,0.0,2218.15,0.9413943126533779,1.0,1318.3656772163647,1000.0,1319.223813580001,1000.0,0.10029907932339359,0.0
8638,1703628060000.0,0.0,0.0,0.05,2203.8477272727278,0.0,0.0,2226.62,0.9413943126533779,1.0,1318.5218601236375,1000.0,1319.660473760001,1000.0,0.08357266549475613,0.0
8639,1703631660000.0,0.0,0.0,0.05,2203.8477272727278,0.0,0.0,2230.83,0.9413943126533779,1.0,1318.5218601236375,1000.0,1319.870973760001,1000.0,0.08357266549475613,0.0
8640,1703635260000.0,0.0,0.0,0.05,2203.8477272727278,0.0,0.0,2232.73,0.9413943126533779,1.0,1318.5218601236375,1000.0,1319.9659737600011,1000.0,0.08357266549475613,0.0
8641,1703638860000.0,0.0,0.0,0.05,2203.8477272727278,0.0,0.0,2228.7,0.9413943126533779,1.0,1318.5218601236375,1000.0,1319.764473760001,1000.0,0.08357266549475613,0.0
8642,1703642460000.0,0.0,0.0,0.05,2203.8477272727278,0.0,0.0,2231.27,0.9413943126533779,1.0,1318.5218601236375,1000.0,1319.892973760001,1000.0,0.08357266549475613,0.0
8643,1703646060000.0,0.0,0.0,0.05,2203.8477272727278,0.0,0.0,2225.35,0.9413943126533779,1.0,1318.5218601236375,1000.0,1319.596973760001,1000.0,0.08357266549475613,0.0
8644,1703649660000.0,0.0,0.0,0.03,2208.805151515152,0.0,0.0,2219.02,0.9413943126533779,1.0,1318.9859714054558,1000.0,1319.2924168600011,1000.0,0.05023871063226417,0.0
8645,1703653260000.0,0.0,0.0,0.0,2208.805151515152,0.0,0.0,2223.66,0.9413943126533779,1.0,1319.455467460001,1000.0,1319.455467460001,1000.0,0.0,0.0
8646,1703656860000.0,0.0,0.0,0.0,2208.805151515152,0.0,0.0,2229.33,0.9413943126533779,1.0,1319.455467460001,1000.0,1319.455467460001,1000.0,0.0,0.0
8647,1703660460000.0,0.0,0.0,0.0,2208.805151515152,0.0,0.0,2228.55,0.9413943126533779,1.0,1319.455467460001,1000.0,1319.455467460001,1000.0,0.0,0.0
8648,1703664060000.0,0.0,0.0,0.0,2208.805151515152,0.0,0.0,2231.7,0.9413943126533779,1.0,1319.455467460001,1000.0,1319.455467460001,1000.0,0.0,0.0
8649,1703667660000.0,0.0,0.0,0.0,2208.805151515152,0.0,0.0,2250.07,0.9413943126533779,1.0,1319.455467460001,1000.0,1319.455467460001,1000.0,0.0,0.0
8650,1703671260000.0,0.0,0.0,0.0,2208.805151515152,0.0,0.0,2252.0,0.9413943126533779,1.0,1319.455467460001,1000.0,1319.455467460001,1000.0,0.0,0.0
8651,1703674860000.0,0.0,0.0,0.0,2208.805151515152,0.0,0.0,2278.9,0.9413943126533779,1.0,1319.455467460001,1000.0,1319.455467460001,1000.0,0.0,0.0
8652,1703678460000.0,0.0,0.0,0.0,2208.805151515152,0.0,0.0,2287.06,0.9413943126533779,1.0,1319.455467460001,1000.0,1319.455467460001,1000.0,0.0,0.0
8653,1703682060000.0,0.0,0.0,0.0,2208.805151515152,0.0,0.0,2286.33,0.9413943126533779,1.0,1319.455467460001,1000.0,1319.455467460001,1000.0,0.0,0.0
8654,1703685660000.0,0.0,0.0,0.0,2208.805151515152,0.0,0.0,2299.99,0.9413943126533779,1.0,1319.455467460001,1000.0,1319.455467460001,1000.0,0.0,0.0
8655,1703689260000.0,0.0,0.0,0.0,2208.805151515152,0.0,0.0,2335.74,0.9413943126533779,1.0,1319.455467460001,1000.0,1319.455467460001,1000.0,0.0,0.0
8656,1703692860000.0,0.0,0.0,0.0,2208.805151515152,0.0,0.0,2344.66,0.9413943126533779,1.0,1319.455467460001,1000.0,1319.455467460001,1000.0,0.0,0.0
8657,1703696460000.0,0.0,0.0,0.0,2208.805151515152,0.0,0.0,2371.16,0.9413943126533779,1.0,1319.455467460001,1000.0,1319.455467460001,1000.0,0.0,0.0
8658,1703700060000.0,0.0,0.0,0.0,2208.805151515152,0.0,0.0,2353.19,0.9413943126533779,1.0,1319.455467460001,1000.0,1319.455467460001,1000.0,0.0,0.0
8659,1703703660000.0,0.0,0.0,0.0,2208.805151515152,0.0,0.0,2352.36,0.9413943126533779,1.0,1319.455467460001,1000.0,1319.455467460001,1000.0,0.0,0.0
8660,1703707260000.0,0.0,0.0,0.0,2208.805151515152,0.0,0.0,2352.0,0.9413943126533779,1.0,1319.455467460001,1000.0,1319.455467460001,1000.0,0.0,0.0
8661,1703710860000.0,0.0,0.0,0.0,2208.805151515152,0.0,0.0,2353.96,0.9413943126533779,1.0,1319.455467460001,1000.0,1319.455467460001,1000.0,0.0,0.0
8662,1703714460000.0,0.0,0.0,0.0,2208.805151515152,0.0,0.0,2363.17,0.9413943126533779,1.0,1319.455467460001,1000.0,1319.455467460001,1000.0,0.0,0.0
8663,1703718060000.0,0.0,0.0,0.0,2208.805151515152,0.0,0.0,2374.65,0.9413943126533779,1.0,1319.455467460001,1000.0,1319.455467460001,1000.0,0.0,0.0
8664,1703721660000.0,0.0,0.0,0.0,2208.805151515152,0.0,0.0,2382.64,0.9413943126533779,1.0,1319.455467460001,1000.0,1319.455467460001,1000.0,0.0,0.0
8665,1703725260000.0,0.0,0.0,0.0,2208.805151515152,0.0,0.0,2433.85,0.9413943126533779,1.0,1319.455467460001,1000.0,1319.455467460001,1000.0,0.0,0.0
8666,1703728860000.0,0.0,0.0,0.0,2208.805151515152,0.0,0.0,2419.07,0.9413943126533779,1.0,1319.455467460001,1000.0,1319.455467460001,1000.0,0.0,0.0
8667,1703732460000.0,0.0,0.0,0.0,2208.805151515152,0.0,0.0,2415.98,0.9413943126533779,1.0,1319.455467460001,1000.0,1319.455467460001,1000.0,0.0,0.0
8668,1703736060000.0,0.0,0.0,0.0,2208.805151515152,0.0,0.0,2414.52,0.9413943126533779,1.0,1319.455467460001,1000.0,1319.455467460001,1000.0,0.0,0.0
8669,1703739660000.0,0.0,0.0,0.0,2208.805151515152,0.0,0.0,2405.28,0.9413943126533779,1.0,1319.455467460001,1000.0,1319.455467460001,1000.0,0.0,0.0
8670,1703743260000.0,0.0,0.0,0.0,2208.805151515152,0.0,0.0,2389.9,0.9413943126533779,1.0,1319.455467460001,1000.0,1319.455467460001,1000.0,0.0,0.0
8671,1703746860000.0,0.0,0.0,0.0,2208.805151515152,0.0,0.0,2379.46,0.9413943126533779,1.0,1319.455467460001,1000.0,1319.455467460001,1000.0,0.0,0.0
8672,1703750460000.0,0.0,0.0,0.0,2208.805151515152,0.0,0.0,2383.58,0.9413943126533779,1.0,1319.455467460001,1000.0,1319.455467460001,1000.0,0.0,0.0
8673,1703754060000.0,0.0,0.0,0.0,2208.805151515152,0.0,0.0,2385.9,0.9413943126533779,1.0,1319.455467460001,1000.0,1319.455467460001,1000.0,0.0,0.0
8674,1703757660000.0,0.0,0.0,0.0,2208.805151515152,0.0,0.0,2390.22,0.9413943126533779,1.0,1319.455467460001,1000.0,1319.455467460001,1000.0,0.0,0.0
8675,1703761260000.0,0.0,0.0,0.0,2208.805151515152,0.0,0.0,2398.89,0.9413943126533779,1.0,1319.455467460001,1000.0,1319.455467460001,1000.0,0.0,0.0
8676,1703764860000.0,0.0,0.0,0.0,2208.805151515152,0.0,0.0,2405.1,0.9413943126533779,1.0,1319.455467460001,1000.0,1319.455467460001,1000.0,0.0,0.0
8677,1703768460000.0,0.0,0.0,0.0,2208.805151515152,0.0,0.0,2367.8,0.9413943126533779,1.0,1319.455467460001,1000.0,1319.455467460001,1000.0,0.0,0.0
8678,1703772060000.0,0.0,0.0,0.0,2208.805151515152,0.0,0.0,2396.69,0.9413943126533779,1.0,1319.455467460001,1000.0,1319.455467460001,1000.0,0.0,0.0
8679,1703775660000.0,0.0,0.0,0.01,2361.35,0.0,0.0,2378.8,0.9413943126533779,1.0,1319.775985120001,1000.0,1319.950485120001,1000.0,0.017892051580142166,0.0
8680,1703779260000.0,0.0,0.0,0.03,2361.25,0.0,0.0,2359.58,0.9413943126533779,1.0,1319.929160500001,1000.0,1319.879060500001,1000.0,0.053667652870981436,0.0
8681,1703782860000.0,0.0,0.0,0.01,2361.25,0.0,0.0,2374.36,0.9413943126533779,1.0,1320.2638466600008,1000.0,1320.3949466600009,1000.0,0.017884682716818177,0.0
8682,1703786460000.0,0.0,0.0,0.03,2360.31,0.0,0.0,2360.4,0.9413943126533779,1.0,1320.4170278800007,1000.0,1320.4197278800007,1000.0,0.05362646686985555,0.0
8683,1703790060000.0,0.0,0.0,0.03,2360.31,0.0,0.0,2363.03,0.9413943126533779,1.0,1320.4170278800007,1000.0,1320.4986278800006,1000.0,0.05362646686985555,0.0
8684,1703793660000.0,0.0,0.0,0.03,2360.31,0.0,0.0,2361.23,0.9413943126533779,1.0,1320.4170278800007,1000.0,1320.4446278800006,1000.0,0.05362646686985555,0.0
8685,1703797260000.0,0.0,0.0,0.03,2360.31,0.0,0.0,2349.69,0.9413943126533779,1.0,1320.4170278800007,1000.0,1320.0984278800006,1000.0,0.05362646686985555,0.0
8686,1703800860000.0,0.0,0.0,0.03,2360.31,0.0,0.0,2348.44,0.9413943126533779,1.0,1320.4170278800007,1000.0,1320.0609278800007,1000.0,0.05362646686985555,0.0
8687,1703804460000.0,0.0,0.0,0.03,2360.31,0.0,0.0,2354.11,0.9413943126533779,1.0,1320.4170278800007,1000.0,1320.2310278800007,1000.0,0.05362646686985555,0.0
8688,1703808060000.0,0.0,0.0,0.03,2360.31,0.0,0.0,2350.71,0.9413943126533779,1.0,1320.4170278800007,1000.0,1320.1290278800006,1000.0,0.05362646686985555,0.0
8689,1703811660000.0,0.0,0.0,0.03,2360.31,0.0,0.0,2332.21,0.9413943126533779,1.0,1320.4170278800007,1000.0,1319.5740278800006,1000.0,0.05362646686985555,0.0
8690,1703815260000.0,0.0,0.0,0.03,2360.31,0.0,0.0,2334.68,0.9413943126533779,1.0,1320.4170278800007,1000.0,1319.6481278800006,1000.0,0.05362646686985555,0.0
8691,1703818860000.0,0.0,0.0,0.03,2360.31,0.0,0.0,2345.1,0.9413943126533779,1.0,1320.4170278800007,1000.0,1319.9607278800006,1000.0,0.05362646686985555,0.0
8692,1703822460000.0,0.0,0.0,0.03,2360.31,0.0,0.0,2355.53,0.9413943126533779,1.0,1320.4170278800007,1000.0,1320.2736278800007,1000.0,0.05362646686985555,0.0
8693,1703826060000.0,0.0,0.0,0.03,2360.31,0.0,0.0,2352.64,0.9413943126533779,1.0,1320.4170278800007,1000.0,1320.1869278800007,1000.0,0.05362646686985555,0.0
8694,1703829660000.0,0.0,0.0,0.03,2360.31,0.0,0.0,2359.63,0.9413943126533779,1.0,1320.4170278800007,1000.0,1320.3966278800008,1000.0,0.05362646686985555,0.0
8695,1703833260000.0,0.0,0.0,0.03,2360.31,0.0,0.0,2355.17,0.9413943126533779,1.0,1320.4170278800007,1000.0,1320.2628278800007,1000.0,0.05362646686985555,0.0
8696,1703836860000.0,0.0,0.0,0.03,2360.31,0.0,0.0,2338.48,0.9413943126533779,1.0,1320.4170278800007,1000.0,1319.7621278800007,1000.0,0.05362646686985555,0.0
8697,1703840460000.0,0.0,0.0,0.03,2360.31,0.0,0.0,2344.01,0.9413943126533779,1.0,1320.4170278800007,1000.0,1319.9280278800006,1000.0,0.05362646686985555,0.0
8698,1703844060000.0,0.0,0.0,0.03,2360.31,0.0,0.0,2368.39,0.9413943126533779,1.0,1320.4170278800007,1000.0,1320.6594278800007,1000.0,0.05362646686985555,0.0
8699,1703847660000.0,0.0,0.0,0.03,2360.31,0.0,0.0,2367.11,0.9413943126533779,1.0,1320.4170278800007,1000.0,1320.6210278800006,1000.0,0.05362646686985555,0.0
8700,1703851260000.0,0.0,0.0,0.0,2360.31,0.0,0.0,2375.57,0.9413943126533779,1.0,1320.918762820001,1000.0,1320.918762820001,1000.0,0.0,0.0
8701,1703854860000.0,0.0,0.0,0.0,2360.31,0.0,0.0,2368.99,0.9413943126533779,1.0,1320.918762820001,1000.0,1320.918762820001,1000.0,0.0,0.0
8702,1703858460000.0,0.0,0.0,0.0,2360.31,0.0,0.0,2368.5,0.9413943126533779,1.0,1320.918762820001,1000.0,1320.918762820001,1000.0,0.0,0.0
8703,1703862060000.0,0.0,0.0,0.0,2360.31,0.0,0.0,2381.12,0.9413943126533779,1.0,1320.918762820001,1000.0,1320.918762820001,1000.0,0.0,0.0
8704,1703865660000.0,0.0,0.0,0.03,2347.82,0.0,0.0,2325.65,0.9413943126533779,1.0,1320.904675900001,1000.0,1320.239575900001,1000.0,0.053322999975005204,0.0
8705,1703869260000.0,0.0,0.0,0.08,2315.78875,0.0,0.0,2307.25,0.9413943126533779,1.0,1320.881710200001,1000.0,1320.198610200001,1000.0,0.14025714685075658,0.0
8706,1703872860000.0,0.0,0.0,0.08,2315.78875,0.0,0.0,2300.38,0.9413943126533779,1.0,1320.881710200001,1000.0,1319.649010200001,1000.0,0.14025714685075658,0.0
8707,1703876460000.0,0.0,0.0,0.08,2315.78875,0.0,0.0,2316.28,0.9413943126533779,1.0,1320.881710200001,1000.0,1320.9210102000009,1000.0,0.14025714685075658,0.0
8708,1703880060000.0,0.0,0.0,0.08,2315.78875,0.0,0.0,2316.54,0.9413943126533779,1.0,1320.881710200001,1000.0,1320.9418102000009,1000.0,0.14025714685075658,0.0
8709,1703883660000.0,0.0,0.0,0.08,2315.78875,0.0,0.0,2307.27,0.9413943126533779,1.0,1320.881710200001,1000.0,1320.200210200001,1000.0,0.14025714685075658,0.0
8710,1703887260000.0,0.0,0.0,0.08,2315.78875,0.0,0.0,2284.61,0.9413943126533779,1.0,1320.881710200001,1000.0,1318.3874102000009,1000.0,0.14025714685075658,0.0
8711,1703890860000.0,0.0,0.0,0.22,2281.1586363636366,0.0,0.0,2285.0,0.9413943126533779,1.0,1320.818391840001,1000.0,1321.663491840001,1000.0,0.37995753473789673,0.0
8712,1703894460000.0,0.0,0.0,0.07,2281.1586363636366,0.0,0.0,2297.51,0.9413943126533779,1.0,1323.2426629854551,1000.0,1324.3872584400006,1000.0,0.12067409025732855,0.0
8713,1703898060000.0,0.0,0.0,0.05,2281.1586363636366,0.0,0.0,2305.51,0.9413943126533779,1.0,1323.5658991381822,1000.0,1324.7834673200005,1000.0,0.08617472835500578,0.0
8714,1703901660000.0,0.0,0.0,0.05,2281.1586363636366,0.0,0.0,2308.18,0.9413943126533779,1.0,1323.5658991381822,1000.0,1324.9169673200004,1000.0,0.08617472835500578,0.0
8715,1703905260000.0,0.0,0.0,0.03,2286.8357575757577,0.0,0.0,2299.05,0.9413943126533779,1.0,1324.0461569872728,1000.0,1324.4125842600001,1000.0,0.051814713833977157,0.0
8716,1703908860000.0,0.0,0.0,0.03,2286.8357575757577,0.0,0.0,2300.8,0.9413943126533779,1.0,1324.0461569872728,1000.0,1324.46508426,1000.0,0.051814713833977157,0.0
8717,1703912460000.0,0.0,0.0,0.03,2292.437171717172,0.0,0.0,2302.26,0.9413943126533779,1.0,1324.203585131515,1000.0,1324.4982699799998,1000.0,0.05193545458093958,0.0
8718,1703916060000.0,0.0,0.0,0.0,2292.437171717172,0.0,0.0,2308.89,0.9413943126533779,1.0,1324.6908151400003,1000.0,1324.6908151400003,1000.0,0.0,0.0
8719,1703919660000.0,0.0,0.0,0.0,2292.437171717172,0.0,0.0,2306.25,0.9413943126533779,1.0,1324.6908151400003,1000.0,1324.6908151400003,1000.0,0.0,0.0
8720,1703923260000.0,0.0,0.0,0.03,2299.77,0.0,0.0,2296.8,0.9413943126533779,1.0,1324.6770165200003,1000.0,1324.5879165200004,1000.0,0.05208295995143683,0.0
8721,1703926860000.0,0.0,0.0,0.03,2299.77,0.0,0.0,2281.81,0.9413943126533779,1.0,1324.6770165200003,1000.0,1324.1382165200002,1000.0,0.05208295995143683,0.0
8722,1703930460000.0,0.0,0.0,0.03,2299.77,0.0,0.0,2279.21,0.9413943126533779,1.0,1324.6770165200003,1000.0,1324.0602165200003,1000.0,0.05208295995143683,0.0
8723,1703934060000.0,0.0,0.0,0.03,2299.77,0.0,0.0,2290.8,0.9413943126533779,1.0,1324.6770165200003,1000.0,1324.4079165200003,1000.0,0.05208295995143683,0.0
8724,1703937660000.0,0.0,0.0,0.03,2299.77,0.0,0.0,2289.36,0.9413943126533779,1.0,1324.6770165200003,1000.0,1324.3647165200002,1000.0,0.05208295995143683,0.0
8725,1703941260000.0,0.0,0.0,0.03,2299.77,0.0,0.0,2296.38,0.9413943126533779,1.0,1324.6770165200003,1000.0,1324.5753165200003,1000.0,0.05208295995143683,0.0
8726,1703944860000.0,0.0,0.0,0.03,2299.77,0.0,0.0,2298.07,0.9413943126533779,1.0,1324.6770165200003,1000.0,1324.6260165200003,1000.0,0.05208295995143683,0.0
8727,1703948460000.0,0.0,0.0,0.03,2299.77,0.0,0.0,2301.61,0.9413943126533779,1.0,1324.6770165200003,1000.0,1324.7322165200003,1000.0,0.05208295995143683,0.0
8728,1703952060000.0,0.0,0.0,0.0,2299.77,0.0,0.0,2316.59,0.9413943126533779,1.0,1325.16591734,1000.0,1325.16591734,1000.0,0.0,0.0
8729,1703955660000.0,0.0,0.0,0.0,2299.77,0.0,0.0,2313.72,0.9413943126533779,1.0,1325.16591734,1000.0,1325.16591734,1000.0,0.0,0.0
8730,1703959260000.0,0.0,0.0,0.0,2299.77,0.0,0.0,2311.21,0.9413943126533779,1.0,1325.16591734,1000.0,1325.16591734,1000.0,0.0,0.0
8731,1703962860000.0,0.0,0.0,0.0,2299.77,0.0,0.0,2302.61,0.9413943126533779,1.0,1325.16591734,1000.0,1325.16591734,1000.0,0.0,0.0
8732,1703966460000.0,0.0,0.0,0.0,2299.77,0.0,0.0,2303.47,0.9413943126533779,1.0,1325.16591734,1000.0,1325.16591734,1000.0,0.0,0.0
8733,1703970060000.0,0.0,0.0,0.0,2299.77,0.0,0.0,2304.63,0.9413943126533779,1.0,1325.16591734,1000.0,1325.16591734,1000.0,0.0,0.0
8734,1703973660000.0,0.0,0.0,0.0,2299.77,0.0,0.0,2303.3,0.9413943126533779,1.0,1325.16591734,1000.0,1325.16591734,1000.0,0.0,0.0
8735,1703977260000.0,0.0,0.0,0.03,2289.95,0.0,0.0,2289.75,0.9413943126533779,1.0,1325.15217764,1000.0,1325.14617764,1000.0,0.05184197042361357,0.0
8736,1703980860000.0,0.0,0.0,0.03,2289.95,0.0,0.0,2295.71,0.9413943126533779,1.0,1325.15217764,1000.0,1325.32497764,1000.0,0.05184197042361357,0.0
8737,1703984460000.0,0.0,0.0,0.03,2289.95,0.0,0.0,2303.39,0.9413943126533779,1.0,1325.15217764,1000.0,1325.55537764,1000.0,0.05184197042361357,0.0
8738,1703988060000.0,0.0,0.0,0.03,2289.95,0.0,0.0,2293.18,0.9413943126533779,1.0,1325.15217764,1000.0,1325.24907764,1000.0,0.05184197042361357,0.0
8739,1703991660000.0,0.0,0.0,0.03,2289.95,0.0,0.0,2287.21,0.9413943126533779,1.0,1325.15217764,1000.0,1325.06997764,1000.0,0.05184197042361357,0.0
8740,1703995260000.0,0.0,0.0,0.03,2289.95,0.0,0.0,2284.53,0.9413943126533779,1.0,1325.15217764,1000.0,1324.98957764,1000.0,0.05184197042361357,0.0
8741,1703998860000.0,0.0,0.0,0.03,2289.95,0.0,0.0,2283.9,0.9413943126533779,1.0,1325.15217764,1000.0,1324.97067764,1000.0,0.05184197042361357,0.0
8742,1704002460000.0,0.0,0.0,0.03,2289.95,0.0,0.0,2282.18,0.9413943126533779,1.0,1325.15217764,1000.0,1324.91907764,1000.0,0.05184197042361357,0.0
8743,1704006060000.0,0.0,0.0,0.03,2289.95,0.0,0.0,2286.68,0.9413943126533779,1.0,1325.15217764,1000.0,1325.05407764,1000.0,0.05184197042361357,0.0
8744,1704009660000.0,0.0,0.0,0.02,2289.95,0.0,0.0,2298.17,0.9413943126533779,1.0,1325.3144643599999,1000.0,1325.47886436,1000.0,0.03455708153167749,0.0
8745,1704013260000.0,0.0,0.0,0.02,2289.95,0.0,0.0,2296.62,0.9413943126533779,1.0,1325.3144643599999,1000.0,1325.4478643599998,1000.0,0.03455708153167749,0.0
8746,1704016860000.0,0.0,0.0,0.0,2289.95,0.0,0.0,2311.96,0.9413943126533779,1.0,1325.6390377999996,1000.0,1325.6390377999996,1000.0,0.0,0.0
8747,1704020460000.0,0.0,0.0,0.0,2289.95,0.0,0.0,2314.42,0.9413943126533779,1.0,1325.6390377999996,1000.0,1325.6390377999996,1000.0,0.0,0.0
8748,1704024060000.0,0.0,0.0,0.0,2289.95,0.0,0.0,2311.49,0.9413943126533779,1.0,1325.6390377999996,1000.0,1325.6390377999996,1000.0,0.0,0.0
8749,1704027660000.0,0.0,0.0,0.0,2289.95,0.0,0.0,2304.19,0.9413943126533779,1.0,1325.6390377999996,1000.0,1325.6390377999996,1000.0,0.0,0.0
8750,1704031260000.0,0.0,0.0,0.0,2289.95,0.0,0.0,2306.0,0.9413943126533779,1.0,1325.6390377999996,1000.0,1325.6390377999996,1000.0,0.0,0.0
8751,1704034860000.0,0.0,0.0,0.0,2289.95,0.0,0.0,2303.5,0.9413943126533779,1.0,1325.6390377999996,1000.0,1325.6390377999996,1000.0,0.0,0.0
8752,1704038460000.0,0.0,0.0,0.0,2289.95,0.0,0.0,2300.23,0.9413943126533779,1.0,1325.6390377999996,1000.0,1325.6390377999996,1000.0,0.0,0.0
8753,1704042060000.0,0.0,0.0,0.0,2289.95,0.0,0.0,2305.44,0.9413943126533779,1.0,1325.6390377999996,1000.0,1325.6390377999996,1000.0,0.0,0.0
8754,1704045660000.0,0.0,0.0,0.0,2289.95,0.0,0.0,2299.21,0.9413943126533779,1.0,1325.6390377999996,1000.0,1325.6390377999996,1000.0,0.0,0.0
8755,1704049260000.0,0.0,0.0,0.0,2289.95,0.0,0.0,2303.52,0.9413943126533779,1.0,1325.6390377999996,1000.0,1325.6390377999996,1000.0,0.0,0.0
8756,1704052860000.0,0.0,0.0,0.0,2289.95,0.0,0.0,2295.2,0.9413943126533779,1.0,1325.6390377999996,1000.0,1325.6390377999996,1000.0,0.0,0.0
8757,1704056460000.0,0.0,0.0,0.03,2288.62,0.0,0.0,2286.28,0.9413943126533779,1.0,1325.6253060799997,1000.0,1325.5551060799999,1000.0,0.05179336852208262,0.0
8758,1704060060000.0,0.0,0.0,0.03,2288.62,0.0,0.0,2284.64,0.9413943126533779,1.0,1325.6253060799997,1000.0,1325.5059060799997,1000.0,0.05179336852208262,0.0
8759,1704063660000.0,0.0,0.0,0.03,2288.62,0.0,0.0,2278.8,0.9413943126533779,1.0,1325.6253060799997,1000.0,1325.3307060799998,1000.0,0.05179336852208262,0.0
8760,1704067260000.0,0.0,0.0,0.03,2288.62,0.0,0.0,2285.88,0.9413943126533779,1.0,1325.6253060799997,1000.0,1325.5431060799997,1000.0,0.05179336852208262,0.0
8761,1704070860000.0,0.0,0.0,0.03,2288.62,0.0,0.0,2295.92,0.9413943126533779,1.0,1325.6253060799997,1000.0,1325.8443060799998,1000.0,0.05179336852208262,0.0
8762,1704074460000.0,0.0,0.0,0.0,2288.62,0.0,0.0,2304.67,0.9413943126533779,1.0,1326.1118742799997,1000.0,1326.1118742799997,1000.0,0.0,0.0
8763,1704078060000.0,0.0,0.0,0.0,2288.62,0.0,0.0,2295.26,0.9413943126533779,1.0,1326.1118742799997,1000.0,1326.1118742799997,1000.0,0.0,0.0
8764,1704081660000.0,0.0,0.0,0.03,2283.67,0.0,0.0,2277.0,0.9413943126533779,1.0,1326.0981722599997,1000.0,1325.8980722599997,1000.0,0.05166291714529839,0.0
8765,1704085260000.0,0.0,0.0,0.03,2283.67,0.0,0.0,2280.81,0.9413943126533779,1.0,1326.0981722599997,1000.0,1326.0123722599997,1000.0,0.05166291714529839,0.0
8766,1704088860000.0,0.0,0.0,0.03,2283.67,0.0,0.0,2276.5,0.9413943126533779,1.0,1326.0981722599997,1000.0,1325.8830722599998,1000.0,0.05166291714529839,0.0
8767,1704092460000.0,0.0,0.0,0.03,2283.67,0.0,0.0,2285.94,0.9413943126533779,1.0,1326.0981722599997,1000.0,1326.1662722599997,1000.0,0.05166291714529839,0.0
8768,1704096060000.0,0.0,0.0,0.03,2283.67,0.0,0.0,2289.33,0.9413943126533779,1.0,1326.0981722599997,1000.0,1326.2679722599996,1000.0,0.05166291714529839,0.0
8769,1704099660000.0,0.0,0.0,0.03,2283.67,0.0,0.0,2291.36,0.9413943126533779,1.0,1326.0981722599997,1000.0,1326.3288722599998,1000.0,0.05166291714529839,0.0
8770,1704103260000.0,0.0,0.0,0.0,2283.67,0.0,0.0,2303.33,0.9413943126533779,1.0,1326.5835703999999,1000.0,1326.5835703999999,1000.0,0.0,0.0
8771,1704106860000.0,0.0,0.0,0.0,2283.67,0.0,0.0,2304.41,0.9413943126533779,1.0,1326.5835703999999,1000.0,1326.5835703999999,1000.0,0.0,0.0
8772,1704110460000.0,0.0,0.0,0.0,2283.67,0.0,0.0,2308.19,0.9413943126533779,1.0,1326.5835703999999,1000.0,1326.5835703999999,1000.0,0.0,0.0
8773,1704114060000.0,0.0,0.0,0.0,2283.67,0.0,0.0,2303.59,0.9413943126533779,1.0,1326.5835703999999,1000.0,1326.5835703999999,1000.0,0.0,0.0
8774,1704117660000.0,0.0,0.0,0.0,2283.67,0.0,0.0,2301.71,0.9413943126533779,1.0,1326.5835703999999,1000.0,1326.5835703999999,1000.0,0.0,0.0
8775,1704121260000.0,0.0,0.0,0.0,2283.67,0.0,0.0,2304.41,0.9413943126533779,1.0,1326.5835703999999,1000.0,1326.5835703999999,1000.0,0.0,0.0
8776,1704124860000.0,0.0,0.0,0.0,2283.67,0.0,0.0,2318.0,0.9413943126533779,1.0,1326.5835703999999,1000.0,1326.5835703999999,1000.0,0.0,0.0
8777,1704128460000.0,0.0,0.0,0.0,2283.67,0.0,0.0,2311.1,0.9413943126533779,1.0,1326.5835703999999,1000.0,1326.5835703999999,1000.0,0.0,0.0
8778,1704132060000.0,0.0,0.0,0.0,2283.67,0.0,0.0,2318.33,0.9413943126533779,1.0,1326.5835703999999,1000.0,1326.5835703999999,1000.0,0.0,0.0
8779,1704135660000.0,0.0,0.0,0.0,2283.67,0.0,0.0,2329.03,0.9413943126533779,1.0,1326.5835703999999,1000.0,1326.5835703999999,1000.0,0.0,0.0
8780,1704139260000.0,0.0,0.0,0.0,2283.67,0.0,0.0,2344.26,0.9413943126533779,1.0,1326.5835703999999,1000.0,1326.5835703999999,1000.0,0.0,0.0
8781,1704142860000.0,0.0,0.0,0.0,2283.67,0.0,0.0,2343.53,0.9413943126533779,1.0,1326.5835703999999,1000.0,1326.5835703999999,1000.0,0.0,0.0
8782,1704146460000.0,0.0,0.0,0.0,2283.67,0.0,0.0,2341.63,0.9413943126533779,1.0,1326.5835703999999,1000.0,1326.5835703999999,1000.0,0.0,0.0
8783,1704150060000.0,0.0,0.0,0.0,2283.67,0.0,0.0,2339.43,0.9413943126533779,1.0,1326.5835703999999,1000.0,1326.5835703999999,1000.0,0.0,0.0
8784,1704153660000.0,0.0,0.0,0.0,2283.67,0.0,0.0,2354.12,0.9413943126533779,1.0,1326.5835703999999,1000.0,1326.5835703999999,1000.0,0.0,0.0
8785,1704157260000.0,0.0,0.0,0.0,2283.67,0.0,0.0,2394.67,0.9413943126533779,1.0,1326.5835703999999,1000.0,1326.5835703999999,1000.0,0.0,0.0
8786,1704160860000.0,0.0,0.0,0.0,2283.67,0.0,0.0,2382.37,0.9413943126533779,1.0,1326.5835703999999,1000.0,1326.5835703999999,1000.0,0.0,0.0
8787,1704164460000.0,0.0,0.0,0.0,2283.67,0.0,0.0,2378.95,0.9413943126533779,1.0,1326.5835703999999,1000.0,1326.5835703999999,1000.0,0.0,0.0
8788,1704168060000.0,0.0,0.0,0.0,2283.67,0.0,0.0,2389.06,0.9413943126533779,1.0,1326.5835703999999,1000.0,1326.5835703999999,1000.0,0.0,0.0
8789,1704171660000.0,0.0,0.0,0.0,2283.67,0.0,0.0,2388.19,0.9413943126533779,1.0,1326.5835703999999,1000.0,1326.5835703999999,1000.0,0.0,0.0
8790,1704175260000.0,0.0,0.0,0.0,2283.67,0.0,0.0,2379.79,0.9413943126533779,1.0,1326.5835703999999,1000.0,1326.5835703999999,1000.0,0.0,0.0
8791,1704178860000.0,0.0,0.0,0.0,2283.67,0.0,0.0,2379.85,0.9413943126533779,1.0,1326.5835703999999,1000.0,1326.5835703999999,1000.0,0.0,0.0
8792,1704182460000.0,0.0,0.0,0.0,2283.67,0.0,0.0,2390.87,0.9413943126533779,1.0,1326.5835703999999,1000.0,1326.5835703999999,1000.0,0.0,0.0
8793,1704186060000.0,0.0,0.0,0.0,2283.67,0.0,0.0,2426.84,0.9413943126533779,1.0,1326.5835703999999,1000.0,1326.5835703999999,1000.0,0.0,0.0
8794,1704189660000.0,0.0,0.0,0.0,2283.67,0.0,0.0,2418.24,0.9413943126533779,1.0,1326.5835703999999,1000.0,1326.5835703999999,1000.0,0.0,0.0
8795,1704193260000.0,0.0,0.0,0.0,2283.67,0.0,0.0,2403.03,0.9413943126533779,1.0,1326.5835703999999,1000.0,1326.5835703999999,1000.0,0.0,0.0
8796,1704196860000.0,0.0,0.0,0.0,2283.67,0.0,0.0,2396.05,0.9413943126533779,1.0,1326.5835703999999,1000.0,1326.5835703999999,1000.0,0.0,0.0
8797,1704200460000.0,0.0,0.0,0.0,2283.67,0.0,0.0,2388.07,0.9413943126533779,1.0,1326.5835703999999,1000.0,1326.5835703999999,1000.0,0.0,0.0
8798,1704204060000.0,0.0,0.0,0.0,2283.67,0.0,0.0,2401.95,0.9413943126533779,1.0,1326.5835703999999,1000.0,1326.5835703999999,1000.0,0.0,0.0
8799,1704207660000.0,0.0,0.0,0.03,2361.38,0.0,0.0,2370.01,0.9413943126533779,1.0,1326.56940212,1000.0,1326.82830212,1000.0,0.05340195536455753,0.0
8800,1704211260000.0,0.0,0.0,0.03,2361.38,0.0,0.0,2357.12,0.9413943126533779,1.0,1326.56940212,1000.0,1326.44160212,1000.0,0.05340195536455753,0.0
8801,1704214860000.0,0.0,0.0,0.03,2361.38,0.0,0.0,2369.4,0.9413943126533779,1.0,1326.56940212,1000.0,1326.81000212,1000.0,0.05340195536455753,0.0
8802,1704218460000.0,0.0,0.0,0.03,2361.38,0.0,0.0,2363.83,0.9413943126533779,1.0,1326.56940212,1000.0,1326.64290212,1000.0,0.05340195536455753,0.0
8803,1704222060000.0,0.0,0.0,0.03,2361.38,0.0,0.0,2369.01,0.9413943126533779,1.0,1326.56940212,1000.0,1326.79830212,1000.0,0.05340195536455753,0.0
8804,1704225660000.0,0.0,0.0,0.03,2361.38,0.0,0.0,2369.99,0.9413943126533779,1.0,1326.56940212,1000.0,1326.82770212,1000.0,0.05340195536455753,0.0
8805,1704229260000.0,0.0,0.0,0.01,2361.38,0.0,0.0,2359.64,0.9413943126533779,1.0,1326.9040877599998,1000.0,1326.8866877599999,1000.0,0.017796161921441817,0.0
8806,1704232860000.0,0.0,0.0,0.03,2358.9466666666667,0.0,0.0,2366.71,0.9413943126533779,1.0,1326.8946568399997,1000.0,1327.1275568399997,1000.0,0.05333384955255979,0.0
8807,1704236460000.0,0.0,0.0,0.03,2358.9466666666667,0.0,0.0,2359.29,0.9413943126533779,1.0,1326.8946568399997,1000.0,1326.9049568399996,1000.0,0.05333384955255979,0.0
8808,1704240060000.0,0.0,0.0,0.03,2358.9466666666667,0.0,0.0,2358.08,0.9413943126533779,1.0,1326.8946568399997,1000.0,1326.8686568399996,1000.0,0.05333384955255979,0.0
8809,1704243660000.0,0.0,0.0,0.03,2358.9466666666667,0.0,0.0,2365.06,0.9413943126533779,1.0,1326.8946568399997,1000.0,1327.0780568399996,1000.0,0.05333384955255979,0.0
8810,1704247260000.0,0.0,0.0,0.0,2358.9466666666667,0.0,0.0,2375.66,0.9413943126533779,1.0,1327.3961999999995,1000.0,1327.3961999999995,1000.0,0.0,0.0
8811,1704250860000.0,0.0,0.0,0.0,2358.9466666666667,0.0,0.0,2371.28,0.9413943126533779,1.0,1327.3961999999995,1000.0,1327.3961999999995,1000.0,0.0,0.0
8812,1704254460000.0,0.0,0.0,0.0,2358.9466666666667,0.0,0.0,2369.04,0.9413943126533779,1.0,1327.3961999999995,1000.0,1327.3961999999995,1000.0,0.0,0.0
8813,1704258060000.0,0.0,0.0,0.0,2358.9466666666667,0.0,0.0,2371.8,0.9413943126533779,1.0,1327.3961999999995,1000.0,1327.3961999999995,1000.0,0.0,0.0
8814,1704261660000.0,0.0,0.0,0.0,2358.9466666666667,0.0,0.0,2379.9,0.9413943126533779,1.0,1327.3961999999995,1000.0,1327.3961999999995,1000.0,0.0,0.0
8815,1704265260000.0,0.0,0.0,0.0,2358.9466666666667,0.0,0.0,2374.91,0.9413943126533779,1.0,1327.3961999999995,1000.0,1327.3961999999995,1000.0,0.0,0.0
8816,1704268860000.0,0.0,0.0,0.0,2358.9466666666667,0.0,0.0,2364.22,0.9413943126533779,1.0,1327.3961999999995,1000.0,1327.3961999999995,1000.0,0.0,0.0
8817,1704272460000.0,0.0,0.0,0.0,2358.9466666666667,0.0,0.0,2373.38,0.9413943126533779,1.0,1327.3961999999995,1000.0,1327.3961999999995,1000.0,0.0,0.0
8818,1704276060000.0,0.0,0.0,0.0,2358.9466666666667,0.0,0.0,2379.47,0.9413943126533779,1.0,1327.3961999999995,1000.0,1327.3961999999995,1000.0,0.0,0.0
8819,1704279660000.0,0.0,0.0,0.0,2358.9466666666667,0.0,0.0,2367.64,0.9413943126533779,1.0,1327.3961999999995,1000.0,1327.3961999999995,1000.0,0.0,0.0
8820,1704283260000.0,1.60765393220418,0.0,0.59,2250.9815254237287,0.0,0.0,2229.66,0.9413943126533779,1.0,1327.1305841799995,1000.0,1314.5508841799995,1000.0,1.0007147117482689,0.0
8821,1704286860000.0,1.60765393220418,0.0,0.59,2250.9815254237287,0.0,0.0,2234.2,0.9413943126533779,1.0,1327.1305841799995,1000.0,1317.2294841799994,1000.0,1.0007147117482689,0.0
8822,1704290460000.0,1.60765393220418,0.0,0.59,2250.9815254237287,0.0,0.0,2217.02,0.9413943126533779,1.0,1327.1305841799995,1000.0,1307.0932841799995,1000.0,1.0007147117482689,0.0
8823,1704294060000.0,1.60765393220418,0.0,0.59,2250.9815254237287,0.0,0.0,2197.09,0.9413943126533779,1.0,1327.1305841799995,1000.0,1295.3345841799996,1000.0,1.0007147117482689,0.0
8824,1704297660000.0,1.60765393220418,0.0,0.59,2250.9815254237287,0.0,0.0,2238.99,0.9413943126533779,1.0,1327.1305841799995,1000.0,1320.0555841799994,1000.0,1.0007147117482689,0.0
8825,1704301260000.0,1.60765393220418,0.0,0.59,2250.9815254237287,0.0,0.0,2230.57,0.9413943126533779,1.0,1327.1305841799995,1000.0,1315.0877841799995,1000.0,1.0007147117482689,0.0
8826,1704304860000.0,1.60765393220418,0.0,0.59,2250.9815254237287,0.0,0.0,2219.8,0.9413943126533779,1.0,1327.1305841799995,1000.0,1308.7334841799996,1000.0,1.0007147117482689,0.0
8827,1704308460000.0,1.60765393220418,0.0,0.59,2250.9815254237287,0.0,0.0,2203.31,0.9413943126533779,1.0,1327.1305841799995,1000.0,1299.0043841799995,1000.0,1.0007147117482689,0.0
8828,1704312060000.0,1.60765393220418,0.0,0.59,2250.9815254237287,0.0,0.0,2208.97,0.9413943126533779,1.0,1327.1305841799995,1000.0,1302.3437841799994,1000.0,1.0007147117482689,0.0
8829,1704315660000.0,1.60765393220418,0.0,0.59,2250.9815254237287,0.0,0.0,2220.23,0.9413943126533779,1.0,1327.1305841799995,1000.0,1308.9871841799995,1000.0,1.0007147117482689,0.0
8830,1704319260000.0,1.60765393220418,0.0,0.59,2250.9815254237287,0.0,0.0,2225.84,0.9413943126533779,1.0,1327.1305841799995,1000.0,1312.2970841799995,1000.0,1.0007147117482689,0.0
8831,1704322860000.0,1.60765393220418,0.0,0.59,2250.9815254237287,0.0,0.0,2204.28,0.9413943126533779,1.0,1327.1305841799995,1000.0,1299.5766841799996,1000.0,1.0007147117482689,0.0
8832,1704326460000.0,1.60765393220418,0.0,0.59,2250.9815254237287,0.0,0.0,2209.4,0.9413943126533779,1.0,1327.1305841799995,1000.0,1302.5974841799996,1000.0,1.0007147117482689,0.0
8833,1704330060000.0,1.60765393220418,0.0,0.59,2250.9815254237287,0.0,0.0,2214.97,0.9413943126533779,1.0,1327.1305841799995,1000.0,1305.8837841799993,1000.0,1.0007147117482689,0.0
8834,1704333660000.0,1.60765393220418,0.0,0.59,2250.9815254237287,0.0,0.0,2205.74,0.9413943126533779,1.0,1327.1305841799995,1000.0,1300.4380841799994,1000.0,1.0007147117482689,0.0
8835,1704337260000.0,1.60765393220418,0.0,0.59,2250.9815254237287,0.0,0.0,2232.81,0.9413943126533779,1.0,1327.1305841799995,1000.0,1316.4093841799995,1000.0,1.0007147117482689,0.0
8836,1704340860000.0,1.60765393220418,0.0,0.59,2250.9815254237287,0.0,0.0,2230.12,0.9413943126533779,1.0,1327.1305841799995,1000.0,1314.8222841799995,1000.0,1.0007147117482689,0.0
8837,1704344460000.0,1.60765393220418,0.0,0.59,2250.9815254237287,0.0,0.0,2237.45,0.9413943126533779,1.0,1327.1305841799995,1000.0,1319.1469841799994,1000.0,1.0007147117482689,0.0
8838,1704348060000.0,0.0,0.0,0.58,2250.9815254237287,0.0,0.0,2237.98,0.9413943126533779,1.0,1327.050382105762,1000.0,1319.5094973599994,1000.0,0.9838128999097131,0.0
8839,1704351660000.0,0.0,0.0,0.58,2250.9815254237287,0.0,0.0,2239.72,0.9413943126533779,1.0,1327.050382105762,1000.0,1320.5186973599994,1000.0,0.9838128999097131,0.0
8840,1704355260000.0,0.0,0.0,0.58,2250.9815254237287,0.0,0.0,2226.45,0.9413943126533779,1.0,1327.050382105762,1000.0,1312.8220973599994,1000.0,0.9838128999097131,0.0
8841,1704358860000.0,0.0,0.0,0.58,2250.9815254237287,0.0,0.0,2220.0,0.9413943126533779,1.0,1327.050382105762,1000.0,1309.0810973599994,1000.0,0.9838128999097131,0.0
8842,1704362460000.0,0.0,0.0,0.58,2250.9815254237287,0.0,0.0,2226.15,0.9413943126533779,1.0,1327.050382105762,1000.0,1312.6480973599994,1000.0,0.9838128999097131,0.0
8843,1704366060000.0,0.0,0.0,0.58,2250.9815254237287,0.0,0.0,2225.25,0.9413943126533779,1.0,1327.050382105762,1000.0,1312.1260973599994,1000.0,0.9838128999097131,0.0
8844,1704369660000.0,0.0,0.0,0.58,2250.9815254237287,0.0,0.0,2231.26,0.9413943126533779,1.0,1327.050382105762,1000.0,1315.6118973599996,1000.0,0.9838128999097131,0.0
8845,1704373260000.0,0.0,0.0,0.58,2250.9815254237287,0.0,0.0,2236.06,0.9413943126533779,1.0,1327.050382105762,1000.0,1318.3958973599995,1000.0,0.9838128999097131,0.0
8846,1704376860000.0,0.0,0.0,0.58,2250.9815254237287,0.0,0.0,2237.2,0.9413943126533779,1.0,1327.050382105762,1000.0,1319.0570973599993,1000.0,0.9838128999097131,0.0
8847,1704380460000.0,0.0,0.0,0.21,2250.9815254237287,0.0,0.0,2272.78,0.9413943126533779,1.0,1332.9537308389822,1000.0,1337.5314104999993,1000.0,0.35463055423645823,0.0
8848,1704384060000.0,0.0,0.0,0.15,2250.9815254237287,0.0,0.0,2280.3,0.9413943126533779,1.0,1333.9110306335583,1000.0,1338.308801819999,1000.0,0.2531257490637808,0.0
8849,1704387660000.0,0.0,0.0,0.09,2250.9815254237287,0.0,0.0,2271.87,0.9413943126533779,1.0,1334.8683304281344,1000.0,1336.7482931399989,1000.0,0.15176653207673232,0.0
8850,1704391260000.0,0.0,0.0,0.09,2250.9815254237287,0.0,0.0,2277.8,0.9413943126533779,1.0,1334.8683304281344,1000.0,1337.2819931399988,1000.0,0.15176653207673232,0.0
8851,1704394860000.0,0.0,0.0,0.09,2250.9815254237287,0.0,0.0,2275.62,0.9413943126533779,1.0,1334.8683304281344,1000.0,1337.0857931399987,1000.0,0.15176653207673232,0.0
8852,1704398460000.0,0.0,0.0,0.04,2250.9815254237287,0.0,0.0,2276.58,0.9413943126533779,1.0,1336.8823369569482,1000.0,1337.906275939999,1000.0,0.0673501762480453,0.0
8853,1704402060000.0,0.0,0.0,0.0,2250.9815254237287,0.0,0.0,2282.14,0.9413943126533779,1.0,1338.4935421799992,1000.0,1338.4935421799992,1000.0,0.0,0.0
8854,1704405660000.0,0.0,0.0,0.0,2250.9815254237287,0.0,0.0,2276.69,0.9413943126533779,1.0,1338.4935421799992,1000.0,1338.4935421799992,1000.0,0.0,0.0
8855,1704409260000.0,0.0,0.0,0.0,2250.9815254237287,0.0,0.0,2270.04,0.9413943126533779,1.0,1338.4935421799992,1000.0,1338.4935421799992,1000.0,0.0,0.0
8856,1704412860000.0,0.0,0.0,0.0,2250.9815254237287,0.0,0.0,2270.8,0.9413943126533779,1.0,1338.4935421799992,1000.0,1338.4935421799992,1000.0,0.0,0.0
8857,1704416460000.0,0.0,0.0,0.0,2250.9815254237287,0.0,0.0,2270.36,0.9413943126533779,1.0,1338.4935421799992,1000.0,1338.4935421799992,1000.0,0.0,0.0
8858,1704420060000.0,0.0,0.0,0.03,2248.06,0.0,0.0,2245.89,0.9413943126533779,1.0,1338.480053819999,1000.0,1338.414953819999,1000.0,0.05038685470696576,0.0
8859,1704423660000.0,0.0,0.0,0.03,2248.06,0.0,0.0,2245.31,0.9413943126533779,1.0,1338.480053819999,1000.0,1338.397553819999,1000.0,0.05038685470696576,0.0
8860,1704427260000.0,0.0,0.0,0.03,2248.06,0.0,0.0,2243.9,0.9413943126533779,1.0,1338.480053819999,1000.0,1338.355253819999,1000.0,0.05038685470696576,0.0
8861,1704430860000.0,0.0,0.0,0.03,2248.06,0.0,0.0,2243.55,0.9413943126533779,1.0,1338.480053819999,1000.0,1338.3447538199991,1000.0,0.05038685470696576,0.0
8862,1704434460000.0,0.0,0.0,0.03,2248.06,0.0,0.0,2246.73,0.9413943126533779,1.0,1338.480053819999,1000.0,1338.440153819999,1000.0,0.05038685470696576,0.0
8863,1704438060000.0,0.0,0.0,0.03,2248.06,0.0,0.0,2258.02,0.9413943126533779,1.0,1338.480053819999,1000.0,1338.778853819999,1000.0,0.05038685470696576,0.0
8864,1704441660000.0,0.0,0.0,0.0,2248.06,0.0,0.0,2254.79,0.9413943126533779,1.0,1338.9578671799993,1000.0,1338.9578671799993,1000.0,0.0,0.0
8865,1704445260000.0,0.0,0.0,0.0,2248.06,0.0,0.0,2263.04,0.9413943126533779,1.0,1338.9578671799993,1000.0,1338.9578671799993,1000.0,0.0,0.0
8866,1704448860000.0,0.0,0.0,0.0,2248.06,0.0,0.0,2264.09,0.9413943126533779,1.0,1338.9578671799993,1000.0,1338.9578671799993,1000.0,0.0,0.0
8867,1704452460000.0,0.0,0.0,0.03,2243.11,0.0,0.0,2245.0,0.9413943126533779,1.0,1338.9444085199993,1000.0,1339.0011085199994,1000.0,0.050258471951335586,0.0
8868,1704456060000.0,0.0,0.0,0.03,2243.11,0.0,0.0,2245.48,0.9413943126533779,1.0,1338.9444085199993,1000.0,1339.0155085199992,1000.0,0.050258471951335586,0.0
8869,1704459660000.0,0.0,0.0,0.03,2243.11,0.0,0.0,2241.6,0.9413943126533779,1.0,1338.9444085199993,1000.0,1338.8991085199993,1000.0,0.050258471951335586,0.0
8870,1704463260000.0,0.0,0.0,0.03,2243.11,0.0,0.0,2250.12,0.9413943126533779,1.0,1338.9444085199993,1000.0,1339.1547085199993,1000.0,0.050258471951335586,0.0
8871,1704466860000.0,0.0,0.0,0.03,2243.11,0.0,0.0,2234.34,0.9413943126533779,1.0,1338.9444085199993,1000.0,1338.6813085199994,1000.0,0.050258471951335586,0.0
8872,1704470460000.0,0.0,0.0,0.03,2243.11,0.0,0.0,2229.4,0.9413943126533779,1.0,1338.9444085199993,1000.0,1338.5331085199994,1000.0,0.050258471951335586,0.0
8873,1704474060000.0,0.0,0.0,0.03,2243.11,0.0,0.0,2218.51,0.9413943126533779,1.0,1338.9444085199993,1000.0,1338.2064085199993,1000.0,0.050258471951335586,0.0
8874,1704477660000.0,0.0,0.0,0.03,2243.11,0.0,0.0,2231.61,0.9413943126533779,1.0,1338.9444085199993,1000.0,1338.5994085199993,1000.0,0.050258471951335586,0.0
8875,1704481260000.0,0.0,0.0,0.03,2243.11,0.0,0.0,2231.41,0.9413943126533779,1.0,1338.9444085199993,1000.0,1338.5934085199992,1000.0,0.050258471951335586,0.0
8876,1704484860000.0,0.0,0.0,0.03,2243.11,0.0,0.0,2236.48,0.9413943126533779,1.0,1338.9444085199993,1000.0,1338.7455085199992,1000.0,0.050258471951335586,0.0
8877,1704488460000.0,0.0,0.0,0.02,2243.11,0.0,0.0,2245.52,0.9413943126533779,1.0,1339.1033895999994,1000.0,1339.1515895999994,1000.0,0.03350167010883356,0.0
8878,1704492060000.0,0.0,0.0,0.02,2243.11,0.0,0.0,2245.68,0.9413943126533779,1.0,1339.1033895999994,1000.0,1339.1547895999995,1000.0,0.03350167010883356,0.0
8879,1704495660000.0,0.0,0.0,0.02,2243.11,0.0,0.0,2254.6,0.9413943126533779,1.0,1339.1033895999994,1000.0,1339.3331895999995,1000.0,0.03350167010883356,0.0
8880,1704499260000.0,0.0,0.0,0.0,2243.11,0.0,0.0,2267.28,0.9413943126533779,1.0,1339.4213517599997,1000.0,1339.4213517599997,1000.0,0.0,0.0
8881,1704502860000.0,0.0,0.0,0.0,2243.11,0.0,0.0,2261.55,0.9413943126533779,1.0,1339.4213517599997,1000.0,1339.4213517599997,1000.0,0.0,0.0
8882,1704506460000.0,0.0,0.0,0.0,2243.11,0.0,0.0,2256.53,0.9413943126533779,1.0,1339.4213517599997,1000.0,1339.4213517599997,1000.0,0.0,0.0
8883,1704510060000.0,0.0,0.0,0.0,2243.11,0.0,0.0,2253.52,0.9413943126533779,1.0,1339.4213517599997,1000.0,1339.4213517599997,1000.0,0.0,0.0
8884,1704513660000.0,0.0,0.0,0.0,2243.11,0.0,0.0,2252.89,0.9413943126533779,1.0,1339.4213517599997,1000.0,1339.4213517599997,1000.0,0.0,0.0
8885,1704517260000.0,0.0,0.0,0.0,2243.11,0.0,0.0,2248.06,0.9413943126533779,1.0,1339.4213517599997,1000.0,1339.4213517599997,1000.0,0.0,0.0
8886,1704520860000.0,0.0,0.0,0.03,2236.16,0.0,0.0,2233.49,0.9413943126533779,1.0,1339.4079347999996,1000.0,1339.3278347999997,1000.0,0.05008541330615388,0.0
8887,1704524460000.0,0.0,0.0,0.03,2236.16,0.0,0.0,2219.2,0.9413943126533779,1.0,1339.4079347999996,1000.0,1338.8991347999995,1000.0,0.05008541330615388,0.0
8888,1704528060000.0,0.0,0.0,0.03,2236.16,0.0,0.0,2231.63,0.9413943126533779,1.0,1339.4079347999996,1000.0,1339.2720347999996,1000.0,0.05008541330615388,0.0
8889,1704531660000.0,0.0,0.0,0.03,2236.16,0.0,0.0,2235.22,0.9413943126533779,1.0,1339.4079347999996,1000.0,1339.3797347999996,1000.0,0.05008541330615388,0.0
8890,1704535260000.0,0.0,0.0,0.03,2236.16,0.0,0.0,2233.82,0.9413943126533779,1.0,1339.4079347999996,1000.0,1339.3377347999997,1000.0,0.05008541330615388,0.0
8891,1704538860000.0,0.0,0.0,0.03,2236.16,0.0,0.0,2233.86,0.9413943126533779,1.0,1339.4079347999996,1000.0,1339.3389347999996,1000.0,0.05008541330615388,0.0
8892,1704542460000.0,0.0,0.0,0.03,2236.16,0.0,0.0,2237.09,0.9413943126533779,1.0,1339.4079347999996,1000.0,1339.4358347999996,1000.0,0.05008541330615388,0.0
8893,1704546060000.0,0.0,0.0,0.03,2236.16,0.0,0.0,2233.71,0.9413943126533779,1.0,1339.4079347999996,1000.0,1339.3344347999996,1000.0,0.05008541330615388,0.0
8894,1704549660000.0,0.0,0.0,0.03,2236.16,0.0,0.0,2236.24,0.9413943126533779,1.0,1339.4079347999996,1000.0,1339.4103347999996,1000.0,0.05008541330615388,0.0
8895,1704553260000.0,0.0,0.0,0.03,2236.16,0.0,0.0,2240.43,0.9413943126533779,1.0,1339.4079347999996,1000.0,1339.5360347999995,1000.0,0.05008541330615388,0.0
8896,1704556860000.0,0.0,0.0,0.03,2236.16,0.0,0.0,2246.8,0.9413943126533779,1.0,1339.4079347999996,1000.0,1339.7271347999995,1000.0,0.05008541330615388,0.0
8897,1704560460000.0,0.0,0.0,0.03,2236.16,0.0,0.0,2243.76,0.9413943126533779,1.0,1339.4079347999996,1000.0,1339.6359347999996,1000.0,0.05008541330615388,0.0
8898,1704564060000.0,0.0,0.0,0.02,2236.16,0.0,0.0,2248.62,0.9413943126533779,1.0,1339.5664298799995,1000.0,1339.8156298799995,1000.0,0.03338632486035528,0.0
8899,1704567660000.0,0.0,0.0,0.0,2236.16,0.0,0.0,2245.87,0.9413943126533779,1.0,1339.8834200399995,1000.0,1339.8834200399995,1000.0,0.0,0.0
8900,1704571260000.0,0.0,0.0,0.0,2236.16,0.0,0.0,2245.21,0.9413943126533779,1.0,1339.8834200399995,1000.0,1339.8834200399995,1000.0,0.0,0.0
8901,1704574860000.0,0.0,0.0,0.0,2236.16,0.0,0.0,2238.12,0.9413943126533779,1.0,1339.8834200399995,1000.0,1339.8834200399995,1000.0,0.0,0.0
8902,1704578460000.0,0.0,0.0,0.0,2236.16,0.0,0.0,2240.12,0.9413943126533779,1.0,1339.8834200399995,1000.0,1339.8834200399995,1000.0,0.0,0.0
8903,1704582060000.0,0.0,0.0,0.03,2229.12,0.0,0.0,2235.2,0.9413943126533779,1.0,1339.8700453199995,1000.0,1340.0524453199994,1000.0,0.04991051201837165,0.0
8904,1704585660000.0,0.0,0.0,0.03,2229.12,0.0,0.0,2239.66,0.9413943126533779,1.0,1339.8700453199995,1000.0,1340.1862453199994,1000.0,0.04991051201837165,0.0
8905,1704589260000.0,0.0,0.0,0.01,2229.12,0.0,0.0,2247.35,0.9413943126533779,1.0,1340.1860638399994,1000.0,1340.3683638399993,1000.0,0.01663291434036377,0.0
8906,1704592860000.0,0.0,0.0,0.0,2229.12,0.0,0.0,2244.31,0.9413943126533779,1.0,1340.3440730999994,1000.0,1340.3440730999994,1000.0,0.0,0.0
8907,1704596460000.0,0.0,0.0,0.0,2229.12,0.0,0.0,2241.79,0.9413943126533779,1.0,1340.3440730999994,1000.0,1340.3440730999994,1000.0,0.0,0.0
8908,1704600060000.0,0.0,0.0,0.0,2229.12,0.0,0.0,2243.55,0.9413943126533779,1.0,1340.3440730999994,1000.0,1340.3440730999994,1000.0,0.0,0.0
8909,1704603660000.0,0.0,0.0,0.0,2229.12,0.0,0.0,2248.89,0.9413943126533779,1.0,1340.3440730999994,1000.0,1340.3440730999994,1000.0,0.0,0.0
8910,1704607260000.0,0.0,0.0,0.0,2229.12,0.0,0.0,2243.56,0.9413943126533779,1.0,1340.3440730999994,1000.0,1340.3440730999994,1000.0,0.0,0.0
8911,1704610860000.0,0.0,0.0,0.0,2229.12,0.0,0.0,2251.07,0.9413943126533779,1.0,1340.3440730999994,1000.0,1340.3440730999994,1000.0,0.0,0.0
8912,1704614460000.0,0.0,0.0,0.0,2229.12,0.0,0.0,2249.72,0.9413943126533779,1.0,1340.3440730999994,1000.0,1340.3440730999994,1000.0,0.0,0.0
8913,1704618060000.0,0.0,0.0,0.0,2229.12,0.0,0.0,2241.56,0.9413943126533779,1.0,1340.3440730999994,1000.0,1340.3440730999994,1000.0,0.0,0.0
8914,1704621660000.0,0.0,0.0,0.03,2231.11,0.0,0.0,2235.84,0.9413943126533779,1.0,1340.3306864399995,1000.0,1340.4725864399995,1000.0,0.04993790015938451,0.0
8915,1704625260000.0,0.0,0.0,0.03,2231.11,0.0,0.0,2236.37,0.9413943126533779,1.0,1340.3306864399995,1000.0,1340.4884864399994,1000.0,0.04993790015938451,0.0
8916,1704628860000.0,0.0,0.0,0.03,2231.11,0.0,0.0,2235.56,0.9413943126533779,1.0,1340.3306864399995,1000.0,1340.4641864399994,1000.0,0.04993790015938451,0.0
8917,1704632460000.0,0.0,0.0,0.03,2231.11,0.0,0.0,2237.6,0.9413943126533779,1.0,1340.3306864399995,1000.0,1340.5253864399995,1000.0,0.04993790015938451,0.0
8918,1704636060000.0,0.0,0.0,0.02,2231.11,0.0,0.0,2250.5,0.9413943126533779,1.0,1340.4887916999996,1000.0,1340.8765916999996,1000.0,0.03328800678997876,0.0
8919,1704639660000.0,0.0,0.0,0.0,2231.11,0.0,0.0,2248.59,0.9413943126533779,1.0,1340.8050022199996,1000.0,1340.8050022199996,1000.0,0.0,0.0
8920,1704643260000.0,0.0,0.0,0.03,2230.24,0.0,0.0,2231.81,0.9413943126533779,1.0,1340.7916207799994,1000.0,1340.8387207799994,1000.0,0.049901266507823956,0.0
8921,1704646860000.0,0.0,0.0,0.03,2230.24,0.0,0.0,2224.5,0.9413943126533779,1.0,1340.7916207799994,1000.0,1340.6194207799995,1000.0,0.049901266507823956,0.0
8922,1704650460000.0,0.0,0.0,0.03,2230.24,0.0,0.0,2239.55,0.9413943126533779,1.0,1340.7916207799994,1000.0,1341.0709207799994,1000.0,0.049901266507823956,0.0
8923,1704654060000.0,0.0,0.0,0.01,2230.24,0.0,0.0,2245.57,0.9413943126533779,1.0,1341.1076348199995,1000.0,1341.2609348199994,1000.0,0.01662983598105709,0.0
8924,1704657660000.0,0.0,0.0,0.0,2230.24,0.0,0.0,2248.09,0.9413943126533779,1.0,1341.2656418399995,1000.0,1341.2656418399995,1000.0,0.0,0.0
8925,1704661260000.0,0.0,0.0,0.0,2230.24,0.0,0.0,2237.79,0.9413943126533779,1.0,1341.2656418399995,1000.0,1341.2656418399995,1000.0,0.0,0.0
8926,1704664860000.0,0.0,0.0,0.0,2230.24,0.0,0.0,2235.87,0.9413943126533779,1.0,1341.2656418399995,1000.0,1341.2656418399995,1000.0,0.0,0.0
8927,1704668460000.0,0.0,0.0,0.03,2228.3,0.0,0.0,2218.24,0.9413943126533779,1.0,1341.2522720399995,1000.0,1340.9504720399996,1000.0,0.049840735701662545,0.0
8928,1704672060000.0,0.0,0.0,0.03,2228.3,0.0,0.0,2219.43,0.9413943126533779,1.0,1341.2522720399995,1000.0,1340.9861720399995,1000.0,0.049840735701662545,0.0
8929,1704675660000.0,0.0,0.0,0.03,2228.3,0.0,0.0,2198.1,0.9413943126533779,1.0,1341.2522720399995,1000.0,1340.3462720399996,1000.0,0.049840735701662545,0.0
8930,1704679260000.0,0.0,0.0,0.03,2228.3,0.0,0.0,2201.54,0.9413943126533779,1.0,1341.2522720399995,1000.0,1340.4494720399996,1000.0,0.049840735701662545,0.0
8931,1704682860000.0,0.0,0.0,0.08,2197.99375,0.0,0.0,2187.34,0.9413943126533779,1.0,1341.2304739399995,1000.0,1340.3781739399994,1000.0,0.1311031201695364,0.0
8932,1704686460000.0,0.0,0.0,0.08,2197.99375,0.0,0.0,2189.38,0.9413943126533779,1.0,1341.2304739399995,1000.0,1340.5413739399994,1000.0,0.1311031201695364,0.0
8933,1704690060000.0,0.0,0.0,0.08,2197.99375,0.0,0.0,2196.43,0.9413943126533779,1.0,1341.2304739399995,1000.0,1341.1053739399995,1000.0,0.1311031201695364,0.0
8934,1704693660000.0,0.0,0.0,0.08,2197.99375,0.0,0.0,2195.45,0.9413943126533779,1.0,1341.2304739399995,1000.0,1341.0269739399994,1000.0,0.1311031201695364,0.0
8935,1704697260000.0,0.0,0.0,0.02,2197.99375,0.0,0.0,2213.92,0.9413943126533779,1.0,1342.16488082,1000.0,1342.48340582,1000.0,0.03275296174725014,0.0
8936,1704700860000.0,0.0,0.0,0.01,2197.99375,0.0,0.0,2224.88,0.9413943126533779,1.0,1342.3206153,1000.0,1342.5894778000002,1000.0,0.01637458089331931,0.0
8937,1704704460000.0,0.0,0.0,0.01,2197.99375,0.0,0.0,2223.94,0.9413943126533779,1.0,1342.3206153,1000.0,1342.5800778,1000.0,0.01637458089331931,0.0
8938,1704708060000.0,0.0,0.0,0.03,2202.917916666667,0.0,0.0,2211.39,0.9413943126533779,1.0,1342.31179378,1000.0,1342.56595628,1000.0,0.04923411818791746,0.0
8939,1704711660000.0,0.0,0.0,0.01,2202.917916666667,0.0,0.0,2224.94,0.9413943126533779,1.0,1342.6239595666668,1000.0,1342.8441804000001,1000.0,0.01640755701527672,0.0
8940,1704715260000.0,0.0,0.0,0.0,2202.917916666667,0.0,0.0,2246.97,0.9413943126533779,1.0,1343.0180948400002,1000.0,1343.0180948400002,1000.0,0.0,0.0
8941,1704718860000.0,0.0,0.0,0.0,2202.917916666667,0.0,0.0,2263.41,0.9413943126533779,1.0,1343.0180948400002,1000.0,1343.0180948400002,1000.0,0.0,0.0
8942,1704722460000.0,0.0,0.0,0.0,2202.917916666667,0.0,0.0,2268.5,0.9413943126533779,1.0,1343.0180948400002,1000.0,1343.0180948400002,1000.0,0.0,0.0
8943,1704726060000.0,0.0,0.0,0.0,2202.917916666667,0.0,0.0,2261.14,0.9413943126533779,1.0,1343.0180948400002,1000.0,1343.0180948400002,1000.0,0.0,0.0
8944,1704729660000.0,0.0,0.0,0.0,2202.917916666667,0.0,0.0,2272.91,0.9413943126533779,1.0,1343.0180948400002,1000.0,1343.0180948400002,1000.0,0.0,0.0
8945,1704733260000.0,0.0,0.0,0.0,2202.917916666667,0.0,0.0,2263.71,0.9413943126533779,1.0,1343.0180948400002,1000.0,1343.0180948400002,1000.0,0.0,0.0
8946,1704736860000.0,0.0,0.0,0.0,2202.917916666667,0.0,0.0,2312.2,0.9413943126533779,1.0,1343.0180948400002,1000.0,1343.0180948400002,1000.0,0.0,0.0
8947,1704740460000.0,0.0,0.0,0.0,2202.917916666667,0.0,0.0,2332.21,0.9413943126533779,1.0,1343.0180948400002,1000.0,1343.0180948400002,1000.0,0.0,0.0
8948,1704744060000.0,0.0,0.0,0.0,2202.917916666667,0.0,0.0,2353.59,0.9413943126533779,1.0,1343.0180948400002,1000.0,1343.0180948400002,1000.0,0.0,0.0
8949,1704747660000.0,0.0,0.0,0.0,2202.917916666667,0.0,0.0,2336.32,0.9413943126533779,1.0,1343.0180948400002,1000.0,1343.0180948400002,1000.0,0.0,0.0
8950,1704751260000.0,0.0,0.0,0.0,2202.917916666667,0.0,0.0,2339.99,0.9413943126533779,1.0,1343.0180948400002,1000.0,1343.0180948400002,1000.0,0.0,0.0
8951,1704754860000.0,0.0,0.0,0.0,2202.917916666667,0.0,0.0,2328.19,0.9413943126533779,1.0,1343.0180948400002,1000.0,1343.0180948400002,1000.0,0.0,0.0
8952,1704758460000.0,0.0,0.0,0.0,2202.917916666667,0.0,0.0,2328.61,0.9413943126533779,1.0,1343.0180948400002,1000.0,1343.0180948400002,1000.0,0.0,0.0
8953,1704762060000.0,0.0,0.0,0.0,2202.917916666667,0.0,0.0,2307.32,0.9413943126533779,1.0,1343.0180948400002,1000.0,1343.0180948400002,1000.0,0.0,0.0
8954,1704765660000.0,0.0,0.0,0.0,2202.917916666667,0.0,0.0,2309.95,0.9413943126533779,1.0,1343.0180948400002,1000.0,1343.0180948400002,1000.0,0.0,0.0
8955,1704769260000.0,0.0,0.0,0.0,2202.917916666667,0.0,0.0,2309.84,0.9413943126533779,1.0,1343.0180948400002,1000.0,1343.0180948400002,1000.0,0.0,0.0
8956,1704772860000.0,0.0,0.0,0.0,2202.917916666667,0.0,0.0,2307.06,0.9413943126533779,1.0,1343.0180948400002,1000.0,1343.0180948400002,1000.0,0.0,0.0
8957,1704776460000.0,0.0,0.0,0.0,2202.917916666667,0.0,0.0,2316.49,0.9413943126533779,1.0,1343.0180948400002,1000.0,1343.0180948400002,1000.0,0.0,0.0
8958,1704780060000.0,0.0,0.0,0.0,2202.917916666667,0.0,0.0,2308.19,0.9413943126533779,1.0,1343.0180948400002,1000.0,1343.0180948400002,1000.0,0.0,0.0
8959,1704783660000.0,0.0,0.0,0.0,2202.917916666667,0.0,0.0,2302.05,0.9413943126533779,1.0,1343.0180948400002,1000.0,1343.0180948400002,1000.0,0.0,0.0
8960,1704787260000.0,0.0,0.0,0.0,2202.917916666667,0.0,0.0,2303.44,0.9413943126533779,1.0,1343.0180948400002,1000.0,1343.0180948400002,1000.0,0.0,0.0
8961,1704790860000.0,0.0,0.0,0.0,2202.917916666667,0.0,0.0,2295.47,0.9413943126533779,1.0,1343.0180948400002,1000.0,1343.0180948400002,1000.0,0.0,0.0
8962,1704794460000.0,0.0,0.0,0.0,2202.917916666667,0.0,0.0,2293.57,0.9413943126533779,1.0,1343.0180948400002,1000.0,1343.0180948400002,1000.0,0.0,0.0
8963,1704798060000.0,0.0,0.0,0.0,2202.917916666667,0.0,0.0,2294.92,0.9413943126533779,1.0,1343.0180948400002,1000.0,1343.0180948400002,1000.0,0.0,0.0
8964,1704801660000.0,0.0,0.0,0.0,2202.917916666667,0.0,0.0,2301.05,0.9413943126533779,1.0,1343.0180948400002,1000.0,1343.0180948400002,1000.0,0.0,0.0
8965,1704805260000.0,0.0,0.0,0.05,2251.625,0.0,0.0,2273.87,0.9413943126533779,1.0,1343.4606106600006,1000.0,1344.5728606600005,1000.0,0.08379944235558372,0.0
8966,1704808860000.0,0.0,0.0,0.03,2251.625,0.0,0.0,2279.7,0.9413943126533779,1.0,1343.7796385400009,1000.0,1344.6218885400008,1000.0,0.05026772847473031,0.0
8967,1704812460000.0,0.0,0.0,0.03,2260.477777777778,0.0,0.0,2242.83,0.9413943126533779,1.0,1344.0350792333343,1000.0,1343.505645900001,1000.0,0.050455776326921505,0.0
8968,1704816060000.0,0.0,0.0,0.03,2260.477777777778,0.0,0.0,2256.39,0.9413943126533779,1.0,1344.0350792333343,1000.0,1343.9124459000009,1000.0,0.050455776326921505,0.0
8969,1704819660000.0,0.0,0.0,0.03,2260.477777777778,0.0,0.0,2261.1,0.9413943126533779,1.0,1344.0350792333343,1000.0,1344.0537459000009,1000.0,0.050455776326921505,0.0
8970,1704823260000.0,0.0,0.0,0.03,2260.477777777778,0.0,0.0,2262.99,0.9413943126533779,1.0,1344.0350792333343,1000.0,1344.110445900001,1000.0,0.050455776326921505,0.0
8971,1704826860000.0,0.0,0.0,0.01,2260.477777777778,0.0,0.0,2278.03,0.9413943126533779,1.0,1344.3554158777788,1000.0,1344.530938100001,1000.0,0.016814584529358478,0.0
8972,1704830460000.0,0.0,0.0,0.03,2268.49,0.0,0.0,2272.56,0.9413943126533779,1.0,1344.501973260001,1000.0,1344.624073260001,1000.0,0.05061703244286687,0.0
8973,1704834060000.0,0.0,0.0,0.03,2268.49,0.0,0.0,2254.0,0.9413943126533779,1.0,1344.501973260001,1000.0,1344.067273260001,1000.0,0.05061703244286687,0.0
8974,1704837660000.0,0.0,0.0,0.0,2267.4266666666667,0.0,0.0,2333.37,0.9413943126533779,1.0,1345.6302708800008,1000.0,1345.6302708800008,1000.0,0.0,0.0
8975,1704841260000.0,0.0,0.0,0.0,2267.4266666666667,0.0,0.0,2339.38,0.9413943126533779,1.0,1345.6302708800008,1000.0,1345.6302708800008,1000.0,0.0,0.0
8976,1704844860000.0,0.0,0.0,0.0,2267.4266666666667,0.0,0.0,2341.49,0.9413943126533779,1.0,1345.6302708800008,1000.0,1345.6302708800008,1000.0,0.0,0.0
8977,1704848460000.0,0.0,0.0,0.0,2267.4266666666667,0.0,0.0,2397.67,0.9413943126533779,1.0,1345.6302708800008,1000.0,1345.6302708800008,1000.0,0.0,0.0
8978,1704852060000.0,0.0,0.0,0.0,2267.4266666666667,0.0,0.0,2374.81,0.9413943126533779,1.0,1345.6302708800008,1000.0,1345.6302708800008,1000.0,0.0,0.0
8979,1704855660000.0,0.0,0.0,0.0,2267.4266666666667,0.0,0.0,2347.41,0.9413943126533779,1.0,1345.6302708800008,1000.0,1345.6302708800008,1000.0,0.0,0.0
8980,1704859260000.0,0.0,0.0,0.0,2267.4266666666667,0.0,0.0,2364.54,0.9413943126533779,1.0,1345.6302708800008,1000.0,1345.6302708800008,1000.0,0.0,0.0
8981,1704862860000.0,0.0,0.0,0.0,2267.4266666666667,0.0,0.0,2381.1,0.9413943126533779,1.0,1345.6302708800008,1000.0,1345.6302708800008,1000.0,0.0,0.0
8982,1704866460000.0,0.0,0.0,0.0,2267.4266666666667,0.0,0.0,2383.63,0.9413943126533779,1.0,1345.6302708800008,1000.0,1345.6302708800008,1000.0,0.0,0.0
8983,1704870060000.0,0.0,0.0,0.0,2267.4266666666667,0.0,0.0,2382.55,0.9413943126533779,1.0,1345.6302708800008,1000.0,1345.6302708800008,1000.0,0.0,0.0
8984,1704873660000.0,0.0,0.0,0.0,2267.4266666666667,0.0,0.0,2374.19,0.9413943126533779,1.0,1345.6302708800008,1000.0,1345.6302708800008,1000.0,0.0,0.0
8985,1704877260000.0,0.0,0.0,0.0,2267.4266666666667,0.0,0.0,2374.37,0.9413943126533779,1.0,1345.6302708800008,1000.0,1345.6302708800008,1000.0,0.0,0.0
8986,1704880860000.0,0.0,0.0,0.0,2267.4266666666667,0.0,0.0,2426.02,0.9413943126533779,1.0,1345.6302708800008,1000.0,1345.6302708800008,1000.0,0.0,0.0
8987,1704884460000.0,0.0,0.0,0.0,2267.4266666666667,0.0,0.0,2397.83,0.9413943126533779,1.0,1345.6302708800008,1000.0,1345.6302708800008,1000.0,0.0,0.0
8988,1704888060000.0,0.0,0.0,0.0,2267.4266666666667,0.0,0.0,2406.77,0.9413943126533779,1.0,1345.6302708800008,1000.0,1345.6302708800008,1000.0,0.0,0.0
8989,1704891660000.0,0.0,0.0,0.0,2343.32,0.0,0.0,2359.85,0.9413943126533779,1.0,1346.114448560001,1000.0,1346.114448560001,1000.0,0.0,0.0
8990,1704895260000.0,0.0,0.0,0.0,2343.32,0.0,0.0,2377.23,0.9413943126533779,1.0,1346.114448560001,1000.0,1346.114448560001,1000.0,0.0,0.0
8991,1704898860000.0,0.0,0.0,0.0,2343.32,0.0,0.0,2388.46,0.9413943126533779,1.0,1346.114448560001,1000.0,1346.114448560001,1000.0,0.0,0.0
8992,1704902460000.0,0.0,0.0,0.0,2343.32,0.0,0.0,2442.89,0.9413943126533779,1.0,1346.114448560001,1000.0,1346.114448560001,1000.0,0.0,0.0
8993,1704906060000.0,0.0,0.0,0.0,2343.32,0.0,0.0,2408.23,0.9413943126533779,1.0,1346.114448560001,1000.0,1346.114448560001,1000.0,0.0,0.0
8994,1704909660000.0,0.0,0.0,0.0,2343.32,0.0,0.0,2430.96,0.9413943126533779,1.0,1346.114448560001,1000.0,1346.114448560001,1000.0,0.0,0.0
8995,1704913260000.0,0.0,0.0,0.0,2343.32,0.0,0.0,2435.56,0.9413943126533779,1.0,1346.114448560001,1000.0,1346.114448560001,1000.0,0.0,0.0
8996,1704916860000.0,0.0,0.0,0.0,2343.32,0.0,0.0,2465.23,0.9413943126533779,1.0,1346.114448560001,1000.0,1346.114448560001,1000.0,0.0,0.0
8997,1704920460000.0,0.0,0.0,0.0,2343.32,0.0,0.0,2484.44,0.9413943126533779,1.0,1346.114448560001,1000.0,1346.114448560001,1000.0,0.0,0.0
8998,1704924060000.0,0.0,0.0,0.0,2343.32,0.0,0.0,2523.62,0.9413943126533779,1.0,1346.114448560001,1000.0,1346.114448560001,1000.0,0.0,0.0
8999,1704927660000.0,0.0,0.0,0.0,2343.32,0.0,0.0,2550.0,0.9413943126533779,1.0,1346.114448560001,1000.0,1346.114448560001,1000.0,0.0,0.0
9000,1704931260000.0,0.0,0.0,0.0,2343.32,0.0,0.0,2575.8,0.9413943126533779,1.0,1346.114448560001,1000.0,1346.114448560001,1000.0,0.0,0.0
9001,1704934860000.0,0.0,0.0,0.0,2343.32,0.0,0.0,2605.3,0.9413943126533779,1.0,1346.114448560001,1000.0,1346.114448560001,1000.0,0.0,0.0
9002,1704938460000.0,0.0,0.0,0.0,2343.32,0.0,0.0,2570.8,0.9413943126533779,1.0,1346.114448560001,1000.0,1346.114448560001,1000.0,0.0,0.0
9003,1704942060000.0,0.0,0.0,0.0,2343.32,0.0,0.0,2585.3,0.9413943126533779,1.0,1346.114448560001,1000.0,1346.114448560001,1000.0,0.0,0.0
9004,1704945660000.0,0.0,0.0,0.0,2343.32,0.0,0.0,2615.11,0.9413943126533779,1.0,1346.114448560001,1000.0,1346.114448560001,1000.0,0.0,0.0
9005,1704949260000.0,0.0,0.0,0.0,2343.32,0.0,0.0,2609.44,0.9413943126533779,1.0,1346.114448560001,1000.0,1346.114448560001,1000.0,0.0,0.0
9006,1704952860000.0,0.0,0.0,0.0,2343.32,0.0,0.0,2597.59,0.9413943126533779,1.0,1346.114448560001,1000.0,1346.114448560001,1000.0,0.0,0.0
9007,1704956460000.0,0.0,0.0,0.0,2343.32,0.0,0.0,2577.59,0.9413943126533779,1.0,1346.114448560001,1000.0,1346.114448560001,1000.0,0.0,0.0
9008,1704960060000.0,0.0,0.0,0.0,2343.32,0.0,0.0,2591.41,0.9413943126533779,1.0,1346.114448560001,1000.0,1346.114448560001,1000.0,0.0,0.0
9009,1704963660000.0,0.0,0.0,0.0,2343.32,0.0,0.0,2615.99,0.9413943126533779,1.0,1346.114448560001,1000.0,1346.114448560001,1000.0,0.0,0.0
9010,1704967260000.0,0.0,0.0,0.0,2343.32,0.0,0.0,2614.0,0.9413943126533779,1.0,1346.114448560001,1000.0,1346.114448560001,1000.0,0.0,0.0
9011,1704970860000.0,0.0,0.0,0.0,2343.32,0.0,0.0,2633.58,0.9413943126533779,1.0,1346.114448560001,1000.0,1346.114448560001,1000.0,0.0,0.0
9012,1704974460000.0,0.0,0.0,0.0,2343.32,0.0,0.0,2659.81,0.9413943126533779,1.0,1346.114448560001,1000.0,1346.114448560001,1000.0,0.0,0.0
9013,1704978060000.0,0.0,0.0,0.0,2343.32,0.0,0.0,2640.66,0.9413943126533779,1.0,1346.114448560001,1000.0,1346.114448560001,1000.0,0.0,0.0
9014,1704981660000.0,0.0,0.0,0.0,2343.32,0.0,0.0,2640.19,0.9413943126533779,1.0,1346.114448560001,1000.0,1346.114448560001,1000.0,0.0,0.0
9015,1704985260000.0,0.0,0.0,0.0,2343.32,0.0,0.0,2680.86,0.9413943126533779,1.0,1346.114448560001,1000.0,1346.114448560001,1000.0,0.0,0.0
9016,1704988860000.0,0.0,0.0,0.0,2343.32,0.0,0.0,2613.4,0.9413943126533779,1.0,1346.114448560001,1000.0,1346.114448560001,1000.0,0.0,0.0
9017,1704992460000.0,0.0,0.0,0.0,2343.32,0.0,0.0,2591.84,0.9413943126533779,1.0,1346.114448560001,1000.0,1346.114448560001,1000.0,0.0,0.0
9018,1704996060000.0,0.0,0.0,0.0,2343.32,0.0,0.0,2599.31,0.9413943126533779,1.0,1346.114448560001,1000.0,1346.114448560001,1000.0,0.0,0.0
9019,1704999660000.0,0.0,0.0,0.0,2343.32,0.0,0.0,2615.05,0.9413943126533779,1.0,1346.114448560001,1000.0,1346.114448560001,1000.0,0.0,0.0
9020,1705003260000.0,0.0,0.0,0.0,2343.32,0.0,0.0,2625.61,0.9413943126533779,1.0,1346.114448560001,1000.0,1346.114448560001,1000.0,0.0,0.0
9021,1705006860000.0,0.0,0.0,0.0,2343.32,0.0,0.0,2597.8,0.9413943126533779,1.0,1346.114448560001,1000.0,1346.114448560001,1000.0,0.0,0.0
9022,1705010460000.0,0.0,0.0,0.0,2343.32,0.0,0.0,2604.35,0.9413943126533779,1.0,1346.114448560001,1000.0,1346.114448560001,1000.0,0.0,0.0
9023,1705014060000.0,0.0,0.0,0.0,2343.32,0.0,0.0,2614.95,0.9413943126533779,1.0,1346.114448560001,1000.0,1346.114448560001,1000.0,0.0,0.0
9024,1705017660000.0,0.0,0.0,0.0,2343.32,0.0,0.0,2624.46,0.9413943126533779,1.0,1346.114448560001,1000.0,1346.114448560001,1000.0,0.0,0.0
9025,1705021260000.0,0.0,0.0,0.0,2343.32,0.0,0.0,2600.3,0.9413943126533779,1.0,1346.114448560001,1000.0,1346.114448560001,1000.0,0.0,0.0
9026,1705024860000.0,0.0,0.0,0.0,2343.32,0.0,0.0,2599.16,0.9413943126533779,1.0,1346.114448560001,1000.0,1346.114448560001,1000.0,0.0,0.0
9027,1705028460000.0,0.0,0.0,0.0,2343.32,0.0,0.0,2606.48,0.9413943126533779,1.0,1346.114448560001,1000.0,1346.114448560001,1000.0,0.0,0.0
9028,1705032060000.0,0.0,0.0,0.0,2343.32,0.0,0.0,2594.5,0.9413943126533779,1.0,1346.114448560001,1000.0,1346.114448560001,1000.0,0.0,0.0
9029,1705035660000.0,0.0,0.0,0.0,2343.32,0.0,0.0,2594.43,0.9413943126533779,1.0,1346.114448560001,1000.0,1346.114448560001,1000.0,0.0,0.0
9030,1705039260000.0,0.0,0.0,0.0,2343.32,0.0,0.0,2613.14,0.9413943126533779,1.0,1346.114448560001,1000.0,1346.114448560001,1000.0,0.0,0.0
9031,1705042860000.0,0.0,0.0,0.0,2343.32,0.0,0.0,2620.35,0.9413943126533779,1.0,1346.114448560001,1000.0,1346.114448560001,1000.0,0.0,0.0
9032,1705046460000.0,0.0,0.0,0.0,2343.32,0.0,0.0,2592.79,0.9413943126533779,1.0,1346.114448560001,1000.0,1346.114448560001,1000.0,0.0,0.0
9033,1705050060000.0,0.0,0.0,0.0,2343.32,0.0,0.0,2604.15,0.9413943126533779,1.0,1346.114448560001,1000.0,1346.114448560001,1000.0,0.0,0.0
9034,1705053660000.0,0.0,0.0,0.0,2343.32,0.0,0.0,2618.53,0.9413943126533779,1.0,1346.114448560001,1000.0,1346.114448560001,1000.0,0.0,0.0
9035,1705057260000.0,0.0,0.0,0.0,2343.32,0.0,0.0,2625.26,0.9413943126533779,1.0,1346.114448560001,1000.0,1346.114448560001,1000.0,0.0,0.0
9036,1705060860000.0,0.0,0.0,0.0,2343.32,0.0,0.0,2657.01,0.9413943126533779,1.0,1346.114448560001,1000.0,1346.114448560001,1000.0,0.0,0.0
9037,1705064460000.0,0.0,0.0,0.0,2343.32,0.0,0.0,2647.78,0.9413943126533779,1.0,1346.114448560001,1000.0,1346.114448560001,1000.0,0.0,0.0
9038,1705068060000.0,0.0,0.0,0.0,2343.32,0.0,0.0,2670.4,0.9413943126533779,1.0,1346.114448560001,1000.0,1346.114448560001,1000.0,0.0,0.0
9039,1705071660000.0,0.0,0.0,0.0,2343.32,0.0,0.0,2701.31,0.9413943126533779,1.0,1346.114448560001,1000.0,1346.114448560001,1000.0,0.0,0.0
9040,1705075260000.0,0.0,0.0,0.0,2343.32,0.0,0.0,2652.0,0.9413943126533779,1.0,1346.114448560001,1000.0,1346.114448560001,1000.0,0.0,0.0
9041,1705078860000.0,0.0,0.0,0.02,2613.11,0.0,0.0,2628.21,0.9413943126533779,1.0,1346.283905600001,1000.0,1346.5859056000008,1000.0,0.03881959799312034,0.0
9042,1705082460000.0,0.0,0.0,0.03,2612.96,0.0,0.0,2609.55,0.9413943126533779,1.0,1346.638499240001,1000.0,1346.536199240001,1000.0,0.058210722509597114,0.0
9043,1705086060000.0,0.0,0.0,0.03,2612.96,0.0,0.0,2595.74,0.9413943126533779,1.0,1346.638499240001,1000.0,1346.121899240001,1000.0,0.058210722509597114,0.0
9044,1705089660000.0,0.0,0.0,0.03,2612.96,0.0,0.0,2580.1,0.9413943126533779,1.0,1346.638499240001,1000.0,1345.652699240001,1000.0,0.058210722509597114,0.0
9045,1705093260000.0,0.0,0.0,0.03,2612.96,0.0,0.0,2573.6,0.9413943126533779,1.0,1346.638499240001,1000.0,1345.457699240001,1000.0,0.058210722509597114,0.0
9046,1705096860000.0,0.0,0.0,0.22,2538.2145454545457,0.0,0.0,2522.78,0.9413943126533779,1.0,1346.542495560001,1000.0,1343.146895560001,1000.0,0.41469704954819814,0.0
9047,1705100460000.0,1.6297702962943998,0.0,0.54,2494.9348148148147,0.0,0.0,2509.81,0.9413943126533779,1.0,1346.384724040001,1000.0,1354.417324040001,1000.0,1.000653658604621,0.0
9048,1705104060000.0,0.0,0.0,0.27,2494.9348148148147,0.0,0.0,2536.3,0.9413943126533779,1.0,1351.1590155600009,1000.0,1362.327615560001,1000.0,0.49855893513822025,0.0
9049,1705107660000.0,0.0,0.0,0.27,2494.9348148148147,0.0,0.0,2519.73,0.9413943126533779,1.0,1351.1590155600009,1000.0,1357.8537155600009,1000.0,0.49855893513822025,0.0
9050,1705111260000.0,0.0,0.0,0.13,2494.9348148148147,0.0,0.0,2522.32,0.9413943126533779,1.0,1353.634574125927,1000.0,1357.194648200001,1000.0,0.23960789132130486,0.0
9051,1705114860000.0,0.0,0.0,0.07,2494.9348148148147,0.0,0.0,2547.42,0.9413943126533779,1.0,1356.313404157038,1000.0,1359.987367120001,1000.0,0.12876480944725377,0.0
9052,1705118460000.0,0.0,0.0,0.06,2494.9348148148147,0.0,0.0,2547.01,0.9413943126533779,1.0,1356.7598758288898,1000.0,1359.884386940001,1000.0,0.1103335170473217,0.0
9053,1705122060000.0,0.0,0.0,0.06,2494.9348148148147,0.0,0.0,2548.48,0.9413943126533779,1.0,1356.7598758288898,1000.0,1359.9725869400008,1000.0,0.1103335170473217,0.0
9054,1705125660000.0,0.0,0.0,0.06,2494.9348148148147,0.0,0.0,2553.12,0.9413943126533779,1.0,1356.7598758288898,1000.0,1360.250986940001,1000.0,0.1103335170473217,0.0
9055,1705129260000.0,0.0,0.0,0.06,2494.9348148148147,0.0,0.0,2548.72,0.9413943126533779,1.0,1356.7598758288898,1000.0,1359.9869869400009,1000.0,0.1103335170473217,0.0
9056,1705132860000.0,0.0,0.0,0.06,2494.9348148148147,0.0,0.0,2554.34,0.9413943126533779,1.0,1356.7598758288898,1000.0,1360.324186940001,1000.0,0.1103335170473217,0.0
9057,1705136460000.0,0.0,0.0,0.06,2494.9348148148147,0.0,0.0,2558.48,0.9413943126533779,1.0,1356.7598758288898,1000.0,1360.572586940001,1000.0,0.1103335170473217,0.0
9058,1705140060000.0,0.0,0.0,0.06,2494.9348148148147,0.0,0.0,2539.19,0.9413943126533779,1.0,1356.7598758288898,1000.0,1359.415186940001,1000.0,0.1103335170473217,0.0
9059,1705143660000.0,0.0,0.0,0.04,2494.9348148148147,0.0,0.0,2536.39,0.9413943126533779,1.0,1357.6528191725936,1000.0,1359.311026580001,1000.0,0.07350729964484809,0.0
9060,1705147260000.0,0.0,0.0,0.03,2508.3565432098767,0.0,0.0,2544.9,0.9413943126533779,1.0,1358.5406921162974,1000.0,1359.636995820001,1000.0,0.05539082983158409,0.0
9061,1705150860000.0,0.0,0.0,0.03,2508.3565432098767,0.0,0.0,2544.39,0.9413943126533779,1.0,1358.5406921162974,1000.0,1359.6216958200012,1000.0,0.05539082983158409,0.0
9062,1705154460000.0,0.0,0.0,0.03,2508.3565432098767,0.0,0.0,2545.75,0.9413943126533779,1.0,1358.5406921162974,1000.0,1359.6624958200011,1000.0,0.05539082983158409,0.0
9063,1705158060000.0,0.0,0.0,0.03,2508.3565432098767,0.0,0.0,2544.19,0.9413943126533779,1.0,1358.5406921162974,1000.0,1359.615695820001,1000.0,0.05539082983158409,0.0
9064,1705161660000.0,0.0,0.0,0.01,2508.3565432098767,0.0,0.0,2561.2,0.9413943126533779,1.0,1359.4383462521002,1000.0,1359.9667808200015,1000.0,0.01845141819138237,0.0
9065,1705165260000.0,0.0,0.0,0.01,2508.3565432098767,0.0,0.0,2557.66,0.9413943126533779,1.0,1359.4383462521002,1000.0,1359.9313808200016,1000.0,0.01845141819138237,0.0
9066,1705168860000.0,0.0,0.0,0.0,2508.3565432098767,0.0,0.0,2554.08,0.9413943126533779,1.0,1359.8871733200017,1000.0,1359.8871733200017,1000.0,0.0,0.0
9067,1705172460000.0,0.0,0.0,0.0,2508.3565432098767,0.0,0.0,2564.13,0.9413943126533779,1.0,1359.8871733200017,1000.0,1359.8871733200017,1000.0,0.0,0.0
9068,1705176060000.0,0.0,0.0,0.0,2508.3565432098767,0.0,0.0,2577.28,0.9413943126533779,1.0,1359.8871733200017,1000.0,1359.8871733200017,1000.0,0.0,0.0
9069,1705179660000.0,0.0,0.0,0.0,2508.3565432098767,0.0,0.0,2568.26,0.9413943126533779,1.0,1359.8871733200017,1000.0,1359.8871733200017,1000.0,0.0,0.0
9070,1705183260000.0,0.0,0.0,0.0,2508.3565432098767,0.0,0.0,2575.59,0.9413943126533779,1.0,1359.8871733200017,1000.0,1359.8871733200017,1000.0,0.0,0.0
9071,1705186860000.0,0.0,0.0,0.0,2508.3565432098767,0.0,0.0,2575.73,0.9413943126533779,1.0,1359.8871733200017,1000.0,1359.8871733200017,1000.0,0.0,0.0
9072,1705190460000.0,0.0,0.0,0.0,2508.3565432098767,0.0,0.0,2575.0,0.9413943126533779,1.0,1359.8871733200017,1000.0,1359.8871733200017,1000.0,0.0,0.0
9073,1705194060000.0,0.0,0.0,0.0,2508.3565432098767,0.0,0.0,2567.1,0.9413943126533779,1.0,1359.8871733200017,1000.0,1359.8871733200017,1000.0,0.0,0.0
9074,1705197660000.0,0.0,0.0,0.0,2508.3565432098767,0.0,0.0,2570.25,0.9413943126533779,1.0,1359.8871733200017,1000.0,1359.8871733200017,1000.0,0.0,0.0
9075,1705201260000.0,0.0,0.0,0.0,2508.3565432098767,0.0,0.0,2560.83,0.9413943126533779,1.0,1359.8871733200017,1000.0,1359.8871733200017,1000.0,0.0,0.0
9076,1705204860000.0,0.0,0.0,0.03,2549.43,0.0,0.0,2552.46,0.9413943126533779,1.0,1359.8718767400017,1000.0,1359.9627767400016,1000.0,0.05624272500093992,0.0
9077,1705208460000.0,0.0,0.0,0.03,2549.43,0.0,0.0,2546.65,0.9413943126533779,1.0,1359.8718767400017,1000.0,1359.7884767400017,1000.0,0.05624272500093992,0.0
9078,1705212060000.0,0.0,0.0,0.03,2549.43,0.0,0.0,2553.45,0.9413943126533779,1.0,1359.8718767400017,1000.0,1359.9924767400016,1000.0,0.05624272500093992,0.0
9079,1705215660000.0,0.0,0.0,0.03,2549.43,0.0,0.0,2552.1,0.9413943126533779,1.0,1359.8718767400017,1000.0,1359.9519767400016,1000.0,0.05624272500093992,0.0
9080,1705219260000.0,0.0,0.0,0.03,2549.43,0.0,0.0,2551.52,0.9413943126533779,1.0,1359.8718767400017,1000.0,1359.9345767400016,1000.0,0.05624272500093992,0.0
9081,1705222860000.0,0.0,0.0,0.03,2549.43,0.0,0.0,2553.65,0.9413943126533779,1.0,1359.8718767400017,1000.0,1359.9984767400017,1000.0,0.05624272500093992,0.0
9082,1705226460000.0,0.0,0.0,0.03,2549.43,0.0,0.0,2553.37,0.9413943126533779,1.0,1359.8718767400017,1000.0,1359.9900767400018,1000.0,0.05624272500093992,0.0
9083,1705230060000.0,0.0,0.0,0.03,2549.43,0.0,0.0,2539.62,0.9413943126533779,1.0,1359.8718767400017,1000.0,1359.5775767400016,1000.0,0.05624272500093992,0.0
9084,1705233660000.0,0.0,0.0,0.03,2549.43,0.0,0.0,2536.99,0.9413943126533779,1.0,1359.8718767400017,1000.0,1359.4986767400017,1000.0,0.05624272500093992,0.0
9085,1705237260000.0,0.0,0.0,0.03,2549.43,0.0,0.0,2536.76,0.9413943126533779,1.0,1359.8718767400017,1000.0,1359.4917767400016,1000.0,0.05624272500093992,0.0
9086,1705240860000.0,0.0,0.0,0.03,2549.43,0.0,0.0,2535.3,0.9413943126533779,1.0,1359.8718767400017,1000.0,1359.4479767400016,1000.0,0.05624272500093992,0.0
9087,1705244460000.0,0.0,0.0,0.03,2549.43,0.0,0.0,2542.34,0.9413943126533779,1.0,1359.8718767400017,1000.0,1359.6591767400016,1000.0,0.05624272500093992,0.0
9088,1705248060000.0,0.0,0.0,0.03,2549.43,0.0,0.0,2542.0,0.9413943126533779,1.0,1359.8718767400017,1000.0,1359.6489767400017,1000.0,0.05624272500093992,0.0
9089,1705251660000.0,0.0,0.0,0.03,2549.43,0.0,0.0,2526.81,0.9413943126533779,1.0,1359.8718767400017,1000.0,1359.1932767400017,1000.0,0.05624272500093992,0.0
9090,1705255260000.0,0.0,0.0,0.03,2549.43,0.0,0.0,2531.55,0.9413943126533779,1.0,1359.8718767400017,1000.0,1359.3354767400017,1000.0,0.05624272500093992,0.0
9091,1705258860000.0,0.0,0.0,0.03,2549.43,0.0,0.0,2530.37,0.9413943126533779,1.0,1359.8718767400017,1000.0,1359.3000767400017,1000.0,0.05624272500093992,0.0
9092,1705262460000.0,0.0,0.0,0.08,2514.5612499999997,0.0,0.0,2494.68,0.9413943126533779,1.0,1359.8469403400018,1000.0,1358.2564403400017,1000.0,0.14793201648834306,0.0
9093,1705266060000.0,0.0,0.0,0.08,2514.5612499999997,0.0,0.0,2512.6,0.9413943126533779,1.0,1359.8469403400018,1000.0,1359.6900403400018,1000.0,0.14793201648834306,0.0
9094,1705269660000.0,0.0,0.0,0.08,2514.5612499999997,0.0,0.0,2527.65,0.9413943126533779,1.0,1359.8469403400018,1000.0,1360.8940403400018,1000.0,0.14793201648834306,0.0
9095,1705273260000.0,0.0,0.0,0.07,2514.5612499999997,0.0,0.0,2510.01,0.9413943126533779,1.0,1360.0251620600018,1000.0,1359.7065745600019,1000.0,0.12942355215942272,0.0
9096,1705276860000.0,0.0,0.0,0.07,2514.5612499999997,0.0,0.0,2472.87,0.9413943126533779,1.0,1360.0251620600018,1000.0,1357.106774560002,1000.0,0.12942355215942272,0.0
9097,1705280460000.0,0.0,0.0,0.07,2514.5612499999997,0.0,0.0,2495.5,0.9413943126533779,1.0,1360.0251620600018,1000.0,1358.6908745600017,1000.0,0.12942355215942272,0.0
9098,1705284060000.0,0.0,0.0,0.07,2514.5612499999997,0.0,0.0,2503.57,0.9413943126533779,1.0,1360.0251620600018,1000.0,1359.2557745600018,1000.0,0.12942355215942272,0.0
9099,1705287660000.0,0.0,0.0,0.07,2514.5612499999997,0.0,0.0,2508.66,0.9413943126533779,1.0,1360.0251620600018,1000.0,1359.6120745600017,1000.0,0.12942355215942272,0.0
9100,1705291260000.0,0.0,0.0,0.07,2514.5612499999997,0.0,0.0,2507.25,0.9413943126533779,1.0,1360.0251620600018,1000.0,1359.5133745600017,1000.0,0.12942355215942272,0.0
9101,1705294860000.0,0.0,0.0,0.07,2514.5612499999997,0.0,0.0,2511.98,0.9413943126533779,1.0,1360.0251620600018,1000.0,1359.8444745600018,1000.0,0.12942355215942272,0.0
9102,1705298460000.0,0.0,0.0,0.07,2514.5612499999997,0.0,0.0,2518.32,0.9413943126533779,1.0,1360.0251620600018,1000.0,1360.2882745600018,1000.0,0.12942355215942272,0.0
9103,1705302060000.0,0.0,0.0,0.07,2514.5612499999997,0.0,0.0,2514.15,0.9413943126533779,1.0,1360.0251620600018,1000.0,1359.9963745600019,1000.0,0.12942355215942272,0.0
9104,1705305660000.0,0.0,0.0,0.07,2514.5612499999997,0.0,0.0,2514.28,0.9413943126533779,1.0,1360.0251620600018,1000.0,1360.0054745600019,1000.0,0.12942355215942272,0.0
9105,1705309260000.0,0.0,0.0,0.07,2514.5612499999997,0.0,0.0,2513.08,0.9413943126533779,1.0,1360.0251620600018,1000.0,1359.9214745600018,1000.0,0.12942355215942272,0.0
9106,1705312860000.0,0.0,0.0,0.05,2514.5612499999997,0.0,0.0,2531.88,0.9413943126533779,1.0,1360.3816055000018,1000.0,1361.2475430000018,1000.0,0.09242117211206281,0.0
9107,1705316460000.0,0.0,0.0,0.02,2514.5612499999997,0.0,0.0,2536.35,0.9413943126533779,1.0,1360.9162706600018,1000.0,1361.3520456600017,1000.0,0.036953944988555636,0.0
9108,1705320060000.0,0.0,0.0,0.02,2514.5612499999997,0.0,0.0,2539.83,0.9413943126533779,1.0,1360.9162706600018,1000.0,1361.4216456600018,1000.0,0.036953944988555636,0.0
9109,1705323660000.0,0.0,0.0,0.02,2514.5612499999997,0.0,0.0,2542.38,0.9413943126533779,1.0,1360.9162706600018,1000.0,1361.472645660002,1000.0,0.036953944988555636,0.0
9110,1705327260000.0,0.0,0.0,0.02,2514.5612499999997,0.0,0.0,2538.54,0.9413943126533779,1.0,1360.9162706600018,1000.0,1361.395845660002,1000.0,0.036953944988555636,0.0
9111,1705330860000.0,0.0,0.0,0.03,2511.28,0.0,0.0,2512.19,0.9413943126533779,1.0,1361.257646420002,1000.0,1361.284946420002,1000.0,0.055344702891575254,0.0
9112,1705334460000.0,0.0,0.0,0.03,2511.28,0.0,0.0,2518.72,0.9413943126533779,1.0,1361.257646420002,1000.0,1361.4808464200019,1000.0,0.055344702891575254,0.0
9113,1705338060000.0,0.0,0.0,0.03,2511.28,0.0,0.0,2526.15,0.9413943126533779,1.0,1361.257646420002,1000.0,1361.7037464200018,1000.0,0.055344702891575254,0.0
9114,1705341660000.0,0.0,0.0,0.0,2511.28,0.0,0.0,2533.54,0.9413943126533779,1.0,1361.791468940002,1000.0,1361.791468940002,1000.0,0.0,0.0
9115,1705345260000.0,0.0,0.0,0.0,2511.28,0.0,0.0,2542.81,0.9413943126533779,1.0,1361.791468940002,1000.0,1361.791468940002,1000.0,0.0,0.0
9116,1705348860000.0,0.0,0.0,0.0,2511.28,0.0,0.0,2535.79,0.9413943126533779,1.0,1361.791468940002,1000.0,1361.791468940002,1000.0,0.0,0.0
9117,1705352460000.0,0.0,0.0,0.0,2511.28,0.0,0.0,2527.22,0.9413943126533779,1.0,1361.791468940002,1000.0,1361.791468940002,1000.0,0.0,0.0
9118,1705356060000.0,0.0,0.0,0.0,2511.28,0.0,0.0,2524.31,0.9413943126533779,1.0,1361.791468940002,1000.0,1361.791468940002,1000.0,0.0,0.0
9119,1705359660000.0,0.0,0.0,0.03,2513.91,0.0,0.0,2513.71,0.9413943126533779,1.0,1361.776385480002,1000.0,1361.770385480002,1000.0,0.05538155956010115,0.0
9120,1705363260000.0,0.0,0.0,0.03,2513.91,0.0,0.0,2513.09,0.9413943126533779,1.0,1361.776385480002,1000.0,1361.7517854800021,1000.0,0.05538155956010115,0.0
9121,1705366860000.0,0.0,0.0,0.03,2513.91,0.0,0.0,2514.9,0.9413943126533779,1.0,1361.776385480002,1000.0,1361.8060854800021,1000.0,0.05538155956010115,0.0
9122,1705370460000.0,0.0,0.0,0.03,2513.91,0.0,0.0,2516.0,0.9413943126533779,1.0,1361.776385480002,1000.0,1361.839085480002,1000.0,0.05538155956010115,0.0
9123,1705374060000.0,0.0,0.0,0.03,2513.91,0.0,0.0,2519.49,0.9413943126533779,1.0,1361.776385480002,1000.0,1361.9437854800021,1000.0,0.05538155956010115,0.0
9124,1705377660000.0,0.0,0.0,0.0,2513.91,0.0,0.0,2536.35,0.9413943126533779,1.0,1362.3107921000017,1000.0,1362.3107921000017,1000.0,0.0,0.0
9125,1705381260000.0,0.0,0.0,0.0,2513.91,0.0,0.0,2530.39,0.9413943126533779,1.0,1362.3107921000017,1000.0,1362.3107921000017,1000.0,0.0,0.0
9126,1705384860000.0,0.0,0.0,0.0,2513.91,0.0,0.0,2529.69,0.9413943126533779,1.0,1362.3107921000017,1000.0,1362.3107921000017,1000.0,0.0,0.0
9127,1705388460000.0,0.0,0.0,0.0,2513.91,0.0,0.0,2537.6,0.9413943126533779,1.0,1362.3107921000017,1000.0,1362.3107921000017,1000.0,0.0,0.0
9128,1705392060000.0,0.0,0.0,0.0,2513.91,0.0,0.0,2525.38,0.9413943126533779,1.0,1362.3107921000017,1000.0,1362.3107921000017,1000.0,0.0,0.0
9129,1705395660000.0,0.0,0.0,0.0,2513.91,0.0,0.0,2543.1,0.9413943126533779,1.0,1362.3107921000017,1000.0,1362.3107921000017,1000.0,0.0,0.0
9130,1705399260000.0,0.0,0.0,0.0,2513.91,0.0,0.0,2541.02,0.9413943126533779,1.0,1362.3107921000017,1000.0,1362.3107921000017,1000.0,0.0,0.0
9131,1705402860000.0,0.0,0.0,0.0,2513.91,0.0,0.0,2533.02,0.9413943126533779,1.0,1362.3107921000017,1000.0,1362.3107921000017,1000.0,0.0,0.0
9132,1705406460000.0,0.0,0.0,0.0,2513.91,0.0,0.0,2530.55,0.9413943126533779,1.0,1362.3107921000017,1000.0,1362.3107921000017,1000.0,0.0,0.0
9133,1705410060000.0,0.0,0.0,0.0,2513.91,0.0,0.0,2544.87,0.9413943126533779,1.0,1362.3107921000017,1000.0,1362.3107921000017,1000.0,0.0,0.0
9134,1705413660000.0,0.0,0.0,0.0,2513.91,0.0,0.0,2529.54,0.9413943126533779,1.0,1362.3107921000017,1000.0,1362.3107921000017,1000.0,0.0,0.0
9135,1705417260000.0,0.0,0.0,0.0,2516.74,0.0,0.0,2541.0,0.9413943126533779,1.0,1362.8306811800012,1000.0,1362.8306811800012,1000.0,0.0,0.0
9136,1705420860000.0,0.0,0.0,0.0,2516.74,0.0,0.0,2566.17,0.9413943126533779,1.0,1362.8306811800012,1000.0,1362.8306811800012,1000.0,0.0,0.0
9137,1705424460000.0,0.0,0.0,0.0,2516.74,0.0,0.0,2574.7,0.9413943126533779,1.0,1362.8306811800012,1000.0,1362.8306811800012,1000.0,0.0,0.0
9138,1705428060000.0,0.0,0.0,0.0,2516.74,0.0,0.0,2566.61,0.9413943126533779,1.0,1362.8306811800012,1000.0,1362.8306811800012,1000.0,0.0,0.0
9139,1705431660000.0,0.0,0.0,0.0,2516.74,0.0,0.0,2559.46,0.9413943126533779,1.0,1362.8306811800012,1000.0,1362.8306811800012,1000.0,0.0,0.0
9140,1705435260000.0,0.0,0.0,0.0,2516.74,0.0,0.0,2578.03,0.9413943126533779,1.0,1362.8306811800012,1000.0,1362.8306811800012,1000.0,0.0,0.0
9141,1705438860000.0,0.0,0.0,0.0,2516.74,0.0,0.0,2589.74,0.9413943126533779,1.0,1362.8306811800012,1000.0,1362.8306811800012,1000.0,0.0,0.0
9142,1705442460000.0,0.0,0.0,0.0,2516.74,0.0,0.0,2611.27,0.9413943126533779,1.0,1362.8306811800012,1000.0,1362.8306811800012,1000.0,0.0,0.0
9143,1705446060000.0,0.0,0.0,0.0,2516.74,0.0,0.0,2599.66,0.9413943126533779,1.0,1362.8306811800012,1000.0,1362.8306811800012,1000.0,0.0,0.0
9144,1705449660000.0,0.0,0.0,0.0,2516.74,0.0,0.0,2590.05,0.9413943126533779,1.0,1362.8306811800012,1000.0,1362.8306811800012,1000.0,0.0,0.0
9145,1705453260000.0,0.0,0.0,0.0,2516.74,0.0,0.0,2587.89,0.9413943126533779,1.0,1362.8306811800012,1000.0,1362.8306811800012,1000.0,0.0,0.0
9146,1705456860000.0,0.0,0.0,0.0,2516.74,0.0,0.0,2577.56,0.9413943126533779,1.0,1362.8306811800012,1000.0,1362.8306811800012,1000.0,0.0,0.0
9147,1705460460000.0,0.0,0.0,0.0,2516.74,0.0,0.0,2576.7,0.9413943126533779,1.0,1362.8306811800012,1000.0,1362.8306811800012,1000.0,0.0,0.0
9148,1705464060000.0,0.0,0.0,0.0,2516.74,0.0,0.0,2573.32,0.9413943126533779,1.0,1362.8306811800012,1000.0,1362.8306811800012,1000.0,0.0,0.0
9149,1705467660000.0,0.0,0.0,0.0,2516.74,0.0,0.0,2567.55,0.9413943126533779,1.0,1362.8306811800012,1000.0,1362.8306811800012,1000.0,0.0,0.0
9150,1705471260000.0,0.0,0.0,0.0,2516.74,0.0,0.0,2564.98,0.9413943126533779,1.0,1362.8306811800012,1000.0,1362.8306811800012,1000.0,0.0,0.0
9151,1705474860000.0,0.0,0.0,0.0,2516.74,0.0,0.0,2565.81,0.9413943126533779,1.0,1362.8306811800012,1000.0,1362.8306811800012,1000.0,0.0,0.0
9152,1705478460000.0,0.0,0.0,0.0,2516.74,0.0,0.0,2553.87,0.9413943126533779,1.0,1362.8306811800012,1000.0,1362.8306811800012,1000.0,0.0,0.0
9153,1705482060000.0,0.0,0.0,0.03,2550.62,0.0,0.0,2547.74,0.9413943126533779,1.0,1362.8153774600012,1000.0,1362.7289774600013,1000.0,0.056147443935226526,0.0
9154,1705485660000.0,0.0,0.0,0.03,2550.62,0.0,0.0,2546.4,0.9413943126533779,1.0,1362.8153774600012,1000.0,1362.6887774600011,1000.0,0.056147443935226526,0.0
9155,1705489260000.0,0.0,0.0,0.03,2550.62,0.0,0.0,2551.42,0.9413943126533779,1.0,1362.8153774600012,1000.0,1362.8393774600013,1000.0,0.056147443935226526,0.0
9156,1705492860000.0,0.0,0.0,0.03,2550.62,0.0,0.0,2541.02,0.9413943126533779,1.0,1362.8153774600012,1000.0,1362.5273774600012,1000.0,0.056147443935226526,0.0
9157,1705496460000.0,0.0,0.0,0.03,2550.62,0.0,0.0,2552.44,0.9413943126533779,1.0,1362.8153774600012,1000.0,1362.869977460001,1000.0,0.056147443935226526,0.0
9158,1705500060000.0,0.0,0.0,0.03,2550.62,0.0,0.0,2542.76,0.9413943126533779,1.0,1362.8153774600012,1000.0,1362.5795774600012,1000.0,0.056147443935226526,0.0
9159,1705503660000.0,0.0,0.0,0.03,2545.086666666667,0.0,0.0,2549.5,0.9413943126533779,1.0,1363.166731340001,1000.0,1363.299131340001,1000.0,0.05601119675576659,0.0
9160,1705507260000.0,0.0,0.0,0.03,2542.13,0.0,0.0,2538.33,0.9413943126533779,1.0,1363.6923967800005,1000.0,1363.5783967800005,1000.0,0.055924562005388506,0.0
9161,1705510860000.0,0.0,0.0,0.03,2542.13,0.0,0.0,2531.79,0.9413943126533779,1.0,1363.6923967800005,1000.0,1363.3821967800006,1000.0,0.055924562005388506,0.0
9162,1705514460000.0,0.0,0.0,0.03,2542.13,0.0,0.0,2530.92,0.9413943126533779,1.0,1363.6923967800005,1000.0,1363.3560967800006,1000.0,0.055924562005388506,0.0
9163,1705518060000.0,0.0,0.0,0.03,2542.13,0.0,0.0,2533.65,0.9413943126533779,1.0,1363.6923967800005,1000.0,1363.4379967800005,1000.0,0.055924562005388506,0.0
9164,1705521660000.0,0.0,0.0,0.03,2542.13,0.0,0.0,2533.79,0.9413943126533779,1.0,1363.6923967800005,1000.0,1363.4421967800006,1000.0,0.055924562005388506,0.0
9165,1705525260000.0,0.0,0.0,0.03,2542.13,0.0,0.0,2537.59,0.9413943126533779,1.0,1363.6923967800005,1000.0,1363.5561967800006,1000.0,0.055924562005388506,0.0
9166,1705528860000.0,0.0,0.0,0.03,2542.13,0.0,0.0,2527.16,0.9413943126533779,1.0,1363.6923967800005,1000.0,1363.2432967800005,1000.0,0.055924562005388506,0.0
9167,1705532460000.0,0.0,0.0,0.03,2542.13,0.0,0.0,2523.7,0.9413943126533779,1.0,1363.6923967800005,1000.0,1363.1394967800006,1000.0,0.055924562005388506,0.0
9168,1705536060000.0,0.0,0.0,0.03,2542.13,0.0,0.0,2530.49,0.9413943126533779,1.0,1363.6923967800005,1000.0,1363.3431967800004,1000.0,0.055924562005388506,0.0
9169,1705539660000.0,0.0,0.0,0.03,2542.13,0.0,0.0,2532.94,0.9413943126533779,1.0,1363.6923967800005,1000.0,1363.4166967800006,1000.0,0.055924562005388506,0.0
9170,1705543260000.0,0.0,0.0,0.03,2542.13,0.0,0.0,2525.36,0.9413943126533779,1.0,1363.6923967800005,1000.0,1363.1892967800006,1000.0,0.055924562005388506,0.0
9171,1705546860000.0,0.0,0.0,0.03,2542.13,0.0,0.0,2530.21,0.9413943126533779,1.0,1363.6923967800005,1000.0,1363.3347967800005,1000.0,0.055924562005388506,0.0
9172,1705550460000.0,0.0,0.0,0.03,2542.13,0.0,0.0,2531.33,0.9413943126533779,1.0,1363.6923967800005,1000.0,1363.3683967800005,1000.0,0.055924562005388506,0.0
9173,1705554060000.0,0.0,0.0,0.03,2542.13,0.0,0.0,2530.14,0.9413943126533779,1.0,1363.6923967800005,1000.0,1363.3326967800006,1000.0,0.055924562005388506,0.0
9174,1705557660000.0,0.0,0.0,0.03,2542.13,0.0,0.0,2532.74,0.9413943126533779,1.0,1363.6923967800005,1000.0,1363.4106967800005,1000.0,0.055924562005388506,0.0
9175,1705561260000.0,0.0,0.0,0.03,2542.13,0.0,0.0,2536.96,0.9413943126533779,1.0,1363.6923967800005,1000.0,1363.5372967800006,1000.0,0.055924562005388506,0.0
9176,1705564860000.0,0.0,0.0,0.03,2542.13,0.0,0.0,2539.4,0.9413943126533779,1.0,1363.6923967800005,1000.0,1363.6104967800006,1000.0,0.055924562005388506,0.0
9177,1705568460000.0,0.0,0.0,0.03,2542.13,0.0,0.0,2537.49,0.9413943126533779,1.0,1363.6923967800005,1000.0,1363.5531967800005,1000.0,0.055924562005388506,0.0
9178,1705572060000.0,0.0,0.0,0.03,2542.13,0.0,0.0,2539.0,0.9413943126533779,1.0,1363.6923967800005,1000.0,1363.5984967800005,1000.0,0.055924562005388506,0.0
9179,1705575660000.0,0.0,0.0,0.03,2542.13,0.0,0.0,2519.46,0.9413943126533779,1.0,1363.6923967800005,1000.0,1363.0122967800005,1000.0,0.055924562005388506,0.0
9180,1705579260000.0,0.0,0.0,0.03,2542.13,0.0,0.0,2521.0,0.9413943126533779,1.0,1363.6923967800005,1000.0,1363.0584967800005,1000.0,0.055924562005388506,0.0
9181,1705582860000.0,0.0,0.0,0.03,2542.13,0.0,0.0,2510.09,0.9413943126533779,1.0,1363.6923967800005,1000.0,1362.7311967800006,1000.0,0.055924562005388506,0.0
9182,1705586460000.0,0.0,0.0,0.03,2542.13,0.0,0.0,2514.79,0.9413943126533779,1.0,1363.6923967800005,1000.0,1362.8721967800004,1000.0,0.055924562005388506,0.0
9183,1705590060000.0,0.0,0.0,0.03,2542.13,0.0,0.0,2532.89,0.9413943126533779,1.0,1363.6923967800005,1000.0,1363.4151967800005,1000.0,0.055924562005388506,0.0
9184,1705593660000.0,0.0,0.0,0.03,2542.13,0.0,0.0,2524.97,0.9413943126533779,1.0,1363.6923967800005,1000.0,1363.1775967800006,1000.0,0.055924562005388506,0.0
9185,1705597260000.0,0.0,0.0,0.08,2507.3675000000003,0.0,0.0,2488.95,0.9413943126533779,1.0,1363.6675316800006,1000.0,1362.1941316800005,1000.0,0.1470955312347134,0.0
9186,1705600860000.0,0.0,0.0,0.08,2507.3675000000003,0.0,0.0,2483.27,0.9413943126533779,1.0,1363.6675316800006,1000.0,1361.7397316800007,1000.0,0.1470955312347134,0.0
9187,1705604460000.0,0.0,0.0,0.08,2507.3675000000003,0.0,0.0,2464.54,0.9413943126533779,1.0,1363.6675316800006,1000.0,1360.2413316800005,1000.0,0.1470955312347134,0.0
9188,1705608060000.0,0.0,0.0,0.22,2469.6645454545455,0.0,0.0,2441.18,0.9413943126533779,1.0,1363.5989843200007,1000.0,1357.3323843200005,1000.0,0.3984501354486897,0.0
9189,1705611660000.0,0.0,0.0,0.22,2469.6645454545455,0.0,0.0,2453.6,0.9413943126533779,1.0,1363.5989843200007,1000.0,1360.0647843200006,1000.0,0.3984501354486897,0.0
9190,1705615260000.0,0.0,0.0,0.22,2469.6645454545455,0.0,0.0,2462.15,0.9413943126533779,1.0,1363.5989843200007,1000.0,1361.9457843200007,1000.0,0.3984501354486897,0.0
9191,1705618860000.0,0.0,0.0,0.22,2469.6645454545455,0.0,0.0,2469.6,0.9413943126533779,1.0,1363.5989843200007,1000.0,1363.5847843200006,1000.0,0.3984501354486897,0.0
9192,1705622460000.0,0.0,0.0,0.22,2469.6645454545455,0.0,0.0,2467.19,0.9413943126533779,1.0,1363.5989843200007,1000.0,1363.0545843200007,1000.0,0.3984501354486897,0.0
9193,1705626060000.0,0.0,0.0,0.22,2469.6645454545455,0.0,0.0,2467.29,0.9413943126533779,1.0,1363.5989843200007,1000.0,1363.0765843200006,1000.0,0.3984501354486897,0.0
9194,1705629660000.0,0.0,0.0,0.22,2469.6645454545455,0.0,0.0,2465.09,0.9413943126533779,1.0,1363.5989843200007,1000.0,1362.5925843200007,1000.0,0.3984501354486897,0.0
9195,1705633260000.0,0.0,0.0,0.22,2469.6645454545455,0.0,0.0,2452.99,0.9413943126533779,1.0,1363.5989843200007,1000.0,1359.9305843200007,1000.0,0.3984501354486897,0.0
9196,1705636860000.0,0.0,0.0,0.22,2469.6645454545455,0.0,0.0,2461.8,0.9413943126533779,1.0,1363.5989843200007,1000.0,1361.8687843200007,1000.0,0.3984501354486897,0.0
9197,1705640460000.0,0.0,0.0,0.22,2469.6645454545455,0.0,0.0,2460.15,0.9413943126533779,1.0,1363.5989843200007,1000.0,1361.5057843200007,1000.0,0.3984501354486897,0.0
9198,1705644060000.0,0.0,0.0,0.22,2469.6645454545455,0.0,0.0,2463.76,0.9413943126533779,1.0,1363.5989843200007,1000.0,1362.2999843200007,1000.0,0.3984501354486897,0.0
9199,1705647660000.0,0.0,0.0,0.22,2469.6645454545455,0.0,0.0,2472.63,0.9413943126533779,1.0,1363.5989843200007,1000.0,1364.2513843200006,1000.0,0.3984501354486897,0.0
9200,1705651260000.0,0.0,0.0,0.22,2469.6645454545455,0.0,0.0,2465.46,0.9413943126533779,1.0,1363.5989843200007,1000.0,1362.6739843200007,1000.0,0.3984501354486897,0.0
9201,1705654860000.0,0.0,0.0,0.22,2469.6645454545455,0.0,0.0,2473.64,0.9413943126533779,1.0,1363.5989843200007,1000.0,1364.4735843200006,1000.0,0.3984501354486897,0.0
9202,1705658460000.0,0.0,0.0,0.22,2469.6645454545455,0.0,0.0,2482.85,0.9413943126533779,1.0,1363.5989843200007,1000.0,1366.4997843200006,1000.0,0.3984501354486897,0.0
9203,1705662060000.0,0.0,0.0,0.14,2469.6645454545455,0.0,0.0,2488.78,0.9413943126533779,1.0,1364.998818123637,1000.0,1367.6749817600007,1000.0,0.2532991470563451,0.0
9204,1705665660000.0,0.0,0.0,0.07,2469.6645454545455,0.0,0.0,2488.96,0.9413943126533779,1.0,1366.2236727018187,1000.0,1367.5743545200005,1000.0,0.1265360289358336,0.0
9205,1705669260000.0,0.0,0.0,0.06,2469.6645454545455,0.0,0.0,2486.69,0.9413943126533779,1.0,1366.3986519272732,1000.0,1367.4201792000006,1000.0,0.1084455641977314,0.0
9206,1705672860000.0,0.0,0.0,0.0,2469.6645454545455,0.0,0.0,2495.99,0.9413943126533779,1.0,1367.4485272800005,1000.0,1367.4485272800005,1000.0,0.0,0.0
9207,1705676460000.0,0.0,0.0,0.0,2469.6645454545455,0.0,0.0,2473.58,0.9413943126533779,1.0,1367.4485272800005,1000.0,1367.4485272800005,1000.0,0.0,0.0
9208,1705680060000.0,0.0,0.0,0.03,2465.85,0.0,0.0,2464.18,0.9413943126533779,1.0,1367.4337321800006,1000.0,1367.3836321800006,1000.0,0.05409805115898832,0.0
9209,1705683660000.0,0.0,0.0,0.03,2465.85,0.0,0.0,2430.62,0.9413943126533779,1.0,1367.4337321800006,1000.0,1366.3768321800005,1000.0,0.05409805115898832,0.0
9210,1705687260000.0,0.0,0.0,0.03,2465.85,0.0,0.0,2467.9,0.9413943126533779,1.0,1367.4337321800006,1000.0,1367.4952321800006,1000.0,0.05409805115898832,0.0
9211,1705690860000.0,0.0,0.0,0.0,2465.85,0.0,0.0,2489.65,0.9413943126533779,1.0,1367.9579292600006,1000.0,1367.9579292600006,1000.0,0.0,0.0
9212,1705694460000.0,0.0,0.0,0.0,2465.85,0.0,0.0,2490.26,0.9413943126533779,1.0,1367.9579292600006,1000.0,1367.9579292600006,1000.0,0.0,0.0
9213,1705698060000.0,0.0,0.0,0.0,2465.85,0.0,0.0,2482.56,0.9413943126533779,1.0,1367.9579292600006,1000.0,1367.9579292600006,1000.0,0.0,0.0
9214,1705701660000.0,0.0,0.0,0.0,2465.85,0.0,0.0,2486.81,0.9413943126533779,1.0,1367.9579292600006,1000.0,1367.9579292600006,1000.0,0.0,0.0
9215,1705705260000.0,0.0,0.0,0.0,2465.85,0.0,0.0,2488.78,0.9413943126533779,1.0,1367.9579292600006,1000.0,1367.9579292600006,1000.0,0.0,0.0
9216,1705708860000.0,0.0,0.0,0.0,2465.85,0.0,0.0,2489.69,0.9413943126533779,1.0,1367.9579292600006,1000.0,1367.9579292600006,1000.0,0.0,0.0
9217,1705712460000.0,0.0,0.0,0.0,2465.85,0.0,0.0,2477.54,0.9413943126533779,1.0,1367.9579292600006,1000.0,1367.9579292600006,1000.0,0.0,0.0
9218,1705716060000.0,0.0,0.0,0.0,2465.85,0.0,0.0,2486.0,0.9413943126533779,1.0,1367.9579292600006,1000.0,1367.9579292600006,1000.0,0.0,0.0
9219,1705719660000.0,0.0,0.0,0.0,2465.85,0.0,0.0,2486.5,0.9413943126533779,1.0,1367.9579292600006,1000.0,1367.9579292600006,1000.0,0.0,0.0
9220,1705723260000.0,0.0,0.0,0.0,2465.85,0.0,0.0,2482.85,0.9413943126533779,1.0,1367.9579292600006,1000.0,1367.9579292600006,1000.0,0.0,0.0
9221,1705726860000.0,0.0,0.0,0.0,2465.85,0.0,0.0,2483.15,0.9413943126533779,1.0,1367.9579292600006,1000.0,1367.9579292600006,1000.0,0.0,0.0
9222,1705730460000.0,0.0,0.0,0.0,2465.85,0.0,0.0,2478.53,0.9413943126533779,1.0,1367.9579292600006,1000.0,1367.9579292600006,1000.0,0.0,0.0
9223,1705734060000.0,0.0,0.0,0.0,2465.85,0.0,0.0,2483.28,0.9413943126533779,1.0,1367.9579292600006,1000.0,1367.9579292600006,1000.0,0.0,0.0
9224,1705737660000.0,0.0,0.0,0.0,2465.85,0.0,0.0,2478.74,0.9413943126533779,1.0,1367.9579292600006,1000.0,1367.9579292600006,1000.0,0.0,0.0
9225,1705741260000.0,0.0,0.0,0.0,2465.85,0.0,0.0,2476.54,0.9413943126533779,1.0,1367.9579292600006,1000.0,1367.9579292600006,1000.0,0.0,0.0
9226,1705744860000.0,0.0,0.0,0.03,2466.23,0.0,0.0,2466.84,0.9413943126533779,1.0,1367.9431318800007,1000.0,1367.9614318800006,1000.0,0.054086239607283836,0.0
9227,1705748460000.0,0.0,0.0,0.03,2466.23,0.0,0.0,2469.61,0.9413943126533779,1.0,1367.9431318800007,1000.0,1368.0445318800007,1000.0,0.054086239607283836,0.0
9228,1705752060000.0,0.0,0.0,0.03,2466.23,0.0,0.0,2470.95,0.9413943126533779,1.0,1367.9431318800007,1000.0,1368.0847318800006,1000.0,0.054086239607283836,0.0
9229,1705755660000.0,0.0,0.0,0.03,2466.23,0.0,0.0,2468.07,0.9413943126533779,1.0,1367.9431318800007,1000.0,1367.9983318800007,1000.0,0.054086239607283836,0.0
9230,1705759260000.0,0.0,0.0,0.03,2466.23,0.0,0.0,2471.55,0.9413943126533779,1.0,1367.9431318800007,1000.0,1368.1027318800006,1000.0,0.054086239607283836,0.0
9231,1705762860000.0,0.0,0.0,0.03,2466.23,0.0,0.0,2466.51,0.9413943126533779,1.0,1367.9431318800007,1000.0,1367.9515318800006,1000.0,0.054086239607283836,0.0
9232,1705766460000.0,0.0,0.0,0.03,2466.23,0.0,0.0,2465.19,0.9413943126533779,1.0,1367.9431318800007,1000.0,1367.9119318800008,1000.0,0.054086239607283836,0.0
9233,1705770060000.0,0.0,0.0,0.03,2466.23,0.0,0.0,2458.48,0.9413943126533779,1.0,1367.9431318800007,1000.0,1367.7106318800006,1000.0,0.054086239607283836,0.0
9234,1705773660000.0,0.0,0.0,0.03,2466.23,0.0,0.0,2461.02,0.9413943126533779,1.0,1367.9431318800007,1000.0,1367.7868318800006,1000.0,0.054086239607283836,0.0
9235,1705777260000.0,0.0,0.0,0.03,2466.23,0.0,0.0,2457.36,0.9413943126533779,1.0,1367.9431318800007,1000.0,1367.6770318800006,1000.0,0.054086239607283836,0.0
9236,1705780860000.0,0.0,0.0,0.03,2466.23,0.0,0.0,2460.67,0.9413943126533779,1.0,1367.9431318800007,1000.0,1367.7763318800007,1000.0,0.054086239607283836,0.0
9237,1705784460000.0,0.0,0.0,0.03,2466.23,0.0,0.0,2466.72,0.9413943126533779,1.0,1367.9431318800007,1000.0,1367.9578318800006,1000.0,0.054086239607283836,0.0
9238,1705788060000.0,0.0,0.0,0.03,2466.23,0.0,0.0,2466.15,0.9413943126533779,1.0,1367.9431318800007,1000.0,1367.9407318800006,1000.0,0.054086239607283836,0.0
9239,1705791660000.0,0.0,0.0,0.03,2466.23,0.0,0.0,2469.59,0.9413943126533779,1.0,1367.9431318800007,1000.0,1368.0439318800006,1000.0,0.054086239607283836,0.0
9240,1705795260000.0,0.0,0.0,0.03,2466.23,0.0,0.0,2469.85,0.9413943126533779,1.0,1367.9431318800007,1000.0,1368.0517318800007,1000.0,0.054086239607283836,0.0
9241,1705798860000.0,0.0,0.0,0.03,2466.23,0.0,0.0,2465.97,0.9413943126533779,1.0,1367.9431318800007,1000.0,1367.9353318800006,1000.0,0.054086239607283836,0.0
9242,1705802460000.0,0.0,0.0,0.03,2466.23,0.0,0.0,2470.43,0.9413943126533779,1.0,1367.9431318800007,1000.0,1368.0691318800007,1000.0,0.054086239607283836,0.0
9243,1705806060000.0,0.0,0.0,0.03,2466.23,0.0,0.0,2479.58,0.9413943126533779,1.0,1367.9431318800007,1000.0,1368.3436318800007,1000.0,0.054086239607283836,0.0
9244,1705809660000.0,0.0,0.0,0.03,2466.23,0.0,0.0,2474.13,0.9413943126533779,1.0,1367.9431318800007,1000.0,1368.1801318800008,1000.0,0.054086239607283836,0.0
9245,1705813260000.0,0.0,0.0,0.03,2466.23,0.0,0.0,2474.72,0.9413943126533779,1.0,1367.9431318800007,1000.0,1368.1978318800006,1000.0,0.054086239607283836,0.0
9246,1705816860000.0,0.0,0.0,0.03,2466.23,0.0,0.0,2472.72,0.9413943126533779,1.0,1367.9431318800007,1000.0,1368.1378318800007,1000.0,0.054086239607283836,0.0
9247,1705820460000.0,0.0,0.0,0.03,2466.23,0.0,0.0,2470.12,0.9413943126533779,1.0,1367.9431318800007,1000.0,1368.0598318800007,1000.0,0.054086239607283836,0.0
9248,1705824060000.0,0.0,0.0,0.03,2466.23,0.0,0.0,2475.12,0.9413943126533779,1.0,1367.9431318800007,1000.0,1368.2098318800006,1000.0,0.054086239607283836,0.0
9249,1705827660000.0,0.0,0.0,0.03,2466.23,0.0,0.0,2475.14,0.9413943126533779,1.0,1367.9431318800007,1000.0,1368.2104318800007,1000.0,0.054086239607283836,0.0
9250,1705831260000.0,0.0,0.0,0.03,2466.23,0.0,0.0,2478.0,0.9413943126533779,1.0,1367.9431318800007,1000.0,1368.2962318800007,1000.0,0.054086239607283836,0.0
9251,1705834860000.0,0.0,0.0,0.03,2466.23,0.0,0.0,2480.85,0.9413943126533779,1.0,1367.9431318800007,1000.0,1368.3817318800006,1000.0,0.054086239607283836,0.0
9252,1705838460000.0,0.0,0.0,0.03,2466.23,0.0,0.0,2473.37,0.9413943126533779,1.0,1367.9431318800007,1000.0,1368.1573318800006,1000.0,0.054086239607283836,0.0
9253,1705842060000.0,0.0,0.0,0.03,2466.23,0.0,0.0,2472.84,0.9413943126533779,1.0,1367.9431318800007,1000.0,1368.1414318800007,1000.0,0.054086239607283836,0.0
9254,1705845660000.0,0.0,0.0,0.03,2466.23,0.0,0.0,2479.5,0.9413943126533779,1.0,1367.9431318800007,1000.0,1368.3412318800006,1000.0,0.054086239607283836,0.0
9255,1705849260000.0,0.0,0.0,0.03,2466.23,0.0,0.0,2478.45,0.9413943126533779,1.0,1367.9431318800007,1000.0,1368.3097318800008,1000.0,0.054086239607283836,0.0
9256,1705852860000.0,0.0,0.0,0.03,2466.23,0.0,0.0,2468.19,0.9413943126533779,1.0,1367.9431318800007,1000.0,1368.0019318800007,1000.0,0.054086239607283836,0.0
9257,1705856460000.0,0.0,0.0,0.03,2466.23,0.0,0.0,2471.66,0.9413943126533779,1.0,1367.9431318800007,1000.0,1368.1060318800007,1000.0,0.054086239607283836,0.0
9258,1705860060000.0,0.0,0.0,0.03,2466.23,0.0,0.0,2473.01,0.9413943126533779,1.0,1367.9431318800007,1000.0,1368.1465318800008,1000.0,0.054086239607283836,0.0
9259,1705863660000.0,0.0,0.0,0.03,2466.23,0.0,0.0,2474.48,0.9413943126533779,1.0,1367.9431318800007,1000.0,1368.1906318800006,1000.0,0.054086239607283836,0.0
9260,1705867260000.0,0.0,0.0,0.03,2466.23,0.0,0.0,2473.8,0.9413943126533779,1.0,1367.9431318800007,1000.0,1368.1702318800008,1000.0,0.054086239607283836,0.0
9261,1705870860000.0,0.0,0.0,0.03,2466.23,0.0,0.0,2465.77,0.9413943126533779,1.0,1367.9431318800007,1000.0,1367.9293318800007,1000.0,0.054086239607283836,0.0
9262,1705874460000.0,0.0,0.0,0.03,2466.23,0.0,0.0,2472.67,0.9413943126533779,1.0,1367.9431318800007,1000.0,1368.1363318800006,1000.0,0.054086239607283836,0.0
9263,1705878060000.0,0.0,0.0,0.03,2466.23,0.0,0.0,2461.81,0.9413943126533779,1.0,1367.9431318800007,1000.0,1367.8105318800008,1000.0,0.054086239607283836,0.0
9264,1705881660000.0,0.0,0.0,0.03,2466.23,0.0,0.0,2460.15,0.9413943126533779,1.0,1367.9431318800007,1000.0,1367.7607318800008,1000.0,0.054086239607283836,0.0
9265,1705885260000.0,0.0,0.0,0.03,2466.23,0.0,0.0,2462.57,0.9413943126533779,1.0,1367.9431318800007,1000.0,1367.8333318800007,1000.0,0.054086239607283836,0.0
9266,1705888860000.0,0.0,0.0,0.03,2466.23,0.0,0.0,2439.28,0.9413943126533779,1.0,1367.9431318800007,1000.0,1367.1346318800006,1000.0,0.054086239607283836,0.0
9267,1705892460000.0,0.0,0.0,0.03,2466.23,0.0,0.0,2439.04,0.9413943126533779,1.0,1367.9431318800007,1000.0,1367.1274318800006,1000.0,0.054086239607283836,0.0
9268,1705896060000.0,0.0,0.0,0.03,2466.23,0.0,0.0,2437.41,0.9413943126533779,1.0,1367.9431318800007,1000.0,1367.0785318800006,1000.0,0.054086239607283836,0.0
9269,1705899660000.0,0.0,0.0,0.08,2432.56125,0.0,0.0,2405.56,0.9413943126533779,1.0,1367.9190082800008,1000.0,1365.7589082800007,1000.0,0.1422634664933073,0.0
9270,1705903260000.0,0.0,0.0,0.08,2432.56125,0.0,0.0,2427.83,0.9413943126533779,1.0,1367.9190082800008,1000.0,1367.5405082800007,1000.0,0.1422634664933073,0.0
9271,1705906860000.0,0.0,0.0,0.08,2432.56125,0.0,0.0,2429.67,0.9413943126533779,1.0,1367.9190082800008,1000.0,1367.6877082800008,1000.0,0.1422634664933073,0.0
9272,1705910460000.0,0.0,0.0,0.08,2432.56125,0.0,0.0,2415.23,0.9413943126533779,1.0,1367.9190082800008,1000.0,1366.5325082800007,1000.0,0.1422634664933073,0.0
9273,1705914060000.0,0.0,0.0,0.08,2432.56125,0.0,0.0,2408.84,0.9413943126533779,1.0,1367.9190082800008,1000.0,1366.0213082800008,1000.0,0.1422634664933073,0.0
9274,1705917660000.0,0.0,0.0,0.08,2432.56125,0.0,0.0,2389.46,0.9413943126533779,1.0,1367.9190082800008,1000.0,1364.4709082800007,1000.0,0.1422634664933073,0.0
9275,1705921260000.0,0.0,0.0,0.22,2396.1286363636364,0.0,0.0,2379.88,0.9413943126533779,1.0,1367.8524996000008,1000.0,1364.277799600001,1000.0,0.38538387739478724,0.0
9276,1705924860000.0,0.0,0.0,0.22,2396.1286363636364,0.0,0.0,2380.07,0.9413943126533779,1.0,1367.8524996000008,1000.0,1364.3195996000009,1000.0,0.38538387739478724,0.0
9277,1705928460000.0,0.0,0.0,0.22,2396.1286363636364,0.0,0.0,2379.26,0.9413943126533779,1.0,1367.8524996000008,1000.0,1364.1413996000008,1000.0,0.38538387739478724,0.0
9278,1705932060000.0,0.0,0.0,0.22,2396.1286363636364,0.0,0.0,2390.86,0.9413943126533779,1.0,1367.8524996000008,1000.0,1366.6933996000007,1000.0,0.38538387739478724,0.0
9279,1705935660000.0,0.0,0.0,0.22,2396.1286363636364,0.0,0.0,2368.58,0.9413943126533779,1.0,1367.8524996000008,1000.0,1361.7917996000008,1000.0,0.38538387739478724,0.0
9280,1705939260000.0,0.0,0.0,0.22,2396.1286363636364,0.0,0.0,2376.11,0.9413943126533779,1.0,1367.8524996000008,1000.0,1363.4483996000008,1000.0,0.38538387739478724,0.0
9281,1705942860000.0,0.0,0.0,0.22,2396.1286363636364,0.0,0.0,2366.93,0.9413943126533779,1.0,1367.8524996000008,1000.0,1361.4287996000007,1000.0,0.38538387739478724,0.0
9282,1705946460000.0,0.0,0.0,0.22,2396.1286363636364,0.0,0.0,2374.33,0.9413943126533779,1.0,1367.8524996000008,1000.0,1363.0567996000007,1000.0,0.38538387739478724,0.0
9283,1705950060000.0,0.0,0.0,0.22,2396.1286363636364,0.0,0.0,2371.05,0.9413943126533779,1.0,1367.8524996000008,1000.0,1362.3351996000008,1000.0,0.38538387739478724,0.0
9284,1705953660000.0,0.0,0.0,0.58,2354.170862068966,0.0,0.0,2324.47,0.9413943126533779,1.0,1367.6848454400008,1000.0,1350.4583454400004,1000.0,0.9983433716856959,0.0
9285,1705957260000.0,0.0,0.0,0.58,2354.170862068966,0.0,0.0,2334.0,0.9413943126533779,1.0,1367.6848454400008,1000.0,1355.9857454400005,1000.0,0.9983433716856959,0.0
9286,1705960860000.0,0.0,0.0,0.58,2354.170862068966,0.0,0.0,2322.31,0.9413943126533779,1.0,1367.6848454400008,1000.0,1349.2055454400004,1000.0,0.9983433716856959,0.0
9287,1705964460000.0,0.0,0.0,0.58,2354.170862068966,0.0,0.0,2324.29,0.9413943126533779,1.0,1367.6848454400008,1000.0,1350.3539454400004,1000.0,0.9983433716856959,0.0
9288,1705968060000.0,0.0,0.0,0.58,2354.170862068966,0.0,0.0,2316.65,0.9413943126533779,1.0,1367.6848454400008,1000.0,1345.9227454400007,1000.0,0.9983433716856959,0.0
9289,1705971660000.0,0.0,0.0,0.58,2354.170862068966,0.0,0.0,2326.01,0.9413943126533779,1.0,1367.6848454400008,1000.0,1351.3515454400006,1000.0,0.9983433716856959,0.0
9290,1705975260000.0,0.0,0.0,0.58,2354.170862068966,0.0,0.0,2333.02,0.9413943126533779,1.0,1367.6848454400008,1000.0,1355.4173454400004,1000.0,0.9983433716856959,0.0
9291,1705978860000.0,0.0,0.0,0.58,2354.170862068966,0.0,0.0,2339.25,0.9413943126533779,1.0,1367.6848454400008,1000.0,1359.0307454400006,1000.0,0.9983433716856959,0.0
9292,1705982460000.0,0.0,0.0,0.58,2354.170862068966,0.0,0.0,2342.57,0.9413943126533779,1.0,1367.6848454400008,1000.0,1360.9563454400006,1000.0,0.9983433716856959,0.0
9293,1705986060000.0,0.0,0.0,0.58,2354.170862068966,0.0,0.0,2343.39,0.9413943126533779,1.0,1367.6848454400008,1000.0,1361.4319454400004,1000.0,0.9983433716856959,0.0
9294,1705989660000.0,0.0,0.0,0.58,2354.170862068966,0.0,0.0,2347.2,0.9413943126533779,1.0,1367.6848454400008,1000.0,1363.6417454400005,1000.0,0.9983433716856959,0.0
9295,1705993260000.0,0.0,0.0,0.58,2354.170862068966,0.0,0.0,2346.84,0.9413943126533779,1.0,1367.6848454400008,1000.0,1363.4329454400006,1000.0,0.9983433716856959,0.0
9296,1705996860000.0,0.0,0.0,0.58,2354.170862068966,0.0,0.0,2323.31,0.9413943126533779,1.0,1367.6848454400008,1000.0,1349.7855454400005,1000.0,0.9983433716856959,0.0
9297,1706000460000.0,0.0,0.0,0.58,2354.170862068966,0.0,0.0,2287.53,0.9413943126533779,1.0,1367.6848454400008,1000.0,1329.0331454400007,1000.0,0.9983433716856959,0.0
9298,1706004060000.0,107.45690940983519,0.0,0.61,2349.540983606558,0.0,0.0,2220.26,0.9413943126533779,1.0,1367.6712852600008,1000.0,1288.8098852600006,1000.0,1.0479272435170988,0.0
9299,1706007660000.0,107.45690940983519,0.0,0.61,2349.540983606558,0.0,0.0,2228.86,0.9413943126533779,1.0,1367.6712852600008,1000.0,1294.0558852600007,1000.0,1.0479272435170988,0.0
9300,1706011260000.0,107.45690940983519,0.0,0.61,2349.540983606558,0.0,0.0,2222.57,0.9413943126533779,1.0,1367.6712852600008,1000.0,1290.2189852600006,1000.0,1.0479272435170988,0.0
9301,1706014860000.0,107.45690940983519,0.0,0.61,2349.540983606558,0.0,0.0,2223.33,0.9413943126533779,1.0,1367.6712852600008,1000.0,1290.6825852600005,1000.0,1.0479272435170988,0.0
9302,1706018460000.0,107.45690940983519,0.0,0.61,2349.540983606558,0.0,0.0,2187.98,0.9413943126533779,1.0,1367.6712852600008,1000.0,1269.1190852600005,1000.0,1.0479272435170988,0.0
9303,1706022060000.0,107.45690940983519,0.0,0.61,2349.540983606558,0.0,0.0,2203.64,0.9413943126533779,1.0,1367.6712852600008,1000.0,1278.6716852600005,1000.0,1.0479272435170988,0.0
9304,1706025660000.0,107.45690940983519,0.0,0.61,2349.540983606558,0.0,0.0,2218.18,0.9413943126533779,1.0,1367.6712852600008,1000.0,1287.5410852600005,1000.0,1.0479272435170988,0.0
9305,1706029260000.0,107.45690940983519,0.0,0.61,2349.540983606558,0.0,0.0,2227.66,0.9413943126533779,1.0,1367.6712852600008,1000.0,1293.3238852600005,1000.0,1.0479272435170988,0.0
9306,1706032860000.0,107.45690940983519,0.0,0.61,2349.540983606558,0.0,0.0,2212.96,0.9413943126533779,1.0,1367.6712852600008,1000.0,1284.3568852600006,1000.0,1.0479272435170988,0.0
9307,1706036460000.0,107.45690940983519,0.0,0.61,2349.540983606558,0.0,0.0,2192.89,0.9413943126533779,1.0,1367.6712852600008,1000.0,1272.1141852600003,1000.0,1.0479272435170988,0.0
9308,1706040060000.0,107.45690940983519,0.0,0.61,2349.540983606558,0.0,0.0,2185.1,0.9413943126533779,1.0,1367.6712852600008,1000.0,1267.3622852600006,1000.0,1.0479272435170988,0.0
9309,1706043660000.0,107.45690940983519,0.0,0.61,2349.540983606558,0.0,0.0,2202.37,0.9413943126533779,1.0,1367.6712852600008,1000.0,1277.8969852600005,1000.0,1.0479272435170988,0.0
9310,1706047260000.0,107.45690940983519,0.0,0.61,2349.540983606558,0.0,0.0,2203.74,0.9413943126533779,1.0,1367.6712852600008,1000.0,1278.7326852600004,1000.0,1.0479272435170988,0.0
9311,1706050860000.0,107.45690940983519,0.0,0.61,2349.540983606558,0.0,0.0,2229.97,0.9413943126533779,1.0,1367.6712852600008,1000.0,1294.7329852600003,1000.0,1.0479272435170988,0.0
9312,1706054460000.0,71.89632969999897,0.0,0.6,2349.540983606558,0.0,0.0,2244.18,0.9413943126533779,1.0,1366.5867923439353,1000.0,1303.3702021800004,1000.0,1.0315660871754881,0.0
9313,1706058060000.0,71.89632969999897,0.0,0.6,2349.540983606558,0.0,0.0,2240.63,0.9413943126533779,1.0,1366.5867923439353,1000.0,1301.2402021800006,1000.0,1.0315660871754881,0.0
9314,1706061660000.0,71.89632969999897,0.0,0.6,2349.540983606558,0.0,0.0,2224.94,0.9413943126533779,1.0,1366.5867923439353,1000.0,1291.8262021800006,1000.0,1.0315660871754881,0.0
9315,1706065260000.0,71.89632969999897,0.0,0.6,2349.540983606558,0.0,0.0,2224.98,0.9413943126533779,1.0,1366.5867923439353,1000.0,1291.8502021800007,1000.0,1.0315660871754881,0.0
9316,1706068860000.0,71.89632969999897,0.0,0.6,2349.540983606558,0.0,0.0,2214.65,0.9413943126533779,1.0,1366.5867923439353,1000.0,1285.6522021800006,1000.0,1.0315660871754881,0.0
9317,1706072460000.0,71.89632969999897,0.0,0.6,2349.540983606558,0.0,0.0,2217.38,0.9413943126533779,1.0,1366.5867923439353,1000.0,1287.2902021800007,1000.0,1.0315660871754881,0.0
9318,1706076060000.0,71.89632969999897,0.0,0.6,2349.540983606558,0.0,0.0,2226.78,0.9413943126533779,1.0,1366.5867923439353,1000.0,1292.9302021800006,1000.0,1.0315660871754881,0.0
9319,1706079660000.0,71.89632969999897,0.0,0.6,2349.540983606558,0.0,0.0,2229.43,0.9413943126533779,1.0,1366.5867923439353,1000.0,1294.5202021800005,1000.0,1.0315660871754881,0.0
9320,1706083260000.0,71.89632969999897,0.0,0.6,2349.540983606558,0.0,0.0,2235.41,0.9413943126533779,1.0,1366.5867923439353,1000.0,1298.1082021800005,1000.0,1.0315660871754881,0.0
9321,1706086860000.0,71.89632969999897,0.0,0.6,2349.540983606558,0.0,0.0,2235.65,0.9413943126533779,1.0,1366.5867923439353,1000.0,1298.2522021800007,1000.0,1.0315660871754881,0.0
9322,1706090460000.0,71.89632969999897,0.0,0.6,2349.540983606558,0.0,0.0,2236.96,0.9413943126533779,1.0,1366.5867923439353,1000.0,1299.0382021800006,1000.0,1.0315660871754881,0.0
9323,1706094060000.0,71.89632969999897,0.0,0.6,2349.540983606558,0.0,0.0,2248.82,0.9413943126533779,1.0,1366.5867923439353,1000.0,1306.1542021800008,1000.0,1.0315660871754881,0.0
9324,1706097660000.0,71.89632969999897,0.0,0.6,2349.540983606558,0.0,0.0,2244.54,0.9413943126533779,1.0,1366.5867923439353,1000.0,1303.5862021800006,1000.0,1.0315660871754881,0.0
9325,1706101260000.0,35.166739999998896,0.0,0.59,2349.540983606558,0.0,0.0,2236.36,0.9413943126533779,1.0,1365.4808037278697,1000.0,1298.7040234000006,1000.0,1.015194923680622,0.0
9326,1706104860000.0,35.166739999998896,0.0,0.59,2349.540983606558,0.0,0.0,2227.62,0.9413943126533779,1.0,1365.4808037278697,1000.0,1293.5474234000005,1000.0,1.015194923680622,0.0
9327,1706108460000.0,35.166739999998896,0.0,0.59,2349.540983606558,0.0,0.0,2225.95,0.9413943126533779,1.0,1365.4808037278697,1000.0,1292.5621234000005,1000.0,1.015194923680622,0.0
9328,1706112060000.0,35.166739999998896,0.0,0.59,2349.540983606558,0.0,0.0,2233.65,0.9413943126533779,1.0,1365.4808037278697,1000.0,1297.1051234000006,1000.0,1.015194923680622,0.0
9329,1706115660000.0,35.166739999998896,0.0,0.59,2349.540983606558,0.0,0.0,2239.44,0.9413943126533779,1.0,1365.4808037278697,1000.0,1300.5212234000005,1000.0,1.015194923680622,0.0
9330,1706119260000.0,35.166739999998896,0.0,0.59,2349.540983606558,0.0,0.0,2233.84,0.9413943126533779,1.0,1365.4808037278697,1000.0,1297.2172234000006,1000.0,1.015194923680622,0.0
9331,1706122860000.0,35.166739999998896,0.0,0.59,2349.540983606558,0.0,0.0,2214.36,0.9413943126533779,1.0,1365.4808037278697,1000.0,1285.7240234000005,1000.0,1.015194923680622,0.0
9332,1706126460000.0,35.166739999998896,0.0,0.59,2349.540983606558,0.0,0.0,2215.3,0.9413943126533779,1.0,1365.4808037278697,1000.0,1286.2786234000007,1000.0,1.015194923680622,0.0
9333,1706130060000.0,35.166739999998896,0.0,0.59,2349.540983606558,0.0,0.0,2201.03,0.9413943126533779,1.0,1365.4808037278697,1000.0,1277.8593234000007,1000.0,1.015194923680622,0.0
9334,1706133660000.0,35.166739999998896,0.0,0.59,2349.540983606558,0.0,0.0,2215.06,0.9413943126533779,1.0,1365.4808037278697,1000.0,1286.1370234000005,1000.0,1.015194923680622,0.0
9335,1706137260000.0,35.166739999998896,0.0,0.59,2349.540983606558,0.0,0.0,2219.5,0.9413943126533779,1.0,1365.4808037278697,1000.0,1288.7566234000005,1000.0,1.015194923680622,0.0
9336,1706140860000.0,35.166739999998896,0.0,0.59,2349.540983606558,0.0,0.0,2233.9,0.9413943126533779,1.0,1365.4808037278697,1000.0,1297.2526234000006,1000.0,1.015194923680622,0.0
9337,1706144460000.0,35.166739999998896,0.0,0.59,2349.540983606558,0.0,0.0,2230.64,0.9413943126533779,1.0,1365.4808037278697,1000.0,1295.3292234000005,1000.0,1.015194923680622,0.0
9338,1706148060000.0,106.86040573770369,0.0,0.61,2343.2301155603336,0.0,0.0,2215.32,0.9413943126533779,1.0,1364.1855229918042,1000.0,1286.1603525000007,1000.0,1.0477829784889097,0.0
9339,1706151660000.0,106.86040573770369,0.0,0.61,2343.2301155603336,0.0,0.0,2211.46,0.9413943126533779,1.0,1364.1855229918042,1000.0,1283.8057525000006,1000.0,1.0477829784889097,0.0
9340,1706155260000.0,106.86040573770369,0.0,0.61,2343.2301155603336,0.0,0.0,2215.84,0.9413943126533779,1.0,1364.1855229918042,1000.0,1286.4775525000007,1000.0,1.0477829784889097,0.0
9341,1706158860000.0,106.86040573770369,0.0,0.61,2343.2301155603336,0.0,0.0,2208.82,0.9413943126533779,1.0,1364.1855229918042,1000.0,1282.1953525000008,1000.0,1.0477829784889097,0.0
9342,1706162460000.0,106.86040573770369,0.0,0.61,2343.2301155603336,0.0,0.0,2212.4,0.9413943126533779,1.0,1364.1855229918042,1000.0,1284.3791525000008,1000.0,1.0477829784889097,0.0
9343,1706166060000.0,106.86040573770369,0.0,0.61,2343.2301155603336,0.0,0.0,2222.01,0.9413943126533779,1.0,1364.1855229918042,1000.0,1290.2412525000009,1000.0,1.0477829784889097,0.0
9344,1706169660000.0,106.86040573770369,0.0,0.61,2343.2301155603336,0.0,0.0,2229.34,0.9413943126533779,1.0,1364.1855229918042,1000.0,1294.7125525000008,1000.0,1.0477829784889097,0.0
9345,1706173260000.0,106.86040573770369,0.0,0.61,2343.2301155603336,0.0,0.0,2226.47,0.9413943126533779,1.0,1364.1855229918042,1000.0,1292.9618525000005,1000.0,1.0477829784889097,0.0
9346,1706176860000.0,106.86040573770369,0.0,0.61,2343.2301155603336,0.0,0.0,2223.54,0.9413943126533779,1.0,1364.1855229918042,1000.0,1291.1745525000006,1000.0,1.0477829784889097,0.0
9347,1706180460000.0,106.86040573770369,0.0,0.61,2343.2301155603336,0.0,0.0,2234.93,0.9413943126533779,1.0,1364.1855229918042,1000.0,1298.1224525000007,1000.0,1.0477829784889097,0.0
9348,1706184060000.0,106.86040573770369,0.0,0.61,2343.2301155603336,0.0,0.0,2228.96,0.9413943126533779,1.0,1364.1855229918042,1000.0,1294.4807525000008,1000.0,1.0477829784889097,0.0
9349,1706187660000.0,106.86040573770369,0.0,0.61,2343.2301155603336,0.0,0.0,2205.1,0.9413943126533779,1.0,1364.1855229918042,1000.0,1279.9261525000006,1000.0,1.0477829784889097,0.0
9350,1706191260000.0,106.86040573770369,0.0,0.61,2343.2301155603336,0.0,0.0,2208.13,0.9413943126533779,1.0,1364.1855229918042,1000.0,1281.7744525000007,1000.0,1.0477829784889097,0.0
9351,1706194860000.0,106.86040573770369,0.0,0.61,2343.2301155603336,0.0,0.0,2211.66,0.9413943126533779,1.0,1364.1855229918042,1000.0,1283.9277525000007,1000.0,1.0477829784889097,0.0
9352,1706198460000.0,106.86040573770369,0.0,0.61,2343.2301155603336,0.0,0.0,2187.9,0.9413943126533779,1.0,1364.1855229918042,1000.0,1269.4341525000007,1000.0,1.0477829784889097,0.0
9353,1706202060000.0,106.86040573770369,0.0,0.61,2343.2301155603336,0.0,0.0,2185.11,0.9413943126533779,1.0,1364.1855229918042,1000.0,1267.7322525000009,1000.0,1.0477829784889097,0.0
9354,1706205660000.0,106.86040573770369,0.0,0.61,2343.2301155603336,0.0,0.0,2205.59,0.9413943126533779,1.0,1364.1855229918042,1000.0,1280.2250525000009,1000.0,1.0477829784889097,0.0
9355,1706209260000.0,71.86910176666592,0.0,0.6,2343.2301155603336,0.0,0.0,2210.85,0.9413943126533779,1.0,1362.8166082762007,1000.0,1283.3885389400004,1000.0,1.0316414261450357,0.0
9356,1706212860000.0,71.86910176666592,0.0,0.6,2343.2301155603336,0.0,0.0,2214.73,0.9413943126533779,1.0,1362.8166082762007,1000.0,1285.7165389400004,1000.0,1.0316414261450357,0.0
9357,1706216460000.0,71.86910176666592,0.0,0.6,2343.2301155603336,0.0,0.0,2229.36,0.9413943126533779,1.0,1362.8166082762007,1000.0,1294.4945389400007,1000.0,1.0316414261450357,0.0
9358,1706220060000.0,71.86910176666592,0.0,0.6,2343.2301155603336,0.0,0.0,2218.28,0.9413943126533779,1.0,1362.8166082762007,1000.0,1287.8465389400005,1000.0,1.0316414261450357,0.0
9359,1706223660000.0,71.86910176666592,0.0,0.6,2343.2301155603336,0.0,0.0,2221.19,0.9413943126533779,1.0,1362.8166082762007,1000.0,1289.5925389400006,1000.0,1.0316414261450357,0.0
9360,1706227260000.0,71.86910176666592,0.0,0.6,2343.2301155603336,0.0,0.0,2216.98,0.9413943126533779,1.0,1362.8166082762007,1000.0,1287.0665389400006,1000.0,1.0316414261450357,0.0
9361,1706230860000.0,71.86910176666592,0.0,0.6,2343.2301155603336,0.0,0.0,2212.13,0.9413943126533779,1.0,1362.8166082762007,1000.0,1284.1565389400005,1000.0,1.0316414261450357,0.0
9362,1706234460000.0,71.86910176666592,0.0,0.6,2343.2301155603336,0.0,0.0,2225.63,0.9413943126533779,1.0,1362.8166082762007,1000.0,1292.2565389400006,1000.0,1.0316414261450357,0.0
9363,1706238060000.0,71.86910176666592,0.0,0.6,2343.2301155603336,0.0,0.0,2228.79,0.9413943126533779,1.0,1362.8166082762007,1000.0,1294.1525389400006,1000.0,1.0316414261450357,0.0
9364,1706241660000.0,71.86910176666592,0.0,0.6,2343.2301155603336,0.0,0.0,2224.0,0.9413943126533779,1.0,1362.8166082762007,1000.0,1291.2785389400005,1000.0,1.0316414261450357,0.0
9365,1706245260000.0,71.86910176666592,0.0,0.6,2343.2301155603336,0.0,0.0,2223.16,0.9413943126533779,1.0,1362.8166082762007,1000.0,1290.7745389400004,1000.0,1.0316414261450357,0.0
9366,1706248860000.0,71.86910176666592,0.0,0.6,2343.2301155603336,0.0,0.0,2221.96,0.9413943126533779,1.0,1362.8166082762007,1000.0,1290.0545389400006,1000.0,1.0316414261450357,0.0
9367,1706252460000.0,71.86910176666592,0.0,0.6,2343.2301155603336,0.0,0.0,2212.0,0.9413943126533779,1.0,1362.8166082762007,1000.0,1284.0785389400005,1000.0,1.0316414261450357,0.0
9368,1706256060000.0,35.624038305084056,0.0,0.59,2343.2301155603336,0.0,0.0,2198.02,0.9413943126533779,1.0,1361.4875855805972,1000.0,1275.8136174000003,1000.0,1.015437660117214,0.0
9369,1706259660000.0,35.624038305084056,0.0,0.59,2343.2301155603336,0.0,0.0,2208.25,0.9413943126533779,1.0,1361.4875855805972,1000.0,1281.8493174000002,1000.0,1.015437660117214,0.0
9370,1706263260000.0,35.624038305084056,0.0,0.59,2343.2301155603336,0.0,0.0,2207.33,0.9413943126533779,1.0,1361.4875855805972,1000.0,1281.3065174000003,1000.0,1.015437660117214,0.0
9371,1706266860000.0,35.624038305084056,0.0,0.59,2343.2301155603336,0.0,0.0,2239.99,0.9413943126533779,1.0,1361.4875855805972,1000.0,1300.5759174000002,1000.0,1.015437660117214,0.0
9372,1706270460000.0,35.624038305084056,0.0,0.59,2343.2301155603336,0.0,0.0,2250.09,0.9413943126533779,1.0,1361.4875855805972,1000.0,1306.5349174000005,1000.0,1.015437660117214,0.0
9373,1706274060000.0,35.624038305084056,0.0,0.59,2343.2301155603336,0.0,0.0,2248.03,0.9413943126533779,1.0,1361.4875855805972,1000.0,1305.3195174000004,1000.0,1.015437660117214,0.0
9374,1706277660000.0,35.624038305084056,0.0,0.59,2343.2301155603336,0.0,0.0,2241.54,0.9413943126533779,1.0,1361.4875855805972,1000.0,1301.4904174000003,1000.0,1.015437660117214,0.0
9375,1706281260000.0,35.624038305084056,0.0,0.59,2343.2301155603336,0.0,0.0,2251.67,0.9413943126533779,1.0,1361.4875855805972,1000.0,1307.4671174000005,1000.0,1.015437660117214,0.0
9376,1706284860000.0,35.624038305084056,0.0,0.59,2343.2301155603336,0.0,0.0,2257.82,0.9413943126533779,1.0,1361.4875855805972,1000.0,1311.0956174000005,1000.0,1.015437660117214,0.0
9377,1706288460000.0,35.624038305084056,0.0,0.59,2343.2301155603336,0.0,0.0,2275.83,0.9413943126533779,1.0,1361.4875855805972,1000.0,1321.7215174000003,1000.0,1.015437660117214,0.0
9378,1706292060000.0,35.624038305084056,0.0,0.59,2343.2301155603336,0.0,0.0,2269.19,0.9413943126533779,1.0,1361.4875855805972,1000.0,1317.8039174000003,1000.0,1.015437660117214,0.0
9379,1706295660000.0,35.624038305084056,0.0,0.59,2343.2301155603336,0.0,0.0,2263.64,0.9413943126533779,1.0,1361.4875855805972,1000.0,1314.5294174000003,1000.0,1.015437660117214,0.0
9380,1706299260000.0,35.624038305084056,0.0,0.59,2343.2301155603336,0.0,0.0,2258.24,0.9413943126533779,1.0,1361.4875855805972,1000.0,1311.3434174000001,1000.0,1.015437660117214,0.0
9381,1706302860000.0,0.0,0.0,0.58,2343.2301155603336,0.0,0.0,2255.49,0.9413943126533779,1.0,1360.6402665249936,1000.0,1309.7509995,1000.0,0.9988484836598274,0.0
9382,1706306460000.0,0.0,0.0,0.58,2343.2301155603336,0.0,0.0,2258.97,0.9413943126533779,1.0,1360.6402665249936,1000.0,1311.7693995,1000.0,0.9988484836598274,0.0
9383,1706310060000.0,0.0,0.0,0.58,2343.2301155603336,0.0,0.0,2268.92,0.9413943126533779,1.0,1360.6402665249936,1000.0,1317.5403995000001,1000.0,0.9988484836598274,0.0
9384,1706313660000.0,0.0,0.0,0.58,2343.2301155603336,0.0,0.0,2265.9,0.9413943126533779,1.0,1360.6402665249936,1000.0,1315.7887995,1000.0,0.9988484836598274,0.0
9385,1706317260000.0,0.0,0.0,0.58,2343.2301155603336,0.0,0.0,2282.22,0.9413943126533779,1.0,1360.6402665249936,1000.0,1325.2543995,1000.0,0.9988484836598274,0.0
9386,1706320860000.0,0.0,0.0,0.58,2343.2301155603336,0.0,0.0,2269.53,0.9413943126533779,1.0,1360.6402665249936,1000.0,1317.8941995000002,1000.0,0.9988484836598274,0.0
9387,1706324460000.0,0.0,0.0,0.58,2343.2301155603336,0.0,0.0,2275.36,0.9413943126533779,1.0,1360.6402665249936,1000.0,1321.2755995000002,1000.0,0.9988484836598274,0.0
9388,1706328060000.0,0.0,0.0,0.58,2343.2301155603336,0.0,0.0,2275.22,0.9413943126533779,1.0,1360.6402665249936,1000.0,1321.1943995000001,1000.0,0.9988484836598274,0.0
9389,1706331660000.0,0.0,0.0,0.58,2343.2301155603336,0.0,0.0,2274.39,0.9413943126533779,1.0,1360.6402665249936,1000.0,1320.7129995,1000.0,0.9988484836598274,0.0
9390,1706335260000.0,0.0,0.0,0.58,2343.2301155603336,0.0,0.0,2263.8,0.9413943126533779,1.0,1360.6402665249936,1000.0,1314.5707995000002,1000.0,0.9988484836598274,0.0
9391,1706338860000.0,0.0,0.0,0.58,2343.2301155603336,0.0,0.0,2263.78,0.9413943126533779,1.0,1360.6402665249936,1000.0,1314.5591995000002,1000.0,0.9988484836598274,0.0
9392,1706342460000.0,0.0,0.0,0.58,2343.2301155603336,0.0,0.0,2255.4,0.9413943126533779,1.0,1360.6402665249936,1000.0,1309.6987995000002,1000.0,0.9988484836598274,0.0
9393,1706346060000.0,0.0,0.0,0.58,2343.2301155603336,0.0,0.0,2254.0,0.9413943126533779,1.0,1360.6402665249936,1000.0,1308.8867995,1000.0,0.9988484836598274,0.0
9394,1706349660000.0,0.0,0.0,0.57,2343.2301155603336,0.0,0.0,2265.35,0.9413943126533779,1.0,1359.8094441693904,1000.0,1315.4177783000002,1000.0,0.9822267168362233,0.0
9395,1706353260000.0,0.0,0.0,0.57,2343.2301155603336,0.0,0.0,2261.97,0.9413943126533779,1.0,1359.8094441693904,1000.0,1313.4911783000002,1000.0,0.9822267168362233,0.0
9396,1706356860000.0,0.0,0.0,0.57,2343.2301155603336,0.0,0.0,2264.98,0.9413943126533779,1.0,1359.8094441693904,1000.0,1315.2068783000002,1000.0,0.9822267168362233,0.0
9397,1706360460000.0,0.0,0.0,0.57,2343.2301155603336,0.0,0.0,2262.08,0.9413943126533779,1.0,1359.8094441693904,1000.0,1313.5538783000002,1000.0,0.9822267168362233,0.0
9398,1706364060000.0,0.0,0.0,0.57,2343.2301155603336,0.0,0.0,2266.69,0.9413943126533779,1.0,1359.8094441693904,1000.0,1316.1815783000002,1000.0,0.9822267168362233,0.0
9399,1706367660000.0,0.0,0.0,0.57,2343.2301155603336,0.0,0.0,2267.14,0.9413943126533779,1.0,1359.8094441693904,1000.0,1316.4380783000001,1000.0,0.9822267168362233,0.0
9400,1706371260000.0,0.0,0.0,0.57,2343.2301155603336,0.0,0.0,2269.13,0.9413943126533779,1.0,1359.8094441693904,1000.0,1317.5723783000003,1000.0,0.9822267168362233,0.0
9401,1706374860000.0,0.0,0.0,0.57,2343.2301155603336,0.0,0.0,2261.83,0.9413943126533779,1.0,1359.8094441693904,1000.0,1313.4113783000003,1000.0,0.9822267168362233,0.0
9402,1706378460000.0,0.0,0.0,0.57,2343.2301155603336,0.0,0.0,2263.94,0.9413943126533779,1.0,1359.8094441693904,1000.0,1314.6140783000003,1000.0,0.9822267168362233,0.0
9403,1706382060000.0,0.0,0.0,0.57,2343.2301155603336,0.0,0.0,2267.41,0.9413943126533779,1.0,1359.8094441693904,1000.0,1316.5919783000002,1000.0,0.9822267168362233,0.0
9404,1706385660000.0,0.0,0.0,0.57,2343.2301155603336,0.0,0.0,2270.9,0.9413943126533779,1.0,1359.8094441693904,1000.0,1318.5812783000003,1000.0,0.9822267168362233,0.0
9405,1706389260000.0,0.0,0.0,0.57,2343.2301155603336,0.0,0.0,2269.55,0.9413943126533779,1.0,1359.8094441693904,1000.0,1317.8117783000005,1000.0,0.9822267168362233,0.0
9406,1706392860000.0,0.0,0.0,0.57,2343.2301155603336,0.0,0.0,2272.0,0.9413943126533779,1.0,1359.8094441693904,1000.0,1319.2082783000003,1000.0,0.9822267168362233,0.0
9407,1706396460000.0,0.0,0.0,0.56,2343.2301155603336,0.0,0.0,2263.61,0.9413943126533779,1.0,1359.0469081537872,1000.0,1314.4596434400005,1000.0,0.9655361097847402,0.0
9408,1706400060000.0,0.0,0.0,0.56,2343.2301155603336,0.0,0.0,2264.11,0.9413943126533779,1.0,1359.0469081537872,1000.0,1314.7396434400005,1000.0,0.9655361097847402,0.0
9409,1706403660000.0,0.0,0.0,0.56,2343.2301155603336,0.0,0.0,2268.41,0.9413943126533779,1.0,1359.0469081537872,1000.0,1317.1476434400004,1000.0,0.9655361097847402,0.0
9410,1706407260000.0,0.0,0.0,0.56,2343.2301155603336,0.0,0.0,2279.72,0.9413943126533779,1.0,1359.0469081537872,1000.0,1323.4812434400003,1000.0,0.9655361097847402,0.0
9411,1706410860000.0,0.0,0.0,0.56,2343.2301155603336,0.0,0.0,2278.39,0.9413943126533779,1.0,1359.0469081537872,1000.0,1322.7364434400004,1000.0,0.9655361097847402,0.0
9412,1706414460000.0,0.0,0.0,0.56,2343.2301155603336,0.0,0.0,2285.28,0.9413943126533779,1.0,1359.0469081537872,1000.0,1326.5948434400004,1000.0,0.9655361097847402,0.0
9413,1706418060000.0,0.0,0.0,0.56,2343.2301155603336,0.0,0.0,2303.93,0.9413943126533779,1.0,1359.0469081537872,1000.0,1337.0388434400002,1000.0,0.9655361097847402,0.0
9414,1706421660000.0,0.0,0.0,0.56,2343.2301155603336,0.0,0.0,2290.17,0.9413943126533779,1.0,1359.0469081537872,1000.0,1329.3332434400004,1000.0,0.9655361097847402,0.0
9415,1706425260000.0,0.0,0.0,0.56,2343.2301155603336,0.0,0.0,2286.1,0.9413943126533779,1.0,1359.0469081537872,1000.0,1327.0540434400002,1000.0,0.9655361097847402,0.0
9416,1706428860000.0,0.0,0.0,0.56,2343.2301155603336,0.0,0.0,2280.27,0.9413943126533779,1.0,1359.0469081537872,1000.0,1323.7892434400003,1000.0,0.9655361097847402,0.0
9417,1706432460000.0,0.0,0.0,0.56,2343.2301155603336,0.0,0.0,2285.08,0.9413943126533779,1.0,1359.0469081537872,1000.0,1326.4828434400004,1000.0,0.9655361097847402,0.0
9418,1706436060000.0,0.0,0.0,0.56,2343.2301155603336,0.0,0.0,2292.35,0.9413943126533779,1.0,1359.0469081537872,1000.0,1330.5540434400002,1000.0,0.9655361097847402,0.0
9419,1706439660000.0,0.0,0.0,0.56,2343.2301155603336,0.0,0.0,2292.81,0.9413943126533779,1.0,1359.0469081537872,1000.0,1330.8116434400004,1000.0,0.9655361097847402,0.0
9420,1706443260000.0,0.0,0.0,0.55,2343.2301155603336,0.0,0.0,2280.96,0.9413943126533779,1.0,1358.4149460181839,1000.0,1324.1663824600005,1000.0,0.9487355592897989,0.0
9421,1706446860000.0,0.0,0.0,0.55,2343.2301155603336,0.0,0.0,2275.36,0.9413943126533779,1.0,1358.4149460181839,1000.0,1321.0863824600006,1000.0,0.9487355592897989,0.0
9422,1706450460000.0,0.0,0.0,0.55,2343.2301155603336,0.0,0.0,2280.7,0.9413943126533779,1.0,1358.4149460181839,1000.0,1324.0233824600002,1000.0,0.9487355592897989,0.0
9423,1706454060000.0,0.0,0.0,0.55,2343.2301155603336,0.0,0.0,2269.45,0.9413943126533779,1.0,1358.4149460181839,1000.0,1317.8358824600002,1000.0,0.9487355592897989,0.0
9424,1706457660000.0,0.0,0.0,0.55,2343.2301155603336,0.0,0.0,2269.8,0.9413943126533779,1.0,1358.4149460181839,1000.0,1318.0283824600006,1000.0,0.9487355592897989,0.0
9425,1706461260000.0,0.0,0.0,0.55,2343.2301155603336,0.0,0.0,2272.88,0.9413943126533779,1.0,1358.4149460181839,1000.0,1319.7223824600005,1000.0,0.9487355592897989,0.0
9426,1706464860000.0,0.0,0.0,0.55,2343.2301155603336,0.0,0.0,2268.59,0.9413943126533779,1.0,1358.4149460181839,1000.0,1317.3628824600005,1000.0,0.9487355592897989,0.0
9427,1706468460000.0,0.0,0.0,0.55,2343.2301155603336,0.0,0.0,2256.89,0.9413943126533779,1.0,1358.4149460181839,1000.0,1310.9278824600003,1000.0,0.9487355592897989,0.0
9428,1706472060000.0,0.0,0.0,0.58,2338.4989026865237,0.0,0.0,2252.12,0.9413943126533779,1.0,1358.4014354581839,1000.0,1308.3016719,1000.0,0.9984746247715047,0.0
9429,1706475660000.0,0.0,0.0,0.58,2338.4989026865237,0.0,0.0,2263.28,0.9413943126533779,1.0,1358.4014354581839,1000.0,1314.7744719000002,1000.0,0.9984746247715047,0.0
9430,1706479260000.0,0.0,0.0,0.58,2338.4989026865237,0.0,0.0,2261.01,0.9413943126533779,1.0,1358.4014354581839,1000.0,1313.4578719000003,1000.0,0.9984746247715047,0.0
9431,1706482860000.0,107.0340950491803,0.0,0.61,2333.8996123904653,0.0,0.0,2248.01,0.9413943126533779,1.0,1358.3879655781839,1000.0,1305.99530202,1000.0,1.0480649119651244,0.0
9432,1706486460000.0,107.0340950491803,0.0,0.61,2333.8996123904653,0.0,0.0,2251.48,0.9413943126533779,1.0,1358.3879655781839,1000.0,1308.11200202,1000.0,1.0480649119651244,0.0
9433,1706490060000.0,71.17119416666621,0.0,0.6,2333.8996123904653,0.0,0.0,2259.02,0.9413943126533779,1.0,1357.6370509342794,1000.0,1312.7092835,1000.0,1.0314537058859827,0.0
9434,1706493660000.0,71.17119416666621,0.0,0.6,2333.8996123904653,0.0,0.0,2263.24,0.9413943126533779,1.0,1357.6370509342794,1000.0,1315.2412835,1000.0,1.0314537058859827,0.0
9435,1706497260000.0,71.17119416666621,0.0,0.6,2333.8996123904653,0.0,0.0,2269.35,0.9413943126533779,1.0,1357.6370509342794,1000.0,1318.9072835000002,1000.0,1.0314537058859827,0.0
9436,1706500860000.0,71.17119416666621,0.0,0.6,2333.8996123904653,0.0,0.0,2270.63,0.9413943126533779,1.0,1357.6370509342794,1000.0,1319.6752835000002,1000.0,1.0314537058859827,0.0
9437,1706504460000.0,71.17119416666621,0.0,0.6,2333.8996123904653,0.0,0.0,2268.92,0.9413943126533779,1.0,1357.6370509342794,1000.0,1318.6492835000001,1000.0,1.0314537058859827,0.0
9438,1706508060000.0,71.17119416666621,0.0,0.6,2333.8996123904653,0.0,0.0,2264.9,0.9413943126533779,1.0,1357.6370509342794,1000.0,1316.2372835000003,1000.0,1.0314537058859827,0.0
9439,1706511660000.0,71.17119416666621,0.0,0.6,2333.8996123904653,0.0,0.0,2267.1,0.9413943126533779,1.0,1357.6370509342794,1000.0,1317.5572835,1000.0,1.0314537058859827,0.0
9440,1706515260000.0,71.17119416666621,0.0,0.6,2333.8996123904653,0.0,0.0,2259.39,0.9413943126533779,1.0,1357.6370509342794,1000.0,1312.9312835,1000.0,1.0314537058859827,0.0
9441,1706518860000.0,71.17119416666621,0.0,0.6,2333.8996123904653,0.0,0.0,2262.38,0.9413943126533779,1.0,1357.6370509342794,1000.0,1314.7252835000002,1000.0,1.0314537058859827,0.0
9442,1706522460000.0,71.17119416666621,0.0,0.6,2333.8996123904653,0.0,0.0,2273.33,0.9413943126533779,1.0,1357.6370509342794,1000.0,1321.2952835,1000.0,1.0314537058859827,0.0
9443,1706526060000.0,71.17119416666621,0.0,0.6,2333.8996123904653,0.0,0.0,2271.56,0.9413943126533779,1.0,1357.6370509342794,1000.0,1320.2332835000002,1000.0,1.0314537058859827,0.0
9444,1706529660000.0,71.17119416666621,0.0,0.6,2333.8996123904653,0.0,0.0,2264.1,0.9413943126533779,1.0,1357.6370509342794,1000.0,1315.7572835,1000.0,1.0314537058859827,0.0
9445,1706533260000.0,71.17119416666621,0.0,0.6,2333.8996123904653,0.0,0.0,2254.57,0.9413943126533779,1.0,1357.6370509342794,1000.0,1310.0392835000002,1000.0,1.0314537058859827,0.0
9446,1706536860000.0,71.17119416666621,0.0,0.6,2333.8996123904653,0.0,0.0,2243.41,0.9413943126533779,1.0,1357.6370509342794,1000.0,1303.3432835,1000.0,1.0314537058859827,0.0
9447,1706540460000.0,71.17119416666621,0.0,0.6,2333.8996123904653,0.0,0.0,2242.08,0.9413943126533779,1.0,1357.6370509342794,1000.0,1302.5452835,1000.0,1.0314537058859827,0.0
9448,1706544060000.0,34.177499999999384,0.0,0.59,2333.8996123904653,0.0,0.0,2280.7,0.9413943126533779,1.0,1356.8360463103747,1000.0,1325.4482750000002,1000.0,1.014861578194973,0.0
9449,1706547660000.0,34.177499999999384,0.0,0.59,2333.8996123904653,0.0,0.0,2307.35,0.9413943126533779,1.0,1356.8360463103747,1000.0,1341.1717750000003,1000.0,1.014861578194973,0.0
9450,1706551260000.0,34.177499999999384,0.0,0.59,2333.8996123904653,0.0,0.0,2303.88,0.9413943126533779,1.0,1356.8360463103747,1000.0,1339.1244750000003,1000.0,1.014861578194973,0.0
9451,1706554860000.0,34.177499999999384,0.0,0.59,2333.8996123904653,0.0,0.0,2303.21,0.9413943126533779,1.0,1356.8360463103747,1000.0,1338.7291750000002,1000.0,1.014861578194973,0.0
9452,1706558460000.0,34.177499999999384,0.0,0.59,2333.8996123904653,0.0,0.0,2296.29,0.9413943126533779,1.0,1356.8360463103747,1000.0,1334.6463750000003,1000.0,1.014861578194973,0.0
9453,1706562060000.0,34.177499999999384,0.0,0.59,2333.8996123904653,0.0,0.0,2300.56,0.9413943126533779,1.0,1356.8360463103747,1000.0,1337.1656750000002,1000.0,1.014861578194973,0.0
9454,1706565660000.0,34.177499999999384,0.0,0.59,2333.8996123904653,0.0,0.0,2305.63,0.9413943126533779,1.0,1356.8360463103747,1000.0,1340.1569750000003,1000.0,1.014861578194973,0.0
9455,1706569260000.0,34.177499999999384,0.0,0.59,2333.8996123904653,0.0,0.0,2313.55,0.9413943126533779,1.0,1356.8360463103747,1000.0,1344.8297750000004,1000.0,1.014861578194973,0.0
9456,1706572860000.0,34.177499999999384,0.0,0.59,2333.8996123904653,0.0,0.0,2311.84,0.9413943126533779,1.0,1356.8360463103747,1000.0,1343.8208750000003,1000.0,1.014861578194973,0.0
9457,1706576460000.0,34.177499999999384,0.0,0.59,2333.8996123904653,0.0,0.0,2305.24,0.9413943126533779,1.0,1356.8360463103747,1000.0,1339.926875,1000.0,1.014861578194973,0.0
9458,1706580060000.0,34.177499999999384,0.0,0.59,2333.8996123904653,0.0,0.0,2316.02,0.9413943126533779,1.0,1356.8360463103747,1000.0,1346.2870750000002,1000.0,1.014861578194973,0.0
9459,1706583660000.0,34.177499999999384,0.0,0.59,2333.8996123904653,0.0,0.0,2315.19,0.9413943126533779,1.0,1356.8360463103747,1000.0,1345.7973750000003,1000.0,1.014861578194973,0.0
9460,1706587260000.0,34.177499999999384,0.0,0.59,2333.8996123904653,0.0,0.0,2309.93,0.9413943126533779,1.0,1356.8360463103747,1000.0,1342.6939750000001,1000.0,1.014861578194973,0.0
9461,1706590860000.0,0.0,0.0,0.58,2333.8996123904653,0.0,0.0,2310.89,0.9413943126533779,1.0,1356.5967293264703,1000.0,1343.2511541400004,1000.0,0.997836531611382,0.0
9462,1706594460000.0,0.0,0.0,0.58,2333.8996123904653,0.0,0.0,2304.84,0.9413943126533779,1.0,1356.5967293264703,1000.0,1339.7421541400004,1000.0,0.997836531611382,0.0
9463,1706598060000.0,0.0,0.0,0.58,2333.8996123904653,0.0,0.0,2302.15,0.9413943126533779,1.0,1356.5967293264703,1000.0,1338.1819541400005,1000.0,0.997836531611382,0.0
9464,1706601660000.0,0.0,0.0,0.58,2333.8996123904653,0.0,0.0,2308.62,0.9413943126533779,1.0,1356.5967293264703,1000.0,1341.9345541400003,1000.0,0.997836531611382,0.0
9465,1706605260000.0,0.0,0.0,0.58,2333.8996123904653,0.0,0.0,2306.1,0.9413943126533779,1.0,1356.5967293264703,1000.0,1340.4729541400004,1000.0,0.997836531611382,0.0
9466,1706608860000.0,0.0,0.0,0.58,2333.8996123904653,0.0,0.0,2304.49,0.9413943126533779,1.0,1356.5967293264703,1000.0,1339.5391541400002,1000.0,0.997836531611382,0.0
9467,1706612460000.0,0.0,0.0,0.58,2333.8996123904653,0.0,0.0,2316.71,0.9413943126533779,1.0,1356.5967293264703,1000.0,1346.6267541400005,1000.0,0.997836531611382,0.0
9468,1706616060000.0,0.0,0.0,0.58,2333.8996123904653,0.0,0.0,2312.31,0.9413943126533779,1.0,1356.5967293264703,1000.0,1344.0747541400003,1000.0,0.997836531611382,0.0
9469,1706619660000.0,0.0,0.0,0.58,2333.8996123904653,0.0,0.0,2304.73,0.9413943126533779,1.0,1356.5967293264703,1000.0,1339.6783541400005,1000.0,0.997836531611382,0.0
9470,1706623260000.0,0.0,0.0,0.58,2333.8996123904653,0.0,0.0,2300.71,0.9413943126533779,1.0,1356.5967293264703,1000.0,1337.3467541400005,1000.0,0.997836531611382,0.0
9471,1706626860000.0,0.0,0.0,0.58,2333.8996123904653,0.0,0.0,2307.6,0.9413943126533779,1.0,1356.5967293264703,1000.0,1341.3429541400003,1000.0,0.997836531611382,0.0
9472,1706630460000.0,0.0,0.0,0.58,2333.8996123904653,0.0,0.0,2348.29,0.9413943126533779,1.0,1356.5967293264703,1000.0,1364.9431541400004,1000.0,0.997836531611382,0.0
9473,1706634060000.0,0.0,0.0,0.49,2333.8996123904653,0.0,0.0,2370.74,0.9413943126533779,1.0,1358.0853478313284,1000.0,1376.1371377600003,1000.0,0.8420758031868276,0.0
9474,1706637660000.0,0.0,0.0,0.1,2333.8996123904653,0.0,0.0,2369.99,0.9413943126533779,1.0,1374.373760079047,1000.0,1377.9827988400004,1000.0,0.16981549562298331,0.0
9475,1706641260000.0,0.0,0.0,0.01,2333.8996123904653,0.0,0.0,2375.85,0.9413943126533779,1.0,1378.132624443905,1000.0,1378.5521283200003,1000.0,0.01693523229182841,0.0
9476,1706644860000.0,0.0,0.0,0.01,2333.8996123904653,0.0,0.0,2373.88,0.9413943126533779,1.0,1378.132624443905,1000.0,1378.5324283200002,1000.0,0.01693523229182841,0.0
9477,1706648460000.0,0.0,0.0,0.0,2333.8996123904653,0.0,0.0,2373.77,0.9413943126533779,1.0,1378.5502760400002,1000.0,1378.5502760400002,1000.0,0.0,0.0
9478,1706652060000.0,0.0,0.0,0.0,2333.8996123904653,0.0,0.0,2377.01,0.9413943126533779,1.0,1378.5502760400002,1000.0,1378.5502760400002,1000.0,0.0,0.0
9479,1706655660000.0,0.0,0.0,0.0,2333.8996123904653,0.0,0.0,2364.58,0.9413943126533779,1.0,1378.5502760400002,1000.0,1378.5502760400002,1000.0,0.0,0.0
9480,1706659260000.0,0.0,0.0,0.0,2333.8996123904653,0.0,0.0,2349.96,0.9413943126533779,1.0,1378.5502760400002,1000.0,1378.5502760400002,1000.0,0.0,0.0
9481,1706662860000.0,0.0,0.0,0.0,2333.8996123904653,0.0,0.0,2341.73,0.9413943126533779,1.0,1378.5502760400002,1000.0,1378.5502760400002,1000.0,0.0,0.0
9482,1706666460000.0,0.0,0.0,0.0,2333.8996123904653,0.0,0.0,2331.15,0.9413943126533779,1.0,1378.5502760400002,1000.0,1378.5502760400002,1000.0,0.0,0.0
9483,1706670060000.0,0.0,0.0,0.0,2333.8996123904653,0.0,0.0,2338.84,0.9413943126533779,1.0,1378.5502760400002,1000.0,1378.5502760400002,1000.0,0.0,0.0
9484,1706673660000.0,0.0,0.0,0.0,2333.8996123904653,0.0,0.0,2341.12,0.9413943126533779,1.0,1378.5502760400002,1000.0,1378.5502760400002,1000.0,0.0,0.0
9485,1706677260000.0,0.0,0.0,0.0,2333.8996123904653,0.0,0.0,2341.19,0.9413943126533779,1.0,1378.5502760400002,1000.0,1378.5502760400002,1000.0,0.0,0.0
9486,1706680860000.0,0.0,0.0,0.0,2333.8996123904653,0.0,0.0,2337.62,0.9413943126533779,1.0,1378.5502760400002,1000.0,1378.5502760400002,1000.0,0.0,0.0
9487,1706684460000.0,0.0,0.0,0.0,2333.8996123904653,0.0,0.0,2331.35,0.9413943126533779,1.0,1378.5502760400002,1000.0,1378.5502760400002,1000.0,0.0,0.0
9488,1706688060000.0,0.0,0.0,0.0,2333.8996123904653,0.0,0.0,2342.26,0.9413943126533779,1.0,1378.5502760400002,1000.0,1378.5502760400002,1000.0,0.0,0.0
9489,1706691660000.0,0.0,0.0,0.0,2333.8996123904653,0.0,0.0,2336.48,0.9413943126533779,1.0,1378.5502760400002,1000.0,1378.5502760400002,1000.0,0.0,0.0
9490,1706695260000.0,0.0,0.0,0.03,2324.14,0.0,0.0,2307.79,0.9413943126533779,1.0,1378.5363312000002,1000.0,1378.0458312,1000.0,0.05057842758435382,0.0
9491,1706698860000.0,0.0,0.0,0.03,2324.14,0.0,0.0,2285.2,0.9413943126533779,1.0,1378.5363312000002,1000.0,1377.3681312,1000.0,0.05057842758435382,0.0
9492,1706702460000.0,0.0,0.0,0.03,2324.14,0.0,0.0,2297.02,0.9413943126533779,1.0,1378.5363312000002,1000.0,1377.7227312000002,1000.0,0.05057842758435382,0.0
9493,1706706060000.0,0.0,0.0,0.03,2324.14,0.0,0.0,2302.7,0.9413943126533779,1.0,1378.5363312000002,1000.0,1377.8931312000002,1000.0,0.05057842758435382,0.0
9494,1706709660000.0,0.0,0.0,0.03,2324.14,0.0,0.0,2309.6,0.9413943126533779,1.0,1378.5363312000002,1000.0,1378.1001312,1000.0,0.05057842758435382,0.0
9495,1706713260000.0,0.0,0.0,0.03,2324.14,0.0,0.0,2303.19,0.9413943126533779,1.0,1378.5363312000002,1000.0,1377.9078312000001,1000.0,0.05057842758435382,0.0
9496,1706716860000.0,0.0,0.0,0.03,2324.14,0.0,0.0,2327.58,0.9413943126533779,1.0,1378.5363312000002,1000.0,1378.6395312000002,1000.0,0.05057842758435382,0.0
9497,1706720460000.0,0.0,0.0,0.0,2324.14,0.0,0.0,2347.77,0.9413943126533779,1.0,1379.0304847200005,1000.0,1379.0304847200005,1000.0,0.0,0.0
9498,1706724060000.0,0.0,0.0,0.0,2324.14,0.0,0.0,2339.79,0.9413943126533779,1.0,1379.0304847200005,1000.0,1379.0304847200005,1000.0,0.0,0.0
9499,1706727660000.0,0.0,0.0,0.0,2324.14,0.0,0.0,2334.72,0.9413943126533779,1.0,1379.0304847200005,1000.0,1379.0304847200005,1000.0,0.0,0.0
9500,1706731260000.0,0.0,0.0,0.02,2312.94,0.0,0.0,2319.5,0.9413943126533779,1.0,1379.1805474800005,1000.0,1379.3117474800006,1000.0,0.03354078629119499,0.0
9501,1706734860000.0,0.0,0.0,0.03,2312.8,0.0,0.0,2287.41,0.9413943126533779,1.0,1379.1759224400005,1000.0,1378.4142224400005,1000.0,0.05030830285758449,0.0
9502,1706738460000.0,0.0,0.0,0.08,2281.33125,0.0,0.0,2274.51,0.9413943126533779,1.0,1379.1532979400006,1000.0,1378.6075979400007,1000.0,0.13233227972017644,0.0
9503,1706742060000.0,0.0,0.0,0.08,2281.33125,0.0,0.0,2283.22,0.9413943126533779,1.0,1379.1532979400006,1000.0,1379.3043979400006,1000.0,0.13233227972017644,0.0
9504,1706745660000.0,0.0,0.0,0.08,2281.33125,0.0,0.0,2286.14,0.9413943126533779,1.0,1379.1532979400006,1000.0,1379.5379979400007,1000.0,0.13233227972017644,0.0
9505,1706749260000.0,0.0,0.0,0.08,2281.33125,0.0,0.0,2282.83,0.9413943126533779,1.0,1379.1532979400006,1000.0,1379.2731979400005,1000.0,0.13233227972017644,0.0
9506,1706752860000.0,0.0,0.0,0.08,2281.33125,0.0,0.0,2245.37,0.9413943126533779,1.0,1379.1532979400006,1000.0,1376.2763979400006,1000.0,0.13233227972017644,0.0
9507,1706756460000.0,0.0,0.0,0.08,2281.33125,0.0,0.0,2257.3,0.9413943126533779,1.0,1379.1532979400006,1000.0,1377.2307979400007,1000.0,0.13233227972017644,0.0
9508,1706760060000.0,0.0,0.0,0.08,2281.33125,0.0,0.0,2257.05,0.9413943126533779,1.0,1379.1532979400006,1000.0,1377.2107979400005,1000.0,0.13233227972017644,0.0
9509,1706763660000.0,0.0,0.0,0.08,2281.33125,0.0,0.0,2261.3,0.9413943126533779,1.0,1379.1532979400006,1000.0,1377.5507979400006,1000.0,0.13233227972017644,0.0
9510,1706767260000.0,0.0,0.0,0.08,2281.33125,0.0,0.0,2268.4,0.9413943126533779,1.0,1379.1532979400006,1000.0,1378.1187979400006,1000.0,0.13233227972017644,0.0
9511,1706770860000.0,0.0,0.0,0.08,2281.33125,0.0,0.0,2272.73,0.9413943126533779,1.0,1379.1532979400006,1000.0,1378.4651979400005,1000.0,0.13233227972017644,0.0
9512,1706774460000.0,0.0,0.0,0.08,2281.33125,0.0,0.0,2269.3,0.9413943126533779,1.0,1379.1532979400006,1000.0,1378.1907979400005,1000.0,0.13233227972017644,0.0
9513,1706778060000.0,0.0,0.0,0.08,2281.33125,0.0,0.0,2270.57,0.9413943126533779,1.0,1379.1532979400006,1000.0,1378.2923979400007,1000.0,0.13233227972017644,0.0
9514,1706781660000.0,0.0,0.0,0.08,2281.33125,0.0,0.0,2267.58,0.9413943126533779,1.0,1379.1532979400006,1000.0,1378.0531979400005,1000.0,0.13233227972017644,0.0
9515,1706785260000.0,0.0,0.0,0.08,2281.33125,0.0,0.0,2268.25,0.9413943126533779,1.0,1379.1532979400006,1000.0,1378.1067979400007,1000.0,0.13233227972017644,0.0
9516,1706788860000.0,0.0,0.0,0.08,2281.33125,0.0,0.0,2266.65,0.9413943126533779,1.0,1379.1532979400006,1000.0,1377.9787979400005,1000.0,0.13233227972017644,0.0
9517,1706792460000.0,0.0,0.0,0.08,2281.33125,0.0,0.0,2268.89,0.9413943126533779,1.0,1379.1532979400006,1000.0,1378.1579979400005,1000.0,0.13233227972017644,0.0
9518,1706796060000.0,0.0,0.0,0.08,2281.33125,0.0,0.0,2272.01,0.9413943126533779,1.0,1379.1532979400006,1000.0,1378.4075979400006,1000.0,0.13233227972017644,0.0
9519,1706799660000.0,0.0,0.0,0.06,2281.33125,0.0,0.0,2293.88,0.9413943126533779,1.0,1379.4766811000006,1000.0,1380.2296061000006,1000.0,0.09922594334168186,0.0
9520,1706803260000.0,0.0,0.0,0.0,2281.33125,0.0,0.0,2289.61,0.9413943126533779,1.0,1380.4468305800008,1000.0,1380.4468305800008,1000.0,0.0,0.0
9521,1706806860000.0,0.0,0.0,0.02,2266.95,0.0,0.0,2291.82,0.9413943126533779,1.0,1380.5938619400008,1000.0,1381.0912619400008,1000.0,0.03284021554049933,0.0
9522,1706810460000.0,0.0,0.0,0.0,2266.95,0.0,0.0,2301.39,0.9413943126533779,1.0,1381.405230020001,1000.0,1381.405230020001,1000.0,0.0,0.0
9523,1706814060000.0,0.0,0.0,0.0,2266.95,0.0,0.0,2297.15,0.9413943126533779,1.0,1381.405230020001,1000.0,1381.405230020001,1000.0,0.0,0.0
9524,1706817660000.0,0.0,0.0,0.0,2266.95,0.0,0.0,2300.83,0.9413943126533779,1.0,1381.405230020001,1000.0,1381.405230020001,1000.0,0.0,0.0
9525,1706821260000.0,0.0,0.0,0.0,2266.95,0.0,0.0,2297.89,0.9413943126533779,1.0,1381.405230020001,1000.0,1381.405230020001,1000.0,0.0,0.0
9526,1706824860000.0,0.0,0.0,0.0,2266.95,0.0,0.0,2301.81,0.9413943126533779,1.0,1381.405230020001,1000.0,1381.405230020001,1000.0,0.0,0.0
9527,1706828460000.0,0.0,0.0,0.0,2266.95,0.0,0.0,2294.21,0.9413943126533779,1.0,1381.405230020001,1000.0,1381.405230020001,1000.0,0.0,0.0
9528,1706832060000.0,0.0,0.0,0.0,2266.95,0.0,0.0,2301.55,0.9413943126533779,1.0,1381.405230020001,1000.0,1381.405230020001,1000.0,0.0,0.0
9529,1706835660000.0,0.0,0.0,0.0,2266.95,0.0,0.0,2309.27,0.9413943126533779,1.0,1381.405230020001,1000.0,1381.405230020001,1000.0,0.0,0.0
9530,1706839260000.0,0.0,0.0,0.0,2266.95,0.0,0.0,2304.01,0.9413943126533779,1.0,1381.405230020001,1000.0,1381.405230020001,1000.0,0.0,0.0
9531,1706842860000.0,0.0,0.0,0.0,2266.95,0.0,0.0,2300.89,0.9413943126533779,1.0,1381.405230020001,1000.0,1381.405230020001,1000.0,0.0,0.0
9532,1706846460000.0,0.0,0.0,0.0,2266.95,0.0,0.0,2300.24,0.9413943126533779,1.0,1381.405230020001,1000.0,1381.405230020001,1000.0,0.0,0.0
9533,1706850060000.0,0.0,0.0,0.0,2266.95,0.0,0.0,2297.87,0.9413943126533779,1.0,1381.405230020001,1000.0,1381.405230020001,1000.0,0.0,0.0
9534,1706853660000.0,0.0,0.0,0.0,2266.95,0.0,0.0,2304.3,0.9413943126533779,1.0,1381.405230020001,1000.0,1381.405230020001,1000.0,0.0,0.0
9535,1706857260000.0,0.0,0.0,0.0,2266.95,0.0,0.0,2309.21,0.9413943126533779,1.0,1381.405230020001,1000.0,1381.405230020001,1000.0,0.0,0.0
9536,1706860860000.0,0.0,0.0,0.0,2266.95,0.0,0.0,2313.27,0.9413943126533779,1.0,1381.405230020001,1000.0,1381.405230020001,1000.0,0.0,0.0
9537,1706864460000.0,0.0,0.0,0.0,2266.95,0.0,0.0,2310.0,0.9413943126533779,1.0,1381.405230020001,1000.0,1381.405230020001,1000.0,0.0,0.0
9538,1706868060000.0,0.0,0.0,0.0,2266.95,0.0,0.0,2307.65,0.9413943126533779,1.0,1381.405230020001,1000.0,1381.405230020001,1000.0,0.0,0.0
9539,1706871660000.0,0.0,0.0,0.0,2266.95,0.0,0.0,2310.21,0.9413943126533779,1.0,1381.405230020001,1000.0,1381.405230020001,1000.0,0.0,0.0
9540,1706875260000.0,0.0,0.0,0.0,2266.95,0.0,0.0,2316.42,0.9413943126533779,1.0,1381.405230020001,1000.0,1381.405230020001,1000.0,0.0,0.0
9541,1706878860000.0,0.0,0.0,0.0,2266.95,0.0,0.0,2312.66,0.9413943126533779,1.0,1381.405230020001,1000.0,1381.405230020001,1000.0,0.0,0.0
9542,1706882460000.0,0.0,0.0,0.03,2290.15,0.0,0.0,2286.35,0.9413943126533779,1.0,1381.391489120001,1000.0,1381.277489120001,1000.0,0.04973571977323197,0.0
9543,1706886060000.0,0.0,0.0,0.03,2290.15,0.0,0.0,2293.42,0.9413943126533779,1.0,1381.391489120001,1000.0,1381.489589120001,1000.0,0.04973571977323197,0.0
9544,1706889660000.0,0.0,0.0,0.0,2290.15,0.0,0.0,2317.77,0.9413943126533779,1.0,1381.8783480800012,1000.0,1381.8783480800012,1000.0,0.0,0.0
9545,1706893260000.0,0.0,0.0,0.0,2290.15,0.0,0.0,2304.15,0.9413943126533779,1.0,1381.8783480800012,1000.0,1381.8783480800012,1000.0,0.0,0.0
9546,1706896860000.0,0.0,0.0,0.03,2289.6,0.0,0.0,2290.44,0.9413943126533779,1.0,1381.8646104800011,1000.0,1381.8898104800012,1000.0,0.04970675092123583,0.0
9547,1706900460000.0,0.0,0.0,0.03,2289.6,0.0,0.0,2294.7,0.9413943126533779,1.0,1381.8646104800011,1000.0,1382.0176104800012,1000.0,0.04970675092123583,0.0
9548,1706904060000.0,0.0,0.0,0.03,2289.6,0.0,0.0,2299.24,0.9413943126533779,1.0,1381.8646104800011,1000.0,1382.153810480001,1000.0,0.04970675092123583,0.0
9549,1706907660000.0,0.0,0.0,0.03,2289.6,0.0,0.0,2296.51,0.9413943126533779,1.0,1381.8646104800011,1000.0,1382.0719104800012,1000.0,0.04970675092123583,0.0
9550,1706911260000.0,0.0,0.0,0.03,2289.6,0.0,0.0,2294.99,0.9413943126533779,1.0,1381.8646104800011,1000.0,1382.026310480001,1000.0,0.04970675092123583,0.0
9551,1706914860000.0,0.0,0.0,0.0,2289.6,0.0,0.0,2307.73,0.9413943126533779,1.0,1382.351472740001,1000.0,1382.351472740001,1000.0,0.0,0.0
9552,1706918460000.0,0.0,0.0,0.0,2289.6,0.0,0.0,2306.97,0.9413943126533779,1.0,1382.351472740001,1000.0,1382.351472740001,1000.0,0.0,0.0
9553,1706922060000.0,0.0,0.0,0.0,2289.6,0.0,0.0,2315.8,0.9413943126533779,1.0,1382.351472740001,1000.0,1382.351472740001,1000.0,0.0,0.0
9554,1706925660000.0,0.0,0.0,0.0,2289.6,0.0,0.0,2325.73,0.9413943126533779,1.0,1382.351472740001,1000.0,1382.351472740001,1000.0,0.0,0.0
9555,1706929260000.0,0.0,0.0,0.0,2289.6,0.0,0.0,2321.49,0.9413943126533779,1.0,1382.351472740001,1000.0,1382.351472740001,1000.0,0.0,0.0
9556,1706932860000.0,0.0,0.0,0.0,2289.6,0.0,0.0,2319.78,0.9413943126533779,1.0,1382.351472740001,1000.0,1382.351472740001,1000.0,0.0,0.0
9557,1706936460000.0,0.0,0.0,0.0,2289.6,0.0,0.0,2321.25,0.9413943126533779,1.0,1382.351472740001,1000.0,1382.351472740001,1000.0,0.0,0.0
9558,1706940060000.0,0.0,0.0,0.0,2289.6,0.0,0.0,2322.68,0.9413943126533779,1.0,1382.351472740001,1000.0,1382.351472740001,1000.0,0.0,0.0
9559,1706943660000.0,0.0,0.0,0.0,2289.6,0.0,0.0,2319.88,0.9413943126533779,1.0,1382.351472740001,1000.0,1382.351472740001,1000.0,0.0,0.0
9560,1706947260000.0,0.0,0.0,0.0,2289.6,0.0,0.0,2314.06,0.9413943126533779,1.0,1382.351472740001,1000.0,1382.351472740001,1000.0,0.0,0.0
9561,1706950860000.0,0.0,0.0,0.0,2289.6,0.0,0.0,2308.66,0.9413943126533779,1.0,1382.351472740001,1000.0,1382.351472740001,1000.0,0.0,0.0
9562,1706954460000.0,0.0,0.0,0.0,2289.6,0.0,0.0,2312.7,0.9413943126533779,1.0,1382.351472740001,1000.0,1382.351472740001,1000.0,0.0,0.0
9563,1706958060000.0,0.0,0.0,0.0,2289.6,0.0,0.0,2312.34,0.9413943126533779,1.0,1382.351472740001,1000.0,1382.351472740001,1000.0,0.0,0.0
9564,1706961660000.0,0.0,0.0,0.0,2289.6,0.0,0.0,2302.01,0.9413943126533779,1.0,1382.351472740001,1000.0,1382.351472740001,1000.0,0.0,0.0
9565,1706965260000.0,0.0,0.0,0.0,2289.6,0.0,0.0,2303.05,0.9413943126533779,1.0,1382.351472740001,1000.0,1382.351472740001,1000.0,0.0,0.0
9566,1706968860000.0,0.0,0.0,0.0,2289.6,0.0,0.0,2304.96,0.9413943126533779,1.0,1382.351472740001,1000.0,1382.351472740001,1000.0,0.0,0.0
9567,1706972460000.0,0.0,0.0,0.0,2289.6,0.0,0.0,2299.18,0.9413943126533779,1.0,1382.351472740001,1000.0,1382.351472740001,1000.0,0.0,0.0
9568,1706976060000.0,0.0,0.0,0.03,2295.77,0.0,0.0,2303.21,0.9413943126533779,1.0,1382.337698120001,1000.0,1382.560898120001,1000.0,0.04982364301694759,0.0
9569,1706979660000.0,0.0,0.0,0.02,2295.77,0.0,0.0,2304.12,0.9413943126533779,1.0,1382.500373120001,1000.0,1382.667373120001,1000.0,0.033211853604335005,0.0
9570,1706983260000.0,0.0,0.0,0.02,2295.77,0.0,0.0,2305.52,0.9413943126533779,1.0,1382.500373120001,1000.0,1382.695373120001,1000.0,0.033211853604335005,0.0
9571,1706986860000.0,0.0,0.0,0.02,2295.77,0.0,0.0,2295.51,0.9413943126533779,1.0,1382.500373120001,1000.0,1382.495173120001,1000.0,0.033211853604335005,0.0
9572,1706990460000.0,0.0,0.0,0.02,2295.77,0.0,0.0,2301.29,0.9413943126533779,1.0,1382.500373120001,1000.0,1382.610773120001,1000.0,0.033211853604335005,0.0
9573,1706994060000.0,0.0,0.0,0.02,2295.77,0.0,0.0,2302.36,0.9413943126533779,1.0,1382.500373120001,1000.0,1382.6321731200012,1000.0,0.033211853604335005,0.0
9574,1706997660000.0,0.0,0.0,0.02,2295.77,0.0,0.0,2298.3,0.9413943126533779,1.0,1382.500373120001,1000.0,1382.5509731200011,1000.0,0.033211853604335005,0.0
9575,1707001260000.0,0.0,0.0,0.02,2295.77,0.0,0.0,2297.4,0.9413943126533779,1.0,1382.500373120001,1000.0,1382.532973120001,1000.0,0.033211853604335005,0.0
9576,1707004860000.0,0.0,0.0,0.02,2295.77,0.0,0.0,2294.32,0.9413943126533779,1.0,1382.500373120001,1000.0,1382.471373120001,1000.0,0.033211853604335005,0.0
9577,1707008460000.0,0.0,0.0,0.03,2293.9600000000005,0.0,0.0,2296.36,0.9413943126533779,1.0,1382.4957924400012,1000.0,1382.567792440001,1000.0,0.0497786686775661,0.0
9578,1707012060000.0,0.0,0.0,0.03,2293.9600000000005,0.0,0.0,2304.14,0.9413943126533779,1.0,1382.4957924400012,1000.0,1382.8011924400012,1000.0,0.0497786686775661,0.0
9579,1707015660000.0,0.0,0.0,0.03,2293.9600000000005,0.0,0.0,2302.02,0.9413943126533779,1.0,1382.4957924400012,1000.0,1382.7375924400012,1000.0,0.0497786686775661,0.0
9580,1707019260000.0,0.0,0.0,0.03,2293.9600000000005,0.0,0.0,2301.21,0.9413943126533779,1.0,1382.4957924400012,1000.0,1382.7132924400012,1000.0,0.0497786686775661,0.0
9581,1707022860000.0,0.0,0.0,0.03,2293.9600000000005,0.0,0.0,2295.9,0.9413943126533779,1.0,1382.4957924400012,1000.0,1382.5539924400011,1000.0,0.0497786686775661,0.0
9582,1707026460000.0,0.0,0.0,0.03,2293.9600000000005,0.0,0.0,2299.25,0.9413943126533779,1.0,1382.4957924400012,1000.0,1382.6544924400011,1000.0,0.0497786686775661,0.0
9583,1707030060000.0,0.0,0.0,0.03,2293.9600000000005,0.0,0.0,2289.03,0.9413943126533779,1.0,1382.4957924400012,1000.0,1382.3478924400013,1000.0,0.0497786686775661,0.0
9584,1707033660000.0,0.0,0.0,0.03,2293.9600000000005,0.0,0.0,2290.42,0.9413943126533779,1.0,1382.4957924400012,1000.0,1382.3895924400013,1000.0,0.0497786686775661,0.0
9585,1707037260000.0,0.0,0.0,0.03,2293.9600000000005,0.0,0.0,2287.99,0.9413943126533779,1.0,1382.4957924400012,1000.0,1382.3166924400011,1000.0,0.0497786686775661,0.0
9586,1707040860000.0,0.0,0.0,0.03,2293.9600000000005,0.0,0.0,2303.33,0.9413943126533779,1.0,1382.4957924400012,1000.0,1382.7768924400011,1000.0,0.0497786686775661,0.0
9587,1707044460000.0,0.0,0.0,0.03,2293.9600000000005,0.0,0.0,2298.11,0.9413943126533779,1.0,1382.4957924400012,1000.0,1382.620292440001,1000.0,0.0497786686775661,0.0
9588,1707048060000.0,0.0,0.0,0.03,2293.9600000000005,0.0,0.0,2305.38,0.9413943126533779,1.0,1382.4957924400012,1000.0,1382.8383924400011,1000.0,0.0497786686775661,0.0
9589,1707051660000.0,0.0,0.0,0.03,2293.9600000000005,0.0,0.0,2302.71,0.9413943126533779,1.0,1382.4957924400012,1000.0,1382.7582924400012,1000.0,0.0497786686775661,0.0
9590,1707055260000.0,0.0,0.0,0.03,2293.9600000000005,0.0,0.0,2305.35,0.9413943126533779,1.0,1382.4957924400012,1000.0,1382.8374924400011,1000.0,0.0497786686775661,0.0
9591,1707058860000.0,0.0,0.0,0.03,2293.9600000000005,0.0,0.0,2296.75,0.9413943126533779,1.0,1382.4957924400012,1000.0,1382.579492440001,1000.0,0.0497786686775661,0.0
9592,1707062460000.0,0.0,0.0,0.03,2293.9600000000005,0.0,0.0,2299.76,0.9413943126533779,1.0,1382.4957924400012,1000.0,1382.6697924400012,1000.0,0.0497786686775661,0.0
9593,1707066060000.0,0.0,0.0,0.03,2293.9600000000005,0.0,0.0,2302.61,0.9413943126533779,1.0,1382.4957924400012,1000.0,1382.755292440001,1000.0,0.0497786686775661,0.0
9594,1707069660000.0,0.0,0.0,0.03,2293.9600000000005,0.0,0.0,2304.94,0.9413943126533779,1.0,1382.4957924400012,1000.0,1382.8251924400013,1000.0,0.0497786686775661,0.0
9595,1707073260000.0,0.0,0.0,0.03,2293.9600000000005,0.0,0.0,2294.18,0.9413943126533779,1.0,1382.4957924400012,1000.0,1382.5023924400011,1000.0,0.0497786686775661,0.0
9596,1707076860000.0,0.0,0.0,0.03,2293.9600000000005,0.0,0.0,2276.4,0.9413943126533779,1.0,1382.4957924400012,1000.0,1381.968992440001,1000.0,0.0497786686775661,0.0
9597,1707080460000.0,0.0,0.0,0.03,2293.9600000000005,0.0,0.0,2303.57,0.9413943126533779,1.0,1382.4957924400012,1000.0,1382.7840924400011,1000.0,0.0497786686775661,0.0
9598,1707084060000.0,0.0,0.0,0.03,2293.9600000000005,0.0,0.0,2300.95,0.9413943126533779,1.0,1382.4957924400012,1000.0,1382.705492440001,1000.0,0.0497786686775661,0.0
9599,1707087660000.0,0.0,0.0,0.03,2293.9600000000005,0.0,0.0,2287.09,0.9413943126533779,1.0,1382.4957924400012,1000.0,1382.289692440001,1000.0,0.0497786686775661,0.0
9600,1707091260000.0,0.0,0.0,0.03,2293.9600000000005,0.0,0.0,2286.66,0.9413943126533779,1.0,1382.4957924400012,1000.0,1382.2767924400011,1000.0,0.0497786686775661,0.0
9601,1707094860000.0,0.0,0.0,0.03,2293.9600000000005,0.0,0.0,2280.17,0.9413943126533779,1.0,1382.4957924400012,1000.0,1382.0820924400011,1000.0,0.0497786686775661,0.0
9602,1707098460000.0,0.0,0.0,0.03,2293.9600000000005,0.0,0.0,2281.51,0.9413943126533779,1.0,1382.4957924400012,1000.0,1382.1222924400013,1000.0,0.0497786686775661,0.0
9603,1707102060000.0,0.0,0.0,0.03,2293.9600000000005,0.0,0.0,2280.84,0.9413943126533779,1.0,1382.4957924400012,1000.0,1382.102192440001,1000.0,0.0497786686775661,0.0
9604,1707105660000.0,0.0,0.0,0.03,2293.9600000000005,0.0,0.0,2292.47,0.9413943126533779,1.0,1382.4957924400012,1000.0,1382.4510924400013,1000.0,0.0497786686775661,0.0
9605,1707109260000.0,0.0,0.0,0.03,2293.9600000000005,0.0,0.0,2294.31,0.9413943126533779,1.0,1382.4957924400012,1000.0,1382.5062924400013,1000.0,0.0497786686775661,0.0
9606,1707112860000.0,0.0,0.0,0.03,2293.9600000000005,0.0,0.0,2293.78,0.9413943126533779,1.0,1382.4957924400012,1000.0,1382.4903924400012,1000.0,0.0497786686775661,0.0
9607,1707116460000.0,0.0,0.0,0.03,2293.9600000000005,0.0,0.0,2301.25,0.9413943126533779,1.0,1382.4957924400012,1000.0,1382.714492440001,1000.0,0.0497786686775661,0.0
9608,1707120060000.0,0.0,0.0,0.0,2293.9600000000005,0.0,0.0,2313.45,0.9413943126533779,1.0,1382.9835283600012,1000.0,1382.9835283600012,1000.0,0.0,0.0
9609,1707123660000.0,0.0,0.0,0.0,2293.9600000000005,0.0,0.0,2324.2,0.9413943126533779,1.0,1382.9835283600012,1000.0,1382.9835283600012,1000.0,0.0,0.0
9610,1707127260000.0,0.0,0.0,0.0,2293.9600000000005,0.0,0.0,2322.72,0.9413943126533779,1.0,1382.9835283600012,1000.0,1382.9835283600012,1000.0,0.0,0.0
9611,1707130860000.0,0.0,0.0,0.0,2293.9600000000005,0.0,0.0,2323.64,0.9413943126533779,1.0,1382.9835283600012,1000.0,1382.9835283600012,1000.0,0.0,0.0
9612,1707134460000.0,0.0,0.0,0.0,2293.9600000000005,0.0,0.0,2329.28,0.9413943126533779,1.0,1382.9835283600012,1000.0,1382.9835283600012,1000.0,0.0,0.0
9613,1707138060000.0,0.0,0.0,0.0,2293.9600000000005,0.0,0.0,2324.37,0.9413943126533779,1.0,1382.9835283600012,1000.0,1382.9835283600012,1000.0,0.0,0.0
9614,1707141660000.0,0.0,0.0,0.0,2293.9600000000005,0.0,0.0,2330.76,0.9413943126533779,1.0,1382.9835283600012,1000.0,1382.9835283600012,1000.0,0.0,0.0
9615,1707145260000.0,0.0,0.0,0.0,2293.9600000000005,0.0,0.0,2314.76,0.9413943126533779,1.0,1382.9835283600012,1000.0,1382.9835283600012,1000.0,0.0,0.0
9616,1707148860000.0,0.0,0.0,0.03,2294.69,0.0,0.0,2296.4,0.9413943126533779,1.0,1382.9697602200013,1000.0,1383.0210602200013,1000.0,0.04977744414964569,0.0
9617,1707152460000.0,0.0,0.0,0.03,2294.69,0.0,0.0,2297.31,0.9413943126533779,1.0,1382.9697602200013,1000.0,1383.0483602200013,1000.0,0.04977744414964569,0.0
9618,1707156060000.0,0.0,0.0,0.03,2294.69,0.0,0.0,2301.7,0.9413943126533779,1.0,1382.9697602200013,1000.0,1383.1800602200012,1000.0,0.04977744414964569,0.0
9619,1707159660000.0,0.0,0.0,0.03,2294.69,0.0,0.0,2300.67,0.9413943126533779,1.0,1382.9697602200013,1000.0,1383.1491602200012,1000.0,0.04977744414964569,0.0
9620,1707163260000.0,0.0,0.0,0.02,2294.69,0.0,0.0,2302.73,0.9413943126533779,1.0,1383.1323374000015,1000.0,1383.2931374000016,1000.0,0.033181062114613497,0.0
9621,1707166860000.0,0.0,0.0,0.03,2293.796666666667,0.0,0.0,2290.69,0.9413943126533779,1.0,1383.1277533800014,1000.0,1383.0345533800014,1000.0,0.04975238175348364,0.0
9622,1707170460000.0,0.0,0.0,0.03,2293.796666666667,0.0,0.0,2285.09,0.9413943126533779,1.0,1383.1277533800014,1000.0,1382.8665533800015,1000.0,0.04975238175348364,0.0
9623,1707174060000.0,0.0,0.0,0.03,2293.796666666667,0.0,0.0,2291.75,0.9413943126533779,1.0,1383.1277533800014,1000.0,1383.0663533800014,1000.0,0.04975238175348364,0.0
9624,1707177660000.0,0.0,0.0,0.03,2293.796666666667,0.0,0.0,2298.28,0.9413943126533779,1.0,1383.1277533800014,1000.0,1383.2622533800013,1000.0,0.04975238175348364,0.0
9625,1707181260000.0,0.0,0.0,0.03,2293.796666666667,0.0,0.0,2299.57,0.9413943126533779,1.0,1383.1277533800014,1000.0,1383.3009533800014,1000.0,0.04975238175348364,0.0
9626,1707184860000.0,0.0,0.0,0.02,2293.796666666667,0.0,0.0,2305.32,0.9413943126533779,1.0,1383.2902656933347,1000.0,1383.5207323600014,1000.0,0.03316435781490831,0.0
9627,1707188460000.0,0.0,0.0,0.01,2293.796666666667,0.0,0.0,2324.33,0.9413943126533779,1.0,1383.452778006668,1000.0,1383.7581113400013,1000.0,0.01658023102148566,0.0
9628,1707192060000.0,0.0,0.0,0.01,2293.796666666667,0.0,0.0,2317.59,0.9413943126533779,1.0,1383.452778006668,1000.0,1383.6907113400014,1000.0,0.01658023102148566,0.0
9629,1707195660000.0,0.0,0.0,0.01,2293.796666666667,0.0,0.0,2313.67,0.9413943126533779,1.0,1383.452778006668,1000.0,1383.6515113400014,1000.0,0.01658023102148566,0.0
9630,1707199260000.0,0.0,0.0,0.0,2293.796666666667,0.0,0.0,2312.67,0.9413943126533779,1.0,1383.6152903200013,1000.0,1383.6152903200013,1000.0,0.0,0.0
9631,1707202860000.0,0.0,0.0,0.0,2293.796666666667,0.0,0.0,2314.23,0.9413943126533779,1.0,1383.6152903200013,1000.0,1383.6152903200013,1000.0,0.0,0.0
9632,1707206460000.0,0.0,0.0,0.0,2293.796666666667,0.0,0.0,2324.32,0.9413943126533779,1.0,1383.6152903200013,1000.0,1383.6152903200013,1000.0,0.0,0.0
9633,1707210060000.0,0.0,0.0,0.0,2293.796666666667,0.0,0.0,2336.15,0.9413943126533779,1.0,1383.6152903200013,1000.0,1383.6152903200013,1000.0,0.0,0.0
9634,1707213660000.0,0.0,0.0,0.0,2293.796666666667,0.0,0.0,2332.0,0.9413943126533779,1.0,1383.6152903200013,1000.0,1383.6152903200013,1000.0,0.0,0.0
9635,1707217260000.0,0.0,0.0,0.0,2293.796666666667,0.0,0.0,2323.02,0.9413943126533779,1.0,1383.6152903200013,1000.0,1383.6152903200013,1000.0,0.0,0.0
9636,1707220860000.0,0.0,0.0,0.0,2293.796666666667,0.0,0.0,2326.64,0.9413943126533779,1.0,1383.6152903200013,1000.0,1383.6152903200013,1000.0,0.0,0.0
9637,1707224460000.0,0.0,0.0,0.0,2293.796666666667,0.0,0.0,2324.62,0.9413943126533779,1.0,1383.6152903200013,1000.0,1383.6152903200013,1000.0,0.0,0.0
9638,1707228060000.0,0.0,0.0,0.0,2293.796666666667,0.0,0.0,2340.1,0.9413943126533779,1.0,1383.6152903200013,1000.0,1383.6152903200013,1000.0,0.0,0.0
9639,1707231660000.0,0.0,0.0,0.0,2293.796666666667,0.0,0.0,2336.29,0.9413943126533779,1.0,1383.6152903200013,1000.0,1383.6152903200013,1000.0,0.0,0.0
9640,1707235260000.0,0.0,0.0,0.0,2293.796666666667,0.0,0.0,2344.79,0.9413943126533779,1.0,1383.6152903200013,1000.0,1383.6152903200013,1000.0,0.0,0.0
9641,1707238860000.0,0.0,0.0,0.0,2293.796666666667,0.0,0.0,2344.76,0.9413943126533779,1.0,1383.6152903200013,1000.0,1383.6152903200013,1000.0,0.0,0.0
9642,1707242460000.0,0.0,0.0,0.0,2293.796666666667,0.0,0.0,2352.15,0.9413943126533779,1.0,1383.6152903200013,1000.0,1383.6152903200013,1000.0,0.0,0.0
9643,1707246060000.0,0.0,0.0,0.0,2293.796666666667,0.0,0.0,2360.8,0.9413943126533779,1.0,1383.6152903200013,1000.0,1383.6152903200013,1000.0,0.0,0.0
9644,1707249660000.0,0.0,0.0,0.0,2293.796666666667,0.0,0.0,2379.16,0.9413943126533779,1.0,1383.6152903200013,1000.0,1383.6152903200013,1000.0,0.0,0.0
9645,1707253260000.0,0.0,0.0,0.0,2293.796666666667,0.0,0.0,2379.61,0.9413943126533779,1.0,1383.6152903200013,1000.0,1383.6152903200013,1000.0,0.0,0.0
9646,1707256860000.0,0.0,0.0,0.0,2293.796666666667,0.0,0.0,2381.5,0.9413943126533779,1.0,1383.6152903200013,1000.0,1383.6152903200013,1000.0,0.0,0.0
9647,1707260460000.0,0.0,0.0,0.0,2293.796666666667,0.0,0.0,2382.19,0.9413943126533779,1.0,1383.6152903200013,1000.0,1383.6152903200013,1000.0,0.0,0.0
9648,1707264060000.0,0.0,0.0,0.0,2293.796666666667,0.0,0.0,2373.0,0.9413943126533779,1.0,1383.6152903200013,1000.0,1383.6152903200013,1000.0,0.0,0.0
9649,1707267660000.0,0.0,0.0,0.0,2293.796666666667,0.0,0.0,2379.68,0.9413943126533779,1.0,1383.6152903200013,1000.0,1383.6152903200013,1000.0,0.0,0.0
9650,1707271260000.0,0.0,0.0,0.0,2293.796666666667,0.0,0.0,2376.5,0.9413943126533779,1.0,1383.6152903200013,1000.0,1383.6152903200013,1000.0,0.0,0.0
9651,1707274860000.0,0.0,0.0,0.0,2293.796666666667,0.0,0.0,2375.59,0.9413943126533779,1.0,1383.6152903200013,1000.0,1383.6152903200013,1000.0,0.0,0.0
9652,1707278460000.0,0.0,0.0,0.0,2293.796666666667,0.0,0.0,2364.36,0.9413943126533779,1.0,1383.6152903200013,1000.0,1383.6152903200013,1000.0,0.0,0.0
9653,1707282060000.0,0.0,0.0,0.0,2293.796666666667,0.0,0.0,2360.4,0.9413943126533779,1.0,1383.6152903200013,1000.0,1383.6152903200013,1000.0,0.0,0.0
9654,1707285660000.0,0.0,0.0,0.0,2293.796666666667,0.0,0.0,2364.09,0.9413943126533779,1.0,1383.6152903200013,1000.0,1383.6152903200013,1000.0,0.0,0.0
9655,1707289260000.0,0.0,0.0,0.0,2293.796666666667,0.0,0.0,2361.76,0.9413943126533779,1.0,1383.6152903200013,1000.0,1383.6152903200013,1000.0,0.0,0.0
9656,1707292860000.0,0.0,0.0,0.0,2293.796666666667,0.0,0.0,2360.24,0.9413943126533779,1.0,1383.6152903200013,1000.0,1383.6152903200013,1000.0,0.0,0.0
9657,1707296460000.0,0.0,0.0,0.0,2293.796666666667,0.0,0.0,2361.56,0.9413943126533779,1.0,1383.6152903200013,1000.0,1383.6152903200013,1000.0,0.0,0.0
9658,1707300060000.0,0.0,0.0,0.0,2293.796666666667,0.0,0.0,2369.59,0.9413943126533779,1.0,1383.6152903200013,1000.0,1383.6152903200013,1000.0,0.0,0.0
9659,1707303660000.0,0.0,0.0,0.0,2293.796666666667,0.0,0.0,2355.42,0.9413943126533779,1.0,1383.6152903200013,1000.0,1383.6152903200013,1000.0,0.0,0.0
9660,1707307260000.0,0.0,0.0,0.0,2293.796666666667,0.0,0.0,2361.3,0.9413943126533779,1.0,1383.6152903200013,1000.0,1383.6152903200013,1000.0,0.0,0.0
9661,1707310860000.0,0.0,0.0,0.0,2293.796666666667,0.0,0.0,2371.87,0.9413943126533779,1.0,1383.6152903200013,1000.0,1383.6152903200013,1000.0,0.0,0.0
9662,1707314460000.0,0.0,0.0,0.0,2293.796666666667,0.0,0.0,2372.3,0.9413943126533779,1.0,1383.6152903200013,1000.0,1383.6152903200013,1000.0,0.0,0.0
9663,1707318060000.0,0.0,0.0,0.0,2293.796666666667,0.0,0.0,2366.41,0.9413943126533779,1.0,1383.6152903200013,1000.0,1383.6152903200013,1000.0,0.0,0.0
9664,1707321660000.0,0.0,0.0,0.0,2293.796666666667,0.0,0.0,2368.87,0.9413943126533779,1.0,1383.6152903200013,1000.0,1383.6152903200013,1000.0,0.0,0.0
9665,1707325260000.0,0.0,0.0,0.0,2293.796666666667,0.0,0.0,2404.43,0.9413943126533779,1.0,1383.6152903200013,1000.0,1383.6152903200013,1000.0,0.0,0.0
9666,1707328860000.0,0.0,0.0,0.0,2293.796666666667,0.0,0.0,2411.76,0.9413943126533779,1.0,1383.6152903200013,1000.0,1383.6152903200013,1000.0,0.0,0.0
9667,1707332460000.0,0.0,0.0,0.0,2293.796666666667,0.0,0.0,2416.46,0.9413943126533779,1.0,1383.6152903200013,1000.0,1383.6152903200013,1000.0,0.0,0.0
9668,1707336060000.0,0.0,0.0,0.0,2293.796666666667,0.0,0.0,2419.98,0.9413943126533779,1.0,1383.6152903200013,1000.0,1383.6152903200013,1000.0,0.0,0.0
9669,1707339660000.0,0.0,0.0,0.0,2293.796666666667,0.0,0.0,2438.01,0.9413943126533779,1.0,1383.6152903200013,1000.0,1383.6152903200013,1000.0,0.0,0.0
9670,1707343260000.0,0.0,0.0,0.0,2293.796666666667,0.0,0.0,2428.55,0.9413943126533779,1.0,1383.6152903200013,1000.0,1383.6152903200013,1000.0,0.0,0.0
9671,1707346860000.0,0.0,0.0,0.0,2293.796666666667,0.0,0.0,2424.77,0.9413943126533779,1.0,1383.6152903200013,1000.0,1383.6152903200013,1000.0,0.0,0.0
9672,1707350460000.0,0.0,0.0,0.0,2293.796666666667,0.0,0.0,2424.84,0.9413943126533779,1.0,1383.6152903200013,1000.0,1383.6152903200013,1000.0,0.0,0.0
9673,1707354060000.0,0.0,0.0,0.0,2293.796666666667,0.0,0.0,2430.29,0.9413943126533779,1.0,1383.6152903200013,1000.0,1383.6152903200013,1000.0,0.0,0.0
9674,1707357660000.0,0.0,0.0,0.0,2293.796666666667,0.0,0.0,2437.77,0.9413943126533779,1.0,1383.6152903200013,1000.0,1383.6152903200013,1000.0,0.0,0.0
9675,1707361260000.0,0.0,0.0,0.0,2293.796666666667,0.0,0.0,2434.01,0.9413943126533779,1.0,1383.6152903200013,1000.0,1383.6152903200013,1000.0,0.0,0.0
9676,1707364860000.0,0.0,0.0,0.0,2293.796666666667,0.0,0.0,2432.93,0.9413943126533779,1.0,1383.6152903200013,1000.0,1383.6152903200013,1000.0,0.0,0.0
9677,1707368460000.0,0.0,0.0,0.0,2293.796666666667,0.0,0.0,2425.83,0.9413943126533779,1.0,1383.6152903200013,1000.0,1383.6152903200013,1000.0,0.0,0.0
9678,1707372060000.0,0.0,0.0,0.0,2293.796666666667,0.0,0.0,2421.22,0.9413943126533779,1.0,1383.6152903200013,1000.0,1383.6152903200013,1000.0,0.0,0.0
9679,1707375660000.0,0.0,0.0,0.0,2293.796666666667,0.0,0.0,2418.77,0.9413943126533779,1.0,1383.6152903200013,1000.0,1383.6152903200013,1000.0,0.0,0.0
9680,1707379260000.0,0.0,0.0,0.0,2293.796666666667,0.0,0.0,2421.41,0.9413943126533779,1.0,1383.6152903200013,1000.0,1383.6152903200013,1000.0,0.0,0.0
9681,1707382860000.0,0.0,0.0,0.0,2293.796666666667,0.0,0.0,2423.99,0.9413943126533779,1.0,1383.6152903200013,1000.0,1383.6152903200013,1000.0,0.0,0.0
9682,1707386460000.0,0.0,0.0,0.0,2293.796666666667,0.0,0.0,2421.71,0.9413943126533779,1.0,1383.6152903200013,1000.0,1383.6152903200013,1000.0,0.0,0.0
9683,1707390060000.0,0.0,0.0,0.0,2293.796666666667,0.0,0.0,2420.01,0.9413943126533779,1.0,1383.6152903200013,1000.0,1383.6152903200013,1000.0,0.0,0.0
9684,1707393660000.0,0.0,0.0,0.0,2293.796666666667,0.0,0.0,2425.9,0.9413943126533779,1.0,1383.6152903200013,1000.0,1383.6152903200013,1000.0,0.0,0.0
9685,1707397260000.0,0.0,0.0,0.0,2293.796666666667,0.0,0.0,2422.58,0.9413943126533779,1.0,1383.6152903200013,1000.0,1383.6152903200013,1000.0,0.0,0.0
9686,1707400860000.0,0.0,0.0,0.0,2293.796666666667,0.0,0.0,2423.43,0.9413943126533779,1.0,1383.6152903200013,1000.0,1383.6152903200013,1000.0,0.0,0.0
9687,1707404460000.0,0.0,0.0,0.0,2293.796666666667,0.0,0.0,2440.76,0.9413943126533779,1.0,1383.6152903200013,1000.0,1383.6152903200013,1000.0,0.0,0.0
9688,1707408060000.0,0.0,0.0,0.0,2293.796666666667,0.0,0.0,2450.49,0.9413943126533779,1.0,1383.6152903200013,1000.0,1383.6152903200013,1000.0,0.0,0.0
9689,1707411660000.0,0.0,0.0,0.0,2293.796666666667,0.0,0.0,2421.35,0.9413943126533779,1.0,1383.6152903200013,1000.0,1383.6152903200013,1000.0,0.0,0.0
9690,1707415260000.0,0.0,0.0,0.0,2293.796666666667,0.0,0.0,2423.41,0.9413943126533779,1.0,1383.6152903200013,1000.0,1383.6152903200013,1000.0,0.0,0.0
9691,1707418860000.0,0.0,0.0,0.0,2293.796666666667,0.0,0.0,2431.3,0.9413943126533779,1.0,1383.6152903200013,1000.0,1383.6152903200013,1000.0,0.0,0.0
9692,1707422460000.0,0.0,0.0,0.0,2293.796666666667,0.0,0.0,2422.53,0.9413943126533779,1.0,1383.6152903200013,1000.0,1383.6152903200013,1000.0,0.0,0.0
9693,1707426060000.0,0.0,0.0,0.0,2293.796666666667,0.0,0.0,2422.97,0.9413943126533779,1.0,1383.6152903200013,1000.0,1383.6152903200013,1000.0,0.0,0.0
9694,1707429660000.0,0.0,0.0,0.0,2293.796666666667,0.0,0.0,2426.21,0.9413943126533779,1.0,1383.6152903200013,1000.0,1383.6152903200013,1000.0,0.0,0.0
9695,1707433260000.0,0.0,0.0,0.0,2293.796666666667,0.0,0.0,2423.59,0.9413943126533779,1.0,1383.6152903200013,1000.0,1383.6152903200013,1000.0,0.0,0.0
9696,1707436860000.0,0.0,0.0,0.0,2293.796666666667,0.0,0.0,2420.26,0.9413943126533779,1.0,1383.6152903200013,1000.0,1383.6152903200013,1000.0,0.0,0.0
9697,1707440460000.0,0.0,0.0,0.0,2293.796666666667,0.0,0.0,2422.91,0.9413943126533779,1.0,1383.6152903200013,1000.0,1383.6152903200013,1000.0,0.0,0.0
9698,1707444060000.0,0.0,0.0,0.0,2293.796666666667,0.0,0.0,2423.22,0.9413943126533779,1.0,1383.6152903200013,1000.0,1383.6152903200013,1000.0,0.0,0.0
9699,1707447660000.0,0.0,0.0,0.0,2293.796666666667,0.0,0.0,2456.03,0.9413943126533779,1.0,1383.6152903200013,1000.0,1383.6152903200013,1000.0,0.0,0.0
9700,1707451260000.0,0.0,0.0,0.0,2293.796666666667,0.0,0.0,2448.95,0.9413943126533779,1.0,1383.6152903200013,1000.0,1383.6152903200013,1000.0,0.0,0.0
9701,1707454860000.0,0.0,0.0,0.0,2293.796666666667,0.0,0.0,2445.29,0.9413943126533779,1.0,1383.6152903200013,1000.0,1383.6152903200013,1000.0,0.0,0.0
9702,1707458460000.0,0.0,0.0,0.0,2293.796666666667,0.0,0.0,2451.47,0.9413943126533779,1.0,1383.6152903200013,1000.0,1383.6152903200013,1000.0,0.0,0.0
9703,1707462060000.0,0.0,0.0,0.0,2293.796666666667,0.0,0.0,2448.09,0.9413943126533779,1.0,1383.6152903200013,1000.0,1383.6152903200013,1000.0,0.0,0.0
9704,1707465660000.0,0.0,0.0,0.0,2293.796666666667,0.0,0.0,2453.24,0.9413943126533779,1.0,1383.6152903200013,1000.0,1383.6152903200013,1000.0,0.0,0.0
9705,1707469260000.0,0.0,0.0,0.0,2293.796666666667,0.0,0.0,2476.75,0.9413943126533779,1.0,1383.6152903200013,1000.0,1383.6152903200013,1000.0,0.0,0.0
9706,1707472860000.0,0.0,0.0,0.0,2293.796666666667,0.0,0.0,2465.21,0.9413943126533779,1.0,1383.6152903200013,1000.0,1383.6152903200013,1000.0,0.0,0.0
9707,1707476460000.0,0.0,0.0,0.0,2293.796666666667,0.0,0.0,2473.77,0.9413943126533779,1.0,1383.6152903200013,1000.0,1383.6152903200013,1000.0,0.0,0.0
9708,1707480060000.0,0.0,0.0,0.0,2293.796666666667,0.0,0.0,2501.02,0.9413943126533779,1.0,1383.6152903200013,1000.0,1383.6152903200013,1000.0,0.0,0.0
9709,1707483660000.0,0.0,0.0,0.0,2293.796666666667,0.0,0.0,2515.41,0.9413943126533779,1.0,1383.6152903200013,1000.0,1383.6152903200013,1000.0,0.0,0.0
9710,1707487260000.0,0.0,0.0,0.0,2293.796666666667,0.0,0.0,2511.77,0.9413943126533779,1.0,1383.6152903200013,1000.0,1383.6152903200013,1000.0,0.0,0.0
9711,1707490860000.0,0.0,0.0,0.0,2293.796666666667,0.0,0.0,2485.91,0.9413943126533779,1.0,1383.6152903200013,1000.0,1383.6152903200013,1000.0,0.0,0.0
9712,1707494460000.0,0.0,0.0,0.0,2293.796666666667,0.0,0.0,2493.54,0.9413943126533779,1.0,1383.6152903200013,1000.0,1383.6152903200013,1000.0,0.0,0.0
9713,1707498060000.0,0.0,0.0,0.0,2293.796666666667,0.0,0.0,2483.81,0.9413943126533779,1.0,1383.6152903200013,1000.0,1383.6152903200013,1000.0,0.0,0.0
9714,1707501660000.0,0.0,0.0,0.0,2293.796666666667,0.0,0.0,2495.34,0.9413943126533779,1.0,1383.6152903200013,1000.0,1383.6152903200013,1000.0,0.0,0.0
9715,1707505260000.0,0.0,0.0,0.0,2293.796666666667,0.0,0.0,2496.74,0.9413943126533779,1.0,1383.6152903200013,1000.0,1383.6152903200013,1000.0,0.0,0.0
9716,1707508860000.0,0.0,0.0,0.0,2293.796666666667,0.0,0.0,2487.79,0.9413943126533779,1.0,1383.6152903200013,1000.0,1383.6152903200013,1000.0,0.0,0.0
9717,1707512460000.0,0.0,0.0,0.0,2293.796666666667,0.0,0.0,2490.75,0.9413943126533779,1.0,1383.6152903200013,1000.0,1383.6152903200013,1000.0,0.0,0.0
9718,1707516060000.0,0.0,0.0,0.0,2293.796666666667,0.0,0.0,2504.05,0.9413943126533779,1.0,1383.6152903200013,1000.0,1383.6152903200013,1000.0,0.0,0.0
9719,1707519660000.0,0.0,0.0,0.0,2293.796666666667,0.0,0.0,2491.63,0.9413943126533779,1.0,1383.6152903200013,1000.0,1383.6152903200013,1000.0,0.0,0.0
9720,1707523260000.0,0.0,0.0,0.0,2293.796666666667,0.0,0.0,2488.87,0.9413943126533779,1.0,1383.6152903200013,1000.0,1383.6152903200013,1000.0,0.0,0.0
9721,1707526860000.0,0.0,0.0,0.0,2293.796666666667,0.0,0.0,2486.81,0.9413943126533779,1.0,1383.6152903200013,1000.0,1383.6152903200013,1000.0,0.0,0.0
9722,1707530460000.0,0.0,0.0,0.0,2293.796666666667,0.0,0.0,2496.65,0.9413943126533779,1.0,1383.6152903200013,1000.0,1383.6152903200013,1000.0,0.0,0.0
9723,1707534060000.0,0.0,0.0,0.0,2293.796666666667,0.0,0.0,2506.24,0.9413943126533779,1.0,1383.6152903200013,1000.0,1383.6152903200013,1000.0,0.0,0.0
9724,1707537660000.0,0.0,0.0,0.0,2293.796666666667,0.0,0.0,2510.88,0.9413943126533779,1.0,1383.6152903200013,1000.0,1383.6152903200013,1000.0,0.0,0.0
9725,1707541260000.0,0.0,0.0,0.0,2293.796666666667,0.0,0.0,2504.02,0.9413943126533779,1.0,1383.6152903200013,1000.0,1383.6152903200013,1000.0,0.0,0.0
9726,1707544860000.0,0.0,0.0,0.0,2293.796666666667,0.0,0.0,2502.69,0.9413943126533779,1.0,1383.6152903200013,1000.0,1383.6152903200013,1000.0,0.0,0.0
9727,1707548460000.0,0.0,0.0,0.0,2293.796666666667,0.0,0.0,2506.05,0.9413943126533779,1.0,1383.6152903200013,1000.0,1383.6152903200013,1000.0,0.0,0.0
9728,1707552060000.0,0.0,0.0,0.0,2293.796666666667,0.0,0.0,2494.59,0.9413943126533779,1.0,1383.6152903200013,1000.0,1383.6152903200013,1000.0,0.0,0.0
9729,1707555660000.0,0.0,0.0,0.0,2293.796666666667,0.0,0.0,2487.65,0.9413943126533779,1.0,1383.6152903200013,1000.0,1383.6152903200013,1000.0,0.0,0.0
9730,1707559260000.0,0.0,0.0,0.0,2293.796666666667,0.0,0.0,2485.87,0.9413943126533779,1.0,1383.6152903200013,1000.0,1383.6152903200013,1000.0,0.0,0.0
9731,1707562860000.0,0.0,0.0,0.03,2476.07,0.0,0.0,2476.32,0.9413943126533779,1.0,1383.6004339000015,1000.0,1383.6079339000014,1000.0,0.0536875373698883,0.0
9732,1707566460000.0,0.0,0.0,0.03,2476.07,0.0,0.0,2480.87,0.9413943126533779,1.0,1383.6004339000015,1000.0,1383.7444339000015,1000.0,0.0536875373698883,0.0
9733,1707570060000.0,0.0,0.0,0.03,2476.07,0.0,0.0,2488.27,0.9413943126533779,1.0,1383.6004339000015,1000.0,1383.9664339000014,1000.0,0.0536875373698883,0.0
9734,1707573660000.0,0.0,0.0,0.03,2476.07,0.0,0.0,2487.78,0.9413943126533779,1.0,1383.6004339000015,1000.0,1383.9517339000015,1000.0,0.0536875373698883,0.0
9735,1707577260000.0,0.0,0.0,0.02,2476.07,0.0,0.0,2491.5,0.9413943126533779,1.0,1383.7758456800013,1000.0,1384.0844456800014,1000.0,0.03578715451248876,0.0
9736,1707580860000.0,0.0,0.0,0.0,2476.07,0.0,0.0,2487.84,0.9413943126533779,1.0,1384.126669240001,1000.0,1384.126669240001,1000.0,0.0,0.0
9737,1707584460000.0,0.0,0.0,0.0,2476.07,0.0,0.0,2491.27,0.9413943126533779,1.0,1384.126669240001,1000.0,1384.126669240001,1000.0,0.0,0.0
9738,1707588060000.0,0.0,0.0,0.0,2476.07,0.0,0.0,2483.52,0.9413943126533779,1.0,1384.126669240001,1000.0,1384.126669240001,1000.0,0.0,0.0
9739,1707591660000.0,0.0,0.0,0.0,2476.07,0.0,0.0,2490.24,0.9413943126533779,1.0,1384.126669240001,1000.0,1384.126669240001,1000.0,0.0,0.0
9740,1707595260000.0,0.0,0.0,0.0,2476.07,0.0,0.0,2495.76,0.9413943126533779,1.0,1384.126669240001,1000.0,1384.126669240001,1000.0,0.0,0.0
9741,1707598860000.0,0.0,0.0,0.0,2476.07,0.0,0.0,2509.1,0.9413943126533779,1.0,1384.126669240001,1000.0,1384.126669240001,1000.0,0.0,0.0
9742,1707602460000.0,0.0,0.0,0.0,2476.07,0.0,0.0,2508.8,0.9413943126533779,1.0,1384.126669240001,1000.0,1384.126669240001,1000.0,0.0,0.0
9743,1707606060000.0,0.0,0.0,0.0,2476.07,0.0,0.0,2500.26,0.9413943126533779,1.0,1384.126669240001,1000.0,1384.126669240001,1000.0,0.0,0.0
9744,1707609660000.0,0.0,0.0,0.0,2476.07,0.0,0.0,2497.82,0.9413943126533779,1.0,1384.126669240001,1000.0,1384.126669240001,1000.0,0.0,0.0
9745,1707613260000.0,0.0,0.0,0.0,2476.07,0.0,0.0,2503.42,0.9413943126533779,1.0,1384.126669240001,1000.0,1384.126669240001,1000.0,0.0,0.0
9746,1707616860000.0,0.0,0.0,0.0,2476.07,0.0,0.0,2508.9,0.9413943126533779,1.0,1384.126669240001,1000.0,1384.126669240001,1000.0,0.0,0.0
9747,1707620460000.0,0.0,0.0,0.0,2476.07,0.0,0.0,2505.5,0.9413943126533779,1.0,1384.126669240001,1000.0,1384.126669240001,1000.0,0.0,0.0
9748,1707624060000.0,0.0,0.0,0.0,2476.07,0.0,0.0,2533.86,0.9413943126533779,1.0,1384.126669240001,1000.0,1384.126669240001,1000.0,0.0,0.0
9749,1707627660000.0,0.0,0.0,0.0,2476.07,0.0,0.0,2517.56,0.9413943126533779,1.0,1384.126669240001,1000.0,1384.126669240001,1000.0,0.0,0.0
9750,1707631260000.0,0.0,0.0,0.0,2476.07,0.0,0.0,2522.99,0.9413943126533779,1.0,1384.126669240001,1000.0,1384.126669240001,1000.0,0.0,0.0
9751,1707634860000.0,0.0,0.0,0.0,2476.07,0.0,0.0,2531.36,0.9413943126533779,1.0,1384.126669240001,1000.0,1384.126669240001,1000.0,0.0,0.0
9752,1707638460000.0,0.0,0.0,0.0,2476.07,0.0,0.0,2527.82,0.9413943126533779,1.0,1384.126669240001,1000.0,1384.126669240001,1000.0,0.0,0.0
9753,1707642060000.0,0.0,0.0,0.0,2476.07,0.0,0.0,2525.82,0.9413943126533779,1.0,1384.126669240001,1000.0,1384.126669240001,1000.0,0.0,0.0
9754,1707645660000.0,0.0,0.0,0.0,2476.07,0.0,0.0,2522.76,0.9413943126533779,1.0,1384.126669240001,1000.0,1384.126669240001,1000.0,0.0,0.0
9755,1707649260000.0,0.0,0.0,0.0,2476.07,0.0,0.0,2522.13,0.9413943126533779,1.0,1384.126669240001,1000.0,1384.126669240001,1000.0,0.0,0.0
9756,1707652860000.0,0.0,0.0,0.0,2476.07,0.0,0.0,2527.91,0.9413943126533779,1.0,1384.126669240001,1000.0,1384.126669240001,1000.0,0.0,0.0
9757,1707656460000.0,0.0,0.0,0.0,2476.07,0.0,0.0,2521.74,0.9413943126533779,1.0,1384.126669240001,1000.0,1384.126669240001,1000.0,0.0,0.0
9758,1707660060000.0,0.0,0.0,0.0,2476.07,0.0,0.0,2511.81,0.9413943126533779,1.0,1384.126669240001,1000.0,1384.126669240001,1000.0,0.0,0.0
9759,1707663660000.0,0.0,0.0,0.0,2476.07,0.0,0.0,2511.79,0.9413943126533779,1.0,1384.126669240001,1000.0,1384.126669240001,1000.0,0.0,0.0
9760,1707667260000.0,0.0,0.0,0.0,2476.07,0.0,0.0,2507.8,0.9413943126533779,1.0,1384.126669240001,1000.0,1384.126669240001,1000.0,0.0,0.0
9761,1707670860000.0,0.0,0.0,0.0,2476.07,0.0,0.0,2509.35,0.9413943126533779,1.0,1384.126669240001,1000.0,1384.126669240001,1000.0,0.0,0.0
9762,1707674460000.0,0.0,0.0,0.0,2476.07,0.0,0.0,2507.77,0.9413943126533779,1.0,1384.126669240001,1000.0,1384.126669240001,1000.0,0.0,0.0
9763,1707678060000.0,0.0,0.0,0.03,2497.41,0.0,0.0,2504.64,0.9413943126533779,1.0,1384.111684780001,1000.0,1384.328584780001,1000.0,0.054130241673314525,0.0
9764,1707681660000.0,0.0,0.0,0.03,2497.41,0.0,0.0,2508.1,0.9413943126533779,1.0,1384.111684780001,1000.0,1384.432384780001,1000.0,0.054130241673314525,0.0
9765,1707685260000.0,0.0,0.0,0.03,2497.41,0.0,0.0,2499.48,0.9413943126533779,1.0,1384.111684780001,1000.0,1384.1737847800011,1000.0,0.054130241673314525,0.0
9766,1707688860000.0,0.0,0.0,0.03,2497.41,0.0,0.0,2501.75,0.9413943126533779,1.0,1384.111684780001,1000.0,1384.241884780001,1000.0,0.054130241673314525,0.0
9767,1707692460000.0,0.0,0.0,0.03,2497.41,0.0,0.0,2497.85,0.9413943126533779,1.0,1384.111684780001,1000.0,1384.1248847800011,1000.0,0.054130241673314525,0.0
9768,1707696060000.0,0.0,0.0,0.03,2497.41,0.0,0.0,2505.77,0.9413943126533779,1.0,1384.111684780001,1000.0,1384.362484780001,1000.0,0.054130241673314525,0.0
9769,1707699660000.0,0.0,0.0,0.0,2497.41,0.0,0.0,2512.26,0.9413943126533779,1.0,1384.6425911200008,1000.0,1384.6425911200008,1000.0,0.0,0.0
9770,1707703260000.0,0.0,0.0,0.0,2497.41,0.0,0.0,2513.42,0.9413943126533779,1.0,1384.6425911200008,1000.0,1384.6425911200008,1000.0,0.0,0.0
9771,1707706860000.0,0.0,0.0,0.03,2494.67,0.0,0.0,2501.65,0.9413943126533779,1.0,1384.6276231000008,1000.0,1384.8370231000008,1000.0,0.05405070558425142,0.0
9772,1707710460000.0,0.0,0.0,0.03,2494.67,0.0,0.0,2497.93,0.9413943126533779,1.0,1384.6276231000008,1000.0,1384.7254231000009,1000.0,0.05405070558425142,0.0
9773,1707714060000.0,0.0,0.0,0.03,2494.67,0.0,0.0,2495.52,0.9413943126533779,1.0,1384.6276231000008,1000.0,1384.6531231000008,1000.0,0.05405070558425142,0.0
9774,1707717660000.0,0.0,0.0,0.03,2494.67,0.0,0.0,2492.84,0.9413943126533779,1.0,1384.6276231000008,1000.0,1384.5727231000008,1000.0,0.05405070558425142,0.0
9775,1707721260000.0,0.0,0.0,0.03,2494.67,0.0,0.0,2492.59,0.9413943126533779,1.0,1384.6276231000008,1000.0,1384.5652231000008,1000.0,0.05405070558425142,0.0
9776,1707724860000.0,0.0,0.0,0.03,2494.67,0.0,0.0,2499.66,0.9413943126533779,1.0,1384.6276231000008,1000.0,1384.7773231000008,1000.0,0.05405070558425142,0.0
9777,1707728460000.0,0.0,0.0,0.03,2494.67,0.0,0.0,2487.55,0.9413943126533779,1.0,1384.6276231000008,1000.0,1384.4140231000008,1000.0,0.05405070558425142,0.0
9778,1707732060000.0,0.0,0.0,0.03,2494.67,0.0,0.0,2475.9,0.9413943126533779,1.0,1384.6276231000008,1000.0,1384.0645231000008,1000.0,0.05405070558425142,0.0
9779,1707735660000.0,0.0,0.0,0.03,2494.67,0.0,0.0,2480.92,0.9413943126533779,1.0,1384.6276231000008,1000.0,1384.215123100001,1000.0,0.05405070558425142,0.0
9780,1707739260000.0,0.0,0.0,0.03,2494.67,0.0,0.0,2485.66,0.9413943126533779,1.0,1384.6276231000008,1000.0,1384.357323100001,1000.0,0.05405070558425142,0.0
9781,1707742860000.0,0.0,0.0,0.03,2494.67,0.0,0.0,2487.47,0.9413943126533779,1.0,1384.6276231000008,1000.0,1384.4116231000007,1000.0,0.05405070558425142,0.0
9782,1707746460000.0,0.0,0.0,0.03,2494.67,0.0,0.0,2487.95,0.9413943126533779,1.0,1384.6276231000008,1000.0,1384.4260231000007,1000.0,0.05405070558425142,0.0
9783,1707750060000.0,0.0,0.0,0.01,2494.67,0.0,0.0,2520.62,0.9413943126533779,1.0,1384.981171700001,1000.0,1385.2406717000008,1000.0,0.018012302628907993,0.0
9784,1707753660000.0,0.0,0.0,0.0,2494.67,0.0,0.0,2554.29,0.9413943126533779,1.0,1385.4275920600007,1000.0,1385.4275920600007,1000.0,0.0,0.0
9785,1707757260000.0,0.0,0.0,0.0,2494.67,0.0,0.0,2553.44,0.9413943126533779,1.0,1385.4275920600007,1000.0,1385.4275920600007,1000.0,0.0,0.0
9786,1707760860000.0,0.0,0.0,0.0,2494.67,0.0,0.0,2606.92,0.9413943126533779,1.0,1385.4275920600007,1000.0,1385.4275920600007,1000.0,0.0,0.0
9787,1707764460000.0,0.0,0.0,0.0,2494.67,0.0,0.0,2624.18,0.9413943126533779,1.0,1385.4275920600007,1000.0,1385.4275920600007,1000.0,0.0,0.0
9788,1707768060000.0,0.0,0.0,0.0,2494.67,0.0,0.0,2617.65,0.9413943126533779,1.0,1385.4275920600007,1000.0,1385.4275920600007,1000.0,0.0,0.0
9789,1707771660000.0,0.0,0.0,0.0,2494.67,0.0,0.0,2640.34,0.9413943126533779,1.0,1385.4275920600007,1000.0,1385.4275920600007,1000.0,0.0,0.0
9790,1707775260000.0,0.0,0.0,0.0,2494.67,0.0,0.0,2637.75,0.9413943126533779,1.0,1385.4275920600007,1000.0,1385.4275920600007,1000.0,0.0,0.0
9791,1707778860000.0,0.0,0.0,0.0,2494.67,0.0,0.0,2653.65,0.9413943126533779,1.0,1385.4275920600007,1000.0,1385.4275920600007,1000.0,0.0,0.0
9792,1707782460000.0,0.0,0.0,0.0,2494.67,0.0,0.0,2668.86,0.9413943126533779,1.0,1385.4275920600007,1000.0,1385.4275920600007,1000.0,0.0,0.0
9793,1707786060000.0,0.0,0.0,0.0,2494.67,0.0,0.0,2667.82,0.9413943126533779,1.0,1385.4275920600007,1000.0,1385.4275920600007,1000.0,0.0,0.0
9794,1707789660000.0,0.0,0.0,0.0,2494.67,0.0,0.0,2676.85,0.9413943126533779,1.0,1385.4275920600007,1000.0,1385.4275920600007,1000.0,0.0,0.0
9795,1707793260000.0,0.0,0.0,0.0,2494.67,0.0,0.0,2659.54,0.9413943126533779,1.0,1385.4275920600007,1000.0,1385.4275920600007,1000.0,0.0,0.0
9796,1707796860000.0,0.0,0.0,0.0,2494.67,0.0,0.0,2645.31,0.9413943126533779,1.0,1385.4275920600007,1000.0,1385.4275920600007,1000.0,0.0,0.0
9797,1707800460000.0,0.0,0.0,0.0,2494.67,0.0,0.0,2648.29,0.9413943126533779,1.0,1385.4275920600007,1000.0,1385.4275920600007,1000.0,0.0,0.0
9798,1707804060000.0,0.0,0.0,0.0,2494.67,0.0,0.0,2653.69,0.9413943126533779,1.0,1385.4275920600007,1000.0,1385.4275920600007,1000.0,0.0,0.0
9799,1707807660000.0,0.0,0.0,0.0,2494.67,0.0,0.0,2647.65,0.9413943126533779,1.0,1385.4275920600007,1000.0,1385.4275920600007,1000.0,0.0,0.0
9800,1707811260000.0,0.0,0.0,0.0,2494.67,0.0,0.0,2649.89,0.9413943126533779,1.0,1385.4275920600007,1000.0,1385.4275920600007,1000.0,0.0,0.0
9801,1707814860000.0,0.0,0.0,0.0,2494.67,0.0,0.0,2661.53,0.9413943126533779,1.0,1385.4275920600007,1000.0,1385.4275920600007,1000.0,0.0,0.0
9802,1707818460000.0,0.0,0.0,0.0,2494.67,0.0,0.0,2678.31,0.9413943126533779,1.0,1385.4275920600007,1000.0,1385.4275920600007,1000.0,0.0,0.0
9803,1707822060000.0,0.0,0.0,0.0,2494.67,0.0,0.0,2673.23,0.9413943126533779,1.0,1385.4275920600007,1000.0,1385.4275920600007,1000.0,0.0,0.0
9804,1707825660000.0,0.0,0.0,0.0,2494.67,0.0,0.0,2679.54,0.9413943126533779,1.0,1385.4275920600007,1000.0,1385.4275920600007,1000.0,0.0,0.0
9805,1707829260000.0,0.0,0.0,0.0,2494.67,0.0,0.0,2677.5,0.9413943126533779,1.0,1385.4275920600007,1000.0,1385.4275920600007,1000.0,0.0,0.0
9806,1707832860000.0,0.0,0.0,0.01,2619.82,0.0,0.0,2652.74,0.9413943126533779,1.0,1385.783117500001,1000.0,1386.112317500001,1000.0,0.018904978469691875,0.0
9807,1707836460000.0,0.0,0.0,0.0,2620.38,0.0,0.0,2644.47,0.9413943126533779,1.0,1386.5101805200013,1000.0,1386.5101805200013,1000.0,0.0,0.0
9808,1707840060000.0,0.0,0.0,0.0,2620.23,0.0,0.0,2635.51,0.9413943126533779,1.0,1387.0516231600016,1000.0,1387.0516231600016,1000.0,0.0,0.0
9809,1707843660000.0,0.0,0.0,0.03,2620.03,0.0,0.0,2608.54,0.9413943126533779,1.0,1387.0359029800015,1000.0,1386.6912029800014,1000.0,0.056668251940074896,0.0
9810,1707847260000.0,0.0,0.0,0.03,2620.03,0.0,0.0,2623.74,0.9413943126533779,1.0,1387.0359029800015,1000.0,1387.1472029800016,1000.0,0.056668251940074896,0.0
9811,1707850860000.0,0.0,0.0,0.02,2620.03,0.0,0.0,2629.63,0.9413943126533779,1.0,1387.2215247400015,1000.0,1387.4135247400015,1000.0,0.03777377950491442,0.0
9812,1707854460000.0,0.0,0.0,0.03,2619.086666666667,0.0,0.0,2616.82,0.9413943126533779,1.0,1387.2162903400015,1000.0,1387.1482903400015,1000.0,0.056640482487948694,0.0
9813,1707858060000.0,0.0,0.0,0.03,2619.086666666667,0.0,0.0,2631.6,0.9413943126533779,1.0,1387.2162903400015,1000.0,1387.5916903400014,1000.0,0.056640482487948694,0.0
9814,1707861660000.0,0.0,0.0,0.0,2619.086666666667,0.0,0.0,2636.53,0.9413943126533779,1.0,1387.7729613200017,1000.0,1387.7729613200017,1000.0,0.0,0.0
9815,1707865260000.0,0.0,0.0,0.0,2619.086666666667,0.0,0.0,2633.36,0.9413943126533779,1.0,1387.7729613200017,1000.0,1387.7729613200017,1000.0,0.0,0.0
9816,1707868860000.0,0.0,0.0,0.0,2619.086666666667,0.0,0.0,2639.68,0.9413943126533779,1.0,1387.7729613200017,1000.0,1387.7729613200017,1000.0,0.0,0.0
9817,1707872460000.0,0.0,0.0,0.0,2619.086666666667,0.0,0.0,2629.53,0.9413943126533779,1.0,1387.7729613200017,1000.0,1387.7729613200017,1000.0,0.0,0.0
9818,1707876060000.0,0.0,0.0,0.0,2619.086666666667,0.0,0.0,2620.35,0.9413943126533779,1.0,1387.7729613200017,1000.0,1387.7729613200017,1000.0,0.0,0.0
9819,1707879660000.0,0.0,0.0,0.0,2619.086666666667,0.0,0.0,2637.81,0.9413943126533779,1.0,1387.7729613200017,1000.0,1387.7729613200017,1000.0,0.0,0.0
9820,1707883260000.0,0.0,0.0,0.0,2619.086666666667,0.0,0.0,2639.99,0.9413943126533779,1.0,1387.7729613200017,1000.0,1387.7729613200017,1000.0,0.0,0.0
9821,1707886860000.0,0.0,0.0,0.0,2619.086666666667,0.0,0.0,2629.89,0.9413943126533779,1.0,1387.7729613200017,1000.0,1387.7729613200017,1000.0,0.0,0.0
9822,1707890460000.0,0.0,0.0,0.0,2619.086666666667,0.0,0.0,2644.56,0.9413943126533779,1.0,1387.7729613200017,1000.0,1387.7729613200017,1000.0,0.0,0.0
9823,1707894060000.0,0.0,0.0,0.0,2619.086666666667,0.0,0.0,2650.5,0.9413943126533779,1.0,1387.7729613200017,1000.0,1387.7729613200017,1000.0,0.0,0.0
9824,1707897660000.0,0.0,0.0,0.0,2619.086666666667,0.0,0.0,2655.68,0.9413943126533779,1.0,1387.7729613200017,1000.0,1387.7729613200017,1000.0,0.0,0.0
9825,1707901260000.0,0.0,0.0,0.0,2619.086666666667,0.0,0.0,2712.62,0.9413943126533779,1.0,1387.7729613200017,1000.0,1387.7729613200017,1000.0,0.0,0.0
9826,1707904860000.0,0.0,0.0,0.0,2619.086666666667,0.0,0.0,2749.44,0.9413943126533779,1.0,1387.7729613200017,1000.0,1387.7729613200017,1000.0,0.0,0.0
9827,1707908460000.0,0.0,0.0,0.0,2619.086666666667,0.0,0.0,2752.46,0.9413943126533779,1.0,1387.7729613200017,1000.0,1387.7729613200017,1000.0,0.0,0.0
9828,1707912060000.0,0.0,0.0,0.0,2619.086666666667,0.0,0.0,2757.06,0.9413943126533779,1.0,1387.7729613200017,1000.0,1387.7729613200017,1000.0,0.0,0.0
9829,1707915660000.0,0.0,0.0,0.0,2619.086666666667,0.0,0.0,2742.06,0.9413943126533779,1.0,1387.7729613200017,1000.0,1387.7729613200017,1000.0,0.0,0.0
9830,1707919260000.0,0.0,0.0,0.0,2619.086666666667,0.0,0.0,2766.22,0.9413943126533779,1.0,1387.7729613200017,1000.0,1387.7729613200017,1000.0,0.0,0.0
9831,1707922860000.0,0.0,0.0,0.0,2619.086666666667,0.0,0.0,2762.01,0.9413943126533779,1.0,1387.7729613200017,1000.0,1387.7729613200017,1000.0,0.0,0.0
9832,1707926460000.0,0.0,0.0,0.0,2619.086666666667,0.0,0.0,2747.68,0.9413943126533779,1.0,1387.7729613200017,1000.0,1387.7729613200017,1000.0,0.0,0.0
9833,1707930060000.0,0.0,0.0,0.0,2619.086666666667,0.0,0.0,2739.25,0.9413943126533779,1.0,1387.7729613200017,1000.0,1387.7729613200017,1000.0,0.0,0.0
9834,1707933660000.0,0.0,0.0,0.0,2619.086666666667,0.0,0.0,2744.82,0.9413943126533779,1.0,1387.7729613200017,1000.0,1387.7729613200017,1000.0,0.0,0.0
9835,1707937260000.0,0.0,0.0,0.0,2619.086666666667,0.0,0.0,2748.9,0.9413943126533779,1.0,1387.7729613200017,1000.0,1387.7729613200017,1000.0,0.0,0.0
9836,1707940860000.0,0.0,0.0,0.0,2619.086666666667,0.0,0.0,2763.63,0.9413943126533779,1.0,1387.7729613200017,1000.0,1387.7729613200017,1000.0,0.0,0.0
9837,1707944460000.0,0.0,0.0,0.0,2619.086666666667,0.0,0.0,2763.33,0.9413943126533779,1.0,1387.7729613200017,1000.0,1387.7729613200017,1000.0,0.0,0.0
9838,1707948060000.0,0.0,0.0,0.0,2619.086666666667,0.0,0.0,2783.83,0.9413943126533779,1.0,1387.7729613200017,1000.0,1387.7729613200017,1000.0,0.0,0.0
9839,1707951660000.0,0.0,0.0,0.0,2619.086666666667,0.0,0.0,2772.04,0.9413943126533779,1.0,1387.7729613200017,1000.0,1387.7729613200017,1000.0,0.0,0.0
9840,1707955260000.0,0.0,0.0,0.0,2619.086666666667,0.0,0.0,2774.73,0.9413943126533779,1.0,1387.7729613200017,1000.0,1387.7729613200017,1000.0,0.0,0.0
9841,1707958860000.0,0.0,0.0,0.0,2619.086666666667,0.0,0.0,2813.42,0.9413943126533779,1.0,1387.7729613200017,1000.0,1387.7729613200017,1000.0,0.0,0.0
9842,1707962460000.0,0.0,0.0,0.0,2619.086666666667,0.0,0.0,2784.0,0.9413943126533779,1.0,1387.7729613200017,1000.0,1387.7729613200017,1000.0,0.0,0.0
9843,1707966060000.0,0.0,0.0,0.0,2619.086666666667,0.0,0.0,2791.0,0.9413943126533779,1.0,1387.7729613200017,1000.0,1387.7729613200017,1000.0,0.0,0.0
9844,1707969660000.0,0.0,0.0,0.0,2619.086666666667,0.0,0.0,2800.51,0.9413943126533779,1.0,1387.7729613200017,1000.0,1387.7729613200017,1000.0,0.0,0.0
9845,1707973260000.0,0.0,0.0,0.0,2619.086666666667,0.0,0.0,2797.11,0.9413943126533779,1.0,1387.7729613200017,1000.0,1387.7729613200017,1000.0,0.0,0.0
9846,1707976860000.0,0.0,0.0,0.0,2619.086666666667,0.0,0.0,2775.57,0.9413943126533779,1.0,1387.7729613200017,1000.0,1387.7729613200017,1000.0,0.0,0.0
9847,1707980460000.0,0.0,0.0,0.0,2619.086666666667,0.0,0.0,2782.8,0.9413943126533779,1.0,1387.7729613200017,1000.0,1387.7729613200017,1000.0,0.0,0.0
9848,1707984060000.0,0.0,0.0,0.0,2619.086666666667,0.0,0.0,2771.85,0.9413943126533779,1.0,1387.7729613200017,1000.0,1387.7729613200017,1000.0,0.0,0.0
9849,1707987660000.0,0.0,0.0,0.0,2619.086666666667,0.0,0.0,2785.8,0.9413943126533779,1.0,1387.7729613200017,1000.0,1387.7729613200017,1000.0,0.0,0.0
9850,1707991260000.0,0.0,0.0,0.0,2619.086666666667,0.0,0.0,2788.7,0.9413943126533779,1.0,1387.7729613200017,1000.0,1387.7729613200017,1000.0,0.0,0.0
9851,1707994860000.0,0.0,0.0,0.0,2619.086666666667,0.0,0.0,2801.66,0.9413943126533779,1.0,1387.7729613200017,1000.0,1387.7729613200017,1000.0,0.0,0.0
9852,1707998460000.0,0.0,0.0,0.0,2619.086666666667,0.0,0.0,2799.4,0.9413943126533779,1.0,1387.7729613200017,1000.0,1387.7729613200017,1000.0,0.0,0.0
9853,1708002060000.0,0.0,0.0,0.0,2619.086666666667,0.0,0.0,2802.22,0.9413943126533779,1.0,1387.7729613200017,1000.0,1387.7729613200017,1000.0,0.0,0.0
9854,1708005660000.0,0.0,0.0,0.0,2619.086666666667,0.0,0.0,2808.55,0.9413943126533779,1.0,1387.7729613200017,1000.0,1387.7729613200017,1000.0,0.0,0.0
9855,1708009260000.0,0.0,0.0,0.0,2619.086666666667,0.0,0.0,2860.71,0.9413943126533779,1.0,1387.7729613200017,1000.0,1387.7729613200017,1000.0,0.0,0.0
9856,1708012860000.0,0.0,0.0,0.0,2619.086666666667,0.0,0.0,2827.03,0.9413943126533779,1.0,1387.7729613200017,1000.0,1387.7729613200017,1000.0,0.0,0.0
9857,1708016460000.0,0.0,0.0,0.0,2619.086666666667,0.0,0.0,2835.47,0.9413943126533779,1.0,1387.7729613200017,1000.0,1387.7729613200017,1000.0,0.0,0.0
9858,1708020060000.0,0.0,0.0,0.0,2619.086666666667,0.0,0.0,2814.64,0.9413943126533779,1.0,1387.7729613200017,1000.0,1387.7729613200017,1000.0,0.0,0.0
9859,1708023660000.0,0.0,0.0,0.0,2619.086666666667,0.0,0.0,2827.7,0.9413943126533779,1.0,1387.7729613200017,1000.0,1387.7729613200017,1000.0,0.0,0.0
9860,1708027260000.0,0.0,0.0,0.0,2619.086666666667,0.0,0.0,2832.99,0.9413943126533779,1.0,1387.7729613200017,1000.0,1387.7729613200017,1000.0,0.0,0.0
9861,1708030860000.0,0.0,0.0,0.0,2619.086666666667,0.0,0.0,2827.26,0.9413943126533779,1.0,1387.7729613200017,1000.0,1387.7729613200017,1000.0,0.0,0.0
9862,1708034460000.0,0.0,0.0,0.0,2619.086666666667,0.0,0.0,2804.44,0.9413943126533779,1.0,1387.7729613200017,1000.0,1387.7729613200017,1000.0,0.0,0.0
9863,1708038060000.0,0.0,0.0,0.0,2619.086666666667,0.0,0.0,2816.74,0.9413943126533779,1.0,1387.7729613200017,1000.0,1387.7729613200017,1000.0,0.0,0.0
9864,1708041660000.0,0.0,0.0,0.0,2619.086666666667,0.0,0.0,2826.03,0.9413943126533779,1.0,1387.7729613200017,1000.0,1387.7729613200017,1000.0,0.0,0.0
9865,1708045260000.0,0.0,0.0,0.0,2619.086666666667,0.0,0.0,2840.34,0.9413943126533779,1.0,1387.7729613200017,1000.0,1387.7729613200017,1000.0,0.0,0.0
9866,1708048860000.0,0.0,0.0,0.0,2619.086666666667,0.0,0.0,2843.34,0.9413943126533779,1.0,1387.7729613200017,1000.0,1387.7729613200017,1000.0,0.0,0.0
9867,1708052460000.0,0.0,0.0,0.0,2619.086666666667,0.0,0.0,2846.23,0.9413943126533779,1.0,1387.7729613200017,1000.0,1387.7729613200017,1000.0,0.0,0.0
9868,1708056060000.0,0.0,0.0,0.0,2619.086666666667,0.0,0.0,2848.8,0.9413943126533779,1.0,1387.7729613200017,1000.0,1387.7729613200017,1000.0,0.0,0.0
9869,1708059660000.0,0.0,0.0,0.0,2619.086666666667,0.0,0.0,2840.7,0.9413943126533779,1.0,1387.7729613200017,1000.0,1387.7729613200017,1000.0,0.0,0.0
9870,1708063260000.0,0.0,0.0,0.0,2619.086666666667,0.0,0.0,2844.54,0.9413943126533779,1.0,1387.7729613200017,1000.0,1387.7729613200017,1000.0,0.0,0.0
9871,1708066860000.0,0.0,0.0,0.0,2619.086666666667,0.0,0.0,2836.91,0.9413943126533779,1.0,1387.7729613200017,1000.0,1387.7729613200017,1000.0,0.0,0.0
9872,1708070460000.0,0.0,0.0,0.0,2619.086666666667,0.0,0.0,2819.98,0.9413943126533779,1.0,1387.7729613200017,1000.0,1387.7729613200017,1000.0,0.0,0.0
9873,1708074060000.0,0.0,0.0,0.0,2619.086666666667,0.0,0.0,2816.95,0.9413943126533779,1.0,1387.7729613200017,1000.0,1387.7729613200017,1000.0,0.0,0.0
9874,1708077660000.0,0.0,0.0,0.02,2807.16,0.0,0.0,2809.04,0.9413943126533779,1.0,1387.7617326800018,1000.0,1387.799332680002,1000.0,0.04045593611489633,0.0
9875,1708081260000.0,0.0,0.0,0.0,2807.16,0.0,0.0,2829.32,0.9413943126533779,1.0,1388.159622200002,1000.0,1388.159622200002,1000.0,0.0,0.0
9876,1708084860000.0,0.0,0.0,0.0,2807.16,0.0,0.0,2827.76,0.9413943126533779,1.0,1388.159622200002,1000.0,1388.159622200002,1000.0,0.0,0.0
9877,1708088460000.0,0.0,0.0,0.0,2807.16,0.0,0.0,2844.62,0.9413943126533779,1.0,1388.159622200002,1000.0,1388.159622200002,1000.0,0.0,0.0
9878,1708092060000.0,0.0,0.0,0.0,2807.16,0.0,0.0,2839.41,0.9413943126533779,1.0,1388.159622200002,1000.0,1388.159622200002,1000.0,0.0,0.0
9879,1708095660000.0,0.0,0.0,0.02,2809.31,0.0,0.0,2788.05,0.9413943126533779,1.0,1388.1483849600022,1000.0,1387.7231849600023,1000.0,0.040475644108910545,0.0
9880,1708099260000.0,0.0,0.0,0.05,2772.932,0.0,0.0,2775.45,0.9413943126533779,1.0,1388.1318928800022,1000.0,1388.2577928800022,1000.0,0.0998799903028994,0.0
9881,1708102860000.0,0.0,0.0,0.02,2787.703,0.0,0.0,2791.44,0.9413943126533779,1.0,1389.0054511200024,1000.0,1389.0801911200024,1000.0,0.0401395544956599,0.0
9882,1708106460000.0,0.0,0.0,0.03,2784.065333333334,0.0,0.0,2779.12,0.9413943126533779,1.0,1388.9998975400024,1000.0,1388.8515375400025,1000.0,0.06013100515552388,0.0
9883,1708110060000.0,0.0,0.0,0.03,2784.065333333334,0.0,0.0,2781.99,0.9413943126533779,1.0,1388.9998975400024,1000.0,1388.9376375400025,1000.0,0.06013100515552388,0.0
9884,1708113660000.0,0.0,0.0,0.03,2784.065333333334,0.0,0.0,2766.74,0.9413943126533779,1.0,1388.9998975400024,1000.0,1388.4801375400023,1000.0,0.06013100515552388,0.0
9885,1708117260000.0,0.0,0.0,0.03,2784.065333333334,0.0,0.0,2781.13,0.9413943126533779,1.0,1388.9998975400024,1000.0,1388.9118375400024,1000.0,0.06013100515552388,0.0
9886,1708120860000.0,0.0,0.0,0.03,2784.065333333334,0.0,0.0,2790.29,0.9413943126533779,1.0,1388.9998975400024,1000.0,1389.1866375400023,1000.0,0.06013100515552388,0.0
9887,1708124460000.0,0.0,0.0,0.03,2784.065333333334,0.0,0.0,2791.2,0.9413943126533779,1.0,1388.9998975400024,1000.0,1389.2139375400025,1000.0,0.06013100515552388,0.0
9888,1708128060000.0,0.0,0.0,0.0,2784.065333333334,0.0,0.0,2802.51,0.9413943126533779,1.0,1389.591611440002,1000.0,1389.591611440002,1000.0,0.0,0.0
9889,1708131660000.0,0.0,0.0,0.0,2784.065333333334,0.0,0.0,2796.81,0.9413943126533779,1.0,1389.591611440002,1000.0,1389.591611440002,1000.0,0.0,0.0
9890,1708135260000.0,0.0,0.0,0.02,2784.14,0.0,0.0,2791.07,0.9413943126533779,1.0,1389.580474880002,1000.0,1389.719074880002,1000.0,0.040071662639624035,0.0
9891,1708138860000.0,0.0,0.0,0.02,2784.14,0.0,0.0,2791.93,0.9413943126533779,1.0,1389.580474880002,1000.0,1389.736274880002,1000.0,0.040071662639624035,0.0
9892,1708142460000.0,0.0,0.0,0.02,2784.14,0.0,0.0,2794.84,0.9413943126533779,1.0,1389.580474880002,1000.0,1389.7944748800019,1000.0,0.040071662639624035,0.0
9893,1708146060000.0,0.0,0.0,0.02,2784.14,0.0,0.0,2795.93,0.9413943126533779,1.0,1389.580474880002,1000.0,1389.8162748800019,1000.0,0.040071662639624035,0.0
9894,1708149660000.0,0.0,0.0,0.02,2784.14,0.0,0.0,2786.89,0.9413943126533779,1.0,1389.580474880002,1000.0,1389.635474880002,1000.0,0.040071662639624035,0.0
9895,1708153260000.0,0.0,0.0,0.02,2784.14,0.0,0.0,2790.29,0.9413943126533779,1.0,1389.580474880002,1000.0,1389.703474880002,1000.0,0.040071662639624035,0.0
9896,1708156860000.0,0.0,0.0,0.02,2784.14,0.0,0.0,2795.1,0.9413943126533779,1.0,1389.580474880002,1000.0,1389.799674880002,1000.0,0.040071662639624035,0.0
9897,1708160460000.0,0.0,0.0,0.03,2782.453333333334,0.0,0.0,2779.28,0.9413943126533779,1.0,1389.574916720002,1000.0,1389.479716720002,1000.0,0.060071320369709774,0.0
9898,1708164060000.0,0.0,0.0,0.03,2782.453333333334,0.0,0.0,2775.44,0.9413943126533779,1.0,1389.574916720002,1000.0,1389.364516720002,1000.0,0.060071320369709774,0.0
9899,1708167660000.0,0.0,0.0,0.03,2782.453333333334,0.0,0.0,2781.55,0.9413943126533779,1.0,1389.574916720002,1000.0,1389.547816720002,1000.0,0.060071320369709774,0.0
9900,1708171260000.0,0.0,0.0,0.03,2782.453333333334,0.0,0.0,2782.52,0.9413943126533779,1.0,1389.574916720002,1000.0,1389.576916720002,1000.0,0.060071320369709774,0.0
9901,1708174860000.0,0.0,0.0,0.03,2782.453333333334,0.0,0.0,2784.04,0.9413943126533779,1.0,1389.574916720002,1000.0,1389.6225167200018,1000.0,0.060071320369709774,0.0
9902,1708178460000.0,0.0,0.0,0.03,2782.453333333334,0.0,0.0,2748.05,0.9413943126533779,1.0,1389.574916720002,1000.0,1388.542816720002,1000.0,0.060071320369709774,0.0
9903,1708182060000.0,0.0,0.0,0.08,2744.2700000000004,0.0,0.0,2741.46,0.9413943126533779,1.0,1389.5477031200019,1000.0,1389.322903120002,1000.0,0.1579950076611658,0.0
9904,1708185660000.0,0.0,0.0,0.08,2744.2700000000004,0.0,0.0,2753.26,0.9413943126533779,1.0,1389.5477031200019,1000.0,1390.2669031200019,1000.0,0.1579950076611658,0.0
9905,1708189260000.0,0.0,0.0,0.08,2744.2700000000004,0.0,0.0,2758.26,0.9413943126533779,1.0,1389.5477031200019,1000.0,1390.666903120002,1000.0,0.1579950076611658,0.0
9906,1708192860000.0,0.0,0.0,0.0,2744.2700000000004,0.0,0.0,2768.28,0.9413943126533779,1.0,1391.1034748000031,1000.0,1391.1034748000031,1000.0,0.0,0.0
9907,1708196460000.0,0.0,0.0,0.0,2744.2700000000004,0.0,0.0,2772.49,0.9413943126533779,1.0,1391.1034748000031,1000.0,1391.1034748000031,1000.0,0.0,0.0
9908,1708200060000.0,0.0,0.0,0.0,2744.2700000000004,0.0,0.0,2775.89,0.9413943126533779,1.0,1391.1034748000031,1000.0,1391.1034748000031,1000.0,0.0,0.0
9909,1708203660000.0,0.0,0.0,0.0,2744.2700000000004,0.0,0.0,2780.01,0.9413943126533779,1.0,1391.1034748000031,1000.0,1391.1034748000031,1000.0,0.0,0.0
9910,1708207260000.0,0.0,0.0,0.0,2744.2700000000004,0.0,0.0,2785.12,0.9413943126533779,1.0,1391.1034748000031,1000.0,1391.1034748000031,1000.0,0.0,0.0
9911,1708210860000.0,0.0,0.0,0.0,2744.2700000000004,0.0,0.0,2784.67,0.9413943126533779,1.0,1391.1034748000031,1000.0,1391.1034748000031,1000.0,0.0,0.0
9912,1708214460000.0,0.0,0.0,0.0,2744.2700000000004,0.0,0.0,2787.46,0.9413943126533779,1.0,1391.1034748000031,1000.0,1391.1034748000031,1000.0,0.0,0.0
9913,1708218060000.0,0.0,0.0,0.0,2744.2700000000004,0.0,0.0,2794.07,0.9413943126533779,1.0,1391.1034748000031,1000.0,1391.1034748000031,1000.0,0.0,0.0
9914,1708221660000.0,0.0,0.0,0.0,2744.2700000000004,0.0,0.0,2781.43,0.9413943126533779,1.0,1391.1034748000031,1000.0,1391.1034748000031,1000.0,0.0,0.0
9915,1708225260000.0,0.0,0.0,0.03,2764.43,0.0,0.0,2774.14,0.9413943126533779,1.0,1391.0868882200032,1000.0,1391.3781882200033,1000.0,0.059617340011103595,0.0
9916,1708228860000.0,0.0,0.0,0.01,2764.43,0.0,0.0,2787.37,0.9413943126533779,1.0,1391.4787499000029,1000.0,1391.7081499000028,1000.0,0.01986685028570262,0.0
9917,1708232460000.0,0.0,0.0,0.01,2764.43,0.0,0.0,2797.94,0.9413943126533779,1.0,1391.4787499000029,1000.0,1391.8138499000029,1000.0,0.01986685028570262,0.0
9918,1708236060000.0,0.0,0.0,0.01,2764.43,0.0,0.0,2808.63,0.9413943126533779,1.0,1391.4787499000029,1000.0,1391.9207499000029,1000.0,0.01986685028570262,0.0
9919,1708239660000.0,0.0,0.0,0.0,2764.43,0.0,0.0,2791.88,0.9413943126533779,1.0,1391.6746807400027,1000.0,1391.6746807400027,1000.0,0.0,0.0
9920,1708243260000.0,0.0,0.0,0.0,2764.43,0.0,0.0,2805.75,0.9413943126533779,1.0,1391.6746807400027,1000.0,1391.6746807400027,1000.0,0.0,0.0
9921,1708246860000.0,0.0,0.0,0.0,2764.43,0.0,0.0,2819.22,0.9413943126533779,1.0,1391.6746807400027,1000.0,1391.6746807400027,1000.0,0.0,0.0
9922,1708250460000.0,0.0,0.0,0.0,2764.43,0.0,0.0,2820.72,0.9413943126533779,1.0,1391.6746807400027,1000.0,1391.6746807400027,1000.0,0.0,0.0
9923,1708254060000.0,0.0,0.0,0.0,2764.43,0.0,0.0,2811.37,0.9413943126533779,1.0,1391.6746807400027,1000.0,1391.6746807400027,1000.0,0.0,0.0
9924,1708257660000.0,0.0,0.0,0.0,2764.43,0.0,0.0,2804.21,0.9413943126533779,1.0,1391.6746807400027,1000.0,1391.6746807400027,1000.0,0.0,0.0
9925,1708261260000.0,0.0,0.0,0.0,2764.43,0.0,0.0,2798.26,0.9413943126533779,1.0,1391.6746807400027,1000.0,1391.6746807400027,1000.0,0.0,0.0
9926,1708264860000.0,0.0,0.0,0.0,2764.43,0.0,0.0,2791.66,0.9413943126533779,1.0,1391.6746807400027,1000.0,1391.6746807400027,1000.0,0.0,0.0
9927,1708268460000.0,0.0,0.0,0.0,2764.43,0.0,0.0,2806.28,0.9413943126533779,1.0,1391.6746807400027,1000.0,1391.6746807400027,1000.0,0.0,0.0
9928,1708272060000.0,0.0,0.0,0.0,2764.43,0.0,0.0,2807.1,0.9413943126533779,1.0,1391.6746807400027,1000.0,1391.6746807400027,1000.0,0.0,0.0
9929,1708275660000.0,0.0,0.0,0.0,2764.43,0.0,0.0,2807.9,0.9413943126533779,1.0,1391.6746807400027,1000.0,1391.6746807400027,1000.0,0.0,0.0
9930,1708279260000.0,0.0,0.0,0.0,2764.43,0.0,0.0,2810.7,0.9413943126533779,1.0,1391.6746807400027,1000.0,1391.6746807400027,1000.0,0.0,0.0
9931,1708282860000.0,0.0,0.0,0.0,2764.43,0.0,0.0,2833.44,0.9413943126533779,1.0,1391.6746807400027,1000.0,1391.6746807400027,1000.0,0.0,0.0
9932,1708286460000.0,0.0,0.0,0.0,2764.43,0.0,0.0,2828.31,0.9413943126533779,1.0,1391.6746807400027,1000.0,1391.6746807400027,1000.0,0.0,0.0
9933,1708290060000.0,0.0,0.0,0.0,2764.43,0.0,0.0,2829.01,0.9413943126533779,1.0,1391.6746807400027,1000.0,1391.6746807400027,1000.0,0.0,0.0
9934,1708293660000.0,0.0,0.0,0.0,2764.43,0.0,0.0,2850.92,0.9413943126533779,1.0,1391.6746807400027,1000.0,1391.6746807400027,1000.0,0.0,0.0
9935,1708297260000.0,0.0,0.0,0.0,2764.43,0.0,0.0,2881.51,0.9413943126533779,1.0,1391.6746807400027,1000.0,1391.6746807400027,1000.0,0.0,0.0
9936,1708300860000.0,0.0,0.0,0.0,2764.43,0.0,0.0,2882.84,0.9413943126533779,1.0,1391.6746807400027,1000.0,1391.6746807400027,1000.0,0.0,0.0
9937,1708304460000.0,0.0,0.0,0.0,2764.43,0.0,0.0,2870.75,0.9413943126533779,1.0,1391.6746807400027,1000.0,1391.6746807400027,1000.0,0.0,0.0
9938,1708308060000.0,0.0,0.0,0.0,2764.43,0.0,0.0,2871.72,0.9413943126533779,1.0,1391.6746807400027,1000.0,1391.6746807400027,1000.0,0.0,0.0
9939,1708311660000.0,0.0,0.0,0.0,2764.43,0.0,0.0,2885.78,0.9413943126533779,1.0,1391.6746807400027,1000.0,1391.6746807400027,1000.0,0.0,0.0
9940,1708315260000.0,0.0,0.0,0.0,2764.43,0.0,0.0,2888.2,0.9413943126533779,1.0,1391.6746807400027,1000.0,1391.6746807400027,1000.0,0.0,0.0
9941,1708318860000.0,0.0,0.0,0.0,2764.43,0.0,0.0,2896.91,0.9413943126533779,1.0,1391.6746807400027,1000.0,1391.6746807400027,1000.0,0.0,0.0
9942,1708322460000.0,0.0,0.0,0.0,2764.43,0.0,0.0,2907.5,0.9413943126533779,1.0,1391.6746807400027,1000.0,1391.6746807400027,1000.0,0.0,0.0
9943,1708326060000.0,0.0,0.0,0.0,2764.43,0.0,0.0,2920.35,0.9413943126533779,1.0,1391.6746807400027,1000.0,1391.6746807400027,1000.0,0.0,0.0
9944,1708329660000.0,0.0,0.0,0.0,2764.43,0.0,0.0,2926.94,0.9413943126533779,1.0,1391.6746807400027,1000.0,1391.6746807400027,1000.0,0.0,0.0
9945,1708333260000.0,0.0,0.0,0.0,2764.43,0.0,0.0,2911.95,0.9413943126533779,1.0,1391.6746807400027,1000.0,1391.6746807400027,1000.0,0.0,0.0
9946,1708336860000.0,0.0,0.0,0.0,2764.43,0.0,0.0,2909.51,0.9413943126533779,1.0,1391.6746807400027,1000.0,1391.6746807400027,1000.0,0.0,0.0
9947,1708340460000.0,0.0,0.0,0.0,2764.43,0.0,0.0,2915.15,0.9413943126533779,1.0,1391.6746807400027,1000.0,1391.6746807400027,1000.0,0.0,0.0
9948,1708344060000.0,0.0,0.0,0.0,2764.43,0.0,0.0,2909.74,0.9413943126533779,1.0,1391.6746807400027,1000.0,1391.6746807400027,1000.0,0.0,0.0
9949,1708347660000.0,0.0,0.0,0.0,2764.43,0.0,0.0,2907.69,0.9413943126533779,1.0,1391.6746807400027,1000.0,1391.6746807400027,1000.0,0.0,0.0
9950,1708351260000.0,0.0,0.0,0.0,2764.43,0.0,0.0,2895.6,0.9413943126533779,1.0,1391.6746807400027,1000.0,1391.6746807400027,1000.0,0.0,0.0
9951,1708354860000.0,0.0,0.0,0.0,2764.43,0.0,0.0,2905.31,0.9413943126533779,1.0,1391.6746807400027,1000.0,1391.6746807400027,1000.0,0.0,0.0
9952,1708358460000.0,0.0,0.0,0.0,2764.43,0.0,0.0,2911.36,0.9413943126533779,1.0,1391.6746807400027,1000.0,1391.6746807400027,1000.0,0.0,0.0
9953,1708362060000.0,0.0,0.0,0.0,2764.43,0.0,0.0,2897.34,0.9413943126533779,1.0,1391.6746807400027,1000.0,1391.6746807400027,1000.0,0.0,0.0
9954,1708365660000.0,0.0,0.0,0.0,2764.43,0.0,0.0,2944.68,0.9413943126533779,1.0,1391.6746807400027,1000.0,1391.6746807400027,1000.0,0.0,0.0
9955,1708369260000.0,0.0,0.0,0.0,2764.43,0.0,0.0,2934.32,0.9413943126533779,1.0,1391.6746807400027,1000.0,1391.6746807400027,1000.0,0.0,0.0
9956,1708372860000.0,0.0,0.0,0.0,2764.43,0.0,0.0,2935.42,0.9413943126533779,1.0,1391.6746807400027,1000.0,1391.6746807400027,1000.0,0.0,0.0
9957,1708376460000.0,0.0,0.0,0.0,2764.43,0.0,0.0,2935.89,0.9413943126533779,1.0,1391.6746807400027,1000.0,1391.6746807400027,1000.0,0.0,0.0
9958,1708380060000.0,0.0,0.0,0.0,2764.43,0.0,0.0,2968.63,0.9413943126533779,1.0,1391.6746807400027,1000.0,1391.6746807400027,1000.0,0.0,0.0
9959,1708383660000.0,0.0,0.0,0.0,2764.43,0.0,0.0,2963.4,0.9413943126533779,1.0,1391.6746807400027,1000.0,1391.6746807400027,1000.0,0.0,0.0
9960,1708387260000.0,0.0,0.0,0.0,2764.43,0.0,0.0,2946.11,0.9413943126533779,1.0,1391.6746807400027,1000.0,1391.6746807400027,1000.0,0.0,0.0
9961,1708390860000.0,0.0,0.0,0.0,2764.43,0.0,0.0,2933.26,0.9413943126533779,1.0,1391.6746807400027,1000.0,1391.6746807400027,1000.0,0.0,0.0
9962,1708394460000.0,0.0,0.0,0.0,2764.43,0.0,0.0,2926.09,0.9413943126533779,1.0,1391.6746807400027,1000.0,1391.6746807400027,1000.0,0.0,0.0
9963,1708398060000.0,0.0,0.0,0.0,2764.43,0.0,0.0,2931.92,0.9413943126533779,1.0,1391.6746807400027,1000.0,1391.6746807400027,1000.0,0.0,0.0
9964,1708401660000.0,0.0,0.0,0.0,2764.43,0.0,0.0,2909.38,0.9413943126533779,1.0,1391.6746807400027,1000.0,1391.6746807400027,1000.0,0.0,0.0
9965,1708405260000.0,0.0,0.0,0.0,2764.43,0.0,0.0,2926.58,0.9413943126533779,1.0,1391.6746807400027,1000.0,1391.6746807400027,1000.0,0.0,0.0
9966,1708408860000.0,0.0,0.0,0.0,2764.43,0.0,0.0,2929.03,0.9413943126533779,1.0,1391.6746807400027,1000.0,1391.6746807400027,1000.0,0.0,0.0
9967,1708412460000.0,0.0,0.0,0.0,2764.43,0.0,0.0,2929.96,0.9413943126533779,1.0,1391.6746807400027,1000.0,1391.6746807400027,1000.0,0.0,0.0
9968,1708416060000.0,0.0,0.0,0.0,2764.43,0.0,0.0,2924.31,0.9413943126533779,1.0,1391.6746807400027,1000.0,1391.6746807400027,1000.0,0.0,0.0
9969,1708419660000.0,0.0,0.0,0.0,2764.43,0.0,0.0,2917.65,0.9413943126533779,1.0,1391.6746807400027,1000.0,1391.6746807400027,1000.0,0.0,0.0
9970,1708423260000.0,0.0,0.0,0.02,2905.09,0.0,0.0,2906.18,0.9413943126533779,1.0,1391.6630603800027,1000.0,1391.6848603800026,1000.0,0.041749904595538324,0.0
9971,1708426860000.0,0.0,0.0,0.02,2905.09,0.0,0.0,2925.29,0.9413943126533779,1.0,1391.6630603800027,1000.0,1392.0670603800027,1000.0,0.041749904595538324,0.0
9972,1708430460000.0,0.0,0.0,0.01,2905.09,0.0,0.0,2936.1,0.9413943126533779,1.0,1391.8689078600028,1000.0,1392.1790078600027,1000.0,0.02087186504127442,0.0
9973,1708434060000.0,0.0,0.0,0.01,2905.09,0.0,0.0,2929.9,0.9413943126533779,1.0,1391.8689078600028,1000.0,1392.1170078600028,1000.0,0.02087186504127442,0.0
9974,1708437660000.0,0.0,0.0,0.0,2905.09,0.0,0.0,3000.57,0.9413943126533779,1.0,1392.3886925400027,1000.0,1392.3886925400027,1000.0,0.0,0.0
9975,1708441260000.0,0.0,0.0,0.0,2905.09,0.0,0.0,2936.98,0.9413943126533779,1.0,1392.3886925400027,1000.0,1392.3886925400027,1000.0,0.0,0.0
9976,1708444860000.0,0.0,0.0,0.02,2913.61,0.0,0.0,2930.46,0.9413943126533779,1.0,1392.3770381000027,1000.0,1392.7140381000027,1000.0,0.04185087688570084,0.0
9977,1708448460000.0,0.0,0.0,0.02,2913.04,0.0,0.0,2901.0,0.9413943126533779,1.0,1392.7782465800026,1000.0,1392.5374465800026,1000.0,0.04183063609950879,0.0
9978,1708452060000.0,0.0,0.0,0.02,2913.04,0.0,0.0,2919.64,0.9413943126533779,1.0,1392.7782465800026,1000.0,1392.9102465800026,1000.0,0.04183063609950879,0.0
9979,1708455660000.0,0.0,0.0,0.01,2913.04,0.0,0.0,2931.74,0.9413943126533779,1.0,1392.9846780400026,1000.0,1393.1716780400025,1000.0,0.02091221853278953,0.0
9980,1708459260000.0,0.0,0.0,0.0,2913.04,0.0,0.0,2982.01,0.9413943126533779,1.0,1393.1911095000025,1000.0,1393.1911095000025,1000.0,0.0,0.0
9981,1708462860000.0,0.0,0.0,0.0,2913.04,0.0,0.0,2977.65,0.9413943126533779,1.0,1393.1911095000025,1000.0,1393.1911095000025,1000.0,0.0,0.0
9982,1708466460000.0,0.0,0.0,0.0,2913.04,0.0,0.0,2993.84,0.9413943126533779,1.0,1393.1911095000025,1000.0,1393.1911095000025,1000.0,0.0,0.0
9983,1708470060000.0,0.0,0.0,0.0,2913.04,0.0,0.0,3007.61,0.9413943126533779,1.0,1393.1911095000025,1000.0,1393.1911095000025,1000.0,0.0,0.0
9984,1708473660000.0,0.0,0.0,0.0,2913.04,0.0,0.0,3015.68,0.9413943126533779,1.0,1393.1911095000025,1000.0,1393.1911095000025,1000.0,0.0,0.0
9985,1708477260000.0,0.0,0.0,0.0,2913.04,0.0,0.0,3003.19,0.9413943126533779,1.0,1393.1911095000025,1000.0,1393.1911095000025,1000.0,0.0,0.0
9986,1708480860000.0,0.0,0.0,0.0,2913.04,0.0,0.0,3006.24,0.9413943126533779,1.0,1393.1911095000025,1000.0,1393.1911095000025,1000.0,0.0,0.0
9987,1708484460000.0,0.0,0.0,0.0,2913.04,0.0,0.0,3010.65,0.9413943126533779,1.0,1393.1911095000025,1000.0,1393.1911095000025,1000.0,0.0,0.0
9988,1708488060000.0,0.0,0.0,0.0,2913.04,0.0,0.0,3008.97,0.9413943126533779,1.0,1393.1911095000025,1000.0,1393.1911095000025,1000.0,0.0,0.0
9989,1708491660000.0,0.0,0.0,0.0,2913.04,0.0,0.0,3005.34,0.9413943126533779,1.0,1393.1911095000025,1000.0,1393.1911095000025,1000.0,0.0,0.0
9990,1708495260000.0,0.0,0.0,0.0,2913.04,0.0,0.0,2979.0,0.9413943126533779,1.0,1393.1911095000025,1000.0,1393.1911095000025,1000.0,0.0,0.0
9991,1708498860000.0,0.0,0.0,0.02,2955.36,0.0,0.0,2943.79,0.9413943126533779,1.0,1393.1792880600026,1000.0,1392.9478880600027,1000.0,0.04242612598864184,0.0
9992,1708502460000.0,0.0,0.0,0.02,2955.36,0.0,0.0,2935.36,0.9413943126533779,1.0,1393.1792880600026,1000.0,1392.7792880600025,1000.0,0.04242612598864184,0.0
9993,1708506060000.0,0.0,0.0,0.02,2955.36,0.0,0.0,2938.78,0.9413943126533779,1.0,1393.1792880600026,1000.0,1392.8476880600026,1000.0,0.04242612598864184,0.0
9994,1708509660000.0,0.0,0.0,0.05,2917.026,0.0,0.0,2907.36,0.9413943126533779,1.0,1393.1619392400025,1000.0,1392.6786392400027,1000.0,0.10469084453998563,0.0
9995,1708513260000.0,0.0,0.0,0.05,2917.026,0.0,0.0,2920.0,0.9413943126533779,1.0,1393.1619392400025,1000.0,1393.3106392400025,1000.0,0.10469084453998563,0.0
9996,1708516860000.0,0.0,0.0,0.05,2917.026,0.0,0.0,2902.16,0.9413943126533779,1.0,1393.1619392400025,1000.0,1392.4186392400024,1000.0,0.10469084453998563,0.0
9997,1708520460000.0,0.0,0.0,0.05,2917.026,0.0,0.0,2920.62,0.9413943126533779,1.0,1393.1619392400025,1000.0,1393.3416392400025,1000.0,0.10469084453998563,0.0
9998,1708524060000.0,0.0,0.0,0.05,2917.026,0.0,0.0,2906.35,0.9413943126533779,1.0,1393.1619392400025,1000.0,1392.6281392400026,1000.0,0.10469084453998563,0.0
9999,1708527660000.0,0.0,0.0,0.05,2917.026,0.0,0.0,2888.46,0.9413943126533779,1.0,1393.1619392400025,1000.0,1391.7336392400025,1000.0,0.10469084453998563,0.0
10000,1708531260000.0,0.0,0.0,0.05,2917.026,0.0,0.0,2917.05,0.9413943126533779,1.0,1393.1619392400025,1000.0,1393.1631392400025,1000.0,0.10469084453998563,0.0
10001,1708534860000.0,0.0,0.0,0.02,2917.026,0.0,0.0,2933.99,0.9413943126533779,1.0,1393.7819295600027,1000.0,1394.1212095600026,1000.0,0.0418577101357723,0.0
10002,1708538460000.0,0.0,0.0,0.02,2917.026,0.0,0.0,2895.63,0.9413943126533779,1.0,1393.7819295600027,1000.0,1393.3540095600026,1000.0,0.0418577101357723,0.0
10003,1708542060000.0,0.0,0.0,0.02,2917.026,0.0,0.0,2897.78,0.9413943126533779,1.0,1393.7819295600027,1000.0,1393.3970095600027,1000.0,0.0418577101357723,0.0
10004,1708545660000.0,0.0,0.0,0.02,2917.026,0.0,0.0,2914.98,0.9413943126533779,1.0,1393.7819295600027,1000.0,1393.7410095600028,1000.0,0.0418577101357723,0.0
10005,1708549260000.0,0.0,0.0,0.02,2917.026,0.0,0.0,2910.31,0.9413943126533779,1.0,1393.7819295600027,1000.0,1393.6476095600028,1000.0,0.0418577101357723,0.0
10006,1708552860000.0,0.0,0.0,0.02,2917.026,0.0,0.0,2926.99,0.9413943126533779,1.0,1393.7819295600027,1000.0,1393.9812095600028,1000.0,0.0418577101357723,0.0
10007,1708556460000.0,0.0,0.0,0.01,2917.026,0.0,0.0,2943.52,0.9413943126533779,1.0,1393.9885930000028,1000.0,1394.2535330000028,1000.0,0.02092575229559281,0.0
10008,1708560060000.0,0.0,0.0,0.0,2917.026,0.0,0.0,2968.82,0.9413943126533779,1.0,1394.5104933800028,1000.0,1394.5104933800028,1000.0,0.0,0.0
10009,1708563660000.0,0.0,0.0,0.0,2917.026,0.0,0.0,2940.09,0.9413943126533779,1.0,1394.5104933800028,1000.0,1394.5104933800028,1000.0,0.0,0.0
10010,1708567260000.0,0.0,0.0,0.02,2914.69,0.0,0.0,2916.02,0.9413943126533779,1.0,1394.4988346200028,1000.0,1394.5254346200027,1000.0,0.04180268821514283,0.0
10011,1708570860000.0,0.0,0.0,0.02,2914.69,0.0,0.0,2924.3,0.9413943126533779,1.0,1394.4988346200028,1000.0,1394.6910346200027,1000.0,0.04180268821514283,0.0
10012,1708574460000.0,0.0,0.0,0.0,2914.69,0.0,0.0,2935.14,0.9413943126533779,1.0,1394.9118909000024,1000.0,1394.9118909000024,1000.0,0.0,0.0
10013,1708578060000.0,0.0,0.0,0.0,2914.69,0.0,0.0,2931.98,0.9413943126533779,1.0,1394.9118909000024,1000.0,1394.9118909000024,1000.0,0.0,0.0
10014,1708581660000.0,0.0,0.0,0.0,2914.69,0.0,0.0,2933.7,0.9413943126533779,1.0,1394.9118909000024,1000.0,1394.9118909000024,1000.0,0.0,0.0
10015,1708585260000.0,0.0,0.0,0.0,2914.69,0.0,0.0,2962.03,0.9413943126533779,1.0,1394.9118909000024,1000.0,1394.9118909000024,1000.0,0.0,0.0
10016,1708588860000.0,0.0,0.0,0.0,2914.69,0.0,0.0,2994.74,0.9413943126533779,1.0,1394.9118909000024,1000.0,1394.9118909000024,1000.0,0.0,0.0
10017,1708592460000.0,0.0,0.0,0.0,2914.69,0.0,0.0,3023.21,0.9413943126533779,1.0,1394.9118909000024,1000.0,1394.9118909000024,1000.0,0.0,0.0
10018,1708596060000.0,0.0,0.0,0.0,2914.69,0.0,0.0,3023.14,0.9413943126533779,1.0,1394.9118909000024,1000.0,1394.9118909000024,1000.0,0.0,0.0
10019,1708599660000.0,0.0,0.0,0.0,2914.69,0.0,0.0,2993.6,0.9413943126533779,1.0,1394.9118909000024,1000.0,1394.9118909000024,1000.0,0.0,0.0
10020,1708603260000.0,0.0,0.0,0.0,2914.69,0.0,0.0,2989.93,0.9413943126533779,1.0,1394.9118909000024,1000.0,1394.9118909000024,1000.0,0.0,0.0
10021,1708606860000.0,0.0,0.0,0.0,2914.69,0.0,0.0,2984.0,0.9413943126533779,1.0,1394.9118909000024,1000.0,1394.9118909000024,1000.0,0.0,0.0
10022,1708610460000.0,0.0,0.0,0.02,2944.37,0.0,0.0,2944.52,0.9413943126533779,1.0,1394.9001134200023,1000.0,1394.9031134200022,1000.0,0.042216212783595275,0.0
10023,1708614060000.0,0.0,0.0,0.0,2944.37,0.0,0.0,2974.03,0.9413943126533779,1.0,1395.3174501000024,1000.0,1395.3174501000024,1000.0,0.0,0.0
10024,1708617660000.0,0.0,0.0,0.0,2944.37,0.0,0.0,2987.41,0.9413943126533779,1.0,1395.3174501000024,1000.0,1395.3174501000024,1000.0,0.0,0.0
10025,1708621260000.0,0.0,0.0,0.0,2944.37,0.0,0.0,2973.23,0.9413943126533779,1.0,1395.3174501000024,1000.0,1395.3174501000024,1000.0,0.0,0.0
10026,1708624860000.0,0.0,0.0,0.0,2944.37,0.0,0.0,2982.49,0.9413943126533779,1.0,1395.3174501000024,1000.0,1395.3174501000024,1000.0,0.0,0.0
10027,1708628460000.0,0.0,0.0,0.0,2944.37,0.0,0.0,2993.45,0.9413943126533779,1.0,1395.3174501000024,1000.0,1395.3174501000024,1000.0,0.0,0.0
10028,1708632060000.0,0.0,0.0,0.0,2944.37,0.0,0.0,2985.35,0.9413943126533779,1.0,1395.3174501000024,1000.0,1395.3174501000024,1000.0,0.0,0.0
10029,1708635660000.0,0.0,0.0,0.0,2944.37,0.0,0.0,3012.5,0.9413943126533779,1.0,1395.3174501000024,1000.0,1395.3174501000024,1000.0,0.0,0.0
10030,1708639260000.0,0.0,0.0,0.0,2944.37,0.0,0.0,2991.85,0.9413943126533779,1.0,1395.3174501000024,1000.0,1395.3174501000024,1000.0,0.0,0.0
10031,1708642860000.0,0.0,0.0,0.0,2944.37,0.0,0.0,2992.98,0.9413943126533779,1.0,1395.3174501000024,1000.0,1395.3174501000024,1000.0,0.0,0.0
10032,1708646460000.0,0.0,0.0,0.0,2944.37,0.0,0.0,2973.77,0.9413943126533779,1.0,1395.3174501000024,1000.0,1395.3174501000024,1000.0,0.0,0.0
10033,1708650060000.0,0.0,0.0,0.0,2944.37,0.0,0.0,2990.5,0.9413943126533779,1.0,1395.3174501000024,1000.0,1395.3174501000024,1000.0,0.0,0.0
10034,1708653660000.0,0.0,0.0,0.0,2944.37,0.0,0.0,2987.39,0.9413943126533779,1.0,1395.3174501000024,1000.0,1395.3174501000024,1000.0,0.0,0.0
10035,1708657260000.0,0.0,0.0,0.02,2959.87,0.0,0.0,2938.28,0.9413943126533779,1.0,1395.3056106200024,1000.0,1394.8738106200024,1000.0,0.042426117654393795,0.0
10036,1708660860000.0,0.0,0.0,0.02,2959.87,0.0,0.0,2953.04,0.9413943126533779,1.0,1395.3056106200024,1000.0,1395.1690106200024,1000.0,0.042426117654393795,0.0
10037,1708664460000.0,0.0,0.0,0.02,2959.87,0.0,0.0,2950.73,0.9413943126533779,1.0,1395.3056106200024,1000.0,1395.1228106200024,1000.0,0.042426117654393795,0.0
10038,1708668060000.0,0.0,0.0,0.02,2959.87,0.0,0.0,2960.03,0.9413943126533779,1.0,1395.3056106200024,1000.0,1395.3088106200025,1000.0,0.042426117654393795,0.0
10039,1708671660000.0,0.0,0.0,0.02,2959.87,0.0,0.0,2963.91,0.9413943126533779,1.0,1395.3056106200024,1000.0,1395.3864106200024,1000.0,0.042426117654393795,0.0
10040,1708675260000.0,0.0,0.0,0.02,2959.87,0.0,0.0,2934.62,0.9413943126533779,1.0,1395.3056106200024,1000.0,1394.8006106200023,1000.0,0.042426117654393795,0.0
10041,1708678860000.0,0.0,0.0,0.02,2959.87,0.0,0.0,2924.02,0.9413943126533779,1.0,1395.3056106200024,1000.0,1394.5886106200023,1000.0,0.042426117654393795,0.0
10042,1708682460000.0,0.0,0.0,0.02,2959.87,0.0,0.0,2940.39,0.9413943126533779,1.0,1395.3056106200024,1000.0,1394.9160106200025,1000.0,0.042426117654393795,0.0
10043,1708686060000.0,0.0,0.0,0.02,2959.87,0.0,0.0,2943.67,0.9413943126533779,1.0,1395.3056106200024,1000.0,1394.9816106200024,1000.0,0.042426117654393795,0.0
10044,1708689660000.0,0.0,0.0,0.02,2959.87,0.0,0.0,2941.29,0.9413943126533779,1.0,1395.3056106200024,1000.0,1394.9340106200025,1000.0,0.042426117654393795,0.0
10045,1708693260000.0,0.0,0.0,0.02,2959.87,0.0,0.0,2930.41,0.9413943126533779,1.0,1395.3056106200024,1000.0,1394.7164106200025,1000.0,0.042426117654393795,0.0
10046,1708696860000.0,0.0,0.0,0.02,2959.87,0.0,0.0,2944.71,0.9413943126533779,1.0,1395.3056106200024,1000.0,1395.0024106200024,1000.0,0.042426117654393795,0.0
10047,1708700460000.0,0.0,0.0,0.02,2959.87,0.0,0.0,2944.01,0.9413943126533779,1.0,1395.3056106200024,1000.0,1394.9884106200025,1000.0,0.042426117654393795,0.0
10048,1708704060000.0,0.0,0.0,0.02,2959.87,0.0,0.0,2920.14,0.9413943126533779,1.0,1395.3056106200024,1000.0,1394.5110106200025,1000.0,0.042426117654393795,0.0
10049,1708707660000.0,0.0,0.0,0.02,2959.87,0.0,0.0,2933.85,0.9413943126533779,1.0,1395.3056106200024,1000.0,1394.7852106200023,1000.0,0.042426117654393795,0.0
10050,1708711260000.0,0.0,0.0,0.02,2959.87,0.0,0.0,2945.51,0.9413943126533779,1.0,1395.3056106200024,1000.0,1395.0184106200024,1000.0,0.042426117654393795,0.0
10051,1708714860000.0,0.0,0.0,0.02,2959.87,0.0,0.0,2941.16,0.9413943126533779,1.0,1395.3056106200024,1000.0,1394.9314106200025,1000.0,0.042426117654393795,0.0
10052,1708718460000.0,0.0,0.0,0.02,2959.87,0.0,0.0,2945.13,0.9413943126533779,1.0,1395.3056106200024,1000.0,1395.0108106200025,1000.0,0.042426117654393795,0.0
10053,1708722060000.0,0.0,0.0,0.02,2959.87,0.0,0.0,2948.99,0.9413943126533779,1.0,1395.3056106200024,1000.0,1395.0880106200025,1000.0,0.042426117654393795,0.0
10054,1708725660000.0,0.0,0.0,0.02,2959.87,0.0,0.0,2945.3,0.9413943126533779,1.0,1395.3056106200024,1000.0,1395.0142106200024,1000.0,0.042426117654393795,0.0
10055,1708729260000.0,0.0,0.0,0.02,2959.87,0.0,0.0,2922.19,0.9413943126533779,1.0,1395.3056106200024,1000.0,1394.5520106200024,1000.0,0.042426117654393795,0.0
10056,1708732860000.0,0.0,0.0,0.02,2959.87,0.0,0.0,2924.7,0.9413943126533779,1.0,1395.3056106200024,1000.0,1394.6022106200023,1000.0,0.042426117654393795,0.0
10057,1708736460000.0,0.0,0.0,0.02,2959.87,0.0,0.0,2932.5,0.9413943126533779,1.0,1395.3056106200024,1000.0,1394.7582106200025,1000.0,0.042426117654393795,0.0
10058,1708740060000.0,0.0,0.0,0.02,2959.87,0.0,0.0,2910.73,0.9413943126533779,1.0,1395.3056106200024,1000.0,1394.3228106200024,1000.0,0.042426117654393795,0.0
10059,1708743660000.0,0.0,0.0,0.02,2959.87,0.0,0.0,2920.94,0.9413943126533779,1.0,1395.3056106200024,1000.0,1394.5270106200023,1000.0,0.042426117654393795,0.0
10060,1708747260000.0,0.0,0.0,0.02,2959.87,0.0,0.0,2933.65,0.9413943126533779,1.0,1395.3056106200024,1000.0,1394.7812106200024,1000.0,0.042426117654393795,0.0
10061,1708750860000.0,0.0,0.0,0.02,2959.87,0.0,0.0,2948.45,0.9413943126533779,1.0,1395.3056106200024,1000.0,1395.0772106200025,1000.0,0.042426117654393795,0.0
10062,1708754460000.0,0.0,0.0,0.02,2959.87,0.0,0.0,2947.62,0.9413943126533779,1.0,1395.3056106200024,1000.0,1395.0606106200025,1000.0,0.042426117654393795,0.0
10063,1708758060000.0,0.0,0.0,0.02,2959.87,0.0,0.0,2947.0,0.9413943126533779,1.0,1395.3056106200024,1000.0,1395.0482106200025,1000.0,0.042426117654393795,0.0
10064,1708761660000.0,0.0,0.0,0.02,2959.87,0.0,0.0,2963.4,0.9413943126533779,1.0,1395.3056106200024,1000.0,1395.3762106200024,1000.0,0.042426117654393795,0.0
10065,1708765260000.0,0.0,0.0,0.02,2959.87,0.0,0.0,2950.93,0.9413943126533779,1.0,1395.3056106200024,1000.0,1395.1268106200025,1000.0,0.042426117654393795,0.0
10066,1708768860000.0,0.0,0.0,0.02,2959.87,0.0,0.0,2956.32,0.9413943126533779,1.0,1395.3056106200024,1000.0,1395.2346106200025,1000.0,0.042426117654393795,0.0
10067,1708772460000.0,0.0,0.0,0.02,2959.87,0.0,0.0,2958.22,0.9413943126533779,1.0,1395.3056106200024,1000.0,1395.2726106200025,1000.0,0.042426117654393795,0.0
10068,1708776060000.0,0.0,0.0,0.02,2959.87,0.0,0.0,2961.52,0.9413943126533779,1.0,1395.3056106200024,1000.0,1395.3386106200023,1000.0,0.042426117654393795,0.0
10069,1708779660000.0,0.0,0.0,0.02,2959.87,0.0,0.0,2959.32,0.9413943126533779,1.0,1395.3056106200024,1000.0,1395.2946106200025,1000.0,0.042426117654393795,0.0
10070,1708783260000.0,0.0,0.0,0.02,2959.87,0.0,0.0,2966.26,0.9413943126533779,1.0,1395.3056106200024,1000.0,1395.4334106200024,1000.0,0.042426117654393795,0.0
10071,1708786860000.0,0.0,0.0,0.02,2959.87,0.0,0.0,2962.34,0.9413943126533779,1.0,1395.3056106200024,1000.0,1395.3550106200025,1000.0,0.042426117654393795,0.0
10072,1708790460000.0,0.0,0.0,0.02,2959.87,0.0,0.0,2958.98,0.9413943126533779,1.0,1395.3056106200024,1000.0,1395.2878106200023,1000.0,0.042426117654393795,0.0
10073,1708794060000.0,0.0,0.0,0.02,2959.87,0.0,0.0,2966.71,0.9413943126533779,1.0,1395.3056106200024,1000.0,1395.4424106200024,1000.0,0.042426117654393795,0.0
10074,1708797660000.0,0.0,0.0,0.0,2959.87,0.0,0.0,2999.47,0.9413943126533779,1.0,1395.7250848600024,1000.0,1395.7250848600024,1000.0,0.0,0.0
10075,1708801260000.0,0.0,0.0,0.0,2959.87,0.0,0.0,2984.82,0.9413943126533779,1.0,1395.7250848600024,1000.0,1395.7250848600024,1000.0,0.0,0.0
10076,1708804860000.0,0.0,0.0,0.0,2959.87,0.0,0.0,2989.03,0.9413943126533779,1.0,1395.7250848600024,1000.0,1395.7250848600024,1000.0,0.0,0.0
10077,1708808460000.0,0.0,0.0,0.0,2959.87,0.0,0.0,2988.42,0.9413943126533779,1.0,1395.7250848600024,1000.0,1395.7250848600024,1000.0,0.0,0.0
10078,1708812060000.0,0.0,0.0,0.0,2959.87,0.0,0.0,2987.73,0.9413943126533779,1.0,1395.7250848600024,1000.0,1395.7250848600024,1000.0,0.0,0.0
10079,1708815660000.0,0.0,0.0,0.0,2959.87,0.0,0.0,2986.66,0.9413943126533779,1.0,1395.7250848600024,1000.0,1395.7250848600024,1000.0,0.0,0.0
10080,1708819260000.0,0.0,0.0,0.0,2959.87,0.0,0.0,2995.0,0.9413943126533779,1.0,1395.7250848600024,1000.0,1395.7250848600024,1000.0,0.0,0.0
10081,1708822860000.0,0.0,0.0,0.0,2959.87,0.0,0.0,2999.54,0.9413943126533779,1.0,1395.7250848600024,1000.0,1395.7250848600024,1000.0,0.0,0.0
10082,1708826460000.0,0.0,0.0,0.0,2959.87,0.0,0.0,3020.44,0.9413943126533779,1.0,1395.7250848600024,1000.0,1395.7250848600024,1000.0,0.0,0.0
10083,1708830060000.0,0.0,0.0,0.0,2959.87,0.0,0.0,3027.17,0.9413943126533779,1.0,1395.7250848600024,1000.0,1395.7250848600024,1000.0,0.0,0.0
10084,1708833660000.0,0.0,0.0,0.0,2959.87,0.0,0.0,3025.68,0.9413943126533779,1.0,1395.7250848600024,1000.0,1395.7250848600024,1000.0,0.0,0.0
10085,1708837260000.0,0.0,0.0,0.0,2959.87,0.0,0.0,3022.5,0.9413943126533779,1.0,1395.7250848600024,1000.0,1395.7250848600024,1000.0,0.0,0.0
10086,1708840860000.0,0.0,0.0,0.0,2959.87,0.0,0.0,3032.42,0.9413943126533779,1.0,1395.7250848600024,1000.0,1395.7250848600024,1000.0,0.0,0.0
10087,1708844460000.0,0.0,0.0,0.0,2959.87,0.0,0.0,3034.87,0.9413943126533779,1.0,1395.7250848600024,1000.0,1395.7250848600024,1000.0,0.0,0.0
10088,1708848060000.0,0.0,0.0,0.0,2959.87,0.0,0.0,3031.23,0.9413943126533779,1.0,1395.7250848600024,1000.0,1395.7250848600024,1000.0,0.0,0.0
10089,1708851660000.0,0.0,0.0,0.0,2959.87,0.0,0.0,3021.89,0.9413943126533779,1.0,1395.7250848600024,1000.0,1395.7250848600024,1000.0,0.0,0.0
10090,1708855260000.0,0.0,0.0,0.0,2959.87,0.0,0.0,3025.18,0.9413943126533779,1.0,1395.7250848600024,1000.0,1395.7250848600024,1000.0,0.0,0.0
10091,1708858860000.0,0.0,0.0,0.0,2959.87,0.0,0.0,3025.71,0.9413943126533779,1.0,1395.7250848600024,1000.0,1395.7250848600024,1000.0,0.0,0.0
10092,1708862460000.0,0.0,0.0,0.0,2959.87,0.0,0.0,3044.14,0.9413943126533779,1.0,1395.7250848600024,1000.0,1395.7250848600024,1000.0,0.0,0.0
10093,1708866060000.0,0.0,0.0,0.0,2959.87,0.0,0.0,3048.2,0.9413943126533779,1.0,1395.7250848600024,1000.0,1395.7250848600024,1000.0,0.0,0.0
10094,1708869660000.0,0.0,0.0,0.0,2959.87,0.0,0.0,3039.21,0.9413943126533779,1.0,1395.7250848600024,1000.0,1395.7250848600024,1000.0,0.0,0.0
10095,1708873260000.0,0.0,0.0,0.0,2959.87,0.0,0.0,3068.4,0.9413943126533779,1.0,1395.7250848600024,1000.0,1395.7250848600024,1000.0,0.0,0.0
10096,1708876860000.0,0.0,0.0,0.0,2959.87,0.0,0.0,3044.55,0.9413943126533779,1.0,1395.7250848600024,1000.0,1395.7250848600024,1000.0,0.0,0.0
10097,1708880460000.0,0.0,0.0,0.0,2959.87,0.0,0.0,3042.4,0.9413943126533779,1.0,1395.7250848600024,1000.0,1395.7250848600024,1000.0,0.0,0.0
10098,1708884060000.0,0.0,0.0,0.0,2959.87,0.0,0.0,3065.0,0.9413943126533779,1.0,1395.7250848600024,1000.0,1395.7250848600024,1000.0,0.0,0.0
10099,1708887660000.0,0.0,0.0,0.0,2959.87,0.0,0.0,3066.39,0.9413943126533779,1.0,1395.7250848600024,1000.0,1395.7250848600024,1000.0,0.0,0.0
10100,1708891260000.0,0.0,0.0,0.0,2959.87,0.0,0.0,3086.31,0.9413943126533779,1.0,1395.7250848600024,1000.0,1395.7250848600024,1000.0,0.0,0.0
10101,1708894860000.0,0.0,0.0,0.0,2959.87,0.0,0.0,3101.7,0.9413943126533779,1.0,1395.7250848600024,1000.0,1395.7250848600024,1000.0,0.0,0.0
10102,1708898460000.0,0.0,0.0,0.0,2959.87,0.0,0.0,3110.15,0.9413943126533779,1.0,1395.7250848600024,1000.0,1395.7250848600024,1000.0,0.0,0.0
10103,1708902060000.0,0.0,0.0,0.0,2959.87,0.0,0.0,3107.34,0.9413943126533779,1.0,1395.7250848600024,1000.0,1395.7250848600024,1000.0,0.0,0.0
10104,1708905660000.0,0.0,0.0,0.0,2959.87,0.0,0.0,3114.14,0.9413943126533779,1.0,1395.7250848600024,1000.0,1395.7250848600024,1000.0,0.0,0.0
10105,1708909260000.0,0.0,0.0,0.0,2959.87,0.0,0.0,3118.44,0.9413943126533779,1.0,1395.7250848600024,1000.0,1395.7250848600024,1000.0,0.0,0.0
10106,1708912860000.0,0.0,0.0,0.0,2959.87,0.0,0.0,3111.1,0.9413943126533779,1.0,1395.7250848600024,1000.0,1395.7250848600024,1000.0,0.0,0.0
10107,1708916460000.0,0.0,0.0,0.0,2959.87,0.0,0.0,3096.1,0.9413943126533779,1.0,1395.7250848600024,1000.0,1395.7250848600024,1000.0,0.0,0.0
10108,1708920060000.0,0.0,0.0,0.0,2959.87,0.0,0.0,3107.16,0.9413943126533779,1.0,1395.7250848600024,1000.0,1395.7250848600024,1000.0,0.0,0.0
10109,1708923660000.0,0.0,0.0,0.0,2959.87,0.0,0.0,3108.47,0.9413943126533779,1.0,1395.7250848600024,1000.0,1395.7250848600024,1000.0,0.0,0.0
10110,1708927260000.0,0.0,0.0,0.0,2959.87,0.0,0.0,3108.79,0.9413943126533779,1.0,1395.7250848600024,1000.0,1395.7250848600024,1000.0,0.0,0.0
10111,1708930860000.0,0.0,0.0,0.0,2959.87,0.0,0.0,3112.92,0.9413943126533779,1.0,1395.7250848600024,1000.0,1395.7250848600024,1000.0,0.0,0.0
10112,1708934460000.0,0.0,0.0,0.0,2959.87,0.0,0.0,3092.68,0.9413943126533779,1.0,1395.7250848600024,1000.0,1395.7250848600024,1000.0,0.0,0.0
10113,1708938060000.0,0.0,0.0,0.0,2959.87,0.0,0.0,3095.21,0.9413943126533779,1.0,1395.7250848600024,1000.0,1395.7250848600024,1000.0,0.0,0.0
10114,1708941660000.0,0.0,0.0,0.02,3065.67,0.0,0.0,3049.31,0.9413943126533779,1.0,1395.7128221800024,1000.0,1395.3856221800024,1000.0,0.04392981064989638,0.0
10115,1708945260000.0,0.0,0.0,0.02,3065.67,0.0,0.0,3060.99,0.9413943126533779,1.0,1395.7128221800024,1000.0,1395.6192221800025,1000.0,0.04392981064989638,0.0
10116,1708948860000.0,0.0,0.0,0.02,3065.67,0.0,0.0,3059.4,0.9413943126533779,1.0,1395.7128221800024,1000.0,1395.5874221800025,1000.0,0.04392981064989638,0.0
10117,1708952460000.0,0.0,0.0,0.02,3065.67,0.0,0.0,3063.59,0.9413943126533779,1.0,1395.7128221800024,1000.0,1395.6712221800024,1000.0,0.04392981064989638,0.0
10118,1708956060000.0,0.0,0.0,0.02,3065.67,0.0,0.0,3064.19,0.9413943126533779,1.0,1395.7128221800024,1000.0,1395.6832221800023,1000.0,0.04392981064989638,0.0
10119,1708959660000.0,0.0,0.0,0.0,3065.67,0.0,0.0,3104.8,0.9413943126533779,1.0,1396.1472701400023,1000.0,1396.1472701400023,1000.0,0.0,0.0
10120,1708963260000.0,0.0,0.0,0.0,3065.67,0.0,0.0,3159.6,0.9413943126533779,1.0,1396.1472701400023,1000.0,1396.1472701400023,1000.0,0.0,0.0
10121,1708966860000.0,0.0,0.0,0.0,3065.67,0.0,0.0,3155.9,0.9413943126533779,1.0,1396.1472701400023,1000.0,1396.1472701400023,1000.0,0.0,0.0
10122,1708970460000.0,0.0,0.0,0.0,3065.67,0.0,0.0,3146.79,0.9413943126533779,1.0,1396.1472701400023,1000.0,1396.1472701400023,1000.0,0.0,0.0
10123,1708974060000.0,0.0,0.0,0.0,3065.67,0.0,0.0,3135.38,0.9413943126533779,1.0,1396.1472701400023,1000.0,1396.1472701400023,1000.0,0.0,0.0
10124,1708977660000.0,0.0,0.0,0.0,3065.67,0.0,0.0,3183.58,0.9413943126533779,1.0,1396.1472701400023,1000.0,1396.1472701400023,1000.0,0.0,0.0
10125,1708981260000.0,0.0,0.0,0.0,3065.67,0.0,0.0,3181.5,0.9413943126533779,1.0,1396.1472701400023,1000.0,1396.1472701400023,1000.0,0.0,0.0
10126,1708984860000.0,0.0,0.0,0.0,3065.67,0.0,0.0,3187.04,0.9413943126533779,1.0,1396.1472701400023,1000.0,1396.1472701400023,1000.0,0.0,0.0
10127,1708988460000.0,0.0,0.0,0.0,3065.67,0.0,0.0,3182.0,0.9413943126533779,1.0,1396.1472701400023,1000.0,1396.1472701400023,1000.0,0.0,0.0
10128,1708992060000.0,0.0,0.0,0.0,3065.67,0.0,0.0,3178.78,0.9413943126533779,1.0,1396.1472701400023,1000.0,1396.1472701400023,1000.0,0.0,0.0
10129,1708995660000.0,0.0,0.0,0.0,3065.67,0.0,0.0,3173.7,0.9413943126533779,1.0,1396.1472701400023,1000.0,1396.1472701400023,1000.0,0.0,0.0
10130,1708999260000.0,0.0,0.0,0.0,3065.67,0.0,0.0,3221.94,0.9413943126533779,1.0,1396.1472701400023,1000.0,1396.1472701400023,1000.0,0.0,0.0
10131,1709002860000.0,0.0,0.0,0.0,3065.67,0.0,0.0,3250.74,0.9413943126533779,1.0,1396.1472701400023,1000.0,1396.1472701400023,1000.0,0.0,0.0
10132,1709006460000.0,0.0,0.0,0.0,3065.67,0.0,0.0,3226.02,0.9413943126533779,1.0,1396.1472701400023,1000.0,1396.1472701400023,1000.0,0.0,0.0
10133,1709010060000.0,0.0,0.0,0.0,3065.67,0.0,0.0,3210.95,0.9413943126533779,1.0,1396.1472701400023,1000.0,1396.1472701400023,1000.0,0.0,0.0
10134,1709013660000.0,0.0,0.0,0.0,3065.67,0.0,0.0,3225.12,0.9413943126533779,1.0,1396.1472701400023,1000.0,1396.1472701400023,1000.0,0.0,0.0
10135,1709017260000.0,0.0,0.0,0.0,3065.67,0.0,0.0,3230.83,0.9413943126533779,1.0,1396.1472701400023,1000.0,1396.1472701400023,1000.0,0.0,0.0
10136,1709020860000.0,0.0,0.0,0.0,3065.67,0.0,0.0,3222.96,0.9413943126533779,1.0,1396.1472701400023,1000.0,1396.1472701400023,1000.0,0.0,0.0
10137,1709024460000.0,0.0,0.0,0.0,3065.67,0.0,0.0,3224.7,0.9413943126533779,1.0,1396.1472701400023,1000.0,1396.1472701400023,1000.0,0.0,0.0
10138,1709028060000.0,0.0,0.0,0.0,3065.67,0.0,0.0,3257.7,0.9413943126533779,1.0,1396.1472701400023,1000.0,1396.1472701400023,1000.0,0.0,0.0
10139,1709031660000.0,0.0,0.0,0.0,3065.67,0.0,0.0,3259.21,0.9413943126533779,1.0,1396.1472701400023,1000.0,1396.1472701400023,1000.0,0.0,0.0
10140,1709035260000.0,0.0,0.0,0.0,3065.67,0.0,0.0,3257.99,0.9413943126533779,1.0,1396.1472701400023,1000.0,1396.1472701400023,1000.0,0.0,0.0
10141,1709038860000.0,0.0,0.0,0.0,3065.67,0.0,0.0,3249.38,0.9413943126533779,1.0,1396.1472701400023,1000.0,1396.1472701400023,1000.0,0.0,0.0
10142,1709042460000.0,0.0,0.0,0.0,3065.67,0.0,0.0,3269.09,0.9413943126533779,1.0,1396.1472701400023,1000.0,1396.1472701400023,1000.0,0.0,0.0
10143,1709046060000.0,0.0,0.0,0.0,3065.67,0.0,0.0,3264.73,0.9413943126533779,1.0,1396.1472701400023,1000.0,1396.1472701400023,1000.0,0.0,0.0
10144,1709049660000.0,0.0,0.0,0.0,3065.67,0.0,0.0,3234.68,0.9413943126533779,1.0,1396.1472701400023,1000.0,1396.1472701400023,1000.0,0.0,0.0
10145,1709053260000.0,0.0,0.0,0.0,3065.67,0.0,0.0,3238.06,0.9413943126533779,1.0,1396.1472701400023,1000.0,1396.1472701400023,1000.0,0.0,0.0
10146,1709056860000.0,0.0,0.0,0.0,3065.67,0.0,0.0,3225.54,0.9413943126533779,1.0,1396.1472701400023,1000.0,1396.1472701400023,1000.0,0.0,0.0
10147,1709060460000.0,0.0,0.0,0.0,3065.67,0.0,0.0,3240.65,0.9413943126533779,1.0,1396.1472701400023,1000.0,1396.1472701400023,1000.0,0.0,0.0
10148,1709064060000.0,0.0,0.0,0.0,3065.67,0.0,0.0,3248.91,0.9413943126533779,1.0,1396.1472701400023,1000.0,1396.1472701400023,1000.0,0.0,0.0
10149,1709067660000.0,0.0,0.0,0.0,3065.67,0.0,0.0,3254.31,0.9413943126533779,1.0,1396.1472701400023,1000.0,1396.1472701400023,1000.0,0.0,0.0
10150,1709071260000.0,0.0,0.0,0.0,3065.67,0.0,0.0,3249.94,0.9413943126533779,1.0,1396.1472701400023,1000.0,1396.1472701400023,1000.0,0.0,0.0
10151,1709074860000.0,0.0,0.0,0.0,3065.67,0.0,0.0,3249.71,0.9413943126533779,1.0,1396.1472701400023,1000.0,1396.1472701400023,1000.0,0.0,0.0
10152,1709078460000.0,0.0,0.0,0.0,3065.67,0.0,0.0,3245.3,0.9413943126533779,1.0,1396.1472701400023,1000.0,1396.1472701400023,1000.0,0.0,0.0
10153,1709082060000.0,0.0,0.0,0.0,3065.67,0.0,0.0,3257.62,0.9413943126533779,1.0,1396.1472701400023,1000.0,1396.1472701400023,1000.0,0.0,0.0
10154,1709085660000.0,0.0,0.0,0.0,3065.67,0.0,0.0,3240.96,0.9413943126533779,1.0,1396.1472701400023,1000.0,1396.1472701400023,1000.0,0.0,0.0
10155,1709089260000.0,0.0,0.0,0.0,3065.67,0.0,0.0,3246.39,0.9413943126533779,1.0,1396.1472701400023,1000.0,1396.1472701400023,1000.0,0.0,0.0
10156,1709092860000.0,0.0,0.0,0.0,3065.67,0.0,0.0,3249.33,0.9413943126533779,1.0,1396.1472701400023,1000.0,1396.1472701400023,1000.0,0.0,0.0
10157,1709096460000.0,0.0,0.0,0.0,3065.67,0.0,0.0,3264.56,0.9413943126533779,1.0,1396.1472701400023,1000.0,1396.1472701400023,1000.0,0.0,0.0
10158,1709100060000.0,0.0,0.0,0.0,3065.67,0.0,0.0,3256.32,0.9413943126533779,1.0,1396.1472701400023,1000.0,1396.1472701400023,1000.0,0.0,0.0
10159,1709103660000.0,0.0,0.0,0.0,3065.67,0.0,0.0,3259.85,0.9413943126533779,1.0,1396.1472701400023,1000.0,1396.1472701400023,1000.0,0.0,0.0
10160,1709107260000.0,0.0,0.0,0.0,3065.67,0.0,0.0,3306.3,0.9413943126533779,1.0,1396.1472701400023,1000.0,1396.1472701400023,1000.0,0.0,0.0
10161,1709110860000.0,0.0,0.0,0.0,3065.67,0.0,0.0,3323.04,0.9413943126533779,1.0,1396.1472701400023,1000.0,1396.1472701400023,1000.0,0.0,0.0
10162,1709114460000.0,0.0,0.0,0.0,3065.67,0.0,0.0,3372.81,0.9413943126533779,1.0,1396.1472701400023,1000.0,1396.1472701400023,1000.0,0.0,0.0
10163,1709118060000.0,0.0,0.0,0.0,3065.67,0.0,0.0,3351.5,0.9413943126533779,1.0,1396.1472701400023,1000.0,1396.1472701400023,1000.0,0.0,0.0
10164,1709121660000.0,0.0,0.0,0.0,3065.67,0.0,0.0,3298.01,0.9413943126533779,1.0,1396.1472701400023,1000.0,1396.1472701400023,1000.0,0.0,0.0
10165,1709125260000.0,0.0,0.0,0.0,3065.67,0.0,0.0,3315.31,0.9413943126533779,1.0,1396.1472701400023,1000.0,1396.1472701400023,1000.0,0.0,0.0
10166,1709128860000.0,0.0,0.0,0.0,3065.67,0.0,0.0,3358.98,0.9413943126533779,1.0,1396.1472701400023,1000.0,1396.1472701400023,1000.0,0.0,0.0
10167,1709132460000.0,0.0,0.0,0.0,3065.67,0.0,0.0,3358.31,0.9413943126533779,1.0,1396.1472701400023,1000.0,1396.1472701400023,1000.0,0.0,0.0
10168,1709136060000.0,0.0,0.0,0.0,3065.67,0.0,0.0,3357.59,0.9413943126533779,1.0,1396.1472701400023,1000.0,1396.1472701400023,1000.0,0.0,0.0
10169,1709139660000.0,0.0,0.0,0.0,3065.67,0.0,0.0,3419.25,0.9413943126533779,1.0,1396.1472701400023,1000.0,1396.1472701400023,1000.0,0.0,0.0
10170,1709143260000.0,0.0,0.0,0.0,3197.955714285714,0.0,0.0,3335.41,0.9413943126533779,1.0,1409.5983580400025,1000.0,1409.5983580400025,1000.0,0.0,0.0
10171,1709146860000.0,0.0,0.0,0.0,3247.0959999999995,0.0,0.0,3328.75,0.9413943126533779,1.0,1412.2221537200035,1000.0,1412.2221537200035,1000.0,0.0,0.0
10172,1709150460000.0,0.0,0.0,0.02,3289.42,0.0,0.0,3300.01,0.9413943126533779,1.0,1412.2089960400035,1000.0,1412.4207960400036,1000.0,0.04658545596613407,0.0
10173,1709154060000.0,0.0,0.0,0.02,3289.42,0.0,0.0,3295.19,0.9413943126533779,1.0,1412.2089960400035,1000.0,1412.3243960400034,1000.0,0.04658545596613407,0.0
10174,1709157660000.0,0.0,0.0,0.0,3289.42,0.0,0.0,3331.35,0.9413943126533779,1.0,1412.6751424800036,1000.0,1412.6751424800036,1000.0,0.0,0.0
10175,1709161260000.0,0.0,0.0,0.0,3289.42,0.0,0.0,3344.96,0.9413943126533779,1.0,1412.6751424800036,1000.0,1412.6751424800036,1000.0,0.0,0.0
10176,1709164860000.0,0.0,0.0,0.0,3289.42,0.0,0.0,3382.13,0.9413943126533779,1.0,1412.6751424800036,1000.0,1412.6751424800036,1000.0,0.0,0.0
10177,1709168460000.0,0.0,0.0,0.0,3289.42,0.0,0.0,3447.03,0.9413943126533779,1.0,1412.6751424800036,1000.0,1412.6751424800036,1000.0,0.0,0.0
10178,1709172060000.0,0.0,0.0,0.0,3289.42,0.0,0.0,3419.0,0.9413943126533779,1.0,1412.6751424800036,1000.0,1412.6751424800036,1000.0,0.0,0.0
10179,1709175660000.0,0.0,0.0,0.0,3289.42,0.0,0.0,3404.49,0.9413943126533779,1.0,1412.6751424800036,1000.0,1412.6751424800036,1000.0,0.0,0.0
10180,1709179260000.0,0.0,0.0,0.0,3289.42,0.0,0.0,3405.03,0.9413943126533779,1.0,1412.6751424800036,1000.0,1412.6751424800036,1000.0,0.0,0.0
10181,1709182860000.0,0.0,0.0,0.0,3289.42,0.0,0.0,3447.53,0.9413943126533779,1.0,1412.6751424800036,1000.0,1412.6751424800036,1000.0,0.0,0.0
10182,1709186460000.0,0.0,0.0,0.0,3289.42,0.0,0.0,3473.91,0.9413943126533779,1.0,1412.6751424800036,1000.0,1412.6751424800036,1000.0,0.0,0.0
10183,1709190060000.0,0.0,0.0,0.0,3289.42,0.0,0.0,3474.27,0.9413943126533779,1.0,1412.6751424800036,1000.0,1412.6751424800036,1000.0,0.0,0.0
10184,1709193660000.0,0.0,0.0,0.0,3289.42,0.0,0.0,3476.37,0.9413943126533779,1.0,1412.6751424800036,1000.0,1412.6751424800036,1000.0,0.0,0.0
10185,1709197260000.0,0.0,0.0,0.0,3289.42,0.0,0.0,3488.85,0.9413943126533779,1.0,1412.6751424800036,1000.0,1412.6751424800036,1000.0,0.0,0.0
10186,1709200860000.0,0.0,0.0,0.0,3289.42,0.0,0.0,3459.51,0.9413943126533779,1.0,1412.6751424800036,1000.0,1412.6751424800036,1000.0,0.0,0.0
10187,1709204460000.0,0.0,0.0,0.0,3289.42,0.0,0.0,3477.53,0.9413943126533779,1.0,1412.6751424800036,1000.0,1412.6751424800036,1000.0,0.0,0.0
10188,1709208060000.0,0.0,0.0,0.0,3289.42,0.0,0.0,3512.66,0.9413943126533779,1.0,1412.6751424800036,1000.0,1412.6751424800036,1000.0,0.0,0.0
10189,1709211660000.0,0.0,0.0,0.0,3289.42,0.0,0.0,3473.17,0.9413943126533779,1.0,1412.6751424800036,1000.0,1412.6751424800036,1000.0,0.0,0.0
10190,1709215260000.0,0.0,0.0,0.0,3289.42,0.0,0.0,3488.55,0.9413943126533779,1.0,1412.6751424800036,1000.0,1412.6751424800036,1000.0,0.0,0.0
10191,1709218860000.0,0.0,0.0,0.0,3289.42,0.0,0.0,3465.41,0.9413943126533779,1.0,1412.6751424800036,1000.0,1412.6751424800036,1000.0,0.0,0.0
10192,1709222460000.0,0.0,0.0,0.0,3289.42,0.0,0.0,3466.38,0.9413943126533779,1.0,1412.6751424800036,1000.0,1412.6751424800036,1000.0,0.0,0.0
10193,1709226060000.0,0.0,0.0,0.0,3412.75,0.0,0.0,3449.08,0.9413943126533779,1.0,1413.1451410000038,1000.0,1413.1451410000038,1000.0,0.0,0.0
10194,1709229660000.0,0.0,0.0,0.02,3413.09,0.0,0.0,3399.61,0.9413943126533779,1.0,1413.131488640004,1000.0,1412.8618886400038,1000.0,0.04830534210634219,0.0
10195,1709233260000.0,0.0,0.0,0.02,3413.09,0.0,0.0,3384.1,0.9413943126533779,1.0,1413.131488640004,1000.0,1412.551688640004,1000.0,0.04830534210634219,0.0
10196,1709236860000.0,0.0,0.0,0.02,3413.09,0.0,0.0,3408.04,0.9413943126533779,1.0,1413.131488640004,1000.0,1413.0304886400038,1000.0,0.04830534210634219,0.0
10197,1709240460000.0,0.0,0.0,0.02,3413.09,0.0,0.0,3398.29,0.9413943126533779,1.0,1413.131488640004,1000.0,1412.8354886400039,1000.0,0.04830534210634219,0.0
10198,1709244060000.0,0.0,0.0,0.05,3368.5879999999997,0.0,0.0,3359.08,0.9413943126533779,1.0,1413.111455120004,1000.0,1412.636055120004,1000.0,0.11919045690964034,0.0
10199,1709247660000.0,0.0,0.0,0.05,3368.5879999999997,0.0,0.0,3332.11,0.9413943126533779,1.0,1413.111455120004,1000.0,1411.287555120004,1000.0,0.11919045690964034,0.0
10200,1709251260000.0,0.0,0.0,0.05,3368.5879999999997,0.0,0.0,3346.88,0.9413943126533779,1.0,1413.111455120004,1000.0,1412.026055120004,1000.0,0.11919045690964034,0.0
10201,1709254860000.0,0.0,0.0,0.05,3368.5879999999997,0.0,0.0,3374.71,0.9413943126533779,1.0,1413.111455120004,1000.0,1413.417555120004,1000.0,0.11919045690964034,0.0
10202,1709258460000.0,0.0,0.0,0.05,3368.5879999999997,0.0,0.0,3375.24,0.9413943126533779,1.0,1413.111455120004,1000.0,1413.444055120004,1000.0,0.11919045690964034,0.0
10203,1709262060000.0,0.0,0.0,0.05,3368.5879999999997,0.0,0.0,3367.64,0.9413943126533779,1.0,1413.111455120004,1000.0,1413.064055120004,1000.0,0.11919045690964034,0.0
10204,1709265660000.0,0.0,0.0,0.05,3368.5879999999997,0.0,0.0,3369.6,0.9413943126533779,1.0,1413.111455120004,1000.0,1413.162055120004,1000.0,0.11919045690964034,0.0
10205,1709269260000.0,0.0,0.0,0.05,3368.5879999999997,0.0,0.0,3380.59,0.9413943126533779,1.0,1413.111455120004,1000.0,1413.711555120004,1000.0,0.11919045690964034,0.0
10206,1709272860000.0,0.0,0.0,0.05,3368.5879999999997,0.0,0.0,3373.51,0.9413943126533779,1.0,1413.111455120004,1000.0,1413.357555120004,1000.0,0.11919045690964034,0.0
10207,1709276460000.0,0.0,0.0,0.0,3368.5879999999997,0.0,0.0,3388.96,0.9413943126533779,1.0,1414.305123720004,1000.0,1414.305123720004,1000.0,0.0,0.0
10208,1709280060000.0,0.0,0.0,0.02,3369.61,0.0,0.0,3369.88,0.9413943126533779,1.0,1414.291645280004,1000.0,1414.297045280004,1000.0,0.047650850674902746,0.0
10209,1709283660000.0,0.0,0.0,0.0,3369.61,0.0,0.0,3421.05,0.9413943126533779,1.0,1415.1332957800041,1000.0,1415.1332957800041,1000.0,0.0,0.0
10210,1709287260000.0,0.0,0.0,0.0,3369.61,0.0,0.0,3427.43,0.9413943126533779,1.0,1415.1332957800041,1000.0,1415.1332957800041,1000.0,0.0,0.0
10211,1709290860000.0,0.0,0.0,0.0,3369.61,0.0,0.0,3411.08,0.9413943126533779,1.0,1415.1332957800041,1000.0,1415.1332957800041,1000.0,0.0,0.0
10212,1709294460000.0,0.0,0.0,0.0,3369.61,0.0,0.0,3419.1,0.9413943126533779,1.0,1415.1332957800041,1000.0,1415.1332957800041,1000.0,0.0,0.0
10213,1709298060000.0,0.0,0.0,0.0,3369.61,0.0,0.0,3427.61,0.9413943126533779,1.0,1415.1332957800041,1000.0,1415.1332957800041,1000.0,0.0,0.0
10214,1709301660000.0,0.0,0.0,0.0,3369.61,0.0,0.0,3443.3,0.9413943126533779,1.0,1415.1332957800041,1000.0,1415.1332957800041,1000.0,0.0,0.0
10215,1709305260000.0,0.0,0.0,0.0,3387.06,0.0,0.0,3426.55,0.9413943126533779,1.0,1415.5997005800036,1000.0,1415.5997005800036,1000.0,0.0,0.0
10216,1709308860000.0,0.0,0.0,0.02,3387.56,0.0,0.0,3398.46,0.9413943126533779,1.0,1415.5861503400035,1000.0,1415.8041503400036,1000.0,0.04786088079748953,0.0
10217,1709312460000.0,0.0,0.0,0.02,3387.56,0.0,0.0,3398.46,0.9413943126533779,1.0,1415.5861503400035,1000.0,1415.8041503400036,1000.0,0.04786088079748953,0.0
10218,1709316060000.0,0.0,0.0,0.0,3387.56,0.0,0.0,3417.91,0.9413943126533779,1.0,1416.0663013400037,1000.0,1416.0663013400037,1000.0,0.0,0.0
10219,1709319660000.0,0.0,0.0,0.0,3387.56,0.0,0.0,3438.9,0.9413943126533779,1.0,1416.0663013400037,1000.0,1416.0663013400037,1000.0,0.0,0.0
10220,1709323260000.0,0.0,0.0,0.0,3387.56,0.0,0.0,3437.26,0.9413943126533779,1.0,1416.0663013400037,1000.0,1416.0663013400037,1000.0,0.0,0.0
10221,1709326860000.0,0.0,0.0,0.0,3387.56,0.0,0.0,3439.69,0.9413943126533779,1.0,1416.0663013400037,1000.0,1416.0663013400037,1000.0,0.0,0.0
10222,1709330460000.0,0.0,0.0,0.0,3387.56,0.0,0.0,3428.66,0.9413943126533779,1.0,1416.0663013400037,1000.0,1416.0663013400037,1000.0,0.0,0.0
10223,1709334060000.0,0.0,0.0,0.0,3387.56,0.0,0.0,3438.94,0.9413943126533779,1.0,1416.0663013400037,1000.0,1416.0663013400037,1000.0,0.0,0.0
10224,1709337660000.0,0.0,0.0,0.0,3387.56,0.0,0.0,3432.43,0.9413943126533779,1.0,1416.0663013400037,1000.0,1416.0663013400037,1000.0,0.0,0.0
10225,1709341260000.0,0.0,0.0,0.0,3387.56,0.0,0.0,3454.06,0.9413943126533779,1.0,1416.0663013400037,1000.0,1416.0663013400037,1000.0,0.0,0.0
10226,1709344860000.0,0.0,0.0,0.0,3387.56,0.0,0.0,3439.87,0.9413943126533779,1.0,1416.0663013400037,1000.0,1416.0663013400037,1000.0,0.0,0.0
10227,1709348460000.0,0.0,0.0,0.0,3387.56,0.0,0.0,3439.8,0.9413943126533779,1.0,1416.0663013400037,1000.0,1416.0663013400037,1000.0,0.0,0.0
10228,1709352060000.0,0.0,0.0,0.0,3387.56,0.0,0.0,3447.22,0.9413943126533779,1.0,1416.0663013400037,1000.0,1416.0663013400037,1000.0,0.0,0.0
10229,1709355660000.0,0.0,0.0,0.0,3387.56,0.0,0.0,3433.94,0.9413943126533779,1.0,1416.0663013400037,1000.0,1416.0663013400037,1000.0,0.0,0.0
10230,1709359260000.0,0.0,0.0,0.02,3406.88,0.0,0.0,3421.74,0.9413943126533779,1.0,1416.0526738200037,1000.0,1416.3498738200037,1000.0,0.04811798406918658,0.0
10231,1709362860000.0,0.0,0.0,0.01,3406.88,0.0,0.0,3438.18,0.9413943126533779,1.0,1416.2941104000038,1000.0,1416.6071104000039,1000.0,0.024054890682541887,0.0
10232,1709366460000.0,0.0,0.0,0.0,3406.88,0.0,0.0,3438.61,0.9413943126533779,1.0,1416.5355469800038,1000.0,1416.5355469800038,1000.0,0.0,0.0
10233,1709370060000.0,0.0,0.0,0.02,3408.14,0.0,0.0,3423.55,0.9413943126533779,1.0,1416.521914420004,1000.0,1416.8301144200038,1000.0,0.04811983443821928,0.0
10234,1709373660000.0,0.0,0.0,0.02,3408.14,0.0,0.0,3409.36,0.9413943126533779,1.0,1416.521914420004,1000.0,1416.546314420004,1000.0,0.04811983443821928,0.0
10235,1709377260000.0,0.0,0.0,0.02,3408.14,0.0,0.0,3416.23,0.9413943126533779,1.0,1416.521914420004,1000.0,1416.683714420004,1000.0,0.04811983443821928,0.0
10236,1709380860000.0,0.0,0.0,0.02,3408.14,0.0,0.0,3408.22,0.9413943126533779,1.0,1416.521914420004,1000.0,1416.523514420004,1000.0,0.04811983443821928,0.0
10237,1709384460000.0,0.0,0.0,0.01,3408.14,0.0,0.0,3422.63,0.9413943126533779,1.0,1416.763448460004,1000.0,1416.908348460004,1000.0,0.024055815412972338,0.0
10238,1709388060000.0,0.0,0.0,0.01,3408.14,0.0,0.0,3406.88,0.9413943126533779,1.0,1416.763448460004,1000.0,1416.750848460004,1000.0,0.024055815412972338,0.0
10239,1709391660000.0,0.0,0.0,0.02,3406.17,0.0,0.0,3419.63,0.9413943126533779,1.0,1416.756640060004,1000.0,1417.025840060004,1000.0,0.0480840520338869,0.0
10240,1709395260000.0,0.0,0.0,0.02,3406.17,0.0,0.0,3423.84,0.9413943126533779,1.0,1416.756640060004,1000.0,1417.110040060004,1000.0,0.0480840520338869,0.0
10241,1709398860000.0,0.0,0.0,0.02,3406.17,0.0,0.0,3427.11,0.9413943126533779,1.0,1416.756640060004,1000.0,1417.175440060004,1000.0,0.0480840520338869,0.0
10242,1709402460000.0,0.0,0.0,0.0,3406.17,0.0,0.0,3419.87,0.9413943126533779,1.0,1417.239316100004,1000.0,1417.239316100004,1000.0,0.0,0.0
10243,1709406060000.0,0.0,0.0,0.0,3406.17,0.0,0.0,3430.58,0.9413943126533779,1.0,1417.239316100004,1000.0,1417.239316100004,1000.0,0.0,0.0
10244,1709409660000.0,0.0,0.0,0.0,3406.17,0.0,0.0,3431.67,0.9413943126533779,1.0,1417.239316100004,1000.0,1417.239316100004,1000.0,0.0,0.0
10245,1709413260000.0,0.0,0.0,0.0,3406.17,0.0,0.0,3411.69,0.9413943126533779,1.0,1417.239316100004,1000.0,1417.239316100004,1000.0,0.0,0.0
10246,1709416860000.0,0.0,0.0,0.0,3406.17,0.0,0.0,3409.48,0.9413943126533779,1.0,1417.239316100004,1000.0,1417.239316100004,1000.0,0.0,0.0
10247,1709420460000.0,0.0,0.0,0.0,3406.17,0.0,0.0,3413.72,0.9413943126533779,1.0,1417.239316100004,1000.0,1417.239316100004,1000.0,0.0,0.0
10248,1709424060000.0,0.0,0.0,0.0,3406.17,0.0,0.0,3423.43,0.9413943126533779,1.0,1417.239316100004,1000.0,1417.239316100004,1000.0,0.0,0.0
10249,1709427660000.0,0.0,0.0,0.0,3406.17,0.0,0.0,3432.0,0.9413943126533779,1.0,1417.239316100004,1000.0,1417.239316100004,1000.0,0.0,0.0
10250,1709431260000.0,0.0,0.0,0.0,3406.17,0.0,0.0,3429.64,0.9413943126533779,1.0,1417.239316100004,1000.0,1417.239316100004,1000.0,0.0,0.0
10251,1709434860000.0,0.0,0.0,0.0,3406.17,0.0,0.0,3419.0,0.9413943126533779,1.0,1417.239316100004,1000.0,1417.239316100004,1000.0,0.0,0.0
10252,1709438460000.0,0.0,0.0,0.0,3406.17,0.0,0.0,3435.45,0.9413943126533779,1.0,1417.239316100004,1000.0,1417.239316100004,1000.0,0.0,0.0
10253,1709442060000.0,0.0,0.0,0.0,3406.17,0.0,0.0,3445.32,0.9413943126533779,1.0,1417.239316100004,1000.0,1417.239316100004,1000.0,0.0,0.0
10254,1709445660000.0,0.0,0.0,0.0,3406.17,0.0,0.0,3424.66,0.9413943126533779,1.0,1417.239316100004,1000.0,1417.239316100004,1000.0,0.0,0.0
10255,1709449260000.0,0.0,0.0,0.0,3406.17,0.0,0.0,3415.54,0.9413943126533779,1.0,1417.239316100004,1000.0,1417.239316100004,1000.0,0.0,0.0
10256,1709452860000.0,0.0,0.0,0.02,3404.88,0.0,0.0,3399.75,0.9413943126533779,1.0,1417.225696580004,1000.0,1417.1230965800041,1000.0,0.04804993316472498,0.0
10257,1709456460000.0,0.0,0.0,0.02,3404.88,0.0,0.0,3399.35,0.9413943126533779,1.0,1417.225696580004,1000.0,1417.115096580004,1000.0,0.04804993316472498,0.0
10258,1709460060000.0,0.0,0.0,0.02,3404.88,0.0,0.0,3408.45,0.9413943126533779,1.0,1417.225696580004,1000.0,1417.297096580004,1000.0,0.04804993316472498,0.0
10259,1709463660000.0,0.0,0.0,0.02,3404.88,0.0,0.0,3399.36,0.9413943126533779,1.0,1417.225696580004,1000.0,1417.115296580004,1000.0,0.04804993316472498,0.0
10260,1709467260000.0,0.0,0.0,0.02,3404.88,0.0,0.0,3417.45,0.9413943126533779,1.0,1417.225696580004,1000.0,1417.4770965800042,1000.0,0.04804993316472498,0.0
10261,1709470860000.0,0.0,0.0,0.0,3404.88,0.0,0.0,3428.98,0.9413943126533779,1.0,1417.7081778200043,1000.0,1417.7081778200043,1000.0,0.0,0.0
10262,1709474460000.0,0.0,0.0,0.0,3404.88,0.0,0.0,3428.56,0.9413943126533779,1.0,1417.7081778200043,1000.0,1417.7081778200043,1000.0,0.0,0.0
10263,1709478060000.0,0.0,0.0,0.0,3404.88,0.0,0.0,3424.99,0.9413943126533779,1.0,1417.7081778200043,1000.0,1417.7081778200043,1000.0,0.0,0.0
10264,1709481660000.0,0.0,0.0,0.0,3404.88,0.0,0.0,3428.67,0.9413943126533779,1.0,1417.7081778200043,1000.0,1417.7081778200043,1000.0,0.0,0.0
10265,1709485260000.0,0.0,0.0,0.0,3404.88,0.0,0.0,3481.19,0.9413943126533779,1.0,1417.7081778200043,1000.0,1417.7081778200043,1000.0,0.0,0.0
10266,1709488860000.0,0.0,0.0,0.0,3404.88,0.0,0.0,3465.75,0.9413943126533779,1.0,1417.7081778200043,1000.0,1417.7081778200043,1000.0,0.0,0.0
10267,1709492460000.0,0.0,0.0,0.0,3404.88,0.0,0.0,3475.36,0.9413943126533779,1.0,1417.7081778200043,1000.0,1417.7081778200043,1000.0,0.0,0.0
10268,1709496060000.0,0.0,0.0,0.0,3404.88,0.0,0.0,3470.24,0.9413943126533779,1.0,1417.7081778200043,1000.0,1417.7081778200043,1000.0,0.0,0.0
10269,1709499660000.0,0.0,0.0,0.0,3404.88,0.0,0.0,3471.49,0.9413943126533779,1.0,1417.7081778200043,1000.0,1417.7081778200043,1000.0,0.0,0.0
10270,1709503260000.0,0.0,0.0,0.0,3404.88,0.0,0.0,3478.97,0.9413943126533779,1.0,1417.7081778200043,1000.0,1417.7081778200043,1000.0,0.0,0.0
10271,1709506860000.0,0.0,0.0,0.0,3404.88,0.0,0.0,3474.22,0.9413943126533779,1.0,1417.7081778200043,1000.0,1417.7081778200043,1000.0,0.0,0.0
10272,1709510460000.0,0.0,0.0,0.0,3404.88,0.0,0.0,3489.89,0.9413943126533779,1.0,1417.7081778200043,1000.0,1417.7081778200043,1000.0,0.0,0.0
10273,1709514060000.0,0.0,0.0,0.0,3432.46,0.0,0.0,3493.22,0.9413943126533779,1.0,1418.5518438800043,1000.0,1418.5518438800043,1000.0,0.0,0.0
10274,1709517660000.0,0.0,0.0,0.0,3432.46,0.0,0.0,3477.61,0.9413943126533779,1.0,1418.5518438800043,1000.0,1418.5518438800043,1000.0,0.0,0.0
10275,1709521260000.0,0.0,0.0,0.0,3432.46,0.0,0.0,3483.34,0.9413943126533779,1.0,1418.5518438800043,1000.0,1418.5518438800043,1000.0,0.0,0.0
10276,1709524860000.0,0.0,0.0,0.0,3432.46,0.0,0.0,3475.28,0.9413943126533779,1.0,1418.5518438800043,1000.0,1418.5518438800043,1000.0,0.0,0.0
10277,1709528460000.0,0.0,0.0,0.0,3432.46,0.0,0.0,3484.32,0.9413943126533779,1.0,1418.5518438800043,1000.0,1418.5518438800043,1000.0,0.0,0.0
10278,1709532060000.0,0.0,0.0,0.0,3432.46,0.0,0.0,3468.12,0.9413943126533779,1.0,1418.5518438800043,1000.0,1418.5518438800043,1000.0,0.0,0.0
10279,1709535660000.0,0.0,0.0,0.0,3432.46,0.0,0.0,3471.9,0.9413943126533779,1.0,1418.5518438800043,1000.0,1418.5518438800043,1000.0,0.0,0.0
10280,1709539260000.0,0.0,0.0,0.0,3432.46,0.0,0.0,3485.43,0.9413943126533779,1.0,1418.5518438800043,1000.0,1418.5518438800043,1000.0,0.0,0.0
10281,1709542860000.0,0.0,0.0,0.0,3432.46,0.0,0.0,3538.91,0.9413943126533779,1.0,1418.5518438800043,1000.0,1418.5518438800043,1000.0,0.0,0.0
10282,1709546460000.0,0.0,0.0,0.0,3432.46,0.0,0.0,3519.37,0.9413943126533779,1.0,1418.5518438800043,1000.0,1418.5518438800043,1000.0,0.0,0.0
10283,1709550060000.0,0.0,0.0,0.0,3432.46,0.0,0.0,3506.55,0.9413943126533779,1.0,1418.5518438800043,1000.0,1418.5518438800043,1000.0,0.0,0.0
10284,1709553660000.0,0.0,0.0,0.0,3432.46,0.0,0.0,3506.4,0.9413943126533779,1.0,1418.5518438800043,1000.0,1418.5518438800043,1000.0,0.0,0.0
10285,1709557260000.0,0.0,0.0,0.0,3432.46,0.0,0.0,3510.61,0.9413943126533779,1.0,1418.5518438800043,1000.0,1418.5518438800043,1000.0,0.0,0.0
10286,1709560860000.0,0.0,0.0,0.0,3432.46,0.0,0.0,3492.06,0.9413943126533779,1.0,1418.5518438800043,1000.0,1418.5518438800043,1000.0,0.0,0.0
10287,1709564460000.0,0.0,0.0,0.0,3464.18,0.0,0.0,3531.72,0.9413943126533779,1.0,1419.0288294800043,1000.0,1419.0288294800043,1000.0,0.0,0.0
10288,1709568060000.0,0.0,0.0,0.0,3464.18,0.0,0.0,3559.05,0.9413943126533779,1.0,1419.0288294800043,1000.0,1419.0288294800043,1000.0,0.0,0.0
10289,1709571660000.0,0.0,0.0,0.0,3464.18,0.0,0.0,3551.05,0.9413943126533779,1.0,1419.0288294800043,1000.0,1419.0288294800043,1000.0,0.0,0.0
10290,1709575260000.0,0.0,0.0,0.0,3464.18,0.0,0.0,3553.75,0.9413943126533779,1.0,1419.0288294800043,1000.0,1419.0288294800043,1000.0,0.0,0.0
10291,1709578860000.0,0.0,0.0,0.0,3464.18,0.0,0.0,3592.08,0.9413943126533779,1.0,1419.0288294800043,1000.0,1419.0288294800043,1000.0,0.0,0.0
10292,1709582460000.0,0.0,0.0,0.0,3464.18,0.0,0.0,3593.13,0.9413943126533779,1.0,1419.0288294800043,1000.0,1419.0288294800043,1000.0,0.0,0.0
10293,1709586060000.0,0.0,0.0,0.0,3464.18,0.0,0.0,3592.19,0.9413943126533779,1.0,1419.0288294800043,1000.0,1419.0288294800043,1000.0,0.0,0.0
10294,1709589660000.0,0.0,0.0,0.0,3464.18,0.0,0.0,3586.08,0.9413943126533779,1.0,1419.0288294800043,1000.0,1419.0288294800043,1000.0,0.0,0.0
10295,1709593260000.0,0.0,0.0,0.0,3464.18,0.0,0.0,3614.16,0.9413943126533779,1.0,1419.0288294800043,1000.0,1419.0288294800043,1000.0,0.0,0.0
10296,1709596860000.0,0.0,0.0,0.0,3464.18,0.0,0.0,3625.5,0.9413943126533779,1.0,1419.0288294800043,1000.0,1419.0288294800043,1000.0,0.0,0.0
10297,1709600460000.0,0.0,0.0,0.0,3464.18,0.0,0.0,3620.25,0.9413943126533779,1.0,1419.0288294800043,1000.0,1419.0288294800043,1000.0,0.0,0.0
10298,1709604060000.0,0.0,0.0,0.0,3464.18,0.0,0.0,3642.04,0.9413943126533779,1.0,1419.0288294800043,1000.0,1419.0288294800043,1000.0,0.0,0.0
10299,1709607660000.0,0.0,0.0,0.0,3464.18,0.0,0.0,3622.8,0.9413943126533779,1.0,1419.0288294800043,1000.0,1419.0288294800043,1000.0,0.0,0.0
10300,1709611260000.0,0.0,0.0,0.0,3464.18,0.0,0.0,3712.46,0.9413943126533779,1.0,1419.0288294800043,1000.0,1419.0288294800043,1000.0,0.0,0.0
10301,1709614860000.0,0.0,0.0,0.0,3464.18,0.0,0.0,3686.33,0.9413943126533779,1.0,1419.0288294800043,1000.0,1419.0288294800043,1000.0,0.0,0.0
10302,1709618460000.0,0.0,0.0,0.0,3464.18,0.0,0.0,3714.18,0.9413943126533779,1.0,1419.0288294800043,1000.0,1419.0288294800043,1000.0,0.0,0.0
10303,1709622060000.0,0.0,0.0,0.0,3464.18,0.0,0.0,3720.52,0.9413943126533779,1.0,1419.0288294800043,1000.0,1419.0288294800043,1000.0,0.0,0.0
10304,1709625660000.0,0.0,0.0,0.0,3464.18,0.0,0.0,3687.53,0.9413943126533779,1.0,1419.0288294800043,1000.0,1419.0288294800043,1000.0,0.0,0.0
10305,1709629260000.0,0.0,0.0,0.0,3464.18,0.0,0.0,3693.53,0.9413943126533779,1.0,1419.0288294800043,1000.0,1419.0288294800043,1000.0,0.0,0.0
10306,1709632860000.0,0.0,0.0,0.0,3464.18,0.0,0.0,3697.86,0.9413943126533779,1.0,1419.0288294800043,1000.0,1419.0288294800043,1000.0,0.0,0.0
10307,1709636460000.0,0.0,0.0,0.0,3464.18,0.0,0.0,3724.34,0.9413943126533779,1.0,1419.0288294800043,1000.0,1419.0288294800043,1000.0,0.0,0.0
10308,1709640060000.0,0.0,0.0,0.0,3464.18,0.0,0.0,3745.99,0.9413943126533779,1.0,1419.0288294800043,1000.0,1419.0288294800043,1000.0,0.0,0.0
10309,1709643660000.0,0.0,0.0,0.0,3464.18,0.0,0.0,3764.31,0.9413943126533779,1.0,1419.0288294800043,1000.0,1419.0288294800043,1000.0,0.0,0.0
10310,1709647260000.0,0.0,0.0,0.0,3464.18,0.0,0.0,3775.08,0.9413943126533779,1.0,1419.0288294800043,1000.0,1419.0288294800043,1000.0,0.0,0.0
10311,1709650860000.0,0.0,0.0,0.0,3464.18,0.0,0.0,3815.55,0.9413943126533779,1.0,1419.0288294800043,1000.0,1419.0288294800043,1000.0,0.0,0.0
10312,1709654460000.0,0.0,0.0,0.0,3464.18,0.0,0.0,3786.35,0.9413943126533779,1.0,1419.0288294800043,1000.0,1419.0288294800043,1000.0,0.0,0.0
10313,1709658060000.0,0.0,0.0,0.0,3464.18,0.0,0.0,3677.48,0.9413943126533779,1.0,1419.0288294800043,1000.0,1419.0288294800043,1000.0,0.0,0.0
10314,1709661660000.0,0.0,0.0,0.01,3638.6724999999997,0.0,0.0,3684.52,0.9413943126533779,1.0,1420.4096212400048,1000.0,1420.8680962400047,1000.0,0.025617064581859646,0.0
10315,1709665260000.0,0.0,0.0,0.02,3657.178125,0.0,0.0,3621.47,0.9413943126533779,1.0,1420.653649940005,1000.0,1419.939487440005,1000.0,0.051485851250999075,0.0
10316,1709668860000.0,26.604248292671137,0.0,0.41,3490.950640243903,0.0,0.0,3420.17,0.9413943126533779,1.0,1420.382020700005,1000.0,1391.3619582000047,1000.0,1.0076794423197637,0.0
10317,1709672460000.0,26.604248292671137,0.0,0.41,3490.950640243903,0.0,0.0,3416.62,0.9413943126533779,1.0,1420.382020700005,1000.0,1389.9064582000046,1000.0,1.0076794423197637,0.0
10318,1709676060000.0,0.0,0.0,0.08,3490.950640243903,0.0,0.0,3524.41,0.9413943126533779,1.0,1428.5449276795168,1000.0,1431.2216764600046,1000.0,0.19549686244251302,0.0
10319,1709679660000.0,0.0,0.0,0.06,3490.950640243903,0.0,0.0,3504.5,0.9413943126533779,1.0,1429.0396493146388,1000.0,1429.8526109000047,1000.0,0.14657188729164292,0.0
10320,1709683260000.0,0.0,0.0,0.02,3564.698790015244,0.0,0.0,3561.76,0.9413943126533779,1.0,1431.4390587003097,1000.0,1431.3802829000049,1000.0,0.04980580581966025,0.0
10321,1709686860000.0,0.0,0.0,0.02,3586.13,0.0,0.0,3571.97,0.9413943126533779,1.0,1431.929775700005,1000.0,1431.6465757000049,1000.0,0.050088070809853856,0.0
10322,1709690460000.0,0.0,0.0,0.02,3586.13,0.0,0.0,3511.13,0.9413943126533779,1.0,1431.929775700005,1000.0,1430.429775700005,1000.0,0.050088070809853856,0.0
10323,1709694060000.0,0.0,0.0,0.05,3539.3,0.0,0.0,3522.45,0.9413943126533779,1.0,1431.908727220005,1000.0,1431.066227220005,1000.0,0.12358678778609772,0.0
10324,1709697660000.0,0.0,0.0,0.05,3539.3,0.0,0.0,3540.59,0.9413943126533779,1.0,1431.908727220005,1000.0,1431.973227220005,1000.0,0.12358678778609772,0.0
10325,1709701260000.0,0.0,0.0,0.0,3539.3,0.0,0.0,3659.53,0.9413943126533779,1.0,1433.5450998000047,1000.0,1433.5450998000047,1000.0,0.0,0.0
10326,1709704860000.0,0.0,0.0,0.0,3539.3,0.0,0.0,3769.37,0.9413943126533779,1.0,1433.5450998000047,1000.0,1433.5450998000047,1000.0,0.0,0.0
10327,1709708460000.0,0.0,0.0,0.0,3539.3,0.0,0.0,3754.69,0.9413943126533779,1.0,1433.5450998000047,1000.0,1433.5450998000047,1000.0,0.0,0.0
10328,1709712060000.0,0.0,0.0,0.0,3539.3,0.0,0.0,3796.42,0.9413943126533779,1.0,1433.5450998000047,1000.0,1433.5450998000047,1000.0,0.0,0.0
10329,1709715660000.0,0.0,0.0,0.0,3539.3,0.0,0.0,3836.14,0.9413943126533779,1.0,1433.5450998000047,1000.0,1433.5450998000047,1000.0,0.0,0.0
10330,1709719260000.0,0.0,0.0,0.0,3539.3,0.0,0.0,3814.26,0.9413943126533779,1.0,1433.5450998000047,1000.0,1433.5450998000047,1000.0,0.0,0.0
10331,1709722860000.0,0.0,0.0,0.0,3539.3,0.0,0.0,3850.58,0.9413943126533779,1.0,1433.5450998000047,1000.0,1433.5450998000047,1000.0,0.0,0.0
10332,1709726460000.0,0.0,0.0,0.0,3539.3,0.0,0.0,3892.36,0.9413943126533779,1.0,1433.5450998000047,1000.0,1433.5450998000047,1000.0,0.0,0.0
10333,1709730060000.0,0.0,0.0,0.0,3539.3,0.0,0.0,3843.4,0.9413943126533779,1.0,1433.5450998000047,1000.0,1433.5450998000047,1000.0,0.0,0.0
10334,1709733660000.0,0.0,0.0,0.0,3539.3,0.0,0.0,3838.55,0.9413943126533779,1.0,1433.5450998000047,1000.0,1433.5450998000047,1000.0,0.0,0.0
10335,1709737260000.0,0.0,0.0,0.0,3539.3,0.0,0.0,3789.46,0.9413943126533779,1.0,1433.5450998000047,1000.0,1433.5450998000047,1000.0,0.0,0.0
10336,1709740860000.0,0.0,0.0,0.0,3539.3,0.0,0.0,3790.88,0.9413943126533779,1.0,1433.5450998000047,1000.0,1433.5450998000047,1000.0,0.0,0.0
10337,1709744460000.0,0.0,0.0,0.0,3539.3,0.0,0.0,3809.9,0.9413943126533779,1.0,1433.5450998000047,1000.0,1433.5450998000047,1000.0,0.0,0.0
10338,1709748060000.0,0.0,0.0,0.0,3539.3,0.0,0.0,3853.87,0.9413943126533779,1.0,1433.5450998000047,1000.0,1433.5450998000047,1000.0,0.0,0.0
10339,1709751660000.0,0.0,0.0,0.0,3539.3,0.0,0.0,3860.21,0.9413943126533779,1.0,1433.5450998000047,1000.0,1433.5450998000047,1000.0,0.0,0.0
10340,1709755260000.0,0.0,0.0,0.0,3539.3,0.0,0.0,3855.6,0.9413943126533779,1.0,1433.5450998000047,1000.0,1433.5450998000047,1000.0,0.0,0.0
10341,1709758860000.0,0.0,0.0,0.0,3539.3,0.0,0.0,3855.16,0.9413943126533779,1.0,1433.5450998000047,1000.0,1433.5450998000047,1000.0,0.0,0.0
10342,1709762460000.0,0.0,0.0,0.0,3539.3,0.0,0.0,3845.68,0.9413943126533779,1.0,1433.5450998000047,1000.0,1433.5450998000047,1000.0,0.0,0.0
10343,1709766060000.0,0.0,0.0,0.0,3539.3,0.0,0.0,3812.4,0.9413943126533779,1.0,1433.5450998000047,1000.0,1433.5450998000047,1000.0,0.0,0.0
10344,1709769660000.0,0.0,0.0,0.0,3539.3,0.0,0.0,3825.41,0.9413943126533779,1.0,1433.5450998000047,1000.0,1433.5450998000047,1000.0,0.0,0.0
10345,1709773260000.0,0.0,0.0,0.0,3539.3,0.0,0.0,3837.44,0.9413943126533779,1.0,1433.5450998000047,1000.0,1433.5450998000047,1000.0,0.0,0.0
10346,1709776860000.0,0.0,0.0,0.0,3539.3,0.0,0.0,3835.79,0.9413943126533779,1.0,1433.5450998000047,1000.0,1433.5450998000047,1000.0,0.0,0.0
10347,1709780460000.0,0.0,0.0,0.0,3539.3,0.0,0.0,3786.05,0.9413943126533779,1.0,1433.5450998000047,1000.0,1433.5450998000047,1000.0,0.0,0.0
10348,1709784060000.0,0.0,0.0,0.02,3773.26,0.0,0.0,3778.07,0.9413943126533779,1.0,1433.5300067600047,1000.0,1433.6262067600046,1000.0,0.05264291618880222,0.0
10349,1709787660000.0,0.0,0.0,0.0,3773.26,0.0,0.0,3787.01,0.9413943126533779,1.0,1434.0648037200049,1000.0,1434.0648037200049,1000.0,0.0,0.0
10350,1709791260000.0,0.0,0.0,0.02,3772.54,0.0,0.0,3758.44,0.9413943126533779,1.0,1434.0497135600049,1000.0,1433.767713560005,1000.0,0.05261379663937495,0.0
10351,1709794860000.0,0.0,0.0,0.02,3772.54,0.0,0.0,3776.01,0.9413943126533779,1.0,1434.0497135600049,1000.0,1434.119113560005,1000.0,0.05261379663937495,0.0
10352,1709798460000.0,0.0,0.0,0.0,3772.54,0.0,0.0,3798.84,0.9413943126533779,1.0,1434.5843134400052,1000.0,1434.5843134400052,1000.0,0.0,0.0
10353,1709802060000.0,0.0,0.0,0.0,3772.54,0.0,0.0,3790.66,0.9413943126533779,1.0,1434.5843134400052,1000.0,1434.5843134400052,1000.0,0.0,0.0
10354,1709805660000.0,0.0,0.0,0.0,3772.54,0.0,0.0,3791.66,0.9413943126533779,1.0,1434.5843134400052,1000.0,1434.5843134400052,1000.0,0.0,0.0
10355,1709809260000.0,0.0,0.0,0.0,3772.54,0.0,0.0,3803.71,0.9413943126533779,1.0,1434.5843134400052,1000.0,1434.5843134400052,1000.0,0.0,0.0
10356,1709812860000.0,0.0,0.0,0.0,3772.54,0.0,0.0,3794.13,0.9413943126533779,1.0,1434.5843134400052,1000.0,1434.5843134400052,1000.0,0.0,0.0
10357,1709816460000.0,0.0,0.0,0.0,3772.54,0.0,0.0,3784.42,0.9413943126533779,1.0,1434.5843134400052,1000.0,1434.5843134400052,1000.0,0.0,0.0
10358,1709820060000.0,0.0,0.0,0.0,3769.61,0.0,0.0,3822.4,0.9413943126533779,1.0,1435.103446680005,1000.0,1435.103446680005,1000.0,0.0,0.0
10359,1709823660000.0,0.0,0.0,0.0,3769.61,0.0,0.0,3817.09,0.9413943126533779,1.0,1435.103446680005,1000.0,1435.103446680005,1000.0,0.0,0.0
10360,1709827260000.0,0.0,0.0,0.0,3769.61,0.0,0.0,3849.98,0.9413943126533779,1.0,1435.103446680005,1000.0,1435.103446680005,1000.0,0.0,0.0
10361,1709830860000.0,0.0,0.0,0.0,3769.61,0.0,0.0,3835.12,0.9413943126533779,1.0,1435.103446680005,1000.0,1435.103446680005,1000.0,0.0,0.0
10362,1709834460000.0,0.0,0.0,0.0,3769.61,0.0,0.0,3857.86,0.9413943126533779,1.0,1435.103446680005,1000.0,1435.103446680005,1000.0,0.0,0.0
10363,1709838060000.0,0.0,0.0,0.0,3769.61,0.0,0.0,3886.19,0.9413943126533779,1.0,1435.103446680005,1000.0,1435.103446680005,1000.0,0.0,0.0
10364,1709841660000.0,0.0,0.0,0.0,3769.61,0.0,0.0,3882.23,0.9413943126533779,1.0,1435.103446680005,1000.0,1435.103446680005,1000.0,0.0,0.0
10365,1709845260000.0,0.0,0.0,0.0,3769.61,0.0,0.0,3931.65,0.9413943126533779,1.0,1435.103446680005,1000.0,1435.103446680005,1000.0,0.0,0.0
10366,1709848860000.0,0.0,0.0,0.0,3769.61,0.0,0.0,3877.01,0.9413943126533779,1.0,1435.103446680005,1000.0,1435.103446680005,1000.0,0.0,0.0
10367,1709852460000.0,0.0,0.0,0.0,3769.61,0.0,0.0,3859.14,0.9413943126533779,1.0,1435.103446680005,1000.0,1435.103446680005,1000.0,0.0,0.0
10368,1709856060000.0,0.0,0.0,0.0,3769.61,0.0,0.0,3871.78,0.9413943126533779,1.0,1435.103446680005,1000.0,1435.103446680005,1000.0,0.0,0.0
10369,1709859660000.0,0.0,0.0,0.0,3769.61,0.0,0.0,3907.07,0.9413943126533779,1.0,1435.103446680005,1000.0,1435.103446680005,1000.0,0.0,0.0
10370,1709863260000.0,0.0,0.0,0.0,3769.61,0.0,0.0,3908.78,0.9413943126533779,1.0,1435.103446680005,1000.0,1435.103446680005,1000.0,0.0,0.0
10371,1709866860000.0,0.0,0.0,0.0,3769.61,0.0,0.0,3909.59,0.9413943126533779,1.0,1435.103446680005,1000.0,1435.103446680005,1000.0,0.0,0.0
10372,1709870460000.0,0.0,0.0,0.0,3769.61,0.0,0.0,3901.15,0.9413943126533779,1.0,1435.103446680005,1000.0,1435.103446680005,1000.0,0.0,0.0
10373,1709874060000.0,0.0,0.0,0.0,3769.61,0.0,0.0,3903.68,0.9413943126533779,1.0,1435.103446680005,1000.0,1435.103446680005,1000.0,0.0,0.0
10374,1709877660000.0,0.0,0.0,0.0,3769.61,0.0,0.0,3890.69,0.9413943126533779,1.0,1435.103446680005,1000.0,1435.103446680005,1000.0,0.0,0.0
10375,1709881260000.0,0.0,0.0,0.0,3769.61,0.0,0.0,3927.32,0.9413943126533779,1.0,1435.103446680005,1000.0,1435.103446680005,1000.0,0.0,0.0
10376,1709884860000.0,0.0,0.0,0.0,3769.61,0.0,0.0,3917.17,0.9413943126533779,1.0,1435.103446680005,1000.0,1435.103446680005,1000.0,0.0,0.0
10377,1709888460000.0,0.0,0.0,0.0,3769.61,0.0,0.0,3950.3,0.9413943126533779,1.0,1435.103446680005,1000.0,1435.103446680005,1000.0,0.0,0.0
10378,1709892060000.0,0.0,0.0,0.0,3769.61,0.0,0.0,3935.93,0.9413943126533779,1.0,1435.103446680005,1000.0,1435.103446680005,1000.0,0.0,0.0
10379,1709895660000.0,0.0,0.0,0.0,3769.61,0.0,0.0,3947.51,0.9413943126533779,1.0,1435.103446680005,1000.0,1435.103446680005,1000.0,0.0,0.0
10380,1709899260000.0,0.0,0.0,0.0,3769.61,0.0,0.0,3951.36,0.9413943126533779,1.0,1435.103446680005,1000.0,1435.103446680005,1000.0,0.0,0.0
10381,1709902860000.0,0.0,0.0,0.0,3769.61,0.0,0.0,3954.24,0.9413943126533779,1.0,1435.103446680005,1000.0,1435.103446680005,1000.0,0.0,0.0
10382,1709906460000.0,0.0,0.0,0.0,3769.61,0.0,0.0,3969.24,0.9413943126533779,1.0,1435.103446680005,1000.0,1435.103446680005,1000.0,0.0,0.0
10383,1709910060000.0,0.0,0.0,0.0,3769.61,0.0,0.0,3977.55,0.9413943126533779,1.0,1435.103446680005,1000.0,1435.103446680005,1000.0,0.0,0.0
10384,1709913660000.0,0.0,0.0,0.02,3891.77,0.0,0.0,3887.3,0.9413943126533779,1.0,1435.623637400005,1000.0,1435.534237400005,1000.0,0.05421713461124413,0.0
10385,1709917260000.0,0.0,0.0,0.02,3891.77,0.0,0.0,3903.93,0.9413943126533779,1.0,1435.623637400005,1000.0,1435.866837400005,1000.0,0.05421713461124413,0.0
10386,1709920860000.0,0.0,0.0,0.0,3891.77,0.0,0.0,3947.92,0.9413943126533779,1.0,1436.175156880005,1000.0,1436.175156880005,1000.0,0.0,0.0
10387,1709924460000.0,0.0,0.0,0.0,3891.77,0.0,0.0,3930.04,0.9413943126533779,1.0,1436.175156880005,1000.0,1436.175156880005,1000.0,0.0,0.0
10388,1709928060000.0,0.0,0.0,0.01,3892.77,0.0,0.0,3939.32,0.9413943126533779,1.0,1436.435443520005,1000.0,1436.900943520005,1000.0,0.02710020848873454,0.0
10389,1709931660000.0,0.0,0.0,0.01,3892.77,0.0,0.0,3941.7,0.9413943126533779,1.0,1436.435443520005,1000.0,1436.924743520005,1000.0,0.02710020848873454,0.0
10390,1709935260000.0,0.0,0.0,0.02,3895.49,0.0,0.0,3900.05,0.9413943126533779,1.0,1436.695719280005,1000.0,1436.7869192800051,1000.0,0.054228462543929774,0.0
10391,1709938860000.0,0.0,0.0,0.02,3895.49,0.0,0.0,3887.51,0.9413943126533779,1.0,1436.695719280005,1000.0,1436.536119280005,1000.0,0.054228462543929774,0.0
10392,1709942460000.0,0.0,0.0,0.02,3895.49,0.0,0.0,3883.85,0.9413943126533779,1.0,1436.695719280005,1000.0,1436.462919280005,1000.0,0.054228462543929774,0.0
10393,1709946060000.0,0.0,0.0,0.02,3895.49,0.0,0.0,3902.99,0.9413943126533779,1.0,1436.695719280005,1000.0,1436.8457192800051,1000.0,0.054228462543929774,0.0
10394,1709949660000.0,0.0,0.0,0.02,3895.49,0.0,0.0,3904.1,0.9413943126533779,1.0,1436.695719280005,1000.0,1436.867919280005,1000.0,0.054228462543929774,0.0
10395,1709953260000.0,0.0,0.0,0.0,3895.49,0.0,0.0,3922.95,0.9413943126533779,1.0,1437.2478237600048,1000.0,1437.2478237600048,1000.0,0.0,0.0
10396,1709956860000.0,0.0,0.0,0.0,3895.49,0.0,0.0,3926.08,0.9413943126533779,1.0,1437.2478237600048,1000.0,1437.2478237600048,1000.0,0.0,0.0
10397,1709960460000.0,0.0,0.0,0.0,3895.49,0.0,0.0,3930.47,0.9413943126533779,1.0,1437.2478237600048,1000.0,1437.2478237600048,1000.0,0.0,0.0
10398,1709964060000.0,0.0,0.0,0.0,3895.49,0.0,0.0,3923.33,0.9413943126533779,1.0,1437.2478237600048,1000.0,1437.2478237600048,1000.0,0.0,0.0
10399,1709967660000.0,0.0,0.0,0.0,3895.49,0.0,0.0,3944.51,0.9413943126533779,1.0,1437.2478237600048,1000.0,1437.2478237600048,1000.0,0.0,0.0
10400,1709971260000.0,0.0,0.0,0.0,3895.49,0.0,0.0,3936.92,0.9413943126533779,1.0,1437.2478237600048,1000.0,1437.2478237600048,1000.0,0.0,0.0
10401,1709974860000.0,0.0,0.0,0.0,3895.49,0.0,0.0,3931.4,0.9413943126533779,1.0,1437.2478237600048,1000.0,1437.2478237600048,1000.0,0.0,0.0
10402,1709978460000.0,0.0,0.0,0.0,3895.49,0.0,0.0,3919.1,0.9413943126533779,1.0,1437.2478237600048,1000.0,1437.2478237600048,1000.0,0.0,0.0
10403,1709982060000.0,0.0,0.0,0.02,3898.51,0.0,0.0,3917.98,0.9413943126533779,1.0,1437.2322297200049,1000.0,1437.6216297200049,1000.0,0.054250244593519736,0.0
10404,1709985660000.0,0.0,0.0,0.02,3898.51,0.0,0.0,3912.85,0.9413943126533779,1.0,1437.2322297200049,1000.0,1437.519029720005,1000.0,0.054250244593519736,0.0
10405,1709989260000.0,0.0,0.0,0.02,3898.51,0.0,0.0,3920.28,0.9413943126533779,1.0,1437.2322297200049,1000.0,1437.667629720005,1000.0,0.054250244593519736,0.0
10406,1709992860000.0,0.0,0.0,0.0,3898.51,0.0,0.0,3919.87,0.9413943126533779,1.0,1437.784722040005,1000.0,1437.784722040005,1000.0,0.0,0.0
10407,1709996460000.0,0.0,0.0,0.0,3898.51,0.0,0.0,3913.58,0.9413943126533779,1.0,1437.784722040005,1000.0,1437.784722040005,1000.0,0.0,0.0
10408,1710000060000.0,0.0,0.0,0.0,3898.51,0.0,0.0,3924.29,0.9413943126533779,1.0,1437.784722040005,1000.0,1437.784722040005,1000.0,0.0,0.0
10409,1710003660000.0,0.0,0.0,0.02,3896.78,0.0,0.0,3892.27,0.9413943126533779,1.0,1437.769134920005,1000.0,1437.6789349200048,1000.0,0.054205920900045064,0.0
10410,1710007260000.0,0.0,0.0,0.02,3896.78,0.0,0.0,3882.78,0.9413943126533779,1.0,1437.769134920005,1000.0,1437.489134920005,1000.0,0.054205920900045064,0.0
10411,1710010860000.0,0.0,0.0,0.02,3896.78,0.0,0.0,3891.46,0.9413943126533779,1.0,1437.769134920005,1000.0,1437.662734920005,1000.0,0.054205920900045064,0.0
10412,1710014460000.0,0.0,0.0,0.02,3896.78,0.0,0.0,3890.9,0.9413943126533779,1.0,1437.769134920005,1000.0,1437.651534920005,1000.0,0.054205920900045064,0.0
10413,1710018060000.0,0.0,0.0,0.02,3896.78,0.0,0.0,3901.22,0.9413943126533779,1.0,1437.769134920005,1000.0,1437.857934920005,1000.0,0.054205920900045064,0.0
10414,1710021660000.0,0.0,0.0,0.02,3896.78,0.0,0.0,3906.5,0.9413943126533779,1.0,1437.769134920005,1000.0,1437.963534920005,1000.0,0.054205920900045064,0.0
10415,1710025260000.0,0.0,0.0,0.02,3896.78,0.0,0.0,3902.49,0.9413943126533779,1.0,1437.769134920005,1000.0,1437.883334920005,1000.0,0.054205920900045064,0.0
10416,1710028860000.0,0.0,0.0,0.02,3896.78,0.0,0.0,3908.32,0.9413943126533779,1.0,1437.769134920005,1000.0,1437.999934920005,1000.0,0.054205920900045064,0.0
10417,1710032460000.0,0.0,0.0,0.02,3896.78,0.0,0.0,3924.99,0.9413943126533779,1.0,1437.769134920005,1000.0,1438.333334920005,1000.0,0.054205920900045064,0.0
10418,1710036060000.0,0.0,0.0,0.0,3896.78,0.0,0.0,3937.18,0.9413943126533779,1.0,1438.3214342000051,1000.0,1438.3214342000051,1000.0,0.0,0.0
10419,1710039660000.0,0.0,0.0,0.0,3896.78,0.0,0.0,3925.23,0.9413943126533779,1.0,1438.3214342000051,1000.0,1438.3214342000051,1000.0,0.0,0.0
10420,1710043260000.0,0.0,0.0,0.0,3896.78,0.0,0.0,3938.27,0.9413943126533779,1.0,1438.3214342000051,1000.0,1438.3214342000051,1000.0,0.0,0.0
10421,1710046860000.0,0.0,0.0,0.0,3896.78,0.0,0.0,3944.85,0.9413943126533779,1.0,1438.3214342000051,1000.0,1438.3214342000051,1000.0,0.0,0.0
10422,1710050460000.0,0.0,0.0,0.0,3896.78,0.0,0.0,3942.92,0.9413943126533779,1.0,1438.3214342000051,1000.0,1438.3214342000051,1000.0,0.0,0.0
10423,1710054060000.0,0.0,0.0,0.0,3896.78,0.0,0.0,3947.63,0.9413943126533779,1.0,1438.3214342000051,1000.0,1438.3214342000051,1000.0,0.0,0.0
10424,1710057660000.0,0.0,0.0,0.0,3896.78,0.0,0.0,3952.31,0.9413943126533779,1.0,1438.3214342000051,1000.0,1438.3214342000051,1000.0,0.0,0.0
10425,1710061260000.0,0.0,0.0,0.0,3896.78,0.0,0.0,3959.05,0.9413943126533779,1.0,1438.3214342000051,1000.0,1438.3214342000051,1000.0,0.0,0.0
10426,1710064860000.0,0.0,0.0,0.0,3896.78,0.0,0.0,3954.36,0.9413943126533779,1.0,1438.3214342000051,1000.0,1438.3214342000051,1000.0,0.0,0.0
10427,1710068460000.0,0.0,0.0,0.0,3896.78,0.0,0.0,3942.18,0.9413943126533779,1.0,1438.3214342000051,1000.0,1438.3214342000051,1000.0,0.0,0.0
10428,1710072060000.0,0.0,0.0,0.0,3896.78,0.0,0.0,3937.58,0.9413943126533779,1.0,1438.3214342000051,1000.0,1438.3214342000051,1000.0,0.0,0.0
10429,1710075660000.0,0.0,0.0,0.0,3896.78,0.0,0.0,3932.56,0.9413943126533779,1.0,1438.3214342000051,1000.0,1438.3214342000051,1000.0,0.0,0.0
10430,1710079260000.0,0.0,0.0,0.02,3909.1,0.0,0.0,3904.87,0.9413943126533779,1.0,1438.3057978000052,1000.0,1438.2211978000053,1000.0,0.054357008168628075,0.0
10431,1710082860000.0,0.0,0.0,0.02,3909.1,0.0,0.0,3894.79,0.9413943126533779,1.0,1438.3057978000052,1000.0,1438.0195978000052,1000.0,0.054357008168628075,0.0
10432,1710086460000.0,0.0,0.0,0.02,3909.1,0.0,0.0,3887.54,0.9413943126533779,1.0,1438.3057978000052,1000.0,1437.8745978000052,1000.0,0.054357008168628075,0.0
10433,1710090060000.0,0.0,0.0,0.02,3909.1,0.0,0.0,3905.11,0.9413943126533779,1.0,1438.3057978000052,1000.0,1438.2259978000052,1000.0,0.054357008168628075,0.0
10434,1710093660000.0,0.0,0.0,0.02,3909.1,0.0,0.0,3909.75,0.9413943126533779,1.0,1438.3057978000052,1000.0,1438.318797800005,1000.0,0.054357008168628075,0.0
10435,1710097260000.0,0.0,0.0,0.02,3909.1,0.0,0.0,3899.48,0.9413943126533779,1.0,1438.3057978000052,1000.0,1438.1133978000053,1000.0,0.054357008168628075,0.0
10436,1710100860000.0,0.0,0.0,0.02,3909.1,0.0,0.0,3899.3,0.9413943126533779,1.0,1438.3057978000052,1000.0,1438.1097978000053,1000.0,0.054357008168628075,0.0
10437,1710104460000.0,0.0,0.0,0.02,3909.1,0.0,0.0,3903.19,0.9413943126533779,1.0,1438.3057978000052,1000.0,1438.1875978000053,1000.0,0.054357008168628075,0.0
10438,1710108060000.0,0.0,0.0,0.02,3909.1,0.0,0.0,3876.67,0.9413943126533779,1.0,1438.3057978000052,1000.0,1437.6571978000052,1000.0,0.054357008168628075,0.0
10439,1710111660000.0,0.0,0.0,0.05,3857.8599999999997,0.0,0.0,3829.86,0.9413943126533779,1.0,1438.2828556000052,1000.0,1436.8828556000053,1000.0,0.13411339727019916,0.0
10440,1710115260000.0,0.0,0.0,0.02,3880.91,0.0,0.0,3880.2,0.9413943126533779,1.0,1439.6339722600042,1000.0,1439.619772260004,1000.0,0.053915232271263616,0.0
10441,1710118860000.0,0.0,0.0,0.12,3772.5435714285713,0.0,0.0,3812.14,0.9413943126533779,1.0,1440.078393131433,1000.0,1444.8299645600043,1000.0,0.3143615172136751,0.0
10442,1710122460000.0,0.0,0.0,0.02,3804.8683928571427,0.0,0.0,3830.18,0.9413943126533779,1.0,1446.941009597147,1000.0,1447.4472417400043,1000.0,0.05259189376236537,0.0
10443,1710126060000.0,0.0,0.0,0.02,3832.3345982142855,0.0,0.0,3841.34,0.9413943126533779,1.0,1447.4657226842899,1000.0,1447.6458307200041,1000.0,0.052952336461651255,0.0
10444,1710129660000.0,0.0,0.0,0.02,3846.607299107143,0.0,0.0,3866.06,0.9413943126533779,1.0,1447.7295344221468,1000.0,1448.118588440004,1000.0,0.05313986083239636,0.0
10445,1710133260000.0,0.0,0.0,0.02,3858.27,0.0,0.0,3862.06,0.9413943126533779,1.0,1448.2592568000039,1000.0,1448.335056800004,1000.0,0.05328148232969043,0.0
10446,1710136860000.0,0.0,0.0,0.02,3858.27,0.0,0.0,3851.79,0.9413943126533779,1.0,1448.2592568000039,1000.0,1448.1296568000039,1000.0,0.05328148232969043,0.0
10447,1710140460000.0,0.0,0.0,0.01,3858.27,0.0,0.0,3905.06,0.9413943126533779,1.0,1448.5326840200037,1000.0,1449.0005840200038,1000.0,0.0266357124182551,0.0
10448,1710144060000.0,0.0,0.0,0.0,3858.27,0.0,0.0,4017.6,0.9413943126533779,1.0,1449.2230278400036,1000.0,1449.2230278400036,1000.0,0.0,0.0
10449,1710147660000.0,0.0,0.0,0.0,3858.27,0.0,0.0,4021.29,0.9413943126533779,1.0,1449.2230278400036,1000.0,1449.2230278400036,1000.0,0.0,0.0
10450,1710151260000.0,0.0,0.0,0.0,3858.27,0.0,0.0,4040.47,0.9413943126533779,1.0,1449.2230278400036,1000.0,1449.2230278400036,1000.0,0.0,0.0
10451,1710154860000.0,0.0,0.0,0.0,3858.27,0.0,0.0,4033.38,0.9413943126533779,1.0,1449.2230278400036,1000.0,1449.2230278400036,1000.0,0.0,0.0
10452,1710158460000.0,0.0,0.0,0.0,3858.27,0.0,0.0,4041.18,0.9413943126533779,1.0,1449.2230278400036,1000.0,1449.2230278400036,1000.0,0.0,0.0
10453,1710162060000.0,0.0,0.0,0.0,3858.27,0.0,0.0,4058.16,0.9413943126533779,1.0,1449.2230278400036,1000.0,1449.2230278400036,1000.0,0.0,0.0
10454,1710165660000.0,0.0,0.0,0.0,3858.27,0.0,0.0,4031.91,0.9413943126533779,1.0,1449.2230278400036,1000.0,1449.2230278400036,1000.0,0.0,0.0
10455,1710169260000.0,0.0,0.0,0.0,3858.27,0.0,0.0,4034.45,0.9413943126533779,1.0,1449.2230278400036,1000.0,1449.2230278400036,1000.0,0.0,0.0
10456,1710172860000.0,0.0,0.0,0.0,3858.27,0.0,0.0,4021.01,0.9413943126533779,1.0,1449.2230278400036,1000.0,1449.2230278400036,1000.0,0.0,0.0
10457,1710176460000.0,0.0,0.0,0.0,3858.27,0.0,0.0,4045.23,0.9413943126533779,1.0,1449.2230278400036,1000.0,1449.2230278400036,1000.0,0.0,0.0
10458,1710180060000.0,0.0,0.0,0.0,3858.27,0.0,0.0,4041.02,0.9413943126533779,1.0,1449.2230278400036,1000.0,1449.2230278400036,1000.0,0.0,0.0
10459,1710183660000.0,0.0,0.0,0.0,3858.27,0.0,0.0,4057.04,0.9413943126533779,1.0,1449.2230278400036,1000.0,1449.2230278400036,1000.0,0.0,0.0
10460,1710187260000.0,0.0,0.0,0.0,3858.27,0.0,0.0,4037.01,0.9413943126533779,1.0,1449.2230278400036,1000.0,1449.2230278400036,1000.0,0.0,0.0
10461,1710190860000.0,0.0,0.0,0.0,3858.27,0.0,0.0,4033.66,0.9413943126533779,1.0,1449.2230278400036,1000.0,1449.2230278400036,1000.0,0.0,0.0
10462,1710194460000.0,0.0,0.0,0.0,3858.27,0.0,0.0,4056.46,0.9413943126533779,1.0,1449.2230278400036,1000.0,1449.2230278400036,1000.0,0.0,0.0
10463,1710198060000.0,0.0,0.0,0.0,3858.27,0.0,0.0,4071.59,0.9413943126533779,1.0,1449.2230278400036,1000.0,1449.2230278400036,1000.0,0.0,0.0
10464,1710201660000.0,0.0,0.0,0.0,3858.27,0.0,0.0,4074.33,0.9413943126533779,1.0,1449.2230278400036,1000.0,1449.2230278400036,1000.0,0.0,0.0
10465,1710205260000.0,0.0,0.0,0.0,3858.27,0.0,0.0,4054.15,0.9413943126533779,1.0,1449.2230278400036,1000.0,1449.2230278400036,1000.0,0.0,0.0
10466,1710208860000.0,0.0,0.0,0.0,3858.27,0.0,0.0,4059.91,0.9413943126533779,1.0,1449.2230278400036,1000.0,1449.2230278400036,1000.0,0.0,0.0
10467,1710212460000.0,0.0,0.0,0.0,3858.27,0.0,0.0,4055.41,0.9413943126533779,1.0,1449.2230278400036,1000.0,1449.2230278400036,1000.0,0.0,0.0
10468,1710216060000.0,0.0,0.0,0.0,3858.27,0.0,0.0,4035.0,0.9413943126533779,1.0,1449.2230278400036,1000.0,1449.2230278400036,1000.0,0.0,0.0
10469,1710219660000.0,0.0,0.0,0.0,3858.27,0.0,0.0,4039.1,0.9413943126533779,1.0,1449.2230278400036,1000.0,1449.2230278400036,1000.0,0.0,0.0
10470,1710223260000.0,0.0,0.0,0.0,3858.27,0.0,0.0,4042.17,0.9413943126533779,1.0,1449.2230278400036,1000.0,1449.2230278400036,1000.0,0.0,0.0
10471,1710226860000.0,0.0,0.0,0.02,4005.94,0.0,0.0,4030.42,0.9413943126533779,1.0,1449.2070040800036,1000.0,1449.6966040800037,1000.0,0.055284579617983304,0.0
10472,1710230460000.0,0.0,0.0,0.0,4005.94,0.0,0.0,4031.73,0.9413943126533779,1.0,1449.7746635600033,1000.0,1449.7746635600033,1000.0,0.0,0.0
10473,1710234060000.0,0.0,0.0,0.02,4005.4,0.0,0.0,3991.35,0.9413943126533779,1.0,1449.7586419600034,1000.0,1449.4776419600034,1000.0,0.05525609413970995,0.0
10474,1710237660000.0,0.0,0.0,0.02,4005.4,0.0,0.0,4008.33,0.9413943126533779,1.0,1449.7586419600034,1000.0,1449.8172419600035,1000.0,0.05525609413970995,0.0
10475,1710241260000.0,0.0,0.0,0.02,4005.4,0.0,0.0,4009.53,0.9413943126533779,1.0,1449.7586419600034,1000.0,1449.8412419600033,1000.0,0.05525609413970995,0.0
10476,1710244860000.0,0.0,0.0,0.0,4005.4,0.0,0.0,4029.01,0.9413943126533779,1.0,1450.3263036000035,1000.0,1450.3263036000035,1000.0,0.0,0.0
10477,1710248460000.0,0.0,0.0,0.0,4000.01,0.0,0.0,4029.07,0.9413943126533779,1.0,1450.8771869200036,1000.0,1450.8771869200036,1000.0,0.0,0.0
10478,1710252060000.0,0.0,0.0,0.0,4000.01,0.0,0.0,4024.11,0.9413943126533779,1.0,1450.8771869200036,1000.0,1450.8771869200036,1000.0,0.0,0.0
10479,1710255660000.0,0.0,0.0,0.02,3999.83,0.0,0.0,3976.88,0.9413943126533779,1.0,1450.8611876000036,1000.0,1450.4021876000036,1000.0,0.05513732167053788,0.0
10480,1710259260000.0,0.0,0.0,0.02,3999.83,0.0,0.0,3985.98,0.9413943126533779,1.0,1450.8611876000036,1000.0,1450.5841876000036,1000.0,0.05513732167053788,0.0
10481,1710262860000.0,0.0,0.0,0.05,3947.3659999999995,0.0,0.0,3924.48,0.9413943126533779,1.0,1450.8377132600037,1000.0,1449.6934132600038,1000.0,0.13603747558816712,0.0
10482,1710266460000.0,0.0,0.0,0.08,3887.9428571428566,0.0,0.0,3945.11,0.9413943126533779,1.0,1453.2613897314322,1000.0,1457.8347611600038,1000.0,0.21402579795291266,0.0
10483,1710270060000.0,0.0,0.0,0.02,3957.674107142857,0.0,0.0,3967.03,0.9413943126533779,1.0,1458.7355828228604,1000.0,1458.9227006800031,1000.0,0.0542617065593779,0.0
10484,1710273660000.0,0.0,0.0,0.0,3957.674107142857,0.0,0.0,3982.4,0.9413943126533779,1.0,1459.296354640003,1000.0,1459.296354640003,1000.0,0.0,0.0
10485,1710277260000.0,0.0,0.0,0.02,3972.16,0.0,0.0,3950.21,0.9413943126533779,1.0,1459.2804660000031,1000.0,1458.841466000003,1000.0,0.05443998042251587,0.0
10486,1710280860000.0,0.0,0.0,0.02,3972.16,0.0,0.0,3939.89,0.9413943126533779,1.0,1459.2804660000031,1000.0,1458.635066000003,1000.0,0.05443998042251587,0.0
10487,1710284460000.0,0.0,0.0,0.02,3972.16,0.0,0.0,3950.21,0.9413943126533779,1.0,1459.2804660000031,1000.0,1458.841466000003,1000.0,0.05443998042251587,0.0
10488,1710288060000.0,0.0,0.0,0.02,3972.16,0.0,0.0,3981.2,0.9413943126533779,1.0,1459.2804660000031,1000.0,1459.4612660000032,1000.0,0.05443998042251587,0.0
10489,1710291660000.0,0.0,0.0,0.0,3972.16,0.0,0.0,3983.49,0.9413943126533779,1.0,1459.8432616000032,1000.0,1459.8432616000032,1000.0,0.0,0.0
10490,1710295260000.0,0.0,0.0,0.0,3972.16,0.0,0.0,4021.63,0.9413943126533779,1.0,1459.8432616000032,1000.0,1459.8432616000032,1000.0,0.0,0.0
10491,1710298860000.0,0.0,0.0,0.0,3972.16,0.0,0.0,4031.04,0.9413943126533779,1.0,1459.8432616000032,1000.0,1459.8432616000032,1000.0,0.0,0.0
10492,1710302460000.0,0.0,0.0,0.0,3972.16,0.0,0.0,4046.02,0.9413943126533779,1.0,1459.8432616000032,1000.0,1459.8432616000032,1000.0,0.0,0.0
10493,1710306060000.0,0.0,0.0,0.0,3972.16,0.0,0.0,4042.81,0.9413943126533779,1.0,1459.8432616000032,1000.0,1459.8432616000032,1000.0,0.0,0.0
10494,1710309660000.0,0.0,0.0,0.0,3972.16,0.0,0.0,4039.6,0.9413943126533779,1.0,1459.8432616000032,1000.0,1459.8432616000032,1000.0,0.0,0.0
10495,1710313260000.0,0.0,0.0,0.0,3972.16,0.0,0.0,4054.82,0.9413943126533779,1.0,1459.8432616000032,1000.0,1459.8432616000032,1000.0,0.0,0.0
10496,1710316860000.0,0.0,0.0,0.0,3972.16,0.0,0.0,4046.62,0.9413943126533779,1.0,1459.8432616000032,1000.0,1459.8432616000032,1000.0,0.0,0.0
10497,1710320460000.0,0.0,0.0,0.0,3972.16,0.0,0.0,4069.36,0.9413943126533779,1.0,1459.8432616000032,1000.0,1459.8432616000032,1000.0,0.0,0.0
10498,1710324060000.0,0.0,0.0,0.0,3972.16,0.0,0.0,4050.29,0.9413943126533779,1.0,1459.8432616000032,1000.0,1459.8432616000032,1000.0,0.0,0.0
10499,1710327660000.0,0.0,0.0,0.0,3972.16,0.0,0.0,4061.02,0.9413943126533779,1.0,1459.8432616000032,1000.0,1459.8432616000032,1000.0,0.0,0.0
10500,1710331260000.0,0.0,0.0,0.0,3972.16,0.0,0.0,4058.1,0.9413943126533779,1.0,1459.8432616000032,1000.0,1459.8432616000032,1000.0,0.0,0.0
10501,1710334860000.0,0.0,0.0,0.02,4003.96,0.0,0.0,4009.85,0.9413943126533779,1.0,1459.8272457600033,1000.0,1459.9450457600033,1000.0,0.054855257861905315,0.0
10502,1710338460000.0,0.0,0.0,0.02,4003.96,0.0,0.0,3991.97,0.9413943126533779,1.0,1459.8272457600033,1000.0,1459.5874457600032,1000.0,0.054855257861905315,0.0
10503,1710342060000.0,0.0,0.0,0.02,4003.96,0.0,0.0,3975.78,0.9413943126533779,1.0,1459.8272457600033,1000.0,1459.2636457600033,1000.0,0.054855257861905315,0.0
10504,1710345660000.0,0.0,0.0,0.02,4003.96,0.0,0.0,3971.91,0.9413943126533779,1.0,1459.8272457600033,1000.0,1459.1862457600032,1000.0,0.054855257861905315,0.0
10505,1710349260000.0,0.0,0.0,0.02,4003.96,0.0,0.0,3989.15,0.9413943126533779,1.0,1459.8272457600033,1000.0,1459.5310457600033,1000.0,0.054855257861905315,0.0
10506,1710352860000.0,0.0,0.0,0.02,4003.96,0.0,0.0,3986.93,0.9413943126533779,1.0,1459.8272457600033,1000.0,1459.4866457600033,1000.0,0.054855257861905315,0.0
10507,1710356460000.0,0.0,0.0,0.02,4003.96,0.0,0.0,4007.53,0.9413943126533779,1.0,1459.8272457600033,1000.0,1459.8986457600033,1000.0,0.054855257861905315,0.0
10508,1710360060000.0,0.0,0.0,0.02,4003.96,0.0,0.0,3999.14,0.9413943126533779,1.0,1459.8272457600033,1000.0,1459.7308457600034,1000.0,0.054855257861905315,0.0
10509,1710363660000.0,0.0,0.0,0.02,4003.96,0.0,0.0,3997.37,0.9413943126533779,1.0,1459.8272457600033,1000.0,1459.6954457600032,1000.0,0.054855257861905315,0.0
10510,1710367260000.0,0.0,0.0,0.02,4003.96,0.0,0.0,4005.03,0.9413943126533779,1.0,1459.8272457600033,1000.0,1459.8486457600034,1000.0,0.054855257861905315,0.0
10511,1710370860000.0,0.0,0.0,0.02,4003.96,0.0,0.0,3987.9,0.9413943126533779,1.0,1459.8272457600033,1000.0,1459.5060457600032,1000.0,0.054855257861905315,0.0
10512,1710374460000.0,0.0,0.0,0.02,4003.96,0.0,0.0,4012.97,0.9413943126533779,1.0,1459.8272457600033,1000.0,1460.0074457600033,1000.0,0.054855257861905315,0.0
10513,1710378060000.0,0.0,0.0,0.02,4003.96,0.0,0.0,3963.44,0.9413943126533779,1.0,1459.8272457600033,1000.0,1459.0168457600032,1000.0,0.054855257861905315,0.0
10514,1710381660000.0,0.0,0.0,0.02,4003.96,0.0,0.0,3989.05,0.9413943126533779,1.0,1459.8272457600033,1000.0,1459.5290457600033,1000.0,0.054855257861905315,0.0
10515,1710385260000.0,0.0,0.0,0.02,4003.96,0.0,0.0,3990.9,0.9413943126533779,1.0,1459.8272457600033,1000.0,1459.5660457600034,1000.0,0.054855257861905315,0.0
10516,1710388860000.0,0.0,0.0,0.02,4003.96,0.0,0.0,3995.21,0.9413943126533779,1.0,1459.8272457600033,1000.0,1459.6522457600033,1000.0,0.054855257861905315,0.0
10517,1710392460000.0,0.0,0.0,0.02,4003.96,0.0,0.0,3963.41,0.9413943126533779,1.0,1459.8272457600033,1000.0,1459.0162457600034,1000.0,0.054855257861905315,0.0
10518,1710396060000.0,0.0,0.0,0.02,4003.96,0.0,0.0,3971.71,0.9413943126533779,1.0,1459.8272457600033,1000.0,1459.1822457600033,1000.0,0.054855257861905315,0.0
10519,1710399660000.0,0.0,0.0,0.02,4003.96,0.0,0.0,3988.34,0.9413943126533779,1.0,1459.8272457600033,1000.0,1459.5148457600033,1000.0,0.054855257861905315,0.0
10520,1710403260000.0,0.0,0.0,0.02,4003.96,0.0,0.0,3970.59,0.9413943126533779,1.0,1459.8272457600033,1000.0,1459.1598457600032,1000.0,0.054855257861905315,0.0
10521,1710406860000.0,0.0,0.0,0.02,4003.96,0.0,0.0,3982.53,0.9413943126533779,1.0,1459.8272457600033,1000.0,1459.3986457600033,1000.0,0.054855257861905315,0.0
10522,1710410460000.0,0.0,0.0,0.02,4003.96,0.0,0.0,3996.7,0.9413943126533779,1.0,1459.8272457600033,1000.0,1459.6820457600033,1000.0,0.054855257861905315,0.0
10523,1710414060000.0,0.0,0.0,0.02,4003.96,0.0,0.0,3969.73,0.9413943126533779,1.0,1459.8272457600033,1000.0,1459.1426457600032,1000.0,0.054855257861905315,0.0
10524,1710417660000.0,0.0,0.0,0.02,4003.96,0.0,0.0,3957.51,0.9413943126533779,1.0,1459.8272457600033,1000.0,1458.8982457600032,1000.0,0.054855257861905315,0.0
10525,1710421260000.0,0.0,0.0,0.05,3951.4539999999997,0.0,0.0,3950.83,0.9413943126533779,1.0,1459.8037470600034,1000.0,1459.7725470600035,1000.0,0.13534195976541702,0.0
10526,1710424860000.0,0.0,0.0,0.14,3892.0064285714284,0.0,0.0,3880.09,0.9413943126533779,1.0,1459.7342854200033,1000.0,1458.0659854200032,1000.0,0.37327403037822304,0.0
10527,1710428460000.0,0.0,0.0,0.1,3892.0064285714284,0.0,0.0,3902.21,0.9413943126533779,1.0,1460.8374653171463,1000.0,1461.8578224600035,1000.0,0.26642296086830425,0.0
10528,1710432060000.0,0.0,0.0,0.1,3892.0064285714284,0.0,0.0,3854.7,0.9413943126533779,1.0,1460.8374653171463,1000.0,1457.1068224600035,1000.0,0.26642296086830425,0.0
10529,1710435660000.0,0.0,0.0,0.1,3892.0064285714284,0.0,0.0,3894.14,0.9413943126533779,1.0,1460.8374653171463,1000.0,1461.0508224600035,1000.0,0.26642296086830425,0.0
10530,1710439260000.0,0.0,0.0,0.1,3892.0064285714284,0.0,0.0,3873.06,0.9413943126533779,1.0,1460.8374653171463,1000.0,1458.9428224600035,1000.0,0.26642296086830425,0.0
10531,1710442860000.0,0.0,0.0,0.38,3817.669060150376,0.0,0.0,3801.07,0.9413943126533779,1.0,1460.6251625971463,1000.0,1454.3175197400035,1000.0,0.993214604270968,0.0
10532,1710446460000.0,0.0,0.0,0.38,3817.669060150376,0.0,0.0,3809.91,0.9413943126533779,1.0,1460.6251625971463,1000.0,1457.6767197400034,1000.0,0.993214604270968,0.0
10533,1710450060000.0,0.0,0.0,0.27,3817.669060150376,0.0,0.0,3850.44,0.9413943126533779,1.0,1463.6008652006049,1000.0,1472.4490189600033,1000.0,0.7042703176451877,0.0
10534,1710453660000.0,0.0,0.0,0.17,3817.669060150376,0.0,0.0,3876.8,0.9413943126533779,1.0,1466.3060493855671,1000.0,1476.3583091600033,1000.0,0.4426113774116386,0.0
10535,1710457260000.0,0.0,0.0,0.12,3817.669060150376,0.0,0.0,3876.28,0.9413943126533779,1.0,1469.7212288780484,1000.0,1476.7545416600033,1000.0,0.3117055658015933,0.0
10536,1710460860000.0,0.0,0.0,0.01,3817.669060150376,0.0,0.0,3891.67,0.9413943126533779,1.0,1477.2346237615066,1000.0,1477.974633160003,1000.0,0.025843349449997204,0.0
10537,1710464460000.0,0.0,0.0,0.0,3846.184530075188,0.0,0.0,3908.0,0.9413943126533779,1.0,1478.6033206000031,1000.0,1478.6033206000031,1000.0,0.0,0.0
10538,1710468060000.0,0.0,0.0,0.0,3846.184530075188,0.0,0.0,3883.72,0.9413943126533779,1.0,1478.6033206000031,1000.0,1478.6033206000031,1000.0,0.0,0.0
10539,1710471660000.0,0.0,0.0,0.14,3767.7014285714286,0.0,0.0,3763.02,0.9413943126533779,1.0,1478.497824960003,1000.0,1477.842424960003,1000.0,0.3567663009678554,0.0
10540,1710475260000.0,0.0,0.0,0.18,3699.964,0.0,0.0,3712.48,0.9413943126533779,1.0,1484.075858560003,1000.0,1486.328738560003,1000.0,0.4487597558835117,0.0
10541,1710478860000.0,0.0,0.0,0.11,3699.964,0.0,0.0,3687.65,0.9413943126533779,1.0,1485.911301540003,1000.0,1484.556761540003,1000.0,0.2739033208632225,0.0
10542,1710482460000.0,0.0,0.0,0.1,3699.964,0.0,0.0,3683.97,0.9413943126533779,1.0,1486.173507680003,1000.0,1484.574107680003,1000.0,0.2489590872721075,0.0
10543,1710486060000.0,0.0,0.0,0.09,3699.964,0.0,0.0,3745.62,0.9413943126533779,1.0,1486.435713820003,1000.0,1490.544753820003,1000.0,0.22402365396901625,0.0
10544,1710489660000.0,0.0,0.0,0.07,3699.964,0.0,0.0,3762.23,0.9413943126533779,1.0,1487.7597661400032,1000.0,1492.1183861400032,1000.0,0.1740855519113611,0.0
10545,1710493260000.0,0.0,0.0,0.07,3699.964,0.0,0.0,3677.09,0.9413943126533779,1.0,1487.7597661400032,1000.0,1486.1585861400033,1000.0,0.1740855519113611,0.0
10546,1710496860000.0,0.0,0.0,0.08,3625.873853658537,0.0,0.0,3691.5,0.9413943126533779,1.0,1501.087501532686,1000.0,1506.3375932400031,1000.0,0.1932398397804971,0.0
10547,1710500460000.0,0.0,0.0,0.02,3625.873853658537,0.0,0.0,3672.66,0.9413943126533779,1.0,1504.5883508131737,1000.0,1505.524073740003,1000.0,0.048197553193853826,0.0
10548,1710504060000.0,0.0,0.0,0.02,3683.9144954268295,0.0,0.0,3690.81,0.9413943126533779,1.0,1505.72539906854,1000.0,1505.8633091600034,1000.0,0.04893208944613333,0.0
10549,1710507660000.0,0.0,0.0,0.02,3693.4372477134148,0.0,0.0,3699.63,0.9413943126533779,1.0,1505.9790266742716,1000.0,1506.1028817200033,1000.0,0.04905031454348758,0.0
10550,1710511260000.0,0.0,0.0,0.02,3720.7443119283535,0.0,0.0,3721.0,0.9413943126533779,1.0,1506.4886402185703,1000.0,1506.4937539800032,1000.0,0.049396247838795856,0.0
10551,1710514860000.0,0.0,0.0,0.02,3720.7443119283535,0.0,0.0,3724.18,0.9413943126533779,1.0,1506.4886402185703,1000.0,1506.5573539800032,1000.0,0.049396247838795856,0.0
10552,1710518460000.0,0.0,0.0,0.02,3720.7443119283535,0.0,0.0,3696.6,0.9413943126533779,1.0,1506.4886402185703,1000.0,1506.0057539800032,1000.0,0.049396247838795856,0.0
10553,1710522060000.0,0.0,0.0,0.02,3720.7443119283535,0.0,0.0,3689.76,0.9413943126533779,1.0,1506.4886402185703,1000.0,1505.8689539800032,1000.0,0.049396247838795856,0.0
10554,1710525660000.0,0.0,0.0,0.02,3720.7443119283535,0.0,0.0,3702.95,0.9413943126533779,1.0,1506.4886402185703,1000.0,1506.1327539800031,1000.0,0.049396247838795856,0.0
10555,1710529260000.0,0.0,0.0,0.0,3720.7443119283535,0.0,0.0,3797.71,0.9413943126533779,1.0,1507.0159625400033,1000.0,1507.0159625400033,1000.0,0.0,0.0
10556,1710532860000.0,0.0,0.0,0.02,3714.08,0.0,0.0,3675.43,0.9413943126533779,1.0,1507.0011062200033,1000.0,1506.2281062200034,1000.0,0.04929100562263012,0.0
10557,1710536460000.0,0.0,0.0,0.05,3665.612,0.0,0.0,3637.86,0.9413943126533779,1.0,1506.9793064200032,1000.0,1505.5917064200032,1000.0,0.12162117901632202,0.0
10558,1710540060000.0,0.0,0.0,0.05,3665.612,0.0,0.0,3669.01,0.9413943126533779,1.0,1506.9793064200032,1000.0,1507.1492064200033,1000.0,0.12162117901632202,0.0
10559,1710543660000.0,0.0,0.0,0.02,3665.612,0.0,0.0,3720.65,0.9413943126533779,1.0,1508.5508339800033,1000.0,1509.6515939800033,1000.0,0.048597792231224075,0.0
10560,1710547260000.0,0.0,0.0,0.0,3665.612,0.0,0.0,3739.89,0.9413943126533779,1.0,1509.8626661800033,1000.0,1509.8626661800033,1000.0,0.0,0.0
10561,1710550860000.0,0.0,0.0,0.0,3665.612,0.0,0.0,3771.53,0.9413943126533779,1.0,1509.8626661800033,1000.0,1509.8626661800033,1000.0,0.0,0.0
10562,1710554460000.0,0.0,0.0,0.0,3665.612,0.0,0.0,3743.72,0.9413943126533779,1.0,1509.8626661800033,1000.0,1509.8626661800033,1000.0,0.0,0.0
10563,1710558060000.0,0.0,0.0,0.0,3665.612,0.0,0.0,3729.77,0.9413943126533779,1.0,1509.8626661800033,1000.0,1509.8626661800033,1000.0,0.0,0.0
10564,1710561660000.0,0.0,0.0,0.0,3665.612,0.0,0.0,3730.61,0.9413943126533779,1.0,1509.8626661800033,1000.0,1509.8626661800033,1000.0,0.0,0.0
10565,1710565260000.0,0.0,0.0,0.0,3665.612,0.0,0.0,3724.63,0.9413943126533779,1.0,1509.8626661800033,1000.0,1509.8626661800033,1000.0,0.0,0.0
10566,1710568860000.0,0.0,0.0,0.02,3707.33,0.0,0.0,3719.73,0.9413943126533779,1.0,1509.8478368600033,1000.0,1510.0958368600034,1000.0,0.04910865730297765,0.0
10567,1710572460000.0,0.0,0.0,0.02,3707.33,0.0,0.0,3725.91,0.9413943126533779,1.0,1509.8478368600033,1000.0,1510.2194368600033,1000.0,0.04910865730297765,0.0
10568,1710576060000.0,0.0,0.0,0.0,3707.33,0.0,0.0,3734.56,0.9413943126533779,1.0,1510.3732994600034,1000.0,1510.3732994600034,1000.0,0.0,0.0
10569,1710579660000.0,0.0,0.0,0.0,3707.33,0.0,0.0,3720.76,0.9413943126533779,1.0,1510.3732994600034,1000.0,1510.3732994600034,1000.0,0.0,0.0
10570,1710583260000.0,0.0,0.0,0.0,3707.33,0.0,0.0,3723.58,0.9413943126533779,1.0,1510.3732994600034,1000.0,1510.3732994600034,1000.0,0.0,0.0
10571,1710586860000.0,0.0,0.0,0.02,3705.76,0.0,0.0,3706.68,0.9413943126533779,1.0,1510.3584764200034,1000.0,1510.3768764200033,1000.0,0.049071264310493336,0.0
10572,1710590460000.0,0.0,0.0,0.02,3705.76,0.0,0.0,3690.95,0.9413943126533779,1.0,1510.3584764200034,1000.0,1510.0622764200034,1000.0,0.049071264310493336,0.0
10573,1710594060000.0,0.0,0.0,0.02,3705.76,0.0,0.0,3667.67,0.9413943126533779,1.0,1510.3584764200034,1000.0,1509.5966764200034,1000.0,0.049071264310493336,0.0
10574,1710597660000.0,0.0,0.0,0.02,3705.76,0.0,0.0,3654.21,0.9413943126533779,1.0,1510.3584764200034,1000.0,1509.3274764200034,1000.0,0.049071264310493336,0.0
10575,1710601260000.0,0.0,0.0,0.02,3705.76,0.0,0.0,3660.65,0.9413943126533779,1.0,1510.3584764200034,1000.0,1509.4562764200034,1000.0,0.049071264310493336,0.0
10576,1710604860000.0,0.0,0.0,0.02,3705.76,0.0,0.0,3676.21,0.9413943126533779,1.0,1510.3584764200034,1000.0,1509.7674764200035,1000.0,0.049071264310493336,0.0
10577,1710608460000.0,0.0,0.0,0.02,3705.76,0.0,0.0,3662.88,0.9413943126533779,1.0,1510.3584764200034,1000.0,1509.5008764200034,1000.0,0.049071264310493336,0.0
10578,1710612060000.0,0.0,0.0,0.02,3705.76,0.0,0.0,3635.14,0.9413943126533779,1.0,1510.3584764200034,1000.0,1508.9460764200035,1000.0,0.049071264310493336,0.0
10579,1710615660000.0,0.0,0.0,0.14,3603.0314285714285,0.0,0.0,3616.26,0.9413943126533779,1.0,1510.2724145800034,1000.0,1512.1244145800035,1000.0,0.3339956388862979,0.0
10580,1710619260000.0,0.0,0.0,0.08,3603.0314285714285,0.0,0.0,3602.02,0.9413943126533779,1.0,1511.8043773857175,1000.0,1511.7234631000033,1000.0,0.1906612512818336,0.0
10581,1710622860000.0,0.0,0.0,0.02,3616.755714285714,0.0,0.0,3626.74,0.9413943126533779,1.0,1513.5844063657169,1000.0,1513.7840920800027,1000.0,0.047790604859228744,0.0
10582,1710626460000.0,0.0,0.0,0.02,3616.755714285714,0.0,0.0,3547.28,0.9413943126533779,1.0,1513.5844063657169,1000.0,1512.1948920800025,1000.0,0.047790604859228744,0.0
10583,1710630060000.0,0.0,0.0,0.05,3569.6222857142848,0.0,0.0,3556.05,0.9413943126533779,1.0,1513.5631771657168,1000.0,1512.8845628800025,1000.0,0.11792115253486557,0.0
10584,1710633660000.0,0.0,0.0,0.14,3516.6879591836732,0.0,0.0,3536.49,0.9413943126533779,1.0,1513.5004061257168,1000.0,1516.2726918400026,1000.0,0.3252964533693155,0.0
10585,1710637260000.0,0.0,0.0,0.09,3516.6879591836732,0.0,0.0,3529.39,0.9413943126533779,1.0,1514.7460850665332,1000.0,1515.8892687400025,1000.0,0.20894717566649376,0.0
10586,1710640860000.0,0.0,0.0,0.02,3555.71,0.0,0.0,3565.19,0.9413943126533779,1.0,1517.0904902000032,1000.0,1517.280090200003,1000.0,0.04687538446742539,0.0
10587,1710644460000.0,0.0,0.0,0.02,3573.7675,0.0,0.0,3572.62,0.9413943126533779,1.0,1517.4541934800034,1000.0,1517.4312434800033,1000.0,0.04710214667902718,0.0
10588,1710648060000.0,0.0,0.0,0.02,3573.7675,0.0,0.0,3573.9,0.9413943126533779,1.0,1517.4541934800034,1000.0,1517.4568434800033,1000.0,0.04710214667902718,0.0
10589,1710651660000.0,0.0,0.0,0.02,3573.7675,0.0,0.0,3555.99,0.9413943126533779,1.0,1517.4541934800034,1000.0,1517.0986434800034,1000.0,0.04710214667902718,0.0
10590,1710655260000.0,0.0,0.0,0.02,3573.7675,0.0,0.0,3549.2,0.9413943126533779,1.0,1517.4541934800034,1000.0,1516.9628434800034,1000.0,0.04710214667902718,0.0
10591,1710658860000.0,0.0,0.0,0.14,3474.9882142857136,0.0,0.0,3454.8,0.9413943126533779,1.0,1517.3711888800033,1000.0,1514.5448388800035,1000.0,0.32061920877718286,0.0
10592,1710662460000.0,0.0,0.0,0.14,3474.9882142857136,0.0,0.0,3480.19,0.9413943126533779,1.0,1517.3711888800033,1000.0,1518.0994388800034,1000.0,0.32061920877718286,0.0
10593,1710666060000.0,0.0,0.0,0.05,3474.9882142857136,0.0,0.0,3553.75,0.9413943126533779,1.0,1522.5913430542894,1000.0,1526.5294323400037,1000.0,0.11411427728581962,0.0
10594,1710669660000.0,0.0,0.0,0.03,3474.9882142857136,0.0,0.0,3567.11,0.9413943126533779,1.0,1524.5858770485754,1000.0,1527.349530620004,1000.0,0.06837899261561235,0.0
10595,1710673260000.0,0.0,0.0,0.0,3474.9882142857136,0.0,0.0,3592.28,0.9413943126533779,1.0,1527.5776780400045,1000.0,1527.5776780400045,1000.0,0.0,0.0
10596,1710676860000.0,0.0,0.0,0.0,3474.9882142857136,0.0,0.0,3584.56,0.9413943126533779,1.0,1527.5776780400045,1000.0,1527.5776780400045,1000.0,0.0,0.0
10597,1710680460000.0,0.0,0.0,0.02,3551.64,0.0,0.0,3564.53,0.9413943126533779,1.0,1527.5634714800044,1000.0,1527.8212714800045,1000.0,0.04650071916892509,0.0
10598,1710684060000.0,0.0,0.0,0.0,3551.64,0.0,0.0,3576.22,0.9413943126533779,1.0,1528.0667614000045,1000.0,1528.0667614000045,1000.0,0.0,0.0
10599,1710687660000.0,0.0,0.0,0.0,3551.64,0.0,0.0,3598.18,0.9413943126533779,1.0,1528.0667614000045,1000.0,1528.0667614000045,1000.0,0.0,0.0
10600,1710691260000.0,0.0,0.0,0.0,3551.64,0.0,0.0,3629.39,0.9413943126533779,1.0,1528.0667614000045,1000.0,1528.0667614000045,1000.0,0.0,0.0
10601,1710694860000.0,0.0,0.0,0.0,3551.64,0.0,0.0,3608.03,0.9413943126533779,1.0,1528.0667614000045,1000.0,1528.0667614000045,1000.0,0.0,0.0
10602,1710698460000.0,0.0,0.0,0.0,3551.64,0.0,0.0,3638.43,0.9413943126533779,1.0,1528.0667614000045,1000.0,1528.0667614000045,1000.0,0.0,0.0
10603,1710702060000.0,0.0,0.0,0.0,3551.64,0.0,0.0,3638.33,0.9413943126533779,1.0,1528.0667614000045,1000.0,1528.0667614000045,1000.0,0.0,0.0
10604,1710705660000.0,0.0,0.0,0.0,3551.64,0.0,0.0,3647.22,0.9413943126533779,1.0,1528.0667614000045,1000.0,1528.0667614000045,1000.0,0.0,0.0
10605,1710709260000.0,0.0,0.0,0.0,3551.64,0.0,0.0,3635.59,0.9413943126533779,1.0,1528.0667614000045,1000.0,1528.0667614000045,1000.0,0.0,0.0
10606,1710712860000.0,0.0,0.0,0.0,3551.64,0.0,0.0,3643.92,0.9413943126533779,1.0,1528.0667614000045,1000.0,1528.0667614000045,1000.0,0.0,0.0
10607,1710716460000.0,0.0,0.0,0.0,3551.64,0.0,0.0,3646.41,0.9413943126533779,1.0,1528.0667614000045,1000.0,1528.0667614000045,1000.0,0.0,0.0
10608,1710720060000.0,0.0,0.0,0.0,3551.64,0.0,0.0,3637.64,0.9413943126533779,1.0,1528.0667614000045,1000.0,1528.0667614000045,1000.0,0.0,0.0
10609,1710723660000.0,0.0,0.0,0.02,3592.39,0.0,0.0,3579.28,0.9413943126533779,1.0,1528.0523918400045,1000.0,1527.7901918400046,1000.0,0.04701919933091067,0.0
10610,1710727260000.0,0.0,0.0,0.02,3592.39,0.0,0.0,3602.09,0.9413943126533779,1.0,1528.0523918400045,1000.0,1528.2463918400044,1000.0,0.04701919933091067,0.0
10611,1710730860000.0,0.0,0.0,0.0,3592.39,0.0,0.0,3607.39,0.9413943126533779,1.0,1528.5615175600046,1000.0,1528.5615175600046,1000.0,0.0,0.0
10612,1710734460000.0,0.0,0.0,0.0,3592.39,0.0,0.0,3597.93,0.9413943126533779,1.0,1528.5615175600046,1000.0,1528.5615175600046,1000.0,0.0,0.0
10613,1710738060000.0,0.0,0.0,0.0,3589.26,0.0,0.0,3613.69,0.9413943126533779,1.0,1529.0558988400048,1000.0,1529.0558988400048,1000.0,0.0,0.0
10614,1710741660000.0,0.0,0.0,0.0,3589.26,0.0,0.0,3636.62,0.9413943126533779,1.0,1529.0558988400048,1000.0,1529.0558988400048,1000.0,0.0,0.0
10615,1710745260000.0,0.0,0.0,0.0,3589.26,0.0,0.0,3627.33,0.9413943126533779,1.0,1529.0558988400048,1000.0,1529.0558988400048,1000.0,0.0,0.0
10616,1710748860000.0,0.0,0.0,0.0,3589.26,0.0,0.0,3622.09,0.9413943126533779,1.0,1529.0558988400048,1000.0,1529.0558988400048,1000.0,0.0,0.0
10617,1710752460000.0,0.0,0.0,0.02,3593.8,0.0,0.0,3589.22,0.9413943126533779,1.0,1529.041523640005,1000.0,1528.949923640005,1000.0,0.047007225695802866,0.0
10618,1710756060000.0,0.0,0.0,0.02,3593.8,0.0,0.0,3576.86,0.9413943126533779,1.0,1529.041523640005,1000.0,1528.702723640005,1000.0,0.047007225695802866,0.0
10619,1710759660000.0,0.0,0.0,0.02,3593.8,0.0,0.0,3592.02,0.9413943126533779,1.0,1529.041523640005,1000.0,1529.005923640005,1000.0,0.047007225695802866,0.0
10620,1710763260000.0,0.0,0.0,0.02,3593.8,0.0,0.0,3597.9,0.9413943126533779,1.0,1529.041523640005,1000.0,1529.123523640005,1000.0,0.047007225695802866,0.0
10621,1710766860000.0,0.0,0.0,0.02,3593.8,0.0,0.0,3598.2,0.9413943126533779,1.0,1529.041523640005,1000.0,1529.129523640005,1000.0,0.047007225695802866,0.0
10622,1710770460000.0,0.0,0.0,0.02,3593.8,0.0,0.0,3541.59,0.9413943126533779,1.0,1529.041523640005,1000.0,1527.9973236400049,1000.0,0.047007225695802866,0.0
10623,1710774060000.0,0.0,0.0,0.05,3546.9939999999997,0.0,0.0,3519.81,0.9413943126533779,1.0,1529.0204289000048,1000.0,1527.661228900005,1000.0,0.11598909775691318,0.0
10624,1710777660000.0,0.0,0.0,0.05,3546.9939999999997,0.0,0.0,3525.96,0.9413943126533779,1.0,1529.0204289000048,1000.0,1527.9687289000049,1000.0,0.11598909775691318,0.0
10625,1710781260000.0,0.0,0.0,0.05,3546.9939999999997,0.0,0.0,3495.37,0.9413943126533779,1.0,1529.0204289000048,1000.0,1526.4392289000048,1000.0,0.11598909775691318,0.0
10626,1710784860000.0,0.0,0.0,0.12,3494.476428571428,0.0,0.0,3513.6,0.9413943126533779,1.0,1529.4532451685764,1000.0,1531.7480737400049,1000.0,0.2741745605844604,0.0
10627,1710788460000.0,0.0,0.0,0.12,3494.476428571428,0.0,0.0,3483.5,0.9413943126533779,1.0,1529.4532451685764,1000.0,1528.136073740005,1000.0,0.2741745605844604,0.0
10628,1710792060000.0,0.0,0.0,0.12,3494.476428571428,0.0,0.0,3487.42,0.9413943126533779,1.0,1529.4532451685764,1000.0,1528.606473740005,1000.0,0.2741745605844604,0.0
10629,1710795660000.0,0.0,0.0,0.12,3494.476428571428,0.0,0.0,3513.15,0.9413943126533779,1.0,1529.4532451685764,1000.0,1531.694073740005,1000.0,0.2741745605844604,0.0
10630,1710799260000.0,0.0,0.0,0.06,3494.476428571428,0.0,0.0,3523.19,0.9413943126533779,1.0,1530.9388201742906,1000.0,1532.661634460005,1000.0,0.13695425509584755,0.0
10631,1710802860000.0,0.0,0.0,0.02,3494.476428571428,0.0,0.0,3522.56,0.9413943126533779,1.0,1531.9292035114333,1000.0,1532.4908749400047,1000.0,0.04562190498831819,0.0
10632,1710806460000.0,0.0,0.0,0.02,3494.476428571428,0.0,0.0,3526.21,0.9413943126533779,1.0,1531.9292035114333,1000.0,1532.5638749400048,1000.0,0.04562190498831819,0.0
10633,1710810060000.0,0.0,0.0,0.02,3508.468214285714,0.0,0.0,3456.47,0.9413943126533779,1.0,1532.169754425719,1000.0,1531.1297901400048,1000.0,0.0457973824917428,0.0
10634,1710813660000.0,0.0,0.0,0.14,3411.6833163265305,0.0,0.0,3401.98,0.9413943126533779,1.0,1532.0882611657191,1000.0,1530.7297968800049,1000.0,0.31175466609364655,0.0
10635,1710817260000.0,0.0,0.0,0.08,3411.6833163265305,0.0,0.0,3404.16,0.9413943126533779,1.0,1533.5384237061269,1000.0,1532.9365584000045,1000.0,0.17797706342858816,0.0
10636,1710820860000.0,0.0,0.0,0.05,3411.6833163265305,0.0,0.0,3426.16,0.9413943126533779,1.0,1534.2635049763305,1000.0,1534.987339160004,1000.0,0.11118309551328223,0.0
10637,1710824460000.0,0.0,0.0,0.05,3411.6833163265305,0.0,0.0,3387.54,0.9413943126533779,1.0,1534.2635049763305,1000.0,1533.056339160004,1000.0,0.11118309551328223,0.0
10638,1710828060000.0,0.0,0.0,0.05,3411.6833163265305,0.0,0.0,3379.72,0.9413943126533779,1.0,1534.2635049763305,1000.0,1532.665339160004,1000.0,0.11118309551328223,0.0
10639,1710831660000.0,0.0,0.0,0.05,3411.6833163265305,0.0,0.0,3368.34,0.9413943126533779,1.0,1534.2635049763305,1000.0,1532.096339160004,1000.0,0.11118309551328223,0.0
10640,1710835260000.0,0.0,0.0,0.14,3361.371184402332,0.0,0.0,3352.2,0.9413943126533779,1.0,1534.2035034163305,1000.0,1532.9195376000039,1000.0,0.30673373171709145,0.0
10641,1710838860000.0,34.5580637872256,0.0,0.47,3298.3614166304824,0.0,0.0,3259.82,0.9413943126533779,1.0,1533.9875758363305,1000.0,1515.8731100200039,1000.0,1.0105882800068577,0.0
10642,1710842460000.0,34.5580637872256,0.0,0.47,3298.3614166304824,0.0,0.0,3281.1,0.9413943126533779,1.0,1533.9875758363305,1000.0,1525.8747100200037,1000.0,1.0105882800068577,0.0
10643,1710846060000.0,34.5580637872256,0.0,0.47,3298.3614166304824,0.0,0.0,3234.51,0.9413943126533779,1.0,1533.9875758363305,1000.0,1503.9774100200038,1000.0,1.0105882800068577,0.0
10644,1710849660000.0,34.5580637872256,0.0,0.47,3298.3614166304824,0.0,0.0,3290.21,0.9413943126533779,1.0,1533.9875758363305,1000.0,1530.1564100200037,1000.0,1.0105882800068577,0.0
10645,1710853260000.0,34.5580637872256,0.0,0.47,3298.3614166304824,0.0,0.0,3298.05,0.9413943126533779,1.0,1533.9875758363305,1000.0,1533.841210020004,1000.0,1.0105882800068577,0.0
10646,1710856860000.0,34.5580637872256,0.0,0.47,3298.3614166304824,0.0,0.0,3273.5,0.9413943126533779,1.0,1533.9875758363305,1000.0,1522.3027100200038,1000.0,1.0105882800068577,0.0
10647,1710860460000.0,34.5580637872256,0.0,0.47,3298.3614166304824,0.0,0.0,3245.52,0.9413943126533779,1.0,1533.9875758363305,1000.0,1509.1521100200039,1000.0,1.0105882800068577,0.0
10648,1710864060000.0,0.0,0.0,0.4,3298.3614166304824,0.0,0.0,3311.88,0.9413943126533779,1.0,1535.6237630721967,1000.0,1541.0311964200037,1000.0,0.8591587330041627,0.0
10649,1710867660000.0,0.0,0.0,0.18,3298.3614166304824,0.0,0.0,3324.82,0.9413943126533779,1.0,1540.7660658134907,1000.0,1545.528610820004,1000.0,0.3853310818342975,0.0
10650,1710871260000.0,0.0,0.0,0.1,3298.3614166304824,0.0,0.0,3308.61,0.9413943126533779,1.0,1543.705280183052,1000.0,1544.730138520004,1000.0,0.21366522865293067,0.0
10651,1710874860000.0,0.0,0.0,0.08,3298.3614166304824,0.0,0.0,3313.26,0.9413943126533779,1.0,1544.1727622504425,1000.0,1545.364648920004,1000.0,0.17088043500125077,0.0
10652,1710878460000.0,0.0,0.0,0.04,3298.3614166304824,0.0,0.0,3328.72,0.9413943126533779,1.0,1546.177012485223,1000.0,1547.3913558200038,1000.0,0.08532946460842575,0.0
10653,1710882060000.0,0.0,0.0,0.04,3298.3614166304824,0.0,0.0,3290.99,0.9413943126533779,1.0,1546.177012485223,1000.0,1545.8821558200036,1000.0,0.08532946460842575,0.0
10654,1710885660000.0,0.0,0.0,0.04,3298.3614166304824,0.0,0.0,3288.54,0.9413943126533779,1.0,1546.177012485223,1000.0,1545.7841558200037,1000.0,0.08532946460842575,0.0
10655,1710889260000.0,0.0,0.0,0.11,3251.2568787747214,0.0,0.0,3212.53,0.9413943126533779,1.0,1546.131871725223,1000.0,1541.8719150600036,1000.0,0.23131161268033057,0.0
10656,1710892860000.0,32.71804461223744,0.0,0.49,3187.597666663713,0.0,0.0,3175.14,0.9413943126533779,1.0,1545.891014805223,1000.0,1539.7867581400035,1000.0,1.0103706158496666,0.0
10657,1710896460000.0,0.0,0.0,0.21,3187.597666663713,0.0,0.0,3228.17,0.9413943126533779,1.0,1552.2162616593835,1000.0,1560.7364516600037,1000.0,0.4312514477098495,0.0
10658,1710900060000.0,0.0,0.0,0.13,3187.597666663713,0.0,0.0,3170.07,0.9413943126533779,1.0,1554.0234750462866,1000.0,1551.744878380004,1000.0,0.2666547213219801,0.0
10659,1710903660000.0,0.0,0.0,0.08,3187.597666663713,0.0,0.0,3226.85,0.9413943126533779,1.0,1555.1529834131015,1000.0,1558.2931700800045,1000.0,0.16397603068826722,0.0
10660,1710907260000.0,0.0,0.0,0.06,3187.597666663713,0.0,0.0,3178.06,0.9413943126533779,1.0,1556.2936489598274,1000.0,1555.7213889600046,1000.0,0.12289188491365466,0.0
10661,1710910860000.0,0.0,0.0,0.16,3141.4491249988923,0.0,0.0,3136.81,0.9413943126533779,1.0,1556.2313737598274,1000.0,1555.4891137600046,1000.0,0.3229801612246597,0.0
10662,1710914460000.0,0.0,0.0,0.42,3083.751719999646,0.0,0.0,3111.81,0.9413943126533779,1.0,1557.7712878398556,1000.0,1569.5557654400043,1000.0,0.8314286779517276,0.0
10663,1710918060000.0,0.0,0.0,0.07,3083.751719999646,0.0,0.0,3143.0,0.9413943126533779,1.0,1577.0844166399795,1000.0,1581.2317962400043,1000.0,0.13687448694717072,0.0
10664,1710921660000.0,0.0,0.0,0.01,3083.751719999646,0.0,0.0,3212.35,0.9413943126533779,1.0,1584.060805460001,1000.0,1585.3467882600044,1000.0,0.019467382245494956,0.0
10665,1710925260000.0,0.0,0.0,0.01,3083.751719999646,0.0,0.0,3224.28,0.9413943126533779,1.0,1584.060805460001,1000.0,1585.4660882600044,1000.0,0.019467382245494956,0.0
10666,1710928860000.0,0.0,0.0,0.0,3083.751719999646,0.0,0.0,3230.14,0.9413943126533779,1.0,1585.6124091400045,1000.0,1585.6124091400045,1000.0,0.0,0.0
10667,1710932460000.0,0.0,0.0,0.0,3083.751719999646,0.0,0.0,3228.53,0.9413943126533779,1.0,1585.6124091400045,1000.0,1585.6124091400045,1000.0,0.0,0.0
10668,1710936060000.0,0.0,0.0,0.0,3083.751719999646,0.0,0.0,3288.61,0.9413943126533779,1.0,1585.6124091400045,1000.0,1585.6124091400045,1000.0,0.0,0.0
10669,1710939660000.0,0.0,0.0,0.0,3083.751719999646,0.0,0.0,3351.17,0.9413943126533779,1.0,1585.6124091400045,1000.0,1585.6124091400045,1000.0,0.0,0.0
10670,1710943260000.0,0.0,0.0,0.0,3083.751719999646,0.0,0.0,3334.51,0.9413943126533779,1.0,1585.6124091400045,1000.0,1585.6124091400045,1000.0,0.0,0.0
10671,1710946860000.0,0.0,0.0,0.0,3083.751719999646,0.0,0.0,3396.37,0.9413943126533779,1.0,1585.6124091400045,1000.0,1585.6124091400045,1000.0,0.0,0.0
10672,1710950460000.0,0.0,0.0,0.0,3083.751719999646,0.0,0.0,3283.56,0.9413943126533779,1.0,1585.6124091400045,1000.0,1585.6124091400045,1000.0,0.0,0.0
10673,1710954060000.0,0.0,0.0,0.02,3250.98,0.0,0.0,3233.06,0.9413943126533779,1.0,1587.1908521200044,1000.0,1586.8324521200043,1000.0,0.04096520586239114,0.0
10674,1710957660000.0,0.0,0.0,0.0,3250.98,0.0,0.0,3311.79,0.9413943126533779,1.0,1588.0028831600043,1000.0,1588.0028831600043,1000.0,0.0,0.0
10675,1710961260000.0,0.0,0.0,0.0,3250.98,0.0,0.0,3384.67,0.9413943126533779,1.0,1588.0028831600043,1000.0,1588.0028831600043,1000.0,0.0,0.0
10676,1710964860000.0,0.0,0.0,0.0,3250.98,0.0,0.0,3374.41,0.9413943126533779,1.0,1588.0028831600043,1000.0,1588.0028831600043,1000.0,0.0,0.0
10677,1710968460000.0,0.0,0.0,0.0,3250.98,0.0,0.0,3468.07,0.9413943126533779,1.0,1588.0028831600043,1000.0,1588.0028831600043,1000.0,0.0,0.0
10678,1710972060000.0,0.0,0.0,0.0,3250.98,0.0,0.0,3497.42,0.9413943126533779,1.0,1588.0028831600043,1000.0,1588.0028831600043,1000.0,0.0,0.0
10679,1710975660000.0,0.0,0.0,0.0,3250.98,0.0,0.0,3513.04,0.9413943126533779,1.0,1588.0028831600043,1000.0,1588.0028831600043,1000.0,0.0,0.0
10680,1710979260000.0,0.0,0.0,0.0,3250.98,0.0,0.0,3508.52,0.9413943126533779,1.0,1588.0028831600043,1000.0,1588.0028831600043,1000.0,0.0,0.0
10681,1710982860000.0,0.0,0.0,0.0,3250.98,0.0,0.0,3518.74,0.9413943126533779,1.0,1588.0028831600043,1000.0,1588.0028831600043,1000.0,0.0,0.0
10682,1710986460000.0,0.0,0.0,0.0,3250.98,0.0,0.0,3539.91,0.9413943126533779,1.0,1588.0028831600043,1000.0,1588.0028831600043,1000.0,0.0,0.0
10683,1710990060000.0,0.0,0.0,0.0,3250.98,0.0,0.0,3547.06,0.9413943126533779,1.0,1588.0028831600043,1000.0,1588.0028831600043,1000.0,0.0,0.0
10684,1710993660000.0,0.0,0.0,0.0,3250.98,0.0,0.0,3522.66,0.9413943126533779,1.0,1588.0028831600043,1000.0,1588.0028831600043,1000.0,0.0,0.0
10685,1710997260000.0,0.0,0.0,0.0,3250.98,0.0,0.0,3492.62,0.9413943126533779,1.0,1588.0028831600043,1000.0,1588.0028831600043,1000.0,0.0,0.0
10686,1711000860000.0,0.0,0.0,0.0,3250.98,0.0,0.0,3524.61,0.9413943126533779,1.0,1588.0028831600043,1000.0,1588.0028831600043,1000.0,0.0,0.0
10687,1711004460000.0,0.0,0.0,0.0,3250.98,0.0,0.0,3507.67,0.9413943126533779,1.0,1588.0028831600043,1000.0,1588.0028831600043,1000.0,0.0,0.0
10688,1711008060000.0,0.0,0.0,0.0,3250.98,0.0,0.0,3523.45,0.9413943126533779,1.0,1588.0028831600043,1000.0,1588.0028831600043,1000.0,0.0,0.0
10689,1711011660000.0,0.0,0.0,0.0,3250.98,0.0,0.0,3579.0,0.9413943126533779,1.0,1588.0028831600043,1000.0,1588.0028831600043,1000.0,0.0,0.0
10690,1711015260000.0,0.0,0.0,0.0,3250.98,0.0,0.0,3545.55,0.9413943126533779,1.0,1588.0028831600043,1000.0,1588.0028831600043,1000.0,0.0,0.0
10691,1711018860000.0,0.0,0.0,0.0,3250.98,0.0,0.0,3549.02,0.9413943126533779,1.0,1588.0028831600043,1000.0,1588.0028831600043,1000.0,0.0,0.0
10692,1711022460000.0,0.0,0.0,0.0,3250.98,0.0,0.0,3539.47,0.9413943126533779,1.0,1588.0028831600043,1000.0,1588.0028831600043,1000.0,0.0,0.0
10693,1711026060000.0,0.0,0.0,0.0,3250.98,0.0,0.0,3547.38,0.9413943126533779,1.0,1588.0028831600043,1000.0,1588.0028831600043,1000.0,0.0,0.0
10694,1711029660000.0,0.0,0.0,0.0,3250.98,0.0,0.0,3515.19,0.9413943126533779,1.0,1588.0028831600043,1000.0,1588.0028831600043,1000.0,0.0,0.0
10695,1711033260000.0,0.0,0.0,0.0,3250.98,0.0,0.0,3533.14,0.9413943126533779,1.0,1588.0028831600043,1000.0,1588.0028831600043,1000.0,0.0,0.0
10696,1711036860000.0,0.0,0.0,0.0,3250.98,0.0,0.0,3492.59,0.9413943126533779,1.0,1588.0028831600043,1000.0,1588.0028831600043,1000.0,0.0,0.0
10697,1711040460000.0,0.0,0.0,0.0,3250.98,0.0,0.0,3530.03,0.9413943126533779,1.0,1588.0028831600043,1000.0,1588.0028831600043,1000.0,0.0,0.0
10698,1711044060000.0,0.0,0.0,0.02,3471.0,0.0,0.0,3476.61,0.9413943126533779,1.0,1587.9889991600044,1000.0,1588.1011991600044,1000.0,0.043715668078759345,0.0
10699,1711047660000.0,0.0,0.0,0.02,3471.0,0.0,0.0,3436.49,0.9413943126533779,1.0,1587.9889991600044,1000.0,1587.2987991600044,1000.0,0.043715668078759345,0.0
10700,1711051260000.0,0.0,0.0,0.02,3471.0,0.0,0.0,3431.79,0.9413943126533779,1.0,1587.9889991600044,1000.0,1587.2047991600043,1000.0,0.043715668078759345,0.0
10701,1711054860000.0,0.0,0.0,0.0,3460.99,0.0,0.0,3484.89,0.9413943126533779,1.0,1588.9574252000039,1000.0,1588.9574252000039,1000.0,0.0,0.0
10702,1711058460000.0,0.0,0.0,0.0,3460.99,0.0,0.0,3505.98,0.9413943126533779,1.0,1588.9574252000039,1000.0,1588.9574252000039,1000.0,0.0,0.0
10703,1711062060000.0,0.0,0.0,0.0,3460.99,0.0,0.0,3489.07,0.9413943126533779,1.0,1588.9574252000039,1000.0,1588.9574252000039,1000.0,0.0,0.0
10704,1711065660000.0,0.0,0.0,0.0,3460.99,0.0,0.0,3494.27,0.9413943126533779,1.0,1588.9574252000039,1000.0,1588.9574252000039,1000.0,0.0,0.0
10705,1711069260000.0,0.0,0.0,0.0,3460.99,0.0,0.0,3490.64,0.9413943126533779,1.0,1588.9574252000039,1000.0,1588.9574252000039,1000.0,0.0,0.0
10706,1711072860000.0,0.0,0.0,0.02,3466.44,0.0,0.0,3475.0,0.9413943126533779,1.0,1588.9435594400038,1000.0,1589.1147594400038,1000.0,0.043632009197629246,0.0
10707,1711076460000.0,0.0,0.0,0.02,3466.44,0.0,0.0,3489.29,0.9413943126533779,1.0,1588.9435594400038,1000.0,1589.400559440004,1000.0,0.043632009197629246,0.0
10708,1711080060000.0,0.0,0.0,0.0,3466.44,0.0,0.0,3522.18,0.9413943126533779,1.0,1589.809417700004,1000.0,1589.809417700004,1000.0,0.0,0.0
10709,1711083660000.0,0.0,0.0,0.0,3466.44,0.0,0.0,3517.69,0.9413943126533779,1.0,1589.809417700004,1000.0,1589.809417700004,1000.0,0.0,0.0
10710,1711087260000.0,0.0,0.0,0.0,3466.44,0.0,0.0,3533.56,0.9413943126533779,1.0,1589.809417700004,1000.0,1589.809417700004,1000.0,0.0,0.0
10711,1711090860000.0,0.0,0.0,0.0,3466.44,0.0,0.0,3530.55,0.9413943126533779,1.0,1589.809417700004,1000.0,1589.809417700004,1000.0,0.0,0.0
10712,1711094460000.0,0.0,0.0,0.0,3466.44,0.0,0.0,3515.13,0.9413943126533779,1.0,1589.809417700004,1000.0,1589.809417700004,1000.0,0.0,0.0
10713,1711098060000.0,0.0,0.0,0.02,3478.29,0.0,0.0,3486.31,0.9413943126533779,1.0,1589.795504540004,1000.0,1589.955904540004,1000.0,0.04375770330293415,0.0
10714,1711101660000.0,0.0,0.0,0.02,3478.29,0.0,0.0,3471.54,0.9413943126533779,1.0,1589.795504540004,1000.0,1589.660504540004,1000.0,0.04375770330293415,0.0
10715,1711105260000.0,0.0,0.0,0.02,3478.29,0.0,0.0,3439.49,0.9413943126533779,1.0,1589.795504540004,1000.0,1589.019504540004,1000.0,0.04375770330293415,0.0
10716,1711108860000.0,0.0,0.0,0.05,3433.122,0.0,0.0,3404.66,0.9413943126533779,1.0,1589.775086480004,1000.0,1588.351986480004,1000.0,0.10797508494114842,0.0
10717,1711112460000.0,0.0,0.0,0.05,3433.122,0.0,0.0,3412.54,0.9413943126533779,1.0,1589.775086480004,1000.0,1588.745986480004,1000.0,0.10797508494114842,0.0
10718,1711116060000.0,0.0,0.0,0.14,3382.630714285714,0.0,0.0,3341.4,0.9413943126533779,1.0,1589.7147040400039,1000.0,1583.942404040004,1000.0,0.2978951498633701,0.0
10719,1711119660000.0,7.632319083325001,0.0,0.48,3319.0714583333333,0.0,0.0,3290.26,0.9413943126533779,1.0,1589.490786840004,1000.0,1575.661286840004,1000.0,1.002304834472982,0.0
10720,1711123260000.0,0.0,0.0,0.24,3319.0714583333333,0.0,0.0,3337.2,0.9413943126533779,1.0,1597.287329920004,1000.0,1601.638179920004,1000.0,0.49870623467594555,0.0
10721,1711126860000.0,0.0,0.0,0.13,3319.0714583333333,0.0,0.0,3325.34,0.9413943126533779,1.0,1599.8745177833373,1000.0,1600.689428200004,1000.0,0.2696957072490646,0.0
10722,1711130460000.0,0.0,0.0,0.06,3319.0714583333333,0.0,0.0,3342.17,0.9413943126533779,1.0,1601.5209100600048,1000.0,1602.9068225600047,1000.0,0.12434697933012849,0.0
10723,1711134060000.0,0.0,0.0,0.02,3332.240729166667,0.0,0.0,3340.73,0.9413943126533779,1.0,1602.690213723339,1000.0,1602.8599991400056,1000.0,0.04158309198663252,0.0
10724,1711137660000.0,0.0,0.0,0.02,3344.6503645833336,0.0,0.0,3342.58,0.9413943126533779,1.0,1602.9195792716723,1000.0,1602.8781719800056,1000.0,0.041731979668038766,0.0
10725,1711141260000.0,0.0,0.0,0.02,3344.6503645833336,0.0,0.0,3316.87,0.9413943126533779,1.0,1602.9195792716723,1000.0,1602.3639719800055,1000.0,0.041731979668038766,0.0
10726,1711144860000.0,0.0,0.0,0.05,3301.294145833333,0.0,0.0,3299.87,0.9413943126533779,1.0,1602.8999449316723,1000.0,1602.8287376400056,1000.0,0.10297879653286965,0.0
10727,1711148460000.0,0.0,0.0,0.05,3301.294145833333,0.0,0.0,3287.66,0.9413943126533779,1.0,1602.8999449316723,1000.0,1602.2182376400056,1000.0,0.10297879653286965,0.0
10728,1711152060000.0,0.0,0.0,0.02,3301.294145833333,0.0,0.0,3330.18,0.9413943126533779,1.0,1603.6016684566723,1000.0,1604.1793855400056,1000.0,0.04117349352736135,0.0
10729,1711155660000.0,0.0,0.0,0.02,3312.707072916666,0.0,0.0,3324.45,0.9413943126533779,1.0,1603.828928058339,1000.0,1604.0637866000056,1000.0,0.041309980322242534,0.0
10730,1711159260000.0,0.0,0.0,0.02,3340.9,0.0,0.0,3346.36,0.9413943126533779,1.0,1604.5147793000056,1000.0,1604.6239793000057,1000.0,0.041643742308905614,0.0
10731,1711162860000.0,0.0,0.0,0.02,3340.9,0.0,0.0,3335.39,0.9413943126533779,1.0,1604.5147793000056,1000.0,1604.4045793000055,1000.0,0.041643742308905614,0.0
10732,1711166460000.0,0.0,0.0,0.02,3340.9,0.0,0.0,3306.6,0.9413943126533779,1.0,1604.5147793000056,1000.0,1603.8287793000056,1000.0,0.041643742308905614,0.0
10733,1711170060000.0,0.0,0.0,0.02,3340.9,0.0,0.0,3330.19,0.9413943126533779,1.0,1604.5147793000056,1000.0,1604.3005793000057,1000.0,0.041643742308905614,0.0
10734,1711173660000.0,0.0,0.0,0.02,3340.9,0.0,0.0,3335.0,0.9413943126533779,1.0,1604.5147793000056,1000.0,1604.3967793000056,1000.0,0.041643742308905614,0.0
10735,1711177260000.0,0.0,0.0,0.02,3340.9,0.0,0.0,3347.1,0.9413943126533779,1.0,1604.5147793000056,1000.0,1604.6387793000056,1000.0,0.041643742308905614,0.0
10736,1711180860000.0,0.0,0.0,0.0,3340.9,0.0,0.0,3369.45,0.9413943126533779,1.0,1604.9883183000056,1000.0,1604.9883183000056,1000.0,0.0,0.0
10737,1711184460000.0,0.0,0.0,0.0,3340.9,0.0,0.0,3350.81,0.9413943126533779,1.0,1604.9883183000056,1000.0,1604.9883183000056,1000.0,0.0,0.0
10738,1711188060000.0,0.0,0.0,0.0,3340.9,0.0,0.0,3362.0,0.9413943126533779,1.0,1604.9883183000056,1000.0,1604.9883183000056,1000.0,0.0,0.0
10739,1711191660000.0,0.0,0.0,0.0,3340.9,0.0,0.0,3353.3,0.9413943126533779,1.0,1604.9883183000056,1000.0,1604.9883183000056,1000.0,0.0,0.0
10740,1711195260000.0,0.0,0.0,0.0,3340.9,0.0,0.0,3364.26,0.9413943126533779,1.0,1604.9883183000056,1000.0,1604.9883183000056,1000.0,0.0,0.0
10741,1711198860000.0,0.0,0.0,0.0,3340.9,0.0,0.0,3365.44,0.9413943126533779,1.0,1604.9883183000056,1000.0,1604.9883183000056,1000.0,0.0,0.0
10742,1711202460000.0,0.0,0.0,0.0,3340.9,0.0,0.0,3371.57,0.9413943126533779,1.0,1604.9883183000056,1000.0,1604.9883183000056,1000.0,0.0,0.0
10743,1711206060000.0,0.0,0.0,0.0,3340.9,0.0,0.0,3412.06,0.9413943126533779,1.0,1604.9883183000056,1000.0,1604.9883183000056,1000.0,0.0,0.0
10744,1711209660000.0,0.0,0.0,0.0,3340.9,0.0,0.0,3396.11,0.9413943126533779,1.0,1604.9883183000056,1000.0,1604.9883183000056,1000.0,0.0,0.0
10745,1711213260000.0,0.0,0.0,0.0,3340.9,0.0,0.0,3416.36,0.9413943126533779,1.0,1604.9883183000056,1000.0,1604.9883183000056,1000.0,0.0,0.0
10746,1711216860000.0,0.0,0.0,0.0,3340.9,0.0,0.0,3409.55,0.9413943126533779,1.0,1604.9883183000056,1000.0,1604.9883183000056,1000.0,0.0,0.0
10747,1711220460000.0,0.0,0.0,0.0,3340.9,0.0,0.0,3411.89,0.9413943126533779,1.0,1604.9883183000056,1000.0,1604.9883183000056,1000.0,0.0,0.0
10748,1711224060000.0,0.0,0.0,0.0,3340.9,0.0,0.0,3389.06,0.9413943126533779,1.0,1604.9883183000056,1000.0,1604.9883183000056,1000.0,0.0,0.0
10749,1711227660000.0,0.0,0.0,0.0,3340.9,0.0,0.0,3385.15,0.9413943126533779,1.0,1604.9883183000056,1000.0,1604.9883183000056,1000.0,0.0,0.0
10750,1711231260000.0,0.0,0.0,0.0,3340.9,0.0,0.0,3393.37,0.9413943126533779,1.0,1604.9883183000056,1000.0,1604.9883183000056,1000.0,0.0,0.0
10751,1711234860000.0,0.0,0.0,0.0,3340.9,0.0,0.0,3376.11,0.9413943126533779,1.0,1604.9883183000056,1000.0,1604.9883183000056,1000.0,0.0,0.0
10752,1711238460000.0,0.0,0.0,0.02,3360.8,0.0,0.0,3340.07,0.9413943126533779,1.0,1604.9748751000056,1000.0,1604.5602751000056,1000.0,0.04187978331798608,0.0
10753,1711242060000.0,0.0,0.0,0.02,3360.8,0.0,0.0,3359.78,0.9413943126533779,1.0,1604.9748751000056,1000.0,1604.9544751000055,1000.0,0.04187978331798608,0.0
10754,1711245660000.0,0.0,0.0,0.02,3360.8,0.0,0.0,3349.69,0.9413943126533779,1.0,1604.9748751000056,1000.0,1604.7526751000057,1000.0,0.04187978331798608,0.0
10755,1711249260000.0,0.0,0.0,0.02,3360.8,0.0,0.0,3341.61,0.9413943126533779,1.0,1604.9748751000056,1000.0,1604.5910751000056,1000.0,0.04187978331798608,0.0
10756,1711252860000.0,0.0,0.0,0.02,3360.8,0.0,0.0,3309.35,0.9413943126533779,1.0,1604.9748751000056,1000.0,1603.9458751000057,1000.0,0.04187978331798608,0.0
10757,1711256460000.0,0.0,0.0,0.02,3360.8,0.0,0.0,3322.92,0.9413943126533779,1.0,1604.9748751000056,1000.0,1604.2172751000057,1000.0,0.04187978331798608,0.0
10758,1711260060000.0,0.0,0.0,0.02,3360.8,0.0,0.0,3326.53,0.9413943126533779,1.0,1604.9748751000056,1000.0,1604.2894751000056,1000.0,0.04187978331798608,0.0
10759,1711263660000.0,0.0,0.0,0.02,3360.8,0.0,0.0,3326.02,0.9413943126533779,1.0,1604.9748751000056,1000.0,1604.2792751000056,1000.0,0.04187978331798608,0.0
10760,1711267260000.0,0.0,0.0,0.02,3360.8,0.0,0.0,3339.02,0.9413943126533779,1.0,1604.9748751000056,1000.0,1604.5392751000056,1000.0,0.04187978331798608,0.0
10761,1711270860000.0,0.0,0.0,0.02,3360.8,0.0,0.0,3376.7,0.9413943126533779,1.0,1604.9748751000056,1000.0,1605.2928751000056,1000.0,0.04187978331798608,0.0
10762,1711274460000.0,0.0,0.0,0.02,3360.8,0.0,0.0,3371.12,0.9413943126533779,1.0,1604.9748751000056,1000.0,1605.1812751000057,1000.0,0.04187978331798608,0.0
10763,1711278060000.0,0.0,0.0,0.0,3360.8,0.0,0.0,3374.16,0.9413943126533779,1.0,1605.4511339400055,1000.0,1605.4511339400055,1000.0,0.0,0.0
10764,1711281660000.0,0.0,0.0,0.0,3360.8,0.0,0.0,3386.85,0.9413943126533779,1.0,1605.4511339400055,1000.0,1605.4511339400055,1000.0,0.0,0.0
10765,1711285260000.0,0.0,0.0,0.0,3360.8,0.0,0.0,3408.88,0.9413943126533779,1.0,1605.4511339400055,1000.0,1605.4511339400055,1000.0,0.0,0.0
10766,1711288860000.0,0.0,0.0,0.0,3360.8,0.0,0.0,3391.81,0.9413943126533779,1.0,1605.4511339400055,1000.0,1605.4511339400055,1000.0,0.0,0.0
10767,1711292460000.0,0.0,0.0,0.0,3360.8,0.0,0.0,3399.45,0.9413943126533779,1.0,1605.4511339400055,1000.0,1605.4511339400055,1000.0,0.0,0.0
10768,1711296060000.0,0.0,0.0,0.0,3360.8,0.0,0.0,3404.59,0.9413943126533779,1.0,1605.4511339400055,1000.0,1605.4511339400055,1000.0,0.0,0.0
10769,1711299660000.0,0.0,0.0,0.0,3360.8,0.0,0.0,3372.96,0.9413943126533779,1.0,1605.4511339400055,1000.0,1605.4511339400055,1000.0,0.0,0.0
10770,1711303260000.0,0.0,0.0,0.0,3354.11,0.0,0.0,3374.27,0.9413943126533779,1.0,1605.9130033000058,1000.0,1605.9130033000058,1000.0,0.0,0.0
10771,1711306860000.0,0.0,0.0,0.0,3354.11,0.0,0.0,3390.47,0.9413943126533779,1.0,1605.9130033000058,1000.0,1605.9130033000058,1000.0,0.0,0.0
10772,1711310460000.0,0.0,0.0,0.0,3354.11,0.0,0.0,3381.51,0.9413943126533779,1.0,1605.9130033000058,1000.0,1605.9130033000058,1000.0,0.0,0.0
10773,1711314060000.0,0.0,0.0,0.0,3354.11,0.0,0.0,3420.68,0.9413943126533779,1.0,1605.9130033000058,1000.0,1605.9130033000058,1000.0,0.0,0.0
10774,1711317660000.0,0.0,0.0,0.0,3354.11,0.0,0.0,3430.93,0.9413943126533779,1.0,1605.9130033000058,1000.0,1605.9130033000058,1000.0,0.0,0.0
10775,1711321260000.0,0.0,0.0,0.0,3354.11,0.0,0.0,3446.08,0.9413943126533779,1.0,1605.9130033000058,1000.0,1605.9130033000058,1000.0,0.0,0.0
10776,1711324860000.0,0.0,0.0,0.0,3354.11,0.0,0.0,3451.28,0.9413943126533779,1.0,1605.9130033000058,1000.0,1605.9130033000058,1000.0,0.0,0.0
10777,1711328460000.0,0.0,0.0,0.0,3354.11,0.0,0.0,3437.64,0.9413943126533779,1.0,1605.9130033000058,1000.0,1605.9130033000058,1000.0,0.0,0.0
10778,1711332060000.0,0.0,0.0,0.0,3354.11,0.0,0.0,3437.51,0.9413943126533779,1.0,1605.9130033000058,1000.0,1605.9130033000058,1000.0,0.0,0.0
10779,1711335660000.0,0.0,0.0,0.0,3354.11,0.0,0.0,3440.26,0.9413943126533779,1.0,1605.9130033000058,1000.0,1605.9130033000058,1000.0,0.0,0.0
10780,1711339260000.0,0.0,0.0,0.0,3354.11,0.0,0.0,3452.61,0.9413943126533779,1.0,1605.9130033000058,1000.0,1605.9130033000058,1000.0,0.0,0.0
10781,1711342860000.0,0.0,0.0,0.0,3354.11,0.0,0.0,3491.65,0.9413943126533779,1.0,1605.9130033000058,1000.0,1605.9130033000058,1000.0,0.0,0.0
10782,1711346460000.0,0.0,0.0,0.0,3354.11,0.0,0.0,3486.78,0.9413943126533779,1.0,1605.9130033000058,1000.0,1605.9130033000058,1000.0,0.0,0.0
10783,1711350060000.0,0.0,0.0,0.0,3354.11,0.0,0.0,3471.96,0.9413943126533779,1.0,1605.9130033000058,1000.0,1605.9130033000058,1000.0,0.0,0.0
10784,1711353660000.0,0.0,0.0,0.0,3354.11,0.0,0.0,3451.35,0.9413943126533779,1.0,1605.9130033000058,1000.0,1605.9130033000058,1000.0,0.0,0.0
10785,1711357260000.0,0.0,0.0,0.0,3354.11,0.0,0.0,3453.4,0.9413943126533779,1.0,1605.9130033000058,1000.0,1605.9130033000058,1000.0,0.0,0.0
10786,1711360860000.0,0.0,0.0,0.0,3354.11,0.0,0.0,3456.42,0.9413943126533779,1.0,1605.9130033000058,1000.0,1605.9130033000058,1000.0,0.0,0.0
10787,1711364460000.0,0.0,0.0,0.0,3354.11,0.0,0.0,3456.5,0.9413943126533779,1.0,1605.9130033000058,1000.0,1605.9130033000058,1000.0,0.0,0.0
10788,1711368060000.0,0.0,0.0,0.0,3354.11,0.0,0.0,3438.28,0.9413943126533779,1.0,1605.9130033000058,1000.0,1605.9130033000058,1000.0,0.0,0.0
10789,1711371660000.0,0.0,0.0,0.0,3354.11,0.0,0.0,3453.01,0.9413943126533779,1.0,1605.9130033000058,1000.0,1605.9130033000058,1000.0,0.0,0.0
10790,1711375260000.0,0.0,0.0,0.0,3354.11,0.0,0.0,3498.21,0.9413943126533779,1.0,1605.9130033000058,1000.0,1605.9130033000058,1000.0,0.0,0.0
10791,1711378860000.0,0.0,0.0,0.0,3354.11,0.0,0.0,3578.26,0.9413943126533779,1.0,1605.9130033000058,1000.0,1605.9130033000058,1000.0,0.0,0.0
10792,1711382460000.0,0.0,0.0,0.0,3354.11,0.0,0.0,3579.57,0.9413943126533779,1.0,1605.9130033000058,1000.0,1605.9130033000058,1000.0,0.0,0.0
10793,1711386060000.0,0.0,0.0,0.0,3354.11,0.0,0.0,3617.88,0.9413943126533779,1.0,1605.9130033000058,1000.0,1605.9130033000058,1000.0,0.0,0.0
10794,1711389660000.0,0.0,0.0,0.0,3354.11,0.0,0.0,3646.6,0.9413943126533779,1.0,1605.9130033000058,1000.0,1605.9130033000058,1000.0,0.0,0.0
10795,1711393260000.0,0.0,0.0,0.0,3354.11,0.0,0.0,3637.6,0.9413943126533779,1.0,1605.9130033000058,1000.0,1605.9130033000058,1000.0,0.0,0.0
10796,1711396860000.0,0.0,0.0,0.0,3354.11,0.0,0.0,3638.78,0.9413943126533779,1.0,1605.9130033000058,1000.0,1605.9130033000058,1000.0,0.0,0.0
10797,1711400460000.0,0.0,0.0,0.0,3354.11,0.0,0.0,3627.15,0.9413943126533779,1.0,1605.9130033000058,1000.0,1605.9130033000058,1000.0,0.0,0.0
10798,1711404060000.0,0.0,0.0,0.0,3354.11,0.0,0.0,3598.88,0.9413943126533779,1.0,1605.9130033000058,1000.0,1605.9130033000058,1000.0,0.0,0.0
10799,1711407660000.0,0.0,0.0,0.0,3354.11,0.0,0.0,3613.73,0.9413943126533779,1.0,1605.9130033000058,1000.0,1605.9130033000058,1000.0,0.0,0.0
10800,1711411260000.0,0.0,0.0,0.0,3354.11,0.0,0.0,3589.04,0.9413943126533779,1.0,1605.9130033000058,1000.0,1605.9130033000058,1000.0,0.0,0.0
10801,1711414860000.0,0.0,0.0,0.0,3354.11,0.0,0.0,3598.85,0.9413943126533779,1.0,1605.9130033000058,1000.0,1605.9130033000058,1000.0,0.0,0.0
10802,1711418460000.0,0.0,0.0,0.0,3354.11,0.0,0.0,3608.39,0.9413943126533779,1.0,1605.9130033000058,1000.0,1605.9130033000058,1000.0,0.0,0.0
10803,1711422060000.0,0.0,0.0,0.0,3354.11,0.0,0.0,3620.23,0.9413943126533779,1.0,1605.9130033000058,1000.0,1605.9130033000058,1000.0,0.0,0.0
10804,1711425660000.0,0.0,0.0,0.0,3354.11,0.0,0.0,3629.98,0.9413943126533779,1.0,1605.9130033000058,1000.0,1605.9130033000058,1000.0,0.0,0.0
10805,1711429260000.0,0.0,0.0,0.0,3354.11,0.0,0.0,3634.84,0.9413943126533779,1.0,1605.9130033000058,1000.0,1605.9130033000058,1000.0,0.0,0.0
10806,1711432860000.0,0.0,0.0,0.0,3354.11,0.0,0.0,3631.54,0.9413943126533779,1.0,1605.9130033000058,1000.0,1605.9130033000058,1000.0,0.0,0.0
10807,1711436460000.0,0.0,0.0,0.0,3354.11,0.0,0.0,3655.35,0.9413943126533779,1.0,1605.9130033000058,1000.0,1605.9130033000058,1000.0,0.0,0.0
10808,1711440060000.0,0.0,0.0,0.0,3354.11,0.0,0.0,3645.9,0.9413943126533779,1.0,1605.9130033000058,1000.0,1605.9130033000058,1000.0,0.0,0.0
10809,1711443660000.0,0.0,0.0,0.0,3354.11,0.0,0.0,3652.59,0.9413943126533779,1.0,1605.9130033000058,1000.0,1605.9130033000058,1000.0,0.0,0.0
10810,1711447260000.0,0.0,0.0,0.0,3354.11,0.0,0.0,3668.85,0.9413943126533779,1.0,1605.9130033000058,1000.0,1605.9130033000058,1000.0,0.0,0.0
10811,1711450860000.0,0.0,0.0,0.0,3354.11,0.0,0.0,3651.33,0.9413943126533779,1.0,1605.9130033000058,1000.0,1605.9130033000058,1000.0,0.0,0.0
10812,1711454460000.0,0.0,0.0,0.0,3354.11,0.0,0.0,3633.45,0.9413943126533779,1.0,1605.9130033000058,1000.0,1605.9130033000058,1000.0,0.0,0.0
10813,1711458060000.0,0.0,0.0,0.0,3354.11,0.0,0.0,3646.54,0.9413943126533779,1.0,1605.9130033000058,1000.0,1605.9130033000058,1000.0,0.0,0.0
10814,1711461660000.0,0.0,0.0,0.0,3354.11,0.0,0.0,3611.37,0.9413943126533779,1.0,1605.9130033000058,1000.0,1605.9130033000058,1000.0,0.0,0.0
10815,1711465260000.0,0.0,0.0,0.02,3590.55,0.0,0.0,3584.3,0.9413943126533779,1.0,1605.8986411000058,1000.0,1605.7736411000058,1000.0,0.044717018971266474,0.0
10816,1711468860000.0,0.0,0.0,0.02,3590.55,0.0,0.0,3604.8,0.9413943126533779,1.0,1605.8986411000058,1000.0,1606.1836411000058,1000.0,0.044717018971266474,0.0
10817,1711472460000.0,0.0,0.0,0.02,3590.55,0.0,0.0,3573.41,0.9413943126533779,1.0,1605.8986411000058,1000.0,1605.5558411000059,1000.0,0.044717018971266474,0.0
10818,1711476060000.0,0.0,0.0,0.02,3590.55,0.0,0.0,3586.48,0.9413943126533779,1.0,1605.8986411000058,1000.0,1605.8172411000057,1000.0,0.044717018971266474,0.0
10819,1711479660000.0,0.0,0.0,0.02,3590.55,0.0,0.0,3580.58,0.9413943126533779,1.0,1605.8986411000058,1000.0,1605.6992411000058,1000.0,0.044717018971266474,0.0
10820,1711483260000.0,0.0,0.0,0.02,3590.55,0.0,0.0,3561.41,0.9413943126533779,1.0,1605.8986411000058,1000.0,1605.3158411000059,1000.0,0.044717018971266474,0.0
10821,1711486860000.0,0.0,0.0,0.02,3590.55,0.0,0.0,3580.0,0.9413943126533779,1.0,1605.8986411000058,1000.0,1605.6876411000057,1000.0,0.044717018971266474,0.0
10822,1711490460000.0,0.0,0.0,0.02,3590.55,0.0,0.0,3591.6,0.9413943126533779,1.0,1605.8986411000058,1000.0,1605.9196411000057,1000.0,0.044717018971266474,0.0
10823,1711494060000.0,0.0,0.0,0.02,3590.55,0.0,0.0,3607.46,0.9413943126533779,1.0,1605.8986411000058,1000.0,1606.2368411000057,1000.0,0.044717018971266474,0.0
10824,1711497660000.0,0.0,0.0,0.01,3590.55,0.0,0.0,3590.37,0.9413943126533779,1.0,1606.1530076800059,1000.0,1606.1512076800059,1000.0,0.022354968566701747,0.0
10825,1711501260000.0,0.0,0.0,0.0,3590.55,0.0,0.0,3619.07,0.9413943126533779,1.0,1606.407374260006,1000.0,1606.407374260006,1000.0,0.0,0.0
10826,1711504860000.0,0.0,0.0,0.0,3590.55,0.0,0.0,3608.51,0.9413943126533779,1.0,1606.407374260006,1000.0,1606.407374260006,1000.0,0.0,0.0
10827,1711508460000.0,0.0,0.0,0.0,3590.55,0.0,0.0,3621.11,0.9413943126533779,1.0,1606.407374260006,1000.0,1606.407374260006,1000.0,0.0,0.0
10828,1711512060000.0,0.0,0.0,0.0,3590.55,0.0,0.0,3610.31,0.9413943126533779,1.0,1606.407374260006,1000.0,1606.407374260006,1000.0,0.0,0.0
10829,1711515660000.0,0.0,0.0,0.0,3590.55,0.0,0.0,3595.5,0.9413943126533779,1.0,1606.407374260006,1000.0,1606.407374260006,1000.0,0.0,0.0
10830,1711519260000.0,0.0,0.0,0.0,3590.55,0.0,0.0,3614.44,0.9413943126533779,1.0,1606.407374260006,1000.0,1606.407374260006,1000.0,0.0,0.0
10831,1711522860000.0,0.0,0.0,0.0,3590.55,0.0,0.0,3611.08,0.9413943126533779,1.0,1606.407374260006,1000.0,1606.407374260006,1000.0,0.0,0.0
10832,1711526460000.0,0.0,0.0,0.02,3581.29,0.0,0.0,3571.38,0.9413943126533779,1.0,1606.393049100006,1000.0,1606.194849100006,1000.0,0.04458796683671465,0.0
10833,1711530060000.0,0.0,0.0,0.02,3581.29,0.0,0.0,3549.78,0.9413943126533779,1.0,1606.393049100006,1000.0,1605.762849100006,1000.0,0.04458796683671465,0.0
10834,1711533660000.0,0.0,0.0,0.02,3581.29,0.0,0.0,3577.01,0.9413943126533779,1.0,1606.393049100006,1000.0,1606.3074491000061,1000.0,0.04458796683671465,0.0
10835,1711537260000.0,0.0,0.0,0.02,3581.29,0.0,0.0,3586.21,0.9413943126533779,1.0,1606.393049100006,1000.0,1606.491449100006,1000.0,0.04458796683671465,0.0
10836,1711540860000.0,0.0,0.0,0.02,3581.29,0.0,0.0,3593.25,0.9413943126533779,1.0,1606.393049100006,1000.0,1606.632249100006,1000.0,0.04458796683671465,0.0
10837,1711544460000.0,0.0,0.0,0.02,3581.29,0.0,0.0,3593.36,0.9413943126533779,1.0,1606.393049100006,1000.0,1606.6344491000061,1000.0,0.04458796683671465,0.0
10838,1711548060000.0,0.0,0.0,0.02,3574.285,0.0,0.0,3562.19,0.9413943126533779,1.0,1607.5194953200064,1000.0,1607.2775953200064,1000.0,0.044469569549929124,0.0
10839,1711551660000.0,0.0,0.0,0.02,3548.2955,0.0,0.0,3555.88,0.9413943126533779,1.0,1608.734854740007,1000.0,1608.886544740007,1000.0,0.04411286906037045,0.0
10840,1711555260000.0,0.0,0.0,0.02,3548.2955,0.0,0.0,3526.55,0.9413943126533779,1.0,1608.734854740007,1000.0,1608.299944740007,1000.0,0.04411286906037045,0.0
10841,1711558860000.0,0.0,0.0,0.02,3548.2955,0.0,0.0,3529.0,0.9413943126533779,1.0,1608.734854740007,1000.0,1608.348944740007,1000.0,0.04411286906037045,0.0
10842,1711562460000.0,0.0,0.0,0.02,3548.2955,0.0,0.0,3507.53,0.9413943126533779,1.0,1608.734854740007,1000.0,1607.919544740007,1000.0,0.04411286906037045,0.0
10843,1711566060000.0,0.0,0.0,0.05,3502.2001999999993,0.0,0.0,3473.37,0.9413943126533779,1.0,1608.714025920007,1000.0,1607.2725159200072,1000.0,0.10885092513559479,0.0
10844,1711569660000.0,0.0,0.0,0.05,3502.2001999999993,0.0,0.0,3502.31,0.9413943126533779,1.0,1608.714025920007,1000.0,1608.719515920007,1000.0,0.10885092513559479,0.0
10845,1711573260000.0,0.0,0.0,0.05,3502.2001999999993,0.0,0.0,3515.19,0.9413943126533779,1.0,1608.714025920007,1000.0,1609.363515920007,1000.0,0.10885092513559479,0.0
10846,1711576860000.0,0.0,0.0,0.05,3502.2001999999993,0.0,0.0,3512.87,0.9413943126533779,1.0,1608.714025920007,1000.0,1609.2475159200071,1000.0,0.10885092513559479,0.0
10847,1711580460000.0,0.0,0.0,0.05,3502.2001999999993,0.0,0.0,3512.24,0.9413943126533779,1.0,1608.714025920007,1000.0,1609.216015920007,1000.0,0.10885092513559479,0.0
10848,1711584060000.0,0.0,0.0,0.05,3502.2001999999993,0.0,0.0,3501.46,0.9413943126533779,1.0,1608.714025920007,1000.0,1608.677015920007,1000.0,0.10885092513559479,0.0
10849,1711587660000.0,0.0,0.0,0.04,3502.2001999999993,0.0,0.0,3519.75,0.9413943126533779,1.0,1608.9621684800072,1000.0,1609.6641604800072,1000.0,0.08706731006133081,0.0
10850,1711591260000.0,0.0,0.0,0.04,3502.2001999999993,0.0,0.0,3501.39,0.9413943126533779,1.0,1608.9621684800072,1000.0,1608.9297604800072,1000.0,0.08706731006133081,0.0
10851,1711594860000.0,0.0,0.0,0.04,3502.2001999999993,0.0,0.0,3480.1,0.9413943126533779,1.0,1608.9621684800072,1000.0,1608.0781604800072,1000.0,0.08706731006133081,0.0
10852,1711598460000.0,0.0,0.0,0.04,3502.2001999999993,0.0,0.0,3503.5,0.9413943126533779,1.0,1608.9621684800072,1000.0,1609.0141604800071,1000.0,0.08706731006133081,0.0
10853,1711602060000.0,0.0,0.0,0.04,3502.2001999999993,0.0,0.0,3518.42,0.9413943126533779,1.0,1608.9621684800072,1000.0,1609.6109604800072,1000.0,0.08706731006133081,0.0
10854,1711605660000.0,0.0,0.0,0.0,3502.2001999999993,0.0,0.0,3534.9,0.9413943126533779,1.0,1609.9547387200078,1000.0,1609.9547387200078,1000.0,0.0,0.0
10855,1711609260000.0,0.0,0.0,0.0,3502.2001999999993,0.0,0.0,3574.68,0.9413943126533779,1.0,1609.9547387200078,1000.0,1609.9547387200078,1000.0,0.0,0.0
10856,1711612860000.0,0.0,0.0,0.0,3502.2001999999993,0.0,0.0,3578.58,0.9413943126533779,1.0,1609.9547387200078,1000.0,1609.9547387200078,1000.0,0.0,0.0
10857,1711616460000.0,0.0,0.0,0.0,3502.2001999999993,0.0,0.0,3583.78,0.9413943126533779,1.0,1609.9547387200078,1000.0,1609.9547387200078,1000.0,0.0,0.0
10858,1711620060000.0,0.0,0.0,0.0,3502.2001999999993,0.0,0.0,3589.43,0.9413943126533779,1.0,1609.9547387200078,1000.0,1609.9547387200078,1000.0,0.0,0.0
10859,1711623660000.0,0.0,0.0,0.0,3502.2001999999993,0.0,0.0,3595.82,0.9413943126533779,1.0,1609.9547387200078,1000.0,1609.9547387200078,1000.0,0.0,0.0
10860,1711627260000.0,0.0,0.0,0.0,3502.2001999999993,0.0,0.0,3590.1,0.9413943126533779,1.0,1609.9547387200078,1000.0,1609.9547387200078,1000.0,0.0,0.0
10861,1711630860000.0,0.0,0.0,0.0,3502.2001999999993,0.0,0.0,3583.05,0.9413943126533779,1.0,1609.9547387200078,1000.0,1609.9547387200078,1000.0,0.0,0.0
10862,1711634460000.0,0.0,0.0,0.0,3502.2001999999993,0.0,0.0,3589.24,0.9413943126533779,1.0,1609.9547387200078,1000.0,1609.9547387200078,1000.0,0.0,0.0
10863,1711638060000.0,0.0,0.0,0.0,3502.2001999999993,0.0,0.0,3606.21,0.9413943126533779,1.0,1609.9547387200078,1000.0,1609.9547387200078,1000.0,0.0,0.0
10864,1711641660000.0,0.0,0.0,0.0,3502.2001999999993,0.0,0.0,3581.84,0.9413943126533779,1.0,1609.9547387200078,1000.0,1609.9547387200078,1000.0,0.0,0.0
10865,1711645260000.0,0.0,0.0,0.0,3502.2001999999993,0.0,0.0,3565.74,0.9413943126533779,1.0,1609.9547387200078,1000.0,1609.9547387200078,1000.0,0.0,0.0
10866,1711648860000.0,0.0,0.0,0.02,3542.02,0.0,0.0,3556.25,0.9413943126533779,1.0,1609.9405706400078,1000.0,1610.2251706400077,1000.0,0.04400187267275243,0.0
10867,1711652460000.0,0.0,0.0,0.0,3542.02,0.0,0.0,3563.51,0.9413943126533779,1.0,1610.442499320008,1000.0,1610.442499320008,1000.0,0.0,0.0
10868,1711656060000.0,0.0,0.0,0.0,3542.02,0.0,0.0,3567.75,0.9413943126533779,1.0,1610.442499320008,1000.0,1610.442499320008,1000.0,0.0,0.0
10869,1711659660000.0,0.0,0.0,0.0,3542.02,0.0,0.0,3565.24,0.9413943126533779,1.0,1610.442499320008,1000.0,1610.442499320008,1000.0,0.0,0.0
10870,1711663260000.0,0.0,0.0,0.0,3542.02,0.0,0.0,3564.67,0.9413943126533779,1.0,1610.442499320008,1000.0,1610.442499320008,1000.0,0.0,0.0
10871,1711666860000.0,0.0,0.0,0.0,3542.02,0.0,0.0,3568.64,0.9413943126533779,1.0,1610.442499320008,1000.0,1610.442499320008,1000.0,0.0,0.0
10872,1711670460000.0,0.0,0.0,0.0,3542.02,0.0,0.0,3564.59,0.9413943126533779,1.0,1610.442499320008,1000.0,1610.442499320008,1000.0,0.0,0.0
10873,1711674060000.0,0.0,0.0,0.0,3542.02,0.0,0.0,3564.69,0.9413943126533779,1.0,1610.442499320008,1000.0,1610.442499320008,1000.0,0.0,0.0
10874,1711677660000.0,0.0,0.0,0.0,3542.02,0.0,0.0,3574.24,0.9413943126533779,1.0,1610.442499320008,1000.0,1610.442499320008,1000.0,0.0,0.0
10875,1711681260000.0,0.0,0.0,0.0,3542.02,0.0,0.0,3566.06,0.9413943126533779,1.0,1610.442499320008,1000.0,1610.442499320008,1000.0,0.0,0.0
10876,1711684860000.0,0.0,0.0,0.0,3542.02,0.0,0.0,3566.25,0.9413943126533779,1.0,1610.442499320008,1000.0,1610.442499320008,1000.0,0.0,0.0
10877,1711688460000.0,0.0,0.0,0.0,3542.02,0.0,0.0,3569.95,0.9413943126533779,1.0,1610.442499320008,1000.0,1610.442499320008,1000.0,0.0,0.0
10878,1711692060000.0,0.0,0.0,0.0,3542.02,0.0,0.0,3563.76,0.9413943126533779,1.0,1610.442499320008,1000.0,1610.442499320008,1000.0,0.0,0.0
10879,1711695660000.0,0.0,0.0,0.0,3542.02,0.0,0.0,3573.43,0.9413943126533779,1.0,1610.442499320008,1000.0,1610.442499320008,1000.0,0.0,0.0
10880,1711699260000.0,0.0,0.0,0.02,3545.7,0.0,0.0,3531.65,0.9413943126533779,1.0,1610.428316520008,1000.0,1610.147316520008,1000.0,0.044034248077082276,0.0
10881,1711702860000.0,0.0,0.0,0.02,3545.7,0.0,0.0,3543.59,0.9413943126533779,1.0,1610.428316520008,1000.0,1610.3861165200078,1000.0,0.044034248077082276,0.0
10882,1711706460000.0,0.0,0.0,0.02,3545.7,0.0,0.0,3533.05,0.9413943126533779,1.0,1610.428316520008,1000.0,1610.175316520008,1000.0,0.044034248077082276,0.0
10883,1711710060000.0,0.0,0.0,0.02,3545.7,0.0,0.0,3561.51,0.9413943126533779,1.0,1610.428316520008,1000.0,1610.744516520008,1000.0,0.044034248077082276,0.0
10884,1711713660000.0,0.0,0.0,0.02,3545.7,0.0,0.0,3555.62,0.9413943126533779,1.0,1610.428316520008,1000.0,1610.626716520008,1000.0,0.044034248077082276,0.0
10885,1711717260000.0,0.0,0.0,0.02,3545.7,0.0,0.0,3544.73,0.9413943126533779,1.0,1610.428316520008,1000.0,1610.408916520008,1000.0,0.044034248077082276,0.0
10886,1711720860000.0,0.0,0.0,0.02,3545.7,0.0,0.0,3553.22,0.9413943126533779,1.0,1610.428316520008,1000.0,1610.578716520008,1000.0,0.044034248077082276,0.0
10887,1711724460000.0,0.0,0.0,0.02,3545.7,0.0,0.0,3541.32,0.9413943126533779,1.0,1610.428316520008,1000.0,1610.3407165200078,1000.0,0.044034248077082276,0.0
10888,1711728060000.0,0.0,0.0,0.02,3545.7,0.0,0.0,3496.99,0.9413943126533779,1.0,1610.428316520008,1000.0,1609.4541165200078,1000.0,0.044034248077082276,0.0
10889,1711731660000.0,0.0,0.0,0.02,3545.7,0.0,0.0,3489.64,0.9413943126533779,1.0,1610.428316520008,1000.0,1609.3071165200079,1000.0,0.044034248077082276,0.0
10890,1711735260000.0,0.0,0.0,0.02,3545.7,0.0,0.0,3488.0,0.9413943126533779,1.0,1610.428316520008,1000.0,1609.274316520008,1000.0,0.044034248077082276,0.0
10891,1711738860000.0,0.0,0.0,0.02,3545.7,0.0,0.0,3493.74,0.9413943126533779,1.0,1610.428316520008,1000.0,1609.389116520008,1000.0,0.044034248077082276,0.0
10892,1711742460000.0,0.0,0.0,0.02,3545.7,0.0,0.0,3502.02,0.9413943126533779,1.0,1610.428316520008,1000.0,1609.554716520008,1000.0,0.044034248077082276,0.0
10893,1711746060000.0,0.0,0.0,0.02,3545.7,0.0,0.0,3500.38,0.9413943126533779,1.0,1610.428316520008,1000.0,1609.5219165200078,1000.0,0.044034248077082276,0.0
10894,1711749660000.0,0.0,0.0,0.02,3545.7,0.0,0.0,3494.11,0.9413943126533779,1.0,1610.428316520008,1000.0,1609.396516520008,1000.0,0.044034248077082276,0.0
10895,1711753260000.0,0.0,0.0,0.02,3545.7,0.0,0.0,3525.29,0.9413943126533779,1.0,1610.428316520008,1000.0,1610.0201165200078,1000.0,0.044034248077082276,0.0
