,timestamp,bkr_price_long,bkr_price_short,psize_long,pprice_long,psize_short,pprice_short,price,closest_bkr_long,closest_bkr_short,balance_long,balance_short,equity_long,equity_short,wallet_exposure_long,wallet_exposure_short
0,1704067260000.0,0.0,0.0,0.0,0.0,0.0,0.0,2.1366,1.0,1.0,1000.0,1000.0,1000.0,1000.0,0.0,0.0
1,1704070860000.0,0.0,0.0,0.0,0.0,0.0,0.0,2.1618,1.0,1.0,1000.0,1000.0,1000.0,1000.0,0.0,0.0
2,1704074460000.0,0.0,0.0,0.0,0.0,0.0,0.0,2.1684,1.0,1.0,1000.0,1000.0,1000.0,1000.0,0.0,0.0
3,1704078060000.0,0.0,0.0,0.0,0.0,0.0,0.0,2.1665,1.0,1.0,1000.0,1000.0,1000.0,1000.0,0.0,0.0
4,1704081660000.0,0.0,0.0,0.0,0.0,0.0,0.0,2.1464,1.0,1.0,1000.0,1000.0,1000.0,1000.0,0.0,0.0
5,1704085260000.0,0.0,0.0,0.0,0.0,0.0,0.0,2.1399,1.0,1.0,1000.0,1000.0,1000.0,1000.0,0.0,0.0
6,1704088860000.0,0.0,0.0,0.0,0.0,0.0,0.0,2.1279,1.0,1.0,1000.0,1000.0,1000.0,1000.0,0.0,0.0
7,1704092460000.0,0.0,0.0,0.0,0.0,0.0,0.0,2.1401,1.0,1.0,1000.0,1000.0,1000.0,1000.0,0.0,0.0
8,1704096060000.0,0.0,0.0,0.0,0.0,0.0,0.0,2.1504,1.0,1.0,1000.0,1000.0,1000.0,1000.0,0.0,0.0
9,1704099660000.0,0.0,0.0,0.0,0.0,0.0,0.0,2.1788,1.0,1.0,1000.0,1000.0,1000.0,1000.0,0.0,0.0
10,1704103260000.0,0.0,0.0,0.0,0.0,0.0,0.0,2.1715,1.0,1.0,1000.0,1000.0,1000.0,1000.0,0.0,0.0
11,1704106860000.0,0.0,0.0,0.0,0.0,0.0,0.0,2.2005,1.0,1.0,1000.0,1000.0,1000.0,1000.0,0.0,0.0
12,1704110460000.0,0.0,0.0,0.0,0.0,0.0,0.0,2.2077,1.0,1.0,1000.0,1000.0,1000.0,1000.0,0.0,0.0
13,1704114060000.0,0.0,0.0,0.0,0.0,0.0,0.0,2.2239,1.0,1.0,1000.0,1000.0,1000.0,1000.0,0.0,0.0
14,1704117660000.0,0.0,0.0,0.0,0.0,0.0,0.0,2.2184,1.0,1.0,1000.0,1000.0,1000.0,1000.0,0.0,0.0
15,1704121260000.0,0.0,0.0,0.0,0.0,0.0,0.0,2.2248,1.0,1.0,1000.0,1000.0,1000.0,1000.0,0.0,0.0
16,1704124860000.0,0.0,0.0,0.0,0.0,0.0,0.0,2.2382,1.0,1.0,1000.0,1000.0,1000.0,1000.0,0.0,0.0
17,1704128460000.0,0.0,0.0,0.0,0.0,0.0,0.0,2.2322,1.0,1.0,1000.0,1000.0,1000.0,1000.0,0.0,0.0
18,1704132060000.0,0.0,0.0,0.0,0.0,0.0,0.0,2.2274,1.0,1.0,1000.0,1000.0,1000.0,1000.0,0.0,0.0
19,1704135660000.0,0.0,0.0,0.0,0.0,0.0,0.0,2.2474,1.0,1.0,1000.0,1000.0,1000.0,1000.0,0.0,0.0
20,1704139260000.0,0.0,0.0,0.0,0.0,0.0,0.0,2.2642,1.0,1.0,1000.0,1000.0,1000.0,1000.0,0.0,0.0
21,1704142860000.0,0.0,0.0,0.0,0.0,0.0,0.0,2.2715,1.0,1.0,1000.0,1000.0,1000.0,1000.0,0.0,0.0
22,1704146460000.0,0.0,0.0,0.0,0.0,0.0,0.0,2.2668,1.0,1.0,1000.0,1000.0,1000.0,1000.0,0.0,0.0
23,1704150060000.0,0.0,0.0,0.0,0.0,0.0,0.0,2.2638,1.0,1.0,1000.0,1000.0,1000.0,1000.0,0.0,0.0
24,1704153660000.0,0.0,0.0,0.0,0.0,0.0,0.0,2.2746,1.0,1.0,1000.0,1000.0,1000.0,1000.0,0.0,0.0
25,1704157260000.0,0.0,0.0,0.0,0.0,0.0,0.0,2.3146,1.0,1.0,1000.0,1000.0,1000.0,1000.0,0.0,0.0
26,1704160860000.0,0.0,0.0,0.0,0.0,0.0,0.0,2.321,1.0,1.0,1000.0,1000.0,1000.0,1000.0,0.0,0.0
27,1704164460000.0,0.0,0.0,0.0,0.0,0.0,0.0,2.3333,1.0,1.0,1000.0,1000.0,1000.0,1000.0,0.0,0.0
28,1704168060000.0,0.0,0.0,0.0,0.0,0.0,0.0,2.3164,1.0,1.0,1000.0,1000.0,1000.0,1000.0,0.0,0.0
29,1704171660000.0,0.0,0.0,0.0,0.0,0.0,0.0,2.3268,1.0,1.0,1000.0,1000.0,1000.0,1000.0,0.0,0.0
30,1704175260000.0,0.0,0.0,0.0,0.0,0.0,0.0,2.3516,1.0,1.0,1000.0,1000.0,1000.0,1000.0,0.0,0.0
31,1704178860000.0,0.0,0.0,0.0,0.0,0.0,0.0,2.343,1.0,1.0,1000.0,1000.0,1000.0,1000.0,0.0,0.0
32,1704182460000.0,0.0,0.0,0.0,0.0,0.0,0.0,2.3648,1.0,1.0,1000.0,1000.0,1000.0,1000.0,0.0,0.0
33,1704186060000.0,0.0,0.0,0.0,0.0,0.0,0.0,2.3788,1.0,1.0,1000.0,1000.0,1000.0,1000.0,0.0,0.0
34,1704189660000.0,0.0,0.0,0.0,0.0,0.0,0.0,2.4108,1.0,1.0,1000.0,1000.0,1000.0,1000.0,0.0,0.0
35,1704193260000.0,0.0,0.0,0.0,0.0,0.0,0.0,2.3806,1.0,1.0,1000.0,1000.0,1000.0,1000.0,0.0,0.0
36,1704196860000.0,0.0,0.0,0.0,0.0,0.0,0.0,2.3488,1.0,1.0,1000.0,1000.0,1000.0,1000.0,0.0,0.0
37,1704200460000.0,0.0,0.0,0.0,0.0,0.0,0.0,2.3341,1.0,1.0,1000.0,1000.0,1000.0,1000.0,0.0,0.0
38,1704204060000.0,0.0,0.0,0.0,0.0,0.0,0.0,2.341,1.0,1.0,1000.0,1000.0,1000.0,1000.0,0.0,0.0
39,1704207660000.0,0.0,0.0,31.0,2.30474129032258,0.0,0.0,2.2856,1.0,1.0,999.9857106039999,1000.0,999.3923306039999,1000.0,0.07144800094877896,0.0
40,1704211260000.0,0.0,0.0,46.7,2.2910109207708773,0.0,0.0,2.2719,1.0,1.0,999.9786019579999,1000.0,999.0861219579999,1000.0,0.10699249942999647,0.0
41,1704214860000.0,0.0,0.0,46.7,2.2910109207708773,0.0,0.0,2.31,1.0,1.0,999.9786019579999,1000.0,1000.8653919579999,1000.0,0.10699249942999647,0.0
42,1704218460000.0,0.0,0.0,11.0,2.2910109207708773,0.0,0.0,2.3248,1.0,1.0,1001.0005165724796,1000.0,1001.3721964439999,1000.0,0.025175931192094356,0.0
43,1704222060000.0,0.0,0.0,15.5,2.295652911514816,0.0,0.0,2.2929,1.0,1.0,1000.9984402724796,1000.0,1000.9557701439999,1000.0,0.035547128443870285,0.0
44,1704225660000.0,0.0,0.0,15.5,2.295652911514816,0.0,0.0,2.2814,1.0,1.0,1000.9984402724796,1000.0,1000.7775201439999,1000.0,0.035547128443870285,0.0
45,1704229260000.0,0.0,0.0,15.5,2.295652911514816,0.0,0.0,2.2776,1.0,1.0,1000.9984402724796,1000.0,1000.7186201439999,1000.0,0.035547128443870285,0.0
46,1704232860000.0,0.0,0.0,15.5,2.295652911514816,0.0,0.0,2.2893,1.0,1.0,1000.9984402724796,1000.0,1000.8999701439999,1000.0,0.035547128443870285,0.0
47,1704236460000.0,0.0,0.0,15.5,2.295652911514816,0.0,0.0,2.306,1.0,1.0,1000.9984402724796,1000.0,1001.158820144,1000.0,0.035547128443870285,0.0
48,1704240060000.0,0.0,0.0,15.5,2.295652911514816,0.0,0.0,2.3008,1.0,1.0,1000.9984402724796,1000.0,1001.0782201439999,1000.0,0.035547128443870285,0.0
49,1704243660000.0,0.0,0.0,0.0,2.295652911514816,0.0,0.0,2.3333,1.0,1.0,1001.8592499999999,1000.0,1001.8592499999999,1000.0,0.0,0.0
50,1704247260000.0,0.0,0.0,0.0,2.295652911514816,0.0,0.0,2.3655,1.0,1.0,1001.8592499999999,1000.0,1001.8592499999999,1000.0,0.0,0.0
51,1704250860000.0,0.0,0.0,0.0,2.295652911514816,0.0,0.0,2.3801,1.0,1.0,1001.8592499999999,1000.0,1001.8592499999999,1000.0,0.0,0.0
52,1704254460000.0,0.0,0.0,0.0,2.295652911514816,0.0,0.0,2.3502,1.0,1.0,1001.8592499999999,1000.0,1001.8592499999999,1000.0,0.0,0.0
53,1704258060000.0,0.0,0.0,0.0,2.295652911514816,0.0,0.0,2.3431,1.0,1.0,1001.8592499999999,1000.0,1001.8592499999999,1000.0,0.0,0.0
54,1704261660000.0,0.0,0.0,0.0,2.295652911514816,0.0,0.0,2.3343,1.0,1.0,1001.8592499999999,1000.0,1001.8592499999999,1000.0,0.0,0.0
55,1704265260000.0,0.0,0.0,0.0,2.295652911514816,0.0,0.0,2.3342,1.0,1.0,1001.8592499999999,1000.0,1001.8592499999999,1000.0,0.0,0.0
56,1704268860000.0,0.0,0.0,15.4,2.3204,0.0,0.0,2.3201,1.0,1.0,1001.8521031679999,1000.0,1001.8474831679998,1000.0,0.035668099000844,0.0
57,1704272460000.0,0.0,0.0,15.4,2.3204,0.0,0.0,2.3233,1.0,1.0,1001.8521031679999,1000.0,1001.8967631679999,1000.0,0.035668099000844,0.0
58,1704276060000.0,0.0,0.0,15.4,2.3204,0.0,0.0,2.3101,1.0,1.0,1001.8521031679999,1000.0,1001.6934831679998,1000.0,0.035668099000844,0.0
59,1704279660000.0,0.0,0.0,31.0,2.3034412903225805,0.0,0.0,2.2908,1.0,1.0,1001.8449686639999,1000.0,1001.4530886639999,1000.0,0.07127517952725125,0.0
60,1704283260000.0,0.0,0.0,361.4,2.153924820143885,0.0,0.0,2.0936,1.0,1.0,1001.7035643139998,1000.0,979.9021743139996,1000.0,0.7771045823652369,0.0
61,1704286860000.0,0.0001204622648679238,0.0,474.2,2.112433635596795,0.0,0.0,2.1155,0.9999303444750388,1.0,1001.6589067939998,1000.0,1003.1129767939996,1000.0,1.000057028600867,0.0
62,1704290460000.0,0.0001204622648679238,0.0,474.2,2.112433635596795,0.0,0.0,2.08,0.9999303444750388,1.0,1001.6589067939998,1000.0,986.2788767939996,1000.0,1.000057028600867,0.0
63,1704294060000.0,0.0001204622648679238,0.0,474.2,2.112433635596795,0.0,0.0,2.0462,0.9999303444750388,1.0,1001.6589067939998,1000.0,970.2509167939995,1000.0,1.000057028600867,0.0
64,1704297660000.0,0.0,0.0,329.4,2.112433635596795,0.0,0.0,2.1397,0.9999303444750388,1.0,1005.4872022315839,1000.0,1014.4687426659996,1000.0,0.6920382855408231,0.0
65,1704301260000.0,0.0,0.0,14.7,2.123292511586004,0.0,0.0,2.1305,0.9999303444750388,1.0,1015.669302816314,1000.0,1015.7752528959998,1000.0,0.0307308686338816,0.0
66,1704304860000.0,0.0,0.0,32.0,2.1071318725098207,0.0,0.0,2.0987,0.9999303444750388,1.0,1015.662059652314,1000.0,1015.3922397319998,1000.0,0.06638844020952854,0.0
67,1704308460000.0,0.0,0.0,74.5,2.0798955694001915,0.0,0.0,2.072,0.9999303444750388,1.0,1015.6445548523141,1000.0,1015.0563349319998,1000.0,0.15256540211830902,0.0
68,1704312060000.0,0.0,0.0,74.5,2.0798955694001915,0.0,0.0,2.0686,0.9999303444750388,1.0,1015.6445548523141,1000.0,1014.8030349319998,1000.0,0.15256540211830902,0.0
69,1704315660000.0,0.0,0.0,36.0,2.0798955694001915,0.0,0.0,2.109,0.9999303444750388,1.0,1016.6449069204067,1000.0,1017.6926664219998,1000.0,0.07365033748629105,0.0
70,1704319260000.0,0.0,0.0,17.1,2.105541900473881,0.0,0.0,2.1224,0.9999303444750388,1.0,1017.6429198421032,1000.0,1017.9311933439998,1000.0,0.03538055028544771,0.0
71,1704322860000.0,0.0,0.0,17.1,2.105541900473881,0.0,0.0,2.0986,0.9999303444750388,1.0,1017.6429198421032,1000.0,1017.5242133439998,1000.0,0.03538055028544771,0.0
72,1704326460000.0,0.0,0.0,34.6,2.090144985494317,0.0,0.0,2.0988,0.9999303444750388,1.0,1017.6356569921032,1000.0,1017.9351204939999,1000.0,0.0710657257351435,0.0
73,1704330060000.0,0.0,0.0,17.1,2.1237411340700776,0.0,0.0,2.1334,0.9999303444750388,1.0,1019.3973661305984,1000.0,1019.5625327380001,1000.0,0.03562494332356924,0.0
74,1704333660000.0,0.0,0.0,34.5,2.108186475147778,0.0,0.0,2.081,0.9999303444750388,1.0,1019.3900828385983,1000.0,1018.452149446,1000.0,0.07134897093570625,0.0
75,1704337260000.0,0.0,0.0,34.5,2.108186475147778,0.0,0.0,2.1063,0.9999303444750388,1.0,1019.3900828385983,1000.0,1019.324999446,1000.0,0.07134897093570625,0.0
76,1704340860000.0,0.0,0.0,16.7,2.108186475147778,0.0,0.0,2.1375,0.9999303444750388,1.0,1019.8597629809678,1000.0,1020.349298846,1000.0,0.03452113262323587,0.0
77,1704344460000.0,0.0,0.0,0.5,2.108186475147778,0.0,0.0,2.1482,0.9999303444750388,1.0,1020.422027717574,1000.0,1020.4420344800001,1000.0,0.0010329973373189806,0.0
78,1704348060000.0,0.0,0.0,0.0,2.108186475147778,0.0,0.0,2.1447,0.9999303444750388,1.0,1020.4400700100001,1000.0,1020.4400700100001,1000.0,0.0,0.0
79,1704351660000.0,0.0,0.0,0.0,2.108186475147778,0.0,0.0,2.1791,0.9999303444750388,1.0,1020.4400700100001,1000.0,1020.4400700100001,1000.0,0.0,0.0
80,1704355260000.0,0.0,0.0,17.1,2.1258,0.0,0.0,2.1323,0.9999303444750388,1.0,1020.4327997740002,1000.0,1020.5439497740001,1000.0,0.035623296319023515,0.0
81,1704358860000.0,0.0,0.0,14.3,2.1259309941520463,0.0,0.0,2.1441,0.9999303444750388,1.0,1020.7999228543742,1000.0,1021.059739638,1000.0,0.029781363160145142,0.0
82,1704362460000.0,0.0,0.0,0.0,2.1259309941520463,0.0,0.0,2.1804,0.9999303444750388,1.0,1021.298958432,1000.0,1021.298958432,1000.0,0.0,0.0
83,1704366060000.0,0.0,0.0,0.0,2.1259309941520463,0.0,0.0,2.179,0.9999303444750388,1.0,1021.298958432,1000.0,1021.298958432,1000.0,0.0,0.0
84,1704369660000.0,0.0,0.0,0.0,2.1259309941520463,0.0,0.0,2.1653,0.9999303444750388,1.0,1021.298958432,1000.0,1021.298958432,1000.0,0.0,0.0
85,1704373260000.0,0.0,0.0,0.0,2.1259309941520463,0.0,0.0,2.1884,0.9999303444750388,1.0,1021.298958432,1000.0,1021.298958432,1000.0,0.0,0.0
86,1704376860000.0,0.0,0.0,0.0,2.1259309941520463,0.0,0.0,2.171,0.9999303444750388,1.0,1021.298958432,1000.0,1021.298958432,1000.0,0.0,0.0
87,1704380460000.0,0.0,0.0,0.0,2.1259309941520463,0.0,0.0,2.2119,0.9999303444750388,1.0,1021.298958432,1000.0,1021.298958432,1000.0,0.0,0.0
88,1704384060000.0,0.0,0.0,0.0,2.1259309941520463,0.0,0.0,2.2088,0.9999303444750388,1.0,1021.298958432,1000.0,1021.298958432,1000.0,0.0,0.0
89,1704387660000.0,0.0,0.0,0.0,2.1259309941520463,0.0,0.0,2.1725,0.9999303444750388,1.0,1021.298958432,1000.0,1021.298958432,1000.0,0.0,0.0
90,1704391260000.0,0.0,0.0,0.0,2.1259309941520463,0.0,0.0,2.1887,0.9999303444750388,1.0,1021.298958432,1000.0,1021.298958432,1000.0,0.0,0.0
91,1704394860000.0,0.0,0.0,0.0,2.1259309941520463,0.0,0.0,2.1864,0.9999303444750388,1.0,1021.298958432,1000.0,1021.298958432,1000.0,0.0,0.0
92,1704398460000.0,0.0,0.0,0.0,2.1259309941520463,0.0,0.0,2.1901,0.9999303444750388,1.0,1021.298958432,1000.0,1021.298958432,1000.0,0.0,0.0
93,1704402060000.0,0.0,0.0,0.0,2.1259309941520463,0.0,0.0,2.2044,0.9999303444750388,1.0,1021.298958432,1000.0,1021.298958432,1000.0,0.0,0.0
94,1704405660000.0,0.0,0.0,0.0,2.1259309941520463,0.0,0.0,2.2007,0.9999303444750388,1.0,1021.298958432,1000.0,1021.298958432,1000.0,0.0,0.0
95,1704409260000.0,0.0,0.0,0.0,2.1259309941520463,0.0,0.0,2.2045,0.9999303444750388,1.0,1021.298958432,1000.0,1021.298958432,1000.0,0.0,0.0
96,1704412860000.0,0.0,0.0,0.0,2.1259309941520463,0.0,0.0,2.2131,0.9999303444750388,1.0,1021.298958432,1000.0,1021.298958432,1000.0,0.0,0.0
97,1704416460000.0,0.0,0.0,16.7,2.1758,0.0,0.0,2.1928,0.9999303444750388,1.0,1021.29169126,1000.0,1021.57559126,1000.0,0.03557833703236271,0.0
98,1704420060000.0,0.0,0.0,63.9,2.1319343342036556,0.0,0.0,2.156,0.9999303444750388,1.0,1021.6045472936135,1000.0,1023.1423433379998,1000.0,0.13334964523847243,0.0
99,1704423660000.0,0.0,0.0,25.9,2.1319343342036556,0.0,0.0,2.1483,0.9999303444750388,1.0,1022.6166341938743,1000.0,1023.0405049379997,1000.0,0.053995893876107495,0.0
100,1704427260000.0,0.0,0.0,16.9,2.1390330874287398,0.0,0.0,2.1509,0.9999303444750388,1.0,1022.9716278995454,1000.0,1023.1721787219997,1000.0,0.035337890310576194,0.0
101,1704430860000.0,0.0,0.0,16.9,2.1390330874287398,0.0,0.0,2.1355,0.9999303444750388,1.0,1022.9716278995454,1000.0,1022.9119187219997,1000.0,0.035337890310576194,0.0
102,1704434460000.0,0.0,0.0,16.9,2.1390330874287398,0.0,0.0,2.1221,0.9999303444750388,1.0,1022.9716278995454,1000.0,1022.6854587219997,1000.0,0.035337890310576194,0.0
103,1704438060000.0,0.0,0.0,34.2,2.1233856484662486,0.0,0.0,2.1189,0.9999303444750388,1.0,1022.9643338735455,1000.0,1022.8109246959998,1000.0,0.07098956119277827,0.0
104,1704441660000.0,0.0,0.0,51.7,2.110697082737828,0.0,0.0,2.0907,0.9999303444750388,1.0,1022.9570332235454,1000.0,1021.9231840459997,1000.0,0.10667411790862502,0.0
105,1704445260000.0,0.0,0.0,51.7,2.110697082737828,0.0,0.0,2.1108,0.9999303444750388,1.0,1022.9570332235454,1000.0,1022.9623540459996,1000.0,0.10667411790862502,0.0
106,1704448860000.0,0.0,0.0,51.7,2.110697082737828,0.0,0.0,2.0983,0.9999303444750388,1.0,1022.9570332235454,1000.0,1022.3161040459997,1000.0,0.10667411790862502,0.0
107,1704452460000.0,0.0,0.0,117.1,2.077913656511919,0.0,0.0,2.0557,0.9999303444750388,1.0,1022.9301930935454,1000.0,1020.3289739159997,1000.0,0.2378693001930916,0.0
108,1704456060000.0,0.0,0.0,117.1,2.077913656511919,0.0,0.0,2.0533,0.9999303444750388,1.0,1022.9301930935454,1000.0,1020.0479339159997,1000.0,0.2378693001930916,0.0
109,1704459660000.0,0.0,0.0,117.1,2.077913656511919,0.0,0.0,2.0435,0.9999303444750388,1.0,1022.9301930935454,1000.0,1018.9003539159996,1000.0,0.2378693001930916,0.0
110,1704463260000.0,0.0,0.0,117.1,2.077913656511919,0.0,0.0,2.0515,0.9999303444750388,1.0,1022.9301930935454,1000.0,1019.8371539159997,1000.0,0.2378693001930916,0.0
111,1704466860000.0,0.0,0.0,176.3,2.055142423015007,0.0,0.0,2.0229,0.9999303444750388,1.0,1022.9063935095454,1000.0,1017.2220543319996,1000.0,0.3542079817630593,0.0
112,1704470460000.0,0.0,0.0,176.3,2.055142423015007,0.0,0.0,2.033,0.9999303444750388,1.0,1022.9063935095454,1000.0,1019.0026843319996,1000.0,0.3542079817630593,0.0
113,1704474060000.0,0.0,0.0,176.3,2.055142423015007,0.0,0.0,2.0086,0.9999303444750388,1.0,1022.9063935095454,1000.0,1014.7009643319997,1000.0,0.3542079817630593,0.0
114,1704477660000.0,0.0,0.0,265.4,2.0254169901188614,0.0,0.0,2.0107,0.9999303444750388,1.0,1022.8713486975454,1000.0,1018.9654595199995,1000.0,0.5255261767396454,0.0
115,1704481260000.0,0.0,0.0,265.4,2.0254169901188614,0.0,0.0,2.0039,0.9999303444750388,1.0,1022.8713486975454,1000.0,1017.1607395199995,1000.0,0.5255261767396454,0.0
116,1704484860000.0,0.0,0.0,265.4,2.0254169901188614,0.0,0.0,2.0017,0.9999303444750388,1.0,1022.8713486975454,1000.0,1016.5768595199995,1000.0,0.5255261767396454,0.0
117,1704488460000.0,0.0,0.0,265.4,2.0254169901188614,0.0,0.0,2.0179,0.9999303444750388,1.0,1022.8713486975454,1000.0,1020.8763395199995,1000.0,0.5255261767396454,0.0
118,1704492060000.0,0.0,0.0,265.4,2.0254169901188614,0.0,0.0,2.0231,0.9999303444750388,1.0,1022.8713486975454,1000.0,1022.2564195199996,1000.0,0.5255261767396454,0.0
119,1704495660000.0,0.0,0.0,265.4,2.0254169901188614,0.0,0.0,2.0318,0.9999303444750388,1.0,1022.8713486975454,1000.0,1024.5653995199996,1000.0,0.5255261767396454,0.0
120,1704499260000.0,0.0,0.0,43.0,2.0254169901188614,0.0,0.0,2.052,0.9999303444750388,1.0,1028.4920171671108,1000.0,1029.6350865919999,1000.0,0.0846802202850351,0.0
121,1704502860000.0,0.0,0.0,30.0,2.0254169901188614,0.0,0.0,2.0028,0.9999303444750388,1.0,1028.8205634355656,1000.0,1028.1420537319998,1000.0,0.05906035693985364,0.0
122,1704506460000.0,0.0,0.0,48.4,2.0126369773464017,0.0,0.0,1.99,0.9999303444750388,1.0,1028.8132336115657,1000.0,1027.7176039079998,1000.0,0.09468349212578671,0.0
123,1704510060000.0,0.0,0.0,72.9,1.9992486927786808,0.0,0.0,1.9733,0.9999303444750388,1.0,1028.8035668915657,1000.0,1026.9119071879998,1000.0,0.1416647787720269,0.0
124,1704513660000.0,0.0,0.0,72.9,1.9992486927786808,0.0,0.0,1.9708,0.9999303444750388,1.0,1028.8035668915657,1000.0,1026.729657188,1000.0,0.1416647787720269,0.0
125,1704517260000.0,0.0,0.0,109.7,1.9831638076897522,0.0,0.0,1.9537,0.9999303444750388,1.0,1028.7892053235657,1000.0,1025.5570256199999,1000.0,0.2114651559112568,0.0
126,1704520860000.0,0.0,0.0,165.1,1.9630091441766557,0.0,0.0,1.9139,0.9999303444750388,1.0,1028.7678973755658,1000.0,1020.6599776719999,1000.0,0.31503005734368417,0.0
127,1704524460000.0,0.0,0.0,248.5,1.9369624535354761,0.0,0.0,1.8867,0.9999303444750388,1.0,1028.7364489035658,1000.0,1016.2462292,1000.0,0.4678896817708521,0.0
128,1704528060000.0,0.0,0.0,248.5,1.9369624535354761,0.0,0.0,1.9189,0.9999303444750388,1.0,1028.7364489035658,1000.0,1024.2479292,1000.0,0.4678896817708521,0.0
129,1704531660000.0,0.0,0.0,248.5,1.9369624535354761,0.0,0.0,1.9331,0.9999303444750388,1.0,1028.7364489035658,1000.0,1027.7766292000001,1000.0,0.4678896817708521,0.0
130,1704535260000.0,0.0,0.0,248.5,1.9369624535354761,0.0,0.0,1.9343,0.9999303444750388,1.0,1028.7364489035658,1000.0,1028.0748292,1000.0,0.4678896817708521,0.0
131,1704538860000.0,0.0,0.0,248.5,1.9369624535354761,0.0,0.0,1.942,0.9999303444750388,1.0,1028.7364489035658,1000.0,1029.9882792,1000.0,0.4678896817708521,0.0
132,1704542460000.0,0.0,0.0,248.5,1.9369624535354761,0.0,0.0,1.9488,0.9999303444750388,1.0,1028.7364489035658,1000.0,1031.6780792,1000.0,0.4678896817708521,0.0
133,1704546060000.0,0.0,0.0,207.1,1.9369624535354761,0.0,0.0,1.9476,0.9999303444750388,1.0,1029.740201279197,1000.0,1031.943237152,1000.0,0.38955935062928876,0.0
134,1704549660000.0,0.0,0.0,207.1,1.9369624535354761,0.0,0.0,1.952,0.9999303444750388,1.0,1029.740201279197,1000.0,1032.8544771519998,1000.0,0.38955935062928876,0.0
135,1704553260000.0,0.0,0.0,1.9,1.9369624535354761,0.0,0.0,1.9846,0.9999303444750388,1.0,1037.376779351717,1000.0,1037.4672906899996,1000.0,0.0035476296895880707,0.0
136,1704556860000.0,0.0,0.0,0.0,1.9369624535354761,0.0,0.0,1.996,0.9999303444750388,1.0,1037.4780142459995,1000.0,1037.4780142459995,1000.0,0.0,0.0
137,1704560460000.0,0.0,0.0,0.0,1.9369624535354761,0.0,0.0,1.9946,0.9999303444750388,1.0,1037.4780142459995,1000.0,1037.4780142459995,1000.0,0.0,0.0
138,1704564060000.0,0.0,0.0,0.0,1.9369624535354761,0.0,0.0,2.0156,0.9999303444750388,1.0,1037.4780142459995,1000.0,1037.4780142459995,1000.0,0.0,0.0
139,1704567660000.0,0.0,0.0,0.0,1.9369624535354761,0.0,0.0,2.0022,0.9999303444750388,1.0,1037.4780142459995,1000.0,1037.4780142459995,1000.0,0.0,0.0
140,1704571260000.0,0.0,0.0,0.0,1.9369624535354761,0.0,0.0,1.998,0.9999303444750388,1.0,1037.4780142459995,1000.0,1037.4780142459995,1000.0,0.0,0.0
141,1704574860000.0,0.0,0.0,0.0,1.9369624535354761,0.0,0.0,1.9872,0.9999303444750388,1.0,1037.4780142459995,1000.0,1037.4780142459995,1000.0,0.0,0.0
142,1704578460000.0,0.0,0.0,0.0,1.9369624535354761,0.0,0.0,1.9981,0.9999303444750388,1.0,1037.4780142459995,1000.0,1037.4780142459995,1000.0,0.0,0.0
143,1704582060000.0,0.0,0.0,0.0,1.9369624535354761,0.0,0.0,1.9934,0.9999303444750388,1.0,1037.4780142459995,1000.0,1037.4780142459995,1000.0,0.0,0.0
144,1704585660000.0,0.0,0.0,7.6,1.9745,0.0,0.0,1.9977,0.9999303444750388,1.0,1037.7448005039996,1000.0,1037.9211205039996,1000.0,0.014460395265494912,0.0
145,1704589260000.0,0.0,0.0,0.3,1.9745,0.0,0.0,2.0031,0.9999303444750388,1.0,1037.983339439999,1000.0,1037.991919439999,1000.0,0.0005706738995633377,0.0
146,1704592860000.0,0.0,0.0,18.7,1.979,0.0,0.0,1.9788,0.9999303444750388,1.0,1037.987897093999,1000.0,1037.9841570939989,1000.0,0.03565292052403253,0.0
147,1704596460000.0,0.0,0.0,18.7,1.979,0.0,0.0,1.9633,0.9999303444750388,1.0,1037.987897093999,1000.0,1037.694307093999,1000.0,0.03565292052403253,0.0
148,1704600060000.0,0.0,0.0,18.7,1.979,0.0,0.0,1.9725,0.9999303444750388,1.0,1037.987897093999,1000.0,1037.866347093999,1000.0,0.03565292052403253,0.0
149,1704603660000.0,0.0,0.0,2.9,1.979,0.0,0.0,2.0108,0.9999303444750388,1.0,1038.4791339359992,1000.0,1038.5713539359992,1000.0,0.005526447101780379,0.0
150,1704607260000.0,0.0,0.0,0.3,1.979,0.0,0.0,2.0079,0.9999303444750388,1.0,1038.5615481639993,1000.0,1038.5702181639992,1000.0,0.0005716560574089816,0.0
151,1704610860000.0,0.0,0.0,0.0,1.979,0.0,0.0,2.0075,0.9999303444750388,1.0,1038.5689579179996,1000.0,1038.5689579179996,1000.0,0.0,0.0
152,1704614460000.0,0.0,0.0,0.0,1.979,0.0,0.0,1.9999,0.9999303444750388,1.0,1038.5689579179996,1000.0,1038.5689579179996,1000.0,0.0,0.0
153,1704618060000.0,0.0,0.0,18.7,1.9837,0.0,0.0,1.9767,0.9999303444750388,1.0,1038.5615388799995,1000.0,1038.4306388799994,1000.0,0.0357178545625751,0.0
154,1704621660000.0,0.0,0.0,37.6,1.969223404255319,0.0,0.0,1.968,0.9999303444750388,1.0,1038.5541493579994,1000.0,1038.5081493579994,1000.0,0.07129411600326363,0.0
155,1704625260000.0,0.0,0.0,37.6,1.969223404255319,0.0,0.0,1.9804,0.9999303444750388,1.0,1038.5541493579994,1000.0,1038.9743893579994,1000.0,0.07129411600326363,0.0
156,1704628860000.0,0.0,0.0,37.6,1.969223404255319,0.0,0.0,1.9608,0.9999303444750388,1.0,1038.5541493579994,1000.0,1038.2374293579994,1000.0,0.07129411600326363,0.0
157,1704632460000.0,0.0,0.0,37.6,1.969223404255319,0.0,0.0,1.9778,0.9999303444750388,1.0,1038.5541493579994,1000.0,1038.8766293579995,1000.0,0.07129411600326363,0.0
158,1704636060000.0,0.0,0.0,3.0,1.969223404255319,0.0,0.0,1.994,0.9999303444750388,1.0,1039.8600985767653,1000.0,1039.9344283639994,1000.0,0.005681216368289986,0.0
159,1704639660000.0,0.0,0.0,18.8,1.9741451335445903,0.0,0.0,1.9828,0.9999303444750388,1.0,1039.8659492806376,1000.0,1040.0286607699993,1000.0,0.035691070119483304,0.0
160,1704643260000.0,0.0,0.0,37.8,1.9597467859957223,0.0,0.0,1.9603,0.9999303444750388,1.0,1039.8585563806375,1000.0,1039.8794678699992,1000.0,0.07123894692801092,0.0
161,1704646860000.0,0.0,0.0,37.8,1.9597467859957223,0.0,0.0,1.932,0.9999303444750388,1.0,1039.8585563806375,1000.0,1038.8097278699993,1000.0,0.07123894692801092,0.0
162,1704650460000.0,0.0,0.0,37.8,1.9597467859957223,0.0,0.0,1.9597,0.9999303444750388,1.0,1039.8585563806375,1000.0,1039.8567878699992,1000.0,0.07123894692801092,0.0
163,1704654060000.0,0.0,0.0,12.9,1.9597467859957223,0.0,0.0,1.9776,0.9999303444750388,1.0,1040.467518101344,1000.0,1040.6978245619991,1000.0,0.024297475028799906,0.0
164,1704657660000.0,0.0,0.0,18.9,1.9617954253621597,0.0,0.0,1.9759,0.9999303444750388,1.0,1040.465158661344,1000.0,1040.7317351219992,1000.0,0.03563592036762581,0.0
165,1704661260000.0,0.0,0.0,18.9,1.9617954253621597,0.0,0.0,1.958,0.9999303444750388,1.0,1040.465158661344,1000.0,1040.3934251219991,1000.0,0.03563592036762581,0.0
166,1704664860000.0,0.0,0.0,18.9,1.9617954253621597,0.0,0.0,1.9412,0.9999303444750388,1.0,1040.465158661344,1000.0,1040.0759051219993,1000.0,0.03563592036762581,0.0
167,1704668460000.0,0.0,0.0,86.5,1.9222669773334657,0.0,0.0,1.9117,0.9999303444750388,1.0,1040.4393190293442,1000.0,1039.5252754899993,1000.0,0.1598133504743636,0.0
168,1704672060000.0,0.0,0.0,86.5,1.9222669773334657,0.0,0.0,1.9008,0.9999303444750388,1.0,1040.4393190293442,1000.0,1038.5824254899994,1000.0,0.1598133504743636,0.0
169,1704675660000.0,0.0,0.0,130.2,1.9057311331746913,0.0,0.0,1.8756,0.9999303444750388,1.0,1040.4229490093442,1000.0,1036.4998754699993,1000.0,0.23848589054634198,0.0
170,1704679260000.0,0.0,0.0,130.2,1.9057311331746913,0.0,0.0,1.8439,0.9999303444750388,1.0,1040.4229490093442,1000.0,1032.3725354699993,1000.0,0.23848589054634198,0.0
171,1704682860000.0,0.0,0.0,295.0,1.8575200458960839,0.0,0.0,1.8013,0.9999303444750388,1.0,1040.362980565344,1000.0,1023.7780670259992,1000.0,0.5267088735141008,0.0
172,1704686460000.0,0.0,0.0,295.0,1.8575200458960839,0.0,0.0,1.7881,0.9999303444750388,1.0,1040.362980565344,1000.0,1019.8840670259993,1000.0,0.5267088735141008,0.0
173,1704690060000.0,0.0,0.0,295.0,1.8575200458960839,0.0,0.0,1.8264,0.9999303444750388,1.0,1040.362980565344,1000.0,1031.1825670259993,1000.0,0.5267088735141008,0.0
174,1704693660000.0,0.0,0.0,295.0,1.8575200458960839,0.0,0.0,1.8298,0.9999303444750388,1.0,1040.362980565344,1000.0,1032.1855670259993,1000.0,0.5267088735141008,0.0
175,1704697260000.0,0.0,0.0,295.0,1.8575200458960839,0.0,0.0,1.8501,0.9999303444750388,1.0,1040.362980565344,1000.0,1038.1740670259994,1000.0,0.5267088735141008,0.0
176,1704700860000.0,0.0,0.0,295.0,1.8575200458960839,0.0,0.0,1.8548,0.9999303444750388,1.0,1040.362980565344,1000.0,1039.5605670259993,1000.0,0.5267088735141008,0.0
177,1704704460000.0,0.0,0.0,295.0,1.8575200458960839,0.0,0.0,1.8658,0.9999303444750388,1.0,1040.362980565344,1000.0,1042.8055670259994,1000.0,0.5267088735141008,0.0
178,1704708060000.0,0.0,0.0,295.0,1.8575200458960839,0.0,0.0,1.8502,0.9999303444750388,1.0,1040.362980565344,1000.0,1038.2035670259993,1000.0,0.5267088735141008,0.0
179,1704711660000.0,0.0,0.0,295.0,1.8575200458960839,0.0,0.0,1.8512,0.9999303444750388,1.0,1040.362980565344,1000.0,1038.4985670259994,1000.0,0.5267088735141008,0.0
180,1704715260000.0,0.0,0.0,295.0,1.8575200458960839,0.0,0.0,1.8691,0.9999303444750388,1.0,1040.362980565344,1000.0,1043.7790670259992,1000.0,0.5267088735141008,0.0
181,1704718860000.0,0.0,0.0,0.4,1.8575200458960839,0.0,0.0,1.9082,0.9999303444750388,1.0,1050.7766149263584,1000.0,1050.796886908,1000.0,0.0007071036867436432,0.0
182,1704722460000.0,0.0,0.0,0.0,1.8575200458960839,0.0,0.0,1.9041,0.9999303444750388,1.0,1050.7961743639994,1000.0,1050.7961743639994,1000.0,0.0,0.0
183,1704726060000.0,0.0,0.0,0.0,1.8575200458960839,0.0,0.0,1.8801,0.9999303444750388,1.0,1050.7961743639994,1000.0,1050.7961743639994,1000.0,0.0,0.0
184,1704729660000.0,0.0,0.0,0.0,1.8575200458960839,0.0,0.0,1.898,0.9999303444750388,1.0,1050.7961743639994,1000.0,1050.7961743639994,1000.0,0.0,0.0
185,1704733260000.0,0.0,0.0,0.0,1.8575200458960839,0.0,0.0,1.9081,0.9999303444750388,1.0,1050.7961743639994,1000.0,1050.7961743639994,1000.0,0.0,0.0
186,1704736860000.0,0.0,0.0,0.0,1.8575200458960839,0.0,0.0,1.9431,0.9999303444750388,1.0,1050.7961743639994,1000.0,1050.7961743639994,1000.0,0.0,0.0
187,1704740460000.0,0.0,0.0,0.0,1.8575200458960839,0.0,0.0,1.9824,0.9999303444750388,1.0,1050.7961743639994,1000.0,1050.7961743639994,1000.0,0.0,0.0
188,1704744060000.0,0.0,0.0,0.0,1.8575200458960839,0.0,0.0,2.0114,0.9999303444750388,1.0,1050.7961743639994,1000.0,1050.7961743639994,1000.0,0.0,0.0
189,1704747660000.0,0.0,0.0,0.0,1.8575200458960839,0.0,0.0,1.9797,0.9999303444750388,1.0,1050.7961743639994,1000.0,1050.7961743639994,1000.0,0.0,0.0
190,1704751260000.0,0.0,0.0,0.0,1.8575200458960839,0.0,0.0,1.9838,0.9999303444750388,1.0,1050.7961743639994,1000.0,1050.7961743639994,1000.0,0.0,0.0
191,1704754860000.0,0.0,0.0,0.0,1.8575200458960839,0.0,0.0,2.0098,0.9999303444750388,1.0,1050.7961743639994,1000.0,1050.7961743639994,1000.0,0.0,0.0
192,1704758460000.0,0.0,0.0,0.0,1.8575200458960839,0.0,0.0,1.999,0.9999303444750388,1.0,1050.7961743639994,1000.0,1050.7961743639994,1000.0,0.0,0.0
193,1704762060000.0,0.0,0.0,0.0,1.8575200458960839,0.0,0.0,1.9983,0.9999303444750388,1.0,1050.7961743639994,1000.0,1050.7961743639994,1000.0,0.0,0.0
194,1704765660000.0,0.0,0.0,0.0,1.8575200458960839,0.0,0.0,1.9957,0.9999303444750388,1.0,1050.7961743639994,1000.0,1050.7961743639994,1000.0,0.0,0.0
195,1704769260000.0,0.0,0.0,0.0,1.8575200458960839,0.0,0.0,1.9863,0.9999303444750388,1.0,1050.7961743639994,1000.0,1050.7961743639994,1000.0,0.0,0.0
196,1704772860000.0,0.0,0.0,0.0,1.8575200458960839,0.0,0.0,1.9772,0.9999303444750388,1.0,1050.7961743639994,1000.0,1050.7961743639994,1000.0,0.0,0.0
197,1704776460000.0,0.0,0.0,0.0,1.8575200458960839,0.0,0.0,1.9957,0.9999303444750388,1.0,1050.7961743639994,1000.0,1050.7961743639994,1000.0,0.0,0.0
198,1704780060000.0,0.0,0.0,19.1,1.9561,0.0,0.0,1.9729,0.9999303444750388,1.0,1050.7887020619994,1000.0,1051.1095820619994,1000.0,0.035555683009042834,0.0
199,1704783660000.0,0.0,0.0,16.0,1.9561,0.0,0.0,1.9719,0.9999303444750388,1.0,1050.8643539039995,1000.0,1051.1171539039995,1000.0,0.029782721132112125,0.0
200,1704787260000.0,0.0,0.0,16.0,1.9561,0.0,0.0,1.9552,0.9999303444750388,1.0,1050.8643539039995,1000.0,1050.8499539039994,1000.0,0.029782721132112125,0.0
201,1704790860000.0,0.0,0.0,16.0,1.9561,0.0,0.0,1.9416,0.9999303444750388,1.0,1050.8643539039995,1000.0,1050.6323539039995,1000.0,0.029782721132112125,0.0
202,1704794460000.0,0.0,0.0,35.4,1.9411389830508474,0.0,0.0,1.9196,0.9999303444750388,1.0,1050.8568701599995,1000.0,1050.0943901599994,1000.0,0.06539075106349879,0.0
203,1704798060000.0,0.0,0.0,35.4,1.9411389830508474,0.0,0.0,1.9225,0.9999303444750388,1.0,1050.8568701599995,1000.0,1050.1970501599994,1000.0,0.06539075106349879,0.0
204,1704801660000.0,0.0,0.0,35.4,1.9411389830508474,0.0,0.0,1.9286,0.9999303444750388,1.0,1050.8568701599995,1000.0,1050.4129901599995,1000.0,0.06539075106349879,0.0
205,1704805260000.0,0.0,0.0,187.5,1.8800499733333331,0.0,0.0,1.8851,0.9999303444750388,1.0,1050.8001115499997,1000.0,1051.7469915499996,1000.0,0.33546757953805817,0.0
206,1704808860000.0,0.0,0.0,156.3,1.8800499733333331,0.0,0.0,1.888,0.9999303444750388,1.0,1051.5323520459995,1000.0,1052.7749412139995,1000.0,0.27945104138759336,0.0
207,1704812460000.0,0.0,0.0,156.3,1.8800499733333331,0.0,0.0,1.8442,0.9999303444750388,1.0,1051.5323520459995,1000.0,1045.9290012139995,1000.0,0.27945104138759336,0.0
208,1704816060000.0,0.0,0.0,156.3,1.8800499733333331,0.0,0.0,1.8546,0.9999303444750388,1.0,1051.5323520459995,1000.0,1047.5545212139996,1000.0,0.27945104138759336,0.0
209,1704819660000.0,0.0,0.0,156.3,1.8800499733333331,0.0,0.0,1.8549,0.9999303444750388,1.0,1051.5323520459995,1000.0,1047.6014112139994,1000.0,0.27945104138759336,0.0
210,1704823260000.0,0.0,0.0,156.3,1.8800499733333331,0.0,0.0,1.8511,0.9999303444750388,1.0,1051.5323520459995,1000.0,1047.0074712139995,1000.0,0.27945104138759336,0.0
211,1704826860000.0,0.0,0.0,156.3,1.8800499733333331,0.0,0.0,1.8778,0.9999303444750388,1.0,1051.5323520459995,1000.0,1051.1806812139994,1000.0,0.27945104138759336,0.0
212,1704830460000.0,0.0,0.0,156.3,1.8800499733333331,0.0,0.0,1.8607,0.9999303444750388,1.0,1051.5323520459995,1000.0,1048.5079512139996,1000.0,0.27945104138759336,0.0
213,1704834060000.0,0.0,0.0,156.3,1.8800499733333331,0.0,0.0,1.829,0.9999303444750388,1.0,1051.5323520459995,1000.0,1043.5532412139994,1000.0,0.27945104138759336,0.0
214,1704837660000.0,0.0,0.0,130.3,1.8800499733333331,0.0,0.0,1.8623,0.9999303444750388,1.0,1052.1425524593328,1000.0,1049.8297309339996,1000.0,0.23283015305552132,0.0
215,1704841260000.0,0.0,0.0,58.0,1.8800499733333331,0.0,0.0,1.8985,0.9999303444750388,1.0,1054.1786111333327,1000.0,1055.2487126799992,1000.0,0.10343873163590639,0.0
216,1704844860000.0,0.0,0.0,15.7,1.8800499733333331,0.0,0.0,1.8949,0.9999303444750388,1.0,1055.2296386093324,1000.0,1055.462784027999,1000.0,0.027971906304899617,0.0
217,1704848460000.0,0.0,0.0,0.0,1.8800499733333331,0.0,0.0,1.9362,0.9999303444750388,1.0,1055.8623229279992,1000.0,1055.8623229279992,1000.0,0.0,0.0
218,1704852060000.0,0.0,0.0,0.0,1.8800499733333331,0.0,0.0,1.9377,0.9999303444750388,1.0,1055.8623229279992,1000.0,1055.8623229279992,1000.0,0.0,0.0
219,1704855660000.0,0.0,0.0,0.0,1.8800499733333331,0.0,0.0,1.9052,0.9999303444750388,1.0,1055.8623229279992,1000.0,1055.8623229279992,1000.0,0.0,0.0
220,1704859260000.0,0.0,0.0,0.0,1.8800499733333331,0.0,0.0,1.9265,0.9999303444750388,1.0,1055.8623229279992,1000.0,1055.8623229279992,1000.0,0.0,0.0
221,1704862860000.0,0.0,0.0,0.0,1.8800499733333331,0.0,0.0,1.9384,0.9999303444750388,1.0,1055.8623229279992,1000.0,1055.8623229279992,1000.0,0.0,0.0
222,1704866460000.0,0.0,0.0,0.0,1.8800499733333331,0.0,0.0,1.9284,0.9999303444750388,1.0,1055.8623229279992,1000.0,1055.8623229279992,1000.0,0.0,0.0
223,1704870060000.0,0.0,0.0,0.0,1.8800499733333331,0.0,0.0,1.9315,0.9999303444750388,1.0,1055.8623229279992,1000.0,1055.8623229279992,1000.0,0.0,0.0
224,1704873660000.0,0.0,0.0,0.0,1.8800499733333331,0.0,0.0,1.9162,0.9999303444750388,1.0,1055.8623229279992,1000.0,1055.8623229279992,1000.0,0.0,0.0
225,1704877260000.0,0.0,0.0,19.8,1.9038,0.0,0.0,1.896,0.9999303444750388,1.0,1055.8547838799993,1000.0,1055.7003438799993,1000.0,0.03570115945440861,0.0
226,1704880860000.0,0.0,0.0,0.6,1.9038,0.0,0.0,1.956,0.9999303444750388,1.0,1056.4824362699994,1000.0,1056.5137562699995,1000.0,0.0010812105916620026,0.0
227,1704884460000.0,0.0,0.0,0.0,1.9038,0.0,0.0,1.9276,0.9999303444750388,1.0,1056.5142314079992,1000.0,1056.5142314079992,1000.0,0.0,0.0
228,1704888060000.0,0.0,0.0,19.7,1.9076,0.0,0.0,1.9175,0.9999303444750388,1.0,1056.5067154639992,1000.0,1056.7017454639993,1000.0,0.035569788104466184,0.0
229,1704891660000.0,0.0,0.0,90.2,1.869120177383592,0.0,0.0,1.8538,0.9999303444750388,1.0,1056.480512479999,1000.0,1055.0986324799992,1000.0,0.1595814007058571,0.0
230,1704895260000.0,0.0,0.0,90.2,1.869120177383592,0.0,0.0,1.8716,0.9999303444750388,1.0,1056.480512479999,1000.0,1056.7041924799992,1000.0,0.1595814007058571,0.0
231,1704898860000.0,0.0,0.0,90.2,1.869120177383592,0.0,0.0,1.8785,0.9999303444750388,1.0,1056.480512479999,1000.0,1057.3265724799992,1000.0,0.1595814007058571,0.0
232,1704902460000.0,0.0,0.0,0.0,1.869120177383592,0.0,0.0,1.9424,0.9999303444750388,1.0,1059.4468334239994,1000.0,1059.4468334239994,1000.0,0.0,0.0
233,1704906060000.0,0.0,0.0,0.0,1.869120177383592,0.0,0.0,1.9342,0.9999303444750388,1.0,1059.4468334239994,1000.0,1059.4468334239994,1000.0,0.0,0.0
234,1704909660000.0,0.0,0.0,0.0,1.869120177383592,0.0,0.0,1.9569,0.9999303444750388,1.0,1059.4468334239994,1000.0,1059.4468334239994,1000.0,0.0,0.0
235,1704913260000.0,0.0,0.0,0.0,1.869120177383592,0.0,0.0,1.9716,0.9999303444750388,1.0,1059.4468334239994,1000.0,1059.4468334239994,1000.0,0.0,0.0
236,1704916860000.0,0.0,0.0,0.0,1.869120177383592,0.0,0.0,1.9659,0.9999303444750388,1.0,1059.4468334239994,1000.0,1059.4468334239994,1000.0,0.0,0.0
237,1704920460000.0,0.0,0.0,0.0,1.917,0.0,0.0,1.9743,0.9999303444750388,1.0,1060.01878003,1000.0,1060.01878003,1000.0,0.0,0.0
238,1704924060000.0,0.0,0.0,0.0,1.917,0.0,0.0,2.0866,0.9999303444750388,1.0,1060.01878003,1000.0,1060.01878003,1000.0,0.0,0.0
239,1704927660000.0,0.0,0.0,0.0,1.917,0.0,0.0,2.1242,0.9999303444750388,1.0,1060.01878003,1000.0,1060.01878003,1000.0,0.0,0.0
240,1704931260000.0,0.0,0.0,0.0,1.917,0.0,0.0,2.1258,0.9999303444750388,1.0,1060.01878003,1000.0,1060.01878003,1000.0,0.0,0.0
241,1704934860000.0,0.0,0.0,0.0,1.917,0.0,0.0,2.1711,0.9999303444750388,1.0,1060.01878003,1000.0,1060.01878003,1000.0,0.0,0.0
242,1704938460000.0,0.0,0.0,0.0,1.917,0.0,0.0,2.1484,0.9999303444750388,1.0,1060.01878003,1000.0,1060.01878003,1000.0,0.0,0.0
243,1704942060000.0,0.0,0.0,0.0,1.917,0.0,0.0,2.1904,0.9999303444750388,1.0,1060.01878003,1000.0,1060.01878003,1000.0,0.0,0.0
244,1704945660000.0,0.0,0.0,0.0,1.917,0.0,0.0,2.2264,0.9999303444750388,1.0,1060.01878003,1000.0,1060.01878003,1000.0,0.0,0.0
245,1704949260000.0,0.0,0.0,0.0,1.917,0.0,0.0,2.242,0.9999303444750388,1.0,1060.01878003,1000.0,1060.01878003,1000.0,0.0,0.0
246,1704952860000.0,0.0,0.0,0.0,1.917,0.0,0.0,2.2254,0.9999303444750388,1.0,1060.01878003,1000.0,1060.01878003,1000.0,0.0,0.0
247,1704956460000.0,0.0,0.0,0.0,1.917,0.0,0.0,2.1821,0.9999303444750388,1.0,1060.01878003,1000.0,1060.01878003,1000.0,0.0,0.0
248,1704960060000.0,0.0,0.0,0.0,1.917,0.0,0.0,2.1915,0.9999303444750388,1.0,1060.01878003,1000.0,1060.01878003,1000.0,0.0,0.0
249,1704963660000.0,0.0,0.0,0.0,1.917,0.0,0.0,2.2306,0.9999303444750388,1.0,1060.01878003,1000.0,1060.01878003,1000.0,0.0,0.0
250,1704967260000.0,0.0,0.0,0.0,1.917,0.0,0.0,2.2168,0.9999303444750388,1.0,1060.01878003,1000.0,1060.01878003,1000.0,0.0,0.0
251,1704970860000.0,0.0,0.0,0.0,1.917,0.0,0.0,2.2544,0.9999303444750388,1.0,1060.01878003,1000.0,1060.01878003,1000.0,0.0,0.0
252,1704974460000.0,0.0,0.0,0.0,1.917,0.0,0.0,2.2366,0.9999303444750388,1.0,1060.01878003,1000.0,1060.01878003,1000.0,0.0,0.0
253,1704978060000.0,0.0,0.0,0.0,1.917,0.0,0.0,2.2229,0.9999303444750388,1.0,1060.01878003,1000.0,1060.01878003,1000.0,0.0,0.0
254,1704981660000.0,0.0,0.0,0.0,1.917,0.0,0.0,2.251,0.9999303444750388,1.0,1060.01878003,1000.0,1060.01878003,1000.0,0.0,0.0
255,1704985260000.0,0.0,0.0,0.0,1.917,0.0,0.0,2.2465,0.9999303444750388,1.0,1060.01878003,1000.0,1060.01878003,1000.0,0.0,0.0
256,1704988860000.0,0.0,0.0,34.9,2.162364183381089,0.0,0.0,2.1806,0.9999303444750388,1.0,1060.003686728,1000.0,1060.640116728,1000.0,0.07119457313676772,0.0
257,1704992460000.0,0.0,0.0,26.5,2.147242708490424,0.0,0.0,2.1655,0.9999303444750388,1.0,1060.6987730909962,1000.0,1061.1825913159998,1000.0,0.0536457033971837,0.0
258,1704996060000.0,0.0,0.0,8.0,2.147242708490424,0.0,0.0,2.1812,0.9999303444750388,1.0,1061.2820899099236,1000.0,1061.5537482420002,1000.0,0.016186028042159246,0.0
259,1704999660000.0,0.0,0.0,1.1,2.147242708490424,0.0,0.0,2.1801,0.9999303444750388,1.0,1061.5334811453392,1000.0,1061.5696241659998,1000.0,0.0022250517965679496,0.0
260,1705003260000.0,0.0,0.0,17.4,2.170341205709165,0.0,0.0,2.1901,0.9999303444750388,1.0,1061.5264007513392,1000.0,1061.8702037719997,1000.0,0.035575127432167945,0.0
261,1705006860000.0,0.0,0.0,17.4,2.1706027924759135,0.0,0.0,2.163,0.9999303444750388,1.0,1061.6678311150804,1000.0,1061.5355425259995,1000.0,0.03557467550788674,0.0
262,1705010460000.0,0.0,0.0,17.4,2.1706027924759135,0.0,0.0,2.1586,0.9999303444750388,1.0,1061.6678311150804,1000.0,1061.4589825259995,1000.0,0.03557467550788674,0.0
263,1705014060000.0,0.0,0.0,17.4,2.1706027924759135,0.0,0.0,2.1724,0.9999303444750388,1.0,1061.6678311150804,1000.0,1061.6991025259995,1000.0,0.03557467550788674,0.0
264,1705017660000.0,0.0,0.0,1.2,2.1706027924759135,0.0,0.0,2.2097,0.9999303444750388,1.0,1062.163592544971,1000.0,1062.2105091939998,1000.0,0.0024522807684738213,0.0
265,1705021260000.0,0.0,0.0,0.0,2.1706027924759135,0.0,0.0,2.2155,0.9999303444750388,1.0,1062.2091390340004,1000.0,1062.2091390340004,1000.0,0.0,0.0
266,1705024860000.0,0.0,0.0,0.0,2.1706027924759135,0.0,0.0,2.2073,0.9999303444750388,1.0,1062.2091390340004,1000.0,1062.2091390340004,1000.0,0.0,0.0
267,1705028460000.0,0.0,0.0,0.0,2.1706027924759135,0.0,0.0,2.2104,0.9999303444750388,1.0,1062.2091390340004,1000.0,1062.2091390340004,1000.0,0.0,0.0
268,1705032060000.0,0.0,0.0,0.0,2.1706027924759135,0.0,0.0,2.2298,0.9999303444750388,1.0,1062.2091390340004,1000.0,1062.2091390340004,1000.0,0.0,0.0
269,1705035660000.0,0.0,0.0,0.0,2.1706027924759135,0.0,0.0,2.2348,0.9999303444750388,1.0,1062.2091390340004,1000.0,1062.2091390340004,1000.0,0.0,0.0
270,1705039260000.0,0.0,0.0,0.0,2.1706027924759135,0.0,0.0,2.2297,0.9999303444750388,1.0,1062.2091390340004,1000.0,1062.2091390340004,1000.0,0.0,0.0
271,1705042860000.0,0.0,0.0,0.0,2.1706027924759135,0.0,0.0,2.2659,0.9999303444750388,1.0,1062.2091390340004,1000.0,1062.2091390340004,1000.0,0.0,0.0
272,1705046460000.0,0.0,0.0,0.0,2.1706027924759135,0.0,0.0,2.2563,0.9999303444750388,1.0,1062.2091390340004,1000.0,1062.2091390340004,1000.0,0.0,0.0
273,1705050060000.0,0.0,0.0,0.0,2.1706027924759135,0.0,0.0,2.2339,0.9999303444750388,1.0,1062.2091390340004,1000.0,1062.2091390340004,1000.0,0.0,0.0
274,1705053660000.0,0.0,0.0,0.0,2.1706027924759135,0.0,0.0,2.2796,0.9999303444750388,1.0,1062.2091390340004,1000.0,1062.2091390340004,1000.0,0.0,0.0
275,1705057260000.0,0.0,0.0,0.0,2.1706027924759135,0.0,0.0,2.2569,0.9999303444750388,1.0,1062.2091390340004,1000.0,1062.2091390340004,1000.0,0.0,0.0
276,1705060860000.0,0.0,0.0,0.0,2.1706027924759135,0.0,0.0,2.2412,0.9999303444750388,1.0,1062.2091390340004,1000.0,1062.2091390340004,1000.0,0.0,0.0
277,1705064460000.0,0.0,0.0,14.3,2.2179,0.0,0.0,2.2271,0.9999303444750388,1.0,1062.2792560000005,1000.0,1062.4108160000005,1000.0,0.029856527669970795,0.0
278,1705068060000.0,0.0,0.0,2.5,2.2179,0.0,0.0,2.2428,0.9999303444750388,1.0,1062.6740217400002,1000.0,1062.7362717400001,1000.0,0.0052177336479169245,0.0
279,1705071660000.0,0.0,0.0,0.4,2.2179,0.0,0.0,2.2533,0.9999303444750388,1.0,1062.7394369500007,1000.0,1062.7535969500007,1000.0,0.0008347859965995962,0.0
280,1705075260000.0,0.0,0.0,0.0,2.2179,0.0,0.0,2.2724,0.9999303444750388,1.0,1062.7535966500009,1000.0,1062.7535966500009,1000.0,0.0,0.0
281,1705078860000.0,0.0,0.0,34.2,2.2140555555555554,0.0,0.0,2.2304,0.9999303444750388,1.0,1062.7384525100008,1000.0,1063.2974325100008,1000.0,0.07125055070808915,0.0
282,1705082460000.0,0.0,0.0,13.5,2.1854163449163453,0.0,0.0,2.2321,0.9999303444750388,1.0,1064.9772679603716,1000.0,1065.6074973040008,1000.0,0.027703052021828215,0.0
283,1705086060000.0,0.0,0.0,17.1,2.2130567398423353,0.0,0.0,2.1999,0.9999303444750388,1.0,1065.376785229305,1000.0,1065.1518049780009,1000.0,0.035521020146087365,0.0
284,1705089660000.0,0.0,0.0,18.5,2.1968889927914184,0.0,0.0,2.2035,0.9999303444750388,1.0,1065.912661298642,1000.0,1066.0349649320008,1000.0,0.03812924627157069,0.0
285,1705093260000.0,0.0,0.0,17.1,2.216809888087935,0.0,0.0,2.2187,0.9999303444750388,1.0,1066.5193794983043,1000.0,1066.5517004120006,1000.0,0.03554314137651726,0.0
286,1705096860000.0,0.0,0.0,78.4,2.172149095488568,0.0,0.0,2.1415,0.9999303444750388,1.0,1066.492901690304,1000.0,1064.0900126040003,1000.0,0.15967897096773706,0.0
287,1705100460000.0,0.0,0.0,177.6,2.129857258368827,0.0,0.0,2.109,0.9999303444750388,1.0,1066.451308458304,1000.0,1062.7470593720004,1000.0,0.35469284540813417,0.0
288,1705104060000.0,0.0,0.0,11.7,2.129857258368827,0.0,0.0,2.1871,0.9999303444750388,1.0,1072.132040120916,1000.0,1072.8017801980006,1000.0,0.023242780730724968,0.0
289,1705107660000.0,0.0,0.0,32.6,2.132303847282319,0.0,0.0,2.1194,0.9999303444750388,1.0,1072.1996984054044,1000.0,1071.7790329840009,1000.0,0.06483223743187468,0.0
290,1705111260000.0,0.0,0.0,76.5,2.104771312698086,0.0,0.0,2.1112,0.9999303444750388,1.0,1072.1813980254044,1000.0,1072.6731926040009,1000.0,0.150175152933952,0.0
291,1705114860000.0,0.0,0.0,53.2,2.104771312698086,0.0,0.0,2.1099,0.9999303444750388,1.0,1072.7942436495389,1000.0,1073.0670898140006,1000.0,0.10437587123381123,0.0
292,1705118460000.0,0.0,0.0,53.2,2.104771312698086,0.0,0.0,2.1097,0.9999303444750388,1.0,1072.7942436495389,1000.0,1073.0564498140006,1000.0,0.10437587123381123,0.0
293,1705122060000.0,0.0,0.0,53.2,2.104771312698086,0.0,0.0,2.1142,0.9999303444750388,1.0,1072.7942436495389,1000.0,1073.2958498140008,1000.0,0.10437587123381123,0.0
294,1705125660000.0,0.0,0.0,10.0,2.1142870647421534,0.0,0.0,2.1515,0.9999303444750388,1.0,1074.1958985474225,1000.0,1074.568027900001,1000.0,0.019682509192235704,0.0
295,1705129260000.0,0.0,0.0,17.9,2.1317702354385357,0.0,0.0,2.1369,0.9999303444750388,1.0,1074.3212310163508,1000.0,1074.413053802001,1000.0,0.035518880305707205,0.0
296,1705132860000.0,0.0,0.0,17.9,2.1317702354385357,0.0,0.0,2.1365,0.9999303444750388,1.0,1074.3212310163508,1000.0,1074.405893802001,1000.0,0.035518880305707205,0.0
297,1705136460000.0,0.0,0.0,17.9,2.1317702354385357,0.0,0.0,2.1414,0.9999303444750388,1.0,1074.3212310163508,1000.0,1074.493603802001,1000.0,0.035518880305707205,0.0
298,1705140060000.0,0.0,0.0,17.9,2.1317702354385357,0.0,0.0,2.1029,0.9999303444750388,1.0,1074.3212310163508,1000.0,1073.804453802001,1000.0,0.035518880305707205,0.0
299,1705143660000.0,0.0,0.0,36.1,2.11620684804293,0.0,0.0,2.1137,0.9999303444750388,1.0,1074.3135837403509,1000.0,1074.223086526001,1000.0,0.07111058481488361,0.0
300,1705147260000.0,0.0,0.0,36.1,2.11620684804293,0.0,0.0,2.1123,0.9999303444750388,1.0,1074.3135837403509,1000.0,1074.172546526001,1000.0,0.07111058481488361,0.0
301,1705150860000.0,0.0,0.0,36.1,2.11620684804293,0.0,0.0,2.1157,0.9999303444750388,1.0,1074.3135837403509,1000.0,1074.295286526001,1000.0,0.07111058481488361,0.0
302,1705154460000.0,0.0,0.0,36.1,2.11620684804293,0.0,0.0,2.1302,0.9999303444750388,1.0,1074.3135837403509,1000.0,1074.818736526001,1000.0,0.07111058481488361,0.0
303,1705158060000.0,0.0,0.0,36.1,2.11620684804293,0.0,0.0,2.1183,0.9999303444750388,1.0,1074.3135837403509,1000.0,1074.389146526001,1000.0,0.07111058481488361,0.0
304,1705161660000.0,0.0,0.0,21.0,2.11620684804293,0.0,0.0,2.1309,0.9999303444750388,1.0,1074.7131981729024,1000.0,1075.0217543640008,1000.0,0.04135088680817695,0.0
305,1705165260000.0,0.0,0.0,21.0,2.11620684804293,0.0,0.0,2.1153,0.9999303444750388,1.0,1074.7131981729024,1000.0,1074.6941543640007,1000.0,0.04135088680817695,0.0
306,1705168860000.0,0.0,0.0,21.0,2.11620684804293,0.0,0.0,2.1137,0.9999303444750388,1.0,1074.7131981729024,1000.0,1074.6605543640007,1000.0,0.04135088680817695,0.0
307,1705172460000.0,0.0,0.0,21.0,2.11620684804293,0.0,0.0,2.1236,0.9999303444750388,1.0,1074.7131981729024,1000.0,1074.8684543640009,1000.0,0.04135088680817695,0.0
308,1705176060000.0,0.0,0.0,21.0,2.11620684804293,0.0,0.0,2.1346,0.9999303444750388,1.0,1074.7131981729024,1000.0,1075.0994543640008,1000.0,0.04135088680817695,0.0
309,1705179660000.0,0.0,0.0,21.0,2.11620684804293,0.0,0.0,2.1173,0.9999303444750388,1.0,1074.7131981729024,1000.0,1074.7361543640009,1000.0,0.04135088680817695,0.0
310,1705183260000.0,0.0,0.0,21.0,2.11620684804293,0.0,0.0,2.1258,0.9999303444750388,1.0,1074.7131981729024,1000.0,1074.9146543640009,1000.0,0.04135088680817695,0.0
311,1705186860000.0,0.0,0.0,21.0,2.11620684804293,0.0,0.0,2.1329,0.9999303444750388,1.0,1074.7131981729024,1000.0,1075.063754364001,1000.0,0.04135088680817695,0.0
312,1705190460000.0,0.0,0.0,21.0,2.11620684804293,0.0,0.0,2.1253,0.9999303444750388,1.0,1074.7131981729024,1000.0,1074.9041543640008,1000.0,0.04135088680817695,0.0
313,1705194060000.0,0.0,0.0,21.0,2.11620684804293,0.0,0.0,2.0961,0.9999303444750388,1.0,1074.7131981729024,1000.0,1074.2909543640008,1000.0,0.04135088680817695,0.0
314,1705197660000.0,0.0,0.0,21.0,2.11620684804293,0.0,0.0,2.1003,0.9999303444750388,1.0,1074.7131981729024,1000.0,1074.379154364001,1000.0,0.04135088680817695,0.0
315,1705201260000.0,0.0,0.0,39.4,2.1013528885508004,0.0,0.0,2.0871,0.9999303444750388,1.0,1074.7055275809023,1000.0,1074.1439637720007,1000.0,0.07703812968680294,0.0
316,1705204860000.0,0.0,0.0,39.4,2.1013528885508004,0.0,0.0,2.0803,0.9999303444750388,1.0,1074.7055275809023,1000.0,1073.8760437720007,1000.0,0.07703812968680294,0.0
317,1705208460000.0,0.0,0.0,59.3,2.0885159158330784,0.0,0.0,2.0684,0.9999303444750388,1.0,1074.6973164429023,1000.0,1073.5044426340007,1000.0,0.11524081424044527,0.0
318,1705212060000.0,0.0,0.0,59.3,2.0885159158330784,0.0,0.0,2.0934,0.9999303444750388,1.0,1074.6973164429023,1000.0,1074.9869426340008,1000.0,0.11524081424044527,0.0
319,1705215660000.0,0.0,0.0,59.3,2.0885159158330784,0.0,0.0,2.0976,0.9999303444750388,1.0,1074.6973164429023,1000.0,1075.2360026340007,1000.0,0.11524081424044527,0.0
320,1705219260000.0,0.0,0.0,59.3,2.0885159158330784,0.0,0.0,2.0929,0.9999303444750388,1.0,1074.6973164429023,1000.0,1074.9572926340009,1000.0,0.11524081424044527,0.0
321,1705222860000.0,0.0,0.0,59.3,2.0885159158330784,0.0,0.0,2.0924,0.9999303444750388,1.0,1074.6973164429023,1000.0,1074.9276426340007,1000.0,0.11524081424044527,0.0
322,1705226460000.0,0.0,0.0,59.3,2.0885159158330784,0.0,0.0,2.0896,0.9999303444750388,1.0,1074.6973164429023,1000.0,1074.7616026340008,1000.0,0.11524081424044527,0.0
323,1705230060000.0,0.0,0.0,59.3,2.0885159158330784,0.0,0.0,2.0803,0.9999303444750388,1.0,1074.6973164429023,1000.0,1074.2101126340008,1000.0,0.11524081424044527,0.0
324,1705233660000.0,0.0,0.0,59.3,2.0885159158330784,0.0,0.0,2.0703,0.9999303444750388,1.0,1074.6973164429023,1000.0,1073.6171126340007,1000.0,0.11524081424044527,0.0
325,1705237260000.0,0.0,0.0,59.3,2.0885159158330784,0.0,0.0,2.062,0.9999303444750388,1.0,1074.6973164429023,1000.0,1073.1249226340008,1000.0,0.11524081424044527,0.0
326,1705240860000.0,0.0,0.0,59.3,2.0885159158330784,0.0,0.0,2.0775,0.9999303444750388,1.0,1074.6973164429023,1000.0,1074.0440726340007,1000.0,0.11524081424044527,0.0
327,1705244460000.0,0.0,0.0,59.3,2.0885159158330784,0.0,0.0,2.0647,0.9999303444750388,1.0,1074.6973164429023,1000.0,1073.2850326340008,1000.0,0.11524081424044527,0.0
328,1705248060000.0,0.0,0.0,59.3,2.0885159158330784,0.0,0.0,2.0658,0.9999303444750388,1.0,1074.6973164429023,1000.0,1073.3502626340007,1000.0,0.11524081424044527,0.0
329,1705251660000.0,0.0,0.0,59.3,2.0885159158330784,0.0,0.0,2.057,0.9999303444750388,1.0,1074.6973164429023,1000.0,1072.8284226340008,1000.0,0.11524081424044527,0.0
330,1705255260000.0,0.0,0.0,59.3,2.0885159158330784,0.0,0.0,2.0538,0.9999303444750388,1.0,1074.6973164429023,1000.0,1072.6386626340009,1000.0,0.11524081424044527,0.0
331,1705258860000.0,0.0,0.0,89.3,2.073325798531932,0.0,0.0,2.0454,0.9999303444750388,1.0,1074.6850566429023,1000.0,1072.1912828340007,1000.0,0.17228116522552778,0.0
332,1705262460000.0,0.0,0.0,134.4,2.0547268140543267,0.0,0.0,2.0118,0.9999303444750388,1.0,1074.6668551849023,1000.0,1068.8974913760007,1000.0,0.256968271121926,0.0
333,1705266060000.0,0.0,0.0,134.4,2.0547268140543267,0.0,0.0,2.017,0.9999303444750388,1.0,1074.6668551849023,1000.0,1069.5963713760007,1000.0,0.256968271121926,0.0
334,1705269660000.0,0.0,0.0,134.4,2.0547268140543267,0.0,0.0,2.0254,0.9999303444750388,1.0,1074.6668551849023,1000.0,1070.7253313760007,1000.0,0.256968271121926,0.0
335,1705273260000.0,0.0,0.0,134.4,2.0547268140543267,0.0,0.0,2.0103,0.9999303444750388,1.0,1074.6668551849023,1000.0,1068.6958913760006,1000.0,0.256968271121926,0.0
336,1705276860000.0,0.0,0.0,202.3,2.0310551844236358,0.0,0.0,1.9845,0.9999303444750388,1.0,1074.6399097489023,1000.0,1065.2217959400007,1000.0,0.38234431839117844,0.0
337,1705280460000.0,0.0,0.0,202.3,2.0310551844236358,0.0,0.0,2.013,0.9999303444750388,1.0,1074.6399097489023,1000.0,1070.9873459400008,1000.0,0.38234431839117844,0.0
338,1705284060000.0,0.0,0.0,202.3,2.0310551844236358,0.0,0.0,2.0264,0.9999303444750388,1.0,1074.6399097489023,1000.0,1073.6981659400008,1000.0,0.38234431839117844,0.0
339,1705287660000.0,0.0,0.0,202.3,2.0310551844236358,0.0,0.0,2.0434,0.9999303444750388,1.0,1074.6399097489023,1000.0,1077.1372659400008,1000.0,0.38234431839117844,0.0
340,1705291260000.0,0.0,0.0,202.3,2.0310551844236358,0.0,0.0,2.0426,0.9999303444750388,1.0,1074.6399097489023,1000.0,1076.9754259400008,1000.0,0.38234431839117844,0.0
341,1705294860000.0,0.0,0.0,202.3,2.0310551844236358,0.0,0.0,2.0509,0.9999303444750388,1.0,1074.6399097489023,1000.0,1078.6545159400007,1000.0,0.38234431839117844,0.0
342,1705298460000.0,0.0,0.0,202.3,2.0310551844236358,0.0,0.0,2.0412,0.9999303444750388,1.0,1074.6399097489023,1000.0,1076.6922059400008,1000.0,0.38234431839117844,0.0
343,1705302060000.0,0.0,0.0,202.3,2.0310551844236358,0.0,0.0,2.0316,0.9999303444750388,1.0,1074.6399097489023,1000.0,1074.7501259400008,1000.0,0.38234431839117844,0.0
344,1705305660000.0,0.0,0.0,202.3,2.0310551844236358,0.0,0.0,2.032,0.9999303444750388,1.0,1074.6399097489023,1000.0,1074.8310459400006,1000.0,0.38234431839117844,0.0
345,1705309260000.0,0.0,0.0,202.3,2.0310551844236358,0.0,0.0,2.045,0.9999303444750388,1.0,1074.6399097489023,1000.0,1077.4609459400008,1000.0,0.38234431839117844,0.0
346,1705312860000.0,0.0,0.0,202.3,2.0310551844236358,0.0,0.0,2.0506,0.9999303444750388,1.0,1074.6399097489023,1000.0,1078.593825940001,1000.0,0.38234431839117844,0.0
347,1705316460000.0,0.0,0.0,202.3,2.0310551844236358,0.0,0.0,2.0427,0.9999303444750388,1.0,1074.6399097489023,1000.0,1076.9956559400007,1000.0,0.38234431839117844,0.0
348,1705320060000.0,0.0,0.0,202.3,2.0310551844236358,0.0,0.0,2.0402,0.9999303444750388,1.0,1074.6399097489023,1000.0,1076.4899059400007,1000.0,0.38234431839117844,0.0
349,1705323660000.0,0.0,0.0,202.3,2.0310551844236358,0.0,0.0,2.0229,0.9999303444750388,1.0,1074.6399097489023,1000.0,1072.9901159400008,1000.0,0.38234431839117844,0.0
350,1705327260000.0,0.0,0.0,202.3,2.0310551844236358,0.0,0.0,2.0255,0.9999303444750388,1.0,1074.6399097489023,1000.0,1073.5160959400007,1000.0,0.38234431839117844,0.0
351,1705330860000.0,0.0,0.0,202.3,2.0310551844236358,0.0,0.0,1.9929,0.9999303444750388,1.0,1074.6399097489023,1000.0,1066.9211159400006,1000.0,0.38234431839117844,0.0
352,1705334460000.0,0.0,0.0,202.3,2.0310551844236358,0.0,0.0,1.9946,0.9999303444750388,1.0,1074.6399097489023,1000.0,1067.2650259400007,1000.0,0.38234431839117844,0.0
353,1705338060000.0,0.0,0.0,202.3,2.0310551844236358,0.0,0.0,2.0108,0.9999303444750388,1.0,1074.6399097489023,1000.0,1070.5422859400007,1000.0,0.38234431839117844,0.0
354,1705341660000.0,0.0,0.0,202.3,2.0310551844236358,0.0,0.0,2.0055,0.9999303444750388,1.0,1074.6399097489023,1000.0,1069.4700959400006,1000.0,0.38234431839117844,0.0
355,1705345260000.0,0.0,0.0,202.3,2.0310551844236358,0.0,0.0,2.0224,0.9999303444750388,1.0,1074.6399097489023,1000.0,1072.8889659400008,1000.0,0.38234431839117844,0.0
356,1705348860000.0,0.0,0.0,202.3,2.0310551844236358,0.0,0.0,2.0286,0.9999303444750388,1.0,1074.6399097489023,1000.0,1074.1432259400008,1000.0,0.38234431839117844,0.0
357,1705352460000.0,0.0,0.0,202.3,2.0310551844236358,0.0,0.0,2.015,0.9999303444750388,1.0,1074.6399097489023,1000.0,1071.3919459400008,1000.0,0.38234431839117844,0.0
358,1705356060000.0,0.0,0.0,202.3,2.0310551844236358,0.0,0.0,2.0129,0.9999303444750388,1.0,1074.6399097489023,1000.0,1070.9671159400007,1000.0,0.38234431839117844,0.0
359,1705359660000.0,0.0,0.0,202.3,2.0310551844236358,0.0,0.0,2.0118,0.9999303444750388,1.0,1074.6399097489023,1000.0,1070.7445859400007,1000.0,0.38234431839117844,0.0
360,1705363260000.0,0.0,0.0,202.3,2.0310551844236358,0.0,0.0,2.0231,0.9999303444750388,1.0,1074.6399097489023,1000.0,1073.0305759400007,1000.0,0.38234431839117844,0.0
361,1705366860000.0,0.0,0.0,5.8,2.0310551844236358,0.0,0.0,2.063,0.9999303444750388,1.0,1080.9369199196585,1000.0,1081.1221998500014,1000.0,0.010898064311220541,0.0
362,1705370460000.0,0.0,0.0,0.0,2.0310551844236358,0.0,0.0,2.0834,0.9999303444750388,1.0,1081.2064694340017,1000.0,1081.2064694340017,1000.0,0.0,0.0
363,1705374060000.0,0.0,0.0,0.0,2.0310551844236358,0.0,0.0,2.087,0.9999303444750388,1.0,1081.2064694340017,1000.0,1081.2064694340017,1000.0,0.0,0.0
364,1705377660000.0,0.0,0.0,0.0,2.0310551844236358,0.0,0.0,2.0856,0.9999303444750388,1.0,1081.2064694340017,1000.0,1081.2064694340017,1000.0,0.0,0.0
365,1705381260000.0,0.0,0.0,0.0,2.0310551844236358,0.0,0.0,2.0813,0.9999303444750388,1.0,1081.2064694340017,1000.0,1081.2064694340017,1000.0,0.0,0.0
366,1705384860000.0,0.0,0.0,0.0,2.0310551844236358,0.0,0.0,2.0531,0.9999303444750388,1.0,1081.2064694340017,1000.0,1081.2064694340017,1000.0,0.0,0.0
367,1705388460000.0,0.0,0.0,18.9,2.0413,0.0,0.0,2.0583,0.9999303444750388,1.0,1081.1987533200017,1000.0,1081.5200533200018,1000.0,0.03568314325329353,0.0
368,1705392060000.0,0.0,0.0,18.9,2.0413,0.0,0.0,2.0308,0.9999303444750388,1.0,1081.1987533200017,1000.0,1081.0003033200016,1000.0,0.03568314325329353,0.0
369,1705395660000.0,0.0,0.0,18.9,2.0413,0.0,0.0,2.0478,0.9999303444750388,1.0,1081.1987533200017,1000.0,1081.3216033200017,1000.0,0.03568314325329353,0.0
370,1705399260000.0,0.0,0.0,7.7,2.0413,0.0,0.0,2.065,0.9999303444750388,1.0,1081.484202792002,1000.0,1081.6666927920019,1000.0,0.014533739798900226,0.0
371,1705402860000.0,0.0,0.0,2.4,2.0413,0.0,0.0,2.0645,0.9999303444750388,1.0,1081.6192815600018,1000.0,1081.6749615600017,1000.0,0.004529431088667428,0.0
372,1705406460000.0,0.0,0.0,18.9,2.0413000000000006,0.0,0.0,2.0533,0.9999303444750388,1.0,1081.6125452700019,1000.0,1081.8393452700018,1000.0,0.03566949197170155,0.0
373,1705410060000.0,0.0,0.0,5.3,2.0413000000000006,0.0,0.0,2.0604,0.9999303444750388,1.0,1081.9882966580021,1000.0,1082.0895266580021,1000.0,0.00999908227604394,0.0
374,1705413660000.0,0.0,0.0,18.9,2.0428978835978837,0.0,0.0,2.0554,0.9999303444750388,1.0,1082.020355732002,1000.0,1082.256645732002,1000.0,0.03568395898973571,0.0
375,1705417260000.0,0.0,0.0,38.1,2.0279824146981626,0.0,0.0,2.0525,0.9999303444750388,1.0,1082.0126246600018,1000.0,1082.946744660002,1000.0,0.07140963814935075,0.0
376,1705420860000.0,0.0,0.0,2.5,2.0279824146981626,0.0,0.0,2.0546,0.9999303444750388,1.0,1083.0552200127474,1000.0,1083.121763976002,1000.0,0.0046811611661737185,0.0
377,1705424460000.0,0.0,0.0,0.8,2.0279824146981626,0.0,0.0,2.0616,0.9999303444750388,1.0,1083.1104592057607,1000.0,1083.1373532740022,1000.0,0.0014978951758514247,0.0
378,1705428060000.0,0.0,0.0,0.0,2.0279824146981626,0.0,0.0,2.0687,0.9999303444750388,1.0,1083.140082806003,1000.0,1083.140082806003,1000.0,0.0,0.0
379,1705431660000.0,0.0,0.0,0.0,2.0279824146981626,0.0,0.0,2.0622,0.9999303444750388,1.0,1083.140082806003,1000.0,1083.140082806003,1000.0,0.0,0.0
380,1705435260000.0,0.0,0.0,0.0,2.0279824146981626,0.0,0.0,2.076,0.9999303444750388,1.0,1083.140082806003,1000.0,1083.140082806003,1000.0,0.0,0.0
381,1705438860000.0,0.0,0.0,0.0,2.0279824146981626,0.0,0.0,2.0873,0.9999303444750388,1.0,1083.140082806003,1000.0,1083.140082806003,1000.0,0.0,0.0
382,1705442460000.0,0.0,0.0,0.0,2.0279824146981626,0.0,0.0,2.0949,0.9999303444750388,1.0,1083.140082806003,1000.0,1083.140082806003,1000.0,0.0,0.0
383,1705446060000.0,0.0,0.0,0.0,2.0279824146981626,0.0,0.0,2.1063,0.9999303444750388,1.0,1083.140082806003,1000.0,1083.140082806003,1000.0,0.0,0.0
384,1705449660000.0,0.0,0.0,0.0,2.0279824146981626,0.0,0.0,2.102,0.9999303444750388,1.0,1083.140082806003,1000.0,1083.140082806003,1000.0,0.0,0.0
385,1705453260000.0,0.0,0.0,0.0,2.0279824146981626,0.0,0.0,2.1134,0.9999303444750388,1.0,1083.140082806003,1000.0,1083.140082806003,1000.0,0.0,0.0
386,1705456860000.0,0.0,0.0,0.0,2.0279824146981626,0.0,0.0,2.0998,0.9999303444750388,1.0,1083.140082806003,1000.0,1083.140082806003,1000.0,0.0,0.0
387,1705460460000.0,0.0,0.0,0.0,2.0279824146981626,0.0,0.0,2.0967,0.9999303444750388,1.0,1083.140082806003,1000.0,1083.140082806003,1000.0,0.0,0.0
388,1705464060000.0,0.0,0.0,0.0,2.0279824146981626,0.0,0.0,2.0746,0.9999303444750388,1.0,1083.140082806003,1000.0,1083.140082806003,1000.0,0.0,0.0
389,1705467660000.0,0.0,0.0,18.6,2.0713,0.0,0.0,2.0745,0.9999303444750388,1.0,1083.132377570003,1000.0,1083.191897570003,1000.0,0.03556922569929367,0.0
390,1705471260000.0,0.0,0.0,18.6,2.0713,0.0,0.0,2.052,0.9999303444750388,1.0,1083.132377570003,1000.0,1082.773397570003,1000.0,0.03556922569929367,0.0
391,1705474860000.0,0.0,0.0,18.6,2.0713,0.0,0.0,2.0494,0.9999303444750388,1.0,1083.132377570003,1000.0,1082.725037570003,1000.0,0.03556922569929367,0.0
392,1705478460000.0,0.0,0.0,37.5,2.0561800000000003,0.0,0.0,2.0274,0.9999303444750388,1.0,1083.124661456003,1000.0,1082.045411456003,1000.0,0.07118917401100291,0.0
393,1705482060000.0,0.0,0.0,37.5,2.0561800000000003,0.0,0.0,2.0591,0.9999303444750388,1.0,1083.124661456003,1000.0,1083.234161456003,1000.0,0.07118917401100291,0.0
394,1705485660000.0,0.0,0.0,37.5,2.0561800000000003,0.0,0.0,2.0606,0.9999303444750388,1.0,1083.124661456003,1000.0,1083.2904114560029,1000.0,0.07118917401100291,0.0
395,1705489260000.0,0.0,0.0,37.5,2.0561800000000003,0.0,0.0,2.0706,0.9999303444750388,1.0,1083.124661456003,1000.0,1083.6654114560029,1000.0,0.07118917401100291,0.0
396,1705492860000.0,0.0,0.0,26.1,2.0561800000000003,0.0,0.0,2.0636,0.9999303444750388,1.0,1083.417681812003,1000.0,1083.6113438120028,1000.0,0.049534264486290995,0.0
397,1705496460000.0,0.0,0.0,26.1,2.0561800000000003,0.0,0.0,2.0735,0.9999303444750388,1.0,1083.417681812003,1000.0,1083.869733812003,1000.0,0.049534264486290995,0.0
398,1705500060000.0,0.0,0.0,26.1,2.0561800000000003,0.0,0.0,2.0621,0.9999303444750388,1.0,1083.417681812003,1000.0,1083.572193812003,1000.0,0.049534264486290995,0.0
399,1705503660000.0,0.0,0.0,26.1,2.0561800000000003,0.0,0.0,2.0544,0.9999303444750388,1.0,1083.417681812003,1000.0,1083.3712238120029,1000.0,0.049534264486290995,0.0
400,1705507260000.0,0.0,0.0,26.1,2.0561800000000003,0.0,0.0,2.0481,0.9999303444750388,1.0,1083.417681812003,1000.0,1083.2067938120028,1000.0,0.049534264486290995,0.0
401,1705510860000.0,0.0,0.0,26.1,2.0561800000000003,0.0,0.0,2.0341,0.9999303444750388,1.0,1083.417681812003,1000.0,1082.841393812003,1000.0,0.049534264486290995,0.0
402,1705514460000.0,0.0,0.0,45.2,2.042497300884956,0.0,0.0,2.0388,0.9999303444750388,1.0,1083.409950896003,1000.0,1083.242832896003,1000.0,0.08521324538661353,0.0
403,1705518060000.0,0.0,0.0,45.2,2.042497300884956,0.0,0.0,2.0433,0.9999303444750388,1.0,1083.409950896003,1000.0,1083.446232896003,1000.0,0.08521324538661353,0.0
404,1705521660000.0,0.0,0.0,45.2,2.042497300884956,0.0,0.0,2.0474,0.9999303444750388,1.0,1083.409950896003,1000.0,1083.631552896003,1000.0,0.08521324538661353,0.0
405,1705525260000.0,0.0,0.0,45.2,2.042497300884956,0.0,0.0,2.05,0.9999303444750388,1.0,1083.409950896003,1000.0,1083.749072896003,1000.0,0.08521324538661353,0.0
406,1705528860000.0,0.0,0.0,45.2,2.042497300884956,0.0,0.0,2.0451,0.9999303444750388,1.0,1083.409950896003,1000.0,1083.527592896003,1000.0,0.08521324538661353,0.0
407,1705532460000.0,0.0,0.0,45.2,2.042497300884956,0.0,0.0,2.0414,0.9999303444750388,1.0,1083.409950896003,1000.0,1083.360352896003,1000.0,0.08521324538661353,0.0
408,1705536060000.0,0.0,0.0,45.2,2.042497300884956,0.0,0.0,2.0442,0.9999303444750388,1.0,1083.409950896003,1000.0,1083.486912896003,1000.0,0.08521324538661353,0.0
409,1705539660000.0,0.0,0.0,45.2,2.042497300884956,0.0,0.0,2.0459,0.9999303444750388,1.0,1083.409950896003,1000.0,1083.563752896003,1000.0,0.08521324538661353,0.0
410,1705543260000.0,0.0,0.0,45.2,2.042497300884956,0.0,0.0,2.03,0.9999303444750388,1.0,1083.409950896003,1000.0,1082.8450728960029,1000.0,0.08521324538661353,0.0
411,1705546860000.0,0.0,0.0,45.2,2.042497300884956,0.0,0.0,2.0248,0.9999303444750388,1.0,1083.409950896003,1000.0,1082.610032896003,1000.0,0.08521324538661353,0.0
412,1705550460000.0,0.0,0.0,45.2,2.042497300884956,0.0,0.0,2.0281,0.9999303444750388,1.0,1083.409950896003,1000.0,1082.759192896003,1000.0,0.08521324538661353,0.0
413,1705554060000.0,0.0,0.0,45.2,2.042497300884956,0.0,0.0,2.0199,0.9999303444750388,1.0,1083.409950896003,1000.0,1082.388552896003,1000.0,0.08521324538661353,0.0
414,1705557660000.0,0.0,0.0,45.2,2.042497300884956,0.0,0.0,2.027,0.9999303444750388,1.0,1083.409950896003,1000.0,1082.709472896003,1000.0,0.08521324538661353,0.0
415,1705561260000.0,0.0,0.0,45.2,2.042497300884956,0.0,0.0,2.0399,0.9999303444750388,1.0,1083.409950896003,1000.0,1083.292552896003,1000.0,0.08521324538661353,0.0
416,1705564860000.0,0.0,0.0,45.2,2.042497300884956,0.0,0.0,2.046,0.9999303444750388,1.0,1083.409950896003,1000.0,1083.568272896003,1000.0,0.08521324538661353,0.0
417,1705568460000.0,0.0,0.0,45.2,2.042497300884956,0.0,0.0,2.0288,0.9999303444750388,1.0,1083.409950896003,1000.0,1082.790832896003,1000.0,0.08521324538661353,0.0
418,1705572060000.0,0.0,0.0,45.2,2.042497300884956,0.0,0.0,2.0152,0.9999303444750388,1.0,1083.409950896003,1000.0,1082.176112896003,1000.0,0.08521324538661353,0.0
419,1705575660000.0,0.0,0.0,68.0,2.029522323529412,0.0,0.0,1.9945,0.9999303444750388,1.0,1083.400813568003,1000.0,1081.019295568003,1000.0,0.12738362042160084,0.0
420,1705579260000.0,0.0,0.0,102.4,2.0140281054687503,0.0,0.0,1.9848,0.9999303444750388,1.0,1083.387167776003,1000.0,1080.394209776003,1000.0,0.1903626737829709,0.0
421,1705582860000.0,0.0,0.0,154.1,1.9948618299805325,0.0,0.0,1.9666,0.9999303444750388,1.0,1083.366933430003,1000.0,1079.0117854300029,1000.0,0.28375262204720214,0.0
422,1705586460000.0,0.0,0.0,154.1,1.9948618299805325,0.0,0.0,1.9825,0.9999303444750388,1.0,1083.366933430003,1000.0,1081.461975430003,1000.0,0.28375262204720214,0.0
423,1705590060000.0,0.0,0.0,154.1,1.9948618299805325,0.0,0.0,1.9984,0.9999303444750388,1.0,1083.366933430003,1000.0,1083.912165430003,1000.0,0.28375262204720214,0.0
424,1705593660000.0,0.0,0.0,154.1,1.9948618299805325,0.0,0.0,1.9832,0.9999303444750388,1.0,1083.366933430003,1000.0,1081.569845430003,1000.0,0.28375262204720214,0.0
425,1705597260000.0,0.0,0.0,154.1,1.9948618299805325,0.0,0.0,1.9489,0.9999303444750388,1.0,1083.366933430003,1000.0,1076.2842154300029,1000.0,0.28375262204720214,0.0
426,1705600860000.0,0.0,0.0,154.1,1.9948618299805325,0.0,0.0,1.9401,0.9999303444750388,1.0,1083.366933430003,1000.0,1074.9281354300028,1000.0,0.28375262204720214,0.0
427,1705604460000.0,0.0,0.0,231.9,1.9702832600258735,0.0,0.0,1.9586,0.9999303444750388,1.0,1083.337033334003,1000.0,1080.627685334003,1000.0,0.421760425371825,0.0
428,1705608060000.0,0.0,0.0,231.9,1.9702832600258735,0.0,0.0,1.9107,0.9999303444750388,1.0,1083.337033334003,1000.0,1069.519675334003,1000.0,0.421760425371825,0.0
429,1705611660000.0,0.0,0.0,231.9,1.9702832600258735,0.0,0.0,1.9212,0.9999303444750388,1.0,1083.337033334003,1000.0,1071.954625334003,1000.0,0.421760425371825,0.0
430,1705615260000.0,0.0,0.0,231.9,1.9702832600258735,0.0,0.0,1.9319,0.9999303444750388,1.0,1083.337033334003,1000.0,1074.435955334003,1000.0,0.421760425371825,0.0
431,1705618860000.0,0.0,0.0,231.9,1.9702832600258735,0.0,0.0,1.9337,0.9999303444750388,1.0,1083.337033334003,1000.0,1074.853375334003,1000.0,0.421760425371825,0.0
432,1705622460000.0,0.0,0.0,231.9,1.9702832600258735,0.0,0.0,1.9312,0.9999303444750388,1.0,1083.337033334003,1000.0,1074.273625334003,1000.0,0.421760425371825,0.0
433,1705626060000.0,0.0,0.0,231.9,1.9702832600258735,0.0,0.0,1.9146,0.9999303444750388,1.0,1083.337033334003,1000.0,1070.424085334003,1000.0,0.421760425371825,0.0
434,1705629660000.0,0.0,0.0,231.9,1.9702832600258735,0.0,0.0,1.9129,0.9999303444750388,1.0,1083.337033334003,1000.0,1070.029855334003,1000.0,0.421760425371825,0.0
435,1705633260000.0,0.0,0.0,231.9,1.9702832600258735,0.0,0.0,1.8832,0.9999303444750388,1.0,1083.337033334003,1000.0,1063.142425334003,1000.0,0.421760425371825,0.0
436,1705636860000.0,0.0,0.0,349.0,1.9378095644699145,0.0,0.0,1.8934,0.9999303444750388,1.0,1083.293155964003,1000.0,1067.7942179640029,1000.0,0.6242959574485422,0.0
437,1705640460000.0,0.0,0.0,349.0,1.9378095644699145,0.0,0.0,1.8949,0.9999303444750388,1.0,1083.293155964003,1000.0,1068.317717964003,1000.0,0.6242959574485422,0.0
438,1705644060000.0,0.0,0.0,349.0,1.9378095644699145,0.0,0.0,1.904,0.9999303444750388,1.0,1083.293155964003,1000.0,1071.4936179640029,1000.0,0.6242959574485422,0.0
439,1705647660000.0,0.0,0.0,349.0,1.9378095644699145,0.0,0.0,1.9104,0.9999303444750388,1.0,1083.293155964003,1000.0,1073.7272179640029,1000.0,0.6242959574485422,0.0
440,1705651260000.0,0.0,0.0,349.0,1.9378095644699145,0.0,0.0,1.8957,0.9999303444750388,1.0,1083.293155964003,1000.0,1068.5969179640028,1000.0,0.6242959574485422,0.0
441,1705654860000.0,0.0,0.0,349.0,1.9378095644699145,0.0,0.0,1.8993,0.9999303444750388,1.0,1083.293155964003,1000.0,1069.8533179640028,1000.0,0.6242959574485422,0.0
442,1705658460000.0,0.0,0.0,349.0,1.9378095644699145,0.0,0.0,1.9091,0.9999303444750388,1.0,1083.293155964003,1000.0,1073.2735179640028,1000.0,0.6242959574485422,0.0
443,1705662060000.0,0.0,0.0,349.0,1.9378095644699145,0.0,0.0,1.9159,0.9999303444750388,1.0,1083.293155964003,1000.0,1075.6467179640028,1000.0,0.6242959574485422,0.0
444,1705665660000.0,0.0,0.0,349.0,1.9378095644699145,0.0,0.0,1.9079,0.9999303444750388,1.0,1083.293155964003,1000.0,1072.854717964003,1000.0,0.6242959574485422,0.0
445,1705669260000.0,0.0,0.0,349.0,1.9378095644699145,0.0,0.0,1.9023,0.9999303444750388,1.0,1083.293155964003,1000.0,1070.9003179640029,1000.0,0.6242959574485422,0.0
446,1705672860000.0,0.0,0.0,349.0,1.9378095644699145,0.0,0.0,1.9037,0.9999303444750388,1.0,1083.293155964003,1000.0,1071.388917964003,1000.0,0.6242959574485422,0.0
447,1705676460000.0,0.0,0.0,349.0,1.9378095644699145,0.0,0.0,1.8746,0.9999303444750388,1.0,1083.293155964003,1000.0,1061.233017964003,1000.0,0.6242959574485422,0.0
448,1705680060000.0,0.0,0.0,349.0,1.9378095644699145,0.0,0.0,1.8602,0.9999303444750388,1.0,1083.293155964003,1000.0,1056.2074179640028,1000.0,0.6242959574485422,0.0
449,1705683660000.0,0.00023126408219661352,0.0,574.2,1.8867024346917454,0.0,0.0,1.8239,0.9998716981513472,1.0,1083.211746164003,1000.0,1047.1505881640028,1000.0,1.0001225908382803,0.0
450,1705687260000.0,0.0,0.0,568.4,1.8867024346917454,0.0,0.0,1.8624,0.9998716981513472,1.0,1083.1057442347908,1000.0,1069.2922403560028,1000.0,0.9901172342469985,0.0
451,1705690860000.0,0.0,0.0,568.4,1.8867024346917454,0.0,0.0,1.8917,0.9998716981513472,1.0,1083.1057442347908,1000.0,1085.9463603560027,1000.0,0.9901172342469985,0.0
452,1705694460000.0,0.0,0.0,568.4,1.8867024346917454,0.0,0.0,1.9014,0.9998716981513472,1.0,1083.1057442347908,1000.0,1091.4598403560028,1000.0,0.9901172342469985,0.0
453,1705698060000.0,0.0,0.0,329.0,1.8867024346917454,0.0,0.0,1.902,0.9998716981513472,1.0,1088.7592770535873,1000.0,1093.7921760400031,1000.0,0.5701215264896732,0.0
454,1705701660000.0,0.0,0.0,274.2,1.8867024346917454,0.0,0.0,1.9083,0.9998716981513472,1.0,1090.0534023604796,1000.0,1095.9754547680031,1000.0,0.47459492027840555,0.0
455,1705705260000.0,0.0,0.0,274.2,1.8867024346917454,0.0,0.0,1.9057,0.9998716981513472,1.0,1090.0534023604796,1000.0,1095.262534768003,1000.0,0.47459492027840555,0.0
456,1705708860000.0,0.0,0.0,0.7,1.8867024346917454,0.0,0.0,1.9284,0.9998716981513472,1.0,1099.773358824287,1000.0,1099.8025471200028,1000.0,0.0012008762475353171,0.0
457,1705712460000.0,0.0,0.0,0.0,1.8867024346917454,0.0,0.0,1.896,0.9998716981513472,1.0,1099.793328934003,1000.0,1099.793328934003,1000.0,0.0,0.0
458,1705716060000.0,0.0,0.0,0.0,1.8867024346917454,0.0,0.0,1.9116,0.9998716981513472,1.0,1099.793328934003,1000.0,1099.793328934003,1000.0,0.0,0.0
459,1705719660000.0,0.0,0.0,0.0,1.8867024346917454,0.0,0.0,1.9013,0.9998716981513472,1.0,1099.793328934003,1000.0,1099.793328934003,1000.0,0.0,0.0
460,1705723260000.0,0.0,0.0,0.0,1.8867024346917454,0.0,0.0,1.9014,0.9998716981513472,1.0,1099.793328934003,1000.0,1099.793328934003,1000.0,0.0,0.0
461,1705726860000.0,0.0,0.0,0.0,1.8867024346917454,0.0,0.0,1.8981,0.9998716981513472,1.0,1099.793328934003,1000.0,1099.793328934003,1000.0,0.0,0.0
462,1705730460000.0,0.0,0.0,20.8,1.8887,0.0,0.0,1.8919,0.9998716981513472,1.0,1099.7854719420031,1000.0,1099.8520319420031,1000.0,0.035720566421586344,0.0
463,1705734060000.0,0.0,0.0,20.8,1.8887,0.0,0.0,1.9023,0.9998716981513472,1.0,1099.7854719420031,1000.0,1100.0683519420031,1000.0,0.035720566421586344,0.0
464,1705737660000.0,0.0,0.0,14.5,1.8887,0.0,0.0,1.8949,0.9998716981513472,1.0,1099.9342619400031,1000.0,1100.024161940003,1000.0,0.024897987950386988,0.0
465,1705741260000.0,0.0,0.0,20.8,1.8887,0.0,0.0,1.8909,0.9998716981513472,1.0,1099.9318821780032,1000.0,1099.9776421780032,1000.0,0.03571581171209517,0.0
466,1705744860000.0,0.0,0.0,20.8,1.8887,0.0,0.0,1.8748,0.9998716981513472,1.0,1099.9318821780032,1000.0,1099.6427621780033,1000.0,0.03571581171209517,0.0
467,1705748460000.0,0.0,0.0,20.8,1.8887,0.0,0.0,1.8921,0.9998716981513472,1.0,1099.9318821780032,1000.0,1100.0026021780031,1000.0,0.03571581171209517,0.0
468,1705752060000.0,0.0,0.0,20.8,1.8887,0.0,0.0,1.8974,0.9998716981513472,1.0,1099.9318821780032,1000.0,1100.1128421780031,1000.0,0.03571581171209517,0.0
469,1705755660000.0,0.0,0.0,14.5,1.8887,0.0,0.0,1.9066,0.9998716981513472,1.0,1100.0806721760032,1000.0,1100.3402221760032,1000.0,0.024894674265869166,0.0
470,1705759260000.0,0.0,0.0,3.5,1.8887,0.0,0.0,1.9132,0.9998716981513472,1.0,1100.3404642360028,1000.0,1100.4262142360028,1000.0,0.006007640557497647,0.0
471,1705762860000.0,0.0,0.0,2.1,1.8887,0.0,0.0,1.9005,0.9998716981513472,1.0,1100.373528680003,1000.0,1100.3983086800029,1000.0,0.003604476022571988,0.0
472,1705766460000.0,0.0,0.0,1.3,1.8887,0.0,0.0,1.902,0.9998716981513472,1.0,1100.3924226480028,1000.0,1100.4097126480028,1000.0,0.0022313039870735397,0.0
473,1705770060000.0,0.0,0.0,1.0,1.8887,0.0,0.0,1.8984,0.9998716981513472,1.0,1100.399507886003,1000.0,1100.409207886003,1000.0,0.0017163766309096367,0.0
474,1705773660000.0,0.0,0.0,1.0,1.8887,0.0,0.0,1.9003,0.9998716981513472,1.0,1100.399507886003,1000.0,1100.411107886003,1000.0,0.0017163766309096367,0.0
475,1705777260000.0,0.0,0.0,1.0,1.8887,0.0,0.0,1.9017,0.9998716981513472,1.0,1100.399507886003,1000.0,1100.412507886003,1000.0,0.0017163766309096367,0.0
476,1705780860000.0,0.0,0.0,1.0,1.8887,0.0,0.0,1.9034,0.9998716981513472,1.0,1100.399507886003,1000.0,1100.414207886003,1000.0,0.0017163766309096367,0.0
477,1705784460000.0,0.0,0.0,0.4,1.8887,0.0,0.0,1.9185,0.9998716981513472,1.0,1100.4154180140035,1000.0,1100.4273380140035,1000.0,0.0006865407260136972,0.0
478,1705788060000.0,0.0,0.0,0.0,1.8887,0.0,0.0,1.9261,0.9998716981513472,1.0,1100.4300839540037,1000.0,1100.4300839540037,1000.0,0.0,0.0
479,1705791660000.0,0.0,0.0,0.0,1.8887,0.0,0.0,1.9191,0.9998716981513472,1.0,1100.4300839540037,1000.0,1100.4300839540037,1000.0,0.0,0.0
480,1705795260000.0,0.0,0.0,0.0,1.8887,0.0,0.0,1.9117,0.9998716981513472,1.0,1100.4300839540037,1000.0,1100.4300839540037,1000.0,0.0,0.0
481,1705798860000.0,0.0,0.0,0.0,1.8887,0.0,0.0,1.9059,0.9998716981513472,1.0,1100.4300839540037,1000.0,1100.4300839540037,1000.0,0.0,0.0
482,1705802460000.0,0.0,0.0,0.0,1.8887,0.0,0.0,1.9094,0.9998716981513472,1.0,1100.4300839540037,1000.0,1100.4300839540037,1000.0,0.0,0.0
483,1705806060000.0,0.0,0.0,0.0,1.8887,0.0,0.0,1.9314,0.9998716981513472,1.0,1100.4300839540037,1000.0,1100.4300839540037,1000.0,0.0,0.0
484,1705809660000.0,0.0,0.0,0.0,1.8887,0.0,0.0,1.9317,0.9998716981513472,1.0,1100.4300839540037,1000.0,1100.4300839540037,1000.0,0.0,0.0
485,1705813260000.0,0.0,0.0,0.0,1.8887,0.0,0.0,1.928,0.9998716981513472,1.0,1100.4300839540037,1000.0,1100.4300839540037,1000.0,0.0,0.0
486,1705816860000.0,0.0,0.0,0.0,1.8887,0.0,0.0,1.9207,0.9998716981513472,1.0,1100.4300839540037,1000.0,1100.4300839540037,1000.0,0.0,0.0
487,1705820460000.0,0.0,0.0,0.0,1.8887,0.0,0.0,1.9255,0.9998716981513472,1.0,1100.4300839540037,1000.0,1100.4300839540037,1000.0,0.0,0.0
488,1705824060000.0,0.0,0.0,0.0,1.8887,0.0,0.0,1.9325,0.9998716981513472,1.0,1100.4300839540037,1000.0,1100.4300839540037,1000.0,0.0,0.0
489,1705827660000.0,0.0,0.0,0.0,1.8887,0.0,0.0,1.9326,0.9998716981513472,1.0,1100.4300839540037,1000.0,1100.4300839540037,1000.0,0.0,0.0
490,1705831260000.0,0.0,0.0,0.0,1.8887,0.0,0.0,1.9391,0.9998716981513472,1.0,1100.4300839540037,1000.0,1100.4300839540037,1000.0,0.0,0.0
491,1705834860000.0,0.0,0.0,0.0,1.8887,0.0,0.0,1.95,0.9998716981513472,1.0,1100.4300839540037,1000.0,1100.4300839540037,1000.0,0.0,0.0
492,1705838460000.0,0.0,0.0,0.0,1.8887,0.0,0.0,1.944,0.9998716981513472,1.0,1100.4300839540037,1000.0,1100.4300839540037,1000.0,0.0,0.0
493,1705842060000.0,0.0,0.0,0.0,1.8887,0.0,0.0,1.9381,0.9998716981513472,1.0,1100.4300839540037,1000.0,1100.4300839540037,1000.0,0.0,0.0
494,1705845660000.0,0.0,0.0,0.0,1.8887,0.0,0.0,1.9584,0.9998716981513472,1.0,1100.4300839540037,1000.0,1100.4300839540037,1000.0,0.0,0.0
495,1705849260000.0,0.0,0.0,0.0,1.8887,0.0,0.0,1.968,0.9998716981513472,1.0,1100.4300839540037,1000.0,1100.4300839540037,1000.0,0.0,0.0
496,1705852860000.0,0.0,0.0,0.0,1.8887,0.0,0.0,1.9597,0.9998716981513472,1.0,1100.4300839540037,1000.0,1100.4300839540037,1000.0,0.0,0.0
497,1705856460000.0,0.0,0.0,0.0,1.8887,0.0,0.0,1.9673,0.9998716981513472,1.0,1100.4300839540037,1000.0,1100.4300839540037,1000.0,0.0,0.0
498,1705860060000.0,0.0,0.0,0.0,1.8887,0.0,0.0,1.9503,0.9998716981513472,1.0,1100.4300839540037,1000.0,1100.4300839540037,1000.0,0.0,0.0
499,1705863660000.0,0.0,0.0,0.0,1.8887,0.0,0.0,1.9505,0.9998716981513472,1.0,1100.4300839540037,1000.0,1100.4300839540037,1000.0,0.0,0.0
500,1705867260000.0,0.0,0.0,0.0,1.8887,0.0,0.0,1.9485,0.9998716981513472,1.0,1100.4300839540037,1000.0,1100.4300839540037,1000.0,0.0,0.0
501,1705870860000.0,0.0,0.0,20.3,1.9337,0.0,0.0,1.937,0.9998716981513472,1.0,1100.4222331320038,1000.0,1100.4892231320039,1000.0,0.03567186196181769,0.0
502,1705874460000.0,0.0,0.0,20.3,1.9337,0.0,0.0,1.943,0.9998716981513472,1.0,1100.4222331320038,1000.0,1100.6110231320038,1000.0,0.03567186196181769,0.0
503,1705878060000.0,0.0,0.0,20.3,1.9337,0.0,0.0,1.929,0.9998716981513472,1.0,1100.4222331320038,1000.0,1100.326823132004,1000.0,0.03567186196181769,0.0
504,1705881660000.0,0.0,0.0,20.3,1.9337,0.0,0.0,1.9255,0.9998716981513472,1.0,1100.4222331320038,1000.0,1100.255773132004,1000.0,0.03567186196181769,0.0
505,1705885260000.0,0.0,0.0,20.3,1.9324078817733987,0.0,0.0,1.9455,0.9998716981513472,1.0,1100.5675501380038,1000.0,1100.8333201380037,1000.0,0.035643318754111086,0.0
506,1705888860000.0,0.0,0.0,40.9,1.9183012224938876,0.0,0.0,1.906,0.9998716981513472,1.0,1100.5597040100038,1000.0,1100.0565840100037,1000.0,0.07128965354094668,0.0
507,1705892460000.0,0.0,0.0,61.7,1.9068388978930306,0.0,0.0,1.8891,0.9998716981513472,1.0,1100.5518653220038,1000.0,1099.4573753220038,1000.0,0.10690269464545128,0.0
508,1705896060000.0,0.0,0.0,61.7,1.9068388978930306,0.0,0.0,1.8833,0.9998716981513472,1.0,1100.5518653220038,1000.0,1099.0995153220038,1000.0,0.10690269464545128,0.0
509,1705899660000.0,0.0,0.0,92.9,1.8934592034445639,0.0,0.0,1.8613,0.9998716981513472,1.0,1100.5402152420038,1000.0,1097.5526252420038,1000.0,0.1598327417424904,0.0
510,1705903260000.0,0.0,0.0,92.9,1.8934592034445639,0.0,0.0,1.8858,0.9998716981513472,1.0,1100.5402152420038,1000.0,1099.8286752420038,1000.0,0.1598327417424904,0.0
511,1705906860000.0,0.0,0.0,92.9,1.8934592034445639,0.0,0.0,1.8764,0.9998716981513472,1.0,1100.5402152420038,1000.0,1098.9554152420037,1000.0,0.1598327417424904,0.0
512,1705910460000.0,0.0,0.0,92.9,1.8934592034445639,0.0,0.0,1.8614,0.9998716981513472,1.0,1100.5402152420038,1000.0,1097.5619152420038,1000.0,0.1598327417424904,0.0
513,1705914060000.0,0.0,0.0,139.8,1.8771685979971386,0.0,0.0,1.839,0.9998716981513472,1.0,1100.5229100800038,1000.0,1095.1869400800038,1000.0,0.23845770732834856,0.0
514,1705917660000.0,0.0,0.0,139.8,1.8771685979971386,0.0,0.0,1.8314,0.9998716981513472,1.0,1100.5229100800038,1000.0,1094.124460080004,1000.0,0.23845770732834856,0.0
515,1705921260000.0,0.0,0.0,210.4,1.8565762832699617,0.0,0.0,1.823,0.9998716981513472,1.0,1100.4972709840038,1000.0,1093.432820984004,1000.0,0.35495194790508283,0.0
516,1705924860000.0,0.0,0.0,210.4,1.8565762832699617,0.0,0.0,1.8235,0.9998716981513472,1.0,1100.4972709840038,1000.0,1093.5380209840039,1000.0,0.35495194790508283,0.0
517,1705928460000.0,0.0,0.0,210.4,1.8565762832699617,0.0,0.0,1.8234,0.9998716981513472,1.0,1100.4972709840038,1000.0,1093.5169809840038,1000.0,0.35495194790508283,0.0
518,1705932060000.0,0.0,0.0,210.4,1.8565762832699617,0.0,0.0,1.8333,0.9998716981513472,1.0,1100.4972709840038,1000.0,1095.5999409840038,1000.0,0.35495194790508283,0.0
519,1705935660000.0,0.0,0.0,210.4,1.8565762832699617,0.0,0.0,1.808,0.9998716981513472,1.0,1100.4972709840038,1000.0,1090.2768209840037,1000.0,0.35495194790508283,0.0
520,1705939260000.0,0.0,0.0,210.4,1.8565762832699617,0.0,0.0,1.8089,0.9998716981513472,1.0,1100.4972709840038,1000.0,1090.4661809840038,1000.0,0.35495194790508283,0.0
521,1705942860000.0,0.0,0.0,210.4,1.8565762832699617,0.0,0.0,1.7995,0.9998716981513472,1.0,1100.4972709840038,1000.0,1088.4884209840038,1000.0,0.35495194790508283,0.0
522,1705946460000.0,0.0,0.0,210.4,1.8565762832699617,0.0,0.0,1.7954,0.9998716981513472,1.0,1100.4972709840038,1000.0,1087.6257809840038,1000.0,0.35495194790508283,0.0
523,1705950060000.0,0.0,0.0,210.4,1.8565762832699617,0.0,0.0,1.8089,0.9998716981513472,1.0,1100.4972709840038,1000.0,1090.4661809840038,1000.0,0.35495194790508283,0.0
524,1705953660000.0,0.0,0.0,316.7,1.8296987685506787,0.0,0.0,1.7945,0.9998716981513472,1.0,1100.4595025940037,1000.0,1089.3120525940037,1000.0,0.5265669464747075,0.0
525,1705957260000.0,0.0,0.0,316.7,1.8296987685506787,0.0,0.0,1.8068,0.9998716981513472,1.0,1100.4595025940037,1000.0,1093.2074625940038,1000.0,0.5265669464747075,0.0
526,1705960860000.0,0.0,0.0,316.7,1.8296987685506787,0.0,0.0,1.7985,0.9998716981513472,1.0,1100.4595025940037,1000.0,1090.5788525940036,1000.0,0.5265669464747075,0.0
527,1705964460000.0,0.0,0.0,316.7,1.8296987685506787,0.0,0.0,1.7947,0.9998716981513472,1.0,1100.4595025940037,1000.0,1089.3753925940036,1000.0,0.5265669464747075,0.0
528,1705968060000.0,0.0,0.0,316.7,1.8296987685506787,0.0,0.0,1.7858,0.9998716981513472,1.0,1100.4595025940037,1000.0,1086.5567625940037,1000.0,0.5265669464747075,0.0
529,1705971660000.0,0.0,0.0,316.7,1.8296987685506787,0.0,0.0,1.7899,0.9998716981513472,1.0,1100.4595025940037,1000.0,1087.8552325940036,1000.0,0.5265669464747075,0.0
530,1705975260000.0,0.0,0.0,316.7,1.8296987685506787,0.0,0.0,1.7883,0.9998716981513472,1.0,1100.4595025940037,1000.0,1087.3485125940038,1000.0,0.5265669464747075,0.0
531,1705978860000.0,0.0,0.0,316.7,1.8296987685506787,0.0,0.0,1.8345,0.9998716981513472,1.0,1100.4595025940037,1000.0,1101.9800525940036,1000.0,0.5265669464747075,0.0
532,1705982460000.0,0.0,0.0,316.7,1.8296987685506787,0.0,0.0,1.818,0.9998716981513472,1.0,1100.4595025940037,1000.0,1096.7545025940037,1000.0,0.5265669464747075,0.0
533,1705986060000.0,0.0,0.0,316.7,1.8296987685506787,0.0,0.0,1.8193,0.9998716981513472,1.0,1100.4595025940037,1000.0,1097.1662125940036,1000.0,0.5265669464747075,0.0
534,1705989660000.0,0.0,0.0,316.7,1.8296987685506787,0.0,0.0,1.8246,0.9998716981513472,1.0,1100.4595025940037,1000.0,1098.8447225940038,1000.0,0.5265669464747075,0.0
535,1705993260000.0,0.0,0.0,316.7,1.8296987685506787,0.0,0.0,1.8194,0.9998716981513472,1.0,1100.4595025940037,1000.0,1097.1978825940037,1000.0,0.5265669464747075,0.0
536,1705996860000.0,0.0,0.0,316.7,1.8296987685506787,0.0,0.0,1.7878,0.9998716981513472,1.0,1100.4595025940037,1000.0,1087.1901625940038,1000.0,0.5265669464747075,0.0
537,1706000460000.0,0.0,0.0,316.7,1.8296987685506787,0.0,0.0,1.7534,0.9998716981513472,1.0,1100.4595025940037,1000.0,1076.2956825940037,1000.0,0.5265669464747075,0.0
538,1706004060000.0,0.0,0.0,476.7,1.7937520453115163,0.0,0.0,1.7266,0.9998716981513472,1.0,1100.4043793940036,1000.0,1068.3929993940037,1000.0,0.7770612476759645,0.0
539,1706007660000.0,0.0,0.0,476.7,1.7937520453115163,0.0,0.0,1.721,0.9998716981513472,1.0,1100.4043793940036,1000.0,1065.7234793940038,1000.0,0.7770612476759645,0.0
540,1706011260000.0,0.0,0.0,476.7,1.7937520453115163,0.0,0.0,1.7213,0.9998716981513472,1.0,1100.4043793940036,1000.0,1065.8664893940038,1000.0,0.7770612476759645,0.0
541,1706014860000.0,0.0,0.0,476.7,1.7937520453115163,0.0,0.0,1.7433,0.9998716981513472,1.0,1100.4043793940036,1000.0,1076.3538893940038,1000.0,0.7770612476759645,0.0
542,1706018460000.0,0.0,0.0,476.7,1.7937520453115163,0.0,0.0,1.7261,0.9998716981513472,1.0,1100.4043793940036,1000.0,1068.1546493940039,1000.0,0.7770612476759645,0.0
543,1706022060000.0,0.0,0.0,476.7,1.7937520453115163,0.0,0.0,1.7372,0.9998716981513472,1.0,1100.4043793940036,1000.0,1073.4460193940038,1000.0,0.7770612476759645,0.0
544,1706025660000.0,0.0,0.0,476.7,1.7937520453115163,0.0,0.0,1.7615,0.9998716981513472,1.0,1100.4043793940036,1000.0,1085.0298293940039,1000.0,0.7770612476759645,0.0
545,1706029260000.0,0.0,0.0,476.7,1.7937520453115163,0.0,0.0,1.806,0.9998716981513472,1.0,1100.4043793940036,1000.0,1106.242979394004,1000.0,0.7770612476759645,0.0
546,1706032860000.0,0.0,0.0,230.0,1.7937520453115163,0.0,0.0,1.8111,0.9998716981513472,1.0,1105.9266737056528,1000.0,1109.916703284004,1000.0,0.37304730976355327,0.0
547,1706036460000.0,0.0,0.0,230.0,1.7937520453115163,0.0,0.0,1.784,0.9998716981513472,1.0,1105.9266737056528,1000.0,1103.683703284004,1000.0,0.37304730976355327,0.0
548,1706040060000.0,0.0,0.0,230.0,1.7937520453115163,0.0,0.0,1.7809,0.9998716981513472,1.0,1105.9266737056528,1000.0,1102.970703284004,1000.0,0.37304730976355327,0.0
549,1706043660000.0,0.0,0.0,230.0,1.7937520453115163,0.0,0.0,1.8016,0.9998716981513472,1.0,1105.9266737056528,1000.0,1107.731703284004,1000.0,0.37304730976355327,0.0
550,1706047260000.0,0.0,0.0,230.0,1.7937520453115163,0.0,0.0,1.7978,0.9998716981513472,1.0,1105.9266737056528,1000.0,1106.857703284004,1000.0,0.37304730976355327,0.0
551,1706050860000.0,0.0,0.0,32.9,1.7937520453115163,0.0,0.0,1.8275,0.9998716981513472,1.0,1111.3103847667526,1000.0,1112.4206924760038,1000.0,0.05310347415059487,0.0
552,1706054460000.0,0.0,0.0,0.0,1.7937520453115163,0.0,0.0,1.8596,0.9998716981513472,1.0,1112.6324427620036,1000.0,1112.6324427620036,1000.0,0.0,0.0
553,1706058060000.0,0.0,0.0,0.0,1.7937520453115163,0.0,0.0,1.8448,0.9998716981513472,1.0,1112.6324427620036,1000.0,1112.6324427620036,1000.0,0.0,0.0
554,1706061660000.0,0.0,0.0,0.0,1.7937520453115163,0.0,0.0,1.8061,0.9998716981513472,1.0,1112.6324427620036,1000.0,1112.6324427620036,1000.0,0.0,0.0
555,1706065260000.0,0.0,0.0,0.0,1.7937520453115163,0.0,0.0,1.8251,0.9998716981513472,1.0,1112.6324427620036,1000.0,1112.6324427620036,1000.0,0.0,0.0
556,1706068860000.0,0.0,0.0,0.0,1.7937520453115163,0.0,0.0,1.8344,0.9998716981513472,1.0,1112.6324427620036,1000.0,1112.6324427620036,1000.0,0.0,0.0
557,1706072460000.0,0.0,0.0,0.0,1.7937520453115163,0.0,0.0,1.8156,0.9998716981513472,1.0,1112.6324427620036,1000.0,1112.6324427620036,1000.0,0.0,0.0
558,1706076060000.0,0.0,0.0,0.0,1.7937520453115163,0.0,0.0,1.8285,0.9998716981513472,1.0,1112.6324427620036,1000.0,1112.6324427620036,1000.0,0.0,0.0
559,1706079660000.0,0.0,0.0,0.0,1.7937520453115163,0.0,0.0,1.8428,0.9998716981513472,1.0,1112.6324427620036,1000.0,1112.6324427620036,1000.0,0.0,0.0
560,1706083260000.0,0.0,0.0,0.0,1.7937520453115163,0.0,0.0,1.8452,0.9998716981513472,1.0,1112.6324427620036,1000.0,1112.6324427620036,1000.0,0.0,0.0
561,1706086860000.0,0.0,0.0,0.0,1.7937520453115163,0.0,0.0,1.8399,0.9998716981513472,1.0,1112.6324427620036,1000.0,1112.6324427620036,1000.0,0.0,0.0
562,1706090460000.0,0.0,0.0,0.0,1.7937520453115163,0.0,0.0,1.8406,0.9998716981513472,1.0,1112.6324427620036,1000.0,1112.6324427620036,1000.0,0.0,0.0
563,1706094060000.0,0.0,0.0,0.0,1.7937520453115163,0.0,0.0,1.8527,0.9998716981513472,1.0,1112.6324427620036,1000.0,1112.6324427620036,1000.0,0.0,0.0
564,1706097660000.0,0.0,0.0,0.0,1.7937520453115163,0.0,0.0,1.8541,0.9998716981513472,1.0,1112.6324427620036,1000.0,1112.6324427620036,1000.0,0.0,0.0
565,1706101260000.0,0.0,0.0,0.0,1.7937520453115163,0.0,0.0,1.8469,0.9998716981513472,1.0,1112.6324427620036,1000.0,1112.6324427620036,1000.0,0.0,0.0
566,1706104860000.0,0.0,0.0,0.0,1.7937520453115163,0.0,0.0,1.8447,0.9998716981513472,1.0,1112.6324427620036,1000.0,1112.6324427620036,1000.0,0.0,0.0
567,1706108460000.0,0.0,0.0,0.0,1.7937520453115163,0.0,0.0,1.8361,0.9998716981513472,1.0,1112.6324427620036,1000.0,1112.6324427620036,1000.0,0.0,0.0
568,1706112060000.0,0.0,0.0,0.0,1.7937520453115163,0.0,0.0,1.8471,0.9998716981513472,1.0,1112.6324427620036,1000.0,1112.6324427620036,1000.0,0.0,0.0
569,1706115660000.0,0.0,0.0,0.0,1.7937520453115163,0.0,0.0,1.8572,0.9998716981513472,1.0,1112.6324427620036,1000.0,1112.6324427620036,1000.0,0.0,0.0
570,1706119260000.0,0.0,0.0,0.0,1.7937520453115163,0.0,0.0,1.8559,0.9998716981513472,1.0,1112.6324427620036,1000.0,1112.6324427620036,1000.0,0.0,0.0
571,1706122860000.0,0.0,0.0,21.7,1.8307,0.0,0.0,1.838,0.9998716981513472,1.0,1112.6244975240036,1000.0,1112.7829075240036,1000.0,0.03570493916717212,0.0
572,1706126460000.0,0.0,0.0,21.7,1.8307,0.0,0.0,1.8403,0.9998716981513472,1.0,1112.6244975240036,1000.0,1112.8328175240035,1000.0,0.03570493916717212,0.0
573,1706130060000.0,0.0,0.0,21.7,1.8307,0.0,0.0,1.8271,0.9998716981513472,1.0,1112.6244975240036,1000.0,1112.5463775240037,1000.0,0.03570493916717212,0.0
574,1706133660000.0,0.0,0.0,21.7,1.8307,0.0,0.0,1.8289,0.9998716981513472,1.0,1112.6244975240036,1000.0,1112.5854375240035,1000.0,0.03570493916717212,0.0
575,1706137260000.0,0.0,0.0,21.7,1.8307,0.0,0.0,1.8346,0.9998716981513472,1.0,1112.6244975240036,1000.0,1112.7091275240036,1000.0,0.03570493916717212,0.0
576,1706140860000.0,0.0,0.0,6.8,1.8307,0.0,0.0,1.8677,0.9998716981513472,1.0,1112.9960966120038,1000.0,1113.247696612004,1000.0,0.011184908947923922,0.0
577,1706144460000.0,0.0,0.0,0.0,1.8307,0.0,0.0,1.8726,0.9998716981513472,1.0,1113.278869796004,1000.0,1113.278869796004,1000.0,0.0,0.0
578,1706148060000.0,0.0,0.0,0.0,1.8307,0.0,0.0,1.8547,0.9998716981513472,1.0,1113.278869796004,1000.0,1113.278869796004,1000.0,0.0,0.0
579,1706151660000.0,0.0,0.0,21.6,1.8369,0.0,0.0,1.8351,0.9998716981513472,1.0,1113.270934388004,1000.0,1113.232054388004,1000.0,0.03564005739699975,0.0
580,1706155260000.0,0.0,0.0,21.6,1.8369,0.0,0.0,1.8365,0.9998716981513472,1.0,1113.270934388004,1000.0,1113.262294388004,1000.0,0.03564005739699975,0.0
581,1706158860000.0,0.0,0.0,21.6,1.8369,0.0,0.0,1.8237,0.9998716981513472,1.0,1113.270934388004,1000.0,1112.985814388004,1000.0,0.03564005739699975,0.0
582,1706162460000.0,0.0,0.0,43.5,1.823508275862069,0.0,0.0,1.8193,0.9998716981513472,1.0,1113.263005274004,1000.0,1113.0799452740039,1000.0,0.0712523542273612,0.0
583,1706166060000.0,0.0,0.0,43.5,1.823508275862069,0.0,0.0,1.8287,0.9998716981513472,1.0,1113.263005274004,1000.0,1113.488845274004,1000.0,0.0712523542273612,0.0
584,1706169660000.0,0.0,0.0,43.5,1.823508275862069,0.0,0.0,1.8351,0.9998716981513472,1.0,1113.263005274004,1000.0,1113.767245274004,1000.0,0.0712523542273612,0.0
585,1706173260000.0,0.0,0.0,43.5,1.823508275862069,0.0,0.0,1.8257,0.9998716981513472,1.0,1113.263005274004,1000.0,1113.358345274004,1000.0,0.0712523542273612,0.0
586,1706176860000.0,0.0,0.0,43.5,1.823508275862069,0.0,0.0,1.8098,0.9998716981513472,1.0,1113.263005274004,1000.0,1112.666695274004,1000.0,0.0712523542273612,0.0
587,1706180460000.0,0.0,0.0,43.5,1.823508275862069,0.0,0.0,1.814,0.9998716981513472,1.0,1113.263005274004,1000.0,1112.8493952740039,1000.0,0.0712523542273612,0.0
588,1706184060000.0,0.0,0.0,43.5,1.823508275862069,0.0,0.0,1.817,0.9998716981513472,1.0,1113.263005274004,1000.0,1112.9798952740039,1000.0,0.0712523542273612,0.0
589,1706187660000.0,0.0,0.0,65.7,1.8125913242009135,0.0,0.0,1.7956,0.9998716981513472,1.0,1113.255052346004,1000.0,1112.138722346004,1000.0,0.10697211726013998,0.0
590,1706191260000.0,0.0,0.0,65.7,1.8125913242009135,0.0,0.0,1.8047,0.9998716981513472,1.0,1113.255052346004,1000.0,1112.736592346004,1000.0,0.10697211726013998,0.0
591,1706194860000.0,0.0,0.0,65.7,1.8125913242009135,0.0,0.0,1.8083,0.9998716981513472,1.0,1113.255052346004,1000.0,1112.973112346004,1000.0,0.10697211726013998,0.0
592,1706198460000.0,0.0,0.0,65.7,1.8125913242009135,0.0,0.0,1.7933,0.9998716981513472,1.0,1113.255052346004,1000.0,1111.987612346004,1000.0,0.10697211726013998,0.0
593,1706202060000.0,0.0,0.0,65.7,1.8125913242009135,0.0,0.0,1.7854,0.9998716981513472,1.0,1113.255052346004,1000.0,1111.468582346004,1000.0,0.10697211726013998,0.0
594,1706205660000.0,0.0,0.0,65.7,1.8125913242009135,0.0,0.0,1.8132,0.9998716981513472,1.0,1113.255052346004,1000.0,1113.295042346004,1000.0,0.10697211726013998,0.0
595,1706209260000.0,0.0,0.0,21.3,1.8125913242009135,0.0,0.0,1.8252,0.9998716981513472,1.0,1114.3132468394836,1000.0,1114.581811634004,1000.0,0.034647524217255365,0.0
596,1706212860000.0,0.0,0.0,17.8,1.8125913242009135,0.0,0.0,1.8257,0.9998716981513472,1.0,1114.3924922847805,1000.0,1114.6258267140042,1000.0,0.02895221010025545,0.0
597,1706216460000.0,0.0,0.0,10.5,1.8125913242009135,0.0,0.0,1.8407,0.9998716981513472,1.0,1114.5577756421142,1000.0,1114.8529167380045,1000.0,0.01707601823794629,0.0
598,1706220060000.0,0.0,0.0,10.5,1.8125913242009135,0.0,0.0,1.8308,0.9998716981513472,1.0,1114.5577756421142,1000.0,1114.7489667380046,1000.0,0.01707601823794629,0.0
599,1706223660000.0,0.0,0.0,8.8,1.8125913242009135,0.0,0.0,1.8392,0.9998716981513472,1.0,1114.5962662869727,1000.0,1114.8304226340047,1000.0,0.014310835353956965,0.0
600,1706227260000.0,0.0,0.0,5.2,1.8125913242009135,0.0,0.0,1.8191,0.9998716981513472,1.0,1114.6777758878495,1000.0,1114.7116210020047,1000.0,0.008455784343899103,0.0
601,1706230860000.0,0.0,0.0,21.9,1.8118353829152856,0.0,0.0,1.8029,0.9998716981513472,1.0,1114.6717251438495,1000.0,1114.4760402580048,1000.0,0.035597202289063275,0.0
602,1706234460000.0,0.0,0.0,21.9,1.8118353829152856,0.0,0.0,1.8116,0.9998716981513472,1.0,1114.6717251438495,1000.0,1114.6665702580046,1000.0,0.035597202289063275,0.0
603,1706238060000.0,0.0,0.0,6.7,1.8118353829152856,0.0,0.0,1.8362,0.9998716981513472,1.0,1115.0891147475372,1000.0,1115.252357682005,1000.0,0.010886391863201735,0.0
604,1706241660000.0,0.0,0.0,2.1,1.8118353829152856,0.0,0.0,1.8353,0.9998716981513472,1.0,1115.1930639701268,1000.0,1115.2423396660047,1000.0,0.0034118346204348544,0.0
605,1706245260000.0,0.0,0.0,1.3,1.8118353829152856,0.0,0.0,1.8251,0.9998716981513472,1.0,1115.2111420957945,1000.0,1115.2283860980046,1000.0,0.0021120538603689345,0.0
606,1706248860000.0,0.0,0.0,1.3,1.8118353829152856,0.0,0.0,1.8223,0.9998716981513472,1.0,1115.2111420957945,1000.0,1115.2247460980045,1000.0,0.0021120538603689345,0.0
607,1706252460000.0,0.0,0.0,21.9,1.8132130592598117,0.0,0.0,1.8065,0.9998716981513472,1.0,1115.2036712997945,1000.0,1115.0566553020046,1000.0,0.03560727696628521,0.0
608,1706256060000.0,0.0,0.0,21.9,1.8132130592598117,0.0,0.0,1.8021,0.9998716981513472,1.0,1115.2036712997945,1000.0,1114.9602953020046,1000.0,0.03560727696628521,0.0
609,1706259660000.0,0.0,0.0,21.9,1.8132130592598117,0.0,0.0,1.8077,0.9998716981513472,1.0,1115.2036712997945,1000.0,1115.0829353020047,1000.0,0.03560727696628521,0.0
610,1706263260000.0,0.0,0.0,21.9,1.8132130592598117,0.0,0.0,1.8134,0.9998716981513472,1.0,1115.2036712997945,1000.0,1115.2077653020046,1000.0,0.03560727696628521,0.0
611,1706266860000.0,0.0,0.0,3.1,1.8132130592598117,0.0,0.0,1.8663,0.9998716981513472,1.0,1115.79406863771,1000.0,1115.9586381540046,1000.0,0.005037632518129561,0.0
612,1706270460000.0,0.0,0.0,0.0,1.8132130592598117,0.0,0.0,1.8755,0.9998716981513472,1.0,1115.9511523140047,1000.0,1115.9511523140047,1000.0,0.0,0.0
613,1706274060000.0,0.0,0.0,0.0,1.8132130592598117,0.0,0.0,1.8528,0.9998716981513472,1.0,1115.9511523140047,1000.0,1115.9511523140047,1000.0,0.0,0.0
614,1706277660000.0,0.0,0.0,0.0,1.8132130592598117,0.0,0.0,1.8408,0.9998716981513472,1.0,1115.9511523140047,1000.0,1115.9511523140047,1000.0,0.0,0.0
615,1706281260000.0,0.0,0.0,0.0,1.8132130592598117,0.0,0.0,1.8701,0.9998716981513472,1.0,1115.9511523140047,1000.0,1115.9511523140047,1000.0,0.0,0.0
616,1706284860000.0,0.0,0.0,0.0,1.8132130592598117,0.0,0.0,1.8744,0.9998716981513472,1.0,1115.9511523140047,1000.0,1115.9511523140047,1000.0,0.0,0.0
617,1706288460000.0,0.0,0.0,0.0,1.8132130592598117,0.0,0.0,1.8823,0.9998716981513472,1.0,1115.9511523140047,1000.0,1115.9511523140047,1000.0,0.0,0.0
618,1706292060000.0,0.0,0.0,0.0,1.8132130592598117,0.0,0.0,1.9096,0.9998716981513472,1.0,1115.9511523140047,1000.0,1115.9511523140047,1000.0,0.0,0.0
619,1706295660000.0,0.0,0.0,0.0,1.8132130592598117,0.0,0.0,1.9107,0.9998716981513472,1.0,1115.9511523140047,1000.0,1115.9511523140047,1000.0,0.0,0.0
620,1706299260000.0,0.0,0.0,0.0,1.8132130592598117,0.0,0.0,1.9094,0.9998716981513472,1.0,1115.9511523140047,1000.0,1115.9511523140047,1000.0,0.0,0.0
621,1706302860000.0,0.0,0.0,0.0,1.8132130592598117,0.0,0.0,1.9011,0.9998716981513472,1.0,1115.9511523140047,1000.0,1115.9511523140047,1000.0,0.0,0.0
622,1706306460000.0,0.0,0.0,0.0,1.8132130592598117,0.0,0.0,1.9003,0.9998716981513472,1.0,1115.9511523140047,1000.0,1115.9511523140047,1000.0,0.0,0.0
623,1706310060000.0,0.0,0.0,0.0,1.8132130592598117,0.0,0.0,1.9023,0.9998716981513472,1.0,1115.9511523140047,1000.0,1115.9511523140047,1000.0,0.0,0.0
624,1706313660000.0,0.0,0.0,0.0,1.8132130592598117,0.0,0.0,1.9041,0.9998716981513472,1.0,1115.9511523140047,1000.0,1115.9511523140047,1000.0,0.0,0.0
625,1706317260000.0,0.0,0.0,0.0,1.8132130592598117,0.0,0.0,1.9481,0.9998716981513472,1.0,1115.9511523140047,1000.0,1115.9511523140047,1000.0,0.0,0.0
626,1706320860000.0,0.0,0.0,0.0,1.8132130592598117,0.0,0.0,1.918,0.9998716981513472,1.0,1115.9511523140047,1000.0,1115.9511523140047,1000.0,0.0,0.0
627,1706324460000.0,0.0,0.0,0.0,1.8132130592598117,0.0,0.0,1.9301,0.9998716981513472,1.0,1115.9511523140047,1000.0,1115.9511523140047,1000.0,0.0,0.0
628,1706328060000.0,0.0,0.0,0.0,1.8132130592598117,0.0,0.0,1.9282,0.9998716981513472,1.0,1115.9511523140047,1000.0,1115.9511523140047,1000.0,0.0,0.0
629,1706331660000.0,0.0,0.0,0.0,1.8132130592598117,0.0,0.0,1.9264,0.9998716981513472,1.0,1115.9511523140047,1000.0,1115.9511523140047,1000.0,0.0,0.0
630,1706335260000.0,0.0,0.0,0.0,1.8132130592598117,0.0,0.0,1.9104,0.9998716981513472,1.0,1115.9511523140047,1000.0,1115.9511523140047,1000.0,0.0,0.0
631,1706338860000.0,0.0,0.0,0.0,1.8132130592598117,0.0,0.0,1.8988,0.9998716981513472,1.0,1115.9511523140047,1000.0,1115.9511523140047,1000.0,0.0,0.0
632,1706342460000.0,0.0,0.0,21.0,1.8942,0.0,0.0,1.8961,0.9998716981513472,1.0,1115.9431966740046,1000.0,1115.9830966740046,1000.0,0.03564536270175428,0.0
633,1706346060000.0,0.0,0.0,21.0,1.8942,0.0,0.0,1.8969,0.9998716981513472,1.0,1115.9431966740046,1000.0,1115.9998966740047,1000.0,0.03564536270175428,0.0
634,1706349660000.0,0.0,0.0,21.0,1.8942,0.0,0.0,1.9072,0.9998716981513472,1.0,1115.9431966740046,1000.0,1116.2161966740046,1000.0,0.03564536270175428,0.0
635,1706353260000.0,0.0,0.0,3.5,1.8942,0.0,0.0,1.9238,0.9998716981513472,1.0,1116.3582326240044,1000.0,1116.4618326240043,1000.0,0.005938685097898069,0.0
636,1706356860000.0,0.0,0.0,1.8,1.8942,0.0,0.0,1.9123,0.9998716981513472,1.0,1116.3985504020045,1000.0,1116.4311304020046,1000.0,0.003054070608361369,0.0
637,1706360460000.0,0.0,0.0,0.8,1.8942,0.0,0.0,1.922,0.9998716981513472,1.0,1116.4283555240045,1000.0,1116.4505955240045,1000.0,0.0013573284774630737,0.0
638,1706364060000.0,0.0,0.0,0.0,1.8942,0.0,0.0,1.921,0.9998716981513472,1.0,1116.4534173780032,1000.0,1116.4534173780032,1000.0,0.0,0.0
639,1706367660000.0,0.0,0.0,0.0,1.8942,0.0,0.0,1.9258,0.9998716981513472,1.0,1116.4534173780032,1000.0,1116.4534173780032,1000.0,0.0,0.0
640,1706371260000.0,0.0,0.0,0.0,1.8942,0.0,0.0,1.93,0.9998716981513472,1.0,1116.4534173780032,1000.0,1116.4534173780032,1000.0,0.0,0.0
641,1706374860000.0,0.0,0.0,0.0,1.8942,0.0,0.0,1.9272,0.9998716981513472,1.0,1116.4534173780032,1000.0,1116.4534173780032,1000.0,0.0,0.0
642,1706378460000.0,0.0,0.0,0.0,1.8942,0.0,0.0,1.9252,0.9998716981513472,1.0,1116.4534173780032,1000.0,1116.4534173780032,1000.0,0.0,0.0
643,1706382060000.0,0.0,0.0,0.0,1.8942,0.0,0.0,1.9365,0.9998716981513472,1.0,1116.4534173780032,1000.0,1116.4534173780032,1000.0,0.0,0.0
644,1706385660000.0,0.0,0.0,0.0,1.8942,0.0,0.0,1.9432,0.9998716981513472,1.0,1116.4534173780032,1000.0,1116.4534173780032,1000.0,0.0,0.0
645,1706389260000.0,0.0,0.0,0.0,1.8942,0.0,0.0,1.9418,0.9998716981513472,1.0,1116.4534173780032,1000.0,1116.4534173780032,1000.0,0.0,0.0
646,1706392860000.0,0.0,0.0,0.0,1.8942,0.0,0.0,1.9459,0.9998716981513472,1.0,1116.4534173780032,1000.0,1116.4534173780032,1000.0,0.0,0.0
647,1706396460000.0,0.0,0.0,0.0,1.8942,0.0,0.0,1.9411,0.9998716981513472,1.0,1116.4534173780032,1000.0,1116.4534173780032,1000.0,0.0,0.0
648,1706400060000.0,0.0,0.0,0.0,1.8942,0.0,0.0,1.9385,0.9998716981513472,1.0,1116.4534173780032,1000.0,1116.4534173780032,1000.0,0.0,0.0
649,1706403660000.0,0.0,0.0,0.0,1.8942,0.0,0.0,1.9373,0.9998716981513472,1.0,1116.4534173780032,1000.0,1116.4534173780032,1000.0,0.0,0.0
650,1706407260000.0,0.0,0.0,0.0,1.8942,0.0,0.0,1.9471,0.9998716981513472,1.0,1116.4534173780032,1000.0,1116.4534173780032,1000.0,0.0,0.0
651,1706410860000.0,0.0,0.0,0.0,1.8942,0.0,0.0,1.9375,0.9998716981513472,1.0,1116.4534173780032,1000.0,1116.4534173780032,1000.0,0.0,0.0
652,1706414460000.0,0.0,0.0,0.0,1.8942,0.0,0.0,1.9527,0.9998716981513472,1.0,1116.4534173780032,1000.0,1116.4534173780032,1000.0,0.0,0.0
653,1706418060000.0,0.0,0.0,0.0,1.8942,0.0,0.0,1.9707,0.9998716981513472,1.0,1116.4534173780032,1000.0,1116.4534173780032,1000.0,0.0,0.0
654,1706421660000.0,0.0,0.0,0.0,1.8942,0.0,0.0,1.9563,0.9998716981513472,1.0,1116.4534173780032,1000.0,1116.4534173780032,1000.0,0.0,0.0
655,1706425260000.0,0.0,0.0,0.0,1.8942,0.0,0.0,1.9371,0.9998716981513472,1.0,1116.4534173780032,1000.0,1116.4534173780032,1000.0,0.0,0.0
656,1706428860000.0,0.0,0.0,20.6,1.9317,0.0,0.0,1.9369,0.9998716981513472,1.0,1116.4454587740033,1000.0,1116.5525787740032,1000.0,0.03564260097729961,0.0
657,1706432460000.0,0.0,0.0,5.0,1.9317,0.0,0.0,1.9578,0.9998716981513472,1.0,1116.8215554300032,1000.0,1116.9520554300032,1000.0,0.008648203424298383,0.0
658,1706436060000.0,0.0,0.0,1.1,1.9317,0.0,0.0,1.9583,0.9998716981513472,1.0,1116.915579594003,1000.0,1116.944839594003,1000.0,0.001902444588312025,0.0
659,1706439660000.0,0.0,0.0,0.4,1.9317,0.0,0.0,1.9655,0.9998716981513472,1.0,1116.9386844800028,1000.0,1116.9522044800028,1000.0,0.0006917837216460325,0.0
660,1706443260000.0,0.0,0.0,0.0,1.9317,0.0,0.0,1.9597,0.9998716981513472,1.0,1116.9483279840024,1000.0,1116.9483279840024,1000.0,0.0,0.0
661,1706446860000.0,0.0,0.0,20.5,1.9383,0.0,0.0,1.9464,0.9998716981513472,1.0,1116.9403809540024,1000.0,1117.1064309540025,1000.0,0.0355749963718398,0.0
662,1706450460000.0,0.0,0.0,20.5,1.9383,0.0,0.0,1.9552,0.9998716981513472,1.0,1116.9403809540024,1000.0,1117.2868309540024,1000.0,0.0355749963718398,0.0
663,1706454060000.0,0.0,0.0,12.0,1.9383,0.0,0.0,1.9431,0.9998716981513472,1.0,1117.1461440240025,1000.0,1117.2037440240026,1000.0,0.020820552552075277,0.0
664,1706457660000.0,0.0,0.0,10.0,1.9383,0.0,0.0,1.9572,0.9998716981513472,1.0,1117.1945588640024,1000.0,1117.3835588640025,1000.0,0.017349708559008047,0.0
665,1706461260000.0,0.0,0.0,1.5,1.9383,0.0,0.0,1.9571,0.9998716981513472,1.0,1117.5030313880022,1000.0,1117.5312313880022,1000.0,0.002601737908834826,0.0
666,1706464860000.0,0.0,0.0,20.5,1.9402463414634146,0.0,0.0,1.9386,0.9998716981513472,1.0,1117.4956578680021,1000.0,1117.461907868002,1000.0,0.035593024205466936,0.0
667,1706468460000.0,0.0,0.0,20.5,1.9402463414634146,0.0,0.0,1.9137,0.9998716981513472,1.0,1117.4956578680021,1000.0,1116.951457868002,1000.0,0.035593024205466936,0.0
668,1706472060000.0,0.0,0.0,41.3,1.9260709443099273,0.0,0.0,1.914,0.9998716981513472,1.0,1117.4877035320021,1000.0,1116.989173532002,1000.0,0.07118353942381611,0.0
669,1706475660000.0,0.0,0.0,41.3,1.9260709443099273,0.0,0.0,1.9373,0.9998716981513472,1.0,1117.4877035320021,1000.0,1117.9514635320022,1000.0,0.07118353942381611,0.0
670,1706479260000.0,0.0,0.0,41.3,1.9260709443099273,0.0,0.0,1.9223,0.9998716981513472,1.0,1117.4877035320021,1000.0,1117.3319635320022,1000.0,0.07118353942381611,0.0
671,1706482860000.0,0.0,0.0,41.3,1.9260709443099273,0.0,0.0,1.905,0.9998716981513472,1.0,1117.4877035320021,1000.0,1116.6174735320021,1000.0,0.07118353942381611,0.0
672,1706486460000.0,0.0,0.0,41.3,1.9260709443099273,0.0,0.0,1.8993,0.9998716981513472,1.0,1117.4877035320021,1000.0,1116.3820635320021,1000.0,0.07118353942381611,0.0
673,1706490060000.0,0.0,0.0,41.3,1.9260709443099273,0.0,0.0,1.9063,0.9998716981513472,1.0,1117.4877035320021,1000.0,1116.671163532002,1000.0,0.07118353942381611,0.0
674,1706493660000.0,0.0,0.0,41.3,1.9260709443099273,0.0,0.0,1.9278,0.9998716981513472,1.0,1117.4877035320021,1000.0,1117.5591135320021,1000.0,0.07118353942381611,0.0
675,1706497260000.0,0.0,0.0,34.5,1.9260709443099273,0.0,0.0,1.9385,0.9998716981513472,1.0,1117.6511684306947,1000.0,1118.0799708520021,1000.0,0.05945455027081019,0.0
676,1706500860000.0,0.0,0.0,1.5,1.9260709443099273,0.0,0.0,1.9724,0.9998716981513472,1.0,1119.040364762467,1000.0,1119.1098583460023,1000.0,0.0025817714065016293,0.0
677,1706504460000.0,0.0,0.0,0.4,1.9260709443099273,0.0,0.0,1.9729,0.9998716981513472,1.0,1119.083704233726,1000.0,1119.1024358560019,1000.0,0.0006884457121565442,0.0
678,1706508060000.0,0.0,0.0,0.0,1.9260709443099273,0.0,0.0,1.9627,0.9998716981513472,1.0,1119.098648750002,1000.0,1119.098648750002,1000.0,0.0,0.0
679,1706511660000.0,0.0,0.0,0.0,1.9260709443099273,0.0,0.0,1.9888,0.9998716981513472,1.0,1119.098648750002,1000.0,1119.098648750002,1000.0,0.0,0.0
680,1706515260000.0,0.0,0.0,0.0,1.9260709443099273,0.0,0.0,1.9774,0.9998716981513472,1.0,1119.098648750002,1000.0,1119.098648750002,1000.0,0.0,0.0
681,1706518860000.0,0.0,0.0,0.0,1.9260709443099273,0.0,0.0,1.9709,0.9998716981513472,1.0,1119.098648750002,1000.0,1119.098648750002,1000.0,0.0,0.0
682,1706522460000.0,0.0,0.0,0.0,1.9260709443099273,0.0,0.0,1.9715,0.9998716981513472,1.0,1119.098648750002,1000.0,1119.098648750002,1000.0,0.0,0.0
683,1706526060000.0,0.0,0.0,0.0,1.9260709443099273,0.0,0.0,1.9705,0.9998716981513472,1.0,1119.098648750002,1000.0,1119.098648750002,1000.0,0.0,0.0
684,1706529660000.0,0.0,0.0,0.0,1.9260709443099273,0.0,0.0,1.9715,0.9998716981513472,1.0,1119.098648750002,1000.0,1119.098648750002,1000.0,0.0,0.0
685,1706533260000.0,0.0,0.0,20.5,1.9487,0.0,0.0,1.9593,0.9998716981513472,1.0,1119.090659080002,1000.0,1119.307959080002,1000.0,0.03569715257282311,0.0
686,1706536860000.0,0.0,0.0,20.5,1.9487,0.0,0.0,1.9407,0.9998716981513472,1.0,1119.090659080002,1000.0,1118.926659080002,1000.0,0.03569715257282311,0.0
687,1706540460000.0,0.0,0.0,20.5,1.9487,0.0,0.0,1.9296,0.9998716981513472,1.0,1119.090659080002,1000.0,1118.699109080002,1000.0,0.03569715257282311,0.0
688,1706544060000.0,0.0,0.0,11.0,1.9487,0.0,0.0,1.9846,0.9998716981513472,1.0,1119.376448640002,1000.0,1119.771348640002,1000.0,0.019149679293363305,0.0
689,1706547660000.0,0.0,0.0,0.0,1.9487,0.0,0.0,2.0279,0.9998716981513472,1.0,1119.7526053960016,1000.0,1119.7526053960016,1000.0,0.0,0.0
690,1706551260000.0,0.0,0.0,0.0,1.9487,0.0,0.0,2.0162,0.9998716981513472,1.0,1119.7526053960016,1000.0,1119.7526053960016,1000.0,0.0,0.0
691,1706554860000.0,0.0,0.0,0.0,1.9487,0.0,0.0,2.0176,0.9998716981513472,1.0,1119.7526053960016,1000.0,1119.7526053960016,1000.0,0.0,0.0
692,1706558460000.0,0.0,0.0,0.0,1.9487,0.0,0.0,2.0126,0.9998716981513472,1.0,1119.7526053960016,1000.0,1119.7526053960016,1000.0,0.0,0.0
693,1706562060000.0,0.0,0.0,0.0,1.9487,0.0,0.0,2.0053,0.9998716981513472,1.0,1119.7526053960016,1000.0,1119.7526053960016,1000.0,0.0,0.0
694,1706565660000.0,0.0,0.0,0.0,1.9487,0.0,0.0,2.0196,0.9998716981513472,1.0,1119.7526053960016,1000.0,1119.7526053960016,1000.0,0.0,0.0
695,1706569260000.0,0.0,0.0,0.0,1.9487,0.0,0.0,2.0277,0.9998716981513472,1.0,1119.7526053960016,1000.0,1119.7526053960016,1000.0,0.0,0.0
696,1706572860000.0,0.0,0.0,0.0,1.9487,0.0,0.0,2.0286,0.9998716981513472,1.0,1119.7526053960016,1000.0,1119.7526053960016,1000.0,0.0,0.0
697,1706576460000.0,0.0,0.0,0.0,1.9487,0.0,0.0,2.0434,0.9998716981513472,1.0,1119.7526053960016,1000.0,1119.7526053960016,1000.0,0.0,0.0
698,1706580060000.0,0.0,0.0,0.0,1.9487,0.0,0.0,2.0474,0.9998716981513472,1.0,1119.7526053960016,1000.0,1119.7526053960016,1000.0,0.0,0.0
699,1706583660000.0,0.0,0.0,0.0,1.9487,0.0,0.0,2.049,0.9998716981513472,1.0,1119.7526053960016,1000.0,1119.7526053960016,1000.0,0.0,0.0
700,1706587260000.0,0.0,0.0,0.0,1.9487,0.0,0.0,2.0311,0.9998716981513472,1.0,1119.7526053960016,1000.0,1119.7526053960016,1000.0,0.0,0.0
701,1706590860000.0,0.0,0.0,19.9,2.0042,0.0,0.0,2.01,0.9998716981513472,1.0,1119.7446286800016,1000.0,1119.8600486800017,1000.0,0.03561846065474438,0.0
702,1706594460000.0,0.0,0.0,19.9,2.0042,0.0,0.0,2.0085,0.9998716981513472,1.0,1119.7446286800016,1000.0,1119.8301986800016,1000.0,0.03561846065474438,0.0
703,1706598060000.0,0.0,0.0,19.9,2.0042,0.0,0.0,2.0126,0.9998716981513472,1.0,1119.7446286800016,1000.0,1119.9117886800016,1000.0,0.03561846065474438,0.0
704,1706601660000.0,0.0,0.0,19.9,2.0042,0.0,0.0,2.0161,0.9998716981513472,1.0,1119.7446286800016,1000.0,1119.9814386800017,1000.0,0.03561846065474438,0.0
705,1706605260000.0,0.0,0.0,8.1,2.0042,0.0,0.0,2.0216,0.9998716981513472,1.0,1120.0395588240017,1000.0,1120.1804988240017,1000.0,0.01449414877546387,0.0
706,1706608860000.0,0.0,0.0,6.8,2.0042,0.0,0.0,2.023,0.9998716981513472,1.0,1120.0720511280017,1000.0,1120.1998911280018,1000.0,0.012167574386196813,0.0
707,1706612460000.0,0.0,0.0,2.9,2.0042,0.0,0.0,2.034,0.9998716981513472,1.0,1120.1695280400015,1000.0,1120.2559480400016,1000.0,0.005188661050412402,0.0
708,1706616060000.0,0.0,0.0,1.4,2.0042,0.0,0.0,2.0464,0.9998716981513472,1.0,1120.2135278580015,1000.0,1120.2726078580015,1000.0,0.0025047724654470283,0.0
709,1706619660000.0,0.0,0.0,19.9,2.0101396984924627,0.0,0.0,2.0088,0.9998716981513472,1.0,1120.2522472360013,1000.0,1120.2255872360013,1000.0,0.035707832855230964,0.0
710,1706623260000.0,0.0,0.0,19.9,2.0101396984924627,0.0,0.0,2.0019,0.9998716981513472,1.0,1120.2522472360013,1000.0,1120.0882772360012,1000.0,0.035707832855230964,0.0
711,1706626860000.0,0.0,0.0,16.6,2.0101396984924627,0.0,0.0,2.0322,0.9998716981513472,1.0,1120.335252668976,1000.0,1120.7014536740012,1000.0,0.02978422656564765,0.0
712,1706630460000.0,0.0,0.0,4.5,2.0101396984924627,0.0,0.0,2.0382,0.9998716981513472,1.0,1120.6846769072167,1000.0,1120.8109482640007,1000.0,0.008071519874956749,0.0
713,1706634060000.0,0.0,0.0,0.3,2.0101396984924627,0.0,0.0,2.0603,0.9998716981513472,1.0,1120.8457590955477,1000.0,1120.8608071859999,1000.0,0.0005380239918419781,0.0
714,1706637660000.0,0.0,0.0,0.0,2.0101396984924627,0.0,0.0,2.0583,0.9998716981513472,1.0,1120.8634730100002,1000.0,1120.8634730100002,1000.0,0.0,0.0
715,1706641260000.0,0.0,0.0,0.0,2.0101396984924627,0.0,0.0,2.055,0.9998716981513472,1.0,1120.8634730100002,1000.0,1120.8634730100002,1000.0,0.0,0.0
716,1706644860000.0,0.0,0.0,0.0,2.0101396984924627,0.0,0.0,2.0536,0.9998716981513472,1.0,1120.8634730100002,1000.0,1120.8634730100002,1000.0,0.0,0.0
717,1706648460000.0,0.0,0.0,0.0,2.0101396984924627,0.0,0.0,2.0536,0.9998716981513472,1.0,1120.8634730100002,1000.0,1120.8634730100002,1000.0,0.0,0.0
718,1706652060000.0,0.0,0.0,0.0,2.0101396984924627,0.0,0.0,2.0467,0.9998716981513472,1.0,1120.8634730100002,1000.0,1120.8634730100002,1000.0,0.0,0.0
719,1706655660000.0,0.0,0.0,19.7,2.0281,0.0,0.0,2.0287,0.9998716981513472,1.0,1120.8554822960002,1000.0,1120.8673022960002,1000.0,0.0356456034083517,0.0
720,1706659260000.0,0.0,0.0,39.7,2.013288916876574,0.0,0.0,2.0111,0.9998716981513472,1.0,1120.8474874960002,1000.0,1120.7605874960002,1000.0,0.07130994260294955,0.0
721,1706662860000.0,0.0,0.0,59.9,2.001287312186978,0.0,0.0,2.0004,0.9998716981513472,1.0,1120.8394975880003,1000.0,1120.7863475880004,1000.0,0.1069529671803773,0.0
722,1706666460000.0,0.0,0.0,59.9,2.001287312186978,0.0,0.0,1.991,0.9998716981513472,1.0,1120.8394975880003,1000.0,1120.2232875880004,1000.0,0.1069529671803773,0.0
723,1706670060000.0,0.0,0.0,59.9,2.001287312186978,0.0,0.0,1.9995,0.9998716981513472,1.0,1120.8394975880003,1000.0,1120.7324375880003,1000.0,0.1069529671803773,0.0
724,1706673660000.0,0.0,0.0,20.5,2.001287312186978,0.0,0.0,2.0402,0.9998716981513472,1.0,1122.0961328118333,1000.0,1122.8938429120003,1000.0,0.03656227724181352,0.0
725,1706677260000.0,0.0,0.0,5.5,2.001287312186978,0.0,0.0,2.0279,0.9998716981513472,1.0,1122.5273518050285,1000.0,1122.673721588,1000.0,0.00980562317642323,0.0
726,1706680860000.0,0.0,0.0,19.9,2.0083704339728694,0.0,0.0,2.0129,0.9998716981513472,1.0,1122.54370628806,1000.0,1122.633844652,1000.0,0.03560357731479199,0.0
727,1706684460000.0,0.0,0.0,19.9,2.0083704339728694,0.0,0.0,2.0159,0.9998716981513472,1.0,1122.54370628806,1000.0,1122.693544652,1000.0,0.03560357731479199,0.0
728,1706688060000.0,0.0,0.0,11.6,2.0083704339728694,0.0,0.0,2.0283,0.9998716981513472,1.0,1122.7522254120854,1000.0,1122.9834083780001,1000.0,0.020749989629755144,0.0
729,1706691660000.0,0.0,0.0,19.9,2.009342062014336,0.0,0.0,1.9967,0.9998716981513472,1.0,1122.7488876500854,1000.0,1122.497310616,1000.0,0.03561429227311535,0.0
730,1706695260000.0,0.0,0.0,40.1,1.9946620208001316,0.0,0.0,1.975,0.9998716981513472,1.0,1122.7408876420855,1000.0,1121.9524406080002,1000.0,0.07124167999445276,0.0
731,1706698860000.0,0.0,0.0,60.5,1.9827720170923187,0.0,0.0,1.9637,0.9998716981513472,1.0,1122.7328932900855,1000.0,1121.579036256,1000.0,0.10684438636384662,0.0
732,1706702460000.0,0.0,0.0,60.5,1.9827720170923187,0.0,0.0,1.9702,0.9998716981513472,1.0,1122.7328932900855,1000.0,1121.9722862560002,1000.0,0.10684438636384662,0.0
733,1706706060000.0,0.0,0.0,60.5,1.9827720170923187,0.0,0.0,1.9647,0.9998716981513472,1.0,1122.7328932900855,1000.0,1121.6395362560002,1000.0,0.10684438636384662,0.0
734,1706709660000.0,0.0,0.0,60.5,1.9827720170923187,0.0,0.0,1.9496,0.9998716981513472,1.0,1122.7328932900855,1000.0,1120.7259862560002,1000.0,0.10684438636384662,0.0
735,1706713260000.0,0.0,0.0,91.1,1.9688753790788724,0.0,0.0,1.9434,0.9998716981513472,1.0,1122.7210119220854,1000.0,1120.4002048880002,1000.0,0.1597587870267211,0.0
736,1706716860000.0,0.0,0.0,91.1,1.9688753790788724,0.0,0.0,1.9614,0.9998716981513472,1.0,1122.7210119220854,1000.0,1122.040004888,1000.0,0.1597587870267211,0.0
737,1706720460000.0,0.0,0.0,91.1,1.9688753790788724,0.0,0.0,1.9898,0.9998716981513472,1.0,1122.7210119220854,1000.0,1124.6272448880002,1000.0,0.1597587870267211,0.0
738,1706724060000.0,0.0,0.0,76.0,1.9688753790788724,0.0,0.0,1.9929,0.9998716981513472,1.0,1123.0928621199944,1000.0,1124.91873331,1000.0,0.13323433338142515,0.0
739,1706727660000.0,0.0,0.0,76.0,1.9688753790788724,0.0,0.0,1.9797,0.9998716981513472,1.0,1123.0928621199944,1000.0,1123.91553331,1000.0,0.13323433338142515,0.0
740,1706731260000.0,0.0,0.0,76.0,1.9688753790788724,0.0,0.0,1.9768,0.9998716981513472,1.0,1123.0928621199944,1000.0,1123.69513331,1000.0,0.13323433338142515,0.0
741,1706734860000.0,0.0,0.0,76.0,1.9688753790788724,0.0,0.0,1.9483,0.9998716981513472,1.0,1123.0928621199944,1000.0,1121.5291333100001,1000.0,0.13323433338142515,0.0
742,1706738460000.0,0.0,0.0,114.4,1.9535102168705794,0.0,0.0,1.9237,0.9998716981513472,1.0,1123.0780927119945,1000.0,1119.6678039020003,1000.0,0.1989902307419548,0.0
743,1706742060000.0,0.0,0.0,114.4,1.9535102168705794,0.0,0.0,1.9349,0.9998716981513472,1.0,1123.0780927119945,1000.0,1120.9490839020002,1000.0,0.1989902307419548,0.0
744,1706745660000.0,0.0,0.0,114.4,1.9535102168705794,0.0,0.0,1.9381,0.9998716981513472,1.0,1123.0780927119945,1000.0,1121.3151639020002,1000.0,0.1989902307419548,0.0
745,1706749260000.0,0.0,0.0,114.4,1.9535102168705794,0.0,0.0,1.9282,0.9998716981513472,1.0,1123.0780927119945,1000.0,1120.1826039020002,1000.0,0.1989902307419548,0.0
746,1706752860000.0,0.0,0.0,172.2,1.9344079489546708,0.0,0.0,1.9024,0.9998716981513472,1.0,1123.0561680159944,1000.0,1117.5443992060002,1000.0,0.2966058673614357,0.0
747,1706756460000.0,0.0,0.0,172.2,1.9344079489546708,0.0,0.0,1.9137,0.9998716981513472,1.0,1123.0561680159944,1000.0,1119.490259206,1000.0,0.2966058673614357,0.0
748,1706760060000.0,0.0,0.0,172.2,1.9344079489546708,0.0,0.0,1.9244,0.9998716981513472,1.0,1123.0561680159944,1000.0,1121.3327992060001,1000.0,0.2966058673614357,0.0
749,1706763660000.0,0.0,0.0,172.2,1.9344079489546708,0.0,0.0,1.9303,0.9998716981513472,1.0,1123.0561680159944,1000.0,1122.348779206,1000.0,0.2966058673614357,0.0
750,1706767260000.0,0.0,0.0,172.2,1.9344079489546708,0.0,0.0,1.9305,0.9998716981513472,1.0,1123.0561680159944,1000.0,1122.3832192060001,1000.0,0.2966058673614357,0.0
751,1706770860000.0,0.0,0.0,172.2,1.9344079489546708,0.0,0.0,1.941,0.9998716981513472,1.0,1123.0561680159944,1000.0,1124.1913192060001,1000.0,0.2966058673614357,0.0
752,1706774460000.0,0.0,0.0,16.5,1.9344079489546708,0.0,0.0,1.9763,0.9998716981513472,1.0,1128.6758666857522,1000.0,1129.3670855280002,1000.0,0.028278917003404534,0.0
753,1706778060000.0,0.0,0.0,1.2,1.9344079489546708,0.0,0.0,1.9739,0.9998716981513472,1.0,1129.3335430327459,1000.0,1129.3809334940004,1000.0,0.0020554508037651524,0.0
754,1706781660000.0,0.0,0.0,0.3,1.9344079489546708,0.0,0.0,1.9676,0.9998716981513472,1.0,1129.3633316566866,1000.0,1129.3732892720002,1000.0,0.0005138491470544861,0.0
755,1706785260000.0,0.0,0.0,0.0,1.9344079489546708,0.0,0.0,1.968,0.9998716981513472,1.0,1129.373261198,1000.0,1129.373261198,1000.0,0.0,0.0
756,1706788860000.0,0.0,0.0,0.0,1.9344079489546708,0.0,0.0,1.9633,0.9998716981513472,1.0,1129.373261198,1000.0,1129.373261198,1000.0,0.0,0.0
757,1706792460000.0,0.0,0.0,0.0,1.9344079489546708,0.0,0.0,1.9505,0.9998716981513472,1.0,1129.373261198,1000.0,1129.373261198,1000.0,0.0,0.0
758,1706796060000.0,0.0,0.0,20.7,1.9423,0.0,0.0,1.9613,0.9998716981513472,1.0,1129.365220076,1000.0,1129.758520076,1000.0,0.03560018432061719,0.0
759,1706799660000.0,0.0,0.0,5.0,1.9423,0.0,0.0,1.9697,0.9998716981513472,1.0,1129.7468336960005,1000.0,1129.8838336960005,1000.0,0.008596173682760886,0.0
760,1706803260000.0,0.0,0.0,0.1,1.9423,0.0,0.0,1.9607,0.9998716981513472,1.0,1129.9344523299999,1000.0,1129.9362923299998,1000.0,0.00017189492682472408,0.0
761,1706806860000.0,0.0,0.0,20.7,1.94618115942029,0.0,0.0,1.9656,0.9998716981513472,1.0,1129.926433986,1000.0,1130.3284039859998,1000.0,0.035653604330579944,0.0
762,1706810460000.0,0.0,0.0,0.0,1.94618115942029,0.0,0.0,2.0102,0.9998716981513472,1.0,1130.730234392,1000.0,1130.730234392,1000.0,0.0,0.0
763,1706814060000.0,0.0,0.0,0.0,1.94618115942029,0.0,0.0,1.9947,0.9998716981513472,1.0,1130.730234392,1000.0,1130.730234392,1000.0,0.0,0.0
764,1706817660000.0,0.0,0.0,0.0,1.94618115942029,0.0,0.0,2.0031,0.9998716981513472,1.0,1130.730234392,1000.0,1130.730234392,1000.0,0.0,0.0
765,1706821260000.0,0.0,0.0,0.0,1.94618115942029,0.0,0.0,2.0334,0.9998716981513472,1.0,1130.730234392,1000.0,1130.730234392,1000.0,0.0,0.0
766,1706824860000.0,0.0,0.0,0.0,1.94618115942029,0.0,0.0,2.0552,0.9998716981513472,1.0,1130.730234392,1000.0,1130.730234392,1000.0,0.0,0.0
767,1706828460000.0,0.0,0.0,0.0,1.94618115942029,0.0,0.0,2.0388,0.9998716981513472,1.0,1130.730234392,1000.0,1130.730234392,1000.0,0.0,0.0
768,1706832060000.0,0.0,0.0,0.0,1.94618115942029,0.0,0.0,2.0407,0.9998716981513472,1.0,1130.730234392,1000.0,1130.730234392,1000.0,0.0,0.0
769,1706835660000.0,0.0,0.0,0.0,1.94618115942029,0.0,0.0,2.0766,0.9998716981513472,1.0,1130.730234392,1000.0,1130.730234392,1000.0,0.0,0.0
770,1706839260000.0,0.0,0.0,0.0,1.94618115942029,0.0,0.0,2.0706,0.9998716981513472,1.0,1130.730234392,1000.0,1130.730234392,1000.0,0.0,0.0
771,1706842860000.0,0.0,0.0,0.0,1.94618115942029,0.0,0.0,2.1685,0.9998716981513472,1.0,1130.730234392,1000.0,1130.730234392,1000.0,0.0,0.0
772,1706846460000.0,0.0,0.0,0.0,1.94618115942029,0.0,0.0,2.1748,0.9998716981513472,1.0,1130.730234392,1000.0,1130.730234392,1000.0,0.0,0.0
773,1706850060000.0,0.0,0.0,0.0,1.94618115942029,0.0,0.0,2.2017,0.9998716981513472,1.0,1130.730234392,1000.0,1130.730234392,1000.0,0.0,0.0
774,1706853660000.0,0.0,0.0,0.0,1.94618115942029,0.0,0.0,2.2262,0.9998716981513472,1.0,1130.730234392,1000.0,1130.730234392,1000.0,0.0,0.0
775,1706857260000.0,0.0,0.0,0.0,1.94618115942029,0.0,0.0,2.207,0.9998716981513472,1.0,1130.730234392,1000.0,1130.730234392,1000.0,0.0,0.0
776,1706860860000.0,0.0,0.0,0.0,1.94618115942029,0.0,0.0,2.2307,0.9998716981513472,1.0,1130.730234392,1000.0,1130.730234392,1000.0,0.0,0.0
777,1706864460000.0,0.0,0.0,0.0,1.94618115942029,0.0,0.0,2.2209,0.9998716981513472,1.0,1130.730234392,1000.0,1130.730234392,1000.0,0.0,0.0
778,1706868060000.0,0.0,0.0,0.0,1.94618115942029,0.0,0.0,2.2158,0.9998716981513472,1.0,1130.730234392,1000.0,1130.730234392,1000.0,0.0,0.0
779,1706871660000.0,0.0,0.0,0.0,1.94618115942029,0.0,0.0,2.2165,0.9998716981513472,1.0,1130.730234392,1000.0,1130.730234392,1000.0,0.0,0.0
780,1706875260000.0,0.0,0.0,0.0,1.94618115942029,0.0,0.0,2.2154,0.9998716981513472,1.0,1130.730234392,1000.0,1130.730234392,1000.0,0.0,0.0
781,1706878860000.0,0.0,0.0,0.0,1.94618115942029,0.0,0.0,2.2031,0.9998716981513472,1.0,1130.730234392,1000.0,1130.730234392,1000.0,0.0,0.0
782,1706882460000.0,0.0,0.0,0.0,1.94618115942029,0.0,0.0,2.1995,0.9998716981513472,1.0,1130.730234392,1000.0,1130.730234392,1000.0,0.0,0.0
783,1706886060000.0,0.0,0.0,0.0,1.94618115942029,0.0,0.0,2.2394,0.9998716981513472,1.0,1130.730234392,1000.0,1130.730234392,1000.0,0.0,0.0
784,1706889660000.0,0.0,0.0,0.0,1.94618115942029,0.0,0.0,2.2858,0.9998716981513472,1.0,1130.730234392,1000.0,1130.730234392,1000.0,0.0,0.0
785,1706893260000.0,0.0,0.0,0.0,1.94618115942029,0.0,0.0,2.2473,0.9998716981513472,1.0,1130.730234392,1000.0,1130.730234392,1000.0,0.0,0.0
786,1706896860000.0,0.0,0.0,0.0,1.94618115942029,0.0,0.0,2.2272,0.9998716981513472,1.0,1130.730234392,1000.0,1130.730234392,1000.0,0.0,0.0
787,1706900460000.0,0.0,0.0,0.0,1.94618115942029,0.0,0.0,2.2248,0.9998716981513472,1.0,1130.730234392,1000.0,1130.730234392,1000.0,0.0,0.0
788,1706904060000.0,0.0,0.0,0.0,1.94618115942029,0.0,0.0,2.2175,0.9998716981513472,1.0,1130.730234392,1000.0,1130.730234392,1000.0,0.0,0.0
789,1706907660000.0,0.0,0.0,18.4,2.1923,0.0,0.0,2.1751,0.9998716981513472,1.0,1130.722166728,1000.0,1130.405686728,1000.0,0.035674829049056354,0.0
790,1706911260000.0,0.0,0.0,18.4,2.1923,0.0,0.0,2.1873,0.9998716981513472,1.0,1130.722166728,1000.0,1130.630166728,1000.0,0.035674829049056354,0.0
791,1706914860000.0,0.0,0.0,18.4,2.1923,0.0,0.0,2.2063,0.9998716981513472,1.0,1130.722166728,1000.0,1130.979766728,1000.0,0.035674829049056354,0.0
792,1706918460000.0,0.0,0.0,18.4,2.1923,0.0,0.0,2.171,0.9998716981513472,1.0,1130.722166728,1000.0,1130.330246728,1000.0,0.035674829049056354,0.0
793,1706922060000.0,0.0,0.0,18.4,2.190446739130435,0.0,0.0,2.1742,0.9998716981513472,1.0,1130.8702199079999,1000.0,1130.571279908,1000.0,0.03564000474190477,0.0
794,1706925660000.0,0.0,0.0,18.4,2.190446739130435,0.0,0.0,2.1966,0.9998716981513472,1.0,1130.8702199079999,1000.0,1130.9834399079998,1000.0,0.03564000474190477,0.0
795,1706929260000.0,0.0,0.0,37.1,2.174445013477089,0.0,0.0,2.1558,0.9998716981513472,1.0,1130.86214637,1000.0,1130.1704163699999,1000.0,0.07133664369167544,0.0
796,1706932860000.0,0.0,0.0,37.1,2.174445013477089,0.0,0.0,2.144,0.9998716981513472,1.0,1130.86214637,1000.0,1129.73263637,1000.0,0.07133664369167544,0.0
797,1706936460000.0,0.0,0.0,37.1,2.174445013477089,0.0,0.0,2.1585,0.9998716981513472,1.0,1130.86214637,1000.0,1130.2705863699998,1000.0,0.07133664369167544,0.0
798,1706940060000.0,0.0,0.0,37.1,2.174445013477089,0.0,0.0,2.175,0.9998716981513472,1.0,1130.86214637,1000.0,1130.88273637,1000.0,0.07133664369167544,0.0
799,1706943660000.0,0.0,0.0,37.1,2.174445013477089,0.0,0.0,2.1672,0.9998716981513472,1.0,1130.86214637,1000.0,1130.5933563699998,1000.0,0.07133664369167544,0.0
800,1706947260000.0,0.0,0.0,37.1,2.174445013477089,0.0,0.0,2.1549,0.9998716981513472,1.0,1130.86214637,1000.0,1130.1370263699998,1000.0,0.07133664369167544,0.0
801,1706950860000.0,0.0,0.0,37.1,2.174445013477089,0.0,0.0,2.153,0.9998716981513472,1.0,1130.86214637,1000.0,1130.06653637,1000.0,0.07133664369167544,0.0
802,1706954460000.0,0.0,0.0,37.1,2.174445013477089,0.0,0.0,2.1711,0.9998716981513472,1.0,1130.86214637,1000.0,1130.73804637,1000.0,0.07133664369167544,0.0
803,1706958060000.0,0.0,0.0,37.1,2.174445013477089,0.0,0.0,2.165,0.9998716981513472,1.0,1130.86214637,1000.0,1130.5117363699999,1000.0,0.07133664369167544,0.0
804,1706961660000.0,0.0,0.0,37.1,2.174445013477089,0.0,0.0,2.161,0.9998716981513472,1.0,1130.86214637,1000.0,1130.3633363699998,1000.0,0.07133664369167544,0.0
805,1706965260000.0,0.0,0.0,37.1,2.174445013477089,0.0,0.0,2.1678,0.9998716981513472,1.0,1130.86214637,1000.0,1130.61561637,1000.0,0.07133664369167544,0.0
806,1706968860000.0,0.0,0.0,37.1,2.174445013477089,0.0,0.0,2.1767,0.9998716981513472,1.0,1130.86214637,1000.0,1130.94580637,1000.0,0.07133664369167544,0.0
807,1706972460000.0,0.0,0.0,37.1,2.174445013477089,0.0,0.0,2.1872,0.9998716981513472,1.0,1130.86214637,1000.0,1131.3353563699998,1000.0,0.07133664369167544,0.0
808,1706976060000.0,0.0,0.0,18.0,2.174445013477089,0.0,0.0,2.2014,0.9998716981513472,1.0,1131.3800349725875,1000.0,1131.86522473,1000.0,0.03459492746266814,0.0
809,1706979660000.0,0.0,0.0,2.3,2.174445013477089,0.0,0.0,2.2118,0.9998716981513472,1.0,1131.8461259009969,1000.0,1131.9320423699996,1000.0,0.004418642619831491,0.0
810,1706983260000.0,0.0,0.0,0.0,2.174445013477089,0.0,0.0,2.2252,0.9998716981513472,1.0,1131.9537104039996,1000.0,1131.9537104039996,1000.0,0.0,0.0
811,1706986860000.0,0.0,0.0,0.0,2.174445013477089,0.0,0.0,2.1864,0.9998716981513472,1.0,1131.9537104039996,1000.0,1131.9537104039996,1000.0,0.0,0.0
812,1706990460000.0,0.0,0.0,0.0,2.174445013477089,0.0,0.0,2.1813,0.9998716981513472,1.0,1131.9537104039996,1000.0,1131.9537104039996,1000.0,0.0,0.0
813,1706994060000.0,0.0,0.0,18.5,2.175,0.0,0.0,2.1685,0.9998716981513472,1.0,1131.9456629039996,1000.0,1131.8254129039997,1000.0,0.03554720099971136,0.0
814,1706997660000.0,0.0,0.0,37.3,2.159123324396783,0.0,0.0,2.1415,0.9998716981513472,1.0,1131.9376033439996,1000.0,1131.2802533439997,1000.0,0.07114817968948156,0.0
815,1707001260000.0,0.0,0.0,37.3,2.159123324396783,0.0,0.0,2.1281,0.9998716981513472,1.0,1131.9376033439996,1000.0,1130.7804333439997,1000.0,0.07114817968948156,0.0
816,1707004860000.0,0.0,0.0,56.3,2.1462238010657195,0.0,0.0,2.1173,0.9998716981513472,1.0,1131.9295439239995,1000.0,1130.3011339239995,1000.0,0.10674904692487909,0.0
817,1707008460000.0,0.0,0.0,47.0,2.1462238010657195,0.0,0.0,2.1593,0.9998716981513472,1.0,1132.1791698640884,1000.0,1132.7937512139995,1000.0,0.08909589695259805,0.0
818,1707012060000.0,0.0,0.0,47.0,2.1462238010657195,0.0,0.0,2.1499,0.9998716981513472,1.0,1132.1791698640884,1000.0,1132.3519512139997,1000.0,0.08909589695259805,0.0
819,1707015660000.0,0.0,0.0,47.0,2.1462238010657195,0.0,0.0,2.1418,0.9998716981513472,1.0,1132.1791698640884,1000.0,1131.9712512139995,1000.0,0.08909589695259805,0.0
820,1707019260000.0,0.0,0.0,47.0,2.1462238010657195,0.0,0.0,2.152,0.9998716981513472,1.0,1132.1791698640884,1000.0,1132.4506512139997,1000.0,0.08909589695259805,0.0
821,1707022860000.0,0.0,0.0,47.0,2.1462238010657195,0.0,0.0,2.1281,0.9998716981513472,1.0,1132.1791698640884,1000.0,1131.3273512139997,1000.0,0.08909589695259805,0.0
822,1707026460000.0,0.0,0.0,47.0,2.1462238010657195,0.0,0.0,2.1344,0.9998716981513472,1.0,1132.1791698640884,1000.0,1131.6234512139995,1000.0,0.08909589695259805,0.0
823,1707030060000.0,0.0,0.0,47.0,2.1462238010657195,0.0,0.0,2.1442,0.9998716981513472,1.0,1132.1791698640884,1000.0,1132.0840512139996,1000.0,0.08909589695259805,0.0
824,1707033660000.0,0.0,0.0,47.0,2.1462238010657195,0.0,0.0,2.1224,0.9998716981513472,1.0,1132.1791698640884,1000.0,1131.0594512139996,1000.0,0.08909589695259805,0.0
825,1707037260000.0,0.0,0.0,47.0,2.1462238010657195,0.0,0.0,2.1088,0.9998716981513472,1.0,1132.1791698640884,1000.0,1130.4202512139996,1000.0,0.08909589695259805,0.0
826,1707040860000.0,0.0,0.0,47.0,2.1462238010657195,0.0,0.0,2.1377,0.9998716981513472,1.0,1132.1791698640884,1000.0,1131.7785512139997,1000.0,0.08909589695259805,0.0
827,1707044460000.0,0.0,0.0,47.0,2.1462238010657195,0.0,0.0,2.1304,0.9998716981513472,1.0,1132.1791698640884,1000.0,1131.4354512139996,1000.0,0.08909589695259805,0.0
828,1707048060000.0,0.0,0.0,47.0,2.1462238010657195,0.0,0.0,2.1491,0.9998716981513472,1.0,1132.1791698640884,1000.0,1132.3143512139995,1000.0,0.08909589695259805,0.0
829,1707051660000.0,0.0,0.0,47.0,2.1462238010657195,0.0,0.0,2.1436,0.9998716981513472,1.0,1132.1791698640884,1000.0,1132.0558512139996,1000.0,0.08909589695259805,0.0
830,1707055260000.0,0.0,0.0,47.0,2.1462238010657195,0.0,0.0,2.1423,0.9998716981513472,1.0,1132.1791698640884,1000.0,1131.9947512139995,1000.0,0.08909589695259805,0.0
831,1707058860000.0,0.0,0.0,47.0,2.1462238010657195,0.0,0.0,2.1446,0.9998716981513472,1.0,1132.1791698640884,1000.0,1132.1028512139997,1000.0,0.08909589695259805,0.0
832,1707062460000.0,0.0,0.0,47.0,2.1462238010657195,0.0,0.0,2.1476,0.9998716981513472,1.0,1132.1791698640884,1000.0,1132.2438512139995,1000.0,0.08909589695259805,0.0
833,1707066060000.0,0.0,0.0,25.2,2.1462238010657195,0.0,0.0,2.1712,0.9998716981513472,1.0,1132.9028868208557,1000.0,1133.5322870339994,1000.0,0.047740049404083204,0.0
834,1707069660000.0,0.0,0.0,2.3,2.1462238010657195,0.0,0.0,2.1659,0.9998716981513472,1.0,1133.6105985344511,1000.0,1133.655853792,1000.0,0.004354506519992753,0.0
835,1707073260000.0,0.0,0.0,18.9,2.1397912562143473,0.0,0.0,2.1427,0.9998716981513472,1.0,1133.6034973864512,1000.0,1133.658472644,1000.0,0.0356756615833413,0.0
836,1707076860000.0,0.0,0.0,18.9,2.1397912562143473,0.0,0.0,2.1212,0.9998716981513472,1.0,1133.6034973864512,1000.0,1133.252122644,1000.0,0.0356756615833413,0.0
837,1707080460000.0,0.0,0.0,18.9,2.1397912562143473,0.0,0.0,2.1373,0.9998716981513472,1.0,1133.6034973864512,1000.0,1133.556412644,1000.0,0.0356756615833413,0.0
838,1707084060000.0,0.0,0.0,18.9,2.1397912562143473,0.0,0.0,2.1344,0.9998716981513472,1.0,1133.6034973864512,1000.0,1133.501602644,1000.0,0.0356756615833413,0.0
839,1707087660000.0,0.0,0.0,38.1,2.124173615287432,0.0,0.0,2.1165,0.9998716981513472,1.0,1133.5953995944512,1000.0,1133.303034852,1000.0,0.07139321028596675,0.0
840,1707091260000.0,0.0,0.0,38.1,2.124173615287432,0.0,0.0,2.1093,0.9998716981513472,1.0,1133.5953995944512,1000.0,1133.0287148520001,1000.0,0.07139321028596675,0.0
841,1707094860000.0,0.0,0.0,26.5,2.124173615287432,0.0,0.0,2.1481,0.9998716981513472,1.0,1133.902755105117,1000.0,1134.5368043,1000.0,0.04964323488207646,0.0
842,1707098460000.0,0.0,0.0,0.0,2.124173615287432,0.0,0.0,2.1816,0.9998716981513472,1.0,1134.8870870220003,1000.0,1134.8870870220003,1000.0,0.0,0.0
843,1707102060000.0,0.0,0.0,19.0,2.1313,0.0,0.0,2.1326,0.9998716981513472,1.0,1134.8789880820002,1000.0,1134.9036880820001,1000.0,0.035681954133663166,0.0
844,1707105660000.0,0.0,0.0,19.0,2.1313,0.0,0.0,2.1272,0.9998716981513472,1.0,1134.8789880820002,1000.0,1134.8010880820002,1000.0,0.035681954133663166,0.0
845,1707109260000.0,0.0,0.0,19.0,2.1313,0.0,0.0,2.1315,0.9998716981513472,1.0,1134.8789880820002,1000.0,1134.8827880820002,1000.0,0.035681954133663166,0.0
846,1707112860000.0,0.0,0.0,19.0,2.1313,0.0,0.0,2.138,0.9998716981513472,1.0,1134.8789880820002,1000.0,1135.0062880820003,1000.0,0.035681954133663166,0.0
847,1707116460000.0,0.0,0.0,4.8,2.1313,0.0,0.0,2.1647,0.9998716981513472,1.0,1135.409547846,1000.0,1135.5698678459999,1000.0,0.009010176124912742,0.0
848,1707120060000.0,0.0,0.0,2.5,2.1313,0.0,0.0,2.1589,0.9998716981513472,1.0,1135.470884982,1000.0,1135.5398849819999,1000.0,0.004692546564137103,0.0
849,1707123660000.0,0.0,0.0,0.5,2.1313,0.0,0.0,2.1712,0.9998716981513472,1.0,1135.5428378979996,1000.0,1135.5627878979997,1000.0,0.0009384498448095732,0.0
850,1707127260000.0,0.0,0.0,0.0,2.1313,0.0,0.0,2.1877,0.9998716981513472,1.0,1135.5649902939997,1000.0,1135.5649902939997,1000.0,0.0,0.0
851,1707130860000.0,0.0,0.0,0.0,2.1313,0.0,0.0,2.2181,0.9998716981513472,1.0,1135.5649902939997,1000.0,1135.5649902939997,1000.0,0.0,0.0
852,1707134460000.0,0.0,0.0,0.0,2.1313,0.0,0.0,2.2071,0.9998716981513472,1.0,1135.5649902939997,1000.0,1135.5649902939997,1000.0,0.0,0.0
853,1707138060000.0,0.0,0.0,0.0,2.1313,0.0,0.0,2.2322,0.9998716981513472,1.0,1135.5649902939997,1000.0,1135.5649902939997,1000.0,0.0,0.0
854,1707141660000.0,0.0,0.0,0.0,2.1313,0.0,0.0,2.2706,0.9998716981513472,1.0,1135.5649902939997,1000.0,1135.5649902939997,1000.0,0.0,0.0
855,1707145260000.0,0.0,0.0,0.0,2.1313,0.0,0.0,2.2324,0.9998716981513472,1.0,1135.5649902939997,1000.0,1135.5649902939997,1000.0,0.0,0.0
856,1707148860000.0,0.0,0.0,0.0,2.1313,0.0,0.0,2.2269,0.9998716981513472,1.0,1135.5649902939997,1000.0,1135.5649902939997,1000.0,0.0,0.0
857,1707152460000.0,0.0,0.0,0.0,2.1313,0.0,0.0,2.2431,0.9998716981513472,1.0,1135.5649902939997,1000.0,1135.5649902939997,1000.0,0.0,0.0
858,1707156060000.0,0.0,0.0,0.0,2.1313,0.0,0.0,2.2679,0.9998716981513472,1.0,1135.5649902939997,1000.0,1135.5649902939997,1000.0,0.0,0.0
859,1707159660000.0,0.0,0.0,0.0,2.1313,0.0,0.0,2.2794,0.9998716981513472,1.0,1135.5649902939997,1000.0,1135.5649902939997,1000.0,0.0,0.0
860,1707163260000.0,0.0,0.0,0.0,2.1313,0.0,0.0,2.2688,0.9998716981513472,1.0,1135.5649902939997,1000.0,1135.5649902939997,1000.0,0.0,0.0
861,1707166860000.0,0.0,0.0,0.0,2.1313,0.0,0.0,2.2693,0.9998716981513472,1.0,1135.5649902939997,1000.0,1135.5649902939997,1000.0,0.0,0.0
862,1707170460000.0,0.0,0.0,0.0,2.1313,0.0,0.0,2.253,0.9998716981513472,1.0,1135.5649902939997,1000.0,1135.5649902939997,1000.0,0.0,0.0
863,1707174060000.0,0.0,0.0,0.0,2.1313,0.0,0.0,2.2426,0.9998716981513472,1.0,1135.5649902939997,1000.0,1135.5649902939997,1000.0,0.0,0.0
864,1707177660000.0,0.0,0.0,0.0,2.1313,0.0,0.0,2.308,0.9998716981513472,1.0,1135.5649902939997,1000.0,1135.5649902939997,1000.0,0.0,0.0
865,1707181260000.0,0.0,0.0,0.0,2.1313,0.0,0.0,2.315,0.9998716981513472,1.0,1135.5649902939997,1000.0,1135.5649902939997,1000.0,0.0,0.0
866,1707184860000.0,0.0,0.0,0.0,2.1313,0.0,0.0,2.2685,0.9998716981513472,1.0,1135.5649902939997,1000.0,1135.5649902939997,1000.0,0.0,0.0
867,1707188460000.0,0.0,0.0,0.0,2.1313,0.0,0.0,2.275,0.9998716981513472,1.0,1135.5649902939997,1000.0,1135.5649902939997,1000.0,0.0,0.0
868,1707192060000.0,0.0,0.0,0.0,2.1313,0.0,0.0,2.2558,0.9998716981513472,1.0,1135.5649902939997,1000.0,1135.5649902939997,1000.0,0.0,0.0
869,1707195660000.0,0.0,0.0,18.0,2.244,0.0,0.0,2.2622,0.9998716981513472,1.0,1135.5569118939998,1000.0,1135.8845118939998,1000.0,0.03557021191710245,0.0
870,1707199260000.0,0.0,0.0,1.9,2.244,0.0,0.0,2.2753,0.9998716981513472,1.0,1136.0084444439995,1000.0,1136.0679144439994,1000.0,0.0037531411151496756,0.0
871,1707202860000.0,0.0,0.0,0.8,2.244,0.0,0.0,2.2746,0.9998716981513472,1.0,1136.0475328459993,1000.0,1136.0720128459993,1000.0,0.0015802155702963484,0.0
872,1707206460000.0,0.0,0.0,0.0,2.244,0.0,0.0,2.2662,0.9998716981513472,1.0,1136.0751182159988,1000.0,1136.0751182159988,1000.0,0.0,0.0
873,1707210060000.0,0.0,0.0,18.0,2.2496,0.0,0.0,2.2427,0.9998716981513472,1.0,1136.0670196559988,1000.0,1135.9428196559988,1000.0,0.03564296762374215,0.0
874,1707213660000.0,0.0,0.0,18.0,2.2496,0.0,0.0,2.2578,0.9998716981513472,1.0,1136.0670196559988,1000.0,1136.2146196559988,1000.0,0.03564296762374215,0.0
875,1707217260000.0,0.0,0.0,36.3,2.2331652892561986,0.0,0.0,2.2195,0.9998716981513472,1.0,1136.058905435999,1000.0,1135.562855435999,1000.0,0.07135536688468556,0.0
876,1707220860000.0,0.0,0.0,36.3,2.2331652892561986,0.0,0.0,2.2285,0.9998716981513472,1.0,1136.058905435999,1000.0,1135.8895554359988,1000.0,0.07135536688468556,0.0
877,1707224460000.0,0.0,0.0,36.3,2.2331652892561986,0.0,0.0,2.2215,0.9998716981513472,1.0,1136.058905435999,1000.0,1135.635455435999,1000.0,0.07135536688468556,0.0
878,1707228060000.0,0.0,0.0,36.3,2.2331652892561986,0.0,0.0,2.2088,0.9998716981513472,1.0,1136.058905435999,1000.0,1135.174445435999,1000.0,0.07135536688468556,0.0
879,1707231660000.0,0.0,0.0,36.3,2.2331652892561986,0.0,0.0,2.2044,0.9998716981513472,1.0,1136.058905435999,1000.0,1135.0147254359988,1000.0,0.07135536688468556,0.0
880,1707235260000.0,0.0,0.0,36.3,2.2331652892561986,0.0,0.0,2.2159,0.9998716981513472,1.0,1136.058905435999,1000.0,1135.432175435999,1000.0,0.07135536688468556,0.0
881,1707238860000.0,0.0,0.0,36.3,2.2331652892561986,0.0,0.0,2.2071,0.9998716981513472,1.0,1136.058905435999,1000.0,1135.112735435999,1000.0,0.07135536688468556,0.0
882,1707242460000.0,0.0,0.0,36.3,2.2331652892561986,0.0,0.0,2.2201,0.9998716981513472,1.0,1136.058905435999,1000.0,1135.584635435999,1000.0,0.07135536688468556,0.0
883,1707246060000.0,0.0,0.0,36.3,2.2331652892561986,0.0,0.0,2.226,0.9998716981513472,1.0,1136.058905435999,1000.0,1135.798805435999,1000.0,0.07135536688468556,0.0
884,1707249660000.0,0.0,0.0,36.3,2.2331652892561986,0.0,0.0,2.2325,0.9998716981513472,1.0,1136.058905435999,1000.0,1136.034755435999,1000.0,0.07135536688468556,0.0
885,1707253260000.0,0.0,0.0,36.3,2.2331652892561986,0.0,0.0,2.218,0.9998716981513472,1.0,1136.058905435999,1000.0,1135.5084054359988,1000.0,0.07135536688468556,0.0
886,1707256860000.0,0.0,0.0,36.3,2.2331652892561986,0.0,0.0,2.2317,0.9998716981513472,1.0,1136.058905435999,1000.0,1136.0057154359988,1000.0,0.07135536688468556,0.0
887,1707260460000.0,0.0,0.0,30.3,2.2331652892561986,0.0,0.0,2.2222,0.9998716981513472,1.0,1136.2261999004616,1000.0,1135.8939516359987,1000.0,0.05955232177394833,0.0
888,1707264060000.0,0.0,0.0,48.7,2.2191233729869158,0.0,0.0,2.2002,0.9998716981513472,1.0,1136.2181186204616,1000.0,1135.2965503559988,1000.0,0.09511493127365149,0.0
889,1707267660000.0,0.0,0.0,14.5,2.2191233729869158,0.0,0.0,2.2486,0.9998716981513472,1.0,1137.3479114203092,1000.0,1137.7753225119989,1000.0,0.02829150920770373,0.0
890,1707271260000.0,0.0,0.0,8.5,2.2191233729869158,0.0,0.0,2.2469,0.9998716981513472,1.0,1137.5142744223874,1000.0,1137.7503757519987,1000.0,0.016582252279837895,0.0
891,1707274860000.0,0.0,0.0,4.2,2.2191233729869158,0.0,0.0,2.2359,0.9998716981513472,1.0,1137.6335012405439,1000.0,1137.703963073999,1000.0,0.00819272477153812,0.0
892,1707278460000.0,0.0,0.0,18.3,2.2185660200297836,0.0,0.0,2.2166,0.9998716981513472,1.0,1137.627245352544,1000.0,1137.591267185999,1000.0,0.03568810287587954,0.0
893,1707282060000.0,0.0,0.0,36.8,2.2023956023517677,0.0,0.0,2.1886,0.9998716981513472,1.0,1137.619155672544,1000.0,1137.111477505999,1000.0,0.07124366512502206,0.0
894,1707285660000.0,0.0,0.0,55.5,2.1892565435413527,0.0,0.0,2.1729,0.9998716981513472,1.0,1137.6110645565439,1000.0,1136.7032763899988,1000.0,0.10680604465983184,0.0
895,1707289260000.0,0.0,0.0,55.5,2.1892565435413527,0.0,0.0,2.1562,0.9998716981513472,1.0,1137.6110645565439,1000.0,1135.7764263899987,1000.0,0.10680604465983184,0.0
896,1707292860000.0,0.0,0.0,55.5,2.1892565435413527,0.0,0.0,2.1705,0.9998716981513472,1.0,1137.6110645565439,1000.0,1136.5700763899988,1000.0,0.10680604465983184,0.0
897,1707296460000.0,0.0,0.0,55.5,2.1892565435413527,0.0,0.0,2.1676,0.9998716981513472,1.0,1137.6110645565439,1000.0,1136.4091263899988,1000.0,0.10680604465983184,0.0
898,1707300060000.0,0.0,0.0,55.5,2.1892565435413527,0.0,0.0,2.1909,0.9998716981513472,1.0,1137.6110645565439,1000.0,1137.7022763899988,1000.0,0.10680604465983184,0.0
899,1707303660000.0,0.0,0.0,55.5,2.1892565435413527,0.0,0.0,2.1789,0.9998716981513472,1.0,1137.6110645565439,1000.0,1137.0362763899989,1000.0,0.10680604465983184,0.0
900,1707307260000.0,0.0,0.0,55.5,2.1892565435413527,0.0,0.0,2.1791,0.9998716981513472,1.0,1137.6110645565439,1000.0,1137.0473763899988,1000.0,0.10680604465983184,0.0
901,1707310860000.0,0.0,0.0,55.5,2.1892565435413527,0.0,0.0,2.191,0.9998716981513472,1.0,1137.6110645565439,1000.0,1137.7078263899987,1000.0,0.10680604465983184,0.0
902,1707314460000.0,0.0,0.0,55.5,2.1892565435413527,0.0,0.0,2.1983,0.9998716981513472,1.0,1137.6110645565439,1000.0,1138.1129763899987,1000.0,0.10680604465983184,0.0
903,1707318060000.0,0.0,0.0,55.5,2.1892565435413527,0.0,0.0,2.2105,0.9998716981513472,1.0,1137.6110645565439,1000.0,1138.7900763899988,1000.0,0.10680604465983184,0.0
904,1707321660000.0,0.0,0.0,17.9,2.1892565435413527,0.0,0.0,2.2332,0.9998716981513472,1.0,1138.9839073933892,1000.0,1139.770495263999,1000.0,0.03440583477520137,0.0
905,1707325260000.0,0.0,0.0,0.6,2.1892565435413527,0.0,0.0,2.2573,0.9998716981513472,1.0,1139.811647266124,1000.0,1139.8524733399993,1000.0,0.0011524306926283953,0.0
906,1707328860000.0,0.0,0.0,0.0,2.1892565435413527,0.0,0.0,2.2393,0.9998716981513472,1.0,1139.852262451999,1000.0,1139.852262451999,1000.0,0.0,0.0
907,1707332460000.0,0.0,0.0,0.0,2.1892565435413527,0.0,0.0,2.2399,0.9998716981513472,1.0,1139.852262451999,1000.0,1139.852262451999,1000.0,0.0,0.0
908,1707336060000.0,0.0,0.0,0.0,2.1892565435413527,0.0,0.0,2.2541,0.9998716981513472,1.0,1139.852262451999,1000.0,1139.852262451999,1000.0,0.0,0.0
909,1707339660000.0,0.0,0.0,0.0,2.1892565435413527,0.0,0.0,2.2798,0.9998716981513472,1.0,1139.852262451999,1000.0,1139.852262451999,1000.0,0.0,0.0
910,1707343260000.0,0.0,0.0,0.0,2.1892565435413527,0.0,0.0,2.3033,0.9998716981513472,1.0,1139.852262451999,1000.0,1139.852262451999,1000.0,0.0,0.0
911,1707346860000.0,0.0,0.0,0.0,2.1892565435413527,0.0,0.0,2.2997,0.9998716981513472,1.0,1139.852262451999,1000.0,1139.852262451999,1000.0,0.0,0.0
912,1707350460000.0,0.0,0.0,0.0,2.1892565435413527,0.0,0.0,2.3374,0.9998716981513472,1.0,1139.852262451999,1000.0,1139.852262451999,1000.0,0.0,0.0
913,1707354060000.0,0.0,0.0,0.0,2.1892565435413527,0.0,0.0,2.3507,0.9998716981513472,1.0,1139.852262451999,1000.0,1139.852262451999,1000.0,0.0,0.0
914,1707357660000.0,0.0,0.0,0.0,2.1892565435413527,0.0,0.0,2.3553,0.9998716981513472,1.0,1139.852262451999,1000.0,1139.852262451999,1000.0,0.0,0.0
915,1707361260000.0,0.0,0.0,0.0,2.1892565435413527,0.0,0.0,2.3305,0.9998716981513472,1.0,1139.852262451999,1000.0,1139.852262451999,1000.0,0.0,0.0
916,1707364860000.0,0.0,0.0,0.0,2.1892565435413527,0.0,0.0,2.3051,0.9998716981513472,1.0,1139.852262451999,1000.0,1139.852262451999,1000.0,0.0,0.0
917,1707368460000.0,0.0,0.0,0.0,2.1892565435413527,0.0,0.0,2.279,0.9998716981513472,1.0,1139.852262451999,1000.0,1139.852262451999,1000.0,0.0,0.0
918,1707372060000.0,0.0,0.0,17.9,2.2737,0.0,0.0,2.2782,0.9998716981513472,1.0,1139.844122605999,1000.0,1139.924672605999,1000.0,0.03570596118612279,0.0
919,1707375660000.0,0.0,0.0,17.9,2.2737,0.0,0.0,2.2721,0.9998716981513472,1.0,1139.844122605999,1000.0,1139.815482605999,1000.0,0.03570596118612279,0.0
920,1707379260000.0,0.0,0.0,17.9,2.2737,0.0,0.0,2.28,0.9998716981513472,1.0,1139.844122605999,1000.0,1139.956892605999,1000.0,0.03570596118612279,0.0
921,1707382860000.0,0.0,0.0,17.9,2.2737,0.0,0.0,2.302,0.9998716981513472,1.0,1139.844122605999,1000.0,1140.350692605999,1000.0,0.03570596118612279,0.0
922,1707386460000.0,0.0,0.0,15.0,2.2737,0.0,0.0,2.278,0.9998716981513472,1.0,1139.926597097999,1000.0,1139.991097097999,1000.0,0.029919031705045795,0.0
923,1707390060000.0,0.0,0.0,15.0,2.2737,0.0,0.0,2.2771,0.9998716981513472,1.0,1139.926597097999,1000.0,1139.977597097999,1000.0,0.029919031705045795,0.0
924,1707393660000.0,0.0,0.0,15.0,2.2737,0.0,0.0,2.2746,0.9998716981513472,1.0,1139.926597097999,1000.0,1139.9400970979991,1000.0,0.029919031705045795,0.0
925,1707397260000.0,0.0,0.0,15.0,2.2737,0.0,0.0,2.2698,0.9998716981513472,1.0,1139.926597097999,1000.0,1139.868097097999,1000.0,0.029919031705045795,0.0
926,1707400860000.0,0.0,0.0,15.0,2.2737,0.0,0.0,2.2793,0.9998716981513472,1.0,1139.926597097999,1000.0,1140.0105970979992,1000.0,0.029919031705045795,0.0
927,1707404460000.0,0.0,0.0,10.5,2.2737,0.0,0.0,2.3025,0.9998716981513472,1.0,1140.054574757999,1000.0,1140.356974757999,1000.0,0.02094097118558358,0.0
928,1707408060000.0,0.0,0.0,5.2,2.2737,0.0,0.0,2.2973,0.9998716981513472,1.0,1140.2053040019991,1000.0,1140.3280240019992,1000.0,0.010369395720666872,0.0
929,1707411660000.0,0.0,0.0,17.9,2.2721391061452514,0.0,0.0,2.2548,0.9998716981513472,1.0,1140.1995343919991,1000.0,1139.8891643919992,1000.0,0.03567032679213256,0.0
930,1707415260000.0,0.0,0.0,17.9,2.2721391061452514,0.0,0.0,2.2567,0.9998716981513472,1.0,1140.1995343919991,1000.0,1139.923174391999,1000.0,0.03567032679213256,0.0
931,1707418860000.0,0.0,0.0,17.9,2.2721391061452514,0.0,0.0,2.2532,0.9998716981513472,1.0,1140.1995343919991,1000.0,1139.8605243919992,1000.0,0.03567032679213256,0.0
932,1707422460000.0,0.0,0.0,17.9,2.2721391061452514,0.0,0.0,2.2529,0.9998716981513472,1.0,1140.1995343919991,1000.0,1139.8551543919991,1000.0,0.03567032679213256,0.0
933,1707426060000.0,0.0,0.0,17.9,2.2721391061452514,0.0,0.0,2.262,0.9998716981513472,1.0,1140.1995343919991,1000.0,1140.0180443919992,1000.0,0.03567032679213256,0.0
934,1707429660000.0,0.0,0.0,17.9,2.2721391061452514,0.0,0.0,2.2723,0.9998716981513472,1.0,1140.1995343919991,1000.0,1140.2024143919991,1000.0,0.03567032679213256,0.0
935,1707433260000.0,0.0,0.0,17.9,2.2721391061452514,0.0,0.0,2.2799,0.9998716981513472,1.0,1140.1995343919991,1000.0,1140.3384543919992,1000.0,0.03567032679213256,0.0
936,1707436860000.0,0.0,0.0,17.9,2.2721391061452514,0.0,0.0,2.2874,0.9998716981513472,1.0,1140.1995343919991,1000.0,1140.472704391999,1000.0,0.03567032679213256,0.0
937,1707440460000.0,0.0,0.0,0.0,2.2721391061452514,0.0,0.0,2.3675,0.9998716981513472,1.0,1140.9607962239988,1000.0,1140.9607962239988,1000.0,0.0,0.0
938,1707444060000.0,0.0,0.0,0.0,2.2721391061452514,0.0,0.0,2.3677,0.9998716981513472,1.0,1140.9607962239988,1000.0,1140.9607962239988,1000.0,0.0,0.0
939,1707447660000.0,0.0,0.0,0.0,2.2721391061452514,0.0,0.0,2.3717,0.9998716981513472,1.0,1140.9607962239988,1000.0,1140.9607962239988,1000.0,0.0,0.0
940,1707451260000.0,0.0,0.0,0.0,2.2721391061452514,0.0,0.0,2.3577,0.9998716981513472,1.0,1140.9607962239988,1000.0,1140.9607962239988,1000.0,0.0,0.0
941,1707454860000.0,0.0,0.0,0.0,2.2721391061452514,0.0,0.0,2.3685,0.9998716981513472,1.0,1140.9607962239988,1000.0,1140.9607962239988,1000.0,0.0,0.0
942,1707458460000.0,0.0,0.0,0.0,2.2721391061452514,0.0,0.0,2.3739,0.9998716981513472,1.0,1140.9607962239988,1000.0,1140.9607962239988,1000.0,0.0,0.0
943,1707462060000.0,0.0,0.0,0.0,2.2721391061452514,0.0,0.0,2.3907,0.9998716981513472,1.0,1140.9607962239988,1000.0,1140.9607962239988,1000.0,0.0,0.0
944,1707465660000.0,0.0,0.0,0.0,2.2721391061452514,0.0,0.0,2.3973,0.9998716981513472,1.0,1140.9607962239988,1000.0,1140.9607962239988,1000.0,0.0,0.0
945,1707469260000.0,0.0,0.0,0.0,2.2721391061452514,0.0,0.0,2.3872,0.9998716981513472,1.0,1140.9607962239988,1000.0,1140.9607962239988,1000.0,0.0,0.0
946,1707472860000.0,0.0,0.0,0.0,2.2721391061452514,0.0,0.0,2.376,0.9998716981513472,1.0,1140.9607962239988,1000.0,1140.9607962239988,1000.0,0.0,0.0
947,1707476460000.0,0.0,0.0,0.0,2.2721391061452514,0.0,0.0,2.3815,0.9998716981513472,1.0,1140.9607962239988,1000.0,1140.9607962239988,1000.0,0.0,0.0
948,1707480060000.0,0.0,0.0,0.0,2.2721391061452514,0.0,0.0,2.3938,0.9998716981513472,1.0,1140.9607962239988,1000.0,1140.9607962239988,1000.0,0.0,0.0
949,1707483660000.0,0.0,0.0,0.0,2.2721391061452514,0.0,0.0,2.3859,0.9998716981513472,1.0,1140.9607962239988,1000.0,1140.9607962239988,1000.0,0.0,0.0
950,1707487260000.0,0.0,0.0,0.0,2.2721391061452514,0.0,0.0,2.379,0.9998716981513472,1.0,1140.9607962239988,1000.0,1140.9607962239988,1000.0,0.0,0.0
951,1707490860000.0,0.0,0.0,17.3,2.3517,0.0,0.0,2.3518,0.9998716981513472,1.0,1140.952659341999,1000.0,1140.9543893419989,1000.0,0.03565828053151933,0.0
952,1707494460000.0,0.0,0.0,17.3,2.3517,0.0,0.0,2.3609,0.9998716981513472,1.0,1140.952659341999,1000.0,1141.1118193419989,1000.0,0.03565828053151933,0.0
953,1707498060000.0,0.0,0.0,17.3,2.3517,0.0,0.0,2.3666,0.9998716981513472,1.0,1140.952659341999,1000.0,1141.2104293419989,1000.0,0.03565828053151933,0.0
954,1707501660000.0,0.0,0.0,2.6,2.3517,0.0,0.0,2.3898,0.9998716981513472,1.0,1141.5153913919987,1000.0,1141.6144513919987,1000.0,0.005356406095010152,0.0
955,1707505260000.0,0.0,0.0,0.4,2.3517,0.0,0.0,2.3801,0.9998716981513472,1.0,1141.6114272259988,1000.0,1141.6227872259988,1000.0,0.0008239931535073699,0.0
956,1707508860000.0,0.0,0.0,0.0,2.3517,0.0,0.0,2.3968,0.9998716981513472,1.0,1141.624246487999,1000.0,1141.624246487999,1000.0,0.0,0.0
957,1707512460000.0,0.0,0.0,0.0,2.3517,0.0,0.0,2.4083,0.9998716981513472,1.0,1141.624246487999,1000.0,1141.624246487999,1000.0,0.0,0.0
958,1707516060000.0,0.0,0.0,0.0,2.3517,0.0,0.0,2.4417,0.9998716981513472,1.0,1141.624246487999,1000.0,1141.624246487999,1000.0,0.0,0.0
959,1707519660000.0,0.0,0.0,0.0,2.3517,0.0,0.0,2.4522,0.9998716981513472,1.0,1141.624246487999,1000.0,1141.624246487999,1000.0,0.0,0.0
960,1707523260000.0,0.0,0.0,0.0,2.3517,0.0,0.0,2.4655,0.9998716981513472,1.0,1141.624246487999,1000.0,1141.624246487999,1000.0,0.0,0.0
961,1707526860000.0,0.0,0.0,0.0,2.3517,0.0,0.0,2.4957,0.9998716981513472,1.0,1141.624246487999,1000.0,1141.624246487999,1000.0,0.0,0.0
962,1707530460000.0,0.0,0.0,0.0,2.3517,0.0,0.0,2.5485,0.9998716981513472,1.0,1141.624246487999,1000.0,1141.624246487999,1000.0,0.0,0.0
963,1707534060000.0,0.0,0.0,0.0,2.3517,0.0,0.0,2.5862,0.9998716981513472,1.0,1141.624246487999,1000.0,1141.624246487999,1000.0,0.0,0.0
964,1707537660000.0,0.0,0.0,0.0,2.3517,0.0,0.0,2.6461,0.9998716981513472,1.0,1141.624246487999,1000.0,1141.624246487999,1000.0,0.0,0.0
965,1707541260000.0,0.0,0.0,0.0,2.3517,0.0,0.0,2.6823,0.9998716981513472,1.0,1141.624246487999,1000.0,1141.624246487999,1000.0,0.0,0.0
966,1707544860000.0,0.0,0.0,0.0,2.3517,0.0,0.0,2.6973,0.9998716981513472,1.0,1141.624246487999,1000.0,1141.624246487999,1000.0,0.0,0.0
967,1707548460000.0,0.0,0.0,0.0,2.3517,0.0,0.0,2.7123,0.9998716981513472,1.0,1141.624246487999,1000.0,1141.624246487999,1000.0,0.0,0.0
968,1707552060000.0,0.0,0.0,0.0,2.3517,0.0,0.0,2.71,0.9998716981513472,1.0,1141.624246487999,1000.0,1141.624246487999,1000.0,0.0,0.0
969,1707555660000.0,0.0,0.0,0.0,2.3517,0.0,0.0,2.7103,0.9998716981513472,1.0,1141.624246487999,1000.0,1141.624246487999,1000.0,0.0,0.0
970,1707559260000.0,0.0,0.0,0.0,2.3517,0.0,0.0,2.7374,0.9998716981513472,1.0,1141.624246487999,1000.0,1141.624246487999,1000.0,0.0,0.0
971,1707562860000.0,0.0,0.0,0.0,2.3517,0.0,0.0,2.7465,0.9998716981513472,1.0,1141.624246487999,1000.0,1141.624246487999,1000.0,0.0,0.0
972,1707566460000.0,0.0,0.0,0.0,2.3517,0.0,0.0,2.7353,0.9998716981513472,1.0,1141.624246487999,1000.0,1141.624246487999,1000.0,0.0,0.0
973,1707570060000.0,0.0,0.0,0.0,2.3517,0.0,0.0,2.7144,0.9998716981513472,1.0,1141.624246487999,1000.0,1141.624246487999,1000.0,0.0,0.0
974,1707573660000.0,0.0,0.0,0.0,2.3517,0.0,0.0,2.7087,0.9998716981513472,1.0,1141.624246487999,1000.0,1141.624246487999,1000.0,0.0,0.0
975,1707577260000.0,0.0,0.0,0.0,2.3517,0.0,0.0,2.6691,0.9998716981513472,1.0,1141.624246487999,1000.0,1141.624246487999,1000.0,0.0,0.0
976,1707580860000.0,0.0,0.0,15.4,2.6422,0.0,0.0,2.663,0.9998716981513472,1.0,1141.616108511999,1000.0,1141.936428511999,1000.0,0.035642349207069136,0.0
977,1707584460000.0,0.0,0.0,0.0,2.6422,0.0,0.0,2.7217,0.9998716981513472,1.0,1142.3710978799988,1000.0,1142.3710978799988,1000.0,0.0,0.0
978,1707588060000.0,0.0,0.0,0.0,2.6422,0.0,0.0,2.7975,0.9998716981513472,1.0,1142.3710978799988,1000.0,1142.3710978799988,1000.0,0.0,0.0
979,1707591660000.0,0.0,0.0,0.0,2.6422,0.0,0.0,2.7384,0.9998716981513472,1.0,1142.3710978799988,1000.0,1142.3710978799988,1000.0,0.0,0.0
980,1707595260000.0,0.0,0.0,0.0,2.6422,0.0,0.0,2.751,0.9998716981513472,1.0,1142.3710978799988,1000.0,1142.3710978799988,1000.0,0.0,0.0
981,1707598860000.0,0.0,0.0,0.0,2.6422,0.0,0.0,2.767,0.9998716981513472,1.0,1142.3710978799988,1000.0,1142.3710978799988,1000.0,0.0,0.0
982,1707602460000.0,0.0,0.0,0.0,2.6422,0.0,0.0,2.7872,0.9998716981513472,1.0,1142.3710978799988,1000.0,1142.3710978799988,1000.0,0.0,0.0
983,1707606060000.0,0.0,0.0,0.0,2.6422,0.0,0.0,2.7929,0.9998716981513472,1.0,1142.3710978799988,1000.0,1142.3710978799988,1000.0,0.0,0.0
984,1707609660000.0,0.0,0.0,0.0,2.6422,0.0,0.0,2.7833,0.9998716981513472,1.0,1142.3710978799988,1000.0,1142.3710978799988,1000.0,0.0,0.0
985,1707613260000.0,0.0,0.0,0.0,2.6422,0.0,0.0,2.7375,0.9998716981513472,1.0,1142.3710978799988,1000.0,1142.3710978799988,1000.0,0.0,0.0
986,1707616860000.0,0.0,0.0,0.0,2.6422,0.0,0.0,2.7468,0.9998716981513472,1.0,1142.3710978799988,1000.0,1142.3710978799988,1000.0,0.0,0.0
987,1707620460000.0,0.0,0.0,0.0,2.6422,0.0,0.0,2.757,0.9998716981513472,1.0,1142.3710978799988,1000.0,1142.3710978799988,1000.0,0.0,0.0
988,1707624060000.0,0.0,0.0,0.0,2.6422,0.0,0.0,2.7509,0.9998716981513472,1.0,1142.3710978799988,1000.0,1142.3710978799988,1000.0,0.0,0.0
989,1707627660000.0,0.0,0.0,14.9,2.7257,0.0,0.0,2.7284,0.9998716981513472,1.0,1142.362975293999,1000.0,1142.403205293999,1000.0,0.03555168617885908,0.0
990,1707631260000.0,0.0,0.0,14.9,2.7257,0.0,0.0,2.7255,0.9998716981513472,1.0,1142.362975293999,1000.0,1142.359995293999,1000.0,0.03555168617885908,0.0
991,1707634860000.0,0.0,0.0,14.9,2.7257,0.0,0.0,2.7176,0.9998716981513472,1.0,1142.362975293999,1000.0,1142.242285293999,1000.0,0.03555168617885908,0.0
992,1707638460000.0,0.0,0.0,14.9,2.7257,0.0,0.0,2.6981,0.9998716981513472,1.0,1142.362975293999,1000.0,1141.951735293999,1000.0,0.03555168617885908,0.0
993,1707642060000.0,0.0,0.0,30.1,2.705753156146179,0.0,0.0,2.696,0.9998716981513472,1.0,1142.354809245999,1000.0,1142.0612392459989,1000.0,0.07129411049948293,0.0
994,1707645660000.0,0.0,0.0,30.1,2.705753156146179,0.0,0.0,2.6936,0.9998716981513472,1.0,1142.354809245999,1000.0,1141.988999245999,1000.0,0.07129411049948293,0.0
995,1707649260000.0,0.0,0.0,30.1,2.705753156146179,0.0,0.0,2.7093,0.9998716981513472,1.0,1142.354809245999,1000.0,1142.4615692459988,1000.0,0.07129411049948293,0.0
996,1707652860000.0,0.0,0.0,30.1,2.705753156146179,0.0,0.0,2.7019,0.9998716981513472,1.0,1142.354809245999,1000.0,1142.2388292459989,1000.0,0.07129411049948293,0.0
997,1707656460000.0,0.0,0.0,30.1,2.705753156146179,0.0,0.0,2.6848,0.9998716981513472,1.0,1142.354809245999,1000.0,1141.724119245999,1000.0,0.07129411049948293,0.0
998,1707660060000.0,0.0,0.0,30.1,2.705753156146179,0.0,0.0,2.6996,0.9998716981513472,1.0,1142.354809245999,1000.0,1142.1695992459988,1000.0,0.07129411049948293,0.0
999,1707663660000.0,0.0,0.0,30.1,2.705753156146179,0.0,0.0,2.7201,0.9998716981513472,1.0,1142.354809245999,1000.0,1142.786649245999,1000.0,0.07129411049948293,0.0
1000,1707667260000.0,0.0,0.0,30.1,2.705753156146179,0.0,0.0,2.7258,0.9998716981513472,1.0,1142.354809245999,1000.0,1142.9582192459989,1000.0,0.07129411049948293,0.0
1001,1707670860000.0,0.0,0.0,3.5,2.705753156146179,0.0,0.0,2.7497,0.9998716981513472,1.0,1143.3369213445103,1000.0,1143.4907352979988,1000.0,0.00828289183154795,0.0
1002,1707674460000.0,0.0,0.0,0.4,2.705753156146179,0.0,0.0,2.7647,0.9998716981513472,1.0,1143.4901680024575,1000.0,1143.513746739999,1000.0,0.0009464893470392706,0.0
1003,1707678060000.0,0.0,0.0,0.0,2.705753156146179,0.0,0.0,2.7798,0.9998716981513472,1.0,1143.5136455399995,1000.0,1143.5136455399995,1000.0,0.0,0.0
1004,1707681660000.0,0.0,0.0,0.0,2.705753156146179,0.0,0.0,2.7782,0.9998716981513472,1.0,1143.5136455399995,1000.0,1143.5136455399995,1000.0,0.0,0.0
1005,1707685260000.0,0.0,0.0,15.0,2.7223,0.0,0.0,2.7319,0.9998716981513472,1.0,1143.5054786399994,1000.0,1143.6494786399994,1000.0,0.035709929478051586,0.0
1006,1707688860000.0,0.0,0.0,2.1,2.7223,0.0,0.0,2.7599,0.9998716981513472,1.0,1143.9497148359994,1000.0,1144.0286748359995,1000.0,0.0049974486866492945,0.0
1007,1707692460000.0,0.0,0.0,0.1,2.7223,0.0,0.0,2.7631,0.9998716981513472,1.0,1144.0389978379997,1000.0,1144.0430778379996,1000.0,0.0002379551750547483,0.0
1008,1707696060000.0,0.0,0.0,0.0,2.7223,0.0,0.0,2.7548,0.9998716981513472,1.0,1144.0423927019997,1000.0,1144.0423927019997,1000.0,0.0,0.0
1009,1707699660000.0,0.0,0.0,0.0,2.7223,0.0,0.0,2.9291,0.9998716981513472,1.0,1144.0423927019997,1000.0,1144.0423927019997,1000.0,0.0,0.0
1010,1707703260000.0,0.0,0.0,0.0,2.7223,0.0,0.0,3.0203,0.9998716981513472,1.0,1144.0423927019997,1000.0,1144.0423927019997,1000.0,0.0,0.0
1011,1707706860000.0,0.0,0.0,0.0,2.7223,0.0,0.0,2.9604,0.9998716981513472,1.0,1144.0423927019997,1000.0,1144.0423927019997,1000.0,0.0,0.0
1012,1707710460000.0,0.0,0.0,0.0,2.7223,0.0,0.0,2.9638,0.9998716981513472,1.0,1144.0423927019997,1000.0,1144.0423927019997,1000.0,0.0,0.0
1013,1707714060000.0,0.0,0.0,0.0,2.7223,0.0,0.0,2.9435,0.9998716981513472,1.0,1144.0423927019997,1000.0,1144.0423927019997,1000.0,0.0,0.0
1014,1707717660000.0,0.0,0.0,0.0,2.7223,0.0,0.0,2.9752,0.9998716981513472,1.0,1144.0423927019997,1000.0,1144.0423927019997,1000.0,0.0,0.0
1015,1707721260000.0,0.0,0.0,0.0,2.7223,0.0,0.0,2.9682,0.9998716981513472,1.0,1144.0423927019997,1000.0,1144.0423927019997,1000.0,0.0,0.0
1016,1707724860000.0,0.0,0.0,0.0,2.7223,0.0,0.0,3.0059,0.9998716981513472,1.0,1144.0423927019997,1000.0,1144.0423927019997,1000.0,0.0,0.0
1017,1707728460000.0,0.0,0.0,0.0,2.7223,0.0,0.0,2.9932,0.9998716981513472,1.0,1144.0423927019997,1000.0,1144.0423927019997,1000.0,0.0,0.0
1018,1707732060000.0,0.0,0.0,0.0,2.7223,0.0,0.0,2.9542,0.9998716981513472,1.0,1144.0423927019997,1000.0,1144.0423927019997,1000.0,0.0,0.0
1019,1707735660000.0,0.0,0.0,0.0,2.7223,0.0,0.0,2.923,0.9998716981513472,1.0,1144.0423927019997,1000.0,1144.0423927019997,1000.0,0.0,0.0
1020,1707739260000.0,0.0,0.0,14.1,2.8994,0.0,0.0,2.9107,0.9998716981513472,1.0,1144.0342163939997,1000.0,1144.1935463939997,1000.0,0.035734543088106904,0.0
1021,1707742860000.0,0.0,0.0,14.1,2.8994,0.0,0.0,2.8992,0.9998716981513472,1.0,1144.0342163939997,1000.0,1144.0313963939998,1000.0,0.035734543088106904,0.0
1022,1707746460000.0,0.0,0.0,11.8,2.8994,0.0,0.0,2.9128,0.9998716981513472,1.0,1144.1175057419998,1000.0,1144.2756257419999,1000.0,0.029903327086855246,0.0
1023,1707750060000.0,0.0,0.0,9.9,2.8994,0.0,0.0,2.9208,0.9998716981513472,1.0,1144.1863099859997,1000.0,1144.3981699859996,1000.0,0.025086875930504033,0.0
1024,1707753660000.0,0.0,0.0,1.2,2.8994,0.0,0.0,2.9242,0.9998716981513472,1.0,1144.5306151459997,1000.0,1144.5603751459996,1000.0,0.0030399186827834855,0.0
1025,1707757260000.0,0.0,0.0,0.0,2.8994,0.0,0.0,3.0365,0.9998716981513472,1.0,1144.6127527199997,1000.0,1144.6127527199997,1000.0,0.0,0.0
1026,1707760860000.0,0.0,0.0,0.0,2.8994,0.0,0.0,3.0885,0.9998716981513472,1.0,1144.6127527199997,1000.0,1144.6127527199997,1000.0,0.0,0.0
1027,1707764460000.0,0.0,0.0,0.0,2.8994,0.0,0.0,3.1068,0.9998716981513472,1.0,1144.6127527199997,1000.0,1144.6127527199997,1000.0,0.0,0.0
1028,1707768060000.0,0.0,0.0,0.0,2.8994,0.0,0.0,3.0695,0.9998716981513472,1.0,1144.6127527199997,1000.0,1144.6127527199997,1000.0,0.0,0.0
1029,1707771660000.0,0.0,0.0,0.0,2.8994,0.0,0.0,3.0868,0.9998716981513472,1.0,1144.6127527199997,1000.0,1144.6127527199997,1000.0,0.0,0.0
1030,1707775260000.0,0.0,0.0,0.0,2.8994,0.0,0.0,3.0697,0.9998716981513472,1.0,1144.6127527199997,1000.0,1144.6127527199997,1000.0,0.0,0.0
1031,1707778860000.0,0.0,0.0,13.6,2.9926,0.0,0.0,2.9867,0.9998716981513472,1.0,1144.6046128479998,1000.0,1144.5243728479998,1000.0,0.03555757118498067,0.0
1032,1707782460000.0,0.0,0.0,27.4,2.9707416058394163,0.0,0.0,2.9393,0.9998716981513472,1.0,1144.5964730559997,1000.0,1143.7349730559997,1000.0,0.07111529863679526,0.0
1033,1707786060000.0,0.0,0.0,27.4,2.9707416058394163,0.0,0.0,2.953,0.9998716981513472,1.0,1144.5964730559997,1000.0,1144.1103530559997,1000.0,0.07111529863679526,0.0
1034,1707789660000.0,0.0,0.0,27.4,2.9707416058394163,0.0,0.0,2.9399,0.9998716981513472,1.0,1144.5964730559997,1000.0,1143.7514130559996,1000.0,0.07111529863679526,0.0
1035,1707793260000.0,0.0,0.0,27.4,2.9707416058394163,0.0,0.0,2.9426,0.9998716981513472,1.0,1144.5964730559997,1000.0,1143.8253930559997,1000.0,0.07111529863679526,0.0
1036,1707796860000.0,0.0,0.0,41.4,2.9529739130434782,0.0,0.0,2.9166,0.9998716981513472,1.0,1144.5883020959998,1000.0,1143.0824220959998,1000.0,0.10680968849334464,0.0
1037,1707800460000.0,0.0,0.0,41.4,2.9529739130434782,0.0,0.0,2.9395,0.9998716981513472,1.0,1144.5883020959998,1000.0,1144.0304820959998,1000.0,0.10680968849334464,0.0
1038,1707804060000.0,0.0,0.0,41.4,2.9529739130434782,0.0,0.0,2.9323,0.9998716981513472,1.0,1144.5883020959998,1000.0,1143.7324020959998,1000.0,0.10680968849334464,0.0
1039,1707807660000.0,0.0,0.0,41.4,2.9529739130434782,0.0,0.0,2.9202,0.9998716981513472,1.0,1144.5883020959998,1000.0,1143.2314620959999,1000.0,0.10680968849334464,0.0
1040,1707811260000.0,0.0,0.0,41.4,2.9529739130434782,0.0,0.0,2.9311,0.9998716981513472,1.0,1144.5883020959998,1000.0,1143.6827220959997,1000.0,0.10680968849334464,0.0
1041,1707814860000.0,0.0,0.0,41.4,2.9529739130434782,0.0,0.0,2.9463,0.9998716981513472,1.0,1144.5883020959998,1000.0,1144.3120020959998,1000.0,0.10680968849334464,0.0
1042,1707818460000.0,0.0,0.0,41.4,2.9529739130434782,0.0,0.0,2.923,0.9998716981513472,1.0,1144.5883020959998,1000.0,1143.3473820959998,1000.0,0.10680968849334464,0.0
1043,1707822060000.0,0.0,0.0,62.3,2.9322839486356345,0.0,0.0,2.8916,0.9998716981513472,1.0,1144.5762164619998,1000.0,1142.041606462,1000.0,0.15960605101920278,0.0
1044,1707825660000.0,0.0,0.0,62.3,2.9322839486356345,0.0,0.0,2.8968,0.9998716981513472,1.0,1144.5762164619998,1000.0,1142.3655664619998,1000.0,0.15960605101920278,0.0
1045,1707829260000.0,0.0,0.0,62.3,2.9322839486356345,0.0,0.0,2.914,0.9998716981513472,1.0,1144.5762164619998,1000.0,1143.4371264619997,1000.0,0.15960605101920278,0.0
1046,1707832860000.0,0.0,0.0,141.2,2.8751885977337115,0.0,0.0,2.8925,0.9998716981513472,1.0,1144.5315573939997,1000.0,1146.9759273939997,1000.0,0.3547098613203589,0.0
1047,1707836460000.0,0.0,0.0,81.8,2.8751885977337115,0.0,0.0,2.8945,0.9998716981513472,1.0,1146.6657436926173,1000.0,1148.2454163979996,1000.0,0.20510809587564016,0.0
1048,1707840060000.0,0.0,0.0,39.6,2.8751885977337115,0.0,0.0,2.8853,0.9998716981513472,1.0,1148.1819501202544,1000.0,1148.5823616499995,1000.0,0.09916326280719721,0.0
1049,1707843660000.0,0.0,0.0,14.1,2.8959585483093244,0.0,0.0,2.9161,0.9998716981513472,1.0,1150.015962211161,1000.0,1150.2999566799995,1000.0,0.03550647719067389,0.0
1050,1707847260000.0,0.0,0.0,0.0,2.8959585483093244,0.0,0.0,2.9868,0.9998716981513472,1.0,1150.6295656979999,1000.0,1150.6295656979999,1000.0,0.0,0.0
1051,1707850860000.0,0.0,0.0,0.0,2.8959585483093244,0.0,0.0,2.9794,0.9998716981513472,1.0,1150.6295656979999,1000.0,1150.6295656979999,1000.0,0.0,0.0
1052,1707854460000.0,0.0,0.0,0.0,2.8959585483093244,0.0,0.0,3.0149,0.9998716981513472,1.0,1150.6295656979999,1000.0,1150.6295656979999,1000.0,0.0,0.0
1053,1707858060000.0,0.0,0.0,0.0,2.8959585483093244,0.0,0.0,3.016,0.9998716981513472,1.0,1150.6295656979999,1000.0,1150.6295656979999,1000.0,0.0,0.0
1054,1707861660000.0,0.0,0.0,0.0,2.8959585483093244,0.0,0.0,2.9694,0.9998716981513472,1.0,1150.6295656979999,1000.0,1150.6295656979999,1000.0,0.0,0.0
1055,1707865260000.0,0.0,0.0,13.9,2.9417,0.0,0.0,2.9383,0.9998716981513472,1.0,1150.621387772,1000.0,1150.5741277719999,1000.0,0.035536998038230835,0.0
1056,1707868860000.0,0.0,0.0,13.9,2.9417,0.0,0.0,2.9547,0.9998716981513472,1.0,1150.621387772,1000.0,1150.8020877719998,1000.0,0.035536998038230835,0.0
1057,1707872460000.0,0.0,0.0,13.9,2.9417,0.0,0.0,2.9045,0.9998716981513472,1.0,1150.621387772,1000.0,1150.1043077719999,1000.0,0.035536998038230835,0.0
1058,1707876060000.0,0.0,0.0,28.0,2.920247857142857,0.0,0.0,2.8968,0.9998716981513472,1.0,1150.6132123099999,1000.0,1149.95667231,1000.0,0.07106379374511321,0.0
1059,1707879660000.0,0.0,0.0,28.0,2.920247857142857,0.0,0.0,2.8985,0.9998716981513472,1.0,1150.6132123099999,1000.0,1150.0042723099998,1000.0,0.07106379374511321,0.0
1060,1707883260000.0,0.0,0.0,28.0,2.920247857142857,0.0,0.0,2.9093,0.9998716981513472,1.0,1150.6132123099999,1000.0,1150.3066723099998,1000.0,0.07106379374511321,0.0
1061,1707886860000.0,0.0,0.0,28.0,2.920247857142857,0.0,0.0,2.9002,0.9998716981513472,1.0,1150.6132123099999,1000.0,1150.05187231,1000.0,0.07106379374511321,0.0
1062,1707890460000.0,0.0,0.0,28.0,2.920247857142857,0.0,0.0,2.9084,0.9998716981513472,1.0,1150.6132123099999,1000.0,1150.2814723099998,1000.0,0.07106379374511321,0.0
1063,1707894060000.0,0.0,0.0,28.0,2.920247857142857,0.0,0.0,2.907,0.9998716981513472,1.0,1150.6132123099999,1000.0,1150.2422723099999,1000.0,0.07106379374511321,0.0
1064,1707897660000.0,0.0,0.0,28.0,2.920247857142857,0.0,0.0,2.9411,0.9998716981513472,1.0,1150.6132123099999,1000.0,1151.1970723099998,1000.0,0.07106379374511321,0.0
1065,1707901260000.0,0.0,0.0,18.8,2.920247857142857,0.0,0.0,2.9653,0.9998716981513472,1.0,1151.0102782642855,1000.0,1151.8572585499999,1000.0,0.047697801445418436,0.0
1066,1707904860000.0,0.0,0.0,0.0,2.920247857142857,0.0,0.0,3.0094,0.9998716981513472,1.0,1152.2464489379997,1000.0,1152.2464489379997,1000.0,0.0,0.0
1067,1707908460000.0,0.0,0.0,0.0,2.920247857142857,0.0,0.0,3.0331,0.9998716981513472,1.0,1152.2464489379997,1000.0,1152.2464489379997,1000.0,0.0,0.0
1068,1707912060000.0,0.0,0.0,0.0,2.920247857142857,0.0,0.0,3.0016,0.9998716981513472,1.0,1152.2464489379997,1000.0,1152.2464489379997,1000.0,0.0,0.0
1069,1707915660000.0,0.0,0.0,0.0,2.920247857142857,0.0,0.0,2.9752,0.9998716981513472,1.0,1152.2464489379997,1000.0,1152.2464489379997,1000.0,0.0,0.0
1070,1707919260000.0,0.0,0.0,0.0,2.920247857142857,0.0,0.0,3.0066,0.9998716981513472,1.0,1152.2464489379997,1000.0,1152.2464489379997,1000.0,0.0,0.0
1071,1707922860000.0,0.0,0.0,0.0,2.920247857142857,0.0,0.0,3.0036,0.9998716981513472,1.0,1152.2464489379997,1000.0,1152.2464489379997,1000.0,0.0,0.0
1072,1707926460000.0,0.0,0.0,0.0,2.920247857142857,0.0,0.0,3.1093,0.9998716981513472,1.0,1152.2464489379997,1000.0,1152.2464489379997,1000.0,0.0,0.0
1073,1707930060000.0,0.0,0.0,0.0,2.920247857142857,0.0,0.0,3.1108,0.9998716981513472,1.0,1152.2464489379997,1000.0,1152.2464489379997,1000.0,0.0,0.0
1074,1707933660000.0,0.0,0.0,0.0,2.920247857142857,0.0,0.0,3.0955,0.9998716981513472,1.0,1152.2464489379997,1000.0,1152.2464489379997,1000.0,0.0,0.0
1075,1707937260000.0,0.0,0.0,0.0,2.920247857142857,0.0,0.0,3.2239,0.9998716981513472,1.0,1152.2464489379997,1000.0,1152.2464489379997,1000.0,0.0,0.0
1076,1707940860000.0,0.0,0.0,0.0,2.920247857142857,0.0,0.0,3.2156,0.9998716981513472,1.0,1152.2464489379997,1000.0,1152.2464489379997,1000.0,0.0,0.0
1077,1707944460000.0,0.0,0.0,0.0,2.920247857142857,0.0,0.0,3.2132,0.9998716981513472,1.0,1152.2464489379997,1000.0,1152.2464489379997,1000.0,0.0,0.0
1078,1707948060000.0,0.0,0.0,0.0,2.920247857142857,0.0,0.0,3.3662,0.9998716981513472,1.0,1152.2464489379997,1000.0,1152.2464489379997,1000.0,0.0,0.0
1079,1707951660000.0,0.0,0.0,0.0,2.920247857142857,0.0,0.0,3.3022,0.9998716981513472,1.0,1152.2464489379997,1000.0,1152.2464489379997,1000.0,0.0,0.0
1080,1707955260000.0,0.0,0.0,0.0,2.920247857142857,0.0,0.0,3.2875,0.9998716981513472,1.0,1152.2464489379997,1000.0,1152.2464489379997,1000.0,0.0,0.0
1081,1707958860000.0,0.0,0.0,0.0,2.920247857142857,0.0,0.0,3.3291,0.9998716981513472,1.0,1152.2464489379997,1000.0,1152.2464489379997,1000.0,0.0,0.0
1082,1707962460000.0,0.0,0.0,0.0,2.920247857142857,0.0,0.0,3.2708,0.9998716981513472,1.0,1152.2464489379997,1000.0,1152.2464489379997,1000.0,0.0,0.0
1083,1707966060000.0,0.0,0.0,0.0,2.920247857142857,0.0,0.0,3.242,0.9998716981513472,1.0,1152.2464489379997,1000.0,1152.2464489379997,1000.0,0.0,0.0
1084,1707969660000.0,0.0,0.0,0.0,2.920247857142857,0.0,0.0,3.2269,0.9998716981513472,1.0,1152.2464489379997,1000.0,1152.2464489379997,1000.0,0.0,0.0
1085,1707973260000.0,0.0,0.0,0.0,2.920247857142857,0.0,0.0,3.1905,0.9998716981513472,1.0,1152.2464489379997,1000.0,1152.2464489379997,1000.0,0.0,0.0
1086,1707976860000.0,0.0,0.0,12.9,3.1796,0.0,0.0,3.1859,0.9998716981513472,1.0,1152.2382455699997,1000.0,1152.3195155699996,1000.0,0.035597533893443556,0.0
1087,1707980460000.0,0.0,0.0,12.9,3.1796,0.0,0.0,3.1928,0.9998716981513472,1.0,1152.2382455699997,1000.0,1152.4085255699997,1000.0,0.035597533893443556,0.0
1088,1707984060000.0,0.0,0.0,7.5,3.1796,0.0,0.0,3.2259,0.9998716981513472,1.0,1152.4523880779996,1000.0,1152.7996380779996,1000.0,0.02069239497153613,0.0
1089,1707987660000.0,0.0,0.0,0.4,3.1796,0.0,0.0,3.2481,0.9998716981513472,1.0,1152.8248676320002,1000.0,1152.8522676320001,1000.0,0.0011032378253710532,0.0
1090,1707991260000.0,0.0,0.0,0.0,3.1796,0.0,0.0,3.2154,0.9998716981513472,1.0,1152.8524476960004,1000.0,1152.8524476960004,1000.0,0.0,0.0
1091,1707994860000.0,0.0,0.0,0.0,3.1796,0.0,0.0,3.229,0.9998716981513472,1.0,1152.8524476960004,1000.0,1152.8524476960004,1000.0,0.0,0.0
1092,1707998460000.0,0.0,0.0,0.0,3.1796,0.0,0.0,3.2042,0.9998716981513472,1.0,1152.8524476960004,1000.0,1152.8524476960004,1000.0,0.0,0.0
1093,1708002060000.0,0.0,0.0,26.0,3.169371923076923,0.0,0.0,3.1961,0.9998716981513472,1.0,1152.8359669620004,1000.0,1153.5308969620005,1000.0,0.07147909361047561,0.0
1094,1708005660000.0,0.0,0.0,26.0,3.169371923076923,0.0,0.0,3.1719,0.9998716981513472,1.0,1152.8359669620004,1000.0,1152.9016969620004,1000.0,0.07147909361047561,0.0
1095,1708009260000.0,0.0,0.0,12.6,3.169371923076923,0.0,0.0,3.2202,0.9998716981513472,1.0,1153.3664214647697,1000.0,1154.0068552340006,1000.0,0.03462393692721965,0.0
1096,1708012860000.0,0.0,0.0,12.6,3.169371923076923,0.0,0.0,3.1568,0.9998716981513472,1.0,1153.3664214647697,1000.0,1153.2080152340004,1000.0,0.03462393692721965,0.0
1097,1708016460000.0,0.0,0.0,12.6,3.169371923076923,0.0,0.0,3.1746,0.9998716981513472,1.0,1153.3664214647697,1000.0,1153.4322952340005,1000.0,0.03462393692721965,0.0
1098,1708020060000.0,0.0,0.0,12.6,3.169371923076923,0.0,0.0,3.159,0.9998716981513472,1.0,1153.3664214647697,1000.0,1153.2357352340005,1000.0,0.03462393692721965,0.0
1099,1708023660000.0,0.0,0.0,12.6,3.169371923076923,0.0,0.0,3.1694,0.9998716981513472,1.0,1153.3664214647697,1000.0,1153.3667752340004,1000.0,0.03462393692721965,0.0
1100,1708027260000.0,0.0,0.0,12.6,3.169371923076923,0.0,0.0,3.1627,0.9998716981513472,1.0,1153.3664214647697,1000.0,1153.2823552340005,1000.0,0.03462393692721965,0.0
1101,1708030860000.0,0.0,0.0,12.6,3.169371923076923,0.0,0.0,3.148,0.9998716981513472,1.0,1153.3664214647697,1000.0,1153.0971352340005,1000.0,0.03462393692721965,0.0
1102,1708034460000.0,0.0,0.0,12.6,3.169371923076923,0.0,0.0,3.1699,0.9998716981513472,1.0,1153.3664214647697,1000.0,1153.3730752340005,1000.0,0.03462393692721965,0.0
1103,1708038060000.0,0.0,0.0,12.6,3.169371923076923,0.0,0.0,3.1825,0.9998716981513472,1.0,1153.3664214647697,1000.0,1153.5318352340005,1000.0,0.03462393692721965,0.0
1104,1708041660000.0,0.0,0.0,8.8,3.169371923076923,0.0,0.0,3.1946,0.9998716981513472,1.0,1153.5168488610775,1000.0,1153.7388559380006,1000.0,0.02417864372819047,0.0
1105,1708045260000.0,0.0,0.0,0.7,3.169371923076923,0.0,0.0,3.1746,0.9998716981513472,1.0,1154.0023337581542,1000.0,1154.0059934120004,1000.0,0.001922492079308734,0.0
1106,1708048860000.0,0.0,0.0,10.9,3.1667492573964497,0.0,0.0,3.1727,0.9998716981513472,1.0,1154.0775135836216,1000.0,1154.1423766780003,1000.0,0.029909227499319305,0.0
1107,1708052460000.0,0.0,0.0,10.9,3.1667492573964497,0.0,0.0,3.1759,0.9998716981513472,1.0,1154.0775135836216,1000.0,1154.1772566780003,1000.0,0.029909227499319305,0.0
1108,1708056060000.0,0.0,0.0,10.9,3.1667492573964497,0.0,0.0,3.1742,0.9998716981513472,1.0,1154.0775135836216,1000.0,1154.1587266780002,1000.0,0.029909227499319305,0.0
1109,1708059660000.0,0.0,0.0,10.9,3.1667492573964497,0.0,0.0,3.1554,0.9998716981513472,1.0,1154.0775135836216,1000.0,1153.9538066780003,1000.0,0.029909227499319305,0.0
1110,1708063260000.0,0.0,0.0,10.9,3.1667492573964497,0.0,0.0,3.1728,0.9998716981513472,1.0,1154.0775135836216,1000.0,1154.1434666780003,1000.0,0.029909227499319305,0.0
1111,1708066860000.0,0.0,0.0,10.9,3.1667492573964497,0.0,0.0,3.1599,0.9998716981513472,1.0,1154.0775135836216,1000.0,1154.0028566780002,1000.0,0.029909227499319305,0.0
1112,1708070460000.0,0.0,0.0,24.1,3.142513149610842,0.0,0.0,3.1279,0.9998716981513472,1.0,1154.0692701836215,1000.0,1153.7170932780002,1000.0,0.06562393511575898,0.0
1113,1708074060000.0,0.0,0.0,24.1,3.142513149610842,0.0,0.0,3.1184,0.9998716981513472,1.0,1154.0692701836215,1000.0,1153.4881432780003,1000.0,0.06562393511575898,0.0
1114,1708077660000.0,0.0,0.0,37.4,3.1233052648561843,0.0,0.0,3.1161,0.9998716981513472,1.0,1154.0610547736214,1000.0,1153.791577868,1000.0,0.10121788307684887,0.0
1115,1708081260000.0,0.0,0.0,1.1,3.1233052648561843,0.0,0.0,3.2093,0.9998716981513472,1.0,1156.382399565342,1000.0,1156.4769937740002,1000.0,0.002971020479586321,0.0
1116,1708084860000.0,0.0,0.0,0.0,3.1233052648561843,0.0,0.0,3.1863,0.9998716981513472,1.0,1156.4884952860004,1000.0,1156.4884952860004,1000.0,0.0,0.0
1117,1708088460000.0,0.0,0.0,13.1,3.1489,0.0,0.0,3.1606,0.9998716981513472,1.0,1156.4802451680005,1000.0,1156.6335151680005,1000.0,0.035669083127319284,0.0
1118,1708092060000.0,0.0,0.0,13.1,3.1489,0.0,0.0,3.1413,0.9998716981513472,1.0,1156.4802451680005,1000.0,1156.3806851680006,1000.0,0.035669083127319284,0.0
1119,1708095660000.0,0.0,0.0,26.4,3.125927272727273,0.0,0.0,3.1021,0.9998716981513472,1.0,1156.4719903900004,1000.0,1155.8429503900004,1000.0,0.07135882294232655,0.0
1120,1708099260000.0,0.0,0.0,39.8,3.1072994974874373,0.0,0.0,3.1293,0.9998716981513472,1.0,1156.4637611820003,1000.0,1157.3393811820004,1000.0,0.10693851735881342,0.0
1121,1708102860000.0,0.0,0.0,19.3,3.1072994974874373,0.0,0.0,3.1393,0.9998716981513472,1.0,1157.2585700135076,1000.0,1157.876179712,1000.0,0.05182150459322808,0.0
1122,1708106460000.0,0.0,0.0,13.2,3.1141390322826257,0.0,0.0,3.1203,0.9998716981513472,1.0,1157.6362099481307,1000.0,1157.717534722,1000.0,0.035509113202300824,0.0
1123,1708110060000.0,0.0,0.0,13.2,3.1141390322826257,0.0,0.0,3.1391,0.9998716981513472,1.0,1157.6362099481307,1000.0,1157.965694722,1000.0,0.035509113202300824,0.0
1124,1708113660000.0,0.0,0.0,2.5,3.1141390322826257,0.0,0.0,3.1512,0.9998716981513472,1.0,1158.0963246707065,1000.0,1158.18897709,1000.0,0.006722538889776939,0.0
1125,1708117260000.0,0.0,0.0,13.2,3.128173115837452,0.0,0.0,3.1264,0.9998716981513472,1.0,1158.1565140830542,1000.0,1158.1331089539997,1000.0,0.03565311305246713,0.0
1126,1708120860000.0,0.0,0.0,13.2,3.128173115837452,0.0,0.0,3.128,0.9998716981513472,1.0,1158.1565140830542,1000.0,1158.1542289539998,1000.0,0.03565311305246713,0.0
1127,1708124460000.0,0.0,0.0,13.2,3.128173115837452,0.0,0.0,3.142,0.9998716981513472,1.0,1158.1565140830542,1000.0,1158.3390289539998,1000.0,0.03565311305246713,0.0
1128,1708128060000.0,0.0,0.0,13.2,3.128173115837452,0.0,0.0,3.1482,0.9998716981513472,1.0,1158.1565140830542,1000.0,1158.4208689539998,1000.0,0.03565311305246713,0.0
1129,1708131660000.0,0.0,0.0,13.2,3.127908535280648,0.0,0.0,3.1171,0.9998716981513472,1.0,1158.3103854597045,1000.0,1158.167712794,1000.0,0.03564536171305951,0.0
1130,1708135260000.0,0.0,0.0,26.6,3.105083934800923,0.0,0.0,3.078,0.9998716981513472,1.0,1158.3021240917046,1000.0,1157.5816914260001,1000.0,0.0713071580788756,0.0
1131,1708138860000.0,0.0,0.0,26.6,3.105083934800923,0.0,0.0,3.089,0.9998716981513472,1.0,1158.3021240917046,1000.0,1157.8742914260001,1000.0,0.0713071580788756,0.0
1132,1708142460000.0,0.0,0.0,26.6,3.105083934800923,0.0,0.0,3.0799,0.9998716981513472,1.0,1158.3021240917046,1000.0,1157.632231426,1000.0,0.0713071580788756,0.0
1133,1708146060000.0,0.0,0.0,26.6,3.105083934800923,0.0,0.0,3.1126,0.9998716981513472,1.0,1158.3021240917046,1000.0,1158.502051426,1000.0,0.0713071580788756,0.0
1134,1708149660000.0,0.0,0.0,26.6,3.105083934800923,0.0,0.0,3.093,0.9998716981513472,1.0,1158.3021240917046,1000.0,1157.980691426,1000.0,0.0713071580788756,0.0
1135,1708153260000.0,0.0,0.0,26.6,3.105083934800923,0.0,0.0,3.0815,0.9998716981513472,1.0,1158.3021240917046,1000.0,1157.6747914260002,1000.0,0.0713071580788756,0.0
1136,1708156860000.0,0.0,0.0,26.6,3.105083934800923,0.0,0.0,3.0733,0.9998716981513472,1.0,1158.3021240917046,1000.0,1157.4566714260002,1000.0,0.0713071580788756,0.0
1137,1708160460000.0,0.0,0.0,26.6,3.105083934800923,0.0,0.0,3.0735,0.9998716981513472,1.0,1158.3021240917046,1000.0,1157.4619914260002,1000.0,0.0713071580788756,0.0
1138,1708164060000.0,0.0,0.0,26.6,3.105083934800923,0.0,0.0,3.0748,0.9998716981513472,1.0,1158.3021240917046,1000.0,1157.4965714260002,1000.0,0.0713071580788756,0.0
1139,1708167660000.0,0.0,0.0,26.6,3.105083934800923,0.0,0.0,3.0969,0.9998716981513472,1.0,1158.3021240917046,1000.0,1158.084431426,1000.0,0.0713071580788756,0.0
1140,1708171260000.0,0.0,0.0,26.6,3.105083934800923,0.0,0.0,3.0843,0.9998716981513472,1.0,1158.3021240917046,1000.0,1157.7492714260002,1000.0,0.0713071580788756,0.0
1141,1708174860000.0,0.0,0.0,26.6,3.105083934800923,0.0,0.0,3.0975,0.9998716981513472,1.0,1158.3021240917046,1000.0,1158.100391426,1000.0,0.0713071580788756,0.0
1142,1708178460000.0,0.0,0.0,40.1,3.086573133808094,0.0,0.0,3.0347,0.9998716981513472,1.0,1158.2938888217047,1000.0,1156.2137761560002,1000.0,0.10685680366630738,0.0
1143,1708182060000.0,0.0,0.0,90.9,3.038563395662316,0.0,0.0,2.9843,0.9998716981513472,1.0,1158.2634020557045,1000.0,1153.3308593900001,1000.0,0.2384651126639163,0.0
1144,1708185660000.0,0.0,0.0,90.9,3.038563395662316,0.0,0.0,3.028,0.9998716981513472,1.0,1158.2634020557045,1000.0,1157.30318939,1000.0,0.2384651126639163,0.0
1145,1708189260000.0,0.0,0.0,90.9,3.038563395662316,0.0,0.0,3.0637,0.9998716981513472,1.0,1158.2634020557045,1000.0,1160.54831939,1000.0,0.2384651126639163,0.0
1146,1708192860000.0,0.0,0.0,22.6,3.038563395662316,0.0,0.0,3.0849,0.9998716981513472,1.0,1161.1529590259681,1000.0,1162.2001662839998,1000.0,0.059140815349231324,0.0
1147,1708196460000.0,0.0,0.0,4.2,3.038563395662316,0.0,0.0,3.0915,0.9998716981513472,1.0,1162.154448057782,1000.0,1162.3767817960004,1000.0,0.010981299674161043,0.0
1148,1708200060000.0,0.0,0.0,0.9,3.038563395662316,0.0,0.0,3.1085,0.9998716981513472,1.0,1162.3355767660964,1000.0,1162.3985197100003,1000.0,0.002352768951376944,0.0
1149,1708203660000.0,0.0,0.0,0.5,3.038563395662316,0.0,0.0,3.0882,0.9998716981513472,1.0,1162.3591435598316,1000.0,1162.3839618620004,1000.0,0.0013070673605906505,0.0
1150,1708207260000.0,0.0,0.0,0.0,3.038563395662316,0.0,0.0,3.13,0.9998716981513472,1.0,1162.394900792001,1000.0,1162.394900792001,1000.0,0.0,0.0
1151,1708210860000.0,0.0,0.0,0.0,3.038563395662316,0.0,0.0,3.1415,0.9998716981513472,1.0,1162.394900792001,1000.0,1162.394900792001,1000.0,0.0,0.0
1152,1708214460000.0,0.0,0.0,0.0,3.038563395662316,0.0,0.0,3.172,0.9998716981513472,1.0,1162.394900792001,1000.0,1162.394900792001,1000.0,0.0,0.0
1153,1708218060000.0,0.0,0.0,0.0,3.038563395662316,0.0,0.0,3.1049,0.9998716981513472,1.0,1162.394900792001,1000.0,1162.394900792001,1000.0,0.0,0.0
1154,1708221660000.0,0.0,0.0,13.4,3.0887,0.0,0.0,3.0726,0.9998716981513472,1.0,1162.386623076001,1000.0,1162.1708830760008,1000.0,0.03560655222483051,0.0
1155,1708225260000.0,0.0,0.0,13.4,3.0887,0.0,0.0,3.0834,0.9998716981513472,1.0,1162.386623076001,1000.0,1162.3156030760008,1000.0,0.03560655222483051,0.0
1156,1708228860000.0,0.0,0.0,13.4,3.0887,0.0,0.0,3.1129,0.9998716981513472,1.0,1162.386623076001,1000.0,1162.710903076001,1000.0,0.03560655222483051,0.0
1157,1708232460000.0,0.0,0.0,3.4,3.0887,0.0,0.0,3.1492,0.9998716981513472,1.0,1162.8362544960005,1000.0,1163.0419544960005,1000.0,0.009031004975461158,0.0
1158,1708236060000.0,0.0,0.0,0.0,3.0887,0.0,0.0,3.1852,0.9998716981513472,1.0,1163.0938222360005,1000.0,1163.0938222360005,1000.0,0.0,0.0
1159,1708239660000.0,0.0,0.0,0.0,3.0887,0.0,0.0,3.164,0.9998716981513472,1.0,1163.0938222360005,1000.0,1163.0938222360005,1000.0,0.0,0.0
1160,1708243260000.0,0.0,0.0,0.0,3.0887,0.0,0.0,3.1631,0.9998716981513472,1.0,1163.0938222360005,1000.0,1163.0938222360005,1000.0,0.0,0.0
1161,1708246860000.0,0.0,0.0,0.0,3.0887,0.0,0.0,3.1689,0.9998716981513472,1.0,1163.0938222360005,1000.0,1163.0938222360005,1000.0,0.0,0.0
1162,1708250460000.0,0.0,0.0,0.0,3.0887,0.0,0.0,3.2088,0.9998716981513472,1.0,1163.0938222360005,1000.0,1163.0938222360005,1000.0,0.0,0.0
1163,1708254060000.0,0.0,0.0,0.0,3.0887,0.0,0.0,3.2201,0.9998716981513472,1.0,1163.0938222360005,1000.0,1163.0938222360005,1000.0,0.0,0.0
1164,1708257660000.0,0.0,0.0,0.0,3.0887,0.0,0.0,3.1992,0.9998716981513472,1.0,1163.0938222360005,1000.0,1163.0938222360005,1000.0,0.0,0.0
1165,1708261260000.0,0.0,0.0,0.0,3.0887,0.0,0.0,3.1925,0.9998716981513472,1.0,1163.0938222360005,1000.0,1163.0938222360005,1000.0,0.0,0.0
1166,1708264860000.0,0.0,0.0,0.0,3.0887,0.0,0.0,3.2016,0.9998716981513472,1.0,1163.0938222360005,1000.0,1163.0938222360005,1000.0,0.0,0.0
1167,1708268460000.0,0.0,0.0,0.0,3.0887,0.0,0.0,3.2479,0.9998716981513472,1.0,1163.0938222360005,1000.0,1163.0938222360005,1000.0,0.0,0.0
1168,1708272060000.0,0.0,0.0,0.0,3.0887,0.0,0.0,3.3089,0.9998716981513472,1.0,1163.0938222360005,1000.0,1163.0938222360005,1000.0,0.0,0.0
1169,1708275660000.0,0.0,0.0,0.0,3.0887,0.0,0.0,3.3844,0.9998716981513472,1.0,1163.0938222360005,1000.0,1163.0938222360005,1000.0,0.0,0.0
1170,1708279260000.0,0.0,0.0,0.0,3.0887,0.0,0.0,3.391,0.9998716981513472,1.0,1163.0938222360005,1000.0,1163.0938222360005,1000.0,0.0,0.0
1171,1708282860000.0,0.0,0.0,0.0,3.0887,0.0,0.0,3.4304,0.9998716981513472,1.0,1163.0938222360005,1000.0,1163.0938222360005,1000.0,0.0,0.0
1172,1708286460000.0,0.0,0.0,0.0,3.0887,0.0,0.0,3.4855,0.9998716981513472,1.0,1163.0938222360005,1000.0,1163.0938222360005,1000.0,0.0,0.0
1173,1708290060000.0,0.0,0.0,0.0,3.0887,0.0,0.0,3.4492,0.9998716981513472,1.0,1163.0938222360005,1000.0,1163.0938222360005,1000.0,0.0,0.0
1174,1708293660000.0,0.0,0.0,0.0,3.0887,0.0,0.0,3.4086,0.9998716981513472,1.0,1163.0938222360005,1000.0,1163.0938222360005,1000.0,0.0,0.0
1175,1708297260000.0,0.0,0.0,0.0,3.0887,0.0,0.0,3.4112,0.9998716981513472,1.0,1163.0938222360005,1000.0,1163.0938222360005,1000.0,0.0,0.0
1176,1708300860000.0,0.0,0.0,0.0,3.0887,0.0,0.0,3.3528,0.9998716981513472,1.0,1163.0938222360005,1000.0,1163.0938222360005,1000.0,0.0,0.0
1177,1708304460000.0,0.0,0.0,0.0,3.0887,0.0,0.0,3.3461,0.9998716981513472,1.0,1163.0938222360005,1000.0,1163.0938222360005,1000.0,0.0,0.0
1178,1708308060000.0,0.0,0.0,0.0,3.0887,0.0,0.0,3.378,0.9998716981513472,1.0,1163.0938222360005,1000.0,1163.0938222360005,1000.0,0.0,0.0
1179,1708311660000.0,0.0,0.0,0.0,3.0887,0.0,0.0,3.3514,0.9998716981513472,1.0,1163.0938222360005,1000.0,1163.0938222360005,1000.0,0.0,0.0
1180,1708315260000.0,0.0,0.0,0.0,3.0887,0.0,0.0,3.349,0.9998716981513472,1.0,1163.0938222360005,1000.0,1163.0938222360005,1000.0,0.0,0.0
1181,1708318860000.0,0.0,0.0,0.0,3.0887,0.0,0.0,3.346,0.9998716981513472,1.0,1163.0938222360005,1000.0,1163.0938222360005,1000.0,0.0,0.0
1182,1708322460000.0,0.0,0.0,12.5,3.3241,0.0,0.0,3.3415,0.9998716981513472,1.0,1163.0855119860005,1000.0,1163.3030119860005,1000.0,0.035725017268119955,0.0
1183,1708326060000.0,0.0,0.0,2.1,3.3241,0.0,0.0,3.3445,0.9998716981513472,1.0,1163.6336468260001,1000.0,1163.6764868260002,1000.0,0.005998975724912002,0.0
1184,1708329660000.0,0.0,0.0,2.1,3.3241,0.0,0.0,3.3405,0.9998716981513472,1.0,1163.6336468260001,1000.0,1163.668086826,1000.0,0.005998975724912002,0.0
1185,1708333260000.0,0.0,0.0,12.5,3.3251816000000005,0.0,0.0,3.3148,0.9998716981513472,1.0,1163.6267299940002,1000.0,1163.4969599940002,1000.0,0.03572001994163053,0.0
1186,1708336860000.0,0.0,0.0,12.5,3.3251816000000005,0.0,0.0,3.325,0.9998716981513472,1.0,1163.6267299940002,1000.0,1163.6244599940003,1000.0,0.03572001994163053,0.0
1187,1708340460000.0,0.0,0.0,12.5,3.3251816000000005,0.0,0.0,3.3238,0.9998716981513472,1.0,1163.6267299940002,1000.0,1163.6094599940002,1000.0,0.03572001994163053,0.0
1188,1708344060000.0,0.0,0.0,12.5,3.3251816000000005,0.0,0.0,3.314,0.9998716981513472,1.0,1163.6267299940002,1000.0,1163.4869599940002,1000.0,0.03572001994163053,0.0
1189,1708347660000.0,0.0,0.0,12.5,3.3251816000000005,0.0,0.0,3.2987,0.9998716981513472,1.0,1163.6267299940002,1000.0,1163.2957099940002,1000.0,0.03572001994163053,0.0
1190,1708351260000.0,0.0,0.0,12.5,3.3251816000000005,0.0,0.0,3.3006,0.9998716981513472,1.0,1163.6267299940002,1000.0,1163.3194599940002,1000.0,0.03572001994163053,0.0
1191,1708354860000.0,0.0,0.0,12.5,3.3251816000000005,0.0,0.0,3.3377,0.9998716981513472,1.0,1163.6267299940002,1000.0,1163.7832099940003,1000.0,0.03572001994163053,0.0
1192,1708358460000.0,0.0,0.0,12.5,3.3251816000000005,0.0,0.0,3.3476,0.9998716981513472,1.0,1163.6267299940002,1000.0,1163.9069599940003,1000.0,0.03572001994163053,0.0
1193,1708362060000.0,0.0,0.0,25.2,3.3008996031746034,0.0,0.0,3.2819,0.9998716981513472,1.0,1163.6184064140002,1000.0,1163.139616414,1000.0,0.0714862102055858,0.0
1194,1708365660000.0,0.0,0.0,25.2,3.3008996031746034,0.0,0.0,3.2995,0.9998716981513472,1.0,1163.6184064140002,1000.0,1163.5831364140001,1000.0,0.0714862102055858,0.0
1195,1708369260000.0,0.0,0.0,25.2,3.3008996031746034,0.0,0.0,3.3117,0.9998716981513472,1.0,1163.6184064140002,1000.0,1163.8905764140002,1000.0,0.0714862102055858,0.0
1196,1708372860000.0,0.0,0.0,25.2,3.3008996031746034,0.0,0.0,3.3219,0.9998716981513472,1.0,1163.6184064140002,1000.0,1164.1476164140001,1000.0,0.0714862102055858,0.0
1197,1708376460000.0,0.0,0.0,25.2,3.3008996031746034,0.0,0.0,3.3217,0.9998716981513472,1.0,1163.6184064140002,1000.0,1164.1425764140001,1000.0,0.0714862102055858,0.0
1198,1708380060000.0,0.0,0.0,21.0,3.3008996031746034,0.0,0.0,3.3352,0.9998716981513472,1.0,1163.791580128667,1000.0,1164.5118884620003,1000.0,0.05956297746973121,0.0
1199,1708383660000.0,0.0,0.0,14.6,3.3008996031746034,0.0,0.0,3.3333,0.9998716981513472,1.0,1164.0554638843494,1000.0,1164.528509678,1000.0,0.041401063524527444,0.0
1200,1708387260000.0,0.0,0.0,27.4,3.27777570096165,0.0,0.0,3.2716,0.9998716981513472,1.0,1164.0471403003494,1000.0,1163.8779260940003,1000.0,0.07715413843392632,0.0
1201,1708390860000.0,0.0,0.0,27.4,3.27777570096165,0.0,0.0,3.233,0.9998716981513472,1.0,1164.0471403003494,1000.0,1162.8202860940003,1000.0,0.07715413843392632,0.0
1202,1708394460000.0,0.0,0.0,41.2,3.2577872380181847,0.0,0.0,3.249,0.9998716981513472,1.0,1164.0382583443493,1000.0,1163.6762241380002,1000.0,0.11530620513904416,0.0
1203,1708398060000.0,0.0,0.0,41.2,3.2577872380181847,0.0,0.0,3.2904,0.9998716981513472,1.0,1164.0382583443493,1000.0,1165.381904138,1000.0,0.11530620513904416,0.0
1204,1708401660000.0,0.0,0.0,41.2,3.2577872380181847,0.0,0.0,3.2443,0.9998716981513472,1.0,1164.0382583443493,1000.0,1163.482584138,1000.0,0.11530620513904416,0.0
1205,1708405260000.0,0.0,0.0,14.0,3.2577872380181847,0.0,0.0,3.2947,0.9998716981513472,1.0,1165.1440183662548,1000.0,1165.6607970340003,1000.0,0.039144535450825024,0.0
1206,1708408860000.0,0.0,0.0,3.5,3.2577872380181847,0.0,0.0,3.3312,0.9998716981513472,1.0,1165.7328418570637,1000.0,1165.989786524,1000.0,0.009781190787161278,0.0
1207,1708412460000.0,0.0,0.0,0.0,3.2577872380181847,0.0,0.0,3.3689,0.9998716981513472,1.0,1166.032595654,1000.0,1166.032595654,1000.0,0.0,0.0
1208,1708416060000.0,0.0,0.0,0.0,3.2577872380181847,0.0,0.0,3.3827,0.9998716981513472,1.0,1166.032595654,1000.0,1166.032595654,1000.0,0.0,0.0
1209,1708419660000.0,0.0,0.0,0.0,3.2577872380181847,0.0,0.0,3.3637,0.9998716981513472,1.0,1166.032595654,1000.0,1166.032595654,1000.0,0.0,0.0
1210,1708423260000.0,0.0,0.0,0.0,3.2577872380181847,0.0,0.0,3.3763,0.9998716981513472,1.0,1166.032595654,1000.0,1166.032595654,1000.0,0.0,0.0
1211,1708426860000.0,0.0,0.0,0.0,3.2577872380181847,0.0,0.0,3.4934,0.9998716981513472,1.0,1166.032595654,1000.0,1166.032595654,1000.0,0.0,0.0
1212,1708430460000.0,0.0,0.0,0.0,3.2577872380181847,0.0,0.0,3.5342,0.9998716981513472,1.0,1166.032595654,1000.0,1166.032595654,1000.0,0.0,0.0
1213,1708434060000.0,0.0,0.0,0.0,3.2577872380181847,0.0,0.0,3.5287,0.9998716981513472,1.0,1166.032595654,1000.0,1166.032595654,1000.0,0.0,0.0
1214,1708437660000.0,0.0,0.0,0.0,3.2577872380181847,0.0,0.0,3.5298,0.9998716981513472,1.0,1166.032595654,1000.0,1166.032595654,1000.0,0.0,0.0
1215,1708441260000.0,0.0,0.0,0.0,3.2577872380181847,0.0,0.0,3.4481,0.9998716981513472,1.0,1166.032595654,1000.0,1166.032595654,1000.0,0.0,0.0
1216,1708444860000.0,0.0,0.0,0.6,3.3719999999999994,0.0,0.0,3.4703,0.9998716981513472,1.0,1167.1338429640002,1000.0,1167.1928229640002,1000.0,0.0017334772804308137,0.0
1217,1708448460000.0,0.0,0.0,12.2,3.403,0.0,0.0,3.3954,0.9998716981513472,1.0,1167.183413346,1000.0,1167.0906933459999,1000.0,0.035569902318079646,0.0
1218,1708452060000.0,0.0,0.0,14.3,3.3781495934959347,0.0,0.0,3.4294,0.9998716981513472,1.0,1167.609408096992,1000.0,1168.34228891,1000.0,0.04137303010064391,0.0
1219,1708455660000.0,0.0,0.0,12.2,3.3936761028921767,0.0,0.0,3.3822,0.9998716981513472,1.0,1168.2426808332848,1000.0,1168.1026723780003,1000.0,0.03544028063223363,0.0
1220,1708459260000.0,0.0,0.0,5.1,3.3936761028921767,0.0,0.0,3.4466,0.9998716981513472,1.0,1168.6231544087505,1000.0,1168.8930662840003,1000.0,0.014810375833693563,0.0
1221,1708462860000.0,0.0,0.0,0.0,3.3936761028921767,0.0,0.0,3.4705,0.9998716981513472,1.0,1169.0220642440001,1000.0,1169.0220642440001,1000.0,0.0,0.0
1222,1708466460000.0,0.0,0.0,0.0,3.3936761028921767,0.0,0.0,3.4779,0.9998716981513472,1.0,1169.0220642440001,1000.0,1169.0220642440001,1000.0,0.0,0.0
1223,1708470060000.0,0.0,0.0,0.0,3.3936761028921767,0.0,0.0,3.5384,0.9998716981513472,1.0,1169.0220642440001,1000.0,1169.0220642440001,1000.0,0.0,0.0
1224,1708473660000.0,0.0,0.0,0.0,3.3936761028921767,0.0,0.0,3.5548,0.9998716981513472,1.0,1169.0220642440001,1000.0,1169.0220642440001,1000.0,0.0,0.0
1225,1708477260000.0,0.0,0.0,12.1,3.4389,0.0,0.0,3.4253,0.9998716981513472,1.0,1169.013742106,1000.0,1168.8491821060002,1000.0,0.035594697052095864,0.0
1226,1708480860000.0,0.0,0.0,12.1,3.4389,0.0,0.0,3.4229,0.9998716981513472,1.0,1169.013742106,1000.0,1168.820142106,1000.0,0.035594697052095864,0.0
1227,1708484460000.0,0.0,0.0,12.1,3.4389,0.0,0.0,3.4159,0.9998716981513472,1.0,1169.013742106,1000.0,1168.7354421060002,1000.0,0.035594697052095864,0.0
1228,1708488060000.0,0.0,0.0,12.1,3.4389,0.0,0.0,3.4115,0.9998716981513472,1.0,1169.013742106,1000.0,1168.6822021060002,1000.0,0.035594697052095864,0.0
1229,1708491660000.0,0.0,0.0,24.4,3.4137959016393444,0.0,0.0,3.3731,0.9998716981513472,1.0,1169.00540492,1000.0,1168.01242492,1000.0,0.0712542642227564,0.0
1230,1708495260000.0,0.0,0.0,36.8,3.3934451086956523,0.0,0.0,3.3508,0.9998716981513472,1.0,1168.9970884880001,1000.0,1167.4277484880001,1000.0,0.10682556973817638,0.0
1231,1708498860000.0,0.0,0.0,55.4,3.369659566787004,0.0,0.0,3.3111,0.9998716981513472,1.0,1168.984728416,1000.0,1165.740528416,1000.0,0.15969339501376922,0.0
1232,1708502460000.0,0.0,0.0,55.4,3.369659566787004,0.0,0.0,3.3008,0.9998716981513472,1.0,1168.984728416,1000.0,1165.169908416,1000.0,0.15969339501376922,0.0
1233,1708506060000.0,0.0,0.0,55.4,3.369659566787004,0.0,0.0,3.3397,0.9998716981513472,1.0,1168.984728416,1000.0,1167.324968416,1000.0,0.15969339501376922,0.0
1234,1708509660000.0,0.0,0.0,83.4,3.3406995203836933,0.0,0.0,3.2995,0.9998716981513472,1.0,1168.966341376,1000.0,1165.530301376,1000.0,0.23834248270317243,0.0
1235,1708513260000.0,0.0,0.0,83.4,3.3406995203836933,0.0,0.0,3.3185,0.9998716981513472,1.0,1168.966341376,1000.0,1167.1149013759998,1000.0,0.23834248270317243,0.0
1236,1708516860000.0,0.0,0.0,83.4,3.3406995203836933,0.0,0.0,3.28,0.9998716981513472,1.0,1168.966341376,1000.0,1163.904001376,1000.0,0.23834248270317243,0.0
1237,1708520460000.0,0.0,0.0,83.4,3.3406995203836933,0.0,0.0,3.3331,0.9998716981513472,1.0,1168.966341376,1000.0,1168.3325413759999,1000.0,0.23834248270317243,0.0
1238,1708524060000.0,0.0,0.0,83.4,3.3406995203836933,0.0,0.0,3.2922,0.9998716981513472,1.0,1168.966341376,1000.0,1164.921481376,1000.0,0.23834248270317243,0.0
1239,1708527660000.0,0.0,0.0,125.5,3.3041011952191237,0.0,0.0,3.2374,0.9998716981513472,1.0,1168.939131304,1000.0,1160.568131304,1000.0,0.3547359215679814,0.0
1240,1708531260000.0,0.0,0.0,125.5,3.3041011952191237,0.0,0.0,3.2679,0.9998716981513472,1.0,1168.939131304,1000.0,1164.395881304,1000.0,0.3547359215679814,0.0
1241,1708534860000.0,0.0,0.0,125.5,3.3041011952191237,0.0,0.0,3.264,0.9998716981513472,1.0,1168.939131304,1000.0,1163.906431304,1000.0,0.3547359215679814,0.0
1242,1708538460000.0,0.0,0.0,125.5,3.3041011952191237,0.0,0.0,3.2039,0.9998716981513472,1.0,1168.939131304,1000.0,1156.363881304,1000.0,0.3547359215679814,0.0
1243,1708542060000.0,0.0,0.0,125.5,3.3041011952191237,0.0,0.0,3.1874,0.9998716981513472,1.0,1168.939131304,1000.0,1154.293131304,1000.0,0.3547359215679814,0.0
1244,1708545660000.0,0.0,0.0,125.5,3.3041011952191237,0.0,0.0,3.209,0.9998716981513472,1.0,1168.939131304,1000.0,1157.003931304,1000.0,0.3547359215679814,0.0
1245,1708549260000.0,0.0,0.0,125.5,3.3041011952191237,0.0,0.0,3.2286,0.9998716981513472,1.0,1168.939131304,1000.0,1159.463731304,1000.0,0.3547359215679814,0.0
1246,1708552860000.0,0.0,0.0,125.5,3.3041011952191237,0.0,0.0,3.3356,0.9998716981513472,1.0,1168.939131304,1000.0,1172.892231304,1000.0,0.3547359215679814,0.0
1247,1708556460000.0,0.0,0.0,104.6,3.3041011952191237,0.0,0.0,3.3065,0.9998716981513472,1.0,1169.8008300439205,1000.0,1170.0517450240002,1000.0,0.2954425882967995,0.0
1248,1708560060000.0,0.0,0.0,32.4,3.3041011952191237,0.0,0.0,3.3446,0.9998716981513472,1.0,1173.0526724850997,1000.0,1174.36483376,1000.0,0.09126007828643296,0.0
1249,1708563660000.0,0.0,0.0,0.0,3.3041011952191237,0.0,0.0,3.4152,0.9998716981513472,1.0,1175.3016290200003,1000.0,1175.3016290200003,1000.0,0.0,0.0
1250,1708567260000.0,0.0,0.0,0.0,3.3041011952191237,0.0,0.0,3.4095,0.9998716981513472,1.0,1175.3016290200003,1000.0,1175.3016290200003,1000.0,0.0,0.0
1251,1708570860000.0,0.0,0.0,0.0,3.3041011952191237,0.0,0.0,3.3995,0.9998716981513472,1.0,1175.3016290200003,1000.0,1175.3016290200003,1000.0,0.0,0.0
1252,1708574460000.0,0.0,0.0,0.0,3.3041011952191237,0.0,0.0,3.4241,0.9998716981513472,1.0,1175.3016290200003,1000.0,1175.3016290200003,1000.0,0.0,0.0
1253,1708578060000.0,0.0,0.0,0.0,3.3041011952191237,0.0,0.0,3.4048,0.9998716981513472,1.0,1175.3016290200003,1000.0,1175.3016290200003,1000.0,0.0,0.0
1254,1708581660000.0,0.0,0.0,0.0,3.3041011952191237,0.0,0.0,3.3847,0.9998716981513472,1.0,1175.3016290200003,1000.0,1175.3016290200003,1000.0,0.0,0.0
1255,1708585260000.0,0.0,0.0,0.0,3.3041011952191237,0.0,0.0,3.4807,0.9998716981513472,1.0,1175.3016290200003,1000.0,1175.3016290200003,1000.0,0.0,0.0
1256,1708588860000.0,0.0,0.0,0.0,3.3041011952191237,0.0,0.0,3.5131,0.9998716981513472,1.0,1175.3016290200003,1000.0,1175.3016290200003,1000.0,0.0,0.0
1257,1708592460000.0,0.0,0.0,0.0,3.3041011952191237,0.0,0.0,3.4898,0.9998716981513472,1.0,1175.3016290200003,1000.0,1175.3016290200003,1000.0,0.0,0.0
1258,1708596060000.0,0.0,0.0,0.0,3.3041011952191237,0.0,0.0,3.4301,0.9998716981513472,1.0,1175.3016290200003,1000.0,1175.3016290200003,1000.0,0.0,0.0
1259,1708599660000.0,0.0,0.0,12.4,3.3864,0.0,0.0,3.3905,0.9998716981513472,1.0,1175.2932307480003,1000.0,1175.3440707480004,1000.0,0.035728411345715944,0.0
1260,1708603260000.0,0.0,0.0,12.4,3.3864,0.0,0.0,3.3881,0.9998716981513472,1.0,1175.2932307480003,1000.0,1175.3143107480003,1000.0,0.035728411345715944,0.0
1261,1708606860000.0,0.0,0.0,12.4,3.3864,0.0,0.0,3.3617,0.9998716981513472,1.0,1175.2932307480003,1000.0,1174.9869507480003,1000.0,0.035728411345715944,0.0
1262,1708610460000.0,0.0,0.0,25.0,3.3616536,0.0,0.0,3.3239,0.9998716981513472,1.0,1175.2848207520003,1000.0,1174.3409807520004,1000.0,0.07150721128707044,0.0
1263,1708614060000.0,0.0,0.0,25.0,3.3616536,0.0,0.0,3.3451,0.9998716981513472,1.0,1175.2848207520003,1000.0,1174.8709807520004,1000.0,0.07150721128707044,0.0
1264,1708617660000.0,0.0,0.0,25.0,3.3616536,0.0,0.0,3.3575,0.9998716981513472,1.0,1175.2848207520003,1000.0,1175.1809807520003,1000.0,0.07150721128707044,0.0
1265,1708621260000.0,0.0,0.0,25.0,3.3616536,0.0,0.0,3.3234,0.9998716981513472,1.0,1175.2848207520003,1000.0,1174.3284807520004,1000.0,0.07150721128707044,0.0
1266,1708624860000.0,0.0,0.0,25.0,3.3616536,0.0,0.0,3.3347,0.9998716981513472,1.0,1175.2848207520003,1000.0,1174.6109807520004,1000.0,0.07150721128707044,0.0
1267,1708628460000.0,0.0,0.0,25.0,3.3616536,0.0,0.0,3.3373,0.9998716981513472,1.0,1175.2848207520003,1000.0,1174.6759807520002,1000.0,0.07150721128707044,0.0
1268,1708632060000.0,0.0,0.0,25.0,3.3616536,0.0,0.0,3.3137,0.9998716981513472,1.0,1175.2848207520003,1000.0,1174.0859807520003,1000.0,0.07150721128707044,0.0
1269,1708635660000.0,0.0,0.0,25.0,3.3616536,0.0,0.0,3.3107,0.9998716981513472,1.0,1175.2848207520003,1000.0,1174.0109807520003,1000.0,0.07150721128707044,0.0
1270,1708639260000.0,0.0,0.0,56.7,3.3181712522045848,0.0,0.0,3.2946,0.9998716981513472,1.0,1175.2640009580005,1000.0,1173.9275109580005,1000.0,0.1600834449507855,0.0
1271,1708642860000.0,0.0,0.0,56.7,3.3181712522045848,0.0,0.0,3.2709,0.9998716981513472,1.0,1175.2640009580005,1000.0,1172.5837209580004,1000.0,0.1600834449507855,0.0
1272,1708646460000.0,0.0,0.0,56.7,3.3181712522045848,0.0,0.0,3.2393,0.9998716981513472,1.0,1175.2640009580005,1000.0,1170.7920009580005,1000.0,0.1600834449507855,0.0
1273,1708650060000.0,0.0,0.0,85.3,3.2896479484173504,0.0,0.0,3.2801,0.9998716981513472,1.0,1175.2455076260005,1000.0,1174.4310676260006,1000.0,0.23876455445196887,0.0
1274,1708653660000.0,0.0,0.0,85.3,3.2896479484173504,0.0,0.0,3.256,0.9998716981513472,1.0,1175.2455076260005,1000.0,1172.3753376260006,1000.0,0.23876455445196887,0.0
1275,1708657260000.0,0.0,0.0,85.3,3.2896479484173504,0.0,0.0,3.209,0.9998716981513472,1.0,1175.2455076260005,1000.0,1168.3662376260006,1000.0,0.23876455445196887,0.0
1276,1708660860000.0,0.0,0.0,85.3,3.2896479484173504,0.0,0.0,3.2033,0.9998716981513472,1.0,1175.2455076260005,1000.0,1167.8800276260006,1000.0,0.23876455445196887,0.0
1277,1708664460000.0,0.0,0.0,85.3,3.2896479484173504,0.0,0.0,3.2002,0.9998716981513472,1.0,1175.2455076260005,1000.0,1167.6155976260006,1000.0,0.23876455445196887,0.0
1278,1708668060000.0,0.0,0.0,85.3,3.2896479484173504,0.0,0.0,3.203,0.9998716981513472,1.0,1175.2455076260005,1000.0,1167.8544376260006,1000.0,0.23876455445196887,0.0
1279,1708671660000.0,0.0,0.0,85.3,3.2896479484173504,0.0,0.0,3.2206,0.9998716981513472,1.0,1175.2455076260005,1000.0,1169.3557176260006,1000.0,0.23876455445196887,0.0
1280,1708675260000.0,0.0,0.0,128.4,3.253547352024922,0.0,0.0,3.1942,0.9998716981513472,1.0,1175.2180779240005,1000.0,1167.5978779240004,1000.0,0.3554706040073488,0.0
1281,1708678860000.0,0.0,0.0,128.4,3.253547352024922,0.0,0.0,3.1535,0.9998716981513472,1.0,1175.2180779240005,1000.0,1162.3719979240004,1000.0,0.3554706040073488,0.0
1282,1708682460000.0,0.0,0.0,128.4,3.253547352024922,0.0,0.0,3.1665,0.9998716981513472,1.0,1175.2180779240005,1000.0,1164.0411979240005,1000.0,0.3554706040073488,0.0
1283,1708686060000.0,0.0,0.0,128.4,3.253547352024922,0.0,0.0,3.1603,0.9998716981513472,1.0,1175.2180779240005,1000.0,1163.2451179240004,1000.0,0.3554706040073488,0.0
1284,1708689660000.0,0.0,0.0,128.4,3.253547352024922,0.0,0.0,3.1599,0.9998716981513472,1.0,1175.2180779240005,1000.0,1163.1937579240005,1000.0,0.3554706040073488,0.0
1285,1708693260000.0,0.0,0.0,128.4,3.253547352024922,0.0,0.0,3.1408,0.9998716981513472,1.0,1175.2180779240005,1000.0,1160.7413179240004,1000.0,0.3554706040073488,0.0
1286,1708696860000.0,0.0,0.0,128.4,3.253547352024922,0.0,0.0,3.1523,0.9998716981513472,1.0,1175.2180779240005,1000.0,1162.2179179240004,1000.0,0.3554706040073488,0.0
1287,1708700460000.0,0.0,0.0,128.4,3.253547352024922,0.0,0.0,3.1544,0.9998716981513472,1.0,1175.2180779240005,1000.0,1162.4875579240004,1000.0,0.3554706040073488,0.0
1288,1708704060000.0,0.0,0.0,193.3,3.2063924987066734,0.0,0.0,3.1324,0.9998716981513472,1.0,1175.1776698860006,1000.0,1160.8749198860005,1000.0,0.5274059283819815,0.0
1289,1708707660000.0,0.0,0.0,193.3,3.2063924987066734,0.0,0.0,3.1432,0.9998716981513472,1.0,1175.1776698860006,1000.0,1162.9625598860007,1000.0,0.5274059283819815,0.0
1290,1708711260000.0,0.0,0.0,193.3,3.2063924987066734,0.0,0.0,3.1333,0.9998716981513472,1.0,1175.1776698860006,1000.0,1161.0488898860006,1000.0,0.5274059283819815,0.0
1291,1708714860000.0,0.0,0.0,193.3,3.2063924987066734,0.0,0.0,3.0992,0.9998716981513472,1.0,1175.1776698860006,1000.0,1154.4573598860006,1000.0,0.5274059283819815,0.0
1292,1708718460000.0,0.0,0.0,193.3,3.2063924987066734,0.0,0.0,3.0944,0.9998716981513472,1.0,1175.1776698860006,1000.0,1153.5295198860006,1000.0,0.5274059283819815,0.0
1293,1708722060000.0,0.0,0.0,193.3,3.2063924987066734,0.0,0.0,3.099,0.9998716981513472,1.0,1175.1776698860006,1000.0,1154.4186998860007,1000.0,0.5274059283819815,0.0
1294,1708725660000.0,0.0,0.0,193.3,3.2063924987066734,0.0,0.0,3.0828,0.9998716981513472,1.0,1175.1776698860006,1000.0,1151.2872398860006,1000.0,0.5274059283819815,0.0
1295,1708729260000.0,0.0,0.0,193.3,3.2063924987066734,0.0,0.0,3.0331,0.9998716981513472,1.0,1175.1776698860006,1000.0,1141.6802298860007,1000.0,0.5274059283819815,0.0
1296,1708732860000.0,0.0,0.0,290.9,3.1433861464420767,0.0,0.0,3.0465,0.9998716981513472,1.0,1175.1187468140006,1000.0,1146.9345668140004,1000.0,0.7781435131378551,0.0
1297,1708736460000.0,0.0,0.0,290.9,3.1433861464420767,0.0,0.0,3.0584,0.9998716981513472,1.0,1175.1187468140006,1000.0,1150.3962768140004,1000.0,0.7781435131378551,0.0
1298,1708740060000.0,0.0,0.0,290.9,3.1433861464420767,0.0,0.0,2.9774,0.9998716981513472,1.0,1175.1187468140006,1000.0,1126.8333768140005,1000.0,0.7781435131378551,0.0
1299,1708743660000.0,0.0,0.0,290.9,3.1433861464420767,0.0,0.0,2.9926,0.9998716981513472,1.0,1175.1187468140006,1000.0,1131.2550568140005,1000.0,0.7781435131378551,0.0
1300,1708747260000.0,0.0,0.0,290.9,3.1433861464420767,0.0,0.0,3.008,0.9998716981513472,1.0,1175.1187468140006,1000.0,1135.7349168140004,1000.0,0.7781435131378551,0.0
1301,1708750860000.0,0.0,0.0,290.9,3.1433861464420767,0.0,0.0,3.0389,0.9998716981513472,1.0,1175.1187468140006,1000.0,1144.7237268140004,1000.0,0.7781435131378551,0.0
1302,1708754460000.0,0.0,0.0,290.9,3.1433861464420767,0.0,0.0,3.064,0.9998716981513472,1.0,1175.1187468140006,1000.0,1152.0253168140005,1000.0,0.7781435131378551,0.0
1303,1708758060000.0,0.0,0.0,290.9,3.1433861464420767,0.0,0.0,3.0803,0.9998716981513472,1.0,1175.1187468140006,1000.0,1156.7669868140003,1000.0,0.7781435131378551,0.0
1304,1708761660000.0,0.0,0.0,290.9,3.1433861464420767,0.0,0.0,3.0905,0.9998716981513472,1.0,1175.1187468140006,1000.0,1159.7341668140004,1000.0,0.7781435131378551,0.0
1305,1708765260000.0,0.0,0.0,290.9,3.1433861464420767,0.0,0.0,3.0744,0.9998716981513472,1.0,1175.1187468140006,1000.0,1155.0506768140003,1000.0,0.7781435131378551,0.0
1306,1708768860000.0,0.0,0.0,290.9,3.1433861464420767,0.0,0.0,3.064,0.9998716981513472,1.0,1175.1187468140006,1000.0,1152.0253168140005,1000.0,0.7781435131378551,0.0
1307,1708772460000.0,0.0,0.0,290.9,3.1433861464420767,0.0,0.0,3.0784,0.9998716981513472,1.0,1175.1187468140006,1000.0,1156.2142768140004,1000.0,0.7781435131378551,0.0
1308,1708776060000.0,0.0,0.0,290.9,3.1433861464420767,0.0,0.0,3.105,0.9998716981513472,1.0,1175.1187468140006,1000.0,1163.9522168140004,1000.0,0.7781435131378551,0.0
1309,1708779660000.0,0.0,0.0,290.9,3.1433861464420767,0.0,0.0,3.1109,0.9998716981513472,1.0,1175.1187468140006,1000.0,1165.6685268140004,1000.0,0.7781435131378551,0.0
1310,1708783260000.0,0.0,0.0,290.9,3.1433861464420767,0.0,0.0,3.1242,0.9998716981513472,1.0,1175.1187468140006,1000.0,1169.5374968140004,1000.0,0.7781435131378551,0.0
1311,1708786860000.0,0.0,0.0,290.9,3.1433861464420767,0.0,0.0,3.1445,0.9998716981513472,1.0,1175.1187468140006,1000.0,1175.4427668140004,1000.0,0.7781435131378551,0.0
1312,1708790460000.0,0.0,0.0,242.5,3.1433861464420767,0.0,0.0,3.1855,0.9998716981513472,1.0,1177.0197629822042,1000.0,1187.2323724700007,1000.0,0.647628157560281,0.0
1313,1708794060000.0,0.0,0.0,17.5,3.1433861464420767,0.0,0.0,3.1445,0.9998716981513472,1.0,1190.5164994727363,1000.0,1190.53599191,1000.0,0.046206211830830735,0.0
1314,1708797660000.0,0.0,0.0,17.5,3.1433861464420767,0.0,0.0,3.1252,0.9998716981513472,1.0,1190.5164994727363,1000.0,1190.19824191,1000.0,0.046206211830830735,0.0
1315,1708801260000.0,0.0,0.0,31.2,3.122051844959498,0.0,0.0,3.0862,0.9998716981513472,1.0,1190.5080197207362,1000.0,1189.3894421579998,1000.0,0.08182054715228701,0.0
1316,1708804860000.0,0.0,0.0,31.2,3.122051844959498,0.0,0.0,3.0989,0.9998716981513472,1.0,1190.5080197207362,1000.0,1189.7856821579999,1000.0,0.08182054715228701,0.0
1317,1708808460000.0,0.0,0.0,31.2,3.122051844959498,0.0,0.0,3.1093,0.9998716981513472,1.0,1190.5080197207362,1000.0,1190.1101621579999,1000.0,0.08182054715228701,0.0
1318,1708812060000.0,0.0,0.0,31.2,3.122051844959498,0.0,0.0,3.1007,0.9998716981513472,1.0,1190.5080197207362,1000.0,1189.841842158,1000.0,0.08182054715228701,0.0
1319,1708815660000.0,0.0,0.0,31.2,3.122051844959498,0.0,0.0,3.0815,0.9998716981513472,1.0,1190.5080197207362,1000.0,1189.242802158,1000.0,0.08182054715228701,0.0
1320,1708819260000.0,0.0,0.0,31.2,3.122051844959498,0.0,0.0,3.0828,0.9998716981513472,1.0,1190.5080197207362,1000.0,1189.2833621579998,1000.0,0.08182054715228701,0.0
1321,1708822860000.0,0.0,0.0,47.0,3.1025029268667303,0.0,0.0,3.0701,0.9998716981513472,1.0,1190.4983377967362,1000.0,1188.9754002339998,1000.0,0.12248453688108635,0.0
1322,1708826460000.0,0.0,0.0,47.0,3.1025029268667303,0.0,0.0,3.0936,0.9998716981513472,1.0,1190.4983377967362,1000.0,1190.079900234,1000.0,0.12248453688108635,0.0
1323,1708830060000.0,0.0,0.0,47.0,3.1025029268667303,0.0,0.0,3.0594,0.9998716981513472,1.0,1190.4983377967362,1000.0,1188.4725002339999,1000.0,0.12248453688108635,0.0
1324,1708833660000.0,0.0,0.0,47.0,3.1025029268667303,0.0,0.0,3.0527,0.9998716981513472,1.0,1190.4983377967362,1000.0,1188.1576002339998,1000.0,0.12248453688108635,0.0
1325,1708837260000.0,0.0,0.0,70.7,3.079338296502635,0.0,0.0,3.0435,0.9998716981513472,1.0,1190.4839594807363,1000.0,1187.950191918,1000.0,0.1828745493200063,0.0
1326,1708840860000.0,0.0,0.0,70.7,3.079338296502635,0.0,0.0,3.0531,0.9998716981513472,1.0,1190.4839594807363,1000.0,1188.628911918,1000.0,0.1828745493200063,0.0
1327,1708844460000.0,0.0,0.0,70.7,3.079338296502635,0.0,0.0,3.0882,0.9998716981513472,1.0,1190.4839594807363,1000.0,1191.110481918,1000.0,0.1828745493200063,0.0
1328,1708848060000.0,0.0,0.0,70.7,3.079338296502635,0.0,0.0,3.0983,0.9998716981513472,1.0,1190.4839594807363,1000.0,1191.824551918,1000.0,0.1828745493200063,0.0
1329,1708851660000.0,0.0,0.0,70.7,3.079338296502635,0.0,0.0,3.0764,0.9998716981513472,1.0,1190.4839594807363,1000.0,1190.276221918,1000.0,0.1828745493200063,0.0
1330,1708855260000.0,0.0,0.0,70.7,3.079338296502635,0.0,0.0,3.0951,0.9998716981513472,1.0,1190.4839594807363,1000.0,1191.598311918,1000.0,0.1828745493200063,0.0
1331,1708858860000.0,0.0,0.0,70.7,3.079338296502635,0.0,0.0,3.0751,0.9998716981513472,1.0,1190.4839594807363,1000.0,1190.184311918,1000.0,0.1828745493200063,0.0
1332,1708862460000.0,0.0,0.0,70.7,3.079338296502635,0.0,0.0,3.0865,0.9998716981513472,1.0,1190.4839594807363,1000.0,1190.990291918,1000.0,0.1828745493200063,0.0
1333,1708866060000.0,0.0,0.0,70.7,3.079338296502635,0.0,0.0,3.1028,0.9998716981513472,1.0,1190.4839594807363,1000.0,1192.142701918,1000.0,0.1828745493200063,0.0
1334,1708869660000.0,0.0,0.0,70.7,3.079338296502635,0.0,0.0,3.0843,0.9998716981513472,1.0,1190.4839594807363,1000.0,1190.834751918,1000.0,0.1828745493200063,0.0
1335,1708873260000.0,0.0,0.0,12.7,3.079338296502635,0.0,0.0,3.1495,0.9998716981513472,1.0,1193.4992576335837,1000.0,1194.3903112680002,1000.0,0.032767172761484775,0.0
1336,1708876860000.0,0.0,0.0,0.0,3.079338296502635,0.0,0.0,3.1325,0.9998716981513472,1.0,1194.555796834,1000.0,1194.555796834,1000.0,0.0,0.0
1337,1708880460000.0,0.0,0.0,0.0,3.079338296502635,0.0,0.0,3.1218,0.9998716981513472,1.0,1194.555796834,1000.0,1194.555796834,1000.0,0.0,0.0
1338,1708884060000.0,0.0,0.0,0.0,3.079338296502635,0.0,0.0,3.1726,0.9998716981513472,1.0,1194.555796834,1000.0,1194.555796834,1000.0,0.0,0.0
1339,1708887660000.0,0.0,0.0,0.0,3.079338296502635,0.0,0.0,3.156,0.9998716981513472,1.0,1194.555796834,1000.0,1194.555796834,1000.0,0.0,0.0
1340,1708891260000.0,0.0,0.0,0.0,3.079338296502635,0.0,0.0,3.1602,0.9998716981513472,1.0,1194.555796834,1000.0,1194.555796834,1000.0,0.0,0.0
1341,1708894860000.0,0.0,0.0,0.0,3.079338296502635,0.0,0.0,3.1934,0.9998716981513472,1.0,1194.555796834,1000.0,1194.555796834,1000.0,0.0,0.0
1342,1708898460000.0,0.0,0.0,0.0,3.079338296502635,0.0,0.0,3.1856,0.9998716981513472,1.0,1194.555796834,1000.0,1194.555796834,1000.0,0.0,0.0
1343,1708902060000.0,0.0,0.0,0.0,3.079338296502635,0.0,0.0,3.2158,0.9998716981513472,1.0,1194.555796834,1000.0,1194.555796834,1000.0,0.0,0.0
1344,1708905660000.0,0.0,0.0,0.0,3.079338296502635,0.0,0.0,3.2043,0.9998716981513472,1.0,1194.555796834,1000.0,1194.555796834,1000.0,0.0,0.0
1345,1708909260000.0,0.0,0.0,0.0,3.079338296502635,0.0,0.0,3.2623,0.9998716981513472,1.0,1194.555796834,1000.0,1194.555796834,1000.0,0.0,0.0
1346,1708912860000.0,0.0,0.0,0.0,3.079338296502635,0.0,0.0,3.2772,0.9998716981513472,1.0,1194.555796834,1000.0,1194.555796834,1000.0,0.0,0.0
1347,1708916460000.0,0.0,0.0,0.0,3.079338296502635,0.0,0.0,3.306,0.9998716981513472,1.0,1194.555796834,1000.0,1194.555796834,1000.0,0.0,0.0
1348,1708920060000.0,0.0,0.0,0.0,3.079338296502635,0.0,0.0,3.3314,0.9998716981513472,1.0,1194.555796834,1000.0,1194.555796834,1000.0,0.0,0.0
1349,1708923660000.0,0.0,0.0,0.0,3.079338296502635,0.0,0.0,3.2876,0.9998716981513472,1.0,1194.555796834,1000.0,1194.555796834,1000.0,0.0,0.0
1350,1708927260000.0,0.0,0.0,0.0,3.079338296502635,0.0,0.0,3.2602,0.9998716981513472,1.0,1194.555796834,1000.0,1194.555796834,1000.0,0.0,0.0
1351,1708930860000.0,0.0,0.0,0.0,3.079338296502635,0.0,0.0,3.2842,0.9998716981513472,1.0,1194.555796834,1000.0,1194.555796834,1000.0,0.0,0.0
1352,1708934460000.0,0.0,0.0,13.2,3.2171,0.0,0.0,3.2264,0.9998716981513472,1.0,1194.5473036899998,1000.0,1194.6700636899998,1000.0,0.03554963446723445,0.0
1353,1708938060000.0,0.0,0.0,13.2,3.2171,0.0,0.0,3.2389,0.9998716981513472,1.0,1194.5473036899998,1000.0,1194.8350636899997,1000.0,0.03554963446723445,0.0
1354,1708941660000.0,0.0,0.0,26.6,3.193624812030075,0.0,0.0,3.175,0.9998716981513472,1.0,1194.5388067499998,1000.0,1194.0433867499999,1000.0,0.07111566365192096,0.0
1355,1708945260000.0,0.0,0.0,26.6,3.193624812030075,0.0,0.0,3.1831,0.9998716981513472,1.0,1194.5388067499998,1000.0,1194.2588467499997,1000.0,0.07111566365192096,0.0
1356,1708948860000.0,0.0,0.0,26.6,3.193624812030075,0.0,0.0,3.1635,0.9998716981513472,1.0,1194.5388067499998,1000.0,1193.7374867499998,1000.0,0.07111566365192096,0.0
1357,1708952460000.0,0.0,0.0,40.2,3.174535820895522,0.0,0.0,3.1558,0.9998716981513472,1.0,1194.5302735659998,1000.0,1193.7770935659998,1000.0,0.10683391021897695,0.0
1358,1708956060000.0,0.0,0.0,40.2,3.174535820895522,0.0,0.0,3.1362,0.9998716981513472,1.0,1194.5302735659998,1000.0,1192.9891735659999,1000.0,0.10683391021897695,0.0
1359,1708959660000.0,0.0,0.0,28.0,3.174535820895522,0.0,0.0,3.208,0.9998716981513472,1.0,1195.0136524390746,1000.0,1195.9506494539999,1000.0,0.07438157949380109,0.0
1360,1708963260000.0,0.0,0.0,0.4,3.174535820895522,0.0,0.0,3.2536,0.9998716981513472,1.0,1196.4808833343577,1000.0,1196.5125090059996,1000.0,0.0010612909458440197,0.0
1361,1708966860000.0,0.0,0.0,0.0,3.174535820895522,0.0,0.0,3.2874,0.9998716981513472,1.0,1196.5142883099998,1000.0,1196.5142883099998,1000.0,0.0,0.0
1362,1708970460000.0,0.0,0.0,0.0,3.174535820895522,0.0,0.0,3.2761,0.9998716981513472,1.0,1196.5142883099998,1000.0,1196.5142883099998,1000.0,0.0,0.0
1363,1708974060000.0,0.0,0.0,0.0,3.174535820895522,0.0,0.0,3.2521,0.9998716981513472,1.0,1196.5142883099998,1000.0,1196.5142883099998,1000.0,0.0,0.0
1364,1708977660000.0,0.0,0.0,0.0,3.174535820895522,0.0,0.0,3.3015,0.9998716981513472,1.0,1196.5142883099998,1000.0,1196.5142883099998,1000.0,0.0,0.0
1365,1708981260000.0,0.0,0.0,0.0,3.174535820895522,0.0,0.0,3.3196,0.9998716981513472,1.0,1196.5142883099998,1000.0,1196.5142883099998,1000.0,0.0,0.0
1366,1708984860000.0,0.0,0.0,0.0,3.174535820895522,0.0,0.0,3.3301,0.9998716981513472,1.0,1196.5142883099998,1000.0,1196.5142883099998,1000.0,0.0,0.0
1367,1708988460000.0,0.0,0.0,0.0,3.174535820895522,0.0,0.0,3.3056,0.9998716981513472,1.0,1196.5142883099998,1000.0,1196.5142883099998,1000.0,0.0,0.0
1368,1708992060000.0,0.0,0.0,0.0,3.174535820895522,0.0,0.0,3.333,0.9998716981513472,1.0,1196.5142883099998,1000.0,1196.5142883099998,1000.0,0.0,0.0
1369,1708995660000.0,0.0,0.0,0.0,3.174535820895522,0.0,0.0,3.2907,0.9998716981513472,1.0,1196.5142883099998,1000.0,1196.5142883099998,1000.0,0.0,0.0
1370,1708999260000.0,0.0,0.0,0.0,3.174535820895522,0.0,0.0,3.3637,0.9998716981513472,1.0,1196.5142883099998,1000.0,1196.5142883099998,1000.0,0.0,0.0
1371,1709002860000.0,0.0,0.0,0.0,3.174535820895522,0.0,0.0,3.4292,0.9998716981513472,1.0,1196.5142883099998,1000.0,1196.5142883099998,1000.0,0.0,0.0
1372,1709006460000.0,0.0,0.0,0.0,3.174535820895522,0.0,0.0,3.3858,0.9998716981513472,1.0,1196.5142883099998,1000.0,1196.5142883099998,1000.0,0.0,0.0
1373,1709010060000.0,0.0,0.0,0.0,3.174535820895522,0.0,0.0,3.3844,0.9998716981513472,1.0,1196.5142883099998,1000.0,1196.5142883099998,1000.0,0.0,0.0
1374,1709013660000.0,0.0,0.0,0.0,3.174535820895522,0.0,0.0,3.3616,0.9998716981513472,1.0,1196.5142883099998,1000.0,1196.5142883099998,1000.0,0.0,0.0
1375,1709017260000.0,0.0,0.0,0.0,3.174535820895522,0.0,0.0,3.3272,0.9998716981513472,1.0,1196.5142883099998,1000.0,1196.5142883099998,1000.0,0.0,0.0
1376,1709020860000.0,0.0,0.0,12.9,3.3112,0.0,0.0,3.3336,0.9998716981513472,1.0,1196.5057454139996,1000.0,1196.7947054139997,1000.0,0.03569935218758225,0.0
1377,1709024460000.0,0.0,0.0,6.3,3.3112,0.0,0.0,3.3551,0.9998716981513472,1.0,1196.7785191899995,1000.0,1197.0550891899995,1000.0,0.017430593602330686,0.0
1378,1709028060000.0,0.0,0.0,3.8,3.3112,0.0,0.0,3.3312,0.9998716981513472,1.0,1196.8818425899992,1000.0,1196.9578425899992,1000.0,0.010512783762156419,0.0
1379,1709031660000.0,0.0,0.0,12.9,3.313527906976744,0.0,0.0,3.3358,0.9998716981513472,1.0,1196.8758101999993,1000.0,1197.1631201999992,1000.0,0.03571340454516943,0.0
1380,1709035260000.0,0.0,0.0,12.9,3.313527906976744,0.0,0.0,3.3324,0.9998716981513472,1.0,1196.8758101999993,1000.0,1197.1192601999992,1000.0,0.03571340454516943,0.0
1381,1709038860000.0,0.0,0.0,12.9,3.313527906976744,0.0,0.0,3.2974,0.9998716981513472,1.0,1196.8758101999993,1000.0,1196.6677601999993,1000.0,0.03571340454516943,0.0
1382,1709042460000.0,0.0,0.0,12.9,3.313527906976744,0.0,0.0,3.319,0.9998716981513472,1.0,1196.8758101999993,1000.0,1196.9464001999993,1000.0,0.03571340454516943,0.0
1383,1709046060000.0,0.0,0.0,12.9,3.313527906976744,0.0,0.0,3.3043,0.9998716981513472,1.0,1196.8758101999993,1000.0,1196.7567701999992,1000.0,0.03571340454516943,0.0
1384,1709049660000.0,0.0,0.0,26.0,3.289329230769231,0.0,0.0,3.2903,0.9998716981513472,1.0,1196.8672545899992,1000.0,1196.8924945899992,1000.0,0.0714553428310617,0.0
1385,1709053260000.0,0.0,0.0,6.2,3.289329230769231,0.0,0.0,3.3185,0.9998716981513472,1.0,1197.6811246647687,1000.0,1197.8619834339995,1000.0,0.017027772092907848,0.0
1386,1709056860000.0,0.0,0.0,1.6,3.289329230769231,0.0,0.0,3.3299,0.9998716981513472,1.0,1197.8702055912302,1000.0,1197.9351188219994,1000.0,0.004393570141961381,0.0
1387,1709060460000.0,0.0,0.0,0.4,3.289329230769231,0.0,0.0,3.341,0.9998716981513472,1.0,1197.9316086343072,1000.0,1197.9522769419996,1000.0,0.0010983362345765985,0.0
1388,1709064060000.0,0.0,0.0,0.0,3.289329230769231,0.0,0.0,3.3392,0.9998716981513472,1.0,1197.9571086419994,1000.0,1197.9571086419994,1000.0,0.0,0.0
1389,1709067660000.0,0.0,0.0,0.0,3.289329230769231,0.0,0.0,3.3518,0.9998716981513472,1.0,1197.9571086419994,1000.0,1197.9571086419994,1000.0,0.0,0.0
1390,1709071260000.0,0.0,0.0,0.0,3.289329230769231,0.0,0.0,3.3684,0.9998716981513472,1.0,1197.9571086419994,1000.0,1197.9571086419994,1000.0,0.0,0.0
1391,1709074860000.0,0.0,0.0,0.0,3.289329230769231,0.0,0.0,3.3513,0.9998716981513472,1.0,1197.9571086419994,1000.0,1197.9571086419994,1000.0,0.0,0.0
1392,1709078460000.0,0.0,0.0,0.0,3.289329230769231,0.0,0.0,3.367,0.9998716981513472,1.0,1197.9571086419994,1000.0,1197.9571086419994,1000.0,0.0,0.0
1393,1709082060000.0,0.0,0.0,12.9,3.3181,0.0,0.0,3.3383,0.9998716981513472,1.0,1197.9485479439993,1000.0,1198.2091279439992,1000.0,0.03573065811003507,0.0
1394,1709085660000.0,0.0,0.0,12.9,3.3181,0.0,0.0,3.3041,0.9998716981513472,1.0,1197.9485479439993,1000.0,1197.7679479439994,1000.0,0.03573065811003507,0.0
1395,1709089260000.0,0.0,0.0,12.9,3.3181,0.0,0.0,3.3385,0.9998716981513472,1.0,1197.9485479439993,1000.0,1198.2117079439993,1000.0,0.03573065811003507,0.0
1396,1709092860000.0,0.0,0.0,12.9,3.3181,0.0,0.0,3.3264,0.9998716981513472,1.0,1197.9485479439993,1000.0,1198.0556179439993,1000.0,0.03573065811003507,0.0
1397,1709096460000.0,0.0,0.0,12.9,3.3181,0.0,0.0,3.3381,0.9998716981513472,1.0,1197.9485479439993,1000.0,1198.2065479439993,1000.0,0.03573065811003507,0.0
1398,1709100060000.0,0.0,0.0,12.9,3.3181,0.0,0.0,3.3058,0.9998716981513472,1.0,1197.9485479439993,1000.0,1197.7898779439993,1000.0,0.03573065811003507,0.0
1399,1709103660000.0,0.0,0.0,12.9,3.3181,0.0,0.0,3.3012,0.9998716981513472,1.0,1197.9485479439993,1000.0,1197.7305379439993,1000.0,0.03573065811003507,0.0
1400,1709107260000.0,0.0,0.0,12.9,3.3181,0.0,0.0,3.3513,0.9998716981513472,1.0,1197.9485479439993,1000.0,1198.3768279439994,1000.0,0.03573065811003507,0.0
1401,1709110860000.0,0.0,0.0,12.9,3.3181,0.0,0.0,3.3056,0.9998716981513472,1.0,1197.9485479439993,1000.0,1197.7872979439992,1000.0,0.03573065811003507,0.0
1402,1709114460000.0,0.0,0.0,2.2,3.3181,0.0,0.0,3.3872,0.9998716981513472,1.0,1198.534018671999,1000.0,1198.686038671999,1000.0,0.006090623950823152,0.0
1403,1709118060000.0,0.0,0.0,0.2,3.3181,0.0,0.0,3.3879,0.9998716981513472,1.0,1198.629112143999,1000.0,1198.643072143999,1000.0,0.0005536491590905687,0.0
1404,1709121660000.0,0.0,0.0,12.9,3.321,0.0,0.0,3.3393,0.9998716981513472,1.0,1198.6349283359991,1000.0,1198.870998335999,1000.0,0.03574140798606106,0.0
1405,1709125260000.0,0.0,0.0,12.9,3.321,0.0,0.0,3.3375,0.9998716981513472,1.0,1198.6349283359991,1000.0,1198.847778335999,1000.0,0.03574140798606106,0.0
1406,1709128860000.0,0.0,0.0,1.2,3.321,0.0,0.0,3.3981,0.9998716981513472,1.0,1199.1792867479987,1000.0,1199.2718067479987,1000.0,0.003323272878409439,0.0
1407,1709132460000.0,0.0,0.0,0.0,3.321,0.0,0.0,3.3913,0.9998716981513472,1.0,1199.2550044019986,1000.0,1199.2550044019986,1000.0,0.0,0.0
1408,1709136060000.0,0.0,0.0,0.0,3.321,0.0,0.0,3.3996,0.9998716981513472,1.0,1199.2550044019986,1000.0,1199.2550044019986,1000.0,0.0,0.0
1409,1709139660000.0,0.0,0.0,0.0,3.321,0.0,0.0,3.4261,0.9998716981513472,1.0,1199.2550044019986,1000.0,1199.2550044019986,1000.0,0.0,0.0
1410,1709143260000.0,0.0,0.0,13.2,3.246425006951573,0.0,0.0,3.2674,0.9998716981513472,1.0,1209.9403257317595,1000.0,1210.2171956399986,1000.0,0.03541729222541932,0.0
1411,1709146860000.0,0.0,0.0,60.7,3.1809698532415283,0.0,0.0,3.2174,0.9998716981513472,1.0,1209.9102793197594,1000.0,1212.1215892279986,1000.0,0.1595861060047508,0.0
1412,1709150460000.0,0.0,0.0,13.3,3.2182312429438484,0.0,0.0,3.2503,0.9998716981513472,1.0,1212.5390352951522,1000.0,1212.965549763999,1000.0,0.03529987430114722,0.0
1413,1709154060000.0,0.0,0.0,13.1,3.2790452241863477,0.0,0.0,3.2976,0.9998716981513472,1.0,1213.3735032868403,1000.0,1213.616570849999,1000.0,0.03540170633401949,0.0
1414,1709157660000.0,0.0,0.0,0.3,3.2790452241863477,0.0,0.0,3.3807,0.9998716981513472,1.0,1214.2109208652548,1000.0,1214.2414172979989,1000.0,0.0008101669572819387,0.0
1415,1709161260000.0,0.0,0.0,0.0,3.2790452241863477,0.0,0.0,3.3556,0.9998716981513472,1.0,1214.2428141359992,1000.0,1214.2428141359992,1000.0,0.0,0.0
1416,1709164860000.0,0.0,0.0,0.0,3.2790452241863477,0.0,0.0,3.345,0.9998716981513472,1.0,1214.2428141359992,1000.0,1214.2428141359992,1000.0,0.0,0.0
1417,1709168460000.0,0.0,0.0,2.8,3.3112,0.0,0.0,3.3627,0.9998716981513472,1.0,1214.7057220199986,1000.0,1214.8499220199985,1000.0,0.007632597617620639,0.0
1418,1709172060000.0,0.0,0.0,0.0,3.3112,0.0,0.0,3.3981,0.9998716981513472,1.0,1214.8901304879987,1000.0,1214.8901304879987,1000.0,0.0,0.0
1419,1709175660000.0,0.0,0.0,0.0,3.3112,0.0,0.0,3.3319,0.9998716981513472,1.0,1214.8901304879987,1000.0,1214.8901304879987,1000.0,0.0,0.0
1420,1709179260000.0,0.0,0.0,13.0,3.3201,0.0,0.0,3.3112,0.9998716981513472,1.0,1214.8814982279987,1000.0,1214.7657982279986,1000.0,0.03552716875098862,0.0
1421,1709182860000.0,0.0,0.0,13.0,3.3201,0.0,0.0,3.3285,0.9998716981513472,1.0,1214.8814982279987,1000.0,1214.9906982279988,1000.0,0.03552716875098862,0.0
1422,1709186460000.0,0.0,0.0,6.4,3.3201,0.0,0.0,3.3621,0.9998716981513472,1.0,1215.1549201239986,1000.0,1215.4237201239987,1000.0,0.017486362971588607,0.0
1423,1709190060000.0,0.0,0.0,13.1,3.3191770992366414,0.0,0.0,3.3213,0.9998716981513472,1.0,1215.2564588119985,1000.0,1215.2842688119986,1000.0,0.03577946011700777,0.0
1424,1709193660000.0,0.0,0.0,9.2,3.3191770992366414,0.0,0.0,3.3609,0.9998716981513472,1.0,1215.4181163109756,1000.0,1215.8019669979985,1000.0,0.02512421766894585,0.0
1425,1709197260000.0,0.0,0.0,0.9,3.3191770992366414,0.0,0.0,3.3949,0.9998716981513472,1.0,1215.8262838013115,1000.0,1215.8944344119986,1000.0,0.002456978788098934,0.0
1426,1709200860000.0,0.0,0.0,0.0,3.3191770992366414,0.0,0.0,3.3689,0.9998716981513472,1.0,1215.8727475459984,1000.0,1215.8727475459984,1000.0,0.0,0.0
1427,1709204460000.0,0.0,0.0,0.0,3.3191770992366414,0.0,0.0,3.3665,0.9998716981513472,1.0,1215.8727475459984,1000.0,1215.8727475459984,1000.0,0.0,0.0
1428,1709208060000.0,0.0,0.0,0.0,3.3191770992366414,0.0,0.0,3.3569,0.9998716981513472,1.0,1215.8727475459984,1000.0,1215.8727475459984,1000.0,0.0,0.0
1429,1709211660000.0,0.0,0.0,13.0,3.3322,0.0,0.0,3.3629,0.9998716981513472,1.0,1215.8640838259985,1000.0,1216.2631838259986,1000.0,0.0356278309197916,0.0
1430,1709215260000.0,0.0,0.0,2.6,3.3322,0.0,0.0,3.4095,0.9998716981513472,1.0,1216.447114833998,1000.0,1216.6480948339981,1000.0,0.007122150970930036,0.0
1431,1709218860000.0,0.0,0.0,13.0,3.3366615384615383,0.0,0.0,3.3399,0.9998716981513472,1.0,1216.5076789779982,1000.0,1216.5497789779981,1000.0,0.035656659427288746,0.0
1432,1709222460000.0,0.0,0.0,13.0,3.3366615384615383,0.0,0.0,3.3479,0.9998716981513472,1.0,1216.5076789779982,1000.0,1216.6537789779982,1000.0,0.035656659427288746,0.0
1433,1709226060000.0,0.0,0.0,39.5,3.2925663291139236,0.0,0.0,3.2852,0.9998716981513472,1.0,1216.4903430239983,1000.0,1216.1993730239983,1000.0,0.10691114051649672,0.0
1434,1709229660000.0,0.0,0.0,59.5,3.269451596638655,0.0,0.0,3.2481,0.9998716981513472,1.0,1216.4774478239983,1000.0,1215.2070278239983,1000.0,0.15991448945311248,0.0
1435,1709233260000.0,0.0,0.0,59.5,3.269451596638655,0.0,0.0,3.2525,0.9998716981513472,1.0,1216.4774478239983,1000.0,1215.4688278239983,1000.0,0.15991448945311248,0.0
1436,1709236860000.0,0.0,0.0,59.5,3.269451596638655,0.0,0.0,3.2723,0.9998716981513472,1.0,1216.4774478239983,1000.0,1216.6469278239983,1000.0,0.15991448945311248,0.0
1437,1709240460000.0,0.0,0.0,59.5,3.269451596638655,0.0,0.0,3.2758,0.9998716981513472,1.0,1216.4774478239983,1000.0,1216.8551778239982,1000.0,0.15991448945311248,0.0
1438,1709244060000.0,0.0,0.0,89.6,3.2412827008928566,0.0,0.0,3.2235,0.9998716981513472,1.0,1216.4582705119983,1000.0,1214.8649405119984,1000.0,0.23874138311194576,0.0
1439,1709247660000.0,0.0,0.0,134.9,3.205693254262416,0.0,0.0,3.1687,0.9998716981513472,1.0,1216.4298646939983,1000.0,1211.4394746939984,1000.0,0.3555059215097332,0.0
1440,1709251260000.0,0.0,0.0,134.9,3.205693254262416,0.0,0.0,3.1984,0.9998716981513472,1.0,1216.4298646939983,1000.0,1215.4460046939982,1000.0,0.3555059215097332,0.0
1441,1709254860000.0,0.0,0.0,134.9,3.205693254262416,0.0,0.0,3.2279,0.9998716981513472,1.0,1216.4298646939983,1000.0,1219.4255546939983,1000.0,0.3555059215097332,0.0
1442,1709258460000.0,0.0,0.0,78.2,3.205693254262416,0.0,0.0,3.2294,0.9998716981513472,1.0,1218.7011230013193,1000.0,1220.5549905179982,1000.0,0.20569868013738557,0.0
1443,1709262060000.0,0.0,0.0,78.2,3.205693254262416,0.0,0.0,3.223,0.9998716981513472,1.0,1218.7011230013193,1000.0,1220.0545105179983,1000.0,0.20569868013738557,0.0
1444,1709265660000.0,0.0,0.0,78.2,3.205693254262416,0.0,0.0,3.2119,0.9998716981513472,1.0,1218.7011230013193,1000.0,1219.1864905179984,1000.0,0.20569868013738557,0.0
1445,1709269260000.0,0.0,0.0,78.2,3.205693254262416,0.0,0.0,3.2311,0.9998716981513472,1.0,1218.7011230013193,1000.0,1220.6879305179984,1000.0,0.20569868013738557,0.0
1446,1709272860000.0,0.0,0.0,78.2,3.205693254262416,0.0,0.0,3.2077,0.9998716981513472,1.0,1218.7011230013193,1000.0,1218.8580505179984,1000.0,0.20569868013738557,0.0
1447,1709276460000.0,0.0,0.0,78.2,3.205693254262416,0.0,0.0,3.2034,0.9998716981513472,1.0,1218.7011230013193,1000.0,1218.5217905179984,1000.0,0.20569868013738557,0.0
1448,1709280060000.0,0.0,0.0,78.2,3.205693254262416,0.0,0.0,3.1824,0.9998716981513472,1.0,1218.7011230013193,1000.0,1216.8795905179984,1000.0,0.20569868013738557,0.0
1449,1709283660000.0,0.0,0.0,78.2,3.205693254262416,0.0,0.0,3.2208,0.9998716981513472,1.0,1218.7011230013193,1000.0,1219.8824705179984,1000.0,0.20569868013738557,0.0
1450,1709287260000.0,0.0,0.0,78.2,3.205693254262416,0.0,0.0,3.2208,0.9998716981513472,1.0,1218.7011230013193,1000.0,1219.8824705179984,1000.0,0.20569868013738557,0.0
1451,1709290860000.0,0.0,0.0,78.2,3.205693254262416,0.0,0.0,3.1965,0.9998716981513472,1.0,1218.7011230013193,1000.0,1217.9822105179983,1000.0,0.20569868013738557,0.0
1452,1709294460000.0,0.0,0.0,78.2,3.205693254262416,0.0,0.0,3.1866,0.9998716981513472,1.0,1218.7011230013193,1000.0,1217.2080305179984,1000.0,0.20569868013738557,0.0
1453,1709298060000.0,0.0,0.0,78.2,3.205693254262416,0.0,0.0,3.1942,0.9998716981513472,1.0,1218.7011230013193,1000.0,1217.8023505179983,1000.0,0.20569868013738557,0.0
1454,1709301660000.0,0.0,0.0,78.2,3.205693254262416,0.0,0.0,3.1997,0.9998716981513472,1.0,1218.7011230013193,1000.0,1218.2324505179984,1000.0,0.20569868013738557,0.0
1455,1709305260000.0,0.0,0.0,78.2,3.205693254262416,0.0,0.0,3.18,0.9998716981513472,1.0,1218.7011230013193,1000.0,1216.6919105179984,1000.0,0.20569868013738557,0.0
1456,1709308860000.0,0.0,0.0,78.2,3.205693254262416,0.0,0.0,3.1552,0.9998716981513472,1.0,1218.7011230013193,1000.0,1214.7525505179983,1000.0,0.20569868013738557,0.0
1457,1709312460000.0,0.0,0.0,78.2,3.205693254262416,0.0,0.0,3.1642,0.9998716981513472,1.0,1218.7011230013193,1000.0,1215.4563505179983,1000.0,0.20569868013738557,0.0
1458,1709316060000.0,0.0,0.0,78.2,3.205693254262416,0.0,0.0,3.175,0.9998716981513472,1.0,1218.7011230013193,1000.0,1216.3009105179983,1000.0,0.20569868013738557,0.0
1459,1709319660000.0,0.0,0.0,78.2,3.205693254262416,0.0,0.0,3.1766,0.9998716981513472,1.0,1218.7011230013193,1000.0,1216.4260305179982,1000.0,0.20569868013738557,0.0
1460,1709323260000.0,0.0,0.0,78.2,3.205693254262416,0.0,0.0,3.1793,0.9998716981513472,1.0,1218.7011230013193,1000.0,1216.6371705179984,1000.0,0.20569868013738557,0.0
1461,1709326860000.0,0.0,0.0,78.2,3.205693254262416,0.0,0.0,3.1813,0.9998716981513472,1.0,1218.7011230013193,1000.0,1216.7935705179982,1000.0,0.20569868013738557,0.0
1462,1709330460000.0,0.0,0.0,78.2,3.205693254262416,0.0,0.0,3.1878,0.9998716981513472,1.0,1218.7011230013193,1000.0,1217.3018705179984,1000.0,0.20569868013738557,0.0
1463,1709334060000.0,0.0,0.0,78.2,3.205693254262416,0.0,0.0,3.2052,0.9998716981513472,1.0,1218.7011230013193,1000.0,1218.6625505179984,1000.0,0.20569868013738557,0.0
1464,1709337660000.0,0.0,0.0,78.2,3.205693254262416,0.0,0.0,3.2067,0.9998716981513472,1.0,1218.7011230013193,1000.0,1218.7798505179983,1000.0,0.20569868013738557,0.0
1465,1709341260000.0,0.0,0.0,78.2,3.205693254262416,0.0,0.0,3.1946,0.9998716981513472,1.0,1218.7011230013193,1000.0,1217.8336305179982,1000.0,0.20569868013738557,0.0
1466,1709344860000.0,0.0,0.0,78.2,3.205693254262416,0.0,0.0,3.1971,0.9998716981513472,1.0,1218.7011230013193,1000.0,1218.0291305179983,1000.0,0.20569868013738557,0.0
1467,1709348460000.0,0.0,0.0,78.2,3.205693254262416,0.0,0.0,3.187,0.9998716981513472,1.0,1218.7011230013193,1000.0,1217.2393105179983,1000.0,0.20569868013738557,0.0
1468,1709352060000.0,0.0,0.0,78.2,3.205693254262416,0.0,0.0,3.2129,0.9998716981513472,1.0,1218.7011230013193,1000.0,1219.2646905179984,1000.0,0.20569868013738557,0.0
1469,1709355660000.0,0.0,0.0,78.2,3.205693254262416,0.0,0.0,3.206,0.9998716981513472,1.0,1218.7011230013193,1000.0,1218.7251105179982,1000.0,0.20569868013738557,0.0
1470,1709359260000.0,0.0,0.0,78.2,3.205693254262416,0.0,0.0,3.1906,0.9998716981513472,1.0,1218.7011230013193,1000.0,1217.5208305179983,1000.0,0.20569868013738557,0.0
1471,1709362860000.0,0.0,0.0,78.2,3.205693254262416,0.0,0.0,3.1944,0.9998716981513472,1.0,1218.7011230013193,1000.0,1217.8179905179984,1000.0,0.20569868013738557,0.0
1472,1709366460000.0,0.0,0.0,78.2,3.205693254262416,0.0,0.0,3.2209,0.9998716981513472,1.0,1218.7011230013193,1000.0,1219.8902905179982,1000.0,0.20569868013738557,0.0
1473,1709370060000.0,0.0,0.0,78.2,3.205693254262416,0.0,0.0,3.1993,0.9998716981513472,1.0,1218.7011230013193,1000.0,1218.2011705179984,1000.0,0.20569868013738557,0.0
1474,1709373660000.0,0.0,0.0,78.2,3.205693254262416,0.0,0.0,3.1754,0.9998716981513472,1.0,1218.7011230013193,1000.0,1216.3321905179982,1000.0,0.20569868013738557,0.0
1475,1709377260000.0,0.0,0.0,78.2,3.205693254262416,0.0,0.0,3.1739,0.9998716981513472,1.0,1218.7011230013193,1000.0,1216.2148905179984,1000.0,0.20569868013738557,0.0
1476,1709380860000.0,0.0,0.0,78.2,3.205693254262416,0.0,0.0,3.156,0.9998716981513472,1.0,1218.7011230013193,1000.0,1214.8151105179984,1000.0,0.20569868013738557,0.0
1477,1709384460000.0,0.0,0.0,78.2,3.205693254262416,0.0,0.0,3.1939,0.9998716981513472,1.0,1218.7011230013193,1000.0,1217.7788905179984,1000.0,0.20569868013738557,0.0
1478,1709388060000.0,0.0,0.0,78.2,3.205693254262416,0.0,0.0,3.1618,0.9998716981513472,1.0,1218.7011230013193,1000.0,1215.2686705179983,1000.0,0.20569868013738557,0.0
1479,1709391660000.0,0.0,0.0,78.2,3.205693254262416,0.0,0.0,3.1671,0.9998716981513472,1.0,1218.7011230013193,1000.0,1215.6831305179983,1000.0,0.20569868013738557,0.0
1480,1709395260000.0,0.0,0.0,78.2,3.205693254262416,0.0,0.0,3.2051,0.9998716981513472,1.0,1218.7011230013193,1000.0,1218.6547305179984,1000.0,0.20569868013738557,0.0
1481,1709398860000.0,0.0,0.0,78.2,3.205693254262416,0.0,0.0,3.2008,0.9998716981513472,1.0,1218.7011230013193,1000.0,1218.3184705179983,1000.0,0.20569868013738557,0.0
1482,1709402460000.0,0.0,0.0,78.2,3.205693254262416,0.0,0.0,3.2059,0.9998716981513472,1.0,1218.7011230013193,1000.0,1218.7172905179984,1000.0,0.20569868013738557,0.0
1483,1709406060000.0,0.0,0.0,78.2,3.205693254262416,0.0,0.0,3.2246,0.9998716981513472,1.0,1218.7011230013193,1000.0,1220.1796305179982,1000.0,0.20569868013738557,0.0
1484,1709409660000.0,0.0,0.0,78.2,3.205693254262416,0.0,0.0,3.2368,0.9998716981513472,1.0,1218.7011230013193,1000.0,1221.1336705179983,1000.0,0.20569868013738557,0.0
1485,1709413260000.0,0.0,0.0,78.2,3.205693254262416,0.0,0.0,3.2251,0.9998716981513472,1.0,1218.7011230013193,1000.0,1220.2187305179982,1000.0,0.20569868013738557,0.0
1486,1709416860000.0,0.0,0.0,78.2,3.205693254262416,0.0,0.0,3.2047,0.9998716981513472,1.0,1218.7011230013193,1000.0,1218.6234505179984,1000.0,0.20569868013738557,0.0
1487,1709420460000.0,0.0,0.0,78.2,3.205693254262416,0.0,0.0,3.2088,0.9998716981513472,1.0,1218.7011230013193,1000.0,1218.9440705179984,1000.0,0.20569868013738557,0.0
1488,1709424060000.0,0.0,0.0,39.2,3.205693254262416,0.0,0.0,3.2785,0.9998716981513472,1.0,1220.8378492450852,1000.0,1223.6918736779985,1000.0,0.10293191323056666,0.0
1489,1709427660000.0,0.0,0.0,0.0,3.205693254262416,0.0,0.0,3.3303,0.9998716981513472,1.0,1223.9925049579983,1000.0,1223.9925049579983,1000.0,0.0,0.0
1490,1709431260000.0,0.0,0.0,0.0,3.205693254262416,0.0,0.0,3.3414,0.9998716981513472,1.0,1223.9925049579983,1000.0,1223.9925049579983,1000.0,0.0,0.0
1491,1709434860000.0,0.0,0.0,0.0,3.205693254262416,0.0,0.0,3.3375,0.9998716981513472,1.0,1223.9925049579983,1000.0,1223.9925049579983,1000.0,0.0,0.0
1492,1709438460000.0,0.0,0.0,0.0,3.205693254262416,0.0,0.0,3.3271,0.9998716981513472,1.0,1223.9925049579983,1000.0,1223.9925049579983,1000.0,0.0,0.0
1493,1709442060000.0,0.0,0.0,0.0,3.205693254262416,0.0,0.0,3.3168,0.9998716981513472,1.0,1223.9925049579983,1000.0,1223.9925049579983,1000.0,0.0,0.0
1494,1709445660000.0,0.0,0.0,0.0,3.205693254262416,0.0,0.0,3.33,0.9998716981513472,1.0,1223.9925049579983,1000.0,1223.9925049579983,1000.0,0.0,0.0
1495,1709449260000.0,0.0,0.0,0.0,3.205693254262416,0.0,0.0,3.2923,0.9998716981513472,1.0,1223.9925049579983,1000.0,1223.9925049579983,1000.0,0.0,0.0
1496,1709452860000.0,0.0,0.0,64.2,3.168102491874323,0.0,0.0,3.2163,0.9998716981513472,1.0,1225.0455411183298,1000.0,1228.1398211399983,1000.0,0.1660282602985169,0.0
1497,1709456460000.0,0.0,0.0,29.8,3.168102491874323,0.0,0.0,3.2137,0.9998716981513472,1.0,1226.5361763058534,1000.0,1227.8949820479986,1000.0,0.0769724171872388,0.0
1498,1709460060000.0,0.0,0.0,0.0,3.168102491874323,0.0,0.0,3.2672,0.9998716981513472,1.0,1228.6298875539983,1000.0,1228.6298875539983,1000.0,0.0,0.0
1499,1709463660000.0,0.0,0.0,13.5,3.2432,0.0,0.0,3.2573,0.9998716981513472,1.0,1228.6211309139983,1000.0,1228.8114809139984,1000.0,0.03563604670174337,0.0
1500,1709467260000.0,0.0,0.0,5.6,3.2432,0.0,0.0,3.2682,0.9998716981513472,1.0,1228.9406317199982,1000.0,1229.0806317199983,1000.0,0.014778516985463305,0.0
1501,1709470860000.0,0.0,0.0,1.5,3.2432,0.0,0.0,3.2824,0.9998716981513472,1.0,1229.1064485939983,1000.0,1229.1652485939983,1000.0,0.003957997295974609,0.0
1502,1709474460000.0,0.0,0.0,1.5,3.2432,0.0,0.0,3.2652,0.9998716981513472,1.0,1229.1064485939983,1000.0,1229.1394485939982,1000.0,0.003957997295974609,0.0
1503,1709478060000.0,0.0,0.0,13.5,3.247111111111111,0.0,0.0,3.256,0.9998716981513472,1.0,1229.0986543539982,1000.0,1229.218654353998,1000.0,0.035665159867122105,0.0
1504,1709481660000.0,0.0,0.0,5.2,3.247111111111111,0.0,0.0,3.293,0.9998716981513472,1.0,1229.4770551537758,1000.0,1229.715677375998,1000.0,0.013733463106935252,0.0
1505,1709485260000.0,0.0,0.0,0.9,3.247111111111111,0.0,0.0,3.2952,0.9998716981513472,1.0,1229.6663364379979,1000.0,1229.709616437998,1000.0,0.00237657965693798,0.0
1506,1709488860000.0,0.0,0.0,0.3,3.247111111111111,0.0,0.0,3.2737,0.9998716981513472,1.0,1229.6921548753305,1000.0,1229.7001315419973,1000.0,0.0007921765862059138,0.0
1507,1709492460000.0,0.0,0.0,0.3,3.247111111111111,0.0,0.0,3.2724,0.9998716981513472,1.0,1229.6921548753305,1000.0,1229.6997415419971,1000.0,0.0007921765862059138,0.0
1508,1709496060000.0,0.0,0.0,0.2,3.247111111111111,0.0,0.0,3.2819,0.9998716981513472,1.0,1229.6962079982193,1000.0,1229.7031657759971,1000.0,0.0005281159834422801,0.0
1509,1709499660000.0,0.0,0.0,0.0,3.247111111111111,0.0,0.0,3.2876,0.9998716981513472,1.0,1229.7043142439968,1000.0,1229.7043142439968,1000.0,0.0,0.0
1510,1709503260000.0,0.0,0.0,0.0,3.247111111111111,0.0,0.0,3.3042,0.9998716981513472,1.0,1229.7043142439968,1000.0,1229.7043142439968,1000.0,0.0,0.0
1511,1709506860000.0,0.0,0.0,0.0,3.247111111111111,0.0,0.0,3.3,0.9998716981513472,1.0,1229.7043142439968,1000.0,1229.7043142439968,1000.0,0.0,0.0
1512,1709510460000.0,0.0,0.0,0.0,3.247111111111111,0.0,0.0,3.3128,0.9998716981513472,1.0,1229.7043142439968,1000.0,1229.7043142439968,1000.0,0.0,0.0
1513,1709514060000.0,0.0,0.0,5.3,3.2695,0.0,0.0,3.3252,0.9998716981513472,1.0,1230.045834263997,1000.0,1230.341044263997,1000.0,0.014087564477114376,0.0
1514,1709517660000.0,0.0,0.0,4.3,3.2695,0.0,0.0,3.2768,0.9998716981513472,1.0,1230.101669063997,1000.0,1230.133059063997,1000.0,0.011429014652664923,0.0
1515,1709521260000.0,0.0,0.0,13.4,3.270179104477612,0.0,0.0,3.268,0.9998716981513472,1.0,1230.0957167539968,1000.0,1230.066516753997,1000.0,0.03562356929071684,0.0
1516,1709524860000.0,0.0,0.0,13.4,3.270179104477612,0.0,0.0,3.2775,0.9998716981513472,1.0,1230.0957167539968,1000.0,1230.1938167539968,1000.0,0.03562356929071684,0.0
1517,1709528460000.0,0.0,0.0,9.4,3.270179104477612,0.0,0.0,3.2978,0.9998716981513472,1.0,1230.2591509760862,1000.0,1230.5187873939967,1000.0,0.02498634824841638,0.0
1518,1709532060000.0,0.0,0.0,7.9,3.270179104477612,0.0,0.0,3.2962,0.9998716981513472,1.0,1230.3204388093698,1000.0,1230.5260038839967,1000.0,0.02099811895376958,0.0
1519,1709535660000.0,0.0,0.0,7.9,3.270179104477612,0.0,0.0,3.2744,0.9998716981513472,1.0,1230.3204388093698,1000.0,1230.3537838839966,1000.0,0.02099811895376958,0.0
1520,1709539260000.0,0.0,0.0,13.4,3.269448875027846,0.0,0.0,3.2757,0.9998716981513472,1.0,1230.3168435693697,1000.0,1230.4006086439965,1000.0,0.0356092133131094,0.0
1521,1709542860000.0,0.0,0.0,7.9,3.269448875027846,0.0,0.0,3.2797,0.9998716981513472,1.0,1230.5411827667165,1000.0,1230.6221666539966,1000.0,0.02098966412050309,0.0
1522,1709546460000.0,0.0,0.0,13.4,3.268977321844775,0.0,0.0,3.2348,0.9998716981513472,1.0,1230.5375876367166,1000.0,1230.0796115239966,1000.0,0.035597690434509534,0.0
1523,1709550060000.0,0.0,0.0,40.8,3.225694022370588,0.0,0.0,3.2138,0.9998716981513472,1.0,1230.5200268327167,1000.0,1230.0347507199967,1000.0,0.10695341257587798,0.0
1524,1709553660000.0,0.0,0.0,40.8,3.225694022370588,0.0,0.0,3.2098,0.9998716981513472,1.0,1230.5200268327167,1000.0,1229.8715507199968,1000.0,0.10695341257587798,0.0
1525,1709557260000.0,0.0,0.0,40.8,3.225694022370588,0.0,0.0,3.2528,0.9998716981513472,1.0,1230.5200268327167,1000.0,1231.6259507199966,1000.0,0.10695341257587798,0.0
1526,1709560860000.0,0.0,0.0,28.4,3.225694022370588,0.0,0.0,3.2201,0.9998716981513472,1.0,1231.0191597873213,1000.0,1230.8602895519966,1000.0,0.07441777774697818,0.0
1527,1709564460000.0,0.0,0.0,19.8,3.225694022370588,0.0,0.0,3.247,0.9998716981513472,1.0,1231.3653326429344,1000.0,1231.7871909999967,1000.0,0.051868231100719156,0.0
1528,1709568060000.0,0.0,0.0,13.8,3.225694022370588,0.0,0.0,3.2474,0.9998716981513472,1.0,1231.6068485887108,1000.0,1231.9063910799966,1000.0,0.03614349624616251,0.0
1529,1709571660000.0,0.0,0.0,13.8,3.225694022370588,0.0,0.0,3.1997,0.9998716981513472,1.0,1231.6068485887108,1000.0,1231.2481310799967,1000.0,0.03614349624616251,0.0
1530,1709575260000.0,0.0,0.0,62.6,3.1607910145161995,0.0,0.0,3.1231,0.9998716981513472,1.0,1231.5761784007107,1000.0,1229.2167208919966,1000.0,0.1606603967979119,0.0
1531,1709578860000.0,0.0,0.0,62.6,3.1607910145161995,0.0,0.0,3.1476,0.9998716981513472,1.0,1231.5761784007107,1000.0,1230.7504208919966,1000.0,0.1606603967979119,0.0
1532,1709582460000.0,0.0,0.0,62.6,3.1607910145161995,0.0,0.0,3.1738,0.9998716981513472,1.0,1231.5761784007107,1000.0,1232.3905408919966,1000.0,0.1606603967979119,0.0
1533,1709586060000.0,0.0,0.0,62.6,3.1607910145161995,0.0,0.0,3.1445,0.9998716981513472,1.0,1231.5761784007107,1000.0,1230.5563608919965,1000.0,0.1606603967979119,0.0
1534,1709589660000.0,0.0,0.0,62.6,3.1607910145161995,0.0,0.0,3.106,0.9998716981513472,1.0,1231.5761784007107,1000.0,1228.1462608919965,1000.0,0.1606603967979119,0.0
1535,1709593260000.0,0.0,0.0,62.6,3.1607910145161995,0.0,0.0,3.158,0.9998716981513472,1.0,1231.5761784007107,1000.0,1231.4014608919965,1000.0,0.1606603967979119,0.0
1536,1709596860000.0,0.0,0.0,62.6,3.1607910145161995,0.0,0.0,3.1313,0.9998716981513472,1.0,1231.5761784007107,1000.0,1229.7300408919966,1000.0,0.1606603967979119,0.0
1537,1709600460000.0,0.0,0.0,62.6,3.1607910145161995,0.0,0.0,3.0906,0.9998716981513472,1.0,1231.5761784007107,1000.0,1227.1822208919966,1000.0,0.1606603967979119,0.0
1538,1709604060000.0,0.0,0.0,94.2,3.1335549629375166,0.0,0.0,3.0883,0.9998716981513472,1.0,1231.5567153287107,1000.0,1227.2936978199966,1000.0,0.23968110752408858,0.0
1539,1709607660000.0,0.0,0.0,94.2,3.1335549629375166,0.0,0.0,3.0612,0.9998716981513472,1.0,1231.5567153287107,1000.0,1224.7408778199965,1000.0,0.23968110752408858,0.0
1540,1709611260000.0,0.0,0.0,141.8,3.0990617595819043,0.0,0.0,3.066,0.9998716981513472,1.0,1231.5278621127106,1000.0,1226.8397046039966,1000.0,0.35683070682203977,0.0
1541,1709614860000.0,0.0,0.0,14.1,3.103539336990651,0.0,0.0,3.1024,0.9998716981513472,1.0,1237.1652934895644,1000.0,1237.1492288379961,1000.0,0.035371105932125224,0.0
1542,1709618460000.0,0.0,0.0,0.0,3.080833145669059,0.0,0.0,3.1974,0.9998716981513472,1.0,1238.8753319699968,1000.0,1238.8753319699968,1000.0,0.0,0.0
1543,1709622060000.0,0.0,0.0,0.0,3.080833145669059,0.0,0.0,3.1946,0.9998716981513472,1.0,1238.8753319699968,1000.0,1238.8753319699968,1000.0,0.0,0.0
1544,1709625660000.0,0.0,0.0,14.1,3.1298,0.0,0.0,3.1321,0.9998716981513472,1.0,1238.8665059339967,1000.0,1238.8989359339967,1000.0,0.035621416664848575,0.0
1545,1709629260000.0,0.0,0.0,14.1,3.1298,0.0,0.0,3.1474,0.9998716981513472,1.0,1238.8665059339967,1000.0,1239.1146659339968,1000.0,0.035621416664848575,0.0
1546,1709632860000.0,0.0,0.0,5.0,3.1298,0.0,0.0,3.1558,0.9998716981513472,1.0,1239.222007443997,1000.0,1239.352007443997,1000.0,0.012628084319029663,0.0
1547,1709636460000.0,0.0,0.0,0.8,3.1298,0.0,0.0,3.1847,0.9998716981513472,1.0,1239.3961630479969,1000.0,1239.440083047997,1000.0,0.002020209578382434,0.0
1548,1709640060000.0,0.0,0.0,0.0,3.1298,0.0,0.0,3.1678,0.9998716981513472,1.0,1239.4389336239963,1000.0,1239.4389336239963,1000.0,0.0,0.0
1549,1709643660000.0,0.0,0.0,14.1,3.1369,0.0,0.0,3.1198,0.9998716981513472,1.0,1239.4300875659962,1000.0,1239.1889775659963,1000.0,0.035685990233511135,0.0
1550,1709647260000.0,0.0,0.0,28.4,3.113989788732394,0.0,0.0,3.0897,0.9998716981513472,1.0,1239.4212461619964,1000.0,1238.7314161619963,1000.0,0.071353714706647,0.0
1551,1709650860000.0,0.0,0.0,28.4,3.113989788732394,0.0,0.0,3.1145,0.9998716981513472,1.0,1239.4212461619964,1000.0,1239.4357361619964,1000.0,0.071353714706647,0.0
1552,1709654460000.0,0.0,0.0,31.2,3.0737694099378876,0.0,0.0,3.0968,0.9998716981513472,1.0,1240.6744900720585,1000.0,1241.3930444819964,1000.0,0.07729795877764209,0.0
1553,1709658060000.0,0.0,0.0,88.7,3.0054699773502076,0.0,0.0,3.017,0.9998716981513472,1.0,1241.2938410489594,1000.0,1242.316554057996,1000.0,0.21476396496552724,0.0
1554,1709661660000.0,0.0,0.0,88.7,3.0054699773502076,0.0,0.0,3.0184,0.9998716981513472,1.0,1241.2938410489594,1000.0,1242.440734057996,1000.0,0.21476396496552724,0.0
1555,1709665260000.0,0.0,0.0,88.7,3.0054699773502076,0.0,0.0,2.9897,0.9998716981513472,1.0,1241.2938410489594,1000.0,1239.895044057996,1000.0,0.21476396496552724,0.0
1556,1709668860000.0,0.0001311570476271654,0.0,441.0,2.814414437621232,0.0,0.0,2.6997,0.9998716981513472,1.0,1241.0989267329596,1000.0,1190.5098597419963,1000.0,1.0000466040673774,0.0
1557,1709672460000.0,0.0001311570476271654,0.0,441.0,2.814414437621232,0.0,0.0,2.7576,0.9998716981513472,1.0,1241.0989267329596,1000.0,1216.0437597419964,1000.0,1.0000466040673774,0.0
1558,1709676060000.0,0.0,0.0,38.3,2.814414437621232,0.0,0.0,2.8467,0.9998716981513472,1.0,1256.0068022488892,1000.0,1257.2433392879962,1000.0,0.08582124934983687,0.0
1559,1709679660000.0,0.0,0.0,15.6,2.853189152550577,0.0,0.0,2.8683,0.9998716981513472,1.0,1257.292846179785,1000.0,1257.528575399996,1000.0,0.03540125986959158,0.0
1560,1709683260000.0,0.0,0.0,15.4,2.8874512299623416,0.0,0.0,2.9034,0.9998716981513472,1.0,1257.7817750194167,1000.0,1258.0273860779967,1000.0,0.035353309949759465,0.0
1561,1709686860000.0,0.0,0.0,15.4,2.8874512299623416,0.0,0.0,2.8864,0.9998716981513472,1.0,1257.7817750194167,1000.0,1257.7655860779967,1000.0,0.035353309949759465,0.0
1562,1709690460000.0,0.0,0.0,15.4,2.8874512299623416,0.0,0.0,2.86,0.9998716981513472,1.0,1257.7817750194167,1000.0,1257.3590260779968,1000.0,0.035353309949759465,0.0
1563,1709694060000.0,0.0,0.0,31.2,2.866307978891669,0.0,0.0,2.8426,0.9998716981513472,1.0,1257.7727826074167,1000.0,1257.0330936659966,1000.0,0.07110092552331299,0.0
1564,1709697660000.0,0.0,0.0,31.2,2.866307978891669,0.0,0.0,2.8881,0.9998716981513472,1.0,1257.7727826074167,1000.0,1258.4526936659965,1000.0,0.07110092552331299,0.0
1565,1709701260000.0,0.0,0.0,0.0,2.866307978891669,0.0,0.0,2.9798,0.9998716981513472,1.0,1259.2094769299968,1000.0,1259.2094769299968,1000.0,0.0,0.0
1566,1709704860000.0,0.0,0.0,0.0,2.866307978891669,0.0,0.0,3.004,0.9998716981513472,1.0,1259.2094769299968,1000.0,1259.2094769299968,1000.0,0.0,0.0
1567,1709708460000.0,0.0,0.0,0.0,2.866307978891669,0.0,0.0,3.0351,0.9998716981513472,1.0,1259.2094769299968,1000.0,1259.2094769299968,1000.0,0.0,0.0
1568,1709712060000.0,0.0,0.0,0.0,2.866307978891669,0.0,0.0,3.0847,0.9998716981513472,1.0,1259.2094769299968,1000.0,1259.2094769299968,1000.0,0.0,0.0
1569,1709715660000.0,0.0,0.0,0.0,2.866307978891669,0.0,0.0,3.0856,0.9998716981513472,1.0,1259.2094769299968,1000.0,1259.2094769299968,1000.0,0.0,0.0
1570,1709719260000.0,0.0,0.0,0.0,2.866307978891669,0.0,0.0,3.0478,0.9998716981513472,1.0,1259.2094769299968,1000.0,1259.2094769299968,1000.0,0.0,0.0
1571,1709722860000.0,0.0,0.0,0.0,2.866307978891669,0.0,0.0,3.0466,0.9998716981513472,1.0,1259.2094769299968,1000.0,1259.2094769299968,1000.0,0.0,0.0
1572,1709726460000.0,0.0,0.0,0.0,2.866307978891669,0.0,0.0,3.0395,0.9998716981513472,1.0,1259.2094769299968,1000.0,1259.2094769299968,1000.0,0.0,0.0
1573,1709730060000.0,0.0,0.0,21.0,2.967006622516556,0.0,0.0,2.9948,0.9998716981513472,1.0,1259.5328066348445,1000.0,1260.1164675619968,1000.0,0.049468452702964294,0.0
1574,1709733660000.0,0.0,0.0,21.0,2.967006622516556,0.0,0.0,2.9676,0.9998716981513472,1.0,1259.5328066348445,1000.0,1259.5452675619968,1000.0,0.049468452702964294,0.0
1575,1709737260000.0,0.0,0.0,21.0,2.967006622516556,0.0,0.0,2.9601,0.9998716981513472,1.0,1259.5328066348445,1000.0,1259.387767561997,1000.0,0.049468452702964294,0.0
1576,1709740860000.0,0.0,0.0,17.7,2.9472461283749367,0.0,0.0,2.981,0.9998716981513472,1.0,1260.2111671062335,1000.0,1260.808610633997,1000.0,0.04139485336574458,0.0
1577,1709744460000.0,0.0,0.0,14.8,2.9716398332731697,0.0,0.0,2.9942,0.9998716981513472,1.0,1260.94281808244,1000.0,1261.276708549997,1000.0,0.03487887706067849,0.0
1578,1709748060000.0,0.0,0.0,0.6,2.9716398332731697,0.0,0.0,3.0636,0.9998716981513472,1.0,1261.6580682259603,1000.0,1261.7132443259964,1000.0,0.0014132069099125938,0.0
1579,1709751660000.0,0.0,0.0,0.0,2.9716398332731697,0.0,0.0,3.0413,0.9998716981513472,1.0,1261.7104371819964,1000.0,1261.7104371819964,1000.0,0.0,0.0
1580,1709755260000.0,0.0,0.0,0.0,2.9716398332731697,0.0,0.0,3.0358,0.9998716981513472,1.0,1261.7104371819964,1000.0,1261.7104371819964,1000.0,0.0,0.0
1581,1709758860000.0,0.0,0.0,0.0,2.9716398332731697,0.0,0.0,3.038,0.9998716981513472,1.0,1261.7104371819964,1000.0,1261.7104371819964,1000.0,0.0,0.0
1582,1709762460000.0,0.0,0.0,0.0,2.9716398332731697,0.0,0.0,3.1079,0.9998716981513472,1.0,1261.7104371819964,1000.0,1261.7104371819964,1000.0,0.0,0.0
1583,1709766060000.0,0.0,0.0,0.0,2.9716398332731697,0.0,0.0,3.1097,0.9998716981513472,1.0,1261.7104371819964,1000.0,1261.7104371819964,1000.0,0.0,0.0
1584,1709769660000.0,0.0,0.0,0.0,2.9716398332731697,0.0,0.0,3.1488,0.9998716981513472,1.0,1261.7104371819964,1000.0,1261.7104371819964,1000.0,0.0,0.0
1585,1709773260000.0,0.0,0.0,0.0,2.9716398332731697,0.0,0.0,3.2378,0.9998716981513472,1.0,1261.7104371819964,1000.0,1261.7104371819964,1000.0,0.0,0.0
1586,1709776860000.0,0.0,0.0,0.0,2.9716398332731697,0.0,0.0,3.2909,0.9998716981513472,1.0,1261.7104371819964,1000.0,1261.7104371819964,1000.0,0.0,0.0
1587,1709780460000.0,0.0,0.0,0.0,2.9716398332731697,0.0,0.0,3.3159,0.9998716981513472,1.0,1261.7104371819964,1000.0,1261.7104371819964,1000.0,0.0,0.0
1588,1709784060000.0,0.0,0.0,0.0,2.9716398332731697,0.0,0.0,3.2742,0.9998716981513472,1.0,1261.7104371819964,1000.0,1261.7104371819964,1000.0,0.0,0.0
1589,1709787660000.0,0.0,0.0,0.0,2.9716398332731697,0.0,0.0,3.2268,0.9998716981513472,1.0,1261.7104371819964,1000.0,1261.7104371819964,1000.0,0.0,0.0
1590,1709791260000.0,0.0,0.0,0.0,2.9716398332731697,0.0,0.0,3.1741,0.9998716981513472,1.0,1261.7104371819964,1000.0,1261.7104371819964,1000.0,0.0,0.0
1591,1709794860000.0,0.0,0.0,0.0,2.9716398332731697,0.0,0.0,3.2774,0.9998716981513472,1.0,1261.7104371819964,1000.0,1261.7104371819964,1000.0,0.0,0.0
1592,1709798460000.0,0.0,0.0,0.0,2.9716398332731697,0.0,0.0,3.2583,0.9998716981513472,1.0,1261.7104371819964,1000.0,1261.7104371819964,1000.0,0.0,0.0
1593,1709802060000.0,0.0,0.0,0.0,2.9716398332731697,0.0,0.0,3.2912,0.9998716981513472,1.0,1261.7104371819964,1000.0,1261.7104371819964,1000.0,0.0,0.0
1594,1709805660000.0,0.0,0.0,0.0,2.9716398332731697,0.0,0.0,3.2619,0.9998716981513472,1.0,1261.7104371819964,1000.0,1261.7104371819964,1000.0,0.0,0.0
1595,1709809260000.0,0.0,0.0,0.0,2.9716398332731697,0.0,0.0,3.2456,0.9998716981513472,1.0,1261.7104371819964,1000.0,1261.7104371819964,1000.0,0.0,0.0
1596,1709812860000.0,0.0,0.0,0.0,2.9716398332731697,0.0,0.0,3.2781,0.9998716981513472,1.0,1261.7104371819964,1000.0,1261.7104371819964,1000.0,0.0,0.0
1597,1709816460000.0,0.0,0.0,0.0,2.9716398332731697,0.0,0.0,3.2555,0.9998716981513472,1.0,1261.7104371819964,1000.0,1261.7104371819964,1000.0,0.0,0.0
1598,1709820060000.0,0.0,0.0,0.0,2.9716398332731697,0.0,0.0,3.2758,0.9998716981513472,1.0,1261.7104371819964,1000.0,1261.7104371819964,1000.0,0.0,0.0
1599,1709823660000.0,0.0,0.0,6.1,3.2124,0.0,0.0,3.2759,0.9998716981513472,1.0,1262.1009259419961,1000.0,1262.488275941996,1000.0,0.015526206816918681,0.0
1600,1709827260000.0,0.0,0.0,2.5,3.2124,0.0,0.0,3.244,0.9998716981513472,1.0,1262.2631001099965,1000.0,1262.3421001099964,1000.0,0.006362381978289757,0.0
1601,1709830860000.0,0.0,0.0,0.4,3.2124,0.0,0.0,3.2675,0.9998716981513472,1.0,1262.3533025879965,1000.0,1262.3753425879966,1000.0,0.0010179083758609074,0.0
1602,1709834460000.0,0.0,0.0,0.0,3.2124,0.0,0.0,3.254,0.9998716981513472,1.0,1262.3737714499966,1000.0,1262.3737714499966,1000.0,0.0,0.0
1603,1709838060000.0,0.0,0.0,0.0,3.2124,0.0,0.0,3.3016,0.9998716981513472,1.0,1262.3737714499966,1000.0,1262.3737714499966,1000.0,0.0,0.0
1604,1709841660000.0,0.0,0.0,0.0,3.2124,0.0,0.0,3.2991,0.9998716981513472,1.0,1262.3737714499966,1000.0,1262.3737714499966,1000.0,0.0,0.0
1605,1709845260000.0,0.0,0.0,0.0,3.2124,0.0,0.0,3.2911,0.9998716981513472,1.0,1262.3737714499966,1000.0,1262.3737714499966,1000.0,0.0,0.0
1606,1709848860000.0,0.0,0.0,0.0,3.2124,0.0,0.0,3.3074,0.9998716981513472,1.0,1262.3737714499966,1000.0,1262.3737714499966,1000.0,0.0,0.0
1607,1709852460000.0,0.0,0.0,0.0,3.2124,0.0,0.0,3.3431,0.9998716981513472,1.0,1262.3737714499966,1000.0,1262.3737714499966,1000.0,0.0,0.0
1608,1709856060000.0,0.0,0.0,0.0,3.2124,0.0,0.0,3.3608,0.9998716981513472,1.0,1262.3737714499966,1000.0,1262.3737714499966,1000.0,0.0,0.0
1609,1709859660000.0,0.0,0.0,0.0,3.2124,0.0,0.0,3.3495,0.9998716981513472,1.0,1262.3737714499966,1000.0,1262.3737714499966,1000.0,0.0,0.0
1610,1709863260000.0,0.0,0.0,0.0,3.2124,0.0,0.0,3.3368,0.9998716981513472,1.0,1262.3737714499966,1000.0,1262.3737714499966,1000.0,0.0,0.0
1611,1709866860000.0,0.0,0.0,0.0,3.2124,0.0,0.0,3.3664,0.9998716981513472,1.0,1262.3737714499966,1000.0,1262.3737714499966,1000.0,0.0,0.0
1612,1709870460000.0,0.0,0.0,0.0,3.2124,0.0,0.0,3.3461,0.9998716981513472,1.0,1262.3737714499966,1000.0,1262.3737714499966,1000.0,0.0,0.0
1613,1709874060000.0,0.0,0.0,0.0,3.2124,0.0,0.0,3.3319,0.9998716981513472,1.0,1262.3737714499966,1000.0,1262.3737714499966,1000.0,0.0,0.0
1614,1709877660000.0,0.0,0.0,0.0,3.2124,0.0,0.0,3.326,0.9998716981513472,1.0,1262.3737714499966,1000.0,1262.3737714499966,1000.0,0.0,0.0
1615,1709881260000.0,0.0,0.0,0.0,3.2124,0.0,0.0,3.3526,0.9998716981513472,1.0,1262.3737714499966,1000.0,1262.3737714499966,1000.0,0.0,0.0
1616,1709884860000.0,0.0,0.0,0.0,3.2124,0.0,0.0,3.3505,0.9998716981513472,1.0,1262.3737714499966,1000.0,1262.3737714499966,1000.0,0.0,0.0
1617,1709888460000.0,0.0,0.0,0.0,3.2124,0.0,0.0,3.3938,0.9998716981513472,1.0,1262.3737714499966,1000.0,1262.3737714499966,1000.0,0.0,0.0
1618,1709892060000.0,0.0,0.0,0.0,3.2124,0.0,0.0,3.3882,0.9998716981513472,1.0,1262.3737714499966,1000.0,1262.3737714499966,1000.0,0.0,0.0
1619,1709895660000.0,0.0,0.0,0.0,3.2124,0.0,0.0,3.4155,0.9998716981513472,1.0,1262.3737714499966,1000.0,1262.3737714499966,1000.0,0.0,0.0
1620,1709899260000.0,0.0,0.0,0.0,3.2124,0.0,0.0,3.3951,0.9998716981513472,1.0,1262.3737714499966,1000.0,1262.3737714499966,1000.0,0.0,0.0
1621,1709902860000.0,0.0,0.0,0.0,3.2124,0.0,0.0,3.4052,0.9998716981513472,1.0,1262.3737714499966,1000.0,1262.3737714499966,1000.0,0.0,0.0
1622,1709906460000.0,0.0,0.0,0.0,3.2124,0.0,0.0,3.426,0.9998716981513472,1.0,1262.3737714499966,1000.0,1262.3737714499966,1000.0,0.0,0.0
1623,1709910060000.0,0.0,0.0,0.0,3.2124,0.0,0.0,3.3914,0.9998716981513472,1.0,1262.3737714499966,1000.0,1262.3737714499966,1000.0,0.0,0.0
1624,1709913660000.0,0.0,0.0,14.0,3.25737316017316,0.0,0.0,3.2665,0.9998716981513472,1.0,1266.1032555204208,1000.0,1266.2310312779966,1000.0,0.036018566450711345,0.0
1625,1709917260000.0,0.0,0.0,9.1,3.3060332607029106,0.0,0.0,3.3586,0.9998716981513472,1.0,1266.968254102393,1000.0,1267.4466114299967,1000.0,0.023745585238606225,0.0
1626,1709920860000.0,0.0,0.0,0.0,3.3060332607029106,0.0,0.0,3.3963,0.9998716981513472,1.0,1267.565963679996,1000.0,1267.565963679996,1000.0,0.0,0.0
1627,1709924460000.0,0.0,0.0,13.5,3.346,0.0,0.0,3.3426,0.9998716981513472,1.0,1267.556929479996,1000.0,1267.5110294799958,1000.0,0.03563626922739557,0.0
1628,1709928060000.0,0.0,0.0,13.5,3.346,0.0,0.0,3.3274,0.9998716981513472,1.0,1267.556929479996,1000.0,1267.305829479996,1000.0,0.03563626922739557,0.0
1629,1709931660000.0,0.0,0.0,13.5,3.346,0.0,0.0,3.3516,0.9998716981513472,1.0,1267.556929479996,1000.0,1267.6325294799958,1000.0,0.03563626922739557,0.0
1630,1709935260000.0,0.0,0.0,13.5,3.346,0.0,0.0,3.3355,0.9998716981513472,1.0,1267.556929479996,1000.0,1267.415179479996,1000.0,0.03563626922739557,0.0
1631,1709938860000.0,0.0,0.0,13.5,3.346,0.0,0.0,3.3585,0.9998716981513472,1.0,1267.556929479996,1000.0,1267.725679479996,1000.0,0.03563626922739557,0.0
1632,1709942460000.0,0.0,0.0,1.5,3.346,0.0,0.0,3.3632,0.9998716981513472,1.0,1268.2923503599955,1000.0,1268.3181503599953,1000.0,0.003957289499203708,0.0
1633,1709946060000.0,0.0,0.0,13.5,3.341555555555556,0.0,0.0,3.3421,0.9998716981513472,1.0,1268.2843319599954,1000.0,1268.2916819599955,1000.0,0.03556852265949376,0.0
1634,1709949660000.0,0.0,0.0,13.5,3.341555555555556,0.0,0.0,3.3663,0.9998716981513472,1.0,1268.2843319599954,1000.0,1268.6183819599953,1000.0,0.03556852265949376,0.0
1635,1709953260000.0,0.0,0.0,13.5,3.341555555555556,0.0,0.0,3.3592,0.9998716981513472,1.0,1268.2843319599954,1000.0,1268.5225319599954,1000.0,0.03556852265949376,0.0
1636,1709956860000.0,0.0,0.0,5.6,3.341555555555556,0.0,0.0,3.3945,0.9998716981513472,1.0,1268.6135065091064,1000.0,1268.9099953979953,1000.0,0.014750521742909401,0.0
1637,1709960460000.0,0.0,0.0,1.1,3.341555555555556,0.0,0.0,3.4035,0.9998716981513472,1.0,1268.890313135106,1000.0,1268.9584520239948,1000.0,0.002896791844859594,0.0
1638,1709964060000.0,0.0,0.0,0.5,3.341555555555556,0.0,0.0,3.3949,0.9998716981513472,1.0,1268.916853425772,1000.0,1268.9435256479942,1000.0,0.0013166960256435066,0.0
1639,1709967660000.0,0.0,0.0,0.0,3.341555555555556,0.0,0.0,3.4886,0.9998716981513472,1.0,1268.9515444859949,1000.0,1268.9515444859949,1000.0,0.0,0.0
1640,1709971260000.0,0.0,0.0,0.0,3.341555555555556,0.0,0.0,3.5117,0.9998716981513472,1.0,1268.9515444859949,1000.0,1268.9515444859949,1000.0,0.0,0.0
1641,1709974860000.0,0.0,0.0,0.0,3.341555555555556,0.0,0.0,3.5057,0.9998716981513472,1.0,1268.9515444859949,1000.0,1268.9515444859949,1000.0,0.0,0.0
1642,1709978460000.0,0.0,0.0,0.0,3.341555555555556,0.0,0.0,3.5247,0.9998716981513472,1.0,1268.9515444859949,1000.0,1268.9515444859949,1000.0,0.0,0.0
1643,1709982060000.0,0.0,0.0,0.0,3.341555555555556,0.0,0.0,3.5838,0.9998716981513472,1.0,1268.9515444859949,1000.0,1268.9515444859949,1000.0,0.0,0.0
1644,1709985660000.0,0.0,0.0,0.0,3.341555555555556,0.0,0.0,3.5291,0.9998716981513472,1.0,1268.9515444859949,1000.0,1268.9515444859949,1000.0,0.0,0.0
1645,1709989260000.0,0.0,0.0,0.0,3.341555555555556,0.0,0.0,3.4816,0.9998716981513472,1.0,1268.9515444859949,1000.0,1268.9515444859949,1000.0,0.0,0.0
1646,1709992860000.0,0.0,0.0,0.0,3.341555555555556,0.0,0.0,3.5213,0.9998716981513472,1.0,1268.9515444859949,1000.0,1268.9515444859949,1000.0,0.0,0.0
1647,1709996460000.0,0.0,0.0,0.0,3.341555555555556,0.0,0.0,3.5057,0.9998716981513472,1.0,1268.9515444859949,1000.0,1268.9515444859949,1000.0,0.0,0.0
1648,1710000060000.0,0.0,0.0,0.0,3.341555555555556,0.0,0.0,3.5571,0.9998716981513472,1.0,1268.9515444859949,1000.0,1268.9515444859949,1000.0,0.0,0.0
1649,1710003660000.0,0.0,0.0,0.0,3.341555555555556,0.0,0.0,3.569,0.9998716981513472,1.0,1268.9515444859949,1000.0,1268.9515444859949,1000.0,0.0,0.0
1650,1710007260000.0,0.0,0.0,0.0,3.341555555555556,0.0,0.0,3.529,0.9998716981513472,1.0,1268.9515444859949,1000.0,1268.9515444859949,1000.0,0.0,0.0
1651,1710010860000.0,0.0,0.0,0.0,3.341555555555556,0.0,0.0,3.6043,0.9998716981513472,1.0,1268.9515444859949,1000.0,1268.9515444859949,1000.0,0.0,0.0
1652,1710014460000.0,0.0,0.0,0.0,3.341555555555556,0.0,0.0,3.5829,0.9998716981513472,1.0,1268.9515444859949,1000.0,1268.9515444859949,1000.0,0.0,0.0
1653,1710018060000.0,0.0,0.0,0.0,3.341555555555556,0.0,0.0,3.5673,0.9998716981513472,1.0,1268.9515444859949,1000.0,1268.9515444859949,1000.0,0.0,0.0
1654,1710021660000.0,0.0,0.0,0.0,3.341555555555556,0.0,0.0,3.5655,0.9998716981513472,1.0,1268.9515444859949,1000.0,1268.9515444859949,1000.0,0.0,0.0
1655,1710025260000.0,0.0,0.0,0.0,3.341555555555556,0.0,0.0,3.5219,0.9998716981513472,1.0,1268.9515444859949,1000.0,1268.9515444859949,1000.0,0.0,0.0
1656,1710028860000.0,0.0,0.0,12.9,3.514,0.0,0.0,3.5383,0.9998716981513472,1.0,1268.942478365995,1000.0,1269.255948365995,1000.0,0.03572313227182037,0.0
1657,1710032460000.0,0.0,0.0,0.2,3.514,0.0,0.0,3.5727,0.9998716981513472,1.0,1269.8635967599955,1000.0,1269.8753367599954,1000.0,0.0005534452690770608,0.0
1658,1710036060000.0,0.0,0.0,12.9,3.5193162790697676,0.0,0.0,3.4764,0.9998716981513472,1.0,1269.8546574839954,1000.0,1269.3010374839955,1000.0,0.03575147733044574,0.0
1659,1710039660000.0,0.0,0.0,12.9,3.5193162790697676,0.0,0.0,3.4945,0.9998716981513472,1.0,1269.8546574839954,1000.0,1269.5345274839954,1000.0,0.03575147733044574,0.0
1660,1710043260000.0,0.0,0.0,25.9,3.493709652509653,0.0,0.0,3.4428,0.9998716981513472,1.0,1269.8456399039953,1000.0,1268.5270799039954,1000.0,0.07125833026984377,0.0
1661,1710046860000.0,0.0,0.0,25.9,3.493709652509653,0.0,0.0,3.4713,0.9998716981513472,1.0,1269.8456399039953,1000.0,1269.2652299039953,1000.0,0.07125833026984377,0.0
1662,1710050460000.0,0.0,0.0,25.9,3.493709652509653,0.0,0.0,3.4563,0.9998716981513472,1.0,1269.8456399039953,1000.0,1268.8767299039953,1000.0,0.07125833026984377,0.0
1663,1710054060000.0,0.0,0.0,25.9,3.493709652509653,0.0,0.0,3.4622,0.9998716981513472,1.0,1269.8456399039953,1000.0,1269.0295399039953,1000.0,0.07125833026984377,0.0
1664,1710057660000.0,0.0,0.0,25.9,3.493709652509653,0.0,0.0,3.461,0.9998716981513472,1.0,1269.8456399039953,1000.0,1268.9984599039954,1000.0,0.07125833026984377,0.0
1665,1710061260000.0,0.0,0.0,25.9,3.493709652509653,0.0,0.0,3.4558,0.9998716981513472,1.0,1269.8456399039953,1000.0,1268.8637799039952,1000.0,0.07125833026984377,0.0
1666,1710064860000.0,0.0,0.0,58.9,3.448456706281834,0.0,0.0,3.4056,0.9998716981513472,1.0,1269.8231144999952,1000.0,1267.2988544999953,1000.0,0.15995464067448334,0.0
1667,1710068460000.0,0.0,0.0,58.9,3.448456706281834,0.0,0.0,3.4185,0.9998716981513472,1.0,1269.8231144999952,1000.0,1268.058664499995,1000.0,0.15995464067448334,0.0
1668,1710072060000.0,0.0,0.0,58.9,3.448456706281834,0.0,0.0,3.393,0.9998716981513472,1.0,1269.8231144999952,1000.0,1266.5567144999952,1000.0,0.15995464067448334,0.0
1669,1710075660000.0,0.0,0.0,88.7,3.418772040586246,0.0,0.0,3.3702,0.9998716981513472,1.0,1269.8030883039953,1000.0,1265.4947483039953,1000.0,0.2388126811102873,0.0
1670,1710079260000.0,0.0,0.0,88.7,3.418772040586246,0.0,0.0,3.3343,0.9998716981513472,1.0,1269.8030883039953,1000.0,1262.3104183039952,1000.0,0.2388126811102873,0.0
1671,1710082860000.0,0.0,0.0,133.5,3.3812635205992505,0.0,0.0,3.3326,0.9998716981513472,1.0,1269.7734575839954,1000.0,1263.2768775839954,1000.0,0.3554954447219889,0.0
1672,1710086460000.0,0.0,0.0,133.5,3.3812635205992505,0.0,0.0,3.3316,0.9998716981513472,1.0,1269.7734575839954,1000.0,1263.1433775839955,1000.0,0.3554954447219889,0.0
1673,1710090060000.0,0.0,0.0,133.5,3.3812635205992505,0.0,0.0,3.3787,0.9998716981513472,1.0,1269.7734575839954,1000.0,1269.4312275839955,1000.0,0.3554954447219889,0.0
1674,1710093660000.0,0.0,0.0,133.5,3.3812635205992505,0.0,0.0,3.3912,0.9998716981513472,1.0,1269.7734575839954,1000.0,1271.0999775839955,1000.0,0.3554954447219889,0.0
1675,1710097260000.0,0.0,0.0,133.5,3.3812635205992505,0.0,0.0,3.3612,0.9998716981513472,1.0,1269.7734575839954,1000.0,1267.0949775839956,1000.0,0.3554954447219889,0.0
1676,1710100860000.0,0.0,0.0,133.5,3.3812635205992505,0.0,0.0,3.4016,0.9998716981513472,1.0,1269.7734575839954,1000.0,1272.4883775839955,1000.0,0.3554954447219889,0.0
1677,1710104460000.0,0.0,0.0,133.5,3.3812635205992505,0.0,0.0,3.4013,0.9998716981513472,1.0,1269.7734575839954,1000.0,1272.4483275839955,1000.0,0.3554954447219889,0.0
1678,1710108060000.0,0.0,0.0,133.5,3.3812635205992505,0.0,0.0,3.3942,0.9998716981513472,1.0,1269.7734575839954,1000.0,1271.5004775839955,1000.0,0.3554954447219889,0.0
1679,1710111660000.0,0.0,0.0,133.5,3.3812635205992505,0.0,0.0,3.3691,0.9998716981513472,1.0,1269.7734575839954,1000.0,1268.1496275839954,1000.0,0.3554954447219889,0.0
1680,1710115260000.0,0.0,0.0,111.3,3.3812635205992505,0.0,0.0,3.4222,0.9998716981513472,1.0,1270.7114439786922,1000.0,1275.2676741359955,1000.0,0.29616057337483703,0.0
1681,1710118860000.0,0.0,0.0,89.0,3.3034259437184303,0.0,0.0,3.3289,0.9998716981513472,1.0,1274.7715751649355,1000.0,1277.038766173995,1000.0,0.23063340501054133,0.0
1682,1710122460000.0,0.0,0.0,13.5,3.3331357887913704,0.0,0.0,3.375,0.9998716981513472,1.0,1279.5737150286786,1000.0,1280.138881879995,1000.0,0.03516587799529392,0.0
1683,1710126060000.0,0.0,0.0,0.8,3.3446807402605936,0.0,0.0,3.4222,0.9998716981513472,1.0,1280.3592668802037,1000.0,1280.4212822879952,1000.0,0.0020898388924292686,0.0
1684,1710129660000.0,0.0,0.0,0.0,3.3446807402605936,0.0,0.0,3.5001,0.9998716981513472,1.0,1280.4419304959952,1000.0,1280.4419304959952,1000.0,0.0,0.0
1685,1710133260000.0,0.0,0.0,0.0,3.3446807402605936,0.0,0.0,3.4975,0.9998716981513472,1.0,1280.4419304959952,1000.0,1280.4419304959952,1000.0,0.0,0.0
1686,1710136860000.0,0.0,0.0,0.0,3.3446807402605936,0.0,0.0,3.4577,0.9998716981513472,1.0,1280.4419304959952,1000.0,1280.4419304959952,1000.0,0.0,0.0
1687,1710140460000.0,0.0,0.0,0.0,3.3446807402605936,0.0,0.0,3.511,0.9998716981513472,1.0,1280.4419304959952,1000.0,1280.4419304959952,1000.0,0.0,0.0
1688,1710144060000.0,0.0,0.0,0.0,3.3446807402605936,0.0,0.0,3.5442,0.9998716981513472,1.0,1280.4419304959952,1000.0,1280.4419304959952,1000.0,0.0,0.0
1689,1710147660000.0,0.0,0.0,0.0,3.3446807402605936,0.0,0.0,3.5691,0.9998716981513472,1.0,1280.4419304959952,1000.0,1280.4419304959952,1000.0,0.0,0.0
1690,1710151260000.0,0.0,0.0,0.0,3.3446807402605936,0.0,0.0,3.6188,0.9998716981513472,1.0,1280.4419304959952,1000.0,1280.4419304959952,1000.0,0.0,0.0
1691,1710154860000.0,0.0,0.0,0.0,3.3446807402605936,0.0,0.0,3.6079,0.9998716981513472,1.0,1280.4419304959952,1000.0,1280.4419304959952,1000.0,0.0,0.0
1692,1710158460000.0,0.0,0.0,0.0,3.3446807402605936,0.0,0.0,3.5685,0.9998716981513472,1.0,1280.4419304959952,1000.0,1280.4419304959952,1000.0,0.0,0.0
1693,1710162060000.0,0.0,0.0,0.0,3.3446807402605936,0.0,0.0,3.5519,0.9998716981513472,1.0,1280.4419304959952,1000.0,1280.4419304959952,1000.0,0.0,0.0
1694,1710165660000.0,0.0,0.0,13.1,3.4938,0.0,0.0,3.5125,0.9998716981513472,1.0,1280.4327767399952,1000.0,1280.6777467399952,1000.0,0.035744773822900824,0.0
1695,1710169260000.0,0.0,0.0,9.2,3.4938,0.0,0.0,3.5271,0.9998716981513472,1.0,1280.602787021995,1000.0,1280.909147021995,1000.0,0.02509986728573934,0.0
1696,1710172860000.0,0.0,0.0,0.4,3.4938,0.0,0.0,3.568,0.9998716981513472,1.0,1281.1393193759955,1000.0,1281.1689993759956,1000.0,0.001090841549286529,0.0
1697,1710176460000.0,0.0,0.0,0.0,3.4938,0.0,0.0,3.6014,0.9998716981513472,1.0,1281.1599756839955,1000.0,1281.1599756839955,1000.0,0.0,0.0
1698,1710180060000.0,0.0,0.0,0.0,3.4938,0.0,0.0,3.6146,0.9998716981513472,1.0,1281.1599756839955,1000.0,1281.1599756839955,1000.0,0.0,0.0
1699,1710183660000.0,0.0,0.0,0.0,3.4938,0.0,0.0,3.6001,0.9998716981513472,1.0,1281.1599756839955,1000.0,1281.1599756839955,1000.0,0.0,0.0
1700,1710187260000.0,0.0,0.0,0.0,3.4938,0.0,0.0,3.5568,0.9998716981513472,1.0,1281.1599756839955,1000.0,1281.1599756839955,1000.0,0.0,0.0
1701,1710190860000.0,0.0,0.0,0.0,3.4938,0.0,0.0,3.585,0.9998716981513472,1.0,1281.1599756839955,1000.0,1281.1599756839955,1000.0,0.0,0.0
1702,1710194460000.0,0.0,0.0,0.0,3.4938,0.0,0.0,3.6418,0.9998716981513472,1.0,1281.1599756839955,1000.0,1281.1599756839955,1000.0,0.0,0.0
1703,1710198060000.0,0.0,0.0,0.0,3.4938,0.0,0.0,3.6062,0.9998716981513472,1.0,1281.1599756839955,1000.0,1281.1599756839955,1000.0,0.0,0.0
1704,1710201660000.0,0.0,0.0,0.0,3.4938,0.0,0.0,3.6495,0.9998716981513472,1.0,1281.1599756839955,1000.0,1281.1599756839955,1000.0,0.0,0.0
1705,1710205260000.0,0.0,0.0,0.0,3.4938,0.0,0.0,3.594,0.9998716981513472,1.0,1281.1599756839955,1000.0,1281.1599756839955,1000.0,0.0,0.0
1706,1710208860000.0,0.0,0.0,0.0,3.4938,0.0,0.0,3.6461,0.9998716981513472,1.0,1281.1599756839955,1000.0,1281.1599756839955,1000.0,0.0,0.0
1707,1710212460000.0,0.0,0.0,0.0,3.4938,0.0,0.0,3.7022,0.9998716981513472,1.0,1281.1599756839955,1000.0,1281.1599756839955,1000.0,0.0,0.0
1708,1710216060000.0,0.0,0.0,0.0,3.4938,0.0,0.0,3.7001,0.9998716981513472,1.0,1281.1599756839955,1000.0,1281.1599756839955,1000.0,0.0,0.0
1709,1710219660000.0,0.0,0.0,12.7,3.5958,0.0,0.0,3.5866,0.9998716981513472,1.0,1281.1508423519956,1000.0,1281.0340023519957,1000.0,0.035645029835958304,0.0
1710,1710223260000.0,0.0,0.0,12.7,3.5958,0.0,0.0,3.5688,0.9998716981513472,1.0,1281.1508423519956,1000.0,1280.8079423519955,1000.0,0.035645029835958304,0.0
1711,1710226860000.0,0.0,0.0,25.6,3.5695464843749996,0.0,0.0,3.5775,0.9998716981513472,1.0,1281.1416996059957,1000.0,1281.3453096059957,1000.0,0.07132730909321214,0.0
1712,1710230460000.0,0.0,0.0,25.6,3.5695464843749996,0.0,0.0,3.5333,0.9998716981513472,1.0,1281.1416996059957,1000.0,1280.2137896059958,1000.0,0.07132730909321214,0.0
1713,1710234060000.0,0.0,0.0,58.1,3.523416351118761,0.0,0.0,3.4801,0.9998716981513472,1.0,1281.1190335859956,1000.0,1278.6023535859956,1000.0,0.15979037437839982,0.0
1714,1710237660000.0,0.0,0.0,58.1,3.523416351118761,0.0,0.0,3.4896,0.9998716981513472,1.0,1281.1190335859956,1000.0,1279.1543035859956,1000.0,0.15979037437839982,0.0
1715,1710241260000.0,0.0,0.0,58.1,3.523416351118761,0.0,0.0,3.4658,0.9998716981513472,1.0,1281.1190335859956,1000.0,1277.7715235859955,1000.0,0.15979037437839982,0.0
1716,1710244860000.0,0.0,0.0,58.1,3.523416351118761,0.0,0.0,3.4622,0.9998716981513472,1.0,1281.1190335859956,1000.0,1277.5623635859956,1000.0,0.15979037437839982,0.0
1717,1710248460000.0,0.0,0.0,87.5,3.4930700571428575,0.0,0.0,3.4934,0.9998716981513472,1.0,1281.0988469579956,1000.0,1281.1277169579955,1000.0,0.23857927179136817,0.0
1718,1710252060000.0,0.0,0.0,87.5,3.4930700571428575,0.0,0.0,3.5015,0.9998716981513472,1.0,1281.0988469579956,1000.0,1281.8364669579955,1000.0,0.23857927179136817,0.0
1719,1710255660000.0,0.0,0.0,87.5,3.4930700571428575,0.0,0.0,3.4582,0.9998716981513472,1.0,1281.0988469579956,1000.0,1278.0477169579956,1000.0,0.23857927179136817,0.0
1720,1710259260000.0,0.0,0.0,3.9,3.4930700571428575,0.0,0.0,3.5593,0.9998716981513472,1.0,1285.8583622728527,1000.0,1286.1166590499956,1000.0,0.010594458629780578,0.0
1721,1710262860000.0,0.0,0.0,13.1,3.509169470010905,0.0,0.0,3.4895,0.9998716981513472,1.0,1286.0358401091385,1000.0,1285.7781700519956,1000.0,0.03574559792458166,0.0
1722,1710266460000.0,0.0,0.0,0.0,3.4088702888818503,0.0,0.0,3.5506,0.9998716981513472,1.0,1292.5251511499955,1000.0,1292.5251511499955,1000.0,0.0,0.0
1723,1710270060000.0,0.0,0.0,0.0,3.4088702888818503,0.0,0.0,3.5782,0.9998716981513472,1.0,1292.5251511499955,1000.0,1292.5251511499955,1000.0,0.0,0.0
1724,1710273660000.0,0.0,0.0,0.0,3.4088702888818503,0.0,0.0,3.5965,0.9998716981513472,1.0,1292.5251511499955,1000.0,1292.5251511499955,1000.0,0.0,0.0
1725,1710277260000.0,0.0,0.0,0.0,3.4088702888818503,0.0,0.0,3.5876,0.9998716981513472,1.0,1292.5251511499955,1000.0,1292.5251511499955,1000.0,0.0,0.0
1726,1710280860000.0,0.0,0.0,0.0,3.4088702888818503,0.0,0.0,3.6077,0.9998716981513472,1.0,1292.5251511499955,1000.0,1292.5251511499955,1000.0,0.0,0.0
1727,1710284460000.0,0.0,0.0,0.0,3.4088702888818503,0.0,0.0,3.5988,0.9998716981513472,1.0,1292.5251511499955,1000.0,1292.5251511499955,1000.0,0.0,0.0
1728,1710288060000.0,0.0,0.0,0.0,3.4088702888818503,0.0,0.0,3.6046,0.9998716981513472,1.0,1292.5251511499955,1000.0,1292.5251511499955,1000.0,0.0,0.0
1729,1710291660000.0,0.0,0.0,0.0,3.4088702888818503,0.0,0.0,3.562,0.9998716981513472,1.0,1292.5251511499955,1000.0,1292.5251511499955,1000.0,0.0,0.0
1730,1710295260000.0,0.0,0.0,10.9,3.5446,0.0,0.0,3.5844,0.9998716981513472,1.0,1292.6089275579955,1000.0,1293.0427475579954,1000.0,0.029890045764260367,0.0
1731,1710298860000.0,0.0,0.0,2.1,3.5446,0.0,0.0,3.5636,0.9998716981513472,1.0,1293.0882419319958,1000.0,1293.1281419319957,1000.0,0.0057564980939572,0.0
1732,1710302460000.0,0.0,0.0,13.0,3.5481215384615385,0.0,0.0,3.51,0.9998716981513472,1.0,1293.0805055479957,1000.0,1292.5849255479957,1000.0,0.035671081423079995,0.0
1733,1710306060000.0,0.0,0.0,23.0,3.501232658227848,0.0,0.0,3.5255,0.9998716981513472,1.0,1293.7824315852363,1000.0,1294.3405804459958,1000.0,0.06224257585610536,0.0
1734,1710309660000.0,0.0,0.0,23.0,3.501232658227848,0.0,0.0,3.5054,0.9998716981513472,1.0,1293.7824315852363,1000.0,1293.8782804459959,1000.0,0.06224257585610536,0.0
1735,1710313260000.0,0.0,0.0,4.2,3.501232658227848,0.0,0.0,3.5587,0.9998716981513472,1.0,1294.663134166553,1000.0,1294.9044970019959,1000.0,0.011358303775308708,0.0
1736,1710316860000.0,0.0,0.0,1.1,3.501232658227848,0.0,0.0,3.5453,0.9998716981513472,1.0,1294.8647613940466,1000.0,1294.913235469996,1000.0,0.002974330631952852,0.0
1737,1710320460000.0,0.0,0.0,0.0,3.501232658227848,0.0,0.0,3.5877,0.9998716981513472,1.0,1294.9402399459973,1000.0,1294.9402399459973,1000.0,0.0,0.0
1738,1710324060000.0,0.0,0.0,0.0,3.501232658227848,0.0,0.0,3.5646,0.9998716981513472,1.0,1294.9402399459973,1000.0,1294.9402399459973,1000.0,0.0,0.0
1739,1710327660000.0,0.0,0.0,13.0,3.5403,0.0,0.0,3.5414,0.9998716981513472,1.0,1294.9310351659974,1000.0,1294.9453351659974,1000.0,0.03554158387600942,0.0
1740,1710331260000.0,0.0,0.0,13.0,3.5403,0.0,0.0,3.5316,0.9998716981513472,1.0,1294.9310351659974,1000.0,1294.8179351659974,1000.0,0.03554158387600942,0.0
1741,1710334860000.0,0.0,0.0,13.0,3.5403,0.0,0.0,3.5362,0.9998716981513472,1.0,1294.9310351659974,1000.0,1294.8777351659974,1000.0,0.03554158387600942,0.0
1742,1710338460000.0,0.0,0.0,39.6,3.4934222222222218,0.0,0.0,3.5069,0.9998716981513472,1.0,1294.9125720419975,1000.0,1295.4462920419974,1000.0,0.10683309667914266,0.0
1743,1710342060000.0,0.0,0.0,59.6,3.468951677852349,0.0,0.0,3.421,0.9998716981513472,1.0,1294.8988900419974,1000.0,1292.0409700419975,1000.0,0.15966460515947659,0.0
1744,1710345660000.0,0.0,0.0,89.7,3.439136343366778,0.0,0.0,3.4309,0.9998716981513472,1.0,1294.8785418399975,1000.0,1294.1397418399974,1000.0,0.23823896993585272,0.0
1745,1710349260000.0,0.0,0.0,89.7,3.439136343366778,0.0,0.0,3.4369,0.9998716981513472,1.0,1294.8785418399975,1000.0,1294.6779418399976,1000.0,0.23823896993585272,0.0
1746,1710352860000.0,0.0,0.0,89.7,3.439136343366778,0.0,0.0,3.4304,0.9998716981513472,1.0,1294.8785418399975,1000.0,1294.0948918399974,1000.0,0.23823896993585272,0.0
1747,1710356460000.0,0.0,0.0,89.7,3.439136343366778,0.0,0.0,3.4466,0.9998716981513472,1.0,1294.8785418399975,1000.0,1295.5480318399975,1000.0,0.23823896993585272,0.0
1748,1710360060000.0,0.0,0.0,89.7,3.439136343366778,0.0,0.0,3.4381,0.9998716981513472,1.0,1294.8785418399975,1000.0,1294.7855818399976,1000.0,0.23823896993585272,0.0
1749,1710363660000.0,0.0,0.0,89.7,3.439136343366778,0.0,0.0,3.4256,0.9998716981513472,1.0,1294.8785418399975,1000.0,1293.6643318399977,1000.0,0.23823896993585272,0.0
1750,1710367260000.0,0.0,0.0,89.7,3.439136343366778,0.0,0.0,3.4604,0.9998716981513472,1.0,1294.8785418399975,1000.0,1296.7858918399975,1000.0,0.23823896993585272,0.0
1751,1710370860000.0,0.0,0.0,74.8,3.439136343366778,0.0,0.0,3.464,0.9998716981513472,1.0,1295.5187515798325,1000.0,1297.3785530959974,1000.0,0.1985670976742963,0.0
1752,1710374460000.0,0.0,0.0,52.0,3.439136343366778,0.0,0.0,3.4706,0.9998716981513472,1.0,1296.4984013830701,1000.0,1298.1345115279976,1000.0,0.13793699218163008,0.0
1753,1710378060000.0,0.0,0.0,52.0,3.439136343366778,0.0,0.0,3.4128,0.9998716981513472,1.0,1296.4984013830701,1000.0,1295.1289115279976,1000.0,0.13793699218163008,0.0
1754,1710381660000.0,0.0,0.0,52.0,3.439136343366778,0.0,0.0,3.4114,0.9998716981513472,1.0,1296.4984013830701,1000.0,1295.0561115279977,1000.0,0.13793699218163008,0.0
1755,1710385260000.0,0.0,0.0,52.0,3.439136343366778,0.0,0.0,3.4038,0.9998716981513472,1.0,1296.4984013830701,1000.0,1294.6609115279978,1000.0,0.13793699218163008,0.0
1756,1710388860000.0,0.0,0.0,52.0,3.439136343366778,0.0,0.0,3.3774,0.9998716981513472,1.0,1296.4984013830701,1000.0,1293.2881115279977,1000.0,0.13793699218163008,0.0
1757,1710392460000.0,0.0,0.0,78.3,3.4118164732448593,0.0,0.0,3.361,0.9998716981513472,1.0,1296.4807393550702,1000.0,1292.5018094999978,1000.0,0.20605414469015784,0.0
1758,1710396060000.0,0.0,0.0,78.3,3.4118164732448593,0.0,0.0,3.3711,0.9998716981513472,1.0,1296.4807393550702,1000.0,1293.2926394999977,1000.0,0.20605414469015784,0.0
1759,1710399660000.0,0.0,0.0,78.3,3.4118164732448593,0.0,0.0,3.3812,0.9998716981513472,1.0,1296.4807393550702,1000.0,1294.0834694999978,1000.0,0.20605414469015784,0.0
1760,1710403260000.0,0.0,0.0,78.3,3.4118164732448593,0.0,0.0,3.4317,0.9998716981513472,1.0,1296.4807393550702,1000.0,1298.0376194999978,1000.0,0.20605414469015784,0.0
1761,1710406860000.0,0.0,0.0,78.3,3.4118164732448593,0.0,0.0,3.3931,0.9998716981513472,1.0,1296.4807393550702,1000.0,1295.0152394999977,1000.0,0.20605414469015784,0.0
1762,1710410460000.0,0.0,0.0,78.3,3.4118164732448593,0.0,0.0,3.4342,0.9998716981513472,1.0,1296.4807393550702,1000.0,1298.2333694999977,1000.0,0.20605414469015784,0.0
1763,1710414060000.0,0.0,0.0,78.3,3.4118164732448593,0.0,0.0,3.3763,0.9998716981513472,1.0,1296.4807393550702,1000.0,1293.6997994999977,1000.0,0.20605414469015784,0.0
1764,1710417660000.0,0.0,0.0,78.3,3.4118164732448593,0.0,0.0,3.3387,0.9998716981513472,1.0,1296.4807393550702,1000.0,1290.7557194999977,1000.0,0.20605414469015784,0.0
1765,1710421260000.0,0.0,0.0,78.3,3.4118164732448593,0.0,0.0,3.3449,0.9998716981513472,1.0,1296.4807393550702,1000.0,1291.2411794999978,1000.0,0.20605414469015784,0.0
1766,1710424860000.0,0.0,0.0,177.5,3.333636900591958,0.0,0.0,3.275,0.9998716981513472,1.0,1296.41582429107,1000.0,1286.0077744359974,1000.0,0.4564280524565859,0.0
1767,1710428460000.0,0.0,0.0,177.5,3.333636900591958,0.0,0.0,3.3256,0.9998716981513472,1.0,1296.41582429107,1000.0,1294.9892744359975,1000.0,0.4564280524565859,0.0
1768,1710432060000.0,0.0,0.0,177.5,3.333636900591958,0.0,0.0,3.2697,0.9998716981513472,1.0,1296.41582429107,1000.0,1285.0670244359974,1000.0,0.4564280524565859,0.0
1769,1710435660000.0,0.0,0.0,177.5,3.333636900591958,0.0,0.0,3.3079,0.9998716981513472,1.0,1296.41582429107,1000.0,1291.8475244359975,1000.0,0.4564280524565859,0.0
1770,1710439260000.0,0.0,0.0,177.5,3.333636900591958,0.0,0.0,3.2801,0.9998716981513472,1.0,1296.41582429107,1000.0,1286.9130244359974,1000.0,0.4564280524565859,0.0
1771,1710442860000.0,0.0,0.0,177.5,3.333636900591958,0.0,0.0,3.2117,0.9998716981513472,1.0,1296.41582429107,1000.0,1274.7720244359975,1000.0,0.4564280524565859,0.0
1772,1710446460000.0,0.0,0.0,267.2,3.2752120877809605,0.0,0.0,3.2239,0.9998716981513472,1.0,1296.3591410670701,1000.0,1282.6485512119975,1000.0,0.6750727033364555,0.0
1773,1710450060000.0,0.0,0.0,267.2,3.2752120877809605,0.0,0.0,3.2883,0.9998716981513472,1.0,1296.3591410670701,1000.0,1299.8562312119975,1000.0,0.6750727033364555,0.0
1774,1710453660000.0,0.0,0.0,267.2,3.2752120877809605,0.0,0.0,3.2881,0.9998716981513472,1.0,1296.3591410670701,1000.0,1299.8027912119976,1000.0,0.6750727033364555,0.0
1775,1710457260000.0,0.0,0.0,74.7,3.2752120877809605,0.0,0.0,3.3113,0.9998716981513472,1.0,1304.2371173692356,1000.0,1306.932884411998,1000.0,0.18758731805665504,0.0
1776,1710460860000.0,0.0,0.0,27.9,3.2752120877809605,0.0,0.0,3.3283,0.9998716981513472,1.0,1306.3848399130866,1000.0,1307.8659926639978,1000.0,0.06994754872933781,0.0
1777,1710464460000.0,0.0,0.0,18.0,3.2752120877809605,0.0,0.0,3.276,0.9998716981513472,1.0,1306.9384632800552,1000.0,1306.952645699998,1000.0,0.04510833465877151,0.0
1778,1710468060000.0,0.0,0.0,18.0,3.2752120877809605,0.0,0.0,3.2693,0.9998716981513472,1.0,1306.9384632800552,1000.0,1306.832045699998,1000.0,0.04510833465877151,0.0
1779,1710471660000.0,0.0,0.0,110.6,3.1790096526225793,0.0,0.0,3.1321,0.9998716981513472,1.0,1306.879934350055,1000.0,1301.6917267699978,1000.0,0.26903654906517194,0.0
1780,1710475260000.0,0.0,0.0,250.6,3.091466590503021,0.0,0.0,3.0879,0.9998716981513472,1.0,1306.795309738055,1000.0,1305.901522157998,1000.0,0.5928407622884327,0.0
1781,1710478860000.0,0.0,0.0,250.6,3.091466590503021,0.0,0.0,3.0785,0.9998716981513472,1.0,1306.795309738055,1000.0,1303.545882157998,1000.0,0.5928407622884327,0.0
1782,1710482460000.0,0.0,0.0,250.6,3.091466590503021,0.0,0.0,3.0733,0.9998716981513472,1.0,1306.795309738055,1000.0,1302.242762157998,1000.0,0.5928407622884327,0.0
1783,1710486060000.0,0.0,0.0,250.6,3.091466590503021,0.0,0.0,3.1051,0.9998716981513472,1.0,1306.795309738055,1000.0,1310.211842157998,1000.0,0.5928407622884327,0.0
1784,1710489660000.0,0.0,0.0,174.1,3.091466590503021,0.0,0.0,3.1089,0.9998716981513472,1.0,1309.7487658545738,1000.0,1312.7839224479978,1000.0,0.4109370800249618,0.0
1785,1710493260000.0,0.0,0.0,174.1,3.091466590503021,0.0,0.0,2.9928,0.9998716981513472,1.0,1309.7487658545738,1000.0,1292.5709124479977,1000.0,0.4109370800249618,0.0
1786,1710496860000.0,0.0,0.0,262.0,3.041555967200672,0.0,0.0,3.0324,0.9998716981513472,1.0,1309.6970331885739,1000.0,1307.2981697819978,1000.0,0.6084519115588757,0.0
1787,1710500460000.0,0.0,0.0,262.0,3.041555967200672,0.0,0.0,3.0191,0.9998716981513472,1.0,1309.6970331885739,1000.0,1303.8135697819978,1000.0,0.6084519115588757,0.0
1788,1710504060000.0,0.0,0.0,262.0,3.041555967200672,0.0,0.0,3.0259,0.9998716981513472,1.0,1309.6970331885739,1000.0,1305.5951697819978,1000.0,0.6084519115588757,0.0
1789,1710507660000.0,0.0,0.0,262.0,3.041555967200672,0.0,0.0,3.0269,0.9998716981513472,1.0,1309.6970331885739,1000.0,1305.8571697819978,1000.0,0.6084519115588757,0.0
1790,1710511260000.0,0.0,0.0,116.5,3.041555967200672,0.0,0.0,3.087,0.9998716981513472,1.0,1316.1323756508762,1000.0,1321.4266054719978,1000.0,0.2692292027263925,0.0
1791,1710514860000.0,0.0,0.0,116.5,3.041555967200672,0.0,0.0,3.0315,0.9998716981513472,1.0,1316.1323756508762,1000.0,1314.9608554719978,1000.0,0.2692292027263925,0.0
1792,1710518460000.0,0.0,0.0,116.5,3.041555967200672,0.0,0.0,3.0132,0.9998716981513472,1.0,1316.1323756508762,1000.0,1312.8289054719978,1000.0,0.2692292027263925,0.0
1793,1710522060000.0,0.0,0.0,116.5,3.041555967200672,0.0,0.0,3.0111,0.9998716981513472,1.0,1316.1323756508762,1000.0,1312.584255471998,1000.0,0.2692292027263925,0.0
1794,1710525660000.0,0.0,0.0,116.5,3.041555967200672,0.0,0.0,3.0314,0.9998716981513472,1.0,1316.1323756508762,1000.0,1314.9492054719979,1000.0,0.2692292027263925,0.0
1795,1710529260000.0,0.0,0.0,58.3,3.041555967200672,0.0,0.0,3.1093,0.9998716981513472,1.0,1319.156362647797,1000.0,1323.105839759998,1000.0,0.13442129978578038,0.0
1796,1710532860000.0,0.0,0.0,15.5,3.046672122684001,0.0,0.0,3.0252,0.9998716981513472,1.0,1323.1140383556005,1000.0,1322.7812204539985,1000.0,0.035691116965467666,0.0
1797,1710536460000.0,0.0,0.0,47.1,3.006368957571168,0.0,0.0,2.9931,0.9998716981513472,1.0,1323.0951630436005,1000.0,1322.4701951419984,1000.0,0.10702176370735914,0.0
1798,1710540060000.0,0.0,0.0,47.1,3.006368957571168,0.0,0.0,2.9912,0.9998716981513472,1.0,1323.0951630436005,1000.0,1322.3807051419985,1000.0,0.10702176370735914,0.0
1799,1710543660000.0,0.0,0.0,18.9,3.006368957571168,0.0,0.0,3.0573,0.9998716981513472,1.0,1324.5237133600936,1000.0,1325.4863100619984,1000.0,0.04289872104588551,0.0
1800,1710547260000.0,0.0,0.0,0.9,3.006368957571168,0.0,0.0,3.0672,0.9998716981513472,1.0,1325.5127291878127,1000.0,1325.5674771259987,1000.0,0.002041272031745743,0.0
1801,1710550860000.0,0.0,0.0,0.0,3.006368957571168,0.0,0.0,3.0625,0.9998716981513472,1.0,1325.5783227499985,1000.0,1325.5783227499985,1000.0,0.0,0.0
1802,1710554460000.0,0.0,0.0,0.0,3.006368957571168,0.0,0.0,3.0587,0.9998716981513472,1.0,1325.5783227499985,1000.0,1325.5783227499985,1000.0,0.0,0.0
1803,1710558060000.0,0.0,0.0,0.0,3.006368957571168,0.0,0.0,3.058,0.9998716981513472,1.0,1325.5783227499985,1000.0,1325.5783227499985,1000.0,0.0,0.0
1804,1710561660000.0,0.0,0.0,0.0,3.006368957571168,0.0,0.0,3.0572,0.9998716981513472,1.0,1325.5783227499985,1000.0,1325.5783227499985,1000.0,0.0,0.0
1805,1710565260000.0,0.0,0.0,15.5,3.041,0.0,0.0,3.0373,0.9998716981513472,1.0,1325.5688956499985,1000.0,1325.5115456499984,1000.0,0.035558694953299205,0.0
1806,1710568860000.0,0.0,0.0,31.3,3.018738658146965,0.0,0.0,3.0509,0.9998716981513472,1.0,1325.5594254459984,1000.0,1326.5660754459984,1000.0,0.0712804859489487,0.0
1807,1710572460000.0,0.0,0.0,9.1,3.0293271504055053,0.0,0.0,3.062,0.9998716981513472,1.0,1326.7411114846884,1000.0,1327.0384344159984,1000.0,0.020777887132661026,0.0
1808,1710576060000.0,0.0,0.0,0.8,3.0293271504055053,0.0,0.0,3.0908,0.9998716981513472,1.0,1327.1137918963225,1000.0,1327.162970175998,1000.0,0.0018261144862804133,0.0
1809,1710579660000.0,0.0,0.0,0.0,3.0293271504055053,0.0,0.0,3.1013,0.9998716981513472,1.0,1327.1635954239975,1000.0,1327.1635954239975,1000.0,0.0,0.0
1810,1710583260000.0,0.0,0.0,0.0,3.0293271504055053,0.0,0.0,3.1024,0.9998716981513472,1.0,1327.1635954239975,1000.0,1327.1635954239975,1000.0,0.0,0.0
1811,1710586860000.0,0.0,0.0,0.0,3.0293271504055053,0.0,0.0,3.0788,0.9998716981513472,1.0,1327.1635954239975,1000.0,1327.1635954239975,1000.0,0.0,0.0
1812,1710590460000.0,0.0,0.0,15.5,3.0531,0.0,0.0,3.0367,0.9998716981513472,1.0,1327.1541308139977,1000.0,1326.8999308139976,1000.0,0.03565753886549323,0.0
1813,1710594060000.0,0.0,0.0,47.1,3.0127110403397026,0.0,0.0,2.9818,0.9998716981513472,1.0,1327.1352156859975,1000.0,1325.6793056859976,1000.0,0.10692104943251951,0.0
1814,1710597660000.0,0.0,0.0,70.9,2.9915928067700985,0.0,0.0,2.943,0.9998716981513472,1.0,1327.1211746379975,1000.0,1323.6759446379974,1000.0,0.15982257992218094,0.0
1815,1710601260000.0,0.0,0.0,106.7,2.965860824742268,0.0,0.0,2.9434,0.9998716981513472,1.0,1327.1003039539974,1000.0,1324.7037339539975,1000.0,0.23845774811228565,0.0
1816,1710604860000.0,0.0,0.0,106.7,2.965860824742268,0.0,0.0,2.9742,0.9998716981513472,1.0,1327.1003039539974,1000.0,1327.9900939539973,1000.0,0.23845774811228565,0.0
1817,1710608460000.0,0.0,0.0,106.7,2.965860824742268,0.0,0.0,2.9391,0.9998716981513472,1.0,1327.1003039539974,1000.0,1324.2449239539974,1000.0,0.23845774811228565,0.0
1818,1710612060000.0,0.0,0.0,106.7,2.965860824742268,0.0,0.0,2.8875,0.9998716981513472,1.0,1327.1003039539974,1000.0,1318.7392039539973,1000.0,0.23845774811228565,0.0
1819,1710615660000.0,0.0,0.0,241.7,2.8908669424906908,0.0,0.0,2.8396,0.9998716981513472,1.0,1327.0238509159974,1000.0,1314.6326309159974,1000.0,0.5265335204922629,0.0
1820,1710619260000.0,0.0,0.0,241.7,2.8908669424906908,0.0,0.0,2.8356,0.9998716981513472,1.0,1327.0238509159974,1000.0,1313.6658309159975,1000.0,0.5265335204922629,0.0
1821,1710622860000.0,0.0,0.0,241.7,2.8908669424906908,0.0,0.0,2.8789,0.9998716981513472,1.0,1327.0238509159974,1000.0,1324.1314409159975,1000.0,0.5265335204922629,0.0
1822,1710626460000.0,0.0,0.0,241.7,2.8908669424906908,0.0,0.0,2.8372,0.9998716981513472,1.0,1327.0238509159974,1000.0,1314.0525509159975,1000.0,0.5265335204922629,0.0
1823,1710630060000.0,0.0,0.0,241.7,2.8908669424906908,0.0,0.0,2.8424,0.9998716981513472,1.0,1327.0238509159974,1000.0,1315.3093909159975,1000.0,0.5265335204922629,0.0
1824,1710633660000.0,0.0,0.0,241.7,2.8908669424906908,0.0,0.0,2.8756,0.9998716981513472,1.0,1327.0238509159974,1000.0,1323.3338309159974,1000.0,0.5265335204922629,0.0
1825,1710637260000.0,0.0,0.0,241.7,2.8908669424906908,0.0,0.0,2.8389,0.9998716981513472,1.0,1327.0238509159974,1000.0,1314.4634409159976,1000.0,0.5265335204922629,0.0
1826,1710640860000.0,0.0,0.0,241.7,2.8908669424906908,0.0,0.0,2.8682,0.9998716981513472,1.0,1327.0238509159974,1000.0,1321.5452509159975,1000.0,0.5265335204922629,0.0
1827,1710644460000.0,0.0,0.0,241.7,2.8908669424906908,0.0,0.0,2.8902,0.9998716981513472,1.0,1327.0238509159974,1000.0,1326.8626509159974,1000.0,0.5265335204922629,0.0
1828,1710648060000.0,0.0,0.0,241.7,2.8908669424906908,0.0,0.0,2.9157,0.9998716981513472,1.0,1327.0238509159974,1000.0,1333.0260009159974,1000.0,0.5265335204922629,0.0
1829,1710651660000.0,0.0,0.0,241.7,2.8908669424906908,0.0,0.0,2.8931,0.9998716981513472,1.0,1327.0238509159974,1000.0,1327.5635809159974,1000.0,0.5265335204922629,0.0
1830,1710655260000.0,0.0,0.0,241.7,2.8908669424906908,0.0,0.0,2.8827,0.9998716981513472,1.0,1327.0238509159974,1000.0,1325.0499009159973,1000.0,0.5265335204922629,0.0
1831,1710658860000.0,0.0,0.0,241.7,2.8908669424906908,0.0,0.0,2.8056,0.9998716981513472,1.0,1327.0238509159974,1000.0,1306.4148309159975,1000.0,0.5265335204922629,0.0
1832,1710662460000.0,0.0,0.0,363.8,2.834124024189115,0.0,0.0,2.817,0.9998716981513472,1.0,1326.9573845599973,1000.0,1320.7276645599975,1000.0,0.7770063545348028,0.0
1833,1710666060000.0,0.0,0.0,32.4,2.834124024189115,0.0,0.0,2.9054,0.9998716981513472,1.0,1343.3510702337248,1000.0,1345.6604118499974,1000.0,0.06835563719597954,0.0
1834,1710669660000.0,0.0,0.0,0.0,2.834124024189115,0.0,0.0,2.9111,0.9998716981513472,1.0,1345.8877956059973,1000.0,1345.8877956059973,1000.0,0.0,0.0
1835,1710673260000.0,0.0,0.0,0.0,2.834124024189115,0.0,0.0,2.9561,0.9998716981513472,1.0,1345.8877956059973,1000.0,1345.8877956059973,1000.0,0.0,0.0
1836,1710676860000.0,0.0,0.0,0.0,2.834124024189115,0.0,0.0,2.9301,0.9998716981513472,1.0,1345.8877956059973,1000.0,1345.8877956059973,1000.0,0.0,0.0
1837,1710680460000.0,0.0,0.0,16.7,2.8805,0.0,0.0,2.9106,0.9998716981513472,1.0,1345.8781747359974,1000.0,1346.3808447359975,1000.0,0.035741979402731584,0.0
1838,1710684060000.0,0.0,0.0,2.3,2.8805,0.0,0.0,2.919,0.9998716981513472,1.0,1346.4284871519972,1000.0,1346.517037151997,1000.0,0.0049205361170081155,0.0
1839,1710687660000.0,0.0,0.0,0.1,2.8805,0.0,0.0,2.9438,0.9998716981513472,1.0,1346.538167537997,1000.0,1346.544497537997,1000.0,0.00021391892702653137,0.0
1840,1710691260000.0,0.0,0.0,0.0,2.8805,0.0,0.0,2.9555,0.9998716981513472,1.0,1346.5430889319969,1000.0,1346.5430889319969,1000.0,0.0,0.0
1841,1710694860000.0,0.0,0.0,0.0,2.8805,0.0,0.0,2.9419,0.9998716981513472,1.0,1346.5430889319969,1000.0,1346.5430889319969,1000.0,0.0,0.0
1842,1710698460000.0,0.0,0.0,0.0,2.8805,0.0,0.0,2.9624,0.9998716981513472,1.0,1346.5430889319969,1000.0,1346.5430889319969,1000.0,0.0,0.0
1843,1710702060000.0,0.0,0.0,0.0,2.8805,0.0,0.0,2.955,0.9998716981513472,1.0,1346.5430889319969,1000.0,1346.5430889319969,1000.0,0.0,0.0
1844,1710705660000.0,0.0,0.0,0.0,2.8805,0.0,0.0,2.9708,0.9998716981513472,1.0,1346.5430889319969,1000.0,1346.5430889319969,1000.0,0.0,0.0
1845,1710709260000.0,0.0,0.0,0.0,2.8805,0.0,0.0,2.9596,0.9998716981513472,1.0,1346.5430889319969,1000.0,1346.5430889319969,1000.0,0.0,0.0
1846,1710712860000.0,0.0,0.0,0.0,2.8805,0.0,0.0,2.9696,0.9998716981513472,1.0,1346.5430889319969,1000.0,1346.5430889319969,1000.0,0.0,0.0
1847,1710716460000.0,0.0,0.0,0.0,2.8805,0.0,0.0,2.9746,0.9998716981513472,1.0,1346.5430889319969,1000.0,1346.5430889319969,1000.0,0.0,0.0
1848,1710720060000.0,0.0,0.0,0.0,2.8805,0.0,0.0,2.9573,0.9998716981513472,1.0,1346.5430889319969,1000.0,1346.5430889319969,1000.0,0.0,0.0
1849,1710723660000.0,0.0,0.0,16.4,2.9288,0.0,0.0,2.9018,0.9998716981513472,1.0,1346.533482467997,1000.0,1346.0906824679969,1000.0,0.035671092197398495,0.0
1850,1710727260000.0,0.0,0.0,27.5,2.907421212121212,0.0,0.0,2.9397,0.9998716981513472,1.0,1346.7234945553303,1000.0,1347.611161221997,1000.0,0.059369338737001155,0.0
1851,1710730860000.0,0.0,0.0,3.5,2.907421212121212,0.0,0.0,2.958,0.9998716981513472,1.0,1347.6359845164213,1000.0,1347.8130102739972,1000.0,0.007550981392112155,0.0
1852,1710734460000.0,0.0,0.0,16.4,2.9232286770140434,0.0,0.0,2.9108,0.9998716981513472,1.0,1347.7070007430273,1000.0,1347.503170439997,1000.0,0.03557223511979916,0.0
1853,1710738060000.0,0.0,0.0,16.4,2.9232286770140434,0.0,0.0,2.9376,0.9998716981513472,1.0,1347.7070007430273,1000.0,1347.942690439997,1000.0,0.03557223511979916,0.0
1854,1710741660000.0,0.0,0.0,8.8,2.9232286770140434,0.0,0.0,2.9702,0.9998716981513472,1.0,1348.0503799117207,1000.0,1348.4637275539972,1000.0,0.019082678764133568,0.0
1855,1710745260000.0,0.0,0.0,3.7,2.9232286770140434,0.0,0.0,2.944,0.9998716981513472,1.0,1348.236424152949,1000.0,1348.313278047997,1000.0,0.008022291870468677,0.0
1856,1710748860000.0,0.0,0.0,16.4,2.9258393966434126,0.0,0.0,2.9281,0.9998716981513472,1.0,1348.228990588949,1000.0,1348.266064483997,1000.0,0.03559021979195918,0.0
1857,1710752460000.0,0.0,0.0,33.1,2.904427374771962,0.0,0.0,2.8941,0.9998716981513472,1.0,1348.219360032949,1000.0,1347.8775239279971,1000.0,0.07130630886549684,0.0
1858,1710756060000.0,0.0,0.0,49.9,2.8871131483958306,0.0,0.0,2.8748,0.9998716981513472,1.0,1348.209773952949,1000.0,1347.5953478479971,1000.0,0.10685796000614049,0.0
1859,1710759660000.0,0.0,0.0,49.9,2.8871131483958306,0.0,0.0,2.8932,0.9998716981513472,1.0,1348.209773952949,1000.0,1348.513507847997,1000.0,0.10685796000614049,0.0
1860,1710763260000.0,0.0,0.0,29.0,2.8871131483958306,0.0,0.0,2.9004,0.9998716981513472,1.0,1348.9622180854763,1000.0,1349.3475367819972,1000.0,0.06206718037092853,0.0
1861,1710766860000.0,0.0,0.0,29.0,2.8871131483958306,0.0,0.0,2.9025,0.9998716981513472,1.0,1348.9622180854763,1000.0,1349.4084367819971,1000.0,0.06206718037092853,0.0
1862,1710770460000.0,0.0,0.0,45.9,2.8691773704461676,0.0,0.0,2.8259,0.9998716981513472,1.0,1348.9526242934762,1000.0,1346.9661929899971,1000.0,0.09762777352722482,0.0
1863,1710774060000.0,0.0,0.0,104.0,2.8265079933026835,0.0,0.0,2.8093,0.9998716981513472,1.0,1348.9201719754763,1000.0,1347.130540671997,1000.0,0.21792010929229644,0.0
1864,1710777660000.0,0.0,0.0,104.0,2.8265079933026835,0.0,0.0,2.8132,0.9998716981513472,1.0,1348.9201719754763,1000.0,1347.5361406719971,1000.0,0.21792010929229644,0.0
1865,1710781260000.0,0.0,0.0,104.0,2.8265079933026835,0.0,0.0,2.7832,0.9998716981513472,1.0,1348.9201719754763,1000.0,1344.4161406719973,1000.0,0.21792010929229644,0.0
1866,1710784860000.0,0.0,0.0,104.0,2.8265079933026835,0.0,0.0,2.7907,0.9998716981513472,1.0,1348.9201719754763,1000.0,1345.1961406719972,1000.0,0.21792010929229644,0.0
1867,1710788460000.0,0.0,0.0,104.0,2.8265079933026835,0.0,0.0,2.7753,0.9998716981513472,1.0,1348.9201719754763,1000.0,1343.5945406719973,1000.0,0.21792010929229644,0.0
1868,1710792060000.0,0.0,0.0,104.0,2.8265079933026835,0.0,0.0,2.7943,0.9998716981513472,1.0,1348.9201719754763,1000.0,1345.5705406719972,1000.0,0.21792010929229644,0.0
1869,1710795660000.0,0.0,0.0,104.0,2.8265079933026835,0.0,0.0,2.8169,0.9998716981513472,1.0,1348.9201719754763,1000.0,1347.9209406719972,1000.0,0.21792010929229644,0.0
1870,1710799260000.0,0.0,0.0,72.3,2.8265079933026835,0.0,0.0,2.8245,0.9998716981513472,1.0,1350.0398009717812,1000.0,1349.8946230559973,1000.0,0.15137074312082113,0.0
1871,1710802860000.0,0.0,0.0,72.3,2.8265079933026835,0.0,0.0,2.8199,0.9998716981513472,1.0,1350.0398009717812,1000.0,1349.5620430559973,1000.0,0.15137074312082113,0.0
1872,1710806460000.0,0.0,0.0,72.3,2.8265079933026835,0.0,0.0,2.8418,0.9998716981513472,1.0,1350.0398009717812,1000.0,1351.1454130559973,1000.0,0.15137074312082113,0.0
1873,1710810060000.0,0.0,0.0,52.7,2.8095442080757858,0.0,0.0,2.7748,0.9998716981513472,1.0,1351.3473922775916,1000.0,1349.5163725119976,1000.0,0.10956692602636041,0.0
1874,1710813660000.0,0.0,0.0,119.4,2.7653100482880557,0.0,0.0,2.6984,0.9998716981513472,1.0,1351.3109692695916,1000.0,1343.3219095039979,1000.0,0.2443390361465512,0.0
1875,1710817260000.0,0.0,0.0,119.4,2.7653100482880557,0.0,0.0,2.707,0.9998716981513472,1.0,1351.3109692695916,1000.0,1344.3487495039979,1000.0,0.2443390361465512,0.0
1876,1710820860000.0,0.0,0.0,179.7,2.7345023359242844,0.0,0.0,2.7028,0.9998716981513472,1.0,1351.2787268595916,1000.0,1345.5818170939976,1000.0,0.363648194852884,0.0
1877,1710824460000.0,0.0,0.0,179.7,2.7345023359242844,0.0,0.0,2.6574,0.9998716981513472,1.0,1351.2787268595916,1000.0,1337.4234370939978,1000.0,0.363648194852884,0.0
1878,1710828060000.0,0.0,0.0,270.5,2.6942205906306613,0.0,0.0,2.6409,0.9998716981513472,1.0,1351.2312475395915,1000.0,1336.8080277739975,1000.0,0.5393500713461262,0.0
1879,1710831660000.0,0.0,0.0,270.5,2.6942205906306613,0.0,0.0,2.6197,0.9998716981513472,1.0,1351.2312475395915,1000.0,1331.0734277739975,1000.0,0.5393500713461262,0.0
1880,1710835260000.0,0.0,0.0,270.5,2.6942205906306613,0.0,0.0,2.643,0.9998716981513472,1.0,1351.2312475395915,1000.0,1337.3760777739976,1000.0,0.5393500713461262,0.0
1881,1710838860000.0,0.0,0.0,270.5,2.6942205906306613,0.0,0.0,2.58,0.9998716981513472,1.0,1351.2312475395915,1000.0,1320.3345777739976,1000.0,0.5393500713461262,0.0
1882,1710842460000.0,0.0,0.0,407.1,2.640291745923837,0.0,0.0,2.6291,0.9998716981513472,1.0,1351.1620323195916,1000.0,1346.6058725539976,1000.0,0.7955098974475593,0.0
1883,1710846060000.0,0.0,0.0,407.1,2.640291745923837,0.0,0.0,2.5952,0.9998716981513472,1.0,1351.1620323195916,1000.0,1332.8051825539976,1000.0,0.7955098974475593,0.0
1884,1710849660000.0,0.0,0.0,407.1,2.640291745923837,0.0,0.0,2.6454,0.9998716981513472,1.0,1351.1620323195916,1000.0,1353.2416025539976,1000.0,0.7955098974475593,0.0
1885,1710853260000.0,0.0,0.0,73.0,2.640291745923837,0.0,0.0,2.6687,0.9998716981513472,1.0,1363.2506422144374,1000.0,1365.3244447619973,1000.0,0.14138361023571933,0.0
1886,1710856860000.0,0.0,0.0,73.0,2.640291745923837,0.0,0.0,2.6122,0.9998716981513472,1.0,1363.2506422144374,1000.0,1361.1999447619974,1000.0,0.14138361023571933,0.0
1887,1710860460000.0,0.0,0.0,73.0,2.640291745923837,0.0,0.0,2.6121,0.9998716981513472,1.0,1363.2506422144374,1000.0,1361.1926447619974,1000.0,0.14138361023571933,0.0
1888,1710864060000.0,0.0,0.0,12.3,2.640291745923837,0.0,0.0,2.7136,0.9998716981513472,1.0,1366.0417253548605,1000.0,1366.9434168799974,1000.0,0.0237734967183575,0.0
1889,1710867660000.0,0.0,0.0,0.0,2.640291745923837,0.0,0.0,2.7074,0.9998716981513472,1.0,1366.7490489699974,1000.0,1366.7490489699974,1000.0,0.0,0.0
1890,1710871260000.0,0.0,0.0,0.0,2.640291745923837,0.0,0.0,2.7054,0.9998716981513472,1.0,1366.7490489699974,1000.0,1366.7490489699974,1000.0,0.0,0.0
1891,1710874860000.0,0.0,0.0,0.0,2.640291745923837,0.0,0.0,2.6973,0.9998716981513472,1.0,1366.7490489699974,1000.0,1366.7490489699974,1000.0,0.0,0.0
1892,1710878460000.0,0.0,0.0,0.0,2.640291745923837,0.0,0.0,2.7031,0.9998716981513472,1.0,1366.7490489699974,1000.0,1366.7490489699974,1000.0,0.0,0.0
1893,1710882060000.0,0.0,0.0,18.3,2.6651,0.0,0.0,2.6579,0.9998716981513472,1.0,1366.7392947039973,1000.0,1366.6075347039973,1000.0,0.03568444266509707,0.0
1894,1710885660000.0,0.0,0.0,0.0,2.6456951086956524,0.0,0.0,2.694,0.9998716981513472,1.0,1368.8737315259978,1000.0,1368.8737315259978,1000.0,0.0,0.0
1895,1710889260000.0,0.0,0.0,55.7,2.6255662477558346,0.0,0.0,2.5975,0.9998716981513472,1.0,1368.8444827179978,1000.0,1367.2811927179978,1000.0,0.10683758589552529,0.0
1896,1710892860000.0,0.0,0.0,126.1,2.5847710547184772,0.0,0.0,2.5942,0.9998716981513472,1.0,1368.8085435999978,1000.0,1369.997533599998,1000.0,0.2381192253101893,0.0
1897,1710896460000.0,0.0,0.0,70.1,2.5847710547184772,0.0,0.0,2.612,0.9998716981513472,1.0,1370.8258557657632,1000.0,1372.734604829998,1000.0,0.13217758490158366,0.0
1898,1710900060000.0,0.0,0.0,70.1,2.5847710547184772,0.0,0.0,2.552,0.9998716981513472,1.0,1370.8258557657632,1000.0,1368.528604829998,1000.0,0.13217758490158366,0.0
1899,1710903660000.0,0.0,0.0,70.1,2.5847710547184772,0.0,0.0,2.6097,0.9998716981513472,1.0,1370.8258557657632,1000.0,1372.5733748299979,1000.0,0.13217758490158366,0.0
1900,1710907260000.0,0.0,0.0,18.9,2.5847710547184772,0.0,0.0,2.5738,0.9998716981513472,1.0,1372.951039292177,1000.0,1372.7436863579978,1000.0,0.03558187549015942,0.0
1901,1710910860000.0,0.0,0.0,57.5,2.5505744858118127,0.0,0.0,2.536,0.9998716981513472,1.0,1372.931478120177,1000.0,1372.0934451859978,1000.0,0.10682108704724577,0.0
1902,1710914460000.0,0.0,0.0,86.5,2.532713675539644,0.0,0.0,2.5285,0.9998716981513472,1.0,1372.9169937801769,1000.0,1372.5525108459976,1000.0,0.15957245334327688,0.0
1903,1710918060000.0,0.0,0.0,29.1,2.532713675539644,0.0,0.0,2.571,0.9998716981513472,1.0,1374.7350437522011,1000.0,1375.8491757939976,1000.0,0.053611761985088796,0.0
1904,1710921660000.0,0.0,0.0,0.0,2.532713675539644,0.0,0.0,2.6616,0.9998716981513472,1.0,1376.5726848499974,1000.0,1376.5726848499974,1000.0,0.0,0.0
1905,1710925260000.0,0.0,0.0,0.0,2.532713675539644,0.0,0.0,2.6298,0.9998716981513472,1.0,1376.5726848499974,1000.0,1376.5726848499974,1000.0,0.0,0.0
1906,1710928860000.0,0.0,0.0,0.0,2.532713675539644,0.0,0.0,2.6376,0.9998716981513472,1.0,1376.5726848499974,1000.0,1376.5726848499974,1000.0,0.0,0.0
1907,1710932460000.0,0.0,0.0,0.0,2.532713675539644,0.0,0.0,2.6318,0.9998716981513472,1.0,1376.5726848499974,1000.0,1376.5726848499974,1000.0,0.0,0.0
1908,1710936060000.0,0.0,0.0,0.0,2.532713675539644,0.0,0.0,2.6678,0.9998716981513472,1.0,1376.5726848499974,1000.0,1376.5726848499974,1000.0,0.0,0.0
1909,1710939660000.0,0.0,0.0,0.0,2.532713675539644,0.0,0.0,2.7066,0.9998716981513472,1.0,1376.5726848499974,1000.0,1376.5726848499974,1000.0,0.0,0.0
1910,1710943260000.0,0.0,0.0,0.0,2.532713675539644,0.0,0.0,2.6844,0.9998716981513472,1.0,1376.5726848499974,1000.0,1376.5726848499974,1000.0,0.0,0.0
1911,1710946860000.0,0.0,0.0,0.0,2.532713675539644,0.0,0.0,2.725,0.9998716981513472,1.0,1376.5726848499974,1000.0,1376.5726848499974,1000.0,0.0,0.0
1912,1710950460000.0,0.0,0.0,0.0,2.532713675539644,0.0,0.0,2.6465,0.9998716981513472,1.0,1376.5726848499974,1000.0,1376.5726848499974,1000.0,0.0,0.0
1913,1710954060000.0,0.0,0.0,32.9,2.602507067137809,0.0,0.0,2.6206,0.9998716981513472,1.0,1377.3126647088316,1000.0,1377.9079221999975,1000.0,0.06216633644832911,0.0
1914,1710957660000.0,0.0,0.0,0.0,2.602507067137809,0.0,0.0,2.7065,0.9998716981513472,1.0,1379.0969573479977,1000.0,1379.0969573479977,1000.0,0.0,0.0
1915,1710961260000.0,0.0,0.0,0.0,2.602507067137809,0.0,0.0,2.8178,0.9998716981513472,1.0,1379.0969573479977,1000.0,1379.0969573479977,1000.0,0.0,0.0
1916,1710964860000.0,0.0,0.0,0.0,2.602507067137809,0.0,0.0,2.8435,0.9998716981513472,1.0,1379.0969573479977,1000.0,1379.0969573479977,1000.0,0.0,0.0
1917,1710968460000.0,0.0,0.0,0.0,2.602507067137809,0.0,0.0,2.919,0.9998716981513472,1.0,1379.0969573479977,1000.0,1379.0969573479977,1000.0,0.0,0.0
1918,1710972060000.0,0.0,0.0,0.0,2.602507067137809,0.0,0.0,2.9373,0.9998716981513472,1.0,1379.0969573479977,1000.0,1379.0969573479977,1000.0,0.0,0.0
1919,1710975660000.0,0.0,0.0,0.0,2.602507067137809,0.0,0.0,2.9022,0.9998716981513472,1.0,1379.0969573479977,1000.0,1379.0969573479977,1000.0,0.0,0.0
1920,1710979260000.0,0.0,0.0,0.0,2.602507067137809,0.0,0.0,2.8947,0.9998716981513472,1.0,1379.0969573479977,1000.0,1379.0969573479977,1000.0,0.0,0.0
1921,1710982860000.0,0.0,0.0,0.0,2.602507067137809,0.0,0.0,2.9244,0.9998716981513472,1.0,1379.0969573479977,1000.0,1379.0969573479977,1000.0,0.0,0.0
1922,1710986460000.0,0.0,0.0,0.0,2.602507067137809,0.0,0.0,2.9826,0.9998716981513472,1.0,1379.0969573479977,1000.0,1379.0969573479977,1000.0,0.0,0.0
1923,1710990060000.0,0.0,0.0,0.0,2.602507067137809,0.0,0.0,2.9752,0.9998716981513472,1.0,1379.0969573479977,1000.0,1379.0969573479977,1000.0,0.0,0.0
1924,1710993660000.0,0.0,0.0,0.0,2.602507067137809,0.0,0.0,2.9462,0.9998716981513472,1.0,1379.0969573479977,1000.0,1379.0969573479977,1000.0,0.0,0.0
1925,1710997260000.0,0.0,0.0,0.0,2.602507067137809,0.0,0.0,2.9142,0.9998716981513472,1.0,1379.0969573479977,1000.0,1379.0969573479977,1000.0,0.0,0.0
1926,1711000860000.0,0.0,0.0,0.0,2.602507067137809,0.0,0.0,2.9224,0.9998716981513472,1.0,1379.0969573479977,1000.0,1379.0969573479977,1000.0,0.0,0.0
1927,1711004460000.0,0.0,0.0,0.0,2.602507067137809,0.0,0.0,2.8901,0.9998716981513472,1.0,1379.0969573479977,1000.0,1379.0969573479977,1000.0,0.0,0.0
1928,1711008060000.0,0.0,0.0,0.0,2.602507067137809,0.0,0.0,2.9004,0.9998716981513472,1.0,1379.0969573479977,1000.0,1379.0969573479977,1000.0,0.0,0.0
1929,1711011660000.0,0.0,0.0,0.0,2.602507067137809,0.0,0.0,2.9114,0.9998716981513472,1.0,1379.0969573479977,1000.0,1379.0969573479977,1000.0,0.0,0.0
1930,1711015260000.0,0.0,0.0,0.0,2.602507067137809,0.0,0.0,2.9056,0.9998716981513472,1.0,1379.0969573479977,1000.0,1379.0969573479977,1000.0,0.0,0.0
1931,1711018860000.0,0.0,0.0,0.0,2.602507067137809,0.0,0.0,2.9093,0.9998716981513472,1.0,1379.0969573479977,1000.0,1379.0969573479977,1000.0,0.0,0.0
1932,1711022460000.0,0.0,0.0,0.0,2.602507067137809,0.0,0.0,2.9016,0.9998716981513472,1.0,1379.0969573479977,1000.0,1379.0969573479977,1000.0,0.0,0.0
1933,1711026060000.0,0.0,0.0,0.0,2.602507067137809,0.0,0.0,2.9013,0.9998716981513472,1.0,1379.0969573479977,1000.0,1379.0969573479977,1000.0,0.0,0.0
1934,1711029660000.0,0.0,0.0,0.0,2.602507067137809,0.0,0.0,2.9137,0.9998716981513472,1.0,1379.0969573479977,1000.0,1379.0969573479977,1000.0,0.0,0.0
1935,1711033260000.0,0.0,0.0,0.0,2.602507067137809,0.0,0.0,2.9171,0.9998716981513472,1.0,1379.0969573479977,1000.0,1379.0969573479977,1000.0,0.0,0.0
1936,1711036860000.0,0.0,0.0,0.0,2.602507067137809,0.0,0.0,2.9081,0.9998716981513472,1.0,1379.0969573479977,1000.0,1379.0969573479977,1000.0,0.0,0.0
1937,1711040460000.0,0.0,0.0,0.0,2.602507067137809,0.0,0.0,2.9446,0.9998716981513472,1.0,1379.0969573479977,1000.0,1379.0969573479977,1000.0,0.0,0.0
1938,1711044060000.0,0.0,0.0,17.0,2.8863,0.0,0.0,2.9057,0.9998716981513472,1.0,1379.0871439279977,1000.0,1379.4169439279976,1000.0,0.035579404982519214,0.0
1939,1711047660000.0,0.0,0.0,34.3,2.865217201166181,0.0,0.0,2.8492,0.9998716981513472,1.0,1379.0773019579976,1000.0,1378.5279119579977,1000.0,0.0712628290382762,0.0
1940,1711051260000.0,0.0,0.0,34.3,2.865217201166181,0.0,0.0,2.8422,0.9998716981513472,1.0,1379.0773019579976,1000.0,1378.2878119579975,1000.0,0.0712628290382762,0.0
1941,1711054860000.0,0.0,0.0,34.3,2.865217201166181,0.0,0.0,2.8635,0.9998716981513472,1.0,1379.0773019579976,1000.0,1379.0184019579976,1000.0,0.0712628290382762,0.0
1942,1711058460000.0,0.0,0.0,34.3,2.865217201166181,0.0,0.0,2.8683,0.9998716981513472,1.0,1379.0773019579976,1000.0,1379.1830419579976,1000.0,0.0712628290382762,0.0
1943,1711062060000.0,0.0,0.0,34.3,2.865217201166181,0.0,0.0,2.8506,0.9998716981513472,1.0,1379.0773019579976,1000.0,1378.5759319579977,1000.0,0.0712628290382762,0.0
1944,1711065660000.0,0.0,0.0,34.3,2.865217201166181,0.0,0.0,2.8404,0.9998716981513472,1.0,1379.0773019579976,1000.0,1378.2260719579976,1000.0,0.0712628290382762,0.0
1945,1711069260000.0,0.0,0.0,51.8,2.848083011583012,0.0,0.0,2.8119,0.9998716981513472,1.0,1379.0674512079977,1000.0,1377.1931712079977,1000.0,0.10697859620337649,0.0
1946,1711072860000.0,0.0,0.0,51.8,2.848083011583012,0.0,0.0,2.8081,0.9998716981513472,1.0,1379.0674512079977,1000.0,1376.9963312079976,1000.0,0.10697859620337649,0.0
1947,1711076460000.0,0.0,0.0,78.0,2.8281028205128207,0.0,0.0,2.8129,0.9998716981513472,1.0,1379.0528389439976,1000.0,1377.8670189439977,1000.0,0.15995907754261046,0.0
1948,1711080060000.0,0.0,0.0,54.2,2.8281028205128207,0.0,0.0,2.8567,0.9998716981513472,1.0,1379.8935591757925,1000.0,1381.4435263039975,1000.0,0.11108333092253189,0.0
1949,1711083660000.0,0.0,0.0,14.8,2.8281028205128207,0.0,0.0,2.8764,0.9998716981513472,1.0,1381.332130367587,1000.0,1382.0469286239972,1000.0,0.030301128036782466,0.0
1950,1711087260000.0,0.0,0.0,1.6,2.8281028205128207,0.0,0.0,2.8885,0.9998716981513472,1.0,1381.886794496818,1000.0,1381.9834299839977,1000.0,0.0032744827802397326,0.0
1951,1711090860000.0,0.0,0.0,0.0,2.8281028205128207,0.0,0.0,2.8781,0.9998716981513472,1.0,1381.9875046639982,1000.0,1381.9875046639982,1000.0,0.0,0.0
1952,1711094460000.0,0.0,0.0,0.0,2.8281028205128207,0.0,0.0,2.8742,0.9998716981513472,1.0,1381.9875046639982,1000.0,1381.9875046639982,1000.0,0.0,0.0
1953,1711098060000.0,0.0,0.0,17.3,2.8468,0.0,0.0,2.8579,0.9998716981513472,1.0,1381.9776547359982,1000.0,1382.169684735998,1000.0,0.035637074037501895,0.0
1954,1711101660000.0,0.0,0.0,17.3,2.8468,0.0,0.0,2.8594,0.9998716981513472,1.0,1381.9776547359982,1000.0,1382.195634735998,1000.0,0.035637074037501895,0.0
1955,1711105260000.0,0.0,0.0,34.9,2.8259724928366765,0.0,0.0,2.7938,0.9998716981513472,1.0,1381.9677793759981,1000.0,1380.844959375998,1000.0,0.07136667111336918,0.0
1956,1711108860000.0,0.0,0.0,52.6,2.8091566539923956,0.0,0.0,2.7665,0.9998716981513472,1.0,1381.9579523359982,1000.0,1379.7142123359984,1000.0,0.10692195066443991,0.0
1957,1711112460000.0,0.0,0.0,79.2,2.7894563131313133,0.0,0.0,2.7616,0.9998716981513472,1.0,1381.9433196759983,1000.0,1379.7370996759983,1000.0,0.1598654133309872,0.0
1958,1711116060000.0,0.0,0.0,119.2,2.7654776845637588,0.0,0.0,2.7095,0.9998716981513472,1.0,1381.9215756759984,1000.0,1375.2490356759984,1000.0,0.23854098944706523,0.0
1959,1711119660000.0,0.0,0.0,119.2,2.7654776845637588,0.0,0.0,2.6933,0.9998716981513472,1.0,1381.9215756759984,1000.0,1373.3179956759984,1000.0,0.23854098944706523,0.0
1960,1711123260000.0,0.0,0.0,119.2,2.7654776845637588,0.0,0.0,2.7346,0.9998716981513472,1.0,1381.9215756759984,1000.0,1378.2409556759983,1000.0,0.23854098944706523,0.0
1961,1711126860000.0,0.0,0.0,119.2,2.7654776845637588,0.0,0.0,2.7223,0.9998716981513472,1.0,1381.9215756759984,1000.0,1376.7747956759983,1000.0,0.23854098944706523,0.0
1962,1711130460000.0,0.0,0.0,119.2,2.7654776845637588,0.0,0.0,2.7278,0.9998716981513472,1.0,1381.9215756759984,1000.0,1377.4303956759984,1000.0,0.23854098944706523,0.0
1963,1711134060000.0,0.0,0.0,119.2,2.7654776845637588,0.0,0.0,2.7248,0.9998716981513472,1.0,1381.9215756759984,1000.0,1377.0727956759983,1000.0,0.23854098944706523,0.0
1964,1711137660000.0,0.0,0.0,119.2,2.7654776845637588,0.0,0.0,2.7325,0.9998716981513472,1.0,1381.9215756759984,1000.0,1377.9906356759984,1000.0,0.23854098944706523,0.0
1965,1711141260000.0,0.0,0.0,119.2,2.7654776845637588,0.0,0.0,2.7082,0.9998716981513472,1.0,1381.9215756759984,1000.0,1375.0940756759983,1000.0,0.23854098944706523,0.0
1966,1711144860000.0,0.0,0.0,179.4,2.7351502787068007,0.0,0.0,2.7023,0.9998716981513472,1.0,1381.8893674719984,1000.0,1375.9960274719983,1000.0,0.35508338912662124,0.0
1967,1711148460000.0,0.0,0.0,179.4,2.7351502787068007,0.0,0.0,2.7053,0.9998716981513472,1.0,1381.8893674719984,1000.0,1376.5342274719983,1000.0,0.35508338912662124,0.0
1968,1711152060000.0,0.0,0.0,179.4,2.7351502787068007,0.0,0.0,2.7311,0.9998716981513472,1.0,1381.8893674719984,1000.0,1381.1627474719983,1000.0,0.35508338912662124,0.0
1969,1711155660000.0,0.0,0.0,24.8,2.7351502787068007,0.0,0.0,2.7842,0.9998716981513472,1.0,1387.784487359927,1000.0,1389.0009204479984,1000.0,0.048877709420840534,0.0
1970,1711159260000.0,0.0,0.0,0.0,2.7351502787068007,0.0,0.0,2.8576,0.9998716981513472,1.0,1389.477872643998,1000.0,1389.477872643998,1000.0,0.0,0.0
1971,1711162860000.0,0.0,0.0,0.0,2.7351502787068007,0.0,0.0,2.8115,0.9998716981513472,1.0,1389.477872643998,1000.0,1389.477872643998,1000.0,0.0,0.0
1972,1711166460000.0,0.0,0.0,0.0,2.7351502787068007,0.0,0.0,2.796,0.9998716981513472,1.0,1389.477872643998,1000.0,1389.477872643998,1000.0,0.0,0.0
1973,1711170060000.0,0.0,0.0,0.0,2.7351502787068007,0.0,0.0,2.8173,0.9998716981513472,1.0,1389.477872643998,1000.0,1389.477872643998,1000.0,0.0,0.0
1974,1711173660000.0,0.0,0.0,0.0,2.7351502787068007,0.0,0.0,2.8154,0.9998716981513472,1.0,1389.477872643998,1000.0,1389.477872643998,1000.0,0.0,0.0
1975,1711177260000.0,0.0,0.0,0.0,2.7351502787068007,0.0,0.0,2.8252,0.9998716981513472,1.0,1389.477872643998,1000.0,1389.477872643998,1000.0,0.0,0.0
1976,1711180860000.0,0.0,0.0,0.0,2.7351502787068007,0.0,0.0,2.8361,0.9998716981513472,1.0,1389.477872643998,1000.0,1389.477872643998,1000.0,0.0,0.0
1977,1711184460000.0,0.0,0.0,0.0,2.7351502787068007,0.0,0.0,2.8369,0.9998716981513472,1.0,1389.477872643998,1000.0,1389.477872643998,1000.0,0.0,0.0
1978,1711188060000.0,0.0,0.0,0.0,2.7351502787068007,0.0,0.0,2.8422,0.9998716981513472,1.0,1389.477872643998,1000.0,1389.477872643998,1000.0,0.0,0.0
1979,1711191660000.0,0.0,0.0,0.0,2.7351502787068007,0.0,0.0,2.852,0.9998716981513472,1.0,1389.477872643998,1000.0,1389.477872643998,1000.0,0.0,0.0
1980,1711195260000.0,0.0,0.0,0.0,2.7351502787068007,0.0,0.0,2.8373,0.9998716981513472,1.0,1389.477872643998,1000.0,1389.477872643998,1000.0,0.0,0.0
1981,1711198860000.0,0.0,0.0,0.0,2.7351502787068007,0.0,0.0,2.8493,0.9998716981513472,1.0,1389.477872643998,1000.0,1389.477872643998,1000.0,0.0,0.0
1982,1711202460000.0,0.0,0.0,0.0,2.7351502787068007,0.0,0.0,2.8534,0.9998716981513472,1.0,1389.477872643998,1000.0,1389.477872643998,1000.0,0.0,0.0
1983,1711206060000.0,0.0,0.0,0.0,2.7351502787068007,0.0,0.0,2.8784,0.9998716981513472,1.0,1389.477872643998,1000.0,1389.477872643998,1000.0,0.0,0.0
1984,1711209660000.0,0.0,0.0,0.0,2.7351502787068007,0.0,0.0,2.8642,0.9998716981513472,1.0,1389.477872643998,1000.0,1389.477872643998,1000.0,0.0,0.0
1985,1711213260000.0,0.0,0.0,0.0,2.7351502787068007,0.0,0.0,2.8991,0.9998716981513472,1.0,1389.477872643998,1000.0,1389.477872643998,1000.0,0.0,0.0
1986,1711216860000.0,0.0,0.0,0.0,2.7351502787068007,0.0,0.0,2.899,0.9998716981513472,1.0,1389.477872643998,1000.0,1389.477872643998,1000.0,0.0,0.0
1987,1711220460000.0,0.0,0.0,0.0,2.7351502787068007,0.0,0.0,2.9248,0.9998716981513472,1.0,1389.477872643998,1000.0,1389.477872643998,1000.0,0.0,0.0
1988,1711224060000.0,0.0,0.0,0.0,2.7351502787068007,0.0,0.0,2.9143,0.9998716981513472,1.0,1389.477872643998,1000.0,1389.477872643998,1000.0,0.0,0.0
1989,1711227660000.0,0.0,0.0,0.0,2.7351502787068007,0.0,0.0,2.8922,0.9998716981513472,1.0,1389.477872643998,1000.0,1389.477872643998,1000.0,0.0,0.0
1990,1711231260000.0,0.0,0.0,0.0,2.7351502787068007,0.0,0.0,2.9138,0.9998716981513472,1.0,1389.477872643998,1000.0,1389.477872643998,1000.0,0.0,0.0
1991,1711234860000.0,0.0,0.0,0.0,2.7351502787068007,0.0,0.0,2.9314,0.9998716981513472,1.0,1389.477872643998,1000.0,1389.477872643998,1000.0,0.0,0.0
1992,1711238460000.0,0.0,0.0,0.0,2.7351502787068007,0.0,0.0,2.9341,0.9998716981513472,1.0,1389.477872643998,1000.0,1389.477872643998,1000.0,0.0,0.0
1993,1711242060000.0,0.0,0.0,0.0,2.7351502787068007,0.0,0.0,2.9086,0.9998716981513472,1.0,1389.477872643998,1000.0,1389.477872643998,1000.0,0.0,0.0
1994,1711245660000.0,0.0,0.0,17.2,2.8759,0.0,0.0,2.8968,0.9998716981513472,1.0,1389.4679795479979,1000.0,1389.827459547998,1000.0,0.035600302222215593,0.0
1995,1711249260000.0,0.0,0.0,17.2,2.8759,0.0,0.0,2.8812,0.9998716981513472,1.0,1389.4679795479979,1000.0,1389.5591395479978,1000.0,0.035600302222215593,0.0
1996,1711252860000.0,0.0,0.0,17.2,2.8759,0.0,0.0,2.8432,0.9998716981513472,1.0,1389.4679795479979,1000.0,1388.905539547998,1000.0,0.035600302222215593,0.0
1997,1711256460000.0,0.0,0.0,34.7,2.8548697406340056,0.0,0.0,2.8499,0.9998716981513472,1.0,1389.458059847998,1000.0,1389.2856098479979,1000.0,0.07129684793137064,0.0
1998,1711260060000.0,0.0,0.0,20.2,2.8548697406340056,0.0,0.0,2.8738,0.9998716981513472,1.0,1389.9750144188047,1000.0,1390.3574056579978,1000.0,0.04148878085043852,0.0
1999,1711263660000.0,0.0,0.0,20.2,2.8548697406340056,0.0,0.0,2.8521,0.9998716981513472,1.0,1389.9750144188047,1000.0,1389.9190656579979,1000.0,0.04148878085043852,0.0
2000,1711267260000.0,0.0,0.0,20.2,2.8548697406340056,0.0,0.0,2.8688,0.9998716981513472,1.0,1389.9750144188047,1000.0,1390.2564056579977,1000.0,0.04148878085043852,0.0
2001,1711270860000.0,0.0,0.0,14.1,2.8548697406340056,0.0,0.0,2.8908,0.9998716981513472,1.0,1390.1924918589373,1000.0,1390.6991085159978,1000.0,0.02895546018171418,0.0
2002,1711274460000.0,0.0,0.0,14.1,2.8548697406340056,0.0,0.0,2.8746,0.9998716981513472,1.0,1390.1924918589373,1000.0,1390.4706885159978,1000.0,0.02895546018171418,0.0
2003,1711278060000.0,0.0,0.0,9.5,2.8548697406340056,0.0,0.0,2.8754,0.9998716981513472,1.0,1390.3866152140208,1000.0,1390.5816526779977,1000.0,0.019506274182485787,0.0
2004,1711281660000.0,0.0,0.0,3.6,2.8548697406340056,0.0,0.0,2.8942,0.9998716981513472,1.0,1390.6231570062803,1000.0,1390.764745939998,1000.0,0.007390593932297077,0.0
2005,1711285260000.0,0.0,0.0,0.0,2.8548697406340056,0.0,0.0,2.9447,0.9998716981513472,1.0,1390.813172011998,1000.0,1390.813172011998,1000.0,0.0,0.0
2006,1711288860000.0,0.0,0.0,0.0,2.8548697406340056,0.0,0.0,2.9135,0.9998716981513472,1.0,1390.813172011998,1000.0,1390.813172011998,1000.0,0.0,0.0
2007,1711292460000.0,0.0,0.0,0.0,2.8548697406340056,0.0,0.0,2.922,0.9998716981513472,1.0,1390.813172011998,1000.0,1390.813172011998,1000.0,0.0,0.0
2008,1711296060000.0,0.0,0.0,0.0,2.8548697406340056,0.0,0.0,2.9324,0.9998716981513472,1.0,1390.813172011998,1000.0,1390.813172011998,1000.0,0.0,0.0
2009,1711299660000.0,0.0,0.0,0.0,2.8548697406340056,0.0,0.0,2.8989,0.9998716981513472,1.0,1390.813172011998,1000.0,1390.813172011998,1000.0,0.0,0.0
2010,1711303260000.0,0.0,0.0,17.2,2.8815,0.0,0.0,2.8857,0.9998716981513472,1.0,1390.803259651998,1000.0,1390.8754996519979,1000.0,0.03563537808532401,0.0
2011,1711306860000.0,0.0,0.0,7.0,2.8815,0.0,0.0,2.914,0.9998716981513472,1.0,1391.1706267279976,1000.0,1391.3981267279976,1000.0,0.014498940397728616,0.0
2012,1711310460000.0,0.0,0.0,1.6,2.8815,0.0,0.0,2.9227,0.9998716981513472,1.0,1391.3875506919976,1000.0,1391.4534706919976,1000.0,0.0033135268442692676,0.0
2013,1711314060000.0,0.0,0.0,0.0,2.8815,0.0,0.0,2.9428,0.9998716981513472,1.0,1391.4742910759976,1000.0,1391.4742910759976,1000.0,0.0,0.0
2014,1711317660000.0,0.0,0.0,0.0,2.8815,0.0,0.0,2.9499,0.9998716981513472,1.0,1391.4742910759976,1000.0,1391.4742910759976,1000.0,0.0,0.0
2015,1711321260000.0,0.0,0.0,0.0,2.8815,0.0,0.0,2.9628,0.9998716981513472,1.0,1391.4742910759976,1000.0,1391.4742910759976,1000.0,0.0,0.0
2016,1711324860000.0,0.0,0.0,0.0,2.8815,0.0,0.0,2.9713,0.9998716981513472,1.0,1391.4742910759976,1000.0,1391.4742910759976,1000.0,0.0,0.0
2017,1711328460000.0,0.0,0.0,0.0,2.8815,0.0,0.0,2.9474,0.9998716981513472,1.0,1391.4742910759976,1000.0,1391.4742910759976,1000.0,0.0,0.0
2018,1711332060000.0,0.0,0.0,0.0,2.8815,0.0,0.0,2.9592,0.9998716981513472,1.0,1391.4742910759976,1000.0,1391.4742910759976,1000.0,0.0,0.0
2019,1711335660000.0,0.0,0.0,0.0,2.8815,0.0,0.0,2.9442,0.9998716981513472,1.0,1391.4742910759976,1000.0,1391.4742910759976,1000.0,0.0,0.0
2020,1711339260000.0,0.0,0.0,0.0,2.8815,0.0,0.0,2.9425,0.9998716981513472,1.0,1391.4742910759976,1000.0,1391.4742910759976,1000.0,0.0,0.0
2021,1711342860000.0,0.0,0.0,0.0,2.8815,0.0,0.0,2.9716,0.9998716981513472,1.0,1391.4742910759976,1000.0,1391.4742910759976,1000.0,0.0,0.0
2022,1711346460000.0,0.0,0.0,0.0,2.8815,0.0,0.0,2.959,0.9998716981513472,1.0,1391.4742910759976,1000.0,1391.4742910759976,1000.0,0.0,0.0
2023,1711350060000.0,0.0,0.0,0.0,2.8815,0.0,0.0,2.9542,0.9998716981513472,1.0,1391.4742910759976,1000.0,1391.4742910759976,1000.0,0.0,0.0
2024,1711353660000.0,0.0,0.0,16.9,2.9263,0.0,0.0,2.9365,0.9998716981513472,1.0,1391.4644001819977,1000.0,1391.6367801819977,1000.0,0.035541311724203335,0.0
2025,1711357260000.0,0.0,0.0,8.3,2.9263,0.0,0.0,2.972,0.9998716981513472,1.0,1391.7783631339978,1000.0,1392.1576731339978,1000.0,0.017451262818389976,0.0
2026,1711360860000.0,0.0,0.0,1.4,2.9263,0.0,0.0,3.005,0.9998716981513472,1.0,1392.0868823159979,1000.0,1392.1970623159978,1000.0,0.002942934131513523,0.0
2027,1711364460000.0,0.0,0.0,0.0,2.9263,0.0,0.0,3.0111,0.9998716981513472,1.0,1392.2080385519973,1000.0,1392.2080385519973,1000.0,0.0,0.0
2028,1711368060000.0,0.0,0.0,0.0,2.9263,0.0,0.0,2.955,0.9998716981513472,1.0,1392.2080385519973,1000.0,1392.2080385519973,1000.0,0.0,0.0
2029,1711371660000.0,0.0,0.0,0.0,2.9263,0.0,0.0,2.9618,0.9998716981513472,1.0,1392.2080385519973,1000.0,1392.2080385519973,1000.0,0.0,0.0
2030,1711375260000.0,0.0,0.0,0.0,2.9263,0.0,0.0,3.0129,0.9998716981513472,1.0,1392.2080385519973,1000.0,1392.2080385519973,1000.0,0.0,0.0
2031,1711378860000.0,0.0,0.0,0.0,2.9263,0.0,0.0,3.0374,0.9998716981513472,1.0,1392.2080385519973,1000.0,1392.2080385519973,1000.0,0.0,0.0
2032,1711382460000.0,0.0,0.0,0.0,2.9263,0.0,0.0,3.0768,0.9998716981513472,1.0,1392.2080385519973,1000.0,1392.2080385519973,1000.0,0.0,0.0
2033,1711386060000.0,0.0,0.0,0.0,2.9263,0.0,0.0,3.1133,0.9998716981513472,1.0,1392.2080385519973,1000.0,1392.2080385519973,1000.0,0.0,0.0
2034,1711389660000.0,0.0,0.0,0.0,2.9263,0.0,0.0,3.1179,0.9998716981513472,1.0,1392.2080385519973,1000.0,1392.2080385519973,1000.0,0.0,0.0
2035,1711393260000.0,0.0,0.0,0.0,2.9263,0.0,0.0,3.0992,0.9998716981513472,1.0,1392.2080385519973,1000.0,1392.2080385519973,1000.0,0.0,0.0
2036,1711396860000.0,0.0,0.0,0.0,2.9263,0.0,0.0,3.136,0.9998716981513472,1.0,1392.2080385519973,1000.0,1392.2080385519973,1000.0,0.0,0.0
2037,1711400460000.0,0.0,0.0,0.0,2.9263,0.0,0.0,3.1264,0.9998716981513472,1.0,1392.2080385519973,1000.0,1392.2080385519973,1000.0,0.0,0.0
2038,1711404060000.0,0.0,0.0,0.0,2.9263,0.0,0.0,3.1209,0.9998716981513472,1.0,1392.2080385519973,1000.0,1392.2080385519973,1000.0,0.0,0.0
2039,1711407660000.0,0.0,0.0,0.0,2.9263,0.0,0.0,3.1069,0.9998716981513472,1.0,1392.2080385519973,1000.0,1392.2080385519973,1000.0,0.0,0.0
2040,1711411260000.0,0.0,0.0,0.0,2.9263,0.0,0.0,3.0856,0.9998716981513472,1.0,1392.2080385519973,1000.0,1392.2080385519973,1000.0,0.0,0.0
2041,1711414860000.0,0.0,0.0,0.0,2.9263,0.0,0.0,3.0997,0.9998716981513472,1.0,1392.2080385519973,1000.0,1392.2080385519973,1000.0,0.0,0.0
2042,1711418460000.0,0.0,0.0,0.0,2.9263,0.0,0.0,3.1219,0.9998716981513472,1.0,1392.2080385519973,1000.0,1392.2080385519973,1000.0,0.0,0.0
2043,1711422060000.0,0.0,0.0,0.0,2.9263,0.0,0.0,3.1311,0.9998716981513472,1.0,1392.2080385519973,1000.0,1392.2080385519973,1000.0,0.0,0.0
2044,1711425660000.0,0.0,0.0,0.0,2.9263,0.0,0.0,3.1439,0.9998716981513472,1.0,1392.2080385519973,1000.0,1392.2080385519973,1000.0,0.0,0.0
2045,1711429260000.0,0.0,0.0,0.0,2.9263,0.0,0.0,3.1479,0.9998716981513472,1.0,1392.2080385519973,1000.0,1392.2080385519973,1000.0,0.0,0.0
2046,1711432860000.0,0.0,0.0,0.0,2.9263,0.0,0.0,3.171,0.9998716981513472,1.0,1392.2080385519973,1000.0,1392.2080385519973,1000.0,0.0,0.0
2047,1711436460000.0,0.0,0.0,0.0,2.9263,0.0,0.0,3.1807,0.9998716981513472,1.0,1392.2080385519973,1000.0,1392.2080385519973,1000.0,0.0,0.0
2048,1711440060000.0,0.0,0.0,0.0,2.9263,0.0,0.0,3.1754,0.9998716981513472,1.0,1392.2080385519973,1000.0,1392.2080385519973,1000.0,0.0,0.0
2049,1711443660000.0,0.0,0.0,0.0,2.9263,0.0,0.0,3.1632,0.9998716981513472,1.0,1392.2080385519973,1000.0,1392.2080385519973,1000.0,0.0,0.0
2050,1711447260000.0,0.0,0.0,0.0,2.9263,0.0,0.0,3.1803,0.9998716981513472,1.0,1392.2080385519973,1000.0,1392.2080385519973,1000.0,0.0,0.0
2051,1711450860000.0,0.0,0.0,0.0,2.9263,0.0,0.0,3.1869,0.9998716981513472,1.0,1392.2080385519973,1000.0,1392.2080385519973,1000.0,0.0,0.0
2052,1711454460000.0,0.0,0.0,0.0,2.9263,0.0,0.0,3.1707,0.9998716981513472,1.0,1392.2080385519973,1000.0,1392.2080385519973,1000.0,0.0,0.0
2053,1711458060000.0,0.0,0.0,0.0,2.9263,0.0,0.0,3.1743,0.9998716981513472,1.0,1392.2080385519973,1000.0,1392.2080385519973,1000.0,0.0,0.0
2054,1711461660000.0,0.0,0.0,15.8,3.1324,0.0,0.0,3.117,0.9998716981513472,1.0,1392.1981401679973,1000.0,1391.9548201679972,1000.0,0.03554948004314083,0.0
2055,1711465260000.0,0.0,0.0,48.1,3.090967151767152,0.0,0.0,3.088,0.9998716981513472,1.0,1392.1783034479972,1000.0,1392.0355834479972,1000.0,0.10679344709781537,0.0
2056,1711468860000.0,0.0,0.0,48.1,3.090967151767152,0.0,0.0,3.0888,0.9998716981513472,1.0,1392.1783034479972,1000.0,1392.074063447997,1000.0,0.10679344709781537,0.0
2057,1711472460000.0,0.0,0.0,72.4,3.069296132596685,0.0,0.0,3.0461,0.9998716981513472,1.0,1392.1635951439973,1000.0,1390.4841951439973,1000.0,0.1596199187905177,0.0
2058,1711476060000.0,0.0,0.0,72.4,3.069296132596685,0.0,0.0,3.0415,0.9998716981513472,1.0,1392.1635951439973,1000.0,1390.1511551439974,1000.0,0.1596199187905177,0.0
2059,1711479660000.0,0.0,0.0,72.4,3.069296132596685,0.0,0.0,3.0342,0.9998716981513472,1.0,1392.1635951439973,1000.0,1389.6226351439973,1000.0,0.1596199187905177,0.0
2060,1711483260000.0,0.0,0.0,72.4,3.069296132596685,0.0,0.0,3.0055,0.9998716981513472,1.0,1392.1635951439973,1000.0,1387.5447551439972,1000.0,0.1596199187905177,0.0
2061,1711486860000.0,0.0,0.0,109.0,3.042905137614679,0.0,0.0,3.0087,0.9998716981513472,1.0,1392.1417032199972,1000.0,1388.4133432199972,1000.0,0.23824920928152518,0.0
2062,1711490460000.0,0.0,0.0,109.0,3.042905137614679,0.0,0.0,3.0145,0.9998716981513472,1.0,1392.1417032199972,1000.0,1389.0455432199972,1000.0,0.23824920928152518,0.0
2063,1711494060000.0,0.0,0.0,109.0,3.042905137614679,0.0,0.0,3.0091,0.9998716981513472,1.0,1392.1417032199972,1000.0,1388.4569432199971,1000.0,0.23824920928152518,0.0
2064,1711497660000.0,0.0,0.0,109.0,3.042905137614679,0.0,0.0,3.0078,0.9998716981513472,1.0,1392.1417032199972,1000.0,1388.3152432199972,1000.0,0.23824920928152518,0.0
2065,1711501260000.0,0.0,0.0,109.0,3.042905137614679,0.0,0.0,3.0391,0.9998716981513472,1.0,1392.1417032199972,1000.0,1391.726943219997,1000.0,0.23824920928152518,0.0
2066,1711504860000.0,0.0,0.0,109.0,3.042905137614679,0.0,0.0,3.0023,0.9998716981513472,1.0,1392.1417032199972,1000.0,1387.7157432199972,1000.0,0.23824920928152518,0.0
2067,1711508460000.0,0.0,0.0,109.0,3.042905137614679,0.0,0.0,3.0058,0.9998716981513472,1.0,1392.1417032199972,1000.0,1388.0972432199972,1000.0,0.23824920928152518,0.0
2068,1711512060000.0,0.0,0.0,109.0,3.042905137614679,0.0,0.0,3.0115,0.9998716981513472,1.0,1392.1417032199972,1000.0,1388.7185432199972,1000.0,0.23824920928152518,0.0
2069,1711515660000.0,0.0,0.0,109.0,3.042905137614679,0.0,0.0,2.987,0.9998716981513472,1.0,1392.1417032199972,1000.0,1386.0480432199972,1000.0,0.23824920928152518,0.0
2070,1711519260000.0,0.0,0.0,109.0,3.042905137614679,0.0,0.0,2.9909,0.9998716981513472,1.0,1392.1417032199972,1000.0,1386.4731432199972,1000.0,0.23824920928152518,0.0
2071,1711522860000.0,0.0,0.0,109.0,3.042905137614679,0.0,0.0,2.9969,0.9998716981513472,1.0,1392.1417032199972,1000.0,1387.1271432199972,1000.0,0.23824920928152518,0.0
2072,1711526460000.0,0.0,0.0,164.1,3.0095277879341866,0.0,0.0,2.9514,0.9998716981513472,1.0,1392.1092658499972,1000.0,1382.570495849997,1000.0,0.3547591572838614,0.0
2073,1711530060000.0,0.0,0.0,164.1,3.0095277879341866,0.0,0.0,2.9157,0.9998716981513472,1.0,1392.1092658499972,1000.0,1376.7121258499972,1000.0,0.3547591572838614,0.0
2074,1711533660000.0,0.0,0.0,164.1,3.0095277879341866,0.0,0.0,2.9589,0.9998716981513472,1.0,1392.1092658499972,1000.0,1383.8012458499973,1000.0,0.3547591572838614,0.0
2075,1711537260000.0,0.0,0.0,164.1,3.0095277879341866,0.0,0.0,2.9637,0.9998716981513472,1.0,1392.1092658499972,1000.0,1384.5889258499972,1000.0,0.3547591572838614,0.0
2076,1711540860000.0,0.0,0.0,164.1,3.0095277879341866,0.0,0.0,3.0004,0.9998716981513472,1.0,1392.1092658499972,1000.0,1390.6113958499973,1000.0,0.3547591572838614,0.0
2077,1711544460000.0,0.0,0.0,164.1,3.0095277879341866,0.0,0.0,3.0059,0.9998716981513472,1.0,1392.1092658499972,1000.0,1391.513945849997,1000.0,0.3547591572838614,0.0
2078,1711548060000.0,0.0,0.0,57.6,2.990687574268738,0.0,0.0,2.9418,0.9998716981513472,1.0,1396.823250257877,1000.0,1394.0073259799976,1000.0,0.12332526985506333,0.0
2079,1711551660000.0,0.0,0.0,130.5,2.940535205194477,0.0,0.0,2.9375,0.9998716981513472,1.0,1396.7809550098768,1000.0,1396.3848607319976,1000.0,0.2747315840049994,0.0
2080,1711555260000.0,0.0,0.0,130.5,2.940535205194477,0.0,0.0,2.9042,0.9998716981513472,1.0,1396.7809550098768,1000.0,1392.0392107319976,1000.0,0.2747315840049994,0.0
2081,1711558860000.0,0.0,0.0,130.5,2.940535205194477,0.0,0.0,2.9227,0.9998716981513472,1.0,1396.7809550098768,1000.0,1394.4534607319977,1000.0,0.2747315840049994,0.0
2082,1711562460000.0,0.0,0.0,130.5,2.940535205194477,0.0,0.0,2.9241,0.9998716981513472,1.0,1396.7809550098768,1000.0,1394.6361607319975,1000.0,0.2747315840049994,0.0
2083,1711566060000.0,0.0,0.0,130.5,2.940535205194477,0.0,0.0,2.8868,0.9998716981513472,1.0,1396.7809550098768,1000.0,1389.7685107319976,1000.0,0.2747315840049994,0.0
2084,1711569660000.0,0.0,0.0,130.5,2.940535205194477,0.0,0.0,2.9092,0.9998716981513472,1.0,1396.7809550098768,1000.0,1392.6917107319975,1000.0,0.2747315840049994,0.0
2085,1711573260000.0,0.0,0.0,130.5,2.940535205194477,0.0,0.0,2.9217,0.9998716981513472,1.0,1396.7809550098768,1000.0,1394.3229607319977,1000.0,0.2747315840049994,0.0
2086,1711576860000.0,0.0,0.0,130.5,2.940535205194477,0.0,0.0,2.927,0.9998716981513472,1.0,1396.7809550098768,1000.0,1395.0146107319977,1000.0,0.2747315840049994,0.0
2087,1711580460000.0,0.0,0.0,130.5,2.940535205194477,0.0,0.0,2.951,0.9998716981513472,1.0,1396.7809550098768,1000.0,1398.1466107319975,1000.0,0.2747315840049994,0.0
2088,1711584060000.0,0.0,0.0,130.5,2.940535205194477,0.0,0.0,2.9498,0.9998716981513472,1.0,1396.7809550098768,1000.0,1397.9900107319977,1000.0,0.2747315840049994,0.0
2089,1711587660000.0,0.0,0.0,36.5,2.940535205194477,0.0,0.0,2.9764,0.9998716981513472,1.0,1400.2278630815958,1000.0,1401.5369280919974,1000.0,0.07665147781975253,0.0
2090,1711591260000.0,0.0,0.0,36.5,2.940535205194477,0.0,0.0,2.9608,0.9998716981513472,1.0,1400.2278630815958,1000.0,1400.9675280919973,1000.0,0.07665147781975253,0.0
2091,1711594860000.0,0.0,0.0,17.0,2.9388437403206127,0.0,0.0,2.9388,0.9998716981513472,1.0,1401.345067185448,1000.0,1401.3443235999976,1000.0,0.03565170688886357,0.0
2092,1711598460000.0,0.0,0.0,17.0,2.9388437403206127,0.0,0.0,2.9504,0.9998716981513472,1.0,1401.345067185448,1000.0,1401.5415235999976,1000.0,0.03565170688886357,0.0
2093,1711602060000.0,0.0,0.0,11.9,2.9388437403206127,0.0,0.0,2.9826,0.9998716981513472,1.0,1401.5320384878128,1000.0,1402.0527379779974,1000.0,0.024952865542445034,0.0
2094,1711605660000.0,0.0,0.0,2.6,2.9388437403206127,0.0,0.0,2.9796,0.9998716981513472,1.0,1401.9994408608309,1000.0,1402.1054071359972,1000.0,0.005450069024379928,0.0
2095,1711609260000.0,0.0,0.0,0.2,2.9388437403206127,0.0,0.0,3.0063,0.9998716981513472,1.0,1402.1321684060608,1000.0,1402.1456596579967,1000.0,0.00041919639339870233,0.0
2096,1711612860000.0,0.0,0.0,0.0,2.9388437403206127,0.0,0.0,3.0052,0.9998716981513472,1.0,1402.1462692599966,1000.0,1402.1462692599966,1000.0,0.0,0.0
2097,1711616460000.0,0.0,0.0,0.0,2.9388437403206127,0.0,0.0,3.0023,0.9998716981513472,1.0,1402.1462692599966,1000.0,1402.1462692599966,1000.0,0.0,0.0
2098,1711620060000.0,0.0,0.0,0.0,2.9388437403206127,0.0,0.0,2.9861,0.9998716981513472,1.0,1402.1462692599966,1000.0,1402.1462692599966,1000.0,0.0,0.0
2099,1711623660000.0,0.0,0.0,16.9,2.958,0.0,0.0,2.9601,0.9998716981513472,1.0,1402.1362712199966,1000.0,1402.1717612199966,1000.0,0.03565288269484934,0.0
2100,1711627260000.0,0.0,0.0,16.9,2.958,0.0,0.0,2.9562,0.9998716981513472,1.0,1402.1362712199966,1000.0,1402.1058512199966,1000.0,0.03565288269484934,0.0
2101,1711630860000.0,0.0,0.0,34.0,2.9364238235294113,0.0,0.0,2.934,0.9998716981513472,1.0,1402.1263015779966,1000.0,1402.0438915779966,1000.0,0.07120500477570296,0.0
2102,1711634460000.0,0.0,0.0,34.0,2.9364238235294113,0.0,0.0,2.9306,0.9998716981513472,1.0,1402.1263015779966,1000.0,1401.9282915779966,1000.0,0.07120500477570296,0.0
2103,1711638060000.0,0.0,0.0,34.0,2.9364238235294113,0.0,0.0,2.9507,0.9998716981513472,1.0,1402.1263015779966,1000.0,1402.6116915779967,1000.0,0.07120500477570296,0.0
2104,1711641660000.0,0.0,0.0,34.0,2.9364238235294113,0.0,0.0,2.9674,0.9998716981513472,1.0,1402.1263015779966,1000.0,1403.1794915779967,1000.0,0.07120500477570296,0.0
2105,1711645260000.0,0.0,0.0,34.0,2.9364238235294113,0.0,0.0,2.9495,0.9998716981513472,1.0,1402.1263015779966,1000.0,1402.5708915779967,1000.0,0.07120500477570296,0.0
2106,1711648860000.0,0.0,0.0,34.0,2.9364238235294113,0.0,0.0,2.9447,0.9998716981513472,1.0,1402.1263015779966,1000.0,1402.4076915779967,1000.0,0.07120500477570296,0.0
2107,1711652460000.0,0.0,0.0,34.0,2.9364238235294113,0.0,0.0,2.9607,0.9998716981513472,1.0,1402.1263015779966,1000.0,1402.9516915779966,1000.0,0.07120500477570296,0.0
2108,1711656060000.0,0.0,0.0,34.0,2.9364238235294113,0.0,0.0,2.9665,0.9998716981513472,1.0,1402.1263015779966,1000.0,1403.1488915779967,1000.0,0.07120500477570296,0.0
2109,1711659660000.0,0.0,0.0,19.8,2.9364238235294113,0.0,0.0,2.9687,0.9998716981513472,1.0,1402.6471779758792,1000.0,1403.2862462699968,1000.0,0.04145104529407336,0.0
2110,1711663260000.0,0.0,0.0,5.6,2.9364238235294113,0.0,0.0,2.9466,0.9998716981513472,1.0,1403.1680543737614,1000.0,1403.2250409619967,1000.0,0.0117191760178033,0.0
2111,1711666860000.0,0.0,0.0,17.0,2.9417054948096886,0.0,0.0,2.9432,0.9998716981513472,1.0,1403.1613413697614,1000.0,1403.1867479579967,1000.0,0.03564023034082887,0.0
2112,1711670460000.0,0.0,0.0,17.0,2.9417054948096886,0.0,0.0,2.9411,0.9998716981513472,1.0,1403.1613413697614,1000.0,1403.1510479579968,1000.0,0.03564023034082887,0.0
2113,1711674060000.0,0.0,0.0,17.0,2.9417054948096886,0.0,0.0,2.9369,0.9998716981513472,1.0,1403.1613413697614,1000.0,1403.0796479579967,1000.0,0.03564023034082887,0.0
2114,1711677660000.0,0.0,0.0,17.0,2.9417054948096886,0.0,0.0,2.928,0.9998716981513472,1.0,1403.1613413697614,1000.0,1402.9283479579967,1000.0,0.03564023034082887,0.0
2115,1711681260000.0,0.0,0.0,34.2,2.9202781699346403,0.0,0.0,2.9208,0.9998716981513472,1.0,1403.1513684657614,1000.0,1403.1692150539966,1000.0,0.07117800378227813,0.0
2116,1711684860000.0,0.0,0.0,34.2,2.9202781699346403,0.0,0.0,2.9239,0.9998716981513472,1.0,1403.1513684657614,1000.0,1403.2752350539968,1000.0,0.07117800378227813,0.0
2117,1711688460000.0,0.0,0.0,19.9,2.9202781699346403,0.0,0.0,2.9401,0.9998716981513472,1.0,1403.672322757696,1000.0,1404.0667771759968,1000.0,0.041401069636770906,0.0
2118,1711692060000.0,0.0,0.0,13.3,2.9202781699346403,0.0,0.0,2.9484,0.9998716981513472,1.0,1403.9573042901275,1000.0,1404.3313246299967,1000.0,0.027664445023681792,0.0
2119,1711695660000.0,0.0,0.0,5.0,2.921971909949165,0.0,0.0,2.9658,0.9998716981513472,1.0,1404.4904392957426,1000.0,1404.7095797459967,1000.0,0.010402249200835916,0.0
2120,1711699260000.0,0.0,0.0,17.1,2.9287564754296778,0.0,0.0,2.9342,0.9998716981513472,1.0,1404.5550487118442,1000.0,1404.6481329819967,1000.0,0.03565665566171922,0.0
2121,1711702860000.0,0.0,0.0,0.7,2.9287564754296778,0.0,0.0,2.987,0.9998716981513472,1.0,1405.4068738727976,1000.0,1405.447644339997,1000.0,0.0014587444895237719,0.0
2122,1711706460000.0,0.0,0.0,0.0,2.9287564754296778,0.0,0.0,2.9596,0.9998716981513472,1.0,1405.4419072239969,1000.0,1405.4419072239969,1000.0,0.0,0.0
2123,1711710060000.0,0.0,0.0,0.0,2.9287564754296778,0.0,0.0,3.0135,0.9998716981513472,1.0,1405.4419072239969,1000.0,1405.4419072239969,1000.0,0.0,0.0
2124,1711713660000.0,0.0,0.0,0.0,2.9287564754296778,0.0,0.0,3.0296,0.9998716981513472,1.0,1405.4419072239969,1000.0,1405.4419072239969,1000.0,0.0,0.0
2125,1711717260000.0,0.0,0.0,0.0,2.9287564754296778,0.0,0.0,3.0303,0.9998716981513472,1.0,1405.4419072239969,1000.0,1405.4419072239969,1000.0,0.0,0.0
2126,1711720860000.0,0.0,0.0,0.0,2.9287564754296778,0.0,0.0,3.0387,0.9998716981513472,1.0,1405.4419072239969,1000.0,1405.4419072239969,1000.0,0.0,0.0
2127,1711724460000.0,0.0,0.0,0.0,2.9287564754296778,0.0,0.0,3.0362,0.9998716981513472,1.0,1405.4419072239969,1000.0,1405.4419072239969,1000.0,0.0,0.0
2128,1711728060000.0,0.0,0.0,9.8,2.9764,0.0,0.0,3.0165,0.9998716981513472,1.0,1405.6922866399964,1000.0,1406.0852666399965,1000.0,0.020750430430063412,0.0
2129,1711731660000.0,0.0,0.0,0.0,2.9764,0.0,0.0,3.0112,0.9998716981513472,1.0,1406.3293942819967,1000.0,1406.3293942819967,1000.0,0.0,0.0
2130,1711735260000.0,0.0,0.0,0.0,2.9764,0.0,0.0,3.0183,0.9998716981513472,1.0,1406.3293942819967,1000.0,1406.3293942819967,1000.0,0.0,0.0
2131,1711738860000.0,0.0,0.0,0.0,2.9764,0.0,0.0,3.0454,0.9998716981513472,1.0,1406.3293942819967,1000.0,1406.3293942819967,1000.0,0.0,0.0
2132,1711742460000.0,0.0,0.0,0.0,2.9764,0.0,0.0,3.0513,0.9998716981513472,1.0,1406.3293942819967,1000.0,1406.3293942819967,1000.0,0.0,0.0
2133,1711746060000.0,0.0,0.0,0.0,2.9764,0.0,0.0,3.0421,0.9998716981513472,1.0,1406.3293942819967,1000.0,1406.3293942819967,1000.0,0.0,0.0
2134,1711749660000.0,0.0,0.0,16.7,2.999,0.0,0.0,3.017,0.9998716981513472,1.0,1406.3193776219966,1000.0,1406.6199776219967,1000.0,0.03561303413502551,0.0
2135,1711753260000.0,0.0,0.0,1.2,2.999,0.0,0.0,3.0891,0.9998716981513472,1.0,1407.2647597479965,1000.0,1407.3728797479966,1000.0,0.002557301300321376,0.0
2136,1711756860000.0,0.0,0.0,0.0,2.999,0.0,0.0,3.1056,0.9998716981513472,1.0,1407.3787370439966,1000.0,1407.3787370439966,1000.0,0.0,0.0
2137,1711760460000.0,0.0,0.0,0.0,2.999,0.0,0.0,3.0684,0.9998716981513472,1.0,1407.3787370439966,1000.0,1407.3787370439966,1000.0,0.0,0.0
2138,1711764060000.0,0.0,0.0,0.0,2.999,0.0,0.0,3.0512,0.9998716981513472,1.0,1407.3787370439966,1000.0,1407.3787370439966,1000.0,0.0,0.0
2139,1711767660000.0,0.0,0.0,0.0,2.999,0.0,0.0,3.0306,0.9998716981513472,1.0,1407.3787370439966,1000.0,1407.3787370439966,1000.0,0.0,0.0
2140,1711771260000.0,0.0,0.0,0.0,2.999,0.0,0.0,3.0473,0.9998716981513472,1.0,1407.3787370439966,1000.0,1407.3787370439966,1000.0,0.0,0.0
2141,1711774860000.0,0.0,0.0,0.0,2.999,0.0,0.0,3.1132,0.9998716981513472,1.0,1407.3787370439966,1000.0,1407.3787370439966,1000.0,0.0,0.0
2142,1711778460000.0,0.0,0.0,0.0,2.999,0.0,0.0,3.1265,0.9998716981513472,1.0,1407.3787370439966,1000.0,1407.3787370439966,1000.0,0.0,0.0
2143,1711782060000.0,0.0,0.0,0.0,2.999,0.0,0.0,3.1011,0.9998716981513472,1.0,1407.3787370439966,1000.0,1407.3787370439966,1000.0,0.0,0.0
2144,1711785660000.0,0.0,0.0,0.0,2.999,0.0,0.0,3.08,0.9998716981513472,1.0,1407.3787370439966,1000.0,1407.3787370439966,1000.0,0.0,0.0
2145,1711789260000.0,0.0,0.0,16.4,3.0507,0.0,0.0,3.0565,0.9998716981513472,1.0,1407.3687307479966,1000.0,1407.4638507479965,1000.0,0.035549660090436266,0.0
2146,1711792860000.0,0.0,0.0,16.4,3.0507,0.0,0.0,3.0579,0.9998716981513472,1.0,1407.3687307479966,1000.0,1407.4868107479965,1000.0,0.035549660090436266,0.0
2147,1711796460000.0,0.0,0.0,16.4,3.0507,0.0,0.0,3.0832,0.9998716981513472,1.0,1407.3687307479966,1000.0,1407.9017307479965,1000.0,0.035549660090436266,0.0
2148,1711800060000.0,0.0,0.0,0.4,3.0507,0.0,0.0,3.1219,0.9998716981513472,1.0,1408.2453212019968,1000.0,1408.2738012019968,1000.0,0.0008665251583853583,0.0
2149,1711803660000.0,0.0,0.0,0.0,3.0507,0.0,0.0,3.1458,0.9998716981513472,1.0,1408.2816198359967,1000.0,1408.2816198359967,1000.0,0.0,0.0
2150,1711807260000.0,0.0,0.0,0.0,3.0507,0.0,0.0,3.1237,0.9998716981513472,1.0,1408.2816198359967,1000.0,1408.2816198359967,1000.0,0.0,0.0
2151,1711810860000.0,0.0,0.0,0.0,3.0507,0.0,0.0,3.1517,0.9998716981513472,1.0,1408.2816198359967,1000.0,1408.2816198359967,1000.0,0.0,0.0
2152,1711814460000.0,0.0,0.0,0.0,3.0507,0.0,0.0,3.1442,0.9998716981513472,1.0,1408.2816198359967,1000.0,1408.2816198359967,1000.0,0.0,0.0
2153,1711818060000.0,0.0,0.0,0.0,3.0507,0.0,0.0,3.2084,0.9998716981513472,1.0,1408.2816198359967,1000.0,1408.2816198359967,1000.0,0.0,0.0
2154,1711821660000.0,0.0,0.0,0.0,3.0507,0.0,0.0,3.189,0.9998716981513472,1.0,1408.2816198359967,1000.0,1408.2816198359967,1000.0,0.0,0.0
2155,1711825260000.0,0.0,0.0,0.0,3.0507,0.0,0.0,3.1638,0.9998716981513472,1.0,1408.2816198359967,1000.0,1408.2816198359967,1000.0,0.0,0.0
2156,1711828860000.0,0.0,0.0,0.0,3.0507,0.0,0.0,3.165,0.9998716981513472,1.0,1408.2816198359967,1000.0,1408.2816198359967,1000.0,0.0,0.0
2157,1711832460000.0,0.0,0.0,0.0,3.0507,0.0,0.0,3.1699,0.9998716981513472,1.0,1408.2816198359967,1000.0,1408.2816198359967,1000.0,0.0,0.0
2158,1711836060000.0,0.0,0.0,16.1,3.1202,0.0,0.0,3.1125,0.9998716981513472,1.0,1408.2715727919967,1000.0,1408.1476027919966,1000.0,0.035671543025188795,0.0
2159,1711839660000.0,0.0,0.0,16.1,3.1202,0.0,0.0,3.0956,0.9998716981513472,1.0,1408.2715727919967,1000.0,1407.8755127919967,1000.0,0.035671543025188795,0.0
2160,1711843260000.0,0.0,0.0,32.4,3.097460493827161,0.0,0.0,3.0768,0.9998716981513472,1.0,1408.2615482919966,1000.0,1407.5921482919966,1000.0,0.0712635519458146,0.0
2161,1711846860000.0,0.0,0.0,32.4,3.097460493827161,0.0,0.0,3.0592,0.9998716981513472,1.0,1408.2615482919966,1000.0,1407.0219082919966,1000.0,0.0712635519458146,0.0
2162,1711850460000.0,0.0,0.0,32.4,3.097460493827161,0.0,0.0,3.0528,0.9998716981513472,1.0,1408.2615482919966,1000.0,1406.8145482919965,1000.0,0.0712635519458146,0.0
2163,1711854060000.0,0.0,0.0,48.9,3.078983026584867,0.0,0.0,3.0521,0.9998716981513472,1.0,1408.2515073819966,1000.0,1406.9369273819966,1000.0,0.10691433256826552,0.0
2164,1711857660000.0,0.0,0.0,48.9,3.078983026584867,0.0,0.0,3.0294,0.9998716981513472,1.0,1408.2515073819966,1000.0,1405.8268973819966,1000.0,0.10691433256826552,0.0
2165,1711861260000.0,0.0,0.0,48.9,3.078983026584867,0.0,0.0,3.056,0.9998716981513472,1.0,1408.2515073819966,1000.0,1407.1276373819967,1000.0,0.10691433256826552,0.0
2166,1711864860000.0,0.0,0.0,23.7,3.078983026584867,0.0,0.0,3.1116,0.9998716981513472,1.0,1409.2190203920582,1000.0,1409.9920426619967,1000.0,0.05178180018444534,0.0
2167,1711868460000.0,0.0,0.0,23.7,3.078983026584867,0.0,0.0,3.0616,0.9998716981513472,1.0,1409.2190203920582,1000.0,1408.8070426619968,1000.0,0.05178180018444534,0.0
2168,1711872060000.0,0.0,0.0,23.7,3.078983026584867,0.0,0.0,3.0533,0.9998716981513472,1.0,1409.2190203920582,1000.0,1408.6103326619968,1000.0,0.05178180018444534,0.0
2169,1711875660000.0,0.0,0.0,23.7,3.078983026584867,0.0,0.0,3.0429,0.9998716981513472,1.0,1409.2190203920582,1000.0,1408.3638526619968,1000.0,0.05178180018444534,0.0
2170,1711879260000.0,0.0,0.0,40.3,3.0587652042198847,0.0,0.0,3.0301,0.9998716981513472,1.0,1409.208961124058,1000.0,1408.0537533939967,1000.0,0.08747335642241177,0.0
2171,1711882860000.0,0.0,0.0,40.3,3.0587652042198847,0.0,0.0,3.0239,0.9998716981513472,1.0,1409.208961124058,1000.0,1407.8038933939968,1000.0,0.08747335642241177,0.0
2172,1711886460000.0,0.0,0.0,40.3,3.0587652042198847,0.0,0.0,3.0325,0.9998716981513472,1.0,1409.208961124058,1000.0,1408.1504733939967,1000.0,0.08747335642241177,0.0
2173,1711890060000.0,0.0,0.0,40.3,3.0587652042198847,0.0,0.0,3.033,0.9998716981513472,1.0,1409.208961124058,1000.0,1408.1706233939967,1000.0,0.08747335642241177,0.0
2174,1711893660000.0,0.0,0.0,40.3,3.0587652042198847,0.0,0.0,3.0112,0.9998716981513472,1.0,1409.208961124058,1000.0,1407.2920833939968,1000.0,0.08747335642241177,0.0
2175,1711897260000.0,0.0,0.0,60.7,3.039082664416167,0.0,0.0,3.0032,0.9998716981513472,1.0,1409.196720308058,1000.0,1407.0186425779966,1000.0,0.1309060084171461,0.0
2176,1711900860000.0,0.0,0.0,60.7,3.039082664416167,0.0,0.0,3.0061,0.9998716981513472,1.0,1409.196720308058,1000.0,1407.1946725779967,1000.0,0.1309060084171461,0.0
2177,1711904460000.0,0.0,0.0,60.7,3.039082664416167,0.0,0.0,3.0005,0.9998716981513472,1.0,1409.196720308058,1000.0,1406.8547525779968,1000.0,0.1309060084171461,0.0
2178,1711908060000.0,0.0,0.0,60.7,3.039082664416167,0.0,0.0,2.9778,0.9998716981513472,1.0,1409.196720308058,1000.0,1405.4768625779966,1000.0,0.1309060084171461,0.0
2179,1711911660000.0,0.0,0.0,60.7,3.039082664416167,0.0,0.0,2.9968,0.9998716981513472,1.0,1409.196720308058,1000.0,1406.6301625779968,1000.0,0.1309060084171461,0.0
2180,1711915260000.0,0.0,0.0,60.7,3.039082664416167,0.0,0.0,3.0058,0.9998716981513472,1.0,1409.196720308058,1000.0,1407.1764625779967,1000.0,0.1309060084171461,0.0
2181,1711918860000.0,0.0,0.0,60.7,3.039082664416167,0.0,0.0,3.0103,0.9998716981513472,1.0,1409.196720308058,1000.0,1407.4496125779967,1000.0,0.1309060084171461,0.0
2182,1711922460000.0,0.0,0.0,60.7,3.039082664416167,0.0,0.0,3.0111,0.9998716981513472,1.0,1409.196720308058,1000.0,1407.4981725779967,1000.0,0.1309060084171461,0.0
2183,1711926060000.0,0.0,0.0,60.7,3.039082664416167,0.0,0.0,3.0366,0.9998716981513472,1.0,1409.196720308058,1000.0,1409.0460225779966,1000.0,0.1309060084171461,0.0
2184,1711929660000.0,0.0,0.0,60.7,3.039082664416167,0.0,0.0,3.0426,0.9998716981513472,1.0,1409.196720308058,1000.0,1409.4102225779968,1000.0,0.1309060084171461,0.0
2185,1711933260000.0,0.0,0.0,60.7,3.039082664416167,0.0,0.0,3.0493,0.9998716981513472,1.0,1409.196720308058,1000.0,1409.8169125779966,1000.0,0.1309060084171461,0.0
2186,1711936860000.0,0.0,0.0,60.7,3.039082664416167,0.0,0.0,3.0434,0.9998716981513472,1.0,1409.196720308058,1000.0,1409.4587825779968,1000.0,0.1309060084171461,0.0
2187,1711940460000.0,0.0,0.0,60.7,3.039082664416167,0.0,0.0,3.0482,0.9998716981513472,1.0,1409.196720308058,1000.0,1409.7501425779967,1000.0,0.1309060084171461,0.0
2188,1711944060000.0,0.0,0.0,60.7,3.039082664416167,0.0,0.0,3.0378,0.9998716981513472,1.0,1409.196720308058,1000.0,1409.1188625779967,1000.0,0.1309060084171461,0.0
2189,1711947660000.0,0.0,0.0,60.7,3.039082664416167,0.0,0.0,3.0122,0.9998716981513472,1.0,1409.196720308058,1000.0,1407.5649425779968,1000.0,0.1309060084171461,0.0
2190,1711951260000.0,0.0,0.0,207.1,2.9488638712219286,0.0,0.0,2.9051,0.9998716981513472,1.0,1409.1114728300581,1000.0,1400.0479750999966,1000.0,0.43340056447309494,0.0
2191,1711954860000.0,0.0,0.0,207.1,2.9488638712219286,0.0,0.0,2.9437,0.9998716981513472,1.0,1409.1114728300581,1000.0,1408.0420350999968,1000.0,0.43340056447309494,0.0
2192,1711958460000.0,0.0,0.0,207.1,2.9488638712219286,0.0,0.0,2.9692,0.9998716981513472,1.0,1409.1114728300581,1000.0,1413.3230850999967,1000.0,0.43340056447309494,0.0
2193,1711962060000.0,0.0,0.0,207.1,2.9488638712219286,0.0,0.0,2.9364,0.9998716981513472,1.0,1409.1114728300581,1000.0,1406.5302050999967,1000.0,0.43340056447309494,0.0
2194,1711965660000.0,0.0,0.0,207.1,2.9488638712219286,0.0,0.0,2.9067,0.9998716981513472,1.0,1409.1114728300581,1000.0,1400.3793350999968,1000.0,0.43340056447309494,0.0
2195,1711969260000.0,0.0,0.0,207.1,2.9488638712219286,0.0,0.0,2.9242,0.9998716981513472,1.0,1409.1114728300581,1000.0,1404.0035850999966,1000.0,0.43340056447309494,0.0
2196,1711972860000.0,0.0,0.0,207.1,2.9488638712219286,0.0,0.0,2.922,0.9998716981513472,1.0,1409.1114728300581,1000.0,1403.5479650999966,1000.0,0.43340056447309494,0.0
2197,1711976460000.0,0.0,0.0,207.1,2.9488638712219286,0.0,0.0,2.932,0.9998716981513472,1.0,1409.1114728300581,1000.0,1405.6189650999968,1000.0,0.43340056447309494,0.0
2198,1711980060000.0,0.0,0.0,207.1,2.9488638712219286,0.0,0.0,2.9513,0.9998716981513472,1.0,1409.1114728300581,1000.0,1409.6159950999966,1000.0,0.43340056447309494,0.0
2199,1711983660000.0,0.0,0.0,207.1,2.9488638712219286,0.0,0.0,2.8867,0.9998716981513472,1.0,1409.1114728300581,1000.0,1396.2373350999967,1000.0,0.43340056447309494,0.0
2200,1711987260000.0,0.0,0.0,207.1,2.9488638712219286,0.0,0.0,2.8513,0.9998716981513472,1.0,1409.1114728300581,1000.0,1388.9059950999967,1000.0,0.43340056447309494,0.0
2201,1711990860000.0,0.0,0.0,207.1,2.9488638712219286,0.0,0.0,2.8278,0.9998716981513472,1.0,1409.1114728300581,1000.0,1384.0391450999966,1000.0,0.43340056447309494,0.0
2202,1711994460000.0,0.0,0.0,311.7,2.89924384898961,0.0,0.0,2.8255,0.9998716981513472,1.0,1409.0528759100582,1000.0,1386.0669181799967,1000.0,0.6413487550255321,0.0
2203,1711998060000.0,0.0,0.0,311.7,2.89924384898961,0.0,0.0,2.8303,0.9998716981513472,1.0,1409.0528759100582,1000.0,1387.5630781799966,1000.0,0.6413487550255321,0.0
2204,1712001660000.0,0.0,0.0,311.7,2.89924384898961,0.0,0.0,2.8734,0.9998716981513472,1.0,1409.0528759100582,1000.0,1400.9973481799968,1000.0,0.6413487550255321,0.0
2205,1712005260000.0,0.0,0.0,311.7,2.89924384898961,0.0,0.0,2.8859,0.9998716981513472,1.0,1409.0528759100582,1000.0,1404.8935981799968,1000.0,0.6413487550255321,0.0
2206,1712008860000.0,0.0,0.0,311.7,2.89924384898961,0.0,0.0,2.8871,0.9998716981513472,1.0,1409.0528759100582,1000.0,1405.2676381799968,1000.0,0.6413487550255321,0.0
2207,1712012460000.0,0.0,0.0,311.7,2.89924384898961,0.0,0.0,2.8944,0.9998716981513472,1.0,1409.0528759100582,1000.0,1407.5430481799967,1000.0,0.6413487550255321,0.0
2208,1712016060000.0,0.0,0.0,311.7,2.89924384898961,0.0,0.0,2.8869,0.9998716981513472,1.0,1409.0528759100582,1000.0,1405.2052981799968,1000.0,0.6413487550255321,0.0
2209,1712019660000.0,0.0,0.0,311.7,2.89924384898961,0.0,0.0,2.8531,0.9998716981513472,1.0,1409.0528759100582,1000.0,1394.6698381799968,1000.0,0.6413487550255321,0.0
2210,1712023260000.0,0.0,0.0,311.7,2.89924384898961,0.0,0.0,2.8622,0.9998716981513472,1.0,1409.0528759100582,1000.0,1397.5063081799967,1000.0,0.6413487550255321,0.0
2211,1712026860000.0,0.0,0.0,311.7,2.89924384898961,0.0,0.0,2.7869,0.9998716981513472,1.0,1409.0528759100582,1000.0,1374.0352981799967,1000.0,0.6413487550255321,0.0
2212,1712030460000.0,0.0,0.0,311.7,2.89924384898961,0.0,0.0,2.7627,0.9998716981513472,1.0,1409.0528759100582,1000.0,1366.4921581799967,1000.0,0.6413487550255321,0.0
2213,1712034060000.0,0.0,0.0,311.7,2.89924384898961,0.0,0.0,2.7516,0.9998716981513472,1.0,1409.0528759100582,1000.0,1363.0322881799968,1000.0,0.6413487550255321,0.0
2214,1712037660000.0,0.0,0.0,311.7,2.89924384898961,0.0,0.0,2.7636,0.9998716981513472,1.0,1409.0528759100582,1000.0,1366.7726881799967,1000.0,0.6413487550255321,0.0
2215,1712041260000.0,0.0,0.0,311.7,2.89924384898961,0.0,0.0,2.7543,0.9998716981513472,1.0,1409.0528759100582,1000.0,1363.8738781799968,1000.0,0.6413487550255321,0.0
2216,1712044860000.0,0.0,0.0,311.7,2.89924384898961,0.0,0.0,2.7351,0.9998716981513472,1.0,1409.0528759100582,1000.0,1357.889238179997,1000.0,0.6413487550255321,0.0
2217,1712048460000.0,0.00029078438966348007,0.0,498.9,2.824407431810105,0.0,0.0,2.6955,0.9998716981513472,1.0,1408.9517953980583,1000.0,1344.6398776679969,1000.0,1.0001029647234752,0.0
2218,1712052060000.0,0.00029078438966348007,0.0,498.9,2.824407431810105,0.0,0.0,2.6615,0.9998716981513472,1.0,1408.9517953980583,1000.0,1327.677277667997,1000.0,1.0001029647234752,0.0
2219,1712055660000.0,0.00029078438966348007,0.0,498.9,2.824407431810105,0.0,0.0,2.6546,0.9998716981513472,1.0,1408.9517953980583,1000.0,1324.234867667997,1000.0,1.0001029647234752,0.0
2220,1712059260000.0,0.00029078438966348007,0.0,498.9,2.824407431810105,0.0,0.0,2.6618,0.9998716981513472,1.0,1408.9517953980583,1000.0,1327.8269476679968,1000.0,1.0001029647234752,0.0
2221,1712062860000.0,0.00029078438966348007,0.0,498.9,2.824407431810105,0.0,0.0,2.6646,0.9998716981513472,1.0,1408.9517953980583,1000.0,1329.223867667997,1000.0,1.0001029647234752,0.0
2222,1712066460000.0,0.00029078438966348007,0.0,498.9,2.824407431810105,0.0,0.0,2.6649,0.9998716981513472,1.0,1408.9517953980583,1000.0,1329.3735376679967,1000.0,1.0001029647234752,0.0
2223,1712070060000.0,0.0,0.0,493.7,2.824407431810105,0.0,0.0,2.6961,0.9998716981513472,1.0,1408.3103870886457,1000.0,1344.965008003997,1000.0,0.9901297056874424,0.0
2224,1712073660000.0,0.0,0.0,493.7,2.824407431810105,0.0,0.0,2.6497,0.9998716981513472,1.0,1408.3103870886457,1000.0,1322.057328003997,1000.0,0.9901297056874424,0.0
2225,1712077260000.0,0.0,0.0,493.7,2.824407431810105,0.0,0.0,2.6684,0.9998716981513472,1.0,1408.3103870886457,1000.0,1331.289518003997,1000.0,0.9901297056874424,0.0
2226,1712080860000.0,0.0,0.0,493.7,2.824407431810105,0.0,0.0,2.6714,0.9998716981513472,1.0,1408.3103870886457,1000.0,1332.770618003997,1000.0,0.9901297056874424,0.0
2227,1712084460000.0,0.0,0.0,493.7,2.824407431810105,0.0,0.0,2.6684,0.9998716981513472,1.0,1408.3103870886457,1000.0,1331.289518003997,1000.0,0.9901297056874424,0.0
2228,1712088060000.0,0.0,0.0,493.7,2.824407431810105,0.0,0.0,2.6686,0.9998716981513472,1.0,1408.3103870886457,1000.0,1331.388258003997,1000.0,0.9901297056874424,0.0
2229,1712091660000.0,0.0,0.0,493.7,2.824407431810105,0.0,0.0,2.6846,0.9998716981513472,1.0,1408.3103870886457,1000.0,1339.287458003997,1000.0,0.9901297056874424,0.0
2230,1712095260000.0,0.0,0.0,493.7,2.824407431810105,0.0,0.0,2.6638,0.9998716981513472,1.0,1408.3103870886457,1000.0,1329.018498003997,1000.0,0.9901297056874424,0.0
2231,1712098860000.0,0.0,0.0,493.7,2.824407431810105,0.0,0.0,2.6939,0.9998716981513472,1.0,1408.3103870886457,1000.0,1343.878868003997,1000.0,0.9901297056874424,0.0
2232,1712102460000.0,0.0,0.0,488.5,2.824407431810105,0.0,0.0,2.6595,0.9998716981513472,1.0,1407.5769571872333,1000.0,1327.019676747997,1000.0,0.9802114359674815,0.0
2233,1712106060000.0,0.0,0.0,488.5,2.824407431810105,0.0,0.0,2.6418,0.9998716981513472,1.0,1407.5769571872333,1000.0,1318.373226747997,1000.0,0.9802114359674815,0.0
2234,1712109660000.0,0.0,0.0,488.5,2.824407431810105,0.0,0.0,2.6999,0.9998716981513472,1.0,1407.5769571872333,1000.0,1346.755076747997,1000.0,0.9802114359674815,0.0
2235,1712113260000.0,0.0,0.0,488.5,2.824407431810105,0.0,0.0,2.7152,0.9998716981513472,1.0,1407.5769571872333,1000.0,1354.229126747997,1000.0,0.9802114359674815,0.0
2236,1712116860000.0,0.0,0.0,488.5,2.824407431810105,0.0,0.0,2.725,0.9998716981513472,1.0,1407.5769571872333,1000.0,1359.0164267479972,1000.0,0.9802114359674815,0.0
2237,1712120460000.0,0.0,0.0,488.5,2.824407431810105,0.0,0.0,2.7436,0.9998716981513472,1.0,1407.5769571872333,1000.0,1368.102526747997,1000.0,0.9802114359674815,0.0
2238,1712124060000.0,0.0,0.0,488.5,2.824407431810105,0.0,0.0,2.735,0.9998716981513472,1.0,1407.5769571872333,1000.0,1363.901426747997,1000.0,0.9802114359674815,0.0
2239,1712127660000.0,0.0,0.0,488.5,2.824407431810105,0.0,0.0,2.7517,0.9998716981513472,1.0,1407.5769571872333,1000.0,1372.059376747997,1000.0,0.9802114359674815,0.0
2240,1712131260000.0,0.0,0.0,488.5,2.824407431810105,0.0,0.0,2.7469,0.9998716981513472,1.0,1407.5769571872333,1000.0,1369.7145767479972,1000.0,0.9802114359674815,0.0
2241,1712134860000.0,0.0,0.0,483.4,2.824407431810105,0.0,0.0,2.7728,0.9998716981513472,1.0,1407.133486525002,1000.0,1382.1864539879973,1000.0,0.9702836053662104,0.0
2242,1712138460000.0,0.0,0.0,483.4,2.824407431810105,0.0,0.0,2.7868,0.9998716981513472,1.0,1407.133486525002,1000.0,1388.9540539879972,1000.0,0.9702836053662104,0.0
2243,1712142060000.0,0.0,0.0,483.4,2.824407431810105,0.0,0.0,2.7794,0.9998716981513472,1.0,1407.133486525002,1000.0,1385.3768939879972,1000.0,0.9702836053662104,0.0
2244,1712145660000.0,0.0,0.0,483.4,2.824407431810105,0.0,0.0,2.766,0.9998716981513472,1.0,1407.133486525002,1000.0,1378.8993339879971,1000.0,0.9702836053662104,0.0
2245,1712149260000.0,0.0,0.0,483.4,2.824407431810105,0.0,0.0,2.7434,0.9998716981513472,1.0,1407.133486525002,1000.0,1367.9744939879972,1000.0,0.9702836053662104,0.0
2246,1712152860000.0,0.0,0.0,483.4,2.824407431810105,0.0,0.0,2.7392,0.9998716981513472,1.0,1407.133486525002,1000.0,1365.944213987997,1000.0,0.9702836053662104,0.0
2247,1712156460000.0,0.0,0.0,483.4,2.824407431810105,0.0,0.0,2.774,0.9998716981513472,1.0,1407.133486525002,1000.0,1382.7665339879973,1000.0,0.9702836053662104,0.0
2248,1712160060000.0,0.0,0.0,483.4,2.824407431810105,0.0,0.0,2.7274,0.9998716981513472,1.0,1407.133486525002,1000.0,1360.2400939879972,1000.0,0.9702836053662104,0.0
2249,1712163660000.0,0.0,0.0,478.2,2.824407431810105,0.0,0.0,2.7291,0.9998716981513472,1.0,1406.6449276395892,1000.0,1361.068913747997,1000.0,0.9601795075307386,0.0
2250,1712167260000.0,0.0,0.0,478.2,2.824407431810105,0.0,0.0,2.689,0.9998716981513472,1.0,1406.6449276395892,1000.0,1341.8930937479972,1000.0,0.9601795075307386,0.0
2251,1712170860000.0,0.0,0.0,478.2,2.824407431810105,0.0,0.0,2.7027,0.9998716981513472,1.0,1406.6449276395892,1000.0,1348.4444337479972,1000.0,0.9601795075307386,0.0
2252,1712174460000.0,0.0,0.0,478.2,2.824407431810105,0.0,0.0,2.6834,0.9998716981513472,1.0,1406.6449276395892,1000.0,1339.215173747997,1000.0,0.9601795075307386,0.0
2253,1712178060000.0,0.0,0.0,478.2,2.824407431810105,0.0,0.0,2.6695,0.9998716981513472,1.0,1406.6449276395892,1000.0,1332.5681937479972,1000.0,0.9601795075307386,0.0
2254,1712181660000.0,0.0,0.0,478.2,2.824407431810105,0.0,0.0,2.6953,0.9998716981513472,1.0,1406.6449276395892,1000.0,1344.905753747997,1000.0,0.9601795075307386,0.0
2255,1712185260000.0,0.0,0.0,478.2,2.824407431810105,0.0,0.0,2.7073,0.9998716981513472,1.0,1406.6449276395892,1000.0,1350.644153747997,1000.0,0.9601795075307386,0.0
2256,1712188860000.0,0.0,0.0,478.2,2.824407431810105,0.0,0.0,2.6823,0.9998716981513472,1.0,1406.6449276395892,1000.0,1338.6891537479971,1000.0,0.9601795075307386,0.0
2257,1712192460000.0,0.0,0.0,478.2,2.824407431810105,0.0,0.0,2.7517,0.9998716981513472,1.0,1406.6449276395892,1000.0,1371.876233747997,1000.0,0.9601795075307386,0.0
2258,1712196060000.0,0.0,0.0,473.0,2.824407431810105,0.0,0.0,2.7254,0.9998716981513472,1.0,1406.1251749941769,1000.0,1359.2946597479972,1000.0,0.950089465009196,0.0
2259,1712199660000.0,0.0,0.0,473.0,2.824407431810105,0.0,0.0,2.7117,0.9998716981513472,1.0,1406.1251749941769,1000.0,1352.8145597479972,1000.0,0.950089465009196,0.0
2260,1712203260000.0,0.0,0.0,473.0,2.824407431810105,0.0,0.0,2.7043,0.9998716981513472,1.0,1406.1251749941769,1000.0,1349.3143597479973,1000.0,0.950089465009196,0.0
2261,1712206860000.0,0.0,0.0,473.0,2.824407431810105,0.0,0.0,2.7217,0.9998716981513472,1.0,1406.1251749941769,1000.0,1357.544559747997,1000.0,0.950089465009196,0.0
2262,1712210460000.0,0.0,0.0,473.0,2.824407431810105,0.0,0.0,2.736,0.9998716981513472,1.0,1406.1251749941769,1000.0,1364.3084597479974,1000.0,0.950089465009196,0.0
2263,1712214060000.0,0.0,0.0,473.0,2.824407431810105,0.0,0.0,2.7242,0.9998716981513472,1.0,1406.1251749941769,1000.0,1358.7270597479974,1000.0,0.950089465009196,0.0
2264,1712217660000.0,0.0,0.0,473.0,2.824407431810105,0.0,0.0,2.7726,0.9998716981513472,1.0,1406.1251749941769,1000.0,1381.6202597479974,1000.0,0.950089465009196,0.0
2265,1712221260000.0,0.0,0.0,473.0,2.824407431810105,0.0,0.0,2.7862,0.9998716981513472,1.0,1406.1251749941769,1000.0,1388.0530597479972,1000.0,0.950089465009196,0.0
2266,1712224860000.0,0.0,0.0,473.0,2.824407431810105,0.0,0.0,2.7846,0.9998716981513472,1.0,1406.1251749941769,1000.0,1387.2962597479973,1000.0,0.950089465009196,0.0
2267,1712228460000.0,0.0,0.0,467.9,2.824407431810105,0.0,0.0,2.7847,0.9998716981513472,1.0,1405.9131980239454,1000.0,1387.3340906799972,1000.0,0.9399870768703316,0.0
2268,1712232060000.0,0.0,0.0,467.9,2.824407431810105,0.0,0.0,2.7946,0.9998716981513472,1.0,1405.9131980239454,1000.0,1391.9663006799972,1000.0,0.9399870768703316,0.0
2269,1712235660000.0,0.0,0.0,467.9,2.824407431810105,0.0,0.0,2.8181,0.9998716981513472,1.0,1405.9131980239454,1000.0,1402.9619506799972,1000.0,0.9399870768703316,0.0
2270,1712239260000.0,0.0,0.0,467.9,2.824407431810105,0.0,0.0,2.8391,0.9998716981513472,1.0,1405.9131980239454,1000.0,1412.7878506799973,1000.0,0.9399870768703316,0.0
2271,1712242860000.0,0.0,0.0,312.0,2.824407431810105,0.0,0.0,2.8626,0.9998716981513472,1.0,1412.4178755687499,1000.0,1424.3339568439972,1000.0,0.6239053852033037,0.0
2272,1712246460000.0,0.0,0.0,216.7,2.824407431810105,0.0,0.0,2.855,0.9998716981513472,1.0,1415.7743919052468,1000.0,1422.4038014319972,1000.0,0.43230693673558984,0.0
2273,1712250060000.0,0.0,0.0,25.4,2.824407431810105,0.0,0.0,2.8736,0.9998716981513472,1.0,1424.138053687974,1000.0,1425.3875449199973,1000.0,0.05037429382790353,0.0
2274,1712253660000.0,0.0,0.0,1.8,2.824407431810105,0.0,0.0,2.8853,0.9998716981513472,1.0,1425.2838552212552,1000.0,1425.393461843997,1000.0,0.003566962018572069,0.0
2275,1712257260000.0,0.0,0.0,0.0,2.824407431810105,0.0,0.0,2.8483,0.9998716981513472,1.0,1425.381175385996,1000.0,1425.381175385996,1000.0,0.0,0.0
2276,1712260860000.0,0.0,0.0,0.0,2.824407431810105,0.0,0.0,2.8341,0.9998716981513472,1.0,1425.381175385996,1000.0,1425.381175385996,1000.0,0.0,0.0
2277,1712264460000.0,0.0,0.0,18.1,2.8036,0.0,0.0,2.8011,0.9998716981513472,1.0,1425.3710263539958,1000.0,1425.325776353996,1000.0,0.035601369090406405,0.0
2278,1712268060000.0,0.0,0.0,36.5,2.783133150684931,0.0,0.0,2.7727,0.9998716981513472,1.0,1425.360858513996,1000.0,1424.980048513996,1000.0,0.07126922238197725,0.0
2279,1712271660000.0,0.0,0.0,36.5,2.783133150684931,0.0,0.0,2.7675,0.9998716981513472,1.0,1425.360858513996,1000.0,1424.790248513996,1000.0,0.07126922238197725,0.0
2280,1712275260000.0,0.0,0.0,36.5,2.783133150684931,0.0,0.0,2.7944,0.9998716981513472,1.0,1425.360858513996,1000.0,1425.7720985139958,1000.0,0.07126922238197725,0.0
2281,1712278860000.0,0.0,0.0,36.5,2.783133150684931,0.0,0.0,2.8021,0.9998716981513472,1.0,1425.360858513996,1000.0,1426.053148513996,1000.0,0.07126922238197725,0.0
2282,1712282460000.0,0.0,0.0,36.5,2.783133150684931,0.0,0.0,2.7723,0.9998716981513472,1.0,1425.360858513996,1000.0,1424.9654485139959,1000.0,0.07126922238197725,0.0
2283,1712286060000.0,0.0,0.0,55.1,2.766513611615245,0.0,0.0,2.72,0.9998716981513472,1.0,1425.350688405996,1000.0,1422.787788405996,1000.0,0.10694554065881964,0.0
2284,1712289660000.0,0.0,0.0,55.1,2.766513611615245,0.0,0.0,2.7558,0.9998716981513472,1.0,1425.350688405996,1000.0,1424.760368405996,1000.0,0.10694554065881964,0.0
2285,1712293260000.0,0.0,0.0,82.9,2.7471261761158017,0.0,0.0,2.7132,0.9998716981513472,1.0,1425.3356280339958,1000.0,1422.5231480339958,1000.0,0.1597776379968299,0.0
2286,1712296860000.0,0.0,0.0,124.8,2.723481490384615,0.0,0.0,2.6928,0.9998716981513472,1.0,1425.3131972879958,1000.0,1421.4841472879957,1000.0,0.23846722997213812,0.0
2287,1712300460000.0,0.0,0.0,124.8,2.723481490384615,0.0,0.0,2.6944,0.9998716981513472,1.0,1425.3131972879958,1000.0,1421.6838272879959,1000.0,0.23846722997213812,0.0
2288,1712304060000.0,0.0,0.0,124.8,2.723481490384615,0.0,0.0,2.6859,0.9998716981513472,1.0,1425.3131972879958,1000.0,1420.623027287996,1000.0,0.23846722997213812,0.0
2289,1712307660000.0,0.0,0.0,124.8,2.723481490384615,0.0,0.0,2.6786,0.9998716981513472,1.0,1425.3131972879958,1000.0,1419.7119872879957,1000.0,0.23846722997213812,0.0
2290,1712311260000.0,0.0,0.0,187.8,2.6936314696485617,0.0,0.0,2.6368,0.9998716981513472,1.0,1425.2800025879958,1000.0,1414.607052587996,1000.0,0.3549225338750715,0.0
2291,1712314860000.0,0.0,0.0,187.8,2.6936314696485617,0.0,0.0,2.6259,0.9998716981513472,1.0,1425.2800025879958,1000.0,1412.560032587996,1000.0,0.3549225338750715,0.0
2292,1712318460000.0,0.0,0.0,187.8,2.6936314696485617,0.0,0.0,2.6012,0.9998716981513472,1.0,1425.2800025879958,1000.0,1407.9213725879958,1000.0,0.3549225338750715,0.0
2293,1712322060000.0,0.0,0.0,187.8,2.6936314696485617,0.0,0.0,2.6427,0.9998716981513472,1.0,1425.2800025879958,1000.0,1415.715072587996,1000.0,0.3549225338750715,0.0
2294,1712325660000.0,0.0,0.0,187.8,2.6936314696485617,0.0,0.0,2.6534,0.9998716981513472,1.0,1425.2800025879958,1000.0,1417.724532587996,1000.0,0.3549225338750715,0.0
2295,1712329260000.0,0.0,0.0,187.8,2.6936314696485617,0.0,0.0,2.669,0.9998716981513472,1.0,1425.2800025879958,1000.0,1420.654212587996,1000.0,0.3549225338750715,0.0
2296,1712332860000.0,0.0,0.0,187.8,2.6936314696485617,0.0,0.0,2.6934,0.9998716981513472,1.0,1425.2800025879958,1000.0,1425.236532587996,1000.0,0.3549225338750715,0.0
2297,1712336460000.0,0.0,0.0,187.8,2.6936314696485617,0.0,0.0,2.6709,0.9998716981513472,1.0,1425.2800025879958,1000.0,1421.011032587996,1000.0,0.3549225338750715,0.0
2298,1712340060000.0,0.0,0.0,187.8,2.6936314696485617,0.0,0.0,2.6616,0.9998716981513472,1.0,1425.2800025879958,1000.0,1419.2644925879958,1000.0,0.3549225338750715,0.0
2299,1712343660000.0,0.0,0.0,187.8,2.6936314696485617,0.0,0.0,2.681,0.9998716981513472,1.0,1425.2800025879958,1000.0,1422.907812587996,1000.0,0.3549225338750715,0.0
2300,1712347260000.0,0.0,0.0,187.8,2.6936314696485617,0.0,0.0,2.6615,0.9998716981513472,1.0,1425.2800025879958,1000.0,1419.245712587996,1000.0,0.3549225338750715,0.0
2301,1712350860000.0,0.0,0.0,187.8,2.6936314696485617,0.0,0.0,2.6689,0.9998716981513472,1.0,1425.2800025879958,1000.0,1420.6354325879959,1000.0,0.3549225338750715,0.0
2302,1712354460000.0,0.0,0.0,187.8,2.6936314696485617,0.0,0.0,2.6682,0.9998716981513472,1.0,1425.2800025879958,1000.0,1420.503972587996,1000.0,0.3549225338750715,0.0
2303,1712358060000.0,0.0,0.0,187.8,2.6936314696485617,0.0,0.0,2.655,0.9998716981513472,1.0,1425.2800025879958,1000.0,1418.025012587996,1000.0,0.3549225338750715,0.0
2304,1712361660000.0,0.0,0.0,187.8,2.6936314696485617,0.0,0.0,2.6533,0.9998716981513472,1.0,1425.2800025879958,1000.0,1417.705752587996,1000.0,0.3549225338750715,0.0
2305,1712365260000.0,0.0,0.0,187.8,2.6936314696485617,0.0,0.0,2.6809,0.9998716981513472,1.0,1425.2800025879958,1000.0,1422.8890325879959,1000.0,0.3549225338750715,0.0
2306,1712368860000.0,0.0,0.0,187.8,2.6936314696485617,0.0,0.0,2.6733,0.9998716981513472,1.0,1425.2800025879958,1000.0,1421.4617525879958,1000.0,0.3549225338750715,0.0
2307,1712372460000.0,0.0,0.0,187.8,2.6936314696485617,0.0,0.0,2.6746,0.9998716981513472,1.0,1425.2800025879958,1000.0,1421.7058925879958,1000.0,0.3549225338750715,0.0
2308,1712376060000.0,0.0,0.0,187.8,2.6936314696485617,0.0,0.0,2.6926,0.9998716981513472,1.0,1425.2800025879958,1000.0,1425.086292587996,1000.0,0.3549225338750715,0.0
2309,1712379660000.0,0.0,0.0,187.8,2.6936314696485617,0.0,0.0,2.6853,0.9998716981513472,1.0,1425.2800025879958,1000.0,1423.7153525879958,1000.0,0.3549225338750715,0.0
2310,1712383260000.0,0.0,0.0,187.8,2.6936314696485617,0.0,0.0,2.698,0.9998716981513472,1.0,1425.2800025879958,1000.0,1426.1004125879958,1000.0,0.3549225338750715,0.0
2311,1712386860000.0,0.0,0.0,187.8,2.6936314696485617,0.0,0.0,2.7048,0.9998716981513472,1.0,1425.2800025879958,1000.0,1427.377452587996,1000.0,0.3549225338750715,0.0
2312,1712390460000.0,0.0,0.0,187.8,2.6936314696485617,0.0,0.0,2.693,0.9998716981513472,1.0,1425.2800025879958,1000.0,1425.161412587996,1000.0,0.3549225338750715,0.0
2313,1712394060000.0,0.0,0.0,187.8,2.6936314696485617,0.0,0.0,2.715,0.9998716981513472,1.0,1425.2800025879958,1000.0,1429.293012587996,1000.0,0.3549225338750715,0.0
2314,1712397660000.0,0.0,0.0,187.8,2.6936314696485617,0.0,0.0,2.6967,0.9998716981513472,1.0,1425.2800025879958,1000.0,1425.8562725879958,1000.0,0.3549225338750715,0.0
2315,1712401260000.0,0.0,0.0,187.8,2.6936314696485617,0.0,0.0,2.6927,0.9998716981513472,1.0,1425.2800025879958,1000.0,1425.105072587996,1000.0,0.3549225338750715,0.0
2316,1712404860000.0,0.0,0.0,187.8,2.6936314696485617,0.0,0.0,2.6796,0.9998716981513472,1.0,1425.2800025879958,1000.0,1422.6448925879959,1000.0,0.3549225338750715,0.0
2317,1712408460000.0,0.0,0.0,187.8,2.6936314696485617,0.0,0.0,2.6742,0.9998716981513472,1.0,1425.2800025879958,1000.0,1421.6307725879958,1000.0,0.3549225338750715,0.0
2318,1712412060000.0,0.0,0.0,187.8,2.6936314696485617,0.0,0.0,2.6687,0.9998716981513472,1.0,1425.2800025879958,1000.0,1420.5978725879959,1000.0,0.3549225338750715,0.0
2319,1712415660000.0,0.0,0.0,187.8,2.6936314696485617,0.0,0.0,2.6876,0.9998716981513472,1.0,1425.2800025879958,1000.0,1424.147292587996,1000.0,0.3549225338750715,0.0
2320,1712419260000.0,0.0,0.0,187.8,2.6936314696485617,0.0,0.0,2.6921,0.9998716981513472,1.0,1425.2800025879958,1000.0,1424.992392587996,1000.0,0.3549225338750715,0.0
2321,1712422860000.0,0.0,0.0,187.8,2.6936314696485617,0.0,0.0,2.6994,0.9998716981513472,1.0,1425.2800025879958,1000.0,1426.363332587996,1000.0,0.3549225338750715,0.0
2322,1712426460000.0,0.0,0.0,187.8,2.6936314696485617,0.0,0.0,2.705,0.9998716981513472,1.0,1425.2800025879958,1000.0,1427.415012587996,1000.0,0.3549225338750715,0.0
2323,1712430060000.0,0.0,0.0,187.8,2.6936314696485617,0.0,0.0,2.6922,0.9998716981513472,1.0,1425.2800025879958,1000.0,1425.011172587996,1000.0,0.3549225338750715,0.0
2324,1712433660000.0,0.0,0.0,187.8,2.6936314696485617,0.0,0.0,2.6926,0.9998716981513472,1.0,1425.2800025879958,1000.0,1425.086292587996,1000.0,0.3549225338750715,0.0
2325,1712437260000.0,0.0,0.0,187.8,2.6936314696485617,0.0,0.0,2.7121,0.9998716981513472,1.0,1425.2800025879958,1000.0,1428.7483925879958,1000.0,0.3549225338750715,0.0
2326,1712440860000.0,0.0,0.0,187.8,2.6936314696485617,0.0,0.0,2.7068,0.9998716981513472,1.0,1425.2800025879958,1000.0,1427.7530525879959,1000.0,0.3549225338750715,0.0
2327,1712444460000.0,0.0,0.0,156.5,2.6936314696485617,0.0,0.0,2.7262,0.9998716981513472,1.0,1426.3324015599958,1000.0,1431.429376559996,1000.0,0.29555054946444625,0.0
2328,1712448060000.0,0.0,0.0,90.7,2.6936314696485617,0.0,0.0,2.7062,0.9998716981513472,1.0,1428.5447930091204,1000.0,1429.684758711996,1000.0,0.1710218506921993,0.0
2329,1712451660000.0,0.0,0.0,90.7,2.6936314696485617,0.0,0.0,2.712,0.9998716981513472,1.0,1428.5447930091204,1000.0,1430.210818711996,1000.0,0.1710218506921993,0.0
2330,1712455260000.0,0.0,0.0,17.1,2.6936314696485617,0.0,0.0,2.7353,0.9998716981513472,1.0,1431.2066461789866,1000.0,1431.9191780479962,1000.0,0.032183401505270826,0.0
2331,1712458860000.0,0.0,0.0,9.6,2.6936314696485617,0.0,0.0,2.7295,0.9998716981513472,1.0,1431.5009700246223,1000.0,1431.845307915996,1000.0,0.018064159682812796,0.0
2332,1712462460000.0,0.0,0.0,8.0,2.6936314696485617,0.0,0.0,2.7387,0.9998716981513472,1.0,1431.5547667771848,1000.0,1431.9153150199963,1000.0,0.01505290070438675,0.0
2333,1712466060000.0,0.0,0.0,5.6,2.6936314696485617,0.0,0.0,2.726,0.9998716981513472,1.0,1431.6354619060282,1000.0,1431.8167256759964,1000.0,0.010536436566016043,0.0
2334,1712469660000.0,0.0,0.0,0.6,2.6936314696485617,0.0,0.0,2.7389,0.9998716981513472,1.0,1431.8544065897859,1000.0,1431.8815677079967,1000.0,0.001128731297226198,0.0
2335,1712473260000.0,0.0,0.0,0.6,2.6936314696485617,0.0,0.0,2.7157,0.9998716981513472,1.0,1431.8544065897859,1000.0,1431.8676477079966,1000.0,0.001128731297226198,0.0
2336,1712476860000.0,0.0,0.0,0.6,2.6936314696485617,0.0,0.0,2.7268,0.9998716981513472,1.0,1431.8544065897859,1000.0,1431.8743077079966,1000.0,0.001128731297226198,0.0
2337,1712480460000.0,0.0,0.0,0.0,2.6936314696485617,0.0,0.0,2.7379,0.9998716981513472,1.0,1431.8745803719971,1000.0,1431.8745803719971,1000.0,0.0,0.0
2338,1712484060000.0,0.0,0.0,0.0,2.6936314696485617,0.0,0.0,2.7197,0.9998716981513472,1.0,1431.8745803719971,1000.0,1431.8745803719971,1000.0,0.0,0.0
2339,1712487660000.0,0.0,0.0,0.0,2.6936314696485617,0.0,0.0,2.7349,0.9998716981513472,1.0,1431.8745803719971,1000.0,1431.8745803719971,1000.0,0.0,0.0
2340,1712491260000.0,0.0,0.0,0.0,2.6936314696485617,0.0,0.0,2.7313,0.9998716981513472,1.0,1431.8745803719971,1000.0,1431.8745803719971,1000.0,0.0,0.0
2341,1712494860000.0,0.0,0.0,0.0,2.6936314696485617,0.0,0.0,2.7365,0.9998716981513472,1.0,1431.8745803719971,1000.0,1431.8745803719971,1000.0,0.0,0.0
2342,1712498460000.0,0.0,0.0,0.0,2.6936314696485617,0.0,0.0,2.7318,0.9998716981513472,1.0,1431.8745803719971,1000.0,1431.8745803719971,1000.0,0.0,0.0
2343,1712502060000.0,0.0,0.0,0.0,2.6936314696485617,0.0,0.0,2.7429,0.9998716981513472,1.0,1431.8745803719971,1000.0,1431.8745803719971,1000.0,0.0,0.0
2344,1712505660000.0,0.0,0.0,18.8,2.7127,0.0,0.0,2.714,0.9998716981513472,1.0,1431.864380619997,1000.0,1431.888820619997,1000.0,0.03561703237419562,0.0
2345,1712509260000.0,0.0,0.0,18.8,2.7127,0.0,0.0,2.7216,0.9998716981513472,1.0,1431.864380619997,1000.0,1432.031700619997,1000.0,0.03561703237419562,0.0
2346,1712512860000.0,0.0,0.0,18.8,2.7127,0.0,0.0,2.7107,0.9998716981513472,1.0,1431.864380619997,1000.0,1431.8267806199972,1000.0,0.03561703237419562,0.0
2347,1712516460000.0,0.0,0.0,18.8,2.7127,0.0,0.0,2.6945,0.9998716981513472,1.0,1431.864380619997,1000.0,1431.5222206199971,1000.0,0.03561703237419562,0.0
2348,1712520060000.0,0.0,0.0,18.8,2.7127,0.0,0.0,2.6895,0.9998716981513472,1.0,1431.864380619997,1000.0,1431.428220619997,1000.0,0.03561703237419562,0.0
2349,1712523660000.0,0.0,0.0,18.8,2.7127,0.0,0.0,2.7031,0.9998716981513472,1.0,1431.864380619997,1000.0,1431.683900619997,1000.0,0.03561703237419562,0.0
2350,1712527260000.0,0.0,0.0,18.8,2.7127,0.0,0.0,2.6825,0.9998716981513472,1.0,1431.864380619997,1000.0,1431.2966206199972,1000.0,0.03561703237419562,0.0
2351,1712530860000.0,0.0,0.0,37.9,2.6928944591029027,0.0,0.0,2.6998,0.9998716981513472,1.0,1431.8541682319972,1000.0,1432.1158882319971,1000.0,0.07127869741512918,0.0
2352,1712534460000.0,0.0,0.0,37.9,2.6928944591029027,0.0,0.0,2.7147,0.9998716981513472,1.0,1431.8541682319972,1000.0,1432.6805982319972,1000.0,0.07127869741512918,0.0
2353,1712538060000.0,0.0,0.0,37.9,2.6928944591029027,0.0,0.0,2.6914,0.9998716981513472,1.0,1431.8541682319972,1000.0,1431.7975282319971,1000.0,0.07127869741512918,0.0
2354,1712541660000.0,0.0,0.0,37.9,2.6928944591029027,0.0,0.0,2.6754,0.9998716981513472,1.0,1431.8541682319972,1000.0,1431.1911282319973,1000.0,0.07127869741512918,0.0
2355,1712545260000.0,0.0,0.0,37.9,2.6928944591029027,0.0,0.0,2.6582,0.9998716981513472,1.0,1431.8541682319972,1000.0,1430.5392482319971,1000.0,0.07127869741512918,0.0
2356,1712548860000.0,0.0,0.0,57.2,2.6768354895104896,0.0,0.0,2.6673,0.9998716981513472,1.0,1431.8439573739972,1000.0,1431.2985273739973,1000.0,0.10693552828257417,0.0
2357,1712552460000.0,0.0,0.0,57.2,2.6768354895104896,0.0,0.0,2.6535,0.9998716981513472,1.0,1431.8439573739972,1000.0,1430.5091673739973,1000.0,0.10693552828257417,0.0
2358,1712556060000.0,0.0,0.0,57.2,2.6768354895104896,0.0,0.0,2.6619,0.9998716981513472,1.0,1431.8439573739972,1000.0,1430.9896473739973,1000.0,0.10693552828257417,0.0
2359,1712559660000.0,0.0,0.0,57.2,2.6768354895104896,0.0,0.0,2.6616,0.9998716981513472,1.0,1431.8439573739972,1000.0,1430.9724873739972,1000.0,0.10693552828257417,0.0
2360,1712563260000.0,0.0,0.0,5.7,2.6768354895104896,0.0,0.0,2.7238,0.9998716981513472,1.0,1433.6611292362068,1000.0,1433.928826945997,1000.0,0.010642656049647228,0.0
2361,1712566860000.0,0.0,0.0,0.0,2.6768354895104896,0.0,0.0,2.8221,0.9998716981513472,1.0,1434.073562239997,1000.0,1434.073562239997,1000.0,0.0,0.0
2362,1712570460000.0,0.0,0.0,0.0,2.6768354895104896,0.0,0.0,2.8692,0.9998716981513472,1.0,1434.073562239997,1000.0,1434.073562239997,1000.0,0.0,0.0
2363,1712574060000.0,0.0,0.0,0.0,2.6768354895104896,0.0,0.0,2.8584,0.9998716981513472,1.0,1434.073562239997,1000.0,1434.073562239997,1000.0,0.0,0.0
2364,1712577660000.0,0.0,0.0,0.0,2.6768354895104896,0.0,0.0,2.8874,0.9998716981513472,1.0,1434.073562239997,1000.0,1434.073562239997,1000.0,0.0,0.0
2365,1712581260000.0,0.0,0.0,0.0,2.6768354895104896,0.0,0.0,2.8582,0.9998716981513472,1.0,1434.073562239997,1000.0,1434.073562239997,1000.0,0.0,0.0
2366,1712584860000.0,0.0,0.0,0.0,2.6768354895104896,0.0,0.0,2.8756,0.9998716981513472,1.0,1434.073562239997,1000.0,1434.073562239997,1000.0,0.0,0.0
2367,1712588460000.0,0.0,0.0,0.0,2.6768354895104896,0.0,0.0,2.8574,0.9998716981513472,1.0,1434.073562239997,1000.0,1434.073562239997,1000.0,0.0,0.0
2368,1712592060000.0,0.0,0.0,0.0,2.6768354895104896,0.0,0.0,2.8451,0.9998716981513472,1.0,1434.073562239997,1000.0,1434.073562239997,1000.0,0.0,0.0
2369,1712595660000.0,0.0,0.0,0.0,2.6768354895104896,0.0,0.0,2.8448,0.9998716981513472,1.0,1434.073562239997,1000.0,1434.073562239997,1000.0,0.0,0.0
2370,1712599260000.0,0.0,0.0,0.0,2.6768354895104896,0.0,0.0,2.847,0.9998716981513472,1.0,1434.073562239997,1000.0,1434.073562239997,1000.0,0.0,0.0
2371,1712602860000.0,0.0,0.0,0.0,2.6768354895104896,0.0,0.0,2.8587,0.9998716981513472,1.0,1434.073562239997,1000.0,1434.073562239997,1000.0,0.0,0.0
2372,1712606460000.0,0.0,0.0,0.0,2.6768354895104896,0.0,0.0,2.8516,0.9998716981513472,1.0,1434.073562239997,1000.0,1434.073562239997,1000.0,0.0,0.0
2373,1712610060000.0,0.0,0.0,0.0,2.6768354895104896,0.0,0.0,2.8546,0.9998716981513472,1.0,1434.073562239997,1000.0,1434.073562239997,1000.0,0.0,0.0
2374,1712613660000.0,0.0,0.0,0.0,2.6768354895104896,0.0,0.0,2.8605,0.9998716981513472,1.0,1434.073562239997,1000.0,1434.073562239997,1000.0,0.0,0.0
2375,1712617260000.0,0.0,0.0,0.0,2.6768354895104896,0.0,0.0,2.8529,0.9998716981513472,1.0,1434.073562239997,1000.0,1434.073562239997,1000.0,0.0,0.0
2376,1712620860000.0,0.0,0.0,0.0,2.6768354895104896,0.0,0.0,2.8495,0.9998716981513472,1.0,1434.073562239997,1000.0,1434.073562239997,1000.0,0.0,0.0
2377,1712624460000.0,0.0,0.0,0.0,2.6768354895104896,0.0,0.0,2.8436,0.9998716981513472,1.0,1434.073562239997,1000.0,1434.073562239997,1000.0,0.0,0.0
2378,1712628060000.0,0.0,0.0,18.1,2.8188,0.0,0.0,2.8463,0.9998716981513472,1.0,1434.063358183997,1000.0,1434.561108183997,1000.0,0.03557742390448405,0.0
2379,1712631660000.0,0.0,0.0,12.6,2.8188,0.0,0.0,2.8426,0.9998716981513472,1.0,1434.2571181239973,1000.0,1434.5569981239973,1000.0,0.02476325865926741,0.0
2380,1712635260000.0,0.0,0.0,18.1,2.8194077348066298,0.0,0.0,2.8206,0.9998716981513472,1.0,1434.2540152439974,1000.0,1434.2755952439975,1000.0,0.03558036404821811,0.0
2381,1712638860000.0,0.0,0.0,18.1,2.8194077348066298,0.0,0.0,2.8369,0.9998716981513472,1.0,1434.2540152439974,1000.0,1434.5706252439975,1000.0,0.03558036404821811,0.0
2382,1712642460000.0,0.0,0.0,15.1,2.8194077348066298,0.0,0.0,2.8465,0.9998716981513472,1.0,1434.3596789195776,1000.0,1434.7687721239975,1000.0,0.029680879504119913,0.0
2383,1712646060000.0,0.0,0.0,15.1,2.8194077348066298,0.0,0.0,2.8055,0.9998716981513472,1.0,1434.3596789195776,1000.0,1434.1496721239976,1000.0,0.029680879504119913,0.0
2384,1712649660000.0,0.0,0.0,33.5,2.7977628894203015,0.0,0.0,2.7689,0.9998716981513472,1.0,1434.3494485195777,1000.0,1433.3825417239975,1000.0,0.06534325152933666,0.0
2385,1712653260000.0,0.0,0.0,52.1,2.7806398617193877,0.0,0.0,2.7859,0.9998716981513472,1.0,1434.3392192635777,1000.0,1434.6132724679976,1000.0,0.10100214429746984,0.0
2386,1712656860000.0,0.0,0.0,52.1,2.7806398617193877,0.0,0.0,2.7919,0.9998716981513472,1.0,1434.3392192635777,1000.0,1434.9258724679976,1000.0,0.10100214429746984,0.0
2387,1712660460000.0,0.0,0.0,52.1,2.7806398617193877,0.0,0.0,2.7963,0.9998716981513472,1.0,1434.3392192635777,1000.0,1435.1551124679975,1000.0,0.10100214429746984,0.0
2388,1712664060000.0,0.0,0.0,52.1,2.7806398617193877,0.0,0.0,2.8041,0.9998716981513472,1.0,1434.3392192635777,1000.0,1435.5614924679976,1000.0,0.10100214429746984,0.0
2389,1712667660000.0,0.0,0.0,52.1,2.7806398617193877,0.0,0.0,2.7875,0.9998716981513472,1.0,1434.3392192635777,1000.0,1434.6966324679975,1000.0,0.10100214429746984,0.0
2390,1712671260000.0,0.0,0.0,52.1,2.7806398617193877,0.0,0.0,2.7364,0.9998716981513472,1.0,1434.3392192635777,1000.0,1432.0343224679975,1000.0,0.10100214429746984,0.0
2391,1712674860000.0,0.0,0.0,118.0,2.73863810843712,0.0,0.0,2.673,0.9998716981513472,1.0,1434.3035616715777,1000.0,1426.5582648759976,1000.0,0.22530746310004368,0.0
2392,1712678460000.0,0.0,0.0,177.6,2.709697842317456,0.0,0.0,2.6626,0.9998716981513472,1.0,1434.2719450635777,1000.0,1425.9073682679975,1000.0,0.3355307467680042,0.0
2393,1712682060000.0,0.0,0.0,177.6,2.709697842317456,0.0,0.0,2.6544,0.9998716981513472,1.0,1434.2719450635777,1000.0,1424.4510482679975,1000.0,0.3355307467680042,0.0
2394,1712685660000.0,0.0,0.0,177.6,2.709697842317456,0.0,0.0,2.6531,0.9998716981513472,1.0,1434.2719450635777,1000.0,1424.2201682679975,1000.0,0.3355307467680042,0.0
2395,1712689260000.0,0.0,0.0,177.6,2.709697842317456,0.0,0.0,2.6535,0.9998716981513472,1.0,1434.2719450635777,1000.0,1424.2912082679975,1000.0,0.3355307467680042,0.0
2396,1712692860000.0,0.0,0.0,177.6,2.709697842317456,0.0,0.0,2.6678,0.9998716981513472,1.0,1434.2719450635777,1000.0,1426.8308882679976,1000.0,0.3355307467680042,0.0
2397,1712696460000.0,0.0,0.0,177.6,2.709697842317456,0.0,0.0,2.6749,0.9998716981513472,1.0,1434.2719450635777,1000.0,1428.0918482679976,1000.0,0.3355307467680042,0.0
2398,1712700060000.0,0.0,0.0,177.6,2.709697842317456,0.0,0.0,2.6636,0.9998716981513472,1.0,1434.2719450635777,1000.0,1426.0849682679975,1000.0,0.3355307467680042,0.0
2399,1712703660000.0,0.0,0.0,177.6,2.709697842317456,0.0,0.0,2.6664,0.9998716981513472,1.0,1434.2719450635777,1000.0,1426.5822482679976,1000.0,0.3355307467680042,0.0
2400,1712707260000.0,0.0,0.0,177.6,2.709697842317456,0.0,0.0,2.6365,0.9998716981513472,1.0,1434.2719450635777,1000.0,1421.2720082679975,1000.0,0.3355307467680042,0.0
2401,1712710860000.0,0.0,0.0,177.6,2.709697842317456,0.0,0.0,2.6519,0.9998716981513472,1.0,1434.2719450635777,1000.0,1424.0070482679976,1000.0,0.3355307467680042,0.0
2402,1712714460000.0,0.0,0.0,177.6,2.709697842317456,0.0,0.0,2.6585,0.9998716981513472,1.0,1434.2719450635777,1000.0,1425.1792082679976,1000.0,0.3355307467680042,0.0
2403,1712718060000.0,0.0,0.0,267.3,2.672080272336626,0.0,0.0,2.6095,0.9998716981513472,1.0,1434.2253441195778,1000.0,1417.4976373239977,1000.0,0.4980019769724765,0.0
2404,1712721660000.0,0.0,0.0,267.3,2.672080272336626,0.0,0.0,2.6258,0.9998716981513472,1.0,1434.2253441195778,1000.0,1421.8546273239976,1000.0,0.4980019769724765,0.0
2405,1712725260000.0,0.0,0.0,267.3,2.672080272336626,0.0,0.0,2.6479,0.9998716981513472,1.0,1434.2253441195778,1000.0,1427.7619573239976,1000.0,0.4980019769724765,0.0
2406,1712728860000.0,0.0,0.0,267.3,2.672080272336626,0.0,0.0,2.6434,0.9998716981513472,1.0,1434.2253441195778,1000.0,1426.5591073239978,1000.0,0.4980019769724765,0.0
2407,1712732460000.0,0.0,0.0,267.3,2.672080272336626,0.0,0.0,2.6479,0.9998716981513472,1.0,1434.2253441195778,1000.0,1427.7619573239976,1000.0,0.4980019769724765,0.0
2408,1712736060000.0,0.0,0.0,267.3,2.672080272336626,0.0,0.0,2.6358,0.9998716981513472,1.0,1434.2253441195778,1000.0,1424.5276273239976,1000.0,0.4980019769724765,0.0
2409,1712739660000.0,0.0,0.0,267.3,2.672080272336626,0.0,0.0,2.6317,0.9998716981513472,1.0,1434.2253441195778,1000.0,1423.4316973239977,1000.0,0.4980019769724765,0.0
2410,1712743260000.0,0.0,0.0,267.3,2.672080272336626,0.0,0.0,2.6265,0.9998716981513472,1.0,1434.2253441195778,1000.0,1422.0417373239977,1000.0,0.4980019769724765,0.0
2411,1712746860000.0,0.0,0.0,267.3,2.672080272336626,0.0,0.0,2.6042,0.9998716981513472,1.0,1434.2253441195778,1000.0,1416.0809473239976,1000.0,0.4980019769724765,0.0
2412,1712750460000.0,0.0,0.0,267.3,2.672080272336626,0.0,0.0,2.6138,0.9998716981513472,1.0,1434.2253441195778,1000.0,1418.6470273239977,1000.0,0.4980019769724765,0.0
2413,1712754060000.0,0.0,0.0,402.3,2.6219191071229933,0.0,0.0,2.5533,0.9998716981513472,1.0,1434.1572339195777,1000.0,1406.5517671239975,1000.0,0.7354828549117992,0.0
2414,1712757660000.0,0.0,0.0,402.3,2.6219191071229933,0.0,0.0,2.5623,0.9998716981513472,1.0,1434.1572339195777,1000.0,1410.1724671239976,1000.0,0.7354828549117992,0.0
2415,1712761260000.0,0.0,0.0,402.3,2.6219191071229933,0.0,0.0,2.6084,0.9998716981513472,1.0,1434.1572339195777,1000.0,1428.7184971239976,1000.0,0.7354828549117992,0.0
2416,1712764860000.0,0.0,0.0,402.3,2.6219191071229933,0.0,0.0,2.5981,0.9998716981513472,1.0,1434.1572339195777,1000.0,1424.5748071239975,1000.0,0.7354828549117992,0.0
2417,1712768460000.0,0.0,0.0,402.3,2.6219191071229933,0.0,0.0,2.6281,0.9998716981513472,1.0,1434.1572339195777,1000.0,1436.6438071239975,1000.0,0.7354828549117992,0.0
2418,1712772060000.0,0.0,0.0,402.3,2.6219191071229933,0.0,0.0,2.6242,0.9998716981513472,1.0,1434.1572339195777,1000.0,1435.0748371239977,1000.0,0.7354828549117992,0.0
2419,1712775660000.0,0.0,0.0,402.3,2.6219191071229933,0.0,0.0,2.5836,0.9998716981513472,1.0,1434.1572339195777,1000.0,1418.7414571239976,1000.0,0.7354828549117992,0.0
2420,1712779260000.0,0.0,0.0,402.3,2.6219191071229933,0.0,0.0,2.6144,0.9998716981513472,1.0,1434.1572339195777,1000.0,1431.1322971239974,1000.0,0.7354828549117992,0.0
2421,1712782860000.0,0.0,0.0,402.3,2.6219191071229933,0.0,0.0,2.5968,0.9998716981513472,1.0,1434.1572339195777,1000.0,1424.0518171239976,1000.0,0.7354828549117992,0.0
2422,1712786460000.0,0.0,0.0,402.3,2.6219191071229933,0.0,0.0,2.6078,0.9998716981513472,1.0,1434.1572339195777,1000.0,1428.4771171239977,1000.0,0.7354828549117992,0.0
2423,1712790060000.0,0.0,0.0,402.3,2.6219191071229933,0.0,0.0,2.6187,0.9998716981513472,1.0,1434.1572339195777,1000.0,1432.8621871239975,1000.0,0.7354828549117992,0.0
2424,1712793660000.0,0.0,0.0,402.3,2.6219191071229933,0.0,0.0,2.6149,0.9998716981513472,1.0,1434.1572339195777,1000.0,1431.3334471239975,1000.0,0.7354828549117992,0.0
2425,1712797260000.0,0.0,0.0,402.3,2.6219191071229933,0.0,0.0,2.6179,0.9998716981513472,1.0,1434.1572339195777,1000.0,1432.5403471239977,1000.0,0.7354828549117992,0.0
2426,1712800860000.0,0.0,0.0,402.3,2.6219191071229933,0.0,0.0,2.6015,0.9998716981513472,1.0,1434.1572339195777,1000.0,1425.9426271239977,1000.0,0.7354828549117992,0.0
2427,1712804460000.0,0.0,0.0,402.3,2.6219191071229933,0.0,0.0,2.6177,0.9998716981513472,1.0,1434.1572339195777,1000.0,1432.4598871239975,1000.0,0.7354828549117992,0.0
2428,1712808060000.0,0.0,0.0,402.3,2.6219191071229933,0.0,0.0,2.6202,0.9998716981513472,1.0,1434.1572339195777,1000.0,1433.4656371239976,1000.0,0.7354828549117992,0.0
2429,1712811660000.0,0.0,0.0,402.3,2.6219191071229933,0.0,0.0,2.6275,0.9998716981513472,1.0,1434.1572339195777,1000.0,1436.4024271239975,1000.0,0.7354828549117992,0.0
2430,1712815260000.0,0.0,0.0,402.3,2.6219191071229933,0.0,0.0,2.6387,0.9998716981513472,1.0,1434.1572339195777,1000.0,1440.9081871239975,1000.0,0.7354828549117992,0.0
2431,1712818860000.0,0.0,0.0,112.5,2.6219191071229933,0.0,0.0,2.6539,0.9998716981513472,1.0,1443.6481412833343,1000.0,1447.2459917319975,1000.0,0.20431980003737346,0.0
2432,1712822460000.0,0.0,0.0,19.8,2.6219191071229933,0.0,0.0,2.6662,0.9998716981513472,1.0,1447.5792735650332,1000.0,1448.456035243998,1000.0,0.03586262892061435,0.0
2433,1712826060000.0,0.0,0.0,1.2,2.6219191071229933,0.0,0.0,2.6838,0.9998716981513472,1.0,1448.5395505885444,1000.0,1448.6138076599968,1000.0,0.0021720517933177886,0.0
2434,1712829660000.0,0.0,0.0,0.9,2.6219191071229933,0.0,0.0,2.6432,0.9998716981513472,1.0,1448.5493755444074,1000.0,1448.5685283479968,1000.0,0.0016290277958415046,0.0
2435,1712833260000.0,0.0,0.0,19.7,2.6214237155538425,0.0,0.0,2.6138,0.9998716981513472,1.0,1448.5395190804074,1000.0,1448.3893318839966,1000.0,0.03565111377092093,0.0
2436,1712836860000.0,0.0,0.0,39.7,2.602268191345358,0.0,0.0,2.5894,0.9998716981513472,1.0,1448.5291854804075,1000.0,1448.0183182839967,1000.0,0.07132065286081739,0.0
2437,1712840460000.0,0.0,0.0,39.7,2.602268191345358,0.0,0.0,2.6073,0.9998716981513472,1.0,1448.5291854804075,1000.0,1448.7289482839967,1000.0,0.07132065286081739,0.0
2438,1712844060000.0,0.0,0.0,39.7,2.602268191345358,0.0,0.0,2.5856,0.9998716981513472,1.0,1448.5291854804075,1000.0,1447.8674582839967,1000.0,0.07132065286081739,0.0
2439,1712847660000.0,0.0,0.0,59.9,2.5867326743975076,0.0,0.0,2.5675,0.9998716981513472,1.0,1448.5188584324076,1000.0,1447.366821235997,1000.0,0.10696808418779792,0.0
2440,1712851260000.0,0.0,0.0,59.9,2.5867326743975076,0.0,0.0,2.552,0.9998716981513472,1.0,1448.5188584324076,1000.0,1446.4383712359968,1000.0,0.10696808418779792,0.0
2441,1712854860000.0,0.0,0.0,90.2,2.568582008829387,0.0,0.0,2.5525,0.9998716981513472,1.0,1448.5035102704076,1000.0,1447.052913073997,1000.0,0.1599485921529865,0.0
2442,1712858460000.0,0.0,0.0,90.2,2.568582008829387,0.0,0.0,2.5573,0.9998716981513472,1.0,1448.5035102704076,1000.0,1447.4858730739968,1000.0,0.1599485921529865,0.0
2443,1712862060000.0,0.0,0.0,90.2,2.568582008829387,0.0,0.0,2.5491,0.9998716981513472,1.0,1448.5035102704076,1000.0,1446.7462330739968,1000.0,0.1599485921529865,0.0
2444,1712865660000.0,0.0,0.0,90.2,2.568582008829387,0.0,0.0,2.5651,0.9998716981513472,1.0,1448.5035102704076,1000.0,1448.189433073997,1000.0,0.1599485921529865,0.0
2445,1712869260000.0,0.0,0.0,90.2,2.568582008829387,0.0,0.0,2.576,0.9998716981513472,1.0,1448.5035102704076,1000.0,1449.172613073997,1000.0,0.1599485921529865,0.0
2446,1712872860000.0,0.0,0.0,90.2,2.568582008829387,0.0,0.0,2.5577,0.9998716981513472,1.0,1448.5035102704076,1000.0,1447.5219530739969,1000.0,0.1599485921529865,0.0
2447,1712876460000.0,0.0,0.0,90.2,2.568582008829387,0.0,0.0,2.5601,0.9998716981513472,1.0,1448.5035102704076,1000.0,1447.738433073997,1000.0,0.1599485921529865,0.0
2448,1712880060000.0,0.0,0.0,90.2,2.568582008829387,0.0,0.0,2.5679,0.9998716981513472,1.0,1448.5035102704076,1000.0,1448.4419930739969,1000.0,0.1599485921529865,0.0
2449,1712883660000.0,0.0,0.0,90.2,2.568582008829387,0.0,0.0,2.5873,0.9998716981513472,1.0,1448.5035102704076,1000.0,1450.191873073997,1000.0,0.1599485921529865,0.0
2450,1712887260000.0,0.0,0.0,90.2,2.568582008829387,0.0,0.0,2.5816,0.9998716981513472,1.0,1448.5035102704076,1000.0,1449.677733073997,1000.0,0.1599485921529865,0.0
2451,1712890860000.0,0.0,0.0,50.2,2.568582008829387,0.0,0.0,2.6021,0.9998716981513472,1.0,1449.9643849172319,1000.0,1451.6469880739967,1000.0,0.0889282648487919,0.0
2452,1712894460000.0,0.0,0.0,26.9,2.568582008829387,0.0,0.0,2.6071,0.9998716981513472,1.0,1450.924620039507,1000.0,1451.9607540019965,1000.0,0.04762125825367078,0.0
2453,1712898060000.0,0.0,0.0,15.7,2.568582008829387,0.0,0.0,2.602,0.9998716981513472,1.0,1451.2841148526174,1000.0,1451.808777313996,1000.0,0.027786935118983704,0.0
2454,1712901660000.0,0.0,0.0,7.7,2.568582008829387,0.0,0.0,2.5993,0.9998716981513472,1.0,1451.5408968619827,1000.0,1451.7774253939963,1000.0,0.013625576455161255,0.0
2455,1712905260000.0,0.0,0.0,7.7,2.568582008829387,0.0,0.0,2.5819,0.9998716981513472,1.0,1451.5408968619827,1000.0,1451.6434453939964,1000.0,0.013625576455161255,0.0
2456,1712908860000.0,0.0,0.0,20.1,2.571369227262999,0.0,0.0,2.565,0.9998716981513472,1.0,1451.5345155739826,1000.0,1451.4064941059964,1000.0,0.0356068153484787,0.0
2457,1712912460000.0,0.0,0.0,20.1,2.571369227262999,0.0,0.0,2.574,0.9998716981513472,1.0,1451.5345155739826,1000.0,1451.5873941059963,1000.0,0.0356068153484787,0.0
2458,1712916060000.0,0.0,0.0,20.1,2.571369227262999,0.0,0.0,2.5639,0.9998716981513472,1.0,1451.5345155739826,1000.0,1451.3843841059963,1000.0,0.0356068153484787,0.0
2459,1712919660000.0,0.0,0.0,20.1,2.571369227262999,0.0,0.0,2.5632,0.9998716981513472,1.0,1451.5345155739826,1000.0,1451.3703141059964,1000.0,0.0356068153484787,0.0
2460,1712923260000.0,0.0,0.0,20.1,2.571369227262999,0.0,0.0,2.5685,0.9998716981513472,1.0,1451.5345155739826,1000.0,1451.4768441059964,1000.0,0.0356068153484787,0.0
2461,1712926860000.0,0.0,0.0,40.5,2.552596579456451,0.0,0.0,2.5075,0.9998716981513472,1.0,1451.5241764459827,1000.0,1449.6977649779965,1000.0,0.07122179784914763,0.0
2462,1712930460000.0,0.0,0.0,138.5,2.497892140563078,0.0,0.0,2.4741,0.9998716981513472,1.0,1451.4756608659827,1000.0,1448.1804493979964,1000.0,0.23834919922913486,0.0
2463,1712934060000.0,0.0,0.0,138.5,2.497892140563078,0.0,0.0,2.4293,0.9998716981513472,1.0,1451.4756608659827,1000.0,1441.9756493979964,1000.0,0.23834919922913486,0.0
2464,1712937660000.0,0.0,0.0,208.5,2.4704990957697186,0.0,0.0,2.4194,0.9998716981513472,1.0,1451.4418326659827,1000.0,1440.7876711979964,1000.0,0.3548878431606601,0.0
2465,1712941260000.0,0.0,0.0,208.5,2.4704990957697186,0.0,0.0,2.3869,0.9998716981513472,1.0,1451.4418326659827,1000.0,1434.0114211979962,1000.0,0.3548878431606601,0.0
2466,1712944860000.0,0.00020563774839296633,0.0,620.0,2.340938824948365,0.0,0.0,2.2585,0.9998716981513472,1.0,1451.2545760639828,1000.0,1400.1425045959966,1000.0,1.0000878518532217,0.0
2467,1712948460000.0,0.00020563774839296633,0.0,620.0,2.340938824948365,0.0,0.0,2.0608,0.9998716981513472,1.0,1451.2545760639828,1000.0,1277.5685045959963,1000.0,1.0000878518532217,0.0
2468,1712952060000.0,0.00020563774839296633,0.0,620.0,2.340938824948365,0.0,0.0,2.1317,0.9998716981513472,1.0,1451.2545760639828,1000.0,1321.5265045959964,1000.0,1.0000878518532217,0.0
2469,1712955660000.0,0.00020563774839296633,0.0,620.0,2.340938824948365,0.0,0.0,2.1632,0.9998716981513472,1.0,1451.2545760639828,1000.0,1341.0565045959963,1000.0,1.0000878518532217,0.0
2470,1712959260000.0,0.00020563774839296633,0.0,620.0,2.340938824948365,0.0,0.0,2.1921,0.9998716981513472,1.0,1451.2545760639828,1000.0,1358.9745045959962,1000.0,1.0000878518532217,0.0
2471,1712962860000.0,0.00020563774839296633,0.0,620.0,2.340938824948365,0.0,0.0,2.2011,0.9998716981513472,1.0,1451.2545760639828,1000.0,1364.5545045959964,1000.0,1.0000878518532217,0.0
2472,1712966460000.0,0.00020563774839296633,0.0,620.0,2.340938824948365,0.0,0.0,2.1956,0.9998716981513472,1.0,1451.2545760639828,1000.0,1361.1445045959965,1000.0,1.0000878518532217,0.0
2473,1712970060000.0,0.00020563774839296633,0.0,620.0,2.340938824948365,0.0,0.0,2.1773,0.9998716981513472,1.0,1451.2545760639828,1000.0,1349.7985045959963,1000.0,1.0000878518532217,0.0
2474,1712973660000.0,0.00020563774839296633,0.0,620.0,2.340938824948365,0.0,0.0,2.1285,0.9998716981513472,1.0,1451.2545760639828,1000.0,1319.5425045959962,1000.0,1.0000878518532217,0.0
2475,1712977260000.0,0.00020563774839296633,0.0,620.0,2.340938824948365,0.0,0.0,2.1205,0.9998716981513472,1.0,1451.2545760639828,1000.0,1314.5825045959964,1000.0,1.0000878518532217,0.0
2476,1712980860000.0,0.00020563774839296633,0.0,620.0,2.340938824948365,0.0,0.0,2.1301,0.9998716981513472,1.0,1451.2545760639828,1000.0,1320.5345045959964,1000.0,1.0000878518532217,0.0
2477,1712984460000.0,0.00020563774839296633,0.0,620.0,2.340938824948365,0.0,0.0,2.1369,0.9998716981513472,1.0,1451.2545760639828,1000.0,1324.7505045959963,1000.0,1.0000878518532217,0.0
2478,1712988060000.0,0.00020563774839296633,0.0,620.0,2.340938824948365,0.0,0.0,2.1367,0.9998716981513472,1.0,1451.2545760639828,1000.0,1324.6265045959963,1000.0,1.0000878518532217,0.0
2479,1712991660000.0,0.00020563774839296633,0.0,620.0,2.340938824948365,0.0,0.0,2.1539,0.9998716981513472,1.0,1451.2545760639828,1000.0,1335.2905045959965,1000.0,1.0000878518532217,0.0
2480,1712995260000.0,0.00020563774839296633,0.0,620.0,2.340938824948365,0.0,0.0,2.1159,0.9998716981513472,1.0,1451.2545760639828,1000.0,1311.7305045959963,1000.0,1.0000878518532217,0.0
2481,1712998860000.0,0.00020563774839296633,0.0,620.0,2.340938824948365,0.0,0.0,2.1085,0.9998716981513472,1.0,1451.2545760639828,1000.0,1307.1425045959963,1000.0,1.0000878518532217,0.0
2482,1713002460000.0,0.00020563774839296633,0.0,620.0,2.340938824948365,0.0,0.0,2.1249,0.9998716981513472,1.0,1451.2545760639828,1000.0,1317.3105045959962,1000.0,1.0000878518532217,0.0
2483,1713006060000.0,0.0,0.0,613.3,2.340938824948365,0.0,0.0,2.1547,0.9998716981513472,1.0,1450.0025489068287,1000.0,1335.7822775659963,1000.0,0.9901346603998863,0.0
2484,1713009660000.0,0.0,0.0,613.3,2.340938824948365,0.0,0.0,2.1475,0.9998716981513472,1.0,1450.0025489068287,1000.0,1331.3665175659962,1000.0,0.9901346603998863,0.0
2485,1713013260000.0,0.0,0.0,613.3,2.340938824948365,0.0,0.0,2.1712,0.9998716981513472,1.0,1450.0025489068287,1000.0,1345.9017275659962,1000.0,0.9901346603998863,0.0
2486,1713016860000.0,0.0,0.0,613.3,2.340938824948365,0.0,0.0,2.1635,0.9998716981513472,1.0,1450.0025489068287,1000.0,1341.1793175659964,1000.0,0.9901346603998863,0.0
2487,1713020460000.0,0.0,0.0,613.3,2.340938824948365,0.0,0.0,2.1417,0.9998716981513472,1.0,1450.0025489068287,1000.0,1327.8093775659963,1000.0,0.9901346603998863,0.0
2488,1713024060000.0,0.0,0.0,613.3,2.340938824948365,0.0,0.0,2.143,0.9998716981513472,1.0,1450.0025489068287,1000.0,1328.6066675659963,1000.0,0.9901346603998863,0.0
2489,1713027660000.0,0.05851317852618883,0.0,637.8,2.33194093970027,0.0,0.0,2.0718,0.9717573228467087,1.0,1449.9922260768287,1000.0,1284.0743347359967,1000.0,1.0257378657573752,0.0
2490,1713031260000.0,0.05851317852618883,0.0,637.8,2.33194093970027,0.0,0.0,2.0038,0.970494085761591,1.0,1449.9922260768287,1000.0,1240.7039347359967,1000.0,1.0257378657573752,0.0
2491,1713034860000.0,0.05851317852618883,0.0,637.8,2.33194093970027,0.0,0.0,2.0676,0.970494085761591,1.0,1449.9922260768287,1000.0,1281.3955747359967,1000.0,1.0257378657573752,0.0
2492,1713038460000.0,0.05851317852618883,0.0,637.8,2.33194093970027,0.0,0.0,1.8921,0.9687061832676283,1.0,1449.9922260768287,1000.0,1169.4616747359964,1000.0,1.0257378657573752,0.0
2493,1713042060000.0,0.05851317852618883,0.0,637.8,2.33194093970027,0.0,0.0,1.7815,0.9657817669437493,1.0,1449.9922260768287,1000.0,1098.9209947359966,1000.0,1.0257378657573752,0.0
2494,1713045660000.0,0.05851317852618883,0.0,637.8,2.33194093970027,0.0,0.0,1.8456,0.9656007180915998,1.0,1449.9922260768287,1000.0,1139.8039747359965,1000.0,1.0257378657573752,0.0
2495,1713049260000.0,0.036315048728201155,0.0,630.6,2.33194093970027,0.0,0.0,2.0128,0.9656007180915998,1.0,1447.6216868469867,1000.0,1246.3714102719964,1000.0,1.0158192364317793,0.0
2496,1713052860000.0,0.036315048728201155,0.0,630.6,2.33194093970027,0.0,0.0,2.0525,0.9656007180915998,1.0,1447.6216868469867,1000.0,1271.4062302719965,1000.0,1.0158192364317793,0.0
2497,1713056460000.0,0.036315048728201155,0.0,630.6,2.33194093970027,0.0,0.0,1.9939,0.9656007180915998,1.0,1447.6216868469867,1000.0,1234.4530702719965,1000.0,1.0158192364317793,0.0
2498,1713060060000.0,0.036315048728201155,0.0,630.6,2.33194093970027,0.0,0.0,2.0099,0.9656007180915998,1.0,1447.6216868469867,1000.0,1244.5426702719965,1000.0,1.0158192364317793,0.0
2499,1713063660000.0,0.036315048728201155,0.0,630.6,2.33194093970027,0.0,0.0,1.9789,0.9656007180915998,1.0,1447.6216868469867,1000.0,1224.9940702719964,1000.0,1.0158192364317793,0.0
2500,1713067260000.0,0.036315048728201155,0.0,630.6,2.33194093970027,0.0,0.0,2.0122,0.9656007180915998,1.0,1447.6216868469867,1000.0,1245.9930502719965,1000.0,1.0158192364317793,0.0
2501,1713070860000.0,0.036315048728201155,0.0,630.6,2.33194093970027,0.0,0.0,2.0702,0.9656007180915998,1.0,1447.6216868469867,1000.0,1282.5678502719963,1000.0,1.0158192364317793,0.0
2502,1713074460000.0,0.036315048728201155,0.0,630.6,2.33194093970027,0.0,0.0,2.0671,0.9656007180915998,1.0,1447.6216868469867,1000.0,1280.6129902719963,1000.0,1.0158192364317793,0.0
2503,1713078060000.0,0.036315048728201155,0.0,630.6,2.33194093970027,0.0,0.0,2.0992,0.9656007180915998,1.0,1447.6216868469867,1000.0,1300.8552502719965,1000.0,1.0158192364317793,0.0
2504,1713081660000.0,0.013384048160980638,0.0,623.7,2.33194093970027,0.0,0.0,2.1137,0.9656007180915998,1.0,1446.0839332530547,1000.0,1309.9670591619965,1000.0,1.0057725769895147,0.0
2505,1713085260000.0,0.013384048160980638,0.0,623.7,2.33194093970027,0.0,0.0,2.1171,0.9656007180915998,1.0,1446.0839332530547,1000.0,1312.0876391619965,1000.0,1.0057725769895147,0.0
2506,1713088860000.0,0.013384048160980638,0.0,623.7,2.33194093970027,0.0,0.0,2.1165,0.9656007180915998,1.0,1446.0839332530547,1000.0,1311.7134191619962,1000.0,1.0057725769895147,0.0
2507,1713092460000.0,0.013384048160980638,0.0,623.7,2.33194093970027,0.0,0.0,2.144,0.9656007180915998,1.0,1446.0839332530547,1000.0,1328.8651691619964,1000.0,1.0057725769895147,0.0
2508,1713096060000.0,0.013384048160980638,0.0,623.7,2.33194093970027,0.0,0.0,2.0926,0.9656007180915998,1.0,1446.0839332530547,1000.0,1296.8069891619964,1000.0,1.0057725769895147,0.0
2509,1713099660000.0,0.013384048160980638,0.0,623.7,2.33194093970027,0.0,0.0,2.0875,0.9656007180915998,1.0,1446.0839332530547,1000.0,1293.6261191619963,1000.0,1.0057725769895147,0.0
2510,1713103260000.0,0.013384048160980638,0.0,623.7,2.33194093970027,0.0,0.0,2.0485,0.9656007180915998,1.0,1446.0839332530547,1000.0,1269.3018191619965,1000.0,1.0057725769895147,0.0
2511,1713106860000.0,0.013384048160980638,0.0,623.7,2.33194093970027,0.0,0.0,2.0595,0.9656007180915998,1.0,1446.0839332530547,1000.0,1276.1625191619962,1000.0,1.0057725769895147,0.0
2512,1713110460000.0,0.013384048160980638,0.0,623.7,2.33194093970027,0.0,0.0,2.0635,0.9656007180915998,1.0,1446.0839332530547,1000.0,1278.6573191619964,1000.0,1.0057725769895147,0.0
2513,1713114060000.0,0.0721126062137791,0.0,641.8,2.3228048794127867,0.0,0.0,2.0797,0.9652787297348072,1.0,1444.494300939123,1000.0,1288.4695893319963,1000.0,1.0320401891775646,0.0
2514,1713117660000.0,0.0721126062137791,0.0,641.8,2.3228048794127867,0.0,0.0,2.0539,0.9638388294986565,1.0,1444.494300939123,1000.0,1271.9111493319965,1000.0,1.0320401891775646,0.0
2515,1713121260000.0,0.0721126062137791,0.0,641.8,2.3228048794127867,0.0,0.0,2.0853,0.9638388294986565,1.0,1444.494300939123,1000.0,1292.0636693319966,1000.0,1.0320401891775646,0.0
2516,1713124860000.0,0.0721126062137791,0.0,641.8,2.3228048794127867,0.0,0.0,2.0692,0.9638388294986565,1.0,1444.494300939123,1000.0,1281.7306893319965,1000.0,1.0320401891775646,0.0
2517,1713128460000.0,0.0721126062137791,0.0,641.8,2.3228048794127867,0.0,0.0,2.0448,0.9638388294986565,1.0,1444.494300939123,1000.0,1266.0707693319964,1000.0,1.0320401891775646,0.0
2518,1713132060000.0,0.0721126062137791,0.0,641.8,2.3228048794127867,0.0,0.0,2.0671,0.9638388294986565,1.0,1444.494300939123,1000.0,1280.3829093319964,1000.0,1.0320401891775646,0.0
2519,1713135660000.0,0.0721126062137791,0.0,641.8,2.3228048794127867,0.0,0.0,2.168,0.9638388294986565,1.0,1444.494300939123,1000.0,1345.1405293319965,1000.0,1.0320401891775646,0.0
2520,1713139260000.0,0.0721126062137791,0.0,641.8,2.3228048794127867,0.0,0.0,2.154,0.9638388294986565,1.0,1444.494300939123,1000.0,1336.1553293319964,1000.0,1.0320401891775646,0.0
2521,1713142860000.0,0.0721126062137791,0.0,641.8,2.3228048794127867,0.0,0.0,2.1125,0.9638388294986565,1.0,1444.494300939123,1000.0,1309.5206293319964,1000.0,1.0320401891775646,0.0
2522,1713146460000.0,0.050294079162210445,0.0,635.0,2.3228048794127867,0.0,0.0,2.1372,0.9638388294986565,1.0,1443.044358159116,1000.0,1325.1852597319964,1000.0,1.0221315028103122,0.0
2523,1713150060000.0,0.050294079162210445,0.0,635.0,2.3228048794127867,0.0,0.0,2.1129,0.9638388294986565,1.0,1443.044358159116,1000.0,1309.7547597319963,1000.0,1.0221315028103122,0.0
2524,1713153660000.0,0.050294079162210445,0.0,635.0,2.3228048794127867,0.0,0.0,2.1324,0.9638388294986565,1.0,1443.044358159116,1000.0,1322.1372597319964,1000.0,1.0221315028103122,0.0
2525,1713157260000.0,0.050294079162210445,0.0,635.0,2.3228048794127867,0.0,0.0,2.1217,0.9638388294986565,1.0,1443.044358159116,1000.0,1315.3427597319965,1000.0,1.0221315028103122,0.0
2526,1713160860000.0,0.050294079162210445,0.0,635.0,2.3228048794127867,0.0,0.0,2.1904,0.9638388294986565,1.0,1443.044358159116,1000.0,1358.9672597319964,1000.0,1.0221315028103122,0.0
2527,1713164460000.0,0.050294079162210445,0.0,635.0,2.3228048794127867,0.0,0.0,2.2757,0.9638388294986565,1.0,1443.044358159116,1000.0,1413.1327597319964,1000.0,1.0221315028103122,0.0
2528,1713168060000.0,0.050294079162210445,0.0,635.0,2.3228048794127867,0.0,0.0,2.2496,0.9638388294986565,1.0,1443.044358159116,1000.0,1396.5592597319965,1000.0,1.0221315028103122,0.0
2529,1713171660000.0,0.050294079162210445,0.0,635.0,2.3228048794127867,0.0,0.0,2.2193,0.9638388294986565,1.0,1443.044358159116,1000.0,1377.3187597319966,1000.0,1.0221315028103122,0.0
2530,1713175260000.0,0.050294079162210445,0.0,635.0,2.3228048794127867,0.0,0.0,2.2252,0.9638388294986565,1.0,1443.044358159116,1000.0,1381.0652597319965,1000.0,1.0221315028103122,0.0
2531,1713178860000.0,0.027696017196505277,0.0,628.5,2.3228048794127867,0.0,0.0,2.2736,0.9638388294986565,1.0,1442.475919902933,1000.0,1411.5506531919966,1000.0,1.0120674089375266,0.0
2532,1713182460000.0,0.027696017196505277,0.0,628.5,2.3228048794127867,0.0,0.0,2.2351,0.9638388294986565,1.0,1442.475919902933,1000.0,1387.3534031919964,1000.0,1.0120674089375266,0.0
2533,1713186060000.0,0.027696017196505277,0.0,628.5,2.3228048794127867,0.0,0.0,2.2541,0.9638388294986565,1.0,1442.475919902933,1000.0,1399.2949031919966,1000.0,1.0120674089375266,0.0
2534,1713189660000.0,0.027696017196505277,0.0,628.5,2.3228048794127867,0.0,0.0,2.2258,0.9638388294986565,1.0,1442.475919902933,1000.0,1381.5083531919965,1000.0,1.0120674089375266,0.0
2535,1713193260000.0,0.027696017196505277,0.0,628.5,2.3228048794127867,0.0,0.0,2.1354,0.9638388294986565,1.0,1442.475919902933,1000.0,1324.6919531919966,1000.0,1.0120674089375266,0.0
2536,1713196860000.0,0.027696017196505277,0.0,628.5,2.3228048794127867,0.0,0.0,2.1526,0.9638388294986565,1.0,1442.475919902933,1000.0,1335.5021531919965,1000.0,1.0120674089375266,0.0
2537,1713200460000.0,0.027696017196505277,0.0,628.5,2.3228048794127867,0.0,0.0,2.0915,0.9638388294986565,1.0,1442.475919902933,1000.0,1297.1008031919964,1000.0,1.0120674089375266,0.0
2538,1713204060000.0,0.027696017196505277,0.0,628.5,2.3228048794127867,0.0,0.0,2.0529,0.9638388294986565,1.0,1442.475919902933,1000.0,1272.8407031919965,1000.0,1.0120674089375266,0.0
2539,1713207660000.0,0.027696017196505277,0.0,628.5,2.3228048794127867,0.0,0.0,1.9835,0.9638388294986565,1.0,1442.475919902933,1000.0,1229.2228031919965,1000.0,1.0120674089375266,0.0
2540,1713211260000.0,0.027696017196505277,0.0,628.5,2.3228048794127867,0.0,0.0,2.0467,0.9638388294986565,1.0,1442.475919902933,1000.0,1268.9440031919964,1000.0,1.0120674089375266,0.0
2541,1713214860000.0,0.027696017196505277,0.0,628.5,2.3228048794127867,0.0,0.0,1.9873,0.9638388294986565,1.0,1442.475919902933,1000.0,1231.6111031919966,1000.0,1.0120674089375266,0.0
2542,1713218460000.0,0.027696017196505277,0.0,628.5,2.3228048794127867,0.0,0.0,1.9594,0.9638388294986565,1.0,1442.475919902933,1000.0,1214.0759531919964,1000.0,1.0120674089375266,0.0
2543,1713222060000.0,0.027696017196505277,0.0,628.5,2.3228048794127867,0.0,0.0,1.9588,0.9638388294986565,1.0,1442.475919902933,1000.0,1213.6988531919965,1000.0,1.0120674089375266,0.0
2544,1713225660000.0,0.027696017196505277,0.0,628.5,2.3228048794127867,0.0,0.0,1.9376,0.9638388294986565,1.0,1442.475919902933,1000.0,1200.3746531919965,1000.0,1.0120674089375266,0.0
2545,1713229260000.0,0.027696017196505277,0.0,628.5,2.3228048794127867,0.0,0.0,1.9184,0.9638388294986565,1.0,1442.475919902933,1000.0,1188.3074531919965,1000.0,1.0120674089375266,0.0
2546,1713232860000.0,0.027696017196505277,0.0,628.5,2.3228048794127867,0.0,0.0,1.9336,0.9638388294986565,1.0,1442.475919902933,1000.0,1197.8606531919963,1000.0,1.0120674089375266,0.0
2547,1713236460000.0,0.027696017196505277,0.0,628.5,2.3228048794127867,0.0,0.0,1.947,0.9638388294986565,1.0,1442.475919902933,1000.0,1206.2825531919966,1000.0,1.0120674089375266,0.0
2548,1713240060000.0,0.027696017196505277,0.0,628.5,2.3228048794127867,0.0,0.0,1.9181,0.9638388294986565,1.0,1442.475919902933,1000.0,1188.1189031919964,1000.0,1.0120674089375266,0.0
2549,1713243660000.0,0.027696017196505277,0.0,628.5,2.3228048794127867,0.0,0.0,1.8893,0.9638388294986565,1.0,1442.475919902933,1000.0,1170.0181031919965,1000.0,1.0120674089375266,0.0
2550,1713247260000.0,0.027696017196505277,0.0,628.5,2.3228048794127867,0.0,0.0,1.9132,0.9638388294986565,1.0,1442.475919902933,1000.0,1185.0392531919965,1000.0,1.0120674089375266,0.0
2551,1713250860000.0,0.004961529861564153,0.0,621.2,2.3228048794127867,0.0,0.0,1.9596,0.9638388294986565,1.0,1439.8442887412195,1000.0,1214.2214176499965,1000.0,1.0021405803211527,0.0
2552,1713254460000.0,0.004961529861564153,0.0,621.2,2.3228048794127867,0.0,0.0,1.9788,0.9638388294986565,1.0,1439.8442887412195,1000.0,1226.1484576499963,1000.0,1.0021405803211527,0.0
2553,1713258060000.0,0.004961529861564153,0.0,621.2,2.3228048794127867,0.0,0.0,1.9743,0.9638388294986565,1.0,1439.8442887412195,1000.0,1223.3530576499963,1000.0,1.0021405803211527,0.0
2554,1713261660000.0,0.004961529861564153,0.0,621.2,2.3228048794127867,0.0,0.0,1.9482,0.9638388294986565,1.0,1439.8442887412195,1000.0,1207.1397376499963,1000.0,1.0021405803211527,0.0
2555,1713265260000.0,0.004961529861564153,0.0,621.2,2.3228048794127867,0.0,0.0,1.912,0.9638388294986565,1.0,1439.8442887412195,1000.0,1184.6522976499964,1000.0,1.0021405803211527,0.0
2556,1713268860000.0,0.004961529861564153,0.0,621.2,2.3228048794127867,0.0,0.0,1.9325,0.9638388294986565,1.0,1439.8442887412195,1000.0,1197.3868976499966,1000.0,1.0021405803211527,0.0
2557,1713272460000.0,0.004961529861564153,0.0,621.2,2.3228048794127867,0.0,0.0,1.8879,0.9638388294986565,1.0,1439.8442887412195,1000.0,1169.6813776499964,1000.0,1.0021405803211527,0.0
2558,1713276060000.0,0.004961529861564153,0.0,621.2,2.3228048794127867,0.0,0.0,1.8585,0.9638388294986565,1.0,1439.8442887412195,1000.0,1151.4180976499965,1000.0,1.0021405803211527,0.0
2559,1713279660000.0,0.004961529861564153,0.0,621.2,2.3228048794127867,0.0,0.0,1.8094,0.9638388294986565,1.0,1439.8442887412195,1000.0,1120.9171776499963,1000.0,1.0021405803211527,0.0
2560,1713283260000.0,0.004961529861564153,0.0,621.2,2.3228048794127867,0.0,0.0,1.7982,0.9638388294986565,1.0,1439.8442887412195,1000.0,1113.9597376499964,1000.0,1.0021405803211527,0.0
2561,1713286860000.0,0.004961529861564153,0.0,621.2,2.3228048794127867,0.0,0.0,1.8451,0.9638388294986565,1.0,1439.8442887412195,1000.0,1143.0940176499964,1000.0,1.0021405803211527,0.0
2562,1713290460000.0,0.004961529861564153,0.0,621.2,2.3228048794127867,0.0,0.0,1.8456,0.9638388294986565,1.0,1439.8442887412195,1000.0,1143.4046176499965,1000.0,1.0021405803211527,0.0
2563,1713294060000.0,0.004961529861564153,0.0,621.2,2.3228048794127867,0.0,0.0,1.8706,0.9638388294986565,1.0,1439.8442887412195,1000.0,1158.9346176499964,1000.0,1.0021405803211527,0.0
2564,1713297660000.0,0.062186336470043346,0.0,640.8,2.303718529213085,0.0,0.0,1.8598,0.9638388294986565,1.0,1436.3738291097409,1000.0,1151.9108355899962,1000.0,1.0277427808850443,0.0
2565,1713301260000.0,0.062186336470043346,0.0,640.8,2.303718529213085,0.0,0.0,1.8791,0.9638388294986565,1.0,1436.3738291097409,1000.0,1164.2782755899962,1000.0,1.0277427808850443,0.0
2566,1713304860000.0,0.062186336470043346,0.0,640.8,2.303718529213085,0.0,0.0,1.9106,0.9638388294986565,1.0,1436.3738291097409,1000.0,1184.4634755899963,1000.0,1.0277427808850443,0.0
2567,1713308460000.0,0.062186336470043346,0.0,640.8,2.303718529213085,0.0,0.0,1.908,0.9638388294986565,1.0,1436.3738291097409,1000.0,1182.797395589996,1000.0,1.0277427808850443,0.0
2568,1713312060000.0,0.062186336470043346,0.0,640.8,2.303718529213085,0.0,0.0,1.8869,0.9638388294986565,1.0,1436.3738291097409,1000.0,1169.276515589996,1000.0,1.0277427808850443,0.0
2569,1713315660000.0,0.062186336470043346,0.0,640.8,2.303718529213085,0.0,0.0,1.8883,0.9638388294986565,1.0,1436.3738291097409,1000.0,1170.1736355899961,1000.0,1.0277427808850443,0.0
2570,1713319260000.0,0.062186336470043346,0.0,640.8,2.303718529213085,0.0,0.0,1.8884,0.9638388294986565,1.0,1436.3738291097409,1000.0,1170.2377155899962,1000.0,1.0277427808850443,0.0
2571,1713322860000.0,0.062186336470043346,0.0,640.8,2.303718529213085,0.0,0.0,1.8796,0.9638388294986565,1.0,1436.3738291097409,1000.0,1164.5986755899962,1000.0,1.0277427808850443,0.0
2572,1713326460000.0,0.040277691121295006,0.0,633.2,2.303718529213085,0.0,0.0,1.8935,0.9638388294986565,1.0,1433.2107386797213,1000.0,1173.460365981996,1000.0,1.0177948945885642,0.0
2573,1713330060000.0,0.040277691121295006,0.0,633.2,2.303718529213085,0.0,0.0,1.925,0.9638388294986565,1.0,1433.2107386797213,1000.0,1193.406165981996,1000.0,1.0177948945885642,0.0
2574,1713333660000.0,0.040277691121295006,0.0,633.2,2.303718529213085,0.0,0.0,1.8935,0.9638388294986565,1.0,1433.2107386797213,1000.0,1173.460365981996,1000.0,1.0177948945885642,0.0
2575,1713337260000.0,0.040277691121295006,0.0,633.2,2.303718529213085,0.0,0.0,1.9081,0.9638388294986565,1.0,1433.2107386797213,1000.0,1182.705085981996,1000.0,1.0177948945885642,0.0
2576,1713340860000.0,0.040277691121295006,0.0,633.2,2.303718529213085,0.0,0.0,1.9087,0.9638388294986565,1.0,1433.2107386797213,1000.0,1183.085005981996,1000.0,1.0177948945885642,0.0
2577,1713344460000.0,0.040277691121295006,0.0,633.2,2.303718529213085,0.0,0.0,1.8891,0.9638388294986565,1.0,1433.2107386797213,1000.0,1170.674285981996,1000.0,1.0177948945885642,0.0
2578,1713348060000.0,0.040277691121295006,0.0,633.2,2.303718529213085,0.0,0.0,1.8871,0.9638388294986565,1.0,1433.2107386797213,1000.0,1169.407885981996,1000.0,1.0177948945885642,0.0
2579,1713351660000.0,0.040277691121295006,0.0,633.2,2.303718529213085,0.0,0.0,1.8641,0.9638388294986565,1.0,1433.2107386797213,1000.0,1154.844285981996,1000.0,1.0177948945885642,0.0
2580,1713355260000.0,0.040277691121295006,0.0,633.2,2.303718529213085,0.0,0.0,1.8518,0.9638388294986565,1.0,1433.2107386797213,1000.0,1147.0559259819959,1000.0,1.0177948945885642,0.0
2581,1713358860000.0,0.040277691121295006,0.0,633.2,2.303718529213085,0.0,0.0,1.849,0.9638388294986565,1.0,1433.2107386797213,1000.0,1145.2829659819959,1000.0,1.0177948945885642,0.0
2582,1713362460000.0,0.017857827888095718,0.0,625.5,2.303718529213085,0.0,0.0,1.8489,0.9638388294986565,1.0,1429.8058686787806,1000.0,1145.316878655996,1000.0,1.007812299269918,0.0
2583,1713366060000.0,0.017857827888095718,0.0,625.5,2.303718529213085,0.0,0.0,1.8298,0.9638388294986565,1.0,1429.8058686787806,1000.0,1133.3698286559961,1000.0,1.007812299269918,0.0
2584,1713369660000.0,0.017857827888095718,0.0,625.5,2.303718529213085,0.0,0.0,1.8076,0.9638388294986565,1.0,1429.8058686787806,1000.0,1119.4837286559962,1000.0,1.007812299269918,0.0
2585,1713373260000.0,0.017857827888095718,0.0,625.5,2.303718529213085,0.0,0.0,1.8118,0.9638388294986565,1.0,1429.8058686787806,1000.0,1122.110828655996,1000.0,1.007812299269918,0.0
2586,1713376860000.0,0.017857827888095718,0.0,625.5,2.303718529213085,0.0,0.0,1.8685,0.9638388294986565,1.0,1429.8058686787806,1000.0,1157.5766786559961,1000.0,1.007812299269918,0.0
2587,1713380460000.0,0.017857827888095718,0.0,625.5,2.303718529213085,0.0,0.0,1.9105,0.9638388294986565,1.0,1429.8058686787806,1000.0,1183.847678655996,1000.0,1.007812299269918,0.0
2588,1713384060000.0,0.017857827888095718,0.0,625.5,2.303718529213085,0.0,0.0,1.9035,0.9638388294986565,1.0,1429.8058686787806,1000.0,1179.469178655996,1000.0,1.007812299269918,0.0
2589,1713387660000.0,0.017857827888095718,0.0,625.5,2.303718529213085,0.0,0.0,1.872,0.9638388294986565,1.0,1429.8058686787806,1000.0,1159.765928655996,1000.0,1.007812299269918,0.0
2590,1713391260000.0,0.017857827888095718,0.0,625.5,2.303718529213085,0.0,0.0,1.8775,0.9638388294986565,1.0,1429.8058686787806,1000.0,1163.206178655996,1000.0,1.007812299269918,0.0
2591,1713394860000.0,0.07477626513949757,0.0,645.2,2.2857814928716134,0.0,0.0,1.8748,0.9600554139212085,1.0,1426.5405729327613,1000.0,1161.3753137319964,1000.0,1.0338200309079313,0.0
2592,1713398460000.0,0.07477626513949757,0.0,645.2,2.2857814928716134,0.0,0.0,1.8665,0.9597868969403078,1.0,1426.5405729327613,1000.0,1156.0201537319963,1000.0,1.0338200309079313,0.0
2593,1713402060000.0,0.07477626513949757,0.0,645.2,2.2857814928716134,0.0,0.0,1.861,0.9587827884800476,1.0,1426.5405729327613,1000.0,1152.4715537319962,1000.0,1.0338200309079313,0.0
2594,1713405660000.0,0.07477626513949757,0.0,645.2,2.2857814928716134,0.0,0.0,1.894,0.9587827884800476,1.0,1426.5405729327613,1000.0,1173.7631537319962,1000.0,1.0338200309079313,0.0
2595,1713409260000.0,0.07477626513949757,0.0,645.2,2.2857814928716134,0.0,0.0,1.9051,0.9587827884800476,1.0,1426.5405729327613,1000.0,1180.9248737319963,1000.0,1.0338200309079313,0.0
2596,1713412860000.0,0.07477626513949757,0.0,645.2,2.2857814928716134,0.0,0.0,1.9141,0.9587827884800476,1.0,1426.5405729327613,1000.0,1186.7316737319964,1000.0,1.0338200309079313,0.0
2597,1713416460000.0,0.07477626513949757,0.0,645.2,2.2857814928716134,0.0,0.0,1.9007,0.9587827884800476,1.0,1426.5405729327613,1000.0,1178.0859937319963,1000.0,1.0338200309079313,0.0
2598,1713420060000.0,0.07477626513949757,0.0,645.2,2.2857814928716134,0.0,0.0,1.8992,0.9587827884800476,1.0,1426.5405729327613,1000.0,1177.1181937319964,1000.0,1.0338200309079313,0.0
2599,1713423660000.0,0.07477626513949757,0.0,645.2,2.2857814928716134,0.0,0.0,1.8621,0.9587827884800476,1.0,1426.5405729327613,1000.0,1153.1812737319965,1000.0,1.0338200309079313,0.0
2600,1713427260000.0,0.0533261854015114,0.0,637.6,2.2857814928716134,0.0,0.0,1.8612,0.9587827884800476,1.0,1423.4135040429371,1000.0,1152.7003441879965,1000.0,1.0238867874411974,0.0
2601,1713430860000.0,0.0533261854015114,0.0,637.6,2.2857814928716134,0.0,0.0,1.9025,0.9587827884800476,1.0,1423.4135040429371,1000.0,1179.0332241879964,1000.0,1.0238867874411974,0.0
2602,1713434460000.0,0.0533261854015114,0.0,637.6,2.2857814928716134,0.0,0.0,1.8997,0.9587827884800476,1.0,1423.4135040429371,1000.0,1177.2479441879964,1000.0,1.0238867874411974,0.0
2603,1713438060000.0,0.0533261854015114,0.0,637.6,2.2857814928716134,0.0,0.0,1.9172,0.9587827884800476,1.0,1423.4135040429371,1000.0,1188.4059441879965,1000.0,1.0238867874411974,0.0
2604,1713441660000.0,0.0533261854015114,0.0,637.6,2.2857814928716134,0.0,0.0,1.9474,0.9587827884800476,1.0,1423.4135040429371,1000.0,1207.6614641879964,1000.0,1.0238867874411974,0.0
2605,1713445260000.0,0.0533261854015114,0.0,637.6,2.2857814928716134,0.0,0.0,1.9225,0.9587827884800476,1.0,1423.4135040429371,1000.0,1191.7852241879964,1000.0,1.0238867874411974,0.0
2606,1713448860000.0,0.0533261854015114,0.0,637.6,2.2857814928716134,0.0,0.0,1.9416,0.9587827884800476,1.0,1423.4135040429371,1000.0,1203.9633841879963,1000.0,1.0238867874411974,0.0
2607,1713452460000.0,0.0533261854015114,0.0,637.6,2.2857814928716134,0.0,0.0,1.9983,0.9587827884800476,1.0,1423.4135040429371,1000.0,1240.1153041879963,1000.0,1.0238867874411974,0.0
2608,1713456060000.0,0.0533261854015114,0.0,637.6,2.2857814928716134,0.0,0.0,2.0063,0.9587827884800476,1.0,1423.4135040429371,1000.0,1245.2161041879965,1000.0,1.0238867874411974,0.0
2609,1713459660000.0,0.03133845322443082,0.0,630.5,2.2857814928716134,0.0,0.0,1.9833,0.9587827884800476,1.0,1421.4263364975486,1000.0,1230.7117552419963,1000.0,1.013900751836842,0.0
2610,1713463260000.0,0.03133845322443082,0.0,630.5,2.2857814928716134,0.0,0.0,1.9605,0.9587827884800476,1.0,1421.4263364975486,1000.0,1216.3363552419964,1000.0,1.013900751836842,0.0
2611,1713466860000.0,0.03133845322443082,0.0,630.5,2.2857814928716134,0.0,0.0,1.9723,0.9587827884800476,1.0,1421.4263364975486,1000.0,1223.7762552419963,1000.0,1.013900751836842,0.0
2612,1713470460000.0,0.03133845322443082,0.0,630.5,2.2857814928716134,0.0,0.0,1.98,0.9587827884800476,1.0,1421.4263364975486,1000.0,1228.6311052419965,1000.0,1.013900751836842,0.0
2613,1713474060000.0,0.03133845322443082,0.0,630.5,2.2857814928716134,0.0,0.0,2.0068,0.9587827884800476,1.0,1421.4263364975486,1000.0,1245.5285052419965,1000.0,1.013900751836842,0.0
2614,1713477660000.0,0.03133845322443082,0.0,630.5,2.2857814928716134,0.0,0.0,2.0078,0.9587827884800476,1.0,1421.4263364975486,1000.0,1246.1590052419965,1000.0,1.013900751836842,0.0
2615,1713481260000.0,0.03133845322443082,0.0,630.5,2.2857814928716134,0.0,0.0,2.0149,0.9587827884800476,1.0,1421.4263364975486,1000.0,1250.6355552419964,1000.0,1.013900751836842,0.0
2616,1713484860000.0,0.03133845322443082,0.0,630.5,2.2857814928716134,0.0,0.0,2.0086,0.9587827884800476,1.0,1421.4263364975486,1000.0,1246.6634052419963,1000.0,1.013900751836842,0.0
2617,1713488460000.0,0.00876333733718905,0.0,623.4,2.2857814928716134,0.0,0.0,2.0098,0.9587827884800476,1.0,1419.49311816016,1000.0,1247.446255503996,1000.0,1.0038486023117072,0.0
2618,1713492060000.0,0.00876333733718905,0.0,623.4,2.2857814928716134,0.0,0.0,1.9341,0.9587827884800476,1.0,1419.49311816016,1000.0,1200.2548755039963,1000.0,1.0038486023117072,0.0
2619,1713495660000.0,0.00876333733718905,0.0,623.4,2.2857814928716134,0.0,0.0,1.936,0.9587827884800476,1.0,1419.49311816016,1000.0,1201.4393355039963,1000.0,1.0038486023117072,0.0
2620,1713499260000.0,0.00876333733718905,0.0,623.4,2.2857814928716134,0.0,0.0,1.9783,0.9587827884800476,1.0,1419.49311816016,1000.0,1227.8091555039962,1000.0,1.0038486023117072,0.0
2621,1713502860000.0,0.00876333733718905,0.0,623.4,2.2857814928716134,0.0,0.0,2.019,0.9587827884800476,1.0,1419.49311816016,1000.0,1253.1815355039964,1000.0,1.0038486023117072,0.0
2622,1713506460000.0,0.00876333733718905,0.0,623.4,2.2857814928716134,0.0,0.0,1.9811,0.9587827884800476,1.0,1419.49311816016,1000.0,1229.5546755039964,1000.0,1.0038486023117072,0.0
2623,1713510060000.0,0.00876333733718905,0.0,623.4,2.2857814928716134,0.0,0.0,2.0814,0.9587827884800476,1.0,1419.49311816016,1000.0,1292.0816955039963,1000.0,1.0038486023117072,0.0
2624,1713513660000.0,0.00876333733718905,0.0,623.4,2.2857814928716134,0.0,0.0,2.0464,0.9587827884800476,1.0,1419.49311816016,1000.0,1270.2626955039964,1000.0,1.0038486023117072,0.0
2625,1713517260000.0,0.00876333733718905,0.0,623.4,2.2857814928716134,0.0,0.0,2.0803,0.9587827884800476,1.0,1419.49311816016,1000.0,1291.3959555039962,1000.0,1.0038486023117072,0.0
2626,1713520860000.0,0.0,0.0,616.5,2.2857814928716134,0.0,0.0,2.0708,0.9587827884800476,1.0,1417.9703254693459,1000.0,1285.4342351139962,1000.0,0.9938037947930342,0.0
2627,1713524460000.0,0.06738666214397603,0.0,641.8,2.2767352451781706,0.0,0.0,2.066,0.9587827884800476,1.0,1417.959920591346,1000.0,1282.710040235996,1000.0,1.0305006926754088,0.0
2628,1713528060000.0,0.06738666214397603,0.0,641.8,2.2767352451781706,0.0,0.0,2.0481,0.9587827884800476,1.0,1417.959920591346,1000.0,1271.221820235996,1000.0,1.0305006926754088,0.0
2629,1713531660000.0,0.06738666214397603,0.0,641.8,2.2767352451781706,0.0,0.0,2.056,0.9587827884800476,1.0,1417.959920591346,1000.0,1276.2920402359962,1000.0,1.0305006926754088,0.0
2630,1713535260000.0,0.06738666214397603,0.0,641.8,2.2767352451781706,0.0,0.0,2.0656,0.9587827884800476,1.0,1417.959920591346,1000.0,1282.453320235996,1000.0,1.0305006926754088,0.0
2631,1713538860000.0,0.06738666214397603,0.0,641.8,2.2767352451781706,0.0,0.0,2.0582,0.9587827884800476,1.0,1417.959920591346,1000.0,1277.7040002359959,1000.0,1.0305006926754088,0.0
2632,1713542460000.0,0.06738666214397603,0.0,641.8,2.2767352451781706,0.0,0.0,2.0618,0.9587827884800476,1.0,1417.959920591346,1000.0,1280.014480235996,1000.0,1.0305006926754088,0.0
2633,1713546060000.0,0.06738666214397603,0.0,641.8,2.2767352451781706,0.0,0.0,2.0541,0.9587827884800476,1.0,1417.959920591346,1000.0,1275.072620235996,1000.0,1.0305006926754088,0.0
2634,1713549660000.0,0.06738666214397603,0.0,641.8,2.2767352451781706,0.0,0.0,2.0765,0.9587827884800476,1.0,1417.959920591346,1000.0,1289.448940235996,1000.0,1.0305006926754088,0.0
2635,1713553260000.0,0.04564552530792875,0.0,634.9,2.2767352451781706,0.0,0.0,2.0685,0.9587827884800476,1.0,1416.5188631456165,1000.0,1284.310305981996,1000.0,1.0204588479348933,0.0
2636,1713556860000.0,0.04564552530792875,0.0,634.9,2.2767352451781706,0.0,0.0,2.0757,0.9587827884800476,1.0,1416.5188631456165,1000.0,1288.8815859819958,1000.0,1.0204588479348933,0.0
2637,1713560460000.0,0.04564552530792875,0.0,634.9,2.2767352451781706,0.0,0.0,2.0623,0.9587827884800476,1.0,1416.5188631456165,1000.0,1280.3739259819959,1000.0,1.0204588479348933,0.0
2638,1713564060000.0,0.04564552530792875,0.0,634.9,2.2767352451781706,0.0,0.0,2.0602,0.9587827884800476,1.0,1416.5188631456165,1000.0,1279.040635981996,1000.0,1.0204588479348933,0.0
2639,1713567660000.0,0.04564552530792875,0.0,634.9,2.2767352451781706,0.0,0.0,2.033,0.9587827884800476,1.0,1416.5188631456165,1000.0,1261.7713559819958,1000.0,1.0204588479348933,0.0
2640,1713571260000.0,0.04564552530792875,0.0,634.9,2.2767352451781706,0.0,0.0,2.031,0.9587827884800476,1.0,1416.5188631456165,1000.0,1260.501555981996,1000.0,1.0204588479348933,0.0
2641,1713574860000.0,0.04564552530792875,0.0,634.9,2.2767352451781706,0.0,0.0,2.0042,0.9587827884800476,1.0,1416.5188631456165,1000.0,1243.4862359819958,1000.0,1.0204588479348933,0.0
2642,1713578460000.0,0.04564552530792875,0.0,634.9,2.2767352451781706,0.0,0.0,2.044,0.9587827884800476,1.0,1416.5188631456165,1000.0,1268.755255981996,1000.0,1.0204588479348933,0.0
2643,1713582060000.0,0.04564552530792875,0.0,634.9,2.2767352451781706,0.0,0.0,2.029,0.9587827884800476,1.0,1416.5188631456165,1000.0,1259.231755981996,1000.0,1.0204588479348933,0.0
2644,1713585660000.0,0.023632700840904443,0.0,627.9,2.2767352451781706,0.0,0.0,2.0225,0.9587827884800476,1.0,1414.7230875893695,1000.0,1255.0887771419962,1000.0,1.010488959279861,0.0
2645,1713589260000.0,0.023632700840904443,0.0,627.9,2.2767352451781706,0.0,0.0,2.0422,0.9587827884800476,1.0,1414.7230875893695,1000.0,1267.458407141996,1000.0,1.010488959279861,0.0
2646,1713592860000.0,0.023632700840904443,0.0,627.9,2.2767352451781706,0.0,0.0,2.0335,0.9587827884800476,1.0,1414.7230875893695,1000.0,1261.995677141996,1000.0,1.010488959279861,0.0
2647,1713596460000.0,0.023632700840904443,0.0,627.9,2.2767352451781706,0.0,0.0,2.0473,0.9587827884800476,1.0,1414.7230875893695,1000.0,1270.660697141996,1000.0,1.010488959279861,0.0
2648,1713600060000.0,0.023632700840904443,0.0,627.9,2.2767352451781706,0.0,0.0,2.0448,0.9587827884800476,1.0,1414.7230875893695,1000.0,1269.0909471419961,1000.0,1.010488959279861,0.0
2649,1713603660000.0,0.023632700840904443,0.0,627.9,2.2767352451781706,0.0,0.0,2.0303,0.9587827884800476,1.0,1414.7230875893695,1000.0,1259.9863971419961,1000.0,1.010488959279861,0.0
2650,1713607260000.0,0.023632700840904443,0.0,627.9,2.2767352451781706,0.0,0.0,2.0254,0.9587827884800476,1.0,1414.7230875893695,1000.0,1256.909687141996,1000.0,1.010488959279861,0.0
2651,1713610860000.0,0.023632700840904443,0.0,627.9,2.2767352451781706,0.0,0.0,2.0195,0.9587827884800476,1.0,1414.7230875893695,1000.0,1253.205077141996,1000.0,1.010488959279861,0.0
2652,1713614460000.0,0.023632700840904443,0.0,627.9,2.2767352451781706,0.0,0.0,2.02,0.9587827884800476,1.0,1414.7230875893695,1000.0,1253.519027141996,1000.0,1.010488959279861,0.0
2653,1713618060000.0,0.0010243421130674939,0.0,620.9,2.2767352451781706,0.0,0.0,2.0352,0.9587827884800476,1.0,1412.9888997131225,1000.0,1263.0196659819965,1000.0,1.000450119613914,0.0
2654,1713621660000.0,0.0010243421130674939,0.0,620.9,2.2767352451781706,0.0,0.0,2.0515,0.9587827884800476,1.0,1412.9888997131225,1000.0,1273.1403359819963,1000.0,1.000450119613914,0.0
2655,1713625260000.0,0.0010243421130674939,0.0,620.9,2.2767352451781706,0.0,0.0,2.0526,0.9587827884800476,1.0,1412.9888997131225,1000.0,1273.8233259819963,1000.0,1.000450119613914,0.0
2656,1713628860000.0,0.0010243421130674939,0.0,620.9,2.2767352451781706,0.0,0.0,2.1284,0.9587827884800476,1.0,1412.9888997131225,1000.0,1320.8875459819965,1000.0,1.000450119613914,0.0
2657,1713632460000.0,0.0010243421130674939,0.0,620.9,2.2767352451781706,0.0,0.0,2.1219,0.9587827884800476,1.0,1412.9888997131225,1000.0,1316.8516959819965,1000.0,1.000450119613914,0.0
2658,1713636060000.0,0.0010243421130674939,0.0,620.9,2.2767352451781706,0.0,0.0,2.1721,0.9587827884800476,1.0,1412.9888997131225,1000.0,1348.0208759819964,1000.0,1.000450119613914,0.0
2659,1713639660000.0,0.0010243421130674939,0.0,620.9,2.2767352451781706,0.0,0.0,2.1736,0.9587827884800476,1.0,1412.9888997131225,1000.0,1348.9522259819964,1000.0,1.000450119613914,0.0
2660,1713643260000.0,0.0010243421130674939,0.0,620.9,2.2767352451781706,0.0,0.0,2.188,0.9587827884800476,1.0,1412.9888997131225,1000.0,1357.8931859819963,1000.0,1.000450119613914,0.0
2661,1713646860000.0,0.0,0.0,614.5,2.2767352451781706,0.0,0.0,2.1942,0.9587827884800476,1.0,1412.4668237759822,1000.0,1361.7489156139964,1000.0,0.9905038367002922,0.0
2662,1713650460000.0,0.0,0.0,614.5,2.2767352451781706,0.0,0.0,2.1873,0.9587827884800476,1.0,1412.4668237759822,1000.0,1357.5088656139965,1000.0,0.9905038367002922,0.0
2663,1713654060000.0,0.0,0.0,614.5,2.2767352451781706,0.0,0.0,2.1809,0.9587827884800476,1.0,1412.4668237759822,1000.0,1353.5760656139962,1000.0,0.9905038367002922,0.0
2664,1713657660000.0,0.0,0.0,614.5,2.2767352451781706,0.0,0.0,2.1911,0.9587827884800476,1.0,1412.4668237759822,1000.0,1359.8439656139965,1000.0,0.9905038367002922,0.0
2665,1713661260000.0,0.0,0.0,614.5,2.2767352451781706,0.0,0.0,2.193,0.9587827884800476,1.0,1412.4668237759822,1000.0,1361.0115156139964,1000.0,0.9905038367002922,0.0
2666,1713664860000.0,0.0,0.0,614.5,2.2767352451781706,0.0,0.0,2.1933,0.9587827884800476,1.0,1412.4668237759822,1000.0,1361.1958656139964,1000.0,0.9905038367002922,0.0
2667,1713668460000.0,0.0,0.0,614.5,2.2767352451781706,0.0,0.0,2.2168,0.9587827884800476,1.0,1412.4668237759822,1000.0,1375.6366156139964,1000.0,0.9905038367002922,0.0
2668,1713672060000.0,0.0,0.0,614.5,2.2767352451781706,0.0,0.0,2.2009,0.9587827884800476,1.0,1412.4668237759822,1000.0,1365.8660656139964,1000.0,0.9905038367002922,0.0
2669,1713675660000.0,0.0,0.0,614.5,2.2767352451781706,0.0,0.0,2.2056,0.9587827884800476,1.0,1412.4668237759822,1000.0,1368.7542156139964,1000.0,0.9905038367002922,0.0
2670,1713679260000.0,0.0,0.0,608.0,2.2767352451781706,0.0,0.0,2.1866,0.9587827884800476,1.0,1411.8716034023241,1000.0,1357.0693743339964,1000.0,0.9804397409315082,0.0
2671,1713682860000.0,0.0,0.0,608.0,2.2767352451781706,0.0,0.0,2.1893,0.9587827884800476,1.0,1411.8716034023241,1000.0,1358.7109743339963,1000.0,0.9804397409315082,0.0
2672,1713686460000.0,0.0,0.0,608.0,2.2767352451781706,0.0,0.0,2.1899,0.9587827884800476,1.0,1411.8716034023241,1000.0,1359.0757743339966,1000.0,0.9804397409315082,0.0
2673,1713690060000.0,0.0,0.0,608.0,2.2767352451781706,0.0,0.0,2.1794,0.9587827884800476,1.0,1411.8716034023241,1000.0,1352.6917743339964,1000.0,0.9804397409315082,0.0
2674,1713693660000.0,0.0,0.0,608.0,2.2767352451781706,0.0,0.0,2.1782,0.9587827884800476,1.0,1411.8716034023241,1000.0,1351.9621743339962,1000.0,0.9804397409315082,0.0
2675,1713697260000.0,0.0,0.0,608.0,2.2767352451781706,0.0,0.0,2.1971,0.9587827884800476,1.0,1411.8716034023241,1000.0,1363.4533743339962,1000.0,0.9804397409315082,0.0
2676,1713700860000.0,0.0,0.0,608.0,2.2767352451781706,0.0,0.0,2.1869,0.9587827884800476,1.0,1411.8716034023241,1000.0,1357.2517743339965,1000.0,0.9804397409315082,0.0
2677,1713704460000.0,0.0,0.0,608.0,2.2767352451781706,0.0,0.0,2.1802,0.9587827884800476,1.0,1411.8716034023241,1000.0,1353.1781743339966,1000.0,0.9804397409315082,0.0
2678,1713708060000.0,0.0,0.0,608.0,2.2767352451781706,0.0,0.0,2.153,0.9587827884800476,1.0,1411.8716034023241,1000.0,1336.6405743339965,1000.0,0.9804397409315082,0.0
2679,1713711660000.0,0.0,0.0,601.5,2.2767352451781706,0.0,0.0,2.1555,0.9587827884800476,1.0,1411.104817348666,1000.0,1338.1818173739964,1000.0,0.9704851355746554,0.0
2680,1713715260000.0,0.0,0.0,601.5,2.2767352451781706,0.0,0.0,2.1693,0.9587827884800476,1.0,1411.104817348666,1000.0,1346.4825173739964,1000.0,0.9704851355746554,0.0
2681,1713718860000.0,0.0,0.0,601.5,2.2767352451781706,0.0,0.0,2.1473,0.9587827884800476,1.0,1411.104817348666,1000.0,1333.2495173739965,1000.0,0.9704851355746554,0.0
2682,1713722460000.0,0.0,0.0,601.5,2.2767352451781706,0.0,0.0,2.1799,0.9587827884800476,1.0,1411.104817348666,1000.0,1352.8584173739964,1000.0,0.9704851355746554,0.0
2683,1713726060000.0,0.0,0.0,601.5,2.2767352451781706,0.0,0.0,2.1655,0.9587827884800476,1.0,1411.104817348666,1000.0,1344.1968173739965,1000.0,0.9704851355746554,0.0
2684,1713729660000.0,0.0,0.0,601.5,2.2767352451781706,0.0,0.0,2.1514,0.9587827884800476,1.0,1411.104817348666,1000.0,1335.7156673739967,1000.0,0.9704851355746554,0.0
2685,1713733260000.0,0.0,0.0,601.5,2.2767352451781706,0.0,0.0,2.1851,0.9587827884800476,1.0,1411.104817348666,1000.0,1355.9862173739964,1000.0,0.9704851355746554,0.0
2686,1713736860000.0,0.0,0.0,601.5,2.2767352451781706,0.0,0.0,2.1778,0.9587827884800476,1.0,1411.104817348666,1000.0,1351.5952673739964,1000.0,0.9704851355746554,0.0
2687,1713740460000.0,0.0,0.0,601.5,2.2767352451781706,0.0,0.0,2.1798,0.9587827884800476,1.0,1411.104817348666,1000.0,1352.7982673739966,1000.0,0.9704851355746554,0.0
2688,1713744060000.0,0.0,0.0,595.0,2.2767352451781706,0.0,0.0,2.1787,0.9587827884800476,1.0,1410.445909715008,1000.0,1352.1149388339963,1000.0,0.9604462401218428,0.0
2689,1713747660000.0,0.0,0.0,595.0,2.2767352451781706,0.0,0.0,2.1767,0.9587827884800476,1.0,1410.445909715008,1000.0,1350.9249388339963,1000.0,0.9604462401218428,0.0
2690,1713751260000.0,0.0,0.0,595.0,2.2767352451781706,0.0,0.0,2.1896,0.9587827884800476,1.0,1410.445909715008,1000.0,1358.6004388339963,1000.0,0.9604462401218428,0.0
2691,1713754860000.0,0.0,0.0,595.0,2.2767352451781706,0.0,0.0,2.1869,0.9587827884800476,1.0,1410.445909715008,1000.0,1356.9939388339965,1000.0,0.9604462401218428,0.0
2692,1713758460000.0,0.0,0.0,595.0,2.2767352451781706,0.0,0.0,2.2369,0.9587827884800476,1.0,1410.445909715008,1000.0,1386.7439388339963,1000.0,0.9604462401218428,0.0
2693,1713762060000.0,0.0,0.0,595.0,2.2767352451781706,0.0,0.0,2.229,0.9587827884800476,1.0,1410.445909715008,1000.0,1382.0434388339966,1000.0,0.9604462401218428,0.0
2694,1713765660000.0,0.0,0.0,595.0,2.2767352451781706,0.0,0.0,2.2437,0.9587827884800476,1.0,1410.445909715008,1000.0,1390.7899388339965,1000.0,0.9604462401218428,0.0
2695,1713769260000.0,0.0,0.0,595.0,2.2767352451781706,0.0,0.0,2.2539,0.9587827884800476,1.0,1410.445909715008,1000.0,1396.8589388339963,1000.0,0.9604462401218428,0.0
2696,1713772860000.0,0.0,0.0,595.0,2.2767352451781706,0.0,0.0,2.2366,0.9587827884800476,1.0,1410.445909715008,1000.0,1386.5654388339965,1000.0,0.9604462401218428,0.0
2697,1713776460000.0,0.0,0.0,588.7,2.2767352451781706,0.0,0.0,2.2308,0.9587827884800476,1.0,1410.1845706883855,1000.0,1383.1424918519965,1000.0,0.9504529170831241,0.0
2698,1713780060000.0,0.0,0.0,588.7,2.2767352451781706,0.0,0.0,2.2561,0.9587827884800476,1.0,1410.1845706883855,1000.0,1398.0366018519965,1000.0,0.9504529170831241,0.0
2699,1713783660000.0,0.0,0.0,588.7,2.2767352451781706,0.0,0.0,2.2815,0.9587827884800476,1.0,1410.1845706883855,1000.0,1412.9895818519965,1000.0,0.9504529170831241,0.0
2700,1713787260000.0,0.0,0.0,588.7,2.2767352451781706,0.0,0.0,2.262,0.9587827884800476,1.0,1410.1845706883855,1000.0,1401.5099318519965,1000.0,0.9504529170831241,0.0
2701,1713790860000.0,0.0,0.0,588.7,2.2767352451781706,0.0,0.0,2.2704,0.9587827884800476,1.0,1410.1845706883855,1000.0,1406.4550118519965,1000.0,0.9504529170831241,0.0
2702,1713794460000.0,0.0,0.0,588.7,2.2767352451781706,0.0,0.0,2.2742,0.9587827884800476,1.0,1410.1845706883855,1000.0,1408.6920718519964,1000.0,0.9504529170831241,0.0
2703,1713798060000.0,0.0,0.0,588.7,2.2767352451781706,0.0,0.0,2.2791,0.9587827884800476,1.0,1410.1845706883855,1000.0,1411.5767018519966,1000.0,0.9504529170831241,0.0
2704,1713801660000.0,0.0,0.0,588.7,2.2767352451781706,0.0,0.0,2.284,0.9587827884800476,1.0,1410.1845706883855,1000.0,1414.4613318519964,1000.0,0.9504529170831241,0.0
2705,1713805260000.0,0.0,0.0,340.8,2.2767352451781706,0.0,0.0,2.2834,0.9587827884800476,1.0,1417.2258317607173,1000.0,1419.4971802039968,1000.0,0.5474860492718739,0.0
2706,1713808860000.0,0.0,0.0,57.0,2.2767352451781706,0.0,0.0,2.3143,0.9587827884800476,1.0,1427.2236458731522,1000.0,1429.3648368979966,1000.0,0.09092752166095326,0.0
2707,1713812460000.0,0.0,0.0,0.4,2.2767352451781706,0.0,0.0,2.3452,0.9587827884800476,1.0,1429.4674643440676,1000.0,1429.4948502459963,1000.0,0.0006370862721867922,0.0
2708,1713816060000.0,0.0,0.0,0.0,2.2767352451781706,0.0,0.0,2.3312,0.9587827884800476,1.0,1429.495622437996,1000.0,1429.495622437996,1000.0,0.0,0.0
2709,1713819660000.0,0.0,0.0,0.0,2.2767352451781706,0.0,0.0,2.3424,0.9587827884800476,1.0,1429.495622437996,1000.0,1429.495622437996,1000.0,0.0,0.0
2710,1713823260000.0,0.0,0.0,0.0,2.2767352451781706,0.0,0.0,2.3705,0.9587827884800476,1.0,1429.495622437996,1000.0,1429.495622437996,1000.0,0.0,0.0
2711,1713826860000.0,0.0,0.0,0.0,2.2767352451781706,0.0,0.0,2.3992,0.9587827884800476,1.0,1429.495622437996,1000.0,1429.495622437996,1000.0,0.0,0.0
2712,1713830460000.0,0.0,0.0,0.0,2.2767352451781706,0.0,0.0,2.3827,0.9587827884800476,1.0,1429.495622437996,1000.0,1429.495622437996,1000.0,0.0,0.0
2713,1713834060000.0,0.0,0.0,0.0,2.2767352451781706,0.0,0.0,2.4328,0.9587827884800476,1.0,1429.495622437996,1000.0,1429.495622437996,1000.0,0.0,0.0
2714,1713837660000.0,0.0,0.0,0.0,2.2767352451781706,0.0,0.0,2.4261,0.9587827884800476,1.0,1429.495622437996,1000.0,1429.495622437996,1000.0,0.0,0.0
2715,1713841260000.0,0.0,0.0,0.0,2.2767352451781706,0.0,0.0,2.4168,0.9587827884800476,1.0,1429.495622437996,1000.0,1429.495622437996,1000.0,0.0,0.0
2716,1713844860000.0,0.0,0.0,0.0,2.2767352451781706,0.0,0.0,2.3978,0.9587827884800476,1.0,1429.495622437996,1000.0,1429.495622437996,1000.0,0.0,0.0
2717,1713848460000.0,0.0,0.0,0.0,2.2767352451781706,0.0,0.0,2.3906,0.9587827884800476,1.0,1429.495622437996,1000.0,1429.495622437996,1000.0,0.0,0.0
2718,1713852060000.0,0.0,0.0,0.0,2.2767352451781706,0.0,0.0,2.4111,0.9587827884800476,1.0,1429.495622437996,1000.0,1429.495622437996,1000.0,0.0,0.0
2719,1713855660000.0,0.0,0.0,0.0,2.2767352451781706,0.0,0.0,2.3933,0.9587827884800476,1.0,1429.495622437996,1000.0,1429.495622437996,1000.0,0.0,0.0
2720,1713859260000.0,0.0,0.0,0.0,2.2767352451781706,0.0,0.0,2.3795,0.9587827884800476,1.0,1429.495622437996,1000.0,1429.495622437996,1000.0,0.0,0.0
2721,1713862860000.0,0.0,0.0,0.0,2.2767352451781706,0.0,0.0,2.4042,0.9587827884800476,1.0,1429.495622437996,1000.0,1429.495622437996,1000.0,0.0,0.0
2722,1713866460000.0,0.0,0.0,21.6,2.3615,0.0,0.0,2.3781,0.9587827884800476,1.0,1429.485420757996,1000.0,1429.843980757996,1000.0,0.03568305017966003,0.0
2723,1713870060000.0,0.0,0.0,21.6,2.3615,0.0,0.0,2.3702,0.9587827884800476,1.0,1429.485420757996,1000.0,1429.6733407579961,1000.0,0.03568305017966003,0.0
2724,1713873660000.0,0.0,0.0,21.6,2.3615,0.0,0.0,2.37,0.9587827884800476,1.0,1429.485420757996,1000.0,1429.6690207579961,1000.0,0.03568305017966003,0.0
2725,1713877260000.0,0.0,0.0,21.6,2.3615,0.0,0.0,2.3867,0.9587827884800476,1.0,1429.485420757996,1000.0,1430.029740757996,1000.0,0.03568305017966003,0.0
2726,1713880860000.0,0.0,0.0,4.8,2.3615,0.0,0.0,2.4019,0.9587827884800476,1.0,1430.1239168059963,1000.0,1430.3178368059962,1000.0,0.007926026456026102,0.0
2727,1713884460000.0,0.0,0.0,0.0,2.3615,0.0,0.0,2.415,0.9587827884800476,1.0,1430.3534134039955,1000.0,1430.3534134039955,1000.0,0.0,0.0
2728,1713888060000.0,0.0,0.0,0.0,2.3615,0.0,0.0,2.3834,0.9587827884800476,1.0,1430.3534134039955,1000.0,1430.3534134039955,1000.0,0.0,0.0
2729,1713891660000.0,0.0,0.0,0.0,2.3615,0.0,0.0,2.3901,0.9587827884800476,1.0,1430.3534134039955,1000.0,1430.3534134039955,1000.0,0.0,0.0
2730,1713895260000.0,0.0,0.0,21.5,2.3713,0.0,0.0,2.3727,0.9587827884800476,1.0,1430.3432168139955,1000.0,1430.3733168139954,1000.0,0.03564385764247653,0.0
2731,1713898860000.0,0.0,0.0,21.5,2.3713,0.0,0.0,2.3606,0.9587827884800476,1.0,1430.3432168139955,1000.0,1430.1131668139953,1000.0,0.03564385764247653,0.0
2732,1713902460000.0,0.0,0.0,21.5,2.3713,0.0,0.0,2.3674,0.9587827884800476,1.0,1430.3432168139955,1000.0,1430.2593668139955,1000.0,0.03564385764247653,0.0
2733,1713906060000.0,0.0,0.0,43.3,2.3539808314087765,0.0,0.0,2.3568,0.9587827884800476,1.0,1430.3330279299955,1000.0,1430.4550979299954,1000.0,0.07126128531584787,0.0
2734,1713909660000.0,0.0,0.0,43.3,2.3539808314087765,0.0,0.0,2.3391,0.9587827884800476,1.0,1430.3330279299955,1000.0,1429.6886879299955,1000.0,0.07126128531584787,0.0
2735,1713913260000.0,0.0,0.0,43.3,2.3539808314087765,0.0,0.0,2.3373,0.9587827884800476,1.0,1430.3330279299955,1000.0,1429.6107479299956,1000.0,0.07126128531584787,0.0
2736,1713916860000.0,0.0,0.0,43.3,2.3539808314087765,0.0,0.0,2.357,0.9587827884800476,1.0,1430.3330279299955,1000.0,1430.4637579299956,1000.0,0.07126128531584787,0.0
2737,1713920460000.0,0.0,0.0,43.3,2.3539808314087765,0.0,0.0,2.366,0.9587827884800476,1.0,1430.3330279299955,1000.0,1430.8534579299956,1000.0,0.07126128531584787,0.0
2738,1713924060000.0,0.0,0.0,43.3,2.3539808314087765,0.0,0.0,2.3562,0.9587827884800476,1.0,1430.3330279299955,1000.0,1430.4291179299955,1000.0,0.07126128531584787,0.0
2739,1713927660000.0,0.0,0.0,43.3,2.3539808314087765,0.0,0.0,2.3482,0.9587827884800476,1.0,1430.3330279299955,1000.0,1430.0827179299954,1000.0,0.07126128531584787,0.0
2740,1713931260000.0,0.0,0.0,43.3,2.3539808314087765,0.0,0.0,2.3508,0.9587827884800476,1.0,1430.3330279299955,1000.0,1430.1952979299956,1000.0,0.07126128531584787,0.0
2741,1713934860000.0,0.0,0.0,25.1,2.3539808314087765,0.0,0.0,2.3889,0.9587827884800476,1.0,1430.868879402356,1000.0,1431.7453505339956,1000.0,0.04129303510538214,0.0
2742,1713938460000.0,0.0,0.0,4.2,2.3539808314087765,0.0,0.0,2.3758,0.9587827884800476,1.0,1431.608400483913,1000.0,1431.7000409919963,1000.0,0.0069060222673846755,0.0
2743,1713942060000.0,0.0,0.0,1.9,2.3539808314087765,0.0,0.0,2.3969,0.9587827884800476,1.0,1431.6933945216729,1000.0,1431.7749409419962,1000.0,0.0031239674617420114,0.0
2744,1713945660000.0,0.0,0.0,0.0,2.3539808314087765,0.0,0.0,2.4209,0.9587827884800476,1.0,1431.8034442359958,1000.0,1431.8034442359958,1000.0,0.0,0.0
2745,1713949260000.0,0.0,0.0,0.0,2.3539808314087765,0.0,0.0,2.3873,0.9587827884800476,1.0,1431.8034442359958,1000.0,1431.8034442359958,1000.0,0.0,0.0
2746,1713952860000.0,0.0,0.0,0.0,2.3539808314087765,0.0,0.0,2.3871,0.9587827884800476,1.0,1431.8034442359958,1000.0,1431.8034442359958,1000.0,0.0,0.0
2747,1713956460000.0,0.0,0.0,0.0,2.3539808314087765,0.0,0.0,2.3906,0.9587827884800476,1.0,1431.8034442359958,1000.0,1431.8034442359958,1000.0,0.0,0.0
2748,1713960060000.0,0.0,0.0,0.0,2.3539808314087765,0.0,0.0,2.4134,0.9587827884800476,1.0,1431.8034442359958,1000.0,1431.8034442359958,1000.0,0.0,0.0
2749,1713963660000.0,0.0,0.0,21.5,2.372,0.0,0.0,2.3717,0.9587827884800476,1.0,1431.7932446359957,1000.0,1431.7867946359956,1000.0,0.035618271137300414,0.0
2750,1713967260000.0,0.0,0.0,43.3,2.354680831408776,0.0,0.0,2.3398,0.9587827884800476,1.0,1431.7830526999958,1000.0,1431.1387126999957,1000.0,0.07121028553015243,0.0
2751,1713970860000.0,0.0,0.0,98.4,2.324197967479675,0.0,0.0,2.3032,0.9587827884800476,1.0,1431.7577040199958,1000.0,1429.6915040199958,1000.0,0.15973448535172402,0.0
2752,1713974460000.0,0.0,0.0,148.1,2.3041978392977724,0.0,0.0,2.265,0.9587827884800476,1.0,1431.7351938959957,1000.0,1425.9299938959957,1000.0,0.23834833526121266,0.0
2753,1713978060000.0,0.0,0.0,148.1,2.3041978392977724,0.0,0.0,2.2548,0.9587827884800476,1.0,1431.7351938959957,1000.0,1424.4193738959957,1000.0,0.23834833526121266,0.0
2754,1713981660000.0,0.0,0.0,148.1,2.3041978392977724,0.0,0.0,2.2647,0.9587827884800476,1.0,1431.7351938959957,1000.0,1425.8855638959956,1000.0,0.23834833526121266,0.0
2755,1713985260000.0,0.0,0.0,148.1,2.3041978392977724,0.0,0.0,2.2331,0.9587827884800476,1.0,1431.7351938959957,1000.0,1421.2056038959956,1000.0,0.23834833526121266,0.0
2756,1713988860000.0,0.0,0.0,222.9,2.278929654553612,0.0,0.0,2.2644,0.9587827884800476,1.0,1431.7018495519958,1000.0,1428.4631895519958,1000.0,0.3548039140683892,0.0
2757,1713992460000.0,0.0,0.0,222.9,2.278929654553612,0.0,0.0,2.2343,0.9587827884800476,1.0,1431.7018495519958,1000.0,1421.7538995519958,1000.0,0.3548039140683892,0.0
2758,1713996060000.0,0.0,0.0,222.9,2.278929654553612,0.0,0.0,2.2542,0.9587827884800476,1.0,1431.7018495519958,1000.0,1426.1896095519958,1000.0,0.3548039140683892,0.0
2759,1713999660000.0,0.0,0.0,222.9,2.278929654553612,0.0,0.0,2.2026,0.9587827884800476,1.0,1431.7018495519958,1000.0,1414.6879695519956,1000.0,0.3548039140683892,0.0
2760,1714003260000.0,0.0,0.0,222.9,2.278929654553612,0.0,0.0,2.2196,0.9587827884800476,1.0,1431.7018495519958,1000.0,1418.4772695519957,1000.0,0.3548039140683892,0.0
2761,1714006860000.0,0.0,0.0,222.9,2.278929654553612,0.0,0.0,2.2259,0.9587827884800476,1.0,1431.7018495519958,1000.0,1419.8815395519957,1000.0,0.3548039140683892,0.0
2762,1714010460000.0,0.0,0.0,335.5,2.245961967213115,0.0,0.0,2.1789,0.9587827884800476,1.0,1431.6527401879957,1000.0,1409.1534501879958,1000.0,0.5263289196101091,0.0
2763,1714014060000.0,0.0,0.0,335.5,2.245961967213115,0.0,0.0,2.2055,0.9587827884800476,1.0,1431.6527401879957,1000.0,1418.0777501879957,1000.0,0.5263289196101091,0.0
2764,1714017660000.0,0.0,0.0,335.5,2.245961967213115,0.0,0.0,2.1827,0.9587827884800476,1.0,1431.6527401879957,1000.0,1410.4283501879956,1000.0,0.5263289196101091,0.0
2765,1714021260000.0,0.0,0.0,335.5,2.245961967213115,0.0,0.0,2.1954,0.9587827884800476,1.0,1431.6527401879957,1000.0,1414.6892001879955,1000.0,0.5263289196101091,0.0
2766,1714024860000.0,0.0,0.0,335.5,2.245961967213115,0.0,0.0,2.1881,0.9587827884800476,1.0,1431.6527401879957,1000.0,1412.2400501879956,1000.0,0.5263289196101091,0.0
2767,1714028460000.0,0.0,0.0,335.5,2.245961967213115,0.0,0.0,2.1881,0.9587827884800476,1.0,1431.6527401879957,1000.0,1412.2400501879956,1000.0,0.5263289196101091,0.0
2768,1714032060000.0,0.0,0.0,335.5,2.245961967213115,0.0,0.0,2.1723,0.9587827884800476,1.0,1431.6527401879957,1000.0,1406.9391501879957,1000.0,0.5263289196101091,0.0
2769,1714035660000.0,0.0,0.0,335.5,2.245961967213115,0.0,0.0,2.1746,0.9587827884800476,1.0,1431.6527401879957,1000.0,1407.7108001879956,1000.0,0.5263289196101091,0.0
2770,1714039260000.0,0.0,0.0,335.5,2.245961967213115,0.0,0.0,2.1462,0.9587827884800476,1.0,1431.6527401879957,1000.0,1398.1826001879956,1000.0,0.5263289196101091,0.0
2771,1714042860000.0,0.0,0.0,505.0,2.2018711683168317,0.0,0.0,2.1129,0.9587827884800476,1.0,1431.5810552479957,1000.0,1386.6506152479956,1000.0,0.7767251011905684,0.0
2772,1714046460000.0,0.0,0.0,505.0,2.2018711683168317,0.0,0.0,2.1131,0.9587827884800476,1.0,1431.5810552479957,1000.0,1386.7516152479957,1000.0,0.7767251011905684,0.0
2773,1714050060000.0,0.0,0.0,505.0,2.2018711683168317,0.0,0.0,2.0754,0.9587827884800476,1.0,1431.5810552479957,1000.0,1367.7131152479958,1000.0,0.7767251011905684,0.0
2774,1714053660000.0,0.0,0.0,505.0,2.2018711683168317,0.0,0.0,2.0613,0.9587827884800476,1.0,1431.5810552479957,1000.0,1360.5926152479958,1000.0,0.7767251011905684,0.0
2775,1714057260000.0,0.0,0.0,505.0,2.2018711683168317,0.0,0.0,2.0589,0.9587827884800476,1.0,1431.5810552479957,1000.0,1359.3806152479956,1000.0,0.7767251011905684,0.0
2776,1714060860000.0,0.0,0.0,505.0,2.2018711683168317,0.0,0.0,2.1246,0.9587827884800476,1.0,1431.5810552479957,1000.0,1392.5591152479956,1000.0,0.7767251011905684,0.0
2777,1714064460000.0,0.0,0.0,505.0,2.2018711683168317,0.0,0.0,2.1071,0.9587827884800476,1.0,1431.5810552479957,1000.0,1383.7216152479957,1000.0,0.7767251011905684,0.0
2778,1714068060000.0,0.0,0.0,505.0,2.2018711683168317,0.0,0.0,2.0925,0.9587827884800476,1.0,1431.5810552479957,1000.0,1376.3486152479954,1000.0,0.7767251011905684,0.0
2779,1714071660000.0,0.0,0.0,505.0,2.2018711683168317,0.0,0.0,2.0924,0.9587827884800476,1.0,1431.5810552479957,1000.0,1376.2981152479956,1000.0,0.7767251011905684,0.0
2780,1714075260000.0,0.0,0.0,505.0,2.2018711683168317,0.0,0.0,2.0873,0.9587827884800476,1.0,1431.5810552479957,1000.0,1373.7226152479957,1000.0,0.7767251011905684,0.0
2781,1714078860000.0,0.0,0.0,505.0,2.2018711683168317,0.0,0.0,2.1136,0.9587827884800476,1.0,1431.5810552479957,1000.0,1387.0041152479955,1000.0,0.7767251011905684,0.0
2782,1714082460000.0,0.0,0.0,505.0,2.2018711683168317,0.0,0.0,2.1222,0.9587827884800476,1.0,1431.5810552479957,1000.0,1391.3471152479956,1000.0,0.7767251011905684,0.0
2783,1714086060000.0,0.0,0.0,505.0,2.2018711683168317,0.0,0.0,2.1011,0.9587827884800476,1.0,1431.5810552479957,1000.0,1380.6916152479957,1000.0,0.7767251011905684,0.0
2784,1714089660000.0,0.0,0.0,505.0,2.2018711683168317,0.0,0.0,2.1043,0.9587827884800476,1.0,1431.5810552479957,1000.0,1382.3076152479955,1000.0,0.7767251011905684,0.0
2785,1714093260000.0,0.0,0.0,505.0,2.2018711683168317,0.0,0.0,2.0825,0.9587827884800476,1.0,1431.5810552479957,1000.0,1371.2986152479957,1000.0,0.7767251011905684,0.0
2786,1714096860000.0,0.0,0.0,505.0,2.2018711683168317,0.0,0.0,2.0948,0.9587827884800476,1.0,1431.5810552479957,1000.0,1377.5101152479958,1000.0,0.7767251011905684,0.0
2787,1714100460000.0,0.0,0.0,505.0,2.2018711683168317,0.0,0.0,2.0904,0.9587827884800476,1.0,1431.5810552479957,1000.0,1375.2881152479956,1000.0,0.7767251011905684,0.0
2788,1714104060000.0,0.0,0.0,505.0,2.2018711683168317,0.0,0.0,2.0782,0.9587827884800476,1.0,1431.5810552479957,1000.0,1369.1271152479956,1000.0,0.7767251011905684,0.0
2789,1714107660000.0,0.0,0.0,505.0,2.2018711683168317,0.0,0.0,2.0794,0.9587827884800476,1.0,1431.5810552479957,1000.0,1369.7331152479958,1000.0,0.7767251011905684,0.0
2790,1714111260000.0,0.0,0.0,505.0,2.2018711683168317,0.0,0.0,2.0964,0.9587827884800476,1.0,1431.5810552479957,1000.0,1378.3181152479956,1000.0,0.7767251011905684,0.0
2791,1714114860000.0,0.0,0.0,505.0,2.2018711683168317,0.0,0.0,2.054,0.9587827884800476,1.0,1431.5810552479957,1000.0,1356.9061152479956,1000.0,0.7767251011905684,0.0
2792,1714118460000.0,0.0,0.0,505.0,2.2018711683168317,0.0,0.0,2.0472,0.9587827884800476,1.0,1431.5810552479957,1000.0,1353.4721152479958,1000.0,0.7767251011905684,0.0
2793,1714122060000.0,0.0,0.0,505.0,2.2018711683168317,0.0,0.0,2.0457,0.9587827884800476,1.0,1431.5810552479957,1000.0,1352.7146152479957,1000.0,0.7767251011905684,0.0
2794,1714125660000.0,0.0,0.0,505.0,2.2018711683168317,0.0,0.0,2.0491,0.9587827884800476,1.0,1431.5810552479957,1000.0,1354.4316152479958,1000.0,0.7767251011905684,0.0
2795,1714129260000.0,0.0,0.0,505.0,2.2018711683168317,0.0,0.0,2.0354,0.9587827884800476,1.0,1431.5810552479957,1000.0,1347.5131152479958,1000.0,0.7767251011905684,0.0
2796,1714132860000.0,0.0,0.0,505.0,2.2018711683168317,0.0,0.0,2.0421,0.9587827884800476,1.0,1431.5810552479957,1000.0,1350.8966152479957,1000.0,0.7767251011905684,0.0
2797,1714136460000.0,0.0,0.0,505.0,2.2018711683168317,0.0,0.0,2.0554,0.9587827884800476,1.0,1431.5810552479957,1000.0,1357.6131152479957,1000.0,0.7767251011905684,0.0
2798,1714140060000.0,0.0,0.0,655.9,2.1594315432191884,0.0,0.0,2.0854,0.9587827884800476,1.0,1430.7321592194614,1000.0,1382.1748700219957,1000.0,0.9899624748563488,0.0
2799,1714143660000.0,0.0,0.0,655.9,2.1594315432191884,0.0,0.0,2.0569,0.9587827884800476,1.0,1430.7321592194614,1000.0,1363.481720021996,1000.0,0.9899624748563488,0.0
2800,1714147260000.0,0.0,0.0,655.9,2.1594315432191884,0.0,0.0,2.0359,0.9587827884800476,1.0,1430.7321592194614,1000.0,1349.7078200219958,1000.0,0.9899624748563488,0.0
2801,1714150860000.0,0.0,0.0,655.9,2.1594315432191884,0.0,0.0,2.0474,0.9587827884800476,1.0,1430.7321592194614,1000.0,1357.2506700219958,1000.0,0.9899624748563488,0.0
2802,1714154460000.0,0.0,0.0,655.9,2.1594315432191884,0.0,0.0,2.0623,0.9587827884800476,1.0,1430.7321592194614,1000.0,1367.0235800219957,1000.0,0.9899624748563488,0.0
2803,1714158060000.0,0.0,0.0,655.9,2.1594315432191884,0.0,0.0,2.0573,0.9587827884800476,1.0,1430.7321592194614,1000.0,1363.7440800219958,1000.0,0.9899624748563488,0.0
2804,1714161660000.0,0.0,0.0,655.9,2.1594315432191884,0.0,0.0,2.0634,0.9587827884800476,1.0,1430.7321592194614,1000.0,1367.7450700219958,1000.0,0.9899624748563488,0.0
2805,1714165260000.0,0.0,0.0,655.9,2.1594315432191884,0.0,0.0,2.0732,0.9587827884800476,1.0,1430.7321592194614,1000.0,1374.1728900219957,1000.0,0.9899624748563488,0.0
2806,1714168860000.0,0.0,0.0,655.9,2.1594315432191884,0.0,0.0,2.0687,0.9587827884800476,1.0,1430.7321592194614,1000.0,1371.221340021996,1000.0,0.9899624748563488,0.0
2807,1714172460000.0,0.0,0.0,648.9,2.1594315432191884,0.0,0.0,2.043,0.9587827884800476,1.0,1430.0220566569271,1000.0,1354.469628261996,1000.0,0.9798835772300978,0.0
2808,1714176060000.0,0.0,0.0,648.9,2.1594315432191884,0.0,0.0,2.0392,0.9587827884800476,1.0,1430.0220566569271,1000.0,1352.0038082619958,1000.0,0.9798835772300978,0.0
2809,1714179660000.0,0.0,0.0,648.9,2.1594315432191884,0.0,0.0,2.0382,0.9587827884800476,1.0,1430.0220566569271,1000.0,1351.3549082619957,1000.0,0.9798835772300978,0.0
2810,1714183260000.0,0.0,0.0,648.9,2.1594315432191884,0.0,0.0,2.007,0.9587827884800476,1.0,1430.0220566569271,1000.0,1331.109228261996,1000.0,0.9798835772300978,0.0
2811,1714186860000.0,0.0,0.0,648.9,2.1594315432191884,0.0,0.0,2.0418,0.9587827884800476,1.0,1430.0220566569271,1000.0,1353.6909482619958,1000.0,0.9798835772300978,0.0
2812,1714190460000.0,0.0,0.0,648.9,2.1594315432191884,0.0,0.0,2.0787,0.9587827884800476,1.0,1430.0220566569271,1000.0,1377.6353582619959,1000.0,0.9798835772300978,0.0
2813,1714194060000.0,0.0,0.0,648.9,2.1594315432191884,0.0,0.0,2.1067,0.9587827884800476,1.0,1430.0220566569271,1000.0,1395.8045582619957,1000.0,0.9798835772300978,0.0
2814,1714197660000.0,0.0,0.0,648.9,2.1594315432191884,0.0,0.0,2.0651,0.9587827884800476,1.0,1430.0220566569271,1000.0,1368.810318261996,1000.0,0.9798835772300978,0.0
2815,1714201260000.0,0.0,0.0,648.9,2.1594315432191884,0.0,0.0,2.0392,0.9587827884800476,1.0,1430.0220566569271,1000.0,1352.0038082619958,1000.0,0.9798835772300978,0.0
2816,1714204860000.0,0.0,0.0,641.9,2.1594315432191884,0.0,0.0,2.0519,0.9587827884800476,1.0,1429.2272710343927,1000.0,1360.2027734419955,1000.0,0.9698521261696812,0.0
2817,1714208460000.0,0.0,0.0,641.9,2.1594315432191884,0.0,0.0,2.0738,0.9587827884800476,1.0,1429.2272710343927,1000.0,1374.2603834419956,1000.0,0.9698521261696812,0.0
2818,1714212060000.0,0.0,0.0,641.9,2.1594315432191884,0.0,0.0,2.0735,0.9587827884800476,1.0,1429.2272710343927,1000.0,1374.067813441996,1000.0,0.9698521261696812,0.0
2819,1714215660000.0,0.0,0.0,641.9,2.1594315432191884,0.0,0.0,2.0649,0.9587827884800476,1.0,1429.2272710343927,1000.0,1368.5474734419959,1000.0,0.9698521261696812,0.0
2820,1714219260000.0,0.0,0.0,641.9,2.1594315432191884,0.0,0.0,2.0731,0.9587827884800476,1.0,1429.2272710343927,1000.0,1373.811053441996,1000.0,0.9698521261696812,0.0
2821,1714222860000.0,0.0,0.0,641.9,2.1594315432191884,0.0,0.0,2.098,0.9587827884800476,1.0,1429.2272710343927,1000.0,1389.7943634419955,1000.0,0.9698521261696812,0.0
2822,1714226460000.0,0.0,0.0,641.9,2.1594315432191884,0.0,0.0,2.1221,0.9587827884800476,1.0,1429.2272710343927,1000.0,1405.2641534419959,1000.0,0.9698521261696812,0.0
2823,1714230060000.0,0.0,0.0,641.9,2.1594315432191884,0.0,0.0,2.1138,0.9587827884800476,1.0,1429.2272710343927,1000.0,1399.9363834419958,1000.0,0.9698521261696812,0.0
2824,1714233660000.0,0.0,0.0,635.0,2.1594315432191884,0.0,0.0,2.0889,0.9587827884800476,1.0,1428.7163349821803,1000.0,1383.9288050379957,1000.0,0.9597699671861647,0.0
2825,1714237260000.0,0.0,0.0,635.0,2.1594315432191884,0.0,0.0,2.0768,0.9587827884800476,1.0,1428.7163349821803,1000.0,1376.2453050379956,1000.0,0.9597699671861647,0.0
2826,1714240860000.0,0.0,0.0,635.0,2.1594315432191884,0.0,0.0,2.171,0.9587827884800476,1.0,1428.7163349821803,1000.0,1436.0623050379957,1000.0,0.9597699671861647,0.0
2827,1714244460000.0,0.0,0.0,635.0,2.1594315432191884,0.0,0.0,2.1163,0.9587827884800476,1.0,1428.7163349821803,1000.0,1401.3278050379956,1000.0,0.9597699671861647,0.0
2828,1714248060000.0,0.0,0.0,635.0,2.1594315432191884,0.0,0.0,2.1109,0.9587827884800476,1.0,1428.7163349821803,1000.0,1397.8988050379958,1000.0,0.9597699671861647,0.0
2829,1714251660000.0,0.0,0.0,635.0,2.1594315432191884,0.0,0.0,2.13,0.9587827884800476,1.0,1428.7163349821803,1000.0,1410.0273050379956,1000.0,0.9597699671861647,0.0
2830,1714255260000.0,0.0,0.0,635.0,2.1594315432191884,0.0,0.0,2.1248,0.9587827884800476,1.0,1428.7163349821803,1000.0,1406.7253050379957,1000.0,0.9597699671861647,0.0
2831,1714258860000.0,0.0,0.0,635.0,2.1594315432191884,0.0,0.0,2.1176,0.9587827884800476,1.0,1428.7163349821803,1000.0,1402.1533050379956,1000.0,0.9597699671861647,0.0
2832,1714262460000.0,0.0,0.0,635.0,2.1594315432191884,0.0,0.0,2.1293,0.9587827884800476,1.0,1428.7163349821803,1000.0,1409.5828050379957,1000.0,0.9597699671861647,0.0
2833,1714266060000.0,0.0,0.0,628.3,2.1594315432191884,0.0,0.0,2.1554,0.9587827884800476,1.0,1428.6194488066117,1000.0,1426.0864302019957,1000.0,0.9497076633934853,0.0
2834,1714269660000.0,0.0,0.0,523.6,2.1594315432191884,0.0,0.0,2.1635,0.9587827884800476,1.0,1431.4391346395628,1000.0,1433.5693786099957,1000.0,0.789889230123831,0.0
2835,1714273260000.0,0.0,0.0,363.7,2.1594315432191884,0.0,0.0,2.1815,0.9587827884800476,1.0,1435.7454170148146,1000.0,1443.771714745996,1000.0,0.5470226427062416,0.0
2836,1714276860000.0,0.0,0.0,210.5,2.1594315432191884,0.0,0.0,2.1629,0.9587827884800476,1.0,1439.8712610416349,1000.0,1440.6013711939956,1000.0,0.31569512646484804,0.0
2837,1714280460000.0,0.0,0.0,210.5,2.1594315432191884,0.0,0.0,2.1482,0.9587827884800476,1.0,1439.8712610416349,1000.0,1437.5070211939958,1000.0,0.31569512646484804,0.0
2838,1714284060000.0,0.0,0.0,210.5,2.1594315432191884,0.0,0.0,2.1517,0.9587827884800476,1.0,1439.8712610416349,1000.0,1438.2437711939956,1000.0,0.31569512646484804,0.0
2839,1714287660000.0,0.0,0.0,210.5,2.1594315432191884,0.0,0.0,2.1649,0.9587827884800476,1.0,1439.8712610416349,1000.0,1441.0223711939957,1000.0,0.31569512646484804,0.0
2840,1714291260000.0,0.0,0.0,210.5,2.1594315432191884,0.0,0.0,2.1706,0.9587827884800476,1.0,1439.8712610416349,1000.0,1442.2222211939957,1000.0,0.31569512646484804,0.0
2841,1714294860000.0,0.0,0.0,210.5,2.1594315432191884,0.0,0.0,2.1675,0.9587827884800476,1.0,1439.8712610416349,1000.0,1441.5696711939956,1000.0,0.31569512646484804,0.0
2842,1714298460000.0,0.0,0.0,210.5,2.1594315432191884,0.0,0.0,2.1698,0.9587827884800476,1.0,1439.8712610416349,1000.0,1442.0538211939956,1000.0,0.31569512646484804,0.0
2843,1714302060000.0,0.0,0.0,210.5,2.1594315432191884,0.0,0.0,2.166,0.9587827884800476,1.0,1439.8712610416349,1000.0,1441.2539211939957,1000.0,0.31569512646484804,0.0
2844,1714305660000.0,0.0,0.0,210.5,2.1594315432191884,0.0,0.0,2.16,0.9587827884800476,1.0,1439.8712610416349,1000.0,1439.9909211939957,1000.0,0.31569512646484804,0.0
2845,1714309260000.0,0.0,0.0,210.5,2.1594315432191884,0.0,0.0,2.1444,0.9587827884800476,1.0,1439.8712610416349,1000.0,1436.7071211939958,1000.0,0.31569512646484804,0.0
2846,1714312860000.0,0.0,0.0,210.5,2.1594315432191884,0.0,0.0,2.1606,0.9587827884800476,1.0,1439.8712610416349,1000.0,1440.1172211939956,1000.0,0.31569512646484804,0.0
2847,1714316460000.0,0.0,0.0,210.5,2.1594315432191884,0.0,0.0,2.1566,0.9587827884800476,1.0,1439.8712610416349,1000.0,1439.2752211939958,1000.0,0.31569512646484804,0.0
2848,1714320060000.0,0.0,0.0,210.5,2.1594315432191884,0.0,0.0,2.1468,0.9587827884800476,1.0,1439.8712610416349,1000.0,1437.2123211939956,1000.0,0.31569512646484804,0.0
2849,1714323660000.0,0.0,0.0,210.5,2.1594315432191884,0.0,0.0,2.1522,0.9587827884800476,1.0,1439.8712610416349,1000.0,1438.3490211939957,1000.0,0.31569512646484804,0.0
2850,1714327260000.0,0.0,0.0,210.5,2.1594315432191884,0.0,0.0,2.1676,0.9587827884800476,1.0,1439.8712610416349,1000.0,1441.5907211939957,1000.0,0.31569512646484804,0.0
2851,1714330860000.0,0.0,0.0,210.5,2.1594315432191884,0.0,0.0,2.1652,0.9587827884800476,1.0,1439.8712610416349,1000.0,1441.0855211939956,1000.0,0.31569512646484804,0.0
2852,1714334460000.0,0.0,0.0,210.5,2.1594315432191884,0.0,0.0,2.1559,0.9587827884800476,1.0,1439.8712610416349,1000.0,1439.1278711939956,1000.0,0.31569512646484804,0.0
2853,1714338060000.0,0.0,0.0,210.5,2.1594315432191884,0.0,0.0,2.1561,0.9587827884800476,1.0,1439.8712610416349,1000.0,1439.1699711939957,1000.0,0.31569512646484804,0.0
2854,1714341660000.0,0.0,0.0,210.5,2.1594315432191884,0.0,0.0,2.1485,0.9587827884800476,1.0,1439.8712610416349,1000.0,1437.5701711939957,1000.0,0.31569512646484804,0.0
2855,1714345260000.0,0.0,0.0,210.5,2.1594315432191884,0.0,0.0,2.1135,0.9587827884800476,1.0,1439.8712610416349,1000.0,1430.2026711939957,1000.0,0.31569512646484804,0.0
2856,1714348860000.0,0.0,0.0,210.5,2.1594315432191884,0.0,0.0,2.1041,0.9587827884800476,1.0,1439.8712610416349,1000.0,1428.2239711939956,1000.0,0.31569512646484804,0.0
2857,1714352460000.0,0.0,0.0,210.5,2.1594315432191884,0.0,0.0,2.1048,0.9587827884800476,1.0,1439.8712610416349,1000.0,1428.3713211939958,1000.0,0.31569512646484804,0.0
2858,1714356060000.0,0.0,0.0,210.5,2.1594315432191884,0.0,0.0,2.1267,0.9587827884800476,1.0,1439.8712610416349,1000.0,1432.9812711939958,1000.0,0.31569512646484804,0.0
2859,1714359660000.0,0.0,0.0,316.8,2.130732038660477,0.0,0.0,2.0898,0.9587827884800476,1.0,1439.827169927635,1000.0,1426.8599000799957,1000.0,0.468817316373857,0.0
2860,1714363260000.0,0.0,0.0,316.8,2.130732038660477,0.0,0.0,2.0669,0.9587827884800476,1.0,1439.827169927635,1000.0,1419.6051800799958,1000.0,0.468817316373857,0.0
2861,1714366860000.0,0.0,0.0,316.8,2.130732038660477,0.0,0.0,2.0803,0.9587827884800476,1.0,1439.827169927635,1000.0,1423.8503000799958,1000.0,0.468817316373857,0.0
2862,1714370460000.0,0.0,0.0,316.8,2.130732038660477,0.0,0.0,2.0722,0.9587827884800476,1.0,1439.827169927635,1000.0,1421.2842200799957,1000.0,0.468817316373857,0.0
2863,1714374060000.0,0.0,0.0,476.8,2.092600482063002,0.0,0.0,2.0142,0.9587827884800476,1.0,1439.7626227276348,1000.0,1402.3812728799955,1000.0,0.6929975081290798,0.0
2864,1714377660000.0,0.0,0.0,476.8,2.092600482063002,0.0,0.0,2.0132,0.9587827884800476,1.0,1439.7626227276348,1000.0,1401.9044728799954,1000.0,0.6929975081290798,0.0
2865,1714381260000.0,0.0,0.0,476.8,2.092600482063002,0.0,0.0,2.0083,0.9587827884800476,1.0,1439.7626227276348,1000.0,1399.5681528799955,1000.0,0.6929975081290798,0.0
2866,1714384860000.0,0.0,0.0,476.8,2.092600482063002,0.0,0.0,2.0181,0.9587827884800476,1.0,1439.7626227276348,1000.0,1404.2407928799955,1000.0,0.6929975081290798,0.0
2867,1714388460000.0,0.0,0.0,476.8,2.092600482063002,0.0,0.0,2.0086,0.9587827884800476,1.0,1439.7626227276348,1000.0,1399.7111928799955,1000.0,0.6929975081290798,0.0
2868,1714392060000.0,0.0,0.0,476.8,2.092600482063002,0.0,0.0,2.0036,0.9587827884800476,1.0,1439.7626227276348,1000.0,1397.3271928799954,1000.0,0.6929975081290798,0.0
2869,1714395660000.0,0.0,0.0,476.8,2.092600482063002,0.0,0.0,2.0173,0.9587827884800476,1.0,1439.7626227276348,1000.0,1403.8593528799956,1000.0,0.6929975081290798,0.0
2870,1714399260000.0,0.0,0.0,476.8,2.092600482063002,0.0,0.0,1.9952,0.9587827884800476,1.0,1439.7626227276348,1000.0,1393.3220728799956,1000.0,0.6929975081290798,0.0
2871,1714402860000.0,0.0,0.0,476.8,2.092600482063002,0.0,0.0,2.0247,0.9587827884800476,1.0,1439.7626227276348,1000.0,1407.3876728799955,1000.0,0.6929975081290798,0.0
2872,1714406460000.0,0.0,0.0,476.8,2.092600482063002,0.0,0.0,2.031,0.9587827884800476,1.0,1439.7626227276348,1000.0,1410.3915128799956,1000.0,0.6929975081290798,0.0
2873,1714410060000.0,0.0,0.0,476.8,2.092600482063002,0.0,0.0,2.0226,0.9587827884800476,1.0,1439.7626227276348,1000.0,1406.3863928799956,1000.0,0.6929975081290798,0.0
2874,1714413660000.0,0.0,0.0,476.8,2.092600482063002,0.0,0.0,2.0384,0.9587827884800476,1.0,1439.7626227276348,1000.0,1413.9198328799955,1000.0,0.6929975081290798,0.0
2875,1714417260000.0,0.0,0.0,476.8,2.092600482063002,0.0,0.0,2.0301,0.9587827884800476,1.0,1439.7626227276348,1000.0,1409.9623928799956,1000.0,0.6929975081290798,0.0
2876,1714420860000.0,0.0,0.0,476.8,2.092600482063002,0.0,0.0,2.0323,0.9587827884800476,1.0,1439.7626227276348,1000.0,1411.0113528799957,1000.0,0.6929975081290798,0.0
2877,1714424460000.0,0.0,0.0,476.8,2.092600482063002,0.0,0.0,2.0289,0.9587827884800476,1.0,1439.7626227276348,1000.0,1409.3902328799957,1000.0,0.6929975081290798,0.0
2878,1714428060000.0,0.0,0.0,476.8,2.092600482063002,0.0,0.0,2.0282,0.9587827884800476,1.0,1439.7626227276348,1000.0,1409.0564728799955,1000.0,0.6929975081290798,0.0
2879,1714431660000.0,0.0,0.0,476.8,2.092600482063002,0.0,0.0,2.0821,0.9587827884800476,1.0,1439.7626227276348,1000.0,1434.7559928799956,1000.0,0.6929975081290798,0.0
2880,1714435260000.0,0.0,0.0,476.8,2.092600482063002,0.0,0.0,2.0955,0.9587827884800476,1.0,1439.7626227276348,1000.0,1441.1451128799954,1000.0,0.6929975081290798,0.0
2881,1714438860000.0,0.0,0.0,13.9,2.092600482063002,0.0,0.0,2.1354,0.9587827884800476,1.0,1453.9349728366722,1000.0,1454.5298861359963,1000.0,0.02000580991866906,0.0
2882,1714442460000.0,0.0,0.0,2.5,2.092600482063002,0.0,0.0,2.0761,0.9587827884800476,1.0,1454.3427936771536,1000.0,1454.301542471996,1000.0,0.0035971582682582017,0.0
2883,1714446060000.0,0.0,0.0,2.5,2.092600482063002,0.0,0.0,2.0984,0.9587827884800476,1.0,1454.3427936771536,1000.0,1454.357292471996,1000.0,0.0035971582682582017,0.0
2884,1714449660000.0,0.0,0.0,2.5,2.092600482063002,0.0,0.0,2.0805,0.9587827884800476,1.0,1454.3427936771536,1000.0,1454.312542471996,1000.0,0.0035971582682582017,0.0
2885,1714453260000.0,0.0,0.0,2.5,2.092600482063002,0.0,0.0,2.0733,0.9587827884800476,1.0,1454.3427936771536,1000.0,1454.294542471996,1000.0,0.0035971582682582017,0.0
2886,1714456860000.0,0.0,0.0,25.2,2.0612524287760916,0.0,0.0,2.0672,0.9587827884800476,1.0,1454.3334512651536,1000.0,1454.4833300599962,1000.0,0.0357164040749876,0.0
2887,1714460460000.0,0.0,0.0,21.0,2.0612524287760916,0.0,0.0,2.0925,0.9587827884800476,1.0,1454.4415176482942,1000.0,1455.0977166439961,1000.0,0.029761458593596888,0.0
2888,1714464060000.0,0.0,0.0,12.2,2.0612524287760916,0.0,0.0,2.0727,0.9587827884800476,1.0,1454.6679424510644,1000.0,1454.807602819996,1000.0,0.017287298975390927,0.0
2889,1714467660000.0,0.0,0.0,76.5,2.033266923281939,0.0,0.0,2.0098,0.9587827884800476,1.0,1454.6418629230643,1000.0,1452.8466432919959,1000.0,0.1069300448417626,0.0
2890,1714471260000.0,0.0,0.0,76.5,2.033266923281939,0.0,0.0,2.0016,0.9587827884800476,1.0,1454.6418629230643,1000.0,1452.219343291996,1000.0,0.1069300448417626,0.0
2891,1714474860000.0,0.0,0.0,115.1,2.0190251922768754,0.0,0.0,1.9934,0.9587827884800476,1.0,1454.6264939470643,1000.0,1451.677034315996,1000.0,0.15975908633458816,0.0
2892,1714478460000.0,0.0,0.0,173.2,2.0016739586089396,0.0,0.0,1.9564,0.9587827884800476,1.0,1454.6036339210643,1000.0,1446.762184289996,1000.0,0.23833979342985873,0.0
2893,1714482060000.0,0.0,0.0,392.4,1.9510924047682678,0.0,0.0,1.8832,0.9587827884800476,1.0,1454.5198501750644,1000.0,1427.878870543996,1000.0,0.5263652191057554,0.0
2894,1714485660000.0,0.0,0.0,392.4,1.9510924047682678,0.0,0.0,1.8725,0.9587827884800476,1.0,1454.5198501750644,1000.0,1423.680190543996,1000.0,0.5263652191057554,0.0
2895,1714489260000.0,0.0,0.0,392.4,1.9510924047682678,0.0,0.0,1.8987,0.9587827884800476,1.0,1454.5198501750644,1000.0,1433.9610705439961,1000.0,0.5263652191057554,0.0
2896,1714492860000.0,0.0,0.0,392.4,1.9510924047682678,0.0,0.0,1.8665,0.9587827884800476,1.0,1454.5198501750644,1000.0,1421.3257905439962,1000.0,0.5263652191057554,0.0
2897,1714496460000.0,0.0,0.0,392.4,1.9510924047682678,0.0,0.0,1.8894,0.9587827884800476,1.0,1454.5198501750644,1000.0,1430.3117505439961,1000.0,0.5263652191057554,0.0
2898,1714500060000.0,0.0,0.0,392.4,1.9510924047682678,0.0,0.0,1.8811,0.9587827884800476,1.0,1454.5198501750644,1000.0,1427.054830543996,1000.0,0.5263652191057554,0.0
2899,1714503660000.0,0.0,0.0,392.4,1.9510924047682678,0.0,0.0,1.8741,0.9587827884800476,1.0,1454.5198501750644,1000.0,1424.3080305439962,1000.0,0.5263652191057554,0.0
2900,1714507260000.0,0.0,0.0,392.4,1.9510924047682678,0.0,0.0,1.8698,0.9587827884800476,1.0,1454.5198501750644,1000.0,1422.6207105439962,1000.0,0.5263652191057554,0.0
2901,1714510860000.0,0.0,0.0,392.4,1.9510924047682678,0.0,0.0,1.8784,0.9587827884800476,1.0,1454.5198501750644,1000.0,1425.9953505439962,1000.0,0.5263652191057554,0.0
2902,1714514460000.0,0.0,0.0,392.4,1.9510924047682678,0.0,0.0,1.8805,0.9587827884800476,1.0,1454.5198501750644,1000.0,1426.8193905439962,1000.0,0.5263652191057554,0.0
2903,1714518060000.0,0.0,0.0,392.4,1.9510924047682678,0.0,0.0,1.9131,0.9587827884800476,1.0,1454.5198501750644,1000.0,1439.6116305439962,1000.0,0.5263652191057554,0.0
2904,1714521660000.0,0.0,0.0,392.4,1.9510924047682678,0.0,0.0,1.9198,0.9587827884800476,1.0,1454.5198501750644,1000.0,1442.240710543996,1000.0,0.5263652191057554,0.0
2905,1714525260000.0,0.0,0.0,392.4,1.9510924047682678,0.0,0.0,1.9073,0.9587827884800476,1.0,1454.5198501750644,1000.0,1437.3357105439961,1000.0,0.5263652191057554,0.0
2906,1714528860000.0,0.0,0.0,392.4,1.9510924047682678,0.0,0.0,1.9452,0.9587827884800476,1.0,1454.5198501750644,1000.0,1452.207670543996,1000.0,0.5263652191057554,0.0
2907,1714532460000.0,0.0,0.0,392.4,1.9510924047682678,0.0,0.0,1.9432,0.9587827884800476,1.0,1454.5198501750644,1000.0,1451.4228705439962,1000.0,0.5263652191057554,0.0
2908,1714536060000.0,0.0,0.0,392.4,1.9510924047682678,0.0,0.0,1.9741,0.9587827884800476,1.0,1454.5198501750644,1000.0,1463.5480305439962,1000.0,0.5263652191057554,0.0
2909,1714539660000.0,0.0,0.0,41.5,1.9510924047682678,0.0,0.0,1.977,0.9587827884800476,1.0,1464.8738190778795,1000.0,1465.9489842799965,1000.0,0.055274613924667565,0.0
2910,1714543260000.0,0.0,0.0,34.6,1.9510924047682678,0.0,0.0,1.9525,0.9587827884800476,1.0,1465.0422647429784,1000.0,1465.0909675379964,1000.0,0.04607907828299096,0.0
2911,1714546860000.0,0.0,0.0,61.8,1.9378478512133022,0.0,0.0,1.9184,0.9587827884800476,1.0,1465.0318145029785,1000.0,1463.8299372979964,1000.0,0.08174498056590743,0.0
2912,1714550460000.0,0.0,0.0,140.0,1.9113116943213,0.0,0.0,1.8904,0.9587827884800476,1.0,1465.0022495749786,1000.0,1462.0746123699967,1000.0,0.18265066642908734,0.0
2913,1714554060000.0,0.0,0.0,210.7,1.8935572719742857,0.0,0.0,1.8875,0.9587827884800476,1.0,1464.9759717989787,1000.0,1463.6997045939966,1000.0,0.27234065601434193,0.0
2914,1714557660000.0,0.0,0.0,146.4,1.8935572719742857,0.0,0.0,1.8976,0.9587827884800476,1.0,1466.497258875032,1000.0,1467.0891142579965,1000.0,0.18903327840496056,0.0
2915,1714561260000.0,0.0,0.0,146.4,1.8935572719742857,0.0,0.0,1.9089,0.9587827884800476,1.0,1466.497258875032,1000.0,1468.7434342579966,1000.0,0.18903327840496056,0.0
2916,1714564860000.0,0.0,0.0,146.4,1.8935572719742857,0.0,0.0,1.9103,0.9587827884800476,1.0,1466.497258875032,1000.0,1468.9483942579966,1000.0,0.18903327840496056,0.0
2917,1714568460000.0,0.0,0.0,0.9,1.8935572719742857,0.0,0.0,1.9451,0.9587827884800476,1.0,1472.1948125247736,1000.0,1472.2412009799968,1000.0,0.0011575924125518406,0.0
2918,1714572060000.0,0.0,0.0,0.0,1.8935572719742857,0.0,0.0,1.9372,0.9587827884800476,1.0,1472.239681095997,1000.0,1472.239681095997,1000.0,0.0,0.0
2919,1714575660000.0,0.0,0.0,0.0,1.8935572719742857,0.0,0.0,1.9321,0.9587827884800476,1.0,1472.239681095997,1000.0,1472.239681095997,1000.0,0.0,0.0
2920,1714579260000.0,0.0,0.0,27.4,1.9119,0.0,0.0,1.9099,0.9587827884800476,1.0,1472.229203883997,1000.0,1472.174403883997,1000.0,0.03558281540795173,0.0
2921,1714582860000.0,0.0,0.0,27.4,1.9119,0.0,0.0,1.9071,0.9587827884800476,1.0,1472.229203883997,1000.0,1472.097683883997,1000.0,0.03558281540795173,0.0
2922,1714586460000.0,0.0,0.0,7.8,1.9119,0.0,0.0,1.9555,0.9587827884800476,1.0,1472.9240087479968,1000.0,1473.2640887479968,1000.0,0.010124636377321378,0.0
2923,1714590060000.0,0.0,0.0,0.0,1.9119,0.0,0.0,2.0347,0.9587827884800476,1.0,1473.3850333639969,1000.0,1473.3850333639969,1000.0,0.0,0.0
2924,1714593660000.0,0.0,0.0,0.0,1.9119,0.0,0.0,1.9827,0.9587827884800476,1.0,1473.3850333639969,1000.0,1473.3850333639969,1000.0,0.0,0.0
2925,1714597260000.0,0.0,0.0,0.0,1.9119,0.0,0.0,1.9694,0.9587827884800476,1.0,1473.3850333639969,1000.0,1473.3850333639969,1000.0,0.0,0.0
2926,1714600860000.0,0.0,0.0,0.0,1.9119,0.0,0.0,2.0088,0.9587827884800476,1.0,1473.3850333639969,1000.0,1473.3850333639969,1000.0,0.0,0.0
2927,1714604460000.0,0.0,0.0,0.0,1.9119,0.0,0.0,2.0144,0.9587827884800476,1.0,1473.3850333639969,1000.0,1473.3850333639969,1000.0,0.0,0.0
2928,1714608060000.0,0.0,0.0,0.0,1.9119,0.0,0.0,2.0231,0.9587827884800476,1.0,1473.3850333639969,1000.0,1473.3850333639969,1000.0,0.0,0.0
2929,1714611660000.0,0.0,0.0,0.0,1.9119,0.0,0.0,2.0111,0.9587827884800476,1.0,1473.3850333639969,1000.0,1473.3850333639969,1000.0,0.0,0.0
2930,1714615260000.0,0.0,0.0,0.0,1.9119,0.0,0.0,1.9897,0.9587827884800476,1.0,1473.3850333639969,1000.0,1473.3850333639969,1000.0,0.0,0.0
2931,1714618860000.0,0.0,0.0,0.0,1.9119,0.0,0.0,1.9807,0.9587827884800476,1.0,1473.3850333639969,1000.0,1473.3850333639969,1000.0,0.0,0.0
2932,1714622460000.0,0.0,0.0,0.0,1.9119,0.0,0.0,1.9891,0.9587827884800476,1.0,1473.3850333639969,1000.0,1473.3850333639969,1000.0,0.0,0.0
2933,1714626060000.0,0.0,0.0,0.0,1.9119,0.0,0.0,1.9811,0.9587827884800476,1.0,1473.3850333639969,1000.0,1473.3850333639969,1000.0,0.0,0.0
2934,1714629660000.0,0.0,0.0,0.0,1.9119,0.0,0.0,1.9983,0.9587827884800476,1.0,1473.3850333639969,1000.0,1473.3850333639969,1000.0,0.0,0.0
2935,1714633260000.0,0.0,0.0,0.0,1.9119,0.0,0.0,2.0027,0.9587827884800476,1.0,1473.3850333639969,1000.0,1473.3850333639969,1000.0,0.0,0.0
2936,1714636860000.0,0.0,0.0,0.0,1.9119,0.0,0.0,2.013,0.9587827884800476,1.0,1473.3850333639969,1000.0,1473.3850333639969,1000.0,0.0,0.0
2937,1714640460000.0,0.0,0.0,0.0,1.9119,0.0,0.0,2.0115,0.9587827884800476,1.0,1473.3850333639969,1000.0,1473.3850333639969,1000.0,0.0,0.0
2938,1714644060000.0,0.0,0.0,0.0,1.9119,0.0,0.0,2.0299,0.9587827884800476,1.0,1473.3850333639969,1000.0,1473.3850333639969,1000.0,0.0,0.0
2939,1714647660000.0,0.0,0.0,0.0,1.9119,0.0,0.0,2.0512,0.9587827884800476,1.0,1473.3850333639969,1000.0,1473.3850333639969,1000.0,0.0,0.0
2940,1714651260000.0,0.0,0.0,0.0,1.9119,0.0,0.0,2.104,0.9587827884800476,1.0,1473.3850333639969,1000.0,1473.3850333639969,1000.0,0.0,0.0
2941,1714654860000.0,0.0,0.0,0.0,1.9119,0.0,0.0,2.0982,0.9587827884800476,1.0,1473.3850333639969,1000.0,1473.3850333639969,1000.0,0.0,0.0
2942,1714658460000.0,0.0,0.0,0.0,1.9119,0.0,0.0,2.0831,0.9587827884800476,1.0,1473.3850333639969,1000.0,1473.3850333639969,1000.0,0.0,0.0
2943,1714662060000.0,0.0,0.0,0.0,1.9119,0.0,0.0,2.137,0.9587827884800476,1.0,1473.3850333639969,1000.0,1473.3850333639969,1000.0,0.0,0.0
2944,1714665660000.0,0.0,0.0,0.0,1.9119,0.0,0.0,2.128,0.9587827884800476,1.0,1473.3850333639969,1000.0,1473.3850333639969,1000.0,0.0,0.0
2945,1714669260000.0,0.0,0.0,0.0,1.9119,0.0,0.0,2.1305,0.9587827884800476,1.0,1473.3850333639969,1000.0,1473.3850333639969,1000.0,0.0,0.0
2946,1714672860000.0,0.0,0.0,0.0,1.9119,0.0,0.0,2.1552,0.9587827884800476,1.0,1473.3850333639969,1000.0,1473.3850333639969,1000.0,0.0,0.0
2947,1714676460000.0,0.0,0.0,0.0,1.9119,0.0,0.0,2.1664,0.9587827884800476,1.0,1473.3850333639969,1000.0,1473.3850333639969,1000.0,0.0,0.0
2948,1714680060000.0,0.0,0.0,0.0,1.9119,0.0,0.0,2.1605,0.9587827884800476,1.0,1473.3850333639969,1000.0,1473.3850333639969,1000.0,0.0,0.0
2949,1714683660000.0,0.0,0.0,0.0,1.9119,0.0,0.0,2.1747,0.9587827884800476,1.0,1473.3850333639969,1000.0,1473.3850333639969,1000.0,0.0,0.0
2950,1714687260000.0,0.0,0.0,0.0,1.9119,0.0,0.0,2.2191,0.9587827884800476,1.0,1473.3850333639969,1000.0,1473.3850333639969,1000.0,0.0,0.0
2951,1714690860000.0,0.0,0.0,0.0,1.9119,0.0,0.0,2.2557,0.9587827884800476,1.0,1473.3850333639969,1000.0,1473.3850333639969,1000.0,0.0,0.0
2952,1714694460000.0,0.0,0.0,0.0,1.9119,0.0,0.0,2.2121,0.9587827884800476,1.0,1473.3850333639969,1000.0,1473.3850333639969,1000.0,0.0,0.0
2953,1714698060000.0,0.0,0.0,0.0,1.9119,0.0,0.0,2.2324,0.9587827884800476,1.0,1473.3850333639969,1000.0,1473.3850333639969,1000.0,0.0,0.0
2954,1714701660000.0,0.0,0.0,0.0,1.9119,0.0,0.0,2.2459,0.9587827884800476,1.0,1473.3850333639969,1000.0,1473.3850333639969,1000.0,0.0,0.0
2955,1714705260000.0,0.0,0.0,0.0,1.9119,0.0,0.0,2.2507,0.9587827884800476,1.0,1473.3850333639969,1000.0,1473.3850333639969,1000.0,0.0,0.0
2956,1714708860000.0,0.0,0.0,0.0,1.9119,0.0,0.0,2.2355,0.9587827884800476,1.0,1473.3850333639969,1000.0,1473.3850333639969,1000.0,0.0,0.0
2957,1714712460000.0,0.0,0.0,0.0,1.9119,0.0,0.0,2.2205,0.9587827884800476,1.0,1473.3850333639969,1000.0,1473.3850333639969,1000.0,0.0,0.0
2958,1714716060000.0,0.0,0.0,0.0,1.9119,0.0,0.0,2.2225,0.9587827884800476,1.0,1473.3850333639969,1000.0,1473.3850333639969,1000.0,0.0,0.0
2959,1714719660000.0,0.0,0.0,0.0,1.9119,0.0,0.0,2.221,0.9587827884800476,1.0,1473.3850333639969,1000.0,1473.3850333639969,1000.0,0.0,0.0
2960,1714723260000.0,0.0,0.0,0.0,1.9119,0.0,0.0,2.2201,0.9587827884800476,1.0,1473.3850333639969,1000.0,1473.3850333639969,1000.0,0.0,0.0
2961,1714726860000.0,0.0,0.0,0.0,1.9119,0.0,0.0,2.2013,0.9587827884800476,1.0,1473.3850333639969,1000.0,1473.3850333639969,1000.0,0.0,0.0
2962,1714730460000.0,0.0,0.0,0.0,1.9119,0.0,0.0,2.2226,0.9587827884800476,1.0,1473.3850333639969,1000.0,1473.3850333639969,1000.0,0.0,0.0
2963,1714734060000.0,0.0,0.0,0.0,1.9119,0.0,0.0,2.2001,0.9587827884800476,1.0,1473.3850333639969,1000.0,1473.3850333639969,1000.0,0.0,0.0
2964,1714737660000.0,0.0,0.0,7.9,2.1923,0.0,0.0,2.2199,0.9587827884800476,1.0,1473.8381669559972,1000.0,1474.0562069559971,1000.0,0.01175106628957118,0.0
2965,1714741260000.0,0.0,0.0,0.0,2.1923,0.0,0.0,2.2685,0.9587827884800476,1.0,1474.1512198059977,1000.0,1474.1512198059977,1000.0,0.0,0.0
2966,1714744860000.0,0.0,0.0,0.0,2.1923,0.0,0.0,2.254,0.9587827884800476,1.0,1474.1512198059977,1000.0,1474.1512198059977,1000.0,0.0,0.0
2967,1714748460000.0,0.0,0.0,0.0,2.1923,0.0,0.0,2.2157,0.9587827884800476,1.0,1474.1512198059977,1000.0,1474.1512198059977,1000.0,0.0,0.0
2968,1714752060000.0,0.0,0.0,8.1,2.2072,0.0,0.0,2.2393,0.9587827884800476,1.0,1474.5732950059978,1000.0,1474.8333050059978,1000.0,0.012124402402070682,0.0
2969,1714755660000.0,0.0,0.0,0.5,2.2072,0.0,0.0,2.2486,0.9587827884800476,1.0,1474.9391462059987,1000.0,1474.9598462059987,1000.0,0.000748234259588812,0.0
2970,1714759260000.0,0.0,0.0,0.0,2.2072,0.0,0.0,2.2738,0.9587827884800476,1.0,1474.9630706559992,1000.0,1474.9630706559992,1000.0,0.0,0.0
2971,1714762860000.0,0.0,0.0,0.0,2.2072,0.0,0.0,2.266,0.9587827884800476,1.0,1474.9630706559992,1000.0,1474.9630706559992,1000.0,0.0,0.0
2972,1714766460000.0,0.0,0.0,0.0,2.2072,0.0,0.0,2.2652,0.9587827884800476,1.0,1474.9630706559992,1000.0,1474.9630706559992,1000.0,0.0,0.0
2973,1714770060000.0,0.0,0.0,0.0,2.2072,0.0,0.0,2.2866,0.9587827884800476,1.0,1474.9630706559992,1000.0,1474.9630706559992,1000.0,0.0,0.0
2974,1714773660000.0,0.0,0.0,0.0,2.2072,0.0,0.0,2.254,0.9587827884800476,1.0,1474.9630706559992,1000.0,1474.9630706559992,1000.0,0.0,0.0
2975,1714777260000.0,0.0,0.0,0.0,2.2072,0.0,0.0,2.2607,0.9587827884800476,1.0,1474.9630706559992,1000.0,1474.9630706559992,1000.0,0.0,0.0
2976,1714780860000.0,0.0,0.0,0.0,2.2072,0.0,0.0,2.2521,0.9587827884800476,1.0,1474.9630706559992,1000.0,1474.9630706559992,1000.0,0.0,0.0
2977,1714784460000.0,0.0,0.0,0.0,2.2072,0.0,0.0,2.2517,0.9587827884800476,1.0,1474.9630706559992,1000.0,1474.9630706559992,1000.0,0.0,0.0
2978,1714788060000.0,0.0,0.0,23.5,2.2375,0.0,0.0,2.2318,0.9587827884800476,1.0,1474.9525544059993,1000.0,1474.8186044059994,1000.0,0.035649451802994295,0.0
2979,1714791660000.0,0.0,0.0,23.5,2.2375,0.0,0.0,2.236,0.9587827884800476,1.0,1474.9525544059993,1000.0,1474.9173044059994,1000.0,0.035649451802994295,0.0
2980,1714795260000.0,0.0,0.0,23.5,2.2375,0.0,0.0,2.2434,0.9587827884800476,1.0,1474.9525544059993,1000.0,1475.0912044059994,1000.0,0.035649451802994295,0.0
2981,1714798860000.0,0.0,0.0,23.5,2.2375,0.0,0.0,2.2345,0.9587827884800476,1.0,1474.9525544059993,1000.0,1474.8820544059993,1000.0,0.035649451802994295,0.0
2982,1714802460000.0,0.0,0.0,23.5,2.2375,0.0,0.0,2.2388,0.9587827884800476,1.0,1474.9525544059993,1000.0,1474.9831044059993,1000.0,0.035649451802994295,0.0
2983,1714806060000.0,0.0,0.0,23.5,2.2375,0.0,0.0,2.2248,0.9587827884800476,1.0,1474.9525544059993,1000.0,1474.6541044059993,1000.0,0.035649451802994295,0.0
2984,1714809660000.0,0.0,0.0,23.5,2.2375,0.0,0.0,2.2237,0.9587827884800476,1.0,1474.9525544059993,1000.0,1474.6282544059993,1000.0,0.035649451802994295,0.0
2985,1714813260000.0,0.0,0.0,23.5,2.2375,0.0,0.0,2.2351,0.9587827884800476,1.0,1474.9525544059993,1000.0,1474.8961544059994,1000.0,0.035649451802994295,0.0
2986,1714816860000.0,0.0,0.0,23.5,2.2375,0.0,0.0,2.2111,0.9587827884800476,1.0,1474.9525544059993,1000.0,1474.3321544059993,1000.0,0.035649451802994295,0.0
2987,1714820460000.0,0.0,0.0,23.5,2.2375,0.0,0.0,2.2553,0.9587827884800476,1.0,1474.9525544059993,1000.0,1475.3708544059994,1000.0,0.035649451802994295,0.0
2988,1714824060000.0,0.0,0.0,47.3,2.2211972515856235,0.0,0.0,2.2114,0.9587827884800476,1.0,1474.9420581299994,1000.0,1474.4786481299993,1000.0,0.07123169986297856,0.0
2989,1714827660000.0,0.0,0.0,47.3,2.2211972515856235,0.0,0.0,2.2156,0.9587827884800476,1.0,1474.9420581299994,1000.0,1474.6773081299993,1000.0,0.07123169986297856,0.0
2990,1714831260000.0,0.0,0.0,47.3,2.2211972515856235,0.0,0.0,2.1962,0.9587827884800476,1.0,1474.9420581299994,1000.0,1473.7596881299994,1000.0,0.07123169986297856,0.0
2991,1714834860000.0,0.0,0.0,47.3,2.2211972515856235,0.0,0.0,2.2242,0.9587827884800476,1.0,1474.9420581299994,1000.0,1475.0840881299994,1000.0,0.07123169986297856,0.0
2992,1714838460000.0,0.0,0.0,47.3,2.2211972515856235,0.0,0.0,2.227,0.9587827884800476,1.0,1474.9420581299994,1000.0,1475.2165281299995,1000.0,0.07123169986297856,0.0
2993,1714842060000.0,0.0,0.0,47.3,2.2211972515856235,0.0,0.0,2.2257,0.9587827884800476,1.0,1474.9420581299994,1000.0,1475.1550381299994,1000.0,0.07123169986297856,0.0
2994,1714845660000.0,0.0,0.0,47.3,2.2211972515856235,0.0,0.0,2.2182,0.9587827884800476,1.0,1474.9420581299994,1000.0,1474.8002881299994,1000.0,0.07123169986297856,0.0
2995,1714849260000.0,0.0,0.0,47.3,2.2211972515856235,0.0,0.0,2.2281,0.9587827884800476,1.0,1474.9420581299994,1000.0,1475.2685581299993,1000.0,0.07123169986297856,0.0
2996,1714852860000.0,0.0,0.0,47.3,2.2211972515856235,0.0,0.0,2.2479,0.9587827884800476,1.0,1474.9420581299994,1000.0,1476.2050981299994,1000.0,0.07123169986297856,0.0
2997,1714856460000.0,0.0,0.0,33.0,2.2211972515856235,0.0,0.0,2.2351,0.9587827884800476,1.0,1475.338924148325,1000.0,1475.7977148459995,1000.0,0.04968316642539577,0.0
2998,1714860060000.0,0.0,0.0,33.0,2.2211972515856235,0.0,0.0,2.2293,0.9587827884800476,1.0,1475.338924148325,1000.0,1475.6063148459996,1000.0,0.04968316642539577,0.0
2999,1714863660000.0,0.0,0.0,33.0,2.2211972515856235,0.0,0.0,2.2236,0.9587827884800476,1.0,1475.338924148325,1000.0,1475.4182148459995,1000.0,0.04968316642539577,0.0
3000,1714867260000.0,0.0,0.0,33.0,2.2211972515856235,0.0,0.0,2.2269,0.9587827884800476,1.0,1475.338924148325,1000.0,1475.5271148459994,1000.0,0.04968316642539577,0.0
3001,1714870860000.0,0.0,0.0,33.0,2.2211972515856235,0.0,0.0,2.2221,0.9587827884800476,1.0,1475.338924148325,1000.0,1475.3687148459994,1000.0,0.04968316642539577,0.0
3002,1714874460000.0,0.0,0.0,57.1,2.206426082352462,0.0,0.0,2.1976,0.9587827884800476,1.0,1475.328386664325,1000.0,1474.8244173619994,1000.0,0.08539585521510801,0.0
3003,1714878060000.0,0.0,0.0,57.1,2.206426082352462,0.0,0.0,2.1938,0.9587827884800476,1.0,1475.328386664325,1000.0,1474.6074373619995,1000.0,0.08539585521510801,0.0
3004,1714881660000.0,0.0,0.0,57.1,2.206426082352462,0.0,0.0,2.2131,0.9587827884800476,1.0,1475.328386664325,1000.0,1475.7094673619995,1000.0,0.08539585521510801,0.0
3005,1714885260000.0,0.0,0.0,57.1,2.206426082352462,0.0,0.0,2.1906,0.9587827884800476,1.0,1475.328386664325,1000.0,1474.4247173619995,1000.0,0.08539585521510801,0.0
3006,1714888860000.0,0.0,0.0,57.1,2.206426082352462,0.0,0.0,2.1754,0.9587827884800476,1.0,1475.328386664325,1000.0,1473.5567973619995,1000.0,0.08539585521510801,0.0
3007,1714892460000.0,0.0,0.0,57.1,2.206426082352462,0.0,0.0,2.1975,0.9587827884800476,1.0,1475.328386664325,1000.0,1474.8187073619995,1000.0,0.08539585521510801,0.0
3008,1714896060000.0,0.0,0.0,33.1,2.206426082352462,0.0,0.0,2.2121,0.9587827884800476,1.0,1475.989035567866,1000.0,1476.1768422419996,1000.0,0.049480518869686727,0.0
3009,1714899660000.0,0.0,0.0,33.1,2.206426082352462,0.0,0.0,2.2097,0.9587827884800476,1.0,1475.989035567866,1000.0,1476.0974022419996,1000.0,0.049480518869686727,0.0
3010,1714903260000.0,0.0,0.0,33.1,2.206426082352462,0.0,0.0,2.2066,0.9587827884800476,1.0,1475.989035567866,1000.0,1475.9947922419994,1000.0,0.049480518869686727,0.0
3011,1714906860000.0,0.0,0.0,33.1,2.206426082352462,0.0,0.0,2.2077,0.9587827884800476,1.0,1475.989035567866,1000.0,1476.0312022419996,1000.0,0.049480518869686727,0.0
3012,1714910460000.0,0.0,0.0,33.1,2.206426082352462,0.0,0.0,2.2184,0.9587827884800476,1.0,1475.989035567866,1000.0,1476.3853722419994,1000.0,0.049480518869686727,0.0
3013,1714914060000.0,0.0,0.0,33.1,2.206426082352462,0.0,0.0,2.1962,0.9587827884800476,1.0,1475.989035567866,1000.0,1475.6505522419995,1000.0,0.049480518869686727,0.0
3014,1714917660000.0,0.0,0.0,33.1,2.206426082352462,0.0,0.0,2.2067,0.9587827884800476,1.0,1475.989035567866,1000.0,1475.9981022419995,1000.0,0.049480518869686727,0.0
3015,1714921260000.0,0.0,0.0,33.1,2.206426082352462,0.0,0.0,2.2182,0.9587827884800476,1.0,1475.989035567866,1000.0,1476.3787522419996,1000.0,0.049480518869686727,0.0
3016,1714924860000.0,0.0,0.0,15.4,2.206426082352462,0.0,0.0,2.2412,0.9587827884800476,1.0,1476.5150163822275,1000.0,1477.0505347139995,1000.0,0.023012946899438603,0.0
3017,1714928460000.0,0.0,0.0,0.0,2.206426082352462,0.0,0.0,2.2711,0.9587827884800476,1.0,1477.2832038939996,1000.0,1477.2832038939996,1000.0,0.0,0.0
3018,1714932060000.0,0.0,0.0,0.0,2.206426082352462,0.0,0.0,2.2703,0.9587827884800476,1.0,1477.2832038939996,1000.0,1477.2832038939996,1000.0,0.0,0.0
3019,1714935660000.0,0.0,0.0,0.0,2.206426082352462,0.0,0.0,2.2465,0.9587827884800476,1.0,1477.2832038939996,1000.0,1477.2832038939996,1000.0,0.0,0.0
3020,1714939260000.0,0.0,0.0,0.0,2.206426082352462,0.0,0.0,2.2373,0.9587827884800476,1.0,1477.2832038939996,1000.0,1477.2832038939996,1000.0,0.0,0.0
3021,1714942860000.0,0.0,0.0,0.0,2.206426082352462,0.0,0.0,2.2437,0.9587827884800476,1.0,1477.2832038939996,1000.0,1477.2832038939996,1000.0,0.0,0.0
3022,1714946460000.0,0.0,0.0,0.0,2.206426082352462,0.0,0.0,2.2374,0.9587827884800476,1.0,1477.2832038939996,1000.0,1477.2832038939996,1000.0,0.0,0.0
3023,1714950060000.0,0.0,0.0,0.0,2.206426082352462,0.0,0.0,2.236,0.9587827884800476,1.0,1477.2832038939996,1000.0,1477.2832038939996,1000.0,0.0,0.0
3024,1714953660000.0,0.0,0.0,0.0,2.206426082352462,0.0,0.0,2.244,0.9587827884800476,1.0,1477.2832038939996,1000.0,1477.2832038939996,1000.0,0.0,0.0
3025,1714957260000.0,0.0,0.0,0.0,2.206426082352462,0.0,0.0,2.257,0.9587827884800476,1.0,1477.2832038939996,1000.0,1477.2832038939996,1000.0,0.0,0.0
3026,1714960860000.0,0.0,0.0,0.0,2.206426082352462,0.0,0.0,2.2348,0.9587827884800476,1.0,1477.2832038939996,1000.0,1477.2832038939996,1000.0,0.0,0.0
3027,1714964460000.0,0.0,0.0,23.6,2.2266,0.0,0.0,2.2178,0.9587827884800476,1.0,1477.2726943419996,1000.0,1477.0650143419996,1000.0,0.03557079217754417,0.0
3028,1714968060000.0,0.0,0.0,23.6,2.2266,0.0,0.0,2.2064,0.9587827884800476,1.0,1477.2726943419996,1000.0,1476.7959743419997,1000.0,0.03557079217754417,0.0
3029,1714971660000.0,0.0,0.0,23.6,2.2266,0.0,0.0,2.2145,0.9587827884800476,1.0,1477.2726943419996,1000.0,1476.9871343419995,1000.0,0.03557079217754417,0.0
3030,1714975260000.0,0.0,0.0,12.7,2.2266,0.0,0.0,2.2613,0.9587827884800476,1.0,1477.6476343799995,1000.0,1478.0883243799994,1000.0,0.019137052259326343,0.0
3031,1714978860000.0,0.0,0.0,0.9,2.2266,0.0,0.0,2.2755,0.9587827884800476,1.0,1478.1563167959998,1000.0,1478.200326796,1000.0,0.0013557023551769346,0.0
3032,1714982460000.0,0.0,0.0,0.0,2.2266,0.0,0.0,2.2681,0.9587827884800476,1.0,1478.2059460000003,1000.0,1478.2059460000003,1000.0,0.0,0.0
3033,1714986060000.0,0.0,0.0,0.0,2.2266,0.0,0.0,2.3077,0.9587827884800476,1.0,1478.2059460000003,1000.0,1478.2059460000003,1000.0,0.0,0.0
3034,1714989660000.0,0.0,0.0,0.0,2.2266,0.0,0.0,2.2817,0.9587827884800476,1.0,1478.2059460000003,1000.0,1478.2059460000003,1000.0,0.0,0.0
3035,1714993260000.0,0.0,0.0,23.5,2.2415,0.0,0.0,2.2296,0.9587827884800476,1.0,1478.1954109500002,1000.0,1477.9157609500003,1000.0,0.035634835292951486,0.0
3036,1714996860000.0,0.0,0.0,23.5,2.2415,0.0,0.0,2.2416,0.9587827884800476,1.0,1478.1954109500002,1000.0,1478.1977609500002,1000.0,0.035634835292951486,0.0
3037,1715000460000.0,0.0,0.0,71.4,2.2118659663865543,0.0,0.0,2.1925,0.9587827884800476,1.0,1478.1743605540003,1000.0,1476.7916305540002,1000.0,0.10683937850255429,0.0
3038,1715004060000.0,0.0,0.0,71.4,2.2118659663865543,0.0,0.0,2.2134,0.9587827884800476,1.0,1478.1743605540003,1000.0,1478.2838905540002,1000.0,0.10683937850255429,0.0
3039,1715007660000.0,0.0,0.0,107.5,2.1963627906976746,0.0,0.0,2.1655,0.9587827884800476,1.0,1478.1587242000003,1000.0,1474.8409742000003,1000.0,0.15973183132128482,0.0
3040,1715011260000.0,0.0,0.0,107.5,2.1963627906976746,0.0,0.0,2.2048,0.9587827884800476,1.0,1478.1587242000003,1000.0,1479.0657242000002,1000.0,0.15973183132128482,0.0
3041,1715014860000.0,0.0,0.0,107.5,2.1963627906976746,0.0,0.0,2.1905,0.9587827884800476,1.0,1478.1587242000003,1000.0,1477.5284742000003,1000.0,0.15973183132128482,0.0
3042,1715018460000.0,0.0,0.0,107.5,2.1963627906976746,0.0,0.0,2.1984,0.9587827884800476,1.0,1478.1587242000003,1000.0,1478.3777242000003,1000.0,0.15973183132128482,0.0
3043,1715022060000.0,0.0,0.0,107.5,2.1963627906976746,0.0,0.0,2.2,0.9587827884800476,1.0,1478.1587242000003,1000.0,1478.5497242000004,1000.0,0.15973183132128482,0.0
3044,1715025660000.0,0.0,0.0,107.5,2.1963627906976746,0.0,0.0,2.1917,0.9587827884800476,1.0,1478.1587242000003,1000.0,1477.6574742000003,1000.0,0.15973183132128482,0.0
3045,1715029260000.0,0.0,0.0,107.5,2.1963627906976746,0.0,0.0,2.1984,0.9587827884800476,1.0,1478.1587242000003,1000.0,1478.3777242000003,1000.0,0.15973183132128482,0.0
3046,1715032860000.0,0.0,0.0,107.5,2.1963627906976746,0.0,0.0,2.1842,0.9587827884800476,1.0,1478.1587242000003,1000.0,1476.8512242000004,1000.0,0.15973183132128482,0.0
3047,1715036460000.0,0.0,0.0,107.5,2.1963627906976746,0.0,0.0,2.1768,0.9587827884800476,1.0,1478.1587242000003,1000.0,1476.0557242000002,1000.0,0.15973183132128482,0.0
3048,1715040060000.0,0.0,0.0,107.5,2.1963627906976746,0.0,0.0,2.1693,0.9587827884800476,1.0,1478.1587242000003,1000.0,1475.2494742000003,1000.0,0.15973183132128482,0.0
3049,1715043660000.0,0.0,0.0,107.5,2.1963627906976746,0.0,0.0,2.1626,0.9587827884800476,1.0,1478.1587242000003,1000.0,1474.5292242000003,1000.0,0.15973183132128482,0.0
3050,1715047260000.0,0.0,0.0,107.5,2.1963627906976746,0.0,0.0,2.1818,0.9587827884800476,1.0,1478.1587242000003,1000.0,1476.5932242000003,1000.0,0.15973183132128482,0.0
3051,1715050860000.0,0.0,0.0,107.5,2.1963627906976746,0.0,0.0,2.1723,0.9587827884800476,1.0,1478.1587242000003,1000.0,1475.5719742000003,1000.0,0.15973183132128482,0.0
3052,1715054460000.0,0.0,0.0,161.8,2.177481025957973,0.0,0.0,2.1504,0.9587827884800476,1.0,1478.1354827140003,1000.0,1473.7537727140002,1000.0,0.2383519197801225,0.0
3053,1715058060000.0,0.0,0.0,161.8,2.177481025957973,0.0,0.0,2.1456,0.9587827884800476,1.0,1478.1354827140003,1000.0,1472.9771327140004,1000.0,0.2383519197801225,0.0
3054,1715061660000.0,0.0,0.0,161.8,2.177481025957973,0.0,0.0,2.1356,0.9587827884800476,1.0,1478.1354827140003,1000.0,1471.3591327140002,1000.0,0.2383519197801225,0.0
3055,1715065260000.0,0.0,0.0,161.8,2.177481025957973,0.0,0.0,2.1316,0.9587827884800476,1.0,1478.1354827140003,1000.0,1470.7119327140003,1000.0,0.2383519197801225,0.0
3056,1715068860000.0,0.0,0.0,161.8,2.177481025957973,0.0,0.0,2.1304,0.9587827884800476,1.0,1478.1354827140003,1000.0,1470.5177727140003,1000.0,0.2383519197801225,0.0
3057,1715072460000.0,0.0,0.0,112.5,2.177481025957973,0.0,0.0,2.2129,0.9587827884800476,1.0,1479.475355848272,1000.0,1483.459990428,1000.0,0.16557667855157876,0.0
3058,1715076060000.0,0.0,0.0,14.8,2.177481025957973,0.0,0.0,2.19,0.9587827884800476,1.0,1483.7274625301784,1000.0,1483.9127433460003,1000.0,0.021720106959011366,0.0
3059,1715079660000.0,0.0,0.0,14.8,2.177481025957973,0.0,0.0,2.197,0.9587827884800476,1.0,1483.7274625301784,1000.0,1484.0163433460004,1000.0,0.021720106959011366,0.0
3060,1715083260000.0,0.0,0.0,10.4,2.177481025957973,0.0,0.0,2.1754,0.9587827884800476,1.0,1483.8470455279632,1000.0,1483.8254028580004,1000.0,0.015261547838244596,0.0
3061,1715086860000.0,0.0,0.0,7.3,2.177481025957973,0.0,0.0,2.2113,0.9587827884800476,1.0,1483.9312971854936,1000.0,1484.1781756960004,1000.0,0.010711824408341343,0.0
3062,1715090460000.0,0.0,0.0,0.3,2.177481025957973,0.0,0.0,2.2126,0.9587827884800476,1.0,1484.2569257817881,1000.0,1484.2674614740008,1000.0,0.0004401153846348501,0.0
3063,1715094060000.0,0.0,0.0,0.0,2.177481025957973,0.0,0.0,2.2811,0.9587827884800476,1.0,1484.2700981640007,1000.0,1484.2700981640007,1000.0,0.0,0.0
3064,1715097660000.0,0.0,0.0,0.0,2.177481025957973,0.0,0.0,2.2307,0.9587827884800476,1.0,1484.2700981640007,1000.0,1484.2700981640007,1000.0,0.0,0.0
3065,1715101260000.0,0.0,0.0,0.0,2.177481025957973,0.0,0.0,2.2217,0.9587827884800476,1.0,1484.2700981640007,1000.0,1484.2700981640007,1000.0,0.0,0.0
3066,1715104860000.0,0.0,0.0,0.0,2.177481025957973,0.0,0.0,2.2225,0.9587827884800476,1.0,1484.2700981640007,1000.0,1484.2700981640007,1000.0,0.0,0.0
3067,1715108460000.0,0.0,0.0,24.1,2.1907,0.0,0.0,2.2098,0.9587827884800476,1.0,1484.2595389900007,1000.0,1484.7198489900006,1000.0,0.03557051082583993,0.0
3068,1715112060000.0,0.0,0.0,24.1,2.1907,0.0,0.0,2.1892,0.9587827884800476,1.0,1484.2595389900007,1000.0,1484.2233889900008,1000.0,0.03557051082583993,0.0
3069,1715115660000.0,0.0,0.0,24.1,2.1907,0.0,0.0,2.196,0.9587827884800476,1.0,1484.2595389900007,1000.0,1484.3872689900006,1000.0,0.03557051082583993,0.0
3070,1715119260000.0,0.0,0.0,24.1,2.1907,0.0,0.0,2.1889,0.9587827884800476,1.0,1484.2595389900007,1000.0,1484.2161589900006,1000.0,0.03557051082583993,0.0
3071,1715122860000.0,0.0,0.0,24.1,2.1907,0.0,0.0,2.1755,0.9587827884800476,1.0,1484.2595389900007,1000.0,1483.8932189900006,1000.0,0.03557051082583993,0.0
3072,1715126460000.0,0.0,0.0,48.6,2.1746691358024695,0.0,0.0,2.1612,0.9587827884800476,1.0,1484.2489603800007,1000.0,1483.5943603800006,1000.0,0.0712070028824149,0.0
3073,1715130060000.0,0.0,0.0,73.4,2.161671389645777,0.0,0.0,2.1634,0.9587827884800476,1.0,1484.2383648280006,1000.0,1484.3652448280006,1000.0,0.10690107718539331,0.0
3074,1715133660000.0,0.0,0.0,73.4,2.161671389645777,0.0,0.0,2.1493,0.9587827884800476,1.0,1484.2383648280006,1000.0,1483.3303048280006,1000.0,0.10690107718539331,0.0
3075,1715137260000.0,0.0,0.0,73.4,2.161671389645777,0.0,0.0,2.1436,0.9587827884800476,1.0,1484.2383648280006,1000.0,1482.9119248280006,1000.0,0.10690107718539331,0.0
3076,1715140860000.0,0.0,0.0,73.4,2.161671389645777,0.0,0.0,2.1481,0.9587827884800476,1.0,1484.2383648280006,1000.0,1483.2422248280006,1000.0,0.10690107718539331,0.0
3077,1715144460000.0,0.0,0.0,73.4,2.161671389645777,0.0,0.0,2.1227,0.9587827884800476,1.0,1484.2383648280006,1000.0,1481.3778648280006,1000.0,0.10690107718539331,0.0
3078,1715148060000.0,0.0,0.0,110.5,2.146505248868779,0.0,0.0,2.1114,0.9587827884800476,1.0,1484.2226603980007,1000.0,1480.3435303980007,1000.0,0.1598067704588184,0.0
3079,1715151660000.0,0.0,0.0,166.3,2.128048887552616,0.0,0.0,2.1013,0.9587827884800476,1.0,1484.1993192580007,1000.0,1479.7509792580008,1000.0,0.23844137738651128,0.0
3080,1715155260000.0,0.0,0.0,166.3,2.128048887552616,0.0,0.0,2.0799,0.9587827884800476,1.0,1484.1993192580007,1000.0,1476.1921592580006,1000.0,0.23844137738651128,0.0
3081,1715158860000.0,0.0,0.0,166.3,2.128048887552616,0.0,0.0,2.0922,0.9587827884800476,1.0,1484.1993192580007,1000.0,1478.2376492580006,1000.0,0.23844137738651128,0.0
3082,1715162460000.0,0.0,0.0,166.3,2.128048887552616,0.0,0.0,2.0894,0.9587827884800476,1.0,1484.1993192580007,1000.0,1477.7720092580007,1000.0,0.23844137738651128,0.0
3083,1715166060000.0,0.0,0.0,166.3,2.128048887552616,0.0,0.0,2.079,0.9587827884800476,1.0,1484.1993192580007,1000.0,1476.0424892580008,1000.0,0.23844137738651128,0.0
3084,1715169660000.0,0.0,0.0,250.3,2.104708469836197,0.0,0.0,2.0747,0.9587827884800476,1.0,1484.1647364580008,1000.0,1476.6536164580007,1000.0,0.3549528681413378,0.0
3085,1715173260000.0,0.0,0.0,250.3,2.104708469836197,0.0,0.0,2.0743,0.9587827884800476,1.0,1484.1647364580008,1000.0,1476.5534964580006,1000.0,0.3549528681413378,0.0
3086,1715176860000.0,0.0,0.0,250.3,2.104708469836197,0.0,0.0,2.0954,0.9587827884800476,1.0,1484.1647364580008,1000.0,1481.8348264580006,1000.0,0.3549528681413378,0.0
3087,1715180460000.0,0.0,0.0,145.0,2.104708469836197,0.0,0.0,2.1251,0.9587827884800476,1.0,1486.9304673002493,1000.0,1489.8872391740008,1000.0,0.2052434426744612,0.0
3088,1715184060000.0,0.0,0.0,145.0,2.104708469836197,0.0,0.0,2.0782,0.9587827884800476,1.0,1486.9304673002493,1000.0,1483.0867391740007,1000.0,0.2052434426744612,0.0
3089,1715187660000.0,0.0,0.0,145.0,2.104708469836197,0.0,0.0,2.0898,0.9587827884800476,1.0,1486.9304673002493,1000.0,1484.7687391740008,1000.0,0.2052434426744612,0.0
3090,1715191260000.0,0.0,0.0,145.0,2.104708469836197,0.0,0.0,2.0908,0.9587827884800476,1.0,1486.9304673002493,1000.0,1484.9137391740007,1000.0,0.2052434426744612,0.0
3091,1715194860000.0,0.0,0.0,145.0,2.104708469836197,0.0,0.0,2.0959,0.9587827884800476,1.0,1486.9304673002493,1000.0,1485.6532391740006,1000.0,0.2052434426744612,0.0
3092,1715198460000.0,0.0,0.0,145.0,2.104708469836197,0.0,0.0,2.0911,0.9587827884800476,1.0,1486.9304673002493,1000.0,1484.9572391740007,1000.0,0.2052434426744612,0.0
3093,1715202060000.0,0.0,0.0,218.2,2.083738625693165,0.0,0.0,2.0442,0.9587827884800476,1.0,1486.9005694922494,1000.0,1478.2732413660008,1000.0,0.30578491760313947,0.0
3094,1715205660000.0,0.0,0.0,218.2,2.083738625693165,0.0,0.0,2.0527,0.9587827884800476,1.0,1486.9005694922494,1000.0,1480.1279413660009,1000.0,0.30578491760313947,0.0
3095,1715209260000.0,0.0,0.0,218.2,2.083738625693165,0.0,0.0,2.0474,0.9587827884800476,1.0,1486.9005694922494,1000.0,1478.9714813660007,1000.0,0.30578491760313947,0.0
3096,1715212860000.0,0.0,0.0,218.2,2.083738625693165,0.0,0.0,2.0392,0.9587827884800476,1.0,1486.9005694922494,1000.0,1477.1822413660007,1000.0,0.30578491760313947,0.0
3097,1715216460000.0,0.0,0.0,218.2,2.083738625693165,0.0,0.0,2.0459,0.9587827884800476,1.0,1486.9005694922494,1000.0,1478.6441813660008,1000.0,0.30578491760313947,0.0
3098,1715220060000.0,0.0,0.0,218.2,2.083738625693165,0.0,0.0,2.0505,0.9587827884800476,1.0,1486.9005694922494,1000.0,1479.6479013660007,1000.0,0.30578491760313947,0.0
3099,1715223660000.0,0.0,0.0,218.2,2.083738625693165,0.0,0.0,2.0543,0.9587827884800476,1.0,1486.9005694922494,1000.0,1480.4770613660007,1000.0,0.30578491760313947,0.0
3100,1715227260000.0,0.0,0.0,218.2,2.083738625693165,0.0,0.0,2.077,0.9587827884800476,1.0,1486.9005694922494,1000.0,1485.4302013660008,1000.0,0.30578491760313947,0.0
3101,1715230860000.0,0.0,0.0,218.2,2.083738625693165,0.0,0.0,2.0671,0.9587827884800476,1.0,1486.9005694922494,1000.0,1483.2700213660007,1000.0,0.30578491760313947,0.0
3102,1715234460000.0,0.0,0.0,218.2,2.083738625693165,0.0,0.0,2.0715,0.9587827884800476,1.0,1486.9005694922494,1000.0,1484.2301013660008,1000.0,0.30578491760313947,0.0
3103,1715238060000.0,0.0,0.0,218.2,2.083738625693165,0.0,0.0,2.0669,0.9587827884800476,1.0,1486.9005694922494,1000.0,1483.2263813660006,1000.0,0.30578491760313947,0.0
3104,1715241660000.0,0.0,0.0,218.2,2.083738625693165,0.0,0.0,2.0469,0.9587827884800476,1.0,1486.9005694922494,1000.0,1478.8623813660008,1000.0,0.30578491760313947,0.0
3105,1715245260000.0,0.0,0.0,218.2,2.083738625693165,0.0,0.0,2.0527,0.9587827884800476,1.0,1486.9005694922494,1000.0,1480.1279413660009,1000.0,0.30578491760313947,0.0
3106,1715248860000.0,0.0,0.0,218.2,2.083738625693165,0.0,0.0,2.0369,0.9587827884800476,1.0,1486.9005694922494,1000.0,1476.6803813660008,1000.0,0.30578491760313947,0.0
3107,1715252460000.0,0.0,0.0,218.2,2.083738625693165,0.0,0.0,2.0125,0.9587827884800476,1.0,1486.9005694922494,1000.0,1471.3563013660007,1000.0,0.30578491760313947,0.0
3108,1715256060000.0,0.0,0.0,218.2,2.083738625693165,0.0,0.0,2.0427,0.9587827884800476,1.0,1486.9005694922494,1000.0,1477.9459413660006,1000.0,0.30578491760313947,0.0
3109,1715259660000.0,0.0,0.0,218.2,2.083738625693165,0.0,0.0,2.0485,0.9587827884800476,1.0,1486.9005694922494,1000.0,1479.2115013660007,1000.0,0.30578491760313947,0.0
3110,1715263260000.0,0.0,0.0,218.2,2.083738625693165,0.0,0.0,2.043,0.9587827884800476,1.0,1486.9005694922494,1000.0,1478.0114013660007,1000.0,0.30578491760313947,0.0
3111,1715266860000.0,0.0,0.0,218.2,2.083738625693165,0.0,0.0,2.0477,0.9587827884800476,1.0,1486.9005694922494,1000.0,1479.0369413660007,1000.0,0.30578491760313947,0.0
3112,1715270460000.0,0.0,0.0,218.2,2.083738625693165,0.0,0.0,2.087,0.9587827884800476,1.0,1486.9005694922494,1000.0,1487.6122013660008,1000.0,0.30578491760313947,0.0
3113,1715274060000.0,0.0,0.0,218.2,2.083738625693165,0.0,0.0,2.0696,0.9587827884800476,1.0,1486.9005694922494,1000.0,1483.8155213660007,1000.0,0.30578491760313947,0.0
3114,1715277660000.0,0.0,0.0,218.2,2.083738625693165,0.0,0.0,2.0857,0.9587827884800476,1.0,1486.9005694922494,1000.0,1487.3285413660008,1000.0,0.30578491760313947,0.0
3115,1715281260000.0,0.0,0.0,49.8,2.083738625693165,0.0,0.0,2.121,0.9587827884800476,1.0,1492.26267793352,1000.0,1494.1182943740005,1000.0,0.0695388185297378,0.0
3116,1715284860000.0,0.0,0.0,1.5,2.083738625693165,0.0,0.0,2.1359,0.9587827884800476,1.0,1494.5857646605405,1000.0,1494.6640067220007,1000.0,0.0020912871060628996,0.0
3117,1715288460000.0,0.0,0.0,0.0,2.083738625693165,0.0,0.0,2.1524,0.9587827884800476,1.0,1494.6747336780006,1000.0,1494.6747336780006,1000.0,0.0,0.0
3118,1715292060000.0,0.0,0.0,0.0,2.083738625693165,0.0,0.0,2.1485,0.9587827884800476,1.0,1494.6747336780006,1000.0,1494.6747336780006,1000.0,0.0,0.0
3119,1715295660000.0,0.0,0.0,0.0,2.083738625693165,0.0,0.0,2.1689,0.9587827884800476,1.0,1494.6747336780006,1000.0,1494.6747336780006,1000.0,0.0,0.0
3120,1715299260000.0,0.0,0.0,0.0,2.083738625693165,0.0,0.0,2.1557,0.9587827884800476,1.0,1494.6747336780006,1000.0,1494.6747336780006,1000.0,0.0,0.0
3121,1715302860000.0,0.0,0.0,0.0,2.083738625693165,0.0,0.0,2.2129,0.9587827884800476,1.0,1494.6747336780006,1000.0,1494.6747336780006,1000.0,0.0,0.0
3122,1715306460000.0,0.0,0.0,0.0,2.083738625693165,0.0,0.0,2.2273,0.9587827884800476,1.0,1494.6747336780006,1000.0,1494.6747336780006,1000.0,0.0,0.0
3123,1715310060000.0,0.0,0.0,0.0,2.083738625693165,0.0,0.0,2.2131,0.9587827884800476,1.0,1494.6747336780006,1000.0,1494.6747336780006,1000.0,0.0,0.0
3124,1715313660000.0,0.0,0.0,0.0,2.083738625693165,0.0,0.0,2.2048,0.9587827884800476,1.0,1494.6747336780006,1000.0,1494.6747336780006,1000.0,0.0,0.0
3125,1715317260000.0,0.0,0.0,0.0,2.083738625693165,0.0,0.0,2.2234,0.9587827884800476,1.0,1494.6747336780006,1000.0,1494.6747336780006,1000.0,0.0,0.0
3126,1715320860000.0,0.0,0.0,0.0,2.083738625693165,0.0,0.0,2.2344,0.9587827884800476,1.0,1494.6747336780006,1000.0,1494.6747336780006,1000.0,0.0,0.0
3127,1715324460000.0,0.0,0.0,0.0,2.083738625693165,0.0,0.0,2.2499,0.9587827884800476,1.0,1494.6747336780006,1000.0,1494.6747336780006,1000.0,0.0,0.0
3128,1715328060000.0,0.0,0.0,0.0,2.083738625693165,0.0,0.0,2.2434,0.9587827884800476,1.0,1494.6747336780006,1000.0,1494.6747336780006,1000.0,0.0,0.0
3129,1715331660000.0,0.0,0.0,0.0,2.083738625693165,0.0,0.0,2.2546,0.9587827884800476,1.0,1494.6747336780006,1000.0,1494.6747336780006,1000.0,0.0,0.0
3130,1715335260000.0,0.0,0.0,0.0,2.083738625693165,0.0,0.0,2.2646,0.9587827884800476,1.0,1494.6747336780006,1000.0,1494.6747336780006,1000.0,0.0,0.0
3131,1715338860000.0,0.0,0.0,0.0,2.083738625693165,0.0,0.0,2.2803,0.9587827884800476,1.0,1494.6747336780006,1000.0,1494.6747336780006,1000.0,0.0,0.0
3132,1715342460000.0,0.0,0.0,0.0,2.083738625693165,0.0,0.0,2.2929,0.9587827884800476,1.0,1494.6747336780006,1000.0,1494.6747336780006,1000.0,0.0,0.0
3133,1715346060000.0,0.0,0.0,0.0,2.083738625693165,0.0,0.0,2.2694,0.9587827884800476,1.0,1494.6747336780006,1000.0,1494.6747336780006,1000.0,0.0,0.0
3134,1715349660000.0,0.0,0.0,0.0,2.083738625693165,0.0,0.0,2.2664,0.9587827884800476,1.0,1494.6747336780006,1000.0,1494.6747336780006,1000.0,0.0,0.0
3135,1715353260000.0,0.0,0.0,48.3,2.2051,0.0,0.0,2.1869,0.9587827884800476,1.0,1494.6534324120005,1000.0,1493.7743724120005,1000.0,0.07125821122835489,0.0
3136,1715356860000.0,0.0,0.0,72.9,2.1919395061728393,0.0,0.0,2.1643,0.9587827884800476,1.0,1494.6427752000004,1000.0,1492.6278552000003,1000.0,0.10691008758170856,0.0
3137,1715360460000.0,0.0,0.0,109.7,2.176595715587967,0.0,0.0,2.1808,0.9587827884800476,1.0,1494.6269791680004,1000.0,1495.0881891680003,1000.0,0.15975394083473268,0.0
3138,1715364060000.0,0.0,0.0,109.7,2.176595715587967,0.0,0.0,2.1734,0.9587827884800476,1.0,1494.6269791680004,1000.0,1494.2764091680003,1000.0,0.15975394083473268,0.0
3139,1715367660000.0,0.0,0.0,109.7,2.176595715587967,0.0,0.0,2.189,0.9587827884800476,1.0,1494.6269791680004,1000.0,1495.9877291680004,1000.0,0.15975394083473268,0.0
3140,1715371260000.0,0.0,0.0,109.7,2.176595715587967,0.0,0.0,2.1891,0.9587827884800476,1.0,1494.6269791680004,1000.0,1495.9986991680005,1000.0,0.15975394083473268,0.0
3141,1715374860000.0,0.0,0.0,109.7,2.176595715587967,0.0,0.0,2.1971,0.9587827884800476,1.0,1494.6269791680004,1000.0,1496.8762991680003,1000.0,0.15975394083473268,0.0
3142,1715378460000.0,0.0,0.0,32.7,2.176595715587967,0.0,0.0,2.1873,0.9587827884800476,1.0,1497.0275025877268,1000.0,1497.3775326880002,1000.0,0.04754400288351125,0.0
3143,1715382060000.0,0.0,0.0,57.6,2.1619428802035854,0.0,0.0,2.1564,0.9587827884800476,1.0,1497.0168319417267,1000.0,1496.697562042,1000.0,0.08318404124969381,0.0
3144,1715385660000.0,0.0,0.0,57.6,2.1619428802035854,0.0,0.0,2.1632,0.9587827884800476,1.0,1497.0168319417267,1000.0,1497.089242042,1000.0,0.08318404124969381,0.0
3145,1715389260000.0,0.0,0.0,57.6,2.1619428802035854,0.0,0.0,2.1674,0.9587827884800476,1.0,1497.0168319417267,1000.0,1497.3311620420002,1000.0,0.08318404124969381,0.0
3146,1715392860000.0,0.0,0.0,32.0,2.1619428802035854,0.0,0.0,2.1724,0.9587827884800476,1.0,1497.7877086405151,1000.0,1498.1223364740003,1000.0,0.04618957130400593,0.0
3147,1715396460000.0,0.0,0.0,32.0,2.1619428802035854,0.0,0.0,2.1654,0.9587827884800476,1.0,1497.7877086405151,1000.0,1497.8983364740004,1000.0,0.04618957130400593,0.0
3148,1715400060000.0,0.0,0.0,32.0,2.1619428802035854,0.0,0.0,2.1582,0.9587827884800476,1.0,1497.7877086405151,1000.0,1497.6679364740003,1000.0,0.04618957130400593,0.0
3149,1715403660000.0,0.0,0.0,32.0,2.1619428802035854,0.0,0.0,2.1491,0.9587827884800476,1.0,1497.7877086405151,1000.0,1497.3767364740004,1000.0,0.04618957130400593,0.0
3150,1715407260000.0,0.0,0.0,32.0,2.1619428802035854,0.0,0.0,2.1534,0.9587827884800476,1.0,1497.7877086405151,1000.0,1497.5143364740004,1000.0,0.04618957130400593,0.0
3151,1715410860000.0,0.0,0.0,32.0,2.1619428802035854,0.0,0.0,2.1604,0.9587827884800476,1.0,1497.7877086405151,1000.0,1497.7383364740003,1000.0,0.04618957130400593,0.0
3152,1715414460000.0,0.0,0.0,32.0,2.1619428802035854,0.0,0.0,2.1669,0.9587827884800476,1.0,1497.7877086405151,1000.0,1497.9463364740004,1000.0,0.04618957130400593,0.0
3153,1715418060000.0,0.0,0.0,32.0,2.1619428802035854,0.0,0.0,2.1535,0.9587827884800476,1.0,1497.7877086405151,1000.0,1497.5175364740003,1000.0,0.04618957130400593,0.0
3154,1715421660000.0,0.0,0.0,32.0,2.1619428802035854,0.0,0.0,2.1868,0.9587827884800476,1.0,1497.7877086405151,1000.0,1498.5831364740004,1000.0,0.04618957130400593,0.0
3155,1715425260000.0,0.0,0.0,7.7,2.1619428802035854,0.0,0.0,2.2,0.9587827884800476,1.0,1498.5689912195683,1000.0,1498.8620310420006,1000.0,0.011108571093560362,0.0
3156,1715428860000.0,0.0,0.0,0.0,2.1619428802035854,0.0,0.0,2.2124,0.9587827884800476,1.0,1498.8603327040012,1000.0,1498.8603327040012,1000.0,0.0,0.0
3157,1715432460000.0,0.0,0.0,0.0,2.1619428802035854,0.0,0.0,2.2303,0.9587827884800476,1.0,1498.8603327040012,1000.0,1498.8603327040012,1000.0,0.0,0.0
3158,1715436060000.0,0.0,0.0,0.0,2.1619428802035854,0.0,0.0,2.3075,0.9587827884800476,1.0,1498.8603327040012,1000.0,1498.8603327040012,1000.0,0.0,0.0
3159,1715439660000.0,0.0,0.0,0.0,2.1619428802035854,0.0,0.0,2.3144,0.9587827884800476,1.0,1498.8603327040012,1000.0,1498.8603327040012,1000.0,0.0,0.0
3160,1715443260000.0,0.0,0.0,0.0,2.1619428802035854,0.0,0.0,2.3401,0.9587827884800476,1.0,1498.8603327040012,1000.0,1498.8603327040012,1000.0,0.0,0.0
3161,1715446860000.0,0.0,0.0,0.0,2.1619428802035854,0.0,0.0,2.3167,0.9587827884800476,1.0,1498.8603327040012,1000.0,1498.8603327040012,1000.0,0.0,0.0
3162,1715450460000.0,0.0,0.0,0.0,2.1619428802035854,0.0,0.0,2.3078,0.9587827884800476,1.0,1498.8603327040012,1000.0,1498.8603327040012,1000.0,0.0,0.0
3163,1715454060000.0,0.0,0.0,0.0,2.1619428802035854,0.0,0.0,2.3295,0.9587827884800476,1.0,1498.8603327040012,1000.0,1498.8603327040012,1000.0,0.0,0.0
3164,1715457660000.0,0.0,0.0,0.0,2.1619428802035854,0.0,0.0,2.3196,0.9587827884800476,1.0,1498.8603327040012,1000.0,1498.8603327040012,1000.0,0.0,0.0
3165,1715461260000.0,0.0,0.0,0.0,2.1619428802035854,0.0,0.0,2.3098,0.9587827884800476,1.0,1498.8603327040012,1000.0,1498.8603327040012,1000.0,0.0,0.0
3166,1715464860000.0,0.0,0.0,0.0,2.1619428802035854,0.0,0.0,2.2987,0.9587827884800476,1.0,1498.8603327040012,1000.0,1498.8603327040012,1000.0,0.0,0.0
3167,1715468460000.0,0.0,0.0,0.0,2.1619428802035854,0.0,0.0,2.2807,0.9587827884800476,1.0,1498.8603327040012,1000.0,1498.8603327040012,1000.0,0.0,0.0
3168,1715472060000.0,0.0,0.0,0.0,2.1619428802035854,0.0,0.0,2.2732,0.9587827884800476,1.0,1498.8603327040012,1000.0,1498.8603327040012,1000.0,0.0,0.0
3169,1715475660000.0,0.0,0.0,0.0,2.1619428802035854,0.0,0.0,2.2915,0.9587827884800476,1.0,1498.8603327040012,1000.0,1498.8603327040012,1000.0,0.0,0.0
3170,1715479260000.0,0.0,0.0,23.6,2.2654,0.0,0.0,2.2676,0.9587827884800476,1.0,1498.849640016001,1000.0,1498.901560016001,1000.0,0.03566964862428045,0.0
3171,1715482860000.0,0.0,0.0,23.6,2.2654,0.0,0.0,2.2806,0.9587827884800476,1.0,1498.849640016001,1000.0,1499.208360016001,1000.0,0.03566964862428045,0.0
3172,1715486460000.0,0.0,0.0,23.6,2.2654,0.0,0.0,2.2622,0.9587827884800476,1.0,1498.849640016001,1000.0,1498.774120016001,1000.0,0.03566964862428045,0.0
3173,1715490060000.0,0.0,0.0,23.6,2.2654,0.0,0.0,2.2592,0.9587827884800476,1.0,1498.849640016001,1000.0,1498.703320016001,1000.0,0.03566964862428045,0.0
3174,1715493660000.0,0.0,0.0,23.6,2.2654,0.0,0.0,2.262,0.9587827884800476,1.0,1498.849640016001,1000.0,1498.769400016001,1000.0,0.03566964862428045,0.0
3175,1715497260000.0,0.0,0.0,23.6,2.2654,0.0,0.0,2.2849,0.9587827884800476,1.0,1498.849640016001,1000.0,1499.309840016001,1000.0,0.03566964862428045,0.0
3176,1715500860000.0,0.0,0.0,23.6,2.263448305084746,0.0,0.0,2.2662,0.9587827884800476,1.0,1499.1229524120008,1000.0,1499.1878924120008,1000.0,0.03563242088586168,0.0
3177,1715504460000.0,0.0,0.0,23.6,2.263448305084746,0.0,0.0,2.2648,0.9587827884800476,1.0,1499.1229524120008,1000.0,1499.1548524120008,1000.0,0.03563242088586168,0.0
3178,1715508060000.0,0.0,0.0,23.6,2.263448305084746,0.0,0.0,2.2765,0.9587827884800476,1.0,1499.1229524120008,1000.0,1499.4309724120008,1000.0,0.03563242088586168,0.0
3179,1715511660000.0,0.0,0.0,23.6,2.263448305084746,0.0,0.0,2.261,0.9587827884800476,1.0,1499.1229524120008,1000.0,1499.0651724120007,1000.0,0.03563242088586168,0.0
3180,1715515260000.0,0.0,0.0,23.6,2.263448305084746,0.0,0.0,2.2543,0.9587827884800476,1.0,1499.1229524120008,1000.0,1498.907052412001,1000.0,0.03563242088586168,0.0
3181,1715518860000.0,0.0,0.0,23.6,2.263448305084746,0.0,0.0,2.2435,0.9587827884800476,1.0,1499.1229524120008,1000.0,1498.6521724120007,1000.0,0.03563242088586168,0.0
3182,1715522460000.0,0.0,0.0,23.6,2.263448305084746,0.0,0.0,2.2392,0.9587827884800476,1.0,1499.1229524120008,1000.0,1498.550692412001,1000.0,0.03563242088586168,0.0
3183,1715526060000.0,0.0,0.0,47.6,2.2468861344537814,0.0,0.0,2.2231,0.9587827884800476,1.0,1499.1122455320008,1000.0,1497.9800255320008,1000.0,0.07134341028749669,0.0
3184,1715529660000.0,0.0,0.0,47.6,2.2468861344537814,0.0,0.0,2.2443,0.9587827884800476,1.0,1499.1122455320008,1000.0,1498.9891455320007,1000.0,0.07134341028749669,0.0
3185,1715533260000.0,0.0,0.0,47.6,2.2468861344537814,0.0,0.0,2.2296,0.9587827884800476,1.0,1499.1122455320008,1000.0,1498.2894255320007,1000.0,0.07134341028749669,0.0
3186,1715536860000.0,0.0,0.0,47.6,2.2468861344537814,0.0,0.0,2.2239,0.9587827884800476,1.0,1499.1122455320008,1000.0,1498.0181055320008,1000.0,0.07134341028749669,0.0
3187,1715540460000.0,0.0,0.0,71.8,2.233476323119777,0.0,0.0,2.2076,0.9587827884800476,1.0,1499.1015631680007,1000.0,1497.2436431680007,1000.0,0.10697313907211797,0.0
3188,1715544060000.0,0.0,0.0,71.8,2.233476323119777,0.0,0.0,2.1964,0.9587827884800476,1.0,1499.1015631680007,1000.0,1496.4394831680006,1000.0,0.10697313907211797,0.0
3189,1715547660000.0,0.0,0.0,71.8,2.233476323119777,0.0,0.0,2.1887,0.9587827884800476,1.0,1499.1015631680007,1000.0,1495.8866231680006,1000.0,0.10697313907211797,0.0
3190,1715551260000.0,0.0,0.0,108.1,2.2178024051803886,0.0,0.0,2.1869,0.9587827884800476,1.0,1499.0856870000007,1000.0,1495.7451370000008,1000.0,0.15992710895651416,0.0
3191,1715554860000.0,0.0,0.0,108.1,2.2178024051803886,0.0,0.0,2.1897,0.9587827884800476,1.0,1499.0856870000007,1000.0,1496.0478170000008,1000.0,0.15992710895651416,0.0
3192,1715558460000.0,0.0,0.0,108.1,2.2178024051803886,0.0,0.0,2.184,0.9587827884800476,1.0,1499.0856870000007,1000.0,1495.4316470000008,1000.0,0.15992710895651416,0.0
3193,1715562060000.0,0.0,0.0,108.1,2.2178024051803886,0.0,0.0,2.1758,0.9587827884800476,1.0,1499.0856870000007,1000.0,1494.5452270000008,1000.0,0.15992710895651416,0.0
3194,1715565660000.0,0.0,0.0,162.7,2.1987066994468347,0.0,0.0,2.1442,0.9587827884800476,1.0,1499.0620899720006,1000.0,1490.1938499720006,1000.0,0.23863559914765214,0.0
3195,1715569260000.0,0.0,0.0,368.6,2.14306871947911,0.0,0.0,2.0801,0.9587827884800476,1.0,1498.9756488620005,1000.0,1475.7653788620005,1000.0,0.5269832972935262,0.0
3196,1715572860000.0,0.0,0.0,368.6,2.14306871947911,0.0,0.0,2.0532,0.9587827884800476,1.0,1498.9756488620005,1000.0,1465.8500388620005,1000.0,0.5269832972935262,0.0
3197,1715576460000.0,0.0,0.0,368.6,2.14306871947911,0.0,0.0,2.0539,0.9587827884800476,1.0,1498.9756488620005,1000.0,1466.1080588620007,1000.0,0.5269832972935262,0.0
3198,1715580060000.0,0.0,0.0,368.6,2.14306871947911,0.0,0.0,2.0624,0.9587827884800476,1.0,1498.9756488620005,1000.0,1469.2411588620005,1000.0,0.5269832972935262,0.0
3199,1715583660000.0,0.0,0.0,368.6,2.14306871947911,0.0,0.0,2.083,0.9587827884800476,1.0,1498.9756488620005,1000.0,1476.8343188620006,1000.0,0.5269832972935262,0.0
3200,1715587260000.0,0.0,0.0,368.6,2.14306871947911,0.0,0.0,2.1192,0.9587827884800476,1.0,1498.9756488620005,1000.0,1490.1776388620005,1000.0,0.5269832972935262,0.0
3201,1715590860000.0,0.0,0.0,368.6,2.14306871947911,0.0,0.0,2.1186,0.9587827884800476,1.0,1498.9756488620005,1000.0,1489.9564788620005,1000.0,0.5269832972935262,0.0
3202,1715594460000.0,0.0,0.0,368.6,2.14306871947911,0.0,0.0,2.1435,0.9587827884800476,1.0,1498.9756488620005,1000.0,1499.1346188620005,1000.0,0.5269832972935262,0.0
3203,1715598060000.0,0.0,0.0,368.6,2.14306871947911,0.0,0.0,2.1231,0.9587827884800476,1.0,1498.9756488620005,1000.0,1491.6151788620004,1000.0,0.5269832972935262,0.0
3204,1715601660000.0,0.0,0.0,368.6,2.14306871947911,0.0,0.0,2.1172,0.9587827884800476,1.0,1498.9756488620005,1000.0,1489.4404388620005,1000.0,0.5269832972935262,0.0
3205,1715605260000.0,0.0,0.0,368.6,2.14306871947911,0.0,0.0,2.1256,0.9587827884800476,1.0,1498.9756488620005,1000.0,1492.5366788620006,1000.0,0.5269832972935262,0.0
3206,1715608860000.0,0.0,0.0,368.6,2.14306871947911,0.0,0.0,2.143,0.9587827884800476,1.0,1498.9756488620005,1000.0,1498.9503188620006,1000.0,0.5269832972935262,0.0
3207,1715612460000.0,0.0,0.0,256.0,2.14306871947911,0.0,0.0,2.1527,0.9587827884800476,1.0,1501.9930158926527,1000.0,1504.4586237060005,1000.0,0.3652650753909114,0.0
3208,1715616060000.0,0.0,0.0,68.8,2.14306871947911,0.0,0.0,2.1702,0.9587827884800476,1.0,1507.2994775581635,1000.0,1509.1661096580008,1000.0,0.09781939826518202,0.0
3209,1715619660000.0,0.0,0.0,0.0,2.14306871947911,0.0,0.0,2.268,0.9587827884800476,1.0,1510.2295390040008,1000.0,1510.2295390040008,1000.0,0.0,0.0
3210,1715623260000.0,0.0,0.0,0.0,2.14306871947911,0.0,0.0,2.2473,0.9587827884800476,1.0,1510.2295390040008,1000.0,1510.2295390040008,1000.0,0.0,0.0
3211,1715626860000.0,0.0,0.0,0.0,2.14306871947911,0.0,0.0,2.2247,0.9587827884800476,1.0,1510.2295390040008,1000.0,1510.2295390040008,1000.0,0.0,0.0
3212,1715630460000.0,0.0,0.0,0.0,2.14306871947911,0.0,0.0,2.2016,0.9587827884800476,1.0,1510.2295390040008,1000.0,1510.2295390040008,1000.0,0.0,0.0
3213,1715634060000.0,0.0,0.0,0.0,2.14306871947911,0.0,0.0,2.2251,0.9587827884800476,1.0,1510.2295390040008,1000.0,1510.2295390040008,1000.0,0.0,0.0
3214,1715637660000.0,0.0,0.0,0.0,2.14306871947911,0.0,0.0,2.2369,0.9587827884800476,1.0,1510.2295390040008,1000.0,1510.2295390040008,1000.0,0.0,0.0
3215,1715641260000.0,0.0,0.0,0.0,2.14306871947911,0.0,0.0,2.2227,0.9587827884800476,1.0,1510.2295390040008,1000.0,1510.2295390040008,1000.0,0.0,0.0
3216,1715644860000.0,0.0,0.0,0.0,2.14306871947911,0.0,0.0,2.2137,0.9587827884800476,1.0,1510.2295390040008,1000.0,1510.2295390040008,1000.0,0.0,0.0
3217,1715648460000.0,0.0,0.0,0.0,2.14306871947911,0.0,0.0,2.1966,0.9587827884800476,1.0,1510.2295390040008,1000.0,1510.2295390040008,1000.0,0.0,0.0
3218,1715652060000.0,0.0,0.0,24.6,2.1843,0.0,0.0,2.1859,0.9587827884800476,1.0,1510.218792248001,1000.0,1510.258152248001,1000.0,0.03558012936656406,0.0
3219,1715655660000.0,0.0,0.0,24.6,2.1843,0.0,0.0,2.1654,0.9587827884800476,1.0,1510.218792248001,1000.0,1509.7538522480008,1000.0,0.03558012936656406,0.0
3220,1715659260000.0,0.0,0.0,49.6,2.1683221774193546,0.0,0.0,2.1414,0.9587827884800476,1.0,1510.208029248001,1000.0,1508.8726892480008,1000.0,0.07121454655061878,0.0
3221,1715662860000.0,0.0,0.0,49.6,2.1683221774193546,0.0,0.0,2.1573,0.9587827884800476,1.0,1510.208029248001,1000.0,1509.661329248001,1000.0,0.07121454655061878,0.0
3222,1715666460000.0,0.0,0.0,49.6,2.1683221774193546,0.0,0.0,2.1458,0.9587827884800476,1.0,1510.208029248001,1000.0,1509.090929248001,1000.0,0.07121454655061878,0.0
3223,1715670060000.0,0.0,0.0,169.6,2.1218759433962266,0.0,0.0,2.1022,0.9587827884800476,1.0,1510.157564972001,1000.0,1506.8205249720008,1000.0,0.23829974325008413,0.0
3224,1715673660000.0,0.0,0.0,169.6,2.1218759433962266,0.0,0.0,2.0961,0.9587827884800476,1.0,1510.157564972001,1000.0,1505.7859649720008,1000.0,0.23829974325008413,0.0
3225,1715677260000.0,0.0,0.0,169.6,2.1218759433962266,0.0,0.0,2.1073,0.9587827884800476,1.0,1510.157564972001,1000.0,1507.685484972001,1000.0,0.23829974325008413,0.0
3226,1715680860000.0,0.0,0.0,169.6,2.1218759433962266,0.0,0.0,2.0973,0.9587827884800476,1.0,1510.157564972001,1000.0,1505.989484972001,1000.0,0.23829974325008413,0.0
3227,1715684460000.0,0.0,0.0,169.6,2.1218759433962266,0.0,0.0,2.1011,0.9587827884800476,1.0,1510.157564972001,1000.0,1506.633964972001,1000.0,0.23829974325008413,0.0
3228,1715688060000.0,0.0,0.0,169.6,2.1218759433962266,0.0,0.0,2.097,0.9587827884800476,1.0,1510.157564972001,1000.0,1505.9386049720008,1000.0,0.23829974325008413,0.0
3229,1715691660000.0,0.0,0.0,169.6,2.1218759433962266,0.0,0.0,2.0926,0.9587827884800476,1.0,1510.157564972001,1000.0,1505.1923649720009,1000.0,0.23829974325008413,0.0
3230,1715695260000.0,0.0,0.0,169.6,2.1218759433962266,0.0,0.0,2.0745,0.9587827884800476,1.0,1510.157564972001,1000.0,1502.122604972001,1000.0,0.23829974325008413,0.0
3231,1715698860000.0,0.0,0.0,255.3,2.098621151586369,0.0,0.0,2.0588,0.9587827884800476,1.0,1510.122383408001,1000.0,1499.956043408001,1000.0,0.35479109897760175,0.0
3232,1715702460000.0,0.0,0.0,255.3,2.098621151586369,0.0,0.0,2.0579,0.9587827884800476,1.0,1510.122383408001,1000.0,1499.7262734080011,1000.0,0.35479109897760175,0.0
3233,1715706060000.0,0.0,0.0,255.3,2.098621151586369,0.0,0.0,2.0539,0.9587827884800476,1.0,1510.122383408001,1000.0,1498.705073408001,1000.0,0.35479109897760175,0.0
3234,1715709660000.0,0.0,0.0,255.3,2.098621151586369,0.0,0.0,2.0447,0.9587827884800476,1.0,1510.122383408001,1000.0,1496.3563134080011,1000.0,0.35479109897760175,0.0
3235,1715713260000.0,0.0,0.0,255.3,2.098621151586369,0.0,0.0,2.0553,0.9587827884800476,1.0,1510.122383408001,1000.0,1499.062493408001,1000.0,0.35479109897760175,0.0
3236,1715716860000.0,0.0,0.0,255.3,2.098621151586369,0.0,0.0,2.0417,0.9587827884800476,1.0,1510.122383408001,1000.0,1495.590413408001,1000.0,0.35479109897760175,0.0
3237,1715720460000.0,0.0,0.0,255.3,2.098621151586369,0.0,0.0,2.0309,0.9587827884800476,1.0,1510.122383408001,1000.0,1492.8331734080011,1000.0,0.35479109897760175,0.0
3238,1715724060000.0,0.0,0.0,255.3,2.098621151586369,0.0,0.0,2.0325,0.9587827884800476,1.0,1510.122383408001,1000.0,1493.2416534080012,1000.0,0.35479109897760175,0.0
3239,1715727660000.0,0.0,0.0,255.3,2.098621151586369,0.0,0.0,2.0205,0.9587827884800476,1.0,1510.122383408001,1000.0,1490.1780534080012,1000.0,0.35479109897760175,0.0
3240,1715731260000.0,0.0,0.0,255.3,2.098621151586369,0.0,0.0,2.013,0.9587827884800476,1.0,1510.122383408001,1000.0,1488.263303408001,1000.0,0.35479109897760175,0.0
3241,1715734860000.0,0.0,0.0,384.3,2.0682354410616703,0.0,0.0,1.9948,0.9587827884800476,1.0,1510.070574428001,1000.0,1481.8493344280012,1000.0,0.526348167734525,0.0
3242,1715738460000.0,0.0,0.0,384.3,2.0682354410616703,0.0,0.0,2.0132,0.9587827884800476,1.0,1510.070574428001,1000.0,1488.920454428001,1000.0,0.526348167734525,0.0
3243,1715742060000.0,0.0,0.0,384.3,2.0682354410616703,0.0,0.0,2.0247,0.9587827884800476,1.0,1510.070574428001,1000.0,1493.339904428001,1000.0,0.526348167734525,0.0
3244,1715745660000.0,0.0,0.0,384.3,2.0682354410616703,0.0,0.0,2.028,0.9587827884800476,1.0,1510.070574428001,1000.0,1494.608094428001,1000.0,0.526348167734525,0.0
3245,1715749260000.0,0.0,0.0,384.3,2.0682354410616703,0.0,0.0,2.0226,0.9587827884800476,1.0,1510.070574428001,1000.0,1492.5328744280012,1000.0,0.526348167734525,0.0
3246,1715752860000.0,0.0,0.0,384.3,2.0682354410616703,0.0,0.0,2.0139,0.9587827884800476,1.0,1510.070574428001,1000.0,1489.1894644280012,1000.0,0.526348167734525,0.0
3247,1715756460000.0,0.0,0.0,384.3,2.0682354410616703,0.0,0.0,2.01,0.9587827884800476,1.0,1510.070574428001,1000.0,1487.690694428001,1000.0,0.526348167734525,0.0
3248,1715760060000.0,0.0,0.0,384.3,2.0682354410616703,0.0,0.0,2.0365,0.9587827884800476,1.0,1510.070574428001,1000.0,1497.8746444280011,1000.0,0.526348167734525,0.0
3249,1715763660000.0,0.0,0.0,384.3,2.0682354410616703,0.0,0.0,2.0,0.9587827884800476,1.0,1510.070574428001,1000.0,1483.8476944280012,1000.0,0.526348167734525,0.0
3250,1715767260000.0,0.0,0.0,384.3,2.0682354410616703,0.0,0.0,2.0327,0.9587827884800476,1.0,1510.070574428001,1000.0,1496.414304428001,1000.0,0.526348167734525,0.0
3251,1715770860000.0,0.0,0.0,384.3,2.0682354410616703,0.0,0.0,2.0253,0.9587827884800476,1.0,1510.070574428001,1000.0,1493.5704844280012,1000.0,0.526348167734525,0.0
3252,1715774460000.0,0.0,0.0,384.3,2.0682354410616703,0.0,0.0,1.9952,0.9587827884800476,1.0,1510.070574428001,1000.0,1482.0030544280012,1000.0,0.526348167734525,0.0
3253,1715778060000.0,0.0,0.0,114.0,2.0682354410616703,0.0,0.0,2.1115,0.9587827884800476,1.0,1518.0871998890314,1000.0,1523.019359608001,1000.0,0.1553131073750344,0.0
3254,1715781660000.0,0.0,0.0,0.0,2.0682354410616703,0.0,0.0,2.1216,0.9587827884800476,1.0,1522.3621192520006,1000.0,1522.3621192520006,1000.0,0.0,0.0
3255,1715785260000.0,0.0,0.0,0.0,2.0682354410616703,0.0,0.0,2.2383,0.9587827884800476,1.0,1522.3621192520006,1000.0,1522.3621192520006,1000.0,0.0,0.0
3256,1715788860000.0,0.0,0.0,0.0,2.0682354410616703,0.0,0.0,2.367,0.9587827884800476,1.0,1522.3621192520006,1000.0,1522.3621192520006,1000.0,0.0,0.0
3257,1715792460000.0,0.0,0.0,0.0,2.0682354410616703,0.0,0.0,2.3649,0.9587827884800476,1.0,1522.3621192520006,1000.0,1522.3621192520006,1000.0,0.0,0.0
3258,1715796060000.0,0.0,0.0,0.0,2.0682354410616703,0.0,0.0,2.4367,0.9587827884800476,1.0,1522.3621192520006,1000.0,1522.3621192520006,1000.0,0.0,0.0
3259,1715799660000.0,0.0,0.0,0.0,2.0682354410616703,0.0,0.0,2.4079,0.9587827884800476,1.0,1522.3621192520006,1000.0,1522.3621192520006,1000.0,0.0,0.0
3260,1715803260000.0,0.0,0.0,0.0,2.0682354410616703,0.0,0.0,2.4213,0.9587827884800476,1.0,1522.3621192520006,1000.0,1522.3621192520006,1000.0,0.0,0.0
3261,1715806860000.0,0.0,0.0,0.0,2.0682354410616703,0.0,0.0,2.417,0.9587827884800476,1.0,1522.3621192520006,1000.0,1522.3621192520006,1000.0,0.0,0.0
3262,1715810460000.0,0.0,0.0,0.0,2.0682354410616703,0.0,0.0,2.3855,0.9587827884800476,1.0,1522.3621192520006,1000.0,1522.3621192520006,1000.0,0.0,0.0
3263,1715814060000.0,0.0,0.0,0.0,2.0682354410616703,0.0,0.0,2.3637,0.9587827884800476,1.0,1522.3621192520006,1000.0,1522.3621192520006,1000.0,0.0,0.0
3264,1715817660000.0,0.0,0.0,0.0,2.0682354410616703,0.0,0.0,2.3417,0.9587827884800476,1.0,1522.3621192520006,1000.0,1522.3621192520006,1000.0,0.0,0.0
3265,1715821260000.0,0.0,0.0,0.0,2.0682354410616703,0.0,0.0,2.3719,0.9587827884800476,1.0,1522.3621192520006,1000.0,1522.3621192520006,1000.0,0.0,0.0
3266,1715824860000.0,0.0,0.0,0.0,2.0682354410616703,0.0,0.0,2.3687,0.9587827884800476,1.0,1522.3621192520006,1000.0,1522.3621192520006,1000.0,0.0,0.0
3267,1715828460000.0,0.0,0.0,0.0,2.0682354410616703,0.0,0.0,2.3426,0.9587827884800476,1.0,1522.3621192520006,1000.0,1522.3621192520006,1000.0,0.0,0.0
3268,1715832060000.0,0.0,0.0,0.0,2.0682354410616703,0.0,0.0,2.3289,0.9587827884800476,1.0,1522.3621192520006,1000.0,1522.3621192520006,1000.0,0.0,0.0
3269,1715835660000.0,0.0,0.0,0.0,2.0682354410616703,0.0,0.0,2.3354,0.9587827884800476,1.0,1522.3621192520006,1000.0,1522.3621192520006,1000.0,0.0,0.0
3270,1715839260000.0,0.0,0.0,0.0,2.0682354410616703,0.0,0.0,2.3458,0.9587827884800476,1.0,1522.3621192520006,1000.0,1522.3621192520006,1000.0,0.0,0.0
3271,1715842860000.0,0.0,0.0,0.0,2.0682354410616703,0.0,0.0,2.3452,0.9587827884800476,1.0,1522.3621192520006,1000.0,1522.3621192520006,1000.0,0.0,0.0
3272,1715846460000.0,0.0,0.0,0.0,2.0682354410616703,0.0,0.0,2.3779,0.9587827884800476,1.0,1522.3621192520006,1000.0,1522.3621192520006,1000.0,0.0,0.0
3273,1715850060000.0,0.0,0.0,0.0,2.0682354410616703,0.0,0.0,2.3969,0.9587827884800476,1.0,1522.3621192520006,1000.0,1522.3621192520006,1000.0,0.0,0.0
3274,1715853660000.0,0.0,0.0,0.0,2.0682354410616703,0.0,0.0,2.4172,0.9587827884800476,1.0,1522.3621192520006,1000.0,1522.3621192520006,1000.0,0.0,0.0
3275,1715857260000.0,0.0,0.0,0.0,2.0682354410616703,0.0,0.0,2.4001,0.9587827884800476,1.0,1522.3621192520006,1000.0,1522.3621192520006,1000.0,0.0,0.0
3276,1715860860000.0,0.0,0.0,0.0,2.0682354410616703,0.0,0.0,2.4094,0.9587827884800476,1.0,1522.3621192520006,1000.0,1522.3621192520006,1000.0,0.0,0.0
3277,1715864460000.0,0.0,0.0,0.0,2.0682354410616703,0.0,0.0,2.3888,0.9587827884800476,1.0,1522.3621192520006,1000.0,1522.3621192520006,1000.0,0.0,0.0
3278,1715868060000.0,0.0,0.0,0.0,2.0682354410616703,0.0,0.0,2.426,0.9587827884800476,1.0,1522.3621192520006,1000.0,1522.3621192520006,1000.0,0.0,0.0
3279,1715871660000.0,0.0,0.0,23.0,2.3554,0.0,0.0,2.3554,0.9587827884800476,1.0,1522.3512844120007,1000.0,1522.3512844120007,1000.0,0.03558587334914915,0.0
3280,1715875260000.0,0.0,0.0,70.0,2.3242442857142858,0.0,0.0,2.298,0.9587827884800476,1.0,1522.3295798320007,1000.0,1520.4924798320008,1000.0,0.10687376909404514,0.0
3281,1715878860000.0,0.0,0.0,70.0,2.3242442857142858,0.0,0.0,2.3366,0.9587827884800476,1.0,1522.3295798320007,1000.0,1523.1944798320008,1000.0,0.10687376909404514,0.0
3282,1715882460000.0,0.0,0.0,8.0,2.3242442857142858,0.0,0.0,2.3894,0.9587827884800476,1.0,1525.0241986917151,1000.0,1525.5454444060008,1000.0,0.012192563437134724,0.0
3283,1715886060000.0,0.0,0.0,0.0,2.3242442857142858,0.0,0.0,2.3858,0.9587827884800476,1.0,1525.5598977100012,1000.0,1525.5598977100012,1000.0,0.0,0.0
3284,1715889660000.0,0.0,0.0,0.0,2.3242442857142858,0.0,0.0,2.3802,0.9587827884800476,1.0,1525.5598977100012,1000.0,1525.5598977100012,1000.0,0.0,0.0
3285,1715893260000.0,0.0,0.0,0.0,2.3242442857142858,0.0,0.0,2.3968,0.9587827884800476,1.0,1525.5598977100012,1000.0,1525.5598977100012,1000.0,0.0,0.0
3286,1715896860000.0,0.0,0.0,0.0,2.3242442857142858,0.0,0.0,2.3604,0.9587827884800476,1.0,1525.5598977100012,1000.0,1525.5598977100012,1000.0,0.0,0.0
3287,1715900460000.0,0.0,0.0,23.1,2.3562,0.0,0.0,2.3696,0.9587827884800476,1.0,1525.5490120660013,1000.0,1525.8585520660013,1000.0,0.035677791778246204,0.0
3288,1715904060000.0,0.0,0.0,6.4,2.3562,0.0,0.0,2.3912,0.9587827884800476,1.0,1526.0643476960013,1000.0,1526.2883476960012,1000.0,0.00988141818709465,0.0
3289,1715907660000.0,0.0,0.0,0.0,2.3562,0.0,0.0,2.4764,0.9587827884800476,1.0,1526.4251389840015,1000.0,1526.4251389840015,1000.0,0.0,0.0
3290,1715911260000.0,0.0,0.0,0.0,2.3562,0.0,0.0,2.476,0.9587827884800476,1.0,1526.4251389840015,1000.0,1526.4251389840015,1000.0,0.0,0.0
3291,1715914860000.0,0.0,0.0,0.0,2.3562,0.0,0.0,2.4356,0.9587827884800476,1.0,1526.4251389840015,1000.0,1526.4251389840015,1000.0,0.0,0.0
3292,1715918460000.0,0.0,0.0,0.0,2.3562,0.0,0.0,2.5399,0.9587827884800476,1.0,1526.4251389840015,1000.0,1526.4251389840015,1000.0,0.0,0.0
3293,1715922060000.0,0.0,0.0,0.0,2.3562,0.0,0.0,2.4961,0.9587827884800476,1.0,1526.4251389840015,1000.0,1526.4251389840015,1000.0,0.0,0.0
3294,1715925660000.0,0.0,0.0,0.0,2.3562,0.0,0.0,2.4599,0.9587827884800476,1.0,1526.4251389840015,1000.0,1526.4251389840015,1000.0,0.0,0.0
3295,1715929260000.0,0.0,0.0,0.0,2.3562,0.0,0.0,2.4775,0.9587827884800476,1.0,1526.4251389840015,1000.0,1526.4251389840015,1000.0,0.0,0.0
3296,1715932860000.0,0.0,0.0,0.0,2.3562,0.0,0.0,2.4489,0.9587827884800476,1.0,1526.4251389840015,1000.0,1526.4251389840015,1000.0,0.0,0.0
3297,1715936460000.0,0.0,0.0,0.0,2.3562,0.0,0.0,2.4359,0.9587827884800476,1.0,1526.4251389840015,1000.0,1526.4251389840015,1000.0,0.0,0.0
3298,1715940060000.0,0.0,0.0,0.0,2.3562,0.0,0.0,2.4365,0.9587827884800476,1.0,1526.4251389840015,1000.0,1526.4251389840015,1000.0,0.0,0.0
3299,1715943660000.0,0.0,0.0,0.0,2.3562,0.0,0.0,2.4303,0.9587827884800476,1.0,1526.4251389840015,1000.0,1526.4251389840015,1000.0,0.0,0.0
3300,1715947260000.0,0.0,0.0,22.4,2.4254,0.0,0.0,2.4254,0.9587827884800476,1.0,1526.4142731920015,1000.0,1526.4142731920015,1000.0,0.03559253929563208,0.0
3301,1715950860000.0,0.0,0.0,22.4,2.4254,0.0,0.0,2.4223,0.9587827884800476,1.0,1526.4142731920015,1000.0,1526.3448331920015,1000.0,0.03559253929563208,0.0
3302,1715954460000.0,0.0,0.0,22.4,2.4254,0.0,0.0,2.4125,0.9587827884800476,1.0,1526.4142731920015,1000.0,1526.1253131920014,1000.0,0.03559253929563208,0.0
3303,1715958060000.0,0.0,0.0,22.4,2.4254,0.0,0.0,2.403,0.9587827884800476,1.0,1526.4142731920015,1000.0,1525.9125131920014,1000.0,0.03559253929563208,0.0
3304,1715961660000.0,0.0,0.0,22.4,2.4254,0.0,0.0,2.4256,0.9587827884800476,1.0,1526.4142731920015,1000.0,1526.4187531920015,1000.0,0.03559253929563208,0.0
3305,1715965260000.0,0.0,0.0,22.4,2.4254,0.0,0.0,2.4198,0.9587827884800476,1.0,1526.4142731920015,1000.0,1526.2888331920014,1000.0,0.03559253929563208,0.0
3306,1715968860000.0,0.0,0.0,22.4,2.4254,0.0,0.0,2.4159,0.9587827884800476,1.0,1526.4142731920015,1000.0,1526.2014731920015,1000.0,0.03559253929563208,0.0
3307,1715972460000.0,0.0,0.0,45.2,2.4076442477876103,0.0,0.0,2.4096,0.9587827884800476,1.0,1526.4033738800015,1000.0,1526.4917738800016,1000.0,0.07129538748553325,0.0
3308,1715976060000.0,0.0,0.0,45.2,2.4076442477876103,0.0,0.0,2.4007,0.9587827884800476,1.0,1526.4033738800015,1000.0,1526.0894938800016,1000.0,0.07129538748553325,0.0
3309,1715979660000.0,0.0,0.0,45.2,2.4076442477876103,0.0,0.0,2.4,0.9587827884800476,1.0,1526.4033738800015,1000.0,1526.0578538800014,1000.0,0.07129538748553325,0.0
3310,1715983260000.0,0.0,0.0,45.2,2.4076442477876103,0.0,0.0,2.3995,0.9587827884800476,1.0,1526.4033738800015,1000.0,1526.0352538800014,1000.0,0.07129538748553325,0.0
3311,1715986860000.0,0.0,0.0,45.2,2.4076442477876103,0.0,0.0,2.4028,0.9587827884800476,1.0,1526.4033738800015,1000.0,1526.1844138800016,1000.0,0.07129538748553325,0.0
3312,1715990460000.0,0.0,0.0,45.2,2.4076442477876103,0.0,0.0,2.3901,0.9587827884800476,1.0,1526.4033738800015,1000.0,1525.6103738800016,1000.0,0.07129538748553325,0.0
3313,1715994060000.0,0.0,0.0,37.7,2.4076442477876103,0.0,0.0,2.4071,0.9587827884800476,1.0,1526.6288847215944,1000.0,1526.6083665800015,1000.0,0.05945661650319552,0.0
3314,1715997660000.0,0.0,0.0,37.7,2.4076442477876103,0.0,0.0,2.4066,0.9587827884800476,1.0,1526.6288847215944,1000.0,1526.5895165800016,1000.0,0.05945661650319552,0.0
3315,1716001260000.0,0.0,0.0,37.7,2.4076442477876103,0.0,0.0,2.3839,0.9587827884800476,1.0,1526.6288847215944,1000.0,1525.7337265800015,1000.0,0.05945661650319552,0.0
3316,1716004860000.0,0.0,0.0,37.7,2.4076442477876103,0.0,0.0,2.4088,0.9587827884800476,1.0,1526.6288847215944,1000.0,1526.6724565800016,1000.0,0.05945661650319552,0.0
3317,1716008460000.0,0.0,0.0,37.7,2.4076442477876103,0.0,0.0,2.3945,0.9587827884800476,1.0,1526.6288847215944,1000.0,1526.1333465800014,1000.0,0.05945661650319552,0.0
3318,1716012060000.0,0.0,0.0,37.7,2.4076442477876103,0.0,0.0,2.4047,0.9587827884800476,1.0,1526.6288847215944,1000.0,1526.5178865800015,1000.0,0.05945661650319552,0.0
3319,1716015660000.0,0.0,0.0,37.7,2.4076442477876103,0.0,0.0,2.4077,0.9587827884800476,1.0,1526.6288847215944,1000.0,1526.6309865800015,1000.0,0.05945661650319552,0.0
3320,1716019260000.0,0.0,0.0,37.7,2.4076442477876103,0.0,0.0,2.406,0.9587827884800476,1.0,1526.6288847215944,1000.0,1526.5668965800016,1000.0,0.05945661650319552,0.0
3321,1716022860000.0,0.0,0.0,15.4,2.4076442477876103,0.0,0.0,2.4245,0.9587827884800476,1.0,1527.299403623931,1000.0,1527.558982208002,1000.0,0.024276655466473875,0.0
3322,1716026460000.0,0.0,0.0,15.4,2.4076442477876103,0.0,0.0,2.3992,0.9587827884800476,1.0,1527.299403623931,1000.0,1527.169362208002,1000.0,0.024276655466473875,0.0
3323,1716030060000.0,0.0,0.0,15.4,2.4076442477876103,0.0,0.0,2.4045,0.9587827884800476,1.0,1527.299403623931,1000.0,1527.250982208002,1000.0,0.024276655466473875,0.0
3324,1716033660000.0,0.0,0.0,15.4,2.4076442477876103,0.0,0.0,2.4005,0.9587827884800476,1.0,1527.299403623931,1000.0,1527.189382208002,1000.0,0.024276655466473875,0.0
3325,1716037260000.0,0.0,0.0,22.7,2.403449401582784,0.0,0.0,2.3959,0.9587827884800476,1.0,1527.2959075079311,1000.0,1527.124536092002,1000.0,0.03572215518140899,0.0
3326,1716040860000.0,0.0,0.0,19.0,2.403449401582784,0.0,0.0,2.4121,0.9587827884800476,1.0,1527.407143562075,1000.0,1527.571504932002,1000.0,0.02989742376323842,0.0
3327,1716044460000.0,0.0,0.0,8.6,2.403449401582784,0.0,0.0,2.4265,0.9587827884800476,1.0,1527.781394745614,1000.0,1527.979629892002,1000.0,0.013529203146929002,0.0
3328,1716048060000.0,0.0,0.0,1.4,2.403449401582784,0.0,0.0,2.4147,0.9587827884800476,1.0,1528.0132510142178,1000.0,1528.0290018520018,1000.0,0.002202094229210705,0.0
3329,1716051660000.0,0.0,0.0,22.7,2.3989929146350617,0.0,0.0,2.3884,0.9587827884800476,1.0,1528.0030325522177,1000.0,1527.7625733900018,1000.0,0.035639418248572675,0.0
3330,1716055260000.0,0.0,0.0,45.7,2.381482257378903,0.0,0.0,2.3717,0.9587827884800476,1.0,1527.9921572322178,1000.0,1527.545108070002,1000.0,0.07122663467026931,0.0
3331,1716058860000.0,0.0,0.0,45.7,2.381482257378903,0.0,0.0,2.373,0.9587827884800476,1.0,1527.9921572322178,1000.0,1527.6045180700019,1000.0,0.07122663467026931,0.0
3332,1716062460000.0,0.0,0.0,45.7,2.381482257378903,0.0,0.0,2.3724,0.9587827884800476,1.0,1527.9921572322178,1000.0,1527.577098070002,1000.0,0.07122663467026931,0.0
3333,1716066060000.0,0.0,0.0,45.7,2.381482257378903,0.0,0.0,2.3669,0.9587827884800476,1.0,1527.9921572322178,1000.0,1527.325748070002,1000.0,0.07122663467026931,0.0
3334,1716069660000.0,0.0,0.0,45.7,2.381482257378903,0.0,0.0,2.371,0.9587827884800476,1.0,1527.9921572322178,1000.0,1527.5131180700018,1000.0,0.07122663467026931,0.0
3335,1716073260000.0,0.0,0.0,45.7,2.381482257378903,0.0,0.0,2.365,0.9587827884800476,1.0,1527.9921572322178,1000.0,1527.238918070002,1000.0,0.07122663467026931,0.0
3336,1716076860000.0,0.0,0.0,45.7,2.381482257378903,0.0,0.0,2.3565,0.9587827884800476,1.0,1527.9921572322178,1000.0,1526.8504680700019,1000.0,0.07122663467026931,0.0
3337,1716080460000.0,0.0,0.0,45.7,2.381482257378903,0.0,0.0,2.3588,0.9587827884800476,1.0,1527.9921572322178,1000.0,1526.9555780700018,1000.0,0.07122663467026931,0.0
3338,1716084060000.0,0.0,0.0,45.7,2.381482257378903,0.0,0.0,2.3616,0.9587827884800476,1.0,1527.9921572322178,1000.0,1527.0835380700019,1000.0,0.07122663467026931,0.0
3339,1716087660000.0,0.0,0.0,45.7,2.381482257378903,0.0,0.0,2.3577,0.9587827884800476,1.0,1527.9921572322178,1000.0,1526.9053080700019,1000.0,0.07122663467026931,0.0
3340,1716091260000.0,0.0,0.0,45.7,2.381482257378903,0.0,0.0,2.3495,0.9587827884800476,1.0,1527.9921572322178,1000.0,1526.530568070002,1000.0,0.07122663467026931,0.0
3341,1716094860000.0,0.0,0.0,45.7,2.381482257378903,0.0,0.0,2.3545,0.9587827884800476,1.0,1527.9921572322178,1000.0,1526.7590680700018,1000.0,0.07122663467026931,0.0
3342,1716098460000.0,0.0,0.0,45.7,2.381482257378903,0.0,0.0,2.3683,0.9587827884800476,1.0,1527.9921572322178,1000.0,1527.3897280700019,1000.0,0.07122663467026931,0.0
3343,1716102060000.0,0.0,0.0,45.7,2.381482257378903,0.0,0.0,2.3793,0.9587827884800476,1.0,1527.9921572322178,1000.0,1527.8924280700019,1000.0,0.07122663467026931,0.0
3344,1716105660000.0,0.0,0.0,45.7,2.381482257378903,0.0,0.0,2.3741,0.9587827884800476,1.0,1527.9921572322178,1000.0,1527.6547880700018,1000.0,0.07122663467026931,0.0
3345,1716109260000.0,0.0,0.0,45.7,2.381482257378903,0.0,0.0,2.3518,0.9587827884800476,1.0,1527.9921572322178,1000.0,1526.6356780700019,1000.0,0.07122663467026931,0.0
3346,1716112860000.0,0.0,0.0,69.0,2.3672718719161723,0.0,0.0,2.3414,0.9587827884800476,1.0,1527.9812556282177,1000.0,1526.1960964660018,1000.0,0.1069003684178437,0.0
3347,1716116460000.0,0.0,0.0,69.0,2.3672718719161723,0.0,0.0,2.3227,0.9587827884800476,1.0,1527.9812556282177,1000.0,1524.905796466002,1000.0,0.1069003684178437,0.0
3348,1716120060000.0,0.0,0.0,103.9,2.350654274901019,0.0,0.0,2.3341,0.9587827884800476,1.0,1527.9650773842177,1000.0,1526.2450882220019,1000.0,0.15984199035512495,0.0
3349,1716123660000.0,0.0,0.0,103.9,2.350654274901019,0.0,0.0,2.3132,0.9587827884800476,1.0,1527.9650773842177,1000.0,1524.0735782220017,1000.0,0.15984199035512495,0.0
3350,1716127260000.0,0.0,0.0,103.9,2.350654274901019,0.0,0.0,2.3257,0.9587827884800476,1.0,1527.9650773842177,1000.0,1525.372328222002,1000.0,0.15984199035512495,0.0
3351,1716130860000.0,0.0,0.0,156.4,2.330428255512889,0.0,0.0,2.2766,0.9587827884800476,1.0,1527.9410281842177,1000.0,1519.5222890220018,1000.0,0.23854256966668227,0.0
3352,1716134460000.0,0.0,0.0,156.4,2.330428255512889,0.0,0.0,2.28,0.9587827884800476,1.0,1527.9410281842177,1000.0,1520.054049022002,1000.0,0.23854256966668227,0.0
3353,1716138060000.0,0.0,0.0,235.4,2.304879690578657,0.0,0.0,2.2579,0.9587827884800476,1.0,1527.9054102442176,1000.0,1516.8463910820017,1000.0,0.3551061967085336,0.0
3354,1716141660000.0,0.0,0.0,235.4,2.304879690578657,0.0,0.0,2.2634,0.9587827884800476,1.0,1527.9054102442176,1000.0,1518.1410910820016,1000.0,0.3551061967085336,0.0
3355,1716145260000.0,0.0,0.0,235.4,2.304879690578657,0.0,0.0,2.2582,0.9587827884800476,1.0,1527.9054102442176,1000.0,1516.9170110820016,1000.0,0.3551061967085336,0.0
3356,1716148860000.0,0.0,0.0,235.4,2.304879690578657,0.0,0.0,2.2522,0.9587827884800476,1.0,1527.9054102442176,1000.0,1515.5046110820017,1000.0,0.3551061967085336,0.0
3357,1716152460000.0,0.0,0.0,235.4,2.304879690578657,0.0,0.0,2.2463,0.9587827884800476,1.0,1527.9054102442176,1000.0,1514.1157510820017,1000.0,0.3551061967085336,0.0
3358,1716156060000.0,0.0,0.0,235.4,2.304879690578657,0.0,0.0,2.2446,0.9587827884800476,1.0,1527.9054102442176,1000.0,1513.7155710820018,1000.0,0.3551061967085336,0.0
3359,1716159660000.0,0.0,0.0,235.4,2.304879690578657,0.0,0.0,2.2426,0.9587827884800476,1.0,1527.9054102442176,1000.0,1513.2447710820018,1000.0,0.3551061967085336,0.0
3360,1716163260000.0,0.0,0.0,235.4,2.304879690578657,0.0,0.0,2.2358,0.9587827884800476,1.0,1527.9054102442176,1000.0,1511.6440510820016,1000.0,0.3551061967085336,0.0
3361,1716166860000.0,0.0,0.0,235.4,2.304879690578657,0.0,0.0,2.2431,0.9587827884800476,1.0,1527.9054102442176,1000.0,1513.3624710820018,1000.0,0.3551061967085336,0.0
3362,1716170460000.0,0.0,0.0,354.3,2.2715287303477725,0.0,0.0,2.2408,0.9587827884800476,1.0,1527.8529634542176,1000.0,1516.965774292002,1000.0,0.526753979874276,0.0
3363,1716174060000.0,0.0,0.0,354.3,2.2715287303477725,0.0,0.0,2.2387,0.9587827884800476,1.0,1527.8529634542176,1000.0,1516.2217442920019,1000.0,0.526753979874276,0.0
3364,1716177660000.0,0.0,0.0,354.3,2.2715287303477725,0.0,0.0,2.2394,0.9587827884800476,1.0,1527.8529634542176,1000.0,1516.4697542920019,1000.0,0.526753979874276,0.0
3365,1716181260000.0,0.0,0.0,205.1,2.2715287303477725,0.0,0.0,2.2928,0.9587827884800476,1.0,1532.09191295033,1000.0,1536.4546503560018,1000.0,0.30408785442719855,0.0
3366,1716184860000.0,0.0,0.0,21.6,2.2715287303477725,0.0,0.0,2.3181,0.9587827884800476,1.0,1538.9344003795136,1000.0,1539.9403398040017,1000.0,0.03188246397209138,0.0
3367,1716188460000.0,0.0,0.0,24.3,2.266113028396819,0.0,0.0,2.2675,0.9587827884800476,1.0,1539.1764050060444,1000.0,1539.2101084160017,1000.0,0.03577663119766084,0.0
3368,1716192060000.0,0.0,0.0,24.3,2.266113028396819,0.0,0.0,2.2786,0.9587827884800476,1.0,1539.1764050060444,1000.0,1539.4798384160017,1000.0,0.03577663119766084,0.0
3369,1716195660000.0,0.0,0.0,20.3,2.266113028396819,0.0,0.0,2.2903,0.9587827884800476,1.0,1539.289716972457,1000.0,1539.7807124960016,1000.0,0.029885273687746305,0.0
3370,1716199260000.0,0.0,0.0,10.0,2.266113028396819,0.0,0.0,2.2963,0.9587827884800476,1.0,1539.5814952859698,1000.0,1539.8833650020017,1000.0,0.01471901965134947,0.0
3371,1716202860000.0,0.0,0.0,1.9,2.266113028396819,0.0,0.0,2.3132,0.9587827884800476,1.0,1539.9045332979551,1000.0,1539.9939985440012,1000.0,0.002796027065868027,0.0
3372,1716206460000.0,0.0,0.0,0.4,2.266113028396819,0.0,0.0,2.2937,0.9587827884800476,1.0,1539.9626221653593,1000.0,1539.9736569540007,1000.0,0.000588615073062075,0.0
3373,1716210060000.0,0.0,0.0,0.1,2.266113028396819,0.0,0.0,2.2795,0.9587827884800476,1.0,1539.9711205628398,1000.0,1539.97245926,1000.0,0.0001471529561910605,0.0
3374,1716213660000.0,0.0,0.0,14.1,2.2697847645801525,0.0,0.0,2.3005,0.9587827884800476,1.0,1540.2465708325803,1000.0,1540.6796556520003,1000.0,0.020778468711850732,0.0
3375,1716217260000.0,0.0,0.0,11.8,2.2697847645801525,0.0,0.0,2.2945,0.9587827884800476,1.0,1540.311788518046,1000.0,1540.6034282960002,1000.0,0.017388336843032617,0.0
3376,1716220860000.0,0.0,0.0,0.4,2.2697847645801525,0.0,0.0,2.3351,0.9587827884800476,1.0,1540.7831117738315,1000.0,1540.8092378679994,1000.0,0.0005892548398890628,0.0
3377,1716224460000.0,0.0,0.0,0.0,2.2697847645801525,0.0,0.0,2.3473,0.9587827884800476,1.0,1540.8132502199994,1000.0,1540.8132502199994,1000.0,0.0,0.0
3378,1716228060000.0,0.0,0.0,0.0,2.2697847645801525,0.0,0.0,2.3635,0.9587827884800476,1.0,1540.8132502199994,1000.0,1540.8132502199994,1000.0,0.0,0.0
3379,1716231660000.0,0.0,0.0,0.0,2.2697847645801525,0.0,0.0,2.3639,0.9587827884800476,1.0,1540.8132502199994,1000.0,1540.8132502199994,1000.0,0.0,0.0
3380,1716235260000.0,0.0,0.0,0.0,2.2697847645801525,0.0,0.0,2.5222,0.9587827884800476,1.0,1540.8132502199994,1000.0,1540.8132502199994,1000.0,0.0,0.0
3381,1716238860000.0,0.0,0.0,0.0,2.2697847645801525,0.0,0.0,2.5075,0.9587827884800476,1.0,1540.8132502199994,1000.0,1540.8132502199994,1000.0,0.0,0.0
3382,1716242460000.0,0.0,0.0,0.0,2.2697847645801525,0.0,0.0,2.5333,0.9587827884800476,1.0,1540.8132502199994,1000.0,1540.8132502199994,1000.0,0.0,0.0
3383,1716246060000.0,0.0,0.0,0.0,2.2697847645801525,0.0,0.0,2.545,0.9587827884800476,1.0,1540.8132502199994,1000.0,1540.8132502199994,1000.0,0.0,0.0
3384,1716249660000.0,0.0,0.0,0.0,2.2697847645801525,0.0,0.0,2.5672,0.9587827884800476,1.0,1540.8132502199994,1000.0,1540.8132502199994,1000.0,0.0,0.0
3385,1716253260000.0,0.0,0.0,0.0,2.2697847645801525,0.0,0.0,2.5485,0.9587827884800476,1.0,1540.8132502199994,1000.0,1540.8132502199994,1000.0,0.0,0.0
3386,1716256860000.0,0.0,0.0,0.0,2.2697847645801525,0.0,0.0,2.5511,0.9587827884800476,1.0,1540.8132502199994,1000.0,1540.8132502199994,1000.0,0.0,0.0
3387,1716260460000.0,0.0,0.0,0.0,2.2697847645801525,0.0,0.0,2.5187,0.9587827884800476,1.0,1540.8132502199994,1000.0,1540.8132502199994,1000.0,0.0,0.0
3388,1716264060000.0,0.0,0.0,0.0,2.2697847645801525,0.0,0.0,2.5205,0.9587827884800476,1.0,1540.8132502199994,1000.0,1540.8132502199994,1000.0,0.0,0.0
3389,1716267660000.0,0.0,0.0,0.0,2.2697847645801525,0.0,0.0,2.5177,0.9587827884800476,1.0,1540.8132502199994,1000.0,1540.8132502199994,1000.0,0.0,0.0
3390,1716271260000.0,0.0,0.0,0.0,2.2697847645801525,0.0,0.0,2.5463,0.9587827884800476,1.0,1540.8132502199994,1000.0,1540.8132502199994,1000.0,0.0,0.0
3391,1716274860000.0,0.0,0.0,0.0,2.2697847645801525,0.0,0.0,2.5494,0.9587827884800476,1.0,1540.8132502199994,1000.0,1540.8132502199994,1000.0,0.0,0.0
3392,1716278460000.0,0.0,0.0,0.0,2.2697847645801525,0.0,0.0,2.5554,0.9587827884800476,1.0,1540.8132502199994,1000.0,1540.8132502199994,1000.0,0.0,0.0
3393,1716282060000.0,0.0,0.0,0.0,2.2697847645801525,0.0,0.0,2.5531,0.9587827884800476,1.0,1540.8132502199994,1000.0,1540.8132502199994,1000.0,0.0,0.0
3394,1716285660000.0,0.0,0.0,0.0,2.2697847645801525,0.0,0.0,2.5384,0.9587827884800476,1.0,1540.8132502199994,1000.0,1540.8132502199994,1000.0,0.0,0.0
3395,1716289260000.0,0.0,0.0,0.0,2.2697847645801525,0.0,0.0,2.5444,0.9587827884800476,1.0,1540.8132502199994,1000.0,1540.8132502199994,1000.0,0.0,0.0
3396,1716292860000.0,0.0,0.0,0.0,2.2697847645801525,0.0,0.0,2.5349,0.9587827884800476,1.0,1540.8132502199994,1000.0,1540.8132502199994,1000.0,0.0,0.0
3397,1716296460000.0,0.0,0.0,0.0,2.2697847645801525,0.0,0.0,2.5181,0.9587827884800476,1.0,1540.8132502199994,1000.0,1540.8132502199994,1000.0,0.0,0.0
3398,1716300060000.0,0.0,0.0,21.9,2.5062,0.0,0.0,2.5024,0.9587827884800476,1.0,1540.8022730639993,1000.0,1540.7190530639994,1000.0,0.03562155959885467,0.0
3399,1716303660000.0,0.0,0.0,21.9,2.5062,0.0,0.0,2.5214,0.9587827884800476,1.0,1540.8022730639993,1000.0,1541.1351530639993,1000.0,0.03562155959885467,0.0
3400,1716307260000.0,0.0,0.0,21.9,2.505882191780822,0.0,0.0,2.4929,0.9587827884800476,1.0,1541.188196161999,1000.0,1540.903886161999,1000.0,0.03560812374287839,0.0
3401,1716310860000.0,0.0,0.0,21.9,2.505882191780822,0.0,0.0,2.5056,0.9587827884800476,1.0,1541.188196161999,1000.0,1541.182016161999,1000.0,0.03560812374287839,0.0
3402,1716314460000.0,0.0,0.0,21.9,2.505882191780822,0.0,0.0,2.5121,0.9587827884800476,1.0,1541.188196161999,1000.0,1541.324366161999,1000.0,0.03560812374287839,0.0
3403,1716318060000.0,0.0,0.0,21.9,2.505882191780822,0.0,0.0,2.515,0.9587827884800476,1.0,1541.188196161999,1000.0,1541.387876161999,1000.0,0.03560812374287839,0.0
3404,1716321660000.0,0.0,0.0,21.9,2.505882191780822,0.0,0.0,2.4993,0.9587827884800476,1.0,1541.188196161999,1000.0,1541.044046161999,1000.0,0.03560812374287839,0.0
3405,1716325260000.0,0.0,0.0,21.9,2.505882191780822,0.0,0.0,2.5093,0.9587827884800476,1.0,1541.188196161999,1000.0,1541.263046161999,1000.0,0.03560812374287839,0.0
3406,1716328860000.0,0.0,0.0,21.9,2.505882191780822,0.0,0.0,2.4937,0.9587827884800476,1.0,1541.188196161999,1000.0,1540.9214061619991,1000.0,0.03560812374287839,0.0
3407,1716332460000.0,0.0,0.0,21.9,2.505882191780822,0.0,0.0,2.5078,0.9587827884800476,1.0,1541.188196161999,1000.0,1541.230196161999,1000.0,0.03560812374287839,0.0
3408,1716336060000.0,0.0,0.0,21.9,2.505882191780822,0.0,0.0,2.4933,0.9587827884800476,1.0,1541.188196161999,1000.0,1540.912646161999,1000.0,0.03560812374287839,0.0
3409,1716339660000.0,0.0,0.0,21.9,2.505882191780822,0.0,0.0,2.4947,0.9587827884800476,1.0,1541.188196161999,1000.0,1540.943306161999,1000.0,0.03560812374287839,0.0
3410,1716343260000.0,0.0,0.0,21.9,2.505882191780822,0.0,0.0,2.5051,0.9587827884800476,1.0,1541.188196161999,1000.0,1541.171066161999,1000.0,0.03560812374287839,0.0
3411,1716346860000.0,0.0,0.0,21.9,2.505882191780822,0.0,0.0,2.495,0.9587827884800476,1.0,1541.188196161999,1000.0,1540.949876161999,1000.0,0.03560812374287839,0.0
3412,1716350460000.0,0.0,0.0,21.9,2.505882191780822,0.0,0.0,2.5017,0.9587827884800476,1.0,1541.188196161999,1000.0,1541.096606161999,1000.0,0.03560812374287839,0.0
3413,1716354060000.0,0.0,0.0,44.1,2.4876176870748297,0.0,0.0,2.4756,0.9587827884800476,1.0,1541.1772311379991,1000.0,1540.647251137999,1000.0,0.0711819106742156,0.0
3414,1716357660000.0,0.0,0.0,25.6,2.4876176870748297,0.0,0.0,2.5211,0.9587827884800476,1.0,1541.752182887115,1000.0,1542.6093300979992,1000.0,0.041305608966196894,0.0
3415,1716361260000.0,0.0,0.0,2.3,2.4876176870748297,0.0,0.0,2.535,0.9587827884800476,1.0,1542.6557054202717,1000.0,1542.7646847399997,1000.0,0.0037088772693537417,0.0
3416,1716364860000.0,0.0,0.0,1.7,2.4876176870748297,0.0,0.0,2.5089,0.9587827884800476,1.0,1542.674352504027,1000.0,1542.7105324359998,1000.0,0.0027413109326429744,0.0
3417,1716368460000.0,0.0,0.0,1.7,2.4876176870748297,0.0,0.0,2.4964,0.9587827884800476,1.0,1542.674352504027,1000.0,1542.6892824359998,1000.0,0.0027413109326429744,0.0
3418,1716372060000.0,0.0,0.0,22.1,2.4908321297749865,0.0,0.0,2.4765,0.9587827884800476,1.0,1542.664188816027,1000.0,1542.3474487479998,1000.0,0.035683326589875206,0.0
3419,1716375660000.0,0.0,0.0,22.1,2.4908321297749865,0.0,0.0,2.497,0.9587827884800476,1.0,1542.664188816027,1000.0,1542.8004987479999,1000.0,0.035683326589875206,0.0
3420,1716379260000.0,0.0,0.0,22.1,2.4908321297749865,0.0,0.0,2.4761,0.9587827884800476,1.0,1542.664188816027,1000.0,1542.3386087479998,1000.0,0.035683326589875206,0.0
3421,1716382860000.0,0.0,0.0,67.1,2.4579107312671713,0.0,0.0,2.4279,0.9587827884800476,1.0,1542.642213132027,1000.0,1540.628493064,1000.0,0.10691125178869457,0.0
3422,1716386460000.0,0.0,0.0,67.1,2.4579107312671713,0.0,0.0,2.4363,0.9587827884800476,1.0,1542.642213132027,1000.0,1541.192133064,1000.0,0.10691125178869457,0.0
3423,1716390060000.0,0.0,0.0,67.1,2.4579107312671713,0.0,0.0,2.4663,0.9587827884800476,1.0,1542.642213132027,1000.0,1543.205133064,1000.0,0.10691125178869457,0.0
3424,1716393660000.0,0.0,0.0,16.7,2.4579107312671713,0.0,0.0,2.4869,0.9587827884800476,1.0,1544.367566440162,1000.0,1544.8516872280002,1000.0,0.02657858796321217,0.0
3425,1716397260000.0,0.0,0.0,1.0,2.4579107312671713,0.0,0.0,2.5002,0.9587827884800476,1.0,1544.8708878912673,1000.0,1544.9131771600003,1000.0,0.001591013689579065,0.0
3426,1716400860000.0,0.0,0.0,0.0,2.4579107312671713,0.0,0.0,2.4826,0.9587827884800476,1.0,1544.916266402001,1000.0,1544.916266402001,1000.0,0.0,0.0
3427,1716404460000.0,0.0,0.0,22.3,2.4706,0.0,0.0,2.4571,0.9587827884800476,1.0,1544.905247526001,1000.0,1544.604197526001,1000.0,0.03566197997464745,0.0
3428,1716408060000.0,0.0,0.0,22.3,2.4706,0.0,0.0,2.4748,0.9587827884800476,1.0,1544.905247526001,1000.0,1544.998907526001,1000.0,0.03566197997464745,0.0
3429,1716411660000.0,0.0,0.0,22.3,2.4692887892376683,0.0,0.0,2.4783,0.9587827884800476,1.0,1545.112010638001,1000.0,1545.312960638001,1000.0,0.03563828358130667,0.0
3430,1716415260000.0,0.0,0.0,6.8,2.4692887892376683,0.0,0.0,2.5264,0.9587827884800476,1.0,1545.7833437848171,1000.0,1546.171700018001,1000.0,0.010862559642869059,0.0
3431,1716418860000.0,0.0,0.0,2.0,2.4692887892376683,0.0,0.0,2.5038,0.9587827884800476,1.0,1545.975688128476,1000.0,1546.0447105500004,1000.0,0.003194472989710381,0.0
3432,1716422460000.0,0.0,0.0,0.5,2.4692887892376683,0.0,0.0,2.526,0.9587827884800476,1.0,1546.0355820286197,1000.0,1546.063937634001,1000.0,0.0007985873087078657,0.0
3433,1716426060000.0,0.0,0.0,0.0,2.4692887892376683,0.0,0.0,2.5211,0.9587827884800476,1.0,1546.066914388001,1000.0,1546.066914388001,1000.0,0.0,0.0
3434,1716429660000.0,0.0,0.0,10.9,2.48,0.0,0.0,2.4992,0.9587827884800476,1.0,1546.406177198001,1000.0,1546.615457198001,1000.0,0.017480530276321342,0.0
3435,1716433260000.0,0.0,0.0,9.1,2.48,0.0,0.0,2.4986,0.9587827884800476,1.0,1546.461973058001,1000.0,1546.6312330580008,1000.0,0.01459331066212617,0.0
3436,1716436860000.0,0.0,0.0,0.6,2.48,0.0,0.0,2.5451,0.9587827884800476,1.0,1546.838290936001,1000.0,1546.877350936001,1000.0,0.00096196222237271,0.0
3437,1716440460000.0,0.0,0.0,0.0,2.48,0.0,0.0,2.539,0.9587827884800476,1.0,1546.8728463640011,1000.0,1546.8728463640011,1000.0,0.0,0.0
3438,1716444060000.0,0.0,0.0,0.0,2.48,0.0,0.0,2.5388,0.9587827884800476,1.0,1546.8728463640011,1000.0,1546.8728463640011,1000.0,0.0,0.0
3439,1716447660000.0,0.0,0.0,0.0,2.48,0.0,0.0,2.5165,0.9587827884800476,1.0,1546.8728463640011,1000.0,1546.8728463640011,1000.0,0.0,0.0
3440,1716451260000.0,0.0,0.0,0.0,2.48,0.0,0.0,2.5181,0.9587827884800476,1.0,1546.8728463640011,1000.0,1546.8728463640011,1000.0,0.0,0.0
3441,1716454860000.0,0.0,0.0,0.0,2.48,0.0,0.0,2.5234,0.9587827884800476,1.0,1546.8728463640011,1000.0,1546.8728463640011,1000.0,0.0,0.0
3442,1716458460000.0,0.0,0.0,0.0,2.48,0.0,0.0,2.5216,0.9587827884800476,1.0,1546.8728463640011,1000.0,1546.8728463640011,1000.0,0.0,0.0
3443,1716462060000.0,0.0,0.0,22.0,2.5012,0.0,0.0,2.5042,0.9587827884800476,1.0,1546.861841084001,1000.0,1546.927841084001,1000.0,0.03557292483305355,0.0
3444,1716465660000.0,0.0,0.0,2.6,2.5012,0.0,0.0,2.5828,0.9587827884800476,1.0,1547.7658136560008,1000.0,1547.9779736560008,1000.0,0.004201617546157634,0.0
3445,1716469260000.0,0.0,0.0,18.4,2.5116,0.0,0.0,2.5229,0.9587827884800476,1.0,1548.0836572260005,1000.0,1548.2915772260005,1000.0,0.02985203014339,0.0
3446,1716472860000.0,0.0,0.0,100.5,2.461124378109453,0.0,0.0,2.4468,0.9587827884800476,1.0,1548.2133207040008,1000.0,1546.7737207040009,1000.0,0.1597602841238497,0.0
3447,1716476460000.0,0.0,0.0,100.5,2.461124378109453,0.0,0.0,2.4159,0.9587827884800476,1.0,1548.2133207040008,1000.0,1543.6682707040009,1000.0,0.1597602841238497,0.0
3448,1716480060000.0,0.0,0.0,100.5,2.461124378109453,0.0,0.0,2.4307,0.9587827884800476,1.0,1548.2133207040008,1000.0,1545.1556707040008,1000.0,0.1597602841238497,0.0
3449,1716483660000.0,0.0,0.0,100.5,2.461124378109453,0.0,0.0,2.4492,0.9587827884800476,1.0,1548.2133207040008,1000.0,1547.0149207040008,1000.0,0.1597602841238497,0.0
3450,1716487260000.0,0.0,0.0,100.5,2.461124378109453,0.0,0.0,2.4095,0.9587827884800476,1.0,1548.2133207040008,1000.0,1543.0250707040009,1000.0,0.1597602841238497,0.0
3451,1716490860000.0,0.0,0.0,151.3,2.439963516192994,0.0,0.0,2.4066,0.9587827884800476,1.0,1548.1889560080008,1000.0,1543.1410560080008,1000.0,0.23845053187299198,0.0
3452,1716494460000.0,0.0,0.0,342.7,2.37826746425445,0.0,0.0,2.3262,0.9587827884800476,1.0,1548.0997828520008,1000.0,1530.2562628520006,1000.0,0.5264726918948981,0.0
3453,1716498060000.0,0.0,0.0,342.7,2.37826746425445,0.0,0.0,2.3791,0.9587827884800476,1.0,1548.0997828520008,1000.0,1548.3850928520008,1000.0,0.5264726918948981,0.0
3454,1716501660000.0,0.0,0.0,4.7,2.4192686735865645,0.0,0.0,2.4599,0.9587827884800476,1.0,1564.7895741678574,1000.0,1564.9805414020004,1000.0,0.007266512350009507,0.0
3455,1716505260000.0,0.0,0.0,22.9,2.434551959726573,0.0,0.0,2.4452,0.9587827884800476,1.0,1564.907349315739,1000.0,1565.1511894380005,1000.0,0.0356259045636893,0.0
3456,1716508860000.0,0.0,0.0,22.9,2.434551959726573,0.0,0.0,2.4362,0.9587827884800476,1.0,1564.907349315739,1000.0,1564.9450894380007,1000.0,0.0356259045636893,0.0
3457,1716512460000.0,0.0,0.0,22.9,2.434551959726573,0.0,0.0,2.4558,0.9587827884800476,1.0,1564.907349315739,1000.0,1565.3939294380007,1000.0,0.0356259045636893,0.0
3458,1716516060000.0,0.0,0.0,22.9,2.434551959726573,0.0,0.0,2.4495,0.9587827884800476,1.0,1564.907349315739,1000.0,1565.2496594380007,1000.0,0.0356259045636893,0.0
3459,1716519660000.0,0.0,0.0,22.9,2.434551959726573,0.0,0.0,2.4463,0.9587827884800476,1.0,1564.907349315739,1000.0,1565.1763794380006,1000.0,0.0356259045636893,0.0
3460,1716523260000.0,0.0,0.0,22.9,2.434551959726573,0.0,0.0,2.4434,0.9587827884800476,1.0,1564.907349315739,1000.0,1565.1099694380007,1000.0,0.0356259045636893,0.0
3461,1716526860000.0,0.0,0.0,22.9,2.434551959726573,0.0,0.0,2.4365,0.9587827884800476,1.0,1564.907349315739,1000.0,1564.9519594380006,1000.0,0.0356259045636893,0.0
3462,1716530460000.0,0.0,0.0,46.1,2.4168112771743715,0.0,0.0,2.3931,0.9587827884800476,1.0,1564.896216563739,1000.0,1563.8031266860005,1000.0,0.07119641462383236,0.0
3463,1716534060000.0,0.0,0.0,104.8,2.3855323461616273,0.0,0.0,2.3318,0.9587827884800476,1.0,1564.8684988057391,1000.0,1559.2373489280005,1000.0,0.15976025465943877,0.0
3464,1716537660000.0,0.0,0.0,157.7,2.365025680898786,0.0,0.0,2.3575,0.9587827884800476,1.0,1564.8439066537392,1000.0,1563.6571067760005,1000.0,0.2383397783586515,0.0
3465,1716541260000.0,0.0,0.0,157.7,2.365025680898786,0.0,0.0,2.3564,0.9587827884800476,1.0,1564.8439066537392,1000.0,1563.4836367760006,1000.0,0.2383397783586515,0.0
3466,1716544860000.0,0.0,0.0,157.7,2.365025680898786,0.0,0.0,2.3654,0.9587827884800476,1.0,1564.8439066537392,1000.0,1564.9029367760006,1000.0,0.2383397783586515,0.0
3467,1716548460000.0,0.0,0.0,157.7,2.365025680898786,0.0,0.0,2.3493,0.9587827884800476,1.0,1564.8439066537392,1000.0,1562.3639667760006,1000.0,0.2383397783586515,0.0
3468,1716552060000.0,0.0,0.0,157.7,2.365025680898786,0.0,0.0,2.3568,0.9587827884800476,1.0,1564.8439066537392,1000.0,1563.5467167760005,1000.0,0.2383397783586515,0.0
3469,1716555660000.0,0.0,0.0,157.7,2.365025680898786,0.0,0.0,2.3572,0.9587827884800476,1.0,1564.8439066537392,1000.0,1563.6097967760006,1000.0,0.2383397783586515,0.0
3470,1716559260000.0,0.0,0.0,157.7,2.365025680898786,0.0,0.0,2.3487,0.9587827884800476,1.0,1564.8439066537392,1000.0,1562.2693467760007,1000.0,0.2383397783586515,0.0
3471,1716562860000.0,0.0,0.0,157.7,2.365025680898786,0.0,0.0,2.3772,0.9587827884800476,1.0,1564.8439066537392,1000.0,1566.7637967760006,1000.0,0.2383397783586515,0.0
3472,1716566460000.0,0.0,0.0,157.7,2.365025680898786,0.0,0.0,2.3877,0.9587827884800476,1.0,1564.8439066537392,1000.0,1568.4196467760007,1000.0,0.2383397783586515,0.0
3473,1716570060000.0,0.0,0.0,157.7,2.365025680898786,0.0,0.0,2.3676,0.9587827884800476,1.0,1564.8439066537392,1000.0,1565.2498767760005,1000.0,0.2383397783586515,0.0
3474,1716573660000.0,0.0,0.0,157.7,2.365025680898786,0.0,0.0,2.3938,0.9587827884800476,1.0,1564.8439066537392,1000.0,1569.3816167760006,1000.0,0.2383397783586515,0.0
3475,1716577260000.0,0.0,0.0,1.1,2.365025680898786,0.0,0.0,2.4247,0.9587827884800476,1.0,1572.9479964609884,1000.0,1573.0136382119997,1000.0,0.0016539187912390635,0.0
3476,1716580860000.0,0.0,0.0,0.0,2.365025680898786,0.0,0.0,2.4215,0.9587827884800476,1.0,1573.0065960800005,1000.0,1573.0065960800005,1000.0,0.0,0.0
3477,1716584460000.0,0.0,0.0,0.0,2.365025680898786,0.0,0.0,2.4344,0.9587827884800476,1.0,1573.0065960800005,1000.0,1573.0065960800005,1000.0,0.0,0.0
3478,1716588060000.0,0.0,0.0,0.0,2.365025680898786,0.0,0.0,2.4593,0.9587827884800476,1.0,1573.0065960800005,1000.0,1573.0065960800005,1000.0,0.0,0.0
3479,1716591660000.0,0.0,0.0,0.0,2.365025680898786,0.0,0.0,2.4417,0.9587827884800476,1.0,1573.0065960800005,1000.0,1573.0065960800005,1000.0,0.0,0.0
3480,1716595260000.0,0.0,0.0,0.0,2.365025680898786,0.0,0.0,2.4659,0.9587827884800476,1.0,1573.0065960800005,1000.0,1573.0065960800005,1000.0,0.0,0.0
3481,1716598860000.0,0.0,0.0,0.0,2.365025680898786,0.0,0.0,2.543,0.9587827884800476,1.0,1573.0065960800005,1000.0,1573.0065960800005,1000.0,0.0,0.0
3482,1716602460000.0,0.0,0.0,0.0,2.365025680898786,0.0,0.0,2.5773,0.9587827884800476,1.0,1573.0065960800005,1000.0,1573.0065960800005,1000.0,0.0,0.0
3483,1716606060000.0,0.0,0.0,0.0,2.365025680898786,0.0,0.0,2.571,0.9587827884800476,1.0,1573.0065960800005,1000.0,1573.0065960800005,1000.0,0.0,0.0
3484,1716609660000.0,0.0,0.0,0.0,2.365025680898786,0.0,0.0,2.5485,0.9587827884800476,1.0,1573.0065960800005,1000.0,1573.0065960800005,1000.0,0.0,0.0
3485,1716613260000.0,0.0,0.0,0.0,2.365025680898786,0.0,0.0,2.5418,0.9587827884800476,1.0,1573.0065960800005,1000.0,1573.0065960800005,1000.0,0.0,0.0
3486,1716616860000.0,0.0,0.0,0.0,2.365025680898786,0.0,0.0,2.526,0.9587827884800476,1.0,1573.0065960800005,1000.0,1573.0065960800005,1000.0,0.0,0.0
3487,1716620460000.0,0.0,0.0,0.0,2.365025680898786,0.0,0.0,2.5251,0.9587827884800476,1.0,1573.0065960800005,1000.0,1573.0065960800005,1000.0,0.0,0.0
3488,1716624060000.0,0.0,0.0,0.0,2.365025680898786,0.0,0.0,2.5201,0.9587827884800476,1.0,1573.0065960800005,1000.0,1573.0065960800005,1000.0,0.0,0.0
3489,1716627660000.0,0.0,0.0,0.0,2.365025680898786,0.0,0.0,2.5221,0.9587827884800476,1.0,1573.0065960800005,1000.0,1573.0065960800005,1000.0,0.0,0.0
3490,1716631260000.0,0.0,0.0,0.0,2.365025680898786,0.0,0.0,2.5479,0.9587827884800476,1.0,1573.0065960800005,1000.0,1573.0065960800005,1000.0,0.0,0.0
3491,1716634860000.0,0.0,0.0,0.0,2.365025680898786,0.0,0.0,2.5269,0.9587827884800476,1.0,1573.0065960800005,1000.0,1573.0065960800005,1000.0,0.0,0.0
3492,1716638460000.0,0.0,0.0,0.0,2.365025680898786,0.0,0.0,2.5045,0.9587827884800476,1.0,1573.0065960800005,1000.0,1573.0065960800005,1000.0,0.0,0.0
3493,1716642060000.0,0.0,0.0,22.5,2.496,0.0,0.0,2.5057,0.9587827884800476,1.0,1572.9953640800004,1000.0,1573.2136140800003,1000.0,0.03570258456091913,0.0
3494,1716645660000.0,0.0,0.0,22.5,2.496,0.0,0.0,2.4991,0.9587827884800476,1.0,1572.9953640800004,1000.0,1573.0651140800003,1000.0,0.03570258456091913,0.0
3495,1716649260000.0,0.0,0.0,22.5,2.496,0.0,0.0,2.5004,0.9587827884800476,1.0,1572.9953640800004,1000.0,1573.0943640800003,1000.0,0.03570258456091913,0.0
3496,1716652860000.0,0.0,0.0,22.5,2.496,0.0,0.0,2.4864,0.9587827884800476,1.0,1572.9953640800004,1000.0,1572.7793640800005,1000.0,0.03570258456091913,0.0
3497,1716656460000.0,0.0,0.0,22.5,2.496,0.0,0.0,2.4762,0.9587827884800476,1.0,1572.9953640800004,1000.0,1572.5498640800004,1000.0,0.03570258456091913,0.0
3498,1716660060000.0,0.0,0.0,22.5,2.496,0.0,0.0,2.4739,0.9587827884800476,1.0,1572.9953640800004,1000.0,1572.4981140800005,1000.0,0.03570258456091913,0.0
3499,1716663660000.0,0.0,0.0,22.5,2.496,0.0,0.0,2.4785,0.9587827884800476,1.0,1572.9953640800004,1000.0,1572.6016140800004,1000.0,0.03570258456091913,0.0
3500,1716667260000.0,0.0,0.0,22.5,2.496,0.0,0.0,2.4781,0.9587827884800476,1.0,1572.9953640800004,1000.0,1572.5926140800004,1000.0,0.03570258456091913,0.0
3501,1716670860000.0,0.0,0.0,22.5,2.496,0.0,0.0,2.4638,0.9587827884800476,1.0,1572.9953640800004,1000.0,1572.2708640800004,1000.0,0.03570258456091913,0.0
3502,1716674460000.0,0.0,0.0,22.5,2.496,0.0,0.0,2.4638,0.9587827884800476,1.0,1572.9953640800004,1000.0,1572.2708640800004,1000.0,0.03570258456091913,0.0
3503,1716678060000.0,0.0,0.0,45.3,2.4777801324503312,0.0,0.0,2.468,0.9587827884800476,1.0,1572.9841473920003,1000.0,1572.5411073920002,1000.0,0.07135700648102465,0.0
3504,1716681660000.0,0.0,0.0,45.3,2.4777801324503312,0.0,0.0,2.4636,0.9587827884800476,1.0,1572.9841473920003,1000.0,1572.3417873920002,1000.0,0.07135700648102465,0.0
3505,1716685260000.0,0.0,0.0,45.3,2.4777801324503312,0.0,0.0,2.4814,0.9587827884800476,1.0,1572.9841473920003,1000.0,1573.1481273920003,1000.0,0.07135700648102465,0.0
3506,1716688860000.0,0.0,0.0,31.5,2.4777801324503312,0.0,0.0,2.4884,0.9587827884800476,1.0,1573.4108161721858,1000.0,1573.7453420000004,1000.0,0.04960565503297267,0.0
3507,1716692460000.0,0.0,0.0,54.5,2.4613298013245037,0.0,0.0,2.4406,0.9587827884800476,1.0,1573.3995976921858,1000.0,1572.2698235200003,1000.0,0.08525645638205419,0.0
3508,1716696060000.0,0.0,0.0,54.5,2.4613298013245037,0.0,0.0,2.4429,0.9587827884800476,1.0,1573.3995976921858,1000.0,1572.3951735200003,1000.0,0.08525645638205419,0.0
3509,1716699660000.0,0.0,0.0,54.5,2.4613298013245037,0.0,0.0,2.4297,0.9587827884800476,1.0,1573.3995976921858,1000.0,1571.6757735200003,1000.0,0.08525645638205419,0.0
3510,1716703260000.0,0.0,0.0,54.5,2.4613298013245037,0.0,0.0,2.4342,0.9587827884800476,1.0,1573.3995976921858,1000.0,1571.9210235200003,1000.0,0.08525645638205419,0.0
3511,1716706860000.0,0.0,0.0,54.5,2.4613298013245037,0.0,0.0,2.4292,0.9587827884800476,1.0,1573.3995976921858,1000.0,1571.6485235200003,1000.0,0.08525645638205419,0.0
3512,1716710460000.0,0.0,0.0,54.5,2.4613298013245037,0.0,0.0,2.4223,0.9587827884800476,1.0,1573.3995976921858,1000.0,1571.2724735200004,1000.0,0.08525645638205419,0.0
3513,1716714060000.0,0.0,0.0,82.0,2.4456917581973836,0.0,0.0,2.4093,0.9587827884800476,1.0,1573.3863168421858,1000.0,1570.4021926700004,1000.0,0.12746184584513628,0.0
3514,1716717660000.0,0.0,0.0,123.4,2.4270410386724914,0.0,0.0,2.4012,0.9587827884800476,1.0,1573.3665268141858,1000.0,1570.1777426420003,1000.0,0.19035416037394567,0.0
3515,1716721260000.0,0.0,0.0,123.4,2.4270410386724914,0.0,0.0,2.3986,0.9587827884800476,1.0,1573.3665268141858,1000.0,1569.8569026420005,1000.0,0.19035416037394567,0.0
3516,1716724860000.0,0.0,0.0,123.4,2.4270410386724914,0.0,0.0,2.3888,0.9587827884800476,1.0,1573.3665268141858,1000.0,1568.6475826420003,1000.0,0.19035416037394567,0.0
3517,1716728460000.0,0.0,0.0,123.4,2.4270410386724914,0.0,0.0,2.3871,0.9587827884800476,1.0,1573.3665268141858,1000.0,1568.4378026420004,1000.0,0.19035416037394567,0.0
3518,1716732060000.0,0.0,0.0,123.4,2.4270410386724914,0.0,0.0,2.3983,0.9587827884800476,1.0,1573.3665268141858,1000.0,1569.8198826420003,1000.0,0.19035416037394567,0.0
3519,1716735660000.0,0.0,0.0,123.4,2.4270410386724914,0.0,0.0,2.4078,0.9587827884800476,1.0,1573.3665268141858,1000.0,1570.9921826420004,1000.0,0.19035416037394567,0.0
3520,1716739260000.0,0.0,0.0,123.4,2.4270410386724914,0.0,0.0,2.3932,0.9587827884800476,1.0,1573.3665268141858,1000.0,1569.1905426420003,1000.0,0.19035416037394567,0.0
3521,1716742860000.0,0.0,0.0,123.4,2.4270410386724914,0.0,0.0,2.39,0.9587827884800476,1.0,1573.3665268141858,1000.0,1568.7956626420005,1000.0,0.19035416037394567,0.0
3522,1716746460000.0,0.0,0.0,123.4,2.4270410386724914,0.0,0.0,2.3803,0.9587827884800476,1.0,1573.3665268141858,1000.0,1567.5986826420003,1000.0,0.19035416037394567,0.0
3523,1716750060000.0,0.0,0.0,123.4,2.4270410386724914,0.0,0.0,2.3744,0.9587827884800476,1.0,1573.3665268141858,1000.0,1566.8706226420004,1000.0,0.19035416037394567,0.0
3524,1716753660000.0,0.0,0.0,123.4,2.4270410386724914,0.0,0.0,2.3711,0.9587827884800476,1.0,1573.3665268141858,1000.0,1566.4634026420003,1000.0,0.19035416037394567,0.0
3525,1716757260000.0,0.0,0.0,185.7,2.4039457413687964,0.0,0.0,2.3566,0.9587827884800476,1.0,1573.3371436421858,1000.0,1564.5450394700003,1000.0,0.28373621380269803,0.0
3526,1716760860000.0,0.0,0.0,185.7,2.4039457413687964,0.0,0.0,2.3811,0.9587827884800476,1.0,1573.3371436421858,1000.0,1569.0946894700003,1000.0,0.28373621380269803,0.0
3527,1716764460000.0,0.0,0.0,185.7,2.4039457413687964,0.0,0.0,2.3679,0.9587827884800476,1.0,1573.3371436421858,1000.0,1566.6434494700004,1000.0,0.28373621380269803,0.0
3528,1716768060000.0,0.0,0.0,185.7,2.4039457413687964,0.0,0.0,2.3562,0.9587827884800476,1.0,1573.3371436421858,1000.0,1564.4707594700003,1000.0,0.28373621380269803,0.0
3529,1716771660000.0,0.0,0.0,185.7,2.4039457413687964,0.0,0.0,2.3715,0.9587827884800476,1.0,1573.3371436421858,1000.0,1567.3119694700003,1000.0,0.28373621380269803,0.0
3530,1716775260000.0,0.0,0.0,185.7,2.4039457413687964,0.0,0.0,2.3872,0.9587827884800476,1.0,1573.3371436421858,1000.0,1570.2274594700002,1000.0,0.28373621380269803,0.0
3531,1716778860000.0,0.0,0.0,185.7,2.4039457413687964,0.0,0.0,2.3828,0.9587827884800476,1.0,1573.3371436421858,1000.0,1569.4103794700002,1000.0,0.28373621380269803,0.0
3532,1716782460000.0,0.0,0.0,185.7,2.4039457413687964,0.0,0.0,2.3966,0.9587827884800476,1.0,1573.3371436421858,1000.0,1571.9730394700002,1000.0,0.28373621380269803,0.0
3533,1716786060000.0,0.0,0.0,185.7,2.4039457413687964,0.0,0.0,2.3996,0.9587827884800476,1.0,1573.3371436421858,1000.0,1572.5301394700002,1000.0,0.28373621380269803,0.0
3534,1716789660000.0,0.0,0.0,185.7,2.4039457413687964,0.0,0.0,2.3747,0.9587827884800476,1.0,1573.3371436421858,1000.0,1567.9062094700002,1000.0,0.28373621380269803,0.0
3535,1716793260000.0,0.0,0.0,185.7,2.4039457413687964,0.0,0.0,2.3619,0.9587827884800476,1.0,1573.3371436421858,1000.0,1565.5292494700002,1000.0,0.28373621380269803,0.0
3536,1716796860000.0,0.0,0.0,185.7,2.4039457413687964,0.0,0.0,2.3777,0.9587827884800476,1.0,1573.3371436421858,1000.0,1568.4633094700002,1000.0,0.28373621380269803,0.0
3537,1716800460000.0,0.0,0.0,185.7,2.4039457413687964,0.0,0.0,2.3992,0.9587827884800476,1.0,1573.3371436421858,1000.0,1572.4558594700002,1000.0,0.28373621380269803,0.0
3538,1716804060000.0,0.0,0.0,185.7,2.4039457413687964,0.0,0.0,2.3787,0.9587827884800476,1.0,1573.3371436421858,1000.0,1568.6490094700002,1000.0,0.28373621380269803,0.0
3539,1716807660000.0,0.0,0.0,185.7,2.4039457413687964,0.0,0.0,2.3819,0.9587827884800476,1.0,1573.3371436421858,1000.0,1569.2432494700004,1000.0,0.28373621380269803,0.0
3540,1716811260000.0,0.0,0.0,185.7,2.4039457413687964,0.0,0.0,2.3794,0.9587827884800476,1.0,1573.3371436421858,1000.0,1568.7789994700004,1000.0,0.28373621380269803,0.0
3541,1716814860000.0,0.0,0.0,185.7,2.4039457413687964,0.0,0.0,2.3515,0.9587827884800476,1.0,1573.3371436421858,1000.0,1563.5979694700004,1000.0,0.28373621380269803,0.0
3542,1716818460000.0,0.0,0.0,185.7,2.4039457413687964,0.0,0.0,2.4067,0.9587827884800476,1.0,1573.3371436421858,1000.0,1573.8486094700002,1000.0,0.28373621380269803,0.0
3543,1716822060000.0,0.0,0.0,185.7,2.4039457413687964,0.0,0.0,2.4157,0.9587827884800476,1.0,1573.3371436421858,1000.0,1575.5199094700004,1000.0,0.28373621380269803,0.0
3544,1716825660000.0,0.0,0.0,11.7,2.4039457413687964,0.0,0.0,2.4479,0.9587827884800476,1.0,1579.6224532840145,1000.0,1580.1367181099995,1000.0,0.017805625081829514,0.0
3545,1716829260000.0,0.0,0.0,1.2,2.4039457413687964,0.0,0.0,2.4649,0.9587827884800476,1.0,1580.1080165716423,1000.0,1580.1811616819998,1000.0,0.0018256567648467224,0.0
3546,1716832860000.0,0.0,0.0,0.2,2.4039457413687964,0.0,0.0,2.4746,0.9587827884800476,1.0,1580.1668181822738,1000.0,1580.1809490340002,1000.0,0.0003042648046658956,0.0
3547,1716836460000.0,0.0,0.0,0.0,2.4039457413687964,0.0,0.0,2.4462,0.9587827884800476,1.0,1580.1794703259998,1000.0,1580.1794703259998,1000.0,0.0,0.0
3548,1716840060000.0,0.0,0.0,23.4,2.4024,0.0,0.0,2.4149,0.9587827884800476,1.0,1580.1682270939998,1000.0,1580.4607270939998,1000.0,0.035576060216945406,0.0
3549,1716843660000.0,0.0,0.0,19.5,2.4024,0.0,0.0,2.4275,0.9587827884800476,1.0,1580.285279432,1000.0,1580.774729432,1000.0,0.029644520903743463,0.0
3550,1716847260000.0,0.0,0.0,19.5,2.4024,0.0,0.0,2.4091,0.9587827884800476,1.0,1580.285279432,1000.0,1580.415929432,1000.0,0.029644520903743463,0.0
3551,1716850860000.0,0.0,0.0,19.5,2.4024,0.0,0.0,2.4,0.9587827884800476,1.0,1580.285279432,1000.0,1580.2384794319998,1000.0,0.029644520903743463,0.0
3552,1716854460000.0,0.0,0.0,19.5,2.4024,0.0,0.0,2.3854,0.9587827884800476,1.0,1580.285279432,1000.0,1579.953779432,1000.0,0.029644520903743463,0.0
3553,1716858060000.0,0.0,0.0,43.3,2.383986605080832,0.0,0.0,2.3472,0.9587827884800476,1.0,1580.2740034679998,1000.0,1578.6811434679998,1000.0,0.06532197566590567,0.0
3554,1716861660000.0,0.0,0.0,101.3,2.3532262586377097,0.0,0.0,2.31,0.9587827884800476,1.0,1580.2469724279997,1000.0,1575.8681524279998,1000.0,0.15085098985112044,0.0
3555,1716865260000.0,0.0,0.0,101.3,2.3532262586377097,0.0,0.0,2.3334,0.9587827884800476,1.0,1580.2469724279997,1000.0,1578.2385724279998,1000.0,0.15085098985112044,0.0
3556,1716868860000.0,0.0,0.0,152.5,2.333610360655738,0.0,0.0,2.3084,0.9587827884800476,1.0,1580.2234736759997,1000.0,1576.3788936759997,1000.0,0.2252058559617162,0.0
3557,1716872460000.0,0.0,0.0,152.5,2.333610360655738,0.0,0.0,2.2831,0.9587827884800476,1.0,1580.2234736759997,1000.0,1572.5206436759997,1000.0,0.2252058559617162,0.0
3558,1716876060000.0,0.0,0.0,152.5,2.333610360655738,0.0,0.0,2.3028,0.9587827884800476,1.0,1580.2234736759997,1000.0,1575.5248936759997,1000.0,0.2252058559617162,0.0
3559,1716879660000.0,0.0,0.0,152.5,2.333610360655738,0.0,0.0,2.327,0.9587827884800476,1.0,1580.2234736759997,1000.0,1579.2153936759996,1000.0,0.2252058559617162,0.0
3560,1716883260000.0,0.0,0.0,152.5,2.333610360655738,0.0,0.0,2.3106,0.9587827884800476,1.0,1580.2234736759997,1000.0,1576.7143936759996,1000.0,0.2252058559617162,0.0
3561,1716886860000.0,0.0,0.0,152.5,2.333610360655738,0.0,0.0,2.311,0.9587827884800476,1.0,1580.2234736759997,1000.0,1576.7753936759996,1000.0,0.2252058559617162,0.0
3562,1716890460000.0,0.0,0.0,152.5,2.333610360655738,0.0,0.0,2.3174,0.9587827884800476,1.0,1580.2234736759997,1000.0,1577.7513936759997,1000.0,0.2252058559617162,0.0
3563,1716894060000.0,0.0,0.0,152.5,2.333610360655738,0.0,0.0,2.3227,0.9587827884800476,1.0,1580.2234736759997,1000.0,1578.5596436759997,1000.0,0.2252058559617162,0.0
3564,1716897660000.0,0.0,0.0,152.5,2.333610360655738,0.0,0.0,2.321,0.9587827884800476,1.0,1580.2234736759997,1000.0,1578.3003936759997,1000.0,0.2252058559617162,0.0
3565,1716901260000.0,0.0,0.0,152.5,2.333610360655738,0.0,0.0,2.3121,0.9587827884800476,1.0,1580.2234736759997,1000.0,1576.9431436759996,1000.0,0.2252058559617162,0.0
3566,1716904860000.0,0.0,0.0,152.5,2.333610360655738,0.0,0.0,2.3012,0.9587827884800476,1.0,1580.2234736759997,1000.0,1575.2808936759998,1000.0,0.2252058559617162,0.0
3567,1716908460000.0,0.0,0.0,152.5,2.333610360655738,0.0,0.0,2.3063,0.9587827884800476,1.0,1580.2234736759997,1000.0,1576.0586436759995,1000.0,0.2252058559617162,0.0
3568,1716912060000.0,0.0,0.0,152.5,2.333610360655738,0.0,0.0,2.3181,0.9587827884800476,1.0,1580.2234736759997,1000.0,1577.8581436759996,1000.0,0.2252058559617162,0.0
3569,1716915660000.0,0.0,0.0,152.5,2.333610360655738,0.0,0.0,2.2999,0.9587827884800476,1.0,1580.2234736759997,1000.0,1575.0826436759996,1000.0,0.2252058559617162,0.0
3570,1716919260000.0,0.0,0.0,152.5,2.333610360655738,0.0,0.0,2.3124,0.9587827884800476,1.0,1580.2234736759997,1000.0,1576.9888936759996,1000.0,0.2252058559617162,0.0
3571,1716922860000.0,0.0,0.0,152.5,2.333610360655738,0.0,0.0,2.301,0.9587827884800476,1.0,1580.2234736759997,1000.0,1575.2503936759997,1000.0,0.2252058559617162,0.0
3572,1716926460000.0,0.0,0.0,152.5,2.333610360655738,0.0,0.0,2.3259,0.9587827884800476,1.0,1580.2234736759997,1000.0,1579.0476436759996,1000.0,0.2252058559617162,0.0
3573,1716930060000.0,0.0,0.0,152.5,2.333610360655738,0.0,0.0,2.3094,0.9587827884800476,1.0,1580.2234736759997,1000.0,1576.5313936759997,1000.0,0.2252058559617162,0.0
3574,1716933660000.0,0.0,0.0,152.5,2.333610360655738,0.0,0.0,2.3119,0.9587827884800476,1.0,1580.2234736759997,1000.0,1576.9126436759996,1000.0,0.2252058559617162,0.0
3575,1716937260000.0,0.0,0.0,152.5,2.333610360655738,0.0,0.0,2.3073,0.9587827884800476,1.0,1580.2234736759997,1000.0,1576.2111436759997,1000.0,0.2252058559617162,0.0
3576,1716940860000.0,0.0,0.0,152.5,2.333610360655738,0.0,0.0,2.3006,0.9587827884800476,1.0,1580.2234736759997,1000.0,1575.1893936759998,1000.0,0.2252058559617162,0.0
3577,1716944460000.0,0.0,0.0,152.5,2.333610360655738,0.0,0.0,2.3003,0.9587827884800476,1.0,1580.2234736759997,1000.0,1575.1436436759996,1000.0,0.2252058559617162,0.0
3578,1716948060000.0,0.0,0.0,152.5,2.333610360655738,0.0,0.0,2.2871,0.9587827884800476,1.0,1580.2234736759997,1000.0,1573.1306436759996,1000.0,0.2252058559617162,0.0
3579,1716951660000.0,0.0,0.0,152.5,2.333610360655738,0.0,0.0,2.2959,0.9587827884800476,1.0,1580.2234736759997,1000.0,1574.4726436759997,1000.0,0.2252058559617162,0.0
3580,1716955260000.0,0.0,0.0,152.5,2.333610360655738,0.0,0.0,2.3035,0.9587827884800476,1.0,1580.2234736759997,1000.0,1575.6316436759996,1000.0,0.2252058559617162,0.0
3581,1716958860000.0,0.0,0.0,152.5,2.333610360655738,0.0,0.0,2.3181,0.9587827884800476,1.0,1580.2234736759997,1000.0,1577.8581436759996,1000.0,0.2252058559617162,0.0
3582,1716962460000.0,0.0,0.0,152.5,2.333610360655738,0.0,0.0,2.3298,0.9587827884800476,1.0,1580.2234736759997,1000.0,1579.6423936759998,1000.0,0.2252058559617162,0.0
3583,1716966060000.0,0.0,0.0,152.5,2.333610360655738,0.0,0.0,2.3174,0.9587827884800476,1.0,1580.2234736759997,1000.0,1577.7513936759997,1000.0,0.2252058559617162,0.0
3584,1716969660000.0,0.0,0.0,152.5,2.333610360655738,0.0,0.0,2.2877,0.9587827884800476,1.0,1580.2234736759997,1000.0,1573.2221436759996,1000.0,0.2252058559617162,0.0
3585,1716973260000.0,0.0,0.0,152.5,2.333610360655738,0.0,0.0,2.2918,0.9587827884800476,1.0,1580.2234736759997,1000.0,1573.8473936759997,1000.0,0.2252058559617162,0.0
3586,1716976860000.0,0.0,0.0,152.5,2.333610360655738,0.0,0.0,2.2842,0.9587827884800476,1.0,1580.2234736759997,1000.0,1572.6883936759996,1000.0,0.2252058559617162,0.0
3587,1716980460000.0,0.0,0.0,152.5,2.333610360655738,0.0,0.0,2.2853,0.9587827884800476,1.0,1580.2234736759997,1000.0,1572.8561436759996,1000.0,0.2252058559617162,0.0
3588,1716984060000.0,0.0,0.0,152.5,2.333610360655738,0.0,0.0,2.2778,0.9587827884800476,1.0,1580.2234736759997,1000.0,1571.7123936759997,1000.0,0.2252058559617162,0.0
3589,1716987660000.0,0.0,0.0,229.5,2.3089467538126365,0.0,0.0,2.2797,0.9587827884800476,1.0,1580.1886681359997,1000.0,1573.4765381359996,1000.0,0.3353417795516008,0.0
3590,1716991260000.0,0.0,0.0,229.5,2.3089467538126365,0.0,0.0,2.2625,0.9587827884800476,1.0,1580.1886681359997,1000.0,1569.5291381359996,1000.0,0.3353417795516008,0.0
3591,1716994860000.0,0.0,0.0,229.5,2.3089467538126365,0.0,0.0,2.2502,0.9587827884800476,1.0,1580.1886681359997,1000.0,1566.7062881359996,1000.0,0.3353417795516008,0.0
3592,1716998460000.0,0.0,0.0,229.5,2.3089467538126365,0.0,0.0,2.2355,0.9587827884800476,1.0,1580.1886681359997,1000.0,1563.3326381359996,1000.0,0.3353417795516008,0.0
3593,1717002060000.0,0.0,0.0,229.5,2.3089467538126365,0.0,0.0,2.258,0.9587827884800476,1.0,1580.1886681359997,1000.0,1568.4963881359997,1000.0,0.3353417795516008,0.0
3594,1717005660000.0,0.0,0.0,229.5,2.3089467538126365,0.0,0.0,2.2533,0.9587827884800476,1.0,1580.1886681359997,1000.0,1567.4177381359996,1000.0,0.3353417795516008,0.0
3595,1717009260000.0,0.0,0.0,229.5,2.3089467538126365,0.0,0.0,2.2359,0.9587827884800476,1.0,1580.1886681359997,1000.0,1563.4244381359997,1000.0,0.3353417795516008,0.0
3596,1717012860000.0,0.0,0.0,229.5,2.3089467538126365,0.0,0.0,2.23,0.9587827884800476,1.0,1580.1886681359997,1000.0,1562.0703881359996,1000.0,0.3353417795516008,0.0
3597,1717016460000.0,0.0,0.0,229.5,2.3089467538126365,0.0,0.0,2.2275,0.9587827884800476,1.0,1580.1886681359997,1000.0,1561.4966381359995,1000.0,0.3353417795516008,0.0
3598,1717020060000.0,0.0,0.0,229.5,2.3089467538126365,0.0,0.0,2.224,0.9587827884800476,1.0,1580.1886681359997,1000.0,1560.6933881359996,1000.0,0.3353417795516008,0.0
3599,1717023660000.0,0.0,0.0,229.5,2.3089467538126365,0.0,0.0,2.2249,0.9587827884800476,1.0,1580.1886681359997,1000.0,1560.8999381359995,1000.0,0.3353417795516008,0.0
3600,1717027260000.0,0.0,0.0,345.4,2.276885755645629,0.0,0.0,2.2169,0.9587827884800476,1.0,1580.1373615239997,1000.0,1559.4182815239994,1000.0,0.49770124999860993,0.0
3601,1717030860000.0,0.0,0.0,345.4,2.276885755645629,0.0,0.0,2.2141,0.9587827884800476,1.0,1580.1373615239997,1000.0,1558.4511615239996,1000.0,0.49770124999860993,0.0
3602,1717034460000.0,0.0,0.0,345.4,2.276885755645629,0.0,0.0,2.2355,0.9587827884800476,1.0,1580.1373615239997,1000.0,1565.8427215239997,1000.0,0.49770124999860993,0.0
3603,1717038060000.0,0.0,0.0,345.4,2.276885755645629,0.0,0.0,2.2358,0.9587827884800476,1.0,1580.1373615239997,1000.0,1565.9463415239995,1000.0,0.49770124999860993,0.0
3604,1717041660000.0,0.0,0.0,345.4,2.276885755645629,0.0,0.0,2.2405,0.9587827884800476,1.0,1580.1373615239997,1000.0,1567.5697215239995,1000.0,0.49770124999860993,0.0
3605,1717045260000.0,0.0,0.0,345.4,2.276885755645629,0.0,0.0,2.2303,0.9587827884800476,1.0,1580.1373615239997,1000.0,1564.0466415239996,1000.0,0.49770124999860993,0.0
3606,1717048860000.0,0.0,0.0,345.4,2.276885755645629,0.0,0.0,2.2232,0.9587827884800476,1.0,1580.1373615239997,1000.0,1561.5943015239995,1000.0,0.49770124999860993,0.0
3607,1717052460000.0,0.0,0.0,345.4,2.276885755645629,0.0,0.0,2.1875,0.9587827884800476,1.0,1580.1373615239997,1000.0,1549.2635215239995,1000.0,0.49770124999860993,0.0
3608,1717056060000.0,0.0,0.0,345.4,2.276885755645629,0.0,0.0,2.166,0.9587827884800476,1.0,1580.1373615239997,1000.0,1541.8374215239996,1000.0,0.49770124999860993,0.0
3609,1717059660000.0,0.0,0.0,519.9,2.2341633775726106,0.0,0.0,2.2098,0.9587827884800476,1.0,1580.0623404839998,1000.0,1567.3958204839996,1000.0,0.7351238683685103,0.0
3610,1717063260000.0,0.0,0.0,519.9,2.2341633775726106,0.0,0.0,2.2294,0.9587827884800476,1.0,1580.0623404839998,1000.0,1577.5858604839996,1000.0,0.7351238683685103,0.0
3611,1717066860000.0,0.0,0.0,519.9,2.2341633775726106,0.0,0.0,2.2471,0.9587827884800476,1.0,1580.0623404839998,1000.0,1586.7880904839997,1000.0,0.7351238683685103,0.0
3612,1717070460000.0,0.0,0.0,519.9,2.2341633775726106,0.0,0.0,2.2399,0.9587827884800476,1.0,1580.0623404839998,1000.0,1583.0448104839995,1000.0,0.7351238683685103,0.0
3613,1717074060000.0,0.0,0.0,519.9,2.2341633775726106,0.0,0.0,2.2568,0.9587827884800476,1.0,1580.0623404839998,1000.0,1591.8311204839997,1000.0,0.7351238683685103,0.0
3614,1717077660000.0,0.0,0.0,145.3,2.2341633775726106,0.0,0.0,2.2538,0.9587827884800476,1.0,1590.5077327453002,1000.0,1593.360933984,1000.0,0.20410082395574544,0.0
3615,1717081260000.0,0.0,0.0,145.3,2.2341633775726106,0.0,0.0,2.2195,0.9587827884800476,1.0,1590.5077327453002,1000.0,1588.377143984,1000.0,0.20410082395574544,0.0
3616,1717084860000.0,0.0,0.0,145.3,2.2341633775726106,0.0,0.0,2.2193,0.9587827884800476,1.0,1590.5077327453002,1000.0,1588.348083984,1000.0,0.20410082395574544,0.0
3617,1717088460000.0,0.0,0.0,145.3,2.2341633775726106,0.0,0.0,2.2333,0.9587827884800476,1.0,1590.5077327453002,1000.0,1590.382283984,1000.0,0.20410082395574544,0.0
3618,1717092060000.0,0.0,0.0,70.2,2.2341633775726106,0.0,0.0,2.2576,0.9587827884800476,1.0,1592.6018303395974,1000.0,1594.2470812340002,1000.0,0.09847927216820665,0.0
3619,1717095660000.0,0.0,0.0,70.2,2.2341633775726106,0.0,0.0,2.249,0.9587827884800476,1.0,1592.6018303395974,1000.0,1593.6433612340002,1000.0,0.09847927216820665,0.0
3620,1717099260000.0,0.0,0.0,70.2,2.2341633775726106,0.0,0.0,2.2065,0.9587827884800476,1.0,1592.6018303395974,1000.0,1590.6598612340001,1000.0,0.09847927216820665,0.0
3621,1717102860000.0,0.0,0.0,105.7,2.2190621485865396,0.0,0.0,2.1856,0.9587827884800476,1.0,1592.5862870195974,1000.0,1589.0493379140003,1000.0,0.14727922186530226,0.0
3622,1717106460000.0,0.0,0.0,105.7,2.2190621485865396,0.0,0.0,2.1795,0.9587827884800476,1.0,1592.5862870195974,1000.0,1588.4045679140002,1000.0,0.14727922186530226,0.0
3623,1717110060000.0,0.0,0.0,105.7,2.2190621485865396,0.0,0.0,2.1751,0.9587827884800476,1.0,1592.5862870195974,1000.0,1587.9394879140002,1000.0,0.14727922186530226,0.0
3624,1717113660000.0,0.0,0.0,105.7,2.2190621485865396,0.0,0.0,2.1662,0.9587827884800476,1.0,1592.5862870195974,1000.0,1586.9987579140002,1000.0,0.14727922186530226,0.0
3625,1717117260000.0,0.0,0.0,159.1,2.200816147741026,0.0,0.0,2.1615,0.9587827884800476,1.0,1592.5631680235974,1000.0,1586.3079689180001,1000.0,0.21986559537235825,0.0
3626,1717120860000.0,0.0,0.0,159.1,2.200816147741026,0.0,0.0,2.1518,0.9587827884800476,1.0,1592.5631680235974,1000.0,1584.7646989180002,1000.0,0.21986559537235825,0.0
3627,1717124460000.0,0.0,0.0,159.1,2.200816147741026,0.0,0.0,2.16,0.9587827884800476,1.0,1592.5631680235974,1000.0,1586.0693189180001,1000.0,0.21986559537235825,0.0
3628,1717128060000.0,0.0,0.0,159.1,2.200816147741026,0.0,0.0,2.1746,0.9587827884800476,1.0,1592.5631680235974,1000.0,1588.3921789180001,1000.0,0.21986559537235825,0.0
3629,1717131660000.0,0.0,0.0,159.1,2.200816147741026,0.0,0.0,2.1754,0.9587827884800476,1.0,1592.5631680235974,1000.0,1588.519458918,1000.0,0.21986559537235825,0.0
3630,1717135260000.0,0.0,0.0,159.1,2.200816147741026,0.0,0.0,2.1414,0.9587827884800476,1.0,1592.5631680235974,1000.0,1583.110058918,1000.0,0.21986559537235825,0.0
3631,1717138860000.0,0.0,0.0,159.1,2.200816147741026,0.0,0.0,2.1511,0.9587827884800476,1.0,1592.5631680235974,1000.0,1584.6533289180002,1000.0,0.21986559537235825,0.0
3632,1717142460000.0,0.0,0.0,159.1,2.200816147741026,0.0,0.0,2.1464,0.9587827884800476,1.0,1592.5631680235974,1000.0,1583.9055589180002,1000.0,0.21986559537235825,0.0
3633,1717146060000.0,0.0,0.0,159.1,2.200816147741026,0.0,0.0,2.1525,0.9587827884800476,1.0,1592.5631680235974,1000.0,1584.876068918,1000.0,0.21986559537235825,0.0
3634,1717149660000.0,0.0,0.0,159.1,2.200816147741026,0.0,0.0,2.1422,0.9587827884800476,1.0,1592.5631680235974,1000.0,1583.2373389180002,1000.0,0.21986559537235825,0.0
3635,1717153260000.0,0.0,0.0,159.1,2.200816147741026,0.0,0.0,2.1628,0.9587827884800476,1.0,1592.5631680235974,1000.0,1586.5147989180002,1000.0,0.21986559537235825,0.0
3636,1717156860000.0,0.0,0.0,159.1,2.200816147741026,0.0,0.0,2.175,0.9587827884800476,1.0,1592.5631680235974,1000.0,1588.4558189180002,1000.0,0.21986559537235825,0.0
3637,1717160460000.0,0.0,0.0,159.1,2.200816147741026,0.0,0.0,2.2085,0.9587827884800476,1.0,1592.5631680235974,1000.0,1593.785668918,1000.0,0.21986559537235825,0.0
3638,1717164060000.0,0.0,0.0,159.1,2.200816147741026,0.0,0.0,2.1471,0.9587827884800476,1.0,1592.5631680235974,1000.0,1584.016928918,1000.0,0.21986559537235825,0.0
3639,1717167660000.0,0.0,0.0,159.1,2.200816147741026,0.0,0.0,2.1622,0.9587827884800476,1.0,1592.5631680235974,1000.0,1586.4193389180002,1000.0,0.21986559537235825,0.0
3640,1717171260000.0,0.0,0.0,159.1,2.200816147741026,0.0,0.0,2.1426,0.9587827884800476,1.0,1592.5631680235974,1000.0,1583.300978918,1000.0,0.21986559537235825,0.0
3641,1717174860000.0,0.0,0.0,239.5,2.1779160296684648,0.0,0.0,2.1733,0.9587827884800476,1.0,1592.5288758155975,1000.0,1591.42333671,1000.0,0.3275362205526475,0.0
3642,1717178460000.0,0.0,0.0,239.5,2.1779160296684648,0.0,0.0,2.1739,0.9587827884800476,1.0,1592.5288758155975,1000.0,1591.5670367100004,1000.0,0.3275362205526475,0.0
3643,1717182060000.0,0.0,0.0,239.5,2.1779160296684648,0.0,0.0,2.1943,0.9587827884800476,1.0,1592.5288758155975,1000.0,1596.4528367100002,1000.0,0.3275362205526475,0.0
3644,1717185660000.0,0.0,0.0,199.6,2.1779160296684648,0.0,0.0,2.2035,0.9587827884800476,1.0,1593.615865543826,1000.0,1598.7224260220005,1000.0,0.27278345360440975,0.0
3645,1717189260000.0,0.0,0.0,199.6,2.1779160296684648,0.0,0.0,2.2046,0.9587827884800476,1.0,1593.615865543826,1000.0,1598.9419860220005,1000.0,0.27278345360440975,0.0
3646,1717192860000.0,0.0,0.0,199.6,2.1779160296684648,0.0,0.0,2.1965,0.9587827884800476,1.0,1593.615865543826,1000.0,1597.3252260220004,1000.0,0.27278345360440975,0.0
3647,1717196460000.0,0.0,0.0,199.6,2.1779160296684648,0.0,0.0,2.1828,0.9587827884800476,1.0,1593.615865543826,1000.0,1594.5907060220004,1000.0,0.27278345360440975,0.0
3648,1717200060000.0,0.0,0.0,199.6,2.1779160296684648,0.0,0.0,2.1703,0.9587827884800476,1.0,1593.615865543826,1000.0,1592.0957060220005,1000.0,0.27278345360440975,0.0
3649,1717203660000.0,0.0,0.0,56.9,2.1779160296684648,0.0,0.0,2.2168,0.9587827884800476,1.0,1598.321256686136,1000.0,1600.5337545980003,1000.0,0.07753348807052161,0.0
3650,1717207260000.0,0.0,0.0,2.0,2.1779160296684648,0.0,0.0,2.2129,0.9587827884800476,1.0,1600.3997725693373,1000.0,1600.4697405100003,1000.0,0.002721714995212681,0.0
3651,1717210860000.0,0.0,0.0,0.3,2.1779160296684648,0.0,0.0,2.2201,0.9587827884800476,1.0,1600.4630820149005,1000.0,1600.4757372059998,1000.0,0.0004082410998684045,0.0
3652,1717214460000.0,0.0,0.0,0.0,2.1779160296684648,0.0,0.0,2.2356,0.9587827884800476,1.0,1600.4792532699996,1000.0,1600.4792532699996,1000.0,0.0,0.0
3653,1717218060000.0,0.0,0.0,0.0,2.1779160296684648,0.0,0.0,2.2514,0.9587827884800476,1.0,1600.4792532699996,1000.0,1600.4792532699996,1000.0,0.0,0.0
3654,1717221660000.0,0.0,0.0,0.0,2.1779160296684648,0.0,0.0,2.2297,0.9587827884800476,1.0,1600.4792532699996,1000.0,1600.4792532699996,1000.0,0.0,0.0
3655,1717225260000.0,0.0,0.0,0.0,2.1779160296684648,0.0,0.0,2.2261,0.9587827884800476,1.0,1600.4792532699996,1000.0,1600.4792532699996,1000.0,0.0,0.0
3656,1717228860000.0,0.0,0.0,0.0,2.1779160296684648,0.0,0.0,2.2304,0.9587827884800476,1.0,1600.4792532699996,1000.0,1600.4792532699996,1000.0,0.0,0.0
3657,1717232460000.0,0.0,0.0,0.0,2.1779160296684648,0.0,0.0,2.2445,0.9587827884800476,1.0,1600.4792532699996,1000.0,1600.4792532699996,1000.0,0.0,0.0
3658,1717236060000.0,0.0,0.0,0.0,2.1779160296684648,0.0,0.0,2.2509,0.9587827884800476,1.0,1600.4792532699996,1000.0,1600.4792532699996,1000.0,0.0,0.0
3659,1717239660000.0,0.0,0.0,0.0,2.1779160296684648,0.0,0.0,2.2533,0.9587827884800476,1.0,1600.4792532699996,1000.0,1600.4792532699996,1000.0,0.0,0.0
3660,1717243260000.0,0.0,0.0,0.0,2.1779160296684648,0.0,0.0,2.2584,0.9587827884800476,1.0,1600.4792532699996,1000.0,1600.4792532699996,1000.0,0.0,0.0
3661,1717246860000.0,0.0,0.0,0.0,2.1779160296684648,0.0,0.0,2.2541,0.9587827884800476,1.0,1600.4792532699996,1000.0,1600.4792532699996,1000.0,0.0,0.0
3662,1717250460000.0,0.0,0.0,0.0,2.1779160296684648,0.0,0.0,2.2642,0.9587827884800476,1.0,1600.4792532699996,1000.0,1600.4792532699996,1000.0,0.0,0.0
3663,1717254060000.0,0.0,0.0,0.0,2.1779160296684648,0.0,0.0,2.2635,0.9587827884800476,1.0,1600.4792532699996,1000.0,1600.4792532699996,1000.0,0.0,0.0
3664,1717257660000.0,0.0,0.0,0.0,2.1779160296684648,0.0,0.0,2.2489,0.9587827884800476,1.0,1600.4792532699996,1000.0,1600.4792532699996,1000.0,0.0,0.0
3665,1717261260000.0,0.0,0.0,0.0,2.1779160296684648,0.0,0.0,2.2321,0.9587827884800476,1.0,1600.4792532699996,1000.0,1600.4792532699996,1000.0,0.0,0.0
3666,1717264860000.0,0.0,0.0,0.0,2.1779160296684648,0.0,0.0,2.2461,0.9587827884800476,1.0,1600.4792532699996,1000.0,1600.4792532699996,1000.0,0.0,0.0
3667,1717268460000.0,0.0,0.0,0.0,2.1779160296684648,0.0,0.0,2.2289,0.9587827884800476,1.0,1600.4792532699996,1000.0,1600.4792532699996,1000.0,0.0,0.0
3668,1717272060000.0,0.0,0.0,25.6,2.2258,0.0,0.0,2.2332,0.9587827884800476,1.0,1600.4678571739996,1000.0,1600.6572971739997,1000.0,0.035602389479169154,0.0
3669,1717275660000.0,0.0,0.0,25.6,2.2258,0.0,0.0,2.2381,0.9587827884800476,1.0,1600.4678571739996,1000.0,1600.7827371739995,1000.0,0.035602389479169154,0.0
3670,1717279260000.0,0.0,0.0,25.6,2.2258,0.0,0.0,2.2341,0.9587827884800476,1.0,1600.4678571739996,1000.0,1600.6803371739995,1000.0,0.035602389479169154,0.0
3671,1717282860000.0,0.0,0.0,25.6,2.2258,0.0,0.0,2.2313,0.9587827884800476,1.0,1600.4678571739996,1000.0,1600.6086571739995,1000.0,0.035602389479169154,0.0
3672,1717286460000.0,0.0,0.0,25.6,2.2258,0.0,0.0,2.2187,0.9587827884800476,1.0,1600.4678571739996,1000.0,1600.2860971739997,1000.0,0.035602389479169154,0.0
3673,1717290060000.0,0.0,0.0,25.6,2.2258,0.0,0.0,2.2273,0.9587827884800476,1.0,1600.4678571739996,1000.0,1600.5062571739995,1000.0,0.035602389479169154,0.0
3674,1717293660000.0,0.0,0.0,25.6,2.2258,0.0,0.0,2.2352,0.9587827884800476,1.0,1600.4678571739996,1000.0,1600.7084971739996,1000.0,0.035602389479169154,0.0
3675,1717297260000.0,0.0,0.0,25.6,2.2258,0.0,0.0,2.2194,0.9587827884800476,1.0,1600.4678571739996,1000.0,1600.3040171739997,1000.0,0.035602389479169154,0.0
3676,1717300860000.0,0.0,0.0,25.6,2.2258,0.0,0.0,2.2306,0.9587827884800476,1.0,1600.4678571739996,1000.0,1600.5907371739995,1000.0,0.035602389479169154,0.0
3677,1717304460000.0,0.0,0.0,25.6,2.2258,0.0,0.0,2.2305,0.9587827884800476,1.0,1600.4678571739996,1000.0,1600.5881771739996,1000.0,0.035602389479169154,0.0
3678,1717308060000.0,0.0,0.0,25.6,2.2258,0.0,0.0,2.2174,0.9587827884800476,1.0,1600.4678571739996,1000.0,1600.2528171739996,1000.0,0.035602389479169154,0.0
3679,1717311660000.0,0.0,0.0,25.6,2.2258,0.0,0.0,2.221,0.9587827884800476,1.0,1600.4678571739996,1000.0,1600.3449771739997,1000.0,0.035602389479169154,0.0
3680,1717315260000.0,0.0,0.0,51.6,2.20952480620155,0.0,0.0,2.198,0.9587827884800476,1.0,1600.4564509739996,1000.0,1599.8617709739997,1000.0,0.0712368524183306,0.0
3681,1717318860000.0,0.0,0.0,51.6,2.20952480620155,0.0,0.0,2.2055,0.9587827884800476,1.0,1600.4564509739996,1000.0,1600.2487709739996,1000.0,0.0712368524183306,0.0
3682,1717322460000.0,0.0,0.0,51.6,2.20952480620155,0.0,0.0,2.1882,0.9587827884800476,1.0,1600.4564509739996,1000.0,1599.3560909739997,1000.0,0.0712368524183306,0.0
3683,1717326060000.0,0.0,0.0,51.6,2.20952480620155,0.0,0.0,2.1872,0.9587827884800476,1.0,1600.4564509739996,1000.0,1599.3044909739997,1000.0,0.0712368524183306,0.0
3684,1717329660000.0,0.0,0.0,51.6,2.20952480620155,0.0,0.0,2.2149,0.9587827884800476,1.0,1600.4564509739996,1000.0,1600.7338109739997,1000.0,0.0712368524183306,0.0
3685,1717333260000.0,0.0,0.0,51.6,2.20952480620155,0.0,0.0,2.212,0.9587827884800476,1.0,1600.4564509739996,1000.0,1600.5841709739996,1000.0,0.0712368524183306,0.0
3686,1717336860000.0,0.0,0.0,51.6,2.20952480620155,0.0,0.0,2.2283,0.9587827884800476,1.0,1600.4564509739996,1000.0,1601.4252509739997,1000.0,0.0712368524183306,0.0
3687,1717340460000.0,0.0,0.0,35.9,2.20952480620155,0.0,0.0,2.245,0.9587827884800476,1.0,1600.8902054526352,1000.0,1602.1637649099996,1000.0,0.049548645042904856,0.0
3688,1717344060000.0,0.0,0.0,7.1,2.20952480620155,0.0,0.0,2.257,0.9587827884800476,1.0,1601.7850726160307,1000.0,1602.1221464919997,1000.0,0.009793839630687792,0.0
3689,1717347660000.0,0.0,0.0,1.4,2.20952480620155,0.0,0.0,2.2311,0.9587827884800476,1.0,1601.9871514346821,1000.0,1602.0173567059999,1000.0,0.001930936041473173,0.0
3690,1717351260000.0,0.0,0.0,25.8,2.209028477855898,0.0,0.0,2.1782,0.9587827884800476,1.0,1601.9763715146821,1000.0,1601.180996786,1000.0,0.03557663879573634,0.0
3691,1717354860000.0,0.0,0.0,52.0,2.192891052474657,0.0,0.0,2.2028,0.9587827884800476,1.0,1601.9649640346822,1000.0,1602.480229306,1000.0,0.07118154097545758,0.0
3692,1717358460000.0,0.0,0.0,52.0,2.192891052474657,0.0,0.0,2.1952,0.9587827884800476,1.0,1601.9649640346822,1000.0,1602.085029306,1000.0,0.07118154097545758,0.0
3693,1717362060000.0,0.0,0.0,52.0,2.192891052474657,0.0,0.0,2.1893,0.9587827884800476,1.0,1601.9649640346822,1000.0,1601.778229306,1000.0,0.07118154097545758,0.0
3694,1717365660000.0,0.0,0.0,52.0,2.192891052474657,0.0,0.0,2.1807,0.9587827884800476,1.0,1601.9649640346822,1000.0,1601.3310293060001,1000.0,0.07118154097545758,0.0
3695,1717369260000.0,0.0,0.0,52.0,2.192891052474657,0.0,0.0,2.1743,0.9587827884800476,1.0,1601.9649640346822,1000.0,1600.998229306,1000.0,0.07118154097545758,0.0
3696,1717372860000.0,0.0,0.0,52.0,2.192891052474657,0.0,0.0,2.1724,0.9587827884800476,1.0,1601.9649640346822,1000.0,1600.899429306,1000.0,0.07118154097545758,0.0
3697,1717376460000.0,0.0,0.0,118.2,2.1645151838297982,0.0,0.0,2.1558,0.9587827884800476,1.0,1601.9366009626822,1000.0,1600.906466234,1000.0,0.15971024981571177,0.0
3698,1717380060000.0,0.0,0.0,9.1,2.1645151838297982,0.0,0.0,2.2134,0.9587827884800476,1.0,1605.3969630268514,1000.0,1605.8418148540002,1000.0,0.012269294527450602,0.0
3699,1717383660000.0,0.0,0.0,0.1,2.1645151838297982,0.0,0.0,2.2242,0.9587827884800476,1.0,1605.9024283523834,1000.0,1605.9083968340003,1000.0,0.0001347849748287969,0.0
3700,1717387260000.0,0.0,0.0,0.0,2.1645151838297982,0.0,0.0,2.2045,0.9587827884800476,1.0,1605.9071225960004,1000.0,1605.9071225960004,1000.0,0.0,0.0
3701,1717390860000.0,0.0,0.0,26.2,2.1876,0.0,0.0,2.2107,0.9587827884800476,1.0,1605.8956595720003,1000.0,1606.5008795720003,1000.0,0.03569043832852472,0.0
3702,1717394460000.0,0.0,0.0,6.4,2.1876,0.0,0.0,2.2172,0.9587827884800476,1.0,1606.5413057880003,1000.0,1606.7307457880004,1000.0,0.008714771260196612,0.0
3703,1717398060000.0,0.0,0.0,0.0,2.1876,0.0,0.0,2.264,0.9587827884800476,1.0,1606.8068219860006,1000.0,1606.8068219860006,1000.0,0.0,0.0
3704,1717401660000.0,0.0,0.0,0.0,2.1876,0.0,0.0,2.2365,0.9587827884800476,1.0,1606.8068219860006,1000.0,1606.8068219860006,1000.0,0.0,0.0
3705,1717405260000.0,0.0,0.0,0.0,2.1876,0.0,0.0,2.2236,0.9587827884800476,1.0,1606.8068219860006,1000.0,1606.8068219860006,1000.0,0.0,0.0
3706,1717408860000.0,0.0,0.0,0.0,2.1876,0.0,0.0,2.226,0.9587827884800476,1.0,1606.8068219860006,1000.0,1606.8068219860006,1000.0,0.0,0.0
3707,1717412460000.0,0.0,0.0,0.0,2.1876,0.0,0.0,2.2126,0.9587827884800476,1.0,1606.8068219860006,1000.0,1606.8068219860006,1000.0,0.0,0.0
3708,1717416060000.0,0.0,0.0,0.0,2.1876,0.0,0.0,2.2137,0.9587827884800476,1.0,1606.8068219860006,1000.0,1606.8068219860006,1000.0,0.0,0.0
3709,1717419660000.0,0.0,0.0,21.7,2.2051,0.0,0.0,2.2297,0.9587827884800476,1.0,1606.9138350000005,1000.0,1607.4476550000006,1000.0,0.02977799366572756,0.0
3710,1717423260000.0,0.0,0.0,10.5,2.2051,0.0,0.0,2.226,0.9587827884800476,1.0,1607.2224328560005,1000.0,1607.4418828560006,1000.0,0.01440594004082971,0.0
3711,1717426860000.0,0.0,0.0,26.0,2.2066384615384615,0.0,0.0,2.2074,0.9587827884800476,1.0,1607.3517318380004,1000.0,1607.3715318380005,1000.0,0.03569386766043712,0.0
3712,1717430460000.0,0.0,0.0,3.6,2.2066384615384615,0.0,0.0,2.2461,0.9587827884800476,1.0,1608.038425215539,1000.0,1608.1804867540006,1000.0,0.004940117311235068,0.0
3713,1717434060000.0,0.0,0.0,1.3,2.2066384615384615,0.0,0.0,2.242,0.9587827884800476,1.0,1608.1210849620006,1000.0,1608.1670549620005,1000.0,0.0017838395546363878,0.0
3714,1717437660000.0,0.0,0.0,0.1,2.2066384615384615,0.0,0.0,2.244,0.9587827884800476,1.0,1608.1714390361542,1000.0,1608.1751751900003,1000.0,0.000137214130780795,0.0
3715,1717441260000.0,0.0,0.0,0.0,2.2066384615384615,0.0,0.0,2.2481,0.9587827884800476,1.0,1608.1752102940004,1000.0,1608.1752102940004,1000.0,0.0,0.0
3716,1717444860000.0,0.0,0.0,0.0,2.2066384615384615,0.0,0.0,2.2533,0.9587827884800476,1.0,1608.1752102940004,1000.0,1608.1752102940004,1000.0,0.0,0.0
3717,1717448460000.0,0.0,0.0,0.0,2.2066384615384615,0.0,0.0,2.2502,0.9587827884800476,1.0,1608.1752102940004,1000.0,1608.1752102940004,1000.0,0.0,0.0
3718,1717452060000.0,0.0,0.0,0.0,2.2066384615384615,0.0,0.0,2.2354,0.9587827884800476,1.0,1608.1752102940004,1000.0,1608.1752102940004,1000.0,0.0,0.0
3719,1717455660000.0,0.0,0.0,0.0,2.2066384615384615,0.0,0.0,2.2391,0.9587827884800476,1.0,1608.1752102940004,1000.0,1608.1752102940004,1000.0,0.0,0.0
3720,1717459260000.0,0.0,0.0,0.0,2.2066384615384615,0.0,0.0,2.2323,0.9587827884800476,1.0,1608.1752102940004,1000.0,1608.1752102940004,1000.0,0.0,0.0
3721,1717462860000.0,0.0,0.0,0.0,2.2066384615384615,0.0,0.0,2.2486,0.9587827884800476,1.0,1608.1752102940004,1000.0,1608.1752102940004,1000.0,0.0,0.0
3722,1717466460000.0,0.0,0.0,0.0,2.2066384615384615,0.0,0.0,2.2757,0.9587827884800476,1.0,1608.1752102940004,1000.0,1608.1752102940004,1000.0,0.0,0.0
3723,1717470060000.0,0.0,0.0,0.0,2.2066384615384615,0.0,0.0,2.2719,0.9587827884800476,1.0,1608.1752102940004,1000.0,1608.1752102940004,1000.0,0.0,0.0
3724,1717473660000.0,0.0,0.0,0.0,2.2066384615384615,0.0,0.0,2.2808,0.9587827884800476,1.0,1608.1752102940004,1000.0,1608.1752102940004,1000.0,0.0,0.0
3725,1717477260000.0,0.0,0.0,0.0,2.2066384615384615,0.0,0.0,2.3109,0.9587827884800476,1.0,1608.1752102940004,1000.0,1608.1752102940004,1000.0,0.0,0.0
3726,1717480860000.0,0.0,0.0,0.0,2.2066384615384615,0.0,0.0,2.2875,0.9587827884800476,1.0,1608.1752102940004,1000.0,1608.1752102940004,1000.0,0.0,0.0
3727,1717484460000.0,0.0,0.0,0.0,2.2066384615384615,0.0,0.0,2.2651,0.9587827884800476,1.0,1608.1752102940004,1000.0,1608.1752102940004,1000.0,0.0,0.0
3728,1717488060000.0,0.0,0.0,0.0,2.2066384615384615,0.0,0.0,2.271,0.9587827884800476,1.0,1608.1752102940004,1000.0,1608.1752102940004,1000.0,0.0,0.0
3729,1717491660000.0,0.0,0.0,0.0,2.2066384615384615,0.0,0.0,2.2711,0.9587827884800476,1.0,1608.1752102940004,1000.0,1608.1752102940004,1000.0,0.0,0.0
3730,1717495260000.0,0.0,0.0,25.4,2.2537,0.0,0.0,2.2631,0.9587827884800476,1.0,1608.1637614980004,1000.0,1608.4025214980004,1000.0,0.03559586490537343,0.0
3731,1717498860000.0,0.0,0.0,25.4,2.2537,0.0,0.0,2.2685,0.9587827884800476,1.0,1608.1637614980004,1000.0,1608.5396814980004,1000.0,0.03559586490537343,0.0
3732,1717502460000.0,0.0,0.0,25.4,2.2537,0.0,0.0,2.264,0.9587827884800476,1.0,1608.1637614980004,1000.0,1608.4253814980004,1000.0,0.03559586490537343,0.0
3733,1717506060000.0,0.0,0.0,25.4,2.2537,0.0,0.0,2.2535,0.9587827884800476,1.0,1608.1637614980004,1000.0,1608.1586814980005,1000.0,0.03559586490537343,0.0
3734,1717509660000.0,0.0,0.0,12.4,2.2537,0.0,0.0,2.2829,0.9587827884800476,1.0,1608.5296275180006,1000.0,1608.8917075180007,1000.0,0.017373556272706744,0.0
3735,1717513260000.0,0.0,0.0,3.6,2.2537,0.0,0.0,2.2892,0.9587827884800476,1.0,1608.7772906700006,1000.0,1608.9050906700006,1000.0,0.00504315920360927,0.0
3736,1717516860000.0,0.0,0.0,0.0,2.2537,0.0,0.0,2.3289,0.9587827884800476,1.0,1608.9409049520004,1000.0,1608.9409049520004,1000.0,0.0,0.0
3737,1717520460000.0,0.0,0.0,0.0,2.2537,0.0,0.0,2.3202,0.9587827884800476,1.0,1608.9409049520004,1000.0,1608.9409049520004,1000.0,0.0,0.0
3738,1717524060000.0,0.0,0.0,0.0,2.2537,0.0,0.0,2.3169,0.9587827884800476,1.0,1608.9409049520004,1000.0,1608.9409049520004,1000.0,0.0,0.0
3739,1717527660000.0,0.0,0.0,0.0,2.2537,0.0,0.0,2.31,0.9587827884800476,1.0,1608.9409049520004,1000.0,1608.9409049520004,1000.0,0.0,0.0
3740,1717531260000.0,0.0,0.0,0.0,2.2537,0.0,0.0,2.3195,0.9587827884800476,1.0,1608.9409049520004,1000.0,1608.9409049520004,1000.0,0.0,0.0
3741,1717534860000.0,0.0,0.0,0.0,2.2537,0.0,0.0,2.3077,0.9587827884800476,1.0,1608.9409049520004,1000.0,1608.9409049520004,1000.0,0.0,0.0
3742,1717538460000.0,0.0,0.0,0.0,2.2537,0.0,0.0,2.2983,0.9587827884800476,1.0,1608.9409049520004,1000.0,1608.9409049520004,1000.0,0.0,0.0
3743,1717542060000.0,0.0,0.0,0.0,2.2537,0.0,0.0,2.2936,0.9587827884800476,1.0,1608.9409049520004,1000.0,1608.9409049520004,1000.0,0.0,0.0
