,timestamp,bkr_price_long,bkr_price_short,psize_long,pprice_long,psize_short,pprice_short,price,closest_bkr_long,closest_bkr_short,balance_long,balance_short,equity_long,equity_short,wallet_exposure_long,wallet_exposure_short
0,1683810180000.0,0.0,0.0,0.0,0.0,0.0,0.0,0.001531,1.0,1.0,1000.0,1000.0,1000.0,1000.0,0.0,0.0
1,1683813780000.0,0.0,0.0,0.0,0.0,0.0,0.0,0.0014195,1.0,1.0,1000.0,1000.0,1000.0,1000.0,0.0,0.0
2,1683817380000.0,0.0,0.0,0.0,0.0,0.0,0.0,0.001241,1.0,1.0,1000.0,1000.0,1000.0,1000.0,0.0,0.0
3,1683820980000.0,0.0,0.0,0.0,0.0,0.0,0.0,0.001269,1.0,1.0,1000.0,1000.0,1000.0,1000.0,0.0,0.0
4,1683824580000.0,0.0,0.0,0.0,0.0,0.0,0.0,0.001262,1.0,1.0,1000.0,1000.0,1000.0,1000.0,0.0,0.0
5,1683828180000.0,0.0,0.0,0.0,0.0,0.0,0.0,0.0009905,1.0,1.0,1000.0,1000.0,1000.0,1000.0,0.0,0.0
6,1683831780000.0,0.0,0.0,0.0,0.0,0.0,0.0,0.000936,1.0,1.0,1000.0,1000.0,1000.0,1000.0,0.0,0.0
7,1683835380000.0,0.0,0.0,0.0,0.0,0.0,0.0,0.0008955,1.0,1.0,1000.0,1000.0,1000.0,1000.0,0.0,0.0
8,1683838980000.0,0.0,0.0,0.0,0.0,0.0,0.0,0.0011215,1.0,1.0,1000.0,1000.0,1000.0,1000.0,0.0,0.0
9,1683842580000.0,0.0,0.0,0.0,0.0,0.0,0.0,0.000992,1.0,1.0,1000.0,1000.0,1000.0,1000.0,0.0,0.0
10,1683846180000.0,0.0,0.0,0.0,0.0,0.0,0.0,0.0008985,1.0,1.0,1000.0,1000.0,1000.0,1000.0,0.0,0.0
11,1683849780000.0,0.0,0.0,0.0,0.0,0.0,0.0,0.0008525,1.0,1.0,1000.0,1000.0,1000.0,1000.0,0.0,0.0
12,1683853380000.0,0.0,0.0,0.0,0.0,0.0,0.0,0.0008875,1.0,1.0,1000.0,1000.0,1000.0,1000.0,0.0,0.0
13,1683856980000.0,0.0,0.0,0.0,0.0,0.0,0.0,0.0009025,1.0,1.0,1000.0,1000.0,1000.0,1000.0,0.0,0.0
14,1683860580000.0,0.0,0.0,0.0,0.0,0.0,0.0,0.000689,1.0,1.0,1000.0,1000.0,1000.0,1000.0,0.0,0.0
15,1683864180000.0,0.0,0.0,0.0,0.0,0.0,0.0,0.0005675,1.0,1.0,1000.0,1000.0,1000.0,1000.0,0.0,0.0
16,1683867780000.0,0.0,0.0,0.0,0.0,0.0,0.0,0.0004765,1.0,1.0,1000.0,1000.0,1000.0,1000.0,0.0,0.0
17,1683871380000.0,0.0,0.0,0.0,0.0,0.0,0.0,0.000489,1.0,1.0,1000.0,1000.0,1000.0,1000.0,0.0,0.0
18,1683874980000.0,0.0,0.0,0.0,0.0,0.0,0.0,0.0005575,1.0,1.0,1000.0,1000.0,1000.0,1000.0,0.0,0.0
19,1683878580000.0,0.0,0.0,0.0,0.0,0.0,0.0,0.0006705,1.0,1.0,1000.0,1000.0,1000.0,1000.0,0.0,0.0
20,1683882180000.0,0.0,0.0,0.0,0.0,0.0,0.0,0.0006175,1.0,1.0,1000.0,1000.0,1000.0,1000.0,0.0,0.0
21,1683885780000.0,0.0,0.0,0.0,0.0,0.0,0.0,0.000634,1.0,1.0,1000.0,1000.0,1000.0,1000.0,0.0,0.0
22,1683889380000.0,0.0,0.0,0.0,0.0,0.0,0.0,0.0005835,1.0,1.0,1000.0,1000.0,1000.0,1000.0,0.0,0.0
23,1683892980000.0,0.0,0.0,330500.0,0.0005482954690953612,0.0,0.0,0.0005535,1.0,1.0,1003.3734792460168,1000.0,1005.09357671,1000.0,0.18060239410771353,0.0
24,1683896580000.0,0.0,0.0,282900.0,0.0005852752554374255,0.0,0.0,0.0005685,1.0,1.0,1017.6000748132476,1000.0,1012.85435505,1000.0,0.16271065014773536,0.0
25,1683900180000.0,0.0,0.0,50600.0,0.0006796,0.0,0.0,0.00068,1.0,1.0,1030.8613145479999,1000.0,1030.881554548,1000.0,0.03335827963927228,0.0
26,1683903780000.0,0.0,0.0,371200.0,0.0006020513211640113,0.0,0.0,0.0005945,1.0,1.0,1035.9783744120814,1000.0,1033.1753239960003,1000.0,0.21572018869882967,0.0
27,1683907380000.0,0.0,0.0,89300.0,0.0005819606977254409,0.0,0.0,0.000574,1.0,1.0,1039.7642535728826,1000.0,1039.0533632660008,1000.0,0.04998160893520185,0.0
28,1683910980000.0,0.0,0.0,530400.0,0.00058094008495503,0.0,0.0,0.000567,1.0,1.0,1041.506243264149,1000.0,1034.112422204001,1000.0,0.2958509591785512,0.0
29,1683914580000.0,0.0,0.0,70900.0,0.0005946112575157135,0.0,0.0,0.0005885,1.0,1.0,1050.555026349865,1000.0,1050.121738192001,1000.0,0.04012920513487152,0.0
30,1683918180000.0,0.0,0.0,291700.0,0.0005853268283922706,0.0,0.0,0.000567,1.0,1.0,1052.3770330720267,1000.0,1047.0310972300015,1000.0,0.16224207719890404,0.0
31,1683921780000.0,0.0,0.0,742200.0,0.0005317021503926156,0.0,0.0,0.000521,0.9999044031459325,1.0,1057.8544131194005,1000.0,1049.9112770980012,1000.0,0.3730469251035372,0.0
32,1683925380000.0,0.0,0.0,62800.0,0.0005511540602963788,0.0,0.0,0.000571,0.9999044031459325,1.0,1063.2499927966135,1000.0,1064.4963178100008,1000.0,0.032553468348091044,0.0
33,1683928980000.0,0.0,0.0,66600.0,0.0006004419528946011,0.0,0.0,0.000605,0.9999044031459325,1.0,1070.3747296527815,1000.0,1070.6782955900012,1000.0,0.037360218767265356,0.0
34,1683932580000.0,0.0,0.0,29500.0,0.000607281188008133,0.0,0.0,0.000626,0.9999044031459325,1.0,1073.5252658422412,1000.0,1074.0774707960013,1000.0,0.01668781873725604,0.0
35,1683936180000.0,0.0,0.0,0.0,0.000607281188008133,0.0,0.0,0.0007075,0.9999044031459325,1.0,1074.0752571000012,1000.0,1074.0752571000012,1000.0,0.0,0.0
36,1683939780000.0,0.0,0.0,0.0,0.000607281188008133,0.0,0.0,0.0007065,0.9999044031459325,1.0,1074.0752571000012,1000.0,1074.0752571000012,1000.0,0.0,0.0
37,1683943380000.0,0.0,0.0,14300.0,0.0006271,0.0,0.0,0.000654,0.9999044031459325,1.0,1075.323245118001,1000.0,1075.707915118001,1000.0,0.008339380777559536,0.0
38,1683946980000.0,0.0,0.0,57100.0,0.0006287,0.0,0.0,0.0006435,0.9999044031459325,1.0,1076.7232193780012,1000.0,1077.5682993780013,1000.0,0.03334075958790776,0.0
39,1683950580000.0,0.0,0.0,0.0,0.0006302,0.0,0.0,0.0006735,0.9999044031459325,1.0,1079.317192138001,1000.0,1079.317192138001,1000.0,0.0,0.0
40,1683954180000.0,0.0,0.0,4800.0,0.0006332,0.0,0.0,0.0006535,0.9999044031459325,1.0,1079.9073782980006,1000.0,1080.0048182980006,1000.0,0.002814463592970552,0.0
41,1683957780000.0,0.0,0.0,0.0,0.0006332,0.0,0.0,0.000666,0.9999044031459325,1.0,1080.0190679620007,1000.0,1080.0190679620007,1000.0,0.0,0.0
42,1683961380000.0,0.0,0.0,0.0,0.0006332,0.0,0.0,0.000678,0.9999044031459325,1.0,1080.0190679620007,1000.0,1080.0190679620007,1000.0,0.0,0.0
43,1683964980000.0,0.0,0.0,0.0,0.0006332,0.0,0.0,0.0008325,0.9999044031459325,1.0,1080.0190679620007,1000.0,1080.0190679620007,1000.0,0.0,0.0
44,1683968580000.0,0.0,0.0,0.0,0.0006332,0.0,0.0,0.0008105,0.9999044031459325,1.0,1080.0190679620007,1000.0,1080.0190679620007,1000.0,0.0,0.0
45,1683972180000.0,0.0,0.0,0.0,0.0006332,0.0,0.0,0.000774,0.9999044031459325,1.0,1080.0190679620007,1000.0,1080.0190679620007,1000.0,0.0,0.0
46,1683975780000.0,0.0,0.0,0.0,0.0006332,0.0,0.0,0.0008125,0.9999044031459325,1.0,1080.0190679620007,1000.0,1080.0190679620007,1000.0,0.0,0.0
47,1683979380000.0,0.0,0.0,0.0,0.0006332,0.0,0.0,0.0008645,0.9999044031459325,1.0,1080.0190679620007,1000.0,1080.0190679620007,1000.0,0.0,0.0
48,1683982980000.0,0.0,0.0,0.0,0.0006332,0.0,0.0,0.0008715,0.9999044031459325,1.0,1080.0190679620007,1000.0,1080.0190679620007,1000.0,0.0,0.0
49,1683986580000.0,0.0,0.0,0.0,0.0006332,0.0,0.0,0.0008695,0.9999044031459325,1.0,1080.0190679620007,1000.0,1080.0190679620007,1000.0,0.0,0.0
50,1683990180000.0,0.0,0.0,0.0,0.0006332,0.0,0.0,0.0007855,0.9999044031459325,1.0,1080.0190679620007,1000.0,1080.0190679620007,1000.0,0.0,0.0
51,1683993780000.0,0.0,0.0,0.0,0.0006332,0.0,0.0,0.0008455,0.9999044031459325,1.0,1080.0190679620007,1000.0,1080.0190679620007,1000.0,0.0,0.0
52,1683997380000.0,0.0,0.0,0.0,0.0006332,0.0,0.0,0.0008615,0.9999044031459325,1.0,1080.0190679620007,1000.0,1080.0190679620007,1000.0,0.0,0.0
53,1684000980000.0,0.0,0.0,70200.0,0.0007688,0.0,0.0,0.0007675,0.9999044031459325,1.0,1080.0082740100006,1000.0,1079.9170140100007,1000.0,0.0499716171614258,0.0
54,1684004580000.0,0.0,0.0,35100.0,0.0007707,0.0,0.0,0.0007805,0.9999044031459325,1.0,1081.3161001960004,1000.0,1081.6600801960005,1000.0,0.025017263679969814,0.0
55,1684008180000.0,0.0,0.0,0.0,0.0007707,0.0,0.0,0.0008255,0.9999044031459325,1.0,1081.8931433680007,1000.0,1081.8931433680007,1000.0,0.0,0.0
56,1684011780000.0,0.0,0.0,0.0,0.0007707,0.0,0.0,0.0008085,0.9999044031459325,1.0,1081.8931433680007,1000.0,1081.8931433680007,1000.0,0.0,0.0
57,1684015380000.0,0.0,0.0,0.0,0.0007707,0.0,0.0,0.0008555,0.9999044031459325,1.0,1081.8931433680007,1000.0,1081.8931433680007,1000.0,0.0,0.0
58,1684018980000.0,0.0,0.0,0.0,0.0007707,0.0,0.0,0.0008695,0.9999044031459325,1.0,1081.8931433680007,1000.0,1081.8931433680007,1000.0,0.0,0.0
59,1684022580000.0,0.0,0.0,0.0,0.0007707,0.0,0.0,0.000834,0.9999044031459325,1.0,1081.8931433680007,1000.0,1081.8931433680007,1000.0,0.0,0.0
60,1684026180000.0,0.0,0.0,0.0,0.0007707,0.0,0.0,0.000885,0.9999044031459325,1.0,1081.8931433680007,1000.0,1081.8931433680007,1000.0,0.0,0.0
61,1684029780000.0,0.0,0.0,0.0,0.0007707,0.0,0.0,0.000928,0.9999044031459325,1.0,1081.8931433680007,1000.0,1081.8931433680007,1000.0,0.0,0.0
62,1684033380000.0,0.0,0.0,0.0,0.0007707,0.0,0.0,0.000914,0.9999044031459325,1.0,1081.8931433680007,1000.0,1081.8931433680007,1000.0,0.0,0.0
63,1684036980000.0,0.0,0.0,0.0,0.0007707,0.0,0.0,0.000878,0.9999044031459325,1.0,1081.8931433680007,1000.0,1081.8931433680007,1000.0,0.0,0.0
64,1684040580000.0,0.0,0.0,0.0,0.0007707,0.0,0.0,0.000884,0.9999044031459325,1.0,1081.8931433680007,1000.0,1081.8931433680007,1000.0,0.0,0.0
65,1684044180000.0,0.0,0.0,0.0,0.0007707,0.0,0.0,0.0009235,0.9999044031459325,1.0,1081.8931433680007,1000.0,1081.8931433680007,1000.0,0.0,0.0
66,1684047780000.0,0.0,0.0,0.0,0.0007707,0.0,0.0,0.0010215,0.9999044031459325,1.0,1081.8931433680007,1000.0,1081.8931433680007,1000.0,0.0,0.0
67,1684051380000.0,0.0,0.0,0.0,0.0007707,0.0,0.0,0.0011105,0.9999044031459325,1.0,1081.8931433680007,1000.0,1081.8931433680007,1000.0,0.0,0.0
68,1684054980000.0,0.0,0.0,0.0,0.0007707,0.0,0.0,0.0011925,0.9999044031459325,1.0,1081.8931433680007,1000.0,1081.8931433680007,1000.0,0.0,0.0
69,1684058580000.0,0.0,0.0,0.0,0.0007707,0.0,0.0,0.001126,0.9999044031459325,1.0,1081.8931433680007,1000.0,1081.8931433680007,1000.0,0.0,0.0
70,1684062180000.0,0.0,0.0,0.0,0.0007707,0.0,0.0,0.001132,0.9999044031459325,1.0,1081.8931433680007,1000.0,1081.8931433680007,1000.0,0.0,0.0
71,1684065780000.0,0.0,0.0,0.0,0.0007707,0.0,0.0,0.001116,0.9999044031459325,1.0,1081.8931433680007,1000.0,1081.8931433680007,1000.0,0.0,0.0
72,1684069380000.0,0.0,0.0,0.0,0.0007707,0.0,0.0,0.001076,0.9999044031459325,1.0,1081.8931433680007,1000.0,1081.8931433680007,1000.0,0.0,0.0
73,1684072980000.0,0.0,0.0,0.0,0.0007707,0.0,0.0,0.0010425,0.9999044031459325,1.0,1081.8931433680007,1000.0,1081.8931433680007,1000.0,0.0,0.0
74,1684076580000.0,0.0,0.0,0.0,0.0007707,0.0,0.0,0.0010605,0.9999044031459325,1.0,1081.8931433680007,1000.0,1081.8931433680007,1000.0,0.0,0.0
75,1684080180000.0,0.0,0.0,0.0,0.0007707,0.0,0.0,0.0010945,0.9999044031459325,1.0,1081.8931433680007,1000.0,1081.8931433680007,1000.0,0.0,0.0
76,1684083780000.0,0.0,0.0,0.0,0.0007707,0.0,0.0,0.001128,0.9999044031459325,1.0,1081.8931433680007,1000.0,1081.8931433680007,1000.0,0.0,0.0
77,1684087380000.0,0.0,0.0,0.0,0.0007707,0.0,0.0,0.0011165,0.9999044031459325,1.0,1081.8931433680007,1000.0,1081.8931433680007,1000.0,0.0,0.0
78,1684090980000.0,0.0,0.0,0.0,0.0007707,0.0,0.0,0.0010865,0.9999044031459325,1.0,1081.8931433680007,1000.0,1081.8931433680007,1000.0,0.0,0.0
79,1684094580000.0,0.0,0.0,0.0,0.0007707,0.0,0.0,0.0011175,0.9999044031459325,1.0,1081.8931433680007,1000.0,1081.8931433680007,1000.0,0.0,0.0
80,1684098180000.0,0.0,0.0,0.0,0.0007707,0.0,0.0,0.0011475,0.9999044031459325,1.0,1081.8931433680007,1000.0,1081.8931433680007,1000.0,0.0,0.0
81,1684101780000.0,0.0,0.0,0.0,0.0007707,0.0,0.0,0.001108,0.9999044031459325,1.0,1081.8931433680007,1000.0,1081.8931433680007,1000.0,0.0,0.0
82,1684105380000.0,0.0,0.0,0.0,0.0007707,0.0,0.0,0.00113,0.9999044031459325,1.0,1081.8931433680007,1000.0,1081.8931433680007,1000.0,0.0,0.0
83,1684108980000.0,0.0,0.0,0.0,0.0007707,0.0,0.0,0.0012415,0.9999044031459325,1.0,1081.8931433680007,1000.0,1081.8931433680007,1000.0,0.0,0.0
84,1684112580000.0,0.0,0.0,0.0,0.0007707,0.0,0.0,0.0012295,0.9999044031459325,1.0,1081.8931433680007,1000.0,1081.8931433680007,1000.0,0.0,0.0
85,1684116180000.0,0.0,0.0,0.0,0.0007707,0.0,0.0,0.00147,0.9999044031459325,1.0,1081.8931433680007,1000.0,1081.8931433680007,1000.0,0.0,0.0
86,1684119780000.0,0.0,0.0,0.0,0.0007707,0.0,0.0,0.001507,0.9999044031459325,1.0,1081.8931433680007,1000.0,1081.8931433680007,1000.0,0.0,0.0
87,1684123380000.0,0.0,0.0,0.0,0.0007707,0.0,0.0,0.001547,0.9999044031459325,1.0,1081.8931433680007,1000.0,1081.8931433680007,1000.0,0.0,0.0
88,1684126980000.0,0.0,0.0,0.0,0.0007707,0.0,0.0,0.0014835,0.9999044031459325,1.0,1081.8931433680007,1000.0,1081.8931433680007,1000.0,0.0,0.0
89,1684130580000.0,0.0,0.0,0.0,0.0007707,0.0,0.0,0.0013715,0.9999044031459325,1.0,1081.8931433680007,1000.0,1081.8931433680007,1000.0,0.0,0.0
90,1684134180000.0,0.0,0.0,0.0,0.0007707,0.0,0.0,0.001505,0.9999044031459325,1.0,1081.8931433680007,1000.0,1081.8931433680007,1000.0,0.0,0.0
91,1684137780000.0,0.0,0.0,0.0,0.0007707,0.0,0.0,0.001403,0.9999044031459325,1.0,1081.8931433680007,1000.0,1081.8931433680007,1000.0,0.0,0.0
92,1684141380000.0,0.0,0.0,0.0,0.0007707,0.0,0.0,0.0013595,0.9999044031459325,1.0,1081.8931433680007,1000.0,1081.8931433680007,1000.0,0.0,0.0
93,1684144980000.0,0.0,0.0,0.0,0.0007707,0.0,0.0,0.0013365,0.9999044031459325,1.0,1081.8931433680007,1000.0,1081.8931433680007,1000.0,0.0,0.0
94,1684148580000.0,0.0,0.0,0.0,0.0007707,0.0,0.0,0.0013855,0.9999044031459325,1.0,1081.8931433680007,1000.0,1081.8931433680007,1000.0,0.0,0.0
95,1684152180000.0,0.0,0.0,0.0,0.0007707,0.0,0.0,0.001415,0.9999044031459325,1.0,1081.8931433680007,1000.0,1081.8931433680007,1000.0,0.0,0.0
96,1684155780000.0,0.0,0.0,0.0,0.0007707,0.0,0.0,0.001398,0.9999044031459325,1.0,1081.8931433680007,1000.0,1081.8931433680007,1000.0,0.0,0.0
97,1684159380000.0,0.0,0.0,0.0,0.0007707,0.0,0.0,0.00138,0.9999044031459325,1.0,1081.8931433680007,1000.0,1081.8931433680007,1000.0,0.0,0.0
98,1684162980000.0,0.0,0.0,0.0,0.0007707,0.0,0.0,0.001373,0.9999044031459325,1.0,1081.8931433680007,1000.0,1081.8931433680007,1000.0,0.0,0.0
99,1684166580000.0,0.0,0.0,0.0,0.0007707,0.0,0.0,0.001423,0.9999044031459325,1.0,1081.8931433680007,1000.0,1081.8931433680007,1000.0,0.0,0.0
100,1684170180000.0,0.0,0.0,0.0,0.0007707,0.0,0.0,0.0014415,0.9999044031459325,1.0,1081.8931433680007,1000.0,1081.8931433680007,1000.0,0.0,0.0
101,1684173780000.0,0.0,0.0,0.0,0.0007707,0.0,0.0,0.001533,0.9999044031459325,1.0,1081.8931433680007,1000.0,1081.8931433680007,1000.0,0.0,0.0
102,1684177380000.0,0.0,0.0,0.0,0.0007707,0.0,0.0,0.001439,0.9999044031459325,1.0,1081.8931433680007,1000.0,1081.8931433680007,1000.0,0.0,0.0
103,1684180980000.0,0.0,0.0,0.0,0.0007707,0.0,0.0,0.0014585,0.9999044031459325,1.0,1081.8931433680007,1000.0,1081.8931433680007,1000.0,0.0,0.0
104,1684184580000.0,0.0,0.0,0.0,0.0007707,0.0,0.0,0.001528,0.9999044031459325,1.0,1081.8931433680007,1000.0,1081.8931433680007,1000.0,0.0,0.0
105,1684188180000.0,0.0,0.0,0.0,0.0007707,0.0,0.0,0.0016275,0.9999044031459325,1.0,1081.8931433680007,1000.0,1081.8931433680007,1000.0,0.0,0.0
106,1684191780000.0,0.0,0.0,0.0,0.0007707,0.0,0.0,0.0015555,0.9999044031459325,1.0,1081.8931433680007,1000.0,1081.8931433680007,1000.0,0.0,0.0
107,1684195380000.0,0.0,0.0,0.0,0.0007707,0.0,0.0,0.0015605,0.9999044031459325,1.0,1081.8931433680007,1000.0,1081.8931433680007,1000.0,0.0,0.0
108,1684198980000.0,0.0,0.0,0.0,0.0007707,0.0,0.0,0.001544,0.9999044031459325,1.0,1081.8931433680007,1000.0,1081.8931433680007,1000.0,0.0,0.0
109,1684202580000.0,0.0,0.0,37800.0,0.0014301,0.0,0.0,0.001415,0.9999044031459325,1.0,1081.8823318120008,1000.0,1081.3115518120007,1000.0,0.049966413546527574,0.0
110,1684206180000.0,0.0,0.0,510100.0,0.0012405789463058366,0.0,0.0,0.0012355,0.9999044031459325,1.0,1083.4917071666086,1000.0,1080.9009366560015,1000.0,0.5840555274441972,0.0
111,1684209780000.0,0.0,0.0,46500.0,0.0011591698230440923,0.0,0.0,0.001178,0.9999044031459325,1.0,1097.4113526395522,1000.0,1098.286955868002,1000.0,0.049116857267699834,0.0
112,1684213380000.0,0.0,0.0,45800.0,0.001177629290724189,0.0,0.0,0.0011915,0.9999044031459325,1.0,1101.9623438891701,1000.0,1102.5976223740022,1000.0,0.04894488619712073,0.0
113,1684216980000.0,0.0,0.0,441100.0,0.0010912315140427825,0.0,0.0,0.001081,0.9999044031459325,1.0,1102.7208268382738,1000.0,1098.2077059940023,1000.0,0.4365041532990521,0.0
114,1684220580000.0,0.0,0.0,75600.0,0.0010947374138530687,0.0,0.0,0.0011045,0.9999044031459325,1.0,1104.9480501892938,1000.0,1105.6861017020017,1000.0,0.07490139330361606,0.0
115,1684224180000.0,0.0,0.0,31600.0,0.001166043671820529,0.0,0.0,0.0011865,0.9999044031459325,1.0,1108.28375258353,1000.0,1108.9301725540013,1000.0,0.03324688279841186,0.0
116,1684227780000.0,0.0,0.0,45800.0,0.0011961589894109068,0.0,0.0,0.001183,0.9999044031459325,1.0,1110.437561405021,1000.0,1109.8348796900013,1000.0,0.049335580512696285,0.0
117,1684231380000.0,0.0,0.0,411800.0,0.0011198356039704214,0.0,0.0,0.001108,0.9999044031459325,1.0,1110.356288561021,1000.0,1105.4823868460016,1000.0,0.41531561217404367,0.0
118,1684234980000.0,0.0,0.0,61500.0,0.001104674588189418,0.0,0.0,0.001102,0.9999044031459325,1.0,1113.5975112956505,1000.0,1113.4330241220014,1000.0,0.06100721893191479,0.0
119,1684238580000.0,0.0,0.0,37300.0,0.0011178783479813637,0.0,0.0,0.001117,0.9999044031459325,1.0,1114.1458095597054,1000.0,1114.1130471800006,1000.0,0.03742496002043294,0.0
120,1684242180000.0,0.0,0.0,634500.0,0.0010247587407830297,0.0,0.0,0.0009925,0.9999044031459325,1.0,1114.048856058833,1000.0,1093.5806850320007,1000.0,0.5836453378957509,0.0
121,1684245780000.0,0.0,0.0,327200.0,0.0009878100379094304,0.0,0.0,0.0009665,0.9999044031459325,1.0,1115.1298788659658,1000.0,1108.1572344620001,1000.0,0.2898419731454567,0.0
122,1684249380000.0,0.0,0.0,55900.0,0.000997104514063084,0.0,0.0,0.001007,0.9999044031459325,1.0,1119.728199758126,1000.0,1120.2813574219997,1000.0,0.04977827864669878,0.0
123,1684252980000.0,0.0,0.0,62800.0,0.0009993949036372712,0.0,0.0,0.0010035,0.9999044031459325,1.0,1120.6801968204204,1000.0,1120.9379968719998,1000.0,0.05600348799460201,0.0
124,1684256580000.0,0.0,0.0,373900.0,0.0009367395377908914,0.0,0.0,0.000919,0.9999044031459325,1.0,1120.8821491720144,1000.0,1114.2493359920002,1000.0,0.31247434303306426,0.0
125,1684260180000.0,0.0,0.0,532800.0,0.0009216966651276545,0.0,0.0,0.0008985,0.9999044031459325,1.0,1120.8539825580144,1000.0,1108.4947993780002,1000.0,0.4381302032395611,0.0
126,1684263780000.0,0.0,0.0,39800.0,0.0009254370451183181,0.0,0.0,0.000938,0.9999044031459325,1.0,1122.4298427297092,1000.0,1122.929848334,1000.0,0.032814874474589875,0.0
127,1684267380000.0,0.0,0.0,68700.0,0.0009163737030000743,0.0,0.0,0.000899,0.9999044031459325,1.0,1122.512895242105,1000.0,1121.3193218459999,1000.0,0.056083875439601895,0.0
128,1684270980000.0,0.0,0.0,614000.0,0.0008474853717654446,0.0,0.0,0.000819,0.9999044031459325,1.0,1122.500471519983,1000.0,1105.010453256,1000.0,0.4635686411421873,0.0
129,1684274580000.0,0.0,0.0,65000.0,0.0008615116576833178,0.0,0.0,0.0008625,0.9999044031459325,1.0,1127.3485340794155,1000.0,1127.4127763299998,1000.0,0.049672533432744845,0.0
130,1684278180000.0,0.0,0.0,65000.0,0.0008645103651578612,0.0,0.0,0.00085,0.9999044031459325,1.0,1127.4938409592605,1000.0,1126.5506672239997,1000.0,0.04983900726894649,0.0
131,1684281780000.0,0.0,0.0,0.0,0.0009558,0.0,0.0,0.0009925,0.9999044031459325,1.0,1135.0866750159998,1000.0,1135.0866750159998,1000.0,0.0,0.0
132,1684285380000.0,0.0,0.0,59500.0,0.000951520162412904,0.0,0.0,0.00094,0.9999044031459325,1.0,1136.2664673775678,1000.0,1135.581017714,1000.0,0.04982585624851952,0.0
133,1684288980000.0,0.0,0.0,53200.0,0.000908930473607237,0.0,0.0,0.0009115,0.9999044031459325,1.0,1140.1513808099053,1000.0,1140.2880796140003,1000.0,0.04241112365408532,0.0
134,1684292580000.0,0.0,0.0,60300.0,0.0009448408541339115,0.0,0.0,0.0009295,0.9999044031459325,1.0,1142.1951087522752,1000.0,1141.2700552480003,1000.0,0.04988106065916592,0.0
135,1684296180000.0,0.0,0.0,45300.0,0.0009462878527470708,0.0,0.0,0.000946,0.9999044031459325,1.0,1143.3336180454426,1000.0,1143.3205783160004,1000.0,0.03749285340067604,0.0
136,1684299780000.0,0.0,0.0,0.0,0.0009462486146485957,0.0,0.0,0.001003,0.9999044031459325,1.0,1144.499877952,1000.0,1144.499877952,1000.0,0.0,0.0
137,1684303380000.0,0.0,0.0,0.0,0.0009462486146485957,0.0,0.0,0.000993,0.9999044031459325,1.0,1144.499877952,1000.0,1144.499877952,1000.0,0.0,0.0
138,1684306980000.0,0.0,0.0,0.0,0.0009462486146485957,0.0,0.0,0.001077,0.9999044031459325,1.0,1144.499877952,1000.0,1144.499877952,1000.0,0.0,0.0
139,1684310580000.0,0.0,0.0,0.0,0.0009462486146485957,0.0,0.0,0.0010015,0.9999044031459325,1.0,1144.499877952,1000.0,1144.499877952,1000.0,0.0,0.0
140,1684314180000.0,0.0,0.0,58300.0,0.0009819712866228091,0.0,0.0,0.0009715,0.9999044031459325,1.0,1145.9413502361094,1000.0,1145.3308742259997,1000.0,0.04995798955881487,0.0
141,1684317780000.0,0.0,0.0,181900.0,0.0009447764180560875,0.0,0.0,0.0009345,0.9999044031459325,1.0,1146.0834384324019,1000.0,1144.2141579879994,1000.0,0.14994966743386776,0.0
142,1684321380000.0,0.0,0.0,162800.0,0.0009114789799747928,0.0,0.0,0.0009105,0.9999044031459325,1.0,1146.4705362338957,1000.0,1146.3111582939994,1000.0,0.1294309563570179,0.0
143,1684324980000.0,0.0,0.0,330600.0,0.0008906871081061593,0.0,0.0,0.0008705,0.9999044031459325,1.0,1146.4413217578956,1000.0,1139.7674638179994,1000.0,0.25684799767020283,0.0
144,1684328580000.0,0.0,0.0,53200.0,0.0009097772602539244,0.0,0.0,0.000919,0.9999044031459325,1.0,1147.9843403635084,1000.0,1148.4749901179996,1000.0,0.042160984731013755,0.0
145,1684332180000.0,0.0,0.0,189600.0,0.0009088940684330651,0.0,0.0,0.00088,0.9999044031459325,1.0,1149.2728976529088,1000.0,1143.7945822779996,1000.0,0.1499437737780477,0.0
146,1684335780000.0,0.0,0.0,62500.0,0.0009124467725911224,0.0,0.0,0.0009185,0.9999044031459325,1.0,1152.0983305789448,1000.0,1152.4766572919996,1000.0,0.049499180558909284,0.0
147,1684339380000.0,0.0,0.0,47400.0,0.0009138018509478885,0.0,0.0,0.000919,0.9999044031459325,1.0,1152.3462912489294,1000.0,1152.5926835139994,1000.0,0.03758783975256722,0.0
148,1684342980000.0,0.0,0.0,0.0,0.0009265293249795783,0.0,0.0,0.00096,0.9999044031459325,1.0,1154.6439214839986,1000.0,1154.6439214839986,1000.0,0.0,0.0
149,1684346580000.0,0.0,0.0,0.0,0.0009265293249795783,0.0,0.0,0.0010395,0.9999044031459325,1.0,1154.6439214839986,1000.0,1154.6439214839986,1000.0,0.0,0.0
150,1684350180000.0,0.0,0.0,0.0,0.0009265293249795783,0.0,0.0,0.001011,0.9999044031459325,1.0,1154.6439214839986,1000.0,1154.6439214839986,1000.0,0.0,0.0
151,1684353780000.0,0.0,0.0,0.0,0.0009265293249795783,0.0,0.0,0.001024,0.9999044031459325,1.0,1154.6439214839986,1000.0,1154.6439214839986,1000.0,0.0,0.0
152,1684357380000.0,0.0,0.0,60000.0,0.000963386,0.0,0.0,0.0009655,0.9999044031459325,1.0,1155.2982154739982,1000.0,1155.425055473998,1000.0,0.05003310766500613,0.0
153,1684360980000.0,0.0,0.0,49400.0,0.0009525240237469652,0.0,0.0,0.0009445,0.9999044031459325,1.0,1157.8378161670985,1000.0,1157.4414293939983,1000.0,0.0406401363956739,0.0
154,1684364580000.0,0.0,0.0,0.0,0.0009517315020389321,0.0,0.0,0.001008,0.9999044031459325,1.0,1160.5518136619985,1000.0,1160.5518136619985,1000.0,0.0,0.0
155,1684368180000.0,0.0,0.0,0.0,0.0009517315020389321,0.0,0.0,0.0009825,0.9999044031459325,1.0,1160.5518136619985,1000.0,1160.5518136619985,1000.0,0.0,0.0
156,1684371780000.0,0.0,0.0,0.0,0.0009517315020389321,0.0,0.0,0.0010125,0.9999044031459325,1.0,1160.5518136619985,1000.0,1160.5518136619985,1000.0,0.0,0.0
157,1684375380000.0,0.0,0.0,24400.0,0.0009715993311036788,0.0,0.0,0.0009895,0.9999044031459325,1.0,1160.8277461049279,1000.0,1161.2645224259982,1000.0,0.020422516397008032,0.0
158,1684378980000.0,0.0,0.0,8000.0,0.0009718081935764653,0.0,0.0,0.0009835,0.9999044031459325,1.0,1161.9482290506098,1000.0,1162.041763501998,1000.0,0.006690888074216513,0.0
159,1684382580000.0,0.0,0.0,103500.0,0.0009478437166768638,0.0,0.0,0.0009505,0.9999044031459325,1.0,1162.1424107720536,1000.0,1162.4173360959983,1000.0,0.0844146326360147,0.0
160,1684386180000.0,0.0,0.0,77700.0,0.0009478437166768638,0.0,0.0,0.0009335,0.9999044031459325,1.0,1162.1905613977906,1000.0,1161.0760546119982,1000.0,0.06336951893432605,0.0
161,1684389780000.0,0.0,0.0,40600.0,0.00095169941307646,0.0,0.0,0.000975,0.9999044031459325,1.0,1162.7129298209027,1000.0,1163.6589336499983,1000.0,0.03323175925880174,0.0
162,1684393380000.0,0.0,0.0,378900.0,0.0009125760544283143,0.0,0.0,0.0008995,0.9999044031459325,1.0,1163.2031813608862,1000.0,1158.248664337998,1000.0,0.2972611084319334,0.0
163,1684396980000.0,0.0,0.0,62800.0,0.0009182915524980073,0.0,0.0,0.000927,0.9999044031459325,1.0,1168.3657935748731,1000.0,1168.9126840779982,1000.0,0.04935843706997336,0.0
164,1684400580000.0,0.0,0.0,62600.0,0.0009324502970884025,0.0,0.0,0.0009285,0.9999044031459325,1.0,1169.169868349732,1000.0,1168.922579751998,1000.0,0.04992549857628853,0.0
165,1684404180000.0,0.0,0.0,62400.0,0.0009404069359996734,0.0,0.0,0.0009405,0.9999044031459325,1.0,1169.8681890263779,1000.0,1169.8739962199982,1000.0,0.050160687637140704,0.0
166,1684407780000.0,0.0,0.0,53300.0,0.0009439600933836346,0.0,0.0,0.000933,0.9999044031459325,1.0,1170.340040833346,1000.0,1169.7558678559983,1000.0,0.042990132117091434,0.0
167,1684411380000.0,0.0,0.0,62100.0,0.0009427221065229036,0.0,0.0,0.0009415,0.9999044031459325,1.0,1170.4459294530704,1000.0,1170.370036637998,1000.0,0.05001772516089529,0.0
168,1684414980000.0,0.0,0.0,126000.0,0.0009292716096434311,0.0,0.0,0.0009065,0.9999044031459325,1.0,1170.4342204170705,1000.0,1167.5649976019981,1000.0,0.10003827705357872,0.0
169,1684418580000.0,0.0,0.0,191100.0,0.0009188230393253391,0.0,0.0,0.000902,0.9999044031459325,1.0,1170.4225206450706,1000.0,1167.2076378299982,1000.0,0.15002025312901418,0.0
170,1684422180000.0,0.0,0.0,63400.0,0.0009209260935566736,0.0,0.0,0.0009205,0.9999044031459325,1.0,1170.7316172474912,1000.0,1170.704602915998,1000.0,0.04987198899502364,0.0
171,1684425780000.0,0.0,0.0,278600.0,0.0008874635474927966,0.0,0.0,0.00087,0.9999044031459325,1.0,1170.6938451214912,1000.0,1165.828500789998,1000.0,0.21119727020161663,0.0
172,1684429380000.0,0.0,0.0,397000.0,0.0008758431847140885,0.0,0.0,0.0008715,0.9999044031459325,1.0,1170.6737526414913,1000.0,1168.9495083099982,1000.0,0.29701677649039787,0.0
173,1684432980000.0,0.0,0.0,565700.0,0.0008621720776586408,0.0,0.0,0.0008355,0.9999044031459325,1.0,1170.6457484414914,1000.0,1155.5573541099982,1000.0,0.41663393471579313,0.0
174,1684436580000.0,0.0,0.0,565700.0,0.0008621720776586408,0.0,0.0,0.0008455,0.9999044031459325,1.0,1170.6457484414914,1000.0,1161.2143541099983,1000.0,0.41663393471579313,0.0
175,1684440180000.0,0.0,0.0,212200.0,0.0008621720776586408,0.0,0.0,0.0008795,0.9999044031459325,1.0,1172.7371528651615,1000.0,1176.414137985998,1000.0,0.15600504719423608,0.0
176,1684443780000.0,0.0,0.0,66900.0,0.0008781989251871623,0.0,0.0,0.0008675,0.9999044031459325,1.0,1177.187668937019,1000.0,1176.471910841998,1000.0,0.04990836180612799,0.0
177,1684447380000.0,0.0,0.0,66700.0,0.0008793865973672496,0.0,0.0,0.0008825,0.9999044031459325,1.0,1177.2135634523934,1000.0,1177.4212274079978,1000.0,0.04982535698312787,0.0
178,1684450980000.0,0.0,0.0,54400.0,0.0008796661962346668,0.0,0.0,0.000871,0.9999044031459325,1.0,1177.2576608371635,1000.0,1176.7862197619977,1000.0,0.04064857054413761,0.0
179,1684454580000.0,0.0,0.0,135500.0,0.0008681913712647558,0.0,0.0,0.000851,0.9999044031459325,1.0,1177.265212706372,1000.0,1174.9357818999977,1000.0,0.09992644778480822,0.0
180,1684458180000.0,0.0,0.0,135500.0,0.0008681913712647558,0.0,0.0,0.0008585,0.9999044031459325,1.0,1177.265212706372,1000.0,1175.9520318999976,1000.0,0.09992644778480822,0.0
181,1684461780000.0,0.0,0.0,847700.0,0.0008087969574216992,0.0,0.0,0.000769,0.9999044031459325,1.0,1177.151617256372,1000.0,1143.4157364499977,1000.0,0.5824374454026289,0.0
182,1684465380000.0,0.0,0.0,1207900.0,0.0007894146376408431,0.0,0.0,0.0007485,0.9999044031459325,1.0,1177.098033904372,1000.0,1127.6772430979977,1000.0,0.810071815041227,0.0
183,1684468980000.0,0.0,0.0,1207900.0,0.0007894146376408431,0.0,0.0,0.0007585,0.9999044031459325,1.0,1177.098033904372,1000.0,1139.7562430979974,1000.0,0.810071815041227,0.0
184,1684472580000.0,0.0,0.0,1207900.0,0.0007894146376408431,0.0,0.0,0.0007675,0.9999044031459325,1.0,1177.098033904372,1000.0,1150.6273430979975,1000.0,0.810071815041227,0.0
185,1684476180000.0,0.0,0.0,1207900.0,0.0007894146376408431,0.0,0.0,0.0007535,0.9999044031459325,1.0,1177.098033904372,1000.0,1133.7167430979976,1000.0,0.810071815041227,0.0
186,1684479780000.0,0.0,0.0,1207900.0,0.0007894146376408431,0.0,0.0,0.000754,0.9999044031459325,1.0,1177.098033904372,1000.0,1134.3206930979975,1000.0,0.810071815041227,0.0
187,1684483380000.0,1.3189890385739414e-08,0.0,1523500.0,0.0007726113690885294,0.0,0.0,0.000681,0.9999044031459325,1.0,1177.0533260083719,1000.0,1037.4834052019974,1000.0,1.0000170721220174,0.0
188,1684486980000.0,1.3189890385739414e-08,0.0,1523500.0,0.0007726113690885294,0.0,0.0,0.0007175,0.9999044031459325,1.0,1177.0533260083719,1000.0,1093.0911552019975,1000.0,1.0000170721220174,0.0
189,1684490580000.0,1.3189890385739414e-08,0.0,1523500.0,0.0007726113690885294,0.0,0.0,0.0007235,0.9999044031459325,1.0,1177.0533260083719,1000.0,1102.2321552019973,1000.0,1.0000170721220174,0.0
190,1684494180000.0,1.3189890385739414e-08,0.0,1523500.0,0.0007726113690885294,0.0,0.0,0.00071,0.9999044031459325,1.0,1177.0533260083719,1000.0,1081.6649052019975,1000.0,1.0000170721220174,0.0
191,1684497780000.0,1.3189890385739414e-08,0.0,1523500.0,0.0007726113690885294,0.0,0.0,0.0007125,0.9999044031459325,1.0,1177.0533260083719,1000.0,1085.4736552019974,1000.0,1.0000170721220174,0.0
192,1684501380000.0,1.3189890385739414e-08,0.0,1523500.0,0.0007726113690885294,0.0,0.0,0.000738,0.9999044031459325,1.0,1177.0533260083719,1000.0,1124.3229052019974,1000.0,1.0000170721220174,0.0
193,1684504980000.0,1.3189890385739414e-08,0.0,1523500.0,0.0007726113690885294,0.0,0.0,0.0007085,0.9999044031459325,1.0,1177.0533260083719,1000.0,1079.3796552019974,1000.0,1.0000170721220174,0.0
194,1684508580000.0,1.3189890385739414e-08,0.0,1523500.0,0.0007726113690885294,0.0,0.0,0.000721,0.9999044031459325,1.0,1177.0533260083719,1000.0,1098.4234052019974,1000.0,1.0000170721220174,0.0
195,1684512180000.0,1.3189890385739414e-08,0.0,1523500.0,0.0007726113690885294,0.0,0.0,0.000719,0.9999044031459325,1.0,1177.0533260083719,1000.0,1095.3764052019974,1000.0,1.0000170721220174,0.0
196,1684515780000.0,1.3189890385739414e-08,0.0,1523500.0,0.0007726113690885294,0.0,0.0,0.0007145,0.9999044031459325,1.0,1177.0533260083719,1000.0,1088.5206552019974,1000.0,1.0000170721220174,0.0
197,1684519380000.0,1.3189890385739414e-08,0.0,1523500.0,0.0007726113690885294,0.0,0.0,0.0007315,0.9999044031459325,1.0,1177.0533260083719,1000.0,1114.4201552019974,1000.0,1.0000170721220174,0.0
198,1684522980000.0,1.3189890385739414e-08,0.0,1523500.0,0.0007726113690885294,0.0,0.0,0.0007265,0.9999044031459325,1.0,1177.0533260083719,1000.0,1106.8026552019974,1000.0,1.0000170721220174,0.0
199,1684526580000.0,1.3189890385739414e-08,0.0,1523500.0,0.0007726113690885294,0.0,0.0,0.0007285,0.9999044031459325,1.0,1177.0533260083719,1000.0,1109.8496552019974,1000.0,1.0000170721220174,0.0
200,1684530180000.0,1.3189890385739414e-08,0.0,1523500.0,0.0007726113690885294,0.0,0.0,0.0007335,0.9999044031459325,1.0,1177.0533260083719,1000.0,1117.4671552019975,1000.0,1.0000170721220174,0.0
201,1684533780000.0,0.0,0.0,1130700.0,0.0007726113690885294,0.0,0.0,0.000768,0.9999044031459325,1.0,1177.1089406143976,1000.0,1171.8948655859974,1000.0,0.7421502334120619,0.0
202,1684537380000.0,0.0,0.0,1130700.0,0.0007726113690885294,0.0,0.0,0.000752,0.9999044031459325,1.0,1177.1089406143976,1000.0,1153.8036655859974,1000.0,0.7421502334120619,0.0
203,1684540980000.0,0.0,0.0,1130700.0,0.0007726113690885294,0.0,0.0,0.000738,0.9999044031459325,1.0,1177.1089406143976,1000.0,1137.9738655859976,1000.0,0.7421502334120619,0.0
204,1684544580000.0,0.0,0.0,1130700.0,0.0007726113690885294,0.0,0.0,0.0007355,0.9999044031459325,1.0,1177.1089406143976,1000.0,1135.1471155859974,1000.0,0.7421502334120619,0.0
205,1684548180000.0,0.0,0.0,1130700.0,0.0007726113690885294,0.0,0.0,0.000736,0.9999044031459325,1.0,1177.1089406143976,1000.0,1135.7124655859975,1000.0,0.7421502334120619,0.0
206,1684551780000.0,0.0,0.0,1130700.0,0.0007726113690885294,0.0,0.0,0.00074,0.9999044031459325,1.0,1177.1089406143976,1000.0,1140.2352655859975,1000.0,0.7421502334120619,0.0
207,1684555380000.0,0.0,0.0,1130700.0,0.0007726113690885294,0.0,0.0,0.0007335,0.9999044031459325,1.0,1177.1089406143976,1000.0,1132.8857155859976,1000.0,0.7421502334120619,0.0
208,1684558980000.0,0.0,0.0,1130700.0,0.0007726113690885294,0.0,0.0,0.0007285,0.9999044031459325,1.0,1177.1089406143976,1000.0,1127.2322155859974,1000.0,0.7421502334120619,0.0
209,1684562580000.0,0.0,0.0,1130700.0,0.0007726113690885294,0.0,0.0,0.000719,0.9999044031459325,1.0,1177.1089406143976,1000.0,1116.4905655859975,1000.0,0.7421502334120619,0.0
210,1684566180000.0,4.3492839712783595e-08,0.0,1565300.0,0.0007520068453513065,0.0,0.0,0.000705,0.9999044031459325,1.0,1177.0482356863977,1000.0,1103.4684206579977,1000.0,1.0000578390417132,0.0
211,1684569780000.0,4.3492839712783595e-08,0.0,1565300.0,0.0007520068453513065,0.0,0.0,0.000714,0.9999044031459325,1.0,1177.0482356863977,1000.0,1117.5561206579976,1000.0,1.0000578390417132,0.0
212,1684573380000.0,0.0,0.0,1549000.0,0.0007520068453513065,0.0,0.0,0.0007435,0.9999044031459325,1.0,1176.5861045191714,1000.0,1163.4090010699977,1000.0,0.9900326027776859,0.0
213,1684576980000.0,0.0,0.0,1549000.0,0.0007520068453513065,0.0,0.0,0.0007385,0.9999044031459325,1.0,1176.5861045191714,1000.0,1155.6640010699978,1000.0,0.9900326027776859,0.0
214,1684580580000.0,0.0,0.0,1549000.0,0.0007520068453513065,0.0,0.0,0.0007445,0.9999044031459325,1.0,1176.5861045191714,1000.0,1164.9580010699976,1000.0,0.9900326027776859,0.0
215,1684584180000.0,0.0,0.0,72800.0,0.0007520068453513065,0.0,0.0,0.000768,0.9999044031459325,1.0,1189.3004291235732,1000.0,1190.464730781998,1000.0,0.046032185813570214,0.0
216,1684587780000.0,0.0,0.0,2700.0,0.0007520068453513065,0.0,0.0,0.0007605,0.9999044031459325,1.0,1190.2247391204469,1000.0,1190.2476706379985,1000.0,0.001705911846487889,0.0
217,1684591380000.0,0.0,0.0,2700.0,0.0007520068453513065,0.0,0.0,0.000744,0.9999044031459325,1.0,1190.2247391204469,1000.0,1190.2031206379984,1000.0,0.001705911846487889,0.0
218,1684594980000.0,0.0,0.0,81000.0,0.0007350466520794567,0.0,0.0,0.000733,0.9999044031459325,1.0,1190.2660116064342,1000.0,1190.1002327879983,1000.0,0.05002140549916224,0.0
219,1684598580000.0,0.0,0.0,81100.0,0.0007348096972432919,0.0,0.0,0.0007345,0.9999044031459325,1.0,1190.293452520429,1000.0,1190.268336073998,1000.0,0.050065860918787314,0.0
220,1684602180000.0,0.0,0.0,52300.0,0.0007344999157092287,0.0,0.0,0.0007385,0.9999044031459325,1.0,1190.3845999055904,1000.0,1190.5938043139977,1000.0,0.03227053306522893,0.0
221,1684605780000.0,0.0,0.0,0.0,0.000733880747381437,0.0,0.0,0.000794,0.9999044031459325,1.0,1191.7826276799976,1000.0,1191.7826276799976,1000.0,0.0,0.0
222,1684609380000.0,0.0,0.0,0.0,0.000733880747381437,0.0,0.0,0.0007755,0.9999044031459325,1.0,1191.7826276799976,1000.0,1191.7826276799976,1000.0,0.0,0.0
223,1684612980000.0,0.0,0.0,0.0,0.000733880747381437,0.0,0.0,0.000763,0.9999044031459325,1.0,1191.7826276799976,1000.0,1191.7826276799976,1000.0,0.0,0.0
224,1684616580000.0,0.0,0.0,0.0,0.000733880747381437,0.0,0.0,0.000784,0.9999044031459325,1.0,1191.7826276799976,1000.0,1191.7826276799976,1000.0,0.0,0.0
225,1684620180000.0,0.0,0.0,0.0,0.000733880747381437,0.0,0.0,0.000777,0.9999044031459325,1.0,1191.7826276799976,1000.0,1191.7826276799976,1000.0,0.0,0.0
226,1684623780000.0,0.0,0.0,0.0,0.000733880747381437,0.0,0.0,0.0007635,0.9999044031459325,1.0,1191.7826276799976,1000.0,1191.7826276799976,1000.0,0.0,0.0
227,1684627380000.0,0.0,0.0,0.0,0.000733880747381437,0.0,0.0,0.000783,0.9999044031459325,1.0,1191.7826276799976,1000.0,1191.7826276799976,1000.0,0.0,0.0
228,1684630980000.0,0.0,0.0,0.0,0.000733880747381437,0.0,0.0,0.000801,0.9999044031459325,1.0,1191.7826276799976,1000.0,1191.7826276799976,1000.0,0.0,0.0
229,1684634580000.0,0.0,0.0,0.0,0.000733880747381437,0.0,0.0,0.000766,0.9999044031459325,1.0,1191.7826276799976,1000.0,1191.7826276799976,1000.0,0.0,0.0
230,1684638180000.0,0.0,0.0,0.0,0.000733880747381437,0.0,0.0,0.0007665,0.9999044031459325,1.0,1191.7826276799976,1000.0,1191.7826276799976,1000.0,0.0,0.0
231,1684641780000.0,0.0,0.0,0.0,0.000733880747381437,0.0,0.0,0.000764,0.9999044031459325,1.0,1191.7826276799976,1000.0,1191.7826276799976,1000.0,0.0,0.0
232,1684645380000.0,0.0,0.0,0.0,0.000733880747381437,0.0,0.0,0.000767,0.9999044031459325,1.0,1191.7826276799976,1000.0,1191.7826276799976,1000.0,0.0,0.0
233,1684648980000.0,0.0,0.0,0.0,0.000733880747381437,0.0,0.0,0.000777,0.9999044031459325,1.0,1191.7826276799976,1000.0,1191.7826276799976,1000.0,0.0,0.0
234,1684652580000.0,0.0,0.0,58900.0,0.0007591,0.0,0.0,0.000761,0.9999044031459325,1.0,1191.8010474739976,1000.0,1191.9129574739977,1000.0,0.03751548137565761,0.0
235,1684656180000.0,0.0,0.0,269500.0,0.0007221681961453498,0.0,0.0,0.0007155,0.9999044031459325,1.0,1192.0386421111689,1000.0,1190.2415632499972,1000.0,0.16327015080356866,0.0
236,1684659780000.0,0.0,0.0,269500.0,0.0007221681961453498,0.0,0.0,0.000717,0.9999044031459325,1.0,1192.0386421111689,1000.0,1190.6458132499972,1000.0,0.16327015080356866,0.0
237,1684663380000.0,0.0,0.0,81700.0,0.0007283965209904869,0.0,0.0,0.0007295,0.9999044031459325,1.0,1192.5346913449196,1000.0,1192.6248455799969,1000.0,0.04990210867392752,0.0
238,1684666980000.0,0.0,0.0,124500.0,0.0007179938261900108,0.0,0.0,0.0007125,0.9999044031459325,1.0,1192.583307616653,1000.0,1191.8993262559966,1000.0,0.07495512539019217,0.0
239,1684670580000.0,0.0,0.0,118300.0,0.0007090675611829512,0.0,0.0,0.0007045,0.9999044031459325,1.0,1192.6991467619398,1000.0,1192.1588042739966,1000.0,0.07033013540395022,0.0
240,1684674180000.0,0.0,0.0,83700.0,0.0007122107866273558,0.0,0.0,0.000709,0.9999044031459325,1.0,1192.9258083327056,1000.0,1192.657065491996,1000.0,0.04997129110990275,0.0
241,1684677780000.0,0.0,0.0,67700.0,0.0007159731599613962,0.0,0.0,0.000714,0.9999044031459325,1.0,1193.1669106433824,1000.0,1193.033327713996,1000.0,0.04062414277248911,0.0
242,1684681380000.0,0.0,0.0,168200.0,0.0007094499598151468,0.0,0.0,0.0007055,0.9999044031459325,1.0,1193.3696602389036,1000.0,1192.705276997996,1000.0,0.09999372970234456,0.0
243,1684684980000.0,0.0,0.0,363700.0,0.0006935334980503373,0.0,0.0,0.0006875,0.9999044031459325,1.0,1193.3430785089038,1000.0,1191.1486952679961,1000.0,0.21137101122342972,0.0
244,1684688580000.0,0.0,0.0,596600.0,0.0006686496709706654,0.0,0.0,0.000644,0.9999044031459325,1.0,1193.5187869990955,1000.0,1178.8127932979964,1000.0,0.3342355378452885,0.0
245,1684692180000.0,0.0,0.0,596600.0,0.0006686496709706654,0.0,0.0,0.000652,0.9999044031459325,1.0,1193.5187869990955,1000.0,1183.5855932979964,1000.0,0.3342355378452885,0.0
246,1684695780000.0,0.0,0.0,596600.0,0.0006686496709706654,0.0,0.0,0.000656,0.9999044031459325,1.0,1193.5187869990955,1000.0,1185.9719932979965,1000.0,0.3342355378452885,0.0
247,1684699380000.0,0.0,0.0,596600.0,0.0006686496709706654,0.0,0.0,0.000655,0.9999044031459325,1.0,1193.5187869990955,1000.0,1185.3753932979964,1000.0,0.3342355378452885,0.0
248,1684702980000.0,0.0,0.0,596600.0,0.0006686496709706654,0.0,0.0,0.0006515,0.9999044031459325,1.0,1193.5187869990955,1000.0,1183.2872932979965,1000.0,0.3342355378452885,0.0
249,1684706580000.0,3.0240212023217953e-08,0.0,1914900.0,0.00062322721484208,0.0,0.0,0.0005945,0.9999044031459325,1.0,1193.3598867190956,1000.0,1138.3501430179965,1000.0,1.0000485243241772,0.0
250,1684710180000.0,3.0240212023217953e-08,0.0,1914900.0,0.00062322721484208,0.0,0.0,0.0005955,0.9999044031459325,1.0,1193.3598867190956,1000.0,1140.2650430179967,1000.0,1.0000485243241772,0.0
251,1684713780000.0,3.0240212023217953e-08,0.0,1914900.0,0.00062322721484208,0.0,0.0,0.0005915,0.9999044031459325,1.0,1193.3598867190956,1000.0,1132.6054430179968,1000.0,1.0000485243241772,0.0
252,1684717380000.0,3.0240212023217953e-08,0.0,1914900.0,0.00062322721484208,0.0,0.0,0.0005365,0.9999044031459325,1.0,1193.3598867190956,1000.0,1027.2859430179967,1000.0,1.0000485243241772,0.0
253,1684720980000.0,3.0240212023217953e-08,0.0,1914900.0,0.00062322721484208,0.0,0.0,0.000538,0.9999044031459325,1.0,1193.3598867190956,1000.0,1030.1582930179966,1000.0,1.0000485243241772,0.0
254,1684724580000.0,3.0240212023217953e-08,0.0,1914900.0,0.00062322721484208,0.0,0.0,0.0005515,0.9999044031459325,1.0,1193.3598867190956,1000.0,1056.0094430179968,1000.0,1.0000485243241772,0.0
255,1684728180000.0,0.0,0.0,1077200.0,0.00062322721484208,0.0,0.0,0.000622,0.9999044031459325,1.0,1194.4052233618854,1000.0,1193.0832675339968,1000.0,0.5620708472274348,0.0
256,1684731780000.0,0.0,0.0,109600.0,0.000614337641811292,0.0,0.0,0.0006135,0.9999044031459325,1.0,1196.8817296685147,1000.0,1196.789924125997,1000.0,0.056255688321991126,0.0
257,1684735380000.0,0.0,0.0,0.0,0.000614337641811292,0.0,0.0,0.000629,0.9999044031459325,1.0,1198.143622721997,1000.0,1198.143622721997,1000.0,0.0,0.0
258,1684738980000.0,0.0,0.0,0.0,0.000614337641811292,0.0,0.0,0.0006205,0.9999044031459325,1.0,1198.143622721997,1000.0,1198.143622721997,1000.0,0.0,0.0
259,1684742580000.0,0.0,0.0,59800.0,0.0006119731377551021,0.0,0.0,0.000613,0.9999044031459325,1.0,1199.2444678097518,1000.0,1199.3058741719967,1000.0,0.03051587446935856,0.0
260,1684746180000.0,0.0,0.0,79700.0,0.0006120717942639494,0.0,0.0,0.00062,0.9999044031459325,1.0,1199.8310642508334,1000.0,1200.4629422479966,1000.0,0.040657492088935036,0.0
261,1684749780000.0,0.0,0.0,4000.0,0.0006120717942639494,0.0,0.0,0.0006165,0.9999044031459325,1.0,1201.0820805510523,1000.0,1201.0997933739966,1000.0,0.0020384012189512742,0.0
262,1684753380000.0,0.0,0.0,81600.0,0.0005970387891647366,0.0,0.0,0.0005905,0.9999044031459325,1.0,1201.3806116838396,1000.0,1200.847046487997,1000.0,0.04055198221283052,0.0
263,1684756980000.0,0.0,0.0,101000.0,0.0005920764488856716,0.0,0.0,0.000595,0.9999044031459325,1.0,1201.80907246145,1000.0,1202.104351123997,1000.0,0.04975808779257739,0.0
264,1684760580000.0,0.0,0.0,633300.0,0.0005629973809212898,0.0,0.0,0.000551,0.9999044031459325,1.0,1201.74972315745,1000.0,1194.1517818199973,1000.0,0.2966892643841609,0.0
265,1684764180000.0,0.0,0.0,195000.0,0.0005593018812508458,0.0,0.0,0.0005555,0.9999044031459325,1.0,1203.7426263059124,1000.0,1203.0012594619975,1000.0,0.09060397501965513,0.0
266,1684767780000.0,0.0,0.0,108500.0,0.000553938576125967,0.0,0.0,0.0005515,0.9999044031459325,1.0,1204.3886013176643,1000.0,1204.124015807997,1000.0,0.049902776764835136,0.0
267,1684771380000.0,0.0,0.0,476500.0,0.0005337817324442129,0.0,0.0,0.000528,0.9999044031459325,1.0,1204.3497523856643,1000.0,1201.5947568759968,1000.0,0.21119030830191834,0.0
268,1684774980000.0,0.0,0.0,268100.0,0.0005337817324442129,0.0,0.0,0.0005285,0.9999044031459325,1.0,1204.5813405442902,1000.0,1203.1653080759968,1000.0,0.11880217437506597,0.0
269,1684778580000.0,0.0,0.0,89300.0,0.0005490790469562189,0.0,0.0,0.0005525,0.9999044031459325,1.0,1206.0087942071873,1000.0,1206.3142853139968,1000.0,0.04065704920951573,0.0
270,1684782180000.0,0.0,0.0,109600.0,0.0005513959811649597,0.0,0.0,0.000541,0.9999044031459325,1.0,1206.2015455596766,1000.0,1205.062146023997,1000.0,0.05010190855595258,0.0
271,1684785780000.0,0.0,0.0,109600.0,0.0005513959811649597,0.0,0.0,0.000548,0.9999044031459325,1.0,1206.2015455596766,1000.0,1205.829346023997,1000.0,0.05010190855595258,0.0
272,1684789380000.0,0.0,0.0,108300.0,0.0005550875964461955,0.0,0.0,0.0005555,0.9999044031459325,1.0,1206.6038158671186,1000.0,1206.6484791719956,1000.0,0.04982247354482381,0.0
273,1684792980000.0,0.0,0.0,123800.0,0.000547990697196445,0.0,0.0,0.000548,0.9999044031459325,1.0,1206.7443287569154,1000.0,1206.7454804439956,1000.0,0.05621841072400493,0.0
274,1684796580000.0,0.0,0.0,185600.0,0.00048180019268827945,0.0,0.0,0.0004835,0.9999044031459325,1.0,1221.83400133494,1000.0,1222.1494855719955,1000.0,0.07318679596839234,0.0
275,1684800180000.0,0.0,0.0,126700.0,0.000482547154255461,0.0,0.0,0.000481,0.9999044031459325,1.0,1222.4655650781624,1000.0,1222.2695406339956,1000.0,0.05001263527636282,0.0
276,1684803780000.0,0.0,0.0,788400.0,0.00046061435043835014,0.0,0.0,0.0004605,0.9999044031459325,1.0,1222.497528991591,1000.0,1222.4073751059957,1000.0,0.2970544686377793,0.0
277,1684807380000.0,0.0,0.0,128300.0,0.0004819744276216357,0.0,0.0,0.0004785,0.9999044031459325,1.0,1229.448474529852,1000.0,1229.0027054659963,1000.0,0.05029679595763686,0.0
278,1684810980000.0,0.0,0.0,159900.0,0.0004855311719560613,0.0,0.0,0.000486,0.9999044031459325,1.0,1231.2314798117707,1000.0,1231.3064454159964,1000.0,0.06305592057120175,0.0
279,1684814580000.0,0.0,0.0,98800.0,0.0005067799724508028,0.0,0.0,0.0005025,0.9999044031459325,1.0,1233.0312211781354,1000.0,1232.608359899996,1000.0,0.040607131772623414,0.0
280,1684818180000.0,0.0,0.0,248800.0,0.0004938339893250618,0.0,0.0,0.0004895,0.9999044031459325,1.0,1233.185133756071,1000.0,1232.1068372119958,1000.0,0.09963296927675966,0.0
281,1684821780000.0,0.0,0.0,124300.0,0.0004957959941506836,0.0,0.0,0.000496,0.9999044031459325,1.0,1233.4902423409255,1000.0,1233.5156002679955,1000.0,0.049961839954220495,0.0
282,1684825380000.0,0.0,0.0,123600.0,0.0004969761737699778,0.0,0.0,0.0004925,0.9999044031459325,1.0,1233.6165406259645,1000.0,1233.0632855479953,1000.0,0.04979363769457906,0.0
283,1684828980000.0,0.0,0.0,543600.0,0.0004788809696062716,0.0,0.0,0.000474,0.9999044031459325,1.0,1233.5767619379644,1000.0,1230.9234668599952,1000.0,0.2110283714075513,0.0
284,1684832580000.0,0.0,0.0,153000.0,0.0004788809696062716,0.0,0.0,0.000482,0.9999044031459325,1.0,1234.5407447097548,1000.0,1235.0179563599952,1000.0,0.05934902405103311,0.0
285,1684836180000.0,0.0,0.0,128000.0,0.00048137221074198434,0.0,0.0,0.000481,0.9999044031459325,1.0,1234.8806642689692,1000.0,1234.8330212939952,1000.0,0.04989603024633115,0.0
286,1684839780000.0,0.0,0.0,125300.0,0.0004883396064115205,0.0,0.0,0.0004815,0.9999044031459325,1.0,1235.7351510253588,1000.0,1234.8781483419953,1000.0,0.04951623544300055,0.0
287,1684843380000.0,0.0,0.0,255500.0,0.0004813380535552388,0.0,0.0,0.000478,0.9999044031459325,1.0,1235.722792441359,1000.0,1234.8699197579954,1000.0,0.09952221763296447,0.0
288,1684846980000.0,0.0,0.0,127900.0,0.0004821018217830526,0.0,0.0,0.0004805,0.9999044031459325,1.0,1235.924350908048,1000.0,1235.7194779019956,1000.0,0.049890450787501275,0.0
289,1684850580000.0,0.0,0.0,259800.0,0.00047519620094708395,0.0,0.0,0.000471,0.9999044031459325,1.0,1235.911991878048,1000.0,1234.8218188719954,1000.0,0.09989058591336515,0.0
290,1684854180000.0,0.0,0.0,97800.0,0.00047491522650437495,0.0,0.0,0.000477,0.9999044031459325,1.0,1236.1942056081232,1000.0,1236.3980964559953,1000.0,0.03757234012375852,0.0
291,1684857780000.0,0.0,0.0,128400.0,0.00048031830778417573,0.0,0.0,0.0004845,0.9999044031459325,1.0,1236.7721888374838,1000.0,1237.3091181179957,1000.0,0.04986599090448354,0.0
292,1684861380000.0,0.0,0.0,128800.0,0.0004806780119209115,0.0,0.0,0.0004745,0.9999044031459325,1.0,1236.887074895409,1000.0,1236.0913469599955,1000.0,0.050054147376912814,0.0
293,1684864980000.0,0.0,0.0,261200.0,0.00047384612532700386,0.0,0.0,0.000471,0.9999044031459325,1.0,1236.874703439409,1000.0,1236.1312955039955,1000.0,0.10006559887694921,0.0
294,1684868580000.0,0.0,0.0,233200.0,0.0004307476492548387,0.0,0.0,0.000431,0.9999044031459325,1.0,1238.5128643922237,1000.0,1238.5717125859953,1000.0,0.08110561843499499,0.0
295,1684872180000.0,0.0,0.0,142500.0,0.00043311547158335383,0.0,0.0,0.000431,0.9999044031459325,1.0,1238.752074478623,1000.0,1238.450619777995,1000.0,0.049823492506847866,0.0
296,1684875780000.0,0.0,0.0,142500.0,0.00043311547158335383,0.0,0.0,0.0004305,0.9999044031459325,1.0,1238.752074478623,1000.0,1238.379369777995,1000.0,0.049823492506847866,0.0
297,1684879380000.0,0.0,0.0,139100.0,0.0004423215121173668,0.0,0.0,0.000434,0.9999044031459325,1.0,1239.5968651415208,1000.0,1238.439342805995,1000.0,0.0496346224048424,0.0
298,1684882980000.0,0.0,0.0,139600.0,0.0004429998423384668,0.0,0.0,0.0004365,0.9999044031459325,1.0,1239.6687293584448,1000.0,1238.7613513679948,1000.0,0.04988653543148978,0.0
299,1684886580000.0,0.0,0.0,139600.0,0.0004429998423384668,0.0,0.0,0.0004375,0.9999044031459325,1.0,1239.6687293584448,1000.0,1238.9009513679948,1000.0,0.04988653543148978,0.0
300,1684890180000.0,0.0,0.0,655500.0,0.00042124152419092573,0.0,0.0,0.0004225,0.9999044031459325,1.0,1239.7983627411465,1000.0,1240.6232936339948,1000.0,0.2227167153993111,0.0
301,1684893780000.0,0.0,0.0,189300.0,0.0004156707737532733,0.0,0.0,0.000417,0.9999044031459325,1.0,1241.8293160914893,1000.0,1242.0809386199946,1000.0,0.06336335956309279,0.0
302,1684897380000.0,0.0,0.0,146700.0,0.0004200943150391176,0.0,0.0,0.0004245,0.9999044031459325,1.0,1243.8877769722333,1000.0,1244.5340909559948,1000.0,0.04954453058960659,0.0
303,1684900980000.0,0.0,0.0,739200.0,0.0003941321887867749,0.0,0.0,0.0003895,0.9999044031459325,1.0,1244.3629055571785,1000.0,1240.9387916059945,1000.0,0.234129860871039,0.0
304,1684904580000.0,0.0,0.0,555300.0,0.00038505999537787636,0.0,0.0,0.000377,0.9999044031459325,1.0,1245.7515191233292,1000.0,1241.2758036899945,1000.0,0.1716424280050717,0.0
305,1684908180000.0,0.0,0.0,1606800.0,0.00036879554109617546,0.0,0.0,0.000364,0.9999044031459325,1.0,1245.6757677513292,1000.0,1237.9702923179946,1000.0,0.4757102054759003,0.0
306,1684911780000.0,0.0,0.0,858600.0,0.0003611028456644544,0.0,0.0,0.0003545,0.9999044031459325,1.0,1250.0425643134947,1000.0,1244.3733610259942,1000.0,0.24802587698905407,0.0
307,1684915380000.0,0.0,0.0,858600.0,0.0003611028456644544,0.0,0.0,0.0003495,0.9999044031459325,1.0,1250.0425643134947,1000.0,1240.080361025994,1000.0,0.24802587698905407,0.0
308,1684918980000.0,0.0,0.0,203900.0,0.0003611028456644544,0.0,0.0,0.000358,0.9999044031459325,1.0,1250.5170740709766,1000.0,1249.8844038399943,1000.0,0.05887874044877155,0.0
309,1684922580000.0,0.0,0.0,346600.0,0.0003639631708363754,0.0,0.0,0.0003605,0.9999044031459325,1.0,1251.8289272678826,1000.0,1250.6285922559948,1000.0,0.10077226389648095,0.0
310,1684926180000.0,0.0,0.0,127300.0,0.0003655882368132581,0.0,0.0,0.000367,0.9999044031459325,1.0,1252.2512122983228,1000.0,1252.430929751995,1000.0,0.03716457376065268,0.0
311,1684929780000.0,0.0,0.0,170600.0,0.0003664418149687749,0.0,0.0,0.0003645,0.9999044031459325,1.0,1252.3194978836677,1000.0,1251.9882242499948,1000.0,0.04991934864810372,0.0
312,1684933380000.0,0.0,0.0,531900.0,0.0003550841555104403,0.0,0.0,0.000347,0.9999044031459325,1.0,1252.324534227998,1000.0,1248.0245719119946,1000.0,0.1508149502416581,0.0
313,1684936980000.0,0.0,0.0,1154300.0,0.00034100807168031393,0.0,0.0,0.000339,0.9999044031459325,1.0,1252.5357025285812,1000.0,1250.2177853879948,1000.0,0.3142629917422289,0.0
314,1684940580000.0,0.0,0.0,1233700.0,0.0003362939681128441,0.0,0.0,0.0003245,0.9999044031459325,1.0,1252.7205237728106,1000.0,1238.1703053119948,1000.0,0.3311878911437538,0.0
315,1684944180000.0,0.0,0.0,439600.0,0.0003306889183508622,0.0,0.0,0.000334,0.9999044031459325,1.0,1256.557882987034,1000.0,1258.0134344799949,1000.0,0.11568973500963589,0.0
316,1684947780000.0,0.0,0.0,187200.0,0.0003353922047633034,0.0,0.0,0.000336,0.9999044031459325,1.0,1258.2370003396854,1000.0,1258.350779607995,1000.0,0.04989951870334464,0.0
317,1684951380000.0,0.0,0.0,178700.0,0.00034773339374585854,0.0,0.0,0.000346,0.9999044031459325,1.0,1261.6140841103795,1000.0,1261.3043266479947,1000.0,0.049254330817179,0.0
318,1684954980000.0,0.0,0.0,366700.0,0.00034424696627242626,0.0,0.0,0.0003405,0.9999044031459325,1.0,1261.7748496580928,1000.0,1260.400837125994,1000.0,0.10004586996349239,0.0
319,1684958580000.0,0.0,0.0,0.0,0.0003466827980775793,0.0,0.0,0.000375,0.9999044031459325,1.0,1264.969746891994,1000.0,1264.969746891994,1000.0,0.0,0.0
320,1684962180000.0,0.0,0.0,0.0,0.0003466827980775793,0.0,0.0,0.000372,0.9999044031459325,1.0,1264.969746891994,1000.0,1264.969746891994,1000.0,0.0,0.0
321,1684965780000.0,0.0,0.0,0.0,0.0003466827980775793,0.0,0.0,0.0003905,0.9999044031459325,1.0,1264.969746891994,1000.0,1264.969746891994,1000.0,0.0,0.0
322,1684969380000.0,0.0,0.0,0.0,0.0003466827980775793,0.0,0.0,0.0003785,0.9999044031459325,1.0,1264.969746891994,1000.0,1264.969746891994,1000.0,0.0,0.0
323,1684972980000.0,0.0,0.0,174000.0,0.00036329342891922706,0.0,0.0,0.000366,0.9999044031459325,1.0,1265.0417476339394,1000.0,1265.512691001994,1000.0,0.049969146670594496,0.0
324,1684976580000.0,0.0,0.0,353600.0,0.0003580647952594662,0.0,0.0,0.000355,0.9999044031459325,1.0,1265.4986683377408,1000.0,1264.4149567339937,1000.0,0.10004886988151035,0.0
325,1684980180000.0,0.0,0.0,39200.0,0.0003608,0.0,0.0,0.0003745,0.9999044031459325,1.0,1271.415080151994,1000.0,1271.952120151994,1000.0,0.011124109050452037,0.0
326,1684983780000.0,0.0,0.0,8800.0,0.00036129573863636364,0.0,0.0,0.0003675,0.9999044031459325,1.0,1272.8162374719934,1000.0,1272.8708349719934,1000.0,0.002497927356988136,0.0
327,1684987380000.0,0.0,0.0,0.0,0.00036129573863636364,0.0,0.0,0.0004055,0.9999044031459325,1.0,1272.9076306819936,1000.0,1272.9076306819936,1000.0,0.0,0.0
328,1684990980000.0,0.0,0.0,0.0,0.00036129573863636364,0.0,0.0,0.000426,0.9999044031459325,1.0,1272.9076306819936,1000.0,1272.9076306819936,1000.0,0.0,0.0
329,1684994580000.0,0.0,0.0,0.0,0.00036129573863636364,0.0,0.0,0.000415,0.9999044031459325,1.0,1272.9076306819936,1000.0,1272.9076306819936,1000.0,0.0,0.0
330,1684998180000.0,0.0,0.0,0.0,0.00036129573863636364,0.0,0.0,0.000394,0.9999044031459325,1.0,1272.9076306819936,1000.0,1272.9076306819936,1000.0,0.0,0.0
331,1685001780000.0,0.0,0.0,68200.0,0.0003797809147794994,0.0,0.0,0.000389,0.9999044031459325,1.0,1273.568664117955,1000.0,1274.197405729993,1000.0,0.020337386681777658,0.0
332,1685005380000.0,0.0,0.0,0.0,0.0003797809147794994,0.0,0.0,0.0004125,0.9999044031459325,1.0,1274.4983185139931,1000.0,1274.4983185139931,1000.0,0.0,0.0
333,1685008980000.0,0.0,0.0,0.0,0.0003797809147794994,0.0,0.0,0.000408,0.9999044031459325,1.0,1274.4983185139931,1000.0,1274.4983185139931,1000.0,0.0,0.0
334,1685012580000.0,0.0,0.0,0.0,0.0003797809147794994,0.0,0.0,0.0004145,0.9999044031459325,1.0,1274.4983185139931,1000.0,1274.4983185139931,1000.0,0.0,0.0
335,1685016180000.0,0.0,0.0,0.0,0.0003797809147794994,0.0,0.0,0.000429,0.9999044031459325,1.0,1274.4983185139931,1000.0,1274.4983185139931,1000.0,0.0,0.0
336,1685019780000.0,0.0,0.0,0.0,0.0003797809147794994,0.0,0.0,0.0004385,0.9999044031459325,1.0,1274.4983185139931,1000.0,1274.4983185139931,1000.0,0.0,0.0
337,1685023380000.0,0.0,0.0,0.0,0.0003797809147794994,0.0,0.0,0.0004175,0.9999044031459325,1.0,1274.4983185139931,1000.0,1274.4983185139931,1000.0,0.0,0.0
338,1685026980000.0,0.0,0.0,0.0,0.0003797809147794994,0.0,0.0,0.000423,0.9999044031459325,1.0,1274.4983185139931,1000.0,1274.4983185139931,1000.0,0.0,0.0
339,1685030580000.0,0.0,0.0,0.0,0.0003797809147794994,0.0,0.0,0.0004205,0.9999044031459325,1.0,1274.4983185139931,1000.0,1274.4983185139931,1000.0,0.0,0.0
340,1685034180000.0,0.0,0.0,0.0,0.0003797809147794994,0.0,0.0,0.000424,0.9999044031459325,1.0,1274.4983185139931,1000.0,1274.4983185139931,1000.0,0.0,0.0
341,1685037780000.0,0.0,0.0,0.0,0.0003797809147794994,0.0,0.0,0.000411,0.9999044031459325,1.0,1274.4983185139931,1000.0,1274.4983185139931,1000.0,0.0,0.0
342,1685041380000.0,0.0,0.0,158500.0,0.0004020812578889231,0.0,0.0,0.0004,0.9999044031459325,1.0,1274.5450893273876,1000.0,1274.2152099519933,1000.0,0.05000205948698631,0.0
343,1685044980000.0,0.0,0.0,0.0,0.00040208594046052336,0.0,0.0,0.000422,0.9999044031459325,1.0,1275.5933811879938,1000.0,1275.5933811879938,1000.0,0.0,0.0
344,1685048580000.0,0.0,0.0,0.0,0.00040208594046052336,0.0,0.0,0.0004305,0.9999044031459325,1.0,1275.5933811879938,1000.0,1275.5933811879938,1000.0,0.0,0.0
345,1685052180000.0,0.0,0.0,0.0,0.00040208594046052336,0.0,0.0,0.0004285,0.9999044031459325,1.0,1275.5933811879938,1000.0,1275.5933811879938,1000.0,0.0,0.0
346,1685055780000.0,0.0,0.0,0.0,0.00040208594046052336,0.0,0.0,0.0004215,0.9999044031459325,1.0,1275.5933811879938,1000.0,1275.5933811879938,1000.0,0.0,0.0
347,1685059380000.0,0.0,0.0,15500.0,0.000408,0.0,0.0,0.000419,0.9999044031459325,1.0,1276.742833041994,1000.0,1276.9133330419938,1000.0,0.004953229292803083,0.0
348,1685062980000.0,0.0,0.0,0.0,0.000408,0.0,0.0,0.000432,0.9999044031459325,1.0,1276.963173911994,1000.0,1276.963173911994,1000.0,0.0,0.0
349,1685066580000.0,0.0,0.0,0.0,0.000408,0.0,0.0,0.000435,0.9999044031459325,1.0,1276.963173911994,1000.0,1276.963173911994,1000.0,0.0,0.0
350,1685070180000.0,0.0,0.0,0.0,0.000408,0.0,0.0,0.0004245,0.9999044031459325,1.0,1276.963173911994,1000.0,1276.963173911994,1000.0,0.0,0.0
351,1685073780000.0,0.0,0.0,235000.0,0.00040761669326524097,0.0,0.0,0.000409,0.9999044031459325,1.0,1277.0003984573254,1000.0,1277.325475539994,1000.0,0.07501166251243947,0.0
352,1685077380000.0,0.0,0.0,155600.0,0.00040955244942533883,0.0,0.0,0.0004045,0.9999044031459325,1.0,1277.1942407205768,1000.0,1276.408079589994,1000.0,0.04989559074008126,0.0
353,1685080980000.0,0.0,0.0,157300.0,0.00040516498079617953,0.0,0.0,0.0004,0.9999044031459325,1.0,1277.3860722692332,1000.0,1276.573620789994,1000.0,0.04989286548742503,0.0
354,1685084580000.0,0.0,0.0,28400.0,0.0004054356768949351,0.0,0.0,0.0004165,0.9999044031459325,1.0,1278.3986664578104,1000.0,1278.7128932339942,1000.0,0.00900687205480291,0.0
355,1685088180000.0,0.0,0.0,87600.0,0.00041088023225911225,0.0,0.0,0.0004145,0.9999044031459325,1.0,1278.7771925478921,1000.0,1279.0942842019938,1000.0,0.028146504766935965,0.0
356,1685091780000.0,0.0,0.0,1900.0,0.00041088023225911225,0.0,0.0,0.0004235,0.9999044031459325,1.0,1279.807156713286,1000.0,1279.8311342719937,1000.0,0.0006099922454701561,0.0
357,1685095380000.0,0.0,0.0,116500.0,0.000412,0.0,0.0,0.0004125,0.9999044031459325,1.0,1279.8499125139942,1000.0,1279.9081625139943,1000.0,0.03750283492672831,0.0
358,1685098980000.0,0.0,0.0,77800.0,0.00041192376101523024,0.0,0.0,0.000417,0.9999044031459325,1.0,1280.3274334049795,1000.0,1280.7223647979945,1000.0,0.025030838026922086,0.0
359,1685102580000.0,0.0,0.0,1400.0,0.0004119118957978437,0.0,0.0,0.000422,0.9999044031459325,1.0,1281.2282978521114,1000.0,1281.2424211979944,1000.0,0.00045009671975224,0.0
360,1685106180000.0,0.0,0.0,116600.0,0.00041226946769854845,0.0,0.0,0.0004145,0.9999044031459325,1.0,1281.5353508676449,1000.0,1281.795430933994,1000.0,0.037510178631518225,0.0
361,1685109780000.0,0.0,0.0,6900.0,0.00041226946769854845,0.0,0.0,0.00042,0.9999044031459325,1.0,1282.363207655114,1000.0,1282.416548327994,1000.0,0.0022182945597149753,0.0
362,1685113380000.0,0.0,0.0,0.0,0.00041226946769854845,0.0,0.0,0.0004235,0.9999044031459325,1.0,1282.4200379139936,1000.0,1282.4200379139936,1000.0,0.0,0.0
363,1685116980000.0,0.0,0.0,0.0,0.00041226946769854845,0.0,0.0,0.00043,0.9999044031459325,1.0,1282.4200379139936,1000.0,1282.4200379139936,1000.0,0.0,0.0
364,1685120580000.0,0.0,0.0,154600.0,0.0004148,0.0,0.0,0.000416,0.9999044031459325,1.0,1282.4072122979935,1000.0,1282.5927322979935,1000.0,0.05000601944922509,0.0
365,1685124180000.0,0.0,0.0,4600.0,0.0004148,0.0,0.0,0.0004235,0.9999044031459325,1.0,1283.287109793994,1000.0,1283.327129793994,1000.0,0.0014868691389772503,0.0
366,1685127780000.0,0.0,0.0,0.0,0.0004148,0.0,0.0,0.000428,0.9999044031459325,1.0,1283.3248605499944,1000.0,1283.3248605499944,1000.0,0.0,0.0
367,1685131380000.0,0.0,0.0,0.0,0.0004148,0.0,0.0,0.000434,0.9999044031459325,1.0,1283.3248605499944,1000.0,1283.3248605499944,1000.0,0.0,0.0
368,1685134980000.0,0.0,0.0,0.0,0.0004148,0.0,0.0,0.0004305,0.9999044031459325,1.0,1283.3248605499944,1000.0,1283.3248605499944,1000.0,0.0,0.0
369,1685138580000.0,0.0,0.0,0.0,0.0004148,0.0,0.0,0.000429,0.9999044031459325,1.0,1283.3248605499944,1000.0,1283.3248605499944,1000.0,0.0,0.0
370,1685142180000.0,0.0,0.0,0.0,0.0004148,0.0,0.0,0.000431,0.9999044031459325,1.0,1283.3248605499944,1000.0,1283.3248605499944,1000.0,0.0,0.0
371,1685145780000.0,0.0,0.0,310200.0,0.0004139075435203095,0.0,0.0,0.0004115,0.9999044031459325,1.0,1283.3271372499944,1000.0,1282.5803172499943,1000.0,0.10004784927647689,0.0
372,1685149380000.0,0.0,0.0,155600.0,0.00041332374816246536,0.0,0.0,0.0004115,0.9999044031459325,1.0,1283.5803716120743,1000.0,1283.2965963979946,1000.0,0.0501045175171286,0.0
373,1685152980000.0,0.0,0.0,63100.0,0.00041389246750115336,0.0,0.0,0.000421,0.9999044031459325,1.0,1283.9280208413174,1000.0,1284.3765061419947,1000.0,0.020341182897628002,0.0
374,1685156580000.0,0.0,0.0,64800.0,0.00041776657124885873,0.0,0.0,0.0004195,0.9999044031459325,1.0,1284.3801539349208,1000.0,1284.4924801179948,1000.0,0.0210773062274347,0.0
375,1685160180000.0,0.0,0.0,153700.0,0.0004178261045631646,0.0,0.0,0.0004135,0.9999044031459325,1.0,1284.5070258893531,1000.0,1283.8421036179948,1000.0,0.0499957345323935,0.0
376,1685163780000.0,0.0,0.0,115400.0,0.0004176582167686541,0.0,0.0,0.0004215,0.9999044031459325,1.0,1284.6674328130975,1000.0,1285.1107745979948,1000.0,0.03751769289392022,0.0
377,1685167380000.0,0.0,0.0,93800.0,0.0004176066994211906,0.0,0.0,0.000418,0.9999044031459325,1.0,1284.8746000357025,1000.0,1284.9114916299948,1000.0,0.03048663924449843,0.0
378,1685170980000.0,0.0,0.0,66200.0,0.0004175241385736513,0.0,0.0,0.0004275,0.9999044031459325,1.0,1285.372689261571,1000.0,1286.0330912879951,1000.0,0.02150356717899038,0.0
379,1685174580000.0,0.0,0.0,200.0,0.0004175241385736513,0.0,0.0,0.0004335,0.9999044031459325,1.0,1285.8911599797093,1000.0,1285.8943551519947,1000.0,6.493926571207467e-05,0.0
380,1685178180000.0,0.0,0.0,100.0,0.0004175241385736513,0.0,0.0,0.000428,0.9999044031459325,1.0,1285.891929059852,1000.0,1285.8929766459946,1000.0,3.246961343624839e-05,0.0
381,1685181780000.0,0.0,0.0,0.0,0.0004175241385736513,0.0,0.0,0.0004195,0.9999044031459325,1.0,1285.8926981399945,1000.0,1285.8926981399945,1000.0,0.0,0.0
382,1685185380000.0,0.0,0.0,102300.0,0.0004192,0.0,0.0,0.0004225,0.9999044031459325,1.0,1286.2740531439945,1000.0,1286.6116431439946,1000.0,0.033339831348677025,0.0
383,1685188980000.0,0.0,0.0,102300.0,0.0004192,0.0,0.0,0.000425,0.9999044031459325,1.0,1286.2740531439945,1000.0,1286.8673931439944,1000.0,0.033339831348677025,0.0
384,1685192580000.0,0.0,0.0,2800.0,0.0004192,0.0,0.0,0.0004285,0.9999044031459325,1.0,1287.0416558439945,1000.0,1287.0676958439944,1000.0,0.0009119829142051284,0.0
385,1685196180000.0,0.0,0.0,153200.0,0.0004200982375979113,0.0,0.0,0.000423,0.9999044031459325,1.0,1287.0480956859947,1000.0,1287.4926456859946,1000.0,0.05000516314481374,0.0
386,1685199780000.0,0.0,0.0,102200.0,0.0004201236781984335,0.0,0.0,0.000424,0.9999044031459325,1.0,1287.4684174258746,1000.0,1287.8645775139946,1000.0,0.03334966460592961,0.0
387,1685203380000.0,0.0,0.0,102200.0,0.0004201236781984335,0.0,0.0,0.0004245,0.9999044031459325,1.0,1287.4684174258746,1000.0,1287.9156775139948,1000.0,0.03334966460592961,0.0
388,1685206980000.0,0.0,0.0,354000.0,0.00040935772478765134,0.0,0.0,0.000411,0.9999044031459325,1.0,1287.5710445528232,1000.0,1288.1524099779947,1000.0,0.11254729219633634,0.0
389,1685210580000.0,0.0,0.0,199200.0,0.00040935772478765134,0.0,0.0,0.000414,0.9999044031459325,1.0,1287.7042058676948,1000.0,1288.6289470899947,1000.0,0.06332514750369496,0.0
390,1685214180000.0,0.0,0.0,156300.0,0.00041103526862886874,0.0,0.0,0.000411,0.9999044031459325,1.0,1287.862658960687,1000.0,1287.8571464739948,1000.0,0.049884832081813865,0.0
391,1685217780000.0,0.0,0.0,155600.0,0.0004133439503459023,0.0,0.0,0.000411,0.9999044031459325,1.0,1288.0612094038167,1000.0,1287.6964907299944,1000.0,0.04993265708513294,0.0
392,1685221380000.0,0.0,0.0,155000.0,0.000414916764341692,0.0,0.0,0.0004125,0.9999044031459325,1.0,1288.2334531529568,1000.0,1287.8588546799945,1000.0,0.04992270486033267,0.0
393,1685224980000.0,0.0,0.0,155000.0,0.000414916764341692,0.0,0.0,0.0004145,0.9999044031459325,1.0,1288.2334531529568,1000.0,1288.1688546799946,1000.0,0.04992270486033267,0.0
394,1685228580000.0,0.0,0.0,155400.0,0.00041481190278596383,0.0,0.0,0.000412,0.9999044031459325,1.0,1288.2611746909333,1000.0,1287.8242049979945,1000.0,0.050037811399853596,0.0
395,1685232180000.0,0.0,0.0,155400.0,0.00041481190278596383,0.0,0.0,0.0004055,0.9999044031459325,1.0,1288.2611746909333,1000.0,1286.8141049979945,1000.0,0.050037811399853596,0.0
396,1685235780000.0,0.0,0.0,287500.0,0.0003996951265124597,0.0,0.0,0.0004025,0.9999044031459325,1.0,1288.5443925103268,1000.0,1289.3507936379947,1000.0,0.08917996891706718,0.0
397,1685239380000.0,0.0,0.0,161800.0,0.0003996951265124597,0.0,0.0,0.000396,0.9999044031459325,1.0,1288.6480640237103,1000.0,1288.0501925539943,1000.0,0.05018489785937867,0.0
398,1685242980000.0,0.0,0.0,327700.0,0.00039397690408823915,0.0,0.0,0.0003855,0.9999044031459325,1.0,1288.6351769117102,1000.0,1285.8572954419942,1000.0,0.10018834949013779,0.0
399,1685246580000.0,0.0,0.0,327700.0,0.00039397690408823915,0.0,0.0,0.000388,0.9999044031459325,1.0,1288.6351769117102,1000.0,1286.6765454419942,1000.0,0.10018834949013779,0.0
400,1685250180000.0,0.0,0.0,103800.0,0.00039397690408823915,0.0,0.0,0.000395,0.9999044031459325,1.0,1288.8241744643537,1000.0,1288.9303718199944,1000.0,0.03173031935202135,0.0
401,1685253780000.0,0.0,0.0,162700.0,0.0003953007865128633,0.0,0.0,0.0003955,0.9999044031459325,1.0,1288.8847905576372,1000.0,1288.9172025919943,1000.0,0.04990006743567571,0.0
402,1685257380000.0,0.0,0.0,162700.0,0.0003953007865128633,0.0,0.0,0.000391,0.9999044031459325,1.0,1288.8847905576372,1000.0,1288.1850525919942,1000.0,0.04990006743567571,0.0
403,1685260980000.0,0.0,0.0,81400.0,0.0003953007865128633,0.0,0.0,0.000399,0.9999044031459325,1.0,1289.2159514921414,1000.0,1289.5170674699943,1000.0,0.024958955856002857,0.0
404,1685264580000.0,0.0,0.0,4800.0,0.0003953007865128633,0.0,0.0,0.0004035,0.9999044031459325,1.0,1289.776561881256,1000.0,1289.8159181059941,1000.0,0.0014711414607303378,0.0
405,1685268180000.0,0.0,0.0,121700.0,0.00039766745826342974,0.0,0.0,0.000401,0.9999044031459325,1.0,1289.8174033126534,1000.0,1290.222973641994,1000.0,0.03752169070316701,0.0
406,1685271780000.0,0.0,0.0,36200.0,0.00039766745826342974,0.0,0.0,0.0004065,0.9999044031459325,1.0,1290.4459584211302,1000.0,1290.765696431994,1000.0,0.011155493878061527,0.0
407,1685275380000.0,0.0,0.0,162200.0,0.0003980385852026466,0.0,0.0,0.0003955,0.9999044031459325,1.0,1290.7569253638633,1000.0,1290.345166843994,1000.0,0.050018603232881625,0.0
408,1685278980000.0,0.0,0.0,91400.0,0.00039790360726085034,0.0,0.0,0.000398,0.9999044031459325,1.0,1290.8433268476354,1000.0,1290.8521371439936,1000.0,0.02817413155201171,0.0
409,1685282580000.0,0.0,0.0,51500.0,0.00039790360726085034,0.0,0.0,0.000401,0.9999044031459325,1.0,1290.8759104939274,1000.0,1291.0353747199936,1000.0,0.015874520244237057,0.0
410,1685286180000.0,0.0,0.0,154500.0,0.0003977094102849202,0.0,0.0,0.0003995,0.9999044031459325,1.0,1290.9984411050139,1000.0,1291.2750872159936,1000.0,0.047595800221436474,0.0
411,1685289780000.0,0.0,0.0,68600.0,0.0003976780828326493,0.0,0.0,0.000402,0.9999044031459325,1.0,1291.1050410903135,1000.0,1291.4015246079937,1000.0,0.02112974205358357,0.0
412,1685293380000.0,0.0,0.0,68600.0,0.0003976780828326493,0.0,0.0,0.000402,0.9999044031459325,1.0,1291.1050410903135,1000.0,1291.4015246079937,1000.0,0.02112974205358357,0.0
413,1685296980000.0,0.0,0.0,68600.0,0.0003976780828326493,0.0,0.0,0.000402,0.9999044031459325,1.0,1291.1050410903135,1000.0,1291.4015246079937,1000.0,0.02112974205358357,0.0
414,1685300580000.0,0.0,0.0,45800.0,0.0003976780828326493,0.0,0.0,0.000406,0.9999044031459325,1.0,1291.272413545729,1000.0,1291.6535573519936,1000.0,0.014105200422985976,0.0
415,1685304180000.0,0.0,0.0,2000.0,0.0003976780828326493,0.0,0.0,0.000417,0.9999044031459325,1.0,1291.7798076616589,1000.0,1291.8184514959935,1000.0,0.0006157056806028177,0.0
416,1685307780000.0,0.0,0.0,0.0,0.0003976780828326493,0.0,0.0,0.000411,0.9999044031459325,1.0,1291.8204842559935,1000.0,1291.8204842559935,1000.0,0.0,0.0
417,1685311380000.0,0.0,0.0,0.0,0.0003976780828326493,0.0,0.0,0.000414,0.9999044031459325,1.0,1291.8204842559935,1000.0,1291.8204842559935,1000.0,0.0,0.0
418,1685314980000.0,0.0,0.0,0.0,0.0003976780828326493,0.0,0.0,0.000438,0.9999044031459325,1.0,1291.8204842559935,1000.0,1291.8204842559935,1000.0,0.0,0.0
419,1685318580000.0,0.0,0.0,0.0,0.00040567373040752353,0.0,0.0,0.0004295,0.9999044031459325,1.0,1293.698554423994,1000.0,1293.698554423994,1000.0,0.0,0.0
420,1685322180000.0,0.0,0.0,0.0,0.00040567373040752353,0.0,0.0,0.0004295,0.9999044031459325,1.0,1293.698554423994,1000.0,1293.698554423994,1000.0,0.0,0.0
421,1685325780000.0,0.0,0.0,0.0,0.00040567373040752353,0.0,0.0,0.0004305,0.9999044031459325,1.0,1293.698554423994,1000.0,1293.698554423994,1000.0,0.0,0.0
422,1685329380000.0,0.0,0.0,0.0,0.00040567373040752353,0.0,0.0,0.00042,0.9999044031459325,1.0,1293.698554423994,1000.0,1293.698554423994,1000.0,0.0,0.0
423,1685332980000.0,0.0,0.0,0.0,0.00040567373040752353,0.0,0.0,0.0004205,0.9999044031459325,1.0,1293.698554423994,1000.0,1293.698554423994,1000.0,0.0,0.0
424,1685336580000.0,0.0,0.0,157300.0,0.0004113175994799067,0.0,0.0,0.000412,0.9999044031459325,1.0,1293.8532183081838,1000.0,1293.9605599099946,1000.0,0.050005871981978034,0.0
425,1685340180000.0,0.0,0.0,15600.0,0.0004113175994799067,0.0,0.0,0.000418,0.9999044031459325,1.0,1294.662753449881,1000.0,1294.7669988979944,1000.0,0.0049561590729233435,0.0
426,1685343780000.0,0.0,0.0,500.0,0.0004113175994799067,0.0,0.0,0.000418,0.9999044031459325,1.0,1294.777492317734,1000.0,1294.780833517994,1000.0,0.00015883717546851314,0.0
427,1685347380000.0,0.0,0.0,200.0,0.0004113175994799067,0.0,0.0,0.0004145,0.9999044031459325,1.0,1294.7797718978895,1000.0,1294.7804083779936,1000.0,6.353475832835988e-05,0.0
428,1685350980000.0,0.0,0.0,0.0,0.0004113175994799067,0.0,0.0,0.0004215,0.9999044031459325,1.0,1294.7812916179932,1000.0,1294.7812916179932,1000.0,0.0,0.0
429,1685354580000.0,0.0,0.0,0.0,0.0004113175994799067,0.0,0.0,0.0004235,0.9999044031459325,1.0,1294.7812916179932,1000.0,1294.7812916179932,1000.0,0.0,0.0
430,1685358180000.0,0.0,0.0,0.0,0.0004113175994799067,0.0,0.0,0.0004155,0.9999044031459325,1.0,1294.7812916179932,1000.0,1294.7812916179932,1000.0,0.0,0.0
431,1685361780000.0,0.0,0.0,0.0,0.0004113175994799067,0.0,0.0,0.0004185,0.9999044031459325,1.0,1294.7812916179932,1000.0,1294.7812916179932,1000.0,0.0,0.0
432,1685365380000.0,0.0,0.0,66400.0,0.0004131956715467855,0.0,0.0,0.0004145,0.9999044031459325,1.0,1294.8715340846998,1000.0,1294.9581414939933,1000.0,0.02118835102055144,0.0
433,1685368980000.0,0.0,0.0,49800.0,0.0004131956715467855,0.0,0.0,0.000416,0.9999044031459325,1.0,1294.8851711250231,1000.0,1295.0248266819933,1000.0,0.015891095907100448,0.0
434,1685372580000.0,0.0,0.0,156600.0,0.0004135624879879629,0.0,0.0,0.000414,0.9999044031459325,1.0,1294.9749332689084,1000.0,1295.0434476499934,1000.0,0.05001169053939241,0.0
435,1685376180000.0,0.0,0.0,156600.0,0.0004134834078349292,0.0,0.0,0.0004105,0.9999044031459325,1.0,1295.1563944629431,1000.0,1294.6891927959932,1000.0,0.04999512178125804,0.0
436,1685379780000.0,0.0,0.0,156800.0,0.00041319119469317075,0.0,0.0,0.0004065,0.9999044031459325,1.0,1295.328097771882,1000.0,1294.278918443993,1000.0,0.050016964380941685,0.0
437,1685383380000.0,0.0,0.0,157100.0,0.00041284419714791637,0.0,0.0,0.00041,0.9999044031459325,1.0,1295.3790774919307,1000.0,1294.932254119993,1000.0,0.050068605012143,0.0
438,1685386980000.0,0.0,0.0,157100.0,0.00041284419714791637,0.0,0.0,0.0004085,0.9999044031459325,1.0,1295.3790774919307,1000.0,1294.696604119993,1000.0,0.050068605012143,0.0
439,1685390580000.0,0.0,0.0,157100.0,0.00041284419714791637,0.0,0.0,0.000407,0.9999044031459325,1.0,1295.3790774919307,1000.0,1294.4609541199932,1000.0,0.050068605012143,0.0
440,1685394180000.0,0.0,0.0,157100.0,0.00041284419714791637,0.0,0.0,0.0004075,0.9999044031459325,1.0,1295.3790774919307,1000.0,1294.5395041199931,1000.0,0.050068605012143,0.0
441,1685397780000.0,0.0,0.0,157100.0,0.00041284419714791637,0.0,0.0,0.000409,0.9999044031459325,1.0,1295.3790774919307,1000.0,1294.775154119993,1000.0,0.050068605012143,0.0
442,1685401380000.0,0.0,0.0,157100.0,0.00041284419714791637,0.0,0.0,0.0004065,0.9999044031459325,1.0,1295.3790774919307,1000.0,1294.382404119993,1000.0,0.050068605012143,0.0
443,1685404980000.0,0.0,0.0,318500.0,0.0004069434956732737,0.0,0.0,0.000397,0.9999044031459325,1.0,1295.3661267559307,1000.0,1292.199123383993,1000.0,0.1000578143080923,0.0
444,1685408580000.0,0.0,0.0,318500.0,0.0004069434956732737,0.0,0.0,0.0004,0.9999044031459325,1.0,1295.3661267559307,1000.0,1293.154623383993,1000.0,0.1000578143080923,0.0
445,1685412180000.0,0.0,0.0,483100.0,0.00040236307880757124,0.0,0.0,0.000393,0.9999044031459325,1.0,1295.3531727359307,1000.0,1290.829869363993,1000.0,0.1500606996325041,0.0
446,1685415780000.0,0.0,0.0,483100.0,0.00040236307880757124,0.0,0.0,0.000393,0.9999044031459325,1.0,1295.3531727359307,1000.0,1290.829869363993,1000.0,0.1500606996325041,0.0
447,1685419380000.0,0.0,0.0,483100.0,0.00040236307880757124,0.0,0.0,0.0003915,0.9999044031459325,1.0,1295.3531727359307,1000.0,1290.105219363993,1000.0,0.1500606996325041,0.0
448,1685422980000.0,0.0,0.0,483100.0,0.00040236307880757124,0.0,0.0,0.0003935,0.9999044031459325,1.0,1295.3531727359307,1000.0,1291.071419363993,1000.0,0.1500606996325041,0.0
449,1685426580000.0,0.0,0.0,688400.0,0.0003978112047820129,0.0,0.0,0.0003925,0.9999044031459325,1.0,1295.3372784099306,1000.0,1291.681045037993,1000.0,0.21141461605127398,0.0
450,1685430180000.0,0.0,0.0,688400.0,0.0003978112047820129,0.0,0.0,0.0003865,0.9999044031459325,1.0,1295.3372784099306,1000.0,1287.550645037993,1000.0,0.21141461605127398,0.0
451,1685433780000.0,0.0,0.0,980900.0,0.0003925894417085714,0.0,0.0,0.000378,0.9999044031459325,1.0,1295.3150308599306,1000.0,1281.0042474879929,1000.0,0.2972952325862261,0.0
452,1685437380000.0,0.0,0.0,1397700.0,0.0003864495838677382,0.0,0.0,0.0003785,0.9999044031459325,1.0,1295.2840209399305,1000.0,1284.1728875679928,1000.0,0.41700551743082687,0.0
453,1685440980000.0,0.0,0.0,1397700.0,0.0003864495838677382,0.0,0.0,0.0003805,0.9999044031459325,1.0,1295.2840209399305,1000.0,1286.9682875679928,1000.0,0.41700551743082687,0.0
454,1685444580000.0,0.0,0.0,248900.0,0.0003864495838677382,0.0,0.0,0.0003865,0.9999044031459325,1.0,1296.171992944673,1000.0,1296.184541519993,1000.0,0.07420874849036009,0.0
455,1685448180000.0,0.0,0.0,167300.0,0.00038711619698870786,0.0,0.0,0.000382,0.9999044031459325,1.0,1296.3387482922042,1000.0,1295.4828085359934,1000.0,0.04995958027292757,0.0
456,1685451780000.0,0.0,0.0,339600.0,0.0003815777377980295,0.0,0.0,0.00038,0.9999044031459325,1.0,1296.3257844402042,1000.0,1295.7899846839935,1000.0,0.099962371582518,0.0
457,1685455380000.0,0.0,0.0,191100.0,0.0003815777377980295,0.0,0.0,0.000377,0.9999044031459325,1.0,1296.4365330971966,1000.0,1295.5617274039932,1000.0,0.05624610525206212,0.0
458,1685458980000.0,0.0,0.0,544200.0,0.0003721954900646884,0.0,0.0,0.0003645,0.9999044031459325,1.0,1296.4106072411967,1000.0,1292.2227215479932,1000.0,0.15623814288609822,0.0
459,1685462580000.0,0.0,0.0,775500.0,0.0003679019028925898,0.0,0.0,0.000356,0.9999044031459325,1.0,1296.3940554131966,1000.0,1287.1641297199933,1000.0,0.2200780885270782,0.0
460,1685466180000.0,0.0,0.0,175000.0,0.0003692247837517931,0.0,0.0,0.0003655,0.9999044031459325,1.0,1296.9125655845571,1000.0,1296.2607284279934,1000.0,0.049821660203778026,0.0
461,1685469780000.0,0.0,0.0,175000.0,0.0003692247837517931,0.0,0.0,0.000363,0.9999044031459325,1.0,1296.9125655845571,1000.0,1295.8232284279934,1000.0,0.049821660203778026,0.0
462,1685473380000.0,0.0,0.0,174300.0,0.0003712306497663816,0.0,0.0,0.0003715,0.9999044031459325,1.0,1297.0297951022735,1000.0,1297.0767428479933,1000.0,0.049887444759261025,0.0
463,1685476980000.0,0.0,0.0,174100.0,0.0003715463468664142,0.0,0.0,0.000364,0.9999044031459325,1.0,1297.0611487174358,1000.0,1295.747329727993,1000.0,0.049871371949893,0.0
464,1685480580000.0,0.0,0.0,353700.0,0.0003662419536031742,0.0,0.0,0.0003565,0.9999044031459325,1.0,1297.0481780054358,1000.0,1293.6024490159932,1000.0,0.09987275814892654,0.0
465,1685484180000.0,0.0,0.0,613200.0,0.0003532770082471951,0.0,0.0,0.0003515,0.9999044031459325,1.0,1297.3557070651732,1000.0,1296.2660456079932,1000.0,0.1669776918369062,0.0
466,1685487780000.0,0.0,0.0,459900.0,0.0003532770082471951,0.0,0.0,0.000352,0.9999044031459325,1.0,1297.4710149948783,1000.0,1296.8837189019932,1000.0,0.12522213923486097,0.0
467,1685491380000.0,0.0,0.0,258800.0,0.0003532770082471951,0.0,0.0,0.000346,0.9999044031459325,1.0,1297.6222767343672,1000.0,1295.7389869999931,1000.0,0.07045816904782538,0.0
468,1685494980000.0,0.0,0.0,182800.0,0.0003543250213932828,0.0,0.0,0.0003555,0.9999044031459325,1.0,1297.8046953006854,1000.0,1298.0194813899932,1000.0,0.04990782830823828,0.0
469,1685498580000.0,0.0,0.0,180300.0,0.0003581859482509749,0.0,0.0,0.000351,0.9999044031459325,1.0,1298.5658933676445,1000.0,1297.2702668979937,1000.0,0.04973249859671688,0.0
470,1685502180000.0,0.0,0.0,184700.0,0.00035247917056286944,0.0,0.0,0.000349,0.9999044031459325,1.0,1298.7414984449556,1000.0,1298.0988956419935,1000.0,0.050127683515859583,0.0
471,1685505780000.0,0.0,0.0,183200.0,0.00035358619974910357,0.0,0.0,0.0003505,0.9999044031459325,1.0,1298.8542836440297,1000.0,1298.288891849994,1000.0,0.049872408791153414,0.0
472,1685509380000.0,0.0,0.0,564900.0,0.0003445871690459122,0.0,0.0,0.000341,0.9999044031459325,1.0,1298.8283075840297,1000.0,1296.801915789994,1000.0,0.14987145772648025,0.0
473,1685512980000.0,0.0,0.0,564900.0,0.0003445871690459122,0.0,0.0,0.0003345,0.9999044031459325,1.0,1298.8283075840297,1000.0,1293.130065789994,1000.0,0.14987145772648025,0.0
474,1685516580000.0,0.0,0.0,564900.0,0.0003445871690459122,0.0,0.0,0.000339,0.9999044031459325,1.0,1298.8283075840297,1000.0,1295.672115789994,1000.0,0.14987145772648025,0.0
475,1685520180000.0,0.0,0.0,564900.0,0.0003445871690459122,0.0,0.0,0.0003335,0.9999044031459325,1.0,1298.8283075840297,1000.0,1292.565165789994,1000.0,0.14987145772648025,0.0
476,1685523780000.0,0.0,0.0,805000.0,0.00034068377862613144,0.0,0.0,0.000331,0.9999044031459325,1.0,1298.8123889540298,1000.0,1291.016947159994,1000.0,0.2111547781084052,0.0
477,1685527380000.0,0.0,0.0,805000.0,0.00034068377862613144,0.0,0.0,0.000335,0.9999044031459325,1.0,1298.8123889540298,1000.0,1294.2369471599939,1000.0,0.2111547781084052,0.0
478,1685530980000.0,0.0,0.0,805000.0,0.00034068377862613144,0.0,0.0,0.0003305,0.9999044031459325,1.0,1298.8123889540298,1000.0,1290.614447159994,1000.0,0.2111547781084052,0.0
479,1685534580000.0,0.0,0.0,805000.0,0.00034068377862613144,0.0,0.0,0.000334,0.9999044031459325,1.0,1298.8123889540298,1000.0,1293.431947159994,1000.0,0.2111547781084052,0.0
480,1685538180000.0,0.0,0.0,805000.0,0.00034068377862613144,0.0,0.0,0.0003335,0.9999044031459325,1.0,1298.8123889540298,1000.0,1293.0294471599939,1000.0,0.2111547781084052,0.0
481,1685541780000.0,0.0,0.0,805000.0,0.00034068377862613144,0.0,0.0,0.000339,0.9999044031459325,1.0,1298.8123889540298,1000.0,1297.456947159994,1000.0,0.2111547781084052,0.0
482,1685545380000.0,0.0,0.0,1147100.0,0.0003362151615325916,0.0,0.0,0.0003235,0.9999044031459325,1.0,1298.7901045600297,1000.0,1284.204542765994,1000.0,0.2969474516628566,0.0
483,1685548980000.0,0.0,0.0,2329200.0,0.0003246211281959625,0.0,0.0,0.000313,0.9999044031459325,1.0,1298.7160175360295,1000.0,1271.6480857419938,1000.0,0.5821962011591649,0.0
484,1685552580000.0,0.0,0.0,2329200.0,0.0003246211281959625,0.0,0.0,0.0003135,0.9999044031459325,1.0,1298.7160175360295,1000.0,1272.8126857419936,1000.0,0.5821962011591649,0.0
485,1685556180000.0,0.0,0.0,2329200.0,0.0003246211281959625,0.0,0.0,0.0003105,0.9999044031459325,1.0,1298.7160175360295,1000.0,1265.8250857419937,1000.0,0.5821962011591649,0.0
486,1685559780000.0,0.0,0.0,2329200.0,0.0003246211281959625,0.0,0.0,0.0003085,0.9999044031459325,1.0,1298.7160175360295,1000.0,1261.1666857419937,1000.0,0.5821962011591649,0.0
487,1685563380000.0,0.0,0.0,2329200.0,0.0003246211281959625,0.0,0.0,0.000316,0.9999044031459325,1.0,1298.7160175360295,1000.0,1278.6356857419937,1000.0,0.5821962011591649,0.0
488,1685566980000.0,0.0,0.0,1746900.0,0.0003246211281959625,0.0,0.0,0.000318,0.9999044031459325,1.0,1299.1316585035206,1000.0,1287.5652096579936,1000.0,0.43650745106061944,0.0
489,1685570580000.0,0.0,0.0,1746900.0,0.0003246211281959625,0.0,0.0,0.0003175,0.9999044031459325,1.0,1299.1316585035206,1000.0,1286.6917596579938,1000.0,0.43650745106061944,0.0
490,1685574180000.0,0.0,0.0,1746900.0,0.0003246211281959625,0.0,0.0,0.000324,0.9999044031459325,1.0,1299.1316585035206,1000.0,1298.0466096579937,1000.0,0.43650745106061944,0.0
491,1685577780000.0,0.0,0.0,582400.0,0.0003246211281959625,0.0,0.0,0.0003285,0.9999044031459325,1.0,1303.8194375913222,1000.0,1306.0784925299936,1000.0,0.14500423878523935,0.0
492,1685581380000.0,0.0,0.0,203300.0,0.00032288394233217496,0.0,0.0,0.0003215,0.9999044031459325,1.0,1307.8227578121248,1000.0,1307.5414023359936,1000.0,0.05019205017195534,0.0
493,1685584980000.0,0.0,0.0,203500.0,0.00032143210463486877,0.0,0.0,0.000322,0.9999044031459325,1.0,1308.085603635189,1000.0,1308.2011703419932,1000.0,0.050005468381745403,0.0
494,1685588580000.0,0.0,0.0,203600.0,0.0003213306443573475,0.0,0.0,0.0003175,0.9999044031459325,1.0,1308.142423457149,1000.0,1307.3625042659933,1000.0,0.05001207668065435,0.0
495,1685592180000.0,0.0,0.0,153000.0,0.0003210434073166449,0.0,0.0,0.000323,0.9999044031459325,1.0,1308.7054611954395,1000.0,1309.0048198759928,1000.0,0.03753299942263421,0.0
496,1685595780000.0,0.0,0.0,20200.0,0.00032100760823661927,0.0,0.0,0.0003255,0.9999044031459325,1.0,1309.5212667743726,1000.0,1309.6120130879929,1000.0,0.004951697884488766,0.0
497,1685599380000.0,0.0,0.0,1200.0,0.00032100760823661927,0.0,0.0,0.0003265,0.9999044031459325,1.0,1309.6338796178768,1000.0,1309.6404704879928,1000.0,0.00029413497610212934,0.0
498,1685602980000.0,0.0,0.0,203400.0,0.0003219989374923743,0.0,0.0,0.000321,0.9999044031459325,1.0,1309.7448454939413,1000.0,1309.5416616079924,1000.0,0.05000560537518214,0.0
499,1685606580000.0,0.0,0.0,203600.0,0.00032192405629340035,0.0,0.0,0.000322,0.9999044031459325,1.0,1309.7738994973286,1000.0,1309.7893616359922,1000.0,0.050042024723878684,0.0
500,1685610180000.0,0.0,0.0,203700.0,0.0003215429412181018,0.0,0.0,0.0003185,0.9999044031459325,1.0,1309.9984544901201,1000.0,1309.3786073639928,1000.0,0.04999875908374312,0.0
501,1685613780000.0,0.0,0.0,204100.0,0.0003213813396282507,0.0,0.0,0.0003195,0.9999044031459325,1.0,1310.0304153341185,1000.0,1309.6464339159925,1000.0,0.050070540844195946,0.0
502,1685617380000.0,0.0,0.0,204100.0,0.0003213813396282507,0.0,0.0,0.00032,0.9999044031459325,1.0,1310.0304153341185,1000.0,1309.7484839159927,1000.0,0.050070540844195946,0.0
503,1685620980000.0,0.0,0.0,3800.0,0.0003213813396282507,0.0,0.0,0.0003255,0.9999044031459325,1.0,1310.1614596805794,1000.0,1310.177110589992,1000.0,0.0009321363268349354,0.0
504,1685624580000.0,0.0,0.0,1000.0,0.0003213813396282507,0.0,0.0,0.0003255,0.9999044031459325,1.0,1310.1632915536202,1000.0,1310.1674102139918,1000.0,0.0002452986903999956,0.0
505,1685628180000.0,0.0,0.0,114900.0,0.00032080113876518755,0.0,0.0,0.0003235,0.9999044031459325,1.0,1310.210513960112,1000.0,1310.5206131159919,1000.0,0.028132922497095928,0.0
506,1685631780000.0,0.0,0.0,153300.0,0.0003207318791516073,0.0,0.0,0.0003235,0.9999044031459325,1.0,1310.3401286279334,1000.0,1310.764481553992,1000.0,0.037523232327033876,0.0
507,1685635380000.0,0.0,0.0,204400.0,0.0003206811545188266,0.0,0.0,0.0003205,0.9999044031459325,1.0,1310.4638406016406,1000.0,1310.4268126179925,1000.0,0.05001834156183591,0.0
508,1685638980000.0,0.0,0.0,204600.0,0.0003204704436445017,0.0,0.0,0.00032,0.9999044031459325,1.0,1310.5166207716575,1000.0,1310.4203680019925,1000.0,0.05003237023507355,0.0
509,1685642580000.0,0.0,0.0,43200.0,0.0003204704436445017,0.0,0.0,0.0003225,0.9999044031459325,1.0,1310.7363003674348,1000.0,1310.8239772019922,1000.0,0.010562248990557093,0.0
510,1685646180000.0,0.0,0.0,5800.0,0.0003204704436445017,0.0,0.0,0.000326,0.9999044031459325,1.0,1310.9556243031304,1000.0,1310.9876957299923,1000.0,0.0014178424796996172,0.0
511,1685649780000.0,0.0,0.0,1800.0,0.0003204704436445017,0.0,0.0,0.0003255,0.9999044031459325,1.0,1310.9790814085522,1000.0,1310.9881346099921,1000.0,0.0004400122067091436,0.0
512,1685653380000.0,0.0,0.0,0.0,0.0003204704436445017,0.0,0.0,0.0003265,0.9999044031459325,1.0,1310.9896371059917,1000.0,1310.9896371059917,1000.0,0.0,0.0
513,1685656980000.0,0.0,0.0,0.0,0.0003204704436445017,0.0,0.0,0.0003255,0.9999044031459325,1.0,1310.9896371059917,1000.0,1310.9896371059917,1000.0,0.0,0.0
514,1685660580000.0,0.0,0.0,203900.0,0.00032153430191508836,0.0,0.0,0.0003215,0.9999044031459325,1.0,1311.164870156478,1000.0,1311.1578759959914,1000.0,0.050001983467313535,0.0
515,1685664180000.0,0.0,0.0,204000.0,0.0003215007264363163,0.0,0.0,0.000317,0.9999044031459325,1.0,1311.197284895,1000.0,1310.2791367019913,1000.0,0.05002004576165717,0.0
516,1685667780000.0,0.0,0.0,413900.0,0.0003168854993790977,0.0,0.0,0.000315,0.9999044031459325,1.0,1311.184170343,1000.0,1310.4037621499915,1000.0,0.10003088136634378,0.0
517,1685671380000.0,0.0,0.0,98400.0,0.0003168854993790977,0.0,0.0,0.0003175,0.9999044031459325,1.0,1311.3895547288948,1000.0,1311.4500215899916,1000.0,0.023777475599422025,0.0
518,1685674980000.0,0.0,0.0,205800.0,0.00031828491234019867,0.0,0.0,0.0003205,0.9999044031459325,1.0,1311.5923272896048,1000.0,1312.048192329992,1000.0,0.049941611884063396,0.0
519,1685678580000.0,0.0,0.0,205800.0,0.00031842270577742956,0.0,0.0,0.000318,0.9999044031459325,1.0,1311.6452083789868,1000.0,1311.558215529992,1000.0,0.04996121849900462,0.0
520,1685682180000.0,0.0,0.0,206200.0,0.0003182373876286438,0.0,0.0,0.000318,0.9999044031459325,1.0,1311.694671619018,1000.0,1311.6457222899917,1000.0,0.05002730494287305,0.0
521,1685685780000.0,0.0,0.0,13600.0,0.0003182373876286438,0.0,0.0,0.0003225,0.9999044031459325,1.0,1312.5628361377412,1000.0,1312.6208076659916,1000.0,0.003297387639349077,0.0
522,1685689380000.0,0.0,0.0,206300.0,0.0003181090570613163,0.0,0.0,0.0003205,0.9999044031459325,1.0,1312.5505765637413,1000.0,1313.0438280919918,1000.0,0.049998757871531484,0.0
523,1685692980000.0,0.0,0.0,206300.0,0.0003181534032311843,0.0,0.0,0.0003165,0.9999044031459325,1.0,1312.6609534185852,1000.0,1312.319856331992,1000.0,0.05000152317752642,0.0
524,1685696580000.0,0.0,0.0,206300.0,0.0003181534032311843,0.0,0.0,0.0003165,0.9999044031459325,1.0,1312.6609534185852,1000.0,1312.319856331992,1000.0,0.05000152317752642,0.0
525,1685700180000.0,0.0,0.0,1837600.0,0.00029781782601577783,0.0,0.0,0.0002935,0.9999044031459325,1.0,1312.564626420585,1000.0,1304.6301893339917,1000.0,0.4169471171709237,0.0
526,1685703780000.0,0.0,0.0,1837600.0,0.00029781782601577783,0.0,0.0,0.000289,0.9999044031459325,1.0,1312.564626420585,1000.0,1296.3609893339917,1000.0,0.4169471171709237,0.0
527,1685707380000.0,0.0,0.0,1837600.0,0.00029781782601577783,0.0,0.0,0.0002955,0.9999044031459325,1.0,1312.564626420585,1000.0,1308.3053893339918,1000.0,0.4169471171709237,0.0
528,1685710980000.0,0.0,0.0,217400.0,0.0003025518664259141,0.0,0.0,0.000302,0.9999044031459325,1.0,1317.5141404069855,1000.0,1317.3941646459919,1000.0,0.04992339265571422,0.0
529,1685714580000.0,0.0,0.0,216700.0,0.0003030886762250186,0.0,0.0,0.000299,0.9999044031459325,1.0,1317.574809251953,1000.0,1316.6887931139913,1000.0,0.049848642882942384,0.0
530,1685718180000.0,0.0,0.0,216700.0,0.0003030886762250186,0.0,0.0,0.000301,0.9999044031459325,1.0,1317.574809251953,1000.0,1317.1221931139914,1000.0,0.049848642882942384,0.0
531,1685721780000.0,0.0,0.0,216700.0,0.0003030886762250186,0.0,0.0,0.0002995,0.9999044031459325,1.0,1317.574809251953,1000.0,1316.7971431139915,1000.0,0.049848642882942384,0.0
532,1685725380000.0,0.0,0.0,217000.0,0.0003035627327192681,0.0,0.0,0.0003065,0.9999044031459325,1.0,1317.7693849360724,1000.0,1318.4067719359912,1000.0,0.049988346787459184,0.0
533,1685728980000.0,0.0,0.0,217000.0,0.0003036944871309188,0.0,0.0,0.000299,0.9999044031459325,1.0,1318.4339023434004,1000.0,1317.415198635991,1000.0,0.049984837002655116,0.0
534,1685732580000.0,0.0,0.0,247800.0,0.0002993347949759523,0.0,0.0,0.0003015,0.9999044031459325,1.0,1318.537279763032,1000.0,1319.073817567991,1000.0,0.05625564277437174,0.0
535,1685736180000.0,0.0,0.0,218000.0,0.0003006996081514591,0.0,0.0,0.000298,0.9999044031459325,1.0,1318.9097664830092,1000.0,1318.3212519059912,1000.0,0.049702046525760234,0.0
536,1685739780000.0,0.0,0.0,218200.0,0.00030183720912178115,0.0,0.0,0.000301,0.9999044031459325,1.0,1319.033201362364,1000.0,1318.8505223319914,1000.0,0.04993117607831873,0.0
537,1685743380000.0,0.0,0.0,123000.0,0.0003018529571315129,0.0,0.0,0.0003055,0.9999044031459325,1.0,1319.1187322351677,1000.0,1319.5673185079916,1000.0,0.028145998400208493,0.0
538,1685746980000.0,0.0,0.0,99900.0,0.0003019378905466212,0.0,0.0,0.000304,0.9999044031459325,1.0,1319.2149377615992,1000.0,1319.4209424959918,1000.0,0.02286480724421455,0.0
539,1685750580000.0,0.0,0.0,218500.0,0.00030193021125423053,0.0,0.0,0.0003005,0.9999044031459325,1.0,1319.2911220350409,1000.0,1318.9786208759915,1000.0,0.050005453729792586,0.0
540,1685754180000.0,0.0,0.0,164100.0,0.00030184746970538814,0.0,0.0,0.0003025,0.9999044031459325,1.0,1319.3534074266456,1000.0,1319.4604876479914,1000.0,0.03754351904488348,0.0
541,1685757780000.0,0.0,0.0,218800.0,0.00030161005324763894,0.0,0.0,0.0002965,0.9999044031459325,1.0,1319.4005170485748,1000.0,1318.2824373979913,1000.0,0.05001686659802471,0.0
542,1685761380000.0,0.0,0.0,218800.0,0.00030161005324763894,0.0,0.0,0.0002975,0.9999044031459325,1.0,1319.4005170485748,1000.0,1318.5012373979914,1000.0,0.05001686659802471,0.0
543,1685764980000.0,0.0,0.0,218800.0,0.00030161005324763894,0.0,0.0,0.0002965,0.9999044031459325,1.0,1319.4005170485748,1000.0,1318.2824373979913,1000.0,0.05001686659802471,0.0
544,1685768580000.0,0.0,0.0,218800.0,0.00030161005324763894,0.0,0.0,0.000299,0.9999044031459325,1.0,1319.4005170485748,1000.0,1318.8294373979913,1000.0,0.05001686659802471,0.0
545,1685772180000.0,0.0,0.0,218800.0,0.00030161005324763894,0.0,0.0,0.0002995,0.9999044031459325,1.0,1319.4005170485748,1000.0,1318.9388373979914,1000.0,0.05001686659802471,0.0
546,1685775780000.0,0.0,0.0,123100.0,0.00030161005324763894,0.0,0.0,0.0003015,0.9999044031459325,1.0,1319.4607589307757,1000.0,1319.4472113759914,1000.0,0.0281389175869627,0.0
547,1685779380000.0,0.0,0.0,16500.0,0.00030161005324763894,0.0,0.0,0.0003035,0.9999044031459325,1.0,1319.5278622185774,1000.0,1319.5590463399913,1000.0,0.0037714746471656417,0.0
548,1685782980000.0,0.0,0.0,16500.0,0.00030161005324763894,0.0,0.0,0.000302,0.9999044031459325,1.0,1319.5278622185774,1000.0,1319.5342963399914,1000.0,0.0037714746471656417,0.0
549,1685786580000.0,0.0,0.0,220600.0,0.00029915605346918656,0.0,0.0,0.000302,0.9999044031459325,1.0,1319.6094854032938,1000.0,1320.2368600079913,1000.0,0.05001011748194109,0.0
550,1685790180000.0,0.0,0.0,110400.0,0.00029915605346918656,0.0,0.0,0.0003045,0.9999044031459325,1.0,1319.9437767209893,1000.0,1320.533748417991,1000.0,0.02502139021788004,0.0
551,1685793780000.0,0.0,0.0,0.0,0.00029915605346918656,0.0,0.0,0.000305,0.9999044031459325,1.0,1320.549100641992,1000.0,1320.549100641992,1000.0,0.0,0.0
552,1685797380000.0,0.0,0.0,0.0,0.00029915605346918656,0.0,0.0,0.000305,0.9999044031459325,1.0,1320.549100641992,1000.0,1320.549100641992,1000.0,0.0,0.0
553,1685800980000.0,0.0,0.0,219900.0,0.0003003,0.0,0.0,0.0003,0.9999044031459325,1.0,1320.609520427992,1000.0,1320.543550427992,1000.0,0.050004160184002465,0.0
554,1685804580000.0,0.0,0.0,165000.0,0.00030021340909090906,0.0,0.0,0.000303,0.9999044031459325,1.0,1320.754353327992,1000.0,1321.214140827992,1000.0,0.03750524264802372,0.0
555,1685808180000.0,0.0,0.0,220100.0,0.0003001062588894797,0.0,0.0,0.0003005,0.9999044031459325,1.0,1320.8490686095668,1000.0,1320.9357310279922,1000.0,0.050008278123031616,0.0
556,1685811780000.0,0.0,0.0,220300.0,0.00029986845524934783,0.0,0.0,0.0003,0.9999044031459325,1.0,1320.9890392174234,1000.0,1321.0180185259921,1000.0,0.050008757627971696,0.0
557,1685815380000.0,0.0,0.0,220300.0,0.0002998216894071924,0.0,0.0,0.000299,0.9999044031459325,1.0,1321.0810646623966,1000.0,1320.900046485992,1000.0,0.04999747550941078,0.0
558,1685818980000.0,0.0,0.0,447000.0,0.0002955505552044843,0.0,0.0,0.0002905,0.9999044031459325,1.0,1321.0678525863966,1000.0,1318.8102544099922,1000.0,0.10000326472085168,0.0
559,1685822580000.0,0.0,0.0,447000.0,0.0002955505552044843,0.0,0.0,0.000291,0.9999044031459325,1.0,1321.0678525863966,1000.0,1319.033754409992,1000.0,0.10000326472085168,0.0
560,1685826180000.0,0.0,0.0,447000.0,0.0002955505552044843,0.0,0.0,0.000293,0.9999044031459325,1.0,1321.0678525863966,1000.0,1319.927754409992,1000.0,0.10000326472085168,0.0
561,1685829780000.0,0.0,0.0,447000.0,0.0002955505552044843,0.0,0.0,0.0002935,0.9999044031459325,1.0,1321.0678525863966,1000.0,1320.1512544099921,1000.0,0.10000326472085168,0.0
562,1685833380000.0,0.0,0.0,447000.0,0.0002955505552044843,0.0,0.0,0.000292,0.9999044031459325,1.0,1321.0678525863966,1000.0,1319.4807544099922,1000.0,0.10000326472085168,0.0
563,1685836980000.0,0.0,0.0,447000.0,0.0002955505552044843,0.0,0.0,0.000291,0.9999044031459325,1.0,1321.0678525863966,1000.0,1319.033754409992,1000.0,0.10000326472085168,0.0
564,1685840580000.0,0.0,0.0,966300.0,0.00028890872211156417,0.0,0.0,0.0002835,0.9999044031459325,1.0,1321.0384403063965,1000.0,1315.8119921299922,1000.0,0.2113280656024319,0.0
565,1685844180000.0,0.0,0.0,966300.0,0.00028890872211156417,0.0,0.0,0.0002845,0.9999044031459325,1.0,1321.0384403063965,1000.0,1316.778292129992,1000.0,0.2113280656024319,0.0
566,1685847780000.0,0.0,0.0,966300.0,0.00028890872211156417,0.0,0.0,0.000285,0.9999044031459325,1.0,1321.0384403063965,1000.0,1317.261442129992,1000.0,0.2113280656024319,0.0
567,1685851380000.0,0.0,0.0,966300.0,0.00028890872211156417,0.0,0.0,0.0002845,0.9999044031459325,1.0,1321.0384403063965,1000.0,1316.778292129992,1000.0,0.2113280656024319,0.0
568,1685854980000.0,0.0,0.0,966300.0,0.00028890872211156417,0.0,0.0,0.000284,0.9999044031459325,1.0,1321.0384403063965,1000.0,1316.2951421299922,1000.0,0.2113280656024319,0.0
569,1685858580000.0,0.0,0.0,966300.0,0.00028890872211156417,0.0,0.0,0.000283,0.9999044031459325,1.0,1321.0384403063965,1000.0,1315.3288421299922,1000.0,0.2113280656024319,0.0
570,1685862180000.0,0.0,0.0,966300.0,0.00028890872211156417,0.0,0.0,0.0002835,0.9999044031459325,1.0,1321.0384403063965,1000.0,1315.8119921299922,1000.0,0.2113280656024319,0.0
571,1685865780000.0,0.0,0.0,966300.0,0.00028890872211156417,0.0,0.0,0.0002855,0.9999044031459325,1.0,1321.0384403063965,1000.0,1317.744592129992,1000.0,0.2113280656024319,0.0
572,1685869380000.0,0.0,0.0,966300.0,0.00028890872211156417,0.0,0.0,0.0002855,0.9999044031459325,1.0,1321.0384403063965,1000.0,1317.744592129992,1000.0,0.2113280656024319,0.0
573,1685872980000.0,0.0,0.0,966300.0,0.00028890872211156417,0.0,0.0,0.000289,0.9999044031459325,1.0,1321.0384403063965,1000.0,1321.126642129992,1000.0,0.2113280656024319,0.0
574,1685876580000.0,0.0,0.0,543600.0,0.00028890872211156417,0.0,0.0,0.0002885,0.9999044031459325,1.0,1321.3061606858382,1000.0,1321.083979345992,1000.0,0.11886025057078926,0.0
575,1685880180000.0,0.0,0.0,543600.0,0.00028890872211156417,0.0,0.0,0.0002885,0.9999044031459325,1.0,1321.3061606858382,1000.0,1321.083979345992,1000.0,0.11886025057078926,0.0
576,1685883780000.0,0.0,0.0,543600.0,0.00028890872211156417,0.0,0.0,0.0002885,0.9999044031459325,1.0,1321.3061606858382,1000.0,1321.083979345992,1000.0,0.11886025057078926,0.0
577,1685887380000.0,0.0,0.0,543600.0,0.00028890872211156417,0.0,0.0,0.0002835,0.9999044031459325,1.0,1321.3061606858382,1000.0,1318.365979345992,1000.0,0.11886025057078926,0.0
578,1685890980000.0,0.0,0.0,543600.0,0.00028890872211156417,0.0,0.0,0.000283,0.9999044031459325,1.0,1321.3061606858382,1000.0,1318.094179345992,1000.0,0.11886025057078926,0.0
579,1685894580000.0,0.0,0.0,1585000.0,0.0002785129156718273,0.0,0.0,0.0002685,0.9999044031459325,1.0,1321.2492822478382,1000.0,1305.378810907992,1000.0,0.3341102827990342,0.0
580,1685898180000.0,0.0,0.0,1585000.0,0.0002785129156718273,0.0,0.0,0.000267,0.9999044031459325,1.0,1321.2492822478382,1000.0,1303.0013109079919,1000.0,0.3341102827990342,0.0
581,1685901780000.0,1.819522357720759e-08,0.0,5090000.0,0.000259561090636512,0.0,0.0,0.000253,0.9999044031459325,1.0,1321.0733376518383,1000.0,1287.6773863119922,1000.0,1.000070104880152,0.0
582,1685905380000.0,1.819522357720759e-08,0.0,5090000.0,0.000259561090636512,0.0,0.0,0.0002485,0.9999044031459325,1.0,1321.0733376518383,1000.0,1264.7723863119922,1000.0,1.000070104880152,0.0
583,1685908980000.0,1.819522357720759e-08,0.0,5090000.0,0.000259561090636512,0.0,0.0,0.0002515,0.9999044031459325,1.0,1321.0733376518383,1000.0,1280.042386311992,1000.0,1.000070104880152,0.0
584,1685912580000.0,1.819522357720759e-08,0.0,5090000.0,0.000259561090636512,0.0,0.0,0.000251,0.9999044031459325,1.0,1321.0733376518383,1000.0,1277.497386311992,1000.0,1.000070104880152,0.0
585,1685916180000.0,1.819522357720759e-08,0.0,5090000.0,0.000259561090636512,0.0,0.0,0.000249,0.9999044031459325,1.0,1321.0733376518383,1000.0,1267.317386311992,1000.0,1.000070104880152,0.0
586,1685919780000.0,1.819522357720759e-08,0.0,5090000.0,0.000259561090636512,0.0,0.0,0.000246,0.9999044031459325,1.0,1321.0733376518383,1000.0,1252.047386311992,1000.0,1.000070104880152,0.0
587,1685923380000.0,1.819522357720759e-08,0.0,5090000.0,0.000259561090636512,0.0,0.0,0.0002355,0.9999044031459325,1.0,1321.0733376518383,1000.0,1198.6023863119922,1000.0,1.000070104880152,0.0
588,1685926980000.0,1.819522357720759e-08,0.0,5090000.0,0.000259561090636512,0.0,0.0,0.000234,0.9999044031459325,1.0,1321.0733376518383,1000.0,1190.967386311992,1000.0,1.000070104880152,0.0
589,1685930580000.0,1.819522357720759e-08,0.0,5090000.0,0.000259561090636512,0.0,0.0,0.000238,0.9999044031459325,1.0,1321.0733376518383,1000.0,1211.327386311992,1000.0,1.000070104880152,0.0
590,1685934180000.0,1.819522357720759e-08,0.0,5090000.0,0.000259561090636512,0.0,0.0,0.000227,0.9999044031459325,1.0,1321.0733376518383,1000.0,1155.337386311992,1000.0,1.000070104880152,0.0
591,1685937780000.0,1.819522357720759e-08,0.0,5090000.0,0.000259561090636512,0.0,0.0,0.000225,0.9999044031459325,1.0,1321.0733376518383,1000.0,1145.157386311992,1000.0,1.000070104880152,0.0
592,1685941380000.0,1.819522357720759e-08,0.0,5090000.0,0.000259561090636512,0.0,0.0,0.0002235,0.9999044031459325,1.0,1321.0733376518383,1000.0,1137.5223863119922,1000.0,1.000070104880152,0.0
593,1685944980000.0,1.819522357720759e-08,0.0,5090000.0,0.000259561090636512,0.0,0.0,0.000227,0.9999044031459325,1.0,1321.0733376518383,1000.0,1155.337386311992,1000.0,1.000070104880152,0.0
594,1685948580000.0,1.819522357720759e-08,0.0,5090000.0,0.000259561090636512,0.0,0.0,0.0002295,0.9999044031459325,1.0,1321.0733376518383,1000.0,1168.062386311992,1000.0,1.000070104880152,0.0
595,1685952180000.0,1.819522357720759e-08,0.0,5090000.0,0.000259561090636512,0.0,0.0,0.000233,0.9999044031459325,1.0,1321.0733376518383,1000.0,1185.877386311992,1000.0,1.000070104880152,0.0
596,1685955780000.0,1.819522357720759e-08,0.0,5090000.0,0.000259561090636512,0.0,0.0,0.000232,0.9999044031459325,1.0,1321.0733376518383,1000.0,1180.7873863119921,1000.0,1.000070104880152,0.0
597,1685959380000.0,1.819522357720759e-08,0.0,5090000.0,0.000259561090636512,0.0,0.0,0.000231,0.9999044031459325,1.0,1321.0733376518383,1000.0,1175.6973863119922,1000.0,1.000070104880152,0.0
598,1685962980000.0,1.819522357720759e-08,0.0,5090000.0,0.000259561090636512,0.0,0.0,0.0002295,0.9999044031459325,1.0,1321.0733376518383,1000.0,1168.062386311992,1000.0,1.000070104880152,0.0
599,1685966580000.0,1.819522357720759e-08,0.0,5090000.0,0.000259561090636512,0.0,0.0,0.00023,0.9999044031459325,1.0,1321.0733376518383,1000.0,1170.607386311992,1000.0,1.000070104880152,0.0
600,1685970180000.0,1.819522357720759e-08,0.0,5090000.0,0.000259561090636512,0.0,0.0,0.000231,0.9999044031459325,1.0,1321.0733376518383,1000.0,1175.6973863119922,1000.0,1.000070104880152,0.0
601,1685973780000.0,1.819522357720759e-08,0.0,5090000.0,0.000259561090636512,0.0,0.0,0.000231,0.9999044031459325,1.0,1321.0733376518383,1000.0,1175.6973863119922,1000.0,1.000070104880152,0.0
602,1685977380000.0,1.819522357720759e-08,0.0,5090000.0,0.000259561090636512,0.0,0.0,0.0002305,0.9999044031459325,1.0,1321.0733376518383,1000.0,1173.1523863119921,1000.0,1.000070104880152,0.0
603,1685980980000.0,1.819522357720759e-08,0.0,5090000.0,0.000259561090636512,0.0,0.0,0.0001965,0.9999044031459325,1.0,1321.0733376518383,1000.0,1000.0923863119922,1000.0,1.000070104880152,0.0
604,1685984580000.0,1.819522357720759e-08,0.0,5090000.0,0.000259561090636512,0.0,0.0,0.000197,0.9999011129153413,1.0,1321.0733376518383,1000.0,1002.637386311992,1000.0,1.000070104880152,0.0
605,1685988180000.0,1.819522357720759e-08,0.0,5090000.0,0.000259561090636512,0.0,0.0,0.000193,0.9999011129153413,1.0,1321.0733376518383,1000.0,982.2773863119921,1000.0,1.000070104880152,0.0
606,1685991780000.0,1.819522357720759e-08,0.0,5090000.0,0.000259561090636512,0.0,0.0,0.0001895,0.9999011129153413,1.0,1321.0733376518383,1000.0,964.4623863119921,1000.0,1.000070104880152,0.0
607,1685995380000.0,1.819522357720759e-08,0.0,5090000.0,0.000259561090636512,0.0,0.0,0.000201,0.9999011129153413,1.0,1321.0733376518383,1000.0,1022.9973863119922,1000.0,1.000070104880152,0.0
608,1685998980000.0,1.819522357720759e-08,0.0,5090000.0,0.000259561090636512,0.0,0.0,0.000199,0.9999011129153413,1.0,1321.0733376518383,1000.0,1012.8173863119921,1000.0,1.000070104880152,0.0
609,1686002580000.0,1.819522357720759e-08,0.0,5090000.0,0.000259561090636512,0.0,0.0,0.0002,0.9999011129153413,1.0,1321.0733376518383,1000.0,1017.9073863119921,1000.0,1.000070104880152,0.0
610,1686006180000.0,1.819522357720759e-08,0.0,5090000.0,0.000259561090636512,0.0,0.0,0.0002015,0.9999011129153413,1.0,1321.0733376518383,1000.0,1025.542386311992,1000.0,1.000070104880152,0.0
611,1686009780000.0,1.819522357720759e-08,0.0,5090000.0,0.000259561090636512,0.0,0.0,0.0002,0.9999011129153413,1.0,1321.0733376518383,1000.0,1017.9073863119921,1000.0,1.000070104880152,0.0
612,1686013380000.0,1.819522357720759e-08,0.0,5090000.0,0.000259561090636512,0.0,0.0,0.000202,0.9999011129153413,1.0,1321.0733376518383,1000.0,1028.087386311992,1000.0,1.000070104880152,0.0
613,1686016980000.0,1.819522357720759e-08,0.0,5090000.0,0.000259561090636512,0.0,0.0,0.000196,0.9999011129153413,1.0,1321.0733376518383,1000.0,997.5473863119921,1000.0,1.000070104880152,0.0
614,1686020580000.0,1.819522357720759e-08,0.0,5090000.0,0.000259561090636512,0.0,0.0,0.000194,0.9999011129153413,1.0,1321.0733376518383,1000.0,987.367386311992,1000.0,1.000070104880152,0.0
615,1686024180000.0,1.819522357720759e-08,0.0,5090000.0,0.000259561090636512,0.0,0.0,0.0001955,0.9999011129153413,1.0,1321.0733376518383,1000.0,995.0023863119922,1000.0,1.000070104880152,0.0
616,1686027780000.0,1.819522357720759e-08,0.0,5090000.0,0.000259561090636512,0.0,0.0,0.0001965,0.9999011129153413,1.0,1321.0733376518383,1000.0,1000.0923863119922,1000.0,1.000070104880152,0.0
617,1686031380000.0,1.819522357720759e-08,0.0,5090000.0,0.000259561090636512,0.0,0.0,0.0001975,0.9999011129153413,1.0,1321.0733376518383,1000.0,1005.1823863119921,1000.0,1.000070104880152,0.0
618,1686034980000.0,1.819522357720759e-08,0.0,5090000.0,0.000259561090636512,0.0,0.0,0.000199,0.9999011129153413,1.0,1321.0733376518383,1000.0,1012.8173863119921,1000.0,1.000070104880152,0.0
619,1686038580000.0,1.819522357720759e-08,0.0,5090000.0,0.000259561090636512,0.0,0.0,0.000196,0.9999011129153413,1.0,1321.0733376518383,1000.0,997.5473863119921,1000.0,1.000070104880152,0.0
620,1686042180000.0,1.0861870154215287e-05,0.0,5356200.0,0.0002568031649530044,0.0,0.0,0.000205,0.9454177379185161,1.0,1317.310763201274,1000.0,1039.842651079992,1000.0,1.044164483085696,0.0
621,1686045780000.0,1.0861870154215287e-05,0.0,5356200.0,0.0002568031649530044,0.0,0.0,0.0002205,0.9454177379185161,1.0,1317.310763201274,1000.0,1122.863751079992,1000.0,1.044164483085696,0.0
622,1686049380000.0,1.0861870154215287e-05,0.0,5356200.0,0.0002568031649530044,0.0,0.0,0.0002195,0.9454177379185161,1.0,1317.310763201274,1000.0,1117.507551079992,1000.0,1.044164483085696,0.0
623,1686052980000.0,1.0861870154215287e-05,0.0,5356200.0,0.0002568031649530044,0.0,0.0,0.0002515,0.9454177379185161,1.0,1317.310763201274,1000.0,1288.905951079992,1000.0,1.044164483085696,0.0
624,1686056580000.0,0.0,0.0,4017200.0,0.0002568031649530044,0.0,0.0,0.000238,0.9454177379185161,1.0,1318.0409936092015,1000.0,1242.5049193599923,1000.0,0.7826992326120982,0.0
625,1686060180000.0,9.167903739673045e-09,0.0,5256500.0,0.0002507432520211565,0.0,0.0,0.0002395,0.9454177379185161,1.0,1317.9837131632014,1000.0,1258.8835589139924,1000.0,1.000036564250018,0.0
626,1686063780000.0,9.167903739673045e-09,0.0,5256500.0,0.0002507432520211565,0.0,0.0,0.0002345,0.9454177379185161,1.0,1317.9837131632014,1000.0,1232.6010589139923,1000.0,1.000036564250018,0.0
627,1686067380000.0,9.167903739673045e-09,0.0,5256500.0,0.0002507432520211565,0.0,0.0,0.000234,0.9454177379185161,1.0,1317.9837131632014,1000.0,1229.9728089139924,1000.0,1.000036564250018,0.0
628,1686070980000.0,9.167903739673045e-09,0.0,5256500.0,0.0002507432520211565,0.0,0.0,0.0002335,0.9454177379185161,1.0,1317.9837131632014,1000.0,1227.3445589139924,1000.0,1.000036564250018,0.0
629,1686074580000.0,0.0,0.0,5201700.0,0.0002507432520211565,0.0,0.0,0.000236,0.9454177379185161,1.0,1317.4197470724419,1000.0,1240.7297730339922,1000.0,0.9900346316630169,0.0
630,1686078180000.0,0.0,0.0,5201700.0,0.0002507432520211565,0.0,0.0,0.000244,0.9454177379185161,1.0,1317.4197470724419,1000.0,1282.343373033992,1000.0,0.9900346316630169,0.0
631,1686081780000.0,0.0,0.0,694500.0,0.0002507432520211565,0.0,0.0,0.000248,0.9454177379185161,1.0,1319.702589690685,1000.0,1317.797401161992,1000.0,0.13195487368825184,0.0
632,1686085380000.0,0.0,0.0,1655100.0,0.00024168036975277652,0.0,0.0,0.000234,0.9454177379185161,1.0,1319.736637399812,1000.0,1307.0248574219916,1000.0,0.303094699837934,0.0
633,1686088980000.0,0.0,0.0,1655100.0,0.00024168036975277652,0.0,0.0,0.0002345,0.9454177379185161,1.0,1319.736637399812,1000.0,1307.8524074219915,1000.0,0.303094699837934,0.0
634,1686092580000.0,0.0,0.0,2358500.0,0.00023783892303490373,0.0,0.0,0.000236,0.9454177379185161,1.0,1319.704449815812,1000.0,1315.3673498379915,1000.0,0.42505206378300076,0.0
635,1686096180000.0,0.0,0.0,2358500.0,0.00023783892303490373,0.0,0.0,0.0002325,0.9454177379185161,1.0,1319.704449815812,1000.0,1307.1125998379916,1000.0,0.42505206378300076,0.0
636,1686099780000.0,0.0,0.0,70000.0,0.00023783892303490373,0.0,0.0,0.0002415,0.9454177379185161,1.0,1323.0625320484348,1000.0,1323.3188074359916,1000.0,0.012583475239576796,0.0
637,1686103380000.0,0.0,0.0,70000.0,0.00023783892303490373,0.0,0.0,0.000234,0.9454177379185161,1.0,1323.0625320484348,1000.0,1322.7938074359915,1000.0,0.012583475239576796,0.0
638,1686106980000.0,0.0,0.0,109800.0,0.00022741026956121647,0.0,0.0,0.0002295,0.9454177379185161,1.0,1323.770691359813,1000.0,1324.0001437619915,1000.0,0.018862517323277546,0.0
639,1686110580000.0,0.0,0.0,0.0,0.00022741026956121647,0.0,0.0,0.0002375,0.9454177379185161,1.0,1324.5750979199913,1000.0,1324.5750979199913,1000.0,0.0,0.0
640,1686114180000.0,0.0,0.0,0.0,0.00022741026956121647,0.0,0.0,0.0002375,0.9454177379185161,1.0,1324.5750979199913,1000.0,1324.5750979199913,1000.0,0.0,0.0
641,1686117780000.0,0.0,0.0,0.0,0.00022741026956121647,0.0,0.0,0.0002365,0.9454177379185161,1.0,1324.5750979199913,1000.0,1324.5750979199913,1000.0,0.0,0.0
642,1686121380000.0,0.0,0.0,243700.0,0.0002304,0.0,0.0,0.00023,0.9454177379185161,1.0,1324.6567921699914,1000.0,1324.5593121699915,1000.0,0.04238719065337684,0.0
643,1686124980000.0,0.0,0.0,3100.0,0.0002304,0.0,0.0,0.000237,0.9454177379185161,1.0,1325.8514241299915,1000.0,1325.8718841299915,1000.0,0.0005387028946087802,0.0
644,1686128580000.0,0.0,0.0,0.0,0.0002304,0.0,0.0,0.000233,0.9454177379185161,1.0,1325.8646086159922,1000.0,1325.8646086159922,1000.0,0.0,0.0
645,1686132180000.0,0.0,0.0,582700.0,0.0002276314226874893,0.0,0.0,0.000226,0.9454177379185161,1.0,1326.073696949993,1000.0,1325.123066949993,1000.0,0.1000252326134495,0.0
646,1686135780000.0,0.0,0.0,233900.0,0.0002300968984982711,0.0,0.0,0.00023,0.9454177379185161,1.0,1326.6490700007391,1000.0,1326.6264054419935,1000.0,0.04056812443905427,0.0
647,1686139380000.0,0.0,0.0,800.0,0.00023025418932052317,0.0,0.0,0.000233,0.9454177379185161,1.0,1327.78875544145,1000.0,1327.7909520899934,1000.0,0.00013872941060957881,0.0
648,1686142980000.0,0.0,0.0,42700.0,0.00023069938038821478,0.0,0.0,0.0002345,0.9454177379185161,1.0,1328.54661117257,1000.0,1328.7088976299933,1000.0,0.007414766978994014,0.0
649,1686146580000.0,0.0,0.0,255000.0,0.00023083142343066155,0.0,0.0,0.000229,0.9454177379185161,1.0,1328.7945058428115,1000.0,1328.3274928679928,1000.0,0.044297303093892924,0.0
650,1686150180000.0,0.0,0.0,1800700.0,0.00021927305061378343,0.0,0.0,0.0002145,0.9454177379185161,1.0,1328.790643452233,1000.0,1320.1958112119933,1000.0,0.297146118680082,0.0
651,1686153780000.0,0.0,0.0,2565900.0,0.0002158515695234576,0.0,0.0,0.000208,0.9454177379185161,1.0,1328.758841740233,1000.0,1308.6124994999932,1000.0,0.41682021209723463,0.0
652,1686157380000.0,0.0,0.0,2565900.0,0.0002158515695234576,0.0,0.0,0.0002115,0.9454177379185161,1.0,1328.758841740233,1000.0,1317.5931494999932,1000.0,0.41682021209723463,0.0
653,1686160980000.0,0.0,0.0,2565900.0,0.0002158515695234576,0.0,0.0,0.000213,0.9454177379185161,1.0,1328.758841740233,1000.0,1321.4419994999932,1000.0,0.41682021209723463,0.0
654,1686164580000.0,0.0,0.0,2565900.0,0.0002158515695234576,0.0,0.0,0.0002105,0.9454177379185161,1.0,1328.758841740233,1000.0,1315.027249499993,1000.0,0.41682021209723463,0.0
655,1686168180000.0,0.0,0.0,2565900.0,0.0002158515695234576,0.0,0.0,0.0002115,0.9454177379185161,1.0,1328.758841740233,1000.0,1317.5931494999932,1000.0,0.41682021209723463,0.0
656,1686171780000.0,0.0,0.0,2565900.0,0.0002158515695234576,0.0,0.0,0.000209,0.9454177379185161,1.0,1328.758841740233,1000.0,1311.1783994999932,1000.0,0.41682021209723463,0.0
657,1686175380000.0,0.0,0.0,2565900.0,0.0002158515695234576,0.0,0.0,0.000205,0.9454177379185161,1.0,1328.758841740233,1000.0,1300.9147994999933,1000.0,0.41682021209723463,0.0
658,1686178980000.0,0.0,0.0,2565900.0,0.0002158515695234576,0.0,0.0,0.0002125,0.9454177379185161,1.0,1328.758841740233,1000.0,1320.1590494999932,1000.0,0.41682021209723463,0.0
659,1686182580000.0,0.0,0.0,1082600.0,0.0002158515695234576,0.0,0.0,0.000213,0.9454177379185161,1.0,1329.5081314420881,1000.0,1326.421022275993,1000.0,0.17576493414344646,0.0
660,1686186180000.0,0.0,0.0,609000.0,0.0002158515695234576,0.0,0.0,0.000215,0.9454177379185161,1.0,1329.7473707077786,1000.0,1329.2287648679928,1000.0,0.09885607502259429,0.0
661,1686189780000.0,0.0,0.0,25400.0,0.0002158515695234576,0.0,0.0,0.000221,0.9454177379185161,1.0,1332.3513645958888,1000.0,1332.4821347299928,1000.0,0.004115003002649186,0.0
662,1686193380000.0,0.0,0.0,100.0,0.0002158515695234576,0.0,0.0,0.0002225,0.9454177379185161,1.0,1332.4526771929452,1000.0,1332.4533420359928,1000.0,1.6199567400636572e-05,0.0
663,1686196980000.0,0.0,0.0,231800.0,0.0002156,0.0,0.0,0.000218,0.9454177379185161,1.0,1332.562836991993,1000.0,1333.119156991993,1000.0,0.03750373236643121,0.0
664,1686200580000.0,0.0,0.0,6100.0,0.0002156,0.0,0.0,0.00022,0.9454177379185161,1.0,1333.455724247993,1000.0,1333.482564247993,1000.0,0.0009862794662655104,0.0
665,1686204180000.0,0.0,0.0,600.0,0.0002156,0.0,0.0,0.000217,0.9454177379185161,1.0,1333.477482687993,1000.0,1333.4783226879929,1000.0,9.700951210607556e-05,0.0
666,1686207780000.0,0.0,0.0,0.0,0.0002156,0.0,0.0,0.000219,0.9454177379185161,1.0,1333.4798563359927,1000.0,1333.4798563359927,1000.0,0.0,0.0
667,1686211380000.0,0.0,0.0,0.0,0.0002156,0.0,0.0,0.0002235,0.9454177379185161,1.0,1333.4798563359927,1000.0,1333.4798563359927,1000.0,0.0,0.0
668,1686214980000.0,0.0,0.0,0.0,0.0002156,0.0,0.0,0.0002235,0.9454177379185161,1.0,1333.4798563359927,1000.0,1333.4798563359927,1000.0,0.0,0.0
669,1686218580000.0,0.0,0.0,229200.0,0.0002183,0.0,0.0,0.000219,0.9454177379185161,1.0,1333.699532749994,1000.0,1333.859972749994,1000.0,0.03751546639356819,0.0
670,1686222180000.0,0.0,0.0,16400.0,0.00021825624999999998,0.0,0.0,0.0002215,0.9454177379185161,1.0,1334.4687594719942,1000.0,1334.521956971994,1000.0,0.0026822677373251154,0.0
671,1686225780000.0,0.0,0.0,300.0,0.00021825624999999998,0.0,0.0,0.0002225,0.9454177379185161,1.0,1334.5331480409936,1000.0,1334.5344211659935,1000.0,4.906350591299715e-05,0.0
672,1686229380000.0,0.0,0.0,0.0,0.00021825624999999998,0.0,0.0,0.0002215,0.9454177379185161,1.0,1334.5343478279935,1000.0,1334.5343478279935,1000.0,0.0,0.0
673,1686232980000.0,0.0,0.0,0.0,0.00021825624999999998,0.0,0.0,0.0002215,0.9454177379185161,1.0,1334.5343478279935,1000.0,1334.5343478279935,1000.0,0.0,0.0
674,1686236580000.0,0.0,0.0,0.0,0.00021825624999999998,0.0,0.0,0.000227,0.9454177379185161,1.0,1334.5343478279935,1000.0,1334.5343478279935,1000.0,0.0,0.0
675,1686240180000.0,0.0,0.0,0.0,0.00021825624999999998,0.0,0.0,0.0002245,0.9454177379185161,1.0,1334.5343478279935,1000.0,1334.5343478279935,1000.0,0.0,0.0
676,1686243780000.0,0.0,0.0,170300.0,0.0002205,0.0,0.0,0.000222,0.9454177379185161,1.0,1334.5813055079936,1000.0,1334.8367555079938,1000.0,0.028137026830078793,0.0
677,1686247380000.0,0.0,0.0,224700.0,0.0002204042602377807,0.0,0.0,0.000221,0.9454177379185161,1.0,1334.6758563894232,1000.0,1334.8097191139939,1000.0,0.03710626594340618,0.0
678,1686250980000.0,0.0,0.0,28200.0,0.0002204042602377807,0.0,0.0,0.0002225,0.9454177379185161,1.0,1335.004659858699,1000.0,1335.0637597199934,1000.0,0.004655714190063781,0.0
679,1686254580000.0,0.0,0.0,28200.0,0.0002204042602377807,0.0,0.0,0.000224,0.9454177379185161,1.0,1335.004659858699,1000.0,1335.1060597199935,1000.0,0.004655714190063781,0.0
680,1686258180000.0,0.0,0.0,2800.0,0.0002204042602377807,0.0,0.0,0.000223,0.9454177379185161,1.0,1335.1302266526588,1000.0,1335.137494723993,1000.0,0.0004622260183660242,0.0
681,1686261780000.0,0.0,0.0,1900.0,0.0002204042602377807,0.0,0.0,0.000225,0.9454177379185161,1.0,1335.1338724084446,1000.0,1335.142604313993,1000.0,0.0003136525131344085,0.0
682,1686265380000.0,0.0,0.0,400.0,0.0002204042602377807,0.0,0.0,0.000226,0.9454177379185161,1.0,1335.1399486680878,1000.0,1335.1421869639926,1000.0,6.603180751430654e-05,0.0
683,1686268980000.0,0.0,0.0,0.0,0.0002204042602377807,0.0,0.0,0.000225,0.9454177379185161,1.0,1335.1415690039923,1000.0,1335.1415690039923,1000.0,0.0,0.0
684,1686272580000.0,0.0,0.0,0.0,0.0002204042602377807,0.0,0.0,0.0002255,0.9454177379185161,1.0,1335.1415690039923,1000.0,1335.1415690039923,1000.0,0.0,0.0
685,1686276180000.0,0.0,0.0,0.0,0.0002204042602377807,0.0,0.0,0.0002265,0.9454177379185161,1.0,1335.1415690039923,1000.0,1335.1415690039923,1000.0,0.0,0.0
686,1686279780000.0,0.0,0.0,0.0,0.0002204042602377807,0.0,0.0,0.0002225,0.9454177379185161,1.0,1335.1415690039923,1000.0,1335.1415690039923,1000.0,0.0,0.0
687,1686283380000.0,0.0,0.0,300700.0,0.0002220237445959428,0.0,0.0,0.000221,0.9454177379185161,1.0,1335.2224314479922,1000.0,1334.9145914479923,1000.0,0.050001062315586514,0.0
688,1686286980000.0,0.0,0.0,300700.0,0.0002220237445959428,0.0,0.0,0.000221,0.9454177379185161,1.0,1335.2224314479922,1000.0,1334.9145914479923,1000.0,0.050001062315586514,0.0
689,1686290580000.0,0.0,0.0,300700.0,0.0002220237445959428,0.0,0.0,0.0002215,0.9454177379185161,1.0,1335.2224314479922,1000.0,1335.0649414479922,1000.0,0.050001062315586514,0.0
690,1686294180000.0,0.0,0.0,300700.0,0.0002220237445959428,0.0,0.0,0.000221,0.9454177379185161,1.0,1335.2224314479922,1000.0,1334.9145914479923,1000.0,0.050001062315586514,0.0
691,1686297780000.0,0.0,0.0,300700.0,0.0002220237445959428,0.0,0.0,0.000219,0.9454177379185161,1.0,1335.2224314479922,1000.0,1334.3131914479923,1000.0,0.050001062315586514,0.0
692,1686301380000.0,0.0,0.0,169200.0,0.0002220237445959428,0.0,0.0,0.000222,0.9454177379185161,1.0,1335.2792072836255,1000.0,1335.275189697992,1000.0,0.028133754634025447,0.0
693,1686304980000.0,0.0,0.0,35800.0,0.0002220237445959428,0.0,0.0,0.0002245,0.9454177379185161,1.0,1335.4026502825266,1000.0,1335.4913002259918,1000.0,0.005952099956408747,0.0
694,1686308580000.0,0.0,0.0,0.0,0.0002220237445959428,0.0,0.0,0.0002325,0.9454177379185161,1.0,1335.6476612059919,1000.0,1335.6476612059919,1000.0,0.0,0.0
695,1686312180000.0,0.0,0.0,0.0,0.0002220237445959428,0.0,0.0,0.000232,0.9454177379185161,1.0,1335.6476612059919,1000.0,1335.6476612059919,1000.0,0.0,0.0
696,1686315780000.0,0.0,0.0,0.0,0.0002220237445959428,0.0,0.0,0.000238,0.9454177379185161,1.0,1335.6476612059919,1000.0,1335.6476612059919,1000.0,0.0,0.0
697,1686319380000.0,0.0,0.0,0.0,0.0002220237445959428,0.0,0.0,0.000247,0.9454177379185161,1.0,1335.6476612059919,1000.0,1335.6476612059919,1000.0,0.0,0.0
698,1686322980000.0,0.0,0.0,0.0,0.0002220237445959428,0.0,0.0,0.0002425,0.9454177379185161,1.0,1335.6476612059919,1000.0,1335.6476612059919,1000.0,0.0,0.0
699,1686326580000.0,0.0,0.0,0.0,0.0002220237445959428,0.0,0.0,0.0002405,0.9454177379185161,1.0,1335.6476612059919,1000.0,1335.6476612059919,1000.0,0.0,0.0
700,1686330180000.0,0.0,0.0,0.0,0.0002220237445959428,0.0,0.0,0.000242,0.9454177379185161,1.0,1335.6476612059919,1000.0,1335.6476612059919,1000.0,0.0,0.0
701,1686333780000.0,0.0,0.0,0.0,0.0002220237445959428,0.0,0.0,0.0002545,0.9454177379185161,1.0,1335.6476612059919,1000.0,1335.6476612059919,1000.0,0.0,0.0
702,1686337380000.0,0.0,0.0,0.0,0.0002220237445959428,0.0,0.0,0.000259,0.9454177379185161,1.0,1335.6476612059919,1000.0,1335.6476612059919,1000.0,0.0,0.0
703,1686340980000.0,0.0,0.0,0.0,0.0002220237445959428,0.0,0.0,0.000276,0.9454177379185161,1.0,1335.6476612059919,1000.0,1335.6476612059919,1000.0,0.0,0.0
704,1686344580000.0,0.0,0.0,0.0,0.0002220237445959428,0.0,0.0,0.000269,0.9454177379185161,1.0,1335.6476612059919,1000.0,1335.6476612059919,1000.0,0.0,0.0
705,1686348180000.0,0.0,0.0,0.0,0.0002220237445959428,0.0,0.0,0.000277,0.9454177379185161,1.0,1335.6476612059919,1000.0,1335.6476612059919,1000.0,0.0,0.0
706,1686351780000.0,0.0,0.0,0.0,0.0002220237445959428,0.0,0.0,0.0002855,0.9454177379185161,1.0,1335.6476612059919,1000.0,1335.6476612059919,1000.0,0.0,0.0
707,1686355380000.0,0.0,0.0,0.0,0.0002220237445959428,0.0,0.0,0.0002925,0.9454177379185161,1.0,1335.6476612059919,1000.0,1335.6476612059919,1000.0,0.0,0.0
708,1686358980000.0,0.0,0.0,0.0,0.0002220237445959428,0.0,0.0,0.0002835,0.9454177379185161,1.0,1335.6476612059919,1000.0,1335.6476612059919,1000.0,0.0,0.0
709,1686362580000.0,0.0,0.0,0.0,0.0002220237445959428,0.0,0.0,0.000268,0.9454177379185161,1.0,1335.6476612059919,1000.0,1335.6476612059919,1000.0,0.0,0.0
710,1686366180000.0,0.0,0.0,0.0,0.0002220237445959428,0.0,0.0,0.0002645,0.9454177379185161,1.0,1335.6476612059919,1000.0,1335.6476612059919,1000.0,0.0,0.0
711,1686369780000.0,0.0,0.0,0.0,0.0002220237445959428,0.0,0.0,0.000264,0.9454177379185161,1.0,1335.6476612059919,1000.0,1335.6476612059919,1000.0,0.0,0.0
712,1686373380000.0,0.0,0.0,365700.0,0.0002408027768239657,0.0,0.0,0.0002405,0.9454177379185161,1.0,1336.1545140345163,1000.0,1336.043788549992,1000.0,0.06590673051623534,0.0
713,1686376980000.0,0.0,0.0,557100.0,0.0002399102632127343,0.0,0.0,0.00024,0.9454177379185161,1.0,1336.9172822538058,1000.0,1336.9672746179915,1000.0,0.09997178539759564,0.0
714,1686380580000.0,0.0,0.0,273800.0,0.0002442366967130908,0.0,0.0,0.0002455,0.9454177379185161,1.0,1339.0107215720352,1000.0,1339.356614011991,1000.0,0.04994135333101344,0.0
715,1686384180000.0,0.0,0.0,267100.0,0.0002504907386593108,0.0,0.0,0.0002445,0.9454177379185161,1.0,1340.7137571078924,1000.0,1339.1136308119906,1000.0,0.049903326449209945,0.0
716,1686387780000.0,0.0,0.0,0.0,0.0002484427939918619,0.0,0.0,0.0002595,0.9454177379185161,1.0,1343.2516256099905,1000.0,1343.2516256099905,1000.0,0.0,0.0
717,1686391380000.0,0.0,0.0,0.0,0.0002484427939918619,0.0,0.0,0.0002555,0.9454177379185161,1.0,1343.2516256099905,1000.0,1343.2516256099905,1000.0,0.0,0.0
718,1686394980000.0,0.0,0.0,10400.0,0.0002526,0.0,0.0,0.0002575,0.9454177379185161,1.0,1344.42589431199,1000.0,1344.47685431199,1000.0,0.0019540236550891397,0.0
719,1686398580000.0,0.0,0.0,0.0,0.0002526,0.0,0.0,0.000265,0.9454177379185161,1.0,1344.50486300199,1000.0,1344.50486300199,1000.0,0.0,0.0
720,1686402180000.0,0.0,0.0,0.0,0.0002526,0.0,0.0,0.000262,0.9454177379185161,1.0,1344.50486300199,1000.0,1344.50486300199,1000.0,0.0,0.0
721,1686405780000.0,0.0,0.0,402400.0,0.0002506483317800559,0.0,0.0,0.0002515,0.9454177379185161,1.0,1344.5452099602846,1000.0,1344.88792125199,1000.0,0.07501487340189457,0.0
722,1686409380000.0,0.0,0.0,306200.0,0.0002473769907020625,0.0,0.0,0.0002495,0.9454177379185161,1.0,1345.2112545489615,1000.0,1345.86131999599,1000.0,0.05630850492577007,0.0
723,1686412980000.0,0.0,0.0,269100.0,0.00024977955999638205,0.0,0.0,0.000248,0.9454177379185161,1.0,1345.5576833110163,1000.0,1345.0788037159898,1000.0,0.04995377041705761,0.0
724,1686416580000.0,0.0,0.0,373800.0,0.0002406231690468352,0.0,0.0,0.00024,0.9454177379185161,1.0,1345.941114011697,1000.0,1345.70817342199,1000.0,0.06682680219316439,0.0
725,1686420180000.0,0.0,0.0,0.0,0.00025127378538681303,0.0,0.0,0.0002565,0.9454177379185161,1.0,1351.27127354799,1000.0,1351.27127354799,1000.0,0.0,0.0
726,1686423780000.0,0.0,0.0,545700.0,0.00024831623602712113,0.0,0.0,0.00025,0.9454177379185161,1.0,1351.2775500619898,1000.0,1352.1963800619899,1000.0,0.10028004238935491,0.0
727,1686427380000.0,0.0,0.0,217800.0,0.0002498318638487254,0.0,0.0,0.0002515,0.9454177379185161,1.0,1351.6924207562422,1000.0,1352.0557408099899,1000.0,0.04025574095903364,0.0
728,1686430980000.0,0.0,0.0,307100.0,0.0002471822034276931,0.0,0.0,0.0002495,0.9454177379185161,1.0,1352.1435428786344,1000.0,1352.85533820599,1000.0,0.0561402338327463,0.0
729,1686434580000.0,0.0,0.0,269700.0,0.000249760798886591,0.0,0.0,0.000247,0.9454177379185161,1.0,1352.6428413297037,1000.0,1351.8982538699902,1000.0,0.04979916752710232,0.0
730,1686438180000.0,0.0,0.0,269700.0,0.000249760798886591,0.0,0.0,0.000249,0.9454177379185161,1.0,1352.6428413297037,1000.0,1352.43765386999,1000.0,0.04979916752710232,0.0
731,1686441780000.0,0.0,0.0,67900.0,0.00024969461311234736,0.0,0.0,0.0002545,0.9454177379185161,1.0,1353.1324192903185,1000.0,1353.45870505999,1000.0,0.01252964158468721,0.0
732,1686445380000.0,0.0,0.0,833600.0,0.00024349069914699937,0.0,0.0,0.00024,0.9454177379185161,1.0,1353.1257345929287,1000.0,1350.21588778399,1000.0,0.15000368525989263,0.0
733,1686448980000.0,0.0,0.0,833600.0,0.00024349069914699937,0.0,0.0,0.0002415,0.9454177379185161,1.0,1353.1257345929287,1000.0,1351.46628778399,1000.0,0.15000368525989263,0.0
734,1686452580000.0,0.0,0.0,833600.0,0.00024349069914699937,0.0,0.0,0.0002425,0.9454177379185161,1.0,1353.1257345929287,1000.0,1352.29988778399,1000.0,0.15000368525989263,0.0
735,1686456180000.0,0.0,0.0,197900.0,0.00024349069914699937,0.0,0.0,0.0002445,0.9454177379185161,1.0,1353.4820322711814,1000.0,1353.6817729099903,1000.0,0.035602104950246245,0.0
736,1686459780000.0,0.0,0.0,275700.0,0.00024454623101439983,0.0,0.0,0.0002415,0.9454177379185161,1.0,1353.54020807466,1000.0,1352.7003621839901,1000.0,0.04981115114901051,0.0
737,1686463380000.0,0.0,0.0,61500.0,0.0002446102009901551,0.0,0.0,0.0002475,0.9454177379185161,1.0,1354.2713192348842,1000.0,1354.4490418739897,1000.0,0.01110820789544122,0.0
738,1686466980000.0,0.0,0.0,12200.0,0.0002446102009901551,0.0,0.0,0.0002505,0.9454177379185161,1.0,1354.4951392140697,1000.0,1354.5669947619897,1000.0,0.002203215327750431,0.0
739,1686470580000.0,0.0,0.0,0.0,0.0002446102009901551,0.0,0.0,0.000256,0.9454177379185161,1.0,1354.6237120739902,1000.0,1354.6237120739902,1000.0,0.0,0.0
740,1686474180000.0,0.0,0.0,0.0,0.0002446102009901551,0.0,0.0,0.000254,0.9454177379185161,1.0,1354.6237120739902,1000.0,1354.6237120739902,1000.0,0.0,0.0
741,1686477780000.0,0.0,0.0,0.0,0.0002446102009901551,0.0,0.0,0.0002605,0.9454177379185161,1.0,1354.6237120739902,1000.0,1354.6237120739902,1000.0,0.0,0.0
742,1686481380000.0,0.0,0.0,0.0,0.0002446102009901551,0.0,0.0,0.0002595,0.9454177379185161,1.0,1354.6237120739902,1000.0,1354.6237120739902,1000.0,0.0,0.0
743,1686484980000.0,0.0,0.0,0.0,0.0002446102009901551,0.0,0.0,0.0002565,0.9454177379185161,1.0,1354.6237120739902,1000.0,1354.6237120739902,1000.0,0.0,0.0
744,1686488580000.0,0.0,0.0,0.0,0.0002446102009901551,0.0,0.0,0.0002545,0.9454177379185161,1.0,1354.6237120739902,1000.0,1354.6237120739902,1000.0,0.0,0.0
745,1686492180000.0,0.0,0.0,0.0,0.0002446102009901551,0.0,0.0,0.000254,0.9454177379185161,1.0,1354.6237120739902,1000.0,1354.6237120739902,1000.0,0.0,0.0
746,1686495780000.0,0.0,0.0,0.0,0.0002446102009901551,0.0,0.0,0.000257,0.9454177379185161,1.0,1354.6237120739902,1000.0,1354.6237120739902,1000.0,0.0,0.0
747,1686499380000.0,0.0,0.0,269200.0,0.0002516,0.0,0.0,0.00025,0.9454177379185161,1.0,1354.70252532999,1000.0,1354.27180532999,1000.0,0.04999674742874017,0.0
748,1686502980000.0,0.0,0.0,15000.0,0.00025154222057185294,0.0,0.0,0.000258,0.9454177379185161,1.0,1355.8978645285674,1000.0,1355.9947312199897,1000.0,0.002782756288129177,0.0
749,1686506580000.0,0.0,0.0,0.0,0.00025154222057185294,0.0,0.0,0.000259,0.9454177379185161,1.0,1356.0299500199899,1000.0,1356.0299500199899,1000.0,0.0,0.0
750,1686510180000.0,0.0,0.0,0.0,0.00025154222057185294,0.0,0.0,0.0002605,0.9454177379185161,1.0,1356.0299500199899,1000.0,1356.0299500199899,1000.0,0.0,0.0
751,1686513780000.0,0.0,0.0,0.0,0.00025154222057185294,0.0,0.0,0.000265,0.9454177379185161,1.0,1356.0299500199899,1000.0,1356.0299500199899,1000.0,0.0,0.0
752,1686517380000.0,0.0,0.0,0.0,0.00025154222057185294,0.0,0.0,0.000263,0.9454177379185161,1.0,1356.0299500199899,1000.0,1356.0299500199899,1000.0,0.0,0.0
753,1686520980000.0,0.0,0.0,0.0,0.00025154222057185294,0.0,0.0,0.000258,0.9454177379185161,1.0,1356.0299500199899,1000.0,1356.0299500199899,1000.0,0.0,0.0
754,1686524580000.0,0.0,0.0,199500.0,0.0002549,0.0,0.0,0.0002575,0.9454177379185161,1.0,1356.0528911899899,1000.0,1356.57159118999,1000.0,0.037500417815838204,0.0
755,1686528180000.0,0.0,0.0,17600.0,0.0002549,0.0,0.0,0.0002625,0.9454177379185161,1.0,1356.9165633039895,1000.0,1357.0503233039894,1000.0,0.0033062018117579347,0.0
756,1686531780000.0,0.0,0.0,100.0,0.0002549,0.0,0.0,0.0002605,0.9454177379185161,1.0,1357.035727137989,1000.0,1357.036287137989,1000.0,1.8783588000117607e-05,0.0
757,1686535380000.0,0.0,0.0,0.0,0.0002549,0.0,0.0,0.0002585,0.9454177379185161,1.0,1357.0362019439888,1000.0,1357.0362019439888,1000.0,0.0,0.0
758,1686538980000.0,0.0,0.0,265400.0,0.0002557,0.0,0.0,0.0002505,0.9454177379185161,1.0,1357.0556202679886,1000.0,1355.6755402679887,1000.0,0.050007368147960356,0.0
759,1686542580000.0,0.0,0.0,816800.0,0.00024920342801175313,0.0,0.0,0.000248,0.9454177379185161,1.0,1357.0284829519887,1000.0,1356.0455229519887,1000.0,0.14999638000022839,0.0
760,1686546180000.0,0.0,0.0,194000.0,0.00024920342801175313,0.0,0.0,0.0002495,0.9454177379185161,1.0,1357.368912898269,1000.0,1357.4264478639889,1000.0,0.03561704159781613,0.0
761,1686549780000.0,0.0,0.0,221000.0,0.00024920648343935,0.0,0.0,0.000248,0.9454177379185161,1.0,1357.5524835500858,1000.0,1357.2858507099895,1000.0,0.04056906344870932,0.0
762,1686553380000.0,0.0,0.0,271000.0,0.0002502572825797895,0.0,0.0,0.0002495,0.9454177379185161,1.0,1357.704488395112,1000.0,1357.4992648159891,1000.0,0.049951756187600095,0.0
763,1686556980000.0,0.0,0.0,271000.0,0.0002502572825797895,0.0,0.0,0.0002465,0.9454177379185161,1.0,1357.704488395112,1000.0,1356.686264815989,1000.0,0.049951756187600095,0.0
764,1686560580000.0,0.0,0.0,412600.0,0.00024667668347413735,0.0,0.0,0.0002485,0.9454177379185161,1.0,1357.7560709934182,1000.0,1358.5083713919892,1000.0,0.07496103444189457,0.0
765,1686564180000.0,0.0,0.0,20400.0,0.00024667668347413735,0.0,0.0,0.0002515,0.9454177379185161,1.0,1359.7943748028617,1000.0,1359.8927704599894,1000.0,0.003700709780919599,0.0
766,1686567780000.0,0.0,0.0,9100.0,0.00024667668347413735,0.0,0.0,0.0002525,0.9454177379185161,1.0,1359.846050341604,1000.0,1359.8990425219895,1000.0,0.0016507440816927394,0.0
767,1686571380000.0,0.0,0.0,0.0,0.00024667668347413735,0.0,0.0,0.0002525,0.9454177379185161,1.0,1359.9240578759898,1000.0,1359.9240578759898,1000.0,0.0,0.0
768,1686574980000.0,0.0,0.0,0.0,0.00024667668347413735,0.0,0.0,0.000252,0.9454177379185161,1.0,1359.9240578759898,1000.0,1359.9240578759898,1000.0,0.0,0.0
769,1686578580000.0,0.0,0.0,271100.0,0.0002508,0.0,0.0,0.0002485,0.9454177379185161,1.0,1360.0367982239898,1000.0,1359.4132682239897,1000.0,0.04999267673403213,0.0
770,1686582180000.0,0.0,0.0,271700.0,0.00025035004345933264,0.0,0.0,0.0002465,0.9454177379185161,1.0,1360.2647779018898,1000.0,1359.2187210939892,1000.0,0.05000504895290811,0.0
771,1686585780000.0,0.0,0.0,551200.0,0.00024677513934669935,0.0,0.0,0.000243,0.9454177379185161,1.0,1360.2511774318898,1000.0,1358.170320623989,1000.0,0.09999804379122589,0.0
772,1686589380000.0,0.0,0.0,551200.0,0.00024677513934669935,0.0,0.0,0.0002435,0.9454177379185161,1.0,1360.2511774318898,1000.0,1358.4459206239892,1000.0,0.09999804379122589,0.0
773,1686592980000.0,0.0,0.0,352800.0,0.00024398882660595634,0.0,0.0,0.000247,0.9454177379185161,1.0,1360.5093705225704,1000.0,1361.571712495989,1000.0,0.06326987515971201,0.0
774,1686596580000.0,0.0,0.0,276000.0,0.00024602339324160654,0.0,0.0,0.0002465,0.9454177379185161,1.0,1360.8717598306723,1000.0,1361.0033032959889,1000.0,0.049896293345915436,0.0
775,1686600180000.0,0.0,0.0,207100.0,0.0002462988964601491,0.0,0.0,0.000247,0.9454177379185161,1.0,1360.9860627128858,1000.0,1361.1312612559889,1000.0,0.037479077012163096,0.0
776,1686603780000.0,0.0,0.0,116600.0,0.0002463868109739485,0.0,0.0,0.0002475,0.9454177379185161,1.0,1361.0985606595511,1000.0,1361.2283584999886,1000.0,0.021106996208739837,0.0
777,1686607380000.0,0.0,0.0,8200.0,0.0002463944321490311,0.0,0.0,0.0002505,0.9454177379185161,1.0,1362.0355893556105,1000.0,1362.0692550119884,1000.0,0.0014833932089674236,0.0
778,1686610980000.0,0.0,0.0,2500.0,0.0002463944321490311,0.0,0.0,0.0002505,0.9454177379185161,1.0,1362.0615549523607,1000.0,1362.0718188719882,1000.0,0.0004522454056007201,0.0
779,1686614580000.0,0.0,0.0,275400.0,0.0002473737490336428,0.0,0.0,0.000247,0.9454177379185161,1.0,1362.1509522498532,1000.0,1362.0480217659879,1000.0,0.05001408277940185,0.0
780,1686618180000.0,0.0,0.0,206600.0,0.0002472850378163632,0.0,0.0,0.0002495,0.9454177379185161,1.0,1362.2551358128487,1000.0,1362.712746999988,1000.0,0.03750331892298289,0.0
781,1686621780000.0,0.0,0.0,68900.0,0.0002473137261636783,0.0,0.0,0.0002505,0.9454177379185161,1.0,1362.7064413446656,1000.0,1362.9259756119882,1000.0,0.01250446553687903,0.0
782,1686625380000.0,0.0,0.0,5200.0,0.0002473137261636783,0.0,0.0,0.0002575,0.9454177379185161,1.0,1363.0580952360392,1000.0,1363.111063859988,1000.0,0.0009434897753411066,0.0
783,1686628980000.0,0.0,0.0,2600.0,0.0002473137261636783,0.0,0.0,0.000258,0.9454177379185161,1.0,1363.0805464280136,1000.0,1363.108330739988,1000.0,0.00047173711759778406,0.0
784,1686632580000.0,0.0,0.0,100.0,0.0002473137261636783,0.0,0.0,0.0002555,0.9454177379185161,1.0,1363.1021341126043,1000.0,1363.1029527399878,1000.0,1.8143447946744102e-05,0.0
785,1686636180000.0,0.0,0.0,0.0,0.0002473137261636783,0.0,0.0,0.0002555,0.9454177379185161,1.0,1363.102997619988,1000.0,1363.102997619988,1000.0,0.0,0.0
786,1686639780000.0,0.0,0.0,0.0,0.0002473137261636783,0.0,0.0,0.000256,0.9454177379185161,1.0,1363.102997619988,1000.0,1363.102997619988,1000.0,0.0,0.0
787,1686643380000.0,0.0,0.0,0.0,0.0002473137261636783,0.0,0.0,0.0002565,0.9454177379185161,1.0,1363.102997619988,1000.0,1363.102997619988,1000.0,0.0,0.0
788,1686646980000.0,0.0,0.0,0.0,0.0002473137261636783,0.0,0.0,0.0002595,0.9454177379185161,1.0,1363.102997619988,1000.0,1363.102997619988,1000.0,0.0,0.0
789,1686650580000.0,0.0,0.0,0.0,0.0002473137261636783,0.0,0.0,0.000258,0.9454177379185161,1.0,1363.102997619988,1000.0,1363.102997619988,1000.0,0.0,0.0
790,1686654180000.0,0.0,0.0,0.0,0.0002473137261636783,0.0,0.0,0.00026,0.9454177379185161,1.0,1363.102997619988,1000.0,1363.102997619988,1000.0,0.0,0.0
791,1686657780000.0,0.0,0.0,0.0,0.0002473137261636783,0.0,0.0,0.0002645,0.9454177379185161,1.0,1363.102997619988,1000.0,1363.102997619988,1000.0,0.0,0.0
792,1686661380000.0,0.0,0.0,0.0,0.0002473137261636783,0.0,0.0,0.0002625,0.9454177379185161,1.0,1363.102997619988,1000.0,1363.102997619988,1000.0,0.0,0.0
793,1686664980000.0,0.0,0.0,0.0,0.0002473137261636783,0.0,0.0,0.000258,0.9454177379185161,1.0,1363.102997619988,1000.0,1363.102997619988,1000.0,0.0,0.0
794,1686668580000.0,0.0,0.0,0.0,0.0002473137261636783,0.0,0.0,0.0002585,0.9454177379185161,1.0,1363.102997619988,1000.0,1363.102997619988,1000.0,0.0,0.0
795,1686672180000.0,0.0,0.0,0.0,0.0002473137261636783,0.0,0.0,0.0002555,0.9454177379185161,1.0,1363.102997619988,1000.0,1363.102997619988,1000.0,0.0,0.0
796,1686675780000.0,0.0,0.0,0.0,0.0002473137261636783,0.0,0.0,0.000257,0.9454177379185161,1.0,1363.102997619988,1000.0,1363.102997619988,1000.0,0.0,0.0
797,1686679380000.0,0.0,0.0,0.0,0.0002473137261636783,0.0,0.0,0.000259,0.9454177379185161,1.0,1363.102997619988,1000.0,1363.102997619988,1000.0,0.0,0.0
798,1686682980000.0,0.0,0.0,0.0,0.0002473137261636783,0.0,0.0,0.0002585,0.9454177379185161,1.0,1363.102997619988,1000.0,1363.102997619988,1000.0,0.0,0.0
799,1686686580000.0,0.0,0.0,0.0,0.0002473137261636783,0.0,0.0,0.0002595,0.9454177379185161,1.0,1363.102997619988,1000.0,1363.102997619988,1000.0,0.0,0.0
800,1686690180000.0,0.0,0.0,0.0,0.0002473137261636783,0.0,0.0,0.000258,0.9454177379185161,1.0,1363.102997619988,1000.0,1363.102997619988,1000.0,0.0,0.0
801,1686693780000.0,0.0,0.0,0.0,0.0002473137261636783,0.0,0.0,0.000258,0.9454177379185161,1.0,1363.102997619988,1000.0,1363.102997619988,1000.0,0.0,0.0
802,1686697380000.0,0.0,0.0,0.0,0.0002473137261636783,0.0,0.0,0.000258,0.9454177379185161,1.0,1363.102997619988,1000.0,1363.102997619988,1000.0,0.0,0.0
803,1686700980000.0,0.0,0.0,0.0,0.0002473137261636783,0.0,0.0,0.000259,0.9454177379185161,1.0,1363.102997619988,1000.0,1363.102997619988,1000.0,0.0,0.0
804,1686704580000.0,0.0,0.0,0.0,0.0002473137261636783,0.0,0.0,0.000259,0.9454177379185161,1.0,1363.102997619988,1000.0,1363.102997619988,1000.0,0.0,0.0
805,1686708180000.0,0.0,0.0,0.0,0.0002473137261636783,0.0,0.0,0.000259,0.9454177379185161,1.0,1363.102997619988,1000.0,1363.102997619988,1000.0,0.0,0.0
806,1686711780000.0,0.0,0.0,0.0,0.0002473137261636783,0.0,0.0,0.0002605,0.9454177379185161,1.0,1363.102997619988,1000.0,1363.102997619988,1000.0,0.0,0.0
807,1686715380000.0,0.0,0.0,0.0,0.0002473137261636783,0.0,0.0,0.000261,0.9454177379185161,1.0,1363.102997619988,1000.0,1363.102997619988,1000.0,0.0,0.0
808,1686718980000.0,0.0,0.0,0.0,0.0002473137261636783,0.0,0.0,0.0002595,0.9454177379185161,1.0,1363.102997619988,1000.0,1363.102997619988,1000.0,0.0,0.0
809,1686722580000.0,0.0,0.0,265600.0,0.0002566,0.0,0.0,0.0002525,0.9454177379185161,1.0,1363.089367027988,1000.0,1362.0004070279879,1000.0,0.049998893431761796,0.0
810,1686726180000.0,0.0,0.0,49900.0,0.0002566,0.0,0.0,0.000264,0.9454177379185161,1.0,1363.468879171988,1000.0,1363.838139171988,1000.0,0.009391002754515279,0.0
811,1686729780000.0,0.0,0.0,33300.0,0.0002566,0.0,0.0,0.000264,0.9454177379185161,1.0,1363.547691323988,1000.0,1363.7941113239879,1000.0,0.006266579492869167,0.0
812,1686733380000.0,0.0,0.0,1400.0,0.0002566,0.0,0.0,0.000266,0.9454177379185161,1.0,1363.786486119988,1000.0,1363.799646119988,1000.0,0.00026341366750307684,0.0
813,1686736980000.0,0.0,0.0,0.0,0.0002566,0.0,0.0,0.000276,0.9454177379185161,1.0,1363.7998515839881,1000.0,1363.7998515839881,1000.0,0.0,0.0
814,1686740580000.0,0.0,0.0,0.0,0.0002566,0.0,0.0,0.0002825,0.9454177379185161,1.0,1363.7998515839881,1000.0,1363.7998515839881,1000.0,0.0,0.0
815,1686744180000.0,0.0,0.0,0.0,0.0002566,0.0,0.0,0.0002815,0.9454177379185161,1.0,1363.7998515839881,1000.0,1363.7998515839881,1000.0,0.0,0.0
816,1686747780000.0,0.0,0.0,0.0,0.0002566,0.0,0.0,0.0002825,0.9454177379185161,1.0,1363.7998515839881,1000.0,1363.7998515839881,1000.0,0.0,0.0
817,1686751380000.0,0.0,0.0,0.0,0.0002566,0.0,0.0,0.0002795,0.9454177379185161,1.0,1363.7998515839881,1000.0,1363.7998515839881,1000.0,0.0,0.0
818,1686754980000.0,0.0,0.0,0.0,0.0002566,0.0,0.0,0.000282,0.9454177379185161,1.0,1363.7998515839881,1000.0,1363.7998515839881,1000.0,0.0,0.0
819,1686758580000.0,0.0,0.0,0.0,0.0002566,0.0,0.0,0.000279,0.9454177379185161,1.0,1363.7998515839881,1000.0,1363.7998515839881,1000.0,0.0,0.0
820,1686762180000.0,0.0,0.0,0.0,0.0002566,0.0,0.0,0.000291,0.9454177379185161,1.0,1363.7998515839881,1000.0,1363.7998515839881,1000.0,0.0,0.0
821,1686765780000.0,0.0,0.0,0.0,0.0002566,0.0,0.0,0.000297,0.9454177379185161,1.0,1363.7998515839881,1000.0,1363.7998515839881,1000.0,0.0,0.0
822,1686769380000.0,0.0,0.0,0.0,0.0002566,0.0,0.0,0.0002935,0.9454177379185161,1.0,1363.7998515839881,1000.0,1363.7998515839881,1000.0,0.0,0.0
823,1686772980000.0,0.0,0.0,0.0,0.0002566,0.0,0.0,0.000285,0.9454177379185161,1.0,1363.7998515839881,1000.0,1363.7998515839881,1000.0,0.0,0.0
824,1686776580000.0,0.0,0.0,469000.0,0.0002703597014925373,0.0,0.0,0.000271,0.9454177379185161,1.0,1363.8448183239884,1000.0,1364.1451183239883,1000.0,0.09297150108017517,0.0
825,1686780180000.0,0.0,0.0,250400.0,0.0002734386259918702,0.0,0.0,0.000272,0.9454177379185161,1.0,1364.5344790623524,1000.0,1364.174247113988,1000.0,0.050177575575380974,0.0
826,1686783780000.0,0.0,0.0,507200.0,0.00026952048885718513,0.0,0.0,0.000265,0.9454177379185161,1.0,1364.5208327103524,1000.0,1362.228040761988,1000.0,0.10018226814231561,0.0
827,1686787380000.0,0.0,0.0,214000.0,0.00026952048885718513,0.0,0.0,0.0002675,0.9454177379185161,1.0,1364.6749067134256,1000.0,1364.242522097988,1000.0,0.04226456010270112,0.0
828,1686790980000.0,0.0,0.0,188000.0,0.00027161710811517885,0.0,0.0,0.0002725,0.9454177379185161,1.0,1364.9269353456411,1000.0,1365.0929190199874,1000.0,0.03741153830532523,0.0
829,1686794580000.0,0.0,0.0,250700.0,0.0002720153731291633,0.0,0.0,0.0002705,0.9454177379185161,1.0,1365.022700743469,1000.0,1364.6427966999877,1000.0,0.049958329635352426,0.0
830,1686798180000.0,0.0,0.0,251200.0,0.0002718771149052417,0.0,0.0,0.000271,0.9454177379185161,1.0,1365.0873097501844,1000.0,1364.8669784859876,1000.0,0.05003015614927592,0.0
831,1686801780000.0,0.0,0.0,9000.0,0.0002718771149052417,0.0,0.0,0.0002775,0.9454177379185161,1.0,1365.3860404001348,1000.0,1365.4366463659876,1000.0,0.0017920895349348217,0.0
832,1686805380000.0,0.0,0.0,0.0,0.0002718771149052417,0.0,0.0,0.000283,0.9454177379185161,1.0,1365.4505939759874,1000.0,1365.4505939759874,1000.0,0.0,0.0
833,1686808980000.0,0.0,0.0,0.0,0.0002718771149052417,0.0,0.0,0.0002835,0.9454177379185161,1.0,1365.4505939759874,1000.0,1365.4505939759874,1000.0,0.0,0.0
834,1686812580000.0,0.0,0.0,0.0,0.0002718771149052417,0.0,0.0,0.0002885,0.9454177379185161,1.0,1365.4505939759874,1000.0,1365.4505939759874,1000.0,0.0,0.0
835,1686816180000.0,0.0,0.0,0.0,0.0002718771149052417,0.0,0.0,0.0002825,0.9454177379185161,1.0,1365.4505939759874,1000.0,1365.4505939759874,1000.0,0.0,0.0
836,1686819780000.0,0.0,0.0,0.0,0.0002718771149052417,0.0,0.0,0.00029,0.9454177379185161,1.0,1365.4505939759874,1000.0,1365.4505939759874,1000.0,0.0,0.0
837,1686823380000.0,0.0,0.0,0.0,0.0002718771149052417,0.0,0.0,0.000292,0.9454177379185161,1.0,1365.4505939759874,1000.0,1365.4505939759874,1000.0,0.0,0.0
838,1686826980000.0,0.0,0.0,0.0,0.0002718771149052417,0.0,0.0,0.0002925,0.9454177379185161,1.0,1365.4505939759874,1000.0,1365.4505939759874,1000.0,0.0,0.0
839,1686830580000.0,0.0,0.0,0.0,0.0002718771149052417,0.0,0.0,0.0002865,0.9454177379185161,1.0,1365.4505939759874,1000.0,1365.4505939759874,1000.0,0.0,0.0
840,1686834180000.0,0.0,0.0,0.0,0.0002718771149052417,0.0,0.0,0.0002895,0.9454177379185161,1.0,1365.4505939759874,1000.0,1365.4505939759874,1000.0,0.0,0.0
841,1686837780000.0,0.0,0.0,0.0,0.0002718771149052417,0.0,0.0,0.000293,0.9454177379185161,1.0,1365.4505939759874,1000.0,1365.4505939759874,1000.0,0.0,0.0
842,1686841380000.0,0.0,0.0,0.0,0.0002718771149052417,0.0,0.0,0.0003215,0.9454177379185161,1.0,1365.4505939759874,1000.0,1365.4505939759874,1000.0,0.0,0.0
843,1686844980000.0,0.0,0.0,0.0,0.0002718771149052417,0.0,0.0,0.000326,0.9454177379185161,1.0,1365.4505939759874,1000.0,1365.4505939759874,1000.0,0.0,0.0
844,1686848580000.0,0.0,0.0,0.0,0.0002718771149052417,0.0,0.0,0.0003285,0.9454177379185161,1.0,1365.4505939759874,1000.0,1365.4505939759874,1000.0,0.0,0.0
845,1686852180000.0,0.0,0.0,0.0,0.0002718771149052417,0.0,0.0,0.0003225,0.9454177379185161,1.0,1365.4505939759874,1000.0,1365.4505939759874,1000.0,0.0,0.0
846,1686855780000.0,0.0,0.0,0.0,0.0002718771149052417,0.0,0.0,0.0003345,0.9454177379185161,1.0,1365.4505939759874,1000.0,1365.4505939759874,1000.0,0.0,0.0
847,1686859380000.0,0.0,0.0,0.0,0.0002718771149052417,0.0,0.0,0.000376,0.9454177379185161,1.0,1365.4505939759874,1000.0,1365.4505939759874,1000.0,0.0,0.0
848,1686862980000.0,0.0,0.0,0.0,0.0002718771149052417,0.0,0.0,0.0003785,0.9454177379185161,1.0,1365.4505939759874,1000.0,1365.4505939759874,1000.0,0.0,0.0
849,1686866580000.0,0.0,0.0,0.0,0.0002718771149052417,0.0,0.0,0.000375,0.9454177379185161,1.0,1365.4505939759874,1000.0,1365.4505939759874,1000.0,0.0,0.0
850,1686870180000.0,0.0,0.0,0.0,0.0002718771149052417,0.0,0.0,0.000361,0.9454177379185161,1.0,1365.4505939759874,1000.0,1365.4505939759874,1000.0,0.0,0.0
851,1686873780000.0,0.0,0.0,0.0,0.0002718771149052417,0.0,0.0,0.0003565,0.9454177379185161,1.0,1365.4505939759874,1000.0,1365.4505939759874,1000.0,0.0,0.0
852,1686877380000.0,0.0,0.0,0.0,0.0002718771149052417,0.0,0.0,0.0003485,0.9454177379185161,1.0,1365.4505939759874,1000.0,1365.4505939759874,1000.0,0.0,0.0
853,1686880980000.0,0.0,0.0,0.0,0.0002718771149052417,0.0,0.0,0.000354,0.9454177379185161,1.0,1365.4505939759874,1000.0,1365.4505939759874,1000.0,0.0,0.0
854,1686884580000.0,0.0,0.0,0.0,0.0002718771149052417,0.0,0.0,0.000371,0.9454177379185161,1.0,1365.4505939759874,1000.0,1365.4505939759874,1000.0,0.0,0.0
855,1686888180000.0,0.0,0.0,0.0,0.0002718771149052417,0.0,0.0,0.000366,0.9454177379185161,1.0,1365.4505939759874,1000.0,1365.4505939759874,1000.0,0.0,0.0
856,1686891780000.0,0.0,0.0,0.0,0.0002718771149052417,0.0,0.0,0.0003695,0.9454177379185161,1.0,1365.4505939759874,1000.0,1365.4505939759874,1000.0,0.0,0.0
857,1686895380000.0,0.0,0.0,0.0,0.0002718771149052417,0.0,0.0,0.0003805,0.9454177379185161,1.0,1365.4505939759874,1000.0,1365.4505939759874,1000.0,0.0,0.0
858,1686898980000.0,0.0,0.0,0.0,0.0002718771149052417,0.0,0.0,0.0004055,0.9454177379185161,1.0,1365.4505939759874,1000.0,1365.4505939759874,1000.0,0.0,0.0
859,1686902580000.0,0.0,0.0,0.0,0.0002718771149052417,0.0,0.0,0.000413,0.9454177379185161,1.0,1365.4505939759874,1000.0,1365.4505939759874,1000.0,0.0,0.0
860,1686906180000.0,0.0,0.0,0.0,0.0002718771149052417,0.0,0.0,0.0003975,0.9454177379185161,1.0,1365.4505939759874,1000.0,1365.4505939759874,1000.0,0.0,0.0
861,1686909780000.0,0.0,0.0,0.0,0.0002718771149052417,0.0,0.0,0.0004295,0.9454177379185161,1.0,1365.4505939759874,1000.0,1365.4505939759874,1000.0,0.0,0.0
862,1686913380000.0,0.0,0.0,0.0,0.0002718771149052417,0.0,0.0,0.000434,0.9454177379185161,1.0,1365.4505939759874,1000.0,1365.4505939759874,1000.0,0.0,0.0
863,1686916980000.0,0.0,0.0,0.0,0.0002718771149052417,0.0,0.0,0.000443,0.9454177379185161,1.0,1365.4505939759874,1000.0,1365.4505939759874,1000.0,0.0,0.0
864,1686920580000.0,0.0,0.0,0.0,0.0002718771149052417,0.0,0.0,0.000422,0.9454177379185161,1.0,1365.4505939759874,1000.0,1365.4505939759874,1000.0,0.0,0.0
865,1686924180000.0,0.0,0.0,0.0,0.0002718771149052417,0.0,0.0,0.000434,0.9454177379185161,1.0,1365.4505939759874,1000.0,1365.4505939759874,1000.0,0.0,0.0
866,1686927780000.0,0.0,0.0,0.0,0.0002718771149052417,0.0,0.0,0.0004375,0.9454177379185161,1.0,1365.4505939759874,1000.0,1365.4505939759874,1000.0,0.0,0.0
867,1686931380000.0,0.0,0.0,0.0,0.0002718771149052417,0.0,0.0,0.0004405,0.9454177379185161,1.0,1365.4505939759874,1000.0,1365.4505939759874,1000.0,0.0,0.0
868,1686934980000.0,0.0,0.0,0.0,0.0002718771149052417,0.0,0.0,0.000512,0.9454177379185161,1.0,1365.4505939759874,1000.0,1365.4505939759874,1000.0,0.0,0.0
869,1686938580000.0,0.0,0.0,0.0,0.0002718771149052417,0.0,0.0,0.000518,0.9454177379185161,1.0,1365.4505939759874,1000.0,1365.4505939759874,1000.0,0.0,0.0
870,1686942180000.0,0.0,0.0,0.0,0.0002718771149052417,0.0,0.0,0.0005,0.9454177379185161,1.0,1365.4505939759874,1000.0,1365.4505939759874,1000.0,0.0,0.0
871,1686945780000.0,0.0,0.0,0.0,0.0002718771149052417,0.0,0.0,0.000507,0.9454177379185161,1.0,1365.4505939759874,1000.0,1365.4505939759874,1000.0,0.0,0.0
872,1686949380000.0,0.0,0.0,0.0,0.0002718771149052417,0.0,0.0,0.0004775,0.9454177379185161,1.0,1365.4505939759874,1000.0,1365.4505939759874,1000.0,0.0,0.0
873,1686952980000.0,0.0,0.0,490200.0,0.0004180043777832161,0.0,0.0,0.0004175,0.9454177379185161,1.0,1366.2412552073204,1000.0,1365.994009217988,1000.0,0.14997771821656716,0.0
874,1686956580000.0,0.0,0.0,159800.0,0.00042929999999999997,0.0,0.0,0.0004315,0.9454177379185161,1.0,1371.6278095119878,1000.0,1371.979369511988,1000.0,0.05001512766382885,0.0
875,1686960180000.0,0.0,0.0,0.0,0.0004296,0.0,0.0,0.0004505,0.9454177379185161,1.0,1376.3869043979882,1000.0,1376.3869043979882,1000.0,0.0,0.0
876,1686963780000.0,0.0,0.0,160000.0,0.00043028887500000005,0.0,0.0,0.000432,0.9454177379185161,1.0,1376.9961358579883,1000.0,1377.2699158579883,1000.0,0.049997395204818655,0.0
877,1686967380000.0,0.0,0.0,700.0,0.00043028887500000005,0.0,0.0,0.000437,0.9454177379185161,1.0,1378.3080338924885,1000.0,1378.3127316799885,1000.0,0.00021853040473788208,0.0
878,1686970980000.0,0.0,0.0,0.0,0.00043028887500000005,0.0,0.0,0.0004535,0.9454177379185161,1.0,1378.3163797579887,1000.0,1378.3163797579887,1000.0,0.0,0.0
879,1686974580000.0,0.0,0.0,0.0,0.00043028887500000005,0.0,0.0,0.0004765,0.9454177379185161,1.0,1378.3163797579887,1000.0,1378.3163797579887,1000.0,0.0,0.0
880,1686978180000.0,0.0,0.0,0.0,0.00043028887500000005,0.0,0.0,0.0004915,0.9454177379185161,1.0,1378.3163797579887,1000.0,1378.3163797579887,1000.0,0.0,0.0
881,1686981780000.0,0.0,0.0,0.0,0.00043028887500000005,0.0,0.0,0.000502,0.9454177379185161,1.0,1378.3163797579887,1000.0,1378.3163797579887,1000.0,0.0,0.0
882,1686985380000.0,0.0,0.0,0.0,0.00043028887500000005,0.0,0.0,0.000577,0.9454177379185161,1.0,1378.3163797579887,1000.0,1378.3163797579887,1000.0,0.0,0.0
883,1686988980000.0,0.0,0.0,0.0,0.00043028887500000005,0.0,0.0,0.0005685,0.9454177379185161,1.0,1378.3163797579887,1000.0,1378.3163797579887,1000.0,0.0,0.0
884,1686992580000.0,0.0,0.0,0.0,0.00043028887500000005,0.0,0.0,0.000568,0.9454177379185161,1.0,1378.3163797579887,1000.0,1378.3163797579887,1000.0,0.0,0.0
885,1686996180000.0,0.0,0.0,0.0,0.00043028887500000005,0.0,0.0,0.000557,0.9454177379185161,1.0,1378.3163797579887,1000.0,1378.3163797579887,1000.0,0.0,0.0
886,1686999780000.0,0.0,0.0,0.0,0.00043028887500000005,0.0,0.0,0.000571,0.9454177379185161,1.0,1378.3163797579887,1000.0,1378.3163797579887,1000.0,0.0,0.0
887,1687003380000.0,0.0,0.0,0.0,0.00043028887500000005,0.0,0.0,0.0005635,0.9454177379185161,1.0,1378.3163797579887,1000.0,1378.3163797579887,1000.0,0.0,0.0
888,1687006980000.0,0.0,0.0,0.0,0.00043028887500000005,0.0,0.0,0.0005735,0.9454177379185161,1.0,1378.3163797579887,1000.0,1378.3163797579887,1000.0,0.0,0.0
889,1687010580000.0,0.0,0.0,0.0,0.00043028887500000005,0.0,0.0,0.000576,0.9454177379185161,1.0,1378.3163797579887,1000.0,1378.3163797579887,1000.0,0.0,0.0
890,1687014180000.0,0.0,0.0,0.0,0.00043028887500000005,0.0,0.0,0.000555,0.9454177379185161,1.0,1378.3163797579887,1000.0,1378.3163797579887,1000.0,0.0,0.0
891,1687017780000.0,0.0,0.0,0.0,0.00043028887500000005,0.0,0.0,0.000538,0.9454177379185161,1.0,1378.3163797579887,1000.0,1378.3163797579887,1000.0,0.0,0.0
892,1687021380000.0,0.0,0.0,205500.0,0.0005042091156653447,0.0,0.0,0.000499,0.9454177379185161,1.0,1380.0438723812174,1000.0,1378.973399111989,1000.0,0.07508092702186658,0.0
893,1687024980000.0,0.0,0.0,90000.0,0.0005091046611713568,0.0,0.0,0.000518,0.9454177379185161,1.0,1382.236004933411,1000.0,1383.036585427989,1000.0,0.03314876717281681,0.0
894,1687028580000.0,0.0,0.0,26700.0,0.0005118260343482995,0.0,0.0,0.000515,0.9454177379185161,1.0,1384.1632068070885,1000.0,1384.247951689989,1000.0,0.009872936262063352,0.0
895,1687032180000.0,0.0,0.0,0.0,0.0005122063295122102,0.0,0.0,0.000544,0.9454177379185161,1.0,1385.3097408679887,1000.0,1385.3097408679887,1000.0,0.0,0.0
896,1687035780000.0,0.0,0.0,0.0,0.0005122063295122102,0.0,0.0,0.000553,0.9454177379185161,1.0,1385.3097408679887,1000.0,1385.3097408679887,1000.0,0.0,0.0
897,1687039380000.0,0.0,0.0,0.0,0.0005122063295122102,0.0,0.0,0.000551,0.9454177379185161,1.0,1385.3097408679887,1000.0,1385.3097408679887,1000.0,0.0,0.0
898,1687042980000.0,0.0,0.0,0.0,0.0005122063295122102,0.0,0.0,0.0005335,0.9454177379185161,1.0,1385.3097408679887,1000.0,1385.3097408679887,1000.0,0.0,0.0
899,1687046580000.0,0.0,0.0,1300.0,0.0005201,0.0,0.0,0.000541,0.9454177379185161,1.0,1386.885974339989,1000.0,1386.913144339989,1000.0,0.00048751664701329636,0.0
900,1687050180000.0,0.0,0.0,269700.0,0.0005141431590656285,0.0,0.0,0.000503,0.9454177379185161,1.0,1386.874863687989,1000.0,1383.869553687989,1000.0,0.09998336088611662,0.0
901,1687053780000.0,0.0,0.0,79100.0,0.00047890900900900905,0.0,0.0,0.0004955,0.9454177379185161,1.0,1395.1501864246013,1000.0,1396.4625338119888,1000.0,0.027152419131085334,0.0
902,1687057380000.0,0.0,0.0,142100.0,0.0004855703082508882,0.0,0.0,0.000485,0.9454177379185161,1.0,1398.26107435644,1000.0,1398.1800335539888,1000.0,0.04934667929178301,0.0
903,1687060980000.0,0.0,0.0,162300.0,0.00048409882479741046,0.0,0.0,0.0004845,0.9454177379185161,1.0,1398.8993509486088,1000.0,1398.9644616839892,1000.0,0.05616504090257893,0.0
904,1687064580000.0,0.0,0.0,450900.0,0.0004661038370930216,0.0,0.0,0.000458,0.9454177379185161,1.0,1399.0314490052322,1000.0,1395.3774288599886,1000.0,0.15022265603441587,0.0
905,1687068180000.0,0.0,0.0,301100.0,0.00046287192369285095,0.0,0.0,0.000455,0.9454177379185161,1.0,1400.6494734679059,1000.0,1398.2792372439885,1000.0,0.09950436484215115,0.0
906,1687071780000.0,0.0,0.0,152800.0,0.00045750149286508926,0.0,0.0,0.0004635,0.9454177379185161,1.0,1401.493178783774,1000.0,1402.4097506739884,1000.0,0.04987982044297267,0.0
907,1687075380000.0,0.0,0.0,151900.0,0.0004604062922761939,0.0,0.0,0.0004505,0.9454177379185161,1.0,1402.0816136507422,1000.0,1400.5768478539883,1000.0,0.049879917913376766,0.0
908,1687078980000.0,0.0,0.0,154400.0,0.0004540566864501785,0.0,0.0,0.00045,0.9454177379185161,1.0,1402.3061956778959,1000.0,1401.6798432899882,1000.0,0.049993612382220914,0.0
909,1687082580000.0,0.0,0.0,131300.0,0.0004590223079261664,0.0,0.0,0.0004535,0.9454177379185161,1.0,1402.9123309666943,1000.0,1402.1872519359886,1000.0,0.042960367301908386,0.0
910,1687086180000.0,0.0,0.0,149900.0,0.0004663882616324308,0.0,0.0,0.0004685,0.9454177379185161,1.0,1403.4409891706894,1000.0,1403.757538751988,1000.0,0.04981442109654572,0.0
911,1687089780000.0,0.0,0.0,458200.0,0.00045930309875590855,0.0,0.0,0.0004525,0.9454177379185161,1.0,1404.0573672859455,1000.0,1400.9401874359883,1000.0,0.1498889466722888,0.0
912,1687093380000.0,0.0,0.0,115300.0,0.0004551788962704327,0.0,0.0,0.0004555,0.9454177379185161,1.0,1404.6582780079686,1000.0,1404.6953012679878,1000.0,0.03736291421313445,0.0
913,1687096980000.0,0.0,0.0,125400.0,0.00045525990103748953,0.0,0.0,0.0004475,0.9454177379185161,1.0,1404.6791813560887,1000.0,1403.7060897659876,1000.0,0.04064244159651204,0.0
914,1687100580000.0,0.0,0.0,152900.0,0.00045662581837432507,0.0,0.0,0.0004595,0.9454177379185161,1.0,1405.1059839254222,1000.0,1405.5454462959879,1000.0,0.04968884086194311,0.0
915,1687104180000.0,0.0,0.0,130700.0,0.0004544826841633997,0.0,0.0,0.0004565,0.9454177379185161,1.0,1406.041653984144,1000.0,1406.3053171639876,1000.0,0.04224688980716798,0.0
916,1687107780000.0,0.0,0.0,0.0,0.00045831667804250794,0.0,0.0,0.0004985,0.9454177379185161,1.0,1408.8138893599878,1000.0,1408.8138893599878,1000.0,0.0,0.0
917,1687111380000.0,0.0,0.0,0.0,0.00045831667804250794,0.0,0.0,0.0004835,0.9454177379185161,1.0,1408.8138893599878,1000.0,1408.8138893599878,1000.0,0.0,0.0
918,1687114980000.0,0.0,0.0,0.0,0.00045831667804250794,0.0,0.0,0.0004905,0.9454177379185161,1.0,1408.8138893599878,1000.0,1408.8138893599878,1000.0,0.0,0.0
919,1687118580000.0,0.0,0.0,148600.0,0.0004739,0.0,0.0,0.0004755,0.9454177379185161,1.0,1408.7998050519877,1000.0,1409.0375650519877,1000.0,0.04998690356675717,0.0
920,1687122180000.0,0.0,0.0,122300.0,0.00046748375327370533,0.0,0.0,0.000466,0.9454177379185161,1.0,1409.0883189633623,1000.0,1408.9068559379882,1000.0,0.04057464834243702,0.0
921,1687125780000.0,0.0,0.0,308800.0,0.0004593359553930511,0.0,0.0,0.000451,0.9454177379185161,1.0,1409.0713850273623,1000.0,1406.497242001988,1000.0,0.1006641285406699,0.0
922,1687129380000.0,0.0,0.0,666000.0,0.00044901733186993124,0.0,0.0,0.0004385,0.9454177379185161,1.0,1409.0399445073624,1000.0,1402.0354014819882,1000.0,0.21223354539457606,0.0
923,1687132980000.0,0.0,0.0,240800.0,0.0004361565355508202,0.0,0.0,0.0004365,0.9454177379185161,1.0,1409.9332841246257,1000.0,1410.0159903639883,1000.0,0.07449039961195361,0.0
924,1687136580000.0,0.0,0.0,161900.0,0.0004357533978773667,0.0,0.0,0.0004325,0.9454177379185161,1.0,1410.1244567063338,1000.0,1409.5977315899881,1000.0,0.05002996351196381,0.0
925,1687140180000.0,0.0,0.0,160300.0,0.0004392979686443601,0.0,0.0,0.0004375,0.9454177379185161,1.0,1410.4118855136792,1000.0,1410.1236711399883,1000.0,0.049928297610767655,0.0
926,1687143780000.0,0.0,0.0,325500.0,0.00043300566627862036,0.0,0.0,0.00043,0.9454177379185161,1.0,1410.397780737679,1000.0,1409.419436363988,1000.0,0.0999316265940049,0.0
927,1687147380000.0,0.0,0.0,703800.0,0.0004232881988827663,0.0,0.0,0.0004155,0.9454177379185161,1.0,1410.366387359679,1000.0,1404.885052985988,1000.0,0.21122896648962486,0.0
928,1687150980000.0,0.0,0.0,703800.0,0.0004232881988827663,0.0,0.0,0.0004105,0.9454177379185161,1.0,1410.366387359679,1000.0,1401.366052985988,1000.0,0.21122896648962486,0.0
929,1687154580000.0,0.0,0.0,703800.0,0.0004232881988827663,0.0,0.0,0.0004165,0.9454177379185161,1.0,1410.366387359679,1000.0,1405.588852985988,1000.0,0.21122896648962486,0.0
930,1687158180000.0,0.0,0.0,2036400.0,0.0004033269516665149,0.0,0.0,0.0003935,0.9454177379185161,1.0,1410.2617024056792,1000.0,1390.2500980319883,1000.0,0.5823989994003423,0.0
931,1687161780000.0,0.0,0.0,2036400.0,0.0004033269516665149,0.0,0.0,0.000387,0.9454177379185161,1.0,1410.2617024056792,1000.0,1377.0134980319883,1000.0,0.5823989994003423,0.0
932,1687165380000.0,0.0,0.0,2036400.0,0.0004033269516665149,0.0,0.0,0.000381,0.9454177379185161,1.0,1410.2617024056792,1000.0,1364.7950980319883,1000.0,0.5823989994003423,0.0
933,1687168980000.0,0.0,0.0,2901800.0,0.00039365630449158823,0.0,0.0,0.0003695,0.9454177379185161,1.0,1410.1975070336791,1000.0,1340.1007426599883,1000.0,0.8100367917799824,0.0
934,1687172580000.0,0.0,0.0,2901800.0,0.00039365630449158823,0.0,0.0,0.000371,0.9454177379185161,1.0,1410.1975070336791,1000.0,1344.4534426599885,1000.0,0.8100367917799824,0.0
935,1687176180000.0,0.0,0.0,2901800.0,0.00039365630449158823,0.0,0.0,0.0003805,0.9454177379185161,1.0,1410.1975070336791,1000.0,1372.0205426599882,1000.0,0.8100367917799824,0.0
936,1687179780000.0,0.0,0.0,2901800.0,0.00039365630449158823,0.0,0.0,0.000389,0.9454177379185161,1.0,1410.1975070336791,1000.0,1396.6858426599886,1000.0,0.8100367917799824,0.0
937,1687183380000.0,0.0,0.0,2901800.0,0.00039365630449158823,0.0,0.0,0.000382,0.9454177379185161,1.0,1410.1975070336791,1000.0,1376.3732426599884,1000.0,0.8100367917799824,0.0
938,1687186980000.0,0.0,0.0,2901800.0,0.00039365630449158823,0.0,0.0,0.000373,0.9454177379185161,1.0,1410.1975070336791,1000.0,1350.2570426599884,1000.0,0.8100367917799824,0.0
939,1687190580000.0,0.0,0.0,2901800.0,0.00039365630449158823,0.0,0.0,0.0003785,0.9454177379185161,1.0,1410.1975070336791,1000.0,1366.2169426599883,1000.0,0.8100367917799824,0.0
940,1687194180000.0,0.0,0.0,2901800.0,0.00039365630449158823,0.0,0.0,0.000381,0.9454177379185161,1.0,1410.1975070336791,1000.0,1373.4714426599883,1000.0,0.8100367917799824,0.0
941,1687197780000.0,0.0,0.0,2901800.0,0.00039365630449158823,0.0,0.0,0.0003895,0.9454177379185161,1.0,1410.1975070336791,1000.0,1398.1367426599884,1000.0,0.8100367917799824,0.0
942,1687201380000.0,0.0,0.0,183200.0,0.0003893501386044729,0.0,0.0,0.0003875,0.9454177379185161,1.0,1425.9665729843277,1000.0,1425.6276275919884,1000.0,0.050021470870147376,0.0
943,1687204980000.0,0.0,0.0,183600.0,0.0003888100834953919,0.0,0.0,0.0003925,0.9454177379185161,1.0,1426.2790591317423,1000.0,1426.9565278019884,1000.0,0.050050185391637456,0.0
944,1687208580000.0,0.0,0.0,171200.0,0.00038831860302172426,0.0,0.0,0.0003855,0.9454177379185161,1.0,1426.9208233613072,1000.0,1426.438278523988,1000.0,0.04658993249584523,0.0
945,1687212180000.0,0.0,0.0,184300.0,0.0003849326464589136,0.0,0.0,0.000386,0.9454177379185161,1.0,1427.6300499343652,1000.0,1427.8267631919873,1000.0,0.049692906608150594,0.0
946,1687215780000.0,0.0,0.0,58500.0,0.0003873344358332358,0.0,0.0,0.000391,0.9454177379185161,1.0,1428.9870966042313,1000.0,1429.201532107987,1000.0,0.015856731351941586,0.0
947,1687219380000.0,0.0,0.0,103800.0,0.0003873792000880927,0.0,0.0,0.0003925,0.9454177379185161,1.0,1429.0372405611308,1000.0,1429.5687795919869,1000.0,0.02813779783188508,0.0
948,1687222980000.0,0.0,0.0,0.0,0.0003873792000880927,0.0,0.0,0.0004105,0.9454177379185161,1.0,1430.221479095987,1000.0,1430.221479095987,1000.0,0.0,0.0
949,1687226580000.0,0.0,0.0,0.0,0.0003873792000880927,0.0,0.0,0.000404,0.9454177379185161,1.0,1430.221479095987,1000.0,1430.221479095987,1000.0,0.0,0.0
950,1687230180000.0,0.0,0.0,0.0,0.0003873792000880927,0.0,0.0,0.000411,0.9454177379185161,1.0,1430.221479095987,1000.0,1430.221479095987,1000.0,0.0,0.0
951,1687233780000.0,0.0,0.0,0.0,0.0003873792000880927,0.0,0.0,0.0004245,0.9454177379185161,1.0,1430.221479095987,1000.0,1430.221479095987,1000.0,0.0,0.0
952,1687237380000.0,0.0,0.0,0.0,0.0003873792000880927,0.0,0.0,0.000435,0.9454177379185161,1.0,1430.221479095987,1000.0,1430.221479095987,1000.0,0.0,0.0
953,1687240980000.0,0.0,0.0,0.0,0.0003873792000880927,0.0,0.0,0.0004115,0.9454177379185161,1.0,1430.221479095987,1000.0,1430.221479095987,1000.0,0.0,0.0
954,1687244580000.0,0.0,0.0,0.0,0.0003873792000880927,0.0,0.0,0.000417,0.9454177379185161,1.0,1430.221479095987,1000.0,1430.221479095987,1000.0,0.0,0.0
955,1687248180000.0,0.0,0.0,0.0,0.0003873792000880927,0.0,0.0,0.00041,0.9454177379185161,1.0,1430.221479095987,1000.0,1430.221479095987,1000.0,0.0,0.0
956,1687251780000.0,0.0,0.0,132600.0,0.00040509393946243545,0.0,0.0,0.000407,0.9454177379185161,1.0,1431.542750894706,1000.0,1431.795494521987,1000.0,0.03752277487986097,0.0
957,1687255380000.0,0.0,0.0,3600.0,0.00040509393946243545,0.0,0.0,0.0004165,0.9454177379185161,1.0,1432.5003876240519,1000.0,1432.5414494419872,1000.0,0.0010180368498772768,0.0
958,1687258980000.0,0.0,0.0,0.0,0.00040509393946243545,0.0,0.0,0.000427,0.9454177379185161,1.0,1432.5631051699872,1000.0,1432.5631051699872,1000.0,0.0,0.0
959,1687262580000.0,0.0,0.0,0.0,0.00040509393946243545,0.0,0.0,0.0004335,0.9454177379185161,1.0,1432.5631051699872,1000.0,1432.5631051699872,1000.0,0.0,0.0
960,1687266180000.0,0.0,0.0,0.0,0.00040509393946243545,0.0,0.0,0.000443,0.9454177379185161,1.0,1432.5631051699872,1000.0,1432.5631051699872,1000.0,0.0,0.0
961,1687269780000.0,0.0,0.0,0.0,0.00040509393946243545,0.0,0.0,0.0004485,0.9454177379185161,1.0,1432.5631051699872,1000.0,1432.5631051699872,1000.0,0.0,0.0
962,1687273380000.0,0.0,0.0,0.0,0.00040509393946243545,0.0,0.0,0.0004345,0.9454177379185161,1.0,1432.5631051699872,1000.0,1432.5631051699872,1000.0,0.0,0.0
963,1687276980000.0,0.0,0.0,0.0,0.00040509393946243545,0.0,0.0,0.0004495,0.9454177379185161,1.0,1432.5631051699872,1000.0,1432.5631051699872,1000.0,0.0,0.0
964,1687280580000.0,0.0,0.0,0.0,0.00040509393946243545,0.0,0.0,0.0004595,0.9454177379185161,1.0,1432.5631051699872,1000.0,1432.5631051699872,1000.0,0.0,0.0
965,1687284180000.0,0.0,0.0,0.0,0.00040509393946243545,0.0,0.0,0.000448,0.9454177379185161,1.0,1432.5631051699872,1000.0,1432.5631051699872,1000.0,0.0,0.0
966,1687287780000.0,0.0,0.0,0.0,0.00040509393946243545,0.0,0.0,0.0004405,0.9454177379185161,1.0,1432.5631051699872,1000.0,1432.5631051699872,1000.0,0.0,0.0
967,1687291380000.0,0.0,0.0,0.0,0.00040509393946243545,0.0,0.0,0.000457,0.9454177379185161,1.0,1432.5631051699872,1000.0,1432.5631051699872,1000.0,0.0,0.0
968,1687294980000.0,0.0,0.0,0.0,0.00040509393946243545,0.0,0.0,0.0004575,0.9454177379185161,1.0,1432.5631051699872,1000.0,1432.5631051699872,1000.0,0.0,0.0
969,1687298580000.0,0.0,0.0,0.0,0.00040509393946243545,0.0,0.0,0.000479,0.9454177379185161,1.0,1432.5631051699872,1000.0,1432.5631051699872,1000.0,0.0,0.0
970,1687302180000.0,0.0,0.0,0.0,0.00040509393946243545,0.0,0.0,0.0004755,0.9454177379185161,1.0,1432.5631051699872,1000.0,1432.5631051699872,1000.0,0.0,0.0
971,1687305780000.0,0.0,0.0,0.0,0.00040509393946243545,0.0,0.0,0.0004715,0.9454177379185161,1.0,1432.5631051699872,1000.0,1432.5631051699872,1000.0,0.0,0.0
972,1687309380000.0,0.0,0.0,0.0,0.00040509393946243545,0.0,0.0,0.000475,0.9454177379185161,1.0,1432.5631051699872,1000.0,1432.5631051699872,1000.0,0.0,0.0
973,1687312980000.0,0.0,0.0,0.0,0.00040509393946243545,0.0,0.0,0.0004765,0.9454177379185161,1.0,1432.5631051699872,1000.0,1432.5631051699872,1000.0,0.0,0.0
974,1687316580000.0,0.0,0.0,0.0,0.00040509393946243545,0.0,0.0,0.0005195,0.9454177379185161,1.0,1432.5631051699872,1000.0,1432.5631051699872,1000.0,0.0,0.0
975,1687320180000.0,0.0,0.0,0.0,0.00040509393946243545,0.0,0.0,0.000539,0.9454177379185161,1.0,1432.5631051699872,1000.0,1432.5631051699872,1000.0,0.0,0.0
976,1687323780000.0,0.0,0.0,0.0,0.00040509393946243545,0.0,0.0,0.0005415,0.9454177379185161,1.0,1432.5631051699872,1000.0,1432.5631051699872,1000.0,0.0,0.0
977,1687327380000.0,0.0,0.0,0.0,0.00040509393946243545,0.0,0.0,0.000534,0.9454177379185161,1.0,1432.5631051699872,1000.0,1432.5631051699872,1000.0,0.0,0.0
978,1687330980000.0,0.0,0.0,0.0,0.00040509393946243545,0.0,0.0,0.000524,0.9454177379185161,1.0,1432.5631051699872,1000.0,1432.5631051699872,1000.0,0.0,0.0
979,1687334580000.0,0.0,0.0,0.0,0.00040509393946243545,0.0,0.0,0.0005295,0.9454177379185161,1.0,1432.5631051699872,1000.0,1432.5631051699872,1000.0,0.0,0.0
980,1687338180000.0,0.0,0.0,0.0,0.00040509393946243545,0.0,0.0,0.0005145,0.9454177379185161,1.0,1432.5631051699872,1000.0,1432.5631051699872,1000.0,0.0,0.0
981,1687341780000.0,0.0,0.0,0.0,0.00040509393946243545,0.0,0.0,0.0005275,0.9454177379185161,1.0,1432.5631051699872,1000.0,1432.5631051699872,1000.0,0.0,0.0
982,1687345380000.0,0.0,0.0,0.0,0.00040509393946243545,0.0,0.0,0.0005065,0.9454177379185161,1.0,1432.5631051699872,1000.0,1432.5631051699872,1000.0,0.0,0.0
983,1687348980000.0,0.0,0.0,0.0,0.00040509393946243545,0.0,0.0,0.000516,0.9454177379185161,1.0,1432.5631051699872,1000.0,1432.5631051699872,1000.0,0.0,0.0
984,1687352580000.0,0.0,0.0,0.0,0.00040509393946243545,0.0,0.0,0.000513,0.9454177379185161,1.0,1432.5631051699872,1000.0,1432.5631051699872,1000.0,0.0,0.0
985,1687356180000.0,0.0,0.0,0.0,0.00040509393946243545,0.0,0.0,0.0005255,0.9454177379185161,1.0,1432.5631051699872,1000.0,1432.5631051699872,1000.0,0.0,0.0
986,1687359780000.0,0.0,0.0,0.0,0.00040509393946243545,0.0,0.0,0.0005395,0.9454177379185161,1.0,1432.5631051699872,1000.0,1432.5631051699872,1000.0,0.0,0.0
987,1687363380000.0,0.0,0.0,0.0,0.00040509393946243545,0.0,0.0,0.000535,0.9454177379185161,1.0,1432.5631051699872,1000.0,1432.5631051699872,1000.0,0.0,0.0
988,1687366980000.0,0.0,0.0,0.0,0.00040509393946243545,0.0,0.0,0.000563,0.9454177379185161,1.0,1432.5631051699872,1000.0,1432.5631051699872,1000.0,0.0,0.0
989,1687370580000.0,0.0,0.0,0.0,0.00040509393946243545,0.0,0.0,0.0005645,0.9454177379185161,1.0,1432.5631051699872,1000.0,1432.5631051699872,1000.0,0.0,0.0
990,1687374180000.0,0.0,0.0,0.0,0.00040509393946243545,0.0,0.0,0.00056,0.9454177379185161,1.0,1432.5631051699872,1000.0,1432.5631051699872,1000.0,0.0,0.0
991,1687377780000.0,0.0,0.0,0.0,0.00040509393946243545,0.0,0.0,0.0005595,0.9454177379185161,1.0,1432.5631051699872,1000.0,1432.5631051699872,1000.0,0.0,0.0
992,1687381380000.0,0.0,0.0,0.0,0.00040509393946243545,0.0,0.0,0.0005485,0.9454177379185161,1.0,1432.5631051699872,1000.0,1432.5631051699872,1000.0,0.0,0.0
993,1687384980000.0,0.0,0.0,0.0,0.00040509393946243545,0.0,0.0,0.0005545,0.9454177379185161,1.0,1432.5631051699872,1000.0,1432.5631051699872,1000.0,0.0,0.0
994,1687388580000.0,0.0,0.0,0.0,0.00040509393946243545,0.0,0.0,0.000564,0.9454177379185161,1.0,1432.5631051699872,1000.0,1432.5631051699872,1000.0,0.0,0.0
995,1687392180000.0,0.0,0.0,0.0,0.00040509393946243545,0.0,0.0,0.000559,0.9454177379185161,1.0,1432.5631051699872,1000.0,1432.5631051699872,1000.0,0.0,0.0
996,1687395780000.0,0.0,0.0,0.0,0.00040509393946243545,0.0,0.0,0.0005775,0.9454177379185161,1.0,1432.5631051699872,1000.0,1432.5631051699872,1000.0,0.0,0.0
997,1687399380000.0,0.0,0.0,0.0,0.00040509393946243545,0.0,0.0,0.000568,0.9454177379185161,1.0,1432.5631051699872,1000.0,1432.5631051699872,1000.0,0.0,0.0
998,1687402980000.0,0.0,0.0,0.0,0.00040509393946243545,0.0,0.0,0.000547,0.9454177379185161,1.0,1432.5631051699872,1000.0,1432.5631051699872,1000.0,0.0,0.0
999,1687406580000.0,0.0,0.0,409800.0,0.0005243612981942411,0.0,0.0,0.000518,0.9454177379185161,1.0,1432.5201285179871,1000.0,1429.913268517987,1000.0,0.15000365839348265,0.0
1000,1687410180000.0,0.0,0.0,928400.0,0.0004989670126966865,0.0,0.0,0.0004905,0.9454177379185161,1.0,1432.690380131591,1000.0,1424.8296055439873,1000.0,0.3233364172830249,0.0
1001,1687413780000.0,0.0,0.0,391800.0,0.0004989670126966865,0.0,0.0,0.000496,0.9454177379185161,1.0,1433.244670386549,1000.0,1432.0821948119872,1000.0,0.1364004901702068,0.0
1002,1687417380000.0,0.0,0.0,795600.0,0.0004873096223913546,0.0,0.0,0.0004785,0.9454177379185161,1.0,1433.2062287345489,1000.0,1426.197293159987,1000.0,0.27051482738592686,0.0
1003,1687420980000.0,0.0,0.0,1133700.0,0.0004800598355601673,0.0,0.0,0.000477,0.9454177379185161,1.0,1433.174920674549,1000.0,1429.7059850999872,1000.0,0.37974697137346203,0.0
1004,1687424580000.0,0.0,0.0,283500.0,0.0004800598355601673,0.0,0.0,0.0004805,0.9454177379185161,1.0,1437.3350805792948,1000.0,1437.4598671979873,1000.0,0.09468701155367039,0.0
1005,1687428180000.0,0.0,0.0,119900.0,0.0004881499685438831,0.0,0.0,0.000486,0.9454177379185161,1.0,1438.4638028963998,1000.0,1438.2060216679881,1000.0,0.04068867156098119,0.0
1006,1687431780000.0,0.0,0.0,144100.0,0.0004961415372857982,0.0,0.0,0.0004945,0.9454177379185161,1.0,1439.4355699888722,1000.0,1439.1990244659887,1000.0,0.04966807616365644,0.0
1007,1687435380000.0,0.0,0.0,154800.0,0.0004818363412402161,0.0,0.0,0.0004865,0.9454177379185161,1.0,1439.727451443974,1000.0,1440.4493858199885,1000.0,0.051807212225603666,0.0
1008,1687438980000.0,0.0,0.0,21400.0,0.0004962489286020715,0.0,0.0,0.0005085,0.9454177379185161,1.0,1443.1813355480729,1000.0,1443.4435084759884,1000.0,0.007358553502946534,0.0
1009,1687442580000.0,0.0,0.0,0.0,0.0004962489286020715,0.0,0.0,0.0005745,0.9454177379185161,1.0,1443.5561191339887,1000.0,1443.5561191339887,1000.0,0.0,0.0
1010,1687446180000.0,0.0,0.0,0.0,0.0004962489286020715,0.0,0.0,0.000544,0.9454177379185161,1.0,1443.5561191339887,1000.0,1443.5561191339887,1000.0,0.0,0.0
1011,1687449780000.0,0.0,0.0,0.0,0.0004962489286020715,0.0,0.0,0.0005535,0.9454177379185161,1.0,1443.5561191339887,1000.0,1443.5561191339887,1000.0,0.0,0.0
1012,1687453380000.0,0.0,0.0,0.0,0.0004962489286020715,0.0,0.0,0.000561,0.9454177379185161,1.0,1443.5561191339887,1000.0,1443.5561191339887,1000.0,0.0,0.0
1013,1687456980000.0,0.0,0.0,0.0,0.0004962489286020715,0.0,0.0,0.00055,0.9454177379185161,1.0,1443.5561191339887,1000.0,1443.5561191339887,1000.0,0.0,0.0
1014,1687460580000.0,0.0,0.0,111900.0,0.0005243,0.0,0.0,0.0005175,0.9454177379185161,1.0,1443.7061578359885,1000.0,1442.9452378359886,1000.0,0.04063788859080636,0.0
1015,1687464180000.0,0.0,0.0,56100.0,0.0005239680220233585,0.0,0.0,0.0005305,0.9454177379185161,1.0,1444.913946277499,1000.0,1445.2803902419887,1000.0,0.02034349942516584,0.0
1016,1687467780000.0,0.0,0.0,140000.0,0.000516476422718924,0.0,0.0,0.000525,0.9454177379185161,1.0,1445.846012600638,1000.0,1447.0393134199887,1000.0,0.05000995856439204,0.0
1017,1687471380000.0,0.0,0.0,138300.0,0.0005199705148491243,0.0,0.0,0.000526,0.9454177379185161,1.0,1446.049411135623,1000.0,1446.883288931989,1000.0,0.049729920464584576,0.0
1018,1687474980000.0,0.0,0.0,426200.0,0.0005087749757802947,0.0,0.0,0.000502,0.9454177379185161,1.0,1446.2364466815504,1000.0,1443.3489520039889,1000.0,0.14993391652873203,0.0
1019,1687478580000.0,0.0,0.0,96800.0,0.0004978090887404326,0.0,0.0,0.0005065,0.9454177379185161,1.0,1448.1890678680634,1000.0,1449.0303480779894,1000.0,0.03327460540840377,0.0
1020,1687482180000.0,0.0,0.0,140100.0,0.0005141018456296515,0.0,0.0,0.0005225,0.9454177379185161,1.0,1449.6384779667037,1000.0,1450.8150593939895,1000.0,0.049685262682692466,0.0
1021,1687485780000.0,0.0,0.0,113900.0,0.0005168563229921737,0.0,0.0,0.000509,0.9454177379185161,1.0,1450.2881387587981,1000.0,1449.3933035699895,1000.0,0.04059188902916307,0.0
1022,1687489380000.0,0.0,0.0,258100.0,0.0005090030809330049,0.0,0.0,0.0005035,0.9454177379185161,1.0,1450.2736380067981,1000.0,1448.8532928179895,1000.0,0.0905854534937032,0.0
1023,1687492980000.0,0.0,0.0,141100.0,0.0005123131001022825,0.0,0.0,0.000513,0.9454177379185161,1.0,1450.9506962084217,1000.0,1451.0476177839896,1000.0,0.049820699361688266,0.0
1024,1687496580000.0,0.0,0.0,141200.0,0.0005144201256591063,0.0,0.0,0.0005035,0.9454177379185161,1.0,1451.9424293650557,1000.0,1450.4005076219898,1000.0,0.05002686075840492,0.0
1025,1687500180000.0,0.0,0.0,23600.0,0.0005143150942443298,0.0,0.0,0.0005215,0.9454177379185161,1.0,1452.5734963981558,1000.0,1452.7430601739898,1000.0,0.008356090933962047,0.0
1026,1687503780000.0,0.0,0.0,0.0,0.0005143150942443298,0.0,0.0,0.00053,0.9454177379185161,1.0,1452.8980072059896,1000.0,1452.8980072059896,1000.0,0.0,0.0
1027,1687507380000.0,0.0,0.0,0.0,0.0005143150942443298,0.0,0.0,0.0005295,0.9454177379185161,1.0,1452.8980072059896,1000.0,1452.8980072059896,1000.0,0.0,0.0
1028,1687510980000.0,0.0,0.0,0.0,0.0005143150942443298,0.0,0.0,0.0005445,0.9454177379185161,1.0,1452.8980072059896,1000.0,1452.8980072059896,1000.0,0.0,0.0
1029,1687514580000.0,0.0,0.0,0.0,0.0005143150942443298,0.0,0.0,0.000549,0.9454177379185161,1.0,1452.8980072059896,1000.0,1452.8980072059896,1000.0,0.0,0.0
1030,1687518180000.0,0.0,0.0,0.0,0.0005143150942443298,0.0,0.0,0.000553,0.9454177379185161,1.0,1452.8980072059896,1000.0,1452.8980072059896,1000.0,0.0,0.0
1031,1687521780000.0,0.0,0.0,0.0,0.0005143150942443298,0.0,0.0,0.000572,0.9454177379185161,1.0,1452.8980072059896,1000.0,1452.8980072059896,1000.0,0.0,0.0
1032,1687525380000.0,0.0,0.0,0.0,0.0005143150942443298,0.0,0.0,0.000571,0.9454177379185161,1.0,1452.8980072059896,1000.0,1452.8980072059896,1000.0,0.0,0.0
1033,1687528980000.0,0.0,0.0,0.0,0.0005143150942443298,0.0,0.0,0.000552,0.9454177379185161,1.0,1452.8980072059896,1000.0,1452.8980072059896,1000.0,0.0,0.0
1034,1687532580000.0,0.0,0.0,0.0,0.0005143150942443298,0.0,0.0,0.000564,0.9454177379185161,1.0,1452.8980072059896,1000.0,1452.8980072059896,1000.0,0.0,0.0
1035,1687536180000.0,0.0,0.0,0.0,0.0005143150942443298,0.0,0.0,0.0005795,0.9454177379185161,1.0,1452.8980072059896,1000.0,1452.8980072059896,1000.0,0.0,0.0
1036,1687539780000.0,0.0,0.0,0.0,0.0005143150942443298,0.0,0.0,0.0005685,0.9454177379185161,1.0,1452.8980072059896,1000.0,1452.8980072059896,1000.0,0.0,0.0
1037,1687543380000.0,0.0,0.0,0.0,0.0005143150942443298,0.0,0.0,0.000571,0.9454177379185161,1.0,1452.8980072059896,1000.0,1452.8980072059896,1000.0,0.0,0.0
1038,1687546980000.0,0.0,0.0,0.0,0.0005143150942443298,0.0,0.0,0.000559,0.9454177379185161,1.0,1452.8980072059896,1000.0,1452.8980072059896,1000.0,0.0,0.0
1039,1687550580000.0,0.0,0.0,14900.0,0.0005443248875562219,0.0,0.0,0.000558,0.9454177379185161,1.0,1453.5781818685775,1000.0,1453.7819410439897,1000.0,0.005579638526330739,0.0
1040,1687554180000.0,0.0,0.0,300.0,0.0005443248875562219,0.0,0.0,0.0005605,0.9454177379185161,1.0,1453.7434557022564,1000.0,1453.7483082359895,1000.0,0.00011232894334026965,0.0
1041,1687557780000.0,0.0,0.0,99900.0,0.0005462,0.0,0.0,0.000549,0.9454177379185161,1.0,1453.803388347989,1000.0,1454.083108347989,1000.0,0.037532846901674015,0.0
1042,1687561380000.0,0.0,0.0,133100.0,0.0005462624154135656,0.0,0.0,0.0005495,0.9454177379185161,1.0,1454.3031350355345,1000.0,1454.734057543989,1000.0,0.049994754009637085,0.0
1043,1687564980000.0,0.0,0.0,19800.0,0.0005462404528822965,0.0,0.0,0.000551,0.9454177379185161,1.0,1455.2353386210582,1000.0,1455.3295776539887,1000.0,0.00743217312006593,0.0
1044,1687568580000.0,0.0,0.0,0.0,0.0005462404528822965,0.0,0.0,0.000567,0.9454177379185161,1.0,1455.5517508139885,1000.0,1455.5517508139885,1000.0,0.0,0.0
1045,1687572180000.0,0.0,0.0,0.0,0.0005462404528822965,0.0,0.0,0.0005785,0.9454177379185161,1.0,1455.5517508139885,1000.0,1455.5517508139885,1000.0,0.0,0.0
1046,1687575780000.0,0.0,0.0,0.0,0.0005462404528822965,0.0,0.0,0.000583,0.9454177379185161,1.0,1455.5517508139885,1000.0,1455.5517508139885,1000.0,0.0,0.0
1047,1687579380000.0,0.0,0.0,0.0,0.0005462404528822965,0.0,0.0,0.0005745,0.9454177379185161,1.0,1455.5517508139885,1000.0,1455.5517508139885,1000.0,0.0,0.0
1048,1687582980000.0,0.0,0.0,0.0,0.0005462404528822965,0.0,0.0,0.0006155,0.9454177379185161,1.0,1455.5517508139885,1000.0,1455.5517508139885,1000.0,0.0,0.0
1049,1687586580000.0,0.0,0.0,0.0,0.0005462404528822965,0.0,0.0,0.000613,0.9454177379185161,1.0,1455.5517508139885,1000.0,1455.5517508139885,1000.0,0.0,0.0
1050,1687590180000.0,0.0,0.0,0.0,0.0005462404528822965,0.0,0.0,0.000619,0.9454177379185161,1.0,1455.5517508139885,1000.0,1455.5517508139885,1000.0,0.0,0.0
1051,1687593780000.0,0.0,0.0,0.0,0.0005462404528822965,0.0,0.0,0.000607,0.9454177379185161,1.0,1455.5517508139885,1000.0,1455.5517508139885,1000.0,0.0,0.0
1052,1687597380000.0,0.0,0.0,0.0,0.0005462404528822965,0.0,0.0,0.0006,0.9454177379185161,1.0,1455.5517508139885,1000.0,1455.5517508139885,1000.0,0.0,0.0
1053,1687600980000.0,0.0,0.0,0.0,0.0005462404528822965,0.0,0.0,0.0006115,0.9454177379185161,1.0,1455.5517508139885,1000.0,1455.5517508139885,1000.0,0.0,0.0
1054,1687604580000.0,0.0,0.0,0.0,0.0005462404528822965,0.0,0.0,0.0006215,0.9454177379185161,1.0,1455.5517508139885,1000.0,1455.5517508139885,1000.0,0.0,0.0
1055,1687608180000.0,0.0,0.0,0.0,0.0005462404528822965,0.0,0.0,0.000607,0.9454177379185161,1.0,1455.5517508139885,1000.0,1455.5517508139885,1000.0,0.0,0.0
1056,1687611780000.0,0.0,0.0,0.0,0.0005462404528822965,0.0,0.0,0.0006045,0.9454177379185161,1.0,1455.5517508139885,1000.0,1455.5517508139885,1000.0,0.0,0.0
1057,1687615380000.0,0.0,0.0,252600.0,0.000576083135391924,0.0,0.0,0.000574,0.9454177379185161,1.0,1455.6076056999887,1000.0,1455.0814056999886,1000.0,0.09997103575865243,0.0
1058,1687618980000.0,0.0,0.0,125800.0,0.0005776476438531364,0.0,0.0,0.000575,0.9454177379185161,1.0,1455.8840026887137,1000.0,1455.5509290919892,1000.0,0.04991336772883129,0.0
1059,1687622580000.0,0.0,0.0,787300.0,0.0005492998013422133,0.0,0.0,0.000535,0.9454177379185161,1.0,1455.812043556714,1000.0,1444.5538099599894,1000.0,0.29706014283283894,0.0
1060,1687626180000.0,0.0,0.0,442900.0,0.0005492998013422133,0.0,0.0,0.0005475,0.9454177379185161,1.0,1456.1874735344556,1000.0,1455.3903415199893,1000.0,0.16706975333606303,0.0
1061,1687629780000.0,0.0,0.0,332200.0,0.0005492998013422133,0.0,0.0,0.0005445,0.9454177379185161,1.0,1456.3081474558726,1000.0,1454.7136534499894,1000.0,0.1253013617514026,0.0
1062,1687633380000.0,0.0,0.0,332200.0,0.0005492998013422133,0.0,0.0,0.0005395,0.9454177379185161,1.0,1456.3081474558726,1000.0,1453.0526534499893,1000.0,0.1253013617514026,0.0
1063,1687636980000.0,0.0,0.0,674600.0,0.0005368971746307193,0.0,0.0,0.000523,0.9454177379185161,1.0,1456.2722047678726,1000.0,1446.8971707619894,1000.0,0.24871094347613112,0.0
1064,1687640580000.0,0.0,0.0,674600.0,0.0005368971746307193,0.0,0.0,0.000527,0.9454177379185161,1.0,1456.2722047678726,1000.0,1449.5955707619894,1000.0,0.24871094347613112,0.0
1065,1687644180000.0,0.0,0.0,506000.0,0.0005368971746307193,0.0,0.0,0.000535,0.9454177379185161,1.0,1456.4568563931332,1000.0,1455.4968860299891,1000.0,0.18652799028728226,0.0
1066,1687647780000.0,0.0,0.0,506000.0,0.0005368971746307193,0.0,0.0,0.0005315,0.9454177379185161,1.0,1456.4568563931332,1000.0,1453.7258860299892,1000.0,0.18652799028728226,0.0
1067,1687651380000.0,0.0,0.0,540800.0,0.0005302482251916005,0.0,0.0,0.0005335,0.9454177379185161,1.0,1456.6231267576068,1000.0,1458.3816865739893,1000.0,0.19686508810410802,0.0
1068,1687654980000.0,0.0,0.0,228200.0,0.0005302482251916005,0.0,0.0,0.0005205,0.9454177379185161,1.0,1456.9499484347127,1000.0,1454.7254034459895,1000.0,0.08305202599356519,0.0
1069,1687658580000.0,0.0,0.0,136800.0,0.0005309644795755393,0.0,0.0,0.000527,0.9454177379185161,1.0,1457.1482585919234,1000.0,1456.6059177859897,1000.0,0.049848009890306966,0.0
1070,1687662180000.0,0.0,0.0,60000.0,0.0005348019339290097,0.0,0.0,0.000542,0.9454177379185161,1.0,1458.41750208173,1000.0,1458.8493860459894,1000.0,0.02200200970568327,0.0
1071,1687665780000.0,0.0,0.0,300.0,0.0005348019339290097,0.0,0.0,0.000561,0.9454177379185161,1.0,1459.020389212168,1000.0,1459.0282486319893,1000.0,0.00010996459087548222,0.0
1072,1687669380000.0,0.0,0.0,0.0,0.0005348019339290097,0.0,0.0,0.000563,0.9454177379185161,1.0,1459.0286048939895,1000.0,1459.0286048939895,1000.0,0.0,0.0
1073,1687672980000.0,0.0,0.0,134000.0,0.0005444,0.0,0.0,0.0005475,0.9454177379185161,1.0,1459.0140149739896,1000.0,1459.4294149739897,1000.0,0.04999924555303227,0.0
1074,1687676580000.0,0.0,0.0,100400.0,0.0005456873692077727,0.0,0.0,0.0005465,0.9454177379185161,1.0,1460.70453754045,1000.0,1460.7861256719896,1000.0,0.037507251097276206,0.0
1075,1687680180000.0,0.0,0.0,271500.0,0.0005379585633870181,0.0,0.0,0.0005275,0.9454177379185161,1.0,1460.804136879565,1000.0,1457.9646369199895,1000.0,0.0999831163345185,0.0
1076,1687683780000.0,0.0,0.0,135300.0,0.000539549854095934,0.0,0.0,0.0005375,0.9454177379185161,1.0,1461.2183012231696,1000.0,1460.9409559639898,1000.0,0.04995906169397924,0.0
1077,1687687380000.0,0.0,0.0,134500.0,0.0005414901933751132,0.0,0.0,0.000536,0.9454177379185161,1.0,1461.3477275569426,1000.0,1460.6092965479897,1000.0,0.04983785148159737,0.0
1078,1687690980000.0,0.0,0.0,153800.0,0.0005337755982764462,0.0,0.0,0.0005315,0.9454177379185161,1.0,1461.4666469749072,1000.0,1461.1166599599899,1000.0,0.056172809133102956,0.0
1079,1687694580000.0,0.0,0.0,135400.0,0.0005371120052111963,0.0,0.0,0.0005395,0.9454177379185161,1.0,1461.6460511895857,1000.0,1461.9693856839897,1000.0,0.04975552422312333,0.0
1080,1687698180000.0,0.0,0.0,135600.0,0.0005380912640050215,0.0,0.0,0.0005385,0.9454177379185161,1.0,1461.7578497810705,1000.0,1461.8132743819897,1000.0,0.04991604827708571,0.0
1081,1687701780000.0,0.0,0.0,154900.0,0.0005304332560809332,0.0,0.0,0.000538,0.9454177379185161,1.0,1461.870912200926,1000.0,1463.0430008339895,1000.0,0.05620476519587767,0.0
1082,1687705380000.0,0.0,0.0,278500.0,0.0005239532493007446,0.0,0.0,0.0005175,0.9454177379185161,1.0,1461.922769460247,1000.0,1460.1255395299897,1000.0,0.09981442452266648,0.0
1083,1687708980000.0,0.0,0.0,278500.0,0.0005239532493007446,0.0,0.0,0.0005185,0.9454177379185161,1.0,1461.922769460247,1000.0,1460.4040395299896,1000.0,0.09981442452266648,0.0
1084,1687712580000.0,0.0,0.0,138000.0,0.0005253768100244845,0.0,0.0,0.00053,0.9454177379185161,1.0,1464.7784090013683,1000.0,1465.4164092179894,1000.0,0.04949690638381818,0.0
1085,1687716180000.0,0.0,0.0,27400.0,0.0005286921096633237,0.0,0.0,0.000535,0.9454177379185161,1.0,1466.3067478287637,1000.0,1466.4795840239888,1000.0,0.009879354252597882,0.0
1086,1687719780000.0,0.0,0.0,46200.0,0.0005299499505620345,0.0,0.0,0.0005365,0.9454177379185161,1.0,1466.9976934639542,1000.0,1467.3003057479882,1000.0,0.016689656585726315,0.0
1087,1687723380000.0,0.0,0.0,58500.0,0.0005300527973981178,0.0,0.0,0.000534,0.9454177379185161,1.0,1467.137481779778,1000.0,1467.3683931319881,1000.0,0.021135094040521763,0.0
1088,1687726980000.0,0.0,0.0,138600.0,0.0005295314157960768,0.0,0.0,0.0005245,0.9454177379185161,1.0,1467.2291604513243,1000.0,1466.531806221988,1000.0,0.050021534609331446,0.0
1089,1687730580000.0,0.0,0.0,15500.0,0.0005293484300129198,0.0,0.0,0.000538,0.9454177379185161,1.0,1467.935564127188,1000.0,1468.0696634619876,1000.0,0.005589414730256751,0.0
1090,1687734180000.0,0.0,0.0,0.0,0.0005293484300129198,0.0,0.0,0.0005455,0.9454177379185161,1.0,1468.1474797619876,1000.0,1468.1474797619876,1000.0,0.0,0.0
1091,1687737780000.0,0.0,0.0,0.0,0.0005293484300129198,0.0,0.0,0.000536,0.9454177379185161,1.0,1468.1474797619876,1000.0,1468.1474797619876,1000.0,0.0,0.0
1092,1687741380000.0,0.0,0.0,138100.0,0.0005317632984629104,0.0,0.0,0.0005255,0.9454177379185161,1.0,1468.2335081897156,1000.0,1467.3685466719876,1000.0,0.050016915639170205,0.0
1093,1687744980000.0,0.0,0.0,157700.0,0.0005241748448170161,0.0,0.0,0.000517,0.9454177379185161,1.0,1468.343782393631,1000.0,1467.2123093659875,1000.0,0.0562963346995557,0.0
1094,1687748580000.0,0.0,0.0,301900.0,0.0005169744717709289,0.0,0.0,0.0005055,0.9454177379185161,1.0,1468.329099949631,1000.0,1464.8649569219876,1000.0,0.10629401340135353,0.0
1095,1687752180000.0,0.0,0.0,639700.0,0.0005054135892256424,0.0,0.0,0.0004975,0.9454177379185161,1.0,1468.295652253631,1000.0,1463.2333292259875,1000.0,0.22019616589574623,0.0
1096,1687755780000.0,0.0,0.0,911600.0,0.0004986388800215483,0.0,0.0,0.0004845,0.9454177379185161,1.0,1468.2694030276311,1000.0,1455.3803999999877,1000.0,0.30958841891707606,0.0
1097,1687759380000.0,0.0,0.0,911600.0,0.0004986388800215483,0.0,0.0,0.000483,0.9454177379185161,1.0,1468.2694030276311,1000.0,1454.0129999999876,1000.0,0.30958841891707606,0.0
1098,1687762980000.0,0.0,0.0,911600.0,0.0004986388800215483,0.0,0.0,0.000494,0.9454177379185161,1.0,1468.2694030276311,1000.0,1464.0405999999878,1000.0,0.30958841891707606,0.0
1099,1687766580000.0,0.0,0.0,911600.0,0.0004986388800215483,0.0,0.0,0.00049,0.9454177379185161,1.0,1468.2694030276311,1000.0,1460.3941999999877,1000.0,0.30958841891707606,0.0
1100,1687770180000.0,0.0,0.0,911600.0,0.0004986388800215483,0.0,0.0,0.0004915,0.9454177379185161,1.0,1468.2694030276311,1000.0,1461.7615999999878,1000.0,0.30958841891707606,0.0
1101,1687773780000.0,0.0,0.0,911600.0,0.0004986388800215483,0.0,0.0,0.000481,0.9454177379185161,1.0,1468.2694030276311,1000.0,1452.1897999999876,1000.0,0.30958841891707606,0.0
1102,1687777380000.0,0.0,0.0,911600.0,0.0004986388800215483,0.0,0.0,0.000488,0.9454177379185161,1.0,1468.2694030276311,1000.0,1458.5709999999876,1000.0,0.30958841891707606,0.0
1103,1687780980000.0,0.0,0.0,911600.0,0.0004986388800215483,0.0,0.0,0.0004875,0.9454177379185161,1.0,1468.2694030276311,1000.0,1458.1151999999877,1000.0,0.30958841891707606,0.0
1104,1687784580000.0,0.0,0.0,911600.0,0.0004986388800215483,0.0,0.0,0.0004815,0.9454177379185161,1.0,1468.2694030276311,1000.0,1452.6455999999878,1000.0,0.30958841891707606,0.0
1105,1687788180000.0,0.0,0.0,512800.0,0.0004986388800215483,0.0,0.0,0.0005,0.9454177379185161,1.0,1468.6527216030377,1000.0,1469.3507039279878,1000.0,0.17410652219808007,0.0
1106,1687791780000.0,0.0,0.0,149200.0,0.0004957840551310854,0.0,0.0,0.0004895,0.9454177379185161,1.0,1471.4034304335455,1000.0,1470.4658494079877,1000.0,0.05027239946271063,0.0
1107,1687795380000.0,0.0,0.0,149400.0,0.0004935397309752365,0.0,0.0,0.000493,0.9454177379185161,1.0,1471.496961543688,1000.0,1471.4163257359876,1000.0,0.05010872447221916,0.0
1108,1687798980000.0,0.0,0.0,459500.0,0.0004805678441546312,0.0,0.0,0.0004765,0.9454177379185161,1.0,1471.5341232910407,1000.0,1469.6649489019876,1000.0,0.15006170831784305,0.0
1109,1687802580000.0,0.0,0.0,344700.0,0.0004805678441546312,0.0,0.0,0.000474,0.9454177379185161,1.0,1471.6415572460892,1000.0,1469.3776213659878,1000.0,0.11256255646251836,0.0
1110,1687806180000.0,0.0,0.0,344700.0,0.0004805678441546312,0.0,0.0,0.000478,0.9454177379185161,1.0,1471.6415572460892,1000.0,1470.7564213659878,1000.0,0.11256255646251836,0.0
1111,1687809780000.0,0.0,0.0,258600.0,0.0004805678441546312,0.0,0.0,0.0004755,0.9454177379185161,1.0,1471.7221327123752,1000.0,1470.4115882139877,1000.0,0.08444178539963235,0.0
1112,1687813380000.0,0.0,0.0,416700.0,0.00047481301775470985,0.0,0.0,0.000464,0.9454177379185161,1.0,1471.7074167643752,1000.0,1467.2016322659877,1000.0,0.13443880369467806,0.0
1113,1687816980000.0,0.0,0.0,846100.0,0.00046379013650678125,0.0,0.0,0.0004545,0.9454177379185161,1.0,1471.6685051143752,1000.0,1463.8081206159875,1000.0,0.26664485455431425,0.0
1114,1687820580000.0,0.0,0.0,128800.0,0.0004642268674996497,0.0,0.0,0.0004635,0.9454177379185161,1.0,1472.3972113719421,1000.0,1472.3035908379873,1000.0,0.04060889281245095,0.0
1115,1687824180000.0,0.0,0.0,117900.0,0.0004674154882548089,0.0,0.0,0.0004685,0.9454177379185161,1.0,1472.6599406632288,1000.0,1472.787804597987,1000.0,0.03742091744576371,0.0
1116,1687827780000.0,0.0,0.0,155900.0,0.0004721348701059993,0.0,0.0,0.000471,0.9454177379185161,1.0,1473.0192478635115,1000.0,1472.8423216139863,1000.0,0.04996935807613122,0.0
1117,1687831380000.0,0.0,0.0,71300.0,0.0004727571367789342,0.0,0.0,0.0004745,0.9454177379185161,1.0,1473.1897898063246,1000.0,1473.3140559539866,1000.0,0.02288067979127756,0.0
1118,1687834980000.0,0.0,0.0,53500.0,0.0004727571367789342,0.0,0.0,0.000477,0.9454177379185161,1.0,1473.2066660436594,1000.0,1473.4336592259865,1000.0,0.01716833584903384,0.0
1119,1687838580000.0,0.0,0.0,155600.0,0.0004732816705844329,0.0,0.0,0.0004685,0.9454177379185161,1.0,1473.2860206529242,1000.0,1472.5419927099865,1000.0,0.049985289285715995,0.0
1120,1687842180000.0,0.0,0.0,155600.0,0.0004732816705844329,0.0,0.0,0.000468,0.9454177379185161,1.0,1473.2860206529242,1000.0,1472.4641927099865,1000.0,0.049985289285715995,0.0
1121,1687845780000.0,0.0,0.0,315700.0,0.0004665461765693309,0.0,0.0,0.000462,0.9454177379185161,1.0,1473.2712914529243,1000.0,1471.8360635099866,1000.0,0.09997386686173958,0.0
1122,1687849380000.0,0.0,0.0,157900.0,0.0004665292149415843,0.0,0.0,0.0004665,0.9454177379185161,1.0,1473.4731135332627,1000.0,1473.4685004939865,1000.0,0.0499941005795714,0.0
1123,1687852980000.0,0.0,0.0,157000.0,0.00046965356883228547,0.0,0.0,0.000471,0.9454177379185161,1.0,1474.599027740655,1000.0,1474.8104174339862,1000.0,0.050003837598919854,0.0
1124,1687856580000.0,0.0,0.0,117900.0,0.00046957465294163826,0.0,0.0,0.0004765,0.9454177379185161,1.0,1474.8633663098055,1000.0,1475.6798647279863,1000.0,0.037537613887814056,0.0
1125,1687860180000.0,0.0,0.0,1700.0,0.00046957465294163826,0.0,0.0,0.000486,0.9454177379185161,1.0,1476.256447867987,1000.0,1476.284370957986,1000.0,0.0005407440632375618,0.0
1126,1687863780000.0,0.0,0.0,0.0,0.00046957465294163826,0.0,0.0,0.0004945,0.9454177379185161,1.0,1476.2865152559862,1000.0,1476.2865152559862,1000.0,0.0,0.0
1127,1687867380000.0,0.0,0.0,0.0,0.00046957465294163826,0.0,0.0,0.0004985,0.9454177379185161,1.0,1476.2865152559862,1000.0,1476.2865152559862,1000.0,0.0,0.0
1128,1687870980000.0,0.0,0.0,0.0,0.00046957465294163826,0.0,0.0,0.0004885,0.9454177379185161,1.0,1476.2865152559862,1000.0,1476.2865152559862,1000.0,0.0,0.0
1129,1687874580000.0,0.0,0.0,0.0,0.00046957465294163826,0.0,0.0,0.0004925,0.9454177379185161,1.0,1476.2865152559862,1000.0,1476.2865152559862,1000.0,0.0,0.0
1130,1687878180000.0,0.0,0.0,0.0,0.00046957465294163826,0.0,0.0,0.000495,0.9454177379185161,1.0,1476.2865152559862,1000.0,1476.2865152559862,1000.0,0.0,0.0
1131,1687881780000.0,0.0,0.0,153700.0,0.0004802,0.0,0.0,0.0004785,0.9454177379185161,1.0,1476.306609587986,1000.0,1476.0453195879861,1000.0,0.04999418110076626,0.0
1132,1687885380000.0,0.0,0.0,25800.0,0.0004800265990655454,0.0,0.0,0.0004895,0.9454177379185161,1.0,1477.0051250138772,1000.0,1477.249538757986,1000.0,0.008384998837275335,0.0
1133,1687888980000.0,0.0,0.0,300.0,0.0004800265990655454,0.0,0.0,0.0004905,0.9454177379185161,1.0,1477.2314528377058,1000.0,1477.2345948579862,1000.0,9.748504842828098e-05,0.0
1134,1687892580000.0,0.0,0.0,0.0,0.0004800265990655454,0.0,0.0,0.0004975,0.9454177379185161,1.0,1477.2341155179859,1000.0,1477.2341155179859,1000.0,0.0,0.0
1135,1687896180000.0,0.0,0.0,0.0,0.0004800265990655454,0.0,0.0,0.000489,0.9454177379185161,1.0,1477.2341155179859,1000.0,1477.2341155179859,1000.0,0.0,0.0
1136,1687899780000.0,0.0,0.0,0.0,0.0004800265990655454,0.0,0.0,0.0004955,0.9454177379185161,1.0,1477.2341155179859,1000.0,1477.2341155179859,1000.0,0.0,0.0
1137,1687903380000.0,0.0,0.0,0.0,0.0004800265990655454,0.0,0.0,0.000512,0.9454177379185161,1.0,1477.2341155179859,1000.0,1477.2341155179859,1000.0,0.0,0.0
1138,1687906980000.0,0.0,0.0,0.0,0.0004800265990655454,0.0,0.0,0.000526,0.9454177379185161,1.0,1477.2341155179859,1000.0,1477.2341155179859,1000.0,0.0,0.0
1139,1687910580000.0,0.0,0.0,0.0,0.0004800265990655454,0.0,0.0,0.0005215,0.9454177379185161,1.0,1477.2341155179859,1000.0,1477.2341155179859,1000.0,0.0,0.0
1140,1687914180000.0,0.0,0.0,0.0,0.0004800265990655454,0.0,0.0,0.0005325,0.9454177379185161,1.0,1477.2341155179859,1000.0,1477.2341155179859,1000.0,0.0,0.0
1141,1687917780000.0,0.0,0.0,0.0,0.0004800265990655454,0.0,0.0,0.0005225,0.9454177379185161,1.0,1477.2341155179859,1000.0,1477.2341155179859,1000.0,0.0,0.0
1142,1687921380000.0,0.0,0.0,0.0,0.0004800265990655454,0.0,0.0,0.0005215,0.9454177379185161,1.0,1477.2341155179859,1000.0,1477.2341155179859,1000.0,0.0,0.0
1143,1687924980000.0,0.0,0.0,0.0,0.0004800265990655454,0.0,0.0,0.000518,0.9454177379185161,1.0,1477.2341155179859,1000.0,1477.2341155179859,1000.0,0.0,0.0
1144,1687928580000.0,0.0,0.0,0.0,0.0004800265990655454,0.0,0.0,0.000517,0.9454177379185161,1.0,1477.2341155179859,1000.0,1477.2341155179859,1000.0,0.0,0.0
1145,1687932180000.0,0.0,0.0,0.0,0.0004800265990655454,0.0,0.0,0.0005185,0.9454177379185161,1.0,1477.2341155179859,1000.0,1477.2341155179859,1000.0,0.0,0.0
1146,1687935780000.0,0.0,0.0,0.0,0.0004800265990655454,0.0,0.0,0.000518,0.9454177379185161,1.0,1477.2341155179859,1000.0,1477.2341155179859,1000.0,0.0,0.0
1147,1687939380000.0,0.0,0.0,146900.0,0.0005028562968005445,0.0,0.0,0.0004965,0.9454177379185161,1.0,1477.386215333986,1000.0,1476.452475333986,1000.0,0.05000018900494521,0.0
1148,1687942980000.0,0.0,0.0,146900.0,0.0005028562968005445,0.0,0.0,0.0005,0.9454177379185161,1.0,1477.386215333986,1000.0,1476.966625333986,1000.0,0.05000018900494521,0.0
1149,1687946580000.0,0.0,0.0,110200.0,0.0005028562968005445,0.0,0.0,0.0005085,0.9454177379185161,1.0,1477.424489881406,1000.0,1478.046425973986,1000.0,0.03750767926682208,0.0
1150,1687950180000.0,0.0,0.0,1400.0,0.0005028562968005445,0.0,0.0,0.0005065,0.9454177379185161,1.0,1478.4299393175068,1000.0,1478.435040501986,1000.0,0.00047618003180167743,0.0
1151,1687953780000.0,0.0,0.0,300.0,0.0005028562968005445,0.0,0.0,0.000506,0.9454177379185161,1.0,1478.4401047070264,1000.0,1478.4410478179861,1000.0,0.00010203787665111924,0.0
1152,1687957380000.0,0.0,0.0,298400.0,0.0004954783474405041,0.0,0.0,0.000486,0.9454177379185161,1.0,1478.5610899262326,1000.0,1475.7327510499863,1000.0,0.09999636801183703,0.0
1153,1687960980000.0,0.0,0.0,125300.0,0.000496274534774457,0.0,0.0,0.0005005,0.9454177379185161,1.0,1478.8215587972259,1000.0,1479.3510095899865,1000.0,0.04204915653097126,0.0
1154,1687964580000.0,0.0,0.0,110700.0,0.0005013088775280423,0.0,0.0,0.0005025,0.9454177379185161,1.0,1479.9860648843412,1000.0,1480.1179221419868,1000.0,0.037496902206772556,0.0
1155,1687968180000.0,0.0,0.0,300.0,0.0005013088775280423,0.0,0.0,0.000518,0.9454177379185161,1.0,1480.8324643772455,1000.0,1480.837471713987,1000.0,0.00010155953956726586,0.0
1156,1687971780000.0,0.0,0.0,0.0,0.0005013088775280423,0.0,0.0,0.0005105,0.9454177379185161,1.0,1480.8376805859866,1000.0,1480.8376805859866,1000.0,0.0,0.0
1157,1687975380000.0,0.0,0.0,32600.0,0.0005026488692843161,0.0,0.0,0.000508,0.9454177379185161,1.0,1481.4301064886554,1000.0,1481.6045533499866,1000.0,0.011061171949251316,0.0
1158,1687978980000.0,0.0,0.0,147300.0,0.0005028044802641479,0.0,0.0,0.0005025,0.9454177379185161,1.0,1481.5995637188958,1000.0,1481.5547137759868,1000.0,0.04998860809394852,0.0
1159,1687982580000.0,0.0,0.0,646400.0,0.00048445025172977893,0.0,0.0,0.0004725,0.9454177379185161,1.0,1481.6185208881159,1000.0,1473.8938781699867,1000.0,0.21135578308674266,0.0
1160,1687986180000.0,0.0,0.0,921100.0,0.00047808295811326576,0.0,0.0,0.000473,0.9454177379185161,1.0,1481.5930781741158,1000.0,1476.9111654559867,1000.0,0.2972221045071446,0.0
1161,1687989780000.0,0.0,0.0,553800.0,0.0004706029811185745,0.0,0.0,0.000469,0.9454177379185161,1.0,1482.2424949754534,1000.0,1481.3547640319869,1000.0,0.17582813326896457,0.0
1162,1687993380000.0,0.0,0.0,311600.0,0.0004706029811185745,0.0,0.0,0.000466,0.9454177379185161,1.0,1482.4611286445345,1000.0,1481.0268397279867,1000.0,0.0989165153022432,0.0
1163,1687996980000.0,0.0,0.0,157600.0,0.00047056449388580777,0.0,0.0,0.000466,0.9454177379185161,1.0,1482.64777074639,1000.0,1481.9284065099866,1000.0,0.05001927342397002,0.0
1164,1688000580000.0,0.0,0.0,156800.0,0.000472124451300961,0.0,0.0,0.0004785,0.9454177379185161,1.0,1483.0318744859771,1000.0,1484.0315605219864,1000.0,0.049917412590777505,0.0
1165,1688004180000.0,0.0,0.0,154700.0,0.0004783900952124463,0.0,0.0,0.000478,0.9454177379185161,1.0,1483.870731073352,1000.0,1483.8103833439866,1000.0,0.04987425533747998,0.0
1166,1688007780000.0,0.0,0.0,154700.0,0.0004783900952124463,0.0,0.0,0.0004725,0.9454177379185161,1.0,1483.870731073352,1000.0,1482.9595333439865,1000.0,0.04987425533747998,0.0
1167,1688011380000.0,0.0,0.0,154700.0,0.0004783900952124463,0.0,0.0,0.0004775,0.9454177379185161,1.0,1483.870731073352,1000.0,1483.7330333439866,1000.0,0.04987425533747998,0.0
1168,1688014980000.0,0.0,0.0,87300.0,0.00047841773084568033,0.0,0.0,0.000482,0.9454177379185161,1.0,1483.9730151868148,1000.0,1484.285747283987,1000.0,0.028144627614788576,0.0
1169,1688018580000.0,0.0,0.0,155200.0,0.0004784313500720181,0.0,0.0,0.000478,0.9454177379185161,1.0,1484.0617168211643,1000.0,1483.994771289987,1000.0,0.050033327246136995,0.0
1170,1688022180000.0,0.0,0.0,155300.0,0.0004780577725788666,0.0,0.0,0.0004735,0.9454177379185161,1.0,1484.179596211485,1000.0,1483.471774129987,1000.0,0.050022498807428,0.0
1171,1688025780000.0,0.0,0.0,14600.0,0.0004780577725788666,0.0,0.0,0.000484,0.9454177379185161,1.0,1484.582581759638,1000.0,1484.6693382799865,1000.0,0.004701418139621885,0.0
1172,1688029380000.0,0.0,0.0,3000.0,0.0004780577725788666,0.0,0.0,0.0004825,0.9454177379185161,1.0,1484.6840219897235,1000.0,1484.697348671987,1000.0,0.0009659788187216893,0.0
1173,1688032980000.0,0.0,0.0,500.0,0.0004780577725788666,0.0,0.0,0.0004885,0.9454177379185161,1.0,1484.7058841082762,1000.0,1484.7111052219868,1000.0,0.0001609940991329711,0.0
1174,1688036580000.0,0.0,0.0,0.0,0.0004780577725788666,0.0,0.0,0.0004965,0.9454177379185161,1.0,1484.713415899987,1000.0,1484.713415899987,1000.0,0.0,0.0
1175,1688040180000.0,0.0,0.0,0.0,0.0004780577725788666,0.0,0.0,0.000487,0.9454177379185161,1.0,1484.713415899987,1000.0,1484.713415899987,1000.0,0.0,0.0
1176,1688043780000.0,0.0,0.0,0.0,0.0004780577725788666,0.0,0.0,0.0004905,0.9454177379185161,1.0,1484.713415899987,1000.0,1484.713415899987,1000.0,0.0,0.0
1177,1688047380000.0,0.0,0.0,153600.0,0.0004832,0.0,0.0,0.000481,0.9454177379185161,1.0,1484.7333815959869,1000.0,1484.395461595987,1000.0,0.04998844972436674,0.0
1178,1688050980000.0,0.0,0.0,311800.0,0.0004762101667735728,0.0,0.0,0.000473,0.9454177379185161,1.0,1484.7794458339868,1000.0,1483.7785158339868,1000.0,0.10000295358116225,0.0
1179,1688054580000.0,0.0,0.0,311800.0,0.0004762101667735728,0.0,0.0,0.000473,0.9454177379185161,1.0,1484.7794458339868,1000.0,1483.7785158339868,1000.0,0.10000295358116225,0.0
1180,1688058180000.0,0.0,0.0,117000.0,0.00047613310562326274,0.0,0.0,0.000477,0.9454177379185161,1.0,1485.023688611909,1000.0,1485.1251152539871,1000.0,0.037512919009388385,0.0
1181,1688061780000.0,0.0,0.0,155500.0,0.00047776597569564413,0.0,0.0,0.0004745,0.9454177379185161,1.0,1485.1316680506602,1000.0,1484.6238088299876,1000.0,0.050024257659381094,0.0
1182,1688065380000.0,0.0,0.0,116700.0,0.0004738819835536915,0.0,0.0,0.000475,0.9454177379185161,1.0,1485.7070895047034,1000.0,1485.8375620239876,1000.0,0.037222698788596395,0.0
1183,1688068980000.0,0.0,0.0,116800.0,0.0004769174811958699,0.0,0.0,0.000479,0.9454177379185161,1.0,1486.0850448616652,1000.0,1486.3282830579876,1000.0,0.037483697178893896,0.0
1184,1688072580000.0,0.0,0.0,155700.0,0.00047702298339478906,0.0,0.0,0.000469,0.9454177379185161,1.0,1486.126888612556,1000.0,1484.8777100979873,1000.0,0.049977211961967284,0.0
1185,1688076180000.0,0.0,0.0,316000.0,0.00047021379276762236,0.0,0.0,0.000469,0.9454177379185161,1.0,1486.1120255965561,1000.0,1485.7284670819874,1000.0,0.099984089998143,0.0
1186,1688079780000.0,0.0,0.0,133400.0,0.00047021379276762236,0.0,0.0,0.000473,0.9454177379185161,1.0,1486.2931551611882,1000.0,1486.6648352059874,1000.0,0.042203329630753864,0.0
1187,1688083380000.0,0.0,0.0,133400.0,0.00047021379276762236,0.0,0.0,0.000474,0.9454177379185161,1.0,1486.2931551611882,1000.0,1486.7982352059873,1000.0,0.042203329630753864,0.0
1188,1688086980000.0,0.0,0.0,157100.0,0.0004712247018207447,0.0,0.0,0.0004775,0.9454177379185161,1.0,1486.3207948040265,1000.0,1487.3066441479875,1000.0,0.049807148574409786,0.0
1189,1688090580000.0,0.0,0.0,0.0,0.0004712247018207447,0.0,0.0,0.000488,0.9454177379185161,1.0,1488.2224349019875,1000.0,1488.2224349019875,1000.0,0.0,0.0
1190,1688094180000.0,0.0,0.0,0.0,0.0004712247018207447,0.0,0.0,0.0004905,0.9454177379185161,1.0,1488.2224349019875,1000.0,1488.2224349019875,1000.0,0.0,0.0
1191,1688097780000.0,0.0,0.0,0.0,0.0004712247018207447,0.0,0.0,0.0004905,0.9454177379185161,1.0,1488.2224349019875,1000.0,1488.2224349019875,1000.0,0.0,0.0
1192,1688101380000.0,0.0,0.0,0.0,0.0004712247018207447,0.0,0.0,0.000499,0.9454177379185161,1.0,1488.2224349019875,1000.0,1488.2224349019875,1000.0,0.0,0.0
1193,1688104980000.0,0.0,0.0,0.0,0.0004712247018207447,0.0,0.0,0.0004985,0.9454177379185161,1.0,1488.2224349019875,1000.0,1488.2224349019875,1000.0,0.0,0.0
1194,1688108580000.0,0.0,0.0,0.0,0.0004712247018207447,0.0,0.0,0.0004925,0.9454177379185161,1.0,1488.2224349019875,1000.0,1488.2224349019875,1000.0,0.0,0.0
1195,1688112180000.0,0.0,0.0,0.0,0.0004712247018207447,0.0,0.0,0.000494,0.9454177379185161,1.0,1488.2224349019875,1000.0,1488.2224349019875,1000.0,0.0,0.0
1196,1688115780000.0,0.0,0.0,0.0,0.0004712247018207447,0.0,0.0,0.0004955,0.9454177379185161,1.0,1488.2224349019875,1000.0,1488.2224349019875,1000.0,0.0,0.0
1197,1688119380000.0,0.0,0.0,0.0,0.0004712247018207447,0.0,0.0,0.000496,0.9454177379185161,1.0,1488.2224349019875,1000.0,1488.2224349019875,1000.0,0.0,0.0
1198,1688122980000.0,0.0,0.0,0.0,0.0004712247018207447,0.0,0.0,0.000493,0.9454177379185161,1.0,1488.2224349019875,1000.0,1488.2224349019875,1000.0,0.0,0.0
1199,1688126580000.0,0.0,0.0,0.0,0.0004712247018207447,0.0,0.0,0.0004965,0.9454177379185161,1.0,1488.2224349019875,1000.0,1488.2224349019875,1000.0,0.0,0.0
1200,1688130180000.0,0.0,0.0,0.0,0.0004712247018207447,0.0,0.0,0.0005035,0.9454177379185161,1.0,1488.2224349019875,1000.0,1488.2224349019875,1000.0,0.0,0.0
1201,1688133780000.0,0.0,0.0,1359000.0,0.0004564554525386314,0.0,0.0,0.0004525,0.9454177379185161,1.0,1488.0983703099873,1000.0,1482.7229103099874,1000.0,0.416856151701033,0.0
1202,1688137380000.0,0.0,0.0,185400.0,0.0004536999910963093,0.0,0.0,0.0004565,0.9454177379185161,1.0,1494.3839367852427,1000.0,1494.9030584359868,1000.0,0.0562880637824629,0.0
1203,1688140980000.0,0.0,0.0,140500.0,0.0004484870021249793,0.0,0.0,0.000442,0.9454177379185161,1.0,1494.6817698065465,1000.0,1493.770346007987,1000.0,0.0421577522864383,0.0
1204,1688144580000.0,0.0,0.0,162400.0,0.0004558436100029463,0.0,0.0,0.000461,0.9454177379185161,1.0,1497.4336389944656,1000.0,1498.2710367299871,1000.0,0.04943725073131744,0.0
1205,1688148180000.0,0.0,0.0,132000.0,0.0004615134511815809,0.0,0.0,0.000468,0.9454177379185161,1.0,1498.4545101319557,1000.0,1499.310734575987,1000.0,0.040655071704915495,0.0
1206,1688151780000.0,0.0,0.0,224200.0,0.00045452618118423777,0.0,0.0,0.000459,0.9454177379185161,1.0,1498.505461607493,1000.0,1499.508491785987,1000.0,0.06800426987579325,0.0
1207,1688155380000.0,0.0,0.0,162100.0,0.00045759568330702347,0.0,0.0,0.0004605,0.9454177379185161,1.0,1499.5431513500555,1000.0,1500.013941085987,1000.0,0.049465905797566934,0.0
1208,1688158980000.0,0.0,0.0,162000.0,0.00046206063973761914,0.0,0.0,0.0004605,0.9454177379185161,1.0,1500.159591981481,1000.0,1499.9067683439869,1000.0,0.04989724029203044,0.0
1209,1688162580000.0,0.0,0.0,161000.0,0.00046476646639802044,0.0,0.0,0.000463,0.9454177379185161,1.0,1500.3549210220683,1000.0,1500.070519931987,1000.0,0.04987313337773941,0.0
1210,1688166180000.0,0.0,0.0,161000.0,0.00046507446671354574,0.0,0.0,0.000463,0.9454177379185161,1.0,1500.3889774008678,1000.0,1500.0549882599869,1000.0,0.04990505146911349,0.0
1211,1688169780000.0,0.0,0.0,120900.0,0.00046542117971708734,0.0,0.0,0.000471,0.9454177379185161,1.0,1500.5867362957827,1000.0,1501.2612156679868,1000.0,0.03749827935084755,0.0
1212,1688173380000.0,0.0,0.0,161200.0,0.0004655953559111897,0.0,0.0,0.0004565,0.9454177379185161,1.0,1500.9431012668706,1000.0,1499.4769298939868,1000.0,0.050004541351057544,0.0
1213,1688176980000.0,0.0,0.0,327100.0,0.000458953596370785,0.0,0.0,0.000451,0.9454177379185161,1.0,1500.9280873168707,1000.0,1498.326465943987,1000.0,0.10002059568440215,0.0
1214,1688180580000.0,0.0,0.0,496200.0,0.00045378940220250656,0.0,0.0,0.0004465,0.9454177379185161,1.0,1500.9130780008707,1000.0,1497.2960766279868,1000.0,0.15002221292707874,0.0
1215,1688184180000.0,0.0,0.0,496200.0,0.00045378940220250656,0.0,0.0,0.0004495,0.9454177379185161,1.0,1500.9130780008707,1000.0,1498.784676627987,1000.0,0.15002221292707874,0.0
1216,1688187780000.0,0.0,0.0,496200.0,0.00045378940220250656,0.0,0.0,0.000452,0.9454177379185161,1.0,1500.9130780008707,1000.0,1500.0251766279869,1000.0,0.15002221292707874,0.0
1217,1688191380000.0,0.0,0.0,123400.0,0.0004556056817530445,0.0,0.0,0.0004575,0.9454177379185161,1.0,1501.4307463263128,1000.0,1501.6645051979872,1000.0,0.037445444131131954,0.0
1218,1688194980000.0,0.0,0.0,61800.0,0.00045577915579529297,0.0,0.0,0.000461,0.9454177379185161,1.0,1501.7534073681363,1000.0,1502.0760555399872,1000.0,0.018756176406826208,0.0
1219,1688198580000.0,0.0,0.0,123500.0,0.0004561044461005413,0.0,0.0,0.000457,0.9454177379185161,1.0,1501.7811857434042,1000.0,1501.8917866499874,1000.0,0.037508060180906584,0.0
1220,1688202180000.0,0.0,0.0,164700.0,0.0004560573415849943,0.0,0.0,0.0004545,0.9454177379185161,1.0,1501.8945903530357,1000.0,1501.6380961939872,1000.0,0.0500119280284461,0.0
1221,1688205780000.0,0.0,0.0,164900.0,0.0004558927072159205,0.0,0.0,0.000453,0.9454177379185161,1.0,1501.9299246478924,1000.0,1501.4529172279872,1000.0,0.05005340541272554,0.0
1222,1688209380000.0,0.0,0.0,164900.0,0.0004558927072159205,0.0,0.0,0.00045,0.9454177379185161,1.0,1501.9299246478924,1000.0,1500.9582172279872,1000.0,0.05005340541272554,0.0
1223,1688212980000.0,0.0,0.0,164900.0,0.0004558927072159205,0.0,0.0,0.0004545,0.9454177379185161,1.0,1501.9299246478924,1000.0,1501.700267227987,1000.0,0.05005340541272554,0.0
1224,1688216580000.0,0.0,0.0,46400.0,0.0004558927072159205,0.0,0.0,0.0004635,0.9454177379185161,1.0,1502.212425512806,1000.0,1502.5654038979874,1000.0,0.01408151154627657,0.0
1225,1688220180000.0,0.0,0.0,10400.0,0.0004558927072159205,0.0,0.0,0.0004595,0.9454177379185161,1.0,1502.489849473033,1000.0,1502.5273653179875,1000.0,0.0031556180939980925,0.0
1226,1688223780000.0,0.0,0.0,4500.0,0.0004558927072159205,0.0,0.0,0.0004575,0.9454177379185161,1.0,1502.4952533584594,1000.0,1502.5024861759878,1000.0,0.00136540676443801,0.0
1227,1688227380000.0,0.0,0.0,500.0,0.0004558927072159205,0.0,0.0,0.0004565,0.9454177379185161,1.0,1502.4989170095955,1000.0,1502.4992206559875,1000.0,0.0001517114927853918,0.0
1228,1688230980000.0,0.0,0.0,165500.0,0.00045397504531722053,0.0,0.0,0.000452,0.9454177379185161,1.0,1502.518140051987,1000.0,1502.191270051987,1000.0,0.050004634218526245,0.0
1229,1688234580000.0,0.0,0.0,165500.0,0.00045397504531722053,0.0,0.0,0.000452,0.9454177379185161,1.0,1502.518140051987,1000.0,1502.191270051987,1000.0,0.050004634218526245,0.0
1230,1688238180000.0,0.0,0.0,165900.0,0.0004530790644092736,0.0,0.0,0.000453,0.9454177379185161,1.0,1502.6244558974856,1000.0,1502.611339111987,1000.0,0.050023022379602856,0.0
1231,1688241780000.0,0.0,0.0,165900.0,0.0004530790644092736,0.0,0.0,0.000449,0.9454177379185161,1.0,1502.6244558974856,1000.0,1501.9477391119872,1000.0,0.050023022379602856,0.0
1232,1688245380000.0,0.0,0.0,165900.0,0.0004530790644092736,0.0,0.0,0.0004505,0.9454177379185161,1.0,1502.6244558974856,1000.0,1502.1965891119871,1000.0,0.050023022379602856,0.0
1233,1688248980000.0,0.0,0.0,165900.0,0.0004530790644092736,0.0,0.0,0.0004475,0.9454177379185161,1.0,1502.6244558974856,1000.0,1501.6988891119872,1000.0,0.050023022379602856,0.0
1234,1688252580000.0,0.0,0.0,165900.0,0.0004530790644092736,0.0,0.0,0.000446,0.9454177379185161,1.0,1502.6244558974856,1000.0,1501.450039111987,1000.0,0.050023022379602856,0.0
1235,1688256180000.0,0.0,0.0,336500.0,0.00044660028762406683,0.0,0.0,0.0004405,0.9454177379185161,1.0,1502.6094328614856,1000.0,1500.556686075987,1000.0,0.10001334578295024,0.0
1236,1688259780000.0,0.0,0.0,510500.0,0.0004415557233800166,0.0,0.0,0.000436,0.9454177379185161,1.0,1502.5944062214855,1000.0,1499.758209435987,1000.0,0.15001666174995193,0.0
1237,1688263380000.0,0.0,0.0,510500.0,0.0004415557233800166,0.0,0.0,0.0004335,0.9454177379185161,1.0,1502.5944062214855,1000.0,1498.4819594359872,1000.0,0.15001666174995193,0.0
1238,1688266980000.0,0.0,0.0,727400.0,0.0004365594126828409,0.0,0.0,0.0004345,0.9454177379185161,1.0,1502.5759783974856,1000.0,1501.0779616119871,1000.0,0.21133927425365384,0.0
1239,1688270580000.0,0.0,0.0,727400.0,0.0004365594126828409,0.0,0.0,0.000433,0.9454177379185161,1.0,1502.5759783974856,1000.0,1499.9868616119873,1000.0,0.21133927425365384,0.0
1240,1688274180000.0,0.0,0.0,727400.0,0.0004365594126828409,0.0,0.0,0.000435,0.9454177379185161,1.0,1502.5759783974856,1000.0,1501.4416616119872,1000.0,0.21133927425365384,0.0
1241,1688277780000.0,0.0,0.0,727400.0,0.0004365594126828409,0.0,0.0,0.000431,0.9454177379185161,1.0,1502.5759783974856,1000.0,1498.5320616119873,1000.0,0.21133927425365384,0.0
1242,1688281380000.0,0.0,0.0,727400.0,0.0004365594126828409,0.0,0.0,0.0004365,0.9454177379185161,1.0,1502.5759783974856,1000.0,1502.532761611987,1000.0,0.21133927425365384,0.0
1243,1688284980000.0,0.0,0.0,129600.0,0.0004365594126828409,0.0,0.0,0.0004385,0.9454177379185161,1.0,1503.0859539956834,1000.0,1503.3374541119872,1000.0,0.037641293721954815,0.0
1244,1688288580000.0,0.0,0.0,172200.0,0.00043650600337213376,0.0,0.0,0.000433,0.9454177379185161,1.0,1503.1681563526686,1000.0,1502.564422571987,1000.0,0.05000527283858063,0.0
1245,1688292180000.0,0.0,0.0,172500.0,0.0004360396383429603,0.0,0.0,0.0004345,0.9454177379185161,1.0,1503.2631301161477,1000.0,1502.997542501987,1000.0,0.05003570972192281,0.0
1246,1688295780000.0,0.0,0.0,172500.0,0.0004360396383429603,0.0,0.0,0.000434,0.9454177379185161,1.0,1503.2631301161477,1000.0,1502.9112925019872,1000.0,0.05003570972192281,0.0
1247,1688299380000.0,0.0,0.0,86300.0,0.0004360396383429603,0.0,0.0,0.000441,0.9454177379185161,1.0,1503.6486373469845,1000.0,1504.076716557987,1000.0,0.025025940139440876,0.0
1248,1688302980000.0,0.0,0.0,57600.0,0.0004360396383429603,0.0,0.0,0.0004385,0.9454177379185161,1.0,1503.8802900185415,1000.0,1504.022006849987,1000.0,0.016700719688430028,0.0
1249,1688306580000.0,0.0,0.0,172700.0,0.0004355759745500421,0.0,0.0,0.0004355,0.9454177379185161,1.0,1503.9546533327791,1000.0,1503.9415325279867,1000.0,0.05001744609659285,0.0
1250,1688310180000.0,0.0,0.0,122900.0,0.00043473958534272585,0.0,0.0,0.0004355,0.9454177379185161,1.0,1504.3518458286082,1000.0,1504.4453007899872,1000.0,0.03551662145180647,0.0
1251,1688313780000.0,0.0,0.0,173100.0,0.0004346790490352639,0.0,0.0,0.0004335,0.9454177379185161,1.0,1504.4002970199915,1000.0,1504.1962036319874,1000.0,0.05001524098143959,0.0
1252,1688317380000.0,0.0,0.0,173500.0,0.0004343827577503215,0.0,0.0,0.000431,0.9454177379185161,1.0,1504.4325383976682,1000.0,1503.8456299279874,1000.0,0.05009557194897587,0.0
1253,1688320980000.0,0.0,0.0,533300.0,0.00042340522870744563,0.0,0.0,0.0004165,0.9454177379185161,1.0,1504.4024510776683,1000.0,1500.7198926079875,1000.0,0.1500941508756045,0.0
1254,1688324580000.0,0.0,0.0,133200.0,0.0004236816717025765,0.0,0.0,0.0004255,0.9454177379185161,1.0,1504.8311804187706,1000.0,1505.0733817479875,1000.0,0.03750214602483077,0.0
1255,1688328180000.0,0.0,0.0,176400.0,0.00042591531750452367,0.0,0.0,0.000423,0.9454177379185161,1.0,1505.0302867297853,1000.0,1504.5160247219874,1000.0,0.04992023261608101,0.0
1256,1688331780000.0,0.0,0.0,176700.0,0.00042593659595839545,0.0,0.0,0.000426,0.9454177379185161,1.0,1505.0661630898358,1000.0,1505.0773665839872,1000.0,0.0500064371597703,0.0
1257,1688335380000.0,0.0,0.0,132200.0,0.00042654916979620967,0.0,0.0,0.000429,0.9454177379185161,1.0,1505.185127971046,1000.0,1505.5091277239871,1000.0,0.037463697454326456,0.0
1258,1688338980000.0,0.0,0.0,132100.0,0.00042673634438988595,0.0,0.0,0.0004305,0.9454177379185161,1.0,1505.2200133638912,1000.0,1505.7171922699872,1000.0,0.03745091786809499,0.0
1259,1688342580000.0,0.0,0.0,132100.0,0.00042673634438988595,0.0,0.0,0.00043,0.9454177379185161,1.0,1505.2200133638912,1000.0,1505.6511422699873,1000.0,0.03745091786809499,0.0
1260,1688346180000.0,0.0,0.0,176500.0,0.0004267822960333415,0.0,0.0,0.000425,0.9454177379185161,1.0,1505.249305319872,1000.0,1504.9347300699874,1000.0,0.05004292311158213,0.0
1261,1688349780000.0,0.0,0.0,19200.0,0.00042681160518896435,0.0,0.0,0.0004335,0.9454177379185161,1.0,1505.4207815796156,1000.0,1505.5491987599873,1000.0,0.00544351647054417,0.0
1262,1688353380000.0,0.0,0.0,600.0,0.00042681160518896435,0.0,0.0,0.0004375,0.9454177379185161,1.0,1505.5718874391007,1000.0,1505.5783004759874,1000.0,0.00017009281672293255,0.0
1263,1688356980000.0,0.0,0.0,100.0,0.00042681160518896435,0.0,0.0,0.0004395,0.9454177379185161,1.0,1505.5792874665058,1000.0,1505.5805563059869,1000.0,2.8348663450808763e-05,0.0
1264,1688360580000.0,0.0,0.0,0.0,0.00042681160518896435,0.0,0.0,0.0004345,0.9454177379185161,1.0,1505.580077609987,1000.0,1505.580077609987,1000.0,0.0,0.0
1265,1688364180000.0,0.0,0.0,0.0,0.00042681160518896435,0.0,0.0,0.0004325,0.9454177379185161,1.0,1505.580077609987,1000.0,1505.580077609987,1000.0,0.0,0.0
1266,1688367780000.0,0.0,0.0,175000.0,0.0004301,0.0,0.0,0.0004305,0.9454177379185161,1.0,1505.565024109987,1000.0,1505.635024109987,1000.0,0.049992859022807264,0.0
1267,1688371380000.0,0.0,0.0,98600.0,0.0004297700342465753,0.0,0.0,0.000431,0.9454177379185161,1.0,1505.7636637506992,1000.0,1505.8849383739869,1000.0,0.028142082583637224,0.0
1268,1688374980000.0,0.0,0.0,87600.0,0.0004297394142506411,0.0,0.0,0.0004355,0.9454177379185161,1.0,1506.140220874343,1000.0,1506.6448481859868,1000.0,0.02499446742515277,0.0
1269,1688378580000.0,0.0,0.0,11600.0,0.0004297394142506411,0.0,0.0,0.000437,0.9454177379185161,1.0,1506.738572351294,1000.0,1506.8227951459864,1000.0,0.003308455293295031,0.0
1270,1688382180000.0,0.0,0.0,200.0,0.0004297394142506411,0.0,0.0,0.000442,0.9454177379185161,1.0,1506.8382630848362,1000.0,1506.840715201986,1000.0,5.7038558786112594e-05,0.0
1271,1688385780000.0,0.0,0.0,0.0,0.0004297394142506411,0.0,0.0,0.0004405,0.9454177379185161,1.0,1506.841257409986,1000.0,1506.841257409986,1000.0,0.0,0.0
1272,1688389380000.0,0.0,0.0,116300.0,0.0004321,0.0,0.0,0.0004385,0.9454177379185161,1.0,1507.285871799986,1000.0,1508.030191799986,1000.0,0.033340211661367254,0.0
1273,1688392980000.0,0.0,0.0,130800.0,0.0004322331038439472,0.0,0.0,0.000434,0.9454177379185161,1.0,1507.3191459427742,1000.0,1507.5502559599859,1000.0,0.037507710384337346,0.0
1274,1688396580000.0,0.0,0.0,98100.0,0.0004323060670515847,0.0,0.0,0.0004365,0.9454177379185161,1.0,1507.4104747417464,1000.0,1507.8218995639859,1000.0,0.028133826776695396,0.0
1275,1688400180000.0,0.0,0.0,2600.0,0.0004323060670515847,0.0,0.0,0.00044,0.9454177379185161,1.0,1508.1654856083198,1000.0,1508.1854898339857,1000.0,0.0007452735028482339,0.0
1276,1688403780000.0,0.0,0.0,112300.0,0.0004253732743148295,0.0,0.0,0.000426,0.9454177379185161,1.0,1508.479989109541,1000.0,1508.5503704039857,1000.0,0.031667253825325016,0.0
1277,1688407380000.0,0.0,0.0,176000.0,0.00042768143086058664,0.0,0.0,0.000428,0.9454177379185161,1.0,1508.7153241354488,1000.0,1508.7713923039855,1000.0,0.049891408025962036,0.0
1278,1688410980000.0,0.0,0.0,175700.0,0.0004287998784599813,0.0,0.0,0.0004275,0.9454177379185161,1.0,1508.8320700274041,1000.0,1508.6036813819853,1000.0,0.04993275271783582,0.0
1279,1688414580000.0,0.0,0.0,175700.0,0.0004287998784599813,0.0,0.0,0.0004265,0.9454177379185161,1.0,1508.8320700274041,1000.0,1508.4279813819853,1000.0,0.04993275271783582,0.0
1280,1688418180000.0,0.0,0.0,356700.0,0.00042266004666503706,0.0,0.0,0.0004195,0.9454177379185161,1.0,1508.816985487404,1000.0,1507.6897968419853,1000.0,0.09992122311422463,0.0
1281,1688421780000.0,0.0,0.0,267600.0,0.00042266004666503706,0.0,0.0,0.000423,0.9454177379185161,1.0,1508.8931867775493,1000.0,1508.9841582899853,1000.0,0.07495814115849567,0.0
1282,1688425380000.0,0.0,0.0,150600.0,0.00042266004666503706,0.0,0.0,0.0004245,0.9454177379185161,1.0,1508.99324907774,1000.0,1509.2703460499854,1000.0,0.042182165537624175,0.0
1283,1688428980000.0,0.0,0.0,133100.0,0.00042441732514571223,0.0,0.0,0.0004245,0.9454177379185161,1.0,1509.1141754548798,1000.0,1509.1251794779855,1000.0,0.03743251961692494,0.0
1284,1688432580000.0,0.0,0.0,177400.0,0.00042477285764673045,0.0,0.0,0.0004205,0.9454177379185161,1.0,1509.1652827165153,1000.0,1508.4072777699853,1000.0,0.04993137982268624,0.0
1285,1688436180000.0,0.0,0.0,177400.0,0.00042477285764673045,0.0,0.0,0.000419,0.9454177379185161,1.0,1509.1652827165153,1000.0,1508.1411777699852,1000.0,0.04993137982268624,0.0
1286,1688439780000.0,0.0,0.0,75000.0,0.00042477285764673045,0.0,0.0,0.000426,0.9454177379185161,1.0,1509.2515037574901,1000.0,1509.3435394339854,1000.0,0.021108452927951358,0.0
1287,1688443380000.0,0.0,0.0,23900.0,0.00042477285764673045,0.0,0.0,0.0004275,0.9454177379185161,1.0,1509.2945300777421,1000.0,1509.3597087799853,1000.0,0.006726368575147448,0.0
1288,1688446980000.0,0.0,0.0,100300.0,0.000423599893809353,0.0,0.0,0.000427,0.9454177379185161,1.0,1509.4422447490633,1000.0,1509.7832753999853,1000.0,0.028147528994155954,0.0
1289,1688450580000.0,0.0,0.0,178200.0,0.00042355622530346865,0.0,0.0,0.000423,0.9454177379185161,1.0,1509.4356466190634,1000.0,1509.3365272699853,1000.0,0.0500039332701187,0.0
1290,1688454180000.0,0.0,0.0,133700.0,0.00042355622530346865,0.0,0.0,0.0004285,0.9454177379185161,1.0,1509.473866543059,1000.0,1510.1348492199854,1000.0,0.0375160303058207,0.0
1291,1688457780000.0,0.0,0.0,133600.0,0.00042369130650136023,0.0,0.0,0.0004245,0.9454177379185161,1.0,1509.5929635225668,1000.0,1509.7010049739852,1000.0,0.03749696767034218,0.0
1292,1688461380000.0,0.0,0.0,100200.0,0.00042369130650136023,0.0,0.0,0.0004255,0.9454177379185161,1.0,1509.6204775574213,1000.0,1509.801708645985,1000.0,0.028122213193694227,0.0
1293,1688464980000.0,0.0,0.0,800.0,0.0004236951089917815,0.0,0.0,0.0004405,0.9454177379185161,1.0,1510.620744839179,1000.0,1510.6341887519857,1000.0,0.0002243819888952409,0.0
1294,1688468580000.0,0.0,0.0,800.0,0.0004236951089917815,0.0,0.0,0.000434,0.9454177379185161,1.0,1510.620744839179,1000.0,1510.6289887519856,1000.0,0.0002243819888952409,0.0
1295,1688472180000.0,0.0,0.0,0.0,0.0004236951089917815,0.0,0.0,0.0004375,0.9454177379185161,1.0,1510.6325185919854,1000.0,1510.6325185919854,1000.0,0.0,0.0
1296,1688475780000.0,0.0,0.0,0.0,0.0004236951089917815,0.0,0.0,0.000436,0.9454177379185161,1.0,1510.6325185919854,1000.0,1510.6325185919854,1000.0,0.0,0.0
1297,1688479380000.0,0.0,0.0,176600.0,0.0004277249716874292,0.0,0.0,0.0004265,0.9454177379185161,1.0,1510.6539578979853,1000.0,1510.4376278979853,1000.0,0.05000233812984255,0.0
1298,1688482980000.0,0.0,0.0,176600.0,0.00042769376414826933,0.0,0.0,0.0004215,0.9454177379185161,1.0,1510.6894040805696,1000.0,1509.5955853319851,1000.0,0.04999751672618211,0.0
1299,1688486580000.0,0.0,0.0,305800.0,0.000416869423746476,0.0,0.0,0.000418,0.9454177379185161,1.0,1510.8606086456575,1000.0,1511.2063388639851,1000.0,0.08437487154817336,0.0
1300,1688490180000.0,0.0,0.0,229400.0,0.000416869423746476,0.0,0.0,0.000417,0.9454177379185161,1.0,1510.9253206874268,1000.0,1510.9552748799852,1000.0,0.0632922385362718,0.0
1301,1688493780000.0,0.0,0.0,180500.0,0.0004173337540480335,0.0,0.0,0.0004125,0.9454177379185161,1.0,1511.0059742376552,1000.0,1510.1334816319852,1000.0,0.04985337178674989,0.0
1302,1688497380000.0,0.0,0.0,180500.0,0.0004173337540480335,0.0,0.0,0.0004135,0.9454177379185161,1.0,1511.0059742376552,1000.0,1510.3139816319851,1000.0,0.04985337178674989,0.0
1303,1688500980000.0,0.0,0.0,556700.0,0.0004067437445763788,0.0,0.0,0.000403,0.9454177379185161,1.0,1510.9757531376554,1000.0,1508.8916105319854,1000.0,0.1498596136539334,0.0
1304,1688504580000.0,0.0,0.0,556700.0,0.0004067437445763788,0.0,0.0,0.0004035,0.9454177379185161,1.0,1510.9757531376554,1000.0,1509.1699605319852,1000.0,0.1498596136539334,0.0
1305,1688508180000.0,0.0,0.0,556700.0,0.0004067437445763788,0.0,0.0,0.000401,0.9454177379185161,1.0,1510.9757531376554,1000.0,1507.7782105319852,1000.0,0.1498596136539334,0.0
1306,1688511780000.0,0.0,0.0,556700.0,0.0004067437445763788,0.0,0.0,0.0004035,0.9454177379185161,1.0,1510.9757531376554,1000.0,1509.1699605319852,1000.0,0.1498596136539334,0.0
1307,1688515380000.0,0.0,0.0,556700.0,0.0004067437445763788,0.0,0.0,0.000399,0.9454177379185161,1.0,1510.9757531376554,1000.0,1506.6648105319853,1000.0,0.1498596136539334,0.0
1308,1688518980000.0,0.0,0.0,556700.0,0.0004067437445763788,0.0,0.0,0.0003995,0.9454177379185161,1.0,1510.9757531376554,1000.0,1506.9431605319853,1000.0,0.1498596136539334,0.0
1309,1688522580000.0,0.0,0.0,556700.0,0.0004067437445763788,0.0,0.0,0.0004025,0.9454177379185161,1.0,1510.9757531376554,1000.0,1508.6132605319854,1000.0,0.1498596136539334,0.0
1310,1688526180000.0,0.0,0.0,556700.0,0.0004067437445763788,0.0,0.0,0.000402,0.9454177379185161,1.0,1510.9757531376554,1000.0,1508.3349105319853,1000.0,0.1498596136539334,0.0
1311,1688529780000.0,0.0,0.0,417600.0,0.0004067437445763788,0.0,0.0,0.000407,0.9454177379185161,1.0,1511.097426053081,1000.0,1511.2044383179853,1000.0,0.11240584809859186,0.0
1312,1688533380000.0,0.0,0.0,417600.0,0.0004067437445763788,0.0,0.0,0.000403,0.9454177379185161,1.0,1511.097426053081,1000.0,1509.5340383179853,1000.0,0.11240584809859186,0.0
1313,1688536980000.0,0.0,0.0,417600.0,0.0004067437445763788,0.0,0.0,0.000402,0.9454177379185161,1.0,1511.097426053081,1000.0,1509.1164383179853,1000.0,0.11240584809859186,0.0
1314,1688540580000.0,0.0,0.0,417600.0,0.0004067437445763788,0.0,0.0,0.000404,0.9454177379185161,1.0,1511.097426053081,1000.0,1509.9516383179853,1000.0,0.11240584809859186,0.0
1315,1688544180000.0,0.0,0.0,176200.0,0.0004067437445763788,0.0,0.0,0.000403,0.9454177379185161,1.0,1511.3085823563429,1000.0,1510.648934561985,1000.0,0.047421319928334586,0.0
1316,1688547780000.0,0.0,0.0,176200.0,0.0004067437445763788,0.0,0.0,0.000401,0.9454177379185161,1.0,1511.3085823563429,1000.0,1510.296534561985,1000.0,0.047421319928334586,0.0
1317,1688551380000.0,0.0,0.0,562200.0,0.000396285872988897,0.0,0.0,0.000388,0.9454177379185161,1.0,1511.2783576223428,1000.0,1506.620039827985,1000.0,0.14741951187924834,0.0
1318,1688554980000.0,0.0,0.0,801100.0,0.0003918168615583047,0.0,0.0,0.0003865,0.9454177379185161,1.0,1511.2601391083429,1000.0,1507.000801313985,1000.0,0.20769719234410072,0.0
1319,1688558580000.0,0.0,0.0,801100.0,0.0003918168615583047,0.0,0.0,0.0003865,0.9454177379185161,1.0,1511.2601391083429,1000.0,1507.000801313985,1000.0,0.20769719234410072,0.0
1320,1688562180000.0,0.0,0.0,801100.0,0.0003918168615583047,0.0,0.0,0.0003795,0.9454177379185161,1.0,1511.2601391083429,1000.0,1501.393101313985,1000.0,0.20769719234410072,0.0
1321,1688565780000.0,0.0,0.0,801100.0,0.0003918168615583047,0.0,0.0,0.0003865,0.9454177379185161,1.0,1511.2601391083429,1000.0,1507.000801313985,1000.0,0.20769719234410072,0.0
1322,1688569380000.0,0.0,0.0,801100.0,0.0003918168615583047,0.0,0.0,0.000379,0.9454177379185161,1.0,1511.2601391083429,1000.0,1500.992551313985,1000.0,0.20769719234410072,0.0
1323,1688572980000.0,0.0,0.0,1141500.0,0.0003867125429648339,0.0,0.0,0.0003755,0.9454177379185161,1.0,1511.2346295323428,1000.0,1498.4355117379848,1000.0,0.29210048470829497,0.0
1324,1688576580000.0,0.0,0.0,1141500.0,0.0003867125429648339,0.0,0.0,0.000375,0.9454177379185161,1.0,1511.2346295323428,1000.0,1497.864761737985,1000.0,0.29210048470829497,0.0
1325,1688580180000.0,0.0,0.0,1141500.0,0.0003867125429648339,0.0,0.0,0.0003745,0.9454177379185161,1.0,1511.2346295323428,1000.0,1497.2940117379849,1000.0,0.29210048470829497,0.0
1326,1688583780000.0,0.0,0.0,1141500.0,0.0003867125429648339,0.0,0.0,0.0003745,0.9454177379185161,1.0,1511.2346295323428,1000.0,1497.2940117379849,1000.0,0.29210048470829497,0.0
1327,1688587380000.0,0.0,0.0,1141500.0,0.0003867125429648339,0.0,0.0,0.000373,0.9454177379185161,1.0,1511.2346295323428,1000.0,1495.5817617379848,1000.0,0.29210048470829497,0.0
1328,1688590980000.0,0.0,0.0,1141500.0,0.0003867125429648339,0.0,0.0,0.0003715,0.9454177379185161,1.0,1511.2346295323428,1000.0,1493.8695117379848,1000.0,0.29210048470829497,0.0
1329,1688594580000.0,0.0,0.0,1141500.0,0.0003867125429648339,0.0,0.0,0.0003755,0.9454177379185161,1.0,1511.2346295323428,1000.0,1498.4355117379848,1000.0,0.29210048470829497,0.0
1330,1688598180000.0,0.0,0.0,1141500.0,0.0003867125429648339,0.0,0.0,0.000375,0.9454177379185161,1.0,1511.2346295323428,1000.0,1497.864761737985,1000.0,0.29210048470829497,0.0
1331,1688601780000.0,0.0,0.0,1141500.0,0.0003867125429648339,0.0,0.0,0.0003795,0.9454177379185161,1.0,1511.2346295323428,1000.0,1503.0015117379849,1000.0,0.29210048470829497,0.0
1332,1688605380000.0,0.0,0.0,1141500.0,0.0003867125429648339,0.0,0.0,0.000377,0.9454177379185161,1.0,1511.2346295323428,1000.0,1500.1477617379849,1000.0,0.29210048470829497,0.0
1333,1688608980000.0,0.0,0.0,1141500.0,0.0003867125429648339,0.0,0.0,0.000376,0.9454177379185161,1.0,1511.2346295323428,1000.0,1499.006261737985,1000.0,0.29210048470829497,0.0
1334,1688612580000.0,0.0,0.0,1141500.0,0.0003867125429648339,0.0,0.0,0.0003825,0.9454177379185161,1.0,1511.2346295323428,1000.0,1506.426011737985,1000.0,0.29210048470829497,0.0
1335,1688616180000.0,0.0,0.0,1141500.0,0.0003867125429648339,0.0,0.0,0.0003805,0.9454177379185161,1.0,1511.2346295323428,1000.0,1504.1430117379848,1000.0,0.29210048470829497,0.0
1336,1688619780000.0,0.0,0.0,1141500.0,0.0003867125429648339,0.0,0.0,0.0003735,0.9454177379185161,1.0,1511.2346295323428,1000.0,1496.152511737985,1000.0,0.29210048470829497,0.0
1337,1688623380000.0,0.0,0.0,1141500.0,0.0003867125429648339,0.0,0.0,0.000378,0.9454177379185161,1.0,1511.2346295323428,1000.0,1501.2892617379848,1000.0,0.29210048470829497,0.0
1338,1688626980000.0,0.0,0.0,1141500.0,0.0003867125429648339,0.0,0.0,0.0003795,0.9454177379185161,1.0,1511.2346295323428,1000.0,1503.0015117379849,1000.0,0.29210048470829497,0.0
1339,1688630580000.0,0.0,0.0,1141500.0,0.0003867125429648339,0.0,0.0,0.000381,0.9454177379185161,1.0,1511.2346295323428,1000.0,1504.713761737985,1000.0,0.29210048470829497,0.0
1340,1688634180000.0,0.0,0.0,160600.0,0.0003867125429648339,0.0,0.0,0.0003875,0.9454177379185161,1.0,1513.293253888137,1000.0,1513.4197194879848,1000.0,0.041040316700402875,0.0
1341,1688637780000.0,0.0,0.0,16200.0,0.0003867125429648339,0.0,0.0,0.000382,0.9454177379185161,1.0,1513.410208796015,1000.0,1513.3338655999846,1000.0,0.004139487866289861,0.0
1342,1688641380000.0,0.0,0.0,16200.0,0.0003867125429648339,0.0,0.0,0.000383,0.9454177379185161,1.0,1513.410208796015,1000.0,1513.3500655999846,1000.0,0.004139487866289861,0.0
1343,1688644980000.0,0.0,0.0,405500.0,0.00037356826928737437,0.0,0.0,0.000365,0.9454177379185161,1.0,1513.3811653580149,1000.0,1509.9067321619846,1000.0,0.10009503003177311,0.0
1344,1688648580000.0,0.0,0.0,876400.0,0.00036516288589232113,0.0,0.0,0.000357,0.9454177379185161,1.0,1513.3474559940148,1000.0,1506.1935027979846,1000.0,0.21147077092472802,0.0
1345,1688652180000.0,0.0,0.0,1248800.0,0.00036037283247600114,0.0,0.0,0.0003535,0.9454177379185161,1.0,1513.3214550260147,1000.0,1504.7386618299845,1000.0,0.2973813605175471,0.0
1346,1688655780000.0,0.0,0.0,1248800.0,0.00036037283247600114,0.0,0.0,0.000351,0.9454177379185161,1.0,1513.3214550260147,1000.0,1501.6166618299847,1000.0,0.2973813605175471,0.0
1347,1688659380000.0,0.0,0.0,1248800.0,0.00036037283247600114,0.0,0.0,0.0003545,0.9454177379185161,1.0,1513.3214550260147,1000.0,1505.9874618299846,1000.0,0.2973813605175471,0.0
1348,1688662980000.0,0.0,0.0,1248800.0,0.00036037283247600114,0.0,0.0,0.00035,0.9454177379185161,1.0,1513.3214550260147,1000.0,1500.3678618299846,1000.0,0.2973813605175471,0.0
1349,1688666580000.0,0.0,0.0,1248800.0,0.00036037283247600114,0.0,0.0,0.00035,0.9454177379185161,1.0,1513.3214550260147,1000.0,1500.3678618299846,1000.0,0.2973813605175471,0.0
1350,1688670180000.0,0.0,0.0,1248800.0,0.00036037283247600114,0.0,0.0,0.000349,0.9454177379185161,1.0,1513.3214550260147,1000.0,1499.1190618299845,1000.0,0.2973813605175471,0.0
1351,1688673780000.0,0.0,0.0,2535700.0,0.000347961526677458,0.0,0.0,0.000336,0.9454177379185161,1.0,1513.2349965360147,1000.0,1482.9041533399845,1000.0,0.5830727185240796,0.0
1352,1688677380000.0,0.0,0.0,2535700.0,0.000347961526677458,0.0,0.0,0.000329,0.9454177379185161,1.0,1513.2349965360147,1000.0,1465.1542533399845,1000.0,0.5830727185240796,0.0
1353,1688680980000.0,0.0,0.0,2535700.0,0.000347961526677458,0.0,0.0,0.0003345,0.9454177379185161,1.0,1513.2349965360147,1000.0,1479.1006033399844,1000.0,0.5830727185240796,0.0
1354,1688684580000.0,0.0,0.0,2535700.0,0.000347961526677458,0.0,0.0,0.000334,0.9454177379185161,1.0,1513.2349965360147,1000.0,1477.8327533399845,1000.0,0.5830727185240796,0.0
1355,1688688180000.0,0.0,0.0,2535700.0,0.000347961526677458,0.0,0.0,0.0003285,0.9454177379185161,1.0,1513.2349965360147,1000.0,1463.8864033399846,1000.0,0.5830727185240796,0.0
1356,1688691780000.0,0.0,0.0,2535700.0,0.000347961526677458,0.0,0.0,0.0003345,0.9454177379185161,1.0,1513.2349965360147,1000.0,1479.1006033399844,1000.0,0.5830727185240796,0.0
1357,1688695380000.0,0.0,0.0,2535700.0,0.000347961526677458,0.0,0.0,0.0003365,0.9454177379185161,1.0,1513.2349965360147,1000.0,1484.1720033399845,1000.0,0.5830727185240796,0.0
1358,1688698980000.0,0.0,0.0,2535700.0,0.000347961526677458,0.0,0.0,0.0003365,0.9454177379185161,1.0,1513.2349965360147,1000.0,1484.1720033399845,1000.0,0.5830727185240796,0.0
1359,1688702580000.0,0.0,0.0,2535700.0,0.000347961526677458,0.0,0.0,0.00034,0.9454177379185161,1.0,1513.2349965360147,1000.0,1493.0469533399846,1000.0,0.5830727185240796,0.0
1360,1688706180000.0,0.0,0.0,2535700.0,0.000347961526677458,0.0,0.0,0.0003315,0.9454177379185161,1.0,1513.2349965360147,1000.0,1471.4935033399845,1000.0,0.5830727185240796,0.0
1361,1688709780000.0,0.0,0.0,2535700.0,0.000347961526677458,0.0,0.0,0.0003325,0.9454177379185161,1.0,1513.2349965360147,1000.0,1474.0292033399846,1000.0,0.5830727185240796,0.0
1362,1688713380000.0,0.0,0.0,2535700.0,0.000347961526677458,0.0,0.0,0.0003345,0.9454177379185161,1.0,1513.2349965360147,1000.0,1479.1006033399844,1000.0,0.5830727185240796,0.0
1363,1688716980000.0,0.0,0.0,2535700.0,0.000347961526677458,0.0,0.0,0.0003275,0.9454177379185161,1.0,1513.2349965360147,1000.0,1461.3507033399844,1000.0,0.5830727185240796,0.0
1364,1688720580000.0,0.0,0.0,2535700.0,0.000347961526677458,0.0,0.0,0.0003305,0.9454177379185161,1.0,1513.2349965360147,1000.0,1468.9578033399846,1000.0,0.5830727185240796,0.0
1365,1688724180000.0,0.0,0.0,2535700.0,0.000347961526677458,0.0,0.0,0.0003335,0.9454177379185161,1.0,1513.2349965360147,1000.0,1476.5649033399845,1000.0,0.5830727185240796,0.0
1366,1688727780000.0,0.0,0.0,2535700.0,0.000347961526677458,0.0,0.0,0.0003335,0.9454177379185161,1.0,1513.2349965360147,1000.0,1476.5649033399845,1000.0,0.5830727185240796,0.0
1367,1688731380000.0,0.0,0.0,2535700.0,0.000347961526677458,0.0,0.0,0.00033,0.9454177379185161,1.0,1513.2349965360147,1000.0,1467.6899533399844,1000.0,0.5830727185240796,0.0
1368,1688734980000.0,0.0,0.0,2535700.0,0.000347961526677458,0.0,0.0,0.000326,0.9454177379185161,1.0,1513.2349965360147,1000.0,1457.5471533399846,1000.0,0.5830727185240796,0.0
1369,1688738580000.0,0.0,0.0,2535700.0,0.000347961526677458,0.0,0.0,0.000334,0.9454177379185161,1.0,1513.2349965360147,1000.0,1477.8327533399845,1000.0,0.5830727185240796,0.0
1370,1688742180000.0,0.0,0.0,2535700.0,0.000347961526677458,0.0,0.0,0.00033,0.9454177379185161,1.0,1513.2349965360147,1000.0,1467.6899533399844,1000.0,0.5830727185240796,0.0
1371,1688745780000.0,0.0,0.0,2535700.0,0.000347961526677458,0.0,0.0,0.000328,0.9454177379185161,1.0,1513.2349965360147,1000.0,1462.6185533399846,1000.0,0.5830727185240796,0.0
1372,1688749380000.0,0.0,0.0,2535700.0,0.000347961526677458,0.0,0.0,0.0003295,0.9454177379185161,1.0,1513.2349965360147,1000.0,1466.4221033399845,1000.0,0.5830727185240796,0.0
1373,1688752980000.0,0.0,0.0,3613300.0,0.000339592694544054,0.0,0.0,0.000312,0.9454177379185161,1.0,1513.1660516880147,1000.0,1413.4653684919845,1000.0,0.8109158157673393,0.0
1374,1688756580000.0,0.0,0.0,3613300.0,0.000339592694544054,0.0,0.0,0.000317,0.9454177379185161,1.0,1513.1660516880147,1000.0,1431.5318684919844,1000.0,0.8109158157673393,0.0
1375,1688760180000.0,0.0,0.0,3613300.0,0.000339592694544054,0.0,0.0,0.00032,0.9454177379185161,1.0,1513.1660516880147,1000.0,1442.3717684919845,1000.0,0.8109158157673393,0.0
1376,1688763780000.0,0.0,0.0,3613300.0,0.000339592694544054,0.0,0.0,0.000319,0.9454177379185161,1.0,1513.1660516880147,1000.0,1438.7584684919843,1000.0,0.8109158157673393,0.0
1377,1688767380000.0,0.0,0.0,3613300.0,0.000339592694544054,0.0,0.0,0.0003175,0.9454177379185161,1.0,1513.1660516880147,1000.0,1433.3385184919844,1000.0,0.8109158157673393,0.0
1378,1688770980000.0,0.0,0.0,3613300.0,0.000339592694544054,0.0,0.0,0.000322,0.9454177379185161,1.0,1513.1660516880147,1000.0,1449.5983684919845,1000.0,0.8109158157673393,0.0
1379,1688774580000.0,0.0,0.0,3613300.0,0.000339592694544054,0.0,0.0,0.000326,0.9454177379185161,1.0,1513.1660516880147,1000.0,1464.0515684919844,1000.0,0.8109158157673393,0.0
1380,1688778180000.0,0.0,0.0,3613300.0,0.000339592694544054,0.0,0.0,0.0003245,0.9454177379185161,1.0,1513.1660516880147,1000.0,1458.6316184919842,1000.0,0.8109158157673393,0.0
1381,1688781780000.0,0.0,0.0,3613300.0,0.000339592694544054,0.0,0.0,0.0003265,0.9454177379185161,1.0,1513.1660516880147,1000.0,1465.8582184919844,1000.0,0.8109158157673393,0.0
1382,1688785380000.0,0.0,0.0,3613300.0,0.000339592694544054,0.0,0.0,0.0003265,0.9454177379185161,1.0,1513.1660516880147,1000.0,1465.8582184919844,1000.0,0.8109158157673393,0.0
1383,1688788980000.0,0.0,0.0,3613300.0,0.000339592694544054,0.0,0.0,0.0003225,0.9454177379185161,1.0,1513.1660516880147,1000.0,1451.4050184919843,1000.0,0.8109158157673393,0.0
1384,1688792580000.0,0.0,0.0,3613300.0,0.000339592694544054,0.0,0.0,0.000323,0.9454177379185161,1.0,1513.1660516880147,1000.0,1453.2116684919845,1000.0,0.8109158157673393,0.0
1385,1688796180000.0,0.0,0.0,3613300.0,0.000339592694544054,0.0,0.0,0.000321,0.9454177379185161,1.0,1513.1660516880147,1000.0,1445.9850684919843,1000.0,0.8109158157673393,0.0
1386,1688799780000.0,0.0,0.0,3613300.0,0.000339592694544054,0.0,0.0,0.0003225,0.9454177379185161,1.0,1513.1660516880147,1000.0,1451.4050184919843,1000.0,0.8109158157673393,0.0
1387,1688803380000.0,0.0,0.0,3613300.0,0.000339592694544054,0.0,0.0,0.0003235,0.9454177379185161,1.0,1513.1660516880147,1000.0,1455.0183184919845,1000.0,0.8109158157673393,0.0
1388,1688806980000.0,0.0,0.0,3613300.0,0.000339592694544054,0.0,0.0,0.0003265,0.9454177379185161,1.0,1513.1660516880147,1000.0,1465.8582184919844,1000.0,0.8109158157673393,0.0
1389,1688810580000.0,0.0,0.0,3613300.0,0.000339592694544054,0.0,0.0,0.000323,0.9454177379185161,1.0,1513.1660516880147,1000.0,1453.2116684919845,1000.0,0.8109158157673393,0.0
1390,1688814180000.0,0.0,0.0,3613300.0,0.000339592694544054,0.0,0.0,0.0003225,0.9454177379185161,1.0,1513.1660516880147,1000.0,1451.4050184919843,1000.0,0.8109158157673393,0.0
1391,1688817780000.0,0.0,0.0,3613300.0,0.000339592694544054,0.0,0.0,0.000321,0.9454177379185161,1.0,1513.1660516880147,1000.0,1445.9850684919843,1000.0,0.8109158157673393,0.0
1392,1688821380000.0,0.0,0.0,3613300.0,0.000339592694544054,0.0,0.0,0.0003235,0.9454177379185161,1.0,1513.1660516880147,1000.0,1455.0183184919845,1000.0,0.8109158157673393,0.0
1393,1688824980000.0,0.0,0.0,3613300.0,0.000339592694544054,0.0,0.0,0.00032,0.9454177379185161,1.0,1513.1660516880147,1000.0,1442.3717684919845,1000.0,0.8109158157673393,0.0
1394,1688828580000.0,0.0,0.0,3613300.0,0.000339592694544054,0.0,0.0,0.000321,0.9454177379185161,1.0,1513.1660516880147,1000.0,1445.9850684919843,1000.0,0.8109158157673393,0.0
1395,1688832180000.0,0.0,0.0,3613300.0,0.000339592694544054,0.0,0.0,0.0003235,0.9454177379185161,1.0,1513.1660516880147,1000.0,1455.0183184919845,1000.0,0.8109158157673393,0.0
1396,1688835780000.0,0.0,0.0,3613300.0,0.000339592694544054,0.0,0.0,0.000325,0.9454177379185161,1.0,1513.1660516880147,1000.0,1460.4382684919844,1000.0,0.8109158157673393,0.0
1397,1688839380000.0,0.0,0.0,3613300.0,0.000339592694544054,0.0,0.0,0.00032,0.9454177379185161,1.0,1513.1660516880147,1000.0,1442.3717684919845,1000.0,0.8109158157673393,0.0
1398,1688842980000.0,0.0,0.0,3613300.0,0.000339592694544054,0.0,0.0,0.0003365,0.9454177379185161,1.0,1513.1660516880147,1000.0,1501.9912184919845,1000.0,0.8109158157673393,0.0
1399,1688846580000.0,0.0,0.0,3613300.0,0.000339592694544054,0.0,0.0,0.000326,0.9454177379185161,1.0,1513.1660516880147,1000.0,1464.0515684919844,1000.0,0.8109158157673393,0.0
1400,1688850180000.0,0.0,0.0,3613300.0,0.000339592694544054,0.0,0.0,0.000325,0.9454177379185161,1.0,1513.1660516880147,1000.0,1460.4382684919844,1000.0,0.8109158157673393,0.0
1401,1688853780000.0,0.0,0.0,3613300.0,0.000339592694544054,0.0,0.0,0.0003185,0.9454177379185161,1.0,1513.1660516880147,1000.0,1436.9518184919843,1000.0,0.8109158157673393,0.0
1402,1688857380000.0,0.0,0.0,3613300.0,0.000339592694544054,0.0,0.0,0.000327,0.9454177379185161,1.0,1513.1660516880147,1000.0,1467.6648684919844,1000.0,0.8109158157673393,0.0
1403,1688860980000.0,0.0,0.0,3613300.0,0.000339592694544054,0.0,0.0,0.0003285,0.9454177379185161,1.0,1513.1660516880147,1000.0,1473.0848184919844,1000.0,0.8109158157673393,0.0
1404,1688864580000.0,0.0,0.0,3613300.0,0.000339592694544054,0.0,0.0,0.0003315,0.9454177379185161,1.0,1513.1660516880147,1000.0,1483.9247184919843,1000.0,0.8109158157673393,0.0
1405,1688868180000.0,0.0,0.0,3613300.0,0.000339592694544054,0.0,0.0,0.000333,0.9454177379185161,1.0,1513.1660516880147,1000.0,1489.3446684919845,1000.0,0.8109158157673393,0.0
1406,1688871780000.0,0.0,0.0,3613300.0,0.000339592694544054,0.0,0.0,0.000333,0.9454177379185161,1.0,1513.1660516880147,1000.0,1489.3446684919845,1000.0,0.8109158157673393,0.0
1407,1688875380000.0,0.0,0.0,1524400.0,0.000339592694544054,0.0,0.0,0.0003435,0.9454177379185161,1.0,1514.7102197429406,1000.0,1520.6665161799847,1000.0,0.3417651091380435,0.0
1408,1688878980000.0,0.0,0.0,0.0,0.000339592694544054,0.0,0.0,0.0003465,0.9454177379185161,1.0,1529.9207577319846,1000.0,1529.9207577319846,1000.0,0.0,0.0
1409,1688882580000.0,0.0,0.0,0.0,0.000339592694544054,0.0,0.0,0.0003465,0.9454177379185161,1.0,1529.9207577319846,1000.0,1529.9207577319846,1000.0,0.0,0.0
1410,1688886180000.0,0.0,0.0,0.0,0.000339592694544054,0.0,0.0,0.000349,0.9454177379185161,1.0,1529.9207577319846,1000.0,1529.9207577319846,1000.0,0.0,0.0
1411,1688889780000.0,0.0,0.0,0.0,0.000339592694544054,0.0,0.0,0.0003635,0.9454177379185161,1.0,1529.9207577319846,1000.0,1529.9207577319846,1000.0,0.0,0.0
1412,1688893380000.0,0.0,0.0,0.0,0.000339592694544054,0.0,0.0,0.000385,0.9454177379185161,1.0,1529.9207577319846,1000.0,1529.9207577319846,1000.0,0.0,0.0
1413,1688896980000.0,0.0,0.0,0.0,0.000339592694544054,0.0,0.0,0.000366,0.9454177379185161,1.0,1529.9207577319846,1000.0,1529.9207577319846,1000.0,0.0,0.0
1414,1688900580000.0,0.0,0.0,0.0,0.000339592694544054,0.0,0.0,0.0003665,0.9454177379185161,1.0,1529.9207577319846,1000.0,1529.9207577319846,1000.0,0.0,0.0
1415,1688904180000.0,0.0,0.0,0.0,0.000339592694544054,0.0,0.0,0.0003685,0.9454177379185161,1.0,1529.9207577319846,1000.0,1529.9207577319846,1000.0,0.0,0.0
1416,1688907780000.0,0.0,0.0,0.0,0.000339592694544054,0.0,0.0,0.0003735,0.9454177379185161,1.0,1529.9207577319846,1000.0,1529.9207577319846,1000.0,0.0,0.0
1417,1688911380000.0,0.0,0.0,0.0,0.000339592694544054,0.0,0.0,0.000353,0.9454177379185161,1.0,1529.9207577319846,1000.0,1529.9207577319846,1000.0,0.0,0.0
1418,1688914980000.0,0.0,0.0,0.0,0.000339592694544054,0.0,0.0,0.0003595,0.9454177379185161,1.0,1529.9207577319846,1000.0,1529.9207577319846,1000.0,0.0,0.0
1419,1688918580000.0,0.0,0.0,0.0,0.000339592694544054,0.0,0.0,0.000356,0.9454177379185161,1.0,1529.9207577319846,1000.0,1529.9207577319846,1000.0,0.0,0.0
1420,1688922180000.0,0.0,0.0,0.0,0.000339592694544054,0.0,0.0,0.0003575,0.9454177379185161,1.0,1529.9207577319846,1000.0,1529.9207577319846,1000.0,0.0,0.0
1421,1688925780000.0,0.0,0.0,0.0,0.000339592694544054,0.0,0.0,0.000356,0.9454177379185161,1.0,1529.9207577319846,1000.0,1529.9207577319846,1000.0,0.0,0.0
1422,1688929380000.0,0.0,0.0,0.0,0.000339592694544054,0.0,0.0,0.0003545,0.9454177379185161,1.0,1529.9207577319846,1000.0,1529.9207577319846,1000.0,0.0,0.0
1423,1688932980000.0,0.0,0.0,164100.0,0.000349745726691042,0.0,0.0,0.000351,0.9454177379185161,1.0,1530.3200451019845,1000.0,1530.5258713519845,1000.0,0.03750409852742611,0.0
1424,1688936580000.0,0.0,0.0,164100.0,0.00034971931054045833,0.0,0.0,0.0003525,0.9454177379185161,1.0,1530.3991291556736,1000.0,1530.8554402959844,1000.0,0.03749932796377824,0.0
1425,1688940180000.0,0.0,0.0,444100.0,0.00034465530118827866,0.0,0.0,0.0003395,0.9454177379185161,1.0,1530.444163431699,1000.0,1528.1546941739846,1000.0,0.1000111097908378,0.0
1426,1688943780000.0,0.0,0.0,444100.0,0.00034465530118827866,0.0,0.0,0.000345,0.9454177379185161,1.0,1530.444163431699,1000.0,1530.5972441739846,1000.0,0.1000111097908378,0.0
1427,1688947380000.0,0.0,0.0,333100.0,0.00034465530118827866,0.0,0.0,0.00034,0.9454177379185161,1.0,1530.5191571198,1000.0,1528.9684762939844,1000.0,0.07501028673294116,0.0
1428,1688950980000.0,0.0,0.0,801100.0,0.0003367592820194927,0.0,0.0,0.0003275,0.9454177379185161,1.0,1530.4881624838001,1000.0,1523.0705516579844,1000.0,0.17626915871599963,0.0
1429,1688954580000.0,0.0,0.0,801100.0,0.0003367592820194927,0.0,0.0,0.000329,0.9454177379185161,1.0,1530.4881624838001,1000.0,1524.2722016579844,1000.0,0.17626915871599963,0.0
1430,1688958180000.0,0.0,0.0,801100.0,0.0003367592820194927,0.0,0.0,0.000332,0.9454177379185161,1.0,1530.4881624838001,1000.0,1526.6755016579846,1000.0,0.17626915871599963,0.0
1431,1688961780000.0,0.0,0.0,600900.0,0.0003367592820194927,0.0,0.0,0.0003325,0.9454177379185161,1.0,1530.6229407234975,1000.0,1528.0635381579843,1000.0,0.13220672915686338,0.0
1432,1688965380000.0,0.0,0.0,600900.0,0.0003367592820194927,0.0,0.0,0.000336,0.9454177379185161,1.0,1530.6229407234975,1000.0,1530.1666881579843,1000.0,0.13220672915686338,0.0
1433,1688968980000.0,0.0,0.0,600900.0,0.0003367592820194927,0.0,0.0,0.0003335,0.9454177379185161,1.0,1530.6229407234975,1000.0,1528.6644381579843,1000.0,0.13220672915686338,0.0
1434,1688972580000.0,0.0,0.0,600900.0,0.0003367592820194927,0.0,0.0,0.0003335,0.9454177379185161,1.0,1530.6229407234975,1000.0,1528.6644381579843,1000.0,0.13220672915686338,0.0
1435,1688976180000.0,0.0,0.0,600900.0,0.0003367592820194927,0.0,0.0,0.000331,0.9454177379185161,1.0,1530.6229407234975,1000.0,1527.1621881579845,1000.0,0.13220672915686338,0.0
1436,1688979780000.0,0.0,0.0,600900.0,0.0003367592820194927,0.0,0.0,0.000329,0.9454177379185161,1.0,1530.6229407234975,1000.0,1525.9603881579844,1000.0,0.13220672915686338,0.0
1437,1688983380000.0,0.0,0.0,600900.0,0.0003367592820194927,0.0,0.0,0.000333,0.9454177379185161,1.0,1530.6229407234975,1000.0,1528.3639881579843,1000.0,0.13220672915686338,0.0
1438,1688986980000.0,0.0,0.0,107100.0,0.0003367592820194927,0.0,0.0,0.0003375,0.9454177379185161,1.0,1530.955375762272,1000.0,1531.0347066579843,1000.0,0.023558439178104542,0.0
1439,1688990580000.0,0.0,0.0,25500.0,0.0003367592820194927,0.0,0.0,0.000338,0.9454177379185161,1.0,1531.0103103494816,1000.0,1531.0419486579847,1000.0,0.005608950921785,0.0
1440,1688994180000.0,0.0,0.0,4600.0,0.0003367592820194927,0.0,0.0,0.000339,0.9454177379185161,1.0,1531.0243806052742,1000.0,1531.0346879079846,1000.0,0.001011801455883576,0.0
1441,1688997780000.0,0.0,0.0,196600.0,0.0003347045604169862,0.0,0.0,0.0003385,0.9454177379185161,1.0,1531.100787893964,1000.0,1531.8469713159845,1000.0,0.04297752120452612,0.0
1442,1689001380000.0,0.0,0.0,58300.0,0.0003347045604169862,0.0,0.0,0.0003405,0.9454177379185161,1.0,1531.9481878942947,1000.0,1532.2860620219844,1000.0,0.012737556026050615,0.0
1443,1689004980000.0,0.0,0.0,228600.0,0.00033524482113488963,0.0,0.0,0.000333,0.9454177379185161,1.0,1532.3013576214198,1000.0,1531.788191509984,1000.0,0.050014291072872745,0.0
1444,1689008580000.0,0.0,0.0,228600.0,0.00033524482113488963,0.0,0.0,0.0003345,0.9454177379185161,1.0,1532.3013576214198,1000.0,1532.1310915099841,1000.0,0.050014291072872745,0.0
1445,1689012180000.0,0.0,0.0,228600.0,0.00033524482113488963,0.0,0.0,0.0003345,0.9454177379185161,1.0,1532.3013576214198,1000.0,1532.1310915099841,1000.0,0.050014291072872745,0.0
1446,1689015780000.0,0.0,0.0,128700.0,0.00033524482113488963,0.0,0.0,0.0003385,0.9454177379185161,1.0,1532.3700867100445,1000.0,1532.789028229984,1000.0,0.028156389147933295,0.0
1447,1689019380000.0,0.0,0.0,600.0,0.00033524482113488963,0.0,0.0,0.0003425,0.9454177379185161,1.0,1533.1626258926653,1000.0,1533.1669789999844,1000.0,0.00013119736242188818,0.0
1448,1689022980000.0,0.0,0.0,0.0,0.00033524482113488963,0.0,0.0,0.000343,0.9454177379185161,1.0,1533.1663380199839,1000.0,1533.1663380199839,1000.0,0.0,0.0
1449,1689026580000.0,0.0,0.0,228000.0,0.0003363,0.0,0.0,0.0003355,0.9454177379185161,1.0,1533.2172686119836,1000.0,1533.0348686119837,1000.0,0.05001013331229623,0.0
1450,1689030180000.0,0.0,0.0,228000.0,0.0003363,0.0,0.0,0.0003335,0.9454177379185161,1.0,1533.2172686119836,1000.0,1532.5788686119836,1000.0,0.05001013331229623,0.0
1451,1689033780000.0,0.0,0.0,228000.0,0.0003363,0.0,0.0,0.000332,0.9454177379185161,1.0,1533.2172686119836,1000.0,1532.2368686119837,1000.0,0.05001013331229623,0.0
1452,1689037380000.0,0.0,0.0,228000.0,0.0003363,0.0,0.0,0.0003355,0.9454177379185161,1.0,1533.2172686119836,1000.0,1533.0348686119837,1000.0,0.05001013331229623,0.0
1453,1689040980000.0,0.0,0.0,54300.0,0.0003363,0.0,0.0,0.0003385,0.9454177379185161,1.0,1533.3445177579833,1000.0,1533.4639777579832,1000.0,0.01190931965289894,0.0
1454,1689044580000.0,0.0,0.0,54300.0,0.0003363,0.0,0.0,0.0003405,0.9454177379185161,1.0,1533.3445177579833,1000.0,1533.5725777579833,1000.0,0.01190931965289894,0.0
1455,1689048180000.0,0.0,0.0,54300.0,0.0003363,0.0,0.0,0.0003405,0.9454177379185161,1.0,1533.3445177579833,1000.0,1533.5725777579833,1000.0,0.01190931965289894,0.0
1456,1689051780000.0,0.0,0.0,5600.0,0.0003363,0.0,0.0,0.000337,0.9454177379185161,1.0,1533.3801944039835,1000.0,1533.3841144039836,1000.0,0.0012281885515888122,0.0
1457,1689055380000.0,0.0,0.0,171400.0,0.00033560980306345737,0.0,0.0,0.0003375,0.9454177379185161,1.0,1533.40810901706,1000.0,1533.7320887719834,1000.0,0.037513509878299864,0.0
1458,1689058980000.0,0.0,0.0,171400.0,0.00033560980306345737,0.0,0.0,0.0003375,0.9454177379185161,1.0,1533.40810901706,1000.0,1533.7320887719834,1000.0,0.037513509878299864,0.0
1459,1689062580000.0,0.0,0.0,171400.0,0.00033563771567332617,0.0,0.0,0.0003395,0.9454177379185161,1.0,1533.5610708203913,1000.0,1534.223066353983,1000.0,0.03751288785364959,0.0
1460,1689066180000.0,0.0,0.0,185500.0,0.00033567816235833593,0.0,0.0,0.000336,0.9454177379185161,1.0,1533.5852644834542,1000.0,1533.644965365983,1000.0,0.040603089087742815,0.0
1461,1689069780000.0,0.0,0.0,222200.0,0.0003356976192763685,0.0,0.0,0.000336,0.9454177379185161,1.0,1533.680661075192,1000.0,1533.7478500719828,1000.0,0.04863594677585365,0.0
1462,1689073380000.0,0.0,0.0,222200.0,0.0003356976192763685,0.0,0.0,0.000334,0.9454177379185161,1.0,1533.680661075192,1000.0,1533.3034500719828,1000.0,0.04863594677585365,0.0
1463,1689076980000.0,0.0,0.0,70500.0,0.0003356976192763685,0.0,0.0,0.0003365,0.9454177379185161,1.0,1533.7921728209667,1000.0,1533.8487406619827,1000.0,0.015430175338198503,0.0
1464,1689080580000.0,0.0,0.0,54500.0,0.00033493761849469453,0.0,0.0,0.000337,0.9454177379185161,1.0,1533.9030113079436,1000.0,1534.0154110999829,1000.0,0.01190042660676164,0.0
1465,1689084180000.0,0.0,0.0,215600.0,0.00033468028013944524,0.0,0.0,0.0003385,0.9454177379185161,1.0,1533.9042754700472,1000.0,1534.7278070719829,1000.0,0.047041441602314264,0.0
1466,1689087780000.0,0.0,0.0,161700.0,0.00033468028013944524,0.0,0.0,0.0003375,0.9454177379185161,1.0,1533.9394527585312,1000.0,1534.3954014599828,1000.0,0.035280272113235346,0.0
1467,1689091380000.0,0.0,0.0,129000.0,0.00033471550108489,0.0,0.0,0.0003375,0.9454177379185161,1.0,1534.006751285934,1000.0,1534.3659516459832,1000.0,0.028147398701964723,0.0
1468,1689094980000.0,0.0,0.0,40900.0,0.00033482201093894043,0.0,0.0,0.0003365,0.9454177379185161,1.0,1534.154711245386,1000.0,1534.2233409979833,1000.0,0.008926231589958786,0.0
1469,1689098580000.0,0.0,0.0,40900.0,0.00033482201093894043,0.0,0.0,0.0003375,0.9454177379185161,1.0,1534.154711245386,1000.0,1534.2642409979833,1000.0,0.008926231589958786,0.0
1470,1689102180000.0,0.0,0.0,96800.0,0.0003346155766219567,0.0,0.0,0.0003355,0.9454177379185161,1.0,1534.3726688389888,1000.0,1534.4582810219833,1000.0,0.021110117818713817,0.0
1471,1689105780000.0,0.0,0.0,96800.0,0.0003346155766219567,0.0,0.0,0.000337,0.9454177379185161,1.0,1534.3726688389888,1000.0,1534.6034810219835,1000.0,0.021110117818713817,0.0
1472,1689109380000.0,0.0,0.0,13100.0,0.00033460086091007695,0.0,0.0,0.000336,0.9454177379185161,1.0,1534.638777903905,1000.0,1534.657106625983,1000.0,0.0028562234585971583,0.0
1473,1689112980000.0,0.0,0.0,229500.0,0.0003344114652632767,0.0,0.0,0.00033,0.9454177379185161,1.0,1534.6243050719052,1000.0,1533.6118737939832,1000.0,0.05001056677147179,0.0
1474,1689116580000.0,0.0,0.0,229500.0,0.0003344114652632767,0.0,0.0,0.000332,0.9454177379185161,1.0,1534.6243050719052,1000.0,1534.070873793983,1000.0,0.05001056677147179,0.0
1475,1689120180000.0,0.0,0.0,229500.0,0.0003344114652632767,0.0,0.0,0.0003325,0.9454177379185161,1.0,1534.6243050719052,1000.0,1534.185623793983,1000.0,0.05001056677147179,0.0
1476,1689123780000.0,0.0,0.0,41000.0,0.0003344114652632767,0.0,0.0,0.000337,0.9454177379185161,1.0,1534.7603068297776,1000.0,1534.8664367539832,1000.0,0.008933557907889675,0.0
1477,1689127380000.0,0.0,0.0,0.0,0.0003344114652632767,0.0,0.0,0.000357,0.9454177379185161,1.0,1535.0321396539837,1000.0,1535.0321396539837,1000.0,0.0,0.0
1478,1689130980000.0,0.0,0.0,0.0,0.0003344114652632767,0.0,0.0,0.000358,0.9454177379185161,1.0,1535.0321396539837,1000.0,1535.0321396539837,1000.0,0.0,0.0
1479,1689134580000.0,0.0,0.0,0.0,0.0003344114652632767,0.0,0.0,0.000358,0.9454177379185161,1.0,1535.0321396539837,1000.0,1535.0321396539837,1000.0,0.0,0.0
1480,1689138180000.0,0.0,0.0,0.0,0.0003344114652632767,0.0,0.0,0.000355,0.9454177379185161,1.0,1535.0321396539837,1000.0,1535.0321396539837,1000.0,0.0,0.0
1481,1689141780000.0,0.0,0.0,0.0,0.0003344114652632767,0.0,0.0,0.0003545,0.9454177379185161,1.0,1535.0321396539837,1000.0,1535.0321396539837,1000.0,0.0,0.0
1482,1689145380000.0,0.0,0.0,0.0,0.0003344114652632767,0.0,0.0,0.000357,0.9454177379185161,1.0,1535.0321396539837,1000.0,1535.0321396539837,1000.0,0.0,0.0
1483,1689148980000.0,0.0,0.0,0.0,0.0003344114652632767,0.0,0.0,0.0003595,0.9454177379185161,1.0,1535.0321396539837,1000.0,1535.0321396539837,1000.0,0.0,0.0
1484,1689152580000.0,0.0,0.0,0.0,0.0003344114652632767,0.0,0.0,0.0003645,0.9454177379185161,1.0,1535.0321396539837,1000.0,1535.0321396539837,1000.0,0.0,0.0
1485,1689156180000.0,0.0,0.0,0.0,0.0003344114652632767,0.0,0.0,0.000364,0.9454177379185161,1.0,1535.0321396539837,1000.0,1535.0321396539837,1000.0,0.0,0.0
1486,1689159780000.0,0.0,0.0,0.0,0.0003344114652632767,0.0,0.0,0.0003585,0.9454177379185161,1.0,1535.0321396539837,1000.0,1535.0321396539837,1000.0,0.0,0.0
1487,1689163380000.0,0.0,0.0,0.0,0.0003344114652632767,0.0,0.0,0.000357,0.9454177379185161,1.0,1535.0321396539837,1000.0,1535.0321396539837,1000.0,0.0,0.0
1488,1689166980000.0,0.0,0.0,165600.0,0.00034770000000000005,0.0,0.0,0.0003525,0.9454177379185161,1.0,1535.0934395819838,1000.0,1535.8883195819838,1000.0,0.037508544115515983,0.0
1489,1689170580000.0,0.0,0.0,55200.0,0.00034770000000000005,0.0,0.0,0.0003585,0.9454177379185161,1.0,1536.1177959179838,1000.0,1536.7139559179839,1000.0,0.012494510545351924,0.0
1490,1689174180000.0,0.0,0.0,55200.0,0.00034770000000000005,0.0,0.0,0.000356,0.9454177379185161,1.0,1536.1177959179838,1000.0,1536.5759559179837,1000.0,0.012494510545351924,0.0
1491,1689177780000.0,0.0,0.0,93000.0,0.0003487690718806664,0.0,0.0,0.000351,0.9454177379185161,1.0,1536.551098258886,1000.0,1536.758574573984,1000.0,0.021109303635691443,0.0
1492,1689181380000.0,0.0,0.0,7000.0,0.0003487961063729045,0.0,0.0,0.0003595,0.9454177379185161,1.0,1537.0548053545936,1000.0,1537.1297326099832,1000.0,0.0015884747480081353,0.0
1493,1689184980000.0,0.0,0.0,1500.0,0.0003487961063729045,0.0,0.0,0.0003585,0.9454177379185161,1.0,1537.0901859395424,1000.0,1537.104741779983,1000.0,0.00034037961099826785,0.0
1494,1689188580000.0,0.0,0.0,500.0,0.0003487961063729045,0.0,0.0,0.0003535,0.9454177379185161,1.0,1537.0966187731694,1000.0,1537.098970719983,1000.0,0.00011345939549697774,0.0
1495,1689192180000.0,0.0,0.0,676600.0,0.000340800100581121,0.0,0.0,0.000335,0.9454177379185161,1.0,1537.0505365831696,1000.0,1533.126188529983,1000.0,0.15001806548649516,0.0
1496,1689195780000.0,0.0,0.0,676600.0,0.000340800100581121,0.0,0.0,0.000338,0.9454177379185161,1.0,1537.0505365831696,1000.0,1535.155988529983,1000.0,0.15001806548649516,0.0
1497,1689199380000.0,0.0,0.0,676600.0,0.000340800100581121,0.0,0.0,0.0003385,0.9454177379185161,1.0,1537.0505365831696,1000.0,1535.4942885299831,1000.0,0.15001806548649516,0.0
1498,1689202980000.0,0.0,0.0,676600.0,0.000340800100581121,0.0,0.0,0.0003385,0.9454177379185161,1.0,1537.0505365831696,1000.0,1535.4942885299831,1000.0,0.15001806548649516,0.0
1499,1689206580000.0,0.0,0.0,676600.0,0.000340800100581121,0.0,0.0,0.000339,0.9454177379185161,1.0,1537.0505365831696,1000.0,1535.832588529983,1000.0,0.15001806548649516,0.0
1500,1689210180000.0,0.0,0.0,676600.0,0.000340800100581121,0.0,0.0,0.0003385,0.9454177379185161,1.0,1537.0505365831696,1000.0,1535.4942885299831,1000.0,0.15001806548649516,0.0
1501,1689213780000.0,0.0,0.0,676600.0,0.000340800100581121,0.0,0.0,0.0003375,0.9454177379185161,1.0,1537.0505365831696,1000.0,1534.8176885299831,1000.0,0.15001806548649516,0.0
1502,1689217380000.0,0.0,0.0,676600.0,0.000340800100581121,0.0,0.0,0.0003385,0.9454177379185161,1.0,1537.0505365831696,1000.0,1535.4942885299831,1000.0,0.15001806548649516,0.0
1503,1689220980000.0,0.0,0.0,676600.0,0.000340800100581121,0.0,0.0,0.0003365,0.9454177379185161,1.0,1537.0505365831696,1000.0,1534.141088529983,1000.0,0.15001806548649516,0.0
1504,1689224580000.0,0.0,0.0,676600.0,0.000340800100581121,0.0,0.0,0.0003375,0.9454177379185161,1.0,1537.0505365831696,1000.0,1534.8176885299831,1000.0,0.15001806548649516,0.0
1505,1689228180000.0,0.0,0.0,28800.0,0.000340800100581121,0.0,0.0,0.0003435,0.9454177379185161,1.0,1537.5244537307192,1000.0,1537.602210833983,1000.0,0.006383666206362194,0.0
1506,1689231780000.0,0.0,0.0,95600.0,0.00033968587292144064,0.0,0.0,0.000342,0.9454177379185161,1.0,1537.6169751892728,1000.0,1537.8382057379831,1000.0,0.02111967412904787,0.0
1507,1689235380000.0,0.0,0.0,53800.0,0.00033968587292144064,0.0,0.0,0.0003415,0.9454177379185161,1.0,1537.6481591211564,1000.0,1537.7457591579828,1000.0,0.01188509858693464,0.0
1508,1689238980000.0,0.0,0.0,71800.0,0.0003395902647787202,0.0,0.0,0.000341,0.9454177379185161,1.0,1537.7875919430949,1000.0,1537.8888109319828,1000.0,0.01585562345466914,0.0
1509,1689242580000.0,0.0,0.0,208600.0,0.00033946031351484373,0.0,0.0,0.000343,0.9454177379185161,1.0,1537.7926926631792,1000.0,1538.5310712639828,1000.0,0.04604744302469263,0.0
1510,1689246180000.0,0.0,0.0,208600.0,0.00033946031351484373,0.0,0.0,0.000345,0.9454177379185161,1.0,1537.7926926631792,1000.0,1538.9482712639829,1000.0,0.04604744302469263,0.0
1511,1689249780000.0,0.0,0.0,5500.0,0.00033946031351484373,0.0,0.0,0.000345,0.9454177379185161,1.0,1539.0662365923142,1000.0,1539.0967048679827,1000.0,0.0012130938097020976,0.0
1512,1689253380000.0,0.0,0.0,127200.0,0.0003404746978952728,0.0,0.0,0.000342,0.9454177379185161,1.0,1539.1161382782611,1000.0,1539.3101567059825,1000.0,0.028138475385441546,0.0
1513,1689256980000.0,0.0,0.0,127200.0,0.0003404746978952728,0.0,0.0,0.000343,0.9454177379185161,1.0,1539.1161382782611,1000.0,1539.4373567059824,1000.0,0.028138475385441546,0.0
1514,1689260580000.0,0.0,0.0,127200.0,0.0003404746978952728,0.0,0.0,0.0003445,0.9454177379185161,1.0,1539.1161382782611,1000.0,1539.6281567059825,1000.0,0.028138475385441546,0.0
1515,1689264180000.0,0.0,0.0,0.0,0.0003404746978952728,0.0,0.0,0.000366,0.9454177379185161,1.0,1540.6240716499824,1000.0,1540.6240716499824,1000.0,0.0,0.0
1516,1689267780000.0,0.0,0.0,0.0,0.0003404746978952728,0.0,0.0,0.0003735,0.9454177379185161,1.0,1540.6240716499824,1000.0,1540.6240716499824,1000.0,0.0,0.0
1517,1689271380000.0,0.0,0.0,0.0,0.0003404746978952728,0.0,0.0,0.0003775,0.9454177379185161,1.0,1540.6240716499824,1000.0,1540.6240716499824,1000.0,0.0,0.0
1518,1689274980000.0,0.0,0.0,0.0,0.0003404746978952728,0.0,0.0,0.0003545,0.9454177379185161,1.0,1540.6240716499824,1000.0,1540.6240716499824,1000.0,0.0,0.0
1519,1689278580000.0,0.0,0.0,0.0,0.0003404746978952728,0.0,0.0,0.000357,0.9454177379185161,1.0,1540.6240716499824,1000.0,1540.6240716499824,1000.0,0.0,0.0
1520,1689282180000.0,0.0,0.0,220700.0,0.000349,0.0,0.0,0.00035,0.9454177379185161,1.0,1540.6086667899824,1000.0,1540.8293667899825,1000.0,0.049996018885501994,0.0
1521,1689285780000.0,0.0,0.0,55200.0,0.00034881031897768006,0.0,0.0,0.000356,0.9454177379185161,1.0,1541.1912609515505,1000.0,1541.5881313439825,1000.0,0.012493147408375569,0.0
1522,1689289380000.0,0.0,0.0,16400.0,0.00034881031897768006,0.0,0.0,0.000354,0.9454177379185161,1.0,1541.4403034472164,1000.0,1541.5254142159824,1000.0,0.0037111325157652073,0.0
1523,1689292980000.0,0.0,0.0,5000.0,0.00034881031897768006,0.0,0.0,0.000356,0.9454177379185161,1.0,1541.5134757268709,1000.0,1541.5494241319825,1000.0,0.0011313891330505732,0.0
1524,1689296580000.0,0.0,0.0,400.0,0.00034881031897768006,0.0,0.0,0.0003595,0.9454177379185161,1.0,1541.5452809275732,1000.0,1541.5495567999822,1000.0,9.050926321613988e-05,0.0
1525,1689300180000.0,0.0,0.0,0.0,0.00034881031897768006,0.0,0.0,0.0003655,0.9454177379185161,1.0,1541.5495580339818,1000.0,1541.5495580339818,1000.0,0.0,0.0
1526,1689303780000.0,0.0,0.0,0.0,0.00034881031897768006,0.0,0.0,0.000364,0.9454177379185161,1.0,1541.5495580339818,1000.0,1541.5495580339818,1000.0,0.0,0.0
1527,1689307380000.0,0.0,0.0,0.0,0.00034881031897768006,0.0,0.0,0.0003625,0.9454177379185161,1.0,1541.5495580339818,1000.0,1541.5495580339818,1000.0,0.0,0.0
1528,1689310980000.0,0.0,0.0,0.0,0.00034881031897768006,0.0,0.0,0.0003605,0.9454177379185161,1.0,1541.5495580339818,1000.0,1541.5495580339818,1000.0,0.0,0.0
1529,1689314580000.0,0.0,0.0,0.0,0.00034881031897768006,0.0,0.0,0.0003605,0.9454177379185161,1.0,1541.5495580339818,1000.0,1541.5495580339818,1000.0,0.0,0.0
1530,1689318180000.0,0.0,0.0,0.0,0.00034881031897768006,0.0,0.0,0.000362,0.9454177379185161,1.0,1541.5495580339818,1000.0,1541.5495580339818,1000.0,0.0,0.0
1531,1689321780000.0,0.0,0.0,0.0,0.00034881031897768006,0.0,0.0,0.000358,0.9454177379185161,1.0,1541.5495580339818,1000.0,1541.5495580339818,1000.0,0.0,0.0
1532,1689325380000.0,0.0,0.0,0.0,0.00034881031897768006,0.0,0.0,0.0003595,0.9454177379185161,1.0,1541.5495580339818,1000.0,1541.5495580339818,1000.0,0.0,0.0
1533,1689328980000.0,0.0,0.0,0.0,0.00034881031897768006,0.0,0.0,0.000358,0.9454177379185161,1.0,1541.5495580339818,1000.0,1541.5495580339818,1000.0,0.0,0.0
1534,1689332580000.0,0.0,0.0,0.0,0.00034881031897768006,0.0,0.0,0.0003585,0.9454177379185161,1.0,1541.5495580339818,1000.0,1541.5495580339818,1000.0,0.0,0.0
1535,1689336180000.0,0.0,0.0,0.0,0.00034881031897768006,0.0,0.0,0.000363,0.9454177379185161,1.0,1541.5495580339818,1000.0,1541.5495580339818,1000.0,0.0,0.0
1536,1689339780000.0,0.0,0.0,216900.0,0.0003553,0.0,0.0,0.0003495,0.9454177379185161,1.0,1541.5341451199818,1000.0,1540.2761251199818,1000.0,0.049992126508493176,0.0
1537,1689343380000.0,0.0,0.0,218700.0,0.00035114029285123784,0.0,0.0,0.0003535,0.9454177379185161,1.0,1541.7606692745476,1000.0,1542.2767372279818,1000.0,0.04980953501862268,0.0
1538,1689346980000.0,0.0,0.0,122600.0,0.0003533365959752621,0.0,0.0,0.000355,0.9454177379185161,1.0,1542.100322438549,1000.0,1542.3042557719818,1000.0,0.028090952343532337,0.0
1539,1689350580000.0,0.0,0.0,34500.0,0.00035380085784267985,0.0,0.0,0.000359,0.9454177379185161,1.0,1542.3266663635545,1000.0,1542.506036767982,1000.0,0.00791410137798606,0.0
1540,1689354180000.0,0.0,0.0,217600.0,0.0003544965335778728,0.0,0.0,0.0003545,0.9454177379185161,1.0,1542.7567349785284,1000.0,1542.7574892719833,1000.0,0.05000039472044094,0.0
1541,1689357780000.0,0.0,0.0,344300.0,0.00033673550087269955,0.0,0.0,0.000338,0.9454177379185161,1.0,1543.3095434364534,1000.0,1543.744910485983,1000.0,0.07512299359745667,0.0
1542,1689361380000.0,0.0,0.0,589100.0,0.0003246302548709945,0.0,0.0,0.0003205,0.9454177379185161,1.0,1543.641633678486,1000.0,1541.2085005339832,1000.0,0.12388865328073602,0.0
1543,1689364980000.0,0.0,0.0,441900.0,0.0003246302548709945,0.0,0.0,0.000323,0.9454177379185161,1.0,1543.7453603854756,1000.0,1543.024950757983,1000.0,0.09292601831151205,0.0
1544,1689368580000.0,0.0,0.0,237200.0,0.00032481579072060526,0.0,0.0,0.0003235,0.9454177379185161,1.0,1543.9219673329108,1000.0,1543.609861773983,1000.0,0.049902979029453974,0.0
1545,1689372180000.0,0.0,0.0,236500.0,0.00032563228973415324,0.0,0.0,0.0003255,0.9454177379185161,1.0,1544.0476779261105,1000.0,1544.0163914039833,1000.0,0.049876721828671804,0.0
1546,1689375780000.0,0.0,0.0,234000.0,0.000329037346201133,0.0,0.0,0.000332,0.9454177379185161,1.0,1544.3711242390484,1000.0,1545.0643852279834,1000.0,0.04985507550783975,0.0
1547,1689379380000.0,0.0,0.0,232300.0,0.0003319810063601117,0.0,0.0,0.000331,0.9454177379185161,1.0,1544.826036689437,1000.0,1544.598148911983,1000.0,0.04992095287487542,0.0
1548,1689382980000.0,0.0,0.0,232300.0,0.0003319810063601117,0.0,0.0,0.0003315,0.9454177379185161,1.0,1544.826036689437,1000.0,1544.714298911983,1000.0,0.04992095287487542,0.0
1549,1689386580000.0,0.0,0.0,232300.0,0.0003319810063601117,0.0,0.0,0.0003315,0.9454177379185161,1.0,1544.826036689437,1000.0,1544.714298911983,1000.0,0.04992095287487542,0.0
1550,1689390180000.0,0.0,0.0,232300.0,0.0003319810063601117,0.0,0.0,0.000331,0.9454177379185161,1.0,1544.826036689437,1000.0,1544.598148911983,1000.0,0.04992095287487542,0.0
1551,1689393780000.0,0.0,0.0,130500.0,0.00033252562087206553,0.0,0.0,0.0003335,0.9454177379185161,1.0,1544.9960565357874,1000.0,1545.123213011983,1000.0,0.028087187239237713,0.0
1552,1689397380000.0,0.0,0.0,130500.0,0.00033252562087206553,0.0,0.0,0.0003345,0.9454177379185161,1.0,1544.9960565357874,1000.0,1545.2537130119829,1000.0,0.028087187239237713,0.0
1553,1689400980000.0,0.0,0.0,130500.0,0.00033252562087206553,0.0,0.0,0.000337,0.9454177379185161,1.0,1544.9960565357874,1000.0,1545.5799630119827,1000.0,0.028087187239237713,0.0
1554,1689404580000.0,0.0,0.0,130500.0,0.00033252562087206553,0.0,0.0,0.000335,0.9454177379185161,1.0,1544.9960565357874,1000.0,1545.3189630119828,1000.0,0.028087187239237713,0.0
1555,1689408180000.0,0.0,0.0,38700.0,0.00033252562087206553,0.0,0.0,0.000338,0.9454177379185161,1.0,1545.5566460077318,1000.0,1545.768504479983,1000.0,0.008326282676852828,0.0
1556,1689411780000.0,0.0,0.0,17200.0,0.00033252562087206553,0.0,0.0,0.0003375,0.9454177379185161,1.0,1545.6879387489823,1000.0,1545.773498069983,1000.0,0.0037002557473720167,0.0
1557,1689415380000.0,0.0,0.0,17200.0,0.00033252562087206553,0.0,0.0,0.0003365,0.9454177379185161,1.0,1545.6879387489823,1000.0,1545.756298069983,1000.0,0.0037002557473720167,0.0
1558,1689418980000.0,0.0,0.0,1600.0,0.00033252562087206553,0.0,0.0,0.0003375,0.9454177379185161,1.0,1545.7832023193778,1000.0,1545.7911613259826,1000.0,0.000344188623991386,0.0
1559,1689422580000.0,0.0,0.0,1100.0,0.00033252562087206553,0.0,0.0,0.0003385,0.9454177379185161,1.0,1545.7862556389418,1000.0,1545.7928274559827,1000.0,0.0002366292115904988,0.0
1560,1689426180000.0,0.0,0.0,600.0,0.00033252562087206553,0.0,0.0,0.0003355,0.9454177379185161,1.0,1545.789308958506,1000.0,1545.7910935859827,1000.0,0.0001290702241029634,0.0
1561,1689429780000.0,0.0,0.0,230900.0,0.0003347940899632882,0.0,0.0,0.0003345,0.9454177379185161,1.0,1545.7738880705058,1000.0,1545.7059826979826,1000.0,0.05000987270461465,0.0
1562,1689433380000.0,0.0,0.0,230900.0,0.0003347940899632882,0.0,0.0,0.0003305,0.9454177379185161,1.0,1545.7738880705058,1000.0,1544.7823826979825,1000.0,0.05000987270461465,0.0
1563,1689436980000.0,0.0,0.0,231700.0,0.0003344926041503734,0.0,0.0,0.0003335,0.9454177379185161,1.0,1545.8126131356241,1000.0,1545.5826267539826,1000.0,0.05013669556262171,0.0
1564,1689440580000.0,0.0,0.0,231700.0,0.0003344926041503734,0.0,0.0,0.000331,0.9454177379185161,1.0,1545.8126131356241,1000.0,1545.0033767539826,1000.0,0.05013669556262171,0.0
1565,1689444180000.0,0.0,0.0,231700.0,0.0003344926041503734,0.0,0.0,0.000331,0.9454177379185161,1.0,1545.8126131356241,1000.0,1545.0033767539826,1000.0,0.05013669556262171,0.0
1566,1689447780000.0,0.0,0.0,231700.0,0.0003344926041503734,0.0,0.0,0.000333,0.9454177379185161,1.0,1545.8126131356241,1000.0,1545.4667767539827,1000.0,0.05013669556262171,0.0
1567,1689451380000.0,0.0,0.0,231700.0,0.0003344926041503734,0.0,0.0,0.000332,0.9454177379185161,1.0,1545.8126131356241,1000.0,1545.2350767539826,1000.0,0.05013669556262171,0.0
1568,1689454980000.0,0.0,0.0,231700.0,0.0003344926041503734,0.0,0.0,0.000332,0.9454177379185161,1.0,1545.8126131356241,1000.0,1545.2350767539826,1000.0,0.05013669556262171,0.0
1569,1689458580000.0,0.0,0.0,231700.0,0.0003344926041503734,0.0,0.0,0.0003305,0.9454177379185161,1.0,1545.8126131356241,1000.0,1544.8875267539827,1000.0,0.05013669556262171,0.0
1570,1689462180000.0,0.0,0.0,231700.0,0.0003344926041503734,0.0,0.0,0.00033,0.9454177379185161,1.0,1545.8126131356241,1000.0,1544.7716767539825,1000.0,0.05013669556262171,0.0
1571,1689465780000.0,0.0,0.0,231700.0,0.0003344926041503734,0.0,0.0,0.0003315,0.9454177379185161,1.0,1545.8126131356241,1000.0,1545.1192267539827,1000.0,0.05013669556262171,0.0
1572,1689469380000.0,0.0,0.0,231700.0,0.0003344926041503734,0.0,0.0,0.000333,0.9454177379185161,1.0,1545.8126131356241,1000.0,1545.4667767539827,1000.0,0.05013669556262171,0.0
1573,1689472980000.0,0.0,0.0,231700.0,0.0003344926041503734,0.0,0.0,0.0003335,0.9454177379185161,1.0,1545.8126131356241,1000.0,1545.5826267539826,1000.0,0.05013669556262171,0.0
1574,1689476580000.0,0.0,0.0,231700.0,0.0003344926041503734,0.0,0.0,0.000332,0.9454177379185161,1.0,1545.8126131356241,1000.0,1545.2350767539826,1000.0,0.05013669556262171,0.0
1575,1689480180000.0,0.0,0.0,231700.0,0.0003344926041503734,0.0,0.0,0.0003325,0.9454177379185161,1.0,1545.8126131356241,1000.0,1545.3509267539825,1000.0,0.05013669556262171,0.0
1576,1689483780000.0,0.0,0.0,231700.0,0.0003344926041503734,0.0,0.0,0.0003325,0.9454177379185161,1.0,1545.8126131356241,1000.0,1545.3509267539825,1000.0,0.05013669556262171,0.0
1577,1689487380000.0,0.0,0.0,231700.0,0.0003344926041503734,0.0,0.0,0.000333,0.9454177379185161,1.0,1545.8126131356241,1000.0,1545.4667767539827,1000.0,0.05013669556262171,0.0
1578,1689490980000.0,0.0,0.0,173800.0,0.0003344926041503734,0.0,0.0,0.0003355,0.9454177379185161,1.0,1545.8554785813176,1000.0,1546.0305639799826,1000.0,0.037606888487846955,0.0
1579,1689494580000.0,0.0,0.0,97800.0,0.0003344926041503734,0.0,0.0,0.0003325,0.9454177379185161,1.0,1545.9117441058893,1000.0,1545.7168674199827,1000.0,0.021161218815131642,0.0
1580,1689498180000.0,0.0,0.0,97800.0,0.0003344926041503734,0.0,0.0,0.0003335,0.9454177379185161,1.0,1545.9117441058893,1000.0,1545.8146674199827,1000.0,0.021161218815131642,0.0
1581,1689501780000.0,0.0,0.0,73400.0,0.0003344926041503734,0.0,0.0,0.000334,0.9454177379185161,1.0,1545.9298083006204,1000.0,1545.893651155983,1000.0,0.015881547152277364,0.0
1582,1689505380000.0,0.0,0.0,17600.0,0.0003344926041503734,0.0,0.0,0.0003355,0.9454177379185161,1.0,1545.9711190410294,1000.0,1545.9888492079829,1000.0,0.0038080076403357,0.0
1583,1689508980000.0,0.0,0.0,900.0,0.0003344926041503734,0.0,0.0,0.000336,0.9454177379185161,1.0,1545.983482649718,1000.0,1545.9848393059829,1000.0,0.00019472610614142317,0.0
1584,1689512580000.0,0.0,0.0,600.0,0.0003344926041503734,0.0,0.0,0.000334,0.9454177379185161,1.0,1545.983704750473,1000.0,1545.9834091879827,1000.0,0.00012981738544431617,0.0
1585,1689516180000.0,0.0,0.0,400.0,0.0003344926041503734,0.0,0.0,0.000335,0.9454177379185161,1.0,1545.9838528176429,1000.0,1545.9840557759826,1000.0,8.654491534067235e-05,0.0
1586,1689519780000.0,0.0,0.0,0.0,0.0003344926041503734,0.0,0.0,0.000339,0.9454177379185161,1.0,1545.9846888439827,1000.0,1545.9846888439827,1000.0,0.0,0.0
1587,1689523380000.0,0.0,0.0,0.0,0.0003344926041503734,0.0,0.0,0.0003415,0.9454177379185161,1.0,1545.9846888439827,1000.0,1545.9846888439827,1000.0,0.0,0.0
1588,1689526980000.0,0.0,0.0,0.0,0.0003344926041503734,0.0,0.0,0.0003425,0.9454177379185161,1.0,1545.9846888439827,1000.0,1545.9846888439827,1000.0,0.0,0.0
1589,1689530580000.0,0.0,0.0,0.0,0.0003344926041503734,0.0,0.0,0.0003405,0.9454177379185161,1.0,1545.9846888439827,1000.0,1545.9846888439827,1000.0,0.0,0.0
1590,1689534180000.0,0.0,0.0,173600.0,0.0003341,0.0,0.0,0.0003355,0.9454177379185161,1.0,1546.0115952519825,1000.0,1546.2546352519826,1000.0,0.037515734149811915,0.0
1591,1689537780000.0,0.0,0.0,97800.0,0.00033404220302375807,0.0,0.0,0.0003355,0.9454177379185161,1.0,1546.1891648937062,1000.0,1546.3317374379826,1000.0,0.021128933119880847,0.0
1592,1689541380000.0,0.0,0.0,97800.0,0.00033404220302375807,0.0,0.0,0.0003375,0.9454177379185161,1.0,1546.1891648937062,1000.0,1546.5273374379826,1000.0,0.021128933119880847,0.0
1593,1689544980000.0,0.0,0.0,65200.0,0.00033404220302375807,0.0,0.0,0.00034,0.9454177379185161,1.0,1546.3909503191317,1000.0,1546.7793986819827,1000.0,0.014084117365440052,0.0
1594,1689548580000.0,0.0,0.0,19400.0,0.00033404220302375807,0.0,0.0,0.00034,0.9454177379185161,1.0,1546.6744402726438,1000.0,1546.7900215339828,1000.0,0.004189904849994518,0.0
1595,1689552180000.0,0.0,0.0,173200.0,0.00033487845291267995,0.0,0.0,0.000338,0.9454177379185161,1.0,1546.7813039404593,1000.0,1547.3219558959831,1000.0,0.03749783366059409,0.0
1596,1689555780000.0,0.0,0.0,77000.0,0.00033487845291267995,0.0,0.0,0.0003375,0.9454177379185161,1.0,1547.3732540062597,1000.0,1547.5751131319832,1000.0,0.016664137632930835,0.0
1597,1689559380000.0,0.0,0.0,34300.0,0.00033487845291267995,0.0,0.0,0.0003395,0.9454177379185161,1.0,1547.6360010728883,1000.0,1547.7945201379835,1000.0,0.007421855608774996,0.0
1598,1689562980000.0,0.0,0.0,34300.0,0.00033487845291267995,0.0,0.0,0.0003395,0.9454177379185161,1.0,1547.6360010728883,1000.0,1547.7945201379835,1000.0,0.007421855608774996,0.0
1599,1689566580000.0,0.0,0.0,6800.0,0.00033487845291267995,0.0,0.0,0.0003415,0.9454177379185161,1.0,1547.8052175677897,1000.0,1547.8502440879834,1000.0,0.001471227421874542,0.0
1600,1689570180000.0,0.0,0.0,1600.0,0.00033487845291267995,0.0,0.0,0.000347,0.9454177379185161,1.0,1547.8454632186438,1000.0,1547.8648576939836,1000.0,0.0003461621572647926,0.0
1601,1689573780000.0,0.0,0.0,400.0,0.00033487845291267995,0.0,0.0,0.0003425,0.9454177379185161,1.0,1547.8594458911487,1000.0,1547.8624945099837,1000.0,8.653975754752862e-05,0.0
1602,1689577380000.0,0.0,0.0,300.0,0.00033487845291267995,0.0,0.0,0.000342,0.9454177379185161,1.0,1547.8600612238574,1000.0,1547.8621976879836,1000.0,6.490479235853516e-05,0.0
1603,1689580980000.0,0.0,0.0,0.0,0.00033487845291267995,0.0,0.0,0.0003405,0.9454177379185161,1.0,1547.8619072219838,1000.0,1547.8619072219838,1000.0,0.0,0.0
1604,1689584580000.0,0.0,0.0,229400.0,0.0003374,0.0,0.0,0.000336,0.9454177379185161,1.0,1547.8464273099837,1000.0,1547.5252673099837,1000.0,0.050004676584429246,0.0
1605,1689588180000.0,0.0,0.0,706000.0,0.0003288398300283286,0.0,0.0,0.0003235,0.9454177379185161,1.0,1547.8154750379836,1000.0,1544.0455550379836,1000.0,0.1499926339696938,0.0
1606,1689591780000.0,0.0,0.0,706000.0,0.0003288398300283286,0.0,0.0,0.0003295,0.9454177379185161,1.0,1547.8154750379836,1000.0,1548.2815550379835,1000.0,0.1499926339696938,0.0
1607,1689595380000.0,0.0,0.0,397200.0,0.0003288398300283286,0.0,0.0,0.0003235,0.9454177379185161,1.0,1548.0298594292358,1000.0,1545.9088789419836,1000.0,0.0843751040664102,0.0
1608,1689598980000.0,0.0,0.0,397200.0,0.0003288398300283286,0.0,0.0,0.000326,0.9454177379185161,1.0,1548.0298594292358,1000.0,1546.9018789419836,1000.0,0.0843751040664102,0.0
1609,1689602580000.0,0.0,0.0,297900.0,0.0003288398300283286,0.0,0.0,0.000328,0.9454177379185161,1.0,1548.0987984514227,1000.0,1547.8486130859835,1000.0,0.06327851004304813,0.0
1610,1689606180000.0,0.0,0.0,234600.0,0.0003291706713373858,0.0,0.0,0.0003295,0.9454177379185161,1.0,1548.1847743977346,1000.0,1548.262034901984,1000.0,0.04987998898632219,0.0
1611,1689609780000.0,0.0,0.0,235300.0,0.00032912765896889033,0.0,0.0,0.0003255,0.9454177379185161,1.0,1548.2197446893636,1000.0,1547.3661565339837,1000.0,0.05002115392277101,0.0
1612,1689613380000.0,0.0,0.0,235300.0,0.00032912765896889033,0.0,0.0,0.0003245,0.9454177379185161,1.0,1548.2197446893636,1000.0,1547.1308565339837,1000.0,0.05002115392277101,0.0
1613,1689616980000.0,0.0,0.0,477300.0,0.000324449063807626,0.0,0.0,0.000316,0.9454177379185161,1.0,1548.2042615293635,1000.0,1544.1715233739835,1000.0,0.10002526281797267,0.0
1614,1689620580000.0,0.0,0.0,477300.0,0.000324449063807626,0.0,0.0,0.0003185,0.9454177379185161,1.0,1548.2042615293635,1000.0,1545.3647733739836,1000.0,0.10002526281797267,0.0
1615,1689624180000.0,0.0,0.0,477300.0,0.000324449063807626,0.0,0.0,0.0003195,0.9454177379185161,1.0,1548.2042615293635,1000.0,1545.8420733739836,1000.0,0.10002526281797267,0.0
1616,1689627780000.0,0.0,0.0,477300.0,0.000324449063807626,0.0,0.0,0.000319,0.9454177379185161,1.0,1548.2042615293635,1000.0,1545.6034233739836,1000.0,0.10002526281797267,0.0
1617,1689631380000.0,0.0,0.0,477300.0,0.000324449063807626,0.0,0.0,0.000324,0.9454177379185161,1.0,1548.2042615293635,1000.0,1547.9899233739836,1000.0,0.10002526281797267,0.0
1618,1689634980000.0,0.0,0.0,477300.0,0.000324449063807626,0.0,0.0,0.000324,0.9454177379185161,1.0,1548.2042615293635,1000.0,1547.9899233739836,1000.0,0.10002526281797267,0.0
1619,1689638580000.0,0.0,0.0,477300.0,0.000324449063807626,0.0,0.0,0.0003215,0.9454177379185161,1.0,1548.2042615293635,1000.0,1546.7966733739836,1000.0,0.10002526281797267,0.0
1620,1689642180000.0,0.0,0.0,477300.0,0.000324449063807626,0.0,0.0,0.0003225,0.9454177379185161,1.0,1548.2042615293635,1000.0,1547.2739733739836,1000.0,0.10002526281797267,0.0
1621,1689645780000.0,0.0,0.0,477300.0,0.000324449063807626,0.0,0.0,0.0003215,0.9454177379185161,1.0,1548.2042615293635,1000.0,1546.7966733739836,1000.0,0.10002526281797267,0.0
1622,1689649380000.0,0.0,0.0,477300.0,0.000324449063807626,0.0,0.0,0.00032,0.9454177379185161,1.0,1548.2042615293635,1000.0,1546.0807233739836,1000.0,0.10002526281797267,0.0
1623,1689652980000.0,0.0,0.0,477300.0,0.000324449063807626,0.0,0.0,0.0003205,0.9454177379185161,1.0,1548.2042615293635,1000.0,1546.3193733739836,1000.0,0.10002526281797267,0.0
1624,1689656580000.0,0.0,0.0,477300.0,0.000324449063807626,0.0,0.0,0.000323,0.9454177379185161,1.0,1548.2042615293635,1000.0,1547.5126233739836,1000.0,0.10002526281797267,0.0
1625,1689660180000.0,0.0,0.0,477300.0,0.000324449063807626,0.0,0.0,0.0003225,0.9454177379185161,1.0,1548.2042615293635,1000.0,1547.2739733739836,1000.0,0.10002526281797267,0.0
1626,1689663780000.0,0.0,0.0,724100.0,0.0003207853862109928,0.0,0.0,0.000314,0.9454177379185161,1.0,1548.1887772973635,1000.0,1543.2754791419836,1000.0,0.15003383409151613,0.0
1627,1689667380000.0,0.0,0.0,1031800.0,0.00031715150044134516,0.0,0.0,0.00031,0.9454177379185161,1.0,1548.1697860533634,1000.0,1540.7908678979834,1000.0,0.21137017470776331,0.0
1628,1689670980000.0,0.0,0.0,1031800.0,0.00031715150044134516,0.0,0.0,0.000311,0.9454177379185161,1.0,1548.1697860533634,1000.0,1541.8226678979836,1000.0,0.21137017470776331,0.0
1629,1689674580000.0,0.0,0.0,1031800.0,0.00031715150044134516,0.0,0.0,0.0003115,0.9454177379185161,1.0,1548.1697860533634,1000.0,1542.3385678979835,1000.0,0.21137017470776331,0.0
1630,1689678180000.0,0.0,0.0,1031800.0,0.00031715150044134516,0.0,0.0,0.000313,0.9454177379185161,1.0,1548.1697860533634,1000.0,1543.8862678979835,1000.0,0.21137017470776331,0.0
1631,1689681780000.0,0.0,0.0,1470300.0,0.00031299062650845397,0.0,0.0,0.0003045,0.9454177379185161,1.0,1548.1431954133634,1000.0,1535.6594272579835,1000.0,0.29725294114831957,0.0
1632,1689685380000.0,0.0,0.0,1470300.0,0.00031299062650845397,0.0,0.0,0.0003085,0.9454177379185161,1.0,1548.1431954133634,1000.0,1541.5406272579835,1000.0,0.29725294114831957,0.0
1633,1689688980000.0,0.0,0.0,1470300.0,0.00031299062650845397,0.0,0.0,0.00031,0.9454177379185161,1.0,1548.1431954133634,1000.0,1543.7460772579834,1000.0,0.29725294114831957,0.0
1634,1689692580000.0,0.0,0.0,1470300.0,0.00031299062650845397,0.0,0.0,0.0003095,0.9454177379185161,1.0,1548.1431954133634,1000.0,1543.0109272579834,1000.0,0.29725294114831957,0.0
1635,1689696180000.0,0.0,0.0,1470300.0,0.00031299062650845397,0.0,0.0,0.00031,0.9454177379185161,1.0,1548.1431954133634,1000.0,1543.7460772579834,1000.0,0.29725294114831957,0.0
1636,1689699780000.0,0.0,0.0,465300.0,0.00031299062650845397,0.0,0.0,0.0003105,0.9454177379185161,1.0,1548.7930620723673,1000.0,1547.6341735579838,1000.0,0.09403098585650745,0.0
1637,1689703380000.0,0.0,0.0,465300.0,0.00031299062650845397,0.0,0.0,0.00031,0.9454177379185161,1.0,1548.7930620723673,1000.0,1547.4015235579836,1000.0,0.09403098585650745,0.0
1638,1689706980000.0,0.0,0.0,349000.0,0.00031299062650845397,0.0,0.0,0.000313,0.9454177379185161,1.0,1548.868265547434,1000.0,1548.8715368959836,1000.0,0.07052486714410326,0.0
1639,1689710580000.0,0.0,0.0,249200.0,0.00031177136528565076,0.0,0.0,0.0003115,0.9454177379185161,1.0,1549.0138660431678,1000.0,1548.9462418139835,1000.0,0.05015670029322967,0.0
1640,1689714180000.0,0.0,0.0,59200.0,0.00031177136528565076,0.0,0.0,0.000313,0.9454177379185161,1.0,1549.140431638894,1000.0,1549.2131668139834,1000.0,0.011914261901604566,0.0
1641,1689717780000.0,0.0,0.0,249400.0,0.00031070092014381207,0.0,0.0,0.0003105,0.9454177379185161,1.0,1549.2521027998505,1000.0,1549.2019933159838,1000.0,0.0500169141896447,0.0
1642,1689721380000.0,0.0,0.0,152100.0,0.00031062398725403096,0.0,0.0,0.000313,0.9454177379185161,1.0,1549.4800864113215,1000.0,1549.8414779499833,1000.0,0.03049145895818652,0.0
1643,1689724980000.0,0.0,0.0,115900.0,0.00031060454549894985,0.0,0.0,0.000312,0.9454177379185161,1.0,1550.078791549312,1000.0,1550.2405247259837,1000.0,0.023224023849359957,0.0
1644,1689728580000.0,0.0,0.0,69900.0,0.00031060211151634585,0.0,0.0,0.0003155,0.9454177379185161,1.0,1550.1846511929762,1000.0,1550.5270135979836,1000.0,0.014005484816460002,0.0
1645,1689732180000.0,0.0,0.0,46600.0,0.00031060211151634585,0.0,0.0,0.0003155,0.9454177379185161,1.0,1550.3182675706453,1000.0,1550.5465091739836,1000.0,0.009336185155930996,0.0
1646,1689735780000.0,0.0,0.0,46600.0,0.00031060211151634585,0.0,0.0,0.0003145,0.9454177379185161,1.0,1550.3182675706453,1000.0,1550.4999091739835,1000.0,0.009336185155930996,0.0
1647,1689739380000.0,0.0,0.0,20800.0,0.00031060211151634585,0.0,0.0,0.0003145,0.9454177379185161,1.0,1550.4662204695235,1000.0,1550.5472965499835,1000.0,0.004166826619146575,0.0
1648,1689742980000.0,0.0,0.0,20800.0,0.00031060211151634585,0.0,0.0,0.000314,0.9454177379185161,1.0,1550.4662204695235,1000.0,1550.5368965499836,1000.0,0.004166826619146575,0.0
1649,1689746580000.0,0.0,0.0,9300.0,0.00031060211151634585,0.0,0.0,0.000315,0.9454177379185161,1.0,1550.5321684670855,1000.0,1550.5730688299834,1000.0,0.001862973046188261,0.0
1650,1689750180000.0,0.0,0.0,9300.0,0.00031060211151634585,0.0,0.0,0.0003135,0.9454177379185161,1.0,1550.5321684670855,1000.0,1550.5591188299834,1000.0,0.001862973046188261,0.0
1651,1689753780000.0,0.0,0.0,248800.0,0.0003116442087970507,0.0,0.0,0.0003095,0.9454177379185161,1.0,1550.55550747069,1000.0,1550.0220283219837,1000.0,0.05000600028514096,0.0
1652,1689757380000.0,0.0,0.0,248800.0,0.0003116442087970507,0.0,0.0,0.000305,0.9454177379185161,1.0,1550.55550747069,1000.0,1548.9024283219837,1000.0,0.05000600028514096,0.0
1653,1689760980000.0,0.0,0.0,250000.0,0.0003107462773206209,0.0,0.0,0.0003075,0.9454177379185161,1.0,1551.1883487761388,1000.0,1550.3767794459836,1000.0,0.05008197063332032,0.0
1654,1689764580000.0,0.0,0.0,250000.0,0.0003107462773206209,0.0,0.0,0.0003075,0.9454177379185161,1.0,1551.1883487761388,1000.0,1550.3767794459836,1000.0,0.05008197063332032,0.0
1655,1689768180000.0,0.0,0.0,250000.0,0.0003107462773206209,0.0,0.0,0.0003075,0.9454177379185161,1.0,1551.1883487761388,1000.0,1550.3767794459836,1000.0,0.05008197063332032,0.0
1656,1689771780000.0,0.0,0.0,250000.0,0.0003107462773206209,0.0,0.0,0.0003075,0.9454177379185161,1.0,1551.1883487761388,1000.0,1550.3767794459836,1000.0,0.05008197063332032,0.0
1657,1689775380000.0,0.0,0.0,187500.0,0.0003107462773206209,0.0,0.0,0.0003095,0.9454177379185161,1.0,1551.2315626936,1000.0,1550.9978856959835,1000.0,0.03756043159439306,0.0
1658,1689778980000.0,0.0,0.0,251800.0,0.0003100449841049103,0.0,0.0,0.000307,0.9454177379185161,1.0,1551.2276018136,1000.0,1550.4608748159835,1000.0,0.05032744834242413,0.0
1659,1689782580000.0,0.0,0.0,251800.0,0.0003100449841049103,0.0,0.0,0.0003095,0.9454177379185161,1.0,1551.2276018136,1000.0,1551.0903748159835,1000.0,0.05032744834242413,0.0
1660,1689786180000.0,0.0,0.0,251800.0,0.0003100449841049103,0.0,0.0,0.0003065,0.9454177379185161,1.0,1551.2276018136,1000.0,1550.3349748159835,1000.0,0.05032744834242413,0.0
1661,1689789780000.0,0.0,0.0,251800.0,0.0003100449841049103,0.0,0.0,0.0003075,0.9454177379185161,1.0,1551.2276018136,1000.0,1550.5867748159835,1000.0,0.05032744834242413,0.0
1662,1689793380000.0,0.0,0.0,188900.0,0.0003100449841049103,0.0,0.0,0.0003085,0.9454177379185161,1.0,1551.271182449401,1000.0,1550.9793349519834,1000.0,0.037754519106673275,0.0
1663,1689796980000.0,0.0,0.0,141700.0,0.0003100449841049103,0.0,0.0,0.0003095,0.9454177379185161,1.0,1551.3038852476493,1000.0,1551.2266609999836,1000.0,0.02832028892949771,0.0
1664,1689800580000.0,0.0,0.0,252600.0,0.00030875203581815435,0.0,0.0,0.000306,0.9454177379185161,1.0,1551.2970737696494,1000.0,1550.6019095219835,1000.0,0.05027455125545255,0.0
1665,1689804180000.0,0.0,0.0,252600.0,0.00030875203581815435,0.0,0.0,0.0003065,0.9454177379185161,1.0,1551.2970737696494,1000.0,1550.7282095219837,1000.0,0.05027455125545255,0.0
1666,1689807780000.0,0.0,0.0,252600.0,0.00030875203581815435,0.0,0.0,0.000306,0.9454177379185161,1.0,1551.2970737696494,1000.0,1550.6019095219835,1000.0,0.05027455125545255,0.0
1667,1689811380000.0,0.0,0.0,252600.0,0.00030875203581815435,0.0,0.0,0.0003065,0.9454177379185161,1.0,1551.2970737696494,1000.0,1550.7282095219837,1000.0,0.05027455125545255,0.0
1668,1689814980000.0,0.0,0.0,252600.0,0.00030875203581815435,0.0,0.0,0.0003085,0.9454177379185161,1.0,1551.2970737696494,1000.0,1551.2334095219835,1000.0,0.05027455125545255,0.0
1669,1689818580000.0,0.0,0.0,60100.0,0.00030875203581815435,0.0,0.0,0.0003075,0.9454177379185161,1.0,1551.429141124655,1000.0,1551.3538937719838,1000.0,0.011960583220204017,0.0
1670,1689822180000.0,0.0,0.0,25500.0,0.00030875203581815435,0.0,0.0,0.00031,0.9454177379185161,1.0,1551.4528789453466,1000.0,1551.4847020319837,1000.0,0.00507471223922379,0.0
1671,1689825780000.0,0.0,0.0,19200.0,0.00030875203581815435,0.0,0.0,0.000308,0.9454177379185161,1.0,1551.4572011496923,1000.0,1551.4427620619838,1000.0,0.003820949158839604,0.0
1672,1689829380000.0,0.0,0.0,6100.0,0.00030875203581815435,0.0,0.0,0.0003095,0.9454177379185161,1.0,1551.4661885904745,1000.0,1551.4707511719837,1000.0,0.001213940356767827,0.0
1673,1689832980000.0,0.0,0.0,2700.0,0.00030875203581815435,0.0,0.0,0.0003125,0.9454177379185161,1.0,1551.4685212086927,1000.0,1551.4786407119836,1000.0,0.0005373170549793466,0.0
1674,1689836580000.0,0.0,0.0,2700.0,0.00030875203581815435,0.0,0.0,0.000313,0.9454177379185161,1.0,1551.4685212086927,1000.0,1551.4799907119836,1000.0,0.0005373170549793466,0.0
1675,1689840180000.0,0.0,0.0,1200.0,0.00030875203581815435,0.0,0.0,0.0003155,0.9454177379185161,1.0,1551.4770488049655,1000.0,1551.4851463619837,1000.0,0.00023880626739993796,0.0
1676,1689843780000.0,0.0,0.0,300.0,0.00030875203581815435,0.0,0.0,0.0003165,0.9454177379185161,1.0,1551.4821653627291,1000.0,1551.4844897519836,1000.0,5.9701369963083575e-05,0.0
1677,1689847380000.0,0.0,0.0,300.0,0.00030875203581815435,0.0,0.0,0.000319,0.9454177379185161,1.0,1551.4821653627291,1000.0,1551.4852397519837,1000.0,5.9701369963083575e-05,0.0
1678,1689850980000.0,0.0,0.0,0.0,0.00030875203581815435,0.0,0.0,0.0003225,0.9454177379185161,1.0,1551.4854005759837,1000.0,1551.4854005759837,1000.0,0.0,0.0
1679,1689854580000.0,0.0,0.0,0.0,0.00030875203581815435,0.0,0.0,0.0003285,0.9454177379185161,1.0,1551.4854005759837,1000.0,1551.4854005759837,1000.0,0.0,0.0
1680,1689858180000.0,0.0,0.0,0.0,0.00030875203581815435,0.0,0.0,0.0003235,0.9454177379185161,1.0,1551.4854005759837,1000.0,1551.4854005759837,1000.0,0.0,0.0
1681,1689861780000.0,0.0,0.0,0.0,0.00030875203581815435,0.0,0.0,0.000325,0.9454177379185161,1.0,1551.4854005759837,1000.0,1551.4854005759837,1000.0,0.0,0.0
1682,1689865380000.0,0.0,0.0,0.0,0.00030875203581815435,0.0,0.0,0.0003175,0.9454177379185161,1.0,1551.4854005759837,1000.0,1551.4854005759837,1000.0,0.0,0.0
1683,1689868980000.0,0.0,0.0,0.0,0.00030875203581815435,0.0,0.0,0.000315,0.9454177379185161,1.0,1551.4854005759837,1000.0,1551.4854005759837,1000.0,0.0,0.0
1684,1689872580000.0,0.0,0.0,201200.0,0.00031335624999999996,0.0,0.0,0.000315,0.9454177379185161,1.0,1551.6095958859835,1000.0,1551.9403183859836,1000.0,0.04063346712160504,0.0
1685,1689876180000.0,0.0,0.0,201200.0,0.00031335624999999996,0.0,0.0,0.0003155,0.9454177379185161,1.0,1551.6095958859835,1000.0,1552.0409183859836,1000.0,0.04063346712160504,0.0
1686,1689879780000.0,0.0,0.0,247600.0,0.0003133887444466882,0.0,0.0,0.0003125,0.9454177379185161,1.0,1551.6916969089832,1000.0,1551.4716437839832,1000.0,0.050006746365641896,0.0
1687,1689883380000.0,0.0,0.0,247700.0,0.00031323360367419847,0.0,0.0,0.000312,0.9454177379185161,1.0,1551.8109000400818,1000.0,1551.5053364099829,1000.0,0.0499983365422262,0.0
1688,1689886980000.0,0.0,0.0,247700.0,0.00031323360367419847,0.0,0.0,0.0003115,0.9454177379185161,1.0,1551.8109000400818,1000.0,1551.381486409983,1000.0,0.0499983365422262,0.0
1689,1689890580000.0,0.0,0.0,104600.0,0.00031323360367419847,0.0,0.0,0.0003145,0.9454177379185161,1.0,1551.897277536304,1000.0,1552.029742591983,1000.0,0.021112373491843243,0.0
1690,1689894180000.0,0.0,0.0,78600.0,0.000312620422358556,0.0,0.0,0.0003135,0.9454177379185161,1.0,1552.0451988013651,1000.0,1552.1143336039827,1000.0,0.015831990728336572,0.0
1691,1689897780000.0,0.0,0.0,3400.0,0.000312620422358556,0.0,0.0,0.0003125,0.9454177379185161,1.0,1552.0915910080016,1000.0,1552.0911815719826,1000.0,0.000684823912568708,0.0
1692,1689901380000.0,0.0,0.0,248300.0,0.0003125016489569839,0.0,0.0,0.00031,0.9454177379185161,1.0,1552.0762847580015,1000.0,1551.4551253219825,1000.0,0.049993779428256335,0.0
1693,1689904980000.0,0.0,0.0,248300.0,0.0003125016489569839,0.0,0.0,0.0003105,0.9454177379185161,1.0,1552.0762847580015,1000.0,1551.5792753219823,1000.0,0.049993779428256335,0.0
1694,1689908580000.0,0.0,0.0,248300.0,0.0003125016489569839,0.0,0.0,0.000312,0.9454177379185161,1.0,1552.0762847580015,1000.0,1551.9517253219824,1000.0,0.049993779428256335,0.0
1695,1689912180000.0,0.0,0.0,248300.0,0.0003125016489569839,0.0,0.0,0.000309,0.9454177379185161,1.0,1552.0762847580015,1000.0,1551.2068253219825,1000.0,0.049993779428256335,0.0
1696,1689915780000.0,0.0,0.0,248300.0,0.0003125016489569839,0.0,0.0,0.0003085,0.9454177379185161,1.0,1552.0762847580015,1000.0,1551.0826753219824,1000.0,0.049993779428256335,0.0
1697,1689919380000.0,0.0,0.0,248300.0,0.0003125016489569839,0.0,0.0,0.0003065,0.9454177379185161,1.0,1552.0762847580015,1000.0,1550.5860753219824,1000.0,0.049993779428256335,0.0
1698,1689922980000.0,0.0,0.0,248300.0,0.0003125016489569839,0.0,0.0,0.000308,0.9454177379185161,1.0,1552.0762847580015,1000.0,1550.9585253219825,1000.0,0.049993779428256335,0.0
1699,1689926580000.0,0.0,0.0,248300.0,0.0003125016489569839,0.0,0.0,0.0003055,0.9454177379185161,1.0,1552.0762847580015,1000.0,1550.3377753219825,1000.0,0.049993779428256335,0.0
1700,1689930180000.0,0.0,0.0,248300.0,0.0003125016489569839,0.0,0.0,0.0003075,0.9454177379185161,1.0,1552.0762847580015,1000.0,1550.8343753219824,1000.0,0.049993779428256335,0.0
1701,1689933780000.0,0.0,0.0,248300.0,0.0003125016489569839,0.0,0.0,0.000307,0.9454177379185161,1.0,1552.0762847580015,1000.0,1550.7102253219823,1000.0,0.049993779428256335,0.0
1702,1689937380000.0,0.0,0.0,248300.0,0.0003125016489569839,0.0,0.0,0.0003095,0.9454177379185161,1.0,1552.0762847580015,1000.0,1551.3309753219824,1000.0,0.049993779428256335,0.0
1703,1689940980000.0,0.0,0.0,248300.0,0.0003125016489569839,0.0,0.0,0.00031,0.9454177379185161,1.0,1552.0762847580015,1000.0,1551.4551253219825,1000.0,0.049993779428256335,0.0
1704,1689944580000.0,0.0,0.0,186300.0,0.0003125016489569839,0.0,0.0,0.000311,0.9454177379185161,1.0,1552.1156988426685,1000.0,1551.8359416419823,1000.0,0.037509482858846796,0.0
1705,1689948180000.0,0.0,0.0,59100.0,0.0003125016489569839,0.0,0.0,0.0003105,0.9454177379185161,1.0,1552.1965612873396,1000.0,1552.0782638339817,1000.0,0.011898523623863917,0.0
1706,1689951780000.0,0.0,0.0,59100.0,0.0003125016489569839,0.0,0.0,0.0003115,0.9454177379185161,1.0,1552.1965612873396,1000.0,1552.137363833982,1000.0,0.011898523623863917,0.0
1707,1689955380000.0,0.0,0.0,59100.0,0.0003125016489569839,0.0,0.0,0.000312,0.9454177379185161,1.0,1552.1965612873396,1000.0,1552.1669138339819,1000.0,0.011898523623863917,0.0
1708,1689958980000.0,0.0,0.0,59100.0,0.0003125016489569839,0.0,0.0,0.0003105,0.9454177379185161,1.0,1552.1965612873396,1000.0,1552.0782638339817,1000.0,0.011898523623863917,0.0
1709,1689962580000.0,0.0,0.0,33300.0,0.0003125016489569839,0.0,0.0,0.000313,0.9454177379185161,1.0,1552.2129626322494,1000.0,1552.2295577219818,1000.0,0.006704173435467584,0.0
1710,1689966180000.0,0.0,0.0,2600.0,0.0003125016489569839,0.0,0.0,0.000313,0.9454177379185161,1.0,1552.23247896127,1000.0,1552.233774673982,1000.0,0.0005234423955823121,0.0
1711,1689969780000.0,0.0,0.0,1200.0,0.0003125016489569839,0.0,0.0,0.0003115,0.9454177379185161,1.0,1552.2333689567301,1000.0,1552.2321669779817,1000.0,0.00024158865944263447,0.0
1712,1689973380000.0,0.0,0.0,1200.0,0.0003125016489569839,0.0,0.0,0.0003115,0.9454177379185161,1.0,1552.2333689567301,1000.0,1552.2321669779817,1000.0,0.00024158865944263447,0.0
1713,1689976980000.0,0.0,0.0,188400.0,0.0003090167276224059,0.0,0.0,0.0003105,0.9454177379185161,1.0,1552.2569386300431,1000.0,1552.536387145982,1000.0,0.037505872922972854,0.0
1714,1689980580000.0,0.0,0.0,251300.0,0.00030898751087967086,0.0,0.0,0.000308,0.9454177379185161,1.0,1552.2530526680432,1000.0,1552.004891183982,1000.0,0.050023133374160485,0.0
1715,1689984180000.0,0.0,0.0,251300.0,0.00030898751087967086,0.0,0.0,0.000307,0.9454177379185161,1.0,1552.2530526680432,1000.0,1551.7535911839818,1000.0,0.050023133374160485,0.0
1716,1689987780000.0,0.0,0.0,251300.0,0.00030898751087967086,0.0,0.0,0.000308,0.9454177379185161,1.0,1552.2530526680432,1000.0,1552.004891183982,1000.0,0.050023133374160485,0.0
1717,1689991380000.0,0.0,0.0,251300.0,0.00030898751087967086,0.0,0.0,0.000307,0.9454177379185161,1.0,1552.2530526680432,1000.0,1551.7535911839818,1000.0,0.050023133374160485,0.0
1718,1689994980000.0,0.0,0.0,251300.0,0.00030898751087967086,0.0,0.0,0.000308,0.9454177379185161,1.0,1552.2530526680432,1000.0,1552.004891183982,1000.0,0.050023133374160485,0.0
1719,1689998580000.0,0.0,0.0,251300.0,0.00030898751087967086,0.0,0.0,0.000309,0.9454177379185161,1.0,1552.2530526680432,1000.0,1552.2561911839819,1000.0,0.050023133374160485,0.0
1720,1690002180000.0,0.0,0.0,79600.0,0.00030898751087967086,0.0,0.0,0.0003095,0.9454177379185161,1.0,1552.3647519520036,1000.0,1552.4055460859818,1000.0,0.015843831699408648,0.0
1721,1690005780000.0,0.0,0.0,14200.0,0.00030898751087967086,0.0,0.0,0.0003105,0.9454177379185161,1.0,1552.4072978644729,1000.0,1552.4287752099815,1000.0,0.002826334725768837,0.0
1722,1690009380000.0,0.0,0.0,8100.0,0.00030898751087967086,0.0,0.0,0.00031,0.9454177379185161,1.0,1552.4112662141072,1000.0,1552.4194673759819,1000.0,0.0016122008984313504,0.0
1723,1690012980000.0,0.0,0.0,8100.0,0.00030898751087967086,0.0,0.0,0.0003115,0.9454177379185161,1.0,1552.4112662141072,1000.0,1552.431617375982,1000.0,0.0016122008984313504,0.0
1724,1690016580000.0,0.0,0.0,3500.0,0.00030898751087967086,0.0,0.0,0.0003095,0.9454177379185161,1.0,1552.4142587400609,1000.0,1552.416052451982,1000.0,0.000696628674975298,0.0
1725,1690020180000.0,0.0,0.0,2100.0,0.00030898751087967086,0.0,0.0,0.0003085,0.9454177379185161,1.0,1552.4151695088292,1000.0,1552.414145735982,1000.0,0.0004179769597668947,0.0
1726,1690023780000.0,0.0,0.0,2100.0,0.00030898751087967086,0.0,0.0,0.000309,0.9454177379185161,1.0,1552.4151695088292,1000.0,1552.4151957359818,1000.0,0.0004179769597668947,0.0
1727,1690027380000.0,0.0,0.0,252200.0,0.00030780988807631765,0.0,0.0,0.000308,0.9454177379185161,1.0,1552.3997733528292,1000.0,1552.4477195799818,1000.0,0.05000622591253345,0.0
1728,1690030980000.0,0.0,0.0,252200.0,0.00030780988807631765,0.0,0.0,0.0003075,0.9454177379185161,1.0,1552.3997733528292,1000.0,1552.3216195799819,1000.0,0.05000622591253345,0.0
1729,1690034580000.0,0.0,0.0,252600.0,0.00030768191141741606,0.0,0.0,0.000308,0.9454177379185161,1.0,1552.4354667400214,1000.0,1552.515815915982,1000.0,0.050063563020268695,0.0
1730,1690038180000.0,0.0,0.0,252900.0,0.00030712160618792195,0.0,0.0,0.000306,0.9454177379185161,1.0,1552.5589126009077,1000.0,1552.2752583959823,1000.0,0.050027766144350595,0.0
1731,1690041780000.0,0.0,0.0,189700.0,0.00030712160618792195,0.0,0.0,0.000307,0.9454177379185161,1.0,1552.597896497831,1000.0,1552.5748278039823,1000.0,0.03752482779041958,0.0
1732,1690045380000.0,0.0,0.0,8100.0,0.00030712160618792195,0.0,0.0,0.0003075,0.9454177379185161,1.0,1552.7099135181045,1000.0,1552.7129785079824,1000.0,0.0016021569698654221,0.0
1733,1690048980000.0,0.0,0.0,253400.0,0.0003064045563137359,0.0,0.0,0.000306,0.9454177379185161,1.0,1552.698492633883,1000.0,1552.5959780639823,1000.0,0.050005145840125706,0.0
1734,1690052580000.0,0.0,0.0,253400.0,0.0003064045563137359,0.0,0.0,0.000305,0.9454177379185161,1.0,1552.698492633883,1000.0,1552.3425780639823,1000.0,0.050005145840125706,0.0
1735,1690056180000.0,0.0,0.0,253400.0,0.0003064045563137359,0.0,0.0,0.000305,0.9454177379185161,1.0,1552.698492633883,1000.0,1552.3425780639823,1000.0,0.050005145840125706,0.0
1736,1690059780000.0,0.0,0.0,253400.0,0.0003064045563137359,0.0,0.0,0.000302,0.9454177379185161,1.0,1552.698492633883,1000.0,1551.5823780639823,1000.0,0.050005145840125706,0.0
1737,1690063380000.0,0.0,0.0,514100.0,0.0003020411876481242,0.0,0.0,0.000298,0.9454177379185161,1.0,1552.6829653418831,1000.0,1550.6053907719825,1000.0,0.10000713476991738,0.0
1738,1690066980000.0,0.0,0.0,514100.0,0.0003020411876481242,0.0,0.0,0.000297,0.9454177379185161,1.0,1552.6829653418831,1000.0,1550.0912907719824,1000.0,0.10000713476991738,0.0
1739,1690070580000.0,0.0,0.0,780000.0,0.00029861817252551363,0.0,0.0,0.000293,0.9454177379185161,1.0,1552.6674367818832,1000.0,1548.2852622119826,1000.0,0.1500142071973016,0.0
1740,1690074180000.0,0.0,0.0,1111500.0,0.00029524257721088676,0.0,0.0,0.00029,0.9454177379185161,1.0,1552.6483887918832,1000.0,1546.8212642219826,1000.0,0.2113563682149851,0.0
1741,1690077780000.0,0.0,0.0,1111500.0,0.00029524257721088676,0.0,0.0,0.0002915,0.9454177379185161,1.0,1552.6483887918832,1000.0,1548.4885142219825,1000.0,0.2113563682149851,0.0
1742,1690081380000.0,0.0,0.0,1111500.0,0.00029524257721088676,0.0,0.0,0.0002915,0.9454177379185161,1.0,1552.6483887918832,1000.0,1548.4885142219825,1000.0,0.2113563682149851,0.0
1743,1690084980000.0,0.0,0.0,1111500.0,0.00029524257721088676,0.0,0.0,0.000292,0.9454177379185161,1.0,1552.6483887918832,1000.0,1549.0442642219825,1000.0,0.2113563682149851,0.0
1744,1690088580000.0,0.0,0.0,1111500.0,0.00029524257721088676,0.0,0.0,0.000291,0.9454177379185161,1.0,1552.6483887918832,1000.0,1547.9327642219826,1000.0,0.2113563682149851,0.0
1745,1690092180000.0,0.0,0.0,1111500.0,0.00029524257721088676,0.0,0.0,0.0002935,0.9454177379185161,1.0,1552.6483887918832,1000.0,1550.7115142219825,1000.0,0.2113563682149851,0.0
1746,1690095780000.0,0.0,0.0,1111500.0,0.00029524257721088676,0.0,0.0,0.0002925,0.9454177379185161,1.0,1552.6483887918832,1000.0,1549.6000142219825,1000.0,0.2113563682149851,0.0
1747,1690099380000.0,0.0,0.0,1111500.0,0.00029524257721088676,0.0,0.0,0.000291,0.9454177379185161,1.0,1552.6483887918832,1000.0,1547.9327642219826,1000.0,0.2113563682149851,0.0
1748,1690102980000.0,0.0,0.0,1111500.0,0.00029524257721088676,0.0,0.0,0.000292,0.9454177379185161,1.0,1552.6483887918832,1000.0,1549.0442642219825,1000.0,0.2113563682149851,0.0
1749,1690106580000.0,0.0,0.0,1111500.0,0.00029524257721088676,0.0,0.0,0.0002915,0.9454177379185161,1.0,1552.6483887918832,1000.0,1548.4885142219825,1000.0,0.2113563682149851,0.0
1750,1690110180000.0,0.0,0.0,1111500.0,0.00029524257721088676,0.0,0.0,0.000294,0.9454177379185161,1.0,1552.6483887918832,1000.0,1551.2672642219825,1000.0,0.2113563682149851,0.0
1751,1690113780000.0,0.0,0.0,833700.0,0.00029524257721088676,0.0,0.0,0.000295,0.9454177379185161,1.0,1552.814580638699,1000.0,1552.6123440179827,1000.0,0.15851457069618266,0.0
1752,1690117380000.0,0.0,0.0,833700.0,0.00029524257721088676,0.0,0.0,0.000294,0.9454177379185161,1.0,1552.814580638699,1000.0,1551.7786440179827,1000.0,0.15851457069618266,0.0
1753,1690120980000.0,0.0,0.0,833700.0,0.00029524257721088676,0.0,0.0,0.0002935,0.9454177379185161,1.0,1552.814580638699,1000.0,1551.3617940179827,1000.0,0.15851457069618266,0.0
1754,1690124580000.0,0.0,0.0,833700.0,0.00029524257721088676,0.0,0.0,0.000294,0.9454177379185161,1.0,1552.814580638699,1000.0,1551.7786440179827,1000.0,0.15851457069618266,0.0
1755,1690128180000.0,0.0,0.0,833700.0,0.00029524257721088676,0.0,0.0,0.000293,0.9454177379185161,1.0,1552.814580638699,1000.0,1550.9449440179828,1000.0,0.15851457069618266,0.0
1756,1690131780000.0,0.0,0.0,148500.0,0.00029524257721088676,0.0,0.0,0.000296,0.9454177379185161,1.0,1553.224496597799,1000.0,1553.3369738819824,1000.0,0.02822742160701949,0.0
1757,1690135380000.0,0.0,0.0,35400.0,0.00029524257721088676,0.0,0.0,0.0002945,0.9454177379185161,1.0,1553.292157857248,1000.0,1553.2658706239827,1000.0,0.00672866799745082,0.0
1758,1690138980000.0,0.0,0.0,20000.0,0.00029524257721088676,0.0,0.0,0.000294,0.9454177379185161,1.0,1553.3013707962002,1000.0,1553.2765192519826,1000.0,0.0038014847956974324,0.0
1759,1690142580000.0,0.0,0.0,112200.0,0.0002925214962145944,0.0,0.0,0.0002945,0.9454177379185161,1.0,1553.38215626526,1000.0,1553.6041443899824,1000.0,0.021128678311966458,0.0
1760,1690146180000.0,0.0,0.0,112200.0,0.0002925214962145944,0.0,0.0,0.0002945,0.9454177379185161,1.0,1553.38215626526,1000.0,1553.6041443899824,1000.0,0.021128678311966458,0.0
1761,1690149780000.0,0.0,0.0,84200.0,0.0002925214962145944,0.0,0.0,0.000294,0.9454177379185161,1.0,1553.3995124512512,1000.0,1553.5240024699824,1000.0,0.015855747207234813,0.0
1762,1690153380000.0,0.0,0.0,199200.0,0.00029242891024383426,0.0,0.0,0.000295,0.9454177379185161,1.0,1553.441361230554,1000.0,1553.9535223099824,1000.0,0.03749857598385803,0.0
1763,1690156980000.0,0.0,0.0,11800.0,0.00029242891024383426,0.0,0.0,0.0002975,0.9454177379185161,1.0,1554.4554781588595,1000.0,1554.5153170179822,1000.0,0.0022198520249446475,0.0
1764,1690160580000.0,0.0,0.0,1600.0,0.00029242891024383426,0.0,0.0,0.000296,0.9454177379185161,1.0,1554.5106755583727,1000.0,1554.5163893019826,1000.0,0.00030098619697293,0.0
1765,1690164180000.0,0.0,0.0,1600.0,0.00029242891024383426,0.0,0.0,0.000294,0.9454177379185161,1.0,1554.5106755583727,1000.0,1554.5131893019825,1000.0,0.00030098619697293,0.0
1766,1690167780000.0,0.0,0.0,265100.0,0.00029319534611991756,0.0,0.0,0.0002925,0.9454177379185161,1.0,1554.4952239183726,1000.0,1554.3108876619824,1000.0,0.05000085240562411,0.0
1767,1690171380000.0,0.0,0.0,265100.0,0.00029319534611991756,0.0,0.0,0.000291,0.9454177379185161,1.0,1554.4952239183726,1000.0,1553.9132376619825,1000.0,0.05000085240562411,0.0
1768,1690174980000.0,0.0,0.0,265100.0,0.00029319534611991756,0.0,0.0,0.0002895,0.9454177379185161,1.0,1554.4952239183726,1000.0,1553.5155876619824,1000.0,0.05000085240562411,0.0
1769,1690178580000.0,0.0,0.0,265100.0,0.00029319534611991756,0.0,0.0,0.0002925,0.9454177379185161,1.0,1554.4952239183726,1000.0,1554.3108876619824,1000.0,0.05000085240562411,0.0
1770,1690182180000.0,0.0,0.0,266900.0,0.00029268697768172194,0.0,0.0,0.000291,0.9454177379185161,1.0,1554.534020449234,1000.0,1554.0837661059825,1000.0,0.05025181392985968,0.0
1771,1690185780000.0,0.0,0.0,200200.0,0.00029268697768172194,0.0,0.0,0.0002935,0.9454177379185161,1.0,1554.5776650818632,1000.0,1554.7404321499826,1000.0,0.03769250919271062,0.0
1772,1690189380000.0,0.0,0.0,267000.0,0.00029228993607445964,0.0,0.0,0.0002905,0.9454177379185161,1.0,1554.5737759858632,1000.0,1554.0958630539826,1000.0,0.050201163905771694,0.0
1773,1690192980000.0,0.0,0.0,821900.0,0.0002838838649372178,0.0,0.0,0.000282,0.9454177379185161,1.0,1554.6508837218817,1000.0,1553.1025351299825,1000.0,0.15008137906390545,0.0
1774,1690196580000.0,0.0,0.0,821900.0,0.0002838838649372178,0.0,0.0,0.000281,0.9454177379185161,1.0,1554.6508837218817,1000.0,1552.2806351299823,1000.0,0.15008137906390545,0.0
1775,1690200180000.0,0.0,0.0,821900.0,0.0002838838649372178,0.0,0.0,0.000281,0.9454177379185161,1.0,1554.6508837218817,1000.0,1552.2806351299823,1000.0,0.15008137906390545,0.0
1776,1690203780000.0,0.0,0.0,821900.0,0.0002838838649372178,0.0,0.0,0.0002805,0.9454177379185161,1.0,1554.6508837218817,1000.0,1551.8696851299824,1000.0,0.15008137906390545,0.0
1777,1690207380000.0,0.0,0.0,231300.0,0.0002838838649372178,0.0,0.0,0.0002785,0.9454177379185161,1.0,1555.9468247799607,1000.0,1554.7015368199823,1000.0,0.042200888175766754,0.0
1778,1690210980000.0,0.0,0.0,231300.0,0.0002838838649372178,0.0,0.0,0.0002805,0.9454177379185161,1.0,1555.9468247799607,1000.0,1555.1641368199823,1000.0,0.042200888175766754,0.0
1779,1690214580000.0,0.0,0.0,231300.0,0.0002838838649372178,0.0,0.0,0.0002795,0.9454177379185161,1.0,1555.9468247799607,1000.0,1554.9328368199822,1000.0,0.042200888175766754,0.0
1780,1690218180000.0,0.0,0.0,513100.0,0.00027960888318062454,0.0,0.0,0.0002765,0.9454177379185161,1.0,1555.9312637839607,1000.0,1554.3360958239823,1000.0,0.09220671973071089,0.0
1781,1690221780000.0,0.0,0.0,513100.0,0.00027960888318062454,0.0,0.0,0.000273,0.9454177379185161,1.0,1555.9312637839607,1000.0,1552.5402458239823,1000.0,0.09220671973071089,0.0
1782,1690225380000.0,0.0,0.0,513100.0,0.00027960888318062454,0.0,0.0,0.0002785,0.9454177379185161,1.0,1555.9312637839607,1000.0,1555.3622958239823,1000.0,0.09220671973071089,0.0
1783,1690228980000.0,0.0,0.0,513100.0,0.00027960888318062454,0.0,0.0,0.0002785,0.9454177379185161,1.0,1555.9312637839607,1000.0,1555.3622958239823,1000.0,0.09220671973071089,0.0
1784,1690232580000.0,0.0,0.0,513100.0,0.00027960888318062454,0.0,0.0,0.000278,0.9454177379185161,1.0,1555.9312637839607,1000.0,1555.1057458239823,1000.0,0.09220671973071089,0.0
1785,1690236180000.0,0.0,0.0,3000.0,0.00027960888318062454,0.0,0.0,0.000279,0.9454177379185161,1.0,1556.255206267524,1000.0,1556.253379617982,1000.0,0.0005390032728331816,0.0
1786,1690239780000.0,0.0,0.0,209400.0,0.00027880869455228186,0.0,0.0,0.000279,0.9454177379185161,1.0,1556.27713008523,1000.0,1556.3171894459822,1000.0,0.0375142315662317,0.0
1787,1690243380000.0,0.0,0.0,1800.0,0.00027880869455228186,0.0,0.0,0.0002795,0.9454177379185161,1.0,1556.3882844081763,1000.0,1556.3895287579821,1000.0,0.00032244887424409023,0.0
1788,1690246980000.0,0.0,0.0,240500.0,0.0002781386127895672,0.0,0.0,0.000277,0.9454177379185161,1.0,1556.5208848418722,1000.0,1556.2470484659814,1000.0,0.042975546956882965,0.0
1789,1690250580000.0,0.0,0.0,240500.0,0.0002781386127895672,0.0,0.0,0.000276,0.9454177379185161,1.0,1556.5208848418722,1000.0,1556.0065484659813,1000.0,0.042975546956882965,0.0
1790,1690254180000.0,0.0,0.0,240500.0,0.0002781386127895672,0.0,0.0,0.000278,0.9454177379185161,1.0,1556.5208848418722,1000.0,1556.4875484659813,1000.0,0.042975546956882965,0.0
1791,1690257780000.0,0.0,0.0,240500.0,0.0002781386127895672,0.0,0.0,0.0002775,0.9454177379185161,1.0,1556.5208848418722,1000.0,1556.3672984659813,1000.0,0.042975546956882965,0.0
1792,1690261380000.0,0.0,0.0,240500.0,0.0002781386127895672,0.0,0.0,0.000276,0.9454177379185161,1.0,1556.5208848418722,1000.0,1556.0065484659813,1000.0,0.042975546956882965,0.0
1793,1690264980000.0,0.0,0.0,240500.0,0.0002781386127895672,0.0,0.0,0.0002755,0.9454177379185161,1.0,1556.5208848418722,1000.0,1555.8862984659813,1000.0,0.042975546956882965,0.0
1794,1690268580000.0,0.0,0.0,240500.0,0.0002781386127895672,0.0,0.0,0.0002755,0.9454177379185161,1.0,1556.5208848418722,1000.0,1555.8862984659813,1000.0,0.042975546956882965,0.0
1795,1690272180000.0,0.0,0.0,240500.0,0.0002781386127895672,0.0,0.0,0.000275,0.9454177379185161,1.0,1556.5208848418722,1000.0,1555.7660484659814,1000.0,0.042975546956882965,0.0
1796,1690275780000.0,0.0,0.0,240500.0,0.0002781386127895672,0.0,0.0,0.000275,0.9454177379185161,1.0,1556.5208848418722,1000.0,1555.7660484659814,1000.0,0.042975546956882965,0.0
1797,1690279380000.0,0.0,0.0,135300.0,0.0002781386127895672,0.0,0.0,0.000277,0.9454177379185161,1.0,1556.5845968244096,1000.0,1556.4305425139812,1000.0,0.024176106064008246,0.0
1798,1690282980000.0,0.0,0.0,135300.0,0.0002781386127895672,0.0,0.0,0.000277,0.9454177379185161,1.0,1556.5845968244096,1000.0,1556.4305425139812,1000.0,0.024176106064008246,0.0
1799,1690286580000.0,0.0,0.0,282700.0,0.0002766585578720497,0.0,0.0,0.000276,0.9454177379185161,1.0,1556.5764809804095,1000.0,1556.390306669981,1000.0,0.050245763870958034,0.0
1800,1690290180000.0,0.0,0.0,282700.0,0.0002766585578720497,0.0,0.0,0.0002755,0.9454177379185161,1.0,1556.5764809804095,1000.0,1556.248956669981,1000.0,0.050245763870958034,0.0
1801,1690293780000.0,0.0,0.0,89600.0,0.0002766585578720497,0.0,0.0,0.0002785,0.9454177379185161,1.0,1556.6896341293168,1000.0,1556.854627343981,1000.0,0.015923923588789326,0.0
1802,1690297380000.0,0.0,0.0,67200.0,0.0002766585578720497,0.0,0.0,0.0002765,0.9454177379185161,1.0,1556.7027601289828,1000.0,1556.692105039981,1000.0,0.011942841989604566,0.0
1803,1690300980000.0,0.0,0.0,16000.0,0.0002766585578720497,0.0,0.0,0.0002785,0.9454177379185161,1.0,1556.732762413934,1000.0,1556.7622254879814,1000.0,0.0028434790047643277,0.0
1804,1690304580000.0,0.0,0.0,16000.0,0.0002766585578720497,0.0,0.0,0.0002785,0.9454177379185161,1.0,1556.732762413934,1000.0,1556.7622254879814,1000.0,0.0028434790047643277,0.0
1805,1690308180000.0,0.0,0.0,12000.0,0.0002766585578720497,0.0,0.0,0.0002795,0.9454177379185161,1.0,1556.735106342446,1000.0,1556.7692036479814,1000.0,0.0021326060425686153,0.0
1806,1690311780000.0,0.0,0.0,4500.0,0.0002766585578720497,0.0,0.0,0.0002775,0.9454177379185161,1.0,1556.7574976084056,1000.0,1556.7612840979814,1000.0,0.0007997157632687296,0.0
1807,1690315380000.0,0.0,0.0,4500.0,0.0002766585578720497,0.0,0.0,0.000276,0.9454177379185161,1.0,1556.7574976084056,1000.0,1556.7545340979814,1000.0,0.0007997157632687296,0.0
1808,1690318980000.0,0.0,0.0,282000.0,0.0002760105089022136,0.0,0.0,0.000275,0.9454177379185161,1.0,1556.7421796084056,1000.0,1556.4572160979815,1000.0,0.049998621820604494,0.0
1809,1690322580000.0,0.0,0.0,211500.0,0.0002760105089022136,0.0,0.0,0.000276,0.9454177379185161,1.0,1556.7798386707996,1000.0,1556.7776160379815,1000.0,0.037498059252013834,0.0
1810,1690326180000.0,0.0,0.0,37800.0,0.0002760105089022136,0.0,0.0,0.0002775,0.9454177379185161,1.0,1556.8726241904849,1000.0,1556.9289269539813,1000.0,0.006701381393952214,0.0
1811,1690329780000.0,0.0,0.0,119400.0,0.000275394969011682,0.0,0.0,0.0002765,0.9454177379185161,1.0,1556.948976873976,1000.0,1557.0809175739812,1000.0,0.021119612645248816,0.0
1812,1690333380000.0,0.0,0.0,212300.0,0.00027515253158370595,0.0,0.0,0.000275,0.9454177379185161,1.0,1557.0159937652018,1000.0,1556.983611309981,1000.0,0.037517201293456814,0.0
1813,1690336980000.0,0.0,0.0,283100.0,0.00027511438521801755,0.0,0.0,0.000271,0.9454177379185161,1.0,1557.0120997652018,1000.0,1555.847317309981,1000.0,0.05002201490082566,0.0
1814,1690340580000.0,0.0,0.0,574200.0,0.0002712034525517603,0.0,0.0,0.00027,0.9454177379185161,1.0,1556.9965317372018,1000.0,1556.3055092819811,1000.0,0.10001629373025787,0.0
1815,1690344180000.0,0.0,0.0,285700.0,0.0002719327816237311,0.0,0.0,0.0002715,0.9454177379185161,1.0,1557.2782330758807,1000.0,1557.1545873659807,1000.0,0.04988909114618977,0.0
1816,1690347780000.0,0.0,0.0,285300.0,0.00027259342961075036,0.0,0.0,0.0002725,0.9454177379185161,1.0,1557.421857579928,1000.0,1557.395202111981,1000.0,0.04993567098691872,0.0
1817,1690351380000.0,0.0,0.0,21600.0,0.00027259342961075036,0.0,0.0,0.0002735,0.9454177379185161,1.0,1557.5674016235737,1000.0,1557.5869835439814,1000.0,0.003780265350606766,0.0
1818,1690354980000.0,0.0,0.0,286000.0,0.0002723263821774839,0.0,0.0,0.000272,0.9454177379185161,1.0,1557.6602709147417,1000.0,1557.5669256119813,1000.0,0.050001496961222455,0.0
1819,1690358580000.0,0.0,0.0,286000.0,0.0002723263821774839,0.0,0.0,0.0002715,0.9454177379185161,1.0,1557.6602709147417,1000.0,1557.4239256119813,1000.0,0.050001496961222455,0.0
1820,1690362180000.0,0.0,0.0,286000.0,0.0002723263821774839,0.0,0.0,0.0002705,0.9454177379185161,1.0,1557.6602709147417,1000.0,1557.1379256119812,1000.0,0.050001496961222455,0.0
1821,1690365780000.0,0.0,0.0,286000.0,0.0002723263821774839,0.0,0.0,0.0002685,0.9454177379185161,1.0,1557.6602709147417,1000.0,1556.5659256119814,1000.0,0.050001496961222455,0.0
1822,1690369380000.0,0.0,0.0,286000.0,0.0002723263821774839,0.0,0.0,0.0002675,0.9454177379185161,1.0,1557.6602709147417,1000.0,1556.2799256119813,1000.0,0.050001496961222455,0.0
1823,1690372980000.0,0.0,0.0,286000.0,0.0002723263821774839,0.0,0.0,0.000268,0.9454177379185161,1.0,1557.6602709147417,1000.0,1556.4229256119813,1000.0,0.050001496961222455,0.0
1824,1690376580000.0,0.0,0.0,286000.0,0.0002723263821774839,0.0,0.0,0.0002705,0.9454177379185161,1.0,1557.6602709147417,1000.0,1557.1379256119812,1000.0,0.050001496961222455,0.0
1825,1690380180000.0,0.0,0.0,286000.0,0.0002723263821774839,0.0,0.0,0.000269,0.9454177379185161,1.0,1557.6602709147417,1000.0,1556.7089256119812,1000.0,0.050001496961222455,0.0
1826,1690383780000.0,0.0,0.0,214500.0,0.0002723263821774839,0.0,0.0,0.0002705,0.9454177379185161,1.0,1557.7045306890516,1000.0,1557.3127717119812,1000.0,0.037500057184292085,0.0
1827,1690387380000.0,0.0,0.0,214500.0,0.0002723263821774839,0.0,0.0,0.000272,0.9454177379185161,1.0,1557.7045306890516,1000.0,1557.6345217119813,1000.0,0.037500057184292085,0.0
1828,1690390980000.0,0.0,0.0,214500.0,0.0002723263821774839,0.0,0.0,0.000271,0.9454177379185161,1.0,1557.7045306890516,1000.0,1557.4200217119812,1000.0,0.037500057184292085,0.0
1829,1690394580000.0,0.0,0.0,90600.0,0.0002723263821774839,0.0,0.0,0.000272,0.9454177379185161,1.0,1557.7812269972612,1000.0,1557.7516567719813,1000.0,0.015838405160934335,0.0
1830,1690398180000.0,0.0,0.0,1100.0,0.0002723263821774839,0.0,0.0,0.000277,0.9454177379185161,1.0,1557.9232917563756,1000.0,1557.9284327359803,1000.0,0.0001922809819843663,0.0
1831,1690401780000.0,0.0,0.0,400.0,0.0002723263821774839,0.0,0.0,0.000279,0.9454177379185161,1.0,1557.9268044528517,1000.0,1557.9294738999806,1000.0,6.99201994340487e-05,0.0
1832,1690405380000.0,0.0,0.0,200.0,0.0002723263821774839,0.0,0.0,0.000281,0.9454177379185161,1.0,1557.9287079004164,1000.0,1557.930442623981,1000.0,3.496005700344167e-05,0.0
1833,1690408980000.0,0.0,0.0,0.0,0.0002723263821774839,0.0,0.0,0.000278,0.9454177379185161,1.0,1557.9306113479809,1000.0,1557.9306113479809,1000.0,0.0,0.0
1834,1690412580000.0,0.0,0.0,0.0,0.0002723263821774839,0.0,0.0,0.000278,0.9454177379185161,1.0,1557.9306113479809,1000.0,1557.9306113479809,1000.0,0.0,0.0
1835,1690416180000.0,0.0,0.0,0.0,0.0002723263821774839,0.0,0.0,0.0002775,0.9454177379185161,1.0,1557.9306113479809,1000.0,1557.9306113479809,1000.0,0.0,0.0
1836,1690419780000.0,0.0,0.0,0.0,0.0002723263821774839,0.0,0.0,0.000276,0.9454177379185161,1.0,1557.9306113479809,1000.0,1557.9306113479809,1000.0,0.0,0.0
1837,1690423380000.0,0.0,0.0,0.0,0.0002723263821774839,0.0,0.0,0.000279,0.9454177379185161,1.0,1557.9306113479809,1000.0,1557.9306113479809,1000.0,0.0,0.0
1838,1690426980000.0,0.0,0.0,0.0,0.0002723263821774839,0.0,0.0,0.000278,0.9454177379185161,1.0,1557.9306113479809,1000.0,1557.9306113479809,1000.0,0.0,0.0
1839,1690430580000.0,0.0,0.0,0.0,0.0002723263821774839,0.0,0.0,0.0002785,0.9454177379185161,1.0,1557.9306113479809,1000.0,1557.9306113479809,1000.0,0.0,0.0
1840,1690434180000.0,0.0,0.0,0.0,0.0002723263821774839,0.0,0.0,0.00028,0.9454177379185161,1.0,1557.9306113479809,1000.0,1557.9306113479809,1000.0,0.0,0.0
1841,1690437780000.0,0.0,0.0,0.0,0.0002723263821774839,0.0,0.0,0.0002795,0.9454177379185161,1.0,1557.9306113479809,1000.0,1557.9306113479809,1000.0,0.0,0.0
1842,1690441380000.0,0.0,0.0,0.0,0.0002723263821774839,0.0,0.0,0.0002795,0.9454177379185161,1.0,1557.9306113479809,1000.0,1557.9306113479809,1000.0,0.0,0.0
1843,1690444980000.0,0.0,0.0,0.0,0.0002723263821774839,0.0,0.0,0.000278,0.9454177379185161,1.0,1557.9306113479809,1000.0,1557.9306113479809,1000.0,0.0,0.0
1844,1690448580000.0,0.0,0.0,0.0,0.0002723263821774839,0.0,0.0,0.00028,0.9454177379185161,1.0,1557.9306113479809,1000.0,1557.9306113479809,1000.0,0.0,0.0
1845,1690452180000.0,0.0,0.0,0.0,0.0002723263821774839,0.0,0.0,0.000282,0.9454177379185161,1.0,1557.9306113479809,1000.0,1557.9306113479809,1000.0,0.0,0.0
1846,1690455780000.0,0.0,0.0,0.0,0.0002723263821774839,0.0,0.0,0.000283,0.9454177379185161,1.0,1557.9306113479809,1000.0,1557.9306113479809,1000.0,0.0,0.0
1847,1690459380000.0,0.0,0.0,0.0,0.0002723263821774839,0.0,0.0,0.0002835,0.9454177379185161,1.0,1557.9306113479809,1000.0,1557.9306113479809,1000.0,0.0,0.0
1848,1690462980000.0,0.0,0.0,0.0,0.0002723263821774839,0.0,0.0,0.0002805,0.9454177379185161,1.0,1557.9306113479809,1000.0,1557.9306113479809,1000.0,0.0,0.0
1849,1690466580000.0,0.0,0.0,0.0,0.0002723263821774839,0.0,0.0,0.0002805,0.9454177379185161,1.0,1557.9306113479809,1000.0,1557.9306113479809,1000.0,0.0,0.0
1850,1690470180000.0,0.0,0.0,281100.0,0.0002771,0.0,0.0,0.000276,0.9454177379185161,1.0,1558.0094664099806,1000.0,1557.7002564099805,1000.0,0.04999508133893647,0.0
1851,1690473780000.0,0.0,0.0,281100.0,0.0002771,0.0,0.0,0.0002755,0.9454177379185161,1.0,1558.0094664099806,1000.0,1557.5597064099807,1000.0,0.04999508133893647,0.0
1852,1690477380000.0,0.0,0.0,281100.0,0.0002771,0.0,0.0,0.000275,0.9454177379185161,1.0,1558.0094664099806,1000.0,1557.4191564099806,1000.0,0.04999508133893647,0.0
1853,1690480980000.0,0.0,0.0,281100.0,0.0002771,0.0,0.0,0.0002765,0.9454177379185161,1.0,1558.0094664099806,1000.0,1557.8408064099806,1000.0,0.04999508133893647,0.0
1854,1690484580000.0,0.0,0.0,281100.0,0.0002771,0.0,0.0,0.000273,0.9454177379185161,1.0,1558.0094664099806,1000.0,1556.8569564099807,1000.0,0.04999508133893647,0.0
1855,1690488180000.0,0.0,0.0,281100.0,0.0002771,0.0,0.0,0.0002735,0.9454177379185161,1.0,1558.0094664099806,1000.0,1556.9975064099806,1000.0,0.04999508133893647,0.0
1856,1690491780000.0,0.0,0.0,281100.0,0.0002771,0.0,0.0,0.0002735,0.9454177379185161,1.0,1558.0094664099806,1000.0,1556.9975064099806,1000.0,0.04999508133893647,0.0
1857,1690495380000.0,0.0,0.0,210900.0,0.0002771,0.0,0.0,0.0002765,0.9454177379185161,1.0,1558.0476875019806,1000.0,1557.9211475019806,1000.0,0.03750872997584402,0.0
1858,1690498980000.0,0.0,0.0,283800.0,0.0002764321353065539,0.0,0.0,0.000274,0.9454177379185161,1.0,1558.0436852919806,1000.0,1557.3534452919807,1000.0,0.05035252909824414,0.0
1859,1690502580000.0,0.0,0.0,283800.0,0.0002764321353065539,0.0,0.0,0.000274,0.9454177379185161,1.0,1558.0436852919806,1000.0,1557.3534452919807,1000.0,0.05035252909824414,0.0
1860,1690506180000.0,0.0,0.0,283800.0,0.0002764321353065539,0.0,0.0,0.0002755,0.9454177379185161,1.0,1558.0436852919806,1000.0,1557.7791452919807,1000.0,0.05035252909824414,0.0
1861,1690509780000.0,0.0,0.0,283800.0,0.0002764321353065539,0.0,0.0,0.0002755,0.9454177379185161,1.0,1558.0436852919806,1000.0,1557.7791452919807,1000.0,0.05035252909824414,0.0
1862,1690513380000.0,0.0,0.0,283800.0,0.0002764321353065539,0.0,0.0,0.0002745,0.9454177379185161,1.0,1558.0436852919806,1000.0,1557.4953452919806,1000.0,0.05035252909824414,0.0
1863,1690516980000.0,0.0,0.0,283800.0,0.0002764321353065539,0.0,0.0,0.0002745,0.9454177379185161,1.0,1558.0436852919806,1000.0,1557.4953452919806,1000.0,0.05035252909824414,0.0
1864,1690520580000.0,0.0,0.0,283800.0,0.0002764321353065539,0.0,0.0,0.0002745,0.9454177379185161,1.0,1558.0436852919806,1000.0,1557.4953452919806,1000.0,0.05035252909824414,0.0
1865,1690524180000.0,0.0,0.0,283800.0,0.0002764321353065539,0.0,0.0,0.0002715,0.9454177379185161,1.0,1558.0436852919806,1000.0,1556.6439452919806,1000.0,0.05035252909824414,0.0
1866,1690527780000.0,0.0,0.0,283800.0,0.0002764321353065539,0.0,0.0,0.000272,0.9454177379185161,1.0,1558.0436852919806,1000.0,1556.7858452919806,1000.0,0.05035252909824414,0.0
1867,1690531380000.0,0.0,0.0,283800.0,0.0002764321353065539,0.0,0.0,0.0002725,0.9454177379185161,1.0,1558.0436852919806,1000.0,1556.9277452919807,1000.0,0.05035252909824414,0.0
1868,1690534980000.0,0.0,0.0,283800.0,0.0002764321353065539,0.0,0.0,0.0002715,0.9454177379185161,1.0,1558.0436852919806,1000.0,1556.6439452919806,1000.0,0.05035252909824414,0.0
1869,1690538580000.0,0.0,0.0,283800.0,0.0002764321353065539,0.0,0.0,0.000273,0.9454177379185161,1.0,1558.0436852919806,1000.0,1557.0696452919806,1000.0,0.05035252909824414,0.0
1870,1690542180000.0,0.0,0.0,283800.0,0.0002764321353065539,0.0,0.0,0.000275,0.9454177379185161,1.0,1558.0436852919806,1000.0,1557.6372452919807,1000.0,0.05035252909824414,0.0
1871,1690545780000.0,0.0,0.0,283800.0,0.0002764321353065539,0.0,0.0,0.0002735,0.9454177379185161,1.0,1558.0436852919806,1000.0,1557.2115452919807,1000.0,0.05035252909824414,0.0
1872,1690549380000.0,0.0,0.0,283800.0,0.0002764321353065539,0.0,0.0,0.0002755,0.9454177379185161,1.0,1558.0436852919806,1000.0,1557.7791452919807,1000.0,0.05035252909824414,0.0
1873,1690552980000.0,0.0,0.0,283800.0,0.0002764321353065539,0.0,0.0,0.0002745,0.9454177379185161,1.0,1558.0436852919806,1000.0,1557.4953452919806,1000.0,0.05035252909824414,0.0
1874,1690556580000.0,0.0,0.0,159700.0,0.0002764321353065539,0.0,0.0,0.0002755,0.9454177379185161,1.0,1558.1196896784372,1000.0,1557.9708276699805,1000.0,0.02833300439041849,0.0
1875,1690560180000.0,0.0,0.0,38100.0,0.0002764321353065539,0.0,0.0,0.000275,0.9454177379185161,1.0,1558.1941629531607,1000.0,1558.139598597981,1000.0,0.006759147611757737,0.0
1876,1690563780000.0,0.0,0.0,38100.0,0.0002764321353065539,0.0,0.0,0.0002755,0.9454177379185161,1.0,1558.1941629531607,1000.0,1558.158648597981,1000.0,0.006759147611757737,0.0
1877,1690567380000.0,0.0,0.0,285500.0,0.00027337136376595346,0.0,0.0,0.000273,0.9454177379185161,1.0,1558.1806598611606,1000.0,1558.074635505981,1000.0,0.05008888017011713,0.0
1878,1690570980000.0,0.0,0.0,285500.0,0.00027337136376595346,0.0,0.0,0.0002735,0.9454177379185161,1.0,1558.1806598611606,1000.0,1558.217385505981,1000.0,0.05008888017011713,0.0
1879,1690574580000.0,0.0,0.0,285900.0,0.000273152837071239,0.0,0.0,0.00027,0.9454177379185161,1.0,1558.2176667346482,1000.0,1557.316270615981,1000.0,0.05011777095450303,0.0
1880,1690578180000.0,0.0,0.0,579500.0,0.0002692249113350599,0.0,0.0,0.0002665,0.9454177379185161,1.0,1558.2020824466483,1000.0,1556.6229963279811,1000.0,0.10012554717787003,0.0
1881,1690581780000.0,0.0,0.0,878800.0,0.00026618528233803734,0.0,0.0,0.000263,0.9454177379185161,1.0,1558.1865008886484,1000.0,1555.387274769981,1000.0,0.15012556326553875,0.0
1882,1690585380000.0,0.0,0.0,878800.0,0.00026618528233803734,0.0,0.0,0.0002635,0.9454177379185161,1.0,1558.1865008886484,1000.0,1555.8266747699813,1000.0,0.15012556326553875,0.0
1883,1690588980000.0,0.0,0.0,878800.0,0.00026618528233803734,0.0,0.0,0.0002625,0.9454177379185161,1.0,1558.1865008886484,1000.0,1554.9478747699811,1000.0,0.15012556326553875,0.0
1884,1690592580000.0,0.0,0.0,878800.0,0.00026618528233803734,0.0,0.0,0.000264,0.9454177379185161,1.0,1558.1865008886484,1000.0,1556.2660747699813,1000.0,0.15012556326553875,0.0
1885,1690596180000.0,0.0,0.0,878800.0,0.00026618528233803734,0.0,0.0,0.0002625,0.9454177379185161,1.0,1558.1865008886484,1000.0,1554.9478747699811,1000.0,0.15012556326553875,0.0
1886,1690599780000.0,0.0,0.0,878800.0,0.00026618528233803734,0.0,0.0,0.0002635,0.9454177379185161,1.0,1558.1865008886484,1000.0,1555.8266747699813,1000.0,0.15012556326553875,0.0
1887,1690603380000.0,0.0,0.0,878800.0,0.00026618528233803734,0.0,0.0,0.0002635,0.9454177379185161,1.0,1558.1865008886484,1000.0,1555.8266747699813,1000.0,0.15012556326553875,0.0
1888,1690606980000.0,0.0,0.0,878800.0,0.00026618528233803734,0.0,0.0,0.000265,0.9454177379185161,1.0,1558.1865008886484,1000.0,1557.1448747699812,1000.0,0.15012556326553875,0.0
1889,1690610580000.0,0.0,0.0,878800.0,0.00026618528233803734,0.0,0.0,0.0002645,0.9454177379185161,1.0,1558.1865008886484,1000.0,1556.7054747699813,1000.0,0.15012556326553875,0.0
1890,1690614180000.0,0.0,0.0,494400.0,0.00026618528233803734,0.0,0.0,0.000267,0.9454177379185161,1.0,1558.4022867739066,1000.0,1558.805083185981,1000.0,0.08444674696952527,0.0
1891,1690617780000.0,0.0,0.0,156500.0,0.00026618528233803734,0.0,0.0,0.0002665,0.9454177379185161,1.0,1558.591969527884,1000.0,1558.641222841981,1000.0,0.026727968256195715,0.0
1892,1690621380000.0,0.0,0.0,156500.0,0.00026618528233803734,0.0,0.0,0.0002655,0.9454177379185161,1.0,1558.591969527884,1000.0,1558.4847228419812,1000.0,0.026727968256195715,0.0
1893,1690624980000.0,0.0,0.0,294600.0,0.00026539527048846857,0.0,0.0,0.0002655,0.9454177379185161,1.0,1558.584664037884,1000.0,1558.6155173519812,1000.0,0.05016438855708028,0.0
1894,1690628580000.0,0.0,0.0,294600.0,0.00026539527048846857,0.0,0.0,0.0002645,0.9454177379185161,1.0,1558.584664037884,1000.0,1558.3209173519813,1000.0,0.05016438855708028,0.0
1895,1690632180000.0,0.0,0.0,294600.0,0.00026539527048846857,0.0,0.0,0.0002645,0.9454177379185161,1.0,1558.584664037884,1000.0,1558.3209173519813,1000.0,0.05016438855708028,0.0
1896,1690635780000.0,0.0,0.0,294600.0,0.00026539527048846857,0.0,0.0,0.0002635,0.9454177379185161,1.0,1558.584664037884,1000.0,1558.0263173519813,1000.0,0.05016438855708028,0.0
1897,1690639380000.0,0.0,0.0,294600.0,0.00026539527048846857,0.0,0.0,0.000264,0.9454177379185161,1.0,1558.584664037884,1000.0,1558.1736173519812,1000.0,0.05016438855708028,0.0
1898,1690642980000.0,0.0,0.0,52500.0,0.00026539527048846857,0.0,0.0,0.0002655,0.9454177379185161,1.0,1558.718189332626,1000.0,1558.7236876319814,1000.0,0.0089389164738048,0.0
1899,1690646580000.0,0.0,0.0,12600.0,0.00026539527048846857,0.0,0.0,0.0002665,0.9454177379185161,1.0,1558.740195360136,1000.0,1558.7541149519814,1000.0,0.0021453096661705707,0.0
1900,1690650180000.0,0.0,0.0,2400.0,0.00026539527048846857,0.0,0.0,0.000267,0.9454177379185161,1.0,1558.7458209611536,1000.0,1558.7496723119814,1000.0,0.0004086289378338601,0.0
1901,1690653780000.0,0.0,0.0,0.0,0.00026539527048846857,0.0,0.0,0.000267,0.9454177379185161,1.0,1558.7471446319823,1000.0,1558.7471446319823,1000.0,0.0,0.0
1902,1690657380000.0,0.0,0.0,0.0,0.00026539527048846857,0.0,0.0,0.0002665,0.9454177379185161,1.0,1558.7471446319823,1000.0,1558.7471446319823,1000.0,0.0,0.0
1903,1690660980000.0,0.0,0.0,0.0,0.00026539527048846857,0.0,0.0,0.000267,0.9454177379185161,1.0,1558.7471446319823,1000.0,1558.7471446319823,1000.0,0.0,0.0
1904,1690664580000.0,0.0,0.0,0.0,0.00026539527048846857,0.0,0.0,0.000268,0.9454177379185161,1.0,1558.7471446319823,1000.0,1558.7471446319823,1000.0,0.0,0.0
1905,1690668180000.0,0.0,0.0,0.0,0.00026539527048846857,0.0,0.0,0.000268,0.9454177379185161,1.0,1558.7471446319823,1000.0,1558.7471446319823,1000.0,0.0,0.0
1906,1690671780000.0,0.0,0.0,0.0,0.00026539527048846857,0.0,0.0,0.000269,0.9454177379185161,1.0,1558.7471446319823,1000.0,1558.7471446319823,1000.0,0.0,0.0
1907,1690675380000.0,0.0,0.0,0.0,0.00026539527048846857,0.0,0.0,0.0002685,0.9454177379185161,1.0,1558.7471446319823,1000.0,1558.7471446319823,1000.0,0.0,0.0
1908,1690678980000.0,0.0,0.0,0.0,0.00026539527048846857,0.0,0.0,0.000268,0.9454177379185161,1.0,1558.7471446319823,1000.0,1558.7471446319823,1000.0,0.0,0.0
1909,1690682580000.0,0.0,0.0,0.0,0.00026539527048846857,0.0,0.0,0.000267,0.9454177379185161,1.0,1558.7471446319823,1000.0,1558.7471446319823,1000.0,0.0,0.0
1910,1690686180000.0,0.0,0.0,0.0,0.00026539527048846857,0.0,0.0,0.0002685,0.9454177379185161,1.0,1558.7471446319823,1000.0,1558.7471446319823,1000.0,0.0,0.0
1911,1690689780000.0,0.0,0.0,0.0,0.00026539527048846857,0.0,0.0,0.000269,0.9454177379185161,1.0,1558.7471446319823,1000.0,1558.7471446319823,1000.0,0.0,0.0
1912,1690693380000.0,0.0,0.0,0.0,0.00026539527048846857,0.0,0.0,0.0002695,0.9454177379185161,1.0,1558.7471446319823,1000.0,1558.7471446319823,1000.0,0.0,0.0
1913,1690696980000.0,0.0,0.0,0.0,0.00026539527048846857,0.0,0.0,0.0002685,0.9454177379185161,1.0,1558.7471446319823,1000.0,1558.7471446319823,1000.0,0.0,0.0
1914,1690700580000.0,0.0,0.0,293100.0,0.0002659316638188398,0.0,0.0,0.0002645,0.9454177379185161,1.0,1558.8554561292847,1000.0,1558.4358354639828,1000.0,0.05000115331978385,0.0
1915,1690704180000.0,0.0,0.0,293100.0,0.0002659316638188398,0.0,0.0,0.000264,0.9454177379185161,1.0,1558.8554561292847,1000.0,1558.2892854639827,1000.0,0.05000115331978385,0.0
1916,1690707780000.0,0.0,0.0,293100.0,0.0002659316638188398,0.0,0.0,0.0002645,0.9454177379185161,1.0,1558.8554561292847,1000.0,1558.4358354639828,1000.0,0.05000115331978385,0.0
1917,1690711380000.0,0.0,0.0,293100.0,0.0002659316638188398,0.0,0.0,0.000265,0.9454177379185161,1.0,1558.8554561292847,1000.0,1558.5823854639827,1000.0,0.05000115331978385,0.0
1918,1690714980000.0,0.0,0.0,293100.0,0.0002659316638188398,0.0,0.0,0.0002625,0.9454177379185161,1.0,1558.8554561292847,1000.0,1557.8496354639826,1000.0,0.05000115331978385,0.0
1919,1690718580000.0,0.0,0.0,293100.0,0.0002659316638188398,0.0,0.0,0.000263,0.9454177379185161,1.0,1558.8554561292847,1000.0,1557.9961854639828,1000.0,0.05000115331978385,0.0
1920,1690722180000.0,0.0,0.0,293100.0,0.0002659316638188398,0.0,0.0,0.0002645,0.9454177379185161,1.0,1558.8554561292847,1000.0,1558.4358354639828,1000.0,0.05000115331978385,0.0
1921,1690725780000.0,0.0,0.0,293100.0,0.0002659316638188398,0.0,0.0,0.000263,0.9454177379185161,1.0,1558.8554561292847,1000.0,1557.9961854639828,1000.0,0.05000115331978385,0.0
1922,1690729380000.0,0.0,0.0,293100.0,0.0002659316638188398,0.0,0.0,0.0002665,0.9454177379185161,1.0,1558.8554561292847,1000.0,1559.0220354639828,1000.0,0.05000115331978385,0.0
1923,1690732980000.0,0.0,0.0,293100.0,0.0002659316638188398,0.0,0.0,0.000265,0.9454177379185161,1.0,1558.8554561292847,1000.0,1558.5823854639827,1000.0,0.05000115331978385,0.0
1924,1690736580000.0,0.0,0.0,293100.0,0.0002659316638188398,0.0,0.0,0.000265,0.9454177379185161,1.0,1558.8554561292847,1000.0,1558.5823854639827,1000.0,0.05000115331978385,0.0
1925,1690740180000.0,0.0,0.0,293100.0,0.0002659316638188398,0.0,0.0,0.000265,0.9454177379185161,1.0,1558.8554561292847,1000.0,1558.5823854639827,1000.0,0.05000115331978385,0.0
1926,1690743780000.0,0.0,0.0,293100.0,0.0002659316638188398,0.0,0.0,0.000263,0.9454177379185161,1.0,1558.8554561292847,1000.0,1557.9961854639828,1000.0,0.05000115331978385,0.0
1927,1690747380000.0,0.0,0.0,902300.0,0.000259142026671065,0.0,0.0,0.000255,0.9454177379185161,1.0,1558.8242802732848,1000.0,1555.086929607983,1000.0,0.15000013383439806,0.0
1928,1690750980000.0,0.0,0.0,902300.0,0.000259142026671065,0.0,0.0,0.000256,0.9454177379185161,1.0,1558.8242802732848,1000.0,1555.989229607983,1000.0,0.15000013383439806,0.0
1929,1690754580000.0,0.0,0.0,507600.0,0.000259142026671065,0.0,0.0,0.0002575,0.9454177379185161,1.0,1559.0240116282155,1000.0,1558.190518889983,1000.0,0.08437361564486372,0.0
1930,1690758180000.0,0.0,0.0,160700.0,0.000259142026671065,0.0,0.0,0.00026,0.9454177379185161,1.0,1559.199554590023,1000.0,1559.3374309039827,1000.0,0.026708655453015494,0.0
1931,1690761780000.0,0.0,0.0,71300.0,0.000260043857425728,0.0,0.0,0.00026,0.9454177379185161,1.0,1559.5271571644378,1000.0,1559.5240301299834,1000.0,0.01188894143284189,0.0
1932,1690765380000.0,0.0,0.0,53500.0,0.000259934190114848,0.0,0.0,0.000262,0.9454177379185161,1.0,1559.641898825128,1000.0,1559.7524196539837,1000.0,0.008916456515832297,0.0
1933,1690768980000.0,0.0,0.0,53500.0,0.000259934190114848,0.0,0.0,0.000263,0.9454177379185161,1.0,1559.641898825128,1000.0,1559.8059196539837,1000.0,0.008916456515832297,0.0
1934,1690772580000.0,0.0,0.0,53500.0,0.000259934190114848,0.0,0.0,0.0002625,0.9454177379185161,1.0,1559.641898825128,1000.0,1559.7791696539837,1000.0,0.008916456515832297,0.0
1935,1690776180000.0,0.0,0.0,53500.0,0.000259934190114848,0.0,0.0,0.0002625,0.9454177379185161,1.0,1559.641898825128,1000.0,1559.7791696539837,1000.0,0.008916456515832297,0.0
1936,1690779780000.0,0.0,0.0,299700.0,0.0002601525497869348,0.0,0.0,0.0002605,0.9454177379185161,1.0,1559.629086577128,1000.0,1559.7332174059836,1000.0,0.049991193317802135,0.0
1937,1690783380000.0,0.0,0.0,126500.0,0.0002601525497869348,0.0,0.0,0.0002605,0.9454177379185161,1.0,1559.7321908420308,1000.0,1559.7761432939835,1000.0,0.021099325731221186,0.0
1938,1690786980000.0,0.0,0.0,94900.0,0.0002601525497869348,0.0,0.0,0.000262,0.9454177379185161,1.0,1559.7510020127638,1000.0,1559.9263250379838,1000.0,0.015828473226124642,0.0
1939,1690790580000.0,0.0,0.0,94900.0,0.0002601525497869348,0.0,0.0,0.000261,0.9454177379185161,1.0,1559.7510020127638,1000.0,1559.8314250379838,1000.0,0.015828473226124642,0.0
1940,1690794180000.0,0.0,0.0,94900.0,0.0002601525497869348,0.0,0.0,0.000263,0.9454177379185161,1.0,1559.7510020127638,1000.0,1560.0212250379836,1000.0,0.015828473226124642,0.0
1941,1690797780000.0,0.0,0.0,94900.0,0.0002601525497869348,0.0,0.0,0.0002635,0.9454177379185161,1.0,1559.7510020127638,1000.0,1560.0686750379837,1000.0,0.015828473226124642,0.0
1942,1690801380000.0,0.0,0.0,42200.0,0.0002601525497869348,0.0,0.0,0.0002645,0.9454177379185161,1.0,1560.0036695389922,1000.0,1560.1871319379836,1000.0,0.007037443446689433,0.0
1943,1690804980000.0,0.0,0.0,8400.0,0.0002601525497869348,0.0,0.0,0.0002655,0.9454177379185161,1.0,1560.165721956194,1000.0,1560.2106405379836,1000.0,0.0014006726256427845,0.0
1944,1690808580000.0,0.0,0.0,2600.0,0.0002601525497869348,0.0,0.0,0.000267,0.9454177379185161,1.0,1560.19352976743,1000.0,1560.211333137984,1000.0,0.00043353379984011184,0.0
1945,1690812180000.0,0.0,0.0,1800.0,0.0002601525497869348,0.0,0.0,0.0002635,0.9454177379185161,1.0,1560.1973653276004,1000.0,1560.203390737984,1000.0,0.00030013804664909,0.0
1946,1690815780000.0,0.0,0.0,1800.0,0.0002601525497869348,0.0,0.0,0.0002635,0.9454177379185161,1.0,1560.1973653276004,1000.0,1560.203390737984,1000.0,0.00030013804664909,0.0
1947,1690819380000.0,0.0,0.0,94500.0,0.0002614918692243261,0.0,0.0,0.000262,0.9454177379185161,1.0,1560.2951122336829,1000.0,1560.343130591984,1000.0,0.015837376819262828,0.0
1948,1690822980000.0,0.0,0.0,298500.0,0.00026142182086433746,0.0,0.0,0.0002615,0.9454177379185161,1.0,1560.2963280799888,1000.0,1560.319664551984,1000.0,0.05001255987318089,0.0
1949,1690826580000.0,0.0,0.0,168000.0,0.00026142182086433746,0.0,0.0,0.000263,0.9454177379185161,1.0,1560.3649422571928,1000.0,1560.6300763519841,1000.0,0.028146534644438073,0.0
1950,1690830180000.0,0.0,0.0,298800.0,0.0002611948348605805,0.0,0.0,0.0002605,0.9454177379185161,1.0,1560.4620756383258,1000.0,1560.2544589819843,1000.0,0.05001404255493758,0.0
1951,1690833780000.0,0.0,0.0,298800.0,0.0002611948348605805,0.0,0.0,0.000258,0.9454177379185161,1.0,1560.4620756383258,1000.0,1559.5074589819844,1000.0,0.05001404255493758,0.0
1952,1690837380000.0,0.0,0.0,606200.0,0.00025744496314144085,0.0,0.0,0.000253,0.9454177379185161,1.0,1560.4464720143258,1000.0,1557.7519353579844,1000.0,0.10001184882355175,0.0
1953,1690840980000.0,0.0,0.0,919700.0,0.0002545322242648053,0.0,0.0,0.000252,0.9454177379185161,1.0,1560.4308659843257,1000.0,1558.1019793279843,1000.0,0.15001836464486656,0.0
1954,1690844580000.0,0.0,0.0,919700.0,0.0002545322242648053,0.0,0.0,0.0002535,0.9454177379185161,1.0,1560.4308659843257,1000.0,1559.4815293279842,1000.0,0.15001836464486656,0.0
1955,1690848180000.0,0.0,0.0,919700.0,0.0002545322242648053,0.0,0.0,0.000253,0.9454177379185161,1.0,1560.4308659843257,1000.0,1559.0216793279842,1000.0,0.15001836464486656,0.0
1956,1690851780000.0,0.0,0.0,388100.0,0.0002545322242648053,0.0,0.0,0.000255,0.9454177379185161,1.0,1560.7055733331551,1000.0,1560.8871170959842,1000.0,0.06329442139826592,0.0
1957,1690855380000.0,0.0,0.0,291100.0,0.0002545322242648053,0.0,0.0,0.000253,0.9454177379185161,1.0,1560.7556986394688,1000.0,1560.3096681559841,1000.0,0.047473368540684374,0.0
1958,1690858980000.0,0.0,0.0,992100.0,0.00024517759921636415,0.0,0.0,0.0002475,0.9454177379185161,1.0,1560.8621182385389,1000.0,1563.166172055984,1000.0,0.15583740122865972,0.0
1959,1690862580000.0,0.0,0.0,238000.0,0.0002453896142938978,0.0,0.0,0.000246,0.9454177379185161,1.0,1561.2606648139317,1000.0,1561.405936611984,1000.0,0.03740741665896515,0.0
1960,1690866180000.0,0.0,0.0,316100.0,0.00024648397917135373,0.0,0.0,0.000246,0.9454177379185161,1.0,1561.4060759960485,1000.0,1561.2530901799835,1000.0,0.04989963022038483,0.0
1961,1690869780000.0,0.0,0.0,316100.0,0.00024648397917135373,0.0,0.0,0.000245,0.9454177379185161,1.0,1561.4060759960485,1000.0,1560.9369901799835,1000.0,0.04989963022038483,0.0
1962,1690873380000.0,0.0,0.0,237100.0,0.00024680255585820046,0.0,0.0,0.0002475,0.9454177379185161,1.0,1561.5268524759626,1000.0,1561.6922164819832,1000.0,0.03747414647477547,0.0
1963,1690876980000.0,0.0,0.0,313600.0,0.00024766738126315107,0.0,0.0,0.0002475,0.9454177379185161,1.0,1561.5936022141072,1000.0,1561.541111449983,1000.0,0.04973668607120432,0.0
1964,1690880580000.0,0.0,0.0,314200.0,0.0002479375431407379,0.0,0.0,0.0002475,0.9454177379185161,1.0,1561.662897756803,1000.0,1561.525421701983,1000.0,0.04988398979492915,0.0
1965,1690884180000.0,0.0,0.0,314200.0,0.0002479375431407379,0.0,0.0,0.000248,0.9454177379185161,1.0,1561.662897756803,1000.0,1561.6825217019832,1000.0,0.04988398979492915,0.0
1966,1690887780000.0,0.0,0.0,132600.0,0.0002479375431407379,0.0,0.0,0.000249,0.9454177379185161,1.0,1561.756014402445,1000.0,1561.8968961819833,1000.0,0.021050995108887718,0.0
1967,1690891380000.0,0.0,0.0,314800.0,0.00024807827371736046,0.0,0.0,0.0002475,0.9454177379185161,1.0,1561.7888875242083,1000.0,1561.6068469579832,1000.0,0.050003583192363164,0.0
1968,1690894980000.0,0.0,0.0,315300.0,0.00024798325539064,0.0,0.0,0.0002475,0.9454177379185161,1.0,1561.8299792766522,1000.0,1561.6776088519835,1000.0,0.050062504537709926,0.0
1969,1690898580000.0,0.0,0.0,315700.0,0.00024758456513628425,0.0,0.0,0.0002475,0.9454177379185161,1.0,1561.9414385935083,1000.0,1561.9147413799833,1000.0,0.050041855144011285,0.0
1970,1690902180000.0,0.0,0.0,315800.0,0.0002473506844989203,0.0,0.0,0.000247,0.9454177379185161,1.0,1562.1352934907422,1000.0,1562.0245473259831,1000.0,0.050004213137139486,0.0
1971,1690905780000.0,0.0,0.0,316300.0,0.0002470658715577829,0.0,0.0,0.0002475,0.9454177379185161,1.0,1562.4586621157096,1000.0,1562.5959769419828,1000.0,0.05001536172989611,0.0
1972,1690909380000.0,0.0,0.0,237300.0,0.000247049419287581,0.0,0.0,0.000249,0.9454177379185161,1.0,1562.532627378926,1000.0,1562.995500181983,1000.0,0.03751910594998795,0.0
1973,1690912980000.0,0.0,0.0,237300.0,0.000247049419287581,0.0,0.0,0.0002515,0.9454177379185161,1.0,1562.532627378926,1000.0,1563.588750181983,1000.0,0.03751910594998795,0.0
1974,1690916580000.0,0.0,0.0,105500.0,0.000247049419287581,0.0,0.0,0.000252,0.9454177379185161,1.0,1563.138939104823,1000.0,1563.6612253699832,1000.0,0.01667395845807919,0.0
1975,1690920180000.0,0.0,0.0,47000.0,0.000247049419287581,0.0,0.0,0.0002535,0.9454177379185161,1.0,1563.4080531864997,1000.0,1563.7112304799834,1000.0,0.00742693034160237,0.0
1976,1690923780000.0,0.0,0.0,47000.0,0.000247049419287581,0.0,0.0,0.000253,0.9454177379185161,1.0,1563.4080531864997,1000.0,1563.6877304799834,1000.0,0.00742693034160237,0.0
1977,1690927380000.0,0.0,0.0,31400.0,0.000247049419287581,0.0,0.0,0.00025,0.9454177379185161,1.0,1563.4798169416135,1000.0,1563.5724651759836,1000.0,0.004961593799659349,0.0
1978,1690930980000.0,0.0,0.0,31400.0,0.000247049419287581,0.0,0.0,0.0002505,0.9454177379185161,1.0,1563.4798169416135,1000.0,1563.5881651759835,1000.0,0.004961593799659349,0.0
1979,1690934580000.0,0.0,0.0,0.0,0.000247049419287581,0.0,0.0,0.000257,0.9454177379185161,1.0,1563.6814830539831,1000.0,1563.6814830539831,1000.0,0.0,0.0
1980,1690938180000.0,0.0,0.0,0.0,0.000247049419287581,0.0,0.0,0.000254,0.9454177379185161,1.0,1563.6814830539831,1000.0,1563.6814830539831,1000.0,0.0,0.0
1981,1690941780000.0,0.0,0.0,0.0,0.000247049419287581,0.0,0.0,0.0002545,0.9454177379185161,1.0,1563.6814830539831,1000.0,1563.6814830539831,1000.0,0.0,0.0
1982,1690945380000.0,0.0,0.0,0.0,0.000247049419287581,0.0,0.0,0.0002545,0.9454177379185161,1.0,1563.6814830539831,1000.0,1563.6814830539831,1000.0,0.0,0.0
1983,1690948980000.0,0.0,0.0,0.0,0.000247049419287581,0.0,0.0,0.000252,0.9454177379185161,1.0,1563.6814830539831,1000.0,1563.6814830539831,1000.0,0.0,0.0
1984,1690952580000.0,0.0,0.0,175600.0,0.0002505,0.0,0.0,0.0002505,0.9454177379185161,1.0,1563.7408918139834,1000.0,1563.7408918139834,1000.0,0.028129852093957148,0.0
1985,1690956180000.0,0.0,0.0,175600.0,0.0002505,0.0,0.0,0.0002525,0.9454177379185161,1.0,1563.8090981339835,1000.0,1564.1602981339836,1000.0,0.028128625196316148,0.0
1986,1690959780000.0,0.0,0.0,312300.0,0.0002504237271853987,0.0,0.0,0.00025,0.9454177379185161,1.0,1563.8529717479835,1000.0,1563.7206417479836,1000.0,0.05000938797499897,0.0
1987,1690963380000.0,0.0,0.0,312300.0,0.0002504237271853987,0.0,0.0,0.0002485,0.9454177379185161,1.0,1563.8529717479835,1000.0,1563.2521917479835,1000.0,0.05000938797499897,0.0
1988,1690966980000.0,0.0,0.0,312300.0,0.0002504237271853987,0.0,0.0,0.000249,0.9454177379185161,1.0,1563.8529717479835,1000.0,1563.4083417479835,1000.0,0.05000938797499897,0.0
1989,1690970580000.0,0.0,0.0,312300.0,0.0002504237271853987,0.0,0.0,0.0002495,0.9454177379185161,1.0,1563.8529717479835,1000.0,1563.5644917479835,1000.0,0.05000938797499897,0.0
1990,1690974180000.0,0.0,0.0,312300.0,0.0002504237271853987,0.0,0.0,0.00025,0.9454177379185161,1.0,1563.8529717479835,1000.0,1563.7206417479836,1000.0,0.05000938797499897,0.0
1991,1690977780000.0,0.0,0.0,312300.0,0.0002504237271853987,0.0,0.0,0.00025,0.9454177379185161,1.0,1563.8529717479835,1000.0,1563.7206417479836,1000.0,0.05000938797499897,0.0
1992,1690981380000.0,0.0,0.0,312300.0,0.0002504237271853987,0.0,0.0,0.0002485,0.9454177379185161,1.0,1563.8529717479835,1000.0,1563.2521917479835,1000.0,0.05000938797499897,0.0
1993,1690984980000.0,0.0,0.0,312300.0,0.0002504237271853987,0.0,0.0,0.0002495,0.9454177379185161,1.0,1563.8529717479835,1000.0,1563.5644917479835,1000.0,0.05000938797499897,0.0
1994,1690988580000.0,0.0,0.0,633600.0,0.0002468619791666667,0.0,0.0,0.0002445,0.9454177379185161,1.0,1563.8373308639834,1000.0,1562.3407808639834,1000.0,0.1000179154909841,0.0
1995,1690992180000.0,0.0,0.0,633600.0,0.0002468619791666667,0.0,0.0,0.0002455,0.9454177379185161,1.0,1563.8373308639834,1000.0,1562.9743808639835,1000.0,0.1000179154909841,0.0
1996,1690995780000.0,0.0,0.0,633600.0,0.0002468619791666667,0.0,0.0,0.000244,0.9454177379185161,1.0,1563.8373308639834,1000.0,1562.0239808639833,1000.0,0.1000179154909841,0.0
1997,1690999380000.0,0.0,0.0,633600.0,0.0002468619791666667,0.0,0.0,0.000245,0.9454177379185161,1.0,1563.8373308639834,1000.0,1562.6575808639834,1000.0,0.1000179154909841,0.0
1998,1691002980000.0,0.0,0.0,633600.0,0.0002468619791666667,0.0,0.0,0.0002445,0.9454177379185161,1.0,1563.8373308639834,1000.0,1562.3407808639834,1000.0,0.1000179154909841,0.0
1999,1691006580000.0,0.0,0.0,633600.0,0.0002468619791666667,0.0,0.0,0.0002455,0.9454177379185161,1.0,1563.8373308639834,1000.0,1562.9743808639835,1000.0,0.1000179154909841,0.0
2000,1691010180000.0,0.0,0.0,633600.0,0.0002468619791666667,0.0,0.0,0.000245,0.9454177379185161,1.0,1563.8373308639834,1000.0,1562.6575808639834,1000.0,0.1000179154909841,0.0
2001,1691013780000.0,0.0,0.0,633600.0,0.0002468619791666667,0.0,0.0,0.0002455,0.9454177379185161,1.0,1563.8373308639834,1000.0,1562.9743808639835,1000.0,0.1000179154909841,0.0
2002,1691017380000.0,0.0,0.0,356400.0,0.0002468619791666667,0.0,0.0,0.000245,0.9454177379185161,1.0,1563.9727543829833,1000.0,1563.3091450079833,1000.0,0.05625520593529164,0.0
2003,1691020980000.0,0.0,0.0,356400.0,0.0002468619791666667,0.0,0.0,0.0002445,0.9454177379185161,1.0,1563.9727543829833,1000.0,1563.1309450079834,1000.0,0.05625520593529164,0.0
2004,1691024580000.0,0.0,0.0,356400.0,0.0002468619791666667,0.0,0.0,0.0002425,0.9454177379185161,1.0,1563.9727543829833,1000.0,1562.4181450079834,1000.0,0.05625520593529164,0.0
2005,1691028180000.0,0.0,0.0,356400.0,0.0002468619791666667,0.0,0.0,0.000245,0.9454177379185161,1.0,1563.9727543829833,1000.0,1563.3091450079833,1000.0,0.05625520593529164,0.0
2006,1691031780000.0,0.0,0.0,356400.0,0.0002468619791666667,0.0,0.0,0.0002425,0.9454177379185161,1.0,1563.9727543829833,1000.0,1562.4181450079834,1000.0,0.05625520593529164,0.0
2007,1691035380000.0,0.0,0.0,356400.0,0.0002468619791666667,0.0,0.0,0.000242,0.9454177379185161,1.0,1563.9727543829833,1000.0,1562.2399450079834,1000.0,0.05625520593529164,0.0
2008,1691038980000.0,0.0,0.0,356400.0,0.0002468619791666667,0.0,0.0,0.000241,0.9454177379185161,1.0,1563.9727543829833,1000.0,1561.8835450079832,1000.0,0.05625520593529164,0.0
2009,1691042580000.0,0.0,0.0,356400.0,0.0002468619791666667,0.0,0.0,0.0002435,0.9454177379185161,1.0,1563.9727543829833,1000.0,1562.7745450079833,1000.0,0.05625520593529164,0.0
2010,1691046180000.0,0.0,0.0,356400.0,0.0002468619791666667,0.0,0.0,0.000242,0.9454177379185161,1.0,1563.9727543829833,1000.0,1562.2399450079834,1000.0,0.05625520593529164,0.0
2011,1691049780000.0,0.0,0.0,356400.0,0.0002468619791666667,0.0,0.0,0.000242,0.9454177379185161,1.0,1563.9727543829833,1000.0,1562.2399450079834,1000.0,0.05625520593529164,0.0
2012,1691053380000.0,0.0,0.0,682600.0,0.00024343942187957812,0.0,0.0,0.000239,0.9454177379185161,1.0,1563.9571163549833,1000.0,1560.9267669799833,1000.0,0.10625083490926278,0.0
2013,1691056980000.0,0.0,0.0,682600.0,0.00024343942187957812,0.0,0.0,0.0002395,0.9454177379185161,1.0,1563.9571163549833,1000.0,1561.2680669799834,1000.0,0.10625083490926278,0.0
2014,1691060580000.0,0.0,0.0,682600.0,0.00024343942187957812,0.0,0.0,0.00024,0.9454177379185161,1.0,1563.9571163549833,1000.0,1561.6093669799834,1000.0,0.10625083490926278,0.0
2015,1691064180000.0,0.0,0.0,682600.0,0.00024343942187957812,0.0,0.0,0.00024,0.9454177379185161,1.0,1563.9571163549833,1000.0,1561.6093669799834,1000.0,0.10625083490926278,0.0
2016,1691067780000.0,0.0,0.0,682600.0,0.00024343942187957812,0.0,0.0,0.000239,0.9454177379185161,1.0,1563.9571163549833,1000.0,1560.9267669799833,1000.0,0.10625083490926278,0.0
2017,1691071380000.0,0.0,0.0,682600.0,0.00024343942187957812,0.0,0.0,0.0002405,0.9454177379185161,1.0,1563.9571163549833,1000.0,1561.9506669799832,1000.0,0.10625083490926278,0.0
2018,1691074980000.0,0.0,0.0,682600.0,0.00024343942187957812,0.0,0.0,0.000241,0.9454177379185161,1.0,1563.9571163549833,1000.0,1562.2919669799833,1000.0,0.10625083490926278,0.0
2019,1691078580000.0,0.0,0.0,682600.0,0.00024343942187957812,0.0,0.0,0.000239,0.9454177379185161,1.0,1563.9571163549833,1000.0,1560.9267669799833,1000.0,0.10625083490926278,0.0
2020,1691082180000.0,0.0,0.0,682600.0,0.00024343942187957812,0.0,0.0,0.0002425,0.9454177379185161,1.0,1563.9571163549833,1000.0,1563.3158669799834,1000.0,0.10625083490926278,0.0
2021,1691085780000.0,0.0,0.0,682600.0,0.00024343942187957812,0.0,0.0,0.000239,0.9454177379185161,1.0,1563.9571163549833,1000.0,1560.9267669799833,1000.0,0.10625083490926278,0.0
2022,1691089380000.0,0.0,0.0,682600.0,0.00024343942187957812,0.0,0.0,0.000239,0.9454177379185161,1.0,1563.9571163549833,1000.0,1560.9267669799833,1000.0,0.10625083490926278,0.0
2023,1691092980000.0,0.0,0.0,682600.0,0.00024343942187957812,0.0,0.0,0.000239,0.9454177379185161,1.0,1563.9571163549833,1000.0,1560.9267669799833,1000.0,0.10625083490926278,0.0
2024,1691096580000.0,0.0,0.0,682600.0,0.00024343942187957812,0.0,0.0,0.000238,0.9454177379185161,1.0,1563.9571163549833,1000.0,1560.2441669799832,1000.0,0.10625083490926278,0.0
2025,1691100180000.0,0.0,0.0,682600.0,0.00024343942187957812,0.0,0.0,0.000238,0.9454177379185161,1.0,1563.9571163549833,1000.0,1560.2441669799832,1000.0,0.10625083490926278,0.0
2026,1691103780000.0,0.0,0.0,1015100.0,0.00024074056681607726,0.0,0.0,0.0002355,0.9454177379185161,1.0,1563.9414755549833,1000.0,1558.6217761799833,1000.0,0.15625632620829394,0.0
2027,1691107380000.0,0.0,0.0,1015100.0,0.00024074056681607726,0.0,0.0,0.0002355,0.9454177379185161,1.0,1563.9414755549833,1000.0,1558.6217761799833,1000.0,0.15625632620829394,0.0
2028,1691110980000.0,0.0,0.0,1015100.0,0.00024074056681607726,0.0,0.0,0.000236,0.9454177379185161,1.0,1563.9414755549833,1000.0,1559.1293261799833,1000.0,0.15625632620829394,0.0
2029,1691114580000.0,0.0,0.0,1015100.0,0.00024074056681607726,0.0,0.0,0.000236,0.9454177379185161,1.0,1563.9414755549833,1000.0,1559.1293261799833,1000.0,0.15625632620829394,0.0
2030,1691118180000.0,0.0,0.0,1015100.0,0.00024074056681607726,0.0,0.0,0.000236,0.9454177379185161,1.0,1563.9414755549833,1000.0,1559.1293261799833,1000.0,0.15625632620829394,0.0
2031,1691121780000.0,0.0,0.0,1015100.0,0.00024074056681607726,0.0,0.0,0.0002375,0.9454177379185161,1.0,1563.9414755549833,1000.0,1560.6519761799832,1000.0,0.15625632620829394,0.0
2032,1691125380000.0,0.0,0.0,1015100.0,0.00024074056681607726,0.0,0.0,0.0002385,0.9454177379185161,1.0,1563.9414755549833,1000.0,1561.6670761799833,1000.0,0.15625632620829394,0.0
2033,1691128980000.0,0.0,0.0,1015100.0,0.00024074056681607726,0.0,0.0,0.000238,0.9454177379185161,1.0,1563.9414755549833,1000.0,1561.1595261799832,1000.0,0.15625632620829394,0.0
2034,1691132580000.0,0.0,0.0,1015100.0,0.00024074056681607726,0.0,0.0,0.0002385,0.9454177379185161,1.0,1563.9414755549833,1000.0,1561.6670761799833,1000.0,0.15625632620829394,0.0
2035,1691136180000.0,0.0,0.0,1015100.0,0.00024074056681607726,0.0,0.0,0.00024,0.9454177379185161,1.0,1563.9414755549833,1000.0,1563.1897261799834,1000.0,0.15625632620829394,0.0
2036,1691139780000.0,0.0,0.0,761400.0,0.00024074056681607726,0.0,0.0,0.000241,0.9454177379185161,1.0,1564.0711601917444,1000.0,1564.268692617983,1000.0,0.1171940716247782,0.0
2037,1691143380000.0,0.0,0.0,180800.0,0.00024074056681607726,0.0,0.0,0.000243,0.9454177379185161,1.0,1564.3679473423304,1000.0,1564.7764528619837,1000.0,0.02782331008142422,0.0
2038,1691146980000.0,0.0,0.0,76300.0,0.00024074056681607726,0.0,0.0,0.0002405,0.9454177379185161,1.0,1564.4213649400504,1000.0,1564.4030096919837,1000.0,0.011741405263134198,0.0
2039,1691150580000.0,0.0,0.0,24300.0,0.00024074056681607726,0.0,0.0,0.0002405,0.9454177379185161,1.0,1564.4479459456143,1000.0,1564.4421001719836,1000.0,0.003739335520105598,0.0
2040,1691154180000.0,0.0,0.0,10400.0,0.00024074056681607726,0.0,0.0,0.000242,0.9454177379185161,1.0,1564.4550512528704,1000.0,1564.468149357983,1000.0,0.0016003667813160572,0.0
2041,1691157780000.0,0.0,0.0,10400.0,0.00024074056681607726,0.0,0.0,0.000243,0.9454177379185161,1.0,1564.4550512528704,1000.0,1564.4785493579832,1000.0,0.0016003667813160572,0.0
2042,1691161380000.0,0.0,0.0,7000.0,0.00024074056681607726,0.0,0.0,0.0002465,0.9454177379185161,1.0,1564.4700465896958,1000.0,1564.5103626219832,1000.0,0.0010771596243635236,0.0
2043,1691164980000.0,0.0,0.0,1500.0,0.00024074056681607726,0.0,0.0,0.000245,0.9454177379185161,1.0,1564.4943037522073,1000.0,1564.5006929019833,1000.0,0.00023081634069107513,0.0
2044,1691168580000.0,0.0,0.0,500.0,0.00024074056681607726,0.0,0.0,0.0002465,0.9454177379185161,1.0,1564.4987141453914,1000.0,1564.5015938619833,1000.0,7.693856333643009e-05,0.0
2045,1691172180000.0,0.0,0.0,500.0,0.00024074056681607726,0.0,0.0,0.000244,0.9454177379185161,1.0,1564.4987141453914,1000.0,1564.5003438619833,1000.0,7.693856333643009e-05,0.0
2046,1691175780000.0,0.0,0.0,500.0,0.00024074056681607726,0.0,0.0,0.0002435,0.9454177379185161,1.0,1564.4987141453914,1000.0,1564.5000938619835,1000.0,7.693856333643009e-05,0.0
2047,1691179380000.0,0.0,0.0,500.0,0.00024074056681607726,0.0,0.0,0.000242,0.9454177379185161,1.0,1564.4987141453914,1000.0,1564.4993438619833,1000.0,7.693856333643009e-05,0.0
2048,1691182980000.0,0.0,0.0,325600.0,0.00024020066388310234,0.0,0.0,0.0002425,0.9454177379185161,1.0,1564.4832429583216,1000.0,1565.2319067979836,1000.0,0.049990523396370855,0.0
2049,1691186580000.0,0.0,0.0,244200.0,0.00024020066388310234,0.0,0.0,0.0002425,0.9454177379185161,1.0,1564.528108694237,1000.0,1565.0896065739835,1000.0,0.03749181736926991,0.0
2050,1691190180000.0,0.0,0.0,162800.0,0.00024020066388310234,0.0,0.0,0.000246,0.9454177379185161,1.0,1564.8903709381525,1000.0,1565.8345028579834,1000.0,0.024988758833454767,0.0
2051,1691193780000.0,0.0,0.0,162800.0,0.00024020066388310234,0.0,0.0,0.0002455,0.9454177379185161,1.0,1564.8903709381525,1000.0,1565.7531028579835,1000.0,0.024988758833454767,0.0
2052,1691197380000.0,0.0,0.0,162800.0,0.00024020066388310234,0.0,0.0,0.0002455,0.9454177379185161,1.0,1564.8903709381525,1000.0,1565.7531028579835,1000.0,0.024988758833454767,0.0
2053,1691200980000.0,0.0,0.0,162800.0,0.00024020066388310234,0.0,0.0,0.0002465,0.9454177379185161,1.0,1564.8903709381525,1000.0,1565.9159028579834,1000.0,0.024988758833454767,0.0
2054,1691204580000.0,0.0,0.0,0.0,0.00024020066388310234,0.0,0.0,0.0002565,0.9454177379185161,1.0,1566.4124558819835,1000.0,1566.4124558819835,1000.0,0.0,0.0
2055,1691208180000.0,0.0,0.0,0.0,0.00024020066388310234,0.0,0.0,0.000259,0.9454177379185161,1.0,1566.4124558819835,1000.0,1566.4124558819835,1000.0,0.0,0.0
2056,1691211780000.0,0.0,0.0,0.0,0.00024020066388310234,0.0,0.0,0.000271,0.9454177379185161,1.0,1566.4124558819835,1000.0,1566.4124558819835,1000.0,0.0,0.0
2057,1691215380000.0,0.0,0.0,0.0,0.00024020066388310234,0.0,0.0,0.000272,0.9454177379185161,1.0,1566.4124558819835,1000.0,1566.4124558819835,1000.0,0.0,0.0
2058,1691218980000.0,0.0,0.0,0.0,0.00024020066388310234,0.0,0.0,0.00027,0.9454177379185161,1.0,1566.4124558819835,1000.0,1566.4124558819835,1000.0,0.0,0.0
2059,1691222580000.0,0.0,0.0,0.0,0.00024020066388310234,0.0,0.0,0.000273,0.9454177379185161,1.0,1566.4124558819835,1000.0,1566.4124558819835,1000.0,0.0,0.0
2060,1691226180000.0,0.0,0.0,0.0,0.00024020066388310234,0.0,0.0,0.000271,0.9454177379185161,1.0,1566.4124558819835,1000.0,1566.4124558819835,1000.0,0.0,0.0
2061,1691229780000.0,0.0,0.0,0.0,0.00024020066388310234,0.0,0.0,0.000271,0.9454177379185161,1.0,1566.4124558819835,1000.0,1566.4124558819835,1000.0,0.0,0.0
2062,1691233380000.0,0.0,0.0,0.0,0.00024020066388310234,0.0,0.0,0.0002755,0.9454177379185161,1.0,1566.4124558819835,1000.0,1566.4124558819835,1000.0,0.0,0.0
2063,1691236980000.0,0.0,0.0,0.0,0.00024020066388310234,0.0,0.0,0.000279,0.9454177379185161,1.0,1566.4124558819835,1000.0,1566.4124558819835,1000.0,0.0,0.0
2064,1691240580000.0,0.0,0.0,0.0,0.00024020066388310234,0.0,0.0,0.0002695,0.9454177379185161,1.0,1566.4124558819835,1000.0,1566.4124558819835,1000.0,0.0,0.0
2065,1691244180000.0,0.0,0.0,0.0,0.00024020066388310234,0.0,0.0,0.0002735,0.9454177379185161,1.0,1566.4124558819835,1000.0,1566.4124558819835,1000.0,0.0,0.0
2066,1691247780000.0,0.0,0.0,0.0,0.00024020066388310234,0.0,0.0,0.000275,0.9454177379185161,1.0,1566.4124558819835,1000.0,1566.4124558819835,1000.0,0.0,0.0
2067,1691251380000.0,0.0,0.0,0.0,0.00024020066388310234,0.0,0.0,0.0002805,0.9454177379185161,1.0,1566.4124558819835,1000.0,1566.4124558819835,1000.0,0.0,0.0
2068,1691254980000.0,0.0,0.0,0.0,0.00024020066388310234,0.0,0.0,0.0002795,0.9454177379185161,1.0,1566.4124558819835,1000.0,1566.4124558819835,1000.0,0.0,0.0
2069,1691258580000.0,0.0,0.0,0.0,0.00024020066388310234,0.0,0.0,0.000278,0.9454177379185161,1.0,1566.4124558819835,1000.0,1566.4124558819835,1000.0,0.0,0.0
2070,1691262180000.0,0.0,0.0,0.0,0.00024020066388310234,0.0,0.0,0.0002795,0.9454177379185161,1.0,1566.4124558819835,1000.0,1566.4124558819835,1000.0,0.0,0.0
2071,1691265780000.0,0.0,0.0,0.0,0.00024020066388310234,0.0,0.0,0.000281,0.9454177379185161,1.0,1566.4124558819835,1000.0,1566.4124558819835,1000.0,0.0,0.0
2072,1691269380000.0,0.0,0.0,0.0,0.00024020066388310234,0.0,0.0,0.000273,0.9454177379185161,1.0,1566.4124558819835,1000.0,1566.4124558819835,1000.0,0.0,0.0
2073,1691272980000.0,0.0,0.0,164700.0,0.0002675,0.0,0.0,0.0002695,0.9454177379185161,1.0,1566.4667823599837,1000.0,1566.7961823599837,1000.0,0.02812523731503894,0.0
2074,1691276580000.0,0.0,0.0,73200.0,0.0002675,0.0,0.0,0.0002755,0.9454177379185161,1.0,1566.9192956099835,1000.0,1567.5048956099834,1000.0,0.012496495546937115,0.0
2075,1691280180000.0,0.0,0.0,6600.0,0.0002675,0.0,0.0,0.0002735,0.9454177379185161,1.0,1567.2486659099836,1000.0,1567.2882659099837,1000.0,0.001126496412727783,0.0
2076,1691283780000.0,0.0,0.0,3300.0,0.0002675,0.0,0.0,0.0002755,0.9454177379185161,1.0,1567.2795031559835,1000.0,1567.3059031559835,1000.0,0.0005632371240882261,0.0
2077,1691287380000.0,0.0,0.0,1500.0,0.0002675,0.0,0.0,0.000275,0.9454177379185161,1.0,1567.2884050559837,1000.0,1567.2996550559837,1000.0,0.000256015420458411,0.0
2078,1691290980000.0,0.0,0.0,1500.0,0.0002675,0.0,0.0,0.000276,0.9454177379185161,1.0,1567.2884050559837,1000.0,1567.3011550559838,1000.0,0.000256015420458411,0.0
2079,1691294580000.0,0.0,0.0,200.0,0.0002675,0.0,0.0,0.0002735,0.9454177379185161,1.0,1567.300553061984,1000.0,1567.3017530619838,1000.0,3.413512481411354e-05,0.0
2080,1691298180000.0,0.0,0.0,200.0,0.0002675,0.0,0.0,0.000275,0.9454177379185161,1.0,1567.300553061984,1000.0,1567.302053061984,1000.0,3.413512481411354e-05,0.0
2081,1691301780000.0,0.0,0.0,100.0,0.0002675,0.0,0.0,0.000276,0.9454177379185161,1.0,1567.3014875239837,1000.0,1567.3023375239836,1000.0,1.7067552230974742e-05,0.0
2082,1691305380000.0,0.0,0.0,0.0,0.0002675,0.0,0.0,0.000277,0.9454177379185161,1.0,1567.3024219859835,1000.0,1567.3024219859835,1000.0,0.0,0.0
2083,1691308980000.0,0.0,0.0,0.0,0.0002675,0.0,0.0,0.000276,0.9454177379185161,1.0,1567.3024219859835,1000.0,1567.3024219859835,1000.0,0.0,0.0
2084,1691312580000.0,0.0,0.0,0.0,0.0002675,0.0,0.0,0.000274,0.9454177379185161,1.0,1567.3024219859835,1000.0,1567.3024219859835,1000.0,0.0,0.0
2085,1691316180000.0,0.0,0.0,289200.0,0.000271,0.0,0.0,0.0002705,0.9454177379185161,1.0,1567.2867473459835,1000.0,1567.1421473459834,1000.0,0.05000565476146329,0.0
2086,1691319780000.0,0.0,0.0,289200.0,0.000271,0.0,0.0,0.000267,0.9454177379185161,1.0,1567.2867473459835,1000.0,1566.1299473459835,1000.0,0.05000565476146329,0.0
2087,1691323380000.0,0.0,0.0,289200.0,0.000271,0.0,0.0,0.0002715,0.9454177379185161,1.0,1567.2867473459835,1000.0,1567.4313473459836,1000.0,0.05000565476146329,0.0
2088,1691326980000.0,0.0,0.0,289200.0,0.000271,0.0,0.0,0.0002675,0.9454177379185161,1.0,1567.2867473459835,1000.0,1566.2745473459836,1000.0,0.05000565476146329,0.0
2089,1691330580000.0,0.0,0.0,289200.0,0.000271,0.0,0.0,0.0002685,0.9454177379185161,1.0,1567.2867473459835,1000.0,1566.5637473459835,1000.0,0.05000565476146329,0.0
2090,1691334180000.0,0.0,0.0,289200.0,0.000271,0.0,0.0,0.000269,0.9454177379185161,1.0,1567.2867473459835,1000.0,1566.7083473459834,1000.0,0.05000565476146329,0.0
2091,1691337780000.0,0.0,0.0,289200.0,0.000271,0.0,0.0,0.000267,0.9454177379185161,1.0,1567.2867473459835,1000.0,1566.1299473459835,1000.0,0.05000565476146329,0.0
2092,1691341380000.0,0.0,0.0,289200.0,0.000271,0.0,0.0,0.0002695,0.9454177379185161,1.0,1567.2867473459835,1000.0,1566.8529473459835,1000.0,0.05000565476146329,0.0
2093,1691344980000.0,0.0,0.0,289200.0,0.000271,0.0,0.0,0.0002655,0.9454177379185161,1.0,1567.2867473459835,1000.0,1565.6961473459835,1000.0,0.05000565476146329,0.0
2094,1691348580000.0,0.0,0.0,289200.0,0.000271,0.0,0.0,0.0002655,0.9454177379185161,1.0,1567.2867473459835,1000.0,1565.6961473459835,1000.0,0.05000565476146329,0.0
2095,1691352180000.0,0.0,0.0,289200.0,0.000271,0.0,0.0,0.000266,0.9454177379185161,1.0,1567.2867473459835,1000.0,1565.8407473459836,1000.0,0.05000565476146329,0.0
2096,1691355780000.0,0.0,0.0,289200.0,0.000271,0.0,0.0,0.000269,0.9454177379185161,1.0,1567.2867473459835,1000.0,1566.7083473459834,1000.0,0.05000565476146329,0.0
2097,1691359380000.0,0.0,0.0,289200.0,0.000271,0.0,0.0,0.0002655,0.9454177379185161,1.0,1567.2867473459835,1000.0,1565.6961473459835,1000.0,0.05000565476146329,0.0
2098,1691362980000.0,0.0,0.0,586700.0,0.000267146241690813,0.0,0.0,0.000263,0.9454177379185161,1.0,1567.2710750459835,1000.0,1564.8384750459834,1000.0,0.10000484440472521,0.0
2099,1691366580000.0,0.0,0.0,586700.0,0.000267146241690813,0.0,0.0,0.000266,0.9454177379185161,1.0,1567.2710750459835,1000.0,1566.5985750459836,1000.0,0.10000484440472521,0.0
2100,1691370180000.0,0.0,0.0,586700.0,0.000267146241690813,0.0,0.0,0.0002655,0.9454177379185161,1.0,1567.2710750459835,1000.0,1566.3052250459834,1000.0,0.10000484440472521,0.0
2101,1691373780000.0,0.0,0.0,330100.0,0.000267146241690813,0.0,0.0,0.000269,0.9454177379185161,1.0,1567.425085932121,1000.0,1568.0370115499836,1000.0,0.056261045694375414,0.0
2102,1691377380000.0,0.0,0.0,185700.0,0.000267146241690813,0.0,0.0,0.000268,0.9454177379185161,1.0,1567.5117545679675,1000.0,1567.6702974859836,1000.0,0.031648283936254795,0.0
2103,1691380980000.0,0.0,0.0,294800.0,0.0002664888787908082,0.0,0.0,0.000263,0.9454177379185161,1.0,1567.5313342795137,1000.0,1566.5028128119834,1000.0,0.050117608337085846,0.0
2104,1691384580000.0,0.0,0.0,294800.0,0.0002664888787908082,0.0,0.0,0.000264,0.9454177379185161,1.0,1567.5313342795137,1000.0,1566.7976128119833,1000.0,0.050117608337085846,0.0
2105,1691388180000.0,0.0,0.0,294800.0,0.0002664888787908082,0.0,0.0,0.000265,0.9454177379185161,1.0,1567.5313342795137,1000.0,1567.0924128119834,1000.0,0.050117608337085846,0.0
2106,1691391780000.0,0.0,0.0,294800.0,0.0002664888787908082,0.0,0.0,0.0002635,0.9454177379185161,1.0,1567.5313342795137,1000.0,1566.6502128119835,1000.0,0.050117608337085846,0.0
2107,1691395380000.0,0.0,0.0,12600.0,0.0002664888787908082,0.0,0.0,0.0002685,0.9454177379185161,1.0,1567.688717560748,1000.0,1567.7140576879838,1000.0,0.002141853695285059,0.0
2108,1691398980000.0,0.0,0.0,12600.0,0.0002664888787908082,0.0,0.0,0.000266,0.9454177379185161,1.0,1567.688717560748,1000.0,1567.682557687984,1000.0,0.002141853695285059,0.0
2109,1691402580000.0,0.0,0.0,7200.0,0.0002664888787908082,0.0,0.0,0.0002685,0.9454177379185161,1.0,1567.6917291472776,1000.0,1567.7062092199837,1000.0,0.0012239140461227527,0.0
2110,1691406180000.0,0.0,0.0,7200.0,0.0002664888787908082,0.0,0.0,0.000269,0.9454177379185161,1.0,1567.6917291472776,1000.0,1567.7098092199838,1000.0,0.0012239140461227527,0.0
2111,1691409780000.0,0.0,0.0,295200.0,0.00026550602974872447,0.0,0.0,0.000265,0.9454177379185161,1.0,1567.6791611938072,1000.0,1567.5297812119838,1000.0,0.04999580393869503,0.0
2112,1691413380000.0,0.0,0.0,295200.0,0.00026550602974872447,0.0,0.0,0.000264,0.9454177379185161,1.0,1567.6791611938072,1000.0,1567.2345812119838,1000.0,0.04999580393869503,0.0
2113,1691416980000.0,0.0,0.0,295200.0,0.00026550602974872447,0.0,0.0,0.0002625,0.9454177379185161,1.0,1567.6791611938072,1000.0,1566.7917812119838,1000.0,0.04999580393869503,0.0
2114,1691420580000.0,0.0,0.0,295200.0,0.00026550602974872447,0.0,0.0,0.000259,0.9454177379185161,1.0,1567.6791611938072,1000.0,1565.7585812119837,1000.0,0.04999580393869503,0.0
2115,1691424180000.0,0.0,0.0,599000.0,0.0002616991318561326,0.0,0.0,0.000257,0.9454177379185161,1.0,1567.6634851138072,1000.0,1564.8487051319837,1000.0,0.09999453420352095,0.0
2116,1691427780000.0,0.0,0.0,599000.0,0.0002616991318561326,0.0,0.0,0.000255,0.9454177379185161,1.0,1567.6634851138072,1000.0,1563.6507051319836,1000.0,0.09999453420352095,0.0
2117,1691431380000.0,0.0,0.0,599000.0,0.0002616991318561326,0.0,0.0,0.000256,0.9454177379185161,1.0,1567.6634851138072,1000.0,1564.2497051319838,1000.0,0.09999453420352095,0.0
2118,1691434980000.0,0.0,0.0,599000.0,0.0002616991318561326,0.0,0.0,0.0002555,0.9454177379185161,1.0,1567.6634851138072,1000.0,1563.9502051319837,1000.0,0.09999453420352095,0.0
2119,1691438580000.0,0.0,0.0,599000.0,0.0002616991318561326,0.0,0.0,0.000256,0.9454177379185161,1.0,1567.6634851138072,1000.0,1564.2497051319838,1000.0,0.09999453420352095,0.0
2120,1691442180000.0,0.0,0.0,599000.0,0.0002616991318561326,0.0,0.0,0.000256,0.9454177379185161,1.0,1567.6634851138072,1000.0,1564.2497051319838,1000.0,0.09999453420352095,0.0
2121,1691445780000.0,0.0,0.0,599000.0,0.0002616991318561326,0.0,0.0,0.000257,0.9454177379185161,1.0,1567.6634851138072,1000.0,1564.8487051319837,1000.0,0.09999453420352095,0.0
2122,1691449380000.0,0.0,0.0,599000.0,0.0002616991318561326,0.0,0.0,0.000256,0.9454177379185161,1.0,1567.6634851138072,1000.0,1564.2497051319838,1000.0,0.09999453420352095,0.0
2123,1691452980000.0,0.0,0.0,599000.0,0.0002616991318561326,0.0,0.0,0.000256,0.9454177379185161,1.0,1567.6634851138072,1000.0,1564.2497051319838,1000.0,0.09999453420352095,0.0
2124,1691456580000.0,0.0,0.0,599000.0,0.0002616991318561326,0.0,0.0,0.0002555,0.9454177379185161,1.0,1567.6634851138072,1000.0,1563.9502051319837,1000.0,0.09999453420352095,0.0
2125,1691460180000.0,0.0,0.0,908800.0,0.0002587336927616895,0.0,0.0,0.0002515,0.9454177379185161,1.0,1567.6478092338073,1000.0,1561.0738292519839,1000.0,0.14999362650004114,0.0
2126,1691463780000.0,0.0,0.0,908800.0,0.0002587336927616895,0.0,0.0,0.0002525,0.9454177379185161,1.0,1567.6478092338073,1000.0,1561.9826292519838,1000.0,0.14999362650004114,0.0
2127,1691467380000.0,0.0,0.0,908800.0,0.0002587336927616895,0.0,0.0,0.000251,0.9454177379185161,1.0,1567.6478092338073,1000.0,1560.6194292519838,1000.0,0.14999362650004114,0.0
2128,1691470980000.0,0.0,0.0,908800.0,0.0002587336927616895,0.0,0.0,0.000253,0.9454177379185161,1.0,1567.6478092338073,1000.0,1562.4370292519839,1000.0,0.14999362650004114,0.0
2129,1691474580000.0,0.0,0.0,908800.0,0.0002587336927616895,0.0,0.0,0.000252,0.9454177379185161,1.0,1567.6478092338073,1000.0,1561.528229251984,1000.0,0.14999362650004114,0.0
2130,1691478180000.0,0.0,0.0,908800.0,0.0002587336927616895,0.0,0.0,0.000253,0.9454177379185161,1.0,1567.6478092338073,1000.0,1562.4370292519839,1000.0,0.14999362650004114,0.0
2131,1691481780000.0,0.0,0.0,908800.0,0.0002587336927616895,0.0,0.0,0.000254,0.9454177379185161,1.0,1567.6478092338073,1000.0,1563.3458292519838,1000.0,0.14999362650004114,0.0
2132,1691485380000.0,0.0,0.0,908800.0,0.0002587336927616895,0.0,0.0,0.000252,0.9454177379185161,1.0,1567.6478092338073,1000.0,1561.528229251984,1000.0,0.14999362650004114,0.0
2133,1691488980000.0,0.0,0.0,908800.0,0.0002587336927616895,0.0,0.0,0.000253,0.9454177379185161,1.0,1567.6478092338073,1000.0,1562.4370292519839,1000.0,0.14999362650004114,0.0
2134,1691492580000.0,0.0,0.0,908800.0,0.0002587336927616895,0.0,0.0,0.0002545,0.9454177379185161,1.0,1567.6478092338073,1000.0,1563.8002292519839,1000.0,0.14999362650004114,0.0
2135,1691496180000.0,0.0,0.0,908800.0,0.0002587336927616895,0.0,0.0,0.000254,0.9454177379185161,1.0,1567.6478092338073,1000.0,1563.3458292519838,1000.0,0.14999362650004114,0.0
2136,1691499780000.0,0.0,0.0,908800.0,0.0002587336927616895,0.0,0.0,0.0002555,0.9454177379185161,1.0,1567.6478092338073,1000.0,1564.7090292519838,1000.0,0.14999362650004114,0.0
2137,1691503380000.0,0.0,0.0,908800.0,0.0002587336927616895,0.0,0.0,0.000253,0.9454177379185161,1.0,1567.6478092338073,1000.0,1562.4370292519839,1000.0,0.14999362650004114,0.0
2138,1691506980000.0,0.0,0.0,908800.0,0.0002587336927616895,0.0,0.0,0.0002535,0.9454177379185161,1.0,1567.6478092338073,1000.0,1562.8914292519837,1000.0,0.14999362650004114,0.0
2139,1691510580000.0,0.0,0.0,908800.0,0.0002587336927616895,0.0,0.0,0.0002535,0.9454177379185161,1.0,1567.6478092338073,1000.0,1562.8914292519837,1000.0,0.14999362650004114,0.0
2140,1691514180000.0,0.0,0.0,908800.0,0.0002587336927616895,0.0,0.0,0.000256,0.9454177379185161,1.0,1567.6478092338073,1000.0,1565.1634292519839,1000.0,0.14999362650004114,0.0
2141,1691517780000.0,0.0,0.0,908800.0,0.0002587336927616895,0.0,0.0,0.000258,0.9454177379185161,1.0,1567.6478092338073,1000.0,1566.9810292519837,1000.0,0.14999362650004114,0.0
2142,1691521380000.0,0.0,0.0,287600.0,0.0002587336927616895,0.0,0.0,0.000259,0.9454177379185161,1.0,1567.9673838582457,1000.0,1568.0439738199839,1000.0,0.04745749867268234,0.0
2143,1691524980000.0,0.0,0.0,287600.0,0.0002587336927616895,0.0,0.0,0.000257,0.9454177379185161,1.0,1567.9673838582457,1000.0,1567.4687738199839,1000.0,0.04745749867268234,0.0
2144,1691528580000.0,0.0,0.0,91100.0,0.0002587336927616895,0.0,0.0,0.000259,0.9454177379185161,1.0,1568.0684727405737,1000.0,1568.0927333299837,1000.0,0.015031639128229267,0.0
2145,1691532180000.0,0.0,0.0,21700.0,0.0002587336927616895,0.0,0.0,0.0002585,0.9454177379185161,1.0,1568.1041753789125,1000.0,1568.0991042459839,1000.0,0.003580451618638146,0.0
2146,1691535780000.0,0.0,0.0,16300.0,0.0002587336927616895,0.0,0.0,0.000259,0.9454177379185161,1.0,1568.1069533939994,1000.0,1568.1112942019838,1000.0,0.002689458893659975,0.0
2147,1691539380000.0,0.0,0.0,12300.0,0.0002587336927616895,0.0,0.0,0.0002585,0.9454177379185161,1.0,1568.1090111829528,1000.0,1568.106136761984,1000.0,0.0020294663178856537,0.0
2148,1691542980000.0,0.0,0.0,12300.0,0.0002587336927616895,0.0,0.0,0.000256,0.9454177379185161,1.0,1568.1090111829528,1000.0,1568.075386761984,1000.0,0.0020294663178856537,0.0
2149,1691546580000.0,0.0,0.0,12300.0,0.0002587336927616895,0.0,0.0,0.000257,0.9454177379185161,1.0,1568.1090111829528,1000.0,1568.087686761984,1000.0,0.0020294663178856537,0.0
2150,1691550180000.0,0.0,0.0,173100.0,0.00025514934771046755,0.0,0.0,0.000256,0.9454177379185161,1.0,1568.161090434666,1000.0,1568.308338345984,1000.0,0.028164422875994084,0.0
2151,1691553780000.0,0.0,0.0,41200.0,0.00025514934771046755,0.0,0.0,0.0002565,0.9454177379185161,1.0,1568.2269761056552,1000.0,1568.282622979984,1000.0,0.00670320896518173,0.0
2152,1691557380000.0,0.0,0.0,41200.0,0.00025514934771046755,0.0,0.0,0.0002585,0.9454177379185161,1.0,1568.2269761056552,1000.0,1568.365022979984,1000.0,0.00670320896518173,0.0
2153,1691560980000.0,0.0,0.0,41200.0,0.00025514934771046755,0.0,0.0,0.000258,0.9454177379185161,1.0,1568.2269761056552,1000.0,1568.344422979984,1000.0,0.00670320896518173,0.0
2154,1691564580000.0,0.0,0.0,41200.0,0.00025514934771046755,0.0,0.0,0.000258,0.9454177379185161,1.0,1568.2269761056552,1000.0,1568.344422979984,1000.0,0.00670320896518173,0.0
2155,1691568180000.0,0.0,0.0,1700.0,0.00025514934771046755,0.0,0.0,0.0002595,0.9454177379185161,1.0,1568.4125736610915,1000.0,1568.4199697699837,1000.0,0.00027655598940736495,0.0
2156,1691571780000.0,0.0,0.0,300.0,0.00025514934771046755,0.0,0.0,0.00026,0.9454177379185161,1.0,1568.4191518022965,1000.0,1568.4206069979834,1000.0,4.8803793440791225e-05,0.0
2157,1691575380000.0,0.0,0.0,300.0,0.00025514934771046755,0.0,0.0,0.000261,0.9454177379185161,1.0,1568.4191518022965,1000.0,1568.4209069979834,1000.0,4.8803793440791225e-05,0.0
2158,1691578980000.0,0.0,0.0,200.0,0.00025514934771046755,0.0,0.0,0.0002615,0.9454177379185161,1.0,1568.4196216695254,1000.0,1568.4208917999833,1000.0,3.2535852546765565e-05,0.0
2159,1691582580000.0,0.0,0.0,200.0,0.00025514934771046755,0.0,0.0,0.0002625,0.9454177379185161,1.0,1568.4196216695254,1000.0,1568.4210917999833,1000.0,3.2535852546765565e-05,0.0
2160,1691586180000.0,0.0,0.0,0.0,0.00025514934771046755,0.0,0.0,0.0002645,0.9454177379185161,1.0,1568.421401235983,1000.0,1568.421401235983,1000.0,0.0,0.0
2161,1691589780000.0,0.0,0.0,0.0,0.00025514934771046755,0.0,0.0,0.000269,0.9454177379185161,1.0,1568.421401235983,1000.0,1568.421401235983,1000.0,0.0,0.0
2162,1691593380000.0,0.0,0.0,0.0,0.00025514934771046755,0.0,0.0,0.000263,0.9454177379185161,1.0,1568.421401235983,1000.0,1568.421401235983,1000.0,0.0,0.0
2163,1691596980000.0,0.0,0.0,0.0,0.00025514934771046755,0.0,0.0,0.000266,0.9454177379185161,1.0,1568.421401235983,1000.0,1568.421401235983,1000.0,0.0,0.0
2164,1691600580000.0,0.0,0.0,0.0,0.00025514934771046755,0.0,0.0,0.0002725,0.9454177379185161,1.0,1568.421401235983,1000.0,1568.421401235983,1000.0,0.0,0.0
2165,1691604180000.0,0.0,0.0,0.0,0.00025514934771046755,0.0,0.0,0.00027,0.9454177379185161,1.0,1568.421401235983,1000.0,1568.421401235983,1000.0,0.0,0.0
2166,1691607780000.0,0.0,0.0,0.0,0.00025514934771046755,0.0,0.0,0.000272,0.9454177379185161,1.0,1568.421401235983,1000.0,1568.421401235983,1000.0,0.0,0.0
2167,1691611380000.0,0.0,0.0,0.0,0.00025514934771046755,0.0,0.0,0.0002745,0.9454177379185161,1.0,1568.421401235983,1000.0,1568.421401235983,1000.0,0.0,0.0
2168,1691614980000.0,0.0,0.0,0.0,0.00025514934771046755,0.0,0.0,0.0002735,0.9454177379185161,1.0,1568.421401235983,1000.0,1568.421401235983,1000.0,0.0,0.0
2169,1691618580000.0,0.0,0.0,0.0,0.00025514934771046755,0.0,0.0,0.0002755,0.9454177379185161,1.0,1568.421401235983,1000.0,1568.421401235983,1000.0,0.0,0.0
2170,1691622180000.0,0.0,0.0,0.0,0.00025514934771046755,0.0,0.0,0.0002765,0.9454177379185161,1.0,1568.421401235983,1000.0,1568.421401235983,1000.0,0.0,0.0
2171,1691625780000.0,0.0,0.0,0.0,0.00025514934771046755,0.0,0.0,0.000278,0.9454177379185161,1.0,1568.421401235983,1000.0,1568.421401235983,1000.0,0.0,0.0
2172,1691629380000.0,0.0,0.0,0.0,0.00025514934771046755,0.0,0.0,0.0002835,0.9454177379185161,1.0,1568.421401235983,1000.0,1568.421401235983,1000.0,0.0,0.0
2173,1691632980000.0,0.0,0.0,0.0,0.00025514934771046755,0.0,0.0,0.0002835,0.9454177379185161,1.0,1568.421401235983,1000.0,1568.421401235983,1000.0,0.0,0.0
2174,1691636580000.0,0.0,0.0,0.0,0.00025514934771046755,0.0,0.0,0.000282,0.9454177379185161,1.0,1568.421401235983,1000.0,1568.421401235983,1000.0,0.0,0.0
2175,1691640180000.0,0.0,0.0,0.0,0.00025514934771046755,0.0,0.0,0.000284,0.9454177379185161,1.0,1568.421401235983,1000.0,1568.421401235983,1000.0,0.0,0.0
2176,1691643780000.0,0.0,0.0,0.0,0.00025514934771046755,0.0,0.0,0.0002805,0.9454177379185161,1.0,1568.421401235983,1000.0,1568.421401235983,1000.0,0.0,0.0
2177,1691647380000.0,0.0,0.0,0.0,0.00025514934771046755,0.0,0.0,0.000277,0.9454177379185161,1.0,1568.421401235983,1000.0,1568.421401235983,1000.0,0.0,0.0
2178,1691650980000.0,0.0,0.0,0.0,0.00025514934771046755,0.0,0.0,0.000276,0.9454177379185161,1.0,1568.421401235983,1000.0,1568.421401235983,1000.0,0.0,0.0
2179,1691654580000.0,0.0,0.0,0.0,0.00025514934771046755,0.0,0.0,0.000284,0.9454177379185161,1.0,1568.421401235983,1000.0,1568.421401235983,1000.0,0.0,0.0
2180,1691658180000.0,0.0,0.0,0.0,0.00025514934771046755,0.0,0.0,0.0002845,0.9454177379185161,1.0,1568.421401235983,1000.0,1568.421401235983,1000.0,0.0,0.0
2181,1691661780000.0,0.0,0.0,0.0,0.00025514934771046755,0.0,0.0,0.000282,0.9454177379185161,1.0,1568.421401235983,1000.0,1568.421401235983,1000.0,0.0,0.0
2182,1691665380000.0,0.0,0.0,0.0,0.00025514934771046755,0.0,0.0,0.000285,0.9454177379185161,1.0,1568.421401235983,1000.0,1568.421401235983,1000.0,0.0,0.0
2183,1691668980000.0,0.0,0.0,0.0,0.00025514934771046755,0.0,0.0,0.0002835,0.9454177379185161,1.0,1568.421401235983,1000.0,1568.421401235983,1000.0,0.0,0.0
2184,1691672580000.0,0.0,0.0,0.0,0.00025514934771046755,0.0,0.0,0.0002875,0.9454177379185161,1.0,1568.421401235983,1000.0,1568.421401235983,1000.0,0.0,0.0
2185,1691676180000.0,0.0,0.0,0.0,0.00025514934771046755,0.0,0.0,0.000291,0.9454177379185161,1.0,1568.421401235983,1000.0,1568.421401235983,1000.0,0.0,0.0
2186,1691679780000.0,0.0,0.0,0.0,0.00025514934771046755,0.0,0.0,0.0002915,0.9454177379185161,1.0,1568.421401235983,1000.0,1568.421401235983,1000.0,0.0,0.0
2187,1691683380000.0,0.0,0.0,0.0,0.00025514934771046755,0.0,0.0,0.000286,0.9454177379185161,1.0,1568.421401235983,1000.0,1568.421401235983,1000.0,0.0,0.0
2188,1691686980000.0,0.0,0.0,0.0,0.00025514934771046755,0.0,0.0,0.000285,0.9454177379185161,1.0,1568.421401235983,1000.0,1568.421401235983,1000.0,0.0,0.0
2189,1691690580000.0,0.0,0.0,0.0,0.00025514934771046755,0.0,0.0,0.0002825,0.9454177379185161,1.0,1568.421401235983,1000.0,1568.421401235983,1000.0,0.0,0.0
2190,1691694180000.0,0.0,0.0,0.0,0.00025514934771046755,0.0,0.0,0.000283,0.9454177379185161,1.0,1568.421401235983,1000.0,1568.421401235983,1000.0,0.0,0.0
2191,1691697780000.0,0.0,0.0,0.0,0.00025514934771046755,0.0,0.0,0.0002835,0.9454177379185161,1.0,1568.421401235983,1000.0,1568.421401235983,1000.0,0.0,0.0
2192,1691701380000.0,0.0,0.0,0.0,0.00025514934771046755,0.0,0.0,0.0002845,0.9454177379185161,1.0,1568.421401235983,1000.0,1568.421401235983,1000.0,0.0,0.0
2193,1691704980000.0,0.0,0.0,0.0,0.00025514934771046755,0.0,0.0,0.000282,0.9454177379185161,1.0,1568.421401235983,1000.0,1568.421401235983,1000.0,0.0,0.0
2194,1691708580000.0,0.0,0.0,0.0,0.00025514934771046755,0.0,0.0,0.000284,0.9454177379185161,1.0,1568.421401235983,1000.0,1568.421401235983,1000.0,0.0,0.0
2195,1691712180000.0,0.0,0.0,0.0,0.00025514934771046755,0.0,0.0,0.000283,0.9454177379185161,1.0,1568.421401235983,1000.0,1568.421401235983,1000.0,0.0,0.0
2196,1691715780000.0,0.0,0.0,0.0,0.00025514934771046755,0.0,0.0,0.0002835,0.9454177379185161,1.0,1568.421401235983,1000.0,1568.421401235983,1000.0,0.0,0.0
2197,1691719380000.0,0.0,0.0,279600.0,0.0002805,0.0,0.0,0.0002805,0.9454177379185161,1.0,1568.405715675983,1000.0,1568.405715675983,1000.0,0.05000479099006446,0.0
2198,1691722980000.0,0.0,0.0,279600.0,0.0002805,0.0,0.0,0.000278,0.9454177379185161,1.0,1568.4653589399832,1000.0,1567.766358939983,1000.0,0.05000288948236886,0.0
2199,1691726580000.0,0.0,0.0,279600.0,0.0002805,0.0,0.0,0.00028,0.9454177379185161,1.0,1568.4653589399832,1000.0,1568.3255589399832,1000.0,0.05000288948236886,0.0
2200,1691730180000.0,0.0,0.0,280100.0,0.0002803743305962156,0.0,0.0,0.0002775,0.9454177379185161,1.0,1568.4994267619834,1000.0,1567.6943267619833,1000.0,0.050068778260329704,0.0
2201,1691733780000.0,0.0,0.0,280100.0,0.0002803743305962156,0.0,0.0,0.0002745,0.9454177379185161,1.0,1568.4994267619834,1000.0,1566.8540267619835,1000.0,0.050068778260329704,0.0
2202,1691737380000.0,0.0,0.0,280100.0,0.0002803743305962156,0.0,0.0,0.000275,0.9454177379185161,1.0,1568.4994267619834,1000.0,1566.9940767619835,1000.0,0.050068778260329704,0.0
2203,1691740980000.0,0.0,0.0,280100.0,0.0002803743305962156,0.0,0.0,0.000275,0.9454177379185161,1.0,1568.4994267619834,1000.0,1566.9940767619835,1000.0,0.050068778260329704,0.0
2204,1691744580000.0,0.0,0.0,567900.0,0.0002763837823560486,0.0,0.0,0.0002715,0.9454177379185161,1.0,1568.4837416619835,1000.0,1565.7102416619834,1000.0,0.10007011601770581,0.0
2205,1691748180000.0,0.0,0.0,567900.0,0.0002763837823560486,0.0,0.0,0.0002715,0.9454177379185161,1.0,1568.4837416619835,1000.0,1565.7102416619834,1000.0,0.10007011601770581,0.0
2206,1691751780000.0,0.0,0.0,567900.0,0.0002763837823560486,0.0,0.0,0.0002705,0.9454177379185161,1.0,1568.4837416619835,1000.0,1565.1423416619834,1000.0,0.10007011601770581,0.0
2207,1691755380000.0,0.0,0.0,567900.0,0.0002763837823560486,0.0,0.0,0.0002715,0.9454177379185161,1.0,1568.4837416619835,1000.0,1565.7102416619834,1000.0,0.10007011601770581,0.0
2208,1691758980000.0,0.0,0.0,567900.0,0.0002763837823560486,0.0,0.0,0.000271,0.9454177379185161,1.0,1568.4837416619835,1000.0,1565.4262916619834,1000.0,0.10007011601770581,0.0
2209,1691762580000.0,0.0,0.0,567900.0,0.0002763837823560486,0.0,0.0,0.000271,0.9454177379185161,1.0,1568.4837416619835,1000.0,1565.4262916619834,1000.0,0.10007011601770581,0.0
2210,1691766180000.0,0.0,0.0,567900.0,0.0002763837823560486,0.0,0.0,0.0002705,0.9454177379185161,1.0,1568.4837416619835,1000.0,1565.1423416619834,1000.0,0.10007011601770581,0.0
2211,1691769780000.0,0.0,0.0,567900.0,0.0002763837823560486,0.0,0.0,0.00027,0.9454177379185161,1.0,1568.4837416619835,1000.0,1564.8583916619834,1000.0,0.10007011601770581,0.0
2212,1691773380000.0,0.0,0.0,567900.0,0.0002763837823560486,0.0,0.0,0.0002755,0.9454177379185161,1.0,1568.4837416619835,1000.0,1567.9818416619835,1000.0,0.10007011601770581,0.0
2213,1691776980000.0,0.0,0.0,567900.0,0.0002763837823560486,0.0,0.0,0.000273,0.9454177379185161,1.0,1568.4837416619835,1000.0,1566.5620916619835,1000.0,0.10007011601770581,0.0
2214,1691780580000.0,0.0,0.0,567900.0,0.0002763837823560486,0.0,0.0,0.000274,0.9454177379185161,1.0,1568.4837416619835,1000.0,1567.1299916619835,1000.0,0.10007011601770581,0.0
2215,1691784180000.0,0.0,0.0,567900.0,0.0002763837823560486,0.0,0.0,0.0002745,0.9454177379185161,1.0,1568.4837416619835,1000.0,1567.4139416619835,1000.0,0.10007011601770581,0.0
2216,1691787780000.0,0.0,0.0,567900.0,0.0002763837823560486,0.0,0.0,0.0002735,0.9454177379185161,1.0,1568.4837416619835,1000.0,1566.8460416619835,1000.0,0.10007011601770581,0.0
2217,1691791380000.0,0.0,0.0,567900.0,0.0002763837823560486,0.0,0.0,0.000271,0.9454177379185161,1.0,1568.4837416619835,1000.0,1565.4262916619834,1000.0,0.10007011601770581,0.0
2218,1691794980000.0,0.0,0.0,567900.0,0.0002763837823560486,0.0,0.0,0.000273,0.9454177379185161,1.0,1568.4837416619835,1000.0,1566.5620916619835,1000.0,0.10007011601770581,0.0
2219,1691798580000.0,0.0,0.0,567900.0,0.0002763837823560486,0.0,0.0,0.0002745,0.9454177379185161,1.0,1568.4837416619835,1000.0,1567.4139416619835,1000.0,0.10007011601770581,0.0
2220,1691802180000.0,0.0,0.0,426000.0,0.0002763837823560486,0.0,0.0,0.000273,0.9454177379185161,1.0,1568.5633216856602,1000.0,1567.1218304019835,1000.0,0.0750619944097301,0.0
2221,1691805780000.0,0.0,0.0,426000.0,0.0002763837823560486,0.0,0.0,0.000274,0.9454177379185161,1.0,1568.5633216856602,1000.0,1567.5478304019834,1000.0,0.0750619944097301,0.0
2222,1691809380000.0,0.0,0.0,319500.0,0.0002763837823560486,0.0,0.0,0.000276,0.9454177379185161,1.0,1568.623048764741,1000.0,1568.5004303019834,1000.0,0.056294352255180514,0.0
2223,1691812980000.0,0.0,0.0,179800.0,0.0002763837823560486,0.0,0.0,0.000278,0.9454177379185161,1.0,1568.701394989601,1000.0,1568.9919909219836,1000.0,0.03167830679971248,0.0
2224,1691816580000.0,0.0,0.0,75900.0,0.0002763837823560486,0.0,0.0,0.0002775,0.9454177379185161,1.0,1568.7596639428075,1000.0,1568.8443848619834,1000.0,0.013372047715773541,0.0
2225,1691820180000.0,0.0,0.0,57000.0,0.0002763837823560486,0.0,0.0,0.000279,0.9454177379185161,1.0,1568.770263396278,1000.0,1568.9193878019832,1000.0,0.01004218142189203,0.0
2226,1691823780000.0,0.0,0.0,2200.0,0.0002763837823560486,0.0,0.0,0.0002845,0.9454177379185161,1.0,1569.1156132671665,1000.0,1569.1334689459832,1000.0,0.0003875076610303143,0.0
2227,1691827380000.0,0.0,0.0,300.0,0.0002763837823560486,0.0,0.0,0.0002865,0.9454177379185161,1.0,1569.1339653626899,1000.0,1569.137000227983,1000.0,5.284133575405052e-05,0.0
2228,1691830980000.0,0.0,0.0,0.0,0.0002763837823560486,0.0,0.0,0.0002925,0.9454177379185161,1.0,1569.137762881983,1000.0,1569.137762881983,1000.0,0.0,0.0
2229,1691834580000.0,0.0,0.0,0.0,0.0002763837823560486,0.0,0.0,0.0002945,0.9454177379185161,1.0,1569.137762881983,1000.0,1569.137762881983,1000.0,0.0,0.0
2230,1691838180000.0,0.0,0.0,0.0,0.0002763837823560486,0.0,0.0,0.000299,0.9454177379185161,1.0,1569.137762881983,1000.0,1569.137762881983,1000.0,0.0,0.0
2231,1691841780000.0,0.0,0.0,0.0,0.0002763837823560486,0.0,0.0,0.0003065,0.9454177379185161,1.0,1569.137762881983,1000.0,1569.137762881983,1000.0,0.0,0.0
2232,1691845380000.0,0.0,0.0,0.0,0.0002763837823560486,0.0,0.0,0.0003085,0.9454177379185161,1.0,1569.137762881983,1000.0,1569.137762881983,1000.0,0.0,0.0
2233,1691848980000.0,0.0,0.0,0.0,0.0002763837823560486,0.0,0.0,0.0003055,0.9454177379185161,1.0,1569.137762881983,1000.0,1569.137762881983,1000.0,0.0,0.0
2234,1691852580000.0,0.0,0.0,0.0,0.0002763837823560486,0.0,0.0,0.000304,0.9454177379185161,1.0,1569.137762881983,1000.0,1569.137762881983,1000.0,0.0,0.0
2235,1691856180000.0,0.0,0.0,0.0,0.0002763837823560486,0.0,0.0,0.0003045,0.9454177379185161,1.0,1569.137762881983,1000.0,1569.137762881983,1000.0,0.0,0.0
2236,1691859780000.0,0.0,0.0,0.0,0.0002763837823560486,0.0,0.0,0.000304,0.9454177379185161,1.0,1569.137762881983,1000.0,1569.137762881983,1000.0,0.0,0.0
2237,1691863380000.0,0.0,0.0,0.0,0.0002763837823560486,0.0,0.0,0.000304,0.9454177379185161,1.0,1569.137762881983,1000.0,1569.137762881983,1000.0,0.0,0.0
2238,1691866980000.0,0.0,0.0,0.0,0.0002763837823560486,0.0,0.0,0.000308,0.9454177379185161,1.0,1569.137762881983,1000.0,1569.137762881983,1000.0,0.0,0.0
2239,1691870580000.0,0.0,0.0,0.0,0.0002763837823560486,0.0,0.0,0.000306,0.9454177379185161,1.0,1569.137762881983,1000.0,1569.137762881983,1000.0,0.0,0.0
2240,1691874180000.0,0.0,0.0,0.0,0.0002763837823560486,0.0,0.0,0.000297,0.9454177379185161,1.0,1569.137762881983,1000.0,1569.137762881983,1000.0,0.0,0.0
2241,1691877780000.0,0.0,0.0,0.0,0.0002763837823560486,0.0,0.0,0.0002985,0.9454177379185161,1.0,1569.137762881983,1000.0,1569.137762881983,1000.0,0.0,0.0
2242,1691881380000.0,0.0,0.0,0.0,0.0002763837823560486,0.0,0.0,0.000297,0.9454177379185161,1.0,1569.137762881983,1000.0,1569.137762881983,1000.0,0.0,0.0
2243,1691884980000.0,0.0,0.0,0.0,0.0002763837823560486,0.0,0.0,0.0002975,0.9454177379185161,1.0,1569.137762881983,1000.0,1569.137762881983,1000.0,0.0,0.0
2244,1691888580000.0,0.0,0.0,0.0,0.0002763837823560486,0.0,0.0,0.0002975,0.9454177379185161,1.0,1569.137762881983,1000.0,1569.137762881983,1000.0,0.0,0.0
2245,1691892180000.0,0.0,0.0,200100.0,0.0002941,0.0,0.0,0.0002955,0.9454177379185161,1.0,1569.3220846959828,1000.0,1569.6022246959828,1000.0,0.037499892835192346,0.0
2246,1691895780000.0,0.0,0.0,133400.0,0.0002941,0.0,0.0,0.000299,0.9454177379185161,1.0,1569.684938031983,1000.0,1570.3385980319829,1000.0,0.024994149494222014,0.0
2247,1691899380000.0,0.0,0.0,17600.0,0.0002941,0.0,0.0,0.0003015,0.9454177379185161,1.0,1570.3148992959827,1000.0,1570.4451392959827,1000.0,0.0032962560581451666,0.0
2248,1691902980000.0,0.0,0.0,11800.0,0.0002941,0.0,0.0,0.0003015,0.9454177379185161,1.0,1570.3464517599828,1000.0,1570.4337717599828,1000.0,0.002209945452553183,0.0
2249,1691906580000.0,0.0,0.0,2400.0,0.0002941,0.0,0.0,0.0002995,0.9454177379185161,1.0,1570.3975885119828,1000.0,1570.4105485119828,1000.0,0.00044946579462645054,0.0
2250,1691910180000.0,0.0,0.0,250100.0,0.00029532248960117,0.0,0.0,0.0002965,0.9454177379185161,1.0,1570.5193116792354,1000.0,1570.8138070299829,1000.0,0.047029128581857184,0.0
2251,1691913780000.0,0.0,0.0,199500.0,0.00029530502400266833,0.0,0.0,0.000297,0.9454177379185161,1.0,1570.6672431085153,1000.0,1571.005390819983,1000.0,0.03750848726681065,0.0
2252,1691917380000.0,0.0,0.0,216200.0,0.00029530282706430707,0.0,0.0,0.000294,0.9454177379185161,1.0,1570.7334639172861,1000.0,1570.451792705983,1000.0,0.04064627938344172,0.0
2253,1691920980000.0,0.0,0.0,32200.0,0.00029530282706430707,0.0,0.0,0.0002995,0.9454177379185161,1.0,1571.4747261374532,1000.0,1571.6098751059826,1000.0,0.0060508456631958455,0.0
2254,1691924580000.0,0.0,0.0,4800.0,0.00029530282706430707,0.0,0.0,0.0003045,0.9454177379185161,1.0,1571.646735683891,1000.0,1571.6908821139823,1000.0,0.0009018906970158781,0.0
2255,1691928180000.0,0.0,0.0,200.0,0.00029530282706430707,0.0,0.0,0.000304,0.9454177379185161,1.0,1571.693821527395,1000.0,1571.695560961982,1000.0,3.757765323239961e-05,0.0
2256,1691931780000.0,0.0,0.0,0.0,0.00029530282706430707,0.0,0.0,0.0003035,0.9454177379185161,1.0,1571.695868737982,1000.0,1571.695868737982,1000.0,0.0,0.0
2257,1691935380000.0,0.0,0.0,0.0,0.00029530282706430707,0.0,0.0,0.0002995,0.9454177379185161,1.0,1571.695868737982,1000.0,1571.695868737982,1000.0,0.0,0.0
2258,1691938980000.0,0.0,0.0,0.0,0.00029530282706430707,0.0,0.0,0.000301,0.9454177379185161,1.0,1571.695868737982,1000.0,1571.695868737982,1000.0,0.0,0.0
2259,1691942580000.0,0.0,0.0,111600.0,0.00029719999999999996,0.0,0.0,0.000298,0.9454177379185161,1.0,1571.845170265982,1000.0,1571.934450265982,1000.0,0.021101009582507102,0.0
2260,1691946180000.0,0.0,0.0,177400.0,0.0002972,0.0,0.0,0.0002995,0.9454177379185161,1.0,1571.8918043739818,1000.0,1572.299824373982,1000.0,0.0335412907257936,0.0
2261,1691949780000.0,0.0,0.0,177400.0,0.0002972,0.0,0.0,0.0003,0.9454177379185161,1.0,1571.8918043739818,1000.0,1572.388524373982,1000.0,0.0335412907257936,0.0
2262,1691953380000.0,0.0,0.0,264700.0,0.0002971635614380258,0.0,0.0,0.0002965,0.9454177379185161,1.0,1572.028480294627,1000.0,1571.8528355819815,1000.0,0.05003674914204052,0.0
2263,1691956980000.0,0.0,0.0,35500.0,0.0002971635614380258,0.0,0.0,0.000301,0.9454177379185161,1.0,1572.1607008610315,1000.0,1572.2968944299816,1000.0,0.00671006877685744,0.0
2264,1691960580000.0,0.0,0.0,15800.0,0.0002971635614380258,0.0,0.0,0.0003015,0.9454177379185161,1.0,1572.2685760627023,1000.0,1572.3370917919815,1000.0,0.002986248241683082,0.0
2265,1691964180000.0,0.0,0.0,10600.0,0.0002971635614380258,0.0,0.0,0.000299,0.9454177379185161,1.0,1572.2970507352245,1000.0,1572.3165169839815,1000.0,0.0020033960820381416,0.0
2266,1691967780000.0,0.0,0.0,198300.0,0.0002974942717611469,0.0,0.0,0.000298,0.9454177379185161,1.0,1572.327753418217,1000.0,1572.4280393279817,1000.0,0.0375196036335206,0.0
2267,1691971380000.0,0.0,0.0,264400.0,0.0002974302960429357,0.0,0.0,0.0002975,0.9454177379185161,1.0,1572.4295035817338,1000.0,1572.4479333079817,1000.0,0.05001214368887255,0.0
2268,1691974980000.0,0.0,0.0,198400.0,0.0002973549755704788,0.0,0.0,0.000298,0.9454177379185161,1.0,1572.5523295311646,1000.0,1572.6803023779817,1000.0,0.03751558917646424,0.0
2269,1691978580000.0,0.0,0.0,62800.0,0.0002973549755704788,0.0,0.0,0.0002985,0.9454177379185161,1.0,1572.6317130838074,1000.0,1572.7036206179814,1000.0,0.011874294731859393,0.0
2270,1691982180000.0,0.0,0.0,140000.0,0.00029731305280085473,0.0,0.0,0.0003005,0.9454177379185161,1.0,1572.697824728101,1000.0,1573.1439973359813,1000.0,0.0264665129802134,0.0
2271,1691985780000.0,0.0,0.0,140000.0,0.00029731305280085473,0.0,0.0,0.000301,0.9454177379185161,1.0,1572.697824728101,1000.0,1573.2139973359815,1000.0,0.0264665129802134,0.0
2272,1691989380000.0,0.0,0.0,27800.0,0.00029731305280085473,0.0,0.0,0.0003035,0.9454177379185161,1.0,1573.3178831278453,1000.0,1573.4898802599816,1000.0,0.005253422055708074,0.0
2273,1691992980000.0,0.0,0.0,27800.0,0.00029731305280085473,0.0,0.0,0.000303,0.9454177379185161,1.0,1573.3178831278453,1000.0,1573.4759802599815,1000.0,0.005253422055708074,0.0
2274,1691996580000.0,0.0,0.0,1800.0,0.00029731305280085473,0.0,0.0,0.0003055,0.9454177379185161,1.0,1573.4615686750233,1000.0,1573.4763051799816,1000.0,0.0003401185676827097,0.0
2275,1692000180000.0,0.0,0.0,1800.0,0.00029731305280085473,0.0,0.0,0.0003055,0.9454177379185161,1.0,1573.4615686750233,1000.0,1573.4763051799816,1000.0,0.0003401185676827097,0.0
2276,1692003780000.0,0.0,0.0,1800.0,0.00029731305280085473,0.0,0.0,0.0003035,0.9454177379185161,1.0,1573.4615686750233,1000.0,1573.4727051799816,1000.0,0.0003401185676827097,0.0
2277,1692007380000.0,0.0,0.0,800.0,0.00029731305280085473,0.0,0.0,0.000304,0.9454177379185161,1.0,1573.4670950422224,1000.0,1573.4724445999816,1000.0,0.00015116327693799107,0.0
2278,1692010980000.0,0.0,0.0,800.0,0.00029731305280085473,0.0,0.0,0.000305,0.9454177379185161,1.0,1573.4670950422224,1000.0,1573.4732445999816,1000.0,0.00015116327693799107,0.0
2279,1692014580000.0,0.0,0.0,800.0,0.00029731305280085473,0.0,0.0,0.000304,0.9454177379185161,1.0,1573.4670950422224,1000.0,1573.4724445999816,1000.0,0.00015116327693799107,0.0
2280,1692018180000.0,0.0,0.0,262300.0,0.00029989556015991455,0.0,0.0,0.0002975,0.9454177379185161,1.0,1573.490874597927,1000.0,1572.8625191679814,1000.0,0.04999241285720592,0.0
2281,1692021780000.0,0.0,0.0,262300.0,0.00029989556015991455,0.0,0.0,0.0002975,0.9454177379185161,1.0,1573.490874597927,1000.0,1572.8625191679814,1000.0,0.04999241285720592,0.0
2282,1692025380000.0,0.0,0.0,262300.0,0.00029989556015991455,0.0,0.0,0.000299,0.9454177379185161,1.0,1573.490874597927,1000.0,1573.2559691679812,1000.0,0.04999241285720592,0.0
2283,1692028980000.0,0.0,0.0,262300.0,0.00029989556015991455,0.0,0.0,0.000299,0.9454177379185161,1.0,1573.490874597927,1000.0,1573.2559691679812,1000.0,0.04999241285720592,0.0
2284,1692032580000.0,0.0,0.0,147600.0,0.00029989556015991455,0.0,0.0,0.0003,0.9454177379185161,1.0,1573.564778083585,1000.0,1573.5801934039816,1000.0,0.028130131848472354,0.0
2285,1692036180000.0,0.0,0.0,263300.0,0.00029941414614357534,0.0,0.0,0.0002945,0.9454177379185161,1.0,1573.557863851585,1000.0,1572.2639691719814,1000.0,0.05010031501900907,0.0
2286,1692039780000.0,0.0,0.0,263300.0,0.00029941414614357534,0.0,0.0,0.000294,0.9454177379185161,1.0,1573.557863851585,1000.0,1572.1323191719814,1000.0,0.05010031501900907,0.0
2287,1692043380000.0,0.0,0.0,263300.0,0.00029941414614357534,0.0,0.0,0.0002955,0.9454177379185161,1.0,1573.557863851585,1000.0,1572.5272691719815,1000.0,0.05010031501900907,0.0
2288,1692046980000.0,0.0,0.0,263300.0,0.00029941414614357534,0.0,0.0,0.000297,0.9454177379185161,1.0,1573.557863851585,1000.0,1572.9222191719816,1000.0,0.05010031501900907,0.0
2289,1692050580000.0,0.0,0.0,263300.0,0.00029941414614357534,0.0,0.0,0.000296,0.9454177379185161,1.0,1573.557863851585,1000.0,1572.6589191719816,1000.0,0.05010031501900907,0.0
2290,1692054180000.0,0.0,0.0,263300.0,0.00029941414614357534,0.0,0.0,0.000295,0.9454177379185161,1.0,1573.557863851585,1000.0,1572.3956191719815,1000.0,0.05010031501900907,0.0
2291,1692057780000.0,0.0,0.0,263300.0,0.00029941414614357534,0.0,0.0,0.000295,0.9454177379185161,1.0,1573.557863851585,1000.0,1572.3956191719815,1000.0,0.05010031501900907,0.0
2292,1692061380000.0,0.0,0.0,263300.0,0.00029941414614357534,0.0,0.0,0.000298,0.9454177379185161,1.0,1573.557863851585,1000.0,1573.1855191719815,1000.0,0.05010031501900907,0.0
2293,1692064980000.0,0.0,0.0,263300.0,0.00029941414614357534,0.0,0.0,0.0002965,0.9454177379185161,1.0,1573.557863851585,1000.0,1572.7905691719816,1000.0,0.05010031501900907,0.0
2294,1692068580000.0,0.0,0.0,263300.0,0.00029941414614357534,0.0,0.0,0.0002975,0.9454177379185161,1.0,1573.557863851585,1000.0,1573.0538691719814,1000.0,0.05010031501900907,0.0
2295,1692072180000.0,0.0,0.0,263300.0,0.00029941414614357534,0.0,0.0,0.0002955,0.9454177379185161,1.0,1573.557863851585,1000.0,1572.5272691719815,1000.0,0.05010031501900907,0.0
2296,1692075780000.0,0.0,0.0,263300.0,0.00029941414614357534,0.0,0.0,0.0002935,0.9454177379185161,1.0,1573.557863851585,1000.0,1572.0006691719816,1000.0,0.05010031501900907,0.0
2297,1692079380000.0,0.0,0.0,263300.0,0.00029941414614357534,0.0,0.0,0.000293,0.9454177379185161,1.0,1573.557863851585,1000.0,1571.8690191719816,1000.0,0.05010031501900907,0.0
2298,1692082980000.0,0.0,0.0,263300.0,0.00029941414614357534,0.0,0.0,0.000294,0.9454177379185161,1.0,1573.557863851585,1000.0,1572.1323191719814,1000.0,0.05010031501900907,0.0
2299,1692086580000.0,0.0,0.0,263300.0,0.00029941414614357534,0.0,0.0,0.000295,0.9454177379185161,1.0,1573.557863851585,1000.0,1572.3956191719815,1000.0,0.05010031501900907,0.0
2300,1692090180000.0,0.0,0.0,263300.0,0.00029941414614357534,0.0,0.0,0.0002945,0.9454177379185161,1.0,1573.557863851585,1000.0,1572.2639691719814,1000.0,0.05010031501900907,0.0
2301,1692093780000.0,0.0,0.0,263300.0,0.00029941414614357534,0.0,0.0,0.000295,0.9454177379185161,1.0,1573.557863851585,1000.0,1572.3956191719815,1000.0,0.05010031501900907,0.0
2302,1692097380000.0,0.0,0.0,263300.0,0.00029941414614357534,0.0,0.0,0.0002955,0.9454177379185161,1.0,1573.557863851585,1000.0,1572.5272691719815,1000.0,0.05010031501900907,0.0
2303,1692100980000.0,0.0,0.0,533700.0,0.0002951511048896447,0.0,0.0,0.0002875,0.9454177379185161,1.0,1573.542126571585,1000.0,1569.4587318919816,1000.0,0.1001067222920881,0.0
2304,1692104580000.0,0.0,0.0,533700.0,0.0002951511048896447,0.0,0.0,0.000288,0.9454177379185161,1.0,1573.542126571585,1000.0,1569.7255818919816,1000.0,0.1001067222920881,0.0
2305,1692108180000.0,0.0,0.0,533700.0,0.0002951511048896447,0.0,0.0,0.000289,0.9454177379185161,1.0,1573.542126571585,1000.0,1570.2592818919816,1000.0,0.1001067222920881,0.0
2306,1692111780000.0,0.0,0.0,533700.0,0.0002951511048896447,0.0,0.0,0.000288,0.9454177379185161,1.0,1573.542126571585,1000.0,1569.7255818919816,1000.0,0.1001067222920881,0.0
2307,1692115380000.0,0.0,0.0,809400.0,0.0002918296573753439,0.0,0.0,0.0002855,0.9454177379185161,1.0,1573.526389615585,1000.0,1568.4031649359817,1000.0,0.1501131002558585,0.0
2308,1692118980000.0,0.0,0.0,809400.0,0.0002918296573753439,0.0,0.0,0.000285,0.9454177379185161,1.0,1573.526389615585,1000.0,1567.9984649359817,1000.0,0.1501131002558585,0.0
2309,1692122580000.0,0.0,0.0,809400.0,0.0002918296573753439,0.0,0.0,0.000285,0.9454177379185161,1.0,1573.526389615585,1000.0,1567.9984649359817,1000.0,0.1501131002558585,0.0
2310,1692126180000.0,0.0,0.0,809400.0,0.0002918296573753439,0.0,0.0,0.0002855,0.9454177379185161,1.0,1573.526389615585,1000.0,1568.4031649359817,1000.0,0.1501131002558585,0.0
2311,1692129780000.0,0.0,0.0,2342100.0,0.0002802699221551613,0.0,0.0,0.0002715,0.9454177379185161,1.0,1573.442346963585,1000.0,1552.9023122839817,1000.0,0.4171873128661861,0.0
2312,1692133380000.0,0.0,0.0,2342100.0,0.0002802699221551613,0.0,0.0,0.0002755,0.9454177379185161,1.0,1573.442346963585,1000.0,1562.2707122839815,1000.0,0.4171873128661861,0.0
2313,1692136980000.0,0.0,0.0,2342100.0,0.0002802699221551613,0.0,0.0,0.000274,0.9454177379185161,1.0,1573.442346963585,1000.0,1558.7575622839815,1000.0,0.4171873128661861,0.0
2314,1692140580000.0,0.0,0.0,2342100.0,0.0002802699221551613,0.0,0.0,0.0002735,0.9454177379185161,1.0,1573.442346963585,1000.0,1557.5865122839816,1000.0,0.4171873128661861,0.0
2315,1692144180000.0,0.0,0.0,2342100.0,0.0002802699221551613,0.0,0.0,0.0002745,0.9454177379185161,1.0,1573.442346963585,1000.0,1559.9286122839817,1000.0,0.4171873128661861,0.0
2316,1692147780000.0,0.0,0.0,2342100.0,0.0002802699221551613,0.0,0.0,0.0002735,0.9454177379185161,1.0,1573.442346963585,1000.0,1557.5865122839816,1000.0,0.4171873128661861,0.0
2317,1692151380000.0,0.0,0.0,2342100.0,0.0002802699221551613,0.0,0.0,0.0002695,0.9454177379185161,1.0,1573.442346963585,1000.0,1548.2181122839816,1000.0,0.4171873128661861,0.0
2318,1692154980000.0,0.0,0.0,2342100.0,0.0002802699221551613,0.0,0.0,0.0002685,0.9454177379185161,1.0,1573.442346963585,1000.0,1545.8760122839817,1000.0,0.4171873128661861,0.0
2319,1692158580000.0,0.0,0.0,2342100.0,0.0002802699221551613,0.0,0.0,0.000267,0.9454177379185161,1.0,1573.442346963585,1000.0,1542.3628622839815,1000.0,0.4171873128661861,0.0
2320,1692162180000.0,0.0,0.0,2342100.0,0.0002802699221551613,0.0,0.0,0.000265,0.9454177379185161,1.0,1573.442346963585,1000.0,1537.6786622839816,1000.0,0.4171873128661861,0.0
2321,1692165780000.0,0.0,0.0,3337400.0,0.00027491082120201455,0.0,0.0,0.000261,0.9454177379185161,1.0,1573.3901335255848,1000.0,1526.9641588459815,1000.0,0.5831277031232789,0.0
2322,1692169380000.0,0.0,0.0,3337400.0,0.00027491082120201455,0.0,0.0,0.0002605,0.9454177379185161,1.0,1573.3901335255848,1000.0,1525.2954588459813,1000.0,0.5831277031232789,0.0
2323,1692172980000.0,0.0,0.0,3337400.0,0.00027491082120201455,0.0,0.0,0.000261,0.9454177379185161,1.0,1573.3901335255848,1000.0,1526.9641588459815,1000.0,0.5831277031232789,0.0
2324,1692176580000.0,0.0,0.0,3337400.0,0.00027491082120201455,0.0,0.0,0.000261,0.9454177379185161,1.0,1573.3901335255848,1000.0,1526.9641588459815,1000.0,0.5831277031232789,0.0
2325,1692180180000.0,0.0,0.0,3337400.0,0.00027491082120201455,0.0,0.0,0.000259,0.9454177379185161,1.0,1573.3901335255848,1000.0,1520.2893588459815,1000.0,0.5831277031232789,0.0
2326,1692183780000.0,0.0,0.0,3337400.0,0.00027491082120201455,0.0,0.0,0.0002605,0.9454177379185161,1.0,1573.3901335255848,1000.0,1525.2954588459813,1000.0,0.5831277031232789,0.0
2327,1692187380000.0,0.0,0.0,3337400.0,0.00027491082120201455,0.0,0.0,0.0002585,0.9454177379185161,1.0,1573.3901335255848,1000.0,1518.6206588459816,1000.0,0.5831277031232789,0.0
2328,1692190980000.0,0.0,0.0,4755700.0,0.00026831667571116833,0.0,0.0,0.000257,0.9454177379185161,1.0,1573.3184242775849,1000.0,1519.4997095979818,1000.0,0.8110459999637487,0.0
2329,1692194580000.0,0.0,0.0,4755700.0,0.00026831667571116833,0.0,0.0,0.000255,0.9454177379185161,1.0,1573.3184242775849,1000.0,1509.9883095979817,1000.0,0.8110459999637487,0.0
2330,1692198180000.0,0.0,0.0,4755700.0,0.00026831667571116833,0.0,0.0,0.000256,0.9454177379185161,1.0,1573.3184242775849,1000.0,1514.7440095979816,1000.0,0.8110459999637487,0.0
2331,1692201780000.0,0.0,0.0,4755700.0,0.00026831667571116833,0.0,0.0,0.0002565,0.9454177379185161,1.0,1573.3184242775849,1000.0,1517.1218595979817,1000.0,0.8110459999637487,0.0
2332,1692205380000.0,0.0,0.0,4755700.0,0.00026831667571116833,0.0,0.0,0.0002585,0.9454177379185161,1.0,1573.3184242775849,1000.0,1526.6332595979816,1000.0,0.8110459999637487,0.0
2333,1692208980000.0,0.0,0.0,4755700.0,0.00026831667571116833,0.0,0.0,0.0002585,0.9454177379185161,1.0,1573.3184242775849,1000.0,1526.6332595979816,1000.0,0.8110459999637487,0.0
2334,1692212580000.0,0.0,0.0,4755700.0,0.00026831667571116833,0.0,0.0,0.000258,0.9454177379185161,1.0,1573.3184242775849,1000.0,1524.2554095979815,1000.0,0.8110459999637487,0.0
2335,1692216180000.0,0.0,0.0,4755700.0,0.00026831667571116833,0.0,0.0,0.000254,0.9454177379185161,1.0,1573.3184242775849,1000.0,1505.2326095979815,1000.0,0.8110459999637487,0.0
2336,1692219780000.0,0.0,0.0,4755700.0,0.00026831667571116833,0.0,0.0,0.000246,0.9454177379185161,1.0,1573.3184242775849,1000.0,1467.1870095979816,1000.0,0.8110459999637487,0.0
2337,1692223380000.0,0.0,0.0,4755700.0,0.00026831667571116833,0.0,0.0,0.000245,0.9454177379185161,1.0,1573.3184242775849,1000.0,1462.4313095979817,1000.0,0.8110459999637487,0.0
2338,1692226980000.0,0.0,0.0,4755700.0,0.00026831667571116833,0.0,0.0,0.000244,0.9454177379185161,1.0,1573.3184242775849,1000.0,1457.6756095979815,1000.0,0.8110459999637487,0.0
2339,1692230580000.0,0.0,0.0,4755700.0,0.00026831667571116833,0.0,0.0,0.0002455,0.9454177379185161,1.0,1573.3184242775849,1000.0,1464.8091595979818,1000.0,0.8110459999637487,0.0
2340,1692234180000.0,0.0,0.0,4755700.0,0.00026831667571116833,0.0,0.0,0.000247,0.9454177379185161,1.0,1573.3184242775849,1000.0,1471.9427095979815,1000.0,0.8110459999637487,0.0
2341,1692237780000.0,0.0,0.0,4755700.0,0.00026831667571116833,0.0,0.0,0.0002495,0.9454177379185161,1.0,1573.3184242775849,1000.0,1483.8319595979817,1000.0,0.8110459999637487,0.0
2342,1692241380000.0,0.0,0.0,4755700.0,0.00026831667571116833,0.0,0.0,0.00025,0.9454177379185161,1.0,1573.3184242775849,1000.0,1486.2098095979816,1000.0,0.8110459999637487,0.0
2343,1692244980000.0,0.0,0.0,4755700.0,0.00026831667571116833,0.0,0.0,0.0002515,0.9454177379185161,1.0,1573.3184242775849,1000.0,1493.3433595979816,1000.0,0.8110459999637487,0.0
2344,1692248580000.0,0.0,0.0,4755700.0,0.00026831667571116833,0.0,0.0,0.00025,0.9454177379185161,1.0,1573.3184242775849,1000.0,1486.2098095979816,1000.0,0.8110459999637487,0.0
2345,1692252180000.0,0.0,0.0,4755700.0,0.00026831667571116833,0.0,0.0,0.000251,0.9454177379185161,1.0,1573.3184242775849,1000.0,1490.9655095979815,1000.0,0.8110459999637487,0.0
2346,1692255780000.0,0.0,0.0,4755700.0,0.00026831667571116833,0.0,0.0,0.0002505,0.9454177379185161,1.0,1573.3184242775849,1000.0,1488.5876595979817,1000.0,0.8110459999637487,0.0
2347,1692259380000.0,0.0,0.0,4755700.0,0.00026831667571116833,0.0,0.0,0.000249,0.9454177379185161,1.0,1573.3184242775849,1000.0,1481.4541095979816,1000.0,0.8110459999637487,0.0
2348,1692262980000.0,0.0,0.0,4755700.0,0.00026831667571116833,0.0,0.0,0.000245,0.9454177379185161,1.0,1573.3184242775849,1000.0,1462.4313095979817,1000.0,0.8110459999637487,0.0
2349,1692266580000.0,0.0,0.0,4755700.0,0.00026831667571116833,0.0,0.0,0.0002445,0.9454177379185161,1.0,1573.3184242775849,1000.0,1460.0534595979816,1000.0,0.8110459999637487,0.0
2350,1692270180000.0,0.0,0.0,4755700.0,0.00026831667571116833,0.0,0.0,0.0002425,0.9454177379185161,1.0,1573.3184242775849,1000.0,1450.5420595979817,1000.0,0.8110459999637487,0.0
2351,1692273780000.0,1.0552533220660613e-08,0.0,5990800.0,0.00026262305279421835,0.0,0.0,0.0002395,0.9454177379185161,1.0,1573.2589665635849,1000.0,1434.7333818839816,1000.0,1.0000401829052699,0.0
2352,1692277380000.0,1.0552533220660613e-08,0.0,5990800.0,0.00026262305279421835,0.0,0.0,0.0002415,0.9454177379185161,1.0,1573.2589665635849,1000.0,1446.7149818839816,1000.0,1.0000401829052699,0.0
2353,1692280980000.0,1.0552533220660613e-08,0.0,5990800.0,0.00026262305279421835,0.0,0.0,0.0002405,0.9454177379185161,1.0,1573.2589665635849,1000.0,1440.7241818839816,1000.0,1.0000401829052699,0.0
2354,1692284580000.0,1.0552533220660613e-08,0.0,5990800.0,0.00026262305279421835,0.0,0.0,0.0002385,0.9454177379185161,1.0,1573.2589665635849,1000.0,1428.7425818839815,1000.0,1.0000401829052699,0.0
2355,1692288180000.0,1.0552533220660613e-08,0.0,5990800.0,0.00026262305279421835,0.0,0.0,0.000233,0.9454177379185161,1.0,1573.2589665635849,1000.0,1395.7931818839816,1000.0,1.0000401829052699,0.0
2356,1692291780000.0,1.0552533220660613e-08,0.0,5990800.0,0.00026262305279421835,0.0,0.0,0.0002355,0.9454177379185161,1.0,1573.2589665635849,1000.0,1410.7701818839816,1000.0,1.0000401829052699,0.0
2357,1692295380000.0,1.0552533220660613e-08,0.0,5990800.0,0.00026262305279421835,0.0,0.0,0.000238,0.9454177379185161,1.0,1573.2589665635849,1000.0,1425.7471818839817,1000.0,1.0000401829052699,0.0
2358,1692298980000.0,0.0,0.0,5925300.0,0.00026262305279421835,0.0,0.0,0.0002385,0.9454177379185161,1.0,1571.7805612955635,1000.0,1428.8442365739816,1000.0,0.990036658449909,0.0
2359,1692302580000.0,0.0,0.0,5925300.0,0.00026262305279421835,0.0,0.0,0.00024,0.9454177379185161,1.0,1571.7805612955635,1000.0,1437.7321865739816,1000.0,0.990036658449909,0.0
2360,1692306180000.0,0.0,0.0,5925300.0,0.00026262305279421835,0.0,0.0,0.000239,0.9454177379185161,1.0,1571.7805612955635,1000.0,1431.8068865739815,1000.0,0.990036658449909,0.0
2361,1692309780000.0,1.0021069838784732e-05,0.0,6264800.0,0.0002609093466226507,0.0,0.0,0.000217,0.9454177379185161,1.0,1571.7648763955635,1000.0,1296.6816016739813,1000.0,1.0399423598712731,0.0
2362,1692313380000.0,1.0021069838784732e-05,0.0,6264800.0,0.0002609093466226507,0.0,0.0,0.000222,0.9454177379185161,1.0,1571.7648763955635,1000.0,1328.0056016739813,1000.0,1.0399423598712731,0.0
2363,1692316980000.0,1.0021069838784732e-05,0.0,6264800.0,0.0002609093466226507,0.0,0.0,0.0002185,0.9454177379185161,1.0,1571.7648763955635,1000.0,1306.0788016739814,1000.0,1.0399423598712731,0.0
2364,1692320580000.0,1.0021069838784732e-05,0.0,6264800.0,0.0002609093466226507,0.0,0.0,0.0002205,0.9454177379185161,1.0,1571.7648763955635,1000.0,1318.6084016739815,1000.0,1.0399423598712731,0.0
2365,1692324180000.0,1.0021069838784732e-05,0.0,6264800.0,0.0002609093466226507,0.0,0.0,0.000223,0.9454177379185161,1.0,1571.7648763955635,1000.0,1334.2704016739815,1000.0,1.0399423598712731,0.0
2366,1692327780000.0,1.0021069838784732e-05,0.0,6264800.0,0.0002609093466226507,0.0,0.0,0.0002225,0.9454177379185161,1.0,1571.7648763955635,1000.0,1331.1380016739813,1000.0,1.0399423598712731,0.0
2367,1692331380000.0,1.0021069838784732e-05,0.0,6264800.0,0.0002609093466226507,0.0,0.0,0.0002255,0.9454177379185161,1.0,1571.7648763955635,1000.0,1349.9324016739815,1000.0,1.0399423598712731,0.0
2368,1692334980000.0,1.0021069838784732e-05,0.0,6264800.0,0.0002609093466226507,0.0,0.0,0.000226,0.9454177379185161,1.0,1571.7648763955635,1000.0,1353.0648016739815,1000.0,1.0399423598712731,0.0
2369,1692338580000.0,7.597595210706834e-06,0.0,6195900.0,0.0002609093466226507,0.0,0.0,0.0002325,0.9454177379185161,1.0,1569.494280573263,1000.0,1393.4728098339817,1000.0,1.0299930625735219,0.0
2370,1692342180000.0,7.597595210706834e-06,0.0,6195900.0,0.0002609093466226507,0.0,0.0,0.0002325,0.9454177379185161,1.0,1569.494280573263,1000.0,1393.4728098339817,1000.0,1.0299930625735219,0.0
2371,1692345780000.0,7.597595210706834e-06,0.0,6195900.0,0.0002609093466226507,0.0,0.0,0.0002315,0.9454177379185161,1.0,1569.494280573263,1000.0,1387.2769098339816,1000.0,1.0299930625735219,0.0
2372,1692349380000.0,7.597595210706834e-06,0.0,6195900.0,0.0002609093466226507,0.0,0.0,0.0002315,0.9454177379185161,1.0,1569.494280573263,1000.0,1387.2769098339816,1000.0,1.0299930625735219,0.0
2373,1692352980000.0,7.597595210706834e-06,0.0,6195900.0,0.0002609093466226507,0.0,0.0,0.000231,0.9454177379185161,1.0,1569.494280573263,1000.0,1384.1789598339815,1000.0,1.0299930625735219,0.0
2374,1692356580000.0,7.597595210706834e-06,0.0,6195900.0,0.0002609093466226507,0.0,0.0,0.000228,0.9454177379185161,1.0,1569.494280573263,1000.0,1365.5912598339817,1000.0,1.0299930625735219,0.0
2375,1692360180000.0,7.597595210706834e-06,0.0,6195900.0,0.0002609093466226507,0.0,0.0,0.000229,0.9454177379185161,1.0,1569.494280573263,1000.0,1371.7871598339816,1000.0,1.0299930625735219,0.0
2376,1692363780000.0,7.597595210706834e-06,0.0,6195900.0,0.0002609093466226507,0.0,0.0,0.000227,0.9454177379185161,1.0,1569.494280573263,1000.0,1359.3953598339815,1000.0,1.0299930625735219,0.0
2377,1692367380000.0,7.597595210706834e-06,0.0,6195900.0,0.0002609093466226507,0.0,0.0,0.0002255,0.9454177379185161,1.0,1569.494280573263,1000.0,1350.1015098339817,1000.0,1.0299930625735219,0.0
2378,1692370980000.0,7.597595210706834e-06,0.0,6195900.0,0.0002609093466226507,0.0,0.0,0.000223,0.9454177379185161,1.0,1569.494280573263,1000.0,1334.6117598339815,1000.0,1.0299930625735219,0.0
2379,1692374580000.0,7.597595210706834e-06,0.0,6195900.0,0.0002609093466226507,0.0,0.0,0.0002225,0.9454177379185161,1.0,1569.494280573263,1000.0,1331.5138098339814,1000.0,1.0299930625735219,0.0
2380,1692378180000.0,7.597595210706834e-06,0.0,6195900.0,0.0002609093466226507,0.0,0.0,0.000221,0.9454177379185161,1.0,1569.494280573263,1000.0,1322.2199598339816,1000.0,1.0299930625735219,0.0
2381,1692381780000.0,7.597595210706834e-06,0.0,6195900.0,0.0002609093466226507,0.0,0.0,0.0002205,0.9454177379185161,1.0,1569.494280573263,1000.0,1319.1220098339816,1000.0,1.0299930625735219,0.0
2382,1692385380000.0,5.122501021307343e-06,0.0,6125500.0,0.0002609093466226507,0.0,0.0,0.00022,0.9454177379185161,1.0,1566.8223227310286,1000.0,1316.2321199939818,1000.0,1.0200264443203269,0.0
2383,1692388980000.0,5.122501021307343e-06,0.0,6125500.0,0.0002609093466226507,0.0,0.0,0.0002195,0.9454177379185161,1.0,1566.8223227310286,1000.0,1313.1693699939817,1000.0,1.0200264443203269,0.0
2384,1692392580000.0,5.122501021307343e-06,0.0,6125500.0,0.0002609093466226507,0.0,0.0,0.00022,0.9454177379185161,1.0,1566.8223227310286,1000.0,1316.2321199939818,1000.0,1.0200264443203269,0.0
2385,1692396180000.0,5.122501021307343e-06,0.0,6125500.0,0.0002609093466226507,0.0,0.0,0.000221,0.9454177379185161,1.0,1566.8223227310286,1000.0,1322.3576199939819,1000.0,1.0200264443203269,0.0
2386,1692399780000.0,5.122501021307343e-06,0.0,6125500.0,0.0002609093466226507,0.0,0.0,0.000221,0.9454177379185161,1.0,1566.8223227310286,1000.0,1322.3576199939819,1000.0,1.0200264443203269,0.0
2387,1692403380000.0,5.122501021307343e-06,0.0,6125500.0,0.0002609093466226507,0.0,0.0,0.000221,0.9454177379185161,1.0,1566.8223227310286,1000.0,1322.3576199939819,1000.0,1.0200264443203269,0.0
2388,1692406980000.0,5.122501021307343e-06,0.0,6125500.0,0.0002609093466226507,0.0,0.0,0.0002245,0.9454177379185161,1.0,1566.8223227310286,1000.0,1343.7968699939818,1000.0,1.0200264443203269,0.0
2389,1692410580000.0,5.122501021307343e-06,0.0,6125500.0,0.0002609093466226507,0.0,0.0,0.000223,0.9454177379185161,1.0,1566.8223227310286,1000.0,1334.6086199939818,1000.0,1.0200264443203269,0.0
2390,1692414180000.0,5.122501021307343e-06,0.0,6125500.0,0.0002609093466226507,0.0,0.0,0.000224,0.9454177379185161,1.0,1566.8223227310286,1000.0,1340.7341199939817,1000.0,1.0200264443203269,0.0
2391,1692417780000.0,5.122501021307343e-06,0.0,6125500.0,0.0002609093466226507,0.0,0.0,0.000223,0.9454177379185161,1.0,1566.8223227310286,1000.0,1334.6086199939818,1000.0,1.0200264443203269,0.0
2392,1692421380000.0,2.5956652748952368e-06,0.0,6055100.0,0.0002609093466226507,0.0,0.0,0.0002245,0.9454177379185161,1.0,1564.115171928794,1000.0,1343.6529371939819,1000.0,1.0100485009595788,0.0
2393,1692424980000.0,2.5956652748952368e-06,0.0,6055100.0,0.0002609093466226507,0.0,0.0,0.0002225,0.9454177379185161,1.0,1564.115171928794,1000.0,1331.5427371939818,1000.0,1.0100485009595788,0.0
2394,1692428580000.0,2.5956652748952368e-06,0.0,6055100.0,0.0002609093466226507,0.0,0.0,0.0002205,0.9454177379185161,1.0,1564.115171928794,1000.0,1319.4325371939817,1000.0,1.0100485009595788,0.0
2395,1692432180000.0,2.5956652748952368e-06,0.0,6055100.0,0.0002609093466226507,0.0,0.0,0.000222,0.9454177379185161,1.0,1564.115171928794,1000.0,1328.5151871939818,1000.0,1.0100485009595788,0.0
2396,1692435780000.0,2.5956652748952368e-06,0.0,6055100.0,0.0002609093466226507,0.0,0.0,0.000222,0.9454177379185161,1.0,1564.115171928794,1000.0,1328.5151871939818,1000.0,1.0100485009595788,0.0
2397,1692439380000.0,2.5956652748952368e-06,0.0,6055100.0,0.0002609093466226507,0.0,0.0,0.0002215,0.9454177379185161,1.0,1564.115171928794,1000.0,1325.4876371939818,1000.0,1.0100485009595788,0.0
2398,1692442980000.0,2.5956652748952368e-06,0.0,6055100.0,0.0002609093466226507,0.0,0.0,0.0002225,0.9454177379185161,1.0,1564.115171928794,1000.0,1331.5427371939818,1000.0,1.0100485009595788,0.0
2399,1692446580000.0,2.5956652748952368e-06,0.0,6055100.0,0.0002609093466226507,0.0,0.0,0.0002215,0.9454177379185161,1.0,1564.115171928794,1000.0,1325.4876371939818,1000.0,1.0100485009595788,0.0
2400,1692450180000.0,2.5956652748952368e-06,0.0,6055100.0,0.0002609093466226507,0.0,0.0,0.0002215,0.9454177379185161,1.0,1564.115171928794,1000.0,1325.4876371939818,1000.0,1.0100485009595788,0.0
2401,1692453780000.0,1.1553488289621101e-08,0.0,5984600.0,0.0002609093466226507,0.0,0.0,0.000227,0.9454177379185161,1.0,1561.3689327918974,1000.0,1358.435056993982,1000.0,1.000044283579983,0.0
2402,1692457380000.0,1.1553488289621101e-08,0.0,5984600.0,0.0002609093466226507,0.0,0.0,0.0002605,0.9454177379185161,1.0,1561.3689327918974,1000.0,1558.919156993982,1000.0,1.000044283579983,0.0
2403,1692460980000.0,0.0,0.0,748200.0,0.0002609093466226507,0.0,0.0,0.0002645,0.9454177379185161,1.0,1571.8258185410496,1000.0,1574.5123453979822,1000.0,0.12419466001917509,0.0
2404,1692464580000.0,0.0,0.0,0.0,0.0002609093466226507,0.0,0.0,0.000275,0.9454177379185161,1.0,1576.6516497539822,1000.0,1576.6516497539822,1000.0,0.0,0.0
2405,1692468180000.0,0.0,0.0,0.0,0.0002609093466226507,0.0,0.0,0.0002535,0.9454177379185161,1.0,1576.6516497539822,1000.0,1576.6516497539822,1000.0,0.0,0.0
2406,1692471780000.0,0.0,0.0,0.0,0.0002609093466226507,0.0,0.0,0.0002655,0.9454177379185161,1.0,1576.6516497539822,1000.0,1576.6516497539822,1000.0,0.0,0.0
2407,1692475380000.0,0.0,0.0,0.0,0.0002609093466226507,0.0,0.0,0.0002735,0.9454177379185161,1.0,1576.6516497539822,1000.0,1576.6516497539822,1000.0,0.0,0.0
2408,1692478980000.0,0.0,0.0,0.0,0.0002609093466226507,0.0,0.0,0.000275,0.9454177379185161,1.0,1576.6516497539822,1000.0,1576.6516497539822,1000.0,0.0,0.0
2409,1692482580000.0,0.0,0.0,0.0,0.0002609093466226507,0.0,0.0,0.000279,0.9454177379185161,1.0,1576.6516497539822,1000.0,1576.6516497539822,1000.0,0.0,0.0
2410,1692486180000.0,0.0,0.0,0.0,0.0002609093466226507,0.0,0.0,0.00029,0.9454177379185161,1.0,1576.6516497539822,1000.0,1576.6516497539822,1000.0,0.0,0.0
2411,1692489780000.0,0.0,0.0,0.0,0.0002609093466226507,0.0,0.0,0.000336,0.9454177379185161,1.0,1576.6516497539822,1000.0,1576.6516497539822,1000.0,0.0,0.0
2412,1692493380000.0,0.0,0.0,0.0,0.0002609093466226507,0.0,0.0,0.0003085,0.9454177379185161,1.0,1576.6516497539822,1000.0,1576.6516497539822,1000.0,0.0,0.0
2413,1692496980000.0,0.0,0.0,0.0,0.0002609093466226507,0.0,0.0,0.0003075,0.9454177379185161,1.0,1576.6516497539822,1000.0,1576.6516497539822,1000.0,0.0,0.0
2414,1692500580000.0,0.0,0.0,0.0,0.0002609093466226507,0.0,0.0,0.000292,0.9454177379185161,1.0,1576.6516497539822,1000.0,1576.6516497539822,1000.0,0.0,0.0
2415,1692504180000.0,0.0,0.0,0.0,0.0002609093466226507,0.0,0.0,0.000293,0.9454177379185161,1.0,1576.6516497539822,1000.0,1576.6516497539822,1000.0,0.0,0.0
2416,1692507780000.0,0.0,0.0,0.0,0.0002609093466226507,0.0,0.0,0.0002915,0.9454177379185161,1.0,1576.6516497539822,1000.0,1576.6516497539822,1000.0,0.0,0.0
2417,1692511380000.0,0.0,0.0,0.0,0.0002609093466226507,0.0,0.0,0.000288,0.9454177379185161,1.0,1576.6516497539822,1000.0,1576.6516497539822,1000.0,0.0,0.0
2418,1692514980000.0,0.0,0.0,0.0,0.0002609093466226507,0.0,0.0,0.0002795,0.9454177379185161,1.0,1576.6516497539822,1000.0,1576.6516497539822,1000.0,0.0,0.0
2419,1692518580000.0,0.0,0.0,0.0,0.0002609093466226507,0.0,0.0,0.0002885,0.9454177379185161,1.0,1576.6516497539822,1000.0,1576.6516497539822,1000.0,0.0,0.0
2420,1692522180000.0,0.0,0.0,0.0,0.0002609093466226507,0.0,0.0,0.0003035,0.9454177379185161,1.0,1576.6516497539822,1000.0,1576.6516497539822,1000.0,0.0,0.0
2421,1692525780000.0,0.0,0.0,0.0,0.0002609093466226507,0.0,0.0,0.000279,0.9454177379185161,1.0,1576.6516497539822,1000.0,1576.6516497539822,1000.0,0.0,0.0
2422,1692529380000.0,0.0,0.0,1497400.0,0.0002612627536920935,0.0,0.0,0.000256,0.9454177379185161,1.0,1576.707191284523,1000.0,1568.8267439059823,1000.0,0.24812143278158266,0.0
2423,1692532980000.0,0.0,0.0,86300.0,0.00027209126715075564,0.0,0.0,0.000277,0.9454177379185161,1.0,1589.1103670570926,1000.0,1589.5339907019825,1000.0,0.014776491829573838,0.0
2424,1692536580000.0,0.0,0.0,291700.0,0.00027259256278624474,0.0,0.0,0.000273,0.9454177379185161,1.0,1590.1297646747305,1000.0,1590.248614109983,1000.0,0.050005510450282564,0.0
2425,1692540180000.0,0.0,0.0,291800.0,0.0002725404211848078,0.0,0.0,0.000272,0.9454177379185161,1.0,1590.2857370297097,1000.0,1590.1280421279828,1000.0,0.050008179693710714,0.0
2426,1692543780000.0,0.0,0.0,256400.0,0.00026267911204089244,0.0,0.0,0.0002625,0.9454177379185161,1.0,1590.9621875072673,1000.0,1590.9162631799825,1000.0,0.04233345384079229,0.0
2427,1692547380000.0,0.0,0.0,558400.0,0.00025846431147312385,0.0,0.0,0.0002585,0.9454177379185161,1.0,1591.0523642345747,1000.0,1591.0722927079823,1000.0,0.09071132715108662,0.0
2428,1692550980000.0,0.0,0.0,306000.0,0.0002590259936101373,0.0,0.0,0.0002585,0.9454177379185161,1.0,1591.274869880684,1000.0,1591.113915835982,1000.0,0.04981034737929669,0.0
2429,1692554580000.0,0.0,0.0,258500.0,0.0002607691873421624,0.0,0.0,0.0002595,0.9454177379185161,1.0,1591.5983267299312,1000.0,1591.2702418019821,1000.0,0.042352918946858865,0.0
2430,1692558180000.0,0.0,0.0,303200.0,0.0002620451908282917,0.0,0.0,0.0002575,0.9454177379185161,1.0,1591.7924101771205,1000.0,1590.4143083179824,1000.0,0.049913607673438595,0.0
2431,1692561780000.0,0.0,0.0,303200.0,0.0002620451908282917,0.0,0.0,0.000259,0.9454177379185161,1.0,1591.7924101771205,1000.0,1590.8691083179824,1000.0,0.049913607673438595,0.0
2432,1692565380000.0,0.0,0.0,300800.0,0.00026372677564786656,0.0,0.0,0.0002645,0.9454177379185161,1.0,1592.505859644861,1000.0,1592.7384455299828,1000.0,0.04981395430002948,0.0
2433,1692568980000.0,0.0,0.0,301000.0,0.0002646756170545196,0.0,0.0,0.000265,0.9454177379185161,1.0,1593.586467801393,1000.0,1593.6841070679825,1000.0,0.04999249324909507,0.0
2434,1692572580000.0,0.0,0.0,113000.0,0.0002646134815266524,0.0,0.0,0.0002675,0.9454177379185161,1.0,1594.0636091944943,1000.0,1594.3897857819827,1000.0,0.018757923611104413,0.0
2435,1692576180000.0,0.0,0.0,150500.0,0.00026479240083918814,0.0,0.0,0.000272,0.9454177379185161,1.0,1594.4603492622807,1000.0,1595.545092935983,1000.0,0.024993569984186847,0.0
2436,1692579780000.0,0.0,0.0,14900.0,0.00026479240083918814,0.0,0.0,0.0002725,0.9454177379185161,1.0,1595.184052332487,1000.0,1595.298895559983,1000.0,0.002473323856726694,0.0
2437,1692583380000.0,0.0,0.0,299900.0,0.0002659597332723971,0.0,0.0,0.0002665,0.9454177379185161,1.0,1595.192412582375,1000.0,1595.354438573983,1000.0,0.05000106782057117,0.0
2438,1692586980000.0,0.0,0.0,299900.0,0.0002659830017748765,0.0,0.0,0.0002635,0.9454177379185161,1.0,1595.2849108902685,1000.0,1594.540258657983,1000.0,0.05000254292367736,0.0
2439,1692590580000.0,0.0,0.0,608500.0,0.00026218800695527604,0.0,0.0,0.000261,0.9454177379185161,1.0,1595.2689562702685,1000.0,1594.5460540379831,1000.0,0.10000909351692804,0.0
2440,1692594180000.0,0.0,0.0,608500.0,0.00026218800695527604,0.0,0.0,0.0002575,0.9454177379185161,1.0,1595.2689562702685,1000.0,1592.416304037983,1000.0,0.10000909351692804,0.0
2441,1692597780000.0,0.0,0.0,1874400.0,0.00025292740195917917,0.0,0.0,0.0002475,0.9454177379185161,1.0,1595.2060471262685,1000.0,1585.032924893983,1000.0,0.2971949128993987,0.0
2442,1692601380000.0,0.0,0.0,1874400.0,0.00025292740195917917,0.0,0.0,0.0002485,0.9454177379185161,1.0,1595.2060471262685,1000.0,1586.907324893983,1000.0,0.2971949128993987,0.0
2443,1692604980000.0,0.0,0.0,1874400.0,0.00025292740195917917,0.0,0.0,0.0002485,0.9454177379185161,1.0,1595.2060471262685,1000.0,1586.907324893983,1000.0,0.2971949128993987,0.0
2444,1692608580000.0,0.0,0.0,1874400.0,0.00025292740195917917,0.0,0.0,0.000248,0.9454177379185161,1.0,1595.2060471262685,1000.0,1585.970124893983,1000.0,0.2971949128993987,0.0
2445,1692612180000.0,0.0,0.0,1874400.0,0.00025292740195917917,0.0,0.0,0.000249,0.9454177379185161,1.0,1595.2060471262685,1000.0,1587.844524893983,1000.0,0.2971949128993987,0.0
2446,1692615780000.0,0.0,0.0,1874400.0,0.00025292740195917917,0.0,0.0,0.0002485,0.9454177379185161,1.0,1595.2060471262685,1000.0,1586.907324893983,1000.0,0.2971949128993987,0.0
2447,1692619380000.0,0.0,0.0,1874400.0,0.00025292740195917917,0.0,0.0,0.000251,0.9454177379185161,1.0,1595.2060471262685,1000.0,1591.593324893983,1000.0,0.2971949128993987,0.0
2448,1692622980000.0,0.0,0.0,790800.0,0.00025292740195917917,0.0,0.0,0.000251,0.9454177379185161,1.0,1595.771575843302,1000.0,1594.247386373983,1000.0,0.12534061421893603,0.0
2449,1692626580000.0,0.0,0.0,1605800.0,0.0002472123984738566,0.0,0.0,0.000242,0.9454177379185161,1.0,1595.7321841073017,1000.0,1587.3621146379828,1000.0,0.24877211440803104,0.0
2450,1692630180000.0,0.0,0.0,1605800.0,0.0002472123984738566,0.0,0.0,0.0002445,0.9454177379185161,1.0,1595.7321841073017,1000.0,1591.3766146379828,1000.0,0.24877211440803104,0.0
2451,1692633780000.0,0.0,0.0,1605800.0,0.0002472123984738566,0.0,0.0,0.0002395,0.9454177379185161,1.0,1595.7321841073017,1000.0,1583.3476146379828,1000.0,0.24877211440803104,0.0
2452,1692637380000.0,0.0,0.0,2288200.0,0.00024368963791159814,0.0,0.0,0.000237,0.9454177379185161,1.0,1595.7000567153018,1000.0,1580.392827245983,1000.0,0.34944576652904474,0.0
2453,1692640980000.0,0.0,0.0,2288200.0,0.00024368963791159814,0.0,0.0,0.000241,0.9454177379185161,1.0,1595.7000567153018,1000.0,1589.545627245983,1000.0,0.34944576652904474,0.0
2454,1692644580000.0,0.0,0.0,2288200.0,0.00024368963791159814,0.0,0.0,0.000241,0.9454177379185161,1.0,1595.7000567153018,1000.0,1589.545627245983,1000.0,0.34944576652904474,0.0
2455,1692648180000.0,0.0,0.0,407400.0,0.00024368963791159814,0.0,0.0,0.0002475,0.9454177379185161,1.0,1596.7561298431679,1000.0,1598.3084713579829,1000.0,0.062175529894434284,0.0
2456,1692651780000.0,0.0,0.0,90600.0,0.00024368963791159814,0.0,0.0,0.000247,0.9454177379185161,1.0,1598.7123779607732,1000.0,1599.0122967659825,1000.0,0.013810039566311855,0.0
2457,1692655380000.0,0.0,0.0,15300.0,0.00024492575845443717,0.0,0.0,0.0002465,0.9454177379185161,1.0,1600.1873836503353,1000.0,1600.2114695459825,1000.0,0.002341828302510691,0.0
2458,1692658980000.0,0.0,0.0,1000.0,0.00024492575845443717,0.0,0.0,0.000249,0.9454177379185161,1.0,1600.2520817344366,1000.0,1600.2561559759822,1000.0,0.0001530544851339758,0.0
2459,1692662580000.0,0.0,0.0,100.0,0.00024492575845443717,0.0,0.0,0.000249,0.9454177379185161,1.0,1600.2561536418277,1000.0,1600.2565610659822,1000.0,1.5305409568151983e-05,0.0
2460,1692666180000.0,0.0,0.0,0.0,0.00024492575845443717,0.0,0.0,0.000255,0.9454177379185161,1.0,1600.2566060759823,1000.0,1600.2566060759823,1000.0,0.0,0.0
2461,1692669780000.0,0.0,0.0,0.0,0.00024492575845443717,0.0,0.0,0.000252,0.9454177379185161,1.0,1600.2566060759823,1000.0,1600.2566060759823,1000.0,0.0,0.0
2462,1692673380000.0,0.0,0.0,0.0,0.00024492575845443717,0.0,0.0,0.000254,0.9454177379185161,1.0,1600.2566060759823,1000.0,1600.2566060759823,1000.0,0.0,0.0
2463,1692676980000.0,0.0,0.0,321900.0,0.0002486,0.0,0.0,0.000249,0.9454177379185161,1.0,1600.2808365839824,1000.0,1600.4095965839824,1000.0,0.050006435227221036,0.0
2464,1692680580000.0,0.0,0.0,135900.0,0.0002485562732919255,0.0,0.0,0.0002495,0.9454177379185161,1.0,1600.4431623743553,1000.0,1600.5714148339825,1000.0,0.021105902624033057,0.0
2465,1692684180000.0,0.0,0.0,241800.0,0.00024833427048986034,0.0,0.0,0.0002505,0.9454177379185161,1.0,1600.5166657804311,1000.0,1601.0403391759828,1000.0,0.03751740165427673,0.0
2466,1692687780000.0,0.0,0.0,10700.0,0.00024833427048986034,0.0,0.0,0.000256,0.9454177379185161,1.0,1601.6256137302241,1000.0,1601.7076370359825,1000.0,0.001659049825041745,0.0
2467,1692691380000.0,0.0,0.0,1400.0,0.00024833427048986034,0.0,0.0,0.000257,0.9454177379185161,1.0,1601.7057269946683,1000.0,1601.7178590159826,1000.0,0.00021706108233635713,0.0
2468,1692694980000.0,0.0,0.0,400.0,0.00024833427048986034,0.0,0.0,0.000253,0.9454177379185161,1.0,1601.7131415641786,1000.0,1601.7150078559828,1000.0,6.201716500804771e-05,0.0
2469,1692698580000.0,0.0,0.0,0.0,0.00024833427048986034,0.0,0.0,0.0002535,0.9454177379185161,1.0,1601.7149876159826,1000.0,1601.7149876159826,1000.0,0.0,0.0
2470,1692702180000.0,0.0,0.0,320000.0,0.0002503,0.0,0.0,0.000248,0.9454177379185161,1.0,1601.7389492159825,1000.0,1601.0029492159824,1000.0,0.05000565169449448,0.0
2471,1692705780000.0,0.0,0.0,649300.0,0.0002466991529339289,0.0,0.0,0.000243,0.9454177379185161,1.0,1601.7229320639826,1000.0,1599.3210720639827,1000.0,0.10000591038150997,0.0
2472,1692709380000.0,0.0,0.0,649300.0,0.0002466991529339289,0.0,0.0,0.000239,0.9454177379185161,1.0,1601.7229320639826,1000.0,1596.7238720639825,1000.0,0.10000591038150997,0.0
2473,1692712980000.0,0.0,0.0,1403700.0,0.00024112960034195345,0.0,0.0,0.000236,0.9454177379185161,1.0,1601.6872736919827,1000.0,1594.4868536919826,1000.0,0.21132316249213778,0.0
2474,1692716580000.0,0.0,0.0,351000.0,0.00024112960034195345,0.0,0.0,0.000245,0.9454177379185161,1.0,1604.2893953020084,1000.0,1605.6479055819827,1000.0,0.05275637298848616,0.0
2475,1692720180000.0,0.0,0.0,351000.0,0.00024112960034195345,0.0,0.0,0.000242,0.9454177379185161,1.0,1604.2893953020084,1000.0,1604.5949055819829,1000.0,0.05275637298848616,0.0
2476,1692723780000.0,0.0,0.0,330100.0,0.00024179427367276962,0.0,0.0,0.0002435,0.9454177379185161,1.0,1604.4569637753639,1000.0,1605.0200240359827,1000.0,0.04974660682176835,0.0
2477,1692727380000.0,0.0,0.0,58700.0,0.00024361052574867025,0.0,0.0,0.000245,0.9454177379185161,1.0,1605.6374443494296,1000.0,1605.7190064879826,1000.0,0.00890608145180681,0.0
2478,1692730980000.0,0.0,0.0,5000.0,0.00024393051021716393,0.0,0.0,0.0002545,0.9454177379185161,1.0,1606.0868859950685,1000.0,1606.1397334439828,1000.0,0.000759393879447668,0.0
2479,1692734580000.0,0.0,0.0,0.0,0.00024393051021716393,0.0,0.0,0.0002495,0.9454177379185161,1.0,1606.109484943983,1000.0,1606.109484943983,1000.0,0.0,0.0
2480,1692738180000.0,0.0,0.0,0.0,0.00024393051021716393,0.0,0.0,0.000248,0.9454177379185161,1.0,1606.109484943983,1000.0,1606.109484943983,1000.0,0.0,0.0
2481,1692741780000.0,0.0,0.0,331200.0,0.00024205627102889387,0.0,0.0,0.000242,0.9454177379185161,1.0,1606.321302318753,1000.0,1606.3026653539832,1000.0,0.049908469027363477,0.0
2482,1692745380000.0,0.0,0.0,26700.0,0.00024234334408299165,0.0,0.0,0.0002495,0.9454177379185161,1.0,1607.6292249289988,1000.0,1607.820307641983,1000.0,0.004024912701684463,0.0
2483,1692748980000.0,0.0,0.0,0.0,0.00024234334408299165,0.0,0.0,0.000252,0.9454177379185161,1.0,1607.907267649983,1000.0,1607.907267649983,1000.0,0.0,0.0
2484,1692752580000.0,0.0,0.0,0.0,0.00024234334408299165,0.0,0.0,0.00025,0.9454177379185161,1.0,1607.907267649983,1000.0,1607.907267649983,1000.0,0.0,0.0
2485,1692756180000.0,0.0,0.0,0.0,0.00024234334408299165,0.0,0.0,0.0002535,0.9454177379185161,1.0,1607.907267649983,1000.0,1607.907267649983,1000.0,0.0,0.0
2486,1692759780000.0,0.0,0.0,0.0,0.00024234334408299165,0.0,0.0,0.000261,0.9454177379185161,1.0,1607.907267649983,1000.0,1607.907267649983,1000.0,0.0,0.0
2487,1692763380000.0,0.0,0.0,0.0,0.00024234334408299165,0.0,0.0,0.000256,0.9454177379185161,1.0,1607.907267649983,1000.0,1607.907267649983,1000.0,0.0,0.0
2488,1692766980000.0,0.0,0.0,0.0,0.00024234334408299165,0.0,0.0,0.0002615,0.9454177379185161,1.0,1607.907267649983,1000.0,1607.907267649983,1000.0,0.0,0.0
2489,1692770580000.0,0.0,0.0,0.0,0.00024234334408299165,0.0,0.0,0.000264,0.9454177379185161,1.0,1607.907267649983,1000.0,1607.907267649983,1000.0,0.0,0.0
2490,1692774180000.0,0.0,0.0,0.0,0.00024234334408299165,0.0,0.0,0.0002615,0.9454177379185161,1.0,1607.907267649983,1000.0,1607.907267649983,1000.0,0.0,0.0
2491,1692777780000.0,0.0,0.0,0.0,0.00024234334408299165,0.0,0.0,0.0002615,0.9454177379185161,1.0,1607.907267649983,1000.0,1607.907267649983,1000.0,0.0,0.0
2492,1692781380000.0,0.0,0.0,0.0,0.00024234334408299165,0.0,0.0,0.0002645,0.9454177379185161,1.0,1607.907267649983,1000.0,1607.907267649983,1000.0,0.0,0.0
2493,1692784980000.0,0.0,0.0,0.0,0.00024234334408299165,0.0,0.0,0.0002645,0.9454177379185161,1.0,1607.907267649983,1000.0,1607.907267649983,1000.0,0.0,0.0
2494,1692788580000.0,0.0,0.0,0.0,0.00024234334408299165,0.0,0.0,0.000257,0.9454177379185161,1.0,1607.907267649983,1000.0,1607.907267649983,1000.0,0.0,0.0
2495,1692792180000.0,0.0,0.0,0.0,0.00024234334408299165,0.0,0.0,0.0002595,0.9454177379185161,1.0,1607.907267649983,1000.0,1607.907267649983,1000.0,0.0,0.0
2496,1692795780000.0,0.0,0.0,0.0,0.00024234334408299165,0.0,0.0,0.0002565,0.9454177379185161,1.0,1607.907267649983,1000.0,1607.907267649983,1000.0,0.0,0.0
2497,1692799380000.0,0.0,0.0,0.0,0.00024234334408299165,0.0,0.0,0.000266,0.9454177379185161,1.0,1607.907267649983,1000.0,1607.907267649983,1000.0,0.0,0.0
2498,1692802980000.0,0.0,0.0,0.0,0.00024234334408299165,0.0,0.0,0.0002645,0.9454177379185161,1.0,1607.907267649983,1000.0,1607.907267649983,1000.0,0.0,0.0
2499,1692806580000.0,0.0,0.0,0.0,0.00024234334408299165,0.0,0.0,0.0002655,0.9454177379185161,1.0,1607.907267649983,1000.0,1607.907267649983,1000.0,0.0,0.0
2500,1692810180000.0,0.0,0.0,0.0,0.00024234334408299165,0.0,0.0,0.00027,0.9454177379185161,1.0,1607.907267649983,1000.0,1607.907267649983,1000.0,0.0,0.0
2501,1692813780000.0,0.0,0.0,0.0,0.00024234334408299165,0.0,0.0,0.000268,0.9454177379185161,1.0,1607.907267649983,1000.0,1607.907267649983,1000.0,0.0,0.0
2502,1692817380000.0,0.0,0.0,0.0,0.00024234334408299165,0.0,0.0,0.000266,0.9454177379185161,1.0,1607.907267649983,1000.0,1607.907267649983,1000.0,0.0,0.0
2503,1692820980000.0,0.0,0.0,0.0,0.00024234334408299165,0.0,0.0,0.0002635,0.9454177379185161,1.0,1607.907267649983,1000.0,1607.907267649983,1000.0,0.0,0.0
2504,1692824580000.0,0.0,0.0,0.0,0.00024234334408299165,0.0,0.0,0.0002625,0.9454177379185161,1.0,1607.907267649983,1000.0,1607.907267649983,1000.0,0.0,0.0
2505,1692828180000.0,0.0,0.0,174200.0,0.0002598,0.0,0.0,0.0002645,0.9454177379185161,1.0,1607.9653196059828,1000.0,1608.7840596059827,1000.0,0.028145607027824367,0.0
2506,1692831780000.0,0.0,0.0,1400.0,0.0002598,0.0,0.0,0.000266,0.9454177379185161,1.0,1608.8028915739833,1000.0,1608.8115715739832,1000.0,0.0002260811451203647,0.0
2507,1692835380000.0,0.0,0.0,400.0,0.0002598,0.0,0.0,0.0002675,0.9454177379185161,1.0,1608.8119377939834,1000.0,1608.8150177939833,1000.0,6.459424968122502e-05,0.0
2508,1692838980000.0,0.0,0.0,0.0,0.0002598,0.0,0.0,0.0002685,0.9454177379185161,1.0,1608.8155562819834,1000.0,1608.8155562819834,1000.0,0.0,0.0
2509,1692842580000.0,0.0,0.0,0.0,0.0002598,0.0,0.0,0.0002655,0.9454177379185161,1.0,1608.8155562819834,1000.0,1608.8155562819834,1000.0,0.0,0.0
2510,1692846180000.0,0.0,0.0,0.0,0.0002598,0.0,0.0,0.000265,0.9454177379185161,1.0,1608.8155562819834,1000.0,1608.8155562819834,1000.0,0.0,0.0
2511,1692849780000.0,0.0,0.0,0.0,0.0002598,0.0,0.0,0.0002665,0.9454177379185161,1.0,1608.8155562819834,1000.0,1608.8155562819834,1000.0,0.0,0.0
2512,1692853380000.0,0.0,0.0,0.0,0.0002598,0.0,0.0,0.000266,0.9454177379185161,1.0,1608.8155562819834,1000.0,1608.8155562819834,1000.0,0.0,0.0
2513,1692856980000.0,0.0,0.0,306800.0,0.0002622,0.0,0.0,0.000263,0.9454177379185161,1.0,1608.7994676899834,1000.0,1609.0449076899833,1000.0,0.050001856424968315,0.0
2514,1692860580000.0,0.0,0.0,230200.0,0.0002621749755620723,0.0,0.0,0.0002635,0.9454177379185161,1.0,1608.8813385043723,1000.0,1609.1863591299832,1000.0,0.03751220051473363,0.0
2515,1692864180000.0,0.0,0.0,72900.0,0.0002621749755620723,0.0,0.0,0.0002635,0.9454177379185161,1.0,1608.9713871604583,1000.0,1609.0679814419832,1000.0,0.011878741829091972,0.0
2516,1692867780000.0,0.0,0.0,230400.0,0.0002620415360419247,0.0,0.0,0.000263,0.9454177379185161,1.0,1608.9979209820426,1000.0,1609.2187510779831,1000.0,0.0375229632784176,0.0
2517,1692871380000.0,0.0,0.0,307200.0,0.00026194478288826524,0.0,0.0,0.0002615,0.9454177379185161,1.0,1609.0543129172581,1000.0,1608.917675613983,1000.0,0.05001039222683656,0.0
2518,1692874980000.0,0.0,0.0,230400.0,0.00026194478288826524,0.0,0.0,0.0002645,0.9454177379185161,1.0,1609.0929215914393,1000.0,1609.681643613983,1000.0,0.03750689420581527,0.0
2519,1692878580000.0,0.0,0.0,68300.0,0.00026194478288826524,0.0,0.0,0.000265,0.9454177379185161,1.0,1609.8713026292517,1000.0,1610.0799739579832,1000.0,0.011113204292820865,0.0
2520,1692882180000.0,0.0,0.0,45600.0,0.00026194478288826524,0.0,0.0,0.0002645,0.9454177379185161,1.0,1609.9803047856878,1000.0,1610.096822685983,1000.0,0.007419147963611213,0.0
2521,1692885780000.0,0.0,0.0,20300.0,0.00026194478288826524,0.0,0.0,0.0002665,0.9454177379185161,1.0,1610.1017917706147,1000.0,1610.1942626779828,1000.0,0.003302573240903111,0.0
2522,1692889380000.0,0.0,0.0,300.0,0.00026194478288826524,0.0,0.0,0.000268,0.9454177379185161,1.0,1610.19782891285,1000.0,1610.1996454779835,1000.0,4.880359012751645e-05,0.0
2523,1692892980000.0,0.0,0.0,0.0,0.00026194478288826524,0.0,0.0,0.000268,0.9454177379185161,1.0,1610.1992694699836,1000.0,1610.1992694699836,1000.0,0.0,0.0
2524,1692896580000.0,0.0,0.0,0.0,0.00026194478288826524,0.0,0.0,0.000268,0.9454177379185161,1.0,1610.1992694699836,1000.0,1610.1992694699836,1000.0,0.0,0.0
2525,1692900180000.0,0.0,0.0,0.0,0.00026194478288826524,0.0,0.0,0.0002715,0.9454177379185161,1.0,1610.1992694699836,1000.0,1610.1992694699836,1000.0,0.0,0.0
2526,1692903780000.0,0.0,0.0,0.0,0.00026194478288826524,0.0,0.0,0.000273,0.9454177379185161,1.0,1610.1992694699836,1000.0,1610.1992694699836,1000.0,0.0,0.0
2527,1692907380000.0,0.0,0.0,0.0,0.00026194478288826524,0.0,0.0,0.000271,0.9454177379185161,1.0,1610.1992694699836,1000.0,1610.1992694699836,1000.0,0.0,0.0
2528,1692910980000.0,0.0,0.0,0.0,0.00026194478288826524,0.0,0.0,0.000274,0.9454177379185161,1.0,1610.1992694699836,1000.0,1610.1992694699836,1000.0,0.0,0.0
2529,1692914580000.0,0.0,0.0,0.0,0.00026194478288826524,0.0,0.0,0.000282,0.9454177379185161,1.0,1610.1992694699836,1000.0,1610.1992694699836,1000.0,0.0,0.0
2530,1692918180000.0,0.0,0.0,0.0,0.00026194478288826524,0.0,0.0,0.000284,0.9454177379185161,1.0,1610.1992694699836,1000.0,1610.1992694699836,1000.0,0.0,0.0
2531,1692921780000.0,0.0,0.0,0.0,0.00026194478288826524,0.0,0.0,0.000288,0.9454177379185161,1.0,1610.1992694699836,1000.0,1610.1992694699836,1000.0,0.0,0.0
2532,1692925380000.0,0.0,0.0,0.0,0.00026194478288826524,0.0,0.0,0.0002895,0.9454177379185161,1.0,1610.1992694699836,1000.0,1610.1992694699836,1000.0,0.0,0.0
2533,1692928980000.0,0.0,0.0,0.0,0.00026194478288826524,0.0,0.0,0.0002885,0.9454177379185161,1.0,1610.1992694699836,1000.0,1610.1992694699836,1000.0,0.0,0.0
2534,1692932580000.0,0.0,0.0,0.0,0.00026194478288826524,0.0,0.0,0.000286,0.9454177379185161,1.0,1610.1992694699836,1000.0,1610.1992694699836,1000.0,0.0,0.0
2535,1692936180000.0,0.0,0.0,0.0,0.00026194478288826524,0.0,0.0,0.0002905,0.9454177379185161,1.0,1610.1992694699836,1000.0,1610.1992694699836,1000.0,0.0,0.0
2536,1692939780000.0,0.0,0.0,292600.0,0.00027510352001979,0.0,0.0,0.0002755,0.9454177379185161,1.0,1610.3613056297743,1000.0,1610.4773156719837,1000.0,0.04998585701008926,0.0
2537,1692943380000.0,0.0,0.0,24400.0,0.00027510352001979,0.0,0.0,0.000283,0.9454177379185161,1.0,1611.7136015424667,1000.0,1611.9062756539838,1000.0,0.004164837898035205,0.0
2538,1692946980000.0,0.0,0.0,1600.0,0.00027510352001979,0.0,0.0,0.000286,0.9454177379185161,1.0,1611.9311030540155,1000.0,1611.9485374219837,1000.0,0.0002730672739037744,0.0
2539,1692950580000.0,0.0,0.0,0.0,0.00027510352001979,0.0,0.0,0.000286,0.9454177379185161,1.0,1611.9463663179838,1000.0,1611.9463663179838,1000.0,0.0,0.0
2540,1692954180000.0,0.0,0.0,0.0,0.00027510352001979,0.0,0.0,0.000285,0.9454177379185161,1.0,1611.9463663179838,1000.0,1611.9463663179838,1000.0,0.0,0.0
2541,1692957780000.0,0.0,0.0,0.0,0.00027510352001979,0.0,0.0,0.000284,0.9454177379185161,1.0,1611.9463663179838,1000.0,1611.9463663179838,1000.0,0.0,0.0
2542,1692961380000.0,0.0,0.0,0.0,0.00027510352001979,0.0,0.0,0.000284,0.9454177379185161,1.0,1611.9463663179838,1000.0,1611.9463663179838,1000.0,0.0,0.0
2543,1692964980000.0,0.0,0.0,0.0,0.00027510352001979,0.0,0.0,0.0002815,0.9454177379185161,1.0,1611.9463663179838,1000.0,1611.9463663179838,1000.0,0.0,0.0
2544,1692968580000.0,0.0,0.0,0.0,0.00027510352001979,0.0,0.0,0.000283,0.9454177379185161,1.0,1611.9463663179838,1000.0,1611.9463663179838,1000.0,0.0,0.0
2545,1692972180000.0,0.0,0.0,0.0,0.00027510352001979,0.0,0.0,0.0002905,0.9454177379185161,1.0,1611.9463663179838,1000.0,1611.9463663179838,1000.0,0.0,0.0
2546,1692975780000.0,0.0,0.0,0.0,0.00027510352001979,0.0,0.0,0.000283,0.9454177379185161,1.0,1611.9463663179838,1000.0,1611.9463663179838,1000.0,0.0,0.0
2547,1692979380000.0,0.0,0.0,288900.0,0.00027952384908272763,0.0,0.0,0.0002785,0.9454177379185161,1.0,1612.0004874299837,1000.0,1611.7046974299835,1000.0,0.05009579130385191,0.0
2548,1692982980000.0,0.0,0.0,288400.0,0.0002795320218058287,0.0,0.0,0.000278,0.9454177379185161,1.0,1612.2239649627843,1000.0,1611.7821298739832,1000.0,0.05000362036589744,0.0
2549,1692986580000.0,0.0,0.0,288400.0,0.0002795320218058287,0.0,0.0,0.0002775,0.9454177379185161,1.0,1612.2239649627843,1000.0,1611.6379298739832,1000.0,0.05000362036589744,0.0
2550,1692990180000.0,0.0,0.0,51500.0,0.0002795320218058287,0.0,0.0,0.0002825,0.9454177379185161,1.0,1612.3689331209835,1000.0,1612.5217839979832,1000.0,0.008928415096124895,0.0
2551,1692993780000.0,0.0,0.0,21900.0,0.0002795320218058287,0.0,0.0,0.0002825,0.9454177379185161,1.0,1612.387046491531,1000.0,1612.4520452139834,1000.0,0.0037967008547161525,0.0
2552,1692997380000.0,0.0,0.0,21900.0,0.0002795320218058287,0.0,0.0,0.000283,0.9454177379185161,1.0,1612.387046491531,1000.0,1612.4629952139833,1000.0,0.0037967008547161525,0.0
2553,1693000980000.0,0.0,0.0,4400.0,0.0002795320218058287,0.0,0.0,0.0002835,0.9454177379185161,1.0,1612.4782393099288,1000.0,1612.495698413983,1000.0,0.0007627643375032509,0.0
2554,1693004580000.0,0.0,0.0,500.0,0.0002795320218058287,0.0,0.0,0.000284,0.9454177379185161,1.0,1612.4985622808854,1000.0,1612.5007962699824,1000.0,8.667667319046462e-05,0.0
2555,1693008180000.0,0.0,0.0,0.0,0.0002795320218058287,0.0,0.0,0.000281,0.9454177379185161,1.0,1612.5011677899827,1000.0,1612.5011677899827,1000.0,0.0,0.0
2556,1693011780000.0,0.0,0.0,288300.0,0.00027981242191569005,0.0,0.0,0.000279,0.9454177379185161,1.0,1612.5589062462761,1000.0,1612.3246850079827,1000.0,0.050026030631077745,0.0
2557,1693015380000.0,0.0,0.0,288500.0,0.00027960665736493555,0.0,0.0,0.00028,0.9454177379185161,1.0,1612.7476901237665,1000.0,1612.8611694739825,1000.0,0.05001806615118658,0.0
2558,1693018980000.0,0.0,0.0,216500.0,0.00027951621791520807,0.0,0.0,0.000283,0.9454177379185161,1.0,1612.853700276625,1000.0,1613.6079390979824,1000.0,0.03752061403229779,0.0
2559,1693022580000.0,0.0,0.0,19100.0,0.00027951621791520807,0.0,0.0,0.0002845,0.9454177379185161,1.0,1613.865738904163,1000.0,1613.9609291419824,1000.0,0.0033080569427079883,0.0
2560,1693026180000.0,0.0,0.0,12800.0,0.00027951621791520807,0.0,0.0,0.000282,0.9454177379185161,1.0,1613.8980380092971,1000.0,1613.9298304199824,1000.0,0.0022168733743104362,0.0
2561,1693029780000.0,0.0,0.0,3900.0,0.00027951621791520807,0.0,0.0,0.000287,0.9454177379185161,1.0,1613.9436669038519,1000.0,1613.9728536539826,1000.0,0.0006754345100288145,0.0
2562,1693033380000.0,0.0,0.0,2600.0,0.00027951621791520807,0.0,0.0,0.0002835,0.9454177379185161,1.0,1613.950331798562,1000.0,1613.9606896319824,1000.0,0.00045028781385711566,0.0
2563,1693036980000.0,0.0,0.0,2600.0,0.00027951621791520807,0.0,0.0,0.000282,0.9454177379185161,1.0,1613.950331798562,1000.0,1613.9567896319825,1000.0,0.00045028781385711566,0.0
2564,1693040580000.0,0.0,0.0,216000.0,0.0002802522684741264,0.0,0.0,0.0002825,0.9454177379185161,1.0,1614.0498066823936,1000.0,1614.5353166919824,1000.0,0.0375047224316065,0.0
2565,1693044180000.0,0.0,0.0,110000.0,0.0002802731416908943,0.0,0.0,0.000286,0.9454177379185161,1.0,1614.8081297739807,1000.0,1615.4380841879822,1000.0,0.0190920797446775,0.0
2566,1693047780000.0,0.0,0.0,0.0,0.0002802731416908943,0.0,0.0,0.0003,0.9454177379185161,1.0,1615.9461692919822,1000.0,1615.9461692919822,1000.0,0.0,0.0
2567,1693051380000.0,0.0,0.0,0.0,0.0002802731416908943,0.0,0.0,0.0003165,0.9454177379185161,1.0,1615.9461692919822,1000.0,1615.9461692919822,1000.0,0.0,0.0
2568,1693054980000.0,0.0,0.0,0.0,0.0002802731416908943,0.0,0.0,0.000314,0.9454177379185161,1.0,1615.9461692919822,1000.0,1615.9461692919822,1000.0,0.0,0.0
2569,1693058580000.0,0.0,0.0,0.0,0.0002802731416908943,0.0,0.0,0.0003155,0.9454177379185161,1.0,1615.9461692919822,1000.0,1615.9461692919822,1000.0,0.0,0.0
2570,1693062180000.0,0.0,0.0,0.0,0.0002802731416908943,0.0,0.0,0.000326,0.9454177379185161,1.0,1615.9461692919822,1000.0,1615.9461692919822,1000.0,0.0,0.0
2571,1693065780000.0,0.0,0.0,0.0,0.0002802731416908943,0.0,0.0,0.0003305,0.9454177379185161,1.0,1615.9461692919822,1000.0,1615.9461692919822,1000.0,0.0,0.0
2572,1693069380000.0,0.0,0.0,0.0,0.0002802731416908943,0.0,0.0,0.000333,0.9454177379185161,1.0,1615.9461692919822,1000.0,1615.9461692919822,1000.0,0.0,0.0
2573,1693072980000.0,0.0,0.0,0.0,0.0002802731416908943,0.0,0.0,0.000353,0.9454177379185161,1.0,1615.9461692919822,1000.0,1615.9461692919822,1000.0,0.0,0.0
2574,1693076580000.0,0.0,0.0,0.0,0.0002802731416908943,0.0,0.0,0.0003695,0.9454177379185161,1.0,1615.9461692919822,1000.0,1615.9461692919822,1000.0,0.0,0.0
2575,1693080180000.0,0.0,0.0,0.0,0.0002802731416908943,0.0,0.0,0.000373,0.9454177379185161,1.0,1615.9461692919822,1000.0,1615.9461692919822,1000.0,0.0,0.0
2576,1693083780000.0,0.0,0.0,0.0,0.0002802731416908943,0.0,0.0,0.000371,0.9454177379185161,1.0,1615.9461692919822,1000.0,1615.9461692919822,1000.0,0.0,0.0
2577,1693087380000.0,0.0,0.0,0.0,0.0002802731416908943,0.0,0.0,0.00047,0.9454177379185161,1.0,1615.9461692919822,1000.0,1615.9461692919822,1000.0,0.0,0.0
2578,1693090980000.0,0.0,0.0,0.0,0.0002802731416908943,0.0,0.0,0.000384,0.9454177379185161,1.0,1615.9461692919822,1000.0,1615.9461692919822,1000.0,0.0,0.0
2579,1693094580000.0,0.0,0.0,0.0,0.0002802731416908943,0.0,0.0,0.0003735,0.9454177379185161,1.0,1615.9461692919822,1000.0,1615.9461692919822,1000.0,0.0,0.0
2580,1693098180000.0,0.0,0.0,40000.0,0.0003369,0.0,0.0,0.000348,0.9454177379185161,1.0,1618.3545603879816,1000.0,1618.7985603879815,1000.0,0.008326976257149291,0.0
2581,1693101780000.0,0.0,0.0,146200.0,0.0003375736651892594,0.0,0.0,0.0003375,0.9454177379185161,1.0,1618.867294916651,1000.0,1618.8565250659813,1000.0,0.030486297428851776,0.0
2582,1693105380000.0,0.0,0.0,30000.0,0.00033716920689513656,0.0,0.0,0.00035,0.9454177379185161,1.0,1620.030114712835,1000.0,1620.4150385059809,1000.0,0.006243758134488188,0.0
2583,1693108980000.0,0.0,0.0,239600.0,0.0003382,0.0,0.0,0.0003405,0.9454177379185161,1.0,1620.366737961981,1000.0,1620.917817961981,1000.0,0.050008876448500196,0.0
2584,1693112580000.0,0.0,0.0,159700.0,0.0003382249686847599,0.0,0.0,0.0003445,0.9454177379185161,1.0,1620.9017999529372,1000.0,1621.903922453981,1000.0,0.03332375070502387,0.0
2585,1693116180000.0,0.0,0.0,6300.0,0.0003382249686847599,0.0,0.0,0.0003435,0.9454177379185161,1.0,1621.8538204966947,1000.0,1621.8870531939806,1000.0,0.001313815878955985,0.0
2586,1693119780000.0,0.0,0.0,0.0,0.0003382249686847599,0.0,0.0,0.00034,0.9454177379185161,1.0,1621.8929191239808,1000.0,1621.8929191239808,1000.0,0.0,0.0
2587,1693123380000.0,0.0,0.0,0.0,0.0003382249686847599,0.0,0.0,0.0003465,0.9454177379185161,1.0,1621.8929191239808,1000.0,1621.8929191239808,1000.0,0.0,0.0
2588,1693126980000.0,0.0,0.0,238900.0,0.0003395,0.0,0.0,0.0003375,0.9454177379185161,1.0,1621.8766978139809,1000.0,1621.398897813981,1000.0,0.050007839750899744,0.0
2589,1693130580000.0,0.0,0.0,179400.0,0.0003393022164471384,0.0,0.0,0.0003415,0.9454177379185161,1.0,1622.3258547725973,1000.0,1622.7201371419806,1000.0,0.037520709820129776,0.0
2590,1693134180000.0,0.0,0.0,15800.0,0.0003393022164471384,0.0,0.0,0.000344,0.9454177379185161,1.0,1623.344864129846,1000.0,1623.419089109981,1000.0,0.0033024252198798226,0.0
2591,1693137780000.0,0.0,0.0,239000.0,0.00033958910262649655,0.0,0.0,0.000341,0.9454177379185161,1.0,1623.391205983714,1000.0,1623.7284104559812,1000.0,0.049995216943750594,0.0
2592,1693141380000.0,0.0,0.0,75700.0,0.0003394831533900082,0.0,0.0,0.00034,0.9454177379185161,1.0,1623.6610665856049,1000.0,1623.7001918739813,1000.0,0.015827733534108664,0.0
2593,1693144980000.0,0.0,0.0,736200.0,0.0003308718977619201,0.0,0.0,0.000323,0.9454177379185161,1.0,1623.793998394307,1000.0,1617.9987072619815,1000.0,0.15001157251055128,0.0
2594,1693148580000.0,0.0,0.0,1494900.0,0.00032282133997747374,0.0,0.0,0.0003145,0.9454177379185161,1.0,1623.746198848307,1000.0,1611.3066277159814,1000.0,0.29720508135730483,0.0
2595,1693152180000.0,0.0,0.0,840900.0,0.00032282133997747374,0.0,0.0,0.000318,0.9454177379185161,1.0,1624.2131156230391,1000.0,1620.1588508359814,1000.0,0.16713352587534483,0.0
2596,1693155780000.0,0.0,0.0,1707500.0,0.00031458454160296205,0.0,0.0,0.000312,0.9454177379185161,1.0,1624.1599770950393,1000.0,1619.7468723079817,1000.0,0.33072672172836437,0.0
2597,1693159380000.0,0.0,0.0,1707500.0,0.00031458454160296205,0.0,0.0,0.00031,0.9454177379185161,1.0,1624.1599770950393,1000.0,1616.3318723079815,1000.0,0.33072672172836437,0.0
2598,1693162980000.0,0.0,0.0,1280700.0,0.00031458454160296205,0.0,0.0,0.0003085,0.9454177379185161,1.0,1624.4384207308951,1000.0,1616.6459482999817,1000.0,0.24801704840842106,0.0
2599,1693166580000.0,0.0,0.0,1280700.0,0.00031458454160296205,0.0,0.0,0.0003105,0.9454177379185161,1.0,1624.4384207308951,1000.0,1619.2073482999817,1000.0,0.24801704840842106,0.0
2600,1693170180000.0,0.0,0.0,1280700.0,0.00031458454160296205,0.0,0.0,0.0003095,0.9454177379185161,1.0,1624.4384207308951,1000.0,1617.9266482999817,1000.0,0.24801704840842106,0.0
2601,1693173780000.0,0.0,0.0,1280700.0,0.00031458454160296205,0.0,0.0,0.0003095,0.9454177379185161,1.0,1624.4384207308951,1000.0,1617.9266482999817,1000.0,0.24801704840842106,0.0
2602,1693177380000.0,0.0,0.0,1280700.0,0.00031458454160296205,0.0,0.0,0.000312,0.9454177379185161,1.0,1624.4384207308951,1000.0,1621.1283982999817,1000.0,0.24801704840842106,0.0
2603,1693180980000.0,0.0,0.0,540400.0,0.00031458454160296205,0.0,0.0,0.000315,0.9454177379185161,1.0,1624.9213912642224,1000.0,1625.1459049819816,1000.0,0.10462136026775794,0.0
2604,1693184580000.0,0.0,0.0,405300.0,0.00031458454160296205,0.0,0.0,0.000311,0.9454177379185161,1.0,1625.0095302876623,1000.0,1623.5567155759818,1000.0,0.07846176427599783,0.0
2605,1693188180000.0,0.0,0.0,405300.0,0.00031458454160296205,0.0,0.0,0.000311,0.9454177379185161,1.0,1625.0095302876623,1000.0,1623.5567155759818,1000.0,0.07846176427599783,0.0
2606,1693191780000.0,0.0,0.0,405300.0,0.00031458454160296205,0.0,0.0,0.000314,0.9454177379185161,1.0,1625.0095302876623,1000.0,1624.7726155759817,1000.0,0.07846176427599783,0.0
2607,1693195380000.0,0.0,0.0,405300.0,0.00031458454160296205,0.0,0.0,0.0003105,0.9454177379185161,1.0,1625.0095302876623,1000.0,1623.3540655759818,1000.0,0.07846176427599783,0.0
2608,1693198980000.0,0.0,0.0,405300.0,0.00031458454160296205,0.0,0.0,0.000309,0.9454177379185161,1.0,1625.0095302876623,1000.0,1622.7461155759818,1000.0,0.07846176427599783,0.0
2609,1693202580000.0,0.0,0.0,405300.0,0.00031458454160296205,0.0,0.0,0.0003075,0.9454177379185161,1.0,1625.0095302876623,1000.0,1622.1381655759817,1000.0,0.07846176427599783,0.0
2610,1693206180000.0,0.0,0.0,671900.0,0.000310702179954875,0.0,0.0,0.0003075,0.9454177379185161,1.0,1624.9932783516624,1000.0,1622.8417336399818,1000.0,0.1284687127588862,0.0
2611,1693209780000.0,0.0,0.0,1364300.0,0.00030358533659142453,0.0,0.0,0.000299,0.9454177379185161,1.0,1624.9521942156625,1000.0,1618.696419503982,1000.0,0.25488840606267743,0.0
2612,1693213380000.0,0.0,0.0,1364300.0,0.00030358533659142453,0.0,0.0,0.000296,0.9454177379185161,1.0,1624.9521942156625,1000.0,1614.603519503982,1000.0,0.25488840606267743,0.0
2613,1693216980000.0,0.0,0.0,1364300.0,0.00030358533659142453,0.0,0.0,0.000299,0.9454177379185161,1.0,1624.9521942156625,1000.0,1618.696419503982,1000.0,0.25488840606267743,0.0
2614,1693220580000.0,0.0,0.0,1023300.0,0.00030358533659142453,0.0,0.0,0.000305,0.9454177379185161,1.0,1625.1751411779867,1000.0,1626.622766243982,1000.0,0.19115408983479018,0.0
2615,1693224180000.0,0.0,0.0,267400.0,0.0003037173031436675,0.0,0.0,0.000304,0.9454177379185161,1.0,1625.7198157645987,1000.0,1625.795408903982,1000.0,0.049955721812015075,0.0
2616,1693227780000.0,0.0,0.0,267000.0,0.0003045936459478688,0.0,0.0,0.0003095,0.9454177379185161,1.0,1626.6949163180625,1000.0,1628.0049128499816,1000.0,0.04999493307089149,0.0
2617,1693231380000.0,0.0,0.0,14900.0,0.0003045936459478688,0.0,0.0,0.000312,0.9454177379185161,1.0,1628.6367390486048,1000.0,1628.7470937239816,1000.0,0.0027866529200823833,0.0
2618,1693234980000.0,0.0,0.0,0.0,0.0003045936459478688,0.0,0.0,0.000323,0.9454177379185161,1.0,1628.8003231299815,1000.0,1628.8003231299815,1000.0,0.0,0.0
2619,1693238580000.0,0.0,0.0,0.0,0.0003045936459478688,0.0,0.0,0.0003315,0.9454177379185161,1.0,1628.8003231299815,1000.0,1628.8003231299815,1000.0,0.0,0.0
2620,1693242180000.0,0.0,0.0,0.0,0.0003045936459478688,0.0,0.0,0.0003545,0.9454177379185161,1.0,1628.8003231299815,1000.0,1628.8003231299815,1000.0,0.0,0.0
2621,1693245780000.0,0.0,0.0,0.0,0.0003045936459478688,0.0,0.0,0.0003585,0.9454177379185161,1.0,1628.8003231299815,1000.0,1628.8003231299815,1000.0,0.0,0.0
2622,1693249380000.0,0.0,0.0,0.0,0.0003045936459478688,0.0,0.0,0.000338,0.9454177379185161,1.0,1628.8003231299815,1000.0,1628.8003231299815,1000.0,0.0,0.0
2623,1693252980000.0,0.0,0.0,0.0,0.0003045936459478688,0.0,0.0,0.0003315,0.9454177379185161,1.0,1628.8003231299815,1000.0,1628.8003231299815,1000.0,0.0,0.0
2624,1693256580000.0,0.0,0.0,0.0,0.0003045936459478688,0.0,0.0,0.000332,0.9454177379185161,1.0,1628.8003231299815,1000.0,1628.8003231299815,1000.0,0.0,0.0
2625,1693260180000.0,0.0,0.0,189200.0,0.0003229,0.0,0.0,0.000326,0.9454177379185161,1.0,1628.8600127939815,1000.0,1629.4465327939815,1000.0,0.03750640295675735,0.0
2626,1693263780000.0,0.0,0.0,200.0,0.0003229,0.0,0.0,0.0003345,0.9454177379185161,1.0,1630.649246813981,1000.0,1630.6515668139812,1000.0,3.960385725267321e-05,0.0
2627,1693267380000.0,0.0,0.0,100.0,0.0003229,0.0,0.0,0.0003315,0.9454177379185161,1.0,1630.6498402359812,1000.0,1630.6507002359813,1000.0,1.9801921420068404e-05,0.0
2628,1693270980000.0,0.0,0.0,0.0,0.0003229,0.0,0.0,0.0003295,0.9454177379185161,1.0,1630.6504336579812,1000.0,1630.6504336579812,1000.0,0.0,0.0
2629,1693274580000.0,0.0,0.0,251300.0,0.000324574970155193,0.0,0.0,0.000324,0.9454177379185161,1.0,1630.669917775981,1000.0,1630.5254277759811,1000.0,0.05001974287429357,0.0
2630,1693278180000.0,0.0,0.0,251300.0,0.00032454218376420333,0.0,0.0,0.000321,0.9454177379185161,1.0,1630.7353159519253,1000.0,1629.8451651719809,1000.0,0.05001268445108516,0.0
2631,1693281780000.0,0.0,0.0,251300.0,0.00032454218376420333,0.0,0.0,0.000321,0.9454177379185161,1.0,1630.7353159519253,1000.0,1629.8451651719809,1000.0,0.05001268445108516,0.0
2632,1693285380000.0,0.0,0.0,252100.0,0.0003242540326836665,0.0,0.0,0.000324,0.9454177379185161,1.0,1630.7747073955334,1000.0,1630.7106657559812,1000.0,0.050126140213508814,0.0
2633,1693288980000.0,0.0,0.0,252100.0,0.0003242540326836665,0.0,0.0,0.000317,0.9454177379185161,1.0,1630.7747073955334,1000.0,1628.945965755981,1000.0,0.050126140213508814,0.0
2634,1693292580000.0,0.0,0.0,287400.0,0.0003196169928352952,0.0,0.0,0.0003125,0.9454177379185161,1.0,1630.8967325108451,1000.0,1628.8513087699812,1000.0,0.05632356844534484,0.0
2635,1693296180000.0,0.0,0.0,287400.0,0.0003196169928352952,0.0,0.0,0.0003115,0.9454177379185161,1.0,1630.8967325108451,1000.0,1628.5639087699813,1000.0,0.05632356844534484,0.0
2636,1693299780000.0,0.0,0.0,550100.0,0.00031521542217935624,0.0,0.0,0.000307,0.9454177379185161,1.0,1630.8804240948452,1000.0,1626.3611203539813,1000.0,0.10632294138738135,0.0
2637,1693303380000.0,0.0,0.0,306800.0,0.0003117405523855024,0.0,0.0,0.0003145,0.9454177379185161,1.0,1632.0019296758535,1000.0,1632.8485282039815,1000.0,0.05860409827509729,0.0
2638,1693306980000.0,0.0,0.0,257400.0,0.0003174283984756551,0.0,0.0,0.0003135,0.9454177379185161,1.0,1634.7723661716147,1000.0,1633.761196403981,1000.0,0.04998008986350599,0.0
2639,1693310580000.0,0.0,0.0,258100.0,0.0003168445173801314,0.0,0.0,0.000317,0.9454177379185161,1.0,1635.0751234717925,1000.0,1635.1152535359806,1000.0,0.05001456432299681,0.0
2640,1693314180000.0,0.0,0.0,193700.0,0.0003167457321047475,0.0,0.0,0.0003195,0.9454177379185161,1.0,1635.26346587467,1000.0,1635.7969675659804,1000.0,0.037519121284760516,0.0
2641,1693317780000.0,0.0,0.0,25600.0,0.0003167457321047475,0.0,0.0,0.000321,0.9454177379185161,1.0,1636.2535291338618,1000.0,1636.3624383919803,1000.0,0.0049556444631009035,0.0
2642,1693321380000.0,0.0,0.0,0.0,0.0003167457321047475,0.0,0.0,0.0003245,0.9454177379185161,1.0,1636.49206861198,1000.0,1636.49206861198,1000.0,0.0,0.0
2643,1693324980000.0,0.0,0.0,128600.0,0.0003183,0.0,0.0,0.000323,0.9454177379185161,1.0,1636.9285035219796,1000.0,1637.5329235219795,1000.0,0.02500621127430345,0.0
2644,1693328580000.0,0.0,0.0,400.0,0.0003183,0.0,0.0,0.0003255,0.9454177379185161,1.0,1637.6765710339803,1000.0,1637.6794510339803,1000.0,7.77442886171437e-05,0.0
2645,1693332180000.0,0.0,0.0,0.0,0.0003183,0.0,0.0,0.0003255,0.9454177379185161,1.0,1637.6815145759804,1000.0,1637.6815145759804,1000.0,0.0,0.0
2646,1693335780000.0,0.0,0.0,256000.0,0.0003199,0.0,0.0,0.0003165,0.9454177379185161,1.0,1637.7291884959802,1000.0,1636.8587884959802,1000.0,0.05000484852761786,0.0
2647,1693339380000.0,0.0,0.0,144200.0,0.0003197874072932699,0.0,0.0,0.000321,0.9454177379185161,1.0,1637.8782202416694,1000.0,1638.0530761099799,1000.0,0.028154317922907283,0.0
2648,1693342980000.0,0.0,0.0,25800.0,0.0003197874072932699,0.0,0.0,0.0003215,0.9454177379185161,1.0,1637.9550017781457,1000.0,1637.9991866699793,1000.0,0.005037082886410003,0.0
2649,1693346580000.0,0.0,0.0,33800.0,0.0003197066033225283,0.0,0.0,0.000327,0.9454177379185161,1.0,1639.2947576702811,1000.0,1639.5412744779796,1000.0,0.006591909808617184,0.0
2650,1693350180000.0,0.0,0.0,5700.0,0.0003197066033225283,0.0,0.0,0.0003285,0.9454177379185161,1.0,1639.5492041069183,1000.0,1639.5993264679798,1000.0,0.001111480908516591,0.0
2651,1693353780000.0,0.0,0.0,0.0,0.0003197066033225283,0.0,0.0,0.000329,0.9454177379185161,1.0,1639.6167884099798,1000.0,1639.6167884099798,1000.0,0.0,0.0
2652,1693357380000.0,0.0,0.0,0.0,0.0003197066033225283,0.0,0.0,0.000329,0.9454177379185161,1.0,1639.6167884099798,1000.0,1639.6167884099798,1000.0,0.0,0.0
2653,1693360980000.0,0.0,0.0,0.0,0.0003197066033225283,0.0,0.0,0.000329,0.9454177379185161,1.0,1639.6167884099798,1000.0,1639.6167884099798,1000.0,0.0,0.0
2654,1693364580000.0,0.0,0.0,0.0,0.0003197066033225283,0.0,0.0,0.000332,0.9454177379185161,1.0,1639.6167884099798,1000.0,1639.6167884099798,1000.0,0.0,0.0
2655,1693368180000.0,0.0,0.0,0.0,0.0003197066033225283,0.0,0.0,0.000334,0.9454177379185161,1.0,1639.6167884099798,1000.0,1639.6167884099798,1000.0,0.0,0.0
2656,1693371780000.0,0.0,0.0,0.0,0.0003197066033225283,0.0,0.0,0.0003295,0.9454177379185161,1.0,1639.6167884099798,1000.0,1639.6167884099798,1000.0,0.0,0.0
2657,1693375380000.0,0.0,0.0,0.0,0.0003197066033225283,0.0,0.0,0.0003285,0.9454177379185161,1.0,1639.6167884099798,1000.0,1639.6167884099798,1000.0,0.0,0.0
2658,1693378980000.0,0.0,0.0,0.0,0.0003197066033225283,0.0,0.0,0.0003295,0.9454177379185161,1.0,1639.6167884099798,1000.0,1639.6167884099798,1000.0,0.0,0.0
2659,1693382580000.0,0.0,0.0,252600.0,0.0003245,0.0,0.0,0.0003215,0.9454177379185161,1.0,1639.6003946699798,1000.0,1638.8425946699797,1000.0,0.0499930960412453,0.0
2660,1693386180000.0,0.0,0.0,252900.0,0.0003244247924080664,0.0,0.0,0.0003235,0.9454177379185161,1.0,1639.6363497899797,1000.0,1639.4024697899797,1000.0,0.05003977254499716,0.0
2661,1693389780000.0,0.0,0.0,60100.0,0.0003244247924080664,0.0,0.0,0.0003255,0.9454177379185161,1.0,1639.7732701017046,1000.0,1639.8378900779799,1000.0,0.011890625600035214,0.0
2662,1693393380000.0,0.0,0.0,10100.0,0.0003244247924080664,0.0,0.0,0.0003315,0.9454177379185161,1.0,1639.9348932533012,1000.0,1640.0063528499797,1000.0,0.001998061274750472,0.0
2663,1693396980000.0,0.0,0.0,800.0,0.0003244247924080664,0.0,0.0,0.0003295,0.9454177379185161,1.0,1640.0029655159065,1000.0,1640.00702568198,1000.0,0.00015825571013208987,0.0
2664,1693400580000.0,0.0,0.0,300.0,0.0003244247924080664,0.0,0.0,0.0003265,0.9454177379185161,1.0,1640.0059700697025,1000.0,1640.00659263198,1000.0,5.934578257558622e-05,0.0
2665,1693404180000.0,0.0,0.0,300.0,0.0003244247924080664,0.0,0.0,0.0003265,0.9454177379185161,1.0,1640.0059700697025,1000.0,1640.00659263198,1000.0,5.934578257558622e-05,0.0
2666,1693407780000.0,0.0,0.0,777500.0,0.00031639104478730875,0.0,0.0,0.000311,0.9454177379185161,1.0,1640.0584927041127,1000.0,1635.8669553819802,1000.0,0.14999101459883907,0.0
2667,1693411380000.0,0.0,0.0,777500.0,0.00031639104478730875,0.0,0.0,0.000312,0.9454177379185161,1.0,1640.0584927041127,1000.0,1636.6444553819802,1000.0,0.14999101459883907,0.0
2668,1693414980000.0,0.0,0.0,777500.0,0.00031639104478730875,0.0,0.0,0.000315,0.9454177379185161,1.0,1640.0584927041127,1000.0,1638.9769553819801,1000.0,0.14999101459883907,0.0
2669,1693418580000.0,0.0,0.0,257900.0,0.0003173516887406964,0.0,0.0,0.0003175,0.9454177379185161,1.0,1640.5178053902061,1000.0,1640.5560548639805,1000.0,0.04988973619018924,0.0
2670,1693422180000.0,0.0,0.0,192900.0,0.00031842380639524065,0.0,0.0,0.0003195,0.9454177379185161,1.0,1640.705136243623,1000.0,1640.912733989981,1000.0,0.037437532739290014,0.0
2671,1693425780000.0,0.0,0.0,17000.0,0.00031869159756091087,0.0,0.0,0.000323,0.9454177379185161,1.0,1641.768546890516,1000.0,1641.8417897319805,1000.0,0.0032999518530164515,0.0
2672,1693429380000.0,0.0,0.0,7600.0,0.00031869159756091087,0.0,0.0,0.0003225,0.9454177379185161,1.0,1641.8234756254435,1000.0,1641.8524194839806,1000.0,0.0014752232364933472,0.0
2673,1693432980000.0,0.0,0.0,256600.0,0.00031986420943672225,0.0,0.0,0.000319,0.9454177379185161,1.0,1641.8075446054436,1000.0,1641.5857884639806,1000.0,0.049991947235927446,0.0
2674,1693436580000.0,0.0,0.0,192700.0,0.00031965353788243297,0.0,0.0,0.000321,0.9454177379185161,1.0,1641.9414667419253,1000.0,1642.2009299919805,1000.0,0.03751487979176938,0.0
2675,1693440180000.0,0.0,0.0,257100.0,0.00031941910154577026,0.0,0.0,0.000319,0.9454177379185161,1.0,1642.131930785398,1000.0,1642.0241797779804,1000.0,0.05000977660067785,0.0
2676,1693443780000.0,0.0,0.0,128600.0,0.00031936432615932767,0.0,0.0,0.000322,0.9454177379185161,1.0,1642.5880972820698,1000.0,1642.9270449379803,1000.0,0.025003378760656416,0.0
2677,1693447380000.0,0.0,0.0,128600.0,0.00031936432615932767,0.0,0.0,0.000322,0.9454177379185161,1.0,1642.5880972820698,1000.0,1642.9270449379803,1000.0,0.025003378760656416,0.0
2678,1693450980000.0,0.0,0.0,24200.0,0.0003194321366942417,0.0,0.0,0.0003295,0.9454177379185161,1.0,1643.7461660679812,1000.0,1643.9898083599805,1000.0,0.004702829346511731,0.0
2679,1693454580000.0,0.0,0.0,6100.0,0.0003194321366942417,0.0,0.0,0.000327,0.9454177379185161,1.0,1643.9471076218153,1000.0,1643.9932715879804,1000.0,0.0011852790304510993,0.0
2680,1693458180000.0,0.0,0.0,6100.0,0.0003194321366942417,0.0,0.0,0.0003275,0.9454177379185161,1.0,1643.9471076218153,1000.0,1643.9963215879804,1000.0,0.0011852790304510993,0.0
2681,1693461780000.0,0.0,0.0,1600.0,0.0003194321366942417,0.0,0.0,0.0003305,0.9454177379185161,1.0,1643.9970654666913,1000.0,1644.0147740479806,1000.0,0.0003108834130222125,0.0
2682,1693465380000.0,0.0,0.0,191400.0,0.0003222,0.0,0.0,0.0003225,0.9454177379185161,1.0,1644.0388658659806,1000.0,1644.0962858659807,1000.0,0.037510719047092876,0.0
2683,1693468980000.0,0.0,0.0,164400.0,0.0003222,0.0,0.0,0.0003265,0.9454177379185161,1.0,1644.1196864759809,1000.0,1644.826606475981,1000.0,0.03221765449055332,0.0
2684,1693472580000.0,0.0,0.0,32600.0,0.0003222,0.0,0.0,0.0003285,0.9454177379185161,1.0,1644.9018351239808,1000.0,1645.107215123981,1000.0,0.006385621181587597,0.0
2685,1693476180000.0,0.0,0.0,255000.0,0.0003225658039215686,0.0,0.0,0.000323,0.9454177379185161,1.0,1644.950880147981,1000.0,1645.061600147981,1000.0,0.05000409495060444,0.0
2686,1693479780000.0,0.0,0.0,143500.0,0.0003225658039215686,0.0,0.0,0.0003255,0.9454177379185161,1.0,1645.025533420726,1000.0,1645.446590557981,1000.0,0.02813828230768658,0.0
2687,1693483380000.0,0.0,0.0,28400.0,0.0003225658039215686,0.0,0.0,0.000328,0.9454177379185161,1.0,1645.7125050173536,1000.0,1645.8668361859811,1000.0,0.005566506181027013,0.0
2688,1693486980000.0,0.0,0.0,12700.0,0.0003225658039215686,0.0,0.0,0.0003265,0.9454177379185161,1.0,1645.806210091785,1000.0,1645.8561743819812,1000.0,0.0024891057553947733,0.0
2689,1693490580000.0,0.0,0.0,12700.0,0.0003225658039215686,0.0,0.0,0.0003265,0.9454177379185161,1.0,1645.806210091785,1000.0,1645.8561743819812,1000.0,0.0024891057553947733,0.0
2690,1693494180000.0,0.0,0.0,5700.0,0.0003225658039215686,0.0,0.0,0.000326,0.9454177379185161,1.0,1645.847989424334,1000.0,1645.867564341981,1000.0,0.0011171293425439822,0.0
2691,1693497780000.0,0.0,0.0,254500.0,0.0003232876656215033,0.0,0.0,0.000322,0.9454177379185161,1.0,1645.8692341786536,1000.0,1645.541523277981,1000.0,0.049989822515718596,0.0
2692,1693501380000.0,0.0,0.0,516500.0,0.0003186688003236108,0.0,0.0,0.000315,0.9454177379185161,1.0,1645.889842001126,1000.0,1643.994906633981,1000.0,0.10000209683962093,0.0
2693,1693504980000.0,0.0,0.0,12200.0,0.0003186688003236108,0.0,0.0,0.0003315,0.9454177379185161,1.0,1648.617892913929,1000.0,1648.7744335499808,1000.0,0.002358193114765026,0.0
2694,1693508580000.0,0.0,0.0,12200.0,0.0003186688003236108,0.0,0.0,0.000326,0.9454177379185161,1.0,1648.617892913929,1000.0,1648.7073335499808,1000.0,0.002358193114765026,0.0
2695,1693512180000.0,0.0,0.0,12400.0,0.0003229832131919531,0.0,0.0,0.000336,0.9454177379185161,1.0,1650.225431809561,1000.0,1650.386839965981,1000.0,0.0024269362030062335,0.0
2696,1693515780000.0,0.0,0.0,1100.0,0.0003229832131919531,0.0,0.0,0.000333,0.9454177379185161,1.0,1650.341958102492,1000.0,1650.352976567981,1000.0,0.00021527752643436346,0.0
2697,1693519380000.0,0.0,0.0,191000.0,0.0003240993418621933,0.0,0.0,0.000329,0.9454177379185161,1.0,1650.4118151236596,1000.0,1651.3478408279807,1000.0,0.03750759278891901,0.0
2698,1693522980000.0,0.0,0.0,127400.0,0.0003240993418621933,0.0,0.0,0.000328,0.9454177379185161,1.0,1650.7892581092242,1000.0,1651.2862019559807,1000.0,0.025012433265125755,0.0
2699,1693526580000.0,0.0,0.0,190900.0,0.00032419955266500366,0.0,0.0,0.000327,0.9454177379185161,1.0,1650.8214301257299,1000.0,1651.3560355219806,1000.0,0.0374902418119418,0.0
2700,1693530180000.0,0.0,0.0,190900.0,0.00032419955266500366,0.0,0.0,0.000328,0.9454177379185161,1.0,1650.8214301257299,1000.0,1651.5469355219807,1000.0,0.0374902418119418,0.0
2701,1693533780000.0,0.0,0.0,3400.0,0.00032419955266500366,0.0,0.0,0.0003305,0.9454177379185161,1.0,1651.934131501042,1000.0,1651.955553021981,1000.0,0.0006672653939654477,0.0
2702,1693537380000.0,0.0,0.0,200.0,0.00032419955266500366,0.0,0.0,0.000325,0.9454177379185161,1.0,1651.953121604514,1000.0,1651.9532816939811,1000.0,3.925045431678038e-05,0.0
2703,1693540980000.0,0.0,0.0,234100.0,0.0003249314684616492,0.0,0.0,0.000324,0.9454177379185161,1.0,1652.0497903168532,1000.0,1651.8317335499812,1000.0,0.04604368295236609,0.0
2704,1693544580000.0,0.0,0.0,254300.0,0.0003248287441858738,0.0,0.0,0.000325,0.9454177379185161,1.0,1652.1624381544493,1000.0,1652.2059885079816,1000.0,0.049997474666438106,0.0
2705,1693548180000.0,0.0,0.0,84800.0,0.0003248287441858738,0.0,0.0,0.0003315,0.9454177379185161,1.0,1652.8438158149438,1000.0,1653.4095383079816,1000.0,0.016665505381330086,0.0
2706,1693551780000.0,0.0,0.0,25200.0,0.0003248287441858738,0.0,0.0,0.0003295,0.9454177379185161,1.0,1653.2017183334658,1000.0,1653.3194339799818,1000.0,0.004951412923606031,0.0
2707,1693555380000.0,0.0,0.0,11200.0,0.0003248287441858738,0.0,0.0,0.0003305,0.9454177379185161,1.0,1653.2857893948635,1000.0,1653.3493074599817,1000.0,0.002200516062146399,0.0
2708,1693558980000.0,0.0,0.0,7500.0,0.0003248287441858738,0.0,0.0,0.000331,0.9454177379185161,1.0,1653.3080081753758,1000.0,1653.3542925939817,1000.0,0.0014735400598964677,0.0
2709,1693562580000.0,0.0,0.0,400.0,0.0003248287441858738,0.0,0.0,0.0003285,0.9454177379185161,1.0,1653.3506442136556,1000.0,1653.3521127159813,1000.0,7.85867765734266e-05,0.0
2710,1693566180000.0,0.0,0.0,0.0,0.0003248287441858738,0.0,0.0,0.0003375,0.9454177379185161,1.0,1653.354635925981,1000.0,1653.354635925981,1000.0,0.0,0.0
2711,1693569780000.0,0.0,0.0,0.0,0.0003248287441858738,0.0,0.0,0.0003455,0.9454177379185161,1.0,1653.354635925981,1000.0,1653.354635925981,1000.0,0.0,0.0
2712,1693573380000.0,0.0,0.0,0.0,0.0003248287441858738,0.0,0.0,0.0003415,0.9454177379185161,1.0,1653.354635925981,1000.0,1653.354635925981,1000.0,0.0,0.0
2713,1693576980000.0,0.0,0.0,0.0,0.0003248287441858738,0.0,0.0,0.0003475,0.9454177379185161,1.0,1653.354635925981,1000.0,1653.354635925981,1000.0,0.0,0.0
2714,1693580580000.0,0.0,0.0,0.0,0.0003248287441858738,0.0,0.0,0.000348,0.9454177379185161,1.0,1653.354635925981,1000.0,1653.354635925981,1000.0,0.0,0.0
2715,1693584180000.0,0.0,0.0,0.0,0.0003248287441858738,0.0,0.0,0.00035,0.9454177379185161,1.0,1653.354635925981,1000.0,1653.354635925981,1000.0,0.0,0.0
2716,1693587780000.0,0.0,0.0,0.0,0.0003248287441858738,0.0,0.0,0.000348,0.9454177379185161,1.0,1653.354635925981,1000.0,1653.354635925981,1000.0,0.0,0.0
2717,1693591380000.0,0.0,0.0,109700.0,0.0003351,0.0,0.0,0.000341,0.9454177379185161,1.0,1654.1781504719809,1000.0,1654.825380471981,1000.0,0.022222799877698336,0.0
2718,1693594980000.0,0.0,0.0,0.0,0.0003351,0.0,0.0,0.0003535,0.9454177379185161,1.0,1655.3539516999808,1000.0,1655.3539516999808,1000.0,0.0,0.0
2719,1693598580000.0,0.0,0.0,13700.0,0.0003366,0.0,0.0,0.0003505,0.9454177379185161,1.0,1656.672155875981,1000.0,1656.862585875981,1000.0,0.0027835440969077364,0.0
2720,1693602180000.0,0.0,0.0,0.0,0.0003366,0.0,0.0,0.0003515,0.9454177379185161,1.0,1656.908196189981,1000.0,1656.908196189981,1000.0,0.0,0.0
2721,1693605780000.0,0.0,0.0,0.0,0.0003366,0.0,0.0,0.000357,0.9454177379185161,1.0,1656.908196189981,1000.0,1656.908196189981,1000.0,0.0,0.0
2722,1693609380000.0,0.0,0.0,0.0,0.0003366,0.0,0.0,0.00036,0.9454177379185161,1.0,1656.908196189981,1000.0,1656.908196189981,1000.0,0.0,0.0
2723,1693612980000.0,0.0,0.0,0.0,0.0003366,0.0,0.0,0.000356,0.9454177379185161,1.0,1656.908196189981,1000.0,1656.908196189981,1000.0,0.0,0.0
2724,1693616580000.0,0.0,0.0,0.0,0.0003366,0.0,0.0,0.000375,0.9454177379185161,1.0,1656.908196189981,1000.0,1656.908196189981,1000.0,0.0,0.0
2725,1693620180000.0,0.0,0.0,0.0,0.0003366,0.0,0.0,0.0003875,0.9454177379185161,1.0,1656.908196189981,1000.0,1656.908196189981,1000.0,0.0,0.0
2726,1693623780000.0,0.0,0.0,0.0,0.0003366,0.0,0.0,0.0003915,0.9454177379185161,1.0,1656.908196189981,1000.0,1656.908196189981,1000.0,0.0,0.0
2727,1693627380000.0,0.0,0.0,0.0,0.0003366,0.0,0.0,0.000391,0.9454177379185161,1.0,1656.908196189981,1000.0,1656.908196189981,1000.0,0.0,0.0
2728,1693630980000.0,0.0,0.0,0.0,0.0003366,0.0,0.0,0.0003935,0.9454177379185161,1.0,1656.908196189981,1000.0,1656.908196189981,1000.0,0.0,0.0
2729,1693634580000.0,0.0,0.0,0.0,0.0003366,0.0,0.0,0.000395,0.9454177379185161,1.0,1656.908196189981,1000.0,1656.908196189981,1000.0,0.0,0.0
2730,1693638180000.0,0.0,0.0,0.0,0.0003366,0.0,0.0,0.0003935,0.9454177379185161,1.0,1656.908196189981,1000.0,1656.908196189981,1000.0,0.0,0.0
2731,1693641780000.0,0.0,0.0,0.0,0.0003366,0.0,0.0,0.0004,0.9454177379185161,1.0,1656.908196189981,1000.0,1656.908196189981,1000.0,0.0,0.0
2732,1693645380000.0,0.0,0.0,0.0,0.0003366,0.0,0.0,0.0004195,0.9454177379185161,1.0,1656.908196189981,1000.0,1656.908196189981,1000.0,0.0,0.0
2733,1693648980000.0,0.0,0.0,0.0,0.0003366,0.0,0.0,0.000407,0.9454177379185161,1.0,1656.908196189981,1000.0,1656.908196189981,1000.0,0.0,0.0
2734,1693652580000.0,0.0,0.0,0.0,0.0003366,0.0,0.0,0.000406,0.9454177379185161,1.0,1656.908196189981,1000.0,1656.908196189981,1000.0,0.0,0.0
2735,1693656180000.0,0.0,0.0,0.0,0.0003366,0.0,0.0,0.0004045,0.9454177379185161,1.0,1656.908196189981,1000.0,1656.908196189981,1000.0,0.0,0.0
2736,1693659780000.0,0.0,0.0,0.0,0.0003366,0.0,0.0,0.000397,0.9454177379185161,1.0,1656.908196189981,1000.0,1656.908196189981,1000.0,0.0,0.0
2737,1693663380000.0,0.0,0.0,333400.0,0.00037272488188976375,0.0,0.0,0.000377,0.9454177379185161,1.0,1656.9639851780282,1000.0,1658.389309555981,1000.0,0.07499648558064208,0.0
2738,1693666980000.0,0.0,0.0,134100.0,0.00037636031815982364,0.0,0.0,0.000379,0.9454177379185161,1.0,1657.9586022192134,1000.0,1658.312583553981,1000.0,0.03044100051574103,0.0
2739,1693670580000.0,0.0,0.0,178600.0,0.000377137071944169,0.0,0.0,0.000375,0.9454177379185161,1.0,1658.2417122112097,1000.0,1657.8600311619812,1000.0,0.040619338274521334,0.0
2740,1693674180000.0,0.0,0.0,1374800.0,0.00035851184057715546,0.0,0.0,0.0003455,0.9454177379185161,1.0,1658.3697003014547,1000.0,1640.4810218759815,1000.0,0.2972088059350568,0.0
2741,1693677780000.0,0.0,0.0,1959000.0,0.00035290189812428444,0.0,0.0,0.000344,0.9454177379185161,1.0,1658.3300097534548,1000.0,1640.8911913279815,1000.0,0.4168861531537107,0.0
2742,1693681380000.0,0.0,0.0,1959000.0,0.00035290189812428444,0.0,0.0,0.0003445,0.9454177379185161,1.0,1658.3300097534548,1000.0,1641.8706913279816,1000.0,0.4168861531537107,0.0
2743,1693684980000.0,0.0,0.0,1959000.0,0.00035290189812428444,0.0,0.0,0.000349,0.9454177379185161,1.0,1658.3300097534548,1000.0,1650.6861913279815,1000.0,0.4168861531537107,0.0
2744,1693688580000.0,0.0,0.0,1469300.0,0.00035290189812428444,0.0,0.0,0.0003485,0.9454177379185161,1.0,1658.6861988639926,1000.0,1652.2184899499814,1000.0,0.31260811072590844,0.0
2745,1693692180000.0,0.0,0.0,1469300.0,0.00035290189812428444,0.0,0.0,0.00035,0.9454177379185161,1.0,1658.6861988639926,1000.0,1654.4224399499815,1000.0,0.31260811072590844,0.0
2746,1693695780000.0,0.0,0.0,619900.0,0.00035290189812428444,0.0,0.0,0.000347,0.9454177379185161,1.0,1659.3040200412254,1000.0,1655.6454333939814,1000.0,0.13184075010064084,0.0
2747,1693699380000.0,0.0,0.0,619900.0,0.00035290189812428444,0.0,0.0,0.000347,0.9454177379185161,1.0,1659.3040200412254,1000.0,1655.6454333939814,1000.0,0.13184075010064084,0.0
2748,1693702980000.0,0.0,0.0,619900.0,0.00035290189812428444,0.0,0.0,0.000348,0.9454177379185161,1.0,1659.3040200412254,1000.0,1656.2653333939816,1000.0,0.13184075010064084,0.0
2749,1693706580000.0,0.0,0.0,619900.0,0.00035290189812428444,0.0,0.0,0.000346,0.9454177379185161,1.0,1659.3040200412254,1000.0,1655.0255333939815,1000.0,0.13184075010064084,0.0
2750,1693710180000.0,0.0,0.0,619900.0,0.00035290189812428444,0.0,0.0,0.0003465,0.9454177379185161,1.0,1659.3040200412254,1000.0,1655.3354833939816,1000.0,0.13184075010064084,0.0
2751,1693713780000.0,0.0,0.0,619900.0,0.00035290189812428444,0.0,0.0,0.0003465,0.9454177379185161,1.0,1659.3040200412254,1000.0,1655.3354833939816,1000.0,0.13184075010064084,0.0
2752,1693717380000.0,0.0,0.0,1258700.0,0.0003447644924503408,0.0,0.0,0.000335,0.9454177379185161,1.0,1659.2609818052254,1000.0,1646.9704151579813,1000.0,0.26153514812064954,0.0
2753,1693720980000.0,0.0,0.0,1793600.0,0.0003397350449638961,0.0,0.0,0.000333,0.9454177379185161,1.0,1659.2259030632254,1000.0,1647.1459264159814,1000.0,0.36724883303851397,0.0
2754,1693724580000.0,0.0,0.0,1008900.0,0.0003397350449638961,0.0,0.0,0.0003395,0.9454177379185161,1.0,1659.772725210056,1000.0,1659.5355883459813,1000.0,0.20650941038972442,0.0
2755,1693728180000.0,0.0,0.0,243100.0,0.00034070409428324587,0.0,0.0,0.000341,0.9454177379185161,1.0,1660.4592835542383,1000.0,1660.5312182339812,1000.0,0.049880877020343765,0.0
2756,1693731780000.0,0.0,0.0,181600.0,0.00034171622754746464,0.0,0.0,0.0003415,0.9454177379185161,1.0,1660.596184104601,1000.0,1660.5569171819814,1000.0,0.03736951073152092,0.0
2757,1693735380000.0,0.0,0.0,242600.0,0.00034216658754210484,0.0,0.0,0.0003415,0.9454177379185161,1.0,1661.0875106816964,1000.0,1660.9257965439817,1000.0,0.04997305295712457,0.0
2758,1693738980000.0,0.0,0.0,208500.0,0.00034226866941260224,0.0,0.0,0.0003415,0.9454177379185161,1.0,1661.1699734725091,1000.0,1661.0097058999816,1000.0,0.04295949163067903,0.0
2759,1693742580000.0,0.0,0.0,242700.0,0.00034227981003762256,0.0,0.0,0.0003405,0.9454177379185161,1.0,1661.1985936381127,1000.0,1660.7666337419817,1000.0,0.05000685060429797,0.0
2760,1693746180000.0,0.0,0.0,243200.0,0.00034174339742981105,0.0,0.0,0.00034,0.9454177379185161,1.0,1661.5494271309121,1000.0,1661.1254328759821,1000.0,0.05002077753319927,0.0
2761,1693749780000.0,0.0,0.0,493400.0,0.000336853291963782,0.0,0.0,0.0003355,0.9454177379185161,1.0,1661.532808846912,1000.0,1660.8650945919821,1000.0,0.10003017296436874,0.0
2762,1693753380000.0,0.0,0.0,277600.0,0.000336853291963782,0.0,0.0,0.000336,0.9454177379185161,1.0,1661.679377625128,1000.0,1661.442503775982,1000.0,0.0562746791639137,0.0
2763,1693756980000.0,0.0,0.0,137900.0,0.0003385223075392354,0.0,0.0,0.0003395,0.9454177379185161,1.0,1661.9722533096424,1000.0,1662.1070770999818,1000.0,0.028088451005543465,0.0
2764,1693760580000.0,0.0,0.0,245100.0,0.0003387312370855184,0.0,0.0,0.000336,0.9454177379185161,1.0,1661.9649851496424,1000.0,1661.295558939982,1000.0,0.04995473848817893,0.0
2765,1693764180000.0,0.0,0.0,138200.0,0.00033861387775796313,0.0,0.0,0.000339,0.9454177379185161,1.0,1662.6361116841324,1000.0,1662.689473777982,1000.0,0.028145928972244588,0.0
2766,1693767780000.0,0.0,0.0,11600.0,0.00033861387775796313,0.0,0.0,0.0003405,0.9454177379185161,1.0,1662.9843896719744,1000.0,1663.006268689982,1000.0,0.0023619710481871444,0.0
2767,1693771380000.0,0.0,0.0,7800.0,0.00033861387775796313,0.0,0.0,0.000343,0.9454177379185161,1.0,1663.0080148124941,1000.0,1663.042226565982,1000.0,0.001588199349003083,0.0
2768,1693774980000.0,0.0,0.0,3500.0,0.00033861387775796313,0.0,0.0,0.0003425,0.9454177379185161,1.0,1663.0347485241348,1000.0,1663.048349951982,1000.0,0.0007126420979505297,0.0
2769,1693778580000.0,0.0,0.0,137800.0,0.0003395935573883738,0.0,0.0,0.0003415,0.9454177379185161,1.0,1663.1091147940997,1000.0,1663.3718225859818,1000.0,0.028137656027404707,0.0
2770,1693782180000.0,0.0,0.0,103400.0,0.0003395935573883738,0.0,0.0,0.0003435,0.9454177379185161,1.0,1663.1345144679397,1000.0,1663.5384406339817,1000.0,0.021113129171750313,0.0
2771,1693785780000.0,0.0,0.0,69000.0,0.0003395935573883738,0.0,0.0,0.0003465,0.9454177379185161,1.0,1663.3490763017796,1000.0,1663.8256208419818,1000.0,0.014087214640414155,0.0
2772,1693789380000.0,0.0,0.0,0.0,0.0003395935573883738,0.0,0.0,0.000361,0.9454177379185161,1.0,1664.3554821919815,1000.0,1664.3554821919815,1000.0,0.0,0.0
2773,1693792980000.0,0.0,0.0,0.0,0.0003395935573883738,0.0,0.0,0.0003685,0.9454177379185161,1.0,1664.3554821919815,1000.0,1664.3554821919815,1000.0,0.0,0.0
2774,1693796580000.0,0.0,0.0,0.0,0.0003395935573883738,0.0,0.0,0.000369,0.9454177379185161,1.0,1664.3554821919815,1000.0,1664.3554821919815,1000.0,0.0,0.0
2775,1693800180000.0,0.0,0.0,0.0,0.0003395935573883738,0.0,0.0,0.0003765,0.9454177379185161,1.0,1664.3554821919815,1000.0,1664.3554821919815,1000.0,0.0,0.0
2776,1693803780000.0,0.0,0.0,0.0,0.0003395935573883738,0.0,0.0,0.000384,0.9454177379185161,1.0,1664.3554821919815,1000.0,1664.3554821919815,1000.0,0.0,0.0
2777,1693807380000.0,0.0,0.0,0.0,0.0003395935573883738,0.0,0.0,0.0003845,0.9454177379185161,1.0,1664.3554821919815,1000.0,1664.3554821919815,1000.0,0.0,0.0
2778,1693810980000.0,0.0,0.0,0.0,0.0003395935573883738,0.0,0.0,0.0003895,0.9454177379185161,1.0,1664.3554821919815,1000.0,1664.3554821919815,1000.0,0.0,0.0
2779,1693814580000.0,0.0,0.0,0.0,0.0003395935573883738,0.0,0.0,0.0003815,0.9454177379185161,1.0,1664.3554821919815,1000.0,1664.3554821919815,1000.0,0.0,0.0
2780,1693818180000.0,0.0,0.0,0.0,0.0003395935573883738,0.0,0.0,0.0003735,0.9454177379185161,1.0,1664.3554821919815,1000.0,1664.3554821919815,1000.0,0.0,0.0
2781,1693821780000.0,0.0,0.0,0.0,0.0003395935573883738,0.0,0.0,0.000382,0.9454177379185161,1.0,1664.3554821919815,1000.0,1664.3554821919815,1000.0,0.0,0.0
2782,1693825380000.0,0.0,0.0,0.0,0.0003395935573883738,0.0,0.0,0.000386,0.9454177379185161,1.0,1664.3554821919815,1000.0,1664.3554821919815,1000.0,0.0,0.0
2783,1693828980000.0,0.0,0.0,0.0,0.0003395935573883738,0.0,0.0,0.000384,0.9454177379185161,1.0,1664.3554821919815,1000.0,1664.3554821919815,1000.0,0.0,0.0
2784,1693832580000.0,0.0,0.0,0.0,0.0003395935573883738,0.0,0.0,0.000378,0.9454177379185161,1.0,1664.3554821919815,1000.0,1664.3554821919815,1000.0,0.0,0.0
2785,1693836180000.0,0.0,0.0,0.0,0.0003395935573883738,0.0,0.0,0.000384,0.9454177379185161,1.0,1664.3554821919815,1000.0,1664.3554821919815,1000.0,0.0,0.0
2786,1693839780000.0,0.0,0.0,0.0,0.0003395935573883738,0.0,0.0,0.0003825,0.9454177379185161,1.0,1664.3554821919815,1000.0,1664.3554821919815,1000.0,0.0,0.0
2787,1693843380000.0,0.0,0.0,0.0,0.0003395935573883738,0.0,0.0,0.00038,0.9454177379185161,1.0,1664.3554821919815,1000.0,1664.3554821919815,1000.0,0.0,0.0
2788,1693846980000.0,0.0,0.0,0.0,0.0003395935573883738,0.0,0.0,0.0003855,0.9454177379185161,1.0,1664.3554821919815,1000.0,1664.3554821919815,1000.0,0.0,0.0
2789,1693850580000.0,0.0,0.0,0.0,0.0003395935573883738,0.0,0.0,0.000378,0.9454177379185161,1.0,1664.3554821919815,1000.0,1664.3554821919815,1000.0,0.0,0.0
2790,1693854180000.0,0.0,0.0,0.0,0.0003395935573883738,0.0,0.0,0.0003805,0.9454177379185161,1.0,1664.3554821919815,1000.0,1664.3554821919815,1000.0,0.0,0.0
2791,1693857780000.0,0.0,0.0,0.0,0.0003395935573883738,0.0,0.0,0.0003805,0.9454177379185161,1.0,1664.3554821919815,1000.0,1664.3554821919815,1000.0,0.0,0.0
2792,1693861380000.0,0.0,0.0,0.0,0.0003395935573883738,0.0,0.0,0.00038,0.9454177379185161,1.0,1664.3554821919815,1000.0,1664.3554821919815,1000.0,0.0,0.0
2793,1693864980000.0,0.0,0.0,223100.0,0.000373,0.0,0.0,0.000376,0.9454177379185161,1.0,1664.3388389319816,1000.0,1665.0081389319816,1000.0,0.049999614293325334,0.0
2794,1693868580000.0,0.0,0.0,39900.0,0.0003729193010933345,0.0,0.0,0.0003775,0.9454177379185161,1.0,1664.6725874676056,1000.0,1664.8553573539816,1000.0,0.008938382373593089,0.0
2795,1693872180000.0,0.0,0.0,11900.0,0.0003729193010933345,0.0,0.0,0.000377,0.9454177379185161,1.0,1664.8659195969922,1000.0,1664.9144799139815,1000.0,0.002665523770277493,0.0
2796,1693875780000.0,0.0,0.0,0.0,0.0003729193010933345,0.0,0.0,0.0003925,0.9454177379185161,1.0,1664.9852883099816,1000.0,1664.9852883099816,1000.0,0.0,0.0
2797,1693879380000.0,0.0,0.0,0.0,0.0003729193010933345,0.0,0.0,0.0004085,0.9454177379185161,1.0,1664.9852883099816,1000.0,1664.9852883099816,1000.0,0.0,0.0
2798,1693882980000.0,0.0,0.0,0.0,0.0003729193010933345,0.0,0.0,0.0004045,0.9454177379185161,1.0,1664.9852883099816,1000.0,1664.9852883099816,1000.0,0.0,0.0
2799,1693886580000.0,0.0,0.0,0.0,0.0003729193010933345,0.0,0.0,0.0004005,0.9454177379185161,1.0,1664.9852883099816,1000.0,1664.9852883099816,1000.0,0.0,0.0
2800,1693890180000.0,0.0,0.0,0.0,0.0003729193010933345,0.0,0.0,0.000395,0.9454177379185161,1.0,1664.9852883099816,1000.0,1664.9852883099816,1000.0,0.0,0.0
2801,1693893780000.0,0.0,0.0,0.0,0.0003729193010933345,0.0,0.0,0.0004015,0.9454177379185161,1.0,1664.9852883099816,1000.0,1664.9852883099816,1000.0,0.0,0.0
2802,1693897380000.0,0.0,0.0,0.0,0.0003729193010933345,0.0,0.0,0.0003995,0.9454177379185161,1.0,1664.9852883099816,1000.0,1664.9852883099816,1000.0,0.0,0.0
2803,1693900980000.0,0.0,0.0,0.0,0.0003729193010933345,0.0,0.0,0.0004035,0.9454177379185161,1.0,1664.9852883099816,1000.0,1664.9852883099816,1000.0,0.0,0.0
2804,1693904580000.0,0.0,0.0,0.0,0.0003729193010933345,0.0,0.0,0.0004035,0.9454177379185161,1.0,1664.9852883099816,1000.0,1664.9852883099816,1000.0,0.0,0.0
2805,1693908180000.0,0.0,0.0,0.0,0.0003729193010933345,0.0,0.0,0.0004035,0.9454177379185161,1.0,1664.9852883099816,1000.0,1664.9852883099816,1000.0,0.0,0.0
2806,1693911780000.0,0.0,0.0,0.0,0.0003729193010933345,0.0,0.0,0.000408,0.9454177379185161,1.0,1664.9852883099816,1000.0,1664.9852883099816,1000.0,0.0,0.0
2807,1693915380000.0,0.0,0.0,0.0,0.0003729193010933345,0.0,0.0,0.000407,0.9454177379185161,1.0,1664.9852883099816,1000.0,1664.9852883099816,1000.0,0.0,0.0
2808,1693918980000.0,0.0,0.0,0.0,0.0003729193010933345,0.0,0.0,0.0004,0.9454177379185161,1.0,1664.9852883099816,1000.0,1664.9852883099816,1000.0,0.0,0.0
2809,1693922580000.0,0.0,0.0,0.0,0.0003729193010933345,0.0,0.0,0.000399,0.9454177379185161,1.0,1664.9852883099816,1000.0,1664.9852883099816,1000.0,0.0,0.0
2810,1693926180000.0,0.0,0.0,0.0,0.0003729193010933345,0.0,0.0,0.0004025,0.9454177379185161,1.0,1664.9852883099816,1000.0,1664.9852883099816,1000.0,0.0,0.0
2811,1693929780000.0,0.0,0.0,0.0,0.0003729193010933345,0.0,0.0,0.000403,0.9454177379185161,1.0,1664.9852883099816,1000.0,1664.9852883099816,1000.0,0.0,0.0
2812,1693933380000.0,0.0,0.0,0.0,0.0003729193010933345,0.0,0.0,0.0003995,0.9454177379185161,1.0,1664.9852883099816,1000.0,1664.9852883099816,1000.0,0.0,0.0
2813,1693936980000.0,0.0,0.0,0.0,0.0003729193010933345,0.0,0.0,0.000404,0.9454177379185161,1.0,1664.9852883099816,1000.0,1664.9852883099816,1000.0,0.0,0.0
2814,1693940580000.0,0.0,0.0,0.0,0.0003729193010933345,0.0,0.0,0.0004055,0.9454177379185161,1.0,1664.9852883099816,1000.0,1664.9852883099816,1000.0,0.0,0.0
2815,1693944180000.0,0.0,0.0,0.0,0.0003729193010933345,0.0,0.0,0.000411,0.9454177379185161,1.0,1664.9852883099816,1000.0,1664.9852883099816,1000.0,0.0,0.0
2816,1693947780000.0,0.0,0.0,0.0,0.0003729193010933345,0.0,0.0,0.000409,0.9454177379185161,1.0,1664.9852883099816,1000.0,1664.9852883099816,1000.0,0.0,0.0
2817,1693951380000.0,0.0,0.0,0.0,0.0003729193010933345,0.0,0.0,0.000418,0.9454177379185161,1.0,1664.9852883099816,1000.0,1664.9852883099816,1000.0,0.0,0.0
2818,1693954980000.0,0.0,0.0,0.0,0.0003729193010933345,0.0,0.0,0.0004195,0.9454177379185161,1.0,1664.9852883099816,1000.0,1664.9852883099816,1000.0,0.0,0.0
2819,1693958580000.0,0.0,0.0,0.0,0.0003729193010933345,0.0,0.0,0.0004215,0.9454177379185161,1.0,1664.9852883099816,1000.0,1664.9852883099816,1000.0,0.0,0.0
2820,1693962180000.0,0.0,0.0,0.0,0.0003729193010933345,0.0,0.0,0.0004135,0.9454177379185161,1.0,1664.9852883099816,1000.0,1664.9852883099816,1000.0,0.0,0.0
2821,1693965780000.0,0.0,0.0,207100.0,0.00040189999999999996,0.0,0.0,0.0003995,0.9454177379185161,1.0,1665.0068510139815,1000.0,1664.5098110139816,1000.0,0.0499898783895761,0.0
2822,1693969380000.0,0.0,0.0,207300.0,0.0004017920947901592,0.0,0.0,0.0004005,0.9454177379185161,1.0,1665.1251773919817,1000.0,1664.8573261419817,1000.0,0.0500211650036162,0.0
2823,1693972980000.0,0.0,0.0,637900.0,0.00039161357775513406,0.0,0.0,0.0003885,0.9454177379185161,1.0,1665.0918736319816,1000.0,1663.1057223819816,1000.0,0.15002793852155516,0.0
2824,1693976580000.0,0.0,0.0,637900.0,0.00039161357775513406,0.0,0.0,0.000388,0.9454177379185161,1.0,1665.0918736319816,1000.0,1662.7867723819816,1000.0,0.15002793852155516,0.0
2825,1693980180000.0,0.0,0.0,637900.0,0.00039161357775513406,0.0,0.0,0.000387,0.9454177379185161,1.0,1665.0918736319816,1000.0,1662.1488723819816,1000.0,0.15002793852155516,0.0
2826,1693983780000.0,0.0,0.0,269200.0,0.00039161357775513406,0.0,0.0,0.0003905,0.9454177379185161,1.0,1665.3897545636635,1000.0,1665.0899794319814,1000.0,0.06330192367449926,0.0
2827,1693987380000.0,0.0,0.0,113700.0,0.00039161357775513406,0.0,0.0,0.0003925,0.9454177379185161,1.0,1665.5153864727401,1000.0,1665.6161726819814,1000.0,0.026734345507943773,0.0
2828,1693990980000.0,0.0,0.0,211000.0,0.0003946796430073677,0.0,0.0,0.0003945,0.9454177379185161,1.0,1665.8404615425359,1000.0,1665.8025568679814,1000.0,0.04999122460829252,0.0
2829,1693994580000.0,0.0,0.0,158300.0,0.0003946796430073677,0.0,0.0,0.0003975,0.9454177379185161,1.0,1665.8847947320476,1000.0,1666.3312572439813,1000.0,0.03750426661293566,0.0
2830,1693998180000.0,0.0,0.0,211000.0,0.0003946935507779859,0.0,0.0,0.000394,0.9454177379185161,1.0,1665.972938806136,1000.0,1665.826599591981,1000.0,0.04998901079019633,0.0
2831,1694001780000.0,0.0,0.0,211000.0,0.0003946935507779859,0.0,0.0,0.000393,0.9454177379185161,1.0,1665.972938806136,1000.0,1665.615599591981,1000.0,0.04998901079019633,0.0
2832,1694005380000.0,0.0,0.0,211000.0,0.0003946935507779859,0.0,0.0,0.000393,0.9454177379185161,1.0,1665.972938806136,1000.0,1665.615599591981,1000.0,0.04998901079019633,0.0
2833,1694008980000.0,0.0,0.0,211000.0,0.0003946935507779859,0.0,0.0,0.0003915,0.9454177379185161,1.0,1665.972938806136,1000.0,1665.2990995919808,1000.0,0.04998901079019633,0.0
2834,1694012580000.0,0.0,0.0,428100.0,0.0003890677393463093,0.0,0.0,0.0003865,0.9454177379185161,1.0,1665.956282894136,1000.0,1664.857033679981,1000.0,0.09997855341366071,0.0
2835,1694016180000.0,0.0,0.0,428100.0,0.0003890677393463093,0.0,0.0,0.0003855,0.9454177379185161,1.0,1665.956282894136,1000.0,1664.428933679981,1000.0,0.09997855341366071,0.0
2836,1694019780000.0,0.0,0.0,428100.0,0.0003890677393463093,0.0,0.0,0.0003845,0.9454177379185161,1.0,1665.956282894136,1000.0,1664.0008336799808,1000.0,0.09997855341366071,0.0
2837,1694023380000.0,0.0,0.0,135600.0,0.0003890677393463093,0.0,0.0,0.0003895,0.9454177379185161,1.0,1666.1769099853402,1000.0,1666.2355245299807,1000.0,0.0316638558241836,0.0
2838,1694026980000.0,0.0,0.0,214300.0,0.00038893537946081745,0.0,0.0,0.000389,0.9454177379185161,1.0,1666.5934720384341,1000.0,1666.607320219981,1000.0,0.05001150743528836,0.0
2839,1694030580000.0,0.0,0.0,214400.0,0.0003888515345956131,0.0,0.0,0.000389,0.9454177379185161,1.0,1666.6313925852803,1000.0,1666.6632235679808,1000.0,0.05002292011791292,0.0
2840,1694034180000.0,0.0,0.0,214400.0,0.0003888515345956131,0.0,0.0,0.0003895,0.9454177379185161,1.0,1666.6313925852803,1000.0,1666.7704235679807,1000.0,0.05002292011791292,0.0
2841,1694037780000.0,0.0,0.0,120600.0,0.0003888515345956131,0.0,0.0,0.000391,0.9454177379185161,1.0,1666.7036678682118,1000.0,1666.962772795981,1000.0,0.02813667238892704,0.0
2842,1694041380000.0,0.0,0.0,67900.0,0.0003888515345956131,0.0,0.0,0.000391,0.9454177379185161,1.0,1666.744274557023,1000.0,1666.8901553579808,1000.0,0.015841073884030207,0.0
2843,1694044980000.0,0.0,0.0,21600.0,0.0003888515345956131,0.0,0.0,0.0003915,0.9454177379185161,1.0,1666.779949883246,1000.0,1666.8371567359807,1000.0,0.005039173376097779,0.0
2844,1694048580000.0,0.0,0.0,16200.0,0.0003888515345956131,0.0,0.0,0.0003915,0.9454177379185161,1.0,1666.7841107204297,1000.0,1666.8270158599807,1000.0,0.0037793705975071733,0.0
2845,1694052180000.0,0.0,0.0,16200.0,0.0003888515345956131,0.0,0.0,0.0003945,0.9454177379185161,1.0,1666.7841107204297,1000.0,1666.8756158599808,1000.0,0.0037793705975071733,0.0
2846,1694055780000.0,0.0,0.0,10800.0,0.0003888515345956131,0.0,0.0,0.000399,0.9454177379185161,1.0,1666.8228246456133,1000.0,1666.9324280719807,1000.0,0.002519521878112934,0.0
2847,1694059380000.0,0.0,0.0,10800.0,0.0003888515345956131,0.0,0.0,0.0004,0.9454177379185161,1.0,1666.8228246456133,1000.0,1666.9432280719807,1000.0,0.002519521878112934,0.0
2848,1694062980000.0,0.0,0.0,213300.0,0.00039063760454331183,0.0,0.0,0.0003905,0.9454177379185161,1.0,1666.832529275069,1000.0,1666.8031782259804,1000.0,0.04998882586322387,0.0
2849,1694066580000.0,0.0,0.0,160000.0,0.00039063760454331183,0.0,0.0,0.000393,0.9454177379185161,1.0,1666.8743215629104,1000.0,1667.2523048359806,1000.0,0.03749653823230426,0.0
2850,1694070180000.0,0.0,0.0,120100.0,0.0003905721470059061,0.0,0.0,0.0003915,0.9454177379185161,1.0,1667.0068324393897,1000.0,1667.1182675839802,1000.0,0.02813888578175029,0.0
2851,1694073780000.0,0.0,0.0,28600.0,0.0003905721470059061,0.0,0.0,0.0003915,0.9454177379185161,1.0,1667.0754183683493,1000.0,1667.1019549639805,1000.0,0.006700574719829959,0.0
2852,1694077380000.0,0.0,0.0,120200.0,0.00039030662530164194,0.0,0.0,0.000392,0.9454177379185161,1.0,1667.1528242532377,1000.0,1667.3563678919802,1000.0,0.028140705326322908,0.0
2853,1694080980000.0,0.0,0.0,6900.0,0.00039030662530164194,0.0,0.0,0.0003925,0.9454177379185161,1.0,1667.2451790145617,1000.0,1667.2603132999805,1000.0,0.001615308743116664,0.0
2854,1694084580000.0,0.0,0.0,213700.0,0.00039000258271194643,0.0,0.0,0.00039,0.9454177379185161,1.0,1667.2328080015236,1000.0,1667.2322560759806,1000.0,0.04998915060065612,0.0
2855,1694088180000.0,0.0,0.0,213700.0,0.00039000258271194643,0.0,0.0,0.0003855,0.9454177379185161,1.0,1667.2328080015236,1000.0,1666.2706060759806,1000.0,0.04998915060065612,0.0
2856,1694091780000.0,0.0,0.0,213700.0,0.00039000258271194643,0.0,0.0,0.000387,0.9454177379185161,1.0,1667.2328080015236,1000.0,1666.5911560759807,1000.0,0.04998915060065612,0.0
2857,1694095380000.0,0.0,0.0,433700.0,0.0003844213786616162,0.0,0.0,0.0003805,0.9454177379185161,1.0,1667.2161320015236,1000.0,1665.5154300759807,1000.0,0.10000116285186628,0.0
2858,1694098980000.0,0.0,0.0,658000.0,0.0003800848965433783,0.0,0.0,0.000377,0.9454177379185161,1.0,1667.1994575395236,1000.0,1665.1695956139806,1000.0,0.15000956291974682,0.0
2859,1694102580000.0,0.0,0.0,658000.0,0.0003800848965433783,0.0,0.0,0.0003765,0.9454177379185161,1.0,1667.1994575395236,1000.0,1664.8405956139807,1000.0,0.15000956291974682,0.0
2860,1694106180000.0,0.0,0.0,277700.0,0.0003800848965433783,0.0,0.0,0.0003845,0.9454177379185161,1.0,1667.4804701300768,1000.0,1668.7065443599806,1000.0,0.06329883777401149,0.0
2861,1694109780000.0,0.0,0.0,82400.0,0.0003800848965433783,0.0,0.0,0.0003865,0.9454177379185161,1.0,1668.8549258031549,1000.0,1669.3835303279805,1000.0,0.01876675736814077,0.0
2862,1694113380000.0,0.0,0.0,55000.0,0.0003800848965433783,0.0,0.0,0.000386,0.9454177379185161,1.0,1669.0477577818663,1000.0,1669.3730884719805,1000.0,0.012524907817897151,0.0
2863,1694116980000.0,0.0,0.0,1100.0,0.0003800848965433783,0.0,0.0,0.000386,0.9454177379185161,1.0,1669.4270878421783,1000.0,1669.4335944559805,1000.0,0.0002504412377411006,0.0
2864,1694120580000.0,0.0,0.0,400.0,0.0003800848965433783,0.0,0.0,0.000386,0.9454177379185161,1.0,1669.432014206598,1000.0,1669.4343802479807,1000.0,9.106927225761025e-05,0.0
2865,1694124180000.0,0.0,0.0,200.0,0.0003800848965433783,0.0,0.0,0.00039,0.9454177379185161,1.0,1669.4334217392893,1000.0,1669.4354047599807,1000.0,4.553459773764313e-05,0.0
2866,1694127780000.0,0.0,0.0,200.0,0.0003800848965433783,0.0,0.0,0.00039,0.9454177379185161,1.0,1669.4334217392893,1000.0,1669.4354047599807,1000.0,4.553459773764313e-05,0.0
2867,1694131380000.0,0.0,0.0,200.0,0.0003800848965433783,0.0,0.0,0.00039,0.9454177379185161,1.0,1669.4334217392893,1000.0,1669.4354047599807,1000.0,4.553459773764313e-05,0.0
2868,1694134980000.0,0.0,0.0,200.0,0.0003800848965433783,0.0,0.0,0.0003895,0.9454177379185161,1.0,1669.4334217392893,1000.0,1669.4353047599807,1000.0,4.553459773764313e-05,0.0
2869,1694138580000.0,0.0,0.0,0.0,0.0003800848965433783,0.0,0.0,0.000386,0.9454177379185161,1.0,1669.4348292719806,1000.0,1669.4348292719806,1000.0,0.0,0.0
2870,1694142180000.0,0.0,0.0,68700.0,0.000385,0.0,0.0,0.000387,0.9454177379185161,1.0,1669.5399953139806,1000.0,1669.6773953139807,1000.0,0.015842387768030555,0.0
2871,1694145780000.0,0.0,0.0,68700.0,0.000385,0.0,0.0,0.000389,0.9454177379185161,1.0,1669.5399953139806,1000.0,1669.8147953139805,1000.0,0.015842387768030555,0.0
2872,1694149380000.0,0.0,0.0,68700.0,0.000385,0.0,0.0,0.00039,0.9454177379185161,1.0,1669.5399953139806,1000.0,1669.8834953139806,1000.0,0.015842387768030555,0.0
2873,1694152980000.0,0.0,0.0,30600.0,0.000385,0.0,0.0,0.0003895,0.9454177379185161,1.0,1669.8113267499805,1000.0,1669.9490267499805,1000.0,0.007055288110262028,0.0
2874,1694156580000.0,0.0,0.0,1900.0,0.000385,0.0,0.0,0.00039,0.9454177379185161,1.0,1670.0157155219806,1000.0,1670.0252155219805,1000.0,0.00043801983011361185,0.0
2875,1694160180000.0,0.0,0.0,1300.0,0.000385,0.0,0.0,0.00039,0.9454177379185161,1.0,1670.0199884579806,1000.0,1670.0264884579806,1000.0,0.00029969701168794903,0.0
2876,1694163780000.0,0.0,0.0,1300.0,0.000385,0.0,0.0,0.0003865,0.9454177379185161,1.0,1670.0199884579806,1000.0,1670.0219384579807,1000.0,0.00029969701168794903,0.0
2877,1694167380000.0,0.0,0.0,438800.0,0.00038056973564266184,0.0,0.0,0.000376,0.9454177379185161,1.0,1669.9866897579807,1000.0,1667.9814897579806,1000.0,0.09999720418382572,0.0
2878,1694170980000.0,0.0,0.0,665700.0,0.00037628541385008264,0.0,0.0,0.000371,0.9454177379185161,1.0,1669.9699899179807,1000.0,1666.4514899179808,1000.0,0.1499986236353282,0.0
2879,1694174580000.0,0.0,0.0,665700.0,0.00037628541385008264,0.0,0.0,0.000371,0.9454177379185161,1.0,1669.9699899179807,1000.0,1666.4514899179808,1000.0,0.1499986236353282,0.0
2880,1694178180000.0,0.0,0.0,280900.0,0.00037628541385008264,0.0,0.0,0.000375,0.9454177379185161,1.0,1670.254421052469,1000.0,1669.893348301981,1000.0,0.06328291751138422,0.0
2881,1694181780000.0,0.0,0.0,221200.0,0.00037663188937476523,0.0,0.0,0.0003755,0.9454177379185161,1.0,1670.340426605679,1000.0,1670.090052675981,1000.0,0.04987664346901751,0.0
2882,1694185380000.0,0.0,0.0,221200.0,0.00037663188937476523,0.0,0.0,0.000376,0.9454177379185161,1.0,1670.340426605679,1000.0,1670.200652675981,1000.0,0.04987664346901751,0.0
2883,1694188980000.0,0.0,0.0,221200.0,0.00037663188937476523,0.0,0.0,0.000375,0.9454177379185161,1.0,1670.340426605679,1000.0,1669.979452675981,1000.0,0.04987664346901751,0.0
2884,1694192580000.0,0.0,0.0,221200.0,0.00037663188937476523,0.0,0.0,0.000375,0.9454177379185161,1.0,1670.340426605679,1000.0,1669.979452675981,1000.0,0.04987664346901751,0.0
2885,1694196180000.0,0.0,0.0,221200.0,0.00037663188937476523,0.0,0.0,0.000372,0.9454177379185161,1.0,1670.340426605679,1000.0,1669.315852675981,1000.0,0.04987664346901751,0.0
2886,1694199780000.0,0.0,0.0,221200.0,0.00037663188937476523,0.0,0.0,0.000371,0.9454177379185161,1.0,1670.340426605679,1000.0,1669.094652675981,1000.0,0.04987664346901751,0.0
2887,1694203380000.0,0.0,0.0,221200.0,0.00037663188937476523,0.0,0.0,0.000372,0.9454177379185161,1.0,1670.340426605679,1000.0,1669.315852675981,1000.0,0.04987664346901751,0.0
2888,1694206980000.0,0.0,0.0,221200.0,0.00037663188937476523,0.0,0.0,0.000373,0.9454177379185161,1.0,1670.340426605679,1000.0,1669.5370526759812,1000.0,0.04987664346901751,0.0
2889,1694210580000.0,0.0,0.0,221200.0,0.00037663188937476523,0.0,0.0,0.0003725,0.9454177379185161,1.0,1670.340426605679,1000.0,1669.426452675981,1000.0,0.04987664346901751,0.0
2890,1694214180000.0,0.0,0.0,221200.0,0.00037663188937476523,0.0,0.0,0.0003675,0.9454177379185161,1.0,1670.340426605679,1000.0,1668.320452675981,1000.0,0.04987664346901751,0.0
2891,1694217780000.0,0.0,0.0,449400.0,0.0003712331418106321,0.0,0.0,0.000368,0.9454177379185161,1.0,1670.323722365679,1000.0,1668.8707484359809,1000.0,0.09988014400790148,0.0
2892,1694221380000.0,0.0,0.0,971800.0,0.00036289766817215274,0.0,0.0,0.000351,0.9454177379185161,1.0,1670.286556009679,1000.0,1658.724402079981,1000.0,0.21113979075076408,0.0
2893,1694224980000.0,0.0,0.0,1384800.0,0.0003581265554085052,0.0,0.0,0.0003455,0.9454177379185161,1.0,1670.2579020696792,1000.0,1652.7726481399811,1000.0,0.29692040571409245,0.0
2894,1694228580000.0,0.0,0.0,1384800.0,0.0003581265554085052,0.0,0.0,0.000349,0.9454177379185161,1.0,1670.2579020696792,1000.0,1657.6194481399812,1000.0,0.29692040571409245,0.0
2895,1694232180000.0,0.0,0.0,1384800.0,0.0003581265554085052,0.0,0.0,0.0003485,0.9454177379185161,1.0,1670.2579020696792,1000.0,1656.9270481399813,1000.0,0.29692040571409245,0.0
2896,1694235780000.0,0.0,0.0,1384800.0,0.0003581265554085052,0.0,0.0,0.0003505,0.9454177379185161,1.0,1670.2579020696792,1000.0,1659.696648139981,1000.0,0.29692040571409245,0.0
2897,1694239380000.0,0.0,0.0,1384800.0,0.0003581265554085052,0.0,0.0,0.000348,0.9454177379185161,1.0,1670.2579020696792,1000.0,1656.2346481399811,1000.0,0.29692040571409245,0.0
2898,1694242980000.0,0.0,0.0,1384800.0,0.0003581265554085052,0.0,0.0,0.0003475,0.9454177379185161,1.0,1670.2579020696792,1000.0,1655.5422481399812,1000.0,0.29692040571409245,0.0
2899,1694246580000.0,0.0,0.0,1384800.0,0.0003581265554085052,0.0,0.0,0.0003495,0.9454177379185161,1.0,1670.2579020696792,1000.0,1658.311848139981,1000.0,0.29692040571409245,0.0
2900,1694250180000.0,0.0,0.0,1384800.0,0.0003581265554085052,0.0,0.0,0.00035,0.9454177379185161,1.0,1670.2579020696792,1000.0,1659.0042481399812,1000.0,0.29692040571409245,0.0
2901,1694253780000.0,0.0,0.0,1384800.0,0.0003581265554085052,0.0,0.0,0.0003485,0.9454177379185161,1.0,1670.2579020696792,1000.0,1656.9270481399813,1000.0,0.29692040571409245,0.0
2902,1694257380000.0,0.0,0.0,1384800.0,0.0003581265554085052,0.0,0.0,0.0003415,0.9454177379185161,1.0,1670.2579020696792,1000.0,1647.2334481399812,1000.0,0.29692040571409245,0.0
2903,1694260980000.0,0.0,0.0,1384800.0,0.0003581265554085052,0.0,0.0,0.0003465,0.9454177379185161,1.0,1670.2579020696792,1000.0,1654.1574481399812,1000.0,0.29692040571409245,0.0
2904,1694264580000.0,0.0,0.0,1384800.0,0.0003581265554085052,0.0,0.0,0.000348,0.9454177379185161,1.0,1670.2579020696792,1000.0,1656.2346481399811,1000.0,0.29692040571409245,0.0
2905,1694268180000.0,0.0,0.0,1384800.0,0.0003581265554085052,0.0,0.0,0.000347,0.9454177379185161,1.0,1670.2579020696792,1000.0,1654.849848139981,1000.0,0.29692040571409245,0.0
2906,1694271780000.0,0.0,0.0,1384800.0,0.0003581265554085052,0.0,0.0,0.000346,0.9454177379185161,1.0,1670.2579020696792,1000.0,1653.4650481399813,1000.0,0.29692040571409245,0.0
2907,1694275380000.0,0.0,0.0,1384800.0,0.0003581265554085052,0.0,0.0,0.0003465,0.9454177379185161,1.0,1670.2579020696792,1000.0,1654.1574481399812,1000.0,0.29692040571409245,0.0
2908,1694278980000.0,0.0,0.0,1384800.0,0.0003581265554085052,0.0,0.0,0.000345,0.9454177379185161,1.0,1670.2579020696792,1000.0,1652.0802481399812,1000.0,0.29692040571409245,0.0
2909,1694282580000.0,0.0,0.0,1384800.0,0.0003581265554085052,0.0,0.0,0.0003455,0.9454177379185161,1.0,1670.2579020696792,1000.0,1652.7726481399811,1000.0,0.29692040571409245,0.0
2910,1694286180000.0,0.0,0.0,1973300.0,0.00035254170877702226,0.0,0.0,0.00034,0.9454177379185161,1.0,1670.2179546896791,1000.0,1645.4694007599812,1000.0,0.41651483387325416,0.0
2911,1694289780000.0,0.0,0.0,1973300.0,0.00035254170877702226,0.0,0.0,0.0003415,0.9454177379185161,1.0,1670.2179546896791,1000.0,1648.4293507599812,1000.0,0.41651483387325416,0.0
2912,1694293380000.0,0.0,0.0,1973300.0,0.00035254170877702226,0.0,0.0,0.000343,0.9454177379185161,1.0,1670.2179546896791,1000.0,1651.389300759981,1000.0,0.41651483387325416,0.0
2913,1694296980000.0,0.0,0.0,1973300.0,0.00035254170877702226,0.0,0.0,0.0003455,0.9454177379185161,1.0,1670.2179546896791,1000.0,1656.3225507599811,1000.0,0.41651483387325416,0.0
2914,1694300580000.0,0.0,0.0,1973300.0,0.00035254170877702226,0.0,0.0,0.000348,0.9454177379185161,1.0,1670.2179546896791,1000.0,1661.2558007599812,1000.0,0.41651483387325416,0.0
2915,1694304180000.0,0.0,0.0,1973300.0,0.00035254170877702226,0.0,0.0,0.000346,0.9454177379185161,1.0,1670.2179546896791,1000.0,1657.3092007599812,1000.0,0.41651483387325416,0.0
2916,1694307780000.0,0.0,0.0,1973300.0,0.00035254170877702226,0.0,0.0,0.000346,0.9454177379185161,1.0,1670.2179546896791,1000.0,1657.3092007599812,1000.0,0.41651483387325416,0.0
2917,1694311380000.0,0.0,0.0,1973300.0,0.00035254170877702226,0.0,0.0,0.0003455,0.9454177379185161,1.0,1670.2179546896791,1000.0,1656.3225507599811,1000.0,0.41651483387325416,0.0
2918,1694314980000.0,0.0,0.0,1973300.0,0.00035254170877702226,0.0,0.0,0.000345,0.9454177379185161,1.0,1670.2179546896791,1000.0,1655.335900759981,1000.0,0.41651483387325416,0.0
2919,1694318580000.0,0.0,0.0,1973300.0,0.00035254170877702226,0.0,0.0,0.000344,0.9454177379185161,1.0,1670.2179546896791,1000.0,1653.3626007599812,1000.0,0.41651483387325416,0.0
2920,1694322180000.0,0.0,0.0,1973300.0,0.00035254170877702226,0.0,0.0,0.000342,0.9454177379185161,1.0,1670.2179546896791,1000.0,1649.4160007599812,1000.0,0.41651483387325416,0.0
2921,1694325780000.0,0.0,0.0,1973300.0,0.00035254170877702226,0.0,0.0,0.000342,0.9454177379185161,1.0,1670.2179546896791,1000.0,1649.4160007599812,1000.0,0.41651483387325416,0.0
2922,1694329380000.0,0.0,0.0,1973300.0,0.00035254170877702226,0.0,0.0,0.0003415,0.9454177379185161,1.0,1670.2179546896791,1000.0,1648.4293507599812,1000.0,0.41651483387325416,0.0
2923,1694332980000.0,0.0,0.0,1973300.0,0.00035254170877702226,0.0,0.0,0.000337,0.9454177379185161,1.0,1670.2179546896791,1000.0,1639.5495007599811,1000.0,0.41651483387325416,0.0
2924,1694336580000.0,0.0,0.0,1973300.0,0.00035254170877702226,0.0,0.0,0.0003405,0.9454177379185161,1.0,1670.2179546896791,1000.0,1646.456050759981,1000.0,0.41651483387325416,0.0
2925,1694340180000.0,0.0,0.0,1973300.0,0.00035254170877702226,0.0,0.0,0.00034,0.9454177379185161,1.0,1670.2179546896791,1000.0,1645.4694007599812,1000.0,0.41651483387325416,0.0
2926,1694343780000.0,0.0,0.0,1973300.0,0.00035254170877702226,0.0,0.0,0.000339,0.9454177379185161,1.0,1670.2179546896791,1000.0,1643.4961007599811,1000.0,0.41651483387325416,0.0
2927,1694347380000.0,0.0,0.0,1973300.0,0.00035254170877702226,0.0,0.0,0.0003395,0.9454177379185161,1.0,1670.2179546896791,1000.0,1644.4827507599812,1000.0,0.41651483387325416,0.0
2928,1694350980000.0,0.0,0.0,1973300.0,0.00035254170877702226,0.0,0.0,0.000341,0.9454177379185161,1.0,1670.2179546896791,1000.0,1647.442700759981,1000.0,0.41651483387325416,0.0
2929,1694354580000.0,0.0,0.0,1973300.0,0.00035254170877702226,0.0,0.0,0.00034,0.9454177379185161,1.0,1670.2179546896791,1000.0,1645.4694007599812,1000.0,0.41651483387325416,0.0
2930,1694358180000.0,0.0,0.0,1973300.0,0.00035254170877702226,0.0,0.0,0.0003365,0.9454177379185161,1.0,1670.2179546896791,1000.0,1638.562850759981,1000.0,0.41651483387325416,0.0
2931,1694361780000.0,0.0,0.0,1973300.0,0.00035254170877702226,0.0,0.0,0.000338,0.9454177379185161,1.0,1670.2179546896791,1000.0,1641.522800759981,1000.0,0.41651483387325416,0.0
2932,1694365380000.0,0.0,0.0,2811900.0,0.0003457892150964465,0.0,0.0,0.000326,0.9454177379185161,1.0,1670.162623861679,1000.0,1614.5173299319813,1000.0,0.5821736638325256,0.0
2933,1694368980000.0,0.0,0.0,2811900.0,0.0003457892150964465,0.0,0.0,0.000326,0.9454177379185161,1.0,1670.162623861679,1000.0,1614.5173299319813,1000.0,0.5821736638325256,0.0
2934,1694372580000.0,0.0,0.0,2811900.0,0.0003457892150964465,0.0,0.0,0.000328,0.9454177379185161,1.0,1670.162623861679,1000.0,1620.1411299319811,1000.0,0.5821736638325256,0.0
2935,1694376180000.0,0.0,0.0,2811900.0,0.0003457892150964465,0.0,0.0,0.00033,0.9454177379185161,1.0,1670.162623861679,1000.0,1625.7649299319812,1000.0,0.5821736638325256,0.0
2936,1694379780000.0,0.0,0.0,2811900.0,0.0003457892150964465,0.0,0.0,0.0003305,0.9454177379185161,1.0,1670.162623861679,1000.0,1627.1708799319813,1000.0,0.5821736638325256,0.0
2937,1694383380000.0,0.0,0.0,2811900.0,0.0003457892150964465,0.0,0.0,0.000329,0.9454177379185161,1.0,1670.162623861679,1000.0,1622.953029931981,1000.0,0.5821736638325256,0.0
2938,1694386980000.0,0.0,0.0,2811900.0,0.0003457892150964465,0.0,0.0,0.000327,0.9454177379185161,1.0,1670.162623861679,1000.0,1617.329229931981,1000.0,0.5821736638325256,0.0
2939,1694390580000.0,0.0,0.0,2811900.0,0.0003457892150964465,0.0,0.0,0.000329,0.9454177379185161,1.0,1670.162623861679,1000.0,1622.953029931981,1000.0,0.5821736638325256,0.0
2940,1694394180000.0,0.0,0.0,2811900.0,0.0003457892150964465,0.0,0.0,0.000329,0.9454177379185161,1.0,1670.162623861679,1000.0,1622.953029931981,1000.0,0.5821736638325256,0.0
2941,1694397780000.0,0.0,0.0,2811900.0,0.0003457892150964465,0.0,0.0,0.0003185,0.9454177379185161,1.0,1670.162623861679,1000.0,1593.428079931981,1000.0,0.5821736638325256,0.0
2942,1694401380000.0,0.0,0.0,4006900.0,0.0003375014834235189,0.0,0.0,0.0003215,0.9454177379185161,1.0,1670.086621861679,1000.0,1605.9702779319812,1000.0,0.8097392531785108,0.0
2943,1694404980000.0,0.0,0.0,4006900.0,0.0003375014834235189,0.0,0.0,0.0003215,0.9454177379185161,1.0,1670.086621861679,1000.0,1605.9702779319812,1000.0,0.8097392531785108,0.0
2944,1694408580000.0,0.0,0.0,4006900.0,0.0003375014834235189,0.0,0.0,0.000323,0.9454177379185161,1.0,1670.086621861679,1000.0,1611.9806279319812,1000.0,0.8097392531785108,0.0
2945,1694412180000.0,0.0,0.0,4006900.0,0.0003375014834235189,0.0,0.0,0.000322,0.9454177379185161,1.0,1670.086621861679,1000.0,1607.9737279319813,1000.0,0.8097392531785108,0.0
2946,1694415780000.0,0.0,0.0,4006900.0,0.0003375014834235189,0.0,0.0,0.000321,0.9454177379185161,1.0,1670.086621861679,1000.0,1603.9668279319812,1000.0,0.8097392531785108,0.0
2947,1694419380000.0,0.0,0.0,4006900.0,0.0003375014834235189,0.0,0.0,0.0003205,0.9454177379185161,1.0,1670.086621861679,1000.0,1601.963377931981,1000.0,0.8097392531785108,0.0
2948,1694422980000.0,0.0,0.0,4006900.0,0.0003375014834235189,0.0,0.0,0.0003115,0.9454177379185161,1.0,1670.086621861679,1000.0,1565.901277931981,1000.0,0.8097392531785108,0.0
2949,1694426580000.0,0.0,0.0,4006900.0,0.0003375014834235189,0.0,0.0,0.0003105,0.9454177379185161,1.0,1670.086621861679,1000.0,1561.8943779319811,1000.0,0.8097392531785108,0.0
2950,1694430180000.0,0.0,0.0,4006900.0,0.0003375014834235189,0.0,0.0,0.0003135,0.9454177379185161,1.0,1670.086621861679,1000.0,1573.9150779319812,1000.0,0.8097392531785108,0.0
2951,1694433780000.0,0.0,0.0,4006900.0,0.0003375014834235189,0.0,0.0,0.0003115,0.9454177379185161,1.0,1670.086621861679,1000.0,1565.901277931981,1000.0,0.8097392531785108,0.0
2952,1694437380000.0,0.0,0.0,4006900.0,0.0003375014834235189,0.0,0.0,0.000316,0.9454177379185161,1.0,1670.086621861679,1000.0,1583.932327931981,1000.0,0.8097392531785108,0.0
2953,1694440980000.0,0.0,0.0,4006900.0,0.0003375014834235189,0.0,0.0,0.0003155,0.9454177379185161,1.0,1670.086621861679,1000.0,1581.9288779319813,1000.0,0.8097392531785108,0.0
2954,1694444580000.0,0.0,0.0,4006900.0,0.0003375014834235189,0.0,0.0,0.0003125,0.9454177379185161,1.0,1670.086621861679,1000.0,1569.908177931981,1000.0,0.8097392531785108,0.0
2955,1694448180000.0,0.0,0.0,4006900.0,0.0003375014834235189,0.0,0.0,0.000319,0.9454177379185161,1.0,1670.086621861679,1000.0,1595.953027931981,1000.0,0.8097392531785108,0.0
2956,1694451780000.0,0.0,0.0,4006900.0,0.0003375014834235189,0.0,0.0,0.0003185,0.9454177379185161,1.0,1670.086621861679,1000.0,1593.9495779319811,1000.0,0.8097392531785108,0.0
2957,1694455380000.0,0.0,0.0,4006900.0,0.0003375014834235189,0.0,0.0,0.0003205,0.9454177379185161,1.0,1670.086621861679,1000.0,1601.963377931981,1000.0,0.8097392531785108,0.0
2958,1694458980000.0,0.0,0.0,4006900.0,0.0003375014834235189,0.0,0.0,0.000319,0.9454177379185161,1.0,1670.086621861679,1000.0,1595.953027931981,1000.0,0.8097392531785108,0.0
2959,1694462580000.0,0.0,0.0,4006900.0,0.0003375014834235189,0.0,0.0,0.000315,0.9454177379185161,1.0,1670.086621861679,1000.0,1579.9254279319812,1000.0,0.8097392531785108,0.0
2960,1694466180000.0,0.0,0.0,4006900.0,0.0003375014834235189,0.0,0.0,0.000318,0.9454177379185161,1.0,1670.086621861679,1000.0,1591.946127931981,1000.0,0.8097392531785108,0.0
2961,1694469780000.0,0.0,0.0,4006900.0,0.0003375014834235189,0.0,0.0,0.000318,0.9454177379185161,1.0,1670.086621861679,1000.0,1591.946127931981,1000.0,0.8097392531785108,0.0
2962,1694473380000.0,0.0,0.0,4006900.0,0.0003375014834235189,0.0,0.0,0.00032,0.9454177379185161,1.0,1670.086621861679,1000.0,1599.9599279319812,1000.0,0.8097392531785108,0.0
2963,1694476980000.0,0.0,0.0,4006900.0,0.0003375014834235189,0.0,0.0,0.0003215,0.9454177379185161,1.0,1670.086621861679,1000.0,1605.9702779319812,1000.0,0.8097392531785108,0.0
2964,1694480580000.0,0.0,0.0,4006900.0,0.0003375014834235189,0.0,0.0,0.0003205,0.9454177379185161,1.0,1670.086621861679,1000.0,1601.963377931981,1000.0,0.8097392531785108,0.0
2965,1694484180000.0,0.0,0.0,4006900.0,0.0003375014834235189,0.0,0.0,0.00032,0.9454177379185161,1.0,1670.086621861679,1000.0,1599.9599279319812,1000.0,0.8097392531785108,0.0
2966,1694487780000.0,0.0,0.0,4006900.0,0.0003375014834235189,0.0,0.0,0.000321,0.9454177379185161,1.0,1670.086621861679,1000.0,1603.9668279319812,1000.0,0.8097392531785108,0.0
2967,1694491380000.0,0.0,0.0,4006900.0,0.0003375014834235189,0.0,0.0,0.0003235,0.9454177379185161,1.0,1670.086621861679,1000.0,1613.9840779319811,1000.0,0.8097392531785108,0.0
2968,1694494980000.0,0.0,0.0,4006900.0,0.0003375014834235189,0.0,0.0,0.000321,0.9454177379185161,1.0,1670.086621861679,1000.0,1603.9668279319812,1000.0,0.8097392531785108,0.0
2969,1694498580000.0,0.0,0.0,4006900.0,0.0003375014834235189,0.0,0.0,0.0003235,0.9454177379185161,1.0,1670.086621861679,1000.0,1613.9840779319811,1000.0,0.8097392531785108,0.0
2970,1694502180000.0,0.0,0.0,4006900.0,0.0003375014834235189,0.0,0.0,0.000323,0.9454177379185161,1.0,1670.086621861679,1000.0,1611.9806279319812,1000.0,0.8097392531785108,0.0
2971,1694505780000.0,0.0,0.0,4006900.0,0.0003375014834235189,0.0,0.0,0.000313,0.9454177379185161,1.0,1670.086621861679,1000.0,1571.9116279319812,1000.0,0.8097392531785108,0.0
2972,1694509380000.0,0.0,0.0,4006900.0,0.0003375014834235189,0.0,0.0,0.000314,0.9454177379185161,1.0,1670.086621861679,1000.0,1575.918527931981,1000.0,0.8097392531785108,0.0
2973,1694512980000.0,0.0,0.0,4006900.0,0.0003375014834235189,0.0,0.0,0.000316,0.9454177379185161,1.0,1670.086621861679,1000.0,1583.932327931981,1000.0,0.8097392531785108,0.0
2974,1694516580000.0,0.0,0.0,4006900.0,0.0003375014834235189,0.0,0.0,0.0003205,0.9454177379185161,1.0,1670.086621861679,1000.0,1601.963377931981,1000.0,0.8097392531785108,0.0
2975,1694520180000.0,0.0,0.0,4006900.0,0.0003375014834235189,0.0,0.0,0.000318,0.9454177379185161,1.0,1670.086621861679,1000.0,1591.946127931981,1000.0,0.8097392531785108,0.0
2976,1694523780000.0,0.0,0.0,4006900.0,0.0003375014834235189,0.0,0.0,0.0003145,0.9454177379185161,1.0,1670.086621861679,1000.0,1577.9219779319812,1000.0,0.8097392531785108,0.0
2977,1694527380000.0,0.0,0.0,4006900.0,0.0003375014834235189,0.0,0.0,0.000313,0.9454177379185161,1.0,1670.086621861679,1000.0,1571.9116279319812,1000.0,0.8097392531785108,0.0
2978,1694530980000.0,1.3832986970478034e-08,0.0,5056300.0,0.0003302994311907319,0.0,0.0,0.0002995,0.9454177379185161,1.0,1670.023070197679,1000.0,1514.2919062679814,1000.0,1.0000418818956858,0.0
2979,1694534580000.0,1.3832986970478034e-08,0.0,5056300.0,0.0003302994311907319,0.0,0.0,0.000298,0.9454177379185161,1.0,1670.023070197679,1000.0,1506.7074562679811,1000.0,1.0000418818956858,0.0
2980,1694538180000.0,1.3832986970478034e-08,0.0,5056300.0,0.0003302994311907319,0.0,0.0,0.000293,0.9454177379185161,1.0,1670.023070197679,1000.0,1481.4259562679813,1000.0,1.0000418818956858,0.0
2981,1694541780000.0,1.3832986970478034e-08,0.0,5056300.0,0.0003302994311907319,0.0,0.0,0.000295,0.9454177379185161,1.0,1670.023070197679,1000.0,1491.5385562679812,1000.0,1.0000418818956858,0.0
2982,1694545380000.0,1.3832986970478034e-08,0.0,5056300.0,0.0003302994311907319,0.0,0.0,0.000302,0.9454177379185161,1.0,1670.023070197679,1000.0,1526.9326562679814,1000.0,1.0000418818956858,0.0
2983,1694548980000.0,0.0,0.0,5001400.0,0.0003302994311907319,0.0,0.0,0.0003005,0.9454177379185161,1.0,1668.5923602113078,1000.0,1519.5534850539811,1000.0,0.9900318463331124,0.0
2984,1694552580000.0,0.0,0.0,5001400.0,0.0003302994311907319,0.0,0.0,0.0003035,0.9454177379185161,1.0,1668.5923602113078,1000.0,1534.5576850539812,1000.0,0.9900318463331124,0.0
2985,1694556180000.0,0.0,0.0,5001400.0,0.0003302994311907319,0.0,0.0,0.0003025,0.9454177379185161,1.0,1668.5923602113078,1000.0,1529.556285053981,1000.0,0.9900318463331124,0.0
2986,1694559780000.0,0.0,0.0,5001400.0,0.0003302994311907319,0.0,0.0,0.0003045,0.9454177379185161,1.0,1668.5923602113078,1000.0,1539.559085053981,1000.0,0.9900318463331124,0.0
2987,1694563380000.0,0.0,0.0,5001400.0,0.0003302994311907319,0.0,0.0,0.0003065,0.9454177379185161,1.0,1668.5923602113078,1000.0,1549.5618850539813,1000.0,0.9900318463331124,0.0
2988,1694566980000.0,0.0,0.0,5001400.0,0.0003302994311907319,0.0,0.0,0.000307,0.9454177379185161,1.0,1668.5923602113078,1000.0,1552.062585053981,1000.0,0.9900318463331124,0.0
2989,1694570580000.0,0.0,0.0,5001400.0,0.0003302994311907319,0.0,0.0,0.000308,0.9454177379185161,1.0,1668.5923602113078,1000.0,1557.0639850539812,1000.0,0.9900318463331124,0.0
2990,1694574180000.0,0.0,0.0,5001400.0,0.0003302994311907319,0.0,0.0,0.0003055,0.9454177379185161,1.0,1668.5923602113078,1000.0,1544.5604850539812,1000.0,0.9900318463331124,0.0
2991,1694577780000.0,0.0,0.0,5001400.0,0.0003302994311907319,0.0,0.0,0.0003035,0.9454177379185161,1.0,1668.5923602113078,1000.0,1534.5576850539812,1000.0,0.9900318463331124,0.0
2992,1694581380000.0,0.0,0.0,4946600.0,0.0003302994311907319,0.0,0.0,0.0003045,0.9454177379185161,1.0,1667.1752140620558,1000.0,1539.5557477339812,1000.0,0.9800164689032251,0.0
2993,1694584980000.0,0.0,0.0,4946600.0,0.0003302994311907319,0.0,0.0,0.0003045,0.9454177379185161,1.0,1667.1752140620558,1000.0,1539.5557477339812,1000.0,0.9800164689032251,0.0
2994,1694588580000.0,0.0,0.0,4946600.0,0.0003302994311907319,0.0,0.0,0.000305,0.9454177379185161,1.0,1667.1752140620558,1000.0,1542.0290477339813,1000.0,0.9800164689032251,0.0
2995,1694592180000.0,0.0,0.0,4946600.0,0.0003302994311907319,0.0,0.0,0.0003055,0.9454177379185161,1.0,1667.1752140620558,1000.0,1544.5023477339812,1000.0,0.9800164689032251,0.0
2996,1694595780000.0,0.0,0.0,4946600.0,0.0003302994311907319,0.0,0.0,0.000307,0.9454177379185161,1.0,1667.1752140620558,1000.0,1551.9222477339813,1000.0,0.9800164689032251,0.0
2997,1694599380000.0,0.0,0.0,4946600.0,0.0003302994311907319,0.0,0.0,0.000306,0.9454177379185161,1.0,1667.1752140620558,1000.0,1546.9756477339813,1000.0,0.9800164689032251,0.0
2998,1694602980000.0,0.0,0.0,4946600.0,0.0003302994311907319,0.0,0.0,0.000305,0.9454177379185161,1.0,1667.1752140620558,1000.0,1542.0290477339813,1000.0,0.9800164689032251,0.0
2999,1694606580000.0,0.0,0.0,4946600.0,0.0003302994311907319,0.0,0.0,0.000305,0.9454177379185161,1.0,1667.1752140620558,1000.0,1542.0290477339813,1000.0,0.9800164689032251,0.0
3000,1694610180000.0,0.0,0.0,4946600.0,0.0003302994311907319,0.0,0.0,0.0003035,0.9454177379185161,1.0,1667.1752140620558,1000.0,1534.6091477339812,1000.0,0.9800164689032251,0.0
3001,1694613780000.0,0.0,0.0,4891200.0,0.0003302994311907319,0.0,0.0,0.0003005,0.9454177379185161,1.0,1665.5486904940894,1000.0,1519.7937126539814,1000.0,0.9699870001163686,0.0
3002,1694617380000.0,0.0,0.0,4891200.0,0.0003302994311907319,0.0,0.0,0.0003055,0.9454177379185161,1.0,1665.5486904940894,1000.0,1544.2497126539815,1000.0,0.9699870001163686,0.0
3003,1694620980000.0,0.0,0.0,4891200.0,0.0003302994311907319,0.0,0.0,0.000312,0.9454177379185161,1.0,1665.5486904940894,1000.0,1576.0425126539815,1000.0,0.9699870001163686,0.0
3004,1694624580000.0,0.0,0.0,4891200.0,0.0003302994311907319,0.0,0.0,0.0003125,0.9454177379185161,1.0,1665.5486904940894,1000.0,1578.4881126539815,1000.0,0.9699870001163686,0.0
3005,1694628180000.0,0.0,0.0,4891200.0,0.0003302994311907319,0.0,0.0,0.0003105,0.9454177379185161,1.0,1665.5486904940894,1000.0,1568.7057126539814,1000.0,0.9699870001163686,0.0
3006,1694631780000.0,0.0,0.0,4891200.0,0.0003302994311907319,0.0,0.0,0.0003115,0.9454177379185161,1.0,1665.5486904940894,1000.0,1573.5969126539812,1000.0,0.9699870001163686,0.0
3007,1694635380000.0,0.0,0.0,4891200.0,0.0003302994311907319,0.0,0.0,0.000312,0.9454177379185161,1.0,1665.5486904940894,1000.0,1576.0425126539815,1000.0,0.9699870001163686,0.0
3008,1694638980000.0,0.0,0.0,4891200.0,0.0003302994311907319,0.0,0.0,0.0003135,0.9454177379185161,1.0,1665.5486904940894,1000.0,1583.3793126539813,1000.0,0.9699870001163686,0.0
3009,1694642580000.0,0.0,0.0,4891200.0,0.0003302994311907319,0.0,0.0,0.0003145,0.9454177379185161,1.0,1665.5486904940894,1000.0,1588.2705126539815,1000.0,0.9699870001163686,0.0
3010,1694646180000.0,0.0,0.0,4837600.0,0.0003302994311907319,0.0,0.0,0.000312,0.9454177379185161,1.0,1664.5109070622664,1000.0,1575.9855787339816,1000.0,0.9599555770700107,0.0
3011,1694649780000.0,0.0,0.0,4837600.0,0.0003302994311907319,0.0,0.0,0.000311,0.9454177379185161,1.0,1664.5109070622664,1000.0,1571.1479787339817,1000.0,0.9599555770700107,0.0
3012,1694653380000.0,0.0,0.0,4837600.0,0.0003302994311907319,0.0,0.0,0.0003155,0.9454177379185161,1.0,1664.5109070622664,1000.0,1592.9171787339817,1000.0,0.9599555770700107,0.0
3013,1694656980000.0,0.0,0.0,4837600.0,0.0003302994311907319,0.0,0.0,0.000312,0.9454177379185161,1.0,1664.5109070622664,1000.0,1575.9855787339816,1000.0,0.9599555770700107,0.0
3014,1694660580000.0,0.0,0.0,4837600.0,0.0003302994311907319,0.0,0.0,0.0003125,0.9454177379185161,1.0,1664.5109070622664,1000.0,1578.4043787339817,1000.0,0.9599555770700107,0.0
3015,1694664180000.0,0.0,0.0,4837600.0,0.0003302994311907319,0.0,0.0,0.0003135,0.9454177379185161,1.0,1664.5109070622664,1000.0,1583.2419787339816,1000.0,0.9599555770700107,0.0
3016,1694667780000.0,0.0,0.0,4837600.0,0.0003302994311907319,0.0,0.0,0.000312,0.9454177379185161,1.0,1664.5109070622664,1000.0,1575.9855787339816,1000.0,0.9599555770700107,0.0
3017,1694671380000.0,0.0,0.0,4837600.0,0.0003302994311907319,0.0,0.0,0.0003095,0.9454177379185161,1.0,1664.5109070622664,1000.0,1563.8915787339815,1000.0,0.9599555770700107,0.0
3018,1694674980000.0,0.0,0.0,4837600.0,0.0003302994311907319,0.0,0.0,0.0003085,0.9454177379185161,1.0,1664.5109070622664,1000.0,1559.0539787339817,1000.0,0.9599555770700107,0.0
3019,1694678580000.0,0.0,0.0,4837600.0,0.0003302994311907319,0.0,0.0,0.0003105,0.9454177379185161,1.0,1664.5109070622664,1000.0,1568.7291787339816,1000.0,0.9599555770700107,0.0
3020,1694682180000.0,0.0,0.0,4784000.0,0.0003302994311907319,0.0,0.0,0.00031,0.9454177379185161,1.0,1663.4463289904431,1000.0,1566.3338501739815,1000.0,0.949926938595889,0.0
3021,1694685780000.0,0.0,0.0,4784000.0,0.0003302994311907319,0.0,0.0,0.000309,0.9454177379185161,1.0,1663.4463289904431,1000.0,1561.5498501739814,1000.0,0.949926938595889,0.0
3022,1694689380000.0,0.0,0.0,4784000.0,0.0003302994311907319,0.0,0.0,0.0003095,0.9454177379185161,1.0,1663.4463289904431,1000.0,1563.9418501739815,1000.0,0.949926938595889,0.0
3023,1694692980000.0,0.0,0.0,4784000.0,0.0003302994311907319,0.0,0.0,0.00031,0.9454177379185161,1.0,1663.4463289904431,1000.0,1566.3338501739815,1000.0,0.949926938595889,0.0
3024,1694696580000.0,0.0,0.0,4784000.0,0.0003302994311907319,0.0,0.0,0.000309,0.9454177379185161,1.0,1663.4463289904431,1000.0,1561.5498501739814,1000.0,0.949926938595889,0.0
3025,1694700180000.0,0.0,0.0,4784000.0,0.0003302994311907319,0.0,0.0,0.000308,0.9454177379185161,1.0,1663.4463289904431,1000.0,1556.7658501739816,1000.0,0.949926938595889,0.0
3026,1694703780000.0,0.0,0.0,4784000.0,0.0003302994311907319,0.0,0.0,0.0003125,0.9454177379185161,1.0,1663.4463289904431,1000.0,1578.2938501739816,1000.0,0.949926938595889,0.0
3027,1694707380000.0,0.0,0.0,4784000.0,0.0003302994311907319,0.0,0.0,0.000312,0.9454177379185161,1.0,1663.4463289904431,1000.0,1575.9018501739815,1000.0,0.949926938595889,0.0
3028,1694710980000.0,0.0,0.0,4784000.0,0.0003302994311907319,0.0,0.0,0.000311,0.9454177379185161,1.0,1663.4463289904431,1000.0,1571.1178501739817,1000.0,0.949926938595889,0.0
3029,1694714580000.0,0.0,0.0,4730400.0,0.0003302994311907319,0.0,0.0,0.000315,0.9454177379185161,1.0,1662.38175091862,1000.0,1590.0093216139817,1000.0,0.9398854555767595,0.0
3030,1694718180000.0,0.0,0.0,4730400.0,0.0003302994311907319,0.0,0.0,0.00031,0.9454177379185161,1.0,1662.38175091862,1000.0,1566.3573216139816,1000.0,0.9398854555767595,0.0
3031,1694721780000.0,0.0,0.0,4730400.0,0.0003302994311907319,0.0,0.0,0.000309,0.9454177379185161,1.0,1662.38175091862,1000.0,1561.6269216139815,1000.0,0.9398854555767595,0.0
3032,1694725380000.0,0.0,0.0,4730400.0,0.0003302994311907319,0.0,0.0,0.0003095,0.9454177379185161,1.0,1662.38175091862,1000.0,1563.9921216139815,1000.0,0.9398854555767595,0.0
3033,1694728980000.0,0.0,0.0,4730400.0,0.0003302994311907319,0.0,0.0,0.0003105,0.9454177379185161,1.0,1662.38175091862,1000.0,1568.7225216139816,1000.0,0.9398854555767595,0.0
3034,1694732580000.0,0.0,0.0,4730400.0,0.0003302994311907319,0.0,0.0,0.000312,0.9454177379185161,1.0,1662.38175091862,1000.0,1575.8181216139815,1000.0,0.9398854555767595,0.0
3035,1694736180000.0,0.0,0.0,4730400.0,0.0003302994311907319,0.0,0.0,0.0003125,0.9454177379185161,1.0,1662.38175091862,1000.0,1578.1833216139817,1000.0,0.9398854555767595,0.0
3036,1694739780000.0,0.0,0.0,4730400.0,0.0003302994311907319,0.0,0.0,0.0003095,0.9454177379185161,1.0,1662.38175091862,1000.0,1563.9921216139815,1000.0,0.9398854555767595,0.0
3037,1694743380000.0,0.0,0.0,4730400.0,0.0003302994311907319,0.0,0.0,0.0003105,0.9454177379185161,1.0,1662.38175091862,1000.0,1568.7225216139816,1000.0,0.9398854555767595,0.0
3038,1694746980000.0,0.0,0.0,4730400.0,0.0003302994311907319,0.0,0.0,0.000312,0.9454177379185161,1.0,1662.38175091862,1000.0,1575.8181216139815,1000.0,0.9398854555767595,0.0
3039,1694750580000.0,0.0,0.0,4730400.0,0.0003302994311907319,0.0,0.0,0.000312,0.9454177379185161,1.0,1662.38175091862,1000.0,1575.8181216139815,1000.0,0.9398854555767595,0.0
3040,1694754180000.0,0.0,0.0,4730400.0,0.0003302994311907319,0.0,0.0,0.000312,0.9454177379185161,1.0,1662.38175091862,1000.0,1575.8181216139815,1000.0,0.9398854555767595,0.0
3041,1694757780000.0,0.0,0.0,4730400.0,0.0003302994311907319,0.0,0.0,0.0003105,0.9454177379185161,1.0,1662.38175091862,1000.0,1568.7225216139816,1000.0,0.9398854555767595,0.0
3042,1694761380000.0,0.0,0.0,4730400.0,0.0003302994311907319,0.0,0.0,0.0003105,0.9454177379185161,1.0,1662.38175091862,1000.0,1568.7225216139816,1000.0,0.9398854555767595,0.0
3043,1694764980000.0,0.0,0.0,4730400.0,0.0003302994311907319,0.0,0.0,0.00031,0.9454177379185161,1.0,1662.38175091862,1000.0,1566.3573216139816,1000.0,0.9398854555767595,0.0
3044,1694768580000.0,0.0,0.0,4730400.0,0.0003302994311907319,0.0,0.0,0.0003095,0.9454177379185161,1.0,1662.38175091862,1000.0,1563.9921216139815,1000.0,0.9398854555767595,0.0
3045,1694772180000.0,0.0,0.0,4730400.0,0.0003302994311907319,0.0,0.0,0.00031,0.9454177379185161,1.0,1662.38175091862,1000.0,1566.3573216139816,1000.0,0.9398854555767595,0.0
3046,1694775780000.0,0.0,0.0,0.0,0.0003302994311907319,0.0,0.0,0.0003405,0.9454177379185161,1.0,1697.6610921379818,1000.0,1697.6610921379818,1000.0,0.0,0.0
3047,1694779380000.0,0.0,0.0,0.0,0.0003302994311907319,0.0,0.0,0.0003545,0.9454177379185161,1.0,1697.6610921379818,1000.0,1697.6610921379818,1000.0,0.0,0.0
3048,1694782980000.0,0.0,0.0,0.0,0.0003302994311907319,0.0,0.0,0.0003665,0.9454177379185161,1.0,1697.6610921379818,1000.0,1697.6610921379818,1000.0,0.0,0.0
3049,1694786580000.0,0.0,0.0,0.0,0.0003302994311907319,0.0,0.0,0.0003665,0.9454177379185161,1.0,1697.6610921379818,1000.0,1697.6610921379818,1000.0,0.0,0.0
3050,1694790180000.0,0.0,0.0,0.0,0.0003302994311907319,0.0,0.0,0.0003615,0.9454177379185161,1.0,1697.6610921379818,1000.0,1697.6610921379818,1000.0,0.0,0.0
3051,1694793780000.0,0.0,0.0,0.0,0.0003302994311907319,0.0,0.0,0.0003725,0.9454177379185161,1.0,1697.6610921379818,1000.0,1697.6610921379818,1000.0,0.0,0.0
3052,1694797380000.0,0.0,0.0,0.0,0.0003302994311907319,0.0,0.0,0.000372,0.9454177379185161,1.0,1697.6610921379818,1000.0,1697.6610921379818,1000.0,0.0,0.0
3053,1694800980000.0,0.0,0.0,0.0,0.0003302994311907319,0.0,0.0,0.000388,0.9454177379185161,1.0,1697.6610921379818,1000.0,1697.6610921379818,1000.0,0.0,0.0
3054,1694804580000.0,0.0,0.0,0.0,0.0003302994311907319,0.0,0.0,0.000396,0.9454177379185161,1.0,1697.6610921379818,1000.0,1697.6610921379818,1000.0,0.0,0.0
3055,1694808180000.0,0.0,0.0,0.0,0.0003302994311907319,0.0,0.0,0.0003665,0.9454177379185161,1.0,1697.6610921379818,1000.0,1697.6610921379818,1000.0,0.0,0.0
3056,1694811780000.0,0.0,0.0,0.0,0.0003302994311907319,0.0,0.0,0.0003725,0.9454177379185161,1.0,1697.6610921379818,1000.0,1697.6610921379818,1000.0,0.0,0.0
3057,1694815380000.0,0.0,0.0,0.0,0.0003302994311907319,0.0,0.0,0.000371,0.9454177379185161,1.0,1697.6610921379818,1000.0,1697.6610921379818,1000.0,0.0,0.0
3058,1694818980000.0,0.0,0.0,0.0,0.0003302994311907319,0.0,0.0,0.0003745,0.9454177379185161,1.0,1697.6610921379818,1000.0,1697.6610921379818,1000.0,0.0,0.0
3059,1694822580000.0,0.0,0.0,0.0,0.0003302994311907319,0.0,0.0,0.000376,0.9454177379185161,1.0,1697.6610921379818,1000.0,1697.6610921379818,1000.0,0.0,0.0
3060,1694826180000.0,0.0,0.0,0.0,0.0003302994311907319,0.0,0.0,0.0003725,0.9454177379185161,1.0,1697.6610921379818,1000.0,1697.6610921379818,1000.0,0.0,0.0
3061,1694829780000.0,0.0,0.0,0.0,0.0003302994311907319,0.0,0.0,0.000369,0.9454177379185161,1.0,1697.6610921379818,1000.0,1697.6610921379818,1000.0,0.0,0.0
3062,1694833380000.0,0.0,0.0,0.0,0.0003302994311907319,0.0,0.0,0.000369,0.9454177379185161,1.0,1697.6610921379818,1000.0,1697.6610921379818,1000.0,0.0,0.0
3063,1694836980000.0,0.0,0.0,0.0,0.0003302994311907319,0.0,0.0,0.0003675,0.9454177379185161,1.0,1697.6610921379818,1000.0,1697.6610921379818,1000.0,0.0,0.0
3064,1694840580000.0,0.0,0.0,0.0,0.0003302994311907319,0.0,0.0,0.0003705,0.9454177379185161,1.0,1697.6610921379818,1000.0,1697.6610921379818,1000.0,0.0,0.0
3065,1694844180000.0,0.0,0.0,0.0,0.0003302994311907319,0.0,0.0,0.0003665,0.9454177379185161,1.0,1697.6610921379818,1000.0,1697.6610921379818,1000.0,0.0,0.0
3066,1694847780000.0,0.0,0.0,0.0,0.0003302994311907319,0.0,0.0,0.000387,0.9454177379185161,1.0,1697.6610921379818,1000.0,1697.6610921379818,1000.0,0.0,0.0
3067,1694851380000.0,0.0,0.0,0.0,0.0003302994311907319,0.0,0.0,0.0003815,0.9454177379185161,1.0,1697.6610921379818,1000.0,1697.6610921379818,1000.0,0.0,0.0
3068,1694854980000.0,0.0,0.0,0.0,0.0003302994311907319,0.0,0.0,0.0003915,0.9454177379185161,1.0,1697.6610921379818,1000.0,1697.6610921379818,1000.0,0.0,0.0
3069,1694858580000.0,0.0,0.0,0.0,0.0003302994311907319,0.0,0.0,0.0004,0.9454177379185161,1.0,1697.6610921379818,1000.0,1697.6610921379818,1000.0,0.0,0.0
3070,1694862180000.0,0.0,0.0,0.0,0.0003302994311907319,0.0,0.0,0.000401,0.9454177379185161,1.0,1697.6610921379818,1000.0,1697.6610921379818,1000.0,0.0,0.0
3071,1694865780000.0,0.0,0.0,0.0,0.0003302994311907319,0.0,0.0,0.00041,0.9454177379185161,1.0,1697.6610921379818,1000.0,1697.6610921379818,1000.0,0.0,0.0
3072,1694869380000.0,0.0,0.0,0.0,0.0003302994311907319,0.0,0.0,0.0004205,0.9454177379185161,1.0,1697.6610921379818,1000.0,1697.6610921379818,1000.0,0.0,0.0
3073,1694872980000.0,0.0,0.0,0.0,0.0003302994311907319,0.0,0.0,0.000417,0.9454177379185161,1.0,1697.6610921379818,1000.0,1697.6610921379818,1000.0,0.0,0.0
3074,1694876580000.0,0.0,0.0,0.0,0.0003302994311907319,0.0,0.0,0.0004205,0.9454177379185161,1.0,1697.6610921379818,1000.0,1697.6610921379818,1000.0,0.0,0.0
3075,1694880180000.0,0.0,0.0,0.0,0.0003302994311907319,0.0,0.0,0.00045,0.9454177379185161,1.0,1697.6610921379818,1000.0,1697.6610921379818,1000.0,0.0,0.0
3076,1694883780000.0,0.0,0.0,218100.0,0.0003851171520662715,0.0,0.0,0.000394,0.9454177379185161,1.0,1701.393743579635,1000.0,1703.3310927139812,1000.0,0.04936779107282665,0.0
3077,1694887380000.0,0.0,0.0,1370800.0,0.000367871887883306,0.0,0.0,0.0003615,0.9454177379185161,1.0,1701.8205760324174,1000.0,1693.0859921219815,1000.0,0.29631724460994535,0.0
3078,1694890980000.0,0.0,0.0,2783400.0,0.000355198381084442,0.0,0.0,0.000331,0.9454177379185161,1.0,1701.7236999544175,1000.0,1634.3699260439816,1000.0,0.5809751453405263,0.0
3079,1694894580000.0,0.0,0.0,2783400.0,0.000355198381084442,0.0,0.0,0.0003375,0.9454177379185161,1.0,1701.7236999544175,1000.0,1652.4620260439817,1000.0,0.5809751453405263,0.0
3080,1694898180000.0,0.0,0.0,2783400.0,0.000355198381084442,0.0,0.0,0.000348,0.9454177379185161,1.0,1701.7236999544175,1000.0,1681.6877260439817,1000.0,0.5809751453405263,0.0
3081,1694901780000.0,0.0,0.0,2783400.0,0.000355198381084442,0.0,0.0,0.000343,0.9454177379185161,1.0,1701.7236999544175,1000.0,1667.7707260439818,1000.0,0.5809751453405263,0.0
3082,1694905380000.0,0.0,0.0,2783400.0,0.000355198381084442,0.0,0.0,0.0003425,0.9454177379185161,1.0,1701.7236999544175,1000.0,1666.3790260439816,1000.0,0.5809751453405263,0.0
3083,1694908980000.0,0.0,0.0,2783400.0,0.000355198381084442,0.0,0.0,0.000342,0.9454177379185161,1.0,1701.7236999544175,1000.0,1664.9873260439817,1000.0,0.5809751453405263,0.0
3084,1694912580000.0,0.0,0.0,2783400.0,0.000355198381084442,0.0,0.0,0.000334,0.9454177379185161,1.0,1701.7236999544175,1000.0,1642.7201260439817,1000.0,0.5809751453405263,0.0
3085,1694916180000.0,0.0,0.0,2783400.0,0.000355198381084442,0.0,0.0,0.000335,0.9454177379185161,1.0,1701.7236999544175,1000.0,1645.5035260439818,1000.0,0.5809751453405263,0.0
3086,1694919780000.0,0.0,0.0,2783400.0,0.000355198381084442,0.0,0.0,0.000336,0.9454177379185161,1.0,1701.7236999544175,1000.0,1648.2869260439816,1000.0,0.5809751453405263,0.0
3087,1694923380000.0,0.0,0.0,2783400.0,0.000355198381084442,0.0,0.0,0.000339,0.9454177379185161,1.0,1701.7236999544175,1000.0,1656.6371260439817,1000.0,0.5809751453405263,0.0
3088,1694926980000.0,0.0,0.0,2783400.0,0.000355198381084442,0.0,0.0,0.0003405,0.9454177379185161,1.0,1701.7236999544175,1000.0,1660.8122260439816,1000.0,0.5809751453405263,0.0
3089,1694930580000.0,0.0,0.0,2783400.0,0.000355198381084442,0.0,0.0,0.000341,0.9454177379185161,1.0,1701.7236999544175,1000.0,1662.2039260439817,1000.0,0.5809751453405263,0.0
3090,1694934180000.0,0.0,0.0,2783400.0,0.000355198381084442,0.0,0.0,0.0003465,0.9454177379185161,1.0,1701.7236999544175,1000.0,1677.5126260439818,1000.0,0.5809751453405263,0.0
3091,1694937780000.0,0.0,0.0,2783400.0,0.000355198381084442,0.0,0.0,0.000341,0.9454177379185161,1.0,1701.7236999544175,1000.0,1662.2039260439817,1000.0,0.5809751453405263,0.0
3092,1694941380000.0,0.0,0.0,2783400.0,0.000355198381084442,0.0,0.0,0.00034,0.9454177379185161,1.0,1701.7236999544175,1000.0,1659.4205260439817,1000.0,0.5809751453405263,0.0
3093,1694944980000.0,0.0,0.0,2783400.0,0.000355198381084442,0.0,0.0,0.0003425,0.9454177379185161,1.0,1701.7236999544175,1000.0,1666.3790260439816,1000.0,0.5809751453405263,0.0
3094,1694948580000.0,0.0,0.0,2783400.0,0.000355198381084442,0.0,0.0,0.000342,0.9454177379185161,1.0,1701.7236999544175,1000.0,1664.9873260439817,1000.0,0.5809751453405263,0.0
3095,1694952180000.0,0.0,0.0,2783400.0,0.000355198381084442,0.0,0.0,0.000344,0.9454177379185161,1.0,1701.7236999544175,1000.0,1670.5541260439818,1000.0,0.5809751453405263,0.0
3096,1694955780000.0,0.0,0.0,2783400.0,0.000355198381084442,0.0,0.0,0.0003465,0.9454177379185161,1.0,1701.7236999544175,1000.0,1677.5126260439818,1000.0,0.5809751453405263,0.0
3097,1694959380000.0,0.0,0.0,2783400.0,0.000355198381084442,0.0,0.0,0.0003495,0.9454177379185161,1.0,1701.7236999544175,1000.0,1685.8628260439816,1000.0,0.5809751453405263,0.0
3098,1694962980000.0,0.0,0.0,0.0,0.000355198381084442,0.0,0.0,0.00038,0.9454177379185161,1.0,1722.5884808639817,1000.0,1722.5884808639817,1000.0,0.0,0.0
3099,1694966580000.0,0.0,0.0,0.0,0.000355198381084442,0.0,0.0,0.0003545,0.9454177379185161,1.0,1722.5884808639817,1000.0,1722.5884808639817,1000.0,0.0,0.0
3100,1694970180000.0,0.0,0.0,247400.0,0.0003482,0.0,0.0,0.0003435,0.9454177379185161,1.0,1722.6120745359817,1000.0,1721.4492945359816,1000.0,0.050008171470181245,0.0
3101,1694973780000.0,0.0,0.0,247400.0,0.0003482,0.0,0.0,0.000341,0.9454177379185161,1.0,1722.6120745359817,1000.0,1720.8307945359818,1000.0,0.050008171470181245,0.0
3102,1694977380000.0,0.0,0.0,761400.0,0.00033936896506435514,0.0,0.0,0.0003325,0.9454177379185161,1.0,1722.5776243659818,1000.0,1717.3475943659819,1000.0,0.150005158748713,0.0
3103,1694980980000.0,0.0,0.0,761400.0,0.00033936896506435514,0.0,0.0,0.000333,0.9454177379185161,1.0,1722.5776243659818,1000.0,1717.7282943659818,1000.0,0.150005158748713,0.0
3104,1694984580000.0,0.0,0.0,761400.0,0.00033936896506435514,0.0,0.0,0.000334,0.9454177379185161,1.0,1722.5776243659818,1000.0,1718.489694365982,1000.0,0.150005158748713,0.0
3105,1694988180000.0,0.0,0.0,761400.0,0.00033936896506435514,0.0,0.0,0.0003365,0.9454177379185161,1.0,1722.5776243659818,1000.0,1720.3931943659818,1000.0,0.150005158748713,0.0
3106,1694991780000.0,0.0,0.0,761400.0,0.00033936896506435514,0.0,0.0,0.000334,0.9454177379185161,1.0,1722.5776243659818,1000.0,1718.489694365982,1000.0,0.150005158748713,0.0
3107,1694995380000.0,0.0,0.0,428400.0,0.00033936896506435514,0.0,0.0,0.000342,0.9454177379185161,1.0,1722.7984083395515,1000.0,1723.925543705982,1000.0,0.08438924945008147,0.0
3108,1694998980000.0,0.0,0.0,135600.0,0.00033936896506435514,0.0,0.0,0.000344,0.9454177379185161,1.0,1722.992539112708,1000.0,1723.6205074499815,1000.0,0.026708433506290593,0.0
3109,1695002580000.0,0.0,0.0,3600.0,0.00033936896506435514,0.0,0.0,0.0003475,0.9454177379185161,1.0,1723.8191092442137,1000.0,1723.848380969982,1000.0,0.0007087334556624851,0.0
3110,1695006180000.0,0.0,0.0,3600.0,0.00033936896506435514,0.0,0.0,0.0003495,0.9454177379185161,1.0,1723.8191092442137,1000.0,1723.855580969982,1000.0,0.0007087334556624851,0.0
3111,1695009780000.0,0.0,0.0,252500.0,0.0003414,0.0,0.0,0.0003415,0.9454177379185161,1.0,1723.8544653539823,1000.0,1723.8797153539822,1000.0,0.050006251532549575,0.0
3112,1695013380000.0,0.0,0.0,252500.0,0.0003414,0.0,0.0,0.000338,0.9454177379185161,1.0,1723.8544653539823,1000.0,1722.9959653539822,1000.0,0.050006251532549575,0.0
3113,1695016980000.0,0.0,0.0,252500.0,0.0003414,0.0,0.0,0.000335,0.9454177379185161,1.0,1723.8544653539823,1000.0,1722.2384653539823,1000.0,0.050006251532549575,0.0
3114,1695020580000.0,0.0,0.0,512300.0,0.0003365316025766153,0.0,0.0,0.0003325,0.9454177379185161,1.0,1723.8372250259822,1000.0,1721.7718350259822,1000.0,0.10001242431541149,0.0
3115,1695024180000.0,0.0,0.0,512300.0,0.0003365316025766153,0.0,0.0,0.000331,0.9454177379185161,1.0,1723.8372250259822,1000.0,1721.0033850259822,1000.0,0.10001242431541149,0.0
3116,1695027780000.0,0.0,0.0,512300.0,0.0003365316025766153,0.0,0.0,0.000333,0.9454177379185161,1.0,1723.8372250259822,1000.0,1722.0279850259822,1000.0,0.10001242431541149,0.0
3117,1695031380000.0,0.0,0.0,777200.0,0.00033273751930005147,0.0,0.0,0.0003275,0.9454177379185161,1.0,1723.8199853339822,1000.0,1719.7493853339822,1000.0,0.15001775254966473,0.0
3118,1695034980000.0,0.0,0.0,777200.0,0.00033273751930005147,0.0,0.0,0.00033,0.9454177379185161,1.0,1723.8199853339822,1000.0,1721.6923853339822,1000.0,0.15001775254966473,0.0
3119,1695038580000.0,0.0,0.0,582900.0,0.00033273751930005147,0.0,0.0,0.0003355,0.9454177379185161,1.0,1723.9551755239822,1000.0,1725.5654255239822,1000.0,0.112504491273127,0.0
3120,1695042180000.0,0.0,0.0,97200.0,0.00033273751930005147,0.0,0.0,0.0003375,0.9454177379185161,1.0,1725.538647053947,1000.0,1726.001560177982,1000.0,0.018743183139469762,0.0
3121,1695045780000.0,0.0,0.0,258700.0,0.0003334537430430397,0.0,0.0,0.000333,0.9454177379185161,1.0,1725.6959193972161,1000.0,1725.5785360719817,1000.0,0.0499882293025103,0.0
3122,1695049380000.0,0.0,0.0,258800.0,0.00033342267673995335,0.0,0.0,0.0003305,0.9454177379185161,1.0,1725.7875169042813,1000.0,1725.0311281639815,1000.0,0.05000023925024478,0.0
3123,1695052980000.0,0.0,0.0,258800.0,0.00033342267673995335,0.0,0.0,0.0003315,0.9454177379185161,1.0,1725.7875169042813,1000.0,1725.2899281639814,1000.0,0.05000023925024478,0.0
3124,1695056580000.0,0.0,0.0,258800.0,0.00033342267673995335,0.0,0.0,0.0003315,0.9454177379185161,1.0,1725.7875169042813,1000.0,1725.2899281639814,1000.0,0.05000023925024478,0.0
3125,1695060180000.0,0.0,0.0,258800.0,0.00033342267673995335,0.0,0.0,0.0003295,0.9454177379185161,1.0,1725.7875169042813,1000.0,1724.7723281639815,1000.0,0.05000023925024478,0.0
3126,1695063780000.0,0.0,0.0,258800.0,0.00033342267673995335,0.0,0.0,0.0003295,0.9454177379185161,1.0,1725.7875169042813,1000.0,1724.7723281639815,1000.0,0.05000023925024478,0.0
3127,1695067380000.0,0.0,0.0,261000.0,0.0003317809819923483,0.0,0.0,0.000329,0.9454177379185161,1.0,1725.8837681839843,1000.0,1725.1579318839815,1000.0,0.05017419938488675,0.0
3128,1695070980000.0,0.0,0.0,146900.0,0.0003317809819923483,0.0,0.0,0.0003335,0.9454177379185161,1.0,1725.9582204886574,1000.0,1726.2107442339814,1000.0,0.02823858983149486,0.0
3129,1695074580000.0,0.0,0.0,196000.0,0.0003307684989525733,0.0,0.0,0.0003325,0.9454177379185161,1.0,1726.057612702686,1000.0,1726.3969869079815,1000.0,0.03755994314302849,0.0
3130,1695078180000.0,0.0,0.0,147000.0,0.0003307684989525733,0.0,0.0,0.000334,0.9454177379185161,1.0,1726.0902075540098,1000.0,1726.5652382079816,1000.0,0.028169425406178752,0.0
3131,1695081780000.0,0.0,0.0,46600.0,0.0003307684989525733,0.0,0.0,0.000335,0.9454177379185161,1.0,1726.1569937391716,1000.0,1726.3541816879817,1000.0,0.008929553978633648,0.0
3132,1695085380000.0,0.0,0.0,46600.0,0.0003307684989525733,0.0,0.0,0.000334,0.9454177379185161,1.0,1726.1569937391716,1000.0,1726.3075816879816,1000.0,0.008929553978633648,0.0
3133,1695088980000.0,0.0,0.0,13900.0,0.0003307684989525733,0.0,0.0,0.0003395,0.9454177379185161,1.0,1726.3552904974224,1000.0,1726.4766583619817,1000.0,0.0026632305416783696,0.0
3134,1695092580000.0,0.0,0.0,500.0,0.0003307684989525733,0.0,0.0,0.0003415,0.9454177379185161,1.0,1726.5102349794577,1000.0,1726.5156007299813,1000.0,9.579106229755681e-05,0.0
3135,1695096180000.0,0.0,0.0,0.0,0.0003307684989525733,0.0,0.0,0.0003375,0.9454177379185161,1.0,1726.5143668199817,1000.0,1726.5143668199817,1000.0,0.0,0.0
3136,1695099780000.0,0.0,0.0,0.0,0.0003307684989525733,0.0,0.0,0.000343,0.9454177379185161,1.0,1726.5143668199817,1000.0,1726.5143668199817,1000.0,0.0,0.0
3137,1695103380000.0,0.0,0.0,0.0,0.0003307684989525733,0.0,0.0,0.0003425,0.9454177379185161,1.0,1726.5143668199817,1000.0,1726.5143668199817,1000.0,0.0,0.0
3138,1695106980000.0,0.0,0.0,0.0,0.0003307684989525733,0.0,0.0,0.000346,0.9454177379185161,1.0,1726.5143668199817,1000.0,1726.5143668199817,1000.0,0.0,0.0
3139,1695110580000.0,0.0,0.0,0.0,0.0003307684989525733,0.0,0.0,0.000343,0.9454177379185161,1.0,1726.5143668199817,1000.0,1726.5143668199817,1000.0,0.0,0.0
3140,1695114180000.0,0.0,0.0,0.0,0.0003307684989525733,0.0,0.0,0.000343,0.9454177379185161,1.0,1726.5143668199817,1000.0,1726.5143668199817,1000.0,0.0,0.0
3141,1695117780000.0,0.0,0.0,0.0,0.0003307684989525733,0.0,0.0,0.0003405,0.9454177379185161,1.0,1726.5143668199817,1000.0,1726.5143668199817,1000.0,0.0,0.0
3142,1695121380000.0,0.0,0.0,0.0,0.0003307684989525733,0.0,0.0,0.0003375,0.9454177379185161,1.0,1726.5143668199817,1000.0,1726.5143668199817,1000.0,0.0,0.0
3143,1695124980000.0,0.0,0.0,256800.0,0.0003361,0.0,0.0,0.0003355,0.9454177379185161,1.0,1726.4971047239817,1000.0,1726.3430247239817,1000.0,0.04999167375597691,0.0
3144,1695128580000.0,0.0,0.0,192900.0,0.000335999533437014,0.0,0.0,0.000336,0.9454177379185161,1.0,1726.5869404359817,1000.0,1726.5870304359817,1000.0,0.03753897847949301,0.0
3145,1695132180000.0,0.0,0.0,144700.0,0.000335999533437014,0.0,0.0,0.0003405,0.9454177379185161,1.0,1726.6222761723177,1000.0,1727.2734936839818,1000.0,0.02815852265969706,0.0
3146,1695135780000.0,0.0,0.0,12800.0,0.000335999533437014,0.0,0.0,0.0003385,0.9454177379185161,1.0,1727.4442778379755,1000.0,1727.4762838099816,1000.0,0.0024896861121196574,0.0
3147,1695139380000.0,0.0,0.0,8600.0,0.000335999533437014,0.0,0.0,0.0003415,0.9454177379185161,1.0,1727.4704522655402,1000.0,1727.5177562779818,1000.0,0.001672732511151596,0.0
3148,1695142980000.0,0.0,0.0,1800.0,0.000335999533437014,0.0,0.0,0.000343,0.9454177379185161,1.0,1727.5128299101686,1000.0,1727.525430749982,1000.0,0.00035009821618405863,0.0
3149,1695146580000.0,0.0,0.0,300.0,0.000335999533437014,0.0,0.0,0.0003435,0.9454177379185161,1.0,1727.522177920013,1000.0,1727.524428059982,1000.0,5.834938695401882e-05,0.0
3150,1695150180000.0,0.0,0.0,0.0,0.000335999533437014,0.0,0.0,0.0003405,0.9454177379185161,1.0,1727.5240475219825,1000.0,1727.5240475219825,1000.0,0.0,0.0
3151,1695153780000.0,0.0,0.0,0.0,0.000335999533437014,0.0,0.0,0.00034,0.9454177379185161,1.0,1727.5240475219825,1000.0,1727.5240475219825,1000.0,0.0,0.0
3152,1695157380000.0,0.0,0.0,0.0,0.000335999533437014,0.0,0.0,0.0003385,0.9454177379185161,1.0,1727.5240475219825,1000.0,1727.5240475219825,1000.0,0.0,0.0
3153,1695160980000.0,0.0,0.0,0.0,0.000335999533437014,0.0,0.0,0.0003395,0.9454177379185161,1.0,1727.5240475219825,1000.0,1727.5240475219825,1000.0,0.0,0.0
3154,1695164580000.0,0.0,0.0,0.0,0.000335999533437014,0.0,0.0,0.000339,0.9454177379185161,1.0,1727.5240475219825,1000.0,1727.5240475219825,1000.0,0.0,0.0
3155,1695168180000.0,0.0,0.0,0.0,0.000335999533437014,0.0,0.0,0.0003435,0.9454177379185161,1.0,1727.5240475219825,1000.0,1727.5240475219825,1000.0,0.0,0.0
3156,1695171780000.0,0.0,0.0,0.0,0.000335999533437014,0.0,0.0,0.000342,0.9454177379185161,1.0,1727.5240475219825,1000.0,1727.5240475219825,1000.0,0.0,0.0
3157,1695175380000.0,0.0,0.0,0.0,0.000335999533437014,0.0,0.0,0.000345,0.9454177379185161,1.0,1727.5240475219825,1000.0,1727.5240475219825,1000.0,0.0,0.0
3158,1695178980000.0,0.0,0.0,0.0,0.000335999533437014,0.0,0.0,0.000343,0.9454177379185161,1.0,1727.5240475219825,1000.0,1727.5240475219825,1000.0,0.0,0.0
3159,1695182580000.0,0.0,0.0,0.0,0.000335999533437014,0.0,0.0,0.0003405,0.9454177379185161,1.0,1727.5240475219825,1000.0,1727.5240475219825,1000.0,0.0,0.0
3160,1695186180000.0,0.0,0.0,0.0,0.000335999533437014,0.0,0.0,0.0003435,0.9454177379185161,1.0,1727.5240475219825,1000.0,1727.5240475219825,1000.0,0.0,0.0
3161,1695189780000.0,0.0,0.0,0.0,0.000335999533437014,0.0,0.0,0.000347,0.9454177379185161,1.0,1727.5240475219825,1000.0,1727.5240475219825,1000.0,0.0,0.0
3162,1695193380000.0,0.0,0.0,0.0,0.000335999533437014,0.0,0.0,0.0003565,0.9454177379185161,1.0,1727.5240475219825,1000.0,1727.5240475219825,1000.0,0.0,0.0
3163,1695196980000.0,0.0,0.0,0.0,0.000335999533437014,0.0,0.0,0.000359,0.9454177379185161,1.0,1727.5240475219825,1000.0,1727.5240475219825,1000.0,0.0,0.0
3164,1695200580000.0,0.0,0.0,0.0,0.000335999533437014,0.0,0.0,0.000357,0.9454177379185161,1.0,1727.5240475219825,1000.0,1727.5240475219825,1000.0,0.0,0.0
3165,1695204180000.0,0.0,0.0,0.0,0.000335999533437014,0.0,0.0,0.0003655,0.9454177379185161,1.0,1727.5240475219825,1000.0,1727.5240475219825,1000.0,0.0,0.0
3166,1695207780000.0,0.0,0.0,0.0,0.000335999533437014,0.0,0.0,0.000357,0.9454177379185161,1.0,1727.5240475219825,1000.0,1727.5240475219825,1000.0,0.0,0.0
3167,1695211380000.0,0.0,0.0,0.0,0.000335999533437014,0.0,0.0,0.00036,0.9454177379185161,1.0,1727.5240475219825,1000.0,1727.5240475219825,1000.0,0.0,0.0
3168,1695214980000.0,0.0,0.0,0.0,0.000335999533437014,0.0,0.0,0.000352,0.9454177379185161,1.0,1727.5240475219825,1000.0,1727.5240475219825,1000.0,0.0,0.0
3169,1695218580000.0,0.0,0.0,0.0,0.000335999533437014,0.0,0.0,0.000355,0.9454177379185161,1.0,1727.5240475219825,1000.0,1727.5240475219825,1000.0,0.0,0.0
3170,1695222180000.0,0.0,0.0,0.0,0.000335999533437014,0.0,0.0,0.0003555,0.9454177379185161,1.0,1727.5240475219825,1000.0,1727.5240475219825,1000.0,0.0,0.0
3171,1695225780000.0,0.0,0.0,0.0,0.000335999533437014,0.0,0.0,0.000356,0.9454177379185161,1.0,1727.5240475219825,1000.0,1727.5240475219825,1000.0,0.0,0.0
3172,1695229380000.0,0.0,0.0,0.0,0.000335999533437014,0.0,0.0,0.000358,0.9454177379185161,1.0,1727.5240475219825,1000.0,1727.5240475219825,1000.0,0.0,0.0
3173,1695232980000.0,0.0,0.0,247300.0,0.0003493,0.0,0.0,0.000353,0.9454177379185161,1.0,1727.5067711439826,1000.0,1728.4217811439826,1000.0,0.050003792426698584,0.0
3174,1695236580000.0,0.0,0.0,49000.0,0.0003493,0.0,0.0,0.000357,0.9454177379185161,1.0,1728.7816101159826,1000.0,1729.1589101159827,1000.0,0.009900440807472334,0.0
3175,1695240180000.0,0.0,0.0,0.0,0.0003493,0.0,0.0,0.000354,0.9454177379185161,1.0,1729.2111703619826,1000.0,1729.2111703619826,1000.0,0.0,0.0
3176,1695243780000.0,0.0,0.0,0.0,0.0003493,0.0,0.0,0.0003565,0.9454177379185161,1.0,1729.2111703619826,1000.0,1729.2111703619826,1000.0,0.0,0.0
3177,1695247380000.0,0.0,0.0,0.0,0.0003493,0.0,0.0,0.000362,0.9454177379185161,1.0,1729.2111703619826,1000.0,1729.2111703619826,1000.0,0.0,0.0
3178,1695250980000.0,0.0,0.0,0.0,0.0003493,0.0,0.0,0.0003605,0.9454177379185161,1.0,1729.2111703619826,1000.0,1729.2111703619826,1000.0,0.0,0.0
3179,1695254580000.0,0.0,0.0,0.0,0.0003493,0.0,0.0,0.000359,0.9454177379185161,1.0,1729.2111703619826,1000.0,1729.2111703619826,1000.0,0.0,0.0
3180,1695258180000.0,0.0,0.0,0.0,0.0003493,0.0,0.0,0.0003655,0.9454177379185161,1.0,1729.2111703619826,1000.0,1729.2111703619826,1000.0,0.0,0.0
3181,1695261780000.0,0.0,0.0,0.0,0.0003493,0.0,0.0,0.0003555,0.9454177379185161,1.0,1729.2111703619826,1000.0,1729.2111703619826,1000.0,0.0,0.0
3182,1695265380000.0,0.0,0.0,183300.0,0.000354,0.0,0.0,0.0003565,0.9454177379185161,1.0,1729.388950673983,1000.0,1729.8472006739828,1000.0,0.0375208827226007,0.0
3183,1695268980000.0,0.0,0.0,244400.0,0.0003539644435351882,0.0,0.0,0.0003535,0.9454177379185161,1.0,1729.5120617959828,1000.0,1729.398551795983,1000.0,0.05001925798087021,0.0
3184,1695272580000.0,0.0,0.0,54400.0,0.000353869387232268,0.0,0.0,0.0003555,0.9454177379185161,1.0,1730.5187205994182,1000.0,1730.6074259339828,1000.0,0.011124118124978955,0.0
3185,1695276180000.0,0.0,0.0,183500.0,0.0003538221282092098,0.0,0.0,0.000358,0.9454177379185161,1.0,1730.718675388373,1000.0,1731.485314861983,1000.0,0.037514104082698785,0.0
3186,1695279780000.0,0.0,0.0,63000.0,0.0003538339913385566,0.0,0.0,0.0003585,0.9454177379185161,1.0,1730.9847735783121,1000.0,1731.278732123983,1000.0,0.012877953517897058,0.0
3187,1695283380000.0,0.0,0.0,63000.0,0.0003538339913385566,0.0,0.0,0.000359,0.9454177379185161,1.0,1730.9847735783121,1000.0,1731.310232123983,1000.0,0.012877953517897058,0.0
3188,1695286980000.0,0.0,0.0,63000.0,0.0003538339913385566,0.0,0.0,0.000357,0.9454177379185161,1.0,1730.9847735783121,1000.0,1731.184232123983,1000.0,0.012877953517897058,0.0
3189,1695290580000.0,0.0,0.0,244600.0,0.0003539424336485716,0.0,0.0,0.000354,0.9454177379185161,1.0,1731.1120796824239,1000.0,1731.1261604119832,1000.0,0.05001081113495716,0.0
3190,1695294180000.0,0.0,0.0,244700.0,0.0003538697157284108,0.0,0.0,0.0003525,0.9454177379185161,1.0,1731.2457251767253,1000.0,1730.9105557379833,1000.0,0.05001711668047749,0.0
3191,1695297780000.0,0.0,0.0,254700.0,0.00034098670031569627,0.0,0.0,0.0003425,0.9454177379185161,1.0,1731.7994519583913,1000.0,1732.1848893879835,1000.0,0.050149751734933856,0.0
3192,1695301380000.0,0.0,0.0,252500.0,0.00034214137547146643,0.0,0.0,0.000341,0.9454177379185161,1.0,1731.9585566645285,1000.0,1731.6703593579832,1000.0,0.04988034902689575,0.0
3193,1695304980000.0,0.0,0.0,162400.0,0.000337246436550098,0.0,0.0,0.000338,0.9454177379185161,1.0,1732.1816702537192,1000.0,1732.3040489579832,1000.0,0.03161840483378035,0.0
3194,1695308580000.0,0.0,0.0,215600.0,0.0003375223313650895,0.0,0.0,0.0003415,0.9454177379185161,1.0,1732.1919781602965,1000.0,1733.0495635179832,1000.0,0.04201024803243789,0.0
3195,1695312180000.0,0.0,0.0,254800.0,0.00033953882817858405,0.0,0.0,0.00034,0.9454177379185161,1.0,1732.3976496758864,1000.0,1732.5151562559831,1000.0,0.04993916577760838,0.0
3196,1695315780000.0,0.0,0.0,253300.0,0.0003401431901497332,0.0,0.0,0.0003435,0.9454177379185161,1.0,1732.4375464189106,1000.0,1733.2878263539833,1000.0,0.04973239597757713,0.0
3197,1695319380000.0,0.0,0.0,253300.0,0.0003410711228809621,0.0,0.0,0.0003375,0.9454177379185161,1.0,1732.5941280257307,1000.0,1731.689562599983,1000.0,0.04986356240523094,0.0
3198,1695322980000.0,0.0,0.0,253300.0,0.0003410711228809621,0.0,0.0,0.000338,0.9454177379185161,1.0,1732.5941280257307,1000.0,1731.816212599983,1000.0,0.04986356240523094,0.0
3199,1695326580000.0,0.0,0.0,253300.0,0.0003410711228809621,0.0,0.0,0.000336,0.9454177379185161,1.0,1732.5941280257307,1000.0,1731.309612599983,1000.0,0.04986356240523094,0.0
3200,1695330180000.0,0.0,0.0,514600.0,0.00033621116483821935,0.0,0.0,0.000333,0.9454177379185161,1.0,1732.5768038357307,1000.0,1730.924338409983,1000.0,0.09985950697407094,0.0
3201,1695333780000.0,0.0,0.0,585900.0,0.00033242019642267017,0.0,0.0,0.0003295,0.9454177379185161,1.0,1732.6986855360256,1000.0,1730.9877424519832,1000.0,0.11240557559711555,0.0
3202,1695337380000.0,0.0,0.0,439500.0,0.00033242019642267017,0.0,0.0,0.000332,0.9454177379185161,1.0,1732.8030926837466,1000.0,1732.618416355983,1000.0,0.0843134900581736,0.0
3203,1695340980000.0,0.0,0.0,259800.0,0.00033312065601104665,0.0,0.0,0.000329,0.9454177379185161,1.0,1733.090910045653,1000.0,1732.020363613983,1000.0,0.0499366455216075,0.0
3204,1695344580000.0,0.0,0.0,259100.0,0.0003337386522797267,0.0,0.0,0.0003305,0.9454177379185161,1.0,1733.2359834576603,1000.0,1732.3968486519832,1000.0,0.049890312473881045,0.0
3205,1695348180000.0,0.0,0.0,258900.0,0.00033432661931197575,0.0,0.0,0.0003335,0.9454177379185161,1.0,1733.3624424998534,1000.0,1733.1484307599828,1000.0,0.0499359854682428,0.0
3206,1695351780000.0,0.0,0.0,259400.0,0.00033429035421480056,0.0,0.0,0.000335,0.9454177379185161,1.0,1733.6583177553025,1000.0,1733.8423998719832,1000.0,0.05001845922880327,0.0
3207,1695355380000.0,0.0,0.0,146000.0,0.0003342677830771017,0.0,0.0,0.0003375,0.9454177379185161,1.0,1733.7710655692401,1000.0,1734.2429692399833,1000.0,0.02814852393054188,0.0
3208,1695358980000.0,0.0,0.0,146000.0,0.0003342677830771017,0.0,0.0,0.000337,0.9454177379185161,1.0,1733.7710655692401,1000.0,1734.1699692399832,1000.0,0.02814852393054188,0.0
3209,1695362580000.0,0.0,0.0,146000.0,0.0003342677830771017,0.0,0.0,0.0003385,0.9454177379185161,1.0,1733.7710655692401,1000.0,1734.3889692399832,1000.0,0.02814852393054188,0.0
3210,1695366180000.0,0.0,0.0,146000.0,0.0003342677830771017,0.0,0.0,0.000339,0.9454177379185161,1.0,1733.7710655692401,1000.0,1734.4619692399833,1000.0,0.02814852393054188,0.0
3211,1695369780000.0,0.0,0.0,8700.0,0.0003342677830771017,0.0,0.0,0.0003405,0.9454177379185161,1.0,1734.617398822754,1000.0,1734.6716191099833,1000.0,0.0016765251603866463,0.0
3212,1695373380000.0,0.0,0.0,0.0,0.0003342677830771017,0.0,0.0,0.000341,0.9454177379185161,1.0,1734.671026639983,1000.0,1734.671026639983,1000.0,0.0,0.0
3213,1695376980000.0,0.0,0.0,0.0,0.0003342677830771017,0.0,0.0,0.0003385,0.9454177379185161,1.0,1734.671026639983,1000.0,1734.671026639983,1000.0,0.0,0.0
3214,1695380580000.0,0.0,0.0,258200.0,0.0003359562354763749,0.0,0.0,0.000335,0.9454177379185161,1.0,1734.7288060359829,1000.0,1734.4819060359828,1000.0,0.050004300210024125,0.0
3215,1695384180000.0,0.0,0.0,145300.0,0.0003359562354763749,0.0,0.0,0.000338,0.9454177379185161,1.0,1734.8051743647,1000.0,1735.1021333499828,1000.0,0.028138284192398447,0.0
3216,1695387780000.0,0.0,0.0,258500.0,0.0003357829913386381,0.0,0.0,0.0003355,0.9454177379185161,1.0,1734.8377215410205,1000.0,1734.7645682799825,1000.0,0.050033442427073464,0.0
3217,1695391380000.0,0.0,0.0,258800.0,0.00033544599170857526,0.0,0.0,0.0003335,0.9454177379185161,1.0,1734.9246938601618,1000.0,1734.4210712059826,1000.0,0.05003872673056586,0.0
3218,1695394980000.0,0.0,0.0,145600.0,0.00033544599170857526,0.0,0.0,0.0003375,0.9454177379185161,1.0,1735.0024360307511,1000.0,1735.3014996379825,1000.0,0.028150356090856175,0.0
3219,1695398580000.0,0.0,0.0,61500.0,0.00033544599170857526,0.0,0.0,0.0003375,0.9454177379185161,1.0,1735.06019324406,1000.0,1735.1865147539827,1000.0,0.011890036190332617,0.0
3220,1695402180000.0,0.0,0.0,6300.0,0.00033544599170857526,0.0,0.0,0.0003385,0.9454177379185161,1.0,1735.0981028537467,1000.0,1735.1173431059826,1000.0,0.001217977095524585,0.0
3221,1695405780000.0,0.0,0.0,3200.0,0.00033544599170857526,0.0,0.0,0.000342,0.9454177379185161,1.0,1735.10903007545,1000.0,1735.1300029019826,1000.0,0.0006186511365344941,0.0
3222,1695409380000.0,0.0,0.0,193800.0,0.00033569901699577616,0.0,0.0,0.000336,0.9454177379185161,1.0,1735.152752631764,1000.0,1735.2110831379828,1000.0,0.0374943758669691,0.0
3223,1695412980000.0,0.0,0.0,19200.0,0.00033569901699577616,0.0,0.0,0.000341,0.9454177379185161,1.0,1735.9748148643014,1000.0,1736.0765937379824,1000.0,0.0037128540524493333,0.0
3224,1695416580000.0,0.0,0.0,193800.0,0.0003359776272795931,0.0,0.0,0.000339,0.9454177379185161,1.0,1736.0009969547675,1000.0,1736.5867327879823,1000.0,0.03750715827986456,0.0
3225,1695420180000.0,0.0,0.0,193600.0,0.00033605793942962086,0.0,0.0,0.000341,0.9454177379185161,1.0,1736.040190323557,1000.0,1736.9969732499824,1000.0,0.03747656156592135,0.0
3226,1695423780000.0,0.0,0.0,193600.0,0.00033605793942962086,0.0,0.0,0.0003415,0.9454177379185161,1.0,1736.040190323557,1000.0,1737.0937732499824,1000.0,0.03747656156592135,0.0
3227,1695427380000.0,0.0,0.0,11400.0,0.00033605793942962086,0.0,0.0,0.000342,0.9454177379185161,1.0,1737.16502034748,1000.0,1737.2327598379825,1000.0,0.0022053520906904754,0.0
3228,1695430980000.0,0.0,0.0,600.0,0.00033605793942962086,0.0,0.0,0.00034,0.9454177379185161,1.0,1737.2316952336403,1000.0,1737.2340604699825,1000.0,0.00011606670786112654,0.0
3229,1695434580000.0,0.0,0.0,193300.0,0.0003370975737821411,0.0,0.0,0.0003405,0.9454177379185161,1.0,1737.2616856480704,1000.0,1737.9193746359824,1000.0,0.037507855926598735,0.0
3230,1695438180000.0,0.0,0.0,145000.0,0.0003370975737821411,0.0,0.0,0.000338,0.9454177379185161,1.0,1737.2971787203928,1000.0,1737.4280305219825,1000.0,0.028135168120408983,0.0
3231,1695441780000.0,0.0,0.0,257700.0,0.0003370995678564232,0.0,0.0,0.0003365,0.9454177379185161,1.0,1737.3557224245824,1000.0,1737.2012137879822,1000.0,0.05000159582481317,0.0
3232,1695445380000.0,0.0,0.0,193300.0,0.0003370995678564232,0.0,0.0,0.000337,0.9454177379185161,1.0,1737.4029181026287,1000.0,1737.3836716359822,1000.0,0.03750502879194399,0.0
3233,1695448980000.0,0.0,0.0,81600.0,0.0003370995678564232,0.0,0.0,0.0003395,0.9454177379185161,1.0,1737.484777687066,1000.0,1737.680652949982,1000.0,0.015831692507661446,0.0
3234,1695452580000.0,0.0,0.0,258000.0,0.00033673002629624506,0.0,0.0,0.0003375,0.9454177379185161,1.0,1737.5985439964124,1000.0,1737.7971972119813,1000.0,0.049997939446138596,0.0
3235,1695456180000.0,0.0,0.0,258000.0,0.00033673002629624506,0.0,0.0,0.0003355,0.9454177379185161,1.0,1737.5985439964124,1000.0,1737.2811972119812,1000.0,0.049997939446138596,0.0
3236,1695459780000.0,0.0,0.0,258000.0,0.00033673002629624506,0.0,0.0,0.000336,0.9454177379185161,1.0,1737.5985439964124,1000.0,1737.4101972119813,1000.0,0.049997939446138596,0.0
3237,1695463380000.0,0.0,0.0,108900.0,0.00033673002629624506,0.0,0.0,0.000337,0.9454177379185161,1.0,1737.7032828256422,1000.0,1737.732682961981,1000.0,0.02110250940196933,0.0
3238,1695466980000.0,0.0,0.0,34500.0,0.00033673002629624506,0.0,0.0,0.0003365,0.9454177379185161,1.0,1737.7555468692017,1000.0,1737.7476109619813,1000.0,0.0066851669258949364,0.0
3239,1695470580000.0,0.0,0.0,109400.0,0.0003355114035702725,0.0,0.0,0.0003365,0.9454177379185161,1.0,1737.9384887765693,1000.0,1738.0466412259816,1000.0,0.021119819710320384,0.0
3240,1695474180000.0,0.0,0.0,46200.0,0.0003355114035702725,0.0,0.0,0.0003385,0.9454177379185161,1.0,1737.9840772389282,1000.0,1738.1221503939817,1000.0,0.008918739272670362,0.0
3241,1695477780000.0,0.0,0.0,46200.0,0.0003355114035702725,0.0,0.0,0.0003385,0.9454177379185161,1.0,1737.9840772389282,1000.0,1738.1221503939817,1000.0,0.008918739272670362,0.0
3242,1695481380000.0,0.0,0.0,46200.0,0.0003355114035702725,0.0,0.0,0.0003395,0.9454177379185161,1.0,1737.9840772389282,1000.0,1738.1683503939817,1000.0,0.008918739272670362,0.0
3243,1695484980000.0,0.0,0.0,46200.0,0.0003355114035702725,0.0,0.0,0.0003395,0.9454177379185161,1.0,1737.9840772389282,1000.0,1738.1683503939817,1000.0,0.008918739272670362,0.0
3244,1695488580000.0,0.0,0.0,46200.0,0.0003355114035702725,0.0,0.0,0.000341,0.9454177379185161,1.0,1737.9840772389282,1000.0,1738.2376503939815,1000.0,0.008918739272670362,0.0
3245,1695492180000.0,0.0,0.0,46200.0,0.0003355114035702725,0.0,0.0,0.000341,0.9454177379185161,1.0,1737.9840772389282,1000.0,1738.2376503939815,1000.0,0.008918739272670362,0.0
3246,1695495780000.0,0.0,0.0,30800.0,0.0003355114035702725,0.0,0.0,0.000339,0.9454177379185161,1.0,1738.0798688799462,1000.0,1738.1873176499819,1000.0,0.005945498486570512,0.0
3247,1695499380000.0,0.0,0.0,30800.0,0.0003355114035702725,0.0,0.0,0.000341,0.9454177379185161,1.0,1738.0798688799462,1000.0,1738.2489176499819,1000.0,0.005945498486570512,0.0
3248,1695502980000.0,0.0,0.0,6200.0,0.0003355114035702725,0.0,0.0,0.000341,0.9454177379185161,1.0,1738.2328866961177,1000.0,1738.266915993982,1000.0,0.0011967157669473723,0.0
3249,1695506580000.0,0.0,0.0,900.0,0.0003355114035702725,0.0,0.0,0.0003405,0.9454177379185161,1.0,1738.2658539491954,1000.0,1738.2703436859822,1000.0,0.00017371351023620274,0.0
3250,1695510180000.0,0.0,0.0,900.0,0.0003355114035702725,0.0,0.0,0.00034,0.9454177379185161,1.0,1738.2658539491954,1000.0,1738.2698936859822,1000.0,0.00017371351023620274,0.0
3251,1695513780000.0,0.0,0.0,400.0,0.0003355114035702725,0.0,0.0,0.0003425,0.9454177379185161,1.0,1738.2689640674103,1000.0,1738.2717595059821,1000.0,7.720586641211212e-05,0.0
3252,1695517380000.0,0.0,0.0,0.0,0.0003355114035702725,0.0,0.0,0.000342,0.9454177379185161,1.0,1738.2714521619823,1000.0,1738.2714521619823,1000.0,0.0,0.0
3253,1695520980000.0,0.0,0.0,64400.0,0.0003374,0.0,0.0,0.000344,0.9454177379185161,1.0,1738.8382227159827,1000.0,1739.2632627159828,1000.0,0.012496021605771365,0.0
3254,1695524580000.0,0.0,0.0,28700.0,0.0003374,0.0,0.0,0.000341,0.9454177379185161,1.0,1739.0606786979824,1000.0,1739.1639986979824,1000.0,0.00556816683777236,0.0
3255,1695528180000.0,0.0,0.0,19200.0,0.0003374,0.0,0.0,0.000345,0.9454177379185161,1.0,1739.1198756679826,1000.0,1739.2657956679825,1000.0,0.0037249186158095165,0.0
3256,1695531780000.0,0.0,0.0,2600.0,0.0003374,0.0,0.0,0.000343,0.9454177379185161,1.0,1739.2233145839828,1000.0,1739.2378745839828,1000.0,0.0005043860628155352,0.0
3257,1695535380000.0,0.0,0.0,192900.0,0.00033819190976273824,0.0,0.0,0.0003405,0.9454177379185161,1.0,1739.2536268372148,1000.0,1739.6988574439827,1000.0,0.03750874420303168,0.0
3258,1695538980000.0,0.0,0.0,193000.0,0.0003381090620501458,0.0,0.0,0.0003405,0.9454177379185161,1.0,1739.371153197661,1000.0,1739.8326042219828,1000.0,0.03751646039185669,0.0
3259,1695542580000.0,0.0,0.0,193000.0,0.0003381090620501458,0.0,0.0,0.0003405,0.9454177379185161,1.0,1739.371153197661,1000.0,1739.8326042219828,1000.0,0.03751646039185669,0.0
3260,1695546180000.0,0.0,0.0,193000.0,0.0003381090620501458,0.0,0.0,0.00034,0.9454177379185161,1.0,1739.371153197661,1000.0,1739.736104221983,1000.0,0.03751646039185669,0.0
3261,1695549780000.0,0.0,0.0,144700.0,0.000338106800060957,0.0,0.0,0.000341,0.9454177379185161,1.0,1739.4484217368033,1000.0,1739.867067767983,1000.0,0.02812618836951246,0.0
3262,1695553380000.0,0.0,0.0,257300.0,0.000338100586143238,0.0,0.0,0.000338,0.9454177379185161,1.0,1739.6884020506377,1000.0,1739.6625212359825,1000.0,0.05000509327538932,0.0
3263,1695556980000.0,0.0,0.0,257400.0,0.0003380565845902908,0.0,0.0,0.0003375,0.9454177379185161,1.0,1739.7630990995233,1000.0,1739.6198342259825,1000.0,0.05001586992998011,0.0
3264,1695560580000.0,0.0,0.0,257700.0,0.00033791281814796984,0.0,0.0,0.0003375,0.9454177379185161,1.0,1739.8437963407143,1000.0,1739.7374131039826,1000.0,0.050050546732919976,0.0
3265,1695564180000.0,0.0,0.0,14700.0,0.0003378346439581008,0.0,0.0,0.0003385,0.9454177379185161,1.0,1740.055305666166,1000.0,1740.065086399982,1000.0,0.00285402955297609,0.0
3266,1695567780000.0,0.0,0.0,2700.0,0.0003378346439581008,0.0,0.0,0.0003395,0.9454177379185161,1.0,1740.063677298669,1000.0,1740.0681737599823,1000.0,0.0005242069877022711,0.0
3267,1695571380000.0,0.0,0.0,193500.0,0.00033734412997891435,0.0,0.0,0.00034,0.9454177379185161,1.0,1740.189233878902,1000.0,1740.7031447279821,1000.0,0.037510914261559225,0.0
3268,1695574980000.0,0.0,0.0,34500.0,0.00033734412997891435,0.0,0.0,0.0003395,0.9454177379185161,1.0,1740.2986656322548,1000.0,1740.3730431479823,1000.0,0.006687571917458373,0.0
3269,1695578580000.0,0.0,0.0,19500.0,0.00033734412997891435,0.0,0.0,0.000338,0.9454177379185161,1.0,1740.3089893825709,1000.0,1740.321778847982,1000.0,0.0037799095302740783,0.0
3270,1695582180000.0,0.0,0.0,145200.0,0.000337104429920813,0.0,0.0,0.000338,0.9454177379185161,1.0,1740.477959542484,1000.0,1740.607996317982,1000.0,0.028123058356549827,0.0
3271,1695585780000.0,0.0,0.0,249700.0,0.0003369273048094001,0.0,0.0,0.0003385,0.9454177379185161,1.0,1740.5512523908892,1000.0,1740.943954379982,1000.0,0.0483356912905276,0.0
3272,1695589380000.0,0.0,0.0,249700.0,0.0003369273048094001,0.0,0.0,0.0003365,0.9454177379185161,1.0,1740.5512523908892,1000.0,1740.444554379982,1000.0,0.0483356912905276,0.0
3273,1695592980000.0,0.0,0.0,187300.0,0.0003369273048094001,0.0,0.0,0.0003395,0.9454177379185161,1.0,1740.5952540747826,1000.0,1741.077119883982,1000.0,0.03625569128898092,0.0
3274,1695596580000.0,0.0,0.0,193900.0,0.0003368098273527817,0.0,0.0,0.0003415,0.9454177379185161,1.0,1741.0200738556864,1000.0,1741.9294983319821,1000.0,0.03751101236821105,0.0
3275,1695600180000.0,0.0,0.0,145500.0,0.0003368098273527817,0.0,0.0,0.0003395,0.9454177379185161,1.0,1741.0550502438118,1000.0,1741.4464703639821,1000.0,0.028147202969238175,0.0
3276,1695603780000.0,0.0,0.0,145400.0,0.0003368785386307898,0.0,0.0,0.00034,0.9454177379185161,1.0,1741.1763813188988,1000.0,1741.630241801982,1000.0,0.028131635624309387,0.0
3277,1695607380000.0,0.0,0.0,145400.0,0.0003368785386307898,0.0,0.0,0.0003405,0.9454177379185161,1.0,1741.1763813188988,1000.0,1741.702941801982,1000.0,0.028131635624309387,0.0
3278,1695610980000.0,0.0,0.0,145400.0,0.0003368785386307898,0.0,0.0,0.000341,0.9454177379185161,1.0,1741.1763813188988,1000.0,1741.775641801982,1000.0,0.028131635624309387,0.0
3279,1695614580000.0,0.0,0.0,145400.0,0.0003368785386307898,0.0,0.0,0.0003405,0.9454177379185161,1.0,1741.1763813188988,1000.0,1741.702941801982,1000.0,0.028131635624309387,0.0
3280,1695618180000.0,0.0,0.0,145400.0,0.0003368785386307898,0.0,0.0,0.0003405,0.9454177379185161,1.0,1741.1763813188988,1000.0,1741.702941801982,1000.0,0.028131635624309387,0.0
3281,1695621780000.0,0.0,0.0,145400.0,0.0003368785386307898,0.0,0.0,0.000342,0.9454177379185161,1.0,1741.1763813188988,1000.0,1741.921041801982,1000.0,0.028131635624309387,0.0
3282,1695625380000.0,0.0,0.0,64700.0,0.0003368785386307898,0.0,0.0,0.000342,0.9454177379185161,1.0,1741.6809840033943,1000.0,1742.0123425539823,1000.0,0.012514370685331903,0.0
3283,1695628980000.0,0.0,0.0,43200.0,0.0003368785386307898,0.0,0.0,0.000344,0.9454177379185161,1.0,1741.8154196628325,1000.0,1742.1230667939824,1000.0,0.008355163643956724,0.0
3284,1695632580000.0,0.0,0.0,43200.0,0.0003368785386307898,0.0,0.0,0.0003445,0.9454177379185161,1.0,1741.8154196628325,1000.0,1742.1446667939824,1000.0,0.008355163643956724,0.0
3285,1695636180000.0,0.0,0.0,3900.0,0.0003368785386307898,0.0,0.0,0.0003435,0.9454177379185161,1.0,1742.0611555426426,1000.0,1742.0869792419826,1000.0,0.0007541792069009371,0.0
3286,1695639780000.0,0.0,0.0,1800.0,0.0003368785386307898,0.0,0.0,0.000342,0.9454177379185161,1.0,1742.074286467518,1000.0,1742.0835050979827,1000.0,0.0003480800871959417,0.0
3287,1695643380000.0,0.0,0.0,1200.0,0.0003368785386307898,0.0,0.0,0.0003425,0.9454177379185161,1.0,1742.0780381603395,1000.0,1742.0847839139826,1000.0,0.00023205289171996353,0.0
3288,1695646980000.0,0.0,0.0,1200.0,0.0003368785386307898,0.0,0.0,0.000341,0.9454177379185161,1.0,1742.0780381603395,1000.0,1742.0829839139826,1000.0,0.00023205289171996353,0.0
3289,1695650580000.0,0.0,0.0,1200.0,0.0003368785386307898,0.0,0.0,0.000341,0.9454177379185161,1.0,1742.0780381603395,1000.0,1742.0829839139826,1000.0,0.00023205289171996353,0.0
3290,1695654180000.0,0.0,0.0,1200.0,0.0003368785386307898,0.0,0.0,0.000342,0.9454177379185161,1.0,1742.0780381603395,1000.0,1742.0841839139825,1000.0,0.00023205289171996353,0.0
3291,1695657780000.0,0.0,0.0,0.0,0.0003368785386307898,0.0,0.0,0.0003435,0.9454177379185161,1.0,1742.0855415459826,1000.0,1742.0855415459826,1000.0,0.0,0.0
3292,1695661380000.0,0.0,0.0,0.0,0.0003368785386307898,0.0,0.0,0.0003425,0.9454177379185161,1.0,1742.0855415459826,1000.0,1742.0855415459826,1000.0,0.0,0.0
3293,1695664980000.0,0.0,0.0,0.0,0.0003368785386307898,0.0,0.0,0.000343,0.9454177379185161,1.0,1742.0855415459826,1000.0,1742.0855415459826,1000.0,0.0,0.0
3294,1695668580000.0,0.0,0.0,0.0,0.0003368785386307898,0.0,0.0,0.000343,0.9454177379185161,1.0,1742.0855415459826,1000.0,1742.0855415459826,1000.0,0.0,0.0
3295,1695672180000.0,0.0,0.0,0.0,0.0003368785386307898,0.0,0.0,0.000345,0.9454177379185161,1.0,1742.0855415459826,1000.0,1742.0855415459826,1000.0,0.0,0.0
3296,1695675780000.0,0.0,0.0,0.0,0.0003368785386307898,0.0,0.0,0.0003445,0.9454177379185161,1.0,1742.0855415459826,1000.0,1742.0855415459826,1000.0,0.0,0.0
3297,1695679380000.0,0.0,0.0,0.0,0.0003368785386307898,0.0,0.0,0.000351,0.9454177379185161,1.0,1742.0855415459826,1000.0,1742.0855415459826,1000.0,0.0,0.0
3298,1695682980000.0,0.0,0.0,0.0,0.0003368785386307898,0.0,0.0,0.000348,0.9454177379185161,1.0,1742.0855415459826,1000.0,1742.0855415459826,1000.0,0.0,0.0
3299,1695686580000.0,0.0,0.0,0.0,0.0003368785386307898,0.0,0.0,0.000346,0.9454177379185161,1.0,1742.0855415459826,1000.0,1742.0855415459826,1000.0,0.0,0.0
3300,1695690180000.0,0.0,0.0,0.0,0.0003368785386307898,0.0,0.0,0.0003475,0.9454177379185161,1.0,1742.0855415459826,1000.0,1742.0855415459826,1000.0,0.0,0.0
3301,1695693780000.0,0.0,0.0,0.0,0.0003368785386307898,0.0,0.0,0.000347,0.9454177379185161,1.0,1742.0855415459826,1000.0,1742.0855415459826,1000.0,0.0,0.0
3302,1695697380000.0,0.0,0.0,0.0,0.0003368785386307898,0.0,0.0,0.0003485,0.9454177379185161,1.0,1742.0855415459826,1000.0,1742.0855415459826,1000.0,0.0,0.0
3303,1695700980000.0,0.0,0.0,0.0,0.0003368785386307898,0.0,0.0,0.000348,0.9454177379185161,1.0,1742.0855415459826,1000.0,1742.0855415459826,1000.0,0.0,0.0
3304,1695704580000.0,0.0,0.0,0.0,0.0003368785386307898,0.0,0.0,0.000349,0.9454177379185161,1.0,1742.0855415459826,1000.0,1742.0855415459826,1000.0,0.0,0.0
3305,1695708180000.0,0.0,0.0,0.0,0.0003368785386307898,0.0,0.0,0.000353,0.9454177379185161,1.0,1742.0855415459826,1000.0,1742.0855415459826,1000.0,0.0,0.0
3306,1695711780000.0,0.0,0.0,0.0,0.0003368785386307898,0.0,0.0,0.0003605,0.9454177379185161,1.0,1742.0855415459826,1000.0,1742.0855415459826,1000.0,0.0,0.0
3307,1695715380000.0,0.0,0.0,0.0,0.0003368785386307898,0.0,0.0,0.000359,0.9454177379185161,1.0,1742.0855415459826,1000.0,1742.0855415459826,1000.0,0.0,0.0
3308,1695718980000.0,0.0,0.0,0.0,0.0003368785386307898,0.0,0.0,0.0003605,0.9454177379185161,1.0,1742.0855415459826,1000.0,1742.0855415459826,1000.0,0.0,0.0
3309,1695722580000.0,0.0,0.0,0.0,0.0003368785386307898,0.0,0.0,0.000362,0.9454177379185161,1.0,1742.0855415459826,1000.0,1742.0855415459826,1000.0,0.0,0.0
3310,1695726180000.0,0.0,0.0,0.0,0.0003368785386307898,0.0,0.0,0.0003625,0.9454177379185161,1.0,1742.0855415459826,1000.0,1742.0855415459826,1000.0,0.0,0.0
3311,1695729780000.0,0.0,0.0,0.0,0.0003368785386307898,0.0,0.0,0.000367,0.9454177379185161,1.0,1742.0855415459826,1000.0,1742.0855415459826,1000.0,0.0,0.0
3312,1695733380000.0,0.0,0.0,0.0,0.0003368785386307898,0.0,0.0,0.000361,0.9454177379185161,1.0,1742.0855415459826,1000.0,1742.0855415459826,1000.0,0.0,0.0
3313,1695736980000.0,0.0,0.0,0.0,0.0003368785386307898,0.0,0.0,0.000358,0.9454177379185161,1.0,1742.0855415459826,1000.0,1742.0855415459826,1000.0,0.0,0.0
3314,1695740580000.0,0.0,0.0,0.0,0.0003368785386307898,0.0,0.0,0.000362,0.9454177379185161,1.0,1742.0855415459826,1000.0,1742.0855415459826,1000.0,0.0,0.0
3315,1695744180000.0,0.0,0.0,0.0,0.0003368785386307898,0.0,0.0,0.00036,0.9454177379185161,1.0,1742.0855415459826,1000.0,1742.0855415459826,1000.0,0.0,0.0
3316,1695747780000.0,0.0,0.0,0.0,0.0003368785386307898,0.0,0.0,0.000358,0.9454177379185161,1.0,1742.0855415459826,1000.0,1742.0855415459826,1000.0,0.0,0.0
3317,1695751380000.0,0.0,0.0,0.0,0.0003368785386307898,0.0,0.0,0.0003595,0.9454177379185161,1.0,1742.0855415459826,1000.0,1742.0855415459826,1000.0,0.0,0.0
3318,1695754980000.0,0.0,0.0,0.0,0.0003368785386307898,0.0,0.0,0.0003625,0.9454177379185161,1.0,1742.0855415459826,1000.0,1742.0855415459826,1000.0,0.0,0.0
3319,1695758580000.0,0.0,0.0,0.0,0.0003368785386307898,0.0,0.0,0.000367,0.9454177379185161,1.0,1742.0855415459826,1000.0,1742.0855415459826,1000.0,0.0,0.0
3320,1695762180000.0,0.0,0.0,0.0,0.0003368785386307898,0.0,0.0,0.000363,0.9454177379185161,1.0,1742.0855415459826,1000.0,1742.0855415459826,1000.0,0.0,0.0
3321,1695765780000.0,0.0,0.0,0.0,0.0003368785386307898,0.0,0.0,0.000363,0.9454177379185161,1.0,1742.0855415459826,1000.0,1742.0855415459826,1000.0,0.0,0.0
3322,1695769380000.0,0.0,0.0,0.0,0.0003368785386307898,0.0,0.0,0.0003595,0.9454177379185161,1.0,1742.0855415459826,1000.0,1742.0855415459826,1000.0,0.0,0.0
3323,1695772980000.0,0.0,0.0,244800.0,0.000355831658496732,0.0,0.0,0.000356,0.9454177379185161,1.0,1742.1780506839825,1000.0,1742.2192606839826,1000.0,0.04999924661305506,0.0
3324,1695776580000.0,0.0,0.0,244800.0,0.000355831658496732,0.0,0.0,0.0003525,0.9454177379185161,1.0,1742.1780506839825,1000.0,1741.3624606839826,1000.0,0.04999924661305506,0.0
3325,1695780180000.0,0.0,0.0,245200.0,0.00035555472828303425,0.0,0.0,0.0003535,0.9454177379185161,1.0,1742.2450648869824,1000.0,1741.7412455119825,1000.0,0.05004004381017168,0.0
3326,1695783780000.0,0.0,0.0,245200.0,0.00035555472828303425,0.0,0.0,0.0003545,0.9454177379185161,1.0,1742.2450648869824,1000.0,1741.9864455119823,1000.0,0.05004004381017168,0.0
3327,1695787380000.0,0.0,0.0,245200.0,0.00035555472828303425,0.0,0.0,0.000355,0.9454177379185161,1.0,1742.2450648869824,1000.0,1742.1090455119825,1000.0,0.05004004381017168,0.0
3328,1695790980000.0,0.0,0.0,81800.0,0.00035555472828303425,0.0,0.0,0.00036,0.9454177379185161,1.0,1742.9635966975347,1000.0,1743.3272199239825,1000.0,0.016686737937992264,0.0
3329,1695794580000.0,0.0,0.0,81800.0,0.00035555472828303425,0.0,0.0,0.0003575,0.9454177379185161,1.0,1742.9635966975347,1000.0,1743.1227199239825,1000.0,0.016686737937992264,0.0
3330,1695798180000.0,0.0,0.0,81800.0,0.00035555472828303425,0.0,0.0,0.000359,0.9454177379185161,1.0,1742.9635966975347,1000.0,1743.2454199239826,1000.0,0.016686737937992264,0.0
3331,1695801780000.0,0.0,0.0,81800.0,0.00035555472828303425,0.0,0.0,0.00036,0.9454177379185161,1.0,1742.9635966975347,1000.0,1743.3272199239825,1000.0,0.016686737937992264,0.0
3332,1695805380000.0,0.0,0.0,81800.0,0.00035555472828303425,0.0,0.0,0.000359,0.9454177379185161,1.0,1742.9635966975347,1000.0,1743.2454199239826,1000.0,0.016686737937992264,0.0
3333,1695808980000.0,0.0,0.0,245400.0,0.0003552954112295958,0.0,0.0,0.0003555,0.9454177379185161,1.0,1743.0359089737256,1000.0,1743.0861150579829,1000.0,0.050021628049578576,0.0
3334,1695812580000.0,0.0,0.0,138200.0,0.00035517240735186644,0.0,0.0,0.0003595,0.9454177379185161,1.0,1743.2718239160106,1000.0,1743.8698972199827,1000.0,0.028156725774277646,0.0
3335,1695816180000.0,0.0,0.0,92200.0,0.00035517240735186644,0.0,0.0,0.000359,0.9454177379185161,1.0,1743.5733646178248,1000.0,1743.9262686599827,1000.0,0.01878148440574504,0.0
3336,1695819780000.0,0.0,0.0,92200.0,0.00035517240735186644,0.0,0.0,0.00036,0.9454177379185161,1.0,1743.5733646178248,1000.0,1744.0184686599828,1000.0,0.01878148440574504,0.0
3337,1695823380000.0,0.0,0.0,8200.0,0.00035517240735186644,0.0,0.0,0.0003588,0.9454177379185161,1.0,1744.1240041602682,1000.0,1744.153750419983,1000.0,0.0016698432756720905,0.0
3338,1695826980000.0,0.0,0.0,183900.0,0.00035558570040899394,0.0,0.0,0.000357,0.9454177379185161,1.0,1744.1526958211969,1000.0,1744.412785515983,1000.0,0.03749225079999401,0.0
3339,1695830580000.0,0.0,0.0,183900.0,0.00035558570040899394,0.0,0.0,0.0003574,0.9454177379185161,1.0,1744.1526958211969,1000.0,1744.486345515983,1000.0,0.03749225079999401,0.0
3340,1695834180000.0,0.0,0.0,138000.0,0.00035558570040899394,0.0,0.0,0.0003567,0.9454177379185161,1.0,1744.1868004204239,1000.0,1744.3405737639828,1000.0,0.02813392845572102,0.0
3341,1695837780000.0,0.0,0.0,43800.0,0.00035558570040899394,0.0,0.0,0.000357,0.9454177379185161,1.0,1744.2567928658968,1000.0,1744.3187391879828,1000.0,0.008929105933034113,0.0
3342,1695841380000.0,0.0,0.0,103500.0,0.000355515302396714,0.0,0.0,0.0003557,0.9454177379185161,1.0,1744.343631668043,1000.0,1744.362747869983,1000.0,0.02109437219252125,0.0
3343,1695844980000.0,0.0,0.0,245500.0,0.00035539076903486717,0.0,0.0,0.0003545,0.9454177379185161,1.0,1744.333541148043,1000.0,1744.1148573499831,1000.0,0.05001820565844124,0.0
3344,1695848580000.0,0.0,0.0,184400.0,0.0003551321272497144,0.0,0.0,0.0003556,0.9454177379185161,1.0,1744.4549543908304,1000.0,1744.541230125983,1000.0,0.03753972786744464,0.0
3345,1695852180000.0,0.0,0.0,246000.0,0.0003546302836646179,0.0,0.0,0.0003535,0.9454177379185161,1.0,1744.557217395479,1000.0,1744.279167613983,1000.0,0.050006413611207744,0.0
3346,1695855780000.0,0.0,0.0,184700.0,0.00035440452262732743,0.0,0.0,0.0003557,0.9454177379185161,1.0,1744.7416564752502,1000.0,1744.9809311459828,1000.0,0.037517597568861576,0.0
3347,1695859380000.0,0.0,0.0,246300.0,0.00035426476965055436,0.0,0.0,0.0003577,0.9454177379185161,1.0,1744.8070315709142,1000.0,1745.6531288059828,1000.0,0.05000863200692873,0.0
3348,1695862980000.0,0.0,0.0,246300.0,0.00035426476965055436,0.0,0.0,0.000358,0.9454177379185161,1.0,1744.8070315709142,1000.0,1745.7270188059827,1000.0,0.05000863200692873,0.0
3349,1695866580000.0,0.0,0.0,246300.0,0.00035426476965055436,0.0,0.0,0.000359,0.9454177379185161,1.0,1744.8070315709142,1000.0,1745.9733188059827,1000.0,0.05000863200692873,0.0
3350,1695870180000.0,0.0,0.0,32500.0,0.00035426476965055436,0.0,0.0,0.0003592,0.9454177379185161,1.0,1746.2102117356258,1000.0,1746.3706067219828,1000.0,0.0065934816646153966,0.0
3351,1695873780000.0,0.0,0.0,246000.0,0.0003548160772912318,0.0,0.0,0.0003575,0.9454177379185161,1.0,1746.1950575056258,1000.0,1746.8553024919827,1000.0,0.049985684381861684,0.0
3352,1695877380000.0,0.0,0.0,246000.0,0.0003548160772912318,0.0,0.0,0.000356,0.9454177379185161,1.0,1746.1950575056258,1000.0,1746.4863024919828,1000.0,0.049985684381861684,0.0
3353,1695880980000.0,0.0,0.0,43900.0,0.00035481205306880237,0.0,0.0,0.000357,0.9454177379185161,1.0,1746.3794661417035,1000.0,1746.4755170119831,1000.0,0.00891916644217835,0.0
3354,1695884580000.0,0.0,0.0,138600.0,0.0003547199802181983,0.0,0.0,0.0003567,0.9454177379185161,1.0,1746.4413947482253,1000.0,1746.715825489983,1000.0,0.028151067310981836,0.0
3355,1695888180000.0,0.0,0.0,43900.0,0.0003547199802181983,0.0,0.0,0.0003566,0.9454177379185161,1.0,1746.5085294515623,1000.0,1746.5910623199834,1000.0,0.008916193003917869,0.0
3356,1695891780000.0,0.0,0.0,184800.0,0.0003546566249056175,0.0,0.0,0.0003565,0.9454177379185161,1.0,1746.6857876425413,1000.0,1747.0264433599832,1000.0,0.03752280160876363,0.0
3357,1695895380000.0,0.0,0.0,33000.0,0.0003546566249056175,0.0,0.0,0.0003565,0.9454177379185161,1.0,1746.8030190018683,1000.0,1746.863850379983,1000.0,0.006700050603629544,0.0
3358,1695898980000.0,0.0,0.0,10500.0,0.0003546566249056175,0.0,0.0,0.0003555,0.9454177379185161,1.0,1746.8203951914918,1000.0,1746.8292506299829,1000.0,0.0021318130769252663,0.0
3359,1695902580000.0,0.0,0.0,184800.0,0.0003544027078926729,0.0,0.0,0.0003575,0.9454177379185161,1.0,1746.8539527505488,1000.0,1747.4263323319828,1000.0,0.03749232745842403,0.0
3360,1695906180000.0,0.0,0.0,184800.0,0.0003544027078926729,0.0,0.0,0.0003565,0.9454177379185161,1.0,1746.8539527505488,1000.0,1747.2415323319829,1000.0,0.03749232745842403,0.0
3361,1695909780000.0,0.0,0.0,246300.0,0.0003544519708427363,0.0,0.0,0.0003586,0.9454177379185161,1.0,1746.8495911705488,1000.0,1747.8712507519829,1000.0,0.0499765525663065,0.0
3362,1695913380000.0,0.0,0.0,246300.0,0.0003544519708427363,0.0,0.0,0.0003575,0.9454177379185161,1.0,1746.8495911705488,1000.0,1747.600320751983,1000.0,0.0499765525663065,0.0
3363,1695916980000.0,0.0,0.0,246300.0,0.0003544519708427363,0.0,0.0,0.0003575,0.9454177379185161,1.0,1746.8495911705488,1000.0,1747.600320751983,1000.0,0.0499765525663065,0.0
3364,1695920580000.0,0.0,0.0,184800.0,0.0003544519708427363,0.0,0.0,0.0003554,0.9454177379185161,1.0,1746.8973747737207,1000.0,1747.072570561983,1000.0,0.03749660693160202,0.0
3365,1695924180000.0,0.0,0.0,138600.0,0.0003544519708427363,0.0,0.0,0.0003574,0.9454177379185161,1.0,1746.9332707487863,1000.0,1747.341867589983,1000.0,0.028121877338649563,0.0
3366,1695927780000.0,0.0,0.0,138600.0,0.0003544519708427363,0.0,0.0,0.0003575,0.9454177379185161,1.0,1746.9332707487863,1000.0,1747.355727589983,1000.0,0.028121877338649563,0.0
3367,1695931380000.0,0.0,0.0,138600.0,0.0003544519708427363,0.0,0.0,0.0003598,0.9454177379185161,1.0,1746.9332707487863,1000.0,1747.674507589983,1000.0,0.028121877338649563,0.0
3368,1695934980000.0,0.0,0.0,3700.0,0.0003544519708427363,0.0,0.0,0.0003639,0.9454177379185161,1.0,1747.820347404101,1000.0,1747.855305111983,1000.0,0.0007503473077573162,0.0
3369,1695938580000.0,0.0,0.0,1900.0,0.0003544519708427363,0.0,0.0,0.0003683,0.9454177379185161,1.0,1747.8426217725842,1000.0,1747.8689330279828,1000.0,0.0003853085719572436,0.0
3370,1695942180000.0,0.0,0.0,300.0,0.0003544519708427363,0.0,0.0,0.0003634,0.9454177379185161,1.0,1747.8624212112359,1000.0,1747.865105619983,1000.0,6.0837506409189993e-05,0.0
3371,1695945780000.0,0.0,0.0,0.0,0.0003544519708427363,0.0,0.0,0.000369,0.9454177379185161,1.0,1747.8661336059836,1000.0,1747.8661336059836,1000.0,0.0,0.0
3372,1695949380000.0,0.0,0.0,0.0,0.0003544519708427363,0.0,0.0,0.000368,0.9454177379185161,1.0,1747.8661336059836,1000.0,1747.8661336059836,1000.0,0.0,0.0
3373,1695952980000.0,0.0,0.0,0.0,0.0003544519708427363,0.0,0.0,0.0003693,0.9454177379185161,1.0,1747.8661336059836,1000.0,1747.8661336059836,1000.0,0.0,0.0
3374,1695956580000.0,0.0,0.0,0.0,0.0003544519708427363,0.0,0.0,0.0003746,0.9454177379185161,1.0,1747.8661336059836,1000.0,1747.8661336059836,1000.0,0.0,0.0
3375,1695960180000.0,0.0,0.0,0.0,0.0003544519708427363,0.0,0.0,0.0003793,0.9454177379185161,1.0,1747.8661336059836,1000.0,1747.8661336059836,1000.0,0.0,0.0
3376,1695963780000.0,0.0,0.0,0.0,0.0003544519708427363,0.0,0.0,0.0003691,0.9454177379185161,1.0,1747.8661336059836,1000.0,1747.8661336059836,1000.0,0.0,0.0
3377,1695967380000.0,0.0,0.0,0.0,0.0003544519708427363,0.0,0.0,0.0003656,0.9454177379185161,1.0,1747.8661336059836,1000.0,1747.8661336059836,1000.0,0.0,0.0
3378,1695970980000.0,0.0,0.0,0.0,0.0003544519708427363,0.0,0.0,0.0003689,0.9454177379185161,1.0,1747.8661336059836,1000.0,1747.8661336059836,1000.0,0.0,0.0
3379,1695974580000.0,0.0,0.0,0.0,0.0003544519708427363,0.0,0.0,0.0003679,0.9454177379185161,1.0,1747.8661336059836,1000.0,1747.8661336059836,1000.0,0.0,0.0
3380,1695978180000.0,0.0,0.0,0.0,0.0003544519708427363,0.0,0.0,0.0003675,0.9454177379185161,1.0,1747.8661336059836,1000.0,1747.8661336059836,1000.0,0.0,0.0
3381,1695981780000.0,0.0,0.0,0.0,0.0003544519708427363,0.0,0.0,0.0003736,0.9454177379185161,1.0,1747.8661336059836,1000.0,1747.8661336059836,1000.0,0.0,0.0
3382,1695985380000.0,0.0,0.0,0.0,0.0003544519708427363,0.0,0.0,0.0003703,0.9454177379185161,1.0,1747.8661336059836,1000.0,1747.8661336059836,1000.0,0.0,0.0
3383,1695988980000.0,0.0,0.0,0.0,0.0003544519708427363,0.0,0.0,0.000367,0.9454177379185161,1.0,1747.8661336059836,1000.0,1747.8661336059836,1000.0,0.0,0.0
3384,1695992580000.0,0.0,0.0,32100.0,0.0003644,0.0,0.0,0.0003653,0.9454177379185161,1.0,1747.9996465739835,1000.0,1748.0285365739835,1000.0,0.006691786250029382,0.0
3385,1695996180000.0,0.0,0.0,7700.0,0.0003644,0.0,0.0,0.000365,0.9454177379185161,1.0,1748.0173843979835,1000.0,1748.0220043979834,1000.0,0.001605178544014506,0.0
3386,1695999780000.0,0.0,0.0,76000.0,0.0003643024176740309,0.0,0.0,0.0003679,0.9454177379185161,1.0,1748.1204648612097,1000.0,1748.3938811179833,1000.0,0.015838144052289053,0.0
3387,1696003380000.0,0.0,0.0,57000.0,0.0003643024176740309,0.0,0.0,0.0003686,0.9454177379185161,1.0,1748.134231545403,1000.0,1748.3791937379833,1000.0,0.011878514494314698,0.0
3388,1696006980000.0,0.0,0.0,57000.0,0.0003643024176740309,0.0,0.0,0.0003669,0.9454177379185161,1.0,1748.134231545403,1000.0,1748.2822937379833,1000.0,0.011878514494314698,0.0
3389,1696010580000.0,0.0,0.0,57000.0,0.0003643024176740309,0.0,0.0,0.0003649,0.9454177379185161,1.0,1748.134231545403,1000.0,1748.1682937379833,1000.0,0.011878514494314698,0.0
3390,1696014180000.0,0.0,0.0,42800.0,0.00036445303506013247,0.0,0.0,0.0003663,0.9454177379185161,1.0,1748.2733646985569,1000.0,1748.352414797983,1000.0,0.008922283102598906,0.0
3391,1696017780000.0,0.0,0.0,42800.0,0.00036445303506013247,0.0,0.0,0.0003668,0.9454177379185161,1.0,1748.2733646985569,1000.0,1748.3738147979832,1000.0,0.008922283102598906,0.0
3392,1696021380000.0,0.0,0.0,239900.0,0.0003643273026284855,0.0,0.0,0.0003639,0.9454177379185161,1.0,1748.259003992557,1000.0,1748.1564940919832,1000.0,0.04999380509465162,0.0
3393,1696024980000.0,0.0,0.0,180000.0,0.0003643273026284855,0.0,0.0,0.0003671,0.9454177379185161,1.0,1748.3009146671106,1000.0,1748.8000001939834,1000.0,0.037510084175420164,0.0
3394,1696028580000.0,0.0,0.0,180000.0,0.0003643273026284855,0.0,0.0,0.0003677,0.9454177379185161,1.0,1748.3009146671106,1000.0,1748.9080001939833,1000.0,0.037510084175420164,0.0
3395,1696032180000.0,0.0,0.0,53400.0,0.0003643273026284855,0.0,0.0,0.000374,0.9454177379185161,1.0,1749.1489419023444,1000.0,1749.6654639419833,1000.0,0.011122596534976669,0.0
3396,1696035780000.0,0.0,0.0,53400.0,0.0003643273026284855,0.0,0.0,0.0003741,0.9454177379185161,1.0,1749.1489419023444,1000.0,1749.6708039419832,1000.0,0.011122596534976669,0.0
3397,1696039380000.0,0.0,0.0,53400.0,0.0003643273026284855,0.0,0.0,0.000374,0.9454177379185161,1.0,1749.1489419023444,1000.0,1749.6654639419833,1000.0,0.011122596534976669,0.0
3398,1696042980000.0,0.0,0.0,53400.0,0.0003643273026284855,0.0,0.0,0.0003733,0.9454177379185161,1.0,1749.1489419023444,1000.0,1749.6280839419833,1000.0,0.011122596534976669,0.0
3399,1696046580000.0,0.0,0.0,53400.0,0.0003643273026284855,0.0,0.0,0.0003738,0.9454177379185161,1.0,1749.1489419023444,1000.0,1749.6547839419832,1000.0,0.011122596534976669,0.0
3400,1696050180000.0,0.0,0.0,26700.0,0.0003643273026284855,0.0,0.0,0.0003771,0.9454177379185161,1.0,1749.4879592081638,1000.0,1749.8289902279832,1000.0,0.005560220594249385,0.0
3401,1696053780000.0,0.0,0.0,3400.0,0.0003643273026284855,0.0,0.0,0.000375,0.9454177379185161,1.0,1749.78380577092,1000.0,1749.8200929419831,1000.0,0.0007079233587895154,0.0
3402,1696057380000.0,0.0,0.0,3400.0,0.0003643273026284855,0.0,0.0,0.0003721,0.9454177379185161,1.0,1749.78380577092,1000.0,1749.8102329419833,1000.0,0.0007079233587895154,0.0
3403,1696060980000.0,0.0,0.0,3400.0,0.0003643273026284855,0.0,0.0,0.0003714,0.9454177379185161,1.0,1749.78380577092,1000.0,1749.8078529419831,1000.0,0.0007079233587895154,0.0
3404,1696064580000.0,0.0,0.0,400.0,0.0003643273026284855,0.0,0.0,0.00037,0.9454177379185161,1.0,1749.803901203035,1000.0,1749.8061702819834,1000.0,8.328414455539874e-05,0.0
3405,1696068180000.0,0.0,0.0,13500.0,0.000368293311957287,0.0,0.0,0.0003699,0.9454177379185161,1.0,1749.9506647794065,1000.0,1749.972355067983,1000.0,0.002841199932942181,0.0
3406,1696071780000.0,0.0,0.0,2500.0,0.000368293311957287,0.0,0.0,0.0003694,0.9454177379185161,1.0,1749.958726327876,1000.0,1749.961493047983,1000.0,0.0005261457119193261,0.0
3407,1696075380000.0,0.0,0.0,600.0,0.000368293311957287,0.0,0.0,0.0003707,0.9454177379185161,1.0,1749.9601187771575,1000.0,1749.9615627899832,1000.0,0.00012627487038320993,0.0
3408,1696078980000.0,0.0,0.0,600.0,0.000368293311957287,0.0,0.0,0.0003715,0.9454177379185161,1.0,1749.9601187771575,1000.0,1749.9620427899831,1000.0,0.00012627487038320993,0.0
3409,1696082580000.0,0.0,0.0,600.0,0.000368293311957287,0.0,0.0,0.0003714,0.9454177379185161,1.0,1749.9601187771575,1000.0,1749.961982789983,1000.0,0.00012627487038320993,0.0
3410,1696086180000.0,0.0,0.0,600.0,0.000368293311957287,0.0,0.0,0.0003727,0.9454177379185161,1.0,1749.9601187771575,1000.0,1749.9627627899831,1000.0,0.00012627487038320993,0.0
3411,1696089780000.0,0.0,0.0,600.0,0.000368293311957287,0.0,0.0,0.000372,0.9454177379185161,1.0,1749.9601187771575,1000.0,1749.962342789983,1000.0,0.00012627487038320993,0.0
3412,1696093380000.0,0.0,0.0,600.0,0.000368293311957287,0.0,0.0,0.0003733,0.9454177379185161,1.0,1749.9601187771575,1000.0,1749.9631227899831,1000.0,0.00012627487038320993,0.0
3413,1696096980000.0,0.0,0.0,600.0,0.000368293311957287,0.0,0.0,0.0003725,0.9454177379185161,1.0,1749.9601187771575,1000.0,1749.9626427899832,1000.0,0.00012627487038320993,0.0
3414,1696100580000.0,0.0,0.0,600.0,0.000368293311957287,0.0,0.0,0.0003726,0.9454177379185161,1.0,1749.9601187771575,1000.0,1749.962702789983,1000.0,0.00012627487038320993,0.0
3415,1696104180000.0,0.0,0.0,600.0,0.000368293311957287,0.0,0.0,0.0003722,0.9454177379185161,1.0,1749.9601187771575,1000.0,1749.9624627899832,1000.0,0.00012627487038320993,0.0
3416,1696107780000.0,0.0,0.0,600.0,0.000368293311957287,0.0,0.0,0.0003714,0.9454177379185161,1.0,1749.9601187771575,1000.0,1749.961982789983,1000.0,0.00012627487038320993,0.0
3417,1696111380000.0,0.0,0.0,400.0,0.000368293311957287,0.0,0.0,0.0003713,0.9454177379185161,1.0,1749.961485106766,1000.0,1749.962687781983,1000.0,8.418318119380032e-05,0.0
3418,1696114980000.0,0.0,0.0,400.0,0.000368293311957287,0.0,0.0,0.0003712,0.9454177379185161,1.0,1749.961485106766,1000.0,1749.9626477819832,1000.0,8.418318119380032e-05,0.0
3419,1696118580000.0,0.0,0.0,237100.0,0.00036909863907542354,0.0,0.0,0.0003686,0.9454177379185161,1.0,1749.944011912766,1000.0,1749.825784587983,1000.0,0.05000919271075824,0.0
3420,1696122180000.0,0.0,0.0,237100.0,0.00036909863907542354,0.0,0.0,0.0003668,0.9454177379185161,1.0,1749.944011912766,1000.0,1749.399004587983,1000.0,0.05000919271075824,0.0
3421,1696125780000.0,0.0,0.0,237100.0,0.00036909863907542354,0.0,0.0,0.0003626,0.9454177379185161,1.0,1749.944011912766,1000.0,1748.403184587983,1000.0,0.05000919271075824,0.0
3422,1696129380000.0,0.0,0.0,1481700.0,0.00035099175765997365,0.0,0.0,0.0003428,0.9454177379185161,1.0,1749.857501672766,1000.0,1737.719774347983,1000.0,0.2972039076482687,0.0
3423,1696132980000.0,0.0,0.0,1481700.0,0.00035099175765997365,0.0,0.0,0.0003392,0.9454177379185161,1.0,1749.857501672766,1000.0,1732.385654347983,1000.0,0.2972039076482687,0.0
3424,1696136580000.0,0.0,0.0,1481700.0,0.00035099175765997365,0.0,0.0,0.0003418,0.9454177379185161,1.0,1749.857501672766,1000.0,1736.238074347983,1000.0,0.2972039076482687,0.0
3425,1696140180000.0,0.0,0.0,1481700.0,0.00035099175765997365,0.0,0.0,0.0003433,0.9454177379185161,1.0,1749.857501672766,1000.0,1738.460624347983,1000.0,0.2972039076482687,0.0
3426,1696143780000.0,0.0,0.0,1481700.0,0.00035099175765997365,0.0,0.0,0.0003445,0.9454177379185161,1.0,1749.857501672766,1000.0,1740.238664347983,1000.0,0.2972039076482687,0.0
3427,1696147380000.0,0.0,0.0,1481700.0,0.00035099175765997365,0.0,0.0,0.0003458,0.9454177379185161,1.0,1749.857501672766,1000.0,1742.164874347983,1000.0,0.2972039076482687,0.0
3428,1696150980000.0,0.0,0.0,1481700.0,0.00035099175765997365,0.0,0.0,0.0003484,0.9454177379185161,1.0,1749.857501672766,1000.0,1746.017294347983,1000.0,0.2972039076482687,0.0
3429,1696154580000.0,0.0,0.0,1481700.0,0.00035099175765997365,0.0,0.0,0.0003486,0.9454177379185161,1.0,1749.857501672766,1000.0,1746.313634347983,1000.0,0.2972039076482687,0.0
3430,1696158180000.0,0.0,0.0,1481700.0,0.00035099175765997365,0.0,0.0,0.0003455,0.9454177379185161,1.0,1749.857501672766,1000.0,1741.720364347983,1000.0,0.2972039076482687,0.0
3431,1696161780000.0,0.0,0.0,1481700.0,0.00035099175765997365,0.0,0.0,0.0003466,0.9454177379185161,1.0,1749.857501672766,1000.0,1743.350234347983,1000.0,0.2972039076482687,0.0
3432,1696165380000.0,0.0,0.0,1481700.0,0.00035099175765997365,0.0,0.0,0.0003463,0.9454177379185161,1.0,1749.857501672766,1000.0,1742.905724347983,1000.0,0.2972039076482687,0.0
3433,1696168980000.0,0.0,0.0,1481700.0,0.00035099175765997365,0.0,0.0,0.0003461,0.9454177379185161,1.0,1749.857501672766,1000.0,1742.609384347983,1000.0,0.2972039076482687,0.0
3434,1696172580000.0,0.0,0.0,1481700.0,0.00035099175765997365,0.0,0.0,0.0003424,0.9454177379185161,1.0,1749.857501672766,1000.0,1737.1270943479828,1000.0,0.2972039076482687,0.0
3435,1696176180000.0,0.0,0.0,1481700.0,0.00035099175765997365,0.0,0.0,0.0003446,0.9454177379185161,1.0,1749.857501672766,1000.0,1740.386834347983,1000.0,0.2972039076482687,0.0
3436,1696179780000.0,0.0,0.0,1481700.0,0.00035099175765997365,0.0,0.0,0.0003438,0.9454177379185161,1.0,1749.857501672766,1000.0,1739.2014743479829,1000.0,0.2972039076482687,0.0
3437,1696183380000.0,0.0,0.0,1481700.0,0.00035099175765997365,0.0,0.0,0.0003416,0.9454177379185161,1.0,1749.857501672766,1000.0,1735.941734347983,1000.0,0.2972039076482687,0.0
3438,1696186980000.0,0.0,0.0,1481700.0,0.00035099175765997365,0.0,0.0,0.000341,0.9454177379185161,1.0,1749.857501672766,1000.0,1735.052714347983,1000.0,0.2972039076482687,0.0
3439,1696190580000.0,0.0,0.0,1481700.0,0.00035099175765997365,0.0,0.0,0.0003412,0.9454177379185161,1.0,1749.857501672766,1000.0,1735.349054347983,1000.0,0.2972039076482687,0.0
3440,1696194180000.0,0.0,0.0,1481700.0,0.00035099175765997365,0.0,0.0,0.0003438,0.9454177379185161,1.0,1749.857501672766,1000.0,1739.2014743479829,1000.0,0.2972039076482687,0.0
3441,1696197780000.0,0.0,0.0,1111300.0,0.00035099175765997365,0.0,0.0,0.000348,0.9454177379185161,1.0,1750.1308132915117,1000.0,1746.8060730039829,1000.0,0.22287313458240257,0.0
3442,1696201380000.0,0.0,0.0,468900.0,0.00035099175765997365,0.0,0.0,0.0003485,0.9454177379185161,1.0,1750.6048289067446,1000.0,1749.436443739983,1000.0,0.09401324185169883,0.0
3443,1696204980000.0,0.0,0.0,468900.0,0.00035099175765997365,0.0,0.0,0.0003507,0.9454177379185161,1.0,1750.6048289067446,1000.0,1750.468023739983,1000.0,0.09401324185169883,0.0
3444,1696208580000.0,0.0,0.0,111400.0,0.00035099175765997365,0.0,0.0,0.0003515,0.9454177379185161,1.0,1750.8686218433038,1000.0,1750.9252400399828,1000.0,0.022332047827869756,0.0
3445,1696212180000.0,0.0,0.0,47100.0,0.00035099175765997365,0.0,0.0,0.0003493,0.9454177379185161,1.0,1750.9160676777674,1000.0,1750.8363858919827,1000.0,0.009441750002163551,0.0
3446,1696215780000.0,0.0,0.0,35400.0,0.00035099175765997365,0.0,0.0,0.000352,0.9454177379185161,1.0,1750.9247009011458,1000.0,1750.9603926799828,1000.0,0.0070963121456726575,0.0
3447,1696219380000.0,0.0,0.0,35400.0,0.00035099175765997365,0.0,0.0,0.0003498,0.9454177379185161,1.0,1750.9247009011458,1000.0,1750.8825126799827,1000.0,0.0070963121456726575,0.0
3448,1696222980000.0,0.0,0.0,35400.0,0.00035099175765997365,0.0,0.0,0.0003479,0.9454177379185161,1.0,1750.9247009011458,1000.0,1750.8152526799827,1000.0,0.0070963121456726575,0.0
3449,1696226580000.0,0.0,0.0,252800.0,0.00034695699454574,0.0,0.0,0.0003447,0.9454177379185161,1.0,1750.909643777146,1000.0,1750.3390755559828,1000.0,0.05009437724721723,0.0
3450,1696230180000.0,0.0,0.0,252800.0,0.00034695699454574,0.0,0.0,0.0003464,0.9454177379185161,1.0,1750.909643777146,1000.0,1750.7688355559828,1000.0,0.05009437724721723,0.0
3451,1696233780000.0,0.0,0.0,33900.0,0.00034695699454574,0.0,0.0,0.0003466,0.9454177379185161,1.0,1751.057065365083,1000.0,1751.0449632499824,1000.0,0.006716995321136679,0.0
3452,1696237380000.0,0.0,0.0,253600.0,0.0003455214988765796,0.0,0.0,0.0003436,0.9454177379185161,1.0,1751.041892883083,1000.0,1750.5546007679823,1000.0,0.050041208306460125,0.0
3453,1696240980000.0,0.0,0.0,253600.0,0.0003455214988765796,0.0,0.0,0.0003438,0.9454177379185161,1.0,1751.041892883083,1000.0,1750.6053207679824,1000.0,0.050041208306460125,0.0
3454,1696244580000.0,0.0,0.0,253600.0,0.0003455214988765796,0.0,0.0,0.0003447,0.9454177379185161,1.0,1751.041892883083,1000.0,1750.8335607679824,1000.0,0.050041208306460125,0.0
3455,1696248180000.0,0.0,0.0,253600.0,0.0003455214988765796,0.0,0.0,0.0003433,0.9454177379185161,1.0,1751.041892883083,1000.0,1750.4785207679824,1000.0,0.050041208306460125,0.0
3456,1696251780000.0,0.0,0.0,514300.0,0.0003405936459558635,0.0,0.0,0.0003387,0.9454177379185161,1.0,1751.024384271083,1000.0,1750.0504821559823,1000.0,0.10003704899176451,0.0
3457,1696255380000.0,0.0,0.0,514300.0,0.0003405936459558635,0.0,0.0,0.0003368,0.9454177379185161,1.0,1751.024384271083,1000.0,1749.0733121559824,1000.0,0.10003704899176451,0.0
3458,1696258980000.0,0.0,0.0,385800.0,0.0003405936459558635,0.0,0.0,0.0003428,0.9454177379185161,1.0,1751.1192267857546,1000.0,1751.9704381759825,1000.0,0.0750383106985603,0.0
3459,1696262580000.0,0.0,0.0,160500.0,0.000340861278852476,0.0,0.0,0.0003445,0.9454177379185161,1.0,1752.5059271698046,1000.0,1753.0899419139823,1000.0,0.031217147062191697,0.0
3460,1696266180000.0,0.0,0.0,31800.0,0.000340861278852476,0.0,0.0,0.0003476,0.9454177379185161,1.0,1753.3127836534907,1000.0,1753.527074985982,1000.0,0.006182233294918437,0.0
3461,1696269780000.0,0.0,0.0,21200.0,0.000340861278852476,0.0,0.0,0.0003474,0.9454177379185161,1.0,1753.3792380336545,1000.0,1753.517858921982,1000.0,0.004121332655778709,0.0
3462,1696273380000.0,0.0,0.0,255900.0,0.00034264129388396044,0.0,0.0,0.0003424,0.9454177379185161,1.0,1753.5910247928875,1000.0,1753.5292776879821,1000.0,0.05000134345193822,0.0
3463,1696276980000.0,0.0,0.0,144000.0,0.00034264129388396044,0.0,0.0,0.0003478,0.9454177379185161,1.0,1753.6682387152725,1000.0,1754.4110923959822,1000.0,0.028135507748852637,0.0
3464,1696280580000.0,0.0,0.0,144000.0,0.00034264129388396044,0.0,0.0,0.0003476,0.9454177379185161,1.0,1753.6682387152725,1000.0,1754.3822923959822,1000.0,0.028135507748852637,0.0
3465,1696284180000.0,0.0,0.0,144000.0,0.00034264129388396044,0.0,0.0,0.0003437,0.9454177379185161,1.0,1753.6682387152725,1000.0,1753.8206923959822,1000.0,0.028135507748852637,0.0
3466,1696287780000.0,0.0,0.0,60800.0,0.00034264129388396044,0.0,0.0,0.0003441,0.9454177379185161,1.0,1753.725648888127,1000.0,1753.8143382199821,1000.0,0.011879047718411822,0.0
3467,1696291380000.0,0.0,0.0,255900.0,0.0003426860518489441,0.0,0.0,0.0003424,0.9454177379185161,1.0,1753.7122767341268,1000.0,1753.639076065982,1000.0,0.05000441739020776,0.0
3468,1696294980000.0,0.0,0.0,255900.0,0.0003426860518489441,0.0,0.0,0.0003417,0.9454177379185161,1.0,1753.7122767341268,1000.0,1753.459946065982,1000.0,0.05000441739020776,0.0
3469,1696298580000.0,0.0,0.0,255900.0,0.0003426860518489441,0.0,0.0,0.0003405,0.9454177379185161,1.0,1753.7122767341268,1000.0,1753.152866065982,1000.0,0.05000441739020776,0.0
3470,1696302180000.0,0.0,0.0,255900.0,0.0003426860518489441,0.0,0.0,0.0003414,0.9454177379185161,1.0,1753.7122767341268,1000.0,1753.383176065982,1000.0,0.05000441739020776,0.0
3471,1696305780000.0,0.0,0.0,255900.0,0.0003426860518489441,0.0,0.0,0.0003414,0.9454177379185161,1.0,1753.7122767341268,1000.0,1753.383176065982,1000.0,0.05000441739020776,0.0
3472,1696309380000.0,0.0,0.0,255900.0,0.0003426860518489441,0.0,0.0,0.0003426,0.9454177379185161,1.0,1753.7122767341268,1000.0,1753.690256065982,1000.0,0.05000441739020776,0.0
3473,1696312980000.0,0.0,0.0,108000.0,0.0003426860518489441,0.0,0.0,0.0003434,0.9454177379185161,1.0,1753.8224989356684,1000.0,1753.8996053359824,1000.0,0.021102530970007544,0.0
3474,1696316580000.0,0.0,0.0,81000.0,0.0003426860518489441,0.0,0.0,0.0003468,0.9454177379185161,1.0,1753.842620635747,1000.0,1754.1758504359825,1000.0,0.015826716646732353,0.0
3475,1696320180000.0,0.0,0.0,81000.0,0.0003426860518489441,0.0,0.0,0.000346,0.9454177379185161,1.0,1753.842620635747,1000.0,1754.1110504359824,1000.0,0.015826716646732353,0.0
3476,1696323780000.0,0.0,0.0,45800.0,0.00034200480691319254,0.0,0.0,0.0003434,0.9454177379185161,1.0,1754.0153989666067,1000.0,1754.0792988099824,1000.0,0.008930263762708522,0.0
3477,1696327380000.0,0.0,0.0,45800.0,0.00034200480691319254,0.0,0.0,0.0003445,0.9454177379185161,1.0,1754.0153989666067,1000.0,1754.1296788099824,1000.0,0.008930263762708522,0.0
3478,1696330980000.0,0.0,0.0,256600.0,0.0003418365555597203,0.0,0.0,0.0003412,0.9454177379185161,1.0,1754.0009886786067,1000.0,1753.8376485219826,1000.0,0.0500086720148917,0.0
3479,1696334580000.0,0.0,0.0,256600.0,0.0003418365555597203,0.0,0.0,0.0003407,0.9454177379185161,1.0,1754.0009886786067,1000.0,1753.7093485219825,1000.0,0.0500086720148917,0.0
3480,1696338180000.0,0.0,0.0,34400.0,0.0003418365555597203,0.0,0.0,0.0003429,0.9454177379185161,1.0,1754.1554008892365,1000.0,1754.191983377982,1000.0,0.006703612180137109,0.0
3481,1696341780000.0,0.0,0.0,2100.0,0.0003418365555597203,0.0,0.0,0.0003421,0.9454177379185161,1.0,1754.1778469486576,1000.0,1754.1784001819822,1000.0,0.00040922690246265734,0.0
3482,1696345380000.0,0.0,0.0,257400.0,0.0003408605549019841,0.0,0.0,0.0003399,0.9454177379185161,1.0,1754.2342244117528,1000.0,1753.986977579982,1000.0,0.05001470477022058,0.0
3483,1696348980000.0,0.0,0.0,257400.0,0.0003408605549019841,0.0,0.0,0.0003378,0.9454177379185161,1.0,1754.2342244117528,1000.0,1753.446437579982,1000.0,0.05001470477022058,0.0
3484,1696352580000.0,0.0,0.0,257400.0,0.0003408605549019841,0.0,0.0,0.0003403,0.9454177379185161,1.0,1754.2342244117528,1000.0,1754.0899375799822,1000.0,0.05001470477022058,0.0
3485,1696356180000.0,0.0,0.0,257400.0,0.0003408605549019841,0.0,0.0,0.00034,0.9454177379185161,1.0,1754.2342244117528,1000.0,1754.012717579982,1000.0,0.05001470477022058,0.0
3486,1696359780000.0,0.0,0.0,231400.0,0.00033995621786400644,0.0,0.0,0.0003386,0.9454177379185161,1.0,1754.3665503097134,1000.0,1754.0527214959823,1000.0,0.04484004143822939,0.0
3487,1696363380000.0,0.0,0.0,73300.0,0.00033995621786400644,0.0,0.0,0.0003416,0.9454177379185161,1.0,1754.473369331414,1000.0,1754.5938585619824,1000.0,0.014203003137589716,0.0
3488,1696366980000.0,0.0,0.0,73300.0,0.00033995621786400644,0.0,0.0,0.0003409,0.9454177379185161,1.0,1754.473369331414,1000.0,1754.5425485619824,1000.0,0.014203003137589716,0.0
3489,1696370580000.0,0.0,0.0,258900.0,0.00033923182221752443,0.0,0.0,0.0003384,0.9454177379185161,1.0,1754.5009372700995,1000.0,1754.2855784979824,1000.0,0.0500581771753117,0.0
3490,1696374180000.0,0.0,0.0,258900.0,0.00033923182221752443,0.0,0.0,0.0003386,0.9454177379185161,1.0,1754.5009372700995,1000.0,1754.3373584979824,1000.0,0.0500581771753117,0.0
3491,1696377780000.0,0.0,0.0,145700.0,0.00033923182221752443,0.0,0.0,0.0003403,0.9454177379185161,1.0,1754.5801973950756,1000.0,1754.7358308979824,1000.0,0.028169744860037385,0.0
3492,1696381380000.0,0.0,0.0,259400.0,0.0003386347654910386,0.0,0.0,0.0003364,0.9454177379185161,1.0,1754.5955311023579,1000.0,1754.0158329339824,1000.0,0.0500638788890492,0.0
3493,1696384980000.0,0.0,0.0,259400.0,0.0003386347654910386,0.0,0.0,0.0003359,0.9454177379185161,1.0,1754.5955311023579,1000.0,1753.8861329339825,1000.0,0.0500638788890492,0.0
3494,1696388580000.0,0.0,0.0,34800.0,0.0003386347654910386,0.0,0.0,0.0003443,0.9454177379185161,1.0,1754.7521569250705,1000.0,1754.9493070859824,1000.0,0.006715757431943337,0.0
3495,1696392180000.0,0.0,0.0,1500.0,0.0003386347654910386,0.0,0.0,0.0003461,0.9454177379185161,1.0,1754.9584922002186,1000.0,1754.969690051982,1000.0,0.00028943826904973143,0.0
3496,1696395780000.0,0.0,0.0,700.0,0.0003386347654910386,0.0,0.0,0.0003439,0.9454177379185161,1.0,1754.9634492038258,1000.0,1754.9671348679822,1000.0,0.0001350708107062098,0.0
3497,1696399380000.0,0.0,0.0,100.0,0.0003386347654910386,0.0,0.0,0.0003444,0.9454177379185161,1.0,1754.9671669565307,1000.0,1754.9677434799817,1000.0,1.929578922426794e-05,0.0
3498,1696402980000.0,0.0,0.0,0.0,0.0003386347654910386,0.0,0.0,0.0003466,0.9454177379185161,1.0,1754.9677865819815,1000.0,1754.9677865819815,1000.0,0.0,0.0
3499,1696406580000.0,0.0,0.0,0.0,0.0003386347654910386,0.0,0.0,0.0003487,0.9454177379185161,1.0,1754.9677865819815,1000.0,1754.9677865819815,1000.0,0.0,0.0
3500,1696410180000.0,0.0,0.0,0.0,0.0003386347654910386,0.0,0.0,0.0003451,0.9454177379185161,1.0,1754.9677865819815,1000.0,1754.9677865819815,1000.0,0.0,0.0
3501,1696413780000.0,0.0,0.0,0.0,0.0003386347654910386,0.0,0.0,0.0003432,0.9454177379185161,1.0,1754.9677865819815,1000.0,1754.9677865819815,1000.0,0.0,0.0
3502,1696417380000.0,0.0,0.0,257700.0,0.0003405,0.0,0.0,0.0003385,0.9454177379185161,1.0,1754.9502372119814,1000.0,1754.4348372119814,1000.0,0.04999962286075978,0.0
3503,1696420980000.0,0.0,0.0,257700.0,0.0003405,0.0,0.0,0.0003387,0.9454177379185161,1.0,1754.9502372119814,1000.0,1754.4863772119813,1000.0,0.04999962286075978,0.0
3504,1696424580000.0,0.0,0.0,145000.0,0.0003405,0.0,0.0,0.0003403,0.9454177379185161,1.0,1755.0327043099815,1000.0,1755.0037043099815,1000.0,0.028131954395352175,0.0
3505,1696428180000.0,0.0,0.0,258500.0,0.000339736750483559,0.0,0.0,0.0003393,0.9454177379185161,1.0,1755.0806274519816,1000.0,1754.9677274519815,1000.0,0.05003869829473277,0.0
3506,1696431780000.0,0.0,0.0,26100.0,0.000339736750483559,0.0,0.0,0.0003415,0.9454177379185161,1.0,1755.242180199603,1000.0,1755.288201011982,1000.0,0.0050517981436684345,0.0
3507,1696435380000.0,0.0,0.0,26100.0,0.000339736750483559,0.0,0.0,0.0003431,0.9454177379185161,1.0,1755.242180199603,1000.0,1755.329961011982,1000.0,0.0050517981436684345,0.0
3508,1696438980000.0,0.0,0.0,26100.0,0.000339736750483559,0.0,0.0,0.0003412,0.9454177379185161,1.0,1755.242180199603,1000.0,1755.280371011982,1000.0,0.0050517981436684345,0.0
3509,1696442580000.0,0.0,0.0,1200.0,0.000339736750483559,0.0,0.0,0.0003408,0.9454177379185161,1.0,1755.259489422562,1000.0,1755.2607653219816,1000.0,0.0002322642908567263,0.0
3510,1696446180000.0,0.0,0.0,900.0,0.000339736750483559,0.0,0.0,0.0003431,0.9454177379185161,1.0,1755.259697967417,1000.0,1755.2627248919819,1000.0,0.00017419819744581122,0.0
3511,1696449780000.0,0.0,0.0,700.0,0.000339736750483559,0.0,0.0,0.0003396,0.9454177379185161,1.0,1755.2598369973205,1000.0,1755.259741271982,1000.0,0.00013548747617066017,0.0
3512,1696453380000.0,0.0,0.0,600.0,0.000339736750483559,0.0,0.0,0.0003403,0.9454177379185161,1.0,1755.259906512272,1000.0,1755.2602444619818,1000.0,0.00011613211783272179,0.0
3513,1696456980000.0,0.0,0.0,200.0,0.000339736750483559,0.0,0.0,0.0003413,0.9454177379185161,1.0,1755.260184572078,1000.0,1755.2604972219813,1000.0,3.87106998118783e-05,0.0
3514,1696460580000.0,0.0,0.0,200.0,0.000339736750483559,0.0,0.0,0.0003423,0.9454177379185161,1.0,1755.260184572078,1000.0,1755.2606972219814,1000.0,3.87106998118783e-05,0.0
3515,1696464180000.0,0.0,0.0,0.0,0.000339736750483559,0.0,0.0,0.0003399,0.9454177379185161,1.0,1755.260323601981,1000.0,1755.260323601981,1000.0,0.0,0.0
3516,1696467780000.0,0.0,0.0,258700.0,0.0003392,0.0,0.0,0.0003394,0.9454177379185161,1.0,1755.242773393981,1000.0,1755.294513393981,1000.0,0.049993676846378586,0.0
3517,1696471380000.0,0.0,0.0,258700.0,0.0003392,0.0,0.0,0.0003397,0.9454177379185161,1.0,1755.242773393981,1000.0,1755.372123393981,1000.0,0.049993676846378586,0.0
3518,1696474980000.0,0.0,0.0,258700.0,0.0003392,0.0,0.0,0.0003378,0.9454177379185161,1.0,1755.242773393981,1000.0,1754.880593393981,1000.0,0.049993676846378586,0.0
3519,1696478580000.0,0.0,0.0,258700.0,0.0003392,0.0,0.0,0.0003371,0.9454177379185161,1.0,1755.242773393981,1000.0,1754.699503393981,1000.0,0.049993676846378586,0.0
3520,1696482180000.0,0.0,0.0,258700.0,0.0003392,0.0,0.0,0.0003379,0.9454177379185161,1.0,1755.242773393981,1000.0,1754.906463393981,1000.0,0.049993676846378586,0.0
3521,1696485780000.0,0.0,0.0,194100.0,0.0003392,0.0,0.0,0.0003404,0.9454177379185161,1.0,1755.290060593981,1000.0,1755.522980593981,1000.0,0.037508740850341574,0.0
3522,1696489380000.0,0.0,0.0,194100.0,0.0003392,0.0,0.0,0.0003404,0.9454177379185161,1.0,1755.290060593981,1000.0,1755.522980593981,1000.0,0.037508740850341574,0.0
3523,1696492980000.0,0.0,0.0,194100.0,0.0003392,0.0,0.0,0.000341,0.9454177379185161,1.0,1755.290060593981,1000.0,1755.6394405939811,1000.0,0.037508740850341574,0.0
3524,1696496580000.0,0.0,0.0,194100.0,0.0003392,0.0,0.0,0.0003416,0.9454177379185161,1.0,1755.290060593981,1000.0,1755.755900593981,1000.0,0.037508740850341574,0.0
3525,1696500180000.0,0.0,0.0,194100.0,0.0003392,0.0,0.0,0.0003428,0.9454177379185161,1.0,1755.290060593981,1000.0,1755.988820593981,1000.0,0.037508740850341574,0.0
3526,1696503780000.0,0.0,0.0,194100.0,0.0003392,0.0,0.0,0.0003421,0.9454177379185161,1.0,1755.290060593981,1000.0,1755.852950593981,1000.0,0.037508740850341574,0.0
3527,1696507380000.0,0.0,0.0,194100.0,0.0003392,0.0,0.0,0.0003425,0.9454177379185161,1.0,1755.290060593981,1000.0,1755.930590593981,1000.0,0.037508740850341574,0.0
3528,1696510980000.0,0.0,0.0,145700.0,0.0003391499420625724,0.0,0.0,0.0003403,0.9454177379185161,1.0,1755.3628783764975,1000.0,1755.5304418179808,1000.0,0.028150388257167102,0.0
3529,1696514580000.0,0.0,0.0,194200.0,0.00033908438222679337,0.0,0.0,0.0003397,0.9454177379185161,1.0,1755.4035755804239,1000.0,1755.5231285519806,1000.0,0.03751284772601077,0.0
3530,1696518180000.0,0.0,0.0,46200.0,0.00033908438222679337,0.0,0.0,0.0003404,0.9454177379185161,1.0,1755.5142259708584,1000.0,1755.5750075119806,1000.0,0.008923709205611361,0.0
3531,1696521780000.0,0.0,0.0,259100.0,0.0003388507080620527,0.0,0.0,0.0003381,0.9454177379185161,1.0,1755.4997998668584,1000.0,1755.3052914079806,1000.0,0.05001209254796642,0.0
3532,1696525380000.0,0.0,0.0,259100.0,0.0003388507080620527,0.0,0.0,0.0003369,0.9454177379185161,1.0,1755.4997998668584,1000.0,1754.9943714079807,1000.0,0.05001209254796642,0.0
3533,1696528980000.0,0.0,0.0,259100.0,0.0003388507080620527,0.0,0.0,0.0003361,0.9454177379185161,1.0,1755.4997998668584,1000.0,1754.7870914079806,1000.0,0.05001209254796642,0.0
3534,1696532580000.0,0.0,0.0,259100.0,0.0003388507080620527,0.0,0.0,0.0003372,0.9454177379185161,1.0,1755.4997998668584,1000.0,1755.0721014079807,1000.0,0.05001209254796642,0.0
3535,1696536180000.0,0.0,0.0,259100.0,0.0003388507080620527,0.0,0.0,0.0003367,0.9454177379185161,1.0,1755.4997998668584,1000.0,1754.9425514079805,1000.0,0.05001209254796642,0.0
3536,1696539780000.0,0.0,0.0,259100.0,0.0003388507080620527,0.0,0.0,0.0003361,0.9454177379185161,1.0,1755.4997998668584,1000.0,1754.7870914079806,1000.0,0.05001209254796642,0.0
3537,1696543380000.0,0.0,0.0,259100.0,0.0003388507080620527,0.0,0.0,0.0003349,0.9454177379185161,1.0,1755.4997998668584,1000.0,1754.4761714079805,1000.0,0.05001209254796642,0.0
3538,1696546980000.0,0.0,0.0,259100.0,0.0003388507080620527,0.0,0.0,0.0003384,0.9454177379185161,1.0,1755.4997998668584,1000.0,1755.3830214079806,1000.0,0.05001209254796642,0.0
3539,1696550580000.0,0.0,0.0,259100.0,0.0003388507080620527,0.0,0.0,0.0003379,0.9454177379185161,1.0,1755.4997998668584,1000.0,1755.2534714079807,1000.0,0.05001209254796642,0.0
3540,1696554180000.0,0.0,0.0,259100.0,0.0003388507080620527,0.0,0.0,0.0003382,0.9454177379185161,1.0,1755.4997998668584,1000.0,1755.3312014079806,1000.0,0.05001209254796642,0.0
3541,1696557780000.0,0.0,0.0,259100.0,0.0003388507080620527,0.0,0.0,0.0003381,0.9454177379185161,1.0,1755.4997998668584,1000.0,1755.3052914079806,1000.0,0.05001209254796642,0.0
3542,1696561380000.0,0.0,0.0,259100.0,0.0003388507080620527,0.0,0.0,0.0003386,0.9454177379185161,1.0,1755.4997998668584,1000.0,1755.4348414079807,1000.0,0.05001209254796642,0.0
3543,1696564980000.0,0.0,0.0,194400.0,0.0003388507080620527,0.0,0.0,0.0003418,0.9454177379185161,1.0,1755.5438846312436,1000.0,1756.1172269839806,1000.0,0.03752260380611319,0.0
3544,1696568580000.0,0.0,0.0,61600.0,0.0003388507080620527,0.0,0.0,0.0003402,0.9454177379185161,1.0,1755.6343708246027,1000.0,1755.7174872079802,1000.0,0.01188926576256224,0.0
3545,1696572180000.0,0.0,0.0,19600.0,0.0003388507080620527,0.0,0.0,0.0003402,0.9454177379185161,1.0,1755.6629884459965,1000.0,1755.6894345679802,1000.0,0.0037828865344452308,0.0
3546,1696575780000.0,0.0,0.0,6300.0,0.0003388507080620527,0.0,0.0,0.0003404,0.9454177379185161,1.0,1755.672050692771,1000.0,1755.6818112319802,1000.0,0.0012159215383924216,0.0
3547,1696579380000.0,0.0,0.0,1600.0,0.0003388507080620527,0.0,0.0,0.0003392,0.9454177379185161,1.0,1755.6752531408792,1000.0,1755.6758120079799,1000.0,0.0003088049067897753,0.0
3548,1696582980000.0,0.0,0.0,195500.0,0.00033690523981444144,0.0,0.0,0.0003387,0.9454177379185161,1.0,1755.705696347703,1000.0,1756.0565719639796,1000.0,0.037514814994755986,0.0
3549,1696586580000.0,0.0,0.0,146700.0,0.00033690523981444144,0.0,0.0,0.000339,0.9454177379185161,1.0,1755.7411846927585,1000.0,1756.04848601198,1000.0,0.028149934119946835,0.0
3550,1696590180000.0,0.0,0.0,195600.0,0.0003368444453531646,0.0,0.0,0.0003385,0.9454177379185161,1.0,1755.8024475910588,1000.0,1756.1262740799798,1000.0,0.037525163267356706,0.0
3551,1696593780000.0,0.0,0.0,195600.0,0.0003368444453531646,0.0,0.0,0.0003384,0.9454177379185161,1.0,1755.8024475910588,1000.0,1756.1067140799798,1000.0,0.037525163267356706,0.0
3552,1696597380000.0,0.0,0.0,260700.0,0.00033680837556992327,0.0,0.0,0.0003369,0.9454177379185161,1.0,1755.7980637570588,1000.0,1755.82195024598,1000.0,0.05000913563100288,0.0
3553,1696600980000.0,0.0,0.0,34900.0,0.00033680837556992327,0.0,0.0,0.0003386,0.9454177379185161,1.0,1755.9615665373701,1000.0,1756.0240942299797,1000.0,0.006694117076018681,0.0
3554,1696604580000.0,0.0,0.0,34900.0,0.00033680837556992327,0.0,0.0,0.0003388,0.9454177379185161,1.0,1755.9615665373701,1000.0,1756.0310742299798,1000.0,0.006694117076018681,0.0
3555,1696608180000.0,0.0,0.0,34900.0,0.00033680837556992327,0.0,0.0,0.0003405,0.9454177379185161,1.0,1755.9615665373701,1000.0,1756.0904042299799,1000.0,0.006694117076018681,0.0
3556,1696611780000.0,0.0,0.0,34900.0,0.00033680837556992327,0.0,0.0,0.0003395,0.9454177379185161,1.0,1755.9615665373701,1000.0,1756.0555042299798,1000.0,0.006694117076018681,0.0
3557,1696615380000.0,0.0,0.0,146700.0,0.00033680112124046923,0.0,0.0,0.0003386,0.9454177379185161,1.0,1756.0297315479565,1000.0,1756.2936270619798,1000.0,0.02813661044475744,0.0
3558,1696618980000.0,0.0,0.0,146700.0,0.00033680112124046923,0.0,0.0,0.0003387,0.9454177379185161,1.0,1756.0297315479565,1000.0,1756.3082970619796,1000.0,0.02813661044475744,0.0
3559,1696622580000.0,0.0,0.0,146700.0,0.00033680112124046923,0.0,0.0,0.00034,0.9454177379185161,1.0,1756.0297315479565,1000.0,1756.4990070619797,1000.0,0.02813661044475744,0.0
3560,1696626180000.0,0.0,0.0,146700.0,0.00033680112124046923,0.0,0.0,0.0003396,0.9454177379185161,1.0,1756.0297315479565,1000.0,1756.4403270619798,1000.0,0.02813661044475744,0.0
3561,1696629780000.0,0.0,0.0,146700.0,0.00033680112124046923,0.0,0.0,0.0003386,0.9454177379185161,1.0,1756.0297315479565,1000.0,1756.2936270619798,1000.0,0.02813661044475744,0.0
3562,1696633380000.0,0.0,0.0,146700.0,0.00033680112124046923,0.0,0.0,0.0003383,0.9454177379185161,1.0,1756.0297315479565,1000.0,1756.2496170619797,1000.0,0.02813661044475744,0.0
3563,1696636980000.0,0.0,0.0,146700.0,0.00033680112124046923,0.0,0.0,0.0003383,0.9454177379185161,1.0,1756.0297315479565,1000.0,1756.2496170619797,1000.0,0.02813661044475744,0.0
3564,1696640580000.0,0.0,0.0,146700.0,0.00033680112124046923,0.0,0.0,0.0003388,0.9454177379185161,1.0,1756.0297315479565,1000.0,1756.3229670619796,1000.0,0.02813661044475744,0.0
3565,1696644180000.0,0.0,0.0,146700.0,0.00033680112124046923,0.0,0.0,0.0003401,0.9454177379185161,1.0,1756.0297315479565,1000.0,1756.5136770619797,1000.0,0.02813661044475744,0.0
3566,1696647780000.0,0.0,0.0,260600.0,0.0003368443380121905,0.0,0.0,0.0003391,0.9454177379185161,1.0,1756.0220569659566,1000.0,1756.6098824799797,1000.0,0.049988913372560576,0.0
3567,1696651380000.0,0.0,0.0,260600.0,0.0003368443380121905,0.0,0.0,0.0003398,0.9454177379185161,1.0,1756.0220569659566,1000.0,1756.7923024799798,1000.0,0.049988913372560576,0.0
3568,1696654980000.0,0.0,0.0,260600.0,0.0003368443380121905,0.0,0.0,0.0003399,0.9454177379185161,1.0,1756.0220569659566,1000.0,1756.8183624799797,1000.0,0.049988913372560576,0.0
3569,1696658580000.0,0.0,0.0,260600.0,0.0003368443380121905,0.0,0.0,0.0003389,0.9454177379185161,1.0,1756.0220569659566,1000.0,1756.5577624799798,1000.0,0.049988913372560576,0.0
3570,1696662180000.0,0.0,0.0,260600.0,0.0003368443380121905,0.0,0.0,0.0003395,0.9454177379185161,1.0,1756.0220569659566,1000.0,1756.7141224799798,1000.0,0.049988913372560576,0.0
3571,1696665780000.0,0.0,0.0,260600.0,0.0003368443380121905,0.0,0.0,0.0003395,0.9454177379185161,1.0,1756.0220569659566,1000.0,1756.7141224799798,1000.0,0.049988913372560576,0.0
3572,1696669380000.0,0.0,0.0,260600.0,0.0003368443380121905,0.0,0.0,0.0003412,0.9454177379185161,1.0,1756.0220569659566,1000.0,1757.1571424799797,1000.0,0.049988913372560576,0.0
3573,1696672980000.0,0.0,0.0,260600.0,0.0003368443380121905,0.0,0.0,0.0003385,0.9454177379185161,1.0,1756.0220569659566,1000.0,1756.4535224799797,1000.0,0.049988913372560576,0.0
3574,1696676580000.0,0.0,0.0,260600.0,0.0003368443380121905,0.0,0.0,0.000337,0.9454177379185161,1.0,1756.0220569659566,1000.0,1756.0626224799798,1000.0,0.049988913372560576,0.0
3575,1696680180000.0,0.0,0.0,62000.0,0.0003368443380121905,0.0,0.0,0.0003382,0.9454177379185161,1.0,1756.1587219647356,1000.0,1756.2427730079798,1000.0,0.011892062315068569,0.0
3576,1696683780000.0,0.0,0.0,62000.0,0.0003368443380121905,0.0,0.0,0.000338,0.9454177379185161,1.0,1756.1587219647356,1000.0,1756.2303730079798,1000.0,0.011892062315068569,0.0
3577,1696687380000.0,0.0,0.0,46500.0,0.0003368443380121905,0.0,0.0,0.0003394,0.9454177379185161,1.0,1756.1693881655465,1000.0,1756.2882264479797,1000.0,0.008918992565932569,0.0
3578,1696690980000.0,0.0,0.0,46500.0,0.0003368443380121905,0.0,0.0,0.0003393,0.9454177379185161,1.0,1756.1693881655465,1000.0,1756.2835764479796,1000.0,0.008918992565932569,0.0
3579,1696694580000.0,0.0,0.0,46500.0,0.0003368443380121905,0.0,0.0,0.0003398,0.9454177379185161,1.0,1756.1693881655465,1000.0,1756.3068264479796,1000.0,0.008918992565932569,0.0
3580,1696698180000.0,0.0,0.0,46500.0,0.0003368443380121905,0.0,0.0,0.0003389,0.9454177379185161,1.0,1756.1693881655465,1000.0,1756.2649764479797,1000.0,0.008918992565932569,0.0
3581,1696701780000.0,0.0,0.0,46500.0,0.0003368443380121905,0.0,0.0,0.0003397,0.9454177379185161,1.0,1756.1693881655465,1000.0,1756.3021764479797,1000.0,0.008918992565932569,0.0
3582,1696705380000.0,0.0,0.0,46500.0,0.0003368443380121905,0.0,0.0,0.0003387,0.9454177379185161,1.0,1756.1693881655465,1000.0,1756.2556764479796,1000.0,0.008918992565932569,0.0
3583,1696708980000.0,0.0,0.0,46500.0,0.0003368443380121905,0.0,0.0,0.0003387,0.9454177379185161,1.0,1756.1693881655465,1000.0,1756.2556764479796,1000.0,0.008918992565932569,0.0
3584,1696712580000.0,0.0,0.0,195500.0,0.00033689006798759343,0.0,0.0,0.0003399,0.9454177379185161,1.0,1756.203291827554,1000.0,1756.7917335359796,1000.0,0.03750249677703125,0.0
3585,1696716180000.0,0.0,0.0,195500.0,0.00033689006798759343,0.0,0.0,0.0003412,0.9454177379185161,1.0,1756.203291827554,1000.0,1757.0458835359796,1000.0,0.03750249677703125,0.0
3586,1696719780000.0,0.0,0.0,195500.0,0.00033689006798759343,0.0,0.0,0.0003413,0.9454177379185161,1.0,1756.203291827554,1000.0,1757.0654335359795,1000.0,0.03750249677703125,0.0
3587,1696723380000.0,0.0,0.0,195500.0,0.00033689006798759343,0.0,0.0,0.0003402,0.9454177379185161,1.0,1756.203291827554,1000.0,1756.8503835359795,1000.0,0.03750249677703125,0.0
3588,1696726980000.0,0.0,0.0,195500.0,0.00033689006798759343,0.0,0.0,0.0003404,0.9454177379185161,1.0,1756.203291827554,1000.0,1756.8894835359795,1000.0,0.03750249677703125,0.0
3589,1696730580000.0,0.0,0.0,195500.0,0.00033689006798759343,0.0,0.0,0.0003412,0.9454177379185161,1.0,1756.203291827554,1000.0,1757.0458835359796,1000.0,0.03750249677703125,0.0
3590,1696734180000.0,0.0,0.0,195500.0,0.00033689006798759343,0.0,0.0,0.000339,0.9454177379185161,1.0,1756.203291827554,1000.0,1756.6157835359795,1000.0,0.03750249677703125,0.0
3591,1696737780000.0,0.0,0.0,195500.0,0.00033689006798759343,0.0,0.0,0.0003388,0.9454177379185161,1.0,1756.203291827554,1000.0,1756.5766835359796,1000.0,0.03750249677703125,0.0
3592,1696741380000.0,0.0,0.0,195500.0,0.00033689006798759343,0.0,0.0,0.0003401,0.9454177379185161,1.0,1756.203291827554,1000.0,1756.8308335359795,1000.0,0.03750249677703125,0.0
3593,1696744980000.0,0.0,0.0,195500.0,0.00033689006798759343,0.0,0.0,0.0003388,0.9454177379185161,1.0,1756.203291827554,1000.0,1756.5766835359796,1000.0,0.03750249677703125,0.0
3594,1696748580000.0,0.0,0.0,46500.0,0.00033689006798759343,0.0,0.0,0.000338,0.9454177379185161,1.0,1756.3139082374028,1000.0,1756.3655200759797,1000.0,0.008919469400059882,0.0
3595,1696752180000.0,0.0,0.0,61900.0,0.00033722676973270497,0.0,0.0,0.000338,0.9454177379185161,1.0,1756.4394823344337,1000.0,1756.4873452879792,1000.0,0.011884461295934292,0.0
3596,1696755780000.0,0.0,0.0,146600.0,0.0003371226287622679,0.0,0.0,0.0003387,0.9454177379185161,1.0,1756.5167663825275,1000.0,1756.7480090059792,1000.0,0.028136467765309963,0.0
3597,1696759380000.0,0.0,0.0,146600.0,0.0003371226287622679,0.0,0.0,0.0003396,0.9454177379185161,1.0,1756.5167663825275,1000.0,1756.8799490059791,1000.0,0.028136467765309963,0.0
3598,1696762980000.0,0.0,0.0,146600.0,0.0003371226287622679,0.0,0.0,0.0003382,0.9454177379185161,1.0,1756.5167663825275,1000.0,1756.6747090059791,1000.0,0.028136467765309963,0.0
3599,1696766580000.0,0.0,0.0,260800.0,0.0003369813549714282,0.0,0.0,0.0003375,0.9454177379185161,1.0,1756.5090738705276,1000.0,1756.6443364939792,1000.0,0.05003375085497934,0.0
3600,1696770180000.0,0.0,0.0,140300.0,0.00033666796859398775,0.0,0.0,0.0003389,0.9454177379185161,1.0,1756.7177964737152,1000.0,1757.0309504799789,1000.0,0.026887936177655284,0.0
3601,1696773780000.0,0.0,0.0,140300.0,0.00033666796859398775,0.0,0.0,0.0003398,0.9454177379185161,1.0,1756.7177964737152,1000.0,1757.1572204799788,1000.0,0.026887936177655284,0.0
3602,1696777380000.0,0.0,0.0,140300.0,0.00033666796859398775,0.0,0.0,0.0003398,0.9454177379185161,1.0,1756.7177964737152,1000.0,1757.1572204799788,1000.0,0.026887936177655284,0.0
3603,1696780980000.0,0.0,0.0,146800.0,0.0003366827749855749,0.0,0.0,0.0003377,0.9454177379185161,1.0,1756.783811175861,1000.0,1756.9331398079787,1000.0,0.02813381535819193,0.0
3604,1696784580000.0,0.0,0.0,146800.0,0.0003366827749855749,0.0,0.0,0.0003389,0.9454177379185161,1.0,1756.783811175861,1000.0,1757.1092998079787,1000.0,0.02813381535819193,0.0
3605,1696788180000.0,0.0,0.0,146800.0,0.0003366827749855749,0.0,0.0,0.0003398,0.9454177379185161,1.0,1756.783811175861,1000.0,1757.2414198079787,1000.0,0.02813381535819193,0.0
3606,1696791780000.0,0.0,0.0,146800.0,0.0003366827749855749,0.0,0.0,0.0003385,0.9454177379185161,1.0,1756.783811175861,1000.0,1757.0505798079787,1000.0,0.02813381535819193,0.0
3607,1696795380000.0,0.0,0.0,146800.0,0.0003366827749855749,0.0,0.0,0.0003386,0.9454177379185161,1.0,1756.783811175861,1000.0,1757.0652598079787,1000.0,0.02813381535819193,0.0
3608,1696798980000.0,0.0,0.0,146800.0,0.0003366827749855749,0.0,0.0,0.0003388,0.9454177379185161,1.0,1756.783811175861,1000.0,1757.0946198079787,1000.0,0.02813381535819193,0.0
3609,1696802580000.0,0.0,0.0,146800.0,0.0003366827749855749,0.0,0.0,0.0003389,0.9454177379185161,1.0,1756.783811175861,1000.0,1757.1092998079787,1000.0,0.02813381535819193,0.0
3610,1696806180000.0,0.0,0.0,146800.0,0.0003366827749855749,0.0,0.0,0.0003394,0.9454177379185161,1.0,1756.783811175861,1000.0,1757.1826998079787,1000.0,0.02813381535819193,0.0
3611,1696809780000.0,0.0,0.0,146800.0,0.0003366827749855749,0.0,0.0,0.0003391,0.9454177379185161,1.0,1756.783811175861,1000.0,1757.1386598079787,1000.0,0.02813381535819193,0.0
3612,1696813380000.0,0.0,0.0,110100.0,0.00033677768073602757,0.0,0.0,0.0003376,0.9454177379185161,1.0,1756.8747523750153,1000.0,1756.9652897259787,1000.0,0.021105216862449316,0.0
3613,1696816980000.0,0.0,0.0,19700.0,0.00033677768073602757,0.0,0.0,0.0003383,0.9454177379185161,1.0,1756.9339480364783,1000.0,1756.9639377259787,1000.0,0.0037761922227721643,0.0
3614,1696820580000.0,0.0,0.0,19700.0,0.00033677768073602757,0.0,0.0,0.000338,0.9454177379185161,1.0,1756.9339480364783,1000.0,1756.9580277259786,1000.0,0.0037761922227721643,0.0
3615,1696824180000.0,0.0,0.0,19700.0,0.00033677768073602757,0.0,0.0,0.0003372,0.9454177379185161,1.0,1756.9339480364783,1000.0,1756.9422677259786,1000.0,0.0037761922227721643,0.0
3616,1696827780000.0,0.0,0.0,14800.0,0.00033677768073602757,0.0,0.0,0.0003383,0.9454177379185161,1.0,1756.9371566508717,1000.0,1756.9596869759785,1000.0,0.002836931108221568,0.0
3617,1696831380000.0,0.0,0.0,14800.0,0.00033677768073602757,0.0,0.0,0.000338,0.9454177379185161,1.0,1756.9371566508717,1000.0,1756.9552469759785,1000.0,0.002836931108221568,0.0
3618,1696834980000.0,0.0,0.0,2700.0,0.00033677768073602757,0.0,0.0,0.0003379,0.9454177379185161,1.0,1756.945079963966,1000.0,1756.9481102259788,1000.0,0.0005175459087235235,0.0
3619,1696838580000.0,0.0,0.0,2700.0,0.00033677768073602757,0.0,0.0,0.0003388,0.9454177379185161,1.0,1756.945079963966,1000.0,1756.9505402259788,1000.0,0.0005175459087235235,0.0
3620,1696842180000.0,0.0,0.0,2700.0,0.00033677768073602757,0.0,0.0,0.0003384,0.9454177379185161,1.0,1756.945079963966,1000.0,1756.9494602259788,1000.0,0.0005175459087235235,0.0
3621,1696845780000.0,0.0,0.0,900.0,0.00033677768073602757,0.0,0.0,0.0003378,0.9454177379185161,1.0,1756.946258638641,1000.0,1756.9471787259786,1000.0,0.00017251518717327182,0.0
3622,1696849380000.0,0.0,0.0,2329000.0,0.00031448000425618824,0.0,0.0,0.0003111,0.9454177379185161,1.0,1756.7998344726411,1000.0,1748.9278045599788,1000.0,0.4169080139585296,0.0
3623,1696852980000.0,0.0,0.0,2329000.0,0.00031448000425618824,0.0,0.0,0.0003073,0.9454177379185161,1.0,1756.7998344726411,1000.0,1740.0776045599787,1000.0,0.4169080139585296,0.0
3624,1696856580000.0,0.0,0.0,737000.0,0.00031448000425618824,0.0,0.0,0.0003126,0.9454177379185161,1.0,1757.8457080167893,1000.0,1756.4601448799785,1000.0,0.13184988994187485,0.0
3625,1696860180000.0,0.0,0.0,278100.0,0.0003151393284166414,0.0,0.0,0.0003138,0.9454177379185161,1.0,1758.2467882966466,1000.0,1757.8743210639786,1000.0,0.049845248014115266,0.0
3626,1696863780000.0,0.0,0.0,278100.0,0.0003151393284166414,0.0,0.0,0.0003115,0.9454177379185161,1.0,1758.2467882966466,1000.0,1757.2346910639787,1000.0,0.049845248014115266,0.0
3627,1696867380000.0,0.0,0.0,278100.0,0.0003151393284166414,0.0,0.0,0.000313,0.9454177379185161,1.0,1758.2467882966466,1000.0,1757.6518410639787,1000.0,0.049845248014115266,0.0
3628,1696870980000.0,0.0,0.0,278100.0,0.0003151393284166414,0.0,0.0,0.0003097,0.9454177379185161,1.0,1758.2467882966466,1000.0,1756.7341110639786,1000.0,0.049845248014115266,0.0
3629,1696874580000.0,0.0,0.0,278100.0,0.0003151393284166414,0.0,0.0,0.0003096,0.9454177379185161,1.0,1758.2467882966466,1000.0,1756.7063010639786,1000.0,0.049845248014115266,0.0
3630,1696878180000.0,0.0,0.0,278100.0,0.0003151393284166414,0.0,0.0,0.0003097,0.9454177379185161,1.0,1758.2467882966466,1000.0,1756.7341110639786,1000.0,0.049845248014115266,0.0
3631,1696881780000.0,0.0,0.0,278100.0,0.0003151393284166414,0.0,0.0,0.0003097,0.9454177379185161,1.0,1758.2467882966466,1000.0,1756.7341110639786,1000.0,0.049845248014115266,0.0
3632,1696885380000.0,0.0,0.0,278100.0,0.0003151393284166414,0.0,0.0,0.00031,0.9454177379185161,1.0,1758.2467882966466,1000.0,1756.8175410639788,1000.0,0.049845248014115266,0.0
3633,1696888980000.0,0.0,0.0,278100.0,0.0003151393284166414,0.0,0.0,0.0003101,0.9454177379185161,1.0,1758.2467882966466,1000.0,1756.8453510639786,1000.0,0.049845248014115266,0.0
3634,1696892580000.0,0.0,0.0,278100.0,0.0003151393284166414,0.0,0.0,0.0003103,0.9454177379185161,1.0,1758.2467882966466,1000.0,1756.9009710639787,1000.0,0.049845248014115266,0.0
3635,1696896180000.0,0.0,0.0,278100.0,0.0003151393284166414,0.0,0.0,0.0003089,0.9454177379185161,1.0,1758.2467882966466,1000.0,1756.5116310639787,1000.0,0.049845248014115266,0.0
3636,1696899780000.0,0.0,0.0,565100.0,0.0003106500570388745,0.0,0.0,0.0003062,0.9454177379185161,1.0,1758.2292066766465,1000.0,1755.7144794439785,1000.0,0.09984383524403187,0.0
3637,1696903380000.0,0.0,0.0,565100.0,0.0003106500570388745,0.0,0.0,0.000308,0.9454177379185161,1.0,1758.2292066766465,1000.0,1756.7316594439785,1000.0,0.09984383524403187,0.0
3638,1696906980000.0,0.0,0.0,565100.0,0.0003106500570388745,0.0,0.0,0.0003089,0.9454177379185161,1.0,1758.2292066766465,1000.0,1757.2402494439787,1000.0,0.09984383524403187,0.0
3639,1696910580000.0,0.0,0.0,565100.0,0.0003106500570388745,0.0,0.0,0.0003106,0.9454177379185161,1.0,1758.2292066766465,1000.0,1758.2009194439786,1000.0,0.09984383524403187,0.0
3640,1696914180000.0,0.0,0.0,565100.0,0.0003106500570388745,0.0,0.0,0.0003071,0.9454177379185161,1.0,1758.2292066766465,1000.0,1756.2230694439786,1000.0,0.09984383524403187,0.0
3641,1696917780000.0,0.0,0.0,565100.0,0.0003106500570388745,0.0,0.0,0.0003073,0.9454177379185161,1.0,1758.2292066766465,1000.0,1756.3360894439786,1000.0,0.09984383524403187,0.0
3642,1696921380000.0,0.0,0.0,565100.0,0.0003106500570388745,0.0,0.0,0.0003076,0.9454177379185161,1.0,1758.2292066766465,1000.0,1756.5056194439785,1000.0,0.09984383524403187,0.0
3643,1696924980000.0,0.0,0.0,565100.0,0.0003106500570388745,0.0,0.0,0.0003077,0.9454177379185161,1.0,1758.2292066766465,1000.0,1756.5621294439786,1000.0,0.09984383524403187,0.0
3644,1696928580000.0,0.0,0.0,565100.0,0.0003106500570388745,0.0,0.0,0.0003074,0.9454177379185161,1.0,1758.2292066766465,1000.0,1756.3925994439785,1000.0,0.09984383524403187,0.0
3645,1696932180000.0,0.0,0.0,565100.0,0.0003106500570388745,0.0,0.0,0.0003053,0.9454177379185161,1.0,1758.2292066766465,1000.0,1755.2058894439785,1000.0,0.09984383524403187,0.0
3646,1696935780000.0,0.0,0.0,565100.0,0.0003106500570388745,0.0,0.0,0.0003038,0.9454177379185161,1.0,1758.2292066766465,1000.0,1754.3582394439786,1000.0,0.09984383524403187,0.0
3647,1696939380000.0,0.0,0.0,1222200.0,0.00030367790642502697,0.0,0.0,0.0002987,0.9454177379185161,1.0,1758.1900853186464,1000.0,1752.1060880859784,1000.0,0.21110068833393603,0.0
3648,1696942980000.0,0.0,0.0,1222200.0,0.00030367790642502697,0.0,0.0,0.0002973,0.9454177379185161,1.0,1758.1900853186464,1000.0,1750.3950080859786,1000.0,0.21110068833393603,0.0
3649,1696946580000.0,0.0,0.0,1222200.0,0.00030367790642502697,0.0,0.0,0.0002986,0.9454177379185161,1.0,1758.1900853186464,1000.0,1751.9838680859784,1000.0,0.21110068833393603,0.0
3650,1696950180000.0,0.0,0.0,916700.0,0.00030367790642502697,0.0,0.0,0.0003012,0.9454177379185161,1.0,1758.3920860658006,1000.0,1756.1205892459784,1000.0,0.15831596321766253,0.0
3651,1696953780000.0,0.0,0.0,916700.0,0.00030367790642502697,0.0,0.0,0.0003,0.9454177379185161,1.0,1758.3920860658006,1000.0,1755.0205492459784,1000.0,0.15831596321766253,0.0
3652,1696957380000.0,0.0,0.0,916700.0,0.00030367790642502697,0.0,0.0,0.0002998,0.9454177379185161,1.0,1758.3920860658006,1000.0,1754.8372092459783,1000.0,0.15831596321766253,0.0
3653,1696960980000.0,0.0,0.0,916700.0,0.00030367790642502697,0.0,0.0,0.0002997,0.9454177379185161,1.0,1758.3920860658006,1000.0,1754.7455392459785,1000.0,0.15831596321766253,0.0
3654,1696964580000.0,0.0,0.0,916700.0,0.00030367790642502697,0.0,0.0,0.0003011,0.9454177379185161,1.0,1758.3920860658006,1000.0,1756.0289192459784,1000.0,0.15831596321766253,0.0
3655,1696968180000.0,0.0,0.0,916700.0,0.00030367790642502697,0.0,0.0,0.0002997,0.9454177379185161,1.0,1758.3920860658006,1000.0,1754.7455392459785,1000.0,0.15831596321766253,0.0
3656,1696971780000.0,0.0,0.0,916700.0,0.00030367790642502697,0.0,0.0,0.0002992,0.9454177379185161,1.0,1758.3920860658006,1000.0,1754.2871892459784,1000.0,0.15831596321766253,0.0
3657,1696975380000.0,0.0,0.0,916700.0,0.00030367790642502697,0.0,0.0,0.0003008,0.9454177379185161,1.0,1758.3920860658006,1000.0,1755.7539092459783,1000.0,0.15831596321766253,0.0
3658,1696978980000.0,0.0,0.0,916700.0,0.00030367790642502697,0.0,0.0,0.0003012,0.9454177379185161,1.0,1758.3920860658006,1000.0,1756.1205892459784,1000.0,0.15831596321766253,0.0
3659,1696982580000.0,0.0,0.0,916700.0,0.00030367790642502697,0.0,0.0,0.0002999,0.9454177379185161,1.0,1758.3920860658006,1000.0,1754.9288792459784,1000.0,0.15831596321766253,0.0
3660,1696986180000.0,0.0,0.0,916700.0,0.00030367790642502697,0.0,0.0,0.0002999,0.9454177379185161,1.0,1758.3920860658006,1000.0,1754.9288792459784,1000.0,0.15831596321766253,0.0
3661,1696989780000.0,0.0,0.0,916700.0,0.00030367790642502697,0.0,0.0,0.0003002,0.9454177379185161,1.0,1758.3920860658006,1000.0,1755.2038892459784,1000.0,0.15831596321766253,0.0
3662,1696993380000.0,0.0,0.0,916700.0,0.00030367790642502697,0.0,0.0,0.0002989,0.9454177379185161,1.0,1758.3920860658006,1000.0,1754.0121792459784,1000.0,0.15831596321766253,0.0
3663,1696996980000.0,0.0,0.0,916700.0,0.00030367790642502697,0.0,0.0,0.0002994,0.9454177379185161,1.0,1758.3920860658006,1000.0,1754.4705292459785,1000.0,0.15831596321766253,0.0
3664,1697000580000.0,0.0,0.0,916700.0,0.00030367790642502697,0.0,0.0,0.000299,0.9454177379185161,1.0,1758.3920860658006,1000.0,1754.1038492459784,1000.0,0.15831596321766253,0.0
3665,1697004180000.0,0.0,0.0,1306300.0,0.0003001651816732927,0.0,0.0,0.0002954,0.9454177379185161,1.0,1758.3693412178006,1000.0,1752.1445843979784,1000.0,0.22299397949480856,0.0
3666,1697007780000.0,0.0,0.0,1306300.0,0.0003001651816732927,0.0,0.0,0.0002944,0.9454177379185161,1.0,1758.3693412178006,1000.0,1750.8382843979784,1000.0,0.22299397949480856,0.0
3667,1697011380000.0,0.0,0.0,1306300.0,0.0003001651816732927,0.0,0.0,0.0002867,0.9454177379185161,1.0,1758.3693412178006,1000.0,1740.7797743979784,1000.0,0.22299397949480856,0.0
3668,1697014980000.0,0.0,0.0,1861400.0,0.0002961198220800592,0.0,0.0,0.000286,0.9454177379185161,1.0,1758.3375228858006,1000.0,1739.5004860659783,1000.0,0.31347646833765547,0.0
3669,1697018580000.0,0.0,0.0,2652400.0,0.0002913423830567871,0.0,0.0,0.0002804,0.9454177379185161,1.0,1758.2932110658005,1000.0,1729.2696342459783,1000.0,0.4394924191008,0.0
3670,1697022180000.0,0.0,0.0,2652400.0,0.0002913423830567871,0.0,0.0,0.0002821,0.9454177379185161,1.0,1758.2932110658005,1000.0,1733.7787142459783,1000.0,0.4394924191008,0.0
3671,1697025780000.0,0.0,0.0,2652400.0,0.0002913423830567871,0.0,0.0,0.0002841,0.9454177379185161,1.0,1758.2932110658005,1000.0,1739.0835142459784,1000.0,0.4394924191008,0.0
3672,1697029380000.0,0.0,0.0,2652400.0,0.0002913423830567871,0.0,0.0,0.0002811,0.9454177379185161,1.0,1758.2932110658005,1000.0,1731.1263142459784,1000.0,0.4394924191008,0.0
3673,1697032980000.0,0.0,0.0,2652400.0,0.0002913423830567871,0.0,0.0,0.0002821,0.9454177379185161,1.0,1758.2932110658005,1000.0,1733.7787142459783,1000.0,0.4394924191008,0.0
3674,1697036580000.0,0.0,0.0,2652400.0,0.0002913423830567871,0.0,0.0,0.0002836,0.9454177379185161,1.0,1758.2932110658005,1000.0,1737.7573142459783,1000.0,0.4394924191008,0.0
3675,1697040180000.0,0.0,0.0,2652400.0,0.0002913423830567871,0.0,0.0,0.0002754,0.9454177379185161,1.0,1758.2932110658005,1000.0,1716.0076342459784,1000.0,0.4394924191008,0.0
3676,1697043780000.0,0.0,0.0,5385800.0,0.00027845398581822985,0.0,0.0,0.0002645,0.9454177379185161,1.0,1758.1478228778005,1000.0,1682.9944460579782,1000.0,0.8529985120165053,0.0
3677,1697047380000.0,0.0,0.0,5385800.0,0.00027845398581822985,0.0,0.0,0.0002634,0.9454177379185161,1.0,1758.1478228778005,1000.0,1677.0700660579782,1000.0,0.8529985120165053,0.0
3678,1697050980000.0,0.0,0.0,5385800.0,0.00027845398581822985,0.0,0.0,0.0002669,0.9454177379185161,1.0,1758.1478228778005,1000.0,1695.920366057978,1000.0,0.8529985120165053,0.0
3679,1697054580000.0,0.0,0.0,5385800.0,0.00027845398581822985,0.0,0.0,0.0002651,0.9454177379185161,1.0,1758.1478228778005,1000.0,1686.225926057978,1000.0,0.8529985120165053,0.0
3680,1697058180000.0,0.0,0.0,5385800.0,0.00027845398581822985,0.0,0.0,0.0002678,0.9454177379185161,1.0,1758.1478228778005,1000.0,1700.7675860579782,1000.0,0.8529985120165053,0.0
3681,1697061780000.0,0.0,0.0,5385800.0,0.00027845398581822985,0.0,0.0,0.0002671,0.9454177379185161,1.0,1758.1478228778005,1000.0,1696.9975260579781,1000.0,0.8529985120165053,0.0
3682,1697065380000.0,0.0,0.0,5385800.0,0.00027845398581822985,0.0,0.0,0.0002681,0.9454177379185161,1.0,1758.1478228778005,1000.0,1702.3833260579784,1000.0,0.8529985120165053,0.0
3683,1697068980000.0,0.0,0.0,5385800.0,0.00027845398581822985,0.0,0.0,0.0002685,0.9454177379185161,1.0,1758.1478228778005,1000.0,1704.5376460579782,1000.0,0.8529985120165053,0.0
3684,1697072580000.0,0.0,0.0,5385800.0,0.00027845398581822985,0.0,0.0,0.0002676,0.9454177379185161,1.0,1758.1478228778005,1000.0,1699.6904260579781,1000.0,0.8529985120165053,0.0
3685,1697076180000.0,0.0,0.0,5385800.0,0.00027845398581822985,0.0,0.0,0.0002663,0.9454177379185161,1.0,1758.1478228778005,1000.0,1692.6888860579784,1000.0,0.8529985120165053,0.0
3686,1697079780000.0,0.0,0.0,5385800.0,0.00027845398581822985,0.0,0.0,0.0002691,0.9454177379185161,1.0,1758.1478228778005,1000.0,1707.7691260579782,1000.0,0.8529985120165053,0.0
3687,1697083380000.0,0.0,0.0,5385800.0,0.00027845398581822985,0.0,0.0,0.0002698,0.9454177379185161,1.0,1758.1478228778005,1000.0,1711.5391860579782,1000.0,0.8529985120165053,0.0
3688,1697086980000.0,0.0,0.0,5385800.0,0.00027845398581822985,0.0,0.0,0.0002688,0.9454177379185161,1.0,1758.1478228778005,1000.0,1706.153386057978,1000.0,0.8529985120165053,0.0
3689,1697090580000.0,0.0,0.0,5385800.0,0.00027845398581822985,0.0,0.0,0.0002667,0.9454177379185161,1.0,1758.1478228778005,1000.0,1694.843206057978,1000.0,0.8529985120165053,0.0
3690,1697094180000.0,0.0,0.0,5385800.0,0.00027845398581822985,0.0,0.0,0.0002664,0.9454177379185161,1.0,1758.1478228778005,1000.0,1693.2274660579783,1000.0,0.8529985120165053,0.0
3691,1697097780000.0,0.0,0.0,5385800.0,0.00027845398581822985,0.0,0.0,0.0002666,0.9454177379185161,1.0,1758.1478228778005,1000.0,1694.304626057978,1000.0,0.8529985120165053,0.0
3692,1697101380000.0,0.0,0.0,5385800.0,0.00027845398581822985,0.0,0.0,0.0002665,0.9454177379185161,1.0,1758.1478228778005,1000.0,1693.7660460579784,1000.0,0.8529985120165053,0.0
3693,1697104980000.0,0.0,0.0,3029600.0,0.00027845398581822985,0.0,0.0,0.0002762,0.9454177379185161,1.0,1759.5384384088875,1000.0,1752.7097629739783,1000.0,0.4794463008138442,0.0
3694,1697108580000.0,0.0,0.0,149700.0,0.00027845398581822985,0.0,0.0,0.0002853,0.9454177379185161,1.0,1769.8388781409674,1000.0,1770.8637264639783,1000.0,0.023552743807263587,0.0
3695,1697112180000.0,0.0,0.0,18800.0,0.00027845398581822985,0.0,0.0,0.0002858,0.9454177379185161,1.0,1771.107086321361,1000.0,1771.2451913879784,1000.0,0.002955741622747288,0.0
3696,1697115780000.0,0.0,0.0,3800.0,0.00027845398581822985,0.0,0.0,0.0002821,0.9454177379185161,1.0,1771.1849254340877,1000.0,1771.1987802879785,1000.0,0.0005974108806566003,0.0
3697,1697119380000.0,0.0,0.0,2200.0,0.00027845398581822985,0.0,0.0,0.0002794,0.9454177379185161,1.0,1771.1858697447785,1000.0,1771.1879509759783,1000.0,0.00034586927282136625,0.0
3698,1697122980000.0,0.0,0.0,300.0,0.00027845398581822985,0.0,0.0,0.000284,0.9454177379185161,1.0,1771.195729365724,1000.0,1771.1973931699786,1000.0,4.716372920308688e-05,0.0
3699,1697126580000.0,0.0,0.0,0.0,0.00027845398581822985,0.0,0.0,0.0002861,0.9454177379185161,1.0,1771.1972861479785,1000.0,1771.1972861479785,1000.0,0.0,0.0
3700,1697130180000.0,0.0,0.0,0.0,0.00027845398581822985,0.0,0.0,0.0002824,0.9454177379185161,1.0,1771.1972861479785,1000.0,1771.1972861479785,1000.0,0.0,0.0
3701,1697133780000.0,0.0,0.0,321200.0,0.0002758479140722291,0.0,0.0,0.0002758,0.9454177379185161,1.0,1772.3689327939785,1000.0,1772.3535427939785,1000.0,0.049990918008434304,0.0
3702,1697137380000.0,0.0,0.0,160800.0,0.00027580192213164047,0.0,0.0,0.0002779,0.9454177379185161,1.0,1772.9133507287463,1000.0,1773.2507216499785,1000.0,0.025014730167460465,0.0
3703,1697140980000.0,0.0,0.0,160800.0,0.00027580192213164047,0.0,0.0,0.0002791,0.9454177379185161,1.0,1772.9133507287463,1000.0,1773.4436816499785,1000.0,0.025014730167460465,0.0
3704,1697144580000.0,0.0,0.0,321400.0,0.0002758112643597483,0.0,0.0,0.000275,0.9454177379185161,1.0,1773.086697125202,1000.0,1772.825956759979,1000.0,0.04999515280834776,0.0
3705,1697148180000.0,0.0,0.0,321500.0,0.0002758063381731834,0.0,0.0,0.0002738,0.9454177379185161,1.0,1773.1538921466572,1000.0,1772.5088544239788,1000.0,0.0500079198514059,0.0
3706,1697151780000.0,0.0,0.0,321500.0,0.0002758063381731834,0.0,0.0,0.0002755,0.9454177379185161,1.0,1773.1538921466572,1000.0,1773.0554044239786,1000.0,0.0500079198514059,0.0
3707,1697155380000.0,0.0,0.0,241200.0,0.0002758063381731834,0.0,0.0,0.0002783,0.9454177379185161,1.0,1773.1971242073505,1000.0,1773.7985954399787,1000.0,0.037516691099479096,0.0
3708,1697158980000.0,0.0,0.0,241200.0,0.0002758063381731834,0.0,0.0,0.0002794,0.9454177379185161,1.0,1773.1971242073505,1000.0,1774.0639154399787,1000.0,0.037516691099479096,0.0
3709,1697162580000.0,0.0,0.0,241200.0,0.0002758063381731834,0.0,0.0,0.0002776,0.9454177379185161,1.0,1773.1971242073505,1000.0,1773.6297554399787,1000.0,0.037516691099479096,0.0
3710,1697166180000.0,0.0,0.0,241200.0,0.0002758063381731834,0.0,0.0,0.0002775,0.9454177379185161,1.0,1773.1971242073505,1000.0,1773.6056354399786,1000.0,0.037516691099479096,0.0
3711,1697169780000.0,0.0,0.0,180900.0,0.0002758063381731834,0.0,0.0,0.0002767,0.9454177379185161,1.0,1773.2295886315076,1000.0,1773.3912520559786,1000.0,0.02813700318075233,0.0
3712,1697173380000.0,0.0,0.0,76500.0,0.00027571602914370184,0.0,0.0,0.0002762,0.9454177379185161,1.0,1773.351467637472,1000.0,1773.3884914079788,1000.0,0.011894019101353407,0.0
3713,1697176980000.0,0.0,0.0,3200.0,0.00027571602914370184,0.0,0.0,0.0002842,0.9454177379185161,1.0,1773.7686164492386,1000.0,1773.7957651559789,1000.0,0.0004974105895649638,0.0
3714,1697180580000.0,0.0,0.0,1100.0,0.00027571602914370184,0.0,0.0,0.000284,0.9454177379185161,1.0,1773.7843338200369,1000.0,1773.7934461879788,1000.0,0.00017098337507858648,0.0
3715,1697184180000.0,0.0,0.0,600.0,0.00027571602914370184,0.0,0.0,0.0002836,0.9454177379185161,1.0,1773.789147265465,1000.0,1773.793877647979,1000.0,9.326340604871393e-05,0.0
3716,1697187780000.0,0.0,0.0,100.0,0.00027571602914370184,0.0,0.0,0.0002841,0.9454177379185161,1.0,1773.7939607108935,1000.0,1773.794799107979,1000.0,1.5543858827504495e-05,0.0
3717,1697191380000.0,0.0,0.0,0.0,0.00027571602914370184,0.0,0.0,0.0002813,0.9454177379185161,1.0,1773.7949233999793,1000.0,1773.7949233999793,1000.0,0.0,0.0
3718,1697194980000.0,0.0,0.0,0.0,0.00027571602914370184,0.0,0.0,0.0002796,0.9454177379185161,1.0,1773.7949233999793,1000.0,1773.7949233999793,1000.0,0.0,0.0
3719,1697198580000.0,0.0,0.0,212900.0,0.0002778,0.0,0.0,0.0002799,0.9454177379185161,1.0,1774.3244408519795,1000.0,1774.7715308519794,1000.0,0.03333303573928167,0.0
3720,1697202180000.0,0.0,0.0,212900.0,0.0002778,0.0,0.0,0.000282,0.9454177379185161,1.0,1774.3244408519795,1000.0,1775.2186208519795,1000.0,0.03333303573928167,0.0
3721,1697205780000.0,0.0,0.0,239400.0,0.00027789989029196316,0.0,0.0,0.0002795,0.9454177379185161,1.0,1774.4035399678755,1000.0,1774.7866062319795,1000.0,0.037493857647004275,0.0
3722,1697209380000.0,0.0,0.0,239400.0,0.00027789989029196316,0.0,0.0,0.000279,0.9454177379185161,1.0,1774.4035399678755,1000.0,1774.6669062319795,1000.0,0.037493857647004275,0.0
3723,1697212980000.0,0.0,0.0,239400.0,0.00027789989029196316,0.0,0.0,0.0002809,0.9454177379185161,1.0,1774.4035399678755,1000.0,1775.1217662319796,1000.0,0.037493857647004275,0.0
3724,1697216580000.0,0.0,0.0,159600.0,0.00027789989029196316,0.0,0.0,0.0002834,0.9454177379185161,1.0,1774.8139904465768,1000.0,1775.6918079559794,1000.0,0.02499012444647076,0.0
3725,1697220180000.0,0.0,0.0,159600.0,0.00027789989029196316,0.0,0.0,0.0002812,0.9454177379185161,1.0,1774.8139904465768,1000.0,1775.3406879559795,1000.0,0.02499012444647076,0.0
3726,1697223780000.0,0.0,0.0,159600.0,0.00027789989029196316,0.0,0.0,0.0002815,0.9454177379185161,1.0,1774.8139904465768,1000.0,1775.3885679559794,1000.0,0.02499012444647076,0.0
3727,1697227380000.0,0.0,0.0,106400.0,0.00027789989029196316,0.0,0.0,0.0002825,0.9454177379185161,1.0,1775.0876240990444,1000.0,1775.5770757719795,1000.0,0.016657514775966376,0.0
3728,1697230980000.0,0.0,0.0,71000.0,0.00027789989029196316,0.0,0.0,0.0002835,0.9454177379185161,1.0,1775.269703634709,1000.0,1775.6673114239795,1000.0,0.011114306840437885,0.0
3729,1697234580000.0,0.0,0.0,6300.0,0.00027789989029196316,0.0,0.0,0.0002836,0.9454177379185161,1.0,1775.6024874188188,1000.0,1775.6383981099793,1000.0,0.0009860142240420316,0.0
3730,1697238180000.0,0.0,0.0,800.0,0.00027789989029196316,0.0,0.0,0.0002851,0.9454177379185161,1.0,1775.655521662213,1000.0,1775.6612817499795,1000.0,0.0001252044157897553,0.0
3731,1697241780000.0,0.0,0.0,800.0,0.00027789989029196316,0.0,0.0,0.0002835,0.9454177379185161,1.0,1775.655521662213,1000.0,1775.6600017499795,1000.0,0.0001252044157897553,0.0
3732,1697245380000.0,0.0,0.0,200.0,0.00027789989029196316,0.0,0.0,0.0002848,0.9454177379185161,1.0,1775.658607756038,1000.0,1775.6599877779797,1000.0,3.1301049546134886e-05,0.0
3733,1697248980000.0,0.0,0.0,200.0,0.00027789989029196316,0.0,0.0,0.000284,0.9454177379185161,1.0,1775.658607756038,1000.0,1775.6598277779797,1000.0,3.1301049546134886e-05,0.0
3734,1697252580000.0,0.0,0.0,0.0,0.00027789989029196316,0.0,0.0,0.0002828,0.9454177379185161,1.0,1775.6596364539798,1000.0,1775.6596364539798,1000.0,0.0,0.0
3735,1697256180000.0,0.0,0.0,0.0,0.00027789989029196316,0.0,0.0,0.0002816,0.9454177379185161,1.0,1775.6596364539798,1000.0,1775.6596364539798,1000.0,0.0,0.0
3736,1697259780000.0,0.0,0.0,0.0,0.00027789989029196316,0.0,0.0,0.0002815,0.9454177379185161,1.0,1775.6596364539798,1000.0,1775.6596364539798,1000.0,0.0,0.0
3737,1697263380000.0,0.0,0.0,237600.0,0.0002803,0.0,0.0,0.0002815,0.9454177379185161,1.0,1775.6848984139797,1000.0,1775.9700184139797,1000.0,0.037506249030718045,0.0
3738,1697266980000.0,0.0,0.0,178300.0,0.0002802357841590407,0.0,0.0,0.0002804,0.9454177379185161,1.0,1775.9242769895366,1000.0,1775.9535566739796,1000.0,0.02813523130629029,0.0
3739,1697270580000.0,0.0,0.0,291800.0,0.0002802113371081341,0.0,0.0,0.0002801,0.9454177379185161,1.0,1775.9753856421332,1000.0,1775.9428974739797,1000.0,0.0460398656587179,0.0
3740,1697274180000.0,0.0,0.0,317200.0,0.0002800615622597465,0.0,0.0,0.0002803,0.9454177379185161,1.0,1776.1112663727713,1000.0,1776.1868988239796,1000.0,0.050016870694263554,0.0
3741,1697277780000.0,0.0,0.0,238000.0,0.0002799511724144485,0.0,0.0,0.0002809,0.9454177379185161,1.0,1776.2723155406184,1000.0,1776.4981365059796,1000.0,0.037510227712106194,0.0
3742,1697281380000.0,0.0,0.0,133900.0,0.0002799511724144485,0.0,0.0,0.0002805,0.9454177379185161,1.0,1776.3340164002743,1000.0,1776.4075044139797,1000.0,0.021102710211145213,0.0
3743,1697284980000.0,0.0,0.0,100500.0,0.0002799511724144485,0.0,0.0,0.000283,0.9454177379185161,1.0,1776.3538128336318,1000.0,1776.6602200059797,1000.0,0.015838676182855206,0.0
3744,1697288580000.0,0.0,0.0,100500.0,0.0002799511724144485,0.0,0.0,0.000282,0.9454177379185161,1.0,1776.3538128336318,1000.0,1776.5597200059797,1000.0,0.015838676182855206,0.0
3745,1697292180000.0,0.0,0.0,56600.0,0.0002799511724144485,0.0,0.0,0.0002821,0.9454177379185161,1.0,1776.3798326966373,1000.0,1776.5014563379796,1000.0,0.00891995960942874,0.0
3746,1697295780000.0,0.0,0.0,56600.0,0.0002799511724144485,0.0,0.0,0.0002818,0.9454177379185161,1.0,1776.3798326966373,1000.0,1776.4844763379795,1000.0,0.00891995960942874,0.0
3747,1697299380000.0,0.0,0.0,37800.0,0.0002799511724144485,0.0,0.0,0.0002854,0.9454177379185161,1.0,1776.4774383032457,1000.0,1776.6834039859796,1000.0,0.005956818864737968,0.0
3748,1697302980000.0,0.0,0.0,3400.0,0.0002799511724144485,0.0,0.0,0.0002832,0.9454177379185161,1.0,1776.6560357961885,1000.0,1776.6670818099794,1000.0,0.0005357446613365267,0.0
3749,1697306580000.0,0.0,0.0,2300.0,0.0002799511724144485,0.0,0.0,0.0002895,0.9454177379185161,1.0,1776.6617467625326,1000.0,1776.6837090659794,1000.0,0.0003624143412366119,0.0
3750,1697310180000.0,0.0,0.0,0.0,0.0002799511724144485,0.0,0.0,0.0002943,0.9454177379185161,1.0,1776.6896646779794,1000.0,1776.6896646779794,1000.0,0.0,0.0
3751,1697313780000.0,0.0,0.0,0.0,0.0002799511724144485,0.0,0.0,0.0002942,0.9454177379185161,1.0,1776.6896646779794,1000.0,1776.6896646779794,1000.0,0.0,0.0
3752,1697317380000.0,0.0,0.0,0.0,0.0002799511724144485,0.0,0.0,0.0003034,0.9454177379185161,1.0,1776.6896646779794,1000.0,1776.6896646779794,1000.0,0.0,0.0
3753,1697320980000.0,0.0,0.0,0.0,0.0002799511724144485,0.0,0.0,0.0003013,0.9454177379185161,1.0,1776.6896646779794,1000.0,1776.6896646779794,1000.0,0.0,0.0
3754,1697324580000.0,0.0,0.0,0.0,0.0002799511724144485,0.0,0.0,0.000301,0.9454177379185161,1.0,1776.6896646779794,1000.0,1776.6896646779794,1000.0,0.0,0.0
3755,1697328180000.0,0.0,0.0,0.0,0.0002799511724144485,0.0,0.0,0.0003008,0.9454177379185161,1.0,1776.6896646779794,1000.0,1776.6896646779794,1000.0,0.0,0.0
3756,1697331780000.0,0.0,0.0,0.0,0.0002799511724144485,0.0,0.0,0.0002939,0.9454177379185161,1.0,1776.6896646779794,1000.0,1776.6896646779794,1000.0,0.0,0.0
3757,1697335380000.0,0.0,0.0,0.0,0.0002799511724144485,0.0,0.0,0.0002936,0.9454177379185161,1.0,1776.6896646779794,1000.0,1776.6896646779794,1000.0,0.0,0.0
3758,1697338980000.0,0.0,0.0,307600.0,0.0002888,0.0,0.0,0.0002907,0.9454177379185161,1.0,1776.6718977019793,1000.0,1777.2563377019794,1000.0,0.050000723327082906,0.0
3759,1697342580000.0,0.0,0.0,230700.0,0.0002888,0.0,0.0,0.0002914,0.9454177379185161,1.0,1776.7212751919794,1000.0,1777.3210951919793,1000.0,0.037499500304458776,0.0
3760,1697346180000.0,0.0,0.0,307900.0,0.00028863840861906634,0.0,0.0,0.0002882,0.9454177379185161,1.0,1776.9419990457898,1000.0,1776.8070130319793,1000.0,0.05001388118550537,0.0
3761,1697349780000.0,0.0,0.0,307900.0,0.00028863840861906634,0.0,0.0,0.0002875,0.9454177379185161,1.0,1776.9419990457898,1000.0,1776.5914830319794,1000.0,0.05001388118550537,0.0
3762,1697353380000.0,0.0,0.0,307900.0,0.00028863840861906634,0.0,0.0,0.0002885,0.9454177379185161,1.0,1776.9419990457898,1000.0,1776.8993830319791,1000.0,0.05001388118550537,0.0
3763,1697356980000.0,0.0,0.0,307900.0,0.00028863840861906634,0.0,0.0,0.0002886,0.9454177379185161,1.0,1776.9419990457898,1000.0,1776.9301730319792,1000.0,0.05001388118550537,0.0
3764,1697360580000.0,0.0,0.0,231000.0,0.00028863840861906634,0.0,0.0,0.0002895,0.9454177379185161,1.0,1776.9884259889836,1000.0,1777.1874535979794,1000.0,0.03752161320572252,0.0
3765,1697364180000.0,0.0,0.0,173700.0,0.0002880751507158641,0.0,0.0,0.0002883,0.9454177379185161,1.0,1777.1466435113248,1000.0,1777.1856998319793,1000.0,0.028156738703609813,0.0
3766,1697367780000.0,0.0,0.0,352400.0,0.0002837867652299035,0.0,0.0,0.0002832,0.9454177379185161,1.0,1777.312210256997,1000.0,1777.1054341899792,1000.0,0.05626836719506765,0.0
3767,1697371380000.0,0.0,0.0,312900.0,0.00028411276493876586,0.0,0.0,0.0002833,0.9454177379185161,1.0,1777.488723813319,1000.0,1777.2344096639792,1000.0,0.05001375421309084,0.0
3768,1697374980000.0,0.0,0.0,310400.0,0.00028464618534513,0.0,0.0,0.000287,0.9454177379185161,1.0,1777.5336767411075,1000.0,1778.2643008099792,1000.0,0.0497060489414271,0.0
3769,1697378580000.0,0.0,0.0,310400.0,0.00028464618534513,0.0,0.0,0.000285,0.9454177379185161,1.0,1777.5336767411075,1000.0,1777.643500809979,1000.0,0.0497060489414271,0.0
3770,1697382180000.0,0.0,0.0,310900.0,0.0002850048052790598,0.0,0.0,0.0002846,0.9454177379185161,1.0,1777.620394717239,1000.0,1777.4945407559792,1000.0,0.04984640940472238,0.0
3771,1697385780000.0,0.0,0.0,310900.0,0.0002850048052790598,0.0,0.0,0.0002852,0.9454177379185161,1.0,1777.620394717239,1000.0,1777.6810807559793,1000.0,0.04984640940472238,0.0
3772,1697389380000.0,0.0,0.0,175500.0,0.00028510696162191136,0.0,0.0,0.0002857,0.9454177379185161,1.0,1777.8364991006245,1000.0,1777.940577335979,1000.0,0.02814447323471978,0.0
3773,1697392980000.0,0.0,0.0,41700.0,0.00028510696162191136,0.0,0.0,0.0002877,0.9454177379185161,1.0,1777.9215796276126,1000.0,1778.029709327979,1000.0,0.006686999266932717,0.0
3774,1697396580000.0,0.0,0.0,41700.0,0.00028510696162191136,0.0,0.0,0.0002871,0.9454177379185161,1.0,1777.9215796276126,1000.0,1778.004689327979,1000.0,0.006686999266932717,0.0
3775,1697400180000.0,0.0,0.0,0.0,0.00028510696162191136,0.0,0.0,0.0002934,0.9454177379185161,1.0,1778.270511259978,1000.0,1778.270511259978,1000.0,0.0,0.0
3776,1697403780000.0,0.0,0.0,0.0,0.00028510696162191136,0.0,0.0,0.0002932,0.9454177379185161,1.0,1778.270511259978,1000.0,1778.270511259978,1000.0,0.0,0.0
3777,1697407380000.0,0.0,0.0,310200.0,0.0002866,0.0,0.0,0.0002858,0.9454177379185161,1.0,1778.343439695978,1000.0,1778.095279695978,1000.0,0.049992210736975934,0.0
3778,1697410980000.0,0.0,0.0,310400.0,0.00028655625,0.0,0.0,0.0002845,0.9454177379185161,1.0,1778.422786779978,1000.0,1777.784526779978,1000.0,0.05001457508371676,0.0
3779,1697414580000.0,0.0,0.0,232800.0,0.00028655625,0.0,0.0,0.0002893,0.9454177379185161,1.0,1778.468284435978,1000.0,1779.107029435978,1000.0,0.03750997168957469,0.0
3780,1697418180000.0,0.0,0.0,0.0,0.00028655625,0.0,0.0,0.0003003,0.9454177379185161,1.0,1780.2005781799778,1000.0,1780.2005781799778,1000.0,0.0,0.0
3781,1697421780000.0,0.0,0.0,0.0,0.00028655625,0.0,0.0,0.0002943,0.9454177379185161,1.0,1780.2005781799778,1000.0,1780.2005781799778,1000.0,0.0,0.0
3782,1697425380000.0,0.0,0.0,0.0,0.00028655625,0.0,0.0,0.000296,0.9454177379185161,1.0,1780.2005781799778,1000.0,1780.2005781799778,1000.0,0.0,0.0
3783,1697428980000.0,0.0,0.0,0.0,0.00028655625,0.0,0.0,0.0002936,0.9454177379185161,1.0,1780.2005781799778,1000.0,1780.2005781799778,1000.0,0.0,0.0
3784,1697432580000.0,0.0,0.0,0.0,0.00028655625,0.0,0.0,0.0002906,0.9454177379185161,1.0,1780.2005781799778,1000.0,1780.2005781799778,1000.0,0.0,0.0
3785,1697436180000.0,0.0,0.0,68500.0,0.0002889,0.0,0.0,0.0002986,0.9454177379185161,1.0,1781.7843989159776,1000.0,1782.4488489159776,1000.0,0.011106646804203613,0.0
3786,1697439780000.0,0.0,0.0,68500.0,0.0002889,0.0,0.0,0.000296,0.9454177379185161,1.0,1781.7843989159776,1000.0,1782.2707489159775,1000.0,0.011106646804203613,0.0
3787,1697443380000.0,0.0,0.0,0.0,0.0002889,0.0,0.0,0.0003002,0.9454177379185161,1.0,1782.5134243599775,1000.0,1782.5134243599775,1000.0,0.0,0.0
3788,1697446980000.0,0.0,0.0,0.0,0.0002889,0.0,0.0,0.0002994,0.9454177379185161,1.0,1782.5134243599775,1000.0,1782.5134243599775,1000.0,0.0,0.0
3789,1697450580000.0,0.0,0.0,0.0,0.0002889,0.0,0.0,0.0003002,0.9454177379185161,1.0,1782.5134243599775,1000.0,1782.5134243599775,1000.0,0.0,0.0
3790,1697454180000.0,0.0,0.0,0.0,0.0002889,0.0,0.0,0.0002993,0.9454177379185161,1.0,1782.5134243599775,1000.0,1782.5134243599775,1000.0,0.0,0.0
3791,1697457780000.0,0.0,0.0,0.0,0.0002889,0.0,0.0,0.0002995,0.9454177379185161,1.0,1782.5134243599775,1000.0,1782.5134243599775,1000.0,0.0,0.0
3792,1697461380000.0,0.0,0.0,0.0,0.0002889,0.0,0.0,0.0003027,0.9454177379185161,1.0,1782.5134243599775,1000.0,1782.5134243599775,1000.0,0.0,0.0
3793,1697464980000.0,0.0,0.0,0.0,0.0002889,0.0,0.0,0.0002994,0.9454177379185161,1.0,1782.5134243599775,1000.0,1782.5134243599775,1000.0,0.0,0.0
3794,1697468580000.0,0.0,0.0,0.0,0.0002889,0.0,0.0,0.0002949,0.9454177379185161,1.0,1782.5134243599775,1000.0,1782.5134243599775,1000.0,0.0,0.0
3795,1697472180000.0,0.0,0.0,271500.0,0.00029392646671061305,0.0,0.0,0.0002914,0.9454177379185161,1.0,1782.623520511909,1000.0,1781.9375847999775,1000.0,0.04476606237587132,0.0
3796,1697475780000.0,0.0,0.0,271500.0,0.00029392646671061305,0.0,0.0,0.0002905,0.9454177379185161,1.0,1782.623520511909,1000.0,1781.6932347999775,1000.0,0.04476606237587132,0.0
3797,1697479380000.0,0.0,0.0,271500.0,0.00029392646671061305,0.0,0.0,0.0002934,0.9454177379185161,1.0,1782.623520511909,1000.0,1782.4805847999776,1000.0,0.04476606237587132,0.0
3798,1697482980000.0,0.0,0.0,152800.0,0.00029392646671061305,0.0,0.0,0.0002957,0.9454177379185161,1.0,1782.6964751093592,1000.0,1782.9674709959775,1000.0,0.02519327588316825,0.0
3799,1697486580000.0,0.0,0.0,152800.0,0.00029392646671061305,0.0,0.0,0.0002967,0.9454177379185161,1.0,1782.6964751093592,1000.0,1783.1202709959775,1000.0,0.02519327588316825,0.0
3800,1697490180000.0,0.0,0.0,27300.0,0.00029392646671061305,0.0,0.0,0.0002951,0.9454177379185161,1.0,1782.7736090771773,1000.0,1782.8056465359775,1000.0,0.0045009599089551955,0.0
3801,1697493780000.0,0.0,0.0,11600.0,0.00029392646671061305,0.0,0.0,0.0002959,0.9454177379185161,1.0,1782.7832585058206,1000.0,1782.8061514919775,1000.0,0.0019124854339841108,0.0
3802,1697497380000.0,0.0,0.0,11600.0,0.00029392646671061305,0.0,0.0,0.0002969,0.9454177379185161,1.0,1782.7832585058206,1000.0,1782.8177514919776,1000.0,0.0019124854339841108,0.0
3803,1697500980000.0,0.0,0.0,11600.0,0.00029392646671061305,0.0,0.0,0.0002982,0.9454177379185161,1.0,1782.7832585058206,1000.0,1782.8328314919775,1000.0,0.0019124854339841108,0.0
3804,1697504580000.0,0.0,0.0,11600.0,0.00029392646671061305,0.0,0.0,0.0002961,0.9454177379185161,1.0,1782.7832585058206,1000.0,1782.8084714919776,1000.0,0.0019124854339841108,0.0
3805,1697508180000.0,0.0,0.0,11600.0,0.00029392646671061305,0.0,0.0,0.0002948,0.9454177379185161,1.0,1782.7832585058206,1000.0,1782.7933914919774,1000.0,0.0019124854339841108,0.0
3806,1697511780000.0,0.0,0.0,6600.0,0.00029392646671061305,0.0,0.0,0.0002955,0.9454177379185161,1.0,1782.7863315722675,1000.0,1782.7967168919774,1000.0,0.0010881363884920547,0.0
3807,1697515380000.0,0.0,0.0,6600.0,0.00029392646671061305,0.0,0.0,0.0002961,0.9454177379185161,1.0,1782.7863315722675,1000.0,1782.8006768919774,1000.0,0.0010881363884920547,0.0
3808,1697518980000.0,0.0,0.0,6600.0,0.00029392646671061305,0.0,0.0,0.0002963,0.9454177379185161,1.0,1782.7863315722675,1000.0,1782.8019968919775,1000.0,0.0010881363884920547,0.0
3809,1697522580000.0,0.0,0.0,6600.0,0.00029392646671061305,0.0,0.0,0.000296,0.9454177379185161,1.0,1782.7863315722675,1000.0,1782.8000168919775,1000.0,0.0010881363884920547,0.0
3810,1697526180000.0,0.0,0.0,303300.0,0.0002939005759323773,0.0,0.0,0.0002931,0.9454177379185161,1.0,1782.7688915462675,1000.0,1782.5260768659775,1000.0,0.05000089753808486,0.0
3811,1697529780000.0,0.0,0.0,303300.0,0.0002939005759323773,0.0,0.0,0.000293,0.9454177379185161,1.0,1782.7688915462675,1000.0,1782.4957468659775,1000.0,0.05000089753808486,0.0
3812,1697533380000.0,0.0,0.0,303300.0,0.0002939005759323773,0.0,0.0,0.0002933,0.9454177379185161,1.0,1782.7688915462675,1000.0,1782.5867368659774,1000.0,0.05000089753808486,0.0
3813,1697536980000.0,0.0,0.0,303300.0,0.0002939005759323773,0.0,0.0,0.0002922,0.9454177379185161,1.0,1782.7688915462675,1000.0,1782.2531068659775,1000.0,0.05000089753808486,0.0
3814,1697540580000.0,0.0,0.0,304500.0,0.0002935969820184428,0.0,0.0,0.0002923,0.9454177379185161,1.0,1782.8129341745932,1000.0,1782.4180031499775,1000.0,0.05014563183321664,0.0
3815,1697544180000.0,0.0,0.0,304500.0,0.0002935969820184428,0.0,0.0,0.0002932,0.9454177379185161,1.0,1782.8129341745932,1000.0,1782.6920531499775,1000.0,0.05014563183321664,0.0
3816,1697547780000.0,0.0,0.0,304500.0,0.0002935969820184428,0.0,0.0,0.0002871,0.9454177379185161,1.0,1782.8129341745932,1000.0,1780.8346031499773,1000.0,0.05014563183321664,0.0
3817,1697551380000.0,0.0,0.0,935500.0,0.0002861275051038117,0.0,0.0,0.0002835,0.9454177379185161,1.0,1782.7772797745931,1000.0,1780.3192487499773,1000.0,0.15014342176183623,0.0
3818,1697554980000.0,0.0,0.0,935500.0,0.0002861275051038117,0.0,0.0,0.0002844,0.9454177379185161,1.0,1782.7772797745931,1000.0,1781.1611987499773,1000.0,0.15014342176183623,0.0
3819,1697558580000.0,0.0,0.0,935500.0,0.0002861275051038117,0.0,0.0,0.0002842,0.9454177379185161,1.0,1782.7772797745931,1000.0,1780.9740987499772,1000.0,0.15014342176183623,0.0
3820,1697562180000.0,0.0,0.0,935500.0,0.0002861275051038117,0.0,0.0,0.0002847,0.9454177379185161,1.0,1782.7772797745931,1000.0,1781.4418487499772,1000.0,0.15014342176183623,0.0
3821,1697565780000.0,0.0,0.0,394800.0,0.0002861275051038117,0.0,0.0,0.0002859,0.9454177379185161,1.0,1783.109883212962,1000.0,1783.020064197977,1000.0,0.06335175418995384,0.0
3822,1697569380000.0,0.0,0.0,310900.0,0.0002864181608889217,0.0,0.0,0.0002854,0.9454177379185161,1.0,1783.2494172583429,1000.0,1782.932871037977,1000.0,0.049935474734247615,0.0
3823,1697572980000.0,0.0,0.0,310900.0,0.0002864181608889217,0.0,0.0,0.000286,0.9454177379185161,1.0,1783.2494172583429,1000.0,1783.1194110379772,1000.0,0.049935474734247615,0.0
3824,1697576580000.0,0.0,0.0,310900.0,0.0002864181608889217,0.0,0.0,0.0002858,0.9454177379185161,1.0,1783.2494172583429,1000.0,1783.057231037977,1000.0,0.049935474734247615,0.0
3825,1697580180000.0,0.0,0.0,55400.0,0.0002864181608889217,0.0,0.0,0.0002858,0.9454177379185161,1.0,1783.4089563412235,1000.0,1783.3747102279772,1000.0,0.008897323329473223,0.0
3826,1697583780000.0,0.0,0.0,234300.0,0.0002855917278889989,0.0,0.0,0.0002868,0.9454177379185161,1.0,1783.4509969783699,1000.0,1783.7340951339775,1000.0,0.03751947317743095,0.0
3827,1697587380000.0,0.0,0.0,234300.0,0.00028555162998603983,0.0,0.0,0.0002866,0.9454177379185161,1.0,1783.5329649997068,1000.0,1783.7785980939777,1000.0,0.03751248124855384,0.0
3828,1697590980000.0,0.0,0.0,312500.0,0.00028551368609833325,0.0,0.0,0.0002839,0.9454177379185161,1.0,1783.5285013437067,1000.0,1783.0242244379776,1000.0,0.050026129012521355,0.0
3829,1697594580000.0,0.0,0.0,312500.0,0.00028551368609833325,0.0,0.0,0.0002854,0.9454177379185161,1.0,1783.5285013437067,1000.0,1783.4929744379776,1000.0,0.050026129012521355,0.0
3830,1697598180000.0,0.0,0.0,633900.0,0.0002814505866946351,0.0,0.0,0.0002781,0.9454177379185161,1.0,1783.5106636437067,1000.0,1781.3867267379776,1000.0,0.10003389973639686,0.0
3831,1697601780000.0,0.0,0.0,633900.0,0.0002814505866946351,0.0,0.0,0.0002786,0.9454177379185161,1.0,1783.5106636437067,1000.0,1781.7036767379775,1000.0,0.10003389973639686,0.0
3832,1697605380000.0,0.0,0.0,633900.0,0.0002814505866946351,0.0,0.0,0.0002805,0.9454177379185161,1.0,1783.5106636437067,1000.0,1782.9080867379776,1000.0,0.10003389973639686,0.0
3833,1697608980000.0,0.0,0.0,633900.0,0.0002814505866946351,0.0,0.0,0.0002807,0.9454177379185161,1.0,1783.5106636437067,1000.0,1783.0348667379776,1000.0,0.10003389973639686,0.0
3834,1697612580000.0,0.0,0.0,633900.0,0.0002814505866946351,0.0,0.0,0.0002784,0.9454177379185161,1.0,1783.5106636437067,1000.0,1781.5768967379774,1000.0,0.10003389973639686,0.0
3835,1697616180000.0,0.0,0.0,633900.0,0.0002814505866946351,0.0,0.0,0.0002778,0.9454177379185161,1.0,1783.5106636437067,1000.0,1781.1965567379775,1000.0,0.10003389973639686,0.0
3836,1697619780000.0,0.0,0.0,633900.0,0.0002814505866946351,0.0,0.0,0.0002781,0.9454177379185161,1.0,1783.5106636437067,1000.0,1781.3867267379776,1000.0,0.10003389973639686,0.0
3837,1697623380000.0,0.0,0.0,633900.0,0.0002814505866946351,0.0,0.0,0.0002771,0.9454177379185161,1.0,1783.5106636437067,1000.0,1780.7528267379776,1000.0,0.10003389973639686,0.0
3838,1697626980000.0,0.0,0.0,633900.0,0.0002814505866946351,0.0,0.0,0.0002781,0.9454177379185161,1.0,1783.5106636437067,1000.0,1781.3867267379776,1000.0,0.10003389973639686,0.0
3839,1697630580000.0,0.0,0.0,633900.0,0.0002814505866946351,0.0,0.0,0.0002792,0.9454177379185161,1.0,1783.5106636437067,1000.0,1782.0840167379777,1000.0,0.10003389973639686,0.0
3840,1697634180000.0,0.0,0.0,633900.0,0.0002814505866946351,0.0,0.0,0.0002786,0.9454177379185161,1.0,1783.5106636437067,1000.0,1781.7036767379775,1000.0,0.10003389973639686,0.0
3841,1697637780000.0,0.0,0.0,633900.0,0.0002814505866946351,0.0,0.0,0.0002808,0.9454177379185161,1.0,1783.5106636437067,1000.0,1783.0982567379776,1000.0,0.10003389973639686,0.0
3842,1697641380000.0,0.0,0.0,633900.0,0.0002814505866946351,0.0,0.0,0.0002796,0.9454177379185161,1.0,1783.5106636437067,1000.0,1782.3375767379775,1000.0,0.10003389973639686,0.0
3843,1697644980000.0,0.0,0.0,633900.0,0.0002814505866946351,0.0,0.0,0.0002787,0.9454177379185161,1.0,1783.5106636437067,1000.0,1781.7670667379775,1000.0,0.10003389973639686,0.0
3844,1697648580000.0,0.0,0.0,633900.0,0.0002814505866946351,0.0,0.0,0.0002786,0.9454177379185161,1.0,1783.5106636437067,1000.0,1781.7036767379775,1000.0,0.10003389973639686,0.0
3845,1697652180000.0,0.0,0.0,633900.0,0.0002814505866946351,0.0,0.0,0.0002788,0.9454177379185161,1.0,1783.5106636437067,1000.0,1781.8304567379776,1000.0,0.10003389973639686,0.0
3846,1697655780000.0,0.0,0.0,633900.0,0.0002814505866946351,0.0,0.0,0.0002786,0.9454177379185161,1.0,1783.5106636437067,1000.0,1781.7036767379775,1000.0,0.10003389973639686,0.0
3847,1697659380000.0,0.0,0.0,633900.0,0.0002814505866946351,0.0,0.0,0.0002796,0.9454177379185161,1.0,1783.5106636437067,1000.0,1782.3375767379775,1000.0,0.10003389973639686,0.0
3848,1697662980000.0,0.0,0.0,633900.0,0.0002814505866946351,0.0,0.0,0.0002767,0.9454177379185161,1.0,1783.5106636437067,1000.0,1780.4992667379775,1000.0,0.10003389973639686,0.0
3849,1697666580000.0,0.0,0.0,633900.0,0.0002814505866946351,0.0,0.0,0.0002789,0.9454177379185161,1.0,1783.5106636437067,1000.0,1781.8938467379776,1000.0,0.10003389973639686,0.0
3850,1697670180000.0,0.0,0.0,633900.0,0.0002814505866946351,0.0,0.0,0.0002791,0.9454177379185161,1.0,1783.5106636437067,1000.0,1782.0206267379776,1000.0,0.10003389973639686,0.0
3851,1697673780000.0,0.0,0.0,475500.0,0.0002814505866946351,0.0,0.0,0.0002811,0.9454177379185161,1.0,1783.6045937832766,1000.0,1783.4378898099776,1000.0,0.07503330863788998,0.0
3852,1697677380000.0,0.0,0.0,47700.0,0.0002814505866946351,0.0,0.0,0.0002812,0.9454177379185161,1.0,1783.8582763193122,1000.0,1783.846323333978,1000.0,0.007525930262259787,0.0
3853,1697680980000.0,0.0,0.0,47700.0,0.0002814505866946351,0.0,0.0,0.0002804,0.9454177379185161,1.0,1783.8582763193122,1000.0,1783.808163333978,1000.0,0.007525930262259787,0.0
3854,1697684580000.0,0.0,0.0,35800.0,0.0002814505866946351,0.0,0.0,0.0002812,0.9454177379185161,1.0,1783.8653329396461,1000.0,1783.8563619359782,1000.0,0.005648369760661096,0.0
3855,1697688180000.0,0.0,0.0,11400.0,0.0002814505866946351,0.0,0.0,0.000282,0.9454177379185161,1.0,1783.879801976297,1000.0,1783.886065287978,1000.0,0.0017986282958998786,0.0
3856,1697691780000.0,0.0,0.0,1700.0,0.0002814505866946351,0.0,0.0,0.000284,0.9454177379185161,1.0,1783.8947521713585,1000.0,1783.8990861739776,1000.0,0.0002682142524375333,0.0
3857,1697695380000.0,0.0,0.0,1700.0,0.0002814505866946351,0.0,0.0,0.0002847,0.9454177379185161,1.0,1783.8947521713585,1000.0,1783.9002761739775,1000.0,0.0002682142524375333,0.0
3858,1697698980000.0,0.0,0.0,1200.0,0.0002814505866946351,0.0,0.0,0.000284,0.9454177379185161,1.0,1783.8973482080114,1000.0,1783.900407503978,1000.0,0.00018932743208169165,0.0
3859,1697702580000.0,0.0,0.0,1200.0,0.0002814505866946351,0.0,0.0,0.000285,0.9454177379185161,1.0,1783.8973482080114,1000.0,1783.9016075039779,1000.0,0.00018932743208169165,0.0
3860,1697706180000.0,0.0,0.0,1200.0,0.0002814505866946351,0.0,0.0,0.000283,0.9454177379185161,1.0,1783.8973482080114,1000.0,1783.8992075039778,1000.0,0.00018932743208169165,0.0
3861,1697709780000.0,0.0,0.0,400.0,0.0002814505866946351,0.0,0.0,0.0002823,0.9454177379185161,1.0,1783.8978226026559,1000.0,1783.898162367978,1000.0,6.310912724452047e-05,0.0
3862,1697713380000.0,0.0,0.0,200.0,0.0002814505866946351,0.0,0.0,0.0002834,0.9454177379185161,1.0,1783.897941201317,1000.0,1783.898331083978,1000.0,3.155456152442218e-05,0.0
3863,1697716980000.0,0.0,0.0,238500.0,0.0002805002241949751,0.0,0.0,0.0002847,0.9454177379185161,1.0,1783.9625857004794,1000.0,1784.9642322299778,1000.0,0.03750039603225945,0.0
3864,1697720580000.0,0.0,0.0,159000.0,0.0002805002241949751,0.0,0.0,0.0002825,0.9454177379185161,1.0,1784.3714252469788,1000.0,1784.6893895999776,1000.0,0.024994535899849398,0.0
3865,1697724180000.0,0.0,0.0,159000.0,0.0002805002241949751,0.0,0.0,0.0002849,0.9454177379185161,1.0,1784.3714252469788,1000.0,1785.0709895999778,1000.0,0.024994535899849398,0.0
3866,1697727780000.0,0.0,0.0,21000.0,0.0002805002241949751,0.0,0.0,0.0002854,0.9454177379185161,1.0,1785.0811089880724,1000.0,1785.184004279978,1000.0,0.003299852694891656,0.0
3867,1697731380000.0,0.0,0.0,158800.0,0.0002810964107904581,0.0,0.0,0.0002864,0.9454177379185161,1.0,1785.6136057015024,1000.0,1786.4558156679777,1000.0,0.02499875106853706,0.0
3868,1697734980000.0,0.0,0.0,47100.0,0.0002810964107904581,0.0,0.0,0.0002835,0.9454177379185161,1.0,1786.188450674208,1000.0,1786.3016597259775,1000.0,0.0074122307437567364,0.0
3869,1697738580000.0,0.0,0.0,4200.0,0.0002810964107904581,0.0,0.0,0.0002858,0.9454177379185161,1.0,1786.4092281972971,1000.0,1786.4289832719771,1000.0,0.0006608815643609819,0.0
3870,1697742180000.0,0.0,0.0,600.0,0.0002810964107904581,0.0,0.0,0.0002857,0.9454177379185161,1.0,1786.4277549824512,1000.0,1786.430517135977,1000.0,9.441067292191262e-05,0.0
3871,1697745780000.0,0.0,0.0,300.0,0.0002810964107904581,0.0,0.0,0.0002843,0.9454177379185161,1.0,1786.4292988812142,1000.0,1786.4302599579771,1000.0,4.720529566434566e-05,0.0
3872,1697749380000.0,0.0,0.0,300.0,0.0002810964107904581,0.0,0.0,0.0002843,0.9454177379185161,1.0,1786.4292988812142,1000.0,1786.4302599579771,1000.0,4.720529566434566e-05,0.0
3873,1697752980000.0,0.0,0.0,300.0,0.0002810964107904581,0.0,0.0,0.000286,0.9454177379185161,1.0,1786.4292988812142,1000.0,1786.430769957977,1000.0,4.720529566434566e-05,0.0
3874,1697756580000.0,0.0,0.0,0.0,0.0002810964107904581,0.0,0.0,0.0002887,0.9454177379185161,1.0,1786.4308427799774,1000.0,1786.4308427799774,1000.0,0.0,0.0
3875,1697760180000.0,0.0,0.0,0.0,0.0002810964107904581,0.0,0.0,0.000291,0.9454177379185161,1.0,1786.4308427799774,1000.0,1786.4308427799774,1000.0,0.0,0.0
3876,1697763780000.0,0.0,0.0,0.0,0.0002810964107904581,0.0,0.0,0.0002899,0.9454177379185161,1.0,1786.4308427799774,1000.0,1786.4308427799774,1000.0,0.0,0.0
3877,1697767380000.0,0.0,0.0,0.0,0.0002810964107904581,0.0,0.0,0.0002884,0.9454177379185161,1.0,1786.4308427799774,1000.0,1786.4308427799774,1000.0,0.0,0.0
3878,1697770980000.0,0.0,0.0,235900.0,0.000284,0.0,0.0,0.0002849,0.9454177379185161,1.0,1786.6041088439774,1000.0,1786.8164188439773,1000.0,0.037498850287179475,0.0
3879,1697774580000.0,0.0,0.0,99600.0,0.000284,0.0,0.0,0.000286,0.9454177379185161,1.0,1786.7839766199775,1000.0,1786.9831766199775,1000.0,0.0158309008644172,0.0
3880,1697778180000.0,0.0,0.0,132800.0,0.00028399999999999996,0.0,0.0,0.0002873,0.9454177379185161,1.0,1786.8886729279775,1000.0,1787.3269129279774,1000.0,0.02110663107970809,0.0
3881,1697781780000.0,0.0,0.0,314700.0,0.0002839237519800849,0.0,0.0,0.0002861,0.9454177379185161,1.0,1786.96470575411,1000.0,1787.6495710059771,1000.0,0.050001437890977336,0.0
3882,1697785380000.0,0.0,0.0,27700.0,0.0002839237519800849,0.0,0.0,0.000288,0.9454177379185161,1.0,1788.4623888558258,1000.0,1788.5753009259774,1000.0,0.0043974578268206185,0.0
3883,1697788980000.0,0.0,0.0,1300.0,0.0002839237519800849,0.0,0.0,0.0002919,0.9454177379185161,1.0,1788.6062636055515,1000.0,1788.6166327279773,1000.0,0.00020636228614679037,0.0
3884,1697792580000.0,0.0,0.0,0.0,0.0002839237519800849,0.0,0.0,0.000292,0.9454177379185161,1.0,1788.6191563139778,1000.0,1788.6191563139778,1000.0,0.0,0.0
3885,1697796180000.0,0.0,0.0,0.0,0.0002839237519800849,0.0,0.0,0.0002899,0.9454177379185161,1.0,1788.6191563139778,1000.0,1788.6191563139778,1000.0,0.0,0.0
3886,1697799780000.0,0.0,0.0,0.0,0.0002839237519800849,0.0,0.0,0.0002909,0.9454177379185161,1.0,1788.6191563139778,1000.0,1788.6191563139778,1000.0,0.0,0.0
3887,1697803380000.0,0.0,0.0,0.0,0.0002839237519800849,0.0,0.0,0.0002897,0.9454177379185161,1.0,1788.6191563139778,1000.0,1788.6191563139778,1000.0,0.0,0.0
3888,1697806980000.0,0.0,0.0,0.0,0.0002839237519800849,0.0,0.0,0.0002882,0.9454177379185161,1.0,1788.6191563139778,1000.0,1788.6191563139778,1000.0,0.0,0.0
3889,1697810580000.0,0.0,0.0,312600.0,0.0002861,0.0,0.0,0.0002896,0.9454177379185161,1.0,1788.6012693419777,1000.0,1789.6953693419778,1000.0,0.050002681722854235,0.0
3890,1697814180000.0,0.0,0.0,312500.0,0.00028615778099471973,0.0,0.0,0.0002856,0.9454177379185161,1.0,1788.7330708468278,1000.0,1788.5587642859778,1000.0,0.049993097359414485,0.0
3891,1697817780000.0,0.0,0.0,139000.0,0.0002860374767679457,0.0,0.0,0.0002919,0.9454177379185161,1.0,1789.8088847467218,1000.0,1790.6237754759773,1000.0,0.02221422052912137,0.0
3892,1697821380000.0,0.0,0.0,0.0,0.0002860374767679457,0.0,0.0,0.0002994,0.9454177379185161,1.0,1791.1951747299772,1000.0,1791.1951747299772,1000.0,0.0,0.0
3893,1697824980000.0,0.0,0.0,0.0,0.0002860374767679457,0.0,0.0,0.0002993,0.9454177379185161,1.0,1791.1951747299772,1000.0,1791.1951747299772,1000.0,0.0,0.0
3894,1697828580000.0,0.0,0.0,0.0,0.0002860374767679457,0.0,0.0,0.0002998,0.9454177379185161,1.0,1791.1951747299772,1000.0,1791.1951747299772,1000.0,0.0,0.0
3895,1697832180000.0,0.0,0.0,0.0,0.0002860374767679457,0.0,0.0,0.0003001,0.9454177379185161,1.0,1791.1951747299772,1000.0,1791.1951747299772,1000.0,0.0,0.0
3896,1697835780000.0,0.0,0.0,0.0,0.0002860374767679457,0.0,0.0,0.0002997,0.9454177379185161,1.0,1791.1951747299772,1000.0,1791.1951747299772,1000.0,0.0,0.0
3897,1697839380000.0,0.0,0.0,0.0,0.0002860374767679457,0.0,0.0,0.0003017,0.9454177379185161,1.0,1791.1951747299772,1000.0,1791.1951747299772,1000.0,0.0,0.0
3898,1697842980000.0,0.0,0.0,0.0,0.0002860374767679457,0.0,0.0,0.0003015,0.9454177379185161,1.0,1791.1951747299772,1000.0,1791.1951747299772,1000.0,0.0,0.0
3899,1697846580000.0,0.0,0.0,0.0,0.0002860374767679457,0.0,0.0,0.0003017,0.9454177379185161,1.0,1791.1951747299772,1000.0,1791.1951747299772,1000.0,0.0,0.0
3900,1697850180000.0,0.0,0.0,0.0,0.0002860374767679457,0.0,0.0,0.0002999,0.9454177379185161,1.0,1791.1951747299772,1000.0,1791.1951747299772,1000.0,0.0,0.0
3901,1697853780000.0,0.0,0.0,0.0,0.0002860374767679457,0.0,0.0,0.0003006,0.9454177379185161,1.0,1791.1951747299772,1000.0,1791.1951747299772,1000.0,0.0,0.0
3902,1697857380000.0,0.0,0.0,0.0,0.0002860374767679457,0.0,0.0,0.0003011,0.9454177379185161,1.0,1791.1951747299772,1000.0,1791.1951747299772,1000.0,0.0,0.0
3903,1697860980000.0,0.0,0.0,0.0,0.0002860374767679457,0.0,0.0,0.0003013,0.9454177379185161,1.0,1791.1951747299772,1000.0,1791.1951747299772,1000.0,0.0,0.0
3904,1697864580000.0,0.0,0.0,0.0,0.0002860374767679457,0.0,0.0,0.0003026,0.9454177379185161,1.0,1791.1951747299772,1000.0,1791.1951747299772,1000.0,0.0,0.0
3905,1697868180000.0,0.0,0.0,0.0,0.0002860374767679457,0.0,0.0,0.0003024,0.9454177379185161,1.0,1791.1951747299772,1000.0,1791.1951747299772,1000.0,0.0,0.0
3906,1697871780000.0,0.0,0.0,0.0,0.0002860374767679457,0.0,0.0,0.0003032,0.9454177379185161,1.0,1791.1951747299772,1000.0,1791.1951747299772,1000.0,0.0,0.0
3907,1697875380000.0,0.0,0.0,0.0,0.0002860374767679457,0.0,0.0,0.000315,0.9454177379185161,1.0,1791.1951747299772,1000.0,1791.1951747299772,1000.0,0.0,0.0
3908,1697878980000.0,0.0,0.0,0.0,0.0002860374767679457,0.0,0.0,0.0003173,0.9454177379185161,1.0,1791.1951747299772,1000.0,1791.1951747299772,1000.0,0.0,0.0
3909,1697882580000.0,0.0,0.0,0.0,0.0002860374767679457,0.0,0.0,0.0003161,0.9454177379185161,1.0,1791.1951747299772,1000.0,1791.1951747299772,1000.0,0.0,0.0
3910,1697886180000.0,0.0,0.0,0.0,0.0002860374767679457,0.0,0.0,0.000319,0.9454177379185161,1.0,1791.1951747299772,1000.0,1791.1951747299772,1000.0,0.0,0.0
3911,1697889780000.0,0.0,0.0,0.0,0.0002860374767679457,0.0,0.0,0.0003195,0.9454177379185161,1.0,1791.1951747299772,1000.0,1791.1951747299772,1000.0,0.0,0.0
3912,1697893380000.0,0.0,0.0,0.0,0.0002860374767679457,0.0,0.0,0.0003152,0.9454177379185161,1.0,1791.1951747299772,1000.0,1791.1951747299772,1000.0,0.0,0.0
3913,1697896980000.0,0.0,0.0,0.0,0.0002860374767679457,0.0,0.0,0.0003184,0.9454177379185161,1.0,1791.1951747299772,1000.0,1791.1951747299772,1000.0,0.0,0.0
3914,1697900580000.0,0.0,0.0,0.0,0.0002860374767679457,0.0,0.0,0.0003172,0.9454177379185161,1.0,1791.1951747299772,1000.0,1791.1951747299772,1000.0,0.0,0.0
3915,1697904180000.0,0.0,0.0,0.0,0.0002860374767679457,0.0,0.0,0.0003183,0.9454177379185161,1.0,1791.1951747299772,1000.0,1791.1951747299772,1000.0,0.0,0.0
3916,1697907780000.0,0.0,0.0,0.0,0.0002860374767679457,0.0,0.0,0.0003326,0.9454177379185161,1.0,1791.1951747299772,1000.0,1791.1951747299772,1000.0,0.0,0.0
3917,1697911380000.0,0.0,0.0,0.0,0.0002860374767679457,0.0,0.0,0.0003383,0.9454177379185161,1.0,1791.1951747299772,1000.0,1791.1951747299772,1000.0,0.0,0.0
3918,1697914980000.0,0.0,0.0,0.0,0.0002860374767679457,0.0,0.0,0.000329,0.9454177379185161,1.0,1791.1951747299772,1000.0,1791.1951747299772,1000.0,0.0,0.0
3919,1697918580000.0,0.0,0.0,0.0,0.0002860374767679457,0.0,0.0,0.0003251,0.9454177379185161,1.0,1791.1951747299772,1000.0,1791.1951747299772,1000.0,0.0,0.0
3920,1697922180000.0,0.0,0.0,0.0,0.0002860374767679457,0.0,0.0,0.0003219,0.9454177379185161,1.0,1791.1951747299772,1000.0,1791.1951747299772,1000.0,0.0,0.0
3921,1697925780000.0,0.0,0.0,0.0,0.0002860374767679457,0.0,0.0,0.0003255,0.9454177379185161,1.0,1791.1951747299772,1000.0,1791.1951747299772,1000.0,0.0,0.0
3922,1697929380000.0,0.0,0.0,0.0,0.0002860374767679457,0.0,0.0,0.0003281,0.9454177379185161,1.0,1791.1951747299772,1000.0,1791.1951747299772,1000.0,0.0,0.0
3923,1697932980000.0,0.0,0.0,0.0,0.0002860374767679457,0.0,0.0,0.0003238,0.9454177379185161,1.0,1791.1951747299772,1000.0,1791.1951747299772,1000.0,0.0,0.0
3924,1697936580000.0,0.0,0.0,0.0,0.0002860374767679457,0.0,0.0,0.0003226,0.9454177379185161,1.0,1791.1951747299772,1000.0,1791.1951747299772,1000.0,0.0,0.0
3925,1697940180000.0,0.0,0.0,0.0,0.0002860374767679457,0.0,0.0,0.0003218,0.9454177379185161,1.0,1791.1951747299772,1000.0,1791.1951747299772,1000.0,0.0,0.0
3926,1697943780000.0,0.0,0.0,0.0,0.0002860374767679457,0.0,0.0,0.0003236,0.9454177379185161,1.0,1791.1951747299772,1000.0,1791.1951747299772,1000.0,0.0,0.0
3927,1697947380000.0,0.0,0.0,0.0,0.0002860374767679457,0.0,0.0,0.0003256,0.9454177379185161,1.0,1791.1951747299772,1000.0,1791.1951747299772,1000.0,0.0,0.0
3928,1697950980000.0,0.0,0.0,0.0,0.0002860374767679457,0.0,0.0,0.000331,0.9454177379185161,1.0,1791.1951747299772,1000.0,1791.1951747299772,1000.0,0.0,0.0
3929,1697954580000.0,0.0,0.0,0.0,0.0002860374767679457,0.0,0.0,0.0003261,0.9454177379185161,1.0,1791.1951747299772,1000.0,1791.1951747299772,1000.0,0.0,0.0
3930,1697958180000.0,0.0,0.0,0.0,0.0002860374767679457,0.0,0.0,0.0003272,0.9454177379185161,1.0,1791.1951747299772,1000.0,1791.1951747299772,1000.0,0.0,0.0
3931,1697961780000.0,0.0,0.0,0.0,0.0002860374767679457,0.0,0.0,0.0003267,0.9454177379185161,1.0,1791.1951747299772,1000.0,1791.1951747299772,1000.0,0.0,0.0
3932,1697965380000.0,0.0,0.0,0.0,0.0002860374767679457,0.0,0.0,0.000328,0.9454177379185161,1.0,1791.1951747299772,1000.0,1791.1951747299772,1000.0,0.0,0.0
3933,1697968980000.0,0.0,0.0,0.0,0.0002860374767679457,0.0,0.0,0.0003307,0.9454177379185161,1.0,1791.1951747299772,1000.0,1791.1951747299772,1000.0,0.0,0.0
3934,1697972580000.0,0.0,0.0,0.0,0.0002860374767679457,0.0,0.0,0.0003275,0.9454177379185161,1.0,1791.1951747299772,1000.0,1791.1951747299772,1000.0,0.0,0.0
3935,1697976180000.0,0.0,0.0,278000.0,0.0003221,0.0,0.0,0.0003237,0.9454177379185161,1.0,1791.1772659699773,1000.0,1791.6220659699773,1000.0,0.049991590280434525,0.0
3936,1697979780000.0,0.0,0.0,278000.0,0.0003221,0.0,0.0,0.0003179,0.9454177379185161,1.0,1791.1772659699773,1000.0,1790.0096659699773,1000.0,0.049991590280434525,0.0
3937,1697983380000.0,0.0,0.0,139000.0,0.0003221,0.0,0.0,0.0003294,0.9454177379185161,1.0,1791.633868459977,1000.0,1792.648568459977,1000.0,0.024989424897668568,0.0
3938,1697986980000.0,0.0,0.0,0.0,0.0003221,0.0,0.0,0.0003433,0.9454177379185161,1.0,1793.2011287739772,1000.0,1793.2011287739772,1000.0,0.0,0.0
3939,1697990580000.0,0.0,0.0,0.0,0.0003221,0.0,0.0,0.0003633,0.9454177379185161,1.0,1793.2011287739772,1000.0,1793.2011287739772,1000.0,0.0,0.0
3940,1697994180000.0,0.0,0.0,0.0,0.0003221,0.0,0.0,0.0003491,0.9454177379185161,1.0,1793.2011287739772,1000.0,1793.2011287739772,1000.0,0.0,0.0
3941,1697997780000.0,0.0,0.0,0.0,0.0003221,0.0,0.0,0.0003456,0.9454177379185161,1.0,1793.2011287739772,1000.0,1793.2011287739772,1000.0,0.0,0.0
3942,1698001380000.0,0.0,0.0,0.0,0.0003221,0.0,0.0,0.0003444,0.9454177379185161,1.0,1793.2011287739772,1000.0,1793.2011287739772,1000.0,0.0,0.0
3943,1698004980000.0,0.0,0.0,0.0,0.0003221,0.0,0.0,0.0003436,0.9454177379185161,1.0,1793.2011287739772,1000.0,1793.2011287739772,1000.0,0.0,0.0
3944,1698008580000.0,0.0,0.0,0.0,0.0003221,0.0,0.0,0.0003446,0.9454177379185161,1.0,1793.2011287739772,1000.0,1793.2011287739772,1000.0,0.0,0.0
3945,1698012180000.0,0.0,0.0,0.0,0.0003221,0.0,0.0,0.0003447,0.9454177379185161,1.0,1793.2011287739772,1000.0,1793.2011287739772,1000.0,0.0,0.0
3946,1698015780000.0,0.0,0.0,0.0,0.0003221,0.0,0.0,0.0003413,0.9454177379185161,1.0,1793.2011287739772,1000.0,1793.2011287739772,1000.0,0.0,0.0
3947,1698019380000.0,0.0,0.0,0.0,0.0003221,0.0,0.0,0.0003417,0.9454177379185161,1.0,1793.2011287739772,1000.0,1793.2011287739772,1000.0,0.0,0.0
3948,1698022980000.0,0.0,0.0,0.0,0.0003221,0.0,0.0,0.0003377,0.9454177379185161,1.0,1793.2011287739772,1000.0,1793.2011287739772,1000.0,0.0,0.0
3949,1698026580000.0,0.0,0.0,0.0,0.0003221,0.0,0.0,0.0003412,0.9454177379185161,1.0,1793.2011287739772,1000.0,1793.2011287739772,1000.0,0.0,0.0
3950,1698030180000.0,0.0,0.0,0.0,0.0003221,0.0,0.0,0.0003398,0.9454177379185161,1.0,1793.2011287739772,1000.0,1793.2011287739772,1000.0,0.0,0.0
3951,1698033780000.0,0.0,0.0,0.0,0.0003221,0.0,0.0,0.0003457,0.9454177379185161,1.0,1793.2011287739772,1000.0,1793.2011287739772,1000.0,0.0,0.0
3952,1698037380000.0,0.0,0.0,0.0,0.0003221,0.0,0.0,0.0003449,0.9454177379185161,1.0,1793.2011287739772,1000.0,1793.2011287739772,1000.0,0.0,0.0
3953,1698040980000.0,0.0,0.0,0.0,0.0003221,0.0,0.0,0.0003514,0.9454177379185161,1.0,1793.2011287739772,1000.0,1793.2011287739772,1000.0,0.0,0.0
3954,1698044580000.0,0.0,0.0,0.0,0.0003221,0.0,0.0,0.0003555,0.9454177379185161,1.0,1793.2011287739772,1000.0,1793.2011287739772,1000.0,0.0,0.0
3955,1698048180000.0,0.0,0.0,0.0,0.0003221,0.0,0.0,0.0003478,0.9454177379185161,1.0,1793.2011287739772,1000.0,1793.2011287739772,1000.0,0.0,0.0
3956,1698051780000.0,0.0,0.0,0.0,0.0003221,0.0,0.0,0.0003526,0.9454177379185161,1.0,1793.2011287739772,1000.0,1793.2011287739772,1000.0,0.0,0.0
3957,1698055380000.0,0.0,0.0,0.0,0.0003221,0.0,0.0,0.0003493,0.9454177379185161,1.0,1793.2011287739772,1000.0,1793.2011287739772,1000.0,0.0,0.0
3958,1698058980000.0,0.0,0.0,0.0,0.0003221,0.0,0.0,0.0003475,0.9454177379185161,1.0,1793.2011287739772,1000.0,1793.2011287739772,1000.0,0.0,0.0
3959,1698062580000.0,0.0,0.0,0.0,0.0003221,0.0,0.0,0.000349,0.9454177379185161,1.0,1793.2011287739772,1000.0,1793.2011287739772,1000.0,0.0,0.0
3960,1698066180000.0,0.0,0.0,0.0,0.0003221,0.0,0.0,0.0003439,0.9454177379185161,1.0,1793.2011287739772,1000.0,1793.2011287739772,1000.0,0.0,0.0
3961,1698069780000.0,0.0,0.0,262200.0,0.000342,0.0,0.0,0.000338,0.9454177379185161,1.0,1793.1831942939773,1000.0,1792.1343942939773,1000.0,0.05000738367688437,0.0
3962,1698073380000.0,0.0,0.0,147600.0,0.000342,0.0,0.0,0.0003476,0.9454177379185161,1.0,1793.2670173179774,1000.0,1794.0935773179774,1000.0,0.028149293726205397,0.0
3963,1698076980000.0,0.0,0.0,0.0,0.000342,0.0,0.0,0.0003603,0.9454177379185161,1.0,1794.8900347899776,1000.0,1794.8900347899776,1000.0,0.0,0.0
3964,1698080580000.0,0.0,0.0,0.0,0.000342,0.0,0.0,0.0003741,0.9454177379185161,1.0,1794.8900347899776,1000.0,1794.8900347899776,1000.0,0.0,0.0
3965,1698084180000.0,0.0,0.0,0.0,0.000342,0.0,0.0,0.0003835,0.9454177379185161,1.0,1794.8900347899776,1000.0,1794.8900347899776,1000.0,0.0,0.0
3966,1698087780000.0,0.0,0.0,0.0,0.000342,0.0,0.0,0.0003711,0.9454177379185161,1.0,1794.8900347899776,1000.0,1794.8900347899776,1000.0,0.0,0.0
3967,1698091380000.0,0.0,0.0,0.0,0.000342,0.0,0.0,0.0003678,0.9454177379185161,1.0,1794.8900347899776,1000.0,1794.8900347899776,1000.0,0.0,0.0
3968,1698094980000.0,0.0,0.0,0.0,0.000342,0.0,0.0,0.0003656,0.9454177379185161,1.0,1794.8900347899776,1000.0,1794.8900347899776,1000.0,0.0,0.0
3969,1698098580000.0,0.0,0.0,0.0,0.000342,0.0,0.0,0.0003665,0.9454177379185161,1.0,1794.8900347899776,1000.0,1794.8900347899776,1000.0,0.0,0.0
3970,1698102180000.0,0.0,0.0,0.0,0.000342,0.0,0.0,0.0003807,0.9454177379185161,1.0,1794.8900347899776,1000.0,1794.8900347899776,1000.0,0.0,0.0
3971,1698105780000.0,0.0,0.0,0.0,0.000342,0.0,0.0,0.0003756,0.9454177379185161,1.0,1794.8900347899776,1000.0,1794.8900347899776,1000.0,0.0,0.0
3972,1698109380000.0,0.0,0.0,0.0,0.000342,0.0,0.0,0.0003776,0.9454177379185161,1.0,1794.8900347899776,1000.0,1794.8900347899776,1000.0,0.0,0.0
3973,1698112980000.0,0.0,0.0,0.0,0.000342,0.0,0.0,0.0003805,0.9454177379185161,1.0,1794.8900347899776,1000.0,1794.8900347899776,1000.0,0.0,0.0
3974,1698116580000.0,0.0,0.0,0.0,0.000342,0.0,0.0,0.0003942,0.9454177379185161,1.0,1794.8900347899776,1000.0,1794.8900347899776,1000.0,0.0,0.0
3975,1698120180000.0,0.0,0.0,0.0,0.000342,0.0,0.0,0.0003881,0.9454177379185161,1.0,1794.8900347899776,1000.0,1794.8900347899776,1000.0,0.0,0.0
3976,1698123780000.0,0.0,0.0,0.0,0.000342,0.0,0.0,0.0003844,0.9454177379185161,1.0,1794.8900347899776,1000.0,1794.8900347899776,1000.0,0.0,0.0
3977,1698127380000.0,0.0,0.0,0.0,0.000342,0.0,0.0,0.0003775,0.9454177379185161,1.0,1794.8900347899776,1000.0,1794.8900347899776,1000.0,0.0,0.0
3978,1698130980000.0,0.0,0.0,243700.0,0.00036830260544571997,0.0,0.0,0.0003662,0.9454177379185161,1.0,1795.0441509310997,1000.0,1794.5317459839778,1000.0,0.050001747812478785,0.0
3979,1698134580000.0,0.0,0.0,137200.0,0.00036827693304133555,0.0,0.0,0.0003713,0.9454177379185161,1.0,1795.1635943072488,1000.0,1795.5783590939775,1000.0,0.028146512871307292,0.0
3980,1698138180000.0,0.0,0.0,243900.0,0.00036813151627293386,0.0,0.0,0.0003636,0.9454177379185161,1.0,1795.2645304869463,1000.0,1794.1592936679779,1000.0,0.050013396518570286,0.0
3981,1698141780000.0,0.0,0.0,243900.0,0.00036813151627293386,0.0,0.0,0.0003669,0.9454177379185161,1.0,1795.2645304869463,1000.0,1794.9641636679778,1000.0,0.050013396518570286,0.0
3982,1698145380000.0,0.0,0.0,244400.0,0.00036747663986538663,0.0,0.0,0.0003628,0.9454177379185161,1.0,1795.5671250450782,1000.0,1794.4241542619777,1000.0,0.05001834213290453,0.0
3983,1698148980000.0,0.0,0.0,244400.0,0.00036747663986538663,0.0,0.0,0.0003608,0.9454177379185161,1.0,1795.5671250450782,1000.0,1793.9353542619776,1000.0,0.05001834213290453,0.0
3984,1698152580000.0,0.0,0.0,245000.0,0.00036680853847175887,0.0,0.0,0.0003656,0.9454177379185161,1.0,1795.6800398875585,1000.0,1795.3839479619776,1000.0,0.050046829017049314,0.0
3985,1698156180000.0,0.0,0.0,104100.0,0.00036614502787468266,0.0,0.0,0.000367,0.9454177379185161,1.0,1795.830706711732,1000.0,1795.9197093099776,1000.0,0.021224549318207435,0.0
3986,1698159780000.0,0.0,0.0,245400.0,0.0003659793783911334,0.0,0.0,0.0003662,0.9454177379185161,1.0,1796.0831433251612,1000.0,1796.1372838679772,1000.0,0.050003998863278006,0.0
3987,1698163380000.0,0.0,0.0,425100.0,0.0003566420826712959,0.0,0.0,0.000353,0.9454177379185161,1.0,1796.7244442775452,1000.0,1795.1761949339773,1000.0,0.08438052358358658,0.0
3988,1698166980000.0,0.0,0.0,249700.0,0.00035915392184882234,0.0,0.0,0.0003585,0.9454177379185161,1.0,1797.1473768716282,1000.0,1796.9840925859774,1000.0,0.04990171392719169,0.0
3989,1698170580000.0,0.0,0.0,249700.0,0.00035915392184882234,0.0,0.0,0.0003563,0.9454177379185161,1.0,1797.1473768716282,1000.0,1796.4347525859773,1000.0,0.04990171392719169,0.0
3990,1698174180000.0,0.0,0.0,507200.0,0.00035399888463259256,0.0,0.0,0.0003473,0.9454177379185161,1.0,1797.1294033716283,1000.0,1793.7317290859773,1000.0,0.09990835047759895,0.0
3991,1698177780000.0,0.0,0.0,507200.0,0.00035399888463259256,0.0,0.0,0.0003457,0.9454177379185161,1.0,1797.1294033716283,1000.0,1792.9202090859774,1000.0,0.09990835047759895,0.0
3992,1698181380000.0,0.0,0.0,1096800.0,0.00034603989267473646,0.0,0.0,0.0003362,0.9454177379185161,1.0,1797.0894057076284,1000.0,1786.2970114219775,1000.0,0.21119514314659446,0.0
3993,1698184980000.0,0.0,0.0,1096800.0,0.00034603989267473646,0.0,0.0,0.0003395,0.9454177379185161,1.0,1797.0894057076284,1000.0,1789.9164514219774,1000.0,0.21119514314659446,0.0
3994,1698188580000.0,0.0,0.0,617000.0,0.00034603989267473646,0.0,0.0,0.000342,0.9454177379185161,1.0,1797.42082627429,1000.0,1794.9282124939775,1000.0,0.11878498939108813,0.0
3995,1698192180000.0,0.0,0.0,886100.0,0.00034238349371438034,0.0,0.0,0.0003349,0.9454177379185161,1.0,1797.40285039429,1000.0,1790.7717266139775,1000.0,0.16879132783936537,0.0
3996,1698195780000.0,0.0,0.0,886100.0,0.00034238349371438034,0.0,0.0,0.000337,0.9454177379185161,1.0,1797.40285039429,1000.0,1792.6325366139777,1000.0,0.16879132783936537,0.0
3997,1698199380000.0,0.0,0.0,373900.0,0.00034238349371438034,0.0,0.0,0.000341,0.9454177379185161,1.0,1797.7859075057843,1000.0,1797.2686192059775,1000.0,0.07120824997311027,0.0
3998,1698202980000.0,0.0,0.0,260800.0,0.0003432983715802501,0.0,0.0,0.0003434,0.9454177379185161,1.0,1797.9404205901064,1000.0,1797.9669252819772,1000.0,0.0497970979921257,0.0
3999,1698206580000.0,0.0,0.0,146700.0,0.00034420698797360126,0.0,0.0,0.0003461,0.9454177379185161,1.0,1798.1914953737046,1000.0,1798.4692002379772,1000.0,0.028081083280417404,0.0
4000,1698210180000.0,0.0,0.0,32600.0,0.00034420698797360126,0.0,0.0,0.0003484,0.9454177379185161,1.0,1799.0987201899168,1000.0,1799.2354123819773,1000.0,0.006237093986012548,0.0
4001,1698213780000.0,0.0,0.0,21800.0,0.00034420698797360126,0.0,0.0,0.0003532,0.9454177379185161,1.0,1799.1670074238018,1000.0,1799.3630550859773,1000.0,0.004170659147740238,0.0
4002,1698217380000.0,0.0,0.0,200.0,0.00034420698797360126,0.0,0.0,0.0003509,0.9454177379185161,1.0,1799.3964733095725,1000.0,1799.3978119119777,1000.0,3.8258048526738785e-05,0.0
4003,1698220980000.0,0.0,0.0,146300.0,0.00034609982694061656,0.0,0.0,0.0003471,0.9454177379185161,1.0,1799.59344027739,1000.0,1799.7397655959778,1000.0,0.028136579934191913,0.0
4004,1698224580000.0,0.0,0.0,260100.0,0.0003460312040919999,0.0,0.0,0.0003455,0.9454177379185161,1.0,1799.6973315463072,1000.0,1799.5591653619779,1000.0,0.050009918116063715,0.0
4005,1698228180000.0,0.0,0.0,195300.0,0.000345676835137745,0.0,0.0,0.0003462,0.9454177379185161,1.0,1799.8810859223793,1000.0,1799.9832600199777,1000.0,0.037508414544955675,0.0
4006,1698231780000.0,0.0,0.0,195300.0,0.00034561825719718885,0.0,0.0,0.0003485,0.9454177379185161,1.0,1800.0416921945887,1000.0,1800.6044965639776,1000.0,0.03749871234833274,0.0
4007,1698235380000.0,0.0,0.0,260400.0,0.0003456540020090596,0.0,0.0,0.0003458,0.9454177379185161,1.0,1800.0776803731367,1000.0,1800.1156982499776,1000.0,0.050002454396579916,0.0
4008,1698238980000.0,0.0,0.0,260400.0,0.00034564050150679473,0.0,0.0,0.0003422,0.9454177379185161,1.0,1800.117235002347,1000.0,1799.2213284099776,1000.0,0.04999940272904059,0.0
4009,1698242580000.0,0.0,0.0,260400.0,0.00034564050150679473,0.0,0.0,0.0003435,0.9454177379185161,1.0,1800.117235002347,1000.0,1799.5598484099776,1000.0,0.04999940272904059,0.0
4010,1698246180000.0,0.0,0.0,0.0,0.00034564050150679473,0.0,0.0,0.0003651,0.9454177379185161,1.0,1800.7074957759778,1000.0,1800.7074957759778,1000.0,0.0,0.0
4011,1698249780000.0,0.0,0.0,0.0,0.00034564050150679473,0.0,0.0,0.000376,0.9454177379185161,1.0,1800.7074957759778,1000.0,1800.7074957759778,1000.0,0.0,0.0
4012,1698253380000.0,0.0,0.0,0.0,0.00034564050150679473,0.0,0.0,0.0003555,0.9454177379185161,1.0,1800.7074957759778,1000.0,1800.7074957759778,1000.0,0.0,0.0
4013,1698256980000.0,0.0,0.0,521700.0,0.00034517883841288097,0.0,0.0,0.0003419,0.9454177379185161,1.0,1800.6714798159778,1000.0,1798.9609098159779,1000.0,0.1000070262779991,0.0
4014,1698260580000.0,0.0,0.0,195700.0,0.00034517883841288097,0.0,0.0,0.0003519,0.9454177379185161,1.0,1801.4641897573786,1000.0,1802.7795210799777,1000.0,0.037498107962112004,0.0
4015,1698264180000.0,0.0,0.0,22800.0,0.0003460553783013199,0.0,0.0,0.0003506,0.9454177379185161,1.0,1802.9602980052482,1000.0,1803.0639153799782,1000.0,0.004376171030498824,0.0
4016,1698267780000.0,0.0,0.0,500.0,0.0003460553783013199,0.0,0.0,0.0003594,0.9454177379185161,1.0,1803.1052903491284,1000.0,1803.1119626599777,1000.0,9.596094586198971e-05,0.0
4017,1698271380000.0,0.0,0.0,0.0,0.0003460553783013199,0.0,0.0,0.0003583,0.9454177379185161,1.0,1803.110756953978,1000.0,1803.110756953978,1000.0,0.0,0.0
4018,1698274980000.0,0.0,0.0,0.0,0.0003460553783013199,0.0,0.0,0.000358,0.9454177379185161,1.0,1803.110756953978,1000.0,1803.110756953978,1000.0,0.0,0.0
4019,1698278580000.0,0.0,0.0,257400.0,0.0003503,0.0,0.0,0.0003485,0.9454177379185161,1.0,1803.135143505978,1000.0,1802.671823505978,1000.0,0.050005802573777555,0.0
4020,1698282180000.0,0.0,0.0,1000.0,0.0003503,0.0,0.0,0.0003611,0.9454177379185161,1.0,1804.5950344919786,1000.0,1804.6058344919786,1000.0,0.00019411557346915502,0.0
4021,1698285780000.0,0.0,0.0,171300.0,0.0003512,0.0,0.0,0.0003604,0.9454177379185161,1.0,1805.1389136079786,1000.0,1806.7148736079785,1000.0,0.03332738524801701,0.0
4022,1698289380000.0,0.0,0.0,128400.0,0.00035142491238317756,0.0,0.0,0.0003597,0.9454177379185161,1.0,1805.938344519978,1000.0,1807.000865769978,1000.0,0.024985879992483223,0.0
4023,1698292980000.0,0.0,0.0,104400.0,0.000351563054671976,0.0,0.0,0.000354,0.9454177379185161,1.0,1806.4504922217327,1000.0,1806.7049093139783,1000.0,0.020317846000093513,0.0
4024,1698296580000.0,0.0,0.0,144600.0,0.0003516249322768004,0.0,0.0,0.0003532,0.9454177379185161,1.0,1806.587940929204,1000.0,1806.8156957219787,1000.0,0.028144196058938396,0.0
4025,1698300180000.0,0.0,0.0,257100.0,0.00035149030705960386,0.0,0.0,0.0003514,0.9454177379185161,1.0,1806.707333583003,1000.0,1806.6841156379787,1000.0,0.050018149738623674,0.0
4026,1698303780000.0,0.0,0.0,85800.0,0.0003514427302947029,0.0,0.0,0.0003618,0.9454177379185161,1.0,1807.4890529952645,1000.0,1808.377706735979,1000.0,0.016682693712206126,0.0
4027,1698307380000.0,0.0,0.0,0.0,0.0003514427302947029,0.0,0.0,0.0003688,0.9454177379185161,1.0,1808.783255879979,1000.0,1808.783255879979,1000.0,0.0,0.0
4028,1698310980000.0,0.0,0.0,0.0,0.0003514427302947029,0.0,0.0,0.0003756,0.9454177379185161,1.0,1808.783255879979,1000.0,1808.783255879979,1000.0,0.0,0.0
4029,1698314580000.0,0.0,0.0,0.0,0.0003514427302947029,0.0,0.0,0.0003629,0.9454177379185161,1.0,1808.783255879979,1000.0,1808.783255879979,1000.0,0.0,0.0
4030,1698318180000.0,0.0,0.0,0.0,0.0003514427302947029,0.0,0.0,0.0003637,0.9454177379185161,1.0,1808.783255879979,1000.0,1808.783255879979,1000.0,0.0,0.0
4031,1698321780000.0,0.0,0.0,254000.0,0.0003561,0.0,0.0,0.0003517,0.9454177379185161,1.0,1808.806910899979,1000.0,1807.6893108999789,1000.0,0.05000500576095021,0.0
4032,1698325380000.0,0.0,0.0,191300.0,0.00035107373136593106,0.0,0.0,0.0003529,0.9454177379185161,1.0,1810.240776272281,1000.0,1810.5901414619784,1000.0,0.03710026074465186,0.0
4033,1698328980000.0,0.0,0.0,255400.0,0.0003541094280420544,0.0,0.0,0.000354,0.9454177379185161,1.0,1811.0486538039193,1000.0,1811.0207058819785,1000.0,0.04993766883732353,0.0
4034,1698332580000.0,0.0,0.0,199600.0,0.00034856337009426906,0.0,0.0,0.0003535,0.9454177379185161,1.0,1813.6346698287946,1000.0,1814.6200211579785,1000.0,0.0383612255699676,0.0
4035,1698336180000.0,0.0,0.0,258000.0,0.00035082185785896775,0.0,0.0,0.0003512,0.9454177379185161,1.0,1813.903696885592,1000.0,1814.0012575579783,1000.0,0.049899032392414014,0.0
4036,1698339780000.0,0.0,0.0,475500.0,0.00034562095600503733,0.0,0.0,0.0003412,0.9454177379185161,1.0,1813.9538679583734,1000.0,1811.851703377978,1000.0,0.09059919741253673,0.0
4037,1698343380000.0,0.0,0.0,267600.0,0.00034562095600503733,0.0,0.0,0.0003438,0.9454177379185161,1.0,1814.101427892926,1000.0,1813.614140065978,1000.0,0.0509829088963194,0.0
4038,1698346980000.0,0.0,0.0,261200.0,0.00034668014603647586,0.0,0.0,0.0003462,0.9454177379185161,1.0,1814.2666242307055,1000.0,1814.141210085978,1000.0,0.04991154714270521,0.0
4039,1698350580000.0,0.0,0.0,530500.0,0.00034171540837837417,0.0,0.0,0.0003384,0.9454177379185161,1.0,1814.2484787967055,1000.0,1812.489654651978,1000.0,0.09992017425582238,0.0
4040,1698354180000.0,0.0,0.0,49800.0,0.00034171540837837417,0.0,0.0,0.0003562,0.9454177379185161,1.0,1816.8210582792215,1000.0,1817.5423909419785,1000.0,0.009366595163400887,0.0
4041,1698357780000.0,0.0,0.0,0.0,0.00034171540837837417,0.0,0.0,0.0003613,0.9454177379185161,1.0,1817.6931923139784,1000.0,1817.6931923139784,1000.0,0.0,0.0
4042,1698361380000.0,0.0,0.0,0.0,0.00034171540837837417,0.0,0.0,0.0003868,0.9454177379185161,1.0,1817.6931923139784,1000.0,1817.6931923139784,1000.0,0.0,0.0
4043,1698364980000.0,0.0,0.0,0.0,0.00034171540837837417,0.0,0.0,0.0004,0.9454177379185161,1.0,1817.6931923139784,1000.0,1817.6931923139784,1000.0,0.0,0.0
4044,1698368580000.0,0.0,0.0,0.0,0.00034171540837837417,0.0,0.0,0.0004138,0.9454177379185161,1.0,1817.6931923139784,1000.0,1817.6931923139784,1000.0,0.0,0.0
4045,1698372180000.0,0.0,0.0,0.0,0.00034171540837837417,0.0,0.0,0.0004144,0.9454177379185161,1.0,1817.6931923139784,1000.0,1817.6931923139784,1000.0,0.0,0.0
4046,1698375780000.0,0.0,0.0,0.0,0.00034171540837837417,0.0,0.0,0.0004131,0.9454177379185161,1.0,1817.6931923139784,1000.0,1817.6931923139784,1000.0,0.0,0.0
4047,1698379380000.0,0.0,0.0,0.0,0.00034171540837837417,0.0,0.0,0.0004166,0.9454177379185161,1.0,1817.6931923139784,1000.0,1817.6931923139784,1000.0,0.0,0.0
4048,1698382980000.0,0.0,0.0,0.0,0.00034171540837837417,0.0,0.0,0.000418,0.9454177379185161,1.0,1817.6931923139784,1000.0,1817.6931923139784,1000.0,0.0,0.0
4049,1698386580000.0,0.0,0.0,0.0,0.00034171540837837417,0.0,0.0,0.000422,0.9454177379185161,1.0,1817.6931923139784,1000.0,1817.6931923139784,1000.0,0.0,0.0
4050,1698390180000.0,0.0,0.0,0.0,0.00034171540837837417,0.0,0.0,0.0004376,0.9454177379185161,1.0,1817.6931923139784,1000.0,1817.6931923139784,1000.0,0.0,0.0
4051,1698393780000.0,0.0,0.0,0.0,0.00034171540837837417,0.0,0.0,0.0004222,0.9454177379185161,1.0,1817.6931923139784,1000.0,1817.6931923139784,1000.0,0.0,0.0
4052,1698397380000.0,0.0,0.0,0.0,0.00034171540837837417,0.0,0.0,0.0004132,0.9454177379185161,1.0,1817.6931923139784,1000.0,1817.6931923139784,1000.0,0.0,0.0
4053,1698400980000.0,0.0,0.0,0.0,0.00034171540837837417,0.0,0.0,0.0004011,0.9454177379185161,1.0,1817.6931923139784,1000.0,1817.6931923139784,1000.0,0.0,0.0
4054,1698404580000.0,0.0,0.0,0.0,0.0003875664135948129,0.0,0.0,0.0004127,0.9454177379185161,1.0,1823.1845283719788,1000.0,1823.1845283719788,1000.0,0.0,0.0
4055,1698408180000.0,0.0,0.0,0.0,0.0003875664135948129,0.0,0.0,0.0004126,0.9454177379185161,1.0,1823.1845283719788,1000.0,1823.1845283719788,1000.0,0.0,0.0
4056,1698411780000.0,0.0,0.0,230700.0,0.0003937849729945723,0.0,0.0,0.000388,0.9454177379185161,1.0,1823.2912006798267,1000.0,1821.956607409979,1000.0,0.04982538896473322,0.0
4057,1698415380000.0,0.0,0.0,239800.0,0.00038137931999433663,0.0,0.0,0.0003791,0.9454177379185161,1.0,1834.8417144746209,1000.0,1834.295133539979,1000.0,0.04984340622582183,0.0
4058,1698418980000.0,0.0,0.0,181200.0,0.0003814134294142269,0.0,0.0,0.0003836,0.9454177379185161,1.0,1835.1236822578367,1000.0,1835.5198888479788,1000.0,0.03766073866194464,0.0
4059,1698422580000.0,0.0,0.0,235400.0,0.0003892228268903614,0.0,0.0,0.0003895,0.9454177379185161,1.0,1836.25975129997,1000.0,1836.324997849979,1000.0,0.04989656467998443,0.0
4060,1698426180000.0,0.0,0.0,417100.0,0.00038611780655608185,0.0,0.0,0.0003953,0.9454177379185161,1.0,1837.6038147125205,1000.0,1841.4337075979788,1000.0,0.08764116390329586,0.0
4061,1698429780000.0,0.0,0.0,0.0,0.00038611780655608185,0.0,0.0,0.0004323,0.9454177379185161,1.0,1844.5286759579787,1000.0,1844.5286759579787,1000.0,0.0,0.0
4062,1698433380000.0,0.0,0.0,0.0,0.00038611780655608185,0.0,0.0,0.000439,0.9454177379185161,1.0,1844.5286759579787,1000.0,1844.5286759579787,1000.0,0.0,0.0
4063,1698436980000.0,0.0,0.0,0.0,0.00038611780655608185,0.0,0.0,0.0004175,0.9454177379185161,1.0,1844.5286759579787,1000.0,1844.5286759579787,1000.0,0.0,0.0
4064,1698440580000.0,0.0,0.0,0.0,0.00038611780655608185,0.0,0.0,0.0004309,0.9454177379185161,1.0,1844.5286759579787,1000.0,1844.5286759579787,1000.0,0.0,0.0
4065,1698444180000.0,0.0,0.0,14400.0,0.00040379999999999995,0.0,0.0,0.0004137,0.9454177379185161,1.0,1847.2545332399793,1000.0,1847.3970932399793,1000.0,0.0031477632862003655,0.0
4066,1698447780000.0,0.0,0.0,800.0,0.00040379999999999995,0.0,0.0,0.0004194,0.9454177379185161,1.0,1847.3692717319796,1000.0,1847.3817517319796,1000.0,0.0001748648767428818,0.0
4067,1698451380000.0,0.0,0.0,228400.0,0.0004013123689398446,0.0,0.0,0.0004033,0.9454177379185161,1.0,1848.0203524778399,1000.0,1848.4743274119794,1000.0,0.049598882903514795,0.0
4068,1698454980000.0,0.0,0.0,186500.0,0.0004027058441917496,0.0,0.0,0.0004008,0.9454177379185161,1.0,1848.2664669517412,1000.0,1847.91102700998,1000.0,0.04063517965871439,0.0
4069,1698458580000.0,0.0,0.0,57200.0,0.00040379910599724867,0.0,0.0,0.000417,0.9454177379185161,1.0,1849.8302857250226,1000.0,1850.58537686198,1000.0,0.012486177267872909,0.0
4070,1698462180000.0,0.0,0.0,1600.0,0.00040379910599724867,0.0,0.0,0.0004163,0.9454177379185161,1.0,1850.5053892395752,1000.0,1850.5253906699795,1000.0,0.0003491362810140692,0.0
4071,1698465780000.0,0.0,0.0,400.0,0.00040379910599724867,0.0,0.0,0.000414,0.9454177379185161,1.0,1850.5222100163785,1000.0,1850.5262903739797,1000.0,8.728327686349136e-05,0.0
4072,1698469380000.0,0.0,0.0,100.0,0.00040379910599724867,0.0,0.0,0.000424,0.9454177379185161,1.0,1850.5264152105792,1000.0,1850.5284352999795,1000.0,2.182076962955963e-05,0.0
4073,1698472980000.0,0.0,0.0,0.0,0.00040379910599724867,0.0,0.0,0.0004165,0.9454177379185161,1.0,1850.5284768099796,1000.0,1850.5284768099796,1000.0,0.0,0.0
4074,1698476580000.0,0.0,0.0,0.0,0.00040379910599724867,0.0,0.0,0.000418,0.9454177379185161,1.0,1850.5284768099796,1000.0,1850.5284768099796,1000.0,0.0,0.0
4075,1698480180000.0,0.0,0.0,0.0,0.00040379910599724867,0.0,0.0,0.0004165,0.9454177379185161,1.0,1850.5284768099796,1000.0,1850.5284768099796,1000.0,0.0,0.0
4076,1698483780000.0,0.0,0.0,0.0,0.00040379910599724867,0.0,0.0,0.0004173,0.9454177379185161,1.0,1850.5284768099796,1000.0,1850.5284768099796,1000.0,0.0,0.0
4077,1698487380000.0,0.0,0.0,0.0,0.00040379910599724867,0.0,0.0,0.0004171,0.9454177379185161,1.0,1850.5284768099796,1000.0,1850.5284768099796,1000.0,0.0,0.0
4078,1698490980000.0,0.0,0.0,0.0,0.00040379910599724867,0.0,0.0,0.0004288,0.9454177379185161,1.0,1850.5284768099796,1000.0,1850.5284768099796,1000.0,0.0,0.0
4079,1698494580000.0,0.0,0.0,0.0,0.00040379910599724867,0.0,0.0,0.0004163,0.9454177379185161,1.0,1850.5284768099796,1000.0,1850.5284768099796,1000.0,0.0,0.0
4080,1698498180000.0,0.0,0.0,224200.0,0.0004127,0.0,0.0,0.000411,0.9454177379185161,1.0,1850.5099713419795,1000.0,1850.1288313419795,1000.0,0.05000099509482766,0.0
4081,1698501780000.0,0.0,0.0,224800.0,0.0004123975153480902,0.0,0.0,0.0004121,0.9454177379185161,1.0,1850.7265762502311,1000.0,1850.6596947999803,1000.0,0.05009219764817169,0.0
4082,1698505380000.0,0.0,0.0,224500.0,0.00041232989227512696,0.0,0.0,0.00041,0.9454177379185161,1.0,1850.8107685017465,1000.0,1850.2877076859804,1000.0,0.05001487045091107,0.0
4083,1698508980000.0,0.0,0.0,229800.0,0.00040225050483712425,0.0,0.0,0.0003978,0.9454177379185161,1.0,1851.9976818195514,1000.0,1850.9749558079802,1000.0,0.049912139156002316,0.0
4084,1698512580000.0,0.0,0.0,357500.0,0.00038821983338582566,0.0,0.0,0.0003862,0.9454177379185161,1.0,1853.701053021412,1000.0,1852.9789625859794,1000.0,0.07487107492829888,0.0
4085,1698516180000.0,0.0,0.0,232500.0,0.00039295578698369236,0.0,0.0,0.000397,0.9454177379185161,1.0,1855.1079079656877,1000.0,1856.0481874919792,1000.0,0.04924900599119128,0.0
4086,1698519780000.0,0.0,0.0,0.0,0.00039295578698369236,0.0,0.0,0.0004524,0.9454177379185161,1.0,1858.2845259419792,1000.0,1858.2845259419792,1000.0,0.0,0.0
4087,1698523380000.0,0.0,0.0,0.0,0.00039295578698369236,0.0,0.0,0.0004698,0.9454177379185161,1.0,1858.2845259419792,1000.0,1858.2845259419792,1000.0,0.0,0.0
4088,1698526980000.0,0.0,0.0,0.0,0.00039295578698369236,0.0,0.0,0.0004521,0.9454177379185161,1.0,1858.2845259419792,1000.0,1858.2845259419792,1000.0,0.0,0.0
4089,1698530580000.0,0.0,0.0,0.0,0.00039295578698369236,0.0,0.0,0.0004526,0.9454177379185161,1.0,1858.2845259419792,1000.0,1858.2845259419792,1000.0,0.0,0.0
4090,1698534180000.0,0.0,0.0,0.0,0.00039295578698369236,0.0,0.0,0.0004261,0.9454177379185161,1.0,1858.2845259419792,1000.0,1858.2845259419792,1000.0,0.0,0.0
4091,1698537780000.0,0.0,0.0,222700.0,0.000418823192635833,0.0,0.0,0.0004154,0.9454177379185161,1.0,1858.3887787939793,1000.0,1857.6264337939792,1000.0,0.050189672938366424,0.0
4092,1698541380000.0,0.0,0.0,450100.0,0.00041301278585571853,0.0,0.0,0.0004103,0.9454177379185161,1.0,1858.9723978136378,1000.0,1857.7513728999788,1000.0,0.09999990055381935,0.0
4093,1698544980000.0,0.0,0.0,224000.0,0.00041374911090705143,0.0,0.0,0.0004138,0.9454177379185161,1.0,1859.2578094311586,1000.0,1859.2692085879792,1000.0,0.049847740519393044,0.0
4094,1698548580000.0,0.0,0.0,223500.0,0.00041500825832455155,0.0,0.0,0.0004131,0.9454177379185161,1.0,1859.4303205315161,1000.0,1859.003824795979,1000.0,0.049883206007431104,0.0
4095,1698552180000.0,0.0,0.0,223100.0,0.0004154531820754249,0.0,0.0,0.0004158,0.9454177379185161,1.0,1859.4708201290061,1000.0,1859.5481952079788,1000.0,0.04984622717263013,0.0
4096,1698555780000.0,0.0,0.0,223200.0,0.0004157398865565687,0.0,0.0,0.0004134,0.9454177379185161,1.0,1859.5142699354049,1000.0,1858.9920072559787,1000.0,0.04990181800683334,0.0
4097,1698559380000.0,0.0,0.0,223400.0,0.0004158552238566231,0.0,0.0,0.0004079,0.9454177379185161,1.0,1859.5585324535482,1000.0,1857.7813354439786,1000.0,0.04995920020166953,0.0
4098,1698562980000.0,0.0,0.0,191400.0,0.00040994278122975206,0.0,0.0,0.0004131,0.9454177379185161,1.0,1859.7691994113532,1000.0,1860.3734910839787,1000.0,0.04218966974622945,0.0
4099,1698566580000.0,0.0,0.0,424600.0,0.0004037679894662613,0.0,0.0,0.0003987,0.9454177379185161,1.0,1859.7506040433532,1000.0,1857.5987357159786,1000.0,0.09218434340316421,0.0
4100,1698570180000.0,0.0,0.0,424600.0,0.0004037679894662613,0.0,0.0,0.000396,0.9454177379185161,1.0,1859.7506040433532,1000.0,1856.4523157159786,1000.0,0.09218434340316421,0.0
4101,1698573780000.0,0.0,0.0,662600.0,0.000399074084405938,0.0,0.0,0.0003941,0.9454177379185161,1.0,1859.7320067233532,1000.0,1856.4361783959787,1000.0,0.14218526506583354,0.0
4102,1698577380000.0,0.0,0.0,209700.0,0.000399074084405938,0.0,0.0,0.0003981,0.9454177379185161,1.0,1860.115121895904,1000.0,1859.9108563959787,1000.0,0.04498960011390544,0.0
4103,1698580980000.0,0.0,0.0,234600.0,0.00039487623223114556,0.0,0.0,0.0003975,0.9454177379185161,1.0,1860.4234074834053,1000.0,1861.0389434019785,1000.0,0.04979402199993716,0.0
4104,1698584580000.0,0.0,0.0,190700.0,0.0003959192495228098,0.0,0.0,0.0003974,0.9454177379185161,1.0,1860.6224663539783,1000.0,1860.9048454699785,1000.0,0.04057878599732861,0.0
4105,1698588180000.0,0.0,0.0,173900.0,0.0004011854682978491,0.0,0.0,0.000404,0.9454177379185161,1.0,1861.3599162249743,1000.0,1861.8493632879783,1000.0,0.03748128039551252,0.0
4106,1698591780000.0,0.0,0.0,231800.0,0.0004015655466510907,0.0,0.0,0.0004021,0.9454177379185161,1.0,1861.689175987701,1000.0,1861.8130622739782,1000.0,0.049999159319567194,0.0
4107,1698595380000.0,0.0,0.0,0.0,0.0004015655466510907,0.0,0.0,0.0004301,0.9454177379185161,1.0,1864.1654166239784,1000.0,1864.1654166239784,1000.0,0.0,0.0
4108,1698598980000.0,0.0,0.0,0.0,0.0004015655466510907,0.0,0.0,0.0004133,0.9454177379185161,1.0,1864.1654166239784,1000.0,1864.1654166239784,1000.0,0.0,0.0
4109,1698602580000.0,0.0,0.0,0.0,0.0004015655466510907,0.0,0.0,0.000411,0.9454177379185161,1.0,1864.1654166239784,1000.0,1864.1654166239784,1000.0,0.0,0.0
4110,1698606180000.0,0.0,0.0,76600.0,0.0004063,0.0,0.0,0.0004114,0.9454177379185161,1.0,1865.7995459479782,1000.0,1866.1902059479783,1000.0,0.016680559317098127,0.0
4111,1698609780000.0,0.0,0.0,0.0,0.0004063,0.0,0.0,0.0004269,0.9454177379185161,1.0,1866.4600880519783,1000.0,1866.4600880519783,1000.0,0.0,0.0
4112,1698613380000.0,0.0,0.0,0.0,0.0004063,0.0,0.0,0.0004285,0.9454177379185161,1.0,1866.4600880519783,1000.0,1866.4600880519783,1000.0,0.0,0.0
4113,1698616980000.0,0.0,0.0,0.0,0.0004063,0.0,0.0,0.0004274,0.9454177379185161,1.0,1866.4600880519783,1000.0,1866.4600880519783,1000.0,0.0,0.0
4114,1698620580000.0,0.0,0.0,0.0,0.0004063,0.0,0.0,0.0004274,0.9454177379185161,1.0,1866.4600880519783,1000.0,1866.4600880519783,1000.0,0.0,0.0
4115,1698624180000.0,0.0,0.0,0.0,0.0004063,0.0,0.0,0.0004197,0.9454177379185161,1.0,1866.4600880519783,1000.0,1866.4600880519783,1000.0,0.0,0.0
4116,1698627780000.0,0.0,0.0,151200.0,0.00041424221038615175,0.0,0.0,0.0004162,0.9454177379185161,1.0,1866.7076782843656,1000.0,1867.0036960739794,1000.0,0.03355288186736909,0.0
4117,1698631380000.0,0.0,0.0,44800.0,0.00041424221038615175,0.0,0.0,0.0004212,0.9454177379185161,1.0,1867.5241269392789,1000.0,1867.8358359139793,1000.0,0.009937248337302472,0.0
4118,1698634980000.0,0.0,0.0,126900.0,0.00041439300176669095,0.0,0.0,0.0004161,0.9454177379185161,1.0,1867.8403691741717,1000.0,1868.0569872499786,1000.0,0.02815362211463667,0.0
4119,1698638580000.0,0.0,0.0,169200.0,0.0004140943817807814,0.0,0.0,0.000418,0.9454177379185161,1.0,1868.0473991252873,1000.0,1868.708229727979,1000.0,0.037506954818232144,0.0
4120,1698642180000.0,0.0,0.0,72800.0,0.0004140398173137672,0.0,0.0,0.0004161,0.9454177379185161,1.0,1868.4959428724214,1000.0,1868.6459241719792,1000.0,0.01613174425955942,0.0
4121,1698645780000.0,0.0,0.0,21600.0,0.0004140398173137672,0.0,0.0,0.0004229,0.9454177379185161,1.0,1868.8838260179566,1000.0,1869.0752059639792,1000.0,0.0047853483076221144,0.0
4122,1698649380000.0,0.0,0.0,100.0,0.0004140398173137672,0.0,0.0,0.0004248,0.9454177379185161,1.0,1869.1928773957106,1000.0,1869.1939534139792,1000.0,2.2150727317698547e-05,0.0
4123,1698652980000.0,0.0,0.0,0.0,0.0004140398173137672,0.0,0.0,0.0004299,0.9454177379185161,1.0,1869.194314843979,1000.0,1869.194314843979,1000.0,0.0,0.0
4124,1698656580000.0,0.0,0.0,0.0,0.0004140398173137672,0.0,0.0,0.0004303,0.9454177379185161,1.0,1869.194314843979,1000.0,1869.194314843979,1000.0,0.0,0.0
4125,1698660180000.0,0.0,0.0,0.0,0.0004140398173137672,0.0,0.0,0.0004306,0.9454177379185161,1.0,1869.194314843979,1000.0,1869.194314843979,1000.0,0.0,0.0
4126,1698663780000.0,0.0,0.0,0.0,0.0004140398173137672,0.0,0.0,0.000423,0.9454177379185161,1.0,1869.194314843979,1000.0,1869.194314843979,1000.0,0.0,0.0
4127,1698667380000.0,0.0,0.0,0.0,0.0004140398173137672,0.0,0.0,0.0004268,0.9454177379185161,1.0,1869.194314843979,1000.0,1869.194314843979,1000.0,0.0,0.0
4128,1698670980000.0,0.0,0.0,148700.0,0.0004191,0.0,0.0,0.0004275,0.9454177379185161,1.0,1869.748819249979,1000.0,1870.9978992499791,1000.0,0.03333077114871439,0.0
4129,1698674580000.0,0.0,0.0,13200.0,0.0004191,0.0,0.0,0.0004304,0.9454177379185161,1.0,1870.794150259979,1000.0,1870.943310259979,1000.0,0.0029570971232891746,0.0
4130,1698678180000.0,0.0,0.0,13200.0,0.0004191,0.0,0.0,0.0004311,0.9454177379185161,1.0,1870.794150259979,1000.0,1870.952550259979,1000.0,0.0029570971232891746,0.0
4131,1698681780000.0,0.0,0.0,1800.0,0.0004191,0.0,0.0,0.00043,0.9454177379185161,1.0,1870.8820969279793,1000.0,1870.9017169279794,1000.0,0.0004032215612297028,0.0
4132,1698685380000.0,0.0,0.0,57300.0,0.0004210064909761304,0.0,0.0,0.0004218,0.9454177379185161,1.0,1871.3840067829126,1000.0,1871.4294748499804,1000.0,0.012890818691137134,0.0
4133,1698688980000.0,0.0,0.0,222300.0,0.0004210016731126058,0.0,0.0,0.0004151,0.9454177379185161,1.0,1871.3701137829125,1000.0,1870.0581718499802,1000.0,0.050010776192073454,0.0
4134,1698692580000.0,0.0,0.0,222300.0,0.0004210016731126058,0.0,0.0,0.0004157,0.9454177379185161,1.0,1871.3701137829125,1000.0,1870.1915518499802,1000.0,0.050010776192073454,0.0
4135,1698696180000.0,0.0,0.0,222300.0,0.0004210016731126058,0.0,0.0,0.0004167,0.9454177379185161,1.0,1871.3701137829125,1000.0,1870.4138518499803,1000.0,0.050010776192073454,0.0
4136,1698699780000.0,0.0,0.0,222300.0,0.0004210016731126058,0.0,0.0,0.0004169,0.9454177379185161,1.0,1871.3701137829125,1000.0,1870.4583118499802,1000.0,0.050010776192073454,0.0
4137,1698703380000.0,0.0,0.0,223600.0,0.0004198555872378667,0.0,0.0,0.0004162,0.9454177379185161,1.0,1871.4547671963671,1000.0,1870.6373778899801,1000.0,0.05016402798077161,0.0
4138,1698706980000.0,0.0,0.0,41600.0,0.00041941551376135054,0.0,0.0,0.0004205,0.9454177379185161,1.0,1872.6537699104524,1000.0,1872.6988845379801,1000.0,0.009317090886109986,0.0
4139,1698710580000.0,0.0,0.0,3300.0,0.00041941551376135054,0.0,0.0,0.000419,0.9454177379185161,1.0,1872.6882554693925,1000.0,1872.68688427398,1000.0,0.0007390825415656472,0.0
4140,1698714180000.0,0.0,0.0,1200.0,0.00041941551376135054,0.0,0.0,0.0004218,0.9454177379185161,1.0,1872.6901463224938,1000.0,1872.69300770598,1000.0,0.0002687570164781271,0.0
4141,1698717780000.0,0.0,0.0,125900.0,0.0004186018227844465,0.0,0.0,0.0004189,0.9454177379185161,1.0,1872.7517266145417,1000.0,1872.78926712598,1000.0,0.028141460899269093,0.0
4142,1698721380000.0,0.0,0.0,223900.0,0.0004184446846902431,0.0,0.0,0.0004179,0.9454177379185161,1.0,1872.819332068125,1000.0,1872.6973771659796,1000.0,0.05002605606312558,0.0
4143,1698724980000.0,0.0,0.0,223900.0,0.0004184446846902431,0.0,0.0,0.0004156,0.9454177379185161,1.0,1872.819332068125,1000.0,1872.1824071659796,1000.0,0.05002605606312558,0.0
4144,1698728580000.0,0.0,0.0,224500.0,0.0004178985758172411,0.0,0.0,0.0004164,0.9454177379185161,1.0,1872.89642674495,1000.0,1872.5599964739795,1000.0,0.05009258864037907,0.0
4145,1698732180000.0,0.0,0.0,224700.0,0.00041762332072818603,0.0,0.0,0.0004172,0.9454177379185161,1.0,1872.937604537603,1000.0,1872.8424843699795,1000.0,0.05010308936094586,0.0
4146,1698735780000.0,0.0,0.0,168600.0,0.0004171758455165282,0.0,0.0,0.0004192,0.9454177379185161,1.0,1873.0643408200665,1000.0,1873.4056132659798,1000.0,0.03755121808751757,0.0
4147,1698739380000.0,0.0,0.0,168800.0,0.0004165079289262444,0.0,0.0,0.0004172,0.9454177379185161,1.0,1873.22133820473,1000.0,1873.33815980198,1000.0,0.0375324244758662,0.0
4148,1698742980000.0,0.0,0.0,225100.0,0.00041640590138938274,0.0,0.0,0.000421,0.9454177379185161,1.0,1873.21665291873,1000.0,1874.25078451598,1000.0,0.050038509030282834,0.0
4149,1698746580000.0,0.0,0.0,66800.0,0.00041640590138938274,0.0,0.0,0.0004239,0.9454177379185161,1.0,1874.4370285567907,1000.0,1874.9376343439799,1000.0,0.014839609861008471,0.0
4150,1698750180000.0,0.0,0.0,221700.0,0.00041804332854781617,0.0,0.0,0.000418,0.9454177379185161,1.0,1875.0428563890307,1000.0,1875.03325044998,1000.0,0.04942831339734547,0.0
4151,1698753780000.0,0.0,0.0,224300.0,0.0004179876636674904,0.0,0.0,0.0004156,0.9454177379185161,1.0,1875.3785841525983,1000.0,1874.8430311919801,1000.0,0.04999237687412418,0.0
4152,1698757380000.0,0.0,0.0,455100.0,0.00041200965273702065,0.0,0.0,0.0004063,0.9454177379185161,1.0,1875.3598339605983,1000.0,1872.7613709999803,1000.0,0.09998379487771285,0.0
4153,1698760980000.0,0.0,0.0,455100.0,0.00041200965273702065,0.0,0.0,0.0004054,0.9454177379185161,1.0,1875.3598339605983,1000.0,1872.35178099998,1000.0,0.09998379487771285,0.0
4154,1698764580000.0,0.0,0.0,455100.0,0.00041200965273702065,0.0,0.0,0.0004066,0.9454177379185161,1.0,1875.3598339605983,1000.0,1872.8979009999803,1000.0,0.09998379487771285,0.0
4155,1698768180000.0,0.0,0.0,455100.0,0.00041200965273702065,0.0,0.0,0.0004062,0.9454177379185161,1.0,1875.3598339605983,1000.0,1872.7158609999801,1000.0,0.09998379487771285,0.0
4156,1698771780000.0,0.0,0.0,341400.0,0.00041200965273702065,0.0,0.0,0.000411,0.9454177379185161,1.0,1875.451677098399,1000.0,1875.10698165398,1000.0,0.07500065032975993,0.0
4157,1698775380000.0,0.0,0.0,85400.0,0.00041200965273702065,0.0,0.0,0.0004199,0.9454177379185161,1.0,1876.3838804057218,1000.0,1877.0577160619803,1000.0,0.01875182616476834,0.0
4158,1698778980000.0,0.0,0.0,11400.0,0.00041200965273702065,0.0,0.0,0.0004139,0.9454177379185161,1.0,1876.9467545431821,1000.0,1876.9683045019801,1000.0,0.002502420502783621,0.0
4159,1698782580000.0,0.0,0.0,900.0,0.00041200965273702065,0.0,0.0,0.0004158,0.9454177379185161,1.0,1876.9552360994437,1000.0,1876.9586474119803,1000.0,0.00019755862064878388,0.0
4160,1698786180000.0,0.0,0.0,300.0,0.00041200965273702065,0.0,0.0,0.0004137,0.9454177379185161,1.0,1876.9557207598014,1000.0,1876.9562278639803,1000.0,6.585285654531642e-05,0.0
4161,1698789780000.0,0.0,0.0,228200.0,0.00041120070959924364,0.0,0.0,0.0004086,0.9454177379185161,1.0,1876.9370508165275,1000.0,1876.3435688859802,1000.0,0.04999421898018676,0.0
4162,1698793380000.0,0.0,0.0,228600.0,0.00041082815050187763,0.0,0.0,0.0004082,0.9454177379185161,1.0,1877.0559183427094,1000.0,1876.4551231379803,1000.0,0.050033307099156085,0.0
4163,1698796980000.0,0.0,0.0,228600.0,0.00041082815050187763,0.0,0.0,0.0004109,0.9454177379185161,1.0,1877.0559183427094,1000.0,1877.0723431379802,1000.0,0.050033307099156085,0.0
4164,1698800580000.0,0.0,0.0,171900.0,0.00040966195831610027,0.0,0.0,0.0004102,0.9454177379185161,1.0,1877.3912604725188,1000.0,1877.4837498379811,1000.0,0.03750997041331357,0.0
4165,1698804180000.0,0.0,0.0,229400.0,0.0004093637381268148,0.0,0.0,0.0004094,0.9454177379185161,1.0,1877.6188147402725,1000.0,1877.627133213981,1000.0,0.05001443359486225,0.0
4166,1698807780000.0,0.0,0.0,172200.0,0.00040902756552006346,0.0,0.0,0.0004101,0.9454177379185161,1.0,1877.827919664536,1000.0,1878.0125928819812,1000.0,0.03750852037344172,0.0
4167,1698811380000.0,0.0,0.0,229700.0,0.0004088724676099473,0.0,0.0,0.0004054,0.9454177379185161,1.0,1877.9551363659864,1000.0,1877.1575105559814,1000.0,0.05001078246828876,0.0
4168,1698814980000.0,0.0,0.0,229700.0,0.0004088724676099473,0.0,0.0,0.0004003,0.9454177379185161,1.0,1877.9551363659864,1000.0,1875.9860405559814,1000.0,0.05001078246828876,0.0
4169,1698818580000.0,0.0,0.0,229700.0,0.0004088724676099473,0.0,0.0,0.0004003,0.9454177379185161,1.0,1877.9551363659864,1000.0,1875.9860405559814,1000.0,0.05001078246828876,0.0
4170,1698822180000.0,0.0,0.0,229700.0,0.0004088724676099473,0.0,0.0,0.0004061,0.9454177379185161,1.0,1877.9551363659864,1000.0,1877.3183005559815,1000.0,0.05001078246828876,0.0
4171,1698825780000.0,0.0,0.0,229700.0,0.0004088724676099473,0.0,0.0,0.0003997,0.9454177379185161,1.0,1877.9551363659864,1000.0,1875.8482205559815,1000.0,0.05001078246828876,0.0
4172,1698829380000.0,0.0,0.0,466000.0,0.00040305499100859416,0.0,0.0,0.0003973,0.9454177379185161,1.0,1877.9363552419863,1000.0,1875.2545294319814,1000.0,0.10001596980947865,0.0
4173,1698832980000.0,0.0,0.0,466000.0,0.00040305499100859416,0.0,0.0,0.0004004,0.9454177379185161,1.0,1877.9363552419863,1000.0,1876.6991294319814,1000.0,0.10001596980947865,0.0
4174,1698836580000.0,0.0,0.0,2914600.0,0.0003754245611095879,0.0,0.0,0.0003702,0.9454177379185161,1.0,1877.7550774819863,1000.0,1862.5275716719814,1000.0,0.5827237209643502,0.0
4175,1698840180000.0,0.0,0.0,518900.0,0.0003754245611095879,0.0,0.0,0.0003781,0.9454177379185161,1.0,1879.6720660497465,1000.0,1881.0603512899813,1000.0,0.10363925084505111,0.0
4176,1698843780000.0,0.0,0.0,249200.0,0.00037665958758072496,0.0,0.0,0.0003815,0.9454177379185161,1.0,1880.069824975098,1000.0,1881.2760557499814,1000.0,0.04992557615585363,0.0
4177,1698847380000.0,0.0,0.0,244700.0,0.0003801563347885388,0.0,0.0,0.0003759,0.9454177379185161,1.0,1880.8977568707367,1000.0,1879.8562317479812,1000.0,0.04945736937744057,0.0
4178,1698850980000.0,0.0,0.0,246500.0,0.0003807934296890058,0.0,0.0,0.0003737,0.9454177379185161,1.0,1880.9843656583212,1000.0,1879.2358352399813,1000.0,0.049902371403011715,0.0
4179,1698854580000.0,0.0,0.0,246500.0,0.0003807934296890058,0.0,0.0,0.0003773,0.9454177379185161,1.0,1880.9843656583212,1000.0,1880.1232352399813,1000.0,0.049902371403011715,0.0
4180,1698858180000.0,0.0,0.0,246100.0,0.00038153737291349543,0.0,0.0,0.0003792,0.9454177379185161,1.0,1881.1307266879926,1000.0,1880.5554992139814,1000.0,0.049914844376248935,0.0
4181,1698861780000.0,0.0,0.0,244600.0,0.00038344349330967644,0.0,0.0,0.0003834,0.9454177379185161,1.0,1881.3512169075277,1000.0,1881.3405784439808,1000.0,0.04985261530152498,0.0
4182,1698865380000.0,0.0,0.0,163100.0,0.0003839491103267496,0.0,0.0,0.0003912,0.9454177379185161,1.0,1882.0141878262739,1000.0,1883.196807931981,1000.0,0.033273978644455054,0.0
4183,1698868980000.0,0.0,0.0,4300.0,0.0003839491103267496,0.0,0.0,0.0003928,0.9454177379185161,1.0,1883.137327770386,1000.0,1883.175386595981,1000.0,0.0008767184156238711,0.0
4184,1698872580000.0,0.0,0.0,100.0,0.0003839491103267496,0.0,0.0,0.0003963,0.9454177379185161,1.0,1883.1727018490137,1000.0,1883.1739369379811,1000.0,2.0388417374028678e-05,0.0
4185,1698876180000.0,0.0,0.0,0.0,0.0003839491103267496,0.0,0.0,0.0003974,0.9454177379185161,1.0,1883.174038989981,1000.0,1883.174038989981,1000.0,0.0,0.0
4186,1698879780000.0,0.0,0.0,0.0,0.0003839491103267496,0.0,0.0,0.0003942,0.9454177379185161,1.0,1883.174038989981,1000.0,1883.174038989981,1000.0,0.0,0.0
4187,1698883380000.0,0.0,0.0,0.0,0.0003839491103267496,0.0,0.0,0.0003936,0.9454177379185161,1.0,1883.174038989981,1000.0,1883.174038989981,1000.0,0.0,0.0
4188,1698886980000.0,0.0,0.0,0.0,0.0003839491103267496,0.0,0.0,0.0003924,0.9454177379185161,1.0,1883.174038989981,1000.0,1883.174038989981,1000.0,0.0,0.0
4189,1698890580000.0,0.0,0.0,0.0,0.0003839491103267496,0.0,0.0,0.0003916,0.9454177379185161,1.0,1883.174038989981,1000.0,1883.174038989981,1000.0,0.0,0.0
4190,1698894180000.0,0.0,0.0,0.0,0.0003839491103267496,0.0,0.0,0.0003952,0.9454177379185161,1.0,1883.174038989981,1000.0,1883.174038989981,1000.0,0.0,0.0
4191,1698897780000.0,0.0,0.0,0.0,0.0003839491103267496,0.0,0.0,0.0003953,0.9454177379185161,1.0,1883.174038989981,1000.0,1883.174038989981,1000.0,0.0,0.0
4192,1698901380000.0,0.0,0.0,0.0,0.0003839491103267496,0.0,0.0,0.0003988,0.9454177379185161,1.0,1883.174038989981,1000.0,1883.174038989981,1000.0,0.0,0.0
4193,1698904980000.0,0.0,0.0,0.0,0.0003839491103267496,0.0,0.0,0.0003989,0.9454177379185161,1.0,1883.174038989981,1000.0,1883.174038989981,1000.0,0.0,0.0
4194,1698908580000.0,0.0,0.0,0.0,0.0003839491103267496,0.0,0.0,0.0003978,0.9454177379185161,1.0,1883.174038989981,1000.0,1883.174038989981,1000.0,0.0,0.0
4195,1698912180000.0,0.0,0.0,0.0,0.0003839491103267496,0.0,0.0,0.0003948,0.9454177379185161,1.0,1883.174038989981,1000.0,1883.174038989981,1000.0,0.0,0.0
4196,1698915780000.0,0.0,0.0,0.0,0.0003839491103267496,0.0,0.0,0.0004029,0.9454177379185161,1.0,1883.174038989981,1000.0,1883.174038989981,1000.0,0.0,0.0
4197,1698919380000.0,0.0,0.0,0.0,0.0003839491103267496,0.0,0.0,0.0003985,0.9454177379185161,1.0,1883.174038989981,1000.0,1883.174038989981,1000.0,0.0,0.0
4198,1698922980000.0,0.0,0.0,0.0,0.0003839491103267496,0.0,0.0,0.0003979,0.9454177379185161,1.0,1883.174038989981,1000.0,1883.174038989981,1000.0,0.0,0.0
4199,1698926580000.0,0.0,0.0,0.0,0.0003839491103267496,0.0,0.0,0.0003995,0.9454177379185161,1.0,1883.174038989981,1000.0,1883.174038989981,1000.0,0.0,0.0
4200,1698930180000.0,0.0,0.0,0.0,0.0003839491103267496,0.0,0.0,0.0004009,0.9454177379185161,1.0,1883.174038989981,1000.0,1883.174038989981,1000.0,0.0,0.0
4201,1698933780000.0,0.0,0.0,165300.0,0.0003937316889632107,0.0,0.0,0.0003957,0.9454177379185161,1.0,1883.4585317356002,1000.0,1883.7838935499815,1000.0,0.034555498349965894,0.0
4202,1698937380000.0,0.0,0.0,23700.0,0.0003936543072665987,0.0,0.0,0.0004009,0.9454177379185161,1.0,1884.7960407182002,1000.0,1884.9677636359818,1000.0,0.004949929265907916,0.0
4203,1698940980000.0,0.0,0.0,1800.0,0.0003936543072665987,0.0,0.0,0.0004057,0.9454177379185161,1.0,1884.9890682250611,1000.0,1885.0107504719813,1000.0,0.00037590549729133805,0.0
4204,1698944580000.0,0.0,0.0,0.0,0.0003936543072665987,0.0,0.0,0.0004125,0.9454177379185161,1.0,1885.0195126379813,1000.0,1885.0195126379813,1000.0,0.0,0.0
4205,1698948180000.0,0.0,0.0,0.0,0.0003936543072665987,0.0,0.0,0.0004192,0.9454177379185161,1.0,1885.0195126379813,1000.0,1885.0195126379813,1000.0,0.0,0.0
4206,1698951780000.0,0.0,0.0,0.0,0.0003936543072665987,0.0,0.0,0.0004276,0.9454177379185161,1.0,1885.0195126379813,1000.0,1885.0195126379813,1000.0,0.0,0.0
4207,1698955380000.0,0.0,0.0,0.0,0.0003936543072665987,0.0,0.0,0.0004262,0.9454177379185161,1.0,1885.0195126379813,1000.0,1885.0195126379813,1000.0,0.0,0.0
4208,1698958980000.0,0.0,0.0,0.0,0.0003936543072665987,0.0,0.0,0.000433,0.9454177379185161,1.0,1885.0195126379813,1000.0,1885.0195126379813,1000.0,0.0,0.0
4209,1698962580000.0,0.0,0.0,0.0,0.0003936543072665987,0.0,0.0,0.0004379,0.9454177379185161,1.0,1885.0195126379813,1000.0,1885.0195126379813,1000.0,0.0,0.0
4210,1698966180000.0,0.0,0.0,0.0,0.0003936543072665987,0.0,0.0,0.0004314,0.9454177379185161,1.0,1885.0195126379813,1000.0,1885.0195126379813,1000.0,0.0,0.0
4211,1698969780000.0,0.0,0.0,0.0,0.0003936543072665987,0.0,0.0,0.0004253,0.9454177379185161,1.0,1885.0195126379813,1000.0,1885.0195126379813,1000.0,0.0,0.0
4212,1698973380000.0,0.0,0.0,0.0,0.0003936543072665987,0.0,0.0,0.0004202,0.9454177379185161,1.0,1885.0195126379813,1000.0,1885.0195126379813,1000.0,0.0,0.0
4213,1698976980000.0,0.0,0.0,86200.0,0.00041074440574662607,0.0,0.0,0.000412,0.9454177379185161,1.0,1886.5084749193404,1000.0,1886.6167071439813,1000.0,0.018768093674677497,0.0
4214,1698980580000.0,0.0,0.0,213600.0,0.00041064067501874927,0.0,0.0,0.000416,0.9454177379185161,1.0,1886.529429543986,1000.0,1887.674181359981,1000.0,0.04649429095055617,0.0
4215,1698984180000.0,0.0,0.0,90200.0,0.00041064067501874927,0.0,0.0,0.0004154,0.9454177379185161,1.0,1886.637651958672,1000.0,1887.0669430719809,1000.0,0.01963269886416036,0.0
4216,1698987780000.0,0.0,0.0,229800.0,0.0004106431584628145,0.0,0.0,0.0004081,0.9454177379185161,1.0,1886.7023743687355,1000.0,1886.1179565539808,1000.0,0.050016260697359996,0.0
4217,1698991380000.0,0.0,0.0,140200.0,0.00041053217616951834,0.0,0.0,0.0004124,0.9454177379185161,1.0,1886.8316755789474,1000.0,1887.093544479981,1000.0,0.03050436975587981,0.0
4218,1698994980000.0,0.0,0.0,23400.0,0.00041053217616951834,0.0,0.0,0.0004148,0.9454177379185161,1.0,1887.3068803923477,1000.0,1887.406747469981,1000.0,0.005090032268821945,0.0
4219,1698998580000.0,0.0,0.0,4700.0,0.00041053217616951834,0.0,0.0,0.0004212,0.9454177379185161,1.0,1887.4487046299776,1000.0,1887.4988434019808,1000.0,0.0010222800880699977,0.0
4220,1699002180000.0,0.0,0.0,1100.0,0.00041053217616951834,0.0,0.0,0.0004179,0.9454177379185161,1.0,1887.4914146097674,1000.0,1887.4995192159809,1000.0,0.00023925162800268098,0.0
4221,1699005780000.0,0.0,0.0,229300.0,0.0004114987335832669,0.0,0.0,0.00041,0.9454177379185161,1.0,1887.520109914624,1000.0,1887.176450303981,1000.0,0.04998975063365604,0.0
4222,1699009380000.0,0.0,0.0,72700.0,0.00041127092859377814,0.0,0.0,0.0004133,0.9454177379185161,1.0,1887.8375587867486,1000.0,1887.9850722779809,1000.0,0.015837907435204877,0.0
4223,1699012980000.0,0.0,0.0,129300.0,0.000411008789742128,0.0,0.0,0.0004115,0.9454177379185161,1.0,1888.0749990716383,1000.0,1888.1385125579811,1000.0,0.028146888518616922,0.0
4224,1699016580000.0,0.0,0.0,148200.0,0.0004109109211979832,0.0,0.0,0.0004136,0.9454177379185161,1.0,1888.2686944955221,1000.0,1888.667215973981,1000.0,0.032250176417721425,0.0
4225,1699020180000.0,0.0,0.0,172400.0,0.00041090528475724863,0.0,0.0,0.0004157,0.9454177379185161,1.0,1888.3354257341305,1000.0,1889.1620346419809,1000.0,0.03751455918622566,0.0
4226,1699023780000.0,0.0,0.0,115000.0,0.00041090528475724863,0.0,0.0,0.0004154,0.9454177379185161,1.0,1888.7722968610644,1000.0,1889.289189113981,1000.0,0.025018424839042173,0.0
4227,1699027380000.0,0.0,0.0,115000.0,0.00041090528475724863,0.0,0.0,0.0004158,0.9454177379185161,1.0,1888.7722968610644,1000.0,1889.3351891139807,1000.0,0.025018424839042173,0.0
4228,1699030980000.0,0.0,0.0,76700.0,0.00041090528475724863,0.0,0.0,0.0004147,0.9454177379185161,1.0,1889.0637979788617,1000.0,1889.3548526379807,1000.0,0.01668362676506791,0.0
4229,1699034580000.0,0.0,0.0,229900.0,0.0004110225566962892,0.0,0.0,0.0004109,0.9454177379185161,1.0,1889.175951120458,1000.0,1889.1477753359811,1000.0,0.05001867916454953,0.0
4230,1699038180000.0,0.0,0.0,105100.0,0.0004109919575037403,0.0,0.0,0.0004134,0.9454177379185161,1.0,1889.3199133016242,1000.0,1889.5729985679811,1000.0,0.022862858973501494,0.0
4231,1699041780000.0,0.0,0.0,105100.0,0.0004109919575037403,0.0,0.0,0.0004152,0.9454177379185161,1.0,1889.3199133016242,1000.0,1889.762178567981,1000.0,0.022862858973501494,0.0
4232,1699045380000.0,0.0,0.0,105100.0,0.0004109919575037403,0.0,0.0,0.000417,0.9454177379185161,1.0,1889.3199133016242,1000.0,1889.951358567981,1000.0,0.022862858973501494,0.0
4233,1699048980000.0,0.0,0.0,129300.0,0.0004111590541299221,0.0,0.0,0.0004132,0.9454177379185161,1.0,1889.3958597029798,1000.0,1889.6597540039809,1000.0,0.028137494546725816,0.0
4234,1699052580000.0,0.0,0.0,97000.0,0.0004111769512363906,0.0,0.0,0.0004135,0.9454177379185161,1.0,1889.4991542439109,1000.0,1889.724489973981,1000.0,0.02110832607696491,0.0
4235,1699056180000.0,0.0,0.0,13100.0,0.0004111769512363906,0.0,0.0,0.000412,0.9454177379185161,1.0,1889.5696829971778,1000.0,1889.5804649359811,1000.0,0.0028506056747549763,0.0
4236,1699059780000.0,0.0,0.0,97100.0,0.00041100433137735586,0.0,0.0,0.0004123,0.9454177379185161,1.0,1889.7059957247225,1000.0,1889.8318051479812,1000.0,0.021118904563477297,0.0
4237,1699063380000.0,0.0,0.0,172500.0,0.0004110012278158493,0.0,0.0,0.000417,0.9454177379185161,1.0,1889.7973999262153,1000.0,1890.8321881279815,1000.0,0.037516038386444024,0.0
4238,1699066980000.0,0.0,0.0,51200.0,0.0004110012278158493,0.0,0.0,0.0004152,0.9454177379185161,1.0,1890.721103330153,1000.0,1890.9360804659816,1000.0,0.01112975511147979,0.0
4239,1699070580000.0,0.0,0.0,10200.0,0.0004110012278158493,0.0,0.0,0.00042,0.9454177379185161,1.0,1891.0333196497033,1000.0,1891.1251071259817,1000.0,0.002216889824288359,0.0
4240,1699074180000.0,0.0,0.0,2100.0,0.0004110012278158493,0.0,0.0,0.0004188,0.9454177379185161,1.0,1891.0950014103948,1000.0,1891.1113788319815,1000.0,0.00045640360625435225,0.0
4241,1699077780000.0,0.0,0.0,300.0,0.0004110012278158493,0.0,0.0,0.0004201,0.9454177379185161,1.0,1891.1087084683265,1000.0,1891.1114380999818,1000.0,6.520004259544654e-05,0.0
4242,1699081380000.0,0.0,0.0,100.0,0.0004110012278158493,0.0,0.0,0.0004198,0.9454177379185161,1.0,1891.1102314747634,1000.0,1891.111111351982,1000.0,2.1733330028854746e-05,0.0
4243,1699084980000.0,0.0,0.0,0.0,0.0004110012278158493,0.0,0.0,0.0004161,0.9454177379185161,1.0,1891.1109929779818,1000.0,1891.1109929779818,1000.0,0.0,0.0
4244,1699088580000.0,0.0,0.0,0.0,0.0004110012278158493,0.0,0.0,0.0004171,0.9454177379185161,1.0,1891.1109929779818,1000.0,1891.1109929779818,1000.0,0.0,0.0
4245,1699092180000.0,0.0,0.0,0.0,0.0004110012278158493,0.0,0.0,0.000417,0.9454177379185161,1.0,1891.1109929779818,1000.0,1891.1109929779818,1000.0,0.0,0.0
4246,1699095780000.0,0.0,0.0,0.0,0.0004110012278158493,0.0,0.0,0.0004169,0.9454177379185161,1.0,1891.1109929779818,1000.0,1891.1109929779818,1000.0,0.0,0.0
4247,1699099380000.0,0.0,0.0,40800.0,0.0004135,0.0,0.0,0.000415,0.9454177379185161,1.0,1891.245616335982,1000.0,1891.3068163359821,1000.0,0.008920470114656373,0.0
4248,1699102980000.0,0.0,0.0,40800.0,0.0004135,0.0,0.0,0.0004182,0.9454177379185161,1.0,1891.245616335982,1000.0,1891.437376335982,1000.0,0.008920470114656373,0.0
4249,1699106580000.0,0.0,0.0,17300.0,0.0004135,0.0,0.0,0.0004149,0.9454177379185161,1.0,1891.264818655982,1000.0,1891.289038655982,1000.0,0.0037824158359185444,0.0
4250,1699110180000.0,0.0,0.0,228600.0,0.00041368862642169734,0.0,0.0,0.0004131,0.9454177379185161,1.0,1891.250493527982,1000.0,1891.115933527982,1000.0,0.050003540156961665,0.0
4251,1699113780000.0,0.0,0.0,228600.0,0.00041368862642169734,0.0,0.0,0.0004122,0.9454177379185161,1.0,1891.250493527982,1000.0,1890.9101935279818,1000.0,0.050003540156961665,0.0
4252,1699117380000.0,0.0,0.0,147600.0,0.00041343095771285477,0.0,0.0,0.0004188,0.9454177379185161,1.0,1891.403441226399,1000.0,1892.1959118679817,1000.0,0.032263031793391475,0.0
4253,1699120980000.0,0.0,0.0,147600.0,0.00041343095771285477,0.0,0.0,0.0004161,0.9454177379185161,1.0,1891.403441226399,1000.0,1891.7973918679818,1000.0,0.032263031793391475,0.0
4254,1699124580000.0,0.0,0.0,147600.0,0.00041343095771285477,0.0,0.0,0.0004149,0.9454177379185161,1.0,1891.403441226399,1000.0,1891.6202718679817,1000.0,0.032263031793391475,0.0
4255,1699128180000.0,0.0,0.0,96600.0,0.0004133116951455353,0.0,0.0,0.0004146,0.9454177379185161,1.0,1891.53293556704,1000.0,1891.6573858159813,1000.0,0.02110770000369557,0.0
4256,1699131780000.0,0.0,0.0,23000.0,0.0004133116951455353,0.0,0.0,0.0004171,0.9454177379185161,1.0,1891.5922177803284,1000.0,1891.679348791981,1000.0,0.00502548535513761,0.0
4257,1699135380000.0,0.0,0.0,23000.0,0.0004133116951455353,0.0,0.0,0.0004181,0.9454177379185161,1.0,1891.5922177803284,1000.0,1891.702348791981,1000.0,0.00502548535513761,0.0
4258,1699138980000.0,0.0,0.0,15400.0,0.0004133116951455353,0.0,0.0,0.0004199,0.9454177379185161,1.0,1891.6500089772223,1000.0,1891.7514688719812,1000.0,0.003364787394620992,0.0
4259,1699142580000.0,0.0,0.0,10300.0,0.0004133116951455353,0.0,0.0,0.0004186,0.9454177379185161,1.0,1891.6887899119802,1000.0,1891.7432594519812,1000.0,0.0022504285497177874,0.0
4260,1699146180000.0,0.0,0.0,2100.0,0.0004133116951455353,0.0,0.0,0.0004194,0.9454177379185161,1.0,1891.7511435717868,1000.0,1891.7639290119812,1000.0,0.00045881011503809757,0.0
4261,1699149780000.0,0.0,0.0,700.0,0.0004133116951455353,0.0,0.0,0.0004213,0.9454177379185161,1.0,1891.7617893185832,1000.0,1891.7673811319812,1000.0,0.00015293584437292592,0.0
4262,1699153380000.0,0.0,0.0,700.0,0.0004133116951455353,0.0,0.0,0.0004199,0.9454177379185161,1.0,1891.7617893185832,1000.0,1891.7664011319812,1000.0,0.00015293584437292592,0.0
4263,1699156980000.0,0.0,0.0,100.0,0.0004133116951455353,0.0,0.0,0.0004228,0.9454177379185161,1.0,1891.7663517814954,1000.0,1891.7673006119808,1000.0,2.1847925075753436e-05,0.0
4264,1699160580000.0,0.0,0.0,0.0,0.0004133116951455353,0.0,0.0,0.0004222,0.9454177379185161,1.0,1891.7671121919807,1000.0,1891.7671121919807,1000.0,0.0,0.0
4265,1699164180000.0,0.0,0.0,0.0,0.0004133116951455353,0.0,0.0,0.0004216,0.9454177379185161,1.0,1891.7671121919807,1000.0,1891.7671121919807,1000.0,0.0,0.0
4266,1699167780000.0,0.0,0.0,0.0,0.0004133116951455353,0.0,0.0,0.0004216,0.9454177379185161,1.0,1891.7671121919807,1000.0,1891.7671121919807,1000.0,0.0,0.0
4267,1699171380000.0,0.0,0.0,0.0,0.0004133116951455353,0.0,0.0,0.0004261,0.9454177379185161,1.0,1891.7671121919807,1000.0,1891.7671121919807,1000.0,0.0,0.0
4268,1699174980000.0,0.0,0.0,0.0,0.0004133116951455353,0.0,0.0,0.000426,0.9454177379185161,1.0,1891.7671121919807,1000.0,1891.7671121919807,1000.0,0.0,0.0
4269,1699178580000.0,0.0,0.0,0.0,0.0004133116951455353,0.0,0.0,0.0004289,0.9454177379185161,1.0,1891.7671121919807,1000.0,1891.7671121919807,1000.0,0.0,0.0
4270,1699182180000.0,0.0,0.0,0.0,0.0004133116951455353,0.0,0.0,0.0004271,0.9454177379185161,1.0,1891.7671121919807,1000.0,1891.7671121919807,1000.0,0.0,0.0
4271,1699185780000.0,0.0,0.0,0.0,0.0004133116951455353,0.0,0.0,0.0004244,0.9454177379185161,1.0,1891.7671121919807,1000.0,1891.7671121919807,1000.0,0.0,0.0
4272,1699189380000.0,0.0,0.0,127200.0,0.0004188,0.0,0.0,0.00042,0.9454177379185161,1.0,1891.828735929981,1000.0,1891.981375929981,1000.0,0.0281586588617986,0.0
4273,1699192980000.0,0.0,0.0,458300.0,0.0004128163211869954,0.0,0.0,0.0004083,0.9454177379185161,1.0,1891.914545347981,1000.0,1889.844715347981,1000.0,0.10000119744583996,0.0
4274,1699196580000.0,0.0,0.0,458300.0,0.0004128163211869954,0.0,0.0,0.0004113,0.9454177379185161,1.0,1891.914545347981,1000.0,1891.219615347981,1000.0,0.10000119744583996,0.0
4275,1699200180000.0,0.0,0.0,458300.0,0.0004128163211869954,0.0,0.0,0.0004061,0.9454177379185161,1.0,1891.914545347981,1000.0,1888.836455347981,1000.0,0.10000119744583996,0.0
4276,1699203780000.0,0.0,0.0,458300.0,0.0004128163211869954,0.0,0.0,0.0004065,0.9454177379185161,1.0,1891.914545347981,1000.0,1889.019775347981,1000.0,0.10000119744583996,0.0
4277,1699207380000.0,0.0,0.0,458300.0,0.0004128163211869954,0.0,0.0,0.0004067,0.9454177379185161,1.0,1891.914545347981,1000.0,1889.111435347981,1000.0,0.10000119744583996,0.0
4278,1699210980000.0,0.0,0.0,458300.0,0.0004128163211869954,0.0,0.0,0.000407,0.9454177379185161,1.0,1891.914545347981,1000.0,1889.248925347981,1000.0,0.10000119744583996,0.0
4279,1699214580000.0,0.0,0.0,458300.0,0.0004128163211869954,0.0,0.0,0.0004056,0.9454177379185161,1.0,1891.914545347981,1000.0,1888.6073053479809,1000.0,0.10000119744583996,0.0
4280,1699218180000.0,0.0,0.0,458300.0,0.0004128163211869954,0.0,0.0,0.0004065,0.9454177379185161,1.0,1891.914545347981,1000.0,1889.019775347981,1000.0,0.10000119744583996,0.0
4281,1699221780000.0,0.0,0.0,695300.0,0.0004081750611246944,0.0,0.0,0.0004009,0.9454177379185161,1.0,1891.895623267981,1000.0,1886.837273267981,1000.0,0.15001045327742168,0.0
4282,1699225380000.0,0.0,0.0,695300.0,0.0004081750611246944,0.0,0.0,0.0004056,0.9454177379185161,1.0,1891.895623267981,1000.0,1890.105183267981,1000.0,0.15001045327742168,0.0
4283,1699228980000.0,0.0,0.0,695300.0,0.0004081750611246944,0.0,0.0,0.0004038,0.9454177379185161,1.0,1891.895623267981,1000.0,1888.853643267981,1000.0,0.15001045327742168,0.0
4284,1699232580000.0,0.0,0.0,695300.0,0.0004081750611246944,0.0,0.0,0.0004076,0.9454177379185161,1.0,1891.895623267981,1000.0,1891.4957832679809,1000.0,0.15001045327742168,0.0
4285,1699236180000.0,0.0,0.0,391200.0,0.0004081750611246944,0.0,0.0,0.0004028,0.9454177379185161,1.0,1892.1520157179611,1000.0,1890.0492918059806,1000.0,0.08438966984975145,0.0
4286,1699239780000.0,0.0,0.0,391200.0,0.0004081750611246944,0.0,0.0,0.0004031,0.9454177379185161,1.0,1892.1520157179611,1000.0,1890.1666518059808,1000.0,0.08438966984975145,0.0
4287,1699243380000.0,0.0,0.0,391200.0,0.0004081750611246944,0.0,0.0,0.0004017,0.9454177379185161,1.0,1892.1520157179611,1000.0,1889.6189718059807,1000.0,0.08438966984975145,0.0
4288,1699246980000.0,0.0,0.0,630500.0,0.00040328845981281593,0.0,0.0,0.0003943,0.9454177379185161,1.0,1892.1330966599612,1000.0,1886.4658727479807,1000.0,0.1343845072848363,0.0
4289,1699250580000.0,0.0,0.0,898400.0,0.0003989084081834154,0.0,0.0,0.0003917,0.9454177379185161,1.0,1892.1122754719613,1000.0,1885.6362415599808,1000.0,0.18940700219419462,0.0
4290,1699254180000.0,0.0,0.0,898400.0,0.0003989084081834154,0.0,0.0,0.0003937,0.9454177379185161,1.0,1892.1122754719613,1000.0,1887.433041559981,1000.0,0.18940700219419462,0.0
4291,1699257780000.0,0.0,0.0,898400.0,0.0003989084081834154,0.0,0.0,0.0003932,0.9454177379185161,1.0,1892.1122754719613,1000.0,1886.9838415599809,1000.0,0.18940700219419462,0.0
4292,1699261380000.0,0.0,0.0,898400.0,0.0003989084081834154,0.0,0.0,0.0003971,0.9454177379185161,1.0,1892.1122754719613,1000.0,1890.487601559981,1000.0,0.18940700219419462,0.0
4293,1699264980000.0,0.0,0.0,673800.0,0.0003989084081834154,0.0,0.0,0.0003943,0.9454177379185161,1.0,1892.2945679779662,1000.0,1889.1894225439808,1000.0,0.14204156687993783,0.0
4294,1699268580000.0,0.0,0.0,673800.0,0.0003989084081834154,0.0,0.0,0.0003981,0.9454177379185161,1.0,1892.2945679779662,1000.0,1891.7498625439807,1000.0,0.14204156687993783,0.0
4295,1699272180000.0,0.0,0.0,673800.0,0.0003989084081834154,0.0,0.0,0.0003958,0.9454177379185161,1.0,1892.2945679779662,1000.0,1890.2001225439808,1000.0,0.14204156687993783,0.0
4296,1699275780000.0,0.0,0.0,673800.0,0.0003989084081834154,0.0,0.0,0.0003932,0.9454177379185161,1.0,1892.2945679779662,1000.0,1888.4482425439808,1000.0,0.14204156687993783,0.0
4297,1699279380000.0,0.0,0.0,673800.0,0.0003989084081834154,0.0,0.0,0.0003936,0.9454177379185161,1.0,1892.2945679779662,1000.0,1888.7177625439808,1000.0,0.14204156687993783,0.0
4298,1699282980000.0,0.0,0.0,673800.0,0.0003989084081834154,0.0,0.0,0.0003928,0.9454177379185161,1.0,1892.2945679779662,1000.0,1888.178722543981,1000.0,0.14204156687993783,0.0
4299,1699286580000.0,0.0,0.0,673800.0,0.0003989084081834154,0.0,0.0,0.000395,0.9454177379185161,1.0,1892.2945679779662,1000.0,1889.661082543981,1000.0,0.14204156687993783,0.0
4300,1699290180000.0,0.0,0.0,673800.0,0.0003989084081834154,0.0,0.0,0.0003965,0.9454177379185161,1.0,1892.2945679779662,1000.0,1890.671782543981,1000.0,0.14204156687993783,0.0
4301,1699293780000.0,0.0,0.0,673800.0,0.0003989084081834154,0.0,0.0,0.0003944,0.9454177379185161,1.0,1892.2945679779662,1000.0,1889.256802543981,1000.0,0.14204156687993783,0.0
4302,1699297380000.0,0.0,0.0,673800.0,0.0003989084081834154,0.0,0.0,0.0003931,0.9454177379185161,1.0,1892.2945679779662,1000.0,1888.3808625439808,1000.0,0.14204156687993783,0.0
4303,1699300980000.0,0.0,0.0,673800.0,0.0003989084081834154,0.0,0.0,0.0003952,0.9454177379185161,1.0,1892.2945679779662,1000.0,1889.7958425439808,1000.0,0.14204156687993783,0.0
4304,1699304580000.0,0.0,0.0,673800.0,0.0003989084081834154,0.0,0.0,0.0003918,0.9454177379185161,1.0,1892.2945679779662,1000.0,1887.504922543981,1000.0,0.14204156687993783,0.0
4305,1699308180000.0,0.0,0.0,673800.0,0.0003989084081834154,0.0,0.0,0.0003897,0.9454177379185161,1.0,1892.2945679779662,1000.0,1886.089942543981,1000.0,0.14204156687993783,0.0
4306,1699311780000.0,0.0,0.0,673800.0,0.0003989084081834154,0.0,0.0,0.0003964,0.9454177379185161,1.0,1892.2945679779662,1000.0,1890.6044025439808,1000.0,0.14204156687993783,0.0
4307,1699315380000.0,0.0,0.0,673800.0,0.0003989084081834154,0.0,0.0,0.0003922,0.9454177379185161,1.0,1892.2945679779662,1000.0,1887.7744425439807,1000.0,0.14204156687993783,0.0
4308,1699318980000.0,0.0,0.0,2778000.0,0.0003764254879172013,0.0,0.0,0.0003628,0.9454177379185161,1.0,1892.139182873966,1000.0,1854.2875774399809,1000.0,0.5526601927061511,0.0
4309,1699322580000.0,0.0,0.0,2778000.0,0.0003764254879172013,0.0,0.0,0.0003593,0.9454177379185161,1.0,1892.139182873966,1000.0,1844.564577439981,1000.0,0.5526601927061511,0.0
4310,1699326180000.0,0.0,0.0,2778000.0,0.0003764254879172013,0.0,0.0,0.0003582,0.9454177379185161,1.0,1892.139182873966,1000.0,1841.5087774399808,1000.0,0.5526601927061511,0.0
4311,1699329780000.0,0.0,0.0,2778000.0,0.0003764254879172013,0.0,0.0,0.0003624,0.9454177379185161,1.0,1892.139182873966,1000.0,1853.1763774399808,1000.0,0.5526601927061511,0.0
4312,1699333380000.0,0.0,0.0,2778000.0,0.0003764254879172013,0.0,0.0,0.0003627,0.9454177379185161,1.0,1892.139182873966,1000.0,1854.0097774399808,1000.0,0.5526601927061511,0.0
4313,1699336980000.0,0.0,0.0,2778000.0,0.0003764254879172013,0.0,0.0,0.0003668,0.9454177379185161,1.0,1892.139182873966,1000.0,1865.399577439981,1000.0,0.5526601927061511,0.0
4314,1699340580000.0,0.0,0.0,2778000.0,0.0003764254879172013,0.0,0.0,0.0003711,0.9454177379185161,1.0,1892.139182873966,1000.0,1877.3449774399808,1000.0,0.5526601927061511,0.0
4315,1699344180000.0,0.0,0.0,2778000.0,0.0003764254879172013,0.0,0.0,0.0003688,0.9454177379185161,1.0,1892.139182873966,1000.0,1870.955577439981,1000.0,0.5526601927061511,0.0
4316,1699347780000.0,0.0,0.0,2778000.0,0.0003764254879172013,0.0,0.0,0.0003658,0.9454177379185161,1.0,1892.139182873966,1000.0,1862.621577439981,1000.0,0.5526601927061511,0.0
4317,1699351380000.0,0.0,0.0,2778000.0,0.0003764254879172013,0.0,0.0,0.0003653,0.9454177379185161,1.0,1892.139182873966,1000.0,1861.2325774399808,1000.0,0.5526601927061511,0.0
4318,1699354980000.0,0.0,0.0,2778000.0,0.0003764254879172013,0.0,0.0,0.0003647,0.9454177379185161,1.0,1892.139182873966,1000.0,1859.5657774399808,1000.0,0.5526601927061511,0.0
4319,1699358580000.0,0.0,0.0,2778000.0,0.0003764254879172013,0.0,0.0,0.0003652,0.9454177379185161,1.0,1892.139182873966,1000.0,1860.9547774399807,1000.0,0.5526601927061511,0.0
4320,1699362180000.0,0.0,0.0,2778000.0,0.0003764254879172013,0.0,0.0,0.0003648,0.9454177379185161,1.0,1892.139182873966,1000.0,1859.8435774399807,1000.0,0.5526601927061511,0.0
4321,1699365780000.0,0.0,0.0,2778000.0,0.0003764254879172013,0.0,0.0,0.000361,0.9454177379185161,1.0,1892.139182873966,1000.0,1849.2871774399807,1000.0,0.5526601927061511,0.0
4322,1699369380000.0,0.0,0.0,2778000.0,0.0003764254879172013,0.0,0.0,0.0003655,0.9454177379185161,1.0,1892.139182873966,1000.0,1861.7881774399807,1000.0,0.5526601927061511,0.0
4323,1699372980000.0,0.0,0.0,3958600.0,0.00036770937337290586,0.0,0.0,0.0003481,0.9454177379185161,1.0,1892.0572020099662,1000.0,1814.431536575981,1000.0,0.7693289208633122,0.0
4324,1699376580000.0,1.861668511999975e-08,0.0,5275600.0,0.00035864510679998204,0.0,0.0,0.0003342,0.9454177379185161,1.0,1891.9699112499661,1000.0,1763.0073058159808,1000.0,1.0000519110708024,0.0
4325,1699380180000.0,1.861668511999975e-08,0.0,5275600.0,0.00035864510679998204,0.0,0.0,0.0003484,0.9454177379185161,1.0,1891.9699112499661,1000.0,1837.9208258159808,1000.0,1.0000519110708024,0.0
4326,1699383780000.0,0.0,0.0,3917100.0,0.00035864510679998204,0.0,0.0,0.000355,0.9454177379185161,1.0,1892.9649812401904,1000.0,1878.6867333939808,1000.0,0.7421419634111838,0.0
4327,1699387380000.0,0.0,0.0,3917100.0,0.00035864510679998204,0.0,0.0,0.0003554,0.9454177379185161,1.0,1892.9649812401904,1000.0,1880.2535733939808,1000.0,0.7421419634111838,0.0
4328,1699390980000.0,0.0,0.0,929700.0,0.00035864510679998204,0.0,0.0,0.0003572,0.9454177379185161,1.0,1895.3040951259238,1000.0,1893.9605793339806,1000.0,0.17592551857478578,0.0
4329,1699394580000.0,0.0,0.0,39400.0,0.00035864510679998204,0.0,0.0,0.0003591,0.9454177379185161,1.0,1896.0011939718995,1000.0,1896.0191167639803,1000.0,0.0074528524838728145,0.0
4330,1699398180000.0,0.0,0.0,238300.0,0.0003562729389247495,0.0,0.0,0.0003571,0.9454177379185161,1.0,1896.126589967748,1000.0,1896.3236786219802,1000.0,0.04477540782085225,0.0
4331,1699401780000.0,0.0,0.0,266600.0,0.0003557389580004255,0.0,0.0,0.0003557,0.9454177379185161,1.0,1896.5222230448933,1000.0,1896.5118368419799,1000.0,0.050007326595227795,0.0
4332,1699405380000.0,0.0,0.0,112500.0,0.0003557389580004255,0.0,0.0,0.0003564,0.9454177379185161,1.0,1896.628512287028,1000.0,1896.70287951198,1000.0,0.021100933849607397,0.0
4333,1699408980000.0,0.0,0.0,267200.0,0.000355035827286976,0.0,0.0,0.0003557,0.9454177379185161,1.0,1897.0442387730595,1000.0,1897.2217057219796,1000.0,0.05000704312116392,0.0
4334,1699412580000.0,0.0,0.0,267300.0,0.00035500183235432096,0.0,0.0,0.0003529,0.9454177379185161,1.0,1897.0857834602896,1000.0,1896.5239636719796,1000.0,0.05001987291013628,0.0
4335,1699416180000.0,0.0,0.0,267300.0,0.00035500183235432096,0.0,0.0,0.000352,0.9454177379185161,1.0,1897.0857834602896,1000.0,1896.2833936719796,1000.0,0.05001987291013628,0.0
4336,1699419780000.0,0.0,0.0,267300.0,0.00035500183235432096,0.0,0.0,0.0003526,0.9454177379185161,1.0,1897.0857834602896,1000.0,1896.4437736719797,1000.0,0.05001987291013628,0.0
4337,1699423380000.0,0.0,0.0,267300.0,0.00035500183235432096,0.0,0.0,0.0003518,0.9454177379185161,1.0,1897.0857834602896,1000.0,1896.2299336719796,1000.0,0.05001987291013628,0.0
4338,1699426980000.0,0.0,0.0,113600.0,0.00035439021333472624,0.0,0.0,0.000354,0.9454177379185161,1.0,1897.2443181828044,1000.0,1897.1999899479795,1000.0,0.021219580340282707,0.0
4339,1699430580000.0,0.0,0.0,151500.0,0.00035268965351184544,0.0,0.0,0.0003537,0.9454177379185161,1.0,1897.3782080210242,1000.0,1897.5312755139796,1000.0,0.028161218612695542,0.0
4340,1699434180000.0,0.0,0.0,113700.0,0.00035268965351184544,0.0,0.0,0.0003554,0.9454177379185161,1.0,1897.4061666582766,1000.0,1897.7143330539798,1000.0,0.021134543730783075,0.0
4341,1699437780000.0,0.0,0.0,85300.0,0.00035268965351184544,0.0,0.0,0.0003549,0.9454177379185161,1.0,1897.42717261854,1000.0,1897.6157151739797,1000.0,0.015855379262352646,0.0
4342,1699441380000.0,0.0,0.0,151400.0,0.00035278958066617427,0.0,0.0,0.000354,0.9454177379185161,1.0,1897.8886281848384,1000.0,1898.0718856719795,1000.0,0.02814303311566967,0.0
4343,1699444980000.0,0.0,0.0,269200.0,0.000352661335941473,0.0,0.0,0.0003532,0.9454177379185161,1.0,1898.1143512794242,1000.0,1898.2593596439797,1000.0,0.05001618135991259,0.0
4344,1699448580000.0,0.0,0.0,6800.0,0.0003526345185554723,0.0,0.0,0.0003596,0.9454177379185161,1.0,1898.9986523401574,1000.0,1899.0460176139802,1000.0,0.0012627258704066139,0.0
4345,1699452180000.0,0.0,0.0,113600.0,0.0003529948000931888,0.0,0.0,0.0003566,0.9454177379185161,1.0,1899.1728155445662,1000.0,1899.58236625398,1000.0,0.0211145657532424,0.0
4346,1699455780000.0,0.0,0.0,15100.0,0.0003529948000931888,0.0,0.0,0.0003606,0.9454177379185161,1.0,1899.816343615387,1000.0,1899.93118213398,1000.0,0.0028056509247960447,0.0
4347,1699459380000.0,0.0,0.0,400.0,0.0003529948000931888,0.0,0.0,0.000362,0.9454177379185161,1.0,1899.912382830017,1000.0,1899.9159849099797,1000.0,7.431812188462817e-05,0.0
4348,1699462980000.0,0.0,0.0,200.0,0.0003529948000931888,0.0,0.0,0.000364,0.9454177379185161,1.0,1899.9148492539982,1000.0,1899.9170502939796,1000.0,3.71590127033106e-05,0.0
4349,1699466580000.0,0.0,0.0,0.0,0.0003529948000931888,0.0,0.0,0.0003646,0.9454177379185161,1.0,1899.9173156779796,1000.0,1899.9173156779796,1000.0,0.0,0.0
4350,1699470180000.0,0.0,0.0,0.0,0.0003529948000931888,0.0,0.0,0.000363,0.9454177379185161,1.0,1899.9173156779796,1000.0,1899.9173156779796,1000.0,0.0,0.0
4351,1699473780000.0,0.0,0.0,0.0,0.0003529948000931888,0.0,0.0,0.0003653,0.9454177379185161,1.0,1899.9173156779796,1000.0,1899.9173156779796,1000.0,0.0,0.0
4352,1699477380000.0,0.0,0.0,0.0,0.0003529948000931888,0.0,0.0,0.0003639,0.9454177379185161,1.0,1899.9173156779796,1000.0,1899.9173156779796,1000.0,0.0,0.0
4353,1699480980000.0,0.0,0.0,0.0,0.0003529948000931888,0.0,0.0,0.0003631,0.9454177379185161,1.0,1899.9173156779796,1000.0,1899.9173156779796,1000.0,0.0,0.0
4354,1699484580000.0,0.0,0.0,0.0,0.0003529948000931888,0.0,0.0,0.0003612,0.9454177379185161,1.0,1899.9173156779796,1000.0,1899.9173156779796,1000.0,0.0,0.0
4355,1699488180000.0,0.0,0.0,0.0,0.0003529948000931888,0.0,0.0,0.0003611,0.9454177379185161,1.0,1899.9173156779796,1000.0,1899.9173156779796,1000.0,0.0,0.0
4356,1699491780000.0,0.0,0.0,0.0,0.0003529948000931888,0.0,0.0,0.0003652,0.9454177379185161,1.0,1899.9173156779796,1000.0,1899.9173156779796,1000.0,0.0,0.0
4357,1699495380000.0,0.0,0.0,0.0,0.0003529948000931888,0.0,0.0,0.0003688,0.9454177379185161,1.0,1899.9173156779796,1000.0,1899.9173156779796,1000.0,0.0,0.0
4358,1699498980000.0,0.0,0.0,0.0,0.0003529948000931888,0.0,0.0,0.0003733,0.9454177379185161,1.0,1899.9173156779796,1000.0,1899.9173156779796,1000.0,0.0,0.0
4359,1699502580000.0,0.0,0.0,0.0,0.0003529948000931888,0.0,0.0,0.0003715,0.9454177379185161,1.0,1899.9173156779796,1000.0,1899.9173156779796,1000.0,0.0,0.0
4360,1699506180000.0,0.0,0.0,0.0,0.0003529948000931888,0.0,0.0,0.0003715,0.9454177379185161,1.0,1899.9173156779796,1000.0,1899.9173156779796,1000.0,0.0,0.0
4361,1699509780000.0,0.0,0.0,0.0,0.0003529948000931888,0.0,0.0,0.0003749,0.9454177379185161,1.0,1899.9173156779796,1000.0,1899.9173156779796,1000.0,0.0,0.0
4362,1699513380000.0,0.0,0.0,0.0,0.0003529948000931888,0.0,0.0,0.0003759,0.9454177379185161,1.0,1899.9173156779796,1000.0,1899.9173156779796,1000.0,0.0,0.0
4363,1699516980000.0,0.0,0.0,0.0,0.0003529948000931888,0.0,0.0,0.0003794,0.9454177379185161,1.0,1899.9173156779796,1000.0,1899.9173156779796,1000.0,0.0,0.0
4364,1699520580000.0,0.0,0.0,0.0,0.0003529948000931888,0.0,0.0,0.0003844,0.9454177379185161,1.0,1899.9173156779796,1000.0,1899.9173156779796,1000.0,0.0,0.0
4365,1699524180000.0,0.0,0.0,0.0,0.0003529948000931888,0.0,0.0,0.0003863,0.9454177379185161,1.0,1899.9173156779796,1000.0,1899.9173156779796,1000.0,0.0,0.0
4366,1699527780000.0,0.0,0.0,0.0,0.0003529948000931888,0.0,0.0,0.0003864,0.9454177379185161,1.0,1899.9173156779796,1000.0,1899.9173156779796,1000.0,0.0,0.0
4367,1699531380000.0,0.0,0.0,0.0,0.0003529948000931888,0.0,0.0,0.000382,0.9454177379185161,1.0,1899.9173156779796,1000.0,1899.9173156779796,1000.0,0.0,0.0
4368,1699534980000.0,0.0,0.0,0.0,0.0003529948000931888,0.0,0.0,0.0003834,0.9454177379185161,1.0,1899.9173156779796,1000.0,1899.9173156779796,1000.0,0.0,0.0
4369,1699538580000.0,0.0,0.0,0.0,0.0003529948000931888,0.0,0.0,0.0003841,0.9454177379185161,1.0,1899.9173156779796,1000.0,1899.9173156779796,1000.0,0.0,0.0
4370,1699542180000.0,0.0,0.0,0.0,0.0003529948000931888,0.0,0.0,0.0003943,0.9454177379185161,1.0,1899.9173156779796,1000.0,1899.9173156779796,1000.0,0.0,0.0
4371,1699545780000.0,0.0,0.0,0.0,0.0003529948000931888,0.0,0.0,0.0003848,0.9454177379185161,1.0,1899.9173156779796,1000.0,1899.9173156779796,1000.0,0.0,0.0
4372,1699549380000.0,0.0,0.0,188500.0,0.00034211758124008424,0.0,0.0,0.000348,0.9454177379185161,1.0,1953.088594047735,1000.0,1954.197429983979,1000.0,0.03301906747102724,0.0
4373,1699552980000.0,0.0,0.0,283500.0,0.0003440886653745983,0.0,0.0,0.0003422,0.9454177379185161,1.0,1955.255657307678,1000.0,1954.7202206739794,1000.0,0.04989073232910142,0.0
4374,1699556580000.0,0.0,0.0,283700.0,0.00034382917111307513,0.0,0.0,0.0003389,0.9454177379185161,1.0,1955.352067044759,1000.0,1953.9536611999795,1000.0,0.04988581723403091,0.0
4375,1699560180000.0,0.0,0.0,299300.0,0.0003269801409875884,0.0,0.0,0.0003264,0.9454177379185161,1.0,1957.7346984155645,1000.0,1957.5610622179793,1000.0,0.04998897770815909,0.0
4376,1699563780000.0,0.0,0.0,299200.0,0.00032703503225840107,0.0,0.0,0.0003254,0.9454177379185161,1.0,1957.7787531096928,1000.0,1957.2895514579793,1000.0,0.04997954007637103,0.0
4377,1699567380000.0,0.0,0.0,298300.0,0.00032866716143204334,0.0,0.0,0.0003258,0.9454177379185161,1.0,1958.3160055531578,1000.0,1957.4607312979792,1000.0,0.050064143875229755,0.0
4378,1699570980000.0,0.0,0.0,291100.0,0.0003337724938048957,0.0,0.0,0.0003376,0.9454177379185161,1.0,1959.5649786725846,1000.0,1960.6791657259796,1000.0,0.04958303195050078,0.0
4379,1699574580000.0,0.0,0.0,286400.0,0.0003413432026744464,0.0,0.0,0.0003416,0.9454177379185161,1.0,1961.4140562919415,1000.0,1961.48760304598,1000.0,0.04984194588203283,0.0
4380,1699578180000.0,0.0,0.0,214300.0,0.000342516888354923,0.0,0.0,0.0003455,0.9454177379185161,1.0,1961.6481725124397,1000.0,1962.2874533379797,1000.0,0.03741821301240222,0.0
4381,1699581780000.0,0.0,0.0,213400.0,0.0003441630945008493,0.0,0.0,0.0003483,0.9454177379185161,1.0,1961.855856020461,1000.0,1962.7386716539797,1000.0,0.03743618785299548,0.0
4382,1699585380000.0,0.0,0.0,94900.0,0.0003441630945008493,0.0,0.0,0.0003479,0.9454177379185161,1.0,1962.6103201021103,1000.0,1962.9649524339798,1000.0,0.01664165185192306,0.0
4383,1699588980000.0,0.0,0.0,284600.0,0.0003448515043281267,0.0,0.0,0.000344,0.9454177379185161,1.0,1962.8768654357643,1000.0,1962.6345273039794,1000.0,0.050000455892069647,0.0
4384,1699592580000.0,0.0,0.0,71200.0,0.0003448515043281267,0.0,0.0,0.0003482,0.9454177379185161,1.0,1963.529042744142,1000.0,1963.7674556359796,1000.0,0.012504743537609114,0.0
4385,1699596180000.0,0.0,0.0,31700.0,0.0003448515043281267,0.0,0.0,0.0003512,0.9454177379185161,1.0,1963.7809830531812,1000.0,1963.9822303659796,1000.0,0.005566706665121816,0.0
4386,1699599780000.0,0.0,0.0,14200.0,0.0003448515043281267,0.0,0.0,0.0003481,0.9454177379185161,1.0,1963.892602177439,1000.0,1963.9387308159794,1000.0,0.0024934618909557673,0.0
4387,1699603380000.0,0.0,0.0,213200.0,0.00034546759803469177,0.0,0.0,0.0003481,0.9454177379185161,1.0,1963.9210296769759,1000.0,1964.4822577759796,1000.0,0.037503387757455195,0.0
4388,1699606980000.0,0.0,0.0,120000.0,0.00034548176961909645,0.0,0.0,0.0003457,0.9454177379185161,1.0,1964.0707680162714,1000.0,1964.0969556619798,1000.0,0.021108105181039036,0.0
4389,1699610580000.0,0.0,0.0,60100.0,0.0003452891362591166,0.0,0.0,0.0003506,0.9454177379185161,1.0,1964.4142001031526,1000.0,1964.7333830139796,1000.0,0.01056390097774859,0.0
4390,1699614180000.0,0.0,0.0,8000.0,0.0003452891362591166,0.0,0.0,0.0003514,0.9454177379185161,1.0,1964.7445413900527,1000.0,1964.7934282999797,1000.0,0.0014059400761172757,0.0
4391,1699617780000.0,0.0,0.0,1100.0,0.0003452891362591166,0.0,0.0,0.0003517,0.9454177379185161,1.0,1964.788291003865,1000.0,1964.79534295398,1000.0,0.0001933124559140001,0.0
4392,1699621380000.0,0.0,0.0,159600.0,0.00034649743732541614,0.0,0.0,0.0003496,0.9454177379185161,1.0,1964.8626877171166,1000.0,1965.3578567199802,1000.0,0.0281449647055938,0.0
4393,1699624980000.0,0.0,0.0,283500.0,0.0003465506524420633,0.0,0.0,0.0003425,0.9454177379185161,1.0,1964.949545471305,1000.0,1963.8011855039802,1000.0,0.04999981307090497,0.0
4394,1699628580000.0,0.0,0.0,284200.0,0.0003463366424152951,0.0,0.0,0.0003452,0.9454177379185161,1.0,1964.992738000407,1000.0,1964.66970422598,1000.0,0.05009121503145549,0.0
4395,1699632180000.0,0.0,0.0,50700.0,0.0003463366424152951,0.0,0.0,0.0003488,0.9454177379185161,1.0,1965.1547724264356,1000.0,1965.27966465598,1000.0,0.008935310346459129,0.0
4396,1699635780000.0,0.0,0.0,50700.0,0.0003463366424152951,0.0,0.0,0.0003512,0.9454177379185161,1.0,1965.1547724264356,1000.0,1965.40134465598,1000.0,0.008935310346459129,0.0
4397,1699639380000.0,0.0,0.0,50700.0,0.0003463366424152951,0.0,0.0,0.000351,0.9454177379185161,1.0,1965.1547724264356,1000.0,1965.3912046559801,1000.0,0.008935310346459129,0.0
4398,1699642980000.0,0.0,0.0,1400.0,0.0003463366424152951,0.0,0.0,0.00035,0.9454177379185161,1.0,1965.4699373473616,1000.0,1965.4750660479801,1000.0,0.00024669484389865836,0.0
4399,1699646580000.0,0.0,0.0,1000.0,0.0003463366424152951,0.0,0.0,0.0003512,0.9454177379185161,1.0,1965.4724944663953,1000.0,1965.4773578239801,1000.0,0.0001762103735312367,0.0
4400,1699650180000.0,0.0,0.0,200.0,0.0003463366424152951,0.0,0.0,0.0003551,0.9454177379185161,1.0,1965.4804581344633,1000.0,1965.4822108059802,1000.0,3.524193191358623e-05,0.0
4401,1699653780000.0,0.0,0.0,0.0,0.0003463366424152951,0.0,0.0,0.0003555,0.9454177379185161,1.0,1965.4817366939806,1000.0,1965.4817366939806,1000.0,0.0,0.0
4402,1699657380000.0,0.0,0.0,0.0,0.0003463366424152951,0.0,0.0,0.0003515,0.9454177379185161,1.0,1965.4817366939806,1000.0,1965.4817366939806,1000.0,0.0,0.0
4403,1699660980000.0,0.0,0.0,0.0,0.0003463366424152951,0.0,0.0,0.0003505,0.9454177379185161,1.0,1965.4817366939806,1000.0,1965.4817366939806,1000.0,0.0,0.0
4404,1699664580000.0,0.0,0.0,0.0,0.0003463366424152951,0.0,0.0,0.0003521,0.9454177379185161,1.0,1965.4817366939806,1000.0,1965.4817366939806,1000.0,0.0,0.0
4405,1699668180000.0,0.0,0.0,128900.0,0.0003487,0.0,0.0,0.0003503,0.9454177379185161,1.0,1965.620205595981,1000.0,1965.8264455959809,1000.0,0.02286679281787899,0.0
4406,1699671780000.0,0.0,0.0,40900.0,0.0003487,0.0,0.0,0.00035,0.9454177379185161,1.0,1965.6844543959812,1000.0,1965.7376243959811,1000.0,0.007255401531057232,0.0
4407,1699675380000.0,0.0,0.0,281900.0,0.0003486145086910252,0.0,0.0,0.0003463,0.9454177379185161,1.0,1965.6676518759812,1000.0,1965.0151918759811,1000.0,0.049995445520105854,0.0
4408,1699678980000.0,0.0,0.0,281900.0,0.0003486145086910252,0.0,0.0,0.0003416,0.9454177379185161,1.0,1965.6676518759812,1000.0,1963.6902618759812,1000.0,0.049995445520105854,0.0
4409,1699682580000.0,0.0,0.0,281900.0,0.0003486145086910252,0.0,0.0,0.000345,0.9454177379185161,1.0,1965.6676518759812,1000.0,1964.6487218759812,1000.0,0.049995445520105854,0.0
4410,1699686180000.0,0.0,0.0,281900.0,0.0003486145086910252,0.0,0.0,0.0003451,0.9454177379185161,1.0,1965.6676518759812,1000.0,1964.6769118759812,1000.0,0.049995445520105854,0.0
4411,1699689780000.0,0.0,0.0,211500.0,0.0003486145086910252,0.0,0.0,0.0003492,0.9454177379185161,1.0,1965.718030912133,1000.0,1965.841862323981,1000.0,0.037508924183769485,0.0
4412,1699693380000.0,0.0,0.0,16000.0,0.0003486145086910252,0.0,0.0,0.0003494,0.9454177379185161,1.0,1965.857932923038,1000.0,1965.8705007839817,1000.0,0.002837352611113008,0.0
4413,1699696980000.0,0.0,0.0,1100.0,0.0003486145086910252,0.0,0.0,0.0003493,0.9454177379185161,1.0,1965.868595531542,1000.0,1965.869349571982,1000.0,0.00019506693399130344,0.0
4414,1699700580000.0,0.0,0.0,900.0,0.0003486145086910252,0.0,0.0,0.0003521,0.9454177379185161,1.0,1965.8687386538038,1000.0,1965.871875595982,1000.0,0.00015960020710069172,0.0
4415,1699704180000.0,0.0,0.0,600.0,0.0003486145086910252,0.0,0.0,0.0003535,0.9454177379185161,1.0,1965.8706629951964,1000.0,1965.8735942899818,1000.0,0.00010640003391470633,0.0
4416,1699707780000.0,0.0,0.0,300.0,0.0003486145086910252,0.0,0.0,0.0003573,0.9454177379185161,1.0,1965.872587336589,1000.0,1965.8751929839818,1000.0,5.319996488124438e-05,0.0
4417,1699711380000.0,0.0,0.0,300.0,0.0003486145086910252,0.0,0.0,0.0003574,0.9454177379185161,1.0,1965.872587336589,1000.0,1965.8752229839818,1000.0,5.319996488124438e-05,0.0
4418,1699714980000.0,0.0,0.0,0.0,0.0003486145086910252,0.0,0.0,0.0003623,0.9454177379185161,1.0,1965.8756514499817,1000.0,1965.8756514499817,1000.0,0.0,0.0
4419,1699718580000.0,0.0,0.0,0.0,0.0003486145086910252,0.0,0.0,0.0003669,0.9454177379185161,1.0,1965.8756514499817,1000.0,1965.8756514499817,1000.0,0.0,0.0
4420,1699722180000.0,0.0,0.0,0.0,0.0003486145086910252,0.0,0.0,0.0003665,0.9454177379185161,1.0,1965.8756514499817,1000.0,1965.8756514499817,1000.0,0.0,0.0
4421,1699725780000.0,0.0,0.0,0.0,0.0003486145086910252,0.0,0.0,0.0003741,0.9454177379185161,1.0,1965.8756514499817,1000.0,1965.8756514499817,1000.0,0.0,0.0
4422,1699729380000.0,0.0,0.0,0.0,0.0003486145086910252,0.0,0.0,0.0003729,0.9454177379185161,1.0,1965.8756514499817,1000.0,1965.8756514499817,1000.0,0.0,0.0
4423,1699732980000.0,0.0,0.0,0.0,0.0003486145086910252,0.0,0.0,0.000376,0.9454177379185161,1.0,1965.8756514499817,1000.0,1965.8756514499817,1000.0,0.0,0.0
4424,1699736580000.0,0.0,0.0,0.0,0.0003486145086910252,0.0,0.0,0.0003733,0.9454177379185161,1.0,1965.8756514499817,1000.0,1965.8756514499817,1000.0,0.0,0.0
4425,1699740180000.0,0.0,0.0,0.0,0.0003486145086910252,0.0,0.0,0.0003656,0.9454177379185161,1.0,1965.8756514499817,1000.0,1965.8756514499817,1000.0,0.0,0.0
4426,1699743780000.0,0.0,0.0,0.0,0.0003486145086910252,0.0,0.0,0.000363,0.9454177379185161,1.0,1965.8756514499817,1000.0,1965.8756514499817,1000.0,0.0,0.0
4427,1699747380000.0,0.0,0.0,273900.0,0.0003589457176710426,0.0,0.0,0.000358,0.9454177379185161,1.0,1966.01858669608,1000.0,1965.7595546259815,1000.0,0.050007274974606726,0.0
4428,1699750980000.0,0.0,0.0,1201200.0,0.0003458430753164324,0.0,0.0,0.0003393,0.9454177379185161,1.0,1965.95516440208,1000.0,1958.0956223319815,1000.0,0.2113103643421315,0.0
4429,1699754580000.0,0.0,0.0,1201200.0,0.0003458430753164324,0.0,0.0,0.0003433,0.9454177379185161,1.0,1965.95516440208,1000.0,1962.9004223319814,1000.0,0.2113103643421315,0.0
4430,1699758180000.0,0.0,0.0,1201200.0,0.0003458430753164324,0.0,0.0,0.0003408,0.9454177379185161,1.0,1965.95516440208,1000.0,1959.8974223319815,1000.0,0.2113103643421315,0.0
4431,1699761780000.0,0.0,0.0,1201200.0,0.0003458430753164324,0.0,0.0,0.0003436,0.9454177379185161,1.0,1965.95516440208,1000.0,1963.2607823319815,1000.0,0.2113103643421315,0.0
4432,1699765380000.0,0.0,0.0,900900.0,0.0003458430753164324,0.0,0.0,0.0003456,0.9454177379185161,1.0,1966.1616520885555,1000.0,1965.9426655359816,1000.0,0.15846612928372836,0.0
4433,1699768980000.0,0.0,0.0,675700.0,0.0003458430753164324,0.0,0.0,0.0003444,0.9454177379185161,1.0,1966.3165006632948,1000.0,1965.3414146719815,1000.0,0.11884463458069151,0.0
4434,1699772580000.0,0.0,0.0,285100.0,0.0003458430753164324,0.0,0.0,0.0003508,0.9454177379185161,1.0,1966.5850790526965,1000.0,1967.9982982799816,1000.0,0.05013760239664302,0.0
4435,1699776180000.0,0.0,0.0,1100.0,0.0003458430753164324,0.0,0.0,0.0003515,0.9454177379185161,1.0,1968.3988350228294,1000.0,1968.4050576399814,1000.0,0.00019326742938438257,0.0
4436,1699779780000.0,0.0,0.0,281900.0,0.0003491286546290804,0.0,0.0,0.0003491,0.9454177379185161,1.0,1968.5386930359193,1000.0,1968.5306152959815,1000.0,0.049996156076644586,0.0
4437,1699783380000.0,0.0,0.0,67100.0,0.0003490964909718103,0.0,0.0,0.000352,0.9454177379185161,1.0,1968.7407836461903,1000.0,1968.9356091019818,1000.0,0.01189815070566352,0.0
4438,1699786980000.0,0.0,0.0,211600.0,0.0003489922243244853,0.0,0.0,0.0003528,0.9454177379185161,1.0,1968.822722919043,1000.0,1969.6284482519818,1000.0,0.03750807719121273,0.0
4439,1699790580000.0,0.0,0.0,28000.0,0.0003489922243244853,0.0,0.0,0.0003557,0.9454177379185161,1.0,1970.0044965730679,1000.0,1970.1923142919823,1000.0,0.0049602842521852845,0.0
4440,1699794180000.0,0.0,0.0,281700.0,0.00034962964956011924,0.0,0.0,0.0003484,0.9454177379185161,1.0,1969.9867527950678,1000.0,1969.6403605139822,1000.0,0.04999560131119892,0.0
4441,1699797780000.0,0.0,0.0,211600.0,0.0003495164120015433,0.0,0.0,0.0003544,0.9454177379185161,1.0,1970.1263097515086,1000.0,1971.159676971982,1000.0,0.037539558968102314,0.0
4442,1699801380000.0,0.0,0.0,41900.0,0.0003495164120015433,0.0,0.0,0.0003553,0.9454177379185161,1.0,1971.2144919948464,1000.0,1971.4568243319818,1000.0,0.007429296873748304,0.0
4443,1699804980000.0,0.0,0.0,211100.0,0.00035009821486447996,0.0,0.0,0.0003539,0.9454177379185161,1.0,1971.2491492558734,1000.0,1972.0517060979817,1000.0,0.037491827547923295,0.0
4444,1699808580000.0,0.0,0.0,27900.0,0.00035009821486447996,0.0,0.0,0.0003534,0.9454177379185161,1.0,1972.4272104687007,1000.0,1972.5193302739817,1000.0,0.004952142285847861,0.0
4445,1699812180000.0,0.0,0.0,21000.0,0.00035009821486447996,0.0,0.0,0.0003516,0.9454177379185161,1.0,1972.4322585441357,1000.0,1972.4637960319817,1000.0,0.0037274093851926158,0.0
4446,1699815780000.0,0.0,0.0,21000.0,0.00035009821486447996,0.0,0.0,0.0003532,0.9454177379185161,1.0,1972.4322585441357,1000.0,1972.4973960319817,1000.0,0.0037274093851926158,0.0
4447,1699819380000.0,0.0,0.0,281200.0,0.00035073567906124356,0.0,0.0,0.0003513,0.9454177379185161,1.0,1972.4569644660035,1000.0,1972.6156515139817,1000.0,0.05000204046465602,0.0
4448,1699822980000.0,0.0,0.0,158200.0,0.00035073567906124356,0.0,0.0,0.0003539,0.9454177379185161,1.0,1972.5423290414706,1000.0,1973.0429246139818,1000.0,0.028129375786045394,0.0
4449,1699826580000.0,0.0,0.0,47000.0,0.00035073567906124356,0.0,0.0,0.0003546,0.9454177379185161,1.0,1973.2643351778606,1000.0,1973.4459582619822,1000.0,0.008353962833059874,0.0
4450,1699830180000.0,0.0,0.0,47000.0,0.00035073567906124356,0.0,0.0,0.0003552,0.9454177379185161,1.0,1973.2643351778606,1000.0,1973.4741582619822,1000.0,0.008353962833059874,0.0
4451,1699833780000.0,0.0,0.0,10000.0,0.00035073567906124356,0.0,0.0,0.0003554,0.9454177379185161,1.0,1973.3804758565948,1000.0,1973.4271190659824,1000.0,0.0017773342918526547,0.0
4452,1699837380000.0,0.0,0.0,210800.0,0.00035109270536842025,0.0,0.0,0.0003547,0.9454177379185161,1.0,1973.495811321645,1000.0,1974.256229029982,1000.0,0.03750215321820139,0.0
4453,1699840980000.0,0.0,0.0,140600.0,0.00035109270536842025,0.0,0.0,0.0003552,0.9454177379185161,1.0,1973.947602700782,1000.0,1974.525088325982,1000.0,0.025007570772020437,0.0
4454,1699844580000.0,0.0,0.0,280800.0,0.00035129606258831866,0.0,0.0,0.0003452,0.9454177379185161,1.0,1973.937746640782,1000.0,1972.2259722659821,1000.0,0.04997317394769448,0.0
4455,1699848180000.0,0.0,0.0,569900.0,0.00034627596837129293,0.0,0.0,0.000341,0.9454177379185161,1.0,1973.9180068927822,1000.0,1970.9112325179824,1000.0,0.09997511228211768,0.0
4456,1699851780000.0,0.0,0.0,569900.0,0.00034627596837129293,0.0,0.0,0.0003405,0.9454177379185161,1.0,1973.9180068927822,1000.0,1970.6262825179824,1000.0,0.09997511228211768,0.0
4457,1699855380000.0,0.0,0.0,569900.0,0.00034627596837129293,0.0,0.0,0.0003397,0.9454177379185161,1.0,1973.9180068927822,1000.0,1970.1703625179823,1000.0,0.09997511228211768,0.0
4458,1699858980000.0,0.0,0.0,569900.0,0.00034627596837129293,0.0,0.0,0.0003406,0.9454177379185161,1.0,1973.9180068927822,1000.0,1970.6832725179822,1000.0,0.09997511228211768,0.0
4459,1699862580000.0,0.0,0.0,864700.0,0.00034236349528715145,0.0,0.0,0.0003393,0.9454177379185161,1.0,1973.8982670847822,1000.0,1971.2492627099823,1000.0,0.14997820268215697,0.0
4460,1699866180000.0,0.0,0.0,864700.0,0.00034236349528715145,0.0,0.0,0.0003397,0.9454177379185161,1.0,1973.8982670847822,1000.0,1971.5951427099824,1000.0,0.14997820268215697,0.0
4461,1699869780000.0,0.0,0.0,864700.0,0.00034236349528715145,0.0,0.0,0.0003381,0.9454177379185161,1.0,1973.8982670847822,1000.0,1970.2116227099823,1000.0,0.14997820268215697,0.0
4462,1699873380000.0,0.0,0.0,648600.0,0.00034236349528715145,0.0,0.0,0.000342,0.9454177379185161,1.0,1974.0425969712287,1000.0,1973.8068339279823,1000.0,0.11248843534782288,0.0
4463,1699876980000.0,0.0,0.0,947200.0,0.00033865511301018415,0.0,0.0,0.0003347,0.9454177379185161,1.0,1974.0228535392287,1000.0,1970.2765704959822,1000.0,0.16249767446619476,0.0
4464,1699880580000.0,0.0,0.0,532800.0,0.00033865511301018415,0.0,0.0,0.0003385,0.9454177379185161,1.0,1974.3034052358084,1000.0,1974.2207610239823,1000.0,0.09139195309764211,0.0
4465,1699884180000.0,0.0,0.0,299700.0,0.00033865511301018415,0.0,0.0,0.0003373,0.9454177379185161,1.0,1974.4612155651344,1000.0,1974.055088195982,1000.0,0.05140386479564356,0.0
4466,1699887780000.0,0.0,0.0,290700.0,0.00033886931339762436,0.0,0.0,0.0003374,0.9454177379185161,1.0,1974.5074474606718,1000.0,1974.0803180559824,1000.0,0.04989057373846725,0.0
4467,1699891380000.0,0.0,0.0,290700.0,0.00033886931339762436,0.0,0.0,0.0003354,0.9454177379185161,1.0,1974.5074474606718,1000.0,1973.4989180559824,1000.0,0.04989057373846725,0.0
4468,1699894980000.0,0.0,0.0,123200.0,0.00033866312430380857,0.0,0.0,0.0003403,0.9454177379185161,1.0,1974.6958011942118,1000.0,1974.8974642799826,1000.0,0.02112897434075504,0.0
4469,1699898580000.0,0.0,0.0,261000.0,0.00033851109292059364,0.0,0.0,0.0003385,0.9454177379185161,1.0,1974.7096779802575,1000.0,1974.7067827279825,1000.0,0.044741460599231564,0.0
4470,1699902180000.0,0.0,0.0,219300.0,0.0003378987314177666,0.0,0.0,0.0003397,0.9454177379185161,1.0,1974.9611054858992,1000.0,1975.356123685983,1000.0,0.03752032968856119,0.0
4471,1699905780000.0,0.0,0.0,219300.0,0.0003378987314177666,0.0,0.0,0.0003421,0.9454177379185161,1.0,1974.9611054858992,1000.0,1975.882443685983,1000.0,0.03752032968856119,0.0
4472,1699909380000.0,0.0,0.0,146200.0,0.0003378987314177666,0.0,0.0,0.0003415,0.9454177379185161,1.0,1975.4166960152606,1000.0,1975.9432014819831,1000.0,0.02500778424771188,0.0
4473,1699912980000.0,0.0,0.0,444600.0,0.0003332816275173139,0.0,0.0,0.0003354,0.9454177379185161,1.0,1975.568552394181,1000.0,1976.5103807999833,1000.0,0.07500474302176091,0.0
4474,1699916580000.0,0.0,0.0,296400.0,0.0003332816275173139,0.0,0.0,0.0003334,0.9454177379185161,1.0,1976.480052416115,1000.0,1976.5151380199832,1000.0,0.04998010188636822,0.0
4475,1699920180000.0,0.0,0.0,294800.0,0.00033447668449515137,0.0,0.0,0.0003318,0.9454177379185161,1.0,1976.662537093154,1000.0,1975.8734505039833,1000.0,0.04988394566033288,0.0
4476,1699923780000.0,0.0,0.0,294800.0,0.00033447668449515137,0.0,0.0,0.0003322,0.9454177379185161,1.0,1976.662537093154,1000.0,1975.9913705039835,1000.0,0.04988394566033288,0.0
4477,1699927380000.0,0.0,0.0,295000.0,0.0003350977274493725,0.0,0.0,0.000334,0.9454177379185161,1.0,1976.8796531255484,1000.0,1976.5558235279834,1000.0,0.05000498105247424,0.0
4478,1699930980000.0,0.0,0.0,221300.0,0.0003350977274493725,0.0,0.0,0.0003397,0.9454177379185161,1.0,1976.9338294465297,1000.0,1977.9523123619836,1000.0,0.037511183217147664,0.0
4479,1699934580000.0,0.0,0.0,221100.0,0.00033514815836006157,0.0,0.0,0.0003374,0.9454177379185161,1.0,1977.3772605033932,1000.0,1977.8751426899837,1000.0,0.03747451702491269,0.0
4480,1699938180000.0,0.0,0.0,221100.0,0.00033514815836006157,0.0,0.0,0.0003386,0.9454177379185161,1.0,1977.3772605033932,1000.0,1978.1404626899837,1000.0,0.03747451702491269,0.0
4481,1699941780000.0,0.0,0.0,29200.0,0.00033514815836006157,0.0,0.0,0.0003413,0.9454177379185161,1.0,1978.5638859820976,1000.0,1978.743519757984,1000.0,0.0049461765139093145,0.0
4482,1699945380000.0,0.0,0.0,2600.0,0.00033514815836006157,0.0,0.0,0.0003414,0.9454177379185161,1.0,1978.7283687217196,1000.0,1978.7446235099835,1000.0,0.0004403763677270592,0.0
4483,1699948980000.0,0.0,0.0,1200.0,0.00033514815836006157,0.0,0.0,0.0003416,0.9454177379185161,1.0,1978.7370257080156,1000.0,1978.7447679179836,1000.0,0.00020324974203591803,0.0
4484,1699952580000.0,0.0,0.0,220100.0,0.0003372,0.0,0.0,0.0003394,0.9454177379185161,1.0,1978.7783440059834,1000.0,1979.2625640059834,1000.0,0.0375068386132366,0.0
4485,1699956180000.0,0.0,0.0,293400.0,0.0003372666325835037,0.0,0.0,0.0003368,0.9454177379185161,1.0,1979.5266204359837,1000.0,1979.3897104359837,1000.0,0.049988734164234536,0.0
4486,1699959780000.0,0.0,0.0,220100.0,0.0003372666325835037,0.0,0.0,0.0003383,0.9454177379185161,1.0,1979.5754211876128,1000.0,1979.8028653559836,1000.0,0.03749914503742156,0.0
4487,1699963380000.0,0.0,0.0,446700.0,0.00033237990436456766,0.0,0.0,0.0003318,0.9454177379185161,1.0,1979.6808843676358,1000.0,1979.4218410879835,1000.0,0.07499900840184102,0.0
4488,1699966980000.0,0.0,0.0,295500.0,0.00033380546880195055,0.0,0.0,0.0003363,0.9454177379185161,1.0,1979.96657362296,1000.0,1980.7037075919836,1000.0,0.04981877843042823,0.0
4489,1699970580000.0,0.0,0.0,87600.0,0.00033380546880195055,0.0,0.0,0.0003383,0.9454177379185161,1.0,1981.2402794590344,1000.0,1981.6340003919836,1000.0,0.014759117998062832,0.0
4490,1699974180000.0,0.0,0.0,17400.0,0.00033380546880195055,0.0,0.0,0.0003381,0.9454177379185161,1.0,1981.6703619491375,1000.0,1981.7450867919836,1000.0,0.0029309693825370015,0.0
4491,1699977780000.0,0.0,0.0,221500.0,0.00033554052159126004,0.0,0.0,0.0003365,0.9454177379185161,1.0,1981.7999414004476,1000.0,1982.0124658679833,1000.0,0.03750238557376482,0.0
4492,1699981380000.0,0.0,0.0,166200.0,0.00033554052159126004,0.0,0.0,0.0003371,0.9454177379185161,1.0,1981.838221078451,1000.0,1982.0974063899835,1000.0,0.028138943984096214,0.0
4493,1699984980000.0,0.0,0.0,295700.0,0.00033535137356175375,0.0,0.0,0.0003305,0.9454177379185161,1.0,1981.876064902194,1000.0,1980.4415137399835,1000.0,0.05003511718938102,0.0
4494,1699988580000.0,0.0,0.0,1296600.0,0.00032311895045674115,0.0,0.0,0.0003222,0.9454177379185161,1.0,1981.812106376194,1000.0,1980.6205952139833,1000.0,0.21140048030500982,0.0
4495,1699992180000.0,0.0,0.0,410400.0,0.00032311895045674115,0.0,0.0,0.0003252,0.9454177379185161,1.0,1982.4468644454296,1000.0,1983.300927177983,1000.0,0.06689108275522047,0.0
4496,1699995780000.0,0.0,0.0,305800.0,0.0003233837333566433,0.0,0.0,0.0003246,0.9454177379185161,1.0,1982.5705783124445,1000.0,1982.942512651983,1000.0,0.04988006315751791,0.0
4497,1699999380000.0,0.0,0.0,300200.0,0.00032560237585416244,0.0,0.0,0.0003305,0.9454177379185161,1.0,1983.1705611334025,1000.0,1984.640827901983,1000.0,0.049287658432947294,0.0
4498,1700002980000.0,0.0,0.0,59400.0,0.00032560237585416244,0.0,0.0,0.0003359,0.9454177379185161,1.0,1984.62289435572,1000.0,1985.2345732299827,1000.0,0.009745317954732132,0.0
4499,1700006580000.0,0.0,0.0,14900.0,0.00032560237585416244,0.0,0.0,0.0003391,0.9454177379185161,1.0,1985.1270893302096,1000.0,1985.3282039299827,1000.0,0.00244391174061502,0.0
4500,1700010180000.0,0.0,0.0,0.0,0.00032560237585416244,0.0,0.0,0.000341,0.9454177379185161,1.0,1985.3748638759826,1000.0,1985.3748638759826,1000.0,0.0,0.0
4501,1700013780000.0,0.0,0.0,0.0,0.00032560237585416244,0.0,0.0,0.0003429,0.9454177379185161,1.0,1985.3748638759826,1000.0,1985.3748638759826,1000.0,0.0,0.0
4502,1700017380000.0,0.0,0.0,0.0,0.00032560237585416244,0.0,0.0,0.0003458,0.9454177379185161,1.0,1985.3748638759826,1000.0,1985.3748638759826,1000.0,0.0,0.0
4503,1700020980000.0,0.0,0.0,0.0,0.00032560237585416244,0.0,0.0,0.0003467,0.9454177379185161,1.0,1985.3748638759826,1000.0,1985.3748638759826,1000.0,0.0,0.0
4504,1700024580000.0,0.0,0.0,0.0,0.00032560237585416244,0.0,0.0,0.0003478,0.9454177379185161,1.0,1985.3748638759826,1000.0,1985.3748638759826,1000.0,0.0,0.0
4505,1700028180000.0,0.0,0.0,0.0,0.00032560237585416244,0.0,0.0,0.0003461,0.9454177379185161,1.0,1985.3748638759826,1000.0,1985.3748638759826,1000.0,0.0,0.0
4506,1700031780000.0,0.0,0.0,0.0,0.00032560237585416244,0.0,0.0,0.0003431,0.9454177379185161,1.0,1985.3748638759826,1000.0,1985.3748638759826,1000.0,0.0,0.0
4507,1700035380000.0,0.0,0.0,0.0,0.00032560237585416244,0.0,0.0,0.0003431,0.9454177379185161,1.0,1985.3748638759826,1000.0,1985.3748638759826,1000.0,0.0,0.0
4508,1700038980000.0,0.0,0.0,0.0,0.00032560237585416244,0.0,0.0,0.0003403,0.9454177379185161,1.0,1985.3748638759826,1000.0,1985.3748638759826,1000.0,0.0,0.0
4509,1700042580000.0,0.0,0.0,0.0,0.00032560237585416244,0.0,0.0,0.0003437,0.9454177379185161,1.0,1985.3748638759826,1000.0,1985.3748638759826,1000.0,0.0,0.0
4510,1700046180000.0,0.0,0.0,165200.0,0.0003381,0.0,0.0,0.0003403,0.9454177379185161,1.0,1985.4978093319826,1000.0,1985.8612493319827,1000.0,0.02813104085911433,0.0
4511,1700049780000.0,0.0,0.0,3500.0,0.0003381,0.0,0.0,0.0003492,0.9454177379185161,1.0,1987.0921140659827,1000.0,1987.1309640659827,1000.0,0.0005955184420608626,0.0
4512,1700053380000.0,0.0,0.0,900.0,0.0003381,0.0,0.0,0.0003465,0.9454177379185161,1.0,1987.122612117983,1000.0,1987.130172117983,1000.0,0.00015313096340626472,0.0
4513,1700056980000.0,0.0,0.0,600.0,0.0003381,0.0,0.0,0.000344,0.9454177379185161,1.0,1987.124481453983,1000.0,1987.128021453983,1000.0,0.0001020872129015123,0.0
4514,1700060580000.0,0.0,0.0,0.0,0.0003381,0.0,0.0,0.000345,0.9454177379185161,1.0,1987.1282201259833,1000.0,1987.1282201259833,1000.0,0.0,0.0
4515,1700064180000.0,0.0,0.0,86600.0,0.0003401,0.0,0.0,0.0003488,0.9454177379185161,1.0,1988.3887644439833,1000.0,1989.1421844439833,1000.0,0.01481232469558633,0.0
4516,1700067780000.0,0.0,0.0,17200.0,0.0003401,0.0,0.0,0.0003448,0.9454177379185161,1.0,1988.8211764119833,1000.0,1988.9020164119834,1000.0,0.002941300137679263,0.0
4517,1700071380000.0,0.0,0.0,7700.0,0.0003401,0.0,0.0,0.0003438,0.9454177379185161,1.0,1988.8803682519833,1000.0,1988.9088582519832,1000.0,0.0013167056409238045,0.0
4518,1700074980000.0,0.0,0.0,164200.0,0.00034083617012652773,0.0,0.0,0.0003429,0.9454177379185161,1.0,1989.0794222687591,1000.0,1989.4183031339833,1000.0,0.0281362817935854,0.0
4519,1700078580000.0,0.0,0.0,164200.0,0.00034083617012652773,0.0,0.0,0.0003463,0.9454177379185161,1.0,1989.0794222687591,1000.0,1989.9765831339832,1000.0,0.0281362817935854,0.0
4520,1700082180000.0,0.0,0.0,109500.0,0.00034083617012652773,0.0,0.0,0.0003421,0.9454177379185161,1.0,1989.4237253948381,1000.0,1989.5621147659833,1000.0,0.018759985694574762,0.0
4521,1700085780000.0,0.0,0.0,97200.0,0.0003410009280824924,0.0,0.0,0.0003444,0.9454177379185161,1.0,1990.2336168496017,1000.0,1990.5640066399835,1000.0,0.016653969628995062,0.0
4522,1700089380000.0,0.0,0.0,43200.0,0.0003410009280824924,0.0,0.0,0.000345,0.9454177379185161,1.0,1990.5754148131473,1000.0,1990.7481747199836,1000.0,0.007400493336519216,0.0
4523,1700092980000.0,0.0,0.0,43200.0,0.0003410009280824924,0.0,0.0,0.0003453,0.9454177379185161,1.0,1990.5754148131473,1000.0,1990.7611347199836,1000.0,0.007400493336519216,0.0
4524,1700096580000.0,0.0,0.0,19200.0,0.0003410009280824924,0.0,0.0,0.0003494,0.9454177379185161,1.0,1990.7273250191677,1000.0,1990.8885871999837,1000.0,0.0032888571613497166,0.0
4525,1700100180000.0,0.0,0.0,19200.0,0.0003410009280824924,0.0,0.0,0.0003453,0.9454177379185161,1.0,1990.7273250191677,1000.0,1990.8098671999837,1000.0,0.0032888571613497166,0.0
4526,1700103780000.0,0.0,0.0,144300.0,0.0003419866149760279,0.0,0.0,0.000353,0.9454177379185161,1.0,1992.5476867790246,1000.0,1994.1369182379838,1000.0,0.02476661857002454,0.0
4527,1700107380000.0,0.0,0.0,18100.0,0.0003419866149760279,0.0,0.0,0.0003537,0.9454177379185161,1.0,1994.0548410090498,1000.0,1994.2668532779837,1000.0,0.0031042063657255314,0.0
4528,1700110980000.0,0.0,0.0,6100.0,0.0003419866149760279,0.0,0.0,0.0003516,0.9454177379185161,1.0,1994.1645587493374,1000.0,1994.2232003979836,1000.0,0.001046111436591824,0.0
4529,1700114580000.0,0.0,0.0,400.0,0.0003419866149760279,0.0,0.0,0.0003536,0.9454177379185161,1.0,1994.2326314839743,1000.0,1994.237276837984,1000.0,6.85951296908715e-05,0.0
4530,1700118180000.0,0.0,0.0,400.0,0.0003419866149760279,0.0,0.0,0.0003532,0.9454177379185161,1.0,1994.2326314839743,1000.0,1994.2371168379839,1000.0,6.85951296908715e-05,0.0
4531,1700121780000.0,0.0,0.0,300.0,0.0003419866149760279,0.0,0.0,0.000349,0.9454177379185161,1.0,1994.2332658544767,1000.0,1994.235369869984,1000.0,5.144633090294414e-05,0.0
4532,1700125380000.0,0.0,0.0,162800.0,0.0003446978894504876,0.0,0.0,0.0003479,0.9454177379185161,1.0,1994.3541311705235,1000.0,1994.8754347679842,1000.0,0.028137839476684804,0.0
4533,1700128980000.0,0.0,0.0,289200.0,0.00034475688901073486,0.0,0.0,0.0003416,0.9454177379185161,1.0,1994.372441483889,1000.0,1993.4594691819843,1000.0,0.049992514050044325,0.0
4534,1700132580000.0,0.0,0.0,586900.0,0.0003398077905978949,0.0,0.0,0.0003366,0.9454177379185161,1.0,1994.3524955838889,1000.0,1992.4698432819844,1000.0,0.09999896845894148,0.0
4535,1700136180000.0,0.0,0.0,586900.0,0.0003398077905978949,0.0,0.0,0.0003345,0.9454177379185161,1.0,1994.3524955838889,1000.0,1991.2373532819843,1000.0,0.09999896845894148,0.0
4536,1700139780000.0,0.0,0.0,586900.0,0.0003398077905978949,0.0,0.0,0.0003355,0.9454177379185161,1.0,1994.3524955838889,1000.0,1991.8242532819843,1000.0,0.09999896845894148,0.0
4537,1700143380000.0,0.0,0.0,586900.0,0.0003398077905978949,0.0,0.0,0.0003333,0.9454177379185161,1.0,1994.3524955838889,1000.0,1990.5330732819843,1000.0,0.09999896845894148,0.0
4538,1700146980000.0,0.0,0.0,586900.0,0.0003398077905978949,0.0,0.0,0.0003347,0.9454177379185161,1.0,1994.3524955838889,1000.0,1991.3547332819844,1000.0,0.09999896845894148,0.0
4539,1700150580000.0,0.0,0.0,586900.0,0.0003398077905978949,0.0,0.0,0.0003324,0.9454177379185161,1.0,1994.3524955838889,1000.0,1990.0048632819844,1000.0,0.09999896845894148,0.0
4540,1700154180000.0,0.0,0.0,586900.0,0.0003398077905978949,0.0,0.0,0.0003354,0.9454177379185161,1.0,1994.3524955838889,1000.0,1991.7655632819844,1000.0,0.09999896845894148,0.0
4541,1700157780000.0,0.0,0.0,586900.0,0.0003398077905978949,0.0,0.0,0.0003346,0.9454177379185161,1.0,1994.3524955838889,1000.0,1991.2960432819843,1000.0,0.09999896845894148,0.0
4542,1700161380000.0,0.0,0.0,586900.0,0.0003398077905978949,0.0,0.0,0.0003333,0.9454177379185161,1.0,1994.3524955838889,1000.0,1990.5330732819843,1000.0,0.09999896845894148,0.0
4543,1700164980000.0,0.0,0.0,1268800.0,0.00033217384323920595,0.0,0.0,0.0003319,0.9454177379185161,1.0,1994.308089787889,1000.0,1993.9606374859845,1000.0,0.21133252904105226,0.0
4544,1700168580000.0,0.0,0.0,1268800.0,0.00033217384323920595,0.0,0.0,0.00033,0.9454177379185161,1.0,1994.308089787889,1000.0,1991.5499174859845,1000.0,0.21133252904105226,0.0
4545,1700172180000.0,0.0,0.0,1268800.0,0.00033217384323920595,0.0,0.0,0.000329,0.9454177379185161,1.0,1994.308089787889,1000.0,1990.2811174859844,1000.0,0.21133252904105226,0.0
4546,1700175780000.0,0.0,0.0,1268800.0,0.00033217384323920595,0.0,0.0,0.0003272,0.9454177379185161,1.0,1994.308089787889,1000.0,1987.9972774859846,1000.0,0.21133252904105226,0.0
4547,1700179380000.0,0.0,0.0,1268800.0,0.00033217384323920595,0.0,0.0,0.0003297,0.9454177379185161,1.0,1994.308089787889,1000.0,1991.1692774859844,1000.0,0.21133252904105226,0.0
4548,1700182980000.0,0.0,0.0,1268800.0,0.00033217384323920595,0.0,0.0,0.0003322,0.9454177379185161,1.0,1994.308089787889,1000.0,1994.3412774859844,1000.0,0.21133252904105226,0.0
4549,1700186580000.0,0.0,0.0,535300.0,0.00033217384323920595,0.0,0.0,0.0003344,0.9454177379185161,1.0,1994.7918893419314,1000.0,1995.9835510559844,1000.0,0.089138450600281,0.0
4550,1700190180000.0,0.0,0.0,401500.0,0.00033217384323920595,0.0,0.0,0.0003329,0.9454177379185161,1.0,1994.8801407125256,1000.0,1995.1716926519844,1000.0,0.06685504323728705,0.0
4551,1700193780000.0,0.0,0.0,225900.0,0.00033217384323920595,0.0,0.0,0.0003319,0.9454177379185161,1.0,1994.9959623917212,1000.0,1994.9341012039845,1000.0,0.03761314438841092,0.0
4552,1700197380000.0,0.0,0.0,301600.0,0.00033180391640496226,0.0,0.0,0.0003319,0.9454177379185161,1.0,1994.990955593721,1000.0,1995.0199344059845,1000.0,0.05016166158906449,0.0
4553,1700200980000.0,0.0,0.0,127300.0,0.00033180391640496226,0.0,0.0,0.0003333,0.9454177379185161,1.0,1995.1181185283365,1000.0,1995.3085699699848,1000.0,0.021170996426772105,0.0
4554,1700204580000.0,0.0,0.0,40400.0,0.00033180391640496226,0.0,0.0,0.0003315,0.9454177379185161,1.0,1995.181517604745,1000.0,1995.1692393819847,1000.0,0.006718625901694046,0.0
4555,1700208180000.0,0.0,0.0,301800.0,0.0003306745467950977,0.0,0.0,0.0003294,0.9454177379185161,1.0,1995.164239064745,1000.0,1994.7795808419846,1000.0,0.050019730841578076,0.0
4556,1700211780000.0,0.0,0.0,71700.0,0.0003306745467950977,0.0,0.0,0.0003313,0.9454177379185161,1.0,1995.3159148191928,1000.0,1995.3607598139843,1000.0,0.011882511851441303,0.0
4557,1700215380000.0,0.0,0.0,30300.0,0.0003306745467950977,0.0,0.0,0.0003324,0.9454177379185161,1.0,1995.343204589876,1000.0,1995.3954858219845,1000.0,0.005021411226321269,0.0
4558,1700218980000.0,0.0,0.0,302500.0,0.000329887599232699,0.0,0.0,0.0003284,0.9454177379185161,1.0,1995.325250277876,1000.0,1994.8752515099845,1000.0,0.05001239710367731,0.0
4559,1700222580000.0,0.0,0.0,302500.0,0.000329887599232699,0.0,0.0,0.000328,0.9454177379185161,1.0,1995.325250277876,1000.0,1994.7542515099844,1000.0,0.05001239710367731,0.0
4560,1700226180000.0,0.0,0.0,302500.0,0.000329887599232699,0.0,0.0,0.0003282,0.9454177379185161,1.0,1995.325250277876,1000.0,1994.8147515099845,1000.0,0.05001239710367731,0.0
4561,1700229780000.0,0.0,0.0,302500.0,0.000329887599232699,0.0,0.0,0.0003256,0.9454177379185161,1.0,1995.325250277876,1000.0,1994.0282515099846,1000.0,0.05001239710367731,0.0
4562,1700233380000.0,0.0,0.0,302500.0,0.000329887599232699,0.0,0.0,0.0003249,0.9454177379185161,1.0,1995.325250277876,1000.0,1993.8165015099846,1000.0,0.05001239710367731,0.0
4563,1700236980000.0,0.0,0.0,613700.0,0.0003251779676843595,0.0,0.0,0.000322,0.9454177379185161,1.0,1995.305296133876,1000.0,1993.3549773659845,1000.0,0.10001563126934224,0.0
4564,1700240580000.0,0.0,0.0,460300.0,0.0003251779676843595,0.0,0.0,0.0003265,0.9454177379185161,1.0,1995.4060572790954,1000.0,1996.0145887539848,1000.0,0.07501200970052743,0.0
4565,1700244180000.0,0.0,0.0,136400.0,0.0003251779676843595,0.0,0.0,0.0003307,0.9454177379185161,1.0,1997.3351384101315,1000.0,1998.088343617985,1000.0,0.022206726322079536,0.0
4566,1700247780000.0,0.0,0.0,18000.0,0.0003251779676843595,0.0,0.0,0.0003326,0.9454177379185161,1.0,1998.0403042203031,1000.0,1998.1739008019847,1000.0,0.0029294721462601184,0.0
4567,1700251380000.0,0.0,0.0,3600.0,0.0003251779676843595,0.0,0.0,0.0003319,0.9454177379185161,1.0,1998.126067629648,1000.0,1998.1502669459844,1000.0,0.0005858692815375812,0.0
4568,1700254980000.0,0.0,0.0,2400.0,0.0003251779676843595,0.0,0.0,0.0003302,0.9454177379185161,1.0,1998.133214580427,1000.0,1998.1452674579846,1000.0,0.0003905781239947702,0.0
4569,1700258580000.0,0.0,0.0,2400.0,0.0003251779676843595,0.0,0.0,0.000331,0.9454177379185161,1.0,1998.133214580427,1000.0,1998.1471874579845,1000.0,0.0003905781239947702,0.0
4570,1700262180000.0,0.0,0.0,1600.0,0.0003251779676843595,0.0,0.0,0.0003325,0.9454177379185161,1.0,1998.1379792142793,1000.0,1998.1496944659843,1000.0,0.0002603847950978665,0.0
4571,1700265780000.0,0.0,0.0,1100.0,0.0003251779676843595,0.0,0.0,0.0003308,0.9454177379185161,1.0,1998.1409571104373,1000.0,1998.1471413459844,1000.0,0.00017901427983842965,0.0
4572,1700269380000.0,0.0,0.0,1100.0,0.0003251779676843595,0.0,0.0,0.0003291,0.9454177379185161,1.0,1998.1409571104373,1000.0,1998.1452713459844,1000.0,0.00017901427983842965,0.0
4573,1700272980000.0,0.0,0.0,228600.0,0.00032779053728495015,0.0,0.0,0.0003314,0.9454177379185161,1.0,1998.1701012573242,1000.0,1998.9952244339845,1000.0,0.03750076971734738,0.0
4574,1700276580000.0,0.0,0.0,228600.0,0.00032779053728495015,0.0,0.0,0.0003314,0.9454177379185161,1.0,1998.1701012573242,1000.0,1998.9952244339845,1000.0,0.03750076971734738,0.0
4575,1700280180000.0,0.0,0.0,228600.0,0.00032779053728495015,0.0,0.0,0.0003321,0.9454177379185161,1.0,1998.1701012573242,1000.0,1999.1552444339845,1000.0,0.03750076971734738,0.0
4576,1700283780000.0,0.0,0.0,30200.0,0.00032779053728495015,0.0,0.0,0.0003319,0.9454177379185161,1.0,1999.3689695079902,1000.0,1999.4930752819846,1000.0,0.00495119929186534,0.0
4577,1700287380000.0,0.0,0.0,228300.0,0.0003284295899638695,0.0,0.0,0.0003294,0.9454177379185161,1.0,1999.4045084607362,1000.0,1999.6260530719849,1000.0,0.03750140357864651,0.0
4578,1700290980000.0,0.0,0.0,304300.0,0.0003284471751191305,0.0,0.0,0.0003276,0.9454177379185161,1.0,1999.3995152607363,1000.0,1999.1417198719848,1000.0,0.04998824628389372,0.0
4579,1700294580000.0,0.0,0.0,50800.0,0.00032846036831974204,0.0,0.0,0.0003373,0.9454177379185161,1.0,2000.2681089626276,1000.0,2000.7171622519847,1000.0,0.00834177510298678,0.0
4580,1700298180000.0,0.0,0.0,25400.0,0.00032846036831974204,0.0,0.0,0.0003379,0.9454177379185161,1.0,2000.5594884073062,1000.0,2000.7992550519848,1000.0,0.0041702800659846545,0.0
4581,1700301780000.0,0.0,0.0,800.0,0.00032846036831974204,0.0,0.0,0.0003394,0.9454177379185161,1.0,2000.8416905466408,1000.0,2000.850442251985,1000.0,0.00013132887819026,0.0
4582,1700305380000.0,0.0,0.0,200.0,0.00032846036831974204,0.0,0.0,0.0003383,0.9454177379185161,1.0,2000.8485735256488,1000.0,2000.8505414519848,1000.0,3.2832106603746596e-05,0.0
4583,1700308980000.0,0.0,0.0,0.0,0.00032846036831974204,0.0,0.0,0.0003366,0.9454177379185161,1.0,2000.850867851985,1000.0,2000.850867851985,1000.0,0.0,0.0
4584,1700312580000.0,0.0,0.0,0.0,0.00032846036831974204,0.0,0.0,0.0003363,0.9454177379185161,1.0,2000.850867851985,1000.0,2000.850867851985,1000.0,0.0,0.0
4585,1700316180000.0,0.0,0.0,302000.0,0.00033082893485504144,0.0,0.0,0.0003226,0.9454177379185161,1.0,2000.9260871842075,1000.0,1998.440948857985,1000.0,0.04993204844803678,0.0
4586,1700319780000.0,0.0,0.0,613200.0,0.0003260944852025808,0.0,0.0,0.0003257,0.9454177379185161,1.0,2000.9060770242074,1000.0,2000.6641786979849,1000.0,0.09993529462592729,0.0
4587,1700323380000.0,0.0,0.0,303300.0,0.0003286766181538022,0.0,0.0,0.0003302,0.9454177379185161,1.0,2001.4852565780327,1000.0,2001.9472982919845,1000.0,0.04980682118862345,0.0
4588,1700326980000.0,0.0,0.0,303500.0,0.00032910585822897037,0.0,0.0,0.0003266,0.9454177379185161,1.0,2001.580182950477,1000.0,2000.8196549779843,1000.0,0.049902386536050065,0.0
4589,1700330580000.0,0.0,0.0,228100.0,0.00032911176673610775,0.0,0.0,0.0003301,0.9454177379185161,1.0,2001.9403954544907,1000.0,2002.1658114619845,1000.0,0.03749881573045701,0.0
4590,1700334180000.0,0.0,0.0,96300.0,0.00032911176673610775,0.0,0.0,0.0003321,0.9454177379185161,1.0,2002.0355884346716,1000.0,2002.3233552979843,1000.0,0.015830619255608386,0.0
4591,1700337780000.0,0.0,0.0,96300.0,0.00032911176673610775,0.0,0.0,0.0003313,0.9454177379185161,1.0,2002.0355884346716,1000.0,2002.2463152979844,1000.0,0.015830619255608386,0.0
4592,1700341380000.0,0.0,0.0,96300.0,0.00032911176673610775,0.0,0.0,0.0003316,0.9454177379185161,1.0,2002.0355884346716,1000.0,2002.2752052979845,1000.0,0.015830619255608386,0.0
4593,1700344980000.0,0.0,0.0,96300.0,0.00032911176673610775,0.0,0.0,0.0003309,0.9454177379185161,1.0,2002.0355884346716,1000.0,2002.2077952979844,1000.0,0.015830619255608386,0.0
4594,1700348580000.0,0.0,0.0,96300.0,0.00032924037216015514,0.0,0.0,0.0003313,0.9454177379185161,1.0,2002.1659758150074,1000.0,2002.3643179759845,1000.0,0.015835773967798384,0.0
4595,1700352180000.0,0.0,0.0,304300.0,0.0003291595011465188,0.0,0.0,0.0003294,0.9454177379185161,1.0,2002.20209266287,1000.0,2002.2752764639843,1000.0,0.05002653656488367,0.0
4596,1700355780000.0,0.0,0.0,304300.0,0.0003291595011465188,0.0,0.0,0.0003291,0.9454177379185161,1.0,2002.20209266287,1000.0,2002.1839864639842,1000.0,0.05002653656488367,0.0
4597,1700359380000.0,0.0,0.0,228600.0,0.0003289145472477803,0.0,0.0,0.0003309,0.9454177379185161,1.0,2002.3377915428268,1000.0,2002.7916660419842,1000.0,0.03755103949913857,0.0
4598,1700362980000.0,0.0,0.0,101600.0,0.0003289145472477803,0.0,0.0,0.0003352,0.9454177379185161,1.0,2003.102135042359,1000.0,2003.7407370419844,1000.0,0.01668298256776997,0.0
4599,1700366580000.0,0.0,0.0,67800.0,0.0003289145472477803,0.0,0.0,0.0003356,0.9454177379185161,1.0,2003.305558745384,1000.0,2003.7588324419844,1000.0,0.011131804734453812,0.0
4600,1700370180000.0,0.0,0.0,33900.0,0.0003289145472477803,0.0,0.0,0.00034,0.9454177379185161,1.0,2003.692607681684,1000.0,2004.0684045299843,1000.0,0.005564827213991062,0.0
4601,1700373780000.0,0.0,0.0,1100.0,0.0003289145472477803,0.0,0.0,0.0003404,0.9454177379185161,1.0,2004.0670975079565,1000.0,2004.079731505984,1000.0,0.00018053587248773338,0.0
4602,1700377380000.0,0.0,0.0,100.0,0.0003289145472477803,0.0,0.0,0.0003372,0.9454177379185161,1.0,2004.078514880709,1000.0,2004.0793434259842,1000.0,1.641225854204413e-05,0.0
4603,1700380980000.0,0.0,0.0,100.0,0.0003289145472477803,0.0,0.0,0.0003361,0.9454177379185161,1.0,2004.078514880709,1000.0,2004.0792334259843,1000.0,1.641225854204413e-05,0.0
4604,1700384580000.0,0.0,0.0,302000.0,0.0003318,0.0,0.0,0.0003297,0.9454177379185161,1.0,2004.0590760059843,1000.0,2003.4248760059843,1000.0,0.050000322445435126,0.0
4605,1700388180000.0,0.0,0.0,226800.0,0.0003316593201911832,0.0,0.0,0.0003342,0.9454177379185161,1.0,2004.2563669613444,1000.0,2004.832593141984,1000.0,0.037530295554656014,0.0
4606,1700391780000.0,0.0,0.0,302300.0,0.0003316195296703948,0.0,0.0,0.0003321,0.9454177379185161,1.0,2004.2513613113445,1000.0,2004.396607491984,1000.0,0.050017969679097316,0.0
4607,1700395380000.0,0.0,0.0,302500.0,0.0003314140551165314,0.0,0.0,0.0003311,0.9454177379185161,1.0,2004.4471526107347,1000.0,2004.352150937984,1000.0,0.05001516330434276,0.0
4608,1700398980000.0,0.0,0.0,302600.0,0.0003313605059680799,0.0,0.0,0.0003296,0.9454177379185161,1.0,2004.496532811925,1000.0,2003.963803705984,1000.0,0.05002238091441435,0.0
4609,1700402580000.0,0.0,0.0,302600.0,0.0003313605059680799,0.0,0.0,0.0003297,0.9454177379185161,1.0,2004.496532811925,1000.0,2003.994063705984,1000.0,0.05002238091441435,0.0
4610,1700406180000.0,0.0,0.0,302600.0,0.0003313605059680799,0.0,0.0,0.0003289,0.9454177379185161,1.0,2004.496532811925,1000.0,2003.751983705984,1000.0,0.05002238091441435,0.0
4611,1700409780000.0,0.0,0.0,302600.0,0.0003313605059680799,0.0,0.0,0.0003279,0.9454177379185161,1.0,2004.496532811925,1000.0,2003.449383705984,1000.0,0.05002238091441435,0.0
4612,1700413380000.0,0.0,0.0,302600.0,0.0003313605059680799,0.0,0.0,0.0003281,0.9454177379185161,1.0,2004.496532811925,1000.0,2003.509903705984,1000.0,0.05002238091441435,0.0
4613,1700416980000.0,0.0,0.0,302600.0,0.0003313605059680799,0.0,0.0,0.0003302,0.9454177379185161,1.0,2004.496532811925,1000.0,2004.145363705984,1000.0,0.05002238091441435,0.0
4614,1700420580000.0,0.0,0.0,227000.0,0.0003313605059680799,0.0,0.0,0.0003329,0.9454177379185161,1.0,2004.547417208738,1000.0,2004.8968823539838,1000.0,0.03752409856160636,0.0
4615,1700424180000.0,0.0,0.0,127800.0,0.0003313605059680799,0.0,0.0,0.0003324,0.9454177379185161,1.0,2004.6141861527044,1000.0,2004.7470334899838,1000.0,0.021125198532090356,0.0
4616,1700427780000.0,0.0,0.0,40500.0,0.0003313605059680799,0.0,0.0,0.0003343,0.9454177379185161,1.0,2004.6729455156908,1000.0,2004.7919950239836,1000.0,0.006694408941731385,0.0
4617,1700431380000.0,0.0,0.0,40500.0,0.0003313605059680799,0.0,0.0,0.0003332,0.9454177379185161,1.0,2004.6729455156908,1000.0,2004.7474450239836,1000.0,0.006694408941731385,0.0
4618,1700434980000.0,0.0,0.0,30400.0,0.0003313605059680799,0.0,0.0,0.0003341,0.9454177379185161,1.0,2004.679743563413,1000.0,2004.7630241819834,1000.0,0.005024922017480836,0.0
4619,1700438580000.0,0.0,0.0,30400.0,0.0003313605059680799,0.0,0.0,0.0003342,0.9454177379185161,1.0,2004.679743563413,1000.0,2004.7660641819834,1000.0,0.005024922017480836,0.0
4620,1700442180000.0,0.0,0.0,12900.0,0.0003313605059680799,0.0,0.0,0.0003352,0.9454177379185161,1.0,2004.6915223589717,1000.0,2004.7410518319834,1000.0,0.0021322734591895003,0.0
4621,1700445780000.0,0.0,0.0,12900.0,0.0003313605059680799,0.0,0.0,0.0003361,0.9454177379185161,1.0,2004.6915223589717,1000.0,2004.7526618319835,1000.0,0.0021322734591895003,0.0
4622,1700449380000.0,0.0,0.0,12900.0,0.0003313605059680799,0.0,0.0,0.0003364,0.9454177379185161,1.0,2004.6915223589717,1000.0,2004.7565318319835,1000.0,0.0021322734591895003,0.0
4623,1700452980000.0,0.0,0.0,12900.0,0.0003313605059680799,0.0,0.0,0.0003363,0.9454177379185161,1.0,2004.6915223589717,1000.0,2004.7552418319835,1000.0,0.0021322734591895003,0.0
4624,1700456580000.0,0.0,0.0,5800.0,0.0003313605059680799,0.0,0.0,0.0003408,0.9454177379185161,1.0,2004.7346335165983,1000.0,2004.7893825819833,1000.0,0.0009586759775998807,0.0
4625,1700460180000.0,0.0,0.0,5800.0,0.0003313605059680799,0.0,0.0,0.0003393,0.9454177379185161,1.0,2004.7346335165983,1000.0,2004.7806825819835,1000.0,0.0009586759775998807,0.0
4626,1700463780000.0,0.0,0.0,0.0,0.0003313605059680799,0.0,0.0,0.0003432,0.9454177379185161,1.0,2004.8017447019836,1000.0,2004.8017447019836,1000.0,0.0,0.0
4627,1700467380000.0,0.0,0.0,225600.0,0.0003333,0.0,0.0,0.0003332,0.9454177379185161,1.0,2004.8368285099837,1000.0,2004.8142685099835,1000.0,0.03750553607691049,0.0
4628,1700470980000.0,0.0,0.0,300800.0,0.00033327500000000006,0.0,0.0,0.0003311,0.9454177379185161,1.0,2004.8318171819838,1000.0,2004.1775771819837,1000.0,0.050003755497511716,0.0
4629,1700474580000.0,0.0,0.0,300800.0,0.00033327500000000006,0.0,0.0,0.0003312,0.9454177379185161,1.0,2004.8318171819838,1000.0,2004.2076571819837,1000.0,0.050003755497511716,0.0
4630,1700478180000.0,0.0,0.0,300800.0,0.00033327500000000006,0.0,0.0,0.0003327,0.9454177379185161,1.0,2004.8318171819838,1000.0,2004.6588571819836,1000.0,0.050003755497511716,0.0
4631,1700481780000.0,0.0,0.0,300800.0,0.00033327500000000006,0.0,0.0,0.0003313,0.9454177379185161,1.0,2004.8318171819838,1000.0,2004.2377371819837,1000.0,0.050003755497511716,0.0
4632,1700485380000.0,0.0,0.0,300800.0,0.00033327500000000006,0.0,0.0,0.00033,0.9454177379185161,1.0,2004.8318171819838,1000.0,2003.8466971819837,1000.0,0.050003755497511716,0.0
4633,1700488980000.0,0.0,0.0,300800.0,0.00033327500000000006,0.0,0.0,0.0003333,0.9454177379185161,1.0,2004.8318171819838,1000.0,2004.8393371819836,1000.0,0.050003755497511716,0.0
4634,1700492580000.0,0.0,0.0,25100.0,0.00033327500000000006,0.0,0.0,0.000341,0.9454177379185161,1.0,2005.5730709419834,1000.0,2005.7669684419834,1000.0,0.004170978669987332,0.0
4635,1700496180000.0,0.0,0.0,16800.0,0.00033327500000000006,0.0,0.0,0.0003373,0.9454177379185161,1.0,2005.6241748719833,1000.0,2005.6917948719833,1000.0,0.0027916596090877197,0.0
4636,1700499780000.0,0.0,0.0,169800.0,0.00033241218366521674,0.0,0.0,0.000334,0.9454177379185161,1.0,2006.3967061903372,1000.0,2006.6663174039834,1000.0,0.028131818903115398,0.0
4637,1700503380000.0,0.0,0.0,113200.0,0.00033241218366521674,0.0,0.0,0.0003426,0.9454177379185161,1.0,2006.743103642886,1000.0,2007.8963644519833,1000.0,0.0187513085868309,0.0
4638,1700506980000.0,0.0,0.0,50400.0,0.00033241218366521674,0.0,0.0,0.0003377,0.9454177379185161,1.0,2007.1274456927104,1000.0,2007.3939516359835,1000.0,0.008347040489471678,0.0
4639,1700510580000.0,0.0,0.0,22400.0,0.00033241218366521674,0.0,0.0,0.0003349,0.9454177379185161,1.0,2007.2988083900846,1000.0,2007.3545354759838,1000.0,0.0037094790685761442,0.0
4640,1700514180000.0,0.0,0.0,301200.0,0.00033314141073738666,0.0,0.0,0.0003318,0.9454177379185161,1.0,2007.2802291580845,1000.0,2006.8761962439837,1000.0,0.049989130295069704,0.0
4641,1700517780000.0,0.0,0.0,301400.0,0.00033310598767609704,0.0,0.0,0.0003322,0.9454177379185161,1.0,2007.3272940955592,1000.0,2007.0542294099835,1000.0,0.05001583198758427,0.0
4642,1700521380000.0,0.0,0.0,301500.0,0.00033298690425339814,0.0,0.0,0.0003319,0.9454177379185161,1.0,2007.4423730723831,1000.0,2007.1146714399836,1000.0,0.050011673051787046,0.0
4643,1700524980000.0,0.0,0.0,301500.0,0.00033298690425339814,0.0,0.0,0.0003297,0.9454177379185161,1.0,2007.4423730723831,1000.0,2006.4513714399836,1000.0,0.050011673051787046,0.0
4644,1700528580000.0,0.0,0.0,301500.0,0.00033298690425339814,0.0,0.0,0.0003294,0.9454177379185161,1.0,2007.4423730723831,1000.0,2006.3609214399835,1000.0,0.050011673051787046,0.0
4645,1700532180000.0,0.0,0.0,301500.0,0.00033298690425339814,0.0,0.0,0.0003319,0.9454177379185161,1.0,2007.4423730723831,1000.0,2007.1146714399836,1000.0,0.050011673051787046,0.0
4646,1700535780000.0,0.0,0.0,301500.0,0.00033298690425339814,0.0,0.0,0.0003299,0.9454177379185161,1.0,2007.4423730723831,1000.0,2006.5116714399835,1000.0,0.050011673051787046,0.0
4647,1700539380000.0,0.0,0.0,301500.0,0.00033298690425339814,0.0,0.0,0.0003302,0.9454177379185161,1.0,2007.4423730723831,1000.0,2006.6021214399836,1000.0,0.050011673051787046,0.0
4648,1700542980000.0,0.0,0.0,301500.0,0.00033298690425339814,0.0,0.0,0.0003294,0.9454177379185161,1.0,2007.4423730723831,1000.0,2006.3609214399835,1000.0,0.050011673051787046,0.0
4649,1700546580000.0,0.0,0.0,611700.0,0.00032822669876148366,0.0,0.0,0.0003273,0.9454177379185161,1.0,2007.422296928383,1000.0,2006.8554352959834,1000.0,0.10001695803599141,0.0
4650,1700550180000.0,0.0,0.0,611700.0,0.00032822669876148366,0.0,0.0,0.0003262,0.9454177379185161,1.0,2007.422296928383,1000.0,2006.1825652959835,1000.0,0.10001695803599141,0.0
4651,1700553780000.0,0.0,0.0,611700.0,0.00032822669876148366,0.0,0.0,0.0003267,0.9454177379185161,1.0,2007.422296928383,1000.0,2006.4884152959835,1000.0,0.10001695803599141,0.0
4652,1700557380000.0,0.0,0.0,611700.0,0.00032822669876148366,0.0,0.0,0.0003272,0.9454177379185161,1.0,2007.422296928383,1000.0,2006.7942652959835,1000.0,0.10001695803599141,0.0
4653,1700560980000.0,0.0,0.0,258100.0,0.00032822669876148366,0.0,0.0,0.0003298,0.9454177379185161,1.0,2007.6724693663225,1000.0,2008.0785384159835,1000.0,0.04219578255066547,0.0
4654,1700564580000.0,0.0,0.0,258100.0,0.00032822669876148366,0.0,0.0,0.0003275,0.9454177379185161,1.0,2007.6724693663225,1000.0,2007.4849084159835,1000.0,0.04219578255066547,0.0
4655,1700568180000.0,0.0,0.0,258100.0,0.00032822669876148366,0.0,0.0,0.0003264,0.9454177379185161,1.0,2007.6724693663225,1000.0,2007.2009984159836,1000.0,0.04219578255066547,0.0
4656,1700571780000.0,0.0,0.0,258100.0,0.00032822669876148366,0.0,0.0,0.0003287,0.9454177379185161,1.0,2007.6724693663225,1000.0,2007.7946284159837,1000.0,0.04219578255066547,0.0
4657,1700575380000.0,0.0,0.0,34500.0,0.00032822669876148366,0.0,0.0,0.000328,0.9454177379185161,1.0,2007.8306666432543,1000.0,2007.822845535983,1000.0,0.005639828744225058,0.0
4658,1700578980000.0,0.0,0.0,307200.0,0.0003269604435843258,0.0,0.0,0.0003257,0.9454177379185161,1.0,2008.018622215088,1000.0,2007.6314139459832,1000.0,0.050020576083256094,0.0
4659,1700582580000.0,0.0,0.0,307200.0,0.0003269604435843258,0.0,0.0,0.0003256,0.9454177379185161,1.0,2008.018622215088,1000.0,2007.6006939459833,1000.0,0.050020576083256094,0.0
4660,1700586180000.0,0.0,0.0,231000.0,0.00032641854512741215,0.0,0.0,0.0003283,0.9454177379185161,1.0,2008.2046422284154,1000.0,2008.6392583039833,1000.0,0.037547310836191075,0.0
4661,1700589780000.0,0.0,0.0,947600.0,0.0003180162029595106,0.0,0.0,0.00031,0.9454177379185161,1.0,2008.1594523344154,1000.0,2000.5632984099832,1000.0,0.15006385751595613,0.0
4662,1700593380000.0,0.0,0.0,2741800.0,0.0003054293398221724,0.0,0.0,0.000298,0.9454177379185161,1.0,2008.0522375324153,1000.0,1987.6824736079832,1000.0,0.41703405333394067,0.0
4663,1700596980000.0,0.0,0.0,2741800.0,0.0003054293398221724,0.0,0.0,0.0003025,0.9454177379185161,1.0,2008.0522375324153,1000.0,2000.0205736079831,1000.0,0.41703405333394067,0.0
4664,1700600580000.0,0.0,0.0,2741800.0,0.0003054293398221724,0.0,0.0,0.0003008,0.9454177379185161,1.0,2008.0522375324153,1000.0,1995.3595136079832,1000.0,0.41703405333394067,0.0
4665,1700604180000.0,0.0,0.0,2741800.0,0.0003054293398221724,0.0,0.0,0.0002989,0.9454177379185161,1.0,2008.0522375324153,1000.0,1990.150093607983,1000.0,0.41703405333394067,0.0
4666,1700607780000.0,0.0,0.0,2741800.0,0.0003054293398221724,0.0,0.0,0.0002907,0.9454177379185161,1.0,2008.0522375324153,1000.0,1967.6673336079832,1000.0,0.41703405333394067,0.0
4667,1700611380000.0,0.0,0.0,2741800.0,0.0003054293398221724,0.0,0.0,0.0002944,0.9454177379185161,1.0,2008.0522375324153,1000.0,1977.8119936079831,1000.0,0.41703405333394067,0.0
4668,1700614980000.0,0.0,0.0,2741800.0,0.0003054293398221724,0.0,0.0,0.0002972,0.9454177379185161,1.0,2008.0522375324153,1000.0,1985.4890336079832,1000.0,0.41703405333394067,0.0
4669,1700618580000.0,0.0,0.0,2741800.0,0.0003054293398221724,0.0,0.0,0.000297,0.9454177379185161,1.0,2008.0522375324153,1000.0,1984.9406736079832,1000.0,0.41703405333394067,0.0
4670,1700622180000.0,0.0,0.0,2741800.0,0.0003054293398221724,0.0,0.0,0.0002998,0.9454177379185161,1.0,2008.0522375324153,1000.0,1992.6177136079832,1000.0,0.41703405333394067,0.0
4671,1700625780000.0,0.0,0.0,2741800.0,0.0003054293398221724,0.0,0.0,0.000302,0.9454177379185161,1.0,2008.0522375324153,1000.0,1998.6496736079832,1000.0,0.41703405333394067,0.0
4672,1700629380000.0,0.0,0.0,2741800.0,0.0003054293398221724,0.0,0.0,0.0003036,0.9454177379185161,1.0,2008.0522375324153,1000.0,2003.0365536079833,1000.0,0.41703405333394067,0.0
4673,1700632980000.0,0.0,0.0,2741800.0,0.0003054293398221724,0.0,0.0,0.0003028,0.9454177379185161,1.0,2008.0522375324153,1000.0,2000.843113607983,1000.0,0.41703405333394067,0.0
4674,1700636580000.0,0.0,0.0,2741800.0,0.0003054293398221724,0.0,0.0,0.0003054,0.9454177379185161,1.0,2008.0522375324153,1000.0,2007.971793607983,1000.0,0.41703405333394067,0.0
4675,1700640180000.0,0.0,0.0,1371000.0,0.0003054293398221724,0.0,0.0,0.0003082,0.9454177379185161,1.0,2012.3139727281814,1000.0,2016.1125478319832,1000.0,0.20809060145246092,0.0
4676,1700643780000.0,0.0,0.0,609400.0,0.0003054293398221724,0.0,0.0,0.0003084,0.9454177379185161,1.0,2016.585360767615,1000.0,2018.3956810799832,1000.0,0.09229891444653839,0.0
4677,1700647380000.0,0.0,0.0,406300.0,0.0003054293398221724,0.0,0.0,0.0003105,0.9454177379185161,1.0,2017.724434967732,1000.0,2019.7846441979832,1000.0,0.061502918148351224,0.0
4678,1700650980000.0,0.0,0.0,120400.0,0.0003054293398221724,0.0,0.0,0.0003109,0.9454177379185161,1.0,2019.3278880145729,1000.0,2019.9865554999833,1000.0,0.01821085754961067,0.0
4679,1700654580000.0,0.0,0.0,23900.0,0.0003054293398221724,0.0,0.0,0.0003073,0.9454177379185161,1.0,2019.869102491733,1000.0,2019.913811269983,1000.0,0.0036139773675159708,0.0
4680,1700658180000.0,0.0,0.0,23900.0,0.0003054293398221724,0.0,0.0,0.0003093,0.9454177379185161,1.0,2019.869102491733,1000.0,2019.961611269983,1000.0,0.0036139773675159708,0.0
4681,1700661780000.0,0.0,0.0,16000.0,0.0003054293398221724,0.0,0.0,0.0003106,0.9454177379185161,1.0,2019.9134091691378,1000.0,2019.996139731983,1000.0,0.002419346005116576,0.0
4682,1700665380000.0,0.0,0.0,500.0,0.0003054293398221724,0.0,0.0,0.0003078,0.9454177379185161,1.0,2020.0003399918942,1000.0,2020.001525321983,1000.0,7.560130901349204e-05,0.0
4683,1700668980000.0,0.0,0.0,104700.0,0.0003056996928039749,0.0,0.0,0.0003067,0.9454177379185161,1.0,2020.172110290559,1000.0,2020.276842453983,1000.0,0.0158435796997379,0.0
4684,1700672580000.0,0.0,0.0,247800.0,0.00030569992692007394,0.0,0.0,0.0003075,0.9454177379185161,1.0,2020.226158156777,1000.0,2020.6722162659828,1000.0,0.0374970107108749,0.0
4685,1700676180000.0,0.0,0.0,31100.0,0.00030569992692007394,0.0,0.0,0.0003099,0.9454177379185161,1.0,2020.732511017197,1000.0,2020.863133289983,1000.0,0.0047048620613465205,0.0
4686,1700679780000.0,0.0,0.0,900.0,0.00030569992692007394,0.0,0.0,0.0003096,0.9454177379185161,1.0,2020.902772368211,1000.0,2020.9062824339828,1000.0,0.00013614209351875615,0.0
4687,1700683380000.0,0.0,0.0,200.0,0.00030569992692007394,0.0,0.0,0.000313,0.9454177379185161,1.0,2020.9067188233666,1000.0,2020.9081788379826,1000.0,3.0253739479678876e-05,0.0
4688,1700686980000.0,0.0,0.0,0.0,0.00030569992692007394,0.0,0.0,0.000317,0.9454177379185161,1.0,2020.9088461819829,1000.0,2020.9088461819829,1000.0,0.0,0.0
4689,1700690580000.0,0.0,0.0,0.0,0.00030569992692007394,0.0,0.0,0.0003111,0.9454177379185161,1.0,2020.9088461819829,1000.0,2020.9088461819829,1000.0,0.0,0.0
4690,1700694180000.0,0.0,0.0,0.0,0.00030569992692007394,0.0,0.0,0.0003143,0.9454177379185161,1.0,2020.9088461819829,1000.0,2020.9088461819829,1000.0,0.0,0.0
4691,1700697780000.0,0.0,0.0,0.0,0.00030569992692007394,0.0,0.0,0.0003131,0.9454177379185161,1.0,2020.9088461819829,1000.0,2020.9088461819829,1000.0,0.0,0.0
4692,1700701380000.0,0.0,0.0,0.0,0.00030569992692007394,0.0,0.0,0.0003121,0.9454177379185161,1.0,2020.9088461819829,1000.0,2020.9088461819829,1000.0,0.0,0.0
4693,1700704980000.0,0.0,0.0,0.0,0.00030569992692007394,0.0,0.0,0.0003126,0.9454177379185161,1.0,2020.9088461819829,1000.0,2020.9088461819829,1000.0,0.0,0.0
4694,1700708580000.0,0.0,0.0,0.0,0.00030569992692007394,0.0,0.0,0.000313,0.9454177379185161,1.0,2020.9088461819829,1000.0,2020.9088461819829,1000.0,0.0,0.0
4695,1700712180000.0,0.0,0.0,0.0,0.00030569992692007394,0.0,0.0,0.0003166,0.9454177379185161,1.0,2020.9088461819829,1000.0,2020.9088461819829,1000.0,0.0,0.0
4696,1700715780000.0,0.0,0.0,0.0,0.00030569992692007394,0.0,0.0,0.0003164,0.9454177379185161,1.0,2020.9088461819829,1000.0,2020.9088461819829,1000.0,0.0,0.0
4697,1700719380000.0,0.0,0.0,0.0,0.00030569992692007394,0.0,0.0,0.0003173,0.9454177379185161,1.0,2020.9088461819829,1000.0,2020.9088461819829,1000.0,0.0,0.0
4698,1700722980000.0,0.0,0.0,0.0,0.00030569992692007394,0.0,0.0,0.0003142,0.9454177379185161,1.0,2020.9088461819829,1000.0,2020.9088461819829,1000.0,0.0,0.0
4699,1700726580000.0,0.0,0.0,0.0,0.00030569992692007394,0.0,0.0,0.0003169,0.9454177379185161,1.0,2020.9088461819829,1000.0,2020.9088461819829,1000.0,0.0,0.0
4700,1700730180000.0,0.0,0.0,0.0,0.00030569992692007394,0.0,0.0,0.0003166,0.9454177379185161,1.0,2020.9088461819829,1000.0,2020.9088461819829,1000.0,0.0,0.0
4701,1700733780000.0,0.0,0.0,0.0,0.00030569992692007394,0.0,0.0,0.000316,0.9454177379185161,1.0,2020.9088461819829,1000.0,2020.9088461819829,1000.0,0.0,0.0
4702,1700737380000.0,0.0,0.0,0.0,0.00030569992692007394,0.0,0.0,0.0003151,0.9454177379185161,1.0,2020.9088461819829,1000.0,2020.9088461819829,1000.0,0.0,0.0
4703,1700740980000.0,0.0,0.0,102700.0,0.00031163163737280296,0.0,0.0,0.0003135,0.9454177379185161,1.0,2021.1969512441697,1000.0,2021.3888320859828,1000.0,0.015834463404709818,0.0
4704,1700744580000.0,0.0,0.0,324400.0,0.00031152349507979435,0.0,0.0,0.0003111,0.9454177379185161,1.0,2021.207492731868,1000.0,2021.0701109279826,1000.0,0.04999893487793022,0.0
4705,1700748180000.0,0.0,0.0,182600.0,0.00031150743407493955,0.0,0.0,0.0003125,0.9454177379185161,1.0,2021.4462067600664,1000.0,2021.6274492979824,1000.0,0.028138892478000742,0.0
4706,1700751780000.0,0.0,0.0,22900.0,0.00031150743407493955,0.0,0.0,0.0003148,0.9454177379185161,1.0,2021.8232025862985,1000.0,2021.8986023459825,1000.0,0.0035282611413257987,0.0
4707,1700755380000.0,0.0,0.0,324500.0,0.00031150052462347025,0.0,0.0,0.0003093,0.9454177379185161,1.0,2021.8044129062985,1000.0,2021.0903426659825,1000.0,0.04999589455589975,0.0
4708,1700758980000.0,0.0,0.0,324500.0,0.00031150052462347025,0.0,0.0,0.0003106,0.9454177379185161,1.0,2021.8044129062985,1000.0,2021.5121926659824,1000.0,0.04999589455589975,0.0
4709,1700762580000.0,0.0,0.0,325100.0,0.0003112109254795922,0.0,0.0,0.0003081,0.9454177379185161,1.0,2021.9121572193974,1000.0,2020.900795345982,1000.0,0.05003910358427949,0.0
4710,1700766180000.0,0.0,0.0,325100.0,0.0003112109254795922,0.0,0.0,0.0003096,0.9454177379185161,1.0,2021.9121572193974,1000.0,2021.388445345982,1000.0,0.05003910358427949,0.0
4711,1700769780000.0,0.0,0.0,325100.0,0.0003112109254795922,0.0,0.0,0.0003106,0.9454177379185161,1.0,2021.9121572193974,1000.0,2021.713545345982,1000.0,0.05003910358427949,0.0
4712,1700773380000.0,0.0,0.0,183000.0,0.0003112109254795922,0.0,0.0,0.0003116,0.9454177379185161,1.0,2022.0012105107473,1000.0,2022.072411147982,1000.0,0.028165957105623928,0.0
4713,1700776980000.0,0.0,0.0,43700.0,0.00031063543642785216,0.0,0.0,0.0003115,0.9454177379185161,1.0,2022.1624857338788,1000.0,2022.2002671619816,1000.0,0.006712995947489657,0.0
4714,1700780580000.0,0.0,0.0,18500.0,0.00031063543642785216,0.0,0.0,0.0003151,0.9454177379185161,1.0,2022.177663783897,1000.0,2022.2602582099819,1000.0,0.002841864825646398,0.0
4715,1700784180000.0,0.0,0.0,18500.0,0.00031063543642785216,0.0,0.0,0.0003133,0.9454177379185161,1.0,2022.177663783897,1000.0,2022.2269582099818,1000.0,0.002841864825646398,0.0
4716,1700787780000.0,0.0,0.0,8300.0,0.00031063543642785216,0.0,0.0,0.0003138,0.9454177379185161,1.0,2022.235816876333,1000.0,2022.262082753982,1000.0,0.0012749621487437258,0.0
4717,1700791380000.0,0.0,0.0,1200.0,0.00031063543642785216,0.0,0.0,0.0003161,0.9454177379185161,1.0,2022.2762959896952,1000.0,2022.2828534659818,1000.0,0.0001843281872277467,0.0
4718,1700794980000.0,0.0,0.0,300.0,0.00031063543642785216,0.0,0.0,0.0003165,0.9454177379185161,1.0,2022.2814271449101,1000.0,2022.2831865139817,1000.0,4.608192988249104e-05,0.0
4719,1700798580000.0,0.0,0.0,0.0,0.00031063543642785216,0.0,0.0,0.0003167,0.9454177379185161,1.0,2022.2831375299822,1000.0,2022.2831375299822,1000.0,0.0,0.0
4720,1700802180000.0,0.0,0.0,0.0,0.00031063543642785216,0.0,0.0,0.000317,0.9454177379185161,1.0,2022.2831375299822,1000.0,2022.2831375299822,1000.0,0.0,0.0
4721,1700805780000.0,0.0,0.0,0.0,0.00031063543642785216,0.0,0.0,0.0003165,0.9454177379185161,1.0,2022.2831375299822,1000.0,2022.2831375299822,1000.0,0.0,0.0
4722,1700809380000.0,0.0,0.0,0.0,0.00031063543642785216,0.0,0.0,0.0003175,0.9454177379185161,1.0,2022.2831375299822,1000.0,2022.2831375299822,1000.0,0.0,0.0
4723,1700812980000.0,0.0,0.0,0.0,0.00031063543642785216,0.0,0.0,0.0003187,0.9454177379185161,1.0,2022.2831375299822,1000.0,2022.2831375299822,1000.0,0.0,0.0
4724,1700816580000.0,0.0,0.0,0.0,0.00031063543642785216,0.0,0.0,0.0003192,0.9454177379185161,1.0,2022.2831375299822,1000.0,2022.2831375299822,1000.0,0.0,0.0
4725,1700820180000.0,0.0,0.0,0.0,0.00031063543642785216,0.0,0.0,0.00032,0.9454177379185161,1.0,2022.2831375299822,1000.0,2022.2831375299822,1000.0,0.0,0.0
4726,1700823780000.0,0.0,0.0,0.0,0.00031063543642785216,0.0,0.0,0.0003272,0.9454177379185161,1.0,2022.2831375299822,1000.0,2022.2831375299822,1000.0,0.0,0.0
4727,1700827380000.0,0.0,0.0,0.0,0.00031063543642785216,0.0,0.0,0.0003221,0.9454177379185161,1.0,2022.2831375299822,1000.0,2022.2831375299822,1000.0,0.0,0.0
4728,1700830980000.0,0.0,0.0,0.0,0.00031063543642785216,0.0,0.0,0.0003225,0.9454177379185161,1.0,2022.2831375299822,1000.0,2022.2831375299822,1000.0,0.0,0.0
4729,1700834580000.0,0.0,0.0,0.0,0.00031063543642785216,0.0,0.0,0.0003221,0.9454177379185161,1.0,2022.2831375299822,1000.0,2022.2831375299822,1000.0,0.0,0.0
4730,1700838180000.0,0.0,0.0,0.0,0.00031063543642785216,0.0,0.0,0.0003223,0.9454177379185161,1.0,2022.2831375299822,1000.0,2022.2831375299822,1000.0,0.0,0.0
4731,1700841780000.0,0.0,0.0,0.0,0.00031063543642785216,0.0,0.0,0.0003229,0.9454177379185161,1.0,2022.2831375299822,1000.0,2022.2831375299822,1000.0,0.0,0.0
4732,1700845380000.0,0.0,0.0,0.0,0.00031063543642785216,0.0,0.0,0.0003202,0.9454177379185161,1.0,2022.2831375299822,1000.0,2022.2831375299822,1000.0,0.0,0.0
4733,1700848980000.0,0.0,0.0,0.0,0.00031063543642785216,0.0,0.0,0.0003231,0.9454177379185161,1.0,2022.2831375299822,1000.0,2022.2831375299822,1000.0,0.0,0.0
4734,1700852580000.0,0.0,0.0,0.0,0.00031063543642785216,0.0,0.0,0.0003228,0.9454177379185161,1.0,2022.2831375299822,1000.0,2022.2831375299822,1000.0,0.0,0.0
4735,1700856180000.0,0.0,0.0,0.0,0.00031063543642785216,0.0,0.0,0.0003212,0.9454177379185161,1.0,2022.2831375299822,1000.0,2022.2831375299822,1000.0,0.0,0.0
4736,1700859780000.0,0.0,0.0,0.0,0.00031063543642785216,0.0,0.0,0.0003232,0.9454177379185161,1.0,2022.2831375299822,1000.0,2022.2831375299822,1000.0,0.0,0.0
4737,1700863380000.0,0.0,0.0,0.0,0.00031063543642785216,0.0,0.0,0.000322,0.9454177379185161,1.0,2022.2831375299822,1000.0,2022.2831375299822,1000.0,0.0,0.0
4738,1700866980000.0,0.0,0.0,317800.0,0.0003182,0.0,0.0,0.0003189,0.9454177379185161,1.0,2022.2629127379823,1000.0,2022.4853727379823,1000.0,0.050005347654369155,0.0
4739,1700870580000.0,0.0,0.0,317800.0,0.0003182,0.0,0.0,0.0003217,0.9454177379185161,1.0,2022.4782028179823,1000.0,2023.5905028179823,1000.0,0.050000024652478735,0.0
4740,1700874180000.0,0.0,0.0,41900.0,0.0003182,0.0,0.0,0.0003247,0.9454177379185161,1.0,2024.0881289799825,1000.0,2024.3604789799824,1000.0,0.0065869562738450575,0.0
4741,1700877780000.0,0.0,0.0,1200.0,0.0003182,0.0,0.0,0.0003224,0.9454177379185161,1.0,2024.3256208059822,1000.0,2024.3306608059822,1000.0,0.00018862578039592807,0.0
4742,1700881380000.0,0.0,0.0,800.0,0.0003182,0.0,0.0,0.0003237,0.9454177379185161,1.0,2024.3279548779822,1000.0,2024.3323548779822,1000.0,0.00012575037527224378,0.0
4743,1700884980000.0,0.0,0.0,100.0,0.0003182,0.0,0.0,0.0003247,0.9454177379185161,1.0,2024.3320395039827,1000.0,2024.3326895039827,1000.0,1.5718765192194842e-05,0.0
4744,1700888580000.0,0.0,0.0,100.0,0.0003182,0.0,0.0,0.0003266,0.9454177379185161,1.0,2024.3320395039827,1000.0,2024.3328795039827,1000.0,1.5718765192194842e-05,0.0
4745,1700892180000.0,0.0,0.0,100.0,0.0003182,0.0,0.0,0.0003269,0.9454177379185161,1.0,2024.3320395039827,1000.0,2024.3329095039828,1000.0,1.5718765192194842e-05,0.0
4746,1700895780000.0,0.0,0.0,0.0,0.0003182,0.0,0.0,0.0003291,0.9454177379185161,1.0,2024.3331429179827,1000.0,2024.3331429179827,1000.0,0.0,0.0
4747,1700899380000.0,0.0,0.0,0.0,0.0003182,0.0,0.0,0.0003357,0.9454177379185161,1.0,2024.3331429179827,1000.0,2024.3331429179827,1000.0,0.0,0.0
4748,1700902980000.0,0.0,0.0,0.0,0.0003182,0.0,0.0,0.0003316,0.9454177379185161,1.0,2024.3331429179827,1000.0,2024.3331429179827,1000.0,0.0,0.0
4749,1700906580000.0,0.0,0.0,0.0,0.0003182,0.0,0.0,0.0003336,0.9454177379185161,1.0,2024.3331429179827,1000.0,2024.3331429179827,1000.0,0.0,0.0
4750,1700910180000.0,0.0,0.0,0.0,0.0003182,0.0,0.0,0.0003352,0.9454177379185161,1.0,2024.3331429179827,1000.0,2024.3331429179827,1000.0,0.0,0.0
4751,1700913780000.0,0.0,0.0,0.0,0.0003182,0.0,0.0,0.0003316,0.9454177379185161,1.0,2024.3331429179827,1000.0,2024.3331429179827,1000.0,0.0,0.0
4752,1700917380000.0,0.0,0.0,0.0,0.0003182,0.0,0.0,0.0003323,0.9454177379185161,1.0,2024.3331429179827,1000.0,2024.3331429179827,1000.0,0.0,0.0
4753,1700920980000.0,0.0,0.0,0.0,0.0003182,0.0,0.0,0.0003365,0.9454177379185161,1.0,2024.3331429179827,1000.0,2024.3331429179827,1000.0,0.0,0.0
4754,1700924580000.0,0.0,0.0,0.0,0.0003182,0.0,0.0,0.0003386,0.9454177379185161,1.0,2024.3331429179827,1000.0,2024.3331429179827,1000.0,0.0,0.0
4755,1700928180000.0,0.0,0.0,0.0,0.0003182,0.0,0.0,0.000339,0.9454177379185161,1.0,2024.3331429179827,1000.0,2024.3331429179827,1000.0,0.0,0.0
4756,1700931780000.0,0.0,0.0,0.0,0.0003182,0.0,0.0,0.000338,0.9454177379185161,1.0,2024.3331429179827,1000.0,2024.3331429179827,1000.0,0.0,0.0
4757,1700935380000.0,0.0,0.0,0.0,0.0003182,0.0,0.0,0.0003392,0.9454177379185161,1.0,2024.3331429179827,1000.0,2024.3331429179827,1000.0,0.0,0.0
4758,1700938980000.0,0.0,0.0,0.0,0.0003182,0.0,0.0,0.0003392,0.9454177379185161,1.0,2024.3331429179827,1000.0,2024.3331429179827,1000.0,0.0,0.0
4759,1700942580000.0,0.0,0.0,0.0,0.0003182,0.0,0.0,0.0003373,0.9454177379185161,1.0,2024.3331429179827,1000.0,2024.3331429179827,1000.0,0.0,0.0
4760,1700946180000.0,0.0,0.0,0.0,0.0003182,0.0,0.0,0.0003345,0.9454177379185161,1.0,2024.3331429179827,1000.0,2024.3331429179827,1000.0,0.0,0.0
4761,1700949780000.0,0.0,0.0,0.0,0.0003182,0.0,0.0,0.0003384,0.9454177379185161,1.0,2024.3331429179827,1000.0,2024.3331429179827,1000.0,0.0,0.0
4762,1700953380000.0,0.0,0.0,0.0,0.0003182,0.0,0.0,0.0003385,0.9454177379185161,1.0,2024.3331429179827,1000.0,2024.3331429179827,1000.0,0.0,0.0
4763,1700956980000.0,0.0,0.0,0.0,0.0003182,0.0,0.0,0.0003395,0.9454177379185161,1.0,2024.3331429179827,1000.0,2024.3331429179827,1000.0,0.0,0.0
4764,1700960580000.0,0.0,0.0,0.0,0.0003182,0.0,0.0,0.0003389,0.9454177379185161,1.0,2024.3331429179827,1000.0,2024.3331429179827,1000.0,0.0,0.0
4765,1700964180000.0,0.0,0.0,0.0,0.0003182,0.0,0.0,0.0003392,0.9454177379185161,1.0,2024.3331429179827,1000.0,2024.3331429179827,1000.0,0.0,0.0
4766,1700967780000.0,0.0,0.0,0.0,0.0003182,0.0,0.0,0.0003391,0.9454177379185161,1.0,2024.3331429179827,1000.0,2024.3331429179827,1000.0,0.0,0.0
4767,1700971380000.0,0.0,0.0,0.0,0.0003182,0.0,0.0,0.0003389,0.9454177379185161,1.0,2024.3331429179827,1000.0,2024.3331429179827,1000.0,0.0,0.0
4768,1700974980000.0,0.0,0.0,0.0,0.0003182,0.0,0.0,0.0003383,0.9454177379185161,1.0,2024.3331429179827,1000.0,2024.3331429179827,1000.0,0.0,0.0
4769,1700978580000.0,0.0,0.0,0.0,0.0003182,0.0,0.0,0.00034,0.9454177379185161,1.0,2024.3331429179827,1000.0,2024.3331429179827,1000.0,0.0,0.0
4770,1700982180000.0,0.0,0.0,0.0,0.0003182,0.0,0.0,0.0003395,0.9454177379185161,1.0,2024.3331429179827,1000.0,2024.3331429179827,1000.0,0.0,0.0
4771,1700985780000.0,0.0,0.0,0.0,0.0003182,0.0,0.0,0.0003429,0.9454177379185161,1.0,2024.3331429179827,1000.0,2024.3331429179827,1000.0,0.0,0.0
4772,1700989380000.0,0.0,0.0,0.0,0.0003182,0.0,0.0,0.0003435,0.9454177379185161,1.0,2024.3331429179827,1000.0,2024.3331429179827,1000.0,0.0,0.0
4773,1700992980000.0,0.0,0.0,0.0,0.0003182,0.0,0.0,0.0003393,0.9454177379185161,1.0,2024.3331429179827,1000.0,2024.3331429179827,1000.0,0.0,0.0
4774,1700996580000.0,0.0,0.0,0.0,0.0003182,0.0,0.0,0.0003389,0.9454177379185161,1.0,2024.3331429179827,1000.0,2024.3331429179827,1000.0,0.0,0.0
4775,1701000180000.0,0.0,0.0,0.0,0.0003182,0.0,0.0,0.0003431,0.9454177379185161,1.0,2024.3331429179827,1000.0,2024.3331429179827,1000.0,0.0,0.0
4776,1701003780000.0,0.0,0.0,0.0,0.0003182,0.0,0.0,0.0003402,0.9454177379185161,1.0,2024.3331429179827,1000.0,2024.3331429179827,1000.0,0.0,0.0
4777,1701007380000.0,0.0,0.0,301300.0,0.0003359,0.0,0.0,0.000336,0.9454177379185161,1.0,2024.3129015839827,1000.0,2024.3430315839828,1000.0,0.04999556635775422,0.0
4778,1701010980000.0,0.0,0.0,301300.0,0.0003359,0.0,0.0,0.0003341,0.9454177379185161,1.0,2024.3129015839827,1000.0,2023.7705615839827,1000.0,0.04999556635775422,0.0
4779,1701014580000.0,0.0,0.0,301800.0,0.0003357744201457919,0.0,0.0,0.0003332,0.9454177379185161,1.0,2024.3629862179828,1000.0,2023.5860262179829,1000.0,0.05005857185193965,0.0
4780,1701018180000.0,0.0,0.0,316400.0,0.0003194503128663966,0.0,0.0,0.0003212,0.9454177379185161,1.0,2025.3247222369105,1000.0,2025.8783232459825,1000.0,0.04990512280879809,0.0
4781,1701021780000.0,0.0,0.0,315200.0,0.0003206708619699843,0.0,0.0,0.0003207,0.9454177379185161,1.0,2025.5490744749216,1000.0,2025.5582587819824,1000.0,0.049900274926264435,0.0
4782,1701025380000.0,0.0,0.0,256000.0,0.00032085297292829034,0.0,0.0,0.0003181,0.9454177379185161,1.0,2025.624936803625,1000.0,2024.9201757339827,1000.0,0.04054963955926322,0.0
4783,1701028980000.0,0.0,0.0,320500.0,0.00031987632159014766,0.0,0.0,0.0003176,0.9454177379185161,1.0,2025.6208604036249,1000.0,2024.8912993339825,1000.0,0.05061182133028297,0.0
4784,1701032580000.0,0.0,0.0,320500.0,0.00031987632159014766,0.0,0.0,0.0003143,0.9454177379185161,1.0,2025.6208604036249,1000.0,2023.8336493339825,1000.0,0.05061182133028297,0.0
4785,1701036180000.0,0.0,0.0,320500.0,0.00031987632159014766,0.0,0.0,0.0003141,0.9454177379185161,1.0,2025.6208604036249,1000.0,2023.7695493339825,1000.0,0.05061182133028297,0.0
4786,1701039780000.0,0.0,0.0,316600.0,0.0003198820205630812,0.0,0.0,0.000316,0.9454177379185161,1.0,2025.6688157562542,1000.0,2024.4397680459826,1000.0,0.04999565917317145,0.0
4787,1701043380000.0,0.0,0.0,316600.0,0.0003198820205630812,0.0,0.0,0.000316,0.9454177379185161,1.0,2025.6688157562542,1000.0,2024.4397680459826,1000.0,0.04999565917317145,0.0
4788,1701046980000.0,0.0,0.0,316600.0,0.0003198820205630812,0.0,0.0,0.0003158,0.9454177379185161,1.0,2025.6688157562542,1000.0,2024.3764480459827,1000.0,0.04999565917317145,0.0
4789,1701050580000.0,0.0,0.0,642400.0,0.0003153266931978075,0.0,0.0,0.0003127,0.9454177379185161,1.0,2025.6485575122542,1000.0,2023.9611698019828,1000.0,0.10000049957286142,0.0
4790,1701054180000.0,0.0,0.0,642400.0,0.0003153266931978075,0.0,0.0,0.0003128,0.9454177379185161,1.0,2025.6485575122542,1000.0,2024.0254098019827,1000.0,0.10000049957286142,0.0
4791,1701057780000.0,0.0,0.0,642400.0,0.0003153266931978075,0.0,0.0,0.0003113,0.9454177379185161,1.0,2025.6485575122542,1000.0,2023.0618098019827,1000.0,0.10000049957286142,0.0
4792,1701061380000.0,0.0,0.0,642400.0,0.0003153266931978075,0.0,0.0,0.0003124,0.9454177379185161,1.0,2025.6485575122542,1000.0,2023.7684498019828,1000.0,0.10000049957286142,0.0
4793,1701064980000.0,0.0,0.0,642400.0,0.0003153266931978075,0.0,0.0,0.0003115,0.9454177379185161,1.0,2025.6485575122542,1000.0,2023.1902898019828,1000.0,0.10000049957286142,0.0
4794,1701068580000.0,0.0,0.0,481800.0,0.0003153266931978075,0.0,0.0,0.0003103,0.9454177379185161,1.0,2025.7465406646863,1000.0,2023.3246798819828,1000.0,0.07499674699326121,0.0
4795,1701072180000.0,0.0,0.0,481800.0,0.0003153266931978075,0.0,0.0,0.0003093,0.9454177379185161,1.0,2025.7465406646863,1000.0,2022.8428798819828,1000.0,0.07499674699326121,0.0
4796,1701075780000.0,0.0,0.0,481800.0,0.0003153266931978075,0.0,0.0,0.0003118,0.9454177379185161,1.0,2025.7465406646863,1000.0,2024.0473798819826,1000.0,0.07499674699326121,0.0
4797,1701079380000.0,0.0,0.0,481800.0,0.0003153266931978075,0.0,0.0,0.0003098,0.9454177379185161,1.0,2025.7465406646863,1000.0,2023.0837798819828,1000.0,0.07499674699326121,0.0
4798,1701082980000.0,0.0,0.0,813100.0,0.00031140426858037586,0.0,0.0,0.000306,0.9454177379185161,1.0,2025.7262849826864,1000.0,2021.3320741999828,1000.0,0.12499359496876336,0.0
4799,1701086580000.0,0.0,0.0,813100.0,0.00031140426858037586,0.0,0.0,0.0003048,0.9454177379185161,1.0,2025.7262849826864,1000.0,2020.3563541999827,1000.0,0.12499359496876336,0.0
4800,1701090180000.0,0.0,0.0,813100.0,0.00031140426858037586,0.0,0.0,0.0003065,0.9454177379185161,1.0,2025.7262849826864,1000.0,2021.7386241999827,1000.0,0.12499359496876336,0.0
4801,1701093780000.0,0.0,0.0,813100.0,0.00031140426858037586,0.0,0.0,0.000311,0.9454177379185161,1.0,2025.7262849826864,1000.0,2025.3975741999827,1000.0,0.12499359496876336,0.0
4802,1701097380000.0,0.0,0.0,257400.0,0.00031140426858037586,0.0,0.0,0.0003133,0.9454177379185161,1.0,2026.0782161385714,1000.0,2026.5661774059827,1000.0,0.039561877766670875,0.0
4803,1701100980000.0,0.0,0.0,96600.0,0.00031140426858037586,0.0,0.0,0.0003128,0.9454177379185161,1.0,2026.5079170288468,1000.0,2026.6427446839825,1000.0,0.01484408330808219,0.0
4804,1701104580000.0,0.0,0.0,9800.0,0.00031140426858037586,0.0,0.0,0.0003138,0.9454177379185161,1.0,2026.5628884600706,1000.0,2026.586366627983,1000.0,0.0015058806462239292,0.0
4805,1701108180000.0,0.0,0.0,3200.0,0.00031140426858037586,0.0,0.0,0.0003112,0.9454177379185161,1.0,2026.56706831544,1000.0,2026.566414655983,1000.0,0.0004917151151999753,0.0
4806,1701111780000.0,0.0,0.0,327200.0,0.0003097650958159583,0.0,0.0,0.000309,0.9454177379185161,1.0,2026.6271112489649,1000.0,2026.3767718979834,1000.0,0.05001173565102395,0.0
4807,1701115380000.0,0.0,0.0,327300.0,0.0003096522503533118,0.0,0.0,0.0003101,0.9454177379185161,1.0,2026.7922218646224,1000.0,2026.9387703239836,1000.0,0.050004721967700776,0.0
4808,1701118980000.0,0.0,0.0,327500.0,0.00030958909148622304,0.0,0.0,0.0003073,0.9454177379185161,1.0,2026.8432354817214,1000.0,2026.0935580199834,1000.0,0.050023813231732495,0.0
4809,1701122580000.0,0.0,0.0,138300.0,0.00030958909148622304,0.0,0.0,0.0003112,0.9454177379185161,1.0,2026.965997620528,1000.0,2027.1887862679835,1000.0,0.0211232805102833,0.0
4810,1701126180000.0,0.0,0.0,43900.0,0.0003090165388323527,0.0,0.0,0.0003115,0.9454177379185161,1.0,2027.131087420724,1000.0,2027.2401113659837,1000.0,0.006692130636702502,0.0
4811,1701129780000.0,0.0,0.0,43900.0,0.0003090165388323527,0.0,0.0,0.0003136,0.9454177379185161,1.0,2027.131087420724,1000.0,2027.3323013659838,1000.0,0.006692130636702502,0.0
4812,1701133380000.0,0.0,0.0,13100.0,0.0003090165388323527,0.0,0.0,0.0003163,0.9454177379185161,1.0,2027.3072788566876,1000.0,2027.4026921979837,1000.0,0.0019967948129633217,0.0
4813,1701136980000.0,0.0,0.0,4000.0,0.0003090165388323527,0.0,0.0,0.0003157,0.9454177379185161,1.0,2027.359335417313,1000.0,2027.3860692619837,1000.0,0.0006096926843385551,0.0
4814,1701140580000.0,0.0,0.0,600.0,0.0003090165388323527,0.0,0.0,0.0003165,0.9454177379185161,1.0,2027.3787851212828,1000.0,2027.3832751979835,1000.0,9.145302528571145e-05,0.0
4815,1701144180000.0,0.0,0.0,600.0,0.0003090165388323527,0.0,0.0,0.0003176,0.9454177379185161,1.0,2027.3787851212828,1000.0,2027.3839351979834,1000.0,9.145302528571145e-05,0.0
4816,1701147780000.0,0.0,0.0,600.0,0.0003090165388323527,0.0,0.0,0.0003178,0.9454177379185161,1.0,2027.3787851212828,1000.0,2027.3840551979833,1000.0,9.145302528571145e-05,0.0
4817,1701151380000.0,0.0,0.0,0.0,0.0003090165388323527,0.0,0.0,0.0003188,0.9454177379185161,1.0,2027.3852168219842,1000.0,2027.3852168219842,1000.0,0.0,0.0
4818,1701154980000.0,0.0,0.0,0.0,0.0003090165388323527,0.0,0.0,0.0003233,0.9454177379185161,1.0,2027.3852168219842,1000.0,2027.3852168219842,1000.0,0.0,0.0
4819,1701158580000.0,0.0,0.0,0.0,0.0003090165388323527,0.0,0.0,0.0003266,0.9454177379185161,1.0,2027.3852168219842,1000.0,2027.3852168219842,1000.0,0.0,0.0
4820,1701162180000.0,0.0,0.0,0.0,0.0003090165388323527,0.0,0.0,0.0003232,0.9454177379185161,1.0,2027.3852168219842,1000.0,2027.3852168219842,1000.0,0.0,0.0
4821,1701165780000.0,0.0,0.0,0.0,0.0003090165388323527,0.0,0.0,0.0003263,0.9454177379185161,1.0,2027.3852168219842,1000.0,2027.3852168219842,1000.0,0.0,0.0
4822,1701169380000.0,0.0,0.0,0.0,0.0003090165388323527,0.0,0.0,0.0003268,0.9454177379185161,1.0,2027.3852168219842,1000.0,2027.3852168219842,1000.0,0.0,0.0
4823,1701172980000.0,0.0,0.0,0.0,0.0003090165388323527,0.0,0.0,0.000328,0.9454177379185161,1.0,2027.3852168219842,1000.0,2027.3852168219842,1000.0,0.0,0.0
4824,1701176580000.0,0.0,0.0,0.0,0.0003090165388323527,0.0,0.0,0.000326,0.9454177379185161,1.0,2027.3852168219842,1000.0,2027.3852168219842,1000.0,0.0,0.0
4825,1701180180000.0,0.0,0.0,0.0,0.0003090165388323527,0.0,0.0,0.0003225,0.9454177379185161,1.0,2027.3852168219842,1000.0,2027.3852168219842,1000.0,0.0,0.0
4826,1701183780000.0,0.0,0.0,0.0,0.0003090165388323527,0.0,0.0,0.0003225,0.9454177379185161,1.0,2027.3852168219842,1000.0,2027.3852168219842,1000.0,0.0,0.0
4827,1701187380000.0,0.0,0.0,0.0,0.0003090165388323527,0.0,0.0,0.000327,0.9454177379185161,1.0,2027.3852168219842,1000.0,2027.3852168219842,1000.0,0.0,0.0
4828,1701190980000.0,0.0,0.0,0.0,0.0003090165388323527,0.0,0.0,0.0003253,0.9454177379185161,1.0,2027.3852168219842,1000.0,2027.3852168219842,1000.0,0.0,0.0
4829,1701194580000.0,0.0,0.0,0.0,0.0003090165388323527,0.0,0.0,0.0003214,0.9454177379185161,1.0,2027.3852168219842,1000.0,2027.3852168219842,1000.0,0.0,0.0
4830,1701198180000.0,0.0,0.0,0.0,0.0003090165388323527,0.0,0.0,0.0003225,0.9454177379185161,1.0,2027.3852168219842,1000.0,2027.3852168219842,1000.0,0.0,0.0
4831,1701201780000.0,0.0,0.0,0.0,0.0003090165388323527,0.0,0.0,0.0003212,0.9454177379185161,1.0,2027.3852168219842,1000.0,2027.3852168219842,1000.0,0.0,0.0
4832,1701205380000.0,0.0,0.0,100800.0,0.00031934764299182904,0.0,0.0,0.0003204,0.9454177379185161,1.0,2027.5598991895606,1000.0,2027.6659767759843,1000.0,0.01587634595971403,0.0
4833,1701208980000.0,0.0,0.0,317500.0,0.00031930270262691524,0.0,0.0,0.0003193,0.9454177379185161,1.0,2027.6677712860296,1000.0,2027.666913201984,1000.0,0.04999764237498688,0.0
4834,1701212580000.0,0.0,0.0,317600.0,0.0003192577863961894,0.0,0.0,0.0003173,0.9454177379185161,1.0,2027.746805585414,1000.0,2027.1250126259843,1000.0,0.050004405224623925,0.0
4835,1701216180000.0,0.0,0.0,317600.0,0.0003192577863961894,0.0,0.0,0.0003185,0.9454177379185161,1.0,2027.746805585414,1000.0,2027.5061326259843,1000.0,0.050004405224623925,0.0
4836,1701219780000.0,0.0,0.0,238200.0,0.0003192577863961894,0.0,0.0,0.0003221,0.9454177379185161,1.0,2027.8006557455565,1000.0,2028.4776710259841,1000.0,0.037502307982838795,0.0
4837,1701223380000.0,0.0,0.0,24000.0,0.0003192577863961894,0.0,0.0,0.0003195,0.9454177379185161,1.0,2027.945929099493,1000.0,2027.9517422259844,1000.0,0.00377829939327373,0.0
4838,1701226980000.0,0.0,0.0,318200.0,0.0003187236647276825,0.0,0.0,0.0003192,0.9454177379185161,1.0,2027.933628764333,1000.0,2028.0851986479845,1000.0,0.05001044840808958,0.0
4839,1701230580000.0,0.0,0.0,318500.0,0.00031856914744998765,0.0,0.0,0.0003189,0.9454177379185161,1.0,2028.0994045908055,1000.0,2028.2047811279845,1000.0,0.050029240792214894,0.0
4840,1701234180000.0,0.0,0.0,318500.0,0.00031856914744998765,0.0,0.0,0.0003187,0.9454177379185161,1.0,2028.0994045908055,1000.0,2028.1410811279845,1000.0,0.050029240792214894,0.0
4841,1701237780000.0,0.0,0.0,239100.0,0.00031836367469997346,0.0,0.0,0.0003209,0.9454177379185161,1.0,2028.2505042387481,1000.0,2028.8569396179844,1000.0,0.037530253024309554,0.0
4842,1701241380000.0,0.0,0.0,239100.0,0.00031836367469997346,0.0,0.0,0.0003217,0.9454177379185161,1.0,2028.2505042387481,1000.0,2029.0482196179844,1000.0,0.037530253024309554,0.0
4843,1701244980000.0,0.0,0.0,239100.0,0.00031836367469997346,0.0,0.0,0.0003192,0.9454177379185161,1.0,2028.2505042387481,1000.0,2028.4504696179845,1000.0,0.037530253024309554,0.0
4844,1701248580000.0,0.0,0.0,239100.0,0.00031828634320271026,0.0,0.0,0.0003215,0.9454177379185161,1.0,2028.4950946157524,1000.0,2029.2634799559844,1000.0,0.03751661261679496,0.0
4845,1701252180000.0,0.0,0.0,239100.0,0.00031828634320271026,0.0,0.0,0.0003203,0.9454177379185161,1.0,2028.4950946157524,1000.0,2028.9765599559844,1000.0,0.03751661261679496,0.0
4846,1701255780000.0,0.0,0.0,318600.0,0.00031828975097227875,0.0,0.0,0.0003185,0.9454177379185161,1.0,2028.4900336457524,1000.0,2028.5570189859843,1000.0,0.049991428588639225,0.0
4847,1701259380000.0,0.0,0.0,318600.0,0.00031828975097227875,0.0,0.0,0.0003136,0.9454177379185161,1.0,2028.4900336457524,1000.0,2026.9958789859843,1000.0,0.049991428588639225,0.0
4848,1701262980000.0,0.0,0.0,318600.0,0.00031828975097227875,0.0,0.0,0.000313,0.9454177379185161,1.0,2028.4900336457524,1000.0,2026.8047189859844,1000.0,0.049991428588639225,0.0
4849,1701266580000.0,0.0,0.0,318600.0,0.00031828975097227875,0.0,0.0,0.000312,0.9454177379185161,1.0,2028.4900336457524,1000.0,2026.4861189859844,1000.0,0.049991428588639225,0.0
4850,1701270180000.0,0.0,0.0,646500.0,0.0003137302160243898,0.0,0.0,0.0003111,0.9454177379185161,1.0,2028.4697497517525,1000.0,2026.7693150919845,1000.0,0.09998994793222342,0.0
4851,1701273780000.0,0.0,0.0,646500.0,0.0003137302160243898,0.0,0.0,0.0003106,0.9454177379185161,1.0,2028.4697497517525,1000.0,2026.4460650919846,1000.0,0.09998994793222342,0.0
4852,1701277380000.0,0.0,0.0,363700.0,0.0003137302160243898,0.0,0.0,0.000312,0.9454177379185161,1.0,2028.6413821960552,1000.0,2028.0121026279846,1000.0,0.05624635313539275,0.0
4853,1701280980000.0,0.0,0.0,115200.0,0.0003137302160243898,0.0,0.0,0.0003149,0.9454177379185161,1.0,2028.7921978339944,1000.0,2028.9269569479845,1000.0,0.01781440254186496,0.0
4854,1701284580000.0,0.0,0.0,182300.0,0.0003133061086939639,0.0,0.0,0.0003141,0.9454177379185161,1.0,2028.935380424894,1000.0,2029.0801068099843,1000.0,0.02815057796613937,0.0
4855,1701288180000.0,0.0,0.0,32600.0,0.00031325972094754437,0.0,0.0,0.0003141,0.9454177379185161,1.0,2029.123860248874,1000.0,2029.151253345984,1000.0,0.005032845506847178,0.0
4856,1701291780000.0,0.0,0.0,324200.0,0.00031292041599455527,0.0,0.0,0.0003107,0.9454177379185161,1.0,2029.1143434874193,1000.0,2028.3944846219845,1000.0,0.04999659047852165,0.0
4857,1701295380000.0,0.0,0.0,324200.0,0.00031292041599455527,0.0,0.0,0.0003107,0.9454177379185161,1.0,2029.1143434874193,1000.0,2028.3944846219845,1000.0,0.04999659047852165,0.0
4858,1701298980000.0,0.0,0.0,324200.0,0.00031292041599455527,0.0,0.0,0.0003114,0.9454177379185161,1.0,2029.1143434874193,1000.0,2028.6214246219845,1000.0,0.04999659047852165,0.0
4859,1701302580000.0,0.0,0.0,182400.0,0.00031292041599455527,0.0,0.0,0.0003123,0.9454177379185161,1.0,2029.2018148033915,1000.0,2029.0886509259847,1000.0,0.028127652686402223,0.0
4860,1701306180000.0,0.0,0.0,57800.0,0.00031292041599455527,0.0,0.0,0.0003126,0.9454177379185161,1.0,2029.27867605847,1000.0,2029.2601560139847,1000.0,0.00891292076237446,0.0
4861,1701309780000.0,0.0,0.0,183400.0,0.000311587388906061,0.0,0.0,0.0003123,0.9454177379185161,1.0,2029.354630683356,1000.0,2029.4853235579844,1000.0,0.028159261206174097,0.0
4862,1701313380000.0,0.0,0.0,244700.0,0.000311305593848786,0.0,0.0,0.0003129,0.9454177379185161,1.0,2029.4241814127824,1000.0,2029.8143325979845,1000.0,0.03753600627827728,0.0
4863,1701316980000.0,0.0,0.0,244700.0,0.000311305593848786,0.0,0.0,0.0003134,0.9454177379185161,1.0,2029.4241814127824,1000.0,2029.9366825979846,1000.0,0.03753600627827728,0.0
4864,1701320580000.0,0.0,0.0,77500.0,0.000311305593848786,0.0,0.0,0.000312,0.9454177379185161,1.0,2029.5298528412654,1000.0,2029.5836693179845,1000.0,0.011887572626490399,0.0
4865,1701324180000.0,0.0,0.0,13900.0,0.000311305593848786,0.0,0.0,0.0003127,0.9454177379185161,1.0,2029.5700484324825,1000.0,2029.5894306779844,1000.0,0.0021320514450044003,0.0
4866,1701327780000.0,0.0,0.0,13900.0,0.000311305593848786,0.0,0.0,0.0003132,0.9454177379185161,1.0,2029.5700484324825,1000.0,2029.5963806779844,1000.0,0.0021320514450044003,0.0
4867,1701331380000.0,0.0,0.0,13900.0,0.000311305593848786,0.0,0.0,0.0003126,0.9454177379185161,1.0,2029.5700484324825,1000.0,2029.5880406779843,1000.0,0.0021320514450044003,0.0
4868,1701334980000.0,0.0,0.0,10500.0,0.000311305593848786,0.0,0.0,0.0003135,0.9454177379185161,1.0,2029.5721972533966,1000.0,2029.5952385179844,1000.0,0.001610540753285727,0.0
4869,1701338580000.0,0.0,0.0,10500.0,0.000311305593848786,0.0,0.0,0.0003144,0.9454177379185161,1.0,2029.5721972533966,1000.0,2029.6046885179842,1000.0,0.001610540753285727,0.0
4870,1701342180000.0,0.0,0.0,10500.0,0.000311305593848786,0.0,0.0,0.0003126,0.9454177379185161,1.0,2029.5721972533966,1000.0,2029.5857885179844,1000.0,0.001610540753285727,0.0
4871,1701345780000.0,0.0,0.0,10500.0,0.000311305593848786,0.0,0.0,0.0003165,0.9454177379185161,1.0,2029.5721972533966,1000.0,2029.6267385179842,1000.0,0.001610540753285727,0.0
4872,1701349380000.0,0.0,0.0,1000.0,0.000311305593848786,0.0,0.0,0.0003174,0.9454177379185161,1.0,2029.626641621833,1000.0,2029.6327360279843,1000.0,0.00015338071912577385,0.0
4873,1701352980000.0,0.0,0.0,1000.0,0.000311305593848786,0.0,0.0,0.0003153,0.9454177379185161,1.0,2029.626641621833,1000.0,2029.630636027984,1000.0,0.00015338071912577385,0.0
4874,1701356580000.0,0.0,0.0,1000.0,0.000311305593848786,0.0,0.0,0.0003161,0.9454177379185161,1.0,2029.626641621833,1000.0,2029.6314360279841,1000.0,0.00015338071912577385,0.0
4875,1701360180000.0,0.0,0.0,0.0,0.000311305593848786,0.0,0.0,0.0003174,0.9454177379185161,1.0,2029.6323726079843,1000.0,2029.6323726079843,1000.0,0.0,0.0
4876,1701363780000.0,0.0,0.0,0.0,0.000311305593848786,0.0,0.0,0.0003177,0.9454177379185161,1.0,2029.6323726079843,1000.0,2029.6323726079843,1000.0,0.0,0.0
4877,1701367380000.0,0.0,0.0,0.0,0.000311305593848786,0.0,0.0,0.0003204,0.9454177379185161,1.0,2029.6323726079843,1000.0,2029.6323726079843,1000.0,0.0,0.0
4878,1701370980000.0,0.0,0.0,0.0,0.000311305593848786,0.0,0.0,0.0003213,0.9454177379185161,1.0,2029.6323726079843,1000.0,2029.6323726079843,1000.0,0.0,0.0
4879,1701374580000.0,0.0,0.0,0.0,0.000311305593848786,0.0,0.0,0.000323,0.9454177379185161,1.0,2029.6323726079843,1000.0,2029.6323726079843,1000.0,0.0,0.0
4880,1701378180000.0,0.0,0.0,0.0,0.000311305593848786,0.0,0.0,0.00032,0.9454177379185161,1.0,2029.6323726079843,1000.0,2029.6323726079843,1000.0,0.0,0.0
4881,1701381780000.0,0.0,0.0,0.0,0.000311305593848786,0.0,0.0,0.0003214,0.9454177379185161,1.0,2029.6323726079843,1000.0,2029.6323726079843,1000.0,0.0,0.0
4882,1701385380000.0,0.0,0.0,0.0,0.000311305593848786,0.0,0.0,0.0003209,0.9454177379185161,1.0,2029.6323726079843,1000.0,2029.6323726079843,1000.0,0.0,0.0
4883,1701388980000.0,0.0,0.0,0.0,0.000311305593848786,0.0,0.0,0.000321,0.9454177379185161,1.0,2029.6323726079843,1000.0,2029.6323726079843,1000.0,0.0,0.0
4884,1701392580000.0,0.0,0.0,0.0,0.000311305593848786,0.0,0.0,0.0003211,0.9454177379185161,1.0,2029.6323726079843,1000.0,2029.6323726079843,1000.0,0.0,0.0
4885,1701396180000.0,0.0,0.0,0.0,0.000311305593848786,0.0,0.0,0.0003247,0.9454177379185161,1.0,2029.6323726079843,1000.0,2029.6323726079843,1000.0,0.0,0.0
4886,1701399780000.0,0.0,0.0,0.0,0.000311305593848786,0.0,0.0,0.0003228,0.9454177379185161,1.0,2029.6323726079843,1000.0,2029.6323726079843,1000.0,0.0,0.0
4887,1701403380000.0,0.0,0.0,0.0,0.000311305593848786,0.0,0.0,0.0003233,0.9454177379185161,1.0,2029.6323726079843,1000.0,2029.6323726079843,1000.0,0.0,0.0
4888,1701406980000.0,0.0,0.0,0.0,0.000311305593848786,0.0,0.0,0.0003221,0.9454177379185161,1.0,2029.6323726079843,1000.0,2029.6323726079843,1000.0,0.0,0.0
4889,1701410580000.0,0.0,0.0,0.0,0.000311305593848786,0.0,0.0,0.0003221,0.9454177379185161,1.0,2029.6323726079843,1000.0,2029.6323726079843,1000.0,0.0,0.0
4890,1701414180000.0,0.0,0.0,0.0,0.000311305593848786,0.0,0.0,0.000323,0.9454177379185161,1.0,2029.6323726079843,1000.0,2029.6323726079843,1000.0,0.0,0.0
4891,1701417780000.0,0.0,0.0,0.0,0.000311305593848786,0.0,0.0,0.0003232,0.9454177379185161,1.0,2029.6323726079843,1000.0,2029.6323726079843,1000.0,0.0,0.0
4892,1701421380000.0,0.0,0.0,0.0,0.000311305593848786,0.0,0.0,0.0003225,0.9454177379185161,1.0,2029.6323726079843,1000.0,2029.6323726079843,1000.0,0.0,0.0
4893,1701424980000.0,0.0,0.0,0.0,0.000311305593848786,0.0,0.0,0.000326,0.9454177379185161,1.0,2029.6323726079843,1000.0,2029.6323726079843,1000.0,0.0,0.0
4894,1701428580000.0,0.0,0.0,0.0,0.000311305593848786,0.0,0.0,0.0003234,0.9454177379185161,1.0,2029.6323726079843,1000.0,2029.6323726079843,1000.0,0.0,0.0
4895,1701432180000.0,0.0,0.0,0.0,0.000311305593848786,0.0,0.0,0.0003229,0.9454177379185161,1.0,2029.6323726079843,1000.0,2029.6323726079843,1000.0,0.0,0.0
4896,1701435780000.0,0.0,0.0,0.0,0.000311305593848786,0.0,0.0,0.0003215,0.9454177379185161,1.0,2029.6323726079843,1000.0,2029.6323726079843,1000.0,0.0,0.0
4897,1701439380000.0,0.0,0.0,0.0,0.000311305593848786,0.0,0.0,0.000322,0.9454177379185161,1.0,2029.6323726079843,1000.0,2029.6323726079843,1000.0,0.0,0.0
4898,1701442980000.0,0.0,0.0,238300.0,0.0003194,0.0,0.0,0.0003208,0.9454177379185161,1.0,2029.6625747439841,1000.0,2029.996194743984,1000.0,0.03750033180249219,0.0
4899,1701446580000.0,0.0,0.0,238300.0,0.0003194,0.0,0.0,0.0003211,0.9454177379185161,1.0,2029.6625747439841,1000.0,2030.067684743984,1000.0,0.03750033180249219,0.0
4900,1701450180000.0,0.0,0.0,238300.0,0.0003194,0.0,0.0,0.0003215,0.9454177379185161,1.0,2029.6625747439841,1000.0,2030.1630047439842,1000.0,0.03750033180249219,0.0
4901,1701453780000.0,0.0,0.0,100600.0,0.0003194,0.0,0.0,0.0003206,0.9454177379185161,1.0,2029.7501491899836,1000.0,2029.8708691899835,1000.0,0.015830342474822748,0.0
4902,1701457380000.0,0.0,0.0,178800.0,0.000319331655129012,0.0,0.0,0.0003224,0.9454177379185161,1.0,2029.834179955051,1000.0,2030.3828000179838,1000.0,0.028128652330769055,0.0
4903,1701460980000.0,0.0,0.0,178800.0,0.000319331655129012,0.0,0.0,0.0003238,0.9454177379185161,1.0,2029.834179955051,1000.0,2030.6331200179836,1000.0,0.028128652330769055,0.0
4904,1701464580000.0,0.0,0.0,178800.0,0.000319331655129012,0.0,0.0,0.0003234,0.9454177379185161,1.0,2029.834179955051,1000.0,2030.5616000179837,1000.0,0.028128652330769055,0.0
4905,1701468180000.0,0.0,0.0,178800.0,0.000319331655129012,0.0,0.0,0.000323,0.9454177379185161,1.0,2029.834179955051,1000.0,2030.4900800179837,1000.0,0.028128652330769055,0.0
4906,1701471780000.0,0.0,0.0,178800.0,0.000319331655129012,0.0,0.0,0.0003239,0.9454177379185161,1.0,2029.834179955051,1000.0,2030.6510000179837,1000.0,0.028128652330769055,0.0
4907,1701475380000.0,0.0,0.0,178800.0,0.000319331655129012,0.0,0.0,0.0003227,0.9454177379185161,1.0,2029.834179955051,1000.0,2030.4364400179836,1000.0,0.028128652330769055,0.0
4908,1701478980000.0,0.0,0.0,178800.0,0.000319331655129012,0.0,0.0,0.000324,0.9454177379185161,1.0,2029.834179955051,1000.0,2030.6688800179836,1000.0,0.028128652330769055,0.0
4909,1701482580000.0,0.0,0.0,178800.0,0.000319331655129012,0.0,0.0,0.0003232,0.9454177379185161,1.0,2029.834179955051,1000.0,2030.5258400179837,1000.0,0.028128652330769055,0.0
4910,1701486180000.0,0.0,0.0,178800.0,0.000319331655129012,0.0,0.0,0.0003247,0.9454177379185161,1.0,2029.834179955051,1000.0,2030.7940400179837,1000.0,0.028128652330769055,0.0
4911,1701489780000.0,0.0,0.0,79500.0,0.000319331655129012,0.0,0.0,0.0003268,0.9454177379185161,1.0,2030.42037614274,1000.0,2031.0141095599836,1000.0,0.012503256409879397,0.0
4912,1701493380000.0,0.0,0.0,79500.0,0.000319331655129012,0.0,0.0,0.0003259,0.9454177379185161,1.0,2030.42037614274,1000.0,2030.9425595599835,1000.0,0.012503256409879397,0.0
4913,1701496980000.0,0.0,0.0,35400.0,0.000319331655129012,0.0,0.0,0.0003251,0.9454177379185161,1.0,2030.6807110055506,1000.0,2030.8849104139836,1000.0,0.005566774003565214,0.0
4914,1701500580000.0,0.0,0.0,400.0,0.000319331655129012,0.0,0.0,0.0003256,0.9454177379185161,1.0,2030.887325976035,1000.0,2030.8898333139834,1000.0,6.289500181415386e-05,0.0
4915,1701504180000.0,0.0,0.0,400.0,0.000319331655129012,0.0,0.0,0.0003266,0.9454177379185161,1.0,2030.887325976035,1000.0,2030.8902333139836,1000.0,6.289500181415386e-05,0.0
4916,1701507780000.0,0.0,0.0,200.0,0.000319331655129012,0.0,0.0,0.0003274,0.9454177379185161,1.0,2030.8895464250093,1000.0,2030.8911600939834,1000.0,3.1447466524325165e-05,0.0
4917,1701511380000.0,0.0,0.0,0.0,0.000319331655129012,0.0,0.0,0.0003298,0.9454177379185161,1.0,2030.8917668739834,1000.0,2030.8917668739834,1000.0,0.0,0.0
4918,1701514980000.0,0.0,0.0,0.0,0.000319331655129012,0.0,0.0,0.0003302,0.9454177379185161,1.0,2030.8917668739834,1000.0,2030.8917668739834,1000.0,0.0,0.0
4919,1701518580000.0,0.0,0.0,0.0,0.000319331655129012,0.0,0.0,0.0003297,0.9454177379185161,1.0,2030.8917668739834,1000.0,2030.8917668739834,1000.0,0.0,0.0
4920,1701522180000.0,0.0,0.0,0.0,0.000319331655129012,0.0,0.0,0.0003328,0.9454177379185161,1.0,2030.8917668739834,1000.0,2030.8917668739834,1000.0,0.0,0.0
4921,1701525780000.0,0.0,0.0,0.0,0.000319331655129012,0.0,0.0,0.0003346,0.9454177379185161,1.0,2030.8917668739834,1000.0,2030.8917668739834,1000.0,0.0,0.0
4922,1701529380000.0,0.0,0.0,0.0,0.000319331655129012,0.0,0.0,0.0003302,0.9454177379185161,1.0,2030.8917668739834,1000.0,2030.8917668739834,1000.0,0.0,0.0
4923,1701532980000.0,0.0,0.0,0.0,0.000319331655129012,0.0,0.0,0.0003332,0.9454177379185161,1.0,2030.8917668739834,1000.0,2030.8917668739834,1000.0,0.0,0.0
4924,1701536580000.0,0.0,0.0,0.0,0.000319331655129012,0.0,0.0,0.0003335,0.9454177379185161,1.0,2030.8917668739834,1000.0,2030.8917668739834,1000.0,0.0,0.0
4925,1701540180000.0,0.0,0.0,0.0,0.000319331655129012,0.0,0.0,0.0003351,0.9454177379185161,1.0,2030.8917668739834,1000.0,2030.8917668739834,1000.0,0.0,0.0
4926,1701543780000.0,0.0,0.0,0.0,0.000319331655129012,0.0,0.0,0.0003376,0.9454177379185161,1.0,2030.8917668739834,1000.0,2030.8917668739834,1000.0,0.0,0.0
4927,1701547380000.0,0.0,0.0,0.0,0.000319331655129012,0.0,0.0,0.0003422,0.9454177379185161,1.0,2030.8917668739834,1000.0,2030.8917668739834,1000.0,0.0,0.0
4928,1701550980000.0,0.0,0.0,0.0,0.000319331655129012,0.0,0.0,0.0003424,0.9454177379185161,1.0,2030.8917668739834,1000.0,2030.8917668739834,1000.0,0.0,0.0
4929,1701554580000.0,0.0,0.0,0.0,0.000319331655129012,0.0,0.0,0.0003445,0.9454177379185161,1.0,2030.8917668739834,1000.0,2030.8917668739834,1000.0,0.0,0.0
4930,1701558180000.0,0.0,0.0,0.0,0.000319331655129012,0.0,0.0,0.000342,0.9454177379185161,1.0,2030.8917668739834,1000.0,2030.8917668739834,1000.0,0.0,0.0
4931,1701561780000.0,0.0,0.0,0.0,0.000319331655129012,0.0,0.0,0.0003466,0.9454177379185161,1.0,2030.8917668739834,1000.0,2030.8917668739834,1000.0,0.0,0.0
4932,1701565380000.0,0.0,0.0,0.0,0.000319331655129012,0.0,0.0,0.000364,0.9454177379185161,1.0,2030.8917668739834,1000.0,2030.8917668739834,1000.0,0.0,0.0
4933,1701568980000.0,0.0,0.0,0.0,0.000319331655129012,0.0,0.0,0.000354,0.9454177379185161,1.0,2030.8917668739834,1000.0,2030.8917668739834,1000.0,0.0,0.0
4934,1701572580000.0,0.0,0.0,0.0,0.000319331655129012,0.0,0.0,0.0003522,0.9454177379185161,1.0,2030.8917668739834,1000.0,2030.8917668739834,1000.0,0.0,0.0
4935,1701576180000.0,0.0,0.0,0.0,0.000319331655129012,0.0,0.0,0.000353,0.9454177379185161,1.0,2030.8917668739834,1000.0,2030.8917668739834,1000.0,0.0,0.0
4936,1701579780000.0,0.0,0.0,0.0,0.000319331655129012,0.0,0.0,0.0003592,0.9454177379185161,1.0,2030.8917668739834,1000.0,2030.8917668739834,1000.0,0.0,0.0
4937,1701583380000.0,0.0,0.0,0.0,0.000319331655129012,0.0,0.0,0.0003495,0.9454177379185161,1.0,2030.8917668739834,1000.0,2030.8917668739834,1000.0,0.0,0.0
4938,1701586980000.0,0.0,0.0,0.0,0.000319331655129012,0.0,0.0,0.0003474,0.9454177379185161,1.0,2030.8917668739834,1000.0,2030.8917668739834,1000.0,0.0,0.0
4939,1701590580000.0,0.0,0.0,0.0,0.000319331655129012,0.0,0.0,0.0003472,0.9454177379185161,1.0,2030.8917668739834,1000.0,2030.8917668739834,1000.0,0.0,0.0
4940,1701594180000.0,0.0,0.0,0.0,0.000319331655129012,0.0,0.0,0.000345,0.9454177379185161,1.0,2030.8917668739834,1000.0,2030.8917668739834,1000.0,0.0,0.0
4941,1701597780000.0,0.0,0.0,0.0,0.000319331655129012,0.0,0.0,0.0003445,0.9454177379185161,1.0,2030.8917668739834,1000.0,2030.8917668739834,1000.0,0.0,0.0
4942,1701601380000.0,0.0,0.0,167400.0,0.0003413,0.0,0.0,0.000343,0.9454177379185161,1.0,2030.9666380819835,1000.0,2031.2512180819836,1000.0,0.02813124495927525,0.0
4943,1701604980000.0,0.0,0.0,297600.0,0.00034125625000000004,0.0,0.0,0.0003393,0.9454177379185161,1.0,2030.9577532339836,1000.0,2030.3755732339835,1000.0,0.050004910165307455,0.0
4944,1701608580000.0,0.0,0.0,167700.0,0.00034105629614093963,0.0,0.0,0.0003413,0.9454177379185161,1.0,2031.124779412819,1000.0,2031.1656485499834,1000.0,0.028159343750101956,0.0
4945,1701612180000.0,0.0,0.0,167700.0,0.0003408009287503793,0.0,0.0,0.0003433,0.9454177379185161,1.0,2031.302996231422,1000.0,2031.7220904799833,1000.0,0.02813579060212609,0.0
4946,1701615780000.0,0.0,0.0,39900.0,0.0003408009287503793,0.0,0.0,0.0003414,0.9454177379185161,1.0,2031.3963862411238,1000.0,2031.4202891839836,1000.0,0.006693896449378677,0.0
4947,1701619380000.0,0.0,0.0,125900.0,0.0003406202141599979,0.0,0.0,0.0003453,0.9454177379185161,1.0,2031.5079433507274,1000.0,2032.0971283879837,1000.0,0.02110948426419225,0.0
4948,1701622980000.0,0.0,0.0,125900.0,0.0003406202141599979,0.0,0.0,0.0003441,0.9454177379185161,1.0,2031.5079433507274,1000.0,2031.9460483879836,1000.0,0.02110948426419225,0.0
4949,1701626580000.0,0.0,0.0,125900.0,0.0003406202141599979,0.0,0.0,0.0003442,0.9454177379185161,1.0,2031.5079433507274,1000.0,2031.9586383879837,1000.0,0.02110948426419225,0.0
4950,1701630180000.0,0.0,0.0,84000.0,0.0003406202141599979,0.0,0.0,0.0003502,0.9454177379185161,1.0,2031.7723485174233,1000.0,2032.5770505279836,1000.0,0.014082334573712437,0.0
4951,1701633780000.0,0.0,0.0,1400.0,0.0003406202141599979,0.0,0.0,0.0003533,0.9454177379185161,1.0,2032.7477955278075,1000.0,2032.7655472279835,1000.0,0.00023459294894976243,0.0
4952,1701637380000.0,0.0,0.0,400.0,0.0003406202141599979,0.0,0.0,0.000352,0.9454177379185161,1.0,2032.7596048136475,1000.0,2032.7641567279834,1000.0,6.702616745303224e-05,0.0
4953,1701640980000.0,0.0,0.0,0.0,0.0003406202141599979,0.0,0.0,0.0003581,0.9454177379185161,1.0,2032.7643285279835,1000.0,2032.7643285279835,1000.0,0.0,0.0
4954,1701644580000.0,0.0,0.0,0.0,0.0003406202141599979,0.0,0.0,0.0003533,0.9454177379185161,1.0,2032.7643285279835,1000.0,2032.7643285279835,1000.0,0.0,0.0
4955,1701648180000.0,0.0,0.0,0.0,0.0003406202141599979,0.0,0.0,0.0003528,0.9454177379185161,1.0,2032.7643285279835,1000.0,2032.7643285279835,1000.0,0.0,0.0
4956,1701651780000.0,0.0,0.0,0.0,0.0003406202141599979,0.0,0.0,0.0003514,0.9454177379185161,1.0,2032.7643285279835,1000.0,2032.7643285279835,1000.0,0.0,0.0
4957,1701655380000.0,0.0,0.0,0.0,0.0003406202141599979,0.0,0.0,0.0003511,0.9454177379185161,1.0,2032.7643285279835,1000.0,2032.7643285279835,1000.0,0.0,0.0
4958,1701658980000.0,0.0,0.0,0.0,0.0003406202141599979,0.0,0.0,0.0003527,0.9454177379185161,1.0,2032.7643285279835,1000.0,2032.7643285279835,1000.0,0.0,0.0
4959,1701662580000.0,0.0,0.0,0.0,0.0003406202141599979,0.0,0.0,0.0003535,0.9454177379185161,1.0,2032.7643285279835,1000.0,2032.7643285279835,1000.0,0.0,0.0
4960,1701666180000.0,0.0,0.0,0.0,0.0003406202141599979,0.0,0.0,0.000359,0.9454177379185161,1.0,2032.7643285279835,1000.0,2032.7643285279835,1000.0,0.0,0.0
4961,1701669780000.0,0.0,0.0,0.0,0.0003406202141599979,0.0,0.0,0.0003574,0.9454177379185161,1.0,2032.7643285279835,1000.0,2032.7643285279835,1000.0,0.0,0.0
4962,1701673380000.0,0.0,0.0,0.0,0.0003406202141599979,0.0,0.0,0.0003859,0.9454177379185161,1.0,2032.7643285279835,1000.0,2032.7643285279835,1000.0,0.0,0.0
4963,1701676980000.0,0.0,0.0,0.0,0.0003406202141599979,0.0,0.0,0.0003755,0.9454177379185161,1.0,2032.7643285279835,1000.0,2032.7643285279835,1000.0,0.0,0.0
4964,1701680580000.0,0.0,0.0,0.0,0.0003406202141599979,0.0,0.0,0.0003836,0.9454177379185161,1.0,2032.7643285279835,1000.0,2032.7643285279835,1000.0,0.0,0.0
4965,1701684180000.0,0.0,0.0,0.0,0.0003406202141599979,0.0,0.0,0.0003741,0.9454177379185161,1.0,2032.7643285279835,1000.0,2032.7643285279835,1000.0,0.0,0.0
4966,1701687780000.0,0.0,0.0,0.0,0.0003406202141599979,0.0,0.0,0.0003928,0.9454177379185161,1.0,2032.7643285279835,1000.0,2032.7643285279835,1000.0,0.0,0.0
4967,1701691380000.0,0.0,0.0,0.0,0.0003406202141599979,0.0,0.0,0.0003912,0.9454177379185161,1.0,2032.7643285279835,1000.0,2032.7643285279835,1000.0,0.0,0.0
4968,1701694980000.0,0.0,0.0,0.0,0.0003406202141599979,0.0,0.0,0.0003881,0.9454177379185161,1.0,2032.7643285279835,1000.0,2032.7643285279835,1000.0,0.0,0.0
4969,1701698580000.0,0.0,0.0,0.0,0.0003406202141599979,0.0,0.0,0.0003894,0.9454177379185161,1.0,2032.7643285279835,1000.0,2032.7643285279835,1000.0,0.0,0.0
4970,1701702180000.0,0.0,0.0,0.0,0.0003406202141599979,0.0,0.0,0.000405,0.9454177379185161,1.0,2032.7643285279835,1000.0,2032.7643285279835,1000.0,0.0,0.0
4971,1701705780000.0,0.0,0.0,0.0,0.0003406202141599979,0.0,0.0,0.0003937,0.9454177379185161,1.0,2032.7643285279835,1000.0,2032.7643285279835,1000.0,0.0,0.0
4972,1701709380000.0,0.0,0.0,0.0,0.0003406202141599979,0.0,0.0,0.0003947,0.9454177379185161,1.0,2032.7643285279835,1000.0,2032.7643285279835,1000.0,0.0,0.0
4973,1701712980000.0,0.0,0.0,0.0,0.0003406202141599979,0.0,0.0,0.000389,0.9454177379185161,1.0,2032.7643285279835,1000.0,2032.7643285279835,1000.0,0.0,0.0
4974,1701716580000.0,0.0,0.0,0.0,0.0003406202141599979,0.0,0.0,0.0003872,0.9454177379185161,1.0,2032.7643285279835,1000.0,2032.7643285279835,1000.0,0.0,0.0
4975,1701720180000.0,0.0,0.0,0.0,0.0003406202141599979,0.0,0.0,0.0003887,0.9454177379185161,1.0,2032.7643285279835,1000.0,2032.7643285279835,1000.0,0.0,0.0
4976,1701723780000.0,0.0,0.0,0.0,0.0003406202141599979,0.0,0.0,0.00038,0.9454177379185161,1.0,2032.7643285279835,1000.0,2032.7643285279835,1000.0,0.0,0.0
4977,1701727380000.0,0.0,0.0,270200.0,0.0003761,0.0,0.0,0.0003754,0.9454177379185161,1.0,2032.7440040839836,1000.0,2032.5548640839836,1000.0,0.04999263055054198,0.0
4978,1701730980000.0,0.0,0.0,0.0,0.0003761,0.0,0.0,0.0004149,0.9454177379185161,1.0,2034.808002691984,1000.0,2034.808002691984,1000.0,0.0,0.0
4979,1701734580000.0,0.0,0.0,0.0,0.0003761,0.0,0.0,0.0004201,0.9454177379185161,1.0,2034.808002691984,1000.0,2034.808002691984,1000.0,0.0,0.0
4980,1701738180000.0,0.0,0.0,0.0,0.0003761,0.0,0.0,0.000427,0.9454177379185161,1.0,2034.808002691984,1000.0,2034.808002691984,1000.0,0.0,0.0
4981,1701741780000.0,0.0,0.0,0.0,0.0003761,0.0,0.0,0.0004221,0.9454177379185161,1.0,2034.808002691984,1000.0,2034.808002691984,1000.0,0.0,0.0
4982,1701745380000.0,0.0,0.0,0.0,0.0003761,0.0,0.0,0.0004384,0.9454177379185161,1.0,2034.808002691984,1000.0,2034.808002691984,1000.0,0.0,0.0
4983,1701748980000.0,0.0,0.0,0.0,0.0003761,0.0,0.0,0.0004349,0.9454177379185161,1.0,2034.808002691984,1000.0,2034.808002691984,1000.0,0.0,0.0
4984,1701752580000.0,0.0,0.0,0.0,0.0003761,0.0,0.0,0.0004389,0.9454177379185161,1.0,2034.808002691984,1000.0,2034.808002691984,1000.0,0.0,0.0
4985,1701756180000.0,0.0,0.0,0.0,0.0003761,0.0,0.0,0.0004322,0.9454177379185161,1.0,2034.808002691984,1000.0,2034.808002691984,1000.0,0.0,0.0
4986,1701759780000.0,0.0,0.0,0.0,0.0003761,0.0,0.0,0.0004159,0.9454177379185161,1.0,2034.808002691984,1000.0,2034.808002691984,1000.0,0.0,0.0
4987,1701763380000.0,0.0,0.0,0.0,0.0003761,0.0,0.0,0.0004126,0.9454177379185161,1.0,2034.808002691984,1000.0,2034.808002691984,1000.0,0.0,0.0
4988,1701766980000.0,0.0,0.0,0.0,0.0003761,0.0,0.0,0.0004086,0.9454177379185161,1.0,2034.808002691984,1000.0,2034.808002691984,1000.0,0.0,0.0
4989,1701770580000.0,0.0,0.0,0.0,0.0003761,0.0,0.0,0.0004161,0.9454177379185161,1.0,2034.808002691984,1000.0,2034.808002691984,1000.0,0.0,0.0
4990,1701774180000.0,0.0,0.0,0.0,0.0003761,0.0,0.0,0.000412,0.9454177379185161,1.0,2034.808002691984,1000.0,2034.808002691984,1000.0,0.0,0.0
4991,1701777780000.0,0.0,0.0,0.0,0.0003761,0.0,0.0,0.0004178,0.9454177379185161,1.0,2034.808002691984,1000.0,2034.808002691984,1000.0,0.0,0.0
4992,1701781380000.0,0.0,0.0,0.0,0.0003761,0.0,0.0,0.0004334,0.9454177379185161,1.0,2034.808002691984,1000.0,2034.808002691984,1000.0,0.0,0.0
4993,1701784980000.0,0.0,0.0,0.0,0.0003761,0.0,0.0,0.0004333,0.9454177379185161,1.0,2034.808002691984,1000.0,2034.808002691984,1000.0,0.0,0.0
4994,1701788580000.0,0.0,0.0,0.0,0.0003761,0.0,0.0,0.0004416,0.9454177379185161,1.0,2034.808002691984,1000.0,2034.808002691984,1000.0,0.0,0.0
4995,1701792180000.0,0.0,0.0,0.0,0.0003761,0.0,0.0,0.0004343,0.9454177379185161,1.0,2034.808002691984,1000.0,2034.808002691984,1000.0,0.0,0.0
4996,1701795780000.0,0.0,0.0,0.0,0.0003761,0.0,0.0,0.0004346,0.9454177379185161,1.0,2034.808002691984,1000.0,2034.808002691984,1000.0,0.0,0.0
4997,1701799380000.0,0.0,0.0,0.0,0.0003761,0.0,0.0,0.0004293,0.9454177379185161,1.0,2034.808002691984,1000.0,2034.808002691984,1000.0,0.0,0.0
4998,1701802980000.0,0.0,0.0,0.0,0.0003761,0.0,0.0,0.0004431,0.9454177379185161,1.0,2034.808002691984,1000.0,2034.808002691984,1000.0,0.0,0.0
4999,1701806580000.0,0.0,0.0,0.0,0.0003761,0.0,0.0,0.0004404,0.9454177379185161,1.0,2034.808002691984,1000.0,2034.808002691984,1000.0,0.0,0.0
5000,1701810180000.0,0.0,0.0,181400.0,0.0004208,0.0,0.0,0.0004235,0.9454177379185161,1.0,2034.836918667984,1000.0,2035.3266986679841,1000.0,0.03751313891531322,0.0
5001,1701813780000.0,0.0,0.0,241800.0,0.00042081997553455625,0.0,0.0,0.0004172,0.9454177379185161,1.0,2035.0477101702395,1000.0,2034.1724000859838,1000.0,0.050000926059735266,0.0
5002,1701817380000.0,0.0,0.0,241800.0,0.00042081997553455625,0.0,0.0,0.0004165,0.9454177379185161,1.0,2035.0477101702395,1000.0,2034.003140085984,1000.0,0.050000926059735266,0.0
5003,1701820980000.0,0.0,0.0,241800.0,0.00042081997553455625,0.0,0.0,0.0004136,0.9454177379185161,1.0,2035.0477101702395,1000.0,2033.3019200859837,1000.0,0.050000926059735266,0.0
5004,1701824580000.0,0.0,0.0,1060600.0,0.0004055105789970353,0.0,0.0,0.0004013,0.9454177379185161,1.0,2034.9820441202394,1000.0,2030.5163040359837,1000.0,0.21134560932707847,0.0
5005,1701828180000.0,0.0,0.0,596700.0,0.0004055105789970353,0.0,0.0,0.0004055,0.9454177379185161,1.0,2035.356940731515,1000.0,2035.350628243984,1000.0,0.11888242187169722,0.0
5006,1701831780000.0,0.0,0.0,249000.0,0.00040649727739777946,0.0,0.0,0.0004041,0.9454177379185161,1.0,2035.7753925460313,1000.0,2035.1784704739841,1000.0,0.04971954295284981,0.0
5007,1701835380000.0,0.0,0.0,249000.0,0.00040649727739777946,0.0,0.0,0.0004051,0.9454177379185161,1.0,2035.7753925460313,1000.0,2035.4274704739842,1000.0,0.04971954295284981,0.0
5008,1701838980000.0,0.0,0.0,187500.0,0.00040733623682412265,0.0,0.0,0.0004064,0.9454177379185161,1.0,2036.024995786507,1000.0,2035.849451381984,1000.0,0.03751208583518371,0.0
5009,1701842580000.0,0.0,0.0,249400.0,0.00040733509184534355,0.0,0.0,0.0004026,0.9454177379185161,1.0,2036.1151773262125,1000.0,2034.9342454199839,1000.0,0.049893725579725746,0.0
5010,1701846180000.0,0.0,0.0,285000.0,0.00040152951422469144,0.0,0.0,0.0003983,0.9454177379185161,1.0,2036.269877510021,1000.0,2035.3494659559838,1000.0,0.05619879408812494,0.0
5011,1701849780000.0,0.0,0.0,285000.0,0.00040152951422469144,0.0,0.0,0.0003966,0.9454177379185161,1.0,2036.269877510021,1000.0,2034.864965955984,1000.0,0.05619879408812494,0.0
5012,1701853380000.0,0.0,0.0,307200.0,0.0003960170510053782,0.0,0.0,0.0003966,0.9454177379185161,1.0,2036.4414843428362,1000.0,2036.620566273984,1000.0,0.059739717052616895,0.0
5013,1701856980000.0,0.0,0.0,230400.0,0.0003960170510053782,0.0,0.0,0.0003921,0.9454177379185161,1.0,2036.503198441623,1000.0,2035.6007098899838,1000.0,0.044803430027244635,0.0
5014,1701860580000.0,0.0,0.0,255800.0,0.0003981143152376834,0.0,0.0,0.0003972,0.9454177379185161,1.0,2036.7284382577834,1000.0,2036.494556419984,1000.0,0.050000598962967935,0.0
5015,1701864180000.0,0.0,0.0,519000.0,0.00039242720970674263,0.0,0.0,0.0003839,0.9454177379185161,1.0,2036.7080718417835,1000.0,2032.2824500039842,1000.0,0.09999946710753792,0.0
5016,1701867780000.0,0.0,0.0,192000.0,0.00039762094257543443,0.0,0.0,0.0003985,0.9454177379185161,1.0,2039.2159000644679,1000.0,2039.3846790899845,1000.0,0.03743753712986933,0.0
5017,1701871380000.0,0.0,0.0,192300.0,0.00039788824167045654,0.0,0.0,0.0004006,0.9454177379185161,1.0,2039.483724083214,1000.0,2040.0051952099852,1000.0,0.037516312569556405,0.0
5018,1701874980000.0,0.0,0.0,256400.0,0.00039782465530597573,0.0,0.0,0.0003931,0.9454177379185161,1.0,2039.5281918364374,1000.0,2038.3167902159853,1000.0,0.05001266568843408,0.0
5019,1701878580000.0,0.0,0.0,144700.0,0.00039705777670932026,0.0,0.0,0.0003983,0.9454177379185161,1.0,2039.7200104918238,1000.0,2039.8997602019851,1000.0,0.02816771909590919,0.0
5020,1701882180000.0,0.0,0.0,259100.0,0.0003922762147002116,0.0,0.0,0.000393,0.9454177379185161,1.0,2040.4944480288098,1000.0,2040.681980799985,1000.0,0.04981085213292861,0.0
5021,1701885780000.0,0.0,0.0,257800.0,0.0003956662203673131,0.0,0.0,0.0003927,0.9454177379185161,1.0,2040.980254696678,1000.0,2040.2155630859847,1000.0,0.04997733386982352,0.0
5022,1701889380000.0,0.0,0.0,81700.0,0.0003956496396086758,0.0,0.0,0.0003976,0.9454177379185161,1.0,2041.1661086920137,1000.0,2041.3254531359848,1000.0,0.015836327782623488,0.0
5023,1701892980000.0,0.0,0.0,24300.0,0.0003956496396086758,0.0,0.0,0.0004023,0.9454177379185161,1.0,2041.5833929384758,1000.0,2041.744996695985,1000.0,0.0047092302355834035,0.0
5024,1701896580000.0,0.0,0.0,259200.0,0.00039544225706263536,0.0,0.0,0.0003949,0.9454177379185161,1.0,2041.61469073062,1000.0,2041.4741376999848,1000.0,0.05020469018762524,0.0
5025,1701900180000.0,0.0,0.0,259200.0,0.00039544225706263536,0.0,0.0,0.0003934,0.9454177379185161,1.0,2041.61469073062,1000.0,2041.0853376999848,1000.0,0.05020469018762524,0.0
5026,1701903780000.0,0.0,0.0,194000.0,0.0003951621078102561,0.0,0.0,0.0003952,0.9454177379185161,1.0,2041.7430755231746,1000.0,2041.750426607985,1000.0,0.03754705958561706,0.0
5027,1701907380000.0,0.0,0.0,28800.0,0.0003951621078102561,0.0,0.0,0.0003988,0.9454177379185161,1.0,2042.6268097629204,1000.0,2042.731581057985,1000.0,0.005571584907502651,0.0
5028,1701910980000.0,0.0,0.0,258300.0,0.0003954905773492748,0.0,0.0,0.0003949,0.9454177379185161,1.0,2042.8091290353025,1000.0,2042.6565829059848,1000.0,0.05000722518679928,0.0
5029,1701914580000.0,0.0,0.0,109100.0,0.0003954905773492748,0.0,0.0,0.0003972,0.9454177379185161,1.0,2042.9329863187907,1000.0,2043.1194843299847,1000.0,0.02112062523722588,0.0
5030,1701918180000.0,0.0,0.0,81900.0,0.0003954905773492748,0.0,0.0,0.000402,0.9454177379185161,1.0,2042.9555661988904,1000.0,2043.488687913985,1000.0,0.015854812909696064,0.0
5031,1701921780000.0,0.0,0.0,16200.0,0.0003954905773492748,0.0,0.0,0.0004004,0.9454177379185161,1.0,2043.437071161043,1000.0,2043.5166038079847,1000.0,0.0031353778608988157,0.0
5032,1701925380000.0,0.0,0.0,4800.0,0.0003954905773492748,0.0,0.0,0.0004035,0.9454177379185161,1.0,2043.5206199672614,1000.0,2043.5590651959849,1000.0,0.0009289628657169762,0.0
5033,1701928980000.0,0.0,0.0,0.0,0.0003954905773492748,0.0,0.0,0.0004127,0.9454177379185161,1.0,2043.5654464819845,1000.0,2043.5654464819845,1000.0,0.0,0.0
5034,1701932580000.0,0.0,0.0,0.0,0.0003954905773492748,0.0,0.0,0.0004201,0.9454177379185161,1.0,2043.5654464819845,1000.0,2043.5654464819845,1000.0,0.0,0.0
5035,1701936180000.0,0.0,0.0,0.0,0.0003954905773492748,0.0,0.0,0.0004873,0.9454177379185161,1.0,2043.5654464819845,1000.0,2043.5654464819845,1000.0,0.0,0.0
5036,1701939780000.0,0.0,0.0,0.0,0.0003954905773492748,0.0,0.0,0.0004592,0.9454177379185161,1.0,2043.5654464819845,1000.0,2043.5654464819845,1000.0,0.0,0.0
5037,1701943380000.0,0.0,0.0,0.0,0.0003954905773492748,0.0,0.0,0.0004719,0.9454177379185161,1.0,2043.5654464819845,1000.0,2043.5654464819845,1000.0,0.0,0.0
5038,1701946980000.0,0.0,0.0,0.0,0.0003954905773492748,0.0,0.0,0.0004728,0.9454177379185161,1.0,2043.5654464819845,1000.0,2043.5654464819845,1000.0,0.0,0.0
5039,1701950580000.0,0.0,0.0,0.0,0.0003954905773492748,0.0,0.0,0.0004866,0.9454177379185161,1.0,2043.5654464819845,1000.0,2043.5654464819845,1000.0,0.0,0.0
5040,1701954180000.0,0.0,0.0,0.0,0.0003954905773492748,0.0,0.0,0.0005109,0.9454177379185161,1.0,2043.5654464819845,1000.0,2043.5654464819845,1000.0,0.0,0.0
5041,1701957780000.0,0.0,0.0,0.0,0.0003954905773492748,0.0,0.0,0.0005056,0.9454177379185161,1.0,2043.5654464819845,1000.0,2043.5654464819845,1000.0,0.0,0.0
5042,1701961380000.0,0.0,0.0,0.0,0.0003954905773492748,0.0,0.0,0.000486,0.9454177379185161,1.0,2043.5654464819845,1000.0,2043.5654464819845,1000.0,0.0,0.0
5043,1701964980000.0,0.0,0.0,0.0,0.0003954905773492748,0.0,0.0,0.0004915,0.9454177379185161,1.0,2043.5654464819845,1000.0,2043.5654464819845,1000.0,0.0,0.0
5044,1701968580000.0,0.0,0.0,0.0,0.0003954905773492748,0.0,0.0,0.0004975,0.9454177379185161,1.0,2043.5654464819845,1000.0,2043.5654464819845,1000.0,0.0,0.0
5045,1701972180000.0,0.0,0.0,0.0,0.0003954905773492748,0.0,0.0,0.0005013,0.9454177379185161,1.0,2043.5654464819845,1000.0,2043.5654464819845,1000.0,0.0,0.0
5046,1701975780000.0,0.0,0.0,0.0,0.0003954905773492748,0.0,0.0,0.0005224,0.9454177379185161,1.0,2043.5654464819845,1000.0,2043.5654464819845,1000.0,0.0,0.0
5047,1701979380000.0,0.0,0.0,0.0,0.0003954905773492748,0.0,0.0,0.0005058,0.9454177379185161,1.0,2043.5654464819845,1000.0,2043.5654464819845,1000.0,0.0,0.0
5048,1701982980000.0,0.0,0.0,0.0,0.0003954905773492748,0.0,0.0,0.0005116,0.9454177379185161,1.0,2043.5654464819845,1000.0,2043.5654464819845,1000.0,0.0,0.0
5049,1701986580000.0,0.0,0.0,0.0,0.0003954905773492748,0.0,0.0,0.0005278,0.9454177379185161,1.0,2043.5654464819845,1000.0,2043.5654464819845,1000.0,0.0,0.0
5050,1701990180000.0,0.0,0.0,0.0,0.0003954905773492748,0.0,0.0,0.0005212,0.9454177379185161,1.0,2043.5654464819845,1000.0,2043.5654464819845,1000.0,0.0,0.0
5051,1701993780000.0,0.0,0.0,0.0,0.0003954905773492748,0.0,0.0,0.0005238,0.9454177379185161,1.0,2043.5654464819845,1000.0,2043.5654464819845,1000.0,0.0,0.0
5052,1701997380000.0,0.0,0.0,0.0,0.0003954905773492748,0.0,0.0,0.0005234,0.9454177379185161,1.0,2043.5654464819845,1000.0,2043.5654464819845,1000.0,0.0,0.0
5053,1702000980000.0,0.0,0.0,0.0,0.0003954905773492748,0.0,0.0,0.0005302,0.9454177379185161,1.0,2043.5654464819845,1000.0,2043.5654464819845,1000.0,0.0,0.0
5054,1702004580000.0,0.0,0.0,0.0,0.0003954905773492748,0.0,0.0,0.0004985,0.9454177379185161,1.0,2043.5654464819845,1000.0,2043.5654464819845,1000.0,0.0,0.0
5055,1702008180000.0,0.0,0.0,20800.0,0.00048808243436754175,0.0,0.0,0.0005015,0.9454177379185161,1.0,2047.1106902488298,1000.0,2047.389775613985,1000.0,0.004959240691381892,0.0
5056,1702011780000.0,0.0,0.0,209400.0,0.0004888721670219628,0.0,0.0,0.0004875,0.9454177379185161,1.0,2047.3612427483838,1000.0,2047.0739109739848,1000.0,0.05000086435014147,0.0
5057,1702015380000.0,0.0,0.0,157200.0,0.0004888885082633047,0.0,0.0,0.000494,0.9454177379185161,1.0,2048.526580222976,1000.0,2049.3301067239845,1000.0,0.03751636627073995,0.0
5058,1702018980000.0,0.0,0.0,0.0,0.0004888885082633047,0.0,0.0,0.0005104,0.9454177379185161,1.0,2050.0272328039837,1000.0,2050.0272328039837,1000.0,0.0,0.0
5059,1702022580000.0,0.0,0.0,1700.0,0.0004905,0.0,0.0,0.0004962,0.9454177379185161,1.0,2051.872446487984,1000.0,2051.8821364879836,1000.0,0.00040638491024489875,0.0
5060,1702026180000.0,0.0,0.0,156700.0,0.0004909959310674964,0.0,0.0,0.0004918,0.9454177379185161,1.0,2051.9045943222604,1000.0,2052.0305919239836,1000.0,0.03749641314278039,0.0
5061,1702029780000.0,0.0,0.0,156800.0,0.0004909988924932271,0.0,0.0,0.0004926,0.9454177379185161,1.0,2052.0850017429207,1000.0,2052.336055399983,1000.0,0.037517269644068534,0.0
5062,1702033380000.0,0.0,0.0,0.0,0.0004909988924932271,0.0,0.0,0.000516,0.9454177379185161,1.0,2053.711159297983,1000.0,2053.711159297983,1000.0,0.0,0.0
5063,1702036980000.0,0.0,0.0,0.0,0.0004909988924932271,0.0,0.0,0.0005434,0.9454177379185161,1.0,2053.711159297983,1000.0,2053.711159297983,1000.0,0.0,0.0
5064,1702040580000.0,0.0,0.0,0.0,0.0004909988924932271,0.0,0.0,0.0005415,0.9454177379185161,1.0,2053.711159297983,1000.0,2053.711159297983,1000.0,0.0,0.0
5065,1702044180000.0,0.0,0.0,0.0,0.0004909988924932271,0.0,0.0,0.0005392,0.9454177379185161,1.0,2053.711159297983,1000.0,2053.711159297983,1000.0,0.0,0.0
5066,1702047780000.0,0.0,0.0,0.0,0.0004909988924932271,0.0,0.0,0.0005545,0.9454177379185161,1.0,2053.711159297983,1000.0,2053.711159297983,1000.0,0.0,0.0
5067,1702051380000.0,0.0,0.0,0.0,0.0004909988924932271,0.0,0.0,0.000546,0.9454177379185161,1.0,2053.711159297983,1000.0,2053.711159297983,1000.0,0.0,0.0
5068,1702054980000.0,0.0,0.0,0.0,0.0004909988924932271,0.0,0.0,0.0005461,0.9454177379185161,1.0,2053.711159297983,1000.0,2053.711159297983,1000.0,0.0,0.0
5069,1702058580000.0,0.0,0.0,0.0,0.0004909988924932271,0.0,0.0,0.0005788,0.9454177379185161,1.0,2053.711159297983,1000.0,2053.711159297983,1000.0,0.0,0.0
5070,1702062180000.0,0.0,0.0,0.0,0.0004909988924932271,0.0,0.0,0.0006113,0.9454177379185161,1.0,2053.711159297983,1000.0,2053.711159297983,1000.0,0.0,0.0
5071,1702065780000.0,0.0,0.0,0.0,0.0004909988924932271,0.0,0.0,0.0006186,0.9454177379185161,1.0,2053.711159297983,1000.0,2053.711159297983,1000.0,0.0,0.0
5072,1702069380000.0,0.0,0.0,0.0,0.0004909988924932271,0.0,0.0,0.0006096,0.9454177379185161,1.0,2053.711159297983,1000.0,2053.711159297983,1000.0,0.0,0.0
5073,1702072980000.0,0.0,0.0,0.0,0.0004909988924932271,0.0,0.0,0.0006161,0.9454177379185161,1.0,2053.711159297983,1000.0,2053.711159297983,1000.0,0.0,0.0
5074,1702076580000.0,0.0,0.0,0.0,0.0004909988924932271,0.0,0.0,0.0006761,0.9454177379185161,1.0,2053.711159297983,1000.0,2053.711159297983,1000.0,0.0,0.0
5075,1702080180000.0,0.0,0.0,0.0,0.0004909988924932271,0.0,0.0,0.0007119,0.9454177379185161,1.0,2053.711159297983,1000.0,2053.711159297983,1000.0,0.0,0.0
5076,1702083780000.0,0.0,0.0,0.0,0.0004909988924932271,0.0,0.0,0.0006892,0.9454177379185161,1.0,2053.711159297983,1000.0,2053.711159297983,1000.0,0.0,0.0
5077,1702087380000.0,0.0,0.0,0.0,0.0004909988924932271,0.0,0.0,0.0006754,0.9454177379185161,1.0,2053.711159297983,1000.0,2053.711159297983,1000.0,0.0,0.0
5078,1702090980000.0,0.0,0.0,0.0,0.0004909988924932271,0.0,0.0,0.0007154,0.9454177379185161,1.0,2053.711159297983,1000.0,2053.711159297983,1000.0,0.0,0.0
5079,1702094580000.0,0.0,0.0,0.0,0.0004909988924932271,0.0,0.0,0.0007446,0.9454177379185161,1.0,2053.711159297983,1000.0,2053.711159297983,1000.0,0.0,0.0
5080,1702098180000.0,0.0,0.0,0.0,0.0004909988924932271,0.0,0.0,0.0007293,0.9454177379185161,1.0,2053.711159297983,1000.0,2053.711159297983,1000.0,0.0,0.0
5081,1702101780000.0,0.0,0.0,0.0,0.0004909988924932271,0.0,0.0,0.0007357,0.9454177379185161,1.0,2053.711159297983,1000.0,2053.711159297983,1000.0,0.0,0.0
5082,1702105380000.0,0.0,0.0,0.0,0.0004909988924932271,0.0,0.0,0.0007503,0.9454177379185161,1.0,2053.711159297983,1000.0,2053.711159297983,1000.0,0.0,0.0
5083,1702108980000.0,0.0,0.0,0.0,0.0004909988924932271,0.0,0.0,0.0007525,0.9454177379185161,1.0,2053.711159297983,1000.0,2053.711159297983,1000.0,0.0,0.0
5084,1702112580000.0,0.0,0.0,0.0,0.0004909988924932271,0.0,0.0,0.0007682,0.9454177379185161,1.0,2053.711159297983,1000.0,2053.711159297983,1000.0,0.0,0.0
5085,1702116180000.0,0.0,0.0,0.0,0.0004909988924932271,0.0,0.0,0.0008182,0.9454177379185161,1.0,2053.711159297983,1000.0,2053.711159297983,1000.0,0.0,0.0
5086,1702119780000.0,0.0,0.0,0.0,0.0004909988924932271,0.0,0.0,0.000839,0.9454177379185161,1.0,2053.711159297983,1000.0,2053.711159297983,1000.0,0.0,0.0
5087,1702123380000.0,0.0,0.0,0.0,0.0004909988924932271,0.0,0.0,0.0008855,0.9454177379185161,1.0,2053.711159297983,1000.0,2053.711159297983,1000.0,0.0,0.0
5088,1702126980000.0,0.0,0.0,0.0,0.0004909988924932271,0.0,0.0,0.0008709,0.9454177379185161,1.0,2053.711159297983,1000.0,2053.711159297983,1000.0,0.0,0.0
5089,1702130580000.0,0.0,0.0,0.0,0.0004909988924932271,0.0,0.0,0.0009133,0.9454177379185161,1.0,2053.711159297983,1000.0,2053.711159297983,1000.0,0.0,0.0
5090,1702134180000.0,0.0,0.0,0.0,0.0004909988924932271,0.0,0.0,0.0009023,0.9454177379185161,1.0,2053.711159297983,1000.0,2053.711159297983,1000.0,0.0,0.0
5091,1702137780000.0,0.0,0.0,0.0,0.0004909988924932271,0.0,0.0,0.00085,0.9454177379185161,1.0,2053.711159297983,1000.0,2053.711159297983,1000.0,0.0,0.0
5092,1702141380000.0,0.0,0.0,0.0,0.0004909988924932271,0.0,0.0,0.0008168,0.9454177379185161,1.0,2053.711159297983,1000.0,2053.711159297983,1000.0,0.0,0.0
5093,1702144980000.0,0.0,0.0,0.0,0.0004909988924932271,0.0,0.0,0.0007889,0.9454177379185161,1.0,2053.711159297983,1000.0,2053.711159297983,1000.0,0.0,0.0
5094,1702148580000.0,0.0,0.0,0.0,0.0004909988924932271,0.0,0.0,0.0008415,0.9454177379185161,1.0,2053.711159297983,1000.0,2053.711159297983,1000.0,0.0,0.0
5095,1702152180000.0,0.0,0.0,0.0,0.0004909988924932271,0.0,0.0,0.0008466,0.9454177379185161,1.0,2053.711159297983,1000.0,2053.711159297983,1000.0,0.0,0.0
5096,1702155780000.0,0.0,0.0,0.0,0.0004909988924932271,0.0,0.0,0.0008267,0.9454177379185161,1.0,2053.711159297983,1000.0,2053.711159297983,1000.0,0.0,0.0
5097,1702159380000.0,0.0,0.0,0.0,0.0004909988924932271,0.0,0.0,0.0008977,0.9454177379185161,1.0,2053.711159297983,1000.0,2053.711159297983,1000.0,0.0,0.0
5098,1702162980000.0,0.0,0.0,0.0,0.0004909988924932271,0.0,0.0,0.0008962,0.9454177379185161,1.0,2053.711159297983,1000.0,2053.711159297983,1000.0,0.0,0.0
5099,1702166580000.0,0.0,0.0,0.0,0.0004909988924932271,0.0,0.0,0.000895,0.9454177379185161,1.0,2053.711159297983,1000.0,2053.711159297983,1000.0,0.0,0.0
5100,1702170180000.0,0.0,0.0,0.0,0.0004909988924932271,0.0,0.0,0.0008914,0.9454177379185161,1.0,2053.711159297983,1000.0,2053.711159297983,1000.0,0.0,0.0
5101,1702173780000.0,0.0,0.0,0.0,0.0004909988924932271,0.0,0.0,0.0008817,0.9454177379185161,1.0,2053.711159297983,1000.0,2053.711159297983,1000.0,0.0,0.0
5102,1702177380000.0,0.0,0.0,55800.0,0.0008185,0.0,0.0,0.0008362,0.9454177379185161,1.0,2054.738433169983,1000.0,2055.726093169983,1000.0,0.022227792726657803,0.0
5103,1702180980000.0,0.0,0.0,22700.0,0.0008189139820525452,0.0,0.0,0.000835,0.9454177379185161,1.0,2056.9547843145765,1000.0,2057.3199369219838,1000.0,0.009037314545923361,0.0
5104,1702184580000.0,0.0,0.0,0.0,0.000818997560575711,0.0,0.0,0.0008451,0.9454177379185161,1.0,2059.5329884659814,1000.0,2059.5329884659814,1000.0,0.0,0.0
5105,1702188180000.0,0.0,0.0,0.0,0.000818997560575711,0.0,0.0,0.0008522,0.9454177379185161,1.0,2059.5329884659814,1000.0,2059.5329884659814,1000.0,0.0,0.0
5106,1702191780000.0,0.0,0.0,0.0,0.000818997560575711,0.0,0.0,0.000834,0.9454177379185161,1.0,2059.5329884659814,1000.0,2059.5329884659814,1000.0,0.0,0.0
5107,1702195380000.0,0.0,0.0,144300.0,0.0008032577592929555,0.0,0.0,0.0008047,0.9454177379185161,1.0,2061.120902111955,1000.0,2061.329017445981,1000.0,0.056236436468721784,0.0
5108,1702198980000.0,0.0,0.0,671900.0,0.0007622216281339205,0.0,0.0,0.0007515,0.9454177379185161,1.0,2061.2214718091623,1000.0,2054.0176098659813,1000.0,0.24846272899227653,0.0
5109,1702202580000.0,0.0,0.0,1944100.0,0.0007228190740924752,0.0,0.0,0.0007007,0.9454177379185161,1.0,2061.042852639162,1000.0,2018.0411606959808,1000.0,0.6818065719224533,0.0
5110,1702206180000.0,0.0,0.0,1458100.0,0.0007228190740924752,0.0,0.0,0.0007142,0.9454177379185161,1.0,2061.7407709502195,1000.0,2049.1732990159812,1000.0,0.5111905952407851,0.0
5111,1702209780000.0,0.0,0.0,141800.0,0.0007279939911646122,0.0,0.0,0.0007204,0.9454177379185161,1.0,2070.8086488251233,1000.0,2069.731820877981,1000.0,0.04984987290144334,0.0
5112,1702213380000.0,0.0,0.0,131700.0,0.0007083065289357796,0.0,0.0,0.0007027,0.9454177379185161,1.0,2071.345428420822,1000.0,2070.60704855998,1000.0,0.0450354482554661,0.0
5113,1702216980000.0,0.0,0.0,147500.0,0.0006996864788661962,0.0,0.0,0.0006992,0.9454177379185161,1.0,2071.735122448744,1000.0,2071.6633668159798,1000.0,0.04981513057073602,0.0
5114,1702220580000.0,0.0,0.0,145000.0,0.0007128650436348942,0.0,0.0,0.0007019,0.9454177379185161,1.0,2073.73351431304,1000.0,2072.14358298598,1000.0,0.04984508887647565,0.0
5115,1702224180000.0,0.0,0.0,95700.0,0.000721186291008944,0.0,0.0,0.0007346,0.9454177379185161,1.0,2075.4090617995357,1000.0,2076.6927537499796,1000.0,0.03325490348862241,0.0
5116,1702227780000.0,0.0,0.0,163200.0,0.0007154662392043507,0.0,0.0,0.0007158,0.9454177379185161,1.0,2075.9060822841298,1000.0,2075.9605520459795,1000.0,0.05624728942923753,0.0
5117,1702231380000.0,0.0,0.0,122400.0,0.0007154662392043507,0.0,0.0,0.0007261,0.9454177379185161,1.0,2075.962809004592,1000.0,2077.2643813259797,1000.0,0.04218431433297358,0.0
5118,1702234980000.0,0.0,0.0,0.0,0.0007315646265515119,0.0,0.0,0.0007551,0.9454177379185161,1.0,2080.6547212739797,1000.0,2080.6547212739797,1000.0,0.0,0.0
5119,1702238580000.0,0.0,0.0,0.0,0.0007315646265515119,0.0,0.0,0.0007742,0.9454177379185161,1.0,2080.6547212739797,1000.0,2080.6547212739797,1000.0,0.0,0.0
5120,1702242180000.0,0.0,0.0,0.0,0.0007315646265515119,0.0,0.0,0.0007784,0.9454177379185161,1.0,2080.6547212739797,1000.0,2080.6547212739797,1000.0,0.0,0.0
5121,1702245780000.0,0.0,0.0,0.0,0.0007315646265515119,0.0,0.0,0.0007644,0.9454177379185161,1.0,2080.6547212739797,1000.0,2080.6547212739797,1000.0,0.0,0.0
5122,1702249380000.0,0.0,0.0,92400.0,0.0007460324076486917,0.0,0.0,0.0007554,0.9454177379185161,1.0,2083.928731152719,1000.0,2084.79429668598,1000.0,0.03307857578632682,0.0
5123,1702252980000.0,0.0,0.0,104100.0,0.0007516533028150301,0.0,0.0,0.000756,0.9454177379185161,1.0,2084.8100045090246,1000.0,2085.26249568598,1000.0,0.037532009465520544,0.0
5124,1702256580000.0,0.0,0.0,138600.0,0.0007528963076544082,0.0,0.0,0.0007491,0.9454177379185161,1.0,2086.5838458708804,1000.0,2086.0576776299795,1000.0,0.050010656627770295,0.0
5125,1702260180000.0,0.0,0.0,0.0,0.0007522655950679369,0.0,0.0,0.0007674,0.9454177379185161,1.0,2088.91122035798,1000.0,2088.91122035798,1000.0,0.0,0.0
5126,1702263780000.0,0.0,0.0,150200.0,0.0007010003799735499,0.0,0.0,0.0006921,0.9454177379185161,1.0,2116.874854418007,1000.0,2115.53801734598,1000.0,0.04973853643368761,0.0
5127,1702267380000.0,0.0,0.0,0.0,0.0007257453022071721,0.0,0.0,0.0007511,0.9454177379185161,1.0,2122.835714523979,1000.0,2122.835714523979,1000.0,0.0,0.0
5128,1702270980000.0,0.0,0.0,122100.0,0.0007369233513610172,0.0,0.0,0.0007384,0.9454177379185161,1.0,2123.840101975159,1000.0,2124.020400773979,1000.0,0.04236587355022672,0.0
5129,1702274580000.0,0.0,0.0,441500.0,0.0007211362730694792,0.0,0.0,0.0007183,0.9454177379185161,1.0,2124.0085397201537,1000.0,2122.7563251599786,1000.0,0.14989660286494097,0.0
5130,1702278180000.0,0.0,0.0,186300.0,0.0007211362730694792,0.0,0.0,0.0007285,0.9454177379185161,1.0,2124.370716224823,1000.0,2125.742578551979,1000.0,0.0632411690891647,0.0
5131,1702281780000.0,0.0,0.0,1400.0,0.0007264350131825595,0.0,0.0,0.0007504,0.9454177379185161,1.0,2128.135479212434,1000.0,2128.1690301939784,1000.0,0.0004778873471119194,0.0
5132,1702285380000.0,0.0,0.0,0.0,0.0007264350131825595,0.0,0.0,0.0008482,0.9454177379185161,1.0,2128.1731592139786,1000.0,2128.1731592139786,1000.0,0.0,0.0
5133,1702288980000.0,0.0,0.0,0.0,0.0007264350131825595,0.0,0.0,0.0008623,0.9454177379185161,1.0,2128.1731592139786,1000.0,2128.1731592139786,1000.0,0.0,0.0
5134,1702292580000.0,0.0,0.0,0.0,0.0007264350131825595,0.0,0.0,0.0008631,0.9454177379185161,1.0,2128.1731592139786,1000.0,2128.1731592139786,1000.0,0.0,0.0
5135,1702296180000.0,0.0,0.0,0.0,0.0007264350131825595,0.0,0.0,0.0008683,0.9454177379185161,1.0,2128.1731592139786,1000.0,2128.1731592139786,1000.0,0.0,0.0
5136,1702299780000.0,0.0,0.0,0.0,0.0007264350131825595,0.0,0.0,0.0008682,0.9454177379185161,1.0,2128.1731592139786,1000.0,2128.1731592139786,1000.0,0.0,0.0
5137,1702303380000.0,0.0,0.0,1248900.0,0.0007240192854039409,0.0,0.0,0.0007227,0.9454177379185161,1.0,2130.2722456569604,1000.0,2128.6245901159787,1000.0,0.424465787123901,0.0
5138,1702306980000.0,0.0,0.0,0.0,0.0007878,0.0,0.0,0.0008178,0.9454177379185161,1.0,2164.5440395599785,1000.0,2164.5440395599785,1000.0,0.0,0.0
5139,1702310580000.0,0.0,0.0,27100.0,0.0007921,0.0,0.0,0.0007962,0.9454177379185161,1.0,2166.1143804679787,1000.0,2166.2254904679785,1000.0,0.00990986911566618,0.0
5140,1702314180000.0,0.0,0.0,0.0,0.0007922603511338698,0.0,0.0,0.0008443,0.9454177379185161,1.0,2168.8264325279783,1000.0,2168.8264325279783,1000.0,0.0,0.0
5141,1702317780000.0,0.0,0.0,0.0,0.0007922603511338698,0.0,0.0,0.0008242,0.9454177379185161,1.0,2168.8264325279783,1000.0,2168.8264325279783,1000.0,0.0,0.0
5142,1702321380000.0,0.0,0.0,8500.0,0.000798,0.0,0.0,0.0008289,0.9454177379185161,1.0,2171.0048456719783,1000.0,2171.2674956719784,1000.0,0.0031243596777419894,0.0
5143,1702324980000.0,0.0,0.0,0.0,0.000798,0.0,0.0,0.0008367,0.9454177379185161,1.0,2171.2183060999787,1000.0,2171.2183060999787,1000.0,0.0,0.0
5144,1702328580000.0,0.0,0.0,0.0,0.000798,0.0,0.0,0.0008618,0.9454177379185161,1.0,2171.2183060999787,1000.0,2171.2183060999787,1000.0,0.0,0.0
5145,1702332180000.0,0.0,0.0,0.0,0.000798,0.0,0.0,0.0009036,0.9454177379185161,1.0,2171.2183060999787,1000.0,2171.2183060999787,1000.0,0.0,0.0
5146,1702335780000.0,0.0,0.0,0.0,0.000798,0.0,0.0,0.000894,0.9454177379185161,1.0,2171.2183060999787,1000.0,2171.2183060999787,1000.0,0.0,0.0
5147,1702339380000.0,0.0,0.0,0.0,0.000798,0.0,0.0,0.0008764,0.9454177379185161,1.0,2171.2183060999787,1000.0,2171.2183060999787,1000.0,0.0,0.0
5148,1702342980000.0,0.0,0.0,0.0,0.000798,0.0,0.0,0.0008699,0.9454177379185161,1.0,2171.2183060999787,1000.0,2171.2183060999787,1000.0,0.0,0.0
5149,1702346580000.0,0.0,0.0,98000.0,0.0008315333078101071,0.0,0.0,0.000842,0.9454177379185161,1.0,2171.904045419369,1000.0,2172.9297812539785,1000.0,0.037520195395950695,0.0
5150,1702350180000.0,0.0,0.0,0.0,0.0008315828251257825,0.0,0.0,0.0008625,0.9454177379185161,1.0,2175.1731892479793,1000.0,2175.1731892479793,1000.0,0.0,0.0
5151,1702353780000.0,0.0,0.0,0.0,0.0008315828251257825,0.0,0.0,0.0008666,0.9454177379185161,1.0,2175.1731892479793,1000.0,2175.1731892479793,1000.0,0.0,0.0
5152,1702357380000.0,0.0,0.0,0.0,0.0008315828251257825,0.0,0.0,0.0008721,0.9454177379185161,1.0,2175.1731892479793,1000.0,2175.1731892479793,1000.0,0.0,0.0
5153,1702360980000.0,0.0,0.0,0.0,0.0008315828251257825,0.0,0.0,0.0008933,0.9454177379185161,1.0,2175.1731892479793,1000.0,2175.1731892479793,1000.0,0.0,0.0
5154,1702364580000.0,0.0,0.0,0.0,0.0008315828251257825,0.0,0.0,0.001059,0.9454177379185161,1.0,2175.1731892479793,1000.0,2175.1731892479793,1000.0,0.0,0.0
5155,1702368180000.0,0.0,0.0,0.0,0.0008315828251257825,0.0,0.0,0.0010413,0.9454177379185161,1.0,2175.1731892479793,1000.0,2175.1731892479793,1000.0,0.0,0.0
5156,1702371780000.0,0.0,0.0,0.0,0.0008315828251257825,0.0,0.0,0.001035,0.9454177379185161,1.0,2175.1731892479793,1000.0,2175.1731892479793,1000.0,0.0,0.0
5157,1702375380000.0,0.0,0.0,0.0,0.0008315828251257825,0.0,0.0,0.0010005,0.9454177379185161,1.0,2175.1731892479793,1000.0,2175.1731892479793,1000.0,0.0,0.0
5158,1702378980000.0,0.0,0.0,0.0,0.0008315828251257825,0.0,0.0,0.0010082,0.9454177379185161,1.0,2175.1731892479793,1000.0,2175.1731892479793,1000.0,0.0,0.0
5159,1702382580000.0,0.0,0.0,0.0,0.0008315828251257825,0.0,0.0,0.0010403,0.9454177379185161,1.0,2175.1731892479793,1000.0,2175.1731892479793,1000.0,0.0,0.0
5160,1702386180000.0,0.0,0.0,0.0,0.0008315828251257825,0.0,0.0,0.001021,0.9454177379185161,1.0,2175.1731892479793,1000.0,2175.1731892479793,1000.0,0.0,0.0
5161,1702389780000.0,0.0,0.0,0.0,0.0008315828251257825,0.0,0.0,0.0009885,0.9454177379185161,1.0,2175.1731892479793,1000.0,2175.1731892479793,1000.0,0.0,0.0
5162,1702393380000.0,0.0,0.0,0.0,0.0008315828251257825,0.0,0.0,0.0009779,0.9454177379185161,1.0,2175.1731892479793,1000.0,2175.1731892479793,1000.0,0.0,0.0
5163,1702396980000.0,0.0,0.0,0.0,0.0008315828251257825,0.0,0.0,0.0009983,0.9454177379185161,1.0,2175.1731892479793,1000.0,2175.1731892479793,1000.0,0.0,0.0
5164,1702400580000.0,0.0,0.0,0.0,0.0008315828251257825,0.0,0.0,0.000985,0.9454177379185161,1.0,2175.1731892479793,1000.0,2175.1731892479793,1000.0,0.0,0.0
5165,1702404180000.0,0.0,0.0,65100.0,0.0009418,0.0,0.0,0.0009531,0.9454177379185161,1.0,2175.2894591079794,1000.0,2176.0250891079795,1000.0,0.028185297245517785,0.0
5166,1702407780000.0,0.0,0.0,0.0,0.0009418,0.0,0.0,0.0010044,0.9454177379185161,1.0,2176.64255374598,1000.0,2176.64255374598,1000.0,0.0,0.0
5167,1702411380000.0,0.0,0.0,0.0,0.0009418,0.0,0.0,0.0010271,0.9454177379185161,1.0,2176.64255374598,1000.0,2176.64255374598,1000.0,0.0,0.0
5168,1702414980000.0,0.0,0.0,0.0,0.0009418,0.0,0.0,0.0010163,0.9454177379185161,1.0,2176.64255374598,1000.0,2176.64255374598,1000.0,0.0,0.0
5169,1702418580000.0,0.0,0.0,0.0,0.0009418,0.0,0.0,0.0010122,0.9454177379185161,1.0,2176.64255374598,1000.0,2176.64255374598,1000.0,0.0,0.0
5170,1702422180000.0,0.0,0.0,0.0,0.0009418,0.0,0.0,0.0010186,0.9454177379185161,1.0,2176.64255374598,1000.0,2176.64255374598,1000.0,0.0,0.0
5171,1702425780000.0,0.0,0.0,0.0,0.0009418,0.0,0.0,0.0009947,0.9454177379185161,1.0,2176.64255374598,1000.0,2176.64255374598,1000.0,0.0,0.0
5172,1702429380000.0,0.0,0.0,112200.0,0.0009706999999999999,0.0,0.0,0.0009528,0.9454177379185161,1.0,2177.32547051398,1000.0,2175.3170905139796,1000.0,0.050021249222923975,0.0
5173,1702432980000.0,0.0,0.0,492000.0,0.0009353964430894307,0.0,0.0,0.0009191,0.9454177379185161,1.0,2177.2552100119797,1000.0,2169.23736001198,1000.0,0.2113739573954069,0.0
5174,1702436580000.0,0.0,0.0,492000.0,0.0009353964430894307,0.0,0.0,0.000914,0.9454177379185161,1.0,2177.2552100119797,1000.0,2166.7281600119795,1000.0,0.2113739573954069,0.0
5175,1702440180000.0,0.0,0.0,276800.0,0.0009353964430894307,0.0,0.0,0.0009264,0.9454177379185161,1.0,2177.6460297631343,1000.0,2175.15581431598,1000.0,0.11889798980567898,0.0
5176,1702443780000.0,0.0,0.0,116200.0,0.0009376317684327145,0.0,0.0,0.0009216,0.9454177379185161,1.0,2178.1292833358607,1000.0,2176.2663918439794,1000.0,0.050021278500520135,0.0
5177,1702447380000.0,0.0,0.0,115300.0,0.0009417160546510046,0.0,0.0,0.0009356,0.9454177379185161,1.0,2178.3225869212397,1000.0,2177.617405819979,1000.0,0.04984562973049991,0.0
5178,1702450980000.0,0.0,0.0,234500.0,0.0009285410407056883,0.0,0.0,0.0009161,0.9454177379185161,1.0,2178.398628285462,1000.0,2175.481204239978,1000.0,0.0999554770271139,0.0
5179,1702454580000.0,0.0,0.0,115200.0,0.0009358203098430194,0.0,0.0,0.00094,0.9454177379185161,1.0,2179.396576149894,1000.0,2179.878076455978,1000.0,0.049466215040296156,0.0
5180,1702458180000.0,0.0,0.0,0.0,0.0009358203098430194,0.0,0.0,0.0009767,0.9454177379185161,1.0,2183.1389622159777,1000.0,2183.1389622159777,1000.0,0.0,0.0
5181,1702461780000.0,0.0,0.0,0.0,0.0009358203098430194,0.0,0.0,0.0010227,0.9454177379185161,1.0,2183.1389622159777,1000.0,2183.1389622159777,1000.0,0.0,0.0
5182,1702465380000.0,0.0,0.0,0.0,0.0009358203098430194,0.0,0.0,0.000986,0.9454177379185161,1.0,2183.1389622159777,1000.0,2183.1389622159777,1000.0,0.0,0.0
5183,1702468980000.0,0.0,0.0,114000.0,0.0009577,0.0,0.0,0.000948,0.9454177379185161,1.0,2183.1171266559777,1000.0,2182.011326655978,1000.0,0.05001005152995833,0.0
5184,1702472580000.0,0.0,0.0,500.0,0.0009577,0.0,0.0,0.0010003,0.9454177379185161,1.0,2184.7718515059782,1000.0,2184.793151505978,1000.0,0.00021917620353352932,0.0
5185,1702476180000.0,0.0,0.0,0.0,0.0009577,0.0,0.0,0.0009875,0.9454177379185161,1.0,2184.7963008259785,1000.0,2184.7963008259785,1000.0,0.0,0.0
5186,1702479780000.0,0.0,0.0,0.0,0.0009577,0.0,0.0,0.0010561,0.9454177379185161,1.0,2184.7963008259785,1000.0,2184.7963008259785,1000.0,0.0,0.0
5187,1702483380000.0,0.0,0.0,0.0,0.0009577,0.0,0.0,0.001036,0.9454177379185161,1.0,2184.7963008259785,1000.0,2184.7963008259785,1000.0,0.0,0.0
5188,1702486980000.0,0.0,0.0,0.0,0.0009577,0.0,0.0,0.001026,0.9454177379185161,1.0,2184.7963008259785,1000.0,2184.7963008259785,1000.0,0.0,0.0
5189,1702490580000.0,0.0,0.0,0.0,0.0009577,0.0,0.0,0.0010248,0.9454177379185161,1.0,2184.7963008259785,1000.0,2184.7963008259785,1000.0,0.0,0.0
5190,1702494180000.0,0.0,0.0,0.0,0.0009577,0.0,0.0,0.0010497,0.9454177379185161,1.0,2184.7963008259785,1000.0,2184.7963008259785,1000.0,0.0,0.0
5191,1702497780000.0,0.0,0.0,0.0,0.0009577,0.0,0.0,0.0010499,0.9454177379185161,1.0,2184.7963008259785,1000.0,2184.7963008259785,1000.0,0.0,0.0
5192,1702501380000.0,0.0,0.0,0.0,0.0009577,0.0,0.0,0.0010193,0.9454177379185161,1.0,2184.7963008259785,1000.0,2184.7963008259785,1000.0,0.0,0.0
5193,1702504980000.0,0.0,0.0,0.0,0.0009577,0.0,0.0,0.0010072,0.9454177379185161,1.0,2184.7963008259785,1000.0,2184.7963008259785,1000.0,0.0,0.0
5194,1702508580000.0,0.0,0.0,109900.0,0.0009911503116979375,0.0,0.0,0.0009925,0.9454177379185161,1.0,2186.9402966035827,1000.0,2187.0886273479796,1000.0,0.04980813578897081,0.0
5195,1702512180000.0,0.0,0.0,4900.0,0.0009922098336222008,0.0,0.0,0.0010095,0.9454177379185161,1.0,2189.1636817187286,1000.0,2189.24840353398,1000.0,0.0022208609732332694,0.0
5196,1702515780000.0,0.0,0.0,0.0,0.0009922098336222008,0.0,0.0,0.0010111,0.9454177379185161,1.0,2189.2609515159793,1000.0,2189.2609515159793,1000.0,0.0,0.0
5197,1702519380000.0,0.0,0.0,24400.0,0.0009976,0.0,0.0,0.0010221,0.9454177379185161,1.0,2190.3532488299793,1000.0,2190.9510488299793,1000.0,0.01111302024593634,0.0
5198,1702522980000.0,0.0,0.0,0.0,0.0009976,0.0,0.0,0.0010754,0.9454177379185161,1.0,2191.397370701979,1000.0,2191.397370701979,1000.0,0.0,0.0
5199,1702526580000.0,0.0,0.0,0.0,0.0009976,0.0,0.0,0.0011212,0.9454177379185161,1.0,2191.397370701979,1000.0,2191.397370701979,1000.0,0.0,0.0
5200,1702530180000.0,0.0,0.0,0.0,0.0009976,0.0,0.0,0.0011657,0.9454177379185161,1.0,2191.397370701979,1000.0,2191.397370701979,1000.0,0.0,0.0
5201,1702533780000.0,0.0,0.0,0.0,0.0009976,0.0,0.0,0.0011869,0.9454177379185161,1.0,2191.397370701979,1000.0,2191.397370701979,1000.0,0.0,0.0
5202,1702537380000.0,0.0,0.0,0.0,0.0009976,0.0,0.0,0.0012016,0.9454177379185161,1.0,2191.397370701979,1000.0,2191.397370701979,1000.0,0.0,0.0
5203,1702540980000.0,0.0,0.0,0.0,0.0009976,0.0,0.0,0.0012115,0.9454177379185161,1.0,2191.397370701979,1000.0,2191.397370701979,1000.0,0.0,0.0
5204,1702544580000.0,0.0,0.0,0.0,0.0009976,0.0,0.0,0.001222,0.9454177379185161,1.0,2191.397370701979,1000.0,2191.397370701979,1000.0,0.0,0.0
5205,1702548180000.0,0.0,0.0,0.0,0.0009976,0.0,0.0,0.0012419,0.9454177379185161,1.0,2191.397370701979,1000.0,2191.397370701979,1000.0,0.0,0.0
5206,1702551780000.0,0.0,0.0,0.0,0.0009976,0.0,0.0,0.0012389,0.9454177379185161,1.0,2191.397370701979,1000.0,2191.397370701979,1000.0,0.0,0.0
5207,1702555380000.0,0.0,0.0,0.0,0.0009976,0.0,0.0,0.0012719,0.9454177379185161,1.0,2191.397370701979,1000.0,2191.397370701979,1000.0,0.0,0.0
5208,1702558980000.0,0.0,0.0,0.0,0.0009976,0.0,0.0,0.0012785,0.9454177379185161,1.0,2191.397370701979,1000.0,2191.397370701979,1000.0,0.0,0.0
5209,1702562580000.0,0.0,0.0,0.0,0.0011120247208121828,0.0,0.0,0.0011864,0.9454177379185161,1.0,2202.5513243879786,1000.0,2202.5513243879786,1000.0,0.0,0.0
5210,1702566180000.0,0.0,0.0,0.0,0.0011120247208121828,0.0,0.0,0.0012294,0.9454177379185161,1.0,2202.5513243879786,1000.0,2202.5513243879786,1000.0,0.0,0.0
5211,1702569780000.0,0.0,0.0,0.0,0.0011120247208121828,0.0,0.0,0.0012053,0.9454177379185161,1.0,2202.5513243879786,1000.0,2202.5513243879786,1000.0,0.0,0.0
5212,1702573380000.0,0.0,0.0,0.0,0.0011120247208121828,0.0,0.0,0.0012441,0.9454177379185161,1.0,2202.5513243879786,1000.0,2202.5513243879786,1000.0,0.0,0.0
5213,1702576980000.0,0.0,0.0,0.0,0.0011120247208121828,0.0,0.0,0.0013903,0.9454177379185161,1.0,2202.5513243879786,1000.0,2202.5513243879786,1000.0,0.0,0.0
5214,1702580580000.0,0.0,0.0,0.0,0.0011120247208121828,0.0,0.0,0.0013726,0.9454177379185161,1.0,2202.5513243879786,1000.0,2202.5513243879786,1000.0,0.0,0.0
5215,1702584180000.0,0.0,0.0,0.0,0.0011120247208121828,0.0,0.0,0.0013871,0.9454177379185161,1.0,2202.5513243879786,1000.0,2202.5513243879786,1000.0,0.0,0.0
5216,1702587780000.0,0.0,0.0,0.0,0.0011120247208121828,0.0,0.0,0.0013929,0.9454177379185161,1.0,2202.5513243879786,1000.0,2202.5513243879786,1000.0,0.0,0.0
5217,1702591380000.0,0.0,0.0,0.0,0.0011120247208121828,0.0,0.0,0.0014405,0.9454177379185161,1.0,2202.5513243879786,1000.0,2202.5513243879786,1000.0,0.0,0.0
5218,1702594980000.0,0.0,0.0,0.0,0.0011120247208121828,0.0,0.0,0.0014685,0.9454177379185161,1.0,2202.5513243879786,1000.0,2202.5513243879786,1000.0,0.0,0.0
5219,1702598580000.0,0.0,0.0,0.0,0.0011120247208121828,0.0,0.0,0.001431,0.9454177379185161,1.0,2202.5513243879786,1000.0,2202.5513243879786,1000.0,0.0,0.0
5220,1702602180000.0,0.0,0.0,0.0,0.0011120247208121828,0.0,0.0,0.0014402,0.9454177379185161,1.0,2202.5513243879786,1000.0,2202.5513243879786,1000.0,0.0,0.0
5221,1702605780000.0,0.0,0.0,0.0,0.0011120247208121828,0.0,0.0,0.0014274,0.9454177379185161,1.0,2202.5513243879786,1000.0,2202.5513243879786,1000.0,0.0,0.0
5222,1702609380000.0,0.0,0.0,0.0,0.0011120247208121828,0.0,0.0,0.001359,0.9454177379185161,1.0,2202.5513243879786,1000.0,2202.5513243879786,1000.0,0.0,0.0
5223,1702612980000.0,0.0,0.0,0.0,0.0011120247208121828,0.0,0.0,0.0013578,0.9454177379185161,1.0,2202.5513243879786,1000.0,2202.5513243879786,1000.0,0.0,0.0
5224,1702616580000.0,0.0,0.0,0.0,0.0011120247208121828,0.0,0.0,0.0013352,0.9454177379185161,1.0,2202.5513243879786,1000.0,2202.5513243879786,1000.0,0.0,0.0
5225,1702620180000.0,0.0,0.0,5600.0,0.0013094,0.0,0.0,0.0013162,0.9454177379185161,1.0,2204.6812181179785,1000.0,2204.7192981179783,1000.0,0.00332594115636341,0.0
5226,1702623780000.0,0.0,0.0,430600.0,0.001213577604563126,0.0,0.0,0.0011805,0.9454177379185161,1.0,2205.15163344486,1000.0,2190.908416919978,1000.0,0.23697532115219452,0.0
5227,1702627380000.0,0.0,0.0,90400.0,0.0012243627944590696,0.0,0.0,0.00123,0.9454177379185161,1.0,2229.664590889078,1000.0,2230.174194269978,1000.0,0.04964082807404019,0.0
5228,1702630980000.0,0.0,0.0,93500.0,0.00118602389973451,0.0,0.0,0.0011833,0.9454177379185161,1.0,2232.3818907191544,1000.0,2232.1272060939777,1000.0,0.04967484957936691,0.0
5229,1702634580000.0,0.0,0.0,60400.0,0.0012314082564376973,0.0,0.0,0.0012497,0.9454177379185161,1.0,2236.412804118815,1000.0,2237.517625429978,1000.0,0.033257303191904564,0.0
5230,1702638180000.0,0.0,0.0,0.0,0.0012760457337883959,0.0,0.0,0.001501,0.9454177379185161,1.0,2245.5050988559783,1000.0,2245.5050988559783,1000.0,0.0,0.0
5231,1702641780000.0,0.0,0.0,0.0,0.0012760457337883959,0.0,0.0,0.0016317,0.9454177379185161,1.0,2245.5050988559783,1000.0,2245.5050988559783,1000.0,0.0,0.0
5232,1702645380000.0,0.0,0.0,0.0,0.0012760457337883959,0.0,0.0,0.0014107,0.9454177379185161,1.0,2245.5050988559783,1000.0,2245.5050988559783,1000.0,0.0,0.0
5233,1702648980000.0,0.0,0.0,0.0,0.0012760457337883959,0.0,0.0,0.0014766,0.9454177379185161,1.0,2245.5050988559783,1000.0,2245.5050988559783,1000.0,0.0,0.0
5234,1702652580000.0,0.0,0.0,0.0,0.0012760457337883959,0.0,0.0,0.0014761,0.9454177379185161,1.0,2245.5050988559783,1000.0,2245.5050988559783,1000.0,0.0,0.0
5235,1702656180000.0,0.0,0.0,0.0,0.0013251041652948608,0.0,0.0,0.0013872,0.9454177379185161,1.0,2253.824364577978,1000.0,2253.824364577978,1000.0,0.0,0.0
5236,1702659780000.0,0.0,0.0,21000.0,0.0013446,0.0,0.0,0.0013961,0.9454177379185161,1.0,2256.7296718419784,1000.0,2257.811171841978,1000.0,0.012512176514678801,0.0
5237,1702663380000.0,0.0,0.0,0.0,0.0013446,0.0,0.0,0.0015456,0.9454177379185161,1.0,2257.8253042219785,1000.0,2257.8253042219785,1000.0,0.0,0.0
5238,1702666980000.0,0.0,0.0,0.0,0.0013446,0.0,0.0,0.0015938,0.9454177379185161,1.0,2257.8253042219785,1000.0,2257.8253042219785,1000.0,0.0,0.0
5239,1702670580000.0,0.0,0.0,0.0,0.0013446,0.0,0.0,0.001533,0.9454177379185161,1.0,2257.8253042219785,1000.0,2257.8253042219785,1000.0,0.0,0.0
5240,1702674180000.0,0.0,0.0,0.0,0.0013446,0.0,0.0,0.0015856,0.9454177379185161,1.0,2257.8253042219785,1000.0,2257.8253042219785,1000.0,0.0,0.0
5241,1702677780000.0,0.0,0.0,0.0,0.0013446,0.0,0.0,0.0014833,0.9454177379185161,1.0,2257.8253042219785,1000.0,2257.8253042219785,1000.0,0.0,0.0
5242,1702681380000.0,0.0,0.0,26600.0,0.0014216,0.0,0.0,0.0014598,0.9454177379185161,1.0,2258.716811261979,1000.0,2259.7329312619786,1000.0,0.016741611791020603,0.0
5243,1702684980000.0,0.0,0.0,3400.0,0.0014229753281688132,0.0,0.0,0.0014728,0.9454177379185161,1.0,2264.7901686217538,1000.0,2264.95957250598,1000.0,0.002136231507362211,0.0
5244,1702688580000.0,0.0,0.0,52000.0,0.0013737240151993051,0.0,0.0,0.0013797,0.9454177379185161,1.0,2269.158345272344,1000.0,2269.46909648198,1000.0,0.0314802397722449,0.0
5245,1702692180000.0,0.0,0.0,4800.0,0.0014094400565938458,0.0,0.0,0.0014464,0.9454177379185161,1.0,2273.4449310256314,1000.0,2273.622338753981,1000.0,0.002975797732913807,0.0
5246,1702695780000.0,0.0,0.0,0.0,0.0014094400565938458,0.0,0.0,0.001467,0.9454177379185161,1.0,2273.6794984979815,1000.0,2273.6794984979815,1000.0,0.0,0.0
5247,1702699380000.0,0.0,0.0,0.0,0.0014094400565938458,0.0,0.0,0.0014859,0.9454177379185161,1.0,2273.6794984979815,1000.0,2273.6794984979815,1000.0,0.0,0.0
5248,1702702980000.0,0.0,0.0,0.0,0.0014094400565938458,0.0,0.0,0.0015425,0.9454177379185161,1.0,2273.6794984979815,1000.0,2273.6794984979815,1000.0,0.0,0.0
5249,1702706580000.0,0.0,0.0,0.0,0.0014094400565938458,0.0,0.0,0.0015092,0.9454177379185161,1.0,2273.6794984979815,1000.0,2273.6794984979815,1000.0,0.0,0.0
5250,1702710180000.0,0.0,0.0,7000.0,0.0014427,0.0,0.0,0.0014725,0.9454177379185161,1.0,2275.6024102719816,1000.0,2275.8110102719816,1000.0,0.00443790178566078,0.0
5251,1702713780000.0,0.0,0.0,0.0,0.0014427,0.0,0.0,0.0015277,0.9454177379185161,1.0,2275.995071539982,1000.0,2275.995071539982,1000.0,0.0,0.0
5252,1702717380000.0,0.0,0.0,0.0,0.0014323047199496538,0.0,0.0,0.0015838,0.9454177379185161,1.0,2288.803383865982,1000.0,2288.803383865982,1000.0,0.0,0.0
5253,1702720980000.0,0.0,0.0,0.0,0.0014323047199496538,0.0,0.0,0.0015682,0.9454177379185161,1.0,2288.803383865982,1000.0,2288.803383865982,1000.0,0.0,0.0
5254,1702724580000.0,0.0,0.0,0.0,0.0014323047199496538,0.0,0.0,0.0015528,0.9454177379185161,1.0,2288.803383865982,1000.0,2288.803383865982,1000.0,0.0,0.0
5255,1702728180000.0,0.0,0.0,0.0,0.0014323047199496538,0.0,0.0,0.0015521,0.9454177379185161,1.0,2288.803383865982,1000.0,2288.803383865982,1000.0,0.0,0.0
5256,1702731780000.0,0.0,0.0,0.0,0.0014323047199496538,0.0,0.0,0.0015505,0.9454177379185161,1.0,2288.803383865982,1000.0,2288.803383865982,1000.0,0.0,0.0
5257,1702735380000.0,0.0,0.0,78800.0,0.0014558783853241806,0.0,0.0,0.0014308,0.9454177379185161,1.0,2290.182169739527,1000.0,2288.2059929759816,1000.0,0.05009348962689437,0.0
5258,1702738980000.0,0.0,0.0,65700.0,0.001418130223857621,0.0,0.0,0.0014245,0.9454177379185161,1.0,2290.8271365814276,1000.0,2291.245630873982,1000.0,0.04067140388710596,0.0
5259,1702742580000.0,0.0,0.0,80600.0,0.001411108766327437,0.0,0.0,0.0014278,0.9454177379185161,1.0,2296.0500642339725,1000.0,2297.395377667981,1000.0,0.04953522936527813,0.0
5260,1702746180000.0,0.0,0.0,79100.0,0.0014453443319433791,0.0,0.0,0.0014339,0.9454177379185161,1.0,2298.462924638703,1000.0,2297.5576779819817,1000.0,0.04974051807892111,0.0
5261,1702749780000.0,0.0,0.0,68100.0,0.001425079251812999,0.0,0.0,0.0014015,0.9454177379185161,1.0,2298.7454957904465,1000.0,2297.1397487419813,1000.0,0.042217764961881676,0.0
5262,1702753380000.0,0.0,0.0,235600.0,0.0013874914136182736,0.0,0.0,0.0013651,0.9454177379185161,1.0,2298.6995267744464,1000.0,2293.424109725981,1000.0,0.14220778890017177,0.0
5263,1702756980000.0,0.0,0.0,485800.0,0.0013073180537500916,0.0,0.0,0.0012776,0.9454177379185161,1.0,2299.4030316037756,1000.0,2284.966001091981,1000.0,0.2761999970352442,0.0
5264,1702760580000.0,0.0,0.0,76700.0,0.0012634562258766447,0.0,0.0,0.0012748,0.9454177379185161,1.0,2305.16552137072,1000.0,2306.0355888459812,1000.0,0.04203910375473376,0.0
5265,1702764180000.0,0.0,0.0,90800.0,0.0012674242064307556,0.0,0.0,0.0012491,0.9454177379185161,1.0,2305.388154941894,1000.0,2303.724316997981,1000.0,0.049918759969864245,0.0
5266,1702767780000.0,0.0,0.0,89800.0,0.0012861,0.0,0.0,0.0012705,0.9454177379185161,1.0,2310.5789701699796,1000.0,2309.1780901699794,1000.0,0.04998391376837631,0.0
5267,1702771380000.0,0.0,0.0,155500.0,0.0012535491316931983,0.0,0.0,0.0012571,0.9454177379185161,1.0,2310.8349749742724,1000.0,2311.38713499598,1000.0,0.08435344457276207,0.0
5268,1702774980000.0,0.0,0.0,93500.0,0.0012575245320503305,0.0,0.0,0.0012515,0.9454177379185161,1.0,2311.481186114686,1000.0,2310.91789236798,1000.0,0.0508671861371889,0.0
5269,1702778580000.0,0.0,0.0,184500.0,0.0012518238735081961,0.0,0.0,0.0012326,0.9454177379185161,1.0,2312.627537866242,1000.0,2309.08073320398,1000.0,0.09986973729256896,0.0
5270,1702782180000.0,0.0,0.0,92200.0,0.0012529482277682156,0.0,0.0,0.0012373,0.9454177379185161,1.0,2312.9246583782096,1000.0,2311.4818917779803,1000.0,0.0499462125503179,0.0
5271,1702785780000.0,0.0,0.0,119700.0,0.0012225272570072683,0.0,0.0,0.0012278,0.9454177379185161,1.0,2313.325554637751,1000.0,2313.9567019739807,1000.0,0.06325807120852266,0.0
5272,1702789380000.0,0.0,0.0,338300.0,0.0011808808151563411,0.0,0.0,0.0011589,0.9454177379185161,1.0,2313.441930169371,1000.0,2306.005820401981,1000.0,0.1726829511290749,0.0
5273,1702792980000.0,0.0,0.0,1395000.0,0.0011072335410518925,0.0,0.0,0.0010907,0.9454177379185161,1.0,2313.212910407371,1000.0,2290.148620639981,1000.0,0.6677253022487144,0.0
5274,1702796580000.0,0.0,0.0,95100.0,0.0012111418198280553,0.0,0.0,0.0012042,0.9454177379185161,1.0,2328.664892215629,1000.0,2328.004725149981,1000.0,0.04946164106766749,0.0
5275,1702800180000.0,0.0,0.0,7900.0,0.0012282023180558376,0.0,0.0,0.0012632,0.9454177379185161,1.0,2336.6076400186207,1000.0,2336.8841217059794,1000.0,0.0041525150164123375,0.0
5276,1702803780000.0,0.0,0.0,9400.0,0.0012339890700043773,0.0,0.0,0.0012564,0.9454177379185161,1.0,2338.1428542400204,1000.0,2338.3535169819793,1000.0,0.004960987408021909,0.0
5277,1702807380000.0,0.0,0.0,0.0,0.0012339890700043773,0.0,0.0,0.0012831,0.9454177379185161,1.0,2338.446735829979,1000.0,2338.446735829979,1000.0,0.0,0.0
5278,1702810980000.0,0.0,0.0,0.0,0.0012339890700043773,0.0,0.0,0.0013269,0.9454177379185161,1.0,2338.446735829979,1000.0,2338.446735829979,1000.0,0.0,0.0
5279,1702814580000.0,0.0,0.0,0.0,0.0012339890700043773,0.0,0.0,0.0013349,0.9454177379185161,1.0,2338.446735829979,1000.0,2338.446735829979,1000.0,0.0,0.0
5280,1702818180000.0,0.0,0.0,0.0,0.0012339890700043773,0.0,0.0,0.0013195,0.9454177379185161,1.0,2338.446735829979,1000.0,2338.446735829979,1000.0,0.0,0.0
5281,1702821780000.0,0.0,0.0,92300.0,0.0012674819250241228,0.0,0.0,0.0012722,0.9454177379185161,1.0,2344.074204969705,1000.0,2344.5096832899785,1000.0,0.04990822450573339,0.0
5282,1702825380000.0,0.0,0.0,187400.0,0.0012494251423678044,0.0,0.0,0.0012369,0.9454177379185161,1.0,2344.050774231705,1000.0,2341.7035625519784,1000.0,0.09988788393735623,0.0
5283,1702828980000.0,0.0,0.0,92800.0,0.001257439714034164,0.0,0.0,0.0012507,0.9454177379185161,1.0,2345.241881100349,1000.0,2344.6164356379786,1000.0,0.04975623469917789,0.0
5284,1702832580000.0,0.0,0.0,62200.0,0.0012548899119863364,0.0,0.0,0.0012726,0.9454177379185161,1.0,2347.71631273153,1000.0,2348.8178802059797,1000.0,0.03324684166577834,0.0
5285,1702836180000.0,0.0,0.0,93200.0,0.0012588253580659574,0.0,0.0,0.001239,0.9454177379185161,1.0,2348.700601571727,1000.0,2346.85287819998,1000.0,0.0499520983190604,0.0
5286,1702839780000.0,0.0,0.0,62400.0,0.0012443778988111241,0.0,0.0,0.0012576,0.9454177379185161,1.0,2350.391912519794,1000.0,2351.21697163398,1000.0,0.033036695060173385,0.0
5287,1702843380000.0,0.0,0.0,27800.0,0.0012479519325407494,0.0,0.0,0.0012632,0.9454177379185161,1.0,2351.890495858613,1000.0,2352.31439213398,1000.0,0.01475113904568389,0.0
5288,1702846980000.0,0.0,0.0,0.0,0.0012530735429077259,0.0,0.0,0.0013776,0.9454177379185161,1.0,2355.098820763981,1000.0,2355.098820763981,1000.0,0.0,0.0
5289,1702850580000.0,0.0,0.0,0.0,0.0012530735429077259,0.0,0.0,0.0013723,0.9454177379185161,1.0,2355.098820763981,1000.0,2355.098820763981,1000.0,0.0,0.0
5290,1702854180000.0,0.0,0.0,0.0,0.0012530735429077259,0.0,0.0,0.0013262,0.9454177379185161,1.0,2355.098820763981,1000.0,2355.098820763981,1000.0,0.0,0.0
5291,1702857780000.0,0.0,0.0,91900.0,0.0012816,0.0,0.0,0.0012873,0.9454177379185161,1.0,2355.0752649559813,1000.0,2355.5990949559814,1000.0,0.050010732885091634,0.0
5292,1702861380000.0,0.0,0.0,0.0,0.0012816,0.0,0.0,0.001327,0.9454177379185161,1.0,2358.5373418819813,1000.0,2358.5373418819813,1000.0,0.0,0.0
5293,1702864980000.0,0.0,0.0,40800.0,0.0012867142450424638,0.0,0.0,0.001308,0.9454177379185161,1.0,2361.3170523797135,1000.0,2362.185511181981,1000.0,0.022232482988604002,0.0
5294,1702868580000.0,0.0,0.0,132600.0,0.0012533368068501504,0.0,0.0,0.001255,0.9454177379185161,1.0,2361.68142904631,1000.0,2361.90196845798,1000.0,0.07037039735517651,0.0
5295,1702872180000.0,0.0,0.0,93100.0,0.0012672423096115656,0.0,0.0,0.0012455,0.9454177379185161,1.0,2362.513145856816,1000.0,2360.4889368319796,1000.0,0.04993845610202888,0.0
5296,1702875780000.0,0.0,0.0,94600.0,0.0012492078784382896,0.0,0.0,0.0012687,0.9454177379185161,1.0,2363.6874287342416,1000.0,2365.5313834339795,1000.0,0.049996062873484556,0.0
5297,1702879380000.0,0.0,0.0,93400.0,0.001262004521579616,0.0,0.0,0.0012681,0.9454177379185161,1.0,2364.8815163135155,1000.0,2365.4508339979793,1000.0,0.04984233734435844,0.0
5298,1702882980000.0,0.0,0.0,0.0,0.001262004521579616,0.0,0.0,0.0013424,0.9454177379185161,1.0,2367.904270365979,1000.0,2367.904270365979,1000.0,0.0,0.0
5299,1702886580000.0,0.0,0.0,92400.0,0.0012822717532467534,0.0,0.0,0.0012885,0.9454177379185161,1.0,2368.3951715959793,1000.0,2368.9706615959794,1000.0,0.05002624199751225,0.0
5300,1702890180000.0,0.0,0.0,69300.0,0.001282166372210041,0.0,0.0,0.0012859,0.9454177379185161,1.0,2369.5058596921363,1000.0,2369.7646000979803,1000.0,0.037499012391427645,0.0
5301,1702893780000.0,0.0,0.0,188700.0,0.0012603686258379275,0.0,0.0,0.0012342,0.9454177379185161,1.0,2369.5277345375976,1000.0,2364.589714841981,1000.0,0.10037086978516782,0.0
5302,1702897380000.0,0.0,0.0,827200.0,0.0011970039043709103,0.0,0.0,0.0011451,0.9454177379185161,1.0,2369.3772685235976,1000.0,2326.4423588279806,1000.0,0.4178995227351889,0.0
5303,1702900980000.0,0.0,0.0,827200.0,0.0011970039043709103,0.0,0.0,0.0011625,0.9454177379185161,1.0,2369.3772685235976,1000.0,2340.835638827981,1000.0,0.4178995227351889,0.0
5304,1702904580000.0,0.0,0.0,827200.0,0.0011970039043709103,0.0,0.0,0.0011797,0.9454177379185161,1.0,2369.3772685235976,1000.0,2355.063478827981,1000.0,0.4178995227351889,0.0
5305,1702908180000.0,0.0,0.0,96800.0,0.0012037325181005795,0.0,0.0,0.0012172,0.9454177379185161,1.0,2371.8681221801166,1000.0,2373.1717744279804,1000.0,0.049126385511279964,0.0
5306,1702911780000.0,0.0,0.0,82300.0,0.001214613643926979,0.0,0.0,0.0012129,0.9454177379185161,1.0,2373.3068658791713,1000.0,2373.165832983981,1000.0,0.04211958610677176,0.0
5307,1702915380000.0,0.0,0.0,182700.0,0.0011964165456770136,0.0,0.0,0.00118,0.9454177379185161,1.0,2373.283141359171,1000.0,2370.283838463981,1000.0,0.09210249678426795,0.0
5308,1702918980000.0,0.0,0.0,285200.0,0.0011825738180055764,0.0,0.0,0.0011452,0.9454177379185161,1.0,2373.259404409171,1000.0,2362.600391513981,1000.0,0.14211259513755287,0.0
5309,1702922580000.0,0.0,0.0,406400.0,0.0011694894018090315,0.0,0.0,0.0011414,0.9454177379185161,1.0,2373.231802321171,1000.0,2361.816269425981,1000.0,0.20026720206190393,0.0
5310,1702926180000.0,0.0,0.0,1175900.0,0.001116045992767404,0.0,0.0,0.0011116,0.9454177379185161,1.0,2373.064386723171,1000.0,2367.8363438279807,1000.0,0.5530227035716259,0.0
5311,1702929780000.0,0.0,0.0,105800.0,0.0011203028998052116,0.0,0.0,0.0011179,0.9454177379185161,1.0,2375.807136683372,1000.0,2375.5529098839806,1000.0,0.04988959119167249,0.0
5312,1702933380000.0,0.0,0.0,122400.0,0.0010919273744231567,0.0,0.0,0.0011091,0.9454177379185161,1.0,2377.2918200993754,1000.0,2379.3937494699812,1000.0,0.056220237456505215,0.0
5313,1702936980000.0,0.0,0.0,104100.0,0.0011466931213238996,0.0,0.0,0.0011367,0.9454177379185161,1.0,2382.820227403799,1000.0,2381.779943473981,1000.0,0.05009641623693883,0.0
5314,1702940580000.0,0.0,0.0,69400.0,0.0011418176867285246,0.0,0.0,0.0011616,0.9454177379185161,1.0,2384.7307339109407,1000.0,2386.103626451981,1000.0,0.03322897060541635,0.0
5315,1702944180000.0,0.0,0.0,103400.0,0.0011512109714957954,0.0,0.0,0.0011227,0.9454177379185161,1.0,2385.2537040146462,1000.0,2382.305669561981,1000.0,0.04990463456877388,0.0
5316,1702947780000.0,0.0,0.0,105000.0,0.0011370389235483616,0.0,0.0,0.0011345,0.9454177379185161,1.0,2389.39308858856,1000.0,2389.1265016159823,1000.0,0.04996628120453063,0.0
5317,1702951380000.0,0.0,0.0,46300.0,0.0011432154218383227,0.0,0.0,0.0011719,0.9454177379185161,1.0,2391.3298066790962,1000.0,2392.6579026479817,1000.0,0.022134493486961074,0.0
5318,1702954980000.0,0.0,0.0,104100.0,0.001148832112868518,0.0,0.0,0.0011364,0.9454177379185161,1.0,2392.1229267875956,1000.0,2390.828743837983,1000.0,0.04999468113046174,0.0
5319,1702958580000.0,0.0,0.0,104200.0,0.0011487238773035628,0.0,0.0,0.0011333,0.9454177379185161,1.0,2392.175110445014,1000.0,2390.567942429983,1000.0,0.05003690051468018,0.0
5320,1702962180000.0,0.0,0.0,104200.0,0.0011487238773035628,0.0,0.0,0.0011282,0.9454177379185161,1.0,2392.175110445014,1000.0,2390.0365224299826,1000.0,0.05003690051468018,0.0
5321,1702965780000.0,0.0,0.0,211300.0,0.0011323908093470482,0.0,0.0,0.0011144,0.9454177379185161,1.0,2392.151195015014,1000.0,2388.3497369999827,1000.0,0.10002468845349448,0.0
5322,1702969380000.0,0.0,0.0,122200.0,0.001075439117980409,0.0,0.0,0.0010818,0.9454177379185161,1.0,2407.895676389189,1000.0,2408.672976171983,1000.0,0.05457822010556438,0.0
5323,1702972980000.0,0.0,0.0,109500.0,0.0010987938268852636,0.0,0.0,0.0010953,0.9454177379185161,1.0,2410.785894663919,1000.0,2410.4033206199824,1000.0,0.04990817488614416,0.0
5324,1702976580000.0,0.0,0.0,87600.0,0.0011223237158186385,0.0,0.0,0.0011148,0.9454177379185161,1.0,2414.302714637697,1000.0,2413.6436371319846,1000.0,0.040722133521051224,0.0
5325,1702980180000.0,0.0,0.0,217800.0,0.001108060681376657,0.0,0.0,0.001092,0.9454177379185161,1.0,2414.476493599821,1000.0,2410.9784771959853,1000.0,0.09995359948359689,0.0
5326,1702983780000.0,0.0,0.0,217800.0,0.001108060681376657,0.0,0.0,0.0010907,0.9454177379185161,1.0,2414.476493599821,1000.0,2410.695337195985,1000.0,0.09995359948359689,0.0
5327,1702987380000.0,0.0,0.0,330500.0,0.001095593544338384,0.0,0.0,0.0010731,0.9454177379185161,1.0,2414.452341989821,1000.0,2407.018225585985,1000.0,0.14996927464943205,0.0
5328,1702990980000.0,0.0,0.0,671200.0,0.0010690134630569664,0.0,0.0,0.0010519,0.9454177379185161,1.0,2414.3812563558213,1000.0,2402.8946999519853,1000.0,0.29718663302035286,0.0
5329,1702994580000.0,0.0,0.0,671200.0,0.0010690134630569664,0.0,0.0,0.0010376,0.9454177379185161,1.0,2414.3812563558213,1000.0,2393.2965399519853,1000.0,0.29718663302035286,0.0
5330,1702998180000.0,0.0,0.0,1362800.0,0.0010321779838595802,0.0,0.0,0.0010195,0.9454177379185161,1.0,2414.2434302918214,1000.0,2396.9658738879857,1000.0,0.5826471923892973,0.0
5331,1703001780000.0,0.0,0.0,1022100.0,0.0010321779838595802,0.0,0.0,0.0010271,0.9454177379185161,1.0,2414.929987174862,1000.0,2409.7397798719853,1000.0,0.4368611607399309,0.0
5332,1703005380000.0,0.0,0.0,575000.0,0.0010321779838595802,0.0,0.0,0.0010249,0.9454177379185161,1.0,2415.830954543244,1000.0,2411.646113823985,1000.0,0.24567213181994801,0.0
5333,1703008980000.0,0.0,0.0,819400.0,0.0010176291197452508,0.0,0.0,0.0009969,0.9454177379185161,1.0,2415.7828859512438,1000.0,2398.7974452319854,1000.0,0.3451656626795424,0.0
5334,1703012580000.0,0.0,0.0,819400.0,0.0010176291197452508,0.0,0.0,0.001,0.9454177379185161,1.0,2415.7828859512438,1000.0,2401.3375852319855,1000.0,0.3451656626795424,0.0
5335,1703016180000.0,0.0,0.0,819400.0,0.0010176291197452508,0.0,0.0,0.0009837,0.9454177379185161,1.0,2415.7828859512438,1000.0,2387.9813652319854,1000.0,0.3451656626795424,0.0
5336,1703019780000.0,0.0,0.0,1167600.0,0.0010002939368955622,0.0,0.0,0.00097,0.9454177379185161,1.0,2415.716066371244,1000.0,2380.3448656519854,1000.0,0.4834770182547482,0.0
5337,1703023380000.0,0.0,0.0,1167600.0,0.0010002939368955622,0.0,0.0,0.0009824,0.9454177379185161,1.0,2415.716066371244,1000.0,2394.8231056519853,1000.0,0.4834770182547482,0.0
5338,1703026980000.0,0.0,0.0,1663800.0,0.0009792106747921977,0.0,0.0,0.0009368,0.9454177379185161,1.0,2415.623812867244,1000.0,2345.0609321479856,1000.0,0.6744472016052259,0.0
5339,1703030580000.0,0.0,0.0,1663800.0,0.0009792106747921977,0.0,0.0,0.0009474,0.9454177379185161,1.0,2415.623812867244,1000.0,2362.6972121479853,1000.0,0.6744472016052259,0.0
5340,1703034180000.0,0.0,0.0,1663800.0,0.0009792106747921977,0.0,0.0,0.0009412,0.9454177379185161,1.0,2415.623812867244,1000.0,2352.3816521479853,1000.0,0.6744472016052259,0.0
5341,1703037780000.0,0.0,0.0,1663800.0,0.0009792106747921977,0.0,0.0,0.0009132,0.9454177379185161,1.0,2415.623812867244,1000.0,2305.795252147985,1000.0,0.6744472016052259,0.0
5342,1703041380000.0,0.0,0.0,1663800.0,0.0009792106747921977,0.0,0.0,0.0009233,0.9454177379185161,1.0,2415.623812867244,1000.0,2322.5996321479856,1000.0,0.6744472016052259,0.0
5343,1703044980000.0,5.318017598195815e-08,0.0,2545800.0,0.000948857695309631,0.0,0.0,0.0008756,0.9454177379185161,1.0,2415.466534627244,1000.0,2228.9670939079856,1000.0,1.000056049665799,0.0
5344,1703048580000.0,5.318017598195815e-08,0.0,2545800.0,0.000948857695309631,0.0,0.0,0.000916,0.9454177379185161,1.0,2415.466534627244,1000.0,2331.8174139079856,1000.0,1.000056049665799,0.0
5345,1703052180000.0,5.318017598195815e-08,0.0,2545800.0,0.000948857695309631,0.0,0.0,0.0009003,0.9454177379185161,1.0,2415.466534627244,1000.0,2291.8483539079853,1000.0,1.000056049665799,0.0
5346,1703055780000.0,5.318017598195815e-08,0.0,2545800.0,0.000948857695309631,0.0,0.0,0.0009014,0.9454177379185161,1.0,2415.466534627244,1000.0,2294.6487339079854,1000.0,1.000056049665799,0.0
5347,1703059380000.0,5.318017598195815e-08,0.0,2545800.0,0.000948857695309631,0.0,0.0,0.0009,0.9454177379185161,1.0,2415.466534627244,1000.0,2291.0846139079854,1000.0,1.000056049665799,0.0
5348,1703062980000.0,5.318017598195815e-08,0.0,2545800.0,0.000948857695309631,0.0,0.0,0.0009145,0.9454177379185161,1.0,2415.466534627244,1000.0,2327.9987139079853,1000.0,1.000056049665799,0.0
5349,1703066580000.0,5.318017598195815e-08,0.0,2545800.0,0.000948857695309631,0.0,0.0,0.000911,0.9454177379185161,1.0,2415.466534627244,1000.0,2319.0884139079853,1000.0,1.000056049665799,0.0
5350,1703070180000.0,5.318017598195815e-08,0.0,2545800.0,0.000948857695309631,0.0,0.0,0.0009012,0.9454177379185161,1.0,2415.466534627244,1000.0,2294.1395739079853,1000.0,1.000056049665799,0.0
5351,1703073780000.0,5.318017598195815e-08,0.0,2545800.0,0.000948857695309631,0.0,0.0,0.0008951,0.9454177379185161,1.0,2415.466534627244,1000.0,2278.6101939079854,1000.0,1.000056049665799,0.0
5352,1703077380000.0,5.318017598195815e-08,0.0,2545800.0,0.000948857695309631,0.0,0.0,0.0009063,0.9454177379185161,1.0,2415.466534627244,1000.0,2307.1231539079854,1000.0,1.000056049665799,0.0
5353,1703080980000.0,5.318017598195815e-08,0.0,2545800.0,0.000948857695309631,0.0,0.0,0.000907,0.9454177379185161,1.0,2415.466534627244,1000.0,2308.9052139079854,1000.0,1.000056049665799,0.0
5354,1703084580000.0,0.0,0.0,1417300.0,0.000948857695309631,0.0,0.0,0.0009466,0.9454177379185161,1.0,2416.7550976843254,1000.0,2413.5552661219854,1000.0,0.5564552291007514,0.0
5355,1703088180000.0,0.0,0.0,22200.0,0.000948857695309631,0.0,0.0,0.0009516,0.9454177379185161,1.0,2425.97673902586,1000.0,2426.037618189986,1000.0,0.008682952518469829,0.0
5356,1703091780000.0,0.0,0.0,118800.0,0.0009093039787193074,0.0,0.0,0.0009298,0.9454177379185161,1.0,2428.42303452584,1000.0,2430.8579618539866,1000.0,0.044483729208632763,0.0
5357,1703095380000.0,0.0,0.0,132800.0,0.000916078509053596,0.0,0.0,0.0009167,0.9454177379185161,1.0,2430.1039532923046,1000.0,2430.186487289987,1000.0,0.05006173741559453,0.0
5358,1703098980000.0,0.0,0.0,132500.0,0.0009163530735561578,0.0,0.0,0.0009139,0.9454177379185161,1.0,2430.3996006021775,1000.0,2430.0745683559867,1000.0,0.0499575387586912,0.0
5359,1703102580000.0,0.0,0.0,268900.0,0.0009032897815031272,0.0,0.0,0.0008759,0.9454177379185161,1.0,2430.3753050341775,1000.0,2423.0101927879864,1000.0,0.09994119909919641,0.0
5360,1703106180000.0,0.0,0.0,581400.0,0.0008830428143209337,0.0,0.0,0.0008689,0.9454177379185161,1.0,2430.321203740177,1000.0,2422.0985714939866,1000.0,0.21124824630426833,0.0
5361,1703109780000.0,0.0,0.0,1797900.0,0.0008213046730544764,0.0,0.0,0.0008214,0.9454177379185161,1.0,2431.007400318629,1000.0,2431.178788633986,1000.0,0.6074122487208816,0.0
5362,1703113380000.0,0.0,0.0,180100.0,0.0008213046730544764,0.0,0.0,0.0008229,0.9454177379185161,1.0,2433.645558015098,1000.0,2433.9328763979865,1000.0,0.06077999778149846,0.0
5363,1703116980000.0,0.0,0.0,199800.0,0.0007910656969254631,0.0,0.0,0.0007929,0.9454177379185161,1.0,2434.3209011556946,1000.0,2434.6873949099872,1000.0,0.06492772837413133,0.0
5364,1703120580000.0,0.0,0.0,233700.0,0.0007813755198995236,0.0,0.0,0.0007718,0.9454177379185161,1.0,2434.763989814506,1000.0,2432.5261908139873,1000.0,0.07500006561803581,0.0
5365,1703124180000.0,0.0,0.0,151500.0,0.0008006398935261857,0.0,0.0,0.0008034,0.9454177379185161,1.0,2438.1063280232065,1000.0,2438.5244841539893,1000.0,0.04975047333869296,0.0
5366,1703127780000.0,0.0,0.0,151900.0,0.0008024626654294029,0.0,0.0,0.0008009,0.9454177379185161,1.0,2438.3227172467155,1000.0,2438.0853483679894,1000.0,0.049990954034323076,0.0
5367,1703131380000.0,0.0,0.0,228100.0,0.000801136473426208,0.0,0.0,0.0008056,0.9454177379185161,1.0,2439.416871282507,1000.0,2440.4350016939893,1000.0,0.07491102965621621,0.0
5368,1703134980000.0,0.0,0.0,149000.0,0.0008193357789064053,0.0,0.0,0.0008184,0.9454177379185161,1.0,2443.244467301043,1000.0,2443.1050362439887,1000.0,0.04996676865164972,0.0
5369,1703138580000.0,0.0,0.0,151200.0,0.0008187459514041424,0.0,0.0,0.0008082,0.9454177379185161,1.0,2443.517528306294,1000.0,2441.9229804539877,1000.0,0.05066236948098076,0.0
5370,1703142180000.0,0.0,0.0,148100.0,0.0008211236320641158,0.0,0.0,0.0008229,0.9454177379185161,1.0,2443.6787220806837,1000.0,2443.941802171988,1000.0,0.049764483690045554,0.0
5371,1703145780000.0,0.0,0.0,148200.0,0.0008238313606924953,0.0,0.0,0.0008221,0.9454177379185161,1.0,2443.9635287826154,1000.0,2443.7069411279876,1000.0,0.04995647693459814,0.0
5372,1703149380000.0,0.0,0.0,148200.0,0.0008238313606924953,0.0,0.0,0.0008082,0.9454177379185161,1.0,2443.9635287826154,1000.0,2441.6469611279877,1000.0,0.04995647693459814,0.0
5373,1703152980000.0,0.0,0.0,300800.0,0.0008120965015113957,0.0,0.0,0.000806,0.9454177379185161,1.0,2443.9390914186156,1000.0,2442.1052637639878,1000.0,0.09995282963980628,0.0
5374,1703156580000.0,0.0,0.0,126900.0,0.0008120965015113957,0.0,0.0,0.0008104,0.9454177379185161,1.0,2444.2244123637843,1000.0,2444.0091263219883,1000.0,0.04216267766597284,0.0
5375,1703160180000.0,0.0,0.0,149500.0,0.0008173615126577593,0.0,0.0,0.0008144,0.9454177379185161,1.0,2444.8284480203224,1000.0,2444.3857018779872,1000.0,0.04998123538740796,0.0
5376,1703163780000.0,0.0,0.0,303200.0,0.0008060251298343777,0.0,0.0,0.0007936,0.9454177379185161,1.0,2444.8961608017707,1000.0,2441.1288614359873,1000.0,0.09995795456836087,0.0
5377,1703167380000.0,0.0,0.0,50300.0,0.000807544018980121,0.0,0.0,0.000818,0.9454177379185161,1.0,2447.3733928706874,1000.0,2447.8993287159874,1000.0,0.01659716669022654,0.0
5378,1703170980000.0,0.0,0.0,150400.0,0.0008125969641775887,0.0,0.0,0.000802,0.9454177379185161,1.0,2447.7117230962976,1000.0,2446.1179396839884,1000.0,0.0499301377115238,0.0
5379,1703174580000.0,0.0,0.0,150700.0,0.0008123211096002353,0.0,0.0,0.0008008,0.9454177379185161,1.0,2448.0762356767436,1000.0,2446.340004459988,1000.0,0.05000530189081905,0.0
5380,1703178180000.0,0.0,0.0,463800.0,0.0007917337671771355,0.0,0.0,0.0007918,0.9454177379185161,1.0,2448.0272778107437,1000.0,2448.0579965939883,1000.0,0.1500008290533207,0.0
5381,1703181780000.0,0.0,0.0,152900.0,0.000801548071187172,0.0,0.0,0.000801,0.9454177379185161,1.0,2453.0324162445067,1000.0,2452.948616159988,1000.0,0.049961304739766926,0.0
5382,1703185380000.0,0.0,0.0,154000.0,0.000799502098635242,0.0,0.0,0.0007908,0.9454177379185161,1.0,2453.5571612718154,1000.0,2452.217038081988,1000.0,0.05018155889468073,0.0
5383,1703188980000.0,0.0,0.0,154000.0,0.000799502098635242,0.0,0.0,0.0007858,0.9454177379185161,1.0,2453.5571612718154,1000.0,2451.447038081988,1000.0,0.05018155889468073,0.0
5384,1703192580000.0,0.0,0.0,115500.0,0.000799502098635242,0.0,0.0,0.0008017,0.9454177379185161,1.0,2453.6163612343585,1000.0,2453.870218841988,1000.0,0.037635261099218886,0.0
5385,1703196180000.0,0.0,0.0,125200.0,0.0007985912185920051,0.0,0.0,0.0007987,0.9454177379185161,1.0,2455.2497473577073,1000.0,2455.263366789988,1000.0,0.040722382998030854,0.0
5386,1703199780000.0,0.0,0.0,14000.0,0.0007985912185920051,0.0,0.0,0.0008048,0.9454177379185161,1.0,2456.1619671482767,1000.0,2456.2488900879885,1000.0,0.004551929884847503,0.0
5387,1703203380000.0,0.0,0.0,455900.0,0.0007487715935937239,0.0,0.0,0.0007722,0.9454177379185161,1.0,2464.4353823173674,1000.0,2475.1163927979887,1000.0,0.13851650238781474,0.0
5388,1703206980000.0,0.0,0.0,0.0,0.0007706083380706998,0.0,0.0,0.0008224,0.9454177379185161,1.0,2480.597787909988,1000.0,2480.597787909988,1000.0,0.0,0.0
5389,1703210580000.0,0.0,0.0,0.0,0.0007706083380706998,0.0,0.0,0.0008391,0.9454177379185161,1.0,2480.597787909988,1000.0,2480.597787909988,1000.0,0.0,0.0
5390,1703214180000.0,0.0,0.0,0.0,0.0007706083380706998,0.0,0.0,0.0008258,0.9454177379185161,1.0,2480.597787909988,1000.0,2480.597787909988,1000.0,0.0,0.0
5391,1703217780000.0,0.0,0.0,68400.0,0.0008057,0.0,0.0,0.0008143,0.9454177379185161,1.0,2481.8329062039875,1000.0,2482.4211462039875,1000.0,0.022205314411876204,0.0
5392,1703221380000.0,0.0,0.0,115500.0,0.0008059000487012987,0.0,0.0,0.0008112,0.9454177379185161,1.0,2481.9933643789873,1000.0,2482.605508753987,1000.0,0.037502701240415943,0.0
5393,1703224980000.0,0.0,0.0,154100.0,0.0008055701208412194,0.0,0.0,0.0008008,0.9454177379185161,1.0,2482.17167696962,1000.0,2481.436601347988,1000.0,0.05001199424416415,0.0
5394,1703228580000.0,0.0,0.0,722100.0,0.0007661189921288241,0.0,0.0,0.0007604,0.9454177379185161,1.0,2482.4166374702118,1000.0,2478.286953253988,1000.0,0.22285321322209445,0.0
5395,1703232180000.0,0.0,0.0,161300.0,0.0007679078029526369,0.0,0.0,0.0007691,0.9454177379185161,1.0,2483.416491566248,1000.0,2483.6087929499877,1000.0,0.049876260803173506,0.0
5396,1703235780000.0,0.0,0.0,160400.0,0.0007728043530214147,0.0,0.0,0.0007708,0.9454177379185161,1.0,2483.8580297066237,1000.0,2483.5365314819887,1000.0,0.04990535559686395,0.0
5397,1703239380000.0,0.0,0.0,158500.0,0.0007778483994692771,0.0,0.0,0.0007798,0.9454177379185161,1.0,2484.1804149018694,1000.0,2484.489743585989,1000.0,0.049629636630377595,0.0
5398,1703242980000.0,0.0,0.0,158500.0,0.0007778483994692771,0.0,0.0,0.0007697,0.9454177379185161,1.0,2484.1804149018694,1000.0,2482.888893585989,1000.0,0.049629636630377595,0.0
5399,1703246580000.0,0.0,0.0,158600.0,0.0007825607555810798,0.0,0.0,0.0007829,0.9454177379185161,1.0,2484.6608440611485,1000.0,2484.714648225989,1000.0,0.049952143823499134,0.0
5400,1703250180000.0,0.0,0.0,67100.0,0.0007826653779041614,0.0,0.0,0.000784,0.9454177379185161,1.0,2484.9041592133585,1000.0,2484.9937123559894,1000.0,0.021134355086754892,0.0
5401,1703253780000.0,0.0,0.0,26600.0,0.0007826853614200961,0.0,0.0,0.0007995,0.9454177379185161,1.0,2485.899279289764,1000.0,2486.346548675989,1000.0,0.008375009714682725,0.0
5402,1703257380000.0,0.0,0.0,39800.0,0.0007835594091991601,0.0,0.0,0.0007962,0.9454177379185161,1.0,2486.8670301301145,1000.0,2487.370125643988,1000.0,0.012540141514721404,0.0
5403,1703260980000.0,0.0,0.0,0.0,0.0007835594091991601,0.0,0.0,0.0008071,0.9454177379185161,1.0,2487.4701066239886,1000.0,2487.4701066239886,1000.0,0.0,0.0
5404,1703264580000.0,0.0,0.0,158300.0,0.0007859749842072015,0.0,0.0,0.0007814,0.9454177379185161,1.0,2487.499940425989,1000.0,2486.7757204259888,1000.0,0.05001802732855257,0.0
5405,1703268180000.0,0.0,0.0,141800.0,0.0007853537315044908,0.0,0.0,0.000794,0.9454177379185161,1.0,2487.6653801113257,1000.0,2488.891420983989,1000.0,0.04476613294443692,0.0
5406,1703271780000.0,0.0,0.0,21100.0,0.0007853537315044908,0.0,0.0,0.0007868,0.9454177379185161,1.0,2489.312223052734,1000.0,2489.3427393179895,1000.0,0.006656844240463809,0.0
5407,1703275380000.0,0.0,0.0,158500.0,0.0007857346585567841,0.0,0.0,0.0007772,0.9454177379185161,1.0,2489.64128269724,1000.0,2488.28853931599,1000.0,0.05002284636215811,0.0
5408,1703278980000.0,0.0,0.0,158700.0,0.0007849011785105197,0.0,0.0,0.0007834,0.9454177379185161,1.0,2489.8633250876096,1000.0,2489.62508805799,1000.0,0.050028375362827,0.0
5409,1703282580000.0,0.0,0.0,400.0,0.0007849011785105197,0.0,0.0,0.0008041,0.9454177379185161,1.0,2490.9676026873935,1000.0,2490.9752822159894,1000.0,0.00012603956433053965,0.0
5410,1703286180000.0,0.0,0.0,200.0,0.0007849011785105197,0.0,0.0,0.0008034,0.9454177379185161,1.0,2490.9704904716914,1000.0,2490.974190235989,1000.0,6.30197091063805e-05,0.0
5411,1703289780000.0,0.0,0.0,0.0,0.0007849011785105197,0.0,0.0,0.0008146,0.9454177379185161,1.0,2490.975937743989,1000.0,2490.975937743989,1000.0,0.0,0.0
5412,1703293380000.0,0.0,0.0,0.0,0.0007849011785105197,0.0,0.0,0.0008053,0.9454177379185161,1.0,2490.975937743989,1000.0,2490.975937743989,1000.0,0.0,0.0
5413,1703296980000.0,0.0,0.0,127900.0,0.0007915749682337993,0.0,0.0,0.0007774,0.9454177379185161,1.0,2491.051579617092,1000.0,2489.238601179989,1000.0,0.04064244966483803,0.0
5414,1703300580000.0,0.0,0.0,366000.0,0.0007690988285244988,0.0,0.0,0.0007728,0.9454177379185161,1.0,2491.1853601399557,1000.0,2492.539988899989,1000.0,0.11299447072222371,0.0
5415,1703304180000.0,0.0,0.0,372800.0,0.0007589814881791693,0.0,0.0,0.0007534,0.9454177379185161,1.0,2491.4081185071836,1000.0,2489.327339713989,1000.0,0.11356963023895617,0.0
5416,1703307780000.0,0.0,0.0,372800.0,0.0007589814881791693,0.0,0.0,0.0007546,0.9454177379185161,1.0,2491.4081185071836,1000.0,2489.7746997139893,1000.0,0.11356963023895617,0.0
5417,1703311380000.0,0.0,0.0,209700.0,0.0007589814881791693,0.0,0.0,0.0007634,0.9454177379185161,1.0,2491.6472870131606,1000.0,2492.5738489419887,1000.0,0.06387678500915012,0.0
5418,1703314980000.0,0.0,0.0,209700.0,0.0007589814881791693,0.0,0.0,0.0007673,0.9454177379185161,1.0,2491.6472870131606,1000.0,2493.3916789419886,1000.0,0.06387678500915012,0.0
5419,1703318580000.0,0.0,0.0,132800.0,0.000761645052411501,0.0,0.0,0.0007698,0.9454177379185161,1.0,2492.0309485382368,1000.0,2493.1139255779894,1000.0,0.040587964214319774,0.0
5420,1703322180000.0,0.0,0.0,59100.0,0.000761645052411501,0.0,0.0,0.0007805,0.9454177379185161,1.0,2493.0627328835094,1000.0,2494.1770602859897,1000.0,0.0180553910672985,0.0
5421,1703325780000.0,0.0,0.0,9900.0,0.000761645052411501,0.0,0.0,0.0007875,0.9454177379185161,1.0,2494.1172492728633,1000.0,2494.3732132539894,1000.0,0.003023228367099486,0.0
5422,1703329380000.0,0.0,0.0,0.0,0.000761645052411501,0.0,0.0,0.000799,0.9454177379185161,1.0,2494.4410701179895,1000.0,2494.4410701179895,1000.0,0.0,0.0
5423,1703332980000.0,0.0,0.0,0.0,0.000761645052411501,0.0,0.0,0.0007938,0.9454177379185161,1.0,2494.4410701179895,1000.0,2494.4410701179895,1000.0,0.0,0.0
5424,1703336580000.0,0.0,0.0,0.0,0.000761645052411501,0.0,0.0,0.0007844,0.9454177379185161,1.0,2494.4410701179895,1000.0,2494.4410701179895,1000.0,0.0,0.0
5425,1703340180000.0,0.0,0.0,0.0,0.000761645052411501,0.0,0.0,0.0007925,0.9454177379185161,1.0,2494.4410701179895,1000.0,2494.4410701179895,1000.0,0.0,0.0
5426,1703343780000.0,0.0,0.0,0.0,0.000761645052411501,0.0,0.0,0.0007927,0.9454177379185161,1.0,2494.4410701179895,1000.0,2494.4410701179895,1000.0,0.0,0.0
5427,1703347380000.0,0.0,0.0,0.0,0.000761645052411501,0.0,0.0,0.0007848,0.9454177379185161,1.0,2494.4410701179895,1000.0,2494.4410701179895,1000.0,0.0,0.0
5428,1703350980000.0,0.0,0.0,0.0,0.000761645052411501,0.0,0.0,0.0008148,0.9454177379185161,1.0,2494.4410701179895,1000.0,2494.4410701179895,1000.0,0.0,0.0
5429,1703354580000.0,0.0,0.0,0.0,0.000761645052411501,0.0,0.0,0.0008105,0.9454177379185161,1.0,2494.4410701179895,1000.0,2494.4410701179895,1000.0,0.0,0.0
5430,1703358180000.0,0.0,0.0,0.0,0.000761645052411501,0.0,0.0,0.0008029,0.9454177379185161,1.0,2494.4410701179895,1000.0,2494.4410701179895,1000.0,0.0,0.0
5431,1703361780000.0,0.0,0.0,0.0,0.000761645052411501,0.0,0.0,0.000802,0.9454177379185161,1.0,2494.4410701179895,1000.0,2494.4410701179895,1000.0,0.0,0.0
5432,1703365380000.0,0.0,0.0,0.0,0.000761645052411501,0.0,0.0,0.0008079,0.9454177379185161,1.0,2494.4410701179895,1000.0,2494.4410701179895,1000.0,0.0,0.0
5433,1703368980000.0,0.0,0.0,0.0,0.000761645052411501,0.0,0.0,0.0008667,0.9454177379185161,1.0,2494.4410701179895,1000.0,2494.4410701179895,1000.0,0.0,0.0
5434,1703372580000.0,0.0,0.0,0.0,0.000761645052411501,0.0,0.0,0.0008807,0.9454177379185161,1.0,2494.4410701179895,1000.0,2494.4410701179895,1000.0,0.0,0.0
5435,1703376180000.0,0.0,0.0,0.0,0.000761645052411501,0.0,0.0,0.0008774,0.9454177379185161,1.0,2494.4410701179895,1000.0,2494.4410701179895,1000.0,0.0,0.0
5436,1703379780000.0,0.0,0.0,0.0,0.000761645052411501,0.0,0.0,0.0008862,0.9454177379185161,1.0,2494.4410701179895,1000.0,2494.4410701179895,1000.0,0.0,0.0
5437,1703383380000.0,0.0,0.0,0.0,0.000761645052411501,0.0,0.0,0.0009405,0.9454177379185161,1.0,2494.4410701179895,1000.0,2494.4410701179895,1000.0,0.0,0.0
5438,1703386980000.0,0.0,0.0,0.0,0.000761645052411501,0.0,0.0,0.00103,0.9454177379185161,1.0,2494.4410701179895,1000.0,2494.4410701179895,1000.0,0.0,0.0
5439,1703390580000.0,0.0,0.0,0.0,0.000761645052411501,0.0,0.0,0.0010279,0.9454177379185161,1.0,2494.4410701179895,1000.0,2494.4410701179895,1000.0,0.0,0.0
5440,1703394180000.0,0.0,0.0,0.0,0.000761645052411501,0.0,0.0,0.0010676,0.9454177379185161,1.0,2494.4410701179895,1000.0,2494.4410701179895,1000.0,0.0,0.0
5441,1703397780000.0,0.0,0.0,0.0,0.000761645052411501,0.0,0.0,0.0010255,0.9454177379185161,1.0,2494.4410701179895,1000.0,2494.4410701179895,1000.0,0.0,0.0
5442,1703401380000.0,0.0,0.0,0.0,0.000761645052411501,0.0,0.0,0.0010528,0.9454177379185161,1.0,2494.4410701179895,1000.0,2494.4410701179895,1000.0,0.0,0.0
5443,1703404980000.0,0.0,0.0,0.0,0.000761645052411501,0.0,0.0,0.0010849,0.9454177379185161,1.0,2494.4410701179895,1000.0,2494.4410701179895,1000.0,0.0,0.0
5444,1703408580000.0,0.0,0.0,0.0,0.000761645052411501,0.0,0.0,0.0010422,0.9454177379185161,1.0,2494.4410701179895,1000.0,2494.4410701179895,1000.0,0.0,0.0
5445,1703412180000.0,0.0,0.0,0.0,0.000761645052411501,0.0,0.0,0.0010474,0.9454177379185161,1.0,2494.4410701179895,1000.0,2494.4410701179895,1000.0,0.0,0.0
5446,1703415780000.0,0.0,0.0,0.0,0.000761645052411501,0.0,0.0,0.0010099,0.9454177379185161,1.0,2494.4410701179895,1000.0,2494.4410701179895,1000.0,0.0,0.0
5447,1703419380000.0,0.0,0.0,0.0,0.000761645052411501,0.0,0.0,0.0009923,0.9454177379185161,1.0,2494.4410701179895,1000.0,2494.4410701179895,1000.0,0.0,0.0
5448,1703422980000.0,0.0,0.0,0.0,0.000761645052411501,0.0,0.0,0.0010246,0.9454177379185161,1.0,2494.4410701179895,1000.0,2494.4410701179895,1000.0,0.0,0.0
5449,1703426580000.0,0.0,0.0,0.0,0.000761645052411501,0.0,0.0,0.0010439,0.9454177379185161,1.0,2494.4410701179895,1000.0,2494.4410701179895,1000.0,0.0,0.0
5450,1703430180000.0,0.0,0.0,0.0,0.000761645052411501,0.0,0.0,0.0010116,0.9454177379185161,1.0,2494.4410701179895,1000.0,2494.4410701179895,1000.0,0.0,0.0
5451,1703433780000.0,0.0,0.0,0.0,0.000761645052411501,0.0,0.0,0.0009988,0.9454177379185161,1.0,2494.4410701179895,1000.0,2494.4410701179895,1000.0,0.0,0.0
5452,1703437380000.0,0.0,0.0,0.0,0.000761645052411501,0.0,0.0,0.0010002,0.9454177379185161,1.0,2494.4410701179895,1000.0,2494.4410701179895,1000.0,0.0,0.0
5453,1703440980000.0,0.0,0.0,0.0,0.000761645052411501,0.0,0.0,0.001004,0.9454177379185161,1.0,2494.4410701179895,1000.0,2494.4410701179895,1000.0,0.0,0.0
5454,1703444580000.0,0.0,0.0,19100.0,0.0009724,0.0,0.0,0.0009903,0.9454177379185161,1.0,2495.8513897579896,1000.0,2496.19327975799,1000.0,0.007441484727903177,0.0
5455,1703448180000.0,0.0,0.0,1100.0,0.0009724,0.0,0.0,0.0009996,0.9454177379185161,1.0,2496.325393597989,1000.0,2496.355313597989,1000.0,0.000428485806675352,0.0
5456,1703451780000.0,0.0,0.0,259700.0,0.0009610938005390835,0.0,0.0,0.0009463,0.9454177379185161,1.0,2496.275688313989,1000.0,2492.433738313989,1000.0,0.09998737766363448,0.0
5457,1703455380000.0,0.0,0.0,800000.0,0.00092725335,0.0,0.0,0.0008982,0.9454177379185161,1.0,2496.1772469899893,1000.0,2472.9345669899894,1000.0,0.2971754833894514,0.0
5458,1703458980000.0,0.0,0.0,1624500.0,0.0008953035272391504,0.0,0.0,0.0008646,0.9454177379185161,1.0,2496.0347234099895,1000.0,2446.1568434099895,1000.0,0.5826924466872098,0.0
5459,1703462580000.0,0.0,0.0,1624500.0,0.0008953035272391504,0.0,0.0,0.0008664,0.9454177379185161,1.0,2496.0347234099895,1000.0,2449.0809434099897,1000.0,0.5826924466872098,0.0
5460,1703466180000.0,0.0,0.0,1624500.0,0.0008953035272391504,0.0,0.0,0.0008462,0.9454177379185161,1.0,2496.0347234099895,1000.0,2416.26604340999,1000.0,0.5826924466872098,0.0
5461,1703469780000.0,0.0,0.0,1624500.0,0.0008953035272391504,0.0,0.0,0.0008455,0.9454177379185161,1.0,2496.0347234099895,1000.0,2415.12889340999,1000.0,0.5826924466872098,0.0
5462,1703473380000.0,0.0,0.0,1624500.0,0.0008953035272391504,0.0,0.0,0.000847,0.9454177379185161,1.0,2496.0347234099895,1000.0,2417.5656434099897,1000.0,0.5826924466872098,0.0
5463,1703476980000.0,0.0,0.0,1624500.0,0.0008953035272391504,0.0,0.0,0.0008477,0.9454177379185161,1.0,2496.0347234099895,1000.0,2418.7027934099897,1000.0,0.5826924466872098,0.0
5464,1703480580000.0,0.0,0.0,1624500.0,0.0008953035272391504,0.0,0.0,0.0008587,0.9454177379185161,1.0,2496.0347234099895,1000.0,2436.5722934099895,1000.0,0.5826924466872098,0.0
5465,1703484180000.0,0.0,0.0,1624500.0,0.0008953035272391504,0.0,0.0,0.000882,0.9454177379185161,1.0,2496.0347234099895,1000.0,2474.4231434099897,1000.0,0.5826924466872098,0.0
5466,1703487780000.0,0.0,0.0,162400.0,0.0008826868343433994,0.0,0.0,0.0008849,0.9454177379185161,1.0,2504.7381401573584,1000.0,2505.0975582599904,1000.0,0.057230869606338296,0.0
5467,1703491380000.0,0.0,0.0,85800.0,0.0008891046511335952,0.0,0.0,0.0008928,0.9454177379185161,1.0,2506.299381619253,1000.0,2506.6164425519905,1000.0,0.030437376965706572,0.0
5468,1703494980000.0,0.0,0.0,140800.0,0.0008905055348150095,0.0,0.0,0.0008959,0.9454177379185161,1.0,2507.4538154499432,1000.0,2508.21335614799,1000.0,0.05000418294023665,0.0
5469,1703498580000.0,0.0,0.0,114600.0,0.0008900268551489977,0.0,0.0,0.000888,0.9454177379185161,1.0,2507.713393244065,1000.0,2507.48111564399,1000.0,0.040673339255937926,0.0
5470,1703502180000.0,0.0,0.0,5100.0,0.0008900268551489977,0.0,0.0,0.0009143,0.9454177379185161,1.0,2509.08273319525,1000.0,2509.20652623399,1000.0,0.0018090822200507585,0.0
5471,1703505780000.0,0.0,0.0,3400.0,0.0008900268551489977,0.0,0.0,0.0009171,0.9454177379185161,1.0,2509.1104293314966,1000.0,2509.20247802399,1000.0,0.0012060415006575995,0.0
5472,1703509380000.0,0.0,0.0,46900.0,0.0008929483185193682,0.0,0.0,0.0009177,0.9454177379185161,1.0,2511.412096232548,1000.0,2512.572950093989,1000.0,0.016675589084476757,0.0
5473,1703512980000.0,0.0,0.0,0.0,0.0008929483185193682,0.0,0.0,0.0009444,0.9454177379185161,1.0,2512.87619968399,1000.0,2512.87619968399,1000.0,0.0,0.0
5474,1703516580000.0,0.0,0.0,0.0,0.0008929483185193682,0.0,0.0,0.000955,0.9454177379185161,1.0,2512.87619968399,1000.0,2512.87619968399,1000.0,0.0,0.0
5475,1703520180000.0,0.0,0.0,0.0,0.0008929483185193682,0.0,0.0,0.0009486,0.9454177379185161,1.0,2512.87619968399,1000.0,2512.87619968399,1000.0,0.0,0.0
5476,1703523780000.0,0.0,0.0,40800.0,0.0009138,0.0,0.0,0.0009292,0.9454177379185161,1.0,2514.4673004459896,1000.0,2515.0956204459894,1000.0,0.014827410956343368,0.0
5477,1703527380000.0,0.0,0.0,1300.0,0.0009138,0.0,0.0,0.0009316,0.9454177379185161,1.0,2515.3314571159895,1000.0,2515.3545971159892,1000.0,0.0004722797055788662,0.0
5478,1703530980000.0,0.0,0.0,137500.0,0.0009028655061019382,0.0,0.0,0.000899,0.9454177379185161,1.0,2515.9995412350063,1000.0,2515.46803414599,1000.0,0.049341824215150314,0.0
5479,1703534580000.0,0.0,0.0,140800.0,0.0008917106229600794,0.0,0.0,0.0008971,0.9454177379185161,1.0,2516.465898648769,1000.0,2517.2247229359896,1000.0,0.04989253213413126,0.0
5480,1703538180000.0,0.0,0.0,105800.0,0.000892268520130768,0.0,0.0,0.0008905,0.9454177379185161,1.0,2516.637260545825,1000.0,2516.4501511159897,1000.0,0.03751117052497296,0.0
5481,1703541780000.0,0.0,0.0,85200.0,0.0009008364678513477,0.0,0.0,0.0009028,0.9454177379185161,1.0,2517.615050476924,1000.0,2517.782343415989,1000.0,0.030485703938890683,0.0
5482,1703545380000.0,0.0,0.0,104300.0,0.0009055492317288364,0.0,0.0,0.0009118,0.9454177379185161,1.0,2518.1233423413055,1000.0,2518.775297471988,1000.0,0.037507608654904434,0.0
5483,1703548980000.0,0.0,0.0,139000.0,0.0009056271146798405,0.0,0.0,0.0008994,0.9454177379185161,1.0,2518.356307158486,1000.0,2517.490738217988,1000.0,0.049985845363769564,0.0
5484,1703552580000.0,0.0,0.0,282100.0,0.0008927287803633387,0.0,0.0,0.000886,0.9454177379185161,1.0,2518.331115834486,1000.0,2516.432926893988,1000.0,0.10000225441246131,0.0
5485,1703556180000.0,0.0,0.0,105600.0,0.0008938341252189292,0.0,0.0,0.0008965,0.9454177379185161,1.0,2518.8033794391076,1000.0,2519.0848958159886,1000.0,0.037473700564963366,0.0
5486,1703559780000.0,0.0,0.0,140100.0,0.000896178131436045,0.0,0.0,0.0008954,0.9454177379185161,1.0,2518.9641442541792,1000.0,2518.8551280399893,1000.0,0.04984372504887893,0.0
5487,1703563380000.0,0.0,0.0,105300.0,0.0008965608396399199,0.0,0.0,0.0008997,0.9454177379185161,1.0,2519.135052550073,1000.0,2519.465606135989,1000.0,0.03747629819152263,0.0
5488,1703566980000.0,0.0,0.0,140300.0,0.0008968200742272528,0.0,0.0,0.000885,0.9454177379185161,1.0,2519.128769350073,1000.0,2517.4704129359893,1000.0,0.04994736987841463,0.0
5489,1703570580000.0,0.0,0.0,140300.0,0.0008968200742272528,0.0,0.0,0.0008769,0.9454177379185161,1.0,2519.128769350073,1000.0,2516.3339829359893,1000.0,0.04994736987841463,0.0
5490,1703574180000.0,0.0,0.0,432100.0,0.0008740958722843867,0.0,0.0,0.0008522,0.9454177379185161,1.0,2519.078394756073,1000.0,2509.6171883419897,1000.0,0.14993452653173842,0.0
5491,1703577780000.0,0.0,0.0,116800.0,0.0008752981372267359,0.0,0.0,0.0008725,0.9454177379185161,1.0,2519.7322483740727,1000.0,2519.40542594599,1000.0,0.04057368495960339,0.0
5492,1703581380000.0,0.0,0.0,143800.0,0.0008763419981598709,0.0,0.0,0.0008755,0.9454177379185161,1.0,2519.8286204833794,1000.0,2519.70754114799,1000.0,0.05001053576064843,0.0
5493,1703584980000.0,0.0,0.0,145800.0,0.0008639035572322595,0.0,0.0,0.0008636,0.9454177379185161,1.0,2520.1288321844527,1000.0,2520.0845735399894,1000.0,0.04998043633161545,0.0
5494,1703588580000.0,0.0,0.0,145100.0,0.0008650598690386313,0.0,0.0,0.000872,0.9454177379185161,1.0,2520.241831995495,1000.0,2521.2488449979896,1000.0,0.049804818491612814,0.0
5495,1703592180000.0,0.0,0.0,143800.0,0.0008710655650439048,0.0,0.0,0.0008821,0.9454177379185161,1.0,2520.6924889293023,1000.0,2522.2792406759886,1000.0,0.049692387628972164,0.0
5496,1703595780000.0,0.0,0.0,143900.0,0.0008750280724626458,0.0,0.0,0.0008875,0.9454177379185161,1.0,2522.2879967113636,1000.0,2524.0827070839887,1000.0,0.04992155526710216,0.0
5497,1703599380000.0,0.0,0.0,143800.0,0.0008761084487850634,0.0,0.0,0.0008769,0.9454177379185161,1.0,2522.4524433712813,1000.0,2522.566268435989,1000.0,0.049945201252996785,0.0
5498,1703602980000.0,0.0,0.0,108000.0,0.0008766551960556004,0.0,0.0,0.0008771,0.9454177379185161,1.0,2523.241579981994,1000.0,2523.2896188079894,1000.0,0.03752267001508452,0.0
5499,1703606580000.0,0.0,0.0,219000.0,0.0008642293077612654,0.0,0.0,0.0008705,0.9454177379185161,1.0,2523.530140811705,1000.0,2524.9034224119882,1000.0,0.07500057769820762,0.0
5500,1703610180000.0,0.0,0.0,123300.0,0.0008642293077612654,0.0,0.0,0.0008545,0.9454177379185161,1.0,2523.6925889049526,1000.0,2522.4929652579885,1000.0,0.04222363457238701,0.0
5501,1703613780000.0,3.230106637781312e-08,0.0,3377800.0,0.000747083269890272,0.0,0.0,0.0007312,0.9454177379185161,1.0,2523.3887624933495,1000.0,2469.738253457989,1000.0,1.0000432381025202,0.0
5502,1703617380000.0,0.0,0.0,1068900.0,0.000747083269890272,0.0,0.0,0.00075,0.9454177379185161,1.0,2526.7758959577004,1000.0,2529.8935887719886,1000.0,0.3160380421798515,0.0
5503,1703620980000.0,0.0,0.0,1142400.0,0.0007367396161336055,0.0,0.0,0.000724,0.9454177379185161,1.0,2527.1193327790197,1000.0,2512.5655953079886,1000.0,0.33304772218472356,0.0
5504,1703624580000.0,0.0,0.0,1142400.0,0.0007367396161336055,0.0,0.0,0.0007354,0.9454177379185161,1.0,2527.1193327790197,1000.0,2525.5889553079887,1000.0,0.33304772218472356,0.0
5505,1703628180000.0,0.0,0.0,128100.0,0.0007379461712371067,0.0,0.0,0.0007413,0.9454177379185161,1.0,2528.627437041462,1000.0,2529.0570625059886,1000.0,0.03738427541784335,0.0
5506,1703631780000.0,0.0,0.0,167300.0,0.0007485484487900373,0.0,0.0,0.0007547,0.9454177379185161,1.0,2529.780305894563,1000.0,2530.8094604119897,1000.0,0.04950317432338834,0.0
5507,1703635380000.0,0.0,0.0,164100.0,0.0007295723678290379,0.0,0.0,0.000731,0.9454177379185161,1.0,2530.2545675087345,1000.0,2530.4888419479894,1000.0,0.04731651395797029,0.0
5508,1703638980000.0,0.0,0.0,352700.0,0.0007183995987517851,0.0,0.0,0.0007165,0.9454177379185161,1.0,2530.2825907517436,1000.0,2529.612602271989,1000.0,0.10013883010769793,0.0
5509,1703642580000.0,0.0,0.0,148900.0,0.0007183995987517851,0.0,0.0,0.0007023,0.9454177379185161,1.0,2530.57940532613,1000.0,2528.1821750719896,1000.0,0.04227083332338864,0.0
5510,1703646180000.0,0.0,0.0,1045400.0,0.000682824698923035,0.0,0.0,0.0006747,0.9454177379185161,1.0,2530.4580342781305,1000.0,2521.9644740239896,1000.0,0.2820931746681882,0.0
5511,1703649780000.0,0.0,0.0,1045400.0,0.000682824698923035,0.0,0.0,0.0006731,0.9454177379185161,1.0,2530.4580342781305,1000.0,2520.29183402399,1000.0,0.2820931746681882,0.0
5512,1703653380000.0,0.0,0.0,588100.0,0.000682824698923035,0.0,0.0,0.0006833,0.9454177379185161,1.0,2531.0701033826267,1000.0,2531.34962794599,1000.0,0.1586559000874623,0.0
5513,1703656980000.0,0.0,0.0,150400.0,0.0006839642362244819,0.0,0.0,0.000685,0.9454177379185161,1.0,2531.816020882152,1000.0,2531.9717997539897,1000.0,0.04063021178463041,0.0
5514,1703660580000.0,0.0,0.0,183900.0,0.000688461583073015,0.0,0.0,0.0006871,0.9454177379185161,1.0,2532.376837389117,1000.0,2532.1264422619897,1000.0,0.04999575231372773,0.0
5515,1703664180000.0,0.0,0.0,566100.0,0.0006709917066368618,0.0,0.0,0.0006637,0.9454177379185161,1.0,2532.3261893251174,1000.0,2528.19835419799,1000.0,0.14999979336325536,0.0
5516,1703667780000.0,0.0,0.0,180600.0,0.0006940239678076826,0.0,0.0,0.0007019,0.9454177379185161,1.0,2538.435296072057,1000.0,2539.8577074859895,1000.0,0.049377161111814886,0.0
5517,1703671380000.0,0.0,0.0,179900.0,0.0007035152537211624,0.0,0.0,0.0007011,0.9454177379185161,1.0,2540.2814668264273,1000.0,2539.84696268199,1000.0,0.049822193247959834,0.0
5518,1703674980000.0,0.0,0.0,11900.0,0.0007042889656837665,0.0,0.0,0.0007168,0.9454177379185161,1.0,2542.053251907627,1000.0,2542.20213321599,1000.0,0.003296956381754575,0.0
5519,1703678580000.0,0.0,0.0,400.0,0.0007042889656837665,0.0,0.0,0.0007159,0.9454177379185161,1.0,2542.2023787822645,1000.0,2542.207023195991,1000.0,0.00011081556237409024,0.0
5520,1703682180000.0,0.0,0.0,179600.0,0.0007078,0.0,0.0,0.0007037,0.9454177379185161,1.0,2542.1821416279913,1000.0,2541.4457816279914,1000.0,0.05000463102875583,0.0
5521,1703685780000.0,0.0,0.0,205200.0,0.0006975255896873285,0.0,0.0,0.0006952,0.9454177379185161,1.0,2542.440000375831,1000.0,2541.962789371991,1000.0,0.05629719914046412,0.0
5522,1703689380000.0,0.0,0.0,180800.0,0.0007006274677243999,0.0,0.0,0.0007012,0.9454177379185161,1.0,2542.730874640562,1000.0,2542.8343884759906,1000.0,0.04981787393543091,0.0
5523,1703692980000.0,0.0,0.0,180800.0,0.0007006274677243999,0.0,0.0,0.0006943,0.9454177379185161,1.0,2542.730874640562,1000.0,2541.5868684759903,1000.0,0.04981787393543091,0.0
5524,1703696580000.0,0.0,0.0,275700.0,0.0006906561800396503,0.0,0.0,0.0006898,0.9454177379185161,1.0,2542.834459980922,1000.0,2542.5984111439902,1000.0,0.07488254223138073,0.0
5525,1703700180000.0,0.0,0.0,182700.0,0.0006948611963242548,0.0,0.0,0.000702,0.9454177379185161,1.0,2543.4320503444324,1000.0,2544.7363097759912,1000.0,0.04991332107781279,0.0
5526,1703703780000.0,0.0,0.0,182400.0,0.0006971483939746206,0.0,0.0,0.0006982,0.9454177379185161,1.0,2544.906531154963,1000.0,2545.098344093992,1000.0,0.049966419396653215,0.0
5527,1703707380000.0,0.0,0.0,174500.0,0.0006970463009723397,0.0,0.0,0.0006964,0.9454177379185161,1.0,2545.2102037456652,1000.0,2545.0974242259917,1000.0,0.04778960077272574,0.0
5528,1703710980000.0,0.0,0.0,137100.0,0.0006965200196479724,0.0,0.0,0.0006963,0.9454177379185161,1.0,2545.513012963728,1000.0,2545.4828482699913,1000.0,0.03751420409458253,0.0
5529,1703714580000.0,0.0,0.0,148600.0,0.0006958405992496775,0.0,0.0,0.0006882,0.9454177379185161,1.0,2545.914680876494,1000.0,2544.779287827992,1000.0,0.04061483828393787,0.0
5530,1703718180000.0,0.0,0.0,137400.0,0.0006953241591917943,0.0,0.0,0.0007022,0.9454177379185161,1.0,2546.167836152944,1000.0,2547.1125766799914,1000.0,0.03752209030230392,0.0
5531,1703721780000.0,0.0,0.0,40800.0,0.0006953241591917943,0.0,0.0,0.0007034,0.9454177379185161,1.0,2547.3979599510167,1000.0,2547.7274542559917,1000.0,0.011136550370626313,0.0
5532,1703725380000.0,0.0,0.0,0.0,0.0006953241591917943,0.0,0.0,0.0007339,0.9454177379185161,1.0,2548.0577072999918,1000.0,2548.0577072999918,1000.0,0.0,0.0
5533,1703728980000.0,0.0,0.0,0.0,0.0006953241591917943,0.0,0.0,0.0007279,0.9454177379185161,1.0,2548.0577072999918,1000.0,2548.0577072999918,1000.0,0.0,0.0
5534,1703732580000.0,0.0,0.0,0.0,0.0006953241591917943,0.0,0.0,0.0007159,0.9454177379185161,1.0,2548.0577072999918,1000.0,2548.0577072999918,1000.0,0.0,0.0
5535,1703736180000.0,0.0,0.0,180800.0,0.0007046,0.0,0.0,0.0007006,0.9454177379185161,1.0,2548.0322289639917,1000.0,2547.3090289639918,1000.0,0.04999610230667937,0.0
5536,1703739780000.0,0.0,0.0,181000.0,0.0007041372375690609,0.0,0.0,0.0007006,0.9454177379185161,1.0,2548.1594839019917,1000.0,2547.5192439019916,1000.0,0.05001603738116025,0.0
5537,1703743380000.0,0.0,0.0,181000.0,0.0007041372375690609,0.0,0.0,0.000699,0.9454177379185161,1.0,2548.1594839019917,1000.0,2547.2296439019915,1000.0,0.05001603738116025,0.0
5538,1703746980000.0,0.0,0.0,793700.0,0.0006785572508504474,0.0,0.0,0.0006679,0.9454177379185161,1.0,2548.0772594919918,1000.0,2539.6185994919915,1000.0,0.2113636421320186,0.0
5539,1703750580000.0,0.0,0.0,198500.0,0.0006785572508504474,0.0,0.0,0.000686,0.9454177379185161,1.0,2555.500107305805,1000.0,2556.9774930119916,1000.0,0.052707340496188686,0.0
5540,1703754180000.0,0.0,0.0,184200.0,0.0006904931679500947,0.0,0.0,0.0006807,0.9454177379185161,1.0,2557.701971580399,1000.0,2555.8980700439915,1000.0,0.04972778022992949,0.0
5541,1703757780000.0,0.0,0.0,374800.0,0.0006806310073009804,0.0,0.0,0.0006734,0.9454177379185161,1.0,2557.676389248399,1000.0,2554.9662077119915,1000.0,0.09973916270594792,0.0
5542,1703761380000.0,0.0,0.0,158200.0,0.0006806310073009804,0.0,0.0,0.0006755,0.9454177379185161,1.0,2557.965024495007,1000.0,2557.153299139992,1000.0,0.04209433058072107,0.0
5543,1703764980000.0,0.0,0.0,187200.0,0.0006820835281957052,0.0,0.0,0.0006759,0.9454177379185161,1.0,2558.1744320642288,1000.0,2557.0168755859927,1000.0,0.04991295154771923,0.0
5544,1703768580000.0,0.0,0.0,621400.0,0.0006525836311157356,0.0,0.0,0.0006577,0.9454177379185161,1.0,2559.381255315311,1000.0,2562.560566939993,1000.0,0.15844277500006904,0.0
5545,1703772180000.0,0.0,0.0,193200.0,0.0006639143972824869,0.0,0.0,0.0006547,0.9454177379185161,1.0,2566.0127572569695,1000.0,2564.232535701993,1000.0,0.049987382639552186,0.0
5546,1703775780000.0,0.0,0.0,145800.0,0.000656472494947465,0.0,0.0,0.000662,0.9454177379185161,1.0,2566.387620827333,1000.0,2567.193531063993,1000.0,0.037295102651907636,0.0
5547,1703779380000.0,0.0,0.0,194500.0,0.0006583583662925923,0.0,0.0,0.0006512,0.9454177379185161,1.0,2566.538289033902,1000.0,2565.1459867899925,1000.0,0.049892379471225476,0.0
5548,1703782980000.0,0.0,0.0,194400.0,0.0006591069332354993,0.0,0.0,0.0006562,0.9454177379185161,1.0,2566.6534860429742,1000.0,2566.088378221993,1000.0,0.049921186680528695,0.0
5549,1703786580000.0,0.0,0.0,194300.0,0.0006598234558459505,0.0,0.0,0.0006551,0.9454177379185161,1.0,2566.791829086861,1000.0,2565.874061615993,1000.0,0.04994705687390192,0.0
5550,1703790180000.0,0.0,0.0,194300.0,0.0006598234558459505,0.0,0.0,0.000655,0.9454177379185161,1.0,2566.791829086861,1000.0,2565.8546316159927,1000.0,0.04994705687390192,0.0
5551,1703793780000.0,0.0,0.0,193300.0,0.0006632800032150933,0.0,0.0,0.0006579,0.9454177379185161,1.0,2567.2835927854703,1000.0,2566.2436381639927,1000.0,0.04994073306968362,0.0
5552,1703797380000.0,0.0,0.0,392400.0,0.0006538019485766502,0.0,0.0,0.0006532,0.9454177379185161,1.0,2567.2579248134703,1000.0,2567.0217201919927,1000.0,0.09993225929573005,0.0
5553,1703800980000.0,0.0,0.0,165600.0,0.0006538019485766502,0.0,0.0,0.0006476,0.9454177379185161,1.0,2567.5452830042864,1000.0,2566.5182403199933,1000.0,0.04216852703669045,0.0
5554,1703804580000.0,0.0,0.0,183800.0,0.0006439668372361723,0.0,0.0,0.0006469,0.9454177379185161,1.0,2568.723922376001,1000.0,2569.263037691993,1000.0,0.04607778346788144,0.0
5555,1703808180000.0,0.0,0.0,196400.0,0.0006502744456600509,0.0,0.0,0.0006604,0.9454177379185161,1.0,2569.4916556596268,1000.0,2571.480314531993,1000.0,0.049703956362858064,0.0
5556,1703811780000.0,0.0,0.0,397500.0,0.0006465978357039206,0.0,0.0,0.0006417,0.9454177379185161,1.0,2571.5277891903006,1000.0,2569.580899497992,1000.0,0.09994939225340335,0.0
5557,1703815380000.0,0.0,0.0,198100.0,0.0006482983381883166,0.0,0.0,0.0006453,0.9454177379185161,1.0,2572.038556663098,1000.0,2571.4445858679924,1000.0,0.049932338868871724,0.0
5558,1703818980000.0,0.0,0.0,147900.0,0.0006508899724539405,0.0,0.0,0.000656,0.9454177379185161,1.0,2572.31459115993,1000.0,2573.070364233992,1000.0,0.037424126604409004,0.0
5559,1703822580000.0,0.0,0.0,16500.0,0.0006512669047485429,0.0,0.0,0.0006731,0.9454177379185161,1.0,2575.693142950343,1000.0,2576.0533890219917,1000.0,0.0041720435362273,0.0
5560,1703826180000.0,0.0,0.0,4200.0,0.0006512669047485429,0.0,0.0,0.0006666,0.9454177379185161,1.0,2575.9711019819356,1000.0,2576.035500981992,1000.0,0.0010618601263963487,0.0
5561,1703829780000.0,0.0,0.0,4200.0,0.0006512669047485429,0.0,0.0,0.0006656,0.9454177379185161,1.0,2575.9711019819356,1000.0,2576.0313009819915,1000.0,0.0010618601263963487,0.0
5562,1703833380000.0,0.0,0.0,1100.0,0.0006512669047485429,0.0,0.0,0.0006782,0.9454177379185161,1.0,2576.0411566972152,1000.0,2576.0707831019918,1000.0,0.0002780986605594055,0.0
5563,1703836980000.0,0.0,0.0,800.0,0.0006512669047485429,0.0,0.0,0.0006672,0.9454177379185161,1.0,2576.0447568217905,1000.0,2576.057503297992,1000.0,0.00020225328865855483,0.0
5564,1703840580000.0,0.0,0.0,100.0,0.0006512669047485429,0.0,0.0,0.0006786,0.9454177379185161,1.0,2576.0605756284667,1000.0,2576.0633089379917,1000.0,2.528150583530657e-05,0.0
5565,1703844180000.0,0.0,0.0,0.0,0.0006512669047485429,0.0,0.0,0.0007006,0.9454177379185161,1.0,2576.063905243992,1000.0,2576.063905243992,1000.0,0.0,0.0
5566,1703847780000.0,0.0,0.0,0.0,0.0006512669047485429,0.0,0.0,0.0007071,0.9454177379185161,1.0,2576.063905243992,1000.0,2576.063905243992,1000.0,0.0,0.0
5567,1703851380000.0,0.0,0.0,0.0,0.0006512669047485429,0.0,0.0,0.0007139,0.9454177379185161,1.0,2576.063905243992,1000.0,2576.063905243992,1000.0,0.0,0.0
5568,1703854980000.0,0.0,0.0,0.0,0.0006512669047485429,0.0,0.0,0.0007032,0.9454177379185161,1.0,2576.063905243992,1000.0,2576.063905243992,1000.0,0.0,0.0
5569,1703858580000.0,0.0,0.0,0.0,0.0006512669047485429,0.0,0.0,0.0007054,0.9454177379185161,1.0,2576.063905243992,1000.0,2576.063905243992,1000.0,0.0,0.0
5570,1703862180000.0,0.0,0.0,0.0,0.0006512669047485429,0.0,0.0,0.0007253,0.9454177379185161,1.0,2576.063905243992,1000.0,2576.063905243992,1000.0,0.0,0.0
5571,1703865780000.0,0.0,0.0,37400.0,0.0006819,0.0,0.0,0.0006885,0.9454177379185161,1.0,2577.941146681991,1000.0,2578.187986681991,1000.0,0.009892801483394765,0.0
5572,1703869380000.0,0.0,0.0,189100.0,0.0006817336815903192,0.0,0.0,0.0006752,0.9454177379185161,1.0,2578.4953639747214,1000.0,2577.259844785992,1000.0,0.049996537123885715,0.0
5573,1703872980000.0,0.0,0.0,142000.0,0.0006813282906337096,0.0,0.0,0.000686,0.9454177379185161,1.0,2578.94038489598,1000.0,2579.6037676259934,1000.0,0.037514871548257625,0.0
5574,1703876580000.0,0.0,0.0,0.0,0.0006813282906337096,0.0,0.0,0.0007211,0.9454177379185161,1.0,2580.8255969139927,1000.0,2580.8255969139927,1000.0,0.0,0.0
5575,1703880180000.0,0.0,0.0,0.0,0.0006813282906337096,0.0,0.0,0.000722,0.9454177379185161,1.0,2580.8255969139927,1000.0,2580.8255969139927,1000.0,0.0,0.0
5576,1703883780000.0,0.0,0.0,0.0,0.0006813282906337096,0.0,0.0,0.0007215,0.9454177379185161,1.0,2580.8255969139927,1000.0,2580.8255969139927,1000.0,0.0,0.0
5577,1703887380000.0,0.0,0.0,0.0,0.0006813282906337096,0.0,0.0,0.0007076,0.9454177379185161,1.0,2580.8255969139927,1000.0,2580.8255969139927,1000.0,0.0,0.0
5578,1703890980000.0,0.0,0.0,22300.0,0.0006845279051850699,0.0,0.0,0.000709,0.9454177379185161,1.0,2585.30167458362,1000.0,2585.8474022979926,1000.0,0.0059045226465052995,0.0
5579,1703894580000.0,0.0,0.0,0.0,0.0006845279051850699,0.0,0.0,0.0007561,0.9454177379185161,1.0,2585.8353819299928,1000.0,2585.8353819299928,1000.0,0.0,0.0
5580,1703898180000.0,0.0,0.0,0.0,0.0006845279051850699,0.0,0.0,0.0007282,0.9454177379185161,1.0,2585.8353819299928,1000.0,2585.8353819299928,1000.0,0.0,0.0
5581,1703901780000.0,0.0,0.0,0.0,0.0006845279051850699,0.0,0.0,0.0007305,0.9454177379185161,1.0,2585.8353819299928,1000.0,2585.8353819299928,1000.0,0.0,0.0
5582,1703905380000.0,0.0,0.0,0.0,0.0006845279051850699,0.0,0.0,0.0007092,0.9454177379185161,1.0,2585.8353819299928,1000.0,2585.8353819299928,1000.0,0.0,0.0
5583,1703908980000.0,0.0,0.0,150000.0,0.0007011224288617887,0.0,0.0,0.0007011,0.9454177379185161,1.0,2586.1840048092604,1000.0,2586.1806404799922,1000.0,0.04066546082324286,0.0
5584,1703912580000.0,0.0,0.0,184500.0,0.0007008474992601305,0.0,0.0,0.0006943,0.9454177379185161,1.0,2586.4768354654866,1000.0,2585.2688218519925,1000.0,0.049993242483543414,0.0
5585,1703916180000.0,0.0,0.0,186000.0,0.0006935453162607007,0.0,0.0,0.000695,0.9454177379185161,1.0,2587.0117863904825,1000.0,2587.2823575659922,1000.0,0.04986426018741734,0.0
5586,1703919780000.0,0.0,0.0,186000.0,0.0006940089871955256,0.0,0.0,0.0006864,0.9454177379185161,1.0,2587.0711475343596,1000.0,2585.655875915992,1000.0,0.049896452110099285,0.0
5587,1703923380000.0,0.0,0.0,188500.0,0.0006851347234692551,0.0,0.0,0.0006852,0.9454177379185161,1.0,2587.522802641947,1000.0,2587.5351072679923,1000.0,0.04991179024281073,0.0
5588,1703926980000.0,0.0,0.0,187800.0,0.0006868127901621679,0.0,0.0,0.0006781,0.9454177379185161,1.0,2587.694289956448,1000.0,2586.0580279639926,1000.0,0.049844930482350745,0.0
5589,1703930580000.0,0.0,0.0,187800.0,0.0006868127901621679,0.0,0.0,0.0006825,0.9454177379185161,1.0,2587.694289956448,1000.0,2586.8843479639927,1000.0,0.049844930482350745,0.0
5590,1703934180000.0,0.0,0.0,187600.0,0.0006890365429246409,0.0,0.0,0.0006859,0.9454177379185161,1.0,2587.924880354655,1000.0,2587.3364649019927,1000.0,0.049948611891295736,0.0
5591,1703937780000.0,0.0,0.0,79300.0,0.0006893043677800428,0.0,0.0,0.0006927,0.9454177379185161,1.0,2588.24302263495,1000.0,2588.512296269993,1000.0,0.021119282805719355,0.0
5592,1703941380000.0,0.0,0.0,105600.0,0.0006893447057200006,0.0,0.0,0.0006926,0.9454177379185161,1.0,2588.403720148024,1000.0,2588.7474792239923,1000.0,0.02812343389765686,0.0
5593,1703944980000.0,0.0,0.0,187800.0,0.0006892813680725882,0.0,0.0,0.0006847,0.9454177379185161,1.0,2588.392389700024,1000.0,2587.532008775992,1000.0,0.050010594003884405,0.0
5594,1703948580000.0,0.0,0.0,79500.0,0.0006877078511752305,0.0,0.0,0.000689,0.9454177379185161,1.0,2588.9197110424225,1000.0,2589.022436873992,1000.0,0.02111798752786233,0.0
5595,1703952180000.0,0.0,0.0,39800.0,0.0006877078511752305,0.0,0.0,0.0007016,0.9454177379185161,1.0,2589.198302128766,1000.0,2589.7512096519918,1000.0,0.010571137967405083,0.0
5596,1703955780000.0,0.0,0.0,11900.0,0.0006877078511752305,0.0,0.0,0.0007026,0.9454177379185161,1.0,2589.5512942909772,1000.0,2589.728510861992,1000.0,0.0031602862808809344,0.0
5597,1703959380000.0,0.0,0.0,2400.0,0.0006877078511752305,0.0,0.0,0.0007074,0.9454177379185161,1.0,2589.671488754812,1000.0,2589.7187499119914,1000.0,0.00063733907948848,0.0
5598,1703962980000.0,0.0,0.0,85600.0,0.0006915625754920696,0.0,0.0,0.0006961,0.9454177379185161,1.0,2589.847620254113,1000.0,2590.2360237919916,1000.0,0.0228576214288286,0.0
5599,1703966580000.0,0.0,0.0,187400.0,0.0006913684025469331,0.0,0.0,0.0006913,0.9454177379185161,1.0,2590.0150273972868,1000.0,2590.0022087599914,1000.0,0.050023817339582353,0.0
5600,1703970180000.0,0.0,0.0,79200.0,0.0006909473143651301,0.0,0.0,0.0006955,0.9454177379185161,1.0,2590.629254773709,1000.0,2590.9898274759908,1000.0,0.021123449909662334,0.0
5601,1703973780000.0,0.0,0.0,23500.0,0.0006909473143651301,0.0,0.0,0.0006988,0.9454177379185161,1.0,2591.3373090315713,1000.0,2591.5218471439907,1000.0,0.006265977737050647,0.0
5602,1703977380000.0,0.0,0.0,4700.0,0.0006909473143651301,0.0,0.0,0.0007058,0.9454177379185161,1.0,2591.576293233507,1000.0,2591.646100855991,1000.0,0.0012530799830184696,0.0
5603,1703980980000.0,0.0,0.0,105300.0,0.0006927900925901879,0.0,0.0,0.0006944,0.9454177379185161,1.0,2591.7095697717377,1000.0,2591.879093021991,1000.0,0.02814775143040887,0.0
5604,1703984580000.0,0.0,0.0,94200.0,0.0006927958145167104,0.0,0.0,0.0007044,0.9454177379185161,1.0,2591.857366043465,1000.0,2592.9504803159907,1000.0,0.025179381621256897,0.0
5605,1703988180000.0,0.0,0.0,140300.0,0.0006930471876274407,0.0,0.0,0.0006957,0.9454177379185161,1.0,2591.9393561341203,1000.0,2592.3115457099902,1000.0,0.037514195767741766,0.0
5606,1703991780000.0,0.0,0.0,140300.0,0.0006930471876274407,0.0,0.0,0.0006986,0.9454177379185161,1.0,2591.9393561341203,1000.0,2592.7184157099905,1000.0,0.037514195767741766,0.0
5607,1703995380000.0,0.0,0.0,105200.0,0.0006931351547572495,0.0,0.0,0.0006986,0.9454177379185161,1.0,2592.049390104453,1000.0,2592.62429182399,1000.0,0.028131338298891077,0.0
5608,1703998980000.0,0.0,0.0,105200.0,0.0006931351547572495,0.0,0.0,0.0007001,0.9454177379185161,1.0,2592.049390104453,1000.0,2592.7820918239904,1000.0,0.028131338298891077,0.0
5609,1704002580000.0,0.0,0.0,15600.0,0.0006931351547572495,0.0,0.0,0.0007029,0.9454177379185161,1.0,2592.892298156203,1000.0,2593.0446297419903,1000.0,0.004170211166079715,0.0
5610,1704006180000.0,0.0,0.0,3200.0,0.0006931351547572495,0.0,0.0,0.0006986,0.9454177379185161,1.0,2593.0500713572133,1000.0,2593.06755886199,1000.0,0.000855375883298031,0.0
5611,1704009780000.0,0.0,0.0,500.0,0.0006931351547572495,0.0,0.0,0.00071,0.9454177379185161,1.0,2593.0844251993685,1000.0,2593.09285762199,1000.0,0.00013365071110323722,0.0
5612,1704013380000.0,0.0,0.0,200.0,0.0006931351547572495,0.0,0.0,0.000718,0.9454177379185161,1.0,2593.091661608941,1000.0,2593.09663457799,1000.0,5.34601352523866e-05,0.0
5613,1704016980000.0,0.0,0.0,0.0,0.0006931351547572495,0.0,0.0,0.0007215,0.9454177379185161,1.0,2593.0964858819893,1000.0,2593.0964858819893,1000.0,0.0,0.0
5614,1704020580000.0,0.0,0.0,0.0,0.0006931351547572495,0.0,0.0,0.0007146,0.9454177379185161,1.0,2593.0964858819893,1000.0,2593.0964858819893,1000.0,0.0,0.0
5615,1704024180000.0,0.0,0.0,0.0,0.0006931351547572495,0.0,0.0,0.0007065,0.9454177379185161,1.0,2593.0964858819893,1000.0,2593.0964858819893,1000.0,0.0,0.0
5616,1704027780000.0,0.0,0.0,185300.0,0.0006996,0.0,0.0,0.0006949,0.9454177379185161,1.0,2593.0705587059892,1000.0,2592.199648705989,1000.0,0.04999319419394886,0.0
5617,1704031380000.0,0.0,0.0,158700.0,0.0006896085372340426,0.0,0.0,0.000693,0.9454177379185161,1.0,2593.3386869730316,1000.0,2593.876912113989,1000.0,0.04220076436941715,0.0
5618,1704034980000.0,0.0,0.0,185800.0,0.0006932216536025927,0.0,0.0,0.0007053,0.9454177379185161,1.0,2593.996755961351,1000.0,2596.2409127219894,1000.0,0.049653332427406,0.0
5619,1704038580000.0,0.0,0.0,151600.0,0.0006964853934287937,0.0,0.0,0.0006932,0.9454177379185161,1.0,2595.7471481777943,1000.0,2595.249082533989,1000.0,0.040676991870308696,0.0
5620,1704042180000.0,0.0,0.0,139600.0,0.0006970349492717684,0.0,0.0,0.0006996,0.9454177379185161,1.0,2595.8905273923283,1000.0,2596.2486084739894,1000.0,0.03748466196534357,0.0
5621,1704045780000.0,0.0,0.0,283300.0,0.0006872761958929155,0.0,0.0,0.0006838,0.9454177379185161,1.0,2596.0337930664527,1000.0,2595.04898676999,1000.0,0.07500108312013753,0.0
5622,1704049380000.0,0.0,0.0,212500.0,0.0006872761958929155,0.0,0.0,0.0006852,0.9454177379185161,1.0,2596.1319249892344,1000.0,2595.6907333619897,1000.0,0.05625530437088638,0.0
5623,1704052980000.0,0.0,0.0,188000.0,0.0006882163291072468,0.0,0.0,0.0006788,0.9454177379185161,1.0,2596.310441714152,1000.0,2594.54017184199,1000.0,0.04983405212003048,0.0
5624,1704056580000.0,0.0,0.0,188000.0,0.0006882163291072468,0.0,0.0,0.0006725,0.9454177379185161,1.0,2596.310441714152,1000.0,2593.3557718419897,1000.0,0.04983405212003048,0.0
5625,1704060180000.0,0.0,0.0,382100.0,0.0006784039776816603,0.0,0.0,0.000662,0.9454177379185161,1.0,2596.284475016152,1000.0,2590.0165151439896,1000.0,0.09984197123489318,0.0
5626,1704063780000.0,0.0,0.0,826500.0,0.000663166376130868,0.0,0.0,0.00065,0.9454177379185161,1.0,2596.226697246152,1000.0,2585.3446873739895,1000.0,0.21111677591696668,0.0
5627,1704067380000.0,0.0,0.0,826500.0,0.000663166376130868,0.0,0.0,0.0006519,0.9454177379185161,1.0,2596.226697246152,1000.0,2586.91503737399,1000.0,0.21111677591696668,0.0
5628,1704070980000.0,0.0,0.0,826500.0,0.000663166376130868,0.0,0.0,0.0006493,0.9454177379185161,1.0,2596.226697246152,1000.0,2584.7661373739897,1000.0,0.21111677591696668,0.0
5629,1704074580000.0,0.0,0.0,261600.0,0.000663166376130868,0.0,0.0,0.0006693,0.9454177379185161,1.0,2596.961464861825,1000.0,2598.5660208659897,1000.0,0.06680281026236388,0.0
5630,1704078180000.0,0.0,0.0,261600.0,0.000663166376130868,0.0,0.0,0.0006636,0.9454177379185161,1.0,2596.961464861825,1000.0,2597.07490086599,1000.0,0.06680281026236388,0.0
5631,1704081780000.0,0.0,0.0,463400.0,0.0006545585757355094,0.0,0.0,0.0006522,0.9454177379185161,1.0,2596.935497237825,1000.0,2595.84253324199,1000.0,0.11680014552477622,0.0
5632,1704085380000.0,0.0,0.0,463400.0,0.0006545585757355094,0.0,0.0,0.0006502,0.9454177379185161,1.0,2596.935497237825,1000.0,2594.91573324199,1000.0,0.11680014552477622,0.0
5633,1704088980000.0,0.0,0.0,161500.0,0.0006548547352872247,0.0,0.0,0.0006498,0.9454177379185161,1.0,2597.380819434877,1000.0,2596.56447968599,1000.0,0.04071757170051684,0.0
5634,1704092580000.0,0.0,0.0,161500.0,0.0006548547352872247,0.0,0.0,0.0006467,0.9454177379185161,1.0,2597.380819434877,1000.0,2596.06382968599,1000.0,0.04071757170051684,0.0
5635,1704096180000.0,0.0,0.0,407200.0,0.0006430224699137692,0.0,0.0,0.0006407,0.9454177379185161,1.0,2597.349603492877,1000.0,2596.4038937439905,1000.0,0.10080997544449541,0.0
5636,1704099780000.0,0.0,0.0,171900.0,0.0006430224699137692,0.0,0.0,0.0006457,0.9454177379185161,1.0,2597.643410858168,1000.0,2598.103678279991,1000.0,0.042552246438497865,0.0
5637,1704103380000.0,0.0,0.0,26600.0,0.0006439115239506771,0.0,0.0,0.0006561,0.9454177379185161,1.0,2599.757940817079,1000.0,2600.0821542799913,1000.0,0.006588323577426916,0.0
5638,1704106980000.0,0.0,0.0,199500.0,0.0006517367340266721,0.0,0.0,0.0006502,0.9454177379185161,1.0,2600.0285749743116,1000.0,2599.7219965359905,1000.0,0.05000771133432859,0.0
5639,1704110580000.0,0.0,0.0,199500.0,0.0006517367340266721,0.0,0.0,0.0006478,0.9454177379185161,1.0,2600.0285749743116,1000.0,2599.2431965359906,1000.0,0.05000771133432859,0.0
5640,1704114180000.0,0.0,0.0,112300.0,0.0006517367340266721,0.0,0.0,0.0006511,0.9454177379185161,1.0,2600.1447799591856,1000.0,2600.0732747279903,1000.0,0.028148446115505977,0.0
5641,1704117780000.0,0.0,0.0,84300.0,0.0006517367340266721,0.0,0.0,0.0006555,0.9454177379185161,1.0,2600.1820934864386,1000.0,2600.49933680799,1000.0,0.021129830413061802,0.0
5642,1704121380000.0,0.0,0.0,112600.0,0.0006504126699844495,0.0,0.0,0.000652,0.9454177379185161,1.0,2600.3022849802396,1000.0,2600.4810183399904,1000.0,0.028164597271353606,0.0
5643,1704124980000.0,0.0,0.0,112600.0,0.0006504126699844495,0.0,0.0,0.0006566,0.9454177379185161,1.0,2600.3022849802396,1000.0,2600.9989783399906,1000.0,0.028164597271353606,0.0
5644,1704128580000.0,0.0,0.0,200000.0,0.000650276033201245,0.0,0.0,0.0006469,0.9454177379185161,1.0,2600.2909212322397,1000.0,2599.6157145919906,1000.0,0.05001563693443107,0.0
5645,1704132180000.0,0.0,0.0,8600.0,0.000650276033201245,0.0,0.0,0.0006579,0.9454177379185161,1.0,2600.5385214015214,1000.0,2600.6040875159906,1000.0,0.00215046762026689,0.0
5646,1704135780000.0,0.0,0.0,1200.0,0.000650276033201245,0.0,0.0,0.0006628,0.9454177379185161,1.0,2600.6265185518323,1000.0,2600.641547311991,1000.0,0.00030005509606047704,0.0
5647,1704139380000.0,0.0,0.0,300.0,0.000650276033201245,0.0,0.0,0.0006671,0.9454177379185161,1.0,2600.6372209079514,1000.0,2600.642268097991,1000.0,7.50134653122687e-05,0.0
5648,1704142980000.0,0.0,0.0,200.0,0.000650276033201245,0.0,0.0,0.0006581,0.9454177379185161,1.0,2600.638410058631,1000.0,2600.6399748519907,1000.0,5.000895400807255e-05,0.0
5649,1704146580000.0,0.0,0.0,149500.0,0.0006525925874036282,0.0,0.0,0.0006534,0.9454177379185161,1.0,2600.892700572833,1000.0,2601.0134087559904,1000.0,0.03751119444310593,0.0
5650,1704150180000.0,0.0,0.0,112300.0,0.0006522843381170908,0.0,0.0,0.0006622,0.9454177379185161,1.0,2601.1713311345393,1000.0,2602.28485996399,1000.0,0.028160978976574973,0.0
5651,1704153780000.0,0.0,0.0,14900.0,0.0006522843381170908,0.0,0.0,0.0006689,0.9454177379185161,1.0,2602.338454089935,1000.0,2602.5860274519905,1000.0,0.003734731976415228,0.0
5652,1704157380000.0,0.0,0.0,0.0,0.0006522843381170908,0.0,0.0,0.0006988,0.9454177379185161,1.0,2602.7566296039904,1000.0,2602.7566296039904,1000.0,0.0,0.0
5653,1704160980000.0,0.0,0.0,0.0,0.0006522843381170908,0.0,0.0,0.0007065,0.9454177379185161,1.0,2602.7566296039904,1000.0,2602.7566296039904,1000.0,0.0,0.0
5654,1704164580000.0,0.0,0.0,0.0,0.0006522843381170908,0.0,0.0,0.0006944,0.9454177379185161,1.0,2602.7566296039904,1000.0,2602.7566296039904,1000.0,0.0,0.0
5655,1704168180000.0,0.0,0.0,0.0,0.0006522843381170908,0.0,0.0,0.0007019,0.9454177379185161,1.0,2602.7566296039904,1000.0,2602.7566296039904,1000.0,0.0,0.0
5656,1704171780000.0,0.0,0.0,0.0,0.0006522843381170908,0.0,0.0,0.000694,0.9454177379185161,1.0,2602.7566296039904,1000.0,2602.7566296039904,1000.0,0.0,0.0
5657,1704175380000.0,0.0,0.0,0.0,0.0006522843381170908,0.0,0.0,0.0006861,0.9454177379185161,1.0,2602.7566296039904,1000.0,2602.7566296039904,1000.0,0.0,0.0
5658,1704178980000.0,0.0,0.0,0.0,0.0006522843381170908,0.0,0.0,0.0006997,0.9454177379185161,1.0,2602.7566296039904,1000.0,2602.7566296039904,1000.0,0.0,0.0
5659,1704182580000.0,0.0,0.0,0.0,0.0006522843381170908,0.0,0.0,0.0007008,0.9454177379185161,1.0,2602.7566296039904,1000.0,2602.7566296039904,1000.0,0.0,0.0
5660,1704186180000.0,0.0,0.0,0.0,0.0006522843381170908,0.0,0.0,0.0007197,0.9454177379185161,1.0,2602.7566296039904,1000.0,2602.7566296039904,1000.0,0.0,0.0
5661,1704189780000.0,0.0,0.0,0.0,0.0006522843381170908,0.0,0.0,0.000738,0.9454177379185161,1.0,2602.7566296039904,1000.0,2602.7566296039904,1000.0,0.0,0.0
5662,1704193380000.0,0.0,0.0,0.0,0.0006522843381170908,0.0,0.0,0.0007816,0.9454177379185161,1.0,2602.7566296039904,1000.0,2602.7566296039904,1000.0,0.0,0.0
5663,1704196980000.0,0.0,0.0,0.0,0.0006522843381170908,0.0,0.0,0.0007631,0.9454177379185161,1.0,2602.7566296039904,1000.0,2602.7566296039904,1000.0,0.0,0.0
5664,1704200580000.0,0.0,0.0,0.0,0.0006522843381170908,0.0,0.0,0.0007672,0.9454177379185161,1.0,2602.7566296039904,1000.0,2602.7566296039904,1000.0,0.0,0.0
5665,1704204180000.0,0.0,0.0,0.0,0.0006522843381170908,0.0,0.0,0.0007809,0.9454177379185161,1.0,2602.7566296039904,1000.0,2602.7566296039904,1000.0,0.0,0.0
5666,1704207780000.0,0.0,0.0,0.0,0.0006522843381170908,0.0,0.0,0.0007326,0.9454177379185161,1.0,2602.7566296039904,1000.0,2602.7566296039904,1000.0,0.0,0.0
5667,1704211380000.0,0.0,0.0,0.0,0.0006522843381170908,0.0,0.0,0.0007314,0.9454177379185161,1.0,2602.7566296039904,1000.0,2602.7566296039904,1000.0,0.0,0.0
5668,1704214980000.0,0.0,0.0,2800.0,0.0007125,0.0,0.0,0.0007323,0.9454177379185161,1.0,2604.1523780679904,1000.0,2604.2078180679905,1000.0,0.000766084203367578,0.0
5669,1704218580000.0,0.0,0.0,0.0,0.0007125,0.0,0.0,0.0007273,0.9454177379185161,1.0,2604.22168512399,1000.0,2604.22168512399,1000.0,0.0,0.0
5670,1704222180000.0,0.0,0.0,0.0,0.0007125,0.0,0.0,0.0007249,0.9454177379185161,1.0,2604.22168512399,1000.0,2604.22168512399,1000.0,0.0,0.0
5671,1704225780000.0,0.0,0.0,68400.0,0.0007145007983589138,0.0,0.0,0.0007272,0.9454177379185161,1.0,2605.00533637374,1000.0,2605.8739617659903,1000.0,0.018760750285364506,0.0
5672,1704229380000.0,0.0,0.0,9100.0,0.0007145007983589138,0.0,0.0,0.0007274,0.9454177379185161,1.0,2605.7853473230566,1000.0,2605.9027300579905,1000.0,0.0024952006395099376,0.0
5673,1704232980000.0,0.0,0.0,2800.0,0.0007148800618280248,0.0,0.0,0.000732,0.9454177379185161,1.0,2607.1749964291093,1000.0,2607.222932255991,1000.0,0.0007677521362624405,0.0
5674,1704236580000.0,0.0,0.0,600.0,0.0007148800618280248,0.0,0.0,0.0007312,0.9454177379185161,1.0,2607.203759929087,1000.0,2607.2135518919904,1000.0,0.0001645164998950758,0.0
5675,1704240180000.0,0.0,0.0,0.0,0.0007148800618280248,0.0,0.0,0.0007348,0.9454177379185161,1.0,2607.21160451999,1000.0,2607.21160451999,1000.0,0.0,0.0
5676,1704243780000.0,0.0,0.0,0.0,0.0007148800618280248,0.0,0.0,0.0007301,0.9454177379185161,1.0,2607.21160451999,1000.0,2607.21160451999,1000.0,0.0,0.0
5677,1704247380000.0,0.0,0.0,76700.0,0.00071795,0.0,0.0,0.0007206,0.9454177379185161,1.0,2607.39261505799,1000.0,2607.59587005799,1000.0,0.02111947570994224,0.0
5678,1704250980000.0,0.0,0.0,181600.0,0.0007178055892070485,0.0,0.0,0.0007086,0.9454177379185161,1.0,2607.37755771199,1000.0,2605.70582271199,1000.0,0.04999410024622096,0.0
5679,1704254580000.0,0.0,0.0,368500.0,0.0007075574898236092,0.0,0.0,0.000704,0.9454177379185161,1.0,2607.35148142399,1000.0,2606.0405464239902,1000.0,0.09999991825329246,0.0
5680,1704258180000.0,0.0,0.0,183700.0,0.000708865837217264,0.0,0.0,0.0007095,0.9454177379185161,1.0,2607.754128170802,1000.0,2607.8706238739906,1000.0,0.04993517329340889,0.0
5681,1704261780000.0,0.0,0.0,36300.0,0.0007094452393264538,0.0,0.0,0.0007218,0.9454177379185161,1.0,2609.7240582295417,1000.0,2610.1725360419914,1000.0,0.009868040303472249,0.0
5682,1704265380000.0,0.0,0.0,182700.0,0.0007140180251476015,0.0,0.0,0.0007135,0.9454177379185161,1.0,2611.0222552444584,1000.0,2610.9276120499917,1000.0,0.049961693330052924,0.0
5683,1704268980000.0,0.0,0.0,182800.0,0.0007143239215640057,0.0,0.0,0.0007093,0.9454177379185161,1.0,2611.3750788578914,1000.0,2610.4567059959913,1000.0,0.050003698786545016,0.0
5684,1704272580000.0,0.0,0.0,184600.0,0.0007053932123699159,0.0,0.0,0.000711,0.9454177379185161,1.0,2611.749605177478,1000.0,2612.7846181739915,1000.0,0.049857607614968075,0.0
5685,1704276180000.0,0.0,0.0,184600.0,0.0007053932123699159,0.0,0.0,0.0007126,0.9454177379185161,1.0,2611.749605177478,1000.0,2613.0799781739915,1000.0,0.049857607614968075,0.0
5686,1704279780000.0,0.0,0.0,183700.0,0.0007099955545000261,0.0,0.0,0.0007091,0.9454177379185161,1.0,2612.7951674176466,1000.0,2612.6306540559917,1000.0,0.049918258035727074,0.0
5687,1704283380000.0,0.0,0.0,2333500.0,0.0006519888722355495,0.0,0.0,0.0006188,0.9454177379185161,1.0,2612.5169694476467,1000.0,2535.070736085992,1000.0,0.5823564214717124,0.0
5688,1704286980000.0,2.643524568082165e-08,0.0,4194500.0,0.0006228178932796888,0.0,0.0,0.0005658,0.9454177379185161,1.0,2612.2987707236466,1000.0,2373.1372173619916,1000.0,1.0000424463844837,0.0
5689,1704290580000.0,2.643524568082165e-08,0.0,4194500.0,0.0006228178932796888,0.0,0.0,0.000569,0.9454177379185161,1.0,2612.2987707236466,1000.0,2386.5596173619915,1000.0,1.0000424463844837,0.0
5690,1704294180000.0,2.643524568082165e-08,0.0,4194500.0,0.0006228178932796888,0.0,0.0,0.0005722,0.9454177379185161,1.0,2612.2987707236466,1000.0,2399.982017361992,1000.0,1.0000424463844837,0.0
5691,1704297780000.0,2.643524568082165e-08,0.0,4194500.0,0.0006228178932796888,0.0,0.0,0.0005881,0.9454177379185161,1.0,2612.2987707236466,1000.0,2466.674567361992,1000.0,1.0000424463844837,0.0
5692,1704301380000.0,2.643524568082165e-08,0.0,4194500.0,0.0006228178932796888,0.0,0.0,0.0005725,0.9454177379185161,1.0,2612.2987707236466,1000.0,2401.240367361992,1000.0,1.0000424463844837,0.0
5693,1704304980000.0,2.643524568082165e-08,0.0,4194500.0,0.0006228178932796888,0.0,0.0,0.0005801,0.9454177379185161,1.0,2612.2987707236466,1000.0,2433.1185673619916,1000.0,1.0000424463844837,0.0
5694,1704308580000.0,2.643524568082165e-08,0.0,4194500.0,0.0006228178932796888,0.0,0.0,0.0005667,0.9454177379185161,1.0,2612.2987707236466,1000.0,2376.912267361992,1000.0,1.0000424463844837,0.0
5695,1704312180000.0,2.643524568082165e-08,0.0,4194500.0,0.0006228178932796888,0.0,0.0,0.000571,0.9454177379185161,1.0,2612.2987707236466,1000.0,2394.9486173619916,1000.0,1.0000424463844837,0.0
5696,1704315780000.0,2.643524568082165e-08,0.0,4194500.0,0.0006228178932796888,0.0,0.0,0.0005793,0.9454177379185161,1.0,2612.2987707236466,1000.0,2429.762967361992,1000.0,1.0000424463844837,0.0
5697,1704319380000.0,2.643524568082165e-08,0.0,4194500.0,0.0006228178932796888,0.0,0.0,0.0005817,0.9454177379185161,1.0,2612.2987707236466,1000.0,2439.829767361992,1000.0,1.0000424463844837,0.0
5698,1704322980000.0,2.643524568082165e-08,0.0,4194500.0,0.0006228178932796888,0.0,0.0,0.0005725,0.9454177379185161,1.0,2612.2987707236466,1000.0,2401.240367361992,1000.0,1.0000424463844837,0.0
5699,1704326580000.0,2.643524568082165e-08,0.0,4194500.0,0.0006228178932796888,0.0,0.0,0.000577,0.9454177379185161,1.0,2612.2987707236466,1000.0,2420.115617361992,1000.0,1.0000424463844837,0.0
5700,1704330180000.0,2.643524568082165e-08,0.0,4194500.0,0.0006228178932796888,0.0,0.0,0.0005707,0.9454177379185161,1.0,2612.2987707236466,1000.0,2393.690267361992,1000.0,1.0000424463844837,0.0
5701,1704333780000.0,2.643524568082165e-08,0.0,4194500.0,0.0006228178932796888,0.0,0.0,0.000561,0.9454177379185161,1.0,2612.2987707236466,1000.0,2353.003617361992,1000.0,1.0000424463844837,0.0
5702,1704337380000.0,2.643524568082165e-08,0.0,4194500.0,0.0006228178932796888,0.0,0.0,0.000575,0.9454177379185161,1.0,2612.2987707236466,1000.0,2411.726617361992,1000.0,1.0000424463844837,0.0
5703,1704340980000.0,2.643524568082165e-08,0.0,4194500.0,0.0006228178932796888,0.0,0.0,0.0005761,0.9454177379185161,1.0,2612.2987707236466,1000.0,2416.340567361992,1000.0,1.0000424463844837,0.0
5704,1704344580000.0,2.643524568082165e-08,0.0,4194500.0,0.0006228178932796888,0.0,0.0,0.0005797,0.9454177379185161,1.0,2612.2987707236466,1000.0,2431.440767361992,1000.0,1.0000424463844837,0.0
5705,1704348180000.0,2.643524568082165e-08,0.0,4194500.0,0.0006228178932796888,0.0,0.0,0.000581,0.9454177379185161,1.0,2612.2987707236466,1000.0,2436.893617361992,1000.0,1.0000424463844837,0.0
5706,1704351780000.0,0.0,0.0,4150000.0,0.0006228178932796888,0.0,0.0,0.0005865,0.9454177379185161,1.0,2610.6863028427006,1000.0,2459.9670457319917,1000.0,0.990043979736788,0.0
5707,1704355380000.0,0.0,0.0,4150000.0,0.0006228178932796888,0.0,0.0,0.0005792,0.9454177379185161,1.0,2610.6863028427006,1000.0,2429.6720457319916,1000.0,0.990043979736788,0.0
5708,1704358980000.0,0.0,0.0,4150000.0,0.0006228178932796888,0.0,0.0,0.0005781,0.9454177379185161,1.0,2610.6863028427006,1000.0,2425.107045731992,1000.0,0.990043979736788,0.0
5709,1704362580000.0,0.0,0.0,4150000.0,0.0006228178932796888,0.0,0.0,0.0005844,0.9454177379185161,1.0,2610.6863028427006,1000.0,2451.252045731992,1000.0,0.990043979736788,0.0
5710,1704366180000.0,0.0,0.0,4150000.0,0.0006228178932796888,0.0,0.0,0.0005843,0.9454177379185161,1.0,2610.6863028427006,1000.0,2450.837045731992,1000.0,0.990043979736788,0.0
5711,1704369780000.0,0.0,0.0,4150000.0,0.0006228178932796888,0.0,0.0,0.0005704,0.9454177379185161,1.0,2610.6863028427006,1000.0,2393.152045731992,1000.0,0.990043979736788,0.0
5712,1704373380000.0,0.0,0.0,4150000.0,0.0006228178932796888,0.0,0.0,0.0005706,0.9454177379185161,1.0,2610.6863028427006,1000.0,2393.982045731992,1000.0,0.990043979736788,0.0
5713,1704376980000.0,0.0,0.0,4150000.0,0.0006228178932796888,0.0,0.0,0.0005758,0.9454177379185161,1.0,2610.6863028427006,1000.0,2415.562045731992,1000.0,0.990043979736788,0.0
5714,1704380580000.0,0.0,0.0,4150000.0,0.0006228178932796888,0.0,0.0,0.0005884,0.9454177379185161,1.0,2610.6863028427006,1000.0,2467.852045731992,1000.0,0.990043979736788,0.0
5715,1704384180000.0,0.0,0.0,4106400.0,0.0006228178932796888,0.0,0.0,0.0006061,0.9454177379185161,1.0,2609.603387263706,1000.0,2540.953030299992,1000.0,0.9800490792761489,0.0
5716,1704387780000.0,0.0,0.0,4106400.0,0.0006228178932796888,0.0,0.0,0.0006075,0.9454177379185161,1.0,2609.603387263706,1000.0,2546.7019902999914,1000.0,0.9800490792761489,0.0
5717,1704391380000.0,0.0,0.0,0.0,0.0006228178932796888,0.0,0.0,0.0006246,0.9454177379185161,1.0,2677.5815817399916,1000.0,2677.5815817399916,1000.0,0.0,0.0
5718,1704394980000.0,0.0,0.0,0.0,0.0006228178932796888,0.0,0.0,0.0006268,0.9454177379185161,1.0,2677.5815817399916,1000.0,2677.5815817399916,1000.0,0.0,0.0
5719,1704398580000.0,0.0,0.0,0.0,0.0006228178932796888,0.0,0.0,0.0006296,0.9454177379185161,1.0,2677.5815817399916,1000.0,2677.5815817399916,1000.0,0.0,0.0
5720,1704402180000.0,0.0,0.0,0.0,0.0006228178932796888,0.0,0.0,0.000634,0.9454177379185161,1.0,2677.5815817399916,1000.0,2677.5815817399916,1000.0,0.0,0.0
5721,1704405780000.0,0.0,0.0,0.0,0.0006228178932796888,0.0,0.0,0.0006161,0.9454177379185161,1.0,2677.5815817399916,1000.0,2677.5815817399916,1000.0,0.0,0.0
5722,1704409380000.0,0.0,0.0,167100.0,0.000601,0.0,0.0,0.0006033,0.9454177379185161,1.0,2677.6205015579917,1000.0,2678.0048315579916,1000.0,0.03750609914346182,0.0
5723,1704412980000.0,0.0,0.0,70600.0,0.000601,0.0,0.0,0.0006023,0.9454177379185161,1.0,2677.7933324059914,1000.0,2677.8851124059915,1000.0,0.015845360239909255,0.0
5724,1704416580000.0,0.0,0.0,167100.0,0.0006009562836624776,0.0,0.0,0.0006043,0.9454177379185161,1.0,2677.9463550079913,1000.0,2678.5050900079914,1000.0,0.037498807551617414,0.0
5725,1704420180000.0,0.0,0.0,733200.0,0.0005790654987212276,0.0,0.0,0.0005868,0.9454177379185161,1.0,2678.126466866395,1000.0,2683.7974032039906,1000.0,0.15853277614599853,0.0
5726,1704423780000.0,0.0,0.0,217300.0,0.0005790654987212276,0.0,0.0,0.0005903,0.9454177379185161,1.0,2683.603540512114,1000.0,2686.044797639991,1000.0,0.04688879373296339,0.0
5727,1704427380000.0,0.0,0.0,173300.0,0.0005801383026580196,0.0,0.0,0.0005814,0.9454177379185161,1.0,2683.841378492626,1000.0,2684.0600306419915,1000.0,0.03746047313239568,0.0
5728,1704430980000.0,0.0,0.0,227300.0,0.0005842316267749139,0.0,0.0,0.0005891,0.9454177379185161,1.0,2684.1462970439297,1000.0,2685.252878277992,1000.0,0.04947414711045631,0.0
5729,1704434580000.0,0.0,0.0,45000.0,0.0005842316267749139,0.0,0.0,0.0005972,0.9454177379185161,1.0,2686.105904136863,1000.0,2686.689480931992,1000.0,0.009787560186804746,0.0
5730,1704438180000.0,0.0,0.0,29900.0,0.0005917441047474152,0.0,0.0,0.000603,0.9454177379185161,1.0,2688.4368116119404,1000.0,2688.7733628799924,1000.0,0.006581203119793323,0.0
5731,1704441780000.0,0.0,0.0,13400.0,0.0005917441047474152,0.0,0.0,0.0006055,0.9454177379185161,1.0,2688.615594973608,1000.0,2688.7999239699925,1000.0,0.0029492393849233772,0.0
5732,1704445380000.0,0.0,0.0,4000.0,0.0005917441047474152,0.0,0.0,0.0006018,0.9454177379185161,1.0,2688.7174473129826,1000.0,2688.757670893993,1000.0,0.0008803366160156176,0.0
5733,1704448980000.0,0.0,0.0,200.0,0.0005917441047474152,0.0,0.0,0.0006087,0.9454177379185161,1.0,2688.7644404989423,1000.0,2688.767831677993,1000.0,4.401606149162013e-05,0.0
5734,1704452580000.0,0.0,0.0,742800.0,0.0005736677605008078,0.0,0.0,0.0005815,0.9454177379185161,1.0,2688.929608911994,1000.0,2694.747396411994,1000.0,0.15847213370245813,0.0
5735,1704456180000.0,0.0,0.0,233600.0,0.0005741444766684626,0.0,0.0,0.0005759,0.9454177379185161,1.0,2689.618476021746,1000.0,2690.0285662719934,1000.0,0.049865864227751716,0.0
5736,1704459780000.0,0.0,0.0,142400.0,0.0005743025569209498,0.0,0.0,0.0005771,0.9454177379185161,1.0,2690.1054981375364,1000.0,2690.5038540319933,1000.0,0.03040054903503345,0.0
5737,1704463380000.0,0.0,0.0,232500.0,0.0005799434158123548,0.0,0.0,0.0005787,0.9454177379185161,1.0,2691.281773848365,1000.0,2690.9926796719924,1000.0,0.05010134779888329,0.0
5738,1704466980000.0,0.0,0.0,265200.0,0.0005716624743822884,0.0,0.0,0.0005705,0.9454177379185161,1.0,2691.4862954041755,1000.0,2691.1780071979924,1000.0,0.05632757204264963,0.0
5739,1704470580000.0,0.0,0.0,265200.0,0.0005716624743822884,0.0,0.0,0.0005682,0.9454177379185161,1.0,2691.4862954041755,1000.0,2690.5680471979927,1000.0,0.05632757204264963,0.0
5740,1704474180000.0,0.0,0.0,234100.0,0.0005728003467656447,0.0,0.0,0.0005701,0.9454177379185161,1.0,2691.60679699183,1000.0,2690.9746458139925,1000.0,0.04981877788676294,0.0
5741,1704477780000.0,0.0,0.0,475800.0,0.0005646215871749421,0.0,0.0,0.0005607,0.9454177379185161,1.0,2691.57988611383,1000.0,2689.7139949359926,1000.0,0.09981013477022098,0.0
5742,1704481380000.0,0.0,0.0,475800.0,0.0005646215871749421,0.0,0.0,0.0005602,0.9454177379185161,1.0,2691.57988611383,1000.0,2689.4760949359925,1000.0,0.09981013477022098,0.0
5743,1704484980000.0,0.0,0.0,356900.0,0.0005646215871749421,0.0,0.0,0.0005634,0.9454177379185161,1.0,2691.7184322967296,1000.0,2691.2824478339926,1000.0,0.0748642361863956,0.0
5744,1704488580000.0,0.0,0.0,89300.0,0.0005646215871749421,0.0,0.0,0.0005729,0.9454177379185161,1.0,2694.5005944327154,1000.0,2695.239856697993,1000.0,0.018712450032076396,0.0
5745,1704492180000.0,0.0,0.0,133000.0,0.0005696601128878397,0.0,0.0,0.0005746,0.9454177379185161,1.0,2694.905506186076,1000.0,2695.5625111719933,1000.0,0.02811408223411427,0.0
5746,1704495780000.0,0.0,0.0,133000.0,0.0005696601128878397,0.0,0.0,0.0005758,0.9454177379185161,1.0,2694.905506186076,1000.0,2695.722111171993,1000.0,0.02811408223411427,0.0
5747,1704499380000.0,0.0,0.0,100.0,0.0005696601128878397,0.0,0.0,0.0005887,0.9454177379185161,1.0,2697.1235088992826,1000.0,2697.1254128879937,1000.0,2.112102434346147e-05,0.0
5748,1704502980000.0,0.0,0.0,0.0,0.0005696601128878397,0.0,0.0,0.0005795,0.9454177379185161,1.0,2697.1254910959938,1000.0,2697.1254910959938,1000.0,0.0,0.0
5749,1704506580000.0,0.0,0.0,0.0,0.0005696601128878397,0.0,0.0,0.0005793,0.9454177379185161,1.0,2697.1254910959938,1000.0,2697.1254910959938,1000.0,0.0,0.0
5750,1704510180000.0,0.0,0.0,0.0,0.0005696601128878397,0.0,0.0,0.0005928,0.9454177379185161,1.0,2697.1254910959938,1000.0,2697.1254910959938,1000.0,0.0,0.0
5751,1704513780000.0,0.0,0.0,0.0,0.0005696601128878397,0.0,0.0,0.0005804,0.9454177379185161,1.0,2697.1254910959938,1000.0,2697.1254910959938,1000.0,0.0,0.0
5752,1704517380000.0,0.0,0.0,0.0,0.0005696601128878397,0.0,0.0,0.0005781,0.9454177379185161,1.0,2697.1254910959938,1000.0,2697.1254910959938,1000.0,0.0,0.0
5753,1704520980000.0,0.0,0.0,475400.0,0.0005672841396718552,0.0,0.0,0.0005579,0.9454177379185161,1.0,2697.071553719994,1000.0,2692.610333719994,1000.0,0.09999248244935457,0.0
5754,1704524580000.0,0.0,0.0,1464600.0,0.0005472769288542947,0.0,0.0,0.0005319,0.9454177379185161,1.0,2696.965182737994,1000.0,2674.444132737994,1000.0,0.29720138588747536,0.0
5755,1704528180000.0,0.0,0.0,1464600.0,0.0005472769288542947,0.0,0.0,0.00054,0.9454177379185161,1.0,2696.965182737994,1000.0,2686.307392737994,1000.0,0.29720138588747536,0.0
5756,1704531780000.0,0.0,0.0,618000.0,0.0005472769288542947,0.0,0.0,0.0005508,0.9454177379185161,1.0,2697.907762749948,1000.0,2700.0850207179938,1000.0,0.12536275209320466,0.0
5757,1704535380000.0,0.0,0.0,260800.0,0.0005472769288542947,0.0,0.0,0.0005461,0.9454177379185161,1.0,2698.305458923194,1000.0,2697.9985158779937,1000.0,0.05289609542655667,0.0
5758,1704538980000.0,0.0,0.0,245700.0,0.00054766905691453,0.0,0.0,0.0005479,0.9454177379185161,1.0,2698.372547737894,1000.0,2698.429290453994,1000.0,0.04986794258513584,0.0
5759,1704542580000.0,0.0,0.0,244300.0,0.0005493028460588318,0.0,0.0,0.000556,0.9454177379185161,1.0,2698.5418040461664,1000.0,2700.1779187539937,1000.0,0.04972859234233928,0.0
5760,1704546180000.0,0.0,0.0,245300.0,0.0005494790529253317,0.0,0.0,0.000548,0.9454177379185161,1.0,2698.601294336577,1000.0,2698.2384826539933,1000.0,0.049947064045902295,0.0
5761,1704549780000.0,0.0,0.0,244200.0,0.0005511215223999825,0.0,0.0,0.0005525,0.9454177379185161,1.0,2698.8471956060694,1000.0,2699.1838198359937,1000.0,0.049867171431264665,0.0
5762,1704553380000.0,0.0,0.0,244000.0,0.0005533060361351467,0.0,0.0,0.0005513,0.9454177379185161,1.0,2701.0956485449706,1000.0,2700.606175727995,1000.0,0.04998218885351259,0.0
5763,1704556980000.0,0.0,0.0,122200.0,0.0005531563904997874,0.0,0.0,0.0005618,0.9454177379185161,1.0,2702.092250169069,1000.0,2703.148499249995,1000.0,0.025016063354182147,0.0
5764,1704560580000.0,0.0,0.0,137400.0,0.0005532520713584467,0.0,0.0,0.0005611,0.9454177379185161,1.0,2702.6080092766456,1000.0,2703.686314671995,1000.0,0.028127214284766555,0.0
5765,1704564180000.0,0.0,0.0,13600.0,0.0005532520713584467,0.0,0.0,0.0005664,0.9454177379185161,1.0,2703.9864858304704,1000.0,2704.1652976599958,1000.0,0.0027826426684835937,0.0
5766,1704567780000.0,0.0,0.0,6100.0,0.0005532520713584467,0.0,0.0,0.0005634,0.9454177379185161,1.0,2704.062500045282,1000.0,2704.1244024099956,1000.0,0.0012480619938444507,0.0
5767,1704571380000.0,0.0,0.0,2800.0,0.0005532520713584467,0.0,0.0,0.0005653,0.9454177379185161,1.0,2704.095946299799,1000.0,2704.129680499995,1000.0,0.0005728738293932946,0.0
5768,1704574980000.0,0.0,0.0,900.0,0.0005532520713584467,0.0,0.0,0.0005631,0.9454177379185161,1.0,2704.115203234218,1000.0,2704.1240663699955,1000.0,0.00018413670528055306,0.0
5769,1704578580000.0,0.0,0.0,100.0,0.0005532520713584467,0.0,0.0,0.0005624,0.9454177379185161,1.0,2704.123311417131,1000.0,2704.124226209995,1000.0,2.045957257283906e-05,0.0
5770,1704582180000.0,0.0,0.0,242800.0,0.0005567989040582862,0.0,0.0,0.0005566,0.9454177379185161,1.0,2704.155679371347,1000.0,2704.1073854659953,1000.0,0.049993709658306566,0.0
5771,1704585780000.0,0.0,0.0,242800.0,0.0005567989040582862,0.0,0.0,0.0005544,0.9454177379185161,1.0,2704.155679371347,1000.0,2703.573225465995,1000.0,0.049993709658306566,0.0
5772,1704589380000.0,0.0,0.0,54000.0,0.0005567989040582862,0.0,0.0,0.0005647,0.9454177379185161,1.0,2705.526853063143,1000.0,2705.9535122439956,1000.0,0.011113229493584972,0.0
5773,1704592980000.0,0.0,0.0,36000.0,0.0005567989040582862,0.0,0.0,0.0005604,0.9454177379185161,1.0,2705.7102312300935,1000.0,2705.8398706839953,1000.0,0.007408317533317446,0.0
5774,1704596580000.0,0.0,0.0,136700.0,0.0005568915510596262,0.0,0.0,0.000561,0.9454177379185161,1.0,2705.819026361846,1000.0,2706.3806513319955,1000.0,0.028134577474757734,0.0
5775,1704600180000.0,0.0,0.0,77000.0,0.0005568915510596262,0.0,0.0,0.0005622,0.9454177379185161,1.0,2705.884507049587,1000.0,2706.2932576179956,1000.0,0.015847183913384005,0.0
5776,1704603780000.0,0.0,0.0,10200.0,0.0005568915510596262,0.0,0.0,0.0005678,0.9454177379185161,1.0,2706.5655336468035,1000.0,2706.676799825995,1000.0,0.0020987091390152327,0.0
5777,1704607380000.0,0.0,0.0,1000.0,0.0005568915510596262,0.0,0.0,0.0005658,0.9454177379185161,1.0,2706.659327729055,1000.0,2706.6682361779954,1000.0,0.00020574866787054065,0.0
5778,1704610980000.0,0.0,0.0,700.0,0.0005568915510596262,0.0,0.0,0.0005755,0.9454177379185161,1.0,2706.6623862317374,1000.0,2706.675412145996,1000.0,0.00014402390476355576,0.0
5779,1704614580000.0,0.0,0.0,700.0,0.0005568915510596262,0.0,0.0,0.0005701,0.9454177379185161,1.0,2706.6623862317374,1000.0,2706.6716321459958,1000.0,0.00014402390476355576,0.0
5780,1704618180000.0,0.0,0.0,241400.0,0.000560692111746188,0.0,0.0,0.000555,0.9454177379185161,1.0,2706.6374107075253,1000.0,2705.2633349319954,1000.0,0.05000709560877182,0.0
5781,1704621780000.0,0.0,0.0,241400.0,0.000560692111746188,0.0,0.0,0.000554,0.9454177379185161,1.0,2706.6374107075253,1000.0,2705.0219349319955,1000.0,0.05000709560877182,0.0
5782,1704625380000.0,0.0,0.0,57400.0,0.000560692111746188,0.0,0.0,0.0005622,0.9454177379185161,1.0,2706.8389842262272,1000.0,2706.925537011996,1000.0,0.011889782658583654,0.0
5783,1704628980000.0,0.0,0.0,147600.0,0.000559194879106362,0.0,0.0,0.0005595,0.9454177379185161,1.0,2707.0202085760957,1000.0,2707.065244419997,1000.0,0.030490043589114516,0.0
5784,1704632580000.0,0.0,0.0,242400.0,0.0005588011362581565,0.0,0.0,0.0005584,0.9454177379185161,1.0,2707.1521787849742,1000.0,2707.0549433559972,1000.0,0.05003538275035998,0.0
5785,1704636180000.0,0.0,0.0,0.0,0.0005588011362581565,0.0,0.0,0.0006308,0.9454177379185161,1.0,2709.5818812199973,1000.0,2709.5818812199973,1000.0,0.0,0.0
5786,1704639780000.0,0.0,0.0,0.0,0.0005588011362581565,0.0,0.0,0.0006063,0.9454177379185161,1.0,2709.5818812199973,1000.0,2709.5818812199973,1000.0,0.0,0.0
5787,1704643380000.0,0.0,0.0,0.0,0.0005588011362581565,0.0,0.0,0.0005903,0.9454177379185161,1.0,2709.5818812199973,1000.0,2709.5818812199973,1000.0,0.0,0.0
5788,1704646980000.0,0.0,0.0,0.0,0.0005588011362581565,0.0,0.0,0.00058,0.9454177379185161,1.0,2709.5818812199973,1000.0,2709.5818812199973,1000.0,0.0,0.0
5789,1704650580000.0,0.0,0.0,0.0,0.0005588011362581565,0.0,0.0,0.0005763,0.9454177379185161,1.0,2709.5818812199973,1000.0,2709.5818812199973,1000.0,0.0,0.0
5790,1704654180000.0,0.0,0.0,0.0,0.0005588011362581565,0.0,0.0,0.0005837,0.9454177379185161,1.0,2709.5818812199973,1000.0,2709.5818812199973,1000.0,0.0,0.0
5791,1704657780000.0,0.0,0.0,0.0,0.0005588011362581565,0.0,0.0,0.0005909,0.9454177379185161,1.0,2709.5818812199973,1000.0,2709.5818812199973,1000.0,0.0,0.0
5792,1704661380000.0,0.0,0.0,0.0,0.0005588011362581565,0.0,0.0,0.000588,0.9454177379185161,1.0,2709.5818812199973,1000.0,2709.5818812199973,1000.0,0.0,0.0
5793,1704664980000.0,0.0,0.0,0.0,0.0005588011362581565,0.0,0.0,0.0005773,0.9454177379185161,1.0,2709.5818812199973,1000.0,2709.5818812199973,1000.0,0.0,0.0
5794,1704668580000.0,0.0,0.0,183300.0,0.0005538036763680146,0.0,0.0,0.0005553,0.9454177379185161,1.0,2711.7290406262546,1000.0,2712.0033167479974,1000.0,0.03743449745805486,0.0
5795,1704672180000.0,0.0,0.0,247100.0,0.0005439289669094955,0.0,0.0,0.0005483,0.9454177379185161,1.0,2717.3193339313334,1000.0,2718.399416207997,1000.0,0.0494622939766463,0.0
5796,1704675780000.0,0.0,0.0,766100.0,0.000530123675399212,0.0,0.0,0.0005241,0.9454177379185161,1.0,2717.2649893513335,1000.0,2712.650251627997,1000.0,0.14946195873972795,0.0
5797,1704679380000.0,0.0,0.0,431000.0,0.000530123675399212,0.0,0.0,0.0005343,0.9454177379185161,1.0,2717.6235679990577,1000.0,2719.4235639019976,1000.0,0.08407466979147848,0.0
5798,1704682980000.0,0.0,0.0,1220300.0,0.00051137836946371,0.0,0.0,0.0005091,0.9454177379185161,1.0,2717.648284748563,1000.0,2714.8679904919977,1000.0,0.2296231737413,0.0
5799,1704686580000.0,0.0,0.0,733700.0,0.0005044061327601158,0.0,0.0,0.0005048,0.9454177379185161,1.0,2718.5955990180946,1000.0,2718.8845794119975,1000.0,0.13613013268312651,0.0
5800,1704690180000.0,0.0,0.0,262800.0,0.0005116178327518314,0.0,0.0,0.0005149,0.9454177379185161,1.0,2723.175837103179,1000.0,2724.038390655998,1000.0,0.049373663138186454,0.0
5801,1704693780000.0,0.0,0.0,264300.0,0.0005133491548362332,0.0,0.0,0.0005195,0.9454177379185161,1.0,2723.4884251812146,1000.0,2725.1140935579983,1000.0,0.049817792640036176,0.0
5802,1704697380000.0,0.0,0.0,258100.0,0.000526460524240106,0.0,0.0,0.0005231,0.9454177379185161,1.0,2726.4832520343684,1000.0,2725.615900727997,1000.0,0.04983689564386092,0.0
5803,1704700980000.0,0.0,0.0,256900.0,0.0005280920836637779,0.0,0.0,0.0005252,0.9454177379185161,1.0,2726.6026963292215,1000.0,2725.859720035997,1000.0,0.04975673811071577,0.0
5804,1704704580000.0,0.0,0.0,256000.0,0.0005292067364141015,0.0,0.0,0.0005253,0.9454177379185161,1.0,2726.6667056300066,1000.0,2725.6665811079965,1000.0,0.04968591292888052,0.0
5805,1704708180000.0,0.0,0.0,256000.0,0.0005292067364141015,0.0,0.0,0.0005181,0.9454177379185161,1.0,2726.6667056300066,1000.0,2723.8233811079967,1000.0,0.04968591292888052,0.0
5806,1704711780000.0,0.0,0.0,260100.0,0.000523692734635664,0.0,0.0,0.0005226,0.9454177379185161,1.0,2727.320708582734,1000.0,2727.036488303998,1000.0,0.04994369743539245,0.0
5807,1704715380000.0,0.0,0.0,129800.0,0.000524693586957172,0.0,0.0,0.0005364,0.9454177379185161,1.0,2728.184723547038,1000.0,2729.7042159599973,1000.0,0.024963568998544277,0.0
5808,1704718980000.0,0.0,0.0,25600.0,0.000527779728513088,0.0,0.0,0.0005401,0.9454177379185161,1.0,2731.570540475932,1000.0,2731.885939425997,1000.0,0.004946297688355122,0.0
5809,1704722580000.0,0.0,0.0,1200.0,0.000527779728513088,0.0,0.0,0.0005369,0.9454177379185161,1.0,2731.917589596212,1000.0,2731.9285339219964,1000.0,0.0002318282501008074,0.0
5810,1704726180000.0,0.0,0.0,0.0,0.000527779728513088,0.0,0.0,0.0005391,0.9454177379185161,1.0,2731.934403865996,1000.0,2731.934403865996,1000.0,0.0,0.0
5811,1704729780000.0,0.0,0.0,0.0,0.000527779728513088,0.0,0.0,0.0005442,0.9454177379185161,1.0,2731.934403865996,1000.0,2731.934403865996,1000.0,0.0,0.0
5812,1704733380000.0,0.0,0.0,0.0,0.000527779728513088,0.0,0.0,0.0005384,0.9454177379185161,1.0,2731.934403865996,1000.0,2731.934403865996,1000.0,0.0,0.0
5813,1704736980000.0,0.0,0.0,0.0,0.000527779728513088,0.0,0.0,0.0005665,0.9454177379185161,1.0,2731.934403865996,1000.0,2731.934403865996,1000.0,0.0,0.0
5814,1704740580000.0,0.0,0.0,0.0,0.000527779728513088,0.0,0.0,0.0005671,0.9454177379185161,1.0,2731.934403865996,1000.0,2731.934403865996,1000.0,0.0,0.0
5815,1704744180000.0,0.0,0.0,0.0,0.000527779728513088,0.0,0.0,0.0005788,0.9454177379185161,1.0,2731.934403865996,1000.0,2731.934403865996,1000.0,0.0,0.0
5816,1704747780000.0,0.0,0.0,0.0,0.000527779728513088,0.0,0.0,0.0005684,0.9454177379185161,1.0,2731.934403865996,1000.0,2731.934403865996,1000.0,0.0,0.0
5817,1704751380000.0,0.0,0.0,0.0,0.000527779728513088,0.0,0.0,0.0005726,0.9454177379185161,1.0,2731.934403865996,1000.0,2731.934403865996,1000.0,0.0,0.0
5818,1704754980000.0,0.0,0.0,0.0,0.000527779728513088,0.0,0.0,0.000577,0.9454177379185161,1.0,2731.934403865996,1000.0,2731.934403865996,1000.0,0.0,0.0
5819,1704758580000.0,0.0,0.0,0.0,0.000527779728513088,0.0,0.0,0.0005806,0.9454177379185161,1.0,2731.934403865996,1000.0,2731.934403865996,1000.0,0.0,0.0
5820,1704762180000.0,0.0,0.0,0.0,0.000527779728513088,0.0,0.0,0.0005723,0.9454177379185161,1.0,2731.934403865996,1000.0,2731.934403865996,1000.0,0.0,0.0
5821,1704765780000.0,0.0,0.0,0.0,0.000527779728513088,0.0,0.0,0.0005726,0.9454177379185161,1.0,2731.934403865996,1000.0,2731.934403865996,1000.0,0.0,0.0
5822,1704769380000.0,0.0,0.0,0.0,0.000527779728513088,0.0,0.0,0.000585,0.9454177379185161,1.0,2731.934403865996,1000.0,2731.934403865996,1000.0,0.0,0.0
5823,1704772980000.0,0.0,0.0,0.0,0.000527779728513088,0.0,0.0,0.0006124,0.9454177379185161,1.0,2731.934403865996,1000.0,2731.934403865996,1000.0,0.0,0.0
5824,1704776580000.0,0.0,0.0,0.0,0.000527779728513088,0.0,0.0,0.000612,0.9454177379185161,1.0,2731.934403865996,1000.0,2731.934403865996,1000.0,0.0,0.0
5825,1704780180000.0,0.0,0.0,0.0,0.000527779728513088,0.0,0.0,0.0006059,0.9454177379185161,1.0,2731.934403865996,1000.0,2731.934403865996,1000.0,0.0,0.0
5826,1704783780000.0,0.0,0.0,0.0,0.000527779728513088,0.0,0.0,0.0005966,0.9454177379185161,1.0,2731.934403865996,1000.0,2731.934403865996,1000.0,0.0,0.0
5827,1704787380000.0,0.0,0.0,0.0,0.000527779728513088,0.0,0.0,0.0005995,0.9454177379185161,1.0,2731.934403865996,1000.0,2731.934403865996,1000.0,0.0,0.0
5828,1704790980000.0,0.0,0.0,0.0,0.000527779728513088,0.0,0.0,0.0006081,0.9454177379185161,1.0,2731.934403865996,1000.0,2731.934403865996,1000.0,0.0,0.0
5829,1704794580000.0,0.0,0.0,0.0,0.000527779728513088,0.0,0.0,0.0005851,0.9454177379185161,1.0,2731.934403865996,1000.0,2731.934403865996,1000.0,0.0,0.0
5830,1704798180000.0,0.0,0.0,0.0,0.000527779728513088,0.0,0.0,0.0005946,0.9454177379185161,1.0,2731.934403865996,1000.0,2731.934403865996,1000.0,0.0,0.0
5831,1704801780000.0,0.0,0.0,0.0,0.000527779728513088,0.0,0.0,0.0005928,0.9454177379185161,1.0,2731.934403865996,1000.0,2731.934403865996,1000.0,0.0,0.0
5832,1704805380000.0,0.0,0.0,272800.0,0.0005636143859166552,0.0,0.0,0.0005665,0.9454177379185161,1.0,2734.056476398059,1000.0,2734.843671919996,1000.0,0.05623658684645183,0.0
5833,1704808980000.0,0.0,0.0,241400.0,0.0005653429199436787,0.0,0.0,0.0005694,0.9454177379185161,1.0,2734.2457329843996,1000.0,2735.2251121099957,1000.0,0.049912770907187036,0.0
5834,1704812580000.0,0.0,0.0,743100.0,0.0005516516266301189,0.0,0.0,0.0005428,0.9454177379185161,1.0,2734.314484544837,1000.0,2727.7368407959957,1000.0,0.14992142493700025,0.0
5835,1704816180000.0,0.0,0.0,198700.0,0.0005585003048303392,0.0,0.0,0.0005599,0.9454177379185161,1.0,2735.994442581784,1000.0,2736.2725620119954,1000.0,0.04056075876567545,0.0
5836,1704819780000.0,0.0,0.0,243800.0,0.0005596146236741173,0.0,0.0,0.0005538,0.9454177379185161,1.0,2736.1019845257456,1000.0,2734.684379273996,1000.0,0.049864385912281046,0.0
5837,1704823380000.0,0.0,0.0,243000.0,0.0005611628847839384,0.0,0.0,0.0005564,0.9454177379185161,1.0,2736.222882608493,1000.0,2735.065501605996,1000.0,0.049836064842970686,0.0
5838,1704826980000.0,0.0,0.0,244300.0,0.0005608931391572327,0.0,0.0,0.0005549,0.9454177379185161,1.0,2736.284202726108,1000.0,2734.820078829996,1000.0,0.05007747139701181,0.0
5839,1704830580000.0,0.0,0.0,422600.0,0.0005466592570502023,0.0,0.0,0.0005464,0.9454177379185161,1.0,2736.6011780234116,1000.0,2736.491615993996,1000.0,0.08441792829902785,0.0
5840,1704834180000.0,0.0,0.0,422600.0,0.0005466592570502023,0.0,0.0,0.0005352,0.9454177379185161,1.0,2736.6011780234116,1000.0,2731.7584959939963,1000.0,0.08441792829902785,0.0
5841,1704837780000.0,0.0,0.0,247300.0,0.0005535514821868227,0.0,0.0,0.0005501,0.9454177379185161,1.0,2740.959824686797,1000.0,2740.106273141996,1000.0,0.04994355638191221,0.0
5842,1704841380000.0,0.0,0.0,246100.0,0.0005571269280024388,0.0,0.0,0.0005539,0.9454177379185161,1.0,2743.284659019397,1000.0,2742.490512037997,1000.0,0.04997984315284676,0.0
5843,1704844980000.0,0.0,0.0,246100.0,0.0005571269280024388,0.0,0.0,0.0005543,0.9454177379185161,1.0,2743.284659019397,1000.0,2742.588952037997,1000.0,0.04997984315284676,0.0
5844,1704848580000.0,0.0,0.0,46200.0,0.0005571269280024388,0.0,0.0,0.0005639,0.9454177379185161,1.0,2744.04178626571,1000.0,2744.354702191997,1000.0,0.009380055435941637,0.0
5845,1704852180000.0,0.0,0.0,13800.0,0.0005571269280024388,0.0,0.0,0.0005702,0.9454177379185161,1.0,2744.3741963984307,1000.0,2744.554604791997,1000.0,0.002801495370610697,0.0
5846,1704855780000.0,0.0,0.0,6900.0,0.0005571269280024388,0.0,0.0,0.0005735,0.9454177379185161,1.0,2744.507764887214,1000.0,2744.6207390839973,1000.0,0.0014006795143371748,0.0
5847,1704859380000.0,0.0,0.0,900.0,0.0005571269280024388,0.0,0.0,0.0005764,0.9454177379185161,1.0,2744.623911399199,1000.0,2744.641257163997,1000.0,0.00018268959660362933,0.0
5848,1704862980000.0,0.0,0.0,0.0,0.0005571269280024388,0.0,0.0,0.0005736,0.9454177379185161,1.0,2744.6413333759974,1000.0,2744.6413333759974,1000.0,0.0,0.0
5849,1704866580000.0,0.0,0.0,0.0,0.0005571269280024388,0.0,0.0,0.0005871,0.9454177379185161,1.0,2744.6413333759974,1000.0,2744.6413333759974,1000.0,0.0,0.0
5850,1704870180000.0,0.0,0.0,0.0,0.0005571269280024388,0.0,0.0,0.0005773,0.9454177379185161,1.0,2744.6413333759974,1000.0,2744.6413333759974,1000.0,0.0,0.0
5851,1704873780000.0,0.0,0.0,242600.0,0.0005656,0.0,0.0,0.000565,0.9454177379185161,1.0,2744.6138904639974,1000.0,2744.4683304639975,1000.0,0.049994121386889454,0.0
5852,1704877380000.0,0.0,0.0,242700.0,0.0005655499793984342,0.0,0.0,0.0005583,0.9454177379185161,1.0,2744.6728768919975,1000.0,2742.9133068919973,1000.0,0.05000923102917416,0.0
5853,1704880980000.0,0.0,0.0,111300.0,0.0005652610659887124,0.0,0.0,0.0005687,0.9454177379185161,1.0,2744.8969799525407,1000.0,2745.279733307997,1000.0,0.022920188664286942,0.0
5854,1704884580000.0,0.0,0.0,243200.0,0.000564470811347756,0.0,0.0,0.0005615,0.9454177379185161,1.0,2744.974555521771,1000.0,2744.2520542019965,1000.0,0.05001113800622457,0.0
5855,1704888180000.0,0.0,0.0,243200.0,0.000564470811347756,0.0,0.0,0.0005628,0.9454177379185161,1.0,2744.974555521771,1000.0,2744.568214201997,1000.0,0.05001113800622457,0.0
5856,1704891780000.0,0.0,0.0,1066600.0,0.0005439275748357156,0.0,0.0,0.0005408,0.9454177379185161,1.0,2744.885980751771,1000.0,2741.5501094319966,1000.0,0.21135783248850346,0.0
5857,1704895380000.0,0.0,0.0,204600.0,0.0005441425653226286,0.0,0.0,0.0005423,0.9454177379185161,1.0,2745.851716499006,1000.0,2745.4747276339963,1000.0,0.04054536819889127,0.0
5858,1704898980000.0,0.0,0.0,251300.0,0.0005454355219911499,0.0,0.0,0.0005444,0.9454177379185161,1.0,2746.0156371783733,1000.0,2745.755410501997,1000.0,0.04991520981184872,0.0
5859,1704902580000.0,0.0,0.0,250900.0,0.0005458743559000866,0.0,0.0,0.000551,0.9454177379185161,1.0,2746.0750720453293,1000.0,2747.3610961499976,1000.0,0.04987477483393104,0.0
5860,1704906180000.0,0.0,0.0,248400.0,0.0005530178354724986,0.0,0.0,0.0005529,0.9454177379185161,1.0,2748.937327745366,1000.0,2748.9080574139975,1000.0,0.049971903304189554,0.0
5861,1704909780000.0,0.0,0.0,11000.0,0.0005532129039022018,0.0,0.0,0.0005671,0.9454177379185161,1.0,2750.8462805489207,1000.0,2750.9990386059967,1000.0,0.002212170845733304,0.0
5862,1704913380000.0,0.0,0.0,3400.0,0.0005532129039022018,0.0,0.0,0.0005685,0.9454177379185161,1.0,2750.9236059592645,1000.0,2750.975582085997,1000.0,0.000683742677983817,0.0
5863,1704916980000.0,0.0,0.0,0.0,0.0005532129039022018,0.0,0.0,0.0005818,0.9454177379185161,1.0,2750.9972310979965,1000.0,2750.9972310979965,1000.0,0.0,0.0
5864,1704920580000.0,0.0,0.0,6100.0,0.0005586,0.0,0.0,0.0005781,0.9454177379185161,1.0,2753.8270247219957,1000.0,2753.9459747219958,1000.0,0.0012373544051278928,0.0
5865,1704924180000.0,0.0,0.0,0.0,0.0005586,0.0,0.0,0.0006187,0.9454177379185161,1.0,2753.9737837359958,1000.0,2753.9737837359958,1000.0,0.0,0.0
5866,1704927780000.0,0.0,0.0,0.0,0.0005586,0.0,0.0,0.0006728,0.9454177379185161,1.0,2753.9737837359958,1000.0,2753.9737837359958,1000.0,0.0,0.0
5867,1704931380000.0,0.0,0.0,0.0,0.0005586,0.0,0.0,0.0007185,0.9454177379185161,1.0,2753.9737837359958,1000.0,2753.9737837359958,1000.0,0.0,0.0
5868,1704934980000.0,0.0,0.0,0.0,0.0005586,0.0,0.0,0.0007642,0.9454177379185161,1.0,2753.9737837359958,1000.0,2753.9737837359958,1000.0,0.0,0.0
5869,1704938580000.0,0.0,0.0,0.0,0.0005586,0.0,0.0,0.0007296,0.9454177379185161,1.0,2753.9737837359958,1000.0,2753.9737837359958,1000.0,0.0,0.0
5870,1704942180000.0,0.0,0.0,0.0,0.0005586,0.0,0.0,0.0007413,0.9454177379185161,1.0,2753.9737837359958,1000.0,2753.9737837359958,1000.0,0.0,0.0
5871,1704945780000.0,0.0,0.0,0.0,0.0005586,0.0,0.0,0.0007319,0.9454177379185161,1.0,2753.9737837359958,1000.0,2753.9737837359958,1000.0,0.0,0.0
5872,1704949380000.0,0.0,0.0,0.0,0.0005586,0.0,0.0,0.000687,0.9454177379185161,1.0,2753.9737837359958,1000.0,2753.9737837359958,1000.0,0.0,0.0
5873,1704952980000.0,0.0,0.0,0.0,0.0005586,0.0,0.0,0.0006761,0.9454177379185161,1.0,2753.9737837359958,1000.0,2753.9737837359958,1000.0,0.0,0.0
5874,1704956580000.0,0.0,0.0,0.0,0.0005586,0.0,0.0,0.0006876,0.9454177379185161,1.0,2753.9737837359958,1000.0,2753.9737837359958,1000.0,0.0,0.0
5875,1704960180000.0,0.0,0.0,0.0,0.0005586,0.0,0.0,0.0007268,0.9454177379185161,1.0,2753.9737837359958,1000.0,2753.9737837359958,1000.0,0.0,0.0
5876,1704963780000.0,0.0,0.0,0.0,0.0005586,0.0,0.0,0.0007322,0.9454177379185161,1.0,2753.9737837359958,1000.0,2753.9737837359958,1000.0,0.0,0.0
5877,1704967380000.0,0.0,0.0,0.0,0.0005586,0.0,0.0,0.0007352,0.9454177379185161,1.0,2753.9737837359958,1000.0,2753.9737837359958,1000.0,0.0,0.0
5878,1704970980000.0,0.0,0.0,0.0,0.0005586,0.0,0.0,0.0007826,0.9454177379185161,1.0,2753.9737837359958,1000.0,2753.9737837359958,1000.0,0.0,0.0
5879,1704974580000.0,0.0,0.0,0.0,0.0005586,0.0,0.0,0.00076,0.9454177379185161,1.0,2753.9737837359958,1000.0,2753.9737837359958,1000.0,0.0,0.0
5880,1704978180000.0,0.0,0.0,0.0,0.0005586,0.0,0.0,0.0007723,0.9454177379185161,1.0,2753.9737837359958,1000.0,2753.9737837359958,1000.0,0.0,0.0
5881,1704981780000.0,0.0,0.0,0.0,0.0005586,0.0,0.0,0.0007718,0.9454177379185161,1.0,2753.9737837359958,1000.0,2753.9737837359958,1000.0,0.0,0.0
5882,1704985380000.0,0.0,0.0,0.0,0.0005586,0.0,0.0,0.0007581,0.9454177379185161,1.0,2753.9737837359958,1000.0,2753.9737837359958,1000.0,0.0,0.0
5883,1704988980000.0,0.0,0.0,0.0,0.0005586,0.0,0.0,0.0007268,0.9454177379185161,1.0,2753.9737837359958,1000.0,2753.9737837359958,1000.0,0.0,0.0
5884,1704992580000.0,0.0,0.0,0.0,0.0005586,0.0,0.0,0.0007303,0.9454177379185161,1.0,2753.9737837359958,1000.0,2753.9737837359958,1000.0,0.0,0.0
5885,1704996180000.0,0.0,0.0,6500.0,0.0007018,0.0,0.0,0.0007176,0.9454177379185161,1.0,2756.6082809719946,1000.0,2756.7109809719946,1000.0,0.001654823440634634,0.0
5886,1704999780000.0,0.0,0.0,0.0,0.0007018,0.0,0.0,0.0007307,0.9454177379185161,1.0,2756.804529191995,1000.0,2756.804529191995,1000.0,0.0,0.0
5887,1705003380000.0,0.0,0.0,0.0,0.0007018,0.0,0.0,0.0007327,0.9454177379185161,1.0,2756.804529191995,1000.0,2756.804529191995,1000.0,0.0,0.0
5888,1705006980000.0,0.0,0.0,0.0,0.0007018,0.0,0.0,0.0007191,0.9454177379185161,1.0,2756.804529191995,1000.0,2756.804529191995,1000.0,0.0,0.0
5889,1705010580000.0,0.0,0.0,0.0,0.0007018,0.0,0.0,0.0007289,0.9454177379185161,1.0,2756.804529191995,1000.0,2756.804529191995,1000.0,0.0,0.0
5890,1705014180000.0,0.0,0.0,0.0,0.0007018,0.0,0.0,0.0007335,0.9454177379185161,1.0,2756.804529191995,1000.0,2756.804529191995,1000.0,0.0,0.0
5891,1705017780000.0,0.0,0.0,0.0,0.0007018,0.0,0.0,0.0007317,0.9454177379185161,1.0,2756.804529191995,1000.0,2756.804529191995,1000.0,0.0,0.0
5892,1705021380000.0,0.0,0.0,0.0,0.0007018,0.0,0.0,0.0007152,0.9454177379185161,1.0,2756.804529191995,1000.0,2756.804529191995,1000.0,0.0,0.0
5893,1705024980000.0,0.0,0.0,392200.0,0.0007029572157062723,0.0,0.0,0.0006948,0.9454177379185161,1.0,2756.812876679995,1000.0,2753.613616679995,1000.0,0.10000672237573949,0.0
5894,1705028580000.0,0.0,0.0,159000.0,0.0007050292599791562,0.0,0.0,0.000703,0.9454177379185161,1.0,2758.0980631146813,1000.0,2757.7754107779956,1000.0,0.04064382403071386,0.0
5895,1705032180000.0,0.0,0.0,194700.0,0.0007066425973154697,0.0,0.0,0.0006929,0.9454177379185161,1.0,2758.206980685317,1000.0,2755.531296987995,1000.0,0.04988143190876029,0.0
5896,1705035780000.0,0.0,0.0,395500.0,0.0006965682773636459,0.0,0.0,0.0006916,0.9454177379185161,1.0,2758.179398797317,1000.0,2756.214445099995,1000.0,0.09988210114884061,0.0
5897,1705039380000.0,0.0,0.0,57900.0,0.0006989533146992577,0.0,0.0,0.0007117,0.9454177379185161,1.0,2761.1217827610817,1000.0,2761.8598158399946,1000.0,0.014656867789662728,0.0
5898,1705042980000.0,0.0,0.0,19300.0,0.0006989533146992577,0.0,0.0,0.0007133,0.9454177379185161,1.0,2761.8379345556905,1000.0,2762.114825581995,1000.0,0.004884355741846177,0.0
5899,1705046580000.0,0.0,0.0,195400.0,0.0007064463490450986,0.0,0.0,0.0007044,0.9454177379185161,1.0,2761.872670655407,1000.0,2761.4728140519946,1000.0,0.04998044191901676,0.0
5900,1705050180000.0,0.0,0.0,195400.0,0.0007064463490450986,0.0,0.0,0.0006986,0.9454177379185161,1.0,2761.872670655407,1000.0,2760.3394940519947,1000.0,0.04998044191901676,0.0
5901,1705053780000.0,0.0,0.0,148200.0,0.0006976715844362034,0.0,0.0,0.0006978,0.9454177379185161,1.0,2762.339565499439,1000.0,2762.3585966859932,1000.0,0.03743020232009429,0.0
5902,1705057380000.0,0.0,0.0,196700.0,0.0006987810848889608,0.0,0.0,0.0007064,0.9454177379185161,1.0,2762.3928636116516,1000.0,2763.891504213993,1000.0,0.049757672490491164,0.0
5903,1705060980000.0,0.0,0.0,39000.0,0.0006987810848889608,0.0,0.0,0.0007176,0.9454177379185161,1.0,2764.423496352663,1000.0,2765.1574340419934,1000.0,0.009858280522729582,0.0
5904,1705064580000.0,0.0,0.0,1700.0,0.0006987810848889608,0.0,0.0,0.0007239,0.9454177379185161,1.0,2765.2924541103043,1000.0,2765.335156265993,1000.0,0.0004295848862370809,0.0
5905,1705068180000.0,0.0,0.0,0.0,0.0006987810848889608,0.0,0.0,0.0007192,0.9454177379185161,1.0,2765.3337203779934,1000.0,2765.3337203779934,1000.0,0.0,0.0
5906,1705071780000.0,0.0,0.0,0.0,0.0006987810848889608,0.0,0.0,0.0007275,0.9454177379185161,1.0,2765.3337203779934,1000.0,2765.3337203779934,1000.0,0.0,0.0
5907,1705075380000.0,0.0,0.0,146400.0,0.0007083575010510312,0.0,0.0,0.00071,0.9454177379185161,1.0,2765.555492923864,1000.0,2765.7959547699934,1000.0,0.03749826695548645,0.0
5908,1705078980000.0,0.0,0.0,396100.0,0.0006983258640165092,0.0,0.0,0.0006944,0.9454177379185161,1.0,2765.679606064933,1000.0,2764.1245713279936,1000.0,0.10001407036822366,0.0
5909,1705082580000.0,0.0,0.0,301500.0,0.0006823482634000068,0.0,0.0,0.000686,0.9454177379185161,1.0,2766.3086597990964,1000.0,2767.409658383994,1000.0,0.07436914195614132,0.0
5910,1705086180000.0,0.0,0.0,201600.0,0.0006840057758784501,0.0,0.0,0.0006781,0.9454177379185161,1.0,2767.71519839509,1000.0,2766.5245939779943,1000.0,0.04982288802585498,0.0
5911,1705089780000.0,0.0,0.0,201600.0,0.0006840057758784501,0.0,0.0,0.0006723,0.9454177379185161,1.0,2767.71519839509,1000.0,2765.3553139779942,1000.0,0.04982288802585498,0.0
5912,1705093380000.0,0.0,0.0,200000.0,0.0006888849371625644,0.0,0.0,0.0006872,0.9454177379185161,1.0,2768.245068582508,1000.0,2767.908081149995,1000.0,0.04977051670611743,0.0
5913,1705096980000.0,0.0,0.0,407300.0,0.0006793256581742811,0.0,0.0,0.0006641,0.9454177379185161,1.0,2768.27924640438,1000.0,2762.0778358299954,1000.0,0.09994993855253825,0.0
5914,1705100580000.0,0.0,0.0,2547800.0,0.0006328234675305694,0.0,0.0,0.0006257,0.9454177379185161,1.0,2768.0121227463796,1000.0,2749.862952171995,1000.0,0.5824785293839962,0.0
5915,1705104180000.0,0.0,0.0,2547800.0,0.0006328234675305694,0.0,0.0,0.0006314,0.9454177379185161,1.0,2768.0121227463796,1000.0,2764.3854121719946,1000.0,0.5824785293839962,0.0
5916,1705107780000.0,0.0,0.0,2547800.0,0.0006328234675305694,0.0,0.0,0.000615,0.9454177379185161,1.0,2768.0121227463796,1000.0,2722.601492171995,1000.0,0.5824785293839962,0.0
5917,1705111380000.0,0.0,0.0,2547800.0,0.0006328234675305694,0.0,0.0,0.0006248,0.9454177379185161,1.0,2768.0121227463796,1000.0,2747.569932171995,1000.0,0.5824785293839962,0.0
5918,1705114980000.0,0.0,0.0,1910900.0,0.0006328234675305694,0.0,0.0,0.0006262,0.9454177379185161,1.0,2768.80805188016,1000.0,2756.1512677759947,1000.0,0.43674474410857594,0.0
5919,1705118580000.0,0.0,0.0,1074900.0,0.0006328234675305694,0.0,0.0,0.0006292,0.9454177379185161,1.0,2769.8527947846037,1000.0,2765.9579295359945,1000.0,0.2455805400667533,0.0
5920,1705122180000.0,0.0,0.0,1074900.0,0.0006328234675305694,0.0,0.0,0.0006274,0.9454177379185161,1.0,2769.8527947846037,1000.0,2764.0231095359945,1000.0,0.2455805400667533,0.0
5921,1705125780000.0,0.0,0.0,216000.0,0.0006354900959461701,0.0,0.0,0.0006434,0.9454177379185161,1.0,2777.7149841363666,1000.0,2779.4235234119938,1000.0,0.04941682696327851,0.0
5922,1705129380000.0,0.0,0.0,216000.0,0.0006354900959461701,0.0,0.0,0.0006399,0.9454177379185161,1.0,2777.7149841363666,1000.0,2778.667523411994,1000.0,0.04941682696327851,0.0
5923,1705132980000.0,0.0,0.0,217300.0,0.0006364342178705916,0.0,0.0,0.0006407,0.9454177379185161,1.0,2777.7771708832734,1000.0,2778.704125339994,1000.0,0.04978698687314218,0.0
5924,1705136580000.0,0.0,0.0,162300.0,0.0006421412106688704,0.0,0.0,0.0006435,0.9454177379185161,1.0,2780.217593091552,1000.0,2780.4381245999944,1000.0,0.03748610135786798,0.0
5925,1705140180000.0,0.0,0.0,216700.0,0.0006418505831233504,0.0,0.0,0.0006423,0.9454177379185161,1.0,2780.6800288348236,1000.0,2780.7774174719934,1000.0,0.05001978649845301,0.0
5926,1705143780000.0,0.0,0.0,216700.0,0.0006418505831233504,0.0,0.0,0.0006373,0.9454177379185161,1.0,2780.6800288348236,1000.0,2779.6939174719937,1000.0,0.05001978649845301,0.0
5927,1705147380000.0,0.0,0.0,216700.0,0.0006418505831233504,0.0,0.0,0.0006387,0.9454177379185161,1.0,2780.6800288348236,1000.0,2779.9972974719935,1000.0,0.05001978649845301,0.0
5928,1705150980000.0,0.0,0.0,217600.0,0.0006411048015434594,0.0,0.0,0.0006378,0.9454177379185161,1.0,2780.7444538818504,1000.0,2780.0253290659934,1000.0,0.05016800613271459,0.0
5929,1705154580000.0,0.0,0.0,122400.0,0.0006411048015434594,0.0,0.0,0.000645,0.9454177379185161,1.0,2780.8650435749128,1000.0,2781.3418158659933,1000.0,0.028218279736452634,0.0
5930,1705158180000.0,0.0,0.0,29100.0,0.0006411048015434594,0.0,0.0,0.0006456,0.9454177379185161,1.0,2780.983226540908,1000.0,2781.1140368159936,1000.0,0.006708472581519268,0.0
5931,1705161780000.0,0.0,0.0,4400.0,0.0006411048015434594,0.0,0.0,0.0006559,0.9454177379185161,1.0,2781.3189530927843,1000.0,2781.384051965993,1000.0,0.0010142170582969159,0.0
5932,1705165380000.0,0.0,0.0,200.0,0.0006411048015434594,0.0,0.0,0.000655,0.9454177379185161,1.0,2781.4124555863013,1000.0,2781.4152346259925,1000.0,4.6099225611493795e-05,0.0
5933,1705168980000.0,0.0,0.0,121800.0,0.0006430996102202641,0.0,0.0,0.0006446,0.9454177379185161,1.0,2781.648791148821,1000.0,2781.831538623993,1000.0,0.028159389774177087,0.0
5934,1705172580000.0,0.0,0.0,91400.0,0.0006430996102202641,0.0,0.0,0.0006503,0.9454177379185161,1.0,2781.687444438125,1000.0,2782.345560063993,1000.0,0.021130808384550556,0.0
5935,1705176180000.0,0.0,0.0,0.0,0.0006430996102202641,0.0,0.0,0.000668,0.9454177379185161,1.0,2783.4904711739923,1000.0,2783.4904711739923,1000.0,0.0,0.0
5936,1705179780000.0,0.0,0.0,0.0,0.0006430996102202641,0.0,0.0,0.00067,0.9454177379185161,1.0,2783.4904711739923,1000.0,2783.4904711739923,1000.0,0.0,0.0
5937,1705183380000.0,0.0,0.0,0.0,0.0006430996102202641,0.0,0.0,0.0006727,0.9454177379185161,1.0,2783.4904711739923,1000.0,2783.4904711739923,1000.0,0.0,0.0
5938,1705186980000.0,0.0,0.0,0.0,0.0006430996102202641,0.0,0.0,0.0006797,0.9454177379185161,1.0,2783.4904711739923,1000.0,2783.4904711739923,1000.0,0.0,0.0
5939,1705190580000.0,0.0,0.0,0.0,0.0006430996102202641,0.0,0.0,0.0006664,0.9454177379185161,1.0,2783.4904711739923,1000.0,2783.4904711739923,1000.0,0.0,0.0
5940,1705194180000.0,0.0,0.0,212800.0,0.000654,0.0,0.0,0.0006483,0.9454177379185161,1.0,2783.462636933992,1000.0,2782.2496769339923,1000.0,0.04999930595558425,0.0
5941,1705197780000.0,0.0,0.0,159800.0,0.0006537749295774648,0.0,0.0,0.000659,0.9454177379185161,1.0,2784.424514422471,1000.0,2785.259480675992,1000.0,0.03752058395023436,0.0
5942,1705201380000.0,0.0,0.0,213000.0,0.0006537562147722013,0.0,0.0,0.0006485,0.9454177379185161,1.0,2784.417559054471,1000.0,2783.297985307992,1000.0,0.050010485422224256,0.0
5943,1705204980000.0,0.0,0.0,160100.0,0.0006531181825266492,0.0,0.0,0.0006557,0.9454177379185161,1.0,2784.599580460509,1000.0,2785.0129294379926,1000.0,0.037550900228615285,0.0
5944,1705208580000.0,0.0,0.0,213500.0,0.0006523228249224182,0.0,0.0,0.0006449,0.9454177379185161,1.0,2784.8470628369278,1000.0,2783.2622897159913,1000.0,0.05001025908369302,0.0
5945,1705212180000.0,0.0,0.0,90300.0,0.0006516875025765304,0.0,0.0,0.0006554,0.9454177379185161,1.0,2785.1798002946525,1000.0,2785.515038811992,1000.0,0.021128754946605263,0.0
5946,1705215780000.0,0.0,0.0,90300.0,0.0006516875025765304,0.0,0.0,0.0006572,0.9454177379185161,1.0,2785.1798002946525,1000.0,2785.6775788119917,1000.0,0.021128754946605263,0.0
5947,1705219380000.0,0.0,0.0,6400.0,0.0006516875025765304,0.0,0.0,0.0006611,0.9454177379185161,1.0,2785.4499572824816,1000.0,2785.510197265992,1000.0,0.0014973523417950315,0.0
5948,1705222980000.0,0.0,0.0,200.0,0.0006516875025765304,0.0,0.0,0.0006677,0.9454177379185161,1.0,2785.5242316545073,1000.0,2785.527434153992,1000.0,4.6791012992872084e-05,0.0
5949,1705226580000.0,0.0,0.0,0.0,0.0006516875025765304,0.0,0.0,0.0006625,0.9454177379185161,1.0,2785.526627601992,1000.0,2785.526627601992,1000.0,0.0,0.0
5950,1705230180000.0,0.0,0.0,0.0,0.0006516875025765304,0.0,0.0,0.0006629,0.9454177379185161,1.0,2785.526627601992,1000.0,2785.526627601992,1000.0,0.0,0.0
5951,1705233780000.0,0.0,0.0,97500.0,0.000654,0.0,0.0,0.0006551,0.9454177379185161,1.0,2785.705875445992,1000.0,2785.8131254459922,1000.0,0.02289006910673626,0.0
5952,1705237380000.0,0.0,0.0,159800.0,0.000654,0.0,0.0,0.0006562,0.9454177379185161,1.0,2785.7859309059922,1000.0,2786.1374909059923,1000.0,0.03751515823256798,0.0
5953,1705240980000.0,0.0,0.0,47400.0,0.0006539422535211267,0.0,0.0,0.0006659,0.9454177379185161,1.0,2787.2805510148933,1000.0,2787.847348197992,1000.0,0.011120826285540205,0.0
5954,1705244580000.0,0.0,0.0,6300.0,0.0006539422535211267,0.0,0.0,0.0006654,0.9454177379185161,1.0,2787.7747590531753,1000.0,2787.8469428559924,1000.0,0.0014778224760820839,0.0
5955,1705248180000.0,0.0,0.0,1300.0,0.0006539422535211267,0.0,0.0,0.0006635,0.9454177379185161,1.0,2787.83488168557,1000.0,2787.8473067559926,1000.0,0.00030494091854660544,0.0
5956,1705251780000.0,0.0,0.0,0.0,0.0006539422535211267,0.0,0.0,0.0006717,0.9454177379185161,1.0,2787.8547927139925,1000.0,2787.8547927139925,1000.0,0.0,0.0
5957,1705255380000.0,0.0,0.0,0.0,0.0006539422535211267,0.0,0.0,0.0006752,0.9454177379185161,1.0,2787.8547927139925,1000.0,2787.8547927139925,1000.0,0.0,0.0
5958,1705258980000.0,0.0,0.0,211800.0,0.0006581,0.0,0.0,0.0006664,0.9454177379185161,1.0,2787.8269155979924,1000.0,2789.5848555979924,1000.0,0.049997931801336964,0.0
5959,1705262580000.0,0.0,0.0,429900.0,0.0006489992091183996,0.0,0.0,0.0006415,0.9454177379185161,1.0,2789.992519777993,1000.0,2786.768609777993,1000.0,0.10000197420679863,0.0
5960,1705266180000.0,0.0,0.0,181500.0,0.0006489992091183996,0.0,0.0,0.0006469,0.9454177379185161,1.0,2790.308164360982,1000.0,2789.9271579059928,1000.0,0.042215178222784505,0.0
5961,1705269780000.0,0.0,0.0,160200.0,0.0006510177962097276,0.0,0.0,0.000653,0.9454177379185161,1.0,2790.521966730791,1000.0,2790.839515777993,1000.0,0.0373740297321443,0.0
5962,1705273380000.0,0.0,0.0,214000.0,0.000652452081256001,0.0,0.0,0.0006439,0.9454177379185161,1.0,2790.8263657227776,1000.0,2788.9962203339933,1000.0,0.0500298933332686,0.0
5963,1705276980000.0,0.0,0.0,658500.0,0.0006359066292920035,0.0,0.0,0.000622,0.9454177379185161,1.0,2790.7705417687775,1000.0,2781.6130263799932,1000.0,0.1500462001879187,0.0
5964,1705280580000.0,0.0,0.0,163800.0,0.0006391244765313617,0.0,0.0,0.0006412,0.9454177379185161,1.0,2792.1555795858294,1000.0,2792.4955503299925,1000.0,0.037493823775882104,0.0
5965,1705284180000.0,0.0,0.0,217600.0,0.0006405880103971327,0.0,0.0,0.0006439,0.9454177379185161,1.0,2792.295519774408,1000.0,2793.016208711992,1000.0,0.049920200091743035,0.0
5966,1705287780000.0,0.0,0.0,138000.0,0.0006425743027104176,0.0,0.0,0.0006473,0.9454177379185161,1.0,2792.8175787320297,1000.0,2793.469724957992,1000.0,0.03175118004459754,0.0
5967,1705291380000.0,0.0,0.0,216500.0,0.000643417569395093,0.0,0.0,0.000646,0.9454177379185161,1.0,2792.8074538020296,1000.0,2793.366550027992,1000.0,0.049878090802285585,0.0
5968,1705294980000.0,0.0,0.0,216700.0,0.0006436888014294559,0.0,0.0,0.0006449,0.9454177379185161,1.0,2792.868267291755,1000.0,2793.130734021992,1000.0,0.049944125508298326,0.0
5969,1705298580000.0,0.0,0.0,217000.0,0.0006435641300402857,0.0,0.0,0.0006393,0.9454177379185161,1.0,2793.1744273227337,1000.0,2792.2491111039917,1000.0,0.049998100674507544,0.0
5970,1705302180000.0,0.0,0.0,132400.0,0.0006431663526718494,0.0,0.0,0.0006436,0.9454177379185161,1.0,2793.5559147517442,1000.0,2793.6133296579915,1000.0,0.0304827351563215,0.0
5971,1705305780000.0,0.0,0.0,217500.0,0.0006423944025670016,0.0,0.0,0.0006335,0.9454177379185161,1.0,2793.6728430643143,1000.0,2791.7383105059916,1000.0,0.050013294471899,0.0
5972,1705309380000.0,0.0,0.0,217500.0,0.0006423944025670016,0.0,0.0,0.0006305,0.9454177379185161,1.0,2793.6728430643143,1000.0,2791.0858105059915,1000.0,0.050013294471899,0.0
5973,1705312980000.0,0.0,0.0,217500.0,0.0006423944025670016,0.0,0.0,0.0006411,0.9454177379185161,1.0,2793.6728430643143,1000.0,2793.3913105059914,1000.0,0.050013294471899,0.0
5974,1705316580000.0,0.0,0.0,122400.0,0.0006423944025670016,0.0,0.0,0.0006418,0.9454177379185161,1.0,2793.7942703041927,1000.0,2793.7215154299915,1000.0,0.028144189323446405,0.0
5975,1705320180000.0,0.0,0.0,9300.0,0.0006423944025670016,0.0,0.0,0.0006434,0.9454177379185161,1.0,2793.938680617864,1000.0,2793.948032673991,1000.0,0.0021382960139096317,0.0
5976,1705323780000.0,0.0,0.0,177700.0,0.0006389479561093744,0.0,0.0,0.000633,0.9454177379185161,1.0,2794.036736444627,1000.0,2792.979784643991,1000.0,0.040636921597929754,0.0
5977,1705327380000.0,0.0,0.0,42300.0,0.0006389479561093744,0.0,0.0,0.000641,0.9454177379185161,1.0,2794.2024638634175,1000.0,2794.289265319991,1000.0,0.00967270585899378,0.0
5978,1705330980000.0,0.0,0.0,219000.0,0.0006379861333788527,0.0,0.0,0.0006294,0.9454177379185161,1.0,2794.206563091959,1000.0,2792.3261998819903,1000.0,0.05000309034252687,0.0
5979,1705334580000.0,0.0,0.0,0.0,0.0006289162575061191,0.0,0.0,0.000644,0.9454177379185161,1.0,2798.5991372179906,1000.0,2798.5991372179906,1000.0,0.0,0.0
5980,1705338180000.0,0.0,0.0,0.0,0.0006289162575061191,0.0,0.0,0.0006566,0.9454177379185161,1.0,2798.5991372179906,1000.0,2798.5991372179906,1000.0,0.0,0.0
5981,1705341780000.0,0.0,0.0,0.0,0.0006289162575061191,0.0,0.0,0.0006677,0.9454177379185161,1.0,2798.5991372179906,1000.0,2798.5991372179906,1000.0,0.0,0.0
5982,1705345380000.0,0.0,0.0,0.0,0.0006289162575061191,0.0,0.0,0.0006679,0.9454177379185161,1.0,2798.5991372179906,1000.0,2798.5991372179906,1000.0,0.0,0.0
5983,1705348980000.0,0.0,0.0,0.0,0.0006289162575061191,0.0,0.0,0.0006572,0.9454177379185161,1.0,2798.5991372179906,1000.0,2798.5991372179906,1000.0,0.0,0.0
5984,1705352580000.0,0.0,0.0,217100.0,0.0006444,0.0,0.0,0.0006443,0.9454177379185161,1.0,2798.5711573699905,1000.0,2798.5494473699905,1000.0,0.04998952398675935,0.0
5985,1705356180000.0,0.0,0.0,217300.0,0.0006441896744132536,0.0,0.0,0.0006437,0.9454177379185161,1.0,2798.8395108739905,1000.0,2798.7331046239906,1000.0,0.05001444909797198,0.0
5986,1705359780000.0,0.0,0.0,51700.0,0.0006441896744132536,0.0,0.0,0.0006458,0.9454177379185161,1.0,2799.0516785191553,1000.0,2799.1349323519903,1000.0,0.011898532071685468,0.0
5987,1705363380000.0,0.0,0.0,15400.0,0.0006441896744132536,0.0,0.0,0.0006466,0.9454177379185161,1.0,2799.482889325954,1000.0,2799.52000833999,1000.0,0.0035436976678049,0.0
5988,1705366980000.0,0.0,0.0,163100.0,0.0006440582754875413,0.0,0.0,0.0006466,0.9454177379185161,1.0,2799.6440226060085,1000.0,2800.0585778739905,1000.0,0.03752116479231438,0.0
5989,1705370580000.0,0.0,0.0,68900.0,0.0006439828460672236,0.0,0.0,0.0006467,0.9454177379185161,1.0,2799.8933819500226,1000.0,2800.0805938559906,1000.0,0.0158471813177148,0.0
5990,1705374180000.0,0.0,0.0,51700.0,0.0006439828460672236,0.0,0.0,0.0006479,0.9454177379185161,1.0,2799.9155368216666,1000.0,2800.118053679991,1000.0,0.01189104196316906,0.0
5991,1705377780000.0,0.0,0.0,217600.0,0.0006436584212893027,0.0,0.0,0.0006431,0.9454177379185161,1.0,2800.114904438543,1000.0,2799.9933919659907,1000.0,0.05001940179331177,0.0
5992,1705381380000.0,0.0,0.0,217700.0,0.0006434651955643454,0.0,0.0,0.0006386,0.9454177379185161,1.0,2800.288634062349,1000.0,2799.229480987991,1000.0,0.05002426227440062,0.0
5993,1705384980000.0,0.0,0.0,218100.0,0.0006423740012291674,0.0,0.0,0.0006393,0.9454177379185161,1.0,2800.5242086880726,1000.0,2799.853769019991,1000.0,0.050026980389401156,0.0
5994,1705388580000.0,0.0,0.0,133000.0,0.0006422053464761311,0.0,0.0,0.0006432,0.9454177379185161,1.0,2800.703936737317,1000.0,2800.8362256559913,1000.0,0.030497086807692985,0.0
5995,1705392180000.0,0.0,0.0,82000.0,0.0006417731276617464,0.0,0.0,0.0006572,0.9454177379185161,1.0,2801.2994297502546,1000.0,2802.5644332819916,1000.0,0.018786066176779588,0.0
5996,1705395780000.0,0.0,0.0,97000.0,0.0006422823651166013,0.0,0.0,0.0006533,0.9454177379185161,1.0,2803.5809023283014,1000.0,2804.649612911991,1000.0,0.02222207654666596,0.0
5997,1705399380000.0,0.0,0.0,300.0,0.0006422823651166013,0.0,0.0,0.0006593,0.9454177379185161,1.0,2805.0198755435267,1000.0,2805.024980833992,1000.0,6.869281434151836e-05,0.0
5998,1705402980000.0,0.0,0.0,300.0,0.0006422823651166013,0.0,0.0,0.0006617,0.9454177379185161,1.0,2805.0198755435267,1000.0,2805.025700833992,1000.0,6.869281434151836e-05,0.0
5999,1705406580000.0,0.0,0.0,0.0,0.0006422823651166013,0.0,0.0,0.0006635,0.9454177379185161,1.0,2805.0265609519915,1000.0,2805.0265609519915,1000.0,0.0,0.0
6000,1705410180000.0,0.0,0.0,0.0,0.0006422823651166013,0.0,0.0,0.0006735,0.9454177379185161,1.0,2805.0265609519915,1000.0,2805.0265609519915,1000.0,0.0,0.0
6001,1705413780000.0,0.0,0.0,0.0,0.0006422823651166013,0.0,0.0,0.0006534,0.9454177379185161,1.0,2805.0265609519915,1000.0,2805.0265609519915,1000.0,0.0,0.0
6002,1705417380000.0,0.0,0.0,112600.0,0.0006359960011648164,0.0,0.0,0.000645,0.9454177379185161,1.0,2810.2637622351504,1000.0,2811.277612503992,1000.0,0.025482714716500713,0.0
6003,1705420980000.0,0.0,0.0,43100.0,0.0006403450400879629,0.0,0.0,0.0006597,0.9454177379185161,1.0,2812.2984650637836,1000.0,2813.1326638359924,1000.0,0.009813635206448562,0.0
6004,1705424580000.0,0.0,0.0,1400.0,0.0006403450400879629,0.0,0.0,0.0006689,0.9454177379185161,1.0,2813.225139974116,1000.0,2813.2651169179926,1000.0,0.00031866736983993983,0.0
6005,1705428180000.0,0.0,0.0,400.0,0.0006403450400879629,0.0,0.0,0.0006645,0.9454177379185161,1.0,2813.2473623940273,1000.0,2813.257024377992,1000.0,9.10471007488001e-05,0.0
6006,1705431780000.0,0.0,0.0,400.0,0.0006403450400879629,0.0,0.0,0.0006568,0.9454177379185161,1.0,2813.2473623940273,1000.0,2813.253944377992,1000.0,9.10471007488001e-05,0.0
6007,1705435380000.0,0.0,0.0,400.0,0.0006403450400879629,0.0,0.0,0.0006611,0.9454177379185161,1.0,2813.2473623940273,1000.0,2813.255664377992,1000.0,9.10471007488001e-05,0.0
6008,1705438980000.0,0.0,0.0,0.0,0.0006403450400879629,0.0,0.0,0.0006654,0.9454177379185161,1.0,2813.2562513619923,1000.0,2813.2562513619923,1000.0,0.0,0.0
6009,1705442580000.0,0.0,0.0,0.0,0.0006403450400879629,0.0,0.0,0.000673,0.9454177379185161,1.0,2813.2562513619923,1000.0,2813.2562513619923,1000.0,0.0,0.0
6010,1705446180000.0,0.0,0.0,0.0,0.0006403450400879629,0.0,0.0,0.0006696,0.9454177379185161,1.0,2813.2562513619923,1000.0,2813.2562513619923,1000.0,0.0,0.0
6011,1705449780000.0,0.0,0.0,0.0,0.0006403450400879629,0.0,0.0,0.0006669,0.9454177379185161,1.0,2813.2562513619923,1000.0,2813.2562513619923,1000.0,0.0,0.0
6012,1705453380000.0,0.0,0.0,0.0,0.0006403450400879629,0.0,0.0,0.0006687,0.9454177379185161,1.0,2813.2562513619923,1000.0,2813.2562513619923,1000.0,0.0,0.0
6013,1705456980000.0,0.0,0.0,0.0,0.0006403450400879629,0.0,0.0,0.0006603,0.9454177379185161,1.0,2813.2562513619923,1000.0,2813.2562513619923,1000.0,0.0,0.0
6014,1705460580000.0,0.0,0.0,0.0,0.0006403450400879629,0.0,0.0,0.000658,0.9454177379185161,1.0,2813.2562513619923,1000.0,2813.2562513619923,1000.0,0.0,0.0
6015,1705464180000.0,0.0,0.0,214600.0,0.0006556562441752097,0.0,0.0,0.0006554,0.9454177379185161,1.0,2813.441494339992,1000.0,2813.386504339992,1000.0,0.0500112869889295,0.0
6016,1705467780000.0,0.0,0.0,214600.0,0.0006556562441752097,0.0,0.0,0.000651,0.9454177379185161,1.0,2813.441494339992,1000.0,2812.442264339992,1000.0,0.0500112869889295,0.0
6017,1705471380000.0,0.0,0.0,215000.0,0.0006550369640207523,0.0,0.0,0.0006512,0.9454177379185161,1.0,2813.570400912454,1000.0,2812.7454536479922,1000.0,0.050054886566474034,0.0
6018,1705474980000.0,0.0,0.0,215300.0,0.0006546514737415111,0.0,0.0,0.0006516,0.9454177379185161,1.0,2813.6348573345394,1000.0,2812.977875037992,1000.0,0.05009408450038579,0.0
6019,1705478580000.0,0.0,0.0,436400.0,0.0006453031216694485,0.0,0.0,0.000636,0.9454177379185161,1.0,2813.6067245705394,1000.0,2809.5468422739923,1000.0,0.10008871525551656,0.0
6020,1705482180000.0,0.0,0.0,327300.0,0.0006453031216694485,0.0,0.0,0.0006444,0.9454177379185161,1.0,2813.7450130024026,1000.0,2813.4494212799923,1000.0,0.07506284711173652,0.0
6021,1705485780000.0,0.0,0.0,217500.0,0.0006458853398377828,0.0,0.0,0.0006425,0.9454177379185161,1.0,2813.97444466671,1000.0,2813.238133251992,1000.0,0.049922294667944775,0.0
6022,1705489380000.0,0.0,0.0,163200.0,0.00064640991379786,0.0,0.0,0.0006518,0.9454177379185161,1.0,2814.166898453803,1000.0,2815.046560521992,1000.0,0.03748679511146717,0.0
6023,1705492980000.0,0.0,0.0,163200.0,0.0006467447910400892,0.0,0.0,0.0006482,0.9454177379185161,1.0,2814.374943617735,1000.0,2814.6124337199926,1000.0,0.037503442864675676,0.0
6024,1705496580000.0,0.0,0.0,163400.0,0.0006463083808752306,0.0,0.0,0.000651,0.9454177379185161,1.0,2814.629684005005,1000.0,2815.3962945699923,1000.0,0.037520669250081316,0.0
6025,1705500180000.0,0.0,0.0,122600.0,0.0006461815357079478,0.0,0.0,0.0006459,0.9454177379185161,1.0,2815.002030325787,1000.0,2814.9675140479926,1000.0,0.02814273504045248,0.0
6026,1705503780000.0,0.0,0.0,163600.0,0.0006456191993090917,0.0,0.0,0.0006485,0.9454177379185161,1.0,2815.3584756789596,1000.0,2815.8297746719923,1000.0,0.03751682136375013,0.0
6027,1705507380000.0,0.0,0.0,97000.0,0.0006458582854544456,0.0,0.0,0.0006588,0.9454177379185161,1.0,2818.3314298730743,1000.0,2819.586776183993,1000.0,0.022228845417198728,0.0
6028,1705510980000.0,0.0,0.0,43200.0,0.0006458582854544456,0.0,0.0,0.00065,0.9454177379185161,1.0,2818.972195111625,1000.0,2819.151117179993,1000.0,0.009897606645434553,0.0
6029,1705514580000.0,0.0,0.0,4300.0,0.000646132315138157,0.0,0.0,0.0006598,0.9454177379185161,1.0,2820.902557243086,1000.0,2820.961328287992,1000.0,0.000984921988163044,0.0
6030,1705518180000.0,0.0,0.0,1400.0,0.000646132315138157,0.0,0.0,0.0006602,0.9454177379185161,1.0,2820.9368818311855,1000.0,2820.956576589992,1000.0,0.0003206683733406387,0.0
6031,1705521780000.0,0.0,0.0,1400.0,0.000646132315138157,0.0,0.0,0.000667,0.9454177379185161,1.0,2820.9368818311855,1000.0,2820.966096589992,1000.0,0.0003206683733406387,0.0
6032,1705525380000.0,0.0,0.0,0.0,0.000646132315138157,0.0,0.0,0.0006661,0.9454177379185161,1.0,2820.968289353993,1000.0,2820.968289353993,1000.0,0.0,0.0
6033,1705528980000.0,0.0,0.0,0.0,0.000646132315138157,0.0,0.0,0.0006575,0.9454177379185161,1.0,2820.968289353993,1000.0,2820.968289353993,1000.0,0.0,0.0
6034,1705532580000.0,0.0,0.0,216600.0,0.0006513,0.0,0.0,0.0006465,0.9454177379185161,1.0,2820.940075037993,1000.0,2819.9003950379933,1000.0,0.05000871207733826,0.0
6035,1705536180000.0,0.0,0.0,216600.0,0.0006513,0.0,0.0,0.0006462,0.9454177379185161,1.0,2820.940075037993,1000.0,2819.8354150379932,1000.0,0.05000871207733826,0.0
6036,1705539780000.0,0.0,0.0,216600.0,0.0006513,0.0,0.0,0.0006425,0.9454177379185161,1.0,2820.940075037993,1000.0,2819.033995037993,1000.0,0.05000871207733826,0.0
6037,1705543380000.0,0.0,0.0,439400.0,0.0006420208921256259,0.0,0.0,0.0006365,0.9454177379185161,1.0,2820.9118685579933,1000.0,2818.4859885579936,1000.0,0.10000453510949535,0.0
6038,1705546980000.0,0.0,0.0,439400.0,0.0006420208921256259,0.0,0.0,0.0006372,0.9454177379185161,1.0,2820.9118685579933,1000.0,2818.7935685579932,1000.0,0.10000453510949535,0.0
6039,1705550580000.0,0.0,0.0,439400.0,0.0006420208921256259,0.0,0.0,0.0006376,0.9454177379185161,1.0,2820.9118685579933,1000.0,2818.9693285579933,1000.0,0.10000453510949535,0.0
6040,1705554180000.0,0.0,0.0,439400.0,0.0006420208921256259,0.0,0.0,0.0006399,0.9454177379185161,1.0,2820.9118685579933,1000.0,2819.9799485579933,1000.0,0.10000453510949535,0.0
6041,1705557780000.0,0.0,0.0,123600.0,0.0006420132275588282,0.0,0.0,0.0006492,0.9454177379185161,1.0,2821.397925692264,1000.0,2822.2862107659926,1000.0,0.028125360908387638,0.0
6042,1705561380000.0,0.0,0.0,123600.0,0.0006420132275588282,0.0,0.0,0.0006486,0.9454177379185161,1.0,2821.397925692264,1000.0,2822.212050765993,1000.0,0.028125360908387638,0.0
6043,1705564980000.0,0.0,0.0,36700.0,0.0006420132275588282,0.0,0.0,0.0006528,0.9454177379185161,1.0,2822.419521435402,1000.0,2822.8153959839933,1000.0,0.008348115959538889,0.0
6044,1705568580000.0,0.0,0.0,3400.0,0.0006420132275588282,0.0,0.0,0.0006527,0.9454177379185161,1.0,2822.810995983694,1000.0,2822.847331009994,1000.0,0.0007732876826701384,0.0
6045,1705572180000.0,0.0,0.0,600.0,0.0006420132275588282,0.0,0.0,0.0006493,0.9454177379185161,1.0,2822.8439127625293,1000.0,2822.848284825994,1000.0,0.00013646094096585014,0.0
6046,1705575780000.0,0.0,0.0,219000.0,0.0006444699114691677,0.0,0.0,0.0006335,0.9454177379185161,1.0,2822.8785977957414,1000.0,2820.4761871839937,1000.0,0.04999822192918843,0.0
6047,1705579380000.0,0.0,0.0,444300.0,0.0006353068436006025,0.0,0.0,0.000626,0.9454177379185161,1.0,2822.850372211741,1000.0,2818.7153415999933,1000.0,0.09999355027471324,0.0
6048,1705582980000.0,0.0,0.0,444300.0,0.0006353068436006025,0.0,0.0,0.0006291,0.9454177379185161,1.0,2822.850372211741,1000.0,2820.0926715999935,1000.0,0.09999355027471324,0.0
6049,1705586580000.0,0.0,0.0,250000.0,0.0006353068436006025,0.0,0.0,0.0006348,0.9454177379185161,1.0,2823.0963203381443,1000.0,2822.9696094379938,1000.0,0.0562597562668803,0.0
6050,1705590180000.0,0.0,0.0,221900.0,0.0006363525798019164,0.0,0.0,0.0006342,0.9454177379185161,1.0,2823.476258532039,1000.0,2822.998601073994,1000.0,0.0500116255737388,0.0
6051,1705593780000.0,0.0,0.0,221900.0,0.0006363144864218976,0.0,0.0,0.0006303,0.9454177379185161,1.0,2823.5367907990126,1000.0,2822.2021762619934,1000.0,0.05000755966670525,0.0
6052,1705597380000.0,0.0,0.0,450200.0,0.0006272299079009753,0.0,0.0,0.0006206,0.9454177379185161,1.0,2823.5085546550126,1000.0,2820.5237701179935,1000.0,0.10000993411954484,0.0
6053,1705600980000.0,0.0,0.0,683000.0,0.0006201641354861187,0.0,0.0,0.0006061,0.9454177379185161,1.0,2823.4803160150127,1000.0,2813.8745114779936,1000.0,0.15001772887683446,0.0
6054,1705604580000.0,0.0,0.0,1386900.0,0.0006051030388182415,0.0,0.0,0.0005898,0.9454177379185161,1.0,2823.3971869550123,1000.0,2802.173402417993,1000.0,0.2972367502576219,0.0
6055,1705608180000.0,0.0,0.0,1976300.0,0.000595648112400455,0.0,0.0,0.000576,0.9454177379185161,1.0,2823.3295945630125,1000.0,2784.4990300259933,1000.0,0.41694719837313926,0.0
6056,1705611780000.0,0.0,0.0,1976300.0,0.000595648112400455,0.0,0.0,0.0005866,0.9454177379185161,1.0,2823.3295945630125,1000.0,2805.447810025993,1000.0,0.41694719837313926,0.0
6057,1705615380000.0,0.0,0.0,1976300.0,0.000595648112400455,0.0,0.0,0.0005952,0.9454177379185161,1.0,2823.3295945630125,1000.0,2822.4439900259936,1000.0,0.41694719837313926,0.0
6058,1705618980000.0,0.0,0.0,1976300.0,0.000595648112400455,0.0,0.0,0.0005869,0.9454177379185161,1.0,2823.3295945630125,1000.0,2806.0407000259934,1000.0,0.41694719837313926,0.0
6059,1705622580000.0,0.0,0.0,1976300.0,0.000595648112400455,0.0,0.0,0.0005838,0.9454177379185161,1.0,2823.3295945630125,1000.0,2799.9141700259934,1000.0,0.41694719837313926,0.0
6060,1705626180000.0,0.0,0.0,1976300.0,0.000595648112400455,0.0,0.0,0.0005836,0.9454177379185161,1.0,2823.3295945630125,1000.0,2799.518910025993,1000.0,0.41694719837313926,0.0
6061,1705629780000.0,0.0,0.0,1976300.0,0.000595648112400455,0.0,0.0,0.0005894,0.9454177379185161,1.0,2823.3295945630125,1000.0,2810.981450025993,1000.0,0.41694719837313926,0.0
6062,1705633380000.0,0.0,0.0,1976300.0,0.000595648112400455,0.0,0.0,0.0005901,0.9454177379185161,1.0,2823.3295945630125,1000.0,2812.364860025993,1000.0,0.41694719837313926,0.0
6063,1705636980000.0,0.0,0.0,1976300.0,0.000595648112400455,0.0,0.0,0.0005897,0.9454177379185161,1.0,2823.3295945630125,1000.0,2811.574340025993,1000.0,0.41694719837313926,0.0
6064,1705640580000.0,0.0,0.0,1976300.0,0.000595648112400455,0.0,0.0,0.000587,0.9454177379185161,1.0,2823.3295945630125,1000.0,2806.238330025993,1000.0,0.41694719837313926,0.0
6065,1705644180000.0,0.0,0.0,1976300.0,0.000595648112400455,0.0,0.0,0.0005884,0.9454177379185161,1.0,2823.3295945630125,1000.0,2809.0051500259933,1000.0,0.41694719837313926,0.0
6066,1705647780000.0,0.0,0.0,1111800.0,0.000595648112400455,0.0,0.0,0.0005971,0.9454177379185161,1.0,2824.395080092819,1000.0,2826.0092887259934,1000.0,0.2344720028846185,0.0
6067,1705651380000.0,0.0,0.0,148500.0,0.000595648112400455,0.0,0.0,0.0005954,0.9454177379185161,1.0,2825.582335397461,1000.0,2825.5454907059934,1000.0,0.03130460704802828,0.0
6068,1705654980000.0,0.0,0.0,100900.0,0.0005939259192111614,0.0,0.0,0.0006001,0.9454177379185161,1.0,2825.7311476203995,1000.0,2826.3541123719933,1000.0,0.021207652857870758,0.0
6069,1705658580000.0,0.0,0.0,100900.0,0.0005939259192111614,0.0,0.0,0.0005988,0.9454177379185161,1.0,2825.7311476203995,1000.0,2826.222942371993,1000.0,0.021207652857870758,0.0
6070,1705662180000.0,0.0,0.0,100900.0,0.0005939259192111614,0.0,0.0,0.0005975,0.9454177379185161,1.0,2825.7311476203995,1000.0,2826.091772371993,1000.0,0.021207652857870758,0.0
6071,1705665780000.0,0.0,0.0,24000.0,0.0005939259192111614,0.0,0.0,0.0005943,0.9454177379185161,1.0,2825.819970257062,1000.0,2825.828948195994,1000.0,0.005044278195744785,0.0
6072,1705669380000.0,0.0,0.0,238900.0,0.0005917628264761306,0.0,0.0,0.0005905,0.9454177379185161,1.0,2826.0084029231416,1000.0,2825.706713677994,1000.0,0.05002537823274564,0.0
6073,1705672980000.0,0.0,0.0,239300.0,0.0005914707835542106,0.0,0.0,0.0005892,0.9454177379185161,1.0,2826.0740515565167,1000.0,2825.5306530519942,1000.0,0.05008324478495785,0.0
6074,1705676580000.0,0.0,0.0,485100.0,0.0005830237033694549,0.0,0.0,0.000571,0.9454177379185161,1.0,2826.0457943885167,1000.0,2820.213095883994,1000.0,0.10007792480437089,0.0
6075,1705680180000.0,0.0,0.0,735700.0,0.0005764755722502686,0.0,0.0,0.0005678,0.9454177379185161,1.0,2826.017536732517,1000.0,2819.634918227994,1000.0,0.15007446804271724,0.0
6076,1705683780000.0,0.0,0.0,2128600.0,0.000553688992062634,0.0,0.0,0.0005369,0.9454177379185161,1.0,2825.8666428705164,1000.0,2790.129594365994,1000.0,0.4170693586967424,0.0
6077,1705687380000.0,0.0,0.0,2128600.0,0.000553688992062634,0.0,0.0,0.0005475,0.9454177379185161,1.0,2825.8666428705164,1000.0,2812.692754365994,1000.0,0.4170693586967424,0.0
6078,1705690980000.0,0.0,0.0,1197400.0,0.000553688992062634,0.0,0.0,0.0005576,0.9454177379185161,1.0,2826.890988885791,1000.0,2831.5740297899933,1000.0,0.23452874613927435,0.0
6079,1705694580000.0,0.0,0.0,251400.0,0.0005556486985509218,0.0,0.0,0.0005646,0.9454177379185161,1.0,2832.2952993296954,1000.0,2834.5456565139934,1000.0,0.049320451454606964,0.0
6080,1705698180000.0,0.0,0.0,251900.0,0.0005613395197268288,0.0,0.0,0.0005623,0.9454177379185161,1.0,2833.360239755182,1000.0,2833.602184735994,1000.0,0.049905911375182584,0.0
6081,1705701780000.0,0.0,0.0,250400.0,0.0005648194437888675,0.0,0.0,0.0005627,0.9454177379185161,1.0,2833.8733443947253,1000.0,2833.342635669993,1000.0,0.04990723703459655,0.0
6082,1705705380000.0,0.0,0.0,188000.0,0.0005654236306746148,0.0,0.0,0.0005672,0.9454177379185161,1.0,2834.226001312821,1000.0,2834.5599587459938,1000.0,0.0375057043854616,0.0
6083,1705708980000.0,0.0,0.0,250700.0,0.0005653896719980395,0.0,0.0,0.0005627,0.9454177379185161,1.0,2834.4513950979026,1000.0,2833.7770943279943,1000.0,0.050007275134457775,0.0
6084,1705712580000.0,0.0,0.0,250700.0,0.0005653896719980395,0.0,0.0,0.0005621,0.9454177379185161,1.0,2834.4513950979026,1000.0,2833.626674327994,1000.0,0.050007275134457775,0.0
6085,1705716180000.0,0.0,0.0,55800.0,0.0005653896719980395,0.0,0.0,0.0005737,0.9454177379185161,1.0,2835.895345879485,1000.0,2836.3590621819944,1000.0,0.011124791238622566,0.0
6086,1705719780000.0,0.0,0.0,37200.0,0.0005653896719980395,0.0,0.0,0.0005727,0.9454177379185161,1.0,2836.0886956323216,1000.0,2836.3606398339944,1000.0,0.00741602187220656,0.0
6087,1705723380000.0,0.0,0.0,24800.0,0.0005653896719980395,0.0,0.0,0.0005728,0.9454177379185161,1.0,2836.217595467546,1000.0,2836.4013716019945,1000.0,0.004943789886910962,0.0
6088,1705726980000.0,0.0,0.0,24800.0,0.0005653896719980395,0.0,0.0,0.0005711,0.9454177379185161,1.0,2836.217595467546,1000.0,2836.3592116019945,1000.0,0.004943789886910962,0.0
6089,1705730580000.0,0.0,0.0,33600.0,0.0005660296761099856,0.0,0.0,0.0005686,0.9454177379185161,1.0,2836.4429654912897,1000.0,2836.5293283739943,1000.0,0.006705087092770567,0.0
6090,1705734180000.0,0.0,0.0,25200.0,0.0005660296761099856,0.0,0.0,0.0005727,0.9454177379185161,1.0,2836.4526831479657,1000.0,2836.620775309994,1000.0,0.005028798090910212,0.0
6091,1705737780000.0,0.0,0.0,105800.0,0.0005660946941256637,0.0,0.0,0.0005678,0.9454177379185161,1.0,2836.591739736489,1000.0,2836.772161097994,1000.0,0.021114359814098267,0.0
6092,1705741380000.0,0.0,0.0,79400.0,0.0005659689364130146,0.0,0.0,0.0005696,0.9454177379185161,1.0,2836.9270709251878,1000.0,2837.215377373994,1000.0,0.015840355577606744,0.0
6093,1705744980000.0,0.0,0.0,250800.0,0.0005657168004433547,0.0,0.0,0.0005613,0.9454177379185161,1.0,2836.9076821571875,1000.0,2835.7999486059944,1000.0,0.050012827151042966,0.0
6094,1705748580000.0,0.0,0.0,250800.0,0.0005657168004433547,0.0,0.0,0.0005625,0.9454177379185161,1.0,2836.9076821571875,1000.0,2836.1009086059944,1000.0,0.050012827151042966,0.0
6095,1705752180000.0,0.0,0.0,25200.0,0.0005657168004433547,0.0,0.0,0.0005658,0.9454177379185161,1.0,2837.171588937167,1000.0,2837.1736855659947,1000.0,0.00502474486448421,0.0
6096,1705755780000.0,0.0,0.0,3500.0,0.0005657168004433547,0.0,0.0,0.0005692,0.9454177379185161,1.0,2837.196973587546,1000.0,2837.2091647859943,1000.0,0.0006978749871737255,0.0
6097,1705759380000.0,0.0,0.0,1100.0,0.0005657168004433547,0.0,0.0,0.0005801,0.9454177379185161,1.0,2837.2218566904817,1000.0,2837.237678209994,1000.0,0.0002193302152315884,0.0
6098,1705762980000.0,0.0,0.0,250600.0,0.0005659990959311839,0.0,0.0,0.0005642,0.9454177379185161,1.0,2837.1966897183484,1000.0,2836.7458362779935,1000.0,0.04999278828794743,0.0
6099,1705766580000.0,0.0,0.0,105900.0,0.0005656955015499698,0.0,0.0,0.0005671,0.9454177379185161,1.0,2837.647604072136,1000.0,2837.796340457994,1000.0,0.021111555052915197,0.0
6100,1705770180000.0,0.0,0.0,141200.0,0.000565582517393949,0.0,0.0,0.0005706,0.9454177379185161,1.0,2837.7523268220198,1000.0,2838.4607953659943,1000.0,0.028142079455348582,0.0
6101,1705773780000.0,0.0,0.0,79500.0,0.000565582517393949,0.0,0.0,0.0005696,0.9454177379185161,1.0,2837.820451186813,1000.0,2838.139841053994,1000.0,0.015844487312089987,0.0
6102,1705777380000.0,0.0,0.0,79500.0,0.000565582517393949,0.0,0.0,0.0005702,0.9454177379185161,1.0,2837.820451186813,1000.0,2838.187541053994,1000.0,0.015844487312089987,0.0
6103,1705780980000.0,0.0,0.0,79500.0,0.000565582517393949,0.0,0.0,0.0005719,0.9454177379185161,1.0,2837.820451186813,1000.0,2838.322691053994,1000.0,0.015844487312089987,0.0
6104,1705784580000.0,0.0,0.0,23600.0,0.000565582517393949,0.0,0.0,0.0005794,0.9454177379185161,1.0,2838.4019376664914,1000.0,2838.7280302559943,1000.0,0.0047025571795764245,0.0
6105,1705788180000.0,0.0,0.0,23600.0,0.000565582517393949,0.0,0.0,0.0005821,0.9454177379185161,1.0,2838.4019376664914,1000.0,2838.7917502559944,1000.0,0.0047025571795764245,0.0
6106,1705791780000.0,0.0,0.0,23600.0,0.000565582517393949,0.0,0.0,0.0005821,0.9454177379185161,1.0,2838.4019376664914,1000.0,2838.7917502559944,1000.0,0.0047025571795764245,0.0
6107,1705795380000.0,0.0,0.0,23600.0,0.000565582517393949,0.0,0.0,0.000581,0.9454177379185161,1.0,2838.4019376664914,1000.0,2838.765790255994,1000.0,0.0047025571795764245,0.0
6108,1705798980000.0,0.0,0.0,15800.0,0.000565582517393949,0.0,0.0,0.0005778,0.9454177379185161,1.0,2838.4830753148185,1000.0,2838.676111539994,1000.0,0.00314823218519042,0.0
6109,1705802580000.0,0.0,0.0,4800.0,0.000565582517393949,0.0,0.0,0.0005743,0.9454177379185161,1.0,2838.597500203485,1000.0,2838.6393441199943,1000.0,0.0009563864138175084,0.0
6110,1705806180000.0,0.0,0.0,2200.0,0.000565582517393949,0.0,0.0,0.0005797,0.9454177379185161,1.0,2838.624546086261,1000.0,2838.6556045479942,1000.0,0.00043833959654235874,0.0
6111,1705809780000.0,0.0,0.0,400.0,0.000565582517393949,0.0,0.0,0.0005744,0.9454177379185161,1.0,2838.643270158951,1000.0,2838.6467971519933,1000.0,7.969758276280751e-05,0.0
6112,1705813380000.0,0.0,0.0,100.0,0.000565582517393949,0.0,0.0,0.0005742,0.9454177379185161,1.0,2838.6463908377327,1000.0,2838.6472525859936,1000.0,1.992437378672713e-05,0.0
6113,1705816980000.0,0.0,0.0,0.0,0.000565582517393949,0.0,0.0,0.0005777,0.9454177379185161,1.0,2838.6474310639933,1000.0,2838.6474310639933,1000.0,0.0,0.0
6114,1705820580000.0,0.0,0.0,0.0,0.000565582517393949,0.0,0.0,0.0005792,0.9454177379185161,1.0,2838.6474310639933,1000.0,2838.6474310639933,1000.0,0.0,0.0
6115,1705824180000.0,0.0,0.0,0.0,0.000565582517393949,0.0,0.0,0.0005799,0.9454177379185161,1.0,2838.6474310639933,1000.0,2838.6474310639933,1000.0,0.0,0.0
6116,1705827780000.0,0.0,0.0,0.0,0.000565582517393949,0.0,0.0,0.0005851,0.9454177379185161,1.0,2838.6474310639933,1000.0,2838.6474310639933,1000.0,0.0,0.0
6117,1705831380000.0,0.0,0.0,0.0,0.000565582517393949,0.0,0.0,0.0005834,0.9454177379185161,1.0,2838.6474310639933,1000.0,2838.6474310639933,1000.0,0.0,0.0
6118,1705834980000.0,0.0,0.0,0.0,0.000565582517393949,0.0,0.0,0.0005832,0.9454177379185161,1.0,2838.6474310639933,1000.0,2838.6474310639933,1000.0,0.0,0.0
6119,1705838580000.0,0.0,0.0,0.0,0.000565582517393949,0.0,0.0,0.0005799,0.9454177379185161,1.0,2838.6474310639933,1000.0,2838.6474310639933,1000.0,0.0,0.0
6120,1705842180000.0,0.0,0.0,0.0,0.000565582517393949,0.0,0.0,0.000578,0.9454177379185161,1.0,2838.6474310639933,1000.0,2838.6474310639933,1000.0,0.0,0.0
6121,1705845780000.0,0.0,0.0,0.0,0.000565582517393949,0.0,0.0,0.0005777,0.9454177379185161,1.0,2838.6474310639933,1000.0,2838.6474310639933,1000.0,0.0,0.0
6122,1705849380000.0,0.0,0.0,0.0,0.000565582517393949,0.0,0.0,0.000582,0.9454177379185161,1.0,2838.6474310639933,1000.0,2838.6474310639933,1000.0,0.0,0.0
6123,1705852980000.0,0.0,0.0,247200.0,0.0005742,0.0,0.0,0.0005727,0.9454177379185161,1.0,2838.6190426159933,1000.0,2838.248242615993,1000.0,0.050003976535431795,0.0
6124,1705856580000.0,0.0,0.0,247200.0,0.0005742,0.0,0.0,0.00057,0.9454177379185161,1.0,2838.6190426159933,1000.0,2837.5808026159934,1000.0,0.050003976535431795,0.0
6125,1705860180000.0,0.0,0.0,78300.0,0.0005742,0.0,0.0,0.0005747,0.9454177379185161,1.0,2838.8191722259935,1000.0,2838.8583222259936,1000.0,0.015837521614575325,0.0
6126,1705863780000.0,0.0,0.0,104500.0,0.0005735162358642972,0.0,0.0,0.0005763,0.9454177379185161,1.0,2838.9670195458125,1000.0,2839.2579228979935,1000.0,0.02111065265471356,0.0
6127,1705867380000.0,0.0,0.0,36200.0,0.0005732317436082394,0.0,0.0,0.0005829,0.9454177379185161,1.0,2839.3980398406115,1000.0,2839.7480307219935,1000.0,0.007308235346877649,0.0
6128,1705870980000.0,0.0,0.0,185700.0,0.0005733754003175212,0.0,0.0,0.000576,0.9454177379185161,1.0,2839.442485660957,1000.0,2839.9298738219936,1000.0,0.03749884435999716,0.0
6129,1705874580000.0,0.0,0.0,44100.0,0.0005733754003175212,0.0,0.0,0.000578,0.9454177379185161,1.0,2839.5996163039963,1000.0,2839.8035611499936,1000.0,0.008904725514407057,0.0
6130,1705878180000.0,0.0,0.0,247700.0,0.0005732478973061439,0.0,0.0,0.0005725,0.9454177379185161,1.0,2839.7275305007256,1000.0,2839.542276337994,1000.0,0.05000250997238961,0.0
6131,1705881780000.0,0.0,0.0,247700.0,0.0005732478973061439,0.0,0.0,0.0005674,0.9454177379185161,1.0,2839.7275305007256,1000.0,2838.279006337994,1000.0,0.05000250997238961,0.0
6132,1705885380000.0,0.0,0.0,247700.0,0.0005732478973061439,0.0,0.0,0.0005687,0.9454177379185161,1.0,2839.7275305007256,1000.0,2838.6010163379938,1000.0,0.05000250997238961,0.0
6133,1705888980000.0,0.0,0.0,502600.0,0.0005650582852422042,0.0,0.0,0.0005586,0.9454177379185161,1.0,2839.6991295427256,1000.0,2836.4531953799938,1000.0,0.10000999444207452,0.0
6134,1705892580000.0,0.0,0.0,502600.0,0.0005650582852422042,0.0,0.0,0.0005626,0.9454177379185161,1.0,2839.6991295427256,1000.0,2838.463595379994,1000.0,0.10000999444207452,0.0
6135,1705896180000.0,0.0,0.0,377000.0,0.0005650582852422042,0.0,0.0,0.0005626,0.9454177379185161,1.0,2839.8408634603047,1000.0,2838.9140899239937,1000.0,0.07501370104124098,0.0
6136,1705899780000.0,0.0,0.0,377000.0,0.0005650582852422042,0.0,0.0,0.000556,0.9454177379185161,1.0,2839.8408634603047,1000.0,2836.4258899239935,1000.0,0.07501370104124098,0.0
6137,1705903380000.0,0.0,0.0,282800.0,0.0005650582852422042,0.0,0.0,0.0005651,0.9454177379185161,1.0,2839.9471638984887,1000.0,2839.9589608319934,1000.0,0.05626811832905184,0.0
6138,1705906980000.0,0.0,0.0,89600.0,0.0005650582852422042,0.0,0.0,0.000565,0.9454177379185161,1.0,2840.1651813576946,1000.0,2840.1599589999933,1000.0,0.017826154158223653,0.0
6139,1705910580000.0,0.0,0.0,252200.0,0.0005636701953997421,0.0,0.0,0.0005598,0.9454177379185161,1.0,2840.210741697808,1000.0,2839.234678417993,1000.0,0.0500517870708554,0.0
6140,1705914180000.0,0.0,0.0,252200.0,0.0005636701953997421,0.0,0.0,0.0005546,0.9454177379185161,1.0,2840.210741697808,1000.0,2837.9232384179927,1000.0,0.0500517870708554,0.0
6141,1705917780000.0,0.0,0.0,511400.0,0.0005556264827528646,0.0,0.0,0.0005485,0.9454177379185161,1.0,2840.182343745808,1000.0,2836.537860465993,1000.0,0.10004547204707422,0.0
6142,1705921380000.0,0.0,0.0,511400.0,0.0005556264827528646,0.0,0.0,0.0005447,0.9454177379185161,1.0,2840.182343745808,1000.0,2834.594540465993,1000.0,0.10004547204707422,0.0
6143,1705924980000.0,0.0,0.0,511400.0,0.0005556264827528646,0.0,0.0,0.000548,0.9454177379185161,1.0,2840.182343745808,1000.0,2836.282160465993,1000.0,0.10004547204707422,0.0
6144,1705928580000.0,0.0,0.0,511400.0,0.0005556264827528646,0.0,0.0,0.0005516,0.9454177379185161,1.0,2840.182343745808,1000.0,2838.123200465993,1000.0,0.10004547204707422,0.0
6145,1705932180000.0,0.0,0.0,383600.0,0.0005556264827528646,0.0,0.0,0.0005489,0.9454177379185161,1.0,2840.3308648859916,1000.0,2837.7505861019927,1000.0,0.07503996151256627,0.0
6146,1705935780000.0,0.0,0.0,647300.0,0.0005486901572439346,0.0,0.0,0.0005332,0.9454177379185161,1.0,2840.3024591219914,1000.0,2830.2756803379925,1000.0,0.12504553437375465,0.0
6147,1705939380000.0,0.0,0.0,922400.0,0.000542877340398958,0.0,0.0,0.0005369,0.9454177379185161,1.0,2840.2733425379915,1000.0,2834.7598437539928,1000.0,0.1763034744876147,0.0
6148,1705942980000.0,0.0,0.0,922400.0,0.000542877340398958,0.0,0.0,0.0005335,0.9454177379185161,1.0,2840.2733425379915,1000.0,2831.6236837539927,1000.0,0.1763034744876147,0.0
6149,1705946580000.0,0.0,0.0,922400.0,0.000542877340398958,0.0,0.0,0.0005306,0.9454177379185161,1.0,2840.2733425379915,1000.0,2828.9487237539925,1000.0,0.1763034744876147,0.0
6150,1705950180000.0,0.0,0.0,922400.0,0.000542877340398958,0.0,0.0,0.0005309,0.9454177379185161,1.0,2840.2733425379915,1000.0,2829.2254437539927,1000.0,0.1763034744876147,0.0
6151,1705953780000.0,0.0,0.0,1314400.0,0.0005363229296895914,0.0,0.0,0.0005244,0.9454177379185161,1.0,2840.2325039779917,1000.0,2824.5610051939925,1000.0,0.2481989970175559,0.0
6152,1705957380000.0,0.0,0.0,985800.0,0.0005363229296895914,0.0,0.0,0.0005343,0.9454177379185161,1.0,2840.5839647819917,1000.0,2838.5897606939925,1000.0,0.1861262158214627,0.0
6153,1705960980000.0,0.0,0.0,985800.0,0.0005363229296895914,0.0,0.0,0.0005305,0.9454177379185161,1.0,2840.5839647819917,1000.0,2834.8437206939925,1000.0,0.1861262158214627,0.0
6154,1705964580000.0,0.0,0.0,985800.0,0.0005363229296895914,0.0,0.0,0.0005279,0.9454177379185161,1.0,2840.5839647819917,1000.0,2832.2806406939926,1000.0,0.1861262158214627,0.0
6155,1705968180000.0,0.0,0.0,1404700.0,0.0005296957600113897,0.0,0.0,0.0005176,0.9454177379185161,1.0,2840.5408934839916,1000.0,2823.5499793959925,1000.0,0.2619443486255842,0.0
6156,1705971780000.0,0.0,0.0,1404700.0,0.0005296957600113897,0.0,0.0,0.0005175,0.9454177379185161,1.0,2840.5408934839916,1000.0,2823.4095093959922,1000.0,0.2619443486255842,0.0
6157,1705975380000.0,0.0,0.0,1404700.0,0.0005296957600113897,0.0,0.0,0.0005211,0.9454177379185161,1.0,2840.5408934839916,1000.0,2828.4664293959927,1000.0,0.2619443486255842,0.0
6158,1705978980000.0,0.0,0.0,1404700.0,0.0005296957600113897,0.0,0.0,0.0005292,0.9454177379185161,1.0,2840.5408934839916,1000.0,2839.8444993959924,1000.0,0.2619443486255842,0.0
6159,1705982580000.0,0.0,0.0,1404700.0,0.0005296957600113897,0.0,0.0,0.0005248,0.9454177379185161,1.0,2840.5408934839916,1000.0,2833.6638193959925,1000.0,0.2619443486255842,0.0
6160,1705986180000.0,0.0,0.0,187700.0,0.0005296957600113897,0.0,0.0,0.0005322,0.9454177379185161,1.0,2841.8772324901297,1000.0,2842.3472783359916,1000.0,0.03498528825153364,0.0
6161,1705989780000.0,0.0,0.0,59400.0,0.0005296957600113897,0.0,0.0,0.0005318,0.9454177379185161,1.0,2842.0181135866683,1000.0,2842.143105441992,1000.0,0.011070980861894864,0.0
6162,1705993380000.0,0.0,0.0,18900.0,0.0005296957600113897,0.0,0.0,0.0005276,0.9454177379185161,1.0,2842.062585016207,1000.0,2842.0229751519914,1000.0,0.0035225296997314984,0.0
6163,1705996980000.0,0.0,0.0,270000.0,0.0005265377032007973,0.0,0.0,0.0005187,0.9454177379185161,1.0,2842.0361542302066,1000.0,2839.9199743659915,1000.0,0.050022298151489245,0.0
6164,1706000580000.0,0.0,0.0,831700.0,0.0005128921785477474,0.0,0.0,0.0005011,0.9454177379185161,1.0,2842.043495606153,1000.0,2832.2359407079916,1000.0,0.15009355963680698,0.0
6165,1706004180000.0,0.0,0.0,2406300.0,0.0004926115550422481,0.0,0.0,0.0004877,0.9454177379185161,1.0,2841.891735854153,1000.0,2830.0730609559914,1000.0,0.41710638373135944,0.0
6166,1706007780000.0,0.0,0.0,2406300.0,0.0004926115550422481,0.0,0.0,0.0004849,0.9454177379185161,1.0,2841.891735854153,1000.0,2823.3354209559916,1000.0,0.41710638373135944,0.0
6167,1706011380000.0,0.0,0.0,2406300.0,0.0004926115550422481,0.0,0.0,0.0004882,0.9454177379185161,1.0,2841.891735854153,1000.0,2831.2762109559917,1000.0,0.41710638373135944,0.0
6168,1706014980000.0,0.0,0.0,2406300.0,0.0004926115550422481,0.0,0.0,0.0004891,0.9454177379185161,1.0,2841.891735854153,1000.0,2833.4418809559916,1000.0,0.41710638373135944,0.0
6169,1706018580000.0,0.0,0.0,356600.0,0.0004926115550422481,0.0,0.0,0.0004859,0.9454177379185161,1.0,2855.6484080220575,1000.0,2853.255067493992,1000.0,0.061515024060591145,0.0
6170,1706022180000.0,0.0,0.0,216700.0,0.0004933281403170003,0.0,0.0,0.0004962,0.9454177379185161,1.0,2855.928987922686,1000.0,2856.551319915992,1000.0,0.03743237610556024,0.0
6171,1706025780000.0,0.0,0.0,5400.0,0.0004943745226714076,0.0,0.0,0.0005069,0.9454177379185161,1.0,2859.136964216417,1000.0,2859.204601793991,1000.0,0.0009337161723405739,0.0
6172,1706029380000.0,0.0,0.0,600.0,0.0004943745226714076,0.0,0.0,0.0005123,0.9454177379185161,1.0,2859.1953401355936,1000.0,2859.2060954219905,1000.0,0.00010374412319403734,0.0
6173,1706032980000.0,0.0,0.0,200.0,0.0004943745226714076,0.0,0.0,0.0005096,0.9454177379185161,1.0,2859.202229390525,1000.0,2859.2052744859907,1000.0,3.4581291074104245e-05,0.0
6174,1706036580000.0,0.0,0.0,213500.0,0.0005024546477355814,0.0,0.0,0.0005037,0.9454177379185161,1.0,2859.3617988235383,1000.0,2859.6276815319916,1000.0,0.037516786905275046,0.0
6175,1706040180000.0,0.0,0.0,160200.0,0.0005023653150309799,0.0,0.0,0.000508,0.9454177379185161,1.0,2859.571375119954,1000.0,2860.474051651991,1000.0,0.028143701593945008,0.0
6176,1706043780000.0,0.0,0.0,1400.0,0.0005023653150309799,0.0,0.0,0.0005132,0.9454177379185161,1.0,2861.037471501034,1000.0,2861.0526400599906,1000.0,0.0002458239180888399,0.0
6177,1706047380000.0,0.0,0.0,1000.0,0.0005023653150309799,0.0,0.0,0.0005083,0.9454177379185161,1.0,2861.0411644390215,1000.0,2861.0470991239904,1000.0,0.00017558828627671323,0.0
6178,1706050980000.0,0.0,0.0,500.0,0.0005023653150309799,0.0,0.0,0.0005161,0.9454177379185161,1.0,2861.045780611506,1000.0,2861.0526479539903,1000.0,8.779400148633882e-05,0.0
6179,1706054580000.0,0.0,0.0,0.0,0.0005023653150309799,0.0,0.0,0.000528,0.9454177379185161,1.0,2861.0569854659902,1000.0,2861.0569854659902,1000.0,0.0,0.0
6180,1706058180000.0,0.0,0.0,0.0,0.0005023653150309799,0.0,0.0,0.0005297,0.9454177379185161,1.0,2861.0569854659902,1000.0,2861.0569854659902,1000.0,0.0,0.0
6181,1706061780000.0,0.0,0.0,0.0,0.0005023653150309799,0.0,0.0,0.000516,0.9454177379185161,1.0,2861.0569854659902,1000.0,2861.0569854659902,1000.0,0.0,0.0
6182,1706065380000.0,0.0,0.0,0.0,0.0005023653150309799,0.0,0.0,0.0005174,0.9454177379185161,1.0,2861.0569854659902,1000.0,2861.0569854659902,1000.0,0.0,0.0
6183,1706068980000.0,0.0,0.0,0.0,0.0005023653150309799,0.0,0.0,0.0005193,0.9454177379185161,1.0,2861.0569854659902,1000.0,2861.0569854659902,1000.0,0.0,0.0
6184,1706072580000.0,0.0,0.0,0.0,0.0005023653150309799,0.0,0.0,0.0005206,0.9454177379185161,1.0,2861.0569854659902,1000.0,2861.0569854659902,1000.0,0.0,0.0
6185,1706076180000.0,0.0,0.0,0.0,0.0005023653150309799,0.0,0.0,0.0005225,0.9454177379185161,1.0,2861.0569854659902,1000.0,2861.0569854659902,1000.0,0.0,0.0
6186,1706079780000.0,0.0,0.0,0.0,0.0005023653150309799,0.0,0.0,0.0005275,0.9454177379185161,1.0,2861.0569854659902,1000.0,2861.0569854659902,1000.0,0.0,0.0
6187,1706083380000.0,0.0,0.0,0.0,0.0005023653150309799,0.0,0.0,0.0005322,0.9454177379185161,1.0,2861.0569854659902,1000.0,2861.0569854659902,1000.0,0.0,0.0
6188,1706086980000.0,0.0,0.0,0.0,0.0005023653150309799,0.0,0.0,0.0005375,0.9454177379185161,1.0,2861.0569854659902,1000.0,2861.0569854659902,1000.0,0.0,0.0
6189,1706090580000.0,0.0,0.0,0.0,0.0005023653150309799,0.0,0.0,0.00054,0.9454177379185161,1.0,2861.0569854659902,1000.0,2861.0569854659902,1000.0,0.0,0.0
6190,1706094180000.0,0.0,0.0,0.0,0.0005023653150309799,0.0,0.0,0.000547,0.9454177379185161,1.0,2861.0569854659902,1000.0,2861.0569854659902,1000.0,0.0,0.0
6191,1706097780000.0,0.0,0.0,0.0,0.0005023653150309799,0.0,0.0,0.0005447,0.9454177379185161,1.0,2861.0569854659902,1000.0,2861.0569854659902,1000.0,0.0,0.0
6192,1706101380000.0,0.0,0.0,0.0,0.0005023653150309799,0.0,0.0,0.0005388,0.9454177379185161,1.0,2861.0569854659902,1000.0,2861.0569854659902,1000.0,0.0,0.0
6193,1706104980000.0,0.0,0.0,0.0,0.0005023653150309799,0.0,0.0,0.0005358,0.9454177379185161,1.0,2861.0569854659902,1000.0,2861.0569854659902,1000.0,0.0,0.0
6194,1706108580000.0,0.0,0.0,0.0,0.0005023653150309799,0.0,0.0,0.0005382,0.9454177379185161,1.0,2861.0569854659902,1000.0,2861.0569854659902,1000.0,0.0,0.0
6195,1706112180000.0,0.0,0.0,0.0,0.0005023653150309799,0.0,0.0,0.0005461,0.9454177379185161,1.0,2861.0569854659902,1000.0,2861.0569854659902,1000.0,0.0,0.0
6196,1706115780000.0,0.0,0.0,0.0,0.0005023653150309799,0.0,0.0,0.0005475,0.9454177379185161,1.0,2861.0569854659902,1000.0,2861.0569854659902,1000.0,0.0,0.0
6197,1706119380000.0,0.0,0.0,0.0,0.0005023653150309799,0.0,0.0,0.0005476,0.9454177379185161,1.0,2861.0569854659902,1000.0,2861.0569854659902,1000.0,0.0,0.0
6198,1706122980000.0,0.0,0.0,0.0,0.0005023653150309799,0.0,0.0,0.0005389,0.9454177379185161,1.0,2861.0569854659902,1000.0,2861.0569854659902,1000.0,0.0,0.0
6199,1706126580000.0,0.0,0.0,0.0,0.0005023653150309799,0.0,0.0,0.0005439,0.9454177379185161,1.0,2861.0569854659902,1000.0,2861.0569854659902,1000.0,0.0,0.0
6200,1706130180000.0,0.0,0.0,0.0,0.0005023653150309799,0.0,0.0,0.0005406,0.9454177379185161,1.0,2861.0569854659902,1000.0,2861.0569854659902,1000.0,0.0,0.0
6201,1706133780000.0,0.0,0.0,0.0,0.0005023653150309799,0.0,0.0,0.000545,0.9454177379185161,1.0,2861.0569854659902,1000.0,2861.0569854659902,1000.0,0.0,0.0
6202,1706137380000.0,0.0,0.0,0.0,0.0005023653150309799,0.0,0.0,0.0005466,0.9454177379185161,1.0,2861.0569854659902,1000.0,2861.0569854659902,1000.0,0.0,0.0
6203,1706140980000.0,0.0,0.0,0.0,0.0005023653150309799,0.0,0.0,0.000549,0.9454177379185161,1.0,2861.0569854659902,1000.0,2861.0569854659902,1000.0,0.0,0.0
6204,1706144580000.0,0.0,0.0,0.0,0.0005023653150309799,0.0,0.0,0.0005523,0.9454177379185161,1.0,2861.0569854659902,1000.0,2861.0569854659902,1000.0,0.0,0.0
6205,1706148180000.0,0.0,0.0,0.0,0.0005023653150309799,0.0,0.0,0.0005407,0.9454177379185161,1.0,2861.0569854659902,1000.0,2861.0569854659902,1000.0,0.0,0.0
6206,1706151780000.0,0.0,0.0,0.0,0.0005023653150309799,0.0,0.0,0.0005479,0.9454177379185161,1.0,2861.0569854659902,1000.0,2861.0569854659902,1000.0,0.0,0.0
6207,1706155380000.0,0.0,0.0,0.0,0.0005023653150309799,0.0,0.0,0.0005509,0.9454177379185161,1.0,2861.0569854659902,1000.0,2861.0569854659902,1000.0,0.0,0.0
6208,1706158980000.0,0.0,0.0,0.0,0.0005023653150309799,0.0,0.0,0.0005477,0.9454177379185161,1.0,2861.0569854659902,1000.0,2861.0569854659902,1000.0,0.0,0.0
6209,1706162580000.0,0.0,0.0,0.0,0.0005023653150309799,0.0,0.0,0.0005506,0.9454177379185161,1.0,2861.0569854659902,1000.0,2861.0569854659902,1000.0,0.0,0.0
6210,1706166180000.0,0.0,0.0,0.0,0.0005023653150309799,0.0,0.0,0.0005526,0.9454177379185161,1.0,2861.0569854659902,1000.0,2861.0569854659902,1000.0,0.0,0.0
6211,1706169780000.0,0.0,0.0,0.0,0.0005023653150309799,0.0,0.0,0.0005492,0.9454177379185161,1.0,2861.0569854659902,1000.0,2861.0569854659902,1000.0,0.0,0.0
6212,1706173380000.0,0.0,0.0,0.0,0.0005023653150309799,0.0,0.0,0.0005475,0.9454177379185161,1.0,2861.0569854659902,1000.0,2861.0569854659902,1000.0,0.0,0.0
6213,1706176980000.0,0.0,0.0,0.0,0.0005023653150309799,0.0,0.0,0.0005451,0.9454177379185161,1.0,2861.0569854659902,1000.0,2861.0569854659902,1000.0,0.0,0.0
6214,1706180580000.0,0.0,0.0,0.0,0.0005023653150309799,0.0,0.0,0.0005427,0.9454177379185161,1.0,2861.0569854659902,1000.0,2861.0569854659902,1000.0,0.0,0.0
6215,1706184180000.0,0.0,0.0,148800.0,0.000541,0.0,0.0,0.0005459,0.9454177379185161,1.0,2861.15456172199,1000.0,2861.88368172199,1000.0,0.02813577465439353,0.0
6216,1706187780000.0,0.0,0.0,264900.0,0.000540805660629507,0.0,0.0,0.0005281,0.9454177379185161,1.0,2861.352153336746,1000.0,2857.9864238359896,1000.0,0.05006703538174965,0.0
6217,1706191380000.0,0.0,0.0,264900.0,0.000540805660629507,0.0,0.0,0.0005329,0.9454177379185161,1.0,2861.352153336746,1000.0,2859.25794383599,1000.0,0.05006703538174965,0.0
6218,1706194980000.0,0.0,0.0,264900.0,0.000540805660629507,0.0,0.0,0.0005326,0.9454177379185161,1.0,2861.352153336746,1000.0,2859.1784738359897,1000.0,0.05006703538174965,0.0
6219,1706198580000.0,0.0,0.0,537100.0,0.0005330994963707995,0.0,0.0,0.000526,0.9454177379185161,1.0,2861.323539672746,1000.0,2857.5104001719897,1000.0,0.10006828501942293,0.0
6220,1706202180000.0,0.0,0.0,537100.0,0.0005330994963707995,0.0,0.0,0.0005244,0.9454177379185161,1.0,2861.323539672746,1000.0,2856.6510401719897,1000.0,0.10006828501942293,0.0
6221,1706205780000.0,0.0,0.0,537100.0,0.0005330994963707995,0.0,0.0,0.0005259,0.9454177379185161,1.0,2861.323539672746,1000.0,2857.4566901719895,1000.0,0.10006828501942293,0.0
6222,1706209380000.0,0.0,0.0,402900.0,0.0005330994963707995,0.0,0.0,0.000531,0.9454177379185161,1.0,2861.4703066477846,1000.0,2860.6244195599893,1000.0,0.07506133702970935,0.0
6223,1706212980000.0,0.0,0.0,39900.0,0.0005330994963707995,0.0,0.0,0.000543,0.9454177379185161,1.0,2864.1488528831846,1000.0,2864.5438829779896,1000.0,0.00742652389863846,0.0
6224,1706216580000.0,0.0,0.0,5400.0,0.0005330994963707995,0.0,0.0,0.0005407,0.9454177379185161,1.0,2864.486673558392,1000.0,2864.5277162779894,1000.0,0.0010049749251673853,0.0
6225,1706220180000.0,0.0,0.0,201500.0,0.0005331991469459637,0.0,0.0,0.0005371,0.9454177379185161,1.0,2864.6854267876006,1000.0,2865.471448677989,1000.0,0.037504860779807254,0.0
6226,1706223780000.0,0.0,0.0,104500.0,0.0005331314008377428,0.0,0.0,0.0005371,0.9454177379185161,1.0,2864.9696469655337,1000.0,2865.3843655779897,1000.0,0.01944601104118237,0.0
6227,1706227380000.0,0.0,0.0,262600.0,0.0005330121721758177,0.0,0.0,0.0005319,0.9454177379185161,1.0,2865.0354836633587,1000.0,2864.743427249989,1000.0,0.04885419297997639,0.0
6228,1706230980000.0,0.0,0.0,262600.0,0.0005330121721758177,0.0,0.0,0.0005293,0.9454177379185161,1.0,2865.0354836633587,1000.0,2864.060667249989,1000.0,0.04885419297997639,0.0
6229,1706234580000.0,0.0,0.0,110900.0,0.0005330121721758177,0.0,0.0,0.0005352,0.9454177379185161,1.0,2865.199469516287,1000.0,2865.4420996219887,1000.0,0.020630692739963936,0.0
6230,1706238180000.0,0.0,0.0,74000.0,0.0005330121721758177,0.0,0.0,0.0005459,0.9454177379185161,1.0,2865.5603237609994,1000.0,2866.514023019989,1000.0,0.013764463589879124,0.0
6231,1706241780000.0,0.0,0.0,74000.0,0.0005330121721758177,0.0,0.0,0.0005468,0.9454177379185161,1.0,2865.5603237609994,1000.0,2866.5806230199887,1000.0,0.013764463589879124,0.0
6232,1706245380000.0,0.0,0.0,74000.0,0.0005330121721758177,0.0,0.0,0.0005386,0.9454177379185161,1.0,2865.5603237609994,1000.0,2865.9738230199887,1000.0,0.013764463589879124,0.0
6233,1706248980000.0,0.0,0.0,150800.0,0.0005345087586645126,0.0,0.0,0.0005378,0.9454177379185161,1.0,2865.733921020598,1000.0,2866.2302402139894,1000.0,0.028126798589138503,0.0
6234,1706252580000.0,0.0,0.0,230200.0,0.0005346360612415397,0.0,0.0,0.0005332,0.9454177379185161,1.0,2865.757467317792,1000.0,2865.4268860199895,1000.0,0.042946139965219364,0.0
6235,1706256180000.0,0.0,0.0,268200.0,0.0005344992796308115,0.0,0.0,0.0005346,0.9454177379185161,1.0,2865.910618184973,1000.0,2865.9376313879893,1000.0,0.05001995033877616,0.0
6236,1706259780000.0,0.0,0.0,75500.0,0.0005344992796308115,0.0,0.0,0.0005433,0.9454177379185161,1.0,2866.449275524116,1000.0,2867.1137299119896,1000.0,0.014078287014078632,0.0
6237,1706263380000.0,0.0,0.0,400.0,0.0005344992796308115,0.0,0.0,0.0005523,0.9454177379185161,1.0,2867.624554735842,1000.0,2867.63167502399,1000.0,7.455638204075124e-05,0.0
6238,1706266980000.0,0.0,0.0,0.0,0.0005344992796308115,0.0,0.0,0.0005582,0.9454177379185161,1.0,2867.63199076799,1000.0,2867.63199076799,1000.0,0.0,0.0
6239,1706270580000.0,0.0,0.0,0.0,0.0005344992796308115,0.0,0.0,0.0005593,0.9454177379185161,1.0,2867.63199076799,1000.0,2867.63199076799,1000.0,0.0,0.0
6240,1706274180000.0,0.0,0.0,0.0,0.0005344992796308115,0.0,0.0,0.0005557,0.9454177379185161,1.0,2867.63199076799,1000.0,2867.63199076799,1000.0,0.0,0.0
6241,1706277780000.0,0.0,0.0,0.0,0.0005344992796308115,0.0,0.0,0.0005526,0.9454177379185161,1.0,2867.63199076799,1000.0,2867.63199076799,1000.0,0.0,0.0
6242,1706281380000.0,0.0,0.0,0.0,0.0005344992796308115,0.0,0.0,0.0005592,0.9454177379185161,1.0,2867.63199076799,1000.0,2867.63199076799,1000.0,0.0,0.0
6243,1706284980000.0,0.0,0.0,0.0,0.0005344992796308115,0.0,0.0,0.0005614,0.9454177379185161,1.0,2867.63199076799,1000.0,2867.63199076799,1000.0,0.0,0.0
6244,1706288580000.0,0.0,0.0,0.0,0.0005344992796308115,0.0,0.0,0.0005721,0.9454177379185161,1.0,2867.63199076799,1000.0,2867.63199076799,1000.0,0.0,0.0
6245,1706292180000.0,0.0,0.0,0.0,0.0005344992796308115,0.0,0.0,0.0005673,0.9454177379185161,1.0,2867.63199076799,1000.0,2867.63199076799,1000.0,0.0,0.0
6246,1706295780000.0,0.0,0.0,0.0,0.0005344992796308115,0.0,0.0,0.0005587,0.9454177379185161,1.0,2867.63199076799,1000.0,2867.63199076799,1000.0,0.0,0.0
6247,1706299380000.0,0.0,0.0,0.0,0.0005344992796308115,0.0,0.0,0.0005583,0.9454177379185161,1.0,2867.63199076799,1000.0,2867.63199076799,1000.0,0.0,0.0
6248,1706302980000.0,0.0,0.0,0.0,0.0005344992796308115,0.0,0.0,0.0005555,0.9454177379185161,1.0,2867.63199076799,1000.0,2867.63199076799,1000.0,0.0,0.0
6249,1706306580000.0,0.0,0.0,0.0,0.0005344992796308115,0.0,0.0,0.00056,0.9454177379185161,1.0,2867.63199076799,1000.0,2867.63199076799,1000.0,0.0,0.0
6250,1706310180000.0,0.0,0.0,0.0,0.0005344992796308115,0.0,0.0,0.0005639,0.9454177379185161,1.0,2867.63199076799,1000.0,2867.63199076799,1000.0,0.0,0.0
6251,1706313780000.0,0.0,0.0,0.0,0.0005344992796308115,0.0,0.0,0.0005651,0.9454177379185161,1.0,2867.63199076799,1000.0,2867.63199076799,1000.0,0.0,0.0
6252,1706317380000.0,0.0,0.0,0.0,0.0005344992796308115,0.0,0.0,0.0005665,0.9454177379185161,1.0,2867.63199076799,1000.0,2867.63199076799,1000.0,0.0,0.0
6253,1706320980000.0,0.0,0.0,0.0,0.0005344992796308115,0.0,0.0,0.000568,0.9454177379185161,1.0,2867.63199076799,1000.0,2867.63199076799,1000.0,0.0,0.0
6254,1706324580000.0,0.0,0.0,0.0,0.0005344992796308115,0.0,0.0,0.0005692,0.9454177379185161,1.0,2867.63199076799,1000.0,2867.63199076799,1000.0,0.0,0.0
6255,1706328180000.0,0.0,0.0,0.0,0.0005344992796308115,0.0,0.0,0.0005699,0.9454177379185161,1.0,2867.63199076799,1000.0,2867.63199076799,1000.0,0.0,0.0
6256,1706331780000.0,0.0,0.0,193700.0,0.0005554,0.0,0.0,0.000558,0.9454177379185161,1.0,2867.67352977199,1000.0,2868.17714977199,1000.0,0.03751507236897842,0.0
6257,1706335380000.0,0.0,0.0,258200.0,0.0005554,0.0,0.0,0.0005485,0.9454177379185161,1.0,2867.71368095199,1000.0,2865.9321009519904,1000.0,0.05000648459172337,0.0
6258,1706338980000.0,0.0,0.0,258200.0,0.0005554,0.0,0.0,0.0005492,0.9454177379185161,1.0,2867.71368095199,1000.0,2866.11284095199,1000.0,0.05000648459172337,0.0
6259,1706342580000.0,0.0,0.0,258200.0,0.0005554,0.0,0.0,0.0005461,0.9454177379185161,1.0,2867.71368095199,1000.0,2865.31242095199,1000.0,0.05000648459172337,0.0
6260,1706346180000.0,0.0,0.0,523800.0,0.0005474898052691867,0.0,0.0,0.0005426,0.9454177379185161,1.0,2867.68500677599,1000.0,2865.1237267759902,1000.0,0.1000023221945176,0.0
6261,1706349780000.0,0.0,0.0,392900.0,0.0005474898052691867,0.0,0.0,0.0005491,0.9454177379185161,1.0,2867.829056300254,1000.0,2868.4617018099902,1000.0,0.07500751971868652,0.0
6262,1706353380000.0,0.0,0.0,392900.0,0.0005474898052691867,0.0,0.0,0.0005513,0.9454177379185161,1.0,2867.829056300254,1000.0,2869.3260818099902,1000.0,0.07500751971868652,0.0
6263,1706356980000.0,0.0,0.0,195600.0,0.0005492288730362114,0.0,0.0,0.0005501,0.9454177379185161,1.0,2868.3301349558733,1000.0,2868.5005273899906,1000.0,0.037453557474664834,0.0
6264,1706360580000.0,0.0,0.0,260700.0,0.0005499691552172038,0.0,0.0,0.0005492,0.9454177379185161,1.0,2868.6078877031155,1000.0,2868.4073689379907,1000.0,0.04998137228156562,0.0
6265,1706364180000.0,0.0,0.0,260900.0,0.0005498713836313305,0.0,0.0,0.0005478,0.9454177379185161,1.0,2868.7600688154043,1000.0,2868.21964482599,1000.0,0.05000817096866996,0.0
6266,1706367780000.0,0.0,0.0,195700.0,0.0005498713836313305,0.0,0.0,0.000557,0.9454177379185161,1.0,2868.8329882586418,1000.0,2870.2280584819905,1000.0,0.03750996667183811,0.0
6267,1706371380000.0,0.0,0.0,130500.0,0.0005498713836313305,0.0,0.0,0.0005561,0.9454177379185161,1.0,2869.492590341879,1000.0,2870.30542477799,1000.0,0.025007283798331458,0.0
6268,1706374980000.0,0.0,0.0,130500.0,0.0005498713836313305,0.0,0.0,0.0005544,0.9454177379185161,1.0,2869.492590341879,1000.0,2870.08357477799,1000.0,0.025007283798331458,0.0
6269,1706378580000.0,0.0,0.0,58000.0,0.0005498713836313305,0.0,0.0,0.0005607,0.9454177379185161,1.0,2870.2260435786075,1000.0,2870.8541033279903,1000.0,0.011111508210988653,0.0
6270,1706382180000.0,0.0,0.0,29000.0,0.0005498713836313305,0.0,0.0,0.0005739,0.9454177379185161,1.0,2870.780372673299,1000.0,2871.4772025479906,1000.0,0.005554681325363549,0.0
6271,1706385780000.0,0.0,0.0,1000.0,0.0005498713836313305,0.0,0.0,0.0005645,0.9454177379185161,1.0,2871.315586971621,1000.0,2871.3302155879896,1000.0,0.0001915050320927211,0.0
6272,1706389380000.0,0.0,0.0,1000.0,0.0005498713836313305,0.0,0.0,0.0005689,0.9454177379185161,1.0,2871.315586971621,1000.0,2871.33461558799,1000.0,0.0001915050320927211,0.0
6273,1706392980000.0,0.0,0.0,200.0,0.0005498713836313305,0.0,0.0,0.0005699,0.9454177379185161,1.0,2871.330878808716,1000.0,2871.3348845319897,1000.0,3.83008024390046e-05,0.0
6274,1706396580000.0,0.0,0.0,0.0,0.0005498713836313305,0.0,0.0,0.0005686,0.9454177379185161,1.0,2871.33470176799,1000.0,2871.33470176799,1000.0,0.0,0.0
6275,1706400180000.0,0.0,0.0,0.0,0.0005498713836313305,0.0,0.0,0.0005636,0.9454177379185161,1.0,2871.33470176799,1000.0,2871.33470176799,1000.0,0.0,0.0
6276,1706403780000.0,0.0,0.0,0.0,0.0005498713836313305,0.0,0.0,0.0005648,0.9454177379185161,1.0,2871.33470176799,1000.0,2871.33470176799,1000.0,0.0,0.0
6277,1706407380000.0,0.0,0.0,0.0,0.0005498713836313305,0.0,0.0,0.0005657,0.9454177379185161,1.0,2871.33470176799,1000.0,2871.33470176799,1000.0,0.0,0.0
6278,1706410980000.0,0.0,0.0,0.0,0.0005498713836313305,0.0,0.0,0.0005706,0.9454177379185161,1.0,2871.33470176799,1000.0,2871.33470176799,1000.0,0.0,0.0
6279,1706414580000.0,0.0,0.0,0.0,0.0005498713836313305,0.0,0.0,0.0005646,0.9454177379185161,1.0,2871.33470176799,1000.0,2871.33470176799,1000.0,0.0,0.0
6280,1706418180000.0,0.0,0.0,0.0,0.0005498713836313305,0.0,0.0,0.0005693,0.9454177379185161,1.0,2871.33470176799,1000.0,2871.33470176799,1000.0,0.0,0.0
6281,1706421780000.0,0.0,0.0,0.0,0.0005498713836313305,0.0,0.0,0.0005755,0.9454177379185161,1.0,2871.33470176799,1000.0,2871.33470176799,1000.0,0.0,0.0
6282,1706425380000.0,0.0,0.0,0.0,0.0005498713836313305,0.0,0.0,0.0005757,0.9454177379185161,1.0,2871.33470176799,1000.0,2871.33470176799,1000.0,0.0,0.0
6283,1706428980000.0,0.0,0.0,0.0,0.0005498713836313305,0.0,0.0,0.0005698,0.9454177379185161,1.0,2871.33470176799,1000.0,2871.33470176799,1000.0,0.0,0.0
6284,1706432580000.0,0.0,0.0,0.0,0.0005498713836313305,0.0,0.0,0.0005741,0.9454177379185161,1.0,2871.33470176799,1000.0,2871.33470176799,1000.0,0.0,0.0
6285,1706436180000.0,0.0,0.0,0.0,0.0005498713836313305,0.0,0.0,0.0005811,0.9454177379185161,1.0,2871.33470176799,1000.0,2871.33470176799,1000.0,0.0,0.0
6286,1706439780000.0,0.0,0.0,0.0,0.0005498713836313305,0.0,0.0,0.0005872,0.9454177379185161,1.0,2871.33470176799,1000.0,2871.33470176799,1000.0,0.0,0.0
6287,1706443380000.0,0.0,0.0,0.0,0.0005498713836313305,0.0,0.0,0.0005742,0.9454177379185161,1.0,2871.33470176799,1000.0,2871.33470176799,1000.0,0.0,0.0
6288,1706446980000.0,0.0,0.0,0.0,0.0005498713836313305,0.0,0.0,0.0005733,0.9454177379185161,1.0,2871.33470176799,1000.0,2871.33470176799,1000.0,0.0,0.0
6289,1706450580000.0,0.0,0.0,0.0,0.0005498713836313305,0.0,0.0,0.0005726,0.9454177379185161,1.0,2871.33470176799,1000.0,2871.33470176799,1000.0,0.0,0.0
6290,1706454180000.0,0.0,0.0,0.0,0.0005498713836313305,0.0,0.0,0.0005713,0.9454177379185161,1.0,2871.33470176799,1000.0,2871.33470176799,1000.0,0.0,0.0
6291,1706457780000.0,0.0,0.0,0.0,0.0005498713836313305,0.0,0.0,0.0005714,0.9454177379185161,1.0,2871.33470176799,1000.0,2871.33470176799,1000.0,0.0,0.0
6292,1706461380000.0,0.0,0.0,0.0,0.0005498713836313305,0.0,0.0,0.0005695,0.9454177379185161,1.0,2871.33470176799,1000.0,2871.33470176799,1000.0,0.0,0.0
6293,1706464980000.0,0.0,0.0,0.0,0.0005498713836313305,0.0,0.0,0.0005702,0.9454177379185161,1.0,2871.33470176799,1000.0,2871.33470176799,1000.0,0.0,0.0
6294,1706468580000.0,0.0,0.0,142600.0,0.0005666,0.0,0.0,0.0005692,0.9454177379185161,1.0,2871.4263640319896,1000.0,2871.7971240319894,1000.0,0.028138336059068052,0.0
6295,1706472180000.0,0.0,0.0,253500.0,0.0005664879083517418,0.0,0.0,0.0005583,0.9454177379185161,1.0,2871.5264699591557,1000.0,2869.4508351919894,1000.0,0.050009876722191295,0.0
6296,1706475780000.0,0.0,0.0,253500.0,0.0005664879083517418,0.0,0.0,0.0005624,0.9454177379185161,1.0,2871.5264699591557,1000.0,2870.4901851919894,1000.0,0.050009876722191295,0.0
6297,1706479380000.0,0.0,0.0,253500.0,0.0005664879083517418,0.0,0.0,0.0005637,0.9454177379185161,1.0,2871.5264699591557,1000.0,2870.8197351919894,1000.0,0.050009876722191295,0.0
6298,1706482980000.0,0.0,0.0,253500.0,0.0005664879083517418,0.0,0.0,0.0005591,0.9454177379185161,1.0,2871.5264699591557,1000.0,2869.653635191989,1000.0,0.050009876722191295,0.0
6299,1706486580000.0,0.0,0.0,253500.0,0.0005664879083517418,0.0,0.0,0.0005618,0.9454177379185161,1.0,2871.5264699591557,1000.0,2870.338085191989,1000.0,0.050009876722191295,0.0
6300,1706490180000.0,0.0,0.0,253500.0,0.0005664879083517418,0.0,0.0,0.0005622,0.9454177379185161,1.0,2871.5264699591557,1000.0,2870.439485191989,1000.0,0.050009876722191295,0.0
6301,1706493780000.0,0.0,0.0,190200.0,0.0005664879083517418,0.0,0.0,0.0005689,0.9454177379185161,1.0,2871.5960082784904,1000.0,2872.054788109989,1000.0,0.037521294728743736,0.0
6302,1706497380000.0,0.0,0.0,190200.0,0.0005664879083517418,0.0,0.0,0.0005676,0.9454177379185161,1.0,2871.5960082784904,1000.0,2871.807528109989,1000.0,0.037521294728743736,0.0
6303,1706500980000.0,0.0,0.0,142700.0,0.0005664879083517418,0.0,0.0,0.0005701,0.9454177379185161,1.0,2871.6481894817825,1000.0,2872.163634959989,1000.0,0.028150323155143018,0.0
6304,1706504580000.0,0.0,0.0,191300.0,0.0005636188603432124,0.0,0.0,0.0005647,0.9454177379185161,1.0,2871.880051525646,1000.0,2872.0868735419895,1000.0,0.037543450996979665,0.0
6305,1706508180000.0,0.0,0.0,255200.0,0.0005629909244346848,0.0,0.0,0.000563,0.9454177379185161,1.0,2871.989506191722,1000.0,2871.99182227599,1000.0,0.050026395850674955,0.0
6306,1706511780000.0,0.0,0.0,25700.0,0.0005629909244346848,0.0,0.0,0.0005647,0.9454177379185161,1.0,2872.2410922539616,1000.0,2872.28501549599,1000.0,0.00503748337735016,0.0
6307,1706515380000.0,0.0,0.0,255400.0,0.0005622795879325427,0.0,0.0,0.0005613,0.9454177379185161,1.0,2872.2152647859616,1000.0,2871.9650780279903,1000.0,0.0499984136003375,0.0
6308,1706518980000.0,0.0,0.0,107800.0,0.0005622795879325427,0.0,0.0,0.000564,0.9454177379185161,1.0,2872.378763087119,1000.0,2872.564223507991,1000.0,0.021102279531541604,0.0
6309,1706522580000.0,0.0,0.0,81000.0,0.0005617126595511063,0.0,0.0,0.0005659,0.9454177379185161,1.0,2872.5675994856297,1000.0,2872.90677406199,1000.0,0.015839044286298693,0.0
6310,1706526180000.0,0.0,0.0,81000.0,0.0005617126595511063,0.0,0.0,0.0005656,0.9454177379185161,1.0,2872.5675994856297,1000.0,2872.8824740619903,1000.0,0.015839044286298693,0.0
6311,1706529780000.0,0.0,0.0,140400.0,0.0005613414433390521,0.0,0.0,0.0005632,0.9454177379185161,1.0,2872.7416471027936,1000.0,2873.002588457991,1000.0,0.027434537569463107,0.0
6312,1706533380000.0,0.0,0.0,44500.0,0.0005613414433390521,0.0,0.0,0.0005656,0.9454177379185161,1.0,2872.8515520185783,1000.0,2873.0410577899906,1000.0,0.008695087015907977,0.0
6313,1706536980000.0,0.0,0.0,256000.0,0.0005611419696429212,0.0,0.0,0.0005576,0.9454177379185161,1.0,2872.827817488578,1000.0,2871.9210732599904,1000.0,0.05000381274300264,0.0
6314,1706540580000.0,0.0,0.0,256000.0,0.0005611419696429212,0.0,0.0,0.0005586,0.9454177379185161,1.0,2872.827817488578,1000.0,2872.1770732599903,1000.0,0.05000381274300264,0.0
6315,1706544180000.0,0.0,0.0,192000.0,0.0005611419696429212,0.0,0.0,0.0005686,0.9454177379185161,1.0,2872.9011327114313,1000.0,2874.3330745399903,1000.0,0.037501902500124334,0.0
6316,1706547780000.0,0.0,0.0,192000.0,0.0005611419696429212,0.0,0.0,0.0005698,0.9454177379185161,1.0,2872.9011327114313,1000.0,2874.5634745399902,1000.0,0.037501902500124334,0.0
6317,1706551380000.0,0.0,0.0,128000.0,0.0005611419696429212,0.0,0.0,0.0005767,0.9454177379185161,1.0,2873.563130174284,1000.0,2875.55455805999,1000.0,0.024995508663120128,0.0
6318,1706554980000.0,0.0,0.0,17000.0,0.0005611419696429212,0.0,0.0,0.0005792,0.9454177379185161,1.0,2874.71128202392,1000.0,2875.0182685399905,1000.0,0.0033183901088019887,0.0
6319,1706558580000.0,0.0,0.0,17000.0,0.0005611419696429212,0.0,0.0,0.0005796,0.9454177379185161,1.0,2874.71128202392,1000.0,2875.02506853999,1000.0,0.0033183901088019887,0.0
6320,1706562180000.0,0.0,0.0,4300.0,0.0005611419696429212,0.0,0.0,0.0005871,0.9454177379185161,1.0,2874.9594637774544,1000.0,2875.0710833079897,1000.0,0.0008392850403164294,0.0
6321,1706565780000.0,0.0,0.0,4300.0,0.0005611419696429212,0.0,0.0,0.0005834,0.9454177379185161,1.0,2874.9594637774544,1000.0,2875.0551733079897,1000.0,0.0008392850403164294,0.0
6322,1706569380000.0,0.0,0.0,4300.0,0.0005611419696429212,0.0,0.0,0.0005869,0.9454177379185161,1.0,2874.9594637774544,1000.0,2875.0702233079896,1000.0,0.0008392850403164294,0.0
6323,1706572980000.0,0.0,0.0,4300.0,0.0005611419696429212,0.0,0.0,0.0005872,0.9454177379185161,1.0,2874.9594637774544,1000.0,2875.07151330799,1000.0,0.0008392850403164294,0.0
6324,1706576580000.0,0.0,0.0,4300.0,0.0005611419696429212,0.0,0.0,0.0005844,0.9454177379185161,1.0,2874.9594637774544,1000.0,2875.0594733079897,1000.0,0.0008392850403164294,0.0
6325,1706580180000.0,0.0,0.0,0.0,0.0005611419696429212,0.0,0.0,0.0005801,0.9454177379185161,1.0,2875.043493819989,1000.0,2875.043493819989,1000.0,0.0,0.0
6326,1706583780000.0,0.0,0.0,0.0,0.0005611419696429212,0.0,0.0,0.0005814,0.9454177379185161,1.0,2875.043493819989,1000.0,2875.043493819989,1000.0,0.0,0.0
6327,1706587380000.0,0.0,0.0,0.0,0.0005611419696429212,0.0,0.0,0.0005752,0.9454177379185161,1.0,2875.043493819989,1000.0,2875.043493819989,1000.0,0.0,0.0
6328,1706590980000.0,0.0,0.0,141500.0,0.000571956245027844,0.0,0.0,0.0005733,0.9454177379185161,1.0,2875.374218207429,1000.0,2875.564359535989,1000.0,0.028146530687715,0.0
6329,1706594580000.0,0.0,0.0,106200.0,0.000571956245027844,0.0,0.0,0.000574,0.9454177379185161,1.0,2875.4140759659463,1000.0,2875.631122743989,1000.0,0.021124523848465852,0.0
6330,1706598180000.0,0.0,0.0,106200.0,0.000571956245027844,0.0,0.0,0.0005786,0.9454177379185161,1.0,2875.4140759659463,1000.0,2876.119642743989,1000.0,0.021124523848465852,0.0
6331,1706601780000.0,0.0,0.0,70800.0,0.000571956245027844,0.0,0.0,0.00058,0.9454177379185161,1.0,2875.7867400839605,1000.0,2876.356237935989,1000.0,0.014081190925440145,0.0
6332,1706605380000.0,0.0,0.0,70800.0,0.000571956245027844,0.0,0.0,0.0005804,0.9454177379185161,1.0,2875.7867400839605,1000.0,2876.384557935989,1000.0,0.014081190925440145,0.0
6333,1706608980000.0,0.0,0.0,251100.0,0.0005725426558455865,0.0,0.0,0.0005734,0.9454177379185161,1.0,2875.8338301468166,1000.0,2876.04910926399,1000.0,0.04999087894987565,0.0
6334,1706612580000.0,0.0,0.0,188400.0,0.0005725426558455865,0.0,0.0,0.0005799,0.9454177379185161,1.0,2875.9054701732985,1000.0,2877.29159381199,1000.0,0.03750715643473795,0.0
6335,1706616180000.0,0.0,0.0,55900.0,0.0005725426558455865,0.0,0.0,0.000591,0.9454177379185161,1.0,2877.302113473758,1000.0,2878.3338790119897,1000.0,0.011123313854285739,0.0
6336,1706619780000.0,0.0,0.0,250700.0,0.0005738912950311626,0.0,0.0,0.0005738,0.9454177379185161,1.0,2877.929801616302,1000.0,2877.9069139519897,1000.0,0.04999237562483618,0.0
6337,1706623380000.0,0.0,0.0,55800.0,0.0005738684712733718,0.0,0.0,0.0005824,0.9454177379185161,1.0,2879.4584200690438,1000.0,2879.9344793719897,1000.0,0.011120792880310572,0.0
6338,1706626980000.0,0.0,0.0,250800.0,0.0005741508258826531,0.0,0.0,0.0005775,0.9454177379185161,1.0,2879.629462339359,1000.0,2880.4694352079896,1000.0,0.05000540139438246,0.0
6339,1706630580000.0,0.0,0.0,188100.0,0.0005741508258826531,0.0,0.0,0.000584,0.9454177379185161,1.0,2879.7005700405166,1000.0,2881.5531996919894,1000.0,0.03750312496795719,0.0
6340,1706634180000.0,0.0,0.0,16600.0,0.0005741508258826531,0.0,0.0,0.0005857,0.9454177379185161,1.0,2881.5068447616413,1000.0,2881.698561051989,1000.0,0.003307610990748988,0.0
6341,1706637780000.0,0.0,0.0,800.0,0.0005741508258826531,0.0,0.0,0.0005829,0.9454177379185161,1.0,2881.6732537446956,1000.0,2881.6802530839896,1000.0,0.00015939373421648047,0.0
6342,1706641380000.0,0.0,0.0,800.0,0.0005741508258826531,0.0,0.0,0.0005798,0.9454177379185161,1.0,2881.6732537446956,1000.0,2881.6777730839895,1000.0,0.00015939373421648047,0.0
6343,1706644980000.0,0.0,0.0,800.0,0.0005741508258826531,0.0,0.0,0.0005832,0.9454177379185161,1.0,2881.6732537446956,1000.0,2881.6804930839894,1000.0,0.00015939373421648047,0.0
6344,1706648580000.0,0.0,0.0,0.0,0.0005741508258826531,0.0,0.0,0.0005822,0.9454177379185161,1.0,2881.68167951599,1000.0,2881.68167951599,1000.0,0.0,0.0
6345,1706652180000.0,0.0,0.0,0.0,0.0005741508258826531,0.0,0.0,0.0005825,0.9454177379185161,1.0,2881.68167951599,1000.0,2881.68167951599,1000.0,0.0,0.0
6346,1706655780000.0,0.0,0.0,0.0,0.0005741508258826531,0.0,0.0,0.0005819,0.9454177379185161,1.0,2881.68167951599,1000.0,2881.68167951599,1000.0,0.0,0.0
6347,1706659380000.0,0.0,0.0,140500.0,0.000577,0.0,0.0,0.0005809,0.9454177379185161,1.0,2881.782194063989,1000.0,2882.3301440639893,1000.0,0.02813137653740389,0.0
6348,1706662980000.0,0.0,0.0,119700.0,0.0005691826740584381,0.0,0.0,0.0005725,0.9454177379185161,1.0,2882.267377894784,1000.0,2882.664461809989,1000.0,0.023638045036112585,0.0
6349,1706666580000.0,0.0,0.0,251600.0,0.0005714553614248122,0.0,0.0,0.0005687,0.9454177379185161,1.0,2882.3149302044717,1000.0,2881.621681269989,1000.0,0.04988287970471121,0.0
6350,1706670180000.0,0.0,0.0,251800.0,0.0005716670242289994,0.0,0.0,0.0005711,0.9454177379185161,1.0,2882.3787909788507,1000.0,2882.2360142779885,1000.0,0.049939916693592636,0.0
6351,1706673780000.0,0.0,0.0,251500.0,0.0005724115494499818,0.0,0.0,0.0005718,0.9454177379185161,1.0,2882.6349743266587,1000.0,2882.4811696399884,1000.0,0.04994094152357869,0.0
6352,1706677380000.0,0.0,0.0,59800.0,0.0005725783260506394,0.0,0.0,0.0005753,0.9454177379185161,1.0,2883.0409347198156,1000.0,2883.2036908219875,1000.0,0.01187641267436802,0.0
6353,1706680980000.0,0.0,0.0,252000.0,0.0005722399609960242,0.0,0.0,0.0005693,0.9454177379185161,1.0,2883.1848994929856,1000.0,2882.4440293219873,1000.0,0.05001568584670264,0.0
6354,1706684580000.0,0.0,0.0,252000.0,0.0005722399609960242,0.0,0.0,0.0005627,0.9454177379185161,1.0,2883.1848994929856,1000.0,2880.7808293219873,1000.0,0.05001568584670264,0.0
6355,1706688180000.0,0.0,0.0,252000.0,0.0005722399609960242,0.0,0.0,0.0005635,0.9454177379185161,1.0,2883.1848994929856,1000.0,2880.9824293219876,1000.0,0.05001568584670264,0.0
6356,1706691780000.0,0.0,0.0,511200.0,0.0005641070230262091,0.0,0.0,0.0005549,0.9454177379185161,1.0,2883.1560660849855,1000.0,2878.4494359139876,1000.0,0.10001938971086481,0.0
6357,1706695380000.0,0.0,0.0,511200.0,0.0005641070230262091,0.0,0.0,0.000547,0.9454177379185161,1.0,2883.1560660849855,1000.0,2874.4109559139874,1000.0,0.10001938971086481,0.0
6358,1706698980000.0,0.0,0.0,775500.0,0.0005577655192404875,0.0,0.0,0.000542,0.9454177379185161,1.0,2883.1272309549854,1000.0,2870.9010707839875,1000.0,0.1500270801534223,0.0
6359,1706702580000.0,0.0,0.0,775500.0,0.0005577655192404875,0.0,0.0,0.0005477,0.9454177379185161,1.0,2883.1272309549854,1000.0,2875.3214207839874,1000.0,0.1500270801534223,0.0
6360,1706706180000.0,0.0,0.0,775500.0,0.0005577655192404875,0.0,0.0,0.0005496,0.9454177379185161,1.0,2883.1272309549854,1000.0,2876.7948707839873,1000.0,0.1500270801534223,0.0
6361,1706709780000.0,0.0,0.0,775500.0,0.0005577655192404875,0.0,0.0,0.0005506,0.9454177379185161,1.0,2883.1272309549854,1000.0,2877.5703707839875,1000.0,0.1500270801534223,0.0
6362,1706713380000.0,0.0,0.0,775500.0,0.0005577655192404875,0.0,0.0,0.0005479,0.9454177379185161,1.0,2883.1272309549854,1000.0,2875.4765207839873,1000.0,0.1500270801534223,0.0
6363,1706716980000.0,0.0,0.0,775500.0,0.0005577655192404875,0.0,0.0,0.0005508,0.9454177379185161,1.0,2883.1272309549854,1000.0,2877.7254707839875,1000.0,0.1500270801534223,0.0
6364,1706720580000.0,0.0,0.0,775500.0,0.0005577655192404875,0.0,0.0,0.0005556,0.9454177379185161,1.0,2883.1272309549854,1000.0,2881.447870783987,1000.0,0.1500270801534223,0.0
6365,1706724180000.0,0.0,0.0,581700.0,0.0005577655192404875,0.0,0.0,0.0005587,0.9454177379185161,1.0,2883.344806486179,1000.0,2883.8883939439875,1000.0,0.11252632769148027,0.0
6366,1706727780000.0,0.0,0.0,184200.0,0.0005577655192404875,0.0,0.0,0.0005599,0.9454177379185161,1.0,2883.791072088085,1000.0,2884.1842434439873,1000.0,0.03562685578664542,0.0
6367,1706731380000.0,0.0,0.0,260700.0,0.0005549549732969253,0.0,0.0,0.0005538,0.9454177379185161,1.0,2883.894488592496,1000.0,2883.5933870539875,1000.0,0.0501671479697993,0.0
6368,1706734980000.0,0.0,0.0,260700.0,0.0005549549732969253,0.0,0.0,0.0005418,0.9454177379185161,1.0,2883.894488592496,1000.0,2880.464987053988,1000.0,0.0501671479697993,0.0
6369,1706738580000.0,0.0,0.0,528100.0,0.0005470281793950169,0.0,0.0,0.000537,0.9454177379185161,1.0,2883.865646828496,1000.0,2878.5697652899876,1000.0,0.10017303748397836,0.0
6370,1706742180000.0,0.0,0.0,528100.0,0.0005470281793950169,0.0,0.0,0.0005405,0.9454177379185161,1.0,2883.865646828496,1000.0,2880.418115289988,1000.0,0.10017303748397836,0.0
6371,1706745780000.0,0.0,0.0,528100.0,0.0005470281793950169,0.0,0.0,0.0005393,0.9454177379185161,1.0,2883.865646828496,1000.0,2879.784395289988,1000.0,0.10017303748397836,0.0
6372,1706749380000.0,0.0,0.0,528100.0,0.0005470281793950169,0.0,0.0,0.0005357,0.9454177379185161,1.0,2883.865646828496,1000.0,2877.8832352899876,1000.0,0.10017303748397836,0.0
6373,1706752980000.0,0.0,0.0,800700.0,0.0005408904477813268,0.0,0.0,0.000526,0.9454177379185161,1.0,2883.8368057484963,1000.0,2871.914024209988,1000.0,0.15017874127801076,0.0
6374,1706756580000.0,0.0,0.0,800700.0,0.0005408904477813268,0.0,0.0,0.0005277,0.9454177379185161,1.0,2883.8368057484963,1000.0,2873.275214209988,1000.0,0.15017874127801076,0.0
6375,1706760180000.0,0.0,0.0,800700.0,0.0005408904477813268,0.0,0.0,0.0005286,0.9454177379185161,1.0,2883.8368057484963,1000.0,2873.995844209988,1000.0,0.15017874127801076,0.0
6376,1706763780000.0,0.0,0.0,800700.0,0.0005408904477813268,0.0,0.0,0.000529,0.9454177379185161,1.0,2883.8368057484963,1000.0,2874.3161242099877,1000.0,0.15017874127801076,0.0
6377,1706767380000.0,0.0,0.0,800700.0,0.0005408904477813268,0.0,0.0,0.0005319,0.9454177379185161,1.0,2883.8368057484963,1000.0,2876.638154209988,1000.0,0.15017874127801076,0.0
6378,1706770980000.0,0.0,0.0,800700.0,0.0005408904477813268,0.0,0.0,0.0005335,0.9454177379185161,1.0,2883.8368057484963,1000.0,2877.919274209988,1000.0,0.15017874127801076,0.0
6379,1706774580000.0,0.0,0.0,800700.0,0.0005408904477813268,0.0,0.0,0.0005368,0.9454177379185161,1.0,2883.8368057484963,1000.0,2880.561584209988,1000.0,0.15017874127801076,0.0
6380,1706778180000.0,0.0,0.0,800700.0,0.0005408904477813268,0.0,0.0,0.0005364,0.9454177379185161,1.0,2883.8368057484963,1000.0,2880.241304209988,1000.0,0.15017874127801076,0.0
6381,1706781780000.0,0.0,0.0,800700.0,0.0005408904477813268,0.0,0.0,0.0005357,0.9454177379185161,1.0,2883.8368057484963,1000.0,2879.680814209988,1000.0,0.15017874127801076,0.0
6382,1706785380000.0,0.0,0.0,800700.0,0.0005408904477813268,0.0,0.0,0.0005286,0.9454177379185161,1.0,2883.8368057484963,1000.0,2873.995844209988,1000.0,0.15017874127801076,0.0
6383,1706788980000.0,0.0,0.0,800700.0,0.0005408904477813268,0.0,0.0,0.0005283,0.9454177379185161,1.0,2883.8368057484963,1000.0,2873.755634209988,1000.0,0.15017874127801076,0.0
6384,1706792580000.0,0.0,0.0,800700.0,0.0005408904477813268,0.0,0.0,0.0005278,0.9454177379185161,1.0,2883.8368057484963,1000.0,2873.355284209988,1000.0,0.15017874127801076,0.0
6385,1706796180000.0,0.0,0.0,800700.0,0.0005408904477813268,0.0,0.0,0.0005299,0.9454177379185161,1.0,2883.8368057484963,1000.0,2875.036754209988,1000.0,0.15017874127801076,0.0
6386,1706799780000.0,0.0,0.0,142700.0,0.0005408904477813268,0.0,0.0,0.0005425,0.9454177379185161,1.0,2884.5613507483827,1000.0,2884.7910338499873,1000.0,0.026757991081857252,0.0
6387,1706803380000.0,0.0,0.0,271300.0,0.0005337426981246369,0.0,0.0,0.0005322,0.9454177379185161,1.0,2884.6296463032018,1000.0,2884.2111123019877,1000.0,0.050198608402568456,0.0
6388,1706806980000.0,0.0,0.0,271300.0,0.0005337426981246369,0.0,0.0,0.0005296,0.9454177379185161,1.0,2884.6296463032018,1000.0,2883.505732301988,1000.0,0.050198608402568456,0.0
6389,1706810580000.0,0.0,0.0,271300.0,0.0005337426981246369,0.0,0.0,0.0005315,0.9454177379185161,1.0,2884.6296463032018,1000.0,2884.0212023019876,1000.0,0.050198608402568456,0.0
6390,1706814180000.0,0.0,0.0,271300.0,0.0005337426981246369,0.0,0.0,0.0005294,0.9454177379185161,1.0,2884.6296463032018,1000.0,2883.451472301988,1000.0,0.050198608402568456,0.0
6391,1706817780000.0,0.0,0.0,152700.0,0.0005337426981246369,0.0,0.0,0.0005331,0.9454177379185161,1.0,2884.75421447762,1000.0,2884.6560744739877,1000.0,0.028252843723946437,0.0
6392,1706821380000.0,0.0,0.0,153200.0,0.0005301894023201875,0.0,0.0,0.0005317,0.9454177379185161,1.0,2884.997805667441,1000.0,2885.229229231988,1000.0,0.028154273211539384,0.0
6393,1706824980000.0,0.0,0.0,114900.0,0.0005301894023201875,0.0,0.0,0.000536,0.9454177379185161,1.0,2885.0401010345777,1000.0,2885.707738707988,1000.0,0.02111539534744908,0.0
6394,1706828580000.0,0.0,0.0,153200.0,0.0005300253974455799,0.0,0.0,0.0005311,0.9454177379185161,1.0,2885.228830484651,1000.0,2885.393459595988,1000.0,0.028143310516907303,0.0
6395,1706832180000.0,0.0,0.0,272200.0,0.000529970576372751,0.0,0.0,0.0005292,0.9454177379185161,1.0,2885.216218864651,1000.0,2885.0064679759885,1000.0,0.049999022584667555,0.0
6396,1706835780000.0,0.0,0.0,20600.0,0.000529970576372751,0.0,0.0,0.0005314,0.9454177379185161,1.0,2885.473656897267,1000.0,2885.5031030239884,1000.0,0.0037835708003025334,0.0
6397,1706839380000.0,0.0,0.0,20600.0,0.000529970576372751,0.0,0.0,0.0005316,0.9454177379185161,1.0,2885.473656897267,1000.0,2885.5072230239884,1000.0,0.0037835708003025334,0.0
6398,1706842980000.0,0.0,0.0,272700.0,0.0005291210700552261,0.0,0.0,0.0005299,0.9454177379185161,1.0,2885.4598230460488,1000.0,2885.6722372419886,1000.0,0.05000635068685114,0.0
6399,1706846580000.0,0.0,0.0,272700.0,0.0005291210700552261,0.0,0.0,0.0005272,0.9454177379185161,1.0,2885.4598230460488,1000.0,2884.9359472419887,1000.0,0.05000635068685114,0.0
6400,1706850180000.0,0.0,0.0,205000.0,0.0005283170703972873,0.0,0.0,0.0005294,0.9454177379185161,1.0,2885.779467533432,1000.0,2886.0014681019884,1000.0,0.03753058771466541,0.0
6401,1706853780000.0,0.0,0.0,153800.0,0.0005283170703972873,0.0,0.0,0.0005321,0.9454177379185161,1.0,2885.8346114490914,1000.0,2886.4164260219886,1000.0,0.028156556548575518,0.0
6402,1706857380000.0,0.0,0.0,153800.0,0.0005283170703972873,0.0,0.0,0.0005328,0.9454177379185161,1.0,2885.8346114490914,1000.0,2886.5240860219888,1000.0,0.028156556548575518,0.0
6403,1706860980000.0,0.0,0.0,153800.0,0.0005283170703972873,0.0,0.0,0.0005321,0.9454177379185161,1.0,2885.8346114490914,1000.0,2886.4164260219886,1000.0,0.028156556548575518,0.0
6404,1706864580000.0,0.0,0.0,153700.0,0.000528259304471215,0.0,0.0,0.0005292,0.9454177379185161,1.0,2886.128307949214,1000.0,2886.272892851988,1000.0,0.02813230959746176,0.0
6405,1706868180000.0,0.0,0.0,204900.0,0.000528225028570758,0.0,0.0,0.0005302,0.9454177379185161,1.0,2886.2243832541367,1000.0,2886.629054899988,1000.0,0.037499963267623115,0.0
6406,1706871780000.0,0.0,0.0,86600.0,0.0005281265528405617,0.0,0.0,0.0005323,0.9454177379185161,1.0,2886.4658094979814,1000.0,2886.8272300219887,1000.0,0.015844899089224644,0.0
6407,1706875380000.0,0.0,0.0,11500.0,0.0005281265528405617,0.0,0.0,0.0005376,0.9454177379185161,1.0,2887.1917161216556,1000.0,2887.300660763989,1000.0,0.0021035857521179402,0.0
6408,1706878980000.0,0.0,0.0,800.0,0.0005281265528405617,0.0,0.0,0.0005448,0.9454177379185161,1.0,2887.3020995082616,1000.0,2887.315438265989,1000.0,0.00014633080561414263,0.0
6409,1706882580000.0,0.0,0.0,0.0,0.0005281265528405617,0.0,0.0,0.0005312,0.9454177379185161,1.0,2887.3167908099895,1000.0,2887.3167908099895,1000.0,0.0,0.0
6410,1706886180000.0,0.0,0.0,0.0,0.0005281265528405617,0.0,0.0,0.0005381,0.9454177379185161,1.0,2887.3167908099895,1000.0,2887.3167908099895,1000.0,0.0,0.0
6411,1706889780000.0,0.0,0.0,0.0,0.0005281265528405617,0.0,0.0,0.0005545,0.9454177379185161,1.0,2887.3167908099895,1000.0,2887.3167908099895,1000.0,0.0,0.0
6412,1706893380000.0,0.0,0.0,0.0,0.0005281265528405617,0.0,0.0,0.0005431,0.9454177379185161,1.0,2887.3167908099895,1000.0,2887.3167908099895,1000.0,0.0,0.0
6413,1706896980000.0,0.0,0.0,0.0,0.0005281265528405617,0.0,0.0,0.0005388,0.9454177379185161,1.0,2887.3167908099895,1000.0,2887.3167908099895,1000.0,0.0,0.0
6414,1706900580000.0,0.0,0.0,203100.0,0.0005334749907646842,0.0,0.0,0.0005387,0.9454177379185161,1.0,2887.4301678902966,1000.0,2888.491367265989,1000.0,0.03752429126397626,0.0
6415,1706904180000.0,0.0,0.0,203100.0,0.0005334749907646842,0.0,0.0,0.0005381,0.9454177379185161,1.0,2887.4301678902966,1000.0,2888.3695072659893,1000.0,0.03752429126397626,0.0
6416,1706907780000.0,0.0,0.0,203100.0,0.0005334749907646842,0.0,0.0,0.0005363,0.9454177379185161,1.0,2887.4301678902966,1000.0,2888.003927265989,1000.0,0.03752429126397626,0.0
6417,1706911380000.0,0.0,0.0,270600.0,0.0005334894362276064,0.0,0.0,0.0005337,0.9454177379185161,1.0,2887.5585423311795,1000.0,2887.615520887989,1000.0,0.049994567842300434,0.0
6418,1706914980000.0,0.0,0.0,203000.0,0.0005334894362276064,0.0,0.0,0.000537,0.9454177379185161,1.0,2887.6331472981933,1000.0,2888.345791743989,1000.0,0.03750419462234431,0.0
6419,1706918580000.0,0.0,0.0,203000.0,0.0005334894362276064,0.0,0.0,0.0005366,0.9454177379185161,1.0,2887.6331472981933,1000.0,2888.264591743989,1000.0,0.03750419462234431,0.0
6420,1706922180000.0,0.0,0.0,203000.0,0.0005334894362276064,0.0,0.0,0.000539,0.9454177379185161,1.0,2887.6331472981933,1000.0,2888.751791743989,1000.0,0.03750419462234431,0.0
6421,1706925780000.0,0.0,0.0,203000.0,0.0005334894362276064,0.0,0.0,0.0005398,0.9454177379185161,1.0,2887.6331472981933,1000.0,2888.9141917439892,1000.0,0.03750419462234431,0.0
6422,1706929380000.0,0.0,0.0,203000.0,0.0005334894362276064,0.0,0.0,0.000537,0.9454177379185161,1.0,2887.6331472981933,1000.0,2888.345791743989,1000.0,0.03750419462234431,0.0
6423,1706932980000.0,0.0,0.0,270500.0,0.0005336332111953,0.0,0.0,0.0005335,0.9454177379185161,1.0,2887.7427771263183,1000.0,2887.7067434979895,1000.0,0.04998637162966903,0.0
6424,1706936580000.0,0.0,0.0,114200.0,0.0005336332111953,0.0,0.0,0.0005376,0.9454177379185161,1.0,2887.908428368493,1000.0,2888.3614356499897,1000.0,0.021102093168837585,0.0
6425,1706940180000.0,0.0,0.0,114200.0,0.0005336332111953,0.0,0.0,0.0005373,0.9454177379185161,1.0,2887.908428368493,1000.0,2888.32717564999,1000.0,0.021102093168837585,0.0
6426,1706943780000.0,0.0,0.0,114200.0,0.0005336332111953,0.0,0.0,0.0005369,0.9454177379185161,1.0,2887.908428368493,1000.0,2888.2814956499897,1000.0,0.021102093168837585,0.0
6427,1706947380000.0,0.0,0.0,223100.0,0.0005335235326610662,0.0,0.0,0.0005342,0.9454177379185161,1.0,2888.235547550673,1000.0,2888.386467413989,1000.0,0.04121170111545259,0.0
6428,1706950980000.0,0.0,0.0,39900.0,0.0005335235326610662,0.0,0.0,0.0005347,0.9454177379185161,1.0,2888.431484959166,1000.0,2888.4784260059896,1000.0,0.00736994769099655,0.0
6429,1706954580000.0,0.0,0.0,6000.0,0.0005335235326610662,0.0,0.0,0.0005415,0.9454177379185161,1.0,2888.6765001759554,1000.0,2888.724358979989,1000.0,0.0011081688087161748,0.0
6430,1706958180000.0,0.0,0.0,4000.0,0.0005335235326610662,0.0,0.0,0.0005411,0.9454177379185161,1.0,2888.696035750633,1000.0,2888.726341619989,1000.0,0.0007387742096200566,0.0
6431,1706961780000.0,0.0,0.0,4000.0,0.0005335235326610662,0.0,0.0,0.0005353,0.9454177379185161,1.0,2888.696035750633,1000.0,2888.703141619989,1000.0,0.0007387742096200566,0.0
6432,1706965380000.0,0.0,0.0,4000.0,0.0005335235326610662,0.0,0.0,0.0005396,0.9454177379185161,1.0,2888.696035750633,1000.0,2888.720341619989,1000.0,0.0007387742096200566,0.0
6433,1706968980000.0,0.0,0.0,4000.0,0.0005335235326610662,0.0,0.0,0.0005398,0.9454177379185161,1.0,2888.696035750633,1000.0,2888.721141619989,1000.0,0.0007387742096200566,0.0
6434,1706972580000.0,0.0,0.0,900.0,0.0005335235326610662,0.0,0.0,0.0005471,0.9454177379185161,1.0,2888.7342343073833,1000.0,2888.7464531279884,1000.0,0.00016622199913454057,0.0
6435,1706976180000.0,0.0,0.0,0.0,0.0005335235326610662,0.0,0.0,0.000572,0.9454177379185161,1.0,2888.7535532099882,1000.0,2888.7535532099882,1000.0,0.0,0.0
6436,1706979780000.0,0.0,0.0,0.0,0.0005335235326610662,0.0,0.0,0.0005834,0.9454177379185161,1.0,2888.7535532099882,1000.0,2888.7535532099882,1000.0,0.0,0.0
6437,1706983380000.0,0.0,0.0,0.0,0.0005335235326610662,0.0,0.0,0.0005797,0.9454177379185161,1.0,2888.7535532099882,1000.0,2888.7535532099882,1000.0,0.0,0.0
6438,1706986980000.0,0.0,0.0,0.0,0.0005335235326610662,0.0,0.0,0.0005682,0.9454177379185161,1.0,2888.7535532099882,1000.0,2888.7535532099882,1000.0,0.0,0.0
6439,1706990580000.0,0.0,0.0,0.0,0.0005335235326610662,0.0,0.0,0.00057,0.9454177379185161,1.0,2888.7535532099882,1000.0,2888.7535532099882,1000.0,0.0,0.0
6440,1706994180000.0,0.0,0.0,0.0,0.0005335235326610662,0.0,0.0,0.0005667,0.9454177379185161,1.0,2888.7535532099882,1000.0,2888.7535532099882,1000.0,0.0,0.0
6441,1706997780000.0,0.0,0.0,66000.0,0.0005498,0.0,0.0,0.0005618,0.9454177379185161,1.0,2890.513759421988,1000.0,2891.305759421988,1000.0,0.012553754460333797,0.0
6442,1707001380000.0,0.0,0.0,66000.0,0.0005498,0.0,0.0,0.0005607,0.9454177379185161,1.0,2890.513759421988,1000.0,2891.233159421988,1000.0,0.012553754460333797,0.0
6443,1707004980000.0,0.0,0.0,13100.0,0.0005498,0.0,0.0,0.0005596,0.9454177379185161,1.0,2891.0474146219885,1000.0,2891.1757946219886,1000.0,0.0024912701063194874,0.0
6444,1707008580000.0,0.0,0.0,8800.0,0.0005498,0.0,0.0,0.0005596,0.9454177379185161,1.0,2891.0907930219887,1000.0,2891.177033021989,1000.0,0.0016734998470742256,0.0
6445,1707012180000.0,0.0,0.0,600.0,0.0005498,0.0,0.0,0.0005633,0.9454177379185161,1.0,2891.173514621989,1000.0,2891.181614621989,1000.0,0.00011409899763249965,0.0
6446,1707015780000.0,0.0,0.0,0.0,0.0005498,0.0,0.0,0.0005654,0.9454177379185161,1.0,2891.184966341989,1000.0,2891.184966341989,1000.0,0.0,0.0
6447,1707019380000.0,0.0,0.0,0.0,0.0005498,0.0,0.0,0.0005662,0.9454177379185161,1.0,2891.184966341989,1000.0,2891.184966341989,1000.0,0.0,0.0
6448,1707022980000.0,0.0,0.0,0.0,0.0005498,0.0,0.0,0.0005652,0.9454177379185161,1.0,2891.184966341989,1000.0,2891.184966341989,1000.0,0.0,0.0
6449,1707026580000.0,0.0,0.0,0.0,0.0005498,0.0,0.0,0.0005613,0.9454177379185161,1.0,2891.184966341989,1000.0,2891.184966341989,1000.0,0.0,0.0
6450,1707030180000.0,0.0,0.0,260300.0,0.0005553,0.0,0.0,0.0005543,0.9454177379185161,1.0,2891.156057423989,1000.0,2890.895757423989,1000.0,0.04999542990037998,0.0
6451,1707033780000.0,0.0,0.0,82500.0,0.0005553,0.0,0.0,0.0005562,0.9454177379185161,1.0,2891.349628283989,1000.0,2891.4238782839893,1000.0,0.01584459020515948,0.0
6452,1707037380000.0,0.0,0.0,34900.0,0.0005553,0.0,0.0,0.0005582,0.9454177379185161,1.0,2891.401450403989,1000.0,2891.502660403989,1000.0,0.006702621663723733,0.0
6453,1707040980000.0,0.0,0.0,3800.0,0.0005553,0.0,0.0,0.0005718,0.9454177379185161,1.0,2891.477160601989,1000.0,2891.539860601989,1000.0,0.0007297792383601885,0.0
6454,1707044580000.0,0.0,0.0,0.0,0.0005553,0.0,0.0,0.0005817,0.9454177379185161,1.0,2891.559542009989,1000.0,2891.559542009989,1000.0,0.0,0.0
6455,1707048180000.0,0.0,0.0,0.0,0.0005553,0.0,0.0,0.0005782,0.9454177379185161,1.0,2891.559542009989,1000.0,2891.559542009989,1000.0,0.0,0.0
6456,1707051780000.0,0.0,0.0,0.0,0.0005553,0.0,0.0,0.0005732,0.9454177379185161,1.0,2891.559542009989,1000.0,2891.559542009989,1000.0,0.0,0.0
6457,1707055380000.0,0.0,0.0,0.0,0.0005553,0.0,0.0,0.0005823,0.9454177379185161,1.0,2891.559542009989,1000.0,2891.559542009989,1000.0,0.0,0.0
6458,1707058980000.0,0.0,0.0,0.0,0.0005553,0.0,0.0,0.0005824,0.9454177379185161,1.0,2891.559542009989,1000.0,2891.559542009989,1000.0,0.0,0.0
6459,1707062580000.0,0.0,0.0,0.0,0.0005553,0.0,0.0,0.0005763,0.9454177379185161,1.0,2891.559542009989,1000.0,2891.559542009989,1000.0,0.0,0.0
6460,1707066180000.0,0.0,0.0,0.0,0.0005553,0.0,0.0,0.0005801,0.9454177379185161,1.0,2891.559542009989,1000.0,2891.559542009989,1000.0,0.0,0.0
6461,1707069780000.0,0.0,0.0,0.0,0.0005553,0.0,0.0,0.0005768,0.9454177379185161,1.0,2891.559542009989,1000.0,2891.559542009989,1000.0,0.0,0.0
6462,1707073380000.0,0.0,0.0,0.0,0.0005553,0.0,0.0,0.0005733,0.9454177379185161,1.0,2891.559542009989,1000.0,2891.559542009989,1000.0,0.0,0.0
6463,1707076980000.0,0.0,0.0,0.0,0.0005553,0.0,0.0,0.0005736,0.9454177379185161,1.0,2891.559542009989,1000.0,2891.559542009989,1000.0,0.0,0.0
6464,1707080580000.0,0.0,0.0,0.0,0.0005553,0.0,0.0,0.0005812,0.9454177379185161,1.0,2891.559542009989,1000.0,2891.559542009989,1000.0,0.0,0.0
6465,1707084180000.0,0.0,0.0,0.0,0.0005553,0.0,0.0,0.0005769,0.9454177379185161,1.0,2891.559542009989,1000.0,2891.559542009989,1000.0,0.0,0.0
6466,1707087780000.0,0.0,0.0,0.0,0.0005553,0.0,0.0,0.0005728,0.9454177379185161,1.0,2891.559542009989,1000.0,2891.559542009989,1000.0,0.0,0.0
6467,1707091380000.0,0.0,0.0,0.0,0.0005553,0.0,0.0,0.0005719,0.9454177379185161,1.0,2891.559542009989,1000.0,2891.559542009989,1000.0,0.0,0.0
6468,1707094980000.0,0.0,0.0,254600.0,0.0005678,0.0,0.0,0.0005675,0.9454177379185161,1.0,2891.530629633989,1000.0,2891.454249633989,1000.0,0.0499949329667999,0.0
6469,1707098580000.0,0.0,0.0,80700.0,0.0005678,0.0,0.0,0.0005729,0.9454177379185161,1.0,2891.736906335989,1000.0,2892.148476335989,1000.0,0.015845653143480003,0.0
6470,1707102180000.0,0.0,0.0,80700.0,0.0005678,0.0,0.0,0.0005724,0.9454177379185161,1.0,2891.736906335989,1000.0,2892.108126335989,1000.0,0.015845653143480003,0.0
6471,1707105780000.0,0.0,0.0,80700.0,0.0005678,0.0,0.0,0.0005747,0.9454177379185161,1.0,2891.736906335989,1000.0,2892.293736335989,1000.0,0.015845653143480003,0.0
6472,1707109380000.0,0.0,0.0,80700.0,0.0005678,0.0,0.0,0.0005737,0.9454177379185161,1.0,2891.736906335989,1000.0,2892.213036335989,1000.0,0.015845653143480003,0.0
6473,1707112980000.0,0.0,0.0,80700.0,0.0005678,0.0,0.0,0.0005739,0.9454177379185161,1.0,2891.736906335989,1000.0,2892.229176335989,1000.0,0.015845653143480003,0.0
6474,1707116580000.0,0.0,0.0,35900.0,0.0005678,0.0,0.0,0.0005796,0.9454177379185161,1.0,2892.202124767989,1000.0,2892.625744767989,1000.0,0.0070479237344572504,0.0
6475,1707120180000.0,0.0,0.0,24000.0,0.0005678,0.0,0.0,0.0005821,0.9454177379185161,1.0,2892.325698413989,1000.0,2892.6688984139887,1000.0,0.004711502583361374,0.0
6476,1707123780000.0,0.0,0.0,700.0,0.0005678,0.0,0.0,0.0005782,0.9454177379185161,1.0,2892.567653535988,1000.0,2892.574933535988,1000.0,0.00013740733065106684,0.0
6477,1707127380000.0,0.0,0.0,700.0,0.0005678,0.0,0.0,0.0005762,0.9454177379185161,1.0,2892.567653535988,1000.0,2892.573533535988,1000.0,0.00013740733065106684,0.0
6478,1707130980000.0,0.0,0.0,700.0,0.0005678,0.0,0.0,0.0005768,0.9454177379185161,1.0,2892.567653535988,1000.0,2892.573953535988,1000.0,0.00013740733065106684,0.0
6479,1707134580000.0,0.0,0.0,500.0,0.0005678,0.0,0.0,0.0005862,0.9454177379185161,1.0,2892.569730403988,1000.0,2892.578930403988,1000.0,9.814802285176004e-05,0.0
6480,1707138180000.0,0.0,0.0,0.0,0.0005678,0.0,0.0,0.0005788,0.9454177379185161,1.0,2892.5749225739874,1000.0,2892.5749225739874,1000.0,0.0,0.0
6481,1707141780000.0,0.0,0.0,0.0,0.0005678,0.0,0.0,0.000584,0.9454177379185161,1.0,2892.5749225739874,1000.0,2892.5749225739874,1000.0,0.0,0.0
6482,1707145380000.0,0.0,0.0,0.0,0.0005678,0.0,0.0,0.0005821,0.9454177379185161,1.0,2892.5749225739874,1000.0,2892.5749225739874,1000.0,0.0,0.0
6483,1707148980000.0,0.0,0.0,252700.0,0.0005724,0.0,0.0,0.0005705,0.9454177379185161,1.0,2892.6135596959875,1000.0,2892.1334296959876,1000.0,0.050005117176869694,0.0
6484,1707152580000.0,0.0,0.0,252700.0,0.0005724,0.0,0.0,0.0005715,0.9454177379185161,1.0,2892.6135596959875,1000.0,2892.3861296959876,1000.0,0.050005117176869694,0.0
6485,1707156180000.0,0.0,0.0,252700.0,0.0005724,0.0,0.0,0.0005707,0.9454177379185161,1.0,2892.6135596959875,1000.0,2892.1839696959873,1000.0,0.050005117176869694,0.0
6486,1707159780000.0,0.0,0.0,252700.0,0.0005724,0.0,0.0,0.0005722,0.9454177379185161,1.0,2892.6135596959875,1000.0,2892.5630196959874,1000.0,0.050005117176869694,0.0
6487,1707163380000.0,0.0,0.0,253300.0,0.0005717420844848006,0.0,0.0,0.0005687,0.9454177379185161,1.0,2892.731845527988,1000.0,2891.961285527988,1000.0,0.05006418767224748,0.0
6488,1707166980000.0,0.0,0.0,45200.0,0.0005717420844848006,0.0,0.0,0.0005738,0.9454177379185161,1.0,2892.969769486701,1000.0,2893.062787267988,1000.0,0.008932945823107672,0.0
6489,1707170580000.0,0.0,0.0,1200.0,0.0005717420844848006,0.0,0.0,0.0005713,0.9454177379185161,1.0,2893.02007536937,1000.0,2893.019544867988,1000.0,0.00023715372984204518,0.0
6490,1707174180000.0,0.0,0.0,253800.0,0.0005700082368060746,0.0,0.0,0.00057,0.9454177379185161,1.0,2892.99127896937,1000.0,2892.9891884679882,1000.0,0.050006403943574924,0.0
6491,1707177780000.0,0.0,0.0,80400.0,0.0005700082368060746,0.0,0.0,0.0005714,0.9454177379185161,1.0,2893.195458023197,1000.0,2893.3073557839884,1000.0,0.01584015421845065,0.0
6492,1707181380000.0,0.0,0.0,2700.0,0.0005700082368060746,0.0,0.0,0.0005707,0.9454177379185161,1.0,2893.2869500213656,1000.0,2893.288817781989,1000.0,0.000531928656217468,0.0
6493,1707184980000.0,0.0,0.0,700.0,0.0005700082368060746,0.0,0.0,0.0005733,0.9454177379185161,1.0,2893.2893050277535,1000.0,2893.2916092619894,1000.0,0.00013790731713931553,0.0
6494,1707188580000.0,0.0,0.0,700.0,0.0005700082368060746,0.0,0.0,0.0005733,0.9454177379185161,1.0,2893.2893050277535,1000.0,2893.2916092619894,1000.0,0.00013790731713931553,0.0
6495,1707192180000.0,0.0,0.0,200.0,0.0005700082368060746,0.0,0.0,0.0005719,0.9454177379185161,1.0,2893.289893779349,1000.0,2893.2902721319874,1000.0,3.940208259335559e-05,0.0
6496,1707195780000.0,0.0,0.0,34100.0,0.0005690007932626326,0.0,0.0,0.0005697,0.9454177379185161,1.0,2893.521839376244,1000.0,2893.5456823259883,1000.0,0.006705643892578485,0.0
6497,1707199380000.0,0.0,0.0,19200.0,0.0005690007932626326,0.0,0.0,0.000569,0.9454177379185161,1.0,2893.539498062631,1000.0,2893.5394828319886,1000.0,0.0037755887686887475,0.0
6498,1707202980000.0,0.0,0.0,254600.0,0.000568260389751149,0.0,0.0,0.000567,0.9454177379185161,1.0,2893.512747206631,1000.0,2893.1918519759884,1000.0,0.05000119504236306,0.0
6499,1707206580000.0,0.0,0.0,254600.0,0.000568260389751149,0.0,0.0,0.0005667,0.9454177379185161,1.0,2893.512747206631,1000.0,2893.1154719759884,1000.0,0.05000119504236306,0.0
6500,1707210180000.0,0.0,0.0,255200.0,0.0005675309243661776,0.0,0.0,0.0005682,0.9454177379185161,1.0,2893.661590004238,1000.0,2893.8323381059895,1000.0,0.050052118187751314,0.0
6501,1707213780000.0,0.0,0.0,255200.0,0.0005675309243661776,0.0,0.0,0.0005641,0.9454177379185161,1.0,2893.661590004238,1000.0,2892.7860181059896,1000.0,0.050052118187751314,0.0
6502,1707217380000.0,0.0,0.0,255200.0,0.0005675309243661776,0.0,0.0,0.0005587,0.9454177379185161,1.0,2893.661590004238,1000.0,2891.4079381059896,1000.0,0.050052118187751314,0.0
6503,1707220980000.0,0.0,0.0,255200.0,0.0005675309243661776,0.0,0.0,0.0005612,0.9454177379185161,1.0,2893.661590004238,1000.0,2892.0459381059895,1000.0,0.050052118187751314,0.0
6504,1707224580000.0,0.0,0.0,520600.0,0.0005565274849957494,0.0,0.0,0.0005507,0.9454177379185161,1.0,2893.814302708777,1000.0,2890.78051401999,1000.0,0.10011983437139862,0.0
6505,1707228180000.0,0.0,0.0,219700.0,0.0005565274849957494,0.0,0.0,0.000557,0.9454177379185161,1.0,2894.163634069557,1000.0,2894.2674456159907,1000.0,0.04224677796868053,0.0
6506,1707231780000.0,0.0,0.0,219700.0,0.0005565274849957494,0.0,0.0,0.0005541,0.9454177379185161,1.0,2894.163634069557,1000.0,2893.6303156159906,1000.0,0.04224677796868053,0.0
6507,1707235380000.0,0.0,0.0,259000.0,0.0005576169139581277,0.0,0.0,0.0005583,0.9454177379185161,1.0,2894.372943079146,1000.0,2894.549862363991,1000.0,0.04989777874357564,0.0
6508,1707238980000.0,0.0,0.0,259000.0,0.0005583780359519205,0.0,0.0,0.0005573,0.9454177379185161,1.0,2894.5905130735377,1000.0,2894.3113017619903,1000.0,0.04996213131300113,0.0
6509,1707242580000.0,0.0,0.0,259000.0,0.0005583780359519205,0.0,0.0,0.0005542,0.9454177379185161,1.0,2894.5905130735377,1000.0,2893.50840176199,1000.0,0.04996213131300113,0.0
6510,1707246180000.0,0.0,0.0,259000.0,0.0005583780359519205,0.0,0.0,0.0005533,0.9454177379185161,1.0,2894.5905130735377,1000.0,2893.2753017619902,1000.0,0.04996213131300113,0.0
6511,1707249780000.0,0.0,0.0,259000.0,0.0005583780359519205,0.0,0.0,0.0005573,0.9454177379185161,1.0,2894.5905130735377,1000.0,2894.3113017619903,1000.0,0.04996213131300113,0.0
6512,1707253380000.0,0.0,0.0,259000.0,0.0005583780359519205,0.0,0.0,0.0005569,0.9454177379185161,1.0,2894.5905130735377,1000.0,2894.2077017619904,1000.0,0.04996213131300113,0.0
6513,1707256980000.0,0.0,0.0,259000.0,0.0005583780359519205,0.0,0.0,0.0005551,0.9454177379185161,1.0,2894.5905130735377,1000.0,2893.7415017619905,1000.0,0.04996213131300113,0.0
6514,1707260580000.0,0.0,0.0,259000.0,0.0005583780359519205,0.0,0.0,0.0005542,0.9454177379185161,1.0,2894.5905130735377,1000.0,2893.50840176199,1000.0,0.04996213131300113,0.0
6515,1707264180000.0,0.0,0.0,259000.0,0.0005583780359519205,0.0,0.0,0.0005531,0.9454177379185161,1.0,2894.5905130735377,1000.0,2893.2235017619905,1000.0,0.04996213131300113,0.0
6516,1707267780000.0,0.0,0.0,259000.0,0.0005583780359519205,0.0,0.0,0.0005533,0.9454177379185161,1.0,2894.5905130735377,1000.0,2893.2753017619902,1000.0,0.04996213131300113,0.0
6517,1707271380000.0,0.0,0.0,259000.0,0.0005583780359519205,0.0,0.0,0.0005538,0.9454177379185161,1.0,2894.5905130735377,1000.0,2893.4048017619903,1000.0,0.04996213131300113,0.0
6518,1707274980000.0,0.0,0.0,259000.0,0.0005583780359519205,0.0,0.0,0.0005538,0.9454177379185161,1.0,2894.5905130735377,1000.0,2893.4048017619903,1000.0,0.04996213131300113,0.0
6519,1707278580000.0,0.0,0.0,259000.0,0.0005583780359519205,0.0,0.0,0.0005536,0.9454177379185161,1.0,2894.5905130735377,1000.0,2893.3530017619905,1000.0,0.04996213131300113,0.0
6520,1707282180000.0,0.0,0.0,259000.0,0.0005583780359519205,0.0,0.0,0.000554,0.9454177379185161,1.0,2894.5905130735377,1000.0,2893.4566017619904,1000.0,0.04996213131300113,0.0
6521,1707285780000.0,0.0,0.0,259000.0,0.0005583780359519205,0.0,0.0,0.0005545,0.9454177379185161,1.0,2894.5905130735377,1000.0,2893.5861017619904,1000.0,0.04996213131300113,0.0
6522,1707289380000.0,0.0,0.0,259000.0,0.0005583780359519205,0.0,0.0,0.0005558,0.9454177379185161,1.0,2894.5905130735377,1000.0,2893.9228017619903,1000.0,0.04996213131300113,0.0
6523,1707292980000.0,0.0,0.0,259000.0,0.0005583780359519205,0.0,0.0,0.0005533,0.9454177379185161,1.0,2894.5905130735377,1000.0,2893.2753017619902,1000.0,0.04996213131300113,0.0
6524,1707296580000.0,0.0,0.0,259000.0,0.0005583780359519205,0.0,0.0,0.0005482,0.9454177379185161,1.0,2894.5905130735377,1000.0,2891.9544017619905,1000.0,0.04996213131300113,0.0
6525,1707300180000.0,0.0,0.0,797600.0,0.0005442116114738558,0.0,0.0,0.0005394,0.9454177379185161,1.0,2894.5326244195376,1000.0,2890.6948831079903,1000.0,0.14995967834309462,0.0
6526,1707303780000.0,0.0,0.0,797600.0,0.0005442116114738558,0.0,0.0,0.0005323,0.9454177379185161,1.0,2894.5326244195376,1000.0,2885.03192310799,1000.0,0.14995967834309462,0.0
6527,1707307380000.0,0.0,0.0,797600.0,0.0005442116114738558,0.0,0.0,0.0005325,0.9454177379185161,1.0,2894.5326244195376,1000.0,2885.1914431079904,1000.0,0.14995967834309462,0.0
6528,1707310980000.0,0.0,0.0,797600.0,0.0005442116114738558,0.0,0.0,0.0005358,0.9454177379185161,1.0,2894.5326244195376,1000.0,2887.8235231079902,1000.0,0.14995967834309462,0.0
6529,1707314580000.0,0.0,0.0,797600.0,0.0005442116114738558,0.0,0.0,0.0005352,0.9454177379185161,1.0,2894.5326244195376,1000.0,2887.34496310799,1000.0,0.14995967834309462,0.0
6530,1707318180000.0,0.0,0.0,797600.0,0.0005442116114738558,0.0,0.0,0.0005334,0.9454177379185161,1.0,2894.5326244195376,1000.0,2885.90928310799,1000.0,0.14995967834309462,0.0
6531,1707321780000.0,0.0,0.0,797600.0,0.0005442116114738558,0.0,0.0,0.0005348,0.9454177379185161,1.0,2894.5326244195376,1000.0,2887.0259231079904,1000.0,0.14995967834309462,0.0
6532,1707325380000.0,0.0,0.0,797600.0,0.0005442116114738558,0.0,0.0,0.0005351,0.9454177379185161,1.0,2894.5326244195376,1000.0,2887.26520310799,1000.0,0.14995967834309462,0.0
6533,1707328980000.0,0.0,0.0,797600.0,0.0005442116114738558,0.0,0.0,0.0005427,0.9454177379185161,1.0,2894.5326244195376,1000.0,2893.32696310799,1000.0,0.14995967834309462,0.0
6534,1707332580000.0,0.0,0.0,797600.0,0.0005442116114738558,0.0,0.0,0.0005426,0.9454177379185161,1.0,2894.5326244195376,1000.0,2893.24720310799,1000.0,0.14995967834309462,0.0
6535,1707336180000.0,0.0,0.0,797600.0,0.0005442116114738558,0.0,0.0,0.0005418,0.9454177379185161,1.0,2894.5326244195376,1000.0,2892.6091231079904,1000.0,0.14995967834309462,0.0
6536,1707339780000.0,0.0,0.0,33800.0,0.0005442116114738558,0.0,0.0,0.000546,0.9454177379185161,1.0,2895.3570002718066,1000.0,2895.4174478039904,1000.0,0.006353051615427571,0.0
6537,1707343380000.0,0.0,0.0,10800.0,0.0005442116114738558,0.0,0.0,0.0005502,0.9454177379185161,1.0,2895.3818243679075,1000.0,2895.44649896399,1000.0,0.0020299517509062073,0.0
6538,1707346980000.0,0.0,0.0,10800.0,0.0005442116114738558,0.0,0.0,0.0005447,0.9454177379185161,1.0,2895.3818243679075,1000.0,2895.38709896399,1000.0,0.0020299517509062073,0.0
6539,1707350580000.0,0.0,0.0,900.0,0.0005442116114738558,0.0,0.0,0.0005484,0.9454177379185161,1.0,2895.3925095223162,1000.0,2895.3962790719897,1000.0,0.00016916202163114532,0.0
6540,1707354180000.0,0.0,0.0,600.0,0.0005442116114738558,0.0,0.0,0.0005499,0.9454177379185161,1.0,2895.392833314874,1000.0,2895.3962463479897,1000.0,0.00011277466847580736,0.0
6541,1707357780000.0,0.0,0.0,600.0,0.0005442116114738558,0.0,0.0,0.0005497,0.9454177379185161,1.0,2895.392833314874,1000.0,2895.39612634799,1000.0,0.00011277466847580736,0.0
6542,1707361380000.0,0.0,0.0,400.0,0.0005442116114738558,0.0,0.0,0.0005501,0.9454177379185161,1.0,2895.3948288205793,1000.0,2895.39718417599,1000.0,7.518306050101456e-05,0.0
6543,1707364980000.0,0.0,0.0,400.0,0.0005442116114738558,0.0,0.0,0.000549,0.9454177379185161,1.0,2895.3948288205793,1000.0,2895.3967441759896,1000.0,7.518306050101456e-05,0.0
6544,1707368580000.0,0.0,0.0,100.0,0.0005442116114738558,0.0,0.0,0.0005493,0.9454177379185161,1.0,2895.397822079137,1000.0,2895.3983309179894,1000.0,1.8795745694215742e-05,0.0
6545,1707372180000.0,0.0,0.0,0.0,0.0005442116114738558,0.0,0.0,0.0005465,0.9454177379185161,1.0,2895.3979300099895,1000.0,2895.3979300099895,1000.0,0.0,0.0
6546,1707375780000.0,0.0,0.0,0.0,0.0005442116114738558,0.0,0.0,0.000546,0.9454177379185161,1.0,2895.3979300099895,1000.0,2895.3979300099895,1000.0,0.0,0.0
6547,1707379380000.0,0.0,0.0,0.0,0.0005442116114738558,0.0,0.0,0.0005505,0.9454177379185161,1.0,2895.3979300099895,1000.0,2895.3979300099895,1000.0,0.0,0.0
6548,1707382980000.0,0.0,0.0,0.0,0.0005442116114738558,0.0,0.0,0.0005576,0.9454177379185161,1.0,2895.3979300099895,1000.0,2895.3979300099895,1000.0,0.0,0.0
6549,1707386580000.0,0.0,0.0,0.0,0.0005442116114738558,0.0,0.0,0.0005526,0.9454177379185161,1.0,2895.3979300099895,1000.0,2895.3979300099895,1000.0,0.0,0.0
6550,1707390180000.0,0.0,0.0,0.0,0.0005442116114738558,0.0,0.0,0.0005513,0.9454177379185161,1.0,2895.3979300099895,1000.0,2895.3979300099895,1000.0,0.0,0.0
6551,1707393780000.0,0.0,0.0,0.0,0.0005442116114738558,0.0,0.0,0.0005518,0.9454177379185161,1.0,2895.3979300099895,1000.0,2895.3979300099895,1000.0,0.0,0.0
6552,1707397380000.0,0.0,0.0,0.0,0.0005442116114738558,0.0,0.0,0.0005507,0.9454177379185161,1.0,2895.3979300099895,1000.0,2895.3979300099895,1000.0,0.0,0.0
6553,1707400980000.0,0.0,0.0,26700.0,0.0005456990963855422,0.0,0.0,0.0005486,0.9454177379185161,1.0,2895.6947742854827,1000.0,2895.7722284119886,1000.0,0.005031664940269538,0.0
6554,1707404580000.0,0.0,0.0,194100.0,0.0005455200296665183,0.0,0.0,0.000555,0.9454177379185161,1.0,2895.74638779426,1000.0,2897.586450035989,1000.0,0.03656585335117209,0.0
6555,1707408180000.0,0.0,0.0,2300.0,0.0005455200296665183,0.0,0.0,0.0005575,0.9454177379185161,1.0,2897.6775894522216,1000.0,2897.705143383989,1000.0,0.000433000577013877,0.0
6556,1707411780000.0,0.0,0.0,600.0,0.0005455200296665183,0.0,0.0,0.0005487,0.9454177379185161,1.0,2897.694706463789,1000.0,2897.696614445989,1000.0,0.00011295600501660414,0.0
6557,1707415380000.0,0.0,0.0,149100.0,0.0005465975557065254,0.0,0.0,0.0005503,0.9454177379185161,1.0,2897.792455923831,1000.0,2898.344490367988,1000.0,0.0281240622975744,0.0
6558,1707418980000.0,0.0,0.0,149100.0,0.0005465975557065254,0.0,0.0,0.0005514,0.9454177379185161,1.0,2897.792455923831,1000.0,2898.508500367988,1000.0,0.0281240622975744,0.0
6559,1707422580000.0,0.0,0.0,149100.0,0.0005465975557065254,0.0,0.0,0.0005506,0.9454177379185161,1.0,2897.792455923831,1000.0,2898.389220367988,1000.0,0.0281240622975744,0.0
6560,1707426180000.0,0.0,0.0,265000.0,0.0005466423605880866,0.0,0.0,0.0005468,0.9454177379185161,1.0,2897.779783417831,1000.0,2897.821557861988,1000.0,0.049990073912719944,0.0
6561,1707429780000.0,0.0,0.0,265200.0,0.0005465210015500042,0.0,0.0,0.0005469,0.9454177379185161,1.0,2898.2098068650484,1000.0,2898.3103172539873,1000.0,0.05000927443822218,0.0
6562,1707433380000.0,0.0,0.0,199100.0,0.0005463758480536754,0.0,0.0,0.0005473,0.9454177379185161,1.0,2898.4622386734745,1000.0,2898.646237325988,1000.0,0.037531429561515756,0.0
6563,1707436980000.0,0.0,0.0,199200.0,0.0005460711687872399,0.0,0.0,0.0005469,0.9454177379185161,1.0,2898.663083084406,1000.0,2898.828186261988,1000.0,0.03752674032977661,0.0
6564,1707440580000.0,0.0,0.0,84200.0,0.0005456807877117308,0.0,0.0,0.0005468,0.9454177379185161,1.0,2898.9735447113158,1000.0,2899.067782385988,1000.0,0.015849169237556165,0.0
6565,1707444180000.0,0.0,0.0,26700.0,0.0005456807877117308,0.0,0.0,0.0005525,0.9454177379185161,1.0,2899.0373600678913,1000.0,2899.219433035988,1000.0,0.005025694816006791,0.0
6566,1707447780000.0,0.0,0.0,1100.0,0.0005456807877117308,0.0,0.0,0.000555,0.9454177379185161,1.0,2899.2935662064715,1000.0,2899.3038173399887,1000.0,0.0002070328004998434,0.0
6567,1707451380000.0,0.0,0.0,0.0,0.0005456807877117308,0.0,0.0,0.0005564,0.9454177379185161,1.0,2899.3045750639876,1000.0,2899.3045750639876,1000.0,0.0,0.0
6568,1707454980000.0,0.0,0.0,0.0,0.0005456807877117308,0.0,0.0,0.0005582,0.9454177379185161,1.0,2899.3045750639876,1000.0,2899.3045750639876,1000.0,0.0,0.0
6569,1707458580000.0,0.0,0.0,0.0,0.0005456807877117308,0.0,0.0,0.000557,0.9454177379185161,1.0,2899.3045750639876,1000.0,2899.3045750639876,1000.0,0.0,0.0
6570,1707462180000.0,0.0,0.0,0.0,0.0005456807877117308,0.0,0.0,0.000566,0.9454177379185161,1.0,2899.3045750639876,1000.0,2899.3045750639876,1000.0,0.0,0.0
6571,1707465780000.0,0.0,0.0,0.0,0.0005456807877117308,0.0,0.0,0.0005634,0.9454177379185161,1.0,2899.3045750639876,1000.0,2899.3045750639876,1000.0,0.0,0.0
6572,1707469380000.0,0.0,0.0,0.0,0.0005456807877117308,0.0,0.0,0.0005653,0.9454177379185161,1.0,2899.3045750639876,1000.0,2899.3045750639876,1000.0,0.0,0.0
6573,1707472980000.0,0.0,0.0,0.0,0.0005456807877117308,0.0,0.0,0.0005699,0.9454177379185161,1.0,2899.3045750639876,1000.0,2899.3045750639876,1000.0,0.0,0.0
6574,1707476580000.0,0.0,0.0,0.0,0.0005456807877117308,0.0,0.0,0.0005711,0.9454177379185161,1.0,2899.3045750639876,1000.0,2899.3045750639876,1000.0,0.0,0.0
6575,1707480180000.0,0.0,0.0,0.0,0.0005456807877117308,0.0,0.0,0.0005759,0.9454177379185161,1.0,2899.3045750639876,1000.0,2899.3045750639876,1000.0,0.0,0.0
6576,1707483780000.0,0.0,0.0,0.0,0.0005456807877117308,0.0,0.0,0.000577,0.9454177379185161,1.0,2899.3045750639876,1000.0,2899.3045750639876,1000.0,0.0,0.0
6577,1707487380000.0,0.0,0.0,0.0,0.0005456807877117308,0.0,0.0,0.0005911,0.9454177379185161,1.0,2899.3045750639876,1000.0,2899.3045750639876,1000.0,0.0,0.0
6578,1707490980000.0,0.0,0.0,0.0,0.0005456807877117308,0.0,0.0,0.000583,0.9454177379185161,1.0,2899.3045750639876,1000.0,2899.3045750639876,1000.0,0.0,0.0
6579,1707494580000.0,0.0,0.0,0.0,0.0005456807877117308,0.0,0.0,0.0006046,0.9454177379185161,1.0,2899.3045750639876,1000.0,2899.3045750639876,1000.0,0.0,0.0
6580,1707498180000.0,0.0,0.0,0.0,0.0005456807877117308,0.0,0.0,0.0005981,0.9454177379185161,1.0,2899.3045750639876,1000.0,2899.3045750639876,1000.0,0.0,0.0
6581,1707501780000.0,0.0,0.0,0.0,0.0005456807877117308,0.0,0.0,0.0005989,0.9454177379185161,1.0,2899.3045750639876,1000.0,2899.3045750639876,1000.0,0.0,0.0
6582,1707505380000.0,0.0,0.0,0.0,0.0005456807877117308,0.0,0.0,0.0005827,0.9454177379185161,1.0,2899.3045750639876,1000.0,2899.3045750639876,1000.0,0.0,0.0
6583,1707508980000.0,0.0,0.0,37800.0,0.0005706,0.0,0.0,0.000581,0.9454177379185161,1.0,2900.9527825699874,1000.0,2901.3459025699876,1000.0,0.0074350331138075465,0.0
6584,1707512580000.0,0.0,0.0,16800.0,0.0005706,0.0,0.0,0.000575,0.9454177379185161,1.0,2901.1729415299874,1000.0,2901.246861529987,1000.0,0.003304208398877663,0.0
6585,1707516180000.0,0.0,0.0,700.0,0.0005706,0.0,0.0,0.0005903,0.9454177379185161,1.0,2901.439360535988,1000.0,2901.453150535988,1000.0,0.00013766270818295318,0.0
6586,1707519780000.0,0.0,0.0,0.0,0.0005706,0.0,0.0,0.000582,0.9454177379185161,1.0,2901.4513482379884,1000.0,2901.4513482379884,1000.0,0.0,0.0
6587,1707523380000.0,0.0,0.0,0.0,0.0005706,0.0,0.0,0.0005783,0.9454177379185161,1.0,2901.4513482379884,1000.0,2901.4513482379884,1000.0,0.0,0.0
6588,1707526980000.0,0.0,0.0,0.0,0.0005706,0.0,0.0,0.0005781,0.9454177379185161,1.0,2901.4513482379884,1000.0,2901.4513482379884,1000.0,0.0,0.0
6589,1707530580000.0,0.0,0.0,0.0,0.0005706,0.0,0.0,0.00059,0.9454177379185161,1.0,2901.4513482379884,1000.0,2901.4513482379884,1000.0,0.0,0.0
6590,1707534180000.0,0.0,0.0,0.0,0.0005706,0.0,0.0,0.0005865,0.9454177379185161,1.0,2901.4513482379884,1000.0,2901.4513482379884,1000.0,0.0,0.0
6591,1707537780000.0,0.0,0.0,0.0,0.0005706,0.0,0.0,0.000589,0.9454177379185161,1.0,2901.4513482379884,1000.0,2901.4513482379884,1000.0,0.0,0.0
6592,1707541380000.0,0.0,0.0,0.0,0.0005706,0.0,0.0,0.0005826,0.9454177379185161,1.0,2901.4513482379884,1000.0,2901.4513482379884,1000.0,0.0,0.0
6593,1707544980000.0,0.0,0.0,0.0,0.0005706,0.0,0.0,0.0005834,0.9454177379185161,1.0,2901.4513482379884,1000.0,2901.4513482379884,1000.0,0.0,0.0
6594,1707548580000.0,0.0,0.0,0.0,0.0005706,0.0,0.0,0.0005882,0.9454177379185161,1.0,2901.4513482379884,1000.0,2901.4513482379884,1000.0,0.0,0.0
6595,1707552180000.0,0.0,0.0,0.0,0.0005706,0.0,0.0,0.0005833,0.9454177379185161,1.0,2901.4513482379884,1000.0,2901.4513482379884,1000.0,0.0,0.0
6596,1707555780000.0,0.0,0.0,0.0,0.0005706,0.0,0.0,0.0005834,0.9454177379185161,1.0,2901.4513482379884,1000.0,2901.4513482379884,1000.0,0.0,0.0
6597,1707559380000.0,0.0,0.0,251000.0,0.0005779,0.0,0.0,0.0005754,0.9454177379185161,1.0,2901.4223376579885,1000.0,2900.7948376579884,1000.0,0.049993721395653785,0.0
6598,1707562980000.0,0.0,0.0,251000.0,0.0005779,0.0,0.0,0.000572,0.9454177379185161,1.0,2901.4223376579885,1000.0,2899.9414376579884,1000.0,0.049993721395653785,0.0
6599,1707566580000.0,0.0,0.0,251000.0,0.0005779,0.0,0.0,0.0005774,0.9454177379185161,1.0,2901.4223376579885,1000.0,2901.2968376579884,1000.0,0.049993721395653785,0.0
6600,1707570180000.0,0.0,0.0,251000.0,0.0005779,0.0,0.0,0.0005768,0.9454177379185161,1.0,2901.4223376579885,1000.0,2901.1462376579884,1000.0,0.049993721395653785,0.0
6601,1707573780000.0,0.0,0.0,188300.0,0.0005779,0.0,0.0,0.000576,0.9454177379185161,1.0,2901.4965844899884,1000.0,2901.1388144899884,1000.0,0.03750429022790927,0.0
6602,1707577380000.0,0.0,0.0,251900.0,0.0005773950377133783,0.0,0.0,0.0005758,0.9454177379185161,1.0,2901.4892590419886,1000.0,2901.0874690419887,1000.0,0.0501279849810725,0.0
6603,1707580980000.0,0.0,0.0,252100.0,0.0005768956847593356,0.0,0.0,0.0005763,0.9454177379185161,1.0,2901.5567995758174,1000.0,2901.4066274479887,1000.0,0.05012323113891477,0.0
6604,1707584580000.0,0.0,0.0,252300.0,0.0005764458739119713,0.0,0.0,0.0005736,0.9454177379185161,1.0,2901.6244168519793,1000.0,2900.906402863989,1000.0,0.050122715105140214,0.0
6605,1707588180000.0,0.0,0.0,252300.0,0.0005764458739119713,0.0,0.0,0.0005737,0.9454177379185161,1.0,2901.6244168519793,1000.0,2900.931632863989,1000.0,0.050122715105140214,0.0
6606,1707591780000.0,0.0,0.0,252300.0,0.0005764458739119713,0.0,0.0,0.0005716,0.9454177379185161,1.0,2901.6244168519793,1000.0,2900.401802863989,1000.0,0.050122715105140214,0.0
6607,1707595380000.0,0.0,0.0,252300.0,0.0005764458739119713,0.0,0.0,0.0005728,0.9454177379185161,1.0,2901.6244168519793,1000.0,2900.704562863989,1000.0,0.050122715105140214,0.0
6608,1707598980000.0,0.0,0.0,106500.0,0.0005764458739119713,0.0,0.0,0.0005766,0.9454177379185161,1.0,2901.790422703613,1000.0,2901.806837131988,1000.0,0.021156416084117537,0.0
6609,1707602580000.0,0.0,0.0,14400.0,0.0005764458739119713,0.0,0.0,0.0005763,0.9454177379185161,1.0,2901.8952864823204,1000.0,2901.893185897988,1000.0,0.002860482465717999,0.0
6610,1707606180000.0,0.0,0.0,107000.0,0.0005728053753225673,0.0,0.0,0.000575,0.9454177379185161,1.0,2902.255719851502,1000.0,2902.490544691987,1000.0,0.021118116760107792,0.0
6611,1707609780000.0,0.0,0.0,190200.0,0.000572397031414323,0.0,0.0,0.0005744,0.9454177379185161,1.0,2902.4906196149914,1000.0,2902.871584239987,1000.0,0.03750913599488069,0.0
6612,1707613380000.0,0.0,0.0,11200.0,0.000572397031414323,0.0,0.0,0.0005836,0.9454177379185161,1.0,2904.367679591828,1000.0,2904.493152839988,1000.0,0.002207312385717424,0.0
6613,1707616980000.0,0.0,0.0,7500.0,0.000572397031414323,0.0,0.0,0.0005788,0.9454177379185161,1.0,2904.406479155595,1000.0,2904.454501419988,1000.0,0.001478091226698933,0.0
6614,1707620580000.0,0.0,0.0,5000.0,0.000572397031414323,0.0,0.0,0.0005824,0.9454177379185161,1.0,2904.432695077059,1000.0,2904.4827099199874,1000.0,0.0009853852567913203,0.0
6615,1707624180000.0,0.0,0.0,1100.0,0.000572397031414323,0.0,0.0,0.0005862,0.9454177379185161,1.0,2904.473591914543,1000.0,2904.488775179987,1000.0,0.00021678170402668985,0.0
6616,1707627780000.0,0.0,0.0,1100.0,0.000572397031414323,0.0,0.0,0.0005789,0.9454177379185161,1.0,2904.473591914543,1000.0,2904.480745179987,1000.0,0.00021678170402668985,0.0
6617,1707631380000.0,0.0,0.0,8100.0,0.0005748891002951535,0.0,0.0,0.0005787,0.9454177379185161,1.0,2904.7370132423775,1000.0,2904.767881529987,1000.0,0.0016031061301459673,0.0
6618,1707634980000.0,0.0,0.0,8100.0,0.0005748891002951535,0.0,0.0,0.0005814,0.9454177379185161,1.0,2904.7370132423775,1000.0,2904.789751529987,1000.0,0.0016031061301459673,0.0
6619,1707638580000.0,0.0,0.0,8100.0,0.0005748891002951535,0.0,0.0,0.000583,0.9454177379185161,1.0,2904.7370132423775,1000.0,2904.802711529987,1000.0,0.0016031061301459673,0.0
6620,1707642180000.0,0.0,0.0,200.0,0.0005748891002951535,0.0,0.0,0.000586,0.9454177379185161,1.0,2904.8207041020464,1000.0,2904.8229262819873,1000.0,3.958172698805975e-05,0.0
6621,1707645780000.0,0.0,0.0,0.0,0.0005748891002951535,0.0,0.0,0.0005871,0.9454177379185161,1.0,2904.822822857988,1000.0,2904.822822857988,1000.0,0.0,0.0
6622,1707649380000.0,0.0,0.0,0.0,0.0005748891002951535,0.0,0.0,0.0005834,0.9454177379185161,1.0,2904.822822857988,1000.0,2904.822822857988,1000.0,0.0,0.0
6623,1707652980000.0,0.0,0.0,251600.0,0.0005773,0.0,0.0,0.0005787,0.9454177379185161,1.0,2904.7937731219877,1000.0,2905.146013121988,1000.0,0.05000309534672782,0.0
6624,1707656580000.0,0.0,0.0,49800.0,0.0005773,0.0,0.0,0.000586,0.9454177379185161,1.0,2906.9293014419873,1000.0,2907.362561441987,1000.0,0.00989000316785783,0.0
6625,1707660180000.0,0.0,0.0,49800.0,0.0005773,0.0,0.0,0.000582,0.9454177379185161,1.0,2906.9293014419873,1000.0,2907.1633614419875,1000.0,0.00989000316785783,0.0
6626,1707663780000.0,0.0,0.0,6600.0,0.0005773,0.0,0.0,0.0005867,0.9454177379185161,1.0,2907.3864611219874,1000.0,2907.448501121987,1000.0,0.001310517212262733,0.0
6627,1707667380000.0,0.0,0.0,6600.0,0.0005773,0.0,0.0,0.0005816,0.9454177379185161,1.0,2907.3864611219874,1000.0,2907.4148411219876,1000.0,0.001310517212262733,0.0
6628,1707670980000.0,0.0,0.0,251500.0,0.0005780790059642147,0.0,0.0,0.0005775,0.9454177379185161,1.0,2907.3581457839873,1000.0,2907.2125257839875,1000.0,0.05000652231677343,0.0
6629,1707674580000.0,0.0,0.0,251700.0,0.0005778020271063142,0.0,0.0,0.0005757,0.9454177379185161,1.0,2907.537698246647,1000.0,2907.0086180239878,1000.0,0.050019220837742066,0.0
6630,1707678180000.0,0.0,0.0,79700.0,0.0005778020271063142,0.0,0.0,0.000579,0.9454177379185161,1.0,2907.741028544361,1000.0,2907.836506983988,1000.0,0.015837318766804574,0.0
6631,1707681780000.0,0.0,0.0,78300.0,0.000576968009980238,0.0,0.0,0.0005786,0.9454177379185161,1.0,2907.98404083744,1000.0,2908.111825655987,1000.0,0.015535365582144908,0.0
6632,1707685380000.0,0.0,0.0,252100.0,0.0005768044038865449,0.0,0.0,0.0005735,0.9454177379185161,1.0,2908.0483913277844,1000.0,2907.2153511079864,1000.0,0.05000342864081577,0.0
6633,1707688980000.0,0.0,0.0,252100.0,0.0005768044038865449,0.0,0.0,0.000573,0.9454177379185161,1.0,2908.0483913277844,1000.0,2907.0893011079866,1000.0,0.05000342864081577,0.0
6634,1707692580000.0,0.0,0.0,252100.0,0.0005768044038865449,0.0,0.0,0.0005737,0.9454177379185161,1.0,2908.0483913277844,1000.0,2907.2657711079864,1000.0,0.05000342864081577,0.0
6635,1707696180000.0,0.0,0.0,252100.0,0.0005768044038865449,0.0,0.0,0.0005721,0.9454177379185161,1.0,2908.0483913277844,1000.0,2906.8624111079866,1000.0,0.05000342864081577,0.0
6636,1707699780000.0,0.0,0.0,106500.0,0.0005768044038865449,0.0,0.0,0.0005797,0.9454177379185161,1.0,2908.2201958499027,1000.0,2908.528576835986,1000.0,0.02112277093102461,0.0
6637,1707703380000.0,0.0,0.0,25400.0,0.0005768044038865449,0.0,0.0,0.0005778,0.9454177379185161,1.0,2908.315891912704,1000.0,2908.3411800539857,1000.0,0.0050375655201206045,0.0
6638,1707706980000.0,0.0,0.0,253400.0,0.0005740264566465391,0.0,0.0,0.0005719,0.9454177379185161,1.0,2908.296437494219,1000.0,2907.757593379986,1000.0,0.05001495110297612,0.0
6639,1707710580000.0,0.0,0.0,253400.0,0.0005740264566465391,0.0,0.0,0.0005703,0.9454177379185161,1.0,2908.296437494219,1000.0,2907.352153379986,1000.0,0.05001495110297612,0.0
6640,1707714180000.0,0.0,0.0,253400.0,0.0005740264566465391,0.0,0.0,0.0005689,0.9454177379185161,1.0,2908.296437494219,1000.0,2906.997393379986,1000.0,0.05001495110297612,0.0
6641,1707717780000.0,0.0,0.0,253400.0,0.0005740264566465391,0.0,0.0,0.0005608,0.9454177379185161,1.0,2908.296437494219,1000.0,2904.944853379986,1000.0,0.05001495110297612,0.0
6642,1707721380000.0,0.0,0.0,514000.0,0.0005658502803778853,0.0,0.0,0.0005587,0.9454177379185161,1.0,2908.267359746219,1000.0,2904.592115631986,1000.0,0.10000698289981595,0.0
6643,1707724980000.0,0.0,0.0,385500.0,0.0005658502803778853,0.0,0.0,0.0005699,0.9454177379185161,1.0,2908.413374247661,1000.0,2909.9745411619865,1000.0,0.07500147159861735,0.0
6644,1707728580000.0,0.0,0.0,385500.0,0.0005658502803778853,0.0,0.0,0.0005699,0.9454177379185161,1.0,2908.413374247661,1000.0,2909.9745411619865,1000.0,0.07500147159861735,0.0
6645,1707732180000.0,0.0,0.0,289200.0,0.0005658502803778853,0.0,0.0,0.000558,0.9454177379185161,1.0,2908.522799901271,1000.0,2906.2524988159867,1000.0,0.05626357857357669,0.0
6646,1707735780000.0,0.0,0.0,289200.0,0.0005658502803778853,0.0,0.0,0.0005548,0.9454177379185161,1.0,2908.522799901271,1000.0,2905.3270588159867,1000.0,0.05626357857357669,0.0
6647,1707739380000.0,0.0,0.0,289200.0,0.0005658502803778853,0.0,0.0,0.0005545,0.9454177379185161,1.0,2908.522799901271,1000.0,2905.2402988159865,1000.0,0.05626357857357669,0.0
6648,1707742980000.0,0.0,0.0,289200.0,0.0005658502803778853,0.0,0.0,0.0005558,0.9454177379185161,1.0,2908.522799901271,1000.0,2905.6162588159864,1000.0,0.05626357857357669,0.0
6649,1707746580000.0,0.0,0.0,289200.0,0.0005658502803778853,0.0,0.0,0.0005575,0.9454177379185161,1.0,2908.522799901271,1000.0,2906.1078988159866,1000.0,0.05626357857357669,0.0
6650,1707750180000.0,0.0,0.0,122100.0,0.0005658502803778853,0.0,0.0,0.0005667,0.9454177379185161,1.0,2908.7126755681265,1000.0,2908.816426333987,1000.0,0.023752885534025856,0.0
6651,1707753780000.0,0.0,0.0,3900.0,0.0005658502803778853,0.0,0.0,0.0005748,0.9454177379185161,1.0,2909.0812993114596,1000.0,2909.116203217986,1000.0,0.0007585955380470378,0.0
6652,1707757380000.0,0.0,0.0,200.0,0.0005658502803778853,0.0,0.0,0.0005804,0.9454177379185161,1.0,2909.1199067380617,1000.0,2909.122816681986,1000.0,3.890181900493486e-05,0.0
6653,1707760980000.0,0.0,0.0,0.0,0.0005658502803778853,0.0,0.0,0.0005826,0.9454177379185161,1.0,2909.1238332579865,1000.0,2909.1238332579865,1000.0,0.0,0.0
6654,1707764580000.0,0.0,0.0,0.0,0.0005658502803778853,0.0,0.0,0.0005844,0.9454177379185161,1.0,2909.1238332579865,1000.0,2909.1238332579865,1000.0,0.0,0.0
6655,1707768180000.0,0.0,0.0,0.0,0.0005658502803778853,0.0,0.0,0.0005858,0.9454177379185161,1.0,2909.1238332579865,1000.0,2909.1238332579865,1000.0,0.0,0.0
6656,1707771780000.0,0.0,0.0,0.0,0.0005658502803778853,0.0,0.0,0.000591,0.9454177379185161,1.0,2909.1238332579865,1000.0,2909.1238332579865,1000.0,0.0,0.0
6657,1707775380000.0,0.0,0.0,0.0,0.0005658502803778853,0.0,0.0,0.0005908,0.9454177379185161,1.0,2909.1238332579865,1000.0,2909.1238332579865,1000.0,0.0,0.0
6658,1707778980000.0,0.0,0.0,0.0,0.0005658502803778853,0.0,0.0,0.0005926,0.9454177379185161,1.0,2909.1238332579865,1000.0,2909.1238332579865,1000.0,0.0,0.0
6659,1707782580000.0,0.0,0.0,0.0,0.0005658502803778853,0.0,0.0,0.0005926,0.9454177379185161,1.0,2909.1238332579865,1000.0,2909.1238332579865,1000.0,0.0,0.0
6660,1707786180000.0,0.0,0.0,0.0,0.0005658502803778853,0.0,0.0,0.0005941,0.9454177379185161,1.0,2909.1238332579865,1000.0,2909.1238332579865,1000.0,0.0,0.0
6661,1707789780000.0,0.0,0.0,0.0,0.0005658502803778853,0.0,0.0,0.0005954,0.9454177379185161,1.0,2909.1238332579865,1000.0,2909.1238332579865,1000.0,0.0,0.0
6662,1707793380000.0,0.0,0.0,0.0,0.0005658502803778853,0.0,0.0,0.0005929,0.9454177379185161,1.0,2909.1238332579865,1000.0,2909.1238332579865,1000.0,0.0,0.0
6663,1707796980000.0,0.0,0.0,0.0,0.0005658502803778853,0.0,0.0,0.000586,0.9454177379185161,1.0,2909.1238332579865,1000.0,2909.1238332579865,1000.0,0.0,0.0
6664,1707800580000.0,0.0,0.0,0.0,0.0005658502803778853,0.0,0.0,0.0005922,0.9454177379185161,1.0,2909.1238332579865,1000.0,2909.1238332579865,1000.0,0.0,0.0
6665,1707804180000.0,0.0,0.0,0.0,0.0005658502803778853,0.0,0.0,0.0006069,0.9454177379185161,1.0,2909.1238332579865,1000.0,2909.1238332579865,1000.0,0.0,0.0
6666,1707807780000.0,0.0,0.0,0.0,0.0005658502803778853,0.0,0.0,0.0006054,0.9454177379185161,1.0,2909.1238332579865,1000.0,2909.1238332579865,1000.0,0.0,0.0
6667,1707811380000.0,0.0,0.0,0.0,0.0005658502803778853,0.0,0.0,0.0006226,0.9454177379185161,1.0,2909.1238332579865,1000.0,2909.1238332579865,1000.0,0.0,0.0
6668,1707814980000.0,0.0,0.0,0.0,0.0005658502803778853,0.0,0.0,0.0006213,0.9454177379185161,1.0,2909.1238332579865,1000.0,2909.1238332579865,1000.0,0.0,0.0
6669,1707818580000.0,0.0,0.0,0.0,0.0005658502803778853,0.0,0.0,0.0006301,0.9454177379185161,1.0,2909.1238332579865,1000.0,2909.1238332579865,1000.0,0.0,0.0
6670,1707822180000.0,0.0,0.0,0.0,0.0005658502803778853,0.0,0.0,0.0006462,0.9454177379185161,1.0,2909.1238332579865,1000.0,2909.1238332579865,1000.0,0.0,0.0
6671,1707825780000.0,0.0,0.0,0.0,0.0005658502803778853,0.0,0.0,0.0006311,0.9454177379185161,1.0,2909.1238332579865,1000.0,2909.1238332579865,1000.0,0.0,0.0
6672,1707829380000.0,0.0,0.0,0.0,0.0005658502803778853,0.0,0.0,0.0006333,0.9454177379185161,1.0,2909.1238332579865,1000.0,2909.1238332579865,1000.0,0.0,0.0
6673,1707832980000.0,0.0,0.0,0.0,0.0005658502803778853,0.0,0.0,0.0006284,0.9454177379185161,1.0,2909.1238332579865,1000.0,2909.1238332579865,1000.0,0.0,0.0
6674,1707836580000.0,0.0,0.0,0.0,0.0005658502803778853,0.0,0.0,0.000618,0.9454177379185161,1.0,2909.1238332579865,1000.0,2909.1238332579865,1000.0,0.0,0.0
6675,1707840180000.0,0.0,0.0,0.0,0.0005658502803778853,0.0,0.0,0.0006198,0.9454177379185161,1.0,2909.1238332579865,1000.0,2909.1238332579865,1000.0,0.0,0.0
6676,1707843780000.0,0.0,0.0,0.0,0.0005658502803778853,0.0,0.0,0.0006175,0.9454177379185161,1.0,2909.1238332579865,1000.0,2909.1238332579865,1000.0,0.0,0.0
6677,1707847380000.0,0.0,0.0,0.0,0.0005658502803778853,0.0,0.0,0.0006246,0.9454177379185161,1.0,2909.1238332579865,1000.0,2909.1238332579865,1000.0,0.0,0.0
6678,1707850980000.0,0.0,0.0,0.0,0.0005658502803778853,0.0,0.0,0.0006339,0.9454177379185161,1.0,2909.1238332579865,1000.0,2909.1238332579865,1000.0,0.0,0.0
6679,1707854580000.0,0.0,0.0,0.0,0.0005658502803778853,0.0,0.0,0.0006558,0.9454177379185161,1.0,2909.1238332579865,1000.0,2909.1238332579865,1000.0,0.0,0.0
6680,1707858180000.0,0.0,0.0,0.0,0.0005658502803778853,0.0,0.0,0.0006956,0.9454177379185161,1.0,2909.1238332579865,1000.0,2909.1238332579865,1000.0,0.0,0.0
6681,1707861780000.0,0.0,0.0,0.0,0.0005658502803778853,0.0,0.0,0.0006662,0.9454177379185161,1.0,2909.1238332579865,1000.0,2909.1238332579865,1000.0,0.0,0.0
6682,1707865380000.0,0.0,0.0,0.0,0.0005658502803778853,0.0,0.0,0.0006803,0.9454177379185161,1.0,2909.1238332579865,1000.0,2909.1238332579865,1000.0,0.0,0.0
6683,1707868980000.0,0.0,0.0,0.0,0.0005658502803778853,0.0,0.0,0.0006652,0.9454177379185161,1.0,2909.1238332579865,1000.0,2909.1238332579865,1000.0,0.0,0.0
6684,1707872580000.0,0.0,0.0,0.0,0.0005658502803778853,0.0,0.0,0.0006683,0.9454177379185161,1.0,2909.1238332579865,1000.0,2909.1238332579865,1000.0,0.0,0.0
6685,1707876180000.0,0.0,0.0,0.0,0.0005658502803778853,0.0,0.0,0.0006775,0.9454177379185161,1.0,2909.1238332579865,1000.0,2909.1238332579865,1000.0,0.0,0.0
6686,1707879780000.0,0.0,0.0,0.0,0.0005658502803778853,0.0,0.0,0.0006767,0.9454177379185161,1.0,2909.1238332579865,1000.0,2909.1238332579865,1000.0,0.0,0.0
6687,1707883380000.0,0.0,0.0,0.0,0.0005658502803778853,0.0,0.0,0.0006829,0.9454177379185161,1.0,2909.1238332579865,1000.0,2909.1238332579865,1000.0,0.0,0.0
6688,1707886980000.0,0.0,0.0,0.0,0.0005658502803778853,0.0,0.0,0.0006703,0.9454177379185161,1.0,2909.1238332579865,1000.0,2909.1238332579865,1000.0,0.0,0.0
6689,1707890580000.0,0.0,0.0,0.0,0.0005658502803778853,0.0,0.0,0.0006762,0.9454177379185161,1.0,2909.1238332579865,1000.0,2909.1238332579865,1000.0,0.0,0.0
6690,1707894180000.0,0.0,0.0,0.0,0.0005658502803778853,0.0,0.0,0.0006792,0.9454177379185161,1.0,2909.1238332579865,1000.0,2909.1238332579865,1000.0,0.0,0.0
6691,1707897780000.0,0.0,0.0,0.0,0.0005658502803778853,0.0,0.0,0.0006718,0.9454177379185161,1.0,2909.1238332579865,1000.0,2909.1238332579865,1000.0,0.0,0.0
6692,1707901380000.0,0.0,0.0,0.0,0.0005658502803778853,0.0,0.0,0.0006873,0.9454177379185161,1.0,2909.1238332579865,1000.0,2909.1238332579865,1000.0,0.0,0.0
6693,1707904980000.0,0.0,0.0,0.0,0.0005658502803778853,0.0,0.0,0.0006941,0.9454177379185161,1.0,2909.1238332579865,1000.0,2909.1238332579865,1000.0,0.0,0.0
6694,1707908580000.0,0.0,0.0,0.0,0.0005658502803778853,0.0,0.0,0.000699,0.9454177379185161,1.0,2909.1238332579865,1000.0,2909.1238332579865,1000.0,0.0,0.0
6695,1707912180000.0,0.0,0.0,0.0,0.0005658502803778853,0.0,0.0,0.000711,0.9454177379185161,1.0,2909.1238332579865,1000.0,2909.1238332579865,1000.0,0.0,0.0
6696,1707915780000.0,0.0,0.0,0.0,0.0005658502803778853,0.0,0.0,0.0006858,0.9454177379185161,1.0,2909.1238332579865,1000.0,2909.1238332579865,1000.0,0.0,0.0
6697,1707919380000.0,0.0,0.0,0.0,0.0005658502803778853,0.0,0.0,0.0007018,0.9454177379185161,1.0,2909.1238332579865,1000.0,2909.1238332579865,1000.0,0.0,0.0
6698,1707922980000.0,0.0,0.0,0.0,0.0005658502803778853,0.0,0.0,0.0007037,0.9454177379185161,1.0,2909.1238332579865,1000.0,2909.1238332579865,1000.0,0.0,0.0
6699,1707926580000.0,0.0,0.0,0.0,0.0005658502803778853,0.0,0.0,0.0006981,0.9454177379185161,1.0,2909.1238332579865,1000.0,2909.1238332579865,1000.0,0.0,0.0
6700,1707930180000.0,0.0,0.0,0.0,0.0005658502803778853,0.0,0.0,0.0006928,0.9454177379185161,1.0,2909.1238332579865,1000.0,2909.1238332579865,1000.0,0.0,0.0
6701,1707933780000.0,0.0,0.0,0.0,0.0005658502803778853,0.0,0.0,0.0006849,0.9454177379185161,1.0,2909.1238332579865,1000.0,2909.1238332579865,1000.0,0.0,0.0
6702,1707937380000.0,0.0,0.0,0.0,0.0005658502803778853,0.0,0.0,0.0006868,0.9454177379185161,1.0,2909.1238332579865,1000.0,2909.1238332579865,1000.0,0.0,0.0
6703,1707940980000.0,0.0,0.0,0.0,0.0005658502803778853,0.0,0.0,0.0006883,0.9454177379185161,1.0,2909.1238332579865,1000.0,2909.1238332579865,1000.0,0.0,0.0
6704,1707944580000.0,0.0,0.0,0.0,0.0005658502803778853,0.0,0.0,0.0006896,0.9454177379185161,1.0,2909.1238332579865,1000.0,2909.1238332579865,1000.0,0.0,0.0
6705,1707948180000.0,0.0,0.0,0.0,0.0005658502803778853,0.0,0.0,0.0006848,0.9454177379185161,1.0,2909.1238332579865,1000.0,2909.1238332579865,1000.0,0.0,0.0
6706,1707951780000.0,0.0,0.0,0.0,0.0005658502803778853,0.0,0.0,0.0006912,0.9454177379185161,1.0,2909.1238332579865,1000.0,2909.1238332579865,1000.0,0.0,0.0
6707,1707955380000.0,0.0,0.0,0.0,0.0005658502803778853,0.0,0.0,0.0006984,0.9454177379185161,1.0,2909.1238332579865,1000.0,2909.1238332579865,1000.0,0.0,0.0
6708,1707958980000.0,0.0,0.0,0.0,0.0005658502803778853,0.0,0.0,0.0007004,0.9454177379185161,1.0,2909.1238332579865,1000.0,2909.1238332579865,1000.0,0.0,0.0
6709,1707962580000.0,0.0,0.0,90500.0,0.0006801225490196079,0.0,0.0,0.000681,0.9454177379185161,1.0,2909.3261432102604,1000.0,2909.405552523986,1000.0,0.02115647667413345,0.0
6710,1707966180000.0,0.0,0.0,160500.0,0.0006801076152040847,0.0,0.0,0.000682,0.9454177379185161,1.0,2909.6898780202414,1000.0,2909.993605779986,1000.0,0.03751508814215156,0.0
6711,1707969780000.0,0.0,0.0,37800.0,0.0006798132245788673,0.0,0.0,0.0006866,0.9454177379185161,1.0,2910.105856695067,1000.0,2910.3623968059856,1000.0,0.0088302423191796,0.0
6712,1707973380000.0,0.0,0.0,7500.0,0.0006798132245788673,0.0,0.0,0.0006972,0.9454177379185161,1.0,2910.483040046327,1000.0,2910.6134408619855,1000.0,0.0017518051519930344,0.0
6713,1707976980000.0,0.0,0.0,160400.0,0.0006805816002006282,0.0,0.0,0.0006835,0.9454177379185161,1.0,2910.559536650166,1000.0,2911.0276479779855,1000.0,0.03750663310526943,0.0
6714,1707980580000.0,0.0,0.0,90300.0,0.0006805922287096199,0.0,0.0,0.00069,0.9454177379185161,1.0,2910.8089644984634,1000.0,2911.658486245985,1000.0,0.021113538882847258,0.0
6715,1707984180000.0,0.0,0.0,130300.0,0.0006807830967120751,0.0,0.0,0.0006811,0.9454177379185161,1.0,2911.0413052935683,1000.0,2911.082597791985,1000.0,0.030472270297324994,0.0
6716,1707987780000.0,0.0,0.0,160500.0,0.0006807129647421418,0.0,0.0,0.0006855,0.9454177379185161,1.0,2911.1648867310982,1000.0,2911.9332058899845,1000.0,0.03752945473445644,0.0
6717,1707991380000.0,0.0,0.0,53500.0,0.0006807129647421418,0.0,0.0,0.0007017,0.9454177379185161,1.0,2913.095943043689,1000.0,2914.2187494299847,1000.0,0.012501525636554843,0.0
6718,1707994980000.0,0.0,0.0,900.0,0.0006807129647421418,0.0,0.0,0.000707,0.9454177379185161,1.0,2914.3397297582533,1000.0,2914.363388089985,1000.0,0.00021021628398784747,0.0
6719,1707998580000.0,0.0,0.0,300.0,0.0006807129647421418,0.0,0.0,0.0007041,0.9454177379185161,1.0,2914.353917439408,1000.0,2914.3609335499855,1000.0,7.007175353708162e-05,0.0
6720,1708002180000.0,0.0,0.0,159500.0,0.0006850979374540396,0.0,0.0,0.0006943,0.9454177379185161,1.0,2914.401670607905,1000.0,2915.869399583986,1000.0,0.037494186928985124,0.0
6721,1708005780000.0,0.0,0.0,1300.0,0.0006850979374540396,0.0,0.0,0.0006978,0.9454177379185161,1.0,2916.389058510675,1000.0,2916.405571191985,1000.0,0.0003053870045531826,0.0
6722,1708009380000.0,0.0,0.0,0.0,0.0006850979374540396,0.0,0.0,0.0007083,0.9454177379185161,1.0,2916.4087490919837,1000.0,2916.4087490919837,1000.0,0.0,0.0
6723,1708012980000.0,0.0,0.0,212100.0,0.0006875,0.0,0.0,0.0006845,0.9454177379185161,1.0,2916.379585341984,1000.0,2915.7432853419837,1000.0,0.04999992138639965,0.0
6724,1708016580000.0,0.0,0.0,212100.0,0.0006875,0.0,0.0,0.0006795,0.9454177379185161,1.0,2916.379585341984,1000.0,2914.6827853419836,1000.0,0.04999992138639965,0.0
6725,1708020180000.0,0.0,0.0,430300.0,0.0006777132000929584,0.0,0.0,0.0006655,0.9454177379185161,1.0,2916.3504250939836,1000.0,2911.0950850939835,1000.0,0.09999483858000438,0.0
6726,1708023780000.0,0.0,0.0,430300.0,0.0006777132000929584,0.0,0.0,0.0006652,0.9454177379185161,1.0,2916.3504250939836,1000.0,2910.9659950939836,1000.0,0.09999483858000438,0.0
6727,1708027380000.0,0.0,0.0,430300.0,0.0006777132000929584,0.0,0.0,0.0006643,0.9454177379185161,1.0,2916.3504250939836,1000.0,2910.578725093984,1000.0,0.09999483858000438,0.0
6728,1708030980000.0,0.0,0.0,523300.0,0.0006625070092453237,0.0,0.0,0.0006603,0.9454177379185161,1.0,2916.8389579060613,1000.0,2915.6840299679834,1000.0,0.1188580936216511,0.0
6729,1708034580000.0,0.0,0.0,523300.0,0.0006625070092453237,0.0,0.0,0.0006525,0.9454177379185161,1.0,2916.8389579060613,1000.0,2911.6022899679833,1000.0,0.1188580936216511,0.0
6730,1708038180000.0,0.0,0.0,523300.0,0.0006625070092453237,0.0,0.0,0.0006514,0.9454177379185161,1.0,2916.8389579060613,1000.0,2911.0266599679835,1000.0,0.1188580936216511,0.0
6731,1708041780000.0,0.0,0.0,523300.0,0.0006625070092453237,0.0,0.0,0.00066,0.9454177379185161,1.0,2916.8389579060613,1000.0,2915.5270399679835,1000.0,0.1188580936216511,0.0
6732,1708045380000.0,0.0,0.0,219500.0,0.0006636958507588612,0.0,0.0,0.000661,0.9454177379185161,1.0,2919.725615067553,1000.0,2919.133875825983,1000.0,0.04989552391148216,0.0
6733,1708048980000.0,0.0,0.0,219500.0,0.0006636958507588612,0.0,0.0,0.0006592,0.9454177379185161,1.0,2919.725615067553,1000.0,2918.738775825983,1000.0,0.04989552391148216,0.0
6734,1708052580000.0,0.0,0.0,219500.0,0.0006636958507588612,0.0,0.0,0.0006639,0.9454177379185161,1.0,2919.725615067553,1000.0,2919.770425825983,1000.0,0.04989552391148216,0.0
6735,1708056180000.0,0.0,0.0,123900.0,0.0006634088385522327,0.0,0.0,0.0006646,0.9454177379185161,1.0,2920.0132304386048,1000.0,2920.160815341983,1000.0,0.0281493091331902,0.0
6736,1708059780000.0,0.0,0.0,220300.0,0.0006629992373370752,0.0,0.0,0.0006589,0.9454177379185161,1.0,2920.0383259033406,1000.0,2919.135263917983,1000.0,0.05001945717276607,0.0
6737,1708063380000.0,0.0,0.0,220300.0,0.0006629992373370752,0.0,0.0,0.0006623,0.9454177379185161,1.0,2920.0383259033406,1000.0,2919.884283917983,1000.0,0.05001945717276607,0.0
6738,1708066980000.0,0.0,0.0,220800.0,0.0006622104412581402,0.0,0.0,0.0006596,0.9454177379185161,1.0,2920.1572502457807,1000.0,2919.580864815983,1000.0,0.050071298529382545,0.0
6739,1708070580000.0,0.0,0.0,447700.0,0.0006527784351793552,0.0,0.0,0.0006436,0.9454177379185161,1.0,2920.1280436777806,1000.0,2916.018858247983,1000.0,0.10008085298263905,0.0
6740,1708074180000.0,0.0,0.0,447700.0,0.0006527784351793552,0.0,0.0,0.0006412,0.9454177379185161,1.0,2920.1280436777806,1000.0,2914.9443782479834,1000.0,0.10008085298263905,0.0
6741,1708077780000.0,0.0,0.0,679000.0,0.0006454277841381403,0.0,0.0,0.000635,0.9454177379185161,1.0,2920.0988443657807,1000.0,2913.0183789359835,1000.0,0.1500789832081798,0.0
6742,1708081380000.0,0.0,0.0,509300.0,0.0006454277841381403,0.0,0.0,0.0006512,0.9454177379185161,1.0,2920.3097570055384,1000.0,2923.2495465439833,1000.0,0.11256215874805621,0.0
6743,1708084980000.0,0.0,0.0,0.0,0.0006454277841381403,0.0,0.0,0.0006885,0.9454177379185161,1.0,2931.7228770379834,1000.0,2931.7228770379834,1000.0,0.0,0.0
6744,1708088580000.0,0.0,0.0,0.0,0.0006454277841381403,0.0,0.0,0.0007097,0.9454177379185161,1.0,2931.7228770379834,1000.0,2931.7228770379834,1000.0,0.0,0.0
6745,1708092180000.0,0.0,0.0,0.0,0.0006454277841381403,0.0,0.0,0.0007324,0.9454177379185161,1.0,2931.7228770379834,1000.0,2931.7228770379834,1000.0,0.0,0.0
6746,1708095780000.0,0.0,0.0,0.0,0.0006454277841381403,0.0,0.0,0.0007162,0.9454177379185161,1.0,2931.7228770379834,1000.0,2931.7228770379834,1000.0,0.0,0.0
6747,1708099380000.0,0.0,0.0,0.0,0.0006454277841381403,0.0,0.0,0.0007106,0.9454177379185161,1.0,2931.7228770379834,1000.0,2931.7228770379834,1000.0,0.0,0.0
6748,1708102980000.0,0.0,0.0,0.0,0.0006454277841381403,0.0,0.0,0.0007017,0.9454177379185161,1.0,2931.7228770379834,1000.0,2931.7228770379834,1000.0,0.0,0.0
6749,1708106580000.0,0.0,0.0,0.0,0.0006454277841381403,0.0,0.0,0.0006777,0.9454177379185161,1.0,2931.7228770379834,1000.0,2931.7228770379834,1000.0,0.0,0.0
6750,1708110180000.0,0.0,0.0,48200.0,0.0006770422170900693,0.0,0.0,0.000689,0.9454177379185161,1.0,2933.490894911725,1000.0,2934.0672600479834,1000.0,0.011124437072685496,0.0
6751,1708113780000.0,0.0,0.0,162300.0,0.0006780858179822524,0.0,0.0,0.0006805,0.9454177379185161,1.0,2934.098999542503,1000.0,2934.490821283983,1000.0,0.037508389551845225,0.0
6752,1708117380000.0,0.0,0.0,38700.0,0.0006780306558792874,0.0,0.0,0.0006789,0.9454177379185161,1.0,2934.544261008512,1000.0,2934.5779046259836,1000.0,0.008941690446171912,0.0
6753,1708120980000.0,0.0,0.0,162400.0,0.0006778412304042883,0.0,0.0,0.0006845,0.9454177379185161,1.0,2934.59172784964,1000.0,2935.6731120319837,1000.0,0.03751166295909925,0.0
6754,1708124580000.0,0.0,0.0,216500.0,0.0006778309275642328,0.0,0.0,0.0006758,0.9454177379185161,1.0,2934.58439405364,1000.0,2934.144698235984,1000.0,0.05000721605247315,0.0
6755,1708128180000.0,0.0,0.0,21900.0,0.0006778309275642328,0.0,0.0,0.000678,0.9454177379185161,1.0,2934.84383719364,1000.0,2934.8475398799833,1000.0,0.005058019484897473,0.0
6756,1708131780000.0,0.0,0.0,24200.0,0.0006771738685447933,0.0,0.0,0.000683,0.9454177379185161,1.0,2936.160692572768,1000.0,2936.301684953984,1000.0,0.005581304749511034,0.0
6757,1708135380000.0,0.0,0.0,216800.0,0.0006773701447279111,0.0,0.0,0.0006766,0.9454177379185161,1.0,2936.3910865369953,1000.0,2936.224119159984,1000.0,0.0500116786385569,0.0
6758,1708138980000.0,0.0,0.0,38700.0,0.0006773026085459333,0.0,0.0,0.0006799,0.9454177379185161,1.0,2936.701812214712,1000.0,2936.8023312639843,1000.0,0.00892552687566197,0.0
6759,1708142580000.0,0.0,0.0,16500.0,0.0006773026085459333,0.0,0.0,0.000683,0.9454177379185161,1.0,2936.732040432992,1000.0,2936.826047391984,1000.0,0.0038054180249145865,0.0
6760,1708146180000.0,0.0,0.0,38700.0,0.0006769074247772417,0.0,0.0,0.0006792,0.9454177379185161,1.0,2936.962037152863,1000.0,2937.050759813984,1000.0,0.008919528753689433,0.0
6761,1708149780000.0,0.0,0.0,12400.0,0.0006769074247772417,0.0,0.0,0.0006809,0.9454177379185161,1.0,2936.997723497222,1000.0,2937.047231429984,1000.0,0.0028579021359414194,0.0
6762,1708153380000.0,0.0,0.0,1800.0,0.0006769074247772417,0.0,0.0,0.0006857,0.9454177379185161,1.0,2937.129743054584,1000.0,2937.145569689985,1000.0,0.0004148381144824325,0.0
6763,1708156980000.0,0.0,0.0,400.0,0.0006769074247772417,0.0,0.0,0.0006938,0.9454177379185161,1.0,2937.1516187118964,1000.0,2937.1583757419853,1000.0,9.218556106737222e-05,0.0
6764,1708160580000.0,0.0,0.0,216400.0,0.000678597653546364,0.0,0.0,0.0006738,0.9454177379185161,1.0,2937.1235350874185,1000.0,2936.0853228599854,1000.0,0.04999739727429016,0.0
6765,1708164180000.0,0.0,0.0,216400.0,0.000678597653546364,0.0,0.0,0.0006718,0.9454177379185161,1.0,2937.1235350874185,1000.0,2935.6525228599853,1000.0,0.04999739727429016,0.0
6766,1708167780000.0,0.0,0.0,162300.0,0.000678597653546364,0.0,0.0,0.0006869,0.9454177379185161,1.0,2937.1974533485604,1000.0,2938.5449241779856,1000.0,0.037497104270267416,0.0
6767,1708171380000.0,0.0,0.0,108200.0,0.000678597653546364,0.0,0.0,0.0006889,0.9454177379185161,1.0,2937.871761507702,1000.0,2938.9864753939855,1000.0,0.024992331889951383,0.0
6768,1708174980000.0,0.0,0.0,48200.0,0.000678597653546364,0.0,0.0,0.0006872,0.9454177379185161,1.0,2938.61960789492,1000.0,2939.0342409939853,1000.0,0.011130534490772493,0.0
6769,1708178580000.0,0.0,0.0,217100.0,0.0006777484282896843,0.0,0.0,0.0006665,0.9454177379185161,1.0,2938.6779574336756,1000.0,2936.235923651985,1000.0,0.0500698565521572,0.0
6770,1708182180000.0,0.0,0.0,440400.0,0.0006675053233707154,0.0,0.0,0.0006593,0.9454177379185161,1.0,2938.8588801404485,1000.0,2935.2452557279853,1000.0,0.10002839755218672,0.0
6771,1708185780000.0,0.0,0.0,218200.0,0.0006702875967289672,0.0,0.0,0.0006742,0.9454177379185161,1.0,2939.387357016247,1000.0,2940.241043409986,1000.0,0.049757563683176805,0.0
6772,1708189380000.0,0.0,0.0,218200.0,0.0006702875967289672,0.0,0.0,0.0006747,0.9454177379185161,1.0,2939.387357016247,1000.0,2940.3501434099862,1000.0,0.049757563683176805,0.0
6773,1708192980000.0,0.0,0.0,133200.0,0.0006721514678256819,0.0,0.0,0.0006749,0.9454177379185161,1.0,2939.8191243123665,1000.0,2940.1852287979855,1000.0,0.03045445033470293,0.0
6774,1708196580000.0,0.0,0.0,133200.0,0.0006721514678256819,0.0,0.0,0.0006739,0.9454177379185161,1.0,2939.8191243123665,1000.0,2940.0520287979857,1000.0,0.03045445033470293,0.0
6775,1708200180000.0,0.0,0.0,218700.0,0.0006723251533292207,0.0,0.0,0.0006725,0.9454177379185161,1.0,2940.265282153087,1000.0,2940.3035211199863,1000.0,0.050008246509453895,0.0
6776,1708203780000.0,0.0,0.0,123100.0,0.0006723251533292207,0.0,0.0,0.000676,0.9454177379185161,1.0,2940.393394438813,1000.0,2940.8457680639863,1000.0,0.028146990988130276,0.0
6777,1708207380000.0,0.0,0.0,2200.0,0.0006723251533292207,0.0,0.0,0.0006841,0.9454177379185161,1.0,2941.8850449373112,1000.0,2941.910949599987,1000.0,0.0005027780877671255,0.0
6778,1708210980000.0,0.0,0.0,1000.0,0.0006723251533292207,0.0,0.0,0.0006872,0.9454177379185161,1.0,2941.8998504013157,1000.0,2941.9147252479866,1000.0,0.0002285343443073041,0.0
6779,1708214580000.0,0.0,0.0,1000.0,0.0006723251533292207,0.0,0.0,0.0006899,0.9454177379185161,1.0,2941.8998504013157,1000.0,2941.9174252479866,1000.0,0.0002285343443073041,0.0
6780,1708218180000.0,0.0,0.0,100.0,0.0006723251533292207,0.0,0.0,0.0006964,0.9454177379185161,1.0,2941.9208525193194,1000.0,2941.9232600039863,1000.0,2.285327128204261e-05,0.0
6781,1708221780000.0,0.0,0.0,0.0,0.0006723251533292207,0.0,0.0,0.0006903,0.9454177379185161,1.0,2941.9231860879863,1000.0,2941.9231860879863,1000.0,0.0,0.0
6782,1708225380000.0,0.0,0.0,0.0,0.0006723251533292207,0.0,0.0,0.0006924,0.9454177379185161,1.0,2941.9231860879863,1000.0,2941.9231860879863,1000.0,0.0,0.0
6783,1708228980000.0,0.0,0.0,0.0,0.0006723251533292207,0.0,0.0,0.0007064,0.9454177379185161,1.0,2941.9231860879863,1000.0,2941.9231860879863,1000.0,0.0,0.0
6784,1708232580000.0,0.0,0.0,0.0,0.0006723251533292207,0.0,0.0,0.0007125,0.9454177379185161,1.0,2941.9231860879863,1000.0,2941.9231860879863,1000.0,0.0,0.0
6785,1708236180000.0,0.0,0.0,0.0,0.0006723251533292207,0.0,0.0,0.0007142,0.9454177379185161,1.0,2941.9231860879863,1000.0,2941.9231860879863,1000.0,0.0,0.0
6786,1708239780000.0,0.0,0.0,0.0,0.0006723251533292207,0.0,0.0,0.0007001,0.9454177379185161,1.0,2941.9231860879863,1000.0,2941.9231860879863,1000.0,0.0,0.0
6787,1708243380000.0,0.0,0.0,0.0,0.0006723251533292207,0.0,0.0,0.0007024,0.9454177379185161,1.0,2941.9231860879863,1000.0,2941.9231860879863,1000.0,0.0,0.0
6788,1708246980000.0,0.0,0.0,0.0,0.0006723251533292207,0.0,0.0,0.0007118,0.9454177379185161,1.0,2941.9231860879863,1000.0,2941.9231860879863,1000.0,0.0,0.0
6789,1708250580000.0,0.0,0.0,0.0,0.0006723251533292207,0.0,0.0,0.0007168,0.9454177379185161,1.0,2941.9231860879863,1000.0,2941.9231860879863,1000.0,0.0,0.0
6790,1708254180000.0,0.0,0.0,0.0,0.0006723251533292207,0.0,0.0,0.0007072,0.9454177379185161,1.0,2941.9231860879863,1000.0,2941.9231860879863,1000.0,0.0,0.0
6791,1708257780000.0,0.0,0.0,0.0,0.0006723251533292207,0.0,0.0,0.0007126,0.9454177379185161,1.0,2941.9231860879863,1000.0,2941.9231860879863,1000.0,0.0,0.0
6792,1708261380000.0,0.0,0.0,0.0,0.0006723251533292207,0.0,0.0,0.0007125,0.9454177379185161,1.0,2941.9231860879863,1000.0,2941.9231860879863,1000.0,0.0,0.0
6793,1708264980000.0,0.0,0.0,0.0,0.0006723251533292207,0.0,0.0,0.0007147,0.9454177379185161,1.0,2941.9231860879863,1000.0,2941.9231860879863,1000.0,0.0,0.0
6794,1708268580000.0,0.0,0.0,0.0,0.0006723251533292207,0.0,0.0,0.000723,0.9454177379185161,1.0,2941.9231860879863,1000.0,2941.9231860879863,1000.0,0.0,0.0
6795,1708272180000.0,0.0,0.0,0.0,0.0006723251533292207,0.0,0.0,0.000727,0.9454177379185161,1.0,2941.9231860879863,1000.0,2941.9231860879863,1000.0,0.0,0.0
6796,1708275780000.0,0.0,0.0,0.0,0.0006723251533292207,0.0,0.0,0.000741,0.9454177379185161,1.0,2941.9231860879863,1000.0,2941.9231860879863,1000.0,0.0,0.0
6797,1708279380000.0,0.0,0.0,0.0,0.0006723251533292207,0.0,0.0,0.0007426,0.9454177379185161,1.0,2941.9231860879863,1000.0,2941.9231860879863,1000.0,0.0,0.0
6798,1708282980000.0,0.0,0.0,0.0,0.0006723251533292207,0.0,0.0,0.0007428,0.9454177379185161,1.0,2941.9231860879863,1000.0,2941.9231860879863,1000.0,0.0,0.0
6799,1708286580000.0,0.0,0.0,0.0,0.0006723251533292207,0.0,0.0,0.0007423,0.9454177379185161,1.0,2941.9231860879863,1000.0,2941.9231860879863,1000.0,0.0,0.0
6800,1708290180000.0,0.0,0.0,0.0,0.0006723251533292207,0.0,0.0,0.0007277,0.9454177379185161,1.0,2941.9231860879863,1000.0,2941.9231860879863,1000.0,0.0,0.0
6801,1708293780000.0,0.0,0.0,0.0,0.0006723251533292207,0.0,0.0,0.0007254,0.9454177379185161,1.0,2941.9231860879863,1000.0,2941.9231860879863,1000.0,0.0,0.0
6802,1708297380000.0,0.0,0.0,0.0,0.0006723251533292207,0.0,0.0,0.0007374,0.9454177379185161,1.0,2941.9231860879863,1000.0,2941.9231860879863,1000.0,0.0,0.0
6803,1708300980000.0,0.0,0.0,0.0,0.0006723251533292207,0.0,0.0,0.0007298,0.9454177379185161,1.0,2941.9231860879863,1000.0,2941.9231860879863,1000.0,0.0,0.0
6804,1708304580000.0,0.0,0.0,0.0,0.0006723251533292207,0.0,0.0,0.0007311,0.9454177379185161,1.0,2941.9231860879863,1000.0,2941.9231860879863,1000.0,0.0,0.0
6805,1708308180000.0,0.0,0.0,0.0,0.0006723251533292207,0.0,0.0,0.0007299,0.9454177379185161,1.0,2941.9231860879863,1000.0,2941.9231860879863,1000.0,0.0,0.0
6806,1708311780000.0,0.0,0.0,0.0,0.0006723251533292207,0.0,0.0,0.0007364,0.9454177379185161,1.0,2941.9231860879863,1000.0,2941.9231860879863,1000.0,0.0,0.0
6807,1708315380000.0,0.0,0.0,0.0,0.0006723251533292207,0.0,0.0,0.0007334,0.9454177379185161,1.0,2941.9231860879863,1000.0,2941.9231860879863,1000.0,0.0,0.0
6808,1708318980000.0,0.0,0.0,0.0,0.0006723251533292207,0.0,0.0,0.0007355,0.9454177379185161,1.0,2941.9231860879863,1000.0,2941.9231860879863,1000.0,0.0,0.0
6809,1708322580000.0,0.0,0.0,0.0,0.0006723251533292207,0.0,0.0,0.0007433,0.9454177379185161,1.0,2941.9231860879863,1000.0,2941.9231860879863,1000.0,0.0,0.0
6810,1708326180000.0,0.0,0.0,0.0,0.0006723251533292207,0.0,0.0,0.0007428,0.9454177379185161,1.0,2941.9231860879863,1000.0,2941.9231860879863,1000.0,0.0,0.0
6811,1708329780000.0,0.0,0.0,0.0,0.0006723251533292207,0.0,0.0,0.000754,0.9454177379185161,1.0,2941.9231860879863,1000.0,2941.9231860879863,1000.0,0.0,0.0
6812,1708333380000.0,0.0,0.0,0.0,0.0006723251533292207,0.0,0.0,0.0007499,0.9454177379185161,1.0,2941.9231860879863,1000.0,2941.9231860879863,1000.0,0.0,0.0
6813,1708336980000.0,0.0,0.0,0.0,0.0006723251533292207,0.0,0.0,0.0007463,0.9454177379185161,1.0,2941.9231860879863,1000.0,2941.9231860879863,1000.0,0.0,0.0
6814,1708340580000.0,0.0,0.0,0.0,0.0006723251533292207,0.0,0.0,0.0007565,0.9454177379185161,1.0,2941.9231860879863,1000.0,2941.9231860879863,1000.0,0.0,0.0
6815,1708344180000.0,0.0,0.0,0.0,0.0006723251533292207,0.0,0.0,0.0007682,0.9454177379185161,1.0,2941.9231860879863,1000.0,2941.9231860879863,1000.0,0.0,0.0
6816,1708347780000.0,0.0,0.0,0.0,0.0006723251533292207,0.0,0.0,0.0007637,0.9454177379185161,1.0,2941.9231860879863,1000.0,2941.9231860879863,1000.0,0.0,0.0
6817,1708351380000.0,0.0,0.0,150100.0,0.0007352749625187407,0.0,0.0,0.0007325,0.9454177379185161,1.0,2942.0329212580496,1000.0,2941.6163993839864,1000.0,0.03751309887683705,0.0
6818,1708354980000.0,0.0,0.0,47700.0,0.0007350095116049487,0.0,0.0,0.0007384,0.9454177379185161,1.0,2942.8088668475416,1000.0,2942.9705931439858,1000.0,0.011913771940314195,0.0
6819,1708358580000.0,0.0,0.0,31800.0,0.0007350095116049487,0.0,0.0,0.0007466,0.9454177379185161,1.0,2943.024164747023,1000.0,2943.3927422779857,1000.0,0.007941933589609686,0.0
6820,1708362180000.0,0.0,0.0,1000.0,0.0007350095116049487,0.0,0.0,0.0007485,0.9454177379185161,1.0,2943.4412197975907,1000.0,2943.4547102859856,1000.0,0.0002497109528334636,0.0
6821,1708365780000.0,0.0,0.0,0.0,0.0007350095116049487,0.0,0.0,0.0007573,0.9454177379185161,1.0,2943.454760545986,1000.0,2943.454760545986,1000.0,0.0,0.0
6822,1708369380000.0,0.0,0.0,0.0,0.0007350095116049487,0.0,0.0,0.0007504,0.9454177379185161,1.0,2943.454760545986,1000.0,2943.454760545986,1000.0,0.0,0.0
6823,1708372980000.0,0.0,0.0,0.0,0.0007350095116049487,0.0,0.0,0.000755,0.9454177379185161,1.0,2943.454760545986,1000.0,2943.454760545986,1000.0,0.0,0.0
6824,1708376580000.0,0.0,0.0,0.0,0.0007350095116049487,0.0,0.0,0.0007754,0.9454177379185161,1.0,2943.454760545986,1000.0,2943.454760545986,1000.0,0.0,0.0
6825,1708380180000.0,0.0,0.0,0.0,0.0007350095116049487,0.0,0.0,0.0007894,0.9454177379185161,1.0,2943.454760545986,1000.0,2943.454760545986,1000.0,0.0,0.0
6826,1708383780000.0,0.0,0.0,0.0,0.0007350095116049487,0.0,0.0,0.0007869,0.9454177379185161,1.0,2943.454760545986,1000.0,2943.454760545986,1000.0,0.0,0.0
6827,1708387380000.0,0.0,0.0,0.0,0.0007350095116049487,0.0,0.0,0.0007843,0.9454177379185161,1.0,2943.454760545986,1000.0,2943.454760545986,1000.0,0.0,0.0
6828,1708390980000.0,0.0,0.0,0.0,0.0007350095116049487,0.0,0.0,0.000778,0.9454177379185161,1.0,2943.454760545986,1000.0,2943.454760545986,1000.0,0.0,0.0
6829,1708394580000.0,0.0,0.0,0.0,0.0007350095116049487,0.0,0.0,0.0008024,0.9454177379185161,1.0,2943.454760545986,1000.0,2943.454760545986,1000.0,0.0,0.0
6830,1708398180000.0,0.0,0.0,0.0,0.0007350095116049487,0.0,0.0,0.0008183,0.9454177379185161,1.0,2943.454760545986,1000.0,2943.454760545986,1000.0,0.0,0.0
6831,1708401780000.0,0.0,0.0,0.0,0.0007350095116049487,0.0,0.0,0.0008091,0.9454177379185161,1.0,2943.454760545986,1000.0,2943.454760545986,1000.0,0.0,0.0
6832,1708405380000.0,0.0,0.0,0.0,0.0007350095116049487,0.0,0.0,0.0008179,0.9454177379185161,1.0,2943.454760545986,1000.0,2943.454760545986,1000.0,0.0,0.0
6833,1708408980000.0,0.0,0.0,0.0,0.0007350095116049487,0.0,0.0,0.0008347,0.9454177379185161,1.0,2943.454760545986,1000.0,2943.454760545986,1000.0,0.0,0.0
6834,1708412580000.0,0.0,0.0,0.0,0.0007350095116049487,0.0,0.0,0.0007957,0.9454177379185161,1.0,2943.454760545986,1000.0,2943.454760545986,1000.0,0.0,0.0
6835,1708416180000.0,0.0,0.0,0.0,0.0007350095116049487,0.0,0.0,0.000786,0.9454177379185161,1.0,2943.454760545986,1000.0,2943.454760545986,1000.0,0.0,0.0
6836,1708419780000.0,0.0,0.0,130700.0,0.0007785316763617134,0.0,0.0,0.0007853,0.9454177379185161,1.0,2943.694342746462,1000.0,2944.578962645986,1000.0,0.03456679880885308,0.0
6837,1708423380000.0,0.0,0.0,91500.0,0.0007783716916434388,0.0,0.0,0.000785,0.9454177379185161,1.0,2944.1411181593617,1000.0,2944.747608373987,1000.0,0.02419075952103175,0.0
6838,1708426980000.0,0.0,0.0,5500.0,0.0007783716916434388,0.0,0.0,0.0007961,0.9454177379185161,1.0,2945.3683165180255,1000.0,2945.4658222139865,1000.0,0.0014534835185230437,0.0
6839,1708430580000.0,0.0,0.0,1200.0,0.0007783716916434388,0.0,0.0,0.0007854,0.9454177379185161,1.0,2945.4296764359583,1000.0,2945.438110405986,1000.0,0.00031711707036996556,0.0
6840,1708434180000.0,0.0,0.0,188900.0,0.0007796436967259126,0.0,0.0,0.00078,0.9454177379185161,1.0,2945.4663098835103,1000.0,2945.5336155719856,1000.0,0.05000046811513164,0.0
6841,1708437780000.0,0.0,0.0,8400.0,0.0007796436967259126,0.0,0.0,0.0007927,0.9454177379185161,1.0,2947.442966446483,1000.0,2947.5526393939854,1000.0,0.0022219283382413765,0.0
6842,1708441380000.0,0.0,0.0,163600.0,0.0007594263610457082,0.0,0.0,0.0007534,0.9454177379185161,1.0,2948.1990829730635,1000.0,2947.2131703059854,1000.0,0.042141710641123965,0.0
6843,1708444980000.0,0.0,0.0,566800.0,0.000739366112680095,0.0,0.0,0.0007271,0.9454177379185161,1.0,2948.1401168610632,1000.0,2941.187684193985,1000.0,0.1421481666594843,0.0
6844,1708448580000.0,0.0,0.0,1150900.0,0.0007218183879286453,0.0,0.0,0.0007021,0.9454177379185161,1.0,2948.057783247063,1000.0,2925.3638905799853,1000.0,0.28179257115919876,0.0
6845,1708452180000.0,0.0,0.0,2336900.0,0.0006977260955398511,0.0,0.0,0.0006872,0.9454177379185161,1.0,2947.8978281810632,1000.0,2923.2993955139855,1000.0,0.5531114739051701,0.0
6846,1708455780000.0,0.0,0.0,2336900.0,0.0006977260955398511,0.0,0.0,0.000688,0.9454177379185161,1.0,2947.8978281810632,1000.0,2925.168915513985,1000.0,0.5531114739051701,0.0
6847,1708459380000.0,0.0,0.0,1314600.0,0.0006977260955398511,0.0,0.0,0.000695,0.9454177379185161,1.0,2949.3638518326734,1000.0,2945.780126635985,1000.0,0.31099273310301817,0.0
6848,1708462980000.0,0.0,0.0,312100.0,0.0006977260955398511,0.0,0.0,0.0007055,0.9454177379185161,1.0,2950.801481403973,1000.0,2953.2277169859854,1000.0,0.07379700592883616,0.0
6849,1708466580000.0,0.0,0.0,206400.0,0.000707268417509468,0.0,0.0,0.0007182,0.9454177379185161,1.0,2953.893569407939,1000.0,2956.149848033985,1000.0,0.04941958738317495,0.0
6850,1708470180000.0,0.0,0.0,135600.0,0.0007211528389904109,0.0,0.0,0.0007323,0.9454177379185161,1.0,2958.026919997085,1000.0,2959.538475029985,1000.0,0.03305863253171343,0.0
6851,1708473780000.0,0.0,0.0,204500.0,0.0007234885797814103,0.0,0.0,0.0007224,0.9454177379185161,1.0,2959.132707221283,1000.0,2958.9100926559845,1000.0,0.049998911574408986,0.0
6852,1708477380000.0,0.0,0.0,207400.0,0.0007230556562035633,0.0,0.0,0.0007145,0.9454177379185161,1.0,2959.486235848604,1000.0,2957.711792751985,1000.0,0.050671546054215366,0.0
6853,1708480980000.0,0.0,0.0,204400.0,0.0007240761337132218,0.0,0.0,0.0007246,0.9454177379185161,1.0,2959.9402560769677,1000.0,2960.0473343459853,1000.0,0.05000140169286378,0.0
6854,1708484580000.0,0.0,0.0,204400.0,0.0007240761337132218,0.0,0.0,0.0007185,0.9454177379185161,1.0,2959.9402560769677,1000.0,2958.800494345985,1000.0,0.05000140169286378,0.0
6855,1708488180000.0,0.0,0.0,204400.0,0.0007240761337132218,0.0,0.0,0.000715,0.9454177379185161,1.0,2959.9402560769677,1000.0,2958.085094345985,1000.0,0.05000140169286378,0.0
6856,1708491780000.0,0.0,0.0,414700.0,0.0007137431196792441,0.0,0.0,0.0007088,0.9454177379185161,1.0,2959.9106584549677,1000.0,2957.8607467239854,1000.0,0.09999939386193664,0.0
6857,1708495380000.0,0.0,0.0,414700.0,0.0007137431196792441,0.0,0.0,0.0006999,0.9454177379185161,1.0,2959.9106584549677,1000.0,2954.1699167239854,1000.0,0.09999939386193664,0.0
6858,1708498980000.0,0.0,0.0,414700.0,0.0007137431196792441,0.0,0.0,0.0007001,0.9454177379185161,1.0,2959.9106584549677,1000.0,2954.252856723985,1000.0,0.09999939386193664,0.0
6859,1708502580000.0,0.0,0.0,414700.0,0.0007137431196792441,0.0,0.0,0.0006999,0.9454177379185161,1.0,2959.9106584549677,1000.0,2954.1699167239854,1000.0,0.09999939386193664,0.0
6860,1708506180000.0,0.0,0.0,414700.0,0.0007137431196792441,0.0,0.0,0.0007026,0.9454177379185161,1.0,2959.9106584549677,1000.0,2955.2896067239853,1000.0,0.09999939386193664,0.0
6861,1708509780000.0,0.0,0.0,896400.0,0.0006977519541844962,0.0,0.0,0.0006781,0.9454177379185161,1.0,2959.844763338968,1000.0,2942.2287516079855,1000.0,0.2113167756221791,0.0
6862,1708513380000.0,0.0,0.0,1277300.0,0.0006886113221099056,0.0,0.0,0.0006795,0.9454177379185161,1.0,2959.7939436609677,1000.0,2948.156051929985,1000.0,0.29717043093988194,0.0
6863,1708516980000.0,0.0,0.0,1277300.0,0.0006886113221099056,0.0,0.0,0.0006803,0.9454177379185161,1.0,2959.7939436609677,1000.0,2949.1778919299854,1000.0,0.29717043093988194,0.0
6864,1708520580000.0,0.0,0.0,1277300.0,0.0006886113221099056,0.0,0.0,0.0006837,0.9454177379185161,1.0,2959.7939436609677,1000.0,2953.5207119299853,1000.0,0.29717043093988194,0.0
6865,1708524180000.0,0.0,0.0,958000.0,0.0006886113221099056,0.0,0.0,0.0006744,0.9454177379185161,1.0,2960.225208725275,1000.0,2946.6107621439855,1000.0,0.22285116843031127,0.0
6866,1708527780000.0,0.0,0.0,1365100.0,0.0006793631284017945,0.0,0.0,0.000658,0.9454177379185161,1.0,2960.171666933275,1000.0,2931.0088603519853,1000.0,0.3132921704983652,0.0
6867,1708531380000.0,0.0,0.0,1365100.0,0.0006793631284017945,0.0,0.0,0.0006681,0.9454177379185161,1.0,2960.171666933275,1000.0,2944.7963703519854,1000.0,0.3132921704983652,0.0
6868,1708534980000.0,0.0,0.0,1365100.0,0.0006793631284017945,0.0,0.0,0.0006709,0.9454177379185161,1.0,2960.171666933275,1000.0,2948.6186503519853,1000.0,0.3132921704983652,0.0
6869,1708538580000.0,0.0,0.0,1365100.0,0.0006793631284017945,0.0,0.0,0.0006544,0.9454177379185161,1.0,2960.171666933275,1000.0,2926.094500351985,1000.0,0.3132921704983652,0.0
6870,1708542180000.0,0.0,0.0,1365100.0,0.0006793631284017945,0.0,0.0,0.000654,0.9454177379185161,1.0,2960.171666933275,1000.0,2925.5484603519853,1000.0,0.3132921704983652,0.0
6871,1708545780000.0,0.0,0.0,1365100.0,0.0006793631284017945,0.0,0.0,0.0006561,0.9454177379185161,1.0,2960.171666933275,1000.0,2928.415170351985,1000.0,0.3132921704983652,0.0
6872,1708549380000.0,0.0,0.0,1365100.0,0.0006793631284017945,0.0,0.0,0.0006571,0.9454177379185161,1.0,2960.171666933275,1000.0,2929.780270351985,1000.0,0.3132921704983652,0.0
6873,1708552980000.0,0.0,0.0,1365100.0,0.0006793631284017945,0.0,0.0,0.000675,0.9454177379185161,1.0,2960.171666933275,1000.0,2954.2155603519855,1000.0,0.3132921704983652,0.0
6874,1708556580000.0,0.0,0.0,243000.0,0.0006793631284017945,0.0,0.0,0.0006851,0.9454177379185161,1.0,2961.743382975621,1000.0,2963.1374427739847,1000.0,0.05573921128702828,0.0
6875,1708560180000.0,0.0,0.0,10200.0,0.0006793631284017945,0.0,0.0,0.0006896,0.9454177379185161,1.0,2962.810795683683,1000.0,2962.9152117739845,1000.0,0.0023388276834259633,0.0
6876,1708563780000.0,0.0,0.0,3300.0,0.0006793631284017945,0.0,0.0,0.0006788,0.9454177379185161,1.0,2962.8204604557104,1000.0,2962.8186021319843,1000.0,0.0007566770763359371,0.0
6877,1708567380000.0,0.0,0.0,220500.0,0.0006719384829077215,0.0,0.0,0.0006685,0.9454177379185161,1.0,2962.860958623137,1000.0,2962.1027731419845,1000.0,0.05000654352339394,0.0
6878,1708570980000.0,0.0,0.0,220500.0,0.0006719384829077215,0.0,0.0,0.0006665,0.9454177379185161,1.0,2962.860958623137,1000.0,2961.661773141984,1000.0,0.05000654352339394,0.0
6879,1708574580000.0,0.0,0.0,165900.0,0.0006709320341868334,0.0,0.0,0.0006738,0.9454177379185161,1.0,2963.08644896558,1000.0,2963.5622444939845,1000.0,0.03756475769056735,0.0
6880,1708578180000.0,0.0,0.0,221100.0,0.0006703606335296699,0.0,0.0,0.0006701,0.9454177379185161,1.0,2963.255048333394,1000.0,2963.197422259984,1000.0,0.05001821768827178,0.0
6881,1708581780000.0,0.0,0.0,24700.0,0.0006703606335296699,0.0,0.0,0.0006845,0.9454177379185161,1.0,2964.608932044167,1000.0,2964.9581743959843,1000.0,0.005585191176215536,0.0
6882,1708585380000.0,0.0,0.0,24700.0,0.0006703606335296699,0.0,0.0,0.0006864,0.9454177379185161,1.0,2964.608932044167,1000.0,2965.0051043959843,1000.0,0.005585191176215536,0.0
6883,1708588980000.0,0.0,0.0,3100.0,0.0006703606335296699,0.0,0.0,0.0006915,0.9454177379185161,1.0,2965.112225143926,1000.0,2965.177757179984,1000.0,0.000700856428407564,0.0
6884,1708592580000.0,0.0,0.0,200.0,0.0006703606335296699,0.0,0.0,0.000697,0.9454177379185161,1.0,2965.1797969026898,1000.0,2965.1851247759837,1000.0,4.5215513354697896e-05,0.0
6885,1708596180000.0,0.0,0.0,0.0,0.0006703606335296699,0.0,0.0,0.0007019,0.9454177379185161,1.0,2965.184457023983,1000.0,2965.184457023983,1000.0,0.0,0.0
6886,1708599780000.0,0.0,0.0,0.0,0.0006703606335296699,0.0,0.0,0.0007007,0.9454177379185161,1.0,2965.184457023983,1000.0,2965.184457023983,1000.0,0.0,0.0
6887,1708603380000.0,0.0,0.0,0.0,0.0006703606335296699,0.0,0.0,0.0006959,0.9454177379185161,1.0,2965.184457023983,1000.0,2965.184457023983,1000.0,0.0,0.0
6888,1708606980000.0,0.0,0.0,0.0,0.0006703606335296699,0.0,0.0,0.0006949,0.9454177379185161,1.0,2965.184457023983,1000.0,2965.184457023983,1000.0,0.0,0.0
6889,1708610580000.0,0.0,0.0,0.0,0.0006703606335296699,0.0,0.0,0.0006943,0.9454177379185161,1.0,2965.184457023983,1000.0,2965.184457023983,1000.0,0.0,0.0
6890,1708614180000.0,0.0,0.0,0.0,0.0006703606335296699,0.0,0.0,0.0006988,0.9454177379185161,1.0,2965.184457023983,1000.0,2965.184457023983,1000.0,0.0,0.0
6891,1708617780000.0,0.0,0.0,0.0,0.0006703606335296699,0.0,0.0,0.0007013,0.9454177379185161,1.0,2965.184457023983,1000.0,2965.184457023983,1000.0,0.0,0.0
6892,1708621380000.0,0.0,0.0,0.0,0.0006703606335296699,0.0,0.0,0.0006937,0.9454177379185161,1.0,2965.184457023983,1000.0,2965.184457023983,1000.0,0.0,0.0
6893,1708624980000.0,0.0,0.0,0.0,0.0006703606335296699,0.0,0.0,0.0007003,0.9454177379185161,1.0,2965.184457023983,1000.0,2965.184457023983,1000.0,0.0,0.0
6894,1708628580000.0,0.0,0.0,0.0,0.0006703606335296699,0.0,0.0,0.0007065,0.9454177379185161,1.0,2965.184457023983,1000.0,2965.184457023983,1000.0,0.0,0.0
6895,1708632180000.0,0.0,0.0,0.0,0.0006703606335296699,0.0,0.0,0.0006946,0.9454177379185161,1.0,2965.184457023983,1000.0,2965.184457023983,1000.0,0.0,0.0
6896,1708635780000.0,0.0,0.0,0.0,0.0006703606335296699,0.0,0.0,0.0007029,0.9454177379185161,1.0,2965.184457023983,1000.0,2965.184457023983,1000.0,0.0,0.0
6897,1708639380000.0,0.0,0.0,121200.0,0.0006889493036211699,0.0,0.0,0.0006943,0.9454177379185161,1.0,2965.3535735408695,1000.0,2966.0020779419838,1000.0,0.028158751908690376,0.0
6898,1708642980000.0,0.0,0.0,90900.0,0.0006890901841855986,0.0,0.0,0.0006931,0.9454177379185161,1.0,2965.718503844455,1000.0,2966.082996101984,1000.0,0.021120783264248787,0.0
6899,1708646580000.0,0.0,0.0,216200.0,0.0006882173372194874,0.0,0.0,0.0006859,0.9454177379185161,1.0,2965.765079720837,1000.0,2965.264071413984,1000.0,0.050170052012635746,0.0
6900,1708650180000.0,0.0,0.0,98500.0,0.000688213049174018,0.0,0.0,0.00069,0.9454177379185161,1.0,2965.9881928056243,1000.0,2966.1642074619836,1000.0,0.022855446797823215,0.0
6901,1708653780000.0,0.0,0.0,215600.0,0.0006878671265395176,0.0,0.0,0.000685,0.9454177379185161,1.0,2966.188951029902,1000.0,2965.570798547982,1000.0,0.0499982148576296,0.0
6902,1708657380000.0,0.0,0.0,215600.0,0.0006878671265395176,0.0,0.0,0.0006781,0.9454177379185161,1.0,2966.188951029902,1000.0,2964.083158547982,1000.0,0.0499982148576296,0.0
6903,1708660980000.0,0.0,0.0,215600.0,0.0006878671265395176,0.0,0.0,0.0006723,0.9454177379185161,1.0,2966.188951029902,1000.0,2962.832678547982,1000.0,0.0499982148576296,0.0
6904,1708664580000.0,0.0,0.0,215600.0,0.0006878671265395176,0.0,0.0,0.0006792,0.9454177379185161,1.0,2966.188951029902,1000.0,2964.320318547982,1000.0,0.0499982148576296,0.0
6905,1708668180000.0,0.0,0.0,215600.0,0.0006878671265395176,0.0,0.0,0.0006801,0.9454177379185161,1.0,2966.188951029902,1000.0,2964.514358547982,1000.0,0.0499982148576296,0.0
6906,1708671780000.0,0.0,0.0,215600.0,0.0006878671265395176,0.0,0.0,0.0006822,0.9454177379185161,1.0,2966.188951029902,1000.0,2964.967118547982,1000.0,0.0499982148576296,0.0
6907,1708675380000.0,0.0,0.0,437500.0,0.0006780441199586743,0.0,0.0,0.000669,0.9454177379185161,1.0,2966.159282999902,1000.0,2962.202480517982,1000.0,0.10000956596703772,0.0
6908,1708678980000.0,0.0,0.0,437500.0,0.0006780441199586743,0.0,0.0,0.0006676,0.9454177379185161,1.0,2966.159282999902,1000.0,2961.589980517982,1000.0,0.10000956596703772,0.0
6909,1708682580000.0,0.0,0.0,437500.0,0.0006780441199586743,0.0,0.0,0.0006708,0.9454177379185161,1.0,2966.159282999902,1000.0,2962.989980517982,1000.0,0.10000956596703772,0.0
6910,1708686180000.0,0.0,0.0,328200.0,0.0006780441199586743,0.0,0.0,0.0006887,0.9454177379185161,1.0,2966.303556818419,1000.0,2969.800816647982,1000.0,0.07502066997118839,0.0
6911,1708689780000.0,0.0,0.0,328200.0,0.0006780441199586743,0.0,0.0,0.0006829,0.9454177379185161,1.0,2966.303556818419,1000.0,2967.897256647982,1000.0,0.07502066997118839,0.0
6912,1708693380000.0,0.0,0.0,246200.0,0.0006780441199586743,0.0,0.0,0.0006682,0.9454177379185161,1.0,2966.411795181808,1000.0,2963.9881728479822,1000.0,0.056274878155813966,0.0
6913,1708696980000.0,0.0,0.0,246200.0,0.0006780441199586743,0.0,0.0,0.0006757,0.9454177379185161,1.0,2966.411795181808,1000.0,2965.8346728479823,1000.0,0.056274878155813966,0.0
6914,1708700580000.0,0.0,0.0,165000.0,0.0006761761640550347,0.0,0.0,0.0006803,0.9454177379185161,1.0,2966.6600788810633,1000.0,2967.3405118119827,1000.0,0.03760763420902649,0.0
6915,1708704180000.0,0.0,0.0,220000.0,0.0006753557686818786,0.0,0.0,0.0006607,0.9454177379185161,1.0,2966.7043031419958,1000.0,2963.4800340319825,1000.0,0.050081927259368615,0.0
6916,1708707780000.0,0.0,0.0,187100.0,0.0006662796472071277,0.0,0.0,0.0006662,0.9454177379185161,1.0,2967.092748472436,1000.0,2967.0778464799823,1000.0,0.042014501250974855,0.0
6917,1708711380000.0,0.0,0.0,221900.0,0.0006674200915383865,0.0,0.0,0.0006676,0.9454177379185161,1.0,2967.3384213043505,1000.0,2967.3783429919827,1000.0,0.04991022164814876,0.0
6918,1708714980000.0,0.0,0.0,221900.0,0.0006674200915383865,0.0,0.0,0.0006679,0.9454177379185161,1.0,2967.3384213043505,1000.0,2967.4449129919826,1000.0,0.04991022164814876,0.0
6919,1708718580000.0,0.0,0.0,221900.0,0.0006674200915383865,0.0,0.0,0.000668,0.9454177379185161,1.0,2967.3384213043505,1000.0,2967.4671029919828,1000.0,0.04991022164814876,0.0
6920,1708722180000.0,0.0,0.0,221900.0,0.0006674200915383865,0.0,0.0,0.0006675,0.9454177379185161,1.0,2967.3384213043505,1000.0,2967.3561529919825,1000.0,0.04991022164814876,0.0
6921,1708725780000.0,0.0,0.0,221900.0,0.0006674200915383865,0.0,0.0,0.0006668,0.9454177379185161,1.0,2967.3384213043505,1000.0,2967.2008229919825,1000.0,0.04991022164814876,0.0
6922,1708729380000.0,0.0,0.0,221900.0,0.0006674200915383865,0.0,0.0,0.0006535,0.9454177379185161,1.0,2967.3384213043505,1000.0,2964.2495529919825,1000.0,0.04991022164814876,0.0
6923,1708732980000.0,0.0,0.0,221900.0,0.0006674200915383865,0.0,0.0,0.0006613,0.9454177379185161,1.0,2967.3384213043505,1000.0,2965.9803729919827,1000.0,0.04991022164814876,0.0
6924,1708736580000.0,0.0,0.0,221900.0,0.0006674200915383865,0.0,0.0,0.0006589,0.9454177379185161,1.0,2967.3384213043505,1000.0,2965.4478129919826,1000.0,0.04991022164814876,0.0
6925,1708740180000.0,0.0,0.0,450600.0,0.0006579187934140434,0.0,0.0,0.0006439,0.9454177379185161,1.0,2967.3087497663505,1000.0,2960.9918814539824,1000.0,0.0999081097764806,0.0
6926,1708743780000.0,0.0,0.0,450600.0,0.0006579187934140434,0.0,0.0,0.0006458,0.9454177379185161,1.0,2967.3087497663505,1000.0,2961.8480214539827,1000.0,0.0999081097764806,0.0
6927,1708747380000.0,0.0,0.0,450600.0,0.0006579187934140434,0.0,0.0,0.0006471,0.9454177379185161,1.0,2967.3087497663505,1000.0,2962.4338014539826,1000.0,0.0999081097764806,0.0
6928,1708750980000.0,0.0,0.0,450600.0,0.0006579187934140434,0.0,0.0,0.0006562,0.9454177379185161,1.0,2967.3087497663505,1000.0,2966.5342614539827,1000.0,0.0999081097764806,0.0
6929,1708754580000.0,0.0,0.0,190200.0,0.0006579187934140434,0.0,0.0,0.0006589,0.9454177379185161,1.0,2967.6601144093333,1000.0,2967.8467399019823,1000.0,0.04216660590603296,0.0
6930,1708758180000.0,0.0,0.0,60300.0,0.0006579187934140434,0.0,0.0,0.0006565,0.9454177379185161,1.0,2967.8353919328492,1000.0,2967.7498386899824,1000.0,0.01336748774905251,0.0
6931,1708761780000.0,0.0,0.0,19200.0,0.0006579187934140434,0.0,0.0,0.000666,0.9454177379185161,1.0,2967.890849255532,1000.0,2968.046008421982,1000.0,0.004256234974651532,0.0
6932,1708765380000.0,0.0,0.0,1800.0,0.0006579187934140434,0.0,0.0,0.0006709,0.9454177379185161,1.0,2968.100470302127,1000.0,2968.123836473982,1000.0,0.0003989938480838323,0.0
6933,1708768980000.0,0.0,0.0,500.0,0.0006579187934140434,0.0,0.0,0.000678,0.9454177379185161,1.0,2968.130168836689,1000.0,2968.140209439982,1000.0,0.00011083051550800147,0.0
6934,1708772580000.0,0.0,0.0,100.0,0.0006579187934140434,0.0,0.0,0.000662,0.9454177379185161,1.0,2968.139306847323,1000.0,2968.1397149679815,1000.0,2.2166034858817558e-05,0.0
6935,1708776180000.0,0.0,0.0,0.0,0.0006579187934140434,0.0,0.0,0.0006674,0.9454177379185161,1.0,2968.1405115659813,1000.0,2968.1405115659813,1000.0,0.0,0.0
6936,1708779780000.0,0.0,0.0,0.0,0.0006579187934140434,0.0,0.0,0.0006637,0.9454177379185161,1.0,2968.1405115659813,1000.0,2968.1405115659813,1000.0,0.0,0.0
6937,1708783380000.0,0.0,0.0,0.0,0.0006579187934140434,0.0,0.0,0.0006769,0.9454177379185161,1.0,2968.1405115659813,1000.0,2968.1405115659813,1000.0,0.0,0.0
6938,1708786980000.0,0.0,0.0,0.0,0.0006579187934140434,0.0,0.0,0.0006792,0.9454177379185161,1.0,2968.1405115659813,1000.0,2968.1405115659813,1000.0,0.0,0.0
6939,1708790580000.0,0.0,0.0,0.0,0.0006579187934140434,0.0,0.0,0.0006763,0.9454177379185161,1.0,2968.1405115659813,1000.0,2968.1405115659813,1000.0,0.0,0.0
6940,1708794180000.0,0.0,0.0,0.0,0.0006579187934140434,0.0,0.0,0.0006867,0.9454177379185161,1.0,2968.1405115659813,1000.0,2968.1405115659813,1000.0,0.0,0.0
6941,1708797780000.0,0.0,0.0,0.0,0.0006579187934140434,0.0,0.0,0.0006862,0.9454177379185161,1.0,2968.1405115659813,1000.0,2968.1405115659813,1000.0,0.0,0.0
6942,1708801380000.0,0.0,0.0,0.0,0.0006579187934140434,0.0,0.0,0.0006862,0.9454177379185161,1.0,2968.1405115659813,1000.0,2968.1405115659813,1000.0,0.0,0.0
6943,1708804980000.0,0.0,0.0,0.0,0.0006579187934140434,0.0,0.0,0.0006846,0.9454177379185161,1.0,2968.1405115659813,1000.0,2968.1405115659813,1000.0,0.0,0.0
6944,1708808580000.0,0.0,0.0,0.0,0.0006579187934140434,0.0,0.0,0.0006814,0.9454177379185161,1.0,2968.1405115659813,1000.0,2968.1405115659813,1000.0,0.0,0.0
6945,1708812180000.0,0.0,0.0,0.0,0.0006579187934140434,0.0,0.0,0.0006854,0.9454177379185161,1.0,2968.1405115659813,1000.0,2968.1405115659813,1000.0,0.0,0.0
6946,1708815780000.0,0.0,0.0,0.0,0.0006579187934140434,0.0,0.0,0.0006828,0.9454177379185161,1.0,2968.1405115659813,1000.0,2968.1405115659813,1000.0,0.0,0.0
6947,1708819380000.0,0.0,0.0,0.0,0.0006579187934140434,0.0,0.0,0.0006818,0.9454177379185161,1.0,2968.1405115659813,1000.0,2968.1405115659813,1000.0,0.0,0.0
6948,1708822980000.0,0.0,0.0,0.0,0.0006579187934140434,0.0,0.0,0.0006881,0.9454177379185161,1.0,2968.1405115659813,1000.0,2968.1405115659813,1000.0,0.0,0.0
6949,1708826580000.0,0.0,0.0,0.0,0.0006579187934140434,0.0,0.0,0.0006931,0.9454177379185161,1.0,2968.1405115659813,1000.0,2968.1405115659813,1000.0,0.0,0.0
6950,1708830180000.0,0.0,0.0,0.0,0.0006579187934140434,0.0,0.0,0.000689,0.9454177379185161,1.0,2968.1405115659813,1000.0,2968.1405115659813,1000.0,0.0,0.0
6951,1708833780000.0,0.0,0.0,0.0,0.0006579187934140434,0.0,0.0,0.0006918,0.9454177379185161,1.0,2968.1405115659813,1000.0,2968.1405115659813,1000.0,0.0,0.0
6952,1708837380000.0,0.0,0.0,0.0,0.0006579187934140434,0.0,0.0,0.0006895,0.9454177379185161,1.0,2968.1405115659813,1000.0,2968.1405115659813,1000.0,0.0,0.0
6953,1708840980000.0,0.0,0.0,0.0,0.0006579187934140434,0.0,0.0,0.0006942,0.9454177379185161,1.0,2968.1405115659813,1000.0,2968.1405115659813,1000.0,0.0,0.0
6954,1708844580000.0,0.0,0.0,0.0,0.0006579187934140434,0.0,0.0,0.0006949,0.9454177379185161,1.0,2968.1405115659813,1000.0,2968.1405115659813,1000.0,0.0,0.0
6955,1708848180000.0,0.0,0.0,0.0,0.0006579187934140434,0.0,0.0,0.0006954,0.9454177379185161,1.0,2968.1405115659813,1000.0,2968.1405115659813,1000.0,0.0,0.0
6956,1708851780000.0,0.0,0.0,0.0,0.0006579187934140434,0.0,0.0,0.0006914,0.9454177379185161,1.0,2968.1405115659813,1000.0,2968.1405115659813,1000.0,0.0,0.0
6957,1708855380000.0,0.0,0.0,0.0,0.0006579187934140434,0.0,0.0,0.0006939,0.9454177379185161,1.0,2968.1405115659813,1000.0,2968.1405115659813,1000.0,0.0,0.0
6958,1708858980000.0,0.0,0.0,0.0,0.0006579187934140434,0.0,0.0,0.0006949,0.9454177379185161,1.0,2968.1405115659813,1000.0,2968.1405115659813,1000.0,0.0,0.0
6959,1708862580000.0,0.0,0.0,0.0,0.0006579187934140434,0.0,0.0,0.0006935,0.9454177379185161,1.0,2968.1405115659813,1000.0,2968.1405115659813,1000.0,0.0,0.0
6960,1708866180000.0,0.0,0.0,0.0,0.0006579187934140434,0.0,0.0,0.0006927,0.9454177379185161,1.0,2968.1405115659813,1000.0,2968.1405115659813,1000.0,0.0,0.0
6961,1708869780000.0,0.0,0.0,0.0,0.0006579187934140434,0.0,0.0,0.0006918,0.9454177379185161,1.0,2968.1405115659813,1000.0,2968.1405115659813,1000.0,0.0,0.0
6962,1708873380000.0,0.0,0.0,0.0,0.0006579187934140434,0.0,0.0,0.0006941,0.9454177379185161,1.0,2968.1405115659813,1000.0,2968.1405115659813,1000.0,0.0,0.0
6963,1708876980000.0,0.0,0.0,216700.0,0.0006847,0.0,0.0,0.0006869,0.9454177379185161,1.0,2968.1108366679814,1000.0,2968.5875766679815,1000.0,0.04998953818266641,0.0
6964,1708880580000.0,0.0,0.0,216800.0,0.000684535701107011,0.0,0.0,0.0006833,0.9454177379185161,1.0,2968.3290260579815,1000.0,2968.0611260579817,1000.0,0.0499969304942885,0.0
6965,1708884180000.0,0.0,0.0,162600.0,0.000684535701107011,0.0,0.0,0.0006887,0.9454177379185161,1.0,2968.4009548179815,1000.0,2969.0780698179815,1000.0,0.037496789245853444,0.0
6966,1708887780000.0,0.0,0.0,162600.0,0.000684535701107011,0.0,0.0,0.0006877,0.9454177379185161,1.0,2968.4009548179815,1000.0,2968.9154698179814,1000.0,0.037496789245853444,0.0
6967,1708891380000.0,0.0,0.0,162700.0,0.0006844766943291839,0.0,0.0,0.0006871,0.9454177379185161,1.0,2968.4686502473396,1000.0,2968.8954620799814,1000.0,0.03751576024159093,0.0
6968,1708894980000.0,0.0,0.0,162700.0,0.0006844766943291839,0.0,0.0,0.0006926,0.9454177379185161,1.0,2968.4686502473396,1000.0,2969.7903120799815,1000.0,0.03751576024159093,0.0
6969,1708898580000.0,0.0,0.0,51600.0,0.0006844766943291839,0.0,0.0,0.0006867,0.9454177379185161,1.0,2968.622646587368,1000.0,2968.737369159982,1000.0,0.011897435825327096,0.0
6970,1708902180000.0,0.0,0.0,68700.0,0.0006844102895573041,0.0,0.0,0.0006865,0.9454177379185161,1.0,2968.8285729125682,1000.0,2968.9721360199815,1000.0,0.015837555364962966,0.0
6971,1708905780000.0,0.0,0.0,68700.0,0.0006844102895573041,0.0,0.0,0.0006873,0.9454177379185161,1.0,2968.8285729125682,1000.0,2969.0270960199814,1000.0,0.015837555364962966,0.0
6972,1708909380000.0,0.0,0.0,51600.0,0.0006844102895573041,0.0,0.0,0.0006867,0.9454177379185161,1.0,2968.8517011831386,1000.0,2968.969850241982,1000.0,0.011895363762050838,0.0
6973,1708912980000.0,0.0,0.0,217000.0,0.0006840550203968551,0.0,0.0,0.0006827,0.9454177379185161,1.0,2968.856428398099,1000.0,2968.5623889719814,1000.0,0.049999029257945984,0.0
6974,1708916580000.0,0.0,0.0,217000.0,0.0006840550203968551,0.0,0.0,0.0006727,0.9454177379185161,1.0,2968.856428398099,1000.0,2966.3923889719813,1000.0,0.049999029257945984,0.0
6975,1708920180000.0,0.0,0.0,217000.0,0.0006840550203968551,0.0,0.0,0.0006798,0.9454177379185161,1.0,2968.856428398099,1000.0,2967.9330889719813,1000.0,0.049999029257945984,0.0
6976,1708923780000.0,0.0,0.0,217000.0,0.0006840550203968551,0.0,0.0,0.0006819,0.9454177379185161,1.0,2968.856428398099,1000.0,2968.3887889719817,1000.0,0.049999029257945984,0.0
6977,1708927380000.0,0.0,0.0,217000.0,0.0006840550203968551,0.0,0.0,0.0006829,0.9454177379185161,1.0,2968.856428398099,1000.0,2968.6057889719814,1000.0,0.049999029257945984,0.0
6978,1708930980000.0,0.0,0.0,122100.0,0.0006840550203968551,0.0,0.0,0.0006905,0.9454177379185161,1.0,2968.990034274437,1000.0,2969.7769662839814,1000.0,0.028131828341036322,0.0
6979,1708934580000.0,0.0,0.0,122100.0,0.0006840550203968551,0.0,0.0,0.0006831,0.9454177379185161,1.0,2968.990034274437,1000.0,2968.873426283981,1000.0,0.028131828341036322,0.0
6980,1708938180000.0,0.0,0.0,68700.0,0.0006840550203968551,0.0,0.0,0.000684,0.9454177379185161,1.0,2969.065213977245,1000.0,2969.061434075981,1000.0,0.015828072647253114,0.0
6981,1708941780000.0,0.0,0.0,442200.0,0.0006719639753533784,0.0,0.0,0.0006688,0.9454177379185161,1.0,2969.015184399245,1000.0,2967.616074497981,1000.0,0.10008115534828031,0.0
6982,1708945380000.0,0.0,0.0,220400.0,0.0006727682278226168,0.0,0.0,0.00067,0.9454177379185161,1.0,2969.4384534340857,1000.0,2968.8283360219807,1000.0,0.049934733363685174,0.0
6983,1708948980000.0,0.0,0.0,220400.0,0.0006727682278226168,0.0,0.0,0.0006675,0.9454177379185161,1.0,2969.4384534340857,1000.0,2968.277336021981,1000.0,0.049934733363685174,0.0
6984,1708952580000.0,0.0,0.0,165300.0,0.0006727682278226168,0.0,0.0,0.0006705,0.9454177379185161,1.0,2969.5099143970597,1000.0,2969.1349763379812,1000.0,0.03745014876694182,0.0
6985,1708956180000.0,0.0,0.0,221400.0,0.0006721934871683765,0.0,0.0,0.0006656,0.9454177379185161,1.0,2969.5023913870596,1000.0,2968.042593327981,1000.0,0.050117365956914676,0.0
6986,1708959780000.0,0.0,0.0,124600.0,0.0006721934871683765,0.0,0.0,0.0006752,0.9454177379185161,1.0,2969.6351789971604,1000.0,2970.0097904959807,1000.0,0.02820390500945766,0.0
6987,1708963380000.0,0.0,0.0,1600.0,0.0006721934871683765,0.0,0.0,0.0006869,0.9454177379185161,1.0,2971.1566364554496,1000.0,2971.1801668759804,1000.0,0.00036198346673249474,0.0
6988,1708966980000.0,0.0,0.0,0.0,0.0006721934871683765,0.0,0.0,0.0006964,0.9454177379185161,1.0,2971.1940242519795,1000.0,2971.1940242519795,1000.0,0.0,0.0
6989,1708970580000.0,0.0,0.0,0.0,0.0006721934871683765,0.0,0.0,0.0006899,0.9454177379185161,1.0,2971.1940242519795,1000.0,2971.1940242519795,1000.0,0.0,0.0
6990,1708974180000.0,0.0,0.0,0.0,0.0006721934871683765,0.0,0.0,0.0006883,0.9454177379185161,1.0,2971.1940242519795,1000.0,2971.1940242519795,1000.0,0.0,0.0
6991,1708977780000.0,0.0,0.0,0.0,0.0006721934871683765,0.0,0.0,0.0007002,0.9454177379185161,1.0,2971.1940242519795,1000.0,2971.1940242519795,1000.0,0.0,0.0
6992,1708981380000.0,0.0,0.0,0.0,0.0006721934871683765,0.0,0.0,0.0006998,0.9454177379185161,1.0,2971.1940242519795,1000.0,2971.1940242519795,1000.0,0.0,0.0
6993,1708984980000.0,0.0,0.0,0.0,0.0006721934871683765,0.0,0.0,0.0007018,0.9454177379185161,1.0,2971.1940242519795,1000.0,2971.1940242519795,1000.0,0.0,0.0
6994,1708988580000.0,0.0,0.0,0.0,0.0006721934871683765,0.0,0.0,0.0007547,0.9454177379185161,1.0,2971.1940242519795,1000.0,2971.1940242519795,1000.0,0.0,0.0
6995,1708992180000.0,0.0,0.0,0.0,0.0006721934871683765,0.0,0.0,0.0007623,0.9454177379185161,1.0,2971.1940242519795,1000.0,2971.1940242519795,1000.0,0.0,0.0
6996,1708995780000.0,0.0,0.0,0.0,0.0006721934871683765,0.0,0.0,0.0007394,0.9454177379185161,1.0,2971.1940242519795,1000.0,2971.1940242519795,1000.0,0.0,0.0
6997,1708999380000.0,0.0,0.0,0.0,0.0006721934871683765,0.0,0.0,0.000755,0.9454177379185161,1.0,2971.1940242519795,1000.0,2971.1940242519795,1000.0,0.0,0.0
6998,1709002980000.0,0.0,0.0,0.0,0.0006721934871683765,0.0,0.0,0.0007516,0.9454177379185161,1.0,2971.1940242519795,1000.0,2971.1940242519795,1000.0,0.0,0.0
6999,1709006580000.0,0.0,0.0,0.0,0.0006721934871683765,0.0,0.0,0.0007475,0.9454177379185161,1.0,2971.1940242519795,1000.0,2971.1940242519795,1000.0,0.0,0.0
7000,1709010180000.0,0.0,0.0,0.0,0.0006721934871683765,0.0,0.0,0.0007481,0.9454177379185161,1.0,2971.1940242519795,1000.0,2971.1940242519795,1000.0,0.0,0.0
7001,1709013780000.0,0.0,0.0,0.0,0.0006721934871683765,0.0,0.0,0.0007472,0.9454177379185161,1.0,2971.1940242519795,1000.0,2971.1940242519795,1000.0,0.0,0.0
7002,1709017380000.0,0.0,0.0,0.0,0.0006721934871683765,0.0,0.0,0.0007865,0.9454177379185161,1.0,2971.1940242519795,1000.0,2971.1940242519795,1000.0,0.0,0.0
7003,1709020980000.0,0.0,0.0,0.0,0.0006721934871683765,0.0,0.0,0.0007655,0.9454177379185161,1.0,2971.1940242519795,1000.0,2971.1940242519795,1000.0,0.0,0.0
7004,1709024580000.0,0.0,0.0,0.0,0.0006721934871683765,0.0,0.0,0.0009101,0.9454177379185161,1.0,2971.1940242519795,1000.0,2971.1940242519795,1000.0,0.0,0.0
7005,1709028180000.0,0.0,0.0,0.0,0.0006721934871683765,0.0,0.0,0.0008964,0.9454177379185161,1.0,2971.1940242519795,1000.0,2971.1940242519795,1000.0,0.0,0.0
7006,1709031780000.0,0.0,0.0,0.0,0.0006721934871683765,0.0,0.0,0.0008357,0.9454177379185161,1.0,2971.1940242519795,1000.0,2971.1940242519795,1000.0,0.0,0.0
7007,1709035380000.0,0.0,0.0,0.0,0.0006721934871683765,0.0,0.0,0.0008513,0.9454177379185161,1.0,2971.1940242519795,1000.0,2971.1940242519795,1000.0,0.0,0.0
7008,1709038980000.0,0.0,0.0,0.0,0.0006721934871683765,0.0,0.0,0.0008322,0.9454177379185161,1.0,2971.1940242519795,1000.0,2971.1940242519795,1000.0,0.0,0.0
7009,1709042580000.0,0.0,0.0,0.0,0.0006721934871683765,0.0,0.0,0.0008394,0.9454177379185161,1.0,2971.1940242519795,1000.0,2971.1940242519795,1000.0,0.0,0.0
7010,1709046180000.0,0.0,0.0,0.0,0.0006721934871683765,0.0,0.0,0.0008271,0.9454177379185161,1.0,2971.1940242519795,1000.0,2971.1940242519795,1000.0,0.0,0.0
7011,1709049780000.0,0.0,0.0,0.0,0.0006721934871683765,0.0,0.0,0.0008301,0.9454177379185161,1.0,2971.1940242519795,1000.0,2971.1940242519795,1000.0,0.0,0.0
7012,1709053380000.0,0.0,0.0,0.0,0.0006721934871683765,0.0,0.0,0.0008412,0.9454177379185161,1.0,2971.1940242519795,1000.0,2971.1940242519795,1000.0,0.0,0.0
7013,1709056980000.0,0.0,0.0,0.0,0.0006721934871683765,0.0,0.0,0.0008559,0.9454177379185161,1.0,2971.1940242519795,1000.0,2971.1940242519795,1000.0,0.0,0.0
7014,1709060580000.0,0.0,0.0,0.0,0.0006721934871683765,0.0,0.0,0.0008618,0.9454177379185161,1.0,2971.1940242519795,1000.0,2971.1940242519795,1000.0,0.0,0.0
7015,1709064180000.0,0.0,0.0,0.0,0.0006721934871683765,0.0,0.0,0.0008594,0.9454177379185161,1.0,2971.1940242519795,1000.0,2971.1940242519795,1000.0,0.0,0.0
7016,1709067780000.0,0.0,0.0,0.0,0.0006721934871683765,0.0,0.0,0.0008539,0.9454177379185161,1.0,2971.1940242519795,1000.0,2971.1940242519795,1000.0,0.0,0.0
7017,1709071380000.0,0.0,0.0,0.0,0.0006721934871683765,0.0,0.0,0.0008543,0.9454177379185161,1.0,2971.1940242519795,1000.0,2971.1940242519795,1000.0,0.0,0.0
7018,1709074980000.0,0.0,0.0,0.0,0.0006721934871683765,0.0,0.0,0.0008692,0.9454177379185161,1.0,2971.1940242519795,1000.0,2971.1940242519795,1000.0,0.0,0.0
7019,1709078580000.0,0.0,0.0,0.0,0.0006721934871683765,0.0,0.0,0.0008716,0.9454177379185161,1.0,2971.1940242519795,1000.0,2971.1940242519795,1000.0,0.0,0.0
7020,1709082180000.0,0.0,0.0,0.0,0.0006721934871683765,0.0,0.0,0.0008907,0.9454177379185161,1.0,2971.1940242519795,1000.0,2971.1940242519795,1000.0,0.0,0.0
7021,1709085780000.0,0.0,0.0,0.0,0.0006721934871683765,0.0,0.0,0.0008816,0.9454177379185161,1.0,2971.1940242519795,1000.0,2971.1940242519795,1000.0,0.0,0.0
7022,1709089380000.0,0.0,0.0,0.0,0.0006721934871683765,0.0,0.0,0.0008707,0.9454177379185161,1.0,2971.1940242519795,1000.0,2971.1940242519795,1000.0,0.0,0.0
7023,1709092980000.0,0.0,0.0,163900.0,0.0008346999999999999,0.0,0.0,0.0008355,0.9454177379185161,1.0,2971.3655664179805,1000.0,2971.4966864179805,1000.0,0.04604190461994314,0.0
7024,1709096580000.0,0.0,0.0,59400.0,0.0008345041533919209,0.0,0.0,0.0008564,0.9454177379185161,1.0,2973.2676803274608,1000.0,2974.5682936159806,1000.0,0.01667174033453347,0.0
7025,1709100180000.0,0.0,0.0,7900.0,0.0008345041533919209,0.0,0.0,0.0008502,0.9454177379185161,1.0,2974.056961427778,1000.0,2974.1809586159816,1000.0,0.002216696888223427,0.0
7026,1709103780000.0,0.0,0.0,177900.0,0.0008360677063080996,0.0,0.0,0.0008268,0.9454177379185161,1.0,2974.0937161221927,1000.0,2972.4449911699817,1000.0,0.050010678596282665,0.0
7027,1709107380000.0,0.0,0.0,133700.0,0.0008354768738520754,0.0,0.0,0.0008435,0.9454177379185161,1.0,2974.340540618004,1000.0,2975.4132325839814,1000.0,0.03755563847131403,0.0
7028,1709110980000.0,0.0,0.0,3200.0,0.0008354577417641712,0.0,0.0,0.0008437,0.9454177379185161,1.0,2977.020174753627,1000.0,2977.0465499799816,1000.0,0.0008980338112309229,0.0
7029,1709114580000.0,0.0,0.0,0.0,0.0008362848582789065,0.0,0.0,0.0008876,0.9454177379185161,1.0,2980.3332066479816,1000.0,2980.3332066479816,1000.0,0.0,0.0
7030,1709118180000.0,0.0,0.0,0.0,0.0008362848582789065,0.0,0.0,0.0009109,0.9454177379185161,1.0,2980.3332066479816,1000.0,2980.3332066479816,1000.0,0.0,0.0
7031,1709121780000.0,0.0,0.0,0.0,0.0008362848582789065,0.0,0.0,0.000886,0.9454177379185161,1.0,2980.3332066479816,1000.0,2980.3332066479816,1000.0,0.0,0.0
7032,1709125380000.0,0.0,0.0,0.0,0.0008362848582789065,0.0,0.0,0.0008738,0.9454177379185161,1.0,2980.3332066479816,1000.0,2980.3332066479816,1000.0,0.0,0.0
7033,1709128980000.0,0.0,0.0,0.0,0.0008362848582789065,0.0,0.0,0.00088,0.9454177379185161,1.0,2980.3332066479816,1000.0,2980.3332066479816,1000.0,0.0,0.0
7034,1709132580000.0,0.0,0.0,0.0,0.0008362848582789065,0.0,0.0,0.0008854,0.9454177379185161,1.0,2980.3332066479816,1000.0,2980.3332066479816,1000.0,0.0,0.0
7035,1709136180000.0,0.0,0.0,0.0,0.0008362848582789065,0.0,0.0,0.0009153,0.9454177379185161,1.0,2980.3332066479816,1000.0,2980.3332066479816,1000.0,0.0,0.0
7036,1709139780000.0,0.0,0.0,0.0,0.0008362848582789065,0.0,0.0,0.0008993,0.9454177379185161,1.0,2980.3332066479816,1000.0,2980.3332066479816,1000.0,0.0,0.0
7037,1709143380000.0,0.0,0.0,152400.0,0.0008133923365916044,0.0,0.0,0.0008085,0.9454177379185161,1.0,3043.8472547905417,1000.0,3043.1016626939813,1000.0,0.04072510271383205,0.0
7038,1709146980000.0,0.0,0.0,189700.0,0.0007887870526512979,0.0,0.0,0.000803,0.9454177379185161,1.0,3045.8486097919317,1000.0,3048.5448059039804,1000.0,0.04912683559087756,0.0
7039,1709150580000.0,0.0,0.0,166300.0,0.0007778187010618546,0.0,0.0,0.0007785,0.9454177379185161,1.0,3047.239186114567,1000.0,3047.3524861279807,1000.0,0.04244866979133262,0.0
7040,1709154180000.0,0.0,0.0,190300.0,0.0007925359559253495,0.0,0.0,0.000799,0.9454177379185161,1.0,3050.0294893025743,1000.0,3051.2595968899805,1000.0,0.04944856859304685,0.0
7041,1709157780000.0,0.0,0.0,187500.0,0.0008051724707499369,0.0,0.0,0.0008124,0.9454177379185161,1.0,3051.997791979593,1000.0,3053.35295371398,1000.0,0.04946590677829121,0.0
7042,1709161380000.0,0.0,0.0,31400.0,0.0008118502747524678,0.0,0.0,0.0008287,0.9454177379185161,1.0,3056.6846011732077,1000.0,3057.21368254598,1000.0,0.00833978704163432,0.0
7043,1709164980000.0,0.0,0.0,184700.0,0.0008266050008164053,0.0,0.0,0.000818,0.9454177379185161,1.0,3056.8943109147704,1000.0,3055.3049672639804,1000.0,0.049944135492568806,0.0
7044,1709168580000.0,0.0,0.0,185100.0,0.0008259739495415086,0.0,0.0,0.0008245,0.9454177379185161,1.0,3057.2944126921143,1000.0,3057.021584631981,1000.0,0.05000754177465925,0.0
7045,1709172180000.0,0.0,0.0,63600.0,0.0008253773124481272,0.0,0.0,0.000829,0.9454177379185161,1.0,3057.8135857216807,1000.0,3058.04398864998,1000.0,0.017167167193192934,0.0
7046,1709175780000.0,0.0,0.0,700.0,0.0008253773124481272,0.0,0.0,0.0008272,0.9454177379185161,1.0,3057.9178265926935,1000.0,3057.91910247398,1000.0,0.0001889403677526112,0.0
7047,1709179380000.0,0.0,0.0,0.0,0.0008253773124481272,0.0,0.0,0.0008316,0.9454177379185161,1.0,3057.9189866659776,1000.0,3057.9189866659776,1000.0,0.0,0.0
7048,1709182980000.0,0.0,0.0,0.0,0.0008253773124481272,0.0,0.0,0.000848,0.9454177379185161,1.0,3057.9189866659776,1000.0,3057.9189866659776,1000.0,0.0,0.0
7049,1709186580000.0,0.0,0.0,0.0,0.0008253773124481272,0.0,0.0,0.0008776,0.9454177379185161,1.0,3057.9189866659776,1000.0,3057.9189866659776,1000.0,0.0,0.0
7050,1709190180000.0,0.0,0.0,0.0,0.0008253773124481272,0.0,0.0,0.0008614,0.9454177379185161,1.0,3057.9189866659776,1000.0,3057.9189866659776,1000.0,0.0,0.0
7051,1709193780000.0,0.0,0.0,0.0,0.0008253773124481272,0.0,0.0,0.0008711,0.9454177379185161,1.0,3057.9189866659776,1000.0,3057.9189866659776,1000.0,0.0,0.0
7052,1709197380000.0,0.0,0.0,0.0,0.0008253773124481272,0.0,0.0,0.0008858,0.9454177379185161,1.0,3057.9189866659776,1000.0,3057.9189866659776,1000.0,0.0,0.0
7053,1709200980000.0,0.0,0.0,0.0,0.0008253773124481272,0.0,0.0,0.0008681,0.9454177379185161,1.0,3057.9189866659776,1000.0,3057.9189866659776,1000.0,0.0,0.0
7054,1709204580000.0,0.0,0.0,0.0,0.0008253773124481272,0.0,0.0,0.0008712,0.9454177379185161,1.0,3057.9189866659776,1000.0,3057.9189866659776,1000.0,0.0,0.0
7055,1709208180000.0,0.0,0.0,0.0,0.0008253773124481272,0.0,0.0,0.0008591,0.9454177379185161,1.0,3057.9189866659776,1000.0,3057.9189866659776,1000.0,0.0,0.0
7056,1709211780000.0,0.0,0.0,60200.0,0.0008472,0.0,0.0,0.0008504,0.9454177379185161,1.0,3059.1954670259775,1000.0,3059.3881070259777,1000.0,0.016671520518949212,0.0
7057,1709215380000.0,0.0,0.0,100.0,0.0008472,0.0,0.0,0.0008754,0.9454177379185161,1.0,3060.202320233977,1000.0,3060.205140233977,1000.0,2.7684444077384556e-05,0.0
7058,1709218980000.0,0.0,0.0,0.0,0.0008472,0.0,0.0,0.0009459,0.9454177379185161,1.0,3060.2052626979767,1000.0,3060.2052626979767,1000.0,0.0,0.0
7059,1709222580000.0,0.0,0.0,0.0,0.0008472,0.0,0.0,0.0009892,0.9454177379185161,1.0,3060.2052626979767,1000.0,3060.2052626979767,1000.0,0.0,0.0
7060,1709226180000.0,0.0,0.0,0.0,0.0008472,0.0,0.0,0.0009334,0.9454177379185161,1.0,3060.2052626979767,1000.0,3060.2052626979767,1000.0,0.0,0.0
7061,1709229780000.0,0.0,0.0,0.0,0.0008472,0.0,0.0,0.0009098,0.9454177379185161,1.0,3060.2052626979767,1000.0,3060.2052626979767,1000.0,0.0,0.0
7062,1709233380000.0,0.0,0.0,0.0,0.0008472,0.0,0.0,0.0008944,0.9454177379185161,1.0,3060.2052626979767,1000.0,3060.2052626979767,1000.0,0.0,0.0
7063,1709236980000.0,0.0,0.0,0.0,0.0008472,0.0,0.0,0.0009086,0.9454177379185161,1.0,3060.2052626979767,1000.0,3060.2052626979767,1000.0,0.0,0.0
7064,1709240580000.0,0.0,0.0,0.0,0.0008472,0.0,0.0,0.0009156,0.9454177379185161,1.0,3060.2052626979767,1000.0,3060.2052626979767,1000.0,0.0,0.0
7065,1709244180000.0,0.0,0.0,142300.0,0.0008725467380283263,0.0,0.0,0.0008829,0.9454177379185161,1.0,3061.750614723408,1000.0,3063.2238839019774,1000.0,0.04055307451376065,0.0
7066,1709247780000.0,0.0,0.0,153000.0,0.0008769719041768699,0.0,0.0,0.0008733,0.9454177379185161,1.0,3063.236903747038,1000.0,3062.6751024079767,1000.0,0.043802260665811506,0.0
7067,1709251380000.0,0.0,0.0,55300.0,0.0008777444461371487,0.0,0.0,0.0008838,0.9454177379185161,1.0,3063.9398425473614,1000.0,3064.274714675977,1000.0,0.015842108646307085,0.0
7068,1709254980000.0,0.0,0.0,0.0,0.0008777444461371487,0.0,0.0,0.0009085,0.9454177379185161,1.0,3064.877837243977,1000.0,3064.877837243977,1000.0,0.0,0.0
7069,1709258580000.0,0.0,0.0,0.0,0.0008777444461371487,0.0,0.0,0.00091,0.9454177379185161,1.0,3064.877837243977,1000.0,3064.877837243977,1000.0,0.0,0.0
7070,1709262180000.0,0.0,0.0,0.0,0.0008777444461371487,0.0,0.0,0.0009185,0.9454177379185161,1.0,3064.877837243977,1000.0,3064.877837243977,1000.0,0.0,0.0
7071,1709265780000.0,0.0,0.0,0.0,0.0008777444461371487,0.0,0.0,0.0009293,0.9454177379185161,1.0,3064.877837243977,1000.0,3064.877837243977,1000.0,0.0,0.0
7072,1709269380000.0,0.0,0.0,0.0,0.0008777444461371487,0.0,0.0,0.0009451,0.9454177379185161,1.0,3064.877837243977,1000.0,3064.877837243977,1000.0,0.0,0.0
7073,1709272980000.0,0.0,0.0,0.0,0.0008777444461371487,0.0,0.0,0.0009313,0.9454177379185161,1.0,3064.877837243977,1000.0,3064.877837243977,1000.0,0.0,0.0
7074,1709276580000.0,0.0,0.0,0.0,0.0008777444461371487,0.0,0.0,0.0009162,0.9454177379185161,1.0,3064.877837243977,1000.0,3064.877837243977,1000.0,0.0,0.0
7075,1709280180000.0,0.0,0.0,0.0,0.0008777444461371487,0.0,0.0,0.0009113,0.9454177379185161,1.0,3064.877837243977,1000.0,3064.877837243977,1000.0,0.0,0.0
7076,1709283780000.0,0.0,0.0,0.0,0.0008777444461371487,0.0,0.0,0.0009289,0.9454177379185161,1.0,3064.877837243977,1000.0,3064.877837243977,1000.0,0.0,0.0
7077,1709287380000.0,0.0,0.0,0.0,0.0008777444461371487,0.0,0.0,0.000932,0.9454177379185161,1.0,3064.877837243977,1000.0,3064.877837243977,1000.0,0.0,0.0
7078,1709290980000.0,0.0,0.0,0.0,0.0008777444461371487,0.0,0.0,0.0009398,0.9454177379185161,1.0,3064.877837243977,1000.0,3064.877837243977,1000.0,0.0,0.0
7079,1709294580000.0,0.0,0.0,0.0,0.0008777444461371487,0.0,0.0,0.000986,0.9454177379185161,1.0,3064.877837243977,1000.0,3064.877837243977,1000.0,0.0,0.0
7080,1709298180000.0,0.0,0.0,0.0,0.0008777444461371487,0.0,0.0,0.0010033,0.9454177379185161,1.0,3064.877837243977,1000.0,3064.877837243977,1000.0,0.0,0.0
7081,1709301780000.0,0.0,0.0,0.0,0.0008777444461371487,0.0,0.0,0.001106,0.9454177379185161,1.0,3064.877837243977,1000.0,3064.877837243977,1000.0,0.0,0.0
7082,1709305380000.0,0.0,0.0,0.0,0.0008777444461371487,0.0,0.0,0.0010754,0.9454177379185161,1.0,3064.877837243977,1000.0,3064.877837243977,1000.0,0.0,0.0
7083,1709308980000.0,0.0,0.0,0.0,0.0008777444461371487,0.0,0.0,0.0010895,0.9454177379185161,1.0,3064.877837243977,1000.0,3064.877837243977,1000.0,0.0,0.0
7084,1709312580000.0,0.0,0.0,0.0,0.0008777444461371487,0.0,0.0,0.0010639,0.9454177379185161,1.0,3064.877837243977,1000.0,3064.877837243977,1000.0,0.0,0.0
7085,1709316180000.0,0.0,0.0,0.0,0.0008777444461371487,0.0,0.0,0.0011054,0.9454177379185161,1.0,3064.877837243977,1000.0,3064.877837243977,1000.0,0.0,0.0
7086,1709319780000.0,0.0,0.0,0.0,0.0008777444461371487,0.0,0.0,0.0011323,0.9454177379185161,1.0,3064.877837243977,1000.0,3064.877837243977,1000.0,0.0,0.0
7087,1709323380000.0,0.0,0.0,0.0,0.0008777444461371487,0.0,0.0,0.0011422,0.9454177379185161,1.0,3064.877837243977,1000.0,3064.877837243977,1000.0,0.0,0.0
7088,1709326980000.0,0.0,0.0,0.0,0.0008777444461371487,0.0,0.0,0.0011124,0.9454177379185161,1.0,3064.877837243977,1000.0,3064.877837243977,1000.0,0.0,0.0
7089,1709330580000.0,0.0,0.0,0.0,0.0008777444461371487,0.0,0.0,0.0011527,0.9454177379185161,1.0,3064.877837243977,1000.0,3064.877837243977,1000.0,0.0,0.0
7090,1709334180000.0,0.0,0.0,0.0,0.0008777444461371487,0.0,0.0,0.0011543,0.9454177379185161,1.0,3064.877837243977,1000.0,3064.877837243977,1000.0,0.0,0.0
7091,1709337780000.0,0.0,0.0,0.0,0.0008777444461371487,0.0,0.0,0.0011512,0.9454177379185161,1.0,3064.877837243977,1000.0,3064.877837243977,1000.0,0.0,0.0
7092,1709341380000.0,0.0,0.0,0.0,0.0008777444461371487,0.0,0.0,0.0012324,0.9454177379185161,1.0,3064.877837243977,1000.0,3064.877837243977,1000.0,0.0,0.0
7093,1709344980000.0,0.0,0.0,0.0,0.0008777444461371487,0.0,0.0,0.0011927,0.9454177379185161,1.0,3064.877837243977,1000.0,3064.877837243977,1000.0,0.0,0.0
7094,1709348580000.0,0.0,0.0,0.0,0.0008777444461371487,0.0,0.0,0.0011977,0.9454177379185161,1.0,3064.877837243977,1000.0,3064.877837243977,1000.0,0.0,0.0
7095,1709352180000.0,0.0,0.0,0.0,0.0008777444461371487,0.0,0.0,0.001179,0.9454177379185161,1.0,3064.877837243977,1000.0,3064.877837243977,1000.0,0.0,0.0
7096,1709355780000.0,0.0,0.0,0.0,0.0008777444461371487,0.0,0.0,0.0011678,0.9454177379185161,1.0,3064.877837243977,1000.0,3064.877837243977,1000.0,0.0,0.0
7097,1709359380000.0,0.0,0.0,0.0,0.0008777444461371487,0.0,0.0,0.0011824,0.9454177379185161,1.0,3064.877837243977,1000.0,3064.877837243977,1000.0,0.0,0.0
7098,1709362980000.0,0.0,0.0,0.0,0.0008777444461371487,0.0,0.0,0.001195,0.9454177379185161,1.0,3064.877837243977,1000.0,3064.877837243977,1000.0,0.0,0.0
7099,1709366580000.0,0.0,0.0,0.0,0.0008777444461371487,0.0,0.0,0.0012519,0.9454177379185161,1.0,3064.877837243977,1000.0,3064.877837243977,1000.0,0.0,0.0
7100,1709370180000.0,0.0,0.0,0.0,0.0008777444461371487,0.0,0.0,0.0012786,0.9454177379185161,1.0,3064.877837243977,1000.0,3064.877837243977,1000.0,0.0,0.0
7101,1709373780000.0,0.0,0.0,0.0,0.0008777444461371487,0.0,0.0,0.0011976,0.9454177379185161,1.0,3064.877837243977,1000.0,3064.877837243977,1000.0,0.0,0.0
7102,1709377380000.0,0.0,0.0,0.0,0.0008777444461371487,0.0,0.0,0.0011834,0.9454177379185161,1.0,3064.877837243977,1000.0,3064.877837243977,1000.0,0.0,0.0
7103,1709380980000.0,0.0,0.0,0.0,0.0008777444461371487,0.0,0.0,0.0011627,0.9454177379185161,1.0,3064.877837243977,1000.0,3064.877837243977,1000.0,0.0,0.0
7104,1709384580000.0,0.0,0.0,0.0,0.0008777444461371487,0.0,0.0,0.001157,0.9454177379185161,1.0,3064.877837243977,1000.0,3064.877837243977,1000.0,0.0,0.0
7105,1709388180000.0,0.0,0.0,1188300.0,0.0010752336699486663,0.0,0.0,0.0010345,0.9454177379185161,1.0,3064.622297209977,1000.0,3016.218477209977,1000.0,0.4169192957850677,0.0
7106,1709391780000.0,0.0,0.0,119100.0,0.0010752336699486663,0.0,0.0,0.0010694,0.9454177379185161,1.0,3066.921943316863,1000.0,3066.2271532259765,1000.0,0.0417553274774217,0.0
7107,1709395380000.0,0.0,0.0,162300.0,0.001062981200046963,0.0,0.0,0.0010616,0.9454177379185161,1.0,3067.3690912815987,1000.0,3067.144922513977,1000.0,0.056244241769920024,0.0
7108,1709398980000.0,0.0,0.0,143700.0,0.001068400671627362,0.0,0.0,0.0010685,0.9454177379185161,1.0,3067.854784402829,1000.0,3067.869057889977,1000.0,0.05004447319130101,0.0
7109,1709402580000.0,0.0,0.0,143600.0,0.0010700432019621498,0.0,0.0,0.0010677,0.9454177379185161,1.0,3068.1248524337416,1000.0,3067.788368631977,1000.0,0.05008212220564551,0.0
7110,1709406180000.0,0.0,0.0,93600.0,0.0010877695334800177,0.0,0.0,0.0011054,0.9454177379185161,1.0,3071.026670721706,1000.0,3072.6768823879765,1000.0,0.03315348228799413,0.0
7111,1709409780000.0,0.0,0.0,138900.0,0.0010935194264487377,0.0,0.0,0.0010822,0.9454177379185161,1.0,3071.016655797706,1000.0,3069.444387463976,1000.0,0.04945914182750527,0.0
7112,1709413380000.0,0.0,0.0,283400.0,0.0010779071924267103,0.0,0.0,0.0010543,0.9454177379185161,1.0,3070.9859379877057,1000.0,3064.295659653976,1000.0,0.09947258128244567,0.0
7113,1709416980000.0,0.0,0.0,283400.0,0.0010779071924267103,0.0,0.0,0.0010514,0.9454177379185161,1.0,3070.9859379877057,1000.0,3063.473799653976,1000.0,0.09947258128244567,0.0
7114,1709420580000.0,0.0,0.0,283400.0,0.0010779071924267103,0.0,0.0,0.0010616,0.9454177379185161,1.0,3070.9859379877057,1000.0,3066.364479653976,1000.0,0.09947258128244567,0.0
7115,1709424180000.0,0.0,0.0,212600.0,0.0010779071924267103,0.0,0.0,0.0010698,0.9454177379185161,1.0,3071.1329731318947,1000.0,3069.409384021976,1000.0,0.07461841317675724,0.0
7116,1709427780000.0,0.0,0.0,142300.0,0.0010784948410394839,0.0,0.0,0.0010648,0.9454177379185161,1.0,3071.376665439895,1000.0,3069.4278895599764,1000.0,0.049967761234501,0.0
7117,1709431380000.0,0.0,0.0,142200.0,0.0010788197540296546,0.0,0.0,0.0010776,0.9454177379185161,1.0,3071.4431799189933,1000.0,3071.2697308959764,1000.0,0.04994660816973436,0.0
7118,1709434980000.0,0.0,0.0,142200.0,0.0010788197540296546,0.0,0.0,0.0010699,0.9454177379185161,1.0,3071.4431799189933,1000.0,3070.1747908959765,1000.0,0.04994660816973436,0.0
7119,1709438580000.0,0.0,0.0,288700.0,0.0010634340804399614,0.0,0.0,0.0010494,0.9454177379185161,1.0,3071.4124588689933,1000.0,3067.3608198459765,1000.0,0.09995838173296674,0.0
7120,1709442180000.0,0.0,0.0,143900.0,0.001066692302080479,0.0,0.0,0.0010628,0.9454177379185161,1.0,3073.9564745353573,1000.0,3073.3963722659764,1000.0,0.04993467654501606,0.0
7121,1709445780000.0,0.0,0.0,143600.0,0.0010691506299940782,0.0,0.0,0.0010572,0.9454177379185161,1.0,3074.2824576871258,1000.0,3072.5663472199763,1000.0,0.04994011857409317,0.0
7122,1709449380000.0,0.0,0.0,117000.0,0.0010689366424625588,0.0,0.0,0.0010578,0.9454177379185161,1.0,3074.414561856095,1000.0,3073.111574687976,1000.0,0.04067948048379474,0.0
7123,1709452980000.0,0.0,0.0,509700.0,0.0010131980211568645,0.0,0.0,0.0010215,0.9454177379185161,1.0,3075.048147103629,1000.0,3079.279665719975,1000.0,0.1679411204894706,0.0
7124,1709456580000.0,0.0,0.0,146000.0,0.0010525643370296039,0.0,0.0,0.0010671,0.9454177379185161,1.0,3081.192736418298,1000.0,3083.314943211976,1000.0,0.049874969322743316,0.0
7125,1709460180000.0,0.0,0.0,146100.0,0.0010544925206907923,0.0,0.0,0.0010461,0.9454177379185161,1.0,3082.3484156649,1000.0,3081.1222683919755,1000.0,0.04998181142987103,0.0
7126,1709463780000.0,0.0,0.0,1100.0,0.0010544192904768184,0.0,0.0,0.0010975,0.9454177379185161,1.0,3085.398956389501,1000.0,3085.4463451699767,1000.0,0.0003759193659940031,0.0
7127,1709467380000.0,0.0,0.0,0.0,0.0010544192904768184,0.0,0.0,0.001119,0.9454177379185161,1.0,3085.4582012999767,1000.0,3085.4582012999767,1000.0,0.0,0.0
7128,1709470980000.0,0.0,0.0,0.0,0.0010689,0.0,0.0,0.0011272,0.9454177379185161,1.0,3090.0429649139774,1000.0,3090.0429649139774,1000.0,0.0,0.0
7129,1709474580000.0,0.0,0.0,0.0,0.0010689,0.0,0.0,0.0011014,0.9454177379185161,1.0,3090.0429649139774,1000.0,3090.0429649139774,1000.0,0.0,0.0
7130,1709478180000.0,0.0,0.0,0.0,0.0010689,0.0,0.0,0.0011159,0.9454177379185161,1.0,3090.0429649139774,1000.0,3090.0429649139774,1000.0,0.0,0.0
7131,1709481780000.0,0.0,0.0,0.0,0.0010689,0.0,0.0,0.0011442,0.9454177379185161,1.0,3090.0429649139774,1000.0,3090.0429649139774,1000.0,0.0,0.0
7132,1709485380000.0,0.0,0.0,0.0,0.0010689,0.0,0.0,0.0011696,0.9454177379185161,1.0,3090.0429649139774,1000.0,3090.0429649139774,1000.0,0.0,0.0
7133,1709488980000.0,0.0,0.0,0.0,0.0010689,0.0,0.0,0.0011611,0.9454177379185161,1.0,3090.0429649139774,1000.0,3090.0429649139774,1000.0,0.0,0.0
7134,1709492580000.0,0.0,0.0,0.0,0.0010689,0.0,0.0,0.001163,0.9454177379185161,1.0,3090.0429649139774,1000.0,3090.0429649139774,1000.0,0.0,0.0
7135,1709496180000.0,0.0,0.0,0.0,0.0010689,0.0,0.0,0.0011674,0.9454177379185161,1.0,3090.0429649139774,1000.0,3090.0429649139774,1000.0,0.0,0.0
7136,1709499780000.0,0.0,0.0,0.0,0.0010689,0.0,0.0,0.0011305,0.9454177379185161,1.0,3090.0429649139774,1000.0,3090.0429649139774,1000.0,0.0,0.0
7137,1709503380000.0,0.0,0.0,0.0,0.0010689,0.0,0.0,0.0011465,0.9454177379185161,1.0,3090.0429649139774,1000.0,3090.0429649139774,1000.0,0.0,0.0
7138,1709506980000.0,0.0,0.0,0.0,0.0010689,0.0,0.0,0.0011398,0.9454177379185161,1.0,3090.0429649139774,1000.0,3090.0429649139774,1000.0,0.0,0.0
7139,1709510580000.0,0.0,0.0,0.0,0.0010689,0.0,0.0,0.001133,0.9454177379185161,1.0,3090.0429649139774,1000.0,3090.0429649139774,1000.0,0.0,0.0
7140,1709514180000.0,0.0,0.0,93800.0,0.0010990273826458037,0.0,0.0,0.0011384,0.9454177379185161,1.0,3095.4432916741534,1000.0,3099.136443181977,1000.0,0.03330339430525357,0.0
7141,1709517780000.0,0.0,0.0,0.0,0.0010990273826458037,0.0,0.0,0.0011558,0.9454177379185161,1.0,3099.075294757977,1000.0,3099.075294757977,1000.0,0.0,0.0
7142,1709521380000.0,0.0,0.0,0.0,0.0010990273826458037,0.0,0.0,0.001225,0.9454177379185161,1.0,3099.075294757977,1000.0,3099.075294757977,1000.0,0.0,0.0
7143,1709524980000.0,0.0,0.0,0.0,0.0010990273826458037,0.0,0.0,0.0011479,0.9454177379185161,1.0,3099.075294757977,1000.0,3099.075294757977,1000.0,0.0,0.0
7144,1709528580000.0,0.0,0.0,0.0,0.0010990273826458037,0.0,0.0,0.0011911,0.9454177379185161,1.0,3099.075294757977,1000.0,3099.075294757977,1000.0,0.0,0.0
7145,1709532180000.0,0.0,0.0,0.0,0.0010990273826458037,0.0,0.0,0.0012109,0.9454177379185161,1.0,3099.075294757977,1000.0,3099.075294757977,1000.0,0.0,0.0
7146,1709535780000.0,0.0,0.0,0.0,0.0010990273826458037,0.0,0.0,0.001201,0.9454177379185161,1.0,3099.075294757977,1000.0,3099.075294757977,1000.0,0.0,0.0
7147,1709539380000.0,0.0,0.0,0.0,0.0010990273826458037,0.0,0.0,0.0012248,0.9454177379185161,1.0,3099.075294757977,1000.0,3099.075294757977,1000.0,0.0,0.0
7148,1709542980000.0,0.0,0.0,0.0,0.0010990273826458037,0.0,0.0,0.0012891,0.9454177379185161,1.0,3099.075294757977,1000.0,3099.075294757977,1000.0,0.0,0.0
7149,1709546580000.0,0.0,0.0,0.0,0.0011551,0.0,0.0,0.0012021,0.9454177379185161,1.0,3106.950467449977,1000.0,3106.950467449977,1000.0,0.0,0.0
7150,1709550180000.0,0.0,0.0,101500.0,0.0011449160245471004,0.0,0.0,0.0011485,0.9454177379185161,1.0,3109.2166373355076,1000.0,3109.580410843977,1000.0,0.03737564475118653,0.0
7151,1709553780000.0,0.0,0.0,109800.0,0.0011504619130138333,0.0,0.0,0.0011506,0.9454177379185161,1.0,3109.528770122896,1000.0,3109.543932073977,1000.0,0.0406237495734527,0.0
7152,1709557380000.0,0.0,0.0,273200.0,0.0011373624663055678,0.0,0.0,0.0011274,0.9454177379185161,1.0,3109.8863938966583,1000.0,3107.164648101977,1000.0,0.099916005422096,0.0
7153,1709560980000.0,0.0,0.0,275700.0,0.0011258341427687088,0.0,0.0,0.0010935,0.9454177379185161,1.0,3110.55821884131,1000.0,3101.643695679977,1000.0,0.09978674286860154,0.0
7154,1709564580000.0,0.0,0.0,138300.0,0.0011198933164602983,0.0,0.0,0.0011279,0.9454177379185161,1.0,3113.6628833504355,1000.0,3114.7702076839764,1000.0,0.04974245814941929,0.0
7155,1709568180000.0,0.0,0.0,85900.0,0.0011384152692952539,0.0,0.0,0.0011642,0.9454177379185161,1.0,3116.2677219484367,1000.0,3118.4826303159743,1000.0,0.031380446212535135,0.0
7156,1709571780000.0,0.0,0.0,0.0,0.0011384152692952539,0.0,0.0,0.0013151,0.9454177379185161,1.0,3119.4645789299743,1000.0,3119.4645789299743,1000.0,0.0,0.0
7157,1709575380000.0,0.0,0.0,0.0,0.0011384152692952539,0.0,0.0,0.0013505,0.9454177379185161,1.0,3119.4645789299743,1000.0,3119.4645789299743,1000.0,0.0,0.0
7158,1709578980000.0,0.0,0.0,0.0,0.0011769,0.0,0.0,0.0013238,0.9454177379185161,1.0,3127.403602629974,1000.0,3127.403602629974,1000.0,0.0,0.0
7159,1709582580000.0,0.0,0.0,0.0,0.0011769,0.0,0.0,0.0014933,0.9454177379185161,1.0,3127.403602629974,1000.0,3127.403602629974,1000.0,0.0,0.0
7160,1709586180000.0,0.0,0.0,0.0,0.0011769,0.0,0.0,0.0014012,0.9454177379185161,1.0,3127.403602629974,1000.0,3127.403602629974,1000.0,0.0,0.0
7161,1709589780000.0,0.0,0.0,0.0,0.0011769,0.0,0.0,0.0013918,0.9454177379185161,1.0,3127.403602629974,1000.0,3127.403602629974,1000.0,0.0,0.0
7162,1709593380000.0,0.0,0.0,0.0,0.0011769,0.0,0.0,0.0013837,0.9454177379185161,1.0,3127.403602629974,1000.0,3127.403602629974,1000.0,0.0,0.0
7163,1709596980000.0,0.0,0.0,0.0,0.0011769,0.0,0.0,0.0013956,0.9454177379185161,1.0,3127.403602629974,1000.0,3127.403602629974,1000.0,0.0,0.0
7164,1709600580000.0,0.0,0.0,0.0,0.0011769,0.0,0.0,0.0013668,0.9454177379185161,1.0,3127.403602629974,1000.0,3127.403602629974,1000.0,0.0,0.0
7165,1709604180000.0,0.0,0.0,0.0,0.0011769,0.0,0.0,0.0014383,0.9454177379185161,1.0,3127.403602629974,1000.0,3127.403602629974,1000.0,0.0,0.0
7166,1709607780000.0,0.0,0.0,0.0,0.0011769,0.0,0.0,0.0014363,0.9454177379185161,1.0,3127.403602629974,1000.0,3127.403602629974,1000.0,0.0,0.0
7167,1709611380000.0,0.0,0.0,0.0,0.0011769,0.0,0.0,0.0014725,0.9454177379185161,1.0,3127.403602629974,1000.0,3127.403602629974,1000.0,0.0,0.0
7168,1709614980000.0,0.0,0.0,0.0,0.0011769,0.0,0.0,0.0013465,0.9454177379185161,1.0,3127.403602629974,1000.0,3127.403602629974,1000.0,0.0,0.0
7169,1709618580000.0,0.0,0.0,123700.0,0.0012826943179457685,0.0,0.0,0.0012705,0.9454177379185161,1.0,3147.395302825866,1000.0,3145.8868656959744,1000.0,0.05041288807523843,0.0
7170,1709622180000.0,0.0,0.0,120600.0,0.001293028652355044,0.0,0.0,0.0013066,0.9454177379185161,1.0,3151.2210791199927,1000.0,3152.8577836459745,1000.0,0.04948534284289751,0.0
7171,1709625780000.0,0.0,0.0,138400.0,0.001284425357468851,0.0,0.0,0.0012742,0.9454177379185161,1.0,3155.0433017156643,1000.0,3153.6281122419755,1000.0,0.05634295712424086,0.0
7172,1709629380000.0,0.0,0.0,122400.0,0.0012832084716416742,0.0,0.0,0.0012988,0.9454177379185161,1.0,3163.917028896916,1000.0,3165.825431967975,1000.0,0.04964248919754409,0.0
7173,1709632980000.0,0.0,0.0,376100.0,0.001264212502836069,0.0,0.0,0.0012499,0.9454177379185161,1.0,3166.8714877606208,1000.0,3161.488555443975,1000.0,0.15013881180662095,0.0
7174,1709636580000.0,0.0,0.0,122300.0,0.001291481443075671,0.0,0.0,0.0012819,0.9454177379185161,1.0,3171.185265870129,1000.0,3170.0134553819744,1000.0,0.049807301449105265,0.0
7175,1709640180000.0,0.0,0.0,122300.0,0.001291481443075671,0.0,0.0,0.0012752,0.9454177379185161,1.0,3171.185265870129,1000.0,3169.194045381975,1000.0,0.049807301449105265,0.0
7176,1709643780000.0,0.0,0.0,122800.0,0.0012931646827242062,0.0,0.0,0.0012909,0.9454177379185161,1.0,3175.7340480905073,1000.0,3175.4559450519746,1000.0,0.05000438343822133,0.0
7177,1709647380000.0,0.0,0.0,122800.0,0.0012931644490372,0.0,0.0,0.0012702,0.9454177379185161,1.0,3176.0531492637438,1000.0,3173.233114921976,1000.0,0.04999935041344648,0.0
7178,1709650980000.0,0.0,0.0,95800.0,0.001238985892063393,0.0,0.0,0.001243,0.9454177379185161,1.0,3179.4452075216486,1000.0,3179.8297590619754,1000.0,0.03733193708728659,0.0
7179,1709654580000.0,0.0,0.0,698900.0,0.0011314236737154889,0.0,0.0,0.0010952,0.9454177379185161,1.0,3195.23588941373,1000.0,3169.919163853975,1000.0,0.24747844382307696,0.0
7180,1709658180000.0,0.0,0.0,449100.0,0.0010963453636528469,0.0,0.0,0.0010675,0.9454177379185161,1.0,3197.1537245304685,1000.0,3184.199271713975,1000.0,0.15400219859268807,0.0
7181,1709661780000.0,0.0,0.0,252700.0,0.0010963453636528469,0.0,0.0,0.0011028,0.9454177379185161,1.0,3197.573018173049,1000.0,3199.204104777975,1000.0,0.0866427355436488,0.0
7182,1709665380000.0,0.0,0.0,403300.0,0.0010833707745972587,0.0,0.0,0.0010709,0.9454177379185161,1.0,3197.5410427810493,1000.0,3192.511579385975,1000.0,0.1366435731549084,0.0
7183,1709668980000.0,5.276814571889492e-08,0.0,3283200.0,0.0009737945429444061,0.0,0.0,0.0009194,0.9454177379185161,1.0,3196.9889950190495,1000.0,3018.4008316239756,1000.0,1.0000541911080376,0.0
7184,1709672580000.0,0.0,0.0,2462400.0,0.0009737945429444061,0.0,0.0,0.0009622,0.9454177379185161,1.0,3198.556950426281,1000.0,3170.0065478799756,1000.0,0.7496729680635307,0.0
7185,1709676180000.0,0.0,0.0,160400.0,0.0009957010974827563,0.0,0.0,0.000995,0.9454177379185161,1.0,3219.94256819821,1000.0,3219.830112161976,1000.0,0.04960040517915312,0.0
7186,1709679780000.0,0.0,0.0,177800.0,0.001020107911392405,0.0,0.0,0.001024,0.9454177379185161,1.0,3225.531919629546,1000.0,3226.2239329839763,1000.0,0.05623109340254201,0.0
7187,1709683380000.0,0.0,0.0,153400.0,0.0010382638776213371,0.0,0.0,0.0010358,0.9454177379185161,1.0,3228.55506399309,1000.0,3228.1771051659766,1000.0,0.04933156649653909,0.0
7188,1709686980000.0,0.0,0.0,152600.0,0.0010531707242861542,0.0,0.0,0.0010382,0.9454177379185161,1.0,3229.890284660043,1000.0,3227.605752133976,1000.0,0.04975830085912123,0.0
7189,1709690580000.0,0.0,0.0,152600.0,0.0010531707242861542,0.0,0.0,0.001028,0.9454177379185161,1.0,3229.890284660043,1000.0,3226.049232133976,1000.0,0.04975830085912123,0.0
7190,1709694180000.0,0.0,0.0,164000.0,0.000981597036640741,0.0,0.0,0.0009878,0.9454177379185161,1.0,3273.908115401058,1000.0,3274.9254013919763,1000.0,0.049171176567782526,0.0
7191,1709697780000.0,0.0,0.0,163600.0,0.001000631071844656,0.0,0.0,0.0010009,0.9454177379185161,1.0,3276.7308669497625,1000.0,3276.774863595977,1000.0,0.049959319212008864,0.0
7192,1709701380000.0,0.0,0.0,156200.0,0.0010358774075275032,0.0,0.0,0.001042,0.9454177379185161,1.0,3280.855136639773,1000.0,3281.8114855839767,1000.0,0.049317645649394476,0.0
7193,1709704980000.0,0.0,0.0,0.0,0.0010358774075275032,0.0,0.0,0.0011977,0.9454177379185161,1.0,3285.6006690039762,1000.0,3285.6006690039762,1000.0,0.0,0.0
7194,1709708580000.0,0.0,0.0,0.0,0.0010358774075275032,0.0,0.0,0.0011393,0.9454177379185161,1.0,3285.6006690039762,1000.0,3285.6006690039762,1000.0,0.0,0.0
7195,1709712180000.0,0.0,0.0,0.0,0.0010358774075275032,0.0,0.0,0.0011769,0.9454177379185161,1.0,3285.6006690039762,1000.0,3285.6006690039762,1000.0,0.0,0.0
7196,1709715780000.0,0.0,0.0,0.0,0.0010358774075275032,0.0,0.0,0.0011431,0.9454177379185161,1.0,3285.6006690039762,1000.0,3285.6006690039762,1000.0,0.0,0.0
7197,1709719380000.0,0.0,0.0,66400.0,0.0011,0.0,0.0,0.0011269,0.9454177379185161,1.0,3287.240406771976,1000.0,3289.026566771976,1000.0,0.02221924500852807,0.0
7198,1709722980000.0,0.0,0.0,0.0,0.0011,0.0,0.0,0.0011486,0.9454177379185161,1.0,3290.0737890599758,1000.0,3290.0737890599758,1000.0,0.0,0.0
7199,1709726580000.0,0.0,0.0,0.0,0.0011,0.0,0.0,0.0011274,0.9454177379185161,1.0,3290.0737890599758,1000.0,3290.0737890599758,1000.0,0.0,0.0
7200,1709730180000.0,0.0,0.0,120300.0,0.0011106233277177549,0.0,0.0,0.0011073,0.9454177379185161,1.0,3290.3175805564215,1000.0,3289.9177842319755,1000.0,0.040606410491795634,0.0
7201,1709733780000.0,0.0,0.0,148600.0,0.0011060211968174207,0.0,0.0,0.0011175,0.9454177379185161,1.0,3296.6441801150445,1000.0,3298.3499302679757,1000.0,0.04985516812473621,0.0
7202,1709737380000.0,0.0,0.0,148700.0,0.001109107719978888,0.0,0.0,0.0010998,0.9454177379185161,1.0,3298.935350752837,1000.0,3297.5512927919767,1000.0,0.049993194902477826,0.0
7203,1709740980000.0,0.0,0.0,149000.0,0.0011081202284588588,0.0,0.0,0.0011074,0.9454177379185161,1.0,3299.1362912803465,1000.0,3299.0289772399765,1000.0,0.05004640592653213,0.0
7204,1709744580000.0,0.0,0.0,149200.0,0.001106627376469016,0.0,0.0,0.0011006,0.9454177379185161,1.0,3299.482479033154,1000.0,3298.5831944639767,1000.0,0.05004081870971442,0.0
7205,1709748180000.0,0.0,0.0,149400.0,0.0011050838640216235,0.0,0.0,0.0011158,0.9454177379185161,1.0,3300.8200196448065,1000.0,3302.4210103599758,1000.0,0.05001773144316925,0.0
7206,1709751780000.0,0.0,0.0,66500.0,0.0011045597083669068,0.0,0.0,0.0011198,0.9454177379185161,1.0,3302.950196074377,1000.0,3303.9636754679777,1000.0,0.02223867035406708,0.0
7207,1709755380000.0,0.0,0.0,112500.0,0.0011047480539831778,0.0,0.0,0.0011108,0.9454177379185161,1.0,3304.5540106730855,1000.0,3305.234854599978,1000.0,0.037609963605283236,0.0
7208,1709758980000.0,0.0,0.0,112200.0,0.0011057185230345895,0.0,0.0,0.0011069,0.9454177379185161,1.0,3306.304996344459,1000.0,3306.437558059978,1000.0,0.03752273865286077,0.0
7209,1709762580000.0,0.0,0.0,153600.0,0.001077226477320177,0.0,0.0,0.0010965,0.9454177379185161,1.0,3310.562841236357,1000.0,3313.523254319978,1000.0,0.0499800169491983,0.0
7210,1709766180000.0,0.0,0.0,112800.0,0.0010934342028340958,0.0,0.0,0.0010984,0.9454177379185161,1.0,3313.6216114576637,1000.0,3314.1817533779777,1000.0,0.037221925899206386,0.0
7211,1709769780000.0,0.0,0.0,150600.0,0.0011012523206956884,0.0,0.0,0.001098,0.9454177379185161,1.0,3316.639765324748,1000.0,3316.1499658279777,1000.0,0.0500050084518394,0.0
7212,1709773380000.0,0.0,0.0,34000.0,0.0010855272741034788,0.0,0.0,0.0011049,0.9454177379185161,1.0,3319.703765525495,1000.0,3320.3624382059766,1000.0,0.011117837592257547,0.0
7213,1709776980000.0,0.0,0.0,101100.0,0.0010891633878178859,0.0,0.0,0.0011108,0.9454177379185161,1.0,3324.009366560365,1000.0,3326.196828051977,1000.0,0.03312698803322958,0.0
7214,1709780580000.0,0.0,0.0,151700.0,0.001095388492391438,0.0,0.0,0.0010737,0.9454177379185161,1.0,3325.3566432097577,1000.0,3322.0664989139764,1000.0,0.04997071055072976,0.0
7215,1709784180000.0,0.0,0.0,467100.0,0.0010676463161973478,0.0,0.0,0.0010359,0.9454177379185161,1.0,3325.2901377777575,1000.0,3310.461433481976,1000.0,0.14997115248086396,0.0
7216,1709787780000.0,0.0,0.0,350400.0,0.0010676463161973478,0.0,0.0,0.0010634,0.9454177379185161,1.0,3325.539838877527,1000.0,3324.051929681976,1000.0,0.11249399716162238,0.0
7217,1709791380000.0,0.0,0.0,729200.0,0.0010437996423416766,0.0,0.0,0.0010308,0.9454177379185161,1.0,3325.4624317915273,1000.0,3315.983092595977,1000.0,0.228882062211571,0.0
7218,1709794980000.0,0.0,0.0,157700.0,0.0010531258314954543,0.0,0.0,0.0010409,0.9454177379185161,1.0,3327.6737250008105,1000.0,3325.7457113739774,1000.0,0.04990812121365436,0.0
7219,1709798580000.0,0.0,0.0,157500.0,0.0010541844310267773,0.0,0.0,0.001059,0.9454177379185161,1.0,3327.8199429926945,1000.0,3328.578395105977,1000.0,0.0498927378076242,0.0
7220,1709802180000.0,0.0,0.0,157800.0,0.0010554778473160777,0.0,0.0,0.0010547,0.9454177379185161,1.0,3328.535661960455,1000.0,3328.4129176539777,1000.0,0.05003834154757986,0.0
7221,1709805780000.0,0.0,0.0,35000.0,0.001059127012206477,0.0,0.0,0.0010694,0.9454177379185161,1.0,3330.5993925192042,1000.0,3330.9589470919777,1000.0,0.011129962225564463,0.0
7222,1709809380000.0,0.0,0.0,127500.0,0.0010624399363416694,0.0,0.0,0.001063,0.9454177379185161,1.0,3331.0985254755406,1000.0,3331.1699335919775,1000.0,0.04066559150009672,0.0
7223,1709812980000.0,0.0,0.0,127600.0,0.00106169043466149,0.0,0.0,0.0010607,0.9454177379185161,1.0,3331.8515741807837,1000.0,3331.7251947179775,1000.0,0.040659584152128725,0.0
7224,1709816580000.0,0.0,0.0,157000.0,0.0010613538519311432,0.0,0.0,0.0010526,0.9454177379185161,1.0,3332.017353525167,1000.0,3330.6429987719775,1000.0,0.050009509877521376,0.0
7225,1709820180000.0,0.0,0.0,66500.0,0.001060610697315684,0.0,0.0,0.00107,0.9454177379185161,1.0,3332.2774554694706,1000.0,3332.9018440979776,1000.0,0.02116588798922694,0.0
7226,1709823780000.0,0.0,0.0,70000.0,0.0010591705021704436,0.0,0.0,0.0010739,0.9454177379185161,1.0,3334.794571715909,1000.0,3335.825636563978,1000.0,0.022232834304327636,0.0
7227,1709827380000.0,0.0,0.0,0.0,0.0010591705021704436,0.0,0.0,0.0011043,0.9454177379185161,1.0,3336.4666307319785,1000.0,3336.4666307319785,1000.0,0.0,0.0
7228,1709830980000.0,0.0,0.0,0.0,0.0010591705021704436,0.0,0.0,0.0011303,0.9454177379185161,1.0,3336.4666307319785,1000.0,3336.4666307319785,1000.0,0.0,0.0
7229,1709834580000.0,0.0,0.0,0.0,0.0010591705021704436,0.0,0.0,0.0011506,0.9454177379185161,1.0,3336.4666307319785,1000.0,3336.4666307319785,1000.0,0.0,0.0
7230,1709838180000.0,0.0,0.0,0.0,0.0010591705021704436,0.0,0.0,0.0011899,0.9454177379185161,1.0,3336.4666307319785,1000.0,3336.4666307319785,1000.0,0.0,0.0
7231,1709841780000.0,0.0,0.0,0.0,0.0010591705021704436,0.0,0.0,0.0012724,0.9454177379185161,1.0,3336.4666307319785,1000.0,3336.4666307319785,1000.0,0.0,0.0
7232,1709845380000.0,0.0,0.0,0.0,0.0010591705021704436,0.0,0.0,0.0013097,0.9454177379185161,1.0,3336.4666307319785,1000.0,3336.4666307319785,1000.0,0.0,0.0
7233,1709848980000.0,0.0,0.0,0.0,0.0010591705021704436,0.0,0.0,0.0013386,0.9454177379185161,1.0,3336.4666307319785,1000.0,3336.4666307319785,1000.0,0.0,0.0
7234,1709852580000.0,0.0,0.0,0.0,0.0010591705021704436,0.0,0.0,0.0014285,0.9454177379185161,1.0,3336.4666307319785,1000.0,3336.4666307319785,1000.0,0.0,0.0
7235,1709856180000.0,0.0,0.0,0.0,0.0010591705021704436,0.0,0.0,0.0014465,0.9454177379185161,1.0,3336.4666307319785,1000.0,3336.4666307319785,1000.0,0.0,0.0
7236,1709859780000.0,0.0,0.0,0.0,0.0010591705021704436,0.0,0.0,0.0014924,0.9454177379185161,1.0,3336.4666307319785,1000.0,3336.4666307319785,1000.0,0.0,0.0
7237,1709863380000.0,0.0,0.0,0.0,0.0010591705021704436,0.0,0.0,0.0015293,0.9454177379185161,1.0,3336.4666307319785,1000.0,3336.4666307319785,1000.0,0.0,0.0
7238,1709866980000.0,0.0,0.0,0.0,0.0010591705021704436,0.0,0.0,0.0015737,0.9454177379185161,1.0,3336.4666307319785,1000.0,3336.4666307319785,1000.0,0.0,0.0
7239,1709870580000.0,0.0,0.0,0.0,0.0010591705021704436,0.0,0.0,0.0015678,0.9454177379185161,1.0,3336.4666307319785,1000.0,3336.4666307319785,1000.0,0.0,0.0
7240,1709874180000.0,0.0,0.0,0.0,0.0010591705021704436,0.0,0.0,0.0015364,0.9454177379185161,1.0,3336.4666307319785,1000.0,3336.4666307319785,1000.0,0.0,0.0
7241,1709877780000.0,0.0,0.0,0.0,0.0010591705021704436,0.0,0.0,0.0015083,0.9454177379185161,1.0,3336.4666307319785,1000.0,3336.4666307319785,1000.0,0.0,0.0
7242,1709881380000.0,0.0,0.0,0.0,0.0010591705021704436,0.0,0.0,0.0016456,0.9454177379185161,1.0,3336.4666307319785,1000.0,3336.4666307319785,1000.0,0.0,0.0
7243,1709884980000.0,0.0,0.0,0.0,0.0010591705021704436,0.0,0.0,0.0016876,0.9454177379185161,1.0,3336.4666307319785,1000.0,3336.4666307319785,1000.0,0.0,0.0
7244,1709888580000.0,0.0,0.0,0.0,0.0010591705021704436,0.0,0.0,0.0016734,0.9454177379185161,1.0,3336.4666307319785,1000.0,3336.4666307319785,1000.0,0.0,0.0
7245,1709892180000.0,0.0,0.0,0.0,0.0010591705021704436,0.0,0.0,0.0018102,0.9454177379185161,1.0,3336.4666307319785,1000.0,3336.4666307319785,1000.0,0.0,0.0
7246,1709895780000.0,0.0,0.0,0.0,0.0010591705021704436,0.0,0.0,0.0018647,0.9454177379185161,1.0,3336.4666307319785,1000.0,3336.4666307319785,1000.0,0.0,0.0
7247,1709899380000.0,0.0,0.0,0.0,0.0010591705021704436,0.0,0.0,0.0018585,0.9454177379185161,1.0,3336.4666307319785,1000.0,3336.4666307319785,1000.0,0.0,0.0
7248,1709902980000.0,0.0,0.0,0.0,0.0010591705021704436,0.0,0.0,0.001914,0.9454177379185161,1.0,3336.4666307319785,1000.0,3336.4666307319785,1000.0,0.0,0.0
7249,1709906580000.0,0.0,0.0,0.0,0.0010591705021704436,0.0,0.0,0.0018363,0.9454177379185161,1.0,3336.4666307319785,1000.0,3336.4666307319785,1000.0,0.0,0.0
7250,1709910180000.0,0.0,0.0,0.0,0.0010591705021704436,0.0,0.0,0.0016806,0.9454177379185161,1.0,3336.4666307319785,1000.0,3336.4666307319785,1000.0,0.0,0.0
7251,1709913780000.0,0.0,0.0,0.0,0.0010591705021704436,0.0,0.0,0.0016563,0.9454177379185161,1.0,3336.4666307319785,1000.0,3336.4666307319785,1000.0,0.0,0.0
7252,1709917380000.0,0.0,0.0,0.0,0.0010591705021704436,0.0,0.0,0.0017585,0.9454177379185161,1.0,3336.4666307319785,1000.0,3336.4666307319785,1000.0,0.0,0.0
7253,1709920980000.0,0.0,0.0,0.0,0.0010591705021704436,0.0,0.0,0.0017129,0.9454177379185161,1.0,3336.4666307319785,1000.0,3336.4666307319785,1000.0,0.0,0.0
7254,1709924580000.0,0.0,0.0,0.0,0.0010591705021704436,0.0,0.0,0.001721,0.9454177379185161,1.0,3336.4666307319785,1000.0,3336.4666307319785,1000.0,0.0,0.0
7255,1709928180000.0,0.0,0.0,0.0,0.0010591705021704436,0.0,0.0,0.0016975,0.9454177379185161,1.0,3336.4666307319785,1000.0,3336.4666307319785,1000.0,0.0,0.0
7256,1709931780000.0,0.0,0.0,0.0,0.0010591705021704436,0.0,0.0,0.0016744,0.9454177379185161,1.0,3336.4666307319785,1000.0,3336.4666307319785,1000.0,0.0,0.0
7257,1709935380000.0,0.0,0.0,51400.0,0.0016190036954745897,0.0,0.0,0.0016477,0.9454177379185161,1.0,3343.2594686013717,1000.0,3344.734458653978,1000.0,0.024890915805050286,0.0
7258,1709938980000.0,0.0,0.0,0.0,0.0016190036954745897,0.0,0.0,0.0016602,0.9454177379185161,1.0,3345.1234590939775,1000.0,3345.1234590939775,1000.0,0.0,0.0
7259,1709942580000.0,0.0,0.0,77000.0,0.0016308,0.0,0.0,0.0016351,0.9454177379185161,1.0,3345.171227461977,1000.0,3345.502327461977,1000.0,0.037538168141925794,0.0
7260,1709946180000.0,0.0,0.0,102600.0,0.0016314445046609262,0.0,0.0,0.0016273,0.9454177379185161,1.0,3348.107247720188,1000.0,3347.6820215419766,1000.0,0.04999427849636197,0.0
7261,1709949780000.0,0.0,0.0,208300.0,0.0016076605680480959,0.0,0.0,0.001597,0.9454177379185161,1.0,3348.4400913783943,1000.0,3346.219495053976,1000.0,0.10000946326818286,0.0
7262,1709953380000.0,0.0,0.0,133400.0,0.0015896103997608177,0.0,0.0,0.0015729,0.9454177379185161,1.0,3348.9673677840697,1000.0,3346.7382004559768,1000.0,0.06331922770224067,0.0
7263,1709956980000.0,0.0,0.0,103300.0,0.0016050001120293156,0.0,0.0,0.0016134,0.9454177379185161,1.0,3350.6041798066053,1000.0,3351.471888233977,1000.0,0.04948257170209761,0.0
7264,1709960580000.0,0.0,0.0,103700.0,0.0016104033188117524,0.0,0.0,0.0016113,0.9454177379185161,1.0,3350.9193452427558,1000.0,3351.012331081977,1000.0,0.04983671851065713,0.0
7265,1709964180000.0,0.0,0.0,75900.0,0.0015727553010105111,0.0,0.0,0.001578,0.9454177379185161,1.0,3351.9660230746754,1000.0,3352.3640957279777,1000.0,0.03561257080917565,0.0
7266,1709967780000.0,0.0,0.0,103900.0,0.001612898942220711,0.0,0.0,0.0015902,0.9454177379185161,1.0,3357.0792126727083,1000.0,3354.7207925759762,1000.0,0.049918452762189786,0.0
7267,1709971380000.0,0.0,0.0,63700.0,0.0016123616458905824,0.0,0.0,0.0016404,0.9454177379185161,1.0,3360.8180573132054,1000.0,3362.6041004699755,1000.0,0.030560249050000408,0.0
7268,1709974980000.0,0.0,0.0,104200.0,0.0016143,0.0,0.0,0.001606,0.9454177379185161,1.0,3363.168335981975,1000.0,3362.3034759819748,1000.0,0.050015355520670414,0.0
7269,1709978580000.0,0.0,0.0,104300.0,0.00161299342306615,0.0,0.0,0.0016211,0.9454177379185161,1.0,3363.619056573774,1000.0,3364.4645725479745,1000.0,0.05001613179025274,0.0
7270,1709982180000.0,0.0,0.0,13800.0,0.0016128485875774989,0.0,0.0,0.0016589,0.9454177379185161,1.0,3367.3747663925433,1000.0,3368.010275883974,1000.0,0.006609692134865542,0.0
7271,1709985780000.0,0.0,0.0,104300.0,0.0016150319391304065,0.0,0.0,0.0016227,0.9454177379185161,1.0,3367.6997941292752,1000.0,3368.4995728779736,1000.0,0.050018660079187344,0.0
7272,1709989380000.0,0.0,0.0,85200.0,0.001613284057630476,0.0,0.0,0.0016065,0.9454177379185161,1.0,3367.868455470091,1000.0,3367.2904537599743,1000.0,0.040812699049117364,0.0
7273,1709992980000.0,0.0,0.0,78400.0,0.001612561434732963,0.0,0.0,0.0016245,0.9454177379185161,1.0,3369.418239047038,1000.0,3370.3542225639735,1000.0,0.03752125961032984,0.0
7274,1709996580000.0,0.0,0.0,100.0,0.001612561434732963,0.0,0.0,0.0016539,0.9454177379185161,1.0,3371.736797139446,1000.0,3371.7409309959726,1000.0,4.7825839671146534e-05,0.0
7275,1710000180000.0,0.0,0.0,0.0,0.001612561434732963,0.0,0.0,0.0016755,0.9454177379185161,1.0,3371.7423876199728,1000.0,3371.7423876199728,1000.0,0.0,0.0
7276,1710003780000.0,0.0,0.0,0.0,0.001612561434732963,0.0,0.0,0.0017725,0.9454177379185161,1.0,3371.7423876199728,1000.0,3371.7423876199728,1000.0,0.0,0.0
7277,1710007380000.0,0.0,0.0,0.0,0.001612561434732963,0.0,0.0,0.0019947,0.9454177379185161,1.0,3371.7423876199728,1000.0,3371.7423876199728,1000.0,0.0,0.0
7278,1710010980000.0,0.0,0.0,0.0,0.001612561434732963,0.0,0.0,0.0020592,0.9454177379185161,1.0,3371.7423876199728,1000.0,3371.7423876199728,1000.0,0.0,0.0
7279,1710014580000.0,0.0,0.0,0.0,0.001612561434732963,0.0,0.0,0.0020836,0.9454177379185161,1.0,3371.7423876199728,1000.0,3371.7423876199728,1000.0,0.0,0.0
7280,1710018180000.0,0.0,0.0,0.0,0.001612561434732963,0.0,0.0,0.0020317,0.9454177379185161,1.0,3371.7423876199728,1000.0,3371.7423876199728,1000.0,0.0,0.0
7281,1710021780000.0,0.0,0.0,0.0,0.001612561434732963,0.0,0.0,0.0020521,0.9454177379185161,1.0,3371.7423876199728,1000.0,3371.7423876199728,1000.0,0.0,0.0
7282,1710025380000.0,0.0,0.0,0.0,0.001612561434732963,0.0,0.0,0.00207,0.9454177379185161,1.0,3371.7423876199728,1000.0,3371.7423876199728,1000.0,0.0,0.0
7283,1710028980000.0,0.0,0.0,0.0,0.001612561434732963,0.0,0.0,0.0020455,0.9454177379185161,1.0,3371.7423876199728,1000.0,3371.7423876199728,1000.0,0.0,0.0
7284,1710032580000.0,0.0,0.0,0.0,0.001612561434732963,0.0,0.0,0.0020391,0.9454177379185161,1.0,3371.7423876199728,1000.0,3371.7423876199728,1000.0,0.0,0.0
7285,1710036180000.0,0.0,0.0,0.0,0.001612561434732963,0.0,0.0,0.0020487,0.9454177379185161,1.0,3371.7423876199728,1000.0,3371.7423876199728,1000.0,0.0,0.0
7286,1710039780000.0,0.0,0.0,0.0,0.001612561434732963,0.0,0.0,0.0020262,0.9454177379185161,1.0,3371.7423876199728,1000.0,3371.7423876199728,1000.0,0.0,0.0
7287,1710043380000.0,0.0,0.0,0.0,0.001612561434732963,0.0,0.0,0.0021457,0.9454177379185161,1.0,3371.7423876199728,1000.0,3371.7423876199728,1000.0,0.0,0.0
7288,1710046980000.0,0.0,0.0,0.0,0.001612561434732963,0.0,0.0,0.0021504,0.9454177379185161,1.0,3371.7423876199728,1000.0,3371.7423876199728,1000.0,0.0,0.0
7289,1710050580000.0,0.0,0.0,0.0,0.001612561434732963,0.0,0.0,0.0022869,0.9454177379185161,1.0,3371.7423876199728,1000.0,3371.7423876199728,1000.0,0.0,0.0
7290,1710054180000.0,0.0,0.0,0.0,0.001612561434732963,0.0,0.0,0.0022099,0.9454177379185161,1.0,3371.7423876199728,1000.0,3371.7423876199728,1000.0,0.0,0.0
7291,1710057780000.0,0.0,0.0,0.0,0.001612561434732963,0.0,0.0,0.002134,0.9454177379185161,1.0,3371.7423876199728,1000.0,3371.7423876199728,1000.0,0.0,0.0
7292,1710061380000.0,0.0,0.0,0.0,0.001612561434732963,0.0,0.0,0.0020624,0.9454177379185161,1.0,3371.7423876199728,1000.0,3371.7423876199728,1000.0,0.0,0.0
7293,1710064980000.0,0.0,0.0,56600.0,0.0019859919227754727,0.0,0.0,0.0020265,0.9454177379185161,1.0,3373.1825311010653,1000.0,3375.4752882719736,1000.0,0.03332376525512247,0.0
7294,1710068580000.0,0.0,0.0,600.0,0.0019859919227754727,0.0,0.0,0.0020079,0.9454177379185161,1.0,3377.001771865639,1000.0,3377.014916711974,1000.0,0.0003528559456476038,0.0
7295,1710072180000.0,0.0,0.0,47700.0,0.0019907183216292547,0.0,0.0,0.0020079,0.9454177379185161,1.0,3377.441951615689,1000.0,3378.2615176739737,1000.0,0.028115143147401874,0.0
7296,1710075780000.0,0.0,0.0,71200.0,0.0019599549557076062,0.0,0.0,0.0019817,0.9454177379185161,1.0,3379.4571758603543,1000.0,3381.0054230139726,1000.0,0.041293256752352465,0.0
7297,1710079380000.0,0.0,0.0,175600.0,0.0019290734315539077,0.0,0.0,0.0019164,0.9454177379185161,1.0,3379.5529543628386,1000.0,3377.327499781972,1000.0,0.10023375847493748,0.0
7298,1710082980000.0,0.0,0.0,175600.0,0.0019290734315539077,0.0,0.0,0.0019165,0.9454177379185161,1.0,3379.5529543628386,1000.0,3377.3450597819724,1000.0,0.10023375847493748,0.0
7299,1710086580000.0,0.0,0.0,266200.0,0.001907402458981466,0.0,0.0,0.0018814,0.9454177379185161,1.0,3379.5191533148386,1000.0,3372.5972987339724,1000.0,0.15024342563137527,0.0
7300,1710090180000.0,0.0,0.0,87000.0,0.00191614808928926,0.0,0.0,0.0019135,0.9454177379185161,1.0,3382.8481018781376,1000.0,3382.617718109972,1000.0,0.04927944700668411,0.0
7301,1710093780000.0,0.0,0.0,88000.0,0.0019182668950884728,0.0,0.0,0.0018922,0.9454177379185161,1.0,3382.995236691758,1000.0,3380.701349923972,1000.0,0.049898824845187484,0.0
7302,1710097380000.0,0.0,0.0,88100.0,0.0019213574258289208,0.0,0.0,0.0018977,0.9454177379185161,1.0,3383.1973101935005,1000.0,3381.1130909779727,1000.0,0.050033023112638526,0.0
7303,1710100980000.0,0.0,0.0,178700.0,0.001894051982179787,0.0,0.0,0.0018655,0.9454177379185161,1.0,3383.1634710935004,1000.0,3378.0612318779727,1000.0,0.10004455655408492,0.0
7304,1710104580000.0,0.0,0.0,87400.0,0.001928601770791604,0.0,0.0,0.0019242,0.9454177379185161,1.0,3384.8910872491588,1000.0,3384.5063724819724,1000.0,0.049797701143811914,0.0
7305,1710108180000.0,0.0,0.0,87400.0,0.0019303722673218446,0.0,0.0,0.001912,0.9454177379185161,1.0,3384.9635624219013,1000.0,3383.357826257972,1000.0,0.0498423492757529,0.0
7306,1710111780000.0,0.0,0.0,231100.0,0.0018359104222172222,0.0,0.0,0.0018457,0.9454177379185161,1.0,3385.9105130043718,1000.0,3388.172884429972,1000.0,0.12530718013510955,0.0
7307,1710115380000.0,0.0,0.0,88800.0,0.0018926112751165146,0.0,0.0,0.0019129,0.9454177379185161,1.0,3395.491123468318,1000.0,3397.2927622379716,1000.0,0.04949619219109546,0.0
7308,1710118980000.0,0.0,0.0,73800.0,0.0018242601742821504,0.0,0.0,0.001838,0.9454177379185161,1.0,3399.4182473199944,1000.0,3400.432246457972,1000.0,0.03960395310820065,0.0
7309,1710122580000.0,0.0,0.0,104400.0,0.001834387746907218,0.0,0.0,0.001834,0.9454177379185161,1.0,3403.3765213470842,1000.0,3403.3360405699705,1000.0,0.05627061230983409,0.0
7310,1710126180000.0,0.0,0.0,91200.0,0.0018501131655586553,0.0,0.0,0.0018638,0.9454177379185161,1.0,3405.229762746919,1000.0,3406.4780020479693,1000.0,0.04955034827454303,0.0
7311,1710129780000.0,0.0,0.0,100.0,0.00188683502297225,0.0,0.0,0.0019265,0.9454177379185161,1.0,3411.791837086267,1000.0,3411.7958035839697,1000.0,5.5303345370086875e-05,0.0
7312,1710133380000.0,0.0,0.0,0.0,0.00188683502297225,0.0,0.0,0.0019131,0.9454177379185161,1.0,3411.7952951479697,1000.0,3411.7952951479697,1000.0,0.0,0.0
7313,1710136980000.0,0.0,0.0,0.0,0.00188683502297225,0.0,0.0,0.001912,0.9454177379185161,1.0,3411.7952951479697,1000.0,3411.7952951479697,1000.0,0.0,0.0
7314,1710140580000.0,0.0,0.0,22600.0,0.0018942562708102106,0.0,0.0,0.0019496,0.9454177379185161,1.0,3414.232220344281,1000.0,3415.48298862397,1000.0,0.012538746329326689,0.0
7315,1710144180000.0,0.0,0.0,0.0,0.0018942562708102106,0.0,0.0,0.002029,0.9454177379185161,1.0,3415.7161380299704,1000.0,3415.7161380299704,1000.0,0.0,0.0
7316,1710147780000.0,0.0,0.0,0.0,0.0018942562708102106,0.0,0.0,0.0019633,0.9454177379185161,1.0,3415.7161380299704,1000.0,3415.7161380299704,1000.0,0.0,0.0
7317,1710151380000.0,0.0,0.0,0.0,0.0018942562708102106,0.0,0.0,0.0020109,0.9454177379185161,1.0,3415.7161380299704,1000.0,3415.7161380299704,1000.0,0.0,0.0
7318,1710154980000.0,0.0,0.0,0.0,0.0018942562708102106,0.0,0.0,0.0020159,0.9454177379185161,1.0,3415.7161380299704,1000.0,3415.7161380299704,1000.0,0.0,0.0
7319,1710158580000.0,0.0,0.0,0.0,0.0018942562708102106,0.0,0.0,0.0021071,0.9454177379185161,1.0,3415.7161380299704,1000.0,3415.7161380299704,1000.0,0.0,0.0
7320,1710162180000.0,0.0,0.0,0.0,0.0018942562708102106,0.0,0.0,0.0023347,0.9454177379185161,1.0,3415.7161380299704,1000.0,3415.7161380299704,1000.0,0.0,0.0
7321,1710165780000.0,0.0,0.0,0.0,0.0018942562708102106,0.0,0.0,0.0025651,0.9454177379185161,1.0,3415.7161380299704,1000.0,3415.7161380299704,1000.0,0.0,0.0
7322,1710169380000.0,0.0,0.0,0.0,0.0018942562708102106,0.0,0.0,0.0025644,0.9454177379185161,1.0,3415.7161380299704,1000.0,3415.7161380299704,1000.0,0.0,0.0
7323,1710172980000.0,0.0,0.0,0.0,0.0018942562708102106,0.0,0.0,0.0024802,0.9454177379185161,1.0,3415.7161380299704,1000.0,3415.7161380299704,1000.0,0.0,0.0
7324,1710176580000.0,0.0,0.0,0.0,0.0018942562708102106,0.0,0.0,0.0027832,0.9454177379185161,1.0,3415.7161380299704,1000.0,3415.7161380299704,1000.0,0.0,0.0
7325,1710180180000.0,0.0,0.0,0.0,0.0018942562708102106,0.0,0.0,0.0027573,0.9454177379185161,1.0,3415.7161380299704,1000.0,3415.7161380299704,1000.0,0.0,0.0
7326,1710183780000.0,0.0,0.0,0.0,0.0018942562708102106,0.0,0.0,0.0028066,0.9454177379185161,1.0,3415.7161380299704,1000.0,3415.7161380299704,1000.0,0.0,0.0
7327,1710187380000.0,0.0,0.0,0.0,0.0018942562708102106,0.0,0.0,0.0027863,0.9454177379185161,1.0,3415.7161380299704,1000.0,3415.7161380299704,1000.0,0.0,0.0
7328,1710190980000.0,0.0,0.0,0.0,0.0018942562708102106,0.0,0.0,0.0027185,0.9454177379185161,1.0,3415.7161380299704,1000.0,3415.7161380299704,1000.0,0.0,0.0
7329,1710194580000.0,0.0,0.0,0.0,0.0018942562708102106,0.0,0.0,0.0027733,0.9454177379185161,1.0,3415.7161380299704,1000.0,3415.7161380299704,1000.0,0.0,0.0
7330,1710198180000.0,0.0,0.0,0.0,0.0018942562708102106,0.0,0.0,0.0027974,0.9454177379185161,1.0,3415.7161380299704,1000.0,3415.7161380299704,1000.0,0.0,0.0
7331,1710201780000.0,0.0,0.0,0.0,0.0018942562708102106,0.0,0.0,0.0027888,0.9454177379185161,1.0,3415.7161380299704,1000.0,3415.7161380299704,1000.0,0.0,0.0
7332,1710205380000.0,0.0,0.0,0.0,0.0018942562708102106,0.0,0.0,0.002793,0.9454177379185161,1.0,3415.7161380299704,1000.0,3415.7161380299704,1000.0,0.0,0.0
7333,1710208980000.0,0.0,0.0,0.0,0.0018942562708102106,0.0,0.0,0.0028419,0.9454177379185161,1.0,3415.7161380299704,1000.0,3415.7161380299704,1000.0,0.0,0.0
7334,1710212580000.0,0.0,0.0,0.0,0.0018942562708102106,0.0,0.0,0.0028045,0.9454177379185161,1.0,3415.7161380299704,1000.0,3415.7161380299704,1000.0,0.0,0.0
7335,1710216180000.0,0.0,0.0,0.0,0.0018942562708102106,0.0,0.0,0.0026436,0.9454177379185161,1.0,3415.7161380299704,1000.0,3415.7161380299704,1000.0,0.0,0.0
7336,1710219780000.0,0.0,0.0,0.0,0.0018942562708102106,0.0,0.0,0.0027527,0.9454177379185161,1.0,3415.7161380299704,1000.0,3415.7161380299704,1000.0,0.0,0.0
7337,1710223380000.0,0.0,0.0,0.0,0.0018942562708102106,0.0,0.0,0.002655,0.9454177379185161,1.0,3415.7161380299704,1000.0,3415.7161380299704,1000.0,0.0,0.0
7338,1710226980000.0,0.0,0.0,66500.0,0.002570950354514842,0.0,0.0,0.0025618,0.9454177379185161,1.0,3417.5688154052077,1000.0,3416.960316829971,1000.0,0.05002626364232141,0.0
7339,1710230580000.0,0.0,0.0,75900.0,0.002534323963604823,0.0,0.0,0.0025173,0.9454177379185161,1.0,3417.895225583577,1000.0,3416.6031067459708,1000.0,0.05627884301361608,0.0
7340,1710234180000.0,0.0,0.0,155000.0,0.0024793005737597097,0.0,0.0,0.0024682,0.9454177379185161,1.0,3418.2970637387266,1000.0,3416.5764748059714,1000.0,0.11242194044786737,0.0
7341,1710237780000.0,0.0,0.0,50300.0,0.0025546114744939646,0.0,0.0,0.0025945,0.9454177379185161,1.0,3429.226450191018,1000.0,3431.232843023972,1000.0,0.03747112039214814,0.0
7342,1710241380000.0,0.0,0.0,67000.0,0.0025616211474493965,0.0,0.0,0.0025523,0.9454177379185161,1.0,3431.234638791081,1000.0,3430.6101219119714,1000.0,0.05001949296582616,0.0
7343,1710244980000.0,0.0,0.0,200.0,0.002561715577861263,0.0,0.0,0.0026182,0.9454177379185161,1.0,3434.9827875635433,1000.0,3434.994084447971,1000.0,0.00014915449283391057,0.0
7344,1710248580000.0,0.0,0.0,44700.0,0.002561377946404547,0.0,0.0,0.0025776,0.9454177379185161,1.0,3436.2180586302543,1000.0,3436.943184425971,1000.0,0.03331965324980647,0.0
7345,1710252180000.0,0.0,0.0,3100.0,0.002563997393056392,0.0,0.0,0.002615,0.9454177379185161,1.0,3440.7095048964457,1000.0,3440.867612977971,1000.0,0.002310102584122119,0.0
7346,1710255780000.0,0.0,0.0,66400.0,0.0025654305800070763,0.0,0.0,0.0025391,0.9454177379185161,1.0,3440.6791553604407,1000.0,3438.9308048479706,1000.0,0.04950900180479769,0.0
7347,1710259380000.0,0.0,0.0,67200.0,0.0025617591191932692,0.0,0.0,0.0025571,0.9454177379185161,1.0,3441.3626132717586,1000.0,3441.049520461971,1000.0,0.05002385164117353,0.0
7348,1710262980000.0,0.0,0.0,206800.0,0.0024967667292424603,0.0,0.0,0.002436,0.9454177379185161,1.0,3441.3679505373116,1000.0,3428.8013909299707,1000.0,0.15003666188229722,0.0
7349,1710266580000.0,0.0,0.0,0.0,0.002436250963580235,0.0,0.0,0.0025948,0.9454177379185161,1.0,3466.271801525971,1000.0,3466.271801525971,1000.0,0.0,0.0
7350,1710270180000.0,0.0,0.0,0.0,0.002436250963580235,0.0,0.0,0.0026571,0.9454177379185161,1.0,3466.271801525971,1000.0,3466.271801525971,1000.0,0.0,0.0
7351,1710273780000.0,0.0,0.0,0.0,0.002436250963580235,0.0,0.0,0.0026501,0.9454177379185161,1.0,3466.271801525971,1000.0,3466.271801525971,1000.0,0.0,0.0
7352,1710277380000.0,0.0,0.0,67700.0,0.0025601,0.0,0.0,0.0025609,0.9454177379185161,1.0,3466.237137771971,1000.0,3466.291297771971,1000.0,0.05000199441386342,0.0
7353,1710280980000.0,0.0,0.0,21500.0,0.002559936399757097,0.0,0.0,0.0025723,0.9454177379185161,1.0,3466.839666472748,1000.0,3467.1054838779705,1000.0,0.015875736373691406,0.0
7354,1710284580000.0,0.0,0.0,67800.0,0.00255633984321008,0.0,0.0,0.0025367,0.9454177379185161,1.0,3467.536181393613,1000.0,3466.2046000239693,1000.0,0.049983571130319294,0.0
7355,1710288180000.0,0.0,0.0,67800.0,0.0025540612321782396,0.0,0.0,0.0025652,0.9454177379185161,1.0,3467.875569927654,1000.0,3468.6307783859693,1000.0,0.049934130579344045,0.0
7356,1710291780000.0,0.0,0.0,67900.0,0.0025538412092610454,0.0,0.0,0.0025371,0.9454177379185161,1.0,3468.226618348794,1000.0,3467.089890239969,1000.0,0.04999841048200669,0.0
7357,1710295380000.0,0.0,0.0,0.0,0.0025538412092610454,0.0,0.0,0.0026354,0.9454177379185161,1.0,3472.825262225969,1000.0,3472.825262225969,1000.0,0.0,0.0
7358,1710298980000.0,0.0,0.0,0.0,0.0025538412092610454,0.0,0.0,0.0027329,0.9454177379185161,1.0,3472.825262225969,1000.0,3472.825262225969,1000.0,0.0,0.0
7359,1710302580000.0,0.0,0.0,0.0,0.0025538412092610454,0.0,0.0,0.0029202,0.9454177379185161,1.0,3472.825262225969,1000.0,3472.825262225969,1000.0,0.0,0.0
7360,1710306180000.0,0.0,0.0,0.0,0.0025538412092610454,0.0,0.0,0.0033367,0.9454177379185161,1.0,3472.825262225969,1000.0,3472.825262225969,1000.0,0.0,0.0
7361,1710309780000.0,0.0,0.0,0.0,0.0025538412092610454,0.0,0.0,0.0033034,0.9454177379185161,1.0,3472.825262225969,1000.0,3472.825262225969,1000.0,0.0,0.0
7362,1710313380000.0,0.0,0.0,0.0,0.0025538412092610454,0.0,0.0,0.0034393,0.9454177379185161,1.0,3472.825262225969,1000.0,3472.825262225969,1000.0,0.0,0.0
7363,1710316980000.0,0.0,0.0,0.0,0.0025538412092610454,0.0,0.0,0.0034097,0.9454177379185161,1.0,3472.825262225969,1000.0,3472.825262225969,1000.0,0.0,0.0
7364,1710320580000.0,0.0,0.0,0.0,0.0025538412092610454,0.0,0.0,0.0034508,0.9454177379185161,1.0,3472.825262225969,1000.0,3472.825262225969,1000.0,0.0,0.0
7365,1710324180000.0,0.0,0.0,0.0,0.0025538412092610454,0.0,0.0,0.0033735,0.9454177379185161,1.0,3472.825262225969,1000.0,3472.825262225969,1000.0,0.0,0.0
7366,1710327780000.0,0.0,0.0,0.0,0.0025538412092610454,0.0,0.0,0.0034873,0.9454177379185161,1.0,3472.825262225969,1000.0,3472.825262225969,1000.0,0.0,0.0
7367,1710331380000.0,0.0,0.0,0.0,0.0025538412092610454,0.0,0.0,0.003494,0.9454177379185161,1.0,3472.825262225969,1000.0,3472.825262225969,1000.0,0.0,0.0
7368,1710334980000.0,0.0,0.0,0.0,0.0025538412092610454,0.0,0.0,0.0037878,0.9454177379185161,1.0,3472.825262225969,1000.0,3472.825262225969,1000.0,0.0,0.0
7369,1710338580000.0,0.0,0.0,0.0,0.0025538412092610454,0.0,0.0,0.0037228,0.9454177379185161,1.0,3472.825262225969,1000.0,3472.825262225969,1000.0,0.0,0.0
7370,1710342180000.0,0.0,0.0,0.0,0.0025538412092610454,0.0,0.0,0.003613,0.9454177379185161,1.0,3472.825262225969,1000.0,3472.825262225969,1000.0,0.0,0.0
7371,1710345780000.0,0.0,0.0,0.0,0.0025538412092610454,0.0,0.0,0.003605,0.9454177379185161,1.0,3472.825262225969,1000.0,3472.825262225969,1000.0,0.0,0.0
7372,1710349380000.0,0.0,0.0,0.0,0.0025538412092610454,0.0,0.0,0.0037327,0.9454177379185161,1.0,3472.825262225969,1000.0,3472.825262225969,1000.0,0.0,0.0
7373,1710352980000.0,0.0,0.0,0.0,0.0025538412092610454,0.0,0.0,0.0040528,0.9454177379185161,1.0,3472.825262225969,1000.0,3472.825262225969,1000.0,0.0,0.0
7374,1710356580000.0,0.0,0.0,0.0,0.0025538412092610454,0.0,0.0,0.0039083,0.9454177379185161,1.0,3472.825262225969,1000.0,3472.825262225969,1000.0,0.0,0.0
7375,1710360180000.0,0.0,0.0,0.0,0.0025538412092610454,0.0,0.0,0.0040873,0.9454177379185161,1.0,3472.825262225969,1000.0,3472.825262225969,1000.0,0.0,0.0
7376,1710363780000.0,0.0,0.0,0.0,0.0033925903320312497,0.0,0.0,0.003877,0.9454177379185161,1.0,3517.048337543969,1000.0,3517.048337543969,1000.0,0.0,0.0
7377,1710367380000.0,0.0,0.0,0.0,0.0033925903320312497,0.0,0.0,0.0038166,0.9454177379185161,1.0,3517.048337543969,1000.0,3517.048337543969,1000.0,0.0,0.0
7378,1710370980000.0,0.0,0.0,0.0,0.0033925903320312497,0.0,0.0,0.003889,0.9454177379185161,1.0,3517.048337543969,1000.0,3517.048337543969,1000.0,0.0,0.0
7379,1710374580000.0,0.0,0.0,0.0,0.0033925903320312497,0.0,0.0,0.0039717,0.9454177379185161,1.0,3517.048337543969,1000.0,3517.048337543969,1000.0,0.0,0.0
7380,1710378180000.0,0.0,0.0,0.0,0.0033925903320312497,0.0,0.0,0.0039063,0.9454177379185161,1.0,3517.048337543969,1000.0,3517.048337543969,1000.0,0.0,0.0
7381,1710381780000.0,0.0,0.0,0.0,0.0033925903320312497,0.0,0.0,0.003789,0.9454177379185161,1.0,3517.048337543969,1000.0,3517.048337543969,1000.0,0.0,0.0
7382,1710385380000.0,0.0,0.0,0.0,0.0033925903320312497,0.0,0.0,0.0037396,0.9454177379185161,1.0,3517.048337543969,1000.0,3517.048337543969,1000.0,0.0,0.0
7383,1710388980000.0,0.0,0.0,0.0,0.0033925903320312497,0.0,0.0,0.003703,0.9454177379185161,1.0,3517.048337543969,1000.0,3517.048337543969,1000.0,0.0,0.0
7384,1710392580000.0,0.0,0.0,0.0,0.0033925903320312497,0.0,0.0,0.0037369,0.9454177379185161,1.0,3517.048337543969,1000.0,3517.048337543969,1000.0,0.0,0.0
7385,1710396180000.0,0.0,0.0,36300.0,0.003643,0.0,0.0,0.0036502,0.9454177379185161,1.0,3517.097984243969,1000.0,3517.359344243969,1000.0,0.037599435839552345,0.0
7386,1710399780000.0,0.0,0.0,17800.0,0.0035995515511115217,0.0,0.0,0.0036595,0.9454177379185161,1.0,3523.891244637755,1000.0,3524.95832702797,1000.0,0.018182177928244066,0.0
7387,1710403380000.0,0.0,0.0,1100.0,0.003640693917024824,0.0,0.0,0.0037874,0.9454177379185161,1.0,3529.8069675586985,1000.0,3529.9683442499713,1000.0,0.001134555896550088,0.0
7388,1710406980000.0,0.0,0.0,100.0,0.003640693917024824,0.0,0.0,0.0036882,0.9454177379185161,1.0,3529.9034260616736,1000.0,3529.908176669971,1000.0,0.0001031386266872111,0.0
7389,1710410580000.0,0.0,0.0,0.0,0.003640693917024824,0.0,0.0,0.0038081,0.9454177379185161,1.0,3529.910092507971,1000.0,3529.910092507971,1000.0,0.0,0.0
7390,1710414180000.0,0.0,0.0,48100.0,0.0036657,0.0,0.0,0.0036255,0.9454177379185161,1.0,3529.874828473971,1000.0,3527.941208473971,1000.0,0.049950827881402926,0.0
7391,1710417780000.0,0.0,0.0,49000.0,0.0036105631251860094,0.0,0.0,0.0035897,0.9454177379185161,1.0,3530.3705883440853,1000.0,3529.3482952099707,1000.0,0.050113037344642446,0.0
7392,1710421380000.0,0.0,0.0,42000.0,0.0035592687123274366,0.0,0.0,0.0035596,0.9454177379185161,1.0,3530.725952041723,1000.0,3530.7398661239704,1000.0,0.04233953242145762,0.0
7393,1710424980000.0,0.0,0.0,41600.0,0.003461680775360955,0.0,0.0,0.0034721,0.9454177379185161,1.0,3531.902947810986,1000.0,3532.3363875559703,1000.0,0.04077289845811538,0.0
7394,1710428580000.0,0.0,0.0,101100.0,0.0034978850942728305,0.0,0.0,0.0034235,0.9454177379185161,1.0,3535.217609118954,1000.0,3527.6972760879707,1000.0,0.10003236635809705,0.0
7395,1710432180000.0,0.0,0.0,50900.0,0.0034695825914734775,0.0,0.0,0.0034838,0.9454177379185161,1.0,3536.2609211519707,1000.0,3536.9845872459705,1000.0,0.04994024984119958,0.0
7396,1710435780000.0,0.0,0.0,8300.0,0.003506568338323114,0.0,0.0,0.003593,0.9454177379185161,1.0,3541.6095377360525,1000.0,3542.3269205279707,1000.0,0.008217878593891153,0.0
7397,1710439380000.0,0.0,0.0,49800.0,0.003560790089358761,0.0,0.0,0.0035389,0.9454177379185161,1.0,3542.0069703600375,1000.0,3540.9168439099712,1000.0,0.05006408737587587,0.0
7398,1710442980000.0,0.0,0.0,101000.0,0.003510152737129369,0.0,0.0,0.0034285,0.9454177379185161,1.0,3541.9715307440374,1000.0,3533.724604293971,1000.0,0.10009268097521766,0.0
7399,1710446580000.0,0.0,0.0,175100.0,0.0033866096960786444,0.0,0.0,0.0033534,0.9454177379185161,1.0,3542.717290947341,1000.0,3536.90227316397,1000.0,0.16738432933913294,0.0
7400,1710450180000.0,0.0,0.0,22500.0,0.003509196470381226,0.0,0.0,0.0035377,0.9454177379185161,1.0,3551.8968495735494,1000.0,3552.5381789899716,1000.0,0.02222950832399803,0.0
7401,1710453780000.0,0.0,0.0,50500.0,0.0035123375992002106,0.0,0.0,0.0035099,0.9454177379185161,1.0,3552.318163257583,1000.0,3552.1950644979725,1000.0,0.0499316335440388,0.0
7402,1710457380000.0,0.0,0.0,2300.0,0.0035123375992002106,0.0,0.0,0.0035675,0.9454177379185161,1.0,3554.690510704133,1000.0,3554.8173842259725,1000.0,0.0022725962932171762,0.0
7403,1710460980000.0,0.0,0.0,0.0,0.0035123375992002106,0.0,0.0,0.003608,0.9454177379185161,1.0,3554.8670329159727,1000.0,3554.8670329159727,1000.0,0.0,0.0
7404,1710464580000.0,0.0,0.0,0.0,0.003528375,0.0,0.0,0.0036237,0.9454177379185161,1.0,3559.600513067973,1000.0,3559.600513067973,1000.0,0.0,0.0
7405,1710468180000.0,0.0,0.0,50300.0,0.003543377559741155,0.0,0.0,0.003521,0.9454177379185161,1.0,3559.718437256953,1000.0,3558.592846001973,1000.0,0.05006909799088548,0.0
7406,1710471780000.0,0.0,0.0,93200.0,0.003367296145288688,0.0,0.0,0.0034017,0.9454177379185161,1.0,3563.374876610879,1000.0,3566.581315869973,1000.0,0.08807156462847122,0.0
7407,1710475380000.0,0.0,0.0,54300.0,0.0032767351320619866,0.0,0.0,0.003273,0.9454177379185161,1.0,3570.892394108938,1000.0,3570.689576437972,1000.0,0.049826961452128775,0.0
7408,1710478980000.0,0.0,0.0,94100.0,0.003202509155939799,0.0,0.0,0.0032122,0.9454177379185161,1.0,3571.5765749199063,1000.0,3572.4884833459714,1000.0,0.0843762146078845,0.0
7409,1710482580000.0,0.0,0.0,54700.0,0.003264219289408757,0.0,0.0,0.0032292,0.9454177379185161,1.0,3575.7152983066303,1000.0,3573.7997431759713,1000.0,0.04993484666276903,0.0
7410,1710486180000.0,0.0,0.0,55300.0,0.0032253437038475925,0.0,0.0,0.0032079,0.9454177379185161,1.0,3576.4138116787435,1000.0,3575.4491748559717,1000.0,0.049871607765391734,0.0
7411,1710489780000.0,0.0,0.0,63300.0,0.003179437282482385,0.0,0.0,0.003146,0.9454177379185161,1.0,3576.6782222171064,1000.0,3574.5616422359712,1000.0,0.05626963553248556,0.0
7412,1710493380000.0,0.0,0.0,256800.0,0.003065830256935884,0.0,0.0,0.0029735,0.9454177379185161,1.0,3576.561012851106,1000.0,3552.850602869971,1000.0,0.22012911485425032,0.0
7413,1710496980000.0,0.0,0.0,59000.0,0.003006969457549529,0.0,0.0,0.003046,0.9454177379185161,1.0,3586.698019927392,1000.0,3589.0008219319698,1000.0,0.04946365626817216,0.0
7414,1710500580000.0,0.0,0.0,90300.0,0.0029707453613420126,0.0,0.0,0.0029146,0.9454177379185161,1.0,3586.9116316811537,1000.0,3581.84170555197,1000.0,0.07478810009140187,0.0
7415,1710504180000.0,0.0,0.0,68900.0,0.002902816403538104,0.0,0.0,0.0029131,0.9454177379185161,1.0,3587.6709356597453,1000.0,3588.37947545597,1000.0,0.05574760165873355,0.0
7416,1710507780000.0,0.0,0.0,45900.0,0.0029363335383431736,0.0,0.0,0.0029381,0.9454177379185161,1.0,3589.377570807922,1000.0,3589.4586513979702,1000.0,0.03754904764159847,0.0
7417,1710511380000.0,0.0,0.0,60100.0,0.0029692964150426337,0.0,0.0,0.0029541,0.9454177379185161,1.0,3594.0249660780323,1000.0,3593.11166153397,1000.0,0.04965316496919062,0.0
7418,1710514980000.0,0.0,0.0,68900.0,0.00292695052732077,0.0,0.0,0.0028936,0.9454177379185161,1.0,3594.2919668203713,1000.0,3591.9941154879702,1000.0,0.05610754306940797,0.0
7419,1710518580000.0,0.0,0.0,280000.0,0.002822354861901432,0.0,0.0,0.0027547,0.9454177379185161,1.0,3594.174248326371,1000.0,3575.23088699397,1000.0,0.21987230076571432,0.0
7420,1710522180000.0,0.0,0.0,399000.0,0.002784699903088724,0.0,0.0,0.0027388,0.9454177379185161,1.0,3594.110081146371,1000.0,3575.7960198139704,1000.0,0.30914335850781954,0.0
7421,1710525780000.0,0.0,0.0,299300.0,0.002784699903088724,0.0,0.0,0.0027737,0.9454177379185161,1.0,3594.6426762444253,1000.0,3591.35040524997,1000.0,0.23186190007214563,0.0
7422,1710529380000.0,0.0,0.0,61600.0,0.002918935728093818,0.0,0.0,0.0029304,0.9454177379185161,1.0,3604.849494930549,1000.0,3605.5556940799697,1000.0,0.04987904241312669,0.0
7423,1710532980000.0,0.0,0.0,125000.0,0.0028847430836967756,0.0,0.0,0.0028101,0.9454177379185161,1.0,3605.943527730067,1000.0,3596.61314226797,1000.0,0.09999959308544394,0.0
7424,1710536580000.0,0.0,0.0,189600.0,0.0028523602608760386,0.0,0.0,0.0028048,0.9454177379185161,1.0,3605.9074848060673,1000.0,3596.8900593439703,1000.0,0.14997819764951142,0.0
7425,1710540180000.0,0.0,0.0,80100.0,0.0028523602608760386,0.0,0.0,0.0028482,0.9454177379185161,1.0,3606.5062372801412,1000.0,3606.1730003839707,1000.0,0.06335052315574953,0.0
7426,1710543780000.0,0.0,0.0,62800.0,0.0028624560469676964,0.0,0.0,0.0028768,0.9454177379185161,1.0,3606.9605050635414,1000.0,3607.86130531397,1000.0,0.0498375958087749,0.0
7427,1710547380000.0,0.0,0.0,62500.0,0.0028840475327124586,0.0,0.0,0.0028768,0.9454177379185161,1.0,3609.777694888499,1000.0,3609.3247240939704,1000.0,0.04993464585084274,0.0
7428,1710550980000.0,0.0,0.0,62500.0,0.0028862005790335848,0.0,0.0,0.0028608,0.9454177379185161,1.0,3610.9019010675693,1000.0,3609.31436487797,1000.0,0.04995636578669367,0.0
7429,1710554580000.0,0.0,0.0,63800.0,0.0028742955204650025,0.0,0.0,0.002814,0.9454177379185161,1.0,3611.045160653637,1000.0,3607.19830644797,1000.0,0.05078309631898191,0.0
7430,1710558180000.0,0.0,0.0,194300.0,0.0028018844786704437,0.0,0.0,0.0027179,0.9454177379185161,1.0,3610.9729554336373,1000.0,3594.65477122797,1000.0,0.15076439533740296,0.0
7431,1710561780000.0,0.0,0.0,276900.0,0.002770179538482005,0.0,0.0,0.0027082,0.9454177379185161,1.0,3610.9284241216374,1000.0,3593.7662899159704,1000.0,0.21242811380074808,0.0
7432,1710565380000.0,0.0,0.0,316300.0,0.002701530057160043,0.0,0.0,0.0026251,0.9454177379185161,1.0,3611.7358946396917,1000.0,3587.56106755997,1000.0,0.23658816203806793,0.0
7433,1710568980000.0,0.0,0.0,450700.0,0.0026641562837357922,0.0,0.0,0.0026312,0.9454177379185161,1.0,3611.666646383692,1000.0,3596.81324930397,1000.0,0.33246015057397393,0.0
7434,1710572580000.0,0.0,0.0,450700.0,0.0026641562837357922,0.0,0.0,0.0025782,0.9454177379185161,1.0,3611.666646383692,1000.0,3572.9261493039703,1000.0,0.33246015057397393,0.0
7435,1710576180000.0,0.0,0.0,450700.0,0.0026641562837357922,0.0,0.0,0.0025875,0.9454177379185161,1.0,3611.666646383692,1000.0,3577.1176593039704,1000.0,0.33246015057397393,0.0
7436,1710579780000.0,0.0,0.0,450700.0,0.0026641562837357922,0.0,0.0,0.0025826,0.9454177379185161,1.0,3611.666646383692,1000.0,3574.9092293039703,1000.0,0.33246015057397393,0.0
7437,1710583380000.0,0.0,0.0,915100.0,0.002565991101606078,0.0,0.0,0.0024836,0.9454177379185161,1.0,3611.437165739692,1000.0,3536.04106865997,1000.0,0.6501950191341008,0.0
7438,1710586980000.0,0.0,0.0,915100.0,0.002565991101606078,0.0,0.0,0.0023704,0.9454177379185161,1.0,3611.437165739692,1000.0,3432.45174865997,1000.0,0.6501950191341008,0.0
7439,1710590580000.0,9.473156022129659e-08,0.0,1454300.0,0.00248320311976877,0.0,0.0,0.0023314,0.9454177379185161,1.0,3611.184528971692,1000.0,3390.41725189197,1000.0,1.000038150392738,0.0
7440,1710594180000.0,9.473156022129659e-08,0.0,1454300.0,0.00248320311976877,0.0,0.0,0.0022478,0.9454177379185161,1.0,3611.184528971692,1000.0,3268.83777189197,1000.0,1.000038150392738,0.0
7441,1710597780000.0,9.473156022129659e-08,0.0,1454300.0,0.00248320311976877,0.0,0.0,0.0021384,0.9454177379185161,1.0,3611.184528971692,1000.0,3109.7373518919703,1000.0,1.000038150392738,0.0
7442,1710601380000.0,9.473156022129659e-08,0.0,1454300.0,0.00248320311976877,0.0,0.0,0.0021706,0.9454177379185161,1.0,3611.184528971692,1000.0,3156.56581189197,1000.0,1.000038150392738,0.0
7443,1710604980000.0,9.473156022129659e-08,0.0,1454300.0,0.00248320311976877,0.0,0.0,0.0022627,0.9454177379185161,1.0,3611.184528971692,1000.0,3290.50684189197,1000.0,1.000038150392738,0.0
7444,1710608580000.0,9.473156022129659e-08,0.0,1454300.0,0.00248320311976877,0.0,0.0,0.0022601,0.9454177379185161,1.0,3611.184528971692,1000.0,3286.7256618919705,1000.0,1.000038150392738,0.0
7445,1710612180000.0,9.473156022129659e-08,0.0,1454300.0,0.00248320311976877,0.0,0.0,0.0021584,0.9454177379185161,1.0,3611.184528971692,1000.0,3138.82335189197,1000.0,1.000038150392738,0.0
7446,1710615780000.0,9.473156022129659e-08,0.0,1454300.0,0.00248320311976877,0.0,0.0,0.0020579,0.9454177379185161,1.0,3611.184528971692,1000.0,2992.6662018919706,1000.0,1.000038150392738,0.0
7447,1710619380000.0,9.473156022129659e-08,0.0,1454300.0,0.00248320311976877,0.0,0.0,0.0020697,0.9454177379185161,1.0,3611.184528971692,1000.0,3009.82694189197,1000.0,1.000038150392738,0.0
7448,1710622980000.0,9.473156022129659e-08,0.0,1454300.0,0.00248320311976877,0.0,0.0,0.0021101,0.9454177379185161,1.0,3611.184528971692,1000.0,3068.5806618919705,1000.0,1.000038150392738,0.0
7449,1710626580000.0,9.473156022129659e-08,0.0,1454300.0,0.00248320311976877,0.0,0.0,0.0020503,0.9454177379185161,1.0,3611.184528971692,1000.0,2981.6135218919703,1000.0,1.000038150392738,0.0
7450,1710630180000.0,9.473156022129659e-08,0.0,1454300.0,0.00248320311976877,0.0,0.0,0.00206,0.9454177379185161,1.0,3611.184528971692,1000.0,2995.7202318919703,1000.0,1.000038150392738,0.0
7451,1710633780000.0,9.473156022129659e-08,0.0,1454300.0,0.00248320311976877,0.0,0.0,0.0021258,0.9454177379185161,1.0,3611.184528971692,1000.0,3091.4131718919707,1000.0,1.000038150392738,0.0
7452,1710637380000.0,9.473156022129659e-08,0.0,1454300.0,0.00248320311976877,0.0,0.0,0.0020834,0.9454177379185161,1.0,3611.184528971692,1000.0,3029.7508518919703,1000.0,1.000038150392738,0.0
7453,1710640980000.0,9.473156022129659e-08,0.0,1454300.0,0.00248320311976877,0.0,0.0,0.0021028,0.9454177379185161,1.0,3611.184528971692,1000.0,3057.9642718919704,1000.0,1.000038150392738,0.0
7454,1710644580000.0,9.473156022129659e-08,0.0,1454300.0,0.00248320311976877,0.0,0.0,0.0021306,0.9454177379185161,1.0,3611.184528971692,1000.0,3098.39381189197,1000.0,1.000038150392738,0.0
7455,1710648180000.0,9.473156022129659e-08,0.0,1454300.0,0.00248320311976877,0.0,0.0,0.0021665,0.9454177379185161,1.0,3611.184528971692,1000.0,3150.60318189197,1000.0,1.000038150392738,0.0
7456,1710651780000.0,9.473156022129659e-08,0.0,1454300.0,0.00248320311976877,0.0,0.0,0.0021261,0.9454177379185161,1.0,3611.184528971692,1000.0,3091.8494618919703,1000.0,1.000038150392738,0.0
7457,1710655380000.0,9.473156022129659e-08,0.0,1454300.0,0.00248320311976877,0.0,0.0,0.0020941,0.9454177379185161,1.0,3611.184528971692,1000.0,3045.3118618919707,1000.0,1.000038150392738,0.0
7458,1710658980000.0,9.473156022129659e-08,0.0,1454300.0,0.00248320311976877,0.0,0.0,0.0020007,0.9454177379185161,1.0,3611.184528971692,1000.0,2909.48024189197,1000.0,1.000038150392738,0.0
7459,1710662580000.0,9.473156022129659e-08,0.0,1454300.0,0.00248320311976877,0.0,0.0,0.0019927,0.9454177379185161,1.0,3611.184528971692,1000.0,2897.8458418919704,1000.0,1.000038150392738,0.0
7460,1710666180000.0,9.473156022129659e-08,0.0,1454300.0,0.00248320311976877,0.0,0.0,0.0019844,0.9454177379185161,1.0,3611.184528971692,1000.0,2885.77515189197,1000.0,1.000038150392738,0.0
7461,1710669780000.0,9.473156022129659e-08,0.0,1454300.0,0.00248320311976877,0.0,0.0,0.0019936,0.9454177379185161,1.0,3611.184528971692,1000.0,2899.15471189197,1000.0,1.000038150392738,0.0
7462,1710673380000.0,9.837287849788727e-05,0.0,1524500.0,0.0024629656042844707,0.0,0.0,0.0021412,0.9454177379185161,1.0,3604.8216104616463,1000.0,3114.2899467299703,1000.0,1.0416024617791901,0.0
7463,1710676980000.0,9.837287849788727e-05,0.0,1524500.0,0.0024629656042844707,0.0,0.0,0.0021657,0.9454177379185161,1.0,3604.8216104616463,1000.0,3151.6401967299707,1000.0,1.0416024617791901,0.0
7464,1710680580000.0,9.837287849788727e-05,0.0,1524500.0,0.0024629656042844707,0.0,0.0,0.002092,0.9454177379185161,1.0,3604.8216104616463,1000.0,3039.2845467299708,1000.0,1.0416024617791901,0.0
7465,1710684180000.0,9.837287849788727e-05,0.0,1524500.0,0.0024629656042844707,0.0,0.0,0.0020726,0.9454177379185161,1.0,3604.8216104616463,1000.0,3009.709246729971,1000.0,1.0416024617791901,0.0
7466,1710687780000.0,9.837287849788727e-05,0.0,1524500.0,0.0024629656042844707,0.0,0.0,0.0020756,0.9454177379185161,1.0,3604.8216104616463,1000.0,3014.2827467299708,1000.0,1.0416024617791901,0.0
7467,1710691380000.0,9.837287849788727e-05,0.0,1524500.0,0.0024629656042844707,0.0,0.0,0.0021225,0.9454177379185161,1.0,3604.8216104616463,1000.0,3085.7817967299707,1000.0,1.0416024617791901,0.0
7468,1710694980000.0,9.837287849788727e-05,0.0,1524500.0,0.0024629656042844707,0.0,0.0,0.0020947,0.9454177379185161,1.0,3604.8216104616463,1000.0,3043.400696729971,1000.0,1.0416024617791901,0.0
7469,1710698580000.0,9.837287849788727e-05,0.0,1524500.0,0.0024629656042844707,0.0,0.0,0.0021878,0.9454177379185161,1.0,3604.8216104616463,1000.0,3185.331646729971,1000.0,1.0416024617791901,0.0
7470,1710702180000.0,0.0,0.0,0.0,0.0024629656042844707,0.0,0.0,0.0025905,0.9454177379185161,1.0,3663.944751301971,1000.0,3663.944751301971,1000.0,0.0,0.0
7471,1710705780000.0,0.0,0.0,0.0,0.0024629656042844707,0.0,0.0,0.0026701,0.9454177379185161,1.0,3663.944751301971,1000.0,3663.944751301971,1000.0,0.0,0.0
7472,1710709380000.0,0.0,0.0,0.0,0.0024629656042844707,0.0,0.0,0.0025841,0.9454177379185161,1.0,3663.944751301971,1000.0,3663.944751301971,1000.0,0.0,0.0
7473,1710712980000.0,0.0,0.0,0.0,0.0024629656042844707,0.0,0.0,0.0026314,0.9454177379185161,1.0,3663.944751301971,1000.0,3663.944751301971,1000.0,0.0,0.0
7474,1710716580000.0,0.0,0.0,0.0,0.0024629656042844707,0.0,0.0,0.0027931,0.9454177379185161,1.0,3663.944751301971,1000.0,3663.944751301971,1000.0,0.0,0.0
7475,1710720180000.0,0.0,0.0,0.0,0.0024629656042844707,0.0,0.0,0.0026731,0.9454177379185161,1.0,3663.944751301971,1000.0,3663.944751301971,1000.0,0.0,0.0
7476,1710723780000.0,0.0,0.0,0.0,0.0024629656042844707,0.0,0.0,0.0025444,0.9454177379185161,1.0,3663.944751301971,1000.0,3663.944751301971,1000.0,0.0,0.0
7477,1710727380000.0,0.0,0.0,0.0,0.0024629656042844707,0.0,0.0,0.0026269,0.9454177379185161,1.0,3663.944751301971,1000.0,3663.944751301971,1000.0,0.0,0.0
7478,1710730980000.0,0.0,0.0,0.0,0.0024629656042844707,0.0,0.0,0.0026907,0.9454177379185161,1.0,3663.944751301971,1000.0,3663.944751301971,1000.0,0.0,0.0
7479,1710734580000.0,0.0,0.0,0.0,0.0024629656042844707,0.0,0.0,0.0026043,0.9454177379185161,1.0,3663.944751301971,1000.0,3663.944751301971,1000.0,0.0,0.0
7480,1710738180000.0,0.0,0.0,0.0,0.0024629656042844707,0.0,0.0,0.0028783,0.9454177379185161,1.0,3663.944751301971,1000.0,3663.944751301971,1000.0,0.0,0.0
7481,1710741780000.0,0.0,0.0,0.0,0.0024629656042844707,0.0,0.0,0.0032204,0.9454177379185161,1.0,3663.944751301971,1000.0,3663.944751301971,1000.0,0.0,0.0
7482,1710745380000.0,0.0,0.0,0.0,0.0024629656042844707,0.0,0.0,0.0031285,0.9454177379185161,1.0,3663.944751301971,1000.0,3663.944751301971,1000.0,0.0,0.0
7483,1710748980000.0,0.0,0.0,0.0,0.0024629656042844707,0.0,0.0,0.0031153,0.9454177379185161,1.0,3663.944751301971,1000.0,3663.944751301971,1000.0,0.0,0.0
7484,1710752580000.0,0.0,0.0,0.0,0.0024629656042844707,0.0,0.0,0.003006,0.9454177379185161,1.0,3663.944751301971,1000.0,3663.944751301971,1000.0,0.0,0.0
7485,1710756180000.0,0.0,0.0,0.0,0.0024629656042844707,0.0,0.0,0.0029035,0.9454177379185161,1.0,3663.944751301971,1000.0,3663.944751301971,1000.0,0.0,0.0
7486,1710759780000.0,0.0,0.0,0.0,0.0024629656042844707,0.0,0.0,0.0029785,0.9454177379185161,1.0,3663.944751301971,1000.0,3663.944751301971,1000.0,0.0,0.0
7487,1710763380000.0,0.0,0.0,0.0,0.0024629656042844707,0.0,0.0,0.0028894,0.9454177379185161,1.0,3663.944751301971,1000.0,3663.944751301971,1000.0,0.0,0.0
7488,1710766980000.0,0.0,0.0,0.0,0.0024629656042844707,0.0,0.0,0.0028966,0.9454177379185161,1.0,3663.944751301971,1000.0,3663.944751301971,1000.0,0.0,0.0
7489,1710770580000.0,0.0,0.0,57100.0,0.0027226116826257534,0.0,0.0,0.0027176,0.9454177379185161,1.0,3664.177446531902,1000.0,3663.8912794539715,1000.0,0.04242729216759754,0.0
7490,1710774180000.0,0.0,0.0,672700.0,0.0024825090991005385,0.0,0.0,0.0024302,0.9454177379185161,1.0,3667.2399604049037,1000.0,3632.0516294399713,1000.0,0.4553789468362326,0.0
7491,1710777780000.0,0.0,0.0,66600.0,0.0024825090991005385,0.0,0.0,0.0024544,0.9454177379185161,1.0,3687.968239004067,1000.0,3686.096173003971,1000.0,0.04483094627863294,0.0
7492,1710781380000.0,0.0,0.0,324700.0,0.002397539872308145,0.0,0.0,0.0023498,0.9454177379185161,1.0,3687.9963409804254,1000.0,3672.4952044419706,1000.0,0.21108513256591288,0.0
7493,1710784980000.0,0.0,0.0,76800.0,0.0023993043059227005,0.0,0.0,0.0023782,0.9454177379185161,1.0,3700.204756318834,1000.0,3698.5839456239705,1000.0,0.04979902000833647,0.0
7494,1710788580000.0,0.0,0.0,78200.0,0.0023659479295844305,0.0,0.0,0.0023082,0.9454177379185161,1.0,3700.640485645473,1000.0,3696.1245975519705,1000.0,0.049995974699831296,0.0
7495,1710792180000.0,0.0,0.0,67100.0,0.0023322931826937777,0.0,0.0,0.0023216,0.9454177379185161,1.0,3701.019267214723,1000.0,3700.301754655971,1000.0,0.04228480352563183,0.0
7496,1710795780000.0,0.0,0.0,57400.0,0.0024089565211651356,0.0,0.0,0.0024201,0.9454177379185161,1.0,3706.378731886851,1000.0,3707.0183675719722,1000.0,0.037307062854984044,0.0
7497,1710799380000.0,0.0,0.0,155400.0,0.002380485558039854,0.0,0.0,0.00236,0.9454177379185161,1.0,3706.4123271793655,1000.0,3703.228871459972,1000.0,0.09980742104883768,0.0
7498,1710802980000.0,0.0,0.0,155400.0,0.002380485558039854,0.0,0.0,0.0023429,0.9454177379185161,1.0,3706.4123271793655,1000.0,3700.5715314599724,1000.0,0.09980742104883768,0.0
7499,1710806580000.0,0.0,0.0,145700.0,0.0023448037142293644,0.0,0.0,0.0023272,0.9454177379185161,1.0,3706.79124695919,1000.0,3704.226385795972,1000.0,0.0921654008553829,0.0
7500,1710810180000.0,0.0,0.0,190800.0,0.00231481627864397,0.0,0.0,0.0022446,0.9454177379185161,1.0,3706.9189292372416,1000.0,3693.521663271972,1000.0,0.11914664291192081,0.0
7501,1710813780000.0,0.0,0.0,556000.0,0.0022318055502972473,0.0,0.0,0.002202,0.9454177379185161,1.0,3706.759085849242,1000.0,3690.1871998839724,1000.0,0.33476248583362544,0.0
7502,1710817380000.0,0.0,0.0,556000.0,0.0022318055502972473,0.0,0.0,0.0021842,0.9454177379185161,1.0,3706.759085849242,1000.0,3680.2903998839724,1000.0,0.33476248583362544,0.0
7503,1710820980000.0,0.0,0.0,792300.0,0.0021945231931910503,0.0,0.0,0.0021566,0.9454177379185161,1.0,3706.6595184812422,1000.0,3676.612972515973,1000.0,0.4690802371504811,0.0
7504,1710824580000.0,0.0,0.0,792300.0,0.0021945231931910503,0.0,0.0,0.0021124,0.9454177379185161,1.0,3706.6595184812422,1000.0,3641.593312515973,1000.0,0.4690802371504811,0.0
7505,1710828180000.0,0.0,0.0,1129000.0,0.00214921536400821,0.0,0.0,0.0021192,0.9454177379185161,1.0,3706.521969797242,1000.0,3672.6346238319725,1000.0,0.6546471775258368,0.0
7506,1710831780000.0,0.0,0.0,1129000.0,0.00214921536400821,0.0,0.0,0.0020207,0.9454177379185161,1.0,3706.521969797242,1000.0,3561.4281238319727,1000.0,0.6546471775258368,0.0
7507,1710835380000.0,0.0,0.0,635100.0,0.00214921536400821,0.0,0.0,0.0021355,0.9454177379185161,1.0,3708.5735691495865,1000.0,3699.862941467972,1000.0,0.36805705811968426,0.0
7508,1710838980000.0,0.0,0.0,678900.0,0.002116996905897056,0.0,0.0,0.0020773,0.9454177379185161,1.0,3709.1501206694834,1000.0,3682.199891255972,1000.0,0.38748207882028207,0.0
7509,1710842580000.0,0.0,0.0,381900.0,0.002116996905897056,0.0,0.0,0.002125,0.9454177379185161,1.0,3710.361522518058,1000.0,3713.4179041559723,1000.0,0.21789820572885993,0.0
7510,1710846180000.0,0.0,0.0,408300.0,0.0020922380934104987,0.0,0.0,0.0020629,0.9454177379185161,1.0,3710.7010912354785,1000.0,3698.722347695972,1000.0,0.23021547479457052,0.0
7511,1710849780000.0,0.0,0.0,86400.0,0.002123953475174518,0.0,0.0,0.0021495,0.9454177379185161,1.0,3717.39428873705,1000.0,3719.6015084819715,1000.0,0.0493651106128492,0.0
7512,1710853380000.0,0.0,0.0,0.0,0.0021402086081746406,0.0,0.0,0.0022175,0.9454177379185161,1.0,3723.4553230939705,1000.0,3723.4553230939705,1000.0,0.0,0.0
7513,1710856980000.0,0.0,0.0,86500.0,0.002154821690751445,0.0,0.0,0.0021267,0.9454177379185161,1.0,3725.1576207059716,1000.0,3722.7250944559714,1000.0,0.05003602403666237,0.0
7514,1710860580000.0,0.0,0.0,3300.0,0.0021304656693252795,0.0,0.0,0.0021898,0.9454177379185161,1.0,3730.7406238267445,1000.0,3730.936427117971,1000.0,0.0018844882069453455,0.0
7515,1710864180000.0,0.0,0.0,0.0,0.0021304656693252795,0.0,0.0,0.0022411,0.9454177379185161,1.0,3730.994939855971,1000.0,3730.994939855971,1000.0,0.0,0.0
7516,1710867780000.0,0.0,0.0,0.0,0.0021304656693252795,0.0,0.0,0.0023034,0.9454177379185161,1.0,3730.994939855971,1000.0,3730.994939855971,1000.0,0.0,0.0
7517,1710871380000.0,0.0,0.0,0.0,0.0021304656693252795,0.0,0.0,0.0022579,0.9454177379185161,1.0,3730.994939855971,1000.0,3730.994939855971,1000.0,0.0,0.0
7518,1710874980000.0,0.0,0.0,0.0,0.0021304656693252795,0.0,0.0,0.0022345,0.9454177379185161,1.0,3730.994939855971,1000.0,3730.994939855971,1000.0,0.0,0.0
7519,1710878580000.0,0.0,0.0,0.0,0.0021304656693252795,0.0,0.0,0.0022238,0.9454177379185161,1.0,3730.994939855971,1000.0,3730.994939855971,1000.0,0.0,0.0
7520,1710882180000.0,0.0,0.0,85000.0,0.002200414580882353,0.0,0.0,0.0021917,0.9454177379185161,1.0,3731.2549731969716,1000.0,3730.5142338219716,1000.0,0.05012663050864803,0.0
7521,1710885780000.0,0.0,0.0,12700.0,0.0021975238224913496,0.0,0.0,0.0022496,0.9454177379185161,1.0,3735.368553335611,1000.0,3736.029920789971,1000.0,0.007471432108277067,0.0
7522,1710889380000.0,0.0,0.0,97200.0,0.0021649694425735846,0.0,0.0,0.002142,0.9454177379185161,1.0,3735.8943499921234,1000.0,3733.661720173971,1000.0,0.056327885669089146,0.0
7523,1710892980000.0,0.0,0.0,35400.0,0.002180152836120413,0.0,0.0,0.002206,0.9454177379185161,1.0,3746.5829735086336,1000.0,3747.497963109971,1000.0,0.020599413103718565,0.0
7524,1710896580000.0,0.0,0.0,85900.0,0.0021836841198508245,0.0,0.0,0.002181,0.9454177379185161,1.0,3752.837535297158,1000.0,3752.606969401972,1000.0,0.049983103220143245,0.0
7525,1710900180000.0,0.0,0.0,130800.0,0.002152602558205312,0.0,0.0,0.0021308,0.9454177379185161,1.0,3752.981232343227,1000.0,3750.1294577299723,1000.0,0.07502313419176322,0.0
7526,1710903780000.0,0.0,0.0,64800.0,0.0021667110126510486,0.0,0.0,0.0021854,0.9454177379185161,1.0,3753.85909764976,1000.0,3755.0701440299717,1000.0,0.03740227588928212,0.0
7527,1710907380000.0,0.0,0.0,0.0,0.0021667110126510486,0.0,0.0,0.0022411,0.9454177379185161,1.0,3757.9615571819713,1000.0,3757.9615571819713,1000.0,0.0,0.0
7528,1710910980000.0,0.0,0.0,86100.0,0.002182050174216028,0.0,0.0,0.0021424,0.9454177379185161,1.0,3758.006245147971,1000.0,3754.592365147971,1000.0,0.049993136717792354,0.0
7529,1710914580000.0,0.0,0.0,88400.0,0.0021268318113207545,0.0,0.0,0.0021473,0.9454177379185161,1.0,3762.5037106547256,1000.0,3764.313098533971,1000.0,0.04996989945507273,0.0
7530,1710918180000.0,0.0,0.0,600.0,0.002153808311047403,0.0,0.0,0.002227,0.9454177379185161,1.0,3768.9740467886,1000.0,3769.0179618019715,1000.0,0.00034287447209395053,0.0
7531,1710921780000.0,0.0,0.0,0.0,0.002153808311047403,0.0,0.0,0.002229,0.9454177379185161,1.0,3769.0294522099716,1000.0,3769.0294522099716,1000.0,0.0,0.0
7532,1710925380000.0,0.0,0.0,0.0,0.002153808311047403,0.0,0.0,0.0022256,0.9454177379185161,1.0,3769.0294522099716,1000.0,3769.0294522099716,1000.0,0.0,0.0
7533,1710928980000.0,0.0,0.0,0.0,0.002153808311047403,0.0,0.0,0.0022892,0.9454177379185161,1.0,3769.0294522099716,1000.0,3769.0294522099716,1000.0,0.0,0.0
7534,1710932580000.0,0.0,0.0,0.0,0.002153808311047403,0.0,0.0,0.0022621,0.9454177379185161,1.0,3769.0294522099716,1000.0,3769.0294522099716,1000.0,0.0,0.0
7535,1710936180000.0,0.0,0.0,0.0,0.002153808311047403,0.0,0.0,0.0024656,0.9454177379185161,1.0,3769.0294522099716,1000.0,3769.0294522099716,1000.0,0.0,0.0
7536,1710939780000.0,0.0,0.0,0.0,0.002153808311047403,0.0,0.0,0.0025432,0.9454177379185161,1.0,3769.0294522099716,1000.0,3769.0294522099716,1000.0,0.0,0.0
7537,1710943380000.0,0.0,0.0,0.0,0.002153808311047403,0.0,0.0,0.0024472,0.9454177379185161,1.0,3769.0294522099716,1000.0,3769.0294522099716,1000.0,0.0,0.0
7538,1710946980000.0,0.0,0.0,0.0,0.002153808311047403,0.0,0.0,0.0024801,0.9454177379185161,1.0,3769.0294522099716,1000.0,3769.0294522099716,1000.0,0.0,0.0
7539,1710950580000.0,0.0,0.0,0.0,0.002153808311047403,0.0,0.0,0.0023935,0.9454177379185161,1.0,3769.0294522099716,1000.0,3769.0294522099716,1000.0,0.0,0.0
7540,1710954180000.0,0.0,0.0,7300.0,0.002294049878345499,0.0,0.0,0.0023395,0.9454177379185161,1.0,3772.217869661894,1000.0,3772.5496555499717,1000.0,0.004439447744152473,0.0
7541,1710957780000.0,0.0,0.0,0.0,0.002294049878345499,0.0,0.0,0.0024338,0.9454177379185161,1.0,3772.8362618639712,1000.0,3772.8362618639712,1000.0,0.0,0.0
7542,1710961380000.0,0.0,0.0,0.0,0.002294049878345499,0.0,0.0,0.0025144,0.9454177379185161,1.0,3772.8362618639712,1000.0,3772.8362618639712,1000.0,0.0,0.0
7543,1710964980000.0,0.0,0.0,0.0,0.002294049878345499,0.0,0.0,0.0027381,0.9454177379185161,1.0,3772.8362618639712,1000.0,3772.8362618639712,1000.0,0.0,0.0
7544,1710968580000.0,0.0,0.0,0.0,0.002294049878345499,0.0,0.0,0.0027748,0.9454177379185161,1.0,3772.8362618639712,1000.0,3772.8362618639712,1000.0,0.0,0.0
7545,1710972180000.0,0.0,0.0,0.0,0.002294049878345499,0.0,0.0,0.0028327,0.9454177379185161,1.0,3772.8362618639712,1000.0,3772.8362618639712,1000.0,0.0,0.0
7546,1710975780000.0,0.0,0.0,0.0,0.002294049878345499,0.0,0.0,0.0027503,0.9454177379185161,1.0,3772.8362618639712,1000.0,3772.8362618639712,1000.0,0.0,0.0
7547,1710979380000.0,0.0,0.0,0.0,0.002294049878345499,0.0,0.0,0.0027714,0.9454177379185161,1.0,3772.8362618639712,1000.0,3772.8362618639712,1000.0,0.0,0.0
7548,1710982980000.0,0.0,0.0,0.0,0.002294049878345499,0.0,0.0,0.0027242,0.9454177379185161,1.0,3772.8362618639712,1000.0,3772.8362618639712,1000.0,0.0,0.0
7549,1710986580000.0,0.0,0.0,0.0,0.002294049878345499,0.0,0.0,0.0026717,0.9454177379185161,1.0,3772.8362618639712,1000.0,3772.8362618639712,1000.0,0.0,0.0
7550,1710990180000.0,0.0,0.0,0.0,0.002294049878345499,0.0,0.0,0.002604,0.9454177379185161,1.0,3772.8362618639712,1000.0,3772.8362618639712,1000.0,0.0,0.0
7551,1710993780000.0,0.0,0.0,0.0,0.002294049878345499,0.0,0.0,0.0025461,0.9454177379185161,1.0,3772.8362618639712,1000.0,3772.8362618639712,1000.0,0.0,0.0
7552,1710997380000.0,0.0,0.0,85300.0,0.0024879759075881365,0.0,0.0,0.0025095,0.9454177379185161,1.0,3773.4398039672387,1000.0,3775.2758090499706,1000.0,0.05624161400273144,0.0
7553,1711000980000.0,0.0,0.0,5400.0,0.002488094769976657,0.0,0.0,0.0025829,0.9454177379185161,1.0,3777.839119657845,1000.0,3778.351067899971,1000.0,0.003556454187782037,0.0
7554,1711004580000.0,0.0,0.0,0.0,0.002488094769976657,0.0,0.0,0.0027448,0.9454177379185161,1.0,3778.5248230519715,1000.0,3778.5248230519715,1000.0,0.0,0.0
7555,1711008180000.0,0.0,0.0,0.0,0.002488094769976657,0.0,0.0,0.0026636,0.9454177379185161,1.0,3778.5248230519715,1000.0,3778.5248230519715,1000.0,0.0,0.0
7556,1711011780000.0,0.0,0.0,0.0,0.002488094769976657,0.0,0.0,0.002646,0.9454177379185161,1.0,3778.5248230519715,1000.0,3778.5248230519715,1000.0,0.0,0.0
7557,1711015380000.0,0.0,0.0,73800.0,0.0025616,0.0,0.0,0.0025868,0.9454177379185161,1.0,3778.4870138359715,1000.0,3780.3467738359714,1000.0,0.05003221641565941,0.0
7558,1711018980000.0,0.0,0.0,0.0,0.0025616,0.0,0.0,0.0030513,0.9454177379185161,1.0,3785.043145567972,1000.0,3785.043145567972,1000.0,0.0,0.0
7559,1711022580000.0,0.0,0.0,0.0,0.0025616,0.0,0.0,0.0029958,0.9454177379185161,1.0,3785.043145567972,1000.0,3785.043145567972,1000.0,0.0,0.0
7560,1711026180000.0,0.0,0.0,0.0,0.0025616,0.0,0.0,0.0029972,0.9454177379185161,1.0,3785.043145567972,1000.0,3785.043145567972,1000.0,0.0,0.0
7561,1711029780000.0,0.0,0.0,0.0,0.0025616,0.0,0.0,0.0029248,0.9454177379185161,1.0,3785.043145567972,1000.0,3785.043145567972,1000.0,0.0,0.0
7562,1711033380000.0,0.0,0.0,0.0,0.0025616,0.0,0.0,0.00297,0.9454177379185161,1.0,3785.043145567972,1000.0,3785.043145567972,1000.0,0.0,0.0
7563,1711036980000.0,0.0,0.0,0.0,0.0025616,0.0,0.0,0.0028763,0.9454177379185161,1.0,3785.043145567972,1000.0,3785.043145567972,1000.0,0.0,0.0
7564,1711040580000.0,0.0,0.0,0.0,0.0025616,0.0,0.0,0.0029367,0.9454177379185161,1.0,3785.043145567972,1000.0,3785.043145567972,1000.0,0.0,0.0
7565,1711044180000.0,0.0,0.0,0.0,0.0025616,0.0,0.0,0.0028,0.9454177379185161,1.0,3785.043145567972,1000.0,3785.043145567972,1000.0,0.0,0.0
7566,1711047780000.0,0.0,0.0,44000.0,0.002746283131453953,0.0,0.0,0.002752,0.9454177379185161,1.0,3787.461791383945,1000.0,3787.713333599971,1000.0,0.03190433711010985,0.0
7567,1711051380000.0,0.0,0.0,0.0,0.0027496138445174036,0.0,0.0,0.0028482,0.9454177379185161,1.0,3791.8392949899708,1000.0,3791.8392949899708,1000.0,0.0,0.0
7568,1711054980000.0,0.0,0.0,0.0,0.0027496138445174036,0.0,0.0,0.0028656,0.9454177379185161,1.0,3791.8392949899708,1000.0,3791.8392949899708,1000.0,0.0,0.0
7569,1711058580000.0,0.0,0.0,0.0,0.0027496138445174036,0.0,0.0,0.0028914,0.9454177379185161,1.0,3791.8392949899708,1000.0,3791.8392949899708,1000.0,0.0,0.0
7570,1711062180000.0,0.0,0.0,0.0,0.0027496138445174036,0.0,0.0,0.0028633,0.9454177379185161,1.0,3791.8392949899708,1000.0,3791.8392949899708,1000.0,0.0,0.0
7571,1711065780000.0,0.0,0.0,0.0,0.0027496138445174036,0.0,0.0,0.0028486,0.9454177379185161,1.0,3791.8392949899708,1000.0,3791.8392949899708,1000.0,0.0,0.0
7572,1711069380000.0,0.0,0.0,51000.0,0.0027847505116533385,0.0,0.0,0.0028022,0.9454177379185161,1.0,3792.41124411829,1000.0,3793.3011680239697,1000.0,0.03744907051274696,0.0
7573,1711072980000.0,0.0,0.0,68000.0,0.002788795495892258,0.0,0.0,0.0027427,0.9454177379185161,1.0,3793.991216718643,1000.0,3790.8567229979694,1000.0,0.049983798825103294,0.0
7574,1711076580000.0,0.0,0.0,68800.0,0.0027521093280822306,0.0,0.0,0.0027876,0.9454177379185161,1.0,3795.8474154180262,1000.0,3798.2891736459687,1000.0,0.049882174136655966,0.0
7575,1711080180000.0,0.0,0.0,700.0,0.0027622426416271904,0.0,0.0,0.0028703,0.9454177379185161,1.0,3801.2884450451083,1000.0,3801.3640851959694,1000.0,0.0005086617017078505,0.0
7576,1711083780000.0,0.0,0.0,0.0,0.0027622426416271904,0.0,0.0,0.0028842,0.9454177379185161,1.0,3801.387128663969,1000.0,3801.387128663969,1000.0,0.0,0.0
7577,1711087380000.0,0.0,0.0,0.0,0.0027622426416271904,0.0,0.0,0.0030211,0.9454177379185161,1.0,3801.387128663969,1000.0,3801.387128663969,1000.0,0.0,0.0
7578,1711090980000.0,0.0,0.0,0.0,0.0027622426416271904,0.0,0.0,0.0029854,0.9454177379185161,1.0,3801.387128663969,1000.0,3801.387128663969,1000.0,0.0,0.0
7579,1711094580000.0,0.0,0.0,0.0,0.0027622426416271904,0.0,0.0,0.0029121,0.9454177379185161,1.0,3801.387128663969,1000.0,3801.387128663969,1000.0,0.0,0.0
7580,1711098180000.0,0.0,0.0,0.0,0.0027622426416271904,0.0,0.0,0.0029226,0.9454177379185161,1.0,3801.387128663969,1000.0,3801.387128663969,1000.0,0.0,0.0
7581,1711101780000.0,0.0,0.0,66900.0,0.0028401,0.0,0.0,0.0028265,0.9454177379185161,1.0,3801.3491281259694,1000.0,3800.4392881259696,1000.0,0.04998296225784176,0.0
7582,1711105380000.0,0.0,0.0,126300.0,0.0027975856780366104,0.0,0.0,0.0027458,0.9454177379185161,1.0,3801.509664877993,1000.0,3794.9691337419695,1000.0,0.09294598785331877,0.0
7583,1711108980000.0,0.0,0.0,280000.0,0.002734665289771514,0.0,0.0,0.0026787,0.9454177379185161,1.0,3801.427190635993,1000.0,3785.7569094999694,1000.0,0.20142600206106231,0.0
7584,1711112580000.0,0.0,0.0,190000.0,0.002702141669742068,0.0,0.0,0.0026737,0.9454177379185161,1.0,3802.2445302749625,1000.0,3796.8406130239696,1000.0,0.13502732745436166,0.0
7585,1711116180000.0,0.0,0.0,270700.0,0.002672824444961186,0.0,0.0,0.0026162,0.9454177379185161,1.0,3802.2025049429626,1000.0,3786.8742676919696,1000.0,0.19029327772794333,0.0
7586,1711119780000.0,0.0,0.0,385700.0,0.00263948295890846,0.0,0.0,0.0025593,0.9454177379185161,1.0,3802.1436019429625,1000.0,3771.2170346919697,1000.0,0.26775647735418306,0.0
7587,1711123380000.0,0.0,0.0,72200.0,0.0026419661753117533,0.0,0.0,0.0026167,0.9454177379185161,1.0,3806.281033391477,1000.0,3804.4568155339684,1000.0,0.05011452285948164,0.0
7588,1711126980000.0,0.0,0.0,72200.0,0.0026419661753117533,0.0,0.0,0.002602,0.9454177379185161,1.0,3806.281033391477,1000.0,3803.3954755339687,1000.0,0.05011452285948164,0.0
7589,1711130580000.0,0.0,0.0,72200.0,0.0026419661753117533,0.0,0.0,0.0026246,0.9454177379185161,1.0,3806.281033391477,1000.0,3805.0271955339686,1000.0,0.05011452285948164,0.0
7590,1711134180000.0,0.0,0.0,58400.0,0.0026515730362508573,0.0,0.0,0.0026481,0.9454177379185161,1.0,3806.7419941710186,1000.0,3806.5391688539685,1000.0,0.040678319033484074,0.0
7591,1711137780000.0,0.0,0.0,71900.0,0.0026496685533767394,0.0,0.0,0.0026182,0.9454177379185161,1.0,3806.8015143637563,1000.0,3804.5389253759686,1000.0,0.05004494410043554,0.0
7592,1711141380000.0,0.0,0.0,145800.0,0.002611974204305813,0.0,0.0,0.0025823,0.9454177379185161,1.0,3806.763451429756,1000.0,3802.4369524419685,1000.0,0.10003927058949665,0.0
7593,1711144980000.0,0.0,0.0,99800.0,0.002553457801357194,0.0,0.0,0.002558,0.9454177379185161,1.0,3807.7406587934174,1000.0,3808.1939702179693,1000.0,0.0669255370601314,0.0
7594,1711148580000.0,0.0,0.0,74900.0,0.002553457801357194,0.0,0.0,0.0025408,0.9454177379185161,1.0,3807.8634262176233,1000.0,3806.9153568959696,1000.0,0.05022606325763834,0.0
7595,1711152180000.0,0.0,0.0,72800.0,0.002588504277058358,0.0,0.0,0.0025922,0.9454177379185161,1.0,3810.2123735778187,1000.0,3810.4814222079704,1000.0,0.049457377409359196,0.0
7596,1711155780000.0,0.0,0.0,73500.0,0.002589043177243352,0.0,0.0,0.0025763,0.9454177379185161,1.0,3810.2931611073564,1000.0,3809.35653757997,1000.0,0.04994226572111908,0.0
7597,1711159380000.0,0.0,0.0,54900.0,0.002597129755868751,0.0,0.0,0.0026123,0.9454177379185161,1.0,3811.695869309164,1000.0,3812.5287157119697,1000.0,0.037406558258027085,0.0
7598,1711162980000.0,0.0,0.0,74600.0,0.0025921205078759946,0.0,0.0,0.0025494,0.9454177379185161,1.0,3811.898697513519,1000.0,3808.7117476259696,1000.0,0.050728575240912045,0.0
7599,1711166580000.0,0.0,0.0,150300.0,0.002555393412425477,0.0,0.0,0.0025096,0.9454177379185161,1.0,3811.860556825519,1000.0,3804.9778069379695,1000.0,0.1007580482449242,0.0
7600,1711170180000.0,0.0,0.0,62600.0,0.0025569066546670505,0.0,0.0,0.00256,0.9454177379185161,1.0,3812.400689454127,1000.0,3812.59433287197,1000.0,0.04198466258410934,0.0
7601,1711173780000.0,0.0,0.0,74400.0,0.0025589441710753497,0.0,0.0,0.0025503,0.9454177379185161,1.0,3812.5858683559754,1000.0,3811.9427420279694,1000.0,0.0499360415481218,0.0
7602,1711177380000.0,0.0,0.0,6600.0,0.002560875299407867,0.0,0.0,0.0026122,0.9454177379185161,1.0,3815.843646264061,1000.0,3816.1823892879693,1000.0,0.004429368323998226,0.0
7603,1711180980000.0,0.0,0.0,700.0,0.002560875299407867,0.0,0.0,0.0026431,0.9454177379185161,1.0,3816.1203742035555,1000.0,3816.17793149397,1000.0,0.00046974742246164993,0.0
7604,1711184580000.0,0.0,0.0,0.0,0.002560875299407867,0.0,0.0,0.0027148,0.9454177379185161,1.0,3816.1992871139696,1000.0,3816.1992871139696,1000.0,0.0,0.0
7605,1711188180000.0,0.0,0.0,0.0,0.002560875299407867,0.0,0.0,0.0028008,0.9454177379185161,1.0,3816.1992871139696,1000.0,3816.1992871139696,1000.0,0.0,0.0
7606,1711191780000.0,0.0,0.0,0.0,0.002560875299407867,0.0,0.0,0.0027694,0.9454177379185161,1.0,3816.1992871139696,1000.0,3816.1992871139696,1000.0,0.0,0.0
7607,1711195380000.0,0.0,0.0,0.0,0.002560875299407867,0.0,0.0,0.002803,0.9454177379185161,1.0,3816.1992871139696,1000.0,3816.1992871139696,1000.0,0.0,0.0
7608,1711198980000.0,0.0,0.0,0.0,0.002560875299407867,0.0,0.0,0.002896,0.9454177379185161,1.0,3816.1992871139696,1000.0,3816.1992871139696,1000.0,0.0,0.0
7609,1711202580000.0,0.0,0.0,0.0,0.002560875299407867,0.0,0.0,0.0028605,0.9454177379185161,1.0,3816.1992871139696,1000.0,3816.1992871139696,1000.0,0.0,0.0
7610,1711206180000.0,0.0,0.0,0.0,0.002560875299407867,0.0,0.0,0.0029659,0.9454177379185161,1.0,3816.1992871139696,1000.0,3816.1992871139696,1000.0,0.0,0.0
7611,1711209780000.0,0.0,0.0,0.0,0.002560875299407867,0.0,0.0,0.0028397,0.9454177379185161,1.0,3816.1992871139696,1000.0,3816.1992871139696,1000.0,0.0,0.0
7612,1711213380000.0,0.0,0.0,0.0,0.002560875299407867,0.0,0.0,0.0028312,0.9454177379185161,1.0,3816.1992871139696,1000.0,3816.1992871139696,1000.0,0.0,0.0
7613,1711216980000.0,0.0,0.0,0.0,0.002560875299407867,0.0,0.0,0.0029154,0.9454177379185161,1.0,3816.1992871139696,1000.0,3816.1992871139696,1000.0,0.0,0.0
7614,1711220580000.0,0.0,0.0,0.0,0.002560875299407867,0.0,0.0,0.0029971,0.9454177379185161,1.0,3816.1992871139696,1000.0,3816.1992871139696,1000.0,0.0,0.0
7615,1711224180000.0,0.0,0.0,0.0,0.002560875299407867,0.0,0.0,0.0029147,0.9454177379185161,1.0,3816.1992871139696,1000.0,3816.1992871139696,1000.0,0.0,0.0
7616,1711227780000.0,0.0,0.0,0.0,0.002560875299407867,0.0,0.0,0.0028601,0.9454177379185161,1.0,3816.1992871139696,1000.0,3816.1992871139696,1000.0,0.0,0.0
7617,1711231380000.0,0.0,0.0,0.0,0.002560875299407867,0.0,0.0,0.0028661,0.9454177379185161,1.0,3816.1992871139696,1000.0,3816.1992871139696,1000.0,0.0,0.0
7618,1711234980000.0,0.0,0.0,0.0,0.002560875299407867,0.0,0.0,0.0028425,0.9454177379185161,1.0,3816.1992871139696,1000.0,3816.1992871139696,1000.0,0.0,0.0
7619,1711238580000.0,0.0,0.0,68300.0,0.0027925021256664144,0.0,0.0,0.0027857,0.9454177379185161,1.0,3816.388432338986,1000.0,3815.92384715597,1000.0,0.049976017526633915,0.0
7620,1711242180000.0,0.0,0.0,6100.0,0.0027925021256664144,0.0,0.0,0.0028499,0.9454177379185161,1.0,3819.568658274535,1000.0,3819.91878530797,1000.0,0.004459734721527494,0.0
7621,1711245780000.0,0.0,0.0,51300.0,0.0027945606095063982,0.0,0.0,0.0027967,0.9454177379185161,1.0,3820.2429197196484,1000.0,3820.35267045197,1000.0,0.03752666055021414,0.0
7622,1711249380000.0,0.0,0.0,68400.0,0.002793567915964249,0.0,0.0,0.0027807,0.9454177379185161,1.0,3820.8813589139245,1000.0,3820.0011934619697,1000.0,0.050009416022869825,0.0
7623,1711252980000.0,0.0,0.0,68400.0,0.002793567915964249,0.0,0.0,0.0027618,0.9454177379185161,1.0,3820.8813589139245,1000.0,3818.70843346197,1000.0,0.050009416022869825,0.0
7624,1711256580000.0,0.0,0.0,138800.0,0.0027538193476365613,0.0,0.0,0.0027241,0.9454177379185161,1.0,3820.8431288979245,1000.0,3816.71808344597,1000.0,0.10003816240479999,0.0
7625,1711260180000.0,0.0,0.0,104100.0,0.0027538193476365613,0.0,0.0,0.0027322,0.9454177379185161,1.0,3821.0280352169357,1000.0,3818.7774611279697,1000.0,0.07502499103561025,0.0
7626,1711263780000.0,0.0,0.0,104100.0,0.0027538193476365613,0.0,0.0,0.0026945,0.9454177379185161,1.0,3821.0280352169357,1000.0,3814.8528911279695,1000.0,0.07502499103561025,0.0
7627,1711267380000.0,0.0,0.0,104100.0,0.0027538193476365613,0.0,0.0,0.0027138,0.9454177379185161,1.0,3821.0280352169357,1000.0,3816.8620211279695,1000.0,0.07502499103561025,0.0
7628,1711270980000.0,0.0,0.0,44000.0,0.0027538193476365613,0.0,0.0,0.0027573,0.9454177379185161,1.0,3821.348290829978,1000.0,3821.5014395339695,1000.0,0.031708193567902075,0.0
7629,1711274580000.0,0.0,0.0,69400.0,0.0027533896033430333,0.0,0.0,0.0027298,0.9454177379185161,1.0,3821.386864825976,1000.0,3819.7497463539694,1000.0,0.050004159545021215,0.0
7630,1711278180000.0,0.0,0.0,69600.0,0.002748371658268597,0.0,0.0,0.0027203,0.9454177379185161,1.0,3821.6406794814634,1000.0,3819.686892065969,1000.0,0.05005354596587792,0.0
7631,1711281780000.0,0.0,0.0,69600.0,0.002748371658268597,0.0,0.0,0.0027325,0.9454177379185161,1.0,3821.6406794814634,1000.0,3820.536012065969,1000.0,0.05005354596587792,0.0
7632,1711285380000.0,0.0,0.0,0.0,0.002741739003346087,0.0,0.0,0.0028304,0.9454177379185161,1.0,3826.6027023939696,1000.0,3826.6027023939696,1000.0,0.0,0.0
7633,1711288980000.0,0.0,0.0,0.0,0.002741739003346087,0.0,0.0,0.0028194,0.9454177379185161,1.0,3826.6027023939696,1000.0,3826.6027023939696,1000.0,0.0,0.0
7634,1711292580000.0,0.0,0.0,0.0,0.002741739003346087,0.0,0.0,0.0029097,0.9454177379185161,1.0,3826.6027023939696,1000.0,3826.6027023939696,1000.0,0.0,0.0
7635,1711296180000.0,0.0,0.0,0.0,0.002741739003346087,0.0,0.0,0.0029829,0.9454177379185161,1.0,3826.6027023939696,1000.0,3826.6027023939696,1000.0,0.0,0.0
7636,1711299780000.0,0.0,0.0,0.0,0.002741739003346087,0.0,0.0,0.0028398,0.9454177379185161,1.0,3826.6027023939696,1000.0,3826.6027023939696,1000.0,0.0,0.0
7637,1711303380000.0,0.0,0.0,38700.0,0.0027880956249893753,0.0,0.0,0.0028296,0.9454177379185161,1.0,3828.1220358870587,1000.0,3829.7282551999697,1000.0,0.028185961595679963,0.0
7638,1711306980000.0,0.0,0.0,3500.0,0.0027880956249893753,0.0,0.0,0.0028456,0.9454177379185161,1.0,3829.918518399433,1000.0,3830.1197837119703,1000.0,0.002547922270560715,0.0
7639,1711310580000.0,0.0,0.0,300.0,0.0027880956249893753,0.0,0.0,0.0028765,0.9454177379185161,1.0,3830.177785797467,1000.0,3830.20430710997,1000.0,0.00021837855427973637,0.0
7640,1711314180000.0,0.0,0.0,0.0,0.0027880956249893753,0.0,0.0,0.003119,0.9454177379185161,1.0,3830.206803985971,1000.0,3830.206803985971,1000.0,0.0,0.0
7641,1711317780000.0,0.0,0.0,0.0,0.0027880956249893753,0.0,0.0,0.0030667,0.9454177379185161,1.0,3830.206803985971,1000.0,3830.206803985971,1000.0,0.0,0.0
7642,1711321380000.0,0.0,0.0,0.0,0.0027880956249893753,0.0,0.0,0.0032074,0.9454177379185161,1.0,3830.206803985971,1000.0,3830.206803985971,1000.0,0.0,0.0
7643,1711324980000.0,0.0,0.0,0.0,0.0027880956249893753,0.0,0.0,0.0031012,0.9454177379185161,1.0,3830.206803985971,1000.0,3830.206803985971,1000.0,0.0,0.0
7644,1711328580000.0,0.0,0.0,0.0,0.0027880956249893753,0.0,0.0,0.0030754,0.9454177379185161,1.0,3830.206803985971,1000.0,3830.206803985971,1000.0,0.0,0.0
7645,1711332180000.0,0.0,0.0,0.0,0.0027880956249893753,0.0,0.0,0.0030169,0.9454177379185161,1.0,3830.206803985971,1000.0,3830.206803985971,1000.0,0.0,0.0
7646,1711335780000.0,0.0,0.0,0.0,0.0027880956249893753,0.0,0.0,0.0029977,0.9454177379185161,1.0,3830.206803985971,1000.0,3830.206803985971,1000.0,0.0,0.0
7647,1711339380000.0,0.0,0.0,0.0,0.0027880956249893753,0.0,0.0,0.0029983,0.9454177379185161,1.0,3830.206803985971,1000.0,3830.206803985971,1000.0,0.0,0.0
7648,1711342980000.0,0.0,0.0,0.0,0.0027880956249893753,0.0,0.0,0.0030282,0.9454177379185161,1.0,3830.206803985971,1000.0,3830.206803985971,1000.0,0.0,0.0
7649,1711346580000.0,0.0,0.0,0.0,0.0027880956249893753,0.0,0.0,0.0030248,0.9454177379185161,1.0,3830.206803985971,1000.0,3830.206803985971,1000.0,0.0,0.0
7650,1711350180000.0,0.0,0.0,0.0,0.0027880956249893753,0.0,0.0,0.0030562,0.9454177379185161,1.0,3830.206803985971,1000.0,3830.206803985971,1000.0,0.0,0.0
7651,1711353780000.0,0.0,0.0,52800.0,0.0029451879621301773,0.0,0.0,0.0029334,0.9454177379185161,1.0,3830.402188098444,1000.0,3829.7797836979707,1000.0,0.04059780586060921,0.0
7652,1711357380000.0,0.0,0.0,65100.0,0.0029430465710230578,0.0,0.0,0.002933,0.9454177379185161,1.0,3830.879582681573,1000.0,3830.225550907972,1000.0,0.0500126218113827,0.0
7653,1711360980000.0,0.0,0.0,36700.0,0.0029415979730935673,0.0,0.0,0.0029638,0.9454177379185161,1.0,3831.268277112506,1000.0,3832.083091499972,1000.0,0.02817778286565124,0.0
7654,1711364580000.0,0.0,0.0,65200.0,0.002940241624220985,0.0,0.0,0.0029258,0.9454177379185161,1.0,3831.49948548718,1000.0,3830.557891587972,1000.0,0.050033610763967735,0.0
7655,1711368180000.0,0.0,0.0,65200.0,0.002940241624220985,0.0,0.0,0.0029034,0.9454177379185161,1.0,3831.49948548718,1000.0,3829.097411587972,1000.0,0.050033610763967735,0.0
7656,1711371780000.0,0.0,0.0,65200.0,0.002940241624220985,0.0,0.0,0.0029318,0.9454177379185161,1.0,3831.49948548718,1000.0,3830.949091587972,1000.0,0.050033610763967735,0.0
7657,1711375380000.0,0.0,0.0,48900.0,0.002940241624220985,0.0,0.0,0.0029826,0.9454177379185161,1.0,3831.5918914223785,1000.0,3833.663215997972,1000.0,0.03752430308308028,0.0
7658,1711378980000.0,0.0,0.0,0.0,0.002937380205266149,0.0,0.0,0.0033797,0.9454177379185161,1.0,3834.7878307599713,1000.0,3834.7878307599713,1000.0,0.0,0.0
7659,1711382580000.0,0.0,0.0,0.0,0.002937380205266149,0.0,0.0,0.0032196,0.9454177379185161,1.0,3834.7878307599713,1000.0,3834.7878307599713,1000.0,0.0,0.0
7660,1711386180000.0,0.0,0.0,0.0,0.002937380205266149,0.0,0.0,0.0032296,0.9454177379185161,1.0,3834.7878307599713,1000.0,3834.7878307599713,1000.0,0.0,0.0
7661,1711389780000.0,0.0,0.0,0.0,0.002937380205266149,0.0,0.0,0.0031391,0.9454177379185161,1.0,3834.7878307599713,1000.0,3834.7878307599713,1000.0,0.0,0.0
7662,1711393380000.0,0.0,0.0,0.0,0.002937380205266149,0.0,0.0,0.0031529,0.9454177379185161,1.0,3834.7878307599713,1000.0,3834.7878307599713,1000.0,0.0,0.0
7663,1711396980000.0,0.0,0.0,0.0,0.002937380205266149,0.0,0.0,0.0031509,0.9454177379185161,1.0,3834.7878307599713,1000.0,3834.7878307599713,1000.0,0.0,0.0
7664,1711400580000.0,0.0,0.0,0.0,0.002937380205266149,0.0,0.0,0.0031417,0.9454177379185161,1.0,3834.7878307599713,1000.0,3834.7878307599713,1000.0,0.0,0.0
7665,1711404180000.0,0.0,0.0,0.0,0.002937380205266149,0.0,0.0,0.003069,0.9454177379185161,1.0,3834.7878307599713,1000.0,3834.7878307599713,1000.0,0.0,0.0
7666,1711407780000.0,0.0,0.0,0.0,0.002937380205266149,0.0,0.0,0.0030955,0.9454177379185161,1.0,3834.7878307599713,1000.0,3834.7878307599713,1000.0,0.0,0.0
7667,1711411380000.0,0.0,0.0,28800.0,0.0030422,0.0,0.0,0.003048,0.9454177379185161,1.0,3835.0338705059717,1000.0,3835.2009105059715,1000.0,0.022846045943380563,0.0
7668,1711414980000.0,0.0,0.0,1000.0,0.0030422,0.0,0.0,0.0030761,0.9454177379185161,1.0,3835.954428341972,1000.0,3835.9883283419717,1000.0,0.0007930751151584825,0.0
7669,1711418580000.0,0.0,0.0,500.0,0.0030422,0.0,0.0,0.0031111,0.9454177379185161,1.0,3835.9822684919723,1000.0,3836.0167184919724,1000.0,0.00039653467965533254,0.0
7670,1711422180000.0,0.0,0.0,500.0,0.0030422,0.0,0.0,0.0031332,0.9454177379185161,1.0,3835.9822684919723,1000.0,3836.0277684919724,1000.0,0.00039653467965533254,0.0
7671,1711425780000.0,0.0,0.0,0.0,0.0030422,0.0,0.0,0.0031572,0.9454177379185161,1.0,3836.035003661972,1000.0,3836.035003661972,1000.0,0.0,0.0
7672,1711429380000.0,0.0,0.0,0.0,0.0030422,0.0,0.0,0.0031571,0.9454177379185161,1.0,3836.035003661972,1000.0,3836.035003661972,1000.0,0.0,0.0
7673,1711432980000.0,0.0,0.0,0.0,0.0030422,0.0,0.0,0.0031831,0.9454177379185161,1.0,3836.035003661972,1000.0,3836.035003661972,1000.0,0.0,0.0
7674,1711436580000.0,0.0,0.0,0.0,0.0030422,0.0,0.0,0.0032386,0.9454177379185161,1.0,3836.035003661972,1000.0,3836.035003661972,1000.0,0.0,0.0
7675,1711440180000.0,0.0,0.0,0.0,0.0030422,0.0,0.0,0.0032522,0.9454177379185161,1.0,3836.035003661972,1000.0,3836.035003661972,1000.0,0.0,0.0
7676,1711443780000.0,0.0,0.0,0.0,0.0030422,0.0,0.0,0.0033038,0.9454177379185161,1.0,3836.035003661972,1000.0,3836.035003661972,1000.0,0.0,0.0
7677,1711447380000.0,0.0,0.0,0.0,0.0030422,0.0,0.0,0.0032779,0.9454177379185161,1.0,3836.035003661972,1000.0,3836.035003661972,1000.0,0.0,0.0
7678,1711450980000.0,0.0,0.0,0.0,0.0030422,0.0,0.0,0.0031885,0.9454177379185161,1.0,3836.035003661972,1000.0,3836.035003661972,1000.0,0.0,0.0
7679,1711454580000.0,0.0,0.0,61200.0,0.00313544585375817,0.0,0.0,0.0031082,0.9454177379185161,1.0,3836.6120682719725,1000.0,3834.9446220219725,1000.0,0.050015295483451835,0.0
7680,1711458180000.0,0.0,0.0,25900.0,0.003134784928306153,0.0,0.0,0.0031448,0.9454177379185161,1.0,3837.0175112911015,1000.0,3837.276901647972,1000.0,0.021159905943668674,0.0
7681,1711461780000.0,0.0,0.0,61300.0,0.003133748018748128,0.0,0.0,0.003089,0.9454177379185161,1.0,3837.161068621232,1000.0,3834.4180150719717,1000.0,0.05006272869809062,0.0
7682,1711465380000.0,0.0,0.0,62100.0,0.003088885783944466,0.0,0.0,0.0030727,0.9454177379185161,1.0,3837.6144663489235,1000.0,3836.609329165972,1000.0,0.04998412656220968,0.0
7683,1711468980000.0,0.0,0.0,70900.0,0.0030449744220869155,0.0,0.0,0.0030254,0.9454177379185161,1.0,3837.9020287679346,1000.0,3836.5142022419723,1000.0,0.05625174507001893,0.0
7684,1711472580000.0,0.0,0.0,101900.0,0.003003265217422403,0.0,0.0,0.0029983,0.9454177379185161,1.0,3838.0613711853152,1000.0,3837.5554155299724,1000.0,0.07973627726563169,0.0
7685,1711476180000.0,0.0,0.0,62200.0,0.0030635927058320863,0.0,0.0,0.0030559,0.9454177379185161,1.0,3842.201669486728,1000.0,3841.723183183972,1000.0,0.049595383765530375,0.0
7686,1711479780000.0,0.0,0.0,62500.0,0.003077925526796641,0.0,0.0,0.0030625,0.9454177379185161,1.0,3844.2830492567623,1000.0,3843.318953831972,1000.0,0.05004062993279908,0.0
7687,1711483380000.0,0.0,0.0,126800.0,0.0030341500427822563,0.0,0.0,0.0030118,0.9454177379185161,1.0,3844.2445772807623,1000.0,3841.410591855972,1000.0,0.10007953908513546,0.0
7688,1711486980000.0,0.0,0.0,126800.0,0.0030341500427822563,0.0,0.0,0.0029785,0.9454177379185161,1.0,3844.2445772807623,1000.0,3837.188151855972,1000.0,0.10007953908513546,0.0
7689,1711490580000.0,0.0,0.0,126800.0,0.0030341500427822563,0.0,0.0,0.0029741,0.9454177379185161,1.0,3844.2445772807623,1000.0,3836.6302318559724,1000.0,0.10007953908513546,0.0
7690,1711494180000.0,0.0,0.0,126800.0,0.0030341500427822563,0.0,0.0,0.0029549,0.9454177379185161,1.0,3844.2445772807623,1000.0,3834.1956718559723,1000.0,0.10007953908513546,0.0
7691,1711497780000.0,0.0,0.0,126800.0,0.0030341500427822563,0.0,0.0,0.0029726,0.9454177379185161,1.0,3844.2445772807623,1000.0,3836.4400318559724,1000.0,0.10007953908513546,0.0
7692,1711501380000.0,0.0,0.0,95100.0,0.0030341500427822563,0.0,0.0,0.0030382,0.9454177379185161,1.0,3844.429763520565,1000.0,3844.814914451972,1000.0,0.07505603868916906,0.0
7693,1711504980000.0,0.0,0.0,26900.0,0.0030341500427822563,0.0,0.0,0.0030384,0.9454177379185161,1.0,3845.712659886815,1000.0,3845.826983735972,1000.0,0.021223279888322403,0.0
7694,1711508580000.0,0.0,0.0,27000.0,0.00302089027453246,0.0,0.0,0.0030695,0.9454177379185161,1.0,3845.984656626348,1000.0,3847.2971192139717,1000.0,0.021207582633448,0.0
7695,1711512180000.0,0.0,0.0,1600.0,0.00302089027453246,0.0,0.0,0.0030703,0.9454177379185161,1.0,3847.3891335092244,1000.0,3847.4681890699726,1000.0,0.0012562868666324228,0.0
7696,1711515780000.0,0.0,0.0,35800.0,0.003023729412319805,0.0,0.0,0.0030423,0.9454177379185161,1.0,3847.652307795022,1000.0,3848.317134833973,1000.0,0.028133912396851597,0.0
7697,1711519380000.0,0.0,0.0,7200.0,0.003023729412319805,0.0,0.0,0.0030838,0.9454177379185161,1.0,3849.2354507186756,1000.0,3849.667958949973,1000.0,0.005655889863696919,0.0
7698,1711522980000.0,0.0,0.0,63500.0,0.00302813640580634,0.0,0.0,0.0029725,0.9454177379185161,1.0,3849.2013475566755,1000.0,3845.668435787973,1000.0,0.04995495023682218,0.0
7699,1711526580000.0,0.0,0.0,195600.0,0.0029515073198808925,0.0,0.0,0.0029218,0.9454177379185161,1.0,3849.1243419226757,1000.0,3843.313590153973,1000.0,0.1499860177237943,0.0
7700,1711530180000.0,0.0,0.0,397100.0,0.002879984240162938,0.0,0.0,0.0027697,0.9454177379185161,1.0,3849.0110765406757,1000.0,3805.217204771973,1000.0,0.2971261238345301,0.0
7701,1711533780000.0,0.0,0.0,223500.0,0.002879984240162938,0.0,0.0,0.0028627,0.9454177379185161,1.0,3849.9725670563894,1000.0,3846.109539379973,1000.0,0.16718988680185806,0.0
7702,1711537380000.0,0.0,0.0,223500.0,0.002879984240162938,0.0,0.0,0.0028279,0.9454177379185161,1.0,3849.9725670563894,1000.0,3838.3317393799725,1000.0,0.16718988680185806,0.0
7703,1711540980000.0,0.0,0.0,167700.0,0.002879984240162938,0.0,0.0,0.0028506,0.9454177379185161,1.0,3850.2816175792977,1000.0,3845.353880503973,1000.0,0.12543844971500392,0.0
7704,1711544580000.0,0.0,0.0,125800.0,0.002879984240162938,0.0,0.0,0.0028888,0.9454177379185161,1.0,3850.5136823984703,1000.0,3851.6227049859726,1000.0,0.09409186599405123,0.0
7705,1711548180000.0,0.0,0.0,591500.0,0.0027149068948079955,0.0,0.0,0.0026846,0.9454177379185161,1.0,3855.0414043689016,1000.0,3837.1148760899723,1000.0,0.4165629522056512,0.0
7706,1711551780000.0,0.0,0.0,79000.0,0.0027149068948079955,0.0,0.0,0.0027213,0.9454177379185161,1.0,3857.7314990298046,1000.0,3858.236554339973,1000.0,0.05559683060984712,0.0
7707,1711555380000.0,0.0,0.0,145700.0,0.002582926808715131,0.0,0.0,0.0026073,0.9454177379185161,1.0,3859.094726381768,1000.0,3862.6459003519735,1000.0,0.09751832041257989,0.0
7708,1711558980000.0,0.0,0.0,74000.0,0.002602299182821949,0.0,0.0,0.0026158,0.9454177379185161,1.0,3862.8898868847987,1000.0,3863.8889473559743,1000.0,0.049851314732691256,0.0
7709,1711562580000.0,0.0,0.0,73900.0,0.002617061615571931,0.0,0.0,0.0025994,0.9454177379185161,1.0,3863.7168546667413,1000.0,3862.4116612759753,1000.0,0.05005564865788986,0.0
7710,1711566180000.0,0.0,0.0,73900.0,0.002617061615571931,0.0,0.0,0.0025862,0.9454177379185161,1.0,3863.7168546667413,1000.0,3861.4361812759757,1000.0,0.05005564865788986,0.0
7711,1711569780000.0,0.0,0.0,73900.0,0.002617061615571931,0.0,0.0,0.0026194,0.9454177379185161,1.0,3863.7168546667413,1000.0,3863.8896612759754,1000.0,0.05005564865788986,0.0
7712,1711573380000.0,0.0,0.0,73400.0,0.002630073923971591,0.0,0.0,0.0026292,0.9454177379185161,1.0,3864.3348616514895,1000.0,3864.270715631975,1000.0,0.04995618468142088,0.0
7713,1711576980000.0,0.0,0.0,73000.0,0.002638332286812131,0.0,0.0,0.0026403,0.9454177379185161,1.0,3864.70811879326,1000.0,3864.8517618559745,1000.0,0.04983513657880679,0.0
7714,1711580580000.0,0.0,0.0,73100.0,0.002646199289166947,0.0,0.0,0.0026367,0.9454177379185161,1.0,3865.220781412079,1000.0,3864.526383373975,1000.0,0.050045567634414805,0.0
7715,1711584180000.0,0.0,0.0,72900.0,0.002647063662212145,0.0,0.0,0.002626,0.9454177379185161,1.0,3865.3035228772405,1000.0,3863.767981901975,1000.0,0.0499238778618923,0.0
7716,1711587780000.0,0.0,0.0,27200.0,0.0026625431689729323,0.0,0.0,0.0027505,0.9454177379185161,1.0,3869.1708254060386,1000.0,3871.5632512099746,1000.0,0.018717492058124296,0.0
7717,1711591380000.0,0.0,0.0,110200.0,0.0026368535060615414,0.0,0.0,0.0026684,0.9454177379185161,1.0,3871.719577391956,1000.0,3875.196001023974,1000.0,0.0750522476020129,0.0
7718,1711594980000.0,0.0,0.0,72900.0,0.0026577266881183284,0.0,0.0,0.0026498,0.9454177379185161,1.0,3875.6080095958005,1000.0,3875.0301540319742,1000.0,0.04999171099969751,0.0
7719,1711598580000.0,0.0,0.0,72800.0,0.00266034779752482,0.0,0.0,0.0026529,0.9454177379185161,1.0,3875.775256429781,1000.0,3875.233056769974,1000.0,0.049970214175476084,0.0
7720,1711602180000.0,0.0,0.0,73000.0,0.002656895321663509,0.0,0.0,0.0026605,0.9454177379185161,1.0,3876.0747271414107,1000.0,3876.3378686599744,1000.0,0.05003860145505398,0.0
7721,1711605780000.0,0.0,0.0,62800.0,0.002655089788011116,0.0,0.0,0.0026534,0.9454177379185161,1.0,3876.643763125073,1000.0,3876.537644437975,1000.0,0.04301133889916274,0.0
7722,1711609380000.0,0.0,0.0,4200.0,0.002655089788011116,0.0,0.0,0.0027015,0.9454177379185161,1.0,3878.808684599622,1000.0,3879.0036074899754,1000.0,0.002874948989859177,0.0
7723,1711612980000.0,0.0,0.0,300.0,0.002655089788011116,0.0,0.0,0.0027111,0.9454177379185161,1.0,3878.9981051503783,1000.0,3879.014908213975,1000.0,0.00020534347138394788,0.0
7724,1711616580000.0,0.0,0.0,0.0,0.002655089788011116,0.0,0.0,0.0027056,0.9454177379185161,1.0,3879.0126759619748,1000.0,3879.0126759619748,1000.0,0.0,0.0
7725,1711620180000.0,0.0,0.0,25000.0,0.0026685253094910592,0.0,0.0,0.0026899,0.9454177379185161,1.0,3879.304234903251,1000.0,3879.838602165975,1000.0,0.01719719019123033,0.0
7726,1711623780000.0,0.0,0.0,41000.0,0.0026680385295501183,0.0,0.0,0.0026898,0.9454177379185161,1.0,3879.628538269529,1000.0,3880.520758557974,1000.0,0.028195890053006732,0.0
7727,1711627380000.0,0.0,0.0,13800.0,0.002668354442860075,0.0,0.0,0.0027267,0.9454177379185161,1.0,3882.1332913794436,1000.0,3882.9384600679746,1000.0,0.00948532380205435,0.0
7728,1711630980000.0,0.0,0.0,58000.0,0.0026291215788638448,0.0,0.0,0.0026272,0.9454177379185161,1.0,3882.746471466077,1000.0,3882.635019891974,1000.0,0.03927350206734591,0.0
7729,1711634580000.0,0.0,0.0,55200.0,0.0026398303851214566,0.0,0.0,0.0026411,0.9454177379185161,1.0,3883.4351585346785,1000.0,3883.505241275974,1000.0,0.037523128701777486,0.0
7730,1711638180000.0,0.0,0.0,17800.0,0.002645922089358086,0.0,0.0,0.0026966,0.9454177379185161,1.0,3885.7466614565474,1000.0,3886.6487282659737,1000.0,0.012120556818009273,0.0
7731,1711641780000.0,0.0,0.0,1100.0,0.002645922089358086,0.0,0.0,0.002681,0.9454177379185161,1.0,3886.555591598268,1000.0,3886.5941772999745,1000.0,0.0007488672758433397,0.0
7732,1711645380000.0,0.0,0.0,73100.0,0.0026570302913583297,0.0,0.0,0.0026901,0.9454177379185161,1.0,3886.517327918268,1000.0,3888.934723619974,1000.0,0.04997505424794506,0.0
7733,1711648980000.0,0.0,0.0,21800.0,0.0026570302913583297,0.0,0.0,0.0027089,0.9454177379185161,1.0,3889.011968359586,1000.0,3890.1427280079743,1000.0,0.014894081278964038,0.0
7734,1711652580000.0,0.0,0.0,400.0,0.0026570302913583297,0.0,0.0,0.0027566,0.9454177379185161,1.0,3890.9833314085176,1000.0,3891.0231592919745,1000.0,0.0002731474349849242,0.0
7735,1711656180000.0,0.0,0.0,0.0,0.0026570302913583297,0.0,0.0,0.0027538,0.9454177379185161,1.0,3891.0201793159745,1000.0,3891.0201793159745,1000.0,0.0,0.0
7736,1711659780000.0,0.0,0.0,0.0,0.0026570302913583297,0.0,0.0,0.0027155,0.9454177379185161,1.0,3891.0201793159745,1000.0,3891.0201793159745,1000.0,0.0,0.0
7737,1711663380000.0,0.0,0.0,72400.0,0.00268585635359116,0.0,0.0,0.0026893,0.9454177379185161,1.0,3891.2111257659735,1000.0,3891.4604457659734,1000.0,0.04997313014253933,0.0
7738,1711666980000.0,0.0,0.0,54400.0,0.0026852899310344826,0.0,0.0,0.0026911,0.9454177379185161,1.0,3891.389184698249,1000.0,3891.705252449973,1000.0,0.03753923478604809,0.0
7739,1711670580000.0,0.0,0.0,40800.0,0.0026841153087713973,0.0,0.0,0.0026951,0.9454177379185161,1.0,3891.6890207278466,1000.0,3892.1371961299737,1000.0,0.028139942326992882,0.0
7740,1711674180000.0,0.0,0.0,46800.0,0.0026829585138393123,0.0,0.0,0.0026837,0.9454177379185161,1.0,3891.9622802856534,1000.0,3891.9969818379736,1000.0,0.03226199264152788,0.0
7741,1711677780000.0,0.0,0.0,72600.0,0.0026804555276055257,0.0,0.0,0.0026764,0.9454177379185161,1.0,3892.329700656134,1000.0,3892.0352693519726,1000.0,0.049996039973529756,0.0
7742,1711681380000.0,0.0,0.0,72600.0,0.0026804555276055257,0.0,0.0,0.0026532,0.9454177379185161,1.0,3892.329700656134,1000.0,3890.3509493519728,1000.0,0.049996039973529756,0.0
7743,1711684980000.0,0.0,0.0,72600.0,0.0026804555276055257,0.0,0.0,0.0026435,0.9454177379185161,1.0,3892.329700656134,1000.0,3889.6467293519727,1000.0,0.049996039973529756,0.0
7744,1711688580000.0,0.0,0.0,72600.0,0.0026804555276055257,0.0,0.0,0.0026346,0.9454177379185161,1.0,3892.329700656134,1000.0,3889.000589351973,1000.0,0.049996039973529756,0.0
7745,1711692180000.0,0.0,0.0,147300.0,0.0026423420319359207,0.0,0.0,0.0026126,0.9454177379185161,1.0,3892.290777474134,1000.0,3887.9097761699727,1000.0,0.09999689220463119,0.0
7746,1711695780000.0,0.0,0.0,147300.0,0.0026423420319359207,0.0,0.0,0.0026109,0.9454177379185161,1.0,3892.290777474134,1000.0,3887.6593661699726,1000.0,0.09999689220463119,0.0
7747,1711699380000.0,0.0,0.0,223500.0,0.0026126659566181702,0.0,0.0,0.0025719,0.9454177379185161,1.0,3892.2518347021337,1000.0,3883.140643397973,1000.0,0.15002391060568365,0.0
7748,1711702980000.0,0.0,0.0,223500.0,0.0026126659566181702,0.0,0.0,0.0025732,0.9454177379185161,1.0,3892.2518347021337,1000.0,3883.4311933979725,1000.0,0.15002391060568365,0.0
7749,1711706580000.0,0.0,0.0,318500.0,0.0025831470684589044,0.0,0.0,0.002515,0.9454177379185161,1.0,3892.2040744021338,1000.0,3870.4992330979726,1000.0,0.211379548856399,0.0
7750,1711710180000.0,0.0,0.0,318500.0,0.0025831470684589044,0.0,0.0,0.00251,0.9454177379185161,1.0,3892.2040744021338,1000.0,3868.906733097973,1000.0,0.211379548856399,0.0
7751,1711713780000.0,0.0,0.0,318500.0,0.0025831470684589044,0.0,0.0,0.002522,0.9454177379185161,1.0,3892.2040744021338,1000.0,3872.7287330979725,1000.0,0.211379548856399,0.0
7752,1711717380000.0,0.0,0.0,453900.0,0.0025493054005379183,0.0,0.0,0.0024896,0.9454177379185161,1.0,3892.137194926134,1000.0,3865.0369136219724,1000.0,0.2972993148372617,0.0
7753,1711720980000.0,0.0,0.0,453900.0,0.0025493054005379183,0.0,0.0,0.0024885,0.9454177379185161,1.0,3892.137194926134,1000.0,3864.5376236219727,1000.0,0.2972993148372617,0.0
7754,1711724580000.0,0.0,0.0,453900.0,0.0025493054005379183,0.0,0.0,0.0025002,0.9454177379185161,1.0,3892.137194926134,1000.0,3869.8482536219726,1000.0,0.2972993148372617,0.0
7755,1711728180000.0,0.0,0.0,453900.0,0.0025493054005379183,0.0,0.0,0.0024848,0.9454177379185161,1.0,3892.137194926134,1000.0,3862.8581936219725,1000.0,0.2972993148372617,0.0
7756,1711731780000.0,0.0,0.0,453900.0,0.0025493054005379183,0.0,0.0,0.0025175,0.9454177379185161,1.0,3892.137194926134,1000.0,3877.700723621973,1000.0,0.2972993148372617,0.0
7757,1711735380000.0,0.0,0.0,143700.0,0.0025493054005379183,0.0,0.0,0.0025394,0.9454177379185161,1.0,3893.652106091271,1000.0,3892.228700033972,1000.0,0.09408523824822464,0.0
7758,1711738980000.0,0.0,0.0,143700.0,0.0025493054005379183,0.0,0.0,0.0025425,0.9454177379185161,1.0,3893.652106091271,1000.0,3892.674170033972,1000.0,0.09408523824822464,0.0
7759,1711742580000.0,0.0,0.0,17200.0,0.0025493054005379183,0.0,0.0,0.0025844,0.9454177379185161,1.0,3894.625117953224,1000.0,3895.228745063972,1000.0,0.011258606813560541,0.0
7760,1711746180000.0,0.0,0.0,17200.0,0.0025493054005379183,0.0,0.0,0.0025645,0.9454177379185161,1.0,3894.625117953224,1000.0,3894.886465063972,1000.0,0.011258606813560541,0.0
7761,1711749780000.0,0.0,0.0,9700.0,0.0025493054005379183,0.0,0.0,0.0025504,0.9454177379185161,1.0,3894.66174539919,1000.0,3894.6723630139722,1000.0,0.006349270874275436,0.0
7762,1711753380000.0,0.0,0.0,5500.0,0.0025493054005379183,0.0,0.0,0.002568,0.9454177379185161,1.0,3894.682256768931,1000.0,3894.7850770659725,1000.0,0.003600083082153836,0.0
