timestamp,trade_id,timestamp,pnl,fee_paid,balance,equity,qty,price,psize,pprice,type,pcost,wallet_exposure,mins_since_prev_fill
1677774120000.0,2422,1677774120000.0,0.0,-0.0046733600000000005,999.99532664,999.98512664,0.001,23366.8,0.001,23366.8,long_ientry_normal,23.3668,0.02336690920197879,
1677806400000.0,2960,1677806400000.0,0.0,-0.00928444,999.9860422,999.6254422000001,0.002,23211.1,0.003,23263.0,long_rentry,69.789,0.06978997411450069,538.0
1677806460000.0,2961,1677806460000.0,0.0,-0.03232418,999.95371802,999.43981802,0.007,23088.7,0.01,23140.989999999998,long_rentry,231.4099,0.23142061060407157,1.0
1677806520000.0,2962,1677806520000.0,0.0,-0.15572544000000002,999.79799258,999.42449258,0.034,22900.8,0.044,22955.388636363637,long_rentry,1010.0371,1.0102411762135846,1.0
1677806580000.0,2963,1677806580000.0,-0.033954545454544134,-0.018357520000000002,999.7456805145455,1000.90213506,-0.004,22946.9,0.04,22955.388636363637,unstuck_close_long,918.2155454545455,0.9184491249634223,1.0
1677807060000.0,2971,1677807060000.0,0.0,-0.01794848,999.7277320345455,975.7637865800001,0.004,22435.6,0.044,22908.135123966942,long_rentry,1007.9579454545454,1.0082324548537336,8.0
1677863220000.0,3907,1677863220000.0,-2.1289404958677625,-0.017900720000000002,997.5808908186779,976.6314858600002,-0.004,22375.9,0.04,22908.135123966942,unstuck_close_long,916.3254049586777,0.9185474715806587,936.0
1677863280000.0,3908,1677863280000.0,0.0,-0.017907520000000003,997.5629832986779,976.6751783400001,0.004,22384.4,0.044,22860.522839969948,long_rentry,1005.8630049586776,1.008320298366078,1.0
1677919920000.0,4852,1677919920000.0,-2.1308913598797954,-0.01786224,995.4142296987981,974.1093161000002,-0.004,22327.8,0.04,22860.522839969948,unstuck_close_long,914.4209135987979,0.9186335560779477,944.0
1677919980000.0,4853,1677919980000.0,0.0,-0.017862320000000004,995.3963673787981,974.0870537800001,0.004,22327.9,0.044,22812.102581790863,long_rentry,1003.7325135987979,1.0083747002633248,1.0
1677976620000.0,5797,1677976620000.0,-1.9156103271634493,-0.017866560000000004,993.4628904916347,974.3107872200001,-0.004,22333.2,0.04,22812.102581790863,unstuck_close_long,912.4841032716346,0.918488362278005,944.0
1677983700000.0,5915,1677983700000.0,0.0,-0.017836400000000002,993.4450540916347,971.89215082,0.004,22295.5,0.044,22765.13871071897,long_rentry,1001.6661032716346,1.0082752932798251,118.0
1678033200000.0,6740,1678033200000.0,-1.4089548428758718,-0.01793032,992.0181689287588,978.0406205,-0.004,22412.9,0.04,22765.13871071897,unstuck_close_long,910.6055484287588,0.9179323292153869,825.0
1678068420000.0,7327,1678068420000.0,0.0,-0.01779984,992.0003690887588,973.96522066,0.004,22249.8,0.044,22718.289737017247,long_rentry,999.6047484287589,1.0076657021276971,587.0
1678089780000.0,7683,1678089780000.0,-1.3539589480689902,-0.01790384,990.6285063006898,977.1809168199999,-0.004,22379.8,0.04,22718.289737017247,unstuck_close_long,908.7315894806899,0.9173283261090194,356.0
1678146360000.0,8626,1678146360000.0,-1.3263589480689844,-0.017909360000000003,989.2842379926208,977.4262074599999,-0.004,22386.7,0.036,22718.289737017247,unstuck_close_long,817.8584305326208,0.8267173367607231,943.0
1678199460000.0,9511,1678199460000.0,0.0,-0.0355856,989.2486523926208,971.74942186,0.008,22241.0,0.044,22631.50978483229,long_rentry,995.7864305326208,1.0066088319900033,885.0
1678202940000.0,9569,1678202940000.0,-1.690439139329159,-0.017767120000000004,987.5404461332915,970.4080547399999,-0.004,22208.9,0.04,22631.50978483229,unstuck_close_long,905.2603913932917,0.9166818381341576,58.0
1678219020000.0,9837,1678219020000.0,0.0,-0.01769576,987.5227503732915,966.3595589799999,0.004,22119.7,0.044,22584.98162257481,long_rentry,993.7391913932917,1.006294985120748,268.0
1678259640000.0,10514,1678259640000.0,-2.3479264902992436,-0.0175984,985.1572254829923,961.5859605799999,-0.004,21998.0,0.04,22584.98162257481,unstuck_close_long,903.3992649029924,0.9170102411420507,677.0
1678259880000.0,10518,1678259880000.0,0.0,-0.01761064,985.1396148429923,961.8807499399998,0.004,22013.3,0.044,22533.010565977103,long_rentry,991.4524649029925,1.0064080765455832,4.0
1678316220000.0,11457,1678316220000.0,-2.915242263908411,-0.01744336,982.2069292190838,953.4785065799996,-0.004,21804.2,0.04,22533.010565977103,unstuck_close_long,901.3204226390842,0.9176482020501429,939.0
1678316340000.0,11459,1678316340000.0,0.0,-0.0174592,982.1894700190838,952.7774473799996,0.004,21824.0,0.044,22468.555059979186,long_rentry,988.6164226390841,1.0065434957471855,2.0
1678372800000.0,12400,1678372800000.0,-2.8146202399167377,-0.01741192,979.3574378591671,950.3872354599997,-0.004,21764.9,0.04,22468.555059979186,unstuck_close_long,898.7422023991675,0.9176855840945864,941.0
1678372860000.0,12401,1678372860000.0,0.0,-0.01739544,979.3400424191672,950.2906400199995,0.004,21744.3,0.044,22402.713690890174,long_rentry,985.7194023991676,1.0065139376556504,1.0
1678429380000.0,13343,1678429380000.0,-9.920054763560692,-0.015938160000000003,969.4040494956065,870.3115018599996,-0.004,19922.7,0.04,22402.713690890174,unstuck_close_long,896.108547635607,0.9243911742496475,942.0
1678429440000.0,13344,1678429440000.0,0.0,-0.015940320000000004,969.3881091756065,870.1063615399993,0.004,19925.4,0.044,22177.503355354707,long_rentry,975.8101476356071,1.006624837254773,1.0
1678485960000.0,14286,1678485960000.0,-8.231613421418835,-0.01609568,961.1404000741876,880.0362658599994,-0.004,20119.6,0.04,22177.503355354707,unstuck_close_long,887.1001342141883,0.922966232764449,942.0
1678486020000.0,14287,1678486020000.0,0.0,-0.016119920000000003,961.1242801541875,878.7661459399993,0.004,20149.9,0.044,21993.17577759519,long_rentry,967.6997342141882,1.0068414191543946,1.0
1678542540000.0,15229,1678542540000.0,-7.43790311038075,-0.01610696,953.6702700838068,878.8592389799993,-0.004,20133.7,0.04,21993.17577759519,unstuck_close_long,879.7270311038076,0.9224645652700264,942.0
1678542600000.0,15230,1678542600000.0,0.0,-0.016098320000000003,953.6541717638069,879.1467406599992,0.004,20122.9,0.044,21823.15070690472,long_rentry,960.2186311038075,1.0068834799179451,1.0
1678599120000.0,16172,1678599120000.0,-5.69620282761888,-0.016319280000000002,947.941649656188,891.3236213799993,-0.004,20399.1,0.04,21823.15070690472,unstuck_close_long,872.9260282761887,0.9208647268455744,942.0
1678599180000.0,16173,1678599180000.0,0.0,-0.016326160000000003,947.9253234961881,890.8144952199993,0.004,20407.7,0.044,21694.47336991338,long_rentry,954.5568282761886,1.0069958092854212,1.0
1678655700000.0,17115,1678655700000.0,-1.9782934796535119,-0.016959920000000003,945.9300700965346,924.9351352999993,-0.004,21199.9,0.04,21694.47336991338,unstuck_close_long,867.7789347965352,0.9173816989536828,942.0
1678655760000.0,17116,1678655760000.0,0.0,-0.01693568,945.9131344165346,925.2525996199994,0.004,21169.6,0.044,21646.757609012166,long_rentry,952.4573347965352,1.0069183946621454,1.0
1678659840000.0,17184,1678659840000.0,1.0073695639513316,-0.01751888,946.9029851004859,958.5886807399994,-0.004,21898.6,0.04,21646.757609012166,long_nclose,865.8703043604867,0.9144234604652767,68.0
1678664760000.0,17266,1678664760000.0,3.405939127902675,-0.03531600000000001,950.2736082283886,960.3261647399994,-0.008,22072.5,0.032,21646.757609012166,long_nclose,692.6962434883893,0.7289439983288548,82.0
1678668060000.0,17321,1678668060000.0,4.7963391279026695,-0.03559408,955.0343532762913,972.0561706599993,-0.008,22246.3,0.024,21646.757609012166,long_nclose,519.522182616292,0.543982717306499,55.0
1678668060000.0,17321,1678668060000.0,6.187539127902681,-0.035872320000000006,961.1860200841941,972.5338983399994,-0.008,22420.2,0.016,21646.757609012166,long_nclose,346.34812174419466,0.36033412316364805,0.0
1678716480000.0,18128,1678716480000.0,7.577939127902675,-0.036150400000000006,968.7278088120968,980.0553479399995,-0.008,22594.0,0.008,21646.757609012166,long_nclose,173.17406087209733,0.17876441586254466,807.0
1678716480000.0,18128,1678716480000.0,8.969139127902686,-0.036428640000000005,977.6605192999995,977.6605192999995,-0.008,22767.9,0.0,21646.757609012166,long_nclose,0.0,0.0,0.0
1678827960000.0,19986,1678827960000.0,0.0,-0.0048474600000000005,977.6556718399995,977.6953718399996,0.001,24237.3,0.001,24237.3,long_ientry_normal,24.2373,0.024791243684378288,1858.0
1678828020000.0,19987,1678828020000.0,0.0,-0.00963004,977.6460417999995,977.4640417999994,0.002,24075.1,0.003,24129.166666666664,long_rentry,72.38749999999999,0.07404264621858772,1.0
1678899780000.0,21183,1678899780000.0,0.0,-0.0335251,977.6125166999994,977.0695166999994,0.007,23946.5,0.01,24001.3,long_rentry,240.013,0.24550933616335124,1196.0
1678963740000.0,22249,1678963740000.0,3.150899999999998,-0.01503096,980.7483857399994,987.7882857399994,-0.003,25051.6,0.007,24001.3,long_nclose,168.0091,0.17130703699627595,1066.0
1679016540000.0,23129,1679016540000.0,8.701700000000015,-0.035342160000000004,989.4147435799994,989.4147435799994,-0.007,25244.4,0.0,24001.3,long_nclose,0.0,0.0,880.0
1679157000000.0,25470,1679157000000.0,0.0,-0.0053815,989.4093620799994,989.3021620799993,0.001,26907.5,0.001,26907.5,long_ientry_normal,26.9075,0.027195517882945174,2341.0
1679157060000.0,25471,1679157060000.0,0.0,-0.01069052,989.3986715599993,989.0965715599993,0.002,26726.3,0.003,26786.699999999997,long_rentry,80.36009999999999,0.08122115210979114,1.0
1679157060000.0,25471,1679157060000.0,0.0,-0.0372127,989.3614588599993,989.7978588599993,0.007,26580.5,0.01,26642.359999999997,long_rentry,266.42359999999996,0.26928843610604053,0.0
1679243580000.0,26913,1679243580000.0,3.4975200000000113,-0.01668492,992.8422939399993,1001.3881739399993,-0.003,27808.2,0.007,26642.359999999997,long_nclose,186.49651999999998,0.18784103088508292,1442.0
1679244480000.0,26928,1679244480000.0,9.658880000000027,-0.03923108,1002.4619428599993,1002.4619428599993,-0.007,28022.2,0.0,26642.359999999997,long_nclose,0.0,0.0,15.0
1679274180000.0,27423,1679274180000.0,0.0,-0.005512640000000001,1002.4564302199993,1002.5809302199993,0.001,27563.2,0.001,27563.2,long_ientry_normal,27.563200000000002,0.027495658832724507,495.0
1679279880000.0,27518,1679279880000.0,0.0,-0.010951,1002.4454792199994,1002.3689792199993,0.002,27377.5,0.003,27439.399999999998,long_rentry,82.31819999999999,0.08211738364469617,95.0
1679280240000.0,27524,1679280240000.0,0.0,-0.038118780000000005,1002.4073604399994,1002.4882604399994,0.007,27227.7,0.01,27291.21,long_rentry,272.9121,0.2722566800389487,6.0
1679496300000.0,31125,1679496300000.0,3.582870000000003,-0.0170913,1005.9731391399994,1015.4979691399994,-0.003,28485.5,0.007,27291.21,long_nclose,191.03847,0.18990414611201017,3601.0
1679496300000.0,31125,1679496300000.0,9.893729999999996,-0.040186440000000004,1015.8266826999994,1015.8266826999994,-0.007,28704.6,0.0,27291.21,long_nclose,0.0,0.0,0.0
1679508060000.0,31321,1679508060000.0,0.0,-0.005658380000000001,1015.8210243199994,1015.9325243199994,0.001,28291.9,0.001,28291.9,long_ientry_normal,28.291900000000002,0.027851264467516686,196.0
1679510100000.0,31355,1679510100000.0,0.0,-0.01124044,1015.8097838799994,1015.4887838799993,0.002,28101.1,0.003,28164.699999999997,long_rentry,84.49409999999999,0.08317905708415733,34.0
1679510100000.0,31355,1679510100000.0,0.0,-0.03912566000000001,1015.7706582199994,1016.2252582199994,0.007,27946.9,0.01,28012.239999999998,long_rentry,280.12239999999997,0.2757732739503192,0.0
1679511840000.0,31384,1679511840000.0,0.0,-0.14957622,1015.6210819999994,1009.0728819999994,0.027,27699.3,0.037,27783.87837837838,long_rentry,1028.0035,1.0121919662947687,29.0
1679511900000.0,31385,1679511900000.0,-0.5309351351351361,-0.01656414,1015.0735827248643,1007.5059178599994,-0.003,27606.9,0.034,27783.87837837838,unstuck_close_long,944.651864864865,0.9306240266139533,1.0
1679512320000.0,31392,1679512320000.0,0.0,-0.01628922,1015.0572935048643,997.0724286399992,0.003,27148.7,0.037,27732.37742878014,long_rentry,1026.0979648648652,1.0108768947631308,7.0
1679568480000.0,32328,1679568480000.0,-0.311332286340421,-0.01657716,1014.7293840585239,1011.0479514799991,-0.003,27628.6,0.034,27732.37742878014,unstuck_close_long,942.9008325785248,0.9292140814995298,936.0
1679584260000.0,32591,1679584260000.0,3.2725354273191627,-0.03393336,1017.9679861258431,1034.9254181199992,-0.006,28277.8,0.028,27732.37742878014,long_nclose,776.5065680058439,0.7628005778070222,263.0
1679584500000.0,32595,1679584500000.0,5.376857998539028,-0.039900700000000004,1023.3049434243821,1041.8043174199993,-0.007,28500.5,0.021,27732.37742878014,long_nclose,582.3799260043829,0.5691166936568389,4.0
1679584560000.0,32596,1679584560000.0,6.935757998539033,-0.04021248,1030.200488942921,1043.3776049399992,-0.007,28723.2,0.014,27732.37742878014,long_nclose,388.25328400292193,0.3768715780763266,1.0
1679658420000.0,33827,1679658420000.0,0.0,-0.1259135,1030.074575442921,1025.8613914399991,0.023,27372.5,0.037,27508.66983791681,long_rentry,1017.8207840029219,0.9881039764186683,1231.0
1679658480000.0,33828,1679658480000.0,-0.34160951375042714,-0.01643688,1029.7165290491707,1029.4387545599993,-0.003,27394.8,0.034,27508.66983791681,unstuck_close_long,935.2947744891716,0.9083031573289523,1.0
1679660400000.0,33860,1679660400000.0,3.2461809724991544,-0.033659640000000005,1032.9290503816699,1047.8874949199992,-0.006,28049.7,0.028,27508.66983791681,long_nclose,770.2427554616706,0.7456879590878619,32.0
1679693700000.0,34415,1679693700000.0,0.0,-0.05394120000000001,1032.8751091816698,1018.8845537199992,0.01,26970.6,0.038,27367.07251214923,long_rentry,1039.9487554616708,1.006848501059925,555.0
1679715120000.0,34772,1679715120000.0,0.6930824635523095,-0.016558859999999998,1033.5516327852222,1042.3340948599991,-0.003,27598.1,0.035,27367.07251214923,unstuck_close_long,957.8475379252232,0.926753446602381,357.0
1679771700000.0,35715,1679771700000.0,-0.22701753644768177,-0.01637484,1033.3082404087745,1030.8419200199992,-0.003,27291.4,0.032,27367.07251214923,unstuck_close_long,875.7463203887753,0.8475170197445943,943.0
1679828400000.0,36660,1679828400000.0,0.8862824635523139,-0.0165975,1034.1779253723269,1042.8642225199992,-0.003,27662.5,0.029,27367.07251214923,unstuck_close_long,793.6451028523277,0.7674164023241918,945.0
1679831880000.0,36718,1679831880000.0,0.5382274878507706,-0.0055810600000000005,1034.7105718001776,1048.6497414599992,-0.001,27905.3,0.028,27367.07251214923,long_nclose,766.2780303401785,0.7405723409271994,58.0
1679837880000.0,36818,1679837880000.0,5.3061924149553885,-0.03937514,1039.977389075133,1055.0517663199992,-0.007,28125.1,0.021,27367.07251214923,long_nclose,574.7085227551338,0.5526163633867371,100.0
1679929140000.0,38339,1679929140000.0,0.0,-0.09154874,1039.885840335133,1031.0282175799991,0.017,26926.1,0.038,27169.79533566142,long_rentry,1032.452222755134,0.9928515061060902,1521.0
1679929200000.0,38340,1679929200000.0,-0.9323813426456764,-0.021549360000000004,1038.9319096324873,1028.0894682199992,-0.004,26936.7,0.034,27169.79533566142,unstuck_close_long,923.7730414124884,0.8891564816208838,1.0
1679929860000.0,38351,1679929860000.0,0.0,-0.02125504,1038.9106545924874,1018.898613179999,0.004,26568.8,0.038,27106.532668749696,long_rentry,1030.0482414124883,0.9914695136287005,11.0
1679985780000.0,39283,1679985780000.0,-0.3141306749987853,-0.021622400000000003,1038.5749015174886,1036.377390779999,-0.004,27028.0,0.034,27106.532668749696,unstuck_close_long,921.6221107374897,0.887391086950863,932.0
1680042360000.0,40226,1680042360000.0,0.21500199375091325,-0.01630692,1038.7735965912395,1041.819883859999,-0.003,27178.2,0.031,27106.532668749696,unstuck_close_long,840.3025127312405,0.8089371115021727,943.0
1680070980000.0,40703,1680070980000.0,1.5992019937509068,-0.01658376,1040.3562148249905,1055.780500099999,-0.003,27639.6,0.028,27106.532668749696,long_nclose,758.9829147249915,0.7295413858345319,477.0
1680071220000.0,40707,1680071220000.0,5.255371318752121,-0.03900022,1045.5725859237427,1060.796899879999,-0.007,27857.3,0.021,27106.532668749696,long_nclose,569.2371860437437,0.5444262729409971,4.0
1680071460000.0,40711,1680071460000.0,6.779271318752126,-0.039305,1052.3125522424948,1065.320894879999,-0.007,28075.0,0.014,27106.532668749696,long_nclose,379.49145736249574,0.3606261814075993,4.0
1680077460000.0,40811,1680077460000.0,8.303171318752131,-0.039609780000000004,1060.576113781247,1068.739285099999,-0.007,28292.7,0.007,27106.532668749696,long_nclose,189.74572868124787,0.17890816718920052,100.0
1680078780000.0,40833,1680078780000.0,9.827071318752136,-0.03991456,1070.3632705399991,1070.3632705399991,-0.007,28510.4,0.0,27106.532668749696,long_nclose,0.0,0.0,22.0
1680145860000.0,41951,1680145860000.0,0.0,-0.00563194,1070.357638599999,1070.461638599999,0.001,28159.7,0.001,28159.7,long_ientry_normal,28.1597,0.026308683176991365,1118.0
1680197400000.0,42810,1680197400000.0,0.0,-0.0111882,1070.346450399999,1069.943650399999,0.002,27970.5,0.003,28033.566666666666,long_rentry,84.1007,0.0785733441434507,859.0
1680197400000.0,42810,1680197400000.0,0.0,-0.03894674,1070.307503659999,1070.466103659999,0.007,27819.1,0.01,27883.44,long_rentry,278.8344,0.2605180278064989,0.0
1680248340000.0,43659,1680248340000.0,0.0,-0.15996110000000002,1070.147542559999,1065.883542559999,0.029,27579.5,0.039,27657.433333333334,long_rentry,1078.6399000000001,1.0079356884002049,849.0
1680248400000.0,43660,1680248400000.0,-0.43733333333334307,-0.02203848,1069.6881707466657,1068.126004079999,-0.004,27548.1,0.035,27657.433333333334,unstuck_close_long,968.0101666666668,0.904946126487474,1.0
1680268200000.0,43990,1680268200000.0,3.8077666666666703,-0.03948196,1073.4564554533322,1087.3435221199989,-0.007,28201.4,0.028,27657.433333333334,long_nclose,774.4081333333334,0.7214155072608813,330.0
1680269640000.0,44014,1680269640000.0,5.36246666666666,-0.039792900000000006,1078.7791292199988,1096.4646292199989,-0.007,28423.5,0.021,27657.433333333334,long_nclose,580.8061,0.5383920436243019,24.0
1680273900000.0,44085,1680273900000.0,6.91716666666665,-0.04010384,1085.6561920466654,1098.9795253799987,-0.007,28645.6,0.014,27657.433333333334,long_nclose,387.2040666666667,0.3566544081848918,71.0
1680555600000.0,48780,1680555600000.0,0.0,-0.1420042,1085.5141878466654,1080.6811211799989,0.026,27308.5,0.04,27430.626666666663,long_rentry,1097.2250666666666,1.0107883240505884,4695.0
1680555660000.0,48781,1680555660000.0,-0.4833066666666564,-0.02184784,1085.0090333399987,1079.9212733399988,-0.004,27309.8,0.036,27430.626666666663,unstuck_close_long,987.5025599999998,0.9101330308376849,1.0
1680559800000.0,48850,1680559800000.0,0.3191733333333359,-0.0055499600000000005,1085.322656713332,1096.4342233799987,-0.001,27749.8,0.035,27430.626666666663,long_nclose,960.0719333333333,0.8845958640914272,69.0
1680563040000.0,48904,1680563040000.0,3.7763133333333463,-0.03915814,1089.0598119066653,1104.4058652399988,-0.007,27970.1,0.028,27430.626666666663,long_nclose,768.0575466666666,0.7052482685243835,54.0
1680601320000.0,49542,1680601320000.0,5.318413333333367,-0.039466560000000005,1094.3387586799988,1109.493898679999,-0.007,28190.4,0.021,27430.626666666663,long_nclose,576.04316,0.5263846824678204,638.0
1680606420000.0,49627,1680606420000.0,6.860513333333362,-0.03977498,1101.1594970333322,1114.5235236999988,-0.007,28410.7,0.014,27430.626666666663,long_nclose,384.0287733333333,0.3487494539782448,85.0
1680656100000.0,50455,1680656100000.0,8.402613333333356,-0.040083400000000005,1109.5220269666656,1117.815440299999,-0.007,28631.0,0.007,27430.626666666663,long_nclose,192.01438666666664,0.17306045486236704,828.0
1681145400000.0,58610,1681145400000.0,9.944713333333352,-0.04039182,1119.426348479999,1119.426348479999,-0.007,28851.3,0.0,27430.626666666663,long_nclose,0.0,0.0,8155.0
1681265820000.0,60617,1681265820000.0,0.0,-0.00597836,1119.420370119999,1119.473270119999,0.001,29891.8,0.001,29891.8,long_ientry_normal,29.8918,0.026702926619778838,2007.0
1681312320000.0,61392,1681312320000.0,0.0,-0.011876320000000001,1119.408493799999,1119.325693799999,0.002,29690.8,0.003,29757.799999999996,long_rentry,89.2734,0.07975051153752473,775.0
1681731240000.0,68374,1681731240000.0,0.0,-0.041341300000000004,1119.3671524999988,1117.6482524999988,0.007,29529.5,0.01,29597.989999999998,long_rentry,295.9799,0.26441717477501225,6982.0
1681731240000.0,68374,1681731240000.0,0.0,-0.16393104000000003,1119.2032214599988,1121.7599214599988,0.028,29273.4,0.038,29358.81842105263,long_rentry,1115.6351,0.9968119092300823,0.0
1681731300000.0,68375,1681731300000.0,0.20184473684210388,-0.01765566,1119.387410536841,1122.5122657999987,-0.003,29426.1,0.035,29358.81842105263,unstuck_close_long,1027.558644736842,0.9179651611804718,1.0
1681787940000.0,69319,1681787940000.0,0.3101447368421104,-0.01767732,1119.679877953683,1122.8408884799987,-0.003,29462.2,0.032,29358.81842105263,unstuck_close_long,939.4821894736842,0.8390632072362267,944.0
1681813200000.0,69740,1681813200000.0,2.3095263157894808,-0.023948960000000005,1121.9654553094724,1137.5861395199988,-0.004,29936.2,0.028,29358.81842105263,long_nclose,822.0469157894737,0.7326846935431964,421.0
1681817520000.0,69812,1681817520000.0,5.692271052631586,-0.0422408,1127.6154855621041,1143.761998719999,-0.007,30172.0,0.021,29358.81842105263,long_nclose,616.5351868421053,0.5467601276642358,72.0
1681819200000.0,69840,1681819200000.0,7.342871052631581,-0.042570920000000005,1134.9157856947359,1149.3803277999991,-0.007,30407.8,0.014,29358.81842105263,long_nclose,411.02345789473685,0.36216207675984513,28.0
1681892520000.0,71062,1681892520000.0,0.0,-0.144928,1134.770857694736,1134.3115997999992,0.025,28985.6,0.039,29119.57584345479,long_rentry,1135.663457894737,1.0007865906970983,1222.0
1681892580000.0,71063,1681892580000.0,-0.04710337381916179,-0.023286240000000003,1134.7004680809166,1135.1563135599988,-0.004,29107.8,0.035,29119.57584345479,unstuck_close_long,1019.1851545209178,0.8981975271805728,1.0
1681949160000.0,72006,1681949160000.0,-1.254303373819159,-0.0230448,1133.4231199070975,1123.432568759999,-0.004,28806.0,0.031,29119.57584345479,unstuck_close_long,902.7068511470985,0.7964429481737499,943.0
1681993020000.0,72737,1681993020000.0,0.0,-0.04563776,1133.3774821470975,1108.471130999999,0.008,28523.6,0.039,28997.32438838714,long_rentry,1130.8956511470985,0.9978102344196064,731.0
1682005740000.0,72949,1682005740000.0,-1.6744975535485573,-0.02286296,1131.6801216335489,1117.360768039999,-0.004,28578.7,0.035,28997.32438838714,unstuck_close_long,1014.90635359355,0.8968138029397925,212.0
1682006580000.0,72963,1682006580000.0,0.0,-0.02268152,1131.6574401135488,1109.7734865199989,0.004,28351.9,0.039,28931.12701521923,long_rentry,1128.31395359355,0.9970454959235161,14.0
1682006580000.0,72963,1682006580000.0,0.0,-0.0056470800000000005,1131.6517930335488,1109.902439439999,0.001,28235.4,0.04,28913.733839838747,long_rentry,1156.54935359355,1.0220010790538845,0.0
1682062320000.0,73892,1682062320000.0,-4.111735359354992,-0.02230864,1127.517749034194,1089.655330799999,-0.004,27885.8,0.036,28913.733839838747,unstuck_close_long,1040.8944182341947,0.9231734215499501,929.0
1682062440000.0,73894,1682062440000.0,0.0,-0.016739940000000002,1127.501009094194,1091.3929908599991,0.003,27899.9,0.039,28835.74662138961,long_rentry,1124.5941182341949,0.9974218285956707,2.0
1682062440000.0,73894,1682062440000.0,0.0,-0.005579980000000001,1127.495429114194,1091.3974108799991,0.001,27899.9,0.04,28812.35045585487,long_rentry,1152.4940182341948,1.022171787551849,0.0
1682118900000.0,74835,1682118900000.0,-6.0398018234194755,-0.021841920000000004,1121.4337853707743,1067.133168959999,-0.004,27302.4,0.036,28812.35045585487,unstuck_close_long,1037.2446164107753,0.9249272047460528,941.0
1682118960000.0,74836,1682118960000.0,0.0,-0.016382400000000002,1121.4174029707742,1066.800886559999,0.003,27304.0,0.039,28696.323497712187,long_rentry,1119.1566164107753,0.9979839919070189,1.0
1682118960000.0,74836,1682118960000.0,0.0,-0.005460800000000001,1121.4119421707742,1066.787325759999,0.001,27304.0,0.04,28661.51541026938,long_rentry,1146.4606164107752,1.0223367286347183,0.0
1682175480000.0,75778,1682175480000.0,-4.81846164107752,-0.021965520000000002,1116.5715150096967,1074.2457602399988,-0.004,27456.9,0.036,28661.51541026938,unstuck_close_long,1031.8145547696977,0.9240917763881313,942.0
1682175540000.0,75779,1682175540000.0,0.0,-0.01649148,1116.5550235296967,1073.628668759999,0.003,27485.8,0.039,28571.07576332558,long_rentry,1114.2719547696977,0.9979552563806648,1.0
1682175540000.0,75779,1682175540000.0,0.0,-0.00549716,1116.5495263696967,1073.607771599999,0.001,27485.8,0.04,28543.94386924244,long_rentry,1141.7577547696976,1.0225769012521657,0.0
1682232060000.0,76721,1682232060000.0,-3.8161754769697582,-0.022071920000000005,1112.711278972727,1078.6788996799992,-0.004,27589.9,0.036,28543.94386924244,unstuck_close_long,1027.5819792927277,0.9234938107587153,942.0
1682232120000.0,76722,1682232120000.0,0.0,-0.01655916,1112.694719812727,1078.7364405199992,0.003,27598.6,0.039,28471.225110069943,long_rentry,1110.3777792927278,0.9979177212952092,1.0
1682232120000.0,76722,1682232120000.0,0.0,-0.00551972,1112.689200092727,1078.7328207999992,0.001,27598.6,0.04,28449.409482318195,long_rentry,1137.9763792927279,1.0227261837338706,0.0
1682288640000.0,77664,1682288640000.0,-3.910037929272774,-0.021977520000000004,1108.7571846434544,1073.7900432799993,-0.004,27471.9,0.036,28449.409482318195,unstuck_close_long,1024.178741363455,0.9237177946159623,942.0
1682288700000.0,77665,1682288700000.0,0.0,-0.01648686,1108.7406977834544,1073.6487564199995,0.003,27478.1,0.039,28374.693368293716,long_rentry,1106.6130413634548,0.9980810153138123,1.0
1682288700000.0,77665,1682288700000.0,0.0,-0.00549562,1108.7352021634545,1073.6400607999997,0.001,27478.1,0.04,28352.27853408637,long_rentry,1134.0911413634549,1.0228692470037244,0.0
1682345220000.0,78607,1682345220000.0,-3.118314136345478,-0.02205816,1105.594829867109,1078.0304026399995,-0.004,27572.7,0.036,28352.27853408637,unstuck_close_long,1020.6820272271093,0.9231971782554319,942.0
1682345280000.0,78608,1682345280000.0,0.0,-0.01655196,1105.578277907109,1077.5614506799998,0.003,27586.6,0.039,28293.380185310492,long_rentry,1103.4418272271091,0.9980675717652085,1.0
1682345280000.0,78608,1682345280000.0,0.0,-0.00551732,1105.5727605871089,1077.5443333599997,0.001,27586.6,0.04,28275.71068067773,long_rentry,1131.0284272271092,1.0230248677857097,0.0
1682401800000.0,79550,1682401800000.0,-3.5488427227109205,-0.0219108,1102.002007064398,1070.4368225599997,-0.004,27388.5,0.036,28275.71068067773,unstuck_close_long,1017.9255845043982,0.9237057446165916,942.0
1682401860000.0,79551,1682401860000.0,0.0,-0.016439340000000004,1101.985567724398,1070.3189832199998,0.003,27398.9,0.039,28208.263705240977,long_rentry,1100.122284504398,0.9983091582371196,1.0
1682401860000.0,79551,1682401860000.0,0.0,-0.00547978,1101.9800879443978,1070.3109034399997,0.001,27398.9,0.04,28188.029612609953,long_rentry,1127.5211845043982,1.0231774574145382,0.0
1682458380000.0,80493,1682458380000.0,-0.15171845043981738,-0.02252008,1101.805849413958,1100.6167833599995,-0.004,28150.1,0.036,28188.029612609953,unstuck_close_long,1014.7690660539582,0.9210053355531794,942.0
1682489400000.0,81010,1682489400000.0,0.32797038739004714,-0.0057032,1102.128116601348,1111.6855801599995,-0.001,28516.0,0.035,28188.029612609953,long_nclose,986.5810364413485,0.8951600286577263,517.0
1682497560000.0,81146,1682497560000.0,3.88059271173034,-0.04023936000000001,1105.9684699530783,1119.7912407999995,-0.007,28742.4,0.028,28188.029612609953,long_nclose,789.2648291530787,0.7136413474667718,136.0
1682505720000.0,81282,1682505720000.0,5.465392711730325,-0.04055632,1111.3933063448087,1127.7159844799996,-0.007,28968.8,0.021,28188.029612609953,long_nclose,591.9486218648091,0.5326184875196266,136.0
1682511480000.0,81378,1682511480000.0,7.04949271173032,-0.04087314,1118.401925916539,1132.7613113399998,-0.007,29195.1,0.014,28188.029612609953,long_nclose,394.63241457653936,0.35285384031606976,96.0
1682511720000.0,81382,1682511720000.0,8.63429271173033,-0.0411901,1126.9950285282694,1135.0980212399998,-0.007,29421.5,0.007,28188.029612609953,long_nclose,197.31620728826968,0.175081701598935,4.0
1682512140000.0,81389,1682512140000.0,10.21909271173034,-0.041507060000000005,1137.1726141799998,1137.1726141799998,-0.007,29647.9,0.0,28188.029612609953,long_nclose,0.0,0.0,7.0
1682537760000.0,81816,1682537760000.0,0.0,-0.005744040000000001,1137.1668701399997,1137.2384701399997,0.001,28720.2,0.001,28720.2,long_ientry_normal,28.720200000000002,0.025255923958164717,427.0
1682537940000.0,81819,1682537940000.0,0.0,-0.01141112,1137.1554590199996,1136.3114590199996,0.002,28527.8,0.003,28591.933333333334,long_rentry,85.7758,0.07543014397866196,3.0
1682537940000.0,81819,1682537940000.0,0.0,-0.039724720000000005,1137.1157342999995,1135.8223342999995,0.007,28374.8,0.01,28439.939999999995,long_rentry,284.39939999999996,0.25010594033779177,0.0
1682538420000.0,81827,1682538420000.0,0.0,-0.1688118,1136.9469224999996,1119.3845224999998,0.03,28135.3,0.04,28211.46,long_rentry,1128.4584,0.9925339324712411,8.0
1682538480000.0,81828,1682538480000.0,-1.6138399999999966,-0.0222464,1135.3108360999995,1124.0226760999997,-0.004,27808.0,0.036,28211.46,unstuck_close_long,1015.6125599999999,0.8945678379049168,1.0
1682539200000.0,81840,1682539200000.0,0.0,-0.022067760000000002,1135.2887683399995,1113.1454083399994,0.004,27584.7,0.04,28148.784,long_rentry,1125.95136,0.9917753010508045,12.0
1682539260000.0,81841,1682539260000.0,0.0,-0.0054949000000000005,1135.2832734399994,1100.8663134399997,0.001,27474.5,0.041,28132.338048780486,long_rentry,1153.42586,1.0159806693046989,1.0
1682546220000.0,81957,1682546220000.0,1.9641717073170877,-0.034151640000000004,1137.2132935073166,1149.5529617999996,-0.006,28459.7,0.035,28132.338048780486,long_nclose,984.6318317073171,0.8658286333169585,116.0
1682546280000.0,81958,1682546280000.0,3.872833658536587,-0.04015984,1141.0459673258533,1154.4989019599998,-0.007,28685.6,0.028,28132.338048780486,long_nclose,787.7054653658537,0.6903363124028336,1.0
1682554860000.0,82101,1682554860000.0,5.454133658536597,-0.0404761,1146.45962488439,1164.8632258599998,-0.007,28911.5,0.021,28132.338048780486,long_nclose,590.7790990243902,0.515307374286264,143.0
1682554980000.0,82103,1682554980000.0,7.036133658536597,-0.0407925,1153.4549660429266,1167.4222333599998,-0.007,29137.5,0.014,28132.338048780486,long_nclose,393.85273268292684,0.3414547982172972,2.0
1682555040000.0,82104,1682555040000.0,8.617433658536607,-0.04110876,1162.031290941463,1169.9270245999996,-0.007,29363.4,0.007,28132.338048780486,long_nclose,196.92636634146342,0.16946735245134076,1.0
1682608920000.0,83002,1682608920000.0,10.198733658536591,-0.04142502,1172.1885995799998,1172.1885995799998,-0.007,29589.3,0.0,28132.338048780486,long_nclose,0.0,0.0,898.0
1682610300000.0,83025,1682610300000.0,0.0,-0.00578648,1172.1828130999997,1172.2496130999998,0.001,28932.4,0.001,28932.4,long_ientry_normal,28.9324,0.02468249805120778,23.0
1682905140000.0,87939,1682905140000.0,0.0,-0.01149556,1172.1713175399998,1172.0339175399997,0.002,28738.9,0.003,28803.4,long_rentry,86.4102,0.07371806382478839,4914.0
1682905560000.0,87946,1682905560000.0,0.0,-0.040019700000000005,1172.13129784,1172.0425978399999,0.007,28585.5,0.01,28650.87,long_rentry,286.5087,0.24443396446112936,7.0
1682919720000.0,88182,1682919720000.0,0.0,-0.17575016000000002,1171.9555476799999,1169.3084476799997,0.031,28346.8,0.041,28420.96341463415,long_rentry,1165.2595000000001,0.9942864320295636,236.0
1682919780000.0,88183,1682919780000.0,-0.25825365853658877,-0.022685120000000003,1171.6746089014632,1171.3614625599996,-0.004,28356.4,0.037,28420.96341463415,unstuck_close_long,1051.5756463414634,0.8974980240694965,1.0
1682972760000.0,89066,1682972760000.0,0.0,-0.0222304,1171.6523785014633,1149.4791321599998,0.004,27788.0,0.041,28359.210886377157,long_rentry,1162.7276463414635,0.9923827815111727,883.0
1682974200000.0,89090,1682974200000.0,0.0,-0.005535920000000001,1171.6468425814633,1145.0847962399998,0.001,27679.6,0.042,28343.029674796748,long_rentry,1190.4072463414634,1.0160119953199087,24.0
1682976360000.0,89126,1682976360000.0,-1.9721186991869908,-0.02228,1169.6524438822764,1151.25931624,-0.004,27850.0,0.038,28343.029674796748,unstuck_close_long,1077.0351276422764,0.9208163786392928,36.0
1683032940000.0,90069,1683032940000.0,-1.044518699186985,-0.022465520000000003,1168.5854596630895,1159.4214507200002,-0.004,28081.9,0.034,28343.029674796748,unstuck_close_long,963.6630089430895,0.8246405951524671,943.0
1683148860000.0,92001,1683148860000.0,3.3442219512195224,-0.03468048,1171.895001134309,1188.91817024,-0.006,28900.4,0.028,28343.029674796748,long_nclose,793.604830894309,0.677197897530203,1932.0
1683151800000.0,92050,1683151800000.0,5.495492276422756,-0.04077934,1177.3497140707318,1193.0360909,-0.007,29128.1,0.021,28343.029674796748,long_nclose,595.2036231707317,0.5055453074454763,49.0
1683196500000.0,92795,1683196500000.0,7.088692276422771,-0.041097980000000006,1184.3973083671547,1198.5676929200001,-0.007,29355.7,0.014,28343.029674796748,long_nclose,396.8024154471545,0.3350247527953252,745.0
1683302520000.0,94562,1683302520000.0,8.681892276422762,-0.04141662,1193.0377840235774,1200.9517763000001,-0.007,29583.3,0.007,28343.029674796748,long_nclose,198.40120772357724,0.1662991821218433,1767.0
1683333420000.0,95077,1683333420000.0,10.275092276422777,-0.04173526000000001,1203.2711410400002,1203.2711410400002,-0.007,29810.9,0.0,28343.029674796748,long_nclose,0.0,0.0,515.0
1683342780000.0,95233,1683342780000.0,0.0,-0.00588174,1203.2652593000003,1203.2753593000002,0.001,29408.7,0.001,29408.7,long_ientry_normal,29.4087,0.024440745523649967,156.0
1683360240000.0,95524,1683360240000.0,0.0,-0.01168484,1203.2535744600002,1202.9456744600002,0.002,29212.1,0.003,29277.63333333333,long_rentry,87.8329,0.07299616794358406,291.0
1683376740000.0,95799,1683376740000.0,0.0,-0.04067924,1203.2128952200003,1203.0487952200003,0.007,29056.6,0.01,29122.909999999996,long_rentry,291.22909999999996,0.24204286802191433,275.0
1683381960000.0,95886,1683381960000.0,0.0,-0.18441664,1203.0284785800002,1195.9603785800002,0.032,28815.1,0.042,28888.388095238093,long_rentry,1213.3123,1.0085482776202759,87.0
1683382140000.0,95889,1683382140000.0,-1.21275238095237,-0.022868160000000002,1201.7928580390478,1191.6739104200003,-0.004,28585.2,0.038,28888.388095238093,unstuck_close_long,1097.7587476190474,0.9134342414134897,3.0
1683438720000.0,96832,1683438720000.0,-0.13235238095237584,-0.023084240000000002,1201.6374214180955,1201.0122261800004,-0.004,28855.3,0.034,28888.388095238093,unstuck_close_long,982.2051952380953,0.817388987502536,943.0
1683510180000.0,98023,1683510180000.0,0.0,-0.045258240000000005,1201.5921631780955,1179.1085679400005,0.008,28286.4,0.042,28773.72369614512,long_rentry,1208.4963952380951,1.005745903037299,1191.0
1683510300000.0,98025,1683510300000.0,-2.8024947845804853,-0.022458480000000003,1198.767209913515,1171.7977094600005,-0.004,28073.1,0.038,28773.72369614512,unstuck_close_long,1093.4015004535145,0.9121049453232858,2.0
1683510360000.0,98026,1683510360000.0,0.0,-0.0224512,1198.744758713515,1174.0306582600006,0.004,28064.0,0.042,28706.130963178915,long_rentry,1205.6575004535146,1.0057666502312121,1.0
1683566880000.0,98968,1683566880000.0,-3.3065238527156615,-0.0223036,1195.4159312607994,1164.0153546600006,-0.004,27879.5,0.038,28706.130963178915,unstuck_close_long,1090.8329766007987,0.9125133337066225,942.0
1683566940000.0,98969,1683566940000.0,0.0,-0.022303840000000002,1195.3936274207995,1163.959450820001,0.004,27879.8,0.042,28627.43277620949,long_rentry,1202.3521766007987,1.0058211362520084,1.0
1683623460000.0,99911,1683623460000.0,-4.29893110483796,-0.02204216,1191.0726541559616,1149.860408660001,-0.004,27552.7,0.038,28627.43277620949,unstuck_close_long,1087.8424454959606,0.9133300489270709,942.0
1683623520000.0,99912,1683623520000.0,0.0,-0.022034320000000003,1191.0506198359615,1150.380174340001,0.004,27542.9,0.042,28524.14394038001,long_rentry,1198.0140454959605,1.0058464565183285,1.0
1683680040000.0,100854,1683680040000.0,-3.214575761520042,-0.022176400000000002,1187.8138676744413,1156.956197940001,-0.004,27720.5,0.038,28524.14394038001,unstuck_close_long,1083.9174697344404,0.9125314152600237,942.0
1683680100000.0,100855,1683680100000.0,0.0,-0.02216968,1187.7916979944414,1156.241028260001,0.004,27712.1,0.042,28446.806422248577,long_rentry,1194.7658697344402,1.0058715444397992,1.0
1683736620000.0,101797,1683736620000.0,-0.9100256889943121,-0.022575440000000002,1186.859096865447,1178.206252820001,-0.004,28219.3,0.038,28446.806422248577,unstuck_close_long,1080.978644045446,0.9107893657304084,942.0
1683738900000.0,101835,1683738900000.0,0.0,-0.0222452,1186.836851665447,1150.4848076200012,0.004,27806.5,0.042,28385.8248582249,long_rentry,1192.2046440454458,1.0045227719146623,38.0
1683793200000.0,102740,1683793200000.0,-3.9044994328995966,-0.02192776,1182.9104244725474,1144.6168798600013,-0.004,27409.7,0.038,28385.8248582249,unstuck_close_long,1078.6613446125461,0.9118706896961489,905.0
1683793260000.0,102741,1683793260000.0,0.0,-0.021902480000000002,1182.8885219925473,1144.5151773800012,0.004,27378.1,0.042,28289.851062203477,long_rentry,1188.1737446125462,1.0044680648444335,1.0
1683849840000.0,103684,1683849840000.0,-5.3162042488139125,-0.02156864,1177.5507491037336,1127.1912087400015,-0.004,26960.8,0.038,28289.851062203477,unstuck_close_long,1075.0143403637321,0.9129240002453867,943.0
1683849900000.0,103685,1683849900000.0,0.0,-0.021571680000000003,1177.5291774237335,1127.1780370600015,0.004,26964.6,0.042,28163.63667532695,long_rentry,1182.872740363732,1.0045379452521843,1.0
1683906420000.0,104627,1683906420000.0,-7.439746701307799,-0.021042960000000003,1170.0683877624258,1099.6263941000018,-0.004,26303.7,0.038,28163.63667532695,unstuck_close_long,1070.218193662424,0.9146629418038122,942.0
1683906540000.0,104629,1683906540000.0,0.0,-0.021055840000000003,1170.0473319224259,1099.561538260002,0.004,26319.8,0.042,27988.033182438667,long_rentry,1175.497393662424,1.0046579839903087,2.0
1683963000000.0,105570,1683963000000.0,-5.074532729754661,-0.021375520000000002,1164.9514236726711,1117.0511627400017,-0.004,26719.4,0.038,27988.033182438667,unstuck_close_long,1063.5452609326694,0.9129524539140828,941.0
1683963180000.0,105573,1683963180000.0,0.0,-0.021386000000000002,1164.9300376726712,1117.328976740002,0.004,26732.5,0.042,27868.458593634983,long_rentry,1170.4752609326695,1.0047601341545598,3.0
1684019580000.0,106513,1684019580000.0,-3.8382343745399266,-0.021527120000000004,1161.0702761781313,1124.645049620002,-0.004,26908.9,0.038,27868.458593634983,unstuck_close_long,1059.0014265581294,0.9120907220569116,940.0
1684019700000.0,106515,1684019700000.0,0.0,-0.02152936,1161.0487468181313,1124.880920260002,0.004,26911.7,0.042,27777.338727574504,long_rentry,1166.6482265581292,1.0048227774719565,2.0
1684076160000.0,107456,1684076160000.0,-3.515754910298012,-0.02151872,1157.5114731878334,1124.8604015400022,-0.004,26898.4,0.038,27777.338727574504,unstuck_close_long,1055.5388716478312,0.911903593267058,941.0
1684076220000.0,107457,1684076220000.0,0.0,-0.02153448,1157.4899387078335,1124.4188670600024,0.004,26918.1,0.042,27695.5064678055,long_rentry,1163.211271647831,1.0049428791980555,1.0
1684132740000.0,108399,1684132740000.0,-0.9912258712219919,-0.02195816,1156.4767546766116,1147.1817089000026,-0.004,27447.7,0.038,27695.5064678055,unstuck_close_long,1052.429245776609,0.9100306093665517,942.0
1684189320000.0,109342,1684189320000.0,-1.4456258712220007,-0.02186728,1155.0092615253895,1142.7214416200025,-0.004,27334.1,0.034,27695.5064678055,unstuck_close_long,941.647219905387,0.8152724408995465,943.0
1684194300000.0,109425,1684194300000.0,0.0,-0.043391040000000006,1154.9658704853896,1138.1250505800026,0.008,27119.4,0.042,27585.771902509216,long_rentry,1158.602419905387,1.0031486206760976,83.0
1684245900000.0,110285,1684245900000.0,-2.372687610036868,-0.02159408,1152.5715887953527,1129.7688565000026,-0.004,26992.6,0.038,27585.771902509216,unstuck_close_long,1048.25933229535,0.9094960716418249,860.0
1684246140000.0,110289,1684246140000.0,0.0,-0.021572400000000002,1152.5500163953527,1128.5176841000025,0.004,26965.5,0.042,27526.69838798453,long_rentry,1156.1213322953502,1.003098621187102,4.0
1684302480000.0,111228,1684302480000.0,-2.1027935519381136,-0.021600800000000003,1150.4256220434147,1130.4528833000027,-0.004,27001.0,0.038,27526.69838798453,unstuck_close_long,1046.014538743412,0.9092413439866324,939.0
1684309500000.0,111345,1684309500000.0,0.0,-0.02152632,1150.4040957234147,1126.1799569800028,0.004,26907.9,0.042,27467.765208176475,long_rentry,1153.646138743412,1.0028181775708636,117.0
1684359120000.0,112172,1684359120000.0,-0.2254608327058959,-0.02192912,1150.1567057707086,1147.4296278600025,-0.004,27411.4,0.038,27467.765208176475,unstuck_close_long,1043.775077910706,0.9075068403059761,827.0
1684415700000.0,113115,1684415700000.0,-1.096260832705899,-0.02175496,1149.0386899780028,1140.0298729000026,-0.004,27193.7,0.034,27467.765208176475,unstuck_close_long,933.9040170780003,0.8127698616448493,943.0
1684431420000.0,113377,1684431420000.0,0.0,-0.043036160000000004,1148.995653818003,1129.8368367400028,0.008,26897.6,0.042,27359.162311380955,long_rentry,1149.0848170780002,1.0000776010420067,262.0
1684472280000.0,114058,1684472280000.0,-2.0298492455238155,-0.02148136,1146.944323212479,1127.9381553800029,-0.004,26851.7,0.038,27359.162311380955,unstuck_close_long,1039.6481678324762,0.906450423783888,681.0
1684505460000.0,114611,1684505460000.0,0.0,-0.0213964,1146.922926812479,1123.8389589800029,0.004,26745.5,0.042,27300.718281725625,long_rentry,1146.6301678324764,0.9997447439813447,553.0
1684528860000.0,115001,1684528860000.0,-1.962873126902501,-0.021448000000000002,1144.9386056855767,1126.481310980003,-0.004,26810.0,0.038,27300.718281725625,unstuck_close_long,1037.4272947055738,0.9060986235889685,390.0
1684585440000.0,115944,1684585440000.0,-1.6432731269024954,-0.02151192,1143.2738206386744,1129.4861990600032,-0.004,26889.9,0.034,27300.718281725625,unstuck_close_long,928.2244215786714,0.8119003556471986,943.0
1684670040000.0,117354,1684670040000.0,0.0,-0.04277504,1143.2310455986744,1127.508424020003,0.008,26734.4,0.042,27192.848132825507,long_rentry,1142.0996215786713,0.9990103277685127,1410.0
1684670100000.0,117355,1684670100000.0,-1.49739253130203,-0.0214548,1141.7121982673725,1128.0949692200031,-0.004,26818.5,0.038,27192.848132825507,unstuck_close_long,1033.3282290473692,0.9050689224618222,1.0
1684715400000.0,118110,1684715400000.0,0.0,-0.021266880000000002,1141.6909313873725,1119.0645023400032,0.004,26583.6,0.042,27134.824501127838,long_rentry,1139.6626290473694,0.9982234225706441,755.0
1684726740000.0,118299,1684726740000.0,-1.9528980045113566,-0.02131728,1139.7167161028613,1121.0539850600035,-0.004,26646.6,0.038,27134.824501127838,unstuck_close_long,1031.123331042858,0.9047189678577965,189.0
1684783380000.0,119243,1684783380000.0,-1.2468980045113567,-0.021458480000000002,1138.4483596183497,1127.6253265800033,-0.004,26823.1,0.034,27134.824501127838,unstuck_close_long,922.5840330383465,0.8103872479096295,944.0
1684935960000.0,121786,1684935960000.0,0.0,-0.04251632,1138.4058432983497,1119.9656102600034,0.008,26572.7,0.042,27027.753167579678,long_rentry,1135.1656330383466,0.9971537301226291,2543.0
1684936020000.0,121787,1684936020000.0,-1.7562126703187095,-0.021270960000000002,1136.628359668031,1120.2445393000032,-0.004,26588.7,0.038,27027.753167579678,unstuck_close_long,1027.0546203680278,0.9035975669901412,1.0
1684936200000.0,121790,1684936200000.0,0.0,-0.021138320000000002,1136.6072213480309,1114.290600980003,0.004,26422.9,0.042,26970.14810400066,long_rentry,1132.7462203680277,0.9966030472906692,3.0
1684936260000.0,121791,1684936260000.0,0.0,-0.00526436,1136.601956988031,1111.981436620003,0.001,26321.8,0.043,26955.070241116926,long_rentry,1159.0680203680276,1.0197659904084024,1.0
1684992660000.0,122731,1684992660000.0,-2.820280964467704,-0.021,1133.7606760235633,1106.1654366200032,-0.004,26250.0,0.039,26955.070241116926,unstuck_close_long,1051.2477394035602,0.9272219099101227,940.0
1684992720000.0,122732,1684992720000.0,0.0,-0.015748500000000002,1133.7449275235633,1105.9648881200033,0.003,26247.5,0.042,26904.529509608572,long_rentry,1129.99023940356,0.9966882426294911,1.0
1684992720000.0,122732,1684992720000.0,0.0,-0.005249500000000001,1133.7396780235633,1105.955238620003,0.001,26247.5,0.043,26889.24975357117,long_rentry,1156.2377394035602,1.019844115731415,0.0
1685049300000.0,123675,1685049300000.0,-1.792199014284677,-0.021152960000000002,1131.9263260492785,1114.6317856600028,-0.004,26441.2,0.039,26889.24975357117,unstuck_close_long,1048.6807403892756,0.9264567103492045,943.0
1685105880000.0,124618,1685105880000.0,-1.820599014284686,-0.02114728,1130.084579754994,1114.010838380003,-0.004,26434.1,0.035,26889.24975357117,unstuck_close_long,941.123741374991,0.8327905346509814,943.0
1685295840000.0,127784,1685295840000.0,1.5865507392864857,-0.01645086,1131.6546796342802,1146.3218875200027,-0.003,27418.1,0.032,26889.24975357117,long_nclose,860.4559921142775,0.7603520823086715,3166.0
1685298120000.0,127822,1685298120000.0,5.95800197143064,-0.0442144,1137.5684672057107,1156.8032731200026,-0.008,27634.0,0.024,26889.24975357117,long_nclose,645.341994085708,0.5672994748798785,38.0
1685310300000.0,128025,1685310300000.0,7.68600197143064,-0.04456,1145.2099091771413,1161.0939131200025,-0.008,27850.0,0.016,26889.24975357117,long_nclose,430.22799605713874,0.3756761032274573,203.0
1685311320000.0,128042,1685311320000.0,9.413201971430652,-0.044905440000000005,1154.5782057085719,1163.9898076800025,-0.008,28065.9,0.008,26889.24975357117,long_nclose,215.11399802856937,0.18631392569596666,17.0
1685319480000.0,128178,1685319480000.0,11.141201971430652,-0.045251040000000006,1165.6741566400026,1165.6741566400026,-0.008,28281.9,0.0,26889.24975357117,long_nclose,0.0,0.0,136.0
1685370900000.0,129035,1685370900000.0,0.0,-0.0055523199999999995,1165.6686043200025,1165.7075043200025,0.001,27761.6,0.001,27761.6,long_ientry_normal,27.761599999999998,0.023816031329242877,857.0
1685374560000.0,129096,1685374560000.0,0.0,-0.01103052,1165.6575738000024,1165.6312738000024,0.002,27576.3,0.003,27638.066666666662,long_rentry,82.9142,0.07113083796101684,61.0
1685508420000.0,131327,1685508420000.0,0.0,-0.03840242,1165.6191713800024,1164.0308713800025,0.007,27430.3,0.01,27492.629999999997,long_rentry,274.92629999999997,0.2358628845084185,2231.0
1685509200000.0,131340,1685509200000.0,0.0,-0.17955366,1165.4396177200024,1162.0956177200023,0.033,27205.1,0.043,27271.967441860466,long_rentry,1172.6946,1.0062251035314818,13.0
1685509260000.0,131341,1685509260000.0,-0.3110697674418625,-0.02175536,1165.1067925925604,1161.7111623600022,-0.004,27194.2,0.039,27271.967441860466,unstuck_close_long,1063.6067302325582,0.9128834687040599,1.0
1685565840000.0,132284,1685565840000.0,-0.7434697674418712,-0.021668879999999998,1164.3416539451184,1158.2842934800021,-0.004,27086.1,0.035,27271.967441860466,unstuck_close_long,954.5188604651164,0.8197927620565123,943.0
1685587800000.0,132650,1685587800000.0,0.0,-0.042723840000000006,1164.2989301051184,1145.821769640002,0.008,26702.4,0.043,27166.0014061655,long_rentry,1168.1380604651163,1.0032973751505991,366.0
1685622420000.0,133227,1685622420000.0,-1.2308056246619963,-0.02148664,1163.0466378404565,1150.843483000002,-0.004,26858.3,0.039,27166.0014061655,unstuck_close_long,1059.4740548404545,0.9109471799064607,577.0
1685666280000.0,133958,1685666280000.0,0.0,-0.0212436,1163.0253942404565,1138.0029394000019,0.004,26554.5,0.043,27109.117554429176,long_rentry,1165.6920548404546,1.0022928653262464,731.0
1685679060000.0,134171,1685679060000.0,-0.5856702177167026,-0.02157016,1162.41815386274,1156.559669240002,-0.004,26962.7,0.039,27109.117554429176,unstuck_close_long,1057.2555846227378,0.9095312053665502,213.0
1685735640000.0,135114,1685735640000.0,0.5439297822832887,-0.021796080000000002,1162.9402875650233,1168.0986731600021,-0.004,27245.1,0.035,27109.117554429176,unstuck_close_long,948.8191144050213,0.8158794776915579,943.0
1685977380000.0,139143,1685977380000.0,0.0,-0.042471840000000004,1162.8978157250233,1146.775101320002,0.008,26544.9,0.043,27004.146846628402,long_rentry,1161.1783144050212,0.9985213650788999,4029.0
1685977440000.0,139144,1685977440000.0,-1.4997873865136062,-0.02130336,1161.3767249785096,1148.068097960002,-0.004,26629.2,0.039,27004.146846628402,unstuck_close_long,1053.1617270185077,0.9068217955185864,1.0
1685978700000.0,139165,1685978700000.0,0.0,-0.02111864,1161.3556063385097,1140.096879320002,0.004,26398.3,0.043,26947.789000430414,long_rentry,1158.7549270185077,0.9977606520295698,21.0
1685980320000.0,139192,1685980320000.0,0.0,-0.005259880000000001,1161.3503464585096,1130.952819440002,0.001,26299.4,0.044,26933.052886784266,long_rentry,1185.0543270185076,1.0204107060649548,27.0
1686034020000.0,140087,1686034020000.0,-4.6642115471370635,-0.0206136,1156.6655213113727,1110.6394058400022,-0.004,25767.0,0.04,26933.052886784266,unstuck_close_long,1077.3221154713706,0.9314033276015297,895.0
1686034080000.0,140088,1686034080000.0,0.0,-0.015469440000000001,1156.6500518713726,1111.1270364000018,0.003,25782.4,0.043,26852.77477840397,long_rentry,1154.6693154713707,0.9982875231823167,1.0
1686034080000.0,140088,1686034080000.0,0.0,-0.005156480000000001,1156.6448953913725,1111.1335799200017,0.001,25782.4,0.044,26828.44807889479,long_rentry,1180.4517154713708,1.0205826526143469,0.0
1686081120000.0,140872,1686081120000.0,1.2486076844208291,-0.02171248,1157.8717905957935,1169.613867440002,-0.004,27140.6,0.04,26828.44807889479,long_nclose,1073.1379231557917,0.926819300609784,784.0
1686090600000.0,141030,1686090600000.0,0.8506076844208292,-0.02163288,1158.7007654002143,1167.1698345600018,-0.004,27041.1,0.036,26828.44807889479,unstuck_close_long,965.8241308402124,0.8335405996790013,158.0
1686094140000.0,141089,1686094140000.0,2.1106076844208292,-0.02188488,1160.789488204635,1175.3959496800019,-0.004,27356.1,0.032,26828.44807889479,long_nclose,858.5103385246333,0.7395917582372928,59.0
1686150060000.0,142021,1686150060000.0,0.0,-0.05787452,1160.731613684635,1142.5145751600016,0.011,26306.6,0.043,26694.952058712406,long_rentry,1147.8829385246333,0.9889305374226737,932.0
1686150120000.0,142022,1686150120000.0,-1.6946082348496274,-0.02101704,1159.0159884097852,1144.2602581200013,-0.004,26271.3,0.039,26694.952058712406,unstuck_close_long,1041.1031302897838,0.8982646837497191,1.0
1686206700000.0,142965,1686206700000.0,-0.9398082348496246,-0.021168000000000003,1158.0550121749357,1149.0161901200015,-0.004,26460.0,0.035,26694.952058712406,unstuck_close_long,934.3233220549344,0.8068039188399071,943.0
1686370860000.0,145701,1686370860000.0,0.0,-0.04705866,1158.0079535149357,1138.5997314600013,0.009,26143.7,0.044,26582.195955793963,long_rentry,1169.6166220549344,1.010024688090235,2736.0
1686370920000.0,145702,1686370920000.0,-1.7643838231758564,-0.02091288,1156.2226568117599,1136.8308185800015,-0.004,26141.1,0.04,26582.195955793963,unstuck_close_long,1063.2878382317585,0.9196220398964802,1.0
1686370980000.0,145703,1686370980000.0,0.0,-0.020783760000000002,1156.2018730517598,1134.4604348200012,0.004,25979.7,0.044,26527.42359617633,long_rentry,1167.2066382317585,1.0095180309221883,1.0
1686427500000.0,146645,1686427500000.0,-3.273294384705325,-0.02056728,1152.9080113870543,1119.3310675400012,-0.004,25709.1,0.04,26527.42359617633,unstuck_close_long,1061.0969438470531,0.9203656608912414,942.0
1686427560000.0,146646,1686427560000.0,0.0,-0.0205504,1152.8874609870543,1118.703317140001,0.004,25688.0,0.044,26451.112360160303,long_rentry,1163.8489438470533,1.0095078515734868,1.0
1686484080000.0,147588,1686484080000.0,-2.570049440641218,-0.02064688,1150.296764666413,1124.552270260001,-0.004,25808.6,0.04,26451.112360160303,unstuck_close_long,1058.0444944064122,0.9198013303230023,942.0
1686484140000.0,147589,1686484140000.0,0.0,-0.020646,1150.2761186664131,1124.505224260001,0.004,25807.5,0.044,26392.602145600278,long_rentry,1161.2744944064123,1.0095615092424506,1.0
1686540660000.0,148531,1686540660000.0,-2.3200085824011185,-0.02065008,1147.935460004012,1124.427374180001,-0.004,25812.6,0.04,26392.602145600278,unstuck_close_long,1055.7040858240111,0.9196545647438416,942.0
1686541500000.0,148545,1686541500000.0,0.0,-0.020635520000000004,1147.914824484012,1123.8239386600007,0.004,25794.4,0.044,26338.22013236389,long_rentry,1158.8816858240111,1.009553723940214,14.0
1686597240000.0,149474,1686597240000.0,-2.137280529455558,-0.020643120000000004,1145.7569008345563,1124.4520955400005,-0.004,25803.9,0.04,26338.22013236389,unstuck_close_long,1053.5288052945557,0.919504656290682,929.0
1686653820000.0,150417,1686653820000.0,-0.7920805294555612,-0.020912160000000003,1144.9439081451007,1138.1355833800005,-0.004,26140.2,0.036,26338.22013236389,unstuck_close_long,948.1759247651,0.8281418137777768,943.0
1686669840000.0,150684,1686669840000.0,0.0,-0.04125488,1144.9026532651008,1125.4323285000007,0.008,25784.3,0.044,26237.507381025,long_rentry,1154.4503247650998,1.0083392867269287,267.0
1686710400000.0,151360,1686710400000.0,-0.8700295240999986,-0.020816,1144.011807741001,1135.3155125000008,-0.004,26020.0,0.04,26237.507381025,unstuck_close_long,1049.500295241,0.9173858942184993,676.0
1686766980000.0,152303,1686766980000.0,-1.5896295241000045,-0.020672080000000002,1142.401506136901,1128.159640420001,-0.004,25840.1,0.036,26237.507381025,unstuck_close_long,944.5502657169,0.8268111173198233,943.0
1686773100000.0,152405,1686773100000.0,0.0,-0.04109808,1142.360408056901,1118.2225423400012,0.008,25686.3,0.044,26137.28785720227,long_rentry,1150.0406657168999,1.006723147621216,102.0
1686823620000.0,153247,1686823620000.0,-4.745951428809087,-0.01996064,1137.594495988092,1090.0109817000011,-0.004,24950.8,0.04,26137.28785720227,unstuck_close_long,1045.491514288091,0.9190370716236613,842.0
1686823680000.0,153248,1686823680000.0,0.0,-0.019958160000000003,1137.574537828092,1089.898623540001,0.004,24947.7,0.044,26029.143506547523,long_rentry,1145.282314288091,1.0067756232261624,1.0
1686880200000.0,154190,1686880200000.0,-2.036574026190094,-0.020416,1135.5175478019019,1114.6158075400008,-0.004,25520.0,0.04,26029.143506547523,unstuck_close_long,1041.165740261901,0.9169085429611862,942.0
1686926760000.0,154966,1686926760000.0,0.0,-0.02035232,1135.4971954819018,1104.1990552200007,0.004,25440.4,0.044,25975.62136958866,long_rentry,1142.927340261901,1.0065435166282783,776.0
1686936780000.0,155133,1686936780000.0,0.7171145216453588,-0.020923920000000002,1136.193386083547,1145.1285313000005,-0.004,26154.9,0.04,25975.62136958866,unstuck_close_long,1039.0248547835465,0.9144788796606712,167.0
1686938820000.0,155167,1686938820000.0,4.087029043290706,-0.042378400000000004,1140.2380367268377,1153.9269529000005,-0.008,26486.5,0.032,25975.62136958866,long_nclose,831.2198838268372,0.7289880332469292,34.0
1686980460000.0,155861,1686980460000.0,5.755829043290694,-0.04271216,1145.9511536101284,1164.1042407400005,-0.008,26695.1,0.024,25975.62136958866,long_nclose,623.4149128701279,0.5440152583346707,694.0
1687197900000.0,159485,1687197900000.0,7.424629043290712,-0.04304592,1153.332736733419,1167.8907948200006,-0.008,26903.7,0.016,25975.62136958866,long_nclose,415.6099419134186,0.36035562737129045,3624.0
1687223580000.0,159913,1687223580000.0,9.0934290432907,-0.043379680000000004,1162.3827860967097,1171.5282151400004,-0.008,27112.3,0.008,25975.62136958866,long_nclose,207.8049709567093,0.178774989996643,428.0
1687279500000.0,160845,1687279500000.0,10.762229043290718,-0.043713440000000006,1173.1013017000005,1173.1013017000005,-0.008,27320.9,0.0,25975.62136958866,long_nclose,0.0,0.0,932.0
1687444860000.0,163601,1687444860000.0,0.0,-0.00593442,1173.0953672800006,1173.1064672800005,0.001,29672.1,0.001,29672.1,long_ientry_normal,29.6721,0.02529385148694199,2756.0
1687535580000.0,165113,1687535580000.0,1.5367000000000008,-0.006241760000000001,1174.6258255200007,1174.6258255200007,-0.001,31208.8,0.0,29672.1,long_nclose,0.0,0.0,1512.0
1687568520000.0,165662,1687568520000.0,0.0,-0.0060867000000000004,1174.6197388200007,1174.6187388200008,0.001,30433.5,0.001,30433.5,long_ientry_normal,30.433500000000002,0.025909235980124838,549.0
1687741980000.0,168553,1687741980000.0,0.0,-0.01209172,1174.6076471000008,1174.0626471000007,0.002,30229.3,0.003,30297.366666666665,long_rentry,90.8921,0.07738081752183745,2891.0
1687741980000.0,168553,1687741980000.0,0.0,-0.04209268,1174.5655544200008,1174.3670544200008,0.007,30066.2,0.01,30135.55,long_rentry,301.3555,0.256567629508605,0.0
1688132820000.0,175067,1688132820000.0,0.0,-0.17289336000000002,1174.3926610600008,1161.5624610600007,0.029,29809.2,0.039,29892.87948717949,long_rentry,1165.8223,0.9927023036296351,6514.0
1688132880000.0,175068,1688132880000.0,-1.31591794871795,-0.023651120000000005,1173.0530919912828,1169.8023099400007,-0.004,29563.9,0.035,29892.87948717949,unstuck_close_long,1046.2507820512822,0.8919040316199576,1.0
1688143860000.0,175251,1688143860000.0,4.115443589743572,-0.04267312,1177.1258624610264,1193.5120368200007,-0.007,30480.8,0.028,29892.87948717949,long_nclose,837.0006256410257,0.7110544864685089,183.0
1688336820000.0,178467,1688336820000.0,5.795443589743573,-0.043009120000000005,1182.87829693077,1200.2478277000007,-0.007,30720.8,0.021,29892.87948717949,long_nclose,627.7504692307693,0.5306974275034058,3216.0
1688398200000.0,179490,1688398200000.0,7.476143589743588,-0.043345260000000004,1190.3110952605134,1205.5629824400005,-0.007,30960.9,0.014,29892.87948717949,long_nclose,418.5003128205129,0.35158902112806,1023.0
1688410200000.0,179690,1688410200000.0,9.156843589743577,-0.0436814,1199.424257450257,1208.7491010400006,-0.007,31201.0,0.007,29892.87948717949,long_nclose,209.25015641025644,0.17445883315306762,200.0
1688634000000.0,183420,1688634000000.0,10.837543589743568,-0.04401754,1210.2177835000007,1210.2177835000007,-0.007,31441.1,0.0,29892.87948717949,long_nclose,0.0,0.0,3730.0
1688644320000.0,183592,1688644320000.0,0.0,-0.006181140000000001,1210.2116023600006,1210.2290023600005,0.001,30905.7,0.001,30905.7,long_ientry_normal,30.905700000000003,0.025537434891329452,172.0
1688644620000.0,183597,1688644620000.0,0.0,-0.012279400000000001,1210.1993229600007,1210.1676229600007,0.002,30698.5,0.003,30767.566666666666,long_rentry,92.3027,0.07627065909625433,5.0
1688646840000.0,183634,1688646840000.0,0.0,-0.04274676,1210.1565762000007,1209.2680762000007,0.007,30533.4,0.01,30603.65,long_rentry,306.03650000000005,0.2528900028465588,37.0
1688651940000.0,183719,1688651940000.0,0.0,-0.1816458,1209.9749304000006,1209.8574304000008,0.03,30274.3,0.04,30356.637499999997,long_rentry,1214.2655,1.003545998757661,85.0
1688652000000.0,183720,1688652000000.0,-0.01174999999998545,-0.024282960000000003,1209.9388974400008,1210.470347440001,-0.004,30353.7,0.036,30356.637499999997,unstuck_close_long,1092.8389499999998,0.9032182966530277,1.0
1688688120000.0,184322,1688688120000.0,0.0,-0.023742000000000003,1209.9151554400007,1188.370205440001,0.004,29677.5,0.04,30288.723749999994,long_rentry,1211.5489499999999,1.0013503381230109,602.0
1688708580000.0,184663,1688708580000.0,-0.16329499999996916,-0.024198320000000002,1209.7276621200006,1207.3832071200006,-0.004,30247.9,0.036,30288.723749999994,unstuck_close_long,1090.3940549999998,0.901354981904875,341.0
1688765160000.0,185606,1688765160000.0,-0.010494999999980792,-0.024228879999999998,1209.6929382400006,1209.7305782400008,-0.004,30286.1,0.032,30288.723749999994,unstuck_close_long,969.2391599999999,0.8012274266973565,943.0
1689019200000.0,189840,1689019200000.0,2.3827050000000307,-0.024707520000000004,1212.0509357200006,1229.0126707200006,-0.004,30884.4,0.028,30288.723749999994,long_nclose,848.0842649999998,0.6997100864380821,4234.0
1689263160000.0,193906,1689263160000.0,5.8721337500000335,-0.04357864,1217.8794908300006,1234.2841920800008,-0.007,31127.6,0.021,30288.723749999994,long_nclose,636.0631987499999,0.522271048604747,4066.0
1689271860000.0,194051,1689271860000.0,7.575233750000054,-0.04391926,1225.4108053200007,1240.883272820001,-0.007,31370.9,0.014,30288.723749999994,long_nclose,424.0421324999999,0.34604079763215945,145.0
1689276300000.0,194125,1689276300000.0,9.277633750000033,-0.04425974,1234.6441793300007,1244.1220130800007,-0.007,31614.1,0.007,30288.723749999994,long_nclose,212.02106624999996,0.1717264534993852,74.0
1689361260000.0,195541,1689361260000.0,0.0,-0.20404488,1234.4401344500006,1236.2577682000006,0.034,30006.6,0.041,30054.767469512197,long_rentry,1232.2454662500002,0.9982221347647787,1416.0
1689361320000.0,195542,1689361320000.0,0.17733012195120681,-0.02407928,1234.5933852919518,1232.4189889200004,-0.004,30099.1,0.037,30054.767469512197,unstuck_close_long,1112.0263963719513,0.9007227882635899,1.0
1689417900000.0,196485,1689417900000.0,1.0429301219512126,-0.0242524,1235.612063013903,1244.1502365200006,-0.004,30315.5,0.033,30054.767469512197,unstuck_close_long,991.8073264939026,0.8026850466923151,943.0
1689698880000.0,201168,1689698880000.0,0.0,-0.04709808,1235.564964933903,1219.8418384400004,0.008,29436.3,0.041,29934.090890095184,long_rentry,1227.2977264939025,0.9933089407075874,4683.0
1689698940000.0,201169,1689698940000.0,-1.5339635603807402,-0.023640480000000002,1234.0073608935222,1224.7539979600003,-0.004,29550.6,0.037,29934.090890095184,unstuck_close_long,1107.5613629335217,0.8975322174185061,1.0
1689755520000.0,202112,1689755520000.0,0.24363643961926573,-0.023996000000000003,1234.2270013331415,1236.4053019600003,-0.004,29995.0,0.033,29934.090890095184,unstuck_close_long,987.824999373141,0.8003592518281879,943.0
1690192200000.0,209390,1690192200000.0,0.0,-0.04691104000000001,1234.1800902931416,1202.4398909200006,0.008,29319.4,0.041,29814.15120422295,long_rentry,1222.380199373141,0.990439085014572,7278.0
1690192200000.0,209390,1690192200000.0,0.0,-0.0058201400000000006,1234.1742701531416,1202.3733707800006,0.001,29100.7,0.042,29797.16427078907,long_rentry,1251.480899373141,1.0140228407272271,0.0
1690192260000.0,209391,1690192260000.0,-3.028657083156286,-0.023232,1231.1223810699853,1203.6611387800006,-0.004,29040.0,0.038,29797.16427078907,unstuck_close_long,1132.2922422899846,0.9197235463349257,1.0
1690192320000.0,209392,1690192320000.0,0.0,-0.0174447,1231.1049363699854,1206.2512940800007,0.003,29074.5,0.041,29744.286397316697,long_rentry,1219.5157422899847,0.9905863474853961,1.0
1690209180000.0,209673,1690209180000.0,0.0,-0.005806480000000001,1231.0991298899853,1202.1175876000007,0.001,29032.4,0.042,29727.33672119011,long_rentry,1248.5481422899848,1.0141735234607459,281.0
1690248840000.0,210334,1690248840000.0,-2.7333468847604383,-0.0232352,1228.3425478052247,1201.8855524000005,-0.004,29044.0,0.038,29727.33672119011,unstuck_close_long,1129.638795405224,0.9196447663753385,661.0
1690248900000.0,210335,1690248900000.0,0.0,-0.01741866,1228.3251291452248,1202.7086337400006,0.003,29031.1,0.041,29676.392570859123,long_rentry,1216.732095405224,0.9905619176348951,1.0
1690305420000.0,211277,1690305420000.0,-1.947570283436493,-0.0233516,1226.3542072617881,1208.3428821400005,-0.004,29189.5,0.037,29676.392570859123,unstuck_close_long,1098.0265251217875,0.8953583871771178,942.0
1690362000000.0,212220,1690362000000.0,-1.8971702834364987,-0.02336168,1224.4336752983515,1208.8348204600004,-0.004,29202.1,0.033,29676.392570859123,unstuck_close_long,979.3209548383511,0.799815436797526,943.0
1690747320000.0,218642,1690747320000.0,0.0,-0.046507520000000004,1224.3871677783516,1203.1317129400004,0.008,29067.2,0.041,29557.525727764663,long_rentry,1211.8585548383512,0.9897674418111279,6422.0
1690747380000.0,218643,1690747380000.0,-2.073702911058659,-0.02323128,1222.290233587293,1204.8104816600003,-0.004,29039.1,0.037,29557.525727764663,unstuck_close_long,1093.6284519272924,0.8947371269731971,1.0
1690803960000.0,219586,1690803960000.0,-0.7345029110586475,-0.023499120000000002,1221.5322315562344,1215.4758825400004,-0.004,29373.9,0.033,29557.525727764663,unstuck_close_long,975.398349016234,0.7985039803440754,943.0
1690855740000.0,220449,1690855740000.0,0.0,-0.0521127,1221.4801188562344,1204.0138698400006,0.009,28951.5,0.042,29427.663071815092,long_rentry,1235.9618490162338,1.0118558869165712,863.0
1690860540000.0,220529,1690860540000.0,-2.1374522872603703,-0.023114640000000002,1219.319551928974,1199.0327552000006,-0.004,28893.3,0.038,29427.663071815092,unstuck_close_long,1118.2511967289734,0.9171108549517559,80.0
1690893060000.0,221071,1690893060000.0,0.0,-0.0230096,1219.296542328974,1196.8363456000006,0.004,28762.0,0.042,29364.26658878508,long_rentry,1233.2991967289736,1.011484207421152,542.0
1690917120000.0,221472,1690917120000.0,-0.4386663551403326,-0.02340368,1218.8344722938336,1214.5797419200005,-0.004,29254.6,0.038,29364.26658878508,unstuck_close_long,1115.842130373833,0.915499319832848,401.0
1690934100000.0,221755,1690934100000.0,1.0249002336447592,-0.017823540000000002,1219.8415489874783,1229.1212183800005,-0.003,29705.9,0.035,29364.26658878508,long_nclose,1027.749330607478,0.8425269097126219,283.0
1690939500000.0,221845,1690939500000.0,4.042033878504434,-0.041918380000000005,1223.8416644859828,1240.2030000000004,-0.007,29941.7,0.028,29364.26658878508,long_nclose,822.1994644859823,0.6718184944547614,90.0
1691181900000.0,225885,1691181900000.0,0.0,-0.08072008,1223.7609444059829,1212.7606799200007,0.014,28828.6,0.042,29185.711059190053,long_rentry,1225.7998644859822,1.0016661097817507,4040.0
1691181960000.0,225886,1691181960000.0,-1.047644236760214,-0.02313904,1222.6901611292228,1214.4589408800007,-0.004,28923.8,0.038,29185.711059190053,unstuck_close_long,1109.057020249222,0.9070630119612197,1.0
1691238780000.0,226833,1691238780000.0,-0.6388442367602111,-0.0232208,1222.0280960924626,1216.6727200800008,-0.004,29026.0,0.034,29185.711059190053,unstuck_close_long,992.3141760124619,0.8120223906352642,947.0
1691512620000.0,231397,1691512620000.0,3.443933644859688,-0.03571164,1225.4363180973223,1239.2764084400008,-0.006,29759.7,0.028,29185.711059190053,long_nclose,817.1999096573215,0.6668644445972922,4564.0
1691528760000.0,231666,1691528760000.0,5.65872258566962,-0.04199174,1231.053048942992,1247.739416700001,-0.007,29994.1,0.021,29185.711059190053,long_nclose,612.8999322429911,0.4978663858306024,269.0
1691529660000.0,231681,1691529660000.0,5.213944704049736,-0.030228500000000005,1236.2367651470418,1251.870188200001,-0.005,30228.5,0.016,29185.711059190053,long_nclose,466.9713769470409,0.3777361991750002,15.0
1692227100000.0,243305,1692227100000.0,0.0,-0.15555564,1236.0812095070416,1232.0450325600007,0.027,28806.6,0.043,28947.664580163742,long_rentry,1244.7495769470409,1.0070127815011898,11624.0
1692227160000.0,243306,1692227160000.0,-0.37545832065497237,-0.02308304,1235.6826681463865,1232.8058495200007,-0.004,28853.8,0.039,28947.664580163742,unstuck_close_long,1128.9589186263859,0.9136317500672774,1.0
1692283740000.0,244249,1692283740000.0,-2.2838583206549665,-0.02270136,1233.3761084657317,1212.6538481600007,-0.004,28376.7,0.035,28947.664580163742,unstuck_close_long,1013.1682603057311,0.8214592883318212,943.0
1692284520000.0,244262,1692284520000.0,0.0,-0.04534768,1233.3307607857316,1215.7292004800006,0.008,28342.3,0.043,28835.03861176119,long_rentry,1239.906660305731,1.005331821542998,13.0
1692340320000.0,245192,1692340320000.0,-9.34855444704475,-0.021198320000000003,1223.961008018687,1133.6745021600007,-0.004,26497.9,0.039,28835.03861176119,unstuck_close_long,1124.5665058586865,0.9187927544187887,930.0
1692340380000.0,245193,1692340380000.0,0.0,-0.021216000000000002,1223.9397920186868,1133.6446861600004,0.004,26520.0,0.043,28619.68618276015,long_rentry,1230.6465058586864,1.0054796109120188,1.0
1692397020000.0,246137,1692397020000.0,-10.193544731040602,-0.02085704,1213.7253902476461,1114.6230291200002,-0.004,26071.3,0.039,28619.68618276015,unstuck_close_long,1116.167761127646,0.9196213328781935,944.0
1692397080000.0,246138,1692397080000.0,0.0,-0.02086288,1213.704527367646,1114.0173662400002,0.004,26078.6,0.043,28383.30607273595,long_rentry,1220.482161127646,1.0055842535041866,1.0
1692453600000.0,247080,1692453600000.0,-9.887624290943801,-0.02072912,1203.7961739567022,1107.33723712,-0.004,25911.4,0.039,28383.30607273595,unstuck_close_long,1106.9489368367022,0.9195484757177145,942.0
1692453840000.0,247084,1692453840000.0,0.0,-0.020736,1203.7754379567023,1108.66540112,0.004,25920.0,0.043,28154.161321783773,long_rentry,1210.6289368367022,1.0056933367004341,4.0
1692510180000.0,248023,1692510180000.0,-8.166245287135098,-0.020890080000000002,1195.588302589567,1115.96741104,-0.004,26112.6,0.039,28154.161321783773,unstuck_close_long,1098.0122915495672,0.9183866128259565,939.0
1692510300000.0,248025,1692510300000.0,0.0,-0.020890080000000002,1195.567412509567,1115.4907209599999,0.004,26112.6,0.043,27964.24864068761,long_rentry,1202.4626915495671,1.0057673695082794,2.0
1692566820000.0,248967,1692566820000.0,-7.144594562750441,-0.020942480000000003,1188.4018754668166,1118.7771784799997,-0.004,26178.1,0.039,27964.24864068761,unstuck_close_long,1090.6056969868168,0.9177078221610981,942.0
1692566940000.0,248969,1692566940000.0,0.0,-0.020952000000000002,1188.3809234668165,1119.1766264799996,0.004,26190.0,0.043,27799.202255507367,long_rentry,1195.3656969868166,1.0058775543952891,2.0
1692623400000.0,249910,1692623400000.0,-7.208009022029466,-0.020797760000000002,1181.152116684787,1110.6556287199996,-0.004,25997.2,0.039,27799.202255507367,unstuck_close_long,1084.1688879647872,0.9178909918967858,941.0
1692623520000.0,249912,1692623520000.0,0.0,-0.020811600000000003,1181.131305084787,1110.4701171199997,0.004,26014.5,0.043,27633.18344104157,long_rentry,1188.2268879647875,1.006007446292765,2.0
1692679980000.0,250853,1692679980000.0,-6.541533764166277,-0.020798240000000003,1174.5689730806207,1110.7890188799995,-0.004,25997.8,0.039,27633.18344104157,unstuck_close_long,1077.6941542006211,0.9175230905121565,941.0
1692680040000.0,250854,1692680040000.0,0.0,-0.020798240000000003,1174.5481748406207,1110.7639206399995,0.004,25997.8,0.043,27481.054748851657,long_rentry,1181.685354200621,1.0060765318212417,1.0
1692736560000.0,251796,1692736560000.0,-6.64901899540663,-0.02065504,1167.8785008052141,1103.2260655999994,-0.004,25818.8,0.039,27481.054748851657,unstuck_close_long,1071.7611352052147,0.9176991737293481,942.0
1692736620000.0,251797,1692736620000.0,0.0,-0.020658640000000002,1167.8578421652142,1103.0205069599995,0.004,25823.3,0.043,27326.845004772433,long_rentry,1175.0543352052146,1.0061621310232913,1.0
1692793320000.0,252742,1692793320000.0,-5.711380019089731,-0.0207192,1162.1257429461243,1106.2486877599995,-0.004,25899.0,0.039,27326.845004772433,unstuck_close_long,1065.746955186125,0.917066816267517,945.0
1692793380000.0,252743,1692793380000.0,0.0,-0.02071528,1162.1050276661242,1106.0774724799992,0.004,25894.1,0.043,27193.566399677326,long_rentry,1169.323355186125,1.0062114243963796,1.0
1692849900000.0,253685,1692849900000.0,-3.147865598709308,-0.02112528,1158.9360367874149,1128.2482471999992,-0.004,26406.6,0.039,27193.566399677326,unstuck_close_long,1060.5490895874157,0.9151058004264592,942.0
1692849960000.0,253686,1692849960000.0,0.0,-0.021125360000000003,1158.9149114274148,1128.227121839999,0.004,26406.7,0.043,27120.36952528874,long_rentry,1166.1758895874157,1.0062653246484314,1.0
1692906480000.0,254628,1692906480000.0,-4.3870781011549695,-0.020818879999999998,1154.50701444626,1111.5614029599992,-0.004,26023.6,0.039,27120.36952528874,unstuck_close_long,1057.6944114862608,0.9161437724079713,942.0
1692906540000.0,254629,1692906540000.0,0.0,-0.02081536,1154.48619908626,1110.9858875999992,0.004,26019.2,0.043,27017.935150843277,long_rentry,1161.7712114862609,1.0063101771210143,1.0
1692963120000.0,255572,1692963120000.0,-3.6865406033731123,-0.02087704,1150.778781442887,1114.8350105599993,-0.004,26096.3,0.039,27017.935150843277,unstuck_close_long,1053.699470882888,0.9156403366785424,943.0
1692963240000.0,255574,1692963240000.0,0.0,-0.020877120000000002,1150.757904322887,1114.7965334399992,0.004,26096.4,0.043,26932.210950764835,long_rentry,1158.0850708828877,1.0063672528622014,2.0
1693019760000.0,256516,1693019760000.0,-3.423243803059333,-0.020861120000000004,1147.3137993998278,1113.6290723199993,-0.004,26076.4,0.039,26932.210950764835,unstuck_close_long,1050.3562270798286,0.9154916707436809,942.0
1693019820000.0,256517,1693019820000.0,0.0,-0.0208548,1147.2929445998277,1113.526517519999,0.004,26068.5,0.043,26851.865746042524,long_rentry,1154.6302270798285,1.006395299922776,1.0
1693076400000.0,257460,1693076400000.0,-3.3722629841700984,-0.020807040000000002,1143.8998745756578,1111.0242104799995,-0.004,26008.8,0.039,26851.865746042524,unstuck_close_long,1047.2227640956585,0.9154846393213718,943.0
1693076460000.0,257461,1693076460000.0,0.0,-0.020807120000000002,1143.8790674556578,1110.9905033599994,0.004,26008.9,0.043,26773.45032780601,long_rentry,1151.2583640956584,1.006451116075071,1.0
1693133040000.0,258404,1693133040000.0,-2.758201311224038,-0.020867120000000003,1141.0999990244338,1114.1763362399993,-0.004,26083.9,0.039,26773.45032780601,unstuck_close_long,1044.1645627844343,0.9150508839515616,943.0
1693133100000.0,258405,1693133100000.0,0.0,-0.02086648,1141.0791325444338,1114.090969759999,0.004,26083.1,0.043,26709.23169266127,long_rentry,1148.4969627844346,1.0065007150060312,1.0
1693189620000.0,259347,1693189620000.0,-2.6813267706450716,-0.02083112,1138.376974653789,1112.4017386399994,-0.004,26038.9,0.039,26709.23169266127,unstuck_close_long,1041.6600360137895,0.9150396215019954,942.0
1693189740000.0,259349,1693189740000.0,0.0,-0.02083464,1138.356140013789,1112.3805039999995,0.004,26043.3,0.043,26647.284558460222,long_rentry,1145.8332360137895,1.0065683275533701,2.0
1693246200000.0,260290,1693246200000.0,-2.189538233840882,-0.020879920000000003,1136.145721859948,1114.6300240799992,-0.004,26099.9,0.039,26647.284558460222,unstuck_close_long,1039.2440977799486,0.9147102152342176,941.0
1693250400000.0,260360,1693250400000.0,0.0,-0.02083656,1136.1248852999481,1111.0548875199995,0.004,26045.7,0.043,26591.323204184853,long_rentry,1143.4268977799486,1.0064271213266072,70.0
1693302780000.0,261233,1693302780000.0,-2.525292816739413,-0.020768000000000002,1133.5788244832086,1108.9572195199994,-0.004,25960.0,0.039,26591.323204184853,unstuck_close_long,1037.0616049632092,0.9148561904691533,873.0
1693302900000.0,261235,1693302900000.0,0.0,-0.02076808,1133.5580564032086,1108.9360514399993,0.004,25960.1,0.043,26532.604766586264,long_rentry,1140.9020049632093,1.0064786699882873,2.0
1693318860000.0,261501,1693318860000.0,0.926085700241205,-0.01610478,1134.4680373234498,1147.4318466599993,-0.003,26841.3,0.04,26532.604766586264,long_nclose,1061.3041906634505,0.935508234473829,266.0
1693319160000.0,261506,1693319160000.0,4.174361867309897,-0.043287040000000006,1138.5991121507598,1156.3941596199993,-0.008,27054.4,0.032,26532.604766586264,long_nclose,849.0433525307604,0.745691212534812,5.0
1693319640000.0,261514,1693319640000.0,5.879161867309886,-0.04362800000000001,1144.4346460180698,1161.5825316199994,-0.008,27267.5,0.024,26532.604766586264,long_nclose,636.7825143980704,0.5564166696750074,8.0
1693320120000.0,261522,1693320120000.0,7.583961867309874,-0.04396896,1151.9746389253796,1168.4081626599993,-0.008,27480.6,0.016,26532.604766586264,long_nclose,424.5216762653802,0.3685165123612405,8.0
1693320300000.0,261525,1693320300000.0,9.288761867309892,-0.04430992,1161.2190908726895,1169.7750527399994,-0.008,27693.7,0.008,26532.604766586264,long_nclose,212.2608381326901,0.1827913783032709,3.0
1693326180000.0,261623,1693326180000.0,10.99356186730988,-0.044650880000000004,1172.1680018599993,1172.1680018599993,-0.008,27906.8,0.0,26532.604766586264,long_nclose,0.0,0.0,98.0
1693402620000.0,262897,1693402620000.0,0.0,-0.00544498,1172.1625568799993,1172.1870568799993,0.001,27224.9,0.001,27224.9,long_ientry_normal,27.2249,0.02322621537448339,1274.0
1693407000000.0,262970,1693407000000.0,0.0,-0.010817400000000001,1172.1517394799994,1172.1188394799995,0.002,27043.5,0.003,27103.966666666667,long_rentry,81.31190000000001,0.06936977292383009,73.0
1693496460000.0,264461,1693496460000.0,0.0,-0.03766154,1172.1140779399993,1171.3804779399993,0.007,26901.1,0.01,26961.959999999995,long_rentry,269.61959999999993,0.23002846316278253,1491.0
1693499160000.0,264506,1693499160000.0,0.0,-0.18144304000000003,1171.9326348999994,1170.0694348999994,0.034,26682.8,0.044,26746.245454545457,long_rentry,1176.8348,1.0041829751591644,45.0
1693499220000.0,264507,1693499220000.0,-0.16938181818182058,-0.021363120000000003,1171.7418899618176,1171.5000717799994,-0.004,26703.9,0.04,26746.245454545457,unstuck_close_long,1069.8498181818184,0.9130422214543175,1.0
1693501200000.0,264540,1693501200000.0,0.0,-0.020914560000000002,1171.7209754018177,1146.8423572199995,0.004,26143.2,0.044,26691.42314049587,long_rentry,1174.4226181818183,1.0023057048876967,33.0
1693555860000.0,265451,1693555860000.0,-2.7860925619834744,-0.020795920000000002,1168.9140869198343,1140.7371612999996,-0.004,25994.9,0.04,26691.42314049587,unstuck_close_long,1067.6569256198347,0.913375018375543,911.0
1693556100000.0,265455,1693556100000.0,0.0,-0.020789600000000002,1168.8932973198343,1140.4215716999995,0.004,25987.0,0.044,26627.384673178065,long_rentry,1171.6049256198348,1.0023198253478038,4.0
1693612440000.0,266394,1693612440000.0,-3.25153869271226,-0.0206516,1165.621107027122,1132.8257200999994,-0.004,25814.5,0.04,26627.384673178065,unstuck_close_long,1065.0953869271227,0.9137578073235249,939.0
1693612500000.0,266395,1693612500000.0,0.0,-0.020646,1165.600461027122,1132.6290740999993,0.004,25807.5,0.044,26552.849702889154,long_rentry,1168.3253869271227,1.0023377872531034,1.0
1693669020000.0,267337,1693669020000.0,-2.509398811556617,-0.0207404,1163.0703218155654,1137.9963336999992,-0.004,25925.5,0.04,26552.849702889154,unstuck_close_long,1062.1139881155661,0.913198426779212,942.0
1693669080000.0,267338,1693669080000.0,0.0,-0.020740800000000004,1163.0495810155653,1138.283592899999,0.004,25926.0,0.044,26495.86336626287,long_rentry,1165.8179881155663,1.0023803001567515,1.0
1693725600000.0,268280,1693725600000.0,-2.3094534650514835,-0.0207348,1160.7193927505139,1137.812858099999,-0.004,25918.5,0.04,26495.86336626287,unstuck_close_long,1059.8345346505148,0.9130841969815495,942.0
1693726140000.0,268289,1693726140000.0,0.0,-0.020718720000000003,1160.6986740305138,1136.7561393799988,0.004,25898.4,0.044,26441.54851478443,long_rentry,1163.428134650515,1.0023515669321161,9.0
1693782420000.0,269227,1693782420000.0,-2.0569940591377236,-0.02074184,1158.620938131376,1138.074997539999,-0.004,25927.3,0.04,26441.54851478443,unstuck_close_long,1057.6619405913773,0.912862788667685,938.0
1693829520000.0,270012,1693829520000.0,0.0,-0.02067632,1158.6002618113762,1134.265921219999,0.004,25845.4,0.044,26387.353195258573,long_rentry,1161.0435405913772,1.0021088194613224,785.0
1693839060000.0,270171,1693839060000.0,-2.220612781034288,-0.020665760000000002,1156.358983270342,1133.636855459999,-0.004,25832.2,0.04,26387.353195258573,unstuck_close_long,1055.494127810343,0.9127737519928808,159.0
1693840080000.0,270188,1693840080000.0,0.0,-0.020634000000000003,1156.338349270342,1131.7654214599988,0.004,25792.5,0.044,26333.27563205325,long_rentry,1158.664127810343,1.0020113304565819,17.0
1693895640000.0,271114,1693895640000.0,-2.6019025282130026,-0.02054624,1153.715900502129,1127.760875219999,-0.004,25682.8,0.04,26333.27563205325,unstuck_close_long,1053.33102528213,0.9129899525729785,926.0
1693895700000.0,271115,1693895700000.0,0.0,-0.020547520000000003,1153.695352982129,1127.7579276999988,0.004,25684.4,0.044,26274.286938230227,long_rentry,1156.06862528213,1.0020571048447637,1.0
1693952340000.0,272059,1693952340000.0,-2.145147752920908,-0.020590400000000002,1151.5296148292082,1129.9181372999992,-0.004,25738.0,0.04,26274.286938230227,unstuck_close_long,1050.971477529209,0.9126742933876576,944.0
1694004360000.0,272926,1694004360000.0,0.0,-0.020545600000000004,1151.509069229208,1128.473191699999,0.004,25682.0,0.044,26220.442671118388,long_rentry,1153.699477529209,1.0019022067290073,867.0
1694008980000.0,273003,1694008980000.0,-2.1961706844735454,-0.020537120000000002,1149.2923614247345,1126.838654579999,-0.004,25671.4,0.04,26220.442671118388,unstuck_close_long,1048.8177068447355,0.9125769404266776,77.0
1694009040000.0,273004,1694009040000.0,0.0,-0.02050352,1149.2718579047346,1125.643351059999,0.004,25629.4,0.044,26166.711519198536,long_rentry,1151.3353068447354,1.0017954402396685,1.0
1694065620000.0,273947,1694065620000.0,-1.5920460767941405,-0.02061496,1147.6591968679404,1132.198736099999,-0.004,25768.7,0.04,26166.711519198536,unstuck_close_long,1046.6684607679415,0.9120028520874391,943.0
1694122200000.0,274890,1694122200000.0,0.09955392320585088,-0.020953279999999998,1147.7377975111463,1147.7481828199989,-0.004,26191.6,0.036,26166.711519198536,unstuck_close_long,942.0016146911472,0.8207463557738229,943.0
1694374800000.0,279100,1694374800000.0,0.0,-0.04099168,1147.6968058311463,1128.7471911399991,0.008,25619.8,0.044,26067.273061162436,long_rentry,1146.960014691147,0.9993580263217117,4210.0
1694374860000.0,279101,1694374860000.0,-1.7226922446497483,-0.020509279999999998,1145.9536043064966,1129.278681859999,-0.004,25636.6,0.04,26067.273061162436,unstuck_close_long,1042.6909224464976,0.9098892996436002,1.0
1694431440000.0,280044,1694431440000.0,-1.6494922446497366,-0.02052392,1144.2835881418468,1129.2149579399993,-0.004,25654.9,0.036,26067.273061162436,unstuck_close_long,938.4218302018476,0.820095507727862,943.0
1694441100000.0,280205,1694441100000.0,0.0,-0.04083648,1144.2427516618468,1122.5121214599994,0.008,25522.8,0.044,25968.277959132898,long_rentry,1142.6042302018475,0.9985680298541375,161.0
1694441460000.0,280211,1694441460000.0,0.0,-0.00506862,1144.2376830418468,1113.3413528399992,0.001,25343.1,0.045,25954.38511559661,long_rentry,1167.9473302018475,1.0207209109710238,6.0
1694488020000.0,280987,1694488020000.0,-2.660740462386442,-0.02023136,1141.5567112194603,1113.3903214799993,-0.004,25289.2,0.041,25954.38511559661,unstuck_close_long,1064.129789739461,0.9321742663163107,776.0
1694488080000.0,280988,1694488080000.0,0.0,-0.01516044,1141.5415507794603,1114.809561039999,0.003,25267.4,0.044,25907.545221351393,long_rentry,1139.9319897394612,0.998590010990927,1.0
1694488080000.0,280988,1694488080000.0,0.0,-0.005053480000000001,1141.5364972994603,1114.837107559999,0.001,25267.4,0.045,25893.31977198803,long_rentry,1165.1993897394614,1.0207289845712166,0.0
1694514060000.0,281421,1694514060000.0,1.506401140059843,-0.0261946,1143.01670383952,1152.8799129599988,-0.005,26194.6,0.04,25893.31977198803,long_nclose,1035.7327908795212,0.9061396805491816,433.0
1694527260000.0,281641,1694527260000.0,4.07344182409576,-0.042244000000000004,1147.0479016636157,1161.3288689599988,-0.008,26402.5,0.032,25893.31977198803,long_nclose,828.5862327036169,0.7223641065921316,220.0
1694697660000.0,284481,1694697660000.0,5.73744182409576,-0.042576800000000005,1152.7427666877115,1171.092692159999,-0.008,26610.5,0.024,25893.31977198803,long_nclose,621.4396745277128,0.5390965725279336,2840.0
1694716560000.0,284796,1694716560000.0,7.401441824095761,-0.0429096,1160.1012989118074,1173.443382559999,-0.008,26818.5,0.016,25893.31977198803,long_nclose,414.29311635180846,0.35711805231182975,315.0
1695033000000.0,290070,1695033000000.0,9.064641824095773,-0.04324224000000001,1169.1226984959033,1178.135340319999,-0.008,27026.4,0.008,25893.31977198803,long_nclose,207.14655817590423,0.17718119615879657,5274.0
1695038460000.0,290161,1695038460000.0,10.728641824095773,-0.04357504,1179.807765279999,1179.807765279999,-0.008,27234.4,0.0,25893.31977198803,long_nclose,0.0,0.0,91.0
1695058020000.0,290487,1695058020000.0,0.0,-0.00538806,1179.802377219999,1179.781777219999,0.001,26940.3,0.001,26940.3,long_ientry_normal,26.9403,0.022834586978439708,326.0
1695058320000.0,290492,1695058320000.0,0.0,-0.010704400000000001,1179.7916728199991,1179.639672819999,0.002,26761.0,0.003,26820.766666666663,long_rentry,80.46229999999998,0.0682004305113248,5.0
1695062460000.0,290561,1695062460000.0,0.0,-0.0372687,1179.7544041199992,1179.3206041199992,0.007,26620.5,0.01,26680.579999999998,long_rentry,266.8058,0.2261536800102182,69.0
1695303240000.0,294574,1695303240000.0,0.0,-0.18484340000000002,1179.5695607199991,1179.0172607199988,0.035,26406.2,0.045,26467.17333333334,long_rentry,1191.0228000000002,1.0097096768697644,4013.0
1695303300000.0,294575,1695303300000.0,-0.04909333333335235,-0.021163920000000003,1179.4993034666659,1178.807496799999,-0.004,26454.9,0.041,26467.17333333334,unstuck_close_long,1085.154106666667,0.9200125031674806,1.0
1695359880000.0,295518,1695359880000.0,0.609706666666636,-0.02129568,1180.0877144533324,1185.7275011199988,-0.004,26619.6,0.037,26467.17333333334,unstuck_close_long,979.2854133333335,0.8298412070046681,943.0
1695916620000.0,304797,1695916620000.0,2.602633333333306,-0.026987700000000003,1182.6633600866658,1198.6194134199989,-0.005,26987.7,0.032,26467.17333333334,long_nclose,846.9495466666668,0.7161374700951268,9279.0
1695918300000.0,304825,1695918300000.0,5.864213333333289,-0.04352032000000001,1188.484053099999,1207.0198930999989,-0.008,27200.2,0.024,26467.17333333334,long_nclose,635.2121600000002,0.5344725983854268,28.0
1696198500000.0,309495,1696198500000.0,7.565013333333278,-0.04386048,1196.0052059533325,1211.5160326199991,-0.008,27412.8,0.016,26467.17333333334,long_nclose,423.4747733333334,0.3540743562196979,4670.0
1696198620000.0,309497,1696198620000.0,9.265813333333295,-0.044200640000000006,1205.2268186466656,1219.7870319799988,-0.008,27625.4,0.008,26467.17333333334,long_nclose,211.7373866666667,0.1756826046274211,2.0
1696198620000.0,309497,1696198620000.0,10.965813333333296,-0.044540640000000006,1216.148091339999,1216.148091339999,-0.008,27837.9,0.0,26467.17333333334,long_nclose,0.0,0.0,0.0
1696262640000.0,310564,1696262640000.0,0.0,-0.00557776,1216.1425135799989,1216.154813579999,0.001,27888.8,0.001,27888.8,long_ientry_normal,27.8888,0.022932180800013986,1067.0
1696271940000.0,310719,1696271940000.0,0.0,-0.011081240000000001,1216.1314323399988,1216.020432339999,0.002,27703.1,0.003,27764.999999999996,long_rentry,83.29499999999999,0.06849177464291777,155.0
1696282860000.0,310901,1696282860000.0,0.0,-0.03858064,1216.0928516999988,1216.569651699999,0.007,27557.6,0.01,27619.819999999992,long_rentry,276.19819999999993,0.22711933518390254,182.0
1696283460000.0,310911,1696283460000.0,0.0,-0.18588004000000002,1215.9069716599988,1213.748171659999,0.034,27335.3,0.044,27399.96363636364,long_rentry,1205.5984,0.9915219075963311,10.0
1696283520000.0,310912,1696283520000.0,-0.19625454545454704,-0.021880720000000003,1215.6888363945443,1216.3822909399987,-0.004,27350.9,0.04,27399.96363636364,unstuck_close_long,1095.9985454545456,0.9015452907382346,1.0
1696340100000.0,311855,1696340100000.0,0.42534545454544426,-0.02200504,1216.0921768090898,1219.6070858999988,-0.004,27506.3,0.036,27399.96363636364,unstuck_close_long,986.3986909090909,0.811121648276126,943.0
1696511700000.0,314715,1696511700000.0,2.1553454545454445,-0.022351040000000003,1218.225171223635,1234.3479348599985,-0.004,27938.8,0.032,27399.96363636364,long_nclose,876.7988363636365,0.7197346246613374,2860.0
1696628280000.0,316658,1696628280000.0,6.071490909090906,-0.04505424000000001,1224.251607892726,1244.1412806199987,-0.008,28158.9,0.024,27399.96363636364,long_nclose,657.5991272727273,0.5371437725980498,1943.0
1696996800000.0,322800,1696996800000.0,0.0,-0.11325720000000002,1224.1383506927261,1217.0262234199988,0.021,26966.0,0.045,27197.447272727273,long_rentry,1223.8851272727272,0.9997931415024653,6142.0
1696996860000.0,322801,1696996860000.0,-0.6321890909090871,-0.02163152,1223.484530081817,1217.4186918999987,-0.004,27039.4,0.041,27197.447272727273,unstuck_close_long,1115.0953381818183,0.9114094300050116,1.0
1697046300000.0,323625,1697046300000.0,0.0,-0.021268000000000002,1223.463262081817,1198.8029238999986,0.004,26585.0,0.045,27143.00751515152,long_rentry,1221.4353381818182,0.9983424725834856,824.0
1697053440000.0,323744,1697053440000.0,-1.4920300606060772,-0.021416,1221.9498160212108,1206.4105078999985,-0.004,26770.0,0.041,27143.00751515152,unstuck_close_long,1112.8633081212124,0.9107275057700857,119.0
1697110020000.0,324687,1697110020000.0,-1.7000300606060774,-0.0213744,1220.2284115606049,1204.6548334999986,-0.004,26718.0,0.037,27143.00751515152,unstuck_close_long,1004.2912780606061,0.8230354813458023,943.0
1697127960000.0,324986,1697127960000.0,0.0,-0.04251936,1220.185892200605,1202.0978141399987,0.008,26574.6,0.045,27041.957290235692,long_rentry,1216.8880780606062,0.9972972854701252,299.0
1697166660000.0,325631,1697166660000.0,-0.9278291609427688,-0.021448000000000002,1219.2366150396622,1209.8042661399988,-0.004,26810.0,0.041,27041.957290235692,unstuck_close_long,1108.7202488996634,0.9093560964485933,645.0
1697223420000.0,326577,1697223420000.0,-1.252229160942763,-0.021383120000000002,1217.9630027587193,1206.5611830199987,-0.004,26728.9,0.037,27041.957290235692,unstuck_close_long,1000.5524197387206,0.821496562270317,946.0
1697433360000.0,330076,1697433360000.0,2.6592135488215356,-0.027573800000000002,1220.5946425075408,1242.4968092199988,-0.005,27573.8,0.032,27041.957290235692,long_nclose,865.3426332875422,0.7089516889159999,3499.0
1697433360000.0,330076,1697433360000.0,5.992341678114463,-0.0444656,1226.5425185856552,1242.9691436199987,-0.008,27791.0,0.024,27041.957290235692,long_nclose,649.0069749656566,0.5291353256257568,0.0
1697462520000.0,330562,1697462520000.0,7.729141678114451,-0.04481296,1234.2268473037698,1247.7219306599986,-0.008,28008.1,0.016,27041.957290235692,long_nclose,432.6713166437711,0.3505606101414527,486.0
1697462760000.0,330566,1697462760000.0,9.466741678114456,-0.04516048,1243.6484285018842,1253.5903701799987,-0.008,28225.3,0.008,27041.957290235692,long_nclose,216.33565832188555,0.17395242366243846,4.0
1697462760000.0,330566,1697462760000.0,11.204341678114462,-0.045508,1254.8072621799986,1254.8072621799986,-0.008,28442.5,0.0,27041.957290235692,long_nclose,0.0,0.0,0.0
1697547300000.0,331975,1697547300000.0,0.0,-0.00563786,1254.8016243199986,1254.7829243199985,0.001,28189.3,0.001,28189.3,long_ientry_normal,28.1893,0.022465144652069072,1409.0
1697790420000.0,336027,1697790420000.0,1.4599000000000015,-0.0059298400000000005,1256.2555944799988,1256.2555944799988,-0.001,29649.2,0.0,28189.3,long_nclose,0.0,0.0,4052.0
1697931480000.0,338378,1697931480000.0,0.0,-0.0059656200000000005,1256.2496288599987,1256.2565288599988,0.001,29828.1,0.001,29828.1,long_ientry_normal,29.8281,0.023743768208765902,2351.0
1697960400000.0,338860,1697960400000.0,0.0,-0.01185164,1256.2377772199986,1256.1515772199987,0.002,29629.1,0.003,29695.433333333327,long_rentry,89.08629999999998,0.07091515763611585,482.0
1698080100000.0,340855,1698080100000.0,4.613900000000023,-0.018740040000000003,1260.8329371799987,1260.8329371799987,-0.003,31233.4,0.0,29695.433333333327,long_nclose,0.0,0.0,1995.0
1698300300000.0,344525,1698300300000.0,0.0,-0.00688364,1260.8260535399986,1260.8769535399986,0.001,34418.2,0.001,34418.2,long_ientry_normal,34.4182,0.027298135141929084,3670.0
1698317160000.0,344806,1698317160000.0,0.0,-0.01367456,1260.8123789799986,1260.6324789799985,0.002,34186.4,0.003,34263.666666666664,long_rentry,102.791,0.08152759420331696,281.0
1698320760000.0,344866,1698320760000.0,0.0,-0.04759958,1260.7647793999986,1260.7978793999985,0.007,33999.7,0.01,34078.89,long_rentry,340.7889,0.2703033155496162,60.0
1698426420000.0,346627,1698426420000.0,0.0,-0.1819881,1260.5827912999987,1250.9776912999987,0.027,33701.5,0.037,33803.4972972973,long_rentry,1250.7294,0.9921834635789076,1761.0
1698426480000.0,346628,1698426480000.0,-0.7787918918918877,-0.020126340000000003,1259.783873068107,1253.918964959999,-0.003,33543.9,0.034,33803.4972972973,unstuck_close_long,1149.3189081081082,0.912314352230141,1.0
1698483120000.0,347572,1698483120000.0,0.9171081081080993,-0.020465519999999997,1260.680515656215,1270.4951994399987,-0.003,34109.2,0.031,33803.4972972973,unstuck_close_long,1047.9084162162162,0.8312244087240092,944.0
1698492000000.0,347720,1698492000000.0,1.9944081081081169,-0.020680980000000005,1262.654242784323,1280.2831184599986,-0.003,34468.3,0.028,33803.4972972973,long_nclose,946.4979243243243,0.7496097444991502,148.0
1698600960000.0,349536,1698600960000.0,6.554118918918939,-0.04863572000000001,1269.159725983242,1287.5515827399988,-0.007,34739.8,0.021,33803.4972972973,long_nclose,709.8734432432433,0.5593255353996448,1816.0
1698844740000.0,353599,1698844740000.0,8.453918918918898,-0.04901568,1277.5646292221609,1294.3128670599988,-0.007,35011.2,0.014,33803.4972972973,long_nclose,473.2489621621622,0.3704305452243912,4063.0
1698872280000.0,354058,1698872280000.0,10.354418918918899,-0.04939578,1287.86965236108,1298.8792712799989,-0.007,35282.7,0.007,33803.4972972973,long_nclose,236.6244810810811,0.1837332533205299,459.0
1698872280000.0,354058,1698872280000.0,12.254918918918898,-0.049775879999999995,1300.074795399999,1300.074795399999,-0.007,35554.2,0.0,33803.4972972973,long_nclose,0.0,0.0,0.0
1698906060000.0,354621,1698906060000.0,0.0,-0.0070189399999999996,1300.0677764599989,1300.099076459999,0.001,35094.7,0.001,35094.7,long_ientry_normal,35.094699999999996,0.026994515697912776,563.0
1698932640000.0,355064,1698932640000.0,0.0,-0.0139434,1300.0538330599989,1300.0222330599988,0.002,34858.5,0.003,34937.23333333333,long_rentry,104.81169999999999,0.08062104609414494,443.0
1698932640000.0,355064,1698932640000.0,0.0,-0.04853618,1300.005296879999,1301.779696879999,0.007,34668.7,0.01,34749.259999999995,long_rentry,347.4926,0.26730091087627034,0.0
1698942600000.0,355230,1698942600000.0,0.0,-0.19245128000000003,1299.812845599999,1297.032045599999,0.028,34366.3,0.038,34467.07894736842,long_rentry,1309.749,1.0076442962028234,166.0
1698942660000.0,355231,1698942660000.0,-0.21953684210525534,-0.020636340000000003,1299.5726724178937,1297.760409259999,-0.003,34393.9,0.035,34467.07894736842,unstuck_close_long,1206.3477631578949,0.9282649510576803,1.0
1698999240000.0,356174,1698999240000.0,0.360663157894749,-0.020752380000000004,1299.9125831957886,1304.028456879999,-0.003,34587.3,0.032,34467.07894736842,unstuck_close_long,1102.9465263157895,0.8484774596182729,943.0
1699055940000.0,357119,1699055940000.0,0.735063157894736,-0.02082726,1300.6268190936833,1307.964429619999,-0.003,34712.1,0.029,34467.07894736842,unstuck_close_long,999.5452894736842,0.7685104403507519,945.0
1699138380000.0,358493,1699138380000.0,0.6778210526315815,-0.007028980000000001,1301.2976111663147,1319.5122006399988,-0.001,35144.9,0.028,34467.07894736842,long_nclose,965.0782105263157,0.7416275894499987,1374.0
1699225440000.0,359944,1699225440000.0,6.68234736842104,-0.04959038,1307.9303681547358,1326.721610259999,-0.007,35421.7,0.021,34467.07894736842,long_nclose,723.8086578947368,0.5533999940041961,1451.0
1699389900000.0,362685,1699389900000.0,8.61994736842106,-0.0499779,1316.5003376231568,1332.494232359999,-0.007,35698.5,0.014,34467.07894736842,long_nclose,482.53910526315786,0.36653169883294234,2741.0
1699477380000.0,364143,1699477380000.0,10.557547368421082,-0.05036542000000001,1327.007519571578,1335.7800669399992,-0.007,35975.3,0.007,34467.07894736842,long_nclose,241.26955263157893,0.181814759203077,1458.0
1699496580000.0,364463,1699496580000.0,12.495147368421051,-0.05075294,1339.4519139999993,1339.4519139999993,-0.007,36252.1,0.0,34467.07894736842,long_nclose,0.0,0.0,320.0
1699546320000.0,365292,1699546320000.0,0.0,-0.007277100000000001,1339.4446368999993,1339.3466368999993,0.001,36385.5,0.001,36385.5,long_ientry_normal,36.3855,0.027164616586326653,829.0
1699547760000.0,365316,1699547760000.0,0.0,-0.014456200000000002,1339.4301806999993,1338.0682806999991,0.002,36140.5,0.003,36222.166666666664,long_rentry,108.6665,0.08112890210015264,24.0
1699547760000.0,365316,1699547760000.0,0.0,-0.050320760000000006,1339.3798599399993,1336.7915599399992,0.007,35943.4,0.01,36027.03,long_rentry,360.2703,0.2689829157324638,0.0
1699547760000.0,365316,1699547760000.0,0.0,-0.1923966,1339.1874633399993,1340.3575633399992,0.027,35629.0,0.037,35736.575675675675,long_rentry,1322.2532999999999,0.9873548970524524,0.0
1699547820000.0,365317,1699547820000.0,0.09487297297296755,-0.02146092,1339.2608753929724,1349.0333024199995,-0.003,35768.2,0.034,35736.575675675675,unstuck_close_long,1215.043572972973,0.9072493606717579,1.0
1699548300000.0,365325,1699548300000.0,4.2169459459459615,-0.04372728000000001,1343.4340940589184,1363.1523751399995,-0.006,36439.4,0.028,35736.575675675675,long_nclose,1000.624118918919,0.74482561023573,8.0
1699552680000.0,365398,1699552680000.0,6.928770270270288,-0.05141696000000001,1350.3114473691885,1369.9658581799993,-0.007,36726.4,0.021,35736.575675675675,long_nclose,750.4680891891892,0.5557740702349269,73.0
1699614540000.0,366429,1699614540000.0,8.937770270270288,-0.05181876,1359.1973988794587,1376.8657394199993,-0.007,37013.4,0.014,35736.575675675675,long_nclose,500.3120594594595,0.36809374405213235,1031.0
1699632420000.0,366727,1699632420000.0,10.946770270270289,-0.052220560000000006,1370.0919485897289,1381.7044188599991,-0.007,37300.4,0.007,35736.575675675675,long_nclose,250.15602972972974,0.18258338791584158,298.0
1699656480000.0,367128,1699656480000.0,12.955770270270289,-0.05262236000000001,1382.9950964999991,1382.9950964999991,-0.007,37587.4,0.0,35736.575675675675,long_nclose,0.0,0.0,401.0
1699665840000.0,367284,1699665840000.0,0.0,-0.007420080000000001,1382.9876764199992,1383.035076419999,0.001,37100.4,0.001,37100.4,long_ientry_normal,37.1004,0.026826269411191043,156.0
1699740660000.0,368531,1699740660000.0,0.0,-0.014740320000000003,1382.972936099999,1382.699336099999,0.002,36850.8,0.003,36934.0,long_rentry,110.802,0.0801187045008003,1247.0
1699740660000.0,368531,1699740660000.0,0.0,-0.05131056,1382.921625539999,1383.994825539999,0.007,36650.4,0.01,36735.479999999996,long_rentry,367.35479999999995,0.2656367455795309,0.0
1699911300000.0,371375,1699911300000.0,0.0,-0.20345808000000004,1382.718167459999,1383.0285674599988,0.028,36331.8,0.038,36438.03157894737,long_rentry,1384.6452,1.0013936553271305,2844.0
1699911360000.0,371376,1699911360000.0,0.024505263157887383,-0.02186772,1382.7208050031568,1382.856199739999,-0.003,36446.2,0.035,36438.03157894737,unstuck_close_long,1275.331105263158,0.922334502126947,1.0
1699967940000.0,372319,1699967940000.0,0.09110526315790048,-0.02188104,1382.7900292263148,1382.853018699999,-0.003,36468.4,0.032,36438.03157894737,unstuck_close_long,1166.0170105263157,0.8432350435580694,943.0
1699987380000.0,372643,1699987380000.0,0.0,-0.042794280000000004,1382.7472349463148,1360.6888244199988,0.006,35661.9,0.038,36315.48448753463,long_rentry,1379.9884105263159,0.9980048237665751,324.0
1699987860000.0,372651,1699987860000.0,0.0,-0.00708832,1382.7401466263148,1347.590336099999,0.001,35441.6,0.039,36293.07719298246,long_rentry,1415.430010526316,1.0236413645613456,8.0
1700024520000.0,373262,1700024520000.0,-2.772308771929849,-0.028480000000000002,1379.939357854385,1355.3281560999988,-0.004,35600.0,0.035,36293.07719298246,unstuck_close_long,1270.2577017543863,0.9205170462921367,611.0
1700071860000.0,374051,1700071860000.0,4.996059649122785,-0.05180952000000001,1384.8836079835078,1410.3922465799988,-0.007,37006.8,0.028,36293.07719298246,long_nclose,1016.206161403509,0.7337845256780675,789.0
1700071920000.0,374052,1700071920000.0,7.036559649122784,-0.05221762000000001,1391.8679500126307,1411.7554289599989,-0.007,37298.3,0.021,36293.07719298246,long_nclose,762.1546210526318,0.5475768164973663,1.0
1700075100000.0,374105,1700075100000.0,9.077059649122784,-0.05262572,1400.8923839417535,1419.927103239999,-0.007,37589.8,0.014,36293.07719298246,long_nclose,508.1030807017545,0.362699581014269,53.0
1700079060000.0,374171,1700079060000.0,11.116859649122743,-0.05303367999999999,1411.9562099108762,1422.9988695599989,-0.007,37881.2,0.007,36293.07719298246,long_nclose,254.05154035087725,0.1799287673141883,66.0
1700162040000.0,375554,1700162040000.0,0.0,-0.23007872000000004,1411.7261311908762,1413.605390839999,0.032,35949.8,0.039,36011.4138551507,long_rentry,1404.4451403508772,0.9948424905658882,1383.0
1700162100000.0,375555,1700162100000.0,0.19274457939720013,-0.028847679999999997,1411.8900280902735,1415.078043159999,-0.004,36059.6,0.035,36011.4138551507,unstuck_close_long,1260.3994849302746,0.8927037232744639,1.0
1700218680000.0,376498,1700218680000.0,1.394344579397206,-0.029088,1413.2552846696708,1424.6318551599993,-0.004,36360.0,0.031,36011.4138551507,unstuck_close_long,1116.3538295096716,0.7899166142305311,943.0
1700240580000.0,376863,1700240580000.0,2.1245584345479003,-0.02203176,1415.3578113442188,1431.6870233999991,-0.003,36719.6,0.028,36011.4138551507,long_nclose,1008.3195879442196,0.7124132002963833,365.0
1700423880000.0,379918,1700423880000.0,6.981703013945131,-0.05181232,1422.287702038164,1442.7687110799993,-0.007,37008.8,0.021,36011.4138551507,long_nclose,756.2396909581647,0.5317065526717693,3055.0
1700434920000.0,380102,1700434920000.0,9.006103013945111,-0.052217200000000005,1431.2415878521092,1448.1015938799994,-0.007,37298.0,0.014,36011.4138551507,long_nclose,504.1597939721098,0.35225345479843956,184.0
1700496000000.0,381120,1700496000000.0,11.03050301394509,-0.052622079999999995,1442.2194687860542,1452.8677717999992,-0.007,37587.2,0.007,36011.4138551507,long_nclose,252.0798969860549,0.17478608661290346,1018.0
1700611200000.0,383040,1700611200000.0,0.0,-0.23544906000000002,1441.9840197260542,1441.8548227399992,0.033,35674.1,0.04,35733.12992465137,long_rentry,1429.325196986055,0.9912212461672051,1920.0
1700611260000.0,383041,1700611260000.0,-0.01291969860548852,-0.028583920000000002,1441.9425161074487,1445.833038819999,-0.004,35729.9,0.036,35733.12992465137,unstuck_close_long,1286.3926772874493,0.8921247989552946,1.0
1700613000000.0,383070,1700613000000.0,0.41577007534862787,-0.007229780000000002,1442.3510564027972,1455.7970090399992,-0.001,36148.9,0.035,35733.12992465137,long_nclose,1250.659547362798,0.8670978828704331,29.0
1700626560000.0,383296,1700626560000.0,4.919390527440395,-0.05101026000000001,1447.2194366702374,1467.132198779999,-0.007,36435.9,0.028,35733.12992465137,long_nclose,1000.5276378902385,0.6913448040694178,226.0
1700646300000.0,383625,1700646300000.0,6.927690527440405,-0.051411920000000014,1454.095715277678,1474.1689868599992,-0.007,36722.8,0.021,35733.12992465137,long_nclose,750.3957284176789,0.5160566258008548,329.0
1700676960000.0,384136,1700676960000.0,8.936690527440405,-0.05181372,1462.9805920851184,1479.0353731399991,-0.007,37009.8,0.014,35733.12992465137,long_nclose,500.2638189451192,0.3419483632603194,511.0
1700679360000.0,384176,1700679360000.0,10.945690527440405,-0.05221552000000001,1473.8740670925588,1484.336057619999,-0.007,37296.8,0.007,35733.12992465137,long_nclose,250.1319094725596,0.16971050312730104,40.0
1700686140000.0,384289,1700686140000.0,12.954690527440405,-0.05261732000000001,1486.776140299999,1486.776140299999,-0.007,37583.8,0.0,35733.12992465137,long_nclose,0.0,0.0,113.0
1700738160000.0,385156,1700738160000.0,0.0,-0.0074733,1486.7686669999991,1486.7721669999992,0.001,37366.5,0.001,37366.5,long_ientry_normal,37.3665,0.025132692684059654,867.0
1700738520000.0,385162,1700738520000.0,0.0,-0.014846520000000002,1486.7538204799991,1486.958720479999,0.002,37116.3,0.003,37199.7,long_rentry,111.59909999999999,0.07506225876989518,6.0
1700753460000.0,385411,1700753460000.0,0.0,-0.051684360000000006,1486.702136119999,1486.703236119999,0.007,36917.4,0.01,37002.09,long_rentry,370.0209,0.24888704402193296,249.0
1701422220000.0,396557,1701422220000.0,4.857630000000019,-0.023172780000000004,1491.536593339999,1502.817163339999,-0.003,38621.3,0.007,37002.09,long_nclose,259.01462999999995,0.173656235560395,11146.0
1701448380000.0,396993,1701448380000.0,13.414170000000034,-0.05448576000000001,1504.896277579999,1504.896277579999,-0.007,38918.4,0.0,37002.09,long_nclose,0.0,0.0,436.0
1701504960000.0,397936,1701504960000.0,0.0,-0.007740980000000001,1504.8885365999988,1504.8837365999989,0.001,38704.9,0.001,38704.9,long_ientry_normal,38.7049,0.02571944636341383,943.0
1701653040000.0,400404,1701653040000.0,2.0045,-0.00814188,1506.8848947199988,1506.8848947199988,-0.001,40709.4,0.0,38704.9,long_nclose,0.0,0.0,2468.0
1701761940000.0,402219,1701761940000.0,0.0,-0.008293680000000001,1506.8766010399988,1506.872701039999,0.001,41468.4,0.001,41468.4,long_ientry_normal,41.4684,0.027519439860821927,1815.0
1701797280000.0,402808,1701797280000.0,2.1476999999999973,-0.00872322,1509.0155778199987,1509.0155778199987,-0.001,43616.1,0.0,41468.4,long_nclose,0.0,0.0,589.0
1701898560000.0,404496,1701898560000.0,0.0,-0.00872334,1509.0068544799988,1509.0061544799987,0.001,43616.7,0.001,43616.7,long_ientry_normal,43.616699999999994,0.028904242462854973,1688.0
1701940500000.0,405195,1701940500000.0,0.0,-0.01732868,1508.9895257999988,1508.3783257999987,0.002,43321.7,0.003,43420.033333333326,long_rentry,130.26009999999997,0.08632273304279027,699.0
1701940560000.0,405196,1701940560000.0,0.0,-0.060314660000000006,1508.9292111399989,1509.092811139999,0.007,43081.9,0.01,43183.34,long_rentry,431.8334,0.2861853271922207,1.0
1702260420000.0,410527,1702260420000.0,0.0,-0.2134645,1508.7157466399988,1503.6818466399986,0.025,42692.9,0.035,42833.025714285715,long_rentry,1499.1559000000002,0.9936635866224046,5331.0
1702260480000.0,410528,1702260480000.0,-0.4314771428571548,-0.02561352,1508.2586559771416,1507.1378331199987,-0.003,42689.2,0.032,42833.025714285715,unstuck_close_long,1370.656822857143,0.9087677484397715,1.0
1702260720000.0,410532,1702260720000.0,0.0,-0.025122300000000004,1508.2335336771416,1439.7867108199987,0.003,41870.5,0.035,42750.52351020408,long_rentry,1496.268322857143,0.9920667386364054,4.0
1702260720000.0,410532,1702260720000.0,0.0,-0.00834526,1508.2251884171417,1438.8469655599986,0.001,41726.3,0.036,42722.07285714286,long_rentry,1537.994622857143,1.0197380568025414,0.0
1702317060000.0,411471,1702317060000.0,-3.744818571428579,-0.02488428,1504.4554855657132,1463.7574812799987,-0.003,41473.8,0.033,42722.07285714286,unstuck_close_long,1409.8284042857144,0.9371021062518068,939.0
1702317120000.0,411472,1702317120000.0,0.0,-0.016595520000000002,1504.4388900457132,1462.1308857599986,0.002,41488.8,0.035,42651.60012244899,long_rentry,1492.8060042857148,0.9922676249351379,1.0
1702317120000.0,411472,1702317120000.0,0.0,-0.008297760000000001,1504.4305922857131,1462.0765879999983,0.001,41488.8,0.036,42619.300119047635,long_rentry,1534.2948042857147,1.0198508406789497,0.0
1702373640000.0,412414,1702373640000.0,-2.2299003571429057,-0.0251256,1502.1755663285703,1477.6829623999984,-0.003,41876.0,0.033,42619.300119047635,unstuck_close_long,1406.436903928572,0.9362666624687614,942.0
1702381260000.0,412541,1702381260000.0,0.0,-0.01665628,1502.1589100485703,1470.0156061199982,0.002,41640.7,0.035,42563.380112244915,long_rentry,1489.7183039285721,0.9917181823861791,127.0
1702392300000.0,412725,1702392300000.0,0.0,-0.00830878,1502.1506012685702,1467.5631973399982,0.001,41543.9,0.036,42535.061220238116,long_rentry,1531.262203928572,1.0193799494108093,184.0
1702430220000.0,413357,1702430220000.0,-3.5995836607143574,-0.02480112,1498.526216487856,1457.713096219998,-0.003,41335.2,0.033,42535.061220238116,unstuck_close_long,1403.657020267858,0.9366916673354264,632.0
1702430280000.0,413358,1702430280000.0,0.0,-0.016519320000000004,1498.5096971678558,1457.6650768999982,0.002,41298.3,0.035,42464.38915051022,long_rentry,1486.253620267858,0.99182115609718,1.0
1702430280000.0,413358,1702430280000.0,0.0,-0.008259660000000002,1498.5014375078558,1457.6559172399975,0.001,41298.3,0.036,42431.997785218286,long_rentry,1527.5519202678581,1.0193863562842596,0.0
1702486800000.0,414300,1702486800000.0,-1.589093355654848,-0.02514138,1496.8872027722011,1480.4631758599978,-0.003,41902.3,0.033,42431.997785218286,unstuck_close_long,1400.2559269122034,0.9354451853947052,942.0
1702496400000.0,414460,1702496400000.0,1.4811066443451346,-0.025755419999999998,1498.3425539965463,1512.3856204399976,-0.003,42925.7,0.03,42431.997785218286,long_nclose,1272.9599335565485,0.8495787095955915,160.0
1702504500000.0,414595,1702504500000.0,5.0070132886902865,-0.0519198,1503.2976474852367,1520.1697006399977,-0.006,43266.5,0.024,42431.997785218286,long_nclose,1018.3679468452389,0.6774226970612218,135.0
1702560600000.0,415530,1702560600000.0,0.0,-0.09996912000000001,1503.1976783652367,1495.0005315199976,0.012,41653.8,0.036,42172.59852347887,long_rentry,1518.213546845239,1.0099892839751672,935.0
1702560660000.0,415531,1702560660000.0,-0.6830955704365989,-0.025166940000000002,1502.4894158548002,1494.6420645799976,-0.003,41944.9,0.033,42172.59852347887,unstuck_close_long,1391.6957512748027,0.9262599367350854,1.0
1702562220000.0,415557,1702562220000.0,1.4721044295634056,-0.025597980000000003,1503.9359223043637,1517.6579665999977,-0.003,42663.3,0.03,42172.59852347887,long_nclose,1265.177955704366,0.8412445882440474,26.0
1702575060000.0,415771,1702575060000.0,4.976408859126794,-0.0516024,1508.8607287634904,1530.0911641999976,-0.006,43002.0,0.024,42172.59852347887,long_nclose,1012.1423645634928,0.6707990640017136,214.0
1702575540000.0,415779,1702575540000.0,7.008008859126785,-0.052008719999999994,1515.8167289026171,1536.7237554799974,-0.006,43340.6,0.018,42172.59852347887,long_nclose,759.1067734226195,0.5007906028139554,8.0
1702823700000.0,419915,1702823700000.0,0.0,-0.14951556,1515.667213342617,1507.7058399199973,0.018,41532.1,0.036,41852.34926173944,long_rentry,1506.6845734226197,0.994073474809693,4136.0
1702823760000.0,419916,1702823760000.0,-0.663447785218319,-0.02497872,1514.9787868373987,1510.2581611999974,-0.003,41631.2,0.033,41852.34926173944,unstuck_close_long,1381.1275256374015,0.9116480954301551,1.0
1702863600000.0,420580,1702863600000.0,0.0,-0.02454582,1514.9542410173988,1484.3652153799972,0.003,40909.7,0.036,41773.79515659449,long_rentry,1503.8566256374015,0.9926746200779343,664.0
1702880340000.0,420859,1702880340000.0,-1.931085469783473,-0.02467806,1512.9984774876152,1491.9182373199972,-0.003,41130.1,0.033,41773.79515659449,unstuck_close_long,1378.5352401676182,0.9111279757906448,279.0
1702891320000.0,421042,1702891320000.0,0.0,-0.024499980000000005,1512.9739775076152,1482.322837339997,0.003,40833.3,0.036,41695.42056021162,long_rentry,1501.0351401676182,0.9921090266471969,183.0
1702895160000.0,421106,1702895160000.0,0.0,-0.00813928,1512.9658382276152,1481.8073980599972,0.001,40696.4,0.037,41668.42000453022,long_rentry,1541.731540167618,1.019012790119373,64.0
1702933380000.0,421743,1702933380000.0,0.9695599909395533,-0.01686128,1513.9185369385548,1530.6303367799972,-0.002,42153.2,0.035,41668.42000453022,long_nclose,1458.394700158558,0.9633244224010381,637.0
1702933800000.0,421750,1702933800000.0,5.736359968288467,-0.059483060000000004,1519.5954138468433,1542.4736537199972,-0.007,42487.9,0.028,41668.42000453022,long_nclose,1166.7157601268461,0.7677805220360036,7.0
1702944600000.0,421930,1702944600000.0,8.078559968288458,-0.059951500000000005,1527.6140223151317,1550.978202219997,-0.007,42822.5,0.021,41668.42000453022,long_nclose,875.0368200951347,0.5728127703155,180.0
1702950840000.0,422034,1702950840000.0,10.420759968288447,-0.06041994,1537.9743623434201,1560.4146822799971,-0.007,43157.1,0.014,41668.42000453022,long_nclose,583.3578800634231,0.37930273374294576,104.0
1702951200000.0,422040,1702951200000.0,12.763659968288477,-0.06088852000000001,1550.6771337917087,1562.961993759997,-0.007,43491.8,0.007,41668.42000453022,long_nclose,291.67894003171153,0.1880977888146835,6.0
1703080800000.0,424200,1703080800000.0,15.105859968288467,-0.06135696000000001,1565.7216367999972,1565.7216367999972,-0.007,43826.4,0.0,41668.42000453022,long_nclose,0.0,0.0,2160.0
1703102880000.0,424568,1703102880000.0,0.0,-0.00864926,1565.7129875399971,1565.7200875399972,0.001,43246.3,0.001,43246.3,long_ientry_normal,43.246300000000005,0.02762083494494565,368.0
1703456040000.0,430454,1703456040000.0,0.0,-0.017181920000000003,1565.6958056199971,1565.6839056199972,0.002,42954.8,0.003,43051.96666666667,long_rentry,129.1559,0.08249105575706372,5886.0
1703456100000.0,430455,1703456100000.0,0.0,-0.059807439999999996,1565.6359981799972,1566.4838981799971,0.007,42719.6,0.01,42819.31,long_rentry,428.19309999999996,0.27349466957693935,1.0
1703583900000.0,432585,1703583900000.0,0.0,-0.22865058,1565.4073475999971,1563.7011475999975,0.027,42342.7,0.037,42471.513513513506,long_rentry,1571.4459999999997,1.0038575597650419,2130.0
1703583960000.0,432586,1703583960000.0,-0.13834054054051376,-0.02545524,1565.2435518194568,1562.2544923599976,-0.003,42425.4,0.034,42471.513513513506,unstuck_close_long,1444.0314594594593,0.9225602352943097,1.0
1703640540000.0,433529,1703640540000.0,-0.2346405405405094,-0.025435980000000004,1564.9834752989161,1563.2470563799975,-0.003,42393.3,0.031,42471.513513513506,unstuck_close_long,1316.6169189189186,0.8412976492722655,943.0
1703697120000.0,434472,1703697120000.0,1.7486594594594862,-0.025832640000000004,1566.7063021183756,1581.6075237399973,-0.003,43054.4,0.028,42471.513513513506,unstuck_close_long,1189.2023783783782,0.7590461446222776,943.0
1703715240000.0,434774,1703715240000.0,8.234005405405478,-0.06110692,1574.879200603781,1599.7093168199974,-0.007,43647.8,0.021,42471.513513513506,long_nclose,891.9017837837837,0.5663302832635316,302.0
1703869800000.0,437350,1703869800000.0,0.0,-0.13368576000000001,1574.7455148437812,1564.7852310599974,0.016,41776.8,0.037,42171.096859021185,long_rentry,1560.3305837837838,0.9908461837648559,2576.0
1703869860000.0,437351,1703869860000.0,-0.8075905770635509,-0.025141140000000003,1573.9127831267176,1565.1068899199972,-0.003,41901.9,0.034,42171.096859021185,unstuck_close_long,1433.8172932067205,0.9109890386418459,1.0
1703926440000.0,438294,1703926440000.0,-1.4378905770635466,-0.025015080000000006,1572.449877469654,1557.0429748399972,-0.003,41691.8,0.031,42171.096859021185,unstuck_close_long,1307.3040026296567,0.8313803965143466,943.0
1704132420000.0,441727,1704132420000.0,2.487909422936449,-0.025800240000000002,1574.9119866525903,1599.496074599997,-0.003,43000.4,0.028,42171.096859021185,long_nclose,1180.790712052593,0.7497502857682318,3433.0
1704137340000.0,441809,1704137340000.0,8.176021986851694,-0.06067474,1583.027333899442,1606.8539998599972,-0.007,43339.1,0.021,42171.096859021185,long_nclose,885.5930340394449,0.5594300332502661,82.0
1704139200000.0,441840,1704139200000.0,10.546921986851725,-0.06114892000000001,1593.5131069662937,1614.410950939997,-0.007,43677.8,0.014,42171.096859021185,long_nclose,590.3953560262966,0.3704992155039643,31.0
1704151620000.0,442047,1704151620000.0,12.917821986851704,-0.0616231,1606.3693058531455,1619.2815278399971,-0.007,44016.5,0.007,42171.096859021185,long_nclose,295.1976780131483,0.18376700609102356,207.0
1704153900000.0,442085,1704153900000.0,15.288021986851694,-0.06209714,1621.595230699997,1621.595230699997,-0.007,44355.1,0.0,42171.096859021185,long_nclose,0.0,0.0,38.0
1704229260000.0,443341,1704229260000.0,0.0,-0.0089484,1621.586282299997,1621.618282299997,0.001,44742.0,0.001,44742.0,long_ientry_normal,44.742000000000004,0.02759150129004522,1256.0
1704281040000.0,444204,1704281040000.0,0.0,-0.017776160000000003,1621.568506139997,1621.663806139997,0.002,44440.4,0.003,44540.933333333334,long_rentry,133.6228,0.08240342575354863,863.0
1704282660000.0,444231,1704282660000.0,0.0,-0.06187608000000001,1621.506630059997,1619.797430059997,0.007,44197.2,0.01,44300.32,long_rentry,443.0032,0.27320468001022513,27.0
1704282900000.0,444235,1704282900000.0,0.0,-0.2365605,1621.270069559997,1609.852069559997,0.027,43807.5,0.037,43940.69459459459,long_rentry,1625.8057,1.002797578592957,4.0
1704282960000.0,444236,1704282960000.0,-0.9257837837837797,-0.02617926,1620.3181065162132,1611.961090299997,-0.003,43632.1,0.034,43940.69459459459,unstuck_close_long,1493.9836162162162,0.9220310568696759,1.0
1704283260000.0,444241,1704283260000.0,0.0,-0.025765740000000002,1620.2923407762132,1573.6578245599967,0.003,42942.9,0.037,43859.79233016801,long_rentry,1622.8123162162165,1.0015552597371387,5.0
1704339540000.0,445179,1704339540000.0,-2.3225769905040434,-0.02585136,1617.9439124257092,1591.8729731999967,-0.003,43085.6,0.034,43859.79233016801,unstuck_close_long,1491.2329392257125,0.9216839519424226,938.0
1704354060000.0,445421,1704354060000.0,0.0,-0.02571846,1617.9181939657092,1584.6492547399966,0.003,42864.1,0.037,43779.06051961386,long_rentry,1619.8252392257127,1.0011787031427895,242.0
1704382140000.0,445889,1704382140000.0,1.0186789607722895,-0.017715360000000003,1618.9191575664815,1633.4455393799965,-0.002,44288.4,0.035,43779.06051961386,long_nclose,1532.267118186485,0.9464753758858165,468.0
1704396120000.0,446122,1704396120000.0,1.91681844115843,-0.0266508,1620.80932520764,1640.1065885799967,-0.003,44418.0,0.032,43779.06051961386,unstuck_close_long,1400.9299366276434,0.8643397559723269,233.0
1704400680000.0,446198,1704400680000.0,3.4437579215445733,-0.035712,1624.2173711291846,1645.5404765799965,-0.004,44640.0,0.028,43779.06051961386,long_nclose,1225.813694549188,0.75471037087664,76.0
1704419280000.0,446508,1704419280000.0,0.0,-0.07724826,1624.1401228691846,1584.8404283199964,0.009,42915.7,0.037,43569.053906734815,long_rentry,1612.054994549188,0.9925590605454367,310.0
1704419280000.0,446508,1704419280000.0,0.0,-0.008504960000000002,1624.1316179091846,1584.8140233599966,0.001,42524.8,0.038,43541.573540768106,long_rentry,1654.579794549188,1.0187473578521922,0.0
1704445260000.0,446941,1704445260000.0,1.5198793776956736,-0.02642892,1625.6250683668802,1648.7154944399965,-0.003,44048.2,0.035,43541.573540768106,long_nclose,1523.9550739268839,0.9374579068578617,433.0
1704452700000.0,447065,1704452700000.0,0.681079377695678,-0.026261160000000002,1626.2798865845757,1635.0007332799962,-0.003,43768.6,0.032,43541.573540768106,unstuck_close_long,1393.3303533045794,0.8567592606896073,124.0
1704488040000.0,447654,1704488040000.0,3.424905836927588,-0.035518240000000006,1629.6692741815032,1645.8260150399963,-0.004,44397.8,0.028,43541.573540768106,long_nclose,1219.164059141507,0.7481052005191844,589.0
1704714900000.0,451435,1704714900000.0,8.44148521462326,-0.06264650000000001,1638.0481128961264,1660.9050685399961,-0.007,44747.5,0.021,43541.573540768106,long_nclose,914.3730443561303,0.5582089055610746,3781.0
1704715980000.0,451453,1704715980000.0,10.889385214623239,-0.06313608,1648.8743620307496,1671.138932459996,-0.007,45097.2,0.014,43541.573540768106,long_nclose,609.5820295707535,0.36969586258833803,18.0
1704735420000.0,451777,1704735420000.0,13.33728521462327,-0.06362566000000001,1662.1480215853728,1675.241706799996,-0.007,45446.9,0.007,43541.573540768106,long_nclose,304.7910147853768,0.18337176402295638,324.0
1704736800000.0,451800,1704736800000.0,15.78518521462325,-0.06411524,1677.869091559996,1677.869091559996,-0.007,45796.6,0.0,43541.573540768106,long_nclose,0.0,0.0,23.0
1704804960000.0,452936,1704804960000.0,0.0,-0.00921244,1677.8598791199959,1677.558779119996,0.001,46062.2,0.001,46062.2,long_ientry_normal,46.0622,0.027452947992390585,1136.0
1704804960000.0,452936,1704804960000.0,0.0,-0.01830076,1677.8415783599958,1677.5588783599958,0.002,45751.9,0.003,45855.33333333333,long_rentry,137.566,0.08198986231731349,0.0
1704804960000.0,452936,1704804960000.0,0.0,-0.06370238,1677.7778759799958,1679.3109759799959,0.007,45501.7,0.01,45607.78999999999,long_rentry,456.07789999999994,0.27183449402299653,0.0
1704834660000.0,453431,1704834660000.0,5.987130000000019,-0.0285621,1683.7364438799957,1697.7743138799958,-0.003,47603.5,0.007,45607.78999999999,long_nclose,319.25453,0.18961075004370107,495.0
1704834720000.0,453432,1704834720000.0,16.534070000000064,-0.06715772,1700.2033561599958,1700.2033561599958,-0.007,47969.8,0.0,45607.78999999999,long_nclose,0.0,0.0,1.0
1704834900000.0,453435,1704834900000.0,0.0,-0.00928028,1700.1940758799958,1700.5302758799958,0.001,46401.4,0.001,46401.4,long_ientry_normal,46.4014,0.027291825479384354,3.0
1704835020000.0,453437,1704835020000.0,0.0,-0.01843556,1700.1756403199959,1699.7971403199958,0.002,46088.9,0.003,46193.066666666666,long_rentry,138.5792,0.08150875516244753,2.0
1704835020000.0,453437,1704835020000.0,0.0,-0.06417222,1700.1114680999958,1701.340168099996,0.007,45837.3,0.01,45944.03,long_rentry,459.4403,0.27024128042231227,0.0
1704835500000.0,453445,1704835500000.0,0.0,-0.24535116000000004,1699.866116939996,1704.4479169399958,0.027,45435.4,0.037,45572.86756756757,long_rentry,1686.1961,0.9919581802332739,8.0
1704835560000.0,453446,1704835560000.0,0.3714972972972828,-0.02741802,1700.2101962172933,1689.232698919996,-0.003,45696.7,0.034,45572.86756756757,unstuck_close_long,1549.4774972972975,0.9113446682913955,1.0
1704891240000.0,454374,1704891240000.0,0.0,-0.026728019999999998,1700.1834681972932,1672.0055708999955,0.003,44546.7,0.037,45489.664791818854,long_rentry,1683.1175972972976,0.9899623357012813,928.0
1704891420000.0,454377,1704891420000.0,0.0,-0.0088803,1700.1745878972931,1665.9468905999956,0.001,44401.5,0.038,45461.02887624467,long_rentry,1727.5190972972975,1.0160833537888736,3.0
1704892140000.0,454389,1704892140000.0,-1.5927866287340222,-0.026958060000000002,1698.554843208559,1679.6188325399955,-0.003,44930.1,0.035,45461.02887624467,unstuck_close_long,1591.1360106685636,0.9367586905012252,12.0
1704909300000.0,454675,1704909300000.0,6.257797866287292,-0.06489700000000001,1704.7477440748464,1725.4529355399957,-0.007,46355.0,0.028,45461.02887624467,long_nclose,1272.9088085348508,0.7466845537464832,286.0
1704913560000.0,454746,1704913560000.0,8.814197866287271,-0.06540828,1713.4965336611338,1739.8110272599956,-0.007,46720.2,0.021,45461.02887624467,long_nclose,954.6816064011382,0.5571540926092932,71.0
1704927900000.0,454985,1704927900000.0,11.369897866287312,-0.06591942,1724.8005121074211,1748.8941078399957,-0.007,47085.3,0.014,45461.02887624467,long_nclose,636.4544042674254,0.3690017482020476,239.0
1704928200000.0,454990,1704928200000.0,13.925597866287303,-0.06643056,1738.6596794137083,1751.3273772799955,-0.007,47450.4,0.007,45461.02887624467,long_nclose,318.2272021337127,0.1830301846310842,5.0
1704982080000.0,455888,1704982080000.0,16.481297866287292,-0.0669417,1755.0740355799958,1755.0740355799958,-0.007,47815.5,0.0,45461.02887624467,long_nclose,0.0,0.0,898.0
1704988140000.0,455989,1704988140000.0,0.0,-0.009340260000000001,1755.0646953199957,1755.1417953199957,0.001,46701.3,0.001,46701.3,long_ientry_normal,46.7013,0.026609446434956118,101.0
1704989280000.0,456008,1704989280000.0,0.0,-0.018554960000000002,1755.0461403599957,1754.7217403599957,0.002,46387.4,0.003,46492.03333333333,long_rentry,139.4761,0.07947147188471673,19.0
1704989460000.0,456011,1704989460000.0,0.0,-0.06458984000000001,1754.9815505199956,1754.3132505199956,0.007,46135.6,0.01,46242.53,long_rentry,462.4253,0.26349296940642186,3.0
1704994080000.0,456088,1704994080000.0,0.0,-0.25612216,1754.7254283599957,1750.1931283599954,0.028,45736.1,0.038,45869.371052631584,long_rentry,1743.0361000000003,0.9933383718209859,77.0
1704994140000.0,456089,1704994140000.0,-0.4770842105263437,-0.03660008,1754.2117440694694,1752.9989282799954,-0.004,45750.1,0.034,45869.371052631584,unstuck_close_long,1559.558615789474,0.8890366975719627,1.0
1705003200000.0,456240,1705003200000.0,5.412173684210502,-0.056125680000000004,1759.56779207368,1785.3426025999956,-0.006,46771.4,0.028,45869.371052631584,long_nclose,1284.3423894736843,0.7299192422475893,151.0
1705072740000.0,457399,1705072740000.0,0.0,-0.09896722,1759.46882485368,1736.1600353799959,0.011,44985.1,0.039,45619.961268556006,long_rentry,1779.1784894736843,1.0112020539049014,1159.0
1705072800000.0,457400,1705072800000.0,-2.3906450742240124,-0.03601784,1757.0421619394558,1735.9770175399956,-0.004,45022.3,0.035,45619.961268556006,unstuck_close_long,1596.6986443994604,0.9087423620142357,1.0
1705073940000.0,457419,1705073940000.0,0.0,-0.03567592000000001,1757.006486019456,1719.6551416199957,0.004,44594.9,0.039,45514.82677947334,long_rentry,1775.0782443994603,1.0102855387978371,19.0
1705129380000.0,458343,1705129380000.0,-9.501707117893355,-0.034511520000000004,1747.4702673815625,1664.0048300999956,-0.004,43139.4,0.035,45514.82677947334,unstuck_close_long,1593.018937281567,0.9116143301645826,924.0
1705129440000.0,458344,1705129440000.0,0.0,-0.03450408,1747.4357633015625,1665.5264260199954,0.004,43130.1,0.039,45270.23941747608,long_rentry,1765.539337281567,1.0103600798153518,1.0
1705186080000.0,459288,1705186080000.0,-9.232557669904317,-0.03436968,1738.1688359516581,1658.4199563399952,-0.004,42962.1,0.035,45270.23941747608,unstuck_close_long,1584.4583796116628,0.911567591616704,944.0
1705186140000.0,459289,1705186140000.0,0.0,-0.03439336,1738.1344425916582,1657.1882629799952,0.004,42991.7,0.039,45036.543066965714,long_rentry,1756.4251796116628,1.0105232003761067,1.0
1705242720000.0,460232,1705242720000.0,-8.866572267862852,-0.03425592,1729.2336144037952,1651.689607059995,-0.004,42819.9,0.035,45036.543066965714,unstuck_close_long,1576.2790073438002,0.9115477482128806,943.0
1705242780000.0,460233,1705242780000.0,0.0,-0.0342568,1729.199357603795,1651.725550259995,0.004,42821.0,0.039,44809.30788061026,long_rentry,1747.5630073438,1.0106197412457127,1.0
1705299300000.0,461175,1705299300000.0,-8.228831522441032,-0.03420168,1720.936324401354,1650.470548579995,-0.004,42752.1,0.035,44809.30788061026,unstuck_close_long,1568.3257758213592,0.911321211356799,942.0
1705299360000.0,461176,1705299360000.0,0.0,-0.0342368,1720.9020876013542,1649.8864117799951,0.004,42796.0,0.039,44602.81476465023,long_rentry,1739.509775821359,1.0108127524244803,1.0
1705355880000.0,462118,1705355880000.0,-7.376859058600938,-0.03420688,1713.4910216627532,1648.4535048999949,-0.004,42758.6,0.035,44602.81476465023,unstuck_close_long,1561.0985167627582,0.9110631436211933,942.0
1705355940000.0,462119,1705355940000.0,0.0,-0.03419568,1713.4568259827531,1647.159609219995,0.004,42744.6,0.039,44412.22863494252,long_rentry,1732.0769167627582,1.0108669740011251,1.0
1705412460000.0,463061,1705412460000.0,-5.866514539770083,-0.03435648,1707.555954962983,1656.0034527399948,-0.004,42945.6,0.035,44412.22863494252,unstuck_close_long,1554.4280022229884,0.9103233177835662,942.0
1705412520000.0,463062,1705412520000.0,0.0,-0.034351440000000004,1707.521603522983,1657.2717012999947,0.004,42939.3,0.039,44261.15903135867,long_rentry,1726.1852022229882,1.0109302269801437,1.0
1705469100000.0,464005,1705469100000.0,-5.556636125434685,-0.034297600000000004,1701.9306697975485,1653.943603699995,-0.004,42872.0,0.035,44261.15903135867,unstuck_close_long,1549.1405660975536,0.9102254243304929,943.0
1705469160000.0,464006,1705469160000.0,0.0,-0.03431208,1701.8963577175484,1654.061391619995,0.004,42890.1,0.039,44120.53759224496,long_rentry,1720.7009660975534,1.0110492088984926,1.0
1705525680000.0,464948,1705525680000.0,-5.9097503689798465,-0.03411448,1695.9524928685687,1644.487177139995,-0.004,42643.1,0.035,44120.53759224496,unstuck_close_long,1544.2188157285736,0.9105318823622532,942.0
1705525740000.0,464949,1705525740000.0,0.0,-0.034120080000000004,1695.9183727885686,1644.3984570599948,0.004,42650.1,0.039,43969.723480219836,long_rentry,1714.8192157285737,1.011144901336806,1.0
1705582260000.0,465891,1705582260000.0,-6.078893920879345,-0.033960000000000004,1689.8055188676892,1635.999197059995,-0.004,42450.0,0.035,43969.723480219836,unstuck_close_long,1538.9403218076943,0.9107203785432734,942.0
1705582320000.0,465892,1705582320000.0,0.0,-0.033945920000000004,1689.7715729476893,1635.6727511399952,0.004,42432.4,0.039,43812.049277120364,long_rentry,1708.6699218076942,1.0111839666156994,1.0
1705638840000.0,466834,1705638840000.0,-10.480197108481457,-0.0329536,1679.258422239208,1587.3431975399951,-0.004,41192.0,0.035,43812.049277120364,unstuck_close_long,1533.421724699213,0.9131541068315567,942.0
1705638900000.0,466835,1705638900000.0,0.0,-0.03294872000000001,1679.225473519208,1587.5442488199956,0.004,41185.9,0.039,43542.70063331314,long_rentry,1698.1653246992125,1.0112789208350392,1.0
1705695420000.0,467777,1705695420000.0,-5.802802533252573,-0.0336736,1673.3889973859555,1622.0194752199955,-0.004,42092.0,0.035,43542.70063331314,unstuck_close_long,1523.9945221659602,0.9107234029545024,942.0
1705695480000.0,467778,1705695480000.0,0.0,-0.03366,1673.3553373859554,1620.1918152199953,0.004,42075.0,0.039,43392.167235024615,long_rentry,1692.29452216596,1.0113180890853646,1.0
1705752000000.0,468720,1705752000000.0,-7.248668940098462,-0.033264,1666.073404445857,1602.8190512199956,-0.004,41580.0,0.035,43392.167235024615,unstuck_close_long,1518.7258532258618,0.9115599883973878,942.0
1705752120000.0,468722,1705752120000.0,0.0,-0.033277520000000005,1666.040126925857,1602.7728736999957,0.004,41596.9,0.039,43208.03726220158,long_rentry,1685.1134532258616,1.011448299468752,2.0
1705808580000.0,469663,1705808580000.0,-6.097749048806319,-0.03334688,1659.9090309970509,1606.6342268199958,-0.004,41683.6,0.035,43208.03726220158,unstuck_close_long,1512.2813041770553,0.9110627606313337,941.0
1705808640000.0,469664,1705808640000.0,0.0,-0.033348720000000005,1659.8756822770508,1606.6749780999958,0.004,41685.9,0.039,43051.920619924495,long_rentry,1679.0249041770553,1.0115365398170875,1.0
1705865160000.0,470606,1705865160000.0,-5.540082479697973,-0.033333520000000005,1654.3022662773528,1605.6270445799955,-0.004,41666.9,0.035,43051.920619924495,unstuck_close_long,1506.8172216973574,0.9108475835483932,942.0
1705865220000.0,470607,1705865220000.0,0.0,-0.033328960000000005,1654.2689373173528,1605.4065156199954,0.004,41661.2,0.039,42909.28260762455,long_rentry,1673.4620216973574,1.011602154853448,1.0
1705921740000.0,471549,1705921740000.0,-8.206330430498202,-0.032686160000000006,1646.0299207268547,1574.9315294599955,-0.004,40857.7,0.035,42909.28260762455,unstuck_close_long,1501.8248912668594,0.9123922186078385,942.0
1705921800000.0,471550,1705921800000.0,0.0,-0.03270232000000001,1645.9972184068547,1572.7967271399957,0.004,40877.9,0.039,42700.93567350921,long_rentry,1665.3364912668592,1.011749274326674,1.0
1705978320000.0,472492,1705978320000.0,-10.604942694036843,-0.03203976,1635.3602359528177,1542.7769873799953,-0.004,40049.7,0.035,42700.93567350921,unstuck_close_long,1494.5327485728224,0.9138859535141233,942.0
1705978380000.0,472493,1705978380000.0,0.0,-0.03204456,1635.3281913928176,1541.6139428199954,0.004,40055.7,0.039,42429.629450585184,long_rentry,1654.7555485728221,1.011879791030483,1.0
1706034900000.0,473435,1706034900000.0,-12.207717802340747,-0.03150216,1623.088971430477,1515.6484406599955,-0.004,39377.7,0.035,42429.629450585184,unstuck_close_long,1485.0370307704816,0.914944933340083,942.0
1706034960000.0,473436,1706034960000.0,0.0,-0.03148792,1623.057483510477,1515.3634527399954,0.004,39359.9,0.039,42114.78540437132,long_rentry,1642.4766307704815,1.011964546824308,1.0
1706091480000.0,474378,1706091480000.0,-8.177541617485288,-0.03205632,1614.8478855729916,1543.9068964199953,-0.004,40070.4,0.035,42114.78540437132,unstuck_close_long,1474.0174891529964,0.912790301997996,942.0
1706091540000.0,474379,1706091540000.0,0.0,-0.032070320000000006,1614.8158152529916,1543.5667260999953,0.004,40087.9,0.039,41906.8997218717,long_rentry,1634.3690891529961,1.0121086712895124,1.0
1706148060000.0,475321,1706148060000.0,-7.598798887486803,-0.03200576,1607.1850106055049,1541.0210203399954,-0.004,40007.2,0.035,41906.8997218717,unstuck_close_long,1466.7414902655096,0.9126152126772988,942.0
1706148120000.0,475322,1706148120000.0,0.0,-0.0320132,1607.152997405505,1542.6894071399952,0.004,40016.5,0.039,41713.012570910505,long_rentry,1626.8074902655096,1.0122293850627375,1.0
1706204640000.0,476264,1706204640000.0,-7.77205028364202,-0.031816000000000004,1599.349131121863,1531.3156911399951,-0.004,39770.0,0.035,41713.012570910505,unstuck_close_long,1459.9554399818678,0.912843488374413,942.0
1706204700000.0,476265,1706204700000.0,0.0,-0.03181536,1599.3173157618628,1533.8578757799949,0.004,39769.2,0.039,41513.64717902225,long_rentry,1619.0322399818676,1.012327087330142,1.0
1706261220000.0,477207,1706261220000.0,-5.410188716089004,-0.03212888,1593.8749981657738,1546.8963468999953,-0.004,40161.1,0.035,41513.64717902225,unstuck_close_long,1452.9776512657788,0.911600754725346,942.0
1706261340000.0,477209,1706261340000.0,0.0,-0.03214240000000001,1593.8428557657737,1546.970404499995,0.004,40178.0,0.039,41376.65772476356,long_rentry,1613.6896512657788,1.0124521658005423,2.0
1706286720000.0,477632,1706286720000.0,1.9257691009457631,-0.03348648,1595.7351383867194,1608.7741180199948,-0.004,41858.1,0.035,41376.65772476356,long_nclose,1448.1830203667246,0.9075334530960011,423.0
1706294700000.0,477765,1706294700000.0,5.696195926655106,-0.059066560000000004,1601.3722677533744,1623.7426514599947,-0.007,42190.4,0.028,41376.65772476356,long_nclose,1158.5464162933797,0.7234710127200767,133.0
1706416200000.0,479790,1706416200000.0,8.022295926655076,-0.05953177999999999,1609.3350319000294,1632.7215196799948,-0.007,42522.7,0.021,41376.65772476356,long_nclose,868.9098122200347,0.5399185346721581,2025.0
1706545200000.0,481940,1706545200000.0,10.348395926655096,-0.05999700000000001,1619.6234308266844,1642.1038226799947,-0.007,42855.0,0.014,41376.65772476356,long_nclose,579.2732081466899,0.35765919232905796,2150.0
1706546700000.0,481965,1706546700000.0,12.674495926655116,-0.060462220000000004,1632.2374645333393,1644.9896604599944,-0.007,43187.3,0.007,41376.65772476356,long_nclose,289.6366040733449,0.1774475898065192,25.0
1706577720000.0,482482,1706577720000.0,15.000595926655086,-0.060927440000000006,1647.1771330199945,1647.1771330199945,-0.007,43519.6,0.0,41376.65772476356,long_nclose,0.0,0.0,517.0
1706620560000.0,483196,1706620560000.0,0.0,-0.008635420000000001,1647.1684975999945,1647.1588975999944,0.001,43177.1,0.001,43177.1,long_ientry_normal,43.1771,0.026212922395560116,714.0
1706657340000.0,483809,1706657340000.0,0.0,-0.01715488,1647.1513427199945,1646.8206427199946,0.002,42887.2,0.003,42983.83333333333,long_rentry,128.95149999999998,0.0782875845440275,613.0
1706658360000.0,483826,1706658360000.0,0.0,-0.05971728,1647.0916254399945,1646.3927254399946,0.007,42655.2,0.01,42753.78999999999,long_rentry,427.5378999999999,0.2595714126624801,17.0
1706736300000.0,485125,1706736300000.0,0.0,-0.24527388000000003,1646.8463515599944,1643.9299515599946,0.029,42288.6,0.039,42407.87948717948,long_rentry,1653.9072999999999,1.0042875575085173,1299.0
1706736360000.0,485126,1706736360000.0,-0.29911794871793246,-0.033866480000000004,1646.5133671312767,1646.493085079995,-0.004,42333.1,0.035,42407.87948717948,unstuck_close_long,1484.275782051282,0.9014659775506946,1.0
1706792940000.0,486069,1706792940000.0,-1.3703179487179151,-0.03365224,1645.1093969425588,1634.8366328399948,-0.004,42065.3,0.031,42407.87948717948,unstuck_close_long,1314.644264102564,0.7991227006215117,943.0
1706816880000.0,486468,1706816880000.0,2.5020615384615597,-0.025945140000000005,1647.5855133410203,1667.9336876999948,-0.003,43241.9,0.028,42407.87948717948,long_nclose,1187.4206256410255,0.7207034876345451,399.0
1707327360000.0,494976,1707327360000.0,8.221643589743639,-0.061015360000000005,1655.746141570764,1681.4505723399948,-0.007,43582.4,0.021,42407.87948717948,long_nclose,890.5654692307692,0.5378635328637472,8508.0
1707336960000.0,495136,1707336960000.0,10.605843589743628,-0.061492200000000004,1666.2904929605077,1687.8871801399948,-0.007,43923.0,0.014,42407.87948717948,long_nclose,593.7103128205127,0.35630660759857324,160.0
1707341160000.0,495206,1707341160000.0,12.99004358974362,-0.061969039999999996,1679.2185675102514,1691.903411099995,-0.007,44263.6,0.007,42407.87948717948,long_nclose,296.85515641025637,0.1767817258300082,70.0
1707351900000.0,495385,1707351900000.0,15.374243589743608,-0.06244588,1694.530365219995,1694.530365219995,-0.007,44604.2,0.0,42407.87948717948,long_nclose,0.0,0.0,179.0
1707562140000.0,498889,1707562140000.0,0.0,-0.00938956,1694.520975659995,1694.5720756599949,0.001,46947.8,0.001,46947.8,long_ientry_normal,46.9478,0.027705647008420427,3504.0
1707751980000.0,502053,1707751980000.0,2.4313999999999942,-0.00987584,1696.942499819995,1696.942499819995,-0.001,49379.2,0.0,46947.8,long_nclose,0.0,0.0,3164.0
1707831000000.0,503370,1707831000000.0,0.0,-0.0099307,1696.932569119995,1696.896869119995,0.001,49653.5,0.001,49653.5,long_ientry_normal,49.6535,0.029260738407389752,1317.0
1707831360000.0,503376,1707831360000.0,0.0,-0.01972696,1696.9128421599949,1696.2644421599948,0.002,49317.4,0.003,49429.43333333333,long_rentry,148.2883,0.08738710457942218,6.0
1707833640000.0,503414,1707833640000.0,0.0,-0.06866090000000001,1696.844181259995,1696.751381259995,0.007,49043.5,0.01,49159.28,long_rentry,491.5928,0.28971004257737254,38.0
1707834120000.0,503422,1707834120000.0,0.0,-0.2429895,1696.601191759995,1697.7808917599946,0.025,48597.9,0.035,48758.29428571429,long_rentry,1706.5403000000003,1.0058582466452797,8.0
1707834180000.0,503423,1707834180000.0,0.10111714285712514,-0.0292752,1696.673033702852,1689.8188165599947,-0.003,48792.0,0.032,48758.29428571429,unstuck_close_long,1560.2654171428574,0.9196028852640534,1.0
1707856620000.0,503797,1707856620000.0,1.134611428571414,-0.019730240000000003,1697.7879148914235,1715.5300863199946,-0.002,49325.6,0.03,48758.29428571429,long_nclose,1462.7488285714287,0.8615615741763447,374.0
1707859560000.0,503846,1707859560000.0,5.753434285714233,-0.05966064,1703.4816885371379,1726.797825679995,-0.006,49717.2,0.024,48758.29428571429,long_nclose,1170.199062857143,0.6869454897763236,49.0
1707900720000.0,504532,1707900720000.0,8.102434285714233,-0.06013044,1711.5239923828522,1736.7834952399949,-0.006,50108.7,0.018,48758.29428571429,long_nclose,877.6492971428572,0.5127881940591197,686.0
1707900900000.0,504535,1707900900000.0,10.452034285714268,-0.060600360000000006,1721.9154263085663,1741.5234948799948,-0.006,50500.3,0.012,48758.29428571429,long_nclose,585.0995314285715,0.33979574286229897,3.0
1707901080000.0,504538,1707901080000.0,12.80163428571426,-0.061070280000000005,1734.6559903142806,1746.3956245999948,-0.006,50891.9,0.006,48758.29428571429,long_nclose,292.54976571428574,0.1686500189938423,3.0
1707901800000.0,504550,1707901800000.0,15.151234285714251,-0.06154020000000001,1749.7456843999948,1749.7456843999948,-0.006,51283.5,0.0,48758.29428571429,long_nclose,0.0,0.0,12.0
1708011180000.0,506373,1708011180000.0,0.0,-0.0103598,1749.7353245999948,1749.7395245999949,0.001,51799.0,0.001,51799.0,long_ientry_normal,51.799,0.02960390595751487,1823.0
1708033320000.0,506742,1708033320000.0,0.0,-0.020579200000000002,1749.7147453999949,1749.2431453999948,0.002,51448.0,0.003,51565.0,long_rentry,154.695,0.08841155417286937,369.0
1708176780000.0,509133,1708176780000.0,0.0,-0.0716261,1749.6431192999949,1749.621619299995,0.007,51161.5,0.01,51282.549999999996,long_rentry,512.8254999999999,0.29310291587073684,2391.0
1708180620000.0,509197,1708180620000.0,0.0,-0.24333024,1749.3997890599949,1748.4456890599952,0.024,50693.8,0.034,50866.96176470588,long_rentry,1729.4767,0.9886114716689772,64.0
1708180680000.0,509198,1708180680000.0,-0.08418529411762575,-0.030503340000000004,1749.2851004258773,1750.3092857199952,-0.003,50838.9,0.031,50866.96176470588,unstuck_close_long,1576.8758147058822,0.9014401450752535,1.0
1708197420000.0,509477,1708197420000.0,0.5918382352941263,-0.01029176,1749.8666469011714,1766.712793959995,-0.001,51458.8,0.03,50866.96176470588,long_nclose,1526.0088529411762,0.8720715122169889,279.0
1708204980000.0,509603,1708204980000.0,6.002029411764758,-0.062240760000000006,1755.8064355529364,1782.3441531999952,-0.006,51867.3,0.024,50866.96176470588,long_nclose,1220.807082352941,0.6952970769630913,126.0
1708294380000.0,511093,1708294380000.0,8.453029411764758,-0.06273096,1764.196734004701,1789.4622222399953,-0.006,52275.8,0.018,50866.96176470588,long_nclose,915.6053117647057,0.5189927484370153,1490.0
1708436040000.0,513454,1708436040000.0,10.904029411764757,-0.06322116000000001,1775.0375422564657,1797.569201079995,-0.006,52684.3,0.012,50866.96176470588,long_nclose,610.4035411764705,0.3438820456724045,2361.0
1708436400000.0,513460,1708436400000.0,13.355029411764757,-0.06371136000000001,1788.3288603082303,1801.367089719995,-0.006,53092.8,0.006,50866.96176470588,long_nclose,305.20177058823526,0.17066311312318233,6.0
1708963740000.0,522249,1708963740000.0,15.80662941176475,-0.06420168,1804.0712880399951,1804.0712880399951,-0.006,53501.4,0.0,50866.96176470588,long_nclose,0.0,0.0,8789.0
1709228280000.0,526658,1709228280000.0,0.0,-0.012253100000000001,1804.0590349399952,1804.0843349399952,0.001,61265.5,0.001,61265.5,long_ientry_normal,61.2655,0.033959808860710455,4409.0
1709228460000.0,526661,1709228460000.0,0.0,-0.02433824,1804.0346966999953,1804.0002966999953,0.002,60845.6,0.003,60985.566666666666,long_rentry,182.9567,0.10141528892690975,3.0
1709232660000.0,526731,1709232660000.0,0.0,-0.08469188000000001,1803.9500048199952,1804.5769048199954,0.007,60494.2,0.01,60641.60999999999,long_rentry,606.4160999999999,0.3361601476646856,70.0
