timestamp,trade_id,timestamp,pnl,fee_paid,balance,equity,qty,price,psize,pprice,type,pcost,wallet_exposure,mins_since_prev_fill
1672539660000.0,141,1672539660000.0,0.0,-0.0182142,299.9817858,299.9838,54.0,0.3373,54.0,0.3373,clock_entry_long,18.214199999999998,0.06071768641361291,
1672545360000.0,236,1672545360000.0,0.04860000000000064,-0.0182628,300.01212300000003,300.01212300000003,-54.0,0.3382,0.0,0.0,clock_close_long,0.0,0.0,95.0
1672549140000.0,299,1672549140000.0,0.0,-0.0181332,299.9939898,300.02832300000006,54.0,0.3358,54.0,0.3358,clock_entry_long,18.1332,0.06044521095935635,63.0
1672617600000.0,1440,1672617600000.0,0.15660000000000074,-0.0182898,300.1323,300.1323,-54.0,0.3387,0.0,0.0,clock_close_long,0.0,0.0,1141.0
1672620840000.0,1494,1672620840000.0,0.0,-0.0182034,300.1140966,300.1323,54.0,0.3371,54.0,0.3371,clock_entry_long,18.203400000000002,0.0606549315951059,54.0
1672621620000.0,1507,1672621620000.0,0.0,-0.0256527,300.08844389999996,299.0664966,81.0,0.3167,135.0,0.32486000000000004,clock_entry_long,43.856100000000005,0.14614391487402428,13.0
1672643820000.0,1877,1672643820000.0,1.7873999999999965,-0.045643500000000004,301.83020039999997,301.83020039999997,-135.0,0.3381,0.0,0.0,clock_close_long,0.0,0.0,370.0
1672708140000.0,2949,1672708140000.0,0.0,-0.018285,301.8119154,301.8143004,53.0,0.345,53.0,0.345,clock_entry_long,18.285,0.06058408918602954,1072.0
1672723320000.0,3202,1672723320000.0,0.058300000000002405,-0.0183433,301.8518721,301.8518721,-53.0,0.3461,0.0,0.0,clock_close_long,0.0,0.0,253.0
1672735320000.0,3402,1672735320000.0,0.0,-0.0183062,301.8335659,301.8624721,53.0,0.3454,53.0,0.3454,clock_entry_long,18.3062,0.06064998087742501,200.0
1672799700000.0,4475,1672799700000.0,0.10070000000000068,-0.0184069,301.915859,301.915859,-53.0,0.3473,0.0,0.0,clock_close_long,0.0,0.0,1073.0
1672844400000.0,5220,1672844400000.0,0.0,-0.0183804,301.8974786,301.878759,53.0,0.3468,53.0,0.3468,clock_entry_long,18.3804,0.06088291987477368,745.0
1672877880000.0,5778,1672877880000.0,0.0900999999999989,-0.018470499999999997,301.96910809999997,301.96910809999997,-53.0,0.3485,0.0,0.0,clock_close_long,0.0,0.0,558.0
1672884300000.0,5885,1672884300000.0,0.0,-0.0182373,301.95087079999996,301.97440809999995,53.0,0.3441,53.0,0.3441,clock_entry_long,18.2373,0.06039823614908417,107.0
1672912320000.0,6352,1672912320000.0,0.0,-0.025764000000000002,301.9251068,301.65477079999994,76.0,0.339,129.0,0.3410953488372093,clock_entry_long,44.0013,0.1457358100038602,467.0
1672961100000.0,7165,1672961100000.0,0.0,-0.03650400000000001,301.8886028,301.5021068,108.0,0.338,237.0,0.3396848101265823,clock_entry_long,80.5053,0.2666722070767754,813.0
1672986480000.0,7588,1672986480000.0,0.0,-0.0516925,301.8369103,300.5012028,155.0,0.3335,392.0,0.33723928571428574,clock_entry_long,132.1978,0.43797758156418554,423.0
1673011800000.0,8010,1673011800000.0,-0.2114000000000109,-0.1319864,301.4935239,301.4935239,-392.0,0.3367,0.0,0.0,clock_close_long,0.0,0.0,422.0
1673137980000.0,10113,1673137980000.0,0.0,-0.0181419,301.475382,301.4988239,53.0,0.3423,53.0,0.3423,clock_entry_long,18.1419,0.06017705286463489,2103.0
1673170260000.0,10651,1673170260000.0,-0.06359999999999888,-0.018078300000000002,301.3937037,301.3937037,-53.0,0.3411,0.0,0.0,clock_close_long,0.0,0.0,538.0
1673176920000.0,10762,1673176920000.0,0.0,-0.0183006,301.3754031,301.4045037,54.0,0.3389,54.0,0.3389,clock_entry_long,18.3006,0.06072360189901641,111.0
1673223180000.0,11533,1673223180000.0,0.39960000000000095,-0.0187002,301.75630290000004,301.75630290000004,-54.0,0.3463,0.0,0.0,clock_close_long,0.0,0.0,771.0
1673272260000.0,12351,1673272260000.0,0.0,-0.0184069,301.73789600000003,301.69270290000003,53.0,0.3473,53.0,0.3473,clock_entry_long,18.4069,0.06100294409158337,818.0
1673276820000.0,12427,1673276820000.0,0.39220000000000094,-0.0187991,302.1112969,302.1112969,-53.0,0.3547,0.0,0.0,clock_close_long,0.0,0.0,76.0
1673295180000.0,12733,1673295180000.0,0.0,-0.0182104,302.0930865,302.1060969,52.0,0.3502,52.0,0.3502,clock_entry_long,18.2104,0.06028075720296233,306.0
1673318460000.0,13121,1673318460000.0,0.0,-0.025822499999999998,302.067264,301.72278650000004,75.0,0.3443,127.0,0.3467157480314961,clock_entry_long,44.0329,0.14577183709652164,388.0
1673347020000.0,13597,1673347020000.0,0.42980000000000146,-0.04446270000000001,302.4526013,302.4526013,-127.0,0.3501,0.0,0.0,clock_close_long,0.0,0.0,476.0
1673355360000.0,13736,1673355360000.0,0.0,-0.018390999999999998,302.4342103,302.4685013,53.0,0.347,53.0,0.347,clock_entry_long,18.391,0.060809919558230605,139.0
1673411940000.0,14679,1673411940000.0,0.2703000000000026,-0.018661300000000002,302.685849,302.685849,-53.0,0.3521,0.0,0.0,clock_close_long,0.0,0.0,943.0
1673517960000.0,16446,1673517960000.0,0.0,-0.018515,302.66733400000004,302.66584900000004,50.0,0.3703,50.0,0.3703,clock_entry_long,18.515,0.061172772612455094,1767.0
1673518920000.0,16462,1673518920000.0,0.07999999999999952,-0.018595,302.728739,302.728739,-50.0,0.3719,0.0,0.0,clock_close_long,0.0,0.0,16.0
1673521920000.0,16512,1673521920000.0,0.0,-0.01844,302.710299,302.743739,50.0,0.3688,50.0,0.3688,clock_entry_long,18.44,0.060916328453033575,50.0
1673578920000.0,17462,1673578920000.0,0.3250000000000003,-0.018765,303.01653400000004,303.01653400000004,-50.0,0.3753,0.0,0.0,clock_close_long,0.0,0.0,950.0
1673614380000.0,18053,1673614380000.0,0.0,-0.0182231,302.99831090000004,303.03123400000004,49.0,0.3719,49.0,0.3719,clock_entry_long,18.2231,0.06014257949449182,591.0
1673642340000.0,18519,1673642340000.0,0.2743999999999997,-0.0184975,303.2542134,303.2542134,-49.0,0.3775,0.0,0.0,clock_close_long,0.0,0.0,466.0
1673687820000.0,19277,1673687820000.0,0.0,-0.018391099999999997,303.23582230000005,303.2683134,47.0,0.3913,47.0,0.3913,clock_entry_long,18.391099999999998,0.060649496687120115,758.0
1673688120000.0,19282,1673688120000.0,0.0,-0.0262131,303.20960920000005,303.40762230000007,69.0,0.3799,116.0,0.3845189655172414,clock_entry_long,44.604200000000006,0.147106815373317,5.0
1673694600000.0,19390,1673694600000.0,1.0069999999999961,-0.0456112,304.17099800000005,304.17099800000005,-116.0,0.3932,0.0,0.0,clock_close_long,0.0,0.0,108.0
1673698440000.0,19454,1673698440000.0,0.0,-0.0183629,304.15263510000005,304.18509800000004,47.0,0.3907,47.0,0.3907,clock_entry_long,18.3629,0.06037396320423987,64.0
1673742840000.0,20194,1673742840000.0,0.0,-0.026288799999999998,304.1263463000001,304.06343510000005,68.0,0.3866,115.0,0.388275652173913,clock_entry_long,44.6517,0.14681957200759618,740.0
1673772720000.0,20692,1673772720000.0,0.0,-0.0371413,304.0892050000001,303.4021463000001,97.0,0.3829,212.0,0.38581603773584905,clock_entry_long,81.79299999999999,0.2689769931162139,498.0
1673794980000.0,21063,1673794980000.0,0.060200000000001364,-0.0818532,304.0675518000001,304.0675518000001,-212.0,0.3861,0.0,0.0,clock_close_long,0.0,0.0,371.0
1673804940000.0,21229,1673804940000.0,0.0,-0.0185136,304.0490382000001,304.0867518000001,48.0,0.3857,48.0,0.3857,clock_entry_long,18.5136,0.060890177813428766,166.0
1673839440000.0,21804,1673839440000.0,0.5568,-0.0190704,304.5867678000001,304.5867678000001,-48.0,0.3973,0.0,0.0,clock_close_long,0.0,0.0,575.0
1673856480000.0,22088,1673856480000.0,0.0,-0.0183629,304.5684049000001,304.48336780000005,47.0,0.3907,47.0,0.3907,clock_entry_long,18.3629,0.06029154601912549,284.0
1673877300000.0,22435,1673877300000.0,0.0,-0.026071200000000003,304.5423337000001,304.2943049000001,68.0,0.3834,115.0,0.3863834782608696,clock_entry_long,44.43410000000001,0.14590451008946215,347.0
1673900280000.0,22818,1673900280000.0,0.7263999999999946,-0.0451605,305.2235732000001,305.2235732000001,-115.0,0.3927,0.0,0.0,clock_close_long,0.0,0.0,383.0
1673903880000.0,22878,1673903880000.0,0.0,-0.0186048,305.2049684000001,305.2427732000001,48.0,0.3876,48.0,0.3876,clock_entry_long,18.6048,0.06095837855305371,60.0
1673966040000.0,23914,1673966040000.0,0.0,-0.0262616,305.1787068000001,305.2305684000001,68.0,0.3862,116.0,0.3867793103448276,clock_entry_long,44.8664,0.14701681015184112,1036.0
1673975520000.0,24072,1673975520000.0,0.2807999999999975,-0.0451472,305.4143596000001,305.4143596000001,-116.0,0.3892,0.0,0.0,clock_close_long,0.0,0.0,158.0
1673976240000.0,24084,1673976240000.0,0.0,-0.0185424,305.3958172000001,305.42875960000015,48.0,0.3863,48.0,0.3863,clock_entry_long,18.5424,0.06071595927542387,12.0
1674030720000.0,24992,1674030720000.0,0.0,-0.026180000000000002,305.3696372000001,305.39141720000015,68.0,0.385,116.0,0.38553793103448275,clock_entry_long,44.7224,0.14645332918514528,908.0
1674041400000.0,25170,1674041400000.0,0.5872000000000013,-0.045309600000000005,305.9115276000001,305.9115276000001,-116.0,0.3906,0.0,0.0,clock_close_long,0.0,0.0,178.0
1674056820000.0,25427,1674056820000.0,0.0,-0.018648,305.89287960000013,305.9067276000001,48.0,0.3885,48.0,0.3885,clock_entry_long,18.648,0.06096251741585158,257.0
1674057300000.0,25435,1674057300000.0,0.0,-0.026397,305.86648260000015,305.7468796000001,70.0,0.3771,118.0,0.38173728813559327,clock_entry_long,45.04500000000001,0.1472701409356711,8.0
1674058920000.0,25462,1674058920000.0,0.0,-0.0374306,305.82905200000016,305.09978260000014,101.0,0.3706,219.0,0.3766009132420091,clock_entry_long,82.4756,0.269678761584756,27.0
1674104880000.0,26228,1674104880000.0,1.2480999999999975,-0.0837237,306.9934283000002,306.9934283000002,-219.0,0.3823,0.0,0.0,clock_close_long,0.0,0.0,766.0
1674137880000.0,26778,1674137880000.0,0.0,-0.018801299999999996,306.97462700000017,306.9836283000002,49.0,0.3837,49.0,0.3837,clock_entry_long,18.801299999999998,0.06124708150553429,550.0
1674150360000.0,26986,1674150360000.0,0.5487999999999994,-0.0193501,307.50407690000014,307.50407690000014,-49.0,0.3949,0.0,0.0,clock_close_long,0.0,0.0,208.0
1674190080000.0,27648,1674190080000.0,0.0,-0.018643200000000002,307.48543370000016,307.51847690000017,48.0,0.3884,48.0,0.3884,clock_entry_long,18.6432,0.060631164786132084,662.0
1674217380000.0,28103,1674217380000.0,0.22559999999999913,-0.0188688,307.69216490000014,307.69216490000014,-48.0,0.3931,0.0,0.0,clock_close_long,0.0,0.0,455.0
1674296760000.0,29426,1674296760000.0,0.0,-0.0186438,307.67352110000013,307.5219649000001,46.0,0.4053,46.0,0.4053,clock_entry_long,18.6438,0.06059604977816855,1323.0
1674298920000.0,29462,1674298920000.0,0.17480000000000118,-0.0188186,307.8295025000001,307.8295025000001,-46.0,0.4091,0.0,0.0,clock_close_long,0.0,0.0,36.0
1674299520000.0,29472,1674299520000.0,0.0,-0.0186438,307.8108587000001,307.8479025000001,46.0,0.4053,46.0,0.4053,clock_entry_long,18.6438,0.06056901331791773,10.0
1674351900000.0,30345,1674351900000.0,0.0,-0.026637600000000004,307.7842211000001,307.7102587000001,66.0,0.4036,112.0,0.4042982142857143,clock_entry_long,45.2814,0.1471206023433148,873.0
1674371820000.0,30677,1674371820000.0,0.35859999999999825,-0.04564,308.09718110000006,308.09718110000006,-112.0,0.4075,0.0,0.0,clock_close_long,0.0,0.0,332.0
1674372240000.0,30684,1674372240000.0,0.0,-0.0186438,308.07853730000005,308.10178110000004,46.0,0.4053,46.0,0.4053,clock_entry_long,18.6438,0.06051638703362539,7.0
1674417960000.0,31446,1674417960000.0,0.0,-0.026538600000000002,308.05199870000007,307.69613730000003,66.0,0.4021,112.0,0.4034142857142857,clock_entry_long,45.1824,0.14667134182109753,762.0
1674436440000.0,31754,1674436440000.0,0.692800000000001,-0.0458752,308.6989235000001,308.6989235000001,-112.0,0.4096,0.0,0.0,clock_close_long,0.0,0.0,308.0
1674446400000.0,31920,1674446400000.0,0.0,-0.018584,308.6803395000001,308.7403235000001,46.0,0.404,46.0,0.404,clock_entry_long,18.584,0.060204676559907674,166.0
1674461400000.0,32170,1674461400000.0,1.0165999999999977,-0.0196006,309.6773389000001,309.6773389000001,-46.0,0.4261,0.0,0.0,clock_close_long,0.0,0.0,250.0
1674485940000.0,32579,1674485940000.0,0.0,-0.0186165,309.6587224000001,309.76283890000013,45.0,0.4137,45.0,0.4137,clock_entry_long,18.616500000000002,0.06011941099450844,409.0
1674501060000.0,32831,1674501060000.0,0.5850000000000005,-0.0192015,310.22452090000013,310.22452090000013,-45.0,0.4267,0.0,0.0,clock_close_long,0.0,0.0,252.0
1674534120000.0,33382,1674534120000.0,0.0,-0.018927,310.2055939000001,310.22902090000014,45.0,0.4206,45.0,0.4206,clock_entry_long,18.927,0.061014373603144725,551.0
1674579840000.0,34144,1674579840000.0,0.0,-0.0267328,310.1788611000001,310.0859939000001,64.0,0.4177,109.0,0.41889724770642206,clock_entry_long,45.659800000000004,0.1472047445079744,762.0
1674583860000.0,34211,1674583860000.0,0.24009999999999265,-0.045899899999999993,310.3730612000001,310.3730612000001,-109.0,0.4211,0.0,0.0,clock_close_long,0.0,0.0,67.0
1674591360000.0,34336,1674591360000.0,0.0,-0.0189315,310.3541297000001,310.3685612000001,45.0,0.4207,45.0,0.4207,clock_entry_long,18.9315,0.060999671627697996,125.0
1674599280000.0,34468,1674599280000.0,0.0,-0.0268224,310.3273073000001,309.4553297000001,66.0,0.4064,111.0,0.4121972972972973,clock_entry_long,45.7539,0.14743755681084397,132.0
1674606120000.0,34582,1674606120000.0,0.0,-0.0378256,310.28948170000007,309.1373073000001,94.0,0.4024,205.0,0.40770487804878053,clock_entry_long,83.57950000000001,0.2693597589647203,114.0
1674609960000.0,34646,1674609960000.0,0.0,-0.053702999999999994,310.2357787000001,308.6329817000001,135.0,0.3978,340.0,0.4037720588235294,clock_entry_long,137.2825,0.4425102113471993,64.0
1674653460000.0,35371,1674653460000.0,1.8115000000000103,-0.139094,311.9081847000001,311.9081847000001,-340.0,0.4091,0.0,0.0,clock_close_long,0.0,0.0,725.0
1674654120000.0,35382,1674654120000.0,0.0,-0.0191008,311.8890839000001,311.9081847000001,47.0,0.4064,47.0,0.4064,clock_entry_long,19.1008,0.061242284472271626,11.0
1674684060000.0,35881,1674684060000.0,0.7191000000000016,-0.0198199,312.5883640000001,312.5883640000001,-47.0,0.4217,0.0,0.0,clock_close_long,0.0,0.0,499.0
1674704880000.0,36228,1674704880000.0,0.0,-0.0188968,312.56946720000013,312.5791640000001,46.0,0.4108,46.0,0.4108,clock_entry_long,18.8968,0.0604563208597362,347.0
1674749340000.0,36969,1674749340000.0,0.0,-0.0269082,312.54255900000015,312.34846720000013,66.0,0.4077,112.0,0.4089732142857143,clock_entry_long,45.80500000000001,0.14655604070868308,741.0
1674761340000.0,37169,1674761340000.0,0.21579999999999533,-0.0460208,312.71233820000015,312.71233820000015,-112.0,0.4109,0.0,0.0,clock_close_long,0.0,0.0,200.0
1674767640000.0,37274,1674767640000.0,0.0,-0.01886,312.69347820000013,312.71693820000013,46.0,0.41,46.0,0.41,clock_entry_long,18.86,0.06031465737170591,105.0
1674783480000.0,37538,1674783480000.0,0.0,-0.0269072,312.66657100000015,312.2618782000001,67.0,0.4016,113.0,0.40501946902654873,clock_entry_long,45.76720000000001,0.1463770170684476,264.0
1674833460000.0,38371,1674833460000.0,0.381999999999992,-0.0461492,313.00242180000015,313.00242180000015,-113.0,0.4084,0.0,0.0,clock_close_long,0.0,0.0,833.0
1674876660000.0,39091,1674876660000.0,0.0,-0.0188094,312.98361240000014,313.01622180000015,46.0,0.4089,46.0,0.4089,clock_entry_long,18.8094,0.06009707618800553,720.0
1674918960000.0,39796,1674918960000.0,0.02300000000000002,-0.0188324,312.98778000000016,312.98778000000016,-46.0,0.4094,0.0,0.0,clock_close_long,0.0,0.0,705.0
1674958080000.0,40448,1674958080000.0,0.0,-0.0191666,312.96861340000015,313.01128000000017,47.0,0.4078,47.0,0.4078,clock_entry_long,19.1666,0.061241284842526604,652.0
1674986580000.0,40923,1674986580000.0,0.23030000000000073,-0.0193969,313.17951650000015,313.17951650000015,-47.0,0.4127,0.0,0.0,clock_close_long,0.0,0.0,475.0
1675044120000.0,41882,1675044120000.0,0.0,-0.018924399999999997,313.16059210000014,313.18871650000017,46.0,0.4114,46.0,0.4114,clock_entry_long,18.9244,0.060430336630469,959.0
1675069680000.0,42308,1675069680000.0,0.0,-0.0270814,313.13351070000016,312.75029210000014,67.0,0.4042,113.0,0.4071309734513274,clock_entry_long,46.0058,0.14692071729134157,426.0
1675072980000.0,42363,1675072980000.0,0.0,-0.0381408,313.09536990000015,311.93901070000015,96.0,0.3973,209.0,0.4026153110047847,clock_entry_long,84.1466,0.26875708838133144,55.0
1675105800000.0,42910,1675105800000.0,0.0,-0.0540408,313.04132910000015,309.09286990000015,138.0,0.3916,347.0,0.39823458213256485,clock_entry_long,138.1874,0.4414350028390546,547.0
1675118460000.0,43121,1675118460000.0,0.0,-0.0767315,312.96459760000016,310.5000291000002,197.0,0.3895,544.0,0.39507150735294116,clock_entry_long,214.9189,0.6867195256208746,211.0
1675145040000.0,43564,1675145040000.0,0.0,-0.0979272,312.86667040000015,309.76249760000024,252.0,0.3886,796.0,0.39302273869346727,clock_entry_long,312.8460999999999,0.9999342518652629,443.0
1675151040000.0,43664,1675151040000.0,0.743395477386952,-0.15638039999999997,313.4536854773871,314.24459000000024,-396.0,0.3949,400.0,0.39302273869346727,clock_close_long,157.2090954773869,0.5015385135381608,100.0
1675188120000.0,44282,1675188120000.0,5.047822864321642,-0.15675460000000002,318.34475374170876,318.52783540000024,-386.0,0.4061,14.0,0.39302273869346727,clock_close_long,5.502318341708541,0.017284149580089784,618.0
1675215360000.0,44736,1675215360000.0,0.0,-0.0216756,318.3230781417088,318.4960354000002,54.0,0.4014,68.0,0.3996752697310079,clock_entry_long,27.177918341708537,0.08537841019999708,454.0
1675257660000.0,45441,1675257660000.0,0.3008816582914624,-0.0274788,318.59648100000027,318.59648100000027,-68.0,0.4041,0.0,0.0,clock_close_long,0.0,0.0,705.0
1675263840000.0,45544,1675263840000.0,0.0,-0.019267199999999998,318.57721380000027,318.5916810000003,48.0,0.4014,48.0,0.4014,clock_entry_long,19.2672,0.06047890170856904,103.0
1675292520000.0,46022,1675292520000.0,0.6624000000000017,-0.019929600000000002,319.21968420000024,319.21968420000024,-48.0,0.4152,0.0,0.0,clock_close_long,0.0,0.0,478.0
1675349940000.0,46979,1675349940000.0,0.0,-0.0193076,319.20037660000025,319.2713842000002,47.0,0.4108,47.0,0.4108,clock_entry_long,19.3076,0.060487397307162155,957.0
1675361760000.0,47176,1675361760000.0,0.25850000000000023,-0.0195661,319.43931050000026,319.43931050000026,-47.0,0.4163,0.0,0.0,clock_close_long,0.0,0.0,197.0
1675373400000.0,47370,1675373400000.0,0.0,-0.0193123,319.41999820000024,319.41111050000023,47.0,0.4109,47.0,0.4109,clock_entry_long,19.3123,0.06046052253718905,194.0
1675431000000.0,48330,1675431000000.0,0.0,-0.027396300000000002,319.3926019000002,319.2347982000002,67.0,0.4089,114.0,0.40972456140350877,clock_entry_long,46.7086,0.14624195965135148,960.0
1675441680000.0,48508,1675441680000.0,0.1339999999999989,-0.0468426,319.47975930000024,319.47975930000024,-114.0,0.4109,0.0,0.0,clock_close_long,0.0,0.0,178.0
1675447080000.0,48598,1675447080000.0,0.0,-0.019559999999999998,319.4601993000002,319.47495930000025,48.0,0.4075,48.0,0.4075,clock_entry_long,19.56,0.061228284596515574,90.0
1675512480000.0,49688,1675512480000.0,0.18240000000000123,-0.0197424,319.6228569000002,319.6228569000002,-48.0,0.4113,0.0,0.0,clock_close_long,0.0,0.0,1090.0
1675553880000.0,50378,1675553880000.0,0.0,-0.0193358,319.6035211000002,319.6792569000002,47.0,0.4114,47.0,0.4114,clock_entry_long,19.3358,0.060499333466198124,690.0
1675596480000.0,51088,1675596480000.0,-0.04700000000000004,-0.0192888,319.5372323000002,319.5372323000002,-47.0,0.4104,0.0,0.0,clock_close_long,0.0,0.0,710.0
1675601460000.0,51171,1675601460000.0,0.0,-0.0195456,319.5176867000002,319.5516323000002,48.0,0.4072,48.0,0.4072,clock_entry_long,19.5456,0.061172200518438434,83.0
1675615080000.0,51398,1675615080000.0,0.0,-0.0274482,319.4902385000002,319.0898867000002,69.0,0.3978,117.0,0.40165641025641025,clock_entry_long,46.9938,0.14708993996384642,227.0
1675652280000.0,52018,1675652280000.0,0.0,-0.03891580000000001,319.4513227000002,318.9571385000002,98.0,0.3971,215.0,0.39957953488372094,clock_entry_long,85.9096,0.26892860944788927,620.0
1675689000000.0,52630,1675689000000.0,-0.16760000000000552,-0.08574200000000001,319.1979807000002,319.1979807000002,-215.0,0.3988,0.0,0.0,clock_close_long,0.0,0.0,612.0
1675719780000.0,53143,1675719780000.0,0.0,-0.019502000000000002,319.1784787000002,319.2175807000002,49.0,0.398,49.0,0.398,clock_entry_long,19.502000000000002,0.0611006107912751,513.0
1675773000000.0,54030,1675773000000.0,-0.058800000000001684,-0.0194432,319.1002355000002,319.1002355000002,-49.0,0.3968,0.0,0.0,clock_close_long,0.0,0.0,887.0
1675787040000.0,54264,1675787040000.0,0.0,-0.019261900000000002,319.0809736000002,319.11983550000025,49.0,0.3931,49.0,0.3931,clock_entry_long,19.2619,0.060366808408158834,234.0
1675816560000.0,54756,1675816560000.0,0.5487999999999994,-0.0198107,319.6099629000002,319.6099629000002,-49.0,0.4043,0.0,0.0,clock_close_long,0.0,0.0,492.0
1675869120000.0,55632,1675869120000.0,0.0,-0.0195461,319.5904168000002,319.5658629000002,49.0,0.3989,49.0,0.3989,clock_entry_long,19.5461,0.06115984388928644,876.0
1675904040000.0,56214,1675904040000.0,-0.0391999999999984,-0.0195069,319.5317099000002,319.5317099000002,-49.0,0.3981,0.0,0.0,clock_close_long,0.0,0.0,582.0
1675911540000.0,56339,1675911540000.0,0.0,-0.0193452,319.5123647000002,319.5219099000002,49.0,0.3948,49.0,0.3948,clock_entry_long,19.3452,0.06054601366730765,125.0
1675953600000.0,57040,1675953600000.0,0.485100000000001,-0.019830300000000002,319.9776344000002,319.9776344000002,-49.0,0.4047,0.0,0.0,clock_close_long,0.0,0.0,701.0
1675961820000.0,57177,1675961820000.0,0.0,-0.019389299999999998,319.9582451000002,320.0560344000002,49.0,0.3957,49.0,0.3957,clock_entry_long,19.3893,0.06059946976500023,137.0
1675971060000.0,57331,1675971060000.0,0.0,-0.0274841,319.93076100000025,319.2008451000002,71.0,0.3871,120.0,0.3906116666666667,clock_entry_long,46.873400000000004,0.1465110758761955,154.0
1675978380000.0,57453,1675978380000.0,0.0,-0.03889259999999999,319.89186840000025,319.12416100000024,102.0,0.3813,222.0,0.38633333333333336,clock_entry_long,85.766,0.2681093471646369,122.0
1675983240000.0,57534,1675983240000.0,0.0,-0.05531610000000001,319.8365523000002,316.59436840000023,147.0,0.3763,369.0,0.3823363143631437,clock_entry_long,141.08210000000003,0.4411068684471932,81.0
1676043720000.0,58542,1676043720000.0,0.0,-0.078023,319.75852930000025,319.59765230000016,205.0,0.3806,574.0,0.3817162020905924,clock_entry_long,219.10510000000005,0.6852205021071814,1008.0
1676057580000.0,58773,1676057580000.0,0.7438437282229611,-0.1599195,320.3424535282232,320.62250980000016,-417.0,0.3835,157.0,0.3817162020905924,clock_close_long,59.92944372822301,0.1870793054999906,231.0
1676140200000.0,60150,1676140200000.0,0.0,-0.0445068,320.29794672822317,320.3276098000002,117.0,0.3804,274.0,0.38115417419059494,clock_entry_long,104.43624372822302,0.3260596728609019,1377.0
1676146140000.0,60249,1676146140000.0,0.06735627177699077,-0.1045036,320.26079940000017,320.26079940000017,-274.0,0.3814,0.0,0.0,clock_close_long,0.0,0.0,99.0
1676237280000.0,61768,1676237280000.0,0.0,-0.019385100000000002,320.24141430000014,320.25569940000014,51.0,0.3801,51.0,0.3801,clock_entry_long,19.3851,0.06053277038628165,1519.0
1676251980000.0,62013,1676251980000.0,0.0,-0.0274984,320.21391590000013,319.80791430000016,74.0,0.3716,125.0,0.37506799999999996,clock_entry_long,46.8835,0.14641306224380732,245.0
1676272800000.0,62360,1676272800000.0,0.14150000000000273,-0.047025,320.3083909000001,320.3083909000001,-125.0,0.3762,0.0,0.0,clock_close_long,0.0,0.0,347.0
1676275560000.0,62406,1676275560000.0,0.0,-0.0194376,320.2889533000001,320.3135909000001,52.0,0.3738,52.0,0.3738,clock_entry_long,19.4376,0.0606877002772983,46.0
1676280000000.0,62480,1676280000000.0,0.0,-0.027701999999999997,320.26125130000014,319.8437533000001,76.0,0.3645,128.0,0.368278125,clock_entry_long,47.1396,0.1471910816830059,74.0
1676354280000.0,63718,1676354280000.0,0.117999999999995,-0.0472576,320.3319937000001,320.3319937000001,-128.0,0.3692,0.0,0.0,clock_close_long,0.0,0.0,1238.0
1676381400000.0,64170,1676381400000.0,0.0,-0.0195093,320.31248440000013,320.3107937000001,53.0,0.3681,53.0,0.3681,clock_entry_long,19.5093,0.06090708589315288,452.0
1676400540000.0,64489,1676400540000.0,0.524700000000001,-0.020034,320.8171504000001,320.8171504000001,-53.0,0.378,0.0,0.0,clock_close_long,0.0,0.0,319.0
1676555280000.0,67068,1676555280000.0,0.0,-0.0194089,320.79774150000014,320.8024504000001,49.0,0.3961,49.0,0.3961,clock_entry_long,19.4089,0.06050198455028709,2579.0
1676558820000.0,67127,1676558820000.0,0.01960000000000056,-0.0194285,320.79791300000016,320.79791300000016,-49.0,0.3965,0.0,0.0,clock_close_long,0.0,0.0,59.0
1676563740000.0,67209,1676563740000.0,0.0,-0.0194138,320.77849920000017,320.85181300000016,49.0,0.3962,49.0,0.3962,clock_entry_long,19.4138,0.06052088917560466,82.0
1676586120000.0,67582,1676586120000.0,0.0,-0.027654500000000002,320.7508447000002,320.46219920000016,71.0,0.3895,120.0,0.39223583333333334,clock_entry_long,47.0683,0.14674411861338418,373.0
1676592060000.0,67681,1676592060000.0,0.0,-0.0390762,320.7117685000002,319.41034470000017,102.0,0.3831,222.0,0.38803828828828835,clock_entry_long,86.14450000000001,0.2686041126676022,99.0
1676644440000.0,68554,1676644440000.0,0.2800999999999825,-0.0864246,320.90544390000014,320.90544390000014,-222.0,0.3893,0.0,0.0,clock_close_long,0.0,0.0,873.0
1676645400000.0,68570,1676645400000.0,0.0,-0.019370000000000002,320.88607390000016,320.90044390000014,50.0,0.3874,50.0,0.3874,clock_entry_long,19.37,0.06036410294962318,16.0
1676700240000.0,69484,1676700240000.0,0.3899999999999987,-0.01976,321.2563139000002,321.2563139000002,-50.0,0.3952,0.0,0.0,clock_close_long,0.0,0.0,914.0
1676709480000.0,69638,1676709480000.0,0.0,-0.01961,321.2367039000002,321.2563139000002,50.0,0.3922,50.0,0.3922,clock_entry_long,19.61,0.061045328139416224,154.0
1676771280000.0,70668,1676771280000.0,0.0,-0.027824900000000003,321.2088790000002,321.12490390000016,71.0,0.3919,121.0,0.3920239669421488,clock_entry_long,47.434900000000006,0.147676179275231,1030.0
1676784060000.0,70881,1676784060000.0,0.08179999999999382,-0.0475167,321.24316230000017,321.24316230000017,-121.0,0.3927,0.0,0.0,clock_close_long,0.0,0.0,213.0
1676825460000.0,71571,1676825460000.0,0.0,-0.019615,321.2235473000002,321.2131623000002,50.0,0.3923,50.0,0.3923,clock_entry_long,19.615,0.06106339390393747,690.0
1676854380000.0,72053,1676854380000.0,0.0,-0.027828,321.1957193000002,320.94574730000016,72.0,0.3865,122.0,0.38887704918032784,clock_entry_long,47.443,0.14770744798030055,482.0
1676866560000.0,72256,1676866560000.0,0.08820000000000394,-0.0475312,321.23638810000017,321.23638810000017,-122.0,0.3896,0.0,0.0,clock_close_long,0.0,0.0,203.0
1676948460000.0,73621,1676948460000.0,0.0,-0.0193256,321.21706250000017,321.2412881000002,49.0,0.3944,49.0,0.3944,clock_entry_long,19.325599999999998,0.06016367826039748,1365.0
1676953500000.0,73705,1676953500000.0,0.08820000000000117,-0.0194138,321.28584870000014,321.28584870000014,-49.0,0.3962,0.0,0.0,clock_close_long,0.0,0.0,84.0
1676968800000.0,73960,1676968800000.0,0.0,-0.0194138,321.26643490000015,321.3348487000001,49.0,0.3962,49.0,0.3962,clock_entry_long,19.4138,0.060428970757691776,255.0
1676987820000.0,74277,1676987820000.0,0.0,-0.0276048,321.23883010000014,320.91583490000016,71.0,0.3888,120.0,0.3918216666666666,clock_entry_long,47.01859999999999,0.14636648995815146,317.0
1677030720000.0,74992,1677030720000.0,0.0,-0.039076900000000005,321.19975320000015,320.69243010000014,101.0,0.3869,221.0,0.3895723981900452,clock_entry_long,86.09549999999999,0.2680434811741317,715.0
1677042240000.0,75184,1677042240000.0,0.20500000000001645,-0.0863005,321.31845270000014,321.31845270000014,-221.0,0.3905,0.0,0.0,clock_close_long,0.0,0.0,192.0
1677048120000.0,75282,1677048120000.0,0.0,-0.01945,321.29900270000013,321.32345270000013,50.0,0.389,50.0,0.389,clock_entry_long,19.45,0.060535513140576556,98.0
1677105660000.0,76241,1677105660000.0,0.28499999999999914,-0.019735,321.56426770000013,321.56426770000013,-50.0,0.3947,0.0,0.0,clock_close_long,0.0,0.0,959.0
1677151440000.0,77004,1677151440000.0,0.0,-0.019645000000000003,321.5446227000001,321.55426770000014,50.0,0.3929,50.0,0.3929,clock_entry_long,19.645000000000003,0.0610957192660899,763.0
1677175500000.0,77405,1677175500000.0,0.0,-0.027792,321.5168307000001,321.19962270000013,72.0,0.386,122.0,0.388827868852459,clock_entry_long,47.437,0.14754126524798436,401.0
1677182040000.0,77514,1677182040000.0,0.25280000000000347,-0.047689800000000004,321.7219409000001,321.7219409000001,-122.0,0.3909,0.0,0.0,clock_close_long,0.0,0.0,109.0
1677215340000.0,78069,1677215340000.0,0.0,-0.019414999999999998,321.7025259000001,321.7269409000001,50.0,0.3883,50.0,0.3883,clock_entry_long,19.415,0.060350785079117064,555.0
1677251460000.0,78671,1677251460000.0,0.0,-0.027568800000000004,321.67495710000014,321.44472590000015,72.0,0.3829,122.0,0.3851131147540984,clock_entry_long,46.9838,0.14605986248843733,602.0
1677254700000.0,78725,1677254700000.0,0.0,-0.039228,321.63572910000016,320.38385710000017,105.0,0.3736,227.0,0.37978766519823787,clock_entry_long,86.2118,0.2680417385258706,54.0
1677278340000.0,79119,1677278340000.0,0.0,-0.0552928,321.58043630000014,320.0061291000002,148.0,0.3736,375.0,0.37734559999999995,clock_entry_long,141.50459999999998,0.4400286336697153,394.0
1677312660000.0,79691,1677312660000.0,0.5079000000000125,-0.14201249999999999,321.94632380000013,321.94632380000013,-375.0,0.3787,0.0,0.0,clock_close_long,0.0,0.0,572.0
1677353280000.0,80368,1677353280000.0,0.0,-0.019474,321.9268498000001,321.94632380000013,52.0,0.3745,52.0,0.3745,clock_entry_long,19.474,0.0604920031121927,677.0
1677382440000.0,80854,1677382440000.0,0.19760000000000133,-0.0196716,322.1047782000001,322.1047782000001,-52.0,0.3783,0.0,0.0,clock_close_long,0.0,0.0,486.0
1677477000000.0,82430,1677477000000.0,0.0,-0.019515600000000004,322.08526260000014,322.1047782000001,52.0,0.3753,52.0,0.3753,clock_entry_long,19.515600000000003,0.06059140937546267,1576.0
1677477780000.0,82443,1677477780000.0,0.057199999999999473,-0.0195728,322.1228898000001,322.1228898000001,-52.0,0.3764,0.0,0.0,clock_close_long,0.0,0.0,13.0
1677488220000.0,82617,1677488220000.0,0.0,-0.0193596,322.10353020000014,322.1384898000001,52.0,0.3723,52.0,0.3723,clock_entry_long,19.3596,0.060103656696898856,174.0
1677536160000.0,83416,1677536160000.0,0.34839999999999915,-0.019708,322.4322222000001,322.4322222000001,-52.0,0.379,0.0,0.0,clock_close_long,0.0,0.0,799.0
1677549960000.0,83646,1677549960000.0,0.0,-0.0195,322.41272220000013,322.44782220000013,52.0,0.375,52.0,0.375,clock_entry_long,19.5,0.06048148431284202,230.0
1677600420000.0,84487,1677600420000.0,0.2703999999999991,-0.0197704,322.66335180000016,322.66335180000016,-52.0,0.3802,0.0,0.0,clock_close_long,0.0,0.0,841.0
1677619860000.0,84811,1677619860000.0,0.0,-0.019593600000000003,322.64375820000015,322.64255180000015,52.0,0.3768,52.0,0.3768,clock_entry_long,19.593600000000002,0.06072827848680816,324.0
1677660300000.0,85485,1677660300000.0,0.332799999999998,-0.0199264,322.95663180000014,322.95663180000014,-52.0,0.3832,0.0,0.0,clock_close_long,0.0,0.0,674.0
1677721200000.0,86500,1677721200000.0,0.0,-0.019708,322.93692380000016,322.96183180000014,52.0,0.379,52.0,0.379,clock_entry_long,19.708,0.061027397449928855,1015.0
1677744780000.0,86893,1677744780000.0,0.026000000000000023,-0.019734,322.94318980000014,322.94318980000014,-52.0,0.3795,0.0,0.0,clock_close_long,0.0,0.0,393.0
1677806280000.0,87918,1677806280000.0,0.0,-0.019567600000000004,322.9236222000001,322.91198980000013,52.0,0.3763,52.0,0.3763,clock_entry_long,19.567600000000002,0.06059513350770285,1025.0
1677807060000.0,87931,1677807060000.0,0.0,-0.027755200000000004,322.8958670000001,321.68082220000014,76.0,0.3652,128.0,0.369709375,clock_entry_long,47.3228,0.14655746584703105,13.0
1677807240000.0,87934,1677807240000.0,0.0,-0.039391,322.8564760000001,322.1714670000001,110.0,0.3581,238.0,0.3643436974789916,clock_entry_long,86.71379999999999,0.26858312112655275,3.0
1677851280000.0,88668,1677851280000.0,1.1319999999999975,-0.0878458,323.9006302000001,323.9006302000001,-238.0,0.3691,0.0,0.0,clock_close_long,0.0,0.0,734.0
1677855720000.0,88742,1677855720000.0,0.0,-0.0197586,323.8808716000001,323.92223020000006,54.0,0.3659,54.0,0.3659,clock_entry_long,19.7586,0.061005763947684755,74.0
1677886980000.0,89263,1677886980000.0,0.6696000000000012,-0.0204282,324.53004340000007,324.53004340000007,-54.0,0.3783,0.0,0.0,clock_close_long,0.0,0.0,521.0
1677953220000.0,90367,1677953220000.0,0.0,-0.019811400000000003,324.5102320000001,324.5512434000001,53.0,0.3738,53.0,0.3738,clock_entry_long,19.811400000000003,0.0610501551149857,1104.0
1677972960000.0,90696,1677972960000.0,-0.021200000000000607,-0.019790200000000004,324.4692418000001,324.4692418000001,-53.0,0.3734,0.0,0.0,clock_close_long,0.0,0.0,329.0
1677983700000.0,90875,1677983700000.0,0.0,-0.019769,324.4494728000001,324.4374418000001,53.0,0.373,53.0,0.373,clock_entry_long,19.769,0.06093090498620158,179.0
1678044480000.0,91888,1678044480000.0,0.0,-0.0279604,324.4215124000001,324.23077280000007,76.0,0.3679,129.0,0.3699953488372093,clock_entry_long,47.7294,0.14712156307671534,1013.0
1678063800000.0,92210,1678063800000.0,-0.05100000000000221,-0.047678399999999996,324.3228340000001,324.3228340000001,-129.0,0.3696,0.0,0.0,clock_close_long,0.0,0.0,322.0
1678065240000.0,92234,1678065240000.0,0.0,-0.019818,324.3030160000001,324.3282340000001,54.0,0.367,54.0,0.367,clock_entry_long,19.817999999999998,0.06110951493587093,24.0
1678090740000.0,92659,1678090740000.0,0.0,-0.0281034,324.2749126000001,323.9808160000001,78.0,0.3603,132.0,0.36304090909090914,clock_entry_long,47.921400000000006,0.1477801647243432,425.0
1678124220000.0,93217,1678124220000.0,0.8129999999999904,-0.0487344,325.0391782000001,325.0391782000001,-132.0,0.3692,0.0,0.0,clock_close_long,0.0,0.0,558.0
1678253880000.0,95378,1678253880000.0,0.0,-0.019577999999999998,325.01960020000007,325.0391782000001,52.0,0.3765,52.0,0.3765,clock_entry_long,19.578,0.060236367246629806,2161.0
1678256760000.0,95426,1678256760000.0,0.015600000000001168,-0.019593600000000003,325.01560660000007,325.01560660000007,-52.0,0.3768,0.0,0.0,clock_close_long,0.0,0.0,48.0
1678257660000.0,95441,1678257660000.0,0.0,-0.0198803,324.99572630000006,325.0262066000001,53.0,0.3751,53.0,0.3751,clock_entry_long,19.8803,0.061170958234843704,15.0
1678280160000.0,95816,1678280160000.0,0.8957000000000014,-0.020776,325.8706503000001,325.8706503000001,-53.0,0.392,0.0,0.0,clock_close_long,0.0,0.0,375.0
1678315620000.0,96407,1678315620000.0,0.0,-0.0197931,325.85085720000006,325.8808503000001,51.0,0.3881,51.0,0.3881,clock_entry_long,19.7931,0.060742820105123836,591.0
1678350600000.0,96990,1678350600000.0,0.19890000000000074,-0.019992000000000003,326.02976520000004,326.02976520000004,-51.0,0.392,0.0,0.0,clock_close_long,0.0,0.0,583.0
1678379700000.0,97475,1678379700000.0,0.0,-0.0199104,326.0098548,326.03486520000007,51.0,0.3904,51.0,0.3904,clock_entry_long,19.910400000000003,0.06107300042268538,485.0
1678390020000.0,97647,1678390020000.0,0.0,-0.028245799999999998,325.98160900000005,325.50365480000005,74.0,0.3817,125.0,0.38524959999999997,clock_entry_long,48.1562,0.1477267387805304,172.0
1678392900000.0,97695,1678392900000.0,0.0,-0.039803,325.94180600000004,324.87840900000003,106.0,0.3755,231.0,0.38077575757575755,clock_entry_long,87.9592,0.2698616697239506,48.0
1678394520000.0,97722,1678394520000.0,0.0,-0.056437600000000004,325.88536840000006,323.71460600000006,152.0,0.3713,383.0,0.37701514360313315,clock_entry_long,144.39679999999998,0.4430907736329041,27.0
1678395420000.0,97737,1678395420000.0,0.0,-0.08004960000000001,325.80531880000007,321.04436840000005,218.0,0.3672,601.0,0.37345490848585694,clock_entry_long,224.4464,0.6888972863508697,15.0
1678411080000.0,97998,1678411080000.0,0.0,-0.1014097,325.7039091000001,321.1216188000001,277.0,0.3661,878.0,0.3711345102505695,clock_entry_long,325.8561,1.0004672676493829,261.0
1678455780000.0,98743,1678455780000.0,-0.2791845102505741,-0.16302000000000003,325.2617045897495,325.0713891000001,-440.0,0.3705,438.0,0.3711345102505695,clock_close_long,162.55691548974943,0.4997726851821717,745.0
1678459260000.0,98801,1678459260000.0,0.0,-0.0875457,325.1741588897495,323.4149891000001,239.0,0.3663,677.0,0.36942779245162394,clock_entry_long,250.1026154897494,0.7691343504775447,58.0
1678507620000.0,99607,1678507620000.0,0.0,-0.0748884,325.0992704897495,323.42204340000006,204.0,0.3671,881.0,0.36888878035158845,clock_entry_long,324.99101548974943,0.9996670094035063,806.0
1678566720000.0,100592,1678566720000.0,-2.6381735975116314,-0.162624,322.29847289223784,320.09503100000006,-448.0,0.363,433.0,0.36888878035158845,clock_close_long,159.7288418922378,0.4955929218617302,985.0
1678607220000.0,101267,1678607220000.0,0.0,-0.0859683,322.21250459223785,318.386931,239.0,0.3597,672.0,0.36562074686344914,clock_entry_long,245.69714189223782,0.7625313679342435,675.0
1678623240000.0,101534,1678623240000.0,0.0,-0.07654780000000001,322.13595679223783,317.42136270000003,214.0,0.3577,886.0,0.3637076093591849,clock_entry_long,322.2449418922378,1.000338320195874,267.0
1678651440000.0,102004,1678651440000.0,-2.799631820992393,-0.1612325,319.1750924712454,316.5617824,-451.0,0.3575,435.0,0.3637076093591849,clock_close_long,158.21281007124543,0.49569284635046784,470.0
1678697220000.0,102767,1678697220000.0,0.0,-0.0851292,319.08996327124544,319.6835824,234.0,0.3638,669.0,0.36373992536807986,clock_entry_long,243.34201007124543,0.7626125484379158,763.0
1678717380000.0,103103,1678717380000.0,2.191012315621426,-0.1596904,321.1212851868669,322.3390628,-433.0,0.3688,236.0,0.36373992536807986,clock_close_long,85.84262238686685,0.26732149610360867,336.0
1678770780000.0,103993,1678770780000.0,1.925777613133154,-0.0877684,322.95929440000003,322.95929440000003,-236.0,0.3719,0.0,0.0,clock_close_long,0.0,0.0,890.0
1678771560000.0,104006,1678771560000.0,0.0,-0.0195199,322.93977450000006,322.9751944,53.0,0.3683,53.0,0.3683,clock_entry_long,19.5199,0.06044439719518042,13.0
1678799100000.0,104465,1678799100000.0,0.7631999999999983,-0.0202831,323.68269140000007,323.68269140000007,-53.0,0.3827,0.0,0.0,clock_close_long,0.0,0.0,459.0
1678821300000.0,104835,1678821300000.0,0.0,-0.0198008,323.6628906000001,323.6137914000001,53.0,0.3736,53.0,0.3736,clock_entry_long,19.8008,0.06117723277850499,370.0
1678872180000.0,105683,1678872180000.0,0.0,-0.027780000000000003,323.6351106000001,323.4676906000001,75.0,0.3704,128.0,0.37172499999999997,clock_entry_long,47.580799999999996,0.14701989506573637,848.0
1678883400000.0,105870,1678883400000.0,-0.04159999999999542,-0.047539200000000004,323.5459714000001,323.5459714000001,-128.0,0.3714,0.0,0.0,clock_close_long,0.0,0.0,187.0
1678884240000.0,105884,1678884240000.0,0.0,-0.0197856,323.5261858000001,323.5189714000001,54.0,0.3664,54.0,0.3664,clock_entry_long,19.7856,0.06115610070657839,14.0
1678896120000.0,106082,1678896120000.0,0.0,-0.0279474,323.4982384000001,323.14158580000014,78.0,0.3583,132.0,0.3616136363636364,clock_entry_long,47.733000000000004,0.1475525809231114,198.0
1678928280000.0,106618,1678928280000.0,0.0,-0.0395937,323.4586447000001,322.8496384000001,111.0,0.3567,243.0,0.35936913580246915,clock_entry_long,87.3267,0.26997794441695433,536.0
1678946460000.0,106921,1678946460000.0,1.319699999999999,-0.0886464,324.6896983000001,324.6896983000001,-243.0,0.3648,0.0,0.0,clock_close_long,0.0,0.0,303.0
1678960860000.0,107161,1678960860000.0,0.0,-0.0198715,324.66982680000007,324.6896983000001,55.0,0.3613,55.0,0.3613,clock_entry_long,19.8715,0.06120525641651649,240.0
1679016600000.0,108090,1679016600000.0,0.24200000000000083,-0.020113500000000003,324.89171330000005,324.89171330000005,-55.0,0.3657,0.0,0.0,clock_close_long,0.0,0.0,929.0
1679067840000.0,108944,1679067840000.0,0.0,-0.019872,324.8718413,324.9133133,54.0,0.368,54.0,0.368,clock_entry_long,19.872,0.06116873632531721,854.0
1679079300000.0,109135,1679079300000.0,0.29700000000000026,-0.020169,325.14867230000004,325.14867230000004,-54.0,0.3735,0.0,0.0,clock_close_long,0.0,0.0,191.0
1679127300000.0,109935,1679127300000.0,0.0,-0.019604,325.12906830000003,325.14347230000004,52.0,0.377,52.0,0.377,clock_entry_long,19.604,0.060296054433100335,800.0
1679143560000.0,110206,1679143560000.0,0.2755999999999985,-0.0198796,325.3847887,325.3847887,-52.0,0.3823,0.0,0.0,clock_close_long,0.0,0.0,271.0
1679153280000.0,110368,1679153280000.0,0.0,-0.0196716,325.3651171,325.3379887,52.0,0.3783,52.0,0.3783,clock_entry_long,19.6716,0.0604600768986369,162.0
1679182080000.0,110848,1679182080000.0,0.0,-0.027952499999999998,325.3371646,325.02311710000004,75.0,0.3727,127.0,0.37499291338582674,clock_entry_long,47.6241,0.14638382939912054,480.0
1679204940000.0,111229,1679204940000.0,0.775600000000003,-0.0483997,326.0643649,326.0643649,-127.0,0.3811,0.0,0.0,clock_close_long,0.0,0.0,381.0
1679209560000.0,111306,1679209560000.0,0.0,-0.019604,326.04476089999997,326.0695649,52.0,0.377,52.0,0.377,clock_entry_long,19.604,0.060126713724477455,77.0
1679226060000.0,111581,1679226060000.0,0.8995999999999991,-0.0205036,326.92385729999995,326.92385729999995,-52.0,0.3943,0.0,0.0,clock_close_long,0.0,0.0,275.0
1679258340000.0,112119,1679258340000.0,0.0,-0.019737,326.90412029999993,326.88305729999996,51.0,0.387,51.0,0.387,clock_entry_long,19.737000000000002,0.06037550087128714,538.0
1679284260000.0,112551,1679284260000.0,0.0,-0.0281496,326.8759706999999,326.6050202999999,74.0,0.3804,125.0,0.3830928,clock_entry_long,47.8866,0.1464977676317154,432.0
1679319420000.0,113137,1679319420000.0,0.0,-0.039689999999999996,326.8362806999999,326.28537069999993,105.0,0.378,230.0,0.3807678260869565,clock_entry_long,87.57659999999998,0.2679525045763991,586.0
1679335020000.0,113397,1679335020000.0,0.0,-0.05635319999999999,326.7799274999999,325.24808069999995,151.0,0.3732,381.0,0.3777685039370078,clock_entry_long,143.92979999999997,0.44044871758532356,260.0
1679359500000.0,113805,1679359500000.0,0.12630000000003172,-0.1440561,326.76217139999994,326.76217139999994,-381.0,0.3781,0.0,0.0,clock_close_long,0.0,0.0,408.0
1679382660000.0,114191,1679382660000.0,0.0,-0.0197184,326.74245299999995,326.77257139999995,52.0,0.3792,52.0,0.3792,clock_entry_long,19.7184,0.06034844820118922,386.0
1679397840000.0,114444,1679397840000.0,0.6656000000000017,-0.020384,327.38766899999996,327.38766899999996,-52.0,0.392,0.0,0.0,clock_close_long,0.0,0.0,253.0
1679475360000.0,115736,1679475360000.0,0.0,-0.019742799999999998,327.36792619999994,327.47126899999995,44.0,0.4487,44.0,0.4487,clock_entry_long,19.7428,0.06030767958599117,1292.0
1679479380000.0,115803,1679479380000.0,0.06600000000000006,-0.019808799999999998,327.41411739999995,327.41411739999995,-44.0,0.4502,0.0,0.0,clock_close_long,0.0,0.0,67.0
1679481600000.0,115840,1679481600000.0,0.0,-0.0197384,327.39437899999996,327.43171739999997,44.0,0.4486,44.0,0.4486,clock_entry_long,19.7384,0.06028936739931018,37.0
1679498940000.0,116129,1679498940000.0,0.0,-0.0281536,327.36622539999996,327.13037899999995,64.0,0.4399,108.0,0.4434444444444444,clock_entry_long,47.891999999999996,0.146294871871654,289.0
1679505540000.0,116239,1679505540000.0,0.0,-0.0398452,327.32638019999996,326.30902539999994,92.0,0.4331,200.0,0.438686,clock_entry_long,87.7372,0.26804194622624555,110.0
1679511900000.0,116345,1679511900000.0,0.0,-0.056456400000000004,327.26992379999996,325.5939802,132.0,0.4277,332.0,0.43431807228915664,clock_entry_long,144.1936,0.44059532976858296,106.0
1679512320000.0,116352,1679512320000.0,0.0,-0.0800037,327.18992009999994,323.66402379999994,189.0,0.4233,521.0,0.430321113243762,clock_entry_long,224.19729999999998,0.6852206814057046,7.0
1679514000000.0,116380,1679514000000.0,0.0,-0.1029756,327.08694449999996,323.3842200999999,246.0,0.4186,767.0,0.42656179921773146,clock_entry_long,327.1729,1.000262790984004,28.0
1679553780000.0,117043,1679553780000.0,1.1194544980443097,-0.1636395,328.0427594980443,329.40850499999993,-381.0,0.4295,386.0,0.42656179921773146,clock_close_long,164.65285449804435,0.5019249769450436,663.0
1679557740000.0,117109,1679557740000.0,9.052566883963483,-0.1638945,336.93143188200776,337.53951049999995,-363.0,0.4515,23.0,0.42656179921773146,clock_close_long,9.810921382007823,0.029118450977418973,66.0
1679557920000.0,117112,1679557920000.0,0.6080786179921767,-0.010419000000000001,337.52909149999994,337.52909149999994,-23.0,0.453,0.0,0.0,clock_close_long,0.0,0.0,3.0
1679580540000.0,117489,1679580540000.0,0.0,-0.0204309,337.5086605999999,337.51499149999995,47.0,0.4347,47.0,0.4347,clock_entry_long,20.430899999999998,0.06053444662332319,377.0
1679589300000.0,117635,1679589300000.0,0.8272000000000002,-0.0212581,338.3146024999999,338.3146024999999,-47.0,0.4523,0.0,0.0,clock_close_long,0.0,0.0,146.0
1679597700000.0,117775,1679597700000.0,0.0,-0.0205954,338.29400709999993,338.2018024999999,47.0,0.4382,47.0,0.4382,clock_entry_long,20.595399999999998,0.06088017986647923,140.0
1679630400000.0,118320,1679630400000.0,0.0,-0.0289507,338.26505639999993,337.85910709999996,67.0,0.4321,114.0,0.43461491228070176,clock_entry_long,49.5461,0.14647123332009654,545.0
1679647560000.0,118606,1679647560000.0,0.0,-0.04095359999999999,338.2241027999999,337.28835639999994,96.0,0.4266,210.0,0.4309509523809524,clock_entry_long,90.4997,0.2675731837287618,286.0
1679666520000.0,118922,1679666520000.0,0.0,-0.0581808,338.1659219999999,336.6084027999999,138.0,0.4216,348.0,0.427242816091954,clock_entry_long,148.6805,0.4396673062757637,316.0
1679679840000.0,119144,1679679840000.0,0.0,-0.08248390000000001,338.0834380999999,335.9015219999999,197.0,0.4187,545.0,0.42415486238532113,clock_entry_long,231.16440000000003,0.6837495539536755,222.0
1679702400000.0,119520,1679702400000.0,0.8516196330275163,-0.16924110000000003,338.76581663302744,339.0832969999999,-397.0,0.4263,148.0,0.42415486238532113,clock_close_long,62.77491963302753,0.18530476379507113,376.0
1679719740000.0,119809,1679719740000.0,2.9666803669724704,-0.0657416,341.6667553999999,341.6667553999999,-148.0,0.4442,0.0,0.0,clock_close_long,0.0,0.0,289.0
1679784120000.0,120882,1679784120000.0,0.0,-0.0205574,341.6461979999999,341.67135539999987,46.0,0.4469,46.0,0.4469,clock_entry_long,20.5574,0.06017160477811027,1073.0
1679797020000.0,121097,1679797020000.0,0.09659999999999958,-0.020654,341.7221439999999,341.7221439999999,-46.0,0.449,0.0,0.0,clock_close_long,0.0,0.0,215.0
1679835960000.0,121746,1679835960000.0,0.0,-0.020764400000000002,341.7013795999999,341.7727439999999,46.0,0.4514,46.0,0.4514,clock_entry_long,20.764400000000002,0.060767679733418345,649.0
1679863560000.0,122206,1679863560000.0,0.0,-0.029257800000000004,341.6721217999999,341.3063795999999,66.0,0.4433,112.0,0.4466267857142857,clock_entry_long,50.0222,0.1464041015007974,460.0
1679870640000.0,122324,1679870640000.0,0.3666000000000027,-0.050388800000000004,341.9883329999999,341.9883329999999,-112.0,0.4499,0.0,0.0,clock_close_long,0.0,0.0,118.0
1679879220000.0,122467,1679879220000.0,0.0,-0.020539,341.9677939999999,341.9791329999999,46.0,0.4465,46.0,0.4465,clock_entry_long,20.539,0.060061211495255624,143.0
1679904120000.0,122882,1679904120000.0,0.7727999999999992,-0.0213118,342.7192821999999,342.7192821999999,-46.0,0.4633,0.0,0.0,clock_close_long,0.0,0.0,415.0
1679929140000.0,123299,1679929140000.0,0.0,-0.0207585,342.6985236999999,342.7912821999999,45.0,0.4613,45.0,0.4613,clock_entry_long,20.758499999999998,0.06057364874490122,417.0
1679950740000.0,123659,1679950740000.0,0.5489999999999995,-0.021307499999999997,343.2262161999999,343.2262161999999,-45.0,0.4735,0.0,0.0,clock_close_long,0.0,0.0,360.0
1679965320000.0,123902,1679965320000.0,0.0,-0.0210195,343.2051966999999,343.3072161999999,45.0,0.4671,45.0,0.4671,clock_entry_long,21.0195,0.061244702009490316,243.0
1679979540000.0,124139,1679979540000.0,0.8234999999999992,-0.021843,344.00685369999985,344.00685369999985,-45.0,0.4854,0.0,0.0,clock_close_long,0.0,0.0,237.0
1680102060000.0,126181,1680102060000.0,0.0,-0.021060000000000002,343.9857936999999,343.97565369999984,39.0,0.54,39.0,0.54,clock_entry_long,21.060000000000002,0.06122345860122075,2042.0
1680105300000.0,126235,1680105300000.0,0.1442999999999971,-0.0212043,344.1088893999999,344.1088893999999,-39.0,0.5437,0.0,0.0,clock_close_long,0.0,0.0,54.0
1680106020000.0,126247,1680106020000.0,0.0,-0.0210561,344.0878332999999,344.1322893999999,39.0,0.5399,39.0,0.5399,clock_entry_long,21.0561,0.0611939684064383,12.0
1680138480000.0,126788,1680138480000.0,0.0,-0.0296408,344.0581924999999,343.6459332999999,56.0,0.5293,95.0,0.5336515789473684,clock_entry_long,50.69689999999999,0.14734978298765553,541.0
1680172800000.0,127360,1680172800000.0,0.6506000000000034,-0.0513475,344.6574449999999,344.6574449999999,-95.0,0.5405,0.0,0.0,clock_close_long,0.0,0.0,572.0
1680185100000.0,127565,1680185100000.0,0.0,-0.020970299999999997,344.6364746999999,344.6535449999999,39.0,0.5377,39.0,0.5377,clock_entry_long,20.970299999999998,0.0608475931581365,205.0
1680220680000.0,128158,1680220680000.0,0.0,-0.029764,344.6067106999999,344.4706746999999,56.0,0.5315,95.0,0.5340452631578947,clock_entry_long,50.7343,0.14722377256363747,593.0
1680238920000.0,128462,1680238920000.0,0.6987000000000038,-0.051433,345.2539776999999,345.2539776999999,-95.0,0.5414,0.0,0.0,clock_close_long,0.0,0.0,304.0
1680247320000.0,128602,1680247320000.0,0.0,-0.0208962,345.2330814999999,345.2929776999999,39.0,0.5358,39.0,0.5358,clock_entry_long,20.8962,0.06052780315608313,140.0
1680296040000.0,129414,1680296040000.0,0.3938999999999999,-0.021290100000000003,345.6056913999999,345.6056913999999,-39.0,0.5459,0.0,0.0,clock_close_long,0.0,0.0,812.0
1680307380000.0,129603,1680307380000.0,0.0,-0.0208338,345.5848575999999,345.6251913999999,39.0,0.5342,39.0,0.5342,clock_entry_long,20.8338,0.06028562751471668,189.0
1680330540000.0,129989,1680330540000.0,0.0,-0.0293944,345.5554631999999,343.80665759999994,56.0,0.5249,95.0,0.528717894736842,clock_entry_long,50.228199999999994,0.14535495846271432,386.0
1680331320000.0,130002,1680331320000.0,0.0,-0.0417393,345.5137238999999,344.2983631999999,81.0,0.5153,176.0,0.5225426136363636,clock_entry_long,91.96749999999999,0.2661761129541055,13.0
1680335760000.0,130076,1680335760000.0,0.0,-0.0593307,345.4543931999999,343.44042389999987,117.0,0.5071,293.0,0.5163761092150171,clock_entry_long,151.2982,0.4379686667131378,74.0
1680337500000.0,130105,1680337500000.0,0.0,-0.0838006,345.3705925999999,339.94159319999994,167.0,0.5018,460.0,0.5110843478260869,clock_entry_long,235.09879999999998,0.6807145861207873,29.0
1680349320000.0,130302,1680349320000.0,3.932165217391325,-0.17259,349.1301678173912,350.54920259999994,-330.0,0.523,130.0,0.5110843478260869,clock_close_long,66.4409652173913,0.19030428001324287,197.0
1680394080000.0,131048,1680394080000.0,0.0,-0.04872,349.0814478173912,348.73200259999993,96.0,0.5075,226.0,0.5095617929973066,clock_entry_long,115.1609652173913,0.32989712268419774,746.0
1680413760000.0,131376,1680413760000.0,1.8392347826087105,-0.11700020000000001,350.80368239999996,350.80368239999996,-226.0,0.5177,0.0,0.0,clock_close_long,0.0,0.0,328.0
1680437760000.0,131776,1680437760000.0,0.0,-0.021504000000000002,350.78217839999996,350.79108239999994,42.0,0.512,42.0,0.512,clock_entry_long,21.504,0.06130300033509343,400.0
1680455940000.0,132079,1680455940000.0,0.6383999999999996,-0.0221424,351.39843599999995,351.39843599999995,-42.0,0.5272,0.0,0.0,clock_close_long,0.0,0.0,303.0
1680464520000.0,132222,1680464520000.0,0.0,-0.021180599999999997,351.37725539999997,351.43943599999994,41.0,0.5166,41.0,0.5166,clock_entry_long,21.1806,0.06027880198417646,143.0
1680486960000.0,132596,1680486960000.0,0.0,-0.030354,351.3469014,351.1708554,60.0,0.5059,101.0,0.5102435643564356,clock_entry_long,51.5346,0.14667725770357398,374.0
1680529620000.0,133307,1680529620000.0,0.37940000000000706,-0.051914,351.6743874,351.6743874,-101.0,0.514,0.0,0.0,clock_close_long,0.0,0.0,711.0
1680530880000.0,133328,1680530880000.0,0.0,-0.021495600000000004,351.6528918,351.6953874,42.0,0.5118,42.0,0.5118,clock_entry_long,21.495600000000003,0.0611273232816907,21.0
1680552720000.0,133692,1680552720000.0,0.0,-0.030156000000000002,351.62273580000004,351.2256918,60.0,0.5026,102.0,0.5063882352941177,clock_entry_long,51.6516,0.14689493807186285,364.0
1680552960000.0,133696,1680552960000.0,0.0,-0.0427866,351.57994920000004,350.62613580000004,87.0,0.4918,189.0,0.4996730158730159,clock_entry_long,94.4382,0.268610881294251,4.0
1680555660000.0,133741,1680555660000.0,0.0,-0.06077500000000001,351.51917420000007,348.5311492,125.0,0.4862,314.0,0.49430955414012745,clock_entry_long,155.21320000000003,0.4415497400767392,45.0
1680591060000.0,134331,1680591060000.0,2.4775999999999745,-0.1576908,353.83908340000005,353.83908340000005,-314.0,0.5022,0.0,0.0,clock_close_long,0.0,0.0,590.0
1680595080000.0,134398,1680595080000.0,0.0,-0.0213452,353.81773820000006,353.83048340000005,43.0,0.4964,43.0,0.4964,clock_entry_long,21.345200000000002,0.060328235968583215,67.0
1680646080000.0,135248,1680646080000.0,0.4386000000000018,-0.021783800000000002,354.2345544000001,354.2345544000001,-43.0,0.5066,0.0,0.0,clock_close_long,0.0,0.0,850.0
1680653460000.0,135371,1680653460000.0,0.0,-0.0214957,354.2130587000001,354.2517544000001,43.0,0.4999,43.0,0.4999,clock_entry_long,21.4957,0.060685791988842885,123.0
1680677160000.0,135766,1680677160000.0,0.8084000000000017,-0.022304100000000004,354.9991546000001,354.9991546000001,-43.0,0.5187,0.0,0.0,clock_close_long,0.0,0.0,395.0
1680698040000.0,136114,1680698040000.0,0.0,-0.021357,354.9777976000001,355.0075546000001,42.0,0.5085,42.0,0.5085,clock_entry_long,21.357,0.0601643261758746,348.0
1680739620000.0,136807,1680739620000.0,0.0,-0.030203999999999998,354.94759360000006,354.7125976000001,60.0,0.5034,102.0,0.5055,clock_entry_long,51.56099999999999,0.14526369788015936,693.0
1680762240000.0,137184,1680762240000.0,-0.17339999999999223,-0.051387600000000005,354.72280600000005,354.72280600000005,-102.0,0.5038,0.0,0.0,clock_close_long,0.0,0.0,377.0
1680766500000.0,137255,1680766500000.0,0.0,-0.0214742,354.70133180000005,354.72710600000005,43.0,0.4994,43.0,0.4994,clock_entry_long,21.4742,0.060541639048900794,71.0
1680834780000.0,138393,1680834780000.0,0.0,-0.030420700000000002,354.67091110000007,354.68163180000005,61.0,0.4987,104.0,0.49898942307692307,clock_entry_long,51.8949,0.14631845571730054,1138.0
1680838620000.0,138457,1680838620000.0,0.31310000000000127,-0.052208,354.9318031000001,354.9318031000001,-104.0,0.502,0.0,0.0,clock_close_long,0.0,0.0,64.0
1680868020000.0,138947,1680868020000.0,0.0,-0.021659100000000004,354.91014400000006,354.9576031000001,43.0,0.5037,43.0,0.5037,clock_entry_long,21.659100000000002,0.06102699617399496,490.0
1680894060000.0,139381,1680894060000.0,0.4342999999999999,-0.022093400000000003,355.32235060000005,355.32235060000005,-43.0,0.5138,0.0,0.0,clock_close_long,0.0,0.0,434.0
1680915060000.0,139731,1680915060000.0,0.0,-0.021310799999999998,355.30103980000007,355.34755060000003,42.0,0.5074,42.0,0.5074,clock_entry_long,21.310799999999997,0.05997955990220548,350.0
1680973740000.0,140709,1680973740000.0,0.06720000000000192,-0.021378,355.34686180000006,355.34686180000006,-42.0,0.509,0.0,0.0,clock_close_long,0.0,0.0,978.0
1680976320000.0,140752,1680976320000.0,0.0,-0.0217709,355.3250909000001,355.33826180000005,43.0,0.5063,43.0,0.5063,clock_entry_long,21.770899999999997,0.0612703705917774,43.0
1681023840000.0,141544,1681023840000.0,0.0,-0.030603700000000005,355.2944872000001,355.1168909000001,61.0,0.5017,104.0,0.5036019230769231,clock_entry_long,52.3746,0.147411800314587,792.0
1681066320000.0,142252,1681066320000.0,-0.08339999999999836,-0.0522912,355.1587960000001,355.1587960000001,-104.0,0.5028,0.0,0.0,clock_close_long,0.0,0.0,708.0
1681089000000.0,142630,1681089000000.0,0.0,-0.0215989,355.1371971000001,355.1458960000001,43.0,0.5023,43.0,0.5023,clock_entry_long,21.5989,0.06081846727510818,378.0
1681144380000.0,143553,1681144380000.0,0.09459999999999913,-0.021693499999999998,355.2101036000001,355.2101036000001,-43.0,0.5045,0.0,0.0,clock_close_long,0.0,0.0,923.0
1681229820000.0,144977,1681229820000.0,0.0,-0.021692999999999997,355.18841060000005,355.2143036000001,42.0,0.5165,42.0,0.5165,clock_entry_long,21.692999999999998,0.061074627866813606,1424.0
1681230780000.0,144993,1681230780000.0,0.050400000000003775,-0.021743400000000003,355.21706720000003,355.21706720000003,-42.0,0.5177,0.0,0.0,clock_close_long,0.0,0.0,16.0
1681231140000.0,144999,1681231140000.0,0.0,-0.021651,355.1954162,355.20866720000004,42.0,0.5155,42.0,0.5155,clock_entry_long,21.651,0.060955178508860494,6.0
1681265220000.0,145567,1681265220000.0,0.0,-0.030563999999999997,355.1648522,354.93921620000003,60.0,0.5094,102.0,0.5119117647058823,clock_entry_long,52.214999999999996,0.1470162367603784,568.0
1681287720000.0,145942,1681287720000.0,0.0,-0.043258000000000005,355.1215942,354.2934522,86.0,0.503,188.0,0.5078351063829787,clock_entry_long,95.473,0.26884594335941964,375.0
1681327740000.0,146609,1681327740000.0,0.0,-0.061487700000000006,355.0601065,353.72309420000005,123.0,0.4999,311.0,0.5046967845659163,clock_entry_long,156.96069999999995,0.4420679685680203,667.0
1681335720000.0,146742,1681335720000.0,-0.03009999999994417,-0.15693060000000003,354.87307590000006,354.87307590000006,-311.0,0.5046,0.0,0.0,clock_close_long,0.0,0.0,133.0
1681484580000.0,149223,1681484580000.0,0.0,-0.0214225,354.85165340000003,354.8566759000001,41.0,0.5225,41.0,0.5225,clock_entry_long,21.4225,0.06037029782654522,2481.0
1681499160000.0,149466,1681499160000.0,-0.06149999999999778,-0.021361,354.76879240000005,354.76879240000005,-41.0,0.521,0.0,0.0,clock_close_long,0.0,0.0,243.0
1681516920000.0,149762,1681516920000.0,0.0,-0.0213692,354.74742320000007,354.77699240000004,41.0,0.5212,41.0,0.5212,clock_entry_long,21.3692,0.06023778779628355,296.0
1681579260000.0,150801,1681579260000.0,0.0,-0.0306328,354.7167904000001,354.6654232000001,59.0,0.5192,100.0,0.5200199999999999,clock_entry_long,52.001999999999995,0.1466014618066413,1039.0
1681596600000.0,151090,1681596600000.0,-0.011999999999989797,-0.05199,354.6528004000001,354.6528004000001,-100.0,0.5199,0.0,0.0,clock_close_long,0.0,0.0,289.0
1681607520000.0,151272,1681607520000.0,0.0,-0.0212585,354.6315419000001,354.6118004000001,41.0,0.5185,41.0,0.5185,clock_entry_long,21.258499999999998,0.059945316443382024,182.0
1681671300000.0,152335,1681671300000.0,0.1435000000000024,-0.021402,354.7536399000001,354.7536399000001,-41.0,0.522,0.0,0.0,clock_close_long,0.0,0.0,1063.0
1681675320000.0,152402,1681675320000.0,0.0,-0.021781199999999997,354.7318587000001,354.7746399000001,42.0,0.5186,42.0,0.5186,clock_entry_long,21.7812,0.061401871486317657,67.0
1681731240000.0,153334,1681731240000.0,0.0,-0.030714,354.7011447000001,354.4300587000001,60.0,0.5119,102.0,0.5146588235294117,clock_entry_long,52.4952,0.1479983946609462,932.0
1681767960000.0,153946,1681767960000.0,-0.3119999999999903,-0.052183200000000006,354.3369615000001,354.3369615000001,-102.0,0.5116,0.0,0.0,clock_close_long,0.0,0.0,612.0
1681780500000.0,154155,1681780500000.0,0.0,-0.0214368,354.3155247000001,354.31596150000007,42.0,0.5104,42.0,0.5104,clock_entry_long,21.436799999999998,0.060502005996351964,209.0
1681819860000.0,154811,1681819860000.0,0.5250000000000028,-0.0219618,354.8185629000001,354.8185629000001,-42.0,0.5229,0.0,0.0,clock_close_long,0.0,0.0,656.0
1681887480000.0,155938,1681887480000.0,0.0,-0.0214225,354.79714040000005,354.83496290000005,41.0,0.5225,41.0,0.5225,clock_entry_long,21.4225,0.06037957345385638,1127.0
1681891920000.0,156012,1681891920000.0,0.0,-0.030522000000000004,354.7666184,354.3828404000001,60.0,0.5087,101.0,0.5143019801980198,clock_entry_long,51.9445,0.14641879282292697,74.0
1681892580000.0,156023,1681892580000.0,0.0,-0.043270499999999996,354.7233479,352.30681840000005,91.0,0.4755,192.0,0.4959114583333333,clock_entry_long,95.21499999999999,0.26842044811451776,11.0
1681939080000.0,156798,1681939080000.0,0.0,-0.060958399999999996,354.6623895,353.95874790000005,124.0,0.4916,316.0,0.4942196202531645,clock_entry_long,156.1734,0.44034384424063655,775.0
1681964520000.0,157222,1681964520000.0,0.8786000000000123,-0.157052,355.3839375,355.3839375,-316.0,0.497,0.0,0.0,clock_close_long,0.0,0.0,424.0
1681976160000.0,157416,1681976160000.0,0.0,-0.0216832,355.3622543,355.4059375,44.0,0.4928,44.0,0.4928,clock_entry_long,21.6832,0.0610171725826988,194.0
1682005140000.0,157899,1682005140000.0,0.0,-0.0305487,355.3317056,354.9825543,63.0,0.4849,107.0,0.4881485981308411,clock_entry_long,52.231899999999996,0.1469947634191639,483.0
1682006580000.0,157923,1682006580000.0,0.0,-0.0432796,355.288426,352.5634056,91.0,0.4756,198.0,0.48238131313131316,clock_entry_long,95.51150000000001,0.2688280647791212,24.0
1682009820000.0,157977,1682009820000.0,0.0,-0.061113,355.22731300000004,352.922326,130.0,0.4701,328.0,0.4775137195121951,clock_entry_long,156.6245,0.44091344969298574,54.0
1682044380000.0,158553,1682044380000.0,0.0,-0.08689450000000001,355.1404185,352.97221300000007,185.0,0.4697,513.0,0.4746959064327485,clock_entry_long,243.51899999999998,0.6856977897039899,576.0
1682049720000.0,158642,1682049720000.0,1.2258187134502976,-0.177338,356.1888992134503,356.70068050000003,-371.0,0.478,142.0,0.4746959064327485,clock_close_long,67.40681871345029,0.18924458022779642,89.0
1682076000000.0,159080,1682076000000.0,0.0,-0.049840600000000006,356.13905861345035,354.85098050000005,107.0,0.4658,249.0,0.47087316752389674,clock_entry_long,117.24741871345029,0.3292180845592379,438.0
1682092620000.0,159357,1682092620000.0,0.0,-0.070533,356.06852561345033,353.6002399,153.0,0.461,402.0,0.46711546943644355,clock_entry_long,187.7804187134503,0.5273715737439416,277.0
1682097960000.0,159446,1682097960000.0,0.0,-0.09990779999999999,355.96861781345035,350.99740690000004,219.0,0.4562,621.0,0.46326605267866394,clock_entry_long,287.6882187134503,0.8081842171385365,89.0
1682103960000.0,159546,1682103960000.0,0.0,-0.068252,355.9003658134504,346.42479910000003,151.0,0.452,772.0,0.4610624594733812,clock_entry_long,355.9402187134503,1.0001119776876566,100.0
1682142720000.0,160192,1682142720000.0,-2.72928411356543,-0.1780072,352.9930744998849,350.3853399000001,-392.0,0.4541,380.0,0.4610624594733812,clock_close_long,175.20373459988485,0.4963375976939796,646.0
1682149920000.0,160312,1682149920000.0,0.0,-0.094437,352.8986374998849,348.7343399000001,210.0,0.4497,590.0,0.4570181942370929,clock_entry_long,269.6407345998848,0.7640741729981113,120.0
1682174280000.0,160718,1682174280000.0,6.614831743801445,-0.1766256,359.33684364368634,362.6464773000001,-372.0,0.4748,218.0,0.4570181942370929,clock_close_long,99.62996634368625,0.27726064862549415,406.0
1682224260000.0,161551,1682224260000.0,2.372233656313746,-0.1020022,361.6070751000001,361.6070751000001,-218.0,0.4679,0.0,0.0,clock_close_long,0.0,0.0,833.0
1682245440000.0,161904,1682245440000.0,0.0,-0.021902,361.5851731000001,361.6070751000001,47.0,0.466,47.0,0.466,clock_entry_long,21.902,0.06057217394238336,353.0
1682273100000.0,162365,1682273100000.0,0.0,-0.03111,361.55406310000006,361.11667310000007,68.0,0.4575,115.0,0.46097391304347834,clock_entry_long,53.01200000000001,0.14662260892733417,461.0
1682294640000.0,162724,1682294640000.0,0.5089999999999881,-0.053521,362.00954210000003,362.00954210000003,-115.0,0.4654,0.0,0.0,clock_close_long,0.0,0.0,359.0
1682319240000.0,163134,1682319240000.0,0.0,-0.0219067,361.98763540000004,362.0236421,47.0,0.4661,47.0,0.4661,clock_entry_long,21.9067,0.06051781292417039,410.0
1682347320000.0,163602,1682347320000.0,0.0,-0.031212,361.95642340000006,361.5964354,68.0,0.459,115.0,0.46190173913043486,clock_entry_long,53.11870000000001,0.14675440623773167,468.0
1682355060000.0,163731,1682355060000.0,0.0,-0.044247,361.9121764000001,360.97322340000005,98.0,0.4515,213.0,0.4571159624413146,clock_entry_long,97.3657,0.26903129087424643,129.0
1682366820000.0,163927,1682366820000.0,0.912499999999989,-0.0982782,362.72639820000006,362.72639820000006,-213.0,0.4614,0.0,0.0,clock_close_long,0.0,0.0,196.0
1682380260000.0,164151,1682380260000.0,0.0,-0.0220992,362.70429900000005,362.72639820000006,48.0,0.4604,48.0,0.4604,clock_entry_long,22.0992,0.060928971784809195,224.0
1682410500000.0,164655,1682410500000.0,0.0,-0.0313122,362.67298680000005,362.37579900000003,69.0,0.4538,117.0,0.4565076923076923,clock_entry_long,53.4114,0.1472715144054947,504.0
1682444520000.0,165222,1682444520000.0,0.29160000000000535,-0.053703,362.9108838000001,362.9108838000001,-117.0,0.459,0.0,0.0,clock_close_long,0.0,0.0,567.0
1682536680000.0,166758,1682536680000.0,0.0,-0.022165200000000003,362.88871860000006,362.8732838000001,47.0,0.4716,47.0,0.4716,clock_entry_long,22.165200000000002,0.061079881693517045,1536.0
1682537940000.0,166779,1682537940000.0,0.0,-0.031042000000000004,362.85767660000005,361.69601860000006,68.0,0.4565,115.0,0.4626713043478261,clock_entry_long,53.2072,0.14663380005779378,21.0
1682538480000.0,166788,1682538480000.0,0.0,-0.04435,362.81332660000004,361.06147660000005,100.0,0.4435,215.0,0.45375441860465116,clock_entry_long,97.5572,0.26889089470397637,9.0
1682539320000.0,166802,1682539320000.0,0.0,-0.06255100000000001,362.75077560000005,358.64272660000006,142.0,0.4405,357.0,0.44848235294117644,clock_entry_long,160.10819999999998,0.4413724539532038,14.0
1682554860000.0,167061,1682554860000.0,6.111000000000015,-0.1662192,368.69555640000004,368.69555640000004,-357.0,0.4656,0.0,0.0,clock_close_long,0.0,0.0,259.0
1682558580000.0,167123,1682558580000.0,0.0,-0.0222528,368.67330360000005,368.62355640000004,48.0,0.4636,48.0,0.4636,clock_entry_long,22.2528,0.06035913038103689,62.0
1682598600000.0,167790,1682598600000.0,0.0,-0.031588200000000004,368.64171540000007,368.19600360000004,69.0,0.4578,117.0,0.4601794871794872,clock_entry_long,53.841,0.14605238026732553,667.0
1682620380000.0,168153,1682620380000.0,0.7277999999999953,-0.054568799999999994,369.31494660000004,369.31494660000004,-117.0,0.4664,0.0,0.0,clock_close_long,0.0,0.0,363.0
1682689260000.0,169301,1682689260000.0,0.0,-0.022478400000000003,369.29246820000003,369.23814660000005,48.0,0.4683,48.0,0.4683,clock_entry_long,22.4784,0.060868828735023736,1148.0
1682698140000.0,169449,1682698140000.0,0.10559999999999903,-0.022584,369.3754842,369.3754842,-48.0,0.4705,0.0,0.0,clock_close_long,0.0,0.0,148.0
1682789400000.0,170970,1682789400000.0,0.0,-0.022404900000000002,369.3530793,369.22978420000004,47.0,0.4767,47.0,0.4767,clock_entry_long,22.4049,0.06065984353633085,1521.0
1682793840000.0,171044,1682793840000.0,0.028199999999999503,-0.0224331,369.3588462,369.3588462,-47.0,0.4773,0.0,0.0,clock_close_long,0.0,0.0,74.0
1682881740000.0,172509,1682881740000.0,0.0,-0.0223673,369.33647890000003,369.38234620000003,47.0,0.4759,47.0,0.4759,clock_entry_long,22.3673,0.06056076579983878,1465.0
1682905140000.0,172899,1682905140000.0,0.0,-0.0316812,369.30479770000005,368.4524789,68.0,0.4659,115.0,0.46998695652173916,clock_entry_long,54.048500000000004,0.14635201150001198,390.0
1682944800000.0,173560,1682944800000.0,-0.332000000000002,-0.05371650000000001,368.91908120000005,368.91908120000005,-115.0,0.4671,0.0,0.0,clock_close_long,0.0,0.0,661.0
1682949600000.0,173640,1682949600000.0,0.0,-0.022200000000000004,368.89688120000005,368.9574812000001,48.0,0.4625,48.0,0.4625,clock_entry_long,22.200000000000003,0.060179419050073554,80.0
1683023280000.0,174868,1683023280000.0,0.0,-0.0318021,368.86507910000006,368.84348120000004,69.0,0.4609,117.0,0.46155641025641025,clock_entry_long,54.0021,0.1464006843146025,1228.0
1683030840000.0,174994,1683030840000.0,0.0753000000000002,-0.0540774,368.88630170000005,368.88630170000005,-117.0,0.4622,0.0,0.0,clock_close_long,0.0,0.0,126.0
1683036300000.0,175085,1683036300000.0,0.0,-0.022520400000000003,368.8637813,368.87160170000004,49.0,0.4596,49.0,0.4596,clock_entry_long,22.520400000000002,0.06105343257239987,91.0
1683092700000.0,176025,1683092700000.0,0.0,-0.0315468,368.8322345,368.75798130000004,69.0,0.4572,118.0,0.45819661016949154,clock_entry_long,54.0672,0.14659022434222732,940.0
1683117900000.0,176445,1683117900000.0,0.0,-0.04503,368.78720450000003,368.0530345,100.0,0.4503,218.0,0.4545743119266055,clock_entry_long,99.0972,0.2687110582764267,420.0
1683136800000.0,176760,1683136800000.0,0.2890000000000019,-0.09938620000000001,368.97681830000005,368.97681830000005,-218.0,0.4559,0.0,0.0,clock_close_long,0.0,0.0,315.0
1683206340000.0,177919,1683206340000.0,0.0,-0.022476299999999998,368.95434200000005,368.98661830000003,49.0,0.4587,49.0,0.4587,clock_entry_long,22.4763,0.060918919880877824,1159.0
1683225300000.0,178235,1683225300000.0,-0.014700000000001101,-0.022461599999999998,368.91718040000006,368.91718040000006,-49.0,0.4584,0.0,0.0,clock_close_long,0.0,0.0,316.0
1683289800000.0,179310,1683289800000.0,0.0,-0.022510600000000002,368.8946698000001,368.81918040000005,49.0,0.4594,49.0,0.4594,clock_entry_long,22.5106,0.061021754562635304,1075.0
1683297660000.0,179441,1683297660000.0,0.20090000000000235,-0.022711500000000003,369.07285830000006,369.07285830000006,-49.0,0.4635,0.0,0.0,clock_close_long,0.0,0.0,131.0
1683339300000.0,180135,1683339300000.0,0.0,-0.0221856,369.05067270000006,369.10645830000004,48.0,0.4622,48.0,0.4622,clock_entry_long,22.1856,0.060115321935843194,694.0
1683381960000.0,180846,1683381960000.0,0.0,-0.0314709,369.0192018000001,368.60577270000005,69.0,0.4561,117.0,0.45860256410256406,clock_entry_long,53.656499999999994,0.14540300271171414,711.0
1683397620000.0,181107,1683397620000.0,0.03480000000000216,-0.0536913,369.00031050000007,369.00031050000007,-117.0,0.4589,0.0,0.0,clock_close_long,0.0,0.0,261.0
1683425820000.0,181577,1683425820000.0,0.0,-0.0223734,368.9779371000001,368.99541050000005,49.0,0.4566,49.0,0.4566,clock_entry_long,22.3734,0.06063614582444907,470.0
1683476040000.0,182414,1683476040000.0,0.08819999999999845,-0.022461599999999998,369.04367550000006,369.04367550000006,-49.0,0.4584,0.0,0.0,clock_close_long,0.0,0.0,837.0
1683497340000.0,182769,1683497340000.0,0.0,-0.0222117,369.02146380000005,369.05347550000005,49.0,0.4533,49.0,0.4533,clock_entry_long,22.2117,0.06019080779550037,355.0
1683510240000.0,182984,1683510240000.0,0.0,-0.031644,368.9898198000001,367.31676380000005,72.0,0.4395,121.0,0.44508842975206614,clock_entry_long,53.855700000000006,0.14595443318515097,215.0
1683510420000.0,182987,1683510420000.0,0.0,-0.04488639999999999,368.9449334000001,368.1227198000001,104.0,0.4316,225.0,0.4388537777777778,clock_entry_long,98.74210000000001,0.2676337064451472,3.0
1683536220000.0,183417,1683536220000.0,0.0,-0.06344520000000001,368.8814882000001,367.53603340000006,147.0,0.4316,372.0,0.43598736559139784,clock_entry_long,162.1873,0.4396731882410573,430.0
1683565380000.0,183903,1683565380000.0,0.0,-0.090132,368.7913562000001,366.7057882000001,210.0,0.4292,582.0,0.43353831615120275,clock_entry_long,252.3193,0.6841789964924344,486.0
1683568800000.0,183960,1683568800000.0,0.0,-0.116482,368.6748742000001,361.6200562000001,278.0,0.419,860.0,0.42883872093023256,clock_entry_long,368.8013,1.0003429194904434,57.0
1683634500000.0,185055,1683634500000.0,-1.445666162790705,-0.1842415,367.0449665372094,365.5766327000001,-433.0,0.4255,427.0,0.42883872093023256,clock_close_long,183.1141338372093,0.498887467562223,1095.0
1683645000000.0,185230,1683645000000.0,0.0,-0.09874540000000001,366.9462211372094,364.8274327000001,233.0,0.4238,660.0,0.42705989975334746,clock_entry_long,281.8595338372093,0.7681221868525953,175.0
1683719400000.0,186470,1683719400000.0,-0.32675689393940277,-0.183309,366.43615524327004,366.2613783000001,-430.0,0.4263,230.0,0.42705989975334746,clock_close_long,98.22377694326991,0.26805154332563336,1240.0
1683721380000.0,186503,1683721380000.0,0.0,-0.0632207,366.37293454327005,365.7255783000001,149.0,0.4243,379.0,0.42597487320123995,clock_entry_long,161.44447694326993,0.44065612309634933,33.0
1683739020000.0,186797,1683739020000.0,0.0,-0.089655,366.28327954327006,366.2384576000001,215.0,0.417,594.0,0.4227263921603871,clock_entry_long,251.09947694326993,0.6855335500336615,294.0
1683784500000.0,187555,1683784500000.0,2.4653305475147054,-0.1829695,368.56564059078477,369.52983310000013,-427.0,0.4285,167.0,0.4227263921603871,clock_close_long,70.59530749078465,0.1915406639035189,758.0
1683808260000.0,187951,1683808260000.0,0.0,-0.051691400000000005,368.5139491907848,368.98833310000015,122.0,0.4237,289.0,0.42313739616188456,clock_entry_long,122.28670749078464,0.331837391119963,396.0
1683825720000.0,188242,1683825720000.0,0.0,-0.07349040000000001,368.44045879078476,366.5928417000001,177.0,0.4152,466.0,0.4201225482634864,clock_entry_long,195.77710749078466,0.5313670168941862,291.0
1683866580000.0,188923,1683866580000.0,0.29672386059296707,-0.1843104,368.5528722513777,368.5774409000001,-438.0,0.4208,28.0,0.4201225482634864,clock_close_long,11.76343135137762,0.03191789356983812,681.0
1683907320000.0,189602,1683907320000.0,0.0,-0.027072,368.52580025137775,368.6426409000001,64.0,0.423,92.0,0.42212425381932195,clock_entry_long,38.83543135137762,0.10538049527302379,679.0
1683925920000.0,189912,1683925920000.0,0.7153686486223811,-0.039550800000000004,369.20161810000013,369.20161810000013,-92.0,0.4299,0.0,0.0,clock_close_long,0.0,0.0,310.0
1683982440000.0,190854,1683982440000.0,0.0,-0.022503799999999997,369.17911430000015,369.2334181000001,53.0,0.4246,53.0,0.4246,clock_entry_long,22.5038,0.060956319380822535,942.0
1684003860000.0,191211,1684003860000.0,0.11130000000000245,-0.022615100000000003,369.2677992000001,369.2677992000001,-53.0,0.4267,0.0,0.0,clock_close_long,0.0,0.0,357.0
1684024920000.0,191562,1684024920000.0,0.0,-0.022413699999999998,369.2453855000001,369.2412992000001,53.0,0.4229,53.0,0.4229,clock_entry_long,22.4137,0.06070136792542257,351.0
1684072260000.0,192351,1684072260000.0,0.2544000000000014,-0.022668100000000004,369.4771174000001,369.4771174000001,-53.0,0.4277,0.0,0.0,clock_close_long,0.0,0.0,789.0
1684088160000.0,192616,1684088160000.0,0.0,-0.0224879,369.4546295000001,369.4135174000001,53.0,0.4243,53.0,0.4243,clock_entry_long,22.4879,0.0608678257203974,265.0
1684143000000.0,193530,1684143000000.0,0.2120000000000002,-0.0226999,369.64392960000015,369.64392960000015,-53.0,0.4283,0.0,0.0,clock_close_long,0.0,0.0,914.0
1684151340000.0,193669,1684151340000.0,0.0,-0.022535600000000003,369.6213940000001,369.64392960000015,53.0,0.4252,53.0,0.4252,clock_entry_long,22.535600000000002,0.06096941455721038,139.0
1684200540000.0,194489,1684200540000.0,0.0,-0.031665000000000006,369.58972900000015,369.5135940000001,75.0,0.4222,128.0,0.42344218750000007,clock_entry_long,54.20060000000001,0.1466507203721562,820.0
1684221540000.0,194839,1684221540000.0,0.22499999999999432,-0.054425600000000005,369.76030340000017,369.76030340000017,-128.0,0.4252,0.0,0.0,clock_close_long,0.0,0.0,350.0
1684240200000.0,195150,1684240200000.0,0.0,-0.0222918,369.73801160000016,369.76030340000017,53.0,0.4206,53.0,0.4206,clock_entry_long,22.2918,0.06029079862125809,311.0
1684273080000.0,195698,1684273080000.0,0.5459000000000016,-0.022837700000000002,370.26107390000016,370.26107390000016,-53.0,0.4309,0.0,0.0,clock_close_long,0.0,0.0,548.0
1684333920000.0,196712,1684333920000.0,0.0,-0.0225114,370.23856250000017,370.22027390000017,51.0,0.4414,51.0,0.4414,clock_entry_long,22.511400000000002,0.060802418440677665,1014.0
1684347120000.0,196932,1684347120000.0,0.1733999999999979,-0.022684799999999998,370.38927770000015,370.38927770000015,-51.0,0.4448,0.0,0.0,clock_close_long,0.0,0.0,220.0
1684432200000.0,198350,1684432200000.0,0.0,-0.022255800000000003,370.36702190000017,370.36477770000016,49.0,0.4542,49.0,0.4542,clock_entry_long,22.2558,0.060091203276756947,1418.0
1684436820000.0,198427,1684436820000.0,0.00980000000000164,-0.022265600000000003,370.3545563000002,370.3545563000002,-49.0,0.4544,0.0,0.0,clock_close_long,0.0,0.0,77.0
1684510440000.0,199654,1684510440000.0,0.0,-0.0226037,370.3319526000002,370.43295630000017,49.0,0.4613,49.0,0.4613,clock_entry_long,22.6037,0.06103632117430201,1227.0
1684511580000.0,199673,1684511580000.0,0.22539999999999966,-0.0228291,370.5345235000002,370.5345235000002,-49.0,0.4659,0.0,0.0,clock_close_long,0.0,0.0,19.0
1684543140000.0,200199,1684543140000.0,0.0,-0.0222672,370.5122563000002,370.5345235000002,48.0,0.4639,48.0,0.4639,clock_entry_long,22.2672,0.06009841677671915,526.0
1684584180000.0,200883,1684584180000.0,0.17760000000000176,-0.0224448,370.66741150000024,370.66741150000024,-48.0,0.4676,0.0,0.0,clock_close_long,0.0,0.0,684.0
1684665660000.0,202241,1684665660000.0,0.0,-0.0224064,370.6450051000002,370.67221150000023,48.0,0.4668,48.0,0.4668,clock_entry_long,22.406399999999998,0.060452453673171015,1358.0
1684683900000.0,202545,1684683900000.0,0.0,-0.031920000000000004,370.6130851000002,370.4098051000002,70.0,0.456,118.0,0.4603932203389831,clock_entry_long,54.32640000000001,0.1465852183425781,304.0
1684701120000.0,202832,1684701120000.0,0.2957999999999903,-0.0546222,370.8542629000002,370.8542629000002,-118.0,0.4629,0.0,0.0,clock_close_long,0.0,0.0,287.0
1684703040000.0,202864,1684703040000.0,0.0,-0.0224812,370.8317817000002,370.8493629000002,49.0,0.4588,49.0,0.4588,clock_entry_long,22.481199999999998,0.060623714334676684,32.0
1684764480000.0,203888,1684764480000.0,0.0,-0.0316986,370.80008310000017,370.8965817000002,69.0,0.4594,118.0,0.45915084745762713,clock_entry_long,54.1798,0.14611593273399667,1024.0
1684782660000.0,204191,1684782660000.0,0.10020000000000084,-0.05428,370.8460031000002,370.8460031000002,-118.0,0.46,0.0,0.0,clock_close_long,0.0,0.0,303.0
1684849080000.0,205298,1684849080000.0,0.0,-0.0224665,370.8235366000002,370.8705031000002,49.0,0.4585,49.0,0.4585,clock_entry_long,22.4665,0.060585420779895524,1107.0
1684865160000.0,205566,1684865160000.0,0.08819999999999845,-0.0225547,370.88918190000015,370.88918190000015,-49.0,0.4603,0.0,0.0,clock_close_long,0.0,0.0,268.0
1684898760000.0,206126,1684898760000.0,0.0,-0.0225645,370.86661740000017,370.87938190000017,49.0,0.4605,49.0,0.4605,clock_entry_long,22.564500000000002,0.06084262897046606,560.0
1684936200000.0,206750,1684936200000.0,0.0,-0.031703,370.8349144000002,370.47041740000014,70.0,0.4529,119.0,0.4560294117647059,clock_entry_long,54.267500000000005,0.1463387019202418,624.0
1684959720000.0,207142,1684959720000.0,-0.27720000000000367,-0.0539903,370.50372410000017,370.50372410000017,-119.0,0.4537,0.0,0.0,clock_close_long,0.0,0.0,392.0
1684973940000.0,207379,1684973940000.0,0.0,-0.02253,370.48119410000015,370.50372410000017,50.0,0.4506,50.0,0.4506,clock_entry_long,22.53,0.060812803345474835,237.0
1685041860000.0,208511,1685041860000.0,0.07500000000000007,-0.022605,370.53358910000014,370.53358910000014,-50.0,0.4521,0.0,0.0,clock_close_long,0.0,0.0,1132.0
1685195820000.0,211077,1685195820000.0,0.0,-0.022483200000000002,370.51110590000013,370.50958910000014,48.0,0.4684,48.0,0.4684,clock_entry_long,22.4832,0.060681581852685816,2566.0
1685196240000.0,211084,1685196240000.0,0.13440000000000119,-0.0226176,370.6228883000001,370.6228883000001,-48.0,0.4712,0.0,0.0,clock_close_long,0.0,0.0,7.0
1685377260000.0,214101,1685377260000.0,0.0,-0.022447200000000004,370.6004411000001,370.6322883000001,47.0,0.4776,47.0,0.4776,clock_entry_long,22.447200000000002,0.060569814578129474,3017.0
1685377860000.0,214111,1685377860000.0,0.06579999999999797,-0.022513,370.64372810000015,370.64372810000015,-47.0,0.479,0.0,0.0,clock_close_long,0.0,0.0,10.0
1685457720000.0,215442,1685457720000.0,0.0,-0.022266,370.62146210000014,370.65272810000016,45.0,0.4948,45.0,0.4948,clock_entry_long,22.266000000000002,0.06007747061877449,1331.0
1685459100000.0,215465,1685459100000.0,0.13500000000000012,-0.022401,370.73406110000013,370.73406110000013,-45.0,0.4978,0.0,0.0,clock_close_long,0.0,0.0,23.0
1685511480000.0,216338,1685511480000.0,0.0,-0.022602800000000003,370.7114583000001,370.7384611000001,44.0,0.5137,44.0,0.5137,clock_entry_long,22.602800000000002,0.06097140914837483,873.0
1685523420000.0,216537,1685523420000.0,0.0,-0.0316575,370.6798008000001,370.33635830000014,63.0,0.5025,107.0,0.5071056074766355,clock_entry_long,54.260299999999994,0.14638051461907436,199.0
1685533140000.0,216699,1685533140000.0,0.45950000000000135,-0.0547198,371.0845810000001,371.0845810000001,-107.0,0.5114,0.0,0.0,clock_close_long,0.0,0.0,162.0
1685541600000.0,216840,1685541600000.0,0.0,-0.022418,371.0621630000001,371.08898100000016,44.0,0.5095,44.0,0.5095,clock_entry_long,22.418,0.06041575303381173,141.0
1685587320000.0,217602,1685587320000.0,0.0,-0.031821300000000004,371.0303417000001,370.8792630000001,63.0,0.5051,107.0,0.5069093457943925,clock_entry_long,54.2393,0.1461856185439833,762.0
1685623980000.0,218213,1685623980000.0,-0.02239999999999409,-0.054216900000000005,370.95372480000015,370.95372480000015,-107.0,0.5067,0.0,0.0,clock_close_long,0.0,0.0,611.0
1685630220000.0,218317,1685630220000.0,0.0,-0.022599,370.93112580000013,370.94472480000013,45.0,0.5022,45.0,0.5022,clock_entry_long,22.599,0.06092505704734254,104.0
1685672640000.0,219024,1685672640000.0,0.571500000000002,-0.0231705,371.47945530000015,371.47945530000015,-45.0,0.5149,0.0,0.0,clock_close_long,0.0,0.0,707.0
1685798520000.0,221122,1685798520000.0,0.0,-0.022299799999999998,371.45715550000017,371.48805530000016,43.0,0.5186,43.0,0.5186,clock_entry_long,22.299799999999998,0.06003330308709045,2098.0
1685803080000.0,221198,1685803080000.0,0.10320000000000296,-0.022403000000000003,371.5379525000002,371.5379525000002,-43.0,0.521,0.0,0.0,clock_close_long,0.0,0.0,76.0
1685815560000.0,221406,1685815560000.0,0.0,-0.022752400000000002,371.5152001000002,371.4895525000002,44.0,0.5171,44.0,0.5171,clock_entry_long,22.7524,0.06124217796169786,208.0
1685865420000.0,222237,1685865420000.0,0.3476000000000008,-0.023100000000000002,371.8397001000002,371.8397001000002,-44.0,0.525,0.0,0.0,clock_close_long,0.0,0.0,831.0
1685933580000.0,223373,1685933580000.0,0.0,-0.0223104,371.8173897000002,371.83550010000016,42.0,0.5312,42.0,0.5312,clock_entry_long,22.3104,0.060003648613640916,1136.0
1685940840000.0,223494,1685940840000.0,0.14279999999999826,-0.0224532,371.9377365000002,371.9377365000002,-42.0,0.5346,0.0,0.0,clock_close_long,0.0,0.0,121.0
1685943120000.0,223532,1685943120000.0,0.0,-0.022302,371.9154345000002,371.9461365000002,42.0,0.531,42.0,0.531,clock_entry_long,22.302,0.05996524459917242,38.0
1685978340000.0,224119,1685978340000.0,0.0,-0.031842,371.8835925000002,371.80523450000015,61.0,0.522,103.0,0.5256699029126214,clock_entry_long,54.144000000000005,0.14559394684776253,587.0
1685980620000.0,224157,1685980620000.0,0.0,-0.0450296,371.83856290000017,369.81439250000017,88.0,0.5117,191.0,0.5192335078534032,clock_entry_long,99.17360000000001,0.26671144387644136,38.0
1685980800000.0,224160,1685980800000.0,0.0,-0.0640461,371.7745168000002,368.63646290000014,127.0,0.5043,318.0,0.513269496855346,clock_entry_long,163.21970000000002,0.43902874625429394,3.0
1685980980000.0,224163,1685980980000.0,0.0,-0.0904935,371.6840233000002,364.15251680000017,183.0,0.4945,501.0,0.5064135728542914,clock_entry_long,253.71320000000003,0.6826045352915763,3.0
1685985780000.0,224243,1685985780000.0,0.0,-0.118066,371.5659573000002,366.8708233000002,239.0,0.494,740.0,0.5024043243243244,clock_entry_long,371.7792,1.0005739026835216,80.0
1686027540000.0,224939,1686027540000.0,3.3017302702702414,-0.1856745,374.68201307027044,378.33728280000014,-363.0,0.5115,377.0,0.5024043243243244,clock_close_long,189.40643027027028,0.5055124710103116,696.0
1686053400000.0,225370,1686053400000.0,0.0,-0.10144,374.5805730702704,376.4322828000001,200.0,0.5072,577.0,0.5040666035879902,clock_entry_long,290.84643027027033,0.7764589281455028,431.0
1686075240000.0,225734,1686075240000.0,4.681889501147568,-0.187154,379.07530857141796,381.8344888000001,-362.0,0.517,215.0,0.5040666035879902,clock_close_long,108.37431977141789,0.2858912657219406,364.0
1686081720000.0,225842,1686081720000.0,5.89818022858211,-0.1142725,384.85921630000007,384.85921630000007,-215.0,0.5315,0.0,0.0,clock_close_long,0.0,0.0,108.0
1686131820000.0,226677,1686131820000.0,0.0,-0.0235395,384.83567680000004,384.81871630000006,45.0,0.5231,45.0,0.5231,clock_entry_long,23.5395,0.06116766562740889,835.0
1686139200000.0,226800,1686139200000.0,0.4455000000000009,-0.023985000000000003,385.25719180000004,385.25719180000004,-45.0,0.533,0.0,0.0,clock_close_long,0.0,0.0,123.0
1686147840000.0,226944,1686147840000.0,0.0,-0.023598,385.23359380000005,385.25719180000004,45.0,0.5244,45.0,0.5244,clock_entry_long,23.598,0.06125633999679494,144.0
1686155160000.0,227066,1686155160000.0,0.0,-0.033305999999999995,385.20028780000007,384.51759380000004,65.0,0.5124,110.0,0.5173090909090909,clock_entry_long,56.904,0.14772574632536398,122.0
1686212040000.0,228014,1686212040000.0,0.4719999999999913,-0.057375999999999996,385.6149118000001,385.6149118000001,-110.0,0.5216,0.0,0.0,clock_close_long,0.0,0.0,948.0
1686216960000.0,228096,1686216960000.0,0.0,-0.0232425,385.5916693000001,385.6329118000001,45.0,0.5165,45.0,0.5165,clock_entry_long,23.2425,0.060277495211953726,82.0
1686273420000.0,229037,1686273420000.0,0.37350000000000383,-0.023616000000000005,385.9415533000001,385.9415533000001,-45.0,0.5248,0.0,0.0,clock_close_long,0.0,0.0,941.0
1686294060000.0,229381,1686294060000.0,0.0,-0.023436000000000005,385.9181173000001,385.9370533000001,45.0,0.5208,45.0,0.5208,clock_entry_long,23.436000000000003,0.060727908199711765,344.0
1686316260000.0,229751,1686316260000.0,0.8279999999999987,-0.024264,386.72185330000013,386.72185330000013,-45.0,0.5392,0.0,0.0,clock_close_long,0.0,0.0,370.0
1686361800000.0,230510,1686361800000.0,0.0,-0.023372800000000003,386.69848050000013,386.7658533000001,44.0,0.5312,44.0,0.5312,clock_entry_long,23.3728,0.060441923562200274,759.0
1686370800000.0,230660,1686370800000.0,0.0,-0.0332288,386.6652517000001,386.05168050000015,64.0,0.5192,108.0,0.5240888888888888,clock_entry_long,56.60159999999999,0.1463839839529081,150.0
1686370980000.0,230663,1686370980000.0,0.0,-0.0472068,386.6180449000001,385.24625170000013,93.0,0.5076,201.0,0.5164597014925373,clock_entry_long,103.80839999999999,0.2685037632603267,3.0
1686371160000.0,230666,1686371160000.0,0.0,-0.0664867,386.5515582000001,382.9221449000001,133.0,0.4999,334.0,0.5098655688622754,clock_entry_long,170.2951,0.4405495111518605,3.0
1686375960000.0,230746,1686375960000.0,0.0,-0.09448700000000002,386.4570712000001,380.5730582000001,190.0,0.4973,524.0,0.5053093511450382,clock_entry_long,264.7821,0.6851526850778451,80.0
1686376260000.0,230751,1686376260000.0,0.0,-0.12171599999999999,386.3353552000001,369.10217120000004,252.0,0.483,776.0,0.49806456185567016,clock_entry_long,386.4981,1.0004212526702758,5.0
1686418380000.0,231453,1686418380000.0,0.940079123711296,-0.19319299999999998,387.0822413237114,387.9540622,-386.0,0.5005,390.0,0.49806456185567016,clock_close_long,194.24517912371135,0.5018188859800129,702.0
1686457380000.0,232103,1686457380000.0,0.0,-0.1045824,386.9776589237114,389.1084622,208.0,0.5028,598.0,0.49971167077543704,clock_entry_long,298.82757912371136,0.7722088658937857,650.0
1686481680000.0,232508,1686481680000.0,2.85305343455848,-0.1932432,389.6374691582699,391.24073660000005,-381.0,0.5072,217.0,0.49971167077543704,clock_close_long,108.43743255826983,0.27830340031857353,405.0
1686507000000.0,232930,1686507000000.0,4.554467441730172,-0.11299190000000002,394.0789447000001,394.0789447000001,-217.0,0.5207,0.0,0.0,clock_close_long,0.0,0.0,422.0
1686536640000.0,233424,1686536640000.0,0.0,-0.024153300000000003,394.05479140000006,394.01314470000005,47.0,0.5139,47.0,0.5139,clock_entry_long,24.1533,0.061294268023459435,494.0
1686567360000.0,233936,1686567360000.0,0.40419999999999723,-0.0245575,394.43443390000004,394.43443390000004,-47.0,0.5225,0.0,0.0,clock_close_long,0.0,0.0,512.0
1686576960000.0,234096,1686576960000.0,0.0,-0.023690000000000003,394.41074390000006,394.42983390000006,46.0,0.515,46.0,0.515,clock_entry_long,23.69,0.060064286702104716,160.0
1686623820000.0,234877,1686623820000.0,0.5105999999999999,-0.024200600000000003,394.89714330000004,394.89714330000004,-46.0,0.5261,0.0,0.0,clock_close_long,0.0,0.0,781.0
1686660960000.0,235496,1686660960000.0,0.0,-0.023800500000000002,394.87334280000005,395.11314330000005,45.0,0.5289,45.0,0.5289,clock_entry_long,23.800500000000003,0.06027375722866851,619.0
1686669420000.0,235637,1686669420000.0,0.0,-0.034115400000000004,394.8392274,394.11134280000005,66.0,0.5169,111.0,0.521764864864865,clock_entry_long,57.91590000000001,0.14668223413710388,141.0
1686670020000.0,235647,1686670020000.0,0.0,-0.0482695,394.7909579,393.6932274,95.0,0.5081,206.0,0.5154631067961166,clock_entry_long,106.18540000000003,0.2689661398650793,10.0
1686689280000.0,235968,1686689280000.0,1.4495999999999687,-0.107635,396.1329229,396.1329229,-206.0,0.5225,0.0,0.0,clock_close_long,0.0,0.0,321.0
1686694200000.0,236050,1686694200000.0,0.0,-0.023896999999999998,396.1090259,396.1191229,46.0,0.5195,46.0,0.5195,clock_entry_long,23.897,0.060329349844284876,82.0
1686721320000.0,236502,1686721320000.0,0.0,-0.03377220000000001,396.0752537,395.7054259,66.0,0.5117,112.0,0.5149035714285715,clock_entry_long,57.669200000000004,0.14560162358358417,452.0
1686729360000.0,236636,1686729360000.0,0.0,-0.0479904,396.0272633,394.4572537,96.0,0.4999,208.0,0.5079788461538461,clock_entry_long,105.6596,0.2667988034954057,134.0
1686762960000.0,237196,1686762960000.0,0.0,-0.0679864,395.9592769,394.5532633,136.0,0.4999,344.0,0.5047848837209302,clock_entry_long,173.646,0.43854509827245314,560.0
1686773160000.0,237366,1686773160000.0,0.0,-0.0964516,395.8628253,388.89567689999996,196.0,0.4921,540.0,0.5001807407407408,clock_entry_long,270.09760000000006,0.6823009960465718,170.0
1686773460000.0,237371,1686773460000.0,0.0,-0.1255686,395.7372567,389.9398253,258.0,0.4867,798.0,0.49582230576441105,clock_entry_long,395.6662,0.9998204447552083,5.0
1686834600000.0,238390,1686834600000.0,-5.927567669172945,-0.19785540000000001,389.61183363082705,383.9917013,-411.0,0.4814,387.0,0.49582230576441105,clock_close_long,191.88323233082707,0.4924984709592886,1019.0
1686839400000.0,238470,1686839400000.0,0.0,-0.10353070000000002,389.508302930827,382.3663013,217.0,0.4771,604.0,0.48909591445501177,clock_entry_long,295.4139323308271,0.7584278181183979,80.0
1686841320000.0,238502,1686841320000.0,0.0,-0.094248,389.41405493082704,381.59837059999995,198.0,0.476,802.0,0.4858627585172407,clock_entry_long,389.661932330827,1.0006365394285628,32.0
1686938700000.0,240125,1686938700000.0,-6.179619267620415,-0.19448169999999998,383.03995396320664,377.4139409,-413.0,0.4709,389.0,0.4858627585172407,clock_close_long,189.00061306320663,0.49342271245511193,1623.0
1686942420000.0,240187,1686942420000.0,0.0,-0.1019032,382.93805076320666,377.07734089999997,217.0,0.4696,606.0,0.4800392954838394,clock_entry_long,290.90381306320666,0.7596628553454714,62.0
1686966660000.0,240591,1686966660000.0,0.0,-0.09182549999999999,382.84622526320663,377.9603377,195.0,0.4709,801.0,0.4778143733623054,clock_entry_long,382.72931306320663,0.9996946236052879,404.0
1687016820000.0,241427,1687016820000.0,0.7922650284401382,-0.1914402,383.44705009164676,383.803072,-399.0,0.4798,402.0,0.4778143733623054,clock_close_long,192.08137809164677,0.5009332528330518,836.0
1687047360000.0,241936,1687047360000.0,0.0,-0.1031184,383.34393169164673,382.786072,216.0,0.4774,618.0,0.4776695438376162,clock_entry_long,295.1997780916468,0.7700650869546016,509.0
1687081020000.0,242497,1687081020000.0,2.7048606403039903,-0.191862,385.8569303319507,387.3732915999999,-396.0,0.4845,222.0,0.4776695438376162,clock_close_long,106.04263873195079,0.27482372453624937,561.0
1687114920000.0,243062,1687114920000.0,3.758561268049206,-0.1098012,389.50569039999993,389.50569039999993,-222.0,0.4946,0.0,0.0,clock_close_long,0.0,0.0,565.0
1687124400000.0,243220,1687124400000.0,0.0,-0.0238434,389.48184699999996,389.49099039999993,49.0,0.4866,49.0,0.4866,clock_entry_long,23.8434,0.06121825749686352,158.0
1687190940000.0,244329,1687190940000.0,0.14700000000000013,-0.0239904,389.60485659999995,389.60485659999995,-49.0,0.4896,0.0,0.0,clock_close_long,0.0,0.0,1109.0
1687192440000.0,244354,1687192440000.0,0.0,-0.0234,389.58145659999997,389.63365659999994,48.0,0.4875,48.0,0.4875,clock_entry_long,23.4,0.060064460470524356,25.0
1687250460000.0,245321,1687250460000.0,0.0,-0.0333891,389.54806749999995,389.43205659999995,69.0,0.4839,117.0,0.48537692307692304,clock_entry_long,56.7891,0.14578200930235652,967.0
1687270620000.0,245657,1687270620000.0,0.0,-0.047349999999999996,389.50071749999995,388.3103674999999,100.0,0.4735,217.0,0.4799036866359447,clock_entry_long,104.1391,0.2673656178823342,336.0
1687283100000.0,245865,1687283100000.0,0.8238000000000081,-0.10496290000000001,390.2195546,390.2195546,-217.0,0.4837,0.0,0.0,clock_close_long,0.0,0.0,208.0
1687343700000.0,246875,1687343700000.0,0.0,-0.023611200000000002,390.1959434,390.25315459999996,48.0,0.4919,48.0,0.4919,clock_entry_long,23.6112,0.0605111365183916,1010.0
1687357560000.0,247106,1687357560000.0,0.16800000000000015,-0.0237792,390.3401642,390.3401642,-48.0,0.4954,0.0,0.0,clock_close_long,0.0,0.0,231.0
1687367460000.0,247271,1687367460000.0,0.0,-0.023654400000000003,390.3165098,390.3209642,48.0,0.4928,48.0,0.4928,clock_entry_long,23.654400000000003,0.06060312440311743,165.0
1687398600000.0,247790,1687398600000.0,0.7200000000000006,-0.0243744,391.01213540000003,391.01213540000003,-48.0,0.5078,0.0,0.0,clock_close_long,0.0,0.0,519.0
1687432020000.0,248347,1687432020000.0,0.0,-0.0237397,390.9883957,391.01213540000003,47.0,0.5051,47.0,0.5051,clock_entry_long,23.7397,0.060717147263406615,557.0
1687432200000.0,248350,1687432200000.0,0.0,-0.0338445,390.9545512,390.6733957,69.0,0.4905,116.0,0.4964155172413793,clock_entry_long,57.584199999999996,0.1472912895456785,3.0
1687483500000.0,249205,1687483500000.0,0.1374000000000022,-0.0577216,391.0342296,391.0342296,-116.0,0.4976,0.0,0.0,clock_close_long,0.0,0.0,855.0
1687485780000.0,249243,1687485780000.0,0.0,-0.0237168,391.0105128,391.0198296,48.0,0.4941,48.0,0.4941,clock_entry_long,23.7168,0.06065514666131503,38.0
1687523100000.0,249865,1687523100000.0,0.0,-0.033747900000000004,390.97676490000003,390.7705128,69.0,0.4891,117.0,0.491151282051282,clock_entry_long,57.46469999999999,0.14697727629593976,622.0
1687542240000.0,250184,1687542240000.0,1.0353000000000059,-0.0585,391.95356490000006,391.95356490000006,-117.0,0.5,0.0,0.0,clock_close_long,0.0,0.0,319.0
1687556220000.0,250417,1687556220000.0,0.0,-0.0237456,391.9298193000001,391.9967649000001,48.0,0.4947,48.0,0.4947,clock_entry_long,23.7456,0.0605863571248813,233.0
1687613220000.0,251367,1687613220000.0,0.0,-0.0337962,391.8960231000001,391.7414193000001,69.0,0.4898,117.0,0.49181025641025644,clock_entry_long,57.5418,0.14682925216956608,950.0
1687641240000.0,251834,1687641240000.0,0.0,-0.0478962,391.84812690000007,390.8940231000001,99.0,0.4838,216.0,0.4881388888888889,clock_entry_long,105.438,0.26907873934257154,467.0
1687660440000.0,252154,1687660440000.0,-0.18120000000000003,-0.1052568,391.5616701000001,391.5616701000001,-216.0,0.4873,0.0,0.0,clock_close_long,0.0,0.0,320.0
1687700040000.0,252814,1687700040000.0,0.0,-0.0239463,391.5377238000001,391.5518701000001,49.0,0.4887,49.0,0.4887,clock_entry_long,23.9463,0.06115962407809246,660.0
1687738080000.0,253448,1687738080000.0,0.10779999999999901,-0.024054100000000002,391.6214697000001,391.6214697000001,-49.0,0.4909,0.0,0.0,clock_close_long,0.0,0.0,634.0
1687738260000.0,253451,1687738260000.0,0.0,-0.0239463,391.5975234000001,391.5773697000001,49.0,0.4887,49.0,0.4887,clock_entry_long,23.9463,0.0611502845883422,3.0
1687774140000.0,254049,1687774140000.0,0.0,-0.033558,391.5639654000001,391.0585234000001,70.0,0.4794,119.0,0.4832294117647059,clock_entry_long,57.5043,0.1468579978784738,598.0
1687798020000.0,254447,1687798020000.0,0.0,-0.04754,391.51642540000006,390.50086540000007,100.0,0.4754,219.0,0.47965433789954337,clock_entry_long,105.04429999999999,0.2683011316643472,398.0
1687821180000.0,254833,1687821180000.0,0.11950000000000532,-0.10516380000000002,391.53076160000006,391.53076160000006,-219.0,0.4802,0.0,0.0,clock_close_long,0.0,0.0,386.0
1687880460000.0,255821,1687880460000.0,0.0,-0.023870000000000002,391.5068916000001,391.52576160000007,50.0,0.4774,50.0,0.4774,clock_entry_long,23.87,0.06096955254720731,988.0
1687892340000.0,256019,1687892340000.0,0.2150000000000013,-0.024085000000000002,391.6978066000001,391.6978066000001,-50.0,0.4817,0.0,0.0,clock_close_long,0.0,0.0,198.0
1687911780000.0,256343,1687911780000.0,0.0,-0.0235249,391.6742817000001,391.67820660000007,49.0,0.4801,49.0,0.4801,clock_entry_long,23.524900000000002,0.0600624066964364,324.0
1687937760000.0,256776,1687937760000.0,0.0,-0.0335475,391.6407342000001,391.4818817000001,71.0,0.4725,120.0,0.4756033333333333,clock_entry_long,57.0724,0.14572641458397098,433.0
1687972140000.0,257349,1687972140000.0,0.0,-0.0473084,391.5934258000001,390.68793420000014,101.0,0.4684,221.0,0.4723113122171946,clock_entry_long,104.38080000000001,0.2665540152691705,573.0
1687980660000.0,257491,1687980660000.0,0.0,-0.0672884,391.5261374000001,387.3862258000001,149.0,0.4516,370.0,0.4639708108108108,clock_entry_long,171.6692,0.438461659648064,142.0
1688009460000.0,257971,1688009460000.0,1.5278000000000032,-0.17319700000000002,392.8807404000001,392.8807404000001,-370.0,0.4681,0.0,0.0,clock_close_long,0.0,0.0,480.0
1688020140000.0,258149,1688020140000.0,0.0,-0.023720100000000004,392.8570203000001,392.87564040000007,51.0,0.4651,51.0,0.4651,clock_entry_long,23.720100000000002,0.060378455199518795,178.0
1688065560000.0,258906,1688065560000.0,0.4691999999999993,-0.0241893,393.3020310000001,393.3020310000001,-51.0,0.4743,0.0,0.0,clock_close_long,0.0,0.0,757.0
1688087100000.0,259265,1688087100000.0,0.0,-0.023918999999999996,393.27811200000014,393.2918310000001,51.0,0.469,51.0,0.469,clock_entry_long,23.918999999999997,0.06081955560242312,359.0
1688120400000.0,259820,1688120400000.0,0.4896000000000027,-0.0244086,393.7433034000001,393.7433034000001,-51.0,0.4786,0.0,0.0,clock_close_long,0.0,0.0,555.0
1688132160000.0,260016,1688132160000.0,0.0,-0.023739999999999997,393.71956340000014,393.7333034000001,50.0,0.4748,50.0,0.4748,clock_entry_long,23.74,0.06029672438674656,196.0
1688132820000.0,260027,1688132820000.0,0.0,-0.0337406,393.68582280000015,391.8226634000001,73.0,0.4622,123.0,0.4673219512195122,clock_entry_long,57.4806,0.14600627371131228,11.0
1688194380000.0,261053,1688194380000.0,0.4770000000000004,-0.0579576,394.1048652000002,394.1048652000002,-123.0,0.4712,0.0,0.0,clock_close_long,0.0,0.0,1026.0
1688257080000.0,262098,1688257080000.0,0.0,-0.023975100000000003,394.0808901000002,394.1048652000002,51.0,0.4701,51.0,0.4701,clock_entry_long,23.9751,0.06083801727588513,1045.0
1688263860000.0,262211,1688263860000.0,0.2550000000000002,-0.0242301,394.3116600000002,394.3116600000002,-51.0,0.4751,0.0,0.0,clock_close_long,0.0,0.0,113.0
1688299800000.0,262810,1688299800000.0,0.0,-0.023864999999999997,394.2877950000002,394.3266600000002,50.0,0.4773,50.0,0.4773,clock_entry_long,23.865,0.06052685450230583,599.0
1688308680000.0,262958,1688308680000.0,0.6849999999999995,-0.024550000000000002,394.9482450000002,394.9482450000002,-50.0,0.491,0.0,0.0,clock_close_long,0.0,0.0,148.0
1688344560000.0,263556,1688344560000.0,0.0,-0.02406,394.9241850000002,394.9532450000002,50.0,0.4812,50.0,0.4812,clock_entry_long,24.060000000000002,0.060923085781641836,598.0
1688383800000.0,264210,1688383800000.0,0.15999999999999903,-0.02422,395.0599650000002,395.0599650000002,-50.0,0.4844,0.0,0.0,clock_close_long,0.0,0.0,654.0
1688390940000.0,264329,1688390940000.0,0.0,-0.024075,395.0358900000002,395.0499650000002,50.0,0.4815,50.0,0.4815,clock_entry_long,24.075,0.06094382968595584,119.0
1688441280000.0,265168,1688441280000.0,0.4500000000000004,-0.024524999999999998,395.4613650000002,395.4613650000002,-50.0,0.4905,0.0,0.0,clock_close_long,0.0,0.0,839.0
1688464020000.0,265547,1688464020000.0,0.0,-0.023760100000000003,395.4376049000002,395.46626500000025,49.0,0.4849,49.0,0.4849,clock_entry_long,23.7601,0.06008558545161264,379.0
1688512080000.0,266348,1688512080000.0,0.22539999999999966,-0.0239855,395.6390194000002,395.6390194000002,-49.0,0.4895,0.0,0.0,clock_close_long,0.0,0.0,801.0
1688545080000.0,266898,1688545080000.0,0.0,-0.0238336,395.61518580000023,395.59001940000024,49.0,0.4864,49.0,0.4864,clock_entry_long,23.8336,0.06024440126534694,550.0
1688553540000.0,267039,1688553540000.0,0.0,-0.0340992,395.5810866000002,395.16948580000025,72.0,0.4736,121.0,0.4787834710743802,clock_entry_long,57.9328,0.1464498732685365,141.0
1688571540000.0,267339,1688571540000.0,0.0,-0.04791960000000001,395.5331670000002,394.6055866000002,102.0,0.4698,223.0,0.47467443946188337,clock_entry_long,105.85239999999999,0.2676195293630077,300.0
1688600520000.0,267822,1688600520000.0,0.897700000000012,-0.1067501,396.3241169000002,396.3241169000002,-223.0,0.4787,0.0,0.0,clock_close_long,0.0,0.0,483.0
1688630820000.0,268327,1688630820000.0,0.0,-0.023855,396.3002619000002,396.3391169000002,50.0,0.4771,50.0,0.4771,clock_entry_long,23.855,0.060194257469401866,505.0
1688652420000.0,268687,1688652420000.0,0.0,-0.033768,396.26649390000017,395.7366619000002,72.0,0.469,122.0,0.47231967213114756,clock_entry_long,57.623000000000005,0.14541476730187908,360.0
1688684880000.0,269228,1688684880000.0,0.0,-0.047967100000000006,396.2185268000002,395.5263939000002,103.0,0.4657,225.0,0.46928933333333334,clock_entry_long,105.5901,0.26649460552181314,541.0
1688698860000.0,269461,1688698860000.0,-0.020099999999999285,-0.10557000000000001,396.09285680000016,396.09285680000016,-225.0,0.4692,0.0,0.0,clock_close_long,0.0,0.0,233.0
1688733720000.0,270042,1688733720000.0,0.0,-0.024195599999999998,396.0686612000002,396.10845680000017,52.0,0.4653,52.0,0.4653,clock_entry_long,24.1956,0.061089407898854454,581.0
1688773860000.0,270711,1688773860000.0,0.15600000000000014,-0.0243516,396.2003096000002,396.2003096000002,-52.0,0.4683,0.0,0.0,clock_close_long,0.0,0.0,669.0
1688911740000.0,273009,1688911740000.0,0.0,-0.023822100000000002,396.1764875000002,396.2003096000002,51.0,0.4671,51.0,0.4671,clock_entry_long,23.822100000000002,0.06013001970491748,2298.0
1688912700000.0,273025,1688912700000.0,0.07650000000000007,-0.023898600000000002,396.2290889000002,396.2290889000002,-51.0,0.4686,0.0,0.0,clock_close_long,0.0,0.0,16.0
1688947620000.0,273607,1688947620000.0,0.0,-0.023811899999999997,396.2052770000002,396.2086889000002,51.0,0.4669,51.0,0.4669,clock_entry_long,23.811899999999998,0.060099906241279026,582.0
1688985000000.0,274230,1688985000000.0,0.19890000000000074,-0.0240108,396.3801662000002,396.3801662000002,-51.0,0.4708,0.0,0.0,clock_close_long,0.0,0.0,623.0
1689082980000.0,275863,1689082980000.0,0.0,-0.0240822,396.3560840000002,396.3801662000002,51.0,0.4722,51.0,0.4722,clock_entry_long,24.0822,0.06075900174652041,1633.0
1689085620000.0,275907,1689085620000.0,0.07650000000000007,-0.0241587,396.4084253000002,396.4084253000002,-51.0,0.4737,0.0,0.0,clock_close_long,0.0,0.0,44.0
1689100320000.0,276152,1689100320000.0,0.0,-0.024020999999999997,396.3844043000002,396.4339253000002,51.0,0.471,51.0,0.471,clock_entry_long,24.020999999999997,0.06060026514519452,245.0
1689162720000.0,277192,1689162720000.0,0.13770000000000182,-0.0241587,396.4979456000002,396.4979456000002,-51.0,0.4737,0.0,0.0,clock_close_long,0.0,0.0,1040.0
1689169080000.0,277298,1689169080000.0,0.0,-0.0240465,396.4738991000002,396.4163456000002,51.0,0.4715,51.0,0.4715,clock_entry_long,24.046499999999998,0.06065090300921649,106.0
1689244020000.0,278547,1689244020000.0,0.051000000000000045,-0.0240975,396.5008016000002,396.5008016000002,-51.0,0.4725,0.0,0.0,clock_close_long,0.0,0.0,1249.0
1689352080000.0,280348,1689352080000.0,0.0,-0.0241472,396.4766544000002,396.0880016000002,32.0,0.7546,32.0,0.7546,clock_entry_long,24.1472,0.060904468729798655,1801.0
1689354360000.0,280386,1689354360000.0,0.0,-0.0344134,396.4422410000002,396.0205544000002,47.0,0.7322,79.0,0.741273417721519,clock_entry_long,58.5606,0.1477153389413919,38.0
1689355080000.0,280398,1689355080000.0,0.0,-0.0481663,396.3940747000002,395.4777410000002,67.0,0.7189,146.0,0.7310061643835617,clock_entry_long,106.7269,0.2692444383301473,12.0
1689357420000.0,280437,1689357420000.0,0.0,-0.0685984,396.3254763000002,392.8211747000002,97.0,0.7072,243.0,0.72150329218107,clock_entry_long,175.3253,0.44237706250124276,39.0
1689358860000.0,280461,1689358860000.0,0.0,-0.096807,396.2286693000002,390.0930763000002,138.0,0.7015,381.0,0.7142580052493439,clock_entry_long,272.13230000000004,0.6868061831082648,24.0
1689359160000.0,280466,1689359160000.0,0.0,-0.12386799999999999,396.1048013000002,387.52436930000016,179.0,0.692,560.0,0.7071433928571429,clock_entry_long,396.00030000000004,0.9997361776488011,5.0
1689391260000.0,281001,1689391260000.0,4.711053750000002,-0.1977612,400.6180938500002,407.1492401000002,-273.0,0.7244,287.0,0.7071433928571429,clock_close_long,202.95015375,0.5065925799796471,535.0
1689422100000.0,281515,1689422100000.0,0.0,-0.1085539,400.5095399500002,403.68564010000017,151.0,0.7189,438.0,0.7111964697488584,clock_entry_long,311.50405374999997,0.7777693729564801,514.0
1689446340000.0,281919,1689446340000.0,4.19617434931509,-0.2004864,404.5052278993153,407.3569998000002,-276.0,0.7264,162.0,0.7111964697488584,clock_close_long,115.21382809931507,0.2848265489611737,404.0
1689474120000.0,282382,1689474120000.0,0.0,-0.07222619999999999,404.4330016993153,404.87479980000023,102.0,0.7081,264.0,0.7100001064367994,clock_entry_long,187.44002809931504,0.46346373147528525,463.0
1689501960000.0,282846,1689501960000.0,4.065571900684957,-0.19150560000000003,408.30706800000024,408.30706800000024,-264.0,0.7254,0.0,0.0,clock_close_long,0.0,0.0,464.0
1689536460000.0,283421,1689536460000.0,0.0,-0.024545400000000002,408.2825226000002,408.3499680000002,33.0,0.7438,33.0,0.7438,clock_entry_long,24.5454,0.060118664506360595,575.0
1689560040000.0,283814,1689560040000.0,0.4718999999999993,-0.0250173,408.7294053000002,408.7294053000002,-33.0,0.7581,0.0,0.0,clock_close_long,0.0,0.0,393.0
1689568380000.0,283953,1689568380000.0,0.0,-0.024674100000000004,408.7047312000002,408.79210530000023,33.0,0.7477,33.0,0.7477,clock_entry_long,24.674100000000003,0.06037145674226536,139.0
1689587340000.0,284269,1689587340000.0,0.0,-0.0352416,408.6694896000002,408.0405312000002,48.0,0.7342,81.0,0.7397,clock_entry_long,59.9157,0.14661162999627064,316.0
1689610140000.0,284649,1689610140000.0,1.4903999999999977,-0.061406100000000005,410.0984835000002,410.0984835000002,-81.0,0.7581,0.0,0.0,clock_close_long,0.0,0.0,380.0
1689611520000.0,284672,1689611520000.0,0.0,-0.025228,410.0732555000002,409.98628350000024,34.0,0.742,34.0,0.742,clock_entry_long,25.228,0.061520715290831716,23.0
1689613680000.0,284708,1689613680000.0,0.0,-0.0354613,410.0377942000002,409.7332555000002,49.0,0.7237,83.0,0.7311963855421686,clock_entry_long,60.689299999999996,0.1480090393091866,36.0
1689660420000.0,285487,1689660420000.0,1.6769000000000034,-0.062366200000000004,411.6523280000002,411.6523280000002,-83.0,0.7514,0.0,0.0,clock_close_long,0.0,0.0,779.0
1689662280000.0,285518,1689662280000.0,0.0,-0.025078400000000004,411.6272496000002,411.72032800000017,34.0,0.7376,34.0,0.7376,clock_entry_long,25.078400000000002,0.06092502385196801,31.0
1689688200000.0,285950,1689688200000.0,0.9859999999999971,-0.026064399999999998,412.5871852000002,412.5871852000002,-34.0,0.7666,0.0,0.0,clock_close_long,0.0,0.0,432.0
1689698880000.0,286128,1689698880000.0,0.0,-0.0253538,412.5618314000002,412.6381852000002,34.0,0.7457,34.0,0.7457,clock_entry_long,25.3538,0.06145454588943341,178.0
1689722700000.0,286525,1689722700000.0,0.9588000000000001,-0.026312600000000002,413.4943188000002,413.4943188000002,-34.0,0.7739,0.0,0.0,clock_close_long,0.0,0.0,397.0
1689756420000.0,287087,1689756420000.0,0.0,-0.024800000000000003,413.4695188000002,413.5199188000002,32.0,0.775,32.0,0.775,clock_entry_long,24.8,0.05998023765325259,562.0
1689768060000.0,287281,1689768060000.0,0.6752000000000002,-0.0254752,414.1192436000002,414.1192436000002,-32.0,0.7961,0.0,0.0,clock_close_long,0.0,0.0,194.0
1689835740000.0,288409,1689835740000.0,0.0,-0.0253611,414.0938825000002,414.1719436000002,31.0,0.8181,31.0,0.8181,clock_entry_long,25.3611,0.061244807208664785,1128.0
1689842820000.0,288527,1689842820000.0,0.18289999999999706,-0.025543999999999997,414.25123850000017,414.25123850000017,-31.0,0.824,0.0,0.0,clock_close_long,0.0,0.0,118.0
1689843240000.0,288534,1689843240000.0,0.0,-0.0253611,414.2258774000002,414.2450385000002,31.0,0.8181,31.0,0.8181,clock_entry_long,25.3611,0.06122529128113808,7.0
1689862140000.0,288849,1689862140000.0,0.0,-0.036027,414.1898504000002,413.68337740000015,45.0,0.8006,76.0,0.8077381578947368,clock_entry_long,61.388099999999994,0.14821246812473793,315.0
1689863880000.0,288878,1689863880000.0,0.0,-0.050393600000000004,414.1394568000002,412.9241504000002,64.0,0.7874,140.0,0.7984407142857142,clock_entry_long,111.78169999999999,0.2699131854369109,29.0
1689884460000.0,289221,1689884460000.0,0.0,-0.07202680000000002,414.0674300000002,412.0797568000002,92.0,0.7829,232.0,0.7922780172413793,clock_entry_long,183.80849999999998,0.44390958255277385,343.0
1689886080000.0,289248,1689886080000.0,0.0,-0.10194360000000001,413.96548640000015,410.88853000000023,132.0,0.7723,364.0,0.7850332417582416,clock_entry_long,285.7520999999999,0.6902800097781288,27.0
1689906120000.0,289582,1689906120000.0,3.215357142857176,-0.207324,416.97351954285733,418.1764624000002,-260.0,0.7974,104.0,0.7850332417582416,clock_close_long,81.64345714285713,0.19580010076506948,334.0
1689925260000.0,289901,1689925260000.0,0.0,-0.059014,416.91450554285734,415.8160624000002,76.0,0.7765,180.0,0.7814303174603174,clock_entry_long,140.65745714285714,0.33737722068391324,319.0
1689933480000.0,290038,1689933480000.0,0.0,-0.084062,416.8304435428573,413.6100484000002,110.0,0.7642,290.0,0.7748946798029557,clock_entry_long,224.71945714285715,0.5391147902558421,137.0
1689962400000.0,290520,1689962400000.0,3.9878045320197106,-0.20856,420.60968807487706,420.97902640000024,-264.0,0.79,26.0,0.7748946798029557,clock_close_long,20.147261674876848,0.04790013698231845,482.0
1689984060000.0,290881,1689984060000.0,0.0,-0.0338448,420.57584327487706,420.4896264000002,44.0,0.7692,70.0,0.771315166783955,clock_entry_long,53.992061674876844,0.12837651647907197,361.0
1690039080000.0,291798,1690039080000.0,0.0,-0.0480186,420.5278246748771,419.9510816000002,63.0,0.7622,133.0,0.7669974562020816,clock_entry_long,102.01066167487686,0.24257767426862759,917.0
1690044300000.0,291885,1690044300000.0,0.5190383251231517,-0.1025297,420.9443333000002,420.9443333000002,-133.0,0.7709,0.0,0.0,clock_close_long,0.0,0.0,87.0
1690049460000.0,291971,1690049460000.0,0.0,-0.025908,420.9184253000002,420.9545333000002,34.0,0.762,34.0,0.762,clock_entry_long,25.908,0.06155111879822,86.0
1690050420000.0,291987,1690050420000.0,0.0,-0.0363972,420.8820281000002,420.4399253000002,49.0,0.7428,83.0,0.7506650602409639,clock_entry_long,62.305200000000006,0.14803483123588373,16.0
1690067820000.0,292277,1690067820000.0,0.0,-0.051851299999999996,420.8301768000002,418.7759281000002,71.0,0.7303,154.0,0.741275974025974,clock_entry_long,114.1565,0.2712650049672007,290.0
1690071120000.0,292332,1690071120000.0,0.0,-0.07296240000000001,420.7572144000002,417.8722768000002,101.0,0.7224,255.0,0.7337996078431372,clock_entry_long,187.1189,0.444719409664387,55.0
1690111680000.0,293008,1690111680000.0,2.5246000000000093,-0.18964350000000002,423.0921709000002,423.0921709000002,-255.0,0.7437,0.0,0.0,clock_close_long,0.0,0.0,676.0
1690115520000.0,293072,1690115520000.0,0.0,-0.0258615,423.0663094000002,423.1061709000002,35.0,0.7389,35.0,0.7389,clock_entry_long,25.8615,0.06112871534648367,64.0
1690162860000.0,293861,1690162860000.0,0.0,-0.03666,423.0296494000002,422.9093094000002,50.0,0.7332,85.0,0.7355470588235293,clock_entry_long,62.521499999999996,0.14779460515043502,789.0
1690182780000.0,294193,1690182780000.0,0.0,-0.0519192,422.9777302000002,421.86444940000024,72.0,0.7211,157.0,0.7289216560509554,clock_entry_long,114.44069999999999,0.2705596343001037,332.0
1690192140000.0,294349,1690192140000.0,0.0,-0.07338750000000001,422.9043427000002,420.37353020000023,103.0,0.7125,260.0,0.7224161538461538,clock_entry_long,187.82819999999998,0.44413873548998173,156.0
1690192320000.0,294352,1690192320000.0,0.0,-0.103965,422.8003777000002,416.4301427000002,150.0,0.6931,410.0,0.711690731707317,clock_entry_long,291.79319999999996,0.6901441327638621,3.0
1690192800000.0,294360,1690192800000.0,0.0,-0.1310337,422.6693440000002,415.6794777000002,189.0,0.6933,599.0,0.705887979966611,clock_entry_long,422.8269,1.000372764200282,8.0
1690236780000.0,295093,1690236780000.0,0.5118939899833094,-0.21157240000000002,422.9696655899835,423.57327160000017,-299.0,0.7076,300.0,0.705887979966611,clock_close_long,211.7663939899833,0.5006656770399807,733.0
1690243680000.0,295208,1690243680000.0,0.0,-0.1139859,422.8556796899835,421.27107160000014,163.0,0.6993,463.0,0.703568669524802,clock_entry_long,325.75229398998334,0.7703628203097769,115.0
1690265820000.0,295577,1690265820000.0,0.0,-0.09728999999999999,422.7583896899835,416.0297857000002,141.0,0.69,604.0,0.7004011489900386,clock_entry_long,423.0422939899833,1.0006715521369263,369.0
1690313100000.0,296365,1690313100000.0,1.1996553029884338,-0.21132000000000004,423.74672499297196,425.1447757000002,-300.0,0.7044,304.0,0.7004011489900386,clock_close_long,212.92194929297173,0.5024745602376116,788.0
1690353000000.0,297030,1690353000000.0,0.0,-0.11442599999999999,423.632298992972,424.8398757000003,163.0,0.702,467.0,0.7009592061948002,clock_entry_long,327.3479492929717,0.7727171655020628,665.0
1690387860000.0,297611,1690387860000.0,1.6622381415599352,-0.21195000000000003,425.08258713453193,425.9410997000003,-300.0,0.7065,167.0,0.7009592061948002,clock_close_long,117.06018743453164,0.2753822221315406,581.0
1690432380000.0,298353,1690432380000.0,3.296712565468362,-0.1203569,428.2589428000003,428.2589428000003,-167.0,0.7207,0.0,0.0,clock_close_long,0.0,0.0,742.0
1690468860000.0,298961,1690468860000.0,0.0,-0.0263181,428.23262470000026,428.2478428000003,37.0,0.7113,37.0,0.7113,clock_entry_long,26.3181,0.06145748474544001,608.0
1690504980000.0,299563,1690504980000.0,0.24789999999999734,-0.026566,428.45395870000027,428.45395870000027,-37.0,0.718,0.0,0.0,clock_close_long,0.0,0.0,602.0
1690522740000.0,299859,1690522740000.0,0.0,-0.0262626,428.4276961000003,428.45765870000025,37.0,0.7098,37.0,0.7098,clock_entry_long,26.2626,0.06129995852058544,296.0
1690584360000.0,300886,1690584360000.0,0.08509999999999884,-0.0263477,428.48644840000026,428.48644840000026,-37.0,0.7121,0.0,0.0,clock_close_long,0.0,0.0,1027.0
1690623540000.0,301539,1690623540000.0,0.0,-0.026221900000000003,428.46022650000026,428.43094840000026,37.0,0.7087,37.0,0.7087,clock_entry_long,26.2219,0.061200313070366136,653.0
1690659600000.0,302140,1690659600000.0,0.1702000000000018,-0.0263921,428.6040344000003,428.6040344000003,-37.0,0.7133,0.0,0.0,clock_close_long,0.0,0.0,601.0
1690732500000.0,303355,1690732500000.0,0.0,-0.025660799999999998,428.57837360000025,428.62923440000026,36.0,0.7128,36.0,0.7128,clock_entry_long,25.6608,0.059874229734115506,1215.0
1690736340000.0,303419,1690736340000.0,0.14400000000000013,-0.0258048,428.69656880000025,428.69656880000025,-36.0,0.7168,0.0,0.0,clock_close_long,0.0,0.0,64.0
1690746480000.0,303588,1690746480000.0,0.0,-0.0256572,428.67091160000024,428.5705688000003,36.0,0.7127,36.0,0.7127,clock_entry_long,25.6572,0.05985290652037792,169.0
1690747380000.0,303603,1690747380000.0,0.0,-0.036421600000000005,428.63449000000026,428.22461160000023,53.0,0.6872,89.0,0.6975146067415731,clock_entry_long,62.0788,0.14482922267874423,15.0
1690806780000.0,304593,1690806780000.0,0.7106999999999989,-0.06278950000000001,429.2824005000003,429.2824005000003,-89.0,0.7055,0.0,0.0,clock_close_long,0.0,0.0,990.0
1690811580000.0,304673,1690811580000.0,0.0,-0.0259777,429.2564228000003,429.16770050000025,37.0,0.7021,37.0,0.7021,clock_entry_long,25.9777,0.06051790636130694,80.0
1690837380000.0,305103,1690837380000.0,0.0,-0.03720059999999999,429.2192222000003,429.15932280000027,54.0,0.6889,91.0,0.6942670329670328,clock_entry_long,63.178299999999986,0.14719354756800998,430.0
1690855860000.0,305411,1690855860000.0,0.0,-0.0522599,429.16696230000025,428.5586222000003,77.0,0.6787,168.0,0.6871321428571427,clock_entry_long,115.43819999999998,0.26898202830278745,308.0
1690895700000.0,306075,1690895700000.0,0.8010000000000117,-0.1162392,429.85172310000024,429.85172310000024,-168.0,0.6919,0.0,0.0,clock_close_long,0.0,0.0,664.0
1690902180000.0,306183,1690902180000.0,0.0,-0.026182,429.82554110000024,429.86692310000024,38.0,0.689,38.0,0.689,clock_entry_long,26.182,0.06091308565097269,108.0
1690964160000.0,307216,1690964160000.0,0.0,-0.036691900000000006,429.78884920000024,430.0692411000002,53.0,0.6923,91.0,0.6909219780219781,clock_entry_long,62.873900000000006,0.14629020766134845,1033.0
1690971420000.0,307337,1690971420000.0,0.4893999999999976,-0.0633633,430.21488590000024,430.21488590000024,-91.0,0.6963,0.0,0.0,clock_close_long,0.0,0.0,121.0
1690985280000.0,307568,1690985280000.0,0.0,-0.02622,430.1886659000002,430.16928590000026,38.0,0.69,38.0,0.69,clock_entry_long,26.22,0.06095000189078665,231.0
1691029620000.0,308307,1691029620000.0,0.0,-0.03682800000000001,430.1518379000002,429.9214659000002,54.0,0.682,92.0,0.685304347826087,clock_entry_long,63.048,0.14657149974715933,739.0
1691045580000.0,308573,1691045580000.0,0.0,-0.0521352,430.0997027000002,429.0046379000002,78.0,0.6684,170.0,0.6775482352941176,clock_entry_long,115.18319999999999,0.26780581171510753,266.0
1691050920000.0,308662,1691050920000.0,0.0,-0.0743879,430.0253148000002,427.7614027000002,113.0,0.6583,283.0,0.6698625441696113,clock_entry_long,189.5711,0.440837070459834,89.0
1691074080000.0,309048,1691074080000.0,1.0293999999999903,-0.19060049999999998,430.8641143000002,430.8641143000002,-283.0,0.6735,0.0,0.0,clock_close_long,0.0,0.0,386.0
1691099820000.0,309477,1691099820000.0,0.0,-0.0260793,430.8380350000002,430.8368143000002,39.0,0.6687,39.0,0.6687,clock_entry_long,26.0793,0.06053156379287633,429.0
1691130900000.0,309995,1691130900000.0,0.0,-0.03696,430.8010750000002,430.4607350000002,56.0,0.66,95.0,0.6635715789473684,clock_entry_long,63.0393,0.14633041479759532,518.0
1691156100000.0,310415,1691156100000.0,0.1166999999999968,-0.06315599999999999,430.8546190000002,430.8546190000002,-95.0,0.6648,0.0,0.0,clock_close_long,0.0,0.0,420.0
1691157840000.0,310444,1691157840000.0,0.0,-0.026436,430.8281830000002,430.8666190000002,40.0,0.6609,40.0,0.6609,clock_entry_long,26.436,0.06136088826853741,29.0
1691181480000.0,310838,1691181480000.0,0.0,-0.0373529,430.7908301000002,429.8943830000002,59.0,0.6331,99.0,0.6443323232323233,clock_entry_long,63.788900000000005,0.14807395037910295,394.0
1691196720000.0,311092,1691196720000.0,0.0,-0.0528864,430.73794370000024,429.2957301000002,84.0,0.6296,183.0,0.6375699453551913,clock_entry_long,116.67530000000001,0.2708730486981705,254.0
1691198760000.0,311126,1691198760000.0,0.0,-0.074568,430.66337570000024,428.20304370000025,120.0,0.6214,303.0,0.6311660066006601,clock_entry_long,191.24330000000003,0.4440667834573887,34.0
1691199900000.0,311145,1691199900000.0,0.0,-0.10581439999999999,430.55756130000026,426.0631757000002,172.0,0.6152,475.0,0.6253846315789474,clock_entry_long,297.0577,0.6899372504412219,19.0
1691253180000.0,312033,1691253180000.0,0.0,-0.13379039999999998,430.42377090000025,427.9221613000003,216.0,0.6194,691.0,0.6235138929088277,clock_entry_long,430.8481,1.000985840301321,888.0
1691259660000.0,312141,1691259660000.0,1.7052486251808918,-0.21494699999999997,431.91407252518115,433.6891239000003,-342.0,0.6285,349.0,0.6235138929088277,clock_close_long,217.60634862518089,0.5038186122367989,108.0
1691318340000.0,313119,1691318340000.0,0.0,-0.11655,431.79752252518114,434.87192390000024,185.0,0.63,534.0,0.6257609524816121,clock_entry_long,334.1563486251809,0.7738727787760614,978.0
1691340360000.0,313486,1691340360000.0,1.2481932988070288,-0.2158842,432.8298316239882,433.5439897000003,-343.0,0.6294,191.0,0.6257609524816121,clock_close_long,119.52034192398791,0.2761370247414432,367.0
1691368500000.0,313955,1691368500000.0,0.0,-0.07584740000000001,432.7539842239882,431.9289897000002,122.0,0.6217,313.0,0.624178089214019,clock_entry_long,195.36774192398792,0.4514522085205528,469.0
1691393220000.0,314367,1691393220000.0,0.0,-0.10745,432.6465342239882,430.05624230000024,175.0,0.614,488.0,0.6205281596803032,clock_entry_long,302.81774192398797,0.6999194907850903,412.0
1691418600000.0,314790,1691418600000.0,0.0,-0.13001520000000003,432.5165190239882,428.89569230000023,213.0,0.6104,701.0,0.6174507017460599,clock_entry_long,432.83294192398796,1.0007315856992325,423.0
1691433240000.0,315034,1691433240000.0,-0.15774561112095742,-0.21595,432.14282341286724,432.26542710000024,-350.0,0.617,351.0,0.6174507017460599,clock_close_long,216.725196312867,0.5015128901164436,244.0
1691485980000.0,315913,1691485980000.0,0.0,-0.11663190000000001,432.02619151286723,432.0737271000002,189.0,0.6171,540.0,0.617327956134939,clock_entry_long,333.35709631286704,0.7716131634184464,879.0
1691498700000.0,316125,1691498700000.0,2.8538551334460744,-0.21583200000000002,434.6642146463133,436.35526320000025,-345.0,0.6256,195.0,0.617327956134939,clock_close_long,120.3789514463131,0.27694700274386647,212.0
1691529300000.0,316635,1691529300000.0,4.557548553686912,-0.1249365,439.09682670000024,439.09682670000024,-195.0,0.6407,0.0,0.0,clock_close_long,0.0,0.0,510.0
1691615400000.0,318070,1691615400000.0,0.0,-0.026522900000000002,439.07030380000026,439.0271267000002,41.0,0.6469,41.0,0.6469,clock_entry_long,26.5229,0.060406954809864286,1435.0
1691623860000.0,318211,1691623860000.0,-0.045099999999999585,-0.026477800000000003,438.99872600000026,438.99872600000026,-41.0,0.6458,0.0,0.0,clock_close_long,0.0,0.0,141.0
1691649900000.0,318645,1691649900000.0,0.0,-0.026476799999999998,438.97224920000025,439.01552600000025,42.0,0.6304,42.0,0.6304,clock_entry_long,26.476799999999997,0.060315430071610054,434.0
1691697060000.0,319431,1691697060000.0,0.2100000000000002,-0.0266868,439.15556240000024,439.15556240000024,-42.0,0.6354,0.0,0.0,clock_close_long,0.0,0.0,786.0
1691767980000.0,320613,1691767980000.0,0.0,-0.026397,439.12916540000026,439.1513624000002,42.0,0.6285,42.0,0.6285,clock_entry_long,26.397,0.060112153962616266,1182.0
1691777940000.0,320779,1691777940000.0,0.1134000000000015,-0.0265104,439.21605500000027,439.21605500000027,-42.0,0.6312,0.0,0.0,clock_close_long,0.0,0.0,166.0
1691868360000.0,322286,1691868360000.0,0.0,-0.026334,439.18972100000025,439.22445500000026,42.0,0.627,42.0,0.627,clock_entry_long,26.334,0.05996041970208129,1507.0
1691878920000.0,322462,1691878920000.0,0.05879999999999819,-0.026392799999999998,439.22212820000027,439.22212820000027,-42.0,0.6284,0.0,0.0,clock_close_long,0.0,0.0,176.0
1691965200000.0,323900,1691965200000.0,0.0,-0.0269481,439.19518010000024,439.2350282000003,43.0,0.6267,43.0,0.6267,clock_entry_long,26.9481,0.06135791379555712,1438.0
1691980320000.0,324152,1691980320000.0,0.03870000000000051,-0.026986800000000002,439.2068933000002,439.2068933000002,-43.0,0.6276,0.0,0.0,clock_close_long,0.0,0.0,252.0
1692036180000.0,325083,1692036180000.0,0.0,-0.026354999999999996,439.1805383000002,439.2152933000002,42.0,0.6275,42.0,0.6275,clock_entry_long,26.354999999999997,0.060009489723784476,931.0
1692053040000.0,325364,1692053040000.0,0.2100000000000002,-0.026565,439.36397330000017,439.36397330000017,-42.0,0.6325,0.0,0.0,clock_close_long,0.0,0.0,281.0
1692108300000.0,326285,1692108300000.0,0.0,-0.026875,439.33709830000015,439.29517330000016,43.0,0.625,43.0,0.625,clock_entry_long,26.875,0.0611717064276882,921.0
1692126480000.0,326588,1692126480000.0,0.0,-0.038001599999999996,439.2990967000002,437.09589830000016,63.0,0.6032,106.0,0.612043396226415,clock_entry_long,64.8766,0.14768207011430437,303.0
1692126660000.0,326591,1692126660000.0,0.0,-0.05357700000000001,439.24551970000016,437.48509670000016,90.0,0.5953,196.0,0.6043551020408164,clock_entry_long,118.45360000000002,0.2696751467855666,3.0
1692160020000.0,327147,1692160020000.0,1.909999999999974,-0.12036359999999999,441.0351561000001,441.0351561000001,-196.0,0.6141,0.0,0.0,clock_close_long,0.0,0.0,556.0
1692166020000.0,327247,1692166020000.0,0.0,-0.0266684,441.0084877000001,441.06155610000013,44.0,0.6061,44.0,0.6061,clock_entry_long,26.6684,0.06047139849639677,100.0
1692188280000.0,327618,1692188280000.0,0.0,-0.037913600000000006,440.9705741000001,440.7296877000001,64.0,0.5924,108.0,0.5979814814814814,clock_entry_long,64.582,0.1464542166601678,371.0
1692217740000.0,328109,1692217740000.0,0.0,-0.053508,440.91706610000006,439.11647410000006,91.0,0.588,199.0,0.5934170854271357,clock_entry_long,118.09,0.2678281451986646,491.0
1692220440000.0,328154,1692220440000.0,0.0,-0.0761112,440.84095490000004,438.46416610000006,132.0,0.5766,331.0,0.5867105740181269,clock_entry_long,194.2012,0.44052440645867946,45.0
1692239220000.0,328467,1692239220000.0,2.5121000000000215,-0.1967133,443.1563416000001,443.1563416000001,-331.0,0.5943,0.0,0.0,clock_close_long,0.0,0.0,313.0
1692280860000.0,329161,1692280860000.0,0.0,-0.026817999999999998,443.1295236000001,443.1563416000001,46.0,0.583,46.0,0.583,clock_entry_long,26.817999999999998,0.0605195514443037,694.0
1692304620000.0,329557,1692304620000.0,0.0,-0.03827710000000001,443.09124650000007,442.6026236000001,67.0,0.5713,113.0,0.5760628318584071,clock_entry_long,65.0951,0.14691127507977073,396.0
1692306900000.0,329595,1692306900000.0,0.0,-0.053904,443.0373425000001,441.5710465000001,96.0,0.5615,209.0,0.5693736842105264,clock_entry_long,118.99910000000001,0.268598351842091,38.0
1692308160000.0,329616,1692308160000.0,0.0,-0.0765762,442.9607663000001,439.42244250000005,138.0,0.5549,347.0,0.5636175792507205,clock_entry_long,195.57530000000003,0.4415183349839712,21.0
1692308460000.0,329621,1692308460000.0,0.0,-0.10852380000000002,442.8522425000001,426.0766663000001,198.0,0.5481,545.0,0.55798,clock_entry_long,304.0991,0.6866829854655189,5.0
1692308640000.0,329624,1692308640000.0,0.0,-0.13874879999999998,442.71349370000013,359.31714250000016,291.0,0.4768,836.0,0.5297223684210526,clock_entry_long,442.8479,1.0003035965741105,3.0
1692393720000.0,331042,1692393720000.0,-9.014230263157868,-0.221415,433.47784843684224,425.68947870000017,-435.0,0.509,401.0,0.5297223684210526,clock_close_long,212.41866973684208,0.4900335057554654,1418.0
1692414900000.0,331395,1692414900000.0,0.0,-0.11479799999999998,433.36305043684223,422.96267870000014,228.0,0.5035,629.0,0.520217280980671,clock_entry_long,327.21666973684205,0.7550636110000573,353.0
1692428580000.0,331623,1692428580000.0,0.0,-0.1062756,433.2567748368422,421.80048070000015,212.0,0.5013,841.0,0.5154485965955317,clock_entry_long,433.4922697368421,1.000543545799344,228.0
1692460200000.0,332150,1692460200000.0,2.926332412854346,-0.2168375,435.96626974969655,438.11816760000005,-415.0,0.5225,426.0,0.5154485965955317,clock_close_long,219.58110214969648,0.5036653461190144,527.0
1692517920000.0,333112,1692517920000.0,4.6166810094498745,-0.2180124,440.36493835914644,440.5179552000001,-414.0,0.5266,12.0,0.5154485965955317,clock_close_long,6.1853831591463795,0.014046039137888391,962.0
1692526020000.0,333247,1692526020000.0,0.3486168408536199,-0.006534,440.70702120000004,440.70702120000004,-12.0,0.5445,0.0,0.0,clock_close_long,0.0,0.0,135.0
1692580440000.0,334154,1692580440000.0,0.0,-0.02672,440.68030120000003,440.7320212,50.0,0.5344,50.0,0.5344,clock_entry_long,26.72,0.06063352486426048,907.0
1692600840000.0,334494,1692600840000.0,0.0,-0.0377568,440.6425444,440.1681012,72.0,0.5244,122.0,0.5284983606557376,clock_entry_long,64.4768,0.14632450002710176,340.0
1692626280000.0,334918,1692626280000.0,-0.14619999999999211,-0.0643306,440.43201380000005,440.43201380000005,-122.0,0.5273,0.0,0.0,clock_close_long,0.0,0.0,424.0
1692630360000.0,334986,1692630360000.0,0.0,-0.026734200000000003,440.40527960000003,440.4575138000001,51.0,0.5242,51.0,0.5242,clock_entry_long,26.7342,0.06070363194619613,68.0
1692631740000.0,335009,1692631740000.0,0.0,-0.0379575,440.3673221,439.8475796,75.0,0.5061,126.0,0.5134261904761905,clock_entry_long,64.69170000000001,0.1469039521177496,23.0
1692700380000.0,336153,1692700380000.0,0.0,-0.0536536,440.3136685,440.6790221,104.0,0.5159,230.0,0.5145447826086957,clock_entry_long,118.34530000000002,0.2687749858031037,1144.0
1692706680000.0,336258,1692706680000.0,1.1166999999999738,-0.11946199999999998,441.3109065,441.3109065,-230.0,0.5194,0.0,0.0,clock_close_long,0.0,0.0,105.0
1692711420000.0,336337,1692711420000.0,0.0,-0.0268268,441.2840797,441.38890649999996,52.0,0.5159,52.0,0.5159,clock_entry_long,26.826800000000002,0.06079258517152438,79.0
1692726000000.0,336580,1692726000000.0,0.0,-0.03783,441.2462497,440.86387970000004,75.0,0.5044,127.0,0.5091086614173228,clock_entry_long,64.65679999999999,0.14653223691750278,243.0
1692755340000.0,337069,1692755340000.0,1.5991000000000104,-0.0662559,442.77909380000006,442.77909380000006,-127.0,0.5217,0.0,0.0,clock_close_long,0.0,0.0,489.0
1692795120000.0,337732,1692795120000.0,0.0,-0.026832,442.75226180000004,442.80509380000007,52.0,0.516,52.0,0.516,clock_entry_long,26.832,0.06060273953410213,663.0
1692807660000.0,337941,1692807660000.0,0.6083999999999965,-0.027440399999999997,443.3332214,443.3332214,-52.0,0.5277,0.0,0.0,clock_close_long,0.0,0.0,209.0
1692868620000.0,338957,1692868620000.0,0.0,-0.026759700000000004,443.3064617,443.3332214,51.0,0.5247,51.0,0.5247,clock_entry_long,26.759700000000002,0.06036388438233316,1016.0
1692888240000.0,339284,1692888240000.0,0.0,-0.0381248,443.2683369,442.7969617,74.0,0.5152,125.0,0.519076,clock_entry_long,64.8845,0.14637747521911937,327.0
1692920880000.0,339828,1692920880000.0,0.015500000000001624,-0.06490000000000001,443.2189369,443.2189369,-125.0,0.5192,0.0,0.0,clock_close_long,0.0,0.0,544.0
1692933960000.0,340046,1692933960000.0,0.0,-0.026857999999999996,443.1920789,443.1721369,52.0,0.5165,52.0,0.5165,clock_entry_long,26.857999999999997,0.06060126360259278,218.0
1692987600000.0,340940,1692987600000.0,0.35360000000000147,-0.027211600000000002,443.5184673,443.5184673,-52.0,0.5233,0.0,0.0,clock_close_long,0.0,0.0,894.0
1693093440000.0,342704,1693093440000.0,0.0,-0.027138800000000005,443.4913285,443.5392673,52.0,0.5219,52.0,0.5219,clock_entry_long,27.138800000000003,0.06119353019097419,1764.0
1693093980000.0,342713,1693093980000.0,0.07799999999999718,-0.0272168,443.5421117,443.5421117,-52.0,0.5234,0.0,0.0,clock_close_long,0.0,0.0,9.0
1693158480000.0,343788,1693158480000.0,0.0,-0.0267495,443.5153622,443.5727117,51.0,0.5245,51.0,0.5245,clock_entry_long,26.749499999999998,0.06031245426835408,1075.0
1693200720000.0,344492,1693200720000.0,0.0,-0.037850499999999995,443.47751170000004,442.9861622,73.0,0.5185,124.0,0.5209677419354839,clock_entry_long,64.60000000000001,0.1456669127423536,704.0
1693224600000.0,344890,1693224600000.0,-0.3184000000000067,-0.0642816,443.0948301,443.0948301,-124.0,0.5184,0.0,0.0,clock_close_long,0.0,0.0,398.0
1693304160000.0,346216,1693304160000.0,0.0,-0.026728000000000002,443.06810210000003,443.11563010000003,52.0,0.514,52.0,0.514,clock_entry_long,26.728,0.06032481208490951,1326.0
1693316520000.0,346422,1693316520000.0,0.1871999999999967,-0.0269152,443.22838690000003,443.22838690000003,-52.0,0.5176,0.0,0.0,clock_close_long,0.0,0.0,206.0
1693402620000.0,347857,1693402620000.0,0.0,-0.0269484,443.20143850000005,443.2232869,51.0,0.5284,51.0,0.5284,clock_entry_long,26.9484,0.06080395427236412,1435.0
1693424640000.0,348224,1693424640000.0,-0.02549999999999719,-0.026922900000000003,443.14901560000004,443.14901560000004,-51.0,0.5279,0.0,0.0,clock_close_long,0.0,0.0,367.0
1693483320000.0,349202,1693483320000.0,0.0,-0.026724,443.12229160000004,443.1439156,51.0,0.524,51.0,0.524,clock_entry_long,26.724,0.06030840809995486,978.0
1693500660000.0,349491,1693500660000.0,0.0,-0.038036,443.08425560000006,442.56229160000004,74.0,0.514,125.0,0.51808,clock_entry_long,64.76,0.14615730345079767,289.0
1693501260000.0,349501,1693501260000.0,0.0,-0.054042200000000006,443.03021340000004,442.14785560000007,109.0,0.4958,234.0,0.5077017094017093,clock_entry_long,118.80219999999998,0.26815823482615775,10.0
1693554060000.0,350381,1693554060000.0,0.0,-0.07641040000000002,442.95380300000005,442.05281340000005,152.0,0.5027,386.0,0.5057321243523316,clock_entry_long,195.2126,0.44070645443809403,880.0
1693586580000.0,350923,1693586580000.0,0.0,-0.1082179,442.84558510000005,439.93790300000006,217.0,0.4987,603.0,0.5032014925373134,clock_entry_long,303.4305,0.6851835271914963,542.0
1693594620000.0,351057,1693594620000.0,0.0,-0.139586,442.70599910000004,434.8138851000001,284.0,0.4915,887.0,0.49945490417136407,clock_entry_long,443.01649999999995,1.000701370436884,134.0
1693632300000.0,351685,1693632300000.0,-0.3795774520856512,-0.2213784,442.1050432479144,441.72632070000014,-444.0,0.4986,443.0,0.49945490417136407,clock_close_long,221.25852254791428,0.5004659547026283,628.0
1693678140000.0,352449,1693678140000.0,0.0,-0.118872,441.9861712479144,440.5376207000001,240.0,0.4953,683.0,0.4979949085621,clock_entry_long,340.13052254791427,0.769550145850902,764.0
1693711980000.0,353013,1693711980000.0,0.6652504155518035,-0.220779,442.4306426634662,442.81746970000006,-442.0,0.4995,241.0,0.4979949085621,clock_close_long,120.0167729634661,0.27126686397885097,564.0
1693773000000.0,354030,1693773000000.0,1.9292270365339033,-0.121946,444.23792370000007,444.23792370000007,-241.0,0.506,0.0,0.0,clock_close_long,0.0,0.0,1017.0
1693812300000.0,354685,1693812300000.0,0.0,-0.0271728,444.21075090000005,444.26492370000005,54.0,0.5032,54.0,0.5032,clock_entry_long,27.1728,0.06117096433381256,655.0
1693848960000.0,355296,1693848960000.0,0.18360000000000376,-0.027356400000000006,444.36699450000003,444.36699450000003,-54.0,0.5066,0.0,0.0,clock_close_long,0.0,0.0,611.0
1693864620000.0,355557,1693864620000.0,0.0,-0.027205200000000002,444.3397893,444.40479450000004,54.0,0.5038,54.0,0.5038,clock_entry_long,27.2052,0.06122611716330487,261.0
1693922520000.0,356522,1693922520000.0,0.0,-0.0384923,444.30129700000003,444.0898893,77.0,0.4999,131.0,0.5015076335877863,clock_entry_long,65.6975,0.1478670002622117,965.0
1693926840000.0,356594,1693926840000.0,0.31340000000000023,-0.06601090000000001,444.54868610000005,444.54868610000005,-131.0,0.5039,0.0,0.0,clock_close_long,0.0,0.0,72.0
1694009040000.0,357964,1694009040000.0,0.0,-0.026994600000000004,444.52169150000003,444.50548610000004,54.0,0.4999,54.0,0.4999,clock_entry_long,26.994600000000002,0.06072729523931455,1370.0
1694022840000.0,358194,1694022840000.0,0.016199999999998216,-0.0270108,444.51088070000003,444.51088070000003,-54.0,0.5002,0.0,0.0,clock_close_long,0.0,0.0,230.0
1694025360000.0,358236,1694025360000.0,0.0,-0.0268704,444.4840103,444.5054807,54.0,0.4976,54.0,0.4976,clock_entry_long,26.8704,0.060453018280374346,42.0
1694100960000.0,359496,1694100960000.0,0.1188000000000019,-0.0269892,444.57582110000004,444.57582110000004,-54.0,0.4998,0.0,0.0,clock_close_long,0.0,0.0,1260.0
1694167200000.0,360600,1694167200000.0,0.0,-0.0269838,444.54883730000006,444.5974211,54.0,0.4997,54.0,0.4997,clock_entry_long,26.9838,0.060699292711883096,1104.0
1694180100000.0,360815,1694180100000.0,0.09719999999999829,-0.027080999999999997,444.61895630000004,444.61895630000004,-54.0,0.5015,0.0,0.0,clock_close_long,0.0,0.0,215.0
1694305200000.0,362900,1694305200000.0,0.0,-0.0270756,444.59188070000005,444.6081563,54.0,0.5014,54.0,0.5014,clock_entry_long,27.075599999999998,0.060899897581058085,2085.0
1694356500000.0,363755,1694356500000.0,0.0,-0.0382767,444.55360400000006,444.34658070000006,77.0,0.4971,131.0,0.49887251908396946,clock_entry_long,65.3523,0.14700656886362795,855.0
1694375820000.0,364077,1694375820000.0,-0.10120000000000051,-0.06525109999999999,444.38715290000005,444.38715290000005,-131.0,0.4981,0.0,0.0,clock_close_long,0.0,0.0,322.0
1694392740000.0,364359,1694392740000.0,0.0,-0.027186500000000002,444.3599664,444.4146529,55.0,0.4943,55.0,0.4943,clock_entry_long,27.186500000000002,0.061181254063574886,282.0
1694416740000.0,364759,1694416740000.0,0.0,-0.0383545,444.3216119,443.3131664,79.0,0.4855,134.0,0.48911194029850746,clock_entry_long,65.541,0.14750801726644527,400.0
1694424300000.0,364885,1694424300000.0,0.0,-0.054492,444.2671199,443.4278119,114.0,0.478,248.0,0.4840040322580645,clock_entry_long,120.03299999999999,0.2701820472940203,126.0
1694427660000.0,364941,1694427660000.0,0.0,-0.07693599999999999,444.1901839,438.7830199,163.0,0.472,411.0,0.47924330900243306,clock_entry_long,196.969,0.443433932444449,56.0
1694445420000.0,365237,1694445420000.0,0.0,-0.1090864,444.0810975,440.21618390000003,232.0,0.4702,643.0,0.4759804043545879,clock_entry_long,306.0554,0.6891880823637174,296.0
1694461080000.0,365498,1694461080000.0,0.0,-0.1380248,443.9430727,437.6687974999999,296.0,0.4663,939.0,0.4729288604898829,clock_entry_long,444.08020000000005,1.000308884873833,261.0
1694488380000.0,365953,1694488380000.0,1.0139221512246874,-0.2218717,444.7351231512247,446.09030099999995,-467.0,0.4751,472.0,0.4729288604898829,clock_close_long,223.22242215122475,0.5019221791378994,455.0
1694536500000.0,366755,1694536500000.0,5.574381895633612,-0.22217579999999998,450.0873292468583,450.25352519999996,-458.0,0.4851,14.0,0.4729288604898829,clock_close_long,6.621004046858361,0.014710487535691001,802.0
1694585280000.0,367568,1694585280000.0,0.0,-0.0299187,450.0574105468583,450.13032519999996,63.0,0.4749,77.0,0.47454161099816056,clock_entry_long,36.53970404685836,0.0811889843174885,813.0
1694590740000.0,367659,1694590740000.0,0.8437959531416361,-0.0373835,450.86382299999997,450.86382299999997,-77.0,0.4855,0.0,0.0,clock_close_long,0.0,0.0,91.0
1694590980000.0,367663,1694590980000.0,0.0,-0.027137700000000004,450.83668529999994,450.80112299999996,57.0,0.4761,57.0,0.4761,clock_entry_long,27.137700000000002,0.060194081104872336,4.0
1694652420000.0,368687,1694652420000.0,0.43319999999999975,-0.027570900000000002,451.24231439999994,451.24231439999994,-57.0,0.4837,0.0,0.0,clock_close_long,0.0,0.0,1024.0
1694781480000.0,370838,1694781480000.0,0.0,-0.027552,451.2147623999999,451.24231439999994,56.0,0.492,56.0,0.492,clock_entry_long,27.552,0.0610618319610192,2151.0
1694782920000.0,370862,1694782920000.0,0.06159999999999943,-0.0276136,451.24874879999993,451.24874879999993,-56.0,0.4931,0.0,0.0,clock_close_long,0.0,0.0,24.0
1694788260000.0,370951,1694788260000.0,0.0,-0.0274848,451.2212639999999,451.2431487999999,56.0,0.4908,56.0,0.4908,clock_entry_long,27.4848,0.060912022975938486,89.0
1694832360000.0,371686,1694832360000.0,0.6664000000000012,-0.028151200000000005,451.8595127999999,451.8595127999999,-56.0,0.5027,0.0,0.0,clock_close_long,0.0,0.0,735.0
1694876400000.0,372420,1694876400000.0,0.0,-0.0273625,451.8321502999999,451.8705127999999,55.0,0.4975,55.0,0.4975,clock_entry_long,27.3625,0.06055899293981694,734.0
1694939580000.0,373473,1694939580000.0,-0.049500000000000655,-0.027313,451.7553372999999,451.7553372999999,-55.0,0.4966,0.0,0.0,clock_close_long,0.0,0.0,1053.0
1694983200000.0,374200,1694983200000.0,0.0,-0.027203,451.7281342999999,451.7663372999999,55.0,0.4946,55.0,0.4946,clock_entry_long,27.203,0.060219848918982875,727.0
1695014700000.0,374725,1695014700000.0,0.176000000000002,-0.027379,451.8767552999999,451.8767552999999,-55.0,0.4978,0.0,0.0,clock_close_long,0.0,0.0,525.0
1695203220000.0,377867,1695203220000.0,0.0,-0.027173100000000002,451.8495821999999,451.9032552999999,53.0,0.5127,53.0,0.5127,clock_entry_long,27.1731,0.06013749059520544,3142.0
1695203640000.0,377874,1695203640000.0,0.06359999999999888,-0.027236700000000003,451.8859454999999,451.8859454999999,-53.0,0.5139,0.0,0.0,clock_close_long,0.0,0.0,7.0
1695205860000.0,377911,1695205860000.0,0.0,-0.027604800000000002,451.85834069999987,451.7455454999999,54.0,0.5112,54.0,0.5112,clock_entry_long,27.6048,0.061091712852386015,37.0
1695268500000.0,378955,1695268500000.0,0.37260000000000093,-0.0279774,452.20296329999985,452.20296329999985,-54.0,0.5181,0.0,0.0,clock_close_long,0.0,0.0,1044.0
1695272880000.0,379028,1695272880000.0,0.0,-0.027284400000000004,452.17567889999987,452.21886329999984,53.0,0.5148,53.0,0.5148,clock_entry_long,27.2844,0.060340264355602455,73.0
1695293340000.0,379369,1695293340000.0,0.0,-0.038854200000000005,452.13682469999986,451.58307889999986,77.0,0.5046,130.0,0.5087584615384616,clock_entry_long,66.13860000000001,0.14628005591865703,341.0
1695342360000.0,380186,1695342360000.0,0.0,-0.0550341,452.08179059999986,451.5874246999999,109.0,0.5049,239.0,0.5069987447698745,clock_entry_long,121.1727,0.2680326934627923,817.0
1695345540000.0,380239,1695345540000.0,0.5977999999999836,-0.12177049999999999,452.55782009999984,452.55782009999984,-239.0,0.5095,0.0,0.0,clock_close_long,0.0,0.0,53.0
1695475740000.0,382409,1695475740000.0,0.0,-0.027453599999999998,452.53036649999984,452.57402009999987,54.0,0.5084,54.0,0.5084,clock_entry_long,27.453599999999998,0.060666867976914,2170.0
1695488340000.0,382619,1695488340000.0,0.1080000000000001,-0.0275616,452.61080489999983,452.61080489999983,-54.0,0.5104,0.0,0.0,clock_close_long,0.0,0.0,210.0
1695510060000.0,382981,1695510060000.0,0.0,-0.0273294,452.58347549999985,452.6000048999998,54.0,0.5061,54.0,0.5061,clock_entry_long,27.3294,0.060385324430608844,362.0
1695559560000.0,383806,1695559560000.0,0.253800000000002,-0.027583200000000002,452.8096922999998,452.8096922999998,-54.0,0.5108,0.0,0.0,clock_close_long,0.0,0.0,825.0
1695579660000.0,384141,1695579660000.0,0.0,-0.027421200000000003,452.78227109999983,452.7340922999998,54.0,0.5078,54.0,0.5078,clock_entry_long,27.421200000000002,0.0605615585022406,335.0
1695601380000.0,384503,1695601380000.0,0.0,-0.0387036,452.7435674999998,452.5782710999998,78.0,0.4962,132.0,0.5009454545454546,clock_entry_long,66.12480000000001,0.146053538353143,362.0
1695627000000.0,384930,1695627000000.0,0.0,-0.0551936,452.6883738999998,451.3267674999998,112.0,0.4928,244.0,0.4972065573770492,clock_entry_long,121.31840000000001,0.2679953959383097,427.0
1695655260000.0,385401,1695655260000.0,0.31559999999999033,-0.121634,452.8823398999998,452.8823398999998,-244.0,0.4985,0.0,0.0,clock_close_long,0.0,0.0,471.0
1695763260000.0,387201,1695763260000.0,0.0,-0.027489000000000003,452.8548508999998,452.7723398999998,55.0,0.4998,55.0,0.4998,clock_entry_long,27.489,0.06070156904661306,1800.0
1695766860000.0,387261,1695766860000.0,0.09900000000000131,-0.027588,452.9262628999998,452.9262628999998,-55.0,0.5016,0.0,0.0,clock_close_long,0.0,0.0,60.0
1695793560000.0,387706,1695793560000.0,0.0,-0.027434,452.8988288999998,452.9427628999998,55.0,0.4988,55.0,0.4988,clock_entry_long,27.434,0.06057423479462659,445.0
1695839460000.0,388471,1695839460000.0,0.2254999999999996,-0.027659500000000004,453.09666939999977,453.09666939999977,-55.0,0.5029,0.0,0.0,clock_close_long,0.0,0.0,765.0
1695848880000.0,388628,1695848880000.0,0.0,-0.0275495,453.06911989999975,453.08016939999976,55.0,0.5009,55.0,0.5009,clock_entry_long,27.549500000000002,0.06080639529368202,157.0
1695912480000.0,389688,1695912480000.0,0.2200000000000002,-0.027769500000000003,453.26135039999974,453.26135039999974,-55.0,0.5049,0.0,0.0,clock_close_long,0.0,0.0,1060.0
1696023960000.0,391546,1696023960000.0,0.0,-0.027671300000000003,453.23367909999973,453.4627503999997,53.0,0.5221,53.0,0.5221,clock_entry_long,27.671300000000002,0.06105305337182304,1858.0
1696069260000.0,392301,1696069260000.0,-0.2172999999999996,-0.027454000000000003,452.98892509999973,452.98892509999973,-53.0,0.518,0.0,0.0,clock_close_long,0.0,0.0,755.0
1696093380000.0,392703,1696093380000.0,0.0,-0.0273268,452.9615982999997,452.99952509999974,53.0,0.5156,53.0,0.5156,clock_entry_long,27.3268,0.060329176032934397,402.0
1696147020000.0,393597,1696147020000.0,0.12190000000000423,-0.027448700000000003,453.0560495999997,453.0560495999997,-53.0,0.5179,0.0,0.0,clock_close_long,0.0,0.0,894.0
1696261740000.0,395509,1696261740000.0,0.0,-0.0275547,453.0284948999997,452.9871495999997,53.0,0.5199,53.0,0.5199,clock_entry_long,27.5547,0.0608233263695308,1912.0
1696268100000.0,395615,1696268100000.0,0.02649999999999708,-0.0275812,453.0274136999997,453.0274136999997,-53.0,0.5204,0.0,0.0,clock_close_long,0.0,0.0,106.0
1696271940000.0,395679,1696271940000.0,0.0,-0.0275388,452.9998748999997,452.4126136999997,53.0,0.5196,53.0,0.5196,clock_entry_long,27.5388,0.06079206976840606,64.0
1696309080000.0,396298,1696309080000.0,0.0,-0.038874,452.9610008999997,452.4931748999997,76.0,0.5115,129.0,0.5148279069767442,clock_entry_long,66.4128,0.14661924507417357,619.0
1696348500000.0,396955,1696348500000.0,0.0,-0.05519759999999999,452.9058032999997,452.1118008999997,109.0,0.5064,238.0,0.5109680672268907,clock_entry_long,121.61039999999998,0.2685114633416314,657.0
1696352940000.0,397029,1696352940000.0,-0.15899999999999204,-0.1214514,452.6253518999997,452.6253518999997,-238.0,0.5103,0.0,0.0,clock_close_long,0.0,0.0,74.0
1696372560000.0,397356,1696372560000.0,0.0,-0.027572400000000004,452.5977794999997,452.5983518999997,54.0,0.5106,54.0,0.5106,clock_entry_long,27.572400000000002,0.06092031655670113,327.0
1696374060000.0,397381,1696374060000.0,1.214999999999998,-0.0287874,453.7839920999997,453.7839920999997,-54.0,0.5331,0.0,0.0,clock_close_long,0.0,0.0,25.0
1696448340000.0,398619,1696448340000.0,0.0,-0.027497600000000004,453.7564944999997,453.7787920999997,52.0,0.5288,52.0,0.5288,clock_entry_long,27.497600000000002,0.06059990398660844,1238.0
1696452480000.0,398688,1696452480000.0,0.10919999999999952,-0.027606800000000004,453.8380876999997,453.8380876999997,-52.0,0.5309,0.0,0.0,clock_close_long,0.0,0.0,69.0
1696482120000.0,399182,1696482120000.0,0.0,-0.0274196,453.8106680999997,453.8276876999997,52.0,0.5273,52.0,0.5273,clock_entry_long,27.4196,0.06042079203382222,494.0
1696519920000.0,399812,1696519920000.0,0.0,-0.03909,453.7715780999997,453.5061680999997,75.0,0.5212,127.0,0.5236976377952756,clock_entry_long,66.50959999999999,0.14657066068016927,630.0
1696531680000.0,400008,1696531680000.0,0.22889999999999955,-0.0667385,453.93373959999974,453.93373959999974,-127.0,0.5255,0.0,0.0,clock_close_long,0.0,0.0,196.0
1696532160000.0,400016,1696532160000.0,0.0,-0.0276872,453.90605239999974,453.91783959999975,53.0,0.5224,53.0,0.5224,clock_entry_long,27.687199999999997,0.06099764445441004,8.0
1696595460000.0,401071,1696595460000.0,0.0,-0.03897,453.86708239999973,453.88565239999974,75.0,0.5196,128.0,0.5207593749999999,clock_entry_long,66.65719999999999,0.146865024111297,1055.0
1696606920000.0,401262,1696606920000.0,0.4276000000000124,-0.0670848,454.22759759999974,454.22759759999974,-128.0,0.5241,0.0,0.0,clock_close_long,0.0,0.0,191.0
1696704420000.0,402887,1696704420000.0,0.0,-0.0275653,454.20003229999975,454.25409759999974,53.0,0.5201,53.0,0.5201,clock_entry_long,27.5653,0.06068977992012357,1625.0
1696714320000.0,403052,1696714320000.0,0.07949999999999713,-0.027644799999999997,454.2518874999997,454.2518874999997,-53.0,0.5216,0.0,0.0,clock_close_long,0.0,0.0,165.0
1696780080000.0,404148,1696780080000.0,0.0,-0.0274222,454.22446529999974,454.2412874999997,53.0,0.5174,53.0,0.5174,clock_entry_long,27.4222,0.060371472905777046,1096.0
1696798980000.0,404463,1696798980000.0,0.07950000000000301,-0.027501700000000004,454.2764635999997,454.2764635999997,-53.0,0.5189,0.0,0.0,clock_close_long,0.0,0.0,315.0
1696811160000.0,404666,1696811160000.0,0.0,-0.0278154,454.2486481999997,454.2440635999997,54.0,0.5151,54.0,0.5151,clock_entry_long,27.8154,0.06123386411873975,203.0
1696842060000.0,405181,1696842060000.0,0.0,-0.039069799999999995,454.2095783999997,453.85904819999973,77.0,0.5074,131.0,0.5105740458015267,clock_entry_long,66.8852,0.14725625169687095,515.0
1696845000000.0,405230,1696845000000.0,0.0,-0.055552000000000004,454.15402639999974,452.49477839999975,112.0,0.496,243.0,0.5038567901234567,clock_entry_long,122.43719999999999,0.2695939986936557,49.0
1696869720000.0,405642,1696869720000.0,0.0,-0.0783206,454.07570579999975,452.41252639999976,158.0,0.4957,401.0,0.5006428927680797,clock_entry_long,200.75779999999997,0.4421240719018447,412.0
1696887720000.0,405942,1696887720000.0,1.426400000000026,-0.2021842,455.2999215999998,455.2999215999998,-401.0,0.5042,0.0,0.0,clock_close_long,0.0,0.0,300.0
1696914180000.0,406383,1696914180000.0,0.0,-0.0278264,455.2720951999998,455.2887215999998,56.0,0.4969,56.0,0.4969,clock_entry_long,27.8264,0.06112037239571193,441.0
1696966320000.0,407252,1696966320000.0,0.10640000000000072,-0.0279328,455.3505623999998,455.3505623999998,-56.0,0.4988,0.0,0.0,clock_close_long,0.0,0.0,869.0
1696970760000.0,407326,1696970760000.0,0.0,-0.0277592,455.3228031999998,455.3729623999998,56.0,0.4957,56.0,0.4957,clock_entry_long,27.7592,0.060965977993873544,74.0
1696991700000.0,407675,1696991700000.0,0.0,-0.038952,455.2838511999998,455.42840319999976,80.0,0.4869,136.0,0.4905235294117647,clock_entry_long,66.71119999999999,0.14652661152854002,349.0
1697037420000.0,408437,1697037420000.0,0.0,-0.0553356,455.2285155999998,454.6370511999998,114.0,0.4854,250.0,0.4881872,clock_entry_long,122.04679999999999,0.268100076813378,762.0
1697061480000.0,408838,1697061480000.0,-0.34679999999999434,-0.1217,454.7600155999998,454.7600155999998,-250.0,0.4868,0.0,0.0,clock_close_long,0.0,0.0,401.0
1697086500000.0,409255,1697086500000.0,0.0,-0.0276051,454.7324104999998,454.7372155999998,57.0,0.4843,57.0,0.4843,clock_entry_long,27.6051,0.06070625133063836,417.0
1697102940000.0,409529,1697102940000.0,0.0,-0.0389008,454.69350969999977,454.29321049999976,82.0,0.4744,139.0,0.47845971223021583,clock_entry_long,66.5059,0.14626533825802712,274.0
1697134920000.0,410062,1697134920000.0,0.5199000000000024,-0.06702580000000001,455.14638389999976,455.14638389999976,-139.0,0.4822,0.0,0.0,clock_close_long,0.0,0.0,533.0
1697172360000.0,410686,1697172360000.0,0.0,-0.027428400000000002,455.11895549999974,455.1349838999998,57.0,0.4812,57.0,0.4812,clock_entry_long,27.4284,0.060266441703942644,624.0
1697215440000.0,411404,1697215440000.0,0.0683999999999988,-0.027496800000000002,455.15985869999975,455.15985869999975,-57.0,0.4824,0.0,0.0,clock_close_long,0.0,0.0,718.0
1697430960000.0,414996,1697430960000.0,0.0,-0.027679199999999998,455.1321794999997,455.1427586999998,57.0,0.4856,57.0,0.4856,clock_entry_long,27.679199999999998,0.06081573935380242,3592.0
1697432040000.0,415014,1697432040000.0,0.05700000000000005,-0.0277362,455.16144329999975,455.16144329999975,-57.0,0.4866,0.0,0.0,clock_close_long,0.0,0.0,18.0
1697518560000.0,416456,1697518560000.0,0.0,-0.027462399999999998,455.13398089999976,455.1110432999997,56.0,0.4904,56.0,0.4904,clock_entry_long,27.4624,0.06033915539704325,1442.0
1697532540000.0,416689,1697532540000.0,0.10640000000000072,-0.0275688,455.2128120999998,455.2128120999998,-56.0,0.4923,0.0,0.0,clock_close_long,0.0,0.0,233.0
1697539080000.0,416798,1697539080000.0,0.0,-0.027804600000000002,455.18500749999976,455.22421209999976,57.0,0.4878,57.0,0.4878,clock_entry_long,27.8046,0.06108417355991237,109.0
1697606160000.0,417916,1697606160000.0,0.20519999999999955,-0.028009799999999998,455.36219769999974,455.36219769999974,-57.0,0.4914,0.0,0.0,clock_close_long,0.0,0.0,1118.0
1697616540000.0,418089,1697616540000.0,0.0,-0.027804600000000002,455.3343930999997,455.35649769999975,57.0,0.4878,57.0,0.4878,clock_entry_long,27.8046,0.06106413313235841,173.0
1697679360000.0,419136,1697679360000.0,0.0,-0.0393741,455.29501899999974,455.2650930999997,81.0,0.4861,138.0,0.4868021739130435,clock_entry_long,67.1787,0.14754982417235724,1047.0
1697719800000.0,419810,1697719800000.0,-0.5247000000000022,-0.06665399999999999,454.7036649999997,454.7036649999997,-138.0,0.483,0.0,0.0,clock_close_long,0.0,0.0,674.0
1697846160000.0,421916,1697846160000.0,0.0,-0.027788399999999998,454.6758765999997,454.7252649999997,54.0,0.5146,54.0,0.5146,clock_entry_long,27.788399999999996,0.06111694380576692,2106.0
1697865120000.0,422232,1697865120000.0,0.0,-0.027788399999999998,454.6480881999997,454.6480881999997,-54.0,0.5146,0.0,0.0,clock_close_long,0.0,0.0,316.0
1697942220000.0,423517,1697942220000.0,0.0,-0.027475199999999998,454.62061299999965,454.6215881999997,53.0,0.5184,53.0,0.5184,clock_entry_long,27.475199999999997,0.06043544708343442,1285.0
1697946120000.0,423582,1697946120000.0,0.05829999999999946,-0.027533499999999995,454.6513794999997,454.6513794999997,-53.0,0.5195,0.0,0.0,clock_close_long,0.0,0.0,65.0
1697959980000.0,423813,1697959980000.0,0.0,-0.0274805,454.62389899999965,454.6619794999997,53.0,0.5185,53.0,0.5185,clock_entry_long,27.4805,0.06044666824697665,231.0
1698017820000.0,424777,1698017820000.0,0.23850000000000315,-0.027719,454.83467999999965,454.83467999999965,-53.0,0.523,0.0,0.0,clock_close_long,0.0,0.0,964.0
1698132540000.0,426689,1698132540000.0,0.0,-0.027478799999999998,454.80720119999967,454.77347999999967,51.0,0.5388,51.0,0.5388,clock_entry_long,27.478799999999996,0.060418568412060614,1912.0
1698134160000.0,426716,1698134160000.0,0.04080000000000117,-0.027519599999999998,454.82048159999965,454.82048159999965,-51.0,0.5396,0.0,0.0,clock_close_long,0.0,0.0,27.0
1698161400000.0,427170,1698161400000.0,0.0,-0.027534999999999997,454.79294659999965,454.93048159999967,50.0,0.5507,50.0,0.5507,clock_entry_long,27.534999999999997,0.0605440348313441,454.0
1698187260000.0,427601,1698187260000.0,0.6000000000000005,-0.028135,455.36481159999965,455.36481159999965,-50.0,0.5627,0.0,0.0,clock_close_long,0.0,0.0,431.0
1698194100000.0,427715,1698194100000.0,0.0,-0.027615000000000004,455.33719659999963,455.35981159999966,50.0,0.5523,50.0,0.5523,clock_entry_long,27.615000000000002,0.06064736245182923,114.0
1698219960000.0,428146,1698219960000.0,0.0,-0.0391176,455.29807899999963,454.58219659999963,72.0,0.5433,122.0,0.546988524590164,clock_entry_long,66.7326,0.14656903483223363,431.0
1698245700000.0,428575,1698245700000.0,1.2091999999999854,-0.0679418,456.4393371999996,456.4393371999996,-122.0,0.5569,0.0,0.0,clock_close_long,0.0,0.0,429.0
1698252060000.0,428681,1698252060000.0,0.0,-0.027589999999999996,456.41174719999964,456.3943371999996,50.0,0.5518,50.0,0.5518,clock_entry_long,27.589999999999996,0.060449802550568574,106.0
1698310080000.0,429648,1698310080000.0,0.42500000000000315,-0.028015,456.80873219999967,456.80873219999967,-50.0,0.5603,0.0,0.0,clock_close_long,0.0,0.0,967.0
1698320400000.0,429820,1698320400000.0,0.0,-0.027715,456.78101719999967,456.81873219999966,50.0,0.5543,50.0,0.5543,clock_entry_long,27.715,0.060674587945639395,172.0
1698371400000.0,430670,1698371400000.0,0.0,-0.0391494,456.7418677999997,456.59971719999965,71.0,0.5514,121.0,0.552598347107438,clock_entry_long,66.8644,0.1463942868256582,850.0
1698395820000.0,431077,1698395820000.0,-0.2297000000000078,-0.06663469999999999,456.4455330999997,456.4455330999997,-121.0,0.5507,0.0,0.0,clock_close_long,0.0,0.0,407.0
1698417060000.0,431431,1698417060000.0,0.0,-0.027425,456.4181080999997,456.4455330999997,50.0,0.5485,50.0,0.5485,clock_entry_long,27.425,0.06008744945323526,354.0
1698480120000.0,432482,1698480120000.0,-0.16999999999999793,-0.027255,456.2208530999997,456.2208530999997,-50.0,0.5451,0.0,0.0,clock_close_long,0.0,0.0,1051.0
1698497340000.0,432769,1698497340000.0,0.0,-0.0277593,456.1930937999997,456.2514530999997,51.0,0.5443,51.0,0.5443,clock_entry_long,27.7593,0.060849890928357624,287.0
1698560280000.0,433818,1698560280000.0,0.07649999999999724,-0.0278358,456.2417579999997,456.2417579999997,-51.0,0.5458,0.0,0.0,clock_close_long,0.0,0.0,1049.0
1698631200000.0,435000,1698631200000.0,0.0,-0.027635,456.21412299999974,456.22175799999974,50.0,0.5527,50.0,0.5527,clock_entry_long,27.634999999999998,0.060574626270392805,1182.0
1698637680000.0,435108,1698637680000.0,0.14000000000000123,-0.027774999999999998,456.32634799999977,456.32634799999977,-50.0,0.5555,0.0,0.0,clock_close_long,0.0,0.0,108.0
1698641640000.0,435174,1698641640000.0,0.0,-0.027625,456.29872299999977,456.32634799999977,50.0,0.5525,50.0,0.5525,clock_entry_long,27.625,0.06054147997253986,66.0
1698673140000.0,435699,1698673140000.0,0.9749999999999981,-0.028599999999999997,457.24512299999975,457.24512299999975,-50.0,0.572,0.0,0.0,clock_close_long,0.0,0.0,525.0
1698728940000.0,436629,1698728940000.0,0.0,-0.0279545,457.21716849999973,457.25982299999976,49.0,0.5705,49.0,0.5705,clock_entry_long,27.9545,0.061140529984275986,930.0
1698746160000.0,436916,1698746160000.0,0.22049999999999748,-0.028175,457.4094934999997,457.4094934999997,-49.0,0.575,0.0,0.0,clock_close_long,0.0,0.0,287.0
1698814440000.0,438054,1698814440000.0,0.0,-0.027739399999999997,457.38175409999974,457.3483934999997,47.0,0.5902,47.0,0.5902,clock_entry_long,27.739399999999996,0.06064824351068274,1138.0
1698822540000.0,438189,1698822540000.0,0.15980000000000327,-0.027899200000000002,457.5136548999997,457.5136548999997,-47.0,0.5936,0.0,0.0,clock_close_long,0.0,0.0,135.0
1698850320000.0,438652,1698850320000.0,0.0,-0.027965,457.4856898999997,457.49955489999974,47.0,0.595,47.0,0.595,clock_entry_long,27.965,0.061127595064476827,463.0
1698867060000.0,438931,1698867060000.0,0.7896000000000017,-0.0287546,458.2465352999997,458.2465352999997,-47.0,0.6118,0.0,0.0,clock_close_long,0.0,0.0,279.0
1698901980000.0,439513,1698901980000.0,0.0,-0.027784,458.2187512999997,458.3063352999997,46.0,0.604,46.0,0.604,clock_entry_long,27.784,0.06063479489037667,582.0
1698919860000.0,439811,1698919860000.0,0.7406000000000001,-0.0285246,458.9308266999997,458.9308266999997,-46.0,0.6201,0.0,0.0,clock_close_long,0.0,0.0,298.0
1698935760000.0,440076,1698935760000.0,0.0,-0.027954200000000002,458.9028724999997,458.9354266999997,46.0,0.6077,46.0,0.6077,clock_entry_long,27.9542,0.0609152866002163,265.0
1698942660000.0,440191,1698942660000.0,0.0,-0.039630500000000006,458.86324199999973,458.1802724999997,67.0,0.5915,113.0,0.5980946902654868,clock_entry_long,67.58470000000001,0.14728723901575896,115.0
1698987300000.0,440935,1698987300000.0,0.0,-0.055742,458.8074999999997,458.43244199999975,94.0,0.593,207.0,0.5957811594202899,clock_entry_long,123.3267,0.2687983522501269,744.0
1698999960000.0,441146,1698999960000.0,1.0182000000000007,-0.1243449,459.7013550999997,459.7013550999997,-207.0,0.6007,0.0,0.0,clock_close_long,0.0,0.0,211.0
1699005240000.0,441234,1699005240000.0,0.0,-0.0281812,459.6731738999997,459.7201550999997,47.0,0.5996,47.0,0.5996,clock_entry_long,28.1812,0.06130703639044797,88.0
1699053060000.0,442031,1699053060000.0,0.6157,-0.0287969,460.2600769999997,460.2600769999997,-47.0,0.6127,0.0,0.0,clock_close_long,0.0,0.0,797.0
1699110420000.0,442987,1699110420000.0,0.0,-0.0280186,460.2320583999997,460.2968769999997,46.0,0.6091,46.0,0.6091,clock_entry_long,28.0186,0.060879287934453935,956.0
1699128840000.0,443294,1699128840000.0,0.1656000000000022,-0.0281842,460.3694741999997,460.3694741999997,-46.0,0.6127,0.0,0.0,clock_close_long,0.0,0.0,307.0
1699317180000.0,446433,1699317180000.0,0.0,-0.02804,460.3414341999997,459.02147419999966,40.0,0.701,40.0,0.701,clock_entry_long,28.04,0.060911310424900306,3139.0
1699317360000.0,446436,1699317360000.0,0.0,-0.0392718,460.3021623999997,460.1596341999997,58.0,0.6771,98.0,0.6868551020408163,clock_entry_long,67.3118,0.14623394261073766,3.0
1699336440000.0,446754,1699336440000.0,0.7883999999999944,-0.0681002,461.0224621999997,461.0224621999997,-98.0,0.6949,0.0,0.0,clock_close_long,0.0,0.0,318.0
1699342080000.0,446848,1699342080000.0,0.0,-0.028249,460.9942131999997,461.0306621999997,41.0,0.689,41.0,0.689,clock_entry_long,28.249,0.06127842647721986,94.0
1699354560000.0,447056,1699354560000.0,0.0,-0.0398073,460.9544058999997,460.56791319999974,59.0,0.6747,100.0,0.6805629999999999,clock_entry_long,68.0563,0.14764215099999337,208.0
1699371360000.0,447336,1699371360000.0,0.0,-0.0560952,460.8983106999997,459.9541058999997,84.0,0.6678,184.0,0.6747364130434781,clock_entry_long,124.15149999999997,0.2693685290610896,280.0
1699376580000.0,447423,1699376580000.0,0.0,-0.0796664,460.8186442999997,457.8924106999997,121.0,0.6584,305.0,0.6682554098360655,clock_entry_long,203.81789999999995,0.4422952554569635,87.0
1699381020000.0,447497,1699381020000.0,5.961100000000024,-0.209779,466.5699652999997,466.5699652999997,-305.0,0.6878,0.0,0.0,clock_close_long,0.0,0.0,74.0
1699395000000.0,447730,1699395000000.0,0.0,-0.0280153,466.5419499999997,466.5617652999997,41.0,0.6833,41.0,0.6833,clock_entry_long,28.0153,0.06004883376510948,233.0
1699429860000.0,448311,1699429860000.0,0.0,-0.039766,466.5021839999997,466.18064999999973,59.0,0.674,100.0,0.677813,clock_entry_long,67.7813,0.1452968546016497,581.0
1699439520000.0,448472,1699439520000.0,1.6886999999999985,-0.06947,468.12141399999973,468.12141399999973,-100.0,0.6947,0.0,0.0,clock_close_long,0.0,0.0,161.0
1699454400000.0,448720,1699454400000.0,0.0,-0.0286986,468.09271539999975,468.14241399999975,42.0,0.6833,42.0,0.6833,clock_entry_long,28.6986,0.06130964882774592,248.0
1699504380000.0,449553,1699504380000.0,0.40319999999999756,-0.029101799999999997,468.46681359999974,468.46681359999974,-42.0,0.6929,0.0,0.0,clock_close_long,0.0,0.0,833.0
1699528080000.0,449948,1699528080000.0,0.0,-0.0283146,468.43849899999975,468.54471359999974,41.0,0.6906,41.0,0.6906,clock_entry_long,28.3146,0.060444647612108444,395.0
1699533300000.0,450035,1699533300000.0,0.0,-0.040206000000000006,468.39829299999974,468.42619899999977,60.0,0.6701,101.0,0.6784217821782179,clock_entry_long,68.52060000000002,0.1462870403757002,87.0
1699542060000.0,450181,1699542060000.0,2.2500999999999896,-0.0707707,470.57762229999975,470.57762229999975,-101.0,0.7007,0.0,0.0,clock_close_long,0.0,0.0,146.0
1699543560000.0,450206,1699543560000.0,0.0,-0.0282736,470.54934869999977,470.5161222999997,41.0,0.6896,41.0,0.6896,clock_entry_long,28.2736,0.06008636517745118,25.0
1699546320000.0,450252,1699546320000.0,0.0,-0.040367999999999994,470.50898069999977,466.7295486999998,60.0,0.6728,101.0,0.679619801980198,clock_entry_long,68.6416,0.1458879698701573,46.0
1699546500000.0,450255,1699546500000.0,0.0,-0.057270400000000006,470.4517102999998,466.55868069999974,88.0,0.6508,189.0,0.6662010582010582,clock_entry_long,125.912,0.26764064673015614,3.0
1699546680000.0,450258,1699546680000.0,0.0,-0.0807875,470.3709227999998,468.70001029999975,125.0,0.6463,314.0,0.6582786624203822,clock_entry_long,206.69950000000003,0.4394393657872598,3.0
1699547820000.0,450277,1699547820000.0,0.0,-0.114732,470.2561907999998,467.9646227999998,180.0,0.6374,494.0,0.650671052631579,clock_entry_long,321.4315,0.6835242284704021,19.0
1699585140000.0,450899,1699585140000.0,6.538760526315779,-0.2349243,476.56002702631554,479.19536649999975,-351.0,0.6693,143.0,0.650671052631579,clock_close_long,93.0459605263158,0.1952449959072581,622.0
1699604100000.0,451215,1699604100000.0,0.0,-0.06749600000000001,476.49253102631553,476.61746649999975,104.0,0.649,247.0,0.6499674515235457,clock_entry_long,160.5419605263158,0.33692440085162517,316.0
1699643400000.0,451870,1699643400000.0,3.046139473684203,-0.16358810000000001,479.3750823999997,479.3750823999997,-247.0,0.6623,0.0,0.0,clock_close_long,0.0,0.0,655.0
1699661760000.0,452176,1699661760000.0,0.0,-0.0288728,479.3462095999997,479.43228239999974,44.0,0.6562,44.0,0.6562,clock_entry_long,28.8728,0.060233708792844114,306.0
1699676820000.0,452427,1699676820000.0,0.0,-0.041145600000000004,479.30506399999973,478.9554095999997,64.0,0.6429,108.0,0.6483185185185185,clock_entry_long,70.0184,0.14608316343596994,251.0
1699690380000.0,452653,1699690380000.0,2.1256000000000044,-0.07214400000000001,481.3585199999997,481.3585199999997,-108.0,0.668,0.0,0.0,clock_close_long,0.0,0.0,226.0
1699738320000.0,453452,1699738320000.0,0.0,-0.029308400000000002,481.3292115999997,481.3937199999997,44.0,0.6661,44.0,0.6661,clock_entry_long,29.308400000000002,0.06089054911621745,799.0
1699749360000.0,453636,1699749360000.0,0.0,-0.041728,481.28748359999975,480.73041159999974,64.0,0.652,108.0,0.6577444444444445,clock_entry_long,71.0364,0.14759660789150852,184.0
1699767960000.0,453946,1699767960000.0,0.4380000000000037,-0.07147440000000001,481.65400919999973,481.65400919999973,-108.0,0.6618,0.0,0.0,clock_close_long,0.0,0.0,310.0
1699791720000.0,454342,1699791720000.0,0.0,-0.0291588,481.62485039999973,481.6672091999997,44.0,0.6627,44.0,0.6627,clock_entry_long,29.1588,0.06054255708729106,396.0
1699843920000.0,455212,1699843920000.0,0.1936000000000031,-0.029352400000000004,481.78909799999974,481.78909799999974,-44.0,0.6671,0.0,0.0,clock_close_long,0.0,0.0,870.0
1699844880000.0,455228,1699844880000.0,0.0,-0.029106,481.7599919999997,481.78909799999974,44.0,0.6615,44.0,0.6615,clock_entry_long,29.105999999999998,0.06041597576247057,16.0
1699875060000.0,455731,1699875060000.0,0.0,-0.041548800000000004,481.71844319999974,481.26199199999974,64.0,0.6492,108.0,0.6542111111111111,clock_entry_long,70.6548,0.14667239960888429,503.0
1699908420000.0,456287,1699908420000.0,1.6404000000000032,-0.07229519999999999,483.28654799999975,483.28654799999975,-108.0,0.6694,0.0,0.0,clock_close_long,0.0,0.0,556.0
1699910520000.0,456322,1699910520000.0,0.0,-0.0294435,483.25710449999974,483.2325479999998,45.0,0.6543,45.0,0.6543,clock_entry_long,29.4435,0.06092719532900321,35.0
1699961040000.0,457164,1699961040000.0,0.0,-0.0416064,483.21549809999976,483.01360449999976,64.0,0.6501,109.0,0.6518339449541285,clock_entry_long,71.04990000000001,0.147035639956433,842.0
1699971000000.0,457330,1699971000000.0,1.1516999999999926,-0.0722016,484.29499649999974,484.29499649999974,-109.0,0.6624,0.0,0.0,clock_close_long,0.0,0.0,166.0
1699975080000.0,457398,1699975080000.0,0.0,-0.029538000000000002,484.26545849999974,484.30849649999976,45.0,0.6564,45.0,0.6564,clock_entry_long,29.538,0.06099547155705307,68.0
1699985640000.0,457574,1699985640000.0,0.0,-0.0416845,484.22377399999976,483.34395849999976,65.0,0.6413,110.0,0.6474772727272727,clock_entry_long,71.2225,0.14708592147728797,176.0
1699987500000.0,457605,1699987500000.0,0.0,-0.0592952,484.16447879999976,482.73607399999975,94.0,0.6308,204.0,0.6397926470588235,clock_entry_long,130.5177,0.2695730598070468,31.0
1699987860000.0,457611,1699987860000.0,0.0,-0.08376750000000001,484.08071129999973,475.2454787999997,135.0,0.6205,339.0,0.6321097345132745,clock_entry_long,214.28520000000003,0.4426641983410921,6.0
1699988040000.0,457614,1699988040000.0,0.0,-0.1184436,483.96226769999976,477.7405112999997,198.0,0.5982,537.0,0.6196067039106146,clock_entry_long,332.72880000000004,0.6875097961278526,3.0
1700036940000.0,458429,1700036940000.0,5.574639106145231,-0.2422644,489.294642406145,491.40160329999975,-382.0,0.6342,155.0,0.6196067039106146,clock_close_long,96.03903910614525,0.19628058593461337,815.0
1700068080000.0,458948,1700068080000.0,0.0,-0.069762,489.22488040614496,491.4506032999997,110.0,0.6342,265.0,0.6256642985137557,clock_entry_long,165.80103910614525,0.33890557440271735,519.0
1700076900000.0,459095,1700076900000.0,5.229960893854729,-0.17103100000000002,494.2838102999997,494.2838102999997,-265.0,0.6454,0.0,0.0,clock_close_long,0.0,0.0,147.0
1700123400000.0,459870,1700123400000.0,0.0,-0.0302022,494.25360809999967,494.3590102999997,47.0,0.6426,47.0,0.6426,clock_entry_long,30.202199999999998,0.061106685930129516,775.0
1700140620000.0,460157,1700140620000.0,0.0,-0.0426292,494.21097889999965,493.43520809999967,68.0,0.6269,115.0,0.6333165217391304,clock_entry_long,72.8314,0.14736904502224132,287.0
1700149620000.0,460307,1700149620000.0,0.0,-0.0600139,494.15096499999964,492.80567889999963,97.0,0.6187,212.0,0.6266287735849057,clock_entry_long,132.8453,0.2688354559825662,150.0
1700162040000.0,460514,1700162040000.0,0.0,-0.0852487,494.0657162999996,491.53586499999966,139.0,0.6133,351.0,0.6213504273504273,clock_entry_long,218.094,0.4414271073760804,207.0
1700176740000.0,460759,1700176740000.0,0.0,-0.120582,493.9451342999996,488.4131162999996,198.0,0.609,549.0,0.616896174863388,clock_entry_long,338.676,0.6856550990829352,245.0
1700201880000.0,461178,1700201880000.0,2.264418579234984,-0.2471722,495.96238067923457,496.8749620999996,-397.0,0.6226,152.0,0.616896174863388,clock_close_long,93.76821857923497,0.18906316735317047,419.0
1700216760000.0,461426,1700216760000.0,0.0,-0.0689074,495.89347327923457,494.8837620999996,113.0,0.6098,265.0,0.6138702587895659,clock_entry_long,162.67561857923496,0.32804549231813207,248.0
1700232000000.0,461680,1700232000000.0,0.0,-0.09810970000000001,495.79536357923456,492.20775469999955,163.0,0.6019,428.0,0.6093114920075584,clock_entry_long,260.785318579235,0.5259938630659625,254.0
1700232660000.0,461691,1700232660000.0,0.0,-0.13864500000000002,495.65671857923456,488.5338449999996,234.0,0.5925,662.0,0.6033690612979381,clock_entry_long,399.430318579235,0.8058607976185094,11.0
1700236560000.0,461756,1700236560000.0,0.0,-0.09615320000000001,495.56056537923456,487.3305999999995,164.0,0.5863,826.0,0.5999800467060957,clock_entry_long,495.5835185792351,1.0000463176483443,65.0
1700258160000.0,462116,1700258160000.0,4.787081084031235,-0.247779,500.0998674632658,504.9918677999995,-405.0,0.6118,421.0,0.5999800467060957,clock_close_long,252.5915996632663,0.5050823167471047,360.0
1700286540000.0,462589,1700286540000.0,0.0,-0.1355417,499.96432576326583,499.0817677999995,227.0,0.5971,648.0,0.5989711414556579,clock_entry_long,388.1332996632663,0.7763219887153474,473.0
1700320560000.0,463156,1700320560000.0,3.793060861724594,-0.24997019999999998,503.5074164249904,505.6472558999995,-411.0,0.6082,237.0,0.5989711414556579,clock_close_long,141.9561605249909,0.2819345969775575,567.0
1700355360000.0,463736,1700355360000.0,0.0,-0.0894068,503.4180096249904,504.7999558999995,148.0,0.6041,385.0,0.6009427546103661,clock_entry_long,231.36296052499094,0.45958419464837863,580.0
1700381340000.0,464169,1700381340000.0,3.8720394750090623,-0.235235,507.0548140999995,507.0548140999995,-385.0,0.611,0.0,0.0,clock_close_long,0.0,0.0,433.0
1700457840000.0,465444,1700457840000.0,0.0,-0.030940000000000002,507.0238740999995,507.12981409999946,50.0,0.6188,50.0,0.6188,clock_entry_long,30.94,0.061022767527309285,1275.0
1700465460000.0,465571,1700465460000.0,0.014999999999998348,-0.030955,507.00791909999947,507.00791909999947,-50.0,0.6191,0.0,0.0,clock_close_long,0.0,0.0,127.0
1700488740000.0,465959,1700488740000.0,0.0,-0.030985000000000002,506.9769340999995,507.0029190999995,50.0,0.6197,50.0,0.6197,clock_entry_long,30.985000000000003,0.06111717894031115,388.0
1700515200000.0,466400,1700515200000.0,0.0,-0.043956,506.9329780999995,506.62673409999945,72.0,0.6105,122.0,0.6142704918032788,clock_entry_long,74.941,0.14783216566592527,441.0
1700556240000.0,467084,1700556240000.0,0.0,-0.062077200000000006,506.8709008999995,506.1963780999995,102.0,0.6086,224.0,0.6116883928571428,clock_entry_long,137.01819999999998,0.27032169287428137,684.0
1700558280000.0,467118,1700558280000.0,0.3609999999999971,-0.1373792,507.0945216999995,507.0945216999995,-224.0,0.6133,0.0,0.0,clock_close_long,0.0,0.0,34.0
1700565480000.0,467238,1700565480000.0,0.0,-0.030580000000000003,507.06394169999953,507.0995216999995,50.0,0.6116,50.0,0.6116,clock_entry_long,30.580000000000002,0.06030797594772066,120.0
1700579460000.0,467471,1700579460000.0,0.0,-0.0436905,507.0202511999995,506.1998416999995,73.0,0.5985,123.0,0.6038252032520326,clock_entry_long,74.27050000000001,0.14648428701658156,233.0
1700588940000.0,467629,1700588940000.0,0.0,-0.0614016,506.9588495999995,505.9591511999995,104.0,0.5904,227.0,0.5976744493392071,clock_entry_long,135.6721,0.26761955158105627,158.0
1700590200000.0,467650,1700590200000.0,0.0,-0.08737500000000001,506.8714745999995,502.8356495999995,150.0,0.5825,377.0,0.5916368700265252,clock_entry_long,223.0471,0.44004666109099727,21.0
1700607420000.0,467937,1700607420000.0,0.0,-0.12382040000000001,506.7476541999995,502.25207459999945,214.0,0.5786,591.0,0.5869162436548223,clock_entry_long,346.8675,0.6844974952032059,287.0
1700635320000.0,468402,1700635320000.0,3.2732802030457027,-0.2532996,509.7676348030452,511.16745459999953,-426.0,0.5946,165.0,0.5869162436548223,clock_close_long,96.84118020304568,0.18997122137905326,465.0
1700677500000.0,469105,1700677500000.0,2.8518197969543118,-0.099693,512.5197615999995,512.5197615999995,-165.0,0.6042,0.0,0.0,clock_close_long,0.0,0.0,703.0
1700844600000.0,471890,1700844600000.0,0.0,-0.03091,512.4888515999995,512.5297615999995,50.0,0.6182,50.0,0.6182,clock_entry_long,30.91,0.0603135071202006,2785.0
1700845860000.0,471911,1700845860000.0,0.08000000000000229,-0.030990000000000004,512.5378615999995,512.5378615999995,-50.0,0.6198,0.0,0.0,clock_close_long,0.0,0.0,21.0
1700863920000.0,472212,1700863920000.0,0.0,-0.0309,512.5069615999995,512.5478615999995,50.0,0.618,50.0,0.618,clock_entry_long,30.9,0.060291863945678016,301.0
1700927340000.0,473269,1700927340000.0,0.06499999999999839,-0.030964999999999996,512.5409965999995,512.5409965999995,-50.0,0.6193,0.0,0.0,clock_close_long,0.0,0.0,1057.0
1701009000000.0,474630,1701009000000.0,0.0,-0.031095,512.5099015999995,512.5709965999995,50.0,0.6219,50.0,0.6219,clock_entry_long,31.095,0.06067199853685721,1361.0
1701011040000.0,474664,1701011040000.0,0.15999999999999903,-0.031255,512.6386465999994,512.6386465999994,-50.0,0.6251,0.0,0.0,clock_close_long,0.0,0.0,34.0
1701015660000.0,474741,1701015660000.0,0.0,-0.031014999999999997,512.6076315999994,512.6786465999994,50.0,0.6203,50.0,0.6203,clock_entry_long,31.014999999999997,0.060504366474593924,77.0
1701052620000.0,475357,1701052620000.0,0.0,-0.043912799999999995,512.5637187999994,512.1730315999994,72.0,0.6099,122.0,0.6141622950819672,clock_entry_long,74.92779999999999,0.14618241059944503,616.0
1701070440000.0,475654,1701070440000.0,0.0,-0.062504,512.5012147999994,511.6585187999994,104.0,0.601,226.0,0.6081053097345133,clock_entry_long,137.4318,0.26815897412776274,297.0
1701097020000.0,476097,1701097020000.0,0.0,-0.0884596,512.4127551999994,510.1122147999994,148.0,0.5977,374.0,0.6039877005347594,clock_entry_long,225.8914,0.44083875295382235,443.0
1701127320000.0,476602,1701127320000.0,-0.4068000000000054,-0.2254846,511.78047059999943,511.78047059999943,-374.0,0.6029,0.0,0.0,clock_close_long,0.0,0.0,505.0
1701148380000.0,476953,1701148380000.0,0.0,-0.0311428,511.74932779999943,511.7544705999994,52.0,0.5989,52.0,0.5989,clock_entry_long,31.1428,0.060855575783327946,351.0
1701186360000.0,477586,1701186360000.0,0.5460000000000034,-0.0316888,512.2636389999994,512.2636389999994,-52.0,0.6094,0.0,0.0,clock_close_long,0.0,0.0,633.0
1701268380000.0,478953,1701268380000.0,0.0,-0.031008,512.2326309999994,512.2024389999995,51.0,0.608,51.0,0.608,clock_entry_long,31.008,0.060534995475522595,1367.0
1701279960000.0,479146,1701279960000.0,0.03570000000000173,-0.0310437,512.2372872999994,512.2372872999994,-51.0,0.6087,0.0,0.0,clock_close_long,0.0,0.0,193.0
1701320820000.0,479827,1701320820000.0,0.0,-0.0308958,512.2063914999993,512.2627872999993,51.0,0.6058,51.0,0.6058,clock_entry_long,30.8958,0.06031904426167248,681.0
1701368520000.0,480622,1701368520000.0,-0.13770000000000182,-0.0307581,512.0379333999994,512.0379333999994,-51.0,0.6031,0.0,0.0,clock_close_long,0.0,0.0,795.0
1701440280000.0,481818,1701440280000.0,0.0,-0.030900900000000002,512.0070324999994,512.0736333999994,51.0,0.6059,51.0,0.6059,clock_entry_long,30.9009,0.060352491349813714,1196.0
1701447420000.0,481937,1701447420000.0,0.1172999999999984,-0.031018199999999996,512.0933142999994,512.0933142999994,-51.0,0.6082,0.0,0.0,clock_close_long,0.0,0.0,119.0
1701616740000.0,484759,1701616740000.0,0.0,-0.030930000000000003,512.0623842999994,512.0733142999994,50.0,0.6186,50.0,0.6186,clock_entry_long,30.930000000000003,0.060402796511370385,2822.0
1701617820000.0,484777,1701617820000.0,0.12499999999999734,-0.031055,512.1563292999994,512.1563292999994,-50.0,0.6211,0.0,0.0,clock_close_long,0.0,0.0,18.0
1701688260000.0,485951,1701688260000.0,0.0,-0.0307622,512.1255670999993,512.2543292999993,49.0,0.6278,49.0,0.6278,clock_entry_long,30.7622,0.06006769037952224,1174.0
1701688440000.0,485954,1701688440000.0,0.0,-0.044019,512.0815480999993,511.3495670999993,73.0,0.603,122.0,0.612960655737705,clock_entry_long,74.78120000000001,0.14603377192063313,3.0
1701719820000.0,486477,1701719820000.0,1.1393999999999889,-0.07592059999999999,513.1450274999993,513.1450274999993,-122.0,0.6223,0.0,0.0,clock_close_long,0.0,0.0,523.0
1701730080000.0,486648,1701730080000.0,0.0,-0.031039999999999998,513.1139874999993,513.1050274999993,50.0,0.6208,50.0,0.6208,clock_entry_long,31.04,0.06049338111251555,171.0
1701761040000.0,487164,1701761040000.0,0.0,-0.044107200000000006,513.0698802999993,512.6795874999993,72.0,0.6126,122.0,0.6159606557377049,clock_entry_long,75.1472,0.14646581856658658,516.0
1701797340000.0,487769,1701797340000.0,0.3952000000000031,-0.0755424,513.3895378999994,513.3895378999994,-122.0,0.6192,0.0,0.0,clock_close_long,0.0,0.0,605.0
1701840720000.0,488492,1701840720000.0,0.0,-0.030905,513.3586328999994,513.4195378999993,50.0,0.6181,50.0,0.6181,clock_entry_long,30.904999999999998,0.0602015784275711,723.0
1701849660000.0,488641,1701849660000.0,0.7199999999999984,-0.031625,514.0470078999994,514.0470078999994,-50.0,0.6325,0.0,0.0,clock_close_long,0.0,0.0,149.0
1701860940000.0,488829,1701860940000.0,0.0,-0.031065,514.0159428999993,514.1770078999994,50.0,0.6213,50.0,0.6213,clock_entry_long,31.064999999999998,0.060435868632276304,188.0
1701899040000.0,489464,1701899040000.0,0.8400000000000019,-0.031905,514.8240378999993,514.8240378999993,-50.0,0.6381,0.0,0.0,clock_close_long,0.0,0.0,635.0
1701940500000.0,490155,1701940500000.0,0.0,-0.0310709,514.7929669999993,514.7260378999994,49.0,0.6341,49.0,0.6341,clock_entry_long,31.070899999999998,0.06035610816726648,691.0
1701966780000.0,490593,1701966780000.0,0.36259999999999815,-0.031433499999999996,515.1241334999993,515.1241334999993,-49.0,0.6415,0.0,0.0,clock_close_long,0.0,0.0,438.0
1702020180000.0,491483,1702020180000.0,0.0,-0.031355100000000004,515.0927783999992,515.1731334999993,49.0,0.6399,49.0,0.6399,clock_entry_long,31.3551,0.0608727229634172,890.0
1702035240000.0,491734,1702035240000.0,0.3576999999999987,-0.0317128,515.4187655999992,515.4187655999992,-49.0,0.6472,0.0,0.0,clock_close_long,0.0,0.0,251.0
1702111020000.0,492997,1702111020000.0,0.0,-0.031532300000000006,515.3872332999993,515.6631655999993,47.0,0.6709,47.0,0.6709,clock_entry_long,31.532300000000003,0.06118176385181338,1263.0
1702113360000.0,493036,1702113360000.0,0.625099999999999,-0.0321574,515.9801758999993,515.9801758999993,-47.0,0.6842,0.0,0.0,clock_close_long,0.0,0.0,39.0
1702133340000.0,493369,1702133340000.0,0.0,-0.0311144,515.9490614999993,515.9019758999992,46.0,0.6764,46.0,0.6764,clock_entry_long,31.1144,0.06030517801416728,333.0
1702164300000.0,493885,1702164300000.0,0.0,-0.0440154,515.9050460999993,515.6464614999993,66.0,0.6669,112.0,0.6708017857142858,clock_entry_long,75.12980000000002,0.14562718579309536,516.0
1702193880000.0,494378,1702193880000.0,0.0,-0.06276649999999999,515.8422795999993,514.7736460999993,95.0,0.6607,207.0,0.6661657004830918,clock_entry_long,137.8963,0.2673226012162656,493.0
1702202100000.0,494515,1702202100000.0,0.0,-0.0885496,515.7537299999993,512.7579795999993,136.0,0.6511,343.0,0.6601921282798834,clock_entry_long,226.4459,0.4390581915907817,137.0
1702221480000.0,494838,1702221480000.0,0.654400000000007,-0.2271003,516.1810296999994,516.1810296999994,-343.0,0.6621,0.0,0.0,clock_close_long,0.0,0.0,323.0
1702230240000.0,494984,1702230240000.0,0.0,-0.0314016,516.1496280999994,516.1762296999993,48.0,0.6542,48.0,0.6542,clock_entry_long,31.401600000000002,0.06083817228657621,146.0
1702260480000.0,495488,1702260480000.0,0.0,-0.044553300000000004,516.1050747999994,515.8937280999994,69.0,0.6457,117.0,0.6491871794871795,clock_entry_long,75.95490000000001,0.1471694499989832,504.0
1702260780000.0,495493,1702260780000.0,0.0,-0.063138,516.0419367999995,510.5802747999994,102.0,0.619,219.0,0.635127397260274,clock_entry_long,139.09290000000001,0.26953797759639786,5.0
1702260960000.0,495496,1702260960000.0,0.0,-0.08912160000000001,515.9528151999995,511.18133679999943,144.0,0.6189,363.0,0.6286900826446281,clock_entry_long,228.21450000000002,0.4423166097301687,3.0
1702282740000.0,495859,1702282740000.0,0.0,-0.1265055,515.8263096999995,512.2568151999994,205.0,0.6171,568.0,0.6245070422535212,clock_entry_long,354.72,0.6876733375742358,363.0
1702317480000.0,496438,1702317480000.0,0.0,-0.1608942,515.6654154999994,509.6661096999994,262.0,0.6141,830.0,0.6212219277108434,clock_entry_long,515.6142,0.999900680754497,579.0
1702340520000.0,496822,1702340520000.0,0.19840000000000524,-0.25800550000000005,515.6058099999995,515.8042099999994,-415.0,0.6217,415.0,0.6212219277108434,clock_close_long,257.8071,0.5000081360603758,384.0
1702362420000.0,497187,1702362420000.0,0.0,-0.13857750000000002,515.4672324999995,513.6532099999995,225.0,0.6159,640.0,0.6193509374999999,clock_entry_long,396.3846,0.7689811786435918,365.0
1702400880000.0,497828,1702400880000.0,0.0,-0.1193595,515.3478729999995,510.9936324999995,195.0,0.6121,835.0,0.6176576047904191,clock_entry_long,515.7440999999999,1.000768853469199,641.0
1702422420000.0,498187,1702422420000.0,0.3929788023952555,-0.2579562,515.4828956023947,515.9186167999995,-417.0,0.6186,418.0,0.6176576047904191,clock_close_long,258.18087880239517,0.5008524647567293,359.0
1702432860000.0,498361,1702432860000.0,0.0,-0.1389888,515.3439068023947,513.0192167999995,228.0,0.6096,646.0,0.6148137442761535,clock_entry_long,397.1696788023952,0.7706886092177807,174.0
1702450020000.0,498647,1702450020000.0,0.0,-0.1180116,515.2258952023947,506.9624279999995,196.0,0.6021,842.0,0.6118542503591392,clock_entry_long,515.1812788023952,0.9999134041972368,286.0
1702494060000.0,499381,1702494060000.0,2.354277600238971,-0.2574975,517.3226753026337,519.9771188999995,-417.0,0.6175,425.0,0.6118542503591392,clock_close_long,260.03805640263414,0.502661237979781,734.0
1702541880000.0,500178,1702541880000.0,6.487248852034666,-0.25857120000000006,523.5513529546683,523.7781476999995,-412.0,0.6276,13.0,0.6118542503591392,clock_close_long,7.95410525466881,0.01519259803222687,797.0
1702560540000.0,500489,1702560540000.0,0.0,-0.0348992,523.5164537546683,523.5056476999995,56.0,0.6232,69.0,0.6210623949952001,clock_entry_long,42.853305254668804,0.08185665406946471,311.0
1702591500000.0,501005,1702591500000.0,1.0375947453311927,-0.043890900000000004,524.5101575999995,524.5101575999995,-69.0,0.6361,0.0,0.0,clock_close_long,0.0,0.0,516.0
1702642440000.0,501854,1702642440000.0,0.0,-0.031931100000000004,524.4782264999996,524.5152575999995,51.0,0.6261,51.0,0.6261,clock_entry_long,31.9311,0.0608816503462609,849.0
1702679160000.0,502466,1702679160000.0,0.0,-0.045187,524.4330394999995,524.1285264999996,73.0,0.619,124.0,0.6219201612903227,clock_entry_long,77.11810000000001,0.14705042244006078,612.0
1702698420000.0,502787,1702698420000.0,-0.06450000000001843,-0.07705359999999999,524.2914858999994,524.2914858999994,-124.0,0.6214,0.0,0.0,clock_close_long,0.0,0.0,321.0
1702752840000.0,503694,1702752840000.0,0.0,-0.0315639,524.2599219999994,524.3118858999994,51.0,0.6189,51.0,0.6189,clock_entry_long,31.5639,0.06020658584693422,907.0
1702775520000.0,504072,1702775520000.0,0.15809999999999957,-0.031722,524.3862999999994,524.3862999999994,-51.0,0.622,0.0,0.0,clock_close_long,0.0,0.0,378.0
1702782600000.0,504190,1702782600000.0,0.0,-0.0320632,524.3542367999994,524.3810999999995,52.0,0.6166,52.0,0.6166,clock_entry_long,32.0632,0.061147975452002755,118.0
1702853040000.0,505364,1702853040000.0,0.0,-0.0452436,524.3089931999993,524.0964367999994,74.0,0.6114,126.0,0.6135460317460318,clock_entry_long,77.30680000000001,0.14744511538544425,1174.0
1702868160000.0,505616,1702868160000.0,0.0,-0.0637166,524.2452765999993,523.0655931999993,106.0,0.6011,232.0,0.6078594827586208,clock_entry_long,141.0234,0.269002709789985,252.0
1702887240000.0,505934,1702887240000.0,0.0,-0.0907136,524.1545629999994,521.4490765999993,152.0,0.5968,384.0,0.6034817708333333,clock_entry_long,231.737,0.4421157733964061,318.0
1702894440000.0,506054,1702894440000.0,0.0,-0.1283148,524.0262481999994,519.3429629999994,218.0,0.5886,602.0,0.5980926910299003,clock_entry_long,360.05179999999996,0.6870873381567385,120.0
1702895580000.0,506073,1702895580000.0,0.0,-0.1637949,523.8624532999994,514.8802481999994,281.0,0.5829,883.0,0.5932578708946772,clock_entry_long,523.8466999999999,0.9999699285568182,19.0
1702919940000.0,506479,1702919940000.0,2.9026104190260646,-0.2621563,526.5029074190255,529.4206969999994,-437.0,0.5999,446.0,0.5932578708946772,clock_close_long,264.59301041902603,0.5025480518542428,406.0
1702950900000.0,506995,1702950900000.0,9.434031257078146,-0.2633484,535.6735902761037,536.0811485999996,-428.0,0.6153,18.0,0.5932578708946772,clock_close_long,10.678641676104188,0.019934978819097778,516.0
1702992960000.0,507696,1702992960000.0,0.313958323895811,-0.0109926,535.9765559999995,535.9765559999995,-18.0,0.6107,0.0,0.0,clock_close_long,0.0,0.0,701.0
1702995180000.0,507733,1702995180000.0,0.0,-0.032783400000000004,535.9437725999995,535.9549559999995,54.0,0.6071,54.0,0.6071,clock_entry_long,32.7834,0.061169476493698936,37.0
1703038140000.0,508449,1703038140000.0,0.0,-0.0462924,535.8974801999996,535.6644725999995,77.0,0.6012,131.0,0.6036320610687023,clock_entry_long,79.0758,0.14755770072008648,716.0
1703059560000.0,508806,1703059560000.0,0.9652000000000018,-0.080041,536.7826391999996,536.7826391999996,-131.0,0.611,0.0,0.0,clock_close_long,0.0,0.0,357.0
1703102700000.0,509525,1703102700000.0,0.0,-0.032510199999999996,536.7501289999996,536.8833391999996,53.0,0.6134,53.0,0.6134,clock_entry_long,32.5102,0.060568592802331726,719.0
1703143020000.0,510197,1703143020000.0,0.03180000000000238,-0.032542,536.7493869999996,536.7493869999996,-53.0,0.614,0.0,0.0,clock_close_long,0.0,0.0,672.0
1703168160000.0,510616,1703168160000.0,0.0,-0.0325685,536.7168184999996,536.7493869999996,53.0,0.6145,53.0,0.6145,clock_entry_long,32.5685,0.06068097528790226,419.0
1703205540000.0,511239,1703205540000.0,0.5034999999999975,-0.033072000000000004,537.1872464999996,537.1872464999996,-53.0,0.624,0.0,0.0,clock_close_long,0.0,0.0,623.0
1703227920000.0,511612,1703227920000.0,0.0,-0.0327593,537.1544871999996,537.1925464999996,53.0,0.6181,53.0,0.6181,clock_entry_long,32.759299999999996,0.06098673804395247,373.0
1703281440000.0,512504,1703281440000.0,0.19610000000000194,-0.0329554,537.3176317999996,537.3176317999996,-53.0,0.6218,0.0,0.0,clock_close_long,0.0,0.0,892.0
1703296500000.0,512755,1703296500000.0,0.0,-0.0327116,537.2849201999996,537.3229317999997,53.0,0.6172,53.0,0.6172,clock_entry_long,32.7116,0.060883152997898,251.0
1703361960000.0,513846,1703361960000.0,0.09010000000000185,-0.032801699999999996,537.3422184999996,537.3422184999996,-53.0,0.6189,0.0,0.0,clock_close_long,0.0,0.0,1091.0
1703396160000.0,514416,1703396160000.0,0.0,-0.032663899999999996,537.3095545999996,537.2892184999996,53.0,0.6163,53.0,0.6163,clock_entry_long,32.6639,0.06079158600542039,570.0
1703431020000.0,514997,1703431020000.0,0.37629999999999975,-0.0330402,537.6528143999997,537.6528143999997,-53.0,0.6234,0.0,0.0,clock_close_long,0.0,0.0,581.0
1703454120000.0,515382,1703454120000.0,0.0,-0.0326957,537.6201186999997,537.6581143999997,53.0,0.6169,53.0,0.6169,clock_entry_long,32.6957,0.060815618431580135,385.0
1703493780000.0,516043,1703493780000.0,0.5141000000000022,-0.033209800000000005,538.1010088999997,538.1010088999997,-53.0,0.6266,0.0,0.0,clock_close_long,0.0,0.0,661.0
1703554800000.0,517060,1703554800000.0,0.0,-0.0329368,538.0680720999997,538.0802088999997,52.0,0.6334,52.0,0.6334,clock_entry_long,32.9368,0.06121307267211111,1017.0
1703570580000.0,517323,1703570580000.0,0.0,-0.046522499999999994,538.0215495999996,537.6535720999997,75.0,0.6203,127.0,0.625663779527559,clock_entry_long,79.4593,0.14768795052740033,263.0
1703593800000.0,517710,1703593800000.0,0.29670000000000385,-0.07975600000000001,538.2384935999996,538.2384935999996,-127.0,0.628,0.0,0.0,clock_close_long,0.0,0.0,387.0
1703599440000.0,517804,1703599440000.0,0.0,-0.0324896,538.2060039999997,538.2644935999996,52.0,0.6248,52.0,0.6248,clock_entry_long,32.4896,0.06036647632790069,94.0
1703612400000.0,518020,1703612400000.0,0.0,-0.04598,538.1600239999997,537.8932039999996,76.0,0.605,128.0,0.61304375,clock_entry_long,78.4696,0.1458109047505172,216.0
1703660100000.0,518815,1703660100000.0,1.069599999999994,-0.07953919999999999,539.1500847999997,539.1500847999997,-128.0,0.6214,0.0,0.0,clock_close_long,0.0,0.0,795.0
1703746380000.0,520253,1703746380000.0,0.0,-0.0324105,539.1176742999997,539.1347847999997,51.0,0.6355,51.0,0.6355,clock_entry_long,32.4105,0.06011767290338308,1438.0
1703752260000.0,520351,1703752260000.0,0.04080000000000117,-0.032451299999999995,539.1260229999998,539.1260229999998,-51.0,0.6363,0.0,0.0,clock_close_long,0.0,0.0,98.0
1703766720000.0,520592,1703766720000.0,0.0,-0.0325023,539.0935206999998,539.1209229999998,51.0,0.6373,51.0,0.6373,clock_entry_long,32.5023,0.060290652274574835,241.0
1703795400000.0,521070,1703795400000.0,0.0,-0.046368400000000004,539.0471522999998,538.4728206999997,74.0,0.6266,125.0,0.6309656,clock_entry_long,78.8707,0.14631502951731673,478.0
1703836620000.0,521757,1703836620000.0,0.0,-0.0654885,538.9816637999998,537.9779522999997,105.0,0.6237,230.0,0.6276486956521738,clock_entry_long,144.3592,0.2678369408380606,687.0
1703842380000.0,521853,1703842380000.0,0.6098000000000081,-0.144969,539.4464947999998,539.4464947999998,-230.0,0.6303,0.0,0.0,clock_close_long,0.0,0.0,96.0
1703864460000.0,522221,1703864460000.0,0.0,-0.0327132,539.4137815999998,539.4464947999998,52.0,0.6291,52.0,0.6291,clock_entry_long,32.7132,0.06064583649117506,368.0
1703888400000.0,522620,1703888400000.0,0.0,-0.0462225,539.3675590999998,538.3290815999998,75.0,0.6163,127.0,0.6215409448818897,clock_entry_long,78.9357,0.14634862380621072,399.0
1703919180000.0,523133,1703919180000.0,0.4647000000000038,-0.0794004,539.7528586999998,539.7528586999998,-127.0,0.6252,0.0,0.0,clock_close_long,0.0,0.0,513.0
1703926260000.0,523251,1703926260000.0,0.0,-0.032738100000000006,539.7201205999999,539.7316586999998,53.0,0.6177,53.0,0.6177,clock_entry_long,32.7381,0.060657549627027955,118.0
1703999160000.0,524466,1703999160000.0,0.20670000000000077,-0.0329448,539.8938757999998,539.8938757999998,-53.0,0.6216,0.0,0.0,clock_close_long,0.0,0.0,1215.0
1704027360000.0,524936,1704027360000.0,0.0,-0.0329024,539.8609733999998,539.8832757999999,53.0,0.6208,53.0,0.6208,clock_entry_long,32.9024,0.06094606134016949,470.0
1704063120000.0,525532,1704063120000.0,0.0,-0.0464208,539.8145525999998,539.0084733999998,76.0,0.6108,129.0,0.614908527131783,clock_entry_long,79.32320000000001,0.1469452789257761,596.0
