,timestamp,bkr_price_long,bkr_price_short,psize_long,pprice_long,psize_short,pprice_short,price,closest_bkr_long,closest_bkr_short,balance_long,balance_short,equity_long,equity_short,wallet_exposure_long,wallet_exposure_short
0,1672531260000.0,0.0,0.0,0.0,0.0,0.0,0.0,0.07033,1.0,1.0,300.0,300.0,300.0,300.0,0.0,0.0
1,1672534860000.0,0.0,0.0,0.0,0.0,0.0,0.0,0.06979,1.0,1.0,300.0,300.0,300.0,300.0,0.0,0.0
2,1672538460000.0,0.0,0.0,0.0,0.0,0.0,0.0,0.0699,1.0,1.0,300.0,300.0,300.0,300.0,0.0,0.0
3,1672542060000.0,0.0,0.0,0.0,0.0,0.0,0.0,0.0698,1.0,1.0,300.0,300.0,300.0,300.0,0.0,0.0
4,1672545660000.0,0.0,0.0,0.0,0.0,0.0,0.0,0.06981,1.0,1.0,300.0,300.0,300.0,300.0,0.0,0.0
5,1672549260000.0,0.0,0.0,0.0,0.0,0.0,0.0,0.06928,1.0,1.0,300.0,300.0,300.0,300.0,0.0,0.0
6,1672552860000.0,0.0,0.0,0.0,0.0,0.0,0.0,0.06944,1.0,1.0,300.0,300.0,300.0,300.0,0.0,0.0
7,1672556460000.0,0.0,0.0,0.0,0.0,0.0,0.0,0.06934,1.0,1.0,300.0,300.0,300.0,300.0,0.0,0.0
8,1672560060000.0,0.0,0.0,0.0,0.0,0.0,0.0,0.0695,1.0,1.0,300.0,300.0,300.0,300.0,0.0,0.0
9,1672563660000.0,0.0,0.0,0.0,0.0,0.0,0.0,0.06929,1.0,1.0,300.0,300.0,300.0,300.0,0.0,0.0
10,1672567260000.0,0.0,0.0,0.0,0.0,0.0,0.0,0.06961,1.0,1.0,300.0,300.0,300.0,300.0,0.0,0.0
11,1672570860000.0,0.0,0.0,0.0,0.0,0.0,0.0,0.06969,1.0,1.0,300.0,300.0,300.0,300.0,0.0,0.0
12,1672574460000.0,0.0,0.0,0.0,0.0,0.0,0.0,0.06961,1.0,1.0,300.0,300.0,300.0,300.0,0.0,0.0
13,1672578060000.0,0.0,0.0,0.0,0.0,0.0,0.0,0.06961,1.0,1.0,300.0,300.0,300.0,300.0,0.0,0.0
14,1672581660000.0,0.0,0.0,0.0,0.0,0.0,0.0,0.06964,1.0,1.0,300.0,300.0,300.0,300.0,0.0,0.0
15,1672585260000.0,0.0,0.0,0.0,0.0,0.0,0.0,0.0696,1.0,1.0,300.0,300.0,300.0,300.0,0.0,0.0
16,1672588860000.0,0.0,0.0,0.0,0.0,0.0,0.0,0.06982,1.0,1.0,300.0,300.0,300.0,300.0,0.0,0.0
17,1672592460000.0,0.0,0.0,0.0,0.0,0.0,0.0,0.06963,1.0,1.0,300.0,300.0,300.0,300.0,0.0,0.0
18,1672596060000.0,0.0,0.0,0.0,0.0,0.0,0.0,0.06997,1.0,1.0,300.0,300.0,300.0,300.0,0.0,0.0
19,1672599660000.0,0.0,0.0,0.0,0.0,0.0,0.0,0.07031,1.0,1.0,300.0,300.0,300.0,300.0,0.0,0.0
20,1672603260000.0,0.0,0.0,0.0,0.0,0.0,0.0,0.07037,1.0,1.0,300.0,300.0,300.0,300.0,0.0,0.0
21,1672606860000.0,0.0,0.0,0.0,0.0,0.0,0.0,0.07052,1.0,1.0,300.0,300.0,300.0,300.0,0.0,0.0
22,1672610460000.0,0.0,0.0,0.0,0.0,0.0,0.0,0.07037,1.0,1.0,300.0,300.0,300.0,300.0,0.0,0.0
23,1672614060000.0,0.0,0.0,0.0,0.0,0.0,0.0,0.07018,1.0,1.0,300.0,300.0,300.0,300.0,0.0,0.0
24,1672617660000.0,0.0,0.0,0.0,0.0,0.0,0.0,0.07029,1.0,1.0,300.0,300.0,300.0,300.0,0.0,0.0
25,1672621260000.0,0.0,0.0,215.0,0.06978,0.0,0.0,0.06985,1.0,1.0,299.9849973,300.0,300.00004729999995,300.0,0.05001150102515477,0.0
26,1672624860000.0,0.0,0.0,215.0,0.06978,0.0,0.0,0.06916,1.0,1.0,299.9849973,300.0,299.85169729999996,300.0,0.05001150102515477,0.0
27,1672628460000.0,0.0,0.0,215.0,0.06978,0.0,0.0,0.06948,1.0,1.0,299.9849973,300.0,299.92049729999997,300.0,0.05001150102515477,0.0
28,1672632060000.0,0.0,0.0,215.0,0.06978,0.0,0.0,0.06994,1.0,1.0,299.9849973,300.0,300.0193973,300.0,0.05001150102515477,0.0
29,1672635660000.0,0.0,0.0,215.0,0.06978,0.0,0.0,0.06997,1.0,1.0,299.9849973,300.0,300.02584729999995,300.0,0.05001150102515477,0.0
30,1672639260000.0,0.0,0.0,215.0,0.06978,0.0,0.0,0.07017,1.0,1.0,299.9849973,300.0,300.06884729999996,300.0,0.05001150102515477,0.0
31,1672642860000.0,0.0,0.0,215.0,0.06978,0.0,0.0,0.0701,1.0,1.0,299.9849973,300.0,300.0537973,300.0,0.05001150102515477,0.0
32,1672646460000.0,0.0,0.0,0.0,0.06978,0.0,0.0,0.07168,1.0,1.0,300.1718925,300.0,300.1718925,300.0,0.0,0.0
33,1672650060000.0,0.0,0.0,0.0,0.06978,0.0,0.0,0.07201,1.0,1.0,300.1718925,300.0,300.1718925,300.0,0.0,0.0
34,1672653660000.0,0.0,0.0,0.0,0.06978,0.0,0.0,0.07194,1.0,1.0,300.1718925,300.0,300.1718925,300.0,0.0,0.0
35,1672657260000.0,0.0,0.0,0.0,0.06978,0.0,0.0,0.07199,1.0,1.0,300.1718925,300.0,300.1718925,300.0,0.0,0.0
36,1672660860000.0,0.0,0.0,0.0,0.06978,0.0,0.0,0.07184,1.0,1.0,300.1718925,300.0,300.1718925,300.0,0.0,0.0
37,1672664460000.0,0.0,0.0,0.0,0.06978,0.0,0.0,0.07202,1.0,1.0,300.1718925,300.0,300.1718925,300.0,0.0,0.0
38,1672668060000.0,0.0,0.0,0.0,0.06978,0.0,0.0,0.07184,1.0,1.0,300.1718925,300.0,300.1718925,300.0,0.0,0.0
39,1672671660000.0,0.0,0.0,0.0,0.06978,0.0,0.0,0.07193,1.0,1.0,300.1718925,300.0,300.1718925,300.0,0.0,0.0
40,1672675260000.0,0.0,0.0,0.0,0.06978,0.0,0.0,0.07231,1.0,1.0,300.1718925,300.0,300.1718925,300.0,0.0,0.0
41,1672678860000.0,0.0,0.0,0.0,0.06978,0.0,0.0,0.07199,1.0,1.0,300.1718925,300.0,300.1718925,300.0,0.0,0.0
42,1672682460000.0,0.0,0.0,0.0,0.06978,0.0,0.0,0.07201,1.0,1.0,300.1718925,300.0,300.1718925,300.0,0.0,0.0
43,1672686060000.0,0.0,0.0,0.0,0.06978,0.0,0.0,0.07218,1.0,1.0,300.1718925,300.0,300.1718925,300.0,0.0,0.0
44,1672689660000.0,0.0,0.0,0.0,0.06978,0.0,0.0,0.07211,1.0,1.0,300.1718925,300.0,300.1718925,300.0,0.0,0.0
45,1672693260000.0,0.0,0.0,0.0,0.06978,0.0,0.0,0.07222,1.0,1.0,300.1718925,300.0,300.1718925,300.0,0.0,0.0
46,1672696860000.0,0.0,0.0,0.0,0.06978,0.0,0.0,0.07238,1.0,1.0,300.1718925,300.0,300.1718925,300.0,0.0,0.0
47,1672700460000.0,0.0,0.0,211.0,0.07128,0.0,0.0,0.07157,1.0,1.0,300.15685242,300.0,300.21804242,300.0,0.05010740177590512,0.0
48,1672704060000.0,0.0,0.0,211.0,0.07128,0.0,0.0,0.07141,1.0,1.0,300.15685242,300.0,300.18428242,300.0,0.05010740177590512,0.0
49,1672707660000.0,0.0,0.0,211.0,0.07128,0.0,0.0,0.07177,1.0,1.0,300.15685242,300.0,300.26024242,300.0,0.05010740177590512,0.0
50,1672711260000.0,0.0,0.0,211.0,0.07128,0.0,0.0,0.07142,1.0,1.0,300.15685242,300.0,300.18639242,300.0,0.05010740177590512,0.0
51,1672714860000.0,0.0,0.0,211.0,0.07128,0.0,0.0,0.07142,1.0,1.0,300.15685242,300.0,300.18639242,300.0,0.05010740177590512,0.0
52,1672718460000.0,0.0,0.0,211.0,0.07128,0.0,0.0,0.07165,1.0,1.0,300.15685242,300.0,300.23492242000003,300.0,0.05010740177590512,0.0
53,1672722060000.0,0.0,0.0,211.0,0.07128,0.0,0.0,0.07141,1.0,1.0,300.15685242,300.0,300.18428242,300.0,0.05010740177590512,0.0
54,1672725660000.0,0.0,0.0,211.0,0.07128,0.0,0.0,0.07198,1.0,1.0,300.15685242,300.0,300.30455242,300.0,0.05010740177590512,0.0
55,1672729260000.0,0.0,0.0,0.0,0.07128,0.0,0.0,0.07181,1.0,1.0,300.34416978,300.0,300.34416978,300.0,0.0,0.0
56,1672732860000.0,0.0,0.0,0.0,0.07128,0.0,0.0,0.07197,1.0,1.0,300.34416978,300.0,300.34416978,300.0,0.0,0.0
57,1672736460000.0,0.0,0.0,0.0,0.07128,0.0,0.0,0.07174,1.0,1.0,300.34416978,300.0,300.34416978,300.0,0.0,0.0
58,1672740060000.0,0.0,0.0,0.0,0.07128,0.0,0.0,0.0718,1.0,1.0,300.34416978,300.0,300.34416978,300.0,0.0,0.0
59,1672743660000.0,0.0,0.0,0.0,0.07128,0.0,0.0,0.07178,1.0,1.0,300.34416978,300.0,300.34416978,300.0,0.0,0.0
60,1672747260000.0,0.0,0.0,210.0,0.07141,0.0,0.0,0.07145,1.0,1.0,300.32917368,300.0,300.33757368,300.0,0.04993221209997504,0.0
61,1672750860000.0,0.0,0.0,210.0,0.07141,0.0,0.0,0.07141,1.0,1.0,300.32917368,300.0,300.32917368,300.0,0.04993221209997504,0.0
62,1672754460000.0,0.0,0.0,210.0,0.07141,0.0,0.0,0.07143,1.0,1.0,300.32917368,300.0,300.33337368,300.0,0.04993221209997504,0.0
63,1672758060000.0,0.0,0.0,210.0,0.07141,0.0,0.0,0.071,1.0,1.0,300.32917368,300.0,300.24307368,300.0,0.04993221209997504,0.0
64,1672761660000.0,0.0,0.0,210.0,0.07141,0.0,0.0,0.07091,1.0,1.0,300.32917368,300.0,300.22417368,300.0,0.04993221209997504,0.0
65,1672765260000.0,0.0,0.0,210.0,0.07141,0.0,0.0,0.06979,1.0,1.0,300.32917368,300.0,299.98897368,300.0,0.04993221209997504,0.0
66,1672768860000.0,0.0,0.0,210.0,0.07141,0.0,0.0,0.06972,1.0,1.0,300.32917368,300.0,299.97427368,300.0,0.04993221209997504,0.0
67,1672772460000.0,0.0,0.0,210.0,0.07141,0.0,0.0,0.06999,1.0,1.0,300.32917368,300.0,300.03097368,300.0,0.04993221209997504,0.0
68,1672776060000.0,0.0,0.0,210.0,0.07141,0.0,0.0,0.06998,1.0,1.0,300.32917368,300.0,300.02887368,300.0,0.04993221209997504,0.0
69,1672779660000.0,0.0,0.0,210.0,0.07141,0.0,0.0,0.07007,1.0,1.0,300.32917368,300.0,300.04777368,300.0,0.04993221209997504,0.0
70,1672783260000.0,0.0,0.0,210.0,0.07141,0.0,0.0,0.07011,1.0,1.0,300.32917368,300.0,300.05617368,300.0,0.04993221209997504,0.0
71,1672786860000.0,0.0,0.0,210.0,0.07141,0.0,0.0,0.0701,1.0,1.0,300.32917368,300.0,300.05407368,300.0,0.04993221209997504,0.0
72,1672790460000.0,0.0,0.0,210.0,0.07141,0.0,0.0,0.07042,1.0,1.0,300.32917368,300.0,300.12127368,300.0,0.04993221209997504,0.0
73,1672794060000.0,0.0,0.0,210.0,0.07141,0.0,0.0,0.07035,1.0,1.0,300.32917368,300.0,300.10657368,300.0,0.04993221209997504,0.0
74,1672797660000.0,0.0,0.0,210.0,0.07141,0.0,0.0,0.07137,1.0,1.0,300.32917368,300.0,300.32077368,300.0,0.04993221209997504,0.0
75,1672801260000.0,0.0,0.0,210.0,0.07141,0.0,0.0,0.07172,1.0,1.0,300.32917368,300.0,300.39427367999997,300.0,0.04993221209997504,0.0
76,1672804860000.0,0.0,0.0,0.0,0.07141,0.0,0.0,0.07279,1.0,1.0,300.51557598,300.0,300.51557598,300.0,0.0,0.0
77,1672808460000.0,0.0,0.0,0.0,0.07141,0.0,0.0,0.07231,1.0,1.0,300.51557598,300.0,300.51557598,300.0,0.0,0.0
78,1672812060000.0,0.0,0.0,0.0,0.07141,0.0,0.0,0.07232,1.0,1.0,300.51557598,300.0,300.51557598,300.0,0.0,0.0
79,1672815660000.0,0.0,0.0,0.0,0.07141,0.0,0.0,0.07279,1.0,1.0,300.51557598,300.0,300.51557598,300.0,0.0,0.0
80,1672819260000.0,0.0,0.0,0.0,0.07141,0.0,0.0,0.0725,1.0,1.0,300.51557598,300.0,300.51557598,300.0,0.0,0.0
81,1672822860000.0,0.0,0.0,0.0,0.07141,0.0,0.0,0.07231,1.0,1.0,300.51557598,300.0,300.51557598,300.0,0.0,0.0
82,1672826460000.0,0.0,0.0,0.0,0.07141,0.0,0.0,0.07226,1.0,1.0,300.51557598,300.0,300.51557598,300.0,0.0,0.0
83,1672830060000.0,0.0,0.0,0.0,0.07141,0.0,0.0,0.07223,1.0,1.0,300.51557598,300.0,300.51557598,300.0,0.0,0.0
84,1672833660000.0,0.0,0.0,0.0,0.07141,0.0,0.0,0.07195,1.0,1.0,300.51557598,300.0,300.51557598,300.0,0.0,0.0
85,1672837260000.0,0.0,0.0,0.0,0.07141,0.0,0.0,0.07192,1.0,1.0,300.51557598,300.0,300.51557598,300.0,0.0,0.0
86,1672840860000.0,0.0,0.0,0.0,0.07141,0.0,0.0,0.0723,1.0,1.0,300.51557598,300.0,300.51557598,300.0,0.0,0.0
87,1672844460000.0,0.0,0.0,0.0,0.07141,0.0,0.0,0.07212,1.0,1.0,300.51557598,300.0,300.51557598,300.0,0.0,0.0
88,1672848060000.0,0.0,0.0,0.0,0.07141,0.0,0.0,0.07232,1.0,1.0,300.51557598,300.0,300.51557598,300.0,0.0,0.0
89,1672851660000.0,0.0,0.0,0.0,0.07141,0.0,0.0,0.07227,1.0,1.0,300.51557598,300.0,300.51557598,300.0,0.0,0.0
90,1672855260000.0,0.0,0.0,0.0,0.07141,0.0,0.0,0.07246,1.0,1.0,300.51557598,300.0,300.51557598,300.0,0.0,0.0
91,1672858860000.0,0.0,0.0,0.0,0.07141,0.0,0.0,0.07284,1.0,1.0,300.51557598,300.0,300.51557598,300.0,0.0,0.0
92,1672862460000.0,0.0,0.0,0.0,0.07141,0.0,0.0,0.07232,1.0,1.0,300.51557598,300.0,300.51557598,300.0,0.0,0.0
93,1672866060000.0,0.0,0.0,209.0,0.07176,0.0,0.0,0.07187,1.0,1.0,300.50057814,300.0,300.52356814,300.0,0.049909521282227504,0.0
94,1672869660000.0,0.0,0.0,209.0,0.07176,0.0,0.0,0.07207,1.0,1.0,300.50057814,300.0,300.56536814000003,300.0,0.049909521282227504,0.0
95,1672873260000.0,0.0,0.0,209.0,0.07176,0.0,0.0,0.07251,1.0,1.0,300.50057814,300.0,300.65732814,300.0,0.049909521282227504,0.0
96,1672876860000.0,0.0,0.0,0.0,0.07176,0.0,0.0,0.07334,1.0,1.0,300.68810757,300.0,300.68810757,300.0,0.0,0.0
97,1672880460000.0,0.0,0.0,0.0,0.07176,0.0,0.0,0.07332,1.0,1.0,300.68810757,300.0,300.68810757,300.0,0.0,0.0
98,1672884060000.0,0.0,0.0,0.0,0.07176,0.0,0.0,0.07302,1.0,1.0,300.68810757,300.0,300.68810757,300.0,0.0,0.0
99,1672887660000.0,0.0,0.0,0.0,0.07176,0.0,0.0,0.07321,1.0,1.0,300.68810757,300.0,300.68810757,300.0,0.0,0.0
100,1672891260000.0,0.0,0.0,0.0,0.07176,0.0,0.0,0.07296,1.0,1.0,300.68810757,300.0,300.68810757,300.0,0.0,0.0
101,1672894860000.0,0.0,0.0,0.0,0.07176,0.0,0.0,0.07366,1.0,1.0,300.68810757,300.0,300.68810757,300.0,0.0,0.0
102,1672898460000.0,0.0,0.0,0.0,0.07176,0.0,0.0,0.07461,1.0,1.0,300.68810757,300.0,300.68810757,300.0,0.0,0.0
103,1672902060000.0,0.0,0.0,0.0,0.07176,0.0,0.0,0.07411,1.0,1.0,300.68810757,300.0,300.68810757,300.0,0.0,0.0
104,1672905660000.0,0.0,0.0,0.0,0.07176,0.0,0.0,0.07377,1.0,1.0,300.68810757,300.0,300.68810757,300.0,0.0,0.0
105,1672909260000.0,0.0,0.0,0.0,0.07176,0.0,0.0,0.07364,1.0,1.0,300.68810757,300.0,300.68810757,300.0,0.0,0.0
106,1672912860000.0,0.0,0.0,207.0,0.07267,0.0,0.0,0.07294,1.0,1.0,300.67306488,300.0,300.72895488,300.0,0.05003005508991504,0.0
107,1672916460000.0,0.0,0.0,207.0,0.07267,0.0,0.0,0.07348,1.0,1.0,300.67306488,300.0,300.84073488,300.0,0.05003005508991504,0.0
108,1672920060000.0,0.0,0.0,207.0,0.07267,0.0,0.0,0.07341,1.0,1.0,300.67306488,300.0,300.82624488000005,300.0,0.05003005508991504,0.0
109,1672923660000.0,0.0,0.0,207.0,0.07267,0.0,0.0,0.0732,1.0,1.0,300.67306488,300.0,300.78277488000003,300.0,0.05003005508991504,0.0
110,1672927260000.0,0.0,0.0,207.0,0.07267,0.0,0.0,0.0725,1.0,1.0,300.67306488,300.0,300.63787488,300.0,0.05003005508991504,0.0
111,1672930860000.0,0.0,0.0,207.0,0.07267,0.0,0.0,0.07267,1.0,1.0,300.67306488,300.0,300.67306488,300.0,0.05003005508991504,0.0
112,1672934460000.0,0.0,0.0,207.0,0.07267,0.0,0.0,0.0722,1.0,1.0,300.67306488,300.0,300.57577488000004,300.0,0.05003005508991504,0.0
113,1672938060000.0,0.0,0.0,207.0,0.07267,0.0,0.0,0.07209,1.0,1.0,300.67306488,300.0,300.55300488,300.0,0.05003005508991504,0.0
114,1672941660000.0,0.0,0.0,207.0,0.07267,0.0,0.0,0.07209,1.0,1.0,300.67306488,300.0,300.55300488,300.0,0.05003005508991504,0.0
115,1672945260000.0,0.0,0.0,207.0,0.07267,0.0,0.0,0.07243,1.0,1.0,300.67306488,300.0,300.62338488,300.0,0.05003005508991504,0.0
116,1672948860000.0,0.0,0.0,207.0,0.07267,0.0,0.0,0.0727,1.0,1.0,300.67306488,300.0,300.67927488000004,300.0,0.05003005508991504,0.0
117,1672952460000.0,0.0,0.0,207.0,0.07267,0.0,0.0,0.07268,1.0,1.0,300.67306488,300.0,300.67513488000003,300.0,0.05003005508991504,0.0
118,1672956060000.0,0.0,0.0,207.0,0.07267,0.0,0.0,0.07254,1.0,1.0,300.67306488,300.0,300.64615488000004,300.0,0.05003005508991504,0.0
119,1672959660000.0,0.0,0.0,207.0,0.07267,0.0,0.0,0.07241,1.0,1.0,300.67306488,300.0,300.61924488000005,300.0,0.05003005508991504,0.0
120,1672963260000.0,0.0,0.0,207.0,0.07267,0.0,0.0,0.07166,1.0,1.0,300.67306488,300.0,300.46399488000003,300.0,0.05003005508991504,0.0
121,1672966860000.0,0.0,0.0,207.0,0.07267,0.0,0.0,0.07205,1.0,1.0,300.67306488,300.0,300.54472488000005,300.0,0.05003005508991504,0.0
122,1672970460000.0,0.0,0.0,207.0,0.07267,0.0,0.0,0.07168,1.0,1.0,300.67306488,300.0,300.46813488000004,300.0,0.05003005508991504,0.0
123,1672974060000.0,0.0,0.0,207.0,0.07267,0.0,0.0,0.07151,1.0,1.0,300.67306488,300.0,300.43294488000004,300.0,0.05003005508991504,0.0
124,1672977660000.0,0.0,0.0,207.0,0.07267,0.0,0.0,0.0714,1.0,1.0,300.67306488,300.0,300.41017488000006,300.0,0.05003005508991504,0.0
125,1672981260000.0,0.0,0.0,207.0,0.07267,0.0,0.0,0.07108,1.0,1.0,300.67306488,300.0,300.34393488,300.0,0.05003005508991504,0.0
126,1672984860000.0,0.0,0.0,207.0,0.07267,0.0,0.0,0.07106,1.0,1.0,300.67306488,300.0,300.33979488,300.0,0.05003005508991504,0.0
127,1672988460000.0,0.0,0.0,207.0,0.07267,0.0,0.0,0.07059,1.0,1.0,300.67306488,300.0,300.24250488,300.0,0.05003005508991504,0.0
128,1672992060000.0,0.0,0.0,207.0,0.07267,0.0,0.0,0.07094,1.0,1.0,300.67306488,300.0,300.31495488,300.0,0.05003005508991504,0.0
129,1672995660000.0,0.0,0.0,207.0,0.07267,0.0,0.0,0.07082,1.0,1.0,300.67306488,300.0,300.29011488000003,300.0,0.05003005508991504,0.0
130,1672999260000.0,0.0,0.0,207.0,0.07267,0.0,0.0,0.07089,1.0,1.0,300.67306488,300.0,300.30460488,300.0,0.05003005508991504,0.0
131,1673002860000.0,0.0,0.0,207.0,0.07267,0.0,0.0,0.07063,1.0,1.0,300.67306488,300.0,300.25078488,300.0,0.05003005508991504,0.0
132,1673006460000.0,0.0,0.0,442.0,0.07141524886877829,0.0,0.0,0.07047,1.0,1.0,300.65654203,300.0,300.23874203,300.0,0.10498870168223494,0.0
133,1673010060000.0,0.0,0.0,442.0,0.07141524886877829,0.0,0.0,0.07062,1.0,1.0,300.65654203,300.0,300.30504203000004,300.0,0.10498870168223494,0.0
134,1673013660000.0,0.0,0.0,442.0,0.07141524886877829,0.0,0.0,0.07082,1.0,1.0,300.65654203,300.0,300.39344203,300.0,0.10498870168223494,0.0
135,1673017260000.0,0.0,0.0,442.0,0.07141524886877829,0.0,0.0,0.07091,1.0,1.0,300.65654203,300.0,300.43322203,300.0,0.10498870168223494,0.0
136,1673020860000.0,0.0,0.0,442.0,0.07141524886877829,0.0,0.0,0.07151,1.0,1.0,300.65654203,300.0,300.69842203,300.0,0.10498870168223494,0.0
137,1673024460000.0,0.0,0.0,442.0,0.07141524886877829,0.0,0.0,0.07174,1.0,1.0,300.65654203,300.0,300.80008203,300.0,0.10498870168223494,0.0
138,1673028060000.0,0.0,0.0,442.0,0.07141524886877829,0.0,0.0,0.07166,1.0,1.0,300.65654203,300.0,300.76472203000003,300.0,0.10498870168223494,0.0
139,1673031660000.0,0.0,0.0,442.0,0.07141524886877829,0.0,0.0,0.07198,1.0,1.0,300.65654203,300.0,300.90616203,300.0,0.10498870168223494,0.0
140,1673035260000.0,0.0,0.0,0.0,0.07141524886877829,0.0,0.0,0.07266,1.0,1.0,301.05097007,300.0,301.05097007,300.0,0.0,0.0
141,1673038860000.0,0.0,0.0,0.0,0.07141524886877829,0.0,0.0,0.0721,1.0,1.0,301.05097007,300.0,301.05097007,300.0,0.0,0.0
142,1673042460000.0,0.0,0.0,0.0,0.07141524886877829,0.0,0.0,0.07227,1.0,1.0,301.05097007,300.0,301.05097007,300.0,0.0,0.0
143,1673046060000.0,0.0,0.0,0.0,0.07141524886877829,0.0,0.0,0.07254,1.0,1.0,301.05097007,300.0,301.05097007,300.0,0.0,0.0
144,1673049660000.0,0.0,0.0,0.0,0.07141524886877829,0.0,0.0,0.07245,1.0,1.0,301.05097007,300.0,301.05097007,300.0,0.0,0.0
145,1673053260000.0,0.0,0.0,0.0,0.07141524886877829,0.0,0.0,0.07285,1.0,1.0,301.05097007,300.0,301.05097007,300.0,0.0,0.0
146,1673056860000.0,0.0,0.0,0.0,0.07141524886877829,0.0,0.0,0.07271,1.0,1.0,301.05097007,300.0,301.05097007,300.0,0.0,0.0
147,1673060460000.0,0.0,0.0,0.0,0.07141524886877829,0.0,0.0,0.07237,1.0,1.0,301.05097007,300.0,301.05097007,300.0,0.0,0.0
148,1673064060000.0,0.0,0.0,0.0,0.07141524886877829,0.0,0.0,0.07243,1.0,1.0,301.05097007,300.0,301.05097007,300.0,0.0,0.0
149,1673067660000.0,0.0,0.0,0.0,0.07141524886877829,0.0,0.0,0.07232,1.0,1.0,301.05097007,300.0,301.05097007,300.0,0.0,0.0
150,1673071260000.0,0.0,0.0,0.0,0.07141524886877829,0.0,0.0,0.07239,1.0,1.0,301.05097007,300.0,301.05097007,300.0,0.0,0.0
151,1673074860000.0,0.0,0.0,0.0,0.07141524886877829,0.0,0.0,0.07228,1.0,1.0,301.05097007,300.0,301.05097007,300.0,0.0,0.0
152,1673078460000.0,0.0,0.0,0.0,0.07141524886877829,0.0,0.0,0.07266,1.0,1.0,301.05097007,300.0,301.05097007,300.0,0.0,0.0
153,1673082060000.0,0.0,0.0,0.0,0.07141524886877829,0.0,0.0,0.07233,1.0,1.0,301.05097007,300.0,301.05097007,300.0,0.0,0.0
154,1673085660000.0,0.0,0.0,0.0,0.07141524886877829,0.0,0.0,0.0724,1.0,1.0,301.05097007,300.0,301.05097007,300.0,0.0,0.0
155,1673089260000.0,0.0,0.0,0.0,0.07141524886877829,0.0,0.0,0.07229,1.0,1.0,301.05097007,300.0,301.05097007,300.0,0.0,0.0
156,1673092860000.0,0.0,0.0,209.0,0.07193,0.0,0.0,0.07196,1.0,1.0,301.0359367,300.0,301.04220669999995,300.0,0.049938788587163385,0.0
157,1673096460000.0,0.0,0.0,209.0,0.07193,0.0,0.0,0.07197,1.0,1.0,301.0359367,300.0,301.04429669999996,300.0,0.049938788587163385,0.0
158,1673100060000.0,0.0,0.0,209.0,0.07193,0.0,0.0,0.07196,1.0,1.0,301.0359367,300.0,301.04220669999995,300.0,0.049938788587163385,0.0
159,1673103660000.0,0.0,0.0,209.0,0.07193,0.0,0.0,0.07212,1.0,1.0,301.0359367,300.0,301.0756467,300.0,0.049938788587163385,0.0
160,1673107260000.0,0.0,0.0,209.0,0.07193,0.0,0.0,0.07219,1.0,1.0,301.0359367,300.0,301.0902767,300.0,0.049938788587163385,0.0
161,1673110860000.0,0.0,0.0,209.0,0.07193,0.0,0.0,0.07198,1.0,1.0,301.0359367,300.0,301.04638669999997,300.0,0.049938788587163385,0.0
162,1673114460000.0,0.0,0.0,209.0,0.07193,0.0,0.0,0.07194,1.0,1.0,301.0359367,300.0,301.0380267,300.0,0.049938788587163385,0.0
163,1673118060000.0,0.0,0.0,209.0,0.07193,0.0,0.0,0.07207,1.0,1.0,301.0359367,300.0,301.0651967,300.0,0.049938788587163385,0.0
164,1673121660000.0,0.0,0.0,209.0,0.07193,0.0,0.0,0.07224,1.0,1.0,301.0359367,300.0,301.1007267,300.0,0.049938788587163385,0.0
165,1673125260000.0,0.0,0.0,209.0,0.07193,0.0,0.0,0.07218,1.0,1.0,301.0359367,300.0,301.0881867,300.0,0.049938788587163385,0.0
166,1673128860000.0,0.0,0.0,209.0,0.07193,0.0,0.0,0.07218,1.0,1.0,301.0359367,300.0,301.0881867,300.0,0.049938788587163385,0.0
167,1673132460000.0,0.0,0.0,209.0,0.07193,0.0,0.0,0.07195,1.0,1.0,301.0359367,300.0,301.0401167,300.0,0.049938788587163385,0.0
168,1673136060000.0,0.0,0.0,209.0,0.07193,0.0,0.0,0.07227,1.0,1.0,301.0359367,300.0,301.10699669999997,300.0,0.049938788587163385,0.0
169,1673139660000.0,0.0,0.0,209.0,0.07193,0.0,0.0,0.07158,1.0,1.0,301.0359367,300.0,300.9627867,300.0,0.049938788587163385,0.0
170,1673143260000.0,0.0,0.0,209.0,0.07193,0.0,0.0,0.07183,1.0,1.0,301.0359367,300.0,301.0150367,300.0,0.049938788587163385,0.0
171,1673146860000.0,0.0,0.0,209.0,0.07193,0.0,0.0,0.07168,1.0,1.0,301.0359367,300.0,300.98368669999996,300.0,0.049938788587163385,0.0
172,1673150460000.0,0.0,0.0,209.0,0.07193,0.0,0.0,0.07185,1.0,1.0,301.0359367,300.0,301.01921669999996,300.0,0.049938788587163385,0.0
173,1673154060000.0,0.0,0.0,209.0,0.07193,0.0,0.0,0.07186,1.0,1.0,301.0359367,300.0,301.02130669999997,300.0,0.049938788587163385,0.0
174,1673157660000.0,0.0,0.0,209.0,0.07193,0.0,0.0,0.07195,1.0,1.0,301.0359367,300.0,301.0401167,300.0,0.049938788587163385,0.0
175,1673161260000.0,0.0,0.0,209.0,0.07193,0.0,0.0,0.07191,1.0,1.0,301.0359367,300.0,301.03175669999996,300.0,0.049938788587163385,0.0
176,1673164860000.0,0.0,0.0,209.0,0.07193,0.0,0.0,0.07175,1.0,1.0,301.0359367,300.0,300.9983167,300.0,0.049938788587163385,0.0
177,1673168460000.0,0.0,0.0,209.0,0.07193,0.0,0.0,0.0717,1.0,1.0,301.0359367,300.0,300.9878667,300.0,0.049938788587163385,0.0
178,1673172060000.0,0.0,0.0,209.0,0.07193,0.0,0.0,0.07183,1.0,1.0,301.0359367,300.0,301.0150367,300.0,0.049938788587163385,0.0
179,1673175660000.0,0.0,0.0,209.0,0.07193,0.0,0.0,0.07179,1.0,1.0,301.0359367,300.0,301.00667669999996,300.0,0.049938788587163385,0.0
180,1673179260000.0,0.0,0.0,209.0,0.07193,0.0,0.0,0.07161,1.0,1.0,301.0359367,300.0,300.96905669999995,300.0,0.049938788587163385,0.0
181,1673182860000.0,0.0,0.0,209.0,0.07193,0.0,0.0,0.07155,1.0,1.0,301.0359367,300.0,300.9565167,300.0,0.049938788587163385,0.0
182,1673186460000.0,0.0,0.0,209.0,0.07193,0.0,0.0,0.07159,1.0,1.0,301.0359367,300.0,300.9648767,300.0,0.049938788587163385,0.0
183,1673190060000.0,0.0,0.0,209.0,0.07193,0.0,0.0,0.07217,1.0,1.0,301.0359367,300.0,301.0860967,300.0,0.049938788587163385,0.0
184,1673193660000.0,0.0,0.0,209.0,0.07193,0.0,0.0,0.07258,1.0,1.0,301.0359367,300.0,301.1717867,300.0,0.049938788587163385,0.0
185,1673197260000.0,0.0,0.0,209.0,0.07193,0.0,0.0,0.07187,1.0,1.0,301.0359367,300.0,301.0233967,300.0,0.049938788587163385,0.0
186,1673200860000.0,0.0,0.0,209.0,0.07193,0.0,0.0,0.07173,1.0,1.0,301.0359367,300.0,300.99413669999996,300.0,0.049938788587163385,0.0
187,1673204460000.0,0.0,0.0,209.0,0.07193,0.0,0.0,0.07181,1.0,1.0,301.0359367,300.0,301.0108567,300.0,0.049938788587163385,0.0
188,1673208060000.0,0.0,0.0,209.0,0.07193,0.0,0.0,0.07185,1.0,1.0,301.0359367,300.0,301.01921669999996,300.0,0.049938788587163385,0.0
189,1673211660000.0,0.0,0.0,0.0,0.07193,0.0,0.0,0.07284,1.0,1.0,301.22343060000003,300.0,301.22343060000003,300.0,0.0,0.0
190,1673215260000.0,0.0,0.0,0.0,0.07193,0.0,0.0,0.07249,1.0,1.0,301.22343060000003,300.0,301.22343060000003,300.0,0.0,0.0
191,1673218860000.0,0.0,0.0,0.0,0.07193,0.0,0.0,0.07316,1.0,1.0,301.22343060000003,300.0,301.22343060000003,300.0,0.0,0.0
192,1673222460000.0,0.0,0.0,0.0,0.07193,0.0,0.0,0.07363,1.0,1.0,301.22343060000003,300.0,301.22343060000003,300.0,0.0,0.0
193,1673226060000.0,0.0,0.0,0.0,0.07193,0.0,0.0,0.07446,1.0,1.0,301.22343060000003,300.0,301.22343060000003,300.0,0.0,0.0
194,1673229660000.0,0.0,0.0,0.0,0.07193,0.0,0.0,0.07451,1.0,1.0,301.22343060000003,300.0,301.22343060000003,300.0,0.0,0.0
195,1673233260000.0,0.0,0.0,0.0,0.07193,0.0,0.0,0.07469,1.0,1.0,301.22343060000003,300.0,301.22343060000003,300.0,0.0,0.0
196,1673236860000.0,0.0,0.0,0.0,0.07193,0.0,0.0,0.07507,1.0,1.0,301.22343060000003,300.0,301.22343060000003,300.0,0.0,0.0
197,1673240460000.0,0.0,0.0,0.0,0.07193,0.0,0.0,0.07535,1.0,1.0,301.22343060000003,300.0,301.22343060000003,300.0,0.0,0.0
198,1673244060000.0,0.0,0.0,0.0,0.07193,0.0,0.0,0.07526,1.0,1.0,301.22343060000003,300.0,301.22343060000003,300.0,0.0,0.0
199,1673247660000.0,0.0,0.0,0.0,0.07193,0.0,0.0,0.07466,1.0,1.0,301.22343060000003,300.0,301.22343060000003,300.0,0.0,0.0
200,1673251260000.0,0.0,0.0,0.0,0.07193,0.0,0.0,0.07498,1.0,1.0,301.22343060000003,300.0,301.22343060000003,300.0,0.0,0.0
201,1673254860000.0,0.0,0.0,0.0,0.07193,0.0,0.0,0.07498,1.0,1.0,301.22343060000003,300.0,301.22343060000003,300.0,0.0,0.0
202,1673258460000.0,0.0,0.0,0.0,0.07193,0.0,0.0,0.07586,1.0,1.0,301.22343060000003,300.0,301.22343060000003,300.0,0.0,0.0
203,1673262060000.0,0.0,0.0,0.0,0.07193,0.0,0.0,0.077,1.0,1.0,301.22343060000003,300.0,301.22343060000003,300.0,0.0,0.0
204,1673265660000.0,0.0,0.0,0.0,0.07193,0.0,0.0,0.07796,1.0,1.0,301.22343060000003,300.0,301.22343060000003,300.0,0.0,0.0
205,1673269260000.0,0.0,0.0,0.0,0.07193,0.0,0.0,0.07759,1.0,1.0,301.22343060000003,300.0,301.22343060000003,300.0,0.0,0.0
206,1673272860000.0,0.0,0.0,0.0,0.07193,0.0,0.0,0.07723,1.0,1.0,301.22343060000003,300.0,301.22343060000003,300.0,0.0,0.0
207,1673276460000.0,0.0,0.0,0.0,0.07193,0.0,0.0,0.07803,1.0,1.0,301.22343060000003,300.0,301.22343060000003,300.0,0.0,0.0
208,1673280060000.0,0.0,0.0,0.0,0.07193,0.0,0.0,0.07838,1.0,1.0,301.22343060000003,300.0,301.22343060000003,300.0,0.0,0.0
209,1673283660000.0,0.0,0.0,0.0,0.07193,0.0,0.0,0.07847,1.0,1.0,301.22343060000003,300.0,301.22343060000003,300.0,0.0,0.0
210,1673287260000.0,0.0,0.0,0.0,0.07193,0.0,0.0,0.07858,1.0,1.0,301.22343060000003,300.0,301.22343060000003,300.0,0.0,0.0
211,1673290860000.0,0.0,0.0,0.0,0.07193,0.0,0.0,0.07754,1.0,1.0,301.22343060000003,300.0,301.22343060000003,300.0,0.0,0.0
212,1673294460000.0,0.0,0.0,0.0,0.07193,0.0,0.0,0.07709,1.0,1.0,301.22343060000003,300.0,301.22343060000003,300.0,0.0,0.0
213,1673298060000.0,0.0,0.0,199.0,0.07585,0.0,0.0,0.07565,1.0,1.0,301.20833645000005,300.0,301.16853645000003,300.0,0.05011199284155802,0.0
214,1673301660000.0,0.0,0.0,199.0,0.07585,0.0,0.0,0.07533,1.0,1.0,301.20833645000005,300.0,301.10485645000006,300.0,0.05011199284155802,0.0
215,1673305260000.0,0.0,0.0,199.0,0.07585,0.0,0.0,0.07572,1.0,1.0,301.20833645000005,300.0,301.18246645000005,300.0,0.05011199284155802,0.0
216,1673308860000.0,0.0,0.0,199.0,0.07585,0.0,0.0,0.07576,1.0,1.0,301.20833645000005,300.0,301.19042645,300.0,0.05011199284155802,0.0
217,1673312460000.0,0.0,0.0,0.0,0.07585,0.0,0.0,0.07711,1.0,1.0,301.39601932000005,300.0,301.39601932000005,300.0,0.0,0.0
218,1673316060000.0,0.0,0.0,0.0,0.07585,0.0,0.0,0.07662,1.0,1.0,301.39601932000005,300.0,301.39601932000005,300.0,0.0,0.0
219,1673319660000.0,0.0,0.0,199.0,0.07588,0.0,0.0,0.07508,1.0,1.0,301.38091920000005,300.0,301.22171920000005,300.0,0.05010310553197091,0.0
220,1673323260000.0,0.0,0.0,199.0,0.07588,0.0,0.0,0.07581,1.0,1.0,301.38091920000005,300.0,301.36698920000003,300.0,0.05010310553197091,0.0
221,1673326860000.0,0.0,0.0,199.0,0.07588,0.0,0.0,0.07594,1.0,1.0,301.38091920000005,300.0,301.39285920000003,300.0,0.05010310553197091,0.0
222,1673330460000.0,0.0,0.0,199.0,0.07588,0.0,0.0,0.0761,1.0,1.0,301.38091920000005,300.0,301.4246992000001,300.0,0.05010310553197091,0.0
223,1673334060000.0,0.0,0.0,199.0,0.07588,0.0,0.0,0.07593,1.0,1.0,301.38091920000005,300.0,301.39086920000005,300.0,0.05010310553197091,0.0
224,1673337660000.0,0.0,0.0,199.0,0.07588,0.0,0.0,0.07586,1.0,1.0,301.38091920000005,300.0,301.37693920000004,300.0,0.05010310553197091,0.0
225,1673341260000.0,0.0,0.0,199.0,0.07588,0.0,0.0,0.07632,1.0,1.0,301.38091920000005,300.0,301.46847920000005,300.0,0.05010310553197091,0.0
226,1673344860000.0,0.0,0.0,0.0,0.07588,0.0,0.0,0.07656,1.0,1.0,301.5685961000001,300.0,301.5685961000001,300.0,0.0,0.0
227,1673348460000.0,0.0,0.0,0.0,0.07588,0.0,0.0,0.07666,1.0,1.0,301.5685961000001,300.0,301.5685961000001,300.0,0.0,0.0
228,1673352060000.0,0.0,0.0,0.0,0.07588,0.0,0.0,0.07667,1.0,1.0,301.5685961000001,300.0,301.5685961000001,300.0,0.0,0.0
229,1673355660000.0,0.0,0.0,199.0,0.07593,0.0,0.0,0.07594,1.0,1.0,301.5534860300001,300.0,301.5554760300001,300.0,0.050107429361624996,0.0
230,1673359260000.0,0.0,0.0,199.0,0.07593,0.0,0.0,0.07602,1.0,1.0,301.5534860300001,300.0,301.57139603000013,300.0,0.050107429361624996,0.0
231,1673362860000.0,0.0,0.0,199.0,0.07593,0.0,0.0,0.07631,1.0,1.0,301.5534860300001,300.0,301.6291060300001,300.0,0.050107429361624996,0.0
232,1673366460000.0,0.0,0.0,199.0,0.07593,0.0,0.0,0.07655,1.0,1.0,301.5534860300001,300.0,301.6768660300001,300.0,0.050107429361624996,0.0
233,1673370060000.0,0.0,0.0,199.0,0.07593,0.0,0.0,0.07597,1.0,1.0,301.5534860300001,300.0,301.5614460300001,300.0,0.050107429361624996,0.0
234,1673373660000.0,0.0,0.0,199.0,0.07593,0.0,0.0,0.07625,1.0,1.0,301.5534860300001,300.0,301.6171660300001,300.0,0.050107429361624996,0.0
235,1673377260000.0,0.0,0.0,199.0,0.07593,0.0,0.0,0.07672,1.0,1.0,301.5534860300001,300.0,301.7106960300001,300.0,0.050107429361624996,0.0
236,1673380860000.0,0.0,0.0,0.0,0.07593,0.0,0.0,0.07714,1.0,1.0,301.74115298000015,300.0,301.74115298000015,300.0,0.0,0.0
237,1673384460000.0,0.0,0.0,0.0,0.07593,0.0,0.0,0.07715,1.0,1.0,301.74115298000015,300.0,301.74115298000015,300.0,0.0,0.0
238,1673388060000.0,0.0,0.0,0.0,0.07593,0.0,0.0,0.07702,1.0,1.0,301.74115298000015,300.0,301.74115298000015,300.0,0.0,0.0
239,1673391660000.0,0.0,0.0,0.0,0.07593,0.0,0.0,0.07733,1.0,1.0,301.74115298000015,300.0,301.74115298000015,300.0,0.0,0.0
240,1673395260000.0,0.0,0.0,0.0,0.07593,0.0,0.0,0.07762,1.0,1.0,301.74115298000015,300.0,301.74115298000015,300.0,0.0,0.0
241,1673398860000.0,0.0,0.0,0.0,0.07593,0.0,0.0,0.07761,1.0,1.0,301.74115298000015,300.0,301.74115298000015,300.0,0.0,0.0
242,1673402460000.0,0.0,0.0,0.0,0.07593,0.0,0.0,0.07744,1.0,1.0,301.74115298000015,300.0,301.74115298000015,300.0,0.0,0.0
243,1673406060000.0,0.0,0.0,197.0,0.07647,0.0,0.0,0.07659,1.0,1.0,301.72608839000014,300.0,301.74972839000014,300.0,0.04992803267488113,0.0
244,1673409660000.0,0.0,0.0,197.0,0.07647,0.0,0.0,0.0766,1.0,1.0,301.72608839000014,300.0,301.7516983900002,300.0,0.04992803267488113,0.0
245,1673413260000.0,0.0,0.0,197.0,0.07647,0.0,0.0,0.07656,1.0,1.0,301.72608839000014,300.0,301.7438183900002,300.0,0.04992803267488113,0.0
246,1673416860000.0,0.0,0.0,197.0,0.07647,0.0,0.0,0.07666,1.0,1.0,301.72608839000014,300.0,301.7635183900002,300.0,0.04992803267488113,0.0
247,1673420460000.0,0.0,0.0,197.0,0.07647,0.0,0.0,0.07701,1.0,1.0,301.72608839000014,300.0,301.83246839000014,300.0,0.04992803267488113,0.0
248,1673424060000.0,0.0,0.0,197.0,0.07647,0.0,0.0,0.07705,1.0,1.0,301.72608839000014,300.0,301.84034839000014,300.0,0.04992803267488113,0.0
249,1673427660000.0,0.0,0.0,197.0,0.07647,0.0,0.0,0.07695,1.0,1.0,301.72608839000014,300.0,301.82064839000014,300.0,0.04992803267488113,0.0
250,1673431260000.0,0.0,0.0,197.0,0.07647,0.0,0.0,0.07703,1.0,1.0,301.72608839000014,300.0,301.83640839000014,300.0,0.04992803267488113,0.0
251,1673434860000.0,0.0,0.0,197.0,0.07647,0.0,0.0,0.07691,1.0,1.0,301.72608839000014,300.0,301.81276839000014,300.0,0.04992803267488113,0.0
252,1673438460000.0,0.0,0.0,197.0,0.07647,0.0,0.0,0.07668,1.0,1.0,301.72608839000014,300.0,301.7674583900001,300.0,0.04992803267488113,0.0
253,1673442060000.0,0.0,0.0,197.0,0.07647,0.0,0.0,0.07653,1.0,1.0,301.72608839000014,300.0,301.73790839000014,300.0,0.04992803267488113,0.0
254,1673445660000.0,0.0,0.0,197.0,0.07647,0.0,0.0,0.07602,1.0,1.0,301.72608839000014,300.0,301.63743839000017,300.0,0.04992803267488113,0.0
255,1673449260000.0,0.0,0.0,197.0,0.07647,0.0,0.0,0.07603,1.0,1.0,301.72608839000014,300.0,301.63940839000014,300.0,0.04992803267488113,0.0
256,1673452860000.0,0.0,0.0,197.0,0.07647,0.0,0.0,0.07504,1.0,1.0,301.72608839000014,300.0,301.44437839000017,300.0,0.04992803267488113,0.0
257,1673456460000.0,0.0,0.0,197.0,0.07647,0.0,0.0,0.07517,1.0,1.0,301.72608839000014,300.0,301.46998839000014,300.0,0.04992803267488113,0.0
258,1673460060000.0,0.0,0.0,197.0,0.07647,0.0,0.0,0.07556,1.0,1.0,301.72608839000014,300.0,301.54681839000017,300.0,0.04992803267488113,0.0
259,1673463660000.0,0.0,0.0,197.0,0.07647,0.0,0.0,0.07639,1.0,1.0,301.72608839000014,300.0,301.71032839000014,300.0,0.04992803267488113,0.0
260,1673467260000.0,0.0,0.0,0.0,0.07647,0.0,0.0,0.07743,1.0,1.0,301.9137308900001,300.0,301.9137308900001,300.0,0.0,0.0
261,1673470860000.0,0.0,0.0,0.0,0.07647,0.0,0.0,0.0771,1.0,1.0,301.9137308900001,300.0,301.9137308900001,300.0,0.0,0.0
262,1673474460000.0,0.0,0.0,0.0,0.07647,0.0,0.0,0.07671,1.0,1.0,301.9137308900001,300.0,301.9137308900001,300.0,0.0,0.0
263,1673478060000.0,0.0,0.0,0.0,0.07647,0.0,0.0,0.07696,1.0,1.0,301.9137308900001,300.0,301.9137308900001,300.0,0.0,0.0
264,1673481660000.0,0.0,0.0,0.0,0.07647,0.0,0.0,0.07814,1.0,1.0,301.9137308900001,300.0,301.9137308900001,300.0,0.0,0.0
265,1673485260000.0,0.0,0.0,0.0,0.07647,0.0,0.0,0.07921,1.0,1.0,301.9137308900001,300.0,301.9137308900001,300.0,0.0,0.0
266,1673488860000.0,0.0,0.0,0.0,0.07647,0.0,0.0,0.07938,1.0,1.0,301.9137308900001,300.0,301.9137308900001,300.0,0.0,0.0
267,1673492460000.0,0.0,0.0,0.0,0.07647,0.0,0.0,0.07888,1.0,1.0,301.9137308900001,300.0,301.9137308900001,300.0,0.0,0.0
268,1673496060000.0,0.0,0.0,0.0,0.07647,0.0,0.0,0.08016,1.0,1.0,301.9137308900001,300.0,301.9137308900001,300.0,0.0,0.0
269,1673499660000.0,0.0,0.0,0.0,0.07647,0.0,0.0,0.07999,1.0,1.0,301.9137308900001,300.0,301.9137308900001,300.0,0.0,0.0
270,1673503260000.0,0.0,0.0,0.0,0.07647,0.0,0.0,0.07899,1.0,1.0,301.9137308900001,300.0,301.9137308900001,300.0,0.0,0.0
271,1673506860000.0,0.0,0.0,0.0,0.07647,0.0,0.0,0.07897,1.0,1.0,301.9137308900001,300.0,301.9137308900001,300.0,0.0,0.0
272,1673510460000.0,0.0,0.0,0.0,0.07647,0.0,0.0,0.07896,1.0,1.0,301.9137308900001,300.0,301.9137308900001,300.0,0.0,0.0
273,1673514060000.0,0.0,0.0,0.0,0.07647,0.0,0.0,0.07873,1.0,1.0,301.9137308900001,300.0,301.9137308900001,300.0,0.0,0.0
274,1673517660000.0,0.0,0.0,0.0,0.07647,0.0,0.0,0.07838,1.0,1.0,301.9137308900001,300.0,301.9137308900001,300.0,0.0,0.0
275,1673521260000.0,0.0,0.0,0.0,0.07647,0.0,0.0,0.0784,1.0,1.0,301.9137308900001,300.0,301.9137308900001,300.0,0.0,0.0
276,1673524860000.0,0.0,0.0,0.0,0.07647,0.0,0.0,0.07841,1.0,1.0,301.9137308900001,300.0,301.9137308900001,300.0,0.0,0.0
277,1673528460000.0,0.0,0.0,0.0,0.07647,0.0,0.0,0.07853,1.0,1.0,301.9137308900001,300.0,301.9137308900001,300.0,0.0,0.0
278,1673532060000.0,0.0,0.0,0.0,0.07783,0.0,0.0,0.07898,1.0,1.0,302.44939408000016,300.0,302.44939408000016,300.0,0.0,0.0
279,1673535660000.0,0.0,0.0,194.0,0.07791,0.0,0.0,0.07728,1.0,1.0,302.43427954000015,300.0,302.3120595400002,300.0,0.04997627922003114,0.0
280,1673539260000.0,0.0,0.0,194.0,0.07791,0.0,0.0,0.07714,1.0,1.0,302.43427954000015,300.0,302.28489954000014,300.0,0.04997627922003114,0.0
281,1673542860000.0,0.0,0.0,194.0,0.07791,0.0,0.0,0.07778,1.0,1.0,302.43427954000015,300.0,302.40905954000016,300.0,0.04997627922003114,0.0
282,1673546460000.0,0.0,0.0,0.0,0.07791,0.0,0.0,0.07967,1.0,1.0,302.6226613000002,300.0,302.6226613000002,300.0,0.0,0.0
283,1673550060000.0,0.0,0.0,0.0,0.07791,0.0,0.0,0.08016,1.0,1.0,302.6226613000002,300.0,302.6226613000002,300.0,0.0,0.0
284,1673553660000.0,0.0,0.0,0.0,0.07791,0.0,0.0,0.07965,1.0,1.0,302.6226613000002,300.0,302.6226613000002,300.0,0.0,0.0
285,1673557260000.0,0.0,0.0,0.0,0.07791,0.0,0.0,0.08019,1.0,1.0,302.6226613000002,300.0,302.6226613000002,300.0,0.0,0.0
286,1673560860000.0,0.0,0.0,0.0,0.07791,0.0,0.0,0.07984,1.0,1.0,302.6226613000002,300.0,302.6226613000002,300.0,0.0,0.0
287,1673564460000.0,0.0,0.0,0.0,0.07791,0.0,0.0,0.0798,1.0,1.0,302.6226613000002,300.0,302.6226613000002,300.0,0.0,0.0
288,1673568060000.0,0.0,0.0,0.0,0.07791,0.0,0.0,0.08045,1.0,1.0,302.6226613000002,300.0,302.6226613000002,300.0,0.0,0.0
289,1673571660000.0,0.0,0.0,0.0,0.07791,0.0,0.0,0.07983,1.0,1.0,302.6226613000002,300.0,302.6226613000002,300.0,0.0,0.0
290,1673575260000.0,0.0,0.0,0.0,0.07791,0.0,0.0,0.07957,1.0,1.0,302.6226613000002,300.0,302.6226613000002,300.0,0.0,0.0
291,1673578860000.0,0.0,0.0,0.0,0.07791,0.0,0.0,0.08007,1.0,1.0,302.6226613000002,300.0,302.6226613000002,300.0,0.0,0.0
292,1673582460000.0,0.0,0.0,0.0,0.07791,0.0,0.0,0.08085,1.0,1.0,302.6226613000002,300.0,302.6226613000002,300.0,0.0,0.0
293,1673586060000.0,0.0,0.0,0.0,0.07791,0.0,0.0,0.08091,1.0,1.0,302.6226613000002,300.0,302.6226613000002,300.0,0.0,0.0
294,1673589660000.0,0.0,0.0,0.0,0.07791,0.0,0.0,0.08029,1.0,1.0,302.6226613000002,300.0,302.6226613000002,300.0,0.0,0.0
295,1673593260000.0,0.0,0.0,0.0,0.07791,0.0,0.0,0.08044,1.0,1.0,302.6226613000002,300.0,302.6226613000002,300.0,0.0,0.0
296,1673596860000.0,0.0,0.0,0.0,0.07791,0.0,0.0,0.08008,1.0,1.0,302.6226613000002,300.0,302.6226613000002,300.0,0.0,0.0
297,1673600460000.0,0.0,0.0,0.0,0.07791,0.0,0.0,0.08019,1.0,1.0,302.6226613000002,300.0,302.6226613000002,300.0,0.0,0.0
298,1673604060000.0,0.0,0.0,0.0,0.07791,0.0,0.0,0.08051,1.0,1.0,302.6226613000002,300.0,302.6226613000002,300.0,0.0,0.0
299,1673607660000.0,0.0,0.0,0.0,0.07791,0.0,0.0,0.08046,1.0,1.0,302.6226613000002,300.0,302.6226613000002,300.0,0.0,0.0
300,1673611260000.0,0.0,0.0,0.0,0.07791,0.0,0.0,0.07966,1.0,1.0,302.6226613000002,300.0,302.6226613000002,300.0,0.0,0.0
301,1673614860000.0,0.0,0.0,190.0,0.07949,0.0,0.0,0.07936,1.0,1.0,302.6075582000002,300.0,302.5828582000002,300.0,0.04990985714249087,0.0
302,1673618460000.0,0.0,0.0,190.0,0.07949,0.0,0.0,0.07919,1.0,1.0,302.6075582000002,300.0,302.5505582000002,300.0,0.04990985714249087,0.0
303,1673622060000.0,0.0,0.0,190.0,0.07949,0.0,0.0,0.0797,1.0,1.0,302.6075582000002,300.0,302.6474582000002,300.0,0.04990985714249087,0.0
304,1673625660000.0,0.0,0.0,190.0,0.07949,0.0,0.0,0.08018,1.0,1.0,302.6075582000002,300.0,302.7386582000002,300.0,0.04990985714249087,0.0
305,1673629260000.0,0.0,0.0,190.0,0.07949,0.0,0.0,0.07978,1.0,1.0,302.6075582000002,300.0,302.6626582000002,300.0,0.04990985714249087,0.0
306,1673632860000.0,0.0,0.0,190.0,0.07949,0.0,0.0,0.08035,1.0,1.0,302.6075582000002,300.0,302.7709582000002,300.0,0.04990985714249087,0.0
307,1673636460000.0,0.0,0.0,0.0,0.07949,0.0,0.0,0.08006,1.0,1.0,302.7955518000002,300.0,302.7955518000002,300.0,0.0,0.0
308,1673640060000.0,0.0,0.0,0.0,0.07949,0.0,0.0,0.08057,1.0,1.0,302.7955518000002,300.0,302.7955518000002,300.0,0.0,0.0
309,1673643660000.0,0.0,0.0,0.0,0.07949,0.0,0.0,0.08128,1.0,1.0,302.7955518000002,300.0,302.7955518000002,300.0,0.0,0.0
310,1673647260000.0,0.0,0.0,0.0,0.07949,0.0,0.0,0.0829,1.0,1.0,302.7955518000002,300.0,302.7955518000002,300.0,0.0,0.0
311,1673650860000.0,0.0,0.0,0.0,0.07949,0.0,0.0,0.08367,1.0,1.0,302.7955518000002,300.0,302.7955518000002,300.0,0.0,0.0
312,1673654460000.0,0.0,0.0,0.0,0.07949,0.0,0.0,0.08421,1.0,1.0,302.7955518000002,300.0,302.7955518000002,300.0,0.0,0.0
313,1673658060000.0,0.0,0.0,0.0,0.07949,0.0,0.0,0.08619,1.0,1.0,302.7955518000002,300.0,302.7955518000002,300.0,0.0,0.0
314,1673661660000.0,0.0,0.0,0.0,0.07949,0.0,0.0,0.0895,1.0,1.0,302.7955518000002,300.0,302.7955518000002,300.0,0.0,0.0
315,1673665260000.0,0.0,0.0,0.0,0.07949,0.0,0.0,0.08845,1.0,1.0,302.7955518000002,300.0,302.7955518000002,300.0,0.0,0.0
316,1673668860000.0,0.0,0.0,0.0,0.07949,0.0,0.0,0.08778,1.0,1.0,302.7955518000002,300.0,302.7955518000002,300.0,0.0,0.0
317,1673672460000.0,0.0,0.0,0.0,0.07949,0.0,0.0,0.08785,1.0,1.0,302.7955518000002,300.0,302.7955518000002,300.0,0.0,0.0
318,1673676060000.0,0.0,0.0,0.0,0.07949,0.0,0.0,0.0883,1.0,1.0,302.7955518000002,300.0,302.7955518000002,300.0,0.0,0.0
319,1673679660000.0,0.0,0.0,0.0,0.07949,0.0,0.0,0.08969,1.0,1.0,302.7955518000002,300.0,302.7955518000002,300.0,0.0,0.0
320,1673683260000.0,0.0,0.0,0.0,0.07949,0.0,0.0,0.08886,1.0,1.0,302.7955518000002,300.0,302.7955518000002,300.0,0.0,0.0
321,1673686860000.0,0.0,0.0,0.0,0.07949,0.0,0.0,0.09128,1.0,1.0,302.7955518000002,300.0,302.7955518000002,300.0,0.0,0.0
322,1673690460000.0,0.0,0.0,0.0,0.08457,0.0,0.0,0.08593,1.0,1.0,302.9691316800002,300.0,302.9691316800002,300.0,0.0,0.0
323,1673694060000.0,0.0,0.0,0.0,0.08464,0.0,0.0,0.08589,1.0,1.0,303.1426865000002,300.0,303.1426865000002,300.0,0.0,0.0
324,1673697660000.0,0.0,0.0,0.0,0.08464,0.0,0.0,0.08606,1.0,1.0,303.1426865000002,300.0,303.1426865000002,300.0,0.0,0.0
325,1673701260000.0,0.0,0.0,0.0,0.08464,0.0,0.0,0.0867,1.0,1.0,303.1426865000002,300.0,303.1426865000002,300.0,0.0,0.0
326,1673704860000.0,0.0,0.0,0.0,0.08464,0.0,0.0,0.08648,1.0,1.0,303.1426865000002,300.0,303.1426865000002,300.0,0.0,0.0
327,1673708460000.0,0.0,0.0,0.0,0.08506,0.0,0.0,0.08672,1.0,1.0,303.3151222200002,300.0,303.3151222200002,300.0,0.0,0.0
328,1673712060000.0,0.0,0.0,0.0,0.08506,0.0,0.0,0.08709,1.0,1.0,303.3151222200002,300.0,303.3151222200002,300.0,0.0,0.0
329,1673715660000.0,0.0,0.0,0.0,0.08506,0.0,0.0,0.08698,1.0,1.0,303.3151222200002,300.0,303.3151222200002,300.0,0.0,0.0
330,1673719260000.0,0.0,0.0,0.0,0.08506,0.0,0.0,0.08633,1.0,1.0,303.3151222200002,300.0,303.3151222200002,300.0,0.0,0.0
331,1673722860000.0,0.0,0.0,0.0,0.08506,0.0,0.0,0.08607,1.0,1.0,303.3151222200002,300.0,303.3151222200002,300.0,0.0,0.0
332,1673726460000.0,0.0,0.0,0.0,0.08506,0.0,0.0,0.08588,1.0,1.0,303.3151222200002,300.0,303.3151222200002,300.0,0.0,0.0
333,1673730060000.0,0.0,0.0,0.0,0.08506,0.0,0.0,0.08656,1.0,1.0,303.3151222200002,300.0,303.3151222200002,300.0,0.0,0.0
334,1673733660000.0,0.0,0.0,0.0,0.08506,0.0,0.0,0.08629,1.0,1.0,303.3151222200002,300.0,303.3151222200002,300.0,0.0,0.0
335,1673737260000.0,0.0,0.0,0.0,0.08506,0.0,0.0,0.0871,1.0,1.0,303.3151222200002,300.0,303.3151222200002,300.0,0.0,0.0
336,1673740860000.0,0.0,0.0,0.0,0.08506,0.0,0.0,0.08756,1.0,1.0,303.3151222200002,300.0,303.3151222200002,300.0,0.0,0.0
337,1673744460000.0,0.0,0.0,177.0,0.08581,0.0,0.0,0.08555,1.0,1.0,303.29993385000023,300.0,303.25391385000023,300.0,0.05007706334519528,0.0
338,1673748060000.0,0.0,0.0,177.0,0.08581,0.0,0.0,0.08532,1.0,1.0,303.29993385000023,300.0,303.21320385000024,300.0,0.05007706334519528,0.0
339,1673751660000.0,0.0,0.0,177.0,0.08581,0.0,0.0,0.08467,1.0,1.0,303.29993385000023,300.0,303.09815385000024,300.0,0.05007706334519528,0.0
340,1673755260000.0,0.0,0.0,177.0,0.08581,0.0,0.0,0.08501,1.0,1.0,303.29993385000023,300.0,303.15833385000025,300.0,0.05007706334519528,0.0
341,1673758860000.0,0.0,0.0,177.0,0.08581,0.0,0.0,0.08485,1.0,1.0,303.29993385000023,300.0,303.13001385000024,300.0,0.05007706334519528,0.0
342,1673762460000.0,0.0,0.0,177.0,0.08581,0.0,0.0,0.08503,1.0,1.0,303.29993385000023,300.0,303.16187385000023,300.0,0.05007706334519528,0.0
343,1673766060000.0,0.0,0.0,177.0,0.08581,0.0,0.0,0.08407,1.0,1.0,303.29993385000023,300.0,302.99195385000024,300.0,0.05007706334519528,0.0
344,1673769660000.0,0.0,0.0,177.0,0.08581,0.0,0.0,0.08439,1.0,1.0,303.29993385000023,300.0,303.04859385000026,300.0,0.05007706334519528,0.0
345,1673773260000.0,0.0,0.0,378.0,0.08432642857142858,0.0,0.0,0.0831,1.0,1.0,303.2832468300002,300.0,302.8196568300002,300.0,0.10510105761914096,0.0
346,1673776860000.0,0.0,0.0,378.0,0.08432642857142858,0.0,0.0,0.08399,1.0,1.0,303.2832468300002,300.0,303.15607683000025,300.0,0.10510105761914096,0.0
347,1673780460000.0,0.0,0.0,378.0,0.08432642857142858,0.0,0.0,0.0841,1.0,1.0,303.2832468300002,300.0,303.1976568300002,300.0,0.10510105761914096,0.0
348,1673784060000.0,0.0,0.0,378.0,0.08432642857142858,0.0,0.0,0.08457,1.0,1.0,303.2832468300002,300.0,303.3753168300002,300.0,0.10510105761914096,0.0
349,1673787660000.0,0.0,0.0,378.0,0.08432642857142858,0.0,0.0,0.08434,1.0,1.0,303.2832468300002,300.0,303.28837683000023,300.0,0.10510105761914096,0.0
350,1673791260000.0,0.0,0.0,378.0,0.08432642857142858,0.0,0.0,0.08458,1.0,1.0,303.2832468300002,300.0,303.3790968300002,300.0,0.10510105761914096,0.0
351,1673794860000.0,0.0,0.0,378.0,0.08432642857142858,0.0,0.0,0.08524,1.0,1.0,303.2832468300002,300.0,303.6285768300002,300.0,0.10510105761914096,0.0
352,1673798460000.0,0.0,0.0,0.0,0.08432642857142858,0.0,0.0,0.08568,1.0,1.0,303.67943295000026,300.0,303.67943295000026,300.0,0.0,0.0
353,1673802060000.0,0.0,0.0,0.0,0.08432642857142858,0.0,0.0,0.08533,1.0,1.0,303.67943295000026,300.0,303.67943295000026,300.0,0.0,0.0
354,1673805660000.0,0.0,0.0,0.0,0.08432642857142858,0.0,0.0,0.08533,1.0,1.0,303.67943295000026,300.0,303.67943295000026,300.0,0.0,0.0
355,1673809260000.0,0.0,0.0,179.0,0.08473,0.0,0.0,0.08533,1.0,1.0,303.6642662800003,300.0,303.77166628000026,300.0,0.0499455210380771,0.0
356,1673812860000.0,0.0,0.0,179.0,0.08473,0.0,0.0,0.08522,1.0,1.0,303.6642662800003,300.0,303.7519762800003,300.0,0.0499455210380771,0.0
357,1673816460000.0,0.0,0.0,179.0,0.08473,0.0,0.0,0.08565,1.0,1.0,303.6642662800003,300.0,303.82894628000025,300.0,0.0499455210380771,0.0
358,1673820060000.0,0.0,0.0,0.0,0.08473,0.0,0.0,0.08555,1.0,1.0,303.85295555000033,300.0,303.85295555000033,300.0,0.0,0.0
359,1673823660000.0,0.0,0.0,0.0,0.0849,0.0,0.0,0.08627,1.0,1.0,304.0264172900003,300.0,304.0264172900003,300.0,0.0,0.0
360,1673827260000.0,0.0,0.0,0.0,0.0849,0.0,0.0,0.08604,1.0,1.0,304.0264172900003,300.0,304.0264172900003,300.0,0.0,0.0
361,1673830860000.0,0.0,0.0,0.0,0.0849,0.0,0.0,0.08645,1.0,1.0,304.0264172900003,300.0,304.0264172900003,300.0,0.0,0.0
362,1673834460000.0,0.0,0.0,0.0,0.0849,0.0,0.0,0.08687,1.0,1.0,304.0264172900003,300.0,304.0264172900003,300.0,0.0,0.0
363,1673838060000.0,0.0,0.0,0.0,0.0849,0.0,0.0,0.08698,1.0,1.0,304.0264172900003,300.0,304.0264172900003,300.0,0.0,0.0
364,1673841660000.0,0.0,0.0,0.0,0.0849,0.0,0.0,0.08667,1.0,1.0,304.0264172900003,300.0,304.0264172900003,300.0,0.0,0.0
365,1673845260000.0,0.0,0.0,0.0,0.0849,0.0,0.0,0.08671,1.0,1.0,304.0264172900003,300.0,304.0264172900003,300.0,0.0,0.0
366,1673848860000.0,0.0,0.0,0.0,0.0849,0.0,0.0,0.08749,1.0,1.0,304.0264172900003,300.0,304.0264172900003,300.0,0.0,0.0
367,1673852460000.0,0.0,0.0,0.0,0.0849,0.0,0.0,0.08671,1.0,1.0,304.0264172900003,300.0,304.0264172900003,300.0,0.0,0.0
368,1673856060000.0,0.0,0.0,0.0,0.0849,0.0,0.0,0.08628,1.0,1.0,304.0264172900003,300.0,304.0264172900003,300.0,0.0,0.0
369,1673859660000.0,0.0,0.0,177.0,0.08571,0.0,0.0,0.08403,1.0,1.0,304.01124662000035,300.0,303.7138866200003,300.0,0.04990167360144613,0.0
370,1673863260000.0,0.0,0.0,177.0,0.08571,0.0,0.0,0.0842,1.0,1.0,304.01124662000035,300.0,303.74397662000035,300.0,0.04990167360144613,0.0
371,1673866860000.0,0.0,0.0,177.0,0.08571,0.0,0.0,0.08425,1.0,1.0,304.01124662000035,300.0,303.75282662000035,300.0,0.04990167360144613,0.0
372,1673870460000.0,0.0,0.0,177.0,0.08571,0.0,0.0,0.08404,1.0,1.0,304.01124662000035,300.0,303.71565662000035,300.0,0.04990167360144613,0.0
373,1673874060000.0,0.0,0.0,177.0,0.08571,0.0,0.0,0.08402,1.0,1.0,304.01124662000035,300.0,303.71211662000036,300.0,0.04990167360144613,0.0
374,1673877660000.0,0.0,0.0,177.0,0.08571,0.0,0.0,0.08402,1.0,1.0,304.01124662000035,300.0,303.71211662000036,300.0,0.04990167360144613,0.0
375,1673881260000.0,0.0,0.0,177.0,0.08571,0.0,0.0,0.08376,1.0,1.0,304.01124662000035,300.0,303.66609662000036,300.0,0.04990167360144613,0.0
376,1673884860000.0,0.0,0.0,378.0,0.08423174603174603,0.0,0.0,0.08347,1.0,1.0,303.99457769000037,300.0,303.7066376900004,300.0,0.10473739446914923,0.0
377,1673888460000.0,0.0,0.0,378.0,0.08423174603174603,0.0,0.0,0.08343,1.0,1.0,303.99457769000037,300.0,303.69151769000035,300.0,0.10473739446914923,0.0
378,1673892060000.0,0.0,0.0,378.0,0.08423174603174603,0.0,0.0,0.08384,1.0,1.0,303.99457769000037,300.0,303.8464976900004,300.0,0.10473739446914923,0.0
379,1673895660000.0,0.0,0.0,378.0,0.08423174603174603,0.0,0.0,0.08449,1.0,1.0,303.99457769000037,300.0,304.0921976900004,300.0,0.10473739446914923,0.0
380,1673899260000.0,0.0,0.0,378.0,0.08423174603174603,0.0,0.0,0.08473,1.0,1.0,303.99457769000037,300.0,304.18291769000035,300.0,0.10473739446914923,0.0
381,1673902860000.0,0.0,0.0,378.0,0.08423174603174603,0.0,0.0,0.0842,1.0,1.0,303.99457769000037,300.0,303.98257769000037,300.0,0.10473739446914923,0.0
382,1673906460000.0,0.0,0.0,378.0,0.08423174603174603,0.0,0.0,0.08401,1.0,1.0,303.99457769000037,300.0,303.91075769000037,300.0,0.10473739446914923,0.0
383,1673910060000.0,0.0,0.0,378.0,0.08423174603174603,0.0,0.0,0.08365,1.0,1.0,303.99457769000037,300.0,303.7746776900004,300.0,0.10473739446914923,0.0
384,1673913660000.0,0.0,0.0,378.0,0.08423174603174603,0.0,0.0,0.08326,1.0,1.0,303.99457769000037,300.0,303.62725769000036,300.0,0.10473739446914923,0.0
385,1673917260000.0,0.0,0.0,378.0,0.08423174603174603,0.0,0.0,0.08346,1.0,1.0,303.99457769000037,300.0,303.70285769000037,300.0,0.10473739446914923,0.0
386,1673920860000.0,0.0,0.0,378.0,0.08423174603174603,0.0,0.0,0.08299,1.0,1.0,303.99457769000037,300.0,303.52519769000037,300.0,0.10473739446914923,0.0
387,1673924460000.0,0.0,0.0,378.0,0.08423174603174603,0.0,0.0,0.08327,1.0,1.0,303.99457769000037,300.0,303.63103769000037,300.0,0.10473739446914923,0.0
388,1673928060000.0,0.0,0.0,378.0,0.08423174603174603,0.0,0.0,0.08348,1.0,1.0,303.99457769000037,300.0,303.7104176900004,300.0,0.10473739446914923,0.0
389,1673931660000.0,0.0,0.0,378.0,0.08423174603174603,0.0,0.0,0.08391,1.0,1.0,303.99457769000037,300.0,303.87295769000036,300.0,0.10473739446914923,0.0
390,1673935260000.0,0.0,0.0,378.0,0.08423174603174603,0.0,0.0,0.084,1.0,1.0,303.99457769000037,300.0,303.90697769000036,300.0,0.10473739446914923,0.0
391,1673938860000.0,0.0,0.0,378.0,0.08423174603174603,0.0,0.0,0.08374,1.0,1.0,303.99457769000037,300.0,303.8086976900004,300.0,0.10473739446914923,0.0
392,1673942460000.0,0.0,0.0,378.0,0.08423174603174603,0.0,0.0,0.08416,1.0,1.0,303.99457769000037,300.0,303.96745769000034,300.0,0.10473739446914923,0.0
393,1673946060000.0,0.0,0.0,378.0,0.08423174603174603,0.0,0.0,0.08436,1.0,1.0,303.99457769000037,300.0,304.04305769000035,300.0,0.10473739446914923,0.0
394,1673949660000.0,0.0,0.0,378.0,0.08423174603174603,0.0,0.0,0.08415,1.0,1.0,303.99457769000037,300.0,303.9636776900004,300.0,0.10473739446914923,0.0
395,1673953260000.0,0.0,0.0,378.0,0.08423174603174603,0.0,0.0,0.08383,1.0,1.0,303.99457769000037,300.0,303.84271769000037,300.0,0.10473739446914923,0.0
396,1673956860000.0,0.0,0.0,378.0,0.08423174603174603,0.0,0.0,0.08437,1.0,1.0,303.99457769000037,300.0,304.04683769000036,300.0,0.10473739446914923,0.0
397,1673960460000.0,0.0,0.0,378.0,0.08423174603174603,0.0,0.0,0.08423,1.0,1.0,303.99457769000037,300.0,303.9939176900004,300.0,0.10473739446914923,0.0
398,1673964060000.0,0.0,0.0,378.0,0.08423174603174603,0.0,0.0,0.08413,1.0,1.0,303.99457769000037,300.0,303.9561176900004,300.0,0.10473739446914923,0.0
399,1673967660000.0,0.0,0.0,378.0,0.08423174603174603,0.0,0.0,0.08408,1.0,1.0,303.99457769000037,300.0,303.93721769000035,300.0,0.10473739446914923,0.0
400,1673971260000.0,0.0,0.0,378.0,0.08423174603174603,0.0,0.0,0.08342,1.0,1.0,303.99457769000037,300.0,303.68773769000035,300.0,0.10473739446914923,0.0
401,1673974860000.0,0.0,0.0,378.0,0.08423174603174603,0.0,0.0,0.08357,1.0,1.0,303.99457769000037,300.0,303.7444376900004,300.0,0.10473739446914923,0.0
402,1673978460000.0,0.0,0.0,378.0,0.08423174603174603,0.0,0.0,0.08346,1.0,1.0,303.99457769000037,300.0,303.70285769000037,300.0,0.10473739446914923,0.0
403,1673982060000.0,0.0,0.0,378.0,0.08423174603174603,0.0,0.0,0.08407,1.0,1.0,303.99457769000037,300.0,303.93343769000035,300.0,0.10473739446914923,0.0
404,1673985660000.0,0.0,0.0,378.0,0.08423174603174603,0.0,0.0,0.08416,1.0,1.0,303.99457769000037,300.0,303.96745769000034,300.0,0.10473739446914923,0.0
405,1673989260000.0,0.0,0.0,378.0,0.08423174603174603,0.0,0.0,0.08398,1.0,1.0,303.99457769000037,300.0,303.89941769000035,300.0,0.10473739446914923,0.0
406,1673992860000.0,0.0,0.0,378.0,0.08423174603174603,0.0,0.0,0.08364,1.0,1.0,303.99457769000037,300.0,303.77089769000037,300.0,0.10473739446914923,0.0
407,1673996460000.0,0.0,0.0,378.0,0.08423174603174603,0.0,0.0,0.08343,1.0,1.0,303.99457769000037,300.0,303.69151769000035,300.0,0.10473739446914923,0.0
408,1674000060000.0,0.0,0.0,378.0,0.08423174603174603,0.0,0.0,0.08288,1.0,1.0,303.99457769000037,300.0,303.48361769000036,300.0,0.10473739446914923,0.0
409,1674003660000.0,0.0,0.0,378.0,0.08423174603174603,0.0,0.0,0.08383,1.0,1.0,303.99457769000037,300.0,303.84271769000037,300.0,0.10473739446914923,0.0
410,1674007260000.0,0.0,0.0,0.0,0.08423174603174603,0.0,0.0,0.086,1.0,1.0,304.3887916100004,300.0,304.3887916100004,300.0,0.0,0.0
411,1674010860000.0,0.0,0.0,0.0,0.08423174603174603,0.0,0.0,0.08727,1.0,1.0,304.3887916100004,300.0,304.3887916100004,300.0,0.0,0.0
412,1674014460000.0,0.0,0.0,0.0,0.08423174603174603,0.0,0.0,0.08691,1.0,1.0,304.3887916100004,300.0,304.3887916100004,300.0,0.0,0.0
413,1674018060000.0,0.0,0.0,0.0,0.08423174603174603,0.0,0.0,0.08666,1.0,1.0,304.3887916100004,300.0,304.3887916100004,300.0,0.0,0.0
414,1674021660000.0,0.0,0.0,0.0,0.08423174603174603,0.0,0.0,0.08794,1.0,1.0,304.3887916100004,300.0,304.3887916100004,300.0,0.0,0.0
415,1674025260000.0,0.0,0.0,0.0,0.08423174603174603,0.0,0.0,0.0878,1.0,1.0,304.3887916100004,300.0,304.3887916100004,300.0,0.0,0.0
416,1674028860000.0,0.0,0.0,0.0,0.08423174603174603,0.0,0.0,0.08679,1.0,1.0,304.3887916100004,300.0,304.3887916100004,300.0,0.0,0.0
417,1674032460000.0,0.0,0.0,0.0,0.08423174603174603,0.0,0.0,0.0857,1.0,1.0,304.3887916100004,300.0,304.3887916100004,300.0,0.0,0.0
418,1674036060000.0,0.0,0.0,0.0,0.08423174603174603,0.0,0.0,0.08587,1.0,1.0,304.3887916100004,300.0,304.3887916100004,300.0,0.0,0.0
419,1674039660000.0,0.0,0.0,0.0,0.08423174603174603,0.0,0.0,0.08558,1.0,1.0,304.3887916100004,300.0,304.3887916100004,300.0,0.0,0.0
420,1674043260000.0,0.0,0.0,0.0,0.08423174603174603,0.0,0.0,0.08655,1.0,1.0,304.3887916100004,300.0,304.3887916100004,300.0,0.0,0.0
421,1674046860000.0,0.0,0.0,0.0,0.08423174603174603,0.0,0.0,0.08644,1.0,1.0,304.3887916100004,300.0,304.3887916100004,300.0,0.0,0.0
422,1674050460000.0,0.0,0.0,0.0,0.08423174603174603,0.0,0.0,0.08676,1.0,1.0,304.3887916100004,300.0,304.3887916100004,300.0,0.0,0.0
423,1674054060000.0,0.0,0.0,0.0,0.08423174603174603,0.0,0.0,0.08773,1.0,1.0,304.3887916100004,300.0,304.3887916100004,300.0,0.0,0.0
424,1674057660000.0,0.0,0.0,178.0,0.08566,0.0,0.0,0.08442,1.0,1.0,304.37354413000037,300.0,304.15282413000034,300.0,0.050094629753654536,0.0
425,1674061260000.0,0.0,0.0,188.0,0.08158,0.0,0.0,0.08164,1.0,1.0,305.97556239000033,300.0,305.98684239000033,300.0,0.05012504881174534,0.0
426,1674064860000.0,0.0,0.0,185.0,0.08268,0.0,0.0,0.08204,1.0,1.0,306.1515227500003,300.0,306.0331227500003,300.0,0.04996153493735966,0.0
427,1674068460000.0,0.0,0.0,185.0,0.08268,0.0,0.0,0.08183,1.0,1.0,306.1515227500003,300.0,305.99427275000033,300.0,0.04996153493735966,0.0
428,1674072060000.0,0.0,0.0,185.0,0.08268,0.0,0.0,0.08175,1.0,1.0,306.1515227500003,300.0,305.9794727500003,300.0,0.04996153493735966,0.0
429,1674075660000.0,0.0,0.0,185.0,0.08268,0.0,0.0,0.08096,1.0,1.0,306.1515227500003,300.0,305.8333227500003,300.0,0.04996153493735966,0.0
430,1674079260000.0,0.0,0.0,185.0,0.08268,0.0,0.0,0.08094,1.0,1.0,306.1515227500003,300.0,305.8296227500003,300.0,0.04996153493735966,0.0
431,1674082860000.0,0.0,0.0,185.0,0.08268,0.0,0.0,0.08125,1.0,1.0,306.1515227500003,300.0,305.8869727500003,300.0,0.04996153493735966,0.0
432,1674086460000.0,0.0,0.0,395.0,0.08125518987341772,0.0,0.0,0.08024,1.0,1.0,306.1347227500003,300.0,305.7337227500003,300.0,0.10484207642858756,0.0
433,1674090060000.0,0.0,0.0,395.0,0.08125518987341772,0.0,0.0,0.08021,1.0,1.0,306.1347227500003,300.0,305.72187275000033,300.0,0.10484207642858756,0.0
434,1674093660000.0,0.0,0.0,395.0,0.08125518987341772,0.0,0.0,0.08038,1.0,1.0,306.1347227500003,300.0,305.7890227500003,300.0,0.10484207642858756,0.0
435,1674097260000.0,0.0,0.0,395.0,0.08125518987341772,0.0,0.0,0.08107,1.0,1.0,306.1347227500003,300.0,306.0615727500003,300.0,0.10484207642858756,0.0
436,1674100860000.0,0.0,0.0,395.0,0.08125518987341772,0.0,0.0,0.08109,1.0,1.0,306.1347227500003,300.0,306.06947275000033,300.0,0.10484207642858756,0.0
437,1674104460000.0,0.0,0.0,395.0,0.08125518987341772,0.0,0.0,0.08123,1.0,1.0,306.1347227500003,300.0,306.1247727500003,300.0,0.10484207642858756,0.0
438,1674108060000.0,0.0,0.0,395.0,0.08125518987341772,0.0,0.0,0.08101,1.0,1.0,306.1347227500003,300.0,306.0378727500003,300.0,0.10484207642858756,0.0
439,1674111660000.0,0.0,0.0,395.0,0.08125518987341772,0.0,0.0,0.08093,1.0,1.0,306.1347227500003,300.0,306.00627275000033,300.0,0.10484207642858756,0.0
440,1674115260000.0,0.0,0.0,395.0,0.08125518987341772,0.0,0.0,0.08109,1.0,1.0,306.1347227500003,300.0,306.06947275000033,300.0,0.10484207642858756,0.0
441,1674118860000.0,0.0,0.0,395.0,0.08125518987341772,0.0,0.0,0.08093,1.0,1.0,306.1347227500003,300.0,306.00627275000033,300.0,0.10484207642858756,0.0
442,1674122460000.0,0.0,0.0,395.0,0.08125518987341772,0.0,0.0,0.08117,1.0,1.0,306.1347227500003,300.0,306.1010727500003,300.0,0.10484207642858756,0.0
443,1674126060000.0,0.0,0.0,395.0,0.08125518987341772,0.0,0.0,0.08114,1.0,1.0,306.1347227500003,300.0,306.0892227500003,300.0,0.10484207642858756,0.0
444,1674129660000.0,0.0,0.0,395.0,0.08125518987341772,0.0,0.0,0.08061,1.0,1.0,306.1347227500003,300.0,305.87987275000035,300.0,0.10484207642858756,0.0
445,1674133260000.0,0.0,0.0,395.0,0.08125518987341772,0.0,0.0,0.08065,1.0,1.0,306.1347227500003,300.0,305.8956727500003,300.0,0.10484207642858756,0.0
446,1674136860000.0,0.0,0.0,395.0,0.08125518987341772,0.0,0.0,0.08077,1.0,1.0,306.1347227500003,300.0,305.94307275000034,300.0,0.10484207642858756,0.0
447,1674140460000.0,0.0,0.0,395.0,0.08125518987341772,0.0,0.0,0.08089,1.0,1.0,306.1347227500003,300.0,305.9904727500003,300.0,0.10484207642858756,0.0
448,1674144060000.0,0.0,0.0,395.0,0.08125518987341772,0.0,0.0,0.08108,1.0,1.0,306.1347227500003,300.0,306.0655227500003,300.0,0.10484207642858756,0.0
449,1674147660000.0,0.0,0.0,395.0,0.08125518987341772,0.0,0.0,0.08116,1.0,1.0,306.1347227500003,300.0,306.0971227500003,300.0,0.10484207642858756,0.0
450,1674151260000.0,0.0,0.0,395.0,0.08125518987341772,0.0,0.0,0.08062,1.0,1.0,306.1347227500003,300.0,305.8838227500003,300.0,0.10484207642858756,0.0
451,1674154860000.0,0.0,0.0,395.0,0.08125518987341772,0.0,0.0,0.08109,1.0,1.0,306.1347227500003,300.0,306.06947275000033,300.0,0.10484207642858756,0.0
452,1674158460000.0,0.0,0.0,395.0,0.08125518987341772,0.0,0.0,0.082,1.0,1.0,306.1347227500003,300.0,306.4289227500003,300.0,0.10484207642858756,0.0
453,1674162060000.0,0.0,0.0,395.0,0.08125518987341772,0.0,0.0,0.0819,1.0,1.0,306.1347227500003,300.0,306.38942275000034,300.0,0.10484207642858756,0.0
454,1674165660000.0,0.0,0.0,395.0,0.08125518987341772,0.0,0.0,0.08131,1.0,1.0,306.1347227500003,300.0,306.15637275000034,300.0,0.10484207642858756,0.0
455,1674169260000.0,0.0,0.0,395.0,0.08125518987341772,0.0,0.0,0.08149,1.0,1.0,306.1347227500003,300.0,306.22747275000035,300.0,0.10484207642858756,0.0
456,1674172860000.0,0.0,0.0,395.0,0.08125518987341772,0.0,0.0,0.08143,1.0,1.0,306.1347227500003,300.0,306.2037727500003,300.0,0.10484207642858756,0.0
457,1674176460000.0,0.0,0.0,395.0,0.08125518987341772,0.0,0.0,0.08111,1.0,1.0,306.1347227500003,300.0,306.07737275000034,300.0,0.10484207642858756,0.0
458,1674180060000.0,0.0,0.0,395.0,0.08125518987341772,0.0,0.0,0.08183,1.0,1.0,306.1347227500003,300.0,306.36177275000034,300.0,0.10484207642858756,0.0
459,1674183660000.0,0.0,0.0,395.0,0.08125518987341772,0.0,0.0,0.08138,1.0,1.0,306.1347227500003,300.0,306.18402275000034,300.0,0.10484207642858756,0.0
460,1674187260000.0,0.0,0.0,395.0,0.08125518987341772,0.0,0.0,0.0814,1.0,1.0,306.1347227500003,300.0,306.19192275000034,300.0,0.10484207642858756,0.0
461,1674190860000.0,0.0,0.0,395.0,0.08125518987341772,0.0,0.0,0.08104,1.0,1.0,306.1347227500003,300.0,306.04972275000034,300.0,0.10484207642858756,0.0
462,1674194460000.0,0.0,0.0,395.0,0.08125518987341772,0.0,0.0,0.0808,1.0,1.0,306.1347227500003,300.0,305.9549227500003,300.0,0.10484207642858756,0.0
463,1674198060000.0,0.0,0.0,395.0,0.08125518987341772,0.0,0.0,0.08074,1.0,1.0,306.1347227500003,300.0,305.9312227500003,300.0,0.10484207642858756,0.0
464,1674201660000.0,0.0,0.0,395.0,0.08125518987341772,0.0,0.0,0.08082,1.0,1.0,306.1347227500003,300.0,305.9628227500003,300.0,0.10484207642858756,0.0
465,1674205260000.0,0.0,0.0,395.0,0.08125518987341772,0.0,0.0,0.08095,1.0,1.0,306.1347227500003,300.0,306.01417275000034,300.0,0.10484207642858756,0.0
466,1674208860000.0,0.0,0.0,395.0,0.08125518987341772,0.0,0.0,0.08101,1.0,1.0,306.1347227500003,300.0,306.0378727500003,300.0,0.10484207642858756,0.0
467,1674212460000.0,0.0,0.0,395.0,0.08125518987341772,0.0,0.0,0.08109,1.0,1.0,306.1347227500003,300.0,306.06947275000033,300.0,0.10484207642858756,0.0
468,1674216060000.0,0.0,0.0,395.0,0.08125518987341772,0.0,0.0,0.0809,1.0,1.0,306.1347227500003,300.0,305.9944227500003,300.0,0.10484207642858756,0.0
469,1674219660000.0,0.0,0.0,395.0,0.08125518987341772,0.0,0.0,0.08142,1.0,1.0,306.1347227500003,300.0,306.19982275000035,300.0,0.10484207642858756,0.0
470,1674223260000.0,0.0,0.0,395.0,0.08125518987341772,0.0,0.0,0.08109,1.0,1.0,306.1347227500003,300.0,306.06947275000033,300.0,0.10484207642858756,0.0
471,1674226860000.0,0.0,0.0,395.0,0.08125518987341772,0.0,0.0,0.08139,1.0,1.0,306.1347227500003,300.0,306.1879727500003,300.0,0.10484207642858756,0.0
472,1674230460000.0,0.0,0.0,395.0,0.08125518987341772,0.0,0.0,0.0816,1.0,1.0,306.1347227500003,300.0,306.27092275000035,300.0,0.10484207642858756,0.0
473,1674234060000.0,0.0,0.0,395.0,0.08125518987341772,0.0,0.0,0.08222,1.0,1.0,306.1347227500003,300.0,306.5158227500003,300.0,0.10484207642858756,0.0
474,1674237660000.0,0.0,0.0,0.0,0.08125518987341772,0.0,0.0,0.08285,1.0,1.0,306.53464450000035,300.0,306.53464450000035,300.0,0.0,0.0
475,1674241260000.0,0.0,0.0,0.0,0.08125518987341772,0.0,0.0,0.08272,1.0,1.0,306.53464450000035,300.0,306.53464450000035,300.0,0.0,0.0
476,1674244860000.0,0.0,0.0,0.0,0.08125518987341772,0.0,0.0,0.08387,1.0,1.0,306.53464450000035,300.0,306.53464450000035,300.0,0.0,0.0
477,1674248460000.0,0.0,0.0,0.0,0.08125518987341772,0.0,0.0,0.0856,1.0,1.0,306.53464450000035,300.0,306.53464450000035,300.0,0.0,0.0
478,1674252060000.0,0.0,0.0,0.0,0.08125518987341772,0.0,0.0,0.08547,1.0,1.0,306.53464450000035,300.0,306.53464450000035,300.0,0.0,0.0
479,1674255660000.0,0.0,0.0,0.0,0.08125518987341772,0.0,0.0,0.08607,1.0,1.0,306.53464450000035,300.0,306.53464450000035,300.0,0.0,0.0
480,1674259260000.0,0.0,0.0,0.0,0.08125518987341772,0.0,0.0,0.08643,1.0,1.0,306.53464450000035,300.0,306.53464450000035,300.0,0.0,0.0
481,1674262860000.0,0.0,0.0,0.0,0.08125518987341772,0.0,0.0,0.08598,1.0,1.0,306.53464450000035,300.0,306.53464450000035,300.0,0.0,0.0
482,1674266460000.0,0.0,0.0,0.0,0.08125518987341772,0.0,0.0,0.08607,1.0,1.0,306.53464450000035,300.0,306.53464450000035,300.0,0.0,0.0
483,1674270060000.0,0.0,0.0,0.0,0.08125518987341772,0.0,0.0,0.08572,1.0,1.0,306.53464450000035,300.0,306.53464450000035,300.0,0.0,0.0
484,1674273660000.0,0.0,0.0,0.0,0.08125518987341772,0.0,0.0,0.08604,1.0,1.0,306.53464450000035,300.0,306.53464450000035,300.0,0.0,0.0
485,1674277260000.0,0.0,0.0,0.0,0.08125518987341772,0.0,0.0,0.08609,1.0,1.0,306.53464450000035,300.0,306.53464450000035,300.0,0.0,0.0
486,1674280860000.0,0.0,0.0,0.0,0.08125518987341772,0.0,0.0,0.08608,1.0,1.0,306.53464450000035,300.0,306.53464450000035,300.0,0.0,0.0
487,1674284460000.0,0.0,0.0,0.0,0.08125518987341772,0.0,0.0,0.08737,1.0,1.0,306.53464450000035,300.0,306.53464450000035,300.0,0.0,0.0
488,1674288060000.0,0.0,0.0,0.0,0.08125518987341772,0.0,0.0,0.08693,1.0,1.0,306.53464450000035,300.0,306.53464450000035,300.0,0.0,0.0
489,1674291660000.0,0.0,0.0,0.0,0.08125518987341772,0.0,0.0,0.08678,1.0,1.0,306.53464450000035,300.0,306.53464450000035,300.0,0.0,0.0
490,1674295260000.0,0.0,0.0,0.0,0.08125518987341772,0.0,0.0,0.08822,1.0,1.0,306.53464450000035,300.0,306.53464450000035,300.0,0.0,0.0
491,1674298860000.0,0.0,0.0,0.0,0.08485,0.0,0.0,0.08631,1.0,1.0,306.88910042000043,300.0,306.88910042000043,300.0,0.0,0.0
492,1674302460000.0,0.0,0.0,0.0,0.08485,0.0,0.0,0.08673,1.0,1.0,306.88910042000043,300.0,306.88910042000043,300.0,0.0,0.0
493,1674306060000.0,0.0,0.0,0.0,0.08485,0.0,0.0,0.08715,1.0,1.0,306.88910042000043,300.0,306.88910042000043,300.0,0.0,0.0
494,1674309660000.0,0.0,0.0,0.0,0.08485,0.0,0.0,0.08697,1.0,1.0,306.88910042000043,300.0,306.88910042000043,300.0,0.0,0.0
495,1674313260000.0,0.0,0.0,0.0,0.08485,0.0,0.0,0.08724,1.0,1.0,306.88910042000043,300.0,306.88910042000043,300.0,0.0,0.0
496,1674316860000.0,0.0,0.0,179.0,0.08551,0.0,0.0,0.0865,1.0,1.0,306.8737941300004,300.0,307.0510041300004,300.0,0.04987812675042504,0.0
497,1674320460000.0,0.0,0.0,0.0,0.08551,0.0,0.0,0.08696,1.0,1.0,307.0641319900004,300.0,307.0641319900004,300.0,0.0,0.0
498,1674324060000.0,0.0,0.0,0.0,0.08551,0.0,0.0,0.08701,1.0,1.0,307.0641319900004,300.0,307.0641319900004,300.0,0.0,0.0
499,1674327660000.0,0.0,0.0,0.0,0.08551,0.0,0.0,0.08742,1.0,1.0,307.0641319900004,300.0,307.0641319900004,300.0,0.0,0.0
500,1674331260000.0,0.0,0.0,0.0,0.08551,0.0,0.0,0.08765,1.0,1.0,307.0641319900004,300.0,307.0641319900004,300.0,0.0,0.0
501,1674334860000.0,0.0,0.0,0.0,0.08551,0.0,0.0,0.08755,1.0,1.0,307.0641319900004,300.0,307.0641319900004,300.0,0.0,0.0
502,1674338460000.0,0.0,0.0,0.0,0.08551,0.0,0.0,0.08766,1.0,1.0,307.0641319900004,300.0,307.0641319900004,300.0,0.0,0.0
503,1674342060000.0,0.0,0.0,178.0,0.08619,0.0,0.0,0.08641,1.0,1.0,307.0487901700004,300.0,307.0879501700004,300.0,0.04996541426366102,0.0
504,1674345660000.0,0.0,0.0,178.0,0.08619,0.0,0.0,0.0849,1.0,1.0,307.0487901700004,300.0,306.8191701700004,300.0,0.04996541426366102,0.0
505,1674349260000.0,0.0,0.0,178.0,0.08619,0.0,0.0,0.08523,1.0,1.0,307.0487901700004,300.0,306.8779101700004,300.0,0.04996541426366102,0.0
506,1674352860000.0,0.0,0.0,178.0,0.08619,0.0,0.0,0.08536,1.0,1.0,307.0487901700004,300.0,306.9010501700004,300.0,0.04996541426366102,0.0
507,1674356460000.0,0.0,0.0,178.0,0.08619,0.0,0.0,0.0848,1.0,1.0,307.0487901700004,300.0,306.80137017000044,300.0,0.04996541426366102,0.0
508,1674360060000.0,0.0,0.0,178.0,0.08619,0.0,0.0,0.08518,1.0,1.0,307.0487901700004,300.0,306.8690101700004,300.0,0.04996541426366102,0.0
509,1674363660000.0,0.0,0.0,178.0,0.08619,0.0,0.0,0.08548,1.0,1.0,307.0487901700004,300.0,306.92241017000043,300.0,0.04996541426366102,0.0
510,1674367260000.0,0.0,0.0,178.0,0.08619,0.0,0.0,0.08557,1.0,1.0,307.0487901700004,300.0,306.9384301700004,300.0,0.04996541426366102,0.0
511,1674370860000.0,0.0,0.0,178.0,0.08619,0.0,0.0,0.08576,1.0,1.0,307.0487901700004,300.0,306.9722501700004,300.0,0.04996541426366102,0.0
512,1674374460000.0,0.0,0.0,178.0,0.08619,0.0,0.0,0.08567,1.0,1.0,307.0487901700004,300.0,306.9562301700004,300.0,0.04996541426366102,0.0
513,1674378060000.0,0.0,0.0,178.0,0.08619,0.0,0.0,0.08573,1.0,1.0,307.0487901700004,300.0,306.9669101700004,300.0,0.04996541426366102,0.0
514,1674381660000.0,0.0,0.0,178.0,0.08619,0.0,0.0,0.08539,1.0,1.0,307.0487901700004,300.0,306.9063901700004,300.0,0.04996541426366102,0.0
515,1674385260000.0,0.0,0.0,178.0,0.08619,0.0,0.0,0.08618,1.0,1.0,307.0487901700004,300.0,307.0470101700004,300.0,0.04996541426366102,0.0
516,1674388860000.0,0.0,0.0,178.0,0.08619,0.0,0.0,0.08571,1.0,1.0,307.0487901700004,300.0,306.9633501700004,300.0,0.04996541426366102,0.0
517,1674392460000.0,0.0,0.0,178.0,0.08619,0.0,0.0,0.08617,1.0,1.0,307.0487901700004,300.0,307.0452301700004,300.0,0.04996541426366102,0.0
518,1674396060000.0,0.0,0.0,178.0,0.08619,0.0,0.0,0.08641,1.0,1.0,307.0487901700004,300.0,307.0879501700004,300.0,0.04996541426366102,0.0
519,1674399660000.0,0.0,0.0,0.0,0.08619,0.0,0.0,0.08771,1.0,1.0,307.23972187000044,300.0,307.23972187000044,300.0,0.0,0.0
520,1674403260000.0,0.0,0.0,0.0,0.08575,0.0,0.0,0.08675,1.0,1.0,307.4146675200005,300.0,307.4146675200005,300.0,0.0,0.0
521,1674406860000.0,0.0,0.0,0.0,0.08575,0.0,0.0,0.09166,1.0,1.0,307.4146675200005,300.0,307.4146675200005,300.0,0.0,0.0
522,1674410460000.0,0.0,0.0,0.0,0.08575,0.0,0.0,0.09189,1.0,1.0,307.4146675200005,300.0,307.4146675200005,300.0,0.0,0.0
523,1674414060000.0,0.0,0.0,0.0,0.08575,0.0,0.0,0.09116,1.0,1.0,307.4146675200005,300.0,307.4146675200005,300.0,0.0,0.0
524,1674417660000.0,0.0,0.0,0.0,0.08575,0.0,0.0,0.08923,1.0,1.0,307.4146675200005,300.0,307.4146675200005,300.0,0.0,0.0
525,1674421260000.0,0.0,0.0,176.0,0.08715,0.0,0.0,0.08691,1.0,1.0,307.39932912000046,300.0,307.35708912000047,300.0,0.04989731123977925,0.0
526,1674424860000.0,0.0,0.0,176.0,0.08715,0.0,0.0,0.08771,1.0,1.0,307.39932912000046,300.0,307.4978891200005,300.0,0.04989731123977925,0.0
527,1674428460000.0,0.0,0.0,0.0,0.08715,0.0,0.0,0.08801,1.0,1.0,307.58970480000045,300.0,307.58970480000045,300.0,0.0,0.0
528,1674432060000.0,0.0,0.0,0.0,0.08715,0.0,0.0,0.08813,1.0,1.0,307.58970480000045,300.0,307.58970480000045,300.0,0.0,0.0
529,1674435660000.0,0.0,0.0,0.0,0.08715,0.0,0.0,0.0889,1.0,1.0,307.58970480000045,300.0,307.58970480000045,300.0,0.0,0.0
530,1674439260000.0,0.0,0.0,0.0,0.08715,0.0,0.0,0.0893,1.0,1.0,307.58970480000045,300.0,307.58970480000045,300.0,0.0,0.0
531,1674442860000.0,0.0,0.0,0.0,0.08715,0.0,0.0,0.09092,1.0,1.0,307.58970480000045,300.0,307.58970480000045,300.0,0.0,0.0
532,1674446460000.0,0.0,0.0,0.0,0.08715,0.0,0.0,0.08981,1.0,1.0,307.58970480000045,300.0,307.58970480000045,300.0,0.0,0.0
533,1674450060000.0,0.0,0.0,0.0,0.08715,0.0,0.0,0.09032,1.0,1.0,307.58970480000045,300.0,307.58970480000045,300.0,0.0,0.0
534,1674453660000.0,0.0,0.0,0.0,0.08715,0.0,0.0,0.08985,1.0,1.0,307.58970480000045,300.0,307.58970480000045,300.0,0.0,0.0
535,1674457260000.0,0.0,0.0,0.0,0.08715,0.0,0.0,0.09002,1.0,1.0,307.58970480000045,300.0,307.58970480000045,300.0,0.0,0.0
536,1674460860000.0,0.0,0.0,0.0,0.08715,0.0,0.0,0.089,1.0,1.0,307.58970480000045,300.0,307.58970480000045,300.0,0.0,0.0
537,1674464460000.0,0.0,0.0,0.0,0.08715,0.0,0.0,0.08862,1.0,1.0,307.58970480000045,300.0,307.58970480000045,300.0,0.0,0.0
538,1674468060000.0,0.0,0.0,0.0,0.08715,0.0,0.0,0.08903,1.0,1.0,307.58970480000045,300.0,307.58970480000045,300.0,0.0,0.0
539,1674471660000.0,0.0,0.0,0.0,0.08715,0.0,0.0,0.08932,1.0,1.0,307.58970480000045,300.0,307.58970480000045,300.0,0.0,0.0
540,1674475260000.0,0.0,0.0,0.0,0.08715,0.0,0.0,0.08983,1.0,1.0,307.58970480000045,300.0,307.58970480000045,300.0,0.0,0.0
541,1674478860000.0,0.0,0.0,0.0,0.08715,0.0,0.0,0.08951,1.0,1.0,307.58970480000045,300.0,307.58970480000045,300.0,0.0,0.0
542,1674482460000.0,0.0,0.0,174.0,0.08863,0.0,0.0,0.08823,1.0,1.0,307.57428318000046,300.0,307.5046831800005,300.0,0.050139497491651044,0.0
543,1674486060000.0,0.0,0.0,174.0,0.08863,0.0,0.0,0.08744,1.0,1.0,307.57428318000046,300.0,307.36722318000045,300.0,0.050139497491651044,0.0
544,1674489660000.0,0.0,0.0,174.0,0.08863,0.0,0.0,0.08818,1.0,1.0,307.57428318000046,300.0,307.49598318000045,300.0,0.050139497491651044,0.0
545,1674493260000.0,0.0,0.0,174.0,0.08863,0.0,0.0,0.08821,1.0,1.0,307.57428318000046,300.0,307.50120318000046,300.0,0.050139497491651044,0.0
546,1674496860000.0,0.0,0.0,174.0,0.08863,0.0,0.0,0.08855,1.0,1.0,307.57428318000046,300.0,307.5603631800005,300.0,0.050139497491651044,0.0
547,1674500460000.0,0.0,0.0,174.0,0.08863,0.0,0.0,0.08823,1.0,1.0,307.57428318000046,300.0,307.5046831800005,300.0,0.050139497491651044,0.0
548,1674504060000.0,0.0,0.0,174.0,0.08863,0.0,0.0,0.08763,1.0,1.0,307.57428318000046,300.0,307.4002831800005,300.0,0.050139497491651044,0.0
549,1674507660000.0,0.0,0.0,174.0,0.08863,0.0,0.0,0.08843,1.0,1.0,307.57428318000046,300.0,307.53948318000045,300.0,0.050139497491651044,0.0
550,1674511260000.0,0.0,0.0,174.0,0.08863,0.0,0.0,0.08849,1.0,1.0,307.57428318000046,300.0,307.54992318000046,300.0,0.050139497491651044,0.0
551,1674514860000.0,0.0,0.0,174.0,0.08863,0.0,0.0,0.0885,1.0,1.0,307.57428318000046,300.0,307.55166318000045,300.0,0.050139497491651044,0.0
552,1674518460000.0,0.0,0.0,174.0,0.08863,0.0,0.0,0.08838,1.0,1.0,307.57428318000046,300.0,307.53078318000047,300.0,0.050139497491651044,0.0
553,1674522060000.0,0.0,0.0,174.0,0.08863,0.0,0.0,0.08907,1.0,1.0,307.57428318000046,300.0,307.65084318000044,300.0,0.050139497491651044,0.0
554,1674525660000.0,0.0,0.0,174.0,0.08863,0.0,0.0,0.08962,1.0,1.0,307.57428318000046,300.0,307.74654318000046,300.0,0.050139497491651044,0.0
555,1674529260000.0,0.0,0.0,0.0,0.08863,0.0,0.0,0.08996,1.0,1.0,307.76571450000046,300.0,307.76571450000046,300.0,0.0,0.0
556,1674532860000.0,0.0,0.0,0.0,0.08863,0.0,0.0,0.09055,1.0,1.0,307.76571450000046,300.0,307.76571450000046,300.0,0.0,0.0
557,1674536460000.0,0.0,0.0,0.0,0.08863,0.0,0.0,0.08967,1.0,1.0,307.76571450000046,300.0,307.76571450000046,300.0,0.0,0.0
558,1674540060000.0,0.0,0.0,0.0,0.08863,0.0,0.0,0.08984,1.0,1.0,307.76571450000046,300.0,307.76571450000046,300.0,0.0,0.0
559,1674543660000.0,0.0,0.0,0.0,0.08863,0.0,0.0,0.08974,1.0,1.0,307.76571450000046,300.0,307.76571450000046,300.0,0.0,0.0
560,1674547260000.0,0.0,0.0,0.0,0.08863,0.0,0.0,0.08986,1.0,1.0,307.76571450000046,300.0,307.76571450000046,300.0,0.0,0.0
561,1674550860000.0,0.0,0.0,0.0,0.08863,0.0,0.0,0.08959,1.0,1.0,307.76571450000046,300.0,307.76571450000046,300.0,0.0,0.0
562,1674554460000.0,0.0,0.0,173.0,0.08889,0.0,0.0,0.08888,1.0,1.0,307.7503365300005,300.0,307.7486065300005,300.0,0.049968978664304095,0.0
563,1674558060000.0,0.0,0.0,173.0,0.08889,0.0,0.0,0.08898,1.0,1.0,307.7503365300005,300.0,307.7659065300005,300.0,0.049968978664304095,0.0
564,1674561660000.0,0.0,0.0,173.0,0.08889,0.0,0.0,0.0889,1.0,1.0,307.7503365300005,300.0,307.7520665300005,300.0,0.049968978664304095,0.0
565,1674565260000.0,0.0,0.0,173.0,0.08889,0.0,0.0,0.08865,1.0,1.0,307.7503365300005,300.0,307.7088165300005,300.0,0.049968978664304095,0.0
566,1674568860000.0,0.0,0.0,173.0,0.08889,0.0,0.0,0.08797,1.0,1.0,307.7503365300005,300.0,307.5911765300005,300.0,0.049968978664304095,0.0
567,1674572460000.0,0.0,0.0,173.0,0.08889,0.0,0.0,0.08827,1.0,1.0,307.7503365300005,300.0,307.6430765300005,300.0,0.049968978664304095,0.0
568,1674576060000.0,0.0,0.0,173.0,0.08889,0.0,0.0,0.08856,1.0,1.0,307.7503365300005,300.0,307.69324653000047,300.0,0.049968978664304095,0.0
569,1674579660000.0,0.0,0.0,173.0,0.08889,0.0,0.0,0.0877,1.0,1.0,307.7503365300005,300.0,307.5444665300005,300.0,0.049968978664304095,0.0
570,1674583260000.0,0.0,0.0,173.0,0.08889,0.0,0.0,0.08797,1.0,1.0,307.7503365300005,300.0,307.5911765300005,300.0,0.049968978664304095,0.0
571,1674586860000.0,0.0,0.0,173.0,0.08889,0.0,0.0,0.08826,1.0,1.0,307.7503365300005,300.0,307.6413465300005,300.0,0.049968978664304095,0.0
572,1674590460000.0,0.0,0.0,173.0,0.08889,0.0,0.0,0.08859,1.0,1.0,307.7503365300005,300.0,307.6984365300005,300.0,0.049968978664304095,0.0
573,1674594060000.0,0.0,0.0,173.0,0.08889,0.0,0.0,0.0883,1.0,1.0,307.7503365300005,300.0,307.64826653000046,300.0,0.049968978664304095,0.0
574,1674597660000.0,0.0,0.0,370.0,0.0873565945945946,0.0,0.0,0.08611,1.0,1.0,307.7333925600005,300.0,307.2721525600005,300.0,0.10503228047862248,0.0
575,1674601260000.0,0.0,0.0,791.0,0.08562863463969658,0.0,0.0,0.08445,1.0,1.0,307.6979822500005,300.0,306.7656822500005,300.0,0.22012575287207586,0.0
576,1674604860000.0,0.0,0.0,791.0,0.08562863463969658,0.0,0.0,0.08407,1.0,1.0,307.6979822500005,300.0,306.46510225000054,300.0,0.22012575287207586,0.0
577,1674608460000.0,0.0,0.0,791.0,0.08562863463969658,0.0,0.0,0.08378,1.0,1.0,307.6979822500005,300.0,306.2357122500005,300.0,0.22012575287207586,0.0
578,1674612060000.0,0.0,0.0,791.0,0.08562863463969658,0.0,0.0,0.08314,1.0,1.0,307.6979822500005,300.0,305.7294722500005,300.0,0.22012575287207586,0.0
579,1674615660000.0,0.0,0.0,791.0,0.08562863463969658,0.0,0.0,0.08355,1.0,1.0,307.6979822500005,300.0,306.0537822500005,300.0,0.22012575287207586,0.0
580,1674619260000.0,0.0,0.0,791.0,0.08562863463969658,0.0,0.0,0.0841,1.0,1.0,307.6979822500005,300.0,306.4888322500005,300.0,0.22012575287207586,0.0
581,1674622860000.0,0.0,0.0,791.0,0.08562863463969658,0.0,0.0,0.08417,1.0,1.0,307.6979822500005,300.0,306.5442022500005,300.0,0.22012575287207586,0.0
582,1674626460000.0,0.0,0.0,791.0,0.08562863463969658,0.0,0.0,0.08428,1.0,1.0,307.6979822500005,300.0,306.6312122500005,300.0,0.22012575287207586,0.0
583,1674630060000.0,0.0,0.0,791.0,0.08562863463969658,0.0,0.0,0.08487,1.0,1.0,307.6979822500005,300.0,307.0979022500005,300.0,0.22012575287207586,0.0
584,1674633660000.0,0.0,0.0,791.0,0.08562863463969658,0.0,0.0,0.08494,1.0,1.0,307.6979822500005,300.0,307.1532722500005,300.0,0.22012575287207586,0.0
585,1674637260000.0,0.0,0.0,791.0,0.08562863463969658,0.0,0.0,0.08451,1.0,1.0,307.6979822500005,300.0,306.8131422500005,300.0,0.22012575287207586,0.0
586,1674640860000.0,0.0,0.0,791.0,0.08562863463969658,0.0,0.0,0.08386,1.0,1.0,307.6979822500005,300.0,306.29899225000054,300.0,0.22012575287207586,0.0
587,1674644460000.0,0.0,0.0,791.0,0.08562863463969658,0.0,0.0,0.08391,1.0,1.0,307.6979822500005,300.0,306.3385422500005,300.0,0.22012575287207586,0.0
588,1674648060000.0,0.0,0.0,791.0,0.08562863463969658,0.0,0.0,0.08375,1.0,1.0,307.6979822500005,300.0,306.2119822500005,300.0,0.22012575287207586,0.0
589,1674651660000.0,0.0,0.0,791.0,0.08562863463969658,0.0,0.0,0.0849,1.0,1.0,307.6979822500005,300.0,307.1216322500005,300.0,0.22012575287207586,0.0
590,1674655260000.0,0.0,0.0,791.0,0.08562863463969658,0.0,0.0,0.08419,1.0,1.0,307.6979822500005,300.0,306.5600222500005,300.0,0.22012575287207586,0.0
591,1674658860000.0,0.0,0.0,791.0,0.08562863463969658,0.0,0.0,0.08306,1.0,1.0,307.6979822500005,300.0,305.6661922500005,300.0,0.22012575287207586,0.0
592,1674662460000.0,0.0,0.0,791.0,0.08562863463969658,0.0,0.0,0.08394,1.0,1.0,307.6979822500005,300.0,306.3622722500005,300.0,0.22012575287207586,0.0
593,1674666060000.0,0.0,0.0,791.0,0.08562863463969658,0.0,0.0,0.08427,1.0,1.0,307.6979822500005,300.0,306.6233022500005,300.0,0.22012575287207586,0.0
594,1674669660000.0,0.0,0.0,791.0,0.08562863463969658,0.0,0.0,0.08429,1.0,1.0,307.6979822500005,300.0,306.6391222500005,300.0,0.22012575287207586,0.0
595,1674673260000.0,0.0,0.0,791.0,0.08562863463969658,0.0,0.0,0.08464,1.0,1.0,307.6979822500005,300.0,306.9159722500005,300.0,0.22012575287207586,0.0
596,1674676860000.0,0.0,0.0,791.0,0.08562863463969658,0.0,0.0,0.08557,1.0,1.0,307.6979822500005,300.0,307.6516022500005,300.0,0.22012575287207586,0.0
597,1674680460000.0,0.0,0.0,791.0,0.08562863463969658,0.0,0.0,0.08626,1.0,1.0,307.6979822500005,300.0,308.1973922500005,300.0,0.22012575287207586,0.0
598,1674684060000.0,0.0,0.0,0.0,0.08562863463969658,0.0,0.0,0.08779,1.0,1.0,308.5127266400005,300.0,308.5127266400005,300.0,0.0,0.0
599,1674687660000.0,0.0,0.0,0.0,0.08562863463969658,0.0,0.0,0.08579,1.0,1.0,308.5127266400005,300.0,308.5127266400005,300.0,0.0,0.0
600,1674691260000.0,0.0,0.0,0.0,0.08562863463969658,0.0,0.0,0.08681,1.0,1.0,308.5127266400005,300.0,308.5127266400005,300.0,0.0,0.0
601,1674694860000.0,0.0,0.0,0.0,0.08562863463969658,0.0,0.0,0.08653,1.0,1.0,308.5127266400005,300.0,308.5127266400005,300.0,0.0,0.0
602,1674698460000.0,0.0,0.0,0.0,0.08562863463969658,0.0,0.0,0.08651,1.0,1.0,308.5127266400005,300.0,308.5127266400005,300.0,0.0,0.0
603,1674702060000.0,0.0,0.0,0.0,0.08562863463969658,0.0,0.0,0.08645,1.0,1.0,308.5127266400005,300.0,308.5127266400005,300.0,0.0,0.0
604,1674705660000.0,0.0,0.0,0.0,0.08562863463969658,0.0,0.0,0.08654,1.0,1.0,308.5127266400005,300.0,308.5127266400005,300.0,0.0,0.0
605,1674709260000.0,0.0,0.0,0.0,0.08562863463969658,0.0,0.0,0.08713,1.0,1.0,308.5127266400005,300.0,308.5127266400005,300.0,0.0,0.0
606,1674712860000.0,0.0,0.0,0.0,0.08562863463969658,0.0,0.0,0.08726,1.0,1.0,308.5127266400005,300.0,308.5127266400005,300.0,0.0,0.0
607,1674716460000.0,0.0,0.0,0.0,0.08562863463969658,0.0,0.0,0.08652,1.0,1.0,308.5127266400005,300.0,308.5127266400005,300.0,0.0,0.0
608,1674720060000.0,0.0,0.0,0.0,0.08562863463969658,0.0,0.0,0.08625,1.0,1.0,308.5127266400005,300.0,308.5127266400005,300.0,0.0,0.0
609,1674723660000.0,0.0,0.0,0.0,0.08562863463969658,0.0,0.0,0.08612,1.0,1.0,308.5127266400005,300.0,308.5127266400005,300.0,0.0,0.0
610,1674727260000.0,0.0,0.0,180.0,0.08574,0.0,0.0,0.08607,1.0,1.0,308.4972934400005,300.0,308.55669344000046,300.0,0.05002701912845662,0.0
611,1674730860000.0,0.0,0.0,180.0,0.08574,0.0,0.0,0.08573,1.0,1.0,308.4972934400005,300.0,308.4954934400005,300.0,0.05002701912845662,0.0
612,1674734460000.0,0.0,0.0,180.0,0.08574,0.0,0.0,0.0857,1.0,1.0,308.4972934400005,300.0,308.49009344000046,300.0,0.05002701912845662,0.0
613,1674738060000.0,0.0,0.0,180.0,0.08574,0.0,0.0,0.08622,1.0,1.0,308.4972934400005,300.0,308.5836934400005,300.0,0.05002701912845662,0.0
614,1674741660000.0,0.0,0.0,180.0,0.08574,0.0,0.0,0.0865,1.0,1.0,308.4972934400005,300.0,308.63409344000047,300.0,0.05002701912845662,0.0
615,1674745260000.0,0.0,0.0,0.0,0.08574,0.0,0.0,0.0862,1.0,1.0,308.68865324000046,300.0,308.68865324000046,300.0,0.0,0.0
616,1674748860000.0,0.0,0.0,180.0,0.08581,0.0,0.0,0.08592,1.0,1.0,308.67320744000045,300.0,308.69300744000043,300.0,0.0500393284149948,0.0
617,1674752460000.0,0.0,0.0,180.0,0.08581,0.0,0.0,0.08594,1.0,1.0,308.67320744000045,300.0,308.69660744000043,300.0,0.0500393284149948,0.0
618,1674756060000.0,0.0,0.0,180.0,0.08581,0.0,0.0,0.08573,1.0,1.0,308.67320744000045,300.0,308.65880744000043,300.0,0.0500393284149948,0.0
619,1674759660000.0,0.0,0.0,180.0,0.08581,0.0,0.0,0.08591,1.0,1.0,308.67320744000045,300.0,308.6912074400004,300.0,0.0500393284149948,0.0
620,1674763260000.0,0.0,0.0,180.0,0.08581,0.0,0.0,0.08611,1.0,1.0,308.67320744000045,300.0,308.7272074400004,300.0,0.0500393284149948,0.0
621,1674766860000.0,0.0,0.0,180.0,0.08581,0.0,0.0,0.08635,1.0,1.0,308.67320744000045,300.0,308.77040744000044,300.0,0.0500393284149948,0.0
622,1674770460000.0,0.0,0.0,180.0,0.08581,0.0,0.0,0.0859,1.0,1.0,308.67320744000045,300.0,308.6894074400005,300.0,0.0500393284149948,0.0
623,1674774060000.0,0.0,0.0,180.0,0.08581,0.0,0.0,0.08609,1.0,1.0,308.67320744000045,300.0,308.7236074400005,300.0,0.0500393284149948,0.0
624,1674777660000.0,0.0,0.0,180.0,0.08581,0.0,0.0,0.0864,1.0,1.0,308.67320744000045,300.0,308.77940744000045,300.0,0.0500393284149948,0.0
625,1674781260000.0,0.0,0.0,180.0,0.08581,0.0,0.0,0.08561,1.0,1.0,308.67320744000045,300.0,308.63720744000045,300.0,0.0500393284149948,0.0
626,1674784860000.0,0.0,0.0,180.0,0.08581,0.0,0.0,0.08438,1.0,1.0,308.67320744000045,300.0,308.41580744000044,300.0,0.0500393284149948,0.0
627,1674788460000.0,0.0,0.0,180.0,0.08581,0.0,0.0,0.08474,1.0,1.0,308.67320744000045,300.0,308.4806074400004,300.0,0.0500393284149948,0.0
628,1674792060000.0,0.0,0.0,180.0,0.08581,0.0,0.0,0.08473,1.0,1.0,308.67320744000045,300.0,308.4788074400005,300.0,0.0500393284149948,0.0
629,1674795660000.0,0.0,0.0,180.0,0.08581,0.0,0.0,0.08496,1.0,1.0,308.67320744000045,300.0,308.52020744000043,300.0,0.0500393284149948,0.0
630,1674799260000.0,0.0,0.0,180.0,0.08581,0.0,0.0,0.08546,1.0,1.0,308.67320744000045,300.0,308.61020744000047,300.0,0.0500393284149948,0.0
631,1674802860000.0,0.0,0.0,180.0,0.08581,0.0,0.0,0.08575,1.0,1.0,308.67320744000045,300.0,308.66240744000044,300.0,0.0500393284149948,0.0
632,1674806460000.0,0.0,0.0,180.0,0.08581,0.0,0.0,0.08587,1.0,1.0,308.67320744000045,300.0,308.68400744000047,300.0,0.0500393284149948,0.0
633,1674810060000.0,0.0,0.0,180.0,0.08581,0.0,0.0,0.08554,1.0,1.0,308.67320744000045,300.0,308.62460744000043,300.0,0.0500393284149948,0.0
634,1674813660000.0,0.0,0.0,180.0,0.08581,0.0,0.0,0.08566,1.0,1.0,308.67320744000045,300.0,308.64620744000047,300.0,0.0500393284149948,0.0
635,1674817260000.0,0.0,0.0,180.0,0.08581,0.0,0.0,0.08529,1.0,1.0,308.67320744000045,300.0,308.5796074400005,300.0,0.0500393284149948,0.0
636,1674820860000.0,0.0,0.0,180.0,0.08581,0.0,0.0,0.0854,1.0,1.0,308.67320744000045,300.0,308.59940744000045,300.0,0.0500393284149948,0.0
637,1674824460000.0,0.0,0.0,180.0,0.08581,0.0,0.0,0.08538,1.0,1.0,308.67320744000045,300.0,308.59580744000044,300.0,0.0500393284149948,0.0
638,1674828060000.0,0.0,0.0,180.0,0.08581,0.0,0.0,0.0853,1.0,1.0,308.67320744000045,300.0,308.5814074400005,300.0,0.0500393284149948,0.0
639,1674831660000.0,0.0,0.0,180.0,0.08581,0.0,0.0,0.08573,1.0,1.0,308.67320744000045,300.0,308.65880744000043,300.0,0.0500393284149948,0.0
640,1674835260000.0,0.0,0.0,180.0,0.08581,0.0,0.0,0.08582,1.0,1.0,308.67320744000045,300.0,308.67500744000046,300.0,0.0500393284149948,0.0
641,1674838860000.0,0.0,0.0,180.0,0.08581,0.0,0.0,0.08638,1.0,1.0,308.67320744000045,300.0,308.77580744000045,300.0,0.0500393284149948,0.0
642,1674842460000.0,0.0,0.0,0.0,0.08581,0.0,0.0,0.08675,1.0,1.0,308.86455464000045,300.0,308.86455464000045,300.0,0.0,0.0
643,1674846060000.0,0.0,0.0,0.0,0.08581,0.0,0.0,0.08686,1.0,1.0,308.86455464000045,300.0,308.86455464000045,300.0,0.0,0.0
644,1674849660000.0,0.0,0.0,0.0,0.08581,0.0,0.0,0.08722,1.0,1.0,308.86455464000045,300.0,308.86455464000045,300.0,0.0,0.0
645,1674853260000.0,0.0,0.0,0.0,0.08581,0.0,0.0,0.08673,1.0,1.0,308.86455464000045,300.0,308.86455464000045,300.0,0.0,0.0
646,1674856860000.0,0.0,0.0,0.0,0.08581,0.0,0.0,0.08741,1.0,1.0,308.86455464000045,300.0,308.86455464000045,300.0,0.0,0.0
647,1674860460000.0,0.0,0.0,0.0,0.08581,0.0,0.0,0.08667,1.0,1.0,308.86455464000045,300.0,308.86455464000045,300.0,0.0,0.0
648,1674864060000.0,0.0,0.0,0.0,0.08581,0.0,0.0,0.0874,1.0,1.0,308.86455464000045,300.0,308.86455464000045,300.0,0.0,0.0
649,1674867660000.0,0.0,0.0,0.0,0.08581,0.0,0.0,0.08795,1.0,1.0,308.86455464000045,300.0,308.86455464000045,300.0,0.0,0.0
650,1674871260000.0,0.0,0.0,0.0,0.08581,0.0,0.0,0.08768,1.0,1.0,308.86455464000045,300.0,308.86455464000045,300.0,0.0,0.0
651,1674874860000.0,0.0,0.0,0.0,0.08581,0.0,0.0,0.08732,1.0,1.0,308.86455464000045,300.0,308.86455464000045,300.0,0.0,0.0
652,1674878460000.0,0.0,0.0,0.0,0.08581,0.0,0.0,0.08783,1.0,1.0,308.86455464000045,300.0,308.86455464000045,300.0,0.0,0.0
653,1674882060000.0,0.0,0.0,0.0,0.08581,0.0,0.0,0.09082,1.0,1.0,308.86455464000045,300.0,308.86455464000045,300.0,0.0,0.0
654,1674885660000.0,0.0,0.0,0.0,0.08581,0.0,0.0,0.09219,1.0,1.0,308.86455464000045,300.0,308.86455464000045,300.0,0.0,0.0
655,1674889260000.0,0.0,0.0,0.0,0.08581,0.0,0.0,0.09056,1.0,1.0,308.86455464000045,300.0,308.86455464000045,300.0,0.0,0.0
656,1674892860000.0,0.0,0.0,0.0,0.08581,0.0,0.0,0.09001,1.0,1.0,308.86455464000045,300.0,308.86455464000045,300.0,0.0,0.0
657,1674896460000.0,0.0,0.0,0.0,0.08581,0.0,0.0,0.08969,1.0,1.0,308.86455464000045,300.0,308.86455464000045,300.0,0.0,0.0
658,1674900060000.0,0.0,0.0,0.0,0.08581,0.0,0.0,0.08983,1.0,1.0,308.86455464000045,300.0,308.86455464000045,300.0,0.0,0.0
659,1674903660000.0,0.0,0.0,0.0,0.08581,0.0,0.0,0.08961,1.0,1.0,308.86455464000045,300.0,308.86455464000045,300.0,0.0,0.0
660,1674907260000.0,0.0,0.0,0.0,0.08581,0.0,0.0,0.08928,1.0,1.0,308.86455464000045,300.0,308.86455464000045,300.0,0.0,0.0
661,1674910860000.0,0.0,0.0,176.0,0.08799,0.0,0.0,0.08794,1.0,1.0,308.8490684000005,300.0,308.84026840000047,300.0,0.05014177339186035,0.0
662,1674914460000.0,0.0,0.0,176.0,0.08799,0.0,0.0,0.08812,1.0,1.0,308.8490684000005,300.0,308.87194840000046,300.0,0.05014177339186035,0.0
663,1674918060000.0,0.0,0.0,176.0,0.08799,0.0,0.0,0.0879,1.0,1.0,308.8490684000005,300.0,308.83322840000045,300.0,0.05014177339186035,0.0
664,1674921660000.0,0.0,0.0,176.0,0.08799,0.0,0.0,0.08843,1.0,1.0,308.8490684000005,300.0,308.9265084000005,300.0,0.05014177339186035,0.0
665,1674925260000.0,0.0,0.0,176.0,0.08799,0.0,0.0,0.08853,1.0,1.0,308.8490684000005,300.0,308.94410840000046,300.0,0.05014177339186035,0.0
666,1674928860000.0,0.0,0.0,176.0,0.08799,0.0,0.0,0.08813,1.0,1.0,308.8490684000005,300.0,308.87370840000045,300.0,0.05014177339186035,0.0
667,1674932460000.0,0.0,0.0,176.0,0.08799,0.0,0.0,0.08771,1.0,1.0,308.8490684000005,300.0,308.79978840000047,300.0,0.05014177339186035,0.0
668,1674936060000.0,0.0,0.0,176.0,0.08799,0.0,0.0,0.0881,1.0,1.0,308.8490684000005,300.0,308.8684284000005,300.0,0.05014177339186035,0.0
669,1674939660000.0,0.0,0.0,176.0,0.08799,0.0,0.0,0.0873,1.0,1.0,308.8490684000005,300.0,308.72762840000047,300.0,0.05014177339186035,0.0
670,1674943260000.0,0.0,0.0,176.0,0.08799,0.0,0.0,0.08739,1.0,1.0,308.8490684000005,300.0,308.7434684000005,300.0,0.05014177339186035,0.0
671,1674946860000.0,0.0,0.0,176.0,0.08799,0.0,0.0,0.08702,1.0,1.0,308.8490684000005,300.0,308.67834840000046,300.0,0.05014177339186035,0.0
672,1674950460000.0,0.0,0.0,176.0,0.08799,0.0,0.0,0.0878,1.0,1.0,308.8490684000005,300.0,308.8156284000005,300.0,0.05014177339186035,0.0
673,1674954060000.0,0.0,0.0,176.0,0.08799,0.0,0.0,0.08892,1.0,1.0,308.8490684000005,300.0,309.0127484000005,300.0,0.05014177339186035,0.0
674,1674957660000.0,0.0,0.0,0.0,0.08799,0.0,0.0,0.0891,1.0,1.0,309.04105448000047,300.0,309.04105448000047,300.0,0.0,0.0
675,1674961260000.0,0.0,0.0,0.0,0.08799,0.0,0.0,0.08839,1.0,1.0,309.04105448000047,300.0,309.04105448000047,300.0,0.0,0.0
676,1674964860000.0,0.0,0.0,0.0,0.08799,0.0,0.0,0.08891,1.0,1.0,309.04105448000047,300.0,309.04105448000047,300.0,0.0,0.0
677,1674968460000.0,0.0,0.0,0.0,0.08799,0.0,0.0,0.08871,1.0,1.0,309.04105448000047,300.0,309.04105448000047,300.0,0.0,0.0
678,1674972060000.0,0.0,0.0,0.0,0.08799,0.0,0.0,0.08876,1.0,1.0,309.04105448000047,300.0,309.04105448000047,300.0,0.0,0.0
679,1674975660000.0,0.0,0.0,0.0,0.08799,0.0,0.0,0.08857,1.0,1.0,309.04105448000047,300.0,309.04105448000047,300.0,0.0,0.0
680,1674979260000.0,0.0,0.0,0.0,0.08799,0.0,0.0,0.0886,1.0,1.0,309.04105448000047,300.0,309.04105448000047,300.0,0.0,0.0
681,1674982860000.0,0.0,0.0,0.0,0.08799,0.0,0.0,0.08848,1.0,1.0,309.04105448000047,300.0,309.04105448000047,300.0,0.0,0.0
682,1674986460000.0,0.0,0.0,0.0,0.08799,0.0,0.0,0.08915,1.0,1.0,309.04105448000047,300.0,309.04105448000047,300.0,0.0,0.0
683,1674990060000.0,0.0,0.0,0.0,0.08799,0.0,0.0,0.08994,1.0,1.0,309.04105448000047,300.0,309.04105448000047,300.0,0.0,0.0
684,1674993660000.0,0.0,0.0,0.0,0.08799,0.0,0.0,0.08977,1.0,1.0,309.04105448000047,300.0,309.04105448000047,300.0,0.0,0.0
685,1674997260000.0,0.0,0.0,0.0,0.08799,0.0,0.0,0.08966,1.0,1.0,309.04105448000047,300.0,309.04105448000047,300.0,0.0,0.0
686,1675000860000.0,0.0,0.0,0.0,0.08799,0.0,0.0,0.08972,1.0,1.0,309.04105448000047,300.0,309.04105448000047,300.0,0.0,0.0
687,1675004460000.0,0.0,0.0,0.0,0.08799,0.0,0.0,0.09018,1.0,1.0,309.04105448000047,300.0,309.04105448000047,300.0,0.0,0.0
688,1675008060000.0,0.0,0.0,0.0,0.08799,0.0,0.0,0.08974,1.0,1.0,309.04105448000047,300.0,309.04105448000047,300.0,0.0,0.0
689,1675011660000.0,0.0,0.0,174.0,0.08871,0.0,0.0,0.08945,1.0,1.0,309.02561894000047,300.0,309.15437894000047,300.0,0.04994906264712286,0.0
690,1675015260000.0,0.0,0.0,174.0,0.08871,0.0,0.0,0.0894,1.0,1.0,309.02561894000047,300.0,309.1456789400005,300.0,0.04994906264712286,0.0
691,1675018860000.0,0.0,0.0,0.0,0.08871,0.0,0.0,0.08984,1.0,1.0,309.2170363400005,300.0,309.2170363400005,300.0,0.0,0.0
692,1675022460000.0,0.0,0.0,0.0,0.08871,0.0,0.0,0.0903,1.0,1.0,309.2170363400005,300.0,309.2170363400005,300.0,0.0,0.0
693,1675026060000.0,0.0,0.0,0.0,0.08871,0.0,0.0,0.08987,1.0,1.0,309.2170363400005,300.0,309.2170363400005,300.0,0.0,0.0
694,1675029660000.0,0.0,0.0,0.0,0.08871,0.0,0.0,0.09003,1.0,1.0,309.2170363400005,300.0,309.2170363400005,300.0,0.0,0.0
695,1675033260000.0,0.0,0.0,0.0,0.08871,0.0,0.0,0.09018,1.0,1.0,309.2170363400005,300.0,309.2170363400005,300.0,0.0,0.0
696,1675036860000.0,0.0,0.0,0.0,0.08871,0.0,0.0,0.09015,1.0,1.0,309.2170363400005,300.0,309.2170363400005,300.0,0.0,0.0
697,1675040460000.0,0.0,0.0,0.0,0.08871,0.0,0.0,0.0907,1.0,1.0,309.2170363400005,300.0,309.2170363400005,300.0,0.0,0.0
698,1675044060000.0,0.0,0.0,173.0,0.08926,0.0,0.0,0.08938,1.0,1.0,309.2015943600005,300.0,309.2223543600005,300.0,0.049941463050869814,0.0
699,1675047660000.0,0.0,0.0,173.0,0.08926,0.0,0.0,0.08902,1.0,1.0,309.2015943600005,300.0,309.1600743600005,300.0,0.049941463050869814,0.0
700,1675051260000.0,0.0,0.0,173.0,0.08926,0.0,0.0,0.08949,1.0,1.0,309.2015943600005,300.0,309.2413843600005,300.0,0.049941463050869814,0.0
701,1675054860000.0,0.0,0.0,173.0,0.08926,0.0,0.0,0.08924,1.0,1.0,309.2015943600005,300.0,309.1981343600005,300.0,0.049941463050869814,0.0
702,1675058460000.0,0.0,0.0,173.0,0.08926,0.0,0.0,0.08913,1.0,1.0,309.2015943600005,300.0,309.1791043600005,300.0,0.049941463050869814,0.0
703,1675062060000.0,0.0,0.0,173.0,0.08926,0.0,0.0,0.08862,1.0,1.0,309.2015943600005,300.0,309.0908743600005,300.0,0.049941463050869814,0.0
704,1675065660000.0,0.0,0.0,173.0,0.08926,0.0,0.0,0.08811,1.0,1.0,309.2015943600005,300.0,309.0026443600005,300.0,0.049941463050869814,0.0
705,1675069260000.0,0.0,0.0,173.0,0.08926,0.0,0.0,0.08756,1.0,1.0,309.2015943600005,300.0,308.9074943600005,300.0,0.049941463050869814,0.0
706,1675072860000.0,0.0,0.0,370.0,0.08771594594594595,0.0,0.0,0.0852,1.0,1.0,309.1845814400005,300.0,308.2536814400005,300.0,0.10496933530399254,0.0
707,1675076460000.0,0.0,0.0,370.0,0.08771594594594595,0.0,0.0,0.08599,1.0,1.0,309.1845814400005,300.0,308.5459814400005,300.0,0.10496933530399254,0.0
708,1675080060000.0,0.0,0.0,370.0,0.08771594594594595,0.0,0.0,0.08579,1.0,1.0,309.1845814400005,300.0,308.4719814400005,300.0,0.10496933530399254,0.0
709,1675083660000.0,0.0,0.0,370.0,0.08771594594594595,0.0,0.0,0.08591,1.0,1.0,309.1845814400005,300.0,308.5163814400005,300.0,0.10496933530399254,0.0
710,1675087260000.0,0.0,0.0,370.0,0.08771594594594595,0.0,0.0,0.08602,1.0,1.0,309.1845814400005,300.0,308.5570814400005,300.0,0.10496933530399254,0.0
711,1675090860000.0,0.0,0.0,370.0,0.08771594594594595,0.0,0.0,0.08771,1.0,1.0,309.1845814400005,300.0,309.1823814400005,300.0,0.10496933530399254,0.0
712,1675094460000.0,0.0,0.0,370.0,0.08771594594594595,0.0,0.0,0.0866,1.0,1.0,309.1845814400005,300.0,308.7716814400005,300.0,0.10496933530399254,0.0
713,1675098060000.0,0.0,0.0,370.0,0.08771594594594595,0.0,0.0,0.08654,1.0,1.0,309.1845814400005,300.0,308.7494814400005,300.0,0.10496933530399254,0.0
714,1675101660000.0,0.0,0.0,0.0,0.08771594594594595,0.0,0.0,0.08768,1.0,1.0,309.5897884400005,300.0,309.5897884400005,300.0,0.0,0.0
715,1675105260000.0,0.0,0.0,0.0,0.08771594594594595,0.0,0.0,0.08859,1.0,1.0,309.5897884400005,300.0,309.5897884400005,300.0,0.0,0.0
716,1675108860000.0,0.0,0.0,177.0,0.08722,0.0,0.0,0.08682,1.0,1.0,309.5743505000005,300.0,309.5035505000005,300.0,0.04986827873519185,0.0
717,1675112460000.0,0.0,0.0,177.0,0.08722,0.0,0.0,0.0871,1.0,1.0,309.5743505000005,300.0,309.5531105000005,300.0,0.04986827873519185,0.0
718,1675116060000.0,0.0,0.0,177.0,0.08722,0.0,0.0,0.08676,1.0,1.0,309.5743505000005,300.0,309.4929305000005,300.0,0.04986827873519185,0.0
719,1675119660000.0,0.0,0.0,177.0,0.08722,0.0,0.0,0.08717,1.0,1.0,309.5743505000005,300.0,309.5655005000005,300.0,0.04986827873519185,0.0
720,1675123260000.0,0.0,0.0,0.0,0.08722,0.0,0.0,0.0884,1.0,1.0,309.7657954700005,300.0,309.7657954700005,300.0,0.0,0.0
721,1675126860000.0,0.0,0.0,0.0,0.08722,0.0,0.0,0.08951,1.0,1.0,309.7657954700005,300.0,309.7657954700005,300.0,0.0,0.0
722,1675130460000.0,0.0,0.0,0.0,0.08722,0.0,0.0,0.09105,1.0,1.0,309.7657954700005,300.0,309.7657954700005,300.0,0.0,0.0
723,1675134060000.0,0.0,0.0,0.0,0.08722,0.0,0.0,0.09164,1.0,1.0,309.7657954700005,300.0,309.7657954700005,300.0,0.0,0.0
724,1675137660000.0,0.0,0.0,0.0,0.08722,0.0,0.0,0.0918,1.0,1.0,309.7657954700005,300.0,309.7657954700005,300.0,0.0,0.0
725,1675141260000.0,0.0,0.0,0.0,0.08722,0.0,0.0,0.09153,1.0,1.0,309.7657954700005,300.0,309.7657954700005,300.0,0.0,0.0
726,1675144860000.0,0.0,0.0,0.0,0.08722,0.0,0.0,0.09214,1.0,1.0,309.7657954700005,300.0,309.7657954700005,300.0,0.0,0.0
727,1675148460000.0,0.0,0.0,0.0,0.08722,0.0,0.0,0.09249,1.0,1.0,309.7657954700005,300.0,309.7657954700005,300.0,0.0,0.0
728,1675152060000.0,0.0,0.0,0.0,0.08722,0.0,0.0,0.09521,1.0,1.0,309.7657954700005,300.0,309.7657954700005,300.0,0.0,0.0
729,1675155660000.0,0.0,0.0,0.0,0.08722,0.0,0.0,0.09266,1.0,1.0,309.7657954700005,300.0,309.7657954700005,300.0,0.0,0.0
730,1675159260000.0,0.0,0.0,0.0,0.08722,0.0,0.0,0.09222,1.0,1.0,309.7657954700005,300.0,309.7657954700005,300.0,0.0,0.0
731,1675162860000.0,0.0,0.0,0.0,0.08722,0.0,0.0,0.09152,1.0,1.0,309.7657954700005,300.0,309.7657954700005,300.0,0.0,0.0
732,1675166460000.0,0.0,0.0,0.0,0.08722,0.0,0.0,0.09201,1.0,1.0,309.7657954700005,300.0,309.7657954700005,300.0,0.0,0.0
733,1675170060000.0,0.0,0.0,0.0,0.08722,0.0,0.0,0.09257,1.0,1.0,309.7657954700005,300.0,309.7657954700005,300.0,0.0,0.0
734,1675173660000.0,0.0,0.0,0.0,0.08722,0.0,0.0,0.09333,1.0,1.0,309.7657954700005,300.0,309.7657954700005,300.0,0.0,0.0
735,1675177260000.0,0.0,0.0,0.0,0.08722,0.0,0.0,0.09297,1.0,1.0,309.7657954700005,300.0,309.7657954700005,300.0,0.0,0.0
736,1675180860000.0,0.0,0.0,0.0,0.08722,0.0,0.0,0.09314,1.0,1.0,309.7657954700005,300.0,309.7657954700005,300.0,0.0,0.0
737,1675184460000.0,0.0,0.0,0.0,0.08722,0.0,0.0,0.09551,1.0,1.0,309.7657954700005,300.0,309.7657954700005,300.0,0.0,0.0
738,1675188060000.0,0.0,0.0,0.0,0.08722,0.0,0.0,0.09552,1.0,1.0,309.7657954700005,300.0,309.7657954700005,300.0,0.0,0.0
739,1675191660000.0,0.0,0.0,0.0,0.08722,0.0,0.0,0.09506,1.0,1.0,309.7657954700005,300.0,309.7657954700005,300.0,0.0,0.0
740,1675195260000.0,0.0,0.0,0.0,0.08722,0.0,0.0,0.09695,1.0,1.0,309.7657954700005,300.0,309.7657954700005,300.0,0.0,0.0
741,1675198860000.0,0.0,0.0,0.0,0.08722,0.0,0.0,0.0962,1.0,1.0,309.7657954700005,300.0,309.7657954700005,300.0,0.0,0.0
742,1675202460000.0,0.0,0.0,0.0,0.08722,0.0,0.0,0.09509,1.0,1.0,309.7657954700005,300.0,309.7657954700005,300.0,0.0,0.0
743,1675206060000.0,0.0,0.0,0.0,0.08722,0.0,0.0,0.09572,1.0,1.0,309.7657954700005,300.0,309.7657954700005,300.0,0.0,0.0
744,1675209660000.0,0.0,0.0,0.0,0.08722,0.0,0.0,0.09586,1.0,1.0,309.7657954700005,300.0,309.7657954700005,300.0,0.0,0.0
745,1675213260000.0,0.0,0.0,0.0,0.08722,0.0,0.0,0.09471,1.0,1.0,309.7657954700005,300.0,309.7657954700005,300.0,0.0,0.0
746,1675216860000.0,0.0,0.0,0.0,0.08722,0.0,0.0,0.09523,1.0,1.0,309.7657954700005,300.0,309.7657954700005,300.0,0.0,0.0
747,1675220460000.0,0.0,0.0,0.0,0.08722,0.0,0.0,0.09434,1.0,1.0,309.7657954700005,300.0,309.7657954700005,300.0,0.0,0.0
748,1675224060000.0,0.0,0.0,166.0,0.09329,0.0,0.0,0.09322,1.0,1.0,309.7503093300005,300.0,309.7386893300005,300.0,0.04999555943462009,0.0
749,1675227660000.0,0.0,0.0,166.0,0.09329,0.0,0.0,0.09254,1.0,1.0,309.7503093300005,300.0,309.6258093300005,300.0,0.04999555943462009,0.0
750,1675231260000.0,0.0,0.0,166.0,0.09329,0.0,0.0,0.09255,1.0,1.0,309.7503093300005,300.0,309.6274693300005,300.0,0.04999555943462009,0.0
751,1675234860000.0,0.0,0.0,166.0,0.09329,0.0,0.0,0.09155,1.0,1.0,309.7503093300005,300.0,309.4614693300005,300.0,0.04999555943462009,0.0
752,1675238460000.0,0.0,0.0,166.0,0.09329,0.0,0.0,0.09237,1.0,1.0,309.7503093300005,300.0,309.5975893300005,300.0,0.04999555943462009,0.0
753,1675242060000.0,0.0,0.0,166.0,0.09329,0.0,0.0,0.09153,1.0,1.0,309.7503093300005,300.0,309.4581493300005,300.0,0.04999555943462009,0.0
754,1675245660000.0,0.0,0.0,166.0,0.09329,0.0,0.0,0.09183,1.0,1.0,309.7503093300005,300.0,309.5079493300005,300.0,0.04999555943462009,0.0
755,1675249260000.0,0.0,0.0,166.0,0.09329,0.0,0.0,0.09199,1.0,1.0,309.7503093300005,300.0,309.5345093300005,300.0,0.04999555943462009,0.0
756,1675252860000.0,0.0,0.0,166.0,0.09329,0.0,0.0,0.09196,1.0,1.0,309.7503093300005,300.0,309.5295293300005,300.0,0.04999555943462009,0.0
757,1675256460000.0,0.0,0.0,166.0,0.09329,0.0,0.0,0.0913,1.0,1.0,309.7503093300005,300.0,309.4199693300005,300.0,0.04999555943462009,0.0
758,1675260060000.0,0.0,0.0,355.0,0.09167684507042254,0.0,0.0,0.09136,1.0,1.0,309.7332501900005,300.0,309.6207701900005,300.0,0.10507518963506715,0.0
759,1675263660000.0,0.0,0.0,355.0,0.09167684507042254,0.0,0.0,0.09144,1.0,1.0,309.7332501900005,300.0,309.64917019000046,300.0,0.10507518963506715,0.0
760,1675267260000.0,0.0,0.0,355.0,0.09167684507042254,0.0,0.0,0.08943,1.0,1.0,309.7332501900005,300.0,308.93562019000046,300.0,0.10507518963506715,0.0
761,1675270860000.0,0.0,0.0,355.0,0.09167684507042254,0.0,0.0,0.08996,1.0,1.0,309.7332501900005,300.0,309.12377019000047,300.0,0.10507518963506715,0.0
762,1675274460000.0,0.0,0.0,759.0,0.08986345191040843,0.0,0.0,0.08893,1.0,1.0,309.6975891100005,300.0,308.9890991100005,300.0,0.2202353599070931,0.0
763,1675278060000.0,0.0,0.0,759.0,0.08986345191040843,0.0,0.0,0.09023,1.0,1.0,309.6975891100005,300.0,309.9757991100005,300.0,0.2202353599070931,0.0
764,1675281660000.0,0.0,0.0,0.0,0.08986345191040843,0.0,0.0,0.09262,1.0,1.0,310.51794330000047,300.0,310.51794330000047,300.0,0.0,0.0
765,1675285260000.0,0.0,0.0,0.0,0.08986345191040843,0.0,0.0,0.09322,1.0,1.0,310.51794330000047,300.0,310.51794330000047,300.0,0.0,0.0
766,1675288860000.0,0.0,0.0,0.0,0.08986345191040843,0.0,0.0,0.09461,1.0,1.0,310.51794330000047,300.0,310.51794330000047,300.0,0.0,0.0
767,1675292460000.0,0.0,0.0,0.0,0.08986345191040843,0.0,0.0,0.09436,1.0,1.0,310.51794330000047,300.0,310.51794330000047,300.0,0.0,0.0
768,1675296060000.0,0.0,0.0,0.0,0.08986345191040843,0.0,0.0,0.09445,1.0,1.0,310.51794330000047,300.0,310.51794330000047,300.0,0.0,0.0
769,1675299660000.0,0.0,0.0,0.0,0.08986345191040843,0.0,0.0,0.0954,1.0,1.0,310.51794330000047,300.0,310.51794330000047,300.0,0.0,0.0
770,1675303260000.0,0.0,0.0,0.0,0.08986345191040843,0.0,0.0,0.09503,1.0,1.0,310.51794330000047,300.0,310.51794330000047,300.0,0.0,0.0
771,1675306860000.0,0.0,0.0,0.0,0.08986345191040843,0.0,0.0,0.0944,1.0,1.0,310.51794330000047,300.0,310.51794330000047,300.0,0.0,0.0
772,1675310460000.0,0.0,0.0,0.0,0.08986345191040843,0.0,0.0,0.09393,1.0,1.0,310.51794330000047,300.0,310.51794330000047,300.0,0.0,0.0
773,1675314060000.0,0.0,0.0,0.0,0.08986345191040843,0.0,0.0,0.09412,1.0,1.0,310.51794330000047,300.0,310.51794330000047,300.0,0.0,0.0
774,1675317660000.0,0.0,0.0,0.0,0.08986345191040843,0.0,0.0,0.09398,1.0,1.0,310.51794330000047,300.0,310.51794330000047,300.0,0.0,0.0
775,1675321260000.0,0.0,0.0,0.0,0.08986345191040843,0.0,0.0,0.09314,1.0,1.0,310.51794330000047,300.0,310.51794330000047,300.0,0.0,0.0
776,1675324860000.0,0.0,0.0,167.0,0.0929,0.0,0.0,0.09294,1.0,1.0,310.50242900000046,300.0,310.5091090000005,300.0,0.04996514858181665,0.0
777,1675328460000.0,0.0,0.0,167.0,0.0929,0.0,0.0,0.09358,1.0,1.0,310.50242900000046,300.0,310.61598900000047,300.0,0.04996514858181665,0.0
778,1675332060000.0,0.0,0.0,167.0,0.0929,0.0,0.0,0.09411,1.0,1.0,310.50242900000046,300.0,310.70449900000045,300.0,0.04996514858181665,0.0
779,1675335660000.0,0.0,0.0,0.0,0.0929,0.0,0.0,0.09385,1.0,1.0,310.69545595000045,300.0,310.69545595000045,300.0,0.0,0.0
780,1675339260000.0,0.0,0.0,0.0,0.0929,0.0,0.0,0.09422,1.0,1.0,310.69545595000045,300.0,310.69545595000045,300.0,0.0,0.0
781,1675342860000.0,0.0,0.0,0.0,0.0929,0.0,0.0,0.0942,1.0,1.0,310.69545595000045,300.0,310.69545595000045,300.0,0.0,0.0
782,1675346460000.0,0.0,0.0,167.0,0.09314,0.0,0.0,0.09272,1.0,1.0,310.6799015700004,300.0,310.60976157000044,300.0,0.05006561390484857,0.0
783,1675350060000.0,0.0,0.0,167.0,0.09314,0.0,0.0,0.09213,1.0,1.0,310.6799015700004,300.0,310.5112315700004,300.0,0.05006561390484857,0.0
784,1675353660000.0,0.0,0.0,167.0,0.09314,0.0,0.0,0.09293,1.0,1.0,310.6799015700004,300.0,310.6448315700004,300.0,0.05006561390484857,0.0
785,1675357260000.0,0.0,0.0,167.0,0.09314,0.0,0.0,0.09351,1.0,1.0,310.6799015700004,300.0,310.7416915700004,300.0,0.05006561390484857,0.0
786,1675360860000.0,0.0,0.0,167.0,0.09314,0.0,0.0,0.09364,1.0,1.0,310.6799015700004,300.0,310.76340157000044,300.0,0.05006561390484857,0.0
787,1675364460000.0,0.0,0.0,0.0,0.09314,0.0,0.0,0.09442,1.0,1.0,310.87288844000045,300.0,310.87288844000045,300.0,0.0,0.0
788,1675368060000.0,0.0,0.0,167.0,0.09312,0.0,0.0,0.09265,1.0,1.0,310.85733740000046,300.0,310.7788474000005,300.0,0.050026292221597005,0.0
789,1675371660000.0,0.0,0.0,167.0,0.09312,0.0,0.0,0.09315,1.0,1.0,310.85733740000046,300.0,310.8623474000005,300.0,0.050026292221597005,0.0
790,1675375260000.0,0.0,0.0,357.0,0.09151271708683473,0.0,0.0,0.09086,1.0,1.0,310.8402184000005,300.0,310.60719840000047,300.0,0.10510235827321099,0.0
791,1675378860000.0,0.0,0.0,357.0,0.09151271708683473,0.0,0.0,0.09163,1.0,1.0,310.8402184000005,300.0,310.8820884000005,300.0,0.10510235827321099,0.0
792,1675382460000.0,0.0,0.0,357.0,0.09151271708683473,0.0,0.0,0.09108,1.0,1.0,310.8402184000005,300.0,310.6857384000005,300.0,0.10510235827321099,0.0
793,1675386060000.0,0.0,0.0,357.0,0.09151271708683473,0.0,0.0,0.09144,1.0,1.0,310.8402184000005,300.0,310.8142584000005,300.0,0.10510235827321099,0.0
794,1675389660000.0,0.0,0.0,357.0,0.09151271708683473,0.0,0.0,0.09126,1.0,1.0,310.8402184000005,300.0,310.7499984000005,300.0,0.10510235827321099,0.0
795,1675393260000.0,0.0,0.0,357.0,0.09151271708683473,0.0,0.0,0.09082,1.0,1.0,310.8402184000005,300.0,310.5929184000005,300.0,0.10510235827321099,0.0
796,1675396860000.0,0.0,0.0,357.0,0.09151271708683473,0.0,0.0,0.0913,1.0,1.0,310.8402184000005,300.0,310.7642784000005,300.0,0.10510235827321099,0.0
797,1675400460000.0,0.0,0.0,357.0,0.09151271708683473,0.0,0.0,0.09204,1.0,1.0,310.8402184000005,300.0,311.0284584000005,300.0,0.10510235827321099,0.0
798,1675404060000.0,0.0,0.0,357.0,0.09151271708683473,0.0,0.0,0.09219,1.0,1.0,310.8402184000005,300.0,311.08200840000046,300.0,0.10510235827321099,0.0
799,1675407660000.0,0.0,0.0,357.0,0.09151271708683473,0.0,0.0,0.09166,1.0,1.0,310.8402184000005,300.0,310.89279840000046,300.0,0.10510235827321099,0.0
800,1675411260000.0,0.0,0.0,357.0,0.09151271708683473,0.0,0.0,0.09126,1.0,1.0,310.8402184000005,300.0,310.7499984000005,300.0,0.10510235827321099,0.0
801,1675414860000.0,0.0,0.0,357.0,0.09151271708683473,0.0,0.0,0.09141,1.0,1.0,310.8402184000005,300.0,310.80354840000047,300.0,0.10510235827321099,0.0
802,1675418460000.0,0.0,0.0,357.0,0.09151271708683473,0.0,0.0,0.09195,1.0,1.0,310.8402184000005,300.0,310.9963284000005,300.0,0.10510235827321099,0.0
803,1675422060000.0,0.0,0.0,357.0,0.09151271708683473,0.0,0.0,0.09185,1.0,1.0,310.8402184000005,300.0,310.9606284000005,300.0,0.10510235827321099,0.0
804,1675425660000.0,0.0,0.0,357.0,0.09151271708683473,0.0,0.0,0.09239,1.0,1.0,310.8402184000005,300.0,311.1534084000005,300.0,0.10510235827321099,0.0
805,1675429260000.0,0.0,0.0,357.0,0.09151271708683473,0.0,0.0,0.09221,1.0,1.0,310.8402184000005,300.0,311.0891484000005,300.0,0.10510235827321099,0.0
806,1675432860000.0,0.0,0.0,357.0,0.09151271708683473,0.0,0.0,0.09103,1.0,1.0,310.8402184000005,300.0,310.6678884000005,300.0,0.10510235827321099,0.0
807,1675436460000.0,0.0,0.0,357.0,0.09151271708683473,0.0,0.0,0.09206,1.0,1.0,310.8402184000005,300.0,311.0355984000005,300.0,0.10510235827321099,0.0
808,1675440060000.0,0.0,0.0,357.0,0.09151271708683473,0.0,0.0,0.09244,1.0,1.0,310.8402184000005,300.0,311.17125840000045,300.0,0.10510235827321099,0.0
809,1675443660000.0,0.0,0.0,0.0,0.09151271708683473,0.0,0.0,0.09215,1.0,1.0,311.24525022000046,300.0,311.24525022000046,300.0,0.0,0.0
810,1675447260000.0,0.0,0.0,0.0,0.09151271708683473,0.0,0.0,0.09217,1.0,1.0,311.24525022000046,300.0,311.24525022000046,300.0,0.0,0.0
811,1675450860000.0,0.0,0.0,170.0,0.09173,0.0,0.0,0.09182,1.0,1.0,311.22965612000047,300.0,311.2449561200005,300.0,0.050104801047582054,0.0
812,1675454460000.0,0.0,0.0,170.0,0.09173,0.0,0.0,0.09178,1.0,1.0,311.40735882000047,300.0,311.4158588200005,300.0,0.05007620905006839,0.0
813,1675458060000.0,0.0,0.0,170.0,0.09173,0.0,0.0,0.09159,1.0,1.0,311.40735882000047,300.0,311.3835588200005,300.0,0.05007620905006839,0.0
814,1675461660000.0,0.0,0.0,170.0,0.09173,0.0,0.0,0.09234,1.0,1.0,311.40735882000047,300.0,311.51105882000047,300.0,0.05007620905006839,0.0
815,1675465260000.0,0.0,0.0,0.0,0.09173,0.0,0.0,0.09252,1.0,1.0,311.60065562000045,300.0,311.60065562000045,300.0,0.0,0.0
816,1675468860000.0,0.0,0.0,0.0,0.09173,0.0,0.0,0.09297,1.0,1.0,311.60065562000045,300.0,311.60065562000045,300.0,0.0,0.0
817,1675472460000.0,0.0,0.0,0.0,0.09173,0.0,0.0,0.09472,1.0,1.0,311.60065562000045,300.0,311.60065562000045,300.0,0.0,0.0
818,1675476060000.0,0.0,0.0,0.0,0.09173,0.0,0.0,0.09359,1.0,1.0,311.60065562000045,300.0,311.60065562000045,300.0,0.0,0.0
819,1675479660000.0,0.0,0.0,0.0,0.09173,0.0,0.0,0.09353,1.0,1.0,311.60065562000045,300.0,311.60065562000045,300.0,0.0,0.0
820,1675483260000.0,0.0,0.0,0.0,0.09173,0.0,0.0,0.09402,1.0,1.0,311.60065562000045,300.0,311.60065562000045,300.0,0.0,0.0
821,1675486860000.0,0.0,0.0,0.0,0.09173,0.0,0.0,0.09373,1.0,1.0,311.60065562000045,300.0,311.60065562000045,300.0,0.0,0.0
822,1675490460000.0,0.0,0.0,0.0,0.09173,0.0,0.0,0.0933,1.0,1.0,311.60065562000045,300.0,311.60065562000045,300.0,0.0,0.0
823,1675494060000.0,0.0,0.0,0.0,0.09173,0.0,0.0,0.09347,1.0,1.0,311.60065562000045,300.0,311.60065562000045,300.0,0.0,0.0
824,1675497660000.0,0.0,0.0,0.0,0.09173,0.0,0.0,0.09371,1.0,1.0,311.60065562000045,300.0,311.60065562000045,300.0,0.0,0.0
825,1675501260000.0,0.0,0.0,0.0,0.09173,0.0,0.0,0.0933,1.0,1.0,311.60065562000045,300.0,311.60065562000045,300.0,0.0,0.0
826,1675504860000.0,0.0,0.0,0.0,0.09173,0.0,0.0,0.09372,1.0,1.0,311.60065562000045,300.0,311.60065562000045,300.0,0.0,0.0
827,1675508460000.0,0.0,0.0,0.0,0.09173,0.0,0.0,0.09353,1.0,1.0,311.60065562000045,300.0,311.60065562000045,300.0,0.0,0.0
828,1675512060000.0,0.0,0.0,0.0,0.09173,0.0,0.0,0.09413,1.0,1.0,311.60065562000045,300.0,311.60065562000045,300.0,0.0,0.0
829,1675515660000.0,0.0,0.0,0.0,0.09173,0.0,0.0,0.09407,1.0,1.0,311.60065562000045,300.0,311.60065562000045,300.0,0.0,0.0
830,1675519260000.0,0.0,0.0,0.0,0.09173,0.0,0.0,0.09467,1.0,1.0,311.60065562000045,300.0,311.60065562000045,300.0,0.0,0.0
831,1675522860000.0,0.0,0.0,0.0,0.09173,0.0,0.0,0.09466,1.0,1.0,311.60065562000045,300.0,311.60065562000045,300.0,0.0,0.0
832,1675526460000.0,0.0,0.0,0.0,0.09173,0.0,0.0,0.094,1.0,1.0,311.60065562000045,300.0,311.60065562000045,300.0,0.0,0.0
833,1675530060000.0,0.0,0.0,0.0,0.09173,0.0,0.0,0.09565,1.0,1.0,311.60065562000045,300.0,311.60065562000045,300.0,0.0,0.0
834,1675533660000.0,0.0,0.0,0.0,0.09173,0.0,0.0,0.09872,1.0,1.0,311.60065562000045,300.0,311.60065562000045,300.0,0.0,0.0
835,1675537260000.0,0.0,0.0,0.0,0.09173,0.0,0.0,0.09769,1.0,1.0,311.60065562000045,300.0,311.60065562000045,300.0,0.0,0.0
836,1675540860000.0,0.0,0.0,0.0,0.09173,0.0,0.0,0.09743,1.0,1.0,311.60065562000045,300.0,311.60065562000045,300.0,0.0,0.0
837,1675544460000.0,0.0,0.0,0.0,0.09173,0.0,0.0,0.09728,1.0,1.0,311.60065562000045,300.0,311.60065562000045,300.0,0.0,0.0
838,1675548060000.0,0.0,0.0,0.0,0.09173,0.0,0.0,0.09684,1.0,1.0,311.60065562000045,300.0,311.60065562000045,300.0,0.0,0.0
839,1675551660000.0,0.0,0.0,0.0,0.09173,0.0,0.0,0.09733,1.0,1.0,311.60065562000045,300.0,311.60065562000045,300.0,0.0,0.0
840,1675555260000.0,0.0,0.0,0.0,0.09173,0.0,0.0,0.0954,1.0,1.0,311.60065562000045,300.0,311.60065562000045,300.0,0.0,0.0
841,1675558860000.0,0.0,0.0,164.0,0.09486,0.0,0.0,0.09484,1.0,1.0,311.5850985800005,300.0,311.58181858000046,300.0,0.04992870349351986,0.0
842,1675562460000.0,0.0,0.0,164.0,0.09486,0.0,0.0,0.09504,1.0,1.0,311.5850985800005,300.0,311.61461858000047,300.0,0.04992870349351986,0.0
843,1675566060000.0,0.0,0.0,164.0,0.09486,0.0,0.0,0.09377,1.0,1.0,311.5850985800005,300.0,311.40633858000047,300.0,0.04992870349351986,0.0
844,1675569660000.0,0.0,0.0,164.0,0.09486,0.0,0.0,0.09496,1.0,1.0,311.5850985800005,300.0,311.60149858000045,300.0,0.04992870349351986,0.0
845,1675573260000.0,0.0,0.0,164.0,0.09486,0.0,0.0,0.09512,1.0,1.0,311.5850985800005,300.0,311.6277385800005,300.0,0.04992870349351986,0.0
846,1675576860000.0,0.0,0.0,164.0,0.09486,0.0,0.0,0.09508,1.0,1.0,311.5850985800005,300.0,311.6211785800005,300.0,0.04992870349351986,0.0
847,1675580460000.0,0.0,0.0,164.0,0.09486,0.0,0.0,0.09529,1.0,1.0,311.5850985800005,300.0,311.65561858000046,300.0,0.04992870349351986,0.0
848,1675584060000.0,0.0,0.0,164.0,0.09486,0.0,0.0,0.09549,1.0,1.0,311.5850985800005,300.0,311.6884185800005,300.0,0.04992870349351986,0.0
849,1675587660000.0,0.0,0.0,0.0,0.09486,0.0,0.0,0.0962,1.0,1.0,311.7792516200005,300.0,311.7792516200005,300.0,0.0,0.0
850,1675591260000.0,0.0,0.0,0.0,0.09486,0.0,0.0,0.09554,1.0,1.0,311.7792516200005,300.0,311.7792516200005,300.0,0.0,0.0
851,1675594860000.0,0.0,0.0,0.0,0.09486,0.0,0.0,0.09586,1.0,1.0,311.7792516200005,300.0,311.7792516200005,300.0,0.0,0.0
852,1675598460000.0,0.0,0.0,164.0,0.09498,0.0,0.0,0.09516,1.0,1.0,311.76367490000047,300.0,311.79319490000046,300.0,0.04996322937557206,0.0
853,1675602060000.0,0.0,0.0,351.0,0.09333908831908831,0.0,0.0,0.09209,1.0,1.0,311.7464896000005,300.0,311.3080596000005,300.0,0.10509186500235078,0.0
854,1675605660000.0,0.0,0.0,351.0,0.09333908831908831,0.0,0.0,0.09245,1.0,1.0,311.7464896000005,300.0,311.43441960000047,300.0,0.10509186500235078,0.0
855,1675609260000.0,0.0,0.0,351.0,0.09333908831908831,0.0,0.0,0.09267,1.0,1.0,311.7464896000005,300.0,311.5116396000005,300.0,0.10509186500235078,0.0
856,1675612860000.0,0.0,0.0,351.0,0.09333908831908831,0.0,0.0,0.09188,1.0,1.0,311.7464896000005,300.0,311.2343496000005,300.0,0.10509186500235078,0.0
857,1675616460000.0,0.0,0.0,351.0,0.09333908831908831,0.0,0.0,0.0913,1.0,1.0,311.7464896000005,300.0,311.0307696000005,300.0,0.10509186500235078,0.0
858,1675620060000.0,0.0,0.0,351.0,0.09333908831908831,0.0,0.0,0.09187,1.0,1.0,311.7464896000005,300.0,311.2308396000005,300.0,0.10509186500235078,0.0
859,1675623660000.0,0.0,0.0,351.0,0.09333908831908831,0.0,0.0,0.09146,1.0,1.0,311.7464896000005,300.0,311.0869296000005,300.0,0.10509186500235078,0.0
860,1675627260000.0,0.0,0.0,351.0,0.09333908831908831,0.0,0.0,0.09175,1.0,1.0,311.7464896000005,300.0,311.18871960000047,300.0,0.10509186500235078,0.0
861,1675630860000.0,0.0,0.0,351.0,0.09333908831908831,0.0,0.0,0.09129,1.0,1.0,311.7464896000005,300.0,311.0272596000005,300.0,0.10509186500235078,0.0
862,1675634460000.0,0.0,0.0,351.0,0.09333908831908831,0.0,0.0,0.09145,1.0,1.0,311.7464896000005,300.0,311.08341960000047,300.0,0.10509186500235078,0.0
863,1675638060000.0,0.0,0.0,351.0,0.09333908831908831,0.0,0.0,0.09228,1.0,1.0,311.7464896000005,300.0,311.3747496000005,300.0,0.10509186500235078,0.0
864,1675641660000.0,0.0,0.0,351.0,0.09333908831908831,0.0,0.0,0.09219,1.0,1.0,311.7464896000005,300.0,311.3431596000005,300.0,0.10509186500235078,0.0
865,1675645260000.0,0.0,0.0,351.0,0.09333908831908831,0.0,0.0,0.09274,1.0,1.0,311.7464896000005,300.0,311.53620960000046,300.0,0.10509186500235078,0.0
866,1675648860000.0,0.0,0.0,351.0,0.09333908831908831,0.0,0.0,0.09227,1.0,1.0,311.7464896000005,300.0,311.3712396000005,300.0,0.10509186500235078,0.0
867,1675652460000.0,0.0,0.0,351.0,0.09333908831908831,0.0,0.0,0.09113,1.0,1.0,311.7464896000005,300.0,310.97109960000046,300.0,0.10509186500235078,0.0
868,1675656060000.0,0.0,0.0,351.0,0.09333908831908831,0.0,0.0,0.09162,1.0,1.0,311.7464896000005,300.0,311.14308960000045,300.0,0.10509186500235078,0.0
869,1675659660000.0,0.0,0.0,351.0,0.09333908831908831,0.0,0.0,0.09168,1.0,1.0,311.7464896000005,300.0,311.1641496000005,300.0,0.10509186500235078,0.0
870,1675663260000.0,0.0,0.0,351.0,0.09333908831908831,0.0,0.0,0.0916,1.0,1.0,311.7464896000005,300.0,311.1360696000005,300.0,0.10509186500235078,0.0
871,1675666860000.0,0.0,0.0,351.0,0.09333908831908831,0.0,0.0,0.09201,1.0,1.0,311.7464896000005,300.0,311.2799796000005,300.0,0.10509186500235078,0.0
872,1675670460000.0,0.0,0.0,351.0,0.09333908831908831,0.0,0.0,0.09293,1.0,1.0,311.7464896000005,300.0,311.60289960000046,300.0,0.10509186500235078,0.0
873,1675674060000.0,0.0,0.0,351.0,0.09333908831908831,0.0,0.0,0.09243,1.0,1.0,311.7464896000005,300.0,311.42739960000046,300.0,0.10509186500235078,0.0
874,1675677660000.0,0.0,0.0,351.0,0.09333908831908831,0.0,0.0,0.09217,1.0,1.0,311.7464896000005,300.0,311.3361396000005,300.0,0.10509186500235078,0.0
875,1675681260000.0,0.0,0.0,351.0,0.09333908831908831,0.0,0.0,0.09198,1.0,1.0,311.7464896000005,300.0,311.2694496000005,300.0,0.10509186500235078,0.0
876,1675684860000.0,0.0,0.0,351.0,0.09333908831908831,0.0,0.0,0.09235,1.0,1.0,311.7464896000005,300.0,311.39931960000047,300.0,0.10509186500235078,0.0
877,1675688460000.0,0.0,0.0,351.0,0.09333908831908831,0.0,0.0,0.09209,1.0,1.0,311.7464896000005,300.0,311.3080596000005,300.0,0.10509186500235078,0.0
878,1675692060000.0,0.0,0.0,351.0,0.09333908831908831,0.0,0.0,0.09156,1.0,1.0,311.7464896000005,300.0,311.1220296000005,300.0,0.10509186500235078,0.0
879,1675695660000.0,0.0,0.0,351.0,0.09333908831908831,0.0,0.0,0.09159,1.0,1.0,311.7464896000005,300.0,311.1325596000005,300.0,0.10509186500235078,0.0
880,1675699260000.0,0.0,0.0,351.0,0.09333908831908831,0.0,0.0,0.09223,1.0,1.0,311.7464896000005,300.0,311.35719960000046,300.0,0.10509186500235078,0.0
881,1675702860000.0,0.0,0.0,351.0,0.09333908831908831,0.0,0.0,0.09189,1.0,1.0,311.7464896000005,300.0,311.2378596000005,300.0,0.10509186500235078,0.0
882,1675706460000.0,0.0,0.0,351.0,0.09333908831908831,0.0,0.0,0.09212,1.0,1.0,311.7464896000005,300.0,311.31858960000045,300.0,0.10509186500235078,0.0
883,1675710060000.0,0.0,0.0,351.0,0.09333908831908831,0.0,0.0,0.0921,1.0,1.0,311.7464896000005,300.0,311.3115696000005,300.0,0.10509186500235078,0.0
884,1675713660000.0,0.0,0.0,351.0,0.09333908831908831,0.0,0.0,0.09196,1.0,1.0,311.7464896000005,300.0,311.2624296000005,300.0,0.10509186500235078,0.0
885,1675717260000.0,0.0,0.0,351.0,0.09333908831908831,0.0,0.0,0.09167,1.0,1.0,311.7464896000005,300.0,311.1606396000005,300.0,0.10509186500235078,0.0
886,1675720860000.0,0.0,0.0,351.0,0.09333908831908831,0.0,0.0,0.09114,1.0,1.0,311.7464896000005,300.0,310.97460960000046,300.0,0.10509186500235078,0.0
887,1675724460000.0,0.0,0.0,351.0,0.09333908831908831,0.0,0.0,0.09067,1.0,1.0,311.7464896000005,300.0,310.8096396000005,300.0,0.10509186500235078,0.0
888,1675728060000.0,0.0,0.0,750.0,0.09149353333333335,0.0,0.0,0.08956,1.0,1.0,311.71063147000046,300.0,310.26048147000046,300.0,0.22014055047270378,0.0
889,1675731660000.0,0.0,0.0,750.0,0.09149353333333335,0.0,0.0,0.08964,1.0,1.0,311.71063147000046,300.0,310.32048147000046,300.0,0.22014055047270378,0.0
890,1675735260000.0,0.0,0.0,750.0,0.09149353333333335,0.0,0.0,0.09024,1.0,1.0,311.71063147000046,300.0,310.77048147000045,300.0,0.22014055047270378,0.0
891,1675738860000.0,0.0,0.0,750.0,0.09149353333333335,0.0,0.0,0.09078,1.0,1.0,311.71063147000046,300.0,311.1754814700005,300.0,0.22014055047270378,0.0
892,1675742460000.0,0.0,0.0,750.0,0.09149353333333335,0.0,0.0,0.09085,1.0,1.0,311.71063147000046,300.0,311.22798147000043,300.0,0.22014055047270378,0.0
893,1675746060000.0,0.0,0.0,750.0,0.09149353333333335,0.0,0.0,0.09065,1.0,1.0,311.71063147000046,300.0,311.07798147000045,300.0,0.22014055047270378,0.0
894,1675749660000.0,0.0,0.0,750.0,0.09149353333333335,0.0,0.0,0.09088,1.0,1.0,311.71063147000046,300.0,311.25048147000047,300.0,0.22014055047270378,0.0
895,1675753260000.0,0.0,0.0,750.0,0.09149353333333335,0.0,0.0,0.09077,1.0,1.0,311.71063147000046,300.0,311.1679814700004,300.0,0.22014055047270378,0.0
896,1675756860000.0,0.0,0.0,750.0,0.09149353333333335,0.0,0.0,0.09088,1.0,1.0,311.71063147000046,300.0,311.25048147000047,300.0,0.22014055047270378,0.0
897,1675760460000.0,0.0,0.0,750.0,0.09149353333333335,0.0,0.0,0.0908,1.0,1.0,311.71063147000046,300.0,311.19048147000046,300.0,0.22014055047270378,0.0
898,1675764060000.0,0.0,0.0,750.0,0.09149353333333335,0.0,0.0,0.09155,1.0,1.0,311.71063147000046,300.0,311.75298147000046,300.0,0.22014055047270378,0.0
899,1675767660000.0,0.0,0.0,750.0,0.09149353333333335,0.0,0.0,0.0912,1.0,1.0,311.71063147000046,300.0,311.4904814700005,300.0,0.22014055047270378,0.0
900,1675771260000.0,0.0,0.0,750.0,0.09149353333333335,0.0,0.0,0.09145,1.0,1.0,311.71063147000046,300.0,311.6779814700005,300.0,0.22014055047270378,0.0
901,1675774860000.0,0.0,0.0,750.0,0.09149353333333335,0.0,0.0,0.09154,1.0,1.0,311.71063147000046,300.0,311.74548147000047,300.0,0.22014055047270378,0.0
902,1675778460000.0,0.0,0.0,750.0,0.09149353333333335,0.0,0.0,0.09108,1.0,1.0,311.71063147000046,300.0,311.40048147000044,300.0,0.22014055047270378,0.0
903,1675782060000.0,0.0,0.0,750.0,0.09149353333333335,0.0,0.0,0.09091,1.0,1.0,311.71063147000046,300.0,311.27298147000045,300.0,0.22014055047270378,0.0
904,1675785660000.0,0.0,0.0,750.0,0.09149353333333335,0.0,0.0,0.09055,1.0,1.0,311.71063147000046,300.0,311.00298147000046,300.0,0.22014055047270378,0.0
905,1675789260000.0,0.0,0.0,750.0,0.09149353333333335,0.0,0.0,0.0907,1.0,1.0,311.71063147000046,300.0,311.1154814700005,300.0,0.22014055047270378,0.0
906,1675792860000.0,0.0,0.0,750.0,0.09149353333333335,0.0,0.0,0.09218,1.0,1.0,311.71063147000046,300.0,312.22548147000043,300.0,0.22014055047270378,0.0
907,1675796460000.0,0.0,0.0,750.0,0.09149353333333335,0.0,0.0,0.09071,1.0,1.0,311.71063147000046,300.0,311.12298147000047,300.0,0.22014055047270378,0.0
908,1675800060000.0,0.0,0.0,750.0,0.09149353333333335,0.0,0.0,0.09135,1.0,1.0,311.71063147000046,300.0,311.60298147000043,300.0,0.22014055047270378,0.0
909,1675803660000.0,0.0,0.0,750.0,0.09149353333333335,0.0,0.0,0.0921,1.0,1.0,311.71063147000046,300.0,312.16548147000043,300.0,0.22014055047270378,0.0
910,1675807260000.0,0.0,0.0,750.0,0.09149353333333335,0.0,0.0,0.09209,1.0,1.0,311.71063147000046,300.0,312.15798147000044,300.0,0.22014055047270378,0.0
911,1675810860000.0,0.0,0.0,379.0,0.09149353333333335,0.0,0.0,0.09251,1.0,1.0,312.10530745333375,300.0,312.4905483200004,300.0,0.11110368297251122,0.0
912,1675814460000.0,0.0,0.0,0.0,0.09149353333333335,0.0,0.0,0.09271,1.0,1.0,312.53499744000044,300.0,312.53499744000044,300.0,0.0,0.0
913,1675818060000.0,0.0,0.0,0.0,0.09149353333333335,0.0,0.0,0.09265,1.0,1.0,312.53499744000044,300.0,312.53499744000044,300.0,0.0,0.0
914,1675821660000.0,0.0,0.0,0.0,0.09149353333333335,0.0,0.0,0.09271,1.0,1.0,312.53499744000044,300.0,312.53499744000044,300.0,0.0,0.0
915,1675825260000.0,0.0,0.0,0.0,0.09149353333333335,0.0,0.0,0.09247,1.0,1.0,312.53499744000044,300.0,312.53499744000044,300.0,0.0,0.0
916,1675828860000.0,0.0,0.0,0.0,0.09149353333333335,0.0,0.0,0.09263,1.0,1.0,312.53499744000044,300.0,312.53499744000044,300.0,0.0,0.0
917,1675832460000.0,0.0,0.0,0.0,0.09149353333333335,0.0,0.0,0.09248,1.0,1.0,312.53499744000044,300.0,312.53499744000044,300.0,0.0,0.0
918,1675836060000.0,0.0,0.0,0.0,0.09149353333333335,0.0,0.0,0.09209,1.0,1.0,312.53499744000044,300.0,312.53499744000044,300.0,0.0,0.0
919,1675839660000.0,0.0,0.0,0.0,0.09149353333333335,0.0,0.0,0.092,1.0,1.0,312.53499744000044,300.0,312.53499744000044,300.0,0.0,0.0
920,1675843260000.0,0.0,0.0,0.0,0.09149353333333335,0.0,0.0,0.09205,1.0,1.0,312.53499744000044,300.0,312.53499744000044,300.0,0.0,0.0
921,1675846860000.0,0.0,0.0,171.0,0.09163,0.0,0.0,0.09159,1.0,1.0,312.5193287100004,300.0,312.5124887100004,300.0,0.05013683494290256,0.0
922,1675850460000.0,0.0,0.0,171.0,0.09163,0.0,0.0,0.09164,1.0,1.0,312.5193287100004,300.0,312.5210387100004,300.0,0.05013683494290256,0.0
923,1675854060000.0,0.0,0.0,171.0,0.09163,0.0,0.0,0.09157,1.0,1.0,312.5193287100004,300.0,312.5090687100004,300.0,0.05013683494290256,0.0
924,1675857660000.0,0.0,0.0,171.0,0.09163,0.0,0.0,0.09219,1.0,1.0,312.5193287100004,300.0,312.6150887100004,300.0,0.05013683494290256,0.0
925,1675861260000.0,0.0,0.0,171.0,0.09163,0.0,0.0,0.09183,1.0,1.0,312.5193287100004,300.0,312.5535287100004,300.0,0.05013683494290256,0.0
926,1675864860000.0,0.0,0.0,171.0,0.09163,0.0,0.0,0.09183,1.0,1.0,312.5193287100004,300.0,312.5535287100004,300.0,0.05013683494290256,0.0
927,1675868460000.0,0.0,0.0,171.0,0.09163,0.0,0.0,0.09117,1.0,1.0,312.5193287100004,300.0,312.4406687100004,300.0,0.05013683494290256,0.0
928,1675872060000.0,0.0,0.0,171.0,0.09163,0.0,0.0,0.09035,1.0,1.0,312.5193287100004,300.0,312.3004487100004,300.0,0.05013683494290256,0.0
929,1675875660000.0,0.0,0.0,366.0,0.09004762295081968,0.0,0.0,0.09019,1.0,1.0,312.5020400100004,300.0,312.55415001000046,300.0,0.10546308753358963,0.0
930,1675879260000.0,0.0,0.0,366.0,0.09004762295081968,0.0,0.0,0.09047,1.0,1.0,312.5020400100004,300.0,312.6566300100004,300.0,0.10546308753358963,0.0
931,1675882860000.0,0.0,0.0,366.0,0.09004762295081968,0.0,0.0,0.08962,1.0,1.0,312.5020400100004,300.0,312.3455300100004,300.0,0.10546308753358963,0.0
932,1675886460000.0,0.0,0.0,366.0,0.09004762295081968,0.0,0.0,0.08957,1.0,1.0,312.5020400100004,300.0,312.32723001000045,300.0,0.10546308753358963,0.0
933,1675890060000.0,0.0,0.0,366.0,0.09004762295081968,0.0,0.0,0.08918,1.0,1.0,312.5020400100004,300.0,312.18449001000045,300.0,0.10546308753358963,0.0
934,1675893660000.0,0.0,0.0,366.0,0.09004762295081968,0.0,0.0,0.08981,1.0,1.0,312.5020400100004,300.0,312.4150700100004,300.0,0.10546308753358963,0.0
935,1675897260000.0,0.0,0.0,366.0,0.09004762295081968,0.0,0.0,0.09003,1.0,1.0,312.5020400100004,300.0,312.4955900100004,300.0,0.10546308753358963,0.0
936,1675900860000.0,0.0,0.0,366.0,0.09004762295081968,0.0,0.0,0.09016,1.0,1.0,312.5020400100004,300.0,312.54317001000044,300.0,0.10546308753358963,0.0
937,1675904460000.0,0.0,0.0,366.0,0.09004762295081968,0.0,0.0,0.09078,1.0,1.0,312.5020400100004,300.0,312.77009001000044,300.0,0.10546308753358963,0.0
938,1675908060000.0,0.0,0.0,366.0,0.09004762295081968,0.0,0.0,0.09021,1.0,1.0,312.5020400100004,300.0,312.56147001000045,300.0,0.10546308753358963,0.0
939,1675911660000.0,0.0,0.0,366.0,0.09004762295081968,0.0,0.0,0.08733,1.0,1.0,312.5020400100004,300.0,311.50739001000045,300.0,0.10546308753358963,0.0
940,1675915260000.0,0.0,0.0,782.0,0.08826679028132994,0.0,0.0,0.08638,1.0,1.0,312.46597281000044,300.0,310.9905028100004,300.0,0.22090286945251303,0.0
941,1675918860000.0,0.0,0.0,782.0,0.08826679028132994,0.0,0.0,0.08719,1.0,1.0,312.46597281000044,300.0,311.6239228100004,300.0,0.22090286945251303,0.0
942,1675922460000.0,0.0,0.0,782.0,0.08826679028132994,0.0,0.0,0.08766,1.0,1.0,312.46597281000044,300.0,311.9914628100004,300.0,0.22090286945251303,0.0
943,1675926060000.0,0.0,0.0,782.0,0.08826679028132994,0.0,0.0,0.08804,1.0,1.0,312.46597281000044,300.0,312.2886228100004,300.0,0.22090286945251303,0.0
944,1675929660000.0,0.0,0.0,782.0,0.08826679028132994,0.0,0.0,0.08803,1.0,1.0,312.46597281000044,300.0,312.2808028100004,300.0,0.22090286945251303,0.0
945,1675933260000.0,0.0,0.0,782.0,0.08826679028132994,0.0,0.0,0.08822,1.0,1.0,312.46597281000044,300.0,312.42938281000045,300.0,0.22090286945251303,0.0
946,1675936860000.0,0.0,0.0,782.0,0.08826679028132994,0.0,0.0,0.08824,1.0,1.0,312.46597281000044,300.0,312.4450228100004,300.0,0.22090286945251303,0.0
947,1675940460000.0,0.0,0.0,782.0,0.08826679028132994,0.0,0.0,0.08788,1.0,1.0,312.46597281000044,300.0,312.1635028100004,300.0,0.22090286945251303,0.0
948,1675944060000.0,0.0,0.0,782.0,0.08826679028132994,0.0,0.0,0.08815,1.0,1.0,312.46597281000044,300.0,312.3746428100004,300.0,0.22090286945251303,0.0
949,1675947660000.0,0.0,0.0,782.0,0.08826679028132994,0.0,0.0,0.08837,1.0,1.0,312.46597281000044,300.0,312.54668281000045,300.0,0.22090286945251303,0.0
950,1675951260000.0,0.0,0.0,782.0,0.08826679028132994,0.0,0.0,0.08867,1.0,1.0,312.46597281000044,300.0,312.78128281000045,300.0,0.22090286945251303,0.0
951,1675954860000.0,0.0,0.0,782.0,0.08826679028132994,0.0,0.0,0.08851,1.0,1.0,312.46597281000044,300.0,312.6561628100004,300.0,0.22090286945251303,0.0
952,1675958460000.0,0.0,0.0,782.0,0.08826679028132994,0.0,0.0,0.08781,1.0,1.0,312.46597281000044,300.0,312.1087628100004,300.0,0.22090286945251303,0.0
953,1675962060000.0,0.0,0.0,782.0,0.08826679028132994,0.0,0.0,0.08716,1.0,1.0,312.46597281000044,300.0,311.6004628100004,300.0,0.22090286945251303,0.0
954,1675965660000.0,0.0,0.0,782.0,0.08826679028132994,0.0,0.0,0.0864,1.0,1.0,312.46597281000044,300.0,311.0061428100004,300.0,0.22090286945251303,0.0
955,1675969260000.0,0.0,0.0,782.0,0.08826679028132994,0.0,0.0,0.08595,1.0,1.0,312.46597281000044,300.0,310.6542428100004,300.0,0.22090286945251303,0.0
956,1675972860000.0,0.0,0.0,1672.0,0.08604882177033493,0.0,0.0,0.08307,1.0,1.0,312.39112381000047,300.0,307.41053381000046,300.0,0.4605560754904978,0.0
957,1675976460000.0,0.0,0.0,1672.0,0.08604882177033493,0.0,0.0,0.0827,1.0,1.0,312.39112381000047,300.0,306.79189381000043,300.0,0.4605560754904978,0.0
958,1675980060000.0,0.0,0.0,1672.0,0.08604882177033493,0.0,0.0,0.08197,1.0,1.0,312.39112381000047,300.0,305.57133381000045,300.0,0.4605560754904978,0.0
959,1675983660000.0,4.5649986747832995e-05,0.0,3773.0,0.08279746620726214,0.0,0.0,0.08022,0.999423465688964,1.0,312.22260260000047,300.0,302.4978226000004,300.0,1.0005516493635158,0.0
960,1675987260000.0,4.5649986747832995e-05,0.0,3773.0,0.08279746620726214,0.0,0.0,0.08121,0.999423465688964,1.0,312.22260260000047,300.0,306.2330926000004,300.0,1.0005516493635158,0.0
961,1675990860000.0,4.5649986747832995e-05,0.0,3773.0,0.08279746620726214,0.0,0.0,0.08144,0.999423465688964,1.0,312.22260260000047,300.0,307.10088260000043,300.0,1.0005516493635158,0.0
962,1675994460000.0,4.5649986747832995e-05,0.0,3773.0,0.08279746620726214,0.0,0.0,0.08197,0.999423465688964,1.0,312.22260260000047,300.0,309.1005726000004,300.0,1.0005516493635158,0.0
963,1675998060000.0,4.5649986747832995e-05,0.0,3773.0,0.08279746620726214,0.0,0.0,0.08207,0.999423465688964,1.0,312.22260260000047,300.0,309.47787260000047,300.0,1.0005516493635158,0.0
964,1676001660000.0,4.5649986747832995e-05,0.0,3773.0,0.08279746620726214,0.0,0.0,0.0818,0.999423465688964,1.0,312.22260260000047,300.0,308.4591626000004,300.0,1.0005516493635158,0.0
965,1676005260000.0,4.5649986747832995e-05,0.0,3773.0,0.08279746620726214,0.0,0.0,0.08144,0.999423465688964,1.0,312.22260260000047,300.0,307.10088260000043,300.0,1.0005516493635158,0.0
966,1676008860000.0,4.5649986747832995e-05,0.0,3773.0,0.08279746620726214,0.0,0.0,0.0817,0.999423465688964,1.0,312.22260260000047,300.0,308.0818626000004,300.0,1.0005516493635158,0.0
967,1676012460000.0,4.5649986747832995e-05,0.0,3773.0,0.08279746620726214,0.0,0.0,0.08197,0.999423465688964,1.0,312.22260260000047,300.0,309.1005726000004,300.0,1.0005516493635158,0.0
968,1676016060000.0,4.5649986747832995e-05,0.0,3773.0,0.08279746620726214,0.0,0.0,0.08231,0.999423465688964,1.0,312.22260260000047,300.0,310.3833926000004,300.0,1.0005516493635158,0.0
969,1676019660000.0,4.5649986747832995e-05,0.0,3773.0,0.08279746620726214,0.0,0.0,0.08241,0.999423465688964,1.0,312.22260260000047,300.0,310.7606926000004,300.0,1.0005516493635158,0.0
970,1676023260000.0,4.5649986747832995e-05,0.0,3773.0,0.08279746620726214,0.0,0.0,0.08207,0.999423465688964,1.0,312.22260260000047,300.0,309.47787260000047,300.0,1.0005516493635158,0.0
971,1676026860000.0,4.5649986747832995e-05,0.0,3773.0,0.08279746620726214,0.0,0.0,0.08194,0.999423465688964,1.0,312.22260260000047,300.0,308.98738260000044,300.0,1.0005516493635158,0.0
972,1676030460000.0,4.5649986747832995e-05,0.0,3773.0,0.08279746620726214,0.0,0.0,0.08152,0.999423465688964,1.0,312.22260260000047,300.0,307.4027226000004,300.0,1.0005516493635158,0.0
973,1676034060000.0,4.5649986747832995e-05,0.0,3773.0,0.08279746620726214,0.0,0.0,0.08168,0.999423465688964,1.0,312.22260260000047,300.0,308.00640260000046,300.0,1.0005516493635158,0.0
974,1676037660000.0,4.5649986747832995e-05,0.0,3773.0,0.08279746620726214,0.0,0.0,0.08194,0.999423465688964,1.0,312.22260260000047,300.0,308.98738260000044,300.0,1.0005516493635158,0.0
975,1676041260000.0,4.5649986747832995e-05,0.0,3773.0,0.08279746620726214,0.0,0.0,0.08247,0.999423465688964,1.0,312.22260260000047,300.0,310.98707260000043,300.0,1.0005516493635158,0.0
976,1676044860000.0,4.5649986747832995e-05,0.0,3773.0,0.08279746620726214,0.0,0.0,0.08186,0.999423465688964,1.0,312.22260260000047,300.0,308.6855426000004,300.0,1.0005516493635158,0.0
977,1676048460000.0,4.5649986747832995e-05,0.0,3773.0,0.08279746620726214,0.0,0.0,0.08106,0.999423465688964,1.0,312.22260260000047,300.0,305.6671426000004,300.0,1.0005516493635158,0.0
978,1676052060000.0,4.5649986747832995e-05,0.0,3773.0,0.08279746620726214,0.0,0.0,0.08137,0.999423465688964,1.0,312.22260260000047,300.0,306.8367726000004,300.0,1.0005516493635158,0.0
979,1676055660000.0,4.5649986747832995e-05,0.0,3773.0,0.08279746620726214,0.0,0.0,0.08202,0.999423465688964,1.0,312.22260260000047,300.0,309.2892226000004,300.0,1.0005516493635158,0.0
980,1676059260000.0,4.5649986747832995e-05,0.0,3773.0,0.08279746620726214,0.0,0.0,0.08283,0.999423465688964,1.0,312.22260260000047,300.0,312.3453526000004,300.0,1.0005516493635158,0.0
981,1676062860000.0,4.5649986747832995e-05,0.0,3773.0,0.08279746620726214,0.0,0.0,0.08289,0.999423465688964,1.0,312.22260260000047,300.0,312.5717326000004,300.0,1.0005516493635158,0.0
982,1676066460000.0,4.5649986747832995e-05,0.0,3773.0,0.08279746620726214,0.0,0.0,0.08102,0.999423465688964,1.0,312.22260260000047,300.0,305.5162226000004,300.0,1.0005516493635158,0.0
983,1676070060000.0,4.5649986747832995e-05,0.0,3773.0,0.08279746620726214,0.0,0.0,0.07988,0.999423465688964,1.0,312.22260260000047,300.0,301.21500260000045,300.0,1.0005516493635158,0.0
984,1676073660000.0,4.5649986747832995e-05,0.0,3773.0,0.08279746620726214,0.0,0.0,0.08103,0.999423465688964,1.0,312.22260260000047,300.0,305.55395260000046,300.0,1.0005516493635158,0.0
985,1676077260000.0,4.5649986747832995e-05,0.0,3773.0,0.08279746620726214,0.0,0.0,0.08144,0.999423465688964,1.0,312.22260260000047,300.0,307.10088260000043,300.0,1.0005516493635158,0.0
986,1676080860000.0,4.5649986747832995e-05,0.0,3773.0,0.08279746620726214,0.0,0.0,0.08162,0.999423465688964,1.0,312.22260260000047,300.0,307.7800226000004,300.0,1.0005516493635158,0.0
987,1676084460000.0,4.5649986747832995e-05,0.0,3773.0,0.08279746620726214,0.0,0.0,0.08201,0.999423465688964,1.0,312.22260260000047,300.0,309.2514926000004,300.0,1.0005516493635158,0.0
988,1676088060000.0,4.5649986747832995e-05,0.0,3773.0,0.08279746620726214,0.0,0.0,0.08212,0.999423465688964,1.0,312.22260260000047,300.0,309.6665226000004,300.0,1.0005516493635158,0.0
989,1676091660000.0,4.5649986747832995e-05,0.0,3773.0,0.08279746620726214,0.0,0.0,0.08188,0.999423465688964,1.0,312.22260260000047,300.0,308.7610026000004,300.0,1.0005516493635158,0.0
990,1676095260000.0,4.5649986747832995e-05,0.0,3773.0,0.08279746620726214,0.0,0.0,0.08158,0.999423465688964,1.0,312.22260260000047,300.0,307.6291026000004,300.0,1.0005516493635158,0.0
991,1676098860000.0,4.5649986747832995e-05,0.0,3773.0,0.08279746620726214,0.0,0.0,0.08159,0.999423465688964,1.0,312.22260260000047,300.0,307.6668326000004,300.0,1.0005516493635158,0.0
992,1676102460000.0,4.5649986747832995e-05,0.0,3773.0,0.08279746620726214,0.0,0.0,0.0817,0.999423465688964,1.0,312.22260260000047,300.0,308.0818626000004,300.0,1.0005516493635158,0.0
993,1676106060000.0,4.5649986747832995e-05,0.0,3773.0,0.08279746620726214,0.0,0.0,0.08149,0.999423465688964,1.0,312.22260260000047,300.0,307.2895326000004,300.0,1.0005516493635158,0.0
994,1676109660000.0,4.5649986747832995e-05,0.0,3773.0,0.08279746620726214,0.0,0.0,0.08154,0.999423465688964,1.0,312.22260260000047,300.0,307.4781826000004,300.0,1.0005516493635158,0.0
995,1676113260000.0,4.5649986747832995e-05,0.0,3773.0,0.08279746620726214,0.0,0.0,0.08152,0.999423465688964,1.0,312.22260260000047,300.0,307.4027226000004,300.0,1.0005516493635158,0.0
996,1676116860000.0,4.5649986747832995e-05,0.0,3773.0,0.08279746620726214,0.0,0.0,0.08139,0.999423465688964,1.0,312.22260260000047,300.0,306.91223260000044,300.0,1.0005516493635158,0.0
997,1676120460000.0,4.5649986747832995e-05,0.0,3773.0,0.08279746620726214,0.0,0.0,0.08188,0.999423465688964,1.0,312.22260260000047,300.0,308.7610026000004,300.0,1.0005516493635158,0.0
998,1676124060000.0,4.5649986747832995e-05,0.0,3773.0,0.08279746620726214,0.0,0.0,0.0822,0.999423465688964,1.0,312.22260260000047,300.0,309.96836260000043,300.0,1.0005516493635158,0.0
999,1676127660000.0,4.5649986747832995e-05,0.0,3773.0,0.08279746620726214,0.0,0.0,0.0823,0.999423465688964,1.0,312.22260260000047,300.0,310.3456626000004,300.0,1.0005516493635158,0.0
1000,1676131260000.0,4.5649986747832995e-05,0.0,3773.0,0.08279746620726214,0.0,0.0,0.0821,0.999423465688964,1.0,312.22260260000047,300.0,309.59106260000044,300.0,1.0005516493635158,0.0
1001,1676134860000.0,4.5649986747832995e-05,0.0,3773.0,0.08279746620726214,0.0,0.0,0.08174,0.999423465688964,1.0,312.22260260000047,300.0,308.2327826000004,300.0,1.0005516493635158,0.0
1002,1676138460000.0,4.5649986747832995e-05,0.0,3773.0,0.08279746620726214,0.0,0.0,0.08158,0.999423465688964,1.0,312.22260260000047,300.0,307.6291026000004,300.0,1.0005516493635158,0.0
1003,1676142060000.0,4.5649986747832995e-05,0.0,3773.0,0.08279746620726214,0.0,0.0,0.08148,0.999423465688964,1.0,312.22260260000047,300.0,307.2518026000004,300.0,1.0005516493635158,0.0
1004,1676145660000.0,4.5649986747832995e-05,0.0,3773.0,0.08279746620726214,0.0,0.0,0.0817,0.999423465688964,1.0,312.22260260000047,300.0,308.0818626000004,300.0,1.0005516493635158,0.0
1005,1676149260000.0,4.5649986747832995e-05,0.0,3773.0,0.08279746620726214,0.0,0.0,0.08174,0.999423465688964,1.0,312.22260260000047,300.0,308.2327826000004,300.0,1.0005516493635158,0.0
1006,1676152860000.0,4.5649986747832995e-05,0.0,3773.0,0.08279746620726214,0.0,0.0,0.08227,0.999423465688964,1.0,312.22260260000047,300.0,310.2324726000004,300.0,1.0005516493635158,0.0
1007,1676156460000.0,4.5649986747832995e-05,0.0,3773.0,0.08279746620726214,0.0,0.0,0.08224,0.999423465688964,1.0,312.22260260000047,300.0,310.1192826000004,300.0,1.0005516493635158,0.0
1008,1676160060000.0,4.5649986747832995e-05,0.0,3773.0,0.08279746620726214,0.0,0.0,0.08225,0.999423465688964,1.0,312.22260260000047,300.0,310.1570126000004,300.0,1.0005516493635158,0.0
1009,1676163660000.0,4.5649986747832995e-05,0.0,3773.0,0.08279746620726214,0.0,0.0,0.08196,0.999423465688964,1.0,312.22260260000047,300.0,309.06284260000047,300.0,1.0005516493635158,0.0
1010,1676167260000.0,4.5649986747832995e-05,0.0,3773.0,0.08279746620726214,0.0,0.0,0.0819,0.999423465688964,1.0,312.22260260000047,300.0,308.8364626000004,300.0,1.0005516493635158,0.0
1011,1676170860000.0,4.5649986747832995e-05,0.0,3773.0,0.08279746620726214,0.0,0.0,0.08214,0.999423465688964,1.0,312.22260260000047,300.0,309.7419826000004,300.0,1.0005516493635158,0.0
1012,1676174460000.0,4.5649986747832995e-05,0.0,3773.0,0.08279746620726214,0.0,0.0,0.08188,0.999423465688964,1.0,312.22260260000047,300.0,308.7610026000004,300.0,1.0005516493635158,0.0
1013,1676178060000.0,4.5649986747832995e-05,0.0,3773.0,0.08279746620726214,0.0,0.0,0.08178,0.999423465688964,1.0,312.22260260000047,300.0,308.38370260000045,300.0,1.0005516493635158,0.0
1014,1676181660000.0,4.5649986747832995e-05,0.0,3773.0,0.08279746620726214,0.0,0.0,0.08187,0.999423465688964,1.0,312.22260260000047,300.0,308.7232726000004,300.0,1.0005516493635158,0.0
1015,1676185260000.0,4.5649986747832995e-05,0.0,3773.0,0.08279746620726214,0.0,0.0,0.08194,0.999423465688964,1.0,312.22260260000047,300.0,308.98738260000044,300.0,1.0005516493635158,0.0
1016,1676188860000.0,4.5649986747832995e-05,0.0,3773.0,0.08279746620726214,0.0,0.0,0.08176,0.999423465688964,1.0,312.22260260000047,300.0,308.3082426000004,300.0,1.0005516493635158,0.0
1017,1676192460000.0,4.5649986747832995e-05,0.0,3773.0,0.08279746620726214,0.0,0.0,0.08196,0.999423465688964,1.0,312.22260260000047,300.0,309.06284260000047,300.0,1.0005516493635158,0.0
1018,1676196060000.0,0.0,0.0,0.0,0.08279746620726214,0.0,0.0,0.0841,0.999423465688964,1.0,315.1123224400005,300.0,315.1123224400005,300.0,0.0,0.0
1019,1676199660000.0,0.0,0.0,0.0,0.08279746620726214,0.0,0.0,0.08406,0.999423465688964,1.0,315.1123224400005,300.0,315.1123224400005,300.0,0.0,0.0
1020,1676203260000.0,0.0,0.0,0.0,0.08279746620726214,0.0,0.0,0.08447,0.999423465688964,1.0,315.1123224400005,300.0,315.1123224400005,300.0,0.0,0.0
1021,1676206860000.0,0.0,0.0,0.0,0.08279746620726214,0.0,0.0,0.08383,0.999423465688964,1.0,315.1123224400005,300.0,315.1123224400005,300.0,0.0,0.0
1022,1676210460000.0,0.0,0.0,0.0,0.08279746620726214,0.0,0.0,0.08375,0.999423465688964,1.0,315.1123224400005,300.0,315.1123224400005,300.0,0.0,0.0
1023,1676214060000.0,0.0,0.0,0.0,0.08279746620726214,0.0,0.0,0.08425,0.999423465688964,1.0,315.1123224400005,300.0,315.1123224400005,300.0,0.0,0.0
1024,1676217660000.0,0.0,0.0,0.0,0.08279746620726214,0.0,0.0,0.08411,0.999423465688964,1.0,315.1123224400005,300.0,315.1123224400005,300.0,0.0,0.0
1025,1676221260000.0,0.0,0.0,0.0,0.08279746620726214,0.0,0.0,0.08411,0.999423465688964,1.0,315.1123224400005,300.0,315.1123224400005,300.0,0.0,0.0
1026,1676224860000.0,0.0,0.0,0.0,0.08279746620726214,0.0,0.0,0.08417,0.999423465688964,1.0,315.1123224400005,300.0,315.1123224400005,300.0,0.0,0.0
1027,1676228460000.0,0.0,0.0,0.0,0.08279746620726214,0.0,0.0,0.08436,0.999423465688964,1.0,315.1123224400005,300.0,315.1123224400005,300.0,0.0,0.0
1028,1676232060000.0,0.0,0.0,0.0,0.08279746620726214,0.0,0.0,0.08446,0.999423465688964,1.0,315.1123224400005,300.0,315.1123224400005,300.0,0.0,0.0
1029,1676235660000.0,0.0,0.0,0.0,0.08279746620726214,0.0,0.0,0.08416,0.999423465688964,1.0,315.1123224400005,300.0,315.1123224400005,300.0,0.0,0.0
1030,1676239260000.0,0.0,0.0,190.0,0.08312,0.0,0.0,0.08264,0.999423465688964,1.0,315.09652964000054,300.0,315.0053296400005,300.0,0.05012051392011,0.0
1031,1676242860000.0,0.0,0.0,190.0,0.08312,0.0,0.0,0.08237,0.999423465688964,1.0,315.09652964000054,300.0,314.95402964000056,300.0,0.05012051392011,0.0
1032,1676246460000.0,0.0,0.0,190.0,0.08312,0.0,0.0,0.08208,0.999423465688964,1.0,315.09652964000054,300.0,314.8989296400005,300.0,0.05012051392011,0.0
1033,1676250060000.0,0.0,0.0,190.0,0.08312,0.0,0.0,0.08215,0.999423465688964,1.0,315.09652964000054,300.0,314.91222964000053,300.0,0.05012051392011,0.0
1034,1676253660000.0,0.0,0.0,190.0,0.08312,0.0,0.0,0.08127,0.999423465688964,1.0,315.09652964000054,300.0,314.74502964000055,300.0,0.05012051392011,0.0
1035,1676257260000.0,0.0,0.0,406.0,0.08168354679802955,0.0,0.0,0.08147,0.999423465688964,1.0,315.07915892000057,300.0,314.99245892000056,300.0,0.10525456559448385,0.0
1036,1676260860000.0,0.0,0.0,406.0,0.08168354679802955,0.0,0.0,0.08178,0.999423465688964,1.0,315.07915892000057,300.0,315.11831892000055,300.0,0.10525456559448385,0.0
1037,1676264460000.0,0.0,0.0,0.0,0.08168354679802955,0.0,0.0,0.08435,0.999423465688964,1.0,315.49071024000057,300.0,315.49071024000057,300.0,0.0,0.0
1038,1676268060000.0,0.0,0.0,0.0,0.08168354679802955,0.0,0.0,0.08422,0.999423465688964,1.0,315.49071024000057,300.0,315.49071024000057,300.0,0.0,0.0
1039,1676271660000.0,0.0,0.0,0.0,0.08168354679802955,0.0,0.0,0.08387,0.999423465688964,1.0,315.49071024000057,300.0,315.49071024000057,300.0,0.0,0.0
1040,1676275260000.0,0.0,0.0,0.0,0.08168354679802955,0.0,0.0,0.08377,0.999423465688964,1.0,315.49071024000057,300.0,315.49071024000057,300.0,0.0,0.0
1041,1676278860000.0,0.0,0.0,190.0,0.08284,0.0,0.0,0.08159,0.999423465688964,1.0,315.47497064000055,300.0,315.23747064000054,300.0,0.04989175517813425,0.0
1042,1676282460000.0,0.0,0.0,406.0,0.08140886699507388,0.0,0.0,0.08066,0.999423465688964,1.0,315.45765824000057,300.0,315.1536182400006,300.0,0.10477475862974292,0.0
1043,1676286060000.0,0.0,0.0,406.0,0.08140886699507388,0.0,0.0,0.08083,0.999423465688964,1.0,315.45765824000057,300.0,315.22263824000055,300.0,0.10477475862974292,0.0
1044,1676289660000.0,0.0,0.0,406.0,0.08140886699507388,0.0,0.0,0.08091,0.999423465688964,1.0,315.45765824000057,300.0,315.25511824000057,300.0,0.10477475862974292,0.0
1045,1676293260000.0,0.0,0.0,406.0,0.08140886699507388,0.0,0.0,0.08139,0.999423465688964,1.0,315.45765824000057,300.0,315.4499982400006,300.0,0.10477475862974292,0.0
1046,1676296860000.0,0.0,0.0,406.0,0.08140886699507388,0.0,0.0,0.08146,0.999423465688964,1.0,315.45765824000057,300.0,315.47841824000056,300.0,0.10477475862974292,0.0
1047,1676300460000.0,0.0,0.0,406.0,0.08140886699507388,0.0,0.0,0.08185,0.999423465688964,1.0,315.45765824000057,300.0,315.6367582400006,300.0,0.10477475862974292,0.0
1048,1676304060000.0,0.0,0.0,406.0,0.08140886699507388,0.0,0.0,0.08095,0.999423465688964,1.0,315.45765824000057,300.0,315.27135824000055,300.0,0.10477475862974292,0.0
1049,1676307660000.0,0.0,0.0,406.0,0.08140886699507388,0.0,0.0,0.08055,0.999423465688964,1.0,315.45765824000057,300.0,315.10895824000056,300.0,0.10477475862974292,0.0
1050,1676311260000.0,0.0,0.0,406.0,0.08140886699507388,0.0,0.0,0.08041,0.999423465688964,1.0,315.45765824000057,300.0,315.0521182400006,300.0,0.10477475862974292,0.0
1051,1676314860000.0,0.0,0.0,406.0,0.08140886699507388,0.0,0.0,0.0813,0.999423465688964,1.0,315.45765824000057,300.0,315.4134582400006,300.0,0.10477475862974292,0.0
1052,1676318460000.0,0.0,0.0,406.0,0.08140886699507388,0.0,0.0,0.08127,0.999423465688964,1.0,315.45765824000057,300.0,315.4012782400006,300.0,0.10477475862974292,0.0
1053,1676322060000.0,0.0,0.0,406.0,0.08140886699507388,0.0,0.0,0.08148,0.999423465688964,1.0,315.45765824000057,300.0,315.4865382400006,300.0,0.10477475862974292,0.0
1054,1676325660000.0,0.0,0.0,406.0,0.08140886699507388,0.0,0.0,0.0813,0.999423465688964,1.0,315.45765824000057,300.0,315.4134582400006,300.0,0.10477475862974292,0.0
1055,1676329260000.0,0.0,0.0,406.0,0.08140886699507388,0.0,0.0,0.08146,0.999423465688964,1.0,315.45765824000057,300.0,315.47841824000056,300.0,0.10477475862974292,0.0
1056,1676332860000.0,0.0,0.0,406.0,0.08140886699507388,0.0,0.0,0.082,0.999423465688964,1.0,315.45765824000057,300.0,315.6976582400006,300.0,0.10477475862974292,0.0
1057,1676336460000.0,0.0,0.0,406.0,0.08140886699507388,0.0,0.0,0.0817,0.999423465688964,1.0,315.45765824000057,300.0,315.57585824000057,300.0,0.10477475862974292,0.0
1058,1676340060000.0,0.0,0.0,406.0,0.08140886699507388,0.0,0.0,0.0815,0.999423465688964,1.0,315.45765824000057,300.0,315.49465824000055,300.0,0.10477475862974292,0.0
1059,1676343660000.0,0.0,0.0,406.0,0.08140886699507388,0.0,0.0,0.08144,0.999423465688964,1.0,315.45765824000057,300.0,315.47029824000055,300.0,0.10477475862974292,0.0
1060,1676347260000.0,0.0,0.0,406.0,0.08140886699507388,0.0,0.0,0.0813,0.999423465688964,1.0,315.45765824000057,300.0,315.4134582400006,300.0,0.10477475862974292,0.0
1061,1676350860000.0,0.0,0.0,406.0,0.08140886699507388,0.0,0.0,0.0814,0.999423465688964,1.0,315.45765824000057,300.0,315.45405824000056,300.0,0.10477475862974292,0.0
1062,1676354460000.0,0.0,0.0,406.0,0.08140886699507388,0.0,0.0,0.08157,0.999423465688964,1.0,315.45765824000057,300.0,315.5230782400006,300.0,0.10477475862974292,0.0
1063,1676358060000.0,0.0,0.0,406.0,0.08140886699507388,0.0,0.0,0.08173,0.999423465688964,1.0,315.45765824000057,300.0,315.58803824000057,300.0,0.10477475862974292,0.0
1064,1676361660000.0,0.0,0.0,406.0,0.08140886699507388,0.0,0.0,0.08175,0.999423465688964,1.0,315.45765824000057,300.0,315.5961582400006,300.0,0.10477475862974292,0.0
1065,1676365260000.0,0.0,0.0,406.0,0.08140886699507388,0.0,0.0,0.08117,0.999423465688964,1.0,315.45765824000057,300.0,315.3606782400006,300.0,0.10477475862974292,0.0
1066,1676368860000.0,0.0,0.0,406.0,0.08140886699507388,0.0,0.0,0.08183,0.999423465688964,1.0,315.45765824000057,300.0,315.62863824000056,300.0,0.10477475862974292,0.0
1067,1676372460000.0,0.0,0.0,406.0,0.08140886699507388,0.0,0.0,0.08173,0.999423465688964,1.0,315.45765824000057,300.0,315.58803824000057,300.0,0.10477475862974292,0.0
1068,1676376060000.0,0.0,0.0,406.0,0.08140886699507388,0.0,0.0,0.08161,0.999423465688964,1.0,315.45765824000057,300.0,315.53931824000057,300.0,0.10477475862974292,0.0
1069,1676379660000.0,0.0,0.0,406.0,0.08140886699507388,0.0,0.0,0.08172,0.999423465688964,1.0,315.45765824000057,300.0,315.5839782400006,300.0,0.10477475862974292,0.0
1070,1676383260000.0,0.0,0.0,194.0,0.08136,0.0,0.0,0.08215,0.999423465688964,1.0,315.85137940000055,300.0,316.00463940000054,300.0,0.04997236367934625,0.0
1071,1676386860000.0,0.0,0.0,0.0,0.08136,0.0,0.0,0.08341,0.999423465688964,1.0,316.04684410000056,300.0,316.04684410000056,300.0,0.0,0.0
1072,1676390460000.0,0.0,0.0,0.0,0.08136,0.0,0.0,0.08312,0.999423465688964,1.0,316.04684410000056,300.0,316.04684410000056,300.0,0.0,0.0
1073,1676394060000.0,0.0,0.0,0.0,0.08136,0.0,0.0,0.08257,0.999423465688964,1.0,316.04684410000056,300.0,316.04684410000056,300.0,0.0,0.0
1074,1676397660000.0,0.0,0.0,0.0,0.08136,0.0,0.0,0.08304,0.999423465688964,1.0,316.04684410000056,300.0,316.04684410000056,300.0,0.0,0.0
1075,1676401260000.0,0.0,0.0,0.0,0.08136,0.0,0.0,0.08344,0.999423465688964,1.0,316.04684410000056,300.0,316.04684410000056,300.0,0.0,0.0
1076,1676404860000.0,0.0,0.0,0.0,0.08136,0.0,0.0,0.08354,0.999423465688964,1.0,316.04684410000056,300.0,316.04684410000056,300.0,0.0,0.0
1077,1676408460000.0,0.0,0.0,0.0,0.08136,0.0,0.0,0.08326,0.999423465688964,1.0,316.04684410000056,300.0,316.04684410000056,300.0,0.0,0.0
1078,1676412060000.0,0.0,0.0,0.0,0.08136,0.0,0.0,0.08342,0.999423465688964,1.0,316.04684410000056,300.0,316.04684410000056,300.0,0.0,0.0
1079,1676415660000.0,0.0,0.0,0.0,0.08136,0.0,0.0,0.08328,0.999423465688964,1.0,316.04684410000056,300.0,316.04684410000056,300.0,0.0,0.0
1080,1676419260000.0,0.0,0.0,0.0,0.08136,0.0,0.0,0.08368,0.999423465688964,1.0,316.04684410000056,300.0,316.04684410000056,300.0,0.0,0.0
1081,1676422860000.0,0.0,0.0,0.0,0.08136,0.0,0.0,0.08302,0.999423465688964,1.0,316.04684410000056,300.0,316.04684410000056,300.0,0.0,0.0
1082,1676426460000.0,0.0,0.0,0.0,0.08136,0.0,0.0,0.08294,0.999423465688964,1.0,316.04684410000056,300.0,316.04684410000056,300.0,0.0,0.0
1083,1676430060000.0,0.0,0.0,0.0,0.08136,0.0,0.0,0.08271,0.999423465688964,1.0,316.04684410000056,300.0,316.04684410000056,300.0,0.0,0.0
1084,1676433660000.0,0.0,0.0,0.0,0.08136,0.0,0.0,0.08506,0.999423465688964,1.0,316.04684410000056,300.0,316.04684410000056,300.0,0.0,0.0
1085,1676437260000.0,0.0,0.0,0.0,0.08136,0.0,0.0,0.08554,0.999423465688964,1.0,316.04684410000056,300.0,316.04684410000056,300.0,0.0,0.0
1086,1676440860000.0,0.0,0.0,0.0,0.08136,0.0,0.0,0.08636,0.999423465688964,1.0,316.04684410000056,300.0,316.04684410000056,300.0,0.0,0.0
1087,1676444460000.0,0.0,0.0,0.0,0.08136,0.0,0.0,0.0863,0.999423465688964,1.0,316.04684410000056,300.0,316.04684410000056,300.0,0.0,0.0
1088,1676448060000.0,0.0,0.0,0.0,0.08136,0.0,0.0,0.08591,0.999423465688964,1.0,316.04684410000056,300.0,316.04684410000056,300.0,0.0,0.0
1089,1676451660000.0,0.0,0.0,0.0,0.08136,0.0,0.0,0.08633,0.999423465688964,1.0,316.04684410000056,300.0,316.04684410000056,300.0,0.0,0.0
1090,1676455260000.0,0.0,0.0,0.0,0.08136,0.0,0.0,0.0865,0.999423465688964,1.0,316.04684410000056,300.0,316.04684410000056,300.0,0.0,0.0
1091,1676458860000.0,0.0,0.0,0.0,0.08136,0.0,0.0,0.08642,0.999423465688964,1.0,316.04684410000056,300.0,316.04684410000056,300.0,0.0,0.0
1092,1676462460000.0,0.0,0.0,0.0,0.08136,0.0,0.0,0.08664,0.999423465688964,1.0,316.04684410000056,300.0,316.04684410000056,300.0,0.0,0.0
1093,1676466060000.0,0.0,0.0,0.0,0.08136,0.0,0.0,0.0868,0.999423465688964,1.0,316.04684410000056,300.0,316.04684410000056,300.0,0.0,0.0
1094,1676469660000.0,0.0,0.0,0.0,0.08136,0.0,0.0,0.08622,0.999423465688964,1.0,316.04684410000056,300.0,316.04684410000056,300.0,0.0,0.0
1095,1676473260000.0,0.0,0.0,0.0,0.08136,0.0,0.0,0.08591,0.999423465688964,1.0,316.04684410000056,300.0,316.04684410000056,300.0,0.0,0.0
1096,1676476860000.0,0.0,0.0,0.0,0.08136,0.0,0.0,0.08608,0.999423465688964,1.0,316.04684410000056,300.0,316.04684410000056,300.0,0.0,0.0
1097,1676480460000.0,0.0,0.0,0.0,0.08136,0.0,0.0,0.08601,0.999423465688964,1.0,316.04684410000056,300.0,316.04684410000056,300.0,0.0,0.0
1098,1676484060000.0,0.0,0.0,0.0,0.08136,0.0,0.0,0.08631,0.999423465688964,1.0,316.04684410000056,300.0,316.04684410000056,300.0,0.0,0.0
1099,1676487660000.0,0.0,0.0,0.0,0.08136,0.0,0.0,0.08653,0.999423465688964,1.0,316.04684410000056,300.0,316.04684410000056,300.0,0.0,0.0
1100,1676491260000.0,0.0,0.0,0.0,0.08136,0.0,0.0,0.08753,0.999423465688964,1.0,316.04684410000056,300.0,316.04684410000056,300.0,0.0,0.0
1101,1676494860000.0,0.0,0.0,0.0,0.08136,0.0,0.0,0.08914,0.999423465688964,1.0,316.04684410000056,300.0,316.04684410000056,300.0,0.0,0.0
1102,1676498460000.0,0.0,0.0,0.0,0.08136,0.0,0.0,0.08826,0.999423465688964,1.0,316.04684410000056,300.0,316.04684410000056,300.0,0.0,0.0
1103,1676502060000.0,0.0,0.0,0.0,0.08136,0.0,0.0,0.08852,0.999423465688964,1.0,316.04684410000056,300.0,316.04684410000056,300.0,0.0,0.0
1104,1676505660000.0,0.0,0.0,0.0,0.08136,0.0,0.0,0.08904,0.999423465688964,1.0,316.04684410000056,300.0,316.04684410000056,300.0,0.0,0.0
1105,1676509260000.0,0.0,0.0,0.0,0.08136,0.0,0.0,0.08906,0.999423465688964,1.0,316.04684410000056,300.0,316.04684410000056,300.0,0.0,0.0
1106,1676512860000.0,0.0,0.0,0.0,0.08136,0.0,0.0,0.09001,0.999423465688964,1.0,316.04684410000056,300.0,316.04684410000056,300.0,0.0,0.0
1107,1676516460000.0,0.0,0.0,0.0,0.08136,0.0,0.0,0.08985,0.999423465688964,1.0,316.04684410000056,300.0,316.04684410000056,300.0,0.0,0.0
1108,1676520060000.0,0.0,0.0,0.0,0.08136,0.0,0.0,0.08998,0.999423465688964,1.0,316.04684410000056,300.0,316.04684410000056,300.0,0.0,0.0
1109,1676523660000.0,0.0,0.0,0.0,0.08136,0.0,0.0,0.08955,0.999423465688964,1.0,316.04684410000056,300.0,316.04684410000056,300.0,0.0,0.0
1110,1676527260000.0,0.0,0.0,0.0,0.08136,0.0,0.0,0.09019,0.999423465688964,1.0,316.04684410000056,300.0,316.04684410000056,300.0,0.0,0.0
1111,1676530860000.0,0.0,0.0,0.0,0.08136,0.0,0.0,0.08944,0.999423465688964,1.0,316.04684410000056,300.0,316.04684410000056,300.0,0.0,0.0
1112,1676534460000.0,0.0,0.0,0.0,0.08136,0.0,0.0,0.08897,0.999423465688964,1.0,316.04684410000056,300.0,316.04684410000056,300.0,0.0,0.0
1113,1676538060000.0,0.0,0.0,0.0,0.08136,0.0,0.0,0.08871,0.999423465688964,1.0,316.04684410000056,300.0,316.04684410000056,300.0,0.0,0.0
1114,1676541660000.0,0.0,0.0,0.0,0.08136,0.0,0.0,0.08929,0.999423465688964,1.0,316.04684410000056,300.0,316.04684410000056,300.0,0.0,0.0
1115,1676545260000.0,0.0,0.0,0.0,0.08136,0.0,0.0,0.08902,0.999423465688964,1.0,316.04684410000056,300.0,316.04684410000056,300.0,0.0,0.0
1116,1676548860000.0,0.0,0.0,0.0,0.08136,0.0,0.0,0.08848,0.999423465688964,1.0,316.04684410000056,300.0,316.04684410000056,300.0,0.0,0.0
1117,1676552460000.0,0.0,0.0,0.0,0.08136,0.0,0.0,0.08885,0.999423465688964,1.0,316.04684410000056,300.0,316.04684410000056,300.0,0.0,0.0
1118,1676556060000.0,0.0,0.0,180.0,0.08801,0.0,0.0,0.08724,0.999423465688964,1.0,316.0310023000006,300.0,315.8924023000006,300.0,0.05012736055863837,0.0
1119,1676559660000.0,0.0,0.0,180.0,0.08801,0.0,0.0,0.08756,0.999423465688964,1.0,316.0310023000006,300.0,315.95000230000056,300.0,0.05012736055863837,0.0
1120,1676563260000.0,0.0,0.0,0.0,0.08801,0.0,0.0,0.08945,0.999423465688964,1.0,316.2273481000006,300.0,316.2273481000006,300.0,0.0,0.0
1121,1676566860000.0,0.0,0.0,0.0,0.08793,0.0,0.0,0.09036,0.999423465688964,1.0,316.40788090000063,300.0,316.40788090000063,300.0,0.0,0.0
1122,1676570460000.0,0.0,0.0,0.0,0.08793,0.0,0.0,0.08994,0.999423465688964,1.0,316.40788090000063,300.0,316.40788090000063,300.0,0.0,0.0
1123,1676574060000.0,0.0,0.0,0.0,0.08793,0.0,0.0,0.0899,0.999423465688964,1.0,316.40788090000063,300.0,316.40788090000063,300.0,0.0,0.0
1124,1676577660000.0,0.0,0.0,0.0,0.08793,0.0,0.0,0.08888,0.999423465688964,1.0,316.40788090000063,300.0,316.40788090000063,300.0,0.0,0.0
1125,1676581260000.0,0.0,0.0,179.0,0.08835,0.0,0.0,0.08767,0.999423465688964,1.0,316.39206625000065,300.0,316.27034625000067,300.0,0.04998434438461514,0.0
1126,1676584860000.0,0.0,0.0,179.0,0.08835,0.0,0.0,0.08732,0.999423465688964,1.0,316.39206625000065,300.0,316.20769625000065,300.0,0.04998434438461514,0.0
1127,1676588460000.0,0.0,0.0,383.0,0.08682133159268929,0.0,0.0,0.08534,0.999423465688964,1.0,316.37462833000063,300.0,315.80727833000066,300.0,0.10510504643032015,0.0
1128,1676592060000.0,0.0,0.0,383.0,0.08682133159268929,0.0,0.0,0.08445,0.999423465688964,1.0,316.37462833000063,300.0,315.46640833000066,300.0,0.10510504643032015,0.0
1129,1676595660000.0,0.0,0.0,383.0,0.08682133159268929,0.0,0.0,0.08584,0.999423465688964,1.0,316.37462833000063,300.0,315.9987783300006,300.0,0.10510504643032015,0.0
1130,1676599260000.0,0.0,0.0,383.0,0.08682133159268929,0.0,0.0,0.0861,0.999423465688964,1.0,316.37462833000063,300.0,316.0983583300006,300.0,0.10510504643032015,0.0
1131,1676602860000.0,0.0,0.0,383.0,0.08682133159268929,0.0,0.0,0.08609,0.999423465688964,1.0,316.37462833000063,300.0,316.0945283300006,300.0,0.10510504643032015,0.0
1132,1676606460000.0,0.0,0.0,383.0,0.08682133159268929,0.0,0.0,0.08635,0.999423465688964,1.0,316.37462833000063,300.0,316.19410833000063,300.0,0.10510504643032015,0.0
1133,1676610060000.0,0.0,0.0,383.0,0.08682133159268929,0.0,0.0,0.08612,0.999423465688964,1.0,316.37462833000063,300.0,316.1060183300006,300.0,0.10510504643032015,0.0
1134,1676613660000.0,0.0,0.0,383.0,0.08682133159268929,0.0,0.0,0.08594,0.999423465688964,1.0,316.37462833000063,300.0,316.0370783300006,300.0,0.10510504643032015,0.0
1135,1676617260000.0,0.0,0.0,383.0,0.08682133159268929,0.0,0.0,0.08636,0.999423465688964,1.0,316.37462833000063,300.0,316.1979383300006,300.0,0.10510504643032015,0.0
1136,1676620860000.0,0.0,0.0,383.0,0.08682133159268929,0.0,0.0,0.08629,0.999423465688964,1.0,316.37462833000063,300.0,316.1711283300006,300.0,0.10510504643032015,0.0
1137,1676624460000.0,0.0,0.0,383.0,0.08682133159268929,0.0,0.0,0.08661,0.999423465688964,1.0,316.37462833000063,300.0,316.29368833000063,300.0,0.10510504643032015,0.0
1138,1676628060000.0,0.0,0.0,383.0,0.08682133159268929,0.0,0.0,0.08658,0.999423465688964,1.0,316.37462833000063,300.0,316.28219833000065,300.0,0.10510504643032015,0.0
1139,1676631660000.0,0.0,0.0,383.0,0.08682133159268929,0.0,0.0,0.08641,0.999423465688964,1.0,316.37462833000063,300.0,316.21708833000065,300.0,0.10510504643032015,0.0
1140,1676635260000.0,0.0,0.0,383.0,0.08682133159268929,0.0,0.0,0.08662,0.999423465688964,1.0,316.37462833000063,300.0,316.2975183300006,300.0,0.10510504643032015,0.0
1141,1676638860000.0,0.0,0.0,383.0,0.08682133159268929,0.0,0.0,0.08679,0.999423465688964,1.0,316.37462833000063,300.0,316.36262833000063,300.0,0.10510504643032015,0.0
1142,1676642460000.0,0.0,0.0,383.0,0.08682133159268929,0.0,0.0,0.08666,0.999423465688964,1.0,316.37462833000063,300.0,316.31283833000066,300.0,0.10510504643032015,0.0
1143,1676646060000.0,0.0,0.0,383.0,0.08682133159268929,0.0,0.0,0.08669,0.999423465688964,1.0,316.37462833000063,300.0,316.32432833000064,300.0,0.10510504643032015,0.0
1144,1676649660000.0,0.0,0.0,383.0,0.08682133159268929,0.0,0.0,0.0871,0.999423465688964,1.0,316.37462833000063,300.0,316.48135833000066,300.0,0.10510504643032015,0.0
1145,1676653260000.0,0.0,0.0,383.0,0.08682133159268929,0.0,0.0,0.08701,0.999423465688964,1.0,316.37462833000063,300.0,316.44688833000066,300.0,0.10510504643032015,0.0
1146,1676656860000.0,0.0,0.0,383.0,0.08682133159268929,0.0,0.0,0.08727,0.999423465688964,1.0,316.37462833000063,300.0,316.5464683300006,300.0,0.10510504643032015,0.0
1147,1676660460000.0,0.0,0.0,383.0,0.08682133159268929,0.0,0.0,0.08761,0.999423465688964,1.0,316.37462833000063,300.0,316.6766883300006,300.0,0.10510504643032015,0.0
1148,1676664060000.0,0.0,0.0,383.0,0.08682133159268929,0.0,0.0,0.08767,0.999423465688964,1.0,316.37462833000063,300.0,316.69966833000063,300.0,0.10510504643032015,0.0
1149,1676667660000.0,0.0,0.0,0.0,0.08682133159268929,0.0,0.0,0.08824,0.999423465688964,1.0,316.7885281600007,300.0,316.7885281600007,300.0,0.0,0.0
1150,1676671260000.0,0.0,0.0,0.0,0.08682133159268929,0.0,0.0,0.08734,0.999423465688964,1.0,316.7885281600007,300.0,316.7885281600007,300.0,0.0,0.0
1151,1676674860000.0,0.0,0.0,182.0,0.08691,0.0,0.0,0.08771,0.999423465688964,1.0,316.7727105400007,300.0,316.9183105400007,300.0,0.04993365739440052,0.0
1152,1676678460000.0,0.0,0.0,182.0,0.08691,0.0,0.0,0.08773,0.999423465688964,1.0,316.7727105400007,300.0,316.9219505400007,300.0,0.04993365739440052,0.0
1153,1676682060000.0,0.0,0.0,0.0,0.08691,0.0,0.0,0.08799,0.999423465688964,1.0,316.9696199800007,300.0,316.9696199800007,300.0,0.0,0.0
1154,1676685660000.0,0.0,0.0,0.0,0.08691,0.0,0.0,0.08845,0.999423465688964,1.0,316.9696199800007,300.0,316.9696199800007,300.0,0.0,0.0
1155,1676689260000.0,0.0,0.0,0.0,0.08691,0.0,0.0,0.08799,0.999423465688964,1.0,316.9696199800007,300.0,316.9696199800007,300.0,0.0,0.0
1156,1676692860000.0,0.0,0.0,0.0,0.08691,0.0,0.0,0.08817,0.999423465688964,1.0,316.9696199800007,300.0,316.9696199800007,300.0,0.0,0.0
1157,1676696460000.0,0.0,0.0,0.0,0.08691,0.0,0.0,0.08817,0.999423465688964,1.0,316.9696199800007,300.0,316.9696199800007,300.0,0.0,0.0
1158,1676700060000.0,0.0,0.0,0.0,0.08691,0.0,0.0,0.08816,0.999423465688964,1.0,316.9696199800007,300.0,316.9696199800007,300.0,0.0,0.0
1159,1676703660000.0,0.0,0.0,0.0,0.08691,0.0,0.0,0.08785,0.999423465688964,1.0,316.9696199800007,300.0,316.9696199800007,300.0,0.0,0.0
1160,1676707260000.0,0.0,0.0,181.0,0.08735,0.0,0.0,0.08744,0.999423465688964,1.0,316.9538096300007,300.0,316.97009963000073,300.0,0.04988218951668817,0.0
1161,1676710860000.0,0.0,0.0,181.0,0.08735,0.0,0.0,0.0875,0.999423465688964,1.0,316.9538096300007,300.0,316.9809596300007,300.0,0.04988218951668817,0.0
1162,1676714460000.0,0.0,0.0,181.0,0.08735,0.0,0.0,0.0876,0.999423465688964,1.0,316.9538096300007,300.0,316.9990596300007,300.0,0.04988218951668817,0.0
1163,1676718060000.0,0.0,0.0,181.0,0.08735,0.0,0.0,0.08707,0.999423465688964,1.0,316.9538096300007,300.0,316.9031296300007,300.0,0.04988218951668817,0.0
1164,1676721660000.0,0.0,0.0,181.0,0.08735,0.0,0.0,0.08705,0.999423465688964,1.0,316.9538096300007,300.0,316.8995096300007,300.0,0.04988218951668817,0.0
1165,1676725260000.0,0.0,0.0,181.0,0.08735,0.0,0.0,0.08755,0.999423465688964,1.0,316.9538096300007,300.0,316.9900096300007,300.0,0.04988218951668817,0.0
1166,1676728860000.0,0.0,0.0,181.0,0.08735,0.0,0.0,0.08753,0.999423465688964,1.0,316.9538096300007,300.0,316.9863896300007,300.0,0.04988218951668817,0.0
1167,1676732460000.0,0.0,0.0,181.0,0.08735,0.0,0.0,0.08758,0.999423465688964,1.0,316.9538096300007,300.0,316.9954396300007,300.0,0.04988218951668817,0.0
1168,1676736060000.0,0.0,0.0,181.0,0.08735,0.0,0.0,0.08788,0.999423465688964,1.0,316.9538096300007,300.0,317.0497396300007,300.0,0.04988218951668817,0.0
1169,1676739660000.0,0.0,0.0,0.0,0.08735,0.0,0.0,0.08902,0.999423465688964,1.0,317.1495575100007,300.0,317.1495575100007,300.0,0.0,0.0
1170,1676743260000.0,0.0,0.0,0.0,0.08735,0.0,0.0,0.08879,0.999423465688964,1.0,317.1495575100007,300.0,317.1495575100007,300.0,0.0,0.0
1171,1676746860000.0,0.0,0.0,0.0,0.08735,0.0,0.0,0.08858,0.999423465688964,1.0,317.1495575100007,300.0,317.1495575100007,300.0,0.0,0.0
1172,1676750460000.0,0.0,0.0,181.0,0.08757,0.0,0.0,0.08791,0.999423465688964,1.0,317.1337073400007,300.0,317.19524734000066,300.0,0.049979455457274835,0.0
1173,1676754060000.0,0.0,0.0,181.0,0.08757,0.0,0.0,0.0879,0.999423465688964,1.0,317.1337073400007,300.0,317.1934373400007,300.0,0.049979455457274835,0.0
1174,1676757660000.0,0.0,0.0,181.0,0.08757,0.0,0.0,0.08847,0.999423465688964,1.0,317.1337073400007,300.0,317.29660734000066,300.0,0.049979455457274835,0.0
1175,1676761260000.0,0.0,0.0,0.0,0.08757,0.0,0.0,0.08896,0.999423465688964,1.0,317.33122359000066,300.0,317.33122359000066,300.0,0.0,0.0
1176,1676764860000.0,0.0,0.0,0.0,0.08757,0.0,0.0,0.08879,0.999423465688964,1.0,317.33122359000066,300.0,317.33122359000066,300.0,0.0,0.0
1177,1676768460000.0,0.0,0.0,0.0,0.08757,0.0,0.0,0.08885,0.999423465688964,1.0,317.33122359000066,300.0,317.33122359000066,300.0,0.0,0.0
1178,1676772060000.0,0.0,0.0,0.0,0.08757,0.0,0.0,0.08863,0.999423465688964,1.0,317.33122359000066,300.0,317.33122359000066,300.0,0.0,0.0
1179,1676775660000.0,0.0,0.0,0.0,0.08757,0.0,0.0,0.08886,0.999423465688964,1.0,317.33122359000066,300.0,317.33122359000066,300.0,0.0,0.0
1180,1676779260000.0,0.0,0.0,0.0,0.08757,0.0,0.0,0.08854,0.999423465688964,1.0,317.33122359000066,300.0,317.33122359000066,300.0,0.0,0.0
1181,1676782860000.0,0.0,0.0,0.0,0.08757,0.0,0.0,0.08877,0.999423465688964,1.0,317.33122359000066,300.0,317.33122359000066,300.0,0.0,0.0
1182,1676786460000.0,0.0,0.0,0.0,0.08757,0.0,0.0,0.08896,0.999423465688964,1.0,317.33122359000066,300.0,317.33122359000066,300.0,0.0,0.0
1183,1676790060000.0,0.0,0.0,0.0,0.08757,0.0,0.0,0.08861,0.999423465688964,1.0,317.33122359000066,300.0,317.33122359000066,300.0,0.0,0.0
1184,1676793660000.0,0.0,0.0,180.0,0.08806,0.0,0.0,0.0881,0.999423465688964,1.0,317.31537279000065,300.0,317.32257279000066,300.0,0.049952827247641926,0.0
1185,1676797260000.0,0.0,0.0,180.0,0.08806,0.0,0.0,0.08822,0.999423465688964,1.0,317.31537279000065,300.0,317.34417279000064,300.0,0.049952827247641926,0.0
1186,1676800860000.0,0.0,0.0,180.0,0.08806,0.0,0.0,0.08831,0.999423465688964,1.0,317.31537279000065,300.0,317.36037279000067,300.0,0.049952827247641926,0.0
1187,1676804460000.0,0.0,0.0,180.0,0.08806,0.0,0.0,0.08829,0.999423465688964,1.0,317.31537279000065,300.0,317.35677279000066,300.0,0.049952827247641926,0.0
1188,1676808060000.0,0.0,0.0,180.0,0.08806,0.0,0.0,0.08874,0.999423465688964,1.0,317.31537279000065,300.0,317.4377727900007,300.0,0.049952827247641926,0.0
1189,1676811660000.0,0.0,0.0,180.0,0.08806,0.0,0.0,0.08897,0.999423465688964,1.0,317.31537279000065,300.0,317.47917279000063,300.0,0.049952827247641926,0.0
1190,1676815260000.0,0.0,0.0,180.0,0.08806,0.0,0.0,0.08886,0.999423465688964,1.0,317.31537279000065,300.0,317.45937279000066,300.0,0.049952827247641926,0.0
1191,1676818860000.0,0.0,0.0,0.0,0.08806,0.0,0.0,0.08928,0.999423465688964,1.0,317.51170959000063,300.0,317.51170959000063,300.0,0.0,0.0
1192,1676822460000.0,0.0,0.0,0.0,0.08806,0.0,0.0,0.08922,0.999423465688964,1.0,317.51170959000063,300.0,317.51170959000063,300.0,0.0,0.0
1193,1676826060000.0,0.0,0.0,180.0,0.08831,0.0,0.0,0.08801,0.999423465688964,1.0,317.4958137900006,300.0,317.44181379000065,300.0,0.05006617192916397,0.0
1194,1676829660000.0,0.0,0.0,180.0,0.08831,0.0,0.0,0.0868,0.999423465688964,1.0,317.4958137900006,300.0,317.22401379000064,300.0,0.05006617192916397,0.0
1195,1676833260000.0,0.0,0.0,180.0,0.08831,0.0,0.0,0.08695,0.999423465688964,1.0,317.4958137900006,300.0,317.2510137900006,300.0,0.05006617192916397,0.0
1196,1676836860000.0,0.0,0.0,180.0,0.08831,0.0,0.0,0.08651,0.999423465688964,1.0,317.4958137900006,300.0,317.1718137900006,300.0,0.05006617192916397,0.0
1197,1676840460000.0,0.0,0.0,180.0,0.08831,0.0,0.0,0.0868,0.999423465688964,1.0,317.4958137900006,300.0,317.22401379000064,300.0,0.05006617192916397,0.0
1198,1676844060000.0,0.0,0.0,180.0,0.08831,0.0,0.0,0.08722,0.999423465688964,1.0,317.4958137900006,300.0,317.29961379000065,300.0,0.05006617192916397,0.0
1199,1676847660000.0,0.0,0.0,180.0,0.08831,0.0,0.0,0.08722,0.999423465688964,1.0,317.4958137900006,300.0,317.29961379000065,300.0,0.05006617192916397,0.0
1200,1676851260000.0,0.0,0.0,180.0,0.08831,0.0,0.0,0.08719,0.999423465688964,1.0,317.4958137900006,300.0,317.29421379000064,300.0,0.05006617192916397,0.0
1201,1676854860000.0,0.0,0.0,180.0,0.08831,0.0,0.0,0.08682,0.999423465688964,1.0,317.4958137900006,300.0,317.22761379000065,300.0,0.05006617192916397,0.0
1202,1676858460000.0,0.0,0.0,385.0,0.08678181818181818,0.0,0.0,0.08662,0.999423465688964,1.0,317.47829859000063,300.0,317.41599859000064,300.0,0.10523868922186647,0.0
1203,1676862060000.0,0.0,0.0,385.0,0.08678181818181818,0.0,0.0,0.08712,0.999423465688964,1.0,317.47829859000063,300.0,317.60849859000064,300.0,0.10523868922186647,0.0
1204,1676865660000.0,0.0,0.0,385.0,0.08678181818181818,0.0,0.0,0.0876,0.999423465688964,1.0,317.47829859000063,300.0,317.79329859000063,300.0,0.10523868922186647,0.0
1205,1676869260000.0,0.0,0.0,385.0,0.08678181818181818,0.0,0.0,0.08781,0.999423465688964,1.0,317.47829859000063,300.0,317.87414859000063,300.0,0.10523868922186647,0.0
1206,1676872860000.0,0.0,0.0,385.0,0.08678181818181818,0.0,0.0,0.08781,0.999423465688964,1.0,317.47829859000063,300.0,317.87414859000063,300.0,0.10523868922186647,0.0
1207,1676876460000.0,0.0,0.0,385.0,0.08678181818181818,0.0,0.0,0.08777,0.999423465688964,1.0,317.47829859000063,300.0,317.85874859000063,300.0,0.10523868922186647,0.0
1208,1676880060000.0,0.0,0.0,0.0,0.08678181818181818,0.0,0.0,0.08802,0.999423465688964,1.0,317.89418784000065,300.0,317.89418784000065,300.0,0.0,0.0
1209,1676883660000.0,0.0,0.0,0.0,0.08678181818181818,0.0,0.0,0.08777,0.999423465688964,1.0,317.89418784000065,300.0,317.89418784000065,300.0,0.0,0.0
1210,1676887260000.0,0.0,0.0,0.0,0.08678181818181818,0.0,0.0,0.08825,0.999423465688964,1.0,317.89418784000065,300.0,317.89418784000065,300.0,0.0,0.0
1211,1676890860000.0,0.0,0.0,0.0,0.08678181818181818,0.0,0.0,0.08854,0.999423465688964,1.0,317.89418784000065,300.0,317.89418784000065,300.0,0.0,0.0
1212,1676894460000.0,0.0,0.0,0.0,0.08678181818181818,0.0,0.0,0.08854,0.999423465688964,1.0,317.89418784000065,300.0,317.89418784000065,300.0,0.0,0.0
1213,1676898060000.0,0.0,0.0,0.0,0.08678181818181818,0.0,0.0,0.08799,0.999423465688964,1.0,317.89418784000065,300.0,317.89418784000065,300.0,0.0,0.0
1214,1676901660000.0,0.0,0.0,0.0,0.08678181818181818,0.0,0.0,0.08822,0.999423465688964,1.0,317.89418784000065,300.0,317.89418784000065,300.0,0.0,0.0
1215,1676905260000.0,0.0,0.0,0.0,0.08678181818181818,0.0,0.0,0.08852,0.999423465688964,1.0,317.89418784000065,300.0,317.89418784000065,300.0,0.0,0.0
1216,1676908860000.0,0.0,0.0,0.0,0.08678181818181818,0.0,0.0,0.08817,0.999423465688964,1.0,317.89418784000065,300.0,317.89418784000065,300.0,0.0,0.0
1217,1676912460000.0,0.0,0.0,181.0,0.08768,0.0,0.0,0.0879,0.999423465688964,1.0,317.87831776000064,300.0,317.91813776000066,300.0,0.04992501568471861,0.0
1218,1676916060000.0,0.0,0.0,181.0,0.08768,0.0,0.0,0.08805,0.999423465688964,1.0,317.87831776000064,300.0,317.94528776000067,300.0,0.04992501568471861,0.0
1219,1676919660000.0,0.0,0.0,181.0,0.08768,0.0,0.0,0.08786,0.999423465688964,1.0,317.87831776000064,300.0,317.91089776000064,300.0,0.04992501568471861,0.0
1220,1676923260000.0,0.0,0.0,181.0,0.08768,0.0,0.0,0.0881,0.999423465688964,1.0,317.87831776000064,300.0,317.95433776000067,300.0,0.04992501568471861,0.0
1221,1676926860000.0,0.0,0.0,181.0,0.08768,0.0,0.0,0.08792,0.999423465688964,1.0,317.87831776000064,300.0,317.9217577600006,300.0,0.04992501568471861,0.0
1222,1676930460000.0,0.0,0.0,181.0,0.08768,0.0,0.0,0.08801,0.999423465688964,1.0,317.87831776000064,300.0,317.93804776000064,300.0,0.04992501568471861,0.0
1223,1676934060000.0,0.0,0.0,181.0,0.08768,0.0,0.0,0.08782,0.999423465688964,1.0,317.87831776000064,300.0,317.90365776000067,300.0,0.04992501568471861,0.0
1224,1676937660000.0,0.0,0.0,181.0,0.08768,0.0,0.0,0.08841,0.999423465688964,1.0,317.87831776000064,300.0,318.01044776000066,300.0,0.04992501568471861,0.0
1225,1676941260000.0,0.0,0.0,181.0,0.08768,0.0,0.0,0.08857,0.999423465688964,1.0,317.87831776000064,300.0,318.03940776000064,300.0,0.04992501568471861,0.0
1226,1676944860000.0,0.0,0.0,181.0,0.08768,0.0,0.0,0.08802,0.999423465688964,1.0,317.87831776000064,300.0,317.9398577600006,300.0,0.04992501568471861,0.0
1227,1676948460000.0,0.0,0.0,181.0,0.08768,0.0,0.0,0.08798,0.999423465688964,1.0,317.87831776000064,300.0,317.93261776000065,300.0,0.04992501568471861,0.0
1228,1676952060000.0,0.0,0.0,181.0,0.08768,0.0,0.0,0.08806,0.999423465688964,1.0,317.87831776000064,300.0,317.94709776000064,300.0,0.04992501568471861,0.0
1229,1676955660000.0,0.0,0.0,181.0,0.08768,0.0,0.0,0.08765,0.999423465688964,1.0,317.87831776000064,300.0,317.87288776000065,300.0,0.04992501568471861,0.0
1230,1676959260000.0,0.0,0.0,181.0,0.08768,0.0,0.0,0.08796,0.999423465688964,1.0,317.87831776000064,300.0,317.92899776000064,300.0,0.04992501568471861,0.0
1231,1676962860000.0,0.0,0.0,181.0,0.08768,0.0,0.0,0.08818,0.999423465688964,1.0,317.87831776000064,300.0,317.96881776000066,300.0,0.04992501568471861,0.0
1232,1676966460000.0,0.0,0.0,181.0,0.08768,0.0,0.0,0.08799,0.999423465688964,1.0,317.87831776000064,300.0,317.93442776000063,300.0,0.04992501568471861,0.0
1233,1676970060000.0,0.0,0.0,181.0,0.08768,0.0,0.0,0.08672,0.999423465688964,1.0,317.87831776000064,300.0,317.7045577600006,300.0,0.04992501568471861,0.0
1234,1676973660000.0,0.0,0.0,181.0,0.08768,0.0,0.0,0.08683,0.999423465688964,1.0,317.87831776000064,300.0,317.72446776000066,300.0,0.04992501568471861,0.0
1235,1676977260000.0,0.0,0.0,181.0,0.08768,0.0,0.0,0.08645,0.999423465688964,1.0,317.87831776000064,300.0,317.65568776000066,300.0,0.04992501568471861,0.0
1236,1676980860000.0,0.0,0.0,181.0,0.08768,0.0,0.0,0.08621,0.999423465688964,1.0,317.87831776000064,300.0,317.6122477600006,300.0,0.04992501568471861,0.0
1237,1676984460000.0,0.0,0.0,181.0,0.08768,0.0,0.0,0.08656,0.999423465688964,1.0,317.87831776000064,300.0,317.67559776000064,300.0,0.04992501568471861,0.0
1238,1676988060000.0,0.0,0.0,181.0,0.08768,0.0,0.0,0.08601,0.999423465688964,1.0,317.87831776000064,300.0,317.5760477600006,300.0,0.04992501568471861,0.0
1239,1676991660000.0,0.0,0.0,181.0,0.08768,0.0,0.0,0.08627,0.999423465688964,1.0,317.87831776000064,300.0,317.62310776000066,300.0,0.04992501568471861,0.0
1240,1676995260000.0,0.0,0.0,181.0,0.08768,0.0,0.0,0.08613,0.999423465688964,1.0,317.87831776000064,300.0,317.59776776000064,300.0,0.04992501568471861,0.0
1241,1676998860000.0,0.0,0.0,181.0,0.08768,0.0,0.0,0.08578,0.999423465688964,1.0,317.87831776000064,300.0,317.5344177600006,300.0,0.04992501568471861,0.0
1242,1677002460000.0,0.0,0.0,181.0,0.08768,0.0,0.0,0.08649,0.999423465688964,1.0,317.87831776000064,300.0,317.6629277600006,300.0,0.04992501568471861,0.0
1243,1677006060000.0,0.0,0.0,181.0,0.08768,0.0,0.0,0.08668,0.999423465688964,1.0,317.87831776000064,300.0,317.69731776000066,300.0,0.04992501568471861,0.0
1244,1677009660000.0,0.0,0.0,181.0,0.08768,0.0,0.0,0.08616,0.999423465688964,1.0,317.87831776000064,300.0,317.6031977600006,300.0,0.04992501568471861,0.0
1245,1677013260000.0,0.0,0.0,181.0,0.08768,0.0,0.0,0.08606,0.999423465688964,1.0,317.87831776000064,300.0,317.5850977600006,300.0,0.04992501568471861,0.0
1246,1677016860000.0,0.0,0.0,387.0,0.08616826873385013,0.0,0.0,0.08474,0.999423465688964,1.0,317.8608407200006,300.0,317.3081007200006,300.0,0.10491106713385633,0.0
1247,1677020460000.0,0.0,0.0,387.0,0.08616826873385013,0.0,0.0,0.08546,0.999423465688964,1.0,317.8608407200006,300.0,317.58674072000065,300.0,0.10491106713385633,0.0
1248,1677024060000.0,0.0,0.0,387.0,0.08616826873385013,0.0,0.0,0.08539,0.999423465688964,1.0,317.8608407200006,300.0,317.5596507200006,300.0,0.10491106713385633,0.0
1249,1677027660000.0,0.0,0.0,387.0,0.08616826873385013,0.0,0.0,0.08551,0.999423465688964,1.0,317.8608407200006,300.0,317.6060907200006,300.0,0.10491106713385633,0.0
1250,1677031260000.0,0.0,0.0,387.0,0.08616826873385013,0.0,0.0,0.08435,0.999423465688964,1.0,317.8608407200006,300.0,317.15717072000064,300.0,0.10491106713385633,0.0
1251,1677034860000.0,0.0,0.0,387.0,0.08616826873385013,0.0,0.0,0.08461,0.999423465688964,1.0,317.8608407200006,300.0,317.2577907200006,300.0,0.10491106713385633,0.0
1252,1677038460000.0,0.0,0.0,387.0,0.08616826873385013,0.0,0.0,0.08496,0.999423465688964,1.0,317.8608407200006,300.0,317.3932407200006,300.0,0.10491106713385633,0.0
1253,1677042060000.0,0.0,0.0,387.0,0.08616826873385013,0.0,0.0,0.08473,0.999423465688964,1.0,317.8608407200006,300.0,317.30423072000065,300.0,0.10491106713385633,0.0
1254,1677045660000.0,0.0,0.0,387.0,0.08616826873385013,0.0,0.0,0.08464,0.999423465688964,1.0,317.8608407200006,300.0,317.26940072000065,300.0,0.10491106713385633,0.0
1255,1677049260000.0,0.0,0.0,387.0,0.08616826873385013,0.0,0.0,0.08406,0.999423465688964,1.0,317.8608407200006,300.0,317.0449407200006,300.0,0.10491106713385633,0.0
1256,1677052860000.0,0.0,0.0,387.0,0.08616826873385013,0.0,0.0,0.08422,0.999423465688964,1.0,317.8608407200006,300.0,317.1068607200006,300.0,0.10491106713385633,0.0
1257,1677056460000.0,0.0,0.0,827.0,0.08446133010882709,0.0,0.0,0.08318,0.999423465688964,1.0,317.8243383200006,300.0,316.7646783200006,300.0,0.21977398071280554,0.0
1258,1677060060000.0,0.0,0.0,0.0,0.08431,0.0,0.0,0.08751,0.999423465688964,1.0,318.84818293000063,300.0,318.84818293000063,300.0,0.0,0.0
1259,1677063660000.0,0.0,0.0,0.0,0.08431,0.0,0.0,0.08698,0.999423465688964,1.0,318.84818293000063,300.0,318.84818293000063,300.0,0.0,0.0
1260,1677067260000.0,0.0,0.0,0.0,0.08431,0.0,0.0,0.08578,0.999423465688964,1.0,318.84818293000063,300.0,318.84818293000063,300.0,0.0,0.0
1261,1677070860000.0,0.0,0.0,0.0,0.08431,0.0,0.0,0.08571,0.999423465688964,1.0,318.84818293000063,300.0,318.84818293000063,300.0,0.0,0.0
1262,1677074460000.0,0.0,0.0,0.0,0.08431,0.0,0.0,0.08573,0.999423465688964,1.0,318.84818293000063,300.0,318.84818293000063,300.0,0.0,0.0
1263,1677078060000.0,0.0,0.0,187.0,0.08517,0.0,0.0,0.08493,0.999423465688964,1.0,318.83225614000065,300.0,318.7873761400007,300.0,0.04995350907345609,0.0
1264,1677081660000.0,0.0,0.0,187.0,0.08517,0.0,0.0,0.08326,0.999423465688964,1.0,318.83225614000065,300.0,318.47508614000066,300.0,0.04995350907345609,0.0
1265,1677085260000.0,0.0,0.0,187.0,0.08517,0.0,0.0,0.08377,0.999423465688964,1.0,318.83225614000065,300.0,318.57045614000066,300.0,0.04995350907345609,0.0
1266,1677088860000.0,0.0,0.0,187.0,0.08517,0.0,0.0,0.08398,0.999423465688964,1.0,318.83225614000065,300.0,318.60972614000065,300.0,0.04995350907345609,0.0
1267,1677092460000.0,0.0,0.0,187.0,0.08517,0.0,0.0,0.08375,0.999423465688964,1.0,318.83225614000065,300.0,318.56671614000066,300.0,0.04995350907345609,0.0
1268,1677096060000.0,0.0,0.0,187.0,0.08517,0.0,0.0,0.08434,0.999423465688964,1.0,318.83225614000065,300.0,318.67704614000064,300.0,0.04995350907345609,0.0
1269,1677099660000.0,0.0,0.0,187.0,0.08517,0.0,0.0,0.08442,0.999423465688964,1.0,318.83225614000065,300.0,318.6920061400007,300.0,0.04995350907345609,0.0
1270,1677103260000.0,0.0,0.0,187.0,0.08517,0.0,0.0,0.08458,0.999423465688964,1.0,318.83225614000065,300.0,318.7219261400007,300.0,0.04995350907345609,0.0
1271,1677106860000.0,0.0,0.0,187.0,0.08517,0.0,0.0,0.08522,0.999423465688964,1.0,318.83225614000065,300.0,318.84160614000064,300.0,0.04995350907345609,0.0
1272,1677110460000.0,0.0,0.0,187.0,0.08517,0.0,0.0,0.08548,0.999423465688964,1.0,318.83225614000065,300.0,318.89022614000066,300.0,0.04995350907345609,0.0
1273,1677114060000.0,0.0,0.0,187.0,0.08517,0.0,0.0,0.08537,0.999423465688964,1.0,318.83225614000065,300.0,318.86965614000064,300.0,0.04995350907345609,0.0
1274,1677117660000.0,0.0,0.0,187.0,0.08517,0.0,0.0,0.08572,0.999423465688964,1.0,318.83225614000065,300.0,318.93510614000064,300.0,0.04995350907345609,0.0
1275,1677121260000.0,0.0,0.0,0.0,0.08517,0.0,0.0,0.08635,0.999423465688964,1.0,319.0311643000007,300.0,319.0311643000007,300.0,0.0,0.0
1276,1677124860000.0,0.0,0.0,0.0,0.08517,0.0,0.0,0.08591,0.999423465688964,1.0,319.0311643000007,300.0,319.0311643000007,300.0,0.0,0.0
1277,1677128460000.0,0.0,0.0,0.0,0.08517,0.0,0.0,0.08615,0.999423465688964,1.0,319.0311643000007,300.0,319.0311643000007,300.0,0.0,0.0
1278,1677132060000.0,0.0,0.0,0.0,0.08517,0.0,0.0,0.08584,0.999423465688964,1.0,319.0311643000007,300.0,319.0311643000007,300.0,0.0,0.0
1279,1677135660000.0,0.0,0.0,0.0,0.08517,0.0,0.0,0.0857,0.999423465688964,1.0,319.0311643000007,300.0,319.0311643000007,300.0,0.0,0.0
1280,1677139260000.0,0.0,0.0,0.0,0.08517,0.0,0.0,0.08563,0.999423465688964,1.0,319.0311643000007,300.0,319.0311643000007,300.0,0.0,0.0
1281,1677142860000.0,0.0,0.0,0.0,0.08517,0.0,0.0,0.0855,0.999423465688964,1.0,319.0311643000007,300.0,319.0311643000007,300.0,0.0,0.0
1282,1677146460000.0,0.0,0.0,0.0,0.08517,0.0,0.0,0.08536,0.999423465688964,1.0,319.0311643000007,300.0,319.0311643000007,300.0,0.0,0.0
1283,1677150060000.0,0.0,0.0,0.0,0.08517,0.0,0.0,0.0856,0.999423465688964,1.0,319.0311643000007,300.0,319.0311643000007,300.0,0.0,0.0
1284,1677153660000.0,0.0,0.0,187.0,0.08516,0.0,0.0,0.08409,0.999423465688964,1.0,319.0152393800007,300.0,318.8151493800007,300.0,0.04991899456261006,0.0
1285,1677157260000.0,0.0,0.0,187.0,0.08516,0.0,0.0,0.08485,0.999423465688964,1.0,319.0152393800007,300.0,318.9572693800007,300.0,0.04991899456261006,0.0
1286,1677160860000.0,0.0,0.0,187.0,0.08516,0.0,0.0,0.08479,0.999423465688964,1.0,319.0152393800007,300.0,318.9460493800007,300.0,0.04991899456261006,0.0
1287,1677164460000.0,0.0,0.0,187.0,0.08516,0.0,0.0,0.08494,0.999423465688964,1.0,319.0152393800007,300.0,318.9740993800007,300.0,0.04991899456261006,0.0
1288,1677168060000.0,0.0,0.0,187.0,0.08516,0.0,0.0,0.08483,0.999423465688964,1.0,319.0152393800007,300.0,318.9535293800007,300.0,0.04991899456261006,0.0
1289,1677171660000.0,0.0,0.0,187.0,0.08516,0.0,0.0,0.08435,0.999423465688964,1.0,319.0152393800007,300.0,318.8637693800007,300.0,0.04991899456261006,0.0
1290,1677175260000.0,0.0,0.0,187.0,0.08516,0.0,0.0,0.08424,0.999423465688964,1.0,319.0152393800007,300.0,318.8431993800007,300.0,0.04991899456261006,0.0
1291,1677178860000.0,0.0,0.0,187.0,0.08516,0.0,0.0,0.08408,0.999423465688964,1.0,319.0152393800007,300.0,318.8132793800007,300.0,0.04991899456261006,0.0
1292,1677182460000.0,0.0,0.0,187.0,0.08516,0.0,0.0,0.08456,0.999423465688964,1.0,319.0152393800007,300.0,318.90303938000073,300.0,0.04991899456261006,0.0
1293,1677186060000.0,0.0,0.0,187.0,0.08516,0.0,0.0,0.08437,0.999423465688964,1.0,319.0152393800007,300.0,318.8675093800007,300.0,0.04991899456261006,0.0
1294,1677189660000.0,0.0,0.0,187.0,0.08516,0.0,0.0,0.0841,0.999423465688964,1.0,319.0152393800007,300.0,318.8170193800007,300.0,0.04991899456261006,0.0
1295,1677193260000.0,0.0,0.0,187.0,0.08516,0.0,0.0,0.08422,0.999423465688964,1.0,319.0152393800007,300.0,318.83945938000073,300.0,0.04991899456261006,0.0
1296,1677196860000.0,0.0,0.0,187.0,0.08516,0.0,0.0,0.08408,0.999423465688964,1.0,319.0152393800007,300.0,318.8132793800007,300.0,0.04991899456261006,0.0
1297,1677200460000.0,0.0,0.0,187.0,0.08516,0.0,0.0,0.08459,0.999423465688964,1.0,319.0152393800007,300.0,318.9086493800007,300.0,0.04991899456261006,0.0
1298,1677204060000.0,0.0,0.0,187.0,0.08516,0.0,0.0,0.08446,0.999423465688964,1.0,319.0152393800007,300.0,318.8843393800007,300.0,0.04991899456261006,0.0
1299,1677207660000.0,0.0,0.0,187.0,0.08516,0.0,0.0,0.08428,0.999423465688964,1.0,319.0152393800007,300.0,318.8506793800007,300.0,0.04991899456261006,0.0
1300,1677211260000.0,0.0,0.0,187.0,0.08516,0.0,0.0,0.08438,0.999423465688964,1.0,319.0152393800007,300.0,318.8693793800007,300.0,0.04991899456261006,0.0
1301,1677214860000.0,0.0,0.0,187.0,0.08516,0.0,0.0,0.08435,0.999423465688964,1.0,319.0152393800007,300.0,318.8637693800007,300.0,0.04991899456261006,0.0
1302,1677218460000.0,0.0,0.0,187.0,0.08516,0.0,0.0,0.08403,0.999423465688964,1.0,319.0152393800007,300.0,318.8039293800007,300.0,0.04991899456261006,0.0
1303,1677222060000.0,0.0,0.0,187.0,0.08516,0.0,0.0,0.08455,0.999423465688964,1.0,319.0152393800007,300.0,318.9011693800007,300.0,0.04991899456261006,0.0
1304,1677225660000.0,0.0,0.0,187.0,0.08516,0.0,0.0,0.08464,0.999423465688964,1.0,319.0152393800007,300.0,318.9179993800007,300.0,0.04991899456261006,0.0
1305,1677229260000.0,0.0,0.0,187.0,0.08516,0.0,0.0,0.08469,0.999423465688964,1.0,319.0152393800007,300.0,318.9273493800007,300.0,0.04991899456261006,0.0
1306,1677232860000.0,0.0,0.0,187.0,0.08516,0.0,0.0,0.08428,0.999423465688964,1.0,319.0152393800007,300.0,318.8506793800007,300.0,0.04991899456261006,0.0
1307,1677236460000.0,0.0,0.0,187.0,0.08516,0.0,0.0,0.08428,0.999423465688964,1.0,319.0152393800007,300.0,318.8506793800007,300.0,0.04991899456261006,0.0
1308,1677240060000.0,0.0,0.0,187.0,0.08516,0.0,0.0,0.08427,0.999423465688964,1.0,319.0152393800007,300.0,318.8488093800007,300.0,0.04991899456261006,0.0
1309,1677243660000.0,0.0,0.0,187.0,0.08516,0.0,0.0,0.084,0.999423465688964,1.0,319.0152393800007,300.0,318.7983193800007,300.0,0.04991899456261006,0.0
1310,1677247260000.0,0.0,0.0,187.0,0.08516,0.0,0.0,0.08343,0.999423465688964,1.0,319.0152393800007,300.0,318.6917293800007,300.0,0.04991899456261006,0.0
1311,1677250860000.0,0.0,0.0,187.0,0.08516,0.0,0.0,0.0833,0.999423465688964,1.0,319.0152393800007,300.0,318.6674193800007,300.0,0.04991899456261006,0.0
1312,1677254460000.0,0.0,0.0,400.0,0.0836903,0.0,0.0,0.08121,0.999423465688964,1.0,318.9976881800007,300.0,318.0055681800007,300.0,0.10494157556750204,0.0
1313,1677258060000.0,0.0,0.0,855.0,0.08203511111111111,0.0,0.0,0.0809,0.999423465688964,1.0,318.9610242800007,300.0,317.99050428000066,300.0,0.21990153862318748,0.0
1314,1677261660000.0,0.0,0.0,855.0,0.08203511111111111,0.0,0.0,0.08059,0.999423465688964,1.0,318.9610242800007,300.0,317.7254542800007,300.0,0.21990153862318748,0.0
1315,1677265260000.0,0.0,0.0,855.0,0.08203511111111111,0.0,0.0,0.08058,0.999423465688964,1.0,318.9610242800007,300.0,317.7169042800007,300.0,0.21990153862318748,0.0
1316,1677268860000.0,0.0,0.0,855.0,0.08203511111111111,0.0,0.0,0.0809,0.999423465688964,1.0,318.9610242800007,300.0,317.99050428000066,300.0,0.21990153862318748,0.0
1317,1677272460000.0,0.0,0.0,855.0,0.08203511111111111,0.0,0.0,0.08091,0.999423465688964,1.0,318.9610242800007,300.0,317.9990542800007,300.0,0.21990153862318748,0.0
1318,1677276060000.0,0.0,0.0,855.0,0.08203511111111111,0.0,0.0,0.08013,0.999423465688964,1.0,318.9610242800007,300.0,317.3321542800007,300.0,0.21990153862318748,0.0
1319,1677279660000.0,0.0,0.0,855.0,0.08203511111111111,0.0,0.0,0.08021,0.999423465688964,1.0,318.9610242800007,300.0,317.4005542800007,300.0,0.21990153862318748,0.0
1320,1677283260000.0,0.0,0.0,855.0,0.08203511111111111,0.0,0.0,0.08087,0.999423465688964,1.0,318.9610242800007,300.0,317.9648542800007,300.0,0.21990153862318748,0.0
1321,1677286860000.0,0.0,0.0,855.0,0.08203511111111111,0.0,0.0,0.0813,0.999423465688964,1.0,318.9610242800007,300.0,318.3325042800007,300.0,0.21990153862318748,0.0
1322,1677290460000.0,0.0,0.0,855.0,0.08203511111111111,0.0,0.0,0.08177,0.999423465688964,1.0,318.9610242800007,300.0,318.7343542800007,300.0,0.21990153862318748,0.0
1323,1677294060000.0,0.0,0.0,855.0,0.08203511111111111,0.0,0.0,0.08131,0.999423465688964,1.0,318.9610242800007,300.0,318.34105428000066,300.0,0.21990153862318748,0.0
1324,1677297660000.0,0.0,0.0,855.0,0.08203511111111111,0.0,0.0,0.08129,0.999423465688964,1.0,318.9610242800007,300.0,318.3239542800007,300.0,0.21990153862318748,0.0
1325,1677301260000.0,0.0,0.0,855.0,0.08203511111111111,0.0,0.0,0.08137,0.999423465688964,1.0,318.9610242800007,300.0,318.3923542800007,300.0,0.21990153862318748,0.0
1326,1677304860000.0,0.0,0.0,855.0,0.08203511111111111,0.0,0.0,0.0811,0.999423465688964,1.0,318.9610242800007,300.0,318.1615042800007,300.0,0.21990153862318748,0.0
1327,1677308460000.0,0.0,0.0,855.0,0.08203511111111111,0.0,0.0,0.08149,0.999423465688964,1.0,318.9610242800007,300.0,318.4949542800007,300.0,0.21990153862318748,0.0
1328,1677312060000.0,0.0,0.0,855.0,0.08203511111111111,0.0,0.0,0.08157,0.999423465688964,1.0,318.9610242800007,300.0,318.5633542800007,300.0,0.21990153862318748,0.0
1329,1677315660000.0,0.0,0.0,855.0,0.08203511111111111,0.0,0.0,0.08144,0.999423465688964,1.0,318.9610242800007,300.0,318.4522042800007,300.0,0.21990153862318748,0.0
1330,1677319260000.0,0.0,0.0,855.0,0.08203511111111111,0.0,0.0,0.0813,0.999423465688964,1.0,318.9610242800007,300.0,318.3325042800007,300.0,0.21990153862318748,0.0
1331,1677322860000.0,0.0,0.0,855.0,0.08203511111111111,0.0,0.0,0.08078,0.999423465688964,1.0,318.9610242800007,300.0,317.88790428000067,300.0,0.21990153862318748,0.0
1332,1677326460000.0,0.0,0.0,855.0,0.08203511111111111,0.0,0.0,0.08117,0.999423465688964,1.0,318.9610242800007,300.0,318.2213542800007,300.0,0.21990153862318748,0.0
1333,1677330060000.0,0.0,0.0,855.0,0.08203511111111111,0.0,0.0,0.08103,0.999423465688964,1.0,318.9610242800007,300.0,318.1016542800007,300.0,0.21990153862318748,0.0
1334,1677333660000.0,0.0,0.0,855.0,0.08203511111111111,0.0,0.0,0.08121,0.999423465688964,1.0,318.9610242800007,300.0,318.2555542800007,300.0,0.21990153862318748,0.0
1335,1677337260000.0,0.0,0.0,855.0,0.08203511111111111,0.0,0.0,0.08129,0.999423465688964,1.0,318.9610242800007,300.0,318.3239542800007,300.0,0.21990153862318748,0.0
1336,1677340860000.0,0.0,0.0,855.0,0.08203511111111111,0.0,0.0,0.08122,0.999423465688964,1.0,318.9610242800007,300.0,318.2641042800007,300.0,0.21990153862318748,0.0
1337,1677344460000.0,0.0,0.0,855.0,0.08203511111111111,0.0,0.0,0.08116,0.999423465688964,1.0,318.9610242800007,300.0,318.2128042800007,300.0,0.21990153862318748,0.0
1338,1677348060000.0,0.0,0.0,855.0,0.08203511111111111,0.0,0.0,0.08133,0.999423465688964,1.0,318.9610242800007,300.0,318.3581542800007,300.0,0.21990153862318748,0.0
1339,1677351660000.0,0.0,0.0,855.0,0.08203511111111111,0.0,0.0,0.08034,0.999423465688964,1.0,318.9610242800007,300.0,317.5117042800007,300.0,0.21990153862318748,0.0
1340,1677355260000.0,0.0,0.0,855.0,0.08203511111111111,0.0,0.0,0.08012,0.999423465688964,1.0,318.9610242800007,300.0,317.32360428000067,300.0,0.21990153862318748,0.0
1341,1677358860000.0,0.0,0.0,855.0,0.08203511111111111,0.0,0.0,0.07938,0.999423465688964,1.0,318.9610242800007,300.0,316.69090428000067,300.0,0.21990153862318748,0.0
1342,1677362460000.0,0.0,0.0,855.0,0.08203511111111111,0.0,0.0,0.07954,0.999423465688964,1.0,318.9610242800007,300.0,316.82770428000066,300.0,0.21990153862318748,0.0
1343,1677366060000.0,0.0,0.0,855.0,0.08203511111111111,0.0,0.0,0.08025,0.999423465688964,1.0,318.9610242800007,300.0,317.4347542800007,300.0,0.21990153862318748,0.0
1344,1677369660000.0,0.0,0.0,855.0,0.08203511111111111,0.0,0.0,0.08076,0.999423465688964,1.0,318.9610242800007,300.0,317.8708042800007,300.0,0.21990153862318748,0.0
1345,1677373260000.0,0.0,0.0,855.0,0.08203511111111111,0.0,0.0,0.0806,0.999423465688964,1.0,318.9610242800007,300.0,317.7340042800007,300.0,0.21990153862318748,0.0
1346,1677376860000.0,0.0,0.0,855.0,0.08203511111111111,0.0,0.0,0.08086,0.999423465688964,1.0,318.9610242800007,300.0,317.95630428000067,300.0,0.21990153862318748,0.0
1347,1677380460000.0,0.0,0.0,855.0,0.08203511111111111,0.0,0.0,0.08124,0.999423465688964,1.0,318.9610242800007,300.0,318.2812042800007,300.0,0.21990153862318748,0.0
1348,1677384060000.0,0.0,0.0,855.0,0.08203511111111111,0.0,0.0,0.08129,0.999423465688964,1.0,318.9610242800007,300.0,318.3239542800007,300.0,0.21990153862318748,0.0
1349,1677387660000.0,0.0,0.0,855.0,0.08203511111111111,0.0,0.0,0.08114,0.999423465688964,1.0,318.9610242800007,300.0,318.1957042800007,300.0,0.21990153862318748,0.0
1350,1677391260000.0,0.0,0.0,855.0,0.08203511111111111,0.0,0.0,0.08111,0.999423465688964,1.0,318.9610242800007,300.0,318.17005428000067,300.0,0.21990153862318748,0.0
1351,1677394860000.0,0.0,0.0,855.0,0.08203511111111111,0.0,0.0,0.08109,0.999423465688964,1.0,318.9610242800007,300.0,318.1529542800007,300.0,0.21990153862318748,0.0
1352,1677398460000.0,0.0,0.0,855.0,0.08203511111111111,0.0,0.0,0.0811,0.999423465688964,1.0,318.9610242800007,300.0,318.1615042800007,300.0,0.21990153862318748,0.0
1353,1677402060000.0,0.0,0.0,855.0,0.08203511111111111,0.0,0.0,0.08115,0.999423465688964,1.0,318.9610242800007,300.0,318.20425428000067,300.0,0.21990153862318748,0.0
1354,1677405660000.0,0.0,0.0,855.0,0.08203511111111111,0.0,0.0,0.08147,0.999423465688964,1.0,318.9610242800007,300.0,318.47785428000066,300.0,0.21990153862318748,0.0
1355,1677409260000.0,0.0,0.0,855.0,0.08203511111111111,0.0,0.0,0.08125,0.999423465688964,1.0,318.9610242800007,300.0,318.2897542800007,300.0,0.21990153862318748,0.0
1356,1677412860000.0,0.0,0.0,855.0,0.08203511111111111,0.0,0.0,0.0814,0.999423465688964,1.0,318.9610242800007,300.0,318.4180042800007,300.0,0.21990153862318748,0.0
1357,1677416460000.0,0.0,0.0,855.0,0.08203511111111111,0.0,0.0,0.08108,0.999423465688964,1.0,318.9610242800007,300.0,318.1444042800007,300.0,0.21990153862318748,0.0
1358,1677420060000.0,0.0,0.0,855.0,0.08203511111111111,0.0,0.0,0.08139,0.999423465688964,1.0,318.9610242800007,300.0,318.40945428000066,300.0,0.21990153862318748,0.0
1359,1677423660000.0,0.0,0.0,855.0,0.08203511111111111,0.0,0.0,0.08138,0.999423465688964,1.0,318.9610242800007,300.0,318.4009042800007,300.0,0.21990153862318748,0.0
1360,1677427260000.0,0.0,0.0,855.0,0.08203511111111111,0.0,0.0,0.08146,0.999423465688964,1.0,318.9610242800007,300.0,318.4693042800007,300.0,0.21990153862318748,0.0
1361,1677430860000.0,0.0,0.0,855.0,0.08203511111111111,0.0,0.0,0.08129,0.999423465688964,1.0,318.9610242800007,300.0,318.3239542800007,300.0,0.21990153862318748,0.0
1362,1677434460000.0,0.0,0.0,855.0,0.08203511111111111,0.0,0.0,0.08146,0.999423465688964,1.0,318.9610242800007,300.0,318.4693042800007,300.0,0.21990153862318748,0.0
1363,1677438060000.0,0.0,0.0,855.0,0.08203511111111111,0.0,0.0,0.0821,0.999423465688964,1.0,318.9610242800007,300.0,319.0165042800007,300.0,0.21990153862318748,0.0
1364,1677441660000.0,0.0,0.0,855.0,0.08203511111111111,0.0,0.0,0.0822,0.999423465688964,1.0,318.9610242800007,300.0,319.1020042800007,300.0,0.21990153862318748,0.0
1365,1677445260000.0,0.0,0.0,855.0,0.08203511111111111,0.0,0.0,0.0822,0.999423465688964,1.0,318.9610242800007,300.0,319.1020042800007,300.0,0.21990153862318748,0.0
1366,1677448860000.0,0.0,0.0,855.0,0.08203511111111111,0.0,0.0,0.0822,0.999423465688964,1.0,318.9610242800007,300.0,319.1020042800007,300.0,0.21990153862318748,0.0
1367,1677452460000.0,0.0,0.0,855.0,0.08203511111111111,0.0,0.0,0.08188,0.999423465688964,1.0,318.9610242800007,300.0,318.82840428000065,300.0,0.21990153862318748,0.0
1368,1677456060000.0,0.0,0.0,855.0,0.08203511111111111,0.0,0.0,0.08208,0.999423465688964,1.0,318.9610242800007,300.0,318.9994042800007,300.0,0.21990153862318748,0.0
1369,1677459660000.0,0.0,0.0,855.0,0.08203511111111111,0.0,0.0,0.08183,0.999423465688964,1.0,318.9610242800007,300.0,318.7856542800007,300.0,0.21990153862318748,0.0
1370,1677463260000.0,0.0,0.0,855.0,0.08203511111111111,0.0,0.0,0.08203,0.999423465688964,1.0,318.9610242800007,300.0,318.9566542800007,300.0,0.21990153862318748,0.0
1371,1677466860000.0,0.0,0.0,855.0,0.08203511111111111,0.0,0.0,0.08199,0.999423465688964,1.0,318.9610242800007,300.0,318.9224542800007,300.0,0.21990153862318748,0.0
1372,1677470460000.0,0.0,0.0,855.0,0.08203511111111111,0.0,0.0,0.08205,0.999423465688964,1.0,318.9610242800007,300.0,318.97375428000066,300.0,0.21990153862318748,0.0
1373,1677474060000.0,0.0,0.0,855.0,0.08203511111111111,0.0,0.0,0.08168,0.999423465688964,1.0,318.9610242800007,300.0,318.65740428000066,300.0,0.21990153862318748,0.0
1374,1677477660000.0,0.0,0.0,855.0,0.08203511111111111,0.0,0.0,0.08127,0.999423465688964,1.0,318.9610242800007,300.0,318.30685428000066,300.0,0.21990153862318748,0.0
1375,1677481260000.0,0.0,0.0,855.0,0.08203511111111111,0.0,0.0,0.08137,0.999423465688964,1.0,318.9610242800007,300.0,318.3923542800007,300.0,0.21990153862318748,0.0
1376,1677484860000.0,0.0,0.0,855.0,0.08203511111111111,0.0,0.0,0.08122,0.999423465688964,1.0,318.9610242800007,300.0,318.2641042800007,300.0,0.21990153862318748,0.0
1377,1677488460000.0,0.0,0.0,855.0,0.08203511111111111,0.0,0.0,0.08092,0.999423465688964,1.0,318.9610242800007,300.0,318.0076042800007,300.0,0.21990153862318748,0.0
1378,1677492060000.0,0.0,0.0,855.0,0.08203511111111111,0.0,0.0,0.08103,0.999423465688964,1.0,318.9610242800007,300.0,318.1016542800007,300.0,0.21990153862318748,0.0
1379,1677495660000.0,0.0,0.0,855.0,0.08203511111111111,0.0,0.0,0.08084,0.999423465688964,1.0,318.9610242800007,300.0,317.9392042800007,300.0,0.21990153862318748,0.0
1380,1677499260000.0,0.0,0.0,855.0,0.08203511111111111,0.0,0.0,0.0811,0.999423465688964,1.0,318.9610242800007,300.0,318.1615042800007,300.0,0.21990153862318748,0.0
1381,1677502860000.0,0.0,0.0,855.0,0.08203511111111111,0.0,0.0,0.0808,0.999423465688964,1.0,318.9610242800007,300.0,317.9050042800007,300.0,0.21990153862318748,0.0
1382,1677506460000.0,0.0,0.0,855.0,0.08203511111111111,0.0,0.0,0.08201,0.999423465688964,1.0,318.9610242800007,300.0,318.93955428000066,300.0,0.21990153862318748,0.0
1383,1677510060000.0,0.0,0.0,855.0,0.08203511111111111,0.0,0.0,0.08186,0.999423465688964,1.0,318.9610242800007,300.0,318.8113042800007,300.0,0.21990153862318748,0.0
1384,1677513660000.0,0.0,0.0,855.0,0.08203511111111111,0.0,0.0,0.08144,0.999423465688964,1.0,318.9610242800007,300.0,318.4522042800007,300.0,0.21990153862318748,0.0
1385,1677517260000.0,0.0,0.0,855.0,0.08203511111111111,0.0,0.0,0.08097,0.999423465688964,1.0,318.9610242800007,300.0,318.0503542800007,300.0,0.21990153862318748,0.0
1386,1677520860000.0,0.0,0.0,855.0,0.08203511111111111,0.0,0.0,0.08075,0.999423465688964,1.0,318.9610242800007,300.0,317.8622542800007,300.0,0.21990153862318748,0.0
1387,1677524460000.0,0.0,0.0,855.0,0.08203511111111111,0.0,0.0,0.0803,0.999423465688964,1.0,318.9610242800007,300.0,317.4775042800007,300.0,0.21990153862318748,0.0
1388,1677528060000.0,0.0,0.0,855.0,0.08203511111111111,0.0,0.0,0.08046,0.999423465688964,1.0,318.9610242800007,300.0,317.6143042800007,300.0,0.21990153862318748,0.0
1389,1677531660000.0,0.0,0.0,855.0,0.08203511111111111,0.0,0.0,0.08075,0.999423465688964,1.0,318.9610242800007,300.0,317.8622542800007,300.0,0.21990153862318748,0.0
1390,1677535260000.0,0.0,0.0,855.0,0.08203511111111111,0.0,0.0,0.08091,0.999423465688964,1.0,318.9610242800007,300.0,317.9990542800007,300.0,0.21990153862318748,0.0
1391,1677538860000.0,0.0,0.0,855.0,0.08203511111111111,0.0,0.0,0.08123,0.999423465688964,1.0,318.9610242800007,300.0,318.27265428000067,300.0,0.21990153862318748,0.0
1392,1677542460000.0,0.0,0.0,855.0,0.08203511111111111,0.0,0.0,0.08143,0.999423465688964,1.0,318.9610242800007,300.0,318.44365428000066,300.0,0.21990153862318748,0.0
1393,1677546060000.0,0.0,0.0,855.0,0.08203511111111111,0.0,0.0,0.08238,0.999423465688964,1.0,318.9610242800007,300.0,319.25590428000066,300.0,0.21990153862318748,0.0
1394,1677549660000.0,0.0,0.0,855.0,0.08203511111111111,0.0,0.0,0.08177,0.999423465688964,1.0,318.9610242800007,300.0,318.7343542800007,300.0,0.21990153862318748,0.0
1395,1677553260000.0,0.0,0.0,855.0,0.08203511111111111,0.0,0.0,0.08175,0.999423465688964,1.0,318.9610242800007,300.0,318.7172542800007,300.0,0.21990153862318748,0.0
1396,1677556860000.0,0.0,0.0,855.0,0.08203511111111111,0.0,0.0,0.08214,0.999423465688964,1.0,318.9610242800007,300.0,319.0507042800007,300.0,0.21990153862318748,0.0
1397,1677560460000.0,0.0,0.0,855.0,0.08203511111111111,0.0,0.0,0.08214,0.999423465688964,1.0,318.9610242800007,300.0,319.0507042800007,300.0,0.21990153862318748,0.0
1398,1677564060000.0,0.0,0.0,855.0,0.08203511111111111,0.0,0.0,0.08199,0.999423465688964,1.0,318.9610242800007,300.0,318.9224542800007,300.0,0.21990153862318748,0.0
1399,1677567660000.0,0.0,0.0,855.0,0.08203511111111111,0.0,0.0,0.08211,0.999423465688964,1.0,318.9610242800007,300.0,319.0250542800007,300.0,0.21990153862318748,0.0
1400,1677571260000.0,0.0,0.0,855.0,0.08203511111111111,0.0,0.0,0.08102,0.999423465688964,1.0,318.9610242800007,300.0,318.09310428000066,300.0,0.21990153862318748,0.0
1401,1677574860000.0,0.0,0.0,855.0,0.08203511111111111,0.0,0.0,0.08103,0.999423465688964,1.0,318.9610242800007,300.0,318.1016542800007,300.0,0.21990153862318748,0.0
1402,1677578460000.0,0.0,0.0,855.0,0.08203511111111111,0.0,0.0,0.08114,0.999423465688964,1.0,318.9610242800007,300.0,318.1957042800007,300.0,0.21990153862318748,0.0
1403,1677582060000.0,0.0,0.0,855.0,0.08203511111111111,0.0,0.0,0.08154,0.999423465688964,1.0,318.9610242800007,300.0,318.5377042800007,300.0,0.21990153862318748,0.0
1404,1677585660000.0,0.0,0.0,855.0,0.08203511111111111,0.0,0.0,0.08165,0.999423465688964,1.0,318.9610242800007,300.0,318.6317542800007,300.0,0.21990153862318748,0.0
1405,1677589260000.0,0.0,0.0,855.0,0.08203511111111111,0.0,0.0,0.08191,0.999423465688964,1.0,318.9610242800007,300.0,318.8540542800007,300.0,0.21990153862318748,0.0
1406,1677592860000.0,0.0,0.0,855.0,0.08203511111111111,0.0,0.0,0.08174,0.999423465688964,1.0,318.9610242800007,300.0,318.7087042800007,300.0,0.21990153862318748,0.0
1407,1677596460000.0,0.0,0.0,855.0,0.08203511111111111,0.0,0.0,0.08184,0.999423465688964,1.0,318.9610242800007,300.0,318.79420428000066,300.0,0.21990153862318748,0.0
1408,1677600060000.0,0.0,0.0,855.0,0.08203511111111111,0.0,0.0,0.08209,0.999423465688964,1.0,318.9610242800007,300.0,319.00795428000066,300.0,0.21990153862318748,0.0
1409,1677603660000.0,0.0,0.0,855.0,0.08203511111111111,0.0,0.0,0.08148,0.999423465688964,1.0,318.9610242800007,300.0,318.48640428000067,300.0,0.21990153862318748,0.0
1410,1677607260000.0,0.0,0.0,855.0,0.08203511111111111,0.0,0.0,0.08192,0.999423465688964,1.0,318.9610242800007,300.0,318.8626042800007,300.0,0.21990153862318748,0.0
1411,1677610860000.0,0.0,0.0,433.0,0.08203511111111111,0.0,0.0,0.08244,0.999423465688964,1.0,319.36269185111183,300.0,319.53800874000075,300.0,0.11122527464063098,0.0
1412,1677614460000.0,0.0,0.0,433.0,0.08203511111111111,0.0,0.0,0.08119,0.999423465688964,1.0,319.36269185111183,300.0,318.9967587400007,300.0,0.11122527464063098,0.0
1413,1677618060000.0,0.0,0.0,433.0,0.08203511111111111,0.0,0.0,0.08066,0.999423465688964,1.0,319.36269185111183,300.0,318.7672687400007,300.0,0.11122527464063098,0.0
1414,1677621660000.0,0.0,0.0,433.0,0.08203511111111111,0.0,0.0,0.0802,0.999423465688964,1.0,319.36269185111183,300.0,318.56808874000075,300.0,0.11122527464063098,0.0
1415,1677625260000.0,0.0,0.0,433.0,0.08203511111111111,0.0,0.0,0.08079,0.999423465688964,1.0,319.36269185111183,300.0,318.82355874000075,300.0,0.11122527464063098,0.0
1416,1677628860000.0,0.0,0.0,433.0,0.08203511111111111,0.0,0.0,0.08077,0.999423465688964,1.0,319.36269185111183,300.0,318.81489874000073,300.0,0.11122527464063098,0.0
1417,1677632460000.0,0.0,0.0,433.0,0.08203511111111111,0.0,0.0,0.08063,0.999423465688964,1.0,319.36269185111183,300.0,318.7542787400007,300.0,0.11122527464063098,0.0
1418,1677636060000.0,0.0,0.0,433.0,0.08203511111111111,0.0,0.0,0.08131,0.999423465688964,1.0,319.36269185111183,300.0,319.0487187400007,300.0,0.11122527464063098,0.0
1419,1677639660000.0,0.0,0.0,433.0,0.08203511111111111,0.0,0.0,0.0815,0.999423465688964,1.0,319.36269185111183,300.0,319.1309887400007,300.0,0.11122527464063098,0.0
1420,1677643260000.0,0.0,0.0,433.0,0.08203511111111111,0.0,0.0,0.08203,0.999423465688964,1.0,319.36269185111183,300.0,319.3604787400007,300.0,0.11122527464063098,0.0
1421,1677646860000.0,0.0,0.0,433.0,0.08203511111111111,0.0,0.0,0.0823,0.999423465688964,1.0,319.36269185111183,300.0,319.4773887400007,300.0,0.11122527464063098,0.0
1422,1677650460000.0,0.0,0.0,433.0,0.08203511111111111,0.0,0.0,0.08206,0.999423465688964,1.0,319.36269185111183,300.0,319.3734687400007,300.0,0.11122527464063098,0.0
1423,1677654060000.0,0.0,0.0,433.0,0.08203511111111111,0.0,0.0,0.08238,0.999423465688964,1.0,319.36269185111183,300.0,319.51202874000074,300.0,0.11122527464063098,0.0
1424,1677657660000.0,0.0,0.0,433.0,0.08203511111111111,0.0,0.0,0.08243,0.999423465688964,1.0,319.36269185111183,300.0,319.5336787400007,300.0,0.11122527464063098,0.0
1425,1677661260000.0,0.0,0.0,433.0,0.08203511111111111,0.0,0.0,0.08246,0.999423465688964,1.0,319.36269185111183,300.0,319.5466687400007,300.0,0.11122527464063098,0.0
1426,1677664860000.0,0.0,0.0,433.0,0.08203511111111111,0.0,0.0,0.08196,0.999423465688964,1.0,319.36269185111183,300.0,319.3301687400007,300.0,0.11122527464063098,0.0
1427,1677668460000.0,0.0,0.0,433.0,0.08203511111111111,0.0,0.0,0.08223,0.999423465688964,1.0,319.36269185111183,300.0,319.44707874000073,300.0,0.11122527464063098,0.0
1428,1677672060000.0,0.0,0.0,433.0,0.08203511111111111,0.0,0.0,0.08223,0.999423465688964,1.0,319.36269185111183,300.0,319.44707874000073,300.0,0.11122527464063098,0.0
1429,1677675660000.0,0.0,0.0,433.0,0.08203511111111111,0.0,0.0,0.08202,0.999423465688964,1.0,319.36269185111183,300.0,319.3561487400007,300.0,0.11122527464063098,0.0
1430,1677679260000.0,0.0,0.0,433.0,0.08203511111111111,0.0,0.0,0.08199,0.999423465688964,1.0,319.36269185111183,300.0,319.3431587400007,300.0,0.11122527464063098,0.0
1431,1677682860000.0,0.0,0.0,433.0,0.08203511111111111,0.0,0.0,0.08204,0.999423465688964,1.0,319.36269185111183,300.0,319.36480874000074,300.0,0.11122527464063098,0.0
1432,1677686460000.0,0.0,0.0,433.0,0.08203511111111111,0.0,0.0,0.08194,0.999423465688964,1.0,319.36269185111183,300.0,319.3215087400007,300.0,0.11122527464063098,0.0
1433,1677690060000.0,0.0,0.0,433.0,0.08203511111111111,0.0,0.0,0.08177,0.999423465688964,1.0,319.36269185111183,300.0,319.2478987400007,300.0,0.11122527464063098,0.0
1434,1677693660000.0,0.0,0.0,433.0,0.08203511111111111,0.0,0.0,0.08188,0.999423465688964,1.0,319.36269185111183,300.0,319.2955287400007,300.0,0.11122527464063098,0.0
1435,1677697260000.0,0.0,0.0,433.0,0.08203511111111111,0.0,0.0,0.08185,0.999423465688964,1.0,319.36269185111183,300.0,319.28253874000075,300.0,0.11122527464063098,0.0
1436,1677700860000.0,0.0,0.0,433.0,0.08203511111111111,0.0,0.0,0.0812,0.999423465688964,1.0,319.36269185111183,300.0,319.00108874000074,300.0,0.11122527464063098,0.0
1437,1677704460000.0,0.0,0.0,433.0,0.08203511111111111,0.0,0.0,0.08144,0.999423465688964,1.0,319.36269185111183,300.0,319.1050087400007,300.0,0.11122527464063098,0.0
1438,1677708060000.0,0.0,0.0,433.0,0.08203511111111111,0.0,0.0,0.08204,0.999423465688964,1.0,319.36269185111183,300.0,319.36480874000074,300.0,0.11122527464063098,0.0
1439,1677711660000.0,0.0,0.0,433.0,0.08203511111111111,0.0,0.0,0.08186,0.999423465688964,1.0,319.36269185111183,300.0,319.2868687400007,300.0,0.11122527464063098,0.0
1440,1677715260000.0,0.0,0.0,433.0,0.08203511111111111,0.0,0.0,0.08197,0.999423465688964,1.0,319.36269185111183,300.0,319.3344987400007,300.0,0.11122527464063098,0.0
1441,1677718860000.0,0.0,0.0,433.0,0.08203511111111111,0.0,0.0,0.08174,0.999423465688964,1.0,319.36269185111183,300.0,319.2349087400007,300.0,0.11122527464063098,0.0
1442,1677722460000.0,0.0,0.0,433.0,0.08203511111111111,0.0,0.0,0.08115,0.999423465688964,1.0,319.36269185111183,300.0,318.9794387400007,300.0,0.11122527464063098,0.0
1443,1677726060000.0,0.0,0.0,433.0,0.08203511111111111,0.0,0.0,0.08079,0.999423465688964,1.0,319.36269185111183,300.0,318.82355874000075,300.0,0.11122527464063098,0.0
1444,1677729660000.0,0.0,0.0,433.0,0.08203511111111111,0.0,0.0,0.0809,0.999423465688964,1.0,319.36269185111183,300.0,318.8711887400007,300.0,0.11122527464063098,0.0
1445,1677733260000.0,0.0,0.0,433.0,0.08203511111111111,0.0,0.0,0.08114,0.999423465688964,1.0,319.36269185111183,300.0,318.97510874000073,300.0,0.11122527464063098,0.0
1446,1677736860000.0,0.0,0.0,433.0,0.08203511111111111,0.0,0.0,0.08069,0.999423465688964,1.0,319.36269185111183,300.0,318.7802587400007,300.0,0.11122527464063098,0.0
1447,1677740460000.0,0.0,0.0,433.0,0.08203511111111111,0.0,0.0,0.0808,0.999423465688964,1.0,319.36269185111183,300.0,318.82788874000073,300.0,0.11122527464063098,0.0
1448,1677744060000.0,0.0,0.0,433.0,0.08203511111111111,0.0,0.0,0.08087,0.999423465688964,1.0,319.36269185111183,300.0,318.8581987400007,300.0,0.11122527464063098,0.0
1449,1677747660000.0,0.0,0.0,433.0,0.08203511111111111,0.0,0.0,0.08082,0.999423465688964,1.0,319.36269185111183,300.0,318.8365487400007,300.0,0.11122527464063098,0.0
1450,1677751260000.0,0.0,0.0,433.0,0.08203511111111111,0.0,0.0,0.08059,0.999423465688964,1.0,319.36269185111183,300.0,318.7369587400007,300.0,0.11122527464063098,0.0
1451,1677754860000.0,0.0,0.0,433.0,0.08203511111111111,0.0,0.0,0.08064,0.999423465688964,1.0,319.36269185111183,300.0,318.75860874000074,300.0,0.11122527464063098,0.0
1452,1677758460000.0,0.0,0.0,433.0,0.08203511111111111,0.0,0.0,0.08074,0.999423465688964,1.0,319.36269185111183,300.0,318.8019087400007,300.0,0.11122527464063098,0.0
1453,1677762060000.0,0.0,0.0,433.0,0.08203511111111111,0.0,0.0,0.08046,0.999423465688964,1.0,319.36269185111183,300.0,318.6806687400007,300.0,0.11122527464063098,0.0
1454,1677765660000.0,0.0,0.0,433.0,0.08203511111111111,0.0,0.0,0.08028,0.999423465688964,1.0,319.36269185111183,300.0,318.6027287400007,300.0,0.11122527464063098,0.0
1455,1677769260000.0,0.0,0.0,433.0,0.08203511111111111,0.0,0.0,0.08008,0.999423465688964,1.0,319.36269185111183,300.0,318.51612874000074,300.0,0.11122527464063098,0.0
1456,1677772860000.0,0.0,0.0,433.0,0.08203511111111111,0.0,0.0,0.0803,0.999423465688964,1.0,319.36269185111183,300.0,318.61138874000073,300.0,0.11122527464063098,0.0
1457,1677776460000.0,0.0,0.0,433.0,0.08203511111111111,0.0,0.0,0.08001,0.999423465688964,1.0,319.36269185111183,300.0,318.4858187400007,300.0,0.11122527464063098,0.0
1458,1677780060000.0,0.0,0.0,433.0,0.08203511111111111,0.0,0.0,0.08016,0.999423465688964,1.0,319.36269185111183,300.0,318.5507687400007,300.0,0.11122527464063098,0.0
1459,1677783660000.0,0.0,0.0,433.0,0.08203511111111111,0.0,0.0,0.0807,0.999423465688964,1.0,319.36269185111183,300.0,318.78458874000074,300.0,0.11122527464063098,0.0
1460,1677787260000.0,0.0,0.0,433.0,0.08203511111111111,0.0,0.0,0.08088,0.999423465688964,1.0,319.36269185111183,300.0,318.8625287400007,300.0,0.11122527464063098,0.0
1461,1677790860000.0,0.0,0.0,433.0,0.08203511111111111,0.0,0.0,0.08058,0.999423465688964,1.0,319.36269185111183,300.0,318.73262874000073,300.0,0.11122527464063098,0.0
1462,1677794460000.0,0.0,0.0,433.0,0.08203511111111111,0.0,0.0,0.08039,0.999423465688964,1.0,319.36269185111183,300.0,318.65035874000074,300.0,0.11122527464063098,0.0
1463,1677798060000.0,0.0,0.0,433.0,0.08203511111111111,0.0,0.0,0.08044,0.999423465688964,1.0,319.36269185111183,300.0,318.6720087400007,300.0,0.11122527464063098,0.0
1464,1677801660000.0,0.0,0.0,433.0,0.08203511111111111,0.0,0.0,0.08057,0.999423465688964,1.0,319.36269185111183,300.0,318.7282987400007,300.0,0.11122527464063098,0.0
1465,1677805260000.0,0.0,0.0,433.0,0.08203511111111111,0.0,0.0,0.08034,0.999423465688964,1.0,319.36269185111183,300.0,318.6287087400007,300.0,0.11122527464063098,0.0
1466,1677808860000.0,0.0,0.0,1979.0,0.07832423098085452,0.0,0.0,0.07396,0.999423465688964,1.0,319.2432094011118,300.0,310.6063962900007,300.0,0.4855346912527664,0.0
1467,1677812460000.0,0.0,0.0,1979.0,0.07832423098085452,0.0,0.0,0.075,0.999423465688964,1.0,319.2432094011118,300.0,312.6645562900007,300.0,0.4855346912527664,0.0
1468,1677816060000.0,0.0,0.0,1979.0,0.07832423098085452,0.0,0.0,0.07503,0.999423465688964,1.0,319.2432094011118,300.0,312.72392629000075,300.0,0.4855346912527664,0.0
1469,1677819660000.0,0.0,0.0,1979.0,0.07832423098085452,0.0,0.0,0.0758,0.999423465688964,1.0,319.2432094011118,300.0,314.2477562900007,300.0,0.4855346912527664,0.0
1470,1677823260000.0,0.0,0.0,1979.0,0.07832423098085452,0.0,0.0,0.0754,0.999423465688964,1.0,319.2432094011118,300.0,313.4561562900007,300.0,0.4855346912527664,0.0
1471,1677826860000.0,0.0,0.0,1979.0,0.07832423098085452,0.0,0.0,0.07546,0.999423465688964,1.0,319.2432094011118,300.0,313.5748962900007,300.0,0.4855346912527664,0.0
1472,1677830460000.0,0.0,0.0,1979.0,0.07832423098085452,0.0,0.0,0.0758,0.999423465688964,1.0,319.2432094011118,300.0,314.2477562900007,300.0,0.4855346912527664,0.0
1473,1677834060000.0,0.0,0.0,1979.0,0.07832423098085452,0.0,0.0,0.07595,0.999423465688964,1.0,319.2432094011118,300.0,314.54460629000073,300.0,0.4855346912527664,0.0
1474,1677837660000.0,0.0,0.0,1979.0,0.07832423098085452,0.0,0.0,0.07581,0.999423465688964,1.0,319.2432094011118,300.0,314.2675462900007,300.0,0.4855346912527664,0.0
1475,1677841260000.0,0.0,0.0,1979.0,0.07832423098085452,0.0,0.0,0.07596,0.999423465688964,1.0,319.2432094011118,300.0,314.56439629000073,300.0,0.4855346912527664,0.0
1476,1677844860000.0,0.0,0.0,1979.0,0.07832423098085452,0.0,0.0,0.07596,0.999423465688964,1.0,319.2432094011118,300.0,314.56439629000073,300.0,0.4855346912527664,0.0
1477,1677848460000.0,0.0,0.0,1979.0,0.07832423098085452,0.0,0.0,0.07579,0.999423465688964,1.0,319.2432094011118,300.0,314.2279662900007,300.0,0.4855346912527664,0.0
1478,1677852060000.0,0.0,0.0,1979.0,0.07832423098085452,0.0,0.0,0.07619,0.999423465688964,1.0,319.2432094011118,300.0,315.01956629000074,300.0,0.4855346912527664,0.0
1479,1677855660000.0,0.0,0.0,1979.0,0.07832423098085452,0.0,0.0,0.07609,0.999423465688964,1.0,319.2432094011118,300.0,314.82166629000073,300.0,0.4855346912527664,0.0
1480,1677859260000.0,0.0,0.0,1979.0,0.07832423098085452,0.0,0.0,0.07611,0.999423465688964,1.0,319.2432094011118,300.0,314.86124629000074,300.0,0.4855346912527664,0.0
1481,1677862860000.0,0.0,0.0,1979.0,0.07832423098085452,0.0,0.0,0.07628,0.999423465688964,1.0,319.2432094011118,300.0,315.19767629000074,300.0,0.4855346912527664,0.0
1482,1677866460000.0,0.0,0.0,1979.0,0.07832423098085452,0.0,0.0,0.0766,0.999423465688964,1.0,319.2432094011118,300.0,315.8309562900007,300.0,0.4855346912527664,0.0
1483,1677870060000.0,0.0,0.0,1979.0,0.07832423098085452,0.0,0.0,0.07625,0.999423465688964,1.0,319.2432094011118,300.0,315.13830629000074,300.0,0.4855346912527664,0.0
1484,1677873660000.0,0.0,0.0,1979.0,0.07832423098085452,0.0,0.0,0.07654,0.999423465688964,1.0,319.2432094011118,300.0,315.7122162900007,300.0,0.4855346912527664,0.0
1485,1677877260000.0,0.0,0.0,1979.0,0.07832423098085452,0.0,0.0,0.07624,0.999423465688964,1.0,319.2432094011118,300.0,315.11851629000074,300.0,0.4855346912527664,0.0
1486,1677880860000.0,0.0,0.0,1979.0,0.07832423098085452,0.0,0.0,0.07616,0.999423465688964,1.0,319.2432094011118,300.0,314.96019629000074,300.0,0.4855346912527664,0.0
1487,1677884460000.0,0.0,0.0,1979.0,0.07832423098085452,0.0,0.0,0.07655,0.999423465688964,1.0,319.2432094011118,300.0,315.73200629000075,300.0,0.4855346912527664,0.0
1488,1677888060000.0,0.0,0.0,1979.0,0.07832423098085452,0.0,0.0,0.07677,0.999423465688964,1.0,319.2432094011118,300.0,316.1673862900007,300.0,0.4855346912527664,0.0
1489,1677891660000.0,0.0,0.0,1979.0,0.07832423098085452,0.0,0.0,0.07707,0.999423465688964,1.0,319.2432094011118,300.0,316.7610862900007,300.0,0.4855346912527664,0.0
1490,1677895260000.0,0.0,0.0,1979.0,0.07832423098085452,0.0,0.0,0.07683,0.999423465688964,1.0,319.2432094011118,300.0,316.2861262900007,300.0,0.4855346912527664,0.0
1491,1677898860000.0,0.0,0.0,1979.0,0.07832423098085452,0.0,0.0,0.07663,0.999423465688964,1.0,319.2432094011118,300.0,315.89032629000076,300.0,0.4855346912527664,0.0
1492,1677902460000.0,0.0,0.0,1979.0,0.07832423098085452,0.0,0.0,0.07666,0.999423465688964,1.0,319.2432094011118,300.0,315.94969629000076,300.0,0.4855346912527664,0.0
1493,1677906060000.0,0.0,0.0,1979.0,0.07832423098085452,0.0,0.0,0.07649,0.999423465688964,1.0,319.2432094011118,300.0,315.61326629000075,300.0,0.4855346912527664,0.0
1494,1677909660000.0,0.0,0.0,1979.0,0.07832423098085452,0.0,0.0,0.07618,0.999423465688964,1.0,319.2432094011118,300.0,314.99977629000074,300.0,0.4855346912527664,0.0
1495,1677913260000.0,0.0,0.0,1979.0,0.07832423098085452,0.0,0.0,0.07654,0.999423465688964,1.0,319.2432094011118,300.0,315.7122162900007,300.0,0.4855346912527664,0.0
1496,1677916860000.0,0.0,0.0,1979.0,0.07832423098085452,0.0,0.0,0.07639,0.999423465688964,1.0,319.2432094011118,300.0,315.41536629000075,300.0,0.4855346912527664,0.0
1497,1677920460000.0,0.0,0.0,1979.0,0.07832423098085452,0.0,0.0,0.07626,0.999423465688964,1.0,319.2432094011118,300.0,315.1580962900007,300.0,0.4855346912527664,0.0
1498,1677924060000.0,0.0,0.0,1979.0,0.07832423098085452,0.0,0.0,0.0763,0.999423465688964,1.0,319.2432094011118,300.0,315.23725629000074,300.0,0.4855346912527664,0.0
1499,1677927660000.0,0.0,0.0,1979.0,0.07832423098085452,0.0,0.0,0.07618,0.999423465688964,1.0,319.2432094011118,300.0,314.99977629000074,300.0,0.4855346912527664,0.0
1500,1677931260000.0,0.0,0.0,1979.0,0.07832423098085452,0.0,0.0,0.07632,0.999423465688964,1.0,319.2432094011118,300.0,315.27683629000074,300.0,0.4855346912527664,0.0
1501,1677934860000.0,0.0,0.0,1979.0,0.07832423098085452,0.0,0.0,0.07633,0.999423465688964,1.0,319.2432094011118,300.0,315.2966262900007,300.0,0.4855346912527664,0.0
1502,1677938460000.0,0.0,0.0,1979.0,0.07832423098085452,0.0,0.0,0.07614,0.999423465688964,1.0,319.2432094011118,300.0,314.92061629000074,300.0,0.4855346912527664,0.0
1503,1677942060000.0,0.0,0.0,1979.0,0.07832423098085452,0.0,0.0,0.07597,0.999423465688964,1.0,319.2432094011118,300.0,314.58418629000073,300.0,0.4855346912527664,0.0
1504,1677945660000.0,0.0,0.0,1979.0,0.07832423098085452,0.0,0.0,0.07575,0.999423465688964,1.0,319.2432094011118,300.0,314.1488062900007,300.0,0.4855346912527664,0.0
1505,1677949260000.0,0.0,0.0,1979.0,0.07832423098085452,0.0,0.0,0.07594,0.999423465688964,1.0,319.2432094011118,300.0,314.52481629000073,300.0,0.4855346912527664,0.0
1506,1677952860000.0,0.0,0.0,1979.0,0.07832423098085452,0.0,0.0,0.07569,0.999423465688964,1.0,319.2432094011118,300.0,314.0300662900007,300.0,0.4855346912527664,0.0
1507,1677956460000.0,0.0,0.0,1979.0,0.07832423098085452,0.0,0.0,0.07541,0.999423465688964,1.0,319.2432094011118,300.0,313.4759462900007,300.0,0.4855346912527664,0.0
1508,1677960060000.0,0.0,0.0,1979.0,0.07832423098085452,0.0,0.0,0.07481,0.999423465688964,1.0,319.2432094011118,300.0,312.28854629000074,300.0,0.4855346912527664,0.0
1509,1677963660000.0,4.225269485102746e-05,0.0,4234.0,0.0754033663465071,0.0,0.0,0.07402,0.999423465688964,1.0,319.0789552011118,300.0,313.2217820900007,300.0,1.000560669724791,0.0
1510,1677967260000.0,4.225269485102746e-05,0.0,4234.0,0.0754033663465071,0.0,0.0,0.07326,0.999420878634169,1.0,319.0789552011118,300.0,310.00394209000075,300.0,1.000560669724791,0.0
1511,1677970860000.0,4.225269485102746e-05,0.0,4234.0,0.0754033663465071,0.0,0.0,0.07386,0.9994185675677579,1.0,319.0789552011118,300.0,312.5443420900007,300.0,1.000560669724791,0.0
1512,1677974460000.0,4.225269485102746e-05,0.0,4234.0,0.0754033663465071,0.0,0.0,0.07468,0.9994185675677579,1.0,319.0789552011118,300.0,316.0162220900007,300.0,1.000560669724791,0.0
1513,1677978060000.0,4.225269485102746e-05,0.0,4234.0,0.0754033663465071,0.0,0.0,0.07481,0.9994185675677579,1.0,319.0789552011118,300.0,316.56664209000076,300.0,1.000560669724791,0.0
1514,1677981660000.0,0.0,0.0,2826.0,0.0754033663465071,0.0,0.0,0.07582,0.9994185675677579,1.0,319.8123070852298,300.0,320.98971379000074,300.0,0.6662967890051859,0.0
1515,1677985260000.0,0.0,0.0,2826.0,0.0754033663465071,0.0,0.0,0.07518,0.9994185675677579,1.0,319.8123070852298,300.0,319.1810737900007,300.0,0.6662967890051859,0.0
1516,1677988860000.0,0.0,0.0,2826.0,0.0754033663465071,0.0,0.0,0.07545,0.9994185675677579,1.0,319.8123070852298,300.0,319.94409379000075,300.0,0.6662967890051859,0.0
1517,1677992460000.0,0.0,0.0,2826.0,0.0754033663465071,0.0,0.0,0.07581,0.9994185675677579,1.0,319.8123070852298,300.0,320.96145379000075,300.0,0.6662967890051859,0.0
1518,1677996060000.0,0.0,0.0,2826.0,0.0754033663465071,0.0,0.0,0.07554,0.9994185675677579,1.0,319.8123070852298,300.0,320.1984337900007,300.0,0.6662967890051859,0.0
1519,1677999660000.0,0.0,0.0,2826.0,0.0754033663465071,0.0,0.0,0.07531,0.9994185675677579,1.0,319.8123070852298,300.0,319.54845379000074,300.0,0.6662967890051859,0.0
1520,1678003260000.0,0.0,0.0,2826.0,0.0754033663465071,0.0,0.0,0.0754,0.9994185675677579,1.0,319.8123070852298,300.0,319.80279379000075,300.0,0.6662967890051859,0.0
1521,1678006860000.0,0.0,0.0,2826.0,0.0754033663465071,0.0,0.0,0.07517,0.9994185675677579,1.0,319.8123070852298,300.0,319.1528137900007,300.0,0.6662967890051859,0.0
1522,1678010460000.0,0.0,0.0,2826.0,0.0754033663465071,0.0,0.0,0.07554,0.9994185675677579,1.0,319.8123070852298,300.0,320.1984337900007,300.0,0.6662967890051859,0.0
1523,1678014060000.0,0.0,0.0,2826.0,0.0754033663465071,0.0,0.0,0.07549,0.9994185675677579,1.0,319.8123070852298,300.0,320.05713379000076,300.0,0.6662967890051859,0.0
1524,1678017660000.0,0.0,0.0,2826.0,0.0754033663465071,0.0,0.0,0.07552,0.9994185675677579,1.0,319.8123070852298,300.0,320.14191379000073,300.0,0.6662967890051859,0.0
1525,1678021260000.0,0.0,0.0,2826.0,0.0754033663465071,0.0,0.0,0.07541,0.9994185675677579,1.0,319.8123070852298,300.0,319.83105379000074,300.0,0.6662967890051859,0.0
1526,1678024860000.0,0.0,0.0,2826.0,0.0754033663465071,0.0,0.0,0.07546,0.9994185675677579,1.0,319.8123070852298,300.0,319.97235379000074,300.0,0.6662967890051859,0.0
1527,1678028460000.0,0.0,0.0,2826.0,0.0754033663465071,0.0,0.0,0.07542,0.9994185675677579,1.0,319.8123070852298,300.0,319.8593137900007,300.0,0.6662967890051859,0.0
1528,1678032060000.0,0.0,0.0,2826.0,0.0754033663465071,0.0,0.0,0.07533,0.9994185675677579,1.0,319.8123070852298,300.0,319.6049737900007,300.0,0.6662967890051859,0.0
1529,1678035660000.0,0.0,0.0,2826.0,0.0754033663465071,0.0,0.0,0.07541,0.9994185675677579,1.0,319.8123070852298,300.0,319.83105379000074,300.0,0.6662967890051859,0.0
1530,1678039260000.0,0.0,0.0,2826.0,0.0754033663465071,0.0,0.0,0.07508,0.9994185675677579,1.0,319.8123070852298,300.0,318.8984737900007,300.0,0.6662967890051859,0.0
1531,1678042860000.0,0.0,0.0,2826.0,0.0754033663465071,0.0,0.0,0.07519,0.9994185675677579,1.0,319.8123070852298,300.0,319.20933379000076,300.0,0.6662967890051859,0.0
1532,1678046460000.0,0.0,0.0,2826.0,0.0754033663465071,0.0,0.0,0.07513,0.9994185675677579,1.0,319.8123070852298,300.0,319.03977379000077,300.0,0.6662967890051859,0.0
1533,1678050060000.0,0.0,0.0,2826.0,0.0754033663465071,0.0,0.0,0.07549,0.9994185675677579,1.0,319.8123070852298,300.0,320.05713379000076,300.0,0.6662967890051859,0.0
1534,1678053660000.0,0.0,0.0,2826.0,0.0754033663465071,0.0,0.0,0.07523,0.9994185675677579,1.0,319.8123070852298,300.0,319.32237379000077,300.0,0.6662967890051859,0.0
1535,1678057260000.0,0.0,0.0,2826.0,0.0754033663465071,0.0,0.0,0.07474,0.9994185675677579,1.0,319.8123070852298,300.0,317.93763379000075,300.0,0.6662967890051859,0.0
1536,1678060860000.0,0.0,0.0,2826.0,0.0754033663465071,0.0,0.0,0.07475,0.9994185675677579,1.0,319.8123070852298,300.0,317.96589379000073,300.0,0.6662967890051859,0.0
1537,1678064460000.0,0.0,0.0,2826.0,0.0754033663465071,0.0,0.0,0.07467,0.9994185675677579,1.0,319.8123070852298,300.0,317.73981379000077,300.0,0.6662967890051859,0.0
1538,1678068060000.0,0.0,0.0,2826.0,0.0754033663465071,0.0,0.0,0.07362,0.9994185675677579,1.0,319.8123070852298,300.0,314.77251379000074,300.0,0.6662967890051859,0.0
1539,1678071660000.0,0.0,0.0,2826.0,0.0754033663465071,0.0,0.0,0.07397,0.9994185675677579,1.0,319.8123070852298,300.0,315.7616137900007,300.0,0.6662967890051859,0.0
1540,1678075260000.0,0.0,0.0,2826.0,0.0754033663465071,0.0,0.0,0.07405,0.9994185675677579,1.0,319.8123070852298,300.0,315.9876937900008,300.0,0.6662967890051859,0.0
1541,1678078860000.0,0.0,0.0,2826.0,0.0754033663465071,0.0,0.0,0.07378,0.9994185675677579,1.0,319.8123070852298,300.0,315.22467379000074,300.0,0.6662967890051859,0.0
1542,1678082460000.0,0.0,0.0,2826.0,0.0754033663465071,0.0,0.0,0.07388,0.9994185675677579,1.0,319.8123070852298,300.0,315.50727379000074,300.0,0.6662967890051859,0.0
1543,1678086060000.0,0.0,0.0,2826.0,0.0754033663465071,0.0,0.0,0.07404,0.9994185675677579,1.0,319.8123070852298,300.0,315.95943379000073,300.0,0.6662967890051859,0.0
1544,1678089660000.0,0.0,0.0,2826.0,0.0754033663465071,0.0,0.0,0.07391,0.9994185675677579,1.0,319.8123070852298,300.0,315.59205379000076,300.0,0.6662967890051859,0.0
1545,1678093260000.0,0.0,0.0,2826.0,0.0754033663465071,0.0,0.0,0.07388,0.9994185675677579,1.0,319.8123070852298,300.0,315.50727379000074,300.0,0.6662967890051859,0.0
1546,1678096860000.0,0.0,0.0,2826.0,0.0754033663465071,0.0,0.0,0.07395,0.9994185675677579,1.0,319.8123070852298,300.0,315.7050937900007,300.0,0.6662967890051859,0.0
1547,1678100460000.0,0.0,0.0,2826.0,0.0754033663465071,0.0,0.0,0.074,0.9994185675677579,1.0,319.8123070852298,300.0,315.8463937900007,300.0,0.6662967890051859,0.0
1548,1678104060000.0,0.0,0.0,2826.0,0.0754033663465071,0.0,0.0,0.07366,0.9994185675677579,1.0,319.8123070852298,300.0,314.88555379000076,300.0,0.6662967890051859,0.0
1549,1678107660000.0,0.0,0.0,2826.0,0.0754033663465071,0.0,0.0,0.07386,0.9994185675677579,1.0,319.8123070852298,300.0,315.4507537900007,300.0,0.6662967890051859,0.0
1550,1678111260000.0,0.0,0.0,2826.0,0.0754033663465071,0.0,0.0,0.07424,0.9994185675677579,1.0,319.8123070852298,300.0,316.52463379000073,300.0,0.6662967890051859,0.0
1551,1678114860000.0,0.0,0.0,2826.0,0.0754033663465071,0.0,0.0,0.07432,0.9994185675677579,1.0,319.8123070852298,300.0,316.75071379000076,300.0,0.6662967890051859,0.0
1552,1678118460000.0,0.0,0.0,2826.0,0.0754033663465071,0.0,0.0,0.07494,0.9994185675677579,1.0,319.8123070852298,300.0,318.50283379000075,300.0,0.6662967890051859,0.0
1553,1678122060000.0,0.0,0.0,2826.0,0.0754033663465071,0.0,0.0,0.07466,0.9994185675677579,1.0,319.8123070852298,300.0,317.7115537900008,300.0,0.6662967890051859,0.0
1554,1678125660000.0,0.0,0.0,2826.0,0.0754033663465071,0.0,0.0,0.07468,0.9994185675677579,1.0,319.8123070852298,300.0,317.76807379000076,300.0,0.6662967890051859,0.0
1555,1678129260000.0,0.0,0.0,2826.0,0.0754033663465071,0.0,0.0,0.07498,0.9994185675677579,1.0,319.8123070852298,300.0,318.61587379000076,300.0,0.6662967890051859,0.0
1556,1678132860000.0,0.0,0.0,2826.0,0.0754033663465071,0.0,0.0,0.07465,0.9994185675677579,1.0,319.8123070852298,300.0,317.68329379000073,300.0,0.6662967890051859,0.0
1557,1678136460000.0,0.0,0.0,2826.0,0.0754033663465071,0.0,0.0,0.07432,0.9994185675677579,1.0,319.8123070852298,300.0,316.75071379000076,300.0,0.6662967890051859,0.0
1558,1678140060000.0,0.0,0.0,2826.0,0.0754033663465071,0.0,0.0,0.07461,0.9994185675677579,1.0,319.8123070852298,300.0,317.5702537900007,300.0,0.6662967890051859,0.0
1559,1678143660000.0,0.0,0.0,2826.0,0.0754033663465071,0.0,0.0,0.07471,0.9994185675677579,1.0,319.8123070852298,300.0,317.8528537900007,300.0,0.6662967890051859,0.0
1560,1678147260000.0,0.0,0.0,2826.0,0.0754033663465071,0.0,0.0,0.07482,0.9994185675677579,1.0,319.8123070852298,300.0,318.1637137900007,300.0,0.6662967890051859,0.0
1561,1678150860000.0,0.0,0.0,2826.0,0.0754033663465071,0.0,0.0,0.07536,0.9994185675677579,1.0,319.8123070852298,300.0,319.68975379000074,300.0,0.6662967890051859,0.0
1562,1678154460000.0,0.0,0.0,2826.0,0.0754033663465071,0.0,0.0,0.07565,0.9994185675677579,1.0,319.8123070852298,300.0,320.5092937900007,300.0,0.6662967890051859,0.0
1563,1678158060000.0,0.0,0.0,2826.0,0.0754033663465071,0.0,0.0,0.07568,0.9994185675677579,1.0,319.8123070852298,300.0,320.5940737900007,300.0,0.6662967890051859,0.0
1564,1678161660000.0,0.0,0.0,2826.0,0.0754033663465071,0.0,0.0,0.0755,0.9994185675677579,1.0,319.8123070852298,300.0,320.08539379000075,300.0,0.6662967890051859,0.0
1565,1678165260000.0,0.0,0.0,2826.0,0.0754033663465071,0.0,0.0,0.07559,0.9994185675677579,1.0,319.8123070852298,300.0,320.33973379000076,300.0,0.6662967890051859,0.0
1566,1678168860000.0,0.0,0.0,2826.0,0.0754033663465071,0.0,0.0,0.07556,0.9994185675677579,1.0,319.8123070852298,300.0,320.25495379000074,300.0,0.6662967890051859,0.0
1567,1678172460000.0,0.0,0.0,2826.0,0.0754033663465071,0.0,0.0,0.07511,0.9994185675677579,1.0,319.8123070852298,300.0,318.98325379000073,300.0,0.6662967890051859,0.0
1568,1678176060000.0,0.0,0.0,2826.0,0.0754033663465071,0.0,0.0,0.0749,0.9994185675677579,1.0,319.8123070852298,300.0,318.38979379000074,300.0,0.6662967890051859,0.0
1569,1678179660000.0,0.0,0.0,2826.0,0.0754033663465071,0.0,0.0,0.07483,0.9994185675677579,1.0,319.8123070852298,300.0,318.1919737900007,300.0,0.6662967890051859,0.0
1570,1678183260000.0,0.0,0.0,2826.0,0.0754033663465071,0.0,0.0,0.07424,0.9994185675677579,1.0,319.8123070852298,300.0,316.52463379000073,300.0,0.6662967890051859,0.0
1571,1678186860000.0,0.0,0.0,2826.0,0.0754033663465071,0.0,0.0,0.07409,0.9994185675677579,1.0,319.8123070852298,300.0,316.10073379000073,300.0,0.6662967890051859,0.0
1572,1678190460000.0,0.0,0.0,2826.0,0.0754033663465071,0.0,0.0,0.07385,0.9994185675677579,1.0,319.8123070852298,300.0,315.4224937900007,300.0,0.6662967890051859,0.0
1573,1678194060000.0,0.0,0.0,2826.0,0.0754033663465071,0.0,0.0,0.07414,0.9994185675677579,1.0,319.8123070852298,300.0,316.24203379000073,300.0,0.6662967890051859,0.0
1574,1678197660000.0,0.0,0.0,2826.0,0.0754033663465071,0.0,0.0,0.07366,0.9994185675677579,1.0,319.8123070852298,300.0,314.88555379000076,300.0,0.6662967890051859,0.0
1575,1678201260000.0,0.0,0.0,2826.0,0.0754033663465071,0.0,0.0,0.07339,0.9994185675677579,1.0,319.8123070852298,300.0,314.1225337900007,300.0,0.6662967890051859,0.0
1576,1678204860000.0,0.0,0.0,2826.0,0.0754033663465071,0.0,0.0,0.07387,0.9994185675677579,1.0,319.8123070852298,300.0,315.47901379000075,300.0,0.6662967890051859,0.0
1577,1678208460000.0,0.0,0.0,2826.0,0.0754033663465071,0.0,0.0,0.07341,0.9994185675677579,1.0,319.8123070852298,300.0,314.17905379000075,300.0,0.6662967890051859,0.0
1578,1678212060000.0,0.0,0.0,2826.0,0.0754033663465071,0.0,0.0,0.0741,0.9994185675677579,1.0,319.8123070852298,300.0,316.1289937900007,300.0,0.6662967890051859,0.0
1579,1678215660000.0,0.0,0.0,2826.0,0.0754033663465071,0.0,0.0,0.07361,0.9994185675677579,1.0,319.8123070852298,300.0,314.7442537900007,300.0,0.6662967890051859,0.0
1580,1678219260000.0,0.0,0.0,2826.0,0.0754033663465071,0.0,0.0,0.07363,0.9994185675677579,1.0,319.8123070852298,300.0,314.80077379000073,300.0,0.6662967890051859,0.0
1581,1678222860000.0,0.0,0.0,2826.0,0.0754033663465071,0.0,0.0,0.07346,0.9994185675677579,1.0,319.8123070852298,300.0,314.32035379000075,300.0,0.6662967890051859,0.0
1582,1678226460000.0,0.0,0.0,2826.0,0.0754033663465071,0.0,0.0,0.07349,0.9994185675677579,1.0,319.8123070852298,300.0,314.4051337900007,300.0,0.6662967890051859,0.0
1583,1678230060000.0,0.0,0.0,2826.0,0.0754033663465071,0.0,0.0,0.07329,0.9994185675677579,1.0,319.8123070852298,300.0,313.8399337900007,300.0,0.6662967890051859,0.0
1584,1678233660000.0,0.0,0.0,2826.0,0.0754033663465071,0.0,0.0,0.07415,0.9994185675677579,1.0,319.8123070852298,300.0,316.2702937900007,300.0,0.6662967890051859,0.0
1585,1678237260000.0,0.0,0.0,2826.0,0.0754033663465071,0.0,0.0,0.07415,0.9994185675677579,1.0,319.8123070852298,300.0,316.2702937900007,300.0,0.6662967890051859,0.0
1586,1678240860000.0,0.0,0.0,2826.0,0.0754033663465071,0.0,0.0,0.07379,0.9994185675677579,1.0,319.8123070852298,300.0,315.2529337900007,300.0,0.6662967890051859,0.0
1587,1678244460000.0,0.0,0.0,2826.0,0.0754033663465071,0.0,0.0,0.07377,0.9994185675677579,1.0,319.8123070852298,300.0,315.19641379000075,300.0,0.6662967890051859,0.0
1588,1678248060000.0,0.0,0.0,2826.0,0.0754033663465071,0.0,0.0,0.0737,0.9994185675677579,1.0,319.8123070852298,300.0,314.99859379000077,300.0,0.6662967890051859,0.0
1589,1678251660000.0,0.0,0.0,2826.0,0.0754033663465071,0.0,0.0,0.07373,0.9994185675677579,1.0,319.8123070852298,300.0,315.08337379000073,300.0,0.6662967890051859,0.0
1590,1678255260000.0,0.0,0.0,2826.0,0.0754033663465071,0.0,0.0,0.07262,0.9994185675677579,1.0,319.8123070852298,300.0,311.9465137900007,300.0,0.6662967890051859,0.0
1591,1678258860000.0,0.0,0.0,2826.0,0.0754033663465071,0.0,0.0,0.07305,0.9994185675677579,1.0,319.8123070852298,300.0,313.16169379000075,300.0,0.6662967890051859,0.0
1592,1678262460000.0,0.0,0.0,2826.0,0.0754033663465071,0.0,0.0,0.07274,0.9994185675677579,1.0,319.8123070852298,300.0,312.28563379000076,300.0,0.6662967890051859,0.0
1593,1678266060000.0,0.0,0.0,2826.0,0.0754033663465071,0.0,0.0,0.07308,0.9994185675677579,1.0,319.8123070852298,300.0,313.2464737900008,300.0,0.6662967890051859,0.0
1594,1678269660000.0,0.0,0.0,2826.0,0.0754033663465071,0.0,0.0,0.07306,0.9994185675677579,1.0,319.8123070852298,300.0,313.18995379000074,300.0,0.6662967890051859,0.0
1595,1678273260000.0,0.0,0.0,2826.0,0.0754033663465071,0.0,0.0,0.07353,0.9994185675677579,1.0,319.8123070852298,300.0,314.51817379000073,300.0,0.6662967890051859,0.0
1596,1678276860000.0,0.0,0.0,2826.0,0.0754033663465071,0.0,0.0,0.07359,0.9994185675677579,1.0,319.8123070852298,300.0,314.6877337900007,300.0,0.6662967890051859,0.0
1597,1678280460000.0,0.0,0.0,2826.0,0.0754033663465071,0.0,0.0,0.07334,0.9994185675677579,1.0,319.8123070852298,300.0,313.9812337900008,300.0,0.6662967890051859,0.0
1598,1678284060000.0,0.0,0.0,2826.0,0.0754033663465071,0.0,0.0,0.07269,0.9994185675677579,1.0,319.8123070852298,300.0,312.14433379000076,300.0,0.6662967890051859,0.0
1599,1678287660000.0,0.0,0.0,2826.0,0.0754033663465071,0.0,0.0,0.07247,0.9994185675677579,1.0,319.8123070852298,300.0,311.5226137900008,300.0,0.6662967890051859,0.0
1600,1678291260000.0,0.0,0.0,2826.0,0.0754033663465071,0.0,0.0,0.07362,0.9994185675677579,1.0,319.8123070852298,300.0,314.77251379000074,300.0,0.6662967890051859,0.0
1601,1678294860000.0,0.0,0.0,2826.0,0.0754033663465071,0.0,0.0,0.07343,0.9994185675677579,1.0,319.8123070852298,300.0,314.23557379000073,300.0,0.6662967890051859,0.0
1602,1678298460000.0,0.0,0.0,2826.0,0.0754033663465071,0.0,0.0,0.07292,0.9994185675677579,1.0,319.8123070852298,300.0,312.79431379000073,300.0,0.6662967890051859,0.0
1603,1678302060000.0,0.0,0.0,2826.0,0.0754033663465071,0.0,0.0,0.07229,0.9994185675677579,1.0,319.8123070852298,300.0,311.0139337900007,300.0,0.6662967890051859,0.0
1604,1678305660000.0,0.0,0.0,2826.0,0.0754033663465071,0.0,0.0,0.0723,0.9994185675677579,1.0,319.8123070852298,300.0,311.04219379000074,300.0,0.6662967890051859,0.0
1605,1678309260000.0,0.0,0.0,2826.0,0.0754033663465071,0.0,0.0,0.07286,0.9994185675677579,1.0,319.8123070852298,300.0,312.62475379000074,300.0,0.6662967890051859,0.0
1606,1678312860000.0,0.0,0.0,2826.0,0.0754033663465071,0.0,0.0,0.07193,0.9994185675677579,1.0,319.8123070852298,300.0,309.9965737900007,300.0,0.6662967890051859,0.0
1607,1678316460000.0,0.0,0.0,2826.0,0.0754033663465071,0.0,0.0,0.07107,0.9994185675677579,1.0,319.8123070852298,300.0,307.56621379000075,300.0,0.6662967890051859,0.0
1608,1678320060000.0,0.0,0.0,2826.0,0.0754033663465071,0.0,0.0,0.07108,0.9994185675677579,1.0,319.8123070852298,300.0,307.59447379000073,300.0,0.6662967890051859,0.0
1609,1678323660000.0,0.0,0.0,2826.0,0.0754033663465071,0.0,0.0,0.07134,0.9994185675677579,1.0,319.8123070852298,300.0,308.3292337900007,300.0,0.6662967890051859,0.0
1610,1678327260000.0,0.0,0.0,2826.0,0.0754033663465071,0.0,0.0,0.07159,0.9994185675677579,1.0,319.8123070852298,300.0,309.03573379000073,300.0,0.6662967890051859,0.0
1611,1678330860000.0,0.0,0.0,2826.0,0.0754033663465071,0.0,0.0,0.07206,0.9994185675677579,1.0,319.8123070852298,300.0,310.3639537900007,300.0,0.6662967890051859,0.0
1612,1678334460000.0,0.0,0.0,2826.0,0.0754033663465071,0.0,0.0,0.07198,0.9994185675677579,1.0,319.8123070852298,300.0,310.13787379000075,300.0,0.6662967890051859,0.0
1613,1678338060000.0,0.0,0.0,2826.0,0.0754033663465071,0.0,0.0,0.07192,0.9994185675677579,1.0,319.8123070852298,300.0,309.9683137900007,300.0,0.6662967890051859,0.0
1614,1678341660000.0,0.0,0.0,2826.0,0.0754033663465071,0.0,0.0,0.07193,0.9994185675677579,1.0,319.8123070852298,300.0,309.9965737900007,300.0,0.6662967890051859,0.0
1615,1678345260000.0,0.0,0.0,2826.0,0.0754033663465071,0.0,0.0,0.07206,0.9994185675677579,1.0,319.8123070852298,300.0,310.3639537900007,300.0,0.6662967890051859,0.0
1616,1678348860000.0,0.0,0.0,2826.0,0.0754033663465071,0.0,0.0,0.07151,0.9994185675677579,1.0,319.8123070852298,300.0,308.80965379000077,300.0,0.6662967890051859,0.0
1617,1678352460000.0,0.0,0.0,2826.0,0.0754033663465071,0.0,0.0,0.07163,0.9994185675677579,1.0,319.8123070852298,300.0,309.14877379000075,300.0,0.6662967890051859,0.0
1618,1678356060000.0,0.0,0.0,2826.0,0.0754033663465071,0.0,0.0,0.0714,0.9994185675677579,1.0,319.8123070852298,300.0,308.4987937900008,300.0,0.6662967890051859,0.0
1619,1678359660000.0,0.0,0.0,2826.0,0.0754033663465071,0.0,0.0,0.07151,0.9994185675677579,1.0,319.8123070852298,300.0,308.80965379000077,300.0,0.6662967890051859,0.0
1620,1678363260000.0,0.0,0.0,2826.0,0.0754033663465071,0.0,0.0,0.0718,0.9994185675677579,1.0,319.8123070852298,300.0,309.6291937900007,300.0,0.6662967890051859,0.0
1621,1678366860000.0,0.0,0.0,2826.0,0.0754033663465071,0.0,0.0,0.07149,0.9994185675677579,1.0,319.8123070852298,300.0,308.75313379000073,300.0,0.6662967890051859,0.0
1622,1678370460000.0,0.0,0.0,2826.0,0.0754033663465071,0.0,0.0,0.07193,0.9994185675677579,1.0,319.8123070852298,300.0,309.9965737900007,300.0,0.6662967890051859,0.0
1623,1678374060000.0,0.0,0.0,2826.0,0.0754033663465071,0.0,0.0,0.07202,0.9994185675677579,1.0,319.8123070852298,300.0,310.25091379000077,300.0,0.6662967890051859,0.0
1624,1678377660000.0,0.0,0.0,2826.0,0.0754033663465071,0.0,0.0,0.07185,0.9994185675677579,1.0,319.8123070852298,300.0,309.7704937900007,300.0,0.6662967890051859,0.0
1625,1678381260000.0,0.0,0.0,2826.0,0.0754033663465071,0.0,0.0,0.07122,0.9994185675677579,1.0,319.8123070852298,300.0,307.99011379000075,300.0,0.6662967890051859,0.0
1626,1678384860000.0,0.0,0.0,2826.0,0.0754033663465071,0.0,0.0,0.07137,0.9994185675677579,1.0,319.8123070852298,300.0,308.41401379000075,300.0,0.6662967890051859,0.0
1627,1678388460000.0,0.0,0.0,2826.0,0.0754033663465071,0.0,0.0,0.06989,0.9994185675677579,1.0,319.8123070852298,300.0,304.2315337900007,300.0,0.6662967890051859,0.0
1628,1678392060000.0,2.719268632811472e-05,0.0,4374.0,0.07311945891523297,0.0,0.0,0.06842,0.9994185675677579,1.0,319.7055724852298,300.0,299.1501391900008,300.0,1.0003720323329826,0.0
1629,1678395660000.0,2.719268632811472e-05,0.0,4374.0,0.07311945891523297,0.0,0.0,0.06515,0.9994185675677579,1.0,319.7055724852298,300.0,284.8471591900008,300.0,1.0003720323329826,0.0
1630,1678399260000.0,2.719268632811472e-05,0.0,4374.0,0.07311945891523297,0.0,0.0,0.06456,0.9994185675677579,1.0,319.7055724852298,300.0,282.26649919000084,300.0,1.0003720323329826,0.0
1631,1678402860000.0,2.719268632811472e-05,0.0,4374.0,0.07311945891523297,0.0,0.0,0.06519,0.9994185675677579,1.0,319.7055724852298,300.0,285.0221191900008,300.0,1.0003720323329826,0.0
1632,1678406460000.0,2.719268632811472e-05,0.0,4374.0,0.07311945891523297,0.0,0.0,0.06606,0.9994185675677579,1.0,319.7055724852298,300.0,288.82749919000076,300.0,1.0003720323329826,0.0
1633,1678410060000.0,2.719268632811472e-05,0.0,4374.0,0.07311945891523297,0.0,0.0,0.06514,0.9994185675677579,1.0,319.7055724852298,300.0,284.8034191900008,300.0,1.0003720323329826,0.0
1634,1678413660000.0,2.719268632811472e-05,0.0,4374.0,0.07311945891523297,0.0,0.0,0.0658,0.9994185675677579,1.0,319.7055724852298,300.0,287.6902591900008,300.0,1.0003720323329826,0.0
1635,1678417260000.0,2.719268632811472e-05,0.0,4374.0,0.07311945891523297,0.0,0.0,0.06573,0.9994185675677579,1.0,319.7055724852298,300.0,287.38407919000076,300.0,1.0003720323329826,0.0
1636,1678420860000.0,2.719268632811472e-05,0.0,4374.0,0.07311945891523297,0.0,0.0,0.06577,0.9994185675677579,1.0,319.7055724852298,300.0,287.5590391900008,300.0,1.0003720323329826,0.0
1637,1678424460000.0,2.719268632811472e-05,0.0,4374.0,0.07311945891523297,0.0,0.0,0.06578,0.9994185675677579,1.0,319.7055724852298,300.0,287.60277919000083,300.0,1.0003720323329826,0.0
1638,1678428060000.0,2.719268632811472e-05,0.0,4374.0,0.07311945891523297,0.0,0.0,0.06611,0.9994185675677579,1.0,319.7055724852298,300.0,289.04619919000083,300.0,1.0003720323329826,0.0
1639,1678431660000.0,2.719268632811472e-05,0.0,4374.0,0.07311945891523297,0.0,0.0,0.0653,0.9994185675677579,1.0,319.7055724852298,300.0,285.5032591900008,300.0,1.0003720323329826,0.0
1640,1678435260000.0,2.719268632811472e-05,0.0,4374.0,0.07311945891523297,0.0,0.0,0.06559,0.9994185675677579,1.0,319.7055724852298,300.0,286.7717191900008,300.0,1.0003720323329826,0.0
1641,1678438860000.0,2.719268632811472e-05,0.0,4374.0,0.07311945891523297,0.0,0.0,0.06527,0.9994185675677579,1.0,319.7055724852298,300.0,285.3720391900008,300.0,1.0003720323329826,0.0
1642,1678442460000.0,2.719268632811472e-05,0.0,4374.0,0.07311945891523297,0.0,0.0,0.06419,0.9994185675677579,1.0,319.7055724852298,300.0,280.6481191900008,300.0,1.0003720323329826,0.0
1643,1678446060000.0,2.719268632811472e-05,0.0,4374.0,0.07311945891523297,0.0,0.0,0.06363,0.9994185675677579,1.0,319.7055724852298,300.0,278.1986791900008,300.0,1.0003720323329826,0.0
1644,1678449660000.0,2.719268632811472e-05,0.0,4374.0,0.07311945891523297,0.0,0.0,0.0641,0.9994185675677579,1.0,319.7055724852298,300.0,280.25445919000083,300.0,1.0003720323329826,0.0
1645,1678453260000.0,2.719268632811472e-05,0.0,4374.0,0.07311945891523297,0.0,0.0,0.06437,0.9994185675677579,1.0,319.7055724852298,300.0,281.4354391900008,300.0,1.0003720323329826,0.0
1646,1678456860000.0,2.719268632811472e-05,0.0,4374.0,0.07311945891523297,0.0,0.0,0.06553,0.9994185675677579,1.0,319.7055724852298,300.0,286.5092791900008,300.0,1.0003720323329826,0.0
1647,1678460460000.0,2.719268632811472e-05,0.0,4374.0,0.07311945891523297,0.0,0.0,0.06481,0.9994185675677579,1.0,319.7055724852298,300.0,283.35999919000085,300.0,1.0003720323329826,0.0
1648,1678464060000.0,2.719268632811472e-05,0.0,4374.0,0.07311945891523297,0.0,0.0,0.06503,0.9994185675677579,1.0,319.7055724852298,300.0,284.3222791900008,300.0,1.0003720323329826,0.0
1649,1678467660000.0,2.719268632811472e-05,0.0,4374.0,0.07311945891523297,0.0,0.0,0.06501,0.9994185675677579,1.0,319.7055724852298,300.0,284.2347991900008,300.0,1.0003720323329826,0.0
1650,1678471260000.0,2.719268632811472e-05,0.0,4374.0,0.07311945891523297,0.0,0.0,0.06485,0.9994185675677579,1.0,319.7055724852298,300.0,283.53495919000085,300.0,1.0003720323329826,0.0
1651,1678474860000.0,2.719268632811472e-05,0.0,4374.0,0.07311945891523297,0.0,0.0,0.06491,0.9994185675677579,1.0,319.7055724852298,300.0,283.79739919000076,300.0,1.0003720323329826,0.0
1652,1678478460000.0,2.719268632811472e-05,0.0,4374.0,0.07311945891523297,0.0,0.0,0.06554,0.9994185675677579,1.0,319.7055724852298,300.0,286.5530191900008,300.0,1.0003720323329826,0.0
1653,1678482060000.0,2.719268632811472e-05,0.0,4374.0,0.07311945891523297,0.0,0.0,0.06543,0.9994185675677579,1.0,319.7055724852298,300.0,286.0718791900008,300.0,1.0003720323329826,0.0
1654,1678485660000.0,2.719268632811472e-05,0.0,4374.0,0.07311945891523297,0.0,0.0,0.06533,0.9994185675677579,1.0,319.7055724852298,300.0,285.6344791900008,300.0,1.0003720323329826,0.0
1655,1678489260000.0,2.719268632811472e-05,0.0,4374.0,0.07311945891523297,0.0,0.0,0.06567,0.9994185675677579,1.0,319.7055724852298,300.0,287.12163919000085,300.0,1.0003720323329826,0.0
1656,1678492860000.0,2.719268632811472e-05,0.0,4374.0,0.07311945891523297,0.0,0.0,0.06564,0.9994185675677579,1.0,319.7055724852298,300.0,286.9904191900008,300.0,1.0003720323329826,0.0
1657,1678496460000.0,2.719268632811472e-05,0.0,4374.0,0.07311945891523297,0.0,0.0,0.06615,0.9994185675677579,1.0,319.7055724852298,300.0,289.22115919000083,300.0,1.0003720323329826,0.0
1658,1678500060000.0,2.719268632811472e-05,0.0,4374.0,0.07311945891523297,0.0,0.0,0.06773,0.9994185675677579,1.0,319.7055724852298,300.0,296.1320791900008,300.0,1.0003720323329826,0.0
1659,1678503660000.0,2.719268632811472e-05,0.0,4374.0,0.07311945891523297,0.0,0.0,0.0669,0.9994185675677579,1.0,319.7055724852298,300.0,292.5016591900008,300.0,1.0003720323329826,0.0
1660,1678507260000.0,2.719268632811472e-05,0.0,4374.0,0.07311945891523297,0.0,0.0,0.06648,0.9994185675677579,1.0,319.7055724852298,300.0,290.6645791900008,300.0,1.0003720323329826,0.0
1661,1678510860000.0,2.719268632811472e-05,0.0,4374.0,0.07311945891523297,0.0,0.0,0.06613,0.9994185675677579,1.0,319.7055724852298,300.0,289.1336791900008,300.0,1.0003720323329826,0.0
1662,1678514460000.0,2.719268632811472e-05,0.0,4374.0,0.07311945891523297,0.0,0.0,0.06637,0.9994185675677579,1.0,319.7055724852298,300.0,290.1834391900008,300.0,1.0003720323329826,0.0
1663,1678518060000.0,2.719268632811472e-05,0.0,4374.0,0.07311945891523297,0.0,0.0,0.06607,0.9994185675677579,1.0,319.7055724852298,300.0,288.87123919000084,300.0,1.0003720323329826,0.0
1664,1678521660000.0,2.719268632811472e-05,0.0,4374.0,0.07311945891523297,0.0,0.0,0.06419,0.9994185675677579,1.0,319.7055724852298,300.0,280.6481191900008,300.0,1.0003720323329826,0.0
1665,1678525260000.0,2.719268632811472e-05,0.0,4374.0,0.07311945891523297,0.0,0.0,0.06492,0.9994185675677579,1.0,319.7055724852298,300.0,283.84113919000083,300.0,1.0003720323329826,0.0
1666,1678528860000.0,2.719268632811472e-05,0.0,4374.0,0.07311945891523297,0.0,0.0,0.06493,0.9994185675677579,1.0,319.7055724852298,300.0,283.8848791900008,300.0,1.0003720323329826,0.0
1667,1678532460000.0,2.719268632811472e-05,0.0,4374.0,0.07311945891523297,0.0,0.0,0.06441,0.9994185675677579,1.0,319.7055724852298,300.0,281.6103991900008,300.0,1.0003720323329826,0.0
1668,1678536060000.0,2.719268632811472e-05,0.0,4374.0,0.07311945891523297,0.0,0.0,0.06462,0.9994185675677579,1.0,319.7055724852298,300.0,282.5289391900008,300.0,1.0003720323329826,0.0
1669,1678539660000.0,2.719268632811472e-05,0.0,4374.0,0.07311945891523297,0.0,0.0,0.06428,0.9994185675677579,1.0,319.7055724852298,300.0,281.04177919000085,300.0,1.0003720323329826,0.0
1670,1678543260000.0,2.719268632811472e-05,0.0,4374.0,0.07311945891523297,0.0,0.0,0.06453,0.9994185675677579,1.0,319.7055724852298,300.0,282.1352791900008,300.0,1.0003720323329826,0.0
1671,1678546860000.0,2.719268632811472e-05,0.0,4374.0,0.07311945891523297,0.0,0.0,0.06451,0.9994185675677579,1.0,319.7055724852298,300.0,282.0477991900008,300.0,1.0003720323329826,0.0
1672,1678550460000.0,2.719268632811472e-05,0.0,4374.0,0.07311945891523297,0.0,0.0,0.06393,0.9994185675677579,1.0,319.7055724852298,300.0,279.5108791900008,300.0,1.0003720323329826,0.0
1673,1678554060000.0,2.719268632811472e-05,0.0,4374.0,0.07311945891523297,0.0,0.0,0.06434,0.9994185675677579,1.0,319.7055724852298,300.0,281.30421919000077,300.0,1.0003720323329826,0.0
1674,1678557660000.0,2.719268632811472e-05,0.0,4374.0,0.07311945891523297,0.0,0.0,0.06511,0.9994185675677579,1.0,319.7055724852298,300.0,284.6721991900008,300.0,1.0003720323329826,0.0
1675,1678561260000.0,2.719268632811472e-05,0.0,4374.0,0.07311945891523297,0.0,0.0,0.06509,0.9994185675677579,1.0,319.7055724852298,300.0,284.5847191900008,300.0,1.0003720323329826,0.0
1676,1678564860000.0,2.719268632811472e-05,0.0,4374.0,0.07311945891523297,0.0,0.0,0.06533,0.9994185675677579,1.0,319.7055724852298,300.0,285.6344791900008,300.0,1.0003720323329826,0.0
1677,1678568460000.0,2.719268632811472e-05,0.0,4374.0,0.07311945891523297,0.0,0.0,0.0659,0.9994185675677579,1.0,319.7055724852298,300.0,288.1276591900008,300.0,1.0003720323329826,0.0
1678,1678572060000.0,2.719268632811472e-05,0.0,4374.0,0.07311945891523297,0.0,0.0,0.06545,0.9994185675677579,1.0,319.7055724852298,300.0,286.15935919000077,300.0,1.0003720323329826,0.0
1679,1678575660000.0,2.719268632811472e-05,0.0,4374.0,0.07311945891523297,0.0,0.0,0.06559,0.9994185675677579,1.0,319.7055724852298,300.0,286.7717191900008,300.0,1.0003720323329826,0.0
1680,1678579260000.0,2.719268632811472e-05,0.0,4374.0,0.07311945891523297,0.0,0.0,0.06592,0.9994185675677579,1.0,319.7055724852298,300.0,288.21513919000085,300.0,1.0003720323329826,0.0
1681,1678582860000.0,2.719268632811472e-05,0.0,4374.0,0.07311945891523297,0.0,0.0,0.06587,0.9994185675677579,1.0,319.7055724852298,300.0,287.9964391900008,300.0,1.0003720323329826,0.0
1682,1678586460000.0,2.719268632811472e-05,0.0,4374.0,0.07311945891523297,0.0,0.0,0.06578,0.9994185675677579,1.0,319.7055724852298,300.0,287.60277919000083,300.0,1.0003720323329826,0.0
1683,1678590060000.0,2.719268632811472e-05,0.0,4374.0,0.07311945891523297,0.0,0.0,0.066,0.9994185675677579,1.0,319.7055724852298,300.0,288.5650591900008,300.0,1.0003720323329826,0.0
1684,1678593660000.0,2.719268632811472e-05,0.0,4374.0,0.07311945891523297,0.0,0.0,0.06599,0.9994185675677579,1.0,319.7055724852298,300.0,288.5213191900008,300.0,1.0003720323329826,0.0
1685,1678597260000.0,2.719268632811472e-05,0.0,4374.0,0.07311945891523297,0.0,0.0,0.06616,0.9994185675677579,1.0,319.7055724852298,300.0,289.2648991900008,300.0,1.0003720323329826,0.0
1686,1678600860000.0,2.719268632811472e-05,0.0,4374.0,0.07311945891523297,0.0,0.0,0.06593,0.9994185675677579,1.0,319.7055724852298,300.0,288.2588791900008,300.0,1.0003720323329826,0.0
1687,1678604460000.0,2.719268632811472e-05,0.0,4374.0,0.07311945891523297,0.0,0.0,0.06594,0.9994185675677579,1.0,319.7055724852298,300.0,288.3026191900008,300.0,1.0003720323329826,0.0
1688,1678608060000.0,2.719268632811472e-05,0.0,4374.0,0.07311945891523297,0.0,0.0,0.06577,0.9994185675677579,1.0,319.7055724852298,300.0,287.5590391900008,300.0,1.0003720323329826,0.0
1689,1678611660000.0,2.719268632811472e-05,0.0,4374.0,0.07311945891523297,0.0,0.0,0.06601,0.9994185675677579,1.0,319.7055724852298,300.0,288.6087991900008,300.0,1.0003720323329826,0.0
1690,1678615260000.0,2.719268632811472e-05,0.0,4374.0,0.07311945891523297,0.0,0.0,0.06589,0.9994185675677579,1.0,319.7055724852298,300.0,288.0839191900008,300.0,1.0003720323329826,0.0
1691,1678618860000.0,2.719268632811472e-05,0.0,4374.0,0.07311945891523297,0.0,0.0,0.0661,0.9994185675677579,1.0,319.7055724852298,300.0,289.0024591900008,300.0,1.0003720323329826,0.0
1692,1678622460000.0,2.719268632811472e-05,0.0,4374.0,0.07311945891523297,0.0,0.0,0.06595,0.9994185675677579,1.0,319.7055724852298,300.0,288.3463591900008,300.0,1.0003720323329826,0.0
1693,1678626060000.0,2.719268632811472e-05,0.0,4374.0,0.07311945891523297,0.0,0.0,0.06567,0.9994185675677579,1.0,319.7055724852298,300.0,287.12163919000085,300.0,1.0003720323329826,0.0
1694,1678629660000.0,2.719268632811472e-05,0.0,4374.0,0.07311945891523297,0.0,0.0,0.06567,0.9994185675677579,1.0,319.7055724852298,300.0,287.12163919000085,300.0,1.0003720323329826,0.0
1695,1678633260000.0,2.719268632811472e-05,0.0,4374.0,0.07311945891523297,0.0,0.0,0.0654,0.9994185675677579,1.0,319.7055724852298,300.0,285.9406591900008,300.0,1.0003720323329826,0.0
1696,1678636860000.0,2.719268632811472e-05,0.0,4374.0,0.07311945891523297,0.0,0.0,0.06537,0.9994185675677579,1.0,319.7055724852298,300.0,285.8094391900008,300.0,1.0003720323329826,0.0
1697,1678640460000.0,2.719268632811472e-05,0.0,4374.0,0.07311945891523297,0.0,0.0,0.06592,0.9994185675677579,1.0,319.7055724852298,300.0,288.21513919000085,300.0,1.0003720323329826,0.0
1698,1678644060000.0,2.719268632811472e-05,0.0,4374.0,0.07311945891523297,0.0,0.0,0.06707,0.9994185675677579,1.0,319.7055724852298,300.0,293.2452391900008,300.0,1.0003720323329826,0.0
1699,1678647660000.0,2.719268632811472e-05,0.0,4374.0,0.07311945891523297,0.0,0.0,0.06779,0.9994185675677579,1.0,319.7055724852298,300.0,296.39451919000084,300.0,1.0003720323329826,0.0
1700,1678651260000.0,2.719268632811472e-05,0.0,4374.0,0.07311945891523297,0.0,0.0,0.06715,0.9994185675677579,1.0,319.7055724852298,300.0,293.5951591900008,300.0,1.0003720323329826,0.0
1701,1678654860000.0,2.719268632811472e-05,0.0,4374.0,0.07311945891523297,0.0,0.0,0.06888,0.9994185675677579,1.0,319.7055724852298,300.0,301.1621791900008,300.0,1.0003720323329826,0.0
1702,1678658460000.0,2.719268632811472e-05,0.0,4374.0,0.07311945891523297,0.0,0.0,0.06896,0.9994185675677579,1.0,319.7055724852298,300.0,301.51209919000075,300.0,1.0003720323329826,0.0
1703,1678662060000.0,2.719268632811472e-05,0.0,4374.0,0.07311945891523297,0.0,0.0,0.06997,0.9994185675677579,1.0,319.7055724852298,300.0,305.92983919000085,300.0,1.0003720323329826,0.0
1704,1678665660000.0,2.719268632811472e-05,0.0,4374.0,0.07311945891523297,0.0,0.0,0.07057,0.9994185675677579,1.0,319.7055724852298,300.0,308.55423919000077,300.0,1.0003720323329826,0.0
1705,1678669260000.0,2.719268632811472e-05,0.0,4374.0,0.07311945891523297,0.0,0.0,0.07088,0.9994185675677579,1.0,319.7055724852298,300.0,309.9101791900008,300.0,1.0003720323329826,0.0
1706,1678672860000.0,2.719268632811472e-05,0.0,4374.0,0.07311945891523297,0.0,0.0,0.07076,0.9994185675677579,1.0,319.7055724852298,300.0,309.3852991900008,300.0,1.0003720323329826,0.0
1707,1678676460000.0,2.719268632811472e-05,0.0,4374.0,0.07311945891523297,0.0,0.0,0.07014,0.9994185675677579,1.0,319.7055724852298,300.0,306.6734191900008,300.0,1.0003720323329826,0.0
1708,1678680060000.0,2.719268632811472e-05,0.0,4374.0,0.07311945891523297,0.0,0.0,0.07008,0.9994185675677579,1.0,319.7055724852298,300.0,306.41097919000083,300.0,1.0003720323329826,0.0
1709,1678683660000.0,2.719268632811472e-05,0.0,4374.0,0.07311945891523297,0.0,0.0,0.07017,0.9994185675677579,1.0,319.7055724852298,300.0,306.8046391900008,300.0,1.0003720323329826,0.0
1710,1678687260000.0,2.719268632811472e-05,0.0,4374.0,0.07311945891523297,0.0,0.0,0.07043,0.9994185675677579,1.0,319.7055724852298,300.0,307.94187919000086,300.0,1.0003720323329826,0.0
1711,1678690860000.0,2.719268632811472e-05,0.0,4374.0,0.07311945891523297,0.0,0.0,0.0706,0.9994185675677579,1.0,319.7055724852298,300.0,308.6854591900008,300.0,1.0003720323329826,0.0
1712,1678694460000.0,2.719268632811472e-05,0.0,4374.0,0.07311945891523297,0.0,0.0,0.07037,0.9994185675677579,1.0,319.7055724852298,300.0,307.67943919000083,300.0,1.0003720323329826,0.0
1713,1678698060000.0,2.719268632811472e-05,0.0,4374.0,0.07311945891523297,0.0,0.0,0.0697,0.9994185675677579,1.0,319.7055724852298,300.0,304.7488591900008,300.0,1.0003720323329826,0.0
1714,1678701660000.0,2.719268632811472e-05,0.0,4374.0,0.07311945891523297,0.0,0.0,0.06858,0.9994185675677579,1.0,319.7055724852298,300.0,299.8499791900008,300.0,1.0003720323329826,0.0
1715,1678705260000.0,2.719268632811472e-05,0.0,4374.0,0.07311945891523297,0.0,0.0,0.06911,0.9994185675677579,1.0,319.7055724852298,300.0,302.16819919000085,300.0,1.0003720323329826,0.0
1716,1678708860000.0,2.719268632811472e-05,0.0,4374.0,0.07311945891523297,0.0,0.0,0.0688,0.9994185675677579,1.0,319.7055724852298,300.0,300.8122591900008,300.0,1.0003720323329826,0.0
1717,1678712460000.0,2.719268632811472e-05,0.0,4374.0,0.07311945891523297,0.0,0.0,0.06874,0.9994185675677579,1.0,319.7055724852298,300.0,300.5498191900008,300.0,1.0003720323329826,0.0
1718,1678716060000.0,2.719268632811472e-05,0.0,4374.0,0.07311945891523297,0.0,0.0,0.06919,0.9994185675677579,1.0,319.7055724852298,300.0,302.5181191900008,300.0,1.0003720323329826,0.0
1719,1678719660000.0,2.719268632811472e-05,0.0,4374.0,0.07311945891523297,0.0,0.0,0.0722,0.9994185675677579,1.0,319.7055724852298,300.0,315.6838591900008,300.0,1.0003720323329826,0.0
1720,1678723260000.0,2.719268632811472e-05,0.0,4374.0,0.07311945891523297,0.0,0.0,0.07245,0.9994185675677579,1.0,319.7055724852298,300.0,316.7773591900008,300.0,1.0003720323329826,0.0
1721,1678726860000.0,2.719268632811472e-05,0.0,4374.0,0.07311945891523297,0.0,0.0,0.07213,0.9994185675677579,1.0,319.7055724852298,300.0,315.37767919000083,300.0,1.0003720323329826,0.0
1722,1678730460000.0,2.719268632811472e-05,0.0,4374.0,0.07311945891523297,0.0,0.0,0.07237,0.9994185675677579,1.0,319.7055724852298,300.0,316.4274391900008,300.0,1.0003720323329826,0.0
1723,1678734060000.0,2.719268632811472e-05,0.0,4374.0,0.07311945891523297,0.0,0.0,0.07296,0.9994185675677579,1.0,319.7055724852298,300.0,319.0080991900008,300.0,1.0003720323329826,0.0
1724,1678737660000.0,2.719268632811472e-05,0.0,4374.0,0.07311945891523297,0.0,0.0,0.07278,0.9994185675677579,1.0,319.7055724852298,300.0,318.22077919000077,300.0,1.0003720323329826,0.0
1725,1678741260000.0,2.719268632811472e-05,0.0,4374.0,0.07311945891523297,0.0,0.0,0.07253,0.9994185675677579,1.0,319.7055724852298,300.0,317.1272791900008,300.0,1.0003720323329826,0.0
1726,1678744860000.0,2.719268632811472e-05,0.0,4374.0,0.07311945891523297,0.0,0.0,0.07289,0.9994185675677579,1.0,319.7055724852298,300.0,318.7019191900008,300.0,1.0003720323329826,0.0
1727,1678748460000.0,2.719268632811472e-05,0.0,4374.0,0.07311945891523297,0.0,0.0,0.07316,0.9994185675677579,1.0,319.7055724852298,300.0,319.88289919000084,300.0,1.0003720323329826,0.0
1728,1678752060000.0,2.719268632811472e-05,0.0,4374.0,0.07311945891523297,0.0,0.0,0.07271,0.9994185675677579,1.0,319.7055724852298,300.0,317.9145991900008,300.0,1.0003720323329826,0.0
1729,1678755660000.0,2.719268632811472e-05,0.0,4374.0,0.07311945891523297,0.0,0.0,0.07223,0.9994185675677579,1.0,319.7055724852298,300.0,315.8150791900008,300.0,1.0003720323329826,0.0
1730,1678759260000.0,2.719268632811472e-05,0.0,4374.0,0.07311945891523297,0.0,0.0,0.07265,0.9994185675677579,1.0,319.7055724852298,300.0,317.6521591900008,300.0,1.0003720323329826,0.0
1731,1678762860000.0,2.719268632811472e-05,0.0,4374.0,0.07311945891523297,0.0,0.0,0.07229,0.9994185675677579,1.0,319.7055724852298,300.0,316.07751919000077,300.0,1.0003720323329826,0.0
1732,1678766460000.0,2.719268632811472e-05,0.0,4374.0,0.07311945891523297,0.0,0.0,0.07269,0.9994185675677579,1.0,319.7055724852298,300.0,317.8271191900008,300.0,1.0003720323329826,0.0
1733,1678770060000.0,2.719268632811472e-05,0.0,4374.0,0.07311945891523297,0.0,0.0,0.0725,0.9994185675677579,1.0,319.7055724852298,300.0,316.9960591900008,300.0,1.0003720323329826,0.0
1734,1678773660000.0,2.719268632811472e-05,0.0,4374.0,0.07311945891523297,0.0,0.0,0.07243,0.9994185675677579,1.0,319.7055724852298,300.0,316.6898791900008,300.0,1.0003720323329826,0.0
1735,1678777260000.0,2.719268632811472e-05,0.0,4374.0,0.07311945891523297,0.0,0.0,0.07238,0.9994185675677579,1.0,319.7055724852298,300.0,316.4711791900008,300.0,1.0003720323329826,0.0
1736,1678780860000.0,2.719268632811472e-05,0.0,4374.0,0.07311945891523297,0.0,0.0,0.07187,0.9994185675677579,1.0,319.7055724852298,300.0,314.2404391900008,300.0,1.0003720323329826,0.0
1737,1678784460000.0,2.719268632811472e-05,0.0,4374.0,0.07311945891523297,0.0,0.0,0.07161,0.9994185675677579,1.0,319.7055724852298,300.0,313.1031991900008,300.0,1.0003720323329826,0.0
1738,1678788060000.0,2.719268632811472e-05,0.0,4374.0,0.07311945891523297,0.0,0.0,0.07171,0.9994185675677579,1.0,319.7055724852298,300.0,313.54059919000076,300.0,1.0003720323329826,0.0
1739,1678791660000.0,2.719268632811472e-05,0.0,4374.0,0.07311945891523297,0.0,0.0,0.07211,0.9994185675677579,1.0,319.7055724852298,300.0,315.2901991900008,300.0,1.0003720323329826,0.0
1740,1678795260000.0,2.719268632811472e-05,0.0,4374.0,0.07311945891523297,0.0,0.0,0.07222,0.9994185675677579,1.0,319.7055724852298,300.0,315.77133919000084,300.0,1.0003720323329826,0.0
1741,1678798860000.0,0.0,0.0,0.0,0.07311945891523297,0.0,0.0,0.07618,0.9994185675677579,1.0,322.66533181000085,300.0,322.66533181000085,300.0,0.0,0.0
1742,1678802460000.0,0.0,0.0,0.0,0.07311945891523297,0.0,0.0,0.07596,0.9994185675677579,1.0,322.66533181000085,300.0,322.66533181000085,300.0,0.0,0.0
1743,1678806060000.0,0.0,0.0,0.0,0.07311945891523297,0.0,0.0,0.07697,0.9994185675677579,1.0,322.66533181000085,300.0,322.66533181000085,300.0,0.0,0.0
1744,1678809660000.0,0.0,0.0,0.0,0.07311945891523297,0.0,0.0,0.07683,0.9994185675677579,1.0,322.66533181000085,300.0,322.66533181000085,300.0,0.0,0.0
1745,1678813260000.0,0.0,0.0,0.0,0.07311945891523297,0.0,0.0,0.07691,0.9994185675677579,1.0,322.66533181000085,300.0,322.66533181000085,300.0,0.0,0.0
1746,1678816860000.0,0.0,0.0,0.0,0.07311945891523297,0.0,0.0,0.07644,0.9994185675677579,1.0,322.66533181000085,300.0,322.66533181000085,300.0,0.0,0.0
1747,1678820460000.0,0.0,0.0,0.0,0.07311945891523297,0.0,0.0,0.07555,0.9994185675677579,1.0,322.66533181000085,300.0,322.66533181000085,300.0,0.0,0.0
1748,1678824060000.0,0.0,0.0,0.0,0.07344,0.0,0.0,0.07482,0.9994185675677579,1.0,322.8506004100009,300.0,322.8506004100009,300.0,0.0,0.0
1749,1678827660000.0,0.0,0.0,0.0,0.07344,0.0,0.0,0.07426,0.9994185675677579,1.0,322.8506004100009,300.0,322.8506004100009,300.0,0.0,0.0
1750,1678831260000.0,0.0,0.0,220.0,0.07353,0.0,0.0,0.07391,0.9994185675677579,1.0,322.8344238100009,300.0,322.9180238100009,300.0,0.05010803931342986,0.0
1751,1678834860000.0,0.0,0.0,0.0,0.07353,0.0,0.0,0.07466,0.9994185675677579,1.0,323.0358294100009,300.0,323.0358294100009,300.0,0.0,0.0
1752,1678838460000.0,0.0,0.0,0.0,0.07353,0.0,0.0,0.07467,0.9994185675677579,1.0,323.0358294100009,300.0,323.0358294100009,300.0,0.0,0.0
1753,1678842060000.0,0.0,0.0,0.0,0.07353,0.0,0.0,0.07457,0.9994185675677579,1.0,323.0358294100009,300.0,323.0358294100009,300.0,0.0,0.0
1754,1678845660000.0,0.0,0.0,0.0,0.07353,0.0,0.0,0.07521,0.9994185675677579,1.0,323.0358294100009,300.0,323.0358294100009,300.0,0.0,0.0
1755,1678849260000.0,0.0,0.0,0.0,0.07353,0.0,0.0,0.07532,0.9994185675677579,1.0,323.0358294100009,300.0,323.0358294100009,300.0,0.0,0.0
1756,1678852860000.0,0.0,0.0,0.0,0.07353,0.0,0.0,0.07529,0.9994185675677579,1.0,323.0358294100009,300.0,323.0358294100009,300.0,0.0,0.0
1757,1678856460000.0,0.0,0.0,0.0,0.07353,0.0,0.0,0.07547,0.9994185675677579,1.0,323.0358294100009,300.0,323.0358294100009,300.0,0.0,0.0
1758,1678860060000.0,0.0,0.0,0.0,0.07353,0.0,0.0,0.07521,0.9994185675677579,1.0,323.0358294100009,300.0,323.0358294100009,300.0,0.0,0.0
1759,1678863660000.0,0.0,0.0,0.0,0.07353,0.0,0.0,0.07515,0.9994185675677579,1.0,323.0358294100009,300.0,323.0358294100009,300.0,0.0,0.0
1760,1678867260000.0,0.0,0.0,0.0,0.07353,0.0,0.0,0.07534,0.9994185675677579,1.0,323.0358294100009,300.0,323.0358294100009,300.0,0.0,0.0
1761,1678870860000.0,0.0,0.0,0.0,0.07353,0.0,0.0,0.07478,0.9994185675677579,1.0,323.0358294100009,300.0,323.0358294100009,300.0,0.0,0.0
1762,1678874460000.0,0.0,0.0,217.0,0.0743,0.0,0.0,0.07416,0.9994185675677579,1.0,323.01970631000086,300.0,322.9893263100009,300.0,0.049913673020700225,0.0
1763,1678878060000.0,0.0,0.0,217.0,0.0743,0.0,0.0,0.0734,0.9994185675677579,1.0,323.01970631000086,300.0,322.8244063100009,300.0,0.049913673020700225,0.0
1764,1678881660000.0,0.0,0.0,217.0,0.0743,0.0,0.0,0.07342,0.9994185675677579,1.0,323.01970631000086,300.0,322.82874631000084,300.0,0.049913673020700225,0.0
1765,1678885260000.0,0.0,0.0,464.0,0.07301709051724138,0.0,0.0,0.07323,0.9994185675677579,1.0,323.00194948000086,300.0,323.10073948000087,300.0,0.10489079107585302,0.0
1766,1678888860000.0,0.0,0.0,464.0,0.07301709051724138,0.0,0.0,0.07239,0.9994185675677579,1.0,323.00194948000086,300.0,322.71097948000084,300.0,0.10489079107585302,0.0
1767,1678892460000.0,0.0,0.0,464.0,0.07301709051724138,0.0,0.0,0.07166,0.9994185675677579,1.0,323.00194948000086,300.0,322.3722594800009,300.0,0.10489079107585302,0.0
1768,1678896060000.0,0.0,0.0,992.0,0.07157089717741935,0.0,0.0,0.06875,0.9994185675677579,1.0,322.96483108000086,300.0,320.1665010800009,300.0,0.21983300708804782,0.0
1769,1678899660000.0,0.0,0.0,2121.0,0.06977658180103724,0.0,0.0,0.068,0.9994185675677579,1.0,322.88783328000085,300.0,319.11970328000086,300.0,0.4583515225600377,0.0
1770,1678903260000.0,0.0,0.0,2121.0,0.06977658180103724,0.0,0.0,0.0683,0.9994185675677579,1.0,322.88783328000085,300.0,319.75600328000087,300.0,0.4583515225600377,0.0
1771,1678906860000.0,0.0,0.0,2121.0,0.06977658180103724,0.0,0.0,0.06918,0.9994185675677579,1.0,322.88783328000085,300.0,321.6224832800009,300.0,0.4583515225600377,0.0
1772,1678910460000.0,0.0,0.0,2121.0,0.06977658180103724,0.0,0.0,0.06879,0.9994185675677579,1.0,322.88783328000085,300.0,320.79529328000086,300.0,0.4583515225600377,0.0
1773,1678914060000.0,0.0,0.0,2121.0,0.06977658180103724,0.0,0.0,0.06929,0.9994185675677579,1.0,322.88783328000085,300.0,321.85579328000085,300.0,0.4583515225600377,0.0
1774,1678917660000.0,0.0,0.0,2121.0,0.06977658180103724,0.0,0.0,0.06935,0.9994185675677579,1.0,322.88783328000085,300.0,321.98305328000083,300.0,0.4583515225600377,0.0
1775,1678921260000.0,0.0,0.0,2121.0,0.06977658180103724,0.0,0.0,0.06928,0.9994185675677579,1.0,322.88783328000085,300.0,321.83458328000086,300.0,0.4583515225600377,0.0
1776,1678924860000.0,0.0,0.0,2121.0,0.06977658180103724,0.0,0.0,0.06961,0.9994185675677579,1.0,322.88783328000085,300.0,322.53451328000085,300.0,0.4583515225600377,0.0
1777,1678928460000.0,0.0,0.0,2121.0,0.06977658180103724,0.0,0.0,0.06948,0.9994185675677579,1.0,322.88783328000085,300.0,322.25878328000084,300.0,0.4583515225600377,0.0
1778,1678932060000.0,0.0,0.0,2121.0,0.06977658180103724,0.0,0.0,0.06963,0.9994185675677579,1.0,322.88783328000085,300.0,322.57693328000084,300.0,0.4583515225600377,0.0
1779,1678935660000.0,0.0,0.0,515.0,0.06977658180103724,0.0,0.0,0.07066,0.9994185675677579,1.0,324.098957207535,300.0,324.55391758000087,300.0,0.11087644322324502,0.0
1780,1678939260000.0,0.0,0.0,515.0,0.06977658180103724,0.0,0.0,0.07003,0.9994185675677579,1.0,324.098957207535,300.0,324.22946758000086,300.0,0.11087644322324502,0.0
1781,1678942860000.0,0.0,0.0,515.0,0.06977658180103724,0.0,0.0,0.06962,0.9994185675677579,1.0,324.098957207535,300.0,324.0183175800008,300.0,0.11087644322324502,0.0
1782,1678946460000.0,0.0,0.0,515.0,0.06977658180103724,0.0,0.0,0.07021,0.9994185675677579,1.0,324.098957207535,300.0,324.32216758000084,300.0,0.11087644322324502,0.0
1783,1678950060000.0,0.0,0.0,515.0,0.06977658180103724,0.0,0.0,0.07019,0.9994185675677579,1.0,324.098957207535,300.0,324.31186758000086,300.0,0.11087644322324502,0.0
1784,1678953660000.0,0.0,0.0,0.0,0.06977658180103724,0.0,0.0,0.07038,0.9994185675677579,1.0,324.54839678000087,300.0,324.54839678000087,300.0,0.0,0.0
1785,1678957260000.0,0.0,0.0,0.0,0.06977658180103724,0.0,0.0,0.07034,0.9994185675677579,1.0,324.54839678000087,300.0,324.54839678000087,300.0,0.0,0.0
1786,1678960860000.0,0.0,0.0,0.0,0.06984,0.0,0.0,0.07018,0.9994185675677579,1.0,324.7338529400009,300.0,324.7338529400009,300.0,0.0,0.0
1787,1678964460000.0,0.0,0.0,0.0,0.06984,0.0,0.0,0.07081,0.9994185675677579,1.0,324.7338529400009,300.0,324.7338529400009,300.0,0.0,0.0
1788,1678968060000.0,0.0,0.0,0.0,0.06984,0.0,0.0,0.07079,0.9994185675677579,1.0,324.7338529400009,300.0,324.7338529400009,300.0,0.0,0.0
1789,1678971660000.0,0.0,0.0,232.0,0.07009,0.0,0.0,0.06997,0.9994185675677579,1.0,324.71759206000087,300.0,324.68975206000084,300.0,0.05007699119977256,0.0
1790,1678975260000.0,0.0,0.0,232.0,0.07009,0.0,0.0,0.07059,0.9994185675677579,1.0,324.71759206000087,300.0,324.83359206000085,300.0,0.05007699119977256,0.0
1791,1678978860000.0,0.0,0.0,0.0,0.07009,0.0,0.0,0.07056,0.9994185675677579,1.0,324.9191931000009,300.0,324.9191931000009,300.0,0.0,0.0
1792,1678982460000.0,0.0,0.0,0.0,0.07009,0.0,0.0,0.07094,0.9994185675677579,1.0,324.9191931000009,300.0,324.9191931000009,300.0,0.0,0.0
1793,1678986060000.0,0.0,0.0,0.0,0.07009,0.0,0.0,0.07062,0.9994185675677579,1.0,324.9191931000009,300.0,324.9191931000009,300.0,0.0,0.0
1794,1678989660000.0,0.0,0.0,0.0,0.07009,0.0,0.0,0.07021,0.9994185675677579,1.0,324.9191931000009,300.0,324.9191931000009,300.0,0.0,0.0
1795,1678993260000.0,0.0,0.0,231.0,0.07019,0.0,0.0,0.07054,0.9994185675677579,1.0,324.90297921000086,300.0,324.98382921000086,300.0,0.04990378986189647,0.0
1796,1678996860000.0,0.0,0.0,0.0,0.07019,0.0,0.0,0.07093,0.9994185675677579,1.0,325.10599587000087,300.0,325.10599587000087,300.0,0.0,0.0
1797,1679000460000.0,0.0,0.0,231.0,0.07026,0.0,0.0,0.06994,0.9994185675677579,1.0,325.08976581000087,300.0,325.0158458100009,300.0,0.04992485678397419,0.0
1798,1679004060000.0,0.0,0.0,0.0,0.07026,0.0,0.0,0.0711,0.9994185675677579,1.0,325.2927663000009,300.0,325.2927663000009,300.0,0.0,0.0
1799,1679007660000.0,0.0,0.0,0.0,0.07026,0.0,0.0,0.07128,0.9994185675677579,1.0,325.2927663000009,300.0,325.2927663000009,300.0,0.0,0.0
1800,1679011260000.0,0.0,0.0,0.0,0.07026,0.0,0.0,0.07222,0.9994185675677579,1.0,325.2927663000009,300.0,325.2927663000009,300.0,0.0,0.0
1801,1679014860000.0,0.0,0.0,0.0,0.07026,0.0,0.0,0.07166,0.9994185675677579,1.0,325.2927663000009,300.0,325.2927663000009,300.0,0.0,0.0
1802,1679018460000.0,0.0,0.0,0.0,0.07026,0.0,0.0,0.07335,0.9994185675677579,1.0,325.2927663000009,300.0,325.2927663000009,300.0,0.0,0.0
1803,1679022060000.0,0.0,0.0,0.0,0.07026,0.0,0.0,0.07317,0.9994185675677579,1.0,325.2927663000009,300.0,325.2927663000009,300.0,0.0,0.0
1804,1679025660000.0,0.0,0.0,0.0,0.07026,0.0,0.0,0.07353,0.9994185675677579,1.0,325.2927663000009,300.0,325.2927663000009,300.0,0.0,0.0
1805,1679029260000.0,0.0,0.0,0.0,0.07026,0.0,0.0,0.07335,0.9994185675677579,1.0,325.2927663000009,300.0,325.2927663000009,300.0,0.0,0.0
1806,1679032860000.0,0.0,0.0,0.0,0.07026,0.0,0.0,0.07325,0.9994185675677579,1.0,325.2927663000009,300.0,325.2927663000009,300.0,0.0,0.0
1807,1679036460000.0,0.0,0.0,0.0,0.07026,0.0,0.0,0.07495,0.9994185675677579,1.0,325.2927663000009,300.0,325.2927663000009,300.0,0.0,0.0
1808,1679040060000.0,0.0,0.0,0.0,0.07026,0.0,0.0,0.07455,0.9994185675677579,1.0,325.2927663000009,300.0,325.2927663000009,300.0,0.0,0.0
1809,1679043660000.0,0.0,0.0,0.0,0.07026,0.0,0.0,0.07447,0.9994185675677579,1.0,325.2927663000009,300.0,325.2927663000009,300.0,0.0,0.0
1810,1679047260000.0,0.0,0.0,0.0,0.07026,0.0,0.0,0.07478,0.9994185675677579,1.0,325.2927663000009,300.0,325.2927663000009,300.0,0.0,0.0
1811,1679050860000.0,0.0,0.0,0.0,0.07026,0.0,0.0,0.07533,0.9994185675677579,1.0,325.2927663000009,300.0,325.2927663000009,300.0,0.0,0.0
1812,1679054460000.0,0.0,0.0,0.0,0.07026,0.0,0.0,0.07531,0.9994185675677579,1.0,325.2927663000009,300.0,325.2927663000009,300.0,0.0,0.0
1813,1679058060000.0,0.0,0.0,0.0,0.07026,0.0,0.0,0.0746,0.9994185675677579,1.0,325.2927663000009,300.0,325.2927663000009,300.0,0.0,0.0
1814,1679061660000.0,0.0,0.0,0.0,0.07026,0.0,0.0,0.07468,0.9994185675677579,1.0,325.2927663000009,300.0,325.2927663000009,300.0,0.0,0.0
1815,1679065260000.0,0.0,0.0,223.0,0.07299,0.0,0.0,0.0731,0.9994185675677579,1.0,325.2764895300009,300.0,325.30101953000093,300.0,0.0500397985219241,0.0
1816,1679068860000.0,0.0,0.0,223.0,0.07299,0.0,0.0,0.07362,0.9994185675677579,1.0,325.2764895300009,300.0,325.4169795300009,300.0,0.0500397985219241,0.0
1817,1679072460000.0,0.0,0.0,0.0,0.07299,0.0,0.0,0.07377,0.9994185675677579,1.0,325.47853422000094,300.0,325.47853422000094,300.0,0.0,0.0
1818,1679076060000.0,0.0,0.0,0.0,0.07299,0.0,0.0,0.07449,0.9994185675677579,1.0,325.47853422000094,300.0,325.47853422000094,300.0,0.0,0.0
1819,1679079660000.0,0.0,0.0,0.0,0.07299,0.0,0.0,0.07451,0.9994185675677579,1.0,325.47853422000094,300.0,325.47853422000094,300.0,0.0,0.0
1820,1679083260000.0,0.0,0.0,0.0,0.07299,0.0,0.0,0.07488,0.9994185675677579,1.0,325.47853422000094,300.0,325.47853422000094,300.0,0.0,0.0
1821,1679086860000.0,0.0,0.0,0.0,0.07299,0.0,0.0,0.07474,0.9994185675677579,1.0,325.47853422000094,300.0,325.47853422000094,300.0,0.0,0.0
1822,1679090460000.0,0.0,0.0,0.0,0.07299,0.0,0.0,0.07585,0.9994185675677579,1.0,325.47853422000094,300.0,325.47853422000094,300.0,0.0,0.0
1823,1679094060000.0,0.0,0.0,0.0,0.07299,0.0,0.0,0.07679,0.9994185675677579,1.0,325.47853422000094,300.0,325.47853422000094,300.0,0.0,0.0
1824,1679097660000.0,0.0,0.0,0.0,0.07299,0.0,0.0,0.07628,0.9994185675677579,1.0,325.47853422000094,300.0,325.47853422000094,300.0,0.0,0.0
1825,1679101260000.0,0.0,0.0,0.0,0.07299,0.0,0.0,0.07746,0.9994185675677579,1.0,325.47853422000094,300.0,325.47853422000094,300.0,0.0,0.0
1826,1679104860000.0,0.0,0.0,0.0,0.07299,0.0,0.0,0.0773,0.9994185675677579,1.0,325.47853422000094,300.0,325.47853422000094,300.0,0.0,0.0
1827,1679108460000.0,0.0,0.0,0.0,0.07299,0.0,0.0,0.07753,0.9994185675677579,1.0,325.47853422000094,300.0,325.47853422000094,300.0,0.0,0.0
1828,1679112060000.0,0.0,0.0,0.0,0.07299,0.0,0.0,0.07775,0.9994185675677579,1.0,325.47853422000094,300.0,325.47853422000094,300.0,0.0,0.0
1829,1679115660000.0,0.0,0.0,0.0,0.07299,0.0,0.0,0.07721,0.9994185675677579,1.0,325.47853422000094,300.0,325.47853422000094,300.0,0.0,0.0
1830,1679119260000.0,0.0,0.0,0.0,0.07299,0.0,0.0,0.07738,0.9994185675677579,1.0,325.47853422000094,300.0,325.47853422000094,300.0,0.0,0.0
1831,1679122860000.0,0.0,0.0,0.0,0.07299,0.0,0.0,0.07768,0.9994185675677579,1.0,325.47853422000094,300.0,325.47853422000094,300.0,0.0,0.0
1832,1679126460000.0,0.0,0.0,0.0,0.07299,0.0,0.0,0.07762,0.9994185675677579,1.0,325.47853422000094,300.0,325.47853422000094,300.0,0.0,0.0
1833,1679130060000.0,0.0,0.0,0.0,0.07299,0.0,0.0,0.07683,0.9994185675677579,1.0,325.47853422000094,300.0,325.47853422000094,300.0,0.0,0.0
1834,1679133660000.0,0.0,0.0,0.0,0.07299,0.0,0.0,0.07731,0.9994185675677579,1.0,325.47853422000094,300.0,325.47853422000094,300.0,0.0,0.0
1835,1679137260000.0,0.0,0.0,0.0,0.07299,0.0,0.0,0.07751,0.9994185675677579,1.0,325.47853422000094,300.0,325.47853422000094,300.0,0.0,0.0
1836,1679140860000.0,0.0,0.0,0.0,0.07299,0.0,0.0,0.07784,0.9994185675677579,1.0,325.47853422000094,300.0,325.47853422000094,300.0,0.0,0.0
1837,1679144460000.0,0.0,0.0,0.0,0.07299,0.0,0.0,0.07777,0.9994185675677579,1.0,325.47853422000094,300.0,325.47853422000094,300.0,0.0,0.0
1838,1679148060000.0,0.0,0.0,0.0,0.07299,0.0,0.0,0.07691,0.9994185675677579,1.0,325.47853422000094,300.0,325.47853422000094,300.0,0.0,0.0
1839,1679151660000.0,0.0,0.0,0.0,0.07299,0.0,0.0,0.07678,0.9994185675677579,1.0,325.47853422000094,300.0,325.47853422000094,300.0,0.0,0.0
1840,1679155260000.0,0.0,0.0,213.0,0.07624,0.0,0.0,0.07492,0.9994185675677579,1.0,325.4622951000009,300.0,325.1811351000009,300.0,0.049895549329332906,0.0
1841,1679158860000.0,0.0,0.0,455.0,0.07492628571428572,0.0,0.0,0.07493,0.9994185675677579,1.0,325.4444427600009,300.0,325.4461327600009,300.0,0.10475354782794911,0.0
1842,1679162460000.0,0.0,0.0,455.0,0.07492628571428572,0.0,0.0,0.07437,0.9994185675677579,1.0,325.4444427600009,300.0,325.19133276000093,300.0,0.10475354782794911,0.0
1843,1679166060000.0,0.0,0.0,455.0,0.07492628571428572,0.0,0.0,0.07506,0.9994185675677579,1.0,325.4444427600009,300.0,325.5052827600009,300.0,0.10475354782794911,0.0
1844,1679169660000.0,0.0,0.0,455.0,0.07492628571428572,0.0,0.0,0.07452,0.9994185675677579,1.0,325.4444427600009,300.0,325.2595827600009,300.0,0.10475354782794911,0.0
1845,1679173260000.0,0.0,0.0,455.0,0.07492628571428572,0.0,0.0,0.07495,0.9994185675677579,1.0,325.4444427600009,300.0,325.4552327600009,300.0,0.10475354782794911,0.0
1846,1679176860000.0,0.0,0.0,455.0,0.07492628571428572,0.0,0.0,0.07442,0.9994185675677579,1.0,325.4444427600009,300.0,325.2140827600009,300.0,0.10475354782794911,0.0
1847,1679180460000.0,0.0,0.0,455.0,0.07492628571428572,0.0,0.0,0.07348,0.9994185675677579,1.0,325.4444427600009,300.0,324.78638276000095,300.0,0.10475354782794911,0.0
1848,1679184060000.0,0.0,0.0,455.0,0.07492628571428572,0.0,0.0,0.07304,0.9994185675677579,1.0,325.4444427600009,300.0,324.5861827600009,300.0,0.10475354782794911,0.0
1849,1679187660000.0,0.0,0.0,455.0,0.07492628571428572,0.0,0.0,0.07429,0.9994185675677579,1.0,325.4444427600009,300.0,325.1549327600009,300.0,0.10475354782794911,0.0
1850,1679191260000.0,0.0,0.0,455.0,0.07492628571428572,0.0,0.0,0.07431,0.9994185675677579,1.0,325.4444427600009,300.0,325.1640327600009,300.0,0.10475354782794911,0.0
1851,1679194860000.0,0.0,0.0,455.0,0.07492628571428572,0.0,0.0,0.07433,0.9994185675677579,1.0,325.4444427600009,300.0,325.1731327600009,300.0,0.10475354782794911,0.0
1852,1679198460000.0,0.0,0.0,455.0,0.07492628571428572,0.0,0.0,0.075,0.9994185675677579,1.0,325.4444427600009,300.0,325.47798276000094,300.0,0.10475354782794911,0.0
1853,1679202060000.0,0.0,0.0,455.0,0.07492628571428572,0.0,0.0,0.07441,0.9994185675677579,1.0,325.4444427600009,300.0,325.2095327600009,300.0,0.10475354782794911,0.0
1854,1679205660000.0,0.0,0.0,455.0,0.07492628571428572,0.0,0.0,0.0747,0.9994185675677579,1.0,325.4444427600009,300.0,325.34148276000093,300.0,0.10475354782794911,0.0
1855,1679209260000.0,0.0,0.0,455.0,0.07492628571428572,0.0,0.0,0.07429,0.9994185675677579,1.0,325.4444427600009,300.0,325.1549327600009,300.0,0.10475354782794911,0.0
1856,1679212860000.0,0.0,0.0,455.0,0.07492628571428572,0.0,0.0,0.07405,0.9994185675677579,1.0,325.4444427600009,300.0,325.04573276000093,300.0,0.10475354782794911,0.0
1857,1679216460000.0,0.0,0.0,455.0,0.07492628571428572,0.0,0.0,0.07402,0.9994185675677579,1.0,325.4444427600009,300.0,325.03208276000095,300.0,0.10475354782794911,0.0
1858,1679220060000.0,0.0,0.0,455.0,0.07492628571428572,0.0,0.0,0.07427,0.9994185675677579,1.0,325.4444427600009,300.0,325.1458327600009,300.0,0.10475354782794911,0.0
1859,1679223660000.0,0.0,0.0,455.0,0.07492628571428572,0.0,0.0,0.07395,0.9994185675677579,1.0,325.4444427600009,300.0,325.0002327600009,300.0,0.10475354782794911,0.0
1860,1679227260000.0,0.0,0.0,455.0,0.07492628571428572,0.0,0.0,0.0745,0.9994185675677579,1.0,325.4444427600009,300.0,325.2504827600009,300.0,0.10475354782794911,0.0
1861,1679230860000.0,0.0,0.0,455.0,0.07492628571428572,0.0,0.0,0.0744,0.9994185675677579,1.0,325.4444427600009,300.0,325.2049827600009,300.0,0.10475354782794911,0.0
1862,1679234460000.0,0.0,0.0,455.0,0.07492628571428572,0.0,0.0,0.07441,0.9994185675677579,1.0,325.4444427600009,300.0,325.2095327600009,300.0,0.10475354782794911,0.0
1863,1679238060000.0,0.0,0.0,455.0,0.07492628571428572,0.0,0.0,0.07476,0.9994185675677579,1.0,325.4444427600009,300.0,325.3687827600009,300.0,0.10475354782794911,0.0
1864,1679241660000.0,0.0,0.0,455.0,0.07492628571428572,0.0,0.0,0.07489,0.9994185675677579,1.0,325.4444427600009,300.0,325.42793276000094,300.0,0.10475354782794911,0.0
1865,1679245260000.0,0.0,0.0,0.0,0.07492628571428572,0.0,0.0,0.07581,0.9994185675677579,1.0,325.8665846100009,300.0,325.8665846100009,300.0,0.0,0.0
1866,1679248860000.0,0.0,0.0,0.0,0.07492628571428572,0.0,0.0,0.07539,0.9994185675677579,1.0,325.8665846100009,300.0,325.8665846100009,300.0,0.0,0.0
1867,1679252460000.0,0.0,0.0,0.0,0.07492628571428572,0.0,0.0,0.07613,0.9994185675677579,1.0,325.8665846100009,300.0,325.8665846100009,300.0,0.0,0.0
1868,1679256060000.0,0.0,0.0,0.0,0.07492628571428572,0.0,0.0,0.07598,0.9994185675677579,1.0,325.8665846100009,300.0,325.8665846100009,300.0,0.0,0.0
1869,1679259660000.0,0.0,0.0,218.0,0.0748,0.0,0.0,0.07536,0.9994185675677579,1.0,325.8502782100009,300.0,325.9723582100009,300.0,0.050042614938296925,0.0
1870,1679263260000.0,0.0,0.0,218.0,0.0748,0.0,0.0,0.07475,0.9994185675677579,1.0,325.8502782100009,300.0,325.8393782100009,300.0,0.050042614938296925,0.0
1871,1679266860000.0,0.0,0.0,218.0,0.0748,0.0,0.0,0.07534,0.9994185675677579,1.0,325.8502782100009,300.0,325.9679982100009,300.0,0.050042614938296925,0.0
1872,1679270460000.0,0.0,0.0,218.0,0.0748,0.0,0.0,0.07466,0.9994185675677579,1.0,325.8502782100009,300.0,325.8197582100009,300.0,0.050042614938296925,0.0
1873,1679274060000.0,0.0,0.0,218.0,0.0748,0.0,0.0,0.07446,0.9994185675677579,1.0,325.8502782100009,300.0,325.7761582100009,300.0,0.050042614938296925,0.0
1874,1679277660000.0,0.0,0.0,218.0,0.0748,0.0,0.0,0.07513,0.9994185675677579,1.0,325.8502782100009,300.0,325.9222182100009,300.0,0.050042614938296925,0.0
1875,1679281260000.0,0.0,0.0,218.0,0.0748,0.0,0.0,0.07491,0.9994185675677579,1.0,325.8502782100009,300.0,325.8742582100009,300.0,0.050042614938296925,0.0
1876,1679284860000.0,0.0,0.0,218.0,0.0748,0.0,0.0,0.07294,0.9994185675677579,1.0,325.8502782100009,300.0,325.4447982100009,300.0,0.050042614938296925,0.0
1877,1679288460000.0,0.0,0.0,218.0,0.0748,0.0,0.0,0.07323,0.9994185675677579,1.0,325.8502782100009,300.0,325.5080182100009,300.0,0.050042614938296925,0.0
1878,1679292060000.0,0.0,0.0,218.0,0.0748,0.0,0.0,0.07387,0.9994185675677579,1.0,325.8502782100009,300.0,325.6475382100009,300.0,0.050042614938296925,0.0
1879,1679295660000.0,0.0,0.0,218.0,0.0748,0.0,0.0,0.07376,0.9994185675677579,1.0,325.8502782100009,300.0,325.6235582100009,300.0,0.050042614938296925,0.0
1880,1679299260000.0,0.0,0.0,218.0,0.0748,0.0,0.0,0.07504,0.9994185675677579,1.0,325.8502782100009,300.0,325.9025982100009,300.0,0.050042614938296925,0.0
1881,1679302860000.0,0.0,0.0,218.0,0.0748,0.0,0.0,0.07429,0.9994185675677579,1.0,325.8502782100009,300.0,325.7390982100009,300.0,0.050042614938296925,0.0
1882,1679306460000.0,0.0,0.0,218.0,0.0748,0.0,0.0,0.07409,0.9994185675677579,1.0,325.8502782100009,300.0,325.6954982100009,300.0,0.050042614938296925,0.0
1883,1679310060000.0,0.0,0.0,218.0,0.0748,0.0,0.0,0.07343,0.9994185675677579,1.0,325.8502782100009,300.0,325.5516182100009,300.0,0.050042614938296925,0.0
1884,1679313660000.0,0.0,0.0,218.0,0.0748,0.0,0.0,0.07354,0.9994185675677579,1.0,325.8502782100009,300.0,325.5755982100009,300.0,0.050042614938296925,0.0
1885,1679317260000.0,0.0,0.0,218.0,0.0748,0.0,0.0,0.07383,0.9994185675677579,1.0,325.8502782100009,300.0,325.6388182100009,300.0,0.050042614938296925,0.0
1886,1679320860000.0,0.0,0.0,218.0,0.0748,0.0,0.0,0.07334,0.9994185675677579,1.0,325.8502782100009,300.0,325.5319982100009,300.0,0.050042614938296925,0.0
1887,1679324460000.0,0.0,0.0,218.0,0.0748,0.0,0.0,0.07365,0.9994185675677579,1.0,325.8502782100009,300.0,325.5995782100009,300.0,0.050042614938296925,0.0
1888,1679328060000.0,0.0,0.0,218.0,0.0748,0.0,0.0,0.07351,0.9994185675677579,1.0,325.8502782100009,300.0,325.5690582100009,300.0,0.050042614938296925,0.0
1889,1679331660000.0,0.0,0.0,466.0,0.07350678111587983,0.0,0.0,0.07203,0.9994185675677579,1.0,325.8323304500009,300.0,325.1441504500009,300.0,0.10512818035181538,0.0
1890,1679335260000.0,0.0,0.0,466.0,0.07350678111587983,0.0,0.0,0.0714,0.9994185675677579,1.0,325.8323304500009,300.0,324.8505704500009,300.0,0.10512818035181538,0.0
1891,1679338860000.0,0.0,0.0,466.0,0.07350678111587983,0.0,0.0,0.07209,0.9994185675677579,1.0,325.8323304500009,300.0,325.1721104500009,300.0,0.10512818035181538,0.0
1892,1679342460000.0,0.0,0.0,996.0,0.07205046184738956,0.0,0.0,0.07127,0.9994185675677579,1.0,325.79482235000086,300.0,325.0174823500009,300.0,0.22026826418654966,0.0
1893,1679346060000.0,0.0,0.0,996.0,0.07205046184738956,0.0,0.0,0.07195,0.9994185675677579,1.0,325.79482235000086,300.0,325.6947623500009,300.0,0.22026826418654966,0.0
1894,1679349660000.0,0.0,0.0,996.0,0.07205046184738956,0.0,0.0,0.07187,0.9994185675677579,1.0,325.79482235000086,300.0,325.6150823500009,300.0,0.22026826418654966,0.0
1895,1679353260000.0,0.0,0.0,996.0,0.07205046184738956,0.0,0.0,0.07166,0.9994185675677579,1.0,325.79482235000086,300.0,325.4059223500009,300.0,0.22026826418654966,0.0
1896,1679356860000.0,0.0,0.0,996.0,0.07205046184738956,0.0,0.0,0.07125,0.9994185675677579,1.0,325.79482235000086,300.0,324.99756235000086,300.0,0.22026826418654966,0.0
1897,1679360460000.0,0.0,0.0,996.0,0.07205046184738956,0.0,0.0,0.07191,0.9994185675677579,1.0,325.79482235000086,300.0,325.65492235000085,300.0,0.22026826418654966,0.0
1898,1679364060000.0,0.0,0.0,996.0,0.07205046184738956,0.0,0.0,0.07205,0.9994185675677579,1.0,325.79482235000086,300.0,325.7943623500009,300.0,0.22026826418654966,0.0
1899,1679367660000.0,0.0,0.0,996.0,0.07205046184738956,0.0,0.0,0.07175,0.9994185675677579,1.0,325.79482235000086,300.0,325.49556235000085,300.0,0.22026826418654966,0.0
1900,1679371260000.0,0.0,0.0,996.0,0.07205046184738956,0.0,0.0,0.07203,0.9994185675677579,1.0,325.79482235000086,300.0,325.77444235000087,300.0,0.22026826418654966,0.0
1901,1679374860000.0,0.0,0.0,996.0,0.07205046184738956,0.0,0.0,0.07202,0.9994185675677579,1.0,325.79482235000086,300.0,325.76448235000083,300.0,0.22026826418654966,0.0
1902,1679378460000.0,0.0,0.0,996.0,0.07205046184738956,0.0,0.0,0.07143,0.9994185675677579,1.0,325.79482235000086,300.0,325.17684235000087,300.0,0.22026826418654966,0.0
1903,1679382060000.0,0.0,0.0,996.0,0.07205046184738956,0.0,0.0,0.07157,0.9994185675677579,1.0,325.79482235000086,300.0,325.31628235000085,300.0,0.22026826418654966,0.0
1904,1679385660000.0,0.0,0.0,996.0,0.07205046184738956,0.0,0.0,0.07103,0.9994185675677579,1.0,325.79482235000086,300.0,324.77844235000083,300.0,0.22026826418654966,0.0
1905,1679389260000.0,0.0,0.0,996.0,0.07205046184738956,0.0,0.0,0.07085,0.9994185675677579,1.0,325.79482235000086,300.0,324.5991623500009,300.0,0.22026826418654966,0.0
1906,1679392860000.0,0.0,0.0,996.0,0.07205046184738956,0.0,0.0,0.07178,0.9994185675677579,1.0,325.79482235000086,300.0,325.52544235000084,300.0,0.22026826418654966,0.0
1907,1679396460000.0,0.0,0.0,996.0,0.07205046184738956,0.0,0.0,0.07216,0.9994185675677579,1.0,325.79482235000086,300.0,325.90392235000087,300.0,0.22026826418654966,0.0
1908,1679400060000.0,0.0,0.0,996.0,0.07205046184738956,0.0,0.0,0.07229,0.9994185675677579,1.0,325.79482235000086,300.0,326.03340235000087,300.0,0.22026826418654966,0.0
1909,1679403660000.0,0.0,0.0,0.0,0.07205046184738956,0.0,0.0,0.07394,0.9994185675677579,1.0,326.6582040100008,300.0,326.6582040100008,300.0,0.0,0.0
1910,1679407260000.0,0.0,0.0,0.0,0.07205046184738956,0.0,0.0,0.0755,0.9994185675677579,1.0,326.6582040100008,300.0,326.6582040100008,300.0,0.0,0.0
1911,1679410860000.0,0.0,0.0,0.0,0.07205046184738956,0.0,0.0,0.07394,0.9994185675677579,1.0,326.6582040100008,300.0,326.6582040100008,300.0,0.0,0.0
1912,1679414460000.0,0.0,0.0,0.0,0.07205046184738956,0.0,0.0,0.07416,0.9994185675677579,1.0,326.6582040100008,300.0,326.6582040100008,300.0,0.0,0.0
1913,1679418060000.0,0.0,0.0,0.0,0.07205046184738956,0.0,0.0,0.07472,0.9994185675677579,1.0,326.6582040100008,300.0,326.6582040100008,300.0,0.0,0.0
1914,1679421660000.0,0.0,0.0,0.0,0.07205046184738956,0.0,0.0,0.07494,0.9994185675677579,1.0,326.6582040100008,300.0,326.6582040100008,300.0,0.0,0.0
1915,1679425260000.0,0.0,0.0,0.0,0.07205046184738956,0.0,0.0,0.07439,0.9994185675677579,1.0,326.6582040100008,300.0,326.6582040100008,300.0,0.0,0.0
1916,1679428860000.0,0.0,0.0,0.0,0.07205046184738956,0.0,0.0,0.07627,0.9994185675677579,1.0,326.6582040100008,300.0,326.6582040100008,300.0,0.0,0.0
1917,1679432460000.0,0.0,0.0,0.0,0.07205046184738956,0.0,0.0,0.07724,0.9994185675677579,1.0,326.6582040100008,300.0,326.6582040100008,300.0,0.0,0.0
1918,1679436060000.0,0.0,0.0,0.0,0.07205046184738956,0.0,0.0,0.07658,0.9994185675677579,1.0,326.6582040100008,300.0,326.6582040100008,300.0,0.0,0.0
1919,1679439660000.0,0.0,0.0,0.0,0.07205046184738956,0.0,0.0,0.07617,0.9994185675677579,1.0,326.6582040100008,300.0,326.6582040100008,300.0,0.0,0.0
1920,1679443260000.0,0.0,0.0,0.0,0.07205046184738956,0.0,0.0,0.0765,0.9994185675677579,1.0,326.6582040100008,300.0,326.6582040100008,300.0,0.0,0.0
1921,1679446860000.0,0.0,0.0,0.0,0.07205046184738956,0.0,0.0,0.07527,0.9994185675677579,1.0,326.6582040100008,300.0,326.6582040100008,300.0,0.0,0.0
1922,1679450460000.0,0.0,0.0,0.0,0.07205046184738956,0.0,0.0,0.07558,0.9994185675677579,1.0,326.6582040100008,300.0,326.6582040100008,300.0,0.0,0.0
1923,1679454060000.0,0.0,0.0,0.0,0.07205046184738956,0.0,0.0,0.07583,0.9994185675677579,1.0,326.6582040100008,300.0,326.6582040100008,300.0,0.0,0.0
1924,1679457660000.0,0.0,0.0,0.0,0.07205046184738956,0.0,0.0,0.07627,0.9994185675677579,1.0,326.6582040100008,300.0,326.6582040100008,300.0,0.0,0.0
1925,1679461260000.0,0.0,0.0,0.0,0.07205046184738956,0.0,0.0,0.07604,0.9994185675677579,1.0,326.6582040100008,300.0,326.6582040100008,300.0,0.0,0.0
1926,1679464860000.0,0.0,0.0,0.0,0.07205046184738956,0.0,0.0,0.07599,0.9994185675677579,1.0,326.6582040100008,300.0,326.6582040100008,300.0,0.0,0.0
1927,1679468460000.0,0.0,0.0,0.0,0.07205046184738956,0.0,0.0,0.07574,0.9994185675677579,1.0,326.6582040100008,300.0,326.6582040100008,300.0,0.0,0.0
1928,1679472060000.0,0.0,0.0,0.0,0.07205046184738956,0.0,0.0,0.07601,0.9994185675677579,1.0,326.6582040100008,300.0,326.6582040100008,300.0,0.0,0.0
1929,1679475660000.0,0.0,0.0,0.0,0.07205046184738956,0.0,0.0,0.07584,0.9994185675677579,1.0,326.6582040100008,300.0,326.6582040100008,300.0,0.0,0.0
1930,1679479260000.0,0.0,0.0,218.0,0.07488,0.0,0.0,0.07509,0.9994185675677579,1.0,326.64188017000083,300.0,326.6876601700008,300.0,0.049974730709681975,0.0
1931,1679482860000.0,0.0,0.0,218.0,0.07488,0.0,0.0,0.07516,0.9994185675677579,1.0,326.64188017000083,300.0,326.7029201700008,300.0,0.049974730709681975,0.0
1932,1679486460000.0,0.0,0.0,218.0,0.07488,0.0,0.0,0.07465,0.9994185675677579,1.0,326.64188017000083,300.0,326.59174017000083,300.0,0.049974730709681975,0.0
1933,1679490060000.0,0.0,0.0,218.0,0.07488,0.0,0.0,0.07481,0.9994185675677579,1.0,326.64188017000083,300.0,326.6266201700008,300.0,0.049974730709681975,0.0
1934,1679493660000.0,0.0,0.0,218.0,0.07488,0.0,0.0,0.07464,0.9994185675677579,1.0,326.64188017000083,300.0,326.5895601700008,300.0,0.049974730709681975,0.0
1935,1679497260000.0,0.0,0.0,218.0,0.07488,0.0,0.0,0.07549,0.9994185675677579,1.0,326.64188017000083,300.0,326.7748601700008,300.0,0.049974730709681975,0.0
1936,1679500860000.0,0.0,0.0,0.0,0.07488,0.0,0.0,0.07698,0.9994185675677579,1.0,326.84551615000083,300.0,326.84551615000083,300.0,0.0,0.0
1937,1679504460000.0,0.0,0.0,0.0,0.07488,0.0,0.0,0.07646,0.9994185675677579,1.0,326.84551615000083,300.0,326.84551615000083,300.0,0.0,0.0
1938,1679508060000.0,0.0,0.0,218.0,0.07511,0.0,0.0,0.07569,0.9994185675677579,1.0,327.0163540300008,300.0,327.1427940300008,300.0,0.05007082917479361,0.0
1939,1679511660000.0,0.0,0.0,218.0,0.07516,0.0,0.0,0.07467,0.9994185675677579,1.0,327.39074941000086,300.0,327.28392941000084,300.0,0.050046863051346466,0.0
1940,1679515260000.0,0.0,0.0,466.0,0.07386145922746781,0.0,0.0,0.07225,0.9994185675677579,1.0,327.3727148500009,300.0,326.62177485000086,300.0,0.10513838948298018,0.0
1941,1679518860000.0,0.0,0.0,466.0,0.07386145922746781,0.0,0.0,0.07336,0.9994185675677579,1.0,327.3727148500009,300.0,327.1390348500009,300.0,0.10513838948298018,0.0
1942,1679522460000.0,0.0,0.0,466.0,0.07386145922746781,0.0,0.0,0.07389,0.9994185675677579,1.0,327.3727148500009,300.0,327.3860148500009,300.0,0.10513838948298018,0.0
1943,1679526060000.0,0.0,0.0,466.0,0.07386145922746781,0.0,0.0,0.0736,0.9994185675677579,1.0,327.3727148500009,300.0,327.25087485000086,300.0,0.10513838948298018,0.0
1944,1679529660000.0,0.0,0.0,466.0,0.07386145922746781,0.0,0.0,0.07392,0.9994185675677579,1.0,327.3727148500009,300.0,327.3999948500009,300.0,0.10513838948298018,0.0
1945,1679533260000.0,0.0,0.0,466.0,0.07386145922746781,0.0,0.0,0.07392,0.9994185675677579,1.0,327.3727148500009,300.0,327.3999948500009,300.0,0.10513838948298018,0.0
1946,1679536860000.0,0.0,0.0,466.0,0.07386145922746781,0.0,0.0,0.07312,0.9994185675677579,1.0,327.3727148500009,300.0,327.02719485000085,300.0,0.10513838948298018,0.0
1947,1679540460000.0,0.0,0.0,466.0,0.07386145922746781,0.0,0.0,0.07392,0.9994185675677579,1.0,327.3727148500009,300.0,327.3999948500009,300.0,0.10513838948298018,0.0
1948,1679544060000.0,0.0,0.0,466.0,0.07386145922746781,0.0,0.0,0.07374,0.9994185675677579,1.0,327.3727148500009,300.0,327.3161148500009,300.0,0.10513838948298018,0.0
1949,1679547660000.0,0.0,0.0,466.0,0.07386145922746781,0.0,0.0,0.07376,0.9994185675677579,1.0,327.3727148500009,300.0,327.3254348500009,300.0,0.10513838948298018,0.0
1950,1679551260000.0,0.0,0.0,466.0,0.07386145922746781,0.0,0.0,0.0747,0.9994185675677579,1.0,327.3727148500009,300.0,327.7634748500009,300.0,0.10513838948298018,0.0
1951,1679554860000.0,0.0,0.0,0.0,0.07386145922746781,0.0,0.0,0.07454,0.9994185675677579,1.0,327.8031500900009,300.0,327.8031500900009,300.0,0.0,0.0
1952,1679558460000.0,0.0,0.0,0.0,0.07386145922746781,0.0,0.0,0.07562,0.9994185675677579,1.0,327.8031500900009,300.0,327.8031500900009,300.0,0.0,0.0
1953,1679562060000.0,0.0,0.0,0.0,0.07386145922746781,0.0,0.0,0.07507,0.9994185675677579,1.0,327.8031500900009,300.0,327.8031500900009,300.0,0.0,0.0
1954,1679565660000.0,0.0,0.0,0.0,0.07386145922746781,0.0,0.0,0.0782,0.9994185675677579,1.0,327.8031500900009,300.0,327.8031500900009,300.0,0.0,0.0
1955,1679569260000.0,0.0,0.0,0.0,0.07386145922746781,0.0,0.0,0.07729,0.9994185675677579,1.0,327.8031500900009,300.0,327.8031500900009,300.0,0.0,0.0
1956,1679572860000.0,0.0,0.0,0.0,0.07386145922746781,0.0,0.0,0.07754,0.9994185675677579,1.0,327.8031500900009,300.0,327.8031500900009,300.0,0.0,0.0
1957,1679576460000.0,0.0,0.0,0.0,0.07386145922746781,0.0,0.0,0.07702,0.9994185675677579,1.0,327.8031500900009,300.0,327.8031500900009,300.0,0.0,0.0
1958,1679580060000.0,0.0,0.0,0.0,0.07386145922746781,0.0,0.0,0.07624,0.9994185675677579,1.0,327.8031500900009,300.0,327.8031500900009,300.0,0.0,0.0
1959,1679583660000.0,0.0,0.0,0.0,0.07386145922746781,0.0,0.0,0.07772,0.9994185675677579,1.0,327.8031500900009,300.0,327.8031500900009,300.0,0.0,0.0
1960,1679587260000.0,0.0,0.0,0.0,0.07386145922746781,0.0,0.0,0.07789,0.9994185675677579,1.0,327.8031500900009,300.0,327.8031500900009,300.0,0.0,0.0
1961,1679590860000.0,0.0,0.0,0.0,0.07386145922746781,0.0,0.0,0.07807,0.9994185675677579,1.0,327.8031500900009,300.0,327.8031500900009,300.0,0.0,0.0
1962,1679594460000.0,0.0,0.0,0.0,0.07386145922746781,0.0,0.0,0.07734,0.9994185675677579,1.0,327.8031500900009,300.0,327.8031500900009,300.0,0.0,0.0
1963,1679598060000.0,0.0,0.0,0.0,0.07386145922746781,0.0,0.0,0.07661,0.9994185675677579,1.0,327.8031500900009,300.0,327.8031500900009,300.0,0.0,0.0
1964,1679601660000.0,0.0,0.0,0.0,0.07386145922746781,0.0,0.0,0.07693,0.9994185675677579,1.0,327.8031500900009,300.0,327.8031500900009,300.0,0.0,0.0
1965,1679605260000.0,0.0,0.0,0.0,0.07386145922746781,0.0,0.0,0.07684,0.9994185675677579,1.0,327.8031500900009,300.0,327.8031500900009,300.0,0.0,0.0
1966,1679608860000.0,0.0,0.0,0.0,0.07386145922746781,0.0,0.0,0.07667,0.9994185675677579,1.0,327.8031500900009,300.0,327.8031500900009,300.0,0.0,0.0
1967,1679612460000.0,0.0,0.0,0.0,0.07386145922746781,0.0,0.0,0.07711,0.9994185675677579,1.0,327.8031500900009,300.0,327.8031500900009,300.0,0.0,0.0
1968,1679616060000.0,0.0,0.0,0.0,0.07386145922746781,0.0,0.0,0.07738,0.9994185675677579,1.0,327.8031500900009,300.0,327.8031500900009,300.0,0.0,0.0
1969,1679619660000.0,0.0,0.0,0.0,0.07386145922746781,0.0,0.0,0.07704,0.9994185675677579,1.0,327.8031500900009,300.0,327.8031500900009,300.0,0.0,0.0
1970,1679623260000.0,0.0,0.0,0.0,0.07386145922746781,0.0,0.0,0.07705,0.9994185675677579,1.0,327.8031500900009,300.0,327.8031500900009,300.0,0.0,0.0
1971,1679626860000.0,0.0,0.0,0.0,0.07386145922746781,0.0,0.0,0.07678,0.9994185675677579,1.0,327.8031500900009,300.0,327.8031500900009,300.0,0.0,0.0
1972,1679630460000.0,0.0,0.0,0.0,0.07386145922746781,0.0,0.0,0.07663,0.9994185675677579,1.0,327.8031500900009,300.0,327.8031500900009,300.0,0.0,0.0
1973,1679634060000.0,0.0,0.0,215.0,0.07629,0.0,0.0,0.0762,0.9994185675677579,1.0,327.78674774000086,300.0,327.7673977400009,300.0,0.05003969841090183,0.0
1974,1679637660000.0,0.0,0.0,215.0,0.07629,0.0,0.0,0.07655,0.9994185675677579,1.0,327.78674774000086,300.0,327.84264774000087,300.0,0.05003969841090183,0.0
1975,1679641260000.0,0.0,0.0,215.0,0.07629,0.0,0.0,0.07652,0.9994185675677579,1.0,327.78674774000086,300.0,327.83619774000084,300.0,0.05003969841090183,0.0
1976,1679644860000.0,0.0,0.0,215.0,0.07629,0.0,0.0,0.07656,0.9994185675677579,1.0,327.78674774000086,300.0,327.84479774000084,300.0,0.05003969841090183,0.0
1977,1679648460000.0,0.0,0.0,215.0,0.07629,0.0,0.0,0.07529,0.9994185675677579,1.0,327.78674774000086,300.0,327.5717477400009,300.0,0.05003969841090183,0.0
1978,1679652060000.0,0.0,0.0,215.0,0.07629,0.0,0.0,0.07496,0.9994185675677579,1.0,327.78674774000086,300.0,327.50079774000085,300.0,0.05003969841090183,0.0
1979,1679655660000.0,0.0,0.0,215.0,0.07629,0.0,0.0,0.07473,0.9994185675677579,1.0,327.78674774000086,300.0,327.45134774000087,300.0,0.05003969841090183,0.0
1980,1679659260000.0,0.0,0.0,215.0,0.07629,0.0,0.0,0.0752,0.9994185675677579,1.0,327.78674774000086,300.0,327.55239774000086,300.0,0.05003969841090183,0.0
1981,1679662860000.0,0.0,0.0,215.0,0.07629,0.0,0.0,0.0752,0.9994185675677579,1.0,327.78674774000086,300.0,327.55239774000086,300.0,0.05003969841090183,0.0
1982,1679666460000.0,0.0,0.0,215.0,0.07629,0.0,0.0,0.07406,0.9994185675677579,1.0,327.78674774000086,300.0,327.3072977400009,300.0,0.05003969841090183,0.0
1983,1679670060000.0,0.0,0.0,215.0,0.07629,0.0,0.0,0.07437,0.9994185675677579,1.0,327.78674774000086,300.0,327.37394774000086,300.0,0.05003969841090183,0.0
1984,1679673660000.0,0.0,0.0,215.0,0.07629,0.0,0.0,0.07464,0.9994185675677579,1.0,327.78674774000086,300.0,327.43199774000084,300.0,0.05003969841090183,0.0
1985,1679677260000.0,0.0,0.0,215.0,0.07629,0.0,0.0,0.07441,0.9994185675677579,1.0,327.78674774000086,300.0,327.38254774000086,300.0,0.05003969841090183,0.0
1986,1679680860000.0,0.0,0.0,460.0,0.07496913043478262,0.0,0.0,0.0735,0.9994185675677579,1.0,327.76866429000086,300.0,327.0928642900009,300.0,0.10521384060523828,0.0
1987,1679684460000.0,0.0,0.0,460.0,0.07496913043478262,0.0,0.0,0.07427,0.9994185675677579,1.0,327.76866429000086,300.0,327.44706429000087,300.0,0.10521384060523828,0.0
1988,1679688060000.0,0.0,0.0,460.0,0.07496913043478262,0.0,0.0,0.07545,0.9994185675677579,1.0,327.76866429000086,300.0,327.98986429000087,300.0,0.10521384060523828,0.0
1989,1679691660000.0,0.0,0.0,460.0,0.07496913043478262,0.0,0.0,0.07478,0.9994185675677579,1.0,327.76866429000086,300.0,327.68166429000087,300.0,0.10521384060523828,0.0
1990,1679695260000.0,0.0,0.0,460.0,0.07496913043478262,0.0,0.0,0.07511,0.9994185675677579,1.0,327.76866429000086,300.0,327.83346429000085,300.0,0.10521384060523828,0.0
1991,1679698860000.0,0.0,0.0,460.0,0.07496913043478262,0.0,0.0,0.07475,0.9994185675677579,1.0,327.76866429000086,300.0,327.66786429000086,300.0,0.10521384060523828,0.0
1992,1679702460000.0,0.0,0.0,460.0,0.07496913043478262,0.0,0.0,0.07457,0.9994185675677579,1.0,327.76866429000086,300.0,327.58506429000084,300.0,0.10521384060523828,0.0
1993,1679706060000.0,0.0,0.0,460.0,0.07496913043478262,0.0,0.0,0.07531,0.9994185675677579,1.0,327.76866429000086,300.0,327.92546429000083,300.0,0.10521384060523828,0.0
1994,1679709660000.0,0.0,0.0,460.0,0.07496913043478262,0.0,0.0,0.07503,0.9994185675677579,1.0,327.76866429000086,300.0,327.7966642900009,300.0,0.10521384060523828,0.0
1995,1679713260000.0,0.0,0.0,460.0,0.07496913043478262,0.0,0.0,0.07575,0.9994185675677579,1.0,327.76866429000086,300.0,328.12786429000084,300.0,0.10521384060523828,0.0
1996,1679716860000.0,0.0,0.0,460.0,0.07496913043478262,0.0,0.0,0.07569,0.9994185675677579,1.0,327.76866429000086,300.0,328.10026429000084,300.0,0.10521384060523828,0.0
1997,1679720460000.0,0.0,0.0,460.0,0.07496913043478262,0.0,0.0,0.0748,0.9994185675677579,1.0,327.76866429000086,300.0,327.69086429000083,300.0,0.10521384060523828,0.0
1998,1679724060000.0,0.0,0.0,460.0,0.07496913043478262,0.0,0.0,0.07486,0.9994185675677579,1.0,327.76866429000086,300.0,327.71846429000084,300.0,0.10521384060523828,0.0
1999,1679727660000.0,0.0,0.0,460.0,0.07496913043478262,0.0,0.0,0.07496,0.9994185675677579,1.0,327.76866429000086,300.0,327.76446429000083,300.0,0.10521384060523828,0.0
2000,1679731260000.0,0.0,0.0,460.0,0.07496913043478262,0.0,0.0,0.07474,0.9994185675677579,1.0,327.76866429000086,300.0,327.6632642900008,300.0,0.10521384060523828,0.0
2001,1679734860000.0,0.0,0.0,460.0,0.07496913043478262,0.0,0.0,0.07454,0.9994185675677579,1.0,327.76866429000086,300.0,327.57126429000084,300.0,0.10521384060523828,0.0
2002,1679738460000.0,0.0,0.0,460.0,0.07496913043478262,0.0,0.0,0.07481,0.9994185675677579,1.0,327.76866429000086,300.0,327.69546429000087,300.0,0.10521384060523828,0.0
2003,1679742060000.0,0.0,0.0,460.0,0.07496913043478262,0.0,0.0,0.0749,0.9994185675677579,1.0,327.76866429000086,300.0,327.7368642900008,300.0,0.10521384060523828,0.0
2004,1679745660000.0,0.0,0.0,460.0,0.07496913043478262,0.0,0.0,0.07487,0.9994185675677579,1.0,327.76866429000086,300.0,327.7230642900009,300.0,0.10521384060523828,0.0
2005,1679749260000.0,0.0,0.0,460.0,0.07496913043478262,0.0,0.0,0.07469,0.9994185675677579,1.0,327.76866429000086,300.0,327.64026429000086,300.0,0.10521384060523828,0.0
2006,1679752860000.0,0.0,0.0,460.0,0.07496913043478262,0.0,0.0,0.07494,0.9994185675677579,1.0,327.76866429000086,300.0,327.75526429000087,300.0,0.10521384060523828,0.0
2007,1679756460000.0,0.0,0.0,460.0,0.07496913043478262,0.0,0.0,0.07471,0.9994185675677579,1.0,327.76866429000086,300.0,327.6494642900008,300.0,0.10521384060523828,0.0
2008,1679760060000.0,0.0,0.0,460.0,0.07496913043478262,0.0,0.0,0.0752,0.9994185675677579,1.0,327.76866429000086,300.0,327.87486429000086,300.0,0.10521384060523828,0.0
2009,1679763660000.0,0.0,0.0,460.0,0.07496913043478262,0.0,0.0,0.07506,0.9994185675677579,1.0,327.76866429000086,300.0,327.8104642900008,300.0,0.10521384060523828,0.0
2010,1679767260000.0,0.0,0.0,460.0,0.07496913043478262,0.0,0.0,0.07429,0.9994185675677579,1.0,327.76866429000086,300.0,327.45626429000083,300.0,0.10521384060523828,0.0
2011,1679770860000.0,0.0,0.0,460.0,0.07496913043478262,0.0,0.0,0.07329,0.9994185675677579,1.0,327.76866429000086,300.0,326.99626429000085,300.0,0.10521384060523828,0.0
2012,1679774460000.0,0.0,0.0,460.0,0.07496913043478262,0.0,0.0,0.0727,0.9994185675677579,1.0,327.76866429000086,300.0,326.7248642900008,300.0,0.10521384060523828,0.0
2013,1679778060000.0,0.0,0.0,460.0,0.07496913043478262,0.0,0.0,0.07336,0.9994185675677579,1.0,327.76866429000086,300.0,327.02846429000084,300.0,0.10521384060523828,0.0
2014,1679781660000.0,0.0,0.0,460.0,0.07496913043478262,0.0,0.0,0.07359,0.9994185675677579,1.0,327.76866429000086,300.0,327.13426429000083,300.0,0.10521384060523828,0.0
2015,1679785260000.0,0.0,0.0,460.0,0.07496913043478262,0.0,0.0,0.0736,0.9994185675677579,1.0,327.76866429000086,300.0,327.13886429000087,300.0,0.10521384060523828,0.0
2016,1679788860000.0,0.0,0.0,460.0,0.07496913043478262,0.0,0.0,0.07405,0.9994185675677579,1.0,327.76866429000086,300.0,327.34586429000086,300.0,0.10521384060523828,0.0
2017,1679792460000.0,0.0,0.0,460.0,0.07496913043478262,0.0,0.0,0.0739,0.9994185675677579,1.0,327.76866429000086,300.0,327.27686429000084,300.0,0.10521384060523828,0.0
2018,1679796060000.0,0.0,0.0,460.0,0.07496913043478262,0.0,0.0,0.07414,0.9994185675677579,1.0,327.76866429000086,300.0,327.38726429000087,300.0,0.10521384060523828,0.0
2019,1679799660000.0,0.0,0.0,460.0,0.07496913043478262,0.0,0.0,0.07476,0.9994185675677579,1.0,327.76866429000086,300.0,327.67246429000085,300.0,0.10521384060523828,0.0
2020,1679803260000.0,0.0,0.0,460.0,0.07496913043478262,0.0,0.0,0.07439,0.9994185675677579,1.0,327.76866429000086,300.0,327.5022642900008,300.0,0.10521384060523828,0.0
2021,1679806860000.0,0.0,0.0,460.0,0.07496913043478262,0.0,0.0,0.07449,0.9994185675677579,1.0,327.76866429000086,300.0,327.5482642900009,300.0,0.10521384060523828,0.0
2022,1679810460000.0,0.0,0.0,460.0,0.07496913043478262,0.0,0.0,0.07466,0.9994185675677579,1.0,327.76866429000086,300.0,327.62646429000085,300.0,0.10521384060523828,0.0
2023,1679814060000.0,0.0,0.0,460.0,0.07496913043478262,0.0,0.0,0.07449,0.9994185675677579,1.0,327.76866429000086,300.0,327.5482642900009,300.0,0.10521384060523828,0.0
2024,1679817660000.0,0.0,0.0,460.0,0.07496913043478262,0.0,0.0,0.0745,0.9994185675677579,1.0,327.76866429000086,300.0,327.55286429000085,300.0,0.10521384060523828,0.0
2025,1679821260000.0,0.0,0.0,460.0,0.07496913043478262,0.0,0.0,0.07473,0.9994185675677579,1.0,327.76866429000086,300.0,327.65866429000084,300.0,0.10521384060523828,0.0
2026,1679824860000.0,0.0,0.0,460.0,0.07496913043478262,0.0,0.0,0.07462,0.9994185675677579,1.0,327.76866429000086,300.0,327.60806429000087,300.0,0.10521384060523828,0.0
2027,1679828460000.0,0.0,0.0,460.0,0.07496913043478262,0.0,0.0,0.07474,0.9994185675677579,1.0,327.76866429000086,300.0,327.6632642900008,300.0,0.10521384060523828,0.0
2028,1679832060000.0,0.0,0.0,460.0,0.07496913043478262,0.0,0.0,0.07508,0.9994185675677579,1.0,327.76866429000086,300.0,327.81966429000084,300.0,0.10521384060523828,0.0
2029,1679835660000.0,0.0,0.0,460.0,0.07496913043478262,0.0,0.0,0.07486,0.9994185675677579,1.0,327.76866429000086,300.0,327.71846429000084,300.0,0.10521384060523828,0.0
2030,1679839260000.0,0.0,0.0,460.0,0.07496913043478262,0.0,0.0,0.07519,0.9994185675677579,1.0,327.76866429000086,300.0,327.8702642900009,300.0,0.10521384060523828,0.0
2031,1679842860000.0,0.0,0.0,460.0,0.07496913043478262,0.0,0.0,0.07439,0.9994185675677579,1.0,327.76866429000086,300.0,327.5022642900008,300.0,0.10521384060523828,0.0
2032,1679846460000.0,0.0,0.0,460.0,0.07496913043478262,0.0,0.0,0.07404,0.9994185675677579,1.0,327.76866429000086,300.0,327.3412642900008,300.0,0.10521384060523828,0.0
2033,1679850060000.0,0.0,0.0,460.0,0.07496913043478262,0.0,0.0,0.07389,0.9994185675677579,1.0,327.76866429000086,300.0,327.27226429000086,300.0,0.10521384060523828,0.0
2034,1679853660000.0,0.0,0.0,460.0,0.07496913043478262,0.0,0.0,0.07439,0.9994185675677579,1.0,327.76866429000086,300.0,327.5022642900008,300.0,0.10521384060523828,0.0
2035,1679857260000.0,0.0,0.0,460.0,0.07496913043478262,0.0,0.0,0.07431,0.9994185675677579,1.0,327.76866429000086,300.0,327.46546429000085,300.0,0.10521384060523828,0.0
2036,1679860860000.0,0.0,0.0,460.0,0.07496913043478262,0.0,0.0,0.07405,0.9994185675677579,1.0,327.76866429000086,300.0,327.34586429000086,300.0,0.10521384060523828,0.0
2037,1679864460000.0,0.0,0.0,460.0,0.07496913043478262,0.0,0.0,0.07371,0.9994185675677579,1.0,327.76866429000086,300.0,327.18946429000084,300.0,0.10521384060523828,0.0
2038,1679868060000.0,0.0,0.0,460.0,0.07496913043478262,0.0,0.0,0.0739,0.9994185675677579,1.0,327.76866429000086,300.0,327.27686429000084,300.0,0.10521384060523828,0.0
2039,1679871660000.0,0.0,0.0,460.0,0.07496913043478262,0.0,0.0,0.07445,0.9994185675677579,1.0,327.76866429000086,300.0,327.52986429000083,300.0,0.10521384060523828,0.0
2040,1679875260000.0,0.0,0.0,460.0,0.07496913043478262,0.0,0.0,0.07448,0.9994185675677579,1.0,327.76866429000086,300.0,327.54366429000083,300.0,0.10521384060523828,0.0
2041,1679878860000.0,0.0,0.0,460.0,0.07496913043478262,0.0,0.0,0.07436,0.9994185675677579,1.0,327.76866429000086,300.0,327.4884642900008,300.0,0.10521384060523828,0.0
2042,1679882460000.0,0.0,0.0,460.0,0.07496913043478262,0.0,0.0,0.07355,0.9994185675677579,1.0,327.76866429000086,300.0,327.11586429000084,300.0,0.10521384060523828,0.0
2043,1679886060000.0,0.0,0.0,460.0,0.07496913043478262,0.0,0.0,0.07367,0.9994185675677579,1.0,327.76866429000086,300.0,327.17106429000086,300.0,0.10521384060523828,0.0
2044,1679889660000.0,0.0,0.0,460.0,0.07496913043478262,0.0,0.0,0.07362,0.9994185675677579,1.0,327.76866429000086,300.0,327.14806429000083,300.0,0.10521384060523828,0.0
2045,1679893260000.0,0.0,0.0,460.0,0.07496913043478262,0.0,0.0,0.07388,0.9994185675677579,1.0,327.76866429000086,300.0,327.2676642900008,300.0,0.10521384060523828,0.0
2046,1679896860000.0,0.0,0.0,460.0,0.07496913043478262,0.0,0.0,0.07326,0.9994185675677579,1.0,327.76866429000086,300.0,326.98246429000085,300.0,0.10521384060523828,0.0
2047,1679900460000.0,0.0,0.0,460.0,0.07496913043478262,0.0,0.0,0.07333,0.9994185675677579,1.0,327.76866429000086,300.0,327.01466429000084,300.0,0.10521384060523828,0.0
2048,1679904060000.0,0.0,0.0,460.0,0.07496913043478262,0.0,0.0,0.07328,0.9994185675677579,1.0,327.76866429000086,300.0,326.99166429000087,300.0,0.10521384060523828,0.0
2049,1679907660000.0,0.0,0.0,460.0,0.07496913043478262,0.0,0.0,0.07346,0.9994185675677579,1.0,327.76866429000086,300.0,327.07446429000083,300.0,0.10521384060523828,0.0
2050,1679911260000.0,0.0,0.0,460.0,0.07496913043478262,0.0,0.0,0.07349,0.9994185675677579,1.0,327.76866429000086,300.0,327.08826429000084,300.0,0.10521384060523828,0.0
2051,1679914860000.0,0.0,0.0,460.0,0.07496913043478262,0.0,0.0,0.07371,0.9994185675677579,1.0,327.76866429000086,300.0,327.18946429000084,300.0,0.10521384060523828,0.0
2052,1679918460000.0,0.0,0.0,460.0,0.07496913043478262,0.0,0.0,0.07391,0.9994185675677579,1.0,327.76866429000086,300.0,327.2814642900008,300.0,0.10521384060523828,0.0
2053,1679922060000.0,0.0,0.0,460.0,0.07496913043478262,0.0,0.0,0.07516,0.9994185675677579,1.0,327.76866429000086,300.0,327.8564642900009,300.0,0.10521384060523828,0.0
2054,1679925660000.0,0.0,0.0,0.0,0.07496913043478262,0.0,0.0,0.0748,0.9994185675677579,1.0,328.19871349000084,300.0,328.19871349000084,300.0,0.0,0.0
2055,1679929260000.0,0.0,0.0,222.0,0.07389,0.0,0.0,0.07259,0.9994185675677579,1.0,328.18230991000087,300.0,327.8937099100009,300.0,0.04998313286446925,0.0
2056,1679932860000.0,0.0,0.0,475.0,0.07261168421052631,0.0,0.0,0.07263,0.9994185675677579,1.0,328.16422294000085,300.0,328.17292294000083,300.0,0.10510149366985078,0.0
2057,1679936460000.0,0.0,0.0,475.0,0.07261168421052631,0.0,0.0,0.07239,0.9994185675677579,1.0,328.16422294000085,300.0,328.05892294000085,300.0,0.10510149366985078,0.0
2058,1679940060000.0,0.0,0.0,475.0,0.07261168421052631,0.0,0.0,0.07208,0.9994185675677579,1.0,328.16422294000085,300.0,327.91167294000087,300.0,0.10510149366985078,0.0
2059,1679943660000.0,0.0,0.0,475.0,0.07261168421052631,0.0,0.0,0.0726,0.9994185675677579,1.0,328.16422294000085,300.0,328.1586729400008,300.0,0.10510149366985078,0.0
2060,1679947260000.0,0.0,0.0,475.0,0.07261168421052631,0.0,0.0,0.0722,0.9994185675677579,1.0,328.16422294000085,300.0,327.96867294000083,300.0,0.10510149366985078,0.0
2061,1679950860000.0,0.0,0.0,475.0,0.07261168421052631,0.0,0.0,0.07243,0.9994185675677579,1.0,328.16422294000085,300.0,328.07792294000086,300.0,0.10510149366985078,0.0
2062,1679954460000.0,0.0,0.0,475.0,0.07261168421052631,0.0,0.0,0.07289,0.9994185675677579,1.0,328.16422294000085,300.0,328.29642294000087,300.0,0.10510149366985078,0.0
2063,1679958060000.0,0.0,0.0,475.0,0.07261168421052631,0.0,0.0,0.0726,0.9994185675677579,1.0,328.16422294000085,300.0,328.1586729400008,300.0,0.10510149366985078,0.0
2064,1679961660000.0,0.0,0.0,475.0,0.07261168421052631,0.0,0.0,0.07298,0.9994185675677579,1.0,328.16422294000085,300.0,328.3391729400009,300.0,0.10510149366985078,0.0
2065,1679965260000.0,0.0,0.0,475.0,0.07261168421052631,0.0,0.0,0.0722,0.9994185675677579,1.0,328.16422294000085,300.0,327.96867294000083,300.0,0.10510149366985078,0.0
2066,1679968860000.0,0.0,0.0,475.0,0.07261168421052631,0.0,0.0,0.07262,0.9994185675677579,1.0,328.16422294000085,300.0,328.16817294000083,300.0,0.10510149366985078,0.0
2067,1679972460000.0,0.0,0.0,475.0,0.07261168421052631,0.0,0.0,0.07243,0.9994185675677579,1.0,328.16422294000085,300.0,328.07792294000086,300.0,0.10510149366985078,0.0
2068,1679976060000.0,0.0,0.0,475.0,0.07261168421052631,0.0,0.0,0.0722,0.9994185675677579,1.0,328.16422294000085,300.0,327.96867294000083,300.0,0.10510149366985078,0.0
2069,1679979660000.0,0.0,0.0,475.0,0.07261168421052631,0.0,0.0,0.07257,0.9994185675677579,1.0,328.16422294000085,300.0,328.1444229400009,300.0,0.10510149366985078,0.0
2070,1679983260000.0,0.0,0.0,475.0,0.07261168421052631,0.0,0.0,0.07267,0.9994185675677579,1.0,328.16422294000085,300.0,328.19192294000084,300.0,0.10510149366985078,0.0
2071,1679986860000.0,0.0,0.0,475.0,0.07261168421052631,0.0,0.0,0.07294,0.9994185675677579,1.0,328.16422294000085,300.0,328.3201729400009,300.0,0.10510149366985078,0.0
2072,1679990460000.0,0.0,0.0,475.0,0.07261168421052631,0.0,0.0,0.07242,0.9994185675677579,1.0,328.16422294000085,300.0,328.07317294000086,300.0,0.10510149366985078,0.0
2073,1679994060000.0,0.0,0.0,475.0,0.07261168421052631,0.0,0.0,0.07235,0.9994185675677579,1.0,328.16422294000085,300.0,328.03992294000085,300.0,0.10510149366985078,0.0
2074,1679997660000.0,0.0,0.0,475.0,0.07261168421052631,0.0,0.0,0.07214,0.9994185675677579,1.0,328.16422294000085,300.0,327.9401729400009,300.0,0.10510149366985078,0.0
2075,1680001260000.0,0.0,0.0,475.0,0.07261168421052631,0.0,0.0,0.07207,0.9994185675677579,1.0,328.16422294000085,300.0,327.90692294000087,300.0,0.10510149366985078,0.0
2076,1680004860000.0,0.0,0.0,475.0,0.07261168421052631,0.0,0.0,0.07294,0.9994185675677579,1.0,328.16422294000085,300.0,328.3201729400009,300.0,0.10510149366985078,0.0
2077,1680008460000.0,0.0,0.0,475.0,0.07261168421052631,0.0,0.0,0.07247,0.9994185675677579,1.0,328.16422294000085,300.0,328.09692294000087,300.0,0.10510149366985078,0.0
2078,1680012060000.0,0.0,0.0,475.0,0.07261168421052631,0.0,0.0,0.07249,0.9994185675677579,1.0,328.16422294000085,300.0,328.10642294000087,300.0,0.10510149366985078,0.0
2079,1680015660000.0,0.0,0.0,475.0,0.07261168421052631,0.0,0.0,0.07264,0.9994185675677579,1.0,328.16422294000085,300.0,328.17767294000083,300.0,0.10510149366985078,0.0
2080,1680019260000.0,0.0,0.0,475.0,0.07261168421052631,0.0,0.0,0.07267,0.9994185675677579,1.0,328.16422294000085,300.0,328.19192294000084,300.0,0.10510149366985078,0.0
2081,1680022860000.0,0.0,0.0,475.0,0.07261168421052631,0.0,0.0,0.07236,0.9994185675677579,1.0,328.16422294000085,300.0,328.04467294000085,300.0,0.10510149366985078,0.0
2082,1680026460000.0,0.0,0.0,475.0,0.07261168421052631,0.0,0.0,0.07239,0.9994185675677579,1.0,328.16422294000085,300.0,328.05892294000085,300.0,0.10510149366985078,0.0
2083,1680030060000.0,0.0,0.0,475.0,0.07261168421052631,0.0,0.0,0.07337,0.9994185675677579,1.0,328.16422294000085,300.0,328.5244229400009,300.0,0.10510149366985078,0.0
2084,1680033660000.0,0.0,0.0,0.0,0.07261168421052631,0.0,0.0,0.07379,0.9994185675677579,1.0,328.59396769000085,300.0,328.59396769000085,300.0,0.0,0.0
2085,1680037260000.0,0.0,0.0,0.0,0.07261168421052631,0.0,0.0,0.07364,0.9994185675677579,1.0,328.59396769000085,300.0,328.59396769000085,300.0,0.0,0.0
2086,1680040860000.0,0.0,0.0,0.0,0.07261168421052631,0.0,0.0,0.07326,0.9994185675677579,1.0,328.59396769000085,300.0,328.59396769000085,300.0,0.0,0.0
2087,1680044460000.0,0.0,0.0,0.0,0.07261168421052631,0.0,0.0,0.07359,0.9994185675677579,1.0,328.59396769000085,300.0,328.59396769000085,300.0,0.0,0.0
2088,1680048060000.0,0.0,0.0,0.0,0.07261168421052631,0.0,0.0,0.07379,0.9994185675677579,1.0,328.59396769000085,300.0,328.59396769000085,300.0,0.0,0.0
2089,1680051660000.0,0.0,0.0,0.0,0.07261168421052631,0.0,0.0,0.07361,0.9994185675677579,1.0,328.59396769000085,300.0,328.59396769000085,300.0,0.0,0.0
2090,1680055260000.0,0.0,0.0,0.0,0.07261168421052631,0.0,0.0,0.07396,0.9994185675677579,1.0,328.59396769000085,300.0,328.59396769000085,300.0,0.0,0.0
2091,1680058860000.0,0.0,0.0,0.0,0.07261168421052631,0.0,0.0,0.07407,0.9994185675677579,1.0,328.59396769000085,300.0,328.59396769000085,300.0,0.0,0.0
2092,1680062460000.0,0.0,0.0,0.0,0.07261168421052631,0.0,0.0,0.07393,0.9994185675677579,1.0,328.59396769000085,300.0,328.59396769000085,300.0,0.0,0.0
2093,1680066060000.0,0.0,0.0,0.0,0.07261168421052631,0.0,0.0,0.07484,0.9994185675677579,1.0,328.59396769000085,300.0,328.59396769000085,300.0,0.0,0.0
2094,1680069660000.0,0.0,0.0,0.0,0.07261168421052631,0.0,0.0,0.07503,0.9994185675677579,1.0,328.59396769000085,300.0,328.59396769000085,300.0,0.0,0.0
2095,1680073260000.0,0.0,0.0,0.0,0.07261168421052631,0.0,0.0,0.07586,0.9994185675677579,1.0,328.59396769000085,300.0,328.59396769000085,300.0,0.0,0.0
2096,1680076860000.0,0.0,0.0,0.0,0.07261168421052631,0.0,0.0,0.07631,0.9994185675677579,1.0,328.59396769000085,300.0,328.59396769000085,300.0,0.0,0.0
2097,1680080460000.0,0.0,0.0,0.0,0.07261168421052631,0.0,0.0,0.07652,0.9994185675677579,1.0,328.59396769000085,300.0,328.59396769000085,300.0,0.0,0.0
2098,1680084060000.0,0.0,0.0,0.0,0.07261168421052631,0.0,0.0,0.07614,0.9994185675677579,1.0,328.59396769000085,300.0,328.59396769000085,300.0,0.0,0.0
2099,1680087660000.0,0.0,0.0,0.0,0.07261168421052631,0.0,0.0,0.07582,0.9994185675677579,1.0,328.59396769000085,300.0,328.59396769000085,300.0,0.0,0.0
2100,1680091260000.0,0.0,0.0,0.0,0.07261168421052631,0.0,0.0,0.0761,0.9994185675677579,1.0,328.59396769000085,300.0,328.59396769000085,300.0,0.0,0.0
2101,1680094860000.0,0.0,0.0,0.0,0.07261168421052631,0.0,0.0,0.07605,0.9994185675677579,1.0,328.59396769000085,300.0,328.59396769000085,300.0,0.0,0.0
2102,1680098460000.0,0.0,0.0,0.0,0.07261168421052631,0.0,0.0,0.0758,0.9994185675677579,1.0,328.59396769000085,300.0,328.59396769000085,300.0,0.0,0.0
2103,1680102060000.0,0.0,0.0,0.0,0.07261168421052631,0.0,0.0,0.0752,0.9994185675677579,1.0,328.59396769000085,300.0,328.59396769000085,300.0,0.0,0.0
2104,1680105660000.0,0.0,0.0,0.0,0.07261168421052631,0.0,0.0,0.07566,0.9994185675677579,1.0,328.59396769000085,300.0,328.59396769000085,300.0,0.0,0.0
2105,1680109260000.0,0.0,0.0,0.0,0.07261168421052631,0.0,0.0,0.07535,0.9994185675677579,1.0,328.59396769000085,300.0,328.59396769000085,300.0,0.0,0.0
2106,1680112860000.0,0.0,0.0,0.0,0.07261168421052631,0.0,0.0,0.07563,0.9994185675677579,1.0,328.59396769000085,300.0,328.59396769000085,300.0,0.0,0.0
2107,1680116460000.0,0.0,0.0,0.0,0.07261168421052631,0.0,0.0,0.07599,0.9994185675677579,1.0,328.59396769000085,300.0,328.59396769000085,300.0,0.0,0.0
2108,1680120060000.0,0.0,0.0,0.0,0.07261168421052631,0.0,0.0,0.07596,0.9994185675677579,1.0,328.59396769000085,300.0,328.59396769000085,300.0,0.0,0.0
2109,1680123660000.0,0.0,0.0,0.0,0.07261168421052631,0.0,0.0,0.0758,0.9994185675677579,1.0,328.59396769000085,300.0,328.59396769000085,300.0,0.0,0.0
2110,1680127260000.0,0.0,0.0,0.0,0.07261168421052631,0.0,0.0,0.07562,0.9994185675677579,1.0,328.59396769000085,300.0,328.59396769000085,300.0,0.0,0.0
2111,1680130860000.0,0.0,0.0,0.0,0.07261168421052631,0.0,0.0,0.0758,0.9994185675677579,1.0,328.59396769000085,300.0,328.59396769000085,300.0,0.0,0.0
2112,1680134460000.0,0.0,0.0,0.0,0.07261168421052631,0.0,0.0,0.07567,0.9994185675677579,1.0,328.59396769000085,300.0,328.59396769000085,300.0,0.0,0.0
2113,1680138060000.0,0.0,0.0,219.0,0.0751,0.0,0.0,0.07509,0.9994185675677579,1.0,328.57752079000085,300.0,328.57533079000086,300.0,0.0500548545148695,0.0
2114,1680141660000.0,0.0,0.0,219.0,0.0751,0.0,0.0,0.07488,0.9994185675677579,1.0,328.57752079000085,300.0,328.52934079000084,300.0,0.0500548545148695,0.0
2115,1680145260000.0,0.0,0.0,0.0,0.0751,0.0,0.0,0.07632,0.9994185675677579,1.0,328.78204270000083,300.0,328.78204270000083,300.0,0.0,0.0
2116,1680148860000.0,0.0,0.0,219.0,0.07512,0.0,0.0,0.07493,0.9994185675677579,1.0,328.7655914200008,300.0,328.7239814200008,300.0,0.050039543155790144,0.0
2117,1680152460000.0,0.0,0.0,219.0,0.07512,0.0,0.0,0.07518,0.9994185675677579,1.0,328.7655914200008,300.0,328.77873142000084,300.0,0.050039543155790144,0.0
2118,1680156060000.0,0.0,0.0,219.0,0.07512,0.0,0.0,0.07537,0.9994185675677579,1.0,328.7655914200008,300.0,328.82034142000083,300.0,0.050039543155790144,0.0
2119,1680159660000.0,0.0,0.0,219.0,0.07512,0.0,0.0,0.07514,0.9994185675677579,1.0,328.7655914200008,300.0,328.76997142000084,300.0,0.050039543155790144,0.0
2120,1680163260000.0,0.0,0.0,219.0,0.07512,0.0,0.0,0.07539,0.9994185675677579,1.0,328.7655914200008,300.0,328.8247214200008,300.0,0.050039543155790144,0.0
2121,1680166860000.0,0.0,0.0,219.0,0.07512,0.0,0.0,0.07484,0.9994185675677579,1.0,328.7655914200008,300.0,328.7042714200008,300.0,0.050039543155790144,0.0
2122,1680170460000.0,0.0,0.0,219.0,0.07512,0.0,0.0,0.07486,0.9994185675677579,1.0,328.7655914200008,300.0,328.7086514200008,300.0,0.050039543155790144,0.0
2123,1680174060000.0,0.0,0.0,219.0,0.07512,0.0,0.0,0.07507,0.9994185675677579,1.0,328.7655914200008,300.0,328.75464142000084,300.0,0.050039543155790144,0.0
2124,1680177660000.0,0.0,0.0,219.0,0.07512,0.0,0.0,0.07511,0.9994185675677579,1.0,328.7655914200008,300.0,328.76340142000083,300.0,0.050039543155790144,0.0
2125,1680181260000.0,0.0,0.0,219.0,0.07512,0.0,0.0,0.07504,0.9994185675677579,1.0,328.7655914200008,300.0,328.7480714200008,300.0,0.050039543155790144,0.0
2126,1680184860000.0,0.0,0.0,219.0,0.07512,0.0,0.0,0.07468,0.9994185675677579,1.0,328.7655914200008,300.0,328.6692314200008,300.0,0.050039543155790144,0.0
2127,1680188460000.0,0.0,0.0,219.0,0.07512,0.0,0.0,0.07477,0.9994185675677579,1.0,328.7655914200008,300.0,328.68894142000084,300.0,0.050039543155790144,0.0
2128,1680192060000.0,0.0,0.0,219.0,0.07512,0.0,0.0,0.07478,0.9994185675677579,1.0,328.7655914200008,300.0,328.69113142000083,300.0,0.050039543155790144,0.0
2129,1680195660000.0,0.0,0.0,219.0,0.07512,0.0,0.0,0.07457,0.9994185675677579,1.0,328.7655914200008,300.0,328.6451414200008,300.0,0.050039543155790144,0.0
2130,1680199260000.0,0.0,0.0,219.0,0.07512,0.0,0.0,0.07377,0.9994185675677579,1.0,328.7655914200008,300.0,328.4699414200008,300.0,0.050039543155790144,0.0
2131,1680202860000.0,0.0,0.0,219.0,0.07512,0.0,0.0,0.07431,0.9994185675677579,1.0,328.7655914200008,300.0,328.5882014200008,300.0,0.050039543155790144,0.0
2132,1680206460000.0,0.0,0.0,219.0,0.07512,0.0,0.0,0.07436,0.9994185675677579,1.0,328.7655914200008,300.0,328.5991514200008,300.0,0.050039543155790144,0.0
2133,1680210060000.0,0.0,0.0,219.0,0.07512,0.0,0.0,0.07478,0.9994185675677579,1.0,328.7655914200008,300.0,328.69113142000083,300.0,0.050039543155790144,0.0
2134,1680213660000.0,0.0,0.0,219.0,0.07512,0.0,0.0,0.07433,0.9994185675677579,1.0,328.7655914200008,300.0,328.59258142000084,300.0,0.050039543155790144,0.0
2135,1680217260000.0,0.0,0.0,219.0,0.07512,0.0,0.0,0.07374,0.9994185675677579,1.0,328.7655914200008,300.0,328.46337142000084,300.0,0.050039543155790144,0.0
2136,1680220860000.0,0.0,0.0,219.0,0.07512,0.0,0.0,0.07432,0.9994185675677579,1.0,328.7655914200008,300.0,328.5903914200008,300.0,0.050039543155790144,0.0
2137,1680224460000.0,0.0,0.0,219.0,0.07512,0.0,0.0,0.07471,0.9994185675677579,1.0,328.7655914200008,300.0,328.6758014200008,300.0,0.050039543155790144,0.0
2138,1680228060000.0,0.0,0.0,219.0,0.07512,0.0,0.0,0.07479,0.9994185675677579,1.0,328.7655914200008,300.0,328.6933214200008,300.0,0.050039543155790144,0.0
2139,1680231660000.0,0.0,0.0,219.0,0.07512,0.0,0.0,0.07467,0.9994185675677579,1.0,328.7655914200008,300.0,328.6670414200008,300.0,0.050039543155790144,0.0
2140,1680235260000.0,0.0,0.0,219.0,0.07512,0.0,0.0,0.07467,0.9994185675677579,1.0,328.7655914200008,300.0,328.6670414200008,300.0,0.050039543155790144,0.0
2141,1680238860000.0,0.0,0.0,219.0,0.07512,0.0,0.0,0.07484,0.9994185675677579,1.0,328.7655914200008,300.0,328.7042714200008,300.0,0.050039543155790144,0.0
2142,1680242460000.0,0.0,0.0,219.0,0.07512,0.0,0.0,0.07439,0.9994185675677579,1.0,328.7655914200008,300.0,328.6057214200008,300.0,0.050039543155790144,0.0
2143,1680246060000.0,0.0,0.0,219.0,0.07512,0.0,0.0,0.07453,0.9994185675677579,1.0,328.7655914200008,300.0,328.6363814200008,300.0,0.050039543155790144,0.0
2144,1680249660000.0,0.0,0.0,219.0,0.07512,0.0,0.0,0.07422,0.9994185675677579,1.0,328.7655914200008,300.0,328.56849142000084,300.0,0.050039543155790144,0.0
2145,1680253260000.0,0.0,0.0,219.0,0.07512,0.0,0.0,0.07435,0.9994185675677579,1.0,328.7655914200008,300.0,328.5969614200008,300.0,0.050039543155790144,0.0
2146,1680256860000.0,0.0,0.0,219.0,0.07512,0.0,0.0,0.07424,0.9994185675677579,1.0,328.7655914200008,300.0,328.5728714200008,300.0,0.050039543155790144,0.0
2147,1680260460000.0,0.0,0.0,219.0,0.07512,0.0,0.0,0.07423,0.9994185675677579,1.0,328.7655914200008,300.0,328.5706814200008,300.0,0.050039543155790144,0.0
2148,1680264060000.0,0.0,0.0,219.0,0.07512,0.0,0.0,0.07455,0.9994185675677579,1.0,328.7655914200008,300.0,328.64076142000084,300.0,0.050039543155790144,0.0
2149,1680267660000.0,0.0,0.0,219.0,0.07512,0.0,0.0,0.07577,0.9994185675677579,1.0,328.7655914200008,300.0,328.90794142000084,300.0,0.050039543155790144,0.0
2150,1680271260000.0,0.0,0.0,219.0,0.07512,0.0,0.0,0.07565,0.9994185675677579,1.0,328.7655914200008,300.0,328.8816614200008,300.0,0.050039543155790144,0.0
2151,1680274860000.0,0.0,0.0,0.0,0.07512,0.0,0.0,0.07586,0.9994185675677579,1.0,328.9701089500008,300.0,328.9701089500008,300.0,0.0,0.0
2152,1680278460000.0,0.0,0.0,0.0,0.07512,0.0,0.0,0.07567,0.9994185675677579,1.0,328.9701089500008,300.0,328.9701089500008,300.0,0.0,0.0
2153,1680282060000.0,0.0,0.0,0.0,0.07512,0.0,0.0,0.07603,0.9994185675677579,1.0,328.9701089500008,300.0,328.9701089500008,300.0,0.0,0.0
2154,1680285660000.0,0.0,0.0,0.0,0.07512,0.0,0.0,0.07593,0.9994185675677579,1.0,328.9701089500008,300.0,328.9701089500008,300.0,0.0,0.0
2155,1680289260000.0,0.0,0.0,0.0,0.07512,0.0,0.0,0.07581,0.9994185675677579,1.0,328.9701089500008,300.0,328.9701089500008,300.0,0.0,0.0
2156,1680292860000.0,0.0,0.0,0.0,0.07512,0.0,0.0,0.07645,0.9994185675677579,1.0,328.9701089500008,300.0,328.9701089500008,300.0,0.0,0.0
2157,1680296460000.0,0.0,0.0,0.0,0.07512,0.0,0.0,0.07687,0.9994185675677579,1.0,328.9701089500008,300.0,328.9701089500008,300.0,0.0,0.0
2158,1680300060000.0,0.0,0.0,0.0,0.07512,0.0,0.0,0.0765,0.9994185675677579,1.0,328.9701089500008,300.0,328.9701089500008,300.0,0.0,0.0
2159,1680303660000.0,0.0,0.0,0.0,0.07512,0.0,0.0,0.07776,0.9994185675677579,1.0,328.9701089500008,300.0,328.9701089500008,300.0,0.0,0.0
2160,1680307260000.0,0.0,0.0,0.0,0.07512,0.0,0.0,0.07697,0.9994185675677579,1.0,328.9701089500008,300.0,328.9701089500008,300.0,0.0,0.0
2161,1680310860000.0,0.0,0.0,0.0,0.07512,0.0,0.0,0.07717,0.9994185675677579,1.0,328.9701089500008,300.0,328.9701089500008,300.0,0.0,0.0
2162,1680314460000.0,0.0,0.0,0.0,0.07512,0.0,0.0,0.0774,0.9994185675677579,1.0,328.9701089500008,300.0,328.9701089500008,300.0,0.0,0.0
2163,1680318060000.0,0.0,0.0,0.0,0.07512,0.0,0.0,0.07735,0.9994185675677579,1.0,328.9701089500008,300.0,328.9701089500008,300.0,0.0,0.0
2164,1680321660000.0,0.0,0.0,0.0,0.07512,0.0,0.0,0.07768,0.9994185675677579,1.0,328.9701089500008,300.0,328.9701089500008,300.0,0.0,0.0
2165,1680325260000.0,0.0,0.0,0.0,0.07512,0.0,0.0,0.07775,0.9994185675677579,1.0,328.9701089500008,300.0,328.9701089500008,300.0,0.0,0.0
2166,1680328860000.0,0.0,0.0,0.0,0.07512,0.0,0.0,0.0775,0.9994185675677579,1.0,328.9701089500008,300.0,328.9701089500008,300.0,0.0,0.0
2167,1680332460000.0,0.0,0.0,216.0,0.07615,0.0,0.0,0.07694,0.9994185675677579,1.0,328.9536605500008,300.0,329.1243005500008,300.0,0.050002179554709196,0.0
2168,1680336060000.0,0.0,0.0,0.0,0.07615,0.0,0.0,0.07711,0.9994185675677579,1.0,329.1573118300008,300.0,329.1573118300008,300.0,0.0,0.0
2169,1680339660000.0,0.0,0.0,0.0,0.07615,0.0,0.0,0.07678,0.9994185675677579,1.0,329.1573118300008,300.0,329.1573118300008,300.0,0.0,0.0
2170,1680343260000.0,0.0,0.0,0.0,0.07615,0.0,0.0,0.07686,0.9994185675677579,1.0,329.1573118300008,300.0,329.1573118300008,300.0,0.0,0.0
2171,1680346860000.0,0.0,0.0,216.0,0.0763,0.0,0.0,0.07649,0.9994185675677579,1.0,329.1408310300008,300.0,329.1818710300008,300.0,0.05007218323058131,0.0
2172,1680350460000.0,0.0,0.0,216.0,0.0763,0.0,0.0,0.07607,0.9994185675677579,1.0,329.1408310300008,300.0,329.0911510300008,300.0,0.05007218323058131,0.0
2173,1680354060000.0,0.0,0.0,216.0,0.0763,0.0,0.0,0.07674,0.9994185675677579,1.0,329.1408310300008,300.0,329.2358710300008,300.0,0.05007218323058131,0.0
2174,1680357660000.0,0.0,0.0,216.0,0.0763,0.0,0.0,0.07658,0.9994185675677579,1.0,329.1408310300008,300.0,329.2013110300008,300.0,0.05007218323058131,0.0
2175,1680361260000.0,0.0,0.0,216.0,0.0763,0.0,0.0,0.07615,0.9994185675677579,1.0,329.1408310300008,300.0,329.1084310300008,300.0,0.05007218323058131,0.0
2176,1680364860000.0,0.0,0.0,216.0,0.0763,0.0,0.0,0.07677,0.9994185675677579,1.0,329.1408310300008,300.0,329.2423510300008,300.0,0.05007218323058131,0.0
2177,1680368460000.0,0.0,0.0,216.0,0.0763,0.0,0.0,0.07702,0.9994185675677579,1.0,329.1408310300008,300.0,329.29635103000084,300.0,0.05007218323058131,0.0
2178,1680372060000.0,0.0,0.0,0.0,0.0763,0.0,0.0,0.07822,0.9994185675677579,1.0,329.3466077500008,300.0,329.3466077500008,300.0,0.0,0.0
2179,1680375660000.0,0.0,0.0,0.0,0.0763,0.0,0.0,0.08096,0.9994185675677579,1.0,329.3466077500008,300.0,329.3466077500008,300.0,0.0,0.0
2180,1680379260000.0,0.0,0.0,0.0,0.0763,0.0,0.0,0.08202,0.9994185675677579,1.0,329.3466077500008,300.0,329.3466077500008,300.0,0.0,0.0
2181,1680382860000.0,0.0,0.0,0.0,0.0763,0.0,0.0,0.08163,0.9994185675677579,1.0,329.3466077500008,300.0,329.3466077500008,300.0,0.0,0.0
2182,1680386460000.0,0.0,0.0,0.0,0.0763,0.0,0.0,0.08163,0.9994185675677579,1.0,329.3466077500008,300.0,329.3466077500008,300.0,0.0,0.0
2183,1680390060000.0,0.0,0.0,0.0,0.0763,0.0,0.0,0.08222,0.9994185675677579,1.0,329.3466077500008,300.0,329.3466077500008,300.0,0.0,0.0
2184,1680393660000.0,0.0,0.0,0.0,0.0763,0.0,0.0,0.08218,0.9994185675677579,1.0,329.3466077500008,300.0,329.3466077500008,300.0,0.0,0.0
2185,1680397260000.0,0.0,0.0,0.0,0.0763,0.0,0.0,0.08346,0.9994185675677579,1.0,329.3466077500008,300.0,329.3466077500008,300.0,0.0,0.0
2186,1680400860000.0,0.0,0.0,0.0,0.0763,0.0,0.0,0.08502,0.9994185675677579,1.0,329.3466077500008,300.0,329.3466077500008,300.0,0.0,0.0
2187,1680404460000.0,0.0,0.0,0.0,0.0763,0.0,0.0,0.08399,0.9994185675677579,1.0,329.3466077500008,300.0,329.3466077500008,300.0,0.0,0.0
2188,1680408060000.0,0.0,0.0,0.0,0.0763,0.0,0.0,0.08396,0.9994185675677579,1.0,329.3466077500008,300.0,329.3466077500008,300.0,0.0,0.0
2189,1680411660000.0,0.0,0.0,0.0,0.0763,0.0,0.0,0.08448,0.9994185675677579,1.0,329.3466077500008,300.0,329.3466077500008,300.0,0.0,0.0
2190,1680415260000.0,0.0,0.0,0.0,0.0763,0.0,0.0,0.08443,0.9994185675677579,1.0,329.3466077500008,300.0,329.3466077500008,300.0,0.0,0.0
2191,1680418860000.0,0.0,0.0,0.0,0.0763,0.0,0.0,0.08387,0.9994185675677579,1.0,329.3466077500008,300.0,329.3466077500008,300.0,0.0,0.0
2192,1680422460000.0,0.0,0.0,0.0,0.0763,0.0,0.0,0.0839,0.9994185675677579,1.0,329.3466077500008,300.0,329.3466077500008,300.0,0.0,0.0
2193,1680426060000.0,0.0,0.0,0.0,0.0763,0.0,0.0,0.08267,0.9994185675677579,1.0,329.3466077500008,300.0,329.3466077500008,300.0,0.0,0.0
2194,1680429660000.0,0.0,0.0,0.0,0.0763,0.0,0.0,0.0824,0.9994185675677579,1.0,329.3466077500008,300.0,329.3466077500008,300.0,0.0,0.0
2195,1680433260000.0,0.0,0.0,0.0,0.0763,0.0,0.0,0.08235,0.9994185675677579,1.0,329.3466077500008,300.0,329.3466077500008,300.0,0.0,0.0
2196,1680436860000.0,0.0,0.0,0.0,0.0763,0.0,0.0,0.08188,0.9994185675677579,1.0,329.3466077500008,300.0,329.3466077500008,300.0,0.0,0.0
2197,1680440460000.0,0.0,0.0,202.0,0.08144,0.0,0.0,0.08119,0.9994185675677579,1.0,329.33015687000085,300.0,329.27965687000085,300.0,0.04995254657621223,0.0
2198,1680444060000.0,0.0,0.0,202.0,0.08144,0.0,0.0,0.07993,0.9994185675677579,1.0,329.33015687000085,300.0,329.02513687000084,300.0,0.04995254657621223,0.0
2199,1680447660000.0,0.0,0.0,202.0,0.08144,0.0,0.0,0.0796,0.9994185675677579,1.0,329.33015687000085,300.0,328.9584768700008,300.0,0.04995254657621223,0.0
2200,1680451260000.0,0.0,0.0,432.0,0.08003444444444444,0.0,0.0,0.0787,0.9994185675677579,1.0,329.31203287000085,300.0,328.73555287000084,300.0,0.10499124401460534,0.0
2201,1680454860000.0,0.0,0.0,432.0,0.08003444444444444,0.0,0.0,0.07941,0.9994185675677579,1.0,329.31203287000085,300.0,329.04227287000083,300.0,0.10499124401460534,0.0
2202,1680458460000.0,0.0,0.0,432.0,0.08003444444444444,0.0,0.0,0.0799,0.9994185675677579,1.0,329.31203287000085,300.0,329.25395287000083,300.0,0.10499124401460534,0.0
2203,1680462060000.0,0.0,0.0,432.0,0.08003444444444444,0.0,0.0,0.08008,0.9994185675677579,1.0,329.31203287000085,300.0,329.33171287000084,300.0,0.10499124401460534,0.0
2204,1680465660000.0,0.0,0.0,432.0,0.08003444444444444,0.0,0.0,0.07904,0.9994185675677579,1.0,329.31203287000085,300.0,328.88243287000086,300.0,0.10499124401460534,0.0
2205,1680469260000.0,0.0,0.0,432.0,0.08003444444444444,0.0,0.0,0.07983,0.9994185675677579,1.0,329.31203287000085,300.0,329.22371287000084,300.0,0.10499124401460534,0.0
2206,1680472860000.0,0.0,0.0,432.0,0.08003444444444444,0.0,0.0,0.07913,0.9994185675677579,1.0,329.31203287000085,300.0,328.92131287000086,300.0,0.10499124401460534,0.0
2207,1680476460000.0,0.0,0.0,432.0,0.08003444444444444,0.0,0.0,0.07886,0.9994185675677579,1.0,329.31203287000085,300.0,328.80467287000084,300.0,0.10499124401460534,0.0
2208,1680480060000.0,0.0,0.0,432.0,0.08003444444444444,0.0,0.0,0.07895,0.9994185675677579,1.0,329.31203287000085,300.0,328.84355287000085,300.0,0.10499124401460534,0.0
2209,1680483660000.0,0.0,0.0,432.0,0.08003444444444444,0.0,0.0,0.07886,0.9994185675677579,1.0,329.31203287000085,300.0,328.80467287000084,300.0,0.10499124401460534,0.0
2210,1680487260000.0,0.0,0.0,923.0,0.0784521560130011,0.0,0.0,0.07693,0.9994185675677579,1.0,329.27419641000085,300.0,327.86924641000087,300.0,0.21991197849538113,0.0
2211,1680490860000.0,0.0,0.0,923.0,0.0784521560130011,0.0,0.0,0.07752,0.9994185675677579,1.0,329.27419641000085,300.0,328.41381641000083,300.0,0.21991197849538113,0.0
2212,1680494460000.0,0.0,0.0,923.0,0.0784521560130011,0.0,0.0,0.0773,0.9994185675677579,1.0,329.27419641000085,300.0,328.21075641000084,300.0,0.21991197849538113,0.0
2213,1680498060000.0,0.0,0.0,923.0,0.0784521560130011,0.0,0.0,0.07756,0.9994185675677579,1.0,329.27419641000085,300.0,328.45073641000084,300.0,0.21991197849538113,0.0
2214,1680501660000.0,0.0,0.0,923.0,0.0784521560130011,0.0,0.0,0.07786,0.9994185675677579,1.0,329.27419641000085,300.0,328.72763641000085,300.0,0.21991197849538113,0.0
2215,1680505260000.0,0.0,0.0,923.0,0.0784521560130011,0.0,0.0,0.07814,0.9994185675677579,1.0,329.27419641000085,300.0,328.98607641000086,300.0,0.21991197849538113,0.0
2216,1680508860000.0,0.0,0.0,923.0,0.0784521560130011,0.0,0.0,0.07826,0.9994185675677579,1.0,329.27419641000085,300.0,329.09683641000083,300.0,0.21991197849538113,0.0
2217,1680512460000.0,0.0,0.0,923.0,0.0784521560130011,0.0,0.0,0.07871,0.9994185675677579,1.0,329.27419641000085,300.0,329.5121864100008,300.0,0.21991197849538113,0.0
2218,1680516060000.0,0.0,0.0,923.0,0.0784521560130011,0.0,0.0,0.07869,0.9994185675677579,1.0,329.27419641000085,300.0,329.4937264100008,300.0,0.21991197849538113,0.0
2219,1680519660000.0,0.0,0.0,923.0,0.0784521560130011,0.0,0.0,0.07843,0.9994185675677579,1.0,329.27419641000085,300.0,329.2537464100008,300.0,0.21991197849538113,0.0
2220,1680523260000.0,0.0,0.0,923.0,0.0784521560130011,0.0,0.0,0.07813,0.9994185675677579,1.0,329.27419641000085,300.0,328.97684641000086,300.0,0.21991197849538113,0.0
2221,1680526860000.0,0.0,0.0,923.0,0.0784521560130011,0.0,0.0,0.0779,0.9994185675677579,1.0,329.27419641000085,300.0,328.76455641000086,300.0,0.21991197849538113,0.0
2222,1680530460000.0,0.0,0.0,923.0,0.0784521560130011,0.0,0.0,0.07803,0.9994185675677579,1.0,329.27419641000085,300.0,328.88454641000084,300.0,0.21991197849538113,0.0
2223,1680534060000.0,0.0,0.0,923.0,0.0784521560130011,0.0,0.0,0.07698,0.9994185675677579,1.0,329.27419641000085,300.0,327.9153964100008,300.0,0.21991197849538113,0.0
2224,1680537660000.0,0.0,0.0,923.0,0.0784521560130011,0.0,0.0,0.07698,0.9994185675677579,1.0,329.27419641000085,300.0,327.9153964100008,300.0,0.21991197849538113,0.0
2225,1680541260000.0,0.0,0.0,923.0,0.0784521560130011,0.0,0.0,0.07657,0.9994185675677579,1.0,329.27419641000085,300.0,327.53696641000084,300.0,0.21991197849538113,0.0
2226,1680544860000.0,0.0,0.0,0.0,0.0784521560130011,0.0,0.0,0.09753,0.9994185675677579,1.0,330.14986604000086,300.0,330.14986604000086,300.0,0.0,0.0
2227,1680548460000.0,0.0,0.0,0.0,0.0784521560130011,0.0,0.0,0.1001,0.9994185675677579,1.0,330.14986604000086,300.0,330.14986604000086,300.0,0.0,0.0
2228,1680552060000.0,0.0,0.0,0.0,0.0784521560130011,0.0,0.0,0.09541,0.9994185675677579,1.0,330.14986604000086,300.0,330.14986604000086,300.0,0.0,0.0
2229,1680555660000.0,0.0,0.0,0.0,0.0784521560130011,0.0,0.0,0.09009,0.9994185675677579,1.0,330.14986604000086,300.0,330.14986604000086,300.0,0.0,0.0
2230,1680559260000.0,0.0,0.0,0.0,0.0784521560130011,0.0,0.0,0.09317,0.9994185675677579,1.0,330.14986604000086,300.0,330.14986604000086,300.0,0.0,0.0
2231,1680562860000.0,0.0,0.0,0.0,0.0784521560130011,0.0,0.0,0.09496,0.9994185675677579,1.0,330.14986604000086,300.0,330.14986604000086,300.0,0.0,0.0
2232,1680566460000.0,0.0,0.0,0.0,0.0784521560130011,0.0,0.0,0.0954,0.9994185675677579,1.0,330.14986604000086,300.0,330.14986604000086,300.0,0.0,0.0
2233,1680570060000.0,0.0,0.0,0.0,0.0784521560130011,0.0,0.0,0.09341,0.9994185675677579,1.0,330.14986604000086,300.0,330.14986604000086,300.0,0.0,0.0
2234,1680573660000.0,0.0,0.0,0.0,0.0784521560130011,0.0,0.0,0.09749,0.9994185675677579,1.0,330.14986604000086,300.0,330.14986604000086,300.0,0.0,0.0
2235,1680577260000.0,0.0,0.0,0.0,0.0784521560130011,0.0,0.0,0.09708,0.9994185675677579,1.0,330.14986604000086,300.0,330.14986604000086,300.0,0.0,0.0
2236,1680580860000.0,0.0,0.0,0.0,0.0784521560130011,0.0,0.0,0.09635,0.9994185675677579,1.0,330.14986604000086,300.0,330.14986604000086,300.0,0.0,0.0
2237,1680584460000.0,0.0,0.0,0.0,0.0784521560130011,0.0,0.0,0.09571,0.9994185675677579,1.0,330.14986604000086,300.0,330.14986604000086,300.0,0.0,0.0
2238,1680588060000.0,0.0,0.0,0.0,0.0784521560130011,0.0,0.0,0.09761,0.9994185675677579,1.0,330.14986604000086,300.0,330.14986604000086,300.0,0.0,0.0
2239,1680591660000.0,0.0,0.0,0.0,0.0784521560130011,0.0,0.0,0.09915,0.9994185675677579,1.0,330.14986604000086,300.0,330.14986604000086,300.0,0.0,0.0
2240,1680595260000.0,0.0,0.0,0.0,0.0784521560130011,0.0,0.0,0.09777,0.9994185675677579,1.0,330.14986604000086,300.0,330.14986604000086,300.0,0.0,0.0
2241,1680598860000.0,0.0,0.0,0.0,0.0784521560130011,0.0,0.0,0.09904,0.9994185675677579,1.0,330.14986604000086,300.0,330.14986604000086,300.0,0.0,0.0
2242,1680602460000.0,0.0,0.0,0.0,0.0784521560130011,0.0,0.0,0.09954,0.9994185675677579,1.0,330.14986604000086,300.0,330.14986604000086,300.0,0.0,0.0
2243,1680606060000.0,0.0,0.0,0.0,0.0784521560130011,0.0,0.0,0.10205,0.9994185675677579,1.0,330.14986604000086,300.0,330.14986604000086,300.0,0.0,0.0
2244,1680609660000.0,0.0,0.0,0.0,0.0784521560130011,0.0,0.0,0.10037,0.9994185675677579,1.0,330.14986604000086,300.0,330.14986604000086,300.0,0.0,0.0
2245,1680613260000.0,0.0,0.0,0.0,0.0784521560130011,0.0,0.0,0.09865,0.9994185675677579,1.0,330.14986604000086,300.0,330.14986604000086,300.0,0.0,0.0
2246,1680616860000.0,0.0,0.0,0.0,0.0784521560130011,0.0,0.0,0.09899,0.9994185675677579,1.0,330.14986604000086,300.0,330.14986604000086,300.0,0.0,0.0
2247,1680620460000.0,0.0,0.0,0.0,0.0784521560130011,0.0,0.0,0.0966,0.9994185675677579,1.0,330.14986604000086,300.0,330.14986604000086,300.0,0.0,0.0
2248,1680624060000.0,0.0,0.0,0.0,0.0784521560130011,0.0,0.0,0.09624,0.9994185675677579,1.0,330.14986604000086,300.0,330.14986604000086,300.0,0.0,0.0
2249,1680627660000.0,0.0,0.0,0.0,0.0784521560130011,0.0,0.0,0.09636,0.9994185675677579,1.0,330.14986604000086,300.0,330.14986604000086,300.0,0.0,0.0
2250,1680631260000.0,0.0,0.0,0.0,0.0947,0.0,0.0,0.09571,0.9994185675677579,1.0,330.3376694600008,300.0,330.3376694600008,300.0,0.0,0.0
2251,1680634860000.0,0.0,0.0,0.0,0.0947,0.0,0.0,0.0964,0.9994185675677579,1.0,330.3376694600008,300.0,330.3376694600008,300.0,0.0,0.0
2252,1680638460000.0,0.0,0.0,0.0,0.0947,0.0,0.0,0.09689,0.9994185675677579,1.0,330.3376694600008,300.0,330.3376694600008,300.0,0.0,0.0
2253,1680642060000.0,0.0,0.0,0.0,0.0947,0.0,0.0,0.09845,0.9994185675677579,1.0,330.3376694600008,300.0,330.3376694600008,300.0,0.0,0.0
2254,1680645660000.0,0.0,0.0,174.0,0.0952,0.0,0.0,0.09572,0.9994185675677579,1.0,330.51047582000075,300.0,330.60095582000076,300.0,0.050118834989730715,0.0
2255,1680649260000.0,0.0,0.0,174.0,0.0952,0.0,0.0,0.09608,0.9994185675677579,1.0,330.51047582000075,300.0,330.66359582000075,300.0,0.050118834989730715,0.0
2256,1680652860000.0,0.0,0.0,174.0,0.0952,0.0,0.0,0.09531,0.9994185675677579,1.0,330.51047582000075,300.0,330.52961582000074,300.0,0.050118834989730715,0.0
2257,1680656460000.0,0.0,0.0,174.0,0.0952,0.0,0.0,0.09517,0.9994185675677579,1.0,330.51047582000075,300.0,330.50525582000074,300.0,0.050118834989730715,0.0
2258,1680660060000.0,0.0,0.0,0.0,0.0952,0.0,0.0,0.09632,0.9994185675677579,1.0,330.71640830000075,300.0,330.71640830000075,300.0,0.0,0.0
2259,1680663660000.0,0.0,0.0,0.0,0.0952,0.0,0.0,0.09645,0.9994185675677579,1.0,330.71640830000075,300.0,330.71640830000075,300.0,0.0,0.0
2260,1680667260000.0,0.0,0.0,0.0,0.0952,0.0,0.0,0.09816,0.9994185675677579,1.0,330.71640830000075,300.0,330.71640830000075,300.0,0.0,0.0
2261,1680670860000.0,0.0,0.0,0.0,0.0952,0.0,0.0,0.09734,0.9994185675677579,1.0,330.71640830000075,300.0,330.71640830000075,300.0,0.0,0.0
2262,1680674460000.0,0.0,0.0,0.0,0.0952,0.0,0.0,0.09771,0.9994185675677579,1.0,330.71640830000075,300.0,330.71640830000075,300.0,0.0,0.0
2263,1680678060000.0,0.0,0.0,0.0,0.0952,0.0,0.0,0.09666,0.9994185675677579,1.0,330.71640830000075,300.0,330.71640830000075,300.0,0.0,0.0
2264,1680681660000.0,0.0,0.0,0.0,0.0952,0.0,0.0,0.09698,0.9994185675677579,1.0,330.71640830000075,300.0,330.71640830000075,300.0,0.0,0.0
2265,1680685260000.0,0.0,0.0,0.0,0.0952,0.0,0.0,0.0969,0.9994185675677579,1.0,330.71640830000075,300.0,330.71640830000075,300.0,0.0,0.0
2266,1680688860000.0,0.0,0.0,0.0,0.0952,0.0,0.0,0.09677,0.9994185675677579,1.0,330.71640830000075,300.0,330.71640830000075,300.0,0.0,0.0
2267,1680692460000.0,0.0,0.0,0.0,0.0952,0.0,0.0,0.09789,0.9994185675677579,1.0,330.71640830000075,300.0,330.71640830000075,300.0,0.0,0.0
2268,1680696060000.0,0.0,0.0,0.0,0.0952,0.0,0.0,0.09799,0.9994185675677579,1.0,330.71640830000075,300.0,330.71640830000075,300.0,0.0,0.0
2269,1680699660000.0,0.0,0.0,0.0,0.0952,0.0,0.0,0.09771,0.9994185675677579,1.0,330.71640830000075,300.0,330.71640830000075,300.0,0.0,0.0
2270,1680703260000.0,0.0,0.0,172.0,0.09639,0.0,0.0,0.09726,0.9994185675677579,1.0,330.69982922000077,300.0,330.84946922000074,300.0,0.05013331890465124,0.0
2271,1680706860000.0,0.0,0.0,172.0,0.09639,0.0,0.0,0.09558,0.9994185675677579,1.0,330.69982922000077,300.0,330.56050922000077,300.0,0.05013331890465124,0.0
2272,1680710460000.0,0.0,0.0,172.0,0.09639,0.0,0.0,0.09568,0.9994185675677579,1.0,330.69982922000077,300.0,330.57770922000077,300.0,0.05013331890465124,0.0
2273,1680714060000.0,0.0,0.0,368.0,0.09472293478260871,0.0,0.0,0.09293,0.9994185675677579,1.0,330.6815502600008,300.0,330.0217502600008,300.0,0.10541271495973276,0.0
2274,1680717660000.0,0.0,0.0,368.0,0.09472293478260871,0.0,0.0,0.09365,0.9994185675677579,1.0,330.6815502600008,300.0,330.2867102600008,300.0,0.10541271495973276,0.0
2275,1680721260000.0,0.0,0.0,787.0,0.09284731893265566,0.0,0.0,0.0925,0.9994185675677579,1.0,330.6433374600008,300.0,330.3699974600008,300.0,0.2209959546178355,0.0
2276,1680724860000.0,0.0,0.0,787.0,0.09284731893265566,0.0,0.0,0.0931,0.9994185675677579,1.0,330.6433374600008,300.0,330.8421974600008,300.0,0.2209959546178355,0.0
2277,1680728460000.0,0.0,0.0,787.0,0.09284731893265566,0.0,0.0,0.09303,0.9994185675677579,1.0,330.6433374600008,300.0,330.7871074600008,300.0,0.2209959546178355,0.0
2278,1680732060000.0,0.0,0.0,787.0,0.09284731893265566,0.0,0.0,0.09283,0.9994185675677579,1.0,330.6433374600008,300.0,330.62970746000076,300.0,0.2209959546178355,0.0
2279,1680735660000.0,0.0,0.0,787.0,0.09284731893265566,0.0,0.0,0.09311,0.9994185675677579,1.0,330.6433374600008,300.0,330.8500674600008,300.0,0.2209959546178355,0.0
2280,1680739260000.0,0.0,0.0,787.0,0.09284731893265566,0.0,0.0,0.09199,0.9994185675677579,1.0,330.6433374600008,300.0,329.9686274600008,300.0,0.2209959546178355,0.0
2281,1680742860000.0,0.0,0.0,787.0,0.09284731893265566,0.0,0.0,0.09099,0.9994185675677579,1.0,330.6433374600008,300.0,329.1816274600008,300.0,0.2209959546178355,0.0
2282,1680746460000.0,0.0,0.0,787.0,0.09284731893265566,0.0,0.0,0.09172,0.9994185675677579,1.0,330.6433374600008,300.0,329.7561374600008,300.0,0.2209959546178355,0.0
2283,1680750060000.0,0.0,0.0,787.0,0.09284731893265566,0.0,0.0,0.09173,0.9994185675677579,1.0,330.6433374600008,300.0,329.7640074600008,300.0,0.2209959546178355,0.0
2284,1680753660000.0,0.0,0.0,787.0,0.09284731893265566,0.0,0.0,0.09257,0.9994185675677579,1.0,330.6433374600008,300.0,330.4250874600008,300.0,0.2209959546178355,0.0
2285,1680757260000.0,0.0,0.0,787.0,0.09284731893265566,0.0,0.0,0.09185,0.9994185675677579,1.0,330.6433374600008,300.0,329.8584474600008,300.0,0.2209959546178355,0.0
2286,1680760860000.0,0.0,0.0,787.0,0.09284731893265566,0.0,0.0,0.09167,0.9994185675677579,1.0,330.6433374600008,300.0,329.7167874600008,300.0,0.2209959546178355,0.0
2287,1680764460000.0,0.0,0.0,787.0,0.09284731893265566,0.0,0.0,0.09206,0.9994185675677579,1.0,330.6433374600008,300.0,330.0237174600008,300.0,0.2209959546178355,0.0
2288,1680768060000.0,0.0,0.0,787.0,0.09284731893265566,0.0,0.0,0.09101,0.9994185675677579,1.0,330.6433374600008,300.0,329.1973674600008,300.0,0.2209959546178355,0.0
2289,1680771660000.0,0.0,0.0,787.0,0.09284731893265566,0.0,0.0,0.09139,0.9994185675677579,1.0,330.6433374600008,300.0,329.4964274600008,300.0,0.2209959546178355,0.0
2290,1680775260000.0,0.0,0.0,787.0,0.09284731893265566,0.0,0.0,0.08998,0.9994185675677579,1.0,330.6433374600008,300.0,328.3867574600008,300.0,0.2209959546178355,0.0
2291,1680778860000.0,0.0,0.0,1682.0,0.09051812722948871,0.0,0.0,0.08909,0.9994185675677579,1.0,330.5641568100008,300.0,328.1620468100008,300.0,0.4605807582686891,0.0
2292,1680782460000.0,0.0,0.0,1682.0,0.09051812722948871,0.0,0.0,0.08924,0.9994185675677579,1.0,330.5641568100008,300.0,328.4143468100008,300.0,0.4605807582686891,0.0
2293,1680786060000.0,0.0,0.0,1682.0,0.09051812722948871,0.0,0.0,0.0891,0.9994185675677579,1.0,330.5641568100008,300.0,328.1788668100008,300.0,0.4605807582686891,0.0
2294,1680789660000.0,0.0,0.0,1682.0,0.09051812722948871,0.0,0.0,0.08909,0.9994185675677579,1.0,330.5641568100008,300.0,328.1620468100008,300.0,0.4605807582686891,0.0
2295,1680793260000.0,0.0,0.0,1682.0,0.09051812722948871,0.0,0.0,0.08927,0.9994185675677579,1.0,330.5641568100008,300.0,328.46480681000077,300.0,0.4605807582686891,0.0
2296,1680796860000.0,0.0,0.0,1682.0,0.09051812722948871,0.0,0.0,0.09031,0.9994185675677579,1.0,330.5641568100008,300.0,330.21408681000077,300.0,0.4605807582686891,0.0
2297,1680800460000.0,0.0,0.0,1682.0,0.09051812722948871,0.0,0.0,0.08996,0.9994185675677579,1.0,330.5641568100008,300.0,329.62538681000075,300.0,0.4605807582686891,0.0
2298,1680804060000.0,0.0,0.0,1682.0,0.09051812722948871,0.0,0.0,0.08971,0.9994185675677579,1.0,330.5641568100008,300.0,329.20488681000074,300.0,0.4605807582686891,0.0
2299,1680807660000.0,0.0,0.0,1682.0,0.09051812722948871,0.0,0.0,0.08915,0.9994185675677579,1.0,330.5641568100008,300.0,328.26296681000076,300.0,0.4605807582686891,0.0
2300,1680811260000.0,0.0,0.0,0.0,0.09051812722948871,0.0,0.0,0.09102,0.9994185675677579,1.0,332.2657196500008,300.0,332.2657196500008,300.0,0.0,0.0
2301,1680814860000.0,0.0,0.0,844.0,0.08671862559241705,0.0,0.0,0.08556,0.9994185675677579,1.0,332.1925291300008,300.0,331.21464913000085,300.0,0.22032560512929983,0.0
2302,1680818460000.0,0.0,0.0,844.0,0.08671862559241705,0.0,0.0,0.08659,0.9994185675677579,1.0,332.1925291300008,300.0,332.0839691300008,300.0,0.22032560512929983,0.0
2303,1680822060000.0,0.0,0.0,844.0,0.08671862559241705,0.0,0.0,0.08578,0.9994185675677579,1.0,332.1925291300008,300.0,331.40032913000084,300.0,0.22032560512929983,0.0
2304,1680825660000.0,0.0,0.0,844.0,0.08671862559241705,0.0,0.0,0.08496,0.9994185675677579,1.0,332.1925291300008,300.0,330.7082491300008,300.0,0.22032560512929983,0.0
2305,1680829260000.0,0.0,0.0,844.0,0.08671862559241705,0.0,0.0,0.08589,0.9994185675677579,1.0,332.1925291300008,300.0,331.4931691300008,300.0,0.22032560512929983,0.0
2306,1680832860000.0,0.0,0.0,844.0,0.08671862559241705,0.0,0.0,0.08536,0.9994185675677579,1.0,332.1925291300008,300.0,331.0458491300008,300.0,0.22032560512929983,0.0
2307,1680836460000.0,0.0,0.0,844.0,0.08671862559241705,0.0,0.0,0.08502,0.9994185675677579,1.0,332.1925291300008,300.0,330.75888913000085,300.0,0.22032560512929983,0.0
2308,1680840060000.0,0.0,0.0,844.0,0.08671862559241705,0.0,0.0,0.0849,0.9994185675677579,1.0,332.1925291300008,300.0,330.6576091300008,300.0,0.22032560512929983,0.0
2309,1680843660000.0,0.0,0.0,844.0,0.08671862559241705,0.0,0.0,0.08486,0.9994185675677579,1.0,332.1925291300008,300.0,330.62384913000085,300.0,0.22032560512929983,0.0
2310,1680847260000.0,0.0,0.0,844.0,0.08671862559241705,0.0,0.0,0.08356,0.9994185675677579,1.0,332.1925291300008,300.0,329.5266491300008,300.0,0.22032560512929983,0.0
2311,1680850860000.0,0.0,0.0,1804.0,0.08454286031042127,0.0,0.0,0.08261,0.9994185675677579,1.0,332.1132043300008,300.0,328.62632433000084,300.0,0.4592269082094511,0.0
2312,1680854460000.0,0.0,0.0,1804.0,0.08454286031042127,0.0,0.0,0.08295,0.9994185675677579,1.0,332.1132043300008,300.0,329.23968433000084,300.0,0.4592269082094511,0.0
2313,1680858060000.0,0.0,0.0,1804.0,0.08454286031042127,0.0,0.0,0.08225,0.9994185675677579,1.0,332.1132043300008,300.0,327.97688433000087,300.0,0.4592269082094511,0.0
2314,1680861660000.0,0.0,0.0,1804.0,0.08454286031042127,0.0,0.0,0.08223,0.9994185675677579,1.0,332.1132043300008,300.0,327.94080433000084,300.0,0.4592269082094511,0.0
2315,1680865260000.0,0.0,0.0,1804.0,0.08454286031042127,0.0,0.0,0.08264,0.9994185675677579,1.0,332.1132043300008,300.0,328.68044433000085,300.0,0.4592269082094511,0.0
2316,1680868860000.0,0.0,0.0,1804.0,0.08454286031042127,0.0,0.0,0.08163,0.9994185675677579,1.0,332.1132043300008,300.0,326.85840433000084,300.0,0.4592269082094511,0.0
2317,1680872460000.0,0.0,0.0,1804.0,0.08454286031042127,0.0,0.0,0.08214,0.9994185675677579,1.0,332.1132043300008,300.0,327.77844433000087,300.0,0.4592269082094511,0.0
2318,1680876060000.0,0.0,0.0,1804.0,0.08454286031042127,0.0,0.0,0.08247,0.9994185675677579,1.0,332.1132043300008,300.0,328.3737643300009,300.0,0.4592269082094511,0.0
2319,1680879660000.0,0.0,0.0,1804.0,0.08454286031042127,0.0,0.0,0.08258,0.9994185675677579,1.0,332.1132043300008,300.0,328.57220433000083,300.0,0.4592269082094511,0.0
2320,1680883260000.0,0.0,0.0,1804.0,0.08454286031042127,0.0,0.0,0.08228,0.9994185675677579,1.0,332.1132043300008,300.0,328.0310043300009,300.0,0.4592269082094511,0.0
2321,1680886860000.0,0.0,0.0,1804.0,0.08454286031042127,0.0,0.0,0.08229,0.9994185675677579,1.0,332.1132043300008,300.0,328.04904433000087,300.0,0.4592269082094511,0.0
2322,1680890460000.0,0.0,0.0,1804.0,0.08454286031042127,0.0,0.0,0.08196,0.9994185675677579,1.0,332.1132043300008,300.0,327.45372433000085,300.0,0.4592269082094511,0.0
2323,1680894060000.0,0.0,0.0,1804.0,0.08454286031042127,0.0,0.0,0.08194,0.9994185675677579,1.0,332.1132043300008,300.0,327.4176443300008,300.0,0.4592269082094511,0.0
2324,1680897660000.0,0.0,0.0,1804.0,0.08454286031042127,0.0,0.0,0.08194,0.9994185675677579,1.0,332.1132043300008,300.0,327.4176443300008,300.0,0.4592269082094511,0.0
2325,1680901260000.0,0.0,0.0,1804.0,0.08454286031042127,0.0,0.0,0.08183,0.9994185675677579,1.0,332.1132043300008,300.0,327.2192043300009,300.0,0.4592269082094511,0.0
2326,1680904860000.0,0.0,0.0,1804.0,0.08454286031042127,0.0,0.0,0.08213,0.9994185675677579,1.0,332.1132043300008,300.0,327.7604043300008,300.0,0.4592269082094511,0.0
2327,1680908460000.0,0.0,0.0,1804.0,0.08454286031042127,0.0,0.0,0.08263,0.9994185675677579,1.0,332.1132043300008,300.0,328.66240433000087,300.0,0.4592269082094511,0.0
2328,1680912060000.0,0.0,0.0,1804.0,0.08454286031042127,0.0,0.0,0.08228,0.9994185675677579,1.0,332.1132043300008,300.0,328.0310043300009,300.0,0.4592269082094511,0.0
2329,1680915660000.0,0.0,0.0,1804.0,0.08454286031042127,0.0,0.0,0.08211,0.9994185675677579,1.0,332.1132043300008,300.0,327.72432433000085,300.0,0.4592269082094511,0.0
2330,1680919260000.0,0.0,0.0,1804.0,0.08454286031042127,0.0,0.0,0.0827,0.9994185675677579,1.0,332.1132043300008,300.0,328.7886843300009,300.0,0.4592269082094511,0.0
2331,1680922860000.0,0.0,0.0,1804.0,0.08454286031042127,0.0,0.0,0.08342,0.9994185675677579,1.0,332.1132043300008,300.0,330.0875643300009,300.0,0.4592269082094511,0.0
2332,1680926460000.0,0.0,0.0,1804.0,0.08454286031042127,0.0,0.0,0.08308,0.9994185675677579,1.0,332.1132043300008,300.0,329.4742043300009,300.0,0.4592269082094511,0.0
2333,1680930060000.0,0.0,0.0,1804.0,0.08454286031042127,0.0,0.0,0.08332,0.9994185675677579,1.0,332.1132043300008,300.0,329.90716433000085,300.0,0.4592269082094511,0.0
2334,1680933660000.0,0.0,0.0,1804.0,0.08454286031042127,0.0,0.0,0.08366,0.9994185675677579,1.0,332.1132043300008,300.0,330.52052433000085,300.0,0.4592269082094511,0.0
2335,1680937260000.0,0.0,0.0,1804.0,0.08454286031042127,0.0,0.0,0.08335,0.9994185675677579,1.0,332.1132043300008,300.0,329.96128433000086,300.0,0.4592269082094511,0.0
2336,1680940860000.0,0.0,0.0,1804.0,0.08454286031042127,0.0,0.0,0.08304,0.9994185675677579,1.0,332.1132043300008,300.0,329.4020443300009,300.0,0.4592269082094511,0.0
2337,1680944460000.0,0.0,0.0,1804.0,0.08454286031042127,0.0,0.0,0.08289,0.9994185675677579,1.0,332.1132043300008,300.0,329.1314443300009,300.0,0.4592269082094511,0.0
2338,1680948060000.0,0.0,0.0,1804.0,0.08454286031042127,0.0,0.0,0.08286,0.9994185675677579,1.0,332.1132043300008,300.0,329.07732433000086,300.0,0.4592269082094511,0.0
2339,1680951660000.0,0.0,0.0,1804.0,0.08454286031042127,0.0,0.0,0.083,0.9994185675677579,1.0,332.1132043300008,300.0,329.3298843300009,300.0,0.4592269082094511,0.0
2340,1680955260000.0,0.0,0.0,1804.0,0.08454286031042127,0.0,0.0,0.08316,0.9994185675677579,1.0,332.1132043300008,300.0,329.61852433000087,300.0,0.4592269082094511,0.0
2341,1680958860000.0,0.0,0.0,1804.0,0.08454286031042127,0.0,0.0,0.08314,0.9994185675677579,1.0,332.1132043300008,300.0,329.58244433000084,300.0,0.4592269082094511,0.0
2342,1680962460000.0,0.0,0.0,1804.0,0.08454286031042127,0.0,0.0,0.08316,0.9994185675677579,1.0,332.1132043300008,300.0,329.61852433000087,300.0,0.4592269082094511,0.0
2343,1680966060000.0,0.0,0.0,1804.0,0.08454286031042127,0.0,0.0,0.0831,0.9994185675677579,1.0,332.1132043300008,300.0,329.51028433000084,300.0,0.4592269082094511,0.0
2344,1680969660000.0,0.0,0.0,1804.0,0.08454286031042127,0.0,0.0,0.0831,0.9994185675677579,1.0,332.1132043300008,300.0,329.51028433000084,300.0,0.4592269082094511,0.0
2345,1680973260000.0,0.0,0.0,1804.0,0.08454286031042127,0.0,0.0,0.0831,0.9994185675677579,1.0,332.1132043300008,300.0,329.51028433000084,300.0,0.4592269082094511,0.0
2346,1680976860000.0,0.0,0.0,1804.0,0.08454286031042127,0.0,0.0,0.08239,0.9994185675677579,1.0,332.1132043300008,300.0,328.2294443300009,300.0,0.4592269082094511,0.0
2347,1680980460000.0,0.0,0.0,1804.0,0.08454286031042127,0.0,0.0,0.08103,0.9994185675677579,1.0,332.1132043300008,300.0,325.7760043300009,300.0,0.4592269082094511,0.0
2348,1680984060000.0,0.0,0.0,1804.0,0.08454286031042127,0.0,0.0,0.08134,0.9994185675677579,1.0,332.1132043300008,300.0,326.3352443300009,300.0,0.4592269082094511,0.0
2349,1680987660000.0,0.0,0.0,1804.0,0.08454286031042127,0.0,0.0,0.0811,0.9994185675677579,1.0,332.1132043300008,300.0,325.90228433000084,300.0,0.4592269082094511,0.0
2350,1680991260000.0,0.0,0.0,1804.0,0.08454286031042127,0.0,0.0,0.08131,0.9994185675677579,1.0,332.1132043300008,300.0,326.28112433000086,300.0,0.4592269082094511,0.0
2351,1680994860000.0,0.0,0.0,1804.0,0.08454286031042127,0.0,0.0,0.08121,0.9994185675677579,1.0,332.1132043300008,300.0,326.10072433000084,300.0,0.4592269082094511,0.0
2352,1680998460000.0,0.0,0.0,1804.0,0.08454286031042127,0.0,0.0,0.08142,0.9994185675677579,1.0,332.1132043300008,300.0,326.47956433000087,300.0,0.4592269082094511,0.0
2353,1681002060000.0,0.0,0.0,1804.0,0.08454286031042127,0.0,0.0,0.082,0.9994185675677579,1.0,332.1132043300008,300.0,327.52588433000085,300.0,0.4592269082094511,0.0
2354,1681005660000.0,0.0,0.0,1804.0,0.08454286031042127,0.0,0.0,0.08207,0.9994185675677579,1.0,332.1132043300008,300.0,327.65216433000086,300.0,0.4592269082094511,0.0
2355,1681009260000.0,0.0,0.0,1804.0,0.08454286031042127,0.0,0.0,0.08202,0.9994185675677579,1.0,332.1132043300008,300.0,327.5619643300009,300.0,0.4592269082094511,0.0
2356,1681012860000.0,0.0,0.0,1804.0,0.08454286031042127,0.0,0.0,0.08199,0.9994185675677579,1.0,332.1132043300008,300.0,327.50784433000086,300.0,0.4592269082094511,0.0
2357,1681016460000.0,0.0,0.0,1804.0,0.08454286031042127,0.0,0.0,0.08225,0.9994185675677579,1.0,332.1132043300008,300.0,327.97688433000087,300.0,0.4592269082094511,0.0
2358,1681020060000.0,0.0,0.0,1804.0,0.08454286031042127,0.0,0.0,0.08143,0.9994185675677579,1.0,332.1132043300008,300.0,326.49760433000085,300.0,0.4592269082094511,0.0
2359,1681023660000.0,0.0,0.0,1804.0,0.08454286031042127,0.0,0.0,0.08152,0.9994185675677579,1.0,332.1132043300008,300.0,326.65996433000083,300.0,0.4592269082094511,0.0
2360,1681027260000.0,0.0,0.0,1804.0,0.08454286031042127,0.0,0.0,0.08147,0.9994185675677579,1.0,332.1132043300008,300.0,326.56976433000085,300.0,0.4592269082094511,0.0
2361,1681030860000.0,0.0,0.0,1804.0,0.08454286031042127,0.0,0.0,0.08153,0.9994185675677579,1.0,332.1132043300008,300.0,326.6780043300009,300.0,0.4592269082094511,0.0
2362,1681034460000.0,0.0,0.0,1804.0,0.08454286031042127,0.0,0.0,0.08151,0.9994185675677579,1.0,332.1132043300008,300.0,326.64192433000085,300.0,0.4592269082094511,0.0
2363,1681038060000.0,0.0,0.0,1804.0,0.08454286031042127,0.0,0.0,0.08137,0.9994185675677579,1.0,332.1132043300008,300.0,326.38936433000083,300.0,0.4592269082094511,0.0
2364,1681041660000.0,0.0,0.0,1804.0,0.08454286031042127,0.0,0.0,0.08175,0.9994185675677579,1.0,332.1132043300008,300.0,327.0748843300009,300.0,0.4592269082094511,0.0
2365,1681045260000.0,0.0,0.0,1804.0,0.08454286031042127,0.0,0.0,0.08182,0.9994185675677579,1.0,332.1132043300008,300.0,327.20116433000084,300.0,0.4592269082094511,0.0
2366,1681048860000.0,0.0,0.0,1804.0,0.08454286031042127,0.0,0.0,0.08203,0.9994185675677579,1.0,332.1132043300008,300.0,327.58000433000086,300.0,0.4592269082094511,0.0
2367,1681052460000.0,0.0,0.0,1804.0,0.08454286031042127,0.0,0.0,0.08202,0.9994185675677579,1.0,332.1132043300008,300.0,327.5619643300009,300.0,0.4592269082094511,0.0
2368,1681056060000.0,0.0,0.0,1804.0,0.08454286031042127,0.0,0.0,0.08317,0.9994185675677579,1.0,332.1132043300008,300.0,329.63656433000085,300.0,0.4592269082094511,0.0
2369,1681059660000.0,0.0,0.0,1804.0,0.08454286031042127,0.0,0.0,0.08318,0.9994185675677579,1.0,332.1132043300008,300.0,329.65460433000084,300.0,0.4592269082094511,0.0
2370,1681063260000.0,0.0,0.0,1804.0,0.08454286031042127,0.0,0.0,0.08277,0.9994185675677579,1.0,332.1132043300008,300.0,328.9149643300008,300.0,0.4592269082094511,0.0
2371,1681066860000.0,0.0,0.0,1804.0,0.08454286031042127,0.0,0.0,0.0832,0.9994185675677579,1.0,332.1132043300008,300.0,329.69068433000086,300.0,0.4592269082094511,0.0
2372,1681070460000.0,0.0,0.0,1804.0,0.08454286031042127,0.0,0.0,0.08322,0.9994185675677579,1.0,332.1132043300008,300.0,329.72676433000083,300.0,0.4592269082094511,0.0
2373,1681074060000.0,0.0,0.0,1804.0,0.08454286031042127,0.0,0.0,0.08314,0.9994185675677579,1.0,332.1132043300008,300.0,329.58244433000084,300.0,0.4592269082094511,0.0
2374,1681077660000.0,0.0,0.0,1804.0,0.08454286031042127,0.0,0.0,0.08376,0.9994185675677579,1.0,332.1132043300008,300.0,330.7009243300009,300.0,0.4592269082094511,0.0
2375,1681081260000.0,0.0,0.0,1804.0,0.08454286031042127,0.0,0.0,0.08342,0.9994185675677579,1.0,332.1132043300008,300.0,330.0875643300009,300.0,0.4592269082094511,0.0
2376,1681084860000.0,0.0,0.0,1804.0,0.08454286031042127,0.0,0.0,0.08309,0.9994185675677579,1.0,332.1132043300008,300.0,329.49224433000086,300.0,0.4592269082094511,0.0
2377,1681088460000.0,0.0,0.0,1804.0,0.08454286031042127,0.0,0.0,0.0831,0.9994185675677579,1.0,332.1132043300008,300.0,329.51028433000084,300.0,0.4592269082094511,0.0
2378,1681092060000.0,0.0,0.0,1804.0,0.08454286031042127,0.0,0.0,0.08272,0.9994185675677579,1.0,332.1132043300008,300.0,328.82476433000085,300.0,0.4592269082094511,0.0
2379,1681095660000.0,0.0,0.0,1804.0,0.08454286031042127,0.0,0.0,0.08284,0.9994185675677579,1.0,332.1132043300008,300.0,329.04124433000084,300.0,0.4592269082094511,0.0
2380,1681099260000.0,0.0,0.0,1804.0,0.08454286031042127,0.0,0.0,0.08333,0.9994185675677579,1.0,332.1132043300008,300.0,329.92520433000084,300.0,0.4592269082094511,0.0
2381,1681102860000.0,0.0,0.0,1804.0,0.08454286031042127,0.0,0.0,0.08297,0.9994185675677579,1.0,332.1132043300008,300.0,329.27576433000087,300.0,0.4592269082094511,0.0
2382,1681106460000.0,0.0,0.0,1804.0,0.08454286031042127,0.0,0.0,0.08315,0.9994185675677579,1.0,332.1132043300008,300.0,329.6004843300009,300.0,0.4592269082094511,0.0
2383,1681110060000.0,0.0,0.0,1804.0,0.08454286031042127,0.0,0.0,0.08287,0.9994185675677579,1.0,332.1132043300008,300.0,329.09536433000085,300.0,0.4592269082094511,0.0
2384,1681113660000.0,0.0,0.0,1804.0,0.08454286031042127,0.0,0.0,0.0827,0.9994185675677579,1.0,332.1132043300008,300.0,328.7886843300009,300.0,0.4592269082094511,0.0
2385,1681117260000.0,0.0,0.0,1804.0,0.08454286031042127,0.0,0.0,0.08284,0.9994185675677579,1.0,332.1132043300008,300.0,329.04124433000084,300.0,0.4592269082094511,0.0
2386,1681120860000.0,0.0,0.0,1804.0,0.08454286031042127,0.0,0.0,0.08309,0.9994185675677579,1.0,332.1132043300008,300.0,329.49224433000086,300.0,0.4592269082094511,0.0
2387,1681124460000.0,0.0,0.0,1804.0,0.08454286031042127,0.0,0.0,0.08315,0.9994185675677579,1.0,332.1132043300008,300.0,329.6004843300009,300.0,0.4592269082094511,0.0
2388,1681128060000.0,0.0,0.0,1804.0,0.08454286031042127,0.0,0.0,0.08293,0.9994185675677579,1.0,332.1132043300008,300.0,329.20360433000087,300.0,0.4592269082094511,0.0
2389,1681131660000.0,0.0,0.0,1804.0,0.08454286031042127,0.0,0.0,0.08275,0.9994185675677579,1.0,332.1132043300008,300.0,328.87888433000086,300.0,0.4592269082094511,0.0
2390,1681135260000.0,0.0,0.0,1804.0,0.08454286031042127,0.0,0.0,0.08237,0.9994185675677579,1.0,332.1132043300008,300.0,328.19336433000086,300.0,0.4592269082094511,0.0
2391,1681138860000.0,0.0,0.0,1804.0,0.08454286031042127,0.0,0.0,0.08277,0.9994185675677579,1.0,332.1132043300008,300.0,328.9149643300008,300.0,0.4592269082094511,0.0
2392,1681142460000.0,0.0,0.0,1804.0,0.08454286031042127,0.0,0.0,0.08328,0.9994185675677579,1.0,332.1132043300008,300.0,329.83500433000086,300.0,0.4592269082094511,0.0
2393,1681146060000.0,0.0,0.0,1804.0,0.08454286031042127,0.0,0.0,0.08399,0.9994185675677579,1.0,332.1132043300008,300.0,331.11584433000087,300.0,0.4592269082094511,0.0
2394,1681149660000.0,0.0,0.0,1804.0,0.08454286031042127,0.0,0.0,0.08396,0.9994185675677579,1.0,332.1132043300008,300.0,331.06172433000086,300.0,0.4592269082094511,0.0
2395,1681153260000.0,0.0,0.0,1804.0,0.08454286031042127,0.0,0.0,0.08442,0.9994185675677579,1.0,332.1132043300008,300.0,331.89156433000085,300.0,0.4592269082094511,0.0
2396,1681156860000.0,0.0,0.0,1804.0,0.08454286031042127,0.0,0.0,0.08402,0.9994185675677579,1.0,332.1132043300008,300.0,331.1699643300008,300.0,0.4592269082094511,0.0
2397,1681160460000.0,0.0,0.0,1804.0,0.08454286031042127,0.0,0.0,0.0838,0.9994185675677579,1.0,332.1132043300008,300.0,330.77308433000087,300.0,0.4592269082094511,0.0
2398,1681164060000.0,0.0,0.0,1804.0,0.08454286031042127,0.0,0.0,0.08399,0.9994185675677579,1.0,332.1132043300008,300.0,331.11584433000087,300.0,0.4592269082094511,0.0
2399,1681167660000.0,0.0,0.0,1804.0,0.08454286031042127,0.0,0.0,0.08475,0.9994185675677579,1.0,332.1132043300008,300.0,332.48688433000086,300.0,0.4592269082094511,0.0
2400,1681171260000.0,0.0,0.0,1804.0,0.08454286031042127,0.0,0.0,0.08472,0.9994185675677579,1.0,332.1132043300008,300.0,332.43276433000085,300.0,0.4592269082094511,0.0
2401,1681174860000.0,0.0,0.0,1804.0,0.08454286031042127,0.0,0.0,0.08476,0.9994185675677579,1.0,332.1132043300008,300.0,332.50492433000085,300.0,0.4592269082094511,0.0
2402,1681178460000.0,0.0,0.0,1804.0,0.08454286031042127,0.0,0.0,0.08478,0.9994185675677579,1.0,332.1132043300008,300.0,332.5410043300009,300.0,0.4592269082094511,0.0
2403,1681182060000.0,0.0,0.0,1804.0,0.08454286031042127,0.0,0.0,0.08473,0.9994185675677579,1.0,332.1132043300008,300.0,332.45080433000084,300.0,0.4592269082094511,0.0
2404,1681185660000.0,0.0,0.0,1804.0,0.08454286031042127,0.0,0.0,0.08465,0.9994185675677579,1.0,332.1132043300008,300.0,332.30648433000084,300.0,0.4592269082094511,0.0
2405,1681189260000.0,0.0,0.0,1804.0,0.08454286031042127,0.0,0.0,0.08454,0.9994185675677579,1.0,332.1132043300008,300.0,332.10804433000084,300.0,0.4592269082094511,0.0
2406,1681192860000.0,0.0,0.0,1804.0,0.08454286031042127,0.0,0.0,0.08431,0.9994185675677579,1.0,332.1132043300008,300.0,331.69312433000084,300.0,0.4592269082094511,0.0
2407,1681196460000.0,0.0,0.0,437.0,0.08454286031042127,0.0,0.0,0.08552,0.9994185675677579,1.0,333.3647357256549,300.0,333.7917457700008,300.0,0.1108252493330862,0.0
2408,1681200060000.0,0.0,0.0,0.0,0.08454286031042127,0.0,0.0,0.08536,0.9994185675677579,1.0,333.8242236100008,300.0,333.8242236100008,300.0,0.0,0.0
2409,1681203660000.0,0.0,0.0,0.0,0.08454286031042127,0.0,0.0,0.08511,0.9994185675677579,1.0,333.8242236100008,300.0,333.8242236100008,300.0,0.0,0.0
2410,1681207260000.0,0.0,0.0,0.0,0.08454286031042127,0.0,0.0,0.0849,0.9994185675677579,1.0,333.8242236100008,300.0,333.8242236100008,300.0,0.0,0.0
2411,1681210860000.0,0.0,0.0,0.0,0.08454286031042127,0.0,0.0,0.08513,0.9994185675677579,1.0,333.8242236100008,300.0,333.8242236100008,300.0,0.0,0.0
2412,1681214460000.0,0.0,0.0,0.0,0.08454286031042127,0.0,0.0,0.08531,0.9994185675677579,1.0,333.8242236100008,300.0,333.8242236100008,300.0,0.0,0.0
2413,1681218060000.0,0.0,0.0,0.0,0.08454286031042127,0.0,0.0,0.08503,0.9994185675677579,1.0,333.8242236100008,300.0,333.8242236100008,300.0,0.0,0.0
2414,1681221660000.0,0.0,0.0,0.0,0.08454286031042127,0.0,0.0,0.08528,0.9994185675677579,1.0,333.8242236100008,300.0,333.8242236100008,300.0,0.0,0.0
2415,1681225260000.0,0.0,0.0,0.0,0.08454286031042127,0.0,0.0,0.08457,0.9994185675677579,1.0,333.8242236100008,300.0,333.8242236100008,300.0,0.0,0.0
2416,1681228860000.0,0.0,0.0,0.0,0.08454286031042127,0.0,0.0,0.08497,0.9994185675677579,1.0,333.8242236100008,300.0,333.8242236100008,300.0,0.0,0.0
2417,1681232460000.0,0.0,0.0,198.0,0.08431,0.0,0.0,0.08423,0.9994185675677579,1.0,333.8075302300008,300.0,333.79169023000077,300.0,0.05000899766550469,0.0
2418,1681236060000.0,0.0,0.0,198.0,0.08431,0.0,0.0,0.08458,0.9994185675677579,1.0,333.8075302300008,300.0,333.8609902300008,300.0,0.05000899766550469,0.0
2419,1681239660000.0,0.0,0.0,198.0,0.08431,0.0,0.0,0.08469,0.9994185675677579,1.0,333.8075302300008,300.0,333.8827702300008,300.0,0.05000899766550469,0.0
2420,1681243260000.0,0.0,0.0,198.0,0.08431,0.0,0.0,0.08387,0.9994185675677579,1.0,333.8075302300008,300.0,333.72041023000077,300.0,0.05000899766550469,0.0
2421,1681246860000.0,0.0,0.0,198.0,0.08431,0.0,0.0,0.08427,0.9994185675677579,1.0,333.8075302300008,300.0,333.7996102300008,300.0,0.05000899766550469,0.0
2422,1681250460000.0,0.0,0.0,198.0,0.08431,0.0,0.0,0.08404,0.9994185675677579,1.0,333.8075302300008,300.0,333.7540702300008,300.0,0.05000899766550469,0.0
2423,1681254060000.0,0.0,0.0,198.0,0.08431,0.0,0.0,0.08401,0.9994185675677579,1.0,333.8075302300008,300.0,333.7481302300008,300.0,0.05000899766550469,0.0
2424,1681257660000.0,0.0,0.0,198.0,0.08431,0.0,0.0,0.08417,0.9994185675677579,1.0,333.8075302300008,300.0,333.7798102300008,300.0,0.05000899766550469,0.0
2425,1681261260000.0,0.0,0.0,198.0,0.08431,0.0,0.0,0.08368,0.9994185675677579,1.0,333.8075302300008,300.0,333.6827902300008,300.0,0.05000899766550469,0.0
2426,1681264860000.0,0.0,0.0,198.0,0.08431,0.0,0.0,0.08316,0.9994185675677579,1.0,333.8075302300008,300.0,333.57983023000077,300.0,0.05000899766550469,0.0
2427,1681268460000.0,0.0,0.0,423.0,0.08285255319148936,0.0,0.0,0.08152,0.9994185675677579,1.0,333.7891769800008,300.0,333.2255069800008,300.0,0.10499630430527664,0.0
2428,1681272060000.0,0.0,0.0,423.0,0.08285255319148936,0.0,0.0,0.0812,0.9994185675677579,1.0,333.7891769800008,300.0,333.0901469800008,300.0,0.10499630430527664,0.0
2429,1681275660000.0,0.0,0.0,423.0,0.08285255319148936,0.0,0.0,0.08164,0.9994185675677579,1.0,333.7891769800008,300.0,333.2762669800008,300.0,0.10499630430527664,0.0
2430,1681279260000.0,0.0,0.0,423.0,0.08285255319148936,0.0,0.0,0.08157,0.9994185675677579,1.0,333.7891769800008,300.0,333.24665698000075,300.0,0.10499630430527664,0.0
2431,1681282860000.0,0.0,0.0,423.0,0.08285255319148936,0.0,0.0,0.08195,0.9994185675677579,1.0,333.7891769800008,300.0,333.4073969800008,300.0,0.10499630430527664,0.0
2432,1681286460000.0,0.0,0.0,423.0,0.08285255319148936,0.0,0.0,0.08196,0.9994185675677579,1.0,333.7891769800008,300.0,333.4116269800008,300.0,0.10499630430527664,0.0
2433,1681290060000.0,0.0,0.0,423.0,0.08285255319148936,0.0,0.0,0.08168,0.9994185675677579,1.0,333.7891769800008,300.0,333.29318698000077,300.0,0.10499630430527664,0.0
2434,1681293660000.0,0.0,0.0,423.0,0.08285255319148936,0.0,0.0,0.08187,0.9994185675677579,1.0,333.7891769800008,300.0,333.3735569800008,300.0,0.10499630430527664,0.0
2435,1681297260000.0,0.0,0.0,423.0,0.08285255319148936,0.0,0.0,0.08187,0.9994185675677579,1.0,333.7891769800008,300.0,333.3735569800008,300.0,0.10499630430527664,0.0
2436,1681300860000.0,0.0,0.0,423.0,0.08285255319148936,0.0,0.0,0.08201,0.9994185675677579,1.0,333.7891769800008,300.0,333.43277698000077,300.0,0.10499630430527664,0.0
2437,1681304460000.0,0.0,0.0,423.0,0.08285255319148936,0.0,0.0,0.08278,0.9994185675677579,1.0,333.7891769800008,300.0,333.7584869800008,300.0,0.10499630430527664,0.0
2438,1681308060000.0,0.0,0.0,423.0,0.08285255319148936,0.0,0.0,0.08228,0.9994185675677579,1.0,333.7891769800008,300.0,333.5469869800008,300.0,0.10499630430527664,0.0
2439,1681311660000.0,0.0,0.0,423.0,0.08285255319148936,0.0,0.0,0.08247,0.9994185675677579,1.0,333.7891769800008,300.0,333.6273569800008,300.0,0.10499630430527664,0.0
2440,1681315260000.0,0.0,0.0,423.0,0.08285255319148936,0.0,0.0,0.08237,0.9994185675677579,1.0,333.7891769800008,300.0,333.5850569800008,300.0,0.10499630430527664,0.0
2441,1681318860000.0,0.0,0.0,423.0,0.08285255319148936,0.0,0.0,0.08211,0.9994185675677579,1.0,333.7891769800008,300.0,333.4750769800008,300.0,0.10499630430527664,0.0
2442,1681322460000.0,0.0,0.0,0.0,0.08285255319148936,0.0,0.0,0.08315,0.9994185675677579,1.0,334.2263376700008,300.0,334.2263376700008,300.0,0.0,0.0
2443,1681326060000.0,0.0,0.0,0.0,0.08285255319148936,0.0,0.0,0.08261,0.9994185675677579,1.0,334.2263376700008,300.0,334.2263376700008,300.0,0.0,0.0
2444,1681329660000.0,0.0,0.0,203.0,0.08215,0.0,0.0,0.08266,0.9994185675677579,1.0,334.20966122000084,300.0,334.3131912200008,300.0,0.04989816853026987,0.0
2445,1681333260000.0,0.0,0.0,203.0,0.08215,0.0,0.0,0.08263,0.9994185675677579,1.0,334.20966122000084,300.0,334.30710122000085,300.0,0.04989816853026987,0.0
2446,1681336860000.0,0.0,0.0,203.0,0.08215,0.0,0.0,0.08279,0.9994185675677579,1.0,334.20966122000084,300.0,334.33958122000087,300.0,0.04989816853026987,0.0
2447,1681340460000.0,0.0,0.0,0.0,0.08215,0.0,0.0,0.08298,0.9994185675677579,1.0,334.4180894400008,300.0,334.4180894400008,300.0,0.0,0.0
2448,1681344060000.0,0.0,0.0,0.0,0.08215,0.0,0.0,0.08349,0.9994185675677579,1.0,334.4180894400008,300.0,334.4180894400008,300.0,0.0,0.0
2449,1681347660000.0,0.0,0.0,0.0,0.08215,0.0,0.0,0.0832,0.9994185675677579,1.0,334.4180894400008,300.0,334.4180894400008,300.0,0.0,0.0
2450,1681351260000.0,0.0,0.0,0.0,0.08215,0.0,0.0,0.08323,0.9994185675677579,1.0,334.4180894400008,300.0,334.4180894400008,300.0,0.0,0.0
2451,1681354860000.0,0.0,0.0,0.0,0.08215,0.0,0.0,0.08327,0.9994185675677579,1.0,334.4180894400008,300.0,334.4180894400008,300.0,0.0,0.0
2452,1681358460000.0,0.0,0.0,0.0,0.08215,0.0,0.0,0.08333,0.9994185675677579,1.0,334.4180894400008,300.0,334.4180894400008,300.0,0.0,0.0
2453,1681362060000.0,0.0,0.0,0.0,0.08215,0.0,0.0,0.08331,0.9994185675677579,1.0,334.4180894400008,300.0,334.4180894400008,300.0,0.0,0.0
2454,1681365660000.0,0.0,0.0,0.0,0.08215,0.0,0.0,0.08336,0.9994185675677579,1.0,334.4180894400008,300.0,334.4180894400008,300.0,0.0,0.0
2455,1681369260000.0,0.0,0.0,0.0,0.08215,0.0,0.0,0.08293,0.9994185675677579,1.0,334.4180894400008,300.0,334.4180894400008,300.0,0.0,0.0
2456,1681372860000.0,0.0,0.0,0.0,0.08215,0.0,0.0,0.08334,0.9994185675677579,1.0,334.4180894400008,300.0,334.4180894400008,300.0,0.0,0.0
2457,1681376460000.0,0.0,0.0,0.0,0.08215,0.0,0.0,0.08424,0.9994185675677579,1.0,334.4180894400008,300.0,334.4180894400008,300.0,0.0,0.0
2458,1681380060000.0,0.0,0.0,0.0,0.08215,0.0,0.0,0.08443,0.9994185675677579,1.0,334.4180894400008,300.0,334.4180894400008,300.0,0.0,0.0
2459,1681383660000.0,0.0,0.0,0.0,0.08215,0.0,0.0,0.08716,0.9994185675677579,1.0,334.4180894400008,300.0,334.4180894400008,300.0,0.0,0.0
2460,1681387260000.0,0.0,0.0,0.0,0.08215,0.0,0.0,0.08647,0.9994185675677579,1.0,334.4180894400008,300.0,334.4180894400008,300.0,0.0,0.0
2461,1681390860000.0,0.0,0.0,0.0,0.08215,0.0,0.0,0.08694,0.9994185675677579,1.0,334.4180894400008,300.0,334.4180894400008,300.0,0.0,0.0
2462,1681394460000.0,0.0,0.0,0.0,0.08215,0.0,0.0,0.08666,0.9994185675677579,1.0,334.4180894400008,300.0,334.4180894400008,300.0,0.0,0.0
2463,1681398060000.0,0.0,0.0,0.0,0.08215,0.0,0.0,0.08699,0.9994185675677579,1.0,334.4180894400008,300.0,334.4180894400008,300.0,0.0,0.0
2464,1681401660000.0,0.0,0.0,0.0,0.08215,0.0,0.0,0.08722,0.9994185675677579,1.0,334.4180894400008,300.0,334.4180894400008,300.0,0.0,0.0
2465,1681405260000.0,0.0,0.0,0.0,0.08215,0.0,0.0,0.0872,0.9994185675677579,1.0,334.4180894400008,300.0,334.4180894400008,300.0,0.0,0.0
2466,1681408860000.0,0.0,0.0,0.0,0.08215,0.0,0.0,0.08783,0.9994185675677579,1.0,334.4180894400008,300.0,334.4180894400008,300.0,0.0,0.0
2467,1681412460000.0,0.0,0.0,0.0,0.08215,0.0,0.0,0.08725,0.9994185675677579,1.0,334.4180894400008,300.0,334.4180894400008,300.0,0.0,0.0
2468,1681416060000.0,0.0,0.0,0.0,0.08215,0.0,0.0,0.08693,0.9994185675677579,1.0,334.4180894400008,300.0,334.4180894400008,300.0,0.0,0.0
2469,1681419660000.0,0.0,0.0,0.0,0.08215,0.0,0.0,0.08672,0.9994185675677579,1.0,334.4180894400008,300.0,334.4180894400008,300.0,0.0,0.0
2470,1681423260000.0,0.0,0.0,0.0,0.08215,0.0,0.0,0.08688,0.9994185675677579,1.0,334.4180894400008,300.0,334.4180894400008,300.0,0.0,0.0
2471,1681426860000.0,0.0,0.0,0.0,0.08215,0.0,0.0,0.08742,0.9994185675677579,1.0,334.4180894400008,300.0,334.4180894400008,300.0,0.0,0.0
2472,1681430460000.0,0.0,0.0,0.0,0.08215,0.0,0.0,0.08724,0.9994185675677579,1.0,334.4180894400008,300.0,334.4180894400008,300.0,0.0,0.0
2473,1681434060000.0,0.0,0.0,0.0,0.08215,0.0,0.0,0.08819,0.9994185675677579,1.0,334.4180894400008,300.0,334.4180894400008,300.0,0.0,0.0
2474,1681437660000.0,0.0,0.0,0.0,0.08215,0.0,0.0,0.08962,0.9994185675677579,1.0,334.4180894400008,300.0,334.4180894400008,300.0,0.0,0.0
2475,1681441260000.0,0.0,0.0,0.0,0.08215,0.0,0.0,0.08948,0.9994185675677579,1.0,334.4180894400008,300.0,334.4180894400008,300.0,0.0,0.0
2476,1681444860000.0,0.0,0.0,0.0,0.08215,0.0,0.0,0.09011,0.9994185675677579,1.0,334.4180894400008,300.0,334.4180894400008,300.0,0.0,0.0
2477,1681448460000.0,0.0,0.0,0.0,0.08215,0.0,0.0,0.09042,0.9994185675677579,1.0,334.4180894400008,300.0,334.4180894400008,300.0,0.0,0.0
2478,1681452060000.0,0.0,0.0,0.0,0.08215,0.0,0.0,0.09082,0.9994185675677579,1.0,334.4180894400008,300.0,334.4180894400008,300.0,0.0,0.0
2479,1681455660000.0,0.0,0.0,0.0,0.08215,0.0,0.0,0.09052,0.9994185675677579,1.0,334.4180894400008,300.0,334.4180894400008,300.0,0.0,0.0
2480,1681459260000.0,0.0,0.0,0.0,0.08215,0.0,0.0,0.08967,0.9994185675677579,1.0,334.4180894400008,300.0,334.4180894400008,300.0,0.0,0.0
2481,1681462860000.0,0.0,0.0,0.0,0.08215,0.0,0.0,0.08994,0.9994185675677579,1.0,334.4180894400008,300.0,334.4180894400008,300.0,0.0,0.0
2482,1681466460000.0,0.0,0.0,0.0,0.08215,0.0,0.0,0.08996,0.9994185675677579,1.0,334.4180894400008,300.0,334.4180894400008,300.0,0.0,0.0
2483,1681470060000.0,0.0,0.0,0.0,0.08215,0.0,0.0,0.09003,0.9994185675677579,1.0,334.4180894400008,300.0,334.4180894400008,300.0,0.0,0.0
2484,1681473660000.0,0.0,0.0,0.0,0.08215,0.0,0.0,0.09003,0.9994185675677579,1.0,334.4180894400008,300.0,334.4180894400008,300.0,0.0,0.0
2485,1681477260000.0,0.0,0.0,189.0,0.08827,0.0,0.0,0.08884,0.9994185675677579,1.0,334.4014064100008,300.0,334.5091364100008,300.0,0.0498892339571843,0.0
2486,1681480860000.0,0.0,0.0,0.0,0.08827,0.0,0.0,0.08949,0.9994185675677579,1.0,334.6094084700008,300.0,334.6094084700008,300.0,0.0,0.0
2487,1681484460000.0,0.0,0.0,189.0,0.08836,0.0,0.0,0.08848,0.9994185675677579,1.0,334.5927084300008,300.0,334.6153884300008,300.0,0.04991154791854577,0.0
2488,1681488060000.0,0.0,0.0,404.0,0.08683264851485148,0.0,0.0,0.08603,0.9994185675677579,1.0,334.57432808000084,300.0,334.2500580800008,300.0,0.1048508120790781,0.0
2489,1681491660000.0,0.0,0.0,404.0,0.08683264851485148,0.0,0.0,0.08693,0.9994185675677579,1.0,334.57432808000084,300.0,334.61365808000085,300.0,0.1048508120790781,0.0
2490,1681495260000.0,0.0,0.0,0.0,0.08801,0.0,0.0,0.08827,0.9994185675677579,1.0,335.20091808000086,300.0,335.20091808000086,300.0,0.0,0.0
2491,1681498860000.0,0.0,0.0,190.0,0.08803,0.0,0.0,0.08818,0.9994185675677579,1.0,335.18419238000087,300.0,335.2126923800009,300.0,0.04990002625493134,0.0
2492,1681502460000.0,0.0,0.0,190.0,0.08803,0.0,0.0,0.08835,0.9994185675677579,1.0,335.18419238000087,300.0,335.24499238000084,300.0,0.04990002625493134,0.0
2493,1681506060000.0,0.0,0.0,190.0,0.08803,0.0,0.0,0.08852,0.9994185675677579,1.0,335.18419238000087,300.0,335.27729238000086,300.0,0.04990002625493134,0.0
2494,1681509660000.0,0.0,0.0,190.0,0.08803,0.0,0.0,0.08845,0.9994185675677579,1.0,335.18419238000087,300.0,335.26399238000084,300.0,0.04990002625493134,0.0
2495,1681513260000.0,0.0,0.0,190.0,0.08803,0.0,0.0,0.08895,0.9994185675677579,1.0,335.18419238000087,300.0,335.35899238000087,300.0,0.04990002625493134,0.0
2496,1681516860000.0,0.0,0.0,190.0,0.08803,0.0,0.0,0.08882,0.9994185675677579,1.0,335.18419238000087,300.0,335.3342923800009,300.0,0.04990002625493134,0.0
2497,1681520460000.0,0.0,0.0,190.0,0.08813,0.0,0.0,0.08773,0.9994185675677579,1.0,335.3746977800009,300.0,335.29869778000085,300.0,0.049928334220920245,0.0
2498,1681524060000.0,0.0,0.0,190.0,0.08813,0.0,0.0,0.0881,0.9994185675677579,1.0,335.3746977800009,300.0,335.3689977800009,300.0,0.049928334220920245,0.0
2499,1681527660000.0,0.0,0.0,190.0,0.08813,0.0,0.0,0.08822,0.9994185675677579,1.0,335.3746977800009,300.0,335.3917977800009,300.0,0.049928334220920245,0.0
2500,1681531260000.0,0.0,0.0,190.0,0.08813,0.0,0.0,0.08819,0.9994185675677579,1.0,335.3746977800009,300.0,335.38609778000085,300.0,0.049928334220920245,0.0
2501,1681534860000.0,0.0,0.0,190.0,0.08813,0.0,0.0,0.08831,0.9994185675677579,1.0,335.3746977800009,300.0,335.40889778000087,300.0,0.049928334220920245,0.0
2502,1681538460000.0,0.0,0.0,0.0,0.08813,0.0,0.0,0.08921,0.9994185675677579,1.0,335.5838269800008,300.0,335.5838269800008,300.0,0.0,0.0
2503,1681542060000.0,0.0,0.0,0.0,0.08813,0.0,0.0,0.08906,0.9994185675677579,1.0,335.5838269800008,300.0,335.5838269800008,300.0,0.0,0.0
2504,1681545660000.0,0.0,0.0,0.0,0.08813,0.0,0.0,0.0893,0.9994185675677579,1.0,335.5838269800008,300.0,335.5838269800008,300.0,0.0,0.0
2505,1681549260000.0,0.0,0.0,0.0,0.08813,0.0,0.0,0.08904,0.9994185675677579,1.0,335.5838269800008,300.0,335.5838269800008,300.0,0.0,0.0
2506,1681552860000.0,0.0,0.0,0.0,0.08813,0.0,0.0,0.08969,0.9994185675677579,1.0,335.5838269800008,300.0,335.5838269800008,300.0,0.0,0.0
2507,1681556460000.0,0.0,0.0,0.0,0.08813,0.0,0.0,0.08971,0.9994185675677579,1.0,335.5838269800008,300.0,335.5838269800008,300.0,0.0,0.0
2508,1681560060000.0,0.0,0.0,0.0,0.08813,0.0,0.0,0.08973,0.9994185675677579,1.0,335.5838269800008,300.0,335.5838269800008,300.0,0.0,0.0
2509,1681563660000.0,0.0,0.0,0.0,0.08813,0.0,0.0,0.09,0.9994185675677579,1.0,335.5838269800008,300.0,335.5838269800008,300.0,0.0,0.0
2510,1681567260000.0,0.0,0.0,0.0,0.08813,0.0,0.0,0.08917,0.9994185675677579,1.0,335.5838269800008,300.0,335.5838269800008,300.0,0.0,0.0
2511,1681570860000.0,0.0,0.0,0.0,0.08813,0.0,0.0,0.08908,0.9994185675677579,1.0,335.5838269800008,300.0,335.5838269800008,300.0,0.0,0.0
2512,1681574460000.0,0.0,0.0,189.0,0.08867,0.0,0.0,0.08886,0.9994185675677579,1.0,335.5670683500008,300.0,335.6029783500008,300.0,0.04994122362007386,0.0
2513,1681578060000.0,0.0,0.0,189.0,0.08867,0.0,0.0,0.08895,0.9994185675677579,1.0,335.5670683500008,300.0,335.6199883500008,300.0,0.04994122362007386,0.0
2514,1681581660000.0,0.0,0.0,189.0,0.08867,0.0,0.0,0.0891,0.9994185675677579,1.0,335.5670683500008,300.0,335.6483383500008,300.0,0.04994122362007386,0.0
2515,1681585260000.0,0.0,0.0,189.0,0.08867,0.0,0.0,0.08888,0.9994185675677579,1.0,335.5670683500008,300.0,335.6067583500008,300.0,0.04994122362007386,0.0
2516,1681588860000.0,0.0,0.0,189.0,0.08867,0.0,0.0,0.08869,0.9994185675677579,1.0,335.5670683500008,300.0,335.5708483500008,300.0,0.04994122362007386,0.0
2517,1681592460000.0,0.0,0.0,189.0,0.08867,0.0,0.0,0.08813,0.9994185675677579,1.0,335.5670683500008,300.0,335.4650083500008,300.0,0.04994122362007386,0.0
2518,1681596060000.0,0.0,0.0,189.0,0.08867,0.0,0.0,0.08821,0.9994185675677579,1.0,335.5670683500008,300.0,335.48012835000077,300.0,0.04994122362007386,0.0
2519,1681599660000.0,0.0,0.0,189.0,0.08867,0.0,0.0,0.08889,0.9994185675677579,1.0,335.5670683500008,300.0,335.6086483500008,300.0,0.04994122362007386,0.0
2520,1681603260000.0,0.0,0.0,189.0,0.08867,0.0,0.0,0.08889,0.9994185675677579,1.0,335.5670683500008,300.0,335.6086483500008,300.0,0.04994122362007386,0.0
2521,1681606860000.0,0.0,0.0,189.0,0.08867,0.0,0.0,0.08874,0.9994185675677579,1.0,335.5670683500008,300.0,335.5802983500008,300.0,0.04994122362007386,0.0
2522,1681610460000.0,0.0,0.0,189.0,0.08867,0.0,0.0,0.0887,0.9994185675677579,1.0,335.5670683500008,300.0,335.5727383500008,300.0,0.04994122362007386,0.0
2523,1681614060000.0,0.0,0.0,189.0,0.08867,0.0,0.0,0.08893,0.9994185675677579,1.0,335.5670683500008,300.0,335.6162083500008,300.0,0.04994122362007386,0.0
2524,1681617660000.0,0.0,0.0,189.0,0.08867,0.0,0.0,0.08916,0.9994185675677579,1.0,335.5670683500008,300.0,335.6596783500008,300.0,0.04994122362007386,0.0
2525,1681621260000.0,0.0,0.0,0.0,0.08867,0.0,0.0,0.09014,0.9994185675677579,1.0,335.7749948100008,300.0,335.7749948100008,300.0,0.0,0.0
2526,1681624860000.0,0.0,0.0,0.0,0.08867,0.0,0.0,0.09063,0.9994185675677579,1.0,335.7749948100008,300.0,335.7749948100008,300.0,0.0,0.0
2527,1681628460000.0,0.0,0.0,0.0,0.08867,0.0,0.0,0.0901,0.9994185675677579,1.0,335.7749948100008,300.0,335.7749948100008,300.0,0.0,0.0
2528,1681632060000.0,0.0,0.0,0.0,0.08867,0.0,0.0,0.09023,0.9994185675677579,1.0,335.7749948100008,300.0,335.7749948100008,300.0,0.0,0.0
2529,1681635660000.0,0.0,0.0,0.0,0.08867,0.0,0.0,0.08999,0.9994185675677579,1.0,335.7749948100008,300.0,335.7749948100008,300.0,0.0,0.0
2530,1681639260000.0,0.0,0.0,0.0,0.08867,0.0,0.0,0.08951,0.9994185675677579,1.0,335.7749948100008,300.0,335.7749948100008,300.0,0.0,0.0
2531,1681642860000.0,0.0,0.0,0.0,0.08867,0.0,0.0,0.0898,0.9994185675677579,1.0,335.7749948100008,300.0,335.7749948100008,300.0,0.0,0.0
2532,1681646460000.0,0.0,0.0,188.0,0.08911,0.0,0.0,0.08885,0.9994185675677579,1.0,335.7582421300008,300.0,335.7093621300008,300.0,0.049895067039079866,0.0
2533,1681650060000.0,0.0,0.0,188.0,0.08911,0.0,0.0,0.08907,0.9994185675677579,1.0,335.7582421300008,300.0,335.7507221300008,300.0,0.049895067039079866,0.0
2534,1681653660000.0,0.0,0.0,188.0,0.08911,0.0,0.0,0.08876,0.9994185675677579,1.0,335.7582421300008,300.0,335.69244213000076,300.0,0.049895067039079866,0.0
2535,1681657260000.0,0.0,0.0,188.0,0.08911,0.0,0.0,0.08908,0.9994185675677579,1.0,335.7582421300008,300.0,335.7526021300008,300.0,0.049895067039079866,0.0
2536,1681660860000.0,0.0,0.0,188.0,0.08911,0.0,0.0,0.08939,0.9994185675677579,1.0,335.7582421300008,300.0,335.8108821300008,300.0,0.049895067039079866,0.0
2537,1681664460000.0,0.0,0.0,0.0,0.08911,0.0,0.0,0.09017,0.9994185675677579,1.0,335.9668638500008,300.0,335.9668638500008,300.0,0.0,0.0
2538,1681668060000.0,0.0,0.0,0.0,0.08911,0.0,0.0,0.08968,0.9994185675677579,1.0,335.9668638500008,300.0,335.9668638500008,300.0,0.0,0.0
2539,1681671660000.0,0.0,0.0,0.0,0.08911,0.0,0.0,0.09026,0.9994185675677579,1.0,335.9668638500008,300.0,335.9668638500008,300.0,0.0,0.0
2540,1681675260000.0,0.0,0.0,0.0,0.08911,0.0,0.0,0.0897,0.9994185675677579,1.0,335.9668638500008,300.0,335.9668638500008,300.0,0.0,0.0
2541,1681678860000.0,0.0,0.0,0.0,0.08911,0.0,0.0,0.09164,0.9994185675677579,1.0,335.9668638500008,300.0,335.9668638500008,300.0,0.0,0.0
2542,1681682460000.0,0.0,0.0,0.0,0.08911,0.0,0.0,0.09115,0.9994185675677579,1.0,335.9668638500008,300.0,335.9668638500008,300.0,0.0,0.0
2543,1681686060000.0,0.0,0.0,0.0,0.08911,0.0,0.0,0.09108,0.9994185675677579,1.0,335.9668638500008,300.0,335.9668638500008,300.0,0.0,0.0
2544,1681689660000.0,0.0,0.0,0.0,0.08911,0.0,0.0,0.09051,0.9994185675677579,1.0,335.9668638500008,300.0,335.9668638500008,300.0,0.0,0.0
2545,1681693260000.0,0.0,0.0,187.0,0.0896,0.0,0.0,0.08845,0.9994185675677579,1.0,335.9501086500008,300.0,335.7350586500008,300.0,0.04987407227617802,0.0
2546,1681696860000.0,0.0,0.0,187.0,0.0896,0.0,0.0,0.08885,0.9994185675677579,1.0,335.9501086500008,300.0,335.8098586500008,300.0,0.04987407227617802,0.0
2547,1681700460000.0,0.0,0.0,187.0,0.0896,0.0,0.0,0.08931,0.9994185675677579,1.0,335.9501086500008,300.0,335.8958786500008,300.0,0.04987407227617802,0.0
2548,1681704060000.0,0.0,0.0,187.0,0.0896,0.0,0.0,0.08935,0.9994185675677579,1.0,335.9501086500008,300.0,335.9033586500008,300.0,0.04987407227617802,0.0
2549,1681707660000.0,0.0,0.0,187.0,0.0896,0.0,0.0,0.08935,0.9994185675677579,1.0,335.9501086500008,300.0,335.9033586500008,300.0,0.04987407227617802,0.0
2550,1681711260000.0,0.0,0.0,187.0,0.0896,0.0,0.0,0.08955,0.9994185675677579,1.0,335.9501086500008,300.0,335.9407586500008,300.0,0.04987407227617802,0.0
2551,1681714860000.0,0.0,0.0,187.0,0.0896,0.0,0.0,0.08932,0.9994185675677579,1.0,335.9501086500008,300.0,335.8977486500008,300.0,0.04987407227617802,0.0
2552,1681718460000.0,0.0,0.0,0.0,0.0896,0.0,0.0,0.09307,0.9994185675677579,1.0,336.1593971800008,300.0,336.1593971800008,300.0,0.0,0.0
2553,1681722060000.0,0.0,0.0,0.0,0.0896,0.0,0.0,0.09413,0.9994185675677579,1.0,336.1593971800008,300.0,336.1593971800008,300.0,0.0,0.0
2554,1681725660000.0,0.0,0.0,0.0,0.0896,0.0,0.0,0.09406,0.9994185675677579,1.0,336.1593971800008,300.0,336.1593971800008,300.0,0.0,0.0
2555,1681729260000.0,0.0,0.0,0.0,0.0896,0.0,0.0,0.09438,0.9994185675677579,1.0,336.1593971800008,300.0,336.1593971800008,300.0,0.0,0.0
2556,1681732860000.0,0.0,0.0,0.0,0.0896,0.0,0.0,0.09336,0.9994185675677579,1.0,336.1593971800008,300.0,336.1593971800008,300.0,0.0,0.0
2557,1681736460000.0,0.0,0.0,0.0,0.0896,0.0,0.0,0.09412,0.9994185675677579,1.0,336.1593971800008,300.0,336.1593971800008,300.0,0.0,0.0
2558,1681740060000.0,0.0,0.0,185.0,0.09092,0.0,0.0,0.09172,0.9994185675677579,1.0,336.1425769800008,300.0,336.2905769800008,300.0,0.050038885734492174,0.0
2559,1681743660000.0,0.0,0.0,185.0,0.09092,0.0,0.0,0.09155,0.9994185675677579,1.0,336.1425769800008,300.0,336.2591269800008,300.0,0.050038885734492174,0.0
2560,1681747260000.0,0.0,0.0,185.0,0.09092,0.0,0.0,0.08976,0.9994185675677579,1.0,336.1425769800008,300.0,335.9279769800008,300.0,0.050038885734492174,0.0
2561,1681750860000.0,0.0,0.0,185.0,0.09092,0.0,0.0,0.09056,0.9994185675677579,1.0,336.1425769800008,300.0,336.0759769800008,300.0,0.050038885734492174,0.0
2562,1681754460000.0,0.0,0.0,185.0,0.09092,0.0,0.0,0.0913,0.9994185675677579,1.0,336.1425769800008,300.0,336.2128769800008,300.0,0.050038885734492174,0.0
2563,1681758060000.0,0.0,0.0,185.0,0.09092,0.0,0.0,0.09094,0.9994185675677579,1.0,336.1425769800008,300.0,336.1462769800008,300.0,0.050038885734492174,0.0
2564,1681761660000.0,0.0,0.0,0.0,0.09092,0.0,0.0,0.09178,0.9994185675677579,1.0,336.3512310800008,300.0,336.3512310800008,300.0,0.0,0.0
2565,1681765260000.0,0.0,0.0,0.0,0.09092,0.0,0.0,0.09169,0.9994185675677579,1.0,336.3512310800008,300.0,336.3512310800008,300.0,0.0,0.0
2566,1681768860000.0,0.0,0.0,0.0,0.09092,0.0,0.0,0.09187,0.9994185675677579,1.0,336.3512310800008,300.0,336.3512310800008,300.0,0.0,0.0
2567,1681772460000.0,0.0,0.0,0.0,0.09092,0.0,0.0,0.09219,0.9994185675677579,1.0,336.3512310800008,300.0,336.3512310800008,300.0,0.0,0.0
2568,1681776060000.0,0.0,0.0,0.0,0.09092,0.0,0.0,0.09139,0.9994185675677579,1.0,336.3512310800008,300.0,336.3512310800008,300.0,0.0,0.0
2569,1681779660000.0,0.0,0.0,185.0,0.09105,0.0,0.0,0.09122,0.9994185675677579,1.0,336.33438683000077,300.0,336.3658368300008,300.0,0.050081855021603484,0.0
2570,1681783260000.0,0.0,0.0,185.0,0.09105,0.0,0.0,0.09064,0.9994185675677579,1.0,336.33438683000077,300.0,336.25853683000076,300.0,0.050081855021603484,0.0
2571,1681786860000.0,0.0,0.0,185.0,0.09105,0.0,0.0,0.0909,0.9994185675677579,1.0,336.33438683000077,300.0,336.30663683000074,300.0,0.050081855021603484,0.0
2572,1681790460000.0,0.0,0.0,185.0,0.09105,0.0,0.0,0.09106,0.9994185675677579,1.0,336.33438683000077,300.0,336.33623683000076,300.0,0.050081855021603484,0.0
2573,1681794060000.0,0.0,0.0,0.0,0.09105,0.0,0.0,0.09279,0.9994185675677579,1.0,336.5430168800008,300.0,336.5430168800008,300.0,0.0,0.0
2574,1681797660000.0,0.0,0.0,0.0,0.09105,0.0,0.0,0.09285,0.9994185675677579,1.0,336.5430168800008,300.0,336.5430168800008,300.0,0.0,0.0
2575,1681801260000.0,0.0,0.0,0.0,0.09105,0.0,0.0,0.0929,0.9994185675677579,1.0,336.5430168800008,300.0,336.5430168800008,300.0,0.0,0.0
2576,1681804860000.0,0.0,0.0,0.0,0.09105,0.0,0.0,0.093,0.9994185675677579,1.0,336.5430168800008,300.0,336.5430168800008,300.0,0.0,0.0
2577,1681808460000.0,0.0,0.0,0.0,0.09105,0.0,0.0,0.09249,0.9994185675677579,1.0,336.5430168800008,300.0,336.5430168800008,300.0,0.0,0.0
2578,1681812060000.0,0.0,0.0,0.0,0.09105,0.0,0.0,0.09287,0.9994185675677579,1.0,336.5430168800008,300.0,336.5430168800008,300.0,0.0,0.0
2579,1681815660000.0,0.0,0.0,0.0,0.09105,0.0,0.0,0.09291,0.9994185675677579,1.0,336.5430168800008,300.0,336.5430168800008,300.0,0.0,0.0
2580,1681819260000.0,0.0,0.0,0.0,0.09105,0.0,0.0,0.0936,0.9994185675677579,1.0,336.5430168800008,300.0,336.5430168800008,300.0,0.0,0.0
2581,1681822860000.0,0.0,0.0,0.0,0.09105,0.0,0.0,0.09335,0.9994185675677579,1.0,336.5430168800008,300.0,336.5430168800008,300.0,0.0,0.0
2582,1681826460000.0,0.0,0.0,0.0,0.09105,0.0,0.0,0.09345,0.9994185675677579,1.0,336.5430168800008,300.0,336.5430168800008,300.0,0.0,0.0
2583,1681830060000.0,0.0,0.0,0.0,0.09105,0.0,0.0,0.09384,0.9994185675677579,1.0,336.5430168800008,300.0,336.5430168800008,300.0,0.0,0.0
2584,1681833660000.0,0.0,0.0,0.0,0.09105,0.0,0.0,0.09395,0.9994185675677579,1.0,336.5430168800008,300.0,336.5430168800008,300.0,0.0,0.0
2585,1681837260000.0,0.0,0.0,0.0,0.09105,0.0,0.0,0.09316,0.9994185675677579,1.0,336.5430168800008,300.0,336.5430168800008,300.0,0.0,0.0
2586,1681840860000.0,0.0,0.0,182.0,0.09228,0.0,0.0,0.09182,0.9994185675677579,1.0,336.52622192000075,300.0,336.4425019200007,300.0,0.04990683906941584,0.0
2587,1681844460000.0,0.0,0.0,182.0,0.09228,0.0,0.0,0.09266,0.9994185675677579,1.0,336.52622192000075,300.0,336.59538192000076,300.0,0.04990683906941584,0.0
2588,1681848060000.0,0.0,0.0,182.0,0.09228,0.0,0.0,0.09286,0.9994185675677579,1.0,336.52622192000075,300.0,336.6317819200008,300.0,0.04990683906941584,0.0
2589,1681851660000.0,0.0,0.0,182.0,0.09228,0.0,0.0,0.09289,0.9994185675677579,1.0,336.52622192000075,300.0,336.63724192000075,300.0,0.04990683906941584,0.0
2590,1681855260000.0,0.0,0.0,0.0,0.09228,0.0,0.0,0.09347,0.9994185675677579,1.0,336.73488128000076,300.0,336.73488128000076,300.0,0.0,0.0
2591,1681858860000.0,0.0,0.0,0.0,0.09228,0.0,0.0,0.09355,0.9994185675677579,1.0,336.73488128000076,300.0,336.73488128000076,300.0,0.0,0.0
2592,1681862460000.0,0.0,0.0,0.0,0.09228,0.0,0.0,0.09393,0.9994185675677579,1.0,336.73488128000076,300.0,336.73488128000076,300.0,0.0,0.0
2593,1681866060000.0,0.0,0.0,0.0,0.09228,0.0,0.0,0.09364,0.9994185675677579,1.0,336.73488128000076,300.0,336.73488128000076,300.0,0.0,0.0
2594,1681869660000.0,0.0,0.0,0.0,0.09228,0.0,0.0,0.09319,0.9994185675677579,1.0,336.73488128000076,300.0,336.73488128000076,300.0,0.0,0.0
2595,1681873260000.0,0.0,0.0,0.0,0.09228,0.0,0.0,0.09346,0.9994185675677579,1.0,336.73488128000076,300.0,336.73488128000076,300.0,0.0,0.0
2596,1681876860000.0,0.0,0.0,0.0,0.09228,0.0,0.0,0.09315,0.9994185675677579,1.0,336.73488128000076,300.0,336.73488128000076,300.0,0.0,0.0
2597,1681880460000.0,0.0,0.0,182.0,0.0927,0.0,0.0,0.09335,0.9994185675677579,1.0,336.71800988000075,300.0,336.8363098800007,300.0,0.050105427998973426,0.0
2598,1681884060000.0,0.0,0.0,182.0,0.0927,0.0,0.0,0.09363,0.9994185675677579,1.0,336.71800988000075,300.0,336.88726988000076,300.0,0.050105427998973426,0.0
2599,1681887660000.0,0.0,0.0,182.0,0.0927,0.0,0.0,0.09251,0.9994185675677579,1.0,336.71800988000075,300.0,336.68342988000074,300.0,0.050105427998973426,0.0
2600,1681891260000.0,0.0,0.0,182.0,0.0927,0.0,0.0,0.09263,0.9994185675677579,1.0,336.71800988000075,300.0,336.70526988000074,300.0,0.050105427998973426,0.0
2601,1681894860000.0,0.0,0.0,192.0,0.08795,0.0,0.0,0.08698,0.9994185675677579,1.0,338.2891950300008,300.0,338.1029550300008,300.0,0.04991705395291283,0.0
2602,1681898460000.0,0.0,0.0,192.0,0.08795,0.0,0.0,0.08791,0.9994185675677579,1.0,338.2891950300008,300.0,338.28151503000083,300.0,0.04991705395291283,0.0
2603,1681902060000.0,0.0,0.0,192.0,0.08795,0.0,0.0,0.08776,0.9994185675677579,1.0,338.2891950300008,300.0,338.25271503000084,300.0,0.04991705395291283,0.0
2604,1681905660000.0,0.0,0.0,192.0,0.08795,0.0,0.0,0.0881,0.9994185675677579,1.0,338.2891950300008,300.0,338.3179950300008,300.0,0.04991705395291283,0.0
2605,1681909260000.0,0.0,0.0,192.0,0.08795,0.0,0.0,0.0882,0.9994185675677579,1.0,338.2891950300008,300.0,338.3371950300008,300.0,0.04991705395291283,0.0
2606,1681912860000.0,0.0,0.0,190.0,0.08913,0.0,0.0,0.08978,0.9994185675677579,1.0,338.48170737000083,300.0,338.6052073700008,300.0,0.05003135954253609,0.0
2607,1681916460000.0,0.0,0.0,0.0,0.08913,0.0,0.0,0.09192,0.9994185675677579,1.0,338.69254467000087,300.0,338.69254467000087,300.0,0.0,0.0
2608,1681920060000.0,0.0,0.0,0.0,0.08913,0.0,0.0,0.09096,0.9994185675677579,1.0,338.69254467000087,300.0,338.69254467000087,300.0,0.0,0.0
2609,1681923660000.0,0.0,0.0,0.0,0.08913,0.0,0.0,0.09071,0.9994185675677579,1.0,338.69254467000087,300.0,338.69254467000087,300.0,0.0,0.0
2610,1681927260000.0,0.0,0.0,188.0,0.09006,0.0,0.0,0.08856,0.9994185675677579,1.0,338.6756133900009,300.0,338.3936133900009,300.0,0.04999261632842408,0.0
2611,1681930860000.0,0.0,0.0,188.0,0.09006,0.0,0.0,0.08877,0.9994185675677579,1.0,338.6756133900009,300.0,338.43309339000086,300.0,0.04999261632842408,0.0
2612,1681934460000.0,0.0,0.0,188.0,0.09006,0.0,0.0,0.08927,0.9994185675677579,1.0,338.6756133900009,300.0,338.52709339000086,300.0,0.04999261632842408,0.0
2613,1681938060000.0,0.0,0.0,188.0,0.09006,0.0,0.0,0.08916,0.9994185675677579,1.0,338.6756133900009,300.0,338.5064133900009,300.0,0.04999261632842408,0.0
2614,1681941660000.0,0.0,0.0,402.0,0.08850557213930348,0.0,0.0,0.08795,0.9994185675677579,1.0,338.65696543000087,300.0,338.43362543000086,300.0,0.10505982050250814,0.0
2615,1681945260000.0,0.0,0.0,402.0,0.08850557213930348,0.0,0.0,0.08793,0.9994185675677579,1.0,338.65696543000087,300.0,338.42558543000087,300.0,0.10505982050250814,0.0
2616,1681948860000.0,0.0,0.0,402.0,0.08850557213930348,0.0,0.0,0.08813,0.9994185675677579,1.0,338.65696543000087,300.0,338.50598543000086,300.0,0.10505982050250814,0.0
2617,1681952460000.0,0.0,0.0,0.0,0.08850557213930348,0.0,0.0,0.09124,0.9994185675677579,1.0,339.1010660300009,300.0,339.1010660300009,300.0,0.0,0.0
2618,1681956060000.0,0.0,0.0,0.0,0.08850557213930348,0.0,0.0,0.09106,0.9994185675677579,1.0,339.1010660300009,300.0,339.1010660300009,300.0,0.0,0.0
2619,1681959660000.0,0.0,0.0,190.0,0.0892,0.0,0.0,0.08823,0.9994185675677579,1.0,339.08411803000087,300.0,338.89981803000086,300.0,0.04998169804726892,0.0
2620,1681963260000.0,0.0,0.0,190.0,0.0892,0.0,0.0,0.0896,0.9994185675677579,1.0,339.08411803000087,300.0,339.1601180300009,300.0,0.04998169804726892,0.0
2621,1681966860000.0,0.0,0.0,0.0,0.0892,0.0,0.0,0.09148,0.9994185675677579,1.0,339.29494203000087,300.0,339.29494203000087,300.0,0.0,0.0
2622,1681970460000.0,0.0,0.0,0.0,0.0892,0.0,0.0,0.09164,0.9994185675677579,1.0,339.29494203000087,300.0,339.29494203000087,300.0,0.0,0.0
2623,1681974060000.0,0.0,0.0,0.0,0.0892,0.0,0.0,0.09168,0.9994185675677579,1.0,339.29494203000087,300.0,339.29494203000087,300.0,0.0,0.0
2624,1681977660000.0,0.0,0.0,0.0,0.0892,0.0,0.0,0.09176,0.9994185675677579,1.0,339.29494203000087,300.0,339.29494203000087,300.0,0.0,0.0
2625,1681981260000.0,0.0,0.0,0.0,0.0892,0.0,0.0,0.09151,0.9994185675677579,1.0,339.29494203000087,300.0,339.29494203000087,300.0,0.0,0.0
2626,1681984860000.0,0.0,0.0,0.0,0.0892,0.0,0.0,0.09211,0.9994185675677579,1.0,339.29494203000087,300.0,339.29494203000087,300.0,0.0,0.0
2627,1681988460000.0,0.0,0.0,0.0,0.0892,0.0,0.0,0.09213,0.9994185675677579,1.0,339.29494203000087,300.0,339.29494203000087,300.0,0.0,0.0
2628,1681992060000.0,0.0,0.0,188.0,0.09042,0.0,0.0,0.09092,0.9994185675677579,1.0,339.27794307000084,300.0,339.37194307000084,300.0,0.050103345493617085,0.0
2629,1681995660000.0,0.0,0.0,0.0,0.09043,0.0,0.0,0.09208,0.9994185675677579,1.0,339.68520371000085,300.0,339.68520371000085,300.0,0.0,0.0
2630,1681999260000.0,0.0,0.0,193.0,0.08812,0.0,0.0,0.08813,0.9994185675677579,1.0,340.6865372500008,300.0,340.6884672500008,300.0,0.04992025847948285,0.0
2631,1682002860000.0,0.0,0.0,193.0,0.08812,0.0,0.0,0.08718,0.9994185675677579,1.0,340.6865372500008,300.0,340.5051172500008,300.0,0.04992025847948285,0.0
2632,1682006460000.0,0.0,0.0,193.0,0.08812,0.0,0.0,0.08635,0.9994185675677579,1.0,340.6865372500008,300.0,340.3449272500008,300.0,0.04992025847948285,0.0
2633,1682010060000.0,0.0,0.0,413.0,0.08659651331719129,0.0,0.0,0.08361,0.9994185675677579,1.0,340.66778005000083,300.0,339.43435005000083,300.0,0.10498310111613948,0.0
2634,1682013660000.0,0.0,0.0,883.0,0.08488443941109852,0.0,0.0,0.08336,0.9994185675677579,1.0,340.62859145000084,300.0,339.28251145000087,300.0,0.22004306708646318,0.0
2635,1682017260000.0,0.0,0.0,883.0,0.08488443941109852,0.0,0.0,0.08335,0.9994185675677579,1.0,340.62859145000084,300.0,339.2736814500008,300.0,0.22004306708646318,0.0
2636,1682020860000.0,0.0,0.0,883.0,0.08488443941109852,0.0,0.0,0.08377,0.9994185675677579,1.0,340.62859145000084,300.0,339.6445414500008,300.0,0.22004306708646318,0.0
2637,1682024460000.0,0.0,0.0,883.0,0.08488443941109852,0.0,0.0,0.08331,0.9994185675677579,1.0,340.62859145000084,300.0,339.23836145000087,300.0,0.22004306708646318,0.0
2638,1682028060000.0,0.0,0.0,883.0,0.08488443941109852,0.0,0.0,0.08383,0.9994185675677579,1.0,340.62859145000084,300.0,339.69752145000086,300.0,0.22004306708646318,0.0
2639,1682031660000.0,0.0,0.0,883.0,0.08488443941109852,0.0,0.0,0.0835,0.9994185675677579,1.0,340.62859145000084,300.0,339.4061314500008,300.0,0.22004306708646318,0.0
2640,1682035260000.0,0.0,0.0,883.0,0.08488443941109852,0.0,0.0,0.08396,0.9994185675677579,1.0,340.62859145000084,300.0,339.81231145000083,300.0,0.22004306708646318,0.0
2641,1682038860000.0,0.0,0.0,883.0,0.08488443941109852,0.0,0.0,0.08456,0.9994185675677579,1.0,340.62859145000084,300.0,340.34211145000086,300.0,0.22004306708646318,0.0
2642,1682042460000.0,0.0,0.0,883.0,0.08488443941109852,0.0,0.0,0.08386,0.9994185675677579,1.0,340.62859145000084,300.0,339.72401145000083,300.0,0.22004306708646318,0.0
2643,1682046060000.0,0.0,0.0,883.0,0.08488443941109852,0.0,0.0,0.08388,0.9994185675677579,1.0,340.62859145000084,300.0,339.74167145000087,300.0,0.22004306708646318,0.0
2644,1682049660000.0,0.0,0.0,883.0,0.08488443941109852,0.0,0.0,0.08414,0.9994185675677579,1.0,340.62859145000084,300.0,339.97125145000086,300.0,0.22004306708646318,0.0
2645,1682053260000.0,0.0,0.0,883.0,0.08488443941109852,0.0,0.0,0.08405,0.9994185675677579,1.0,340.62859145000084,300.0,339.89178145000085,300.0,0.22004306708646318,0.0
2646,1682056860000.0,0.0,0.0,883.0,0.08488443941109852,0.0,0.0,0.0838,0.9994185675677579,1.0,340.62859145000084,300.0,339.67103145000084,300.0,0.22004306708646318,0.0
2647,1682060460000.0,0.0,0.0,883.0,0.08488443941109852,0.0,0.0,0.0837,0.9994185675677579,1.0,340.62859145000084,300.0,339.58273145000084,300.0,0.22004306708646318,0.0
2648,1682064060000.0,0.0,0.0,883.0,0.08488443941109852,0.0,0.0,0.08464,0.9994185675677579,1.0,340.62859145000084,300.0,340.4127514500008,300.0,0.22004306708646318,0.0
2649,1682067660000.0,0.0,0.0,883.0,0.08488443941109852,0.0,0.0,0.08411,0.9994185675677579,1.0,340.62859145000084,300.0,339.94476145000084,300.0,0.22004306708646318,0.0
2650,1682071260000.0,0.0,0.0,883.0,0.08488443941109852,0.0,0.0,0.08407,0.9994185675677579,1.0,340.62859145000084,300.0,339.9094414500008,300.0,0.22004306708646318,0.0
2651,1682074860000.0,0.0,0.0,883.0,0.08488443941109852,0.0,0.0,0.08373,0.9994185675677579,1.0,340.62859145000084,300.0,339.60922145000086,300.0,0.22004306708646318,0.0
2652,1682078460000.0,0.0,0.0,883.0,0.08488443941109852,0.0,0.0,0.08353,0.9994185675677579,1.0,340.62859145000084,300.0,339.43262145000085,300.0,0.22004306708646318,0.0
2653,1682082060000.0,0.0,0.0,883.0,0.08488443941109852,0.0,0.0,0.08402,0.9994185675677579,1.0,340.62859145000084,300.0,339.8652914500008,300.0,0.22004306708646318,0.0
2654,1682085660000.0,0.0,0.0,883.0,0.08488443941109852,0.0,0.0,0.08379,0.9994185675677579,1.0,340.62859145000084,300.0,339.66220145000085,300.0,0.22004306708646318,0.0
2655,1682089260000.0,0.0,0.0,883.0,0.08488443941109852,0.0,0.0,0.08363,0.9994185675677579,1.0,340.62859145000084,300.0,339.52092145000086,300.0,0.22004306708646318,0.0
2656,1682092860000.0,0.0,0.0,883.0,0.08488443941109852,0.0,0.0,0.08349,0.9994185675677579,1.0,340.62859145000084,300.0,339.39730145000084,300.0,0.22004306708646318,0.0
2657,1682096460000.0,0.0,0.0,883.0,0.08488443941109852,0.0,0.0,0.08288,0.9994185675677579,1.0,340.62859145000084,300.0,338.8586714500008,300.0,0.22004306708646318,0.0
2658,1682100060000.0,0.0,0.0,883.0,0.08488443941109852,0.0,0.0,0.08173,0.9994185675677579,1.0,340.62859145000084,300.0,337.84322145000084,300.0,0.22004306708646318,0.0
2659,1682103660000.0,0.0,0.0,883.0,0.08488443941109852,0.0,0.0,0.08191,0.9994185675677579,1.0,340.62859145000084,300.0,338.00216145000087,300.0,0.22004306708646318,0.0
2660,1682107260000.0,0.0,0.0,1888.0,0.08275816207627118,0.0,0.0,0.07911,0.9994185675677579,1.0,340.54729700000087,300.0,333.6595670000009,300.0,0.4588126564986349,0.0
2661,1682110860000.0,5.1365031563963696e-05,0.0,4277.0,0.07963120177694645,0.0,0.0,0.07749,0.9993349083055295,1.0,340.36296176000087,300.0,331.20504176000094,300.0,1.0006454528391193,0.0
2662,1682114460000.0,5.1365031563963696e-05,0.0,4277.0,0.07963120177694645,0.0,0.0,0.07766,0.9993349083055295,1.0,340.36296176000087,300.0,331.9321317600009,300.0,1.0006454528391193,0.0
2663,1682118060000.0,5.1365031563963696e-05,0.0,4277.0,0.07963120177694645,0.0,0.0,0.07812,0.9993349083055295,1.0,340.36296176000087,300.0,333.89955176000086,300.0,1.0006454528391193,0.0
2664,1682121660000.0,5.1365031563963696e-05,0.0,4277.0,0.07963120177694645,0.0,0.0,0.07846,0.9993349083055295,1.0,340.36296176000087,300.0,335.3537317600009,300.0,1.0006454528391193,0.0
2665,1682125260000.0,5.1365031563963696e-05,0.0,4277.0,0.07963120177694645,0.0,0.0,0.0783,0.9993349083055295,1.0,340.36296176000087,300.0,334.66941176000086,300.0,1.0006454528391193,0.0
2666,1682128860000.0,5.1365031563963696e-05,0.0,4277.0,0.07963120177694645,0.0,0.0,0.07879,0.9993349083055295,1.0,340.36296176000087,300.0,336.7651417600009,300.0,1.0006454528391193,0.0
2667,1682132460000.0,5.1365031563963696e-05,0.0,4277.0,0.07963120177694645,0.0,0.0,0.07874,0.9993349083055295,1.0,340.36296176000087,300.0,336.55129176000094,300.0,1.0006454528391193,0.0
2668,1682136060000.0,5.1365031563963696e-05,0.0,4277.0,0.07963120177694645,0.0,0.0,0.0789,0.9993349083055295,1.0,340.36296176000087,300.0,337.2356117600009,300.0,1.0006454528391193,0.0
2669,1682139660000.0,5.1365031563963696e-05,0.0,4277.0,0.07963120177694645,0.0,0.0,0.07901,0.9993349083055295,1.0,340.36296176000087,300.0,337.70608176000087,300.0,1.0006454528391193,0.0
2670,1682143260000.0,5.1365031563963696e-05,0.0,4277.0,0.07963120177694645,0.0,0.0,0.07925,0.9993349083055295,1.0,340.36296176000087,300.0,338.7325617600009,300.0,1.0006454528391193,0.0
2671,1682146860000.0,5.1365031563963696e-05,0.0,4277.0,0.07963120177694645,0.0,0.0,0.07889,0.9993349083055295,1.0,340.36296176000087,300.0,337.19284176000093,300.0,1.0006454528391193,0.0
2672,1682150460000.0,5.1365031563963696e-05,0.0,4277.0,0.07963120177694645,0.0,0.0,0.07881,0.9993349083055295,1.0,340.36296176000087,300.0,336.85068176000095,300.0,1.0006454528391193,0.0
2673,1682154060000.0,5.1365031563963696e-05,0.0,4277.0,0.07963120177694645,0.0,0.0,0.07895,0.9993349083055295,1.0,340.36296176000087,300.0,337.44946176000093,300.0,1.0006454528391193,0.0
2674,1682157660000.0,5.1365031563963696e-05,0.0,4277.0,0.07963120177694645,0.0,0.0,0.07905,0.9993349083055295,1.0,340.36296176000087,300.0,337.8771617600009,300.0,1.0006454528391193,0.0
2675,1682161260000.0,5.1365031563963696e-05,0.0,4277.0,0.07963120177694645,0.0,0.0,0.079,0.9993349083055295,1.0,340.36296176000087,300.0,337.6633117600009,300.0,1.0006454528391193,0.0
2676,1682164860000.0,5.1365031563963696e-05,0.0,4277.0,0.07963120177694645,0.0,0.0,0.07902,0.9993349083055295,1.0,340.36296176000087,300.0,337.74885176000095,300.0,1.0006454528391193,0.0
2677,1682168460000.0,5.1365031563963696e-05,0.0,4277.0,0.07963120177694645,0.0,0.0,0.07923,0.9993349083055295,1.0,340.36296176000087,300.0,338.6470217600009,300.0,1.0006454528391193,0.0
2678,1682172060000.0,5.1365031563963696e-05,0.0,4277.0,0.07963120177694645,0.0,0.0,0.0792,0.9993349083055295,1.0,340.36296176000087,300.0,338.51871176000094,300.0,1.0006454528391193,0.0
2679,1682175660000.0,0.0,0.0,1431.0,0.07963120177694645,0.0,0.0,0.08048,0.9993349083055295,1.0,342.1848205628113,300.0,343.39945082000094,300.0,0.33301374840469683,0.0
2680,1682179260000.0,0.0,0.0,956.0,0.07963120177694645,0.0,0.0,0.08023,0.9993349083055295,1.0,342.5972242187617,300.0,343.1696753200009,300.0,0.22220678837184762,0.0
2681,1682182860000.0,0.0,0.0,0.0,0.07963120177694645,0.0,0.0,0.08024,0.9993349083055295,1.0,343.5132547400009,300.0,343.5132547400009,300.0,0.0,0.0
2682,1682186460000.0,0.0,0.0,0.0,0.07963120177694645,0.0,0.0,0.08041,0.9993349083055295,1.0,343.5132547400009,300.0,343.5132547400009,300.0,0.0,0.0
2683,1682190060000.0,0.0,0.0,0.0,0.07963120177694645,0.0,0.0,0.08015,0.9993349083055295,1.0,343.5132547400009,300.0,343.5132547400009,300.0,0.0,0.0
2684,1682193660000.0,0.0,0.0,0.0,0.07963120177694645,0.0,0.0,0.08003,0.9993349083055295,1.0,343.5132547400009,300.0,343.5132547400009,300.0,0.0,0.0
2685,1682197260000.0,0.0,0.0,0.0,0.07963120177694645,0.0,0.0,0.07985,0.9993349083055295,1.0,343.5132547400009,300.0,343.5132547400009,300.0,0.0,0.0
2686,1682200860000.0,0.0,0.0,0.0,0.07963120177694645,0.0,0.0,0.08017,0.9993349083055295,1.0,343.5132547400009,300.0,343.5132547400009,300.0,0.0,0.0
2687,1682204460000.0,0.0,0.0,0.0,0.07963120177694645,0.0,0.0,0.08029,0.9993349083055295,1.0,343.5132547400009,300.0,343.5132547400009,300.0,0.0,0.0
2688,1682208060000.0,0.0,0.0,0.0,0.07963120177694645,0.0,0.0,0.08019,0.9993349083055295,1.0,343.5132547400009,300.0,343.5132547400009,300.0,0.0,0.0
2689,1682211660000.0,0.0,0.0,215.0,0.07971,0.0,0.0,0.0798,0.9993349083055295,1.0,343.4961170900009,300.0,343.51546709000087,300.0,0.04989183035076257,0.0
2690,1682215260000.0,0.0,0.0,215.0,0.07971,0.0,0.0,0.07953,0.9993349083055295,1.0,343.4961170900009,300.0,343.4574170900009,300.0,0.04989183035076257,0.0
2691,1682218860000.0,0.0,0.0,215.0,0.07971,0.0,0.0,0.07981,0.9993349083055295,1.0,343.4961170900009,300.0,343.5176170900009,300.0,0.04989183035076257,0.0
2692,1682222460000.0,0.0,0.0,215.0,0.07971,0.0,0.0,0.08024,0.9993349083055295,1.0,343.4961170900009,300.0,343.6100670900009,300.0,0.04989183035076257,0.0
2693,1682226060000.0,0.0,0.0,215.0,0.07971,0.0,0.0,0.08032,0.9993349083055295,1.0,343.4961170900009,300.0,343.6272670900009,300.0,0.04989183035076257,0.0
2694,1682229660000.0,0.0,0.0,215.0,0.07971,0.0,0.0,0.08027,0.9993349083055295,1.0,343.4961170900009,300.0,343.6165170900009,300.0,0.04989183035076257,0.0
2695,1682233260000.0,0.0,0.0,215.0,0.07971,0.0,0.0,0.08001,0.9993349083055295,1.0,343.4961170900009,300.0,343.5606170900009,300.0,0.04989183035076257,0.0
2696,1682236860000.0,0.0,0.0,0.0,0.07971,0.0,0.0,0.08048,0.9993349083055295,1.0,343.7087993900009,300.0,343.7087993900009,300.0,0.0,0.0
2697,1682240460000.0,0.0,0.0,0.0,0.07971,0.0,0.0,0.08037,0.9993349083055295,1.0,343.7087993900009,300.0,343.7087993900009,300.0,0.0,0.0
2698,1682244060000.0,0.0,0.0,0.0,0.07971,0.0,0.0,0.08013,0.9993349083055295,1.0,343.7087993900009,300.0,343.7087993900009,300.0,0.0,0.0
2699,1682247660000.0,0.0,0.0,0.0,0.07971,0.0,0.0,0.08006,0.9993349083055295,1.0,343.7087993900009,300.0,343.7087993900009,300.0,0.0,0.0
2700,1682251260000.0,0.0,0.0,0.0,0.07971,0.0,0.0,0.08025,0.9993349083055295,1.0,343.7087993900009,300.0,343.7087993900009,300.0,0.0,0.0
2701,1682254860000.0,0.0,0.0,0.0,0.07971,0.0,0.0,0.0801,0.9993349083055295,1.0,343.7087993900009,300.0,343.7087993900009,300.0,0.0,0.0
2702,1682258460000.0,0.0,0.0,0.0,0.07971,0.0,0.0,0.08016,0.9993349083055295,1.0,343.7087993900009,300.0,343.7087993900009,300.0,0.0,0.0
2703,1682262060000.0,0.0,0.0,215.0,0.07984,0.0,0.0,0.0796,0.9993349083055295,1.0,343.6916337900009,300.0,343.64003379000087,300.0,0.04994477116218766,0.0
2704,1682265660000.0,0.0,0.0,215.0,0.07984,0.0,0.0,0.07915,0.9993349083055295,1.0,343.6916337900009,300.0,343.5432837900009,300.0,0.04994477116218766,0.0
2705,1682269260000.0,0.0,0.0,215.0,0.07984,0.0,0.0,0.07944,0.9993349083055295,1.0,343.6916337900009,300.0,343.60563379000087,300.0,0.04994477116218766,0.0
2706,1682272860000.0,0.0,0.0,215.0,0.07984,0.0,0.0,0.0788,0.9993349083055295,1.0,343.6916337900009,300.0,343.4680337900009,300.0,0.04994477116218766,0.0
2707,1682276460000.0,0.0,0.0,460.0,0.07846054347826087,0.0,0.0,0.07718,0.9993349083055295,1.0,343.6727075400009,300.0,343.0836575400009,300.0,0.10501808612718885,0.0
2708,1682280060000.0,0.0,0.0,460.0,0.07846054347826087,0.0,0.0,0.0777,0.9993349083055295,1.0,343.6727075400009,300.0,343.3228575400009,300.0,0.10501808612718885,0.0
2709,1682283660000.0,0.0,0.0,460.0,0.07846054347826087,0.0,0.0,0.07825,0.9993349083055295,1.0,343.6727075400009,300.0,343.57585754000087,300.0,0.10501808612718885,0.0
2710,1682287260000.0,0.0,0.0,460.0,0.07846054347826087,0.0,0.0,0.07813,0.9993349083055295,1.0,343.6727075400009,300.0,343.5206575400009,300.0,0.10501808612718885,0.0
2711,1682290860000.0,0.0,0.0,460.0,0.07846054347826087,0.0,0.0,0.07871,0.9993349083055295,1.0,343.6727075400009,300.0,343.7874575400009,300.0,0.10501808612718885,0.0
2712,1682294460000.0,0.0,0.0,460.0,0.07846054347826087,0.0,0.0,0.07869,0.9993349083055295,1.0,343.6727075400009,300.0,343.7782575400009,300.0,0.10501808612718885,0.0
2713,1682298060000.0,0.0,0.0,0.0,0.07846054347826087,0.0,0.0,0.07989,0.9993349083055295,1.0,344.1234783400009,300.0,344.1234783400009,300.0,0.0,0.0
2714,1682301660000.0,0.0,0.0,0.0,0.07846054347826087,0.0,0.0,0.07964,0.9993349083055295,1.0,344.1234783400009,300.0,344.1234783400009,300.0,0.0,0.0
2715,1682305260000.0,0.0,0.0,0.0,0.07846054347826087,0.0,0.0,0.07934,0.9993349083055295,1.0,344.1234783400009,300.0,344.1234783400009,300.0,0.0,0.0
2716,1682308860000.0,0.0,0.0,0.0,0.07846054347826087,0.0,0.0,0.07941,0.9993349083055295,1.0,344.1234783400009,300.0,344.1234783400009,300.0,0.0,0.0
2717,1682312460000.0,0.0,0.0,0.0,0.07846054347826087,0.0,0.0,0.07917,0.9993349083055295,1.0,344.1234783400009,300.0,344.1234783400009,300.0,0.0,0.0
2718,1682316060000.0,0.0,0.0,0.0,0.07846054347826087,0.0,0.0,0.07904,0.9993349083055295,1.0,344.1234783400009,300.0,344.1234783400009,300.0,0.0,0.0
2719,1682319660000.0,0.0,0.0,218.0,0.07887,0.0,0.0,0.07886,0.9993349083055295,1.0,344.1062846800009,300.0,344.1041046800009,300.0,0.04996613187692609,0.0
2720,1682323260000.0,0.0,0.0,218.0,0.07887,0.0,0.0,0.07872,0.9993349083055295,1.0,344.1062846800009,300.0,344.0735846800009,300.0,0.04996613187692609,0.0
2721,1682326860000.0,0.0,0.0,218.0,0.07887,0.0,0.0,0.07849,0.9993349083055295,1.0,344.1062846800009,300.0,344.0234446800009,300.0,0.04996613187692609,0.0
2722,1682330460000.0,0.0,0.0,218.0,0.07887,0.0,0.0,0.0788,0.9993349083055295,1.0,344.1062846800009,300.0,344.0910246800009,300.0,0.04996613187692609,0.0
2723,1682334060000.0,0.0,0.0,218.0,0.07887,0.0,0.0,0.07909,0.9993349083055295,1.0,344.1062846800009,300.0,344.1542446800009,300.0,0.04996613187692609,0.0
2724,1682337660000.0,0.0,0.0,218.0,0.07887,0.0,0.0,0.07927,0.9993349083055295,1.0,344.1062846800009,300.0,344.1934846800009,300.0,0.04996613187692609,0.0
2725,1682341260000.0,0.0,0.0,218.0,0.07887,0.0,0.0,0.07903,0.9993349083055295,1.0,344.1062846800009,300.0,344.1411646800009,300.0,0.04996613187692609,0.0
2726,1682344860000.0,0.0,0.0,218.0,0.07887,0.0,0.0,0.07956,0.9993349083055295,1.0,344.1062846800009,300.0,344.2567046800009,300.0,0.04996613187692609,0.0
2727,1682348460000.0,0.0,0.0,218.0,0.07887,0.0,0.0,0.0789,0.9993349083055295,1.0,344.1062846800009,300.0,344.11282468000087,300.0,0.04996613187692609,0.0
2728,1682352060000.0,0.0,0.0,218.0,0.07887,0.0,0.0,0.07837,0.9993349083055295,1.0,344.1062846800009,300.0,343.9972846800009,300.0,0.04996613187692609,0.0
2729,1682355660000.0,0.0,0.0,218.0,0.07887,0.0,0.0,0.07755,0.9993349083055295,1.0,344.1062846800009,300.0,343.8185246800009,300.0,0.04996613187692609,0.0
2730,1682359260000.0,0.0,0.0,218.0,0.07887,0.0,0.0,0.07852,0.9993349083055295,1.0,344.1062846800009,300.0,344.0299846800009,300.0,0.04996613187692609,0.0
2731,1682362860000.0,0.0,0.0,218.0,0.07887,0.0,0.0,0.07854,0.9993349083055295,1.0,344.1062846800009,300.0,344.0343446800009,300.0,0.04996613187692609,0.0
2732,1682366460000.0,0.0,0.0,218.0,0.07887,0.0,0.0,0.07815,0.9993349083055295,1.0,344.1062846800009,300.0,343.94932468000087,300.0,0.04996613187692609,0.0
2733,1682370060000.0,0.0,0.0,218.0,0.07887,0.0,0.0,0.07829,0.9993349083055295,1.0,344.1062846800009,300.0,343.9798446800009,300.0,0.04996613187692609,0.0
2734,1682373660000.0,0.0,0.0,218.0,0.07887,0.0,0.0,0.07842,0.9993349083055295,1.0,344.1062846800009,300.0,344.0081846800009,300.0,0.04996613187692609,0.0
2735,1682377260000.0,0.0,0.0,218.0,0.07887,0.0,0.0,0.07864,0.9993349083055295,1.0,344.1062846800009,300.0,344.0561446800009,300.0,0.04996613187692609,0.0
2736,1682380860000.0,0.0,0.0,218.0,0.07887,0.0,0.0,0.07874,0.9993349083055295,1.0,344.1062846800009,300.0,344.0779446800009,300.0,0.04996613187692609,0.0
2737,1682384460000.0,0.0,0.0,218.0,0.07887,0.0,0.0,0.07862,0.9993349083055295,1.0,344.1062846800009,300.0,344.0517846800009,300.0,0.04996613187692609,0.0
2738,1682388060000.0,0.0,0.0,218.0,0.07887,0.0,0.0,0.07859,0.9993349083055295,1.0,344.1062846800009,300.0,344.0452446800009,300.0,0.04996613187692609,0.0
2739,1682391660000.0,0.0,0.0,218.0,0.07887,0.0,0.0,0.07822,0.9993349083055295,1.0,344.1062846800009,300.0,343.9645846800009,300.0,0.04996613187692609,0.0
2740,1682395260000.0,0.0,0.0,218.0,0.07887,0.0,0.0,0.07823,0.9993349083055295,1.0,344.1062846800009,300.0,343.9667646800009,300.0,0.04996613187692609,0.0
2741,1682398860000.0,0.0,0.0,218.0,0.07887,0.0,0.0,0.07866,0.9993349083055295,1.0,344.1062846800009,300.0,344.0605046800009,300.0,0.04996613187692609,0.0
2742,1682402460000.0,0.0,0.0,218.0,0.07887,0.0,0.0,0.07894,0.9993349083055295,1.0,344.1062846800009,300.0,344.1215446800009,300.0,0.04996613187692609,0.0
2743,1682406060000.0,0.0,0.0,218.0,0.07887,0.0,0.0,0.07868,0.9993349083055295,1.0,344.1062846800009,300.0,344.0648646800009,300.0,0.04996613187692609,0.0
2744,1682409660000.0,0.0,0.0,218.0,0.07887,0.0,0.0,0.07847,0.9993349083055295,1.0,344.1062846800009,300.0,344.0190846800009,300.0,0.04996613187692609,0.0
2745,1682413260000.0,0.0,0.0,218.0,0.07887,0.0,0.0,0.07848,0.9993349083055295,1.0,344.1062846800009,300.0,344.0212646800009,300.0,0.04996613187692609,0.0
2746,1682416860000.0,0.0,0.0,218.0,0.07887,0.0,0.0,0.07842,0.9993349083055295,1.0,344.1062846800009,300.0,344.0081846800009,300.0,0.04996613187692609,0.0
2747,1682420460000.0,0.0,0.0,218.0,0.07887,0.0,0.0,0.0784,0.9993349083055295,1.0,344.1062846800009,300.0,344.0038246800009,300.0,0.04996613187692609,0.0
2748,1682424060000.0,0.0,0.0,218.0,0.07887,0.0,0.0,0.07874,0.9993349083055295,1.0,344.1062846800009,300.0,344.0779446800009,300.0,0.04996613187692609,0.0
2749,1682427660000.0,0.0,0.0,218.0,0.07887,0.0,0.0,0.07865,0.9993349083055295,1.0,344.1062846800009,300.0,344.0583246800009,300.0,0.04996613187692609,0.0
2750,1682431260000.0,0.0,0.0,218.0,0.07887,0.0,0.0,0.07875,0.9993349083055295,1.0,344.1062846800009,300.0,344.0801246800009,300.0,0.04996613187692609,0.0
2751,1682434860000.0,0.0,0.0,218.0,0.07887,0.0,0.0,0.07813,0.9993349083055295,1.0,344.1062846800009,300.0,343.9449646800009,300.0,0.04996613187692609,0.0
2752,1682438460000.0,0.0,0.0,218.0,0.07887,0.0,0.0,0.07803,0.9993349083055295,1.0,344.1062846800009,300.0,343.9231646800009,300.0,0.04996613187692609,0.0
2753,1682442060000.0,0.0,0.0,218.0,0.07887,0.0,0.0,0.07825,0.9993349083055295,1.0,344.1062846800009,300.0,343.9711246800009,300.0,0.04996613187692609,0.0
2754,1682445660000.0,0.0,0.0,218.0,0.07887,0.0,0.0,0.07859,0.9993349083055295,1.0,344.1062846800009,300.0,344.0452446800009,300.0,0.04996613187692609,0.0
2755,1682449260000.0,0.0,0.0,218.0,0.07887,0.0,0.0,0.0783,0.9993349083055295,1.0,344.1062846800009,300.0,343.9820246800009,300.0,0.04996613187692609,0.0
2756,1682452860000.0,0.0,0.0,218.0,0.07887,0.0,0.0,0.07882,0.9993349083055295,1.0,344.1062846800009,300.0,344.0953846800009,300.0,0.04996613187692609,0.0
2757,1682456460000.0,0.0,0.0,218.0,0.07887,0.0,0.0,0.07958,0.9993349083055295,1.0,344.1062846800009,300.0,344.2610646800009,300.0,0.04996613187692609,0.0
2758,1682460060000.0,0.0,0.0,218.0,0.07887,0.0,0.0,0.07985,0.9993349083055295,1.0,344.1062846800009,300.0,344.3199246800009,300.0,0.04996613187692609,0.0
2759,1682463660000.0,0.0,0.0,0.0,0.07887,0.0,0.0,0.07979,0.9993349083055295,1.0,344.3199399400009,300.0,344.3199399400009,300.0,0.0,0.0
2760,1682467260000.0,0.0,0.0,0.0,0.07887,0.0,0.0,0.07967,0.9993349083055295,1.0,344.3199399400009,300.0,344.3199399400009,300.0,0.0,0.0
2761,1682470860000.0,0.0,0.0,0.0,0.07887,0.0,0.0,0.07996,0.9993349083055295,1.0,344.3199399400009,300.0,344.3199399400009,300.0,0.0,0.0
2762,1682474460000.0,0.0,0.0,0.0,0.07887,0.0,0.0,0.08012,0.9993349083055295,1.0,344.3199399400009,300.0,344.3199399400009,300.0,0.0,0.0
2763,1682478060000.0,0.0,0.0,0.0,0.07887,0.0,0.0,0.08001,0.9993349083055295,1.0,344.3199399400009,300.0,344.3199399400009,300.0,0.0,0.0
2764,1682481660000.0,0.0,0.0,0.0,0.07887,0.0,0.0,0.0799,0.9993349083055295,1.0,344.3199399400009,300.0,344.3199399400009,300.0,0.0,0.0
2765,1682485260000.0,0.0,0.0,0.0,0.07887,0.0,0.0,0.08006,0.9993349083055295,1.0,344.3199399400009,300.0,344.3199399400009,300.0,0.0,0.0
2766,1682488860000.0,0.0,0.0,0.0,0.07887,0.0,0.0,0.0802,0.9993349083055295,1.0,344.3199399400009,300.0,344.3199399400009,300.0,0.0,0.0
2767,1682492460000.0,0.0,0.0,0.0,0.07887,0.0,0.0,0.07999,0.9993349083055295,1.0,344.3199399400009,300.0,344.3199399400009,300.0,0.0,0.0
2768,1682496060000.0,0.0,0.0,0.0,0.07887,0.0,0.0,0.07999,0.9993349083055295,1.0,344.3199399400009,300.0,344.3199399400009,300.0,0.0,0.0
2769,1682499660000.0,0.0,0.0,0.0,0.07887,0.0,0.0,0.08061,0.9993349083055295,1.0,344.3199399400009,300.0,344.3199399400009,300.0,0.0,0.0
2770,1682503260000.0,0.0,0.0,0.0,0.07887,0.0,0.0,0.08101,0.9993349083055295,1.0,344.3199399400009,300.0,344.3199399400009,300.0,0.0,0.0
2771,1682506860000.0,0.0,0.0,0.0,0.07887,0.0,0.0,0.08188,0.9993349083055295,1.0,344.3199399400009,300.0,344.3199399400009,300.0,0.0,0.0
2772,1682510460000.0,0.0,0.0,0.0,0.07887,0.0,0.0,0.08176,0.9993349083055295,1.0,344.3199399400009,300.0,344.3199399400009,300.0,0.0,0.0
2773,1682514060000.0,0.0,0.0,0.0,0.07887,0.0,0.0,0.08338,0.9993349083055295,1.0,344.3199399400009,300.0,344.3199399400009,300.0,0.0,0.0
2774,1682517660000.0,0.0,0.0,0.0,0.07887,0.0,0.0,0.08288,0.9993349083055295,1.0,344.3199399400009,300.0,344.3199399400009,300.0,0.0,0.0
2775,1682521260000.0,0.0,0.0,0.0,0.07887,0.0,0.0,0.08253,0.9993349083055295,1.0,344.3199399400009,300.0,344.3199399400009,300.0,0.0,0.0
2776,1682524860000.0,0.0,0.0,0.0,0.07887,0.0,0.0,0.08267,0.9993349083055295,1.0,344.3199399400009,300.0,344.3199399400009,300.0,0.0,0.0
2777,1682528460000.0,0.0,0.0,0.0,0.07887,0.0,0.0,0.08258,0.9993349083055295,1.0,344.3199399400009,300.0,344.3199399400009,300.0,0.0,0.0
2778,1682532060000.0,0.0,0.0,0.0,0.07887,0.0,0.0,0.0822,0.9993349083055295,1.0,344.3199399400009,300.0,344.3199399400009,300.0,0.0,0.0
2779,1682535660000.0,0.0,0.0,0.0,0.07887,0.0,0.0,0.08236,0.9993349083055295,1.0,344.3199399400009,300.0,344.3199399400009,300.0,0.0,0.0
2780,1682539260000.0,0.0,0.0,973.0,0.0778625385405961,0.0,0.0,0.07534,0.9993349083055295,1.0,344.24417969000086,300.0,341.78974969000086,300.0,0.2200770687487693,0.0
2781,1682542860000.0,0.0,0.0,973.0,0.0778625385405961,0.0,0.0,0.07775,0.9993349083055295,1.0,344.24417969000086,300.0,344.13467969000084,300.0,0.2200770687487693,0.0
2782,1682546460000.0,0.0,0.0,0.0,0.0778625385405961,0.0,0.0,0.07881,0.9993349083055295,1.0,345.15774912000086,300.0,345.15774912000086,300.0,0.0,0.0
2783,1682550060000.0,0.0,0.0,219.0,0.07881,0.0,0.0,0.07838,0.9993349083055295,1.0,345.14048973000087,300.0,345.04631973000085,300.0,0.0500068537699005,0.0
2784,1682553660000.0,0.0,0.0,219.0,0.07881,0.0,0.0,0.07845,0.9993349083055295,1.0,345.14048973000087,300.0,345.06164973000085,300.0,0.0500068537699005,0.0
2785,1682557260000.0,0.0,0.0,0.0,0.07881,0.0,0.0,0.08033,0.9993349083055295,1.0,345.3551382000009,300.0,345.3551382000009,300.0,0.0,0.0
2786,1682560860000.0,0.0,0.0,217.0,0.07948,0.0,0.0,0.07967,0.9993349083055295,1.0,345.3378910400009,300.0,345.3791210400009,300.0,0.04994285436810709,0.0
2787,1682564460000.0,0.0,0.0,217.0,0.07948,0.0,0.0,0.07983,0.9993349083055295,1.0,345.3378910400009,300.0,345.4138410400009,300.0,0.04994285436810709,0.0
2788,1682568060000.0,0.0,0.0,217.0,0.07948,0.0,0.0,0.07986,0.9993349083055295,1.0,345.3378910400009,300.0,345.4203510400009,300.0,0.04994285436810709,0.0
2789,1682571660000.0,0.0,0.0,217.0,0.07948,0.0,0.0,0.08032,0.9993349083055295,1.0,345.3378910400009,300.0,345.5201710400009,300.0,0.04994285436810709,0.0
2790,1682575260000.0,0.0,0.0,217.0,0.07948,0.0,0.0,0.07993,0.9993349083055295,1.0,345.3378910400009,300.0,345.4355410400009,300.0,0.04994285436810709,0.0
2791,1682578860000.0,0.0,0.0,217.0,0.07948,0.0,0.0,0.07946,0.9993349083055295,1.0,345.3378910400009,300.0,345.3335510400009,300.0,0.04994285436810709,0.0
2792,1682582460000.0,0.0,0.0,217.0,0.07948,0.0,0.0,0.07972,0.9993349083055295,1.0,345.3378910400009,300.0,345.3899710400009,300.0,0.04994285436810709,0.0
2793,1682586060000.0,0.0,0.0,217.0,0.07948,0.0,0.0,0.07975,0.9993349083055295,1.0,345.3378910400009,300.0,345.3964810400009,300.0,0.04994285436810709,0.0
2794,1682589660000.0,0.0,0.0,217.0,0.07948,0.0,0.0,0.07944,0.9993349083055295,1.0,345.3378910400009,300.0,345.32921104000087,300.0,0.04994285436810709,0.0
2795,1682593260000.0,0.0,0.0,217.0,0.07948,0.0,0.0,0.07961,0.9993349083055295,1.0,345.3378910400009,300.0,345.3661010400009,300.0,0.04994285436810709,0.0
2796,1682596860000.0,0.0,0.0,217.0,0.07948,0.0,0.0,0.07962,0.9993349083055295,1.0,345.3378910400009,300.0,345.3682710400009,300.0,0.04994285436810709,0.0
2797,1682600460000.0,0.0,0.0,217.0,0.07948,0.0,0.0,0.07956,0.9993349083055295,1.0,345.3378910400009,300.0,345.3552510400009,300.0,0.04994285436810709,0.0
2798,1682604060000.0,0.0,0.0,217.0,0.07948,0.0,0.0,0.07961,0.9993349083055295,1.0,345.3378910400009,300.0,345.3661010400009,300.0,0.04994285436810709,0.0
2799,1682607660000.0,0.0,0.0,217.0,0.07948,0.0,0.0,0.07938,0.9993349083055295,1.0,345.3378910400009,300.0,345.3161910400009,300.0,0.04994285436810709,0.0
2800,1682611260000.0,0.0,0.0,218.0,0.07941,0.0,0.0,0.08014,0.9993349083055295,1.0,345.5352903100009,300.0,345.6944303100009,300.0,0.050100179302869176,0.0
2801,1682614860000.0,0.0,0.0,218.0,0.07941,0.0,0.0,0.08003,0.9993349083055295,1.0,345.5352903100009,300.0,345.6704503100009,300.0,0.050100179302869176,0.0
2802,1682618460000.0,0.0,0.0,0.0,0.07941,0.0,0.0,0.08032,0.9993349083055295,1.0,345.7510056700009,300.0,345.7510056700009,300.0,0.0,0.0
2803,1682622060000.0,0.0,0.0,0.0,0.07941,0.0,0.0,0.08058,0.9993349083055295,1.0,345.7510056700009,300.0,345.7510056700009,300.0,0.0,0.0
2804,1682625660000.0,0.0,0.0,0.0,0.07941,0.0,0.0,0.08049,0.9993349083055295,1.0,345.7510056700009,300.0,345.7510056700009,300.0,0.0,0.0
2805,1682629260000.0,0.0,0.0,0.0,0.07941,0.0,0.0,0.08016,0.9993349083055295,1.0,345.7510056700009,300.0,345.7510056700009,300.0,0.0,0.0
2806,1682632860000.0,0.0,0.0,0.0,0.07941,0.0,0.0,0.08027,0.9993349083055295,1.0,345.7510056700009,300.0,345.7510056700009,300.0,0.0,0.0
2807,1682636460000.0,0.0,0.0,217.0,0.07977,0.0,0.0,0.08005,0.9993349083055295,1.0,345.73369558000087,300.0,345.7944555800009,300.0,0.050067697251668486,0.0
2808,1682640060000.0,0.0,0.0,217.0,0.07977,0.0,0.0,0.08008,0.9993349083055295,1.0,345.73369558000087,300.0,345.8009655800009,300.0,0.050067697251668486,0.0
2809,1682643660000.0,0.0,0.0,217.0,0.07977,0.0,0.0,0.08024,0.9993349083055295,1.0,345.73369558000087,300.0,345.83568558000087,300.0,0.050067697251668486,0.0
2810,1682647260000.0,0.0,0.0,217.0,0.07977,0.0,0.0,0.08007,0.9993349083055295,1.0,345.73369558000087,300.0,345.7987955800009,300.0,0.050067697251668486,0.0
2811,1682650860000.0,0.0,0.0,217.0,0.07977,0.0,0.0,0.07999,0.9993349083055295,1.0,345.73369558000087,300.0,345.78143558000085,300.0,0.050067697251668486,0.0
2812,1682654460000.0,0.0,0.0,217.0,0.07977,0.0,0.0,0.07997,0.9993349083055295,1.0,345.73369558000087,300.0,345.7770955800009,300.0,0.050067697251668486,0.0
2813,1682658060000.0,0.0,0.0,217.0,0.07977,0.0,0.0,0.08017,0.9993349083055295,1.0,345.73369558000087,300.0,345.82049558000085,300.0,0.050067697251668486,0.0
2814,1682661660000.0,0.0,0.0,217.0,0.07977,0.0,0.0,0.08023,0.9993349083055295,1.0,345.73369558000087,300.0,345.8335155800009,300.0,0.050067697251668486,0.0
2815,1682665260000.0,0.0,0.0,217.0,0.07977,0.0,0.0,0.08042,0.9993349083055295,1.0,345.73369558000087,300.0,345.8747455800009,300.0,0.050067697251668486,0.0
2816,1682668860000.0,0.0,0.0,217.0,0.07977,0.0,0.0,0.0804,0.9993349083055295,1.0,345.73369558000087,300.0,345.87040558000086,300.0,0.050067697251668486,0.0
2817,1682672460000.0,0.0,0.0,217.0,0.07977,0.0,0.0,0.08011,0.9993349083055295,1.0,345.73369558000087,300.0,345.80747558000087,300.0,0.050067697251668486,0.0
2818,1682676060000.0,0.0,0.0,217.0,0.07977,0.0,0.0,0.08014,0.9993349083055295,1.0,345.73369558000087,300.0,345.81398558000086,300.0,0.050067697251668486,0.0
2819,1682679660000.0,0.0,0.0,217.0,0.07977,0.0,0.0,0.08027,0.9993349083055295,1.0,345.73369558000087,300.0,345.84219558000086,300.0,0.050067697251668486,0.0
2820,1682683260000.0,0.0,0.0,217.0,0.07977,0.0,0.0,0.07978,0.9993349083055295,1.0,345.73369558000087,300.0,345.73586558000085,300.0,0.050067697251668486,0.0
2821,1682686860000.0,0.0,0.0,217.0,0.07977,0.0,0.0,0.08001,0.9993349083055295,1.0,345.73369558000087,300.0,345.78577558000086,300.0,0.050067697251668486,0.0
2822,1682690460000.0,0.0,0.0,217.0,0.07977,0.0,0.0,0.07948,0.9993349083055295,1.0,345.73369558000087,300.0,345.6707655800009,300.0,0.050067697251668486,0.0
2823,1682694060000.0,0.0,0.0,217.0,0.07977,0.0,0.0,0.07948,0.9993349083055295,1.0,345.73369558000087,300.0,345.6707655800009,300.0,0.050067697251668486,0.0
2824,1682697660000.0,0.0,0.0,217.0,0.07977,0.0,0.0,0.07995,0.9993349083055295,1.0,345.73369558000087,300.0,345.7727555800009,300.0,0.050067697251668486,0.0
2825,1682701260000.0,0.0,0.0,217.0,0.07977,0.0,0.0,0.08011,0.9993349083055295,1.0,345.73369558000087,300.0,345.80747558000087,300.0,0.050067697251668486,0.0
2826,1682704860000.0,0.0,0.0,217.0,0.07977,0.0,0.0,0.08014,0.9993349083055295,1.0,345.73369558000087,300.0,345.81398558000086,300.0,0.050067697251668486,0.0
2827,1682708460000.0,0.0,0.0,217.0,0.07977,0.0,0.0,0.08026,0.9993349083055295,1.0,345.73369558000087,300.0,345.8400255800009,300.0,0.050067697251668486,0.0
2828,1682712060000.0,0.0,0.0,217.0,0.07977,0.0,0.0,0.08011,0.9993349083055295,1.0,345.73369558000087,300.0,345.80747558000087,300.0,0.050067697251668486,0.0
2829,1682715660000.0,0.0,0.0,217.0,0.07977,0.0,0.0,0.08045,0.9993349083055295,1.0,345.73369558000087,300.0,345.88125558000087,300.0,0.050067697251668486,0.0
2830,1682719260000.0,0.0,0.0,217.0,0.07977,0.0,0.0,0.08033,0.9993349083055295,1.0,345.73369558000087,300.0,345.85521558000084,300.0,0.050067697251668486,0.0
2831,1682722860000.0,0.0,0.0,217.0,0.07977,0.0,0.0,0.08031,0.9993349083055295,1.0,345.73369558000087,300.0,345.8508755800009,300.0,0.050067697251668486,0.0
2832,1682726460000.0,0.0,0.0,217.0,0.07977,0.0,0.0,0.08035,0.9993349083055295,1.0,345.73369558000087,300.0,345.85955558000086,300.0,0.050067697251668486,0.0
2833,1682730060000.0,0.0,0.0,217.0,0.07977,0.0,0.0,0.08036,0.9993349083055295,1.0,345.73369558000087,300.0,345.8617255800009,300.0,0.050067697251668486,0.0
2834,1682733660000.0,0.0,0.0,0.0,0.07977,0.0,0.0,0.08074,0.9993349083055295,1.0,345.9483433000009,300.0,345.9483433000009,300.0,0.0,0.0
2835,1682737260000.0,0.0,0.0,0.0,0.07977,0.0,0.0,0.08082,0.9993349083055295,1.0,345.9483433000009,300.0,345.9483433000009,300.0,0.0,0.0
2836,1682740860000.0,0.0,0.0,0.0,0.07977,0.0,0.0,0.08088,0.9993349083055295,1.0,345.9483433000009,300.0,345.9483433000009,300.0,0.0,0.0
2837,1682744460000.0,0.0,0.0,0.0,0.07977,0.0,0.0,0.08111,0.9993349083055295,1.0,345.9483433000009,300.0,345.9483433000009,300.0,0.0,0.0
2838,1682748060000.0,0.0,0.0,0.0,0.07977,0.0,0.0,0.08092,0.9993349083055295,1.0,345.9483433000009,300.0,345.9483433000009,300.0,0.0,0.0
2839,1682751660000.0,0.0,0.0,0.0,0.07977,0.0,0.0,0.08091,0.9993349083055295,1.0,345.9483433000009,300.0,345.9483433000009,300.0,0.0,0.0
2840,1682755260000.0,0.0,0.0,0.0,0.07977,0.0,0.0,0.08086,0.9993349083055295,1.0,345.9483433000009,300.0,345.9483433000009,300.0,0.0,0.0
2841,1682758860000.0,0.0,0.0,0.0,0.07977,0.0,0.0,0.0808,0.9993349083055295,1.0,345.9483433000009,300.0,345.9483433000009,300.0,0.0,0.0
2842,1682762460000.0,0.0,0.0,0.0,0.07977,0.0,0.0,0.08089,0.9993349083055295,1.0,345.9483433000009,300.0,345.9483433000009,300.0,0.0,0.0
2843,1682766060000.0,0.0,0.0,0.0,0.07977,0.0,0.0,0.08078,0.9993349083055295,1.0,345.9483433000009,300.0,345.9483433000009,300.0,0.0,0.0
2844,1682769660000.0,0.0,0.0,0.0,0.07977,0.0,0.0,0.08111,0.9993349083055295,1.0,345.9483433000009,300.0,345.9483433000009,300.0,0.0,0.0
2845,1682773260000.0,0.0,0.0,0.0,0.07977,0.0,0.0,0.08091,0.9993349083055295,1.0,345.9483433000009,300.0,345.9483433000009,300.0,0.0,0.0
2846,1682776860000.0,0.0,0.0,0.0,0.07977,0.0,0.0,0.08128,0.9993349083055295,1.0,345.9483433000009,300.0,345.9483433000009,300.0,0.0,0.0
2847,1682780460000.0,0.0,0.0,0.0,0.07977,0.0,0.0,0.08125,0.9993349083055295,1.0,345.9483433000009,300.0,345.9483433000009,300.0,0.0,0.0
2848,1682784060000.0,0.0,0.0,0.0,0.07977,0.0,0.0,0.081,0.9993349083055295,1.0,345.9483433000009,300.0,345.9483433000009,300.0,0.0,0.0
2849,1682787660000.0,0.0,0.0,0.0,0.07977,0.0,0.0,0.08162,0.9993349083055295,1.0,345.9483433000009,300.0,345.9483433000009,300.0,0.0,0.0
2850,1682791260000.0,0.0,0.0,215.0,0.08055,0.0,0.0,0.08125,0.9993349083055295,1.0,345.93102505000087,300.0,346.0815250500009,300.0,0.05006272564739407,0.0
2851,1682794860000.0,0.0,0.0,0.0,0.08055,0.0,0.0,0.08133,0.9993349083055295,1.0,346.14567460000086,300.0,346.14567460000086,300.0,0.0,0.0
2852,1682798460000.0,0.0,0.0,0.0,0.08055,0.0,0.0,0.08163,0.9993349083055295,1.0,346.14567460000086,300.0,346.14567460000086,300.0,0.0,0.0
2853,1682802060000.0,0.0,0.0,0.0,0.08055,0.0,0.0,0.08153,0.9993349083055295,1.0,346.14567460000086,300.0,346.14567460000086,300.0,0.0,0.0
2854,1682805660000.0,0.0,0.0,0.0,0.08055,0.0,0.0,0.0816,0.9993349083055295,1.0,346.14567460000086,300.0,346.14567460000086,300.0,0.0,0.0
2855,1682809260000.0,0.0,0.0,0.0,0.08055,0.0,0.0,0.08131,0.9993349083055295,1.0,346.14567460000086,300.0,346.14567460000086,300.0,0.0,0.0
2856,1682812860000.0,0.0,0.0,0.0,0.08055,0.0,0.0,0.08151,0.9993349083055295,1.0,346.14567460000086,300.0,346.14567460000086,300.0,0.0,0.0
2857,1682816460000.0,0.0,0.0,0.0,0.08055,0.0,0.0,0.08088,0.9993349083055295,1.0,346.14567460000086,300.0,346.14567460000086,300.0,0.0,0.0
2858,1682820060000.0,0.0,0.0,214.0,0.08085,0.0,0.0,0.08084,0.9993349083055295,1.0,346.12837270000085,300.0,346.12623270000086,300.0,0.04998694520485335,0.0
2859,1682823660000.0,0.0,0.0,214.0,0.08085,0.0,0.0,0.08116,0.9993349083055295,1.0,346.12837270000085,300.0,346.1947127000009,300.0,0.04998694520485335,0.0
2860,1682827260000.0,0.0,0.0,214.0,0.08085,0.0,0.0,0.08097,0.9993349083055295,1.0,346.12837270000085,300.0,346.1540527000009,300.0,0.04998694520485335,0.0
2861,1682830860000.0,0.0,0.0,214.0,0.08085,0.0,0.0,0.08129,0.9993349083055295,1.0,346.12837270000085,300.0,346.22253270000084,300.0,0.04998694520485335,0.0
2862,1682834460000.0,0.0,0.0,214.0,0.08085,0.0,0.0,0.08156,0.9993349083055295,1.0,346.12837270000085,300.0,346.2803127000009,300.0,0.04998694520485335,0.0
2863,1682838060000.0,0.0,0.0,214.0,0.08085,0.0,0.0,0.08127,0.9993349083055295,1.0,346.12837270000085,300.0,346.21825270000085,300.0,0.04998694520485335,0.0
2864,1682841660000.0,0.0,0.0,214.0,0.08085,0.0,0.0,0.08118,0.9993349083055295,1.0,346.12837270000085,300.0,346.1989927000009,300.0,0.04998694520485335,0.0
2865,1682845260000.0,0.0,0.0,214.0,0.08085,0.0,0.0,0.08138,0.9993349083055295,1.0,346.12837270000085,300.0,346.2417927000009,300.0,0.04998694520485335,0.0
2866,1682848860000.0,0.0,0.0,214.0,0.08085,0.0,0.0,0.0812,0.9993349083055295,1.0,346.12837270000085,300.0,346.20327270000087,300.0,0.04998694520485335,0.0
2867,1682852460000.0,0.0,0.0,214.0,0.08085,0.0,0.0,0.08095,0.9993349083055295,1.0,346.12837270000085,300.0,346.1497727000008,300.0,0.04998694520485335,0.0
2868,1682856060000.0,0.0,0.0,214.0,0.08085,0.0,0.0,0.08087,0.9993349083055295,1.0,346.12837270000085,300.0,346.13265270000085,300.0,0.04998694520485335,0.0
2869,1682859660000.0,0.0,0.0,214.0,0.08085,0.0,0.0,0.08073,0.9993349083055295,1.0,346.12837270000085,300.0,346.10269270000083,300.0,0.04998694520485335,0.0
2870,1682863260000.0,0.0,0.0,214.0,0.08085,0.0,0.0,0.08098,0.9993349083055295,1.0,346.12837270000085,300.0,346.1561927000009,300.0,0.04998694520485335,0.0
2871,1682866860000.0,0.0,0.0,214.0,0.08085,0.0,0.0,0.08139,0.9993349083055295,1.0,346.12837270000085,300.0,346.24393270000087,300.0,0.04998694520485335,0.0
2872,1682870460000.0,0.0,0.0,214.0,0.08085,0.0,0.0,0.0814,0.9993349083055295,1.0,346.12837270000085,300.0,346.24607270000087,300.0,0.04998694520485335,0.0
2873,1682874060000.0,0.0,0.0,214.0,0.08085,0.0,0.0,0.08136,0.9993349083055295,1.0,346.12837270000085,300.0,346.2375127000009,300.0,0.04998694520485335,0.0
2874,1682877660000.0,0.0,0.0,214.0,0.08085,0.0,0.0,0.0809,0.9993349083055295,1.0,346.12837270000085,300.0,346.13907270000084,300.0,0.04998694520485335,0.0
2875,1682881260000.0,0.0,0.0,214.0,0.08085,0.0,0.0,0.0809,0.9993349083055295,1.0,346.12837270000085,300.0,346.13907270000084,300.0,0.04998694520485335,0.0
2876,1682884860000.0,0.0,0.0,214.0,0.08085,0.0,0.0,0.07991,0.9993349083055295,1.0,346.12837270000085,300.0,345.92721270000084,300.0,0.04998694520485335,0.0
2877,1682888460000.0,0.0,0.0,214.0,0.08085,0.0,0.0,0.07976,0.9993349083055295,1.0,346.12837270000085,300.0,345.8951127000008,300.0,0.04998694520485335,0.0
2878,1682892060000.0,0.0,0.0,214.0,0.08085,0.0,0.0,0.07991,0.9993349083055295,1.0,346.12837270000085,300.0,345.92721270000084,300.0,0.04998694520485335,0.0
2879,1682895660000.0,0.0,0.0,214.0,0.08085,0.0,0.0,0.07987,0.9993349083055295,1.0,346.12837270000085,300.0,345.91865270000085,300.0,0.04998694520485335,0.0
2880,1682899260000.0,0.0,0.0,214.0,0.08085,0.0,0.0,0.07951,0.9993349083055295,1.0,346.12837270000085,300.0,345.84161270000084,300.0,0.04998694520485335,0.0
2881,1682902860000.0,0.0,0.0,214.0,0.08085,0.0,0.0,0.07973,0.9993349083055295,1.0,346.12837270000085,300.0,345.88869270000083,300.0,0.04998694520485335,0.0
2882,1682906460000.0,0.0,0.0,457.0,0.07945687089715536,0.0,0.0,0.07842,0.9993349083055295,1.0,346.10936281000085,300.0,345.6355128100008,300.0,0.10491420892284158,0.0
2883,1682910060000.0,0.0,0.0,457.0,0.07945687089715536,0.0,0.0,0.07888,0.9993349083055295,1.0,346.10936281000085,300.0,345.84573281000087,300.0,0.10491420892284158,0.0
2884,1682913660000.0,0.0,0.0,457.0,0.07945687089715536,0.0,0.0,0.07845,0.9993349083055295,1.0,346.10936281000085,300.0,345.6492228100008,300.0,0.10491420892284158,0.0
2885,1682917260000.0,0.0,0.0,457.0,0.07945687089715536,0.0,0.0,0.07861,0.9993349083055295,1.0,346.10936281000085,300.0,345.72234281000084,300.0,0.10491420892284158,0.0
2886,1682920860000.0,0.0,0.0,457.0,0.07945687089715536,0.0,0.0,0.07885,0.9993349083055295,1.0,346.10936281000085,300.0,345.83202281000086,300.0,0.10491420892284158,0.0
2887,1682924460000.0,0.0,0.0,457.0,0.07945687089715536,0.0,0.0,0.07903,0.9993349083055295,1.0,346.10936281000085,300.0,345.9142828100008,300.0,0.10491420892284158,0.0
2888,1682928060000.0,0.0,0.0,457.0,0.07945687089715536,0.0,0.0,0.07892,0.9993349083055295,1.0,346.10936281000085,300.0,345.8640128100009,300.0,0.10491420892284158,0.0
2889,1682931660000.0,0.0,0.0,457.0,0.07945687089715536,0.0,0.0,0.07891,0.9993349083055295,1.0,346.10936281000085,300.0,345.8594428100008,300.0,0.10491420892284158,0.0
2890,1682935260000.0,0.0,0.0,457.0,0.07945687089715536,0.0,0.0,0.07884,0.9993349083055295,1.0,346.10936281000085,300.0,345.82745281000086,300.0,0.10491420892284158,0.0
2891,1682938860000.0,0.0,0.0,457.0,0.07945687089715536,0.0,0.0,0.07881,0.9993349083055295,1.0,346.10936281000085,300.0,345.81374281000086,300.0,0.10491420892284158,0.0
2892,1682942460000.0,0.0,0.0,457.0,0.07945687089715536,0.0,0.0,0.07874,0.9993349083055295,1.0,346.10936281000085,300.0,345.78175281000085,300.0,0.10491420892284158,0.0
2893,1682946060000.0,0.0,0.0,457.0,0.07945687089715536,0.0,0.0,0.07888,0.9993349083055295,1.0,346.10936281000085,300.0,345.84573281000087,300.0,0.10491420892284158,0.0
2894,1682949660000.0,0.0,0.0,457.0,0.07945687089715536,0.0,0.0,0.0786,0.9993349083055295,1.0,346.10936281000085,300.0,345.71777281000084,300.0,0.10491420892284158,0.0
2895,1682953260000.0,0.0,0.0,457.0,0.07945687089715536,0.0,0.0,0.07863,0.9993349083055295,1.0,346.10936281000085,300.0,345.73148281000084,300.0,0.10491420892284158,0.0
2896,1682956860000.0,0.0,0.0,457.0,0.07945687089715536,0.0,0.0,0.07836,0.9993349083055295,1.0,346.10936281000085,300.0,345.60809281000087,300.0,0.10491420892284158,0.0
2897,1682960460000.0,0.0,0.0,457.0,0.07945687089715536,0.0,0.0,0.07873,0.9993349083055295,1.0,346.10936281000085,300.0,345.77718281000085,300.0,0.10491420892284158,0.0
2898,1682964060000.0,0.0,0.0,457.0,0.07945687089715536,0.0,0.0,0.07855,0.9993349083055295,1.0,346.10936281000085,300.0,345.69492281000083,300.0,0.10491420892284158,0.0
2899,1682967660000.0,0.0,0.0,457.0,0.07945687089715536,0.0,0.0,0.07823,0.9993349083055295,1.0,346.10936281000085,300.0,345.54868281000086,300.0,0.10491420892284158,0.0
2900,1682971260000.0,0.0,0.0,457.0,0.07945687089715536,0.0,0.0,0.07781,0.9993349083055295,1.0,346.10936281000085,300.0,345.35674281000087,300.0,0.10491420892284158,0.0
2901,1682974860000.0,0.0,0.0,457.0,0.07945687089715536,0.0,0.0,0.07803,0.9993349083055295,1.0,346.10936281000085,300.0,345.45728281000083,300.0,0.10491420892284158,0.0
2902,1682978460000.0,0.0,0.0,457.0,0.07945687089715536,0.0,0.0,0.07857,0.9993349083055295,1.0,346.10936281000085,300.0,345.70406281000083,300.0,0.10491420892284158,0.0
2903,1682982060000.0,0.0,0.0,457.0,0.07945687089715536,0.0,0.0,0.07866,0.9993349083055295,1.0,346.10936281000085,300.0,345.74519281000084,300.0,0.10491420892284158,0.0
2904,1682985660000.0,0.0,0.0,457.0,0.07945687089715536,0.0,0.0,0.07876,0.9993349083055295,1.0,346.10936281000085,300.0,345.79089281000086,300.0,0.10491420892284158,0.0
2905,1682989260000.0,0.0,0.0,457.0,0.07945687089715536,0.0,0.0,0.07878,0.9993349083055295,1.0,346.10936281000085,300.0,345.80003281000086,300.0,0.10491420892284158,0.0
2906,1682992860000.0,0.0,0.0,457.0,0.07945687089715536,0.0,0.0,0.07846,0.9993349083055295,1.0,346.10936281000085,300.0,345.6537928100008,300.0,0.10491420892284158,0.0
2907,1682996460000.0,0.0,0.0,457.0,0.07945687089715536,0.0,0.0,0.0785,0.9993349083055295,1.0,346.10936281000085,300.0,345.6720728100008,300.0,0.10491420892284158,0.0
2908,1683000060000.0,0.0,0.0,457.0,0.07945687089715536,0.0,0.0,0.07863,0.9993349083055295,1.0,346.10936281000085,300.0,345.73148281000084,300.0,0.10491420892284158,0.0
2909,1683003660000.0,0.0,0.0,457.0,0.07945687089715536,0.0,0.0,0.07851,0.9993349083055295,1.0,346.10936281000085,300.0,345.6766428100008,300.0,0.10491420892284158,0.0
2910,1683007260000.0,0.0,0.0,457.0,0.07945687089715536,0.0,0.0,0.0785,0.9993349083055295,1.0,346.10936281000085,300.0,345.6720728100008,300.0,0.10491420892284158,0.0
2911,1683010860000.0,0.0,0.0,457.0,0.07945687089715536,0.0,0.0,0.07848,0.9993349083055295,1.0,346.10936281000085,300.0,345.6629328100008,300.0,0.10491420892284158,0.0
2912,1683014460000.0,0.0,0.0,457.0,0.07945687089715536,0.0,0.0,0.07854,0.9993349083055295,1.0,346.10936281000085,300.0,345.69035281000083,300.0,0.10491420892284158,0.0
2913,1683018060000.0,0.0,0.0,457.0,0.07945687089715536,0.0,0.0,0.07847,0.9993349083055295,1.0,346.10936281000085,300.0,345.6583628100008,300.0,0.10491420892284158,0.0
2914,1683021660000.0,0.0,0.0,457.0,0.07945687089715536,0.0,0.0,0.07822,0.9993349083055295,1.0,346.10936281000085,300.0,345.54411281000085,300.0,0.10491420892284158,0.0
2915,1683025260000.0,0.0,0.0,457.0,0.07945687089715536,0.0,0.0,0.07823,0.9993349083055295,1.0,346.10936281000085,300.0,345.54868281000086,300.0,0.10491420892284158,0.0
2916,1683028860000.0,0.0,0.0,457.0,0.07945687089715536,0.0,0.0,0.0783,0.9993349083055295,1.0,346.10936281000085,300.0,345.58067281000086,300.0,0.10491420892284158,0.0
2917,1683032460000.0,0.0,0.0,457.0,0.07945687089715536,0.0,0.0,0.07832,0.9993349083055295,1.0,346.10936281000085,300.0,345.58981281000086,300.0,0.10491420892284158,0.0
2918,1683036060000.0,0.0,0.0,457.0,0.07945687089715536,0.0,0.0,0.07786,0.9993349083055295,1.0,346.10936281000085,300.0,345.3795928100009,300.0,0.10491420892284158,0.0
2919,1683039660000.0,0.0,0.0,457.0,0.07945687089715536,0.0,0.0,0.07831,0.9993349083055295,1.0,346.10936281000085,300.0,345.58524281000086,300.0,0.10491420892284158,0.0
2920,1683043260000.0,0.0,0.0,457.0,0.07945687089715536,0.0,0.0,0.07864,0.9993349083055295,1.0,346.10936281000085,300.0,345.73605281000084,300.0,0.10491420892284158,0.0
2921,1683046860000.0,0.0,0.0,457.0,0.07945687089715536,0.0,0.0,0.07829,0.9993349083055295,1.0,346.10936281000085,300.0,345.57610281000086,300.0,0.10491420892284158,0.0
2922,1683050460000.0,0.0,0.0,457.0,0.07945687089715536,0.0,0.0,0.07857,0.9993349083055295,1.0,346.10936281000085,300.0,345.70406281000083,300.0,0.10491420892284158,0.0
2923,1683054060000.0,0.0,0.0,457.0,0.07945687089715536,0.0,0.0,0.07877,0.9993349083055295,1.0,346.10936281000085,300.0,345.79546281000086,300.0,0.10491420892284158,0.0
2924,1683057660000.0,0.0,0.0,457.0,0.07945687089715536,0.0,0.0,0.07881,0.9993349083055295,1.0,346.10936281000085,300.0,345.81374281000086,300.0,0.10491420892284158,0.0
2925,1683061260000.0,0.0,0.0,457.0,0.07945687089715536,0.0,0.0,0.07879,0.9993349083055295,1.0,346.10936281000085,300.0,345.80460281000086,300.0,0.10491420892284158,0.0
2926,1683064860000.0,0.0,0.0,457.0,0.07945687089715536,0.0,0.0,0.07886,0.9993349083055295,1.0,346.10936281000085,300.0,345.83659281000087,300.0,0.10491420892284158,0.0
2927,1683068460000.0,0.0,0.0,457.0,0.07945687089715536,0.0,0.0,0.07876,0.9993349083055295,1.0,346.10936281000085,300.0,345.79089281000086,300.0,0.10491420892284158,0.0
2928,1683072060000.0,0.0,0.0,457.0,0.07945687089715536,0.0,0.0,0.0787,0.9993349083055295,1.0,346.10936281000085,300.0,345.76347281000085,300.0,0.10491420892284158,0.0
2929,1683075660000.0,0.0,0.0,457.0,0.07945687089715536,0.0,0.0,0.07842,0.9993349083055295,1.0,346.10936281000085,300.0,345.6355128100008,300.0,0.10491420892284158,0.0
2930,1683079260000.0,0.0,0.0,457.0,0.07945687089715536,0.0,0.0,0.07862,0.9993349083055295,1.0,346.10936281000085,300.0,345.72691281000084,300.0,0.10491420892284158,0.0
2931,1683082860000.0,0.0,0.0,457.0,0.07945687089715536,0.0,0.0,0.07825,0.9993349083055295,1.0,346.10936281000085,300.0,345.55782281000086,300.0,0.10491420892284158,0.0
2932,1683086460000.0,0.0,0.0,457.0,0.07945687089715536,0.0,0.0,0.07825,0.9993349083055295,1.0,346.10936281000085,300.0,345.55782281000086,300.0,0.10491420892284158,0.0
2933,1683090060000.0,0.0,0.0,457.0,0.07945687089715536,0.0,0.0,0.07835,0.9993349083055295,1.0,346.10936281000085,300.0,345.60352281000087,300.0,0.10491420892284158,0.0
2934,1683093660000.0,0.0,0.0,457.0,0.07945687089715536,0.0,0.0,0.07829,0.9993349083055295,1.0,346.10936281000085,300.0,345.57610281000086,300.0,0.10491420892284158,0.0
2935,1683097260000.0,0.0,0.0,457.0,0.07945687089715536,0.0,0.0,0.07843,0.9993349083055295,1.0,346.10936281000085,300.0,345.6400828100008,300.0,0.10491420892284158,0.0
2936,1683100860000.0,0.0,0.0,457.0,0.07945687089715536,0.0,0.0,0.07823,0.9993349083055295,1.0,346.10936281000085,300.0,345.54868281000086,300.0,0.10491420892284158,0.0
2937,1683104460000.0,0.0,0.0,457.0,0.07945687089715536,0.0,0.0,0.07833,0.9993349083055295,1.0,346.10936281000085,300.0,345.59438281000087,300.0,0.10491420892284158,0.0
2938,1683108060000.0,0.0,0.0,457.0,0.07945687089715536,0.0,0.0,0.07822,0.9993349083055295,1.0,346.10936281000085,300.0,345.54411281000085,300.0,0.10491420892284158,0.0
2939,1683111660000.0,0.0,0.0,457.0,0.07945687089715536,0.0,0.0,0.07809,0.9993349083055295,1.0,346.10936281000085,300.0,345.48470281000084,300.0,0.10491420892284158,0.0
2940,1683115260000.0,0.0,0.0,457.0,0.07945687089715536,0.0,0.0,0.07784,0.9993349083055295,1.0,346.10936281000085,300.0,345.37045281000087,300.0,0.10491420892284158,0.0
2941,1683118860000.0,0.0,0.0,457.0,0.07945687089715536,0.0,0.0,0.07724,0.9993349083055295,1.0,346.10936281000085,300.0,345.09625281000086,300.0,0.10491420892284158,0.0
2942,1683122460000.0,0.0,0.0,457.0,0.07945687089715536,0.0,0.0,0.07771,0.9993349083055295,1.0,346.10936281000085,300.0,345.31104281000086,300.0,0.10491420892284158,0.0
2943,1683126060000.0,0.0,0.0,457.0,0.07945687089715536,0.0,0.0,0.07736,0.9993349083055295,1.0,346.10936281000085,300.0,345.1510928100008,300.0,0.10491420892284158,0.0
2944,1683129660000.0,0.0,0.0,457.0,0.07945687089715536,0.0,0.0,0.07773,0.9993349083055295,1.0,346.10936281000085,300.0,345.32018281000086,300.0,0.10491420892284158,0.0
2945,1683133260000.0,0.0,0.0,457.0,0.07945687089715536,0.0,0.0,0.07794,0.9993349083055295,1.0,346.10936281000085,300.0,345.4161528100008,300.0,0.10491420892284158,0.0
2946,1683136860000.0,0.0,0.0,457.0,0.07945687089715536,0.0,0.0,0.07797,0.9993349083055295,1.0,346.10936281000085,300.0,345.4298628100008,300.0,0.10491420892284158,0.0
2947,1683140460000.0,0.0,0.0,457.0,0.07945687089715536,0.0,0.0,0.07829,0.9993349083055295,1.0,346.10936281000085,300.0,345.57610281000086,300.0,0.10491420892284158,0.0
2948,1683144060000.0,0.0,0.0,457.0,0.07945687089715536,0.0,0.0,0.07782,0.9993349083055295,1.0,346.10936281000085,300.0,345.36131281000087,300.0,0.10491420892284158,0.0
2949,1683147660000.0,0.0,0.0,457.0,0.07945687089715536,0.0,0.0,0.07832,0.9993349083055295,1.0,346.10936281000085,300.0,345.58981281000086,300.0,0.10491420892284158,0.0
2950,1683151260000.0,0.0,0.0,457.0,0.07945687089715536,0.0,0.0,0.0794,0.9993349083055295,1.0,346.10936281000085,300.0,346.08337281000087,300.0,0.10491420892284158,0.0
2951,1683154860000.0,0.0,0.0,0.0,0.07945687089715536,0.0,0.0,0.08031,0.9993349083055295,1.0,346.56298060000086,300.0,346.56298060000086,300.0,0.0,0.0
2952,1683158460000.0,0.0,0.0,0.0,0.07945687089715536,0.0,0.0,0.07962,0.9993349083055295,1.0,346.56298060000086,300.0,346.56298060000086,300.0,0.0,0.0
2953,1683162060000.0,0.0,0.0,0.0,0.07945687089715536,0.0,0.0,0.07967,0.9993349083055295,1.0,346.56298060000086,300.0,346.56298060000086,300.0,0.0,0.0
2954,1683165660000.0,0.0,0.0,0.0,0.07945687089715536,0.0,0.0,0.07963,0.9993349083055295,1.0,346.56298060000086,300.0,346.56298060000086,300.0,0.0,0.0
2955,1683169260000.0,0.0,0.0,0.0,0.07945687089715536,0.0,0.0,0.0794,0.9993349083055295,1.0,346.56298060000086,300.0,346.56298060000086,300.0,0.0,0.0
2956,1683172860000.0,0.0,0.0,0.0,0.07945687089715536,0.0,0.0,0.07945,0.9993349083055295,1.0,346.56298060000086,300.0,346.56298060000086,300.0,0.0,0.0
2957,1683176460000.0,0.0,0.0,0.0,0.07945687089715536,0.0,0.0,0.07934,0.9993349083055295,1.0,346.56298060000086,300.0,346.56298060000086,300.0,0.0,0.0
2958,1683180060000.0,0.0,0.0,0.0,0.07945687089715536,0.0,0.0,0.07946,0.9993349083055295,1.0,346.56298060000086,300.0,346.56298060000086,300.0,0.0,0.0
2959,1683183660000.0,0.0,0.0,0.0,0.07945687089715536,0.0,0.0,0.07941,0.9993349083055295,1.0,346.56298060000086,300.0,346.56298060000086,300.0,0.0,0.0
2960,1683187260000.0,0.0,0.0,0.0,0.07945687089715536,0.0,0.0,0.07928,0.9993349083055295,1.0,346.56298060000086,300.0,346.56298060000086,300.0,0.0,0.0
2961,1683190860000.0,0.0,0.0,0.0,0.07945687089715536,0.0,0.0,0.0792,0.9993349083055295,1.0,346.56298060000086,300.0,346.56298060000086,300.0,0.0,0.0
2962,1683194460000.0,0.0,0.0,0.0,0.07945687089715536,0.0,0.0,0.07915,0.9993349083055295,1.0,346.56298060000086,300.0,346.56298060000086,300.0,0.0,0.0
2963,1683198060000.0,0.0,0.0,0.0,0.07945687089715536,0.0,0.0,0.07929,0.9993349083055295,1.0,346.56298060000086,300.0,346.56298060000086,300.0,0.0,0.0
2964,1683201660000.0,0.0,0.0,0.0,0.07945687089715536,0.0,0.0,0.07895,0.9993349083055295,1.0,346.56298060000086,300.0,346.56298060000086,300.0,0.0,0.0
2965,1683205260000.0,0.0,0.0,220.0,0.07875,0.0,0.0,0.07876,0.9993349083055295,1.0,346.5456556000008,300.0,346.54785560000084,300.0,0.04999341275828119,0.0
2966,1683208860000.0,0.0,0.0,220.0,0.07875,0.0,0.0,0.07807,0.9993349083055295,1.0,346.5456556000008,300.0,346.3960556000008,300.0,0.04999341275828119,0.0
2967,1683212460000.0,0.0,0.0,220.0,0.07875,0.0,0.0,0.0783,0.9993349083055295,1.0,346.5456556000008,300.0,346.44665560000084,300.0,0.04999341275828119,0.0
2968,1683216060000.0,0.0,0.0,220.0,0.07875,0.0,0.0,0.07812,0.9993349083055295,1.0,346.5456556000008,300.0,346.40705560000083,300.0,0.04999341275828119,0.0
2969,1683219660000.0,0.0,0.0,220.0,0.07875,0.0,0.0,0.07839,0.9993349083055295,1.0,346.5456556000008,300.0,346.4664556000008,300.0,0.04999341275828119,0.0
2970,1683223260000.0,0.0,0.0,220.0,0.07875,0.0,0.0,0.07824,0.9993349083055295,1.0,346.5456556000008,300.0,346.43345560000085,300.0,0.04999341275828119,0.0
2971,1683226860000.0,0.0,0.0,220.0,0.07875,0.0,0.0,0.07854,0.9993349083055295,1.0,346.5456556000008,300.0,346.49945560000083,300.0,0.04999341275828119,0.0
2972,1683230460000.0,0.0,0.0,220.0,0.07875,0.0,0.0,0.07849,0.9993349083055295,1.0,346.5456556000008,300.0,346.4884556000008,300.0,0.04999341275828119,0.0
2973,1683234060000.0,0.0,0.0,220.0,0.07875,0.0,0.0,0.07841,0.9993349083055295,1.0,346.5456556000008,300.0,346.47085560000085,300.0,0.04999341275828119,0.0
2974,1683237660000.0,0.0,0.0,220.0,0.07875,0.0,0.0,0.07817,0.9993349083055295,1.0,346.5456556000008,300.0,346.41805560000086,300.0,0.04999341275828119,0.0
2975,1683241260000.0,0.0,0.0,220.0,0.07875,0.0,0.0,0.07821,0.9993349083055295,1.0,346.5456556000008,300.0,346.4268556000008,300.0,0.04999341275828119,0.0
2976,1683244860000.0,0.0,0.0,220.0,0.07875,0.0,0.0,0.07838,0.9993349083055295,1.0,346.5456556000008,300.0,346.46425560000085,300.0,0.04999341275828119,0.0
2977,1683248460000.0,0.0,0.0,220.0,0.07875,0.0,0.0,0.07832,0.9993349083055295,1.0,346.5456556000008,300.0,346.4510556000008,300.0,0.04999341275828119,0.0
2978,1683252060000.0,0.0,0.0,220.0,0.07875,0.0,0.0,0.07917,0.9993349083055295,1.0,346.5456556000008,300.0,346.6380556000008,300.0,0.04999341275828119,0.0
2979,1683255660000.0,0.0,0.0,220.0,0.07875,0.0,0.0,0.07886,0.9993349083055295,1.0,346.5456556000008,300.0,346.56985560000084,300.0,0.04999341275828119,0.0
2980,1683259260000.0,0.0,0.0,220.0,0.07875,0.0,0.0,0.07854,0.9993349083055295,1.0,346.5456556000008,300.0,346.49945560000083,300.0,0.04999341275828119,0.0
2981,1683262860000.0,0.0,0.0,220.0,0.07875,0.0,0.0,0.07881,0.9993349083055295,1.0,346.5456556000008,300.0,346.5588556000008,300.0,0.04999341275828119,0.0
2982,1683266460000.0,0.0,0.0,220.0,0.07875,0.0,0.0,0.07871,0.9993349083055295,1.0,346.5456556000008,300.0,346.5368556000008,300.0,0.04999341275828119,0.0
2983,1683270060000.0,0.0,0.0,220.0,0.07875,0.0,0.0,0.07882,0.9993349083055295,1.0,346.5456556000008,300.0,346.5610556000008,300.0,0.04999341275828119,0.0
2984,1683273660000.0,0.0,0.0,220.0,0.07875,0.0,0.0,0.07868,0.9993349083055295,1.0,346.5456556000008,300.0,346.5302556000008,300.0,0.04999341275828119,0.0
2985,1683277260000.0,0.0,0.0,220.0,0.07875,0.0,0.0,0.07853,0.9993349083055295,1.0,346.5456556000008,300.0,346.4972556000008,300.0,0.04999341275828119,0.0
2986,1683280860000.0,0.0,0.0,220.0,0.07875,0.0,0.0,0.0786,0.9993349083055295,1.0,346.5456556000008,300.0,346.5126556000008,300.0,0.04999341275828119,0.0
2987,1683284460000.0,0.0,0.0,220.0,0.07875,0.0,0.0,0.0786,0.9993349083055295,1.0,346.5456556000008,300.0,346.5126556000008,300.0,0.04999341275828119,0.0
2988,1683288060000.0,0.0,0.0,220.0,0.07875,0.0,0.0,0.07868,0.9993349083055295,1.0,346.5456556000008,300.0,346.5302556000008,300.0,0.04999341275828119,0.0
2989,1683291660000.0,0.0,0.0,220.0,0.07875,0.0,0.0,0.0778,0.9993349083055295,1.0,346.5456556000008,300.0,346.3366556000008,300.0,0.04999341275828119,0.0
2990,1683295260000.0,0.0,0.0,220.0,0.07875,0.0,0.0,0.07862,0.9993349083055295,1.0,346.5456556000008,300.0,346.51705560000084,300.0,0.04999341275828119,0.0
2991,1683298860000.0,0.0,0.0,220.0,0.07875,0.0,0.0,0.07877,0.9993349083055295,1.0,346.5456556000008,300.0,346.5500556000008,300.0,0.04999341275828119,0.0
2992,1683302460000.0,0.0,0.0,220.0,0.07875,0.0,0.0,0.07871,0.9993349083055295,1.0,346.5456556000008,300.0,346.5368556000008,300.0,0.04999341275828119,0.0
2993,1683306060000.0,0.0,0.0,220.0,0.07875,0.0,0.0,0.0794,0.9993349083055295,1.0,346.5456556000008,300.0,346.6886556000008,300.0,0.04999341275828119,0.0
2994,1683309660000.0,0.0,0.0,220.0,0.07875,0.0,0.0,0.07918,0.9993349083055295,1.0,346.5456556000008,300.0,346.64025560000084,300.0,0.04999341275828119,0.0
2995,1683313260000.0,0.0,0.0,220.0,0.07875,0.0,0.0,0.07914,0.9993349083055295,1.0,346.5456556000008,300.0,346.63145560000083,300.0,0.04999341275828119,0.0
2996,1683316860000.0,0.0,0.0,220.0,0.07875,0.0,0.0,0.07929,0.9993349083055295,1.0,346.5456556000008,300.0,346.66445560000085,300.0,0.04999341275828119,0.0
2997,1683320460000.0,0.0,0.0,220.0,0.07875,0.0,0.0,0.07926,0.9993349083055295,1.0,346.5456556000008,300.0,346.6578556000008,300.0,0.04999341275828119,0.0
2998,1683324060000.0,0.0,0.0,0.0,0.07875,0.0,0.0,0.07981,0.9993349083055295,1.0,346.76129740000084,300.0,346.76129740000084,300.0,0.0,0.0
2999,1683327660000.0,0.0,0.0,0.0,0.07875,0.0,0.0,0.08028,0.9993349083055295,1.0,346.76129740000084,300.0,346.76129740000084,300.0,0.0,0.0
3000,1683331260000.0,0.0,0.0,0.0,0.07875,0.0,0.0,0.08017,0.9993349083055295,1.0,346.76129740000084,300.0,346.76129740000084,300.0,0.0,0.0
3001,1683334860000.0,0.0,0.0,0.0,0.07875,0.0,0.0,0.08026,0.9993349083055295,1.0,346.76129740000084,300.0,346.76129740000084,300.0,0.0,0.0
3002,1683338460000.0,0.0,0.0,0.0,0.07875,0.0,0.0,0.07944,0.9993349083055295,1.0,346.76129740000084,300.0,346.76129740000084,300.0,0.0,0.0
3003,1683342060000.0,0.0,0.0,220.0,0.07898,0.0,0.0,0.07894,0.9993349083055295,1.0,346.74392180000086,300.0,346.73512180000085,300.0,0.050110755827529996,0.0
3004,1683345660000.0,0.0,0.0,220.0,0.07898,0.0,0.0,0.07917,0.9993349083055295,1.0,346.74392180000086,300.0,346.7857218000009,300.0,0.050110755827529996,0.0
3005,1683349260000.0,0.0,0.0,220.0,0.07898,0.0,0.0,0.07913,0.9993349083055295,1.0,346.74392180000086,300.0,346.7769218000009,300.0,0.050110755827529996,0.0
3006,1683352860000.0,0.0,0.0,220.0,0.07898,0.0,0.0,0.07888,0.9993349083055295,1.0,346.74392180000086,300.0,346.72192180000087,300.0,0.050110755827529996,0.0
3007,1683356460000.0,0.0,0.0,220.0,0.07898,0.0,0.0,0.07884,0.9993349083055295,1.0,346.74392180000086,300.0,346.71312180000086,300.0,0.050110755827529996,0.0
3008,1683360060000.0,0.0,0.0,220.0,0.07898,0.0,0.0,0.0784,0.9993349083055295,1.0,346.74392180000086,300.0,346.6163218000009,300.0,0.050110755827529996,0.0
3009,1683363660000.0,0.0,0.0,220.0,0.07898,0.0,0.0,0.07801,0.9993349083055295,1.0,346.74392180000086,300.0,346.5305218000009,300.0,0.050110755827529996,0.0
3010,1683367260000.0,0.0,0.0,220.0,0.07898,0.0,0.0,0.07799,0.9993349083055295,1.0,346.74392180000086,300.0,346.52612180000085,300.0,0.050110755827529996,0.0
3011,1683370860000.0,0.0,0.0,220.0,0.07898,0.0,0.0,0.0778,0.9993349083055295,1.0,346.74392180000086,300.0,346.4843218000009,300.0,0.050110755827529996,0.0
3012,1683374460000.0,0.0,0.0,220.0,0.07898,0.0,0.0,0.07805,0.9993349083055295,1.0,346.74392180000086,300.0,346.53932180000083,300.0,0.050110755827529996,0.0
3013,1683378060000.0,0.0,0.0,220.0,0.07898,0.0,0.0,0.07763,0.9993349083055295,1.0,346.74392180000086,300.0,346.44692180000084,300.0,0.050110755827529996,0.0
3014,1683381660000.0,0.0,0.0,220.0,0.07898,0.0,0.0,0.07705,0.9993349083055295,1.0,346.74392180000086,300.0,346.31932180000086,300.0,0.050110755827529996,0.0
3015,1683385260000.0,0.0,0.0,470.0,0.07761829787234042,0.0,0.0,0.07636,0.9993349083055295,1.0,346.72481680000084,300.0,346.1334168000008,300.0,0.10521485117992833,0.0
3016,1683388860000.0,0.0,0.0,470.0,0.07761829787234042,0.0,0.0,0.07641,0.9993349083055295,1.0,346.72481680000084,300.0,346.15691680000083,300.0,0.10521485117992833,0.0
3017,1683392460000.0,0.0,0.0,470.0,0.07761829787234042,0.0,0.0,0.07676,0.9993349083055295,1.0,346.72481680000084,300.0,346.32141680000086,300.0,0.10521485117992833,0.0
3018,1683396060000.0,0.0,0.0,470.0,0.07761829787234042,0.0,0.0,0.07686,0.9993349083055295,1.0,346.72481680000084,300.0,346.36841680000083,300.0,0.10521485117992833,0.0
3019,1683399660000.0,0.0,0.0,470.0,0.07761829787234042,0.0,0.0,0.07724,0.9993349083055295,1.0,346.72481680000084,300.0,346.54701680000085,300.0,0.10521485117992833,0.0
3020,1683403260000.0,0.0,0.0,470.0,0.07761829787234042,0.0,0.0,0.07704,0.9993349083055295,1.0,346.72481680000084,300.0,346.45301680000085,300.0,0.10521485117992833,0.0
3021,1683406860000.0,0.0,0.0,470.0,0.07761829787234042,0.0,0.0,0.07703,0.9993349083055295,1.0,346.72481680000084,300.0,346.44831680000084,300.0,0.10521485117992833,0.0
3022,1683410460000.0,0.0,0.0,470.0,0.07761829787234042,0.0,0.0,0.07689,0.9993349083055295,1.0,346.72481680000084,300.0,346.3825168000008,300.0,0.10521485117992833,0.0
3023,1683414060000.0,0.0,0.0,470.0,0.07761829787234042,0.0,0.0,0.07667,0.9993349083055295,1.0,346.72481680000084,300.0,346.27911680000085,300.0,0.10521485117992833,0.0
3024,1683417660000.0,0.0,0.0,470.0,0.07761829787234042,0.0,0.0,0.07685,0.9993349083055295,1.0,346.72481680000084,300.0,346.3637168000008,300.0,0.10521485117992833,0.0
3025,1683421260000.0,0.0,0.0,470.0,0.07761829787234042,0.0,0.0,0.07688,0.9993349083055295,1.0,346.72481680000084,300.0,346.37781680000086,300.0,0.10521485117992833,0.0
3026,1683424860000.0,0.0,0.0,470.0,0.07761829787234042,0.0,0.0,0.07675,0.9993349083055295,1.0,346.72481680000084,300.0,346.31671680000085,300.0,0.10521485117992833,0.0
3027,1683428460000.0,0.0,0.0,470.0,0.07761829787234042,0.0,0.0,0.07652,0.9993349083055295,1.0,346.72481680000084,300.0,346.20861680000087,300.0,0.10521485117992833,0.0
3028,1683432060000.0,0.0,0.0,470.0,0.07761829787234042,0.0,0.0,0.07677,0.9993349083055295,1.0,346.72481680000084,300.0,346.3261168000008,300.0,0.10521485117992833,0.0
3029,1683435660000.0,0.0,0.0,470.0,0.07761829787234042,0.0,0.0,0.07671,0.9993349083055295,1.0,346.72481680000084,300.0,346.29791680000085,300.0,0.10521485117992833,0.0
3030,1683439260000.0,0.0,0.0,470.0,0.07761829787234042,0.0,0.0,0.07686,0.9993349083055295,1.0,346.72481680000084,300.0,346.36841680000083,300.0,0.10521485117992833,0.0
3031,1683442860000.0,0.0,0.0,470.0,0.07761829787234042,0.0,0.0,0.07693,0.9993349083055295,1.0,346.72481680000084,300.0,346.4013168000008,300.0,0.10521485117992833,0.0
3032,1683446460000.0,0.0,0.0,470.0,0.07761829787234042,0.0,0.0,0.07706,0.9993349083055295,1.0,346.72481680000084,300.0,346.4624168000008,300.0,0.10521485117992833,0.0
3033,1683450060000.0,0.0,0.0,470.0,0.07761829787234042,0.0,0.0,0.07697,0.9993349083055295,1.0,346.72481680000084,300.0,346.4201168000008,300.0,0.10521485117992833,0.0
3034,1683453660000.0,0.0,0.0,470.0,0.07761829787234042,0.0,0.0,0.07694,0.9993349083055295,1.0,346.72481680000084,300.0,346.4060168000008,300.0,0.10521485117992833,0.0
3035,1683457260000.0,0.0,0.0,470.0,0.07761829787234042,0.0,0.0,0.0771,0.9993349083055295,1.0,346.72481680000084,300.0,346.4812168000008,300.0,0.10521485117992833,0.0
3036,1683460860000.0,0.0,0.0,470.0,0.07761829787234042,0.0,0.0,0.07688,0.9993349083055295,1.0,346.72481680000084,300.0,346.37781680000086,300.0,0.10521485117992833,0.0
3037,1683464460000.0,0.0,0.0,470.0,0.07761829787234042,0.0,0.0,0.07678,0.9993349083055295,1.0,346.72481680000084,300.0,346.33081680000083,300.0,0.10521485117992833,0.0
3038,1683468060000.0,0.0,0.0,470.0,0.07761829787234042,0.0,0.0,0.07701,0.9993349083055295,1.0,346.72481680000084,300.0,346.4389168000008,300.0,0.10521485117992833,0.0
3039,1683471660000.0,0.0,0.0,470.0,0.07761829787234042,0.0,0.0,0.07717,0.9993349083055295,1.0,346.72481680000084,300.0,346.51411680000086,300.0,0.10521485117992833,0.0
3040,1683475260000.0,0.0,0.0,470.0,0.07761829787234042,0.0,0.0,0.07733,0.9993349083055295,1.0,346.72481680000084,300.0,346.58931680000086,300.0,0.10521485117992833,0.0
3041,1683478860000.0,0.0,0.0,470.0,0.07761829787234042,0.0,0.0,0.0772,0.9993349083055295,1.0,346.72481680000084,300.0,346.52821680000085,300.0,0.10521485117992833,0.0
3042,1683482460000.0,0.0,0.0,470.0,0.07761829787234042,0.0,0.0,0.07709,0.9993349083055295,1.0,346.72481680000084,300.0,346.47651680000087,300.0,0.10521485117992833,0.0
3043,1683486060000.0,0.0,0.0,470.0,0.07761829787234042,0.0,0.0,0.07698,0.9993349083055295,1.0,346.72481680000084,300.0,346.4248168000008,300.0,0.10521485117992833,0.0
3044,1683489660000.0,0.0,0.0,470.0,0.07761829787234042,0.0,0.0,0.07709,0.9993349083055295,1.0,346.72481680000084,300.0,346.47651680000087,300.0,0.10521485117992833,0.0
3045,1683493260000.0,0.0,0.0,470.0,0.07761829787234042,0.0,0.0,0.0771,0.9993349083055295,1.0,346.72481680000084,300.0,346.4812168000008,300.0,0.10521485117992833,0.0
3046,1683496860000.0,0.0,0.0,470.0,0.07761829787234042,0.0,0.0,0.07699,0.9993349083055295,1.0,346.72481680000084,300.0,346.42951680000084,300.0,0.10521485117992833,0.0
3047,1683500460000.0,0.0,0.0,470.0,0.07761829787234042,0.0,0.0,0.07707,0.9993349083055295,1.0,346.72481680000084,300.0,346.46711680000084,300.0,0.10521485117992833,0.0
3048,1683504060000.0,0.0,0.0,470.0,0.07761829787234042,0.0,0.0,0.07642,0.9993349083055295,1.0,346.72481680000084,300.0,346.16161680000084,300.0,0.10521485117992833,0.0
3049,1683507660000.0,0.0,0.0,470.0,0.07761829787234042,0.0,0.0,0.077,0.9993349083055295,1.0,346.72481680000084,300.0,346.43421680000085,300.0,0.10521485117992833,0.0
3050,1683511260000.0,0.0,0.0,1005.0,0.07608074626865671,0.0,0.0,0.07448,0.9993349083055295,1.0,346.68483625000084,300.0,345.07608625000086,300.0,0.22054945012034632,0.0
3051,1683514860000.0,0.0,0.0,1005.0,0.07608074626865671,0.0,0.0,0.07518,0.9993349083055295,1.0,346.68483625000084,300.0,345.7795862500008,300.0,0.22054945012034632,0.0
3052,1683518460000.0,0.0,0.0,1005.0,0.07608074626865671,0.0,0.0,0.07529,0.9993349083055295,1.0,346.68483625000084,300.0,345.89013625000086,300.0,0.22054945012034632,0.0
3053,1683522060000.0,0.0,0.0,1005.0,0.07608074626865671,0.0,0.0,0.07475,0.9993349083055295,1.0,346.68483625000084,300.0,345.34743625000084,300.0,0.22054945012034632,0.0
3054,1683525660000.0,0.0,0.0,1005.0,0.07608074626865671,0.0,0.0,0.07496,0.9993349083055295,1.0,346.68483625000084,300.0,345.55848625000084,300.0,0.22054945012034632,0.0
3055,1683529260000.0,0.0,0.0,1005.0,0.07608074626865671,0.0,0.0,0.07457,0.9993349083055295,1.0,346.68483625000084,300.0,345.16653625000083,300.0,0.22054945012034632,0.0
3056,1683532860000.0,0.0,0.0,1005.0,0.07608074626865671,0.0,0.0,0.07444,0.9993349083055295,1.0,346.68483625000084,300.0,345.03588625000083,300.0,0.22054945012034632,0.0
3057,1683536460000.0,0.0,0.0,1005.0,0.07608074626865671,0.0,0.0,0.07429,0.9993349083055295,1.0,346.68483625000084,300.0,344.88513625000087,300.0,0.22054945012034632,0.0
3058,1683540060000.0,0.0,0.0,1005.0,0.07608074626865671,0.0,0.0,0.07479,0.9993349083055295,1.0,346.68483625000084,300.0,345.38763625000087,300.0,0.22054945012034632,0.0
3059,1683543660000.0,0.0,0.0,1005.0,0.07608074626865671,0.0,0.0,0.07485,0.9993349083055295,1.0,346.68483625000084,300.0,345.44793625000085,300.0,0.22054945012034632,0.0
3060,1683547260000.0,0.0,0.0,1005.0,0.07608074626865671,0.0,0.0,0.07507,0.9993349083055295,1.0,346.68483625000084,300.0,345.66903625000083,300.0,0.22054945012034632,0.0
3061,1683550860000.0,0.0,0.0,1005.0,0.07608074626865671,0.0,0.0,0.07459,0.9993349083055295,1.0,346.68483625000084,300.0,345.18663625000084,300.0,0.22054945012034632,0.0
3062,1683554460000.0,0.0,0.0,1005.0,0.07608074626865671,0.0,0.0,0.07452,0.9993349083055295,1.0,346.68483625000084,300.0,345.1162862500008,300.0,0.22054945012034632,0.0
3063,1683558060000.0,0.0,0.0,1005.0,0.07608074626865671,0.0,0.0,0.07485,0.9993349083055295,1.0,346.68483625000084,300.0,345.44793625000085,300.0,0.22054945012034632,0.0
3064,1683561660000.0,0.0,0.0,1005.0,0.07608074626865671,0.0,0.0,0.07447,0.9993349083055295,1.0,346.68483625000084,300.0,345.0660362500008,300.0,0.22054945012034632,0.0
3065,1683565260000.0,0.0,0.0,1005.0,0.07608074626865671,0.0,0.0,0.07367,0.9993349083055295,1.0,346.68483625000084,300.0,344.26203625000085,300.0,0.22054945012034632,0.0
3066,1683568860000.0,0.0,0.0,2148.0,0.07417002793296089,0.0,0.0,0.07049,0.9993349083055295,1.0,346.60198018000085,300.0,338.69728018000086,300.0,0.45965467340164,0.0
3067,1683572460000.0,0.0,0.0,2148.0,0.07417002793296089,0.0,0.0,0.07166,0.9993349083055295,1.0,346.60198018000085,300.0,341.2104401800009,300.0,0.45965467340164,0.0
3068,1683576060000.0,0.0,0.0,2148.0,0.07417002793296089,0.0,0.0,0.07201,0.9993349083055295,1.0,346.60198018000085,300.0,341.9622401800009,300.0,0.45965467340164,0.0
3069,1683579660000.0,0.0,0.0,2148.0,0.07417002793296089,0.0,0.0,0.07177,0.9993349083055295,1.0,346.60198018000085,300.0,341.44672018000085,300.0,0.45965467340164,0.0
3070,1683583260000.0,0.0,0.0,2148.0,0.07417002793296089,0.0,0.0,0.07202,0.9993349083055295,1.0,346.60198018000085,300.0,341.9837201800009,300.0,0.45965467340164,0.0
3071,1683586860000.0,0.0,0.0,2148.0,0.07417002793296089,0.0,0.0,0.07216,0.9993349083055295,1.0,346.60198018000085,300.0,342.28444018000084,300.0,0.45965467340164,0.0
3072,1683590460000.0,0.0,0.0,2148.0,0.07417002793296089,0.0,0.0,0.07235,0.9993349083055295,1.0,346.60198018000085,300.0,342.69256018000084,300.0,0.45965467340164,0.0
3073,1683594060000.0,0.0,0.0,2148.0,0.07417002793296089,0.0,0.0,0.07233,0.9993349083055295,1.0,346.60198018000085,300.0,342.64960018000085,300.0,0.45965467340164,0.0
3074,1683597660000.0,0.0,0.0,2148.0,0.07417002793296089,0.0,0.0,0.07251,0.9993349083055295,1.0,346.60198018000085,300.0,343.03624018000085,300.0,0.45965467340164,0.0
3075,1683601260000.0,0.0,0.0,2148.0,0.07417002793296089,0.0,0.0,0.07251,0.9993349083055295,1.0,346.60198018000085,300.0,343.03624018000085,300.0,0.45965467340164,0.0
3076,1683604860000.0,0.0,0.0,2148.0,0.07417002793296089,0.0,0.0,0.07253,0.9993349083055295,1.0,346.60198018000085,300.0,343.07920018000084,300.0,0.45965467340164,0.0
3077,1683608460000.0,0.0,0.0,2148.0,0.07417002793296089,0.0,0.0,0.07271,0.9993349083055295,1.0,346.60198018000085,300.0,343.46584018000084,300.0,0.45965467340164,0.0
3078,1683612060000.0,0.0,0.0,2148.0,0.07417002793296089,0.0,0.0,0.07274,0.9993349083055295,1.0,346.60198018000085,300.0,343.5302801800009,300.0,0.45965467340164,0.0
3079,1683615660000.0,0.0,0.0,2148.0,0.07417002793296089,0.0,0.0,0.07226,0.9993349083055295,1.0,346.60198018000085,300.0,342.49924018000087,300.0,0.45965467340164,0.0
3080,1683619260000.0,0.0,0.0,2148.0,0.07417002793296089,0.0,0.0,0.07272,0.9993349083055295,1.0,346.60198018000085,300.0,343.4873201800009,300.0,0.45965467340164,0.0
3081,1683622860000.0,0.0,0.0,2148.0,0.07417002793296089,0.0,0.0,0.07242,0.9993349083055295,1.0,346.60198018000085,300.0,342.8429201800009,300.0,0.45965467340164,0.0
3082,1683626460000.0,0.0,0.0,2148.0,0.07417002793296089,0.0,0.0,0.07248,0.9993349083055295,1.0,346.60198018000085,300.0,342.97180018000086,300.0,0.45965467340164,0.0
3083,1683630060000.0,0.0,0.0,2148.0,0.07417002793296089,0.0,0.0,0.07277,0.9993349083055295,1.0,346.60198018000085,300.0,343.5947201800009,300.0,0.45965467340164,0.0
3084,1683633660000.0,0.0,0.0,2148.0,0.07417002793296089,0.0,0.0,0.07308,0.9993349083055295,1.0,346.60198018000085,300.0,344.2606001800009,300.0,0.45965467340164,0.0
3085,1683637260000.0,0.0,0.0,2148.0,0.07417002793296089,0.0,0.0,0.07314,0.9993349083055295,1.0,346.60198018000085,300.0,344.3894801800009,300.0,0.45965467340164,0.0
3086,1683640860000.0,0.0,0.0,2148.0,0.07417002793296089,0.0,0.0,0.07293,0.9993349083055295,1.0,346.60198018000085,300.0,343.9384001800008,300.0,0.45965467340164,0.0
3087,1683644460000.0,0.0,0.0,2148.0,0.07417002793296089,0.0,0.0,0.07305,0.9993349083055295,1.0,346.60198018000085,300.0,344.19616018000085,300.0,0.45965467340164,0.0
3088,1683648060000.0,0.0,0.0,2148.0,0.07417002793296089,0.0,0.0,0.07251,0.9993349083055295,1.0,346.60198018000085,300.0,343.03624018000085,300.0,0.45965467340164,0.0
3089,1683651660000.0,0.0,0.0,2148.0,0.07417002793296089,0.0,0.0,0.07306,0.9993349083055295,1.0,346.60198018000085,300.0,344.21764018000084,300.0,0.45965467340164,0.0
3090,1683655260000.0,0.0,0.0,2148.0,0.07417002793296089,0.0,0.0,0.07275,0.9993349083055295,1.0,346.60198018000085,300.0,343.5517601800008,300.0,0.45965467340164,0.0
3091,1683658860000.0,0.0,0.0,2148.0,0.07417002793296089,0.0,0.0,0.0727,0.9993349083055295,1.0,346.60198018000085,300.0,343.44436018000084,300.0,0.45965467340164,0.0
3092,1683662460000.0,0.0,0.0,2148.0,0.07417002793296089,0.0,0.0,0.07308,0.9993349083055295,1.0,346.60198018000085,300.0,344.2606001800009,300.0,0.45965467340164,0.0
3093,1683666060000.0,0.0,0.0,2148.0,0.07417002793296089,0.0,0.0,0.07274,0.9993349083055295,1.0,346.60198018000085,300.0,343.5302801800009,300.0,0.45965467340164,0.0
3094,1683669660000.0,0.0,0.0,2148.0,0.07417002793296089,0.0,0.0,0.07279,0.9993349083055295,1.0,346.60198018000085,300.0,343.63768018000087,300.0,0.45965467340164,0.0
3095,1683673260000.0,0.0,0.0,2148.0,0.07417002793296089,0.0,0.0,0.07297,0.9993349083055295,1.0,346.60198018000085,300.0,344.02432018000087,300.0,0.45965467340164,0.0
3096,1683676860000.0,0.0,0.0,2148.0,0.07417002793296089,0.0,0.0,0.0731,0.9993349083055295,1.0,346.60198018000085,300.0,344.3035601800009,300.0,0.45965467340164,0.0
3097,1683680460000.0,0.0,0.0,2148.0,0.07417002793296089,0.0,0.0,0.07322,0.9993349083055295,1.0,346.60198018000085,300.0,344.56132018000085,300.0,0.45965467340164,0.0
3098,1683684060000.0,0.0,0.0,2148.0,0.07417002793296089,0.0,0.0,0.07324,0.9993349083055295,1.0,346.60198018000085,300.0,344.60428018000084,300.0,0.45965467340164,0.0
3099,1683687660000.0,0.0,0.0,2148.0,0.07417002793296089,0.0,0.0,0.07314,0.9993349083055295,1.0,346.60198018000085,300.0,344.3894801800009,300.0,0.45965467340164,0.0
3100,1683691260000.0,0.0,0.0,2148.0,0.07417002793296089,0.0,0.0,0.07318,0.9993349083055295,1.0,346.60198018000085,300.0,344.47540018000086,300.0,0.45965467340164,0.0
3101,1683694860000.0,0.0,0.0,2148.0,0.07417002793296089,0.0,0.0,0.07341,0.9993349083055295,1.0,346.60198018000085,300.0,344.96944018000084,300.0,0.45965467340164,0.0
3102,1683698460000.0,0.0,0.0,2148.0,0.07417002793296089,0.0,0.0,0.07313,0.9993349083055295,1.0,346.60198018000085,300.0,344.3680001800009,300.0,0.45965467340164,0.0
3103,1683702060000.0,0.0,0.0,2148.0,0.07417002793296089,0.0,0.0,0.07305,0.9993349083055295,1.0,346.60198018000085,300.0,344.19616018000085,300.0,0.45965467340164,0.0
3104,1683705660000.0,0.0,0.0,2148.0,0.07417002793296089,0.0,0.0,0.07288,0.9993349083055295,1.0,346.60198018000085,300.0,343.83100018000084,300.0,0.45965467340164,0.0
3105,1683709260000.0,0.0,0.0,2148.0,0.07417002793296089,0.0,0.0,0.07286,0.9993349083055295,1.0,346.60198018000085,300.0,343.78804018000085,300.0,0.45965467340164,0.0
3106,1683712860000.0,0.0,0.0,2148.0,0.07417002793296089,0.0,0.0,0.0727,0.9993349083055295,1.0,346.60198018000085,300.0,343.44436018000084,300.0,0.45965467340164,0.0
3107,1683716460000.0,0.0,0.0,2148.0,0.07417002793296089,0.0,0.0,0.0727,0.9993349083055295,1.0,346.60198018000085,300.0,343.44436018000084,300.0,0.45965467340164,0.0
3108,1683720060000.0,0.0,0.0,2148.0,0.07417002793296089,0.0,0.0,0.07277,0.9993349083055295,1.0,346.60198018000085,300.0,343.5947201800009,300.0,0.45965467340164,0.0
3109,1683723660000.0,0.0,0.0,2148.0,0.07417002793296089,0.0,0.0,0.0745,0.9993349083055295,1.0,346.60198018000085,300.0,347.31076018000084,300.0,0.45965467340164,0.0
3110,1683727260000.0,0.0,0.0,2148.0,0.07417002793296089,0.0,0.0,0.0742,0.9993349083055295,1.0,346.60198018000085,300.0,346.6663601800009,300.0,0.45965467340164,0.0
3111,1683730860000.0,0.0,0.0,2148.0,0.07417002793296089,0.0,0.0,0.0739,0.9993349083055295,1.0,346.60198018000085,300.0,346.02196018000086,300.0,0.45965467340164,0.0
3112,1683734460000.0,0.0,0.0,2148.0,0.07417002793296089,0.0,0.0,0.07392,0.9993349083055295,1.0,346.60198018000085,300.0,346.06492018000085,300.0,0.45965467340164,0.0
3113,1683738060000.0,0.0,0.0,2148.0,0.07417002793296089,0.0,0.0,0.07384,0.9993349083055295,1.0,346.60198018000085,300.0,345.8930801800009,300.0,0.45965467340164,0.0
3114,1683741660000.0,0.0,0.0,2148.0,0.07417002793296089,0.0,0.0,0.07193,0.9993349083055295,1.0,346.60198018000085,300.0,341.79040018000086,300.0,0.45965467340164,0.0
3115,1683745260000.0,0.0,0.0,2148.0,0.07417002793296089,0.0,0.0,0.0726,0.9993349083055295,1.0,346.60198018000085,300.0,343.2295601800009,300.0,0.45965467340164,0.0
3116,1683748860000.0,0.0,0.0,2148.0,0.07417002793296089,0.0,0.0,0.07329,0.9993349083055295,1.0,346.60198018000085,300.0,344.7116801800008,300.0,0.45965467340164,0.0
3117,1683752460000.0,0.0,0.0,2148.0,0.07417002793296089,0.0,0.0,0.07364,0.9993349083055295,1.0,346.60198018000085,300.0,345.46348018000083,300.0,0.45965467340164,0.0
3118,1683756060000.0,0.0,0.0,2148.0,0.07417002793296089,0.0,0.0,0.07293,0.9993349083055295,1.0,346.60198018000085,300.0,343.9384001800008,300.0,0.45965467340164,0.0
3119,1683759660000.0,0.0,0.0,2148.0,0.07417002793296089,0.0,0.0,0.07339,0.9993349083055295,1.0,346.60198018000085,300.0,344.92648018000085,300.0,0.45965467340164,0.0
3120,1683763260000.0,0.0,0.0,2148.0,0.07417002793296089,0.0,0.0,0.07305,0.9993349083055295,1.0,346.60198018000085,300.0,344.19616018000085,300.0,0.45965467340164,0.0
3121,1683766860000.0,0.0,0.0,2148.0,0.07417002793296089,0.0,0.0,0.07252,0.9993349083055295,1.0,346.60198018000085,300.0,343.05772018000084,300.0,0.45965467340164,0.0
3122,1683770460000.0,0.0,0.0,2148.0,0.07417002793296089,0.0,0.0,0.07258,0.9993349083055295,1.0,346.60198018000085,300.0,343.1866001800009,300.0,0.45965467340164,0.0
3123,1683774060000.0,0.0,0.0,2148.0,0.07417002793296089,0.0,0.0,0.0726,0.9993349083055295,1.0,346.60198018000085,300.0,343.2295601800009,300.0,0.45965467340164,0.0
3124,1683777660000.0,0.0,0.0,2148.0,0.07417002793296089,0.0,0.0,0.07243,0.9993349083055295,1.0,346.60198018000085,300.0,342.86440018000087,300.0,0.45965467340164,0.0
3125,1683781260000.0,0.0,0.0,2148.0,0.07417002793296089,0.0,0.0,0.07273,0.9993349083055295,1.0,346.60198018000085,300.0,343.5088001800009,300.0,0.45965467340164,0.0
3126,1683784860000.0,0.0,0.0,2148.0,0.07417002793296089,0.0,0.0,0.07273,0.9993349083055295,1.0,346.60198018000085,300.0,343.5088001800009,300.0,0.45965467340164,0.0
3127,1683788460000.0,0.0,0.0,2148.0,0.07417002793296089,0.0,0.0,0.07244,0.9993349083055295,1.0,346.60198018000085,300.0,342.88588018000087,300.0,0.45965467340164,0.0
3128,1683792060000.0,0.0,0.0,2148.0,0.07417002793296089,0.0,0.0,0.07217,0.9993349083055295,1.0,346.60198018000085,300.0,342.30592018000084,300.0,0.45965467340164,0.0
3129,1683795660000.0,0.0,0.0,2148.0,0.07417002793296089,0.0,0.0,0.07172,0.9993349083055295,1.0,346.60198018000085,300.0,341.33932018000087,300.0,0.45965467340164,0.0
3130,1683799260000.0,0.0,0.0,2148.0,0.07417002793296089,0.0,0.0,0.0718,0.9993349083055295,1.0,346.60198018000085,300.0,341.51116018000084,300.0,0.45965467340164,0.0
3131,1683802860000.0,0.0,0.0,2148.0,0.07417002793296089,0.0,0.0,0.07192,0.9993349083055295,1.0,346.60198018000085,300.0,341.76892018000086,300.0,0.45965467340164,0.0
3132,1683806460000.0,0.0,0.0,2148.0,0.07417002793296089,0.0,0.0,0.07192,0.9993349083055295,1.0,346.60198018000085,300.0,341.76892018000086,300.0,0.45965467340164,0.0
3133,1683810060000.0,0.0,0.0,2148.0,0.07417002793296089,0.0,0.0,0.07134,0.9993349083055295,1.0,346.60198018000085,300.0,340.5230801800009,300.0,0.45965467340164,0.0
3134,1683813660000.0,0.0,0.0,2148.0,0.07417002793296089,0.0,0.0,0.07142,0.9993349083055295,1.0,346.60198018000085,300.0,340.69492018000085,300.0,0.45965467340164,0.0
3135,1683817260000.0,0.0,0.0,2148.0,0.07417002793296089,0.0,0.0,0.07106,0.9993349083055295,1.0,346.60198018000085,300.0,339.92164018000085,300.0,0.45965467340164,0.0
3136,1683820860000.0,0.0,0.0,2148.0,0.07417002793296089,0.0,0.0,0.07075,0.9993349083055295,1.0,346.60198018000085,300.0,339.25576018000083,300.0,0.45965467340164,0.0
3137,1683824460000.0,0.0,0.0,2148.0,0.07417002793296089,0.0,0.0,0.07093,0.9993349083055295,1.0,346.60198018000085,300.0,339.6424001800009,300.0,0.45965467340164,0.0
3138,1683828060000.0,3.3092672981699184e-05,0.0,4856.0,0.07137055601317957,0.0,0.0,0.06981,0.9993349083055295,1.0,346.4147219800009,300.0,338.8366619800009,300.0,1.000463889118455,0.0
3139,1683831660000.0,3.3092672981699184e-05,0.0,4856.0,0.07137055601317957,0.0,0.0,0.07011,0.9993349083055295,1.0,346.4147219800009,300.0,340.2934619800009,300.0,1.000463889118455,0.0
3140,1683835260000.0,3.3092672981699184e-05,0.0,4856.0,0.07137055601317957,0.0,0.0,0.07031,0.9993349083055295,1.0,346.4147219800009,300.0,341.2646619800009,300.0,1.000463889118455,0.0
3141,1683838860000.0,3.3092672981699184e-05,0.0,4856.0,0.07137055601317957,0.0,0.0,0.0709,0.9993349083055295,1.0,346.4147219800009,300.0,344.1297019800009,300.0,1.000463889118455,0.0
3142,1683842460000.0,3.3092672981699184e-05,0.0,4856.0,0.07137055601317957,0.0,0.0,0.07153,0.9993349083055295,1.0,346.4147219800009,300.0,347.18898198000085,300.0,1.000463889118455,0.0
3143,1683846060000.0,0.0,0.0,0.0,0.07137055601317957,0.0,0.0,0.07235,0.9993349083055295,1.0,349.6253757700009,300.0,349.6253757700009,300.0,0.0,0.0
3144,1683849660000.0,0.0,0.0,0.0,0.07137055601317957,0.0,0.0,0.07179,0.9993349083055295,1.0,349.6253757700009,300.0,349.6253757700009,300.0,0.0,0.0
3145,1683853260000.0,0.0,0.0,0.0,0.07137055601317957,0.0,0.0,0.07184,0.9993349083055295,1.0,349.6253757700009,300.0,349.6253757700009,300.0,0.0,0.0
3146,1683856860000.0,0.0,0.0,0.0,0.07137055601317957,0.0,0.0,0.07125,0.9993349083055295,1.0,349.6253757700009,300.0,349.6253757700009,300.0,0.0,0.0
3147,1683860460000.0,0.0,0.0,246.0,0.07117,0.0,0.0,0.07066,0.9993349083055295,1.0,349.6078679500009,300.0,349.48240795000095,300.0,0.0500784496145947,0.0
3148,1683864060000.0,0.0,0.0,246.0,0.07117,0.0,0.0,0.07066,0.9993349083055295,1.0,349.6078679500009,300.0,349.48240795000095,300.0,0.0500784496145947,0.0
3149,1683867660000.0,0.0,0.0,246.0,0.07117,0.0,0.0,0.07155,0.9993349083055295,1.0,349.6078679500009,300.0,349.7013479500009,300.0,0.0500784496145947,0.0
3150,1683871260000.0,0.0,0.0,246.0,0.07117,0.0,0.0,0.07034,0.9993349083055295,1.0,349.6078679500009,300.0,349.4036879500009,300.0,0.0500784496145947,0.0
3151,1683874860000.0,0.0,0.0,246.0,0.07117,0.0,0.0,0.07043,0.9993349083055295,1.0,349.6078679500009,300.0,349.42582795000095,300.0,0.0500784496145947,0.0
3152,1683878460000.0,0.0,0.0,246.0,0.07117,0.0,0.0,0.07031,0.9993349083055295,1.0,349.6078679500009,300.0,349.3963079500009,300.0,0.0500784496145947,0.0
3153,1683882060000.0,0.0,0.0,246.0,0.07117,0.0,0.0,0.07041,0.9993349083055295,1.0,349.6078679500009,300.0,349.4209079500009,300.0,0.0500784496145947,0.0
3154,1683885660000.0,0.0,0.0,246.0,0.07117,0.0,0.0,0.07117,0.9993349083055295,1.0,349.6078679500009,300.0,349.6078679500009,300.0,0.0500784496145947,0.0
3155,1683889260000.0,0.0,0.0,0.0,0.07117,0.0,0.0,0.07193,0.9993349083055295,1.0,349.82628397000093,300.0,349.82628397000093,300.0,0.0,0.0
3156,1683892860000.0,0.0,0.0,0.0,0.07117,0.0,0.0,0.07167,0.9993349083055295,1.0,349.82628397000093,300.0,349.82628397000093,300.0,0.0,0.0
3157,1683896460000.0,0.0,0.0,0.0,0.07117,0.0,0.0,0.07181,0.9993349083055295,1.0,349.82628397000093,300.0,349.82628397000093,300.0,0.0,0.0
3158,1683900060000.0,0.0,0.0,0.0,0.07117,0.0,0.0,0.07147,0.9993349083055295,1.0,349.82628397000093,300.0,349.82628397000093,300.0,0.0,0.0
3159,1683903660000.0,0.0,0.0,246.0,0.07109,0.0,0.0,0.07103,0.9993349083055295,1.0,349.8087958300009,300.0,349.7940358300009,300.0,0.04999342557555024,0.0
3160,1683907260000.0,0.0,0.0,246.0,0.07109,0.0,0.0,0.07094,0.9993349083055295,1.0,349.8087958300009,300.0,349.7718958300009,300.0,0.04999342557555024,0.0
3161,1683910860000.0,0.0,0.0,246.0,0.07109,0.0,0.0,0.07121,0.9993349083055295,1.0,349.8087958300009,300.0,349.8383158300009,300.0,0.04999342557555024,0.0
3162,1683914460000.0,0.0,0.0,246.0,0.07109,0.0,0.0,0.07141,0.9993349083055295,1.0,349.8087958300009,300.0,349.8875158300009,300.0,0.04999342557555024,0.0
3163,1683918060000.0,0.0,0.0,246.0,0.07109,0.0,0.0,0.07108,0.9993349083055295,1.0,349.8087958300009,300.0,349.80633583000093,300.0,0.04999342557555024,0.0
3164,1683921660000.0,0.0,0.0,246.0,0.07109,0.0,0.0,0.07112,0.9993349083055295,1.0,349.8087958300009,300.0,349.81617583000093,300.0,0.04999342557555024,0.0
3165,1683925260000.0,0.0,0.0,246.0,0.07109,0.0,0.0,0.07153,0.9993349083055295,1.0,349.8087958300009,300.0,349.91703583000094,300.0,0.04999342557555024,0.0
3166,1683928860000.0,0.0,0.0,0.0,0.07109,0.0,0.0,0.07192,0.9993349083055295,1.0,350.0272315300009,300.0,350.0272315300009,300.0,0.0,0.0
3167,1683932460000.0,0.0,0.0,0.0,0.07109,0.0,0.0,0.07212,0.9993349083055295,1.0,350.0272315300009,300.0,350.0272315300009,300.0,0.0,0.0
3168,1683936060000.0,0.0,0.0,0.0,0.07109,0.0,0.0,0.07238,0.9993349083055295,1.0,350.0272315300009,300.0,350.0272315300009,300.0,0.0,0.0
3169,1683939660000.0,0.0,0.0,0.0,0.07109,0.0,0.0,0.07234,0.9993349083055295,1.0,350.0272315300009,300.0,350.0272315300009,300.0,0.0,0.0
3170,1683943260000.0,0.0,0.0,0.0,0.07109,0.0,0.0,0.0721,0.9993349083055295,1.0,350.0272315300009,300.0,350.0272315300009,300.0,0.0,0.0
3171,1683946860000.0,0.0,0.0,0.0,0.07109,0.0,0.0,0.07198,0.9993349083055295,1.0,350.0272315300009,300.0,350.0272315300009,300.0,0.0,0.0
3172,1683950460000.0,0.0,0.0,0.0,0.07109,0.0,0.0,0.0721,0.9993349083055295,1.0,350.0272315300009,300.0,350.0272315300009,300.0,0.0,0.0
3173,1683954060000.0,0.0,0.0,0.0,0.07109,0.0,0.0,0.07181,0.9993349083055295,1.0,350.0272315300009,300.0,350.0272315300009,300.0,0.0,0.0
3174,1683957660000.0,0.0,0.0,0.0,0.07109,0.0,0.0,0.07181,0.9993349083055295,1.0,350.0272315300009,300.0,350.0272315300009,300.0,0.0,0.0
3175,1683961260000.0,0.0,0.0,0.0,0.07109,0.0,0.0,0.07186,0.9993349083055295,1.0,350.0272315300009,300.0,350.0272315300009,300.0,0.0,0.0
3176,1683964860000.0,0.0,0.0,0.0,0.07109,0.0,0.0,0.07201,0.9993349083055295,1.0,350.0272315300009,300.0,350.0272315300009,300.0,0.0,0.0
3177,1683968460000.0,0.0,0.0,0.0,0.07109,0.0,0.0,0.07194,0.9993349083055295,1.0,350.0272315300009,300.0,350.0272315300009,300.0,0.0,0.0
3178,1683972060000.0,0.0,0.0,0.0,0.07109,0.0,0.0,0.07216,0.9993349083055295,1.0,350.0272315300009,300.0,350.0272315300009,300.0,0.0,0.0
3179,1683975660000.0,0.0,0.0,0.0,0.07109,0.0,0.0,0.072,0.9993349083055295,1.0,350.0272315300009,300.0,350.0272315300009,300.0,0.0,0.0
3180,1683979260000.0,0.0,0.0,0.0,0.07109,0.0,0.0,0.07187,0.9993349083055295,1.0,350.0272315300009,300.0,350.0272315300009,300.0,0.0,0.0
3181,1683982860000.0,0.0,0.0,245.0,0.07156,0.0,0.0,0.07172,0.9993349083055295,1.0,350.0096993300009,300.0,350.0488993300009,300.0,0.05009061187035863,0.0
3182,1683986460000.0,0.0,0.0,245.0,0.07156,0.0,0.0,0.07169,0.9993349083055295,1.0,350.0096993300009,300.0,350.0415493300009,300.0,0.05009061187035863,0.0
3183,1683990060000.0,0.0,0.0,245.0,0.07156,0.0,0.0,0.07138,0.9993349083055295,1.0,350.0096993300009,300.0,349.9655993300009,300.0,0.05009061187035863,0.0
3184,1683993660000.0,0.0,0.0,245.0,0.07156,0.0,0.0,0.07157,0.9993349083055295,1.0,350.0096993300009,300.0,350.0121493300009,300.0,0.05009061187035863,0.0
3185,1683997260000.0,0.0,0.0,245.0,0.07156,0.0,0.0,0.07175,0.9993349083055295,1.0,350.0096993300009,300.0,350.0562493300009,300.0,0.05009061187035863,0.0
3186,1684000860000.0,0.0,0.0,245.0,0.07156,0.0,0.0,0.07171,0.9993349083055295,1.0,350.0096993300009,300.0,350.0464493300009,300.0,0.05009061187035863,0.0
3187,1684004460000.0,0.0,0.0,245.0,0.07156,0.0,0.0,0.07162,0.9993349083055295,1.0,350.0096993300009,300.0,350.0243993300009,300.0,0.05009061187035863,0.0
3188,1684008060000.0,0.0,0.0,245.0,0.07156,0.0,0.0,0.0718,0.9993349083055295,1.0,350.0096993300009,300.0,350.0684993300009,300.0,0.05009061187035863,0.0
3189,1684011660000.0,0.0,0.0,245.0,0.07156,0.0,0.0,0.07199,0.9993349083055295,1.0,350.0096993300009,300.0,350.1150493300009,300.0,0.05009061187035863,0.0
3190,1684015260000.0,0.0,0.0,245.0,0.07156,0.0,0.0,0.07185,0.9993349083055295,1.0,350.0096993300009,300.0,350.0807493300009,300.0,0.05009061187035863,0.0
3191,1684018860000.0,0.0,0.0,245.0,0.07156,0.0,0.0,0.07196,0.9993349083055295,1.0,350.0096993300009,300.0,350.1076993300009,300.0,0.05009061187035863,0.0
3192,1684022460000.0,0.0,0.0,245.0,0.07156,0.0,0.0,0.07172,0.9993349083055295,1.0,350.0096993300009,300.0,350.0488993300009,300.0,0.05009061187035863,0.0
3193,1684026060000.0,0.0,0.0,245.0,0.07156,0.0,0.0,0.0716,0.9993349083055295,1.0,350.0096993300009,300.0,350.0194993300009,300.0,0.05009061187035863,0.0
3194,1684029660000.0,0.0,0.0,245.0,0.07156,0.0,0.0,0.07142,0.9993349083055295,1.0,350.0096993300009,300.0,349.9753993300009,300.0,0.05009061187035863,0.0
3195,1684033260000.0,0.0,0.0,245.0,0.07156,0.0,0.0,0.07174,0.9993349083055295,1.0,350.0096993300009,300.0,350.0537993300009,300.0,0.05009061187035863,0.0
3196,1684036860000.0,0.0,0.0,245.0,0.07156,0.0,0.0,0.07184,0.9993349083055295,1.0,350.0096993300009,300.0,350.0782993300009,300.0,0.05009061187035863,0.0
3197,1684040460000.0,0.0,0.0,245.0,0.07156,0.0,0.0,0.07208,0.9993349083055295,1.0,350.0096993300009,300.0,350.1370993300009,300.0,0.05009061187035863,0.0
3198,1684044060000.0,0.0,0.0,245.0,0.07156,0.0,0.0,0.07198,0.9993349083055295,1.0,350.0096993300009,300.0,350.1125993300009,300.0,0.05009061187035863,0.0
3199,1684047660000.0,0.0,0.0,245.0,0.07156,0.0,0.0,0.07203,0.9993349083055295,1.0,350.0096993300009,300.0,350.12484933000087,300.0,0.05009061187035863,0.0
3200,1684051260000.0,0.0,0.0,245.0,0.07156,0.0,0.0,0.07209,0.9993349083055295,1.0,350.0096993300009,300.0,350.1395493300009,300.0,0.05009061187035863,0.0
3201,1684054860000.0,0.0,0.0,245.0,0.07156,0.0,0.0,0.07208,0.9993349083055295,1.0,350.0096993300009,300.0,350.1370993300009,300.0,0.05009061187035863,0.0
3202,1684058460000.0,0.0,0.0,245.0,0.07156,0.0,0.0,0.07195,0.9993349083055295,1.0,350.0096993300009,300.0,350.1052493300009,300.0,0.05009061187035863,0.0
3203,1684062060000.0,0.0,0.0,245.0,0.07156,0.0,0.0,0.07205,0.9993349083055295,1.0,350.0096993300009,300.0,350.1297493300009,300.0,0.05009061187035863,0.0
3204,1684065660000.0,0.0,0.0,245.0,0.07156,0.0,0.0,0.07191,0.9993349083055295,1.0,350.0096993300009,300.0,350.0954493300009,300.0,0.05009061187035863,0.0
3205,1684069260000.0,0.0,0.0,245.0,0.07156,0.0,0.0,0.07218,0.9993349083055295,1.0,350.0096993300009,300.0,350.1615993300009,300.0,0.05009061187035863,0.0
3206,1684072860000.0,0.0,0.0,245.0,0.07156,0.0,0.0,0.0722,0.9993349083055295,1.0,350.0096993300009,300.0,350.1664993300009,300.0,0.05009061187035863,0.0
3207,1684076460000.0,0.0,0.0,245.0,0.07156,0.0,0.0,0.07218,0.9993349083055295,1.0,350.0096993300009,300.0,350.1615993300009,300.0,0.05009061187035863,0.0
3208,1684080060000.0,0.0,0.0,0.0,0.07156,0.0,0.0,0.07247,0.9993349083055295,1.0,350.2271319300009,300.0,350.2271319300009,300.0,0.0,0.0
3209,1684083660000.0,0.0,0.0,0.0,0.07156,0.0,0.0,0.07198,0.9993349083055295,1.0,350.2271319300009,300.0,350.2271319300009,300.0,0.0,0.0
3210,1684087260000.0,0.0,0.0,0.0,0.07156,0.0,0.0,0.0719,0.9993349083055295,1.0,350.2271319300009,300.0,350.2271319300009,300.0,0.0,0.0
3211,1684090860000.0,0.0,0.0,244.0,0.07177,0.0,0.0,0.07175,0.9993349083055295,1.0,350.2096200500009,300.0,350.2047400500009,300.0,0.05000399474320481,0.0
3212,1684094460000.0,0.0,0.0,244.0,0.07177,0.0,0.0,0.07148,0.9993349083055295,1.0,350.2096200500009,300.0,350.1388600500009,300.0,0.05000399474320481,0.0
3213,1684098060000.0,0.0,0.0,244.0,0.07177,0.0,0.0,0.0718,0.9993349083055295,1.0,350.2096200500009,300.0,350.2169400500009,300.0,0.05000399474320481,0.0
3214,1684101660000.0,0.0,0.0,244.0,0.07177,0.0,0.0,0.07177,0.9993349083055295,1.0,350.2096200500009,300.0,350.2096200500009,300.0,0.05000399474320481,0.0
3215,1684105260000.0,0.0,0.0,244.0,0.07177,0.0,0.0,0.07197,0.9993349083055295,1.0,350.2096200500009,300.0,350.25842005000095,300.0,0.05000399474320481,0.0
3216,1684108860000.0,0.0,0.0,244.0,0.07177,0.0,0.0,0.07201,0.9993349083055295,1.0,350.2096200500009,300.0,350.2681800500009,300.0,0.05000399474320481,0.0
3217,1684112460000.0,0.0,0.0,244.0,0.07177,0.0,0.0,0.07112,0.9993349083055295,1.0,350.2096200500009,300.0,350.05102005000094,300.0,0.05000399474320481,0.0
3218,1684116060000.0,0.0,0.0,0.0,0.07177,0.0,0.0,0.07284,0.9993349083055295,1.0,350.4285514900009,300.0,350.4285514900009,300.0,0.0,0.0
3219,1684119660000.0,0.0,0.0,0.0,0.07177,0.0,0.0,0.07271,0.9993349083055295,1.0,350.4285514900009,300.0,350.4285514900009,300.0,0.0,0.0
3220,1684123260000.0,0.0,0.0,0.0,0.07177,0.0,0.0,0.07267,0.9993349083055295,1.0,350.4285514900009,300.0,350.4285514900009,300.0,0.0,0.0
3221,1684126860000.0,0.0,0.0,0.0,0.07177,0.0,0.0,0.07278,0.9993349083055295,1.0,350.4285514900009,300.0,350.4285514900009,300.0,0.0,0.0
3222,1684130460000.0,0.0,0.0,0.0,0.07177,0.0,0.0,0.07287,0.9993349083055295,1.0,350.4285514900009,300.0,350.4285514900009,300.0,0.0,0.0
3223,1684134060000.0,0.0,0.0,0.0,0.07177,0.0,0.0,0.07316,0.9993349083055295,1.0,350.4285514900009,300.0,350.4285514900009,300.0,0.0,0.0
3224,1684137660000.0,0.0,0.0,0.0,0.07177,0.0,0.0,0.07312,0.9993349083055295,1.0,350.4285514900009,300.0,350.4285514900009,300.0,0.0,0.0
3225,1684141260000.0,0.0,0.0,0.0,0.07177,0.0,0.0,0.073,0.9993349083055295,1.0,350.4285514900009,300.0,350.4285514900009,300.0,0.0,0.0
3226,1684144860000.0,0.0,0.0,0.0,0.07177,0.0,0.0,0.07286,0.9993349083055295,1.0,350.4285514900009,300.0,350.4285514900009,300.0,0.0,0.0
3227,1684148460000.0,0.0,0.0,0.0,0.07177,0.0,0.0,0.07278,0.9993349083055295,1.0,350.4285514900009,300.0,350.4285514900009,300.0,0.0,0.0
3228,1684152060000.0,0.0,0.0,0.0,0.07177,0.0,0.0,0.07252,0.9993349083055295,1.0,350.4285514900009,300.0,350.4285514900009,300.0,0.0,0.0
3229,1684155660000.0,0.0,0.0,0.0,0.07177,0.0,0.0,0.07271,0.9993349083055295,1.0,350.4285514900009,300.0,350.4285514900009,300.0,0.0,0.0
3230,1684159260000.0,0.0,0.0,0.0,0.07177,0.0,0.0,0.07249,0.9993349083055295,1.0,350.4285514900009,300.0,350.4285514900009,300.0,0.0,0.0
3231,1684162860000.0,0.0,0.0,243.0,0.07225,0.0,0.0,0.07261,0.9993349083055295,1.0,350.41099474000094,300.0,350.498474740001,300.0,0.05010330801128775,0.0
3232,1684166460000.0,0.0,0.0,243.0,0.07225,0.0,0.0,0.07255,0.9993349083055295,1.0,350.41099474000094,300.0,350.48389474000095,300.0,0.05010330801128775,0.0
3233,1684170060000.0,0.0,0.0,243.0,0.07225,0.0,0.0,0.07258,0.9993349083055295,1.0,350.41099474000094,300.0,350.49118474000096,300.0,0.05010330801128775,0.0
3234,1684173660000.0,0.0,0.0,243.0,0.07225,0.0,0.0,0.07264,0.9993349083055295,1.0,350.41099474000094,300.0,350.5057647400009,300.0,0.05010330801128775,0.0
3235,1684177260000.0,0.0,0.0,243.0,0.07225,0.0,0.0,0.07241,0.9993349083055295,1.0,350.41099474000094,300.0,350.44987474000095,300.0,0.05010330801128775,0.0
3236,1684180860000.0,0.0,0.0,243.0,0.07225,0.0,0.0,0.07228,0.9993349083055295,1.0,350.41099474000094,300.0,350.41828474000096,300.0,0.05010330801128775,0.0
3237,1684184460000.0,0.0,0.0,243.0,0.07225,0.0,0.0,0.07228,0.9993349083055295,1.0,350.41099474000094,300.0,350.41828474000096,300.0,0.05010330801128775,0.0
3238,1684188060000.0,0.0,0.0,243.0,0.07225,0.0,0.0,0.07234,0.9993349083055295,1.0,350.41099474000094,300.0,350.4328647400009,300.0,0.05010330801128775,0.0
3239,1684191660000.0,0.0,0.0,243.0,0.07225,0.0,0.0,0.07224,0.9993349083055295,1.0,350.41099474000094,300.0,350.40856474000094,300.0,0.05010330801128775,0.0
3240,1684195260000.0,0.0,0.0,243.0,0.07225,0.0,0.0,0.07197,0.9993349083055295,1.0,350.41099474000094,300.0,350.34295474000095,300.0,0.05010330801128775,0.0
3241,1684198860000.0,0.0,0.0,243.0,0.07225,0.0,0.0,0.07178,0.9993349083055295,1.0,350.41099474000094,300.0,350.29678474000093,300.0,0.05010330801128775,0.0
3242,1684202460000.0,0.0,0.0,243.0,0.07225,0.0,0.0,0.07134,0.9993349083055295,1.0,350.41099474000094,300.0,350.1898647400009,300.0,0.05010330801128775,0.0
3243,1684206060000.0,0.0,0.0,243.0,0.07225,0.0,0.0,0.07161,0.9993349083055295,1.0,350.41099474000094,300.0,350.2554747400009,300.0,0.05010330801128775,0.0
3244,1684209660000.0,0.0,0.0,243.0,0.07225,0.0,0.0,0.07172,0.9993349083055295,1.0,350.41099474000094,300.0,350.28220474000096,300.0,0.05010330801128775,0.0
3245,1684213260000.0,0.0,0.0,243.0,0.07225,0.0,0.0,0.0719,0.9993349083055295,1.0,350.41099474000094,300.0,350.3259447400009,300.0,0.05010330801128775,0.0
3246,1684216860000.0,0.0,0.0,243.0,0.07225,0.0,0.0,0.07169,0.9993349083055295,1.0,350.41099474000094,300.0,350.27491474000095,300.0,0.05010330801128775,0.0
3247,1684220460000.0,0.0,0.0,243.0,0.07225,0.0,0.0,0.07197,0.9993349083055295,1.0,350.41099474000094,300.0,350.34295474000095,300.0,0.05010330801128775,0.0
3248,1684224060000.0,0.0,0.0,243.0,0.07225,0.0,0.0,0.07218,0.9993349083055295,1.0,350.41099474000094,300.0,350.3939847400009,300.0,0.05010330801128775,0.0
3249,1684227660000.0,0.0,0.0,243.0,0.07225,0.0,0.0,0.07225,0.9993349083055295,1.0,350.41099474000094,300.0,350.41099474000094,300.0,0.05010330801128775,0.0
3250,1684231260000.0,0.0,0.0,243.0,0.07225,0.0,0.0,0.07216,0.9993349083055295,1.0,350.41099474000094,300.0,350.38912474000097,300.0,0.05010330801128775,0.0
3251,1684234860000.0,0.0,0.0,243.0,0.07225,0.0,0.0,0.07194,0.9993349083055295,1.0,350.41099474000094,300.0,350.33566474000094,300.0,0.05010330801128775,0.0
3252,1684238460000.0,0.0,0.0,243.0,0.07225,0.0,0.0,0.07203,0.9993349083055295,1.0,350.41099474000094,300.0,350.357534740001,300.0,0.05010330801128775,0.0
3253,1684242060000.0,0.0,0.0,243.0,0.07225,0.0,0.0,0.07213,0.9993349083055295,1.0,350.41099474000094,300.0,350.38183474000095,300.0,0.05010330801128775,0.0
3254,1684245660000.0,0.0,0.0,243.0,0.07225,0.0,0.0,0.07188,0.9993349083055295,1.0,350.41099474000094,300.0,350.32108474000097,300.0,0.05010330801128775,0.0
3255,1684249260000.0,0.0,0.0,243.0,0.07225,0.0,0.0,0.07199,0.9993349083055295,1.0,350.41099474000094,300.0,350.34781474000096,300.0,0.05010330801128775,0.0
3256,1684252860000.0,0.0,0.0,243.0,0.07225,0.0,0.0,0.07204,0.9993349083055295,1.0,350.41099474000094,300.0,350.359964740001,300.0,0.05010330801128775,0.0
3257,1684256460000.0,0.0,0.0,243.0,0.07225,0.0,0.0,0.07226,0.9993349083055295,1.0,350.41099474000094,300.0,350.41342474000095,300.0,0.05010330801128775,0.0
3258,1684260060000.0,0.0,0.0,243.0,0.07225,0.0,0.0,0.07228,0.9993349083055295,1.0,350.41099474000094,300.0,350.41828474000096,300.0,0.05010330801128775,0.0
3259,1684263660000.0,0.0,0.0,243.0,0.07225,0.0,0.0,0.07226,0.9993349083055295,1.0,350.41099474000094,300.0,350.41342474000095,300.0,0.05010330801128775,0.0
3260,1684267260000.0,0.0,0.0,243.0,0.07225,0.0,0.0,0.07187,0.9993349083055295,1.0,350.41099474000094,300.0,350.31865474000097,300.0,0.05010330801128775,0.0
3261,1684270860000.0,0.0,0.0,243.0,0.07225,0.0,0.0,0.07217,0.9993349083055295,1.0,350.41099474000094,300.0,350.39155474000097,300.0,0.05010330801128775,0.0
3262,1684274460000.0,0.0,0.0,0.0,0.07225,0.0,0.0,0.07297,0.9993349083055295,1.0,350.6289122800009,300.0,350.6289122800009,300.0,0.0,0.0
3263,1684278060000.0,0.0,0.0,0.0,0.07225,0.0,0.0,0.07257,0.9993349083055295,1.0,350.6289122800009,300.0,350.6289122800009,300.0,0.0,0.0
3264,1684281660000.0,0.0,0.0,0.0,0.07225,0.0,0.0,0.07279,0.9993349083055295,1.0,350.6289122800009,300.0,350.6289122800009,300.0,0.0,0.0
3265,1684285260000.0,0.0,0.0,0.0,0.07225,0.0,0.0,0.07289,0.9993349083055295,1.0,350.6289122800009,300.0,350.6289122800009,300.0,0.0,0.0
3266,1684288860000.0,0.0,0.0,0.0,0.07225,0.0,0.0,0.07351,0.9993349083055295,1.0,350.6289122800009,300.0,350.6289122800009,300.0,0.0,0.0
3267,1684292460000.0,0.0,0.0,0.0,0.07225,0.0,0.0,0.07313,0.9993349083055295,1.0,350.6289122800009,300.0,350.6289122800009,300.0,0.0,0.0
3268,1684296060000.0,0.0,0.0,0.0,0.07225,0.0,0.0,0.07322,0.9993349083055295,1.0,350.6289122800009,300.0,350.6289122800009,300.0,0.0,0.0
3269,1684299660000.0,0.0,0.0,0.0,0.07225,0.0,0.0,0.07307,0.9993349083055295,1.0,350.6289122800009,300.0,350.6289122800009,300.0,0.0,0.0
3270,1684303260000.0,0.0,0.0,0.0,0.07225,0.0,0.0,0.0726,0.9993349083055295,1.0,350.6289122800009,300.0,350.6289122800009,300.0,0.0,0.0
3271,1684306860000.0,0.0,0.0,0.0,0.07225,0.0,0.0,0.07272,0.9993349083055295,1.0,350.6289122800009,300.0,350.6289122800009,300.0,0.0,0.0
3272,1684310460000.0,0.0,0.0,0.0,0.07225,0.0,0.0,0.07247,0.9993349083055295,1.0,350.6289122800009,300.0,350.6289122800009,300.0,0.0,0.0
3273,1684314060000.0,0.0,0.0,242.0,0.07236,0.0,0.0,0.07267,0.9993349083055295,1.0,350.6114011600009,300.0,350.6864211600009,300.0,0.04994452531225255,0.0
3274,1684317660000.0,0.0,0.0,0.0,0.07236,0.0,0.0,0.0737,0.9993349083055295,1.0,350.8283953000009,300.0,350.8283953000009,300.0,0.0,0.0
3275,1684321260000.0,0.0,0.0,0.0,0.07236,0.0,0.0,0.07322,0.9993349083055295,1.0,350.8283953000009,300.0,350.8283953000009,300.0,0.0,0.0
3276,1684324860000.0,0.0,0.0,0.0,0.07236,0.0,0.0,0.07286,0.9993349083055295,1.0,350.8283953000009,300.0,350.8283953000009,300.0,0.0,0.0
3277,1684328460000.0,0.0,0.0,0.0,0.07236,0.0,0.0,0.07326,0.9993349083055295,1.0,350.8283953000009,300.0,350.8283953000009,300.0,0.0,0.0
3278,1684332060000.0,0.0,0.0,0.0,0.07236,0.0,0.0,0.07301,0.9993349083055295,1.0,350.8283953000009,300.0,350.8283953000009,300.0,0.0,0.0
3279,1684335660000.0,0.0,0.0,0.0,0.07236,0.0,0.0,0.0739,0.9993349083055295,1.0,350.8283953000009,300.0,350.8283953000009,300.0,0.0,0.0
3280,1684339260000.0,0.0,0.0,0.0,0.07236,0.0,0.0,0.07316,0.9993349083055295,1.0,350.8283953000009,300.0,350.8283953000009,300.0,0.0,0.0
3281,1684342860000.0,0.0,0.0,0.0,0.07236,0.0,0.0,0.07416,0.9993349083055295,1.0,350.8283953000009,300.0,350.8283953000009,300.0,0.0,0.0
3282,1684346460000.0,0.0,0.0,0.0,0.07236,0.0,0.0,0.07433,0.9993349083055295,1.0,350.8283953000009,300.0,350.8283953000009,300.0,0.0,0.0
3283,1684350060000.0,0.0,0.0,0.0,0.07236,0.0,0.0,0.07512,0.9993349083055295,1.0,350.8283953000009,300.0,350.8283953000009,300.0,0.0,0.0
3284,1684353660000.0,0.0,0.0,0.0,0.07236,0.0,0.0,0.07495,0.9993349083055295,1.0,350.8283953000009,300.0,350.8283953000009,300.0,0.0,0.0
3285,1684357260000.0,0.0,0.0,0.0,0.07236,0.0,0.0,0.07515,0.9993349083055295,1.0,350.8283953000009,300.0,350.8283953000009,300.0,0.0,0.0
3286,1684360860000.0,0.0,0.0,0.0,0.07236,0.0,0.0,0.07499,0.9993349083055295,1.0,350.8283953000009,300.0,350.8283953000009,300.0,0.0,0.0
3287,1684364460000.0,0.0,0.0,0.0,0.07236,0.0,0.0,0.07491,0.9993349083055295,1.0,350.8283953000009,300.0,350.8283953000009,300.0,0.0,0.0
3288,1684368060000.0,0.0,0.0,0.0,0.07236,0.0,0.0,0.07471,0.9993349083055295,1.0,350.8283953000009,300.0,350.8283953000009,300.0,0.0,0.0
3289,1684371660000.0,0.0,0.0,0.0,0.07236,0.0,0.0,0.07466,0.9993349083055295,1.0,350.8283953000009,300.0,350.8283953000009,300.0,0.0,0.0
3290,1684375260000.0,0.0,0.0,0.0,0.07236,0.0,0.0,0.07462,0.9993349083055295,1.0,350.8283953000009,300.0,350.8283953000009,300.0,0.0,0.0
3291,1684378860000.0,0.0,0.0,0.0,0.07236,0.0,0.0,0.07471,0.9993349083055295,1.0,350.8283953000009,300.0,350.8283953000009,300.0,0.0,0.0
3292,1684382460000.0,0.0,0.0,0.0,0.07236,0.0,0.0,0.07453,0.9993349083055295,1.0,350.8283953000009,300.0,350.8283953000009,300.0,0.0,0.0
3293,1684386060000.0,0.0,0.0,0.0,0.07236,0.0,0.0,0.07421,0.9993349083055295,1.0,350.8283953000009,300.0,350.8283953000009,300.0,0.0,0.0
3294,1684389660000.0,0.0,0.0,0.0,0.07236,0.0,0.0,0.07416,0.9993349083055295,1.0,350.8283953000009,300.0,350.8283953000009,300.0,0.0,0.0
3295,1684393260000.0,0.0,0.0,237.0,0.07388,0.0,0.0,0.07375,0.9993349083055295,1.0,350.8108857400009,300.0,350.78007574000094,300.0,0.04991167809136057,0.0
3296,1684396860000.0,0.0,0.0,237.0,0.07388,0.0,0.0,0.07414,0.9993349083055295,1.0,350.8108857400009,300.0,350.8725057400009,300.0,0.04991167809136057,0.0
3297,1684400460000.0,0.0,0.0,237.0,0.07388,0.0,0.0,0.07398,0.9993349083055295,1.0,350.8108857400009,300.0,350.83458574000093,300.0,0.04991167809136057,0.0
3298,1684404060000.0,0.0,0.0,237.0,0.07388,0.0,0.0,0.07403,0.9993349083055295,1.0,350.8108857400009,300.0,350.8464357400009,300.0,0.04991167809136057,0.0
3299,1684407660000.0,0.0,0.0,237.0,0.07388,0.0,0.0,0.0742,0.9993349083055295,1.0,350.8108857400009,300.0,350.88672574000094,300.0,0.04991167809136057,0.0
3300,1684411260000.0,0.0,0.0,237.0,0.07388,0.0,0.0,0.07436,0.9993349083055295,1.0,350.8108857400009,300.0,350.9246457400009,300.0,0.04991167809136057,0.0
3301,1684414860000.0,0.0,0.0,237.0,0.07388,0.0,0.0,0.07397,0.9993349083055295,1.0,350.8108857400009,300.0,350.8322157400009,300.0,0.04991167809136057,0.0
3302,1684418460000.0,0.0,0.0,237.0,0.07388,0.0,0.0,0.07416,0.9993349083055295,1.0,350.8108857400009,300.0,350.8772457400009,300.0,0.04991167809136057,0.0
3303,1684422060000.0,0.0,0.0,237.0,0.07388,0.0,0.0,0.07399,0.9993349083055295,1.0,350.8108857400009,300.0,350.8369557400009,300.0,0.04991167809136057,0.0
3304,1684425660000.0,0.0,0.0,237.0,0.07388,0.0,0.0,0.07366,0.9993349083055295,1.0,350.8108857400009,300.0,350.7587457400009,300.0,0.04991167809136057,0.0
3305,1684429260000.0,0.0,0.0,237.0,0.07388,0.0,0.0,0.07402,0.9993349083055295,1.0,350.8108857400009,300.0,350.84406574000093,300.0,0.04991167809136057,0.0
3306,1684432860000.0,0.0,0.0,237.0,0.07388,0.0,0.0,0.07254,0.9993349083055295,1.0,350.8108857400009,300.0,350.4933057400009,300.0,0.04991167809136057,0.0
3307,1684436460000.0,0.0,0.0,237.0,0.07388,0.0,0.0,0.07189,0.9993349083055295,1.0,350.8108857400009,300.0,350.3392557400009,300.0,0.04991167809136057,0.0
3308,1684440060000.0,0.0,0.0,237.0,0.07388,0.0,0.0,0.07249,0.9993349083055295,1.0,350.8108857400009,300.0,350.4814557400009,300.0,0.04991167809136057,0.0
3309,1684443660000.0,0.0,0.0,237.0,0.07388,0.0,0.0,0.07253,0.9993349083055295,1.0,350.8108857400009,300.0,350.4909357400009,300.0,0.04991167809136057,0.0
3310,1684447260000.0,0.0,0.0,237.0,0.07388,0.0,0.0,0.0737,0.9993349083055295,1.0,350.8108857400009,300.0,350.7682257400009,300.0,0.04991167809136057,0.0
3311,1684450860000.0,0.0,0.0,0.0,0.07388,0.0,0.0,0.07389,0.9993349083055295,1.0,351.0277715500009,300.0,351.0277715500009,300.0,0.0,0.0
3312,1684454460000.0,0.0,0.0,0.0,0.07388,0.0,0.0,0.07352,0.9993349083055295,1.0,351.0277715500009,300.0,351.0277715500009,300.0,0.0,0.0
3313,1684458060000.0,0.0,0.0,240.0,0.07322,0.0,0.0,0.07352,0.9993349083055295,1.0,351.01019875000094,300.0,351.08219875000094,300.0,0.05006350260641807,0.0
3314,1684461660000.0,0.0,0.0,240.0,0.07322,0.0,0.0,0.07327,0.9993349083055295,1.0,351.01019875000094,300.0,351.02219875000094,300.0,0.05006350260641807,0.0
3315,1684465260000.0,0.0,0.0,240.0,0.07322,0.0,0.0,0.07335,0.9993349083055295,1.0,351.01019875000094,300.0,351.04139875000095,300.0,0.05006350260641807,0.0
3316,1684468860000.0,0.0,0.0,240.0,0.07322,0.0,0.0,0.07362,0.9993349083055295,1.0,351.01019875000094,300.0,351.10619875000094,300.0,0.05006350260641807,0.0
3317,1684472460000.0,0.0,0.0,240.0,0.07322,0.0,0.0,0.07395,0.9993349083055295,1.0,351.01019875000094,300.0,351.18539875000096,300.0,0.05006350260641807,0.0
3318,1684476060000.0,0.0,0.0,240.0,0.07322,0.0,0.0,0.07367,0.9993349083055295,1.0,351.01019875000094,300.0,351.11819875000094,300.0,0.05006350260641807,0.0
3319,1684479660000.0,0.0,0.0,240.0,0.07322,0.0,0.0,0.07357,0.9993349083055295,1.0,351.01019875000094,300.0,351.09419875000094,300.0,0.05006350260641807,0.0
3320,1684483260000.0,0.0,0.0,240.0,0.07322,0.0,0.0,0.0737,0.9993349083055295,1.0,351.01019875000094,300.0,351.12539875000095,300.0,0.05006350260641807,0.0
3321,1684486860000.0,0.0,0.0,240.0,0.07322,0.0,0.0,0.07363,0.9993349083055295,1.0,351.01019875000094,300.0,351.10859875000097,300.0,0.05006350260641807,0.0
3322,1684490460000.0,0.0,0.0,240.0,0.07322,0.0,0.0,0.07353,0.9993349083055295,1.0,351.01019875000094,300.0,351.08459875000096,300.0,0.05006350260641807,0.0
3323,1684494060000.0,0.0,0.0,240.0,0.07322,0.0,0.0,0.07354,0.9993349083055295,1.0,351.01019875000094,300.0,351.08699875000093,300.0,0.05006350260641807,0.0
3324,1684497660000.0,0.0,0.0,240.0,0.07322,0.0,0.0,0.07343,0.9993349083055295,1.0,351.01019875000094,300.0,351.06059875000096,300.0,0.05006350260641807,0.0
3325,1684501260000.0,0.0,0.0,240.0,0.07322,0.0,0.0,0.07364,0.9993349083055295,1.0,351.01019875000094,300.0,351.11099875000093,300.0,0.05006350260641807,0.0
3326,1684504860000.0,0.0,0.0,240.0,0.07322,0.0,0.0,0.07326,0.9993349083055295,1.0,351.01019875000094,300.0,351.0197987500009,300.0,0.05006350260641807,0.0
3327,1684508460000.0,0.0,0.0,240.0,0.07322,0.0,0.0,0.07347,0.9993349083055295,1.0,351.01019875000094,300.0,351.07019875000094,300.0,0.05006350260641807,0.0
3328,1684512060000.0,0.0,0.0,240.0,0.07322,0.0,0.0,0.07356,0.9993349083055295,1.0,351.01019875000094,300.0,351.0917987500009,300.0,0.05006350260641807,0.0
3329,1684515660000.0,0.0,0.0,240.0,0.07322,0.0,0.0,0.07356,0.9993349083055295,1.0,351.01019875000094,300.0,351.0917987500009,300.0,0.05006350260641807,0.0
3330,1684519260000.0,0.0,0.0,240.0,0.07322,0.0,0.0,0.07376,0.9993349083055295,1.0,351.01019875000094,300.0,351.1397987500009,300.0,0.05006350260641807,0.0
3331,1684522860000.0,0.0,0.0,240.0,0.07322,0.0,0.0,0.07366,0.9993349083055295,1.0,351.01019875000094,300.0,351.1157987500009,300.0,0.05006350260641807,0.0
3332,1684526460000.0,0.0,0.0,240.0,0.07322,0.0,0.0,0.07358,0.9993349083055295,1.0,351.01019875000094,300.0,351.09659875000096,300.0,0.05006350260641807,0.0
3333,1684530060000.0,0.0,0.0,240.0,0.07322,0.0,0.0,0.07351,0.9993349083055295,1.0,351.01019875000094,300.0,351.0797987500009,300.0,0.05006350260641807,0.0
3334,1684533660000.0,0.0,0.0,240.0,0.07322,0.0,0.0,0.07347,0.9993349083055295,1.0,351.01019875000094,300.0,351.07019875000094,300.0,0.05006350260641807,0.0
3335,1684537260000.0,0.0,0.0,240.0,0.07322,0.0,0.0,0.07363,0.9993349083055295,1.0,351.01019875000094,300.0,351.10859875000097,300.0,0.05006350260641807,0.0
3336,1684540860000.0,0.0,0.0,240.0,0.07322,0.0,0.0,0.07348,0.9993349083055295,1.0,351.01019875000094,300.0,351.07259875000096,300.0,0.05006350260641807,0.0
3337,1684544460000.0,0.0,0.0,240.0,0.07322,0.0,0.0,0.07316,0.9993349083055295,1.0,351.01019875000094,300.0,350.9957987500009,300.0,0.05006350260641807,0.0
3338,1684548060000.0,0.0,0.0,240.0,0.07322,0.0,0.0,0.07336,0.9993349083055295,1.0,351.01019875000094,300.0,351.0437987500009,300.0,0.05006350260641807,0.0
3339,1684551660000.0,0.0,0.0,240.0,0.07322,0.0,0.0,0.07327,0.9993349083055295,1.0,351.01019875000094,300.0,351.02219875000094,300.0,0.05006350260641807,0.0
3340,1684555260000.0,0.0,0.0,240.0,0.07322,0.0,0.0,0.07337,0.9993349083055295,1.0,351.01019875000094,300.0,351.04619875000094,300.0,0.05006350260641807,0.0
3341,1684558860000.0,0.0,0.0,240.0,0.07322,0.0,0.0,0.07336,0.9993349083055295,1.0,351.01019875000094,300.0,351.0437987500009,300.0,0.05006350260641807,0.0
3342,1684562460000.0,0.0,0.0,240.0,0.07322,0.0,0.0,0.0733,0.9993349083055295,1.0,351.01019875000094,300.0,351.02939875000095,300.0,0.05006350260641807,0.0
3343,1684566060000.0,0.0,0.0,240.0,0.07322,0.0,0.0,0.07334,0.9993349083055295,1.0,351.01019875000094,300.0,351.0389987500009,300.0,0.05006350260641807,0.0
3344,1684569660000.0,0.0,0.0,240.0,0.07322,0.0,0.0,0.07335,0.9993349083055295,1.0,351.01019875000094,300.0,351.04139875000095,300.0,0.05006350260641807,0.0
3345,1684573260000.0,0.0,0.0,240.0,0.07322,0.0,0.0,0.0734,0.9993349083055295,1.0,351.01019875000094,300.0,351.05339875000095,300.0,0.05006350260641807,0.0
3346,1684576860000.0,0.0,0.0,240.0,0.07322,0.0,0.0,0.07338,0.9993349083055295,1.0,351.01019875000094,300.0,351.04859875000096,300.0,0.05006350260641807,0.0
3347,1684580460000.0,0.0,0.0,240.0,0.07322,0.0,0.0,0.0732,0.9993349083055295,1.0,351.01019875000094,300.0,351.00539875000095,300.0,0.05006350260641807,0.0
3348,1684584060000.0,0.0,0.0,240.0,0.07322,0.0,0.0,0.07321,0.9993349083055295,1.0,351.01019875000094,300.0,351.0077987500009,300.0,0.05006350260641807,0.0
3349,1684587660000.0,0.0,0.0,240.0,0.07322,0.0,0.0,0.07323,0.9993349083055295,1.0,351.01019875000094,300.0,351.01259875000096,300.0,0.05006350260641807,0.0
3350,1684591260000.0,0.0,0.0,240.0,0.07322,0.0,0.0,0.07331,0.9993349083055295,1.0,351.01019875000094,300.0,351.0317987500009,300.0,0.05006350260641807,0.0
3351,1684594860000.0,0.0,0.0,240.0,0.07322,0.0,0.0,0.0733,0.9993349083055295,1.0,351.01019875000094,300.0,351.02939875000095,300.0,0.05006350260641807,0.0
3352,1684598460000.0,0.0,0.0,240.0,0.07322,0.0,0.0,0.07341,0.9993349083055295,1.0,351.01019875000094,300.0,351.0557987500009,300.0,0.05006350260641807,0.0
3353,1684602060000.0,0.0,0.0,240.0,0.07322,0.0,0.0,0.0734,0.9993349083055295,1.0,351.01019875000094,300.0,351.05339875000095,300.0,0.05006350260641807,0.0
3354,1684605660000.0,0.0,0.0,240.0,0.07322,0.0,0.0,0.07375,0.9993349083055295,1.0,351.01019875000094,300.0,351.13739875000095,300.0,0.05006350260641807,0.0
3355,1684609260000.0,0.0,0.0,240.0,0.07322,0.0,0.0,0.07347,0.9993349083055295,1.0,351.01019875000094,300.0,351.07019875000094,300.0,0.05006350260641807,0.0
3356,1684612860000.0,0.0,0.0,240.0,0.07322,0.0,0.0,0.07365,0.9993349083055295,1.0,351.01019875000094,300.0,351.11339875000095,300.0,0.05006350260641807,0.0
3357,1684616460000.0,0.0,0.0,240.0,0.07322,0.0,0.0,0.07358,0.9993349083055295,1.0,351.01019875000094,300.0,351.09659875000096,300.0,0.05006350260641807,0.0
3358,1684620060000.0,0.0,0.0,240.0,0.07322,0.0,0.0,0.07358,0.9993349083055295,1.0,351.01019875000094,300.0,351.09659875000096,300.0,0.05006350260641807,0.0
3359,1684623660000.0,0.0,0.0,240.0,0.07322,0.0,0.0,0.0736,0.9993349083055295,1.0,351.01019875000094,300.0,351.10139875000095,300.0,0.05006350260641807,0.0
3360,1684627260000.0,0.0,0.0,240.0,0.07322,0.0,0.0,0.07363,0.9993349083055295,1.0,351.01019875000094,300.0,351.10859875000097,300.0,0.05006350260641807,0.0
3361,1684630860000.0,0.0,0.0,240.0,0.07322,0.0,0.0,0.07388,0.9993349083055295,1.0,351.01019875000094,300.0,351.16859875000097,300.0,0.05006350260641807,0.0
3362,1684634460000.0,0.0,0.0,240.0,0.07322,0.0,0.0,0.07371,0.9993349083055295,1.0,351.01019875000094,300.0,351.1277987500009,300.0,0.05006350260641807,0.0
3363,1684638060000.0,0.0,0.0,240.0,0.07322,0.0,0.0,0.07376,0.9993349083055295,1.0,351.01019875000094,300.0,351.1397987500009,300.0,0.05006350260641807,0.0
3364,1684641660000.0,0.0,0.0,240.0,0.07322,0.0,0.0,0.07374,0.9993349083055295,1.0,351.01019875000094,300.0,351.13499875000093,300.0,0.05006350260641807,0.0
3365,1684645260000.0,0.0,0.0,240.0,0.07322,0.0,0.0,0.07377,0.9993349083055295,1.0,351.01019875000094,300.0,351.14219875000094,300.0,0.05006350260641807,0.0
3366,1684648860000.0,0.0,0.0,240.0,0.07322,0.0,0.0,0.07383,0.9993349083055295,1.0,351.01019875000094,300.0,351.15659875000097,300.0,0.05006350260641807,0.0
3367,1684652460000.0,0.0,0.0,240.0,0.07322,0.0,0.0,0.07374,0.9993349083055295,1.0,351.01019875000094,300.0,351.13499875000093,300.0,0.05006350260641807,0.0
3368,1684656060000.0,0.0,0.0,240.0,0.07322,0.0,0.0,0.07357,0.9993349083055295,1.0,351.01019875000094,300.0,351.09419875000094,300.0,0.05006350260641807,0.0
3369,1684659660000.0,0.0,0.0,240.0,0.07322,0.0,0.0,0.07358,0.9993349083055295,1.0,351.01019875000094,300.0,351.09659875000096,300.0,0.05006350260641807,0.0
3370,1684663260000.0,0.0,0.0,240.0,0.07322,0.0,0.0,0.07376,0.9993349083055295,1.0,351.01019875000094,300.0,351.1397987500009,300.0,0.05006350260641807,0.0
3371,1684666860000.0,0.0,0.0,240.0,0.07322,0.0,0.0,0.07336,0.9993349083055295,1.0,351.01019875000094,300.0,351.0437987500009,300.0,0.05006350260641807,0.0
3372,1684670460000.0,0.0,0.0,240.0,0.07322,0.0,0.0,0.07319,0.9993349083055295,1.0,351.01019875000094,300.0,351.0029987500009,300.0,0.05006350260641807,0.0
3373,1684674060000.0,0.0,0.0,240.0,0.07322,0.0,0.0,0.07323,0.9993349083055295,1.0,351.01019875000094,300.0,351.01259875000096,300.0,0.05006350260641807,0.0
3374,1684677660000.0,0.0,0.0,240.0,0.07322,0.0,0.0,0.0733,0.9993349083055295,1.0,351.01019875000094,300.0,351.02939875000095,300.0,0.05006350260641807,0.0
3375,1684681260000.0,0.0,0.0,240.0,0.07322,0.0,0.0,0.07326,0.9993349083055295,1.0,351.01019875000094,300.0,351.0197987500009,300.0,0.05006350260641807,0.0
3376,1684684860000.0,0.0,0.0,240.0,0.07322,0.0,0.0,0.07224,0.9993349083055295,1.0,351.01019875000094,300.0,350.7749987500009,300.0,0.05006350260641807,0.0
3377,1684688460000.0,0.0,0.0,240.0,0.07322,0.0,0.0,0.07225,0.9993349083055295,1.0,351.01019875000094,300.0,350.77739875000094,300.0,0.05006350260641807,0.0
3378,1684692060000.0,0.0,0.0,240.0,0.07322,0.0,0.0,0.07226,0.9993349083055295,1.0,351.01019875000094,300.0,350.77979875000096,300.0,0.05006350260641807,0.0
3379,1684695660000.0,0.0,0.0,240.0,0.07322,0.0,0.0,0.07229,0.9993349083055295,1.0,351.01019875000094,300.0,350.7869987500009,300.0,0.05006350260641807,0.0
3380,1684699260000.0,0.0,0.0,240.0,0.07322,0.0,0.0,0.07237,0.9993349083055295,1.0,351.01019875000094,300.0,350.80619875000093,300.0,0.05006350260641807,0.0
3381,1684702860000.0,0.0,0.0,240.0,0.07322,0.0,0.0,0.07206,0.9993349083055295,1.0,351.01019875000094,300.0,350.73179875000096,300.0,0.05006350260641807,0.0
3382,1684706460000.0,0.0,0.0,240.0,0.07322,0.0,0.0,0.07225,0.9993349083055295,1.0,351.01019875000094,300.0,350.77739875000094,300.0,0.05006350260641807,0.0
3383,1684710060000.0,0.0,0.0,240.0,0.07322,0.0,0.0,0.07224,0.9993349083055295,1.0,351.01019875000094,300.0,350.7749987500009,300.0,0.05006350260641807,0.0
3384,1684713660000.0,0.0,0.0,240.0,0.07322,0.0,0.0,0.07218,0.9993349083055295,1.0,351.01019875000094,300.0,350.76059875000095,300.0,0.05006350260641807,0.0
3385,1684717260000.0,0.0,0.0,513.0,0.07195345029239766,0.0,0.0,0.07117,0.9993349083055295,1.0,350.99085943000097,300.0,350.588949430001,300.0,0.10516547371046704,0.0
3386,1684720860000.0,0.0,0.0,513.0,0.07195345029239766,0.0,0.0,0.07109,0.9993349083055295,1.0,350.99085943000097,300.0,350.54790943000097,300.0,0.10516547371046704,0.0
3387,1684724460000.0,0.0,0.0,513.0,0.07195345029239766,0.0,0.0,0.07165,0.9993349083055295,1.0,350.99085943000097,300.0,350.835189430001,300.0,0.10516547371046704,0.0
3388,1684728060000.0,0.0,0.0,513.0,0.07195345029239766,0.0,0.0,0.07148,0.9993349083055295,1.0,350.99085943000097,300.0,350.74797943000095,300.0,0.10516547371046704,0.0
3389,1684731660000.0,0.0,0.0,513.0,0.07195345029239766,0.0,0.0,0.07163,0.9993349083055295,1.0,350.99085943000097,300.0,350.82492943000096,300.0,0.10516547371046704,0.0
3390,1684735260000.0,0.0,0.0,513.0,0.07195345029239766,0.0,0.0,0.07154,0.9993349083055295,1.0,350.99085943000097,300.0,350.77875943000095,300.0,0.10516547371046704,0.0
3391,1684738860000.0,0.0,0.0,513.0,0.07195345029239766,0.0,0.0,0.0718,0.9993349083055295,1.0,350.99085943000097,300.0,350.912139430001,300.0,0.10516547371046704,0.0
3392,1684742460000.0,0.0,0.0,513.0,0.07195345029239766,0.0,0.0,0.07173,0.9993349083055295,1.0,350.99085943000097,300.0,350.876229430001,300.0,0.10516547371046704,0.0
3393,1684746060000.0,0.0,0.0,513.0,0.07195345029239766,0.0,0.0,0.07196,0.9993349083055295,1.0,350.99085943000097,300.0,350.99421943000095,300.0,0.10516547371046704,0.0
3394,1684749660000.0,0.0,0.0,0.0,0.07195345029239766,0.0,0.0,0.07291,0.9993349083055295,1.0,351.44929147000096,300.0,351.44929147000096,300.0,0.0,0.0
3395,1684753260000.0,0.0,0.0,0.0,0.07195345029239766,0.0,0.0,0.0734,0.9993349083055295,1.0,351.44929147000096,300.0,351.44929147000096,300.0,0.0,0.0
3396,1684756860000.0,0.0,0.0,0.0,0.07195345029239766,0.0,0.0,0.07309,0.9993349083055295,1.0,351.44929147000096,300.0,351.44929147000096,300.0,0.0,0.0
3397,1684760460000.0,0.0,0.0,0.0,0.07195345029239766,0.0,0.0,0.07288,0.9993349083055295,1.0,351.44929147000096,300.0,351.44929147000096,300.0,0.0,0.0
3398,1684764060000.0,0.0,0.0,0.0,0.07195345029239766,0.0,0.0,0.07324,0.9993349083055295,1.0,351.44929147000096,300.0,351.44929147000096,300.0,0.0,0.0
3399,1684767660000.0,0.0,0.0,0.0,0.07195345029239766,0.0,0.0,0.07289,0.9993349083055295,1.0,351.44929147000096,300.0,351.44929147000096,300.0,0.0,0.0
3400,1684771260000.0,0.0,0.0,0.0,0.07195345029239766,0.0,0.0,0.07285,0.9993349083055295,1.0,351.44929147000096,300.0,351.44929147000096,300.0,0.0,0.0
3401,1684774860000.0,0.0,0.0,0.0,0.07195345029239766,0.0,0.0,0.0728,0.9993349083055295,1.0,351.44929147000096,300.0,351.44929147000096,300.0,0.0,0.0
3402,1684778460000.0,0.0,0.0,0.0,0.07195345029239766,0.0,0.0,0.07302,0.9993349083055295,1.0,351.44929147000096,300.0,351.44929147000096,300.0,0.0,0.0
3403,1684782060000.0,0.0,0.0,0.0,0.07195345029239766,0.0,0.0,0.07296,0.9993349083055295,1.0,351.44929147000096,300.0,351.44929147000096,300.0,0.0,0.0
3404,1684785660000.0,0.0,0.0,0.0,0.07195345029239766,0.0,0.0,0.07297,0.9993349083055295,1.0,351.44929147000096,300.0,351.44929147000096,300.0,0.0,0.0
3405,1684789260000.0,0.0,0.0,0.0,0.07195345029239766,0.0,0.0,0.07312,0.9993349083055295,1.0,351.44929147000096,300.0,351.44929147000096,300.0,0.0,0.0
3406,1684792860000.0,0.0,0.0,0.0,0.07195345029239766,0.0,0.0,0.07313,0.9993349083055295,1.0,351.44929147000096,300.0,351.44929147000096,300.0,0.0,0.0
3407,1684796460000.0,0.0,0.0,0.0,0.07195345029239766,0.0,0.0,0.07301,0.9993349083055295,1.0,351.44929147000096,300.0,351.44929147000096,300.0,0.0,0.0
3408,1684800060000.0,0.0,0.0,0.0,0.07195345029239766,0.0,0.0,0.07295,0.9993349083055295,1.0,351.44929147000096,300.0,351.44929147000096,300.0,0.0,0.0
3409,1684803660000.0,0.0,0.0,0.0,0.07195345029239766,0.0,0.0,0.07281,0.9993349083055295,1.0,351.44929147000096,300.0,351.44929147000096,300.0,0.0,0.0
3410,1684807260000.0,0.0,0.0,0.0,0.07195345029239766,0.0,0.0,0.07339,0.9993349083055295,1.0,351.44929147000096,300.0,351.44929147000096,300.0,0.0,0.0
3411,1684810860000.0,0.0,0.0,0.0,0.07195345029239766,0.0,0.0,0.0734,0.9993349083055295,1.0,351.44929147000096,300.0,351.44929147000096,300.0,0.0,0.0
3412,1684814460000.0,0.0,0.0,0.0,0.07195345029239766,0.0,0.0,0.07376,0.9993349083055295,1.0,351.44929147000096,300.0,351.44929147000096,300.0,0.0,0.0
3413,1684818060000.0,0.0,0.0,0.0,0.07195345029239766,0.0,0.0,0.07348,0.9993349083055295,1.0,351.44929147000096,300.0,351.44929147000096,300.0,0.0,0.0
3414,1684821660000.0,0.0,0.0,0.0,0.07195345029239766,0.0,0.0,0.07349,0.9993349083055295,1.0,351.44929147000096,300.0,351.44929147000096,300.0,0.0,0.0
3415,1684825260000.0,0.0,0.0,0.0,0.07195345029239766,0.0,0.0,0.07314,0.9993349083055295,1.0,351.44929147000096,300.0,351.44929147000096,300.0,0.0,0.0
3416,1684828860000.0,0.0,0.0,0.0,0.07195345029239766,0.0,0.0,0.07327,0.9993349083055295,1.0,351.44929147000096,300.0,351.44929147000096,300.0,0.0,0.0
3417,1684832460000.0,0.0,0.0,0.0,0.07195345029239766,0.0,0.0,0.07314,0.9993349083055295,1.0,351.44929147000096,300.0,351.44929147000096,300.0,0.0,0.0
3418,1684836060000.0,0.0,0.0,0.0,0.07195345029239766,0.0,0.0,0.07306,0.9993349083055295,1.0,351.44929147000096,300.0,351.44929147000096,300.0,0.0,0.0
3419,1684839660000.0,0.0,0.0,0.0,0.07195345029239766,0.0,0.0,0.07318,0.9993349083055295,1.0,351.44929147000096,300.0,351.44929147000096,300.0,0.0,0.0
3420,1684843260000.0,0.0,0.0,0.0,0.07195345029239766,0.0,0.0,0.07305,0.9993349083055295,1.0,351.44929147000096,300.0,351.44929147000096,300.0,0.0,0.0
3421,1684846860000.0,0.0,0.0,0.0,0.07195345029239766,0.0,0.0,0.07302,0.9993349083055295,1.0,351.44929147000096,300.0,351.44929147000096,300.0,0.0,0.0
3422,1684850460000.0,0.0,0.0,241.0,0.07284,0.0,0.0,0.07278,0.9993349083055295,1.0,351.43173703000093,300.0,351.41727703000095,300.0,0.04995120858564182,0.0
3423,1684854060000.0,0.0,0.0,241.0,0.07284,0.0,0.0,0.0729,0.9993349083055295,1.0,351.43173703000093,300.0,351.4461970300009,300.0,0.04995120858564182,0.0
3424,1684857660000.0,0.0,0.0,241.0,0.07284,0.0,0.0,0.07288,0.9993349083055295,1.0,351.43173703000093,300.0,351.4413770300009,300.0,0.04995120858564182,0.0
3425,1684861260000.0,0.0,0.0,241.0,0.07284,0.0,0.0,0.07273,0.9993349083055295,1.0,351.43173703000093,300.0,351.40522703000096,300.0,0.04995120858564182,0.0
3426,1684864860000.0,0.0,0.0,241.0,0.07284,0.0,0.0,0.07279,0.9993349083055295,1.0,351.43173703000093,300.0,351.41968703000094,300.0,0.04995120858564182,0.0
3427,1684868460000.0,0.0,0.0,241.0,0.07284,0.0,0.0,0.07247,0.9993349083055295,1.0,351.43173703000093,300.0,351.3425670300009,300.0,0.04995120858564182,0.0
3428,1684872060000.0,0.0,0.0,241.0,0.07284,0.0,0.0,0.07274,0.9993349083055295,1.0,351.43173703000093,300.0,351.40763703000096,300.0,0.04995120858564182,0.0
3429,1684875660000.0,0.0,0.0,241.0,0.07284,0.0,0.0,0.07274,0.9993349083055295,1.0,351.43173703000093,300.0,351.40763703000096,300.0,0.04995120858564182,0.0
3430,1684879260000.0,0.0,0.0,241.0,0.07284,0.0,0.0,0.07271,0.9993349083055295,1.0,351.43173703000093,300.0,351.4004070300009,300.0,0.04995120858564182,0.0
3431,1684882860000.0,0.0,0.0,241.0,0.07284,0.0,0.0,0.07282,0.9993349083055295,1.0,351.43173703000093,300.0,351.42691703000094,300.0,0.04995120858564182,0.0
3432,1684886460000.0,0.0,0.0,241.0,0.07284,0.0,0.0,0.07281,0.9993349083055295,1.0,351.43173703000093,300.0,351.42450703000094,300.0,0.04995120858564182,0.0
3433,1684890060000.0,0.0,0.0,241.0,0.07284,0.0,0.0,0.07262,0.9993349083055295,1.0,351.43173703000093,300.0,351.3787170300009,300.0,0.04995120858564182,0.0
3434,1684893660000.0,0.0,0.0,241.0,0.07284,0.0,0.0,0.07236,0.9993349083055295,1.0,351.43173703000093,300.0,351.31605703000093,300.0,0.04995120858564182,0.0
3435,1684897260000.0,0.0,0.0,241.0,0.07284,0.0,0.0,0.07252,0.9993349083055295,1.0,351.43173703000093,300.0,351.35461703000095,300.0,0.04995120858564182,0.0
3436,1684900860000.0,0.0,0.0,241.0,0.07284,0.0,0.0,0.07137,0.9993349083055295,1.0,351.43173703000093,300.0,351.07746703000095,300.0,0.04995120858564182,0.0
3437,1684904460000.0,0.0,0.0,241.0,0.07284,0.0,0.0,0.07132,0.9993349083055295,1.0,351.43173703000093,300.0,351.0654170300009,300.0,0.04995120858564182,0.0
3438,1684908060000.0,0.0,0.0,241.0,0.07284,0.0,0.0,0.07126,0.9993349083055295,1.0,351.43173703000093,300.0,351.0509570300009,300.0,0.04995120858564182,0.0
3439,1684911660000.0,0.0,0.0,241.0,0.07284,0.0,0.0,0.07119,0.9993349083055295,1.0,351.43173703000093,300.0,351.03408703000093,300.0,0.04995120858564182,0.0
3440,1684915260000.0,0.0,0.0,241.0,0.07284,0.0,0.0,0.07114,0.9993349083055295,1.0,351.43173703000093,300.0,351.02203703000094,300.0,0.04995120858564182,0.0
3441,1684918860000.0,0.0,0.0,241.0,0.07284,0.0,0.0,0.07118,0.9993349083055295,1.0,351.43173703000093,300.0,351.03167703000094,300.0,0.04995120858564182,0.0
3442,1684922460000.0,0.0,0.0,241.0,0.07284,0.0,0.0,0.07115,0.9993349083055295,1.0,351.43173703000093,300.0,351.02444703000094,300.0,0.04995120858564182,0.0
3443,1684926060000.0,0.0,0.0,241.0,0.07284,0.0,0.0,0.07107,0.9993349083055295,1.0,351.43173703000093,300.0,351.0051670300009,300.0,0.04995120858564182,0.0
3444,1684929660000.0,0.0,0.0,241.0,0.07284,0.0,0.0,0.07099,0.9993349083055295,1.0,351.43173703000093,300.0,350.9858870300009,300.0,0.04995120858564182,0.0
3445,1684933260000.0,0.0,0.0,241.0,0.07284,0.0,0.0,0.07113,0.9993349083055295,1.0,351.43173703000093,300.0,351.01962703000095,300.0,0.04995120858564182,0.0
3446,1684936860000.0,0.0,0.0,515.0,0.07158438834951455,0.0,0.0,0.07016,0.9993349083055295,1.0,351.41242551000096,300.0,350.67886551000095,300.0,0.10490795806806442,0.0
3447,1684940460000.0,0.0,0.0,515.0,0.07158438834951455,0.0,0.0,0.0704,0.9993349083055295,1.0,351.41242551000096,300.0,350.80246551000096,300.0,0.10490795806806442,0.0
3448,1684944060000.0,0.0,0.0,515.0,0.07158438834951455,0.0,0.0,0.07053,0.9993349083055295,1.0,351.41242551000096,300.0,350.869415510001,300.0,0.10490795806806442,0.0
3449,1684947660000.0,0.0,0.0,515.0,0.07158438834951455,0.0,0.0,0.07006,0.9993349083055295,1.0,351.41242551000096,300.0,350.62736551000097,300.0,0.10490795806806442,0.0
3450,1684951260000.0,0.0,0.0,515.0,0.07158438834951455,0.0,0.0,0.07063,0.9993349083055295,1.0,351.41242551000096,300.0,350.92091551000095,300.0,0.10490795806806442,0.0
3451,1684954860000.0,0.0,0.0,515.0,0.07158438834951455,0.0,0.0,0.07046,0.9993349083055295,1.0,351.41242551000096,300.0,350.83336551000093,300.0,0.10490795806806442,0.0
3452,1684958460000.0,0.0,0.0,515.0,0.07158438834951455,0.0,0.0,0.07069,0.9993349083055295,1.0,351.41242551000096,300.0,350.951815510001,300.0,0.10490795806806442,0.0
3453,1684962060000.0,0.0,0.0,515.0,0.07158438834951455,0.0,0.0,0.07113,0.9993349083055295,1.0,351.41242551000096,300.0,351.17841551000095,300.0,0.10490795806806442,0.0
3454,1684965660000.0,0.0,0.0,515.0,0.07158438834951455,0.0,0.0,0.07074,0.9993349083055295,1.0,351.41242551000096,300.0,350.97756551000094,300.0,0.10490795806806442,0.0
3455,1684969260000.0,0.0,0.0,515.0,0.07158438834951455,0.0,0.0,0.07072,0.9993349083055295,1.0,351.41242551000096,300.0,350.96726551000097,300.0,0.10490795806806442,0.0
3456,1684972860000.0,0.0,0.0,515.0,0.07158438834951455,0.0,0.0,0.07071,0.9993349083055295,1.0,351.41242551000096,300.0,350.96211551000096,300.0,0.10490795806806442,0.0
3457,1684976460000.0,0.0,0.0,515.0,0.07158438834951455,0.0,0.0,0.07006,0.9993349083055295,1.0,351.41242551000096,300.0,350.62736551000097,300.0,0.10490795806806442,0.0
3458,1684980060000.0,0.0,0.0,1101.0,0.07016628519527701,0.0,0.0,0.06985,0.9993349083055295,1.0,351.37203839000097,300.0,351.02380839000097,300.0,0.2198612056724158,0.0
3459,1684983660000.0,0.0,0.0,1101.0,0.07016628519527701,0.0,0.0,0.07011,0.9993349083055295,1.0,351.37203839000097,300.0,351.310068390001,300.0,0.2198612056724158,0.0
3460,1684987260000.0,0.0,0.0,1101.0,0.07016628519527701,0.0,0.0,0.07026,0.9993349083055295,1.0,351.37203839000097,300.0,351.475218390001,300.0,0.2198612056724158,0.0
3461,1684990860000.0,0.0,0.0,1101.0,0.07016628519527701,0.0,0.0,0.07024,0.9993349083055295,1.0,351.37203839000097,300.0,351.453198390001,300.0,0.2198612056724158,0.0
3462,1684994460000.0,0.0,0.0,1101.0,0.07016628519527701,0.0,0.0,0.07059,0.9993349083055295,1.0,351.37203839000097,300.0,351.838548390001,300.0,0.2198612056724158,0.0
3463,1684998060000.0,0.0,0.0,1101.0,0.07016628519527701,0.0,0.0,0.07071,0.9993349083055295,1.0,351.37203839000097,300.0,351.970668390001,300.0,0.2198612056724158,0.0
3464,1685001660000.0,0.0,0.0,1101.0,0.07016628519527701,0.0,0.0,0.07023,0.9993349083055295,1.0,351.37203839000097,300.0,351.442188390001,300.0,0.2198612056724158,0.0
3465,1685005260000.0,0.0,0.0,1101.0,0.07016628519527701,0.0,0.0,0.07041,0.9993349083055295,1.0,351.37203839000097,300.0,351.64036839000096,300.0,0.2198612056724158,0.0
3466,1685008860000.0,0.0,0.0,1101.0,0.07016628519527701,0.0,0.0,0.07031,0.9993349083055295,1.0,351.37203839000097,300.0,351.53026839000097,300.0,0.2198612056724158,0.0
3467,1685012460000.0,0.0,0.0,1101.0,0.07016628519527701,0.0,0.0,0.07046,0.9993349083055295,1.0,351.37203839000097,300.0,351.69541839000095,300.0,0.2198612056724158,0.0
3468,1685016060000.0,0.0,0.0,1101.0,0.07016628519527701,0.0,0.0,0.0706,0.9993349083055295,1.0,351.37203839000097,300.0,351.849558390001,300.0,0.2198612056724158,0.0
3469,1685019660000.0,0.0,0.0,0.0,0.07016628519527701,0.0,0.0,0.07064,0.9993349083055295,1.0,352.300168920001,300.0,352.300168920001,300.0,0.0,0.0
3470,1685023260000.0,0.0,0.0,0.0,0.07016628519527701,0.0,0.0,0.07049,0.9993349083055295,1.0,352.300168920001,300.0,352.300168920001,300.0,0.0,0.0
3471,1685026860000.0,0.0,0.0,251.0,0.07028,0.0,0.0,0.07038,0.9993349083055295,1.0,352.282528640001,300.0,352.307628640001,300.0,0.05007424032097452,0.0
3472,1685030460000.0,0.0,0.0,251.0,0.07028,0.0,0.0,0.07009,0.9993349083055295,1.0,352.282528640001,300.0,352.234838640001,300.0,0.05007424032097452,0.0
3473,1685034060000.0,0.0,0.0,251.0,0.07028,0.0,0.0,0.07015,0.9993349083055295,1.0,352.282528640001,300.0,352.249898640001,300.0,0.05007424032097452,0.0
3474,1685037660000.0,0.0,0.0,251.0,0.07028,0.0,0.0,0.07037,0.9993349083055295,1.0,352.282528640001,300.0,352.30511864000096,300.0,0.05007424032097452,0.0
3475,1685041260000.0,0.0,0.0,251.0,0.07028,0.0,0.0,0.07034,0.9993349083055295,1.0,352.282528640001,300.0,352.297588640001,300.0,0.05007424032097452,0.0
3476,1685044860000.0,0.0,0.0,251.0,0.07028,0.0,0.0,0.07072,0.9993349083055295,1.0,352.282528640001,300.0,352.39296864000096,300.0,0.05007424032097452,0.0
3477,1685048460000.0,0.0,0.0,251.0,0.07028,0.0,0.0,0.07072,0.9993349083055295,1.0,352.282528640001,300.0,352.39296864000096,300.0,0.05007424032097452,0.0
3478,1685052060000.0,0.0,0.0,251.0,0.07028,0.0,0.0,0.07084,0.9993349083055295,1.0,352.282528640001,300.0,352.42308864000097,300.0,0.05007424032097452,0.0
3479,1685055660000.0,0.0,0.0,251.0,0.07028,0.0,0.0,0.0709,0.9993349083055295,1.0,352.282528640001,300.0,352.438148640001,300.0,0.05007424032097452,0.0
3480,1685059260000.0,0.0,0.0,251.0,0.07028,0.0,0.0,0.07082,0.9993349083055295,1.0,352.282528640001,300.0,352.41806864000097,300.0,0.05007424032097452,0.0
3481,1685062860000.0,0.0,0.0,251.0,0.07028,0.0,0.0,0.07077,0.9993349083055295,1.0,352.282528640001,300.0,352.405518640001,300.0,0.05007424032097452,0.0
3482,1685066460000.0,0.0,0.0,251.0,0.07028,0.0,0.0,0.07061,0.9993349083055295,1.0,352.282528640001,300.0,352.365358640001,300.0,0.05007424032097452,0.0
3483,1685070060000.0,0.0,0.0,251.0,0.07028,0.0,0.0,0.07053,0.9993349083055295,1.0,352.282528640001,300.0,352.34527864000097,300.0,0.05007424032097452,0.0
3484,1685073660000.0,0.0,0.0,251.0,0.07028,0.0,0.0,0.0707,0.9993349083055295,1.0,352.282528640001,300.0,352.38794864000096,300.0,0.05007424032097452,0.0
3485,1685077260000.0,0.0,0.0,251.0,0.07028,0.0,0.0,0.07076,0.9993349083055295,1.0,352.282528640001,300.0,352.40300864000096,300.0,0.05007424032097452,0.0
3486,1685080860000.0,0.0,0.0,251.0,0.07028,0.0,0.0,0.0704,0.9993349083055295,1.0,352.282528640001,300.0,352.312648640001,300.0,0.05007424032097452,0.0
3487,1685084460000.0,0.0,0.0,251.0,0.07028,0.0,0.0,0.07074,0.9993349083055295,1.0,352.282528640001,300.0,352.39798864000096,300.0,0.05007424032097452,0.0
3488,1685088060000.0,0.0,0.0,251.0,0.07028,0.0,0.0,0.07084,0.9993349083055295,1.0,352.282528640001,300.0,352.42308864000097,300.0,0.05007424032097452,0.0
3489,1685091660000.0,0.0,0.0,251.0,0.07028,0.0,0.0,0.07085,0.9993349083055295,1.0,352.282528640001,300.0,352.425598640001,300.0,0.05007424032097452,0.0
3490,1685095260000.0,0.0,0.0,251.0,0.07028,0.0,0.0,0.0707,0.9993349083055295,1.0,352.282528640001,300.0,352.38794864000096,300.0,0.05007424032097452,0.0
3491,1685098860000.0,0.0,0.0,251.0,0.07028,0.0,0.0,0.0708,0.9993349083055295,1.0,352.282528640001,300.0,352.41304864000097,300.0,0.05007424032097452,0.0
3492,1685102460000.0,0.0,0.0,251.0,0.07028,0.0,0.0,0.07088,0.9993349083055295,1.0,352.282528640001,300.0,352.433128640001,300.0,0.05007424032097452,0.0
3493,1685106060000.0,0.0,0.0,251.0,0.07028,0.0,0.0,0.07085,0.9993349083055295,1.0,352.282528640001,300.0,352.425598640001,300.0,0.05007424032097452,0.0
3494,1685109660000.0,0.0,0.0,251.0,0.07028,0.0,0.0,0.071,0.9993349083055295,1.0,352.282528640001,300.0,352.463248640001,300.0,0.05007424032097452,0.0
3495,1685113260000.0,0.0,0.0,0.0,0.07028,0.0,0.0,0.07121,0.9993349083055295,1.0,352.50309991000097,300.0,352.50309991000097,300.0,0.0,0.0
3496,1685116860000.0,0.0,0.0,0.0,0.07028,0.0,0.0,0.0711,0.9993349083055295,1.0,352.50309991000097,300.0,352.50309991000097,300.0,0.0,0.0
3497,1685120460000.0,0.0,0.0,250.0,0.07058,0.0,0.0,0.07079,0.9993349083055295,1.0,352.48545491000095,300.0,352.53795491000096,300.0,0.050058803148360385,0.0
3498,1685124060000.0,0.0,0.0,250.0,0.07058,0.0,0.0,0.07054,0.9993349083055295,1.0,352.48545491000095,300.0,352.47545491000096,300.0,0.050058803148360385,0.0
3499,1685127660000.0,0.0,0.0,250.0,0.07058,0.0,0.0,0.07091,0.9993349083055295,1.0,352.48545491000095,300.0,352.56795491000094,300.0,0.050058803148360385,0.0
3500,1685131260000.0,0.0,0.0,250.0,0.07058,0.0,0.0,0.07108,0.9993349083055295,1.0,352.48545491000095,300.0,352.61045491000095,300.0,0.050058803148360385,0.0
3501,1685134860000.0,0.0,0.0,250.0,0.07058,0.0,0.0,0.07112,0.9993349083055295,1.0,352.48545491000095,300.0,352.62045491000094,300.0,0.050058803148360385,0.0
3502,1685138460000.0,0.0,0.0,250.0,0.07058,0.0,0.0,0.07101,0.9993349083055295,1.0,352.48545491000095,300.0,352.59295491000097,300.0,0.050058803148360385,0.0
3503,1685142060000.0,0.0,0.0,250.0,0.07058,0.0,0.0,0.0709,0.9993349083055295,1.0,352.48545491000095,300.0,352.56545491000094,300.0,0.050058803148360385,0.0
3504,1685145660000.0,0.0,0.0,250.0,0.07058,0.0,0.0,0.07094,0.9993349083055295,1.0,352.48545491000095,300.0,352.57545491000093,300.0,0.050058803148360385,0.0
3505,1685149260000.0,0.0,0.0,250.0,0.07058,0.0,0.0,0.0712,0.9993349083055295,1.0,352.48545491000095,300.0,352.6404549100009,300.0,0.050058803148360385,0.0
3506,1685152860000.0,0.0,0.0,250.0,0.07058,0.0,0.0,0.07129,0.9993349083055295,1.0,352.48545491000095,300.0,352.66295491000096,300.0,0.050058803148360385,0.0
3507,1685156460000.0,0.0,0.0,250.0,0.07058,0.0,0.0,0.07126,0.9993349083055295,1.0,352.48545491000095,300.0,352.65545491000097,300.0,0.050058803148360385,0.0
3508,1685160060000.0,0.0,0.0,250.0,0.07058,0.0,0.0,0.0714,0.9993349083055295,1.0,352.48545491000095,300.0,352.69045491000094,300.0,0.050058803148360385,0.0
3509,1685163660000.0,0.0,0.0,0.0,0.07058,0.0,0.0,0.07155,0.9993349083055295,1.0,352.705072410001,300.0,352.705072410001,300.0,0.0,0.0
3510,1685167260000.0,0.0,0.0,0.0,0.07058,0.0,0.0,0.07141,0.9993349083055295,1.0,352.705072410001,300.0,352.705072410001,300.0,0.0,0.0
3511,1685170860000.0,0.0,0.0,0.0,0.07058,0.0,0.0,0.07146,0.9993349083055295,1.0,352.705072410001,300.0,352.705072410001,300.0,0.0,0.0
3512,1685174460000.0,0.0,0.0,0.0,0.07058,0.0,0.0,0.07153,0.9993349083055295,1.0,352.705072410001,300.0,352.705072410001,300.0,0.0,0.0
3513,1685178060000.0,0.0,0.0,0.0,0.07058,0.0,0.0,0.07137,0.9993349083055295,1.0,352.705072410001,300.0,352.705072410001,300.0,0.0,0.0
3514,1685181660000.0,0.0,0.0,0.0,0.07058,0.0,0.0,0.07139,0.9993349083055295,1.0,352.705072410001,300.0,352.705072410001,300.0,0.0,0.0
3515,1685185260000.0,0.0,0.0,0.0,0.07058,0.0,0.0,0.07144,0.9993349083055295,1.0,352.705072410001,300.0,352.705072410001,300.0,0.0,0.0
3516,1685188860000.0,0.0,0.0,0.0,0.07058,0.0,0.0,0.07133,0.9993349083055295,1.0,352.705072410001,300.0,352.705072410001,300.0,0.0,0.0
3517,1685192460000.0,0.0,0.0,0.0,0.07058,0.0,0.0,0.07143,0.9993349083055295,1.0,352.705072410001,300.0,352.705072410001,300.0,0.0,0.0
3518,1685196060000.0,0.0,0.0,248.0,0.071,0.0,0.0,0.07109,0.9993349083055295,1.0,352.687464410001,300.0,352.70978441000096,300.0,0.04992522212110892,0.0
3519,1685199660000.0,0.0,0.0,248.0,0.071,0.0,0.0,0.07128,0.9993349083055295,1.0,352.687464410001,300.0,352.75690441000097,300.0,0.04992522212110892,0.0
3520,1685203260000.0,0.0,0.0,248.0,0.071,0.0,0.0,0.07122,0.9993349083055295,1.0,352.687464410001,300.0,352.74202441000097,300.0,0.04992522212110892,0.0
3521,1685206860000.0,0.0,0.0,248.0,0.071,0.0,0.0,0.07132,0.9993349083055295,1.0,352.687464410001,300.0,352.766824410001,300.0,0.04992522212110892,0.0
3522,1685210460000.0,0.0,0.0,248.0,0.071,0.0,0.0,0.07135,0.9993349083055295,1.0,352.687464410001,300.0,352.77426441000097,300.0,0.04992522212110892,0.0
3523,1685214060000.0,0.0,0.0,248.0,0.071,0.0,0.0,0.07146,0.9993349083055295,1.0,352.687464410001,300.0,352.801544410001,300.0,0.04992522212110892,0.0
3524,1685217660000.0,0.0,0.0,248.0,0.071,0.0,0.0,0.07157,0.9993349083055295,1.0,352.687464410001,300.0,352.828824410001,300.0,0.04992522212110892,0.0
3525,1685221260000.0,0.0,0.0,248.0,0.071,0.0,0.0,0.07179,0.9993349083055295,1.0,352.687464410001,300.0,352.883384410001,300.0,0.04992522212110892,0.0
3526,1685224860000.0,0.0,0.0,248.0,0.071,0.0,0.0,0.07186,0.9993349083055295,1.0,352.687464410001,300.0,352.900744410001,300.0,0.04992522212110892,0.0
3527,1685228460000.0,0.0,0.0,0.0,0.071,0.0,0.0,0.07327,0.9993349083055295,1.0,352.907698330001,300.0,352.907698330001,300.0,0.0,0.0
3528,1685232060000.0,0.0,0.0,0.0,0.071,0.0,0.0,0.07251,0.9993349083055295,1.0,352.907698330001,300.0,352.907698330001,300.0,0.0,0.0
3529,1685235660000.0,0.0,0.0,0.0,0.071,0.0,0.0,0.07326,0.9993349083055295,1.0,352.907698330001,300.0,352.907698330001,300.0,0.0,0.0
3530,1685239260000.0,0.0,0.0,0.0,0.071,0.0,0.0,0.07282,0.9993349083055295,1.0,352.907698330001,300.0,352.907698330001,300.0,0.0,0.0
3531,1685242860000.0,0.0,0.0,0.0,0.071,0.0,0.0,0.07277,0.9993349083055295,1.0,352.907698330001,300.0,352.907698330001,300.0,0.0,0.0
3532,1685246460000.0,0.0,0.0,0.0,0.071,0.0,0.0,0.07293,0.9993349083055295,1.0,352.907698330001,300.0,352.907698330001,300.0,0.0,0.0
3533,1685250060000.0,0.0,0.0,0.0,0.071,0.0,0.0,0.07272,0.9993349083055295,1.0,352.907698330001,300.0,352.907698330001,300.0,0.0,0.0
3534,1685253660000.0,0.0,0.0,0.0,0.071,0.0,0.0,0.07268,0.9993349083055295,1.0,352.907698330001,300.0,352.907698330001,300.0,0.0,0.0
3535,1685257260000.0,0.0,0.0,0.0,0.071,0.0,0.0,0.07275,0.9993349083055295,1.0,352.907698330001,300.0,352.907698330001,300.0,0.0,0.0
3536,1685260860000.0,0.0,0.0,0.0,0.071,0.0,0.0,0.07275,0.9993349083055295,1.0,352.907698330001,300.0,352.907698330001,300.0,0.0,0.0
3537,1685264460000.0,0.0,0.0,245.0,0.07194,0.0,0.0,0.07251,0.9993349083055295,1.0,352.89007303000096,300.0,353.029723030001,300.0,0.049945581774700654,0.0
3538,1685268060000.0,0.0,0.0,245.0,0.07194,0.0,0.0,0.07235,0.9993349083055295,1.0,352.89007303000096,300.0,352.990523030001,300.0,0.049945581774700654,0.0
3539,1685271660000.0,0.0,0.0,245.0,0.07194,0.0,0.0,0.07259,0.9993349083055295,1.0,352.89007303000096,300.0,353.04932303000095,300.0,0.049945581774700654,0.0
3540,1685275260000.0,0.0,0.0,245.0,0.07194,0.0,0.0,0.07252,0.9993349083055295,1.0,352.89007303000096,300.0,353.032173030001,300.0,0.049945581774700654,0.0
3541,1685278860000.0,0.0,0.0,245.0,0.07194,0.0,0.0,0.07234,0.9993349083055295,1.0,352.89007303000096,300.0,352.988073030001,300.0,0.049945581774700654,0.0
3542,1685282460000.0,0.0,0.0,245.0,0.07194,0.0,0.0,0.07241,0.9993349083055295,1.0,352.89007303000096,300.0,353.00522303000093,300.0,0.049945581774700654,0.0
3543,1685286060000.0,0.0,0.0,245.0,0.07194,0.0,0.0,0.07221,0.9993349083055295,1.0,352.89007303000096,300.0,352.95622303000096,300.0,0.049945581774700654,0.0
3544,1685289660000.0,0.0,0.0,245.0,0.07194,0.0,0.0,0.07255,0.9993349083055295,1.0,352.89007303000096,300.0,353.03952303000096,300.0,0.049945581774700654,0.0
3545,1685293260000.0,0.0,0.0,245.0,0.07194,0.0,0.0,0.07256,0.9993349083055295,1.0,352.89007303000096,300.0,353.041973030001,300.0,0.049945581774700654,0.0
3546,1685296860000.0,0.0,0.0,245.0,0.07194,0.0,0.0,0.0727,0.9993349083055295,1.0,352.89007303000096,300.0,353.07627303000095,300.0,0.049945581774700654,0.0
3547,1685300460000.0,0.0,0.0,0.0,0.07194,0.0,0.0,0.07289,0.9993349083055295,1.0,353.10986008000094,300.0,353.10986008000094,300.0,0.0,0.0
3548,1685304060000.0,0.0,0.0,0.0,0.07194,0.0,0.0,0.0729,0.9993349083055295,1.0,353.10986008000094,300.0,353.10986008000094,300.0,0.0,0.0
3549,1685307660000.0,0.0,0.0,0.0,0.07194,0.0,0.0,0.07288,0.9993349083055295,1.0,353.10986008000094,300.0,353.10986008000094,300.0,0.0,0.0
3550,1685311260000.0,0.0,0.0,0.0,0.07194,0.0,0.0,0.07333,0.9993349083055295,1.0,353.10986008000094,300.0,353.10986008000094,300.0,0.0,0.0
3551,1685314860000.0,0.0,0.0,0.0,0.07194,0.0,0.0,0.07356,0.9993349083055295,1.0,353.10986008000094,300.0,353.10986008000094,300.0,0.0,0.0
3552,1685318460000.0,0.0,0.0,0.0,0.07194,0.0,0.0,0.07355,0.9993349083055295,1.0,353.10986008000094,300.0,353.10986008000094,300.0,0.0,0.0
3553,1685322060000.0,0.0,0.0,0.0,0.07194,0.0,0.0,0.07364,0.9993349083055295,1.0,353.10986008000094,300.0,353.10986008000094,300.0,0.0,0.0
3554,1685325660000.0,0.0,0.0,0.0,0.07194,0.0,0.0,0.07364,0.9993349083055295,1.0,353.10986008000094,300.0,353.10986008000094,300.0,0.0,0.0
3555,1685329260000.0,0.0,0.0,0.0,0.07194,0.0,0.0,0.07355,0.9993349083055295,1.0,353.10986008000094,300.0,353.10986008000094,300.0,0.0,0.0
3556,1685332860000.0,0.0,0.0,0.0,0.07194,0.0,0.0,0.07321,0.9993349083055295,1.0,353.10986008000094,300.0,353.10986008000094,300.0,0.0,0.0
3557,1685336460000.0,0.0,0.0,0.0,0.07194,0.0,0.0,0.07316,0.9993349083055295,1.0,353.10986008000094,300.0,353.10986008000094,300.0,0.0,0.0
3558,1685340060000.0,0.0,0.0,0.0,0.07194,0.0,0.0,0.07338,0.9993349083055295,1.0,353.10986008000094,300.0,353.10986008000094,300.0,0.0,0.0
3559,1685343660000.0,0.0,0.0,0.0,0.07194,0.0,0.0,0.07319,0.9993349083055295,1.0,353.10986008000094,300.0,353.10986008000094,300.0,0.0,0.0
3560,1685347260000.0,0.0,0.0,0.0,0.07194,0.0,0.0,0.0732,0.9993349083055295,1.0,353.10986008000094,300.0,353.10986008000094,300.0,0.0,0.0
3561,1685350860000.0,0.0,0.0,0.0,0.07194,0.0,0.0,0.07329,0.9993349083055295,1.0,353.10986008000094,300.0,353.10986008000094,300.0,0.0,0.0
3562,1685354460000.0,0.0,0.0,0.0,0.07194,0.0,0.0,0.07324,0.9993349083055295,1.0,353.10986008000094,300.0,353.10986008000094,300.0,0.0,0.0
3563,1685358060000.0,0.0,0.0,0.0,0.07194,0.0,0.0,0.07308,0.9993349083055295,1.0,353.10986008000094,300.0,353.10986008000094,300.0,0.0,0.0
3564,1685361660000.0,0.0,0.0,0.0,0.07194,0.0,0.0,0.07328,0.9993349083055295,1.0,353.10986008000094,300.0,353.10986008000094,300.0,0.0,0.0
3565,1685365260000.0,0.0,0.0,0.0,0.07194,0.0,0.0,0.07323,0.9993349083055295,1.0,353.10986008000094,300.0,353.10986008000094,300.0,0.0,0.0
3566,1685368860000.0,0.0,0.0,0.0,0.07194,0.0,0.0,0.07338,0.9993349083055295,1.0,353.10986008000094,300.0,353.10986008000094,300.0,0.0,0.0
3567,1685372460000.0,0.0,0.0,0.0,0.07194,0.0,0.0,0.07322,0.9993349083055295,1.0,353.10986008000094,300.0,353.10986008000094,300.0,0.0,0.0
3568,1685376060000.0,0.0,0.0,242.0,0.07289,0.0,0.0,0.07274,0.9993349083055295,1.0,353.09222070000095,300.0,353.05592070000097,300.0,0.049956863861316876,0.0
3569,1685379660000.0,0.0,0.0,242.0,0.07289,0.0,0.0,0.07293,0.9993349083055295,1.0,353.09222070000095,300.0,353.10190070000095,300.0,0.049956863861316876,0.0
3570,1685383260000.0,0.0,0.0,242.0,0.07289,0.0,0.0,0.07325,0.9993349083055295,1.0,353.09222070000095,300.0,353.179340700001,300.0,0.049956863861316876,0.0
3571,1685386860000.0,0.0,0.0,242.0,0.07289,0.0,0.0,0.07321,0.9993349083055295,1.0,353.09222070000095,300.0,353.169660700001,300.0,0.049956863861316876,0.0
3572,1685390460000.0,0.0,0.0,242.0,0.07289,0.0,0.0,0.07311,0.9993349083055295,1.0,353.09222070000095,300.0,353.14546070000097,300.0,0.049956863861316876,0.0
3573,1685394060000.0,0.0,0.0,242.0,0.07289,0.0,0.0,0.07314,0.9993349083055295,1.0,353.09222070000095,300.0,353.15272070000094,300.0,0.049956863861316876,0.0
3574,1685397660000.0,0.0,0.0,242.0,0.07289,0.0,0.0,0.07304,0.9993349083055295,1.0,353.09222070000095,300.0,353.12852070000093,300.0,0.049956863861316876,0.0
3575,1685401260000.0,0.0,0.0,242.0,0.07289,0.0,0.0,0.07314,0.9993349083055295,1.0,353.09222070000095,300.0,353.15272070000094,300.0,0.049956863861316876,0.0
3576,1685404860000.0,0.0,0.0,242.0,0.07289,0.0,0.0,0.07313,0.9993349083055295,1.0,353.09222070000095,300.0,353.15030070000097,300.0,0.049956863861316876,0.0
3577,1685408460000.0,0.0,0.0,242.0,0.07289,0.0,0.0,0.07297,0.9993349083055295,1.0,353.09222070000095,300.0,353.11158070000096,300.0,0.049956863861316876,0.0
3578,1685412060000.0,0.0,0.0,242.0,0.07289,0.0,0.0,0.07316,0.9993349083055295,1.0,353.09222070000095,300.0,353.15756070000094,300.0,0.049956863861316876,0.0
3579,1685415660000.0,0.0,0.0,242.0,0.07289,0.0,0.0,0.07306,0.9993349083055295,1.0,353.09222070000095,300.0,353.13336070000094,300.0,0.049956863861316876,0.0
3580,1685419260000.0,0.0,0.0,242.0,0.07289,0.0,0.0,0.07323,0.9993349083055295,1.0,353.09222070000095,300.0,353.174500700001,300.0,0.049956863861316876,0.0
3581,1685422860000.0,0.0,0.0,242.0,0.07289,0.0,0.0,0.07268,0.9993349083055295,1.0,353.09222070000095,300.0,353.04140070000096,300.0,0.049956863861316876,0.0
3582,1685426460000.0,0.0,0.0,242.0,0.07289,0.0,0.0,0.07258,0.9993349083055295,1.0,353.09222070000095,300.0,353.01720070000096,300.0,0.049956863861316876,0.0
3583,1685430060000.0,0.0,0.0,242.0,0.07289,0.0,0.0,0.07275,0.9993349083055295,1.0,353.09222070000095,300.0,353.05834070000094,300.0,0.049956863861316876,0.0
3584,1685433660000.0,0.0,0.0,242.0,0.07289,0.0,0.0,0.07243,0.9993349083055295,1.0,353.09222070000095,300.0,352.980900700001,300.0,0.049956863861316876,0.0
3585,1685437260000.0,0.0,0.0,242.0,0.07289,0.0,0.0,0.07264,0.9993349083055295,1.0,353.09222070000095,300.0,353.03172070000096,300.0,0.049956863861316876,0.0
3586,1685440860000.0,0.0,0.0,242.0,0.07289,0.0,0.0,0.07276,0.9993349083055295,1.0,353.09222070000095,300.0,353.06076070000097,300.0,0.049956863861316876,0.0
3587,1685444460000.0,0.0,0.0,242.0,0.07289,0.0,0.0,0.07309,0.9993349083055295,1.0,353.09222070000095,300.0,353.14062070000097,300.0,0.049956863861316876,0.0
3588,1685448060000.0,0.0,0.0,242.0,0.07289,0.0,0.0,0.07321,0.9993349083055295,1.0,353.09222070000095,300.0,353.169660700001,300.0,0.049956863861316876,0.0
3589,1685451660000.0,0.0,0.0,242.0,0.07289,0.0,0.0,0.07287,0.9993349083055295,1.0,353.09222070000095,300.0,353.08738070000095,300.0,0.049956863861316876,0.0
3590,1685455260000.0,0.0,0.0,242.0,0.07289,0.0,0.0,0.07251,0.9993349083055295,1.0,353.09222070000095,300.0,353.000260700001,300.0,0.049956863861316876,0.0
3591,1685458860000.0,0.0,0.0,242.0,0.07289,0.0,0.0,0.07229,0.9993349083055295,1.0,353.09222070000095,300.0,352.94702070000096,300.0,0.049956863861316876,0.0
3592,1685462460000.0,0.0,0.0,242.0,0.07289,0.0,0.0,0.07235,0.9993349083055295,1.0,353.09222070000095,300.0,352.96154070000097,300.0,0.049956863861316876,0.0
3593,1685466060000.0,0.0,0.0,242.0,0.07289,0.0,0.0,0.07242,0.9993349083055295,1.0,353.09222070000095,300.0,352.97848070000094,300.0,0.049956863861316876,0.0
3594,1685469660000.0,0.0,0.0,242.0,0.07289,0.0,0.0,0.07233,0.9993349083055295,1.0,353.09222070000095,300.0,352.95670070000097,300.0,0.049956863861316876,0.0
3595,1685473260000.0,0.0,0.0,242.0,0.07289,0.0,0.0,0.07248,0.9993349083055295,1.0,353.09222070000095,300.0,352.99300070000095,300.0,0.049956863861316876,0.0
3596,1685476860000.0,0.0,0.0,242.0,0.07289,0.0,0.0,0.07233,0.9993349083055295,1.0,353.09222070000095,300.0,352.95670070000097,300.0,0.049956863861316876,0.0
3597,1685480460000.0,0.0,0.0,242.0,0.07289,0.0,0.0,0.07236,0.9993349083055295,1.0,353.09222070000095,300.0,352.96396070000094,300.0,0.049956863861316876,0.0
3598,1685484060000.0,0.0,0.0,242.0,0.07289,0.0,0.0,0.07257,0.9993349083055295,1.0,353.09222070000095,300.0,353.0147807000009,300.0,0.049956863861316876,0.0
3599,1685487660000.0,0.0,0.0,242.0,0.07289,0.0,0.0,0.07247,0.9993349083055295,1.0,353.09222070000095,300.0,352.990580700001,300.0,0.049956863861316876,0.0
3600,1685491260000.0,0.0,0.0,242.0,0.07289,0.0,0.0,0.0723,0.9993349083055295,1.0,353.09222070000095,300.0,352.94944070000093,300.0,0.049956863861316876,0.0
3601,1685494860000.0,0.0,0.0,242.0,0.07289,0.0,0.0,0.07253,0.9993349083055295,1.0,353.09222070000095,300.0,353.0051007000009,300.0,0.049956863861316876,0.0
3602,1685498460000.0,0.0,0.0,242.0,0.07289,0.0,0.0,0.0723,0.9993349083055295,1.0,353.09222070000095,300.0,352.94944070000093,300.0,0.049956863861316876,0.0
3603,1685502060000.0,0.0,0.0,242.0,0.07289,0.0,0.0,0.07216,0.9993349083055295,1.0,353.09222070000095,300.0,352.9155607000009,300.0,0.049956863861316876,0.0
3604,1685505660000.0,0.0,0.0,242.0,0.07289,0.0,0.0,0.07237,0.9993349083055295,1.0,353.09222070000095,300.0,352.96638070000097,300.0,0.049956863861316876,0.0
3605,1685509260000.0,0.0,0.0,242.0,0.07289,0.0,0.0,0.07135,0.9993349083055295,1.0,353.09222070000095,300.0,352.71954070000095,300.0,0.049956863861316876,0.0
3606,1685512860000.0,0.0,0.0,242.0,0.07289,0.0,0.0,0.07139,0.9993349083055295,1.0,353.09222070000095,300.0,352.72922070000095,300.0,0.049956863861316876,0.0
3607,1685516460000.0,0.0,0.0,242.0,0.07289,0.0,0.0,0.07174,0.9993349083055295,1.0,353.09222070000095,300.0,352.81392070000095,300.0,0.049956863861316876,0.0
3608,1685520060000.0,0.0,0.0,242.0,0.07289,0.0,0.0,0.07159,0.9993349083055295,1.0,353.09222070000095,300.0,352.77762070000097,300.0,0.049956863861316876,0.0
3609,1685523660000.0,0.0,0.0,242.0,0.07289,0.0,0.0,0.07125,0.9993349083055295,1.0,353.09222070000095,300.0,352.69534070000094,300.0,0.049956863861316876,0.0
3610,1685527260000.0,0.0,0.0,242.0,0.07289,0.0,0.0,0.07153,0.9993349083055295,1.0,353.09222070000095,300.0,352.76310070000096,300.0,0.049956863861316876,0.0
3611,1685530860000.0,0.0,0.0,242.0,0.07289,0.0,0.0,0.07154,0.9993349083055295,1.0,353.09222070000095,300.0,352.76552070000093,300.0,0.049956863861316876,0.0
3612,1685534460000.0,0.0,0.0,242.0,0.07289,0.0,0.0,0.07128,0.9993349083055295,1.0,353.09222070000095,300.0,352.70260070000097,300.0,0.049956863861316876,0.0
3613,1685538060000.0,0.0,0.0,242.0,0.07289,0.0,0.0,0.0713,0.9993349083055295,1.0,353.09222070000095,300.0,352.707440700001,300.0,0.049956863861316876,0.0
3614,1685541660000.0,0.0,0.0,242.0,0.07289,0.0,0.0,0.0711,0.9993349083055295,1.0,353.09222070000095,300.0,352.65904070000096,300.0,0.049956863861316876,0.0
3615,1685545260000.0,0.0,0.0,517.0,0.07162936170212766,0.0,0.0,0.07117,0.9993349083055295,1.0,353.07282770000097,300.0,352.835337700001,300.0,0.10488595296680743,0.0
3616,1685548860000.0,0.0,0.0,517.0,0.07162936170212766,0.0,0.0,0.07121,0.9993349083055295,1.0,353.07282770000097,300.0,352.85601770000096,300.0,0.10488595296680743,0.0
3617,1685552460000.0,0.0,0.0,517.0,0.07162936170212766,0.0,0.0,0.07112,0.9993349083055295,1.0,353.07282770000097,300.0,352.80948770000094,300.0,0.10488595296680743,0.0
3618,1685556060000.0,0.0,0.0,517.0,0.07162936170212766,0.0,0.0,0.07167,0.9993349083055295,1.0,353.07282770000097,300.0,353.09383770000096,300.0,0.10488595296680743,0.0
3619,1685559660000.0,0.0,0.0,517.0,0.07162936170212766,0.0,0.0,0.07156,0.9993349083055295,1.0,353.07282770000097,300.0,353.03696770000096,300.0,0.10488595296680743,0.0
3620,1685563260000.0,0.0,0.0,517.0,0.07162936170212766,0.0,0.0,0.07155,0.9993349083055295,1.0,353.07282770000097,300.0,353.031797700001,300.0,0.10488595296680743,0.0
3621,1685566860000.0,0.0,0.0,517.0,0.07162936170212766,0.0,0.0,0.07152,0.9993349083055295,1.0,353.07282770000097,300.0,353.016287700001,300.0,0.10488595296680743,0.0
3622,1685570460000.0,0.0,0.0,517.0,0.07162936170212766,0.0,0.0,0.07124,0.9993349083055295,1.0,353.07282770000097,300.0,352.87152770000097,300.0,0.10488595296680743,0.0
3623,1685574060000.0,0.0,0.0,517.0,0.07162936170212766,0.0,0.0,0.07153,0.9993349083055295,1.0,353.07282770000097,300.0,353.02145770000095,300.0,0.10488595296680743,0.0
3624,1685577660000.0,0.0,0.0,517.0,0.07162936170212766,0.0,0.0,0.0716,0.9993349083055295,1.0,353.07282770000097,300.0,353.057647700001,300.0,0.10488595296680743,0.0
3625,1685581260000.0,0.0,0.0,517.0,0.07162936170212766,0.0,0.0,0.0717,0.9993349083055295,1.0,353.07282770000097,300.0,353.10934770000097,300.0,0.10488595296680743,0.0
3626,1685584860000.0,0.0,0.0,517.0,0.07162936170212766,0.0,0.0,0.07174,0.9993349083055295,1.0,353.07282770000097,300.0,353.130027700001,300.0,0.10488595296680743,0.0
3627,1685588460000.0,0.0,0.0,517.0,0.07162936170212766,0.0,0.0,0.07101,0.9993349083055295,1.0,353.07282770000097,300.0,352.752617700001,300.0,0.10488595296680743,0.0
3628,1685592060000.0,0.0,0.0,517.0,0.07162936170212766,0.0,0.0,0.07128,0.9993349083055295,1.0,353.07282770000097,300.0,352.892207700001,300.0,0.10488595296680743,0.0
3629,1685595660000.0,0.0,0.0,517.0,0.07162936170212766,0.0,0.0,0.07135,0.9993349083055295,1.0,353.07282770000097,300.0,352.92839770000097,300.0,0.10488595296680743,0.0
3630,1685599260000.0,0.0,0.0,517.0,0.07162936170212766,0.0,0.0,0.07178,0.9993349083055295,1.0,353.07282770000097,300.0,353.15070770000096,300.0,0.10488595296680743,0.0
3631,1685602860000.0,0.0,0.0,517.0,0.07162936170212766,0.0,0.0,0.0715,0.9993349083055295,1.0,353.07282770000097,300.0,353.00594770000095,300.0,0.10488595296680743,0.0
3632,1685606460000.0,0.0,0.0,517.0,0.07162936170212766,0.0,0.0,0.07147,0.9993349083055295,1.0,353.07282770000097,300.0,352.990437700001,300.0,0.10488595296680743,0.0
3633,1685610060000.0,0.0,0.0,517.0,0.07162936170212766,0.0,0.0,0.07152,0.9993349083055295,1.0,353.07282770000097,300.0,353.016287700001,300.0,0.10488595296680743,0.0
3634,1685613660000.0,0.0,0.0,517.0,0.07162936170212766,0.0,0.0,0.07173,0.9993349083055295,1.0,353.07282770000097,300.0,353.124857700001,300.0,0.10488595296680743,0.0
3635,1685617260000.0,0.0,0.0,517.0,0.07162936170212766,0.0,0.0,0.07167,0.9993349083055295,1.0,353.07282770000097,300.0,353.09383770000096,300.0,0.10488595296680743,0.0
3636,1685620860000.0,0.0,0.0,517.0,0.07162936170212766,0.0,0.0,0.07184,0.9993349083055295,1.0,353.07282770000097,300.0,353.181727700001,300.0,0.10488595296680743,0.0
3637,1685624460000.0,0.0,0.0,517.0,0.07162936170212766,0.0,0.0,0.07186,0.9993349083055295,1.0,353.07282770000097,300.0,353.19206770000096,300.0,0.10488595296680743,0.0
3638,1685628060000.0,0.0,0.0,517.0,0.07162936170212766,0.0,0.0,0.07164,0.9993349083055295,1.0,353.07282770000097,300.0,353.07832770000095,300.0,0.10488595296680743,0.0
3639,1685631660000.0,0.0,0.0,517.0,0.07162936170212766,0.0,0.0,0.07162,0.9993349083055295,1.0,353.07282770000097,300.0,353.06798770000097,300.0,0.10488595296680743,0.0
3640,1685635260000.0,0.0,0.0,517.0,0.07162936170212766,0.0,0.0,0.07172,0.9993349083055295,1.0,353.07282770000097,300.0,353.11968770000095,300.0,0.10488595296680743,0.0
3641,1685638860000.0,0.0,0.0,517.0,0.07162936170212766,0.0,0.0,0.07186,0.9993349083055295,1.0,353.07282770000097,300.0,353.19206770000096,300.0,0.10488595296680743,0.0
3642,1685642460000.0,0.0,0.0,517.0,0.07162936170212766,0.0,0.0,0.07191,0.9993349083055295,1.0,353.07282770000097,300.0,353.21791770000095,300.0,0.10488595296680743,0.0
3643,1685646060000.0,0.0,0.0,517.0,0.07162936170212766,0.0,0.0,0.07206,0.9993349083055295,1.0,353.07282770000097,300.0,353.295467700001,300.0,0.10488595296680743,0.0
3644,1685649660000.0,0.0,0.0,517.0,0.07162936170212766,0.0,0.0,0.07187,0.9993349083055295,1.0,353.07282770000097,300.0,353.197237700001,300.0,0.10488595296680743,0.0
3645,1685653260000.0,0.0,0.0,517.0,0.07162936170212766,0.0,0.0,0.07175,0.9993349083055295,1.0,353.07282770000097,300.0,353.13519770000096,300.0,0.10488595296680743,0.0
3646,1685656860000.0,0.0,0.0,517.0,0.07162936170212766,0.0,0.0,0.07165,0.9993349083055295,1.0,353.07282770000097,300.0,353.083497700001,300.0,0.10488595296680743,0.0
3647,1685660460000.0,0.0,0.0,517.0,0.07162936170212766,0.0,0.0,0.07172,0.9993349083055295,1.0,353.07282770000097,300.0,353.11968770000095,300.0,0.10488595296680743,0.0
3648,1685664060000.0,0.0,0.0,517.0,0.07162936170212766,0.0,0.0,0.07142,0.9993349083055295,1.0,353.07282770000097,300.0,352.96458770000095,300.0,0.10488595296680743,0.0
3649,1685667660000.0,0.0,0.0,517.0,0.07162936170212766,0.0,0.0,0.07147,0.9993349083055295,1.0,353.07282770000097,300.0,352.990437700001,300.0,0.10488595296680743,0.0
3650,1685671260000.0,0.0,0.0,517.0,0.07162936170212766,0.0,0.0,0.07168,0.9993349083055295,1.0,353.07282770000097,300.0,353.099007700001,300.0,0.10488595296680743,0.0
3651,1685674860000.0,0.0,0.0,517.0,0.07162936170212766,0.0,0.0,0.0719,0.9993349083055295,1.0,353.07282770000097,300.0,353.212747700001,300.0,0.10488595296680743,0.0
3652,1685678460000.0,0.0,0.0,517.0,0.07162936170212766,0.0,0.0,0.07197,0.9993349083055295,1.0,353.07282770000097,300.0,353.24893770000097,300.0,0.10488595296680743,0.0
3653,1685682060000.0,0.0,0.0,517.0,0.07162936170212766,0.0,0.0,0.07203,0.9993349083055295,1.0,353.07282770000097,300.0,353.279957700001,300.0,0.10488595296680743,0.0
3654,1685685660000.0,0.0,0.0,517.0,0.07162936170212766,0.0,0.0,0.0721,0.9993349083055295,1.0,353.07282770000097,300.0,353.31614770000095,300.0,0.10488595296680743,0.0
3655,1685689260000.0,0.0,0.0,517.0,0.07162936170212766,0.0,0.0,0.07207,0.9993349083055295,1.0,353.07282770000097,300.0,353.30063770000095,300.0,0.10488595296680743,0.0
3656,1685692860000.0,0.0,0.0,517.0,0.07162936170212766,0.0,0.0,0.0721,0.9993349083055295,1.0,353.07282770000097,300.0,353.31614770000095,300.0,0.10488595296680743,0.0
3657,1685696460000.0,0.0,0.0,517.0,0.07162936170212766,0.0,0.0,0.07226,0.9993349083055295,1.0,353.07282770000097,300.0,353.39886770000095,300.0,0.10488595296680743,0.0
3658,1685700060000.0,0.0,0.0,517.0,0.07162936170212766,0.0,0.0,0.07206,0.9993349083055295,1.0,353.07282770000097,300.0,353.295467700001,300.0,0.10488595296680743,0.0
3659,1685703660000.0,0.0,0.0,517.0,0.07162936170212766,0.0,0.0,0.07212,0.9993349083055295,1.0,353.07282770000097,300.0,353.326487700001,300.0,0.10488595296680743,0.0
3660,1685707260000.0,0.0,0.0,517.0,0.07162936170212766,0.0,0.0,0.07212,0.9993349083055295,1.0,353.07282770000097,300.0,353.326487700001,300.0,0.10488595296680743,0.0
3661,1685710860000.0,0.0,0.0,517.0,0.07162936170212766,0.0,0.0,0.07198,0.9993349083055295,1.0,353.07282770000097,300.0,353.254107700001,300.0,0.10488595296680743,0.0
3662,1685714460000.0,0.0,0.0,517.0,0.07162936170212766,0.0,0.0,0.07169,0.9993349083055295,1.0,353.07282770000097,300.0,353.10417770000095,300.0,0.10488595296680743,0.0
3663,1685718060000.0,0.0,0.0,517.0,0.07162936170212766,0.0,0.0,0.07184,0.9993349083055295,1.0,353.07282770000097,300.0,353.181727700001,300.0,0.10488595296680743,0.0
3664,1685721660000.0,0.0,0.0,517.0,0.07162936170212766,0.0,0.0,0.07213,0.9993349083055295,1.0,353.07282770000097,300.0,353.33165770000096,300.0,0.10488595296680743,0.0
3665,1685725260000.0,0.0,0.0,517.0,0.07162936170212766,0.0,0.0,0.07196,0.9993349083055295,1.0,353.07282770000097,300.0,353.24376770000094,300.0,0.10488595296680743,0.0
3666,1685728860000.0,0.0,0.0,517.0,0.07162936170212766,0.0,0.0,0.07215,0.9993349083055295,1.0,353.07282770000097,300.0,353.34199770000095,300.0,0.10488595296680743,0.0
3667,1685732460000.0,0.0,0.0,517.0,0.07162936170212766,0.0,0.0,0.07232,0.9993349083055295,1.0,353.07282770000097,300.0,353.42988770000096,300.0,0.10488595296680743,0.0
3668,1685736060000.0,0.0,0.0,0.0,0.07162936170212766,0.0,0.0,0.07291,0.9993349083055295,1.0,353.531948670001,300.0,353.531948670001,300.0,0.0,0.0
3669,1685739660000.0,0.0,0.0,0.0,0.07162936170212766,0.0,0.0,0.07273,0.9993349083055295,1.0,353.531948670001,300.0,353.531948670001,300.0,0.0,0.0
3670,1685743260000.0,0.0,0.0,0.0,0.07162936170212766,0.0,0.0,0.07264,0.9993349083055295,1.0,353.531948670001,300.0,353.531948670001,300.0,0.0,0.0
3671,1685746860000.0,0.0,0.0,0.0,0.07162936170212766,0.0,0.0,0.07256,0.9993349083055295,1.0,353.531948670001,300.0,353.531948670001,300.0,0.0,0.0
3672,1685750460000.0,0.0,0.0,0.0,0.07162936170212766,0.0,0.0,0.0726,0.9993349083055295,1.0,353.531948670001,300.0,353.531948670001,300.0,0.0,0.0
3673,1685754060000.0,0.0,0.0,0.0,0.07162936170212766,0.0,0.0,0.07238,0.9993349083055295,1.0,353.531948670001,300.0,353.531948670001,300.0,0.0,0.0
3674,1685757660000.0,0.0,0.0,0.0,0.07162936170212766,0.0,0.0,0.07223,0.9993349083055295,1.0,353.531948670001,300.0,353.531948670001,300.0,0.0,0.0
3675,1685761260000.0,0.0,0.0,0.0,0.07162936170212766,0.0,0.0,0.07233,0.9993349083055295,1.0,353.531948670001,300.0,353.531948670001,300.0,0.0,0.0
3676,1685764860000.0,0.0,0.0,0.0,0.07162936170212766,0.0,0.0,0.07239,0.9993349083055295,1.0,353.531948670001,300.0,353.531948670001,300.0,0.0,0.0
3677,1685768460000.0,0.0,0.0,0.0,0.07162936170212766,0.0,0.0,0.0724,0.9993349083055295,1.0,353.531948670001,300.0,353.531948670001,300.0,0.0,0.0
3678,1685772060000.0,0.0,0.0,0.0,0.07162936170212766,0.0,0.0,0.0725,0.9993349083055295,1.0,353.531948670001,300.0,353.531948670001,300.0,0.0,0.0
3679,1685775660000.0,0.0,0.0,0.0,0.07162936170212766,0.0,0.0,0.07247,0.9993349083055295,1.0,353.531948670001,300.0,353.531948670001,300.0,0.0,0.0
3680,1685779260000.0,0.0,0.0,0.0,0.07162936170212766,0.0,0.0,0.07254,0.9993349083055295,1.0,353.531948670001,300.0,353.531948670001,300.0,0.0,0.0
3681,1685782860000.0,0.0,0.0,0.0,0.07162936170212766,0.0,0.0,0.07245,0.9993349083055295,1.0,353.531948670001,300.0,353.531948670001,300.0,0.0,0.0
3682,1685786460000.0,0.0,0.0,0.0,0.07162936170212766,0.0,0.0,0.07244,0.9993349083055295,1.0,353.531948670001,300.0,353.531948670001,300.0,0.0,0.0
3683,1685790060000.0,0.0,0.0,0.0,0.07162936170212766,0.0,0.0,0.07246,0.9993349083055295,1.0,353.531948670001,300.0,353.531948670001,300.0,0.0,0.0
3684,1685793660000.0,0.0,0.0,0.0,0.07162936170212766,0.0,0.0,0.07261,0.9993349083055295,1.0,353.531948670001,300.0,353.531948670001,300.0,0.0,0.0
3685,1685797260000.0,0.0,0.0,0.0,0.07162936170212766,0.0,0.0,0.0726,0.9993349083055295,1.0,353.531948670001,300.0,353.531948670001,300.0,0.0,0.0
3686,1685800860000.0,0.0,0.0,0.0,0.07162936170212766,0.0,0.0,0.0726,0.9993349083055295,1.0,353.531948670001,300.0,353.531948670001,300.0,0.0,0.0
3687,1685804460000.0,0.0,0.0,0.0,0.07162936170212766,0.0,0.0,0.07274,0.9993349083055295,1.0,353.531948670001,300.0,353.531948670001,300.0,0.0,0.0
3688,1685808060000.0,0.0,0.0,0.0,0.07162936170212766,0.0,0.0,0.07279,0.9993349083055295,1.0,353.531948670001,300.0,353.531948670001,300.0,0.0,0.0
3689,1685811660000.0,0.0,0.0,0.0,0.07162936170212766,0.0,0.0,0.07285,0.9993349083055295,1.0,353.531948670001,300.0,353.531948670001,300.0,0.0,0.0
3690,1685815260000.0,0.0,0.0,0.0,0.07162936170212766,0.0,0.0,0.07258,0.9993349083055295,1.0,353.531948670001,300.0,353.531948670001,300.0,0.0,0.0
3691,1685818860000.0,0.0,0.0,0.0,0.07162936170212766,0.0,0.0,0.07266,0.9993349083055295,1.0,353.531948670001,300.0,353.531948670001,300.0,0.0,0.0
3692,1685822460000.0,0.0,0.0,245.0,0.07228,0.0,0.0,0.07242,0.9993349083055295,1.0,353.514240070001,300.0,353.54854007000097,300.0,0.05009303160317796,0.0
3693,1685826060000.0,0.0,0.0,245.0,0.07228,0.0,0.0,0.07245,0.9993349083055295,1.0,353.514240070001,300.0,353.555890070001,300.0,0.05009303160317796,0.0
3694,1685829660000.0,0.0,0.0,245.0,0.07228,0.0,0.0,0.07237,0.9993349083055295,1.0,353.514240070001,300.0,353.536290070001,300.0,0.05009303160317796,0.0
3695,1685833260000.0,0.0,0.0,245.0,0.07228,0.0,0.0,0.07263,0.9993349083055295,1.0,353.514240070001,300.0,353.599990070001,300.0,0.05009303160317796,0.0
3696,1685836860000.0,0.0,0.0,245.0,0.07228,0.0,0.0,0.07272,0.9993349083055295,1.0,353.514240070001,300.0,353.622040070001,300.0,0.05009303160317796,0.0
3697,1685840460000.0,0.0,0.0,245.0,0.07228,0.0,0.0,0.07251,0.9993349083055295,1.0,353.514240070001,300.0,353.570590070001,300.0,0.05009303160317796,0.0
3698,1685844060000.0,0.0,0.0,245.0,0.07228,0.0,0.0,0.07281,0.9993349083055295,1.0,353.514240070001,300.0,353.64409007000097,300.0,0.05009303160317796,0.0
3699,1685847660000.0,0.0,0.0,245.0,0.07228,0.0,0.0,0.07287,0.9993349083055295,1.0,353.514240070001,300.0,353.658790070001,300.0,0.05009303160317796,0.0
3700,1685851260000.0,0.0,0.0,245.0,0.07228,0.0,0.0,0.07259,0.9993349083055295,1.0,353.514240070001,300.0,353.590190070001,300.0,0.05009303160317796,0.0
3701,1685854860000.0,0.0,0.0,245.0,0.07228,0.0,0.0,0.0726,0.9993349083055295,1.0,353.514240070001,300.0,353.592640070001,300.0,0.05009303160317796,0.0
3702,1685858460000.0,0.0,0.0,245.0,0.07228,0.0,0.0,0.07264,0.9993349083055295,1.0,353.514240070001,300.0,353.60244007000097,300.0,0.05009303160317796,0.0
3703,1685862060000.0,0.0,0.0,245.0,0.07228,0.0,0.0,0.07293,0.9993349083055295,1.0,353.514240070001,300.0,353.673490070001,300.0,0.05009303160317796,0.0
3704,1685865660000.0,0.0,0.0,245.0,0.07228,0.0,0.0,0.07284,0.9993349083055295,1.0,353.514240070001,300.0,353.651440070001,300.0,0.05009303160317796,0.0
3705,1685869260000.0,0.0,0.0,245.0,0.07228,0.0,0.0,0.07286,0.9993349083055295,1.0,353.514240070001,300.0,353.656340070001,300.0,0.05009303160317796,0.0
3706,1685872860000.0,0.0,0.0,245.0,0.07228,0.0,0.0,0.07304,0.9993349083055295,1.0,353.514240070001,300.0,353.700440070001,300.0,0.05009303160317796,0.0
3707,1685876460000.0,0.0,0.0,245.0,0.07228,0.0,0.0,0.07293,0.9993349083055295,1.0,353.514240070001,300.0,353.673490070001,300.0,0.05009303160317796,0.0
3708,1685880060000.0,0.0,0.0,245.0,0.07228,0.0,0.0,0.07286,0.9993349083055295,1.0,353.514240070001,300.0,353.656340070001,300.0,0.05009303160317796,0.0
3709,1685883660000.0,0.0,0.0,245.0,0.07228,0.0,0.0,0.07284,0.9993349083055295,1.0,353.514240070001,300.0,353.651440070001,300.0,0.05009303160317796,0.0
3710,1685887260000.0,0.0,0.0,245.0,0.07228,0.0,0.0,0.07285,0.9993349083055295,1.0,353.514240070001,300.0,353.653890070001,300.0,0.05009303160317796,0.0
3711,1685890860000.0,0.0,0.0,245.0,0.07228,0.0,0.0,0.07286,0.9993349083055295,1.0,353.514240070001,300.0,353.656340070001,300.0,0.05009303160317796,0.0
3712,1685894460000.0,0.0,0.0,245.0,0.07228,0.0,0.0,0.07273,0.9993349083055295,1.0,353.514240070001,300.0,353.624490070001,300.0,0.05009303160317796,0.0
3713,1685898060000.0,0.0,0.0,245.0,0.07228,0.0,0.0,0.0727,0.9993349083055295,1.0,353.514240070001,300.0,353.61714007000097,300.0,0.05009303160317796,0.0
3714,1685901660000.0,0.0,0.0,245.0,0.07228,0.0,0.0,0.07264,0.9993349083055295,1.0,353.514240070001,300.0,353.60244007000097,300.0,0.05009303160317796,0.0
3715,1685905260000.0,0.0,0.0,245.0,0.07228,0.0,0.0,0.0729,0.9993349083055295,1.0,353.514240070001,300.0,353.666140070001,300.0,0.05009303160317796,0.0
3716,1685908860000.0,0.0,0.0,245.0,0.07228,0.0,0.0,0.07284,0.9993349083055295,1.0,353.514240070001,300.0,353.651440070001,300.0,0.05009303160317796,0.0
3717,1685912460000.0,0.0,0.0,245.0,0.07228,0.0,0.0,0.07297,0.9993349083055295,1.0,353.514240070001,300.0,353.683290070001,300.0,0.05009303160317796,0.0
3718,1685916060000.0,0.0,0.0,245.0,0.07228,0.0,0.0,0.07293,0.9993349083055295,1.0,353.514240070001,300.0,353.673490070001,300.0,0.05009303160317796,0.0
3719,1685919660000.0,0.0,0.0,0.0,0.07228,0.0,0.0,0.07297,0.9993349083055295,1.0,353.73394382000095,300.0,353.73394382000095,300.0,0.0,0.0
3720,1685923260000.0,0.0,0.0,244.0,0.07257,0.0,0.0,0.07238,0.9993349083055295,1.0,353.71623674000097,300.0,353.669876740001,300.0,0.0500601277543716,0.0
3721,1685926860000.0,0.0,0.0,244.0,0.07257,0.0,0.0,0.07223,0.9993349083055295,1.0,353.71623674000097,300.0,353.63327674000095,300.0,0.0500601277543716,0.0
3722,1685930460000.0,0.0,0.0,244.0,0.07257,0.0,0.0,0.07217,0.9993349083055295,1.0,353.71623674000097,300.0,353.61863674000097,300.0,0.0500601277543716,0.0
3723,1685934060000.0,0.0,0.0,244.0,0.07257,0.0,0.0,0.07138,0.9993349083055295,1.0,353.71623674000097,300.0,353.42587674000094,300.0,0.0500601277543716,0.0
3724,1685937660000.0,0.0,0.0,244.0,0.07257,0.0,0.0,0.07152,0.9993349083055295,1.0,353.71623674000097,300.0,353.460036740001,300.0,0.0500601277543716,0.0
3725,1685941260000.0,0.0,0.0,244.0,0.07257,0.0,0.0,0.07171,0.9993349083055295,1.0,353.71623674000097,300.0,353.506396740001,300.0,0.0500601277543716,0.0
3726,1685944860000.0,0.0,0.0,244.0,0.07257,0.0,0.0,0.0717,0.9993349083055295,1.0,353.71623674000097,300.0,353.50395674000094,300.0,0.0500601277543716,0.0
3727,1685948460000.0,0.0,0.0,244.0,0.07257,0.0,0.0,0.07161,0.9993349083055295,1.0,353.71623674000097,300.0,353.48199674000097,300.0,0.0500601277543716,0.0
3728,1685952060000.0,0.0,0.0,244.0,0.07257,0.0,0.0,0.07172,0.9993349083055295,1.0,353.71623674000097,300.0,353.50883674000096,300.0,0.0500601277543716,0.0
3729,1685955660000.0,0.0,0.0,244.0,0.07257,0.0,0.0,0.07178,0.9993349083055295,1.0,353.71623674000097,300.0,353.52347674000094,300.0,0.0500601277543716,0.0
3730,1685959260000.0,0.0,0.0,244.0,0.07257,0.0,0.0,0.07176,0.9993349083055295,1.0,353.71623674000097,300.0,353.518596740001,300.0,0.0500601277543716,0.0
3731,1685962860000.0,0.0,0.0,244.0,0.07257,0.0,0.0,0.07173,0.9993349083055295,1.0,353.71623674000097,300.0,353.511276740001,300.0,0.0500601277543716,0.0
3732,1685966460000.0,0.0,0.0,244.0,0.07257,0.0,0.0,0.07179,0.9993349083055295,1.0,353.71623674000097,300.0,353.525916740001,300.0,0.0500601277543716,0.0
3733,1685970060000.0,0.0,0.0,244.0,0.07257,0.0,0.0,0.07156,0.9993349083055295,1.0,353.71623674000097,300.0,353.46979674000096,300.0,0.0500601277543716,0.0
3734,1685973660000.0,0.0,0.0,244.0,0.07257,0.0,0.0,0.07135,0.9993349083055295,1.0,353.71623674000097,300.0,353.41855674000095,300.0,0.0500601277543716,0.0
3735,1685977260000.0,0.0,0.0,244.0,0.07257,0.0,0.0,0.0714,0.9993349083055295,1.0,353.71623674000097,300.0,353.43075674000096,300.0,0.0500601277543716,0.0
3736,1685980860000.0,0.0,0.0,1116.0,0.06990098566308242,0.0,0.0,0.06686,0.9993349083055295,1.0,353.65593432000094,300.0,350.26219432000096,300.0,0.22058020926467506,0.0
3737,1685984460000.0,0.0,0.0,269.0,0.0663,0.0,0.0,0.06572,0.9993349083055295,1.0,356.6395995100009,300.0,356.4835795100009,300.0,0.05000762681570888,0.0
3738,1685988060000.0,0.0,0.0,269.0,0.0663,0.0,0.0,0.0663,0.9993349083055295,1.0,356.6395995100009,300.0,356.6395995100009,300.0,0.05000762681570888,0.0
3739,1685991660000.0,0.0,0.0,269.0,0.0663,0.0,0.0,0.06625,0.9993349083055295,1.0,356.6395995100009,300.0,356.6261495100009,300.0,0.05000762681570888,0.0
3740,1685995260000.0,0.0,0.0,269.0,0.0663,0.0,0.0,0.06658,0.9993349083055295,1.0,356.6395995100009,300.0,356.71491951000087,300.0,0.05000762681570888,0.0
3741,1685998860000.0,0.0,0.0,269.0,0.0663,0.0,0.0,0.06612,0.9993349083055295,1.0,356.6395995100009,300.0,356.59117951000087,300.0,0.05000762681570888,0.0
3742,1686002460000.0,0.0,0.0,269.0,0.0663,0.0,0.0,0.06623,0.9993349083055295,1.0,356.6395995100009,300.0,356.6207695100009,300.0,0.05000762681570888,0.0
3743,1686006060000.0,0.0,0.0,269.0,0.0663,0.0,0.0,0.06637,0.9993349083055295,1.0,356.6395995100009,300.0,356.6584295100009,300.0,0.05000762681570888,0.0
3744,1686009660000.0,0.0,0.0,269.0,0.0663,0.0,0.0,0.06653,0.9993349083055295,1.0,356.6395995100009,300.0,356.7014695100009,300.0,0.05000762681570888,0.0
3745,1686013260000.0,0.0,0.0,269.0,0.0663,0.0,0.0,0.06656,0.9993349083055295,1.0,356.6395995100009,300.0,356.70953951000087,300.0,0.05000762681570888,0.0
3746,1686016860000.0,0.0,0.0,269.0,0.0663,0.0,0.0,0.06628,0.9993349083055295,1.0,356.6395995100009,300.0,356.6342195100009,300.0,0.05000762681570888,0.0
3747,1686020460000.0,0.0,0.0,269.0,0.0663,0.0,0.0,0.06664,0.9993349083055295,1.0,356.6395995100009,300.0,356.7310595100009,300.0,0.05000762681570888,0.0
3748,1686024060000.0,0.0,0.0,269.0,0.0663,0.0,0.0,0.06667,0.9993349083055295,1.0,356.6395995100009,300.0,356.7391295100009,300.0,0.05000762681570888,0.0
3749,1686027660000.0,0.0,0.0,269.0,0.0663,0.0,0.0,0.06678,0.9993349083055295,1.0,356.6395995100009,300.0,356.7687195100009,300.0,0.05000762681570888,0.0
3750,1686031260000.0,0.0,0.0,269.0,0.0663,0.0,0.0,0.06653,0.9993349083055295,1.0,356.6395995100009,300.0,356.7014695100009,300.0,0.05000762681570888,0.0
3751,1686034860000.0,0.0,0.0,269.0,0.0663,0.0,0.0,0.06662,0.9993349083055295,1.0,356.6395995100009,300.0,356.7256795100009,300.0,0.05000762681570888,0.0
3752,1686038460000.0,0.0,0.0,269.0,0.0663,0.0,0.0,0.06653,0.9993349083055295,1.0,356.6395995100009,300.0,356.7014695100009,300.0,0.05000762681570888,0.0
3753,1686042060000.0,0.0,0.0,269.0,0.0663,0.0,0.0,0.06662,0.9993349083055295,1.0,356.6395995100009,300.0,356.7256795100009,300.0,0.05000762681570888,0.0
3754,1686045660000.0,0.0,0.0,269.0,0.0663,0.0,0.0,0.06666,0.9993349083055295,1.0,356.6395995100009,300.0,356.7364395100009,300.0,0.05000762681570888,0.0
3755,1686049260000.0,0.0,0.0,269.0,0.0663,0.0,0.0,0.06688,0.9993349083055295,1.0,356.6395995100009,300.0,356.7956195100009,300.0,0.05000762681570888,0.0
3756,1686052860000.0,0.0,0.0,269.0,0.0663,0.0,0.0,0.06679,0.9993349083055295,1.0,356.6395995100009,300.0,356.77140951000086,300.0,0.05000762681570888,0.0
3757,1686056460000.0,0.0,0.0,269.0,0.0663,0.0,0.0,0.06626,0.9993349083055295,1.0,356.6395995100009,300.0,356.6288395100009,300.0,0.05000762681570888,0.0
3758,1686060060000.0,0.0,0.0,0.0,0.0663,0.0,0.0,0.06808,0.9993349083055295,1.0,356.8609354000009,300.0,356.8609354000009,300.0,0.0,0.0
3759,1686063660000.0,0.0,0.0,0.0,0.0663,0.0,0.0,0.0681,0.9993349083055295,1.0,356.8609354000009,300.0,356.8609354000009,300.0,0.0,0.0
3760,1686067260000.0,0.0,0.0,0.0,0.0663,0.0,0.0,0.06834,0.9993349083055295,1.0,356.8609354000009,300.0,356.8609354000009,300.0,0.0,0.0
3761,1686070860000.0,0.0,0.0,0.0,0.0663,0.0,0.0,0.06851,0.9993349083055295,1.0,356.8609354000009,300.0,356.8609354000009,300.0,0.0,0.0
3762,1686074460000.0,0.0,0.0,0.0,0.0663,0.0,0.0,0.06985,0.9993349083055295,1.0,356.8609354000009,300.0,356.8609354000009,300.0,0.0,0.0
3763,1686078060000.0,0.0,0.0,0.0,0.0663,0.0,0.0,0.07175,0.9993349083055295,1.0,356.8609354000009,300.0,356.8609354000009,300.0,0.0,0.0
3764,1686081660000.0,0.0,0.0,0.0,0.0663,0.0,0.0,0.07106,0.9993349083055295,1.0,356.8609354000009,300.0,356.8609354000009,300.0,0.0,0.0
3765,1686085260000.0,0.0,0.0,0.0,0.0663,0.0,0.0,0.07041,0.9993349083055295,1.0,356.8609354000009,300.0,356.8609354000009,300.0,0.0,0.0
3766,1686088860000.0,0.0,0.0,0.0,0.0663,0.0,0.0,0.07019,0.9993349083055295,1.0,356.8609354000009,300.0,356.8609354000009,300.0,0.0,0.0
3767,1686092460000.0,0.0,0.0,0.0,0.0663,0.0,0.0,0.07071,0.9993349083055295,1.0,356.8609354000009,300.0,356.8609354000009,300.0,0.0,0.0
3768,1686096060000.0,0.0,0.0,0.0,0.0663,0.0,0.0,0.07004,0.9993349083055295,1.0,356.8609354000009,300.0,356.8609354000009,300.0,0.0,0.0
3769,1686099660000.0,0.0,0.0,0.0,0.0663,0.0,0.0,0.06991,0.9993349083055295,1.0,356.8609354000009,300.0,356.8609354000009,300.0,0.0,0.0
3770,1686103260000.0,0.0,0.0,0.0,0.0663,0.0,0.0,0.0694,0.9993349083055295,1.0,356.8609354000009,300.0,356.8609354000009,300.0,0.0,0.0
3771,1686106860000.0,0.0,0.0,0.0,0.0663,0.0,0.0,0.06974,0.9993349083055295,1.0,356.8609354000009,300.0,356.8609354000009,300.0,0.0,0.0
3772,1686110460000.0,0.0,0.0,0.0,0.0663,0.0,0.0,0.06951,0.9993349083055295,1.0,356.8609354000009,300.0,356.8609354000009,300.0,0.0,0.0
3773,1686114060000.0,0.0,0.0,0.0,0.0663,0.0,0.0,0.06972,0.9993349083055295,1.0,356.8609354000009,300.0,356.8609354000009,300.0,0.0,0.0
3774,1686117660000.0,0.0,0.0,0.0,0.0663,0.0,0.0,0.06976,0.9993349083055295,1.0,356.8609354000009,300.0,356.8609354000009,300.0,0.0,0.0
3775,1686121260000.0,0.0,0.0,0.0,0.0663,0.0,0.0,0.06952,0.9993349083055295,1.0,356.8609354000009,300.0,356.8609354000009,300.0,0.0,0.0
3776,1686124860000.0,0.0,0.0,0.0,0.0663,0.0,0.0,0.06939,0.9993349083055295,1.0,356.8609354000009,300.0,356.8609354000009,300.0,0.0,0.0
3777,1686128460000.0,0.0,0.0,0.0,0.0663,0.0,0.0,0.06941,0.9993349083055295,1.0,356.8609354000009,300.0,356.8609354000009,300.0,0.0,0.0
3778,1686132060000.0,0.0,0.0,258.0,0.06904,0.0,0.0,0.06782,0.9993349083055295,1.0,356.8431230800009,300.0,356.52836308000093,300.0,0.049916388597480814,0.0
3779,1686135660000.0,0.0,0.0,258.0,0.06904,0.0,0.0,0.06788,0.9993349083055295,1.0,356.8431230800009,300.0,356.5438430800009,300.0,0.049916388597480814,0.0
3780,1686139260000.0,0.0,0.0,258.0,0.06904,0.0,0.0,0.06815,0.9993349083055295,1.0,356.8431230800009,300.0,356.6135030800009,300.0,0.049916388597480814,0.0
3781,1686142860000.0,0.0,0.0,258.0,0.06904,0.0,0.0,0.06813,0.9993349083055295,1.0,356.8431230800009,300.0,356.6083430800009,300.0,0.049916388597480814,0.0
3782,1686146460000.0,0.0,0.0,258.0,0.06904,0.0,0.0,0.06786,0.9993349083055295,1.0,356.8431230800009,300.0,356.5386830800009,300.0,0.049916388597480814,0.0
3783,1686150060000.0,0.0,0.0,552.0,0.06784695652173914,0.0,0.0,0.06684,0.9993349083055295,1.0,356.82348388000094,300.0,356.26764388000095,300.0,0.10495811428318119,0.0
3784,1686153660000.0,0.0,0.0,552.0,0.06784695652173914,0.0,0.0,0.06708,0.9993349083055295,1.0,356.82348388000094,300.0,356.40012388000093,300.0,0.10495811428318119,0.0
3785,1686157260000.0,0.0,0.0,552.0,0.06784695652173914,0.0,0.0,0.06749,0.9993349083055295,1.0,356.82348388000094,300.0,356.6264438800009,300.0,0.10495811428318119,0.0
3786,1686160860000.0,0.0,0.0,552.0,0.06784695652173914,0.0,0.0,0.06777,0.9993349083055295,1.0,356.82348388000094,300.0,356.7810038800009,300.0,0.10495811428318119,0.0
3787,1686164460000.0,0.0,0.0,552.0,0.06784695652173914,0.0,0.0,0.06765,0.9993349083055295,1.0,356.82348388000094,300.0,356.71476388000093,300.0,0.10495811428318119,0.0
3788,1686168060000.0,0.0,0.0,552.0,0.06784695652173914,0.0,0.0,0.06767,0.9993349083055295,1.0,356.82348388000094,300.0,356.7258038800009,300.0,0.10495811428318119,0.0
3789,1686171660000.0,0.0,0.0,552.0,0.06784695652173914,0.0,0.0,0.06738,0.9993349083055295,1.0,356.82348388000094,300.0,356.5657238800009,300.0,0.10495811428318119,0.0
3790,1686175260000.0,0.0,0.0,552.0,0.06784695652173914,0.0,0.0,0.06696,0.9993349083055295,1.0,356.82348388000094,300.0,356.33388388000094,300.0,0.10495811428318119,0.0
3791,1686178860000.0,0.0,0.0,552.0,0.06784695652173914,0.0,0.0,0.06719,0.9993349083055295,1.0,356.82348388000094,300.0,356.46084388000094,300.0,0.10495811428318119,0.0
3792,1686182460000.0,0.0,0.0,552.0,0.06784695652173914,0.0,0.0,0.06718,0.9993349083055295,1.0,356.82348388000094,300.0,356.45532388000095,300.0,0.10495811428318119,0.0
3793,1686186060000.0,0.0,0.0,552.0,0.06784695652173914,0.0,0.0,0.0675,0.9993349083055295,1.0,356.82348388000094,300.0,356.6319638800009,300.0,0.10495811428318119,0.0
3794,1686189660000.0,0.0,0.0,552.0,0.06784695652173914,0.0,0.0,0.06776,0.9993349083055295,1.0,356.82348388000094,300.0,356.77548388000093,300.0,0.10495811428318119,0.0
3795,1686193260000.0,0.0,0.0,552.0,0.06784695652173914,0.0,0.0,0.06758,0.9993349083055295,1.0,356.82348388000094,300.0,356.67612388000094,300.0,0.10495811428318119,0.0
3796,1686196860000.0,0.0,0.0,552.0,0.06784695652173914,0.0,0.0,0.06737,0.9993349083055295,1.0,356.82348388000094,300.0,356.5602038800009,300.0,0.10495811428318119,0.0
3797,1686200460000.0,0.0,0.0,552.0,0.06784695652173914,0.0,0.0,0.06779,0.9993349083055295,1.0,356.82348388000094,300.0,356.79204388000096,300.0,0.10495811428318119,0.0
3798,1686204060000.0,0.0,0.0,552.0,0.06784695652173914,0.0,0.0,0.06742,0.9993349083055295,1.0,356.82348388000094,300.0,356.58780388000093,300.0,0.10495811428318119,0.0
3799,1686207660000.0,0.0,0.0,552.0,0.06784695652173914,0.0,0.0,0.06783,0.9993349083055295,1.0,356.82348388000094,300.0,356.8141238800009,300.0,0.10495811428318119,0.0
3800,1686211260000.0,0.0,0.0,552.0,0.06784695652173914,0.0,0.0,0.06776,0.9993349083055295,1.0,356.82348388000094,300.0,356.77548388000093,300.0,0.10495811428318119,0.0
3801,1686214860000.0,0.0,0.0,552.0,0.06784695652173914,0.0,0.0,0.06779,0.9993349083055295,1.0,356.82348388000094,300.0,356.79204388000096,300.0,0.10495811428318119,0.0
3802,1686218460000.0,0.0,0.0,552.0,0.06784695652173914,0.0,0.0,0.06758,0.9993349083055295,1.0,356.82348388000094,300.0,356.67612388000094,300.0,0.10495811428318119,0.0
3803,1686222060000.0,0.0,0.0,552.0,0.06784695652173914,0.0,0.0,0.06803,0.9993349083055295,1.0,356.82348388000094,300.0,356.92452388000095,300.0,0.10495811428318119,0.0
3804,1686225660000.0,0.0,0.0,552.0,0.06784695652173914,0.0,0.0,0.06804,0.9993349083055295,1.0,356.82348388000094,300.0,356.93004388000094,300.0,0.10495811428318119,0.0
3805,1686229260000.0,0.0,0.0,552.0,0.06784695652173914,0.0,0.0,0.06813,0.9993349083055295,1.0,356.82348388000094,300.0,356.9797238800009,300.0,0.10495811428318119,0.0
3806,1686232860000.0,0.0,0.0,552.0,0.06784695652173914,0.0,0.0,0.06796,0.9993349083055295,1.0,356.82348388000094,300.0,356.88588388000096,300.0,0.10495811428318119,0.0
3807,1686236460000.0,0.0,0.0,552.0,0.06784695652173914,0.0,0.0,0.06814,0.9993349083055295,1.0,356.82348388000094,300.0,356.98524388000095,300.0,0.10495811428318119,0.0
3808,1686240060000.0,0.0,0.0,552.0,0.06784695652173914,0.0,0.0,0.06804,0.9993349083055295,1.0,356.82348388000094,300.0,356.93004388000094,300.0,0.10495811428318119,0.0
3809,1686243660000.0,0.0,0.0,552.0,0.06784695652173914,0.0,0.0,0.06764,0.9993349083055295,1.0,356.82348388000094,300.0,356.70924388000094,300.0,0.10495811428318119,0.0
3810,1686247260000.0,0.0,0.0,552.0,0.06784695652173914,0.0,0.0,0.06772,0.9993349083055295,1.0,356.82348388000094,300.0,356.7534038800009,300.0,0.10495811428318119,0.0
3811,1686250860000.0,0.0,0.0,552.0,0.06784695652173914,0.0,0.0,0.06804,0.9993349083055295,1.0,356.82348388000094,300.0,356.93004388000094,300.0,0.10495811428318119,0.0
3812,1686254460000.0,0.0,0.0,552.0,0.06784695652173914,0.0,0.0,0.06809,0.9993349083055295,1.0,356.82348388000094,300.0,356.95764388000094,300.0,0.10495811428318119,0.0
3813,1686258060000.0,0.0,0.0,552.0,0.06784695652173914,0.0,0.0,0.06787,0.9993349083055295,1.0,356.82348388000094,300.0,356.83620388000094,300.0,0.10495811428318119,0.0
3814,1686261660000.0,0.0,0.0,552.0,0.06784695652173914,0.0,0.0,0.06777,0.9993349083055295,1.0,356.82348388000094,300.0,356.7810038800009,300.0,0.10495811428318119,0.0
3815,1686265260000.0,0.0,0.0,552.0,0.06784695652173914,0.0,0.0,0.06802,0.9993349083055295,1.0,356.82348388000094,300.0,356.91900388000096,300.0,0.10495811428318119,0.0
3816,1686268860000.0,0.0,0.0,552.0,0.06784695652173914,0.0,0.0,0.06789,0.9993349083055295,1.0,356.82348388000094,300.0,356.8472438800009,300.0,0.10495811428318119,0.0
3817,1686272460000.0,0.0,0.0,552.0,0.06784695652173914,0.0,0.0,0.06774,0.9993349083055295,1.0,356.82348388000094,300.0,356.76444388000095,300.0,0.10495811428318119,0.0
3818,1686276060000.0,0.0,0.0,552.0,0.06784695652173914,0.0,0.0,0.06784,0.9993349083055295,1.0,356.82348388000094,300.0,356.8196438800009,300.0,0.10495811428318119,0.0
3819,1686279660000.0,0.0,0.0,552.0,0.06784695652173914,0.0,0.0,0.06769,0.9993349083055295,1.0,356.82348388000094,300.0,356.73684388000095,300.0,0.10495811428318119,0.0
3820,1686283260000.0,0.0,0.0,552.0,0.06784695652173914,0.0,0.0,0.06778,0.9993349083055295,1.0,356.82348388000094,300.0,356.7865238800009,300.0,0.10495811428318119,0.0
3821,1686286860000.0,0.0,0.0,552.0,0.06784695652173914,0.0,0.0,0.06788,0.9993349083055295,1.0,356.82348388000094,300.0,356.8417238800009,300.0,0.10495811428318119,0.0
3822,1686290460000.0,0.0,0.0,552.0,0.06784695652173914,0.0,0.0,0.06777,0.9993349083055295,1.0,356.82348388000094,300.0,356.7810038800009,300.0,0.10495811428318119,0.0
3823,1686294060000.0,0.0,0.0,552.0,0.06784695652173914,0.0,0.0,0.0677,0.9993349083055295,1.0,356.82348388000094,300.0,356.74236388000094,300.0,0.10495811428318119,0.0
3824,1686297660000.0,0.0,0.0,552.0,0.06784695652173914,0.0,0.0,0.06775,0.9993349083055295,1.0,356.82348388000094,300.0,356.76996388000094,300.0,0.10495811428318119,0.0
3825,1686301260000.0,0.0,0.0,552.0,0.06784695652173914,0.0,0.0,0.068,0.9993349083055295,1.0,356.82348388000094,300.0,356.9079638800009,300.0,0.10495811428318119,0.0
3826,1686304860000.0,0.0,0.0,552.0,0.06784695652173914,0.0,0.0,0.06798,0.9993349083055295,1.0,356.82348388000094,300.0,356.89692388000094,300.0,0.10495811428318119,0.0
3827,1686308460000.0,0.0,0.0,552.0,0.06784695652173914,0.0,0.0,0.06802,0.9993349083055295,1.0,356.82348388000094,300.0,356.91900388000096,300.0,0.10495811428318119,0.0
3828,1686312060000.0,0.0,0.0,552.0,0.06784695652173914,0.0,0.0,0.06798,0.9993349083055295,1.0,356.82348388000094,300.0,356.89692388000094,300.0,0.10495811428318119,0.0
3829,1686315660000.0,0.0,0.0,0.0,0.06784695652173914,0.0,0.0,0.0702,0.9993349083055295,1.0,357.28952836000093,300.0,357.28952836000093,300.0,0.0,0.0
3830,1686319260000.0,0.0,0.0,0.0,0.06784695652173914,0.0,0.0,0.07012,0.9993349083055295,1.0,357.28952836000093,300.0,357.28952836000093,300.0,0.0,0.0
3831,1686322860000.0,0.0,0.0,0.0,0.06784695652173914,0.0,0.0,0.06953,0.9993349083055295,1.0,357.28952836000093,300.0,357.28952836000093,300.0,0.0,0.0
3832,1686326460000.0,0.0,0.0,0.0,0.06784695652173914,0.0,0.0,0.06875,0.9993349083055295,1.0,357.28952836000093,300.0,357.28952836000093,300.0,0.0,0.0
3833,1686330060000.0,0.0,0.0,0.0,0.06784695652173914,0.0,0.0,0.06887,0.9993349083055295,1.0,357.28952836000093,300.0,357.28952836000093,300.0,0.0,0.0
3834,1686333660000.0,0.0,0.0,0.0,0.06784695652173914,0.0,0.0,0.0688,0.9993349083055295,1.0,357.28952836000093,300.0,357.28952836000093,300.0,0.0,0.0
3835,1686337260000.0,0.0,0.0,0.0,0.06784695652173914,0.0,0.0,0.06882,0.9993349083055295,1.0,357.28952836000093,300.0,357.28952836000093,300.0,0.0,0.0
3836,1686340860000.0,0.0,0.0,262.0,0.06827,0.0,0.0,0.06843,0.9993349083055295,1.0,357.27164162000093,300.0,357.31356162000094,300.0,0.0500648187997652,0.0
3837,1686344460000.0,0.0,0.0,262.0,0.06827,0.0,0.0,0.06862,0.9993349083055295,1.0,357.27164162000093,300.0,357.36334162000094,300.0,0.0500648187997652,0.0
3838,1686348060000.0,0.0,0.0,0.0,0.06827,0.0,0.0,0.06916,0.9993349083055295,1.0,357.49455384000095,300.0,357.49455384000095,300.0,0.0,0.0
3839,1686351660000.0,0.0,0.0,0.0,0.06827,0.0,0.0,0.06947,0.9993349083055295,1.0,357.49455384000095,300.0,357.49455384000095,300.0,0.0,0.0
3840,1686355260000.0,0.0,0.0,0.0,0.06827,0.0,0.0,0.06949,0.9993349083055295,1.0,357.49455384000095,300.0,357.49455384000095,300.0,0.0,0.0
3841,1686358860000.0,0.0,0.0,0.0,0.06827,0.0,0.0,0.07013,0.9993349083055295,1.0,357.49455384000095,300.0,357.49455384000095,300.0,0.0,0.0
3842,1686362460000.0,0.0,0.0,0.0,0.06827,0.0,0.0,0.06967,0.9993349083055295,1.0,357.49455384000095,300.0,357.49455384000095,300.0,0.0,0.0
3843,1686366060000.0,0.0,0.0,260.0,0.06871,0.0,0.0,0.06916,0.9993349083055295,1.0,357.47668924000095,300.0,357.59368924000097,300.0,0.04997416765266658,0.0
3844,1686369660000.0,0.0,0.0,260.0,0.06871,0.0,0.0,0.06764,0.9993349083055295,1.0,357.47668924000095,300.0,357.198489240001,300.0,0.04997416765266658,0.0
3845,1686373260000.0,3.207088792337357e-05,0.0,5755.0,0.06208893136403128,0.0,0.0,0.06038,0.9993349083055295,1.0,357.137232040001,300.0,347.302332040001,300.0,1.0005167984277212,0.0
3846,1686376860000.0,3.207088792337357e-05,0.0,5755.0,0.06208893136403128,0.0,0.0,0.06051,0.9993349083055295,1.0,357.137232040001,300.0,348.050482040001,300.0,1.0005167984277212,0.0
3847,1686380460000.0,3.207088792337357e-05,0.0,5755.0,0.06208893136403128,0.0,0.0,0.05972,0.9993349083055295,1.0,357.137232040001,300.0,343.504032040001,300.0,1.0005167984277212,0.0
3848,1686384060000.0,3.207088792337357e-05,0.0,5755.0,0.06208893136403128,0.0,0.0,0.05998,0.9993349083055295,1.0,357.137232040001,300.0,345.00033204000096,300.0,1.0005167984277212,0.0
3849,1686387660000.0,3.207088792337357e-05,0.0,5755.0,0.06208893136403128,0.0,0.0,0.06014,0.9993349083055295,1.0,357.137232040001,300.0,345.921132040001,300.0,1.0005167984277212,0.0
3850,1686391260000.0,3.207088792337357e-05,0.0,5755.0,0.06208893136403128,0.0,0.0,0.05979,0.9993349083055295,1.0,357.137232040001,300.0,343.906882040001,300.0,1.0005167984277212,0.0
3851,1686394860000.0,3.207088792337357e-05,0.0,5755.0,0.06208893136403128,0.0,0.0,0.05993,0.9993349083055295,1.0,357.137232040001,300.0,344.71258204000094,300.0,1.0005167984277212,0.0
3852,1686398460000.0,3.207088792337357e-05,0.0,5755.0,0.06208893136403128,0.0,0.0,0.05982,0.9993349083055295,1.0,357.137232040001,300.0,344.07953204000097,300.0,1.0005167984277212,0.0
3853,1686402060000.0,3.207088792337357e-05,0.0,5755.0,0.06208893136403128,0.0,0.0,0.05889,0.9993349083055295,1.0,357.137232040001,300.0,338.727382040001,300.0,1.0005167984277212,0.0
3854,1686405660000.0,3.207088792337357e-05,0.0,5755.0,0.06208893136403128,0.0,0.0,0.05977,0.9993349083055295,1.0,357.137232040001,300.0,343.79178204000095,300.0,1.0005167984277212,0.0
3855,1686409260000.0,3.207088792337357e-05,0.0,5755.0,0.06208893136403128,0.0,0.0,0.06009,0.9993349083055295,1.0,357.137232040001,300.0,345.633382040001,300.0,1.0005167984277212,0.0
3856,1686412860000.0,3.207088792337357e-05,0.0,5755.0,0.06208893136403128,0.0,0.0,0.06026,0.9993349083055295,1.0,357.137232040001,300.0,346.61173204000096,300.0,1.0005167984277212,0.0
3857,1686416460000.0,3.207088792337357e-05,0.0,5755.0,0.06208893136403128,0.0,0.0,0.06067,0.9993349083055295,1.0,357.137232040001,300.0,348.971282040001,300.0,1.0005167984277212,0.0
3858,1686420060000.0,3.207088792337357e-05,0.0,5755.0,0.06208893136403128,0.0,0.0,0.06188,0.9993349083055295,1.0,357.137232040001,300.0,355.93483204000097,300.0,1.0005167984277212,0.0
3859,1686423660000.0,3.207088792337357e-05,0.0,5755.0,0.06208893136403128,0.0,0.0,0.06104,0.9993349083055295,1.0,357.137232040001,300.0,351.10063204000096,300.0,1.0005167984277212,0.0
3860,1686427260000.0,3.207088792337357e-05,0.0,5755.0,0.06208893136403128,0.0,0.0,0.06128,0.9993349083055295,1.0,357.137232040001,300.0,352.481832040001,300.0,1.0005167984277212,0.0
3861,1686430860000.0,3.207088792337357e-05,0.0,5755.0,0.06208893136403128,0.0,0.0,0.06136,0.9993349083055295,1.0,357.137232040001,300.0,352.942232040001,300.0,1.0005167984277212,0.0
3862,1686434460000.0,3.207088792337357e-05,0.0,5755.0,0.06208893136403128,0.0,0.0,0.06158,0.9993349083055295,1.0,357.137232040001,300.0,354.208332040001,300.0,1.0005167984277212,0.0
3863,1686438060000.0,3.207088792337357e-05,0.0,5755.0,0.06208893136403128,0.0,0.0,0.06202,0.9993349083055295,1.0,357.137232040001,300.0,356.74053204000097,300.0,1.0005167984277212,0.0
3864,1686441660000.0,3.207088792337357e-05,0.0,5755.0,0.06208893136403128,0.0,0.0,0.06182,0.9993349083055295,1.0,357.137232040001,300.0,355.58953204000096,300.0,1.0005167984277212,0.0
3865,1686445260000.0,3.207088792337357e-05,0.0,5755.0,0.06208893136403128,0.0,0.0,0.0615,0.9993349083055295,1.0,357.137232040001,300.0,353.747932040001,300.0,1.0005167984277212,0.0
3866,1686448860000.0,3.207088792337357e-05,0.0,5755.0,0.06208893136403128,0.0,0.0,0.06171,0.9993349083055295,1.0,357.137232040001,300.0,354.956482040001,300.0,1.0005167984277212,0.0
3867,1686452460000.0,3.207088792337357e-05,0.0,5755.0,0.06208893136403128,0.0,0.0,0.06169,0.9993349083055295,1.0,357.137232040001,300.0,354.841382040001,300.0,1.0005167984277212,0.0
3868,1686456060000.0,3.207088792337357e-05,0.0,5755.0,0.06208893136403128,0.0,0.0,0.06157,0.9993349083055295,1.0,357.137232040001,300.0,354.150782040001,300.0,1.0005167984277212,0.0
3869,1686459660000.0,0.0,0.0,644.0,0.06208893136403128,0.0,0.0,0.06195,0.9993349083055295,1.0,359.9656484084371,300.0,359.876176610001,300.0,0.11108079889075033,0.0
3870,1686463260000.0,0.0,0.0,644.0,0.06208893136403128,0.0,0.0,0.06203,0.9993349083055295,1.0,359.9656484084371,300.0,359.92769661000096,300.0,0.11108079889075033,0.0
3871,1686466860000.0,0.0,0.0,644.0,0.06208893136403128,0.0,0.0,0.06198,0.9993349083055295,1.0,359.9656484084371,300.0,359.895496610001,300.0,0.11108079889075033,0.0
3872,1686470460000.0,0.0,0.0,644.0,0.06208893136403128,0.0,0.0,0.06182,0.9993349083055295,1.0,359.9656484084371,300.0,359.79245661000095,300.0,0.11108079889075033,0.0
3873,1686474060000.0,0.0,0.0,644.0,0.06208893136403128,0.0,0.0,0.06183,0.9993349083055295,1.0,359.9656484084371,300.0,359.79889661000095,300.0,0.11108079889075033,0.0
3874,1686477660000.0,0.0,0.0,644.0,0.06208893136403128,0.0,0.0,0.06161,0.9993349083055295,1.0,359.9656484084371,300.0,359.657216610001,300.0,0.11108079889075033,0.0
3875,1686481260000.0,0.0,0.0,644.0,0.06208893136403128,0.0,0.0,0.06193,0.9993349083055295,1.0,359.9656484084371,300.0,359.863296610001,300.0,0.11108079889075033,0.0
3876,1686484860000.0,0.0,0.0,644.0,0.06208893136403128,0.0,0.0,0.06196,0.9993349083055295,1.0,359.9656484084371,300.0,359.882616610001,300.0,0.11108079889075033,0.0
3877,1686488460000.0,0.0,0.0,644.0,0.06208893136403128,0.0,0.0,0.06185,0.9993349083055295,1.0,359.9656484084371,300.0,359.811776610001,300.0,0.11108079889075033,0.0
3878,1686492060000.0,0.0,0.0,644.0,0.06208893136403128,0.0,0.0,0.06175,0.9993349083055295,1.0,359.9656484084371,300.0,359.74737661000097,300.0,0.11108079889075033,0.0
3879,1686495660000.0,0.0,0.0,644.0,0.06208893136403128,0.0,0.0,0.06163,0.9993349083055295,1.0,359.9656484084371,300.0,359.670096610001,300.0,0.11108079889075033,0.0
3880,1686499260000.0,0.0,0.0,644.0,0.06208893136403128,0.0,0.0,0.06131,0.9993349083055295,1.0,359.9656484084371,300.0,359.46401661000095,300.0,0.11108079889075033,0.0
3881,1686502860000.0,0.0,0.0,644.0,0.06208893136403128,0.0,0.0,0.06179,0.9993349083055295,1.0,359.9656484084371,300.0,359.77313661000096,300.0,0.11108079889075033,0.0
3882,1686506460000.0,0.0,0.0,644.0,0.06208893136403128,0.0,0.0,0.06197,0.9993349083055295,1.0,359.9656484084371,300.0,359.889056610001,300.0,0.11108079889075033,0.0
3883,1686510060000.0,0.0,0.0,644.0,0.06208893136403128,0.0,0.0,0.06191,0.9993349083055295,1.0,359.9656484084371,300.0,359.850416610001,300.0,0.11108079889075033,0.0
3884,1686513660000.0,0.0,0.0,644.0,0.06208893136403128,0.0,0.0,0.06206,0.9993349083055295,1.0,359.9656484084371,300.0,359.94701661000096,300.0,0.11108079889075033,0.0
3885,1686517260000.0,0.0,0.0,644.0,0.06208893136403128,0.0,0.0,0.0621,0.9993349083055295,1.0,359.9656484084371,300.0,359.972776610001,300.0,0.11108079889075033,0.0
3886,1686520860000.0,0.0,0.0,644.0,0.06208893136403128,0.0,0.0,0.06186,0.9993349083055295,1.0,359.9656484084371,300.0,359.818216610001,300.0,0.11108079889075033,0.0
3887,1686524460000.0,0.0,0.0,644.0,0.06208893136403128,0.0,0.0,0.06148,0.9993349083055295,1.0,359.9656484084371,300.0,359.573496610001,300.0,0.11108079889075033,0.0
3888,1686528060000.0,0.0,0.0,644.0,0.06208893136403128,0.0,0.0,0.06142,0.9993349083055295,1.0,359.9656484084371,300.0,359.534856610001,300.0,0.11108079889075033,0.0
3889,1686531660000.0,0.0,0.0,644.0,0.06208893136403128,0.0,0.0,0.06149,0.9993349083055295,1.0,359.9656484084371,300.0,359.57993661000097,300.0,0.11108079889075033,0.0
3890,1686535260000.0,0.0,0.0,644.0,0.06208893136403128,0.0,0.0,0.06138,0.9993349083055295,1.0,359.9656484084371,300.0,359.509096610001,300.0,0.11108079889075033,0.0
3891,1686538860000.0,0.0,0.0,644.0,0.06208893136403128,0.0,0.0,0.06043,0.9993349083055295,1.0,359.9656484084371,300.0,358.897296610001,300.0,0.11108079889075033,0.0
3892,1686542460000.0,0.0,0.0,644.0,0.06208893136403128,0.0,0.0,0.06063,0.9993349083055295,1.0,359.9656484084371,300.0,359.026096610001,300.0,0.11108079889075033,0.0
3893,1686546060000.0,0.0,0.0,644.0,0.06208893136403128,0.0,0.0,0.06088,0.9993349083055295,1.0,359.9656484084371,300.0,359.187096610001,300.0,0.11108079889075033,0.0
3894,1686549660000.0,0.0,0.0,644.0,0.06208893136403128,0.0,0.0,0.06069,0.9993349083055295,1.0,359.9656484084371,300.0,359.064736610001,300.0,0.11108079889075033,0.0
3895,1686553260000.0,0.0,0.0,644.0,0.06208893136403128,0.0,0.0,0.06086,0.9993349083055295,1.0,359.9656484084371,300.0,359.174216610001,300.0,0.11108079889075033,0.0
3896,1686556860000.0,0.0,0.0,644.0,0.06208893136403128,0.0,0.0,0.06043,0.9993349083055295,1.0,359.9656484084371,300.0,358.897296610001,300.0,0.11108079889075033,0.0
3897,1686560460000.0,0.0,0.0,644.0,0.06208893136403128,0.0,0.0,0.0611,0.9993349083055295,1.0,359.9656484084371,300.0,359.328776610001,300.0,0.11108079889075033,0.0
3898,1686564060000.0,0.0,0.0,644.0,0.06208893136403128,0.0,0.0,0.0613,0.9993349083055295,1.0,359.9656484084371,300.0,359.45757661000096,300.0,0.11108079889075033,0.0
3899,1686567660000.0,0.0,0.0,644.0,0.06208893136403128,0.0,0.0,0.0615,0.9993349083055295,1.0,359.9656484084371,300.0,359.58637661000097,300.0,0.11108079889075033,0.0
3900,1686571260000.0,0.0,0.0,644.0,0.06208893136403128,0.0,0.0,0.0613,0.9993349083055295,1.0,359.9656484084371,300.0,359.45757661000096,300.0,0.11108079889075033,0.0
3901,1686574860000.0,0.0,0.0,644.0,0.06208893136403128,0.0,0.0,0.06126,0.9993349083055295,1.0,359.9656484084371,300.0,359.43181661000096,300.0,0.11108079889075033,0.0
3902,1686578460000.0,0.0,0.0,644.0,0.06208893136403128,0.0,0.0,0.06098,0.9993349083055295,1.0,359.9656484084371,300.0,359.25149661000097,300.0,0.11108079889075033,0.0
3903,1686582060000.0,0.0,0.0,644.0,0.06208893136403128,0.0,0.0,0.06103,0.9993349083055295,1.0,359.9656484084371,300.0,359.28369661000096,300.0,0.11108079889075033,0.0
3904,1686585660000.0,0.0,0.0,644.0,0.06208893136403128,0.0,0.0,0.06089,0.9993349083055295,1.0,359.9656484084371,300.0,359.193536610001,300.0,0.11108079889075033,0.0
3905,1686589260000.0,0.0,0.0,644.0,0.06208893136403128,0.0,0.0,0.0612,0.9993349083055295,1.0,359.9656484084371,300.0,359.393176610001,300.0,0.11108079889075033,0.0
3906,1686592860000.0,0.0,0.0,644.0,0.06208893136403128,0.0,0.0,0.06131,0.9993349083055295,1.0,359.9656484084371,300.0,359.46401661000095,300.0,0.11108079889075033,0.0
3907,1686596460000.0,0.0,0.0,644.0,0.06208893136403128,0.0,0.0,0.06139,0.9993349083055295,1.0,359.9656484084371,300.0,359.515536610001,300.0,0.11108079889075033,0.0
3908,1686600060000.0,0.0,0.0,644.0,0.06208893136403128,0.0,0.0,0.06127,0.9993349083055295,1.0,359.9656484084371,300.0,359.43825661000096,300.0,0.11108079889075033,0.0
3909,1686603660000.0,0.0,0.0,644.0,0.06208893136403128,0.0,0.0,0.06142,0.9993349083055295,1.0,359.9656484084371,300.0,359.534856610001,300.0,0.11108079889075033,0.0
3910,1686607260000.0,0.0,0.0,644.0,0.06208893136403128,0.0,0.0,0.06147,0.9993349083055295,1.0,359.9656484084371,300.0,359.567056610001,300.0,0.11108079889075033,0.0
3911,1686610860000.0,0.0,0.0,644.0,0.06208893136403128,0.0,0.0,0.06146,0.9993349083055295,1.0,359.9656484084371,300.0,359.560616610001,300.0,0.11108079889075033,0.0
3912,1686614460000.0,0.0,0.0,644.0,0.06208893136403128,0.0,0.0,0.06142,0.9993349083055295,1.0,359.9656484084371,300.0,359.534856610001,300.0,0.11108079889075033,0.0
3913,1686618060000.0,0.0,0.0,644.0,0.06208893136403128,0.0,0.0,0.06136,0.9993349083055295,1.0,359.9656484084371,300.0,359.496216610001,300.0,0.11108079889075033,0.0
3914,1686621660000.0,0.0,0.0,644.0,0.06208893136403128,0.0,0.0,0.06162,0.9993349083055295,1.0,359.9656484084371,300.0,359.663656610001,300.0,0.11108079889075033,0.0
3915,1686625260000.0,0.0,0.0,644.0,0.06208893136403128,0.0,0.0,0.06204,0.9993349083055295,1.0,359.9656484084371,300.0,359.93413661000096,300.0,0.11108079889075033,0.0
3916,1686628860000.0,0.0,0.0,644.0,0.06208893136403128,0.0,0.0,0.06191,0.9993349083055295,1.0,359.9656484084371,300.0,359.850416610001,300.0,0.11108079889075033,0.0
3917,1686632460000.0,0.0,0.0,644.0,0.06208893136403128,0.0,0.0,0.06185,0.9993349083055295,1.0,359.9656484084371,300.0,359.811776610001,300.0,0.11108079889075033,0.0
3918,1686636060000.0,0.0,0.0,644.0,0.06208893136403128,0.0,0.0,0.06187,0.9993349083055295,1.0,359.9656484084371,300.0,359.824656610001,300.0,0.11108079889075033,0.0
3919,1686639660000.0,0.0,0.0,644.0,0.06208893136403128,0.0,0.0,0.06187,0.9993349083055295,1.0,359.9656484084371,300.0,359.824656610001,300.0,0.11108079889075033,0.0
3920,1686643260000.0,0.0,0.0,644.0,0.06208893136403128,0.0,0.0,0.06181,0.9993349083055295,1.0,359.9656484084371,300.0,359.78601661000096,300.0,0.11108079889075033,0.0
3921,1686646860000.0,0.0,0.0,644.0,0.06208893136403128,0.0,0.0,0.06214,0.9993349083055295,1.0,359.9656484084371,300.0,359.998536610001,300.0,0.11108079889075033,0.0
3922,1686650460000.0,0.0,0.0,644.0,0.06208893136403128,0.0,0.0,0.06176,0.9993349083055295,1.0,359.9656484084371,300.0,359.75381661000097,300.0,0.11108079889075033,0.0
3923,1686654060000.0,0.0,0.0,644.0,0.06208893136403128,0.0,0.0,0.0618,0.9993349083055295,1.0,359.9656484084371,300.0,359.77957661000096,300.0,0.11108079889075033,0.0
3924,1686657660000.0,0.0,0.0,644.0,0.06208893136403128,0.0,0.0,0.06201,0.9993349083055295,1.0,359.9656484084371,300.0,359.91481661000097,300.0,0.11108079889075033,0.0
3925,1686661260000.0,0.0,0.0,644.0,0.06208893136403128,0.0,0.0,0.06187,0.9993349083055295,1.0,359.9656484084371,300.0,359.824656610001,300.0,0.11108079889075033,0.0
3926,1686664860000.0,0.0,0.0,644.0,0.06208893136403128,0.0,0.0,0.0617,0.9993349083055295,1.0,359.9656484084371,300.0,359.715176610001,300.0,0.11108079889075033,0.0
3927,1686668460000.0,0.0,0.0,644.0,0.06208893136403128,0.0,0.0,0.06146,0.9993349083055295,1.0,359.9656484084371,300.0,359.560616610001,300.0,0.11108079889075033,0.0
3928,1686672060000.0,0.0,0.0,644.0,0.06208893136403128,0.0,0.0,0.06077,0.9993349083055295,1.0,359.9656484084371,300.0,359.11625661000096,300.0,0.11108079889075033,0.0
3929,1686675660000.0,0.0,0.0,644.0,0.06208893136403128,0.0,0.0,0.06114,0.9993349083055295,1.0,359.9656484084371,300.0,359.354536610001,300.0,0.11108079889075033,0.0
3930,1686679260000.0,0.0,0.0,644.0,0.06208893136403128,0.0,0.0,0.06111,0.9993349083055295,1.0,359.9656484084371,300.0,359.335216610001,300.0,0.11108079889075033,0.0
3931,1686682860000.0,0.0,0.0,644.0,0.06208893136403128,0.0,0.0,0.0614,0.9993349083055295,1.0,359.9656484084371,300.0,359.521976610001,300.0,0.11108079889075033,0.0
3932,1686686460000.0,0.0,0.0,644.0,0.06208893136403128,0.0,0.0,0.06154,0.9993349083055295,1.0,359.9656484084371,300.0,359.61213661000096,300.0,0.11108079889075033,0.0
3933,1686690060000.0,0.0,0.0,644.0,0.06208893136403128,0.0,0.0,0.06166,0.9993349083055295,1.0,359.9656484084371,300.0,359.689416610001,300.0,0.11108079889075033,0.0
3934,1686693660000.0,0.0,0.0,644.0,0.06208893136403128,0.0,0.0,0.06168,0.9993349083055295,1.0,359.9656484084371,300.0,359.702296610001,300.0,0.11108079889075033,0.0
3935,1686697260000.0,0.0,0.0,644.0,0.06208893136403128,0.0,0.0,0.06156,0.9993349083055295,1.0,359.9656484084371,300.0,359.62501661000096,300.0,0.11108079889075033,0.0
3936,1686700860000.0,0.0,0.0,644.0,0.06208893136403128,0.0,0.0,0.06173,0.9993349083055295,1.0,359.9656484084371,300.0,359.734496610001,300.0,0.11108079889075033,0.0
3937,1686704460000.0,0.0,0.0,644.0,0.06208893136403128,0.0,0.0,0.06191,0.9993349083055295,1.0,359.9656484084371,300.0,359.850416610001,300.0,0.11108079889075033,0.0
3938,1686708060000.0,0.0,0.0,644.0,0.06208893136403128,0.0,0.0,0.06214,0.9993349083055295,1.0,359.9656484084371,300.0,359.998536610001,300.0,0.11108079889075033,0.0
3939,1686711660000.0,0.0,0.0,644.0,0.06208893136403128,0.0,0.0,0.06201,0.9993349083055295,1.0,359.9656484084371,300.0,359.91481661000097,300.0,0.11108079889075033,0.0
3940,1686715260000.0,0.0,0.0,644.0,0.06208893136403128,0.0,0.0,0.06204,0.9993349083055295,1.0,359.9656484084371,300.0,359.93413661000096,300.0,0.11108079889075033,0.0
3941,1686718860000.0,0.0,0.0,644.0,0.06208893136403128,0.0,0.0,0.06192,0.9993349083055295,1.0,359.9656484084371,300.0,359.856856610001,300.0,0.11108079889075033,0.0
3942,1686722460000.0,0.0,0.0,644.0,0.06208893136403128,0.0,0.0,0.06172,0.9993349083055295,1.0,359.9656484084371,300.0,359.728056610001,300.0,0.11108079889075033,0.0
3943,1686726060000.0,0.0,0.0,644.0,0.06208893136403128,0.0,0.0,0.06186,0.9993349083055295,1.0,359.9656484084371,300.0,359.818216610001,300.0,0.11108079889075033,0.0
3944,1686729660000.0,0.0,0.0,644.0,0.06208893136403128,0.0,0.0,0.06165,0.9993349083055295,1.0,359.9656484084371,300.0,359.682976610001,300.0,0.11108079889075033,0.0
3945,1686733260000.0,0.0,0.0,644.0,0.06208893136403128,0.0,0.0,0.06184,0.9993349083055295,1.0,359.9656484084371,300.0,359.80533661000095,300.0,0.11108079889075033,0.0
3946,1686736860000.0,0.0,0.0,644.0,0.06208893136403128,0.0,0.0,0.06189,0.9993349083055295,1.0,359.9656484084371,300.0,359.837536610001,300.0,0.11108079889075033,0.0
3947,1686740460000.0,0.0,0.0,644.0,0.06208893136403128,0.0,0.0,0.06191,0.9993349083055295,1.0,359.9656484084371,300.0,359.850416610001,300.0,0.11108079889075033,0.0
3948,1686744060000.0,0.0,0.0,644.0,0.06208893136403128,0.0,0.0,0.06198,0.9993349083055295,1.0,359.9656484084371,300.0,359.895496610001,300.0,0.11108079889075033,0.0
3949,1686747660000.0,0.0,0.0,644.0,0.06208893136403128,0.0,0.0,0.06204,0.9993349083055295,1.0,359.9656484084371,300.0,359.93413661000096,300.0,0.11108079889075033,0.0
3950,1686751260000.0,0.0,0.0,644.0,0.06208893136403128,0.0,0.0,0.0617,0.9993349083055295,1.0,359.9656484084371,300.0,359.715176610001,300.0,0.11108079889075033,0.0
3951,1686754860000.0,0.0,0.0,644.0,0.06208893136403128,0.0,0.0,0.06181,0.9993349083055295,1.0,359.9656484084371,300.0,359.78601661000096,300.0,0.11108079889075033,0.0
3952,1686758460000.0,0.0,0.0,644.0,0.06208893136403128,0.0,0.0,0.06178,0.9993349083055295,1.0,359.9656484084371,300.0,359.76669661000096,300.0,0.11108079889075033,0.0
3953,1686762060000.0,0.0,0.0,644.0,0.06208893136403128,0.0,0.0,0.0618,0.9993349083055295,1.0,359.9656484084371,300.0,359.77957661000096,300.0,0.11108079889075033,0.0
3954,1686765660000.0,0.0,0.0,644.0,0.06208893136403128,0.0,0.0,0.06192,0.9993349083055295,1.0,359.9656484084371,300.0,359.856856610001,300.0,0.11108079889075033,0.0
3955,1686769260000.0,0.0,0.0,644.0,0.06208893136403128,0.0,0.0,0.06173,0.9993349083055295,1.0,359.9656484084371,300.0,359.734496610001,300.0,0.11108079889075033,0.0
3956,1686772860000.0,0.0,0.0,644.0,0.06208893136403128,0.0,0.0,0.06142,0.9993349083055295,1.0,359.9656484084371,300.0,359.534856610001,300.0,0.11108079889075033,0.0
3957,1686776460000.0,0.0,0.0,1377.0,0.060843879301696546,0.0,0.0,0.05937,0.9993349083055295,1.0,359.9218516584371,300.0,357.89231986000095,300.0,0.23277836956102516,0.0
3958,1686780060000.0,0.0,0.0,1377.0,0.060843879301696546,0.0,0.0,0.05979,0.9993349083055295,1.0,359.9218516584371,300.0,358.470659860001,300.0,0.23277836956102516,0.0
3959,1686783660000.0,0.0,0.0,1377.0,0.060843879301696546,0.0,0.0,0.05998,0.9993349083055295,1.0,359.9218516584371,300.0,358.73228986000095,300.0,0.23277836956102516,0.0
3960,1686787260000.0,0.0,0.0,1377.0,0.060843879301696546,0.0,0.0,0.06036,0.9993349083055295,1.0,359.9218516584371,300.0,359.25554986000094,300.0,0.23277836956102516,0.0
3961,1686790860000.0,0.0,0.0,1377.0,0.060843879301696546,0.0,0.0,0.06028,0.9993349083055295,1.0,359.9218516584371,300.0,359.145389860001,300.0,0.23277836956102516,0.0
3962,1686794460000.0,0.0,0.0,1377.0,0.060843879301696546,0.0,0.0,0.05994,0.9993349083055295,1.0,359.9218516584371,300.0,358.67720986000097,300.0,0.23277836956102516,0.0
3963,1686798060000.0,0.0,0.0,1377.0,0.060843879301696546,0.0,0.0,0.06002,0.9993349083055295,1.0,359.9218516584371,300.0,358.787369860001,300.0,0.23277836956102516,0.0
3964,1686801660000.0,0.0,0.0,1377.0,0.060843879301696546,0.0,0.0,0.06015,0.9993349083055295,1.0,359.9218516584371,300.0,358.966379860001,300.0,0.23277836956102516,0.0
3965,1686805260000.0,0.0,0.0,1377.0,0.060843879301696546,0.0,0.0,0.06017,0.9993349083055295,1.0,359.9218516584371,300.0,358.993919860001,300.0,0.23277836956102516,0.0
3966,1686808860000.0,0.0,0.0,1377.0,0.060843879301696546,0.0,0.0,0.06006,0.9993349083055295,1.0,359.9218516584371,300.0,358.84244986000095,300.0,0.23277836956102516,0.0
3967,1686812460000.0,0.0,0.0,1377.0,0.060843879301696546,0.0,0.0,0.06005,0.9993349083055295,1.0,359.9218516584371,300.0,358.828679860001,300.0,0.23277836956102516,0.0
3968,1686816060000.0,0.0,0.0,1377.0,0.060843879301696546,0.0,0.0,0.06022,0.9993349083055295,1.0,359.9218516584371,300.0,359.06276986000097,300.0,0.23277836956102516,0.0
3969,1686819660000.0,0.0,0.0,1377.0,0.060843879301696546,0.0,0.0,0.06013,0.9993349083055295,1.0,359.9218516584371,300.0,358.93883986000094,300.0,0.23277836956102516,0.0
3970,1686823260000.0,0.0,0.0,0.0,0.060843879301696546,0.0,0.0,0.0608,0.9993349083055295,1.0,360.932012800001,300.0,360.932012800001,300.0,0.0,0.0
3971,1686826860000.0,0.0,0.0,0.0,0.060843879301696546,0.0,0.0,0.06091,0.9993349083055295,1.0,360.932012800001,300.0,360.932012800001,300.0,0.0,0.0
3972,1686830460000.0,0.0,0.0,0.0,0.060843879301696546,0.0,0.0,0.06114,0.9993349083055295,1.0,360.932012800001,300.0,360.932012800001,300.0,0.0,0.0
3973,1686834060000.0,0.0,0.0,0.0,0.060843879301696546,0.0,0.0,0.06108,0.9993349083055295,1.0,360.932012800001,300.0,360.932012800001,300.0,0.0,0.0
3974,1686837660000.0,0.0,0.0,0.0,0.060843879301696546,0.0,0.0,0.06142,0.9993349083055295,1.0,360.932012800001,300.0,360.932012800001,300.0,0.0,0.0
3975,1686841260000.0,0.0,0.0,0.0,0.060843879301696546,0.0,0.0,0.06113,0.9993349083055295,1.0,360.932012800001,300.0,360.932012800001,300.0,0.0,0.0
3976,1686844860000.0,0.0,0.0,0.0,0.060843879301696546,0.0,0.0,0.06102,0.9993349083055295,1.0,360.932012800001,300.0,360.932012800001,300.0,0.0,0.0
3977,1686848460000.0,0.0,0.0,0.0,0.060843879301696546,0.0,0.0,0.06079,0.9993349083055295,1.0,360.932012800001,300.0,360.932012800001,300.0,0.0,0.0
3978,1686852060000.0,0.0,0.0,298.0,0.06062,0.0,0.0,0.06105,0.9993349083055295,1.0,360.913948040001,300.0,361.042088040001,300.0,0.050052817570790685,0.0
3979,1686855660000.0,0.0,0.0,0.0,0.06062,0.0,0.0,0.06165,0.9993349083055295,1.0,361.139998920001,300.0,361.139998920001,300.0,0.0,0.0
3980,1686859260000.0,0.0,0.0,0.0,0.06062,0.0,0.0,0.06161,0.9993349083055295,1.0,361.139998920001,300.0,361.139998920001,300.0,0.0,0.0
3981,1686862860000.0,0.0,0.0,0.0,0.06062,0.0,0.0,0.06173,0.9993349083055295,1.0,361.139998920001,300.0,361.139998920001,300.0,0.0,0.0
3982,1686866460000.0,0.0,0.0,0.0,0.06062,0.0,0.0,0.06157,0.9993349083055295,1.0,361.139998920001,300.0,361.139998920001,300.0,0.0,0.0
3983,1686870060000.0,0.0,0.0,0.0,0.06062,0.0,0.0,0.06156,0.9993349083055295,1.0,361.139998920001,300.0,361.139998920001,300.0,0.0,0.0
3984,1686873660000.0,0.0,0.0,0.0,0.06062,0.0,0.0,0.06143,0.9993349083055295,1.0,361.139998920001,300.0,361.139998920001,300.0,0.0,0.0
3985,1686877260000.0,0.0,0.0,0.0,0.06062,0.0,0.0,0.06149,0.9993349083055295,1.0,361.139998920001,300.0,361.139998920001,300.0,0.0,0.0
3986,1686880860000.0,0.0,0.0,0.0,0.06062,0.0,0.0,0.0618,0.9993349083055295,1.0,361.139998920001,300.0,361.139998920001,300.0,0.0,0.0
3987,1686884460000.0,0.0,0.0,0.0,0.06062,0.0,0.0,0.06163,0.9993349083055295,1.0,361.139998920001,300.0,361.139998920001,300.0,0.0,0.0
3988,1686888060000.0,0.0,0.0,0.0,0.06062,0.0,0.0,0.06181,0.9993349083055295,1.0,361.139998920001,300.0,361.139998920001,300.0,0.0,0.0
3989,1686891660000.0,0.0,0.0,0.0,0.06062,0.0,0.0,0.06169,0.9993349083055295,1.0,361.139998920001,300.0,361.139998920001,300.0,0.0,0.0
3990,1686895260000.0,0.0,0.0,0.0,0.06062,0.0,0.0,0.06193,0.9993349083055295,1.0,361.139998920001,300.0,361.139998920001,300.0,0.0,0.0
3991,1686898860000.0,0.0,0.0,0.0,0.06062,0.0,0.0,0.06187,0.9993349083055295,1.0,361.139998920001,300.0,361.139998920001,300.0,0.0,0.0
3992,1686902460000.0,0.0,0.0,0.0,0.06062,0.0,0.0,0.06171,0.9993349083055295,1.0,361.139998920001,300.0,361.139998920001,300.0,0.0,0.0
3993,1686906060000.0,0.0,0.0,0.0,0.06062,0.0,0.0,0.06174,0.9993349083055295,1.0,361.139998920001,300.0,361.139998920001,300.0,0.0,0.0
3994,1686909660000.0,0.0,0.0,0.0,0.06062,0.0,0.0,0.06176,0.9993349083055295,1.0,361.139998920001,300.0,361.139998920001,300.0,0.0,0.0
3995,1686913260000.0,0.0,0.0,0.0,0.06062,0.0,0.0,0.06165,0.9993349083055295,1.0,361.139998920001,300.0,361.139998920001,300.0,0.0,0.0
3996,1686916860000.0,0.0,0.0,295.0,0.06131,0.0,0.0,0.06135,0.9993349083055295,1.0,361.121912470001,300.0,361.133712470001,300.0,0.05008405575915438,0.0
3997,1686920460000.0,0.0,0.0,295.0,0.06131,0.0,0.0,0.0615,0.9993349083055295,1.0,361.121912470001,300.0,361.177962470001,300.0,0.05008405575915438,0.0
3998,1686924060000.0,0.0,0.0,295.0,0.06131,0.0,0.0,0.06118,0.9993349083055295,1.0,361.121912470001,300.0,361.083562470001,300.0,0.05008405575915438,0.0
3999,1686927660000.0,0.0,0.0,295.0,0.06131,0.0,0.0,0.06166,0.9993349083055295,1.0,361.121912470001,300.0,361.225162470001,300.0,0.05008405575915438,0.0
4000,1686931260000.0,0.0,0.0,295.0,0.06131,0.0,0.0,0.06169,0.9993349083055295,1.0,361.121912470001,300.0,361.234012470001,300.0,0.05008405575915438,0.0
4001,1686934860000.0,0.0,0.0,295.0,0.06131,0.0,0.0,0.06171,0.9993349083055295,1.0,361.121912470001,300.0,361.239912470001,300.0,0.05008405575915438,0.0
4002,1686938460000.0,0.0,0.0,295.0,0.06131,0.0,0.0,0.062,0.9993349083055295,1.0,361.121912470001,300.0,361.325462470001,300.0,0.05008405575915438,0.0
4003,1686942060000.0,0.0,0.0,0.0,0.06131,0.0,0.0,0.06223,0.9993349083055295,1.0,361.348431170001,300.0,361.348431170001,300.0,0.0,0.0
4004,1686945660000.0,0.0,0.0,0.0,0.06131,0.0,0.0,0.06233,0.9993349083055295,1.0,361.348431170001,300.0,361.348431170001,300.0,0.0,0.0
4005,1686949260000.0,0.0,0.0,0.0,0.06131,0.0,0.0,0.06257,0.9993349083055295,1.0,361.348431170001,300.0,361.348431170001,300.0,0.0,0.0
4006,1686952860000.0,0.0,0.0,0.0,0.06131,0.0,0.0,0.06189,0.9993349083055295,1.0,361.348431170001,300.0,361.348431170001,300.0,0.0,0.0
4007,1686956460000.0,0.0,0.0,0.0,0.06131,0.0,0.0,0.06213,0.9993349083055295,1.0,361.348431170001,300.0,361.348431170001,300.0,0.0,0.0
4008,1686960060000.0,0.0,0.0,0.0,0.06131,0.0,0.0,0.06211,0.9993349083055295,1.0,361.348431170001,300.0,361.348431170001,300.0,0.0,0.0
4009,1686963660000.0,0.0,0.0,0.0,0.06131,0.0,0.0,0.06199,0.9993349083055295,1.0,361.348431170001,300.0,361.348431170001,300.0,0.0,0.0
4010,1686967260000.0,0.0,0.0,0.0,0.06131,0.0,0.0,0.06182,0.9993349083055295,1.0,361.348431170001,300.0,361.348431170001,300.0,0.0,0.0
4011,1686970860000.0,0.0,0.0,0.0,0.06131,0.0,0.0,0.06206,0.9993349083055295,1.0,361.348431170001,300.0,361.348431170001,300.0,0.0,0.0
4012,1686974460000.0,0.0,0.0,0.0,0.06131,0.0,0.0,0.06191,0.9993349083055295,1.0,361.348431170001,300.0,361.348431170001,300.0,0.0,0.0
4013,1686978060000.0,0.0,0.0,0.0,0.06131,0.0,0.0,0.06205,0.9993349083055295,1.0,361.348431170001,300.0,361.348431170001,300.0,0.0,0.0
4014,1686981660000.0,0.0,0.0,0.0,0.06131,0.0,0.0,0.06282,0.9993349083055295,1.0,361.348431170001,300.0,361.348431170001,300.0,0.0,0.0
4015,1686985260000.0,0.0,0.0,0.0,0.06131,0.0,0.0,0.06252,0.9993349083055295,1.0,361.348431170001,300.0,361.348431170001,300.0,0.0,0.0
4016,1686988860000.0,0.0,0.0,0.0,0.06131,0.0,0.0,0.06262,0.9993349083055295,1.0,361.348431170001,300.0,361.348431170001,300.0,0.0,0.0
4017,1686992460000.0,0.0,0.0,0.0,0.06131,0.0,0.0,0.06268,0.9993349083055295,1.0,361.348431170001,300.0,361.348431170001,300.0,0.0,0.0
4018,1686996060000.0,0.0,0.0,0.0,0.06131,0.0,0.0,0.06267,0.9993349083055295,1.0,361.348431170001,300.0,361.348431170001,300.0,0.0,0.0
4019,1686999660000.0,0.0,0.0,0.0,0.06131,0.0,0.0,0.06264,0.9993349083055295,1.0,361.348431170001,300.0,361.348431170001,300.0,0.0,0.0
4020,1687003260000.0,0.0,0.0,0.0,0.06131,0.0,0.0,0.06234,0.9993349083055295,1.0,361.348431170001,300.0,361.348431170001,300.0,0.0,0.0
4021,1687006860000.0,0.0,0.0,0.0,0.06131,0.0,0.0,0.06241,0.9993349083055295,1.0,361.348431170001,300.0,361.348431170001,300.0,0.0,0.0
4022,1687010460000.0,0.0,0.0,0.0,0.06131,0.0,0.0,0.06237,0.9993349083055295,1.0,361.348431170001,300.0,361.348431170001,300.0,0.0,0.0
4023,1687014060000.0,0.0,0.0,0.0,0.06131,0.0,0.0,0.06223,0.9993349083055295,1.0,361.348431170001,300.0,361.348431170001,300.0,0.0,0.0
4024,1687017660000.0,0.0,0.0,291.0,0.06203,0.0,0.0,0.06223,0.9993349083055295,1.0,361.33038044000097,300.0,361.38858044000096,300.0,0.049956303087548795,0.0
4025,1687021260000.0,0.0,0.0,291.0,0.06203,0.0,0.0,0.06236,0.9993349083055295,1.0,361.33038044000097,300.0,361.42641044000095,300.0,0.049956303087548795,0.0
4026,1687024860000.0,0.0,0.0,291.0,0.06203,0.0,0.0,0.06211,0.9993349083055295,1.0,361.33038044000097,300.0,361.35366044000097,300.0,0.049956303087548795,0.0
4027,1687028460000.0,0.0,0.0,291.0,0.06203,0.0,0.0,0.06233,0.9993349083055295,1.0,361.33038044000097,300.0,361.417680440001,300.0,0.049956303087548795,0.0
4028,1687032060000.0,0.0,0.0,291.0,0.06203,0.0,0.0,0.06214,0.9993349083055295,1.0,361.33038044000097,300.0,361.362390440001,300.0,0.049956303087548795,0.0
4029,1687035660000.0,0.0,0.0,291.0,0.06203,0.0,0.0,0.06224,0.9993349083055295,1.0,361.33038044000097,300.0,361.39149044000095,300.0,0.049956303087548795,0.0
4030,1687039260000.0,0.0,0.0,291.0,0.06203,0.0,0.0,0.06219,0.9993349083055295,1.0,361.33038044000097,300.0,361.37694044000096,300.0,0.049956303087548795,0.0
4031,1687042860000.0,0.0,0.0,291.0,0.06203,0.0,0.0,0.06226,0.9993349083055295,1.0,361.33038044000097,300.0,361.397310440001,300.0,0.049956303087548795,0.0
4032,1687046460000.0,0.0,0.0,291.0,0.06203,0.0,0.0,0.06216,0.9993349083055295,1.0,361.33038044000097,300.0,361.36821044000095,300.0,0.049956303087548795,0.0
4033,1687050060000.0,0.0,0.0,291.0,0.06203,0.0,0.0,0.06181,0.9993349083055295,1.0,361.33038044000097,300.0,361.26636044000094,300.0,0.049956303087548795,0.0
4034,1687053660000.0,0.0,0.0,291.0,0.06203,0.0,0.0,0.06197,0.9993349083055295,1.0,361.33038044000097,300.0,361.31292044000094,300.0,0.049956303087548795,0.0
4035,1687057260000.0,0.0,0.0,291.0,0.06203,0.0,0.0,0.0618,0.9993349083055295,1.0,361.33038044000097,300.0,361.26345044000095,300.0,0.049956303087548795,0.0
4036,1687060860000.0,0.0,0.0,291.0,0.06203,0.0,0.0,0.06189,0.9993349083055295,1.0,361.33038044000097,300.0,361.28964044000094,300.0,0.049956303087548795,0.0
4037,1687064460000.0,0.0,0.0,291.0,0.06203,0.0,0.0,0.06191,0.9993349083055295,1.0,361.33038044000097,300.0,361.29546044000097,300.0,0.049956303087548795,0.0
4038,1687068060000.0,0.0,0.0,291.0,0.06203,0.0,0.0,0.06171,0.9993349083055295,1.0,361.33038044000097,300.0,361.23726044000097,300.0,0.049956303087548795,0.0
4039,1687071660000.0,0.0,0.0,291.0,0.06203,0.0,0.0,0.06182,0.9993349083055295,1.0,361.33038044000097,300.0,361.269270440001,300.0,0.049956303087548795,0.0
4040,1687075260000.0,0.0,0.0,291.0,0.06203,0.0,0.0,0.06182,0.9993349083055295,1.0,361.33038044000097,300.0,361.269270440001,300.0,0.049956303087548795,0.0
4041,1687078860000.0,0.0,0.0,291.0,0.06203,0.0,0.0,0.06219,0.9993349083055295,1.0,361.33038044000097,300.0,361.37694044000096,300.0,0.049956303087548795,0.0
4042,1687082460000.0,0.0,0.0,291.0,0.06203,0.0,0.0,0.06221,0.9993349083055295,1.0,361.33038044000097,300.0,361.382760440001,300.0,0.049956303087548795,0.0
4043,1687086060000.0,0.0,0.0,291.0,0.06203,0.0,0.0,0.0622,0.9993349083055295,1.0,361.33038044000097,300.0,361.37985044000095,300.0,0.049956303087548795,0.0
4044,1687089660000.0,0.0,0.0,291.0,0.06203,0.0,0.0,0.06218,0.9993349083055295,1.0,361.33038044000097,300.0,361.374030440001,300.0,0.049956303087548795,0.0
4045,1687093260000.0,0.0,0.0,291.0,0.06203,0.0,0.0,0.06236,0.9993349083055295,1.0,361.33038044000097,300.0,361.42641044000095,300.0,0.049956303087548795,0.0
4046,1687096860000.0,0.0,0.0,291.0,0.06203,0.0,0.0,0.06246,0.9993349083055295,1.0,361.33038044000097,300.0,361.455510440001,300.0,0.049956303087548795,0.0
4047,1687100460000.0,0.0,0.0,0.0,0.06203,0.0,0.0,0.06326,0.9993349083055295,1.0,361.556525270001,300.0,361.556525270001,300.0,0.0,0.0
4048,1687104060000.0,0.0,0.0,0.0,0.06203,0.0,0.0,0.06293,0.9993349083055295,1.0,361.556525270001,300.0,361.556525270001,300.0,0.0,0.0
4049,1687107660000.0,0.0,0.0,0.0,0.06203,0.0,0.0,0.06303,0.9993349083055295,1.0,361.556525270001,300.0,361.556525270001,300.0,0.0,0.0
4050,1687111260000.0,0.0,0.0,0.0,0.06203,0.0,0.0,0.06302,0.9993349083055295,1.0,361.556525270001,300.0,361.556525270001,300.0,0.0,0.0
4051,1687114860000.0,0.0,0.0,0.0,0.06203,0.0,0.0,0.06278,0.9993349083055295,1.0,361.556525270001,300.0,361.556525270001,300.0,0.0,0.0
4052,1687118460000.0,0.0,0.0,0.0,0.06203,0.0,0.0,0.06274,0.9993349083055295,1.0,361.556525270001,300.0,361.556525270001,300.0,0.0,0.0
4053,1687122060000.0,0.0,0.0,290.0,0.06224,0.0,0.0,0.06182,0.9993349083055295,1.0,361.538475670001,300.0,361.416675670001,300.0,0.049924423580507124,0.0
4054,1687125660000.0,0.0,0.0,290.0,0.06224,0.0,0.0,0.06179,0.9993349083055295,1.0,361.538475670001,300.0,361.407975670001,300.0,0.049924423580507124,0.0
4055,1687129260000.0,0.0,0.0,290.0,0.06224,0.0,0.0,0.06185,0.9993349083055295,1.0,361.538475670001,300.0,361.425375670001,300.0,0.049924423580507124,0.0
4056,1687132860000.0,0.0,0.0,290.0,0.06224,0.0,0.0,0.0621,0.9993349083055295,1.0,361.538475670001,300.0,361.497875670001,300.0,0.049924423580507124,0.0
4057,1687136460000.0,0.0,0.0,290.0,0.06224,0.0,0.0,0.06187,0.9993349083055295,1.0,361.538475670001,300.0,361.431175670001,300.0,0.049924423580507124,0.0
4058,1687140060000.0,0.0,0.0,290.0,0.06224,0.0,0.0,0.06197,0.9993349083055295,1.0,361.538475670001,300.0,361.460175670001,300.0,0.049924423580507124,0.0
4059,1687143660000.0,0.0,0.0,290.0,0.06224,0.0,0.0,0.06212,0.9993349083055295,1.0,361.538475670001,300.0,361.503675670001,300.0,0.049924423580507124,0.0
4060,1687147260000.0,0.0,0.0,290.0,0.06224,0.0,0.0,0.06191,0.9993349083055295,1.0,361.538475670001,300.0,361.44277567000097,300.0,0.049924423580507124,0.0
4061,1687150860000.0,0.0,0.0,290.0,0.06224,0.0,0.0,0.06207,0.9993349083055295,1.0,361.538475670001,300.0,361.489175670001,300.0,0.049924423580507124,0.0
4062,1687154460000.0,0.0,0.0,290.0,0.06224,0.0,0.0,0.06213,0.9993349083055295,1.0,361.538475670001,300.0,361.506575670001,300.0,0.049924423580507124,0.0
4063,1687158060000.0,0.0,0.0,290.0,0.06224,0.0,0.0,0.062,0.9993349083055295,1.0,361.538475670001,300.0,361.468875670001,300.0,0.049924423580507124,0.0
4064,1687161660000.0,0.0,0.0,290.0,0.06224,0.0,0.0,0.06201,0.9993349083055295,1.0,361.538475670001,300.0,361.47177567000097,300.0,0.049924423580507124,0.0
4065,1687165260000.0,0.0,0.0,290.0,0.06224,0.0,0.0,0.06187,0.9993349083055295,1.0,361.538475670001,300.0,361.431175670001,300.0,0.049924423580507124,0.0
4066,1687168860000.0,0.0,0.0,290.0,0.06224,0.0,0.0,0.06199,0.9993349083055295,1.0,361.538475670001,300.0,361.465975670001,300.0,0.049924423580507124,0.0
4067,1687172460000.0,0.0,0.0,290.0,0.06224,0.0,0.0,0.06184,0.9993349083055295,1.0,361.538475670001,300.0,361.422475670001,300.0,0.049924423580507124,0.0
4068,1687176060000.0,0.0,0.0,290.0,0.06224,0.0,0.0,0.06199,0.9993349083055295,1.0,361.538475670001,300.0,361.465975670001,300.0,0.049924423580507124,0.0
4069,1687179660000.0,0.0,0.0,290.0,0.06224,0.0,0.0,0.06218,0.9993349083055295,1.0,361.538475670001,300.0,361.521075670001,300.0,0.049924423580507124,0.0
4070,1687183260000.0,0.0,0.0,290.0,0.06224,0.0,0.0,0.06208,0.9993349083055295,1.0,361.538475670001,300.0,361.492075670001,300.0,0.049924423580507124,0.0
4071,1687186860000.0,0.0,0.0,290.0,0.06224,0.0,0.0,0.06181,0.9993349083055295,1.0,361.538475670001,300.0,361.413775670001,300.0,0.049924423580507124,0.0
4072,1687190460000.0,0.0,0.0,290.0,0.06224,0.0,0.0,0.06195,0.9993349083055295,1.0,361.538475670001,300.0,361.454375670001,300.0,0.049924423580507124,0.0
4073,1687194060000.0,0.0,0.0,290.0,0.06224,0.0,0.0,0.06189,0.9993349083055295,1.0,361.538475670001,300.0,361.436975670001,300.0,0.049924423580507124,0.0
4074,1687197660000.0,0.0,0.0,290.0,0.06224,0.0,0.0,0.0622,0.9993349083055295,1.0,361.538475670001,300.0,361.526875670001,300.0,0.049924423580507124,0.0
4075,1687201260000.0,0.0,0.0,290.0,0.06224,0.0,0.0,0.06177,0.9993349083055295,1.0,361.538475670001,300.0,361.402175670001,300.0,0.049924423580507124,0.0
4076,1687204860000.0,0.0,0.0,290.0,0.06224,0.0,0.0,0.0623,0.9993349083055295,1.0,361.538475670001,300.0,361.555875670001,300.0,0.049924423580507124,0.0
4077,1687208460000.0,0.0,0.0,290.0,0.06224,0.0,0.0,0.06243,0.9993349083055295,1.0,361.538475670001,300.0,361.593575670001,300.0,0.049924423580507124,0.0
4078,1687212060000.0,0.0,0.0,290.0,0.06224,0.0,0.0,0.06226,0.9993349083055295,1.0,361.538475670001,300.0,361.544275670001,300.0,0.049924423580507124,0.0
4079,1687215660000.0,0.0,0.0,290.0,0.06224,0.0,0.0,0.06231,0.9993349083055295,1.0,361.538475670001,300.0,361.558775670001,300.0,0.049924423580507124,0.0
4080,1687219260000.0,0.0,0.0,290.0,0.06224,0.0,0.0,0.06239,0.9993349083055295,1.0,361.538475670001,300.0,361.581975670001,300.0,0.049924423580507124,0.0
4081,1687222860000.0,0.0,0.0,290.0,0.06224,0.0,0.0,0.06254,0.9993349083055295,1.0,361.538475670001,300.0,361.625475670001,300.0,0.049924423580507124,0.0
4082,1687226460000.0,0.0,0.0,290.0,0.06224,0.0,0.0,0.06232,0.9993349083055295,1.0,361.538475670001,300.0,361.56167567000097,300.0,0.049924423580507124,0.0
4083,1687230060000.0,0.0,0.0,290.0,0.06224,0.0,0.0,0.0624,0.9993349083055295,1.0,361.538475670001,300.0,361.584875670001,300.0,0.049924423580507124,0.0
4084,1687233660000.0,0.0,0.0,290.0,0.06224,0.0,0.0,0.06231,0.9993349083055295,1.0,361.538475670001,300.0,361.558775670001,300.0,0.049924423580507124,0.0
4085,1687237260000.0,0.0,0.0,290.0,0.06224,0.0,0.0,0.0623,0.9993349083055295,1.0,361.538475670001,300.0,361.555875670001,300.0,0.049924423580507124,0.0
4086,1687240860000.0,0.0,0.0,290.0,0.06224,0.0,0.0,0.06217,0.9993349083055295,1.0,361.538475670001,300.0,361.51817567000097,300.0,0.049924423580507124,0.0
4087,1687244460000.0,0.0,0.0,290.0,0.06224,0.0,0.0,0.06206,0.9993349083055295,1.0,361.538475670001,300.0,361.48627567000096,300.0,0.049924423580507124,0.0
4088,1687248060000.0,0.0,0.0,290.0,0.06224,0.0,0.0,0.06207,0.9993349083055295,1.0,361.538475670001,300.0,361.489175670001,300.0,0.049924423580507124,0.0
4089,1687251660000.0,0.0,0.0,290.0,0.06224,0.0,0.0,0.0619,0.9993349083055295,1.0,361.538475670001,300.0,361.439875670001,300.0,0.049924423580507124,0.0
4090,1687255260000.0,0.0,0.0,290.0,0.06224,0.0,0.0,0.06187,0.9993349083055295,1.0,361.538475670001,300.0,361.431175670001,300.0,0.049924423580507124,0.0
4091,1687258860000.0,0.0,0.0,290.0,0.06224,0.0,0.0,0.06188,0.9993349083055295,1.0,361.538475670001,300.0,361.434075670001,300.0,0.049924423580507124,0.0
4092,1687262460000.0,0.0,0.0,290.0,0.06224,0.0,0.0,0.062,0.9993349083055295,1.0,361.538475670001,300.0,361.468875670001,300.0,0.049924423580507124,0.0
4093,1687266060000.0,0.0,0.0,290.0,0.06224,0.0,0.0,0.06184,0.9993349083055295,1.0,361.538475670001,300.0,361.422475670001,300.0,0.049924423580507124,0.0
4094,1687269660000.0,0.0,0.0,290.0,0.06224,0.0,0.0,0.06143,0.9993349083055295,1.0,361.538475670001,300.0,361.303575670001,300.0,0.049924423580507124,0.0
4095,1687273260000.0,0.0,0.0,290.0,0.06224,0.0,0.0,0.06111,0.9993349083055295,1.0,361.538475670001,300.0,361.210775670001,300.0,0.049924423580507124,0.0
4096,1687276860000.0,0.0,0.0,290.0,0.06224,0.0,0.0,0.06132,0.9993349083055295,1.0,361.538475670001,300.0,361.271675670001,300.0,0.049924423580507124,0.0
4097,1687280460000.0,0.0,0.0,290.0,0.06224,0.0,0.0,0.06171,0.9993349083055295,1.0,361.538475670001,300.0,361.384775670001,300.0,0.049924423580507124,0.0
4098,1687284060000.0,0.0,0.0,290.0,0.06224,0.0,0.0,0.06225,0.9993349083055295,1.0,361.538475670001,300.0,361.541375670001,300.0,0.049924423580507124,0.0
4099,1687287660000.0,0.0,0.0,290.0,0.06224,0.0,0.0,0.06254,0.9993349083055295,1.0,361.538475670001,300.0,361.625475670001,300.0,0.049924423580507124,0.0
4100,1687291260000.0,0.0,0.0,290.0,0.06224,0.0,0.0,0.06268,0.9993349083055295,1.0,361.538475670001,300.0,361.66607567000096,300.0,0.049924423580507124,0.0
4101,1687294860000.0,0.0,0.0,290.0,0.06224,0.0,0.0,0.06275,0.9993349083055295,1.0,361.538475670001,300.0,361.686375670001,300.0,0.049924423580507124,0.0
4102,1687298460000.0,0.0,0.0,290.0,0.06224,0.0,0.0,0.06247,0.9993349083055295,1.0,361.538475670001,300.0,361.605175670001,300.0,0.049924423580507124,0.0
4103,1687302060000.0,0.0,0.0,290.0,0.06224,0.0,0.0,0.06283,0.9993349083055295,1.0,361.538475670001,300.0,361.709575670001,300.0,0.049924423580507124,0.0
4104,1687305660000.0,0.0,0.0,0.0,0.06224,0.0,0.0,0.06312,0.9993349083055295,1.0,361.763782470001,300.0,361.763782470001,300.0,0.0,0.0
4105,1687309260000.0,0.0,0.0,0.0,0.06224,0.0,0.0,0.06335,0.9993349083055295,1.0,361.763782470001,300.0,361.763782470001,300.0,0.0,0.0
4106,1687312860000.0,0.0,0.0,0.0,0.06224,0.0,0.0,0.06367,0.9993349083055295,1.0,361.763782470001,300.0,361.763782470001,300.0,0.0,0.0
4107,1687316460000.0,0.0,0.0,0.0,0.06224,0.0,0.0,0.0639,0.9993349083055295,1.0,361.763782470001,300.0,361.763782470001,300.0,0.0,0.0
4108,1687320060000.0,0.0,0.0,0.0,0.06224,0.0,0.0,0.06393,0.9993349083055295,1.0,361.763782470001,300.0,361.763782470001,300.0,0.0,0.0
4109,1687323660000.0,0.0,0.0,0.0,0.06224,0.0,0.0,0.06396,0.9993349083055295,1.0,361.763782470001,300.0,361.763782470001,300.0,0.0,0.0
4110,1687327260000.0,0.0,0.0,0.0,0.06224,0.0,0.0,0.06425,0.9993349083055295,1.0,361.763782470001,300.0,361.763782470001,300.0,0.0,0.0
4111,1687330860000.0,0.0,0.0,0.0,0.06224,0.0,0.0,0.06403,0.9993349083055295,1.0,361.763782470001,300.0,361.763782470001,300.0,0.0,0.0
4112,1687334460000.0,0.0,0.0,0.0,0.06224,0.0,0.0,0.06433,0.9993349083055295,1.0,361.763782470001,300.0,361.763782470001,300.0,0.0,0.0
4113,1687338060000.0,0.0,0.0,0.0,0.06224,0.0,0.0,0.06418,0.9993349083055295,1.0,361.763782470001,300.0,361.763782470001,300.0,0.0,0.0
4114,1687341660000.0,0.0,0.0,0.0,0.06224,0.0,0.0,0.06428,0.9993349083055295,1.0,361.763782470001,300.0,361.763782470001,300.0,0.0,0.0
4115,1687345260000.0,0.0,0.0,0.0,0.06224,0.0,0.0,0.06386,0.9993349083055295,1.0,361.763782470001,300.0,361.763782470001,300.0,0.0,0.0
4116,1687348860000.0,0.0,0.0,0.0,0.06224,0.0,0.0,0.06398,0.9993349083055295,1.0,361.763782470001,300.0,361.763782470001,300.0,0.0,0.0
4117,1687352460000.0,0.0,0.0,0.0,0.06224,0.0,0.0,0.06365,0.9993349083055295,1.0,361.763782470001,300.0,361.763782470001,300.0,0.0,0.0
4118,1687356060000.0,0.0,0.0,0.0,0.06224,0.0,0.0,0.06397,0.9993349083055295,1.0,361.763782470001,300.0,361.763782470001,300.0,0.0,0.0
4119,1687359660000.0,0.0,0.0,0.0,0.06224,0.0,0.0,0.06445,0.9993349083055295,1.0,361.763782470001,300.0,361.763782470001,300.0,0.0,0.0
4120,1687363260000.0,0.0,0.0,0.0,0.06224,0.0,0.0,0.06479,0.9993349083055295,1.0,361.763782470001,300.0,361.763782470001,300.0,0.0,0.0
4121,1687366860000.0,0.0,0.0,0.0,0.06224,0.0,0.0,0.06543,0.9993349083055295,1.0,361.763782470001,300.0,361.763782470001,300.0,0.0,0.0
4122,1687370460000.0,0.0,0.0,0.0,0.06224,0.0,0.0,0.06557,0.9993349083055295,1.0,361.763782470001,300.0,361.763782470001,300.0,0.0,0.0
4123,1687374060000.0,0.0,0.0,0.0,0.06224,0.0,0.0,0.06566,0.9993349083055295,1.0,361.763782470001,300.0,361.763782470001,300.0,0.0,0.0
4124,1687377660000.0,0.0,0.0,0.0,0.06224,0.0,0.0,0.06584,0.9993349083055295,1.0,361.763782470001,300.0,361.763782470001,300.0,0.0,0.0
4125,1687381260000.0,0.0,0.0,0.0,0.06224,0.0,0.0,0.06538,0.9993349083055295,1.0,361.763782470001,300.0,361.763782470001,300.0,0.0,0.0
4126,1687384860000.0,0.0,0.0,0.0,0.06224,0.0,0.0,0.06538,0.9993349083055295,1.0,361.763782470001,300.0,361.763782470001,300.0,0.0,0.0
4127,1687388460000.0,0.0,0.0,0.0,0.06224,0.0,0.0,0.06585,0.9993349083055295,1.0,361.763782470001,300.0,361.763782470001,300.0,0.0,0.0
4128,1687392060000.0,0.0,0.0,0.0,0.06224,0.0,0.0,0.06565,0.9993349083055295,1.0,361.763782470001,300.0,361.763782470001,300.0,0.0,0.0
4129,1687395660000.0,0.0,0.0,0.0,0.06224,0.0,0.0,0.06672,0.9993349083055295,1.0,361.763782470001,300.0,361.763782470001,300.0,0.0,0.0
4130,1687399260000.0,0.0,0.0,0.0,0.06224,0.0,0.0,0.06799,0.9993349083055295,1.0,361.763782470001,300.0,361.763782470001,300.0,0.0,0.0
4131,1687402860000.0,0.0,0.0,0.0,0.06224,0.0,0.0,0.06828,0.9993349083055295,1.0,361.763782470001,300.0,361.763782470001,300.0,0.0,0.0
4132,1687406460000.0,0.0,0.0,0.0,0.06224,0.0,0.0,0.06844,0.9993349083055295,1.0,361.763782470001,300.0,361.763782470001,300.0,0.0,0.0
4133,1687410060000.0,0.0,0.0,0.0,0.06224,0.0,0.0,0.06833,0.9993349083055295,1.0,361.763782470001,300.0,361.763782470001,300.0,0.0,0.0
4134,1687413660000.0,0.0,0.0,0.0,0.06224,0.0,0.0,0.06776,0.9993349083055295,1.0,361.763782470001,300.0,361.763782470001,300.0,0.0,0.0
4135,1687417260000.0,0.0,0.0,0.0,0.06224,0.0,0.0,0.06782,0.9993349083055295,1.0,361.763782470001,300.0,361.763782470001,300.0,0.0,0.0
4136,1687420860000.0,0.0,0.0,0.0,0.06224,0.0,0.0,0.06831,0.9993349083055295,1.0,361.763782470001,300.0,361.763782470001,300.0,0.0,0.0
4137,1687424460000.0,0.0,0.0,0.0,0.06224,0.0,0.0,0.06787,0.9993349083055295,1.0,361.763782470001,300.0,361.763782470001,300.0,0.0,0.0
4138,1687428060000.0,0.0,0.0,0.0,0.06224,0.0,0.0,0.06838,0.9993349083055295,1.0,361.763782470001,300.0,361.763782470001,300.0,0.0,0.0
4139,1687431660000.0,0.0,0.0,0.0,0.06224,0.0,0.0,0.0679,0.9993349083055295,1.0,361.763782470001,300.0,361.763782470001,300.0,0.0,0.0
4140,1687435260000.0,0.0,0.0,272.0,0.06646,0.0,0.0,0.06612,0.9993349083055295,1.0,361.745705350001,300.0,361.653225350001,300.0,0.049971899410691786,0.0
4141,1687438860000.0,0.0,0.0,272.0,0.06646,0.0,0.0,0.06654,0.9993349083055295,1.0,361.745705350001,300.0,361.767465350001,300.0,0.049971899410691786,0.0
4142,1687442460000.0,0.0,0.0,272.0,0.06646,0.0,0.0,0.06658,0.9993349083055295,1.0,361.745705350001,300.0,361.778345350001,300.0,0.049971899410691786,0.0
4143,1687446060000.0,0.0,0.0,272.0,0.06646,0.0,0.0,0.06569,0.9993349083055295,1.0,361.745705350001,300.0,361.536265350001,300.0,0.049971899410691786,0.0
4144,1687449660000.0,0.0,0.0,272.0,0.06646,0.0,0.0,0.06602,0.9993349083055295,1.0,361.745705350001,300.0,361.626025350001,300.0,0.049971899410691786,0.0
4145,1687453260000.0,0.0,0.0,272.0,0.06646,0.0,0.0,0.06611,0.9993349083055295,1.0,361.745705350001,300.0,361.650505350001,300.0,0.049971899410691786,0.0
4146,1687456860000.0,0.0,0.0,272.0,0.06646,0.0,0.0,0.06652,0.9993349083055295,1.0,361.745705350001,300.0,361.762025350001,300.0,0.049971899410691786,0.0
4147,1687460460000.0,0.0,0.0,272.0,0.06646,0.0,0.0,0.06629,0.9993349083055295,1.0,361.745705350001,300.0,361.699465350001,300.0,0.049971899410691786,0.0
4148,1687464060000.0,0.0,0.0,272.0,0.06646,0.0,0.0,0.06641,0.9993349083055295,1.0,361.745705350001,300.0,361.732105350001,300.0,0.049971899410691786,0.0
4149,1687467660000.0,0.0,0.0,272.0,0.06646,0.0,0.0,0.06626,0.9993349083055295,1.0,361.745705350001,300.0,361.691305350001,300.0,0.049971899410691786,0.0
4150,1687471260000.0,0.0,0.0,272.0,0.06646,0.0,0.0,0.06617,0.9993349083055295,1.0,361.745705350001,300.0,361.666825350001,300.0,0.049971899410691786,0.0
4151,1687474860000.0,0.0,0.0,272.0,0.06646,0.0,0.0,0.06554,0.9993349083055295,1.0,361.745705350001,300.0,361.495465350001,300.0,0.049971899410691786,0.0
4152,1687478460000.0,0.0,0.0,272.0,0.06646,0.0,0.0,0.06573,0.9993349083055295,1.0,361.745705350001,300.0,361.547145350001,300.0,0.049971899410691786,0.0
4153,1687482060000.0,0.0,0.0,272.0,0.06646,0.0,0.0,0.06608,0.9993349083055295,1.0,361.745705350001,300.0,361.642345350001,300.0,0.049971899410691786,0.0
4154,1687485660000.0,0.0,0.0,272.0,0.06646,0.0,0.0,0.06594,0.9993349083055295,1.0,361.745705350001,300.0,361.604265350001,300.0,0.049971899410691786,0.0
4155,1687489260000.0,0.0,0.0,272.0,0.06646,0.0,0.0,0.06616,0.9993349083055295,1.0,361.745705350001,300.0,361.664105350001,300.0,0.049971899410691786,0.0
4156,1687492860000.0,0.0,0.0,272.0,0.06646,0.0,0.0,0.06626,0.9993349083055295,1.0,361.745705350001,300.0,361.691305350001,300.0,0.049971899410691786,0.0
4157,1687496460000.0,0.0,0.0,272.0,0.06646,0.0,0.0,0.06636,0.9993349083055295,1.0,361.745705350001,300.0,361.718505350001,300.0,0.049971899410691786,0.0
4158,1687500060000.0,0.0,0.0,272.0,0.06646,0.0,0.0,0.06659,0.9993349083055295,1.0,361.745705350001,300.0,361.78106535000103,300.0,0.049971899410691786,0.0
4159,1687503660000.0,0.0,0.0,272.0,0.06646,0.0,0.0,0.0664,0.9993349083055295,1.0,361.745705350001,300.0,361.729385350001,300.0,0.049971899410691786,0.0
4160,1687507260000.0,0.0,0.0,272.0,0.06646,0.0,0.0,0.06645,0.9993349083055295,1.0,361.745705350001,300.0,361.742985350001,300.0,0.049971899410691786,0.0
4161,1687510860000.0,0.0,0.0,272.0,0.06646,0.0,0.0,0.0665,0.9993349083055295,1.0,361.745705350001,300.0,361.756585350001,300.0,0.049971899410691786,0.0
4162,1687514460000.0,0.0,0.0,272.0,0.06646,0.0,0.0,0.0663,0.9993349083055295,1.0,361.745705350001,300.0,361.702185350001,300.0,0.049971899410691786,0.0
4163,1687518060000.0,0.0,0.0,272.0,0.06646,0.0,0.0,0.06618,0.9993349083055295,1.0,361.745705350001,300.0,361.669545350001,300.0,0.049971899410691786,0.0
4164,1687521660000.0,0.0,0.0,272.0,0.06646,0.0,0.0,0.06621,0.9993349083055295,1.0,361.745705350001,300.0,361.677705350001,300.0,0.049971899410691786,0.0
4165,1687525260000.0,0.0,0.0,272.0,0.06646,0.0,0.0,0.0659,0.9993349083055295,1.0,361.745705350001,300.0,361.59338535000103,300.0,0.049971899410691786,0.0
4166,1687528860000.0,0.0,0.0,272.0,0.06646,0.0,0.0,0.06536,0.9993349083055295,1.0,361.745705350001,300.0,361.446505350001,300.0,0.049971899410691786,0.0
4167,1687532460000.0,0.0,0.0,272.0,0.06646,0.0,0.0,0.06625,0.9993349083055295,1.0,361.745705350001,300.0,361.688585350001,300.0,0.049971899410691786,0.0
4168,1687536060000.0,0.0,0.0,0.0,0.06646,0.0,0.0,0.06777,0.9993349083055295,1.0,361.972183430001,300.0,361.972183430001,300.0,0.0,0.0
4169,1687539660000.0,0.0,0.0,0.0,0.06646,0.0,0.0,0.06792,0.9993349083055295,1.0,361.972183430001,300.0,361.972183430001,300.0,0.0,0.0
4170,1687543260000.0,0.0,0.0,0.0,0.06646,0.0,0.0,0.06909,0.9993349083055295,1.0,361.972183430001,300.0,361.972183430001,300.0,0.0,0.0
4171,1687546860000.0,0.0,0.0,0.0,0.06646,0.0,0.0,0.06865,0.9993349083055295,1.0,361.972183430001,300.0,361.972183430001,300.0,0.0,0.0
4172,1687550460000.0,0.0,0.0,0.0,0.06646,0.0,0.0,0.06832,0.9993349083055295,1.0,361.972183430001,300.0,361.972183430001,300.0,0.0,0.0
4173,1687554060000.0,0.0,0.0,0.0,0.06646,0.0,0.0,0.06863,0.9993349083055295,1.0,361.972183430001,300.0,361.972183430001,300.0,0.0,0.0
4174,1687557660000.0,0.0,0.0,0.0,0.06646,0.0,0.0,0.06784,0.9993349083055295,1.0,361.972183430001,300.0,361.972183430001,300.0,0.0,0.0
4175,1687561260000.0,0.0,0.0,0.0,0.06646,0.0,0.0,0.06813,0.9993349083055295,1.0,361.972183430001,300.0,361.972183430001,300.0,0.0,0.0
4176,1687564860000.0,0.0,0.0,0.0,0.06646,0.0,0.0,0.06811,0.9993349083055295,1.0,361.972183430001,300.0,361.972183430001,300.0,0.0,0.0
4177,1687568460000.0,0.0,0.0,0.0,0.06646,0.0,0.0,0.06731,0.9993349083055295,1.0,361.972183430001,300.0,361.972183430001,300.0,0.0,0.0
4178,1687572060000.0,0.0,0.0,270.0,0.0671,0.0,0.0,0.06754,0.9993349083055295,1.0,361.954066430001,300.0,362.072866430001,300.0,0.05005331250644668,0.0
4179,1687575660000.0,0.0,0.0,0.0,0.0671,0.0,0.0,0.06792,0.9993349083055295,1.0,362.178706430001,300.0,362.178706430001,300.0,0.0,0.0
4180,1687579260000.0,0.0,0.0,0.0,0.0671,0.0,0.0,0.06803,0.9993349083055295,1.0,362.178706430001,300.0,362.178706430001,300.0,0.0,0.0
4181,1687582860000.0,0.0,0.0,0.0,0.0671,0.0,0.0,0.06802,0.9993349083055295,1.0,362.178706430001,300.0,362.178706430001,300.0,0.0,0.0
4182,1687586460000.0,0.0,0.0,0.0,0.0671,0.0,0.0,0.06821,0.9993349083055295,1.0,362.178706430001,300.0,362.178706430001,300.0,0.0,0.0
4183,1687590060000.0,0.0,0.0,0.0,0.0671,0.0,0.0,0.06827,0.9993349083055295,1.0,362.178706430001,300.0,362.178706430001,300.0,0.0,0.0
4184,1687593660000.0,0.0,0.0,0.0,0.0671,0.0,0.0,0.06753,0.9993349083055295,1.0,362.178706430001,300.0,362.178706430001,300.0,0.0,0.0
4185,1687597260000.0,0.0,0.0,269.0,0.06739,0.0,0.0,0.0676,0.9993349083055295,1.0,362.160578520001,300.0,362.217068520001,300.0,0.05005489574288067,0.0
4186,1687600860000.0,0.0,0.0,269.0,0.06739,0.0,0.0,0.06779,0.9993349083055295,1.0,362.160578520001,300.0,362.268178520001,300.0,0.05005489574288067,0.0
4187,1687604460000.0,0.0,0.0,269.0,0.06739,0.0,0.0,0.06793,0.9993349083055295,1.0,362.160578520001,300.0,362.30583852000103,300.0,0.05005489574288067,0.0
4188,1687608060000.0,0.0,0.0,269.0,0.06739,0.0,0.0,0.06783,0.9993349083055295,1.0,362.160578520001,300.0,362.278938520001,300.0,0.05005489574288067,0.0
4189,1687611660000.0,0.0,0.0,269.0,0.06739,0.0,0.0,0.06776,0.9993349083055295,1.0,362.160578520001,300.0,362.26010852000104,300.0,0.05005489574288067,0.0
4190,1687615260000.0,0.0,0.0,269.0,0.06739,0.0,0.0,0.06718,0.9993349083055295,1.0,362.160578520001,300.0,362.104088520001,300.0,0.05005489574288067,0.0
4191,1687618860000.0,0.0,0.0,269.0,0.06739,0.0,0.0,0.06746,0.9993349083055295,1.0,362.160578520001,300.0,362.179408520001,300.0,0.05005489574288067,0.0
4192,1687622460000.0,0.0,0.0,575.0,0.06622453913043477,0.0,0.0,0.06577,0.9993349083055295,1.0,362.14062732000104,300.0,361.879267320001,300.0,0.10515006361424305,0.0
4193,1687626060000.0,0.0,0.0,575.0,0.06622453913043477,0.0,0.0,0.06631,0.9993349083055295,1.0,362.14062732000104,300.0,362.18976732000107,300.0,0.10515006361424305,0.0
4194,1687629660000.0,0.0,0.0,575.0,0.06622453913043477,0.0,0.0,0.06643,0.9993349083055295,1.0,362.14062732000104,300.0,362.258767320001,300.0,0.10515006361424305,0.0
4195,1687633260000.0,0.0,0.0,575.0,0.06622453913043477,0.0,0.0,0.06663,0.9993349083055295,1.0,362.14062732000104,300.0,362.37376732000104,300.0,0.10515006361424305,0.0
4196,1687636860000.0,0.0,0.0,575.0,0.06622453913043477,0.0,0.0,0.0667,0.9993349083055295,1.0,362.14062732000104,300.0,362.41401732000105,300.0,0.10515006361424305,0.0
4197,1687640460000.0,0.0,0.0,575.0,0.06622453913043477,0.0,0.0,0.06647,0.9993349083055295,1.0,362.14062732000104,300.0,362.28176732000105,300.0,0.10515006361424305,0.0
4198,1687644060000.0,0.0,0.0,575.0,0.06622453913043477,0.0,0.0,0.06659,0.9993349083055295,1.0,362.14062732000104,300.0,362.35076732000107,300.0,0.10515006361424305,0.0
4199,1687647660000.0,0.0,0.0,575.0,0.06622453913043477,0.0,0.0,0.06664,0.9993349083055295,1.0,362.14062732000104,300.0,362.37951732000107,300.0,0.10515006361424305,0.0
4200,1687651260000.0,0.0,0.0,575.0,0.06622453913043477,0.0,0.0,0.06674,0.9993349083055295,1.0,362.14062732000104,300.0,362.437017320001,300.0,0.10515006361424305,0.0
4201,1687654860000.0,0.0,0.0,575.0,0.06622453913043477,0.0,0.0,0.06648,0.9993349083055295,1.0,362.14062732000104,300.0,362.28751732000103,300.0,0.10515006361424305,0.0
4202,1687658460000.0,0.0,0.0,575.0,0.06622453913043477,0.0,0.0,0.06687,0.9993349083055295,1.0,362.14062732000104,300.0,362.51176732000107,300.0,0.10515006361424305,0.0
4203,1687662060000.0,0.0,0.0,0.0,0.06622453913043477,0.0,0.0,0.06719,0.9993349083055295,1.0,362.61692332000104,300.0,362.61692332000104,300.0,0.0,0.0
4204,1687665660000.0,0.0,0.0,0.0,0.06622453913043477,0.0,0.0,0.06758,0.9993349083055295,1.0,362.61692332000104,300.0,362.61692332000104,300.0,0.0,0.0
4205,1687669260000.0,0.0,0.0,0.0,0.06622453913043477,0.0,0.0,0.06765,0.9993349083055295,1.0,362.61692332000104,300.0,362.61692332000104,300.0,0.0,0.0
4206,1687672860000.0,0.0,0.0,0.0,0.06622453913043477,0.0,0.0,0.06759,0.9993349083055295,1.0,362.61692332000104,300.0,362.61692332000104,300.0,0.0,0.0
4207,1687676460000.0,0.0,0.0,0.0,0.06622453913043477,0.0,0.0,0.06754,0.9993349083055295,1.0,362.61692332000104,300.0,362.61692332000104,300.0,0.0,0.0
4208,1687680060000.0,0.0,0.0,0.0,0.06622453913043477,0.0,0.0,0.06768,0.9993349083055295,1.0,362.61692332000104,300.0,362.61692332000104,300.0,0.0,0.0
4209,1687683660000.0,0.0,0.0,0.0,0.06622453913043477,0.0,0.0,0.06778,0.9993349083055295,1.0,362.61692332000104,300.0,362.61692332000104,300.0,0.0,0.0
4210,1687687260000.0,0.0,0.0,0.0,0.06622453913043477,0.0,0.0,0.06774,0.9993349083055295,1.0,362.61692332000104,300.0,362.61692332000104,300.0,0.0,0.0
4211,1687690860000.0,0.0,0.0,0.0,0.06622453913043477,0.0,0.0,0.06748,0.9993349083055295,1.0,362.61692332000104,300.0,362.61692332000104,300.0,0.0,0.0
4212,1687694460000.0,0.0,0.0,0.0,0.06622453913043477,0.0,0.0,0.06776,0.9993349083055295,1.0,362.61692332000104,300.0,362.61692332000104,300.0,0.0,0.0
4213,1687698060000.0,0.0,0.0,0.0,0.06622453913043477,0.0,0.0,0.06784,0.9993349083055295,1.0,362.61692332000104,300.0,362.61692332000104,300.0,0.0,0.0
4214,1687701660000.0,0.0,0.0,270.0,0.06715,0.0,0.0,0.06712,0.9993349083055295,1.0,362.59879282000105,300.0,362.59069282000104,300.0,0.05000154539676095,0.0
4215,1687705260000.0,0.0,0.0,270.0,0.06715,0.0,0.0,0.06664,0.9993349083055295,1.0,362.59879282000105,300.0,362.46109282000106,300.0,0.05000154539676095,0.0
4216,1687708860000.0,0.0,0.0,270.0,0.06715,0.0,0.0,0.06689,0.9993349083055295,1.0,362.59879282000105,300.0,362.52859282000105,300.0,0.05000154539676095,0.0
4217,1687712460000.0,0.0,0.0,270.0,0.06715,0.0,0.0,0.06717,0.9993349083055295,1.0,362.59879282000105,300.0,362.60419282000106,300.0,0.05000154539676095,0.0
4218,1687716060000.0,0.0,0.0,270.0,0.06715,0.0,0.0,0.06678,0.9993349083055295,1.0,362.59879282000105,300.0,362.49889282000106,300.0,0.05000154539676095,0.0
4219,1687719660000.0,0.0,0.0,270.0,0.06715,0.0,0.0,0.06689,0.9993349083055295,1.0,362.59879282000105,300.0,362.52859282000105,300.0,0.05000154539676095,0.0
4220,1687723260000.0,0.0,0.0,270.0,0.06715,0.0,0.0,0.06704,0.9993349083055295,1.0,362.59879282000105,300.0,362.56909282000106,300.0,0.05000154539676095,0.0
4221,1687726860000.0,0.0,0.0,270.0,0.06715,0.0,0.0,0.06673,0.9993349083055295,1.0,362.59879282000105,300.0,362.48539282000104,300.0,0.05000154539676095,0.0
4222,1687730460000.0,0.0,0.0,270.0,0.06715,0.0,0.0,0.06672,0.9993349083055295,1.0,362.59879282000105,300.0,362.48269282000103,300.0,0.05000154539676095,0.0
4223,1687734060000.0,0.0,0.0,270.0,0.06715,0.0,0.0,0.06682,0.9993349083055295,1.0,362.59879282000105,300.0,362.5096928200011,300.0,0.05000154539676095,0.0
4224,1687737660000.0,0.0,0.0,270.0,0.06715,0.0,0.0,0.06669,0.9993349083055295,1.0,362.59879282000105,300.0,362.4745928200011,300.0,0.05000154539676095,0.0
4225,1687741260000.0,0.0,0.0,270.0,0.06715,0.0,0.0,0.06588,0.9993349083055295,1.0,362.59879282000105,300.0,362.25589282000107,300.0,0.05000154539676095,0.0
4226,1687744860000.0,0.0,0.0,270.0,0.06715,0.0,0.0,0.06561,0.9993349083055295,1.0,362.59879282000105,300.0,362.18299282000106,300.0,0.05000154539676095,0.0
4227,1687748460000.0,0.0,0.0,270.0,0.06715,0.0,0.0,0.0659,0.9993349083055295,1.0,362.59879282000105,300.0,362.2612928200011,300.0,0.05000154539676095,0.0
4228,1687752060000.0,0.0,0.0,270.0,0.06715,0.0,0.0,0.0659,0.9993349083055295,1.0,362.59879282000105,300.0,362.2612928200011,300.0,0.05000154539676095,0.0
4229,1687755660000.0,0.0,0.0,270.0,0.06715,0.0,0.0,0.06576,0.9993349083055295,1.0,362.59879282000105,300.0,362.22349282000107,300.0,0.05000154539676095,0.0
4230,1687759260000.0,0.0,0.0,270.0,0.06715,0.0,0.0,0.06576,0.9993349083055295,1.0,362.59879282000105,300.0,362.22349282000107,300.0,0.05000154539676095,0.0
4231,1687762860000.0,0.0,0.0,270.0,0.06715,0.0,0.0,0.06632,0.9993349083055295,1.0,362.59879282000105,300.0,362.37469282000103,300.0,0.05000154539676095,0.0
4232,1687766460000.0,0.0,0.0,270.0,0.06715,0.0,0.0,0.06599,0.9993349083055295,1.0,362.59879282000105,300.0,362.28559282000106,300.0,0.05000154539676095,0.0
4233,1687770060000.0,0.0,0.0,270.0,0.06715,0.0,0.0,0.06618,0.9993349083055295,1.0,362.59879282000105,300.0,362.336892820001,300.0,0.05000154539676095,0.0
4234,1687773660000.0,0.0,0.0,270.0,0.06715,0.0,0.0,0.06588,0.9993349083055295,1.0,362.59879282000105,300.0,362.25589282000107,300.0,0.05000154539676095,0.0
4235,1687777260000.0,0.0,0.0,270.0,0.06715,0.0,0.0,0.06577,0.9993349083055295,1.0,362.59879282000105,300.0,362.2261928200011,300.0,0.05000154539676095,0.0
4236,1687780860000.0,0.0,0.0,270.0,0.06715,0.0,0.0,0.0659,0.9993349083055295,1.0,362.59879282000105,300.0,362.2612928200011,300.0,0.05000154539676095,0.0
4237,1687784460000.0,0.0,0.0,270.0,0.06715,0.0,0.0,0.06591,0.9993349083055295,1.0,362.59879282000105,300.0,362.263992820001,300.0,0.05000154539676095,0.0
4238,1687788060000.0,0.0,0.0,270.0,0.06715,0.0,0.0,0.06644,0.9993349083055295,1.0,362.59879282000105,300.0,362.407092820001,300.0,0.05000154539676095,0.0
4239,1687791660000.0,0.0,0.0,270.0,0.06715,0.0,0.0,0.0659,0.9993349083055295,1.0,362.59879282000105,300.0,362.2612928200011,300.0,0.05000154539676095,0.0
4240,1687795260000.0,0.0,0.0,270.0,0.06715,0.0,0.0,0.06606,0.9993349083055295,1.0,362.59879282000105,300.0,362.30449282000103,300.0,0.05000154539676095,0.0
4241,1687798860000.0,0.0,0.0,577.0,0.06599010398613517,0.0,0.0,0.06488,0.9993349083055295,1.0,362.57884703000104,300.0,361.93831703000103,300.0,0.10501519962318548,0.0
4242,1687802460000.0,0.0,0.0,577.0,0.06599010398613517,0.0,0.0,0.06464,0.9993349083055295,1.0,362.57884703000104,300.0,361.7998370300011,300.0,0.10501519962318548,0.0
4243,1687806060000.0,0.0,0.0,577.0,0.06599010398613517,0.0,0.0,0.06475,0.9993349083055295,1.0,362.57884703000104,300.0,361.86330703000107,300.0,0.10501519962318548,0.0
4244,1687809660000.0,0.0,0.0,577.0,0.06599010398613517,0.0,0.0,0.06503,0.9993349083055295,1.0,362.57884703000104,300.0,362.0248670300011,300.0,0.10501519962318548,0.0
4245,1687813260000.0,0.0,0.0,577.0,0.06599010398613517,0.0,0.0,0.06454,0.9993349083055295,1.0,362.57884703000104,300.0,361.74213703000106,300.0,0.10501519962318548,0.0
4246,1687816860000.0,0.0,0.0,1233.0,0.0646812408759124,0.0,0.0,0.06364,0.9993349083055295,1.0,362.537171350001,300.0,361.25332135000104,300.0,0.21998287707443318,0.0
4247,1687820460000.0,0.0,0.0,1233.0,0.0646812408759124,0.0,0.0,0.06454,0.9993349083055295,1.0,362.537171350001,300.0,362.363021350001,300.0,0.21998287707443318,0.0
4248,1687824060000.0,0.0,0.0,1233.0,0.0646812408759124,0.0,0.0,0.06465,0.9993349083055295,1.0,362.537171350001,300.0,362.498651350001,300.0,0.21998287707443318,0.0
4249,1687827660000.0,0.0,0.0,1233.0,0.0646812408759124,0.0,0.0,0.06475,0.9993349083055295,1.0,362.537171350001,300.0,362.62195135000104,300.0,0.21998287707443318,0.0
4250,1687831260000.0,0.0,0.0,1233.0,0.0646812408759124,0.0,0.0,0.06498,0.9993349083055295,1.0,362.537171350001,300.0,362.90554135000104,300.0,0.21998287707443318,0.0
4251,1687834860000.0,0.0,0.0,0.0,0.0646812408759124,0.0,0.0,0.06551,0.9993349083055295,1.0,363.497058700001,300.0,363.497058700001,300.0,0.0,0.0
4252,1687838460000.0,0.0,0.0,0.0,0.0646812408759124,0.0,0.0,0.06526,0.9993349083055295,1.0,363.497058700001,300.0,363.497058700001,300.0,0.0,0.0
4253,1687842060000.0,0.0,0.0,0.0,0.0646812408759124,0.0,0.0,0.06515,0.9993349083055295,1.0,363.497058700001,300.0,363.497058700001,300.0,0.0,0.0
4254,1687845660000.0,0.0,0.0,280.0,0.06487,0.0,0.0,0.06499,0.9993349083055295,1.0,363.478895100001,300.0,363.512495100001,300.0,0.04997153959930134,0.0
4255,1687849260000.0,0.0,0.0,280.0,0.06487,0.0,0.0,0.06502,0.9993349083055295,1.0,363.478895100001,300.0,363.520895100001,300.0,0.04997153959930134,0.0
4256,1687852860000.0,0.0,0.0,280.0,0.06487,0.0,0.0,0.06527,0.9993349083055295,1.0,363.478895100001,300.0,363.59089510000103,300.0,0.04997153959930134,0.0
4257,1687856460000.0,0.0,0.0,280.0,0.06487,0.0,0.0,0.06509,0.9993349083055295,1.0,363.478895100001,300.0,363.540495100001,300.0,0.04997153959930134,0.0
4258,1687860060000.0,0.0,0.0,280.0,0.06487,0.0,0.0,0.06516,0.9993349083055295,1.0,363.478895100001,300.0,363.56009510000104,300.0,0.04997153959930134,0.0
4259,1687863660000.0,0.0,0.0,0.0,0.06487,0.0,0.0,0.06548,0.9993349083055295,1.0,363.704087900001,300.0,363.704087900001,300.0,0.0,0.0
4260,1687867260000.0,0.0,0.0,0.0,0.06487,0.0,0.0,0.06542,0.9993349083055295,1.0,363.704087900001,300.0,363.704087900001,300.0,0.0,0.0
4261,1687870860000.0,0.0,0.0,0.0,0.06487,0.0,0.0,0.06542,0.9993349083055295,1.0,363.704087900001,300.0,363.704087900001,300.0,0.0,0.0
4262,1687874460000.0,0.0,0.0,0.0,0.06487,0.0,0.0,0.06529,0.9993349083055295,1.0,363.704087900001,300.0,363.704087900001,300.0,0.0,0.0
4263,1687878060000.0,0.0,0.0,0.0,0.06487,0.0,0.0,0.06529,0.9993349083055295,1.0,363.704087900001,300.0,363.704087900001,300.0,0.0,0.0
4264,1687881660000.0,0.0,0.0,280.0,0.06506,0.0,0.0,0.06475,0.9993349083055295,1.0,363.685871100001,300.0,363.599071100001,300.0,0.05008938055498729,0.0
4265,1687885260000.0,0.0,0.0,280.0,0.06506,0.0,0.0,0.06557,0.9993349083055295,1.0,363.685871100001,300.0,363.82867110000103,300.0,0.05008938055498729,0.0
4266,1687888860000.0,0.0,0.0,280.0,0.06506,0.0,0.0,0.06555,0.9993349083055295,1.0,363.685871100001,300.0,363.823071100001,300.0,0.05008938055498729,0.0
4267,1687892460000.0,0.0,0.0,280.0,0.06506,0.0,0.0,0.06554,0.9993349083055295,1.0,363.685871100001,300.0,363.820271100001,300.0,0.05008938055498729,0.0
4268,1687896060000.0,0.0,0.0,280.0,0.06506,0.0,0.0,0.06547,0.9993349083055295,1.0,363.685871100001,300.0,363.800671100001,300.0,0.05008938055498729,0.0
4269,1687899660000.0,0.0,0.0,280.0,0.06506,0.0,0.0,0.06557,0.9993349083055295,1.0,363.685871100001,300.0,363.82867110000103,300.0,0.05008938055498729,0.0
4270,1687903260000.0,0.0,0.0,280.0,0.06506,0.0,0.0,0.06567,0.9993349083055295,1.0,363.685871100001,300.0,363.856671100001,300.0,0.05008938055498729,0.0
4271,1687906860000.0,0.0,0.0,280.0,0.06506,0.0,0.0,0.06538,0.9993349083055295,1.0,363.685871100001,300.0,363.775471100001,300.0,0.05008938055498729,0.0
4272,1687910460000.0,0.0,0.0,280.0,0.06506,0.0,0.0,0.06547,0.9993349083055295,1.0,363.685871100001,300.0,363.800671100001,300.0,0.05008938055498729,0.0
4273,1687914060000.0,0.0,0.0,280.0,0.06506,0.0,0.0,0.06508,0.9993349083055295,1.0,363.685871100001,300.0,363.691471100001,300.0,0.05008938055498729,0.0
4274,1687917660000.0,0.0,0.0,280.0,0.06506,0.0,0.0,0.06502,0.9993349083055295,1.0,363.685871100001,300.0,363.674671100001,300.0,0.05008938055498729,0.0
4275,1687921260000.0,0.0,0.0,280.0,0.06506,0.0,0.0,0.06483,0.9993349083055295,1.0,363.685871100001,300.0,363.62147110000103,300.0,0.05008938055498729,0.0
4276,1687924860000.0,0.0,0.0,280.0,0.06506,0.0,0.0,0.06507,0.9993349083055295,1.0,363.685871100001,300.0,363.688671100001,300.0,0.05008938055498729,0.0
4277,1687928460000.0,0.0,0.0,280.0,0.06506,0.0,0.0,0.06501,0.9993349083055295,1.0,363.685871100001,300.0,363.671871100001,300.0,0.05008938055498729,0.0
4278,1687932060000.0,0.0,0.0,280.0,0.06506,0.0,0.0,0.06513,0.9993349083055295,1.0,363.685871100001,300.0,363.705471100001,300.0,0.05008938055498729,0.0
4279,1687935660000.0,0.0,0.0,0.0,0.06506,0.0,0.0,0.06524,0.9993349083055295,1.0,363.913807900001,300.0,363.913807900001,300.0,0.0,0.0
4280,1687939260000.0,0.0,0.0,280.0,0.06496,0.0,0.0,0.06401,0.9993349083055295,1.0,363.895619100001,300.0,363.629619100001,300.0,0.04998356409177213,0.0
4281,1687942860000.0,0.0,0.0,280.0,0.06496,0.0,0.0,0.06431,0.9993349083055295,1.0,363.895619100001,300.0,363.713619100001,300.0,0.04998356409177213,0.0
4282,1687946460000.0,0.0,0.0,280.0,0.06496,0.0,0.0,0.06445,0.9993349083055295,1.0,363.895619100001,300.0,363.752819100001,300.0,0.04998356409177213,0.0
4283,1687950060000.0,0.0,0.0,280.0,0.06496,0.0,0.0,0.06454,0.9993349083055295,1.0,363.895619100001,300.0,363.778019100001,300.0,0.04998356409177213,0.0
4284,1687953660000.0,0.0,0.0,280.0,0.06496,0.0,0.0,0.06432,0.9993349083055295,1.0,363.895619100001,300.0,363.716419100001,300.0,0.04998356409177213,0.0
4285,1687957260000.0,0.0,0.0,280.0,0.06496,0.0,0.0,0.06394,0.9993349083055295,1.0,363.895619100001,300.0,363.610019100001,300.0,0.04998356409177213,0.0
4286,1687960860000.0,0.0,0.0,280.0,0.06496,0.0,0.0,0.06423,0.9993349083055295,1.0,363.895619100001,300.0,363.691219100001,300.0,0.04998356409177213,0.0
4287,1687964460000.0,0.0,0.0,280.0,0.06496,0.0,0.0,0.06423,0.9993349083055295,1.0,363.895619100001,300.0,363.691219100001,300.0,0.04998356409177213,0.0
4288,1687968060000.0,0.0,0.0,280.0,0.06496,0.0,0.0,0.06443,0.9993349083055295,1.0,363.895619100001,300.0,363.747219100001,300.0,0.04998356409177213,0.0
4289,1687971660000.0,0.0,0.0,280.0,0.06496,0.0,0.0,0.06404,0.9993349083055295,1.0,363.895619100001,300.0,363.638019100001,300.0,0.04998356409177213,0.0
4290,1687975260000.0,0.0,0.0,280.0,0.06496,0.0,0.0,0.06371,0.9993349083055295,1.0,363.895619100001,300.0,363.545619100001,300.0,0.04998356409177213,0.0
4291,1687978860000.0,0.0,0.0,280.0,0.06496,0.0,0.0,0.06368,0.9993349083055295,1.0,363.895619100001,300.0,363.537219100001,300.0,0.04998356409177213,0.0
4292,1687982460000.0,0.0,0.0,1280.0,0.0625720390625,0.0,0.0,0.06183,0.9993349083055295,1.0,363.83371569000104,300.0,362.88390569000103,300.0,0.22013410672539577,0.0
4293,1687986060000.0,0.0,0.0,1280.0,0.0625720390625,0.0,0.0,0.06218,0.9993349083055295,1.0,363.83371569000104,300.0,363.33190569000107,300.0,0.22013410672539577,0.0
4294,1687989660000.0,0.0,0.0,1280.0,0.0625720390625,0.0,0.0,0.06269,0.9993349083055295,1.0,363.83371569000104,300.0,363.984705690001,300.0,0.22013410672539577,0.0
4295,1687993260000.0,0.0,0.0,1280.0,0.0625720390625,0.0,0.0,0.06261,0.9993349083055295,1.0,363.83371569000104,300.0,363.88230569000103,300.0,0.22013410672539577,0.0
4296,1687996860000.0,0.0,0.0,1280.0,0.0625720390625,0.0,0.0,0.06253,0.9993349083055295,1.0,363.83371569000104,300.0,363.77990569000104,300.0,0.22013410672539577,0.0
4297,1688000460000.0,0.0,0.0,1280.0,0.0625720390625,0.0,0.0,0.06261,0.9993349083055295,1.0,363.83371569000104,300.0,363.88230569000103,300.0,0.22013410672539577,0.0
4298,1688004060000.0,0.0,0.0,1280.0,0.0625720390625,0.0,0.0,0.06264,0.9993349083055295,1.0,363.83371569000104,300.0,363.92070569000106,300.0,0.22013410672539577,0.0
4299,1688007660000.0,0.0,0.0,1280.0,0.0625720390625,0.0,0.0,0.06259,0.9993349083055295,1.0,363.83371569000104,300.0,363.85670569000104,300.0,0.22013410672539577,0.0
4300,1688011260000.0,0.0,0.0,1280.0,0.0625720390625,0.0,0.0,0.0626,0.9993349083055295,1.0,363.83371569000104,300.0,363.86950569000106,300.0,0.22013410672539577,0.0
4301,1688014860000.0,0.0,0.0,1280.0,0.0625720390625,0.0,0.0,0.06276,0.9993349083055295,1.0,363.83371569000104,300.0,364.07430569000104,300.0,0.22013410672539577,0.0
4302,1688018460000.0,0.0,0.0,1280.0,0.0625720390625,0.0,0.0,0.0627,0.9993349083055295,1.0,363.83371569000104,300.0,363.99750569000105,300.0,0.22013410672539577,0.0
4303,1688022060000.0,0.0,0.0,1280.0,0.0625720390625,0.0,0.0,0.06266,0.9993349083055295,1.0,363.83371569000104,300.0,363.94630569000105,300.0,0.22013410672539577,0.0
4304,1688025660000.0,0.0,0.0,1280.0,0.0625720390625,0.0,0.0,0.06291,0.9993349083055295,1.0,363.83371569000104,300.0,364.26630569000105,300.0,0.22013410672539577,0.0
4305,1688029260000.0,0.0,0.0,1280.0,0.0625720390625,0.0,0.0,0.06295,0.9993349083055295,1.0,363.83371569000104,300.0,364.31750569000104,300.0,0.22013410672539577,0.0
4306,1688032860000.0,0.0,0.0,1280.0,0.0625720390625,0.0,0.0,0.06312,0.9993349083055295,1.0,363.83371569000104,300.0,364.53510569000105,300.0,0.22013410672539577,0.0
4307,1688036460000.0,0.0,0.0,0.0,0.0625720390625,0.0,0.0,0.06366,0.9993349083055295,1.0,364.80630974000104,300.0,364.80630974000104,300.0,0.0,0.0
4308,1688040060000.0,0.0,0.0,0.0,0.0625720390625,0.0,0.0,0.06384,0.9993349083055295,1.0,364.80630974000104,300.0,364.80630974000104,300.0,0.0,0.0
4309,1688043660000.0,0.0,0.0,0.0,0.0625720390625,0.0,0.0,0.06373,0.9993349083055295,1.0,364.80630974000104,300.0,364.80630974000104,300.0,0.0,0.0
4310,1688047260000.0,0.0,0.0,0.0,0.0625720390625,0.0,0.0,0.06354,0.9993349083055295,1.0,364.80630974000104,300.0,364.80630974000104,300.0,0.0,0.0
4311,1688050860000.0,0.0,0.0,0.0,0.0625720390625,0.0,0.0,0.0633,0.9993349083055295,1.0,364.80630974000104,300.0,364.80630974000104,300.0,0.0,0.0
4312,1688054460000.0,0.0,0.0,0.0,0.0625720390625,0.0,0.0,0.06331,0.9993349083055295,1.0,364.80630974000104,300.0,364.80630974000104,300.0,0.0,0.0
4313,1688058060000.0,0.0,0.0,0.0,0.0625720390625,0.0,0.0,0.06317,0.9993349083055295,1.0,364.80630974000104,300.0,364.80630974000104,300.0,0.0,0.0
4314,1688061660000.0,0.0,0.0,289.0,0.06313,0.0,0.0,0.063,0.9993349083055295,1.0,364.78806517000106,300.0,364.75049517000105,300.0,0.050014163680211256,0.0
4315,1688065260000.0,0.0,0.0,289.0,0.06313,0.0,0.0,0.06321,0.9993349083055295,1.0,364.78806517000106,300.0,364.81118517000107,300.0,0.050014163680211256,0.0
4316,1688068860000.0,0.0,0.0,289.0,0.06313,0.0,0.0,0.06343,0.9993349083055295,1.0,364.78806517000106,300.0,364.87476517000107,300.0,0.050014163680211256,0.0
4317,1688072460000.0,0.0,0.0,289.0,0.06313,0.0,0.0,0.06315,0.9993349083055295,1.0,364.78806517000106,300.0,364.7938451700011,300.0,0.050014163680211256,0.0
4318,1688076060000.0,0.0,0.0,289.0,0.06313,0.0,0.0,0.0633,0.9993349083055295,1.0,364.78806517000106,300.0,364.83719517000105,300.0,0.050014163680211256,0.0
4319,1688079660000.0,0.0,0.0,289.0,0.06313,0.0,0.0,0.06343,0.9993349083055295,1.0,364.78806517000106,300.0,364.87476517000107,300.0,0.050014163680211256,0.0
4320,1688083260000.0,0.0,0.0,289.0,0.06313,0.0,0.0,0.06336,0.9993349083055295,1.0,364.78806517000106,300.0,364.85453517000104,300.0,0.050014163680211256,0.0
4321,1688086860000.0,0.0,0.0,289.0,0.06313,0.0,0.0,0.06315,0.9993349083055295,1.0,364.78806517000106,300.0,364.7938451700011,300.0,0.050014163680211256,0.0
4322,1688090460000.0,0.0,0.0,289.0,0.06313,0.0,0.0,0.06346,0.9993349083055295,1.0,364.78806517000106,300.0,364.88343517000106,300.0,0.050014163680211256,0.0
4323,1688094060000.0,0.0,0.0,0.0,0.06313,0.0,0.0,0.06456,0.9993349083055295,1.0,365.0152249500011,300.0,365.0152249500011,300.0,0.0,0.0
4324,1688097660000.0,0.0,0.0,0.0,0.06313,0.0,0.0,0.06545,0.9993349083055295,1.0,365.0152249500011,300.0,365.0152249500011,300.0,0.0,0.0
4325,1688101260000.0,0.0,0.0,0.0,0.06313,0.0,0.0,0.06548,0.9993349083055295,1.0,365.0152249500011,300.0,365.0152249500011,300.0,0.0,0.0
4326,1688104860000.0,0.0,0.0,0.0,0.06313,0.0,0.0,0.06497,0.9993349083055295,1.0,365.0152249500011,300.0,365.0152249500011,300.0,0.0,0.0
4327,1688108460000.0,0.0,0.0,0.0,0.06313,0.0,0.0,0.06502,0.9993349083055295,1.0,365.0152249500011,300.0,365.0152249500011,300.0,0.0,0.0
4328,1688112060000.0,0.0,0.0,0.0,0.06313,0.0,0.0,0.06527,0.9993349083055295,1.0,365.0152249500011,300.0,365.0152249500011,300.0,0.0,0.0
4329,1688115660000.0,0.0,0.0,0.0,0.06313,0.0,0.0,0.06558,0.9993349083055295,1.0,365.0152249500011,300.0,365.0152249500011,300.0,0.0,0.0
4330,1688119260000.0,0.0,0.0,0.0,0.06313,0.0,0.0,0.06578,0.9993349083055295,1.0,365.0152249500011,300.0,365.0152249500011,300.0,0.0,0.0
4331,1688122860000.0,0.0,0.0,0.0,0.06313,0.0,0.0,0.06644,0.9993349083055295,1.0,365.0152249500011,300.0,365.0152249500011,300.0,0.0,0.0
4332,1688126460000.0,0.0,0.0,0.0,0.06313,0.0,0.0,0.06652,0.9993349083055295,1.0,365.0152249500011,300.0,365.0152249500011,300.0,0.0,0.0
4333,1688130060000.0,0.0,0.0,0.0,0.06313,0.0,0.0,0.06655,0.9993349083055295,1.0,365.0152249500011,300.0,365.0152249500011,300.0,0.0,0.0
4334,1688133660000.0,0.0,0.0,290.0,0.06315,0.0,0.0,0.06315,0.9993349083055295,1.0,365.88214542000105,300.0,365.88214542000105,300.0,0.05005300266559245,0.0
4335,1688137260000.0,0.0,0.0,286.0,0.06403,0.0,0.0,0.0639,0.9993349083055295,1.0,366.0917728400011,300.0,366.05459284000113,300.0,0.05002182883799314,0.0
4336,1688140860000.0,0.0,0.0,286.0,0.06403,0.0,0.0,0.06393,0.9993349083055295,1.0,366.0917728400011,300.0,366.06317284000113,300.0,0.05002182883799314,0.0
4337,1688144460000.0,0.0,0.0,0.0,0.06403,0.0,0.0,0.06595,0.9993349083055295,1.0,366.3191743000011,300.0,366.3191743000011,300.0,0.0,0.0
4338,1688148060000.0,0.0,0.0,0.0,0.06403,0.0,0.0,0.06626,0.9993349083055295,1.0,366.3191743000011,300.0,366.3191743000011,300.0,0.0,0.0
4339,1688151660000.0,0.0,0.0,0.0,0.06403,0.0,0.0,0.06579,0.9993349083055295,1.0,366.3191743000011,300.0,366.3191743000011,300.0,0.0,0.0
4340,1688155260000.0,0.0,0.0,0.0,0.06403,0.0,0.0,0.06587,0.9993349083055295,1.0,366.3191743000011,300.0,366.3191743000011,300.0,0.0,0.0
4341,1688158860000.0,0.0,0.0,0.0,0.06403,0.0,0.0,0.06575,0.9993349083055295,1.0,366.3191743000011,300.0,366.3191743000011,300.0,0.0,0.0
4342,1688162460000.0,0.0,0.0,0.0,0.06403,0.0,0.0,0.06602,0.9993349083055295,1.0,366.3191743000011,300.0,366.3191743000011,300.0,0.0,0.0
4343,1688166060000.0,0.0,0.0,0.0,0.06403,0.0,0.0,0.0666,0.9993349083055295,1.0,366.3191743000011,300.0,366.3191743000011,300.0,0.0,0.0
4344,1688169660000.0,0.0,0.0,0.0,0.06403,0.0,0.0,0.06646,0.9993349083055295,1.0,366.3191743000011,300.0,366.3191743000011,300.0,0.0,0.0
4345,1688173260000.0,0.0,0.0,0.0,0.06403,0.0,0.0,0.06698,0.9993349083055295,1.0,366.3191743000011,300.0,366.3191743000011,300.0,0.0,0.0
4346,1688176860000.0,0.0,0.0,0.0,0.06403,0.0,0.0,0.06905,0.9993349083055295,1.0,366.3191743000011,300.0,366.3191743000011,300.0,0.0,0.0
4347,1688180460000.0,0.0,0.0,0.0,0.06403,0.0,0.0,0.06926,0.9993349083055295,1.0,366.3191743000011,300.0,366.3191743000011,300.0,0.0,0.0
4348,1688184060000.0,0.0,0.0,0.0,0.06403,0.0,0.0,0.06951,0.9993349083055295,1.0,366.3191743000011,300.0,366.3191743000011,300.0,0.0,0.0
4349,1688187660000.0,0.0,0.0,0.0,0.06403,0.0,0.0,0.0689,0.9993349083055295,1.0,366.3191743000011,300.0,366.3191743000011,300.0,0.0,0.0
4350,1688191260000.0,0.0,0.0,0.0,0.06403,0.0,0.0,0.06834,0.9993349083055295,1.0,366.3191743000011,300.0,366.3191743000011,300.0,0.0,0.0
4351,1688194860000.0,0.0,0.0,0.0,0.06403,0.0,0.0,0.0684,0.9993349083055295,1.0,366.3191743000011,300.0,366.3191743000011,300.0,0.0,0.0
4352,1688198460000.0,0.0,0.0,0.0,0.06403,0.0,0.0,0.06804,0.9993349083055295,1.0,366.3191743000011,300.0,366.3191743000011,300.0,0.0,0.0
4353,1688202060000.0,0.0,0.0,0.0,0.06403,0.0,0.0,0.06819,0.9993349083055295,1.0,366.3191743000011,300.0,366.3191743000011,300.0,0.0,0.0
4354,1688205660000.0,0.0,0.0,0.0,0.06403,0.0,0.0,0.0683,0.9993349083055295,1.0,366.3191743000011,300.0,366.3191743000011,300.0,0.0,0.0
4355,1688209260000.0,0.0,0.0,0.0,0.06403,0.0,0.0,0.06742,0.9993349083055295,1.0,366.3191743000011,300.0,366.3191743000011,300.0,0.0,0.0
4356,1688212860000.0,0.0,0.0,0.0,0.06403,0.0,0.0,0.06765,0.9993349083055295,1.0,366.3191743000011,300.0,366.3191743000011,300.0,0.0,0.0
4357,1688216460000.0,0.0,0.0,0.0,0.06403,0.0,0.0,0.06809,0.9993349083055295,1.0,366.3191743000011,300.0,366.3191743000011,300.0,0.0,0.0
4358,1688220060000.0,0.0,0.0,0.0,0.06403,0.0,0.0,0.0679,0.9993349083055295,1.0,366.3191743000011,300.0,366.3191743000011,300.0,0.0,0.0
4359,1688223660000.0,0.0,0.0,0.0,0.06403,0.0,0.0,0.06806,0.9993349083055295,1.0,366.3191743000011,300.0,366.3191743000011,300.0,0.0,0.0
4360,1688227260000.0,0.0,0.0,0.0,0.06403,0.0,0.0,0.06787,0.9993349083055295,1.0,366.3191743000011,300.0,366.3191743000011,300.0,0.0,0.0
4361,1688230860000.0,0.0,0.0,0.0,0.06403,0.0,0.0,0.06843,0.9993349083055295,1.0,366.3191743000011,300.0,366.3191743000011,300.0,0.0,0.0
4362,1688234460000.0,0.0,0.0,0.0,0.06403,0.0,0.0,0.06824,0.9993349083055295,1.0,366.3191743000011,300.0,366.3191743000011,300.0,0.0,0.0
4363,1688238060000.0,0.0,0.0,0.0,0.06403,0.0,0.0,0.06839,0.9993349083055295,1.0,366.3191743000011,300.0,366.3191743000011,300.0,0.0,0.0
4364,1688241660000.0,0.0,0.0,0.0,0.06403,0.0,0.0,0.06815,0.9993349083055295,1.0,366.3191743000011,300.0,366.3191743000011,300.0,0.0,0.0
4365,1688245260000.0,0.0,0.0,0.0,0.06403,0.0,0.0,0.06834,0.9993349083055295,1.0,366.3191743000011,300.0,366.3191743000011,300.0,0.0,0.0
4366,1688248860000.0,0.0,0.0,0.0,0.06403,0.0,0.0,0.06854,0.9993349083055295,1.0,366.3191743000011,300.0,366.3191743000011,300.0,0.0,0.0
4367,1688252460000.0,0.0,0.0,0.0,0.06403,0.0,0.0,0.0683,0.9993349083055295,1.0,366.3191743000011,300.0,366.3191743000011,300.0,0.0,0.0
4368,1688256060000.0,0.0,0.0,0.0,0.06403,0.0,0.0,0.06855,0.9993349083055295,1.0,366.3191743000011,300.0,366.3191743000011,300.0,0.0,0.0
4369,1688259660000.0,0.0,0.0,271.0,0.06764,0.0,0.0,0.0678,0.9993349083055295,1.0,366.3008438600011,300.0,366.34420386000113,300.0,0.05004203595830599,0.0
4370,1688263260000.0,0.0,0.0,271.0,0.06764,0.0,0.0,0.06716,0.9993349083055295,1.0,366.3008438600011,300.0,366.1707638600011,300.0,0.05004203595830599,0.0
4371,1688266860000.0,0.0,0.0,271.0,0.06764,0.0,0.0,0.06715,0.9993349083055295,1.0,366.3008438600011,300.0,366.1680538600011,300.0,0.05004203595830599,0.0
4372,1688270460000.0,0.0,0.0,271.0,0.06764,0.0,0.0,0.06675,0.9993349083055295,1.0,366.3008438600011,300.0,366.0596538600011,300.0,0.05004203595830599,0.0
4373,1688274060000.0,0.0,0.0,271.0,0.06764,0.0,0.0,0.06727,0.9993349083055295,1.0,366.3008438600011,300.0,366.2005738600011,300.0,0.05004203595830599,0.0
4374,1688277660000.0,0.0,0.0,271.0,0.06764,0.0,0.0,0.06715,0.9993349083055295,1.0,366.3008438600011,300.0,366.1680538600011,300.0,0.05004203595830599,0.0
4375,1688281260000.0,0.0,0.0,271.0,0.06764,0.0,0.0,0.06716,0.9993349083055295,1.0,366.3008438600011,300.0,366.1707638600011,300.0,0.05004203595830599,0.0
4376,1688284860000.0,0.0,0.0,271.0,0.06764,0.0,0.0,0.0672,0.9993349083055295,1.0,366.3008438600011,300.0,366.18160386000113,300.0,0.05004203595830599,0.0
4377,1688288460000.0,0.0,0.0,271.0,0.06764,0.0,0.0,0.06714,0.9993349083055295,1.0,366.3008438600011,300.0,366.16534386000114,300.0,0.05004203595830599,0.0
4378,1688292060000.0,0.0,0.0,271.0,0.06764,0.0,0.0,0.06724,0.9993349083055295,1.0,366.3008438600011,300.0,366.1924438600011,300.0,0.05004203595830599,0.0
4379,1688295660000.0,0.0,0.0,271.0,0.06764,0.0,0.0,0.06715,0.9993349083055295,1.0,366.3008438600011,300.0,366.1680538600011,300.0,0.05004203595830599,0.0
4380,1688299260000.0,0.0,0.0,271.0,0.06764,0.0,0.0,0.06733,0.9993349083055295,1.0,366.3008438600011,300.0,366.21683386000115,300.0,0.05004203595830599,0.0
4381,1688302860000.0,0.0,0.0,271.0,0.06764,0.0,0.0,0.0672,0.9993349083055295,1.0,366.3008438600011,300.0,366.18160386000113,300.0,0.05004203595830599,0.0
4382,1688306460000.0,0.0,0.0,271.0,0.06764,0.0,0.0,0.06685,0.9993349083055295,1.0,366.3008438600011,300.0,366.0867538600011,300.0,0.05004203595830599,0.0
4383,1688310060000.0,0.0,0.0,271.0,0.06764,0.0,0.0,0.06731,0.9993349083055295,1.0,366.3008438600011,300.0,366.21141386000113,300.0,0.05004203595830599,0.0
4384,1688313660000.0,0.0,0.0,271.0,0.06764,0.0,0.0,0.06698,0.9993349083055295,1.0,366.3008438600011,300.0,366.12198386000114,300.0,0.05004203595830599,0.0
4385,1688317260000.0,0.0,0.0,271.0,0.06764,0.0,0.0,0.0673,0.9993349083055295,1.0,366.3008438600011,300.0,366.2087038600011,300.0,0.05004203595830599,0.0
4386,1688320860000.0,0.0,0.0,0.0,0.06764,0.0,0.0,0.0687,0.9993349083055295,1.0,366.5288768100011,300.0,366.5288768100011,300.0,0.0,0.0
4387,1688324460000.0,0.0,0.0,0.0,0.06764,0.0,0.0,0.06814,0.9993349083055295,1.0,366.5288768100011,300.0,366.5288768100011,300.0,0.0,0.0
4388,1688328060000.0,0.0,0.0,0.0,0.06764,0.0,0.0,0.06805,0.9993349083055295,1.0,366.5288768100011,300.0,366.5288768100011,300.0,0.0,0.0
4389,1688331660000.0,0.0,0.0,0.0,0.06764,0.0,0.0,0.06805,0.9993349083055295,1.0,366.5288768100011,300.0,366.5288768100011,300.0,0.0,0.0
4390,1688335260000.0,0.0,0.0,0.0,0.06764,0.0,0.0,0.06793,0.9993349083055295,1.0,366.5288768100011,300.0,366.5288768100011,300.0,0.0,0.0
4391,1688338860000.0,0.0,0.0,0.0,0.06764,0.0,0.0,0.06832,0.9993349083055295,1.0,366.5288768100011,300.0,366.5288768100011,300.0,0.0,0.0
4392,1688342460000.0,0.0,0.0,0.0,0.06764,0.0,0.0,0.06792,0.9993349083055295,1.0,366.5288768100011,300.0,366.5288768100011,300.0,0.0,0.0
4393,1688346060000.0,0.0,0.0,0.0,0.06764,0.0,0.0,0.06768,0.9993349083055295,1.0,366.5288768100011,300.0,366.5288768100011,300.0,0.0,0.0
4394,1688349660000.0,0.0,0.0,0.0,0.06764,0.0,0.0,0.068,0.9993349083055295,1.0,366.5288768100011,300.0,366.5288768100011,300.0,0.0,0.0
4395,1688353260000.0,0.0,0.0,0.0,0.06764,0.0,0.0,0.06832,0.9993349083055295,1.0,366.5288768100011,300.0,366.5288768100011,300.0,0.0,0.0
4396,1688356860000.0,0.0,0.0,0.0,0.06764,0.0,0.0,0.06836,0.9993349083055295,1.0,366.5288768100011,300.0,366.5288768100011,300.0,0.0,0.0
4397,1688360460000.0,0.0,0.0,0.0,0.06764,0.0,0.0,0.06817,0.9993349083055295,1.0,366.5288768100011,300.0,366.5288768100011,300.0,0.0,0.0
4398,1688364060000.0,0.0,0.0,0.0,0.06764,0.0,0.0,0.06816,0.9993349083055295,1.0,366.5288768100011,300.0,366.5288768100011,300.0,0.0,0.0
4399,1688367660000.0,0.0,0.0,0.0,0.06764,0.0,0.0,0.06782,0.9993349083055295,1.0,366.5288768100011,300.0,366.5288768100011,300.0,0.0,0.0
4400,1688371260000.0,0.0,0.0,0.0,0.06764,0.0,0.0,0.06807,0.9993349083055295,1.0,366.5288768100011,300.0,366.5288768100011,300.0,0.0,0.0
4401,1688374860000.0,0.0,0.0,0.0,0.06764,0.0,0.0,0.0678,0.9993349083055295,1.0,366.5288768100011,300.0,366.5288768100011,300.0,0.0,0.0
4402,1688378460000.0,0.0,0.0,271.0,0.06767,0.0,0.0,0.06767,0.9993349083055295,1.0,366.5105382400011,300.0,366.5105382400011,300.0,0.05003558721138709,0.0
4403,1688382060000.0,0.0,0.0,271.0,0.06767,0.0,0.0,0.06795,0.9993349083055295,1.0,366.5105382400011,300.0,366.5864182400011,300.0,0.05003558721138709,0.0
4404,1688385660000.0,0.0,0.0,271.0,0.06767,0.0,0.0,0.06797,0.9993349083055295,1.0,366.5105382400011,300.0,366.5918382400011,300.0,0.05003558721138709,0.0
4405,1688389260000.0,0.0,0.0,271.0,0.06767,0.0,0.0,0.06784,0.9993349083055295,1.0,366.5105382400011,300.0,366.5566082400011,300.0,0.05003558721138709,0.0
4406,1688392860000.0,0.0,0.0,271.0,0.06767,0.0,0.0,0.06737,0.9993349083055295,1.0,366.5105382400011,300.0,366.4292382400011,300.0,0.05003558721138709,0.0
4407,1688396460000.0,0.0,0.0,271.0,0.06767,0.0,0.0,0.0677,0.9993349083055295,1.0,366.5105382400011,300.0,366.5186682400011,300.0,0.05003558721138709,0.0
4408,1688400060000.0,0.0,0.0,271.0,0.06767,0.0,0.0,0.06821,0.9993349083055295,1.0,366.5105382400011,300.0,366.6568782400011,300.0,0.05003558721138709,0.0
4409,1688403660000.0,0.0,0.0,271.0,0.06767,0.0,0.0,0.06791,0.9993349083055295,1.0,366.5105382400011,300.0,366.5755782400011,300.0,0.05003558721138709,0.0
4410,1688407260000.0,0.0,0.0,271.0,0.06767,0.0,0.0,0.06821,0.9993349083055295,1.0,366.5105382400011,300.0,366.6568782400011,300.0,0.05003558721138709,0.0
4411,1688410860000.0,0.0,0.0,271.0,0.06767,0.0,0.0,0.06855,0.9993349083055295,1.0,366.5105382400011,300.0,366.7490182400011,300.0,0.05003558721138709,0.0
4412,1688414460000.0,0.0,0.0,0.0,0.06767,0.0,0.0,0.06861,0.9993349083055295,1.0,366.73856306000107,300.0,366.73856306000107,300.0,0.0,0.0
4413,1688418060000.0,0.0,0.0,0.0,0.06767,0.0,0.0,0.06833,0.9993349083055295,1.0,366.73856306000107,300.0,366.73856306000107,300.0,0.0,0.0
4414,1688421660000.0,0.0,0.0,271.0,0.06778,0.0,0.0,0.06817,0.9993349083055295,1.0,366.72019468000104,300.0,366.825884680001,300.0,0.05008826965754694,0.0
4415,1688425260000.0,0.0,0.0,271.0,0.06778,0.0,0.0,0.06833,0.9993349083055295,1.0,366.72019468000104,300.0,366.86924468000103,300.0,0.05008826965754694,0.0
4416,1688428860000.0,0.0,0.0,271.0,0.06778,0.0,0.0,0.0684,0.9993349083055295,1.0,366.72019468000104,300.0,366.88821468000106,300.0,0.05008826965754694,0.0
4417,1688432460000.0,0.0,0.0,271.0,0.06778,0.0,0.0,0.0683,0.9993349083055295,1.0,366.72019468000104,300.0,366.86111468000104,300.0,0.05008826965754694,0.0
4418,1688436060000.0,0.0,0.0,271.0,0.06778,0.0,0.0,0.06818,0.9993349083055295,1.0,366.72019468000104,300.0,366.82859468000106,300.0,0.05008826965754694,0.0
4419,1688439660000.0,0.0,0.0,0.0,0.06778,0.0,0.0,0.06929,0.9993349083055295,1.0,366.948189690001,300.0,366.948189690001,300.0,0.0,0.0
4420,1688443260000.0,0.0,0.0,0.0,0.06778,0.0,0.0,0.06888,0.9993349083055295,1.0,366.948189690001,300.0,366.948189690001,300.0,0.0,0.0
4421,1688446860000.0,0.0,0.0,0.0,0.06778,0.0,0.0,0.06853,0.9993349083055295,1.0,366.948189690001,300.0,366.948189690001,300.0,0.0,0.0
4422,1688450460000.0,0.0,0.0,0.0,0.06778,0.0,0.0,0.0685,0.9993349083055295,1.0,366.948189690001,300.0,366.948189690001,300.0,0.0,0.0
4423,1688454060000.0,0.0,0.0,0.0,0.06778,0.0,0.0,0.06835,0.9993349083055295,1.0,366.948189690001,300.0,366.948189690001,300.0,0.0,0.0
4424,1688457660000.0,0.0,0.0,270.0,0.06805,0.0,0.0,0.06808,0.9993349083055295,1.0,366.929816190001,300.0,366.93791619000103,300.0,0.05007360860117719,0.0
4425,1688461260000.0,0.0,0.0,270.0,0.06805,0.0,0.0,0.06797,0.9993349083055295,1.0,366.929816190001,300.0,366.90821619000104,300.0,0.05007360860117719,0.0
4426,1688464860000.0,0.0,0.0,270.0,0.06805,0.0,0.0,0.06822,0.9993349083055295,1.0,366.929816190001,300.0,366.97571619000104,300.0,0.05007360860117719,0.0
4427,1688468460000.0,0.0,0.0,270.0,0.06805,0.0,0.0,0.06816,0.9993349083055295,1.0,366.929816190001,300.0,366.959516190001,300.0,0.05007360860117719,0.0
4428,1688472060000.0,0.0,0.0,270.0,0.06805,0.0,0.0,0.06838,0.9993349083055295,1.0,366.929816190001,300.0,367.018916190001,300.0,0.05007360860117719,0.0
4429,1688475660000.0,0.0,0.0,270.0,0.06805,0.0,0.0,0.06889,0.9993349083055295,1.0,366.929816190001,300.0,367.15661619000105,300.0,0.05007360860117719,0.0
4430,1688479260000.0,0.0,0.0,0.0,0.06805,0.0,0.0,0.06951,0.9993349083055295,1.0,367.159594290001,300.0,367.159594290001,300.0,0.0,0.0
4431,1688482860000.0,0.0,0.0,0.0,0.06805,0.0,0.0,0.06997,0.9993349083055295,1.0,367.159594290001,300.0,367.159594290001,300.0,0.0,0.0
4432,1688486460000.0,0.0,0.0,0.0,0.06805,0.0,0.0,0.07015,0.9993349083055295,1.0,367.159594290001,300.0,367.159594290001,300.0,0.0,0.0
4433,1688490060000.0,0.0,0.0,0.0,0.06805,0.0,0.0,0.07143,0.9993349083055295,1.0,367.159594290001,300.0,367.159594290001,300.0,0.0,0.0
4434,1688493660000.0,0.0,0.0,0.0,0.06805,0.0,0.0,0.06994,0.9993349083055295,1.0,367.159594290001,300.0,367.159594290001,300.0,0.0,0.0
4435,1688497260000.0,0.0,0.0,0.0,0.06805,0.0,0.0,0.06882,0.9993349083055295,1.0,367.159594290001,300.0,367.159594290001,300.0,0.0,0.0
4436,1688500860000.0,0.0,0.0,267.0,0.0687,0.0,0.0,0.06892,0.9993349083055295,1.0,367.141251390001,300.0,367.199991390001,300.0,0.04996142473926199,0.0
4437,1688504460000.0,0.0,0.0,267.0,0.0687,0.0,0.0,0.0689,0.9993349083055295,1.0,367.141251390001,300.0,367.194651390001,300.0,0.04996142473926199,0.0
4438,1688508060000.0,0.0,0.0,267.0,0.0687,0.0,0.0,0.06862,0.9993349083055295,1.0,367.141251390001,300.0,367.119891390001,300.0,0.04996142473926199,0.0
4439,1688511660000.0,0.0,0.0,267.0,0.0687,0.0,0.0,0.06907,0.9993349083055295,1.0,367.141251390001,300.0,367.240041390001,300.0,0.04996142473926199,0.0
4440,1688515260000.0,0.0,0.0,267.0,0.0687,0.0,0.0,0.069,0.9993349083055295,1.0,367.141251390001,300.0,367.221351390001,300.0,0.04996142473926199,0.0
4441,1688518860000.0,0.0,0.0,267.0,0.0687,0.0,0.0,0.06851,0.9993349083055295,1.0,367.141251390001,300.0,367.090521390001,300.0,0.04996142473926199,0.0
4442,1688522460000.0,0.0,0.0,267.0,0.0687,0.0,0.0,0.06884,0.9993349083055295,1.0,367.141251390001,300.0,367.178631390001,300.0,0.04996142473926199,0.0
4443,1688526060000.0,0.0,0.0,267.0,0.0687,0.0,0.0,0.06901,0.9993349083055295,1.0,367.141251390001,300.0,367.224021390001,300.0,0.04996142473926199,0.0
4444,1688529660000.0,0.0,0.0,267.0,0.0687,0.0,0.0,0.06904,0.9993349083055295,1.0,367.141251390001,300.0,367.232031390001,300.0,0.04996142473926199,0.0
4445,1688533260000.0,0.0,0.0,267.0,0.0687,0.0,0.0,0.06887,0.9993349083055295,1.0,367.141251390001,300.0,367.186641390001,300.0,0.04996142473926199,0.0
4446,1688536860000.0,0.0,0.0,267.0,0.0687,0.0,0.0,0.06895,0.9993349083055295,1.0,367.141251390001,300.0,367.208001390001,300.0,0.04996142473926199,0.0
4447,1688540460000.0,0.0,0.0,267.0,0.0687,0.0,0.0,0.06888,0.9993349083055295,1.0,367.141251390001,300.0,367.189311390001,300.0,0.04996142473926199,0.0
4448,1688544060000.0,0.0,0.0,267.0,0.0687,0.0,0.0,0.06887,0.9993349083055295,1.0,367.141251390001,300.0,367.186641390001,300.0,0.04996142473926199,0.0
4449,1688547660000.0,0.0,0.0,267.0,0.0687,0.0,0.0,0.06849,0.9993349083055295,1.0,367.141251390001,300.0,367.085181390001,300.0,0.04996142473926199,0.0
4450,1688551260000.0,0.0,0.0,267.0,0.0687,0.0,0.0,0.06795,0.9993349083055295,1.0,367.141251390001,300.0,366.941001390001,300.0,0.04996142473926199,0.0
4451,1688554860000.0,0.0,0.0,571.0,0.06751274956217163,0.0,0.0,0.06683,0.9993349083055295,1.0,367.121044510001,300.0,366.731194510001,300.0,0.1050056393565034,0.0
4452,1688558460000.0,0.0,0.0,571.0,0.06751274956217163,0.0,0.0,0.06642,0.9993349083055295,1.0,367.121044510001,300.0,366.497084510001,300.0,0.1050056393565034,0.0
4453,1688562060000.0,0.0,0.0,571.0,0.06751274956217163,0.0,0.0,0.06654,0.9993349083055295,1.0,367.121044510001,300.0,366.56560451000104,300.0,0.1050056393565034,0.0
4454,1688565660000.0,0.0,0.0,571.0,0.06751274956217163,0.0,0.0,0.06691,0.9993349083055295,1.0,367.121044510001,300.0,366.776874510001,300.0,0.1050056393565034,0.0
4455,1688569260000.0,0.0,0.0,571.0,0.06751274956217163,0.0,0.0,0.06679,0.9993349083055295,1.0,367.121044510001,300.0,366.708354510001,300.0,0.1050056393565034,0.0
4456,1688572860000.0,0.0,0.0,571.0,0.06751274956217163,0.0,0.0,0.06615,0.9993349083055295,1.0,367.121044510001,300.0,366.34291451000104,300.0,0.1050056393565034,0.0
4457,1688576460000.0,0.0,0.0,571.0,0.06751274956217163,0.0,0.0,0.06672,0.9993349083055295,1.0,367.121044510001,300.0,366.66838451000103,300.0,0.1050056393565034,0.0
4458,1688580060000.0,0.0,0.0,571.0,0.06751274956217163,0.0,0.0,0.06701,0.9993349083055295,1.0,367.121044510001,300.0,366.83397451000104,300.0,0.1050056393565034,0.0
4459,1688583660000.0,0.0,0.0,571.0,0.06751274956217163,0.0,0.0,0.06677,0.9993349083055295,1.0,367.121044510001,300.0,366.69693451000103,300.0,0.1050056393565034,0.0
4460,1688587260000.0,0.0,0.0,571.0,0.06751274956217163,0.0,0.0,0.06681,0.9993349083055295,1.0,367.121044510001,300.0,366.719774510001,300.0,0.1050056393565034,0.0
4461,1688590860000.0,0.0,0.0,571.0,0.06751274956217163,0.0,0.0,0.0669,0.9993349083055295,1.0,367.121044510001,300.0,366.77116451000103,300.0,0.1050056393565034,0.0
4462,1688594460000.0,0.0,0.0,571.0,0.06751274956217163,0.0,0.0,0.06699,0.9993349083055295,1.0,367.121044510001,300.0,366.822554510001,300.0,0.1050056393565034,0.0
4463,1688598060000.0,0.0,0.0,571.0,0.06751274956217163,0.0,0.0,0.0668,0.9993349083055295,1.0,367.121044510001,300.0,366.71406451000104,300.0,0.1050056393565034,0.0
4464,1688601660000.0,0.0,0.0,571.0,0.06751274956217163,0.0,0.0,0.06689,0.9993349083055295,1.0,367.121044510001,300.0,366.765454510001,300.0,0.1050056393565034,0.0
4465,1688605260000.0,0.0,0.0,571.0,0.06751274956217163,0.0,0.0,0.0667,0.9993349083055295,1.0,367.121044510001,300.0,366.656964510001,300.0,0.1050056393565034,0.0
4466,1688608860000.0,0.0,0.0,571.0,0.06751274956217163,0.0,0.0,0.06709,0.9993349083055295,1.0,367.121044510001,300.0,366.879654510001,300.0,0.1050056393565034,0.0
4467,1688612460000.0,0.0,0.0,571.0,0.06751274956217163,0.0,0.0,0.06706,0.9993349083055295,1.0,367.121044510001,300.0,366.86252451000104,300.0,0.1050056393565034,0.0
4468,1688616060000.0,0.0,0.0,571.0,0.06751274956217163,0.0,0.0,0.06714,0.9993349083055295,1.0,367.121044510001,300.0,366.90820451000104,300.0,0.1050056393565034,0.0
4469,1688619660000.0,0.0,0.0,571.0,0.06751274956217163,0.0,0.0,0.06689,0.9993349083055295,1.0,367.121044510001,300.0,366.765454510001,300.0,0.1050056393565034,0.0
4470,1688623260000.0,0.0,0.0,571.0,0.06751274956217163,0.0,0.0,0.06756,0.9993349083055295,1.0,367.121044510001,300.0,367.148024510001,300.0,0.1050056393565034,0.0
4471,1688626860000.0,0.0,0.0,571.0,0.06751274956217163,0.0,0.0,0.06782,0.9993349083055295,1.0,367.121044510001,300.0,367.296484510001,300.0,0.1050056393565034,0.0
4472,1688630460000.0,0.0,0.0,571.0,0.06751274956217163,0.0,0.0,0.06778,0.9993349083055295,1.0,367.121044510001,300.0,367.273644510001,300.0,0.1050056393565034,0.0
4473,1688634060000.0,0.0,0.0,0.0,0.06751274956217163,0.0,0.0,0.06849,0.9993349083055295,1.0,367.600016690001,300.0,367.600016690001,300.0,0.0,0.0
4474,1688637660000.0,0.0,0.0,0.0,0.06751274956217163,0.0,0.0,0.06795,0.9993349083055295,1.0,367.600016690001,300.0,367.600016690001,300.0,0.0,0.0
4475,1688641260000.0,0.0,0.0,0.0,0.06751274956217163,0.0,0.0,0.0679,0.9993349083055295,1.0,367.600016690001,300.0,367.600016690001,300.0,0.0,0.0
4476,1688644860000.0,0.0,0.0,273.0,0.0673,0.0,0.0,0.06696,0.9993349083055295,1.0,367.581643790001,300.0,367.488823790001,300.0,0.04998318145205428,0.0
4477,1688648460000.0,0.0,0.0,273.0,0.0673,0.0,0.0,0.06653,0.9993349083055295,1.0,367.581643790001,300.0,367.371433790001,300.0,0.04998318145205428,0.0
4478,1688652060000.0,0.0,0.0,273.0,0.0673,0.0,0.0,0.06619,0.9993349083055295,1.0,367.581643790001,300.0,367.27861379000103,300.0,0.04998318145205428,0.0
4479,1688655660000.0,0.0,0.0,584.0,0.06613907534246574,0.0,0.0,0.06534,0.9993349083055295,1.0,367.561391470001,300.0,367.094731470001,300.0,0.10508508482222469,0.0
4480,1688659260000.0,0.0,0.0,584.0,0.06613907534246574,0.0,0.0,0.0658,0.9993349083055295,1.0,367.561391470001,300.0,367.363371470001,300.0,0.10508508482222469,0.0
4481,1688662860000.0,0.0,0.0,584.0,0.06613907534246574,0.0,0.0,0.06558,0.9993349083055295,1.0,367.561391470001,300.0,367.234891470001,300.0,0.10508508482222469,0.0
4482,1688666460000.0,0.0,0.0,584.0,0.06613907534246574,0.0,0.0,0.06597,0.9993349083055295,1.0,367.561391470001,300.0,367.462651470001,300.0,0.10508508482222469,0.0
4483,1688670060000.0,0.0,0.0,584.0,0.06613907534246574,0.0,0.0,0.06627,0.9993349083055295,1.0,367.561391470001,300.0,367.637851470001,300.0,0.10508508482222469,0.0
4484,1688673660000.0,0.0,0.0,584.0,0.06613907534246574,0.0,0.0,0.06592,0.9993349083055295,1.0,367.561391470001,300.0,367.43345147000105,300.0,0.10508508482222469,0.0
4485,1688677260000.0,0.0,0.0,584.0,0.06613907534246574,0.0,0.0,0.06591,0.9993349083055295,1.0,367.561391470001,300.0,367.427611470001,300.0,0.10508508482222469,0.0
4486,1688680860000.0,0.0,0.0,584.0,0.06613907534246574,0.0,0.0,0.0657,0.9993349083055295,1.0,367.561391470001,300.0,367.304971470001,300.0,0.10508508482222469,0.0
4487,1688684460000.0,0.0,0.0,584.0,0.06613907534246574,0.0,0.0,0.06582,0.9993349083055295,1.0,367.561391470001,300.0,367.37505147000104,300.0,0.10508508482222469,0.0
4488,1688688060000.0,0.0,0.0,584.0,0.06613907534246574,0.0,0.0,0.06474,0.9993349083055295,1.0,367.561391470001,300.0,366.74433147000104,300.0,0.10508508482222469,0.0
4489,1688691660000.0,0.0,0.0,584.0,0.06613907534246574,0.0,0.0,0.06517,0.9993349083055295,1.0,367.561391470001,300.0,366.995451470001,300.0,0.10508508482222469,0.0
4490,1688695260000.0,0.0,0.0,584.0,0.06613907534246574,0.0,0.0,0.06557,0.9993349083055295,1.0,367.561391470001,300.0,367.229051470001,300.0,0.10508508482222469,0.0
4491,1688698860000.0,0.0,0.0,584.0,0.06613907534246574,0.0,0.0,0.06563,0.9993349083055295,1.0,367.561391470001,300.0,367.264091470001,300.0,0.10508508482222469,0.0
4492,1688702460000.0,0.0,0.0,584.0,0.06613907534246574,0.0,0.0,0.06555,0.9993349083055295,1.0,367.561391470001,300.0,367.217371470001,300.0,0.10508508482222469,0.0
4493,1688706060000.0,0.0,0.0,584.0,0.06613907534246574,0.0,0.0,0.06519,0.9993349083055295,1.0,367.561391470001,300.0,367.007131470001,300.0,0.10508508482222469,0.0
4494,1688709660000.0,0.0,0.0,584.0,0.06613907534246574,0.0,0.0,0.06547,0.9993349083055295,1.0,367.561391470001,300.0,367.170651470001,300.0,0.10508508482222469,0.0
4495,1688713260000.0,0.0,0.0,584.0,0.06613907534246574,0.0,0.0,0.06554,0.9993349083055295,1.0,367.561391470001,300.0,367.21153147000103,300.0,0.10508508482222469,0.0
4496,1688716860000.0,0.0,0.0,584.0,0.06613907534246574,0.0,0.0,0.06514,0.9993349083055295,1.0,367.561391470001,300.0,366.977931470001,300.0,0.10508508482222469,0.0
4497,1688720460000.0,0.0,0.0,584.0,0.06613907534246574,0.0,0.0,0.06514,0.9993349083055295,1.0,367.561391470001,300.0,366.977931470001,300.0,0.10508508482222469,0.0
4498,1688724060000.0,0.0,0.0,584.0,0.06613907534246574,0.0,0.0,0.06548,0.9993349083055295,1.0,367.561391470001,300.0,367.176491470001,300.0,0.10508508482222469,0.0
4499,1688727660000.0,0.0,0.0,584.0,0.06613907534246574,0.0,0.0,0.06547,0.9993349083055295,1.0,367.561391470001,300.0,367.170651470001,300.0,0.10508508482222469,0.0
4500,1688731260000.0,0.0,0.0,584.0,0.06613907534246574,0.0,0.0,0.06523,0.9993349083055295,1.0,367.561391470001,300.0,367.03049147000104,300.0,0.10508508482222469,0.0
4501,1688734860000.0,0.0,0.0,584.0,0.06613907534246574,0.0,0.0,0.06527,0.9993349083055295,1.0,367.561391470001,300.0,367.053851470001,300.0,0.10508508482222469,0.0
4502,1688738460000.0,0.0,0.0,584.0,0.06613907534246574,0.0,0.0,0.0658,0.9993349083055295,1.0,367.561391470001,300.0,367.363371470001,300.0,0.10508508482222469,0.0
4503,1688742060000.0,0.0,0.0,584.0,0.06613907534246574,0.0,0.0,0.06538,0.9993349083055295,1.0,367.561391470001,300.0,367.118091470001,300.0,0.10508508482222469,0.0
4504,1688745660000.0,0.0,0.0,584.0,0.06613907534246574,0.0,0.0,0.06562,0.9993349083055295,1.0,367.561391470001,300.0,367.258251470001,300.0,0.10508508482222469,0.0
4505,1688749260000.0,0.0,0.0,584.0,0.06613907534246574,0.0,0.0,0.06569,0.9993349083055295,1.0,367.561391470001,300.0,367.29913147000104,300.0,0.10508508482222469,0.0
4506,1688752860000.0,0.0,0.0,584.0,0.06613907534246574,0.0,0.0,0.06559,0.9993349083055295,1.0,367.561391470001,300.0,367.24073147000104,300.0,0.10508508482222469,0.0
4507,1688756460000.0,0.0,0.0,584.0,0.06613907534246574,0.0,0.0,0.06509,0.9993349083055295,1.0,367.561391470001,300.0,366.948731470001,300.0,0.10508508482222469,0.0
4508,1688760060000.0,0.0,0.0,584.0,0.06613907534246574,0.0,0.0,0.06512,0.9993349083055295,1.0,367.561391470001,300.0,366.966251470001,300.0,0.10508508482222469,0.0
4509,1688763660000.0,0.0,0.0,584.0,0.06613907534246574,0.0,0.0,0.06514,0.9993349083055295,1.0,367.561391470001,300.0,366.977931470001,300.0,0.10508508482222469,0.0
4510,1688767260000.0,0.0,0.0,584.0,0.06613907534246574,0.0,0.0,0.06525,0.9993349083055295,1.0,367.561391470001,300.0,367.042171470001,300.0,0.10508508482222469,0.0
4511,1688770860000.0,0.0,0.0,584.0,0.06613907534246574,0.0,0.0,0.06554,0.9993349083055295,1.0,367.561391470001,300.0,367.21153147000103,300.0,0.10508508482222469,0.0
4512,1688774460000.0,0.0,0.0,584.0,0.06613907534246574,0.0,0.0,0.06535,0.9993349083055295,1.0,367.561391470001,300.0,367.100571470001,300.0,0.10508508482222469,0.0
4513,1688778060000.0,0.0,0.0,584.0,0.06613907534246574,0.0,0.0,0.06534,0.9993349083055295,1.0,367.561391470001,300.0,367.094731470001,300.0,0.10508508482222469,0.0
4514,1688781660000.0,0.0,0.0,584.0,0.06613907534246574,0.0,0.0,0.06557,0.9993349083055295,1.0,367.561391470001,300.0,367.229051470001,300.0,0.10508508482222469,0.0
4515,1688785260000.0,0.0,0.0,584.0,0.06613907534246574,0.0,0.0,0.06531,0.9993349083055295,1.0,367.561391470001,300.0,367.07721147000103,300.0,0.10508508482222469,0.0
4516,1688788860000.0,0.0,0.0,584.0,0.06613907534246574,0.0,0.0,0.06508,0.9993349083055295,1.0,367.561391470001,300.0,366.94289147000103,300.0,0.10508508482222469,0.0
4517,1688792460000.0,0.0,0.0,584.0,0.06613907534246574,0.0,0.0,0.06514,0.9993349083055295,1.0,367.561391470001,300.0,366.977931470001,300.0,0.10508508482222469,0.0
4518,1688796060000.0,0.0,0.0,584.0,0.06613907534246574,0.0,0.0,0.06517,0.9993349083055295,1.0,367.561391470001,300.0,366.995451470001,300.0,0.10508508482222469,0.0
4519,1688799660000.0,0.0,0.0,584.0,0.06613907534246574,0.0,0.0,0.06508,0.9993349083055295,1.0,367.561391470001,300.0,366.94289147000103,300.0,0.10508508482222469,0.0
4520,1688803260000.0,0.0,0.0,584.0,0.06613907534246574,0.0,0.0,0.06523,0.9993349083055295,1.0,367.561391470001,300.0,367.03049147000104,300.0,0.10508508482222469,0.0
4521,1688806860000.0,0.0,0.0,584.0,0.06613907534246574,0.0,0.0,0.06545,0.9993349083055295,1.0,367.561391470001,300.0,367.158971470001,300.0,0.10508508482222469,0.0
4522,1688810460000.0,0.0,0.0,584.0,0.06613907534246574,0.0,0.0,0.06549,0.9993349083055295,1.0,367.561391470001,300.0,367.18233147000103,300.0,0.10508508482222469,0.0
4523,1688814060000.0,0.0,0.0,584.0,0.06613907534246574,0.0,0.0,0.06538,0.9993349083055295,1.0,367.561391470001,300.0,367.118091470001,300.0,0.10508508482222469,0.0
4524,1688817660000.0,0.0,0.0,584.0,0.06613907534246574,0.0,0.0,0.06536,0.9993349083055295,1.0,367.561391470001,300.0,367.10641147000104,300.0,0.10508508482222469,0.0
4525,1688821260000.0,0.0,0.0,584.0,0.06613907534246574,0.0,0.0,0.06523,0.9993349083055295,1.0,367.561391470001,300.0,367.03049147000104,300.0,0.10508508482222469,0.0
4526,1688824860000.0,0.0,0.0,584.0,0.06613907534246574,0.0,0.0,0.06534,0.9993349083055295,1.0,367.561391470001,300.0,367.094731470001,300.0,0.10508508482222469,0.0
4527,1688828460000.0,0.0,0.0,584.0,0.06613907534246574,0.0,0.0,0.06534,0.9993349083055295,1.0,367.561391470001,300.0,367.094731470001,300.0,0.10508508482222469,0.0
4528,1688832060000.0,0.0,0.0,584.0,0.06613907534246574,0.0,0.0,0.0654,0.9993349083055295,1.0,367.561391470001,300.0,367.129771470001,300.0,0.10508508482222469,0.0
4529,1688835660000.0,0.0,0.0,584.0,0.06613907534246574,0.0,0.0,0.0655,0.9993349083055295,1.0,367.561391470001,300.0,367.188171470001,300.0,0.10508508482222469,0.0
4530,1688839260000.0,0.0,0.0,584.0,0.06613907534246574,0.0,0.0,0.06529,0.9993349083055295,1.0,367.561391470001,300.0,367.065531470001,300.0,0.10508508482222469,0.0
4531,1688842860000.0,0.0,0.0,584.0,0.06613907534246574,0.0,0.0,0.06563,0.9993349083055295,1.0,367.561391470001,300.0,367.264091470001,300.0,0.10508508482222469,0.0
4532,1688846460000.0,0.0,0.0,584.0,0.06613907534246574,0.0,0.0,0.06523,0.9993349083055295,1.0,367.561391470001,300.0,367.03049147000104,300.0,0.10508508482222469,0.0
4533,1688850060000.0,0.0,0.0,584.0,0.06613907534246574,0.0,0.0,0.06536,0.9993349083055295,1.0,367.561391470001,300.0,367.10641147000104,300.0,0.10508508482222469,0.0
4534,1688853660000.0,0.0,0.0,584.0,0.06613907534246574,0.0,0.0,0.06553,0.9993349083055295,1.0,367.561391470001,300.0,367.205691470001,300.0,0.10508508482222469,0.0
4535,1688857260000.0,0.0,0.0,584.0,0.06613907534246574,0.0,0.0,0.06588,0.9993349083055295,1.0,367.561391470001,300.0,367.410091470001,300.0,0.10508508482222469,0.0
4536,1688860860000.0,0.0,0.0,584.0,0.06613907534246574,0.0,0.0,0.06575,0.9993349083055295,1.0,367.561391470001,300.0,367.334171470001,300.0,0.10508508482222469,0.0
4537,1688864460000.0,0.0,0.0,584.0,0.06613907534246574,0.0,0.0,0.06622,0.9993349083055295,1.0,367.561391470001,300.0,367.608651470001,300.0,0.10508508482222469,0.0
4538,1688868060000.0,0.0,0.0,584.0,0.06613907534246574,0.0,0.0,0.06605,0.9993349083055295,1.0,367.561391470001,300.0,367.50937147000104,300.0,0.10508508482222469,0.0
4539,1688871660000.0,0.0,0.0,584.0,0.06613907534246574,0.0,0.0,0.06612,0.9993349083055295,1.0,367.561391470001,300.0,367.550251470001,300.0,0.10508508482222469,0.0
4540,1688875260000.0,0.0,0.0,584.0,0.06613907534246574,0.0,0.0,0.06619,0.9993349083055295,1.0,367.561391470001,300.0,367.591131470001,300.0,0.10508508482222469,0.0
4541,1688878860000.0,0.0,0.0,584.0,0.06613907534246574,0.0,0.0,0.06624,0.9993349083055295,1.0,367.561391470001,300.0,367.620331470001,300.0,0.10508508482222469,0.0
4542,1688882460000.0,0.0,0.0,584.0,0.06613907534246574,0.0,0.0,0.066,0.9993349083055295,1.0,367.561391470001,300.0,367.48017147000104,300.0,0.10508508482222469,0.0
4543,1688886060000.0,0.0,0.0,584.0,0.06613907534246574,0.0,0.0,0.06569,0.9993349083055295,1.0,367.561391470001,300.0,367.29913147000104,300.0,0.10508508482222469,0.0
4544,1688889660000.0,0.0,0.0,584.0,0.06613907534246574,0.0,0.0,0.06563,0.9993349083055295,1.0,367.561391470001,300.0,367.264091470001,300.0,0.10508508482222469,0.0
4545,1688893260000.0,0.0,0.0,584.0,0.06613907534246574,0.0,0.0,0.0658,0.9993349083055295,1.0,367.561391470001,300.0,367.363371470001,300.0,0.10508508482222469,0.0
4546,1688896860000.0,0.0,0.0,584.0,0.06613907534246574,0.0,0.0,0.06577,0.9993349083055295,1.0,367.561391470001,300.0,367.34585147000104,300.0,0.10508508482222469,0.0
4547,1688900460000.0,0.0,0.0,584.0,0.06613907534246574,0.0,0.0,0.06579,0.9993349083055295,1.0,367.561391470001,300.0,367.357531470001,300.0,0.10508508482222469,0.0
4548,1688904060000.0,0.0,0.0,584.0,0.06613907534246574,0.0,0.0,0.0659,0.9993349083055295,1.0,367.561391470001,300.0,367.42177147000103,300.0,0.10508508482222469,0.0
4549,1688907660000.0,0.0,0.0,584.0,0.06613907534246574,0.0,0.0,0.06612,0.9993349083055295,1.0,367.561391470001,300.0,367.550251470001,300.0,0.10508508482222469,0.0
4550,1688911260000.0,0.0,0.0,584.0,0.06613907534246574,0.0,0.0,0.06561,0.9993349083055295,1.0,367.561391470001,300.0,367.252411470001,300.0,0.10508508482222469,0.0
4551,1688914860000.0,0.0,0.0,584.0,0.06613907534246574,0.0,0.0,0.06567,0.9993349083055295,1.0,367.561391470001,300.0,367.28745147000103,300.0,0.10508508482222469,0.0
4552,1688918460000.0,0.0,0.0,584.0,0.06613907534246574,0.0,0.0,0.06562,0.9993349083055295,1.0,367.561391470001,300.0,367.258251470001,300.0,0.10508508482222469,0.0
4553,1688922060000.0,0.0,0.0,584.0,0.06613907534246574,0.0,0.0,0.06554,0.9993349083055295,1.0,367.561391470001,300.0,367.21153147000103,300.0,0.10508508482222469,0.0
4554,1688925660000.0,0.0,0.0,584.0,0.06613907534246574,0.0,0.0,0.06573,0.9993349083055295,1.0,367.561391470001,300.0,367.322491470001,300.0,0.10508508482222469,0.0
4555,1688929260000.0,0.0,0.0,584.0,0.06613907534246574,0.0,0.0,0.06555,0.9993349083055295,1.0,367.561391470001,300.0,367.217371470001,300.0,0.10508508482222469,0.0
4556,1688932860000.0,0.0,0.0,584.0,0.06613907534246574,0.0,0.0,0.06544,0.9993349083055295,1.0,367.561391470001,300.0,367.15313147000103,300.0,0.10508508482222469,0.0
4557,1688936460000.0,0.0,0.0,584.0,0.06613907534246574,0.0,0.0,0.06557,0.9993349083055295,1.0,367.561391470001,300.0,367.229051470001,300.0,0.10508508482222469,0.0
4558,1688940060000.0,0.0,0.0,584.0,0.06613907534246574,0.0,0.0,0.06548,0.9993349083055295,1.0,367.561391470001,300.0,367.176491470001,300.0,0.10508508482222469,0.0
4559,1688943660000.0,0.0,0.0,584.0,0.06613907534246574,0.0,0.0,0.06557,0.9993349083055295,1.0,367.561391470001,300.0,367.229051470001,300.0,0.10508508482222469,0.0
4560,1688947260000.0,0.0,0.0,584.0,0.06613907534246574,0.0,0.0,0.06534,0.9993349083055295,1.0,367.561391470001,300.0,367.094731470001,300.0,0.10508508482222469,0.0
4561,1688950860000.0,0.0,0.0,1248.0,0.06483072115384615,0.0,0.0,0.06448,0.9993349083055295,1.0,367.519107950001,300.0,367.081407950001,300.0,0.2201483902464391,0.0
4562,1688954460000.0,0.0,0.0,1248.0,0.06483072115384615,0.0,0.0,0.06447,0.9993349083055295,1.0,367.519107950001,300.0,367.068927950001,300.0,0.2201483902464391,0.0
4563,1688958060000.0,0.0,0.0,1248.0,0.06483072115384615,0.0,0.0,0.06493,0.9993349083055295,1.0,367.519107950001,300.0,367.643007950001,300.0,0.2201483902464391,0.0
4564,1688961660000.0,0.0,0.0,1248.0,0.06483072115384615,0.0,0.0,0.06473,0.9993349083055295,1.0,367.519107950001,300.0,367.393407950001,300.0,0.2201483902464391,0.0
4565,1688965260000.0,0.0,0.0,1248.0,0.06483072115384615,0.0,0.0,0.06472,0.9993349083055295,1.0,367.519107950001,300.0,367.380927950001,300.0,0.2201483902464391,0.0
4566,1688968860000.0,0.0,0.0,1248.0,0.06483072115384615,0.0,0.0,0.06448,0.9993349083055295,1.0,367.519107950001,300.0,367.081407950001,300.0,0.2201483902464391,0.0
4567,1688972460000.0,0.0,0.0,1248.0,0.06483072115384615,0.0,0.0,0.06452,0.9993349083055295,1.0,367.519107950001,300.0,367.131327950001,300.0,0.2201483902464391,0.0
4568,1688976060000.0,0.0,0.0,1248.0,0.06483072115384615,0.0,0.0,0.06447,0.9993349083055295,1.0,367.519107950001,300.0,367.068927950001,300.0,0.2201483902464391,0.0
4569,1688979660000.0,0.0,0.0,1248.0,0.06483072115384615,0.0,0.0,0.06432,0.9993349083055295,1.0,367.519107950001,300.0,366.881727950001,300.0,0.2201483902464391,0.0
4570,1688983260000.0,0.0,0.0,1248.0,0.06483072115384615,0.0,0.0,0.06474,0.9993349083055295,1.0,367.519107950001,300.0,367.405887950001,300.0,0.2201483902464391,0.0
4571,1688986860000.0,0.0,0.0,1248.0,0.06483072115384615,0.0,0.0,0.0647,0.9993349083055295,1.0,367.519107950001,300.0,367.355967950001,300.0,0.2201483902464391,0.0
4572,1688990460000.0,0.0,0.0,1248.0,0.06483072115384615,0.0,0.0,0.06474,0.9993349083055295,1.0,367.519107950001,300.0,367.405887950001,300.0,0.2201483902464391,0.0
4573,1688994060000.0,0.0,0.0,1248.0,0.06483072115384615,0.0,0.0,0.06452,0.9993349083055295,1.0,367.519107950001,300.0,367.131327950001,300.0,0.2201483902464391,0.0
4574,1688997660000.0,0.0,0.0,1248.0,0.06483072115384615,0.0,0.0,0.06461,0.9993349083055295,1.0,367.519107950001,300.0,367.243647950001,300.0,0.2201483902464391,0.0
4575,1689001260000.0,0.0,0.0,1248.0,0.06483072115384615,0.0,0.0,0.0648,0.9993349083055295,1.0,367.519107950001,300.0,367.480767950001,300.0,0.2201483902464391,0.0
4576,1689004860000.0,0.0,0.0,1248.0,0.06483072115384615,0.0,0.0,0.06478,0.9993349083055295,1.0,367.519107950001,300.0,367.45580795000103,300.0,0.2201483902464391,0.0
4577,1689008460000.0,0.0,0.0,1248.0,0.06483072115384615,0.0,0.0,0.06471,0.9993349083055295,1.0,367.519107950001,300.0,367.368447950001,300.0,0.2201483902464391,0.0
4578,1689012060000.0,0.0,0.0,1248.0,0.06483072115384615,0.0,0.0,0.06459,0.9993349083055295,1.0,367.519107950001,300.0,367.21868795000097,300.0,0.2201483902464391,0.0
4579,1689015660000.0,0.0,0.0,0.0,0.06483072115384615,0.0,0.0,0.06543,0.9993349083055295,1.0,368.49110525000106,300.0,368.49110525000106,300.0,0.0,0.0
4580,1689019260000.0,0.0,0.0,0.0,0.06483072115384615,0.0,0.0,0.06594,0.9993349083055295,1.0,368.49110525000106,300.0,368.49110525000106,300.0,0.0,0.0
4581,1689022860000.0,0.0,0.0,0.0,0.06483072115384615,0.0,0.0,0.06561,0.9993349083055295,1.0,368.49110525000106,300.0,368.49110525000106,300.0,0.0,0.0
4582,1689026460000.0,0.0,0.0,0.0,0.06483072115384615,0.0,0.0,0.06533,0.9993349083055295,1.0,368.49110525000106,300.0,368.49110525000106,300.0,0.0,0.0
4583,1689030060000.0,0.0,0.0,284.0,0.06486,0.0,0.0,0.06515,0.9993349083055295,1.0,368.47268501000104,300.0,368.55504501000104,300.0,0.0499907883253274,0.0
4584,1689033660000.0,0.0,0.0,284.0,0.06486,0.0,0.0,0.06526,0.9993349083055295,1.0,368.47268501000104,300.0,368.58628501000106,300.0,0.0499907883253274,0.0
4585,1689037260000.0,0.0,0.0,284.0,0.06486,0.0,0.0,0.06491,0.9993349083055295,1.0,368.47268501000104,300.0,368.48688501000106,300.0,0.0499907883253274,0.0
4586,1689040860000.0,0.0,0.0,284.0,0.06486,0.0,0.0,0.06513,0.9993349083055295,1.0,368.47268501000104,300.0,368.54936501000105,300.0,0.0499907883253274,0.0
4587,1689044460000.0,0.0,0.0,284.0,0.06486,0.0,0.0,0.06508,0.9993349083055295,1.0,368.47268501000104,300.0,368.53516501000104,300.0,0.0499907883253274,0.0
4588,1689048060000.0,0.0,0.0,284.0,0.06486,0.0,0.0,0.06524,0.9993349083055295,1.0,368.47268501000104,300.0,368.580605010001,300.0,0.0499907883253274,0.0
4589,1689051660000.0,0.0,0.0,284.0,0.06486,0.0,0.0,0.06529,0.9993349083055295,1.0,368.47268501000104,300.0,368.59480501000104,300.0,0.0499907883253274,0.0
4590,1689055260000.0,0.0,0.0,284.0,0.06486,0.0,0.0,0.06527,0.9993349083055295,1.0,368.47268501000104,300.0,368.58912501000106,300.0,0.0499907883253274,0.0
4591,1689058860000.0,0.0,0.0,284.0,0.06486,0.0,0.0,0.06544,0.9993349083055295,1.0,368.47268501000104,300.0,368.63740501000103,300.0,0.0499907883253274,0.0
4592,1689062460000.0,0.0,0.0,284.0,0.06486,0.0,0.0,0.06527,0.9993349083055295,1.0,368.47268501000104,300.0,368.58912501000106,300.0,0.0499907883253274,0.0
4593,1689066060000.0,0.0,0.0,284.0,0.06486,0.0,0.0,0.0651,0.9993349083055295,1.0,368.47268501000104,300.0,368.540845010001,300.0,0.0499907883253274,0.0
4594,1689069660000.0,0.0,0.0,284.0,0.06486,0.0,0.0,0.06498,0.9993349083055295,1.0,368.47268501000104,300.0,368.50676501000106,300.0,0.0499907883253274,0.0
4595,1689073260000.0,0.0,0.0,284.0,0.06486,0.0,0.0,0.06491,0.9993349083055295,1.0,368.47268501000104,300.0,368.48688501000106,300.0,0.0499907883253274,0.0
4596,1689076860000.0,0.0,0.0,284.0,0.06486,0.0,0.0,0.06492,0.9993349083055295,1.0,368.47268501000104,300.0,368.48972501000105,300.0,0.0499907883253274,0.0
4597,1689080460000.0,0.0,0.0,284.0,0.06486,0.0,0.0,0.06496,0.9993349083055295,1.0,368.47268501000104,300.0,368.501085010001,300.0,0.0499907883253274,0.0
4598,1689084060000.0,0.0,0.0,284.0,0.06486,0.0,0.0,0.06482,0.9993349083055295,1.0,368.47268501000104,300.0,368.461325010001,300.0,0.0499907883253274,0.0
4599,1689087660000.0,0.0,0.0,284.0,0.06486,0.0,0.0,0.06486,0.9993349083055295,1.0,368.47268501000104,300.0,368.47268501000104,300.0,0.0499907883253274,0.0
4600,1689091260000.0,0.0,0.0,284.0,0.06486,0.0,0.0,0.0648,0.9993349083055295,1.0,368.47268501000104,300.0,368.45564501000104,300.0,0.0499907883253274,0.0
4601,1689094860000.0,0.0,0.0,284.0,0.06486,0.0,0.0,0.06474,0.9993349083055295,1.0,368.47268501000104,300.0,368.438605010001,300.0,0.0499907883253274,0.0
4602,1689098460000.0,0.0,0.0,284.0,0.06486,0.0,0.0,0.06468,0.9993349083055295,1.0,368.47268501000104,300.0,368.421565010001,300.0,0.0499907883253274,0.0
4603,1689102060000.0,0.0,0.0,284.0,0.06486,0.0,0.0,0.06456,0.9993349083055295,1.0,368.47268501000104,300.0,368.38748501000106,300.0,0.0499907883253274,0.0
4604,1689105660000.0,0.0,0.0,284.0,0.06486,0.0,0.0,0.06475,0.9993349083055295,1.0,368.47268501000104,300.0,368.441445010001,300.0,0.0499907883253274,0.0
4605,1689109260000.0,0.0,0.0,284.0,0.06486,0.0,0.0,0.06482,0.9993349083055295,1.0,368.47268501000104,300.0,368.461325010001,300.0,0.0499907883253274,0.0
4606,1689112860000.0,0.0,0.0,284.0,0.06486,0.0,0.0,0.06503,0.9993349083055295,1.0,368.47268501000104,300.0,368.520965010001,300.0,0.0499907883253274,0.0
4607,1689116460000.0,0.0,0.0,284.0,0.06486,0.0,0.0,0.06519,0.9993349083055295,1.0,368.47268501000104,300.0,368.56640501000106,300.0,0.0499907883253274,0.0
4608,1689120060000.0,0.0,0.0,284.0,0.06486,0.0,0.0,0.06526,0.9993349083055295,1.0,368.47268501000104,300.0,368.58628501000106,300.0,0.0499907883253274,0.0
4609,1689123660000.0,0.0,0.0,284.0,0.06486,0.0,0.0,0.06518,0.9993349083055295,1.0,368.47268501000104,300.0,368.56356501000107,300.0,0.0499907883253274,0.0
4610,1689127260000.0,0.0,0.0,284.0,0.06486,0.0,0.0,0.06528,0.9993349083055295,1.0,368.47268501000104,300.0,368.59196501000105,300.0,0.0499907883253274,0.0
4611,1689130860000.0,0.0,0.0,284.0,0.06486,0.0,0.0,0.0653,0.9993349083055295,1.0,368.47268501000104,300.0,368.59764501000103,300.0,0.0499907883253274,0.0
4612,1689134460000.0,0.0,0.0,284.0,0.06486,0.0,0.0,0.06522,0.9993349083055295,1.0,368.47268501000104,300.0,368.57492501000104,300.0,0.0499907883253274,0.0
4613,1689138060000.0,0.0,0.0,284.0,0.06486,0.0,0.0,0.06535,0.9993349083055295,1.0,368.47268501000104,300.0,368.61184501000105,300.0,0.0499907883253274,0.0
4614,1689141660000.0,0.0,0.0,284.0,0.06486,0.0,0.0,0.06544,0.9993349083055295,1.0,368.47268501000104,300.0,368.63740501000103,300.0,0.0499907883253274,0.0
4615,1689145260000.0,0.0,0.0,284.0,0.06486,0.0,0.0,0.06536,0.9993349083055295,1.0,368.47268501000104,300.0,368.61468501000104,300.0,0.0499907883253274,0.0
4616,1689148860000.0,0.0,0.0,284.0,0.06486,0.0,0.0,0.0654,0.9993349083055295,1.0,368.47268501000104,300.0,368.62604501000106,300.0,0.0499907883253274,0.0
4617,1689152460000.0,0.0,0.0,284.0,0.06486,0.0,0.0,0.06538,0.9993349083055295,1.0,368.47268501000104,300.0,368.620365010001,300.0,0.0499907883253274,0.0
4618,1689156060000.0,0.0,0.0,284.0,0.06486,0.0,0.0,0.06535,0.9993349083055295,1.0,368.47268501000104,300.0,368.61184501000105,300.0,0.0499907883253274,0.0
4619,1689159660000.0,0.0,0.0,284.0,0.06486,0.0,0.0,0.06525,0.9993349083055295,1.0,368.47268501000104,300.0,368.58344501000107,300.0,0.0499907883253274,0.0
4620,1689163260000.0,0.0,0.0,284.0,0.06486,0.0,0.0,0.06534,0.9993349083055295,1.0,368.47268501000104,300.0,368.60900501000106,300.0,0.0499907883253274,0.0
4621,1689166860000.0,0.0,0.0,284.0,0.06486,0.0,0.0,0.06537,0.9993349083055295,1.0,368.47268501000104,300.0,368.61752501000103,300.0,0.0499907883253274,0.0
4622,1689170460000.0,0.0,0.0,284.0,0.06486,0.0,0.0,0.06524,0.9993349083055295,1.0,368.47268501000104,300.0,368.580605010001,300.0,0.0499907883253274,0.0
4623,1689174060000.0,0.0,0.0,284.0,0.06486,0.0,0.0,0.06516,0.9993349083055295,1.0,368.47268501000104,300.0,368.55788501000103,300.0,0.0499907883253274,0.0
4624,1689177660000.0,0.0,0.0,284.0,0.06486,0.0,0.0,0.06484,0.9993349083055295,1.0,368.47268501000104,300.0,368.46700501000106,300.0,0.0499907883253274,0.0
4625,1689181260000.0,0.0,0.0,284.0,0.06486,0.0,0.0,0.06492,0.9993349083055295,1.0,368.47268501000104,300.0,368.48972501000105,300.0,0.0499907883253274,0.0
4626,1689184860000.0,0.0,0.0,284.0,0.06486,0.0,0.0,0.06488,0.9993349083055295,1.0,368.47268501000104,300.0,368.478365010001,300.0,0.0499907883253274,0.0
4627,1689188460000.0,0.0,0.0,284.0,0.06486,0.0,0.0,0.0648,0.9993349083055295,1.0,368.47268501000104,300.0,368.45564501000104,300.0,0.0499907883253274,0.0
4628,1689192060000.0,0.0,0.0,284.0,0.06486,0.0,0.0,0.06417,0.9993349083055295,1.0,368.47268501000104,300.0,368.27672501000103,300.0,0.0499907883253274,0.0
4629,1689195660000.0,0.0,0.0,284.0,0.06486,0.0,0.0,0.06456,0.9993349083055295,1.0,368.47268501000104,300.0,368.38748501000106,300.0,0.0499907883253274,0.0
4630,1689199260000.0,0.0,0.0,284.0,0.06486,0.0,0.0,0.06448,0.9993349083055295,1.0,368.47268501000104,300.0,368.36476501000107,300.0,0.0499907883253274,0.0
4631,1689202860000.0,0.0,0.0,284.0,0.06486,0.0,0.0,0.06457,0.9993349083055295,1.0,368.47268501000104,300.0,368.39032501000105,300.0,0.0499907883253274,0.0
4632,1689206460000.0,0.0,0.0,284.0,0.06486,0.0,0.0,0.06515,0.9993349083055295,1.0,368.47268501000104,300.0,368.55504501000104,300.0,0.0499907883253274,0.0
4633,1689210060000.0,0.0,0.0,284.0,0.06486,0.0,0.0,0.06479,0.9993349083055295,1.0,368.47268501000104,300.0,368.45280501000104,300.0,0.0499907883253274,0.0
4634,1689213660000.0,0.0,0.0,284.0,0.06486,0.0,0.0,0.06485,0.9993349083055295,1.0,368.47268501000104,300.0,368.46984501000105,300.0,0.0499907883253274,0.0
4635,1689217260000.0,0.0,0.0,284.0,0.06486,0.0,0.0,0.06473,0.9993349083055295,1.0,368.47268501000104,300.0,368.43576501000103,300.0,0.0499907883253274,0.0
4636,1689220860000.0,0.0,0.0,284.0,0.06486,0.0,0.0,0.06469,0.9993349083055295,1.0,368.47268501000104,300.0,368.42440501000107,300.0,0.0499907883253274,0.0
4637,1689224460000.0,0.0,0.0,284.0,0.06486,0.0,0.0,0.06464,0.9993349083055295,1.0,368.47268501000104,300.0,368.41020501000105,300.0,0.0499907883253274,0.0
4638,1689228060000.0,0.0,0.0,284.0,0.06486,0.0,0.0,0.0648,0.9993349083055295,1.0,368.47268501000104,300.0,368.45564501000104,300.0,0.0499907883253274,0.0
4639,1689231660000.0,0.0,0.0,284.0,0.06486,0.0,0.0,0.0649,0.9993349083055295,1.0,368.47268501000104,300.0,368.48404501000107,300.0,0.0499907883253274,0.0
4640,1689235260000.0,0.0,0.0,284.0,0.06486,0.0,0.0,0.06484,0.9993349083055295,1.0,368.47268501000104,300.0,368.46700501000106,300.0,0.0499907883253274,0.0
4641,1689238860000.0,0.0,0.0,284.0,0.06486,0.0,0.0,0.06491,0.9993349083055295,1.0,368.47268501000104,300.0,368.48688501000106,300.0,0.0499907883253274,0.0
4642,1689242460000.0,0.0,0.0,284.0,0.06486,0.0,0.0,0.06533,0.9993349083055295,1.0,368.47268501000104,300.0,368.60616501000106,300.0,0.0499907883253274,0.0
4643,1689246060000.0,0.0,0.0,284.0,0.06486,0.0,0.0,0.06537,0.9993349083055295,1.0,368.47268501000104,300.0,368.61752501000103,300.0,0.0499907883253274,0.0
4644,1689249660000.0,0.0,0.0,284.0,0.06486,0.0,0.0,0.0654,0.9993349083055295,1.0,368.47268501000104,300.0,368.62604501000106,300.0,0.0499907883253274,0.0
4645,1689253260000.0,0.0,0.0,284.0,0.06486,0.0,0.0,0.06524,0.9993349083055295,1.0,368.47268501000104,300.0,368.580605010001,300.0,0.0499907883253274,0.0
4646,1689256860000.0,0.0,0.0,284.0,0.06486,0.0,0.0,0.06543,0.9993349083055295,1.0,368.47268501000104,300.0,368.63456501000104,300.0,0.0499907883253274,0.0
4647,1689260460000.0,0.0,0.0,284.0,0.06486,0.0,0.0,0.06527,0.9993349083055295,1.0,368.47268501000104,300.0,368.58912501000106,300.0,0.0499907883253274,0.0
4648,1689264060000.0,0.0,0.0,0.0,0.06486,0.0,0.0,0.06731,0.9993349083055295,1.0,368.701097690001,300.0,368.701097690001,300.0,0.0,0.0
4649,1689267660000.0,0.0,0.0,0.0,0.06486,0.0,0.0,0.06875,0.9993349083055295,1.0,368.701097690001,300.0,368.701097690001,300.0,0.0,0.0
4650,1689271260000.0,0.0,0.0,0.0,0.06486,0.0,0.0,0.06953,0.9993349083055295,1.0,368.701097690001,300.0,368.701097690001,300.0,0.0,0.0
4651,1689274860000.0,0.0,0.0,0.0,0.06486,0.0,0.0,0.06889,0.9993349083055295,1.0,368.701097690001,300.0,368.701097690001,300.0,0.0,0.0
4652,1689278460000.0,0.0,0.0,0.0,0.06486,0.0,0.0,0.07022,0.9993349083055295,1.0,368.701097690001,300.0,368.701097690001,300.0,0.0,0.0
4653,1689282060000.0,0.0,0.0,0.0,0.06486,0.0,0.0,0.0697,0.9993349083055295,1.0,368.701097690001,300.0,368.701097690001,300.0,0.0,0.0
4654,1689285660000.0,0.0,0.0,0.0,0.06486,0.0,0.0,0.06926,0.9993349083055295,1.0,368.701097690001,300.0,368.701097690001,300.0,0.0,0.0
4655,1689289260000.0,0.0,0.0,0.0,0.06486,0.0,0.0,0.06975,0.9993349083055295,1.0,368.701097690001,300.0,368.701097690001,300.0,0.0,0.0
4656,1689292860000.0,0.0,0.0,0.0,0.06486,0.0,0.0,0.07053,0.9993349083055295,1.0,368.701097690001,300.0,368.701097690001,300.0,0.0,0.0
4657,1689296460000.0,0.0,0.0,0.0,0.06486,0.0,0.0,0.07143,0.9993349083055295,1.0,368.701097690001,300.0,368.701097690001,300.0,0.0,0.0
4658,1689300060000.0,0.0,0.0,0.0,0.06486,0.0,0.0,0.07081,0.9993349083055295,1.0,368.701097690001,300.0,368.701097690001,300.0,0.0,0.0
4659,1689303660000.0,0.0,0.0,0.0,0.06486,0.0,0.0,0.07136,0.9993349083055295,1.0,368.701097690001,300.0,368.701097690001,300.0,0.0,0.0
4660,1689307260000.0,0.0,0.0,0.0,0.06486,0.0,0.0,0.07078,0.9993349083055295,1.0,368.701097690001,300.0,368.701097690001,300.0,0.0,0.0
4661,1689310860000.0,0.0,0.0,0.0,0.06486,0.0,0.0,0.07082,0.9993349083055295,1.0,368.701097690001,300.0,368.701097690001,300.0,0.0,0.0
4662,1689314460000.0,0.0,0.0,0.0,0.06486,0.0,0.0,0.07093,0.9993349083055295,1.0,368.701097690001,300.0,368.701097690001,300.0,0.0,0.0
4663,1689318060000.0,0.0,0.0,0.0,0.06486,0.0,0.0,0.0708,0.9993349083055295,1.0,368.701097690001,300.0,368.701097690001,300.0,0.0,0.0
4664,1689321660000.0,0.0,0.0,0.0,0.06486,0.0,0.0,0.07011,0.9993349083055295,1.0,368.701097690001,300.0,368.701097690001,300.0,0.0,0.0
4665,1689325260000.0,0.0,0.0,0.0,0.06486,0.0,0.0,0.07043,0.9993349083055295,1.0,368.701097690001,300.0,368.701097690001,300.0,0.0,0.0
4666,1689328860000.0,0.0,0.0,0.0,0.06486,0.0,0.0,0.06996,0.9993349083055295,1.0,368.701097690001,300.0,368.701097690001,300.0,0.0,0.0
4667,1689332460000.0,0.0,0.0,0.0,0.06486,0.0,0.0,0.06991,0.9993349083055295,1.0,368.701097690001,300.0,368.701097690001,300.0,0.0,0.0
4668,1689336060000.0,0.0,0.0,0.0,0.06486,0.0,0.0,0.0701,0.9993349083055295,1.0,368.701097690001,300.0,368.701097690001,300.0,0.0,0.0
4669,1689339660000.0,0.0,0.0,0.0,0.06486,0.0,0.0,0.07,0.9993349083055295,1.0,368.701097690001,300.0,368.701097690001,300.0,0.0,0.0
4670,1689343260000.0,0.0,0.0,0.0,0.06486,0.0,0.0,0.07061,0.9993349083055295,1.0,368.701097690001,300.0,368.701097690001,300.0,0.0,0.0
4671,1689346860000.0,0.0,0.0,0.0,0.06486,0.0,0.0,0.07075,0.9993349083055295,1.0,368.701097690001,300.0,368.701097690001,300.0,0.0,0.0
4672,1689350460000.0,0.0,0.0,0.0,0.06486,0.0,0.0,0.07232,0.9993349083055295,1.0,368.701097690001,300.0,368.701097690001,300.0,0.0,0.0
4673,1689354060000.0,0.0,0.0,0.0,0.06486,0.0,0.0,0.07127,0.9993349083055295,1.0,368.701097690001,300.0,368.701097690001,300.0,0.0,0.0
4674,1689357660000.0,0.0,0.0,264.0,0.06972,0.0,0.0,0.06985,0.9993349083055295,1.0,368.68269161000103,300.0,368.717011610001,300.0,0.0499239058921439,0.0
4675,1689361260000.0,0.0,0.0,564.0,0.06851787234042553,0.0,0.0,0.06758,0.9993349083055295,1.0,368.662453610001,300.0,368.13349361000104,300.0,0.10482239138157698,0.0
4676,1689364860000.0,0.0,0.0,564.0,0.06851787234042553,0.0,0.0,0.06811,0.9993349083055295,1.0,368.662453610001,300.0,368.43241361000105,300.0,0.10482239138157698,0.0
4677,1689368460000.0,0.0,0.0,564.0,0.06851787234042553,0.0,0.0,0.06843,0.9993349083055295,1.0,368.662453610001,300.0,368.61289361000104,300.0,0.10482239138157698,0.0
4678,1689372060000.0,0.0,0.0,564.0,0.06851787234042553,0.0,0.0,0.06861,0.9993349083055295,1.0,368.662453610001,300.0,368.71441361000103,300.0,0.10482239138157698,0.0
4679,1689375660000.0,0.0,0.0,564.0,0.06851787234042553,0.0,0.0,0.06817,0.9993349083055295,1.0,368.662453610001,300.0,368.46625361000105,300.0,0.10482239138157698,0.0
4680,1689379260000.0,0.0,0.0,564.0,0.06851787234042553,0.0,0.0,0.06835,0.9993349083055295,1.0,368.662453610001,300.0,368.56777361000104,300.0,0.10482239138157698,0.0
4681,1689382860000.0,0.0,0.0,564.0,0.06851787234042553,0.0,0.0,0.06816,0.9993349083055295,1.0,368.662453610001,300.0,368.460613610001,300.0,0.10482239138157698,0.0
4682,1689386460000.0,0.0,0.0,564.0,0.06851787234042553,0.0,0.0,0.06837,0.9993349083055295,1.0,368.662453610001,300.0,368.57905361000104,300.0,0.10482239138157698,0.0
4683,1689390060000.0,0.0,0.0,564.0,0.06851787234042553,0.0,0.0,0.06853,0.9993349083055295,1.0,368.662453610001,300.0,368.66929361000103,300.0,0.10482239138157698,0.0
4684,1689393660000.0,0.0,0.0,564.0,0.06851787234042553,0.0,0.0,0.06803,0.9993349083055295,1.0,368.662453610001,300.0,368.387293610001,300.0,0.10482239138157698,0.0
4685,1689397260000.0,0.0,0.0,564.0,0.06851787234042553,0.0,0.0,0.06842,0.9993349083055295,1.0,368.662453610001,300.0,368.607253610001,300.0,0.10482239138157698,0.0
4686,1689400860000.0,0.0,0.0,564.0,0.06851787234042553,0.0,0.0,0.06938,0.9993349083055295,1.0,368.662453610001,300.0,369.14869361000103,300.0,0.10482239138157698,0.0
4687,1689404460000.0,0.0,0.0,0.0,0.06851787234042553,0.0,0.0,0.07032,0.9993349083055295,1.0,369.14336945000105,300.0,369.14336945000105,300.0,0.0,0.0
4688,1689408060000.0,0.0,0.0,0.0,0.06851787234042553,0.0,0.0,0.07311,0.9993349083055295,1.0,369.14336945000105,300.0,369.14336945000105,300.0,0.0,0.0
4689,1689411660000.0,0.0,0.0,0.0,0.06851787234042553,0.0,0.0,0.07368,0.9993349083055295,1.0,369.14336945000105,300.0,369.14336945000105,300.0,0.0,0.0
4690,1689415260000.0,0.0,0.0,0.0,0.06851787234042553,0.0,0.0,0.07385,0.9993349083055295,1.0,369.14336945000105,300.0,369.14336945000105,300.0,0.0,0.0
4691,1689418860000.0,0.0,0.0,0.0,0.06851787234042553,0.0,0.0,0.07375,0.9993349083055295,1.0,369.14336945000105,300.0,369.14336945000105,300.0,0.0,0.0
4692,1689422460000.0,0.0,0.0,0.0,0.06851787234042553,0.0,0.0,0.0741,0.9993349083055295,1.0,369.14336945000105,300.0,369.14336945000105,300.0,0.0,0.0
4693,1689426060000.0,0.0,0.0,0.0,0.06851787234042553,0.0,0.0,0.07169,0.9993349083055295,1.0,369.14336945000105,300.0,369.14336945000105,300.0,0.0,0.0
4694,1689429660000.0,0.0,0.0,0.0,0.06851787234042553,0.0,0.0,0.07246,0.9993349083055295,1.0,369.14336945000105,300.0,369.14336945000105,300.0,0.0,0.0
4695,1689433260000.0,0.0,0.0,0.0,0.06851787234042553,0.0,0.0,0.07167,0.9993349083055295,1.0,369.14336945000105,300.0,369.14336945000105,300.0,0.0,0.0
4696,1689436860000.0,0.0,0.0,0.0,0.06851787234042553,0.0,0.0,0.07296,0.9993349083055295,1.0,369.14336945000105,300.0,369.14336945000105,300.0,0.0,0.0
4697,1689440460000.0,0.0,0.0,0.0,0.06851787234042553,0.0,0.0,0.07313,0.9993349083055295,1.0,369.14336945000105,300.0,369.14336945000105,300.0,0.0,0.0
4698,1689444060000.0,0.0,0.0,0.0,0.06851787234042553,0.0,0.0,0.07234,0.9993349083055295,1.0,369.14336945000105,300.0,369.14336945000105,300.0,0.0,0.0
4699,1689447660000.0,0.0,0.0,0.0,0.06851787234042553,0.0,0.0,0.07277,0.9993349083055295,1.0,369.14336945000105,300.0,369.14336945000105,300.0,0.0,0.0
4700,1689451260000.0,0.0,0.0,0.0,0.06851787234042553,0.0,0.0,0.07235,0.9993349083055295,1.0,369.14336945000105,300.0,369.14336945000105,300.0,0.0,0.0
4701,1689454860000.0,0.0,0.0,0.0,0.06851787234042553,0.0,0.0,0.07259,0.9993349083055295,1.0,369.14336945000105,300.0,369.14336945000105,300.0,0.0,0.0
4702,1689458460000.0,0.0,0.0,258.0,0.07144,0.0,0.0,0.07161,0.9993349083055295,1.0,369.12493793000107,300.0,369.16879793000106,300.0,0.049933012121481914,0.0
4703,1689462060000.0,0.0,0.0,258.0,0.07144,0.0,0.0,0.07177,0.9993349083055295,1.0,369.12493793000107,300.0,369.2100779300011,300.0,0.049933012121481914,0.0
4704,1689465660000.0,0.0,0.0,258.0,0.07144,0.0,0.0,0.07193,0.9993349083055295,1.0,369.12493793000107,300.0,369.25135793000106,300.0,0.049933012121481914,0.0
4705,1689469260000.0,0.0,0.0,258.0,0.07144,0.0,0.0,0.07162,0.9993349083055295,1.0,369.12493793000107,300.0,369.1713779300011,300.0,0.049933012121481914,0.0
4706,1689472860000.0,0.0,0.0,258.0,0.07144,0.0,0.0,0.07173,0.9993349083055295,1.0,369.12493793000107,300.0,369.19975793000106,300.0,0.049933012121481914,0.0
4707,1689476460000.0,0.0,0.0,258.0,0.07144,0.0,0.0,0.07072,0.9993349083055295,1.0,369.12493793000107,300.0,368.93917793000105,300.0,0.049933012121481914,0.0
4708,1689480060000.0,0.0,0.0,258.0,0.07144,0.0,0.0,0.07062,0.9993349083055295,1.0,369.12493793000107,300.0,368.91337793000105,300.0,0.049933012121481914,0.0
4709,1689483660000.0,0.0,0.0,258.0,0.07144,0.0,0.0,0.07085,0.9993349083055295,1.0,369.12493793000107,300.0,368.97271793000107,300.0,0.049933012121481914,0.0
4710,1689487260000.0,0.0,0.0,258.0,0.07144,0.0,0.0,0.07067,0.9993349083055295,1.0,369.12493793000107,300.0,368.92627793000105,300.0,0.049933012121481914,0.0
4711,1689490860000.0,0.0,0.0,258.0,0.07144,0.0,0.0,0.07077,0.9993349083055295,1.0,369.12493793000107,300.0,368.95207793000105,300.0,0.049933012121481914,0.0
4712,1689494460000.0,0.0,0.0,258.0,0.07144,0.0,0.0,0.07105,0.9993349083055295,1.0,369.12493793000107,300.0,369.0243179300011,300.0,0.049933012121481914,0.0
4713,1689498060000.0,0.0,0.0,258.0,0.07144,0.0,0.0,0.07095,0.9993349083055295,1.0,369.12493793000107,300.0,368.99851793000107,300.0,0.049933012121481914,0.0
4714,1689501660000.0,0.0,0.0,258.0,0.07144,0.0,0.0,0.07109,0.9993349083055295,1.0,369.12493793000107,300.0,369.03463793000105,300.0,0.049933012121481914,0.0
4715,1689505260000.0,0.0,0.0,258.0,0.07144,0.0,0.0,0.07101,0.9993349083055295,1.0,369.12493793000107,300.0,369.01399793000104,300.0,0.049933012121481914,0.0
4716,1689508860000.0,0.0,0.0,258.0,0.07144,0.0,0.0,0.07123,0.9993349083055295,1.0,369.12493793000107,300.0,369.0707579300011,300.0,0.049933012121481914,0.0
4717,1689512460000.0,0.0,0.0,258.0,0.07144,0.0,0.0,0.07118,0.9993349083055295,1.0,369.12493793000107,300.0,369.0578579300011,300.0,0.049933012121481914,0.0
4718,1689516060000.0,0.0,0.0,258.0,0.07144,0.0,0.0,0.0709,0.9993349083055295,1.0,369.12493793000107,300.0,368.98561793000107,300.0,0.049933012121481914,0.0
4719,1689519660000.0,0.0,0.0,258.0,0.07144,0.0,0.0,0.07142,0.9993349083055295,1.0,369.12493793000107,300.0,369.1197779300011,300.0,0.049933012121481914,0.0
4720,1689523260000.0,0.0,0.0,258.0,0.07144,0.0,0.0,0.07109,0.9993349083055295,1.0,369.12493793000107,300.0,369.03463793000105,300.0,0.049933012121481914,0.0
4721,1689526860000.0,0.0,0.0,258.0,0.07144,0.0,0.0,0.07095,0.9993349083055295,1.0,369.12493793000107,300.0,368.99851793000107,300.0,0.049933012121481914,0.0
4722,1689530460000.0,0.0,0.0,258.0,0.07144,0.0,0.0,0.07102,0.9993349083055295,1.0,369.12493793000107,300.0,369.01657793000106,300.0,0.049933012121481914,0.0
4723,1689534060000.0,0.0,0.0,258.0,0.07144,0.0,0.0,0.07013,0.9993349083055295,1.0,369.12493793000107,300.0,368.78695793000105,300.0,0.049933012121481914,0.0
4724,1689537660000.0,0.0,0.0,258.0,0.07144,0.0,0.0,0.06925,0.9993349083055295,1.0,369.12493793000107,300.0,368.55991793000106,300.0,0.049933012121481914,0.0
4725,1689541260000.0,0.0,0.0,552.0,0.07020434782608696,0.0,0.0,0.06968,0.9993349083055295,1.0,369.10461665000105,300.0,368.81517665000104,300.0,0.10499137169218035,0.0
4726,1689544860000.0,0.0,0.0,552.0,0.07020434782608696,0.0,0.0,0.06988,0.9993349083055295,1.0,369.10461665000105,300.0,368.92557665000106,300.0,0.10499137169218035,0.0
4727,1689548460000.0,0.0,0.0,552.0,0.07020434782608696,0.0,0.0,0.06988,0.9993349083055295,1.0,369.10461665000105,300.0,368.92557665000106,300.0,0.10499137169218035,0.0
4728,1689552060000.0,0.0,0.0,552.0,0.07020434782608696,0.0,0.0,0.06941,0.9993349083055295,1.0,369.10461665000105,300.0,368.666136650001,300.0,0.10499137169218035,0.0
4729,1689555660000.0,0.0,0.0,552.0,0.07020434782608696,0.0,0.0,0.06957,0.9993349083055295,1.0,369.10461665000105,300.0,368.75445665000103,300.0,0.10499137169218035,0.0
4730,1689559260000.0,0.0,0.0,552.0,0.07020434782608696,0.0,0.0,0.0702,0.9993349083055295,1.0,369.10461665000105,300.0,369.102216650001,300.0,0.10499137169218035,0.0
4731,1689562860000.0,0.0,0.0,552.0,0.07020434782608696,0.0,0.0,0.06996,0.9993349083055295,1.0,369.10461665000105,300.0,368.96973665000104,300.0,0.10499137169218035,0.0
4732,1689566460000.0,0.0,0.0,552.0,0.07020434782608696,0.0,0.0,0.07045,0.9993349083055295,1.0,369.10461665000105,300.0,369.24021665000106,300.0,0.10499137169218035,0.0
4733,1689570060000.0,0.0,0.0,552.0,0.07020434782608696,0.0,0.0,0.07038,0.9993349083055295,1.0,369.10461665000105,300.0,369.201576650001,300.0,0.10499137169218035,0.0
4734,1689573660000.0,0.0,0.0,0.0,0.07020434782608696,0.0,0.0,0.07165,0.9993349083055295,1.0,369.58734185000105,300.0,369.58734185000105,300.0,0.0,0.0
4735,1689577260000.0,0.0,0.0,0.0,0.07020434782608696,0.0,0.0,0.07135,0.9993349083055295,1.0,369.58734185000105,300.0,369.58734185000105,300.0,0.0,0.0
4736,1689580860000.0,0.0,0.0,0.0,0.07020434782608696,0.0,0.0,0.0711,0.9993349083055295,1.0,369.58734185000105,300.0,369.58734185000105,300.0,0.0,0.0
4737,1689584460000.0,0.0,0.0,0.0,0.07020434782608696,0.0,0.0,0.07104,0.9993349083055295,1.0,369.58734185000105,300.0,369.58734185000105,300.0,0.0,0.0
4738,1689588060000.0,0.0,0.0,262.0,0.07041,0.0,0.0,0.06949,0.9993349083055295,1.0,369.5688944300011,300.0,369.3278544300011,300.0,0.04991605158884407,0.0
4739,1689591660000.0,0.0,0.0,560.0,0.06919139285714286,0.0,0.0,0.06924,0.9993349083055295,1.0,369.5485946700011,300.0,369.5758146700011,300.0,0.1048500266510292,0.0
4740,1689595260000.0,0.0,0.0,560.0,0.06919139285714286,0.0,0.0,0.06927,0.9993349083055295,1.0,369.5485946700011,300.0,369.59261467000107,300.0,0.1048500266510292,0.0
4741,1689598860000.0,0.0,0.0,560.0,0.06919139285714286,0.0,0.0,0.06936,0.9993349083055295,1.0,369.5485946700011,300.0,369.6430146700011,300.0,0.1048500266510292,0.0
4742,1689602460000.0,0.0,0.0,0.0,0.06919139285714286,0.0,0.0,0.07022,0.9993349083055295,1.0,370.0293474700011,300.0,370.0293474700011,300.0,0.0,0.0
4743,1689606060000.0,0.0,0.0,0.0,0.06919139285714286,0.0,0.0,0.07004,0.9993349083055295,1.0,370.0293474700011,300.0,370.0293474700011,300.0,0.0,0.0
4744,1689609660000.0,0.0,0.0,265.0,0.06974,0.0,0.0,0.06946,0.9993349083055295,1.0,370.0108663700011,300.0,369.9366663700011,300.0,0.049947452033798884,0.0
4745,1689613260000.0,0.0,0.0,265.0,0.06974,0.0,0.0,0.06911,0.9993349083055295,1.0,370.0108663700011,300.0,369.8439163700011,300.0,0.049947452033798884,0.0
4746,1689616860000.0,0.0,0.0,265.0,0.06974,0.0,0.0,0.06852,0.9993349083055295,1.0,370.0108663700011,300.0,369.6875663700011,300.0,0.049947452033798884,0.0
4747,1689620460000.0,0.0,0.0,265.0,0.06974,0.0,0.0,0.06839,0.9993349083055295,1.0,370.0108663700011,300.0,369.6531163700011,300.0,0.049947452033798884,0.0
4748,1689624060000.0,0.0,0.0,265.0,0.06974,0.0,0.0,0.06896,0.9993349083055295,1.0,370.0108663700011,300.0,369.8041663700011,300.0,0.049947452033798884,0.0
4749,1689627660000.0,0.0,0.0,265.0,0.06974,0.0,0.0,0.069,0.9993349083055295,1.0,370.0108663700011,300.0,369.8147663700011,300.0,0.049947452033798884,0.0
4750,1689631260000.0,0.0,0.0,265.0,0.06974,0.0,0.0,0.06981,0.9993349083055295,1.0,370.0108663700011,300.0,370.0294163700011,300.0,0.049947452033798884,0.0
4751,1689634860000.0,0.0,0.0,265.0,0.06974,0.0,0.0,0.06963,0.9993349083055295,1.0,370.0108663700011,300.0,369.9817163700011,300.0,0.049947452033798884,0.0
4752,1689638460000.0,0.0,0.0,265.0,0.06974,0.0,0.0,0.06982,0.9993349083055295,1.0,370.0108663700011,300.0,370.03206637000113,300.0,0.049947452033798884,0.0
4753,1689642060000.0,0.0,0.0,265.0,0.06974,0.0,0.0,0.07007,0.9993349083055295,1.0,370.0108663700011,300.0,370.0983163700011,300.0,0.049947452033798884,0.0
4754,1689645660000.0,0.0,0.0,265.0,0.06974,0.0,0.0,0.07025,0.9993349083055295,1.0,370.0108663700011,300.0,370.1460163700011,300.0,0.049947452033798884,0.0
4755,1689649260000.0,0.0,0.0,265.0,0.06974,0.0,0.0,0.06995,0.9993349083055295,1.0,370.0108663700011,300.0,370.0665163700011,300.0,0.049947452033798884,0.0
4756,1689652860000.0,0.0,0.0,265.0,0.06974,0.0,0.0,0.06978,0.9993349083055295,1.0,370.0108663700011,300.0,370.0214663700011,300.0,0.049947452033798884,0.0
4757,1689656460000.0,0.0,0.0,265.0,0.06974,0.0,0.0,0.06975,0.9993349083055295,1.0,370.0108663700011,300.0,370.0135163700011,300.0,0.049947452033798884,0.0
4758,1689660060000.0,0.0,0.0,265.0,0.06974,0.0,0.0,0.06969,0.9993349083055295,1.0,370.0108663700011,300.0,369.99761637000114,300.0,0.049947452033798884,0.0
4759,1689663660000.0,0.0,0.0,265.0,0.06974,0.0,0.0,0.06885,0.9993349083055295,1.0,370.0108663700011,300.0,369.7750163700011,300.0,0.049947452033798884,0.0
4760,1689667260000.0,0.0,0.0,265.0,0.06974,0.0,0.0,0.06891,0.9993349083055295,1.0,370.0108663700011,300.0,369.7909163700011,300.0,0.049947452033798884,0.0
4761,1689670860000.0,0.0,0.0,265.0,0.06974,0.0,0.0,0.06912,0.9993349083055295,1.0,370.0108663700011,300.0,369.8465663700011,300.0,0.049947452033798884,0.0
4762,1689674460000.0,0.0,0.0,265.0,0.06974,0.0,0.0,0.0687,0.9993349083055295,1.0,370.0108663700011,300.0,369.7352663700011,300.0,0.049947452033798884,0.0
4763,1689678060000.0,0.0,0.0,265.0,0.06974,0.0,0.0,0.06904,0.9993349083055295,1.0,370.0108663700011,300.0,369.8253663700011,300.0,0.049947452033798884,0.0
4764,1689681660000.0,0.0,0.0,265.0,0.06974,0.0,0.0,0.068,0.9993349083055295,1.0,370.0108663700011,300.0,369.5497663700011,300.0,0.049947452033798884,0.0
4765,1689685260000.0,0.0,0.0,265.0,0.06974,0.0,0.0,0.06832,0.9993349083055295,1.0,370.0108663700011,300.0,369.6345663700011,300.0,0.049947452033798884,0.0
4766,1689688860000.0,0.0,0.0,265.0,0.06974,0.0,0.0,0.06828,0.9993349083055295,1.0,370.0108663700011,300.0,369.6239663700011,300.0,0.049947452033798884,0.0
4767,1689692460000.0,0.0,0.0,265.0,0.06974,0.0,0.0,0.06839,0.9993349083055295,1.0,370.0108663700011,300.0,369.6531163700011,300.0,0.049947452033798884,0.0
4768,1689696060000.0,0.0,0.0,265.0,0.06974,0.0,0.0,0.06838,0.9993349083055295,1.0,370.0108663700011,300.0,369.6504663700011,300.0,0.049947452033798884,0.0
4769,1689699660000.0,0.0,0.0,566.0,0.06853812720848057,0.0,0.0,0.06779,0.9993349083055295,1.0,369.99055489000114,300.0,369.5671148900011,300.0,0.10484748728662305,0.0
4770,1689703260000.0,0.0,0.0,566.0,0.06853812720848057,0.0,0.0,0.06811,0.9993349083055295,1.0,369.99055489000114,300.0,369.74823489000113,300.0,0.10484748728662305,0.0
4771,1689706860000.0,0.0,0.0,566.0,0.06853812720848057,0.0,0.0,0.06845,0.9993349083055295,1.0,369.99055489000114,300.0,369.9406748900011,300.0,0.10484748728662305,0.0
4772,1689710460000.0,0.0,0.0,566.0,0.06853812720848057,0.0,0.0,0.06814,0.9993349083055295,1.0,369.99055489000114,300.0,369.7652148900011,300.0,0.10484748728662305,0.0
4773,1689714060000.0,0.0,0.0,566.0,0.06853812720848057,0.0,0.0,0.06809,0.9993349083055295,1.0,369.99055489000114,300.0,369.7369148900011,300.0,0.10484748728662305,0.0
4774,1689717660000.0,0.0,0.0,566.0,0.06853812720848057,0.0,0.0,0.06833,0.9993349083055295,1.0,369.99055489000114,300.0,369.87275489000115,300.0,0.10484748728662305,0.0
4775,1689721260000.0,0.0,0.0,566.0,0.06853812720848057,0.0,0.0,0.06844,0.9993349083055295,1.0,369.99055489000114,300.0,369.9350148900011,300.0,0.10484748728662305,0.0
4776,1689724860000.0,0.0,0.0,566.0,0.06853812720848057,0.0,0.0,0.0685,0.9993349083055295,1.0,369.99055489000114,300.0,369.96897489000116,300.0,0.10484748728662305,0.0
4777,1689728460000.0,0.0,0.0,566.0,0.06853812720848057,0.0,0.0,0.06923,0.9993349083055295,1.0,369.99055489000114,300.0,370.3821548900011,300.0,0.10484748728662305,0.0
4778,1689732060000.0,0.0,0.0,0.0,0.06853812720848057,0.0,0.0,0.06947,0.9993349083055295,1.0,370.4730205300011,300.0,370.4730205300011,300.0,0.0,0.0
4779,1689735660000.0,0.0,0.0,0.0,0.06853812720848057,0.0,0.0,0.06956,0.9993349083055295,1.0,370.4730205300011,300.0,370.4730205300011,300.0,0.0,0.0
4780,1689739260000.0,0.0,0.0,0.0,0.06853812720848057,0.0,0.0,0.0695,0.9993349083055295,1.0,370.4730205300011,300.0,370.4730205300011,300.0,0.0,0.0
4781,1689742860000.0,0.0,0.0,0.0,0.06853812720848057,0.0,0.0,0.06944,0.9993349083055295,1.0,370.4730205300011,300.0,370.4730205300011,300.0,0.0,0.0
4782,1689746460000.0,0.0,0.0,0.0,0.06853812720848057,0.0,0.0,0.06971,0.9993349083055295,1.0,370.4730205300011,300.0,370.4730205300011,300.0,0.0,0.0
4783,1689750060000.0,0.0,0.0,0.0,0.06853812720848057,0.0,0.0,0.06932,0.9993349083055295,1.0,370.4730205300011,300.0,370.4730205300011,300.0,0.0,0.0
4784,1689753660000.0,0.0,0.0,269.0,0.06881,0.0,0.0,0.06892,0.9993349083055295,1.0,370.4545106400011,300.0,370.4841006400011,300.0,0.0499653519349032,0.0
4785,1689757260000.0,0.0,0.0,269.0,0.06881,0.0,0.0,0.06834,0.9993349083055295,1.0,370.4545106400011,300.0,370.3280806400011,300.0,0.0499653519349032,0.0
4786,1689760860000.0,0.0,0.0,269.0,0.06881,0.0,0.0,0.06882,0.9993349083055295,1.0,370.4545106400011,300.0,370.45720064000113,300.0,0.0499653519349032,0.0
4787,1689764460000.0,0.0,0.0,269.0,0.06881,0.0,0.0,0.06891,0.9993349083055295,1.0,370.4545106400011,300.0,370.4814106400011,300.0,0.0499653519349032,0.0
4788,1689768060000.0,0.0,0.0,269.0,0.06881,0.0,0.0,0.06928,0.9993349083055295,1.0,370.4545106400011,300.0,370.58094064000113,300.0,0.0499653519349032,0.0
4789,1689771660000.0,0.0,0.0,269.0,0.06881,0.0,0.0,0.0692,0.9993349083055295,1.0,370.4545106400011,300.0,370.5594206400011,300.0,0.0499653519349032,0.0
4790,1689775260000.0,0.0,0.0,269.0,0.06881,0.0,0.0,0.06906,0.9993349083055295,1.0,370.4545106400011,300.0,370.5217606400011,300.0,0.0499653519349032,0.0
4791,1689778860000.0,0.0,0.0,269.0,0.06881,0.0,0.0,0.06844,0.9993349083055295,1.0,370.4545106400011,300.0,370.3549806400011,300.0,0.0499653519349032,0.0
4792,1689782460000.0,0.0,0.0,0.0,0.06881,0.0,0.0,0.07102,0.9993349083055295,1.0,370.68592058000115,300.0,370.68592058000115,300.0,0.0,0.0
4793,1689786060000.0,0.0,0.0,0.0,0.06881,0.0,0.0,0.07016,0.9993349083055295,1.0,370.68592058000115,300.0,370.68592058000115,300.0,0.0,0.0
4794,1689789660000.0,0.0,0.0,0.0,0.06881,0.0,0.0,0.06988,0.9993349083055295,1.0,370.68592058000115,300.0,370.68592058000115,300.0,0.0,0.0
4795,1689793260000.0,0.0,0.0,0.0,0.06881,0.0,0.0,0.07032,0.9993349083055295,1.0,370.68592058000115,300.0,370.68592058000115,300.0,0.0,0.0
4796,1689796860000.0,0.0,0.0,0.0,0.06881,0.0,0.0,0.07077,0.9993349083055295,1.0,370.68592058000115,300.0,370.68592058000115,300.0,0.0,0.0
4797,1689800460000.0,0.0,0.0,0.0,0.06881,0.0,0.0,0.0699,0.9993349083055295,1.0,370.68592058000115,300.0,370.68592058000115,300.0,0.0,0.0
4798,1689804060000.0,0.0,0.0,0.0,0.06881,0.0,0.0,0.07036,0.9993349083055295,1.0,370.68592058000115,300.0,370.68592058000115,300.0,0.0,0.0
4799,1689807660000.0,0.0,0.0,0.0,0.06881,0.0,0.0,0.07031,0.9993349083055295,1.0,370.68592058000115,300.0,370.68592058000115,300.0,0.0,0.0
4800,1689811260000.0,0.0,0.0,0.0,0.06881,0.0,0.0,0.07012,0.9993349083055295,1.0,370.68592058000115,300.0,370.68592058000115,300.0,0.0,0.0
4801,1689814860000.0,0.0,0.0,0.0,0.06881,0.0,0.0,0.07033,0.9993349083055295,1.0,370.68592058000115,300.0,370.68592058000115,300.0,0.0,0.0
4802,1689818460000.0,0.0,0.0,0.0,0.06881,0.0,0.0,0.07059,0.9993349083055295,1.0,370.68592058000115,300.0,370.68592058000115,300.0,0.0,0.0
4803,1689822060000.0,0.0,0.0,0.0,0.06881,0.0,0.0,0.07047,0.9993349083055295,1.0,370.68592058000115,300.0,370.68592058000115,300.0,0.0,0.0
4804,1689825660000.0,0.0,0.0,0.0,0.06881,0.0,0.0,0.07033,0.9993349083055295,1.0,370.68592058000115,300.0,370.68592058000115,300.0,0.0,0.0
4805,1689829260000.0,0.0,0.0,0.0,0.06881,0.0,0.0,0.07011,0.9993349083055295,1.0,370.68592058000115,300.0,370.68592058000115,300.0,0.0,0.0
4806,1689832860000.0,0.0,0.0,0.0,0.06881,0.0,0.0,0.07078,0.9993349083055295,1.0,370.68592058000115,300.0,370.68592058000115,300.0,0.0,0.0
4807,1689836460000.0,0.0,0.0,0.0,0.06881,0.0,0.0,0.07049,0.9993349083055295,1.0,370.68592058000115,300.0,370.68592058000115,300.0,0.0,0.0
4808,1689840060000.0,0.0,0.0,0.0,0.06881,0.0,0.0,0.0708,0.9993349083055295,1.0,370.68592058000115,300.0,370.68592058000115,300.0,0.0,0.0
4809,1689843660000.0,0.0,0.0,0.0,0.06881,0.0,0.0,0.07072,0.9993349083055295,1.0,370.68592058000115,300.0,370.68592058000115,300.0,0.0,0.0
4810,1689847260000.0,0.0,0.0,0.0,0.06881,0.0,0.0,0.07219,0.9993349083055295,1.0,370.68592058000115,300.0,370.68592058000115,300.0,0.0,0.0
4811,1689850860000.0,0.0,0.0,0.0,0.06881,0.0,0.0,0.07233,0.9993349083055295,1.0,370.68592058000115,300.0,370.68592058000115,300.0,0.0,0.0
4812,1689854460000.0,0.0,0.0,0.0,0.06881,0.0,0.0,0.0725,0.9993349083055295,1.0,370.68592058000115,300.0,370.68592058000115,300.0,0.0,0.0
4813,1689858060000.0,0.0,0.0,0.0,0.06881,0.0,0.0,0.07197,0.9993349083055295,1.0,370.68592058000115,300.0,370.68592058000115,300.0,0.0,0.0
4814,1689861660000.0,0.0,0.0,0.0,0.06881,0.0,0.0,0.07271,0.9993349083055295,1.0,370.68592058000115,300.0,370.68592058000115,300.0,0.0,0.0
4815,1689865260000.0,0.0,0.0,262.0,0.07069,0.0,0.0,0.07075,0.9993349083055295,1.0,370.66739980000114,300.0,370.6831198000011,300.0,0.049966034266820204,0.0
4816,1689868860000.0,0.0,0.0,262.0,0.07069,0.0,0.0,0.07051,0.9993349083055295,1.0,370.66739980000114,300.0,370.6202398000011,300.0,0.049966034266820204,0.0
4817,1689872460000.0,0.0,0.0,262.0,0.07069,0.0,0.0,0.07009,0.9993349083055295,1.0,370.66739980000114,300.0,370.51019980000115,300.0,0.049966034266820204,0.0
4818,1689876060000.0,0.0,0.0,262.0,0.07069,0.0,0.0,0.07025,0.9993349083055295,1.0,370.66739980000114,300.0,370.55211980000115,300.0,0.049966034266820204,0.0
4819,1689879660000.0,0.0,0.0,262.0,0.07069,0.0,0.0,0.06976,0.9993349083055295,1.0,370.66739980000114,300.0,370.42373980000116,300.0,0.049966034266820204,0.0
4820,1689883260000.0,0.0,0.0,262.0,0.07069,0.0,0.0,0.06996,0.9993349083055295,1.0,370.66739980000114,300.0,370.47613980000114,300.0,0.049966034266820204,0.0
4821,1689886860000.0,0.0,0.0,262.0,0.07069,0.0,0.0,0.06999,0.9993349083055295,1.0,370.66739980000114,300.0,370.48399980000113,300.0,0.049966034266820204,0.0
4822,1689890460000.0,0.0,0.0,262.0,0.07069,0.0,0.0,0.07057,0.9993349083055295,1.0,370.66739980000114,300.0,370.63595980000116,300.0,0.049966034266820204,0.0
4823,1689894060000.0,0.0,0.0,262.0,0.07069,0.0,0.0,0.07048,0.9993349083055295,1.0,370.66739980000114,300.0,370.6123798000011,300.0,0.049966034266820204,0.0
4824,1689897660000.0,0.0,0.0,262.0,0.07069,0.0,0.0,0.07066,0.9993349083055295,1.0,370.66739980000114,300.0,370.65953980000114,300.0,0.049966034266820204,0.0
4825,1689901260000.0,0.0,0.0,262.0,0.07069,0.0,0.0,0.07052,0.9993349083055295,1.0,370.66739980000114,300.0,370.62285980000115,300.0,0.049966034266820204,0.0
4826,1689904860000.0,0.0,0.0,262.0,0.07069,0.0,0.0,0.07092,0.9993349083055295,1.0,370.66739980000114,300.0,370.7276598000011,300.0,0.049966034266820204,0.0
4827,1689908460000.0,0.0,0.0,0.0,0.07069,0.0,0.0,0.07202,0.9993349083055295,1.0,370.89753012000114,300.0,370.89753012000114,300.0,0.0,0.0
4828,1689912060000.0,0.0,0.0,0.0,0.07069,0.0,0.0,0.07175,0.9993349083055295,1.0,370.89753012000114,300.0,370.89753012000114,300.0,0.0,0.0
4829,1689915660000.0,0.0,0.0,0.0,0.07069,0.0,0.0,0.07196,0.9993349083055295,1.0,370.89753012000114,300.0,370.89753012000114,300.0,0.0,0.0
4830,1689919260000.0,0.0,0.0,0.0,0.07069,0.0,0.0,0.07229,0.9993349083055295,1.0,370.89753012000114,300.0,370.89753012000114,300.0,0.0,0.0
4831,1689922860000.0,0.0,0.0,0.0,0.07069,0.0,0.0,0.07218,0.9993349083055295,1.0,370.89753012000114,300.0,370.89753012000114,300.0,0.0,0.0
4832,1689926460000.0,0.0,0.0,0.0,0.07069,0.0,0.0,0.07124,0.9993349083055295,1.0,370.89753012000114,300.0,370.89753012000114,300.0,0.0,0.0
4833,1689930060000.0,0.0,0.0,0.0,0.07069,0.0,0.0,0.07155,0.9993349083055295,1.0,370.89753012000114,300.0,370.89753012000114,300.0,0.0,0.0
4834,1689933660000.0,0.0,0.0,0.0,0.07069,0.0,0.0,0.07195,0.9993349083055295,1.0,370.89753012000114,300.0,370.89753012000114,300.0,0.0,0.0
4835,1689937260000.0,0.0,0.0,0.0,0.07069,0.0,0.0,0.07212,0.9993349083055295,1.0,370.89753012000114,300.0,370.89753012000114,300.0,0.0,0.0
4836,1689940860000.0,0.0,0.0,0.0,0.07069,0.0,0.0,0.07223,0.9993349083055295,1.0,370.89753012000114,300.0,370.89753012000114,300.0,0.0,0.0
4837,1689944460000.0,0.0,0.0,0.0,0.07069,0.0,0.0,0.07408,0.9993349083055295,1.0,370.89753012000114,300.0,370.89753012000114,300.0,0.0,0.0
4838,1689948060000.0,0.0,0.0,0.0,0.07069,0.0,0.0,0.07461,0.9993349083055295,1.0,370.89753012000114,300.0,370.89753012000114,300.0,0.0,0.0
4839,1689951660000.0,0.0,0.0,0.0,0.07069,0.0,0.0,0.07389,0.9993349083055295,1.0,370.89753012000114,300.0,370.89753012000114,300.0,0.0,0.0
4840,1689955260000.0,0.0,0.0,0.0,0.07069,0.0,0.0,0.07398,0.9993349083055295,1.0,370.89753012000114,300.0,370.89753012000114,300.0,0.0,0.0
4841,1689958860000.0,0.0,0.0,0.0,0.07069,0.0,0.0,0.07299,0.9993349083055295,1.0,370.89753012000114,300.0,370.89753012000114,300.0,0.0,0.0
4842,1689962460000.0,0.0,0.0,0.0,0.07069,0.0,0.0,0.07374,0.9993349083055295,1.0,370.89753012000114,300.0,370.89753012000114,300.0,0.0,0.0
4843,1689966060000.0,0.0,0.0,0.0,0.07069,0.0,0.0,0.07303,0.9993349083055295,1.0,370.89753012000114,300.0,370.89753012000114,300.0,0.0,0.0
4844,1689969660000.0,0.0,0.0,0.0,0.07069,0.0,0.0,0.07262,0.9993349083055295,1.0,370.89753012000114,300.0,370.89753012000114,300.0,0.0,0.0
4845,1689973260000.0,0.0,0.0,0.0,0.07069,0.0,0.0,0.07334,0.9993349083055295,1.0,370.89753012000114,300.0,370.89753012000114,300.0,0.0,0.0
4846,1689976860000.0,0.0,0.0,0.0,0.07069,0.0,0.0,0.07333,0.9993349083055295,1.0,370.89753012000114,300.0,370.89753012000114,300.0,0.0,0.0
4847,1689980460000.0,0.0,0.0,0.0,0.07069,0.0,0.0,0.07357,0.9993349083055295,1.0,370.89753012000114,300.0,370.89753012000114,300.0,0.0,0.0
4848,1689984060000.0,0.0,0.0,0.0,0.07069,0.0,0.0,0.07314,0.9993349083055295,1.0,370.89753012000114,300.0,370.89753012000114,300.0,0.0,0.0
4849,1689987660000.0,0.0,0.0,0.0,0.07069,0.0,0.0,0.07291,0.9993349083055295,1.0,370.89753012000114,300.0,370.89753012000114,300.0,0.0,0.0
4850,1689991260000.0,0.0,0.0,256.0,0.07249,0.0,0.0,0.07257,0.9993349083055295,1.0,370.87897268000114,300.0,370.89945268000116,300.0,0.05003637673471336,0.0
4851,1689994860000.0,0.0,0.0,256.0,0.07249,0.0,0.0,0.07275,0.9993349083055295,1.0,370.87897268000114,300.0,370.9455326800011,300.0,0.05003637673471336,0.0
4852,1689998460000.0,0.0,0.0,256.0,0.07249,0.0,0.0,0.07246,0.9993349083055295,1.0,370.87897268000114,300.0,370.87129268000115,300.0,0.05003637673471336,0.0
4853,1690002060000.0,0.0,0.0,256.0,0.07249,0.0,0.0,0.07269,0.9993349083055295,1.0,370.87897268000114,300.0,370.93017268000114,300.0,0.05003637673471336,0.0
4854,1690005660000.0,0.0,0.0,256.0,0.07249,0.0,0.0,0.07222,0.9993349083055295,1.0,370.87897268000114,300.0,370.80985268000114,300.0,0.05003637673471336,0.0
4855,1690009260000.0,0.0,0.0,256.0,0.07249,0.0,0.0,0.07214,0.9993349083055295,1.0,370.87897268000114,300.0,370.7893726800011,300.0,0.05003637673471336,0.0
4856,1690012860000.0,0.0,0.0,256.0,0.07249,0.0,0.0,0.0725,0.9993349083055295,1.0,370.87897268000114,300.0,370.88153268000116,300.0,0.05003637673471336,0.0
4857,1690016460000.0,0.0,0.0,256.0,0.07249,0.0,0.0,0.07246,0.9993349083055295,1.0,370.87897268000114,300.0,370.87129268000115,300.0,0.05003637673471336,0.0
4858,1690020060000.0,0.0,0.0,256.0,0.07249,0.0,0.0,0.07065,0.9993349083055295,1.0,370.87897268000114,300.0,370.4079326800011,300.0,0.05003637673471336,0.0
4859,1690023660000.0,0.0,0.0,256.0,0.07249,0.0,0.0,0.07157,0.9993349083055295,1.0,370.87897268000114,300.0,370.64345268000113,300.0,0.05003637673471336,0.0
4860,1690027260000.0,0.0,0.0,256.0,0.07249,0.0,0.0,0.07156,0.9993349083055295,1.0,370.87897268000114,300.0,370.6408926800011,300.0,0.05003637673471336,0.0
4861,1690030860000.0,0.0,0.0,256.0,0.07249,0.0,0.0,0.07158,0.9993349083055295,1.0,370.87897268000114,300.0,370.64601268000115,300.0,0.05003637673471336,0.0
4862,1690034460000.0,0.0,0.0,256.0,0.07249,0.0,0.0,0.07172,0.9993349083055295,1.0,370.87897268000114,300.0,370.68185268000116,300.0,0.05003637673471336,0.0
4863,1690038060000.0,0.0,0.0,256.0,0.07249,0.0,0.0,0.07182,0.9993349083055295,1.0,370.87897268000114,300.0,370.70745268000115,300.0,0.05003637673471336,0.0
4864,1690041660000.0,0.0,0.0,256.0,0.07249,0.0,0.0,0.07164,0.9993349083055295,1.0,370.87897268000114,300.0,370.66137268000114,300.0,0.05003637673471336,0.0
4865,1690045260000.0,0.0,0.0,256.0,0.07249,0.0,0.0,0.07138,0.9993349083055295,1.0,370.87897268000114,300.0,370.59481268000116,300.0,0.05003637673471336,0.0
4866,1690048860000.0,0.0,0.0,256.0,0.07249,0.0,0.0,0.0712,0.9993349083055295,1.0,370.87897268000114,300.0,370.54873268000114,300.0,0.05003637673471336,0.0
4867,1690052460000.0,0.0,0.0,256.0,0.07249,0.0,0.0,0.07097,0.9993349083055295,1.0,370.87897268000114,300.0,370.48985268000115,300.0,0.05003637673471336,0.0
4868,1690056060000.0,0.0,0.0,256.0,0.07249,0.0,0.0,0.07125,0.9993349083055295,1.0,370.87897268000114,300.0,370.56153268000116,300.0,0.05003637673471336,0.0
4869,1690059660000.0,0.0,0.0,256.0,0.07249,0.0,0.0,0.07119,0.9993349083055295,1.0,370.87897268000114,300.0,370.5461726800011,300.0,0.05003637673471336,0.0
4870,1690063260000.0,0.0,0.0,256.0,0.07249,0.0,0.0,0.07117,0.9993349083055295,1.0,370.87897268000114,300.0,370.54105268000114,300.0,0.05003637673471336,0.0
4871,1690066860000.0,0.0,0.0,256.0,0.07249,0.0,0.0,0.07079,0.9993349083055295,1.0,370.87897268000114,300.0,370.44377268000113,300.0,0.05003637673471336,0.0
4872,1690070460000.0,0.0,0.0,547.0,0.0712398171846435,0.0,0.0,0.07043,0.9993349083055295,1.0,370.85856194000115,300.0,370.41559194000115,300.0,0.10507558406135548,0.0
4873,1690074060000.0,0.0,0.0,547.0,0.0712398171846435,0.0,0.0,0.0703,0.9993349083055295,1.0,370.85856194000115,300.0,370.3444819400012,300.0,0.10507558406135548,0.0
4874,1690077660000.0,0.0,0.0,547.0,0.0712398171846435,0.0,0.0,0.07078,0.9993349083055295,1.0,370.85856194000115,300.0,370.6070419400011,300.0,0.10507558406135548,0.0
4875,1690081260000.0,0.0,0.0,547.0,0.0712398171846435,0.0,0.0,0.07092,0.9993349083055295,1.0,370.85856194000115,300.0,370.68362194000116,300.0,0.10507558406135548,0.0
4876,1690084860000.0,0.0,0.0,547.0,0.0712398171846435,0.0,0.0,0.07095,0.9993349083055295,1.0,370.85856194000115,300.0,370.70003194000117,300.0,0.10507558406135548,0.0
4877,1690088460000.0,0.0,0.0,547.0,0.0712398171846435,0.0,0.0,0.07157,0.9993349083055295,1.0,370.85856194000115,300.0,371.03917194000115,300.0,0.10507558406135548,0.0
4878,1690092060000.0,0.0,0.0,0.0,0.0712398171846435,0.0,0.0,0.0718,0.9993349083055295,1.0,371.3442885400011,300.0,371.3442885400011,300.0,0.0,0.0
4879,1690095660000.0,0.0,0.0,0.0,0.0712398171846435,0.0,0.0,0.07163,0.9993349083055295,1.0,371.3442885400011,300.0,371.3442885400011,300.0,0.0,0.0
4880,1690099260000.0,0.0,0.0,0.0,0.0712398171846435,0.0,0.0,0.07184,0.9993349083055295,1.0,371.3442885400011,300.0,371.3442885400011,300.0,0.0,0.0
4881,1690102860000.0,0.0,0.0,0.0,0.0712398171846435,0.0,0.0,0.07187,0.9993349083055295,1.0,371.3442885400011,300.0,371.3442885400011,300.0,0.0,0.0
4882,1690106460000.0,0.0,0.0,0.0,0.0712398171846435,0.0,0.0,0.07181,0.9993349083055295,1.0,371.3442885400011,300.0,371.3442885400011,300.0,0.0,0.0
4883,1690110060000.0,0.0,0.0,0.0,0.0712398171846435,0.0,0.0,0.07206,0.9993349083055295,1.0,371.3442885400011,300.0,371.3442885400011,300.0,0.0,0.0
4884,1690113660000.0,0.0,0.0,0.0,0.0712398171846435,0.0,0.0,0.07201,0.9993349083055295,1.0,371.3442885400011,300.0,371.3442885400011,300.0,0.0,0.0
4885,1690117260000.0,0.0,0.0,0.0,0.0712398171846435,0.0,0.0,0.07203,0.9993349083055295,1.0,371.3442885400011,300.0,371.3442885400011,300.0,0.0,0.0
4886,1690120860000.0,0.0,0.0,0.0,0.0712398171846435,0.0,0.0,0.07223,0.9993349083055295,1.0,371.3442885400011,300.0,371.3442885400011,300.0,0.0,0.0
4887,1690124460000.0,0.0,0.0,0.0,0.0712398171846435,0.0,0.0,0.07222,0.9993349083055295,1.0,371.3442885400011,300.0,371.3442885400011,300.0,0.0,0.0
4888,1690128060000.0,0.0,0.0,0.0,0.0712398171846435,0.0,0.0,0.07203,0.9993349083055295,1.0,371.3442885400011,300.0,371.3442885400011,300.0,0.0,0.0
4889,1690131660000.0,0.0,0.0,0.0,0.0712398171846435,0.0,0.0,0.07243,0.9993349083055295,1.0,371.3442885400011,300.0,371.3442885400011,300.0,0.0,0.0
4890,1690135260000.0,0.0,0.0,0.0,0.0712398171846435,0.0,0.0,0.07271,0.9993349083055295,1.0,371.3442885400011,300.0,371.3442885400011,300.0,0.0,0.0
4891,1690138860000.0,0.0,0.0,0.0,0.0712398171846435,0.0,0.0,0.07269,0.9993349083055295,1.0,371.3442885400011,300.0,371.3442885400011,300.0,0.0,0.0
4892,1690142460000.0,0.0,0.0,259.0,0.07171,0.0,0.0,0.07201,0.9993349083055295,1.0,371.32571565000114,300.0,371.40341565000114,300.0,0.050017785510729794,0.0
4893,1690146060000.0,0.0,0.0,259.0,0.07171,0.0,0.0,0.07222,0.9993349083055295,1.0,371.32571565000114,300.0,371.45780565000115,300.0,0.050017785510729794,0.0
4894,1690149660000.0,0.0,0.0,259.0,0.07171,0.0,0.0,0.0715,0.9993349083055295,1.0,371.32571565000114,300.0,371.27132565000113,300.0,0.050017785510729794,0.0
4895,1690153260000.0,0.0,0.0,259.0,0.07171,0.0,0.0,0.07153,0.9993349083055295,1.0,371.32571565000114,300.0,371.2790956500011,300.0,0.050017785510729794,0.0
4896,1690156860000.0,0.0,0.0,259.0,0.07171,0.0,0.0,0.0718,0.9993349083055295,1.0,371.32571565000114,300.0,371.3490256500011,300.0,0.050017785510729794,0.0
4897,1690160460000.0,0.0,0.0,259.0,0.07171,0.0,0.0,0.0717,0.9993349083055295,1.0,371.32571565000114,300.0,371.32312565000115,300.0,0.050017785510729794,0.0
4898,1690164060000.0,0.0,0.0,259.0,0.07171,0.0,0.0,0.07125,0.9993349083055295,1.0,371.32571565000114,300.0,371.2065756500011,300.0,0.050017785510729794,0.0
4899,1690167660000.0,0.0,0.0,259.0,0.07171,0.0,0.0,0.07094,0.9993349083055295,1.0,371.32571565000114,300.0,371.12628565000114,300.0,0.050017785510729794,0.0
4900,1690171260000.0,0.0,0.0,259.0,0.07171,0.0,0.0,0.07079,0.9993349083055295,1.0,371.32571565000114,300.0,371.08743565000117,300.0,0.050017785510729794,0.0
4901,1690174860000.0,0.0,0.0,259.0,0.07171,0.0,0.0,0.07112,0.9993349083055295,1.0,371.32571565000114,300.0,371.17290565000116,300.0,0.050017785510729794,0.0
4902,1690178460000.0,0.0,0.0,259.0,0.07171,0.0,0.0,0.07123,0.9993349083055295,1.0,371.32571565000114,300.0,371.20139565000113,300.0,0.050017785510729794,0.0
4903,1690182060000.0,0.0,0.0,259.0,0.07171,0.0,0.0,0.07132,0.9993349083055295,1.0,371.32571565000114,300.0,371.22470565000117,300.0,0.050017785510729794,0.0
4904,1690185660000.0,0.0,0.0,0.0,0.07171,0.0,0.0,0.07552,0.9993349083055295,1.0,371.5581215300012,300.0,371.5581215300012,300.0,0.0,0.0
4905,1690189260000.0,0.0,0.0,0.0,0.07171,0.0,0.0,0.07431,0.9993349083055295,1.0,371.5581215300012,300.0,371.5581215300012,300.0,0.0,0.0
4906,1690192860000.0,0.0,0.0,0.0,0.07191,0.0,0.0,0.07324,0.9993349083055295,1.0,371.8174192700012,300.0,371.8174192700012,300.0,0.0,0.0
4907,1690196460000.0,0.0,0.0,0.0,0.07191,0.0,0.0,0.07474,0.9993349083055295,1.0,371.8174192700012,300.0,371.8174192700012,300.0,0.0,0.0
4908,1690200060000.0,0.0,0.0,0.0,0.07191,0.0,0.0,0.07581,0.9993349083055295,1.0,371.8174192700012,300.0,371.8174192700012,300.0,0.0,0.0
4909,1690203660000.0,0.0,0.0,0.0,0.07191,0.0,0.0,0.07578,0.9993349083055295,1.0,371.8174192700012,300.0,371.8174192700012,300.0,0.0,0.0
4910,1690207260000.0,0.0,0.0,0.0,0.07191,0.0,0.0,0.07541,0.9993349083055295,1.0,371.8174192700012,300.0,371.8174192700012,300.0,0.0,0.0
4911,1690210860000.0,0.0,0.0,0.0,0.07191,0.0,0.0,0.07534,0.9993349083055295,1.0,371.8174192700012,300.0,371.8174192700012,300.0,0.0,0.0
4912,1690214460000.0,0.0,0.0,0.0,0.07191,0.0,0.0,0.07394,0.9993349083055295,1.0,371.8174192700012,300.0,371.8174192700012,300.0,0.0,0.0
4913,1690218060000.0,0.0,0.0,0.0,0.07191,0.0,0.0,0.0743,0.9993349083055295,1.0,371.8174192700012,300.0,371.8174192700012,300.0,0.0,0.0
4914,1690221660000.0,0.0,0.0,0.0,0.07191,0.0,0.0,0.07427,0.9993349083055295,1.0,371.8174192700012,300.0,371.8174192700012,300.0,0.0,0.0
4915,1690225260000.0,0.0,0.0,0.0,0.07191,0.0,0.0,0.07513,0.9993349083055295,1.0,371.8174192700012,300.0,371.8174192700012,300.0,0.0,0.0
4916,1690228860000.0,0.0,0.0,0.0,0.07191,0.0,0.0,0.07512,0.9993349083055295,1.0,371.8174192700012,300.0,371.8174192700012,300.0,0.0,0.0
4917,1690232460000.0,0.0,0.0,0.0,0.07191,0.0,0.0,0.0751,0.9993349083055295,1.0,371.8174192700012,300.0,371.8174192700012,300.0,0.0,0.0
4918,1690236060000.0,0.0,0.0,0.0,0.07191,0.0,0.0,0.07456,0.9993349083055295,1.0,371.8174192700012,300.0,371.8174192700012,300.0,0.0,0.0
4919,1690239660000.0,0.0,0.0,0.0,0.07191,0.0,0.0,0.07446,0.9993349083055295,1.0,371.8174192700012,300.0,371.8174192700012,300.0,0.0,0.0
4920,1690243260000.0,0.0,0.0,0.0,0.07191,0.0,0.0,0.07405,0.9993349083055295,1.0,371.8174192700012,300.0,371.8174192700012,300.0,0.0,0.0
4921,1690246860000.0,0.0,0.0,0.0,0.07371,0.0,0.0,0.07479,0.9993349083055295,1.0,372.0294999500012,300.0,372.0294999500012,300.0,0.0,0.0
4922,1690250460000.0,0.0,0.0,0.0,0.07371,0.0,0.0,0.0752,0.9993349083055295,1.0,372.0294999500012,300.0,372.0294999500012,300.0,0.0,0.0
4923,1690254060000.0,0.0,0.0,0.0,0.07371,0.0,0.0,0.0769,0.9993349083055295,1.0,372.0294999500012,300.0,372.0294999500012,300.0,0.0,0.0
4924,1690257660000.0,0.0,0.0,0.0,0.07371,0.0,0.0,0.0766,0.9993349083055295,1.0,372.0294999500012,300.0,372.0294999500012,300.0,0.0,0.0
4925,1690261260000.0,0.0,0.0,0.0,0.07371,0.0,0.0,0.07655,0.9993349083055295,1.0,372.0294999500012,300.0,372.0294999500012,300.0,0.0,0.0
4926,1690264860000.0,0.0,0.0,0.0,0.07371,0.0,0.0,0.0773,0.9993349083055295,1.0,372.0294999500012,300.0,372.0294999500012,300.0,0.0,0.0
4927,1690268460000.0,0.0,0.0,0.0,0.07371,0.0,0.0,0.07738,0.9993349083055295,1.0,372.0294999500012,300.0,372.0294999500012,300.0,0.0,0.0
4928,1690272060000.0,0.0,0.0,0.0,0.07371,0.0,0.0,0.07686,0.9993349083055295,1.0,372.0294999500012,300.0,372.0294999500012,300.0,0.0,0.0
4929,1690275660000.0,0.0,0.0,0.0,0.07371,0.0,0.0,0.07679,0.9993349083055295,1.0,372.0294999500012,300.0,372.0294999500012,300.0,0.0,0.0
4930,1690279260000.0,0.0,0.0,0.0,0.07371,0.0,0.0,0.07695,0.9993349083055295,1.0,372.0294999500012,300.0,372.0294999500012,300.0,0.0,0.0
4931,1690282860000.0,0.0,0.0,0.0,0.07371,0.0,0.0,0.07765,0.9993349083055295,1.0,372.0294999500012,300.0,372.0294999500012,300.0,0.0,0.0
4932,1690286460000.0,0.0,0.0,0.0,0.07371,0.0,0.0,0.07799,0.9993349083055295,1.0,372.0294999500012,300.0,372.0294999500012,300.0,0.0,0.0
4933,1690290060000.0,0.0,0.0,0.0,0.07371,0.0,0.0,0.07692,0.9993349083055295,1.0,372.0294999500012,300.0,372.0294999500012,300.0,0.0,0.0
4934,1690293660000.0,0.0,0.0,0.0,0.07371,0.0,0.0,0.07712,0.9993349083055295,1.0,372.0294999500012,300.0,372.0294999500012,300.0,0.0,0.0
4935,1690297260000.0,0.0,0.0,0.0,0.07371,0.0,0.0,0.07703,0.9993349083055295,1.0,372.0294999500012,300.0,372.0294999500012,300.0,0.0,0.0
4936,1690300860000.0,0.0,0.0,0.0,0.07371,0.0,0.0,0.0771,0.9993349083055295,1.0,372.0294999500012,300.0,372.0294999500012,300.0,0.0,0.0
4937,1690304460000.0,0.0,0.0,0.0,0.07371,0.0,0.0,0.08025,0.9993349083055295,1.0,372.0294999500012,300.0,372.0294999500012,300.0,0.0,0.0
4938,1690308060000.0,0.0,0.0,0.0,0.07371,0.0,0.0,0.08165,0.9993349083055295,1.0,372.0294999500012,300.0,372.0294999500012,300.0,0.0,0.0
4939,1690311660000.0,0.0,0.0,0.0,0.07371,0.0,0.0,0.08202,0.9993349083055295,1.0,372.0294999500012,300.0,372.0294999500012,300.0,0.0,0.0
4940,1690315260000.0,0.0,0.0,0.0,0.07371,0.0,0.0,0.0819,0.9993349083055295,1.0,372.0294999500012,300.0,372.0294999500012,300.0,0.0,0.0
4941,1690318860000.0,0.0,0.0,0.0,0.07371,0.0,0.0,0.0809,0.9993349083055295,1.0,372.0294999500012,300.0,372.0294999500012,300.0,0.0,0.0
4942,1690322460000.0,0.0,0.0,0.0,0.07371,0.0,0.0,0.08134,0.9993349083055295,1.0,372.0294999500012,300.0,372.0294999500012,300.0,0.0,0.0
4943,1690326060000.0,0.0,0.0,0.0,0.07371,0.0,0.0,0.08168,0.9993349083055295,1.0,372.0294999500012,300.0,372.0294999500012,300.0,0.0,0.0
4944,1690329660000.0,0.0,0.0,0.0,0.07371,0.0,0.0,0.08162,0.9993349083055295,1.0,372.0294999500012,300.0,372.0294999500012,300.0,0.0,0.0
4945,1690333260000.0,0.0,0.0,0.0,0.07371,0.0,0.0,0.08103,0.9993349083055295,1.0,372.0294999500012,300.0,372.0294999500012,300.0,0.0,0.0
4946,1690336860000.0,0.0,0.0,0.0,0.07371,0.0,0.0,0.08056,0.9993349083055295,1.0,372.0294999500012,300.0,372.0294999500012,300.0,0.0,0.0
4947,1690340460000.0,0.0,0.0,0.0,0.07371,0.0,0.0,0.07944,0.9993349083055295,1.0,372.0294999500012,300.0,372.0294999500012,300.0,0.0,0.0
4948,1690344060000.0,0.0,0.0,0.0,0.07371,0.0,0.0,0.08012,0.9993349083055295,1.0,372.0294999500012,300.0,372.0294999500012,300.0,0.0,0.0
4949,1690347660000.0,0.0,0.0,0.0,0.07371,0.0,0.0,0.08036,0.9993349083055295,1.0,372.0294999500012,300.0,372.0294999500012,300.0,0.0,0.0
4950,1690351260000.0,0.0,0.0,0.0,0.07371,0.0,0.0,0.08026,0.9993349083055295,1.0,372.0294999500012,300.0,372.0294999500012,300.0,0.0,0.0
4951,1690354860000.0,0.0,0.0,0.0,0.07371,0.0,0.0,0.08026,0.9993349083055295,1.0,372.0294999500012,300.0,372.0294999500012,300.0,0.0,0.0
4952,1690358460000.0,0.0,0.0,0.0,0.07371,0.0,0.0,0.08035,0.9993349083055295,1.0,372.0294999500012,300.0,372.0294999500012,300.0,0.0,0.0
4953,1690362060000.0,0.0,0.0,0.0,0.07371,0.0,0.0,0.08004,0.9993349083055295,1.0,372.0294999500012,300.0,372.0294999500012,300.0,0.0,0.0
4954,1690365660000.0,0.0,0.0,235.0,0.0793,0.0,0.0,0.07889,0.9993349083055295,1.0,372.0108644500012,300.0,371.9145144500012,300.0,0.0500939670876323,0.0
4955,1690369260000.0,0.0,0.0,235.0,0.0793,0.0,0.0,0.07852,0.9993349083055295,1.0,372.0108644500012,300.0,371.8275644500012,300.0,0.0500939670876323,0.0
4956,1690372860000.0,0.0,0.0,235.0,0.0793,0.0,0.0,0.07865,0.9993349083055295,1.0,372.0108644500012,300.0,371.85811445000115,300.0,0.0500939670876323,0.0
4957,1690376460000.0,0.0,0.0,235.0,0.0793,0.0,0.0,0.07908,0.9993349083055295,1.0,372.0108644500012,300.0,371.9591644500012,300.0,0.0500939670876323,0.0
4958,1690380060000.0,0.0,0.0,235.0,0.0793,0.0,0.0,0.07892,0.9993349083055295,1.0,372.0108644500012,300.0,371.9215644500012,300.0,0.0500939670876323,0.0
4959,1690383660000.0,0.0,0.0,235.0,0.0793,0.0,0.0,0.07908,0.9993349083055295,1.0,372.0108644500012,300.0,371.9591644500012,300.0,0.0500939670876323,0.0
4960,1690387260000.0,0.0,0.0,235.0,0.0793,0.0,0.0,0.07871,0.9993349083055295,1.0,372.0108644500012,300.0,371.8722144500012,300.0,0.0500939670876323,0.0
4961,1690390860000.0,0.0,0.0,235.0,0.0793,0.0,0.0,0.07852,0.9993349083055295,1.0,372.0108644500012,300.0,371.8275644500012,300.0,0.0500939670876323,0.0
4962,1690394460000.0,0.0,0.0,235.0,0.0793,0.0,0.0,0.07821,0.9993349083055295,1.0,372.0108644500012,300.0,371.7547144500012,300.0,0.0500939670876323,0.0
4963,1690398060000.0,0.0,0.0,235.0,0.0793,0.0,0.0,0.07831,0.9993349083055295,1.0,372.0108644500012,300.0,371.7782144500012,300.0,0.0500939670876323,0.0
4964,1690401660000.0,0.0,0.0,502.0,0.07793308764940239,0.0,0.0,0.07869,0.9993349083055295,1.0,371.9903775400012,300.0,372.3703475400012,300.0,0.1051704892441554,0.0
4965,1690405260000.0,0.0,0.0,0.0,0.07793308764940239,0.0,0.0,0.07874,0.9993349083055295,1.0,372.4762795800012,300.0,372.4762795800012,300.0,0.0,0.0
4966,1690408860000.0,0.0,0.0,237.0,0.07854,0.0,0.0,0.07876,0.9993349083055295,1.0,372.4576656000012,300.0,372.5098056000012,300.0,0.049976095860490025,0.0
4967,1690412460000.0,0.0,0.0,237.0,0.07854,0.0,0.0,0.07807,0.9993349083055295,1.0,372.4576656000012,300.0,372.3462756000012,300.0,0.049976095860490025,0.0
4968,1690416060000.0,0.0,0.0,237.0,0.07854,0.0,0.0,0.07761,0.9993349083055295,1.0,372.4576656000012,300.0,372.23725560000116,300.0,0.049976095860490025,0.0
4969,1690419660000.0,0.0,0.0,237.0,0.07854,0.0,0.0,0.07698,0.9993349083055295,1.0,372.4576656000012,300.0,372.0879456000012,300.0,0.049976095860490025,0.0
4970,1690423260000.0,0.0,0.0,237.0,0.07854,0.0,0.0,0.07781,0.9993349083055295,1.0,372.4576656000012,300.0,372.2846556000012,300.0,0.049976095860490025,0.0
4971,1690426860000.0,0.0,0.0,237.0,0.07854,0.0,0.0,0.07823,0.9993349083055295,1.0,372.4576656000012,300.0,372.3841956000012,300.0,0.049976095860490025,0.0
4972,1690430460000.0,0.0,0.0,237.0,0.07854,0.0,0.0,0.07818,0.9993349083055295,1.0,372.4576656000012,300.0,372.37234560000115,300.0,0.049976095860490025,0.0
4973,1690434060000.0,0.0,0.0,237.0,0.07854,0.0,0.0,0.07877,0.9993349083055295,1.0,372.4576656000012,300.0,372.51217560000117,300.0,0.049976095860490025,0.0
4974,1690437660000.0,0.0,0.0,237.0,0.07854,0.0,0.0,0.07869,0.9993349083055295,1.0,372.4576656000012,300.0,372.4932156000012,300.0,0.049976095860490025,0.0
4975,1690441260000.0,0.0,0.0,237.0,0.07854,0.0,0.0,0.07834,0.9993349083055295,1.0,372.4576656000012,300.0,372.4102656000012,300.0,0.049976095860490025,0.0
4976,1690444860000.0,0.0,0.0,237.0,0.07854,0.0,0.0,0.07855,0.9993349083055295,1.0,372.4576656000012,300.0,372.46003560000116,300.0,0.049976095860490025,0.0
4977,1690448460000.0,0.0,0.0,237.0,0.07854,0.0,0.0,0.07892,0.9993349083055295,1.0,372.4576656000012,300.0,372.5477256000012,300.0,0.049976095860490025,0.0
4978,1690452060000.0,0.0,0.0,0.0,0.07854,0.0,0.0,0.07956,0.9993349083055295,1.0,372.6900204000012,300.0,372.6900204000012,300.0,0.0,0.0
4979,1690455660000.0,0.0,0.0,0.0,0.07854,0.0,0.0,0.07914,0.9993349083055295,1.0,372.6900204000012,300.0,372.6900204000012,300.0,0.0,0.0
4980,1690459260000.0,0.0,0.0,0.0,0.07854,0.0,0.0,0.07972,0.9993349083055295,1.0,372.6900204000012,300.0,372.6900204000012,300.0,0.0,0.0
4981,1690462860000.0,0.0,0.0,0.0,0.07854,0.0,0.0,0.07946,0.9993349083055295,1.0,372.6900204000012,300.0,372.6900204000012,300.0,0.0,0.0
4982,1690466460000.0,0.0,0.0,0.0,0.07854,0.0,0.0,0.07885,0.9993349083055295,1.0,372.6900204000012,300.0,372.6900204000012,300.0,0.0,0.0
4983,1690470060000.0,0.0,0.0,237.0,0.07858,0.0,0.0,0.0787,0.9993349083055295,1.0,372.67139694000116,300.0,372.69983694000115,300.0,0.04997287195346069,0.0
4984,1690473660000.0,0.0,0.0,237.0,0.07858,0.0,0.0,0.07877,0.9993349083055295,1.0,372.67139694000116,300.0,372.71642694000116,300.0,0.04997287195346069,0.0
4985,1690477260000.0,0.0,0.0,237.0,0.07858,0.0,0.0,0.07878,0.9993349083055295,1.0,372.67139694000116,300.0,372.71879694000114,300.0,0.04997287195346069,0.0
4986,1690480860000.0,0.0,0.0,237.0,0.07858,0.0,0.0,0.07785,0.9993349083055295,1.0,372.67139694000116,300.0,372.4983869400012,300.0,0.04997287195346069,0.0
4987,1690484460000.0,0.0,0.0,237.0,0.07858,0.0,0.0,0.07693,0.9993349083055295,1.0,372.67139694000116,300.0,372.28034694000115,300.0,0.04997287195346069,0.0
4988,1690488060000.0,0.0,0.0,237.0,0.07858,0.0,0.0,0.07741,0.9993349083055295,1.0,372.67139694000116,300.0,372.39410694000117,300.0,0.04997287195346069,0.0
4989,1690491660000.0,0.0,0.0,237.0,0.07858,0.0,0.0,0.07704,0.9993349083055295,1.0,372.67139694000116,300.0,372.30641694000116,300.0,0.04997287195346069,0.0
4990,1690495260000.0,0.0,0.0,237.0,0.07858,0.0,0.0,0.07744,0.9993349083055295,1.0,372.67139694000116,300.0,372.4012169400012,300.0,0.04997287195346069,0.0
4991,1690498860000.0,0.0,0.0,237.0,0.07858,0.0,0.0,0.07723,0.9993349083055295,1.0,372.67139694000116,300.0,372.35144694000115,300.0,0.04997287195346069,0.0
4992,1690502460000.0,0.0,0.0,237.0,0.07858,0.0,0.0,0.07756,0.9993349083055295,1.0,372.67139694000116,300.0,372.42965694000117,300.0,0.04997287195346069,0.0
4993,1690506060000.0,0.0,0.0,237.0,0.07858,0.0,0.0,0.07771,0.9993349083055295,1.0,372.67139694000116,300.0,372.46520694000117,300.0,0.04997287195346069,0.0
4994,1690509660000.0,0.0,0.0,237.0,0.07858,0.0,0.0,0.07725,0.9993349083055295,1.0,372.67139694000116,300.0,372.3561869400012,300.0,0.04997287195346069,0.0
4995,1690513260000.0,0.0,0.0,237.0,0.07858,0.0,0.0,0.07701,0.9993349083055295,1.0,372.67139694000116,300.0,372.29930694000114,300.0,0.04997287195346069,0.0
4996,1690516860000.0,0.0,0.0,237.0,0.07858,0.0,0.0,0.07741,0.9993349083055295,1.0,372.67139694000116,300.0,372.39410694000117,300.0,0.04997287195346069,0.0
4997,1690520460000.0,0.0,0.0,237.0,0.07858,0.0,0.0,0.07733,0.9993349083055295,1.0,372.67139694000116,300.0,372.3751469400012,300.0,0.04997287195346069,0.0
4998,1690524060000.0,0.0,0.0,507.0,0.07722201183431954,0.0,0.0,0.07623,0.9993349083055295,1.0,372.6508688400012,300.0,372.1479188400012,300.0,0.10506230703787746,0.0
4999,1690527660000.0,0.0,0.0,507.0,0.07722201183431954,0.0,0.0,0.07652,0.9993349083055295,1.0,372.6508688400012,300.0,372.29494884000115,300.0,0.10506230703787746,0.0
5000,1690531260000.0,0.0,0.0,507.0,0.07722201183431954,0.0,0.0,0.07617,0.9993349083055295,1.0,372.6508688400012,300.0,372.1174988400012,300.0,0.10506230703787746,0.0
5001,1690534860000.0,0.0,0.0,507.0,0.07722201183431954,0.0,0.0,0.07628,0.9993349083055295,1.0,372.6508688400012,300.0,372.1732688400012,300.0,0.10506230703787746,0.0
5002,1690538460000.0,0.0,0.0,507.0,0.07722201183431954,0.0,0.0,0.07671,0.9993349083055295,1.0,372.6508688400012,300.0,372.3912788400012,300.0,0.10506230703787746,0.0
5003,1690542060000.0,0.0,0.0,507.0,0.07722201183431954,0.0,0.0,0.07668,0.9993349083055295,1.0,372.6508688400012,300.0,372.37606884000115,300.0,0.10506230703787746,0.0
5004,1690545660000.0,0.0,0.0,507.0,0.07722201183431954,0.0,0.0,0.07653,0.9993349083055295,1.0,372.6508688400012,300.0,372.3000188400012,300.0,0.10506230703787746,0.0
5005,1690549260000.0,0.0,0.0,507.0,0.07722201183431954,0.0,0.0,0.07693,0.9993349083055295,1.0,372.6508688400012,300.0,372.50281884000117,300.0,0.10506230703787746,0.0
5006,1690552860000.0,0.0,0.0,507.0,0.07722201183431954,0.0,0.0,0.0771,0.9993349083055295,1.0,372.6508688400012,300.0,372.58900884000116,300.0,0.10506230703787746,0.0
5007,1690556460000.0,0.0,0.0,507.0,0.07722201183431954,0.0,0.0,0.07739,0.9993349083055295,1.0,372.6508688400012,300.0,372.7360388400012,300.0,0.10506230703787746,0.0
5008,1690560060000.0,0.0,0.0,507.0,0.07722201183431954,0.0,0.0,0.07697,0.9993349083055295,1.0,372.6508688400012,300.0,372.5230988400012,300.0,0.10506230703787746,0.0
5009,1690563660000.0,0.0,0.0,507.0,0.07722201183431954,0.0,0.0,0.07713,0.9993349083055295,1.0,372.6508688400012,300.0,372.6042188400012,300.0,0.10506230703787746,0.0
5010,1690567260000.0,0.0,0.0,507.0,0.07722201183431954,0.0,0.0,0.07686,0.9993349083055295,1.0,372.6508688400012,300.0,372.4673288400012,300.0,0.10506230703787746,0.0
5011,1690570860000.0,0.0,0.0,507.0,0.07722201183431954,0.0,0.0,0.07722,0.9993349083055295,1.0,372.6508688400012,300.0,372.6498488400012,300.0,0.10506230703787746,0.0
5012,1690574460000.0,0.0,0.0,507.0,0.07722201183431954,0.0,0.0,0.07733,0.9993349083055295,1.0,372.6508688400012,300.0,372.7056188400012,300.0,0.10506230703787746,0.0
5013,1690578060000.0,0.0,0.0,507.0,0.07722201183431954,0.0,0.0,0.07752,0.9993349083055295,1.0,372.6508688400012,300.0,372.80194884000116,300.0,0.10506230703787746,0.0
5014,1690581660000.0,0.0,0.0,507.0,0.07722201183431954,0.0,0.0,0.07754,0.9993349083055295,1.0,372.6508688400012,300.0,372.8120888400012,300.0,0.10506230703787746,0.0
5015,1690585260000.0,0.0,0.0,507.0,0.07722201183431954,0.0,0.0,0.07746,0.9993349083055295,1.0,372.6508688400012,300.0,372.77152884000117,300.0,0.10506230703787746,0.0
5016,1690588860000.0,0.0,0.0,507.0,0.07722201183431954,0.0,0.0,0.0769,0.9993349083055295,1.0,372.6508688400012,300.0,372.4876088400012,300.0,0.10506230703787746,0.0
5017,1690592460000.0,0.0,0.0,507.0,0.07722201183431954,0.0,0.0,0.07728,0.9993349083055295,1.0,372.6508688400012,300.0,372.6802688400012,300.0,0.10506230703787746,0.0
5018,1690596060000.0,0.0,0.0,0.0,0.07722201183431954,0.0,0.0,0.07792,0.9993349083055295,1.0,373.13745102000115,300.0,373.13745102000115,300.0,0.0,0.0
5019,1690599660000.0,0.0,0.0,0.0,0.07722201183431954,0.0,0.0,0.07772,0.9993349083055295,1.0,373.13745102000115,300.0,373.13745102000115,300.0,0.0,0.0
5020,1690603260000.0,0.0,0.0,0.0,0.07722201183431954,0.0,0.0,0.07781,0.9993349083055295,1.0,373.13745102000115,300.0,373.13745102000115,300.0,0.0,0.0
5021,1690606860000.0,0.0,0.0,0.0,0.07722201183431954,0.0,0.0,0.07787,0.9993349083055295,1.0,373.13745102000115,300.0,373.13745102000115,300.0,0.0,0.0
5022,1690610460000.0,0.0,0.0,0.0,0.07722201183431954,0.0,0.0,0.07793,0.9993349083055295,1.0,373.13745102000115,300.0,373.13745102000115,300.0,0.0,0.0
5023,1690614060000.0,0.0,0.0,0.0,0.07722201183431954,0.0,0.0,0.07763,0.9993349083055295,1.0,373.13745102000115,300.0,373.13745102000115,300.0,0.0,0.0
5024,1690617660000.0,0.0,0.0,0.0,0.07722201183431954,0.0,0.0,0.07777,0.9993349083055295,1.0,373.13745102000115,300.0,373.13745102000115,300.0,0.0,0.0
5025,1690621260000.0,0.0,0.0,0.0,0.07722201183431954,0.0,0.0,0.07749,0.9993349083055295,1.0,373.13745102000115,300.0,373.13745102000115,300.0,0.0,0.0
5026,1690624860000.0,0.0,0.0,241.0,0.07731,0.0,0.0,0.07749,0.9993349083055295,1.0,373.11881931000113,300.0,373.16219931000114,300.0,0.0499350583132074,0.0
5027,1690628460000.0,0.0,0.0,241.0,0.07731,0.0,0.0,0.07796,0.9993349083055295,1.0,373.11881931000113,300.0,373.27546931000114,300.0,0.0499350583132074,0.0
5028,1690632060000.0,0.0,0.0,241.0,0.07731,0.0,0.0,0.07792,0.9993349083055295,1.0,373.11881931000113,300.0,373.26582931000115,300.0,0.0499350583132074,0.0
5029,1690635660000.0,0.0,0.0,241.0,0.07731,0.0,0.0,0.07797,0.9993349083055295,1.0,373.11881931000113,300.0,373.27787931000114,300.0,0.0499350583132074,0.0
5030,1690639260000.0,0.0,0.0,241.0,0.07731,0.0,0.0,0.07781,0.9993349083055295,1.0,373.11881931000113,300.0,373.2393193100011,300.0,0.0499350583132074,0.0
5031,1690642860000.0,0.0,0.0,241.0,0.07731,0.0,0.0,0.07774,0.9993349083055295,1.0,373.11881931000113,300.0,373.22244931000114,300.0,0.0499350583132074,0.0
5032,1690646460000.0,0.0,0.0,241.0,0.07731,0.0,0.0,0.07805,0.9993349083055295,1.0,373.11881931000113,300.0,373.2971593100011,300.0,0.0499350583132074,0.0
5033,1690650060000.0,0.0,0.0,241.0,0.07731,0.0,0.0,0.07818,0.9993349083055295,1.0,373.11881931000113,300.0,373.32848931000115,300.0,0.0499350583132074,0.0
5034,1690653660000.0,0.0,0.0,0.0,0.07731,0.0,0.0,0.07887,0.9993349083055295,1.0,373.3505769600011,300.0,373.3505769600011,300.0,0.0,0.0
5035,1690657260000.0,0.0,0.0,0.0,0.07731,0.0,0.0,0.08106,0.9993349083055295,1.0,373.3505769600011,300.0,373.3505769600011,300.0,0.0,0.0
5036,1690660860000.0,0.0,0.0,0.0,0.07731,0.0,0.0,0.08104,0.9993349083055295,1.0,373.3505769600011,300.0,373.3505769600011,300.0,0.0,0.0
5037,1690664460000.0,0.0,0.0,0.0,0.07731,0.0,0.0,0.08072,0.9993349083055295,1.0,373.3505769600011,300.0,373.3505769600011,300.0,0.0,0.0
5038,1690668060000.0,0.0,0.0,0.0,0.07731,0.0,0.0,0.0802,0.9993349083055295,1.0,373.3505769600011,300.0,373.3505769600011,300.0,0.0,0.0
5039,1690671660000.0,0.0,0.0,0.0,0.07731,0.0,0.0,0.08052,0.9993349083055295,1.0,373.3505769600011,300.0,373.3505769600011,300.0,0.0,0.0
5040,1690675260000.0,0.0,0.0,0.0,0.07731,0.0,0.0,0.08029,0.9993349083055295,1.0,373.3505769600011,300.0,373.3505769600011,300.0,0.0,0.0
5041,1690678860000.0,0.0,0.0,0.0,0.07731,0.0,0.0,0.08009,0.9993349083055295,1.0,373.3505769600011,300.0,373.3505769600011,300.0,0.0,0.0
5042,1690682460000.0,0.0,0.0,0.0,0.07731,0.0,0.0,0.08003,0.9993349083055295,1.0,373.3505769600011,300.0,373.3505769600011,300.0,0.0,0.0
5043,1690686060000.0,0.0,0.0,0.0,0.07731,0.0,0.0,0.08014,0.9993349083055295,1.0,373.3505769600011,300.0,373.3505769600011,300.0,0.0,0.0
5044,1690689660000.0,0.0,0.0,0.0,0.07731,0.0,0.0,0.08023,0.9993349083055295,1.0,373.3505769600011,300.0,373.3505769600011,300.0,0.0,0.0
5045,1690693260000.0,0.0,0.0,0.0,0.07731,0.0,0.0,0.08026,0.9993349083055295,1.0,373.3505769600011,300.0,373.3505769600011,300.0,0.0,0.0
5046,1690696860000.0,0.0,0.0,0.0,0.07731,0.0,0.0,0.08035,0.9993349083055295,1.0,373.3505769600011,300.0,373.3505769600011,300.0,0.0,0.0
5047,1690700460000.0,0.0,0.0,0.0,0.07731,0.0,0.0,0.07989,0.9993349083055295,1.0,373.3505769600011,300.0,373.3505769600011,300.0,0.0,0.0
5048,1690704060000.0,0.0,0.0,0.0,0.07731,0.0,0.0,0.07982,0.9993349083055295,1.0,373.3505769600011,300.0,373.3505769600011,300.0,0.0,0.0
5049,1690707660000.0,0.0,0.0,0.0,0.07731,0.0,0.0,0.08014,0.9993349083055295,1.0,373.3505769600011,300.0,373.3505769600011,300.0,0.0,0.0
5050,1690711260000.0,0.0,0.0,0.0,0.07731,0.0,0.0,0.08018,0.9993349083055295,1.0,373.3505769600011,300.0,373.3505769600011,300.0,0.0,0.0
5051,1690714860000.0,0.0,0.0,0.0,0.07731,0.0,0.0,0.08,0.9993349083055295,1.0,373.3505769600011,300.0,373.3505769600011,300.0,0.0,0.0
5052,1690718460000.0,0.0,0.0,0.0,0.07731,0.0,0.0,0.0801,0.9993349083055295,1.0,373.3505769600011,300.0,373.3505769600011,300.0,0.0,0.0
5053,1690722060000.0,0.0,0.0,0.0,0.07731,0.0,0.0,0.07999,0.9993349083055295,1.0,373.3505769600011,300.0,373.3505769600011,300.0,0.0,0.0
5054,1690725660000.0,0.0,0.0,0.0,0.07731,0.0,0.0,0.07995,0.9993349083055295,1.0,373.3505769600011,300.0,373.3505769600011,300.0,0.0,0.0
5055,1690729260000.0,0.0,0.0,235.0,0.07942,0.0,0.0,0.07959,0.9993349083055295,1.0,373.3319132600011,300.0,373.3718632600011,300.0,0.049992243730318235,0.0
5056,1690732860000.0,0.0,0.0,235.0,0.07942,0.0,0.0,0.07938,0.9993349083055295,1.0,373.3319132600011,300.0,373.3225132600011,300.0,0.049992243730318235,0.0
5057,1690736460000.0,0.0,0.0,235.0,0.07942,0.0,0.0,0.07932,0.9993349083055295,1.0,373.3319132600011,300.0,373.3084132600011,300.0,0.049992243730318235,0.0
5058,1690740060000.0,0.0,0.0,235.0,0.07942,0.0,0.0,0.07973,0.9993349083055295,1.0,373.3319132600011,300.0,373.4047632600011,300.0,0.049992243730318235,0.0
5059,1690743660000.0,0.0,0.0,235.0,0.07942,0.0,0.0,0.07969,0.9993349083055295,1.0,373.3319132600011,300.0,373.3953632600011,300.0,0.049992243730318235,0.0
5060,1690747260000.0,0.0,0.0,502.0,0.07804776892430279,0.0,0.0,0.07709,0.9993349083055295,1.0,373.3113969800011,300.0,372.83059698000113,300.0,0.10495254181082217,0.0
5061,1690750860000.0,0.0,0.0,502.0,0.07804776892430279,0.0,0.0,0.07835,0.9993349083055295,1.0,373.3113969800011,300.0,373.46311698000113,300.0,0.10495254181082217,0.0
5062,1690754460000.0,0.0,0.0,502.0,0.07804776892430279,0.0,0.0,0.07796,0.9993349083055295,1.0,373.3113969800011,300.0,373.2673369800011,300.0,0.10495254181082217,0.0
5063,1690758060000.0,0.0,0.0,502.0,0.07804776892430279,0.0,0.0,0.07766,0.9993349083055295,1.0,373.3113969800011,300.0,373.1167369800011,300.0,0.10495254181082217,0.0
5064,1690761660000.0,0.0,0.0,502.0,0.07804776892430279,0.0,0.0,0.07793,0.9993349083055295,1.0,373.3113969800011,300.0,373.2522769800011,300.0,0.10495254181082217,0.0
5065,1690765260000.0,0.0,0.0,502.0,0.07804776892430279,0.0,0.0,0.07861,0.9993349083055295,1.0,373.3113969800011,300.0,373.5936369800011,300.0,0.10495254181082217,0.0
5066,1690768860000.0,0.0,0.0,502.0,0.07804776892430279,0.0,0.0,0.07862,0.9993349083055295,1.0,373.3113969800011,300.0,373.5986569800011,300.0,0.10495254181082217,0.0
5067,1690772460000.0,0.0,0.0,502.0,0.07804776892430279,0.0,0.0,0.07876,0.9993349083055295,1.0,373.3113969800011,300.0,373.6689369800011,300.0,0.10495254181082217,0.0
5068,1690776060000.0,0.0,0.0,502.0,0.07804776892430279,0.0,0.0,0.07876,0.9993349083055295,1.0,373.3113969800011,300.0,373.6689369800011,300.0,0.10495254181082217,0.0
5069,1690779660000.0,0.0,0.0,502.0,0.07804776892430279,0.0,0.0,0.07837,0.9993349083055295,1.0,373.3113969800011,300.0,373.47315698000114,300.0,0.10495254181082217,0.0
5070,1690783260000.0,0.0,0.0,502.0,0.07804776892430279,0.0,0.0,0.0785,0.9993349083055295,1.0,373.3113969800011,300.0,373.5384169800011,300.0,0.10495254181082217,0.0
5071,1690786860000.0,0.0,0.0,502.0,0.07804776892430279,0.0,0.0,0.07858,0.9993349083055295,1.0,373.3113969800011,300.0,373.5785769800011,300.0,0.10495254181082217,0.0
5072,1690790460000.0,0.0,0.0,502.0,0.07804776892430279,0.0,0.0,0.07863,0.9993349083055295,1.0,373.3113969800011,300.0,373.6036769800011,300.0,0.10495254181082217,0.0
5073,1690794060000.0,0.0,0.0,0.0,0.07804776892430279,0.0,0.0,0.07941,0.9993349083055295,1.0,373.7999087800011,300.0,373.7999087800011,300.0,0.0,0.0
5074,1690797660000.0,0.0,0.0,0.0,0.07804776892430279,0.0,0.0,0.07914,0.9993349083055295,1.0,373.7999087800011,300.0,373.7999087800011,300.0,0.0,0.0
5075,1690801260000.0,0.0,0.0,0.0,0.07804776892430279,0.0,0.0,0.07923,0.9993349083055295,1.0,373.7999087800011,300.0,373.7999087800011,300.0,0.0,0.0
5076,1690804860000.0,0.0,0.0,0.0,0.07804776892430279,0.0,0.0,0.07949,0.9993349083055295,1.0,373.7999087800011,300.0,373.7999087800011,300.0,0.0,0.0
5077,1690808460000.0,0.0,0.0,0.0,0.07804776892430279,0.0,0.0,0.07959,0.9993349083055295,1.0,373.7999087800011,300.0,373.7999087800011,300.0,0.0,0.0
5078,1690812060000.0,0.0,0.0,237.0,0.07876,0.0,0.0,0.07871,0.9993349083055295,1.0,373.7812426600011,300.0,373.76939266000113,300.0,0.04993862149733146,0.0
5079,1690815660000.0,0.0,0.0,237.0,0.07876,0.0,0.0,0.07872,0.9993349083055295,1.0,373.7812426600011,300.0,373.7717626600011,300.0,0.04993862149733146,0.0
5080,1690819260000.0,0.0,0.0,237.0,0.07876,0.0,0.0,0.07814,0.9993349083055295,1.0,373.7812426600011,300.0,373.63430266000114,300.0,0.04993862149733146,0.0
5081,1690822860000.0,0.0,0.0,237.0,0.07876,0.0,0.0,0.07823,0.9993349083055295,1.0,373.7812426600011,300.0,373.6556326600011,300.0,0.04993862149733146,0.0
5082,1690826460000.0,0.0,0.0,237.0,0.07876,0.0,0.0,0.07844,0.9993349083055295,1.0,373.7812426600011,300.0,373.7054026600011,300.0,0.04993862149733146,0.0
5083,1690830060000.0,0.0,0.0,237.0,0.07876,0.0,0.0,0.07815,0.9993349083055295,1.0,373.7812426600011,300.0,373.6366726600011,300.0,0.04993862149733146,0.0
5084,1690833660000.0,0.0,0.0,237.0,0.07876,0.0,0.0,0.07721,0.9993349083055295,1.0,373.7812426600011,300.0,373.4138926600011,300.0,0.04993862149733146,0.0
5085,1690837260000.0,0.0,0.0,237.0,0.07876,0.0,0.0,0.07702,0.9993349083055295,1.0,373.7812426600011,300.0,373.3688626600011,300.0,0.04993862149733146,0.0
5086,1690840860000.0,0.0,0.0,237.0,0.07876,0.0,0.0,0.0776,0.9993349083055295,1.0,373.7812426600011,300.0,373.5063226600011,300.0,0.04993862149733146,0.0
5087,1690844460000.0,0.0,0.0,237.0,0.07876,0.0,0.0,0.07768,0.9993349083055295,1.0,373.7812426600011,300.0,373.5252826600011,300.0,0.04993862149733146,0.0
5088,1690848060000.0,0.0,0.0,237.0,0.07876,0.0,0.0,0.07778,0.9993349083055295,1.0,373.7812426600011,300.0,373.5489826600011,300.0,0.04993862149733146,0.0
5089,1690851660000.0,0.0,0.0,237.0,0.07876,0.0,0.0,0.07809,0.9993349083055295,1.0,373.7812426600011,300.0,373.6224526600011,300.0,0.04993862149733146,0.0
5090,1690855260000.0,0.0,0.0,237.0,0.07876,0.0,0.0,0.07727,0.9993349083055295,1.0,373.7812426600011,300.0,373.4281126600011,300.0,0.04993862149733146,0.0
5091,1690858860000.0,0.0,0.0,507.0,0.07739668639053254,0.0,0.0,0.07617,0.9993349083055295,1.0,373.7606686600011,300.0,373.1387386600011,300.0,0.1049872907726831,0.0
5092,1690862460000.0,0.0,0.0,507.0,0.07739668639053254,0.0,0.0,0.07618,0.9993349083055295,1.0,373.7606686600011,300.0,373.1438086600011,300.0,0.1049872907726831,0.0
5093,1690866060000.0,0.0,0.0,507.0,0.07739668639053254,0.0,0.0,0.07606,0.9993349083055295,1.0,373.7606686600011,300.0,373.0829686600011,300.0,0.1049872907726831,0.0
5094,1690869660000.0,0.0,0.0,507.0,0.07739668639053254,0.0,0.0,0.07632,0.9993349083055295,1.0,373.7606686600011,300.0,373.2147886600011,300.0,0.1049872907726831,0.0
5095,1690873260000.0,0.0,0.0,507.0,0.07739668639053254,0.0,0.0,0.07659,0.9993349083055295,1.0,373.7606686600011,300.0,373.3516786600011,300.0,0.1049872907726831,0.0
5096,1690876860000.0,0.0,0.0,507.0,0.07739668639053254,0.0,0.0,0.07669,0.9993349083055295,1.0,373.7606686600011,300.0,373.4023786600011,300.0,0.1049872907726831,0.0
5097,1690880460000.0,0.0,0.0,507.0,0.07739668639053254,0.0,0.0,0.07706,0.9993349083055295,1.0,373.7606686600011,300.0,373.5899686600011,300.0,0.1049872907726831,0.0
5098,1690884060000.0,0.0,0.0,507.0,0.07739668639053254,0.0,0.0,0.077,0.9993349083055295,1.0,373.7606686600011,300.0,373.5595486600011,300.0,0.1049872907726831,0.0
5099,1690887660000.0,0.0,0.0,507.0,0.07739668639053254,0.0,0.0,0.07687,0.9993349083055295,1.0,373.7606686600011,300.0,373.4936386600011,300.0,0.1049872907726831,0.0
5100,1690891260000.0,0.0,0.0,507.0,0.07739668639053254,0.0,0.0,0.07669,0.9993349083055295,1.0,373.7606686600011,300.0,373.4023786600011,300.0,0.1049872907726831,0.0
5101,1690894860000.0,0.0,0.0,507.0,0.07739668639053254,0.0,0.0,0.07701,0.9993349083055295,1.0,373.7606686600011,300.0,373.5646186600011,300.0,0.1049872907726831,0.0
5102,1690898460000.0,0.0,0.0,507.0,0.07739668639053254,0.0,0.0,0.07699,0.9993349083055295,1.0,373.7606686600011,300.0,373.5544786600011,300.0,0.1049872907726831,0.0
5103,1690902060000.0,0.0,0.0,507.0,0.07739668639053254,0.0,0.0,0.07645,0.9993349083055295,1.0,373.7606686600011,300.0,373.2806986600011,300.0,0.1049872907726831,0.0
5104,1690905660000.0,0.0,0.0,507.0,0.07739668639053254,0.0,0.0,0.07686,0.9993349083055295,1.0,373.7606686600011,300.0,373.4885686600011,300.0,0.1049872907726831,0.0
5105,1690909260000.0,0.0,0.0,507.0,0.07739668639053254,0.0,0.0,0.07678,0.9993349083055295,1.0,373.7606686600011,300.0,373.4480086600011,300.0,0.1049872907726831,0.0
5106,1690912860000.0,0.0,0.0,507.0,0.07739668639053254,0.0,0.0,0.07702,0.9993349083055295,1.0,373.7606686600011,300.0,373.5696886600011,300.0,0.1049872907726831,0.0
5107,1690916460000.0,0.0,0.0,507.0,0.07739668639053254,0.0,0.0,0.0773,0.9993349083055295,1.0,373.7606686600011,300.0,373.7116486600011,300.0,0.1049872907726831,0.0
5108,1690920060000.0,0.0,0.0,507.0,0.07739668639053254,0.0,0.0,0.07746,0.9993349083055295,1.0,373.7606686600011,300.0,373.7927686600011,300.0,0.1049872907726831,0.0
5109,1690923660000.0,0.0,0.0,507.0,0.07739668639053254,0.0,0.0,0.07726,0.9993349083055295,1.0,373.7606686600011,300.0,373.6913686600011,300.0,0.1049872907726831,0.0
5110,1690927260000.0,0.0,0.0,507.0,0.07739668639053254,0.0,0.0,0.07714,0.9993349083055295,1.0,373.7606686600011,300.0,373.6305286600011,300.0,0.1049872907726831,0.0
5111,1690930860000.0,0.0,0.0,507.0,0.07739668639053254,0.0,0.0,0.07722,0.9993349083055295,1.0,373.7606686600011,300.0,373.6710886600011,300.0,0.1049872907726831,0.0
5112,1690934460000.0,0.0,0.0,507.0,0.07739668639053254,0.0,0.0,0.07806,0.9993349083055295,1.0,373.7606686600011,300.0,374.0969686600011,300.0,0.1049872907726831,0.0
5113,1690938060000.0,0.0,0.0,507.0,0.07739668639053254,0.0,0.0,0.07764,0.9993349083055295,1.0,373.7606686600011,300.0,373.8840286600011,300.0,0.1049872907726831,0.0
5114,1690941660000.0,0.0,0.0,507.0,0.07739668639053254,0.0,0.0,0.07769,0.9993349083055295,1.0,373.7606686600011,300.0,373.9093786600011,300.0,0.1049872907726831,0.0
5115,1690945260000.0,0.0,0.0,507.0,0.07739668639053254,0.0,0.0,0.07787,0.9993349083055295,1.0,373.7606686600011,300.0,374.0006386600011,300.0,0.1049872907726831,0.0
5116,1690948860000.0,0.0,0.0,507.0,0.07739668639053254,0.0,0.0,0.07758,0.9993349083055295,1.0,373.7606686600011,300.0,373.8536086600011,300.0,0.1049872907726831,0.0
5117,1690952460000.0,0.0,0.0,507.0,0.07739668639053254,0.0,0.0,0.07737,0.9993349083055295,1.0,373.7606686600011,300.0,373.7471386600011,300.0,0.1049872907726831,0.0
5118,1690956060000.0,0.0,0.0,507.0,0.07739668639053254,0.0,0.0,0.07719,0.9993349083055295,1.0,373.7606686600011,300.0,373.6558786600011,300.0,0.1049872907726831,0.0
5119,1690959660000.0,0.0,0.0,507.0,0.07739668639053254,0.0,0.0,0.07688,0.9993349083055295,1.0,373.7606686600011,300.0,373.4987086600011,300.0,0.1049872907726831,0.0
5120,1690963260000.0,0.0,0.0,507.0,0.07739668639053254,0.0,0.0,0.07665,0.9993349083055295,1.0,373.7606686600011,300.0,373.3820986600011,300.0,0.1049872907726831,0.0
5121,1690966860000.0,0.0,0.0,507.0,0.07739668639053254,0.0,0.0,0.07665,0.9993349083055295,1.0,373.7606686600011,300.0,373.3820986600011,300.0,0.1049872907726831,0.0
5122,1690970460000.0,0.0,0.0,507.0,0.07739668639053254,0.0,0.0,0.07678,0.9993349083055295,1.0,373.7606686600011,300.0,373.4480086600011,300.0,0.1049872907726831,0.0
5123,1690974060000.0,0.0,0.0,507.0,0.07739668639053254,0.0,0.0,0.07708,0.9993349083055295,1.0,373.7606686600011,300.0,373.6001086600011,300.0,0.1049872907726831,0.0
5124,1690977660000.0,0.0,0.0,507.0,0.07739668639053254,0.0,0.0,0.07702,0.9993349083055295,1.0,373.7606686600011,300.0,373.5696886600011,300.0,0.1049872907726831,0.0
5125,1690981260000.0,0.0,0.0,507.0,0.07739668639053254,0.0,0.0,0.07659,0.9993349083055295,1.0,373.7606686600011,300.0,373.3516786600011,300.0,0.1049872907726831,0.0
5126,1690984860000.0,0.0,0.0,507.0,0.07739668639053254,0.0,0.0,0.07638,0.9993349083055295,1.0,373.7606686600011,300.0,373.2452086600011,300.0,0.1049872907726831,0.0
5127,1690988460000.0,0.0,0.0,507.0,0.07739668639053254,0.0,0.0,0.07516,0.9993349083055295,1.0,373.7606686600011,300.0,372.6266686600011,300.0,0.1049872907726831,0.0
5128,1690992060000.0,0.0,0.0,1084.0,0.07586546125461255,0.0,0.0,0.07529,0.9993349083055295,1.0,373.7176706200011,300.0,373.0938706200011,300.0,0.22005424539751126,0.0
5129,1690995660000.0,0.0,0.0,1084.0,0.07586546125461255,0.0,0.0,0.07458,0.9993349083055295,1.0,373.7176706200011,300.0,372.3242306200011,300.0,0.22005424539751126,0.0
5130,1690999260000.0,0.0,0.0,1084.0,0.07586546125461255,0.0,0.0,0.07476,0.9993349083055295,1.0,373.7176706200011,300.0,372.5193506200011,300.0,0.22005424539751126,0.0
5131,1691002860000.0,0.0,0.0,1084.0,0.07586546125461255,0.0,0.0,0.07447,0.9993349083055295,1.0,373.7176706200011,300.0,372.2049906200011,300.0,0.22005424539751126,0.0
5132,1691006460000.0,0.0,0.0,1084.0,0.07586546125461255,0.0,0.0,0.07465,0.9993349083055295,1.0,373.7176706200011,300.0,372.4001106200011,300.0,0.22005424539751126,0.0
5133,1691010060000.0,0.0,0.0,1084.0,0.07586546125461255,0.0,0.0,0.07468,0.9993349083055295,1.0,373.7176706200011,300.0,372.43263062000113,300.0,0.22005424539751126,0.0
5134,1691013660000.0,0.0,0.0,1084.0,0.07586546125461255,0.0,0.0,0.07474,0.9993349083055295,1.0,373.7176706200011,300.0,372.4976706200011,300.0,0.22005424539751126,0.0
5135,1691017260000.0,0.0,0.0,1084.0,0.07586546125461255,0.0,0.0,0.07459,0.9993349083055295,1.0,373.7176706200011,300.0,372.3350706200011,300.0,0.22005424539751126,0.0
5136,1691020860000.0,0.0,0.0,1084.0,0.07586546125461255,0.0,0.0,0.07417,0.9993349083055295,1.0,373.7176706200011,300.0,371.87979062000113,300.0,0.22005424539751126,0.0
5137,1691024460000.0,0.0,0.0,1084.0,0.07586546125461255,0.0,0.0,0.07442,0.9993349083055295,1.0,373.7176706200011,300.0,372.1507906200011,300.0,0.22005424539751126,0.0
5138,1691028060000.0,0.0,0.0,1084.0,0.07586546125461255,0.0,0.0,0.07497,0.9993349083055295,1.0,373.7176706200011,300.0,372.7469906200011,300.0,0.22005424539751126,0.0
5139,1691031660000.0,0.0,0.0,1084.0,0.07586546125461255,0.0,0.0,0.0747,0.9993349083055295,1.0,373.7176706200011,300.0,372.45431062000114,300.0,0.22005424539751126,0.0
5140,1691035260000.0,0.0,0.0,1084.0,0.07586546125461255,0.0,0.0,0.07454,0.9993349083055295,1.0,373.7176706200011,300.0,372.2808706200011,300.0,0.22005424539751126,0.0
5141,1691038860000.0,0.0,0.0,1084.0,0.07586546125461255,0.0,0.0,0.07459,0.9993349083055295,1.0,373.7176706200011,300.0,372.3350706200011,300.0,0.22005424539751126,0.0
5142,1691042460000.0,0.0,0.0,1084.0,0.07586546125461255,0.0,0.0,0.07478,0.9993349083055295,1.0,373.7176706200011,300.0,372.5410306200011,300.0,0.22005424539751126,0.0
5143,1691046060000.0,0.0,0.0,1084.0,0.07586546125461255,0.0,0.0,0.07438,0.9993349083055295,1.0,373.7176706200011,300.0,372.10743062000114,300.0,0.22005424539751126,0.0
5144,1691049660000.0,0.0,0.0,1084.0,0.07586546125461255,0.0,0.0,0.07401,0.9993349083055295,1.0,373.7176706200011,300.0,371.7063506200011,300.0,0.22005424539751126,0.0
5145,1691053260000.0,0.0,0.0,1084.0,0.07586546125461255,0.0,0.0,0.07334,0.9993349083055295,1.0,373.7176706200011,300.0,370.98007062000113,300.0,0.22005424539751126,0.0
5146,1691056860000.0,0.0,0.0,1084.0,0.07586546125461255,0.0,0.0,0.07335,0.9993349083055295,1.0,373.7176706200011,300.0,370.9909106200011,300.0,0.22005424539751126,0.0
5147,1691060460000.0,0.0,0.0,1084.0,0.07586546125461255,0.0,0.0,0.07363,0.9993349083055295,1.0,373.7176706200011,300.0,371.2944306200011,300.0,0.22005424539751126,0.0
5148,1691064060000.0,0.0,0.0,1084.0,0.07586546125461255,0.0,0.0,0.07366,0.9993349083055295,1.0,373.7176706200011,300.0,371.3269506200011,300.0,0.22005424539751126,0.0
5149,1691067660000.0,0.0,0.0,1084.0,0.07586546125461255,0.0,0.0,0.07348,0.9993349083055295,1.0,373.7176706200011,300.0,371.1318306200011,300.0,0.22005424539751126,0.0
5150,1691071260000.0,0.0,0.0,1084.0,0.07586546125461255,0.0,0.0,0.07392,0.9993349083055295,1.0,373.7176706200011,300.0,371.6087906200011,300.0,0.22005424539751126,0.0
5151,1691074860000.0,0.0,0.0,1084.0,0.07586546125461255,0.0,0.0,0.07458,0.9993349083055295,1.0,373.7176706200011,300.0,372.3242306200011,300.0,0.22005424539751126,0.0
5152,1691078460000.0,0.0,0.0,1084.0,0.07586546125461255,0.0,0.0,0.07422,0.9993349083055295,1.0,373.7176706200011,300.0,371.9339906200011,300.0,0.22005424539751126,0.0
5153,1691082060000.0,0.0,0.0,1084.0,0.07586546125461255,0.0,0.0,0.07474,0.9993349083055295,1.0,373.7176706200011,300.0,372.4976706200011,300.0,0.22005424539751126,0.0
5154,1691085660000.0,0.0,0.0,1084.0,0.07586546125461255,0.0,0.0,0.07417,0.9993349083055295,1.0,373.7176706200011,300.0,371.87979062000113,300.0,0.22005424539751126,0.0
5155,1691089260000.0,0.0,0.0,1084.0,0.07586546125461255,0.0,0.0,0.0744,0.9993349083055295,1.0,373.7176706200011,300.0,372.1291106200011,300.0,0.22005424539751126,0.0
5156,1691092860000.0,0.0,0.0,1084.0,0.07586546125461255,0.0,0.0,0.07454,0.9993349083055295,1.0,373.7176706200011,300.0,372.2808706200011,300.0,0.22005424539751126,0.0
5157,1691096460000.0,0.0,0.0,1084.0,0.07586546125461255,0.0,0.0,0.07447,0.9993349083055295,1.0,373.7176706200011,300.0,372.2049906200011,300.0,0.22005424539751126,0.0
5158,1691100060000.0,0.0,0.0,1084.0,0.07586546125461255,0.0,0.0,0.07401,0.9993349083055295,1.0,373.7176706200011,300.0,371.7063506200011,300.0,0.22005424539751126,0.0
5159,1691103660000.0,0.0,0.0,1084.0,0.07586546125461255,0.0,0.0,0.07379,0.9993349083055295,1.0,373.7176706200011,300.0,371.4678706200011,300.0,0.22005424539751126,0.0
5160,1691107260000.0,0.0,0.0,1084.0,0.07586546125461255,0.0,0.0,0.07361,0.9993349083055295,1.0,373.7176706200011,300.0,371.2727506200011,300.0,0.22005424539751126,0.0
5161,1691110860000.0,0.0,0.0,1084.0,0.07586546125461255,0.0,0.0,0.07396,0.9993349083055295,1.0,373.7176706200011,300.0,371.6521506200011,300.0,0.22005424539751126,0.0
5162,1691114460000.0,0.0,0.0,1084.0,0.07586546125461255,0.0,0.0,0.07421,0.9993349083055295,1.0,373.7176706200011,300.0,371.92315062000114,300.0,0.22005424539751126,0.0
5163,1691118060000.0,0.0,0.0,1084.0,0.07586546125461255,0.0,0.0,0.07421,0.9993349083055295,1.0,373.7176706200011,300.0,371.92315062000114,300.0,0.22005424539751126,0.0
5164,1691121660000.0,0.0,0.0,1084.0,0.07586546125461255,0.0,0.0,0.07433,0.9993349083055295,1.0,373.7176706200011,300.0,372.0532306200011,300.0,0.22005424539751126,0.0
5165,1691125260000.0,0.0,0.0,1084.0,0.07586546125461255,0.0,0.0,0.07434,0.9993349083055295,1.0,373.7176706200011,300.0,372.06407062000113,300.0,0.22005424539751126,0.0
5166,1691128860000.0,0.0,0.0,1084.0,0.07586546125461255,0.0,0.0,0.07429,0.9993349083055295,1.0,373.7176706200011,300.0,372.0098706200011,300.0,0.22005424539751126,0.0
5167,1691132460000.0,0.0,0.0,1084.0,0.07586546125461255,0.0,0.0,0.07395,0.9993349083055295,1.0,373.7176706200011,300.0,371.6413106200011,300.0,0.22005424539751126,0.0
5168,1691136060000.0,0.0,0.0,1084.0,0.07586546125461255,0.0,0.0,0.07441,0.9993349083055295,1.0,373.7176706200011,300.0,372.1399506200011,300.0,0.22005424539751126,0.0
5169,1691139660000.0,0.0,0.0,1084.0,0.07586546125461255,0.0,0.0,0.07429,0.9993349083055295,1.0,373.7176706200011,300.0,372.0098706200011,300.0,0.22005424539751126,0.0
5170,1691143260000.0,0.0,0.0,1084.0,0.07586546125461255,0.0,0.0,0.07443,0.9993349083055295,1.0,373.7176706200011,300.0,372.1616306200011,300.0,0.22005424539751126,0.0
5171,1691146860000.0,0.0,0.0,1084.0,0.07586546125461255,0.0,0.0,0.07407,0.9993349083055295,1.0,373.7176706200011,300.0,371.7713906200011,300.0,0.22005424539751126,0.0
5172,1691150460000.0,0.0,0.0,1084.0,0.07586546125461255,0.0,0.0,0.074,0.9993349083055295,1.0,373.7176706200011,300.0,371.69551062000113,300.0,0.22005424539751126,0.0
5173,1691154060000.0,0.0,0.0,1084.0,0.07586546125461255,0.0,0.0,0.07437,0.9993349083055295,1.0,373.7176706200011,300.0,372.0965906200011,300.0,0.22005424539751126,0.0
5174,1691157660000.0,0.0,0.0,1084.0,0.07586546125461255,0.0,0.0,0.07444,0.9993349083055295,1.0,373.7176706200011,300.0,372.1724706200011,300.0,0.22005424539751126,0.0
5175,1691161260000.0,0.0,0.0,1084.0,0.07586546125461255,0.0,0.0,0.07452,0.9993349083055295,1.0,373.7176706200011,300.0,372.2591906200011,300.0,0.22005424539751126,0.0
5176,1691164860000.0,0.0,0.0,1084.0,0.07586546125461255,0.0,0.0,0.07453,0.9993349083055295,1.0,373.7176706200011,300.0,372.27003062000114,300.0,0.22005424539751126,0.0
5177,1691168460000.0,0.0,0.0,1084.0,0.07586546125461255,0.0,0.0,0.07479,0.9993349083055295,1.0,373.7176706200011,300.0,372.5518706200011,300.0,0.22005424539751126,0.0
5178,1691172060000.0,0.0,0.0,1084.0,0.07586546125461255,0.0,0.0,0.07444,0.9993349083055295,1.0,373.7176706200011,300.0,372.1724706200011,300.0,0.22005424539751126,0.0
5179,1691175660000.0,0.0,0.0,1084.0,0.07586546125461255,0.0,0.0,0.07346,0.9993349083055295,1.0,373.7176706200011,300.0,371.1101506200011,300.0,0.22005424539751126,0.0
5180,1691179260000.0,0.0,0.0,1084.0,0.07586546125461255,0.0,0.0,0.07339,0.9993349083055295,1.0,373.7176706200011,300.0,371.0342706200011,300.0,0.22005424539751126,0.0
5181,1691182860000.0,0.0,0.0,1084.0,0.07586546125461255,0.0,0.0,0.07319,0.9993349083055295,1.0,373.7176706200011,300.0,370.81747062000113,300.0,0.22005424539751126,0.0
5182,1691186460000.0,0.0,0.0,1084.0,0.07586546125461255,0.0,0.0,0.07336,0.9993349083055295,1.0,373.7176706200011,300.0,371.00175062000113,300.0,0.22005424539751126,0.0
5183,1691190060000.0,0.0,0.0,1084.0,0.07586546125461255,0.0,0.0,0.0734,0.9993349083055295,1.0,373.7176706200011,300.0,371.04511062000114,300.0,0.22005424539751126,0.0
5184,1691193660000.0,0.0,0.0,1084.0,0.07586546125461255,0.0,0.0,0.07348,0.9993349083055295,1.0,373.7176706200011,300.0,371.1318306200011,300.0,0.22005424539751126,0.0
5185,1691197260000.0,0.0,0.0,1084.0,0.07586546125461255,0.0,0.0,0.07375,0.9993349083055295,1.0,373.7176706200011,300.0,371.4245106200011,300.0,0.22005424539751126,0.0
5186,1691200860000.0,0.0,0.0,1084.0,0.07586546125461255,0.0,0.0,0.07301,0.9993349083055295,1.0,373.7176706200011,300.0,370.6223506200011,300.0,0.22005424539751126,0.0
5187,1691204460000.0,0.0,0.0,1084.0,0.07586546125461255,0.0,0.0,0.07353,0.9993349083055295,1.0,373.7176706200011,300.0,371.18603062000113,300.0,0.22005424539751126,0.0
5188,1691208060000.0,0.0,0.0,1084.0,0.07586546125461255,0.0,0.0,0.07392,0.9993349083055295,1.0,373.7176706200011,300.0,371.6087906200011,300.0,0.22005424539751126,0.0
5189,1691211660000.0,0.0,0.0,1084.0,0.07586546125461255,0.0,0.0,0.07517,0.9993349083055295,1.0,373.7176706200011,300.0,372.96379062000113,300.0,0.22005424539751126,0.0
5190,1691215260000.0,0.0,0.0,1084.0,0.07586546125461255,0.0,0.0,0.07558,0.9993349083055295,1.0,373.7176706200011,300.0,373.4082306200011,300.0,0.22005424539751126,0.0
5191,1691218860000.0,0.0,0.0,1084.0,0.07586546125461255,0.0,0.0,0.07569,0.9993349083055295,1.0,373.7176706200011,300.0,373.5274706200011,300.0,0.22005424539751126,0.0
5192,1691222460000.0,0.0,0.0,1084.0,0.07586546125461255,0.0,0.0,0.07542,0.9993349083055295,1.0,373.7176706200011,300.0,373.2347906200011,300.0,0.22005424539751126,0.0
5193,1691226060000.0,0.0,0.0,1084.0,0.07586546125461255,0.0,0.0,0.07608,0.9993349083055295,1.0,373.7176706200011,300.0,373.9502306200011,300.0,0.22005424539751126,0.0
5194,1691229660000.0,0.0,0.0,1084.0,0.07586546125461255,0.0,0.0,0.07605,0.9993349083055295,1.0,373.7176706200011,300.0,373.9177106200011,300.0,0.22005424539751126,0.0
5195,1691233260000.0,0.0,0.0,1084.0,0.07586546125461255,0.0,0.0,0.07607,0.9993349083055295,1.0,373.7176706200011,300.0,373.9393906200011,300.0,0.22005424539751126,0.0
5196,1691236860000.0,0.0,0.0,1084.0,0.07586546125461255,0.0,0.0,0.07591,0.9993349083055295,1.0,373.7176706200011,300.0,373.7659506200011,300.0,0.22005424539751126,0.0
5197,1691240460000.0,0.0,0.0,1084.0,0.07586546125461255,0.0,0.0,0.07594,0.9993349083055295,1.0,373.7176706200011,300.0,373.7984706200011,300.0,0.22005424539751126,0.0
5198,1691244060000.0,0.0,0.0,1084.0,0.07586546125461255,0.0,0.0,0.07627,0.9993349083055295,1.0,373.7176706200011,300.0,374.1561906200011,300.0,0.22005424539751126,0.0
5199,1691247660000.0,0.0,0.0,0.0,0.07586546125461255,0.0,0.0,0.07668,0.9993349083055295,1.0,374.7127940200011,300.0,374.7127940200011,300.0,0.0,0.0
5200,1691251260000.0,0.0,0.0,0.0,0.07586546125461255,0.0,0.0,0.07535,0.9993349083055295,1.0,374.7127940200011,300.0,374.7127940200011,300.0,0.0,0.0
5201,1691254860000.0,0.0,0.0,0.0,0.07586546125461255,0.0,0.0,0.07543,0.9993349083055295,1.0,374.7127940200011,300.0,374.7127940200011,300.0,0.0,0.0
5202,1691258460000.0,0.0,0.0,0.0,0.07586546125461255,0.0,0.0,0.07581,0.9993349083055295,1.0,374.7127940200011,300.0,374.7127940200011,300.0,0.0,0.0
5203,1691262060000.0,0.0,0.0,0.0,0.07586546125461255,0.0,0.0,0.07605,0.9993349083055295,1.0,374.7127940200011,300.0,374.7127940200011,300.0,0.0,0.0
5204,1691265660000.0,0.0,0.0,0.0,0.07586546125461255,0.0,0.0,0.07615,0.9993349083055295,1.0,374.7127940200011,300.0,374.7127940200011,300.0,0.0,0.0
5205,1691269260000.0,0.0,0.0,0.0,0.07586546125461255,0.0,0.0,0.07561,0.9993349083055295,1.0,374.7127940200011,300.0,374.7127940200011,300.0,0.0,0.0
5206,1691272860000.0,0.0,0.0,0.0,0.07586546125461255,0.0,0.0,0.07582,0.9993349083055295,1.0,374.7127940200011,300.0,374.7127940200011,300.0,0.0,0.0
5207,1691276460000.0,0.0,0.0,0.0,0.07586546125461255,0.0,0.0,0.07603,0.9993349083055295,1.0,374.7127940200011,300.0,374.7127940200011,300.0,0.0,0.0
5208,1691280060000.0,0.0,0.0,0.0,0.07586546125461255,0.0,0.0,0.07573,0.9993349083055295,1.0,374.7127940200011,300.0,374.7127940200011,300.0,0.0,0.0
5209,1691283660000.0,0.0,0.0,0.0,0.07586546125461255,0.0,0.0,0.07611,0.9993349083055295,1.0,374.7127940200011,300.0,374.7127940200011,300.0,0.0,0.0
5210,1691287260000.0,0.0,0.0,0.0,0.07586546125461255,0.0,0.0,0.07616,0.9993349083055295,1.0,374.7127940200011,300.0,374.7127940200011,300.0,0.0,0.0
5211,1691290860000.0,0.0,0.0,0.0,0.07586546125461255,0.0,0.0,0.0758,0.9993349083055295,1.0,374.7127940200011,300.0,374.7127940200011,300.0,0.0,0.0
5212,1691294460000.0,0.0,0.0,0.0,0.07586546125461255,0.0,0.0,0.07587,0.9993349083055295,1.0,374.7127940200011,300.0,374.7127940200011,300.0,0.0,0.0
5213,1691298060000.0,0.0,0.0,0.0,0.07586546125461255,0.0,0.0,0.07571,0.9993349083055295,1.0,374.7127940200011,300.0,374.7127940200011,300.0,0.0,0.0
5214,1691301660000.0,0.0,0.0,249.0,0.07539,0.0,0.0,0.07565,0.9993349083055295,1.0,374.69402191000114,300.0,374.7587619100011,300.0,0.05009983854108281,0.0
5215,1691305260000.0,0.0,0.0,249.0,0.07539,0.0,0.0,0.07541,0.9993349083055295,1.0,374.69402191000114,300.0,374.69900191000113,300.0,0.05009983854108281,0.0
5216,1691308860000.0,0.0,0.0,249.0,0.07539,0.0,0.0,0.07521,0.9993349083055295,1.0,374.69402191000114,300.0,374.6492019100011,300.0,0.05009983854108281,0.0
5217,1691312460000.0,0.0,0.0,249.0,0.07539,0.0,0.0,0.07557,0.9993349083055295,1.0,374.69402191000114,300.0,374.73884191000116,300.0,0.05009983854108281,0.0
5218,1691316060000.0,0.0,0.0,249.0,0.07539,0.0,0.0,0.07537,0.9993349083055295,1.0,374.69402191000114,300.0,374.68904191000115,300.0,0.05009983854108281,0.0
5219,1691319660000.0,0.0,0.0,249.0,0.07539,0.0,0.0,0.07489,0.9993349083055295,1.0,374.69402191000114,300.0,374.56952191000113,300.0,0.05009983854108281,0.0
5220,1691323260000.0,0.0,0.0,249.0,0.07539,0.0,0.0,0.07528,0.9993349083055295,1.0,374.69402191000114,300.0,374.6666319100011,300.0,0.05009983854108281,0.0
5221,1691326860000.0,0.0,0.0,249.0,0.07539,0.0,0.0,0.07479,0.9993349083055295,1.0,374.69402191000114,300.0,374.5446219100011,300.0,0.05009983854108281,0.0
5222,1691330460000.0,0.0,0.0,249.0,0.07539,0.0,0.0,0.07444,0.9993349083055295,1.0,374.69402191000114,300.0,374.4574719100011,300.0,0.05009983854108281,0.0
5223,1691334060000.0,0.0,0.0,249.0,0.07539,0.0,0.0,0.07445,0.9993349083055295,1.0,374.69402191000114,300.0,374.45996191000114,300.0,0.05009983854108281,0.0
5224,1691337660000.0,0.0,0.0,249.0,0.07539,0.0,0.0,0.07443,0.9993349083055295,1.0,374.69402191000114,300.0,374.45498191000115,300.0,0.05009983854108281,0.0
5225,1691341260000.0,0.0,0.0,249.0,0.07539,0.0,0.0,0.07507,0.9993349083055295,1.0,374.69402191000114,300.0,374.61434191000114,300.0,0.05009983854108281,0.0
5226,1691344860000.0,0.0,0.0,249.0,0.07539,0.0,0.0,0.07516,0.9993349083055295,1.0,374.69402191000114,300.0,374.6367519100011,300.0,0.05009983854108281,0.0
5227,1691348460000.0,0.0,0.0,249.0,0.07539,0.0,0.0,0.07507,0.9993349083055295,1.0,374.69402191000114,300.0,374.61434191000114,300.0,0.05009983854108281,0.0
5228,1691352060000.0,0.0,0.0,249.0,0.07539,0.0,0.0,0.07492,0.9993349083055295,1.0,374.69402191000114,300.0,374.57699191000114,300.0,0.05009983854108281,0.0
5229,1691355660000.0,0.0,0.0,249.0,0.07539,0.0,0.0,0.0754,0.9993349083055295,1.0,374.69402191000114,300.0,374.69651191000116,300.0,0.05009983854108281,0.0
5230,1691359260000.0,0.0,0.0,249.0,0.07539,0.0,0.0,0.07492,0.9993349083055295,1.0,374.69402191000114,300.0,374.57699191000114,300.0,0.05009983854108281,0.0
5231,1691362860000.0,0.0,0.0,249.0,0.07539,0.0,0.0,0.0748,0.9993349083055295,1.0,374.69402191000114,300.0,374.54711191000115,300.0,0.05009983854108281,0.0
5232,1691366460000.0,0.0,0.0,249.0,0.07539,0.0,0.0,0.07434,0.9993349083055295,1.0,374.69402191000114,300.0,374.4325719100011,300.0,0.05009983854108281,0.0
5233,1691370060000.0,0.0,0.0,249.0,0.07539,0.0,0.0,0.07454,0.9993349083055295,1.0,374.69402191000114,300.0,374.4823719100011,300.0,0.05009983854108281,0.0
5234,1691373660000.0,0.0,0.0,249.0,0.07539,0.0,0.0,0.07512,0.9993349083055295,1.0,374.69402191000114,300.0,374.62679191000115,300.0,0.05009983854108281,0.0
5235,1691377260000.0,0.0,0.0,249.0,0.07539,0.0,0.0,0.07553,0.9993349083055295,1.0,374.69402191000114,300.0,374.7288819100011,300.0,0.05009983854108281,0.0
5236,1691380860000.0,0.0,0.0,249.0,0.07539,0.0,0.0,0.07516,0.9993349083055295,1.0,374.69402191000114,300.0,374.6367519100011,300.0,0.05009983854108281,0.0
5237,1691384460000.0,0.0,0.0,249.0,0.07539,0.0,0.0,0.07514,0.9993349083055295,1.0,374.69402191000114,300.0,374.63177191000113,300.0,0.05009983854108281,0.0
5238,1691388060000.0,0.0,0.0,249.0,0.07539,0.0,0.0,0.07485,0.9993349083055295,1.0,374.69402191000114,300.0,374.55956191000115,300.0,0.05009983854108281,0.0
5239,1691391660000.0,0.0,0.0,249.0,0.07539,0.0,0.0,0.07437,0.9993349083055295,1.0,374.69402191000114,300.0,374.4400419100011,300.0,0.05009983854108281,0.0
5240,1691395260000.0,0.0,0.0,249.0,0.07539,0.0,0.0,0.07477,0.9993349083055295,1.0,374.69402191000114,300.0,374.53964191000114,300.0,0.05009983854108281,0.0
5241,1691398860000.0,0.0,0.0,249.0,0.07539,0.0,0.0,0.07438,0.9993349083055295,1.0,374.69402191000114,300.0,374.44253191000115,300.0,0.05009983854108281,0.0
5242,1691402460000.0,0.0,0.0,249.0,0.07539,0.0,0.0,0.0746,0.9993349083055295,1.0,374.69402191000114,300.0,374.49731191000114,300.0,0.05009983854108281,0.0
5243,1691406060000.0,0.0,0.0,249.0,0.07539,0.0,0.0,0.07474,0.9993349083055295,1.0,374.69402191000114,300.0,374.5321719100011,300.0,0.05009983854108281,0.0
5244,1691409660000.0,0.0,0.0,249.0,0.07539,0.0,0.0,0.07446,0.9993349083055295,1.0,374.69402191000114,300.0,374.46245191000116,300.0,0.05009983854108281,0.0
5245,1691413260000.0,0.0,0.0,249.0,0.07539,0.0,0.0,0.0744,0.9993349083055295,1.0,374.69402191000114,300.0,374.44751191000114,300.0,0.05009983854108281,0.0
5246,1691416860000.0,0.0,0.0,249.0,0.07539,0.0,0.0,0.07355,0.9993349083055295,1.0,374.69402191000114,300.0,374.2358619100011,300.0,0.05009983854108281,0.0
5247,1691420460000.0,0.0,0.0,249.0,0.07539,0.0,0.0,0.07389,0.9993349083055295,1.0,374.69402191000114,300.0,374.32052191000116,300.0,0.05009983854108281,0.0
5248,1691424060000.0,0.0,0.0,249.0,0.07539,0.0,0.0,0.07362,0.9993349083055295,1.0,374.69402191000114,300.0,374.25329191000117,300.0,0.05009983854108281,0.0
5249,1691427660000.0,0.0,0.0,532.0,0.0740867105263158,0.0,0.0,0.07286,0.9993349083055295,1.0,374.6733798900011,300.0,374.02076989000113,300.0,0.1051959709856394,0.0
5250,1691431260000.0,0.0,0.0,532.0,0.0740867105263158,0.0,0.0,0.07287,0.9993349083055295,1.0,374.6733798900011,300.0,374.0260898900011,300.0,0.1051959709856394,0.0
5251,1691434860000.0,0.0,0.0,532.0,0.0740867105263158,0.0,0.0,0.07316,0.9993349083055295,1.0,374.6733798900011,300.0,374.1803698900011,300.0,0.1051959709856394,0.0
5252,1691438460000.0,0.0,0.0,532.0,0.0740867105263158,0.0,0.0,0.07347,0.9993349083055295,1.0,374.6733798900011,300.0,374.3452898900011,300.0,0.1051959709856394,0.0
5253,1691442060000.0,0.0,0.0,532.0,0.0740867105263158,0.0,0.0,0.07358,0.9993349083055295,1.0,374.6733798900011,300.0,374.4038098900011,300.0,0.1051959709856394,0.0
5254,1691445660000.0,0.0,0.0,532.0,0.0740867105263158,0.0,0.0,0.07359,0.9993349083055295,1.0,374.6733798900011,300.0,374.4091298900011,300.0,0.1051959709856394,0.0
5255,1691449260000.0,0.0,0.0,532.0,0.0740867105263158,0.0,0.0,0.07348,0.9993349083055295,1.0,374.6733798900011,300.0,374.3506098900011,300.0,0.1051959709856394,0.0
5256,1691452860000.0,0.0,0.0,532.0,0.0740867105263158,0.0,0.0,0.07339,0.9993349083055295,1.0,374.6733798900011,300.0,374.3027298900011,300.0,0.1051959709856394,0.0
5257,1691456460000.0,0.0,0.0,532.0,0.0740867105263158,0.0,0.0,0.07356,0.9993349083055295,1.0,374.6733798900011,300.0,374.3931698900011,300.0,0.1051959709856394,0.0
5258,1691460060000.0,0.0,0.0,532.0,0.0740867105263158,0.0,0.0,0.07326,0.9993349083055295,1.0,374.6733798900011,300.0,374.2335698900011,300.0,0.1051959709856394,0.0
5259,1691463660000.0,0.0,0.0,532.0,0.0740867105263158,0.0,0.0,0.07361,0.9993349083055295,1.0,374.6733798900011,300.0,374.41976989000113,300.0,0.1051959709856394,0.0
5260,1691467260000.0,0.0,0.0,532.0,0.0740867105263158,0.0,0.0,0.0739,0.9993349083055295,1.0,374.6733798900011,300.0,374.5740498900011,300.0,0.1051959709856394,0.0
5261,1691470860000.0,0.0,0.0,532.0,0.0740867105263158,0.0,0.0,0.07399,0.9993349083055295,1.0,374.6733798900011,300.0,374.6219298900011,300.0,0.1051959709856394,0.0
5262,1691474460000.0,0.0,0.0,532.0,0.0740867105263158,0.0,0.0,0.07387,0.9993349083055295,1.0,374.6733798900011,300.0,374.5580898900011,300.0,0.1051959709856394,0.0
5263,1691478060000.0,0.0,0.0,532.0,0.0740867105263158,0.0,0.0,0.07368,0.9993349083055295,1.0,374.6733798900011,300.0,374.45700989000113,300.0,0.1051959709856394,0.0
5264,1691481660000.0,0.0,0.0,532.0,0.0740867105263158,0.0,0.0,0.07352,0.9993349083055295,1.0,374.6733798900011,300.0,374.3718898900011,300.0,0.1051959709856394,0.0
5265,1691485260000.0,0.0,0.0,532.0,0.0740867105263158,0.0,0.0,0.07347,0.9993349083055295,1.0,374.6733798900011,300.0,374.3452898900011,300.0,0.1051959709856394,0.0
5266,1691488860000.0,0.0,0.0,532.0,0.0740867105263158,0.0,0.0,0.07345,0.9993349083055295,1.0,374.6733798900011,300.0,374.3346498900011,300.0,0.1051959709856394,0.0
5267,1691492460000.0,0.0,0.0,532.0,0.0740867105263158,0.0,0.0,0.07384,0.9993349083055295,1.0,374.6733798900011,300.0,374.5421298900011,300.0,0.1051959709856394,0.0
5268,1691496060000.0,0.0,0.0,532.0,0.0740867105263158,0.0,0.0,0.07398,0.9993349083055295,1.0,374.6733798900011,300.0,374.6166098900011,300.0,0.1051959709856394,0.0
5269,1691499660000.0,0.0,0.0,532.0,0.0740867105263158,0.0,0.0,0.0744,0.9993349083055295,1.0,374.6733798900011,300.0,374.8400498900011,300.0,0.1051959709856394,0.0
5270,1691503260000.0,0.0,0.0,532.0,0.0740867105263158,0.0,0.0,0.07392,0.9993349083055295,1.0,374.6733798900011,300.0,374.58468989000113,300.0,0.1051959709856394,0.0
5271,1691506860000.0,0.0,0.0,532.0,0.0740867105263158,0.0,0.0,0.07411,0.9993349083055295,1.0,374.6733798900011,300.0,374.6857698900011,300.0,0.1051959709856394,0.0
5272,1691510460000.0,0.0,0.0,532.0,0.0740867105263158,0.0,0.0,0.07456,0.9993349083055295,1.0,374.6733798900011,300.0,374.9251698900011,300.0,0.1051959709856394,0.0
5273,1691514060000.0,0.0,0.0,0.0,0.0740867105263158,0.0,0.0,0.075,0.9993349083055295,1.0,375.16186733000114,300.0,375.16186733000114,300.0,0.0,0.0
5274,1691517660000.0,0.0,0.0,0.0,0.0740867105263158,0.0,0.0,0.07523,0.9993349083055295,1.0,375.16186733000114,300.0,375.16186733000114,300.0,0.0,0.0
5275,1691521260000.0,0.0,0.0,0.0,0.0740867105263158,0.0,0.0,0.07487,0.9993349083055295,1.0,375.16186733000114,300.0,375.16186733000114,300.0,0.0,0.0
5276,1691524860000.0,0.0,0.0,0.0,0.0740867105263158,0.0,0.0,0.07467,0.9993349083055295,1.0,375.16186733000114,300.0,375.16186733000114,300.0,0.0,0.0
5277,1691528460000.0,0.0,0.0,0.0,0.0740867105263158,0.0,0.0,0.07489,0.9993349083055295,1.0,375.16186733000114,300.0,375.16186733000114,300.0,0.0,0.0
5278,1691532060000.0,0.0,0.0,0.0,0.0740867105263158,0.0,0.0,0.07496,0.9993349083055295,1.0,375.16186733000114,300.0,375.16186733000114,300.0,0.0,0.0
5279,1691535660000.0,0.0,0.0,0.0,0.0740867105263158,0.0,0.0,0.07502,0.9993349083055295,1.0,375.16186733000114,300.0,375.16186733000114,300.0,0.0,0.0
5280,1691539260000.0,0.0,0.0,0.0,0.0740867105263158,0.0,0.0,0.0749,0.9993349083055295,1.0,375.16186733000114,300.0,375.16186733000114,300.0,0.0,0.0
5281,1691542860000.0,0.0,0.0,0.0,0.0740867105263158,0.0,0.0,0.075,0.9993349083055295,1.0,375.16186733000114,300.0,375.16186733000114,300.0,0.0,0.0
5282,1691546460000.0,0.0,0.0,0.0,0.0740867105263158,0.0,0.0,0.0751,0.9993349083055295,1.0,375.16186733000114,300.0,375.16186733000114,300.0,0.0,0.0
5283,1691550060000.0,0.0,0.0,0.0,0.0740867105263158,0.0,0.0,0.07461,0.9993349083055295,1.0,375.16186733000114,300.0,375.16186733000114,300.0,0.0,0.0
5284,1691553660000.0,0.0,0.0,0.0,0.0740867105263158,0.0,0.0,0.07471,0.9993349083055295,1.0,375.16186733000114,300.0,375.16186733000114,300.0,0.0,0.0
5285,1691557260000.0,0.0,0.0,0.0,0.0740867105263158,0.0,0.0,0.07495,0.9993349083055295,1.0,375.16186733000114,300.0,375.16186733000114,300.0,0.0,0.0
5286,1691560860000.0,0.0,0.0,0.0,0.0740867105263158,0.0,0.0,0.07496,0.9993349083055295,1.0,375.16186733000114,300.0,375.16186733000114,300.0,0.0,0.0
5287,1691564460000.0,0.0,0.0,0.0,0.0740867105263158,0.0,0.0,0.07521,0.9993349083055295,1.0,375.16186733000114,300.0,375.16186733000114,300.0,0.0,0.0
5288,1691568060000.0,0.0,0.0,0.0,0.0740867105263158,0.0,0.0,0.07572,0.9993349083055295,1.0,375.16186733000114,300.0,375.16186733000114,300.0,0.0,0.0
5289,1691571660000.0,0.0,0.0,0.0,0.0740867105263158,0.0,0.0,0.07543,0.9993349083055295,1.0,375.16186733000114,300.0,375.16186733000114,300.0,0.0,0.0
5290,1691575260000.0,0.0,0.0,0.0,0.0740867105263158,0.0,0.0,0.07542,0.9993349083055295,1.0,375.16186733000114,300.0,375.16186733000114,300.0,0.0,0.0
5291,1691578860000.0,0.0,0.0,0.0,0.0740867105263158,0.0,0.0,0.07557,0.9993349083055295,1.0,375.16186733000114,300.0,375.16186733000114,300.0,0.0,0.0
5292,1691582460000.0,0.0,0.0,0.0,0.0740867105263158,0.0,0.0,0.07546,0.9993349083055295,1.0,375.16186733000114,300.0,375.16186733000114,300.0,0.0,0.0
5293,1691586060000.0,0.0,0.0,0.0,0.0740867105263158,0.0,0.0,0.07587,0.9993349083055295,1.0,375.16186733000114,300.0,375.16186733000114,300.0,0.0,0.0
5294,1691589660000.0,0.0,0.0,0.0,0.0740867105263158,0.0,0.0,0.07586,0.9993349083055295,1.0,375.16186733000114,300.0,375.16186733000114,300.0,0.0,0.0
5295,1691593260000.0,0.0,0.0,0.0,0.0740867105263158,0.0,0.0,0.07514,0.9993349083055295,1.0,375.16186733000114,300.0,375.16186733000114,300.0,0.0,0.0
5296,1691596860000.0,0.0,0.0,0.0,0.0740867105263158,0.0,0.0,0.075,0.9993349083055295,1.0,375.16186733000114,300.0,375.16186733000114,300.0,0.0,0.0
5297,1691600460000.0,0.0,0.0,251.0,0.07488,0.0,0.0,0.07481,0.9993349083055295,1.0,375.14307245000117,300.0,375.1255024500012,300.0,0.05010056530500098,0.0
5298,1691604060000.0,0.0,0.0,251.0,0.07488,0.0,0.0,0.07492,0.9993349083055295,1.0,375.14307245000117,300.0,375.1531124500012,300.0,0.05010056530500098,0.0
5299,1691607660000.0,0.0,0.0,251.0,0.07488,0.0,0.0,0.07515,0.9993349083055295,1.0,375.14307245000117,300.0,375.21084245000117,300.0,0.05010056530500098,0.0
5300,1691611260000.0,0.0,0.0,251.0,0.07488,0.0,0.0,0.07475,0.9993349083055295,1.0,375.14307245000117,300.0,375.1104424500012,300.0,0.05010056530500098,0.0
5301,1691614860000.0,0.0,0.0,251.0,0.07488,0.0,0.0,0.0749,0.9993349083055295,1.0,375.14307245000117,300.0,375.1480924500012,300.0,0.05010056530500098,0.0
5302,1691618460000.0,0.0,0.0,251.0,0.07488,0.0,0.0,0.07474,0.9993349083055295,1.0,375.14307245000117,300.0,375.10793245000116,300.0,0.05010056530500098,0.0
5303,1691622060000.0,0.0,0.0,251.0,0.07488,0.0,0.0,0.07505,0.9993349083055295,1.0,375.14307245000117,300.0,375.18574245000116,300.0,0.05010056530500098,0.0
5304,1691625660000.0,0.0,0.0,251.0,0.07488,0.0,0.0,0.07541,0.9993349083055295,1.0,375.14307245000117,300.0,375.2761024500012,300.0,0.05010056530500098,0.0
5305,1691629260000.0,0.0,0.0,251.0,0.07488,0.0,0.0,0.07552,0.9993349083055295,1.0,375.14307245000117,300.0,375.30371245000117,300.0,0.05010056530500098,0.0
5306,1691632860000.0,0.0,0.0,251.0,0.07488,0.0,0.0,0.07565,0.9993349083055295,1.0,375.14307245000117,300.0,375.33634245000115,300.0,0.05010056530500098,0.0
5307,1691636460000.0,0.0,0.0,0.0,0.07488,0.0,0.0,0.07593,0.9993349083055295,1.0,375.37753406000115,300.0,375.37753406000115,300.0,0.0,0.0
5308,1691640060000.0,0.0,0.0,0.0,0.07488,0.0,0.0,0.07584,0.9993349083055295,1.0,375.37753406000115,300.0,375.37753406000115,300.0,0.0,0.0
5309,1691643660000.0,0.0,0.0,0.0,0.07488,0.0,0.0,0.07582,0.9993349083055295,1.0,375.37753406000115,300.0,375.37753406000115,300.0,0.0,0.0
5310,1691647260000.0,0.0,0.0,0.0,0.07488,0.0,0.0,0.07583,0.9993349083055295,1.0,375.37753406000115,300.0,375.37753406000115,300.0,0.0,0.0
5311,1691650860000.0,0.0,0.0,0.0,0.07488,0.0,0.0,0.07554,0.9993349083055295,1.0,375.37753406000115,300.0,375.37753406000115,300.0,0.0,0.0
5312,1691654460000.0,0.0,0.0,0.0,0.07488,0.0,0.0,0.07541,0.9993349083055295,1.0,375.37753406000115,300.0,375.37753406000115,300.0,0.0,0.0
5313,1691658060000.0,0.0,0.0,0.0,0.07488,0.0,0.0,0.07549,0.9993349083055295,1.0,375.37753406000115,300.0,375.37753406000115,300.0,0.0,0.0
5314,1691661660000.0,0.0,0.0,0.0,0.07488,0.0,0.0,0.07552,0.9993349083055295,1.0,375.37753406000115,300.0,375.37753406000115,300.0,0.0,0.0
5315,1691665260000.0,0.0,0.0,0.0,0.07488,0.0,0.0,0.07554,0.9993349083055295,1.0,375.37753406000115,300.0,375.37753406000115,300.0,0.0,0.0
5316,1691668860000.0,0.0,0.0,250.0,0.07515,0.0,0.0,0.07522,0.9993349083055295,1.0,375.3587465600012,300.0,375.37624656000116,300.0,0.050052117266959205,0.0
5317,1691672460000.0,0.0,0.0,250.0,0.07515,0.0,0.0,0.07565,0.9993349083055295,1.0,375.3587465600012,300.0,375.4837465600012,300.0,0.050052117266959205,0.0
5318,1691676060000.0,0.0,0.0,0.0,0.07515,0.0,0.0,0.07627,0.9993349083055295,1.0,375.59220656000116,300.0,375.59220656000116,300.0,0.0,0.0
5319,1691679660000.0,0.0,0.0,0.0,0.07515,0.0,0.0,0.0759,0.9993349083055295,1.0,375.59220656000116,300.0,375.59220656000116,300.0,0.0,0.0
5320,1691683260000.0,0.0,0.0,0.0,0.07515,0.0,0.0,0.07598,0.9993349083055295,1.0,375.59220656000116,300.0,375.59220656000116,300.0,0.0,0.0
5321,1691686860000.0,0.0,0.0,0.0,0.07515,0.0,0.0,0.07651,0.9993349083055295,1.0,375.59220656000116,300.0,375.59220656000116,300.0,0.0,0.0
5322,1691690460000.0,0.0,0.0,0.0,0.07515,0.0,0.0,0.07601,0.9993349083055295,1.0,375.59220656000116,300.0,375.59220656000116,300.0,0.0,0.0
5323,1691694060000.0,0.0,0.0,0.0,0.07515,0.0,0.0,0.07603,0.9993349083055295,1.0,375.59220656000116,300.0,375.59220656000116,300.0,0.0,0.0
5324,1691697660000.0,0.0,0.0,0.0,0.07515,0.0,0.0,0.07585,0.9993349083055295,1.0,375.59220656000116,300.0,375.59220656000116,300.0,0.0,0.0
5325,1691701260000.0,0.0,0.0,0.0,0.07515,0.0,0.0,0.0758,0.9993349083055295,1.0,375.59220656000116,300.0,375.59220656000116,300.0,0.0,0.0
5326,1691704860000.0,0.0,0.0,0.0,0.07515,0.0,0.0,0.07563,0.9993349083055295,1.0,375.59220656000116,300.0,375.59220656000116,300.0,0.0,0.0
5327,1691708460000.0,0.0,0.0,0.0,0.07515,0.0,0.0,0.07569,0.9993349083055295,1.0,375.59220656000116,300.0,375.59220656000116,300.0,0.0,0.0
5328,1691712060000.0,0.0,0.0,0.0,0.07515,0.0,0.0,0.07585,0.9993349083055295,1.0,375.59220656000116,300.0,375.59220656000116,300.0,0.0,0.0
5329,1691715660000.0,0.0,0.0,0.0,0.07515,0.0,0.0,0.07603,0.9993349083055295,1.0,375.59220656000116,300.0,375.59220656000116,300.0,0.0,0.0
5330,1691719260000.0,0.0,0.0,0.0,0.07515,0.0,0.0,0.07597,0.9993349083055295,1.0,375.59220656000116,300.0,375.59220656000116,300.0,0.0,0.0
5331,1691722860000.0,0.0,0.0,249.0,0.07552,0.0,0.0,0.07533,0.9993349083055295,1.0,375.5734020800012,300.0,375.5260920800012,300.0,0.050068721309488376,0.0
5332,1691726460000.0,0.0,0.0,249.0,0.07552,0.0,0.0,0.07551,0.9993349083055295,1.0,375.5734020800012,300.0,375.57091208000116,300.0,0.050068721309488376,0.0
5333,1691730060000.0,0.0,0.0,249.0,0.07552,0.0,0.0,0.07558,0.9993349083055295,1.0,375.5734020800012,300.0,375.5883420800012,300.0,0.050068721309488376,0.0
5334,1691733660000.0,0.0,0.0,249.0,0.07552,0.0,0.0,0.07571,0.9993349083055295,1.0,375.5734020800012,300.0,375.62071208000117,300.0,0.050068721309488376,0.0
5335,1691737260000.0,0.0,0.0,249.0,0.07552,0.0,0.0,0.07573,0.9993349083055295,1.0,375.5734020800012,300.0,375.6256920800012,300.0,0.050068721309488376,0.0
5336,1691740860000.0,0.0,0.0,249.0,0.07552,0.0,0.0,0.07567,0.9993349083055295,1.0,375.5734020800012,300.0,375.6107520800012,300.0,0.050068721309488376,0.0
5337,1691744460000.0,0.0,0.0,249.0,0.07552,0.0,0.0,0.07545,0.9993349083055295,1.0,375.5734020800012,300.0,375.5559720800012,300.0,0.050068721309488376,0.0
5338,1691748060000.0,0.0,0.0,249.0,0.07552,0.0,0.0,0.07542,0.9993349083055295,1.0,375.5734020800012,300.0,375.5485020800012,300.0,0.050068721309488376,0.0
5339,1691751660000.0,0.0,0.0,249.0,0.07552,0.0,0.0,0.07551,0.9993349083055295,1.0,375.5734020800012,300.0,375.57091208000116,300.0,0.050068721309488376,0.0
5340,1691755260000.0,0.0,0.0,249.0,0.07552,0.0,0.0,0.07584,0.9993349083055295,1.0,375.5734020800012,300.0,375.6530820800012,300.0,0.050068721309488376,0.0
5341,1691758860000.0,0.0,0.0,249.0,0.07552,0.0,0.0,0.0757,0.9993349083055295,1.0,375.5734020800012,300.0,375.6182220800012,300.0,0.050068721309488376,0.0
5342,1691762460000.0,0.0,0.0,249.0,0.07552,0.0,0.0,0.07576,0.9993349083055295,1.0,375.5734020800012,300.0,375.63316208000117,300.0,0.050068721309488376,0.0
5343,1691766060000.0,0.0,0.0,249.0,0.07552,0.0,0.0,0.07596,0.9993349083055295,1.0,375.5734020800012,300.0,375.6829620800012,300.0,0.050068721309488376,0.0
5344,1691769660000.0,0.0,0.0,249.0,0.07552,0.0,0.0,0.07548,0.9993349083055295,1.0,375.5734020800012,300.0,375.5634420800012,300.0,0.050068721309488376,0.0
5345,1691773260000.0,0.0,0.0,249.0,0.07552,0.0,0.0,0.07527,0.9993349083055295,1.0,375.5734020800012,300.0,375.5111520800012,300.0,0.050068721309488376,0.0
5346,1691776860000.0,0.0,0.0,249.0,0.07552,0.0,0.0,0.07526,0.9993349083055295,1.0,375.5734020800012,300.0,375.50866208000116,300.0,0.050068721309488376,0.0
5347,1691780460000.0,0.0,0.0,249.0,0.07552,0.0,0.0,0.07524,0.9993349083055295,1.0,375.5734020800012,300.0,375.50368208000117,300.0,0.050068721309488376,0.0
5348,1691784060000.0,0.0,0.0,249.0,0.07552,0.0,0.0,0.07541,0.9993349083055295,1.0,375.5734020800012,300.0,375.54601208000116,300.0,0.050068721309488376,0.0
5349,1691787660000.0,0.0,0.0,249.0,0.07552,0.0,0.0,0.07538,0.9993349083055295,1.0,375.5734020800012,300.0,375.5385420800012,300.0,0.050068721309488376,0.0
5350,1691791260000.0,0.0,0.0,249.0,0.07552,0.0,0.0,0.07528,0.9993349083055295,1.0,375.5734020800012,300.0,375.5136420800012,300.0,0.050068721309488376,0.0
5351,1691794860000.0,0.0,0.0,249.0,0.07552,0.0,0.0,0.07568,0.9993349083055295,1.0,375.5734020800012,300.0,375.6132420800012,300.0,0.050068721309488376,0.0
5352,1691798460000.0,0.0,0.0,249.0,0.07552,0.0,0.0,0.07568,0.9993349083055295,1.0,375.5734020800012,300.0,375.6132420800012,300.0,0.050068721309488376,0.0
5353,1691802060000.0,0.0,0.0,249.0,0.07552,0.0,0.0,0.07612,0.9993349083055295,1.0,375.5734020800012,300.0,375.7228020800012,300.0,0.050068721309488376,0.0
5354,1691805660000.0,0.0,0.0,249.0,0.07552,0.0,0.0,0.07609,0.9993349083055295,1.0,375.5734020800012,300.0,375.7153320800012,300.0,0.050068721309488376,0.0
5355,1691809260000.0,0.0,0.0,0.0,0.07552,0.0,0.0,0.0764,0.9993349083055295,1.0,375.8083236200012,300.0,375.8083236200012,300.0,0.0,0.0
5356,1691812860000.0,0.0,0.0,0.0,0.07552,0.0,0.0,0.07613,0.9993349083055295,1.0,375.8083236200012,300.0,375.8083236200012,300.0,0.0,0.0
5357,1691816460000.0,0.0,0.0,0.0,0.07552,0.0,0.0,0.07604,0.9993349083055295,1.0,375.8083236200012,300.0,375.8083236200012,300.0,0.0,0.0
5358,1691820060000.0,0.0,0.0,0.0,0.07552,0.0,0.0,0.07589,0.9993349083055295,1.0,375.8083236200012,300.0,375.8083236200012,300.0,0.0,0.0
5359,1691823660000.0,0.0,0.0,0.0,0.07552,0.0,0.0,0.07606,0.9993349083055295,1.0,375.8083236200012,300.0,375.8083236200012,300.0,0.0,0.0
5360,1691827260000.0,0.0,0.0,0.0,0.07552,0.0,0.0,0.07643,0.9993349083055295,1.0,375.8083236200012,300.0,375.8083236200012,300.0,0.0,0.0
5361,1691830860000.0,0.0,0.0,0.0,0.07552,0.0,0.0,0.0764,0.9993349083055295,1.0,375.8083236200012,300.0,375.8083236200012,300.0,0.0,0.0
5362,1691834460000.0,0.0,0.0,0.0,0.07552,0.0,0.0,0.07726,0.9993349083055295,1.0,375.8083236200012,300.0,375.8083236200012,300.0,0.0,0.0
5363,1691838060000.0,0.0,0.0,0.0,0.07552,0.0,0.0,0.07719,0.9993349083055295,1.0,375.8083236200012,300.0,375.8083236200012,300.0,0.0,0.0
5364,1691841660000.0,0.0,0.0,0.0,0.07552,0.0,0.0,0.07693,0.9993349083055295,1.0,375.8083236200012,300.0,375.8083236200012,300.0,0.0,0.0
5365,1691845260000.0,0.0,0.0,0.0,0.07552,0.0,0.0,0.07689,0.9993349083055295,1.0,375.8083236200012,300.0,375.8083236200012,300.0,0.0,0.0
5366,1691848860000.0,0.0,0.0,0.0,0.07552,0.0,0.0,0.07676,0.9993349083055295,1.0,375.8083236200012,300.0,375.8083236200012,300.0,0.0,0.0
5367,1691852460000.0,0.0,0.0,0.0,0.07552,0.0,0.0,0.07679,0.9993349083055295,1.0,375.8083236200012,300.0,375.8083236200012,300.0,0.0,0.0
5368,1691856060000.0,0.0,0.0,0.0,0.07552,0.0,0.0,0.07663,0.9993349083055295,1.0,375.8083236200012,300.0,375.8083236200012,300.0,0.0,0.0
5369,1691859660000.0,0.0,0.0,0.0,0.07552,0.0,0.0,0.07695,0.9993349083055295,1.0,375.8083236200012,300.0,375.8083236200012,300.0,0.0,0.0
5370,1691863260000.0,0.0,0.0,0.0,0.07552,0.0,0.0,0.07677,0.9993349083055295,1.0,375.8083236200012,300.0,375.8083236200012,300.0,0.0,0.0
5371,1691866860000.0,0.0,0.0,0.0,0.07552,0.0,0.0,0.07705,0.9993349083055295,1.0,375.8083236200012,300.0,375.8083236200012,300.0,0.0,0.0
5372,1691870460000.0,0.0,0.0,0.0,0.07552,0.0,0.0,0.07671,0.9993349083055295,1.0,375.8083236200012,300.0,375.8083236200012,300.0,0.0,0.0
5373,1691874060000.0,0.0,0.0,0.0,0.07552,0.0,0.0,0.0766,0.9993349083055295,1.0,375.8083236200012,300.0,375.8083236200012,300.0,0.0,0.0
5374,1691877660000.0,0.0,0.0,0.0,0.07552,0.0,0.0,0.07693,0.9993349083055295,1.0,375.8083236200012,300.0,375.8083236200012,300.0,0.0,0.0
5375,1691881260000.0,0.0,0.0,0.0,0.07552,0.0,0.0,0.0769,0.9993349083055295,1.0,375.8083236200012,300.0,375.8083236200012,300.0,0.0,0.0
5376,1691884860000.0,0.0,0.0,0.0,0.07552,0.0,0.0,0.07668,0.9993349083055295,1.0,375.8083236200012,300.0,375.8083236200012,300.0,0.0,0.0
5377,1691888460000.0,0.0,0.0,0.0,0.07552,0.0,0.0,0.07671,0.9993349083055295,1.0,375.8083236200012,300.0,375.8083236200012,300.0,0.0,0.0
5378,1691892060000.0,0.0,0.0,0.0,0.07552,0.0,0.0,0.07654,0.9993349083055295,1.0,375.8083236200012,300.0,375.8083236200012,300.0,0.0,0.0
5379,1691895660000.0,0.0,0.0,246.0,0.07634,0.0,0.0,0.07642,0.9993349083055295,1.0,375.7895439800012,300.0,375.8092239800012,300.0,0.049973822584588504,0.0
5380,1691899260000.0,0.0,0.0,246.0,0.07634,0.0,0.0,0.07633,0.9993349083055295,1.0,375.7895439800012,300.0,375.7870839800012,300.0,0.049973822584588504,0.0
5381,1691902860000.0,0.0,0.0,246.0,0.07634,0.0,0.0,0.07647,0.9993349083055295,1.0,375.7895439800012,300.0,375.8215239800012,300.0,0.049973822584588504,0.0
5382,1691906460000.0,0.0,0.0,246.0,0.07634,0.0,0.0,0.07625,0.9993349083055295,1.0,375.7895439800012,300.0,375.76740398000123,300.0,0.049973822584588504,0.0
5383,1691910060000.0,0.0,0.0,246.0,0.07634,0.0,0.0,0.07642,0.9993349083055295,1.0,375.7895439800012,300.0,375.8092239800012,300.0,0.049973822584588504,0.0
5384,1691913660000.0,0.0,0.0,246.0,0.07634,0.0,0.0,0.07633,0.9993349083055295,1.0,375.7895439800012,300.0,375.7870839800012,300.0,0.049973822584588504,0.0
5385,1691917260000.0,0.0,0.0,246.0,0.07634,0.0,0.0,0.07633,0.9993349083055295,1.0,375.7895439800012,300.0,375.7870839800012,300.0,0.049973822584588504,0.0
5386,1691920860000.0,0.0,0.0,246.0,0.07634,0.0,0.0,0.0763,0.9993349083055295,1.0,375.7895439800012,300.0,375.7797039800012,300.0,0.049973822584588504,0.0
5387,1691924460000.0,0.0,0.0,246.0,0.07634,0.0,0.0,0.07622,0.9993349083055295,1.0,375.7895439800012,300.0,375.7600239800012,300.0,0.049973822584588504,0.0
5388,1691928060000.0,0.0,0.0,246.0,0.07634,0.0,0.0,0.07607,0.9993349083055295,1.0,375.7895439800012,300.0,375.7231239800012,300.0,0.049973822584588504,0.0
5389,1691931660000.0,0.0,0.0,246.0,0.07634,0.0,0.0,0.0761,0.9993349083055295,1.0,375.7895439800012,300.0,375.73050398000123,300.0,0.049973822584588504,0.0
5390,1691935260000.0,0.0,0.0,246.0,0.07634,0.0,0.0,0.07611,0.9993349083055295,1.0,375.7895439800012,300.0,375.7329639800012,300.0,0.049973822584588504,0.0
5391,1691938860000.0,0.0,0.0,246.0,0.07634,0.0,0.0,0.07606,0.9993349083055295,1.0,375.7895439800012,300.0,375.72066398000123,300.0,0.049973822584588504,0.0
5392,1691942460000.0,0.0,0.0,246.0,0.07634,0.0,0.0,0.07568,0.9993349083055295,1.0,375.7895439800012,300.0,375.62718398000123,300.0,0.049973822584588504,0.0
5393,1691946060000.0,0.0,0.0,246.0,0.07634,0.0,0.0,0.07571,0.9993349083055295,1.0,375.7895439800012,300.0,375.6345639800012,300.0,0.049973822584588504,0.0
5394,1691949660000.0,0.0,0.0,246.0,0.07634,0.0,0.0,0.07593,0.9993349083055295,1.0,375.7895439800012,300.0,375.6886839800012,300.0,0.049973822584588504,0.0
5395,1691953260000.0,0.0,0.0,246.0,0.07634,0.0,0.0,0.07584,0.9993349083055295,1.0,375.7895439800012,300.0,375.6665439800012,300.0,0.049973822584588504,0.0
5396,1691956860000.0,0.0,0.0,246.0,0.07634,0.0,0.0,0.07604,0.9993349083055295,1.0,375.7895439800012,300.0,375.7157439800012,300.0,0.049973822584588504,0.0
5397,1691960460000.0,0.0,0.0,246.0,0.07634,0.0,0.0,0.07563,0.9993349083055295,1.0,375.7895439800012,300.0,375.6148839800012,300.0,0.049973822584588504,0.0
5398,1691964060000.0,0.0,0.0,246.0,0.07634,0.0,0.0,0.0751,0.9993349083055295,1.0,375.7895439800012,300.0,375.4845039800012,300.0,0.049973822584588504,0.0
5399,1691967660000.0,0.0,0.0,246.0,0.07634,0.0,0.0,0.07466,0.9993349083055295,1.0,375.7895439800012,300.0,375.3762639800012,300.0,0.049973822584588504,0.0
5400,1691971260000.0,0.0,0.0,246.0,0.07634,0.0,0.0,0.07469,0.9993349083055295,1.0,375.7895439800012,300.0,375.38364398000124,300.0,0.049973822584588504,0.0
5401,1691974860000.0,0.0,0.0,246.0,0.07634,0.0,0.0,0.07459,0.9993349083055295,1.0,375.7895439800012,300.0,375.3590439800012,300.0,0.049973822584588504,0.0
5402,1691978460000.0,0.0,0.0,246.0,0.07634,0.0,0.0,0.07453,0.9993349083055295,1.0,375.7895439800012,300.0,375.3442839800012,300.0,0.049973822584588504,0.0
5403,1691982060000.0,0.0,0.0,246.0,0.07634,0.0,0.0,0.07456,0.9993349083055295,1.0,375.7895439800012,300.0,375.3516639800012,300.0,0.049973822584588504,0.0
5404,1691985660000.0,0.0,0.0,246.0,0.07634,0.0,0.0,0.07483,0.9993349083055295,1.0,375.7895439800012,300.0,375.4180839800012,300.0,0.049973822584588504,0.0
5405,1691989260000.0,0.0,0.0,246.0,0.07634,0.0,0.0,0.07499,0.9993349083055295,1.0,375.7895439800012,300.0,375.4574439800012,300.0,0.049973822584588504,0.0
5406,1691992860000.0,0.0,0.0,246.0,0.07634,0.0,0.0,0.07526,0.9993349083055295,1.0,375.7895439800012,300.0,375.52386398000124,300.0,0.049973822584588504,0.0
5407,1691996460000.0,0.0,0.0,246.0,0.07634,0.0,0.0,0.07515,0.9993349083055295,1.0,375.7895439800012,300.0,375.49680398000123,300.0,0.049973822584588504,0.0
5408,1692000060000.0,0.0,0.0,246.0,0.07634,0.0,0.0,0.07499,0.9993349083055295,1.0,375.7895439800012,300.0,375.4574439800012,300.0,0.049973822584588504,0.0
5409,1692003660000.0,0.0,0.0,246.0,0.07634,0.0,0.0,0.07502,0.9993349083055295,1.0,375.7895439800012,300.0,375.4648239800012,300.0,0.049973822584588504,0.0
5410,1692007260000.0,0.0,0.0,246.0,0.07634,0.0,0.0,0.07521,0.9993349083055295,1.0,375.7895439800012,300.0,375.5115639800012,300.0,0.049973822584588504,0.0
5411,1692010860000.0,0.0,0.0,246.0,0.07634,0.0,0.0,0.07507,0.9993349083055295,1.0,375.7895439800012,300.0,375.47712398000124,300.0,0.049973822584588504,0.0
5412,1692014460000.0,0.0,0.0,246.0,0.07634,0.0,0.0,0.07483,0.9993349083055295,1.0,375.7895439800012,300.0,375.4180839800012,300.0,0.049973822584588504,0.0
5413,1692018060000.0,0.0,0.0,246.0,0.07634,0.0,0.0,0.0747,0.9993349083055295,1.0,375.7895439800012,300.0,375.3861039800012,300.0,0.049973822584588504,0.0
5414,1692021660000.0,0.0,0.0,246.0,0.07634,0.0,0.0,0.07452,0.9993349083055295,1.0,375.7895439800012,300.0,375.3418239800012,300.0,0.049973822584588504,0.0
5415,1692025260000.0,0.0,0.0,246.0,0.07634,0.0,0.0,0.07494,0.9993349083055295,1.0,375.7895439800012,300.0,375.4451439800012,300.0,0.049973822584588504,0.0
5416,1692028860000.0,0.0,0.0,246.0,0.07634,0.0,0.0,0.07497,0.9993349083055295,1.0,375.7895439800012,300.0,375.4525239800012,300.0,0.049973822584588504,0.0
5417,1692032460000.0,0.0,0.0,246.0,0.07634,0.0,0.0,0.07483,0.9993349083055295,1.0,375.7895439800012,300.0,375.4180839800012,300.0,0.049973822584588504,0.0
5418,1692036060000.0,0.0,0.0,246.0,0.07634,0.0,0.0,0.07432,0.9993349083055295,1.0,375.7895439800012,300.0,375.2926239800012,300.0,0.049973822584588504,0.0
5419,1692039660000.0,0.0,0.0,526.0,0.07501984790874525,0.0,0.0,0.07406,0.9993349083055295,1.0,375.76886318000123,300.0,375.2639831800012,300.0,0.10501253261395853,0.0
5420,1692043260000.0,0.0,0.0,526.0,0.07501984790874525,0.0,0.0,0.07407,0.9993349083055295,1.0,375.76886318000123,300.0,375.26924318000124,300.0,0.10501253261395853,0.0
5421,1692046860000.0,0.0,0.0,253.0,0.07444,0.0,0.0,0.07438,0.9993349083055295,1.0,376.24137808000125,300.0,376.22619808000127,300.0,0.05005648261259403,0.0
5422,1692050460000.0,0.0,0.0,253.0,0.07444,0.0,0.0,0.0748,0.9993349083055295,1.0,376.24137808000125,300.0,376.33245808000123,300.0,0.05005648261259403,0.0
5423,1692054060000.0,0.0,0.0,253.0,0.07444,0.0,0.0,0.0748,0.9993349083055295,1.0,376.24137808000125,300.0,376.33245808000123,300.0,0.05005648261259403,0.0
5424,1692057660000.0,0.0,0.0,253.0,0.07444,0.0,0.0,0.07469,0.9993349083055295,1.0,376.24137808000125,300.0,376.30462808000124,300.0,0.05005648261259403,0.0
5425,1692061260000.0,0.0,0.0,253.0,0.07444,0.0,0.0,0.07479,0.9993349083055295,1.0,376.24137808000125,300.0,376.32992808000125,300.0,0.05005648261259403,0.0
5426,1692064860000.0,0.0,0.0,253.0,0.07444,0.0,0.0,0.07476,0.9993349083055295,1.0,376.24137808000125,300.0,376.32233808000126,300.0,0.05005648261259403,0.0
5427,1692068460000.0,0.0,0.0,253.0,0.07444,0.0,0.0,0.07465,0.9993349083055295,1.0,376.24137808000125,300.0,376.29450808000126,300.0,0.05005648261259403,0.0
5428,1692072060000.0,0.0,0.0,253.0,0.07444,0.0,0.0,0.07452,0.9993349083055295,1.0,376.24137808000125,300.0,376.26161808000126,300.0,0.05005648261259403,0.0
5429,1692075660000.0,0.0,0.0,253.0,0.07444,0.0,0.0,0.07444,0.9993349083055295,1.0,376.24137808000125,300.0,376.24137808000125,300.0,0.05005648261259403,0.0
5430,1692079260000.0,0.0,0.0,253.0,0.07444,0.0,0.0,0.07434,0.9993349083055295,1.0,376.24137808000125,300.0,376.21607808000124,300.0,0.05005648261259403,0.0
5431,1692082860000.0,0.0,0.0,253.0,0.07444,0.0,0.0,0.07434,0.9993349083055295,1.0,376.24137808000125,300.0,376.21607808000124,300.0,0.05005648261259403,0.0
5432,1692086460000.0,0.0,0.0,253.0,0.07444,0.0,0.0,0.07442,0.9993349083055295,1.0,376.24137808000125,300.0,376.23631808000124,300.0,0.05005648261259403,0.0
5433,1692090060000.0,0.0,0.0,253.0,0.07444,0.0,0.0,0.0745,0.9993349083055295,1.0,376.24137808000125,300.0,376.25655808000124,300.0,0.05005648261259403,0.0
5434,1692093660000.0,0.0,0.0,253.0,0.07444,0.0,0.0,0.07441,0.9993349083055295,1.0,376.24137808000125,300.0,376.23378808000126,300.0,0.05005648261259403,0.0
5435,1692097260000.0,0.0,0.0,253.0,0.07444,0.0,0.0,0.07429,0.9993349083055295,1.0,376.24137808000125,300.0,376.20342808000123,300.0,0.05005648261259403,0.0
5436,1692100860000.0,0.0,0.0,253.0,0.07444,0.0,0.0,0.07397,0.9993349083055295,1.0,376.24137808000125,300.0,376.1224680800012,300.0,0.05005648261259403,0.0
5437,1692104460000.0,0.0,0.0,253.0,0.07444,0.0,0.0,0.07402,0.9993349083055295,1.0,376.24137808000125,300.0,376.13511808000123,300.0,0.05005648261259403,0.0
5438,1692108060000.0,0.0,0.0,253.0,0.07444,0.0,0.0,0.07371,0.9993349083055295,1.0,376.24137808000125,300.0,376.05668808000127,300.0,0.05005648261259403,0.0
5439,1692111660000.0,0.0,0.0,253.0,0.07444,0.0,0.0,0.07417,0.9993349083055295,1.0,376.24137808000125,300.0,376.17306808000126,300.0,0.05005648261259403,0.0
5440,1692115260000.0,0.0,0.0,253.0,0.07444,0.0,0.0,0.07372,0.9993349083055295,1.0,376.24137808000125,300.0,376.05921808000124,300.0,0.05005648261259403,0.0
5441,1692118860000.0,0.0,0.0,253.0,0.07444,0.0,0.0,0.07366,0.9993349083055295,1.0,376.24137808000125,300.0,376.04403808000126,300.0,0.05005648261259403,0.0
5442,1692122460000.0,0.0,0.0,253.0,0.07444,0.0,0.0,0.07366,0.9993349083055295,1.0,376.24137808000125,300.0,376.04403808000126,300.0,0.05005648261259403,0.0
5443,1692126060000.0,0.0,0.0,253.0,0.07444,0.0,0.0,0.07317,0.9993349083055295,1.0,376.24137808000125,300.0,375.9200680800013,300.0,0.05005648261259403,0.0
5444,1692129660000.0,0.0,0.0,267.0,0.07081,0.0,0.0,0.07098,0.9993349083055295,1.0,378.00040780000126,300.0,378.04579780000125,300.0,0.05001653334195143,0.0
5445,1692133260000.0,0.0,0.0,267.0,0.07081,0.0,0.0,0.07087,0.9993349083055295,1.0,378.00040780000126,300.0,378.0164278000013,300.0,0.05001653334195143,0.0
5446,1692136860000.0,0.0,0.0,267.0,0.07081,0.0,0.0,0.0711,0.9993349083055295,1.0,378.00040780000126,300.0,378.07783780000125,300.0,0.05001653334195143,0.0
5447,1692140460000.0,0.0,0.0,267.0,0.07081,0.0,0.0,0.07079,0.9993349083055295,1.0,378.00040780000126,300.0,377.99506780000127,300.0,0.05001653334195143,0.0
5448,1692144060000.0,0.0,0.0,267.0,0.07081,0.0,0.0,0.07085,0.9993349083055295,1.0,378.00040780000126,300.0,378.01108780000123,300.0,0.05001653334195143,0.0
5449,1692147660000.0,0.0,0.0,267.0,0.07081,0.0,0.0,0.07115,0.9993349083055295,1.0,378.00040780000126,300.0,378.09118780000125,300.0,0.05001653334195143,0.0
5450,1692151260000.0,0.0,0.0,267.0,0.07081,0.0,0.0,0.07107,0.9993349083055295,1.0,378.00040780000126,300.0,378.06982780000124,300.0,0.05001653334195143,0.0
5451,1692154860000.0,0.0,0.0,267.0,0.07081,0.0,0.0,0.0711,0.9993349083055295,1.0,378.00040780000126,300.0,378.07783780000125,300.0,0.05001653334195143,0.0
5452,1692158460000.0,0.0,0.0,267.0,0.07081,0.0,0.0,0.0711,0.9993349083055295,1.0,378.00040780000126,300.0,378.07783780000125,300.0,0.05001653334195143,0.0
5453,1692162060000.0,0.0,0.0,267.0,0.07081,0.0,0.0,0.07102,0.9993349083055295,1.0,378.00040780000126,300.0,378.05647780000123,300.0,0.05001653334195143,0.0
5454,1692165660000.0,0.0,0.0,267.0,0.07081,0.0,0.0,0.07079,0.9993349083055295,1.0,378.00040780000126,300.0,377.99506780000127,300.0,0.05001653334195143,0.0
5455,1692169260000.0,0.0,0.0,267.0,0.07081,0.0,0.0,0.07066,0.9993349083055295,1.0,378.00040780000126,300.0,377.96035780000125,300.0,0.05001653334195143,0.0
5456,1692172860000.0,0.0,0.0,267.0,0.07081,0.0,0.0,0.07066,0.9993349083055295,1.0,378.00040780000126,300.0,377.96035780000125,300.0,0.05001653334195143,0.0
5457,1692176460000.0,0.0,0.0,267.0,0.07081,0.0,0.0,0.07016,0.9993349083055295,1.0,378.00040780000126,300.0,377.8268578000013,300.0,0.05001653334195143,0.0
5458,1692180060000.0,0.0,0.0,267.0,0.07081,0.0,0.0,0.07006,0.9993349083055295,1.0,378.00040780000126,300.0,377.8001578000013,300.0,0.05001653334195143,0.0
5459,1692183660000.0,0.0,0.0,267.0,0.07081,0.0,0.0,0.0703,0.9993349083055295,1.0,378.00040780000126,300.0,377.86423780000126,300.0,0.05001653334195143,0.0
5460,1692187260000.0,0.0,0.0,267.0,0.07081,0.0,0.0,0.07008,0.9993349083055295,1.0,378.00040780000126,300.0,377.80549780000126,300.0,0.05001653334195143,0.0
5461,1692190860000.0,0.0,0.0,267.0,0.07081,0.0,0.0,0.06944,0.9993349083055295,1.0,378.00040780000126,300.0,377.63461780000125,300.0,0.05001653334195143,0.0
5462,1692194460000.0,0.0,0.0,267.0,0.07081,0.0,0.0,0.06882,0.9993349083055295,1.0,378.00040780000126,300.0,377.46907780000123,300.0,0.05001653334195143,0.0
5463,1692198060000.0,0.0,0.0,267.0,0.07081,0.0,0.0,0.0696,0.9993349083055295,1.0,378.00040780000126,300.0,377.6773378000013,300.0,0.05001653334195143,0.0
5464,1692201660000.0,0.0,0.0,267.0,0.07081,0.0,0.0,0.06918,0.9993349083055295,1.0,378.00040780000126,300.0,377.5651978000013,300.0,0.05001653334195143,0.0
5465,1692205260000.0,0.0,0.0,267.0,0.07081,0.0,0.0,0.06922,0.9993349083055295,1.0,378.00040780000126,300.0,377.57587780000125,300.0,0.05001653334195143,0.0
5466,1692208860000.0,0.0,0.0,267.0,0.07081,0.0,0.0,0.06932,0.9993349083055295,1.0,378.00040780000126,300.0,377.60257780000126,300.0,0.05001653334195143,0.0
5467,1692212460000.0,0.0,0.0,267.0,0.07081,0.0,0.0,0.06935,0.9993349083055295,1.0,378.00040780000126,300.0,377.61058780000127,300.0,0.05001653334195143,0.0
5468,1692216060000.0,0.0,0.0,267.0,0.07081,0.0,0.0,0.06905,0.9993349083055295,1.0,378.00040780000126,300.0,377.53048780000125,300.0,0.05001653334195143,0.0
5469,1692219660000.0,0.0,0.0,1221.0,0.0682090990990991,0.0,0.0,0.06728,0.9993349083055295,1.0,377.9360307600013,300.0,376.8016007600013,300.0,0.22036350922277362,0.0
5470,1692223260000.0,0.0,0.0,1221.0,0.0682090990990991,0.0,0.0,0.06741,0.9993349083055295,1.0,377.9360307600013,300.0,376.9603307600013,300.0,0.22036350922277362,0.0
5471,1692226860000.0,0.0,0.0,1221.0,0.0682090990990991,0.0,0.0,0.06744,0.9993349083055295,1.0,377.9360307600013,300.0,376.9969607600013,300.0,0.22036350922277362,0.0
5472,1692230460000.0,0.0,0.0,1221.0,0.0682090990990991,0.0,0.0,0.06705,0.9993349083055295,1.0,377.9360307600013,300.0,376.5207707600013,300.0,0.22036350922277362,0.0
5473,1692234060000.0,0.0,0.0,1221.0,0.0682090990990991,0.0,0.0,0.06733,0.9993349083055295,1.0,377.9360307600013,300.0,376.8626507600013,300.0,0.22036350922277362,0.0
5474,1692237660000.0,0.0,0.0,1221.0,0.0682090990990991,0.0,0.0,0.06788,0.9993349083055295,1.0,377.9360307600013,300.0,377.5342007600013,300.0,0.22036350922277362,0.0
5475,1692241260000.0,0.0,0.0,1221.0,0.0682090990990991,0.0,0.0,0.06804,0.9993349083055295,1.0,377.9360307600013,300.0,377.7295607600013,300.0,0.22036350922277362,0.0
5476,1692244860000.0,0.0,0.0,1221.0,0.0682090990990991,0.0,0.0,0.06814,0.9993349083055295,1.0,377.9360307600013,300.0,377.8516607600013,300.0,0.22036350922277362,0.0
5477,1692248460000.0,0.0,0.0,1221.0,0.0682090990990991,0.0,0.0,0.06802,0.9993349083055295,1.0,377.9360307600013,300.0,377.7051407600013,300.0,0.22036350922277362,0.0
5478,1692252060000.0,0.0,0.0,1221.0,0.0682090990990991,0.0,0.0,0.06829,0.9993349083055295,1.0,377.9360307600013,300.0,378.0348107600013,300.0,0.22036350922277362,0.0
5479,1692255660000.0,0.0,0.0,1221.0,0.0682090990990991,0.0,0.0,0.0681,0.9993349083055295,1.0,377.9360307600013,300.0,377.8028207600013,300.0,0.22036350922277362,0.0
5480,1692259260000.0,0.0,0.0,1221.0,0.0682090990990991,0.0,0.0,0.06802,0.9993349083055295,1.0,377.9360307600013,300.0,377.7051407600013,300.0,0.22036350922277362,0.0
5481,1692262860000.0,0.0,0.0,1221.0,0.0682090990990991,0.0,0.0,0.06769,0.9993349083055295,1.0,377.9360307600013,300.0,377.3022107600013,300.0,0.22036350922277362,0.0
5482,1692266460000.0,0.0,0.0,1221.0,0.0682090990990991,0.0,0.0,0.06755,0.9993349083055295,1.0,377.9360307600013,300.0,377.1312707600013,300.0,0.22036350922277362,0.0
5483,1692270060000.0,0.0,0.0,1221.0,0.0682090990990991,0.0,0.0,0.06709,0.9993349083055295,1.0,377.9360307600013,300.0,376.5696107600013,300.0,0.22036350922277362,0.0
5484,1692273660000.0,0.0,0.0,1221.0,0.0682090990990991,0.0,0.0,0.06717,0.9993349083055295,1.0,377.9360307600013,300.0,376.6672907600013,300.0,0.22036350922277362,0.0
5485,1692277260000.0,0.0,0.0,1221.0,0.0682090990990991,0.0,0.0,0.06733,0.9993349083055295,1.0,377.9360307600013,300.0,376.8626507600013,300.0,0.22036350922277362,0.0
5486,1692280860000.0,0.0,0.0,1221.0,0.0682090990990991,0.0,0.0,0.06684,0.9993349083055295,1.0,377.9360307600013,300.0,376.2643607600013,300.0,0.22036350922277362,0.0
5487,1692284460000.0,0.0,0.0,1221.0,0.0682090990990991,0.0,0.0,0.0664,0.9993349083055295,1.0,377.9360307600013,300.0,375.7271207600013,300.0,0.22036350922277362,0.0
5488,1692288060000.0,0.0,0.0,1221.0,0.0682090990990991,0.0,0.0,0.06546,0.9993349083055295,1.0,377.9360307600013,300.0,374.5793807600013,300.0,0.22036350922277362,0.0
5489,1692291660000.0,0.0,0.0,2610.0,0.06649594636015325,0.0,0.0,0.06547,0.9993349083055295,1.0,377.8457596500013,300.0,375.16803965000133,300.0,0.45932610216603603,0.0
5490,1692295260000.0,0.0,0.0,2610.0,0.06649594636015325,0.0,0.0,0.06586,0.9993349083055295,1.0,377.8457596500013,300.0,376.18593965000133,300.0,0.45932610216603603,0.0
5491,1692298860000.0,0.0,0.0,2610.0,0.06649594636015325,0.0,0.0,0.0659,0.9993349083055295,1.0,377.8457596500013,300.0,376.29033965000133,300.0,0.45932610216603603,0.0
5492,1692302460000.0,0.0,0.0,2610.0,0.06649594636015325,0.0,0.0,0.06622,0.9993349083055295,1.0,377.8457596500013,300.0,377.1255396500013,300.0,0.45932610216603603,0.0
5493,1692306060000.0,0.0,0.0,2610.0,0.06649594636015325,0.0,0.0,0.06562,0.9993349083055295,1.0,377.8457596500013,300.0,375.5595396500013,300.0,0.45932610216603603,0.0
5494,1692309660000.0,3.928536911593253e-05,0.0,5906.0,0.06398128344056891,0.0,0.0,0.05963,0.9992958349324981,1.0,377.6414406100013,300.0,351.9427606100013,300.0,1.0006143907025244,0.0
5495,1692313260000.0,3.928536911593253e-05,0.0,5906.0,0.06398128344056891,0.0,0.0,0.06156,0.9992958349324981,1.0,377.6414406100013,300.0,363.3413406100013,300.0,1.0006143907025244,0.0
5496,1692316860000.0,3.928536911593253e-05,0.0,5906.0,0.06398128344056891,0.0,0.0,0.06092,0.9992958349324981,1.0,377.6414406100013,300.0,359.5615006100013,300.0,1.0006143907025244,0.0
5497,1692320460000.0,3.928536911593253e-05,0.0,5906.0,0.06398128344056891,0.0,0.0,0.06131,0.9992958349324981,1.0,377.6414406100013,300.0,361.86484061000135,300.0,1.0006143907025244,0.0
5498,1692324060000.0,3.928536911593253e-05,0.0,5906.0,0.06398128344056891,0.0,0.0,0.06106,0.9992958349324981,1.0,377.6414406100013,300.0,360.38834061000136,300.0,1.0006143907025244,0.0
5499,1692327660000.0,3.928536911593253e-05,0.0,5906.0,0.06398128344056891,0.0,0.0,0.06008,0.9992958349324981,1.0,377.6414406100013,300.0,354.60046061000133,300.0,1.0006143907025244,0.0
5500,1692331260000.0,3.928536911593253e-05,0.0,5906.0,0.06398128344056891,0.0,0.0,0.0611,0.9992958349324981,1.0,377.6414406100013,300.0,360.6245806100013,300.0,1.0006143907025244,0.0
5501,1692334860000.0,3.928536911593253e-05,0.0,5906.0,0.06398128344056891,0.0,0.0,0.06112,0.9992958349324981,1.0,377.6414406100013,300.0,360.7427006100013,300.0,1.0006143907025244,0.0
5502,1692338460000.0,3.928536911593253e-05,0.0,5906.0,0.06398128344056891,0.0,0.0,0.06182,0.9992958349324981,1.0,377.6414406100013,300.0,364.8769006100013,300.0,1.0006143907025244,0.0
5503,1692342060000.0,3.928536911593253e-05,0.0,5906.0,0.06398128344056891,0.0,0.0,0.06212,0.9992958349324981,1.0,377.6414406100013,300.0,366.6487006100013,300.0,1.0006143907025244,0.0
5504,1692345660000.0,3.928536911593253e-05,0.0,5906.0,0.06398128344056891,0.0,0.0,0.0624,0.9992958349324981,1.0,377.6414406100013,300.0,368.3023806100013,300.0,1.0006143907025244,0.0
5505,1692349260000.0,3.928536911593253e-05,0.0,5906.0,0.06398128344056891,0.0,0.0,0.06268,0.9992958349324981,1.0,377.6414406100013,300.0,369.9560606100013,300.0,1.0006143907025244,0.0
5506,1692352860000.0,3.928536911593253e-05,0.0,5906.0,0.06398128344056891,0.0,0.0,0.06235,0.9992958349324981,1.0,377.6414406100013,300.0,368.0070806100013,300.0,1.0006143907025244,0.0
5507,1692356460000.0,3.928536911593253e-05,0.0,5906.0,0.06398128344056891,0.0,0.0,0.06275,0.9992958349324981,1.0,377.6414406100013,300.0,370.3694806100013,300.0,1.0006143907025244,0.0
5508,1692360060000.0,3.928536911593253e-05,0.0,5906.0,0.06398128344056891,0.0,0.0,0.06293,0.9992958349324981,1.0,377.6414406100013,300.0,371.4325606100013,300.0,1.0006143907025244,0.0
5509,1692363660000.0,3.928536911593253e-05,0.0,5906.0,0.06398128344056891,0.0,0.0,0.06264,0.9992958349324981,1.0,377.6414406100013,300.0,369.7198206100013,300.0,1.0006143907025244,0.0
5510,1692367260000.0,3.928536911593253e-05,0.0,5906.0,0.06398128344056891,0.0,0.0,0.06265,0.9992958349324981,1.0,377.6414406100013,300.0,369.7788806100013,300.0,1.0006143907025244,0.0
5511,1692370860000.0,3.928536911593253e-05,0.0,5906.0,0.06398128344056891,0.0,0.0,0.06275,0.9992958349324981,1.0,377.6414406100013,300.0,370.3694806100013,300.0,1.0006143907025244,0.0
5512,1692374460000.0,3.928536911593253e-05,0.0,5906.0,0.06398128344056891,0.0,0.0,0.06248,0.9992958349324981,1.0,377.6414406100013,300.0,368.7748606100013,300.0,1.0006143907025244,0.0
5513,1692378060000.0,3.928536911593253e-05,0.0,5906.0,0.06398128344056891,0.0,0.0,0.06266,0.9992958349324981,1.0,377.6414406100013,300.0,369.8379406100013,300.0,1.0006143907025244,0.0
5514,1692381660000.0,3.928536911593253e-05,0.0,5906.0,0.06398128344056891,0.0,0.0,0.06282,0.9992958349324981,1.0,377.6414406100013,300.0,370.7829006100013,300.0,1.0006143907025244,0.0
5515,1692385260000.0,3.928536911593253e-05,0.0,5906.0,0.06398128344056891,0.0,0.0,0.06303,0.9992958349324981,1.0,377.6414406100013,300.0,372.02316061000136,300.0,1.0006143907025244,0.0
5516,1692388860000.0,3.928536911593253e-05,0.0,5906.0,0.06398128344056891,0.0,0.0,0.06294,0.9992958349324981,1.0,377.6414406100013,300.0,371.4916206100013,300.0,1.0006143907025244,0.0
5517,1692392460000.0,3.928536911593253e-05,0.0,5906.0,0.06398128344056891,0.0,0.0,0.0632,0.9992958349324981,1.0,377.6414406100013,300.0,373.0271806100013,300.0,1.0006143907025244,0.0
5518,1692396060000.0,3.928536911593253e-05,0.0,5906.0,0.06398128344056891,0.0,0.0,0.06343,0.9992958349324981,1.0,377.6414406100013,300.0,374.38556061000133,300.0,1.0006143907025244,0.0
5519,1692399660000.0,3.928536911593253e-05,0.0,5906.0,0.06398128344056891,0.0,0.0,0.06325,0.9992958349324981,1.0,377.6414406100013,300.0,373.3224806100013,300.0,1.0006143907025244,0.0
5520,1692403260000.0,3.928536911593253e-05,0.0,5906.0,0.06398128344056891,0.0,0.0,0.06328,0.9992958349324981,1.0,377.6414406100013,300.0,373.49966061000134,300.0,1.0006143907025244,0.0
5521,1692406860000.0,3.928536911593253e-05,0.0,5906.0,0.06398128344056891,0.0,0.0,0.06382,0.9992958349324981,1.0,377.6414406100013,300.0,376.6889006100013,300.0,1.0006143907025244,0.0
5522,1692410460000.0,3.928536911593253e-05,0.0,5906.0,0.06398128344056891,0.0,0.0,0.06329,0.9992958349324981,1.0,377.6414406100013,300.0,373.55872061000133,300.0,1.0006143907025244,0.0
5523,1692414060000.0,3.928536911593253e-05,0.0,5906.0,0.06398128344056891,0.0,0.0,0.06352,0.9992958349324981,1.0,377.6414406100013,300.0,374.9171006100013,300.0,1.0006143907025244,0.0
5524,1692417660000.0,3.928536911593253e-05,0.0,5906.0,0.06398128344056891,0.0,0.0,0.06374,0.9992958349324981,1.0,377.6414406100013,300.0,376.21642061000136,300.0,1.0006143907025244,0.0
5525,1692421260000.0,3.928536911593253e-05,0.0,5906.0,0.06398128344056891,0.0,0.0,0.06387,0.9992958349324981,1.0,377.6414406100013,300.0,376.98420061000127,300.0,1.0006143907025244,0.0
5526,1692424860000.0,3.928536911593253e-05,0.0,5906.0,0.06398128344056891,0.0,0.0,0.06335,0.9992958349324981,1.0,377.6414406100013,300.0,373.9130806100013,300.0,1.0006143907025244,0.0
5527,1692428460000.0,3.928536911593253e-05,0.0,5906.0,0.06398128344056891,0.0,0.0,0.06329,0.9992958349324981,1.0,377.6414406100013,300.0,373.55872061000133,300.0,1.0006143907025244,0.0
5528,1692432060000.0,3.928536911593253e-05,0.0,5906.0,0.06398128344056891,0.0,0.0,0.06349,0.9992958349324981,1.0,377.6414406100013,300.0,374.7399206100013,300.0,1.0006143907025244,0.0
5529,1692435660000.0,3.928536911593253e-05,0.0,5906.0,0.06398128344056891,0.0,0.0,0.06358,0.9992958349324981,1.0,377.6414406100013,300.0,375.2714606100013,300.0,1.0006143907025244,0.0
5530,1692439260000.0,3.928536911593253e-05,0.0,5906.0,0.06398128344056891,0.0,0.0,0.06369,0.9992958349324981,1.0,377.6414406100013,300.0,375.9211206100013,300.0,1.0006143907025244,0.0
5531,1692442860000.0,3.928536911593253e-05,0.0,5906.0,0.06398128344056891,0.0,0.0,0.06354,0.9992958349324981,1.0,377.6414406100013,300.0,375.0352206100013,300.0,1.0006143907025244,0.0
5532,1692446460000.0,3.928536911593253e-05,0.0,5906.0,0.06398128344056891,0.0,0.0,0.0634,0.9992958349324981,1.0,377.6414406100013,300.0,374.2083806100013,300.0,1.0006143907025244,0.0
5533,1692450060000.0,3.928536911593253e-05,0.0,5906.0,0.06398128344056891,0.0,0.0,0.06342,0.9992958349324981,1.0,377.6414406100013,300.0,374.32650061000135,300.0,1.0006143907025244,0.0
5534,1692453660000.0,3.928536911593253e-05,0.0,5906.0,0.06398128344056891,0.0,0.0,0.06329,0.9992958349324981,1.0,377.6414406100013,300.0,373.55872061000133,300.0,1.0006143907025244,0.0
5535,1692457260000.0,3.928536911593253e-05,0.0,5906.0,0.06398128344056891,0.0,0.0,0.06337,0.9992958349324981,1.0,377.6414406100013,300.0,374.0312006100013,300.0,1.0006143907025244,0.0
5536,1692460860000.0,3.928536911593253e-05,0.0,5906.0,0.06398128344056891,0.0,0.0,0.06393,0.9992958349324981,1.0,377.6414406100013,300.0,377.3385606100013,300.0,1.0006143907025244,0.0
5537,1692464460000.0,0.0,0.0,4592.0,0.06398128344056891,0.0,0.0,0.06423,0.9992958349324981,1.0,378.18571378909377,300.0,379.3278202300013,300.0,0.776872427610895,0.0
5538,1692468060000.0,0.0,0.0,4592.0,0.06398128344056891,0.0,0.0,0.06384,0.9992958349324981,1.0,378.18571378909377,300.0,377.5369402300013,300.0,0.776872427610895,0.0
5539,1692471660000.0,0.0,0.0,4592.0,0.06398128344056891,0.0,0.0,0.06375,0.9992958349324981,1.0,378.18571378909377,300.0,377.1236602300013,300.0,0.776872427610895,0.0
5540,1692475260000.0,0.0,0.0,4592.0,0.06398128344056891,0.0,0.0,0.06359,0.9992958349324981,1.0,378.18571378909377,300.0,376.3889402300013,300.0,0.776872427610895,0.0
5541,1692478860000.0,0.0,0.0,4592.0,0.06398128344056891,0.0,0.0,0.06349,0.9992958349324981,1.0,378.18571378909377,300.0,375.92974023000136,300.0,0.776872427610895,0.0
5542,1692482460000.0,0.0,0.0,4592.0,0.06398128344056891,0.0,0.0,0.06351,0.9992958349324981,1.0,378.18571378909377,300.0,376.0215802300013,300.0,0.776872427610895,0.0
5543,1692486060000.0,0.0,0.0,4592.0,0.06398128344056891,0.0,0.0,0.06359,0.9992958349324981,1.0,378.18571378909377,300.0,376.3889402300013,300.0,0.776872427610895,0.0
5544,1692489660000.0,0.0,0.0,4592.0,0.06398128344056891,0.0,0.0,0.06387,0.9992958349324981,1.0,378.18571378909377,300.0,377.6747002300013,300.0,0.776872427610895,0.0
5545,1692493260000.0,0.0,0.0,4592.0,0.06398128344056891,0.0,0.0,0.06409,0.9992958349324981,1.0,378.18571378909377,300.0,378.6849402300013,300.0,0.776872427610895,0.0
5546,1692496860000.0,0.0,0.0,4592.0,0.06398128344056891,0.0,0.0,0.06401,0.9992958349324981,1.0,378.18571378909377,300.0,378.3175802300013,300.0,0.776872427610895,0.0
5547,1692500460000.0,0.0,0.0,4592.0,0.06398128344056891,0.0,0.0,0.06417,0.9992958349324981,1.0,378.18571378909377,300.0,379.0523002300013,300.0,0.776872427610895,0.0
5548,1692504060000.0,0.0,0.0,4592.0,0.06398128344056891,0.0,0.0,0.06406,0.9992958349324981,1.0,378.18571378909377,300.0,378.54718023000135,300.0,0.776872427610895,0.0
5549,1692507660000.0,0.0,0.0,4592.0,0.06398128344056891,0.0,0.0,0.064,0.9992958349324981,1.0,378.18571378909377,300.0,378.2716602300013,300.0,0.776872427610895,0.0
5550,1692511260000.0,0.0,0.0,4592.0,0.06398128344056891,0.0,0.0,0.06398,0.9992958349324981,1.0,378.18571378909377,300.0,378.17982023000127,300.0,0.776872427610895,0.0
5551,1692514860000.0,0.0,0.0,4592.0,0.06398128344056891,0.0,0.0,0.06403,0.9992958349324981,1.0,378.18571378909377,300.0,378.40942023000133,300.0,0.776872427610895,0.0
5552,1692518460000.0,0.0,0.0,4592.0,0.06398128344056891,0.0,0.0,0.06412,0.9992958349324981,1.0,378.18571378909377,300.0,378.8227002300013,300.0,0.776872427610895,0.0
5553,1692522060000.0,0.0,0.0,4592.0,0.06398128344056891,0.0,0.0,0.06411,0.9992958349324981,1.0,378.18571378909377,300.0,378.7767802300013,300.0,0.776872427610895,0.0
5554,1692525660000.0,0.0,0.0,4592.0,0.06398128344056891,0.0,0.0,0.06418,0.9992958349324981,1.0,378.18571378909377,300.0,379.0982202300013,300.0,0.776872427610895,0.0
5555,1692529260000.0,0.0,0.0,4592.0,0.06398128344056891,0.0,0.0,0.0644,0.9992958349324981,1.0,378.18571378909377,300.0,380.1084602300013,300.0,0.776872427610895,0.0
5556,1692532860000.0,0.0,0.0,1971.0,0.06398128344056891,0.0,0.0,0.0642,0.9992958349324981,1.0,379.6778534513626,300.0,380.10894379000126,300.0,0.3321423899630108,0.0
5557,1692536460000.0,0.0,0.0,1971.0,0.06398128344056891,0.0,0.0,0.06419,0.9992958349324981,1.0,379.6778534513626,300.0,380.08923379000123,300.0,0.3321423899630108,0.0
5558,1692540060000.0,0.0,0.0,1971.0,0.06398128344056891,0.0,0.0,0.06408,0.9992958349324981,1.0,379.6778534513626,300.0,379.8724237900012,300.0,0.3321423899630108,0.0
5559,1692543660000.0,0.0,0.0,1971.0,0.06398128344056891,0.0,0.0,0.06376,0.9992958349324981,1.0,379.6778534513626,300.0,379.2417037900012,300.0,0.3321423899630108,0.0
5560,1692547260000.0,0.0,0.0,1971.0,0.06398128344056891,0.0,0.0,0.0637,0.9992958349324981,1.0,379.6778534513626,300.0,379.12344379000126,300.0,0.3321423899630108,0.0
5561,1692550860000.0,0.0,0.0,1971.0,0.06398128344056891,0.0,0.0,0.06365,0.9992958349324981,1.0,379.6778534513626,300.0,379.0248937900013,300.0,0.3321423899630108,0.0
5562,1692554460000.0,0.0,0.0,1971.0,0.06398128344056891,0.0,0.0,0.06385,0.9992958349324981,1.0,379.6778534513626,300.0,379.4190937900013,300.0,0.3321423899630108,0.0
5563,1692558060000.0,0.0,0.0,1971.0,0.06398128344056891,0.0,0.0,0.06371,0.9992958349324981,1.0,379.6778534513626,300.0,379.14315379000124,300.0,0.3321423899630108,0.0
5564,1692561660000.0,0.0,0.0,1971.0,0.06398128344056891,0.0,0.0,0.0638,0.9992958349324981,1.0,379.6778534513626,300.0,379.32054379000124,300.0,0.3321423899630108,0.0
5565,1692565260000.0,0.0,0.0,1971.0,0.06398128344056891,0.0,0.0,0.06404,0.9992958349324981,1.0,379.6778534513626,300.0,379.79358379000126,300.0,0.3321423899630108,0.0
5566,1692568860000.0,0.0,0.0,1971.0,0.06398128344056891,0.0,0.0,0.06373,0.9992958349324981,1.0,379.6778534513626,300.0,379.18257379000124,300.0,0.3321423899630108,0.0
5567,1692572460000.0,0.0,0.0,1971.0,0.06398128344056891,0.0,0.0,0.06378,0.9992958349324981,1.0,379.6778534513626,300.0,379.28112379000123,300.0,0.3321423899630108,0.0
5568,1692576060000.0,0.0,0.0,1971.0,0.06398128344056891,0.0,0.0,0.06376,0.9992958349324981,1.0,379.6778534513626,300.0,379.2417037900012,300.0,0.3321423899630108,0.0
5569,1692579660000.0,0.0,0.0,1971.0,0.06398128344056891,0.0,0.0,0.06378,0.9992958349324981,1.0,379.6778534513626,300.0,379.28112379000123,300.0,0.3321423899630108,0.0
5570,1692583260000.0,0.0,0.0,1971.0,0.06398128344056891,0.0,0.0,0.06402,0.9992958349324981,1.0,379.6778534513626,300.0,379.75416379000126,300.0,0.3321423899630108,0.0
5571,1692586860000.0,0.0,0.0,1971.0,0.06398128344056891,0.0,0.0,0.06391,0.9992958349324981,1.0,379.6778534513626,300.0,379.53735379000125,300.0,0.3321423899630108,0.0
5572,1692590460000.0,0.0,0.0,1971.0,0.06398128344056891,0.0,0.0,0.06368,0.9992958349324981,1.0,379.6778534513626,300.0,379.08402379000125,300.0,0.3321423899630108,0.0
5573,1692594060000.0,0.0,0.0,1971.0,0.06398128344056891,0.0,0.0,0.06342,0.9992958349324981,1.0,379.6778534513626,300.0,378.5715637900013,300.0,0.3321423899630108,0.0
5574,1692597660000.0,0.0,0.0,1971.0,0.06398128344056891,0.0,0.0,0.06365,0.9992958349324981,1.0,379.6778534513626,300.0,379.0248937900013,300.0,0.3321423899630108,0.0
5575,1692601260000.0,0.0,0.0,1971.0,0.06398128344056891,0.0,0.0,0.06326,0.9992958349324981,1.0,379.6778534513626,300.0,378.2562037900012,300.0,0.3321423899630108,0.0
5576,1692604860000.0,0.0,0.0,1971.0,0.06398128344056891,0.0,0.0,0.06315,0.9992958349324981,1.0,379.6778534513626,300.0,378.03939379000127,300.0,0.3321423899630108,0.0
5577,1692608460000.0,0.0,0.0,1971.0,0.06398128344056891,0.0,0.0,0.0631,0.9992958349324981,1.0,379.6778534513626,300.0,377.9408437900013,300.0,0.3321423899630108,0.0
5578,1692612060000.0,0.0,0.0,1971.0,0.06398128344056891,0.0,0.0,0.06302,0.9992958349324981,1.0,379.6778534513626,300.0,377.78316379000125,300.0,0.3321423899630108,0.0
5579,1692615660000.0,0.0,0.0,1971.0,0.06398128344056891,0.0,0.0,0.06233,0.9992958349324981,1.0,379.6778534513626,300.0,376.4231737900013,300.0,0.3321423899630108,0.0
5580,1692619260000.0,0.0,0.0,1971.0,0.06398128344056891,0.0,0.0,0.06285,0.9992958349324981,1.0,379.6778534513626,300.0,377.4480937900013,300.0,0.3321423899630108,0.0
5581,1692622860000.0,0.0,0.0,1971.0,0.06398128344056891,0.0,0.0,0.06249,0.9992958349324981,1.0,379.6778534513626,300.0,376.73853379000127,300.0,0.3321423899630108,0.0
5582,1692626460000.0,0.0,0.0,1971.0,0.06398128344056891,0.0,0.0,0.06272,0.9992958349324981,1.0,379.6778534513626,300.0,377.19186379000126,300.0,0.3321423899630108,0.0
5583,1692630060000.0,0.0,0.0,1971.0,0.06398128344056891,0.0,0.0,0.06272,0.9992958349324981,1.0,379.6778534513626,300.0,377.19186379000126,300.0,0.3321423899630108,0.0
5584,1692633660000.0,0.0,0.0,1971.0,0.06398128344056891,0.0,0.0,0.06169,0.9992958349324981,1.0,379.6778534513626,300.0,375.1617337900013,300.0,0.3321423899630108,0.0
5585,1692637260000.0,0.0,0.0,1971.0,0.06398128344056891,0.0,0.0,0.06154,0.9992958349324981,1.0,379.6778534513626,300.0,374.86608379000126,300.0,0.3321423899630108,0.0
5586,1692640860000.0,0.0,0.0,1971.0,0.06398128344056891,0.0,0.0,0.06199,0.9992958349324981,1.0,379.6778534513626,300.0,375.75303379000127,300.0,0.3321423899630108,0.0
5587,1692644460000.0,0.0,0.0,1971.0,0.06398128344056891,0.0,0.0,0.06227,0.9992958349324981,1.0,379.6778534513626,300.0,376.30491379000125,300.0,0.3321423899630108,0.0
5588,1692648060000.0,0.0,0.0,1971.0,0.06398128344056891,0.0,0.0,0.06276,0.9992958349324981,1.0,379.6778534513626,300.0,377.2707037900012,300.0,0.3321423899630108,0.0
5589,1692651660000.0,0.0,0.0,1971.0,0.06398128344056891,0.0,0.0,0.06271,0.9992958349324981,1.0,379.6778534513626,300.0,377.17215379000123,300.0,0.3321423899630108,0.0
5590,1692655260000.0,0.0,0.0,1971.0,0.06398128344056891,0.0,0.0,0.06267,0.9992958349324981,1.0,379.6778534513626,300.0,377.0933137900013,300.0,0.3321423899630108,0.0
5591,1692658860000.0,0.0,0.0,1971.0,0.06398128344056891,0.0,0.0,0.06245,0.9992958349324981,1.0,379.6778534513626,300.0,376.65969379000126,300.0,0.3321423899630108,0.0
5592,1692662460000.0,0.0,0.0,1971.0,0.06398128344056891,0.0,0.0,0.0626,0.9992958349324981,1.0,379.6778534513626,300.0,376.9553437900013,300.0,0.3321423899630108,0.0
5593,1692666060000.0,0.0,0.0,1971.0,0.06398128344056891,0.0,0.0,0.06272,0.9992958349324981,1.0,379.6778534513626,300.0,377.19186379000126,300.0,0.3321423899630108,0.0
5594,1692669660000.0,0.0,0.0,1971.0,0.06398128344056891,0.0,0.0,0.06261,0.9992958349324981,1.0,379.6778534513626,300.0,376.97505379000125,300.0,0.3321423899630108,0.0
5595,1692673260000.0,0.0,0.0,1971.0,0.06398128344056891,0.0,0.0,0.06266,0.9992958349324981,1.0,379.6778534513626,300.0,377.07360379000124,300.0,0.3321423899630108,0.0
5596,1692676860000.0,0.0,0.0,1971.0,0.06398128344056891,0.0,0.0,0.06261,0.9992958349324981,1.0,379.6778534513626,300.0,376.97505379000125,300.0,0.3321423899630108,0.0
5597,1692680460000.0,0.0,0.0,1971.0,0.06398128344056891,0.0,0.0,0.06249,0.9992958349324981,1.0,379.6778534513626,300.0,376.73853379000127,300.0,0.3321423899630108,0.0
5598,1692684060000.0,0.0,0.0,1971.0,0.06398128344056891,0.0,0.0,0.06276,0.9992958349324981,1.0,379.6778534513626,300.0,377.2707037900012,300.0,0.3321423899630108,0.0
5599,1692687660000.0,0.0,0.0,1971.0,0.06398128344056891,0.0,0.0,0.06319,0.9992958349324981,1.0,379.6778534513626,300.0,378.1182337900012,300.0,0.3321423899630108,0.0
5600,1692691260000.0,0.0,0.0,1971.0,0.06398128344056891,0.0,0.0,0.06304,0.9992958349324981,1.0,379.6778534513626,300.0,377.82258379000126,300.0,0.3321423899630108,0.0
5601,1692694860000.0,0.0,0.0,1971.0,0.06398128344056891,0.0,0.0,0.06287,0.9992958349324981,1.0,379.6778534513626,300.0,377.48751379000123,300.0,0.3321423899630108,0.0
5602,1692698460000.0,0.0,0.0,1971.0,0.06398128344056891,0.0,0.0,0.06282,0.9992958349324981,1.0,379.6778534513626,300.0,377.38896379000124,300.0,0.3321423899630108,0.0
5603,1692702060000.0,0.0,0.0,1971.0,0.06398128344056891,0.0,0.0,0.063,0.9992958349324981,1.0,379.6778534513626,300.0,377.74374379000125,300.0,0.3321423899630108,0.0
5604,1692705660000.0,0.0,0.0,1971.0,0.06398128344056891,0.0,0.0,0.06294,0.9992958349324981,1.0,379.6778534513626,300.0,377.6254837900012,300.0,0.3321423899630108,0.0
5605,1692709260000.0,0.0,0.0,1971.0,0.06398128344056891,0.0,0.0,0.063,0.9992958349324981,1.0,379.6778534513626,300.0,377.74374379000125,300.0,0.3321423899630108,0.0
5606,1692712860000.0,0.0,0.0,1971.0,0.06398128344056891,0.0,0.0,0.06267,0.9992958349324981,1.0,379.6778534513626,300.0,377.0933137900013,300.0,0.3321423899630108,0.0
5607,1692716460000.0,0.0,0.0,1971.0,0.06398128344056891,0.0,0.0,0.06246,0.9992958349324981,1.0,379.6778534513626,300.0,376.67940379000123,300.0,0.3321423899630108,0.0
5608,1692720060000.0,0.0,0.0,1971.0,0.06398128344056891,0.0,0.0,0.06238,0.9992958349324981,1.0,379.6778534513626,300.0,376.52172379000126,300.0,0.3321423899630108,0.0
5609,1692723660000.0,0.0,0.0,1971.0,0.06398128344056891,0.0,0.0,0.06214,0.9992958349324981,1.0,379.6778534513626,300.0,376.04868379000123,300.0,0.3321423899630108,0.0
5610,1692727260000.0,0.0,0.0,1971.0,0.06398128344056891,0.0,0.0,0.06123,0.9992958349324981,1.0,379.6778534513626,300.0,374.25507379000123,300.0,0.3321423899630108,0.0
5611,1692730860000.0,0.0,0.0,1971.0,0.06398128344056891,0.0,0.0,0.06193,0.9992958349324981,1.0,379.6778534513626,300.0,375.63477379000125,300.0,0.3321423899630108,0.0
5612,1692734460000.0,0.0,0.0,1971.0,0.06398128344056891,0.0,0.0,0.06187,0.9992958349324981,1.0,379.6778534513626,300.0,375.5165137900012,300.0,0.3321423899630108,0.0
5613,1692738060000.0,0.0,0.0,1971.0,0.06398128344056891,0.0,0.0,0.06208,0.9992958349324981,1.0,379.6778534513626,300.0,375.93042379000127,300.0,0.3321423899630108,0.0
5614,1692741660000.0,4.431344727017649e-05,0.0,6173.0,0.06150944591954663,0.0,0.0,0.06142,0.9992712802619605,1.0,379.42426275136256,300.0,378.8721130900012,300.0,1.0007209526033343,0.0
5615,1692745260000.0,0.0,0.0,0.0,0.06150944591954663,0.0,0.0,0.06236,0.9992712802619605,1.0,382.94112482000133,300.0,382.94112482000133,300.0,0.0,0.0
5616,1692748860000.0,0.0,0.0,0.0,0.06150944591954663,0.0,0.0,0.06248,0.9992712802619605,1.0,382.94112482000133,300.0,382.94112482000133,300.0,0.0,0.0
5617,1692752460000.0,0.0,0.0,0.0,0.06150944591954663,0.0,0.0,0.06287,0.9992712802619605,1.0,382.94112482000133,300.0,382.94112482000133,300.0,0.0,0.0
5618,1692756060000.0,0.0,0.0,0.0,0.06150944591954663,0.0,0.0,0.06282,0.9992712802619605,1.0,382.94112482000133,300.0,382.94112482000133,300.0,0.0,0.0
5619,1692759660000.0,0.0,0.0,0.0,0.06150944591954663,0.0,0.0,0.06292,0.9992712802619605,1.0,382.94112482000133,300.0,382.94112482000133,300.0,0.0,0.0
5620,1692763260000.0,0.0,0.0,0.0,0.06150944591954663,0.0,0.0,0.06249,0.9992712802619605,1.0,382.94112482000133,300.0,382.94112482000133,300.0,0.0,0.0
5621,1692766860000.0,0.0,0.0,0.0,0.06150944591954663,0.0,0.0,0.06272,0.9992712802619605,1.0,382.94112482000133,300.0,382.94112482000133,300.0,0.0,0.0
5622,1692770460000.0,0.0,0.0,0.0,0.06150944591954663,0.0,0.0,0.06287,0.9992712802619605,1.0,382.94112482000133,300.0,382.94112482000133,300.0,0.0,0.0
5623,1692774060000.0,0.0,0.0,0.0,0.06150944591954663,0.0,0.0,0.06291,0.9992712802619605,1.0,382.94112482000133,300.0,382.94112482000133,300.0,0.0,0.0
5624,1692777660000.0,0.0,0.0,0.0,0.06150944591954663,0.0,0.0,0.06364,0.9992712802619605,1.0,382.94112482000133,300.0,382.94112482000133,300.0,0.0,0.0
5625,1692781260000.0,0.0,0.0,0.0,0.06150944591954663,0.0,0.0,0.0635,0.9992712802619605,1.0,382.94112482000133,300.0,382.94112482000133,300.0,0.0,0.0
5626,1692784860000.0,0.0,0.0,0.0,0.06150944591954663,0.0,0.0,0.06344,0.9992712802619605,1.0,382.94112482000133,300.0,382.94112482000133,300.0,0.0,0.0
5627,1692788460000.0,0.0,0.0,0.0,0.06150944591954663,0.0,0.0,0.06335,0.9992712802619605,1.0,382.94112482000133,300.0,382.94112482000133,300.0,0.0,0.0
5628,1692792060000.0,0.0,0.0,0.0,0.06150944591954663,0.0,0.0,0.06335,0.9992712802619605,1.0,382.94112482000133,300.0,382.94112482000133,300.0,0.0,0.0
5629,1692795660000.0,0.0,0.0,0.0,0.06150944591954663,0.0,0.0,0.06304,0.9992712802619605,1.0,382.94112482000133,300.0,382.94112482000133,300.0,0.0,0.0
5630,1692799260000.0,0.0,0.0,0.0,0.06150944591954663,0.0,0.0,0.06348,0.9992712802619605,1.0,382.94112482000133,300.0,382.94112482000133,300.0,0.0,0.0
5631,1692802860000.0,0.0,0.0,0.0,0.06150944591954663,0.0,0.0,0.06362,0.9992712802619605,1.0,382.94112482000133,300.0,382.94112482000133,300.0,0.0,0.0
5632,1692806460000.0,0.0,0.0,0.0,0.06150944591954663,0.0,0.0,0.06385,0.9992712802619605,1.0,382.94112482000133,300.0,382.94112482000133,300.0,0.0,0.0
5633,1692810060000.0,0.0,0.0,0.0,0.06150944591954663,0.0,0.0,0.06418,0.9992712802619605,1.0,382.94112482000133,300.0,382.94112482000133,300.0,0.0,0.0
5634,1692813660000.0,0.0,0.0,0.0,0.06150944591954663,0.0,0.0,0.06398,0.9992712802619605,1.0,382.94112482000133,300.0,382.94112482000133,300.0,0.0,0.0
5635,1692817260000.0,0.0,0.0,0.0,0.06150944591954663,0.0,0.0,0.06391,0.9992712802619605,1.0,382.94112482000133,300.0,382.94112482000133,300.0,0.0,0.0
5636,1692820860000.0,0.0,0.0,0.0,0.06150944591954663,0.0,0.0,0.0641,0.9992712802619605,1.0,382.94112482000133,300.0,382.94112482000133,300.0,0.0,0.0
5637,1692824460000.0,0.0,0.0,0.0,0.06150944591954663,0.0,0.0,0.06394,0.9992712802619605,1.0,382.94112482000133,300.0,382.94112482000133,300.0,0.0,0.0
5638,1692828060000.0,0.0,0.0,0.0,0.06150944591954663,0.0,0.0,0.06352,0.9992712802619605,1.0,382.94112482000133,300.0,382.94112482000133,300.0,0.0,0.0
5639,1692831660000.0,0.0,0.0,0.0,0.06150944591954663,0.0,0.0,0.06361,0.9992712802619605,1.0,382.94112482000133,300.0,382.94112482000133,300.0,0.0,0.0
5640,1692835260000.0,0.0,0.0,0.0,0.06150944591954663,0.0,0.0,0.06379,0.9992712802619605,1.0,382.94112482000133,300.0,382.94112482000133,300.0,0.0,0.0
5641,1692838860000.0,0.0,0.0,0.0,0.06150944591954663,0.0,0.0,0.0639,0.9992712802619605,1.0,382.94112482000133,300.0,382.94112482000133,300.0,0.0,0.0
5642,1692842460000.0,0.0,0.0,0.0,0.06150944591954663,0.0,0.0,0.06371,0.9992712802619605,1.0,382.94112482000133,300.0,382.94112482000133,300.0,0.0,0.0
5643,1692846060000.0,0.0,0.0,0.0,0.06150944591954663,0.0,0.0,0.06374,0.9992712802619605,1.0,382.94112482000133,300.0,382.94112482000133,300.0,0.0,0.0
5644,1692849660000.0,0.0,0.0,0.0,0.06150944591954663,0.0,0.0,0.06388,0.9992712802619605,1.0,382.94112482000133,300.0,382.94112482000133,300.0,0.0,0.0
5645,1692853260000.0,0.0,0.0,0.0,0.06150944591954663,0.0,0.0,0.064,0.9992712802619605,1.0,382.94112482000133,300.0,382.94112482000133,300.0,0.0,0.0
5646,1692856860000.0,0.0,0.0,0.0,0.06150944591954663,0.0,0.0,0.06373,0.9992712802619605,1.0,382.94112482000133,300.0,382.94112482000133,300.0,0.0,0.0
5647,1692860460000.0,0.0,0.0,0.0,0.06150944591954663,0.0,0.0,0.06383,0.9992712802619605,1.0,382.94112482000133,300.0,382.94112482000133,300.0,0.0,0.0
5648,1692864060000.0,0.0,0.0,0.0,0.06150944591954663,0.0,0.0,0.06379,0.9992712802619605,1.0,382.94112482000133,300.0,382.94112482000133,300.0,0.0,0.0
5649,1692867660000.0,0.0,0.0,0.0,0.06150944591954663,0.0,0.0,0.06365,0.9992712802619605,1.0,382.94112482000133,300.0,382.94112482000133,300.0,0.0,0.0
5650,1692871260000.0,0.0,0.0,302.0,0.06344,0.0,0.0,0.06345,0.9992712802619605,1.0,382.9219659400013,300.0,382.9249859400013,300.0,0.050033379393549696,0.0
5651,1692874860000.0,0.0,0.0,302.0,0.06344,0.0,0.0,0.06353,0.9992712802619605,1.0,382.9219659400013,300.0,382.9491459400013,300.0,0.050033379393549696,0.0
5652,1692878460000.0,0.0,0.0,302.0,0.06344,0.0,0.0,0.06341,0.9992712802619605,1.0,382.9219659400013,300.0,382.91290594000134,300.0,0.050033379393549696,0.0
5653,1692882060000.0,0.0,0.0,302.0,0.06344,0.0,0.0,0.0635,0.9992712802619605,1.0,382.9219659400013,300.0,382.9400859400013,300.0,0.050033379393549696,0.0
5654,1692885660000.0,0.0,0.0,302.0,0.06344,0.0,0.0,0.06319,0.9992712802619605,1.0,382.9219659400013,300.0,382.84646594000134,300.0,0.050033379393549696,0.0
5655,1692889260000.0,0.0,0.0,302.0,0.06344,0.0,0.0,0.06269,0.9992712802619605,1.0,382.9219659400013,300.0,382.6954659400013,300.0,0.050033379393549696,0.0
5656,1692892860000.0,0.0,0.0,302.0,0.06344,0.0,0.0,0.06256,0.9992712802619605,1.0,382.9219659400013,300.0,382.6562059400013,300.0,0.050033379393549696,0.0
5657,1692896460000.0,0.0,0.0,302.0,0.06344,0.0,0.0,0.06286,0.9992712802619605,1.0,382.9219659400013,300.0,382.7468059400013,300.0,0.050033379393549696,0.0
5658,1692900060000.0,0.0,0.0,302.0,0.06344,0.0,0.0,0.06286,0.9992712802619605,1.0,382.9219659400013,300.0,382.7468059400013,300.0,0.050033379393549696,0.0
5659,1692903660000.0,0.0,0.0,302.0,0.06344,0.0,0.0,0.06274,0.9992712802619605,1.0,382.9219659400013,300.0,382.7105659400013,300.0,0.050033379393549696,0.0
5660,1692907260000.0,0.0,0.0,302.0,0.06344,0.0,0.0,0.06267,0.9992712802619605,1.0,382.9219659400013,300.0,382.68942594000134,300.0,0.050033379393549696,0.0
5661,1692910860000.0,0.0,0.0,302.0,0.06344,0.0,0.0,0.06239,0.9992712802619605,1.0,382.9219659400013,300.0,382.60486594000133,300.0,0.050033379393549696,0.0
5662,1692914460000.0,0.0,0.0,302.0,0.06344,0.0,0.0,0.06275,0.9992712802619605,1.0,382.9219659400013,300.0,382.71358594000134,300.0,0.050033379393549696,0.0
5663,1692918060000.0,0.0,0.0,302.0,0.06344,0.0,0.0,0.06289,0.9992712802619605,1.0,382.9219659400013,300.0,382.75586594000134,300.0,0.050033379393549696,0.0
5664,1692921660000.0,0.0,0.0,302.0,0.06344,0.0,0.0,0.06305,0.9992712802619605,1.0,382.9219659400013,300.0,382.80418594000133,300.0,0.050033379393549696,0.0
5665,1692925260000.0,0.0,0.0,302.0,0.06344,0.0,0.0,0.06278,0.9992712802619605,1.0,382.9219659400013,300.0,382.7226459400013,300.0,0.050033379393549696,0.0
5666,1692928860000.0,0.0,0.0,302.0,0.06344,0.0,0.0,0.06293,0.9992712802619605,1.0,382.9219659400013,300.0,382.7679459400013,300.0,0.050033379393549696,0.0
5667,1692932460000.0,0.0,0.0,302.0,0.06344,0.0,0.0,0.0627,0.9992712802619605,1.0,382.9219659400013,300.0,382.6984859400013,300.0,0.050033379393549696,0.0
5668,1692936060000.0,0.0,0.0,302.0,0.06344,0.0,0.0,0.06242,0.9992712802619605,1.0,382.9219659400013,300.0,382.6139259400013,300.0,0.050033379393549696,0.0
5669,1692939660000.0,0.0,0.0,302.0,0.06344,0.0,0.0,0.06195,0.9992712802619605,1.0,382.9219659400013,300.0,382.47198594000133,300.0,0.050033379393549696,0.0
5670,1692943260000.0,0.0,0.0,302.0,0.06344,0.0,0.0,0.06232,0.9992712802619605,1.0,382.9219659400013,300.0,382.58372594000133,300.0,0.050033379393549696,0.0
5671,1692946860000.0,0.0,0.0,302.0,0.06344,0.0,0.0,0.06223,0.9992712802619605,1.0,382.9219659400013,300.0,382.55654594000134,300.0,0.050033379393549696,0.0
5672,1692950460000.0,0.0,0.0,302.0,0.06344,0.0,0.0,0.06219,0.9992712802619605,1.0,382.9219659400013,300.0,382.5444659400013,300.0,0.050033379393549696,0.0
5673,1692954060000.0,0.0,0.0,302.0,0.06344,0.0,0.0,0.06219,0.9992712802619605,1.0,382.9219659400013,300.0,382.5444659400013,300.0,0.050033379393549696,0.0
5674,1692957660000.0,0.0,0.0,302.0,0.06344,0.0,0.0,0.06229,0.9992712802619605,1.0,382.9219659400013,300.0,382.5746659400013,300.0,0.050033379393549696,0.0
5675,1692961260000.0,0.0,0.0,302.0,0.06344,0.0,0.0,0.06228,0.9992712802619605,1.0,382.9219659400013,300.0,382.5716459400013,300.0,0.050033379393549696,0.0
5676,1692964860000.0,0.0,0.0,302.0,0.06344,0.0,0.0,0.06234,0.9992712802619605,1.0,382.9219659400013,300.0,382.5897659400013,300.0,0.050033379393549696,0.0
5677,1692968460000.0,0.0,0.0,302.0,0.06344,0.0,0.0,0.06241,0.9992712802619605,1.0,382.9219659400013,300.0,382.6109059400013,300.0,0.050033379393549696,0.0
5678,1692972060000.0,0.0,0.0,302.0,0.06344,0.0,0.0,0.06223,0.9992712802619605,1.0,382.9219659400013,300.0,382.55654594000134,300.0,0.050033379393549696,0.0
5679,1692975660000.0,0.0,0.0,302.0,0.06344,0.0,0.0,0.06184,0.9992712802619605,1.0,382.9219659400013,300.0,382.4387659400013,300.0,0.050033379393549696,0.0
5680,1692979260000.0,0.0,0.0,302.0,0.06344,0.0,0.0,0.06238,0.9992712802619605,1.0,382.9219659400013,300.0,382.60184594000134,300.0,0.050033379393549696,0.0
5681,1692982860000.0,0.0,0.0,302.0,0.06344,0.0,0.0,0.06229,0.9992712802619605,1.0,382.9219659400013,300.0,382.5746659400013,300.0,0.050033379393549696,0.0
5682,1692986460000.0,0.0,0.0,302.0,0.06344,0.0,0.0,0.0624,0.9992712802619605,1.0,382.9219659400013,300.0,382.6078859400013,300.0,0.050033379393549696,0.0
5683,1692990060000.0,0.0,0.0,302.0,0.06344,0.0,0.0,0.06278,0.9992712802619605,1.0,382.9219659400013,300.0,382.7226459400013,300.0,0.050033379393549696,0.0
5684,1692993660000.0,0.0,0.0,302.0,0.06344,0.0,0.0,0.06262,0.9992712802619605,1.0,382.9219659400013,300.0,382.6743259400013,300.0,0.050033379393549696,0.0
5685,1692997260000.0,0.0,0.0,302.0,0.06344,0.0,0.0,0.06282,0.9992712802619605,1.0,382.9219659400013,300.0,382.73472594000134,300.0,0.050033379393549696,0.0
5686,1693000860000.0,0.0,0.0,302.0,0.06344,0.0,0.0,0.06305,0.9992712802619605,1.0,382.9219659400013,300.0,382.80418594000133,300.0,0.050033379393549696,0.0
5687,1693004460000.0,0.0,0.0,302.0,0.06344,0.0,0.0,0.06303,0.9992712802619605,1.0,382.9219659400013,300.0,382.7981459400013,300.0,0.050033379393549696,0.0
5688,1693008060000.0,0.0,0.0,302.0,0.06344,0.0,0.0,0.06311,0.9992712802619605,1.0,382.9219659400013,300.0,382.82230594000134,300.0,0.050033379393549696,0.0
5689,1693011660000.0,0.0,0.0,302.0,0.06344,0.0,0.0,0.06295,0.9992712802619605,1.0,382.9219659400013,300.0,382.7739859400013,300.0,0.050033379393549696,0.0
5690,1693015260000.0,0.0,0.0,302.0,0.06344,0.0,0.0,0.06299,0.9992712802619605,1.0,382.9219659400013,300.0,382.7860659400013,300.0,0.050033379393549696,0.0
5691,1693018860000.0,0.0,0.0,302.0,0.06344,0.0,0.0,0.06317,0.9992712802619605,1.0,382.9219659400013,300.0,382.8404259400013,300.0,0.050033379393549696,0.0
5692,1693022460000.0,0.0,0.0,302.0,0.06344,0.0,0.0,0.0632,0.9992712802619605,1.0,382.9219659400013,300.0,382.84948594000133,300.0,0.050033379393549696,0.0
5693,1693026060000.0,0.0,0.0,302.0,0.06344,0.0,0.0,0.06326,0.9992712802619605,1.0,382.9219659400013,300.0,382.86760594000134,300.0,0.050033379393549696,0.0
5694,1693029660000.0,0.0,0.0,302.0,0.06344,0.0,0.0,0.06312,0.9992712802619605,1.0,382.9219659400013,300.0,382.82532594000133,300.0,0.050033379393549696,0.0
5695,1693033260000.0,0.0,0.0,302.0,0.06344,0.0,0.0,0.06336,0.9992712802619605,1.0,382.9219659400013,300.0,382.8978059400013,300.0,0.050033379393549696,0.0
5696,1693036860000.0,0.0,0.0,302.0,0.06344,0.0,0.0,0.0632,0.9992712802619605,1.0,382.9219659400013,300.0,382.84948594000133,300.0,0.050033379393549696,0.0
5697,1693040460000.0,0.0,0.0,302.0,0.06344,0.0,0.0,0.06306,0.9992712802619605,1.0,382.9219659400013,300.0,382.8072059400013,300.0,0.050033379393549696,0.0
5698,1693044060000.0,0.0,0.0,302.0,0.06344,0.0,0.0,0.06287,0.9992712802619605,1.0,382.9219659400013,300.0,382.7498259400013,300.0,0.050033379393549696,0.0
5699,1693047660000.0,0.0,0.0,302.0,0.06344,0.0,0.0,0.06295,0.9992712802619605,1.0,382.9219659400013,300.0,382.7739859400013,300.0,0.050033379393549696,0.0
5700,1693051260000.0,0.0,0.0,302.0,0.06344,0.0,0.0,0.06288,0.9992712802619605,1.0,382.9219659400013,300.0,382.7528459400013,300.0,0.050033379393549696,0.0
5701,1693054860000.0,0.0,0.0,302.0,0.06344,0.0,0.0,0.06284,0.9992712802619605,1.0,382.9219659400013,300.0,382.7407659400013,300.0,0.050033379393549696,0.0
5702,1693058460000.0,0.0,0.0,302.0,0.06344,0.0,0.0,0.06288,0.9992712802619605,1.0,382.9219659400013,300.0,382.7528459400013,300.0,0.050033379393549696,0.0
5703,1693062060000.0,0.0,0.0,302.0,0.06344,0.0,0.0,0.06303,0.9992712802619605,1.0,382.9219659400013,300.0,382.7981459400013,300.0,0.050033379393549696,0.0
5704,1693065660000.0,0.0,0.0,302.0,0.06344,0.0,0.0,0.06296,0.9992712802619605,1.0,382.9219659400013,300.0,382.7770059400013,300.0,0.050033379393549696,0.0
5705,1693069260000.0,0.0,0.0,302.0,0.06344,0.0,0.0,0.06274,0.9992712802619605,1.0,382.9219659400013,300.0,382.7105659400013,300.0,0.050033379393549696,0.0
5706,1693072860000.0,0.0,0.0,302.0,0.06344,0.0,0.0,0.06285,0.9992712802619605,1.0,382.9219659400013,300.0,382.7437859400013,300.0,0.050033379393549696,0.0
5707,1693076460000.0,0.0,0.0,302.0,0.06344,0.0,0.0,0.06284,0.9992712802619605,1.0,382.9219659400013,300.0,382.7407659400013,300.0,0.050033379393549696,0.0
5708,1693080060000.0,0.0,0.0,302.0,0.06344,0.0,0.0,0.06289,0.9992712802619605,1.0,382.9219659400013,300.0,382.75586594000134,300.0,0.050033379393549696,0.0
5709,1693083660000.0,0.0,0.0,302.0,0.06344,0.0,0.0,0.06283,0.9992712802619605,1.0,382.9219659400013,300.0,382.73774594000133,300.0,0.050033379393549696,0.0
5710,1693087260000.0,0.0,0.0,302.0,0.06344,0.0,0.0,0.06299,0.9992712802619605,1.0,382.9219659400013,300.0,382.7860659400013,300.0,0.050033379393549696,0.0
5711,1693090860000.0,0.0,0.0,302.0,0.06344,0.0,0.0,0.06292,0.9992712802619605,1.0,382.9219659400013,300.0,382.7649259400013,300.0,0.050033379393549696,0.0
5712,1693094460000.0,0.0,0.0,302.0,0.06344,0.0,0.0,0.06285,0.9992712802619605,1.0,382.9219659400013,300.0,382.7437859400013,300.0,0.050033379393549696,0.0
5713,1693098060000.0,0.0,0.0,302.0,0.06344,0.0,0.0,0.06274,0.9992712802619605,1.0,382.9219659400013,300.0,382.7105659400013,300.0,0.050033379393549696,0.0
5714,1693101660000.0,0.0,0.0,302.0,0.06344,0.0,0.0,0.0629,0.9992712802619605,1.0,382.9219659400013,300.0,382.75888594000133,300.0,0.050033379393549696,0.0
5715,1693105260000.0,0.0,0.0,302.0,0.06344,0.0,0.0,0.06278,0.9992712802619605,1.0,382.9219659400013,300.0,382.7226459400013,300.0,0.050033379393549696,0.0
5716,1693108860000.0,0.0,0.0,302.0,0.06344,0.0,0.0,0.06285,0.9992712802619605,1.0,382.9219659400013,300.0,382.7437859400013,300.0,0.050033379393549696,0.0
5717,1693112460000.0,0.0,0.0,302.0,0.06344,0.0,0.0,0.06303,0.9992712802619605,1.0,382.9219659400013,300.0,382.7981459400013,300.0,0.050033379393549696,0.0
5718,1693116060000.0,0.0,0.0,302.0,0.06344,0.0,0.0,0.06312,0.9992712802619605,1.0,382.9219659400013,300.0,382.82532594000133,300.0,0.050033379393549696,0.0
5719,1693119660000.0,0.0,0.0,302.0,0.06344,0.0,0.0,0.06315,0.9992712802619605,1.0,382.9219659400013,300.0,382.8343859400013,300.0,0.050033379393549696,0.0
5720,1693123260000.0,0.0,0.0,302.0,0.06344,0.0,0.0,0.06333,0.9992712802619605,1.0,382.9219659400013,300.0,382.88874594000134,300.0,0.050033379393549696,0.0
5721,1693126860000.0,0.0,0.0,302.0,0.06344,0.0,0.0,0.06342,0.9992712802619605,1.0,382.9219659400013,300.0,382.91592594000133,300.0,0.050033379393549696,0.0
5722,1693130460000.0,0.0,0.0,302.0,0.06344,0.0,0.0,0.06341,0.9992712802619605,1.0,382.9219659400013,300.0,382.91290594000134,300.0,0.050033379393549696,0.0
5723,1693134060000.0,0.0,0.0,302.0,0.06344,0.0,0.0,0.06328,0.9992712802619605,1.0,382.9219659400013,300.0,382.8736459400013,300.0,0.050033379393549696,0.0
5724,1693137660000.0,0.0,0.0,302.0,0.06344,0.0,0.0,0.06311,0.9992712802619605,1.0,382.9219659400013,300.0,382.82230594000134,300.0,0.050033379393549696,0.0
5725,1693141260000.0,0.0,0.0,302.0,0.06344,0.0,0.0,0.06316,0.9992712802619605,1.0,382.9219659400013,300.0,382.8374059400013,300.0,0.050033379393549696,0.0
5726,1693144860000.0,0.0,0.0,302.0,0.06344,0.0,0.0,0.06319,0.9992712802619605,1.0,382.9219659400013,300.0,382.84646594000134,300.0,0.050033379393549696,0.0
5727,1693148460000.0,0.0,0.0,302.0,0.06344,0.0,0.0,0.06349,0.9992712802619605,1.0,382.9219659400013,300.0,382.93706594000133,300.0,0.050033379393549696,0.0
5728,1693152060000.0,0.0,0.0,302.0,0.06344,0.0,0.0,0.06319,0.9992712802619605,1.0,382.9219659400013,300.0,382.84646594000134,300.0,0.050033379393549696,0.0
5729,1693155660000.0,0.0,0.0,302.0,0.06344,0.0,0.0,0.06332,0.9992712802619605,1.0,382.9219659400013,300.0,382.8857259400013,300.0,0.050033379393549696,0.0
5730,1693159260000.0,0.0,0.0,302.0,0.06344,0.0,0.0,0.0628,0.9992712802619605,1.0,382.9219659400013,300.0,382.7286859400013,300.0,0.050033379393549696,0.0
5731,1693162860000.0,0.0,0.0,302.0,0.06344,0.0,0.0,0.06313,0.9992712802619605,1.0,382.9219659400013,300.0,382.8283459400013,300.0,0.050033379393549696,0.0
5732,1693166460000.0,0.0,0.0,302.0,0.06344,0.0,0.0,0.06299,0.9992712802619605,1.0,382.9219659400013,300.0,382.7860659400013,300.0,0.050033379393549696,0.0
5733,1693170060000.0,0.0,0.0,302.0,0.06344,0.0,0.0,0.063,0.9992712802619605,1.0,382.9219659400013,300.0,382.7890859400013,300.0,0.050033379393549696,0.0
5734,1693173660000.0,0.0,0.0,302.0,0.06344,0.0,0.0,0.06297,0.9992712802619605,1.0,382.9219659400013,300.0,382.78002594000134,300.0,0.050033379393549696,0.0
5735,1693177260000.0,0.0,0.0,302.0,0.06344,0.0,0.0,0.06317,0.9992712802619605,1.0,382.9219659400013,300.0,382.8404259400013,300.0,0.050033379393549696,0.0
5736,1693180860000.0,0.0,0.0,302.0,0.06344,0.0,0.0,0.06313,0.9992712802619605,1.0,382.9219659400013,300.0,382.8283459400013,300.0,0.050033379393549696,0.0
5737,1693184460000.0,0.0,0.0,302.0,0.06344,0.0,0.0,0.06266,0.9992712802619605,1.0,382.9219659400013,300.0,382.6864059400013,300.0,0.050033379393549696,0.0
5738,1693188060000.0,0.0,0.0,302.0,0.06344,0.0,0.0,0.06264,0.9992712802619605,1.0,382.9219659400013,300.0,382.6803659400013,300.0,0.050033379393549696,0.0
5739,1693191660000.0,0.0,0.0,302.0,0.06344,0.0,0.0,0.06255,0.9992712802619605,1.0,382.9219659400013,300.0,382.6531859400013,300.0,0.050033379393549696,0.0
5740,1693195260000.0,0.0,0.0,302.0,0.06344,0.0,0.0,0.06255,0.9992712802619605,1.0,382.9219659400013,300.0,382.6531859400013,300.0,0.050033379393549696,0.0
5741,1693198860000.0,0.0,0.0,302.0,0.06344,0.0,0.0,0.06256,0.9992712802619605,1.0,382.9219659400013,300.0,382.6562059400013,300.0,0.050033379393549696,0.0
5742,1693202460000.0,0.0,0.0,302.0,0.06344,0.0,0.0,0.06243,0.9992712802619605,1.0,382.9219659400013,300.0,382.6169459400013,300.0,0.050033379393549696,0.0
5743,1693206060000.0,0.0,0.0,302.0,0.06344,0.0,0.0,0.06253,0.9992712802619605,1.0,382.9219659400013,300.0,382.64714594000134,300.0,0.050033379393549696,0.0
5744,1693209660000.0,0.0,0.0,302.0,0.06344,0.0,0.0,0.0624,0.9992712802619605,1.0,382.9219659400013,300.0,382.6078859400013,300.0,0.050033379393549696,0.0
5745,1693213260000.0,0.0,0.0,302.0,0.06344,0.0,0.0,0.06241,0.9992712802619605,1.0,382.9219659400013,300.0,382.6109059400013,300.0,0.050033379393549696,0.0
5746,1693216860000.0,0.0,0.0,302.0,0.06344,0.0,0.0,0.06235,0.9992712802619605,1.0,382.9219659400013,300.0,382.5927859400013,300.0,0.050033379393549696,0.0
5747,1693220460000.0,0.0,0.0,302.0,0.06344,0.0,0.0,0.06244,0.9992712802619605,1.0,382.9219659400013,300.0,382.6199659400013,300.0,0.050033379393549696,0.0
5748,1693224060000.0,0.0,0.0,302.0,0.06344,0.0,0.0,0.06244,0.9992712802619605,1.0,382.9219659400013,300.0,382.6199659400013,300.0,0.050033379393549696,0.0
5749,1693227660000.0,0.0,0.0,302.0,0.06344,0.0,0.0,0.06286,0.9992712802619605,1.0,382.9219659400013,300.0,382.7468059400013,300.0,0.050033379393549696,0.0
5750,1693231260000.0,0.0,0.0,302.0,0.06344,0.0,0.0,0.06266,0.9992712802619605,1.0,382.9219659400013,300.0,382.6864059400013,300.0,0.050033379393549696,0.0
5751,1693234860000.0,0.0,0.0,302.0,0.06344,0.0,0.0,0.06301,0.9992712802619605,1.0,382.9219659400013,300.0,382.7921059400013,300.0,0.050033379393549696,0.0
5752,1693238460000.0,0.0,0.0,302.0,0.06344,0.0,0.0,0.06336,0.9992712802619605,1.0,382.9219659400013,300.0,382.8978059400013,300.0,0.050033379393549696,0.0
5753,1693242060000.0,0.0,0.0,302.0,0.06344,0.0,0.0,0.06327,0.9992712802619605,1.0,382.9219659400013,300.0,382.87062594000133,300.0,0.050033379393549696,0.0
5754,1693245660000.0,0.0,0.0,302.0,0.06344,0.0,0.0,0.06323,0.9992712802619605,1.0,382.9219659400013,300.0,382.8585459400013,300.0,0.050033379393549696,0.0
5755,1693249260000.0,0.0,0.0,302.0,0.06344,0.0,0.0,0.06333,0.9992712802619605,1.0,382.9219659400013,300.0,382.88874594000134,300.0,0.050033379393549696,0.0
5756,1693252860000.0,0.0,0.0,302.0,0.06344,0.0,0.0,0.06318,0.9992712802619605,1.0,382.9219659400013,300.0,382.8434459400013,300.0,0.050033379393549696,0.0
5757,1693256460000.0,0.0,0.0,302.0,0.06344,0.0,0.0,0.0633,0.9992712802619605,1.0,382.9219659400013,300.0,382.8796859400013,300.0,0.050033379393549696,0.0
5758,1693260060000.0,0.0,0.0,302.0,0.06344,0.0,0.0,0.06322,0.9992712802619605,1.0,382.9219659400013,300.0,382.8555259400013,300.0,0.050033379393549696,0.0
5759,1693263660000.0,0.0,0.0,302.0,0.06344,0.0,0.0,0.0634,0.9992712802619605,1.0,382.9219659400013,300.0,382.9098859400013,300.0,0.050033379393549696,0.0
5760,1693267260000.0,0.0,0.0,302.0,0.06344,0.0,0.0,0.0635,0.9992712802619605,1.0,382.9219659400013,300.0,382.9400859400013,300.0,0.050033379393549696,0.0
5761,1693270860000.0,0.0,0.0,302.0,0.06344,0.0,0.0,0.06355,0.9992712802619605,1.0,382.9219659400013,300.0,382.9551859400013,300.0,0.050033379393549696,0.0
5762,1693274460000.0,0.0,0.0,302.0,0.06344,0.0,0.0,0.06344,0.9992712802619605,1.0,382.9219659400013,300.0,382.9219659400013,300.0,0.050033379393549696,0.0
5763,1693278060000.0,0.0,0.0,302.0,0.06344,0.0,0.0,0.06326,0.9992712802619605,1.0,382.9219659400013,300.0,382.86760594000134,300.0,0.050033379393549696,0.0
5764,1693281660000.0,0.0,0.0,302.0,0.06344,0.0,0.0,0.06323,0.9992712802619605,1.0,382.9219659400013,300.0,382.8585459400013,300.0,0.050033379393549696,0.0
5765,1693285260000.0,0.0,0.0,302.0,0.06344,0.0,0.0,0.06324,0.9992712802619605,1.0,382.9219659400013,300.0,382.8615659400013,300.0,0.050033379393549696,0.0
5766,1693288860000.0,0.0,0.0,302.0,0.06344,0.0,0.0,0.06325,0.9992712802619605,1.0,382.9219659400013,300.0,382.8645859400013,300.0,0.050033379393549696,0.0
5767,1693292460000.0,0.0,0.0,302.0,0.06344,0.0,0.0,0.06297,0.9992712802619605,1.0,382.9219659400013,300.0,382.78002594000134,300.0,0.050033379393549696,0.0
5768,1693296060000.0,0.0,0.0,302.0,0.06344,0.0,0.0,0.06296,0.9992712802619605,1.0,382.9219659400013,300.0,382.7770059400013,300.0,0.050033379393549696,0.0
5769,1693299660000.0,0.0,0.0,302.0,0.06344,0.0,0.0,0.06297,0.9992712802619605,1.0,382.9219659400013,300.0,382.78002594000134,300.0,0.050033379393549696,0.0
5770,1693303260000.0,0.0,0.0,302.0,0.06344,0.0,0.0,0.06283,0.9992712802619605,1.0,382.9219659400013,300.0,382.73774594000133,300.0,0.050033379393549696,0.0
5771,1693306860000.0,0.0,0.0,302.0,0.06344,0.0,0.0,0.06271,0.9992712802619605,1.0,382.9219659400013,300.0,382.7015059400013,300.0,0.050033379393549696,0.0
5772,1693310460000.0,0.0,0.0,302.0,0.06344,0.0,0.0,0.06258,0.9992712802619605,1.0,382.9219659400013,300.0,382.6622459400013,300.0,0.050033379393549696,0.0
5773,1693314060000.0,0.0,0.0,302.0,0.06344,0.0,0.0,0.06271,0.9992712802619605,1.0,382.9219659400013,300.0,382.7015059400013,300.0,0.050033379393549696,0.0
5774,1693317660000.0,0.0,0.0,302.0,0.06344,0.0,0.0,0.06289,0.9992712802619605,1.0,382.9219659400013,300.0,382.75586594000134,300.0,0.050033379393549696,0.0
5775,1693321260000.0,0.0,0.0,0.0,0.06344,0.0,0.0,0.06504,0.9992712802619605,1.0,383.15925036000135,300.0,383.15925036000135,300.0,0.0,0.0
5776,1693324860000.0,0.0,0.0,0.0,0.06344,0.0,0.0,0.06684,0.9992712802619605,1.0,383.15925036000135,300.0,383.15925036000135,300.0,0.0,0.0
5777,1693328460000.0,0.0,0.0,0.0,0.06344,0.0,0.0,0.06684,0.9992712802619605,1.0,383.15925036000135,300.0,383.15925036000135,300.0,0.0,0.0
5778,1693332060000.0,0.0,0.0,0.0,0.06344,0.0,0.0,0.06697,0.9992712802619605,1.0,383.15925036000135,300.0,383.15925036000135,300.0,0.0,0.0
5779,1693335660000.0,0.0,0.0,0.0,0.06344,0.0,0.0,0.06668,0.9992712802619605,1.0,383.15925036000135,300.0,383.15925036000135,300.0,0.0,0.0
5780,1693339260000.0,0.0,0.0,0.0,0.06344,0.0,0.0,0.06707,0.9992712802619605,1.0,383.15925036000135,300.0,383.15925036000135,300.0,0.0,0.0
5781,1693342860000.0,0.0,0.0,0.0,0.06344,0.0,0.0,0.06666,0.9992712802619605,1.0,383.15925036000135,300.0,383.15925036000135,300.0,0.0,0.0
5782,1693346460000.0,0.0,0.0,0.0,0.06344,0.0,0.0,0.06677,0.9992712802619605,1.0,383.15925036000135,300.0,383.15925036000135,300.0,0.0,0.0
5783,1693350060000.0,0.0,0.0,0.0,0.06344,0.0,0.0,0.06684,0.9992712802619605,1.0,383.15925036000135,300.0,383.15925036000135,300.0,0.0,0.0
5784,1693353660000.0,0.0,0.0,0.0,0.06344,0.0,0.0,0.06644,0.9992712802619605,1.0,383.15925036000135,300.0,383.15925036000135,300.0,0.0,0.0
5785,1693357260000.0,0.0,0.0,0.0,0.06344,0.0,0.0,0.06605,0.9992712802619605,1.0,383.15925036000135,300.0,383.15925036000135,300.0,0.0,0.0
5786,1693360860000.0,0.0,0.0,0.0,0.06344,0.0,0.0,0.06586,0.9992712802619605,1.0,383.15925036000135,300.0,383.15925036000135,300.0,0.0,0.0
5787,1693364460000.0,0.0,0.0,0.0,0.06344,0.0,0.0,0.06559,0.9992712802619605,1.0,383.15925036000135,300.0,383.15925036000135,300.0,0.0,0.0
5788,1693368060000.0,0.0,0.0,0.0,0.06344,0.0,0.0,0.06556,0.9992712802619605,1.0,383.15925036000135,300.0,383.15925036000135,300.0,0.0,0.0
5789,1693371660000.0,0.0,0.0,0.0,0.06344,0.0,0.0,0.06572,0.9992712802619605,1.0,383.15925036000135,300.0,383.15925036000135,300.0,0.0,0.0
5790,1693375260000.0,0.0,0.0,0.0,0.06344,0.0,0.0,0.0657,0.9992712802619605,1.0,383.15925036000135,300.0,383.15925036000135,300.0,0.0,0.0
5791,1693378860000.0,0.0,0.0,0.0,0.06344,0.0,0.0,0.06542,0.9992712802619605,1.0,383.15925036000135,300.0,383.15925036000135,300.0,0.0,0.0
5792,1693382460000.0,0.0,0.0,0.0,0.06344,0.0,0.0,0.06553,0.9992712802619605,1.0,383.15925036000135,300.0,383.15925036000135,300.0,0.0,0.0
5793,1693386060000.0,0.0,0.0,0.0,0.06344,0.0,0.0,0.06561,0.9992712802619605,1.0,383.15925036000135,300.0,383.15925036000135,300.0,0.0,0.0
5794,1693389660000.0,0.0,0.0,294.0,0.06516,0.0,0.0,0.06532,0.9992712802619605,1.0,383.14009332000137,300.0,383.18713332000135,300.0,0.05000009222214158,0.0
5795,1693393260000.0,0.0,0.0,294.0,0.06516,0.0,0.0,0.06543,0.9992712802619605,1.0,383.14009332000137,300.0,383.2194733200014,300.0,0.05000009222214158,0.0
5796,1693396860000.0,0.0,0.0,294.0,0.06516,0.0,0.0,0.06511,0.9992712802619605,1.0,383.14009332000137,300.0,383.12539332000136,300.0,0.05000009222214158,0.0
5797,1693400460000.0,0.0,0.0,294.0,0.06516,0.0,0.0,0.06531,0.9992712802619605,1.0,383.14009332000137,300.0,383.1841933200014,300.0,0.05000009222214158,0.0
5798,1693404060000.0,0.0,0.0,294.0,0.06516,0.0,0.0,0.06547,0.9992712802619605,1.0,383.14009332000137,300.0,383.23123332000137,300.0,0.05000009222214158,0.0
5799,1693407660000.0,0.0,0.0,294.0,0.06516,0.0,0.0,0.06467,0.9992712802619605,1.0,383.14009332000137,300.0,382.99603332000135,300.0,0.05000009222214158,0.0
5800,1693411260000.0,0.0,0.0,294.0,0.06516,0.0,0.0,0.06491,0.9992712802619605,1.0,383.14009332000137,300.0,383.06659332000135,300.0,0.05000009222214158,0.0
5801,1693414860000.0,0.0,0.0,294.0,0.06516,0.0,0.0,0.06524,0.9992712802619605,1.0,383.14009332000137,300.0,383.1636133200014,300.0,0.05000009222214158,0.0
5802,1693418460000.0,0.0,0.0,294.0,0.06516,0.0,0.0,0.06541,0.9992712802619605,1.0,383.14009332000137,300.0,383.2135933200014,300.0,0.05000009222214158,0.0
5803,1693422060000.0,0.0,0.0,294.0,0.06516,0.0,0.0,0.06543,0.9992712802619605,1.0,383.14009332000137,300.0,383.2194733200014,300.0,0.05000009222214158,0.0
5804,1693425660000.0,0.0,0.0,294.0,0.06516,0.0,0.0,0.06529,0.9992712802619605,1.0,383.14009332000137,300.0,383.1783133200014,300.0,0.05000009222214158,0.0
5805,1693429260000.0,0.0,0.0,294.0,0.06516,0.0,0.0,0.06563,0.9992712802619605,1.0,383.14009332000137,300.0,383.27827332000135,300.0,0.05000009222214158,0.0
5806,1693432860000.0,0.0,0.0,294.0,0.06516,0.0,0.0,0.0656,0.9992712802619605,1.0,383.14009332000137,300.0,383.2694533200014,300.0,0.05000009222214158,0.0
5807,1693436460000.0,0.0,0.0,294.0,0.06516,0.0,0.0,0.0657,0.9992712802619605,1.0,383.14009332000137,300.0,383.29885332000134,300.0,0.05000009222214158,0.0
5808,1693440060000.0,0.0,0.0,294.0,0.06516,0.0,0.0,0.06585,0.9992712802619605,1.0,383.14009332000137,300.0,383.34295332000136,300.0,0.05000009222214158,0.0
5809,1693443660000.0,0.0,0.0,294.0,0.06516,0.0,0.0,0.06552,0.9992712802619605,1.0,383.14009332000137,300.0,383.24593332000137,300.0,0.05000009222214158,0.0
5810,1693447260000.0,0.0,0.0,294.0,0.06516,0.0,0.0,0.06533,0.9992712802619605,1.0,383.14009332000137,300.0,383.1900733200014,300.0,0.05000009222214158,0.0
5811,1693450860000.0,0.0,0.0,294.0,0.06516,0.0,0.0,0.06542,0.9992712802619605,1.0,383.14009332000137,300.0,383.21653332000136,300.0,0.05000009222214158,0.0
5812,1693454460000.0,0.0,0.0,294.0,0.06516,0.0,0.0,0.06552,0.9992712802619605,1.0,383.14009332000137,300.0,383.24593332000137,300.0,0.05000009222214158,0.0
5813,1693458060000.0,0.0,0.0,294.0,0.06516,0.0,0.0,0.06573,0.9992712802619605,1.0,383.14009332000137,300.0,383.30767332000136,300.0,0.05000009222214158,0.0
5814,1693461660000.0,0.0,0.0,294.0,0.06516,0.0,0.0,0.06587,0.9992712802619605,1.0,383.14009332000137,300.0,383.34883332000135,300.0,0.05000009222214158,0.0
5815,1693465260000.0,0.0,0.0,0.0,0.06516,0.0,0.0,0.06618,0.9992712802619605,1.0,383.37939756000134,300.0,383.37939756000134,300.0,0.0,0.0
5816,1693468860000.0,0.0,0.0,0.0,0.06516,0.0,0.0,0.06649,0.9992712802619605,1.0,383.37939756000134,300.0,383.37939756000134,300.0,0.0,0.0
5817,1693472460000.0,0.0,0.0,0.0,0.06516,0.0,0.0,0.06654,0.9992712802619605,1.0,383.37939756000134,300.0,383.37939756000134,300.0,0.0,0.0
5818,1693476060000.0,0.0,0.0,0.0,0.06516,0.0,0.0,0.06624,0.9992712802619605,1.0,383.37939756000134,300.0,383.37939756000134,300.0,0.0,0.0
5819,1693479660000.0,0.0,0.0,0.0,0.06516,0.0,0.0,0.06642,0.9992712802619605,1.0,383.37939756000134,300.0,383.37939756000134,300.0,0.0,0.0
5820,1693483260000.0,0.0,0.0,0.0,0.06516,0.0,0.0,0.06673,0.9992712802619605,1.0,383.37939756000134,300.0,383.37939756000134,300.0,0.0,0.0
5821,1693486860000.0,0.0,0.0,0.0,0.06516,0.0,0.0,0.06654,0.9992712802619605,1.0,383.37939756000134,300.0,383.37939756000134,300.0,0.0,0.0
5822,1693490460000.0,0.0,0.0,0.0,0.06516,0.0,0.0,0.06626,0.9992712802619605,1.0,383.37939756000134,300.0,383.37939756000134,300.0,0.0,0.0
5823,1693494060000.0,0.0,0.0,0.0,0.06516,0.0,0.0,0.06611,0.9992712802619605,1.0,383.37939756000134,300.0,383.37939756000134,300.0,0.0,0.0
5824,1693497660000.0,0.0,0.0,292.0,0.06572,0.0,0.0,0.06528,0.9992712802619605,1.0,383.36020732000134,300.0,383.2317273200013,300.0,0.050057986284375564,0.0
5825,1693501260000.0,0.0,0.0,624.0,0.06458673076923077,0.0,0.0,0.06343,0.9992712802619605,1.0,383.33909544000136,300.0,382.6172954400014,300.0,0.10513438488119958,0.0
5826,1693504860000.0,0.0,0.0,624.0,0.06458673076923077,0.0,0.0,0.06411,0.9992712802619605,1.0,383.33909544000136,300.0,383.04161544000135,300.0,0.10513438488119958,0.0
5827,1693508460000.0,0.0,0.0,624.0,0.06458673076923077,0.0,0.0,0.06413,0.9992712802619605,1.0,383.33909544000136,300.0,383.05409544000133,300.0,0.10513438488119958,0.0
5828,1693512060000.0,0.0,0.0,624.0,0.06458673076923077,0.0,0.0,0.06364,0.9992712802619605,1.0,383.33909544000136,300.0,382.74833544000137,300.0,0.10513438488119958,0.0
5829,1693515660000.0,0.0,0.0,624.0,0.06458673076923077,0.0,0.0,0.06354,0.9992712802619605,1.0,383.33909544000136,300.0,382.68593544000134,300.0,0.10513438488119958,0.0
5830,1693519260000.0,0.0,0.0,624.0,0.06458673076923077,0.0,0.0,0.06301,0.9992712802619605,1.0,383.33909544000136,300.0,382.35521544000136,300.0,0.10513438488119958,0.0
5831,1693522860000.0,0.0,0.0,624.0,0.06458673076923077,0.0,0.0,0.06376,0.9992712802619605,1.0,383.33909544000136,300.0,382.8232154400014,300.0,0.10513438488119958,0.0
5832,1693526460000.0,0.0,0.0,624.0,0.06458673076923077,0.0,0.0,0.06385,0.9992712802619605,1.0,383.33909544000136,300.0,382.87937544000135,300.0,0.10513438488119958,0.0
5833,1693530060000.0,0.0,0.0,624.0,0.06458673076923077,0.0,0.0,0.06393,0.9992712802619605,1.0,383.33909544000136,300.0,382.92929544000134,300.0,0.10513438488119958,0.0
5834,1693533660000.0,0.0,0.0,624.0,0.06458673076923077,0.0,0.0,0.06372,0.9992712802619605,1.0,383.33909544000136,300.0,382.79825544000136,300.0,0.10513438488119958,0.0
5835,1693537260000.0,0.0,0.0,624.0,0.06458673076923077,0.0,0.0,0.06386,0.9992712802619605,1.0,383.33909544000136,300.0,382.88561544000135,300.0,0.10513438488119958,0.0
5836,1693540860000.0,0.0,0.0,624.0,0.06458673076923077,0.0,0.0,0.06397,0.9992712802619605,1.0,383.33909544000136,300.0,382.95425544000136,300.0,0.10513438488119958,0.0
5837,1693544460000.0,0.0,0.0,624.0,0.06458673076923077,0.0,0.0,0.06379,0.9992712802619605,1.0,383.33909544000136,300.0,382.84193544000135,300.0,0.10513438488119958,0.0
5838,1693548060000.0,0.0,0.0,624.0,0.06458673076923077,0.0,0.0,0.06374,0.9992712802619605,1.0,383.33909544000136,300.0,382.81073544000134,300.0,0.10513438488119958,0.0
5839,1693551660000.0,0.0,0.0,624.0,0.06458673076923077,0.0,0.0,0.06348,0.9992712802619605,1.0,383.33909544000136,300.0,382.64849544000134,300.0,0.10513438488119958,0.0
5840,1693555260000.0,0.0,0.0,624.0,0.06458673076923077,0.0,0.0,0.06362,0.9992712802619605,1.0,383.33909544000136,300.0,382.73585544000133,300.0,0.10513438488119958,0.0
5841,1693558860000.0,0.0,0.0,624.0,0.06458673076923077,0.0,0.0,0.06354,0.9992712802619605,1.0,383.33909544000136,300.0,382.68593544000134,300.0,0.10513438488119958,0.0
5842,1693562460000.0,0.0,0.0,624.0,0.06458673076923077,0.0,0.0,0.06377,0.9992712802619605,1.0,383.33909544000136,300.0,382.82945544000137,300.0,0.10513438488119958,0.0
5843,1693566060000.0,0.0,0.0,624.0,0.06458673076923077,0.0,0.0,0.06371,0.9992712802619605,1.0,383.33909544000136,300.0,382.79201544000136,300.0,0.10513438488119958,0.0
5844,1693569660000.0,0.0,0.0,624.0,0.06458673076923077,0.0,0.0,0.06399,0.9992712802619605,1.0,383.33909544000136,300.0,382.96673544000134,300.0,0.10513438488119958,0.0
5845,1693573260000.0,0.0,0.0,624.0,0.06458673076923077,0.0,0.0,0.06399,0.9992712802619605,1.0,383.33909544000136,300.0,382.96673544000134,300.0,0.10513438488119958,0.0
5846,1693576860000.0,0.0,0.0,624.0,0.06458673076923077,0.0,0.0,0.06383,0.9992712802619605,1.0,383.33909544000136,300.0,382.8668954400014,300.0,0.10513438488119958,0.0
5847,1693580460000.0,0.0,0.0,624.0,0.06458673076923077,0.0,0.0,0.06337,0.9992712802619605,1.0,383.33909544000136,300.0,382.5798554400014,300.0,0.10513438488119958,0.0
5848,1693584060000.0,0.0,0.0,624.0,0.06458673076923077,0.0,0.0,0.06336,0.9992712802619605,1.0,383.33909544000136,300.0,382.57361544000133,300.0,0.10513438488119958,0.0
5849,1693587660000.0,0.0,0.0,624.0,0.06458673076923077,0.0,0.0,0.06303,0.9992712802619605,1.0,383.33909544000136,300.0,382.36769544000134,300.0,0.10513438488119958,0.0
5850,1693591260000.0,0.0,0.0,624.0,0.06458673076923077,0.0,0.0,0.06273,0.9992712802619605,1.0,383.33909544000136,300.0,382.1804954400014,300.0,0.10513438488119958,0.0
5851,1693594860000.0,0.0,0.0,624.0,0.06458673076923077,0.0,0.0,0.06318,0.9992712802619605,1.0,383.33909544000136,300.0,382.4612954400014,300.0,0.10513438488119958,0.0
5852,1693598460000.0,0.0,0.0,624.0,0.06458673076923077,0.0,0.0,0.06331,0.9992712802619605,1.0,383.33909544000136,300.0,382.5424154400014,300.0,0.10513438488119958,0.0
5853,1693602060000.0,0.0,0.0,624.0,0.06458673076923077,0.0,0.0,0.06374,0.9992712802619605,1.0,383.33909544000136,300.0,382.81073544000134,300.0,0.10513438488119958,0.0
5854,1693605660000.0,0.0,0.0,624.0,0.06458673076923077,0.0,0.0,0.06349,0.9992712802619605,1.0,383.33909544000136,300.0,382.65473544000133,300.0,0.10513438488119958,0.0
5855,1693609260000.0,0.0,0.0,624.0,0.06458673076923077,0.0,0.0,0.06362,0.9992712802619605,1.0,383.33909544000136,300.0,382.73585544000133,300.0,0.10513438488119958,0.0
5856,1693612860000.0,0.0,0.0,624.0,0.06458673076923077,0.0,0.0,0.06376,0.9992712802619605,1.0,383.33909544000136,300.0,382.8232154400014,300.0,0.10513438488119958,0.0
5857,1693616460000.0,0.0,0.0,624.0,0.06458673076923077,0.0,0.0,0.06375,0.9992712802619605,1.0,383.33909544000136,300.0,382.8169754400014,300.0,0.10513438488119958,0.0
5858,1693620060000.0,0.0,0.0,624.0,0.06458673076923077,0.0,0.0,0.06371,0.9992712802619605,1.0,383.33909544000136,300.0,382.79201544000136,300.0,0.10513438488119958,0.0
5859,1693623660000.0,0.0,0.0,624.0,0.06458673076923077,0.0,0.0,0.06354,0.9992712802619605,1.0,383.33909544000136,300.0,382.68593544000134,300.0,0.10513438488119958,0.0
5860,1693627260000.0,0.0,0.0,624.0,0.06458673076923077,0.0,0.0,0.06374,0.9992712802619605,1.0,383.33909544000136,300.0,382.81073544000134,300.0,0.10513438488119958,0.0
5861,1693630860000.0,0.0,0.0,624.0,0.06458673076923077,0.0,0.0,0.06382,0.9992712802619605,1.0,383.33909544000136,300.0,382.8606554400014,300.0,0.10513438488119958,0.0
5862,1693634460000.0,0.0,0.0,624.0,0.06458673076923077,0.0,0.0,0.0637,0.9992712802619605,1.0,383.33909544000136,300.0,382.7857754400014,300.0,0.10513438488119958,0.0
5863,1693638060000.0,0.0,0.0,624.0,0.06458673076923077,0.0,0.0,0.06345,0.9992712802619605,1.0,383.33909544000136,300.0,382.62977544000137,300.0,0.10513438488119958,0.0
5864,1693641660000.0,0.0,0.0,624.0,0.06458673076923077,0.0,0.0,0.06345,0.9992712802619605,1.0,383.33909544000136,300.0,382.62977544000137,300.0,0.10513438488119958,0.0
5865,1693645260000.0,0.0,0.0,624.0,0.06458673076923077,0.0,0.0,0.06313,0.9992712802619605,1.0,383.33909544000136,300.0,382.43009544000137,300.0,0.10513438488119958,0.0
5866,1693648860000.0,0.0,0.0,624.0,0.06458673076923077,0.0,0.0,0.06341,0.9992712802619605,1.0,383.33909544000136,300.0,382.60481544000135,300.0,0.10513438488119958,0.0
5867,1693652460000.0,0.0,0.0,624.0,0.06458673076923077,0.0,0.0,0.06345,0.9992712802619605,1.0,383.33909544000136,300.0,382.62977544000137,300.0,0.10513438488119958,0.0
5868,1693656060000.0,0.0,0.0,624.0,0.06458673076923077,0.0,0.0,0.06346,0.9992712802619605,1.0,383.33909544000136,300.0,382.63601544000136,300.0,0.10513438488119958,0.0
5869,1693659660000.0,0.0,0.0,624.0,0.06458673076923077,0.0,0.0,0.06325,0.9992712802619605,1.0,383.33909544000136,300.0,382.5049754400014,300.0,0.10513438488119958,0.0
5870,1693663260000.0,0.0,0.0,624.0,0.06458673076923077,0.0,0.0,0.06345,0.9992712802619605,1.0,383.33909544000136,300.0,382.62977544000137,300.0,0.10513438488119958,0.0
5871,1693666860000.0,0.0,0.0,624.0,0.06458673076923077,0.0,0.0,0.06392,0.9992712802619605,1.0,383.33909544000136,300.0,382.92305544000135,300.0,0.10513438488119958,0.0
5872,1693670460000.0,0.0,0.0,624.0,0.06458673076923077,0.0,0.0,0.06373,0.9992712802619605,1.0,383.33909544000136,300.0,382.80449544000135,300.0,0.10513438488119958,0.0
5873,1693674060000.0,0.0,0.0,624.0,0.06458673076923077,0.0,0.0,0.06367,0.9992712802619605,1.0,383.33909544000136,300.0,382.76705544000134,300.0,0.10513438488119958,0.0
5874,1693677660000.0,0.0,0.0,624.0,0.06458673076923077,0.0,0.0,0.06317,0.9992712802619605,1.0,383.33909544000136,300.0,382.4550554400014,300.0,0.10513438488119958,0.0
5875,1693681260000.0,0.0,0.0,624.0,0.06458673076923077,0.0,0.0,0.06322,0.9992712802619605,1.0,383.33909544000136,300.0,382.48625544000134,300.0,0.10513438488119958,0.0
5876,1693684860000.0,0.0,0.0,624.0,0.06458673076923077,0.0,0.0,0.06325,0.9992712802619605,1.0,383.33909544000136,300.0,382.5049754400014,300.0,0.10513438488119958,0.0
5877,1693688460000.0,0.0,0.0,624.0,0.06458673076923077,0.0,0.0,0.06339,0.9992712802619605,1.0,383.33909544000136,300.0,382.59233544000136,300.0,0.10513438488119958,0.0
5878,1693692060000.0,0.0,0.0,624.0,0.06458673076923077,0.0,0.0,0.06325,0.9992712802619605,1.0,383.33909544000136,300.0,382.5049754400014,300.0,0.10513438488119958,0.0
5879,1693695660000.0,0.0,0.0,624.0,0.06458673076923077,0.0,0.0,0.06351,0.9992712802619605,1.0,383.33909544000136,300.0,382.66721544000137,300.0,0.10513438488119958,0.0
5880,1693699260000.0,0.0,0.0,624.0,0.06458673076923077,0.0,0.0,0.06343,0.9992712802619605,1.0,383.33909544000136,300.0,382.6172954400014,300.0,0.10513438488119958,0.0
5881,1693702860000.0,0.0,0.0,624.0,0.06458673076923077,0.0,0.0,0.0635,0.9992712802619605,1.0,383.33909544000136,300.0,382.6609754400014,300.0,0.10513438488119958,0.0
5882,1693706460000.0,0.0,0.0,624.0,0.06458673076923077,0.0,0.0,0.06339,0.9992712802619605,1.0,383.33909544000136,300.0,382.59233544000136,300.0,0.10513438488119958,0.0
5883,1693710060000.0,0.0,0.0,624.0,0.06458673076923077,0.0,0.0,0.06348,0.9992712802619605,1.0,383.33909544000136,300.0,382.64849544000134,300.0,0.10513438488119958,0.0
5884,1693713660000.0,0.0,0.0,624.0,0.06458673076923077,0.0,0.0,0.0636,0.9992712802619605,1.0,383.33909544000136,300.0,382.72337544000135,300.0,0.10513438488119958,0.0
5885,1693717260000.0,0.0,0.0,624.0,0.06458673076923077,0.0,0.0,0.06352,0.9992712802619605,1.0,383.33909544000136,300.0,382.67345544000136,300.0,0.10513438488119958,0.0
5886,1693720860000.0,0.0,0.0,624.0,0.06458673076923077,0.0,0.0,0.06366,0.9992712802619605,1.0,383.33909544000136,300.0,382.76081544000135,300.0,0.10513438488119958,0.0
5887,1693724460000.0,0.0,0.0,624.0,0.06458673076923077,0.0,0.0,0.06374,0.9992712802619605,1.0,383.33909544000136,300.0,382.81073544000134,300.0,0.10513438488119958,0.0
5888,1693728060000.0,0.0,0.0,624.0,0.06458673076923077,0.0,0.0,0.06368,0.9992712802619605,1.0,383.33909544000136,300.0,382.77329544000133,300.0,0.10513438488119958,0.0
5889,1693731660000.0,0.0,0.0,624.0,0.06458673076923077,0.0,0.0,0.06333,0.9992712802619605,1.0,383.33909544000136,300.0,382.55489544000136,300.0,0.10513438488119958,0.0
5890,1693735260000.0,0.0,0.0,624.0,0.06458673076923077,0.0,0.0,0.06332,0.9992712802619605,1.0,383.33909544000136,300.0,382.54865544000137,300.0,0.10513438488119958,0.0
5891,1693738860000.0,0.0,0.0,624.0,0.06458673076923077,0.0,0.0,0.06335,0.9992712802619605,1.0,383.33909544000136,300.0,382.56737544000134,300.0,0.10513438488119958,0.0
5892,1693742460000.0,0.0,0.0,624.0,0.06458673076923077,0.0,0.0,0.06336,0.9992712802619605,1.0,383.33909544000136,300.0,382.57361544000133,300.0,0.10513438488119958,0.0
5893,1693746060000.0,0.0,0.0,624.0,0.06458673076923077,0.0,0.0,0.06309,0.9992712802619605,1.0,383.33909544000136,300.0,382.40513544000135,300.0,0.10513438488119958,0.0
5894,1693749660000.0,0.0,0.0,624.0,0.06458673076923077,0.0,0.0,0.0632,0.9992712802619605,1.0,383.33909544000136,300.0,382.47377544000136,300.0,0.10513438488119958,0.0
5895,1693753260000.0,0.0,0.0,624.0,0.06458673076923077,0.0,0.0,0.06328,0.9992712802619605,1.0,383.33909544000136,300.0,382.52369544000135,300.0,0.10513438488119958,0.0
5896,1693756860000.0,0.0,0.0,624.0,0.06458673076923077,0.0,0.0,0.06321,0.9992712802619605,1.0,383.33909544000136,300.0,382.48001544000135,300.0,0.10513438488119958,0.0
5897,1693760460000.0,0.0,0.0,624.0,0.06458673076923077,0.0,0.0,0.06297,0.9992712802619605,1.0,383.33909544000136,300.0,382.33025544000134,300.0,0.10513438488119958,0.0
5898,1693764060000.0,0.0,0.0,624.0,0.06458673076923077,0.0,0.0,0.06308,0.9992712802619605,1.0,383.33909544000136,300.0,382.39889544000135,300.0,0.10513438488119958,0.0
5899,1693767660000.0,0.0,0.0,624.0,0.06458673076923077,0.0,0.0,0.06335,0.9992712802619605,1.0,383.33909544000136,300.0,382.56737544000134,300.0,0.10513438488119958,0.0
5900,1693771260000.0,0.0,0.0,624.0,0.06458673076923077,0.0,0.0,0.06334,0.9992712802619605,1.0,383.33909544000136,300.0,382.56113544000135,300.0,0.10513438488119958,0.0
5901,1693774860000.0,0.0,0.0,624.0,0.06458673076923077,0.0,0.0,0.06327,0.9992712802619605,1.0,383.33909544000136,300.0,382.51745544000136,300.0,0.10513438488119958,0.0
5902,1693778460000.0,0.0,0.0,624.0,0.06458673076923077,0.0,0.0,0.06291,0.9992712802619605,1.0,383.33909544000136,300.0,382.29281544000133,300.0,0.10513438488119958,0.0
5903,1693782060000.0,0.0,0.0,624.0,0.06458673076923077,0.0,0.0,0.063,0.9992712802619605,1.0,383.33909544000136,300.0,382.34897544000137,300.0,0.10513438488119958,0.0
5904,1693785660000.0,0.0,0.0,624.0,0.06458673076923077,0.0,0.0,0.06321,0.9992712802619605,1.0,383.33909544000136,300.0,382.48001544000135,300.0,0.10513438488119958,0.0
5905,1693789260000.0,0.0,0.0,624.0,0.06458673076923077,0.0,0.0,0.06329,0.9992712802619605,1.0,383.33909544000136,300.0,382.52993544000134,300.0,0.10513438488119958,0.0
5906,1693792860000.0,0.0,0.0,624.0,0.06458673076923077,0.0,0.0,0.06321,0.9992712802619605,1.0,383.33909544000136,300.0,382.48001544000135,300.0,0.10513438488119958,0.0
5907,1693796460000.0,0.0,0.0,624.0,0.06458673076923077,0.0,0.0,0.06346,0.9992712802619605,1.0,383.33909544000136,300.0,382.63601544000136,300.0,0.10513438488119958,0.0
5908,1693800060000.0,0.0,0.0,624.0,0.06458673076923077,0.0,0.0,0.06345,0.9992712802619605,1.0,383.33909544000136,300.0,382.62977544000137,300.0,0.10513438488119958,0.0
5909,1693803660000.0,0.0,0.0,624.0,0.06458673076923077,0.0,0.0,0.0634,0.9992712802619605,1.0,383.33909544000136,300.0,382.59857544000135,300.0,0.10513438488119958,0.0
5910,1693807260000.0,0.0,0.0,624.0,0.06458673076923077,0.0,0.0,0.06309,0.9992712802619605,1.0,383.33909544000136,300.0,382.40513544000135,300.0,0.10513438488119958,0.0
5911,1693810860000.0,0.0,0.0,624.0,0.06458673076923077,0.0,0.0,0.0632,0.9992712802619605,1.0,383.33909544000136,300.0,382.47377544000136,300.0,0.10513438488119958,0.0
5912,1693814460000.0,0.0,0.0,624.0,0.06458673076923077,0.0,0.0,0.06326,0.9992712802619605,1.0,383.33909544000136,300.0,382.51121544000137,300.0,0.10513438488119958,0.0
5913,1693818060000.0,0.0,0.0,624.0,0.06458673076923077,0.0,0.0,0.06334,0.9992712802619605,1.0,383.33909544000136,300.0,382.56113544000135,300.0,0.10513438488119958,0.0
5914,1693821660000.0,0.0,0.0,624.0,0.06458673076923077,0.0,0.0,0.06319,0.9992712802619605,1.0,383.33909544000136,300.0,382.46753544000137,300.0,0.10513438488119958,0.0
5915,1693825260000.0,0.0,0.0,624.0,0.06458673076923077,0.0,0.0,0.06333,0.9992712802619605,1.0,383.33909544000136,300.0,382.55489544000136,300.0,0.10513438488119958,0.0
5916,1693828860000.0,0.0,0.0,624.0,0.06458673076923077,0.0,0.0,0.06315,0.9992712802619605,1.0,383.33909544000136,300.0,382.44257544000135,300.0,0.10513438488119958,0.0
5917,1693832460000.0,0.0,0.0,624.0,0.06458673076923077,0.0,0.0,0.06295,0.9992712802619605,1.0,383.33909544000136,300.0,382.31777544000136,300.0,0.10513438488119958,0.0
5918,1693836060000.0,0.0,0.0,624.0,0.06458673076923077,0.0,0.0,0.06323,0.9992712802619605,1.0,383.33909544000136,300.0,382.49249544000133,300.0,0.10513438488119958,0.0
5919,1693839660000.0,0.0,0.0,624.0,0.06458673076923077,0.0,0.0,0.06308,0.9992712802619605,1.0,383.33909544000136,300.0,382.39889544000135,300.0,0.10513438488119958,0.0
5920,1693843260000.0,0.0,0.0,624.0,0.06458673076923077,0.0,0.0,0.0629,0.9992712802619605,1.0,383.33909544000136,300.0,382.28657544000134,300.0,0.10513438488119958,0.0
5921,1693846860000.0,0.0,0.0,624.0,0.06458673076923077,0.0,0.0,0.06301,0.9992712802619605,1.0,383.33909544000136,300.0,382.35521544000136,300.0,0.10513438488119958,0.0
5922,1693850460000.0,0.0,0.0,624.0,0.06458673076923077,0.0,0.0,0.06326,0.9992712802619605,1.0,383.33909544000136,300.0,382.51121544000137,300.0,0.10513438488119958,0.0
5923,1693854060000.0,0.0,0.0,624.0,0.06458673076923077,0.0,0.0,0.06318,0.9992712802619605,1.0,383.33909544000136,300.0,382.4612954400014,300.0,0.10513438488119958,0.0
5924,1693857660000.0,0.0,0.0,624.0,0.06458673076923077,0.0,0.0,0.06321,0.9992712802619605,1.0,383.33909544000136,300.0,382.48001544000135,300.0,0.10513438488119958,0.0
5925,1693861260000.0,0.0,0.0,624.0,0.06458673076923077,0.0,0.0,0.06302,0.9992712802619605,1.0,383.33909544000136,300.0,382.36145544000135,300.0,0.10513438488119958,0.0
5926,1693864860000.0,0.0,0.0,1334.0,0.06330578710644677,0.0,0.0,0.0624,0.9992712802619605,1.0,383.29494764000134,300.0,382.0866276400013,300.0,0.2203262018452618,0.0
5927,1693868460000.0,0.0,0.0,1334.0,0.06330578710644677,0.0,0.0,0.06296,0.9992712802619605,1.0,383.29494764000134,300.0,382.83366764000135,300.0,0.2203262018452618,0.0
5928,1693872060000.0,0.0,0.0,1334.0,0.06330578710644677,0.0,0.0,0.06323,0.9992712802619605,1.0,383.29494764000134,300.0,383.19384764000137,300.0,0.2203262018452618,0.0
5929,1693875660000.0,0.0,0.0,1334.0,0.06330578710644677,0.0,0.0,0.063,0.9992712802619605,1.0,383.29494764000134,300.0,382.88702764000135,300.0,0.2203262018452618,0.0
5930,1693879260000.0,0.0,0.0,1334.0,0.06330578710644677,0.0,0.0,0.06319,0.9992712802619605,1.0,383.29494764000134,300.0,383.14048764000137,300.0,0.2203262018452618,0.0
5931,1693882860000.0,0.0,0.0,1334.0,0.06330578710644677,0.0,0.0,0.06317,0.9992712802619605,1.0,383.29494764000134,300.0,383.11380764000137,300.0,0.2203262018452618,0.0
5932,1693886460000.0,0.0,0.0,1334.0,0.06330578710644677,0.0,0.0,0.06329,0.9992712802619605,1.0,383.29494764000134,300.0,383.27388764000136,300.0,0.2203262018452618,0.0
5933,1693890060000.0,0.0,0.0,1334.0,0.06330578710644677,0.0,0.0,0.06368,0.9992712802619605,1.0,383.29494764000134,300.0,383.79414764000137,300.0,0.2203262018452618,0.0
5934,1693893660000.0,0.0,0.0,1334.0,0.06330578710644677,0.0,0.0,0.06376,0.9992712802619605,1.0,383.29494764000134,300.0,383.90086764000137,300.0,0.2203262018452618,0.0
5935,1693897260000.0,0.0,0.0,1334.0,0.06330578710644677,0.0,0.0,0.06388,0.9992712802619605,1.0,383.29494764000134,300.0,384.06094764000136,300.0,0.2203262018452618,0.0
5936,1693900860000.0,0.0,0.0,0.0,0.06330578710644677,0.0,0.0,0.06405,0.9992712802619605,1.0,384.3158612500014,300.0,384.3158612500014,300.0,0.0,0.0
5937,1693904460000.0,0.0,0.0,0.0,0.06330578710644677,0.0,0.0,0.06384,0.9992712802619605,1.0,384.3158612500014,300.0,384.3158612500014,300.0,0.0,0.0
5938,1693908060000.0,0.0,0.0,0.0,0.06330578710644677,0.0,0.0,0.06403,0.9992712802619605,1.0,384.3158612500014,300.0,384.3158612500014,300.0,0.0,0.0
5939,1693911660000.0,0.0,0.0,0.0,0.06330578710644677,0.0,0.0,0.06409,0.9992712802619605,1.0,384.3158612500014,300.0,384.3158612500014,300.0,0.0,0.0
5940,1693915260000.0,0.0,0.0,0.0,0.06330578710644677,0.0,0.0,0.06408,0.9992712802619605,1.0,384.3158612500014,300.0,384.3158612500014,300.0,0.0,0.0
5941,1693918860000.0,0.0,0.0,0.0,0.06330578710644677,0.0,0.0,0.06409,0.9992712802619605,1.0,384.3158612500014,300.0,384.3158612500014,300.0,0.0,0.0
5942,1693922460000.0,0.0,0.0,0.0,0.06330578710644677,0.0,0.0,0.06379,0.9992712802619605,1.0,384.3158612500014,300.0,384.3158612500014,300.0,0.0,0.0
5943,1693926060000.0,0.0,0.0,0.0,0.06330578710644677,0.0,0.0,0.06381,0.9992712802619605,1.0,384.3158612500014,300.0,384.3158612500014,300.0,0.0,0.0
5944,1693929660000.0,0.0,0.0,0.0,0.06330578710644677,0.0,0.0,0.06403,0.9992712802619605,1.0,384.3158612500014,300.0,384.3158612500014,300.0,0.0,0.0
5945,1693933260000.0,0.0,0.0,0.0,0.06330578710644677,0.0,0.0,0.06387,0.9992712802619605,1.0,384.3158612500014,300.0,384.3158612500014,300.0,0.0,0.0
5946,1693936860000.0,0.0,0.0,0.0,0.06330578710644677,0.0,0.0,0.06395,0.9992712802619605,1.0,384.3158612500014,300.0,384.3158612500014,300.0,0.0,0.0
5947,1693940460000.0,0.0,0.0,0.0,0.06330578710644677,0.0,0.0,0.06407,0.9992712802619605,1.0,384.3158612500014,300.0,384.3158612500014,300.0,0.0,0.0
5948,1693944060000.0,0.0,0.0,0.0,0.06330578710644677,0.0,0.0,0.06373,0.9992712802619605,1.0,384.3158612500014,300.0,384.3158612500014,300.0,0.0,0.0
5949,1693947660000.0,0.0,0.0,0.0,0.06330578710644677,0.0,0.0,0.06388,0.9992712802619605,1.0,384.3158612500014,300.0,384.3158612500014,300.0,0.0,0.0
5950,1693951260000.0,0.0,0.0,0.0,0.06330578710644677,0.0,0.0,0.06384,0.9992712802619605,1.0,384.3158612500014,300.0,384.3158612500014,300.0,0.0,0.0
5951,1693954860000.0,0.0,0.0,0.0,0.06330578710644677,0.0,0.0,0.06402,0.9992712802619605,1.0,384.3158612500014,300.0,384.3158612500014,300.0,0.0,0.0
5952,1693958460000.0,0.0,0.0,0.0,0.06330578710644677,0.0,0.0,0.064,0.9992712802619605,1.0,384.3158612500014,300.0,384.3158612500014,300.0,0.0,0.0
5953,1693962060000.0,0.0,0.0,0.0,0.06330578710644677,0.0,0.0,0.06417,0.9992712802619605,1.0,384.3158612500014,300.0,384.3158612500014,300.0,0.0,0.0
5954,1693965660000.0,0.0,0.0,0.0,0.06330578710644677,0.0,0.0,0.06423,0.9992712802619605,1.0,384.3158612500014,300.0,384.3158612500014,300.0,0.0,0.0
5955,1693969260000.0,0.0,0.0,0.0,0.06330578710644677,0.0,0.0,0.06459,0.9992712802619605,1.0,384.3158612500014,300.0,384.3158612500014,300.0,0.0,0.0
5956,1693972860000.0,0.0,0.0,0.0,0.06330578710644677,0.0,0.0,0.06413,0.9992712802619605,1.0,384.3158612500014,300.0,384.3158612500014,300.0,0.0,0.0
5957,1693976460000.0,0.0,0.0,0.0,0.06330578710644677,0.0,0.0,0.06394,0.9992712802619605,1.0,384.3158612500014,300.0,384.3158612500014,300.0,0.0,0.0
5958,1693980060000.0,0.0,0.0,0.0,0.06330578710644677,0.0,0.0,0.06386,0.9992712802619605,1.0,384.3158612500014,300.0,384.3158612500014,300.0,0.0,0.0
5959,1693983660000.0,0.0,0.0,0.0,0.06330578710644677,0.0,0.0,0.06388,0.9992712802619605,1.0,384.3158612500014,300.0,384.3158612500014,300.0,0.0,0.0
5960,1693987260000.0,0.0,0.0,0.0,0.06330578710644677,0.0,0.0,0.06387,0.9992712802619605,1.0,384.3158612500014,300.0,384.3158612500014,300.0,0.0,0.0
5961,1693990860000.0,0.0,0.0,0.0,0.06330578710644677,0.0,0.0,0.06395,0.9992712802619605,1.0,384.3158612500014,300.0,384.3158612500014,300.0,0.0,0.0
5962,1693994460000.0,0.0,0.0,0.0,0.06330578710644677,0.0,0.0,0.06402,0.9992712802619605,1.0,384.3158612500014,300.0,384.3158612500014,300.0,0.0,0.0
5963,1693998060000.0,0.0,0.0,0.0,0.06330578710644677,0.0,0.0,0.06389,0.9992712802619605,1.0,384.3158612500014,300.0,384.3158612500014,300.0,0.0,0.0
5964,1694001660000.0,0.0,0.0,0.0,0.06330578710644677,0.0,0.0,0.06384,0.9992712802619605,1.0,384.3158612500014,300.0,384.3158612500014,300.0,0.0,0.0
5965,1694005260000.0,0.0,0.0,302.0,0.06373,0.0,0.0,0.06379,0.9992712802619605,1.0,384.2966147900014,300.0,384.3147347900014,300.0,0.05008230429122362,0.0
5966,1694008860000.0,0.0,0.0,302.0,0.06373,0.0,0.0,0.06383,0.9992712802619605,1.0,384.2966147900014,300.0,384.3268147900014,300.0,0.05008230429122362,0.0
5967,1694012460000.0,0.0,0.0,302.0,0.06373,0.0,0.0,0.06337,0.9992712802619605,1.0,384.2966147900014,300.0,384.1878947900014,300.0,0.05008230429122362,0.0
5968,1694016060000.0,0.0,0.0,302.0,0.06373,0.0,0.0,0.06325,0.9992712802619605,1.0,384.2966147900014,300.0,384.1516547900014,300.0,0.05008230429122362,0.0
5969,1694019660000.0,0.0,0.0,302.0,0.06373,0.0,0.0,0.06312,0.9992712802619605,1.0,384.2966147900014,300.0,384.1123947900014,300.0,0.05008230429122362,0.0
5970,1694023260000.0,0.0,0.0,302.0,0.06373,0.0,0.0,0.06391,0.9992712802619605,1.0,384.2966147900014,300.0,384.3509747900014,300.0,0.05008230429122362,0.0
5971,1694026860000.0,0.0,0.0,302.0,0.06373,0.0,0.0,0.06323,0.9992712802619605,1.0,384.2966147900014,300.0,384.1456147900014,300.0,0.05008230429122362,0.0
5972,1694030460000.0,0.0,0.0,302.0,0.06373,0.0,0.0,0.06326,0.9992712802619605,1.0,384.2966147900014,300.0,384.1546747900014,300.0,0.05008230429122362,0.0
5973,1694034060000.0,0.0,0.0,302.0,0.06373,0.0,0.0,0.06331,0.9992712802619605,1.0,384.2966147900014,300.0,384.1697747900014,300.0,0.05008230429122362,0.0
5974,1694037660000.0,0.0,0.0,302.0,0.06373,0.0,0.0,0.06357,0.9992712802619605,1.0,384.2966147900014,300.0,384.2482947900014,300.0,0.05008230429122362,0.0
5975,1694041260000.0,0.0,0.0,302.0,0.06373,0.0,0.0,0.06359,0.9992712802619605,1.0,384.2966147900014,300.0,384.2543347900014,300.0,0.05008230429122362,0.0
5976,1694044860000.0,0.0,0.0,302.0,0.06373,0.0,0.0,0.06362,0.9992712802619605,1.0,384.2966147900014,300.0,384.2633947900014,300.0,0.05008230429122362,0.0
5977,1694048460000.0,0.0,0.0,302.0,0.06373,0.0,0.0,0.06369,0.9992712802619605,1.0,384.2966147900014,300.0,384.2845347900014,300.0,0.05008230429122362,0.0
5978,1694052060000.0,0.0,0.0,302.0,0.06373,0.0,0.0,0.06373,0.9992712802619605,1.0,384.2966147900014,300.0,384.2966147900014,300.0,0.05008230429122362,0.0
5979,1694055660000.0,0.0,0.0,302.0,0.06373,0.0,0.0,0.06367,0.9992712802619605,1.0,384.2966147900014,300.0,384.2784947900014,300.0,0.05008230429122362,0.0
5980,1694059260000.0,0.0,0.0,302.0,0.06373,0.0,0.0,0.06382,0.9992712802619605,1.0,384.2966147900014,300.0,384.3237947900014,300.0,0.05008230429122362,0.0
5981,1694062860000.0,0.0,0.0,302.0,0.06373,0.0,0.0,0.06359,0.9992712802619605,1.0,384.2966147900014,300.0,384.2543347900014,300.0,0.05008230429122362,0.0
5982,1694066460000.0,0.0,0.0,302.0,0.06373,0.0,0.0,0.06349,0.9992712802619605,1.0,384.2966147900014,300.0,384.2241347900014,300.0,0.05008230429122362,0.0
5983,1694070060000.0,0.0,0.0,302.0,0.06373,0.0,0.0,0.06338,0.9992712802619605,1.0,384.2966147900014,300.0,384.1909147900014,300.0,0.05008230429122362,0.0
5984,1694073660000.0,0.0,0.0,302.0,0.06373,0.0,0.0,0.06333,0.9992712802619605,1.0,384.2966147900014,300.0,384.1758147900014,300.0,0.05008230429122362,0.0
5985,1694077260000.0,0.0,0.0,302.0,0.06373,0.0,0.0,0.06324,0.9992712802619605,1.0,384.2966147900014,300.0,384.1486347900014,300.0,0.05008230429122362,0.0
5986,1694080860000.0,0.0,0.0,302.0,0.06373,0.0,0.0,0.06322,0.9992712802619605,1.0,384.2966147900014,300.0,384.1425947900014,300.0,0.05008230429122362,0.0
5987,1694084460000.0,0.0,0.0,302.0,0.06373,0.0,0.0,0.06311,0.9992712802619605,1.0,384.2966147900014,300.0,384.1093747900014,300.0,0.05008230429122362,0.0
5988,1694088060000.0,0.0,0.0,302.0,0.06373,0.0,0.0,0.06287,0.9992712802619605,1.0,384.2966147900014,300.0,384.0368947900014,300.0,0.05008230429122362,0.0
5989,1694091660000.0,0.0,0.0,302.0,0.06373,0.0,0.0,0.06295,0.9992712802619605,1.0,384.2966147900014,300.0,384.0610547900014,300.0,0.05008230429122362,0.0
5990,1694095260000.0,0.0,0.0,302.0,0.06373,0.0,0.0,0.06299,0.9992712802619605,1.0,384.2966147900014,300.0,384.0731347900014,300.0,0.05008230429122362,0.0
5991,1694098860000.0,0.0,0.0,302.0,0.06373,0.0,0.0,0.06321,0.9992712802619605,1.0,384.2966147900014,300.0,384.1395747900014,300.0,0.05008230429122362,0.0
5992,1694102460000.0,0.0,0.0,302.0,0.06373,0.0,0.0,0.06315,0.9992712802619605,1.0,384.2966147900014,300.0,384.1214547900014,300.0,0.05008230429122362,0.0
5993,1694106060000.0,0.0,0.0,302.0,0.06373,0.0,0.0,0.06323,0.9992712802619605,1.0,384.2966147900014,300.0,384.1456147900014,300.0,0.05008230429122362,0.0
5994,1694109660000.0,0.0,0.0,302.0,0.06373,0.0,0.0,0.06336,0.9992712802619605,1.0,384.2966147900014,300.0,384.1848747900014,300.0,0.05008230429122362,0.0
5995,1694113260000.0,0.0,0.0,302.0,0.06373,0.0,0.0,0.06316,0.9992712802619605,1.0,384.2966147900014,300.0,384.1244747900014,300.0,0.05008230429122362,0.0
5996,1694116860000.0,0.0,0.0,302.0,0.06373,0.0,0.0,0.06304,0.9992712802619605,1.0,384.2966147900014,300.0,384.0882347900014,300.0,0.05008230429122362,0.0
5997,1694120460000.0,0.0,0.0,302.0,0.06373,0.0,0.0,0.06323,0.9992712802619605,1.0,384.2966147900014,300.0,384.1456147900014,300.0,0.05008230429122362,0.0
5998,1694124060000.0,0.0,0.0,302.0,0.06373,0.0,0.0,0.06347,0.9992712802619605,1.0,384.2966147900014,300.0,384.2180947900014,300.0,0.05008230429122362,0.0
5999,1694127660000.0,0.0,0.0,302.0,0.06373,0.0,0.0,0.06373,0.9992712802619605,1.0,384.2966147900014,300.0,384.2966147900014,300.0,0.05008230429122362,0.0
6000,1694131260000.0,0.0,0.0,302.0,0.06373,0.0,0.0,0.06365,0.9992712802619605,1.0,384.2966147900014,300.0,384.2724547900014,300.0,0.05008230429122362,0.0
6001,1694134860000.0,0.0,0.0,302.0,0.06373,0.0,0.0,0.06392,0.9992712802619605,1.0,384.2966147900014,300.0,384.3539947900014,300.0,0.05008230429122362,0.0
6002,1694138460000.0,0.0,0.0,302.0,0.06373,0.0,0.0,0.06364,0.9992712802619605,1.0,384.2966147900014,300.0,384.2694347900014,300.0,0.05008230429122362,0.0
6003,1694142060000.0,0.0,0.0,302.0,0.06373,0.0,0.0,0.06363,0.9992712802619605,1.0,384.2966147900014,300.0,384.2664147900014,300.0,0.05008230429122362,0.0
6004,1694145660000.0,0.0,0.0,302.0,0.06373,0.0,0.0,0.06377,0.9992712802619605,1.0,384.2966147900014,300.0,384.3086947900014,300.0,0.05008230429122362,0.0
6005,1694149260000.0,0.0,0.0,302.0,0.06373,0.0,0.0,0.06387,0.9992712802619605,1.0,384.2966147900014,300.0,384.3388947900014,300.0,0.05008230429122362,0.0
6006,1694152860000.0,0.0,0.0,302.0,0.06373,0.0,0.0,0.06354,0.9992712802619605,1.0,384.2966147900014,300.0,384.2392347900014,300.0,0.05008230429122362,0.0
6007,1694156460000.0,0.0,0.0,302.0,0.06373,0.0,0.0,0.06363,0.9992712802619605,1.0,384.2966147900014,300.0,384.2664147900014,300.0,0.05008230429122362,0.0
6008,1694160060000.0,0.0,0.0,302.0,0.06373,0.0,0.0,0.06366,0.9992712802619605,1.0,384.2966147900014,300.0,384.2754747900014,300.0,0.05008230429122362,0.0
6009,1694163660000.0,0.0,0.0,302.0,0.06373,0.0,0.0,0.06363,0.9992712802619605,1.0,384.2966147900014,300.0,384.2664147900014,300.0,0.05008230429122362,0.0
6010,1694167260000.0,0.0,0.0,302.0,0.06373,0.0,0.0,0.06315,0.9992712802619605,1.0,384.2966147900014,300.0,384.1214547900014,300.0,0.05008230429122362,0.0
6011,1694170860000.0,0.0,0.0,302.0,0.06373,0.0,0.0,0.0629,0.9992712802619605,1.0,384.2966147900014,300.0,384.0459547900014,300.0,0.05008230429122362,0.0
6012,1694174460000.0,0.0,0.0,302.0,0.06373,0.0,0.0,0.06286,0.9992712802619605,1.0,384.2966147900014,300.0,384.0338747900014,300.0,0.05008230429122362,0.0
6013,1694178060000.0,0.0,0.0,302.0,0.06373,0.0,0.0,0.06299,0.9992712802619605,1.0,384.2966147900014,300.0,384.0731347900014,300.0,0.05008230429122362,0.0
6014,1694181660000.0,0.0,0.0,302.0,0.06373,0.0,0.0,0.06303,0.9992712802619605,1.0,384.2966147900014,300.0,384.0852147900014,300.0,0.05008230429122362,0.0
6015,1694185260000.0,0.0,0.0,302.0,0.06373,0.0,0.0,0.06289,0.9992712802619605,1.0,384.2966147900014,300.0,384.0429347900014,300.0,0.05008230429122362,0.0
6016,1694188860000.0,0.0,0.0,302.0,0.06373,0.0,0.0,0.06291,0.9992712802619605,1.0,384.2966147900014,300.0,384.0489747900014,300.0,0.05008230429122362,0.0
6017,1694192460000.0,0.0,0.0,302.0,0.06373,0.0,0.0,0.06291,0.9992712802619605,1.0,384.2966147900014,300.0,384.0489747900014,300.0,0.05008230429122362,0.0
6018,1694196060000.0,0.0,0.0,302.0,0.06373,0.0,0.0,0.06304,0.9992712802619605,1.0,384.2966147900014,300.0,384.0882347900014,300.0,0.05008230429122362,0.0
6019,1694199660000.0,0.0,0.0,302.0,0.06373,0.0,0.0,0.06293,0.9992712802619605,1.0,384.2966147900014,300.0,384.0550147900014,300.0,0.05008230429122362,0.0
6020,1694203260000.0,0.0,0.0,302.0,0.06373,0.0,0.0,0.06322,0.9992712802619605,1.0,384.2966147900014,300.0,384.1425947900014,300.0,0.05008230429122362,0.0
6021,1694206860000.0,0.0,0.0,302.0,0.06373,0.0,0.0,0.06342,0.9992712802619605,1.0,384.2966147900014,300.0,384.2029947900014,300.0,0.05008230429122362,0.0
6022,1694210460000.0,0.0,0.0,302.0,0.06373,0.0,0.0,0.06332,0.9992712802619605,1.0,384.2966147900014,300.0,384.1727947900014,300.0,0.05008230429122362,0.0
6023,1694214060000.0,0.0,0.0,302.0,0.06373,0.0,0.0,0.06355,0.9992712802619605,1.0,384.2966147900014,300.0,384.2422547900014,300.0,0.05008230429122362,0.0
6024,1694217660000.0,0.0,0.0,302.0,0.06373,0.0,0.0,0.06372,0.9992712802619605,1.0,384.2966147900014,300.0,384.2935947900014,300.0,0.05008230429122362,0.0
6025,1694221260000.0,0.0,0.0,302.0,0.06373,0.0,0.0,0.06359,0.9992712802619605,1.0,384.2966147900014,300.0,384.2543347900014,300.0,0.05008230429122362,0.0
6026,1694224860000.0,0.0,0.0,302.0,0.06373,0.0,0.0,0.06371,0.9992712802619605,1.0,384.2966147900014,300.0,384.2905747900014,300.0,0.05008230429122362,0.0
6027,1694228460000.0,0.0,0.0,302.0,0.06373,0.0,0.0,0.06382,0.9992712802619605,1.0,384.2966147900014,300.0,384.3237947900014,300.0,0.05008230429122362,0.0
6028,1694232060000.0,0.0,0.0,302.0,0.06373,0.0,0.0,0.06362,0.9992712802619605,1.0,384.2966147900014,300.0,384.2633947900014,300.0,0.05008230429122362,0.0
6029,1694235660000.0,0.0,0.0,302.0,0.06373,0.0,0.0,0.06356,0.9992712802619605,1.0,384.2966147900014,300.0,384.2452747900014,300.0,0.05008230429122362,0.0
6030,1694239260000.0,0.0,0.0,302.0,0.06373,0.0,0.0,0.06334,0.9992712802619605,1.0,384.2966147900014,300.0,384.1788347900014,300.0,0.05008230429122362,0.0
6031,1694242860000.0,0.0,0.0,302.0,0.06373,0.0,0.0,0.06351,0.9992712802619605,1.0,384.2966147900014,300.0,384.2301747900014,300.0,0.05008230429122362,0.0
6032,1694246460000.0,0.0,0.0,302.0,0.06373,0.0,0.0,0.06346,0.9992712802619605,1.0,384.2966147900014,300.0,384.2150747900014,300.0,0.05008230429122362,0.0
6033,1694250060000.0,0.0,0.0,302.0,0.06373,0.0,0.0,0.06345,0.9992712802619605,1.0,384.2966147900014,300.0,384.2120547900014,300.0,0.05008230429122362,0.0
6034,1694253660000.0,0.0,0.0,302.0,0.06373,0.0,0.0,0.06356,0.9992712802619605,1.0,384.2966147900014,300.0,384.2452747900014,300.0,0.05008230429122362,0.0
6035,1694257260000.0,0.0,0.0,302.0,0.06373,0.0,0.0,0.06351,0.9992712802619605,1.0,384.2966147900014,300.0,384.2301747900014,300.0,0.05008230429122362,0.0
6036,1694260860000.0,0.0,0.0,302.0,0.06373,0.0,0.0,0.06364,0.9992712802619605,1.0,384.2966147900014,300.0,384.2694347900014,300.0,0.05008230429122362,0.0
6037,1694264460000.0,0.0,0.0,302.0,0.06373,0.0,0.0,0.06351,0.9992712802619605,1.0,384.2966147900014,300.0,384.2301747900014,300.0,0.05008230429122362,0.0
6038,1694268060000.0,0.0,0.0,302.0,0.06373,0.0,0.0,0.06339,0.9992712802619605,1.0,384.2966147900014,300.0,384.1939347900014,300.0,0.05008230429122362,0.0
6039,1694271660000.0,0.0,0.0,302.0,0.06373,0.0,0.0,0.06348,0.9992712802619605,1.0,384.2966147900014,300.0,384.2211147900014,300.0,0.05008230429122362,0.0
6040,1694275260000.0,0.0,0.0,302.0,0.06373,0.0,0.0,0.06357,0.9992712802619605,1.0,384.2966147900014,300.0,384.2482947900014,300.0,0.05008230429122362,0.0
6041,1694278860000.0,0.0,0.0,302.0,0.06373,0.0,0.0,0.06356,0.9992712802619605,1.0,384.2966147900014,300.0,384.2452747900014,300.0,0.05008230429122362,0.0
6042,1694282460000.0,0.0,0.0,302.0,0.06373,0.0,0.0,0.0635,0.9992712802619605,1.0,384.2966147900014,300.0,384.2271547900014,300.0,0.05008230429122362,0.0
6043,1694286060000.0,0.0,0.0,302.0,0.06373,0.0,0.0,0.06343,0.9992712802619605,1.0,384.2966147900014,300.0,384.2060147900014,300.0,0.05008230429122362,0.0
6044,1694289660000.0,0.0,0.0,302.0,0.06373,0.0,0.0,0.06347,0.9992712802619605,1.0,384.2966147900014,300.0,384.2180947900014,300.0,0.05008230429122362,0.0
6045,1694293260000.0,0.0,0.0,302.0,0.06373,0.0,0.0,0.06345,0.9992712802619605,1.0,384.2966147900014,300.0,384.2120547900014,300.0,0.05008230429122362,0.0
6046,1694296860000.0,0.0,0.0,302.0,0.06373,0.0,0.0,0.06355,0.9992712802619605,1.0,384.2966147900014,300.0,384.2422547900014,300.0,0.05008230429122362,0.0
6047,1694300460000.0,0.0,0.0,302.0,0.06373,0.0,0.0,0.06347,0.9992712802619605,1.0,384.2966147900014,300.0,384.2180947900014,300.0,0.05008230429122362,0.0
6048,1694304060000.0,0.0,0.0,302.0,0.06373,0.0,0.0,0.06336,0.9992712802619605,1.0,384.2966147900014,300.0,384.1848747900014,300.0,0.05008230429122362,0.0
6049,1694307660000.0,0.0,0.0,302.0,0.06373,0.0,0.0,0.06325,0.9992712802619605,1.0,384.2966147900014,300.0,384.1516547900014,300.0,0.05008230429122362,0.0
6050,1694311260000.0,0.0,0.0,302.0,0.06373,0.0,0.0,0.06325,0.9992712802619605,1.0,384.2966147900014,300.0,384.1516547900014,300.0,0.05008230429122362,0.0
6051,1694314860000.0,0.0,0.0,302.0,0.06373,0.0,0.0,0.06315,0.9992712802619605,1.0,384.2966147900014,300.0,384.1214547900014,300.0,0.05008230429122362,0.0
6052,1694318460000.0,0.0,0.0,302.0,0.06373,0.0,0.0,0.06299,0.9992712802619605,1.0,384.2966147900014,300.0,384.0731347900014,300.0,0.05008230429122362,0.0
6053,1694322060000.0,0.0,0.0,1381.0,0.061388848660391016,0.0,0.0,0.06174,0.9992712802619605,1.0,384.23108325000135,300.0,384.71602325000134,300.0,0.22064326311892596,0.0
6054,1694325660000.0,0.0,0.0,1381.0,0.061388848660391016,0.0,0.0,0.06184,0.9992712802619605,1.0,384.23108325000135,300.0,384.85412325000135,300.0,0.22064326311892596,0.0
6055,1694329260000.0,0.0,0.0,309.0,0.06225,0.0,0.0,0.06225,0.9992712802619605,1.0,385.2395264300014,300.0,385.2395264300014,300.0,0.04993062414506699,0.0
6056,1694332860000.0,0.0,0.0,309.0,0.06225,0.0,0.0,0.06211,0.9992712802619605,1.0,385.2395264300014,300.0,385.1962664300014,300.0,0.04993062414506699,0.0
6057,1694336460000.0,0.0,0.0,309.0,0.06225,0.0,0.0,0.06194,0.9992712802619605,1.0,385.2395264300014,300.0,385.14373643000135,300.0,0.04993062414506699,0.0
6058,1694340060000.0,0.0,0.0,309.0,0.06225,0.0,0.0,0.06186,0.9992712802619605,1.0,385.2395264300014,300.0,385.11901643000135,300.0,0.04993062414506699,0.0
6059,1694343660000.0,0.0,0.0,309.0,0.06225,0.0,0.0,0.06177,0.9992712802619605,1.0,385.2395264300014,300.0,385.09120643000136,300.0,0.04993062414506699,0.0
6060,1694347260000.0,0.0,0.0,309.0,0.06225,0.0,0.0,0.06177,0.9992712802619605,1.0,385.2395264300014,300.0,385.09120643000136,300.0,0.04993062414506699,0.0
6061,1694350860000.0,0.0,0.0,309.0,0.06225,0.0,0.0,0.06188,0.9992712802619605,1.0,385.2395264300014,300.0,385.1251964300014,300.0,0.04993062414506699,0.0
6062,1694354460000.0,0.0,0.0,309.0,0.06225,0.0,0.0,0.06192,0.9992712802619605,1.0,385.2395264300014,300.0,385.1375564300014,300.0,0.04993062414506699,0.0
6063,1694358060000.0,0.0,0.0,309.0,0.06225,0.0,0.0,0.06123,0.9992712802619605,1.0,385.2395264300014,300.0,384.9243464300014,300.0,0.04993062414506699,0.0
6064,1694361660000.0,0.0,0.0,309.0,0.06225,0.0,0.0,0.06141,0.9992712802619605,1.0,385.2395264300014,300.0,384.97996643000135,300.0,0.04993062414506699,0.0
6065,1694365260000.0,0.0,0.0,309.0,0.06225,0.0,0.0,0.06127,0.9992712802619605,1.0,385.2395264300014,300.0,384.9367064300014,300.0,0.04993062414506699,0.0
6066,1694368860000.0,0.0,0.0,309.0,0.06225,0.0,0.0,0.06102,0.9992712802619605,1.0,385.2395264300014,300.0,384.8594564300014,300.0,0.04993062414506699,0.0
6067,1694372460000.0,0.0,0.0,309.0,0.06225,0.0,0.0,0.06098,0.9992712802619605,1.0,385.2395264300014,300.0,384.8470964300014,300.0,0.04993062414506699,0.0
6068,1694376060000.0,0.0,0.0,309.0,0.06225,0.0,0.0,0.06116,0.9992712802619605,1.0,385.2395264300014,300.0,384.90271643000136,300.0,0.04993062414506699,0.0
6069,1694379660000.0,0.0,0.0,309.0,0.06225,0.0,0.0,0.0614,0.9992712802619605,1.0,385.2395264300014,300.0,384.97687643000137,300.0,0.04993062414506699,0.0
6070,1694383260000.0,0.0,0.0,309.0,0.06225,0.0,0.0,0.06157,0.9992712802619605,1.0,385.2395264300014,300.0,385.02940643000136,300.0,0.04993062414506699,0.0
6071,1694386860000.0,0.0,0.0,309.0,0.06225,0.0,0.0,0.0614,0.9992712802619605,1.0,385.2395264300014,300.0,384.97687643000137,300.0,0.04993062414506699,0.0
6072,1694390460000.0,0.0,0.0,309.0,0.06225,0.0,0.0,0.06135,0.9992712802619605,1.0,385.2395264300014,300.0,384.9614264300014,300.0,0.04993062414506699,0.0
6073,1694394060000.0,0.0,0.0,309.0,0.06225,0.0,0.0,0.06107,0.9992712802619605,1.0,385.2395264300014,300.0,384.8749064300014,300.0,0.04993062414506699,0.0
6074,1694397660000.0,0.0,0.0,309.0,0.06225,0.0,0.0,0.06092,0.9992712802619605,1.0,385.2395264300014,300.0,384.82855643000136,300.0,0.04993062414506699,0.0
6075,1694401260000.0,0.0,0.0,309.0,0.06225,0.0,0.0,0.06126,0.9992712802619605,1.0,385.2395264300014,300.0,384.9336164300014,300.0,0.04993062414506699,0.0
6076,1694404860000.0,0.0,0.0,309.0,0.06225,0.0,0.0,0.06121,0.9992712802619605,1.0,385.2395264300014,300.0,384.91816643000135,300.0,0.04993062414506699,0.0
6077,1694408460000.0,0.0,0.0,309.0,0.06225,0.0,0.0,0.06123,0.9992712802619605,1.0,385.2395264300014,300.0,384.9243464300014,300.0,0.04993062414506699,0.0
6078,1694412060000.0,0.0,0.0,309.0,0.06225,0.0,0.0,0.06145,0.9992712802619605,1.0,385.2395264300014,300.0,384.99232643000136,300.0,0.04993062414506699,0.0
6079,1694415660000.0,0.0,0.0,309.0,0.06225,0.0,0.0,0.06186,0.9992712802619605,1.0,385.2395264300014,300.0,385.11901643000135,300.0,0.04993062414506699,0.0
6080,1694419260000.0,0.0,0.0,309.0,0.06225,0.0,0.0,0.06183,0.9992712802619605,1.0,385.2395264300014,300.0,385.1097464300014,300.0,0.04993062414506699,0.0
6081,1694422860000.0,0.0,0.0,309.0,0.06225,0.0,0.0,0.0615,0.9992712802619605,1.0,385.2395264300014,300.0,385.0077764300014,300.0,0.04993062414506699,0.0
6082,1694426460000.0,0.0,0.0,309.0,0.06225,0.0,0.0,0.06084,0.9992712802619605,1.0,385.2395264300014,300.0,384.80383643000135,300.0,0.04993062414506699,0.0
6083,1694430060000.0,0.0,0.0,661.0,0.061174296520423596,0.0,0.0,0.06045,0.9992712802619605,1.0,385.2183254700014,300.0,384.73956547000137,300.0,0.10496959081752963,0.0
6084,1694433660000.0,0.0,0.0,661.0,0.061174296520423596,0.0,0.0,0.06024,0.9992712802619605,1.0,385.2183254700014,300.0,384.6007554700014,300.0,0.10496959081752963,0.0
6085,1694437260000.0,0.0,0.0,661.0,0.061174296520423596,0.0,0.0,0.06053,0.9992712802619605,1.0,385.2183254700014,300.0,384.7924454700014,300.0,0.10496959081752963,0.0
6086,1694440860000.0,0.0,0.0,661.0,0.061174296520423596,0.0,0.0,0.06027,0.9992712802619605,1.0,385.2183254700014,300.0,384.6205854700014,300.0,0.10496959081752963,0.0
6087,1694444460000.0,0.0,0.0,661.0,0.061174296520423596,0.0,0.0,0.06005,0.9992712802619605,1.0,385.2183254700014,300.0,384.4751654700014,300.0,0.10496959081752963,0.0
6088,1694448060000.0,0.0,0.0,661.0,0.061174296520423596,0.0,0.0,0.06024,0.9992712802619605,1.0,385.2183254700014,300.0,384.6007554700014,300.0,0.10496959081752963,0.0
6089,1694451660000.0,0.0,0.0,661.0,0.061174296520423596,0.0,0.0,0.06013,0.9992712802619605,1.0,385.2183254700014,300.0,384.5280454700014,300.0,0.10496959081752963,0.0
6090,1694455260000.0,0.0,0.0,661.0,0.061174296520423596,0.0,0.0,0.06032,0.9992712802619605,1.0,385.2183254700014,300.0,384.6536354700014,300.0,0.10496959081752963,0.0
6091,1694458860000.0,0.0,0.0,661.0,0.061174296520423596,0.0,0.0,0.05996,0.9992712802619605,1.0,385.2183254700014,300.0,384.4156754700014,300.0,0.10496959081752963,0.0
6092,1694462460000.0,0.0,0.0,661.0,0.061174296520423596,0.0,0.0,0.05956,0.9992712802619605,1.0,385.2183254700014,300.0,384.1512754700014,300.0,0.10496959081752963,0.0
6093,1694466060000.0,0.0,0.0,661.0,0.061174296520423596,0.0,0.0,0.06018,0.9992712802619605,1.0,385.2183254700014,300.0,384.56109547000136,300.0,0.10496959081752963,0.0
6094,1694469660000.0,0.0,0.0,661.0,0.061174296520423596,0.0,0.0,0.0603,0.9992712802619605,1.0,385.2183254700014,300.0,384.6404154700014,300.0,0.10496959081752963,0.0
6095,1694473260000.0,0.0,0.0,661.0,0.061174296520423596,0.0,0.0,0.06035,0.9992712802619605,1.0,385.2183254700014,300.0,384.6734654700014,300.0,0.10496959081752963,0.0
6096,1694476860000.0,0.0,0.0,661.0,0.061174296520423596,0.0,0.0,0.06052,0.9992712802619605,1.0,385.2183254700014,300.0,384.7858354700014,300.0,0.10496959081752963,0.0
6097,1694480460000.0,0.0,0.0,661.0,0.061174296520423596,0.0,0.0,0.06076,0.9992712802619605,1.0,385.2183254700014,300.0,384.9444754700014,300.0,0.10496959081752963,0.0
6098,1694484060000.0,0.0,0.0,661.0,0.061174296520423596,0.0,0.0,0.06069,0.9992712802619605,1.0,385.2183254700014,300.0,384.8982054700014,300.0,0.10496959081752963,0.0
6099,1694487660000.0,0.0,0.0,661.0,0.061174296520423596,0.0,0.0,0.06089,0.9992712802619605,1.0,385.2183254700014,300.0,385.03040547000137,300.0,0.10496959081752963,0.0
6100,1694491260000.0,0.0,0.0,0.0,0.061174296520423596,0.0,0.0,0.06166,0.9992712802619605,1.0,385.7231334700014,300.0,385.7231334700014,300.0,0.0,0.0
6101,1694494860000.0,0.0,0.0,0.0,0.061174296520423596,0.0,0.0,0.06116,0.9992712802619605,1.0,385.7231334700014,300.0,385.7231334700014,300.0,0.0,0.0
6102,1694498460000.0,0.0,0.0,0.0,0.061174296520423596,0.0,0.0,0.06137,0.9992712802619605,1.0,385.7231334700014,300.0,385.7231334700014,300.0,0.0,0.0
6103,1694502060000.0,0.0,0.0,0.0,0.061174296520423596,0.0,0.0,0.06119,0.9992712802619605,1.0,385.7231334700014,300.0,385.7231334700014,300.0,0.0,0.0
6104,1694505660000.0,0.0,0.0,0.0,0.061174296520423596,0.0,0.0,0.06103,0.9992712802619605,1.0,385.7231334700014,300.0,385.7231334700014,300.0,0.0,0.0
6105,1694509260000.0,0.0,0.0,0.0,0.061174296520423596,0.0,0.0,0.06091,0.9992712802619605,1.0,385.7231334700014,300.0,385.7231334700014,300.0,0.0,0.0
6106,1694512860000.0,0.0,0.0,0.0,0.061174296520423596,0.0,0.0,0.06128,0.9992712802619605,1.0,385.7231334700014,300.0,385.7231334700014,300.0,0.0,0.0
6107,1694516460000.0,0.0,0.0,0.0,0.061174296520423596,0.0,0.0,0.06181,0.9992712802619605,1.0,385.7231334700014,300.0,385.7231334700014,300.0,0.0,0.0
6108,1694520060000.0,0.0,0.0,0.0,0.061174296520423596,0.0,0.0,0.06182,0.9992712802619605,1.0,385.7231334700014,300.0,385.7231334700014,300.0,0.0,0.0
6109,1694523660000.0,0.0,0.0,0.0,0.061174296520423596,0.0,0.0,0.06151,0.9992712802619605,1.0,385.7231334700014,300.0,385.7231334700014,300.0,0.0,0.0
6110,1694527260000.0,0.0,0.0,0.0,0.061174296520423596,0.0,0.0,0.06182,0.9992712802619605,1.0,385.7231334700014,300.0,385.7231334700014,300.0,0.0,0.0
6111,1694530860000.0,0.0,0.0,0.0,0.061174296520423596,0.0,0.0,0.06145,0.9992712802619605,1.0,385.7231334700014,300.0,385.7231334700014,300.0,0.0,0.0
6112,1694534460000.0,0.0,0.0,0.0,0.061174296520423596,0.0,0.0,0.06146,0.9992712802619605,1.0,385.7231334700014,300.0,385.7231334700014,300.0,0.0,0.0
6113,1694538060000.0,0.0,0.0,0.0,0.061174296520423596,0.0,0.0,0.06133,0.9992712802619605,1.0,385.7231334700014,300.0,385.7231334700014,300.0,0.0,0.0
6114,1694541660000.0,0.0,0.0,316.0,0.06102,0.0,0.0,0.06101,0.9992712802619605,1.0,385.7038511500014,300.0,385.70069115000143,300.0,0.049992552427227506,0.0
6115,1694545260000.0,0.0,0.0,316.0,0.06102,0.0,0.0,0.06127,0.9992712802619605,1.0,385.7038511500014,300.0,385.7828511500014,300.0,0.049992552427227506,0.0
6116,1694548860000.0,0.0,0.0,316.0,0.06102,0.0,0.0,0.0612,0.9992712802619605,1.0,385.7038511500014,300.0,385.7607311500014,300.0,0.049992552427227506,0.0
6117,1694552460000.0,0.0,0.0,316.0,0.06102,0.0,0.0,0.06119,0.9992712802619605,1.0,385.7038511500014,300.0,385.7575711500014,300.0,0.049992552427227506,0.0
6118,1694556060000.0,0.0,0.0,316.0,0.06102,0.0,0.0,0.06124,0.9992712802619605,1.0,385.7038511500014,300.0,385.7733711500014,300.0,0.049992552427227506,0.0
6119,1694559660000.0,0.0,0.0,316.0,0.06102,0.0,0.0,0.06106,0.9992712802619605,1.0,385.7038511500014,300.0,385.7164911500014,300.0,0.049992552427227506,0.0
6120,1694563260000.0,0.0,0.0,316.0,0.06102,0.0,0.0,0.06089,0.9992712802619605,1.0,385.7038511500014,300.0,385.6627711500014,300.0,0.049992552427227506,0.0
6121,1694566860000.0,0.0,0.0,316.0,0.06102,0.0,0.0,0.0611,0.9992712802619605,1.0,385.7038511500014,300.0,385.7291311500014,300.0,0.049992552427227506,0.0
6122,1694570460000.0,0.0,0.0,316.0,0.06102,0.0,0.0,0.06109,0.9992712802619605,1.0,385.7038511500014,300.0,385.7259711500014,300.0,0.049992552427227506,0.0
6123,1694574060000.0,0.0,0.0,316.0,0.06102,0.0,0.0,0.06075,0.9992712802619605,1.0,385.7038511500014,300.0,385.6185311500014,300.0,0.049992552427227506,0.0
6124,1694577660000.0,0.0,0.0,316.0,0.06102,0.0,0.0,0.06071,0.9992712802619605,1.0,385.7038511500014,300.0,385.6058911500014,300.0,0.049992552427227506,0.0
6125,1694581260000.0,0.0,0.0,316.0,0.06102,0.0,0.0,0.06082,0.9992712802619605,1.0,385.7038511500014,300.0,385.6406511500014,300.0,0.049992552427227506,0.0
6126,1694584860000.0,0.0,0.0,316.0,0.06102,0.0,0.0,0.06067,0.9992712802619605,1.0,385.7038511500014,300.0,385.59325115000144,300.0,0.049992552427227506,0.0
6127,1694588460000.0,0.0,0.0,316.0,0.06102,0.0,0.0,0.06092,0.9992712802619605,1.0,385.7038511500014,300.0,385.6722511500014,300.0,0.049992552427227506,0.0
6128,1694592060000.0,0.0,0.0,316.0,0.06102,0.0,0.0,0.06085,0.9992712802619605,1.0,385.7038511500014,300.0,385.6501311500014,300.0,0.049992552427227506,0.0
6129,1694595660000.0,0.0,0.0,316.0,0.06102,0.0,0.0,0.06118,0.9992712802619605,1.0,385.7038511500014,300.0,385.75441115000143,300.0,0.049992552427227506,0.0
6130,1694599260000.0,0.0,0.0,316.0,0.06102,0.0,0.0,0.06135,0.9992712802619605,1.0,385.7038511500014,300.0,385.80813115000143,300.0,0.049992552427227506,0.0
6131,1694602860000.0,0.0,0.0,316.0,0.06102,0.0,0.0,0.06124,0.9992712802619605,1.0,385.7038511500014,300.0,385.7733711500014,300.0,0.049992552427227506,0.0
6132,1694606460000.0,0.0,0.0,316.0,0.06102,0.0,0.0,0.06129,0.9992712802619605,1.0,385.7038511500014,300.0,385.78917115000144,300.0,0.049992552427227506,0.0
6133,1694610060000.0,0.0,0.0,316.0,0.06102,0.0,0.0,0.06118,0.9992712802619605,1.0,385.7038511500014,300.0,385.75441115000143,300.0,0.049992552427227506,0.0
6134,1694613660000.0,0.0,0.0,316.0,0.06102,0.0,0.0,0.06105,0.9992712802619605,1.0,385.7038511500014,300.0,385.7133311500014,300.0,0.049992552427227506,0.0
6135,1694617260000.0,0.0,0.0,316.0,0.06102,0.0,0.0,0.06119,0.9992712802619605,1.0,385.7038511500014,300.0,385.7575711500014,300.0,0.049992552427227506,0.0
6136,1694620860000.0,0.0,0.0,316.0,0.06102,0.0,0.0,0.06127,0.9992712802619605,1.0,385.7038511500014,300.0,385.7828511500014,300.0,0.049992552427227506,0.0
6137,1694624460000.0,0.0,0.0,316.0,0.06102,0.0,0.0,0.0613,0.9992712802619605,1.0,385.7038511500014,300.0,385.7923311500014,300.0,0.049992552427227506,0.0
6138,1694628060000.0,0.0,0.0,316.0,0.06102,0.0,0.0,0.06098,0.9992712802619605,1.0,385.7038511500014,300.0,385.69121115000144,300.0,0.049992552427227506,0.0
6139,1694631660000.0,0.0,0.0,316.0,0.06102,0.0,0.0,0.06088,0.9992712802619605,1.0,385.7038511500014,300.0,385.6596111500014,300.0,0.049992552427227506,0.0
6140,1694635260000.0,0.0,0.0,316.0,0.06102,0.0,0.0,0.06101,0.9992712802619605,1.0,385.7038511500014,300.0,385.70069115000143,300.0,0.049992552427227506,0.0
6141,1694638860000.0,0.0,0.0,316.0,0.06102,0.0,0.0,0.06119,0.9992712802619605,1.0,385.7038511500014,300.0,385.7575711500014,300.0,0.049992552427227506,0.0
6142,1694642460000.0,0.0,0.0,316.0,0.06102,0.0,0.0,0.06122,0.9992712802619605,1.0,385.7038511500014,300.0,385.7670511500014,300.0,0.049992552427227506,0.0
6143,1694646060000.0,0.0,0.0,316.0,0.06102,0.0,0.0,0.06124,0.9992712802619605,1.0,385.7038511500014,300.0,385.7733711500014,300.0,0.049992552427227506,0.0
6144,1694649660000.0,0.0,0.0,316.0,0.06102,0.0,0.0,0.06126,0.9992712802619605,1.0,385.7038511500014,300.0,385.77969115000144,300.0,0.049992552427227506,0.0
6145,1694653260000.0,0.0,0.0,0.0,0.06102,0.0,0.0,0.0619,0.9992712802619605,1.0,385.9434297100014,300.0,385.9434297100014,300.0,0.0,0.0
6146,1694656860000.0,0.0,0.0,0.0,0.06102,0.0,0.0,0.06132,0.9992712802619605,1.0,385.9434297100014,300.0,385.9434297100014,300.0,0.0,0.0
6147,1694660460000.0,0.0,0.0,0.0,0.06102,0.0,0.0,0.06139,0.9992712802619605,1.0,385.9434297100014,300.0,385.9434297100014,300.0,0.0,0.0
6148,1694664060000.0,0.0,0.0,0.0,0.06102,0.0,0.0,0.06131,0.9992712802619605,1.0,385.9434297100014,300.0,385.9434297100014,300.0,0.0,0.0
6149,1694667660000.0,0.0,0.0,0.0,0.06102,0.0,0.0,0.06118,0.9992712802619605,1.0,385.9434297100014,300.0,385.9434297100014,300.0,0.0,0.0
6150,1694671260000.0,0.0,0.0,0.0,0.06102,0.0,0.0,0.06114,0.9992712802619605,1.0,385.9434297100014,300.0,385.9434297100014,300.0,0.0,0.0
6151,1694674860000.0,0.0,0.0,0.0,0.06102,0.0,0.0,0.06121,0.9992712802619605,1.0,385.9434297100014,300.0,385.9434297100014,300.0,0.0,0.0
6152,1694678460000.0,0.0,0.0,0.0,0.06102,0.0,0.0,0.06139,0.9992712802619605,1.0,385.9434297100014,300.0,385.9434297100014,300.0,0.0,0.0
6153,1694682060000.0,0.0,0.0,0.0,0.06102,0.0,0.0,0.06133,0.9992712802619605,1.0,385.9434297100014,300.0,385.9434297100014,300.0,0.0,0.0
6154,1694685660000.0,0.0,0.0,0.0,0.06102,0.0,0.0,0.06133,0.9992712802619605,1.0,385.9434297100014,300.0,385.9434297100014,300.0,0.0,0.0
6155,1694689260000.0,0.0,0.0,0.0,0.06102,0.0,0.0,0.06146,0.9992712802619605,1.0,385.9434297100014,300.0,385.9434297100014,300.0,0.0,0.0
6156,1694692860000.0,0.0,0.0,0.0,0.06102,0.0,0.0,0.06159,0.9992712802619605,1.0,385.9434297100014,300.0,385.9434297100014,300.0,0.0,0.0
6157,1694696460000.0,0.0,0.0,0.0,0.06102,0.0,0.0,0.06162,0.9992712802619605,1.0,385.9434297100014,300.0,385.9434297100014,300.0,0.0,0.0
6158,1694700060000.0,0.0,0.0,0.0,0.06102,0.0,0.0,0.06164,0.9992712802619605,1.0,385.9434297100014,300.0,385.9434297100014,300.0,0.0,0.0
6159,1694703660000.0,0.0,0.0,0.0,0.06102,0.0,0.0,0.06192,0.9992712802619605,1.0,385.9434297100014,300.0,385.9434297100014,300.0,0.0,0.0
6160,1694707260000.0,0.0,0.0,0.0,0.06102,0.0,0.0,0.0618,0.9992712802619605,1.0,385.9434297100014,300.0,385.9434297100014,300.0,0.0,0.0
6161,1694710860000.0,0.0,0.0,0.0,0.06102,0.0,0.0,0.06173,0.9992712802619605,1.0,385.9434297100014,300.0,385.9434297100014,300.0,0.0,0.0
6162,1694714460000.0,0.0,0.0,0.0,0.06102,0.0,0.0,0.06221,0.9992712802619605,1.0,385.9434297100014,300.0,385.9434297100014,300.0,0.0,0.0
6163,1694718060000.0,0.0,0.0,0.0,0.06102,0.0,0.0,0.06197,0.9992712802619605,1.0,385.9434297100014,300.0,385.9434297100014,300.0,0.0,0.0
6164,1694721660000.0,0.0,0.0,0.0,0.06102,0.0,0.0,0.0623,0.9992712802619605,1.0,385.9434297100014,300.0,385.9434297100014,300.0,0.0,0.0
6165,1694725260000.0,0.0,0.0,0.0,0.06102,0.0,0.0,0.06201,0.9992712802619605,1.0,385.9434297100014,300.0,385.9434297100014,300.0,0.0,0.0
6166,1694728860000.0,0.0,0.0,0.0,0.06102,0.0,0.0,0.0621,0.9992712802619605,1.0,385.9434297100014,300.0,385.9434297100014,300.0,0.0,0.0
6167,1694732460000.0,0.0,0.0,0.0,0.06102,0.0,0.0,0.06226,0.9992712802619605,1.0,385.9434297100014,300.0,385.9434297100014,300.0,0.0,0.0
6168,1694736060000.0,0.0,0.0,0.0,0.06102,0.0,0.0,0.06213,0.9992712802619605,1.0,385.9434297100014,300.0,385.9434297100014,300.0,0.0,0.0
6169,1694739660000.0,0.0,0.0,0.0,0.06102,0.0,0.0,0.06197,0.9992712802619605,1.0,385.9434297100014,300.0,385.9434297100014,300.0,0.0,0.0
6170,1694743260000.0,0.0,0.0,0.0,0.06102,0.0,0.0,0.06221,0.9992712802619605,1.0,385.9434297100014,300.0,385.9434297100014,300.0,0.0,0.0
6171,1694746860000.0,0.0,0.0,0.0,0.06102,0.0,0.0,0.06213,0.9992712802619605,1.0,385.9434297100014,300.0,385.9434297100014,300.0,0.0,0.0
6172,1694750460000.0,0.0,0.0,0.0,0.06102,0.0,0.0,0.06214,0.9992712802619605,1.0,385.9434297100014,300.0,385.9434297100014,300.0,0.0,0.0
6173,1694754060000.0,0.0,0.0,0.0,0.06102,0.0,0.0,0.06213,0.9992712802619605,1.0,385.9434297100014,300.0,385.9434297100014,300.0,0.0,0.0
6174,1694757660000.0,0.0,0.0,0.0,0.06102,0.0,0.0,0.06205,0.9992712802619605,1.0,385.9434297100014,300.0,385.9434297100014,300.0,0.0,0.0
6175,1694761260000.0,0.0,0.0,0.0,0.06102,0.0,0.0,0.06202,0.9992712802619605,1.0,385.9434297100014,300.0,385.9434297100014,300.0,0.0,0.0
6176,1694764860000.0,0.0,0.0,0.0,0.06102,0.0,0.0,0.06182,0.9992712802619605,1.0,385.9434297100014,300.0,385.9434297100014,300.0,0.0,0.0
6177,1694768460000.0,0.0,0.0,0.0,0.06102,0.0,0.0,0.06205,0.9992712802619605,1.0,385.9434297100014,300.0,385.9434297100014,300.0,0.0,0.0
6178,1694772060000.0,0.0,0.0,0.0,0.06102,0.0,0.0,0.06194,0.9992712802619605,1.0,385.9434297100014,300.0,385.9434297100014,300.0,0.0,0.0
6179,1694775660000.0,0.0,0.0,0.0,0.06102,0.0,0.0,0.06199,0.9992712802619605,1.0,385.9434297100014,300.0,385.9434297100014,300.0,0.0,0.0
6180,1694779260000.0,0.0,0.0,313.0,0.06172,0.0,0.0,0.06171,0.9992712802619605,1.0,385.9241113500014,300.0,385.9209813500014,300.0,0.05005740618906248,0.0
6181,1694782860000.0,0.0,0.0,313.0,0.06172,0.0,0.0,0.06172,0.9992712802619605,1.0,385.9241113500014,300.0,385.9241113500014,300.0,0.05005740618906248,0.0
6182,1694786460000.0,0.0,0.0,313.0,0.06172,0.0,0.0,0.06175,0.9992712802619605,1.0,385.9241113500014,300.0,385.9335013500014,300.0,0.05005740618906248,0.0
6183,1694790060000.0,0.0,0.0,313.0,0.06172,0.0,0.0,0.0615,0.9992712802619605,1.0,385.9241113500014,300.0,385.8552513500014,300.0,0.05005740618906248,0.0
6184,1694793660000.0,0.0,0.0,313.0,0.06172,0.0,0.0,0.06186,0.9992712802619605,1.0,385.9241113500014,300.0,385.9679313500014,300.0,0.05005740618906248,0.0
6185,1694797260000.0,0.0,0.0,313.0,0.06172,0.0,0.0,0.06197,0.9992712802619605,1.0,385.9241113500014,300.0,386.0023613500014,300.0,0.05005740618906248,0.0
6186,1694800860000.0,0.0,0.0,313.0,0.06172,0.0,0.0,0.06188,0.9992712802619605,1.0,385.9241113500014,300.0,385.9741913500014,300.0,0.05005740618906248,0.0
6187,1694804460000.0,0.0,0.0,313.0,0.06172,0.0,0.0,0.06182,0.9992712802619605,1.0,385.9241113500014,300.0,385.9554113500014,300.0,0.05005740618906248,0.0
6188,1694808060000.0,0.0,0.0,313.0,0.06172,0.0,0.0,0.06194,0.9992712802619605,1.0,385.9241113500014,300.0,385.9929713500014,300.0,0.05005740618906248,0.0
6189,1694811660000.0,0.0,0.0,313.0,0.06172,0.0,0.0,0.06207,0.9992712802619605,1.0,385.9241113500014,300.0,386.0336613500014,300.0,0.05005740618906248,0.0
6190,1694815260000.0,0.0,0.0,313.0,0.06172,0.0,0.0,0.06226,0.9992712802619605,1.0,385.9241113500014,300.0,386.0931313500014,300.0,0.05005740618906248,0.0
6191,1694818860000.0,0.0,0.0,0.0,0.06172,0.0,0.0,0.06272,0.9992712802619605,1.0,386.16432320000143,300.0,386.16432320000143,300.0,0.0,0.0
6192,1694822460000.0,0.0,0.0,0.0,0.06172,0.0,0.0,0.06252,0.9992712802619605,1.0,386.16432320000143,300.0,386.16432320000143,300.0,0.0,0.0
6193,1694826060000.0,0.0,0.0,0.0,0.06172,0.0,0.0,0.06242,0.9992712802619605,1.0,386.16432320000143,300.0,386.16432320000143,300.0,0.0,0.0
6194,1694829660000.0,0.0,0.0,0.0,0.06172,0.0,0.0,0.06256,0.9992712802619605,1.0,386.16432320000143,300.0,386.16432320000143,300.0,0.0,0.0
6195,1694833260000.0,0.0,0.0,0.0,0.06172,0.0,0.0,0.06279,0.9992712802619605,1.0,386.16432320000143,300.0,386.16432320000143,300.0,0.0,0.0
6196,1694836860000.0,0.0,0.0,0.0,0.06172,0.0,0.0,0.06239,0.9992712802619605,1.0,386.16432320000143,300.0,386.16432320000143,300.0,0.0,0.0
6197,1694840460000.0,0.0,0.0,0.0,0.06172,0.0,0.0,0.06241,0.9992712802619605,1.0,386.16432320000143,300.0,386.16432320000143,300.0,0.0,0.0
6198,1694844060000.0,0.0,0.0,0.0,0.06172,0.0,0.0,0.06232,0.9992712802619605,1.0,386.16432320000143,300.0,386.16432320000143,300.0,0.0,0.0
6199,1694847660000.0,0.0,0.0,0.0,0.06172,0.0,0.0,0.06224,0.9992712802619605,1.0,386.16432320000143,300.0,386.16432320000143,300.0,0.0,0.0
6200,1694851260000.0,0.0,0.0,0.0,0.06172,0.0,0.0,0.06226,0.9992712802619605,1.0,386.16432320000143,300.0,386.16432320000143,300.0,0.0,0.0
6201,1694854860000.0,0.0,0.0,311.0,0.06202,0.0,0.0,0.06224,0.9992712802619605,1.0,386.1450349800014,300.0,386.2134549800014,300.0,0.049950713469613675,0.0
6202,1694858460000.0,0.0,0.0,311.0,0.06202,0.0,0.0,0.06222,0.9992712802619605,1.0,386.1450349800014,300.0,386.20723498000143,300.0,0.049950713469613675,0.0
6203,1694862060000.0,0.0,0.0,311.0,0.06202,0.0,0.0,0.06242,0.9992712802619605,1.0,386.1450349800014,300.0,386.2694349800014,300.0,0.049950713469613675,0.0
6204,1694865660000.0,0.0,0.0,311.0,0.06202,0.0,0.0,0.06233,0.9992712802619605,1.0,386.1450349800014,300.0,386.2414449800014,300.0,0.049950713469613675,0.0
6205,1694869260000.0,0.0,0.0,311.0,0.06202,0.0,0.0,0.06231,0.9992712802619605,1.0,386.1450349800014,300.0,386.2352249800014,300.0,0.049950713469613675,0.0
6206,1694872860000.0,0.0,0.0,311.0,0.06202,0.0,0.0,0.06223,0.9992712802619605,1.0,386.1450349800014,300.0,386.2103449800014,300.0,0.049950713469613675,0.0
6207,1694876460000.0,0.0,0.0,311.0,0.06202,0.0,0.0,0.06202,0.9992712802619605,1.0,386.1450349800014,300.0,386.1450349800014,300.0,0.049950713469613675,0.0
6208,1694880060000.0,0.0,0.0,311.0,0.06202,0.0,0.0,0.06213,0.9992712802619605,1.0,386.1450349800014,300.0,386.1792449800014,300.0,0.049950713469613675,0.0
6209,1694883660000.0,0.0,0.0,311.0,0.06202,0.0,0.0,0.06217,0.9992712802619605,1.0,386.1450349800014,300.0,386.1916849800014,300.0,0.049950713469613675,0.0
6210,1694887260000.0,0.0,0.0,311.0,0.06202,0.0,0.0,0.06222,0.9992712802619605,1.0,386.1450349800014,300.0,386.20723498000143,300.0,0.049950713469613675,0.0
6211,1694890860000.0,0.0,0.0,311.0,0.06202,0.0,0.0,0.06215,0.9992712802619605,1.0,386.1450349800014,300.0,386.1854649800014,300.0,0.049950713469613675,0.0
6212,1694894460000.0,0.0,0.0,311.0,0.06202,0.0,0.0,0.06198,0.9992712802619605,1.0,386.1450349800014,300.0,386.1325949800014,300.0,0.049950713469613675,0.0
6213,1694898060000.0,0.0,0.0,311.0,0.06202,0.0,0.0,0.06201,0.9992712802619605,1.0,386.1450349800014,300.0,386.1419249800014,300.0,0.049950713469613675,0.0
6214,1694901660000.0,0.0,0.0,311.0,0.06202,0.0,0.0,0.06215,0.9992712802619605,1.0,386.1450349800014,300.0,386.1854649800014,300.0,0.049950713469613675,0.0
6215,1694905260000.0,0.0,0.0,311.0,0.06202,0.0,0.0,0.06209,0.9992712802619605,1.0,386.1450349800014,300.0,386.1668049800014,300.0,0.049950713469613675,0.0
6216,1694908860000.0,0.0,0.0,311.0,0.06202,0.0,0.0,0.06208,0.9992712802619605,1.0,386.1450349800014,300.0,386.1636949800014,300.0,0.049950713469613675,0.0
6217,1694912460000.0,0.0,0.0,311.0,0.06202,0.0,0.0,0.06142,0.9992712802619605,1.0,386.1450349800014,300.0,385.9584349800014,300.0,0.049950713469613675,0.0
6218,1694916060000.0,0.0,0.0,311.0,0.06202,0.0,0.0,0.06183,0.9992712802619605,1.0,386.1450349800014,300.0,386.0859449800014,300.0,0.049950713469613675,0.0
6219,1694919660000.0,0.0,0.0,311.0,0.06202,0.0,0.0,0.06188,0.9992712802619605,1.0,386.1450349800014,300.0,386.1014949800014,300.0,0.049950713469613675,0.0
6220,1694923260000.0,0.0,0.0,311.0,0.06202,0.0,0.0,0.06196,0.9992712802619605,1.0,386.1450349800014,300.0,386.1263749800014,300.0,0.049950713469613675,0.0
6221,1694926860000.0,0.0,0.0,311.0,0.06202,0.0,0.0,0.06223,0.9992712802619605,1.0,386.1450349800014,300.0,386.2103449800014,300.0,0.049950713469613675,0.0
6222,1694930460000.0,0.0,0.0,311.0,0.06202,0.0,0.0,0.06229,0.9992712802619605,1.0,386.1450349800014,300.0,386.22900498000143,300.0,0.049950713469613675,0.0
6223,1694934060000.0,0.0,0.0,311.0,0.06202,0.0,0.0,0.06246,0.9992712802619605,1.0,386.1450349800014,300.0,386.2818749800014,300.0,0.049950713469613675,0.0
6224,1694937660000.0,0.0,0.0,311.0,0.06202,0.0,0.0,0.06218,0.9992712802619605,1.0,386.1450349800014,300.0,386.1947949800014,300.0,0.049950713469613675,0.0
6225,1694941260000.0,0.0,0.0,311.0,0.06202,0.0,0.0,0.06227,0.9992712802619605,1.0,386.1450349800014,300.0,386.2227849800014,300.0,0.049950713469613675,0.0
6226,1694944860000.0,0.0,0.0,311.0,0.06202,0.0,0.0,0.06228,0.9992712802619605,1.0,386.1450349800014,300.0,386.2258949800014,300.0,0.049950713469613675,0.0
6227,1694948460000.0,0.0,0.0,311.0,0.06202,0.0,0.0,0.06224,0.9992712802619605,1.0,386.1450349800014,300.0,386.2134549800014,300.0,0.049950713469613675,0.0
6228,1694952060000.0,0.0,0.0,311.0,0.06202,0.0,0.0,0.06228,0.9992712802619605,1.0,386.1450349800014,300.0,386.2258949800014,300.0,0.049950713469613675,0.0
6229,1694955660000.0,0.0,0.0,311.0,0.06202,0.0,0.0,0.06229,0.9992712802619605,1.0,386.1450349800014,300.0,386.22900498000143,300.0,0.049950713469613675,0.0
6230,1694959260000.0,0.0,0.0,311.0,0.06202,0.0,0.0,0.0621,0.9992712802619605,1.0,386.1450349800014,300.0,386.1699149800014,300.0,0.049950713469613675,0.0
6231,1694962860000.0,0.0,0.0,311.0,0.06202,0.0,0.0,0.06203,0.9992712802619605,1.0,386.1450349800014,300.0,386.1481449800014,300.0,0.049950713469613675,0.0
6232,1694966460000.0,0.0,0.0,311.0,0.06202,0.0,0.0,0.06201,0.9992712802619605,1.0,386.1450349800014,300.0,386.1419249800014,300.0,0.049950713469613675,0.0
6233,1694970060000.0,0.0,0.0,311.0,0.06202,0.0,0.0,0.0617,0.9992712802619605,1.0,386.1450349800014,300.0,386.0455149800014,300.0,0.049950713469613675,0.0
6234,1694973660000.0,0.0,0.0,311.0,0.06202,0.0,0.0,0.06144,0.9992712802619605,1.0,386.1450349800014,300.0,385.9646549800014,300.0,0.049950713469613675,0.0
6235,1694977260000.0,0.0,0.0,311.0,0.06202,0.0,0.0,0.06167,0.9992712802619605,1.0,386.1450349800014,300.0,386.0361849800014,300.0,0.049950713469613675,0.0
6236,1694980860000.0,0.0,0.0,311.0,0.06202,0.0,0.0,0.0616,0.9992712802619605,1.0,386.1450349800014,300.0,386.0144149800014,300.0,0.049950713469613675,0.0
6237,1694984460000.0,0.0,0.0,311.0,0.06202,0.0,0.0,0.06117,0.9992712802619605,1.0,386.1450349800014,300.0,385.88068498000143,300.0,0.049950713469613675,0.0
6238,1694988060000.0,0.0,0.0,311.0,0.06202,0.0,0.0,0.06137,0.9992712802619605,1.0,386.1450349800014,300.0,385.9428849800014,300.0,0.049950713469613675,0.0
6239,1694991660000.0,0.0,0.0,311.0,0.06202,0.0,0.0,0.06143,0.9992712802619605,1.0,386.1450349800014,300.0,385.9615449800014,300.0,0.049950713469613675,0.0
6240,1694995260000.0,0.0,0.0,311.0,0.06202,0.0,0.0,0.06149,0.9992712802619605,1.0,386.1450349800014,300.0,385.9802049800014,300.0,0.049950713469613675,0.0
6241,1694998860000.0,0.0,0.0,311.0,0.06202,0.0,0.0,0.06126,0.9992712802619605,1.0,386.1450349800014,300.0,385.9086749800014,300.0,0.049950713469613675,0.0
6242,1695002460000.0,0.0,0.0,311.0,0.06202,0.0,0.0,0.06122,0.9992712802619605,1.0,386.1450349800014,300.0,385.8962349800014,300.0,0.049950713469613675,0.0
6243,1695006060000.0,0.0,0.0,311.0,0.06202,0.0,0.0,0.06171,0.9992712802619605,1.0,386.1450349800014,300.0,386.0486249800014,300.0,0.049950713469613675,0.0
6244,1695009660000.0,0.0,0.0,311.0,0.06202,0.0,0.0,0.06185,0.9992712802619605,1.0,386.1450349800014,300.0,386.0921649800014,300.0,0.049950713469613675,0.0
6245,1695013260000.0,0.0,0.0,311.0,0.06202,0.0,0.0,0.06174,0.9992712802619605,1.0,386.1450349800014,300.0,386.0579549800014,300.0,0.049950713469613675,0.0
6246,1695016860000.0,0.0,0.0,311.0,0.06202,0.0,0.0,0.06171,0.9992712802619605,1.0,386.1450349800014,300.0,386.0486249800014,300.0,0.049950713469613675,0.0
6247,1695020460000.0,0.0,0.0,311.0,0.06202,0.0,0.0,0.06171,0.9992712802619605,1.0,386.1450349800014,300.0,386.0486249800014,300.0,0.049950713469613675,0.0
6248,1695024060000.0,0.0,0.0,311.0,0.06202,0.0,0.0,0.0618,0.9992712802619605,1.0,386.1450349800014,300.0,386.0766149800014,300.0,0.049950713469613675,0.0
6249,1695027660000.0,0.0,0.0,311.0,0.06202,0.0,0.0,0.06185,0.9992712802619605,1.0,386.1450349800014,300.0,386.0921649800014,300.0,0.049950713469613675,0.0
6250,1695031260000.0,0.0,0.0,311.0,0.06202,0.0,0.0,0.06218,0.9992712802619605,1.0,386.1450349800014,300.0,386.1947949800014,300.0,0.049950713469613675,0.0
6251,1695034860000.0,0.0,0.0,311.0,0.06202,0.0,0.0,0.06258,0.9992712802619605,1.0,386.1450349800014,300.0,386.3191949800014,300.0,0.049950713469613675,0.0
6252,1695038460000.0,0.0,0.0,311.0,0.06202,0.0,0.0,0.06242,0.9992712802619605,1.0,386.1450349800014,300.0,386.2694349800014,300.0,0.049950713469613675,0.0
6253,1695042060000.0,0.0,0.0,311.0,0.06202,0.0,0.0,0.06279,0.9992712802619605,1.0,386.1450349800014,300.0,386.3845049800014,300.0,0.049950713469613675,0.0
6254,1695045660000.0,0.0,0.0,311.0,0.06202,0.0,0.0,0.06254,0.9992712802619605,1.0,386.1450349800014,300.0,386.3067549800014,300.0,0.049950713469613675,0.0
6255,1695049260000.0,0.0,0.0,311.0,0.06202,0.0,0.0,0.06252,0.9992712802619605,1.0,386.1450349800014,300.0,386.30053498000143,300.0,0.049950713469613675,0.0
6256,1695052860000.0,0.0,0.0,311.0,0.06202,0.0,0.0,0.06238,0.9992712802619605,1.0,386.1450349800014,300.0,386.2569949800014,300.0,0.049950713469613675,0.0
6257,1695056460000.0,0.0,0.0,311.0,0.06202,0.0,0.0,0.06241,0.9992712802619605,1.0,386.1450349800014,300.0,386.2663249800014,300.0,0.049950713469613675,0.0
6258,1695060060000.0,0.0,0.0,311.0,0.06202,0.0,0.0,0.06164,0.9992712802619605,1.0,386.1450349800014,300.0,386.0268549800014,300.0,0.049950713469613675,0.0
6259,1695063660000.0,0.0,0.0,311.0,0.06202,0.0,0.0,0.06154,0.9992712802619605,1.0,386.1450349800014,300.0,385.99575498000144,300.0,0.049950713469613675,0.0
6260,1695067260000.0,0.0,0.0,311.0,0.06202,0.0,0.0,0.06183,0.9992712802619605,1.0,386.1450349800014,300.0,386.0859449800014,300.0,0.049950713469613675,0.0
6261,1695070860000.0,0.0,0.0,311.0,0.06202,0.0,0.0,0.06181,0.9992712802619605,1.0,386.1450349800014,300.0,386.0797249800014,300.0,0.049950713469613675,0.0
6262,1695074460000.0,0.0,0.0,311.0,0.06202,0.0,0.0,0.06197,0.9992712802619605,1.0,386.1450349800014,300.0,386.1294849800014,300.0,0.049950713469613675,0.0
6263,1695078060000.0,0.0,0.0,311.0,0.06202,0.0,0.0,0.06212,0.9992712802619605,1.0,386.1450349800014,300.0,386.1761349800014,300.0,0.049950713469613675,0.0
6264,1695081660000.0,0.0,0.0,311.0,0.06202,0.0,0.0,0.06199,0.9992712802619605,1.0,386.1450349800014,300.0,386.13570498000144,300.0,0.049950713469613675,0.0
6265,1695085260000.0,0.0,0.0,311.0,0.06202,0.0,0.0,0.06191,0.9992712802619605,1.0,386.1450349800014,300.0,386.11082498000144,300.0,0.049950713469613675,0.0
6266,1695088860000.0,0.0,0.0,311.0,0.06202,0.0,0.0,0.06198,0.9992712802619605,1.0,386.1450349800014,300.0,386.1325949800014,300.0,0.049950713469613675,0.0
6267,1695092460000.0,0.0,0.0,311.0,0.06202,0.0,0.0,0.06217,0.9992712802619605,1.0,386.1450349800014,300.0,386.1916849800014,300.0,0.049950713469613675,0.0
6268,1695096060000.0,0.0,0.0,311.0,0.06202,0.0,0.0,0.06228,0.9992712802619605,1.0,386.1450349800014,300.0,386.2258949800014,300.0,0.049950713469613675,0.0
6269,1695099660000.0,0.0,0.0,311.0,0.06202,0.0,0.0,0.06244,0.9992712802619605,1.0,386.1450349800014,300.0,386.27565498000143,300.0,0.049950713469613675,0.0
6270,1695103260000.0,0.0,0.0,311.0,0.06202,0.0,0.0,0.06226,0.9992712802619605,1.0,386.1450349800014,300.0,386.2196749800014,300.0,0.049950713469613675,0.0
6271,1695106860000.0,0.0,0.0,311.0,0.06202,0.0,0.0,0.0622,0.9992712802619605,1.0,386.1450349800014,300.0,386.2010149800014,300.0,0.049950713469613675,0.0
6272,1695110460000.0,0.0,0.0,311.0,0.06202,0.0,0.0,0.06218,0.9992712802619605,1.0,386.1450349800014,300.0,386.1947949800014,300.0,0.049950713469613675,0.0
6273,1695114060000.0,0.0,0.0,311.0,0.06202,0.0,0.0,0.0625,0.9992712802619605,1.0,386.1450349800014,300.0,386.2943149800014,300.0,0.049950713469613675,0.0
6274,1695117660000.0,0.0,0.0,0.0,0.06202,0.0,0.0,0.06283,0.9992712802619605,1.0,386.3867255200014,300.0,386.3867255200014,300.0,0.0,0.0
6275,1695121260000.0,0.0,0.0,0.0,0.06202,0.0,0.0,0.06254,0.9992712802619605,1.0,386.3867255200014,300.0,386.3867255200014,300.0,0.0,0.0
6276,1695124860000.0,0.0,0.0,0.0,0.06202,0.0,0.0,0.06256,0.9992712802619605,1.0,386.3867255200014,300.0,386.3867255200014,300.0,0.0,0.0
6277,1695128460000.0,0.0,0.0,0.0,0.06202,0.0,0.0,0.06257,0.9992712802619605,1.0,386.3867255200014,300.0,386.3867255200014,300.0,0.0,0.0
6278,1695132060000.0,0.0,0.0,0.0,0.06202,0.0,0.0,0.06255,0.9992712802619605,1.0,386.3867255200014,300.0,386.3867255200014,300.0,0.0,0.0
6279,1695135660000.0,0.0,0.0,0.0,0.06202,0.0,0.0,0.06283,0.9992712802619605,1.0,386.3867255200014,300.0,386.3867255200014,300.0,0.0,0.0
6280,1695139260000.0,0.0,0.0,0.0,0.06202,0.0,0.0,0.06314,0.9992712802619605,1.0,386.3867255200014,300.0,386.3867255200014,300.0,0.0,0.0
6281,1695142860000.0,0.0,0.0,0.0,0.06202,0.0,0.0,0.06283,0.9992712802619605,1.0,386.3867255200014,300.0,386.3867255200014,300.0,0.0,0.0
6282,1695146460000.0,0.0,0.0,0.0,0.06202,0.0,0.0,0.06271,0.9992712802619605,1.0,386.3867255200014,300.0,386.3867255200014,300.0,0.0,0.0
6283,1695150060000.0,0.0,0.0,0.0,0.06202,0.0,0.0,0.06261,0.9992712802619605,1.0,386.3867255200014,300.0,386.3867255200014,300.0,0.0,0.0
6284,1695153660000.0,0.0,0.0,0.0,0.06202,0.0,0.0,0.06255,0.9992712802619605,1.0,386.3867255200014,300.0,386.3867255200014,300.0,0.0,0.0
6285,1695157260000.0,0.0,0.0,0.0,0.06202,0.0,0.0,0.06254,0.9992712802619605,1.0,386.3867255200014,300.0,386.3867255200014,300.0,0.0,0.0
6286,1695160860000.0,0.0,0.0,0.0,0.06202,0.0,0.0,0.06261,0.9992712802619605,1.0,386.3867255200014,300.0,386.3867255200014,300.0,0.0,0.0
6287,1695164460000.0,0.0,0.0,0.0,0.06202,0.0,0.0,0.0626,0.9992712802619605,1.0,386.3867255200014,300.0,386.3867255200014,300.0,0.0,0.0
6288,1695168060000.0,0.0,0.0,0.0,0.06202,0.0,0.0,0.06267,0.9992712802619605,1.0,386.3867255200014,300.0,386.3867255200014,300.0,0.0,0.0
6289,1695171660000.0,0.0,0.0,0.0,0.06202,0.0,0.0,0.06285,0.9992712802619605,1.0,386.3867255200014,300.0,386.3867255200014,300.0,0.0,0.0
6290,1695175260000.0,0.0,0.0,0.0,0.06202,0.0,0.0,0.063,0.9992712802619605,1.0,386.3867255200014,300.0,386.3867255200014,300.0,0.0,0.0
6291,1695178860000.0,0.0,0.0,0.0,0.06202,0.0,0.0,0.06265,0.9992712802619605,1.0,386.3867255200014,300.0,386.3867255200014,300.0,0.0,0.0
6292,1695182460000.0,0.0,0.0,310.0,0.06238,0.0,0.0,0.06229,0.9992712802619605,1.0,386.3673877200014,300.0,386.3394877200014,300.0,0.05005029051265064,0.0
6293,1695186060000.0,0.0,0.0,310.0,0.06238,0.0,0.0,0.06233,0.9992712802619605,1.0,386.3673877200014,300.0,386.3518877200014,300.0,0.05005029051265064,0.0
6294,1695189660000.0,0.0,0.0,310.0,0.06238,0.0,0.0,0.06224,0.9992712802619605,1.0,386.3673877200014,300.0,386.32398772000136,300.0,0.05005029051265064,0.0
6295,1695193260000.0,0.0,0.0,310.0,0.06238,0.0,0.0,0.06229,0.9992712802619605,1.0,386.3673877200014,300.0,386.3394877200014,300.0,0.05005029051265064,0.0
6296,1695196860000.0,0.0,0.0,310.0,0.06238,0.0,0.0,0.06232,0.9992712802619605,1.0,386.3673877200014,300.0,386.3487877200014,300.0,0.05005029051265064,0.0
6297,1695200460000.0,0.0,0.0,310.0,0.06238,0.0,0.0,0.06245,0.9992712802619605,1.0,386.3673877200014,300.0,386.3890877200014,300.0,0.05005029051265064,0.0
6298,1695204060000.0,0.0,0.0,310.0,0.06238,0.0,0.0,0.06208,0.9992712802619605,1.0,386.3673877200014,300.0,386.27438772000136,300.0,0.05005029051265064,0.0
6299,1695207660000.0,0.0,0.0,310.0,0.06238,0.0,0.0,0.06212,0.9992712802619605,1.0,386.3673877200014,300.0,386.28678772000137,300.0,0.05005029051265064,0.0
6300,1695211260000.0,0.0,0.0,310.0,0.06238,0.0,0.0,0.06216,0.9992712802619605,1.0,386.3673877200014,300.0,386.2991877200014,300.0,0.05005029051265064,0.0
6301,1695214860000.0,0.0,0.0,310.0,0.06238,0.0,0.0,0.06209,0.9992712802619605,1.0,386.3673877200014,300.0,386.2774877200014,300.0,0.05005029051265064,0.0
6302,1695218460000.0,0.0,0.0,310.0,0.06238,0.0,0.0,0.06229,0.9992712802619605,1.0,386.3673877200014,300.0,386.3394877200014,300.0,0.05005029051265064,0.0
6303,1695222060000.0,0.0,0.0,310.0,0.06238,0.0,0.0,0.06219,0.9992712802619605,1.0,386.3673877200014,300.0,386.3084877200014,300.0,0.05005029051265064,0.0
6304,1695225660000.0,0.0,0.0,310.0,0.06238,0.0,0.0,0.06228,0.9992712802619605,1.0,386.3673877200014,300.0,386.33638772000137,300.0,0.05005029051265064,0.0
6305,1695229260000.0,0.0,0.0,310.0,0.06238,0.0,0.0,0.06231,0.9992712802619605,1.0,386.3673877200014,300.0,386.34568772000137,300.0,0.05005029051265064,0.0
6306,1695232860000.0,0.0,0.0,310.0,0.06238,0.0,0.0,0.06237,0.9992712802619605,1.0,386.3673877200014,300.0,386.36428772000136,300.0,0.05005029051265064,0.0
6307,1695236460000.0,0.0,0.0,310.0,0.06238,0.0,0.0,0.06255,0.9992712802619605,1.0,386.3673877200014,300.0,386.4200877200014,300.0,0.05005029051265064,0.0
6308,1695240060000.0,0.0,0.0,310.0,0.06238,0.0,0.0,0.0622,0.9992712802619605,1.0,386.3673877200014,300.0,386.3115877200014,300.0,0.05005029051265064,0.0
6309,1695243660000.0,0.0,0.0,310.0,0.06238,0.0,0.0,0.06252,0.9992712802619605,1.0,386.3673877200014,300.0,386.4107877200014,300.0,0.05005029051265064,0.0
6310,1695247260000.0,0.0,0.0,310.0,0.06238,0.0,0.0,0.06267,0.9992712802619605,1.0,386.3673877200014,300.0,386.4572877200014,300.0,0.05005029051265064,0.0
6311,1695250860000.0,0.0,0.0,310.0,0.06238,0.0,0.0,0.0626,0.9992712802619605,1.0,386.3673877200014,300.0,386.43558772000137,300.0,0.05005029051265064,0.0
6312,1695254460000.0,0.0,0.0,310.0,0.06238,0.0,0.0,0.06258,0.9992712802619605,1.0,386.3673877200014,300.0,386.4293877200014,300.0,0.05005029051265064,0.0
6313,1695258060000.0,0.0,0.0,310.0,0.06238,0.0,0.0,0.06252,0.9992712802619605,1.0,386.3673877200014,300.0,386.4107877200014,300.0,0.05005029051265064,0.0
6314,1695261660000.0,0.0,0.0,310.0,0.06238,0.0,0.0,0.06257,0.9992712802619605,1.0,386.3673877200014,300.0,386.42628772000137,300.0,0.05005029051265064,0.0
6315,1695265260000.0,0.0,0.0,310.0,0.06238,0.0,0.0,0.06257,0.9992712802619605,1.0,386.3673877200014,300.0,386.42628772000137,300.0,0.05005029051265064,0.0
6316,1695268860000.0,0.0,0.0,310.0,0.06238,0.0,0.0,0.06285,0.9992712802619605,1.0,386.3673877200014,300.0,386.51308772000135,300.0,0.05005029051265064,0.0
6317,1695272460000.0,0.0,0.0,0.0,0.06238,0.0,0.0,0.06296,0.9992712802619605,1.0,386.60818952000136,300.0,386.60818952000136,300.0,0.0,0.0
6318,1695276060000.0,0.0,0.0,0.0,0.06238,0.0,0.0,0.06278,0.9992712802619605,1.0,386.60818952000136,300.0,386.60818952000136,300.0,0.0,0.0
6319,1695279660000.0,0.0,0.0,0.0,0.06238,0.0,0.0,0.06267,0.9992712802619605,1.0,386.60818952000136,300.0,386.60818952000136,300.0,0.0,0.0
6320,1695283260000.0,0.0,0.0,0.0,0.06238,0.0,0.0,0.06252,0.9992712802619605,1.0,386.60818952000136,300.0,386.60818952000136,300.0,0.0,0.0
6321,1695286860000.0,0.0,0.0,0.0,0.06238,0.0,0.0,0.06246,0.9992712802619605,1.0,386.60818952000136,300.0,386.60818952000136,300.0,0.0,0.0
6322,1695290460000.0,0.0,0.0,310.0,0.06235,0.0,0.0,0.06207,0.9992712802619605,1.0,386.5888610200014,300.0,386.5020610200014,300.0,0.04999756058413691,0.0
6323,1695294060000.0,0.0,0.0,310.0,0.06235,0.0,0.0,0.06142,0.9992712802619605,1.0,386.5888610200014,300.0,386.3005610200014,300.0,0.04999756058413691,0.0
6324,1695297660000.0,0.0,0.0,310.0,0.06235,0.0,0.0,0.06173,0.9992712802619605,1.0,386.5888610200014,300.0,386.3966610200014,300.0,0.04999756058413691,0.0
6325,1695301260000.0,0.0,0.0,310.0,0.06235,0.0,0.0,0.06175,0.9992712802619605,1.0,386.5888610200014,300.0,386.4028610200014,300.0,0.04999756058413691,0.0
6326,1695304860000.0,0.0,0.0,310.0,0.06235,0.0,0.0,0.06146,0.9992712802619605,1.0,386.5888610200014,300.0,386.3129610200014,300.0,0.04999756058413691,0.0
6327,1695308460000.0,0.0,0.0,310.0,0.06235,0.0,0.0,0.06167,0.9992712802619605,1.0,386.5888610200014,300.0,386.3780610200014,300.0,0.04999756058413691,0.0
6328,1695312060000.0,0.0,0.0,310.0,0.06235,0.0,0.0,0.06162,0.9992712802619605,1.0,386.5888610200014,300.0,386.3625610200014,300.0,0.04999756058413691,0.0
6329,1695315660000.0,0.0,0.0,310.0,0.06235,0.0,0.0,0.06153,0.9992712802619605,1.0,386.5888610200014,300.0,386.33466102000136,300.0,0.04999756058413691,0.0
6330,1695319260000.0,0.0,0.0,310.0,0.06235,0.0,0.0,0.0615,0.9992712802619605,1.0,386.5888610200014,300.0,386.32536102000137,300.0,0.04999756058413691,0.0
6331,1695322860000.0,0.0,0.0,310.0,0.06235,0.0,0.0,0.06156,0.9992712802619605,1.0,386.5888610200014,300.0,386.34396102000136,300.0,0.04999756058413691,0.0
6332,1695326460000.0,0.0,0.0,310.0,0.06235,0.0,0.0,0.06146,0.9992712802619605,1.0,386.5888610200014,300.0,386.3129610200014,300.0,0.04999756058413691,0.0
6333,1695330060000.0,0.0,0.0,310.0,0.06235,0.0,0.0,0.06136,0.9992712802619605,1.0,386.5888610200014,300.0,386.2819610200014,300.0,0.04999756058413691,0.0
6334,1695333660000.0,0.0,0.0,310.0,0.06235,0.0,0.0,0.06136,0.9992712802619605,1.0,386.5888610200014,300.0,386.2819610200014,300.0,0.04999756058413691,0.0
6335,1695337260000.0,0.0,0.0,310.0,0.06235,0.0,0.0,0.06142,0.9992712802619605,1.0,386.5888610200014,300.0,386.3005610200014,300.0,0.04999756058413691,0.0
6336,1695340860000.0,0.0,0.0,310.0,0.06235,0.0,0.0,0.06136,0.9992712802619605,1.0,386.5888610200014,300.0,386.2819610200014,300.0,0.04999756058413691,0.0
6337,1695344460000.0,0.0,0.0,310.0,0.06235,0.0,0.0,0.06149,0.9992712802619605,1.0,386.5888610200014,300.0,386.3222610200014,300.0,0.04999756058413691,0.0
6338,1695348060000.0,0.0,0.0,310.0,0.06235,0.0,0.0,0.06165,0.9992712802619605,1.0,386.5888610200014,300.0,386.3718610200014,300.0,0.04999756058413691,0.0
6339,1695351660000.0,0.0,0.0,310.0,0.06235,0.0,0.0,0.0615,0.9992712802619605,1.0,386.5888610200014,300.0,386.32536102000137,300.0,0.04999756058413691,0.0
6340,1695355260000.0,0.0,0.0,310.0,0.06235,0.0,0.0,0.0616,0.9992712802619605,1.0,386.5888610200014,300.0,386.3563610200014,300.0,0.04999756058413691,0.0
6341,1695358860000.0,0.0,0.0,310.0,0.06235,0.0,0.0,0.0616,0.9992712802619605,1.0,386.5888610200014,300.0,386.3563610200014,300.0,0.04999756058413691,0.0
6342,1695362460000.0,0.0,0.0,310.0,0.06235,0.0,0.0,0.06169,0.9992712802619605,1.0,386.5888610200014,300.0,386.38426102000136,300.0,0.04999756058413691,0.0
6343,1695366060000.0,0.0,0.0,310.0,0.06235,0.0,0.0,0.06163,0.9992712802619605,1.0,386.5888610200014,300.0,386.36566102000137,300.0,0.04999756058413691,0.0
6344,1695369660000.0,0.0,0.0,310.0,0.06235,0.0,0.0,0.06177,0.9992712802619605,1.0,386.5888610200014,300.0,386.4090610200014,300.0,0.04999756058413691,0.0
6345,1695373260000.0,0.0,0.0,310.0,0.06235,0.0,0.0,0.06169,0.9992712802619605,1.0,386.5888610200014,300.0,386.38426102000136,300.0,0.04999756058413691,0.0
6346,1695376860000.0,0.0,0.0,310.0,0.06235,0.0,0.0,0.06171,0.9992712802619605,1.0,386.5888610200014,300.0,386.3904610200014,300.0,0.04999756058413691,0.0
6347,1695380460000.0,0.0,0.0,310.0,0.06235,0.0,0.0,0.06155,0.9992712802619605,1.0,386.5888610200014,300.0,386.3408610200014,300.0,0.04999756058413691,0.0
6348,1695384060000.0,0.0,0.0,310.0,0.06235,0.0,0.0,0.06166,0.9992712802619605,1.0,386.5888610200014,300.0,386.37496102000136,300.0,0.04999756058413691,0.0
6349,1695387660000.0,0.0,0.0,310.0,0.06235,0.0,0.0,0.06152,0.9992712802619605,1.0,386.5888610200014,300.0,386.3315610200014,300.0,0.04999756058413691,0.0
6350,1695391260000.0,0.0,0.0,310.0,0.06235,0.0,0.0,0.06148,0.9992712802619605,1.0,386.5888610200014,300.0,386.3191610200014,300.0,0.04999756058413691,0.0
6351,1695394860000.0,0.0,0.0,310.0,0.06235,0.0,0.0,0.06157,0.9992712802619605,1.0,386.5888610200014,300.0,386.3470610200014,300.0,0.04999756058413691,0.0
6352,1695398460000.0,0.0,0.0,310.0,0.06235,0.0,0.0,0.0615,0.9992712802619605,1.0,386.5888610200014,300.0,386.32536102000137,300.0,0.04999756058413691,0.0
6353,1695402060000.0,0.0,0.0,310.0,0.06235,0.0,0.0,0.0613,0.9992712802619605,1.0,386.5888610200014,300.0,386.2633610200014,300.0,0.04999756058413691,0.0
6354,1695405660000.0,0.0,0.0,310.0,0.06235,0.0,0.0,0.06145,0.9992712802619605,1.0,386.5888610200014,300.0,386.3098610200014,300.0,0.04999756058413691,0.0
6355,1695409260000.0,0.0,0.0,310.0,0.06235,0.0,0.0,0.06157,0.9992712802619605,1.0,386.5888610200014,300.0,386.3470610200014,300.0,0.04999756058413691,0.0
6356,1695412860000.0,0.0,0.0,310.0,0.06235,0.0,0.0,0.06139,0.9992712802619605,1.0,386.5888610200014,300.0,386.2912610200014,300.0,0.04999756058413691,0.0
6357,1695416460000.0,0.0,0.0,310.0,0.06235,0.0,0.0,0.06134,0.9992712802619605,1.0,386.5888610200014,300.0,386.27576102000137,300.0,0.04999756058413691,0.0
6358,1695420060000.0,0.0,0.0,310.0,0.06235,0.0,0.0,0.06153,0.9992712802619605,1.0,386.5888610200014,300.0,386.33466102000136,300.0,0.04999756058413691,0.0
6359,1695423660000.0,0.0,0.0,310.0,0.06235,0.0,0.0,0.06154,0.9992712802619605,1.0,386.5888610200014,300.0,386.3377610200014,300.0,0.04999756058413691,0.0
6360,1695427260000.0,0.0,0.0,310.0,0.06235,0.0,0.0,0.06154,0.9992712802619605,1.0,386.5888610200014,300.0,386.3377610200014,300.0,0.04999756058413691,0.0
6361,1695430860000.0,0.0,0.0,310.0,0.06235,0.0,0.0,0.06163,0.9992712802619605,1.0,386.5888610200014,300.0,386.36566102000137,300.0,0.04999756058413691,0.0
6362,1695434460000.0,0.0,0.0,310.0,0.06235,0.0,0.0,0.06173,0.9992712802619605,1.0,386.5888610200014,300.0,386.3966610200014,300.0,0.04999756058413691,0.0
6363,1695438060000.0,0.0,0.0,310.0,0.06235,0.0,0.0,0.06155,0.9992712802619605,1.0,386.5888610200014,300.0,386.3408610200014,300.0,0.04999756058413691,0.0
6364,1695441660000.0,0.0,0.0,310.0,0.06235,0.0,0.0,0.06146,0.9992712802619605,1.0,386.5888610200014,300.0,386.3129610200014,300.0,0.04999756058413691,0.0
6365,1695445260000.0,0.0,0.0,310.0,0.06235,0.0,0.0,0.06168,0.9992712802619605,1.0,386.5888610200014,300.0,386.3811610200014,300.0,0.04999756058413691,0.0
6366,1695448860000.0,0.0,0.0,310.0,0.06235,0.0,0.0,0.06162,0.9992712802619605,1.0,386.5888610200014,300.0,386.3625610200014,300.0,0.04999756058413691,0.0
6367,1695452460000.0,0.0,0.0,310.0,0.06235,0.0,0.0,0.06163,0.9992712802619605,1.0,386.5888610200014,300.0,386.36566102000137,300.0,0.04999756058413691,0.0
6368,1695456060000.0,0.0,0.0,310.0,0.06235,0.0,0.0,0.06162,0.9992712802619605,1.0,386.5888610200014,300.0,386.3625610200014,300.0,0.04999756058413691,0.0
6369,1695459660000.0,0.0,0.0,310.0,0.06235,0.0,0.0,0.06158,0.9992712802619605,1.0,386.5888610200014,300.0,386.3501610200014,300.0,0.04999756058413691,0.0
6370,1695463260000.0,0.0,0.0,310.0,0.06235,0.0,0.0,0.06159,0.9992712802619605,1.0,386.5888610200014,300.0,386.3532610200014,300.0,0.04999756058413691,0.0
6371,1695466860000.0,0.0,0.0,310.0,0.06235,0.0,0.0,0.06154,0.9992712802619605,1.0,386.5888610200014,300.0,386.3377610200014,300.0,0.04999756058413691,0.0
6372,1695470460000.0,0.0,0.0,310.0,0.06235,0.0,0.0,0.06163,0.9992712802619605,1.0,386.5888610200014,300.0,386.36566102000137,300.0,0.04999756058413691,0.0
6373,1695474060000.0,0.0,0.0,310.0,0.06235,0.0,0.0,0.06162,0.9992712802619605,1.0,386.5888610200014,300.0,386.3625610200014,300.0,0.04999756058413691,0.0
6374,1695477660000.0,0.0,0.0,310.0,0.06235,0.0,0.0,0.06147,0.9992712802619605,1.0,386.5888610200014,300.0,386.31606102000137,300.0,0.04999756058413691,0.0
6375,1695481260000.0,0.0,0.0,310.0,0.06235,0.0,0.0,0.0615,0.9992712802619605,1.0,386.5888610200014,300.0,386.32536102000137,300.0,0.04999756058413691,0.0
6376,1695484860000.0,0.0,0.0,310.0,0.06235,0.0,0.0,0.06133,0.9992712802619605,1.0,386.5888610200014,300.0,386.2726610200014,300.0,0.04999756058413691,0.0
6377,1695488460000.0,0.0,0.0,310.0,0.06235,0.0,0.0,0.0617,0.9992712802619605,1.0,386.5888610200014,300.0,386.3873610200014,300.0,0.04999756058413691,0.0
6378,1695492060000.0,0.0,0.0,310.0,0.06235,0.0,0.0,0.06162,0.9992712802619605,1.0,386.5888610200014,300.0,386.3625610200014,300.0,0.04999756058413691,0.0
6379,1695495660000.0,0.0,0.0,310.0,0.06235,0.0,0.0,0.06161,0.9992712802619605,1.0,386.5888610200014,300.0,386.3594610200014,300.0,0.04999756058413691,0.0
6380,1695499260000.0,0.0,0.0,310.0,0.06235,0.0,0.0,0.06165,0.9992712802619605,1.0,386.5888610200014,300.0,386.3718610200014,300.0,0.04999756058413691,0.0
6381,1695502860000.0,0.0,0.0,310.0,0.06235,0.0,0.0,0.06155,0.9992712802619605,1.0,386.5888610200014,300.0,386.3408610200014,300.0,0.04999756058413691,0.0
6382,1695506460000.0,0.0,0.0,310.0,0.06235,0.0,0.0,0.0615,0.9992712802619605,1.0,386.5888610200014,300.0,386.32536102000137,300.0,0.04999756058413691,0.0
6383,1695510060000.0,0.0,0.0,310.0,0.06235,0.0,0.0,0.06131,0.9992712802619605,1.0,386.5888610200014,300.0,386.2664610200014,300.0,0.04999756058413691,0.0
6384,1695513660000.0,0.0,0.0,310.0,0.06235,0.0,0.0,0.06148,0.9992712802619605,1.0,386.5888610200014,300.0,386.3191610200014,300.0,0.04999756058413691,0.0
6385,1695517260000.0,0.0,0.0,310.0,0.06235,0.0,0.0,0.0614,0.9992712802619605,1.0,386.5888610200014,300.0,386.29436102000136,300.0,0.04999756058413691,0.0
6386,1695520860000.0,0.0,0.0,310.0,0.06235,0.0,0.0,0.06158,0.9992712802619605,1.0,386.5888610200014,300.0,386.3501610200014,300.0,0.04999756058413691,0.0
6387,1695524460000.0,0.0,0.0,310.0,0.06235,0.0,0.0,0.06156,0.9992712802619605,1.0,386.5888610200014,300.0,386.34396102000136,300.0,0.04999756058413691,0.0
6388,1695528060000.0,0.0,0.0,310.0,0.06235,0.0,0.0,0.06157,0.9992712802619605,1.0,386.5888610200014,300.0,386.3470610200014,300.0,0.04999756058413691,0.0
6389,1695531660000.0,0.0,0.0,310.0,0.06235,0.0,0.0,0.06153,0.9992712802619605,1.0,386.5888610200014,300.0,386.33466102000136,300.0,0.04999756058413691,0.0
6390,1695535260000.0,0.0,0.0,310.0,0.06235,0.0,0.0,0.06157,0.9992712802619605,1.0,386.5888610200014,300.0,386.3470610200014,300.0,0.04999756058413691,0.0
6391,1695538860000.0,0.0,0.0,310.0,0.06235,0.0,0.0,0.0615,0.9992712802619605,1.0,386.5888610200014,300.0,386.32536102000137,300.0,0.04999756058413691,0.0
6392,1695542460000.0,0.0,0.0,310.0,0.06235,0.0,0.0,0.06147,0.9992712802619605,1.0,386.5888610200014,300.0,386.31606102000137,300.0,0.04999756058413691,0.0
6393,1695546060000.0,0.0,0.0,310.0,0.06235,0.0,0.0,0.06161,0.9992712802619605,1.0,386.5888610200014,300.0,386.3594610200014,300.0,0.04999756058413691,0.0
6394,1695549660000.0,0.0,0.0,310.0,0.06235,0.0,0.0,0.06156,0.9992712802619605,1.0,386.5888610200014,300.0,386.34396102000136,300.0,0.04999756058413691,0.0
6395,1695553260000.0,0.0,0.0,310.0,0.06235,0.0,0.0,0.06147,0.9992712802619605,1.0,386.5888610200014,300.0,386.31606102000137,300.0,0.04999756058413691,0.0
6396,1695556860000.0,0.0,0.0,310.0,0.06235,0.0,0.0,0.06151,0.9992712802619605,1.0,386.5888610200014,300.0,386.3284610200014,300.0,0.04999756058413691,0.0
6397,1695560460000.0,0.0,0.0,310.0,0.06235,0.0,0.0,0.06157,0.9992712802619605,1.0,386.5888610200014,300.0,386.3470610200014,300.0,0.04999756058413691,0.0
6398,1695564060000.0,0.0,0.0,310.0,0.06235,0.0,0.0,0.06152,0.9992712802619605,1.0,386.5888610200014,300.0,386.3315610200014,300.0,0.04999756058413691,0.0
6399,1695567660000.0,0.0,0.0,310.0,0.06235,0.0,0.0,0.06156,0.9992712802619605,1.0,386.5888610200014,300.0,386.34396102000136,300.0,0.04999756058413691,0.0
6400,1695571260000.0,0.0,0.0,310.0,0.06235,0.0,0.0,0.0615,0.9992712802619605,1.0,386.5888610200014,300.0,386.32536102000137,300.0,0.04999756058413691,0.0
6401,1695574860000.0,0.0,0.0,310.0,0.06235,0.0,0.0,0.06148,0.9992712802619605,1.0,386.5888610200014,300.0,386.3191610200014,300.0,0.04999756058413691,0.0
6402,1695578460000.0,0.0,0.0,310.0,0.06235,0.0,0.0,0.06169,0.9992712802619605,1.0,386.5888610200014,300.0,386.38426102000136,300.0,0.04999756058413691,0.0
6403,1695582060000.0,0.0,0.0,310.0,0.06235,0.0,0.0,0.06148,0.9992712802619605,1.0,386.5888610200014,300.0,386.3191610200014,300.0,0.04999756058413691,0.0
6404,1695585660000.0,0.0,0.0,310.0,0.06235,0.0,0.0,0.06115,0.9992712802619605,1.0,386.5888610200014,300.0,386.2168610200014,300.0,0.04999756058413691,0.0
6405,1695589260000.0,0.0,0.0,310.0,0.06235,0.0,0.0,0.06112,0.9992712802619605,1.0,386.5888610200014,300.0,386.2075610200014,300.0,0.04999756058413691,0.0
6406,1695592860000.0,0.0,0.0,310.0,0.06235,0.0,0.0,0.06113,0.9992712802619605,1.0,386.5888610200014,300.0,386.2106610200014,300.0,0.04999756058413691,0.0
6407,1695596460000.0,0.0,0.0,310.0,0.06235,0.0,0.0,0.06107,0.9992712802619605,1.0,386.5888610200014,300.0,386.1920610200014,300.0,0.04999756058413691,0.0
6408,1695600060000.0,0.0,0.0,663.0,0.061274494720965314,0.0,0.0,0.06067,0.9992712802619605,1.0,386.5675645300014,300.0,386.1667845300014,300.0,0.10509156413418413,0.0
6409,1695603660000.0,0.0,0.0,663.0,0.061274494720965314,0.0,0.0,0.06091,0.9992712802619605,1.0,386.5675645300014,300.0,386.32590453000137,300.0,0.10509156413418413,0.0
6410,1695607260000.0,0.0,0.0,663.0,0.061274494720965314,0.0,0.0,0.06086,0.9992712802619605,1.0,386.5675645300014,300.0,386.2927545300014,300.0,0.10509156413418413,0.0
6411,1695610860000.0,0.0,0.0,663.0,0.061274494720965314,0.0,0.0,0.06103,0.9992712802619605,1.0,386.5675645300014,300.0,386.4054645300014,300.0,0.10509156413418413,0.0
6412,1695614460000.0,0.0,0.0,663.0,0.061274494720965314,0.0,0.0,0.06084,0.9992712802619605,1.0,386.5675645300014,300.0,386.2794945300014,300.0,0.10509156413418413,0.0
6413,1695618060000.0,0.0,0.0,663.0,0.061274494720965314,0.0,0.0,0.06088,0.9992712802619605,1.0,386.5675645300014,300.0,386.3060145300014,300.0,0.10509156413418413,0.0
6414,1695621660000.0,0.0,0.0,663.0,0.061274494720965314,0.0,0.0,0.06075,0.9992712802619605,1.0,386.5675645300014,300.0,386.2198245300014,300.0,0.10509156413418413,0.0
6415,1695625260000.0,0.0,0.0,663.0,0.061274494720965314,0.0,0.0,0.06072,0.9992712802619605,1.0,386.5675645300014,300.0,386.19993453000137,300.0,0.10509156413418413,0.0
6416,1695628860000.0,0.0,0.0,663.0,0.061274494720965314,0.0,0.0,0.06089,0.9992712802619605,1.0,386.5675645300014,300.0,386.31264453000136,300.0,0.10509156413418413,0.0
6417,1695632460000.0,0.0,0.0,663.0,0.061274494720965314,0.0,0.0,0.06077,0.9992712802619605,1.0,386.5675645300014,300.0,386.2330845300014,300.0,0.10509156413418413,0.0
6418,1695636060000.0,0.0,0.0,663.0,0.061274494720965314,0.0,0.0,0.06064,0.9992712802619605,1.0,386.5675645300014,300.0,386.14689453000136,300.0,0.10509156413418413,0.0
6419,1695639660000.0,0.0,0.0,663.0,0.061274494720965314,0.0,0.0,0.06073,0.9992712802619605,1.0,386.5675645300014,300.0,386.2065645300014,300.0,0.10509156413418413,0.0
6420,1695643260000.0,0.0,0.0,663.0,0.061274494720965314,0.0,0.0,0.06059,0.9992712802619605,1.0,386.5675645300014,300.0,386.1137445300014,300.0,0.10509156413418413,0.0
6421,1695646860000.0,0.0,0.0,663.0,0.061274494720965314,0.0,0.0,0.06069,0.9992712802619605,1.0,386.5675645300014,300.0,386.1800445300014,300.0,0.10509156413418413,0.0
6422,1695650460000.0,0.0,0.0,663.0,0.061274494720965314,0.0,0.0,0.06096,0.9992712802619605,1.0,386.5675645300014,300.0,386.3590545300014,300.0,0.10509156413418413,0.0
6423,1695654060000.0,0.0,0.0,663.0,0.061274494720965314,0.0,0.0,0.06085,0.9992712802619605,1.0,386.5675645300014,300.0,386.2861245300014,300.0,0.10509156413418413,0.0
6424,1695657660000.0,0.0,0.0,663.0,0.061274494720965314,0.0,0.0,0.0611,0.9992712802619605,1.0,386.5675645300014,300.0,386.45187453000136,300.0,0.10509156413418413,0.0
6425,1695661260000.0,0.0,0.0,663.0,0.061274494720965314,0.0,0.0,0.06106,0.9992712802619605,1.0,386.5675645300014,300.0,386.4253545300014,300.0,0.10509156413418413,0.0
6426,1695664860000.0,0.0,0.0,663.0,0.061274494720965314,0.0,0.0,0.06106,0.9992712802619605,1.0,386.5675645300014,300.0,386.4253545300014,300.0,0.10509156413418413,0.0
6427,1695668460000.0,0.0,0.0,663.0,0.061274494720965314,0.0,0.0,0.06099,0.9992712802619605,1.0,386.5675645300014,300.0,386.3789445300014,300.0,0.10509156413418413,0.0
6428,1695672060000.0,0.0,0.0,663.0,0.061274494720965314,0.0,0.0,0.06099,0.9992712802619605,1.0,386.5675645300014,300.0,386.3789445300014,300.0,0.10509156413418413,0.0
6429,1695675660000.0,0.0,0.0,663.0,0.061274494720965314,0.0,0.0,0.06083,0.9992712802619605,1.0,386.5675645300014,300.0,386.2728645300014,300.0,0.10509156413418413,0.0
6430,1695679260000.0,0.0,0.0,663.0,0.061274494720965314,0.0,0.0,0.06087,0.9992712802619605,1.0,386.5675645300014,300.0,386.29938453000136,300.0,0.10509156413418413,0.0
6431,1695682860000.0,0.0,0.0,663.0,0.061274494720965314,0.0,0.0,0.06086,0.9992712802619605,1.0,386.5675645300014,300.0,386.2927545300014,300.0,0.10509156413418413,0.0
6432,1695686460000.0,0.0,0.0,663.0,0.061274494720965314,0.0,0.0,0.06095,0.9992712802619605,1.0,386.5675645300014,300.0,386.3524245300014,300.0,0.10509156413418413,0.0
6433,1695690060000.0,0.0,0.0,663.0,0.061274494720965314,0.0,0.0,0.06085,0.9992712802619605,1.0,386.5675645300014,300.0,386.2861245300014,300.0,0.10509156413418413,0.0
6434,1695693660000.0,0.0,0.0,663.0,0.061274494720965314,0.0,0.0,0.06103,0.9992712802619605,1.0,386.5675645300014,300.0,386.4054645300014,300.0,0.10509156413418413,0.0
6435,1695697260000.0,0.0,0.0,663.0,0.061274494720965314,0.0,0.0,0.06109,0.9992712802619605,1.0,386.5675645300014,300.0,386.4452445300014,300.0,0.10509156413418413,0.0
6436,1695700860000.0,0.0,0.0,663.0,0.061274494720965314,0.0,0.0,0.06104,0.9992712802619605,1.0,386.5675645300014,300.0,386.4120945300014,300.0,0.10509156413418413,0.0
6437,1695704460000.0,0.0,0.0,663.0,0.061274494720965314,0.0,0.0,0.06103,0.9992712802619605,1.0,386.5675645300014,300.0,386.4054645300014,300.0,0.10509156413418413,0.0
6438,1695708060000.0,0.0,0.0,663.0,0.061274494720965314,0.0,0.0,0.06095,0.9992712802619605,1.0,386.5675645300014,300.0,386.3524245300014,300.0,0.10509156413418413,0.0
6439,1695711660000.0,0.0,0.0,663.0,0.061274494720965314,0.0,0.0,0.06085,0.9992712802619605,1.0,386.5675645300014,300.0,386.2861245300014,300.0,0.10509156413418413,0.0
6440,1695715260000.0,0.0,0.0,663.0,0.061274494720965314,0.0,0.0,0.06084,0.9992712802619605,1.0,386.5675645300014,300.0,386.2794945300014,300.0,0.10509156413418413,0.0
6441,1695718860000.0,0.0,0.0,663.0,0.061274494720965314,0.0,0.0,0.06074,0.9992712802619605,1.0,386.5675645300014,300.0,386.2131945300014,300.0,0.10509156413418413,0.0
6442,1695722460000.0,0.0,0.0,663.0,0.061274494720965314,0.0,0.0,0.0608,0.9992712802619605,1.0,386.5675645300014,300.0,386.2529745300014,300.0,0.10509156413418413,0.0
6443,1695726060000.0,0.0,0.0,663.0,0.061274494720965314,0.0,0.0,0.06068,0.9992712802619605,1.0,386.5675645300014,300.0,386.17341453000137,300.0,0.10509156413418413,0.0
6444,1695729660000.0,0.0,0.0,663.0,0.061274494720965314,0.0,0.0,0.06083,0.9992712802619605,1.0,386.5675645300014,300.0,386.2728645300014,300.0,0.10509156413418413,0.0
6445,1695733260000.0,0.0,0.0,663.0,0.061274494720965314,0.0,0.0,0.06066,0.9992712802619605,1.0,386.5675645300014,300.0,386.16015453000136,300.0,0.10509156413418413,0.0
6446,1695736860000.0,0.0,0.0,663.0,0.061274494720965314,0.0,0.0,0.06057,0.9992712802619605,1.0,386.5675645300014,300.0,386.1004845300014,300.0,0.10509156413418413,0.0
6447,1695740460000.0,0.0,0.0,663.0,0.061274494720965314,0.0,0.0,0.06056,0.9992712802619605,1.0,386.5675645300014,300.0,386.0938545300014,300.0,0.10509156413418413,0.0
6448,1695744060000.0,0.0,0.0,663.0,0.061274494720965314,0.0,0.0,0.0605,0.9992712802619605,1.0,386.5675645300014,300.0,386.0540745300014,300.0,0.10509156413418413,0.0
6449,1695747660000.0,0.0,0.0,663.0,0.061274494720965314,0.0,0.0,0.06051,0.9992712802619605,1.0,386.5675645300014,300.0,386.0607045300014,300.0,0.10509156413418413,0.0
6450,1695751260000.0,0.0,0.0,663.0,0.061274494720965314,0.0,0.0,0.06028,0.9992712802619605,1.0,386.5675645300014,300.0,385.9082145300014,300.0,0.10509156413418413,0.0
6451,1695754860000.0,0.0,0.0,663.0,0.061274494720965314,0.0,0.0,0.06021,0.9992712802619605,1.0,386.5675645300014,300.0,385.8618045300014,300.0,0.10509156413418413,0.0
6452,1695758460000.0,0.0,0.0,663.0,0.061274494720965314,0.0,0.0,0.06045,0.9992712802619605,1.0,386.5675645300014,300.0,386.02092453000137,300.0,0.10509156413418413,0.0
6453,1695762060000.0,0.0,0.0,663.0,0.061274494720965314,0.0,0.0,0.06033,0.9992712802619605,1.0,386.5675645300014,300.0,385.9413645300014,300.0,0.10509156413418413,0.0
6454,1695765660000.0,0.0,0.0,663.0,0.061274494720965314,0.0,0.0,0.06042,0.9992712802619605,1.0,386.5675645300014,300.0,386.0010345300014,300.0,0.10509156413418413,0.0
6455,1695769260000.0,0.0,0.0,663.0,0.061274494720965314,0.0,0.0,0.0603,0.9992712802619605,1.0,386.5675645300014,300.0,385.9214745300014,300.0,0.10509156413418413,0.0
6456,1695772860000.0,0.0,0.0,663.0,0.061274494720965314,0.0,0.0,0.0606,0.9992712802619605,1.0,386.5675645300014,300.0,386.1203745300014,300.0,0.10509156413418413,0.0
6457,1695776460000.0,0.0,0.0,663.0,0.061274494720965314,0.0,0.0,0.06073,0.9992712802619605,1.0,386.5675645300014,300.0,386.2065645300014,300.0,0.10509156413418413,0.0
6458,1695780060000.0,0.0,0.0,663.0,0.061274494720965314,0.0,0.0,0.0607,0.9992712802619605,1.0,386.5675645300014,300.0,386.18667453000137,300.0,0.10509156413418413,0.0
6459,1695783660000.0,0.0,0.0,663.0,0.061274494720965314,0.0,0.0,0.06061,0.9992712802619605,1.0,386.5675645300014,300.0,386.1270045300014,300.0,0.10509156413418413,0.0
6460,1695787260000.0,0.0,0.0,663.0,0.061274494720965314,0.0,0.0,0.0608,0.9992712802619605,1.0,386.5675645300014,300.0,386.2529745300014,300.0,0.10509156413418413,0.0
6461,1695790860000.0,0.0,0.0,663.0,0.061274494720965314,0.0,0.0,0.06063,0.9992712802619605,1.0,386.5675645300014,300.0,386.1402645300014,300.0,0.10509156413418413,0.0
6462,1695794460000.0,0.0,0.0,663.0,0.061274494720965314,0.0,0.0,0.06061,0.9992712802619605,1.0,386.5675645300014,300.0,386.1270045300014,300.0,0.10509156413418413,0.0
6463,1695798060000.0,0.0,0.0,663.0,0.061274494720965314,0.0,0.0,0.06065,0.9992712802619605,1.0,386.5675645300014,300.0,386.1535245300014,300.0,0.10509156413418413,0.0
6464,1695801660000.0,0.0,0.0,663.0,0.061274494720965314,0.0,0.0,0.06055,0.9992712802619605,1.0,386.5675645300014,300.0,386.0872245300014,300.0,0.10509156413418413,0.0
6465,1695805260000.0,0.0,0.0,663.0,0.061274494720965314,0.0,0.0,0.06049,0.9992712802619605,1.0,386.5675645300014,300.0,386.04744453000137,300.0,0.10509156413418413,0.0
6466,1695808860000.0,0.0,0.0,663.0,0.061274494720965314,0.0,0.0,0.06094,0.9992712802619605,1.0,386.5675645300014,300.0,386.3457945300014,300.0,0.10509156413418413,0.0
6467,1695812460000.0,0.0,0.0,663.0,0.061274494720965314,0.0,0.0,0.061,0.9992712802619605,1.0,386.5675645300014,300.0,386.3855745300014,300.0,0.10509156413418413,0.0
6468,1695816060000.0,0.0,0.0,663.0,0.061274494720965314,0.0,0.0,0.0613,0.9992712802619605,1.0,386.5675645300014,300.0,386.5844745300014,300.0,0.10509156413418413,0.0
6469,1695819660000.0,0.0,0.0,663.0,0.061274494720965314,0.0,0.0,0.06118,0.9992712802619605,1.0,386.5675645300014,300.0,386.5049145300014,300.0,0.10509156413418413,0.0
6470,1695823260000.0,0.0,0.0,663.0,0.061274494720965314,0.0,0.0,0.06104,0.9992712802619605,1.0,386.5675645300014,300.0,386.4120945300014,300.0,0.10509156413418413,0.0
6471,1695826860000.0,0.0,0.0,663.0,0.061274494720965314,0.0,0.0,0.06034,0.9992712802619605,1.0,386.5675645300014,300.0,385.9479945300014,300.0,0.10509156413418413,0.0
6472,1695830460000.0,0.0,0.0,663.0,0.061274494720965314,0.0,0.0,0.06058,0.9992712802619605,1.0,386.5675645300014,300.0,386.1071145300014,300.0,0.10509156413418413,0.0
6473,1695834060000.0,0.0,0.0,663.0,0.061274494720965314,0.0,0.0,0.06056,0.9992712802619605,1.0,386.5675645300014,300.0,386.0938545300014,300.0,0.10509156413418413,0.0
6474,1695837660000.0,0.0,0.0,663.0,0.061274494720965314,0.0,0.0,0.06048,0.9992712802619605,1.0,386.5675645300014,300.0,386.0408145300014,300.0,0.10509156413418413,0.0
6475,1695841260000.0,0.0,0.0,663.0,0.061274494720965314,0.0,0.0,0.06049,0.9992712802619605,1.0,386.5675645300014,300.0,386.04744453000137,300.0,0.10509156413418413,0.0
6476,1695844860000.0,0.0,0.0,663.0,0.061274494720965314,0.0,0.0,0.06049,0.9992712802619605,1.0,386.5675645300014,300.0,386.04744453000137,300.0,0.10509156413418413,0.0
6477,1695848460000.0,0.0,0.0,663.0,0.061274494720965314,0.0,0.0,0.06037,0.9992712802619605,1.0,386.5675645300014,300.0,385.9678845300014,300.0,0.10509156413418413,0.0
6478,1695852060000.0,0.0,0.0,663.0,0.061274494720965314,0.0,0.0,0.06039,0.9992712802619605,1.0,386.5675645300014,300.0,385.9811445300014,300.0,0.10509156413418413,0.0
6479,1695855660000.0,0.0,0.0,663.0,0.061274494720965314,0.0,0.0,0.06044,0.9992712802619605,1.0,386.5675645300014,300.0,386.0142945300014,300.0,0.10509156413418413,0.0
6480,1695859260000.0,0.0,0.0,663.0,0.061274494720965314,0.0,0.0,0.0605,0.9992712802619605,1.0,386.5675645300014,300.0,386.0540745300014,300.0,0.10509156413418413,0.0
6481,1695862860000.0,0.0,0.0,663.0,0.061274494720965314,0.0,0.0,0.06071,0.9992712802619605,1.0,386.5675645300014,300.0,386.1933045300014,300.0,0.10509156413418413,0.0
6482,1695866460000.0,0.0,0.0,663.0,0.061274494720965314,0.0,0.0,0.06079,0.9992712802619605,1.0,386.5675645300014,300.0,386.2463445300014,300.0,0.10509156413418413,0.0
6483,1695870060000.0,0.0,0.0,663.0,0.061274494720965314,0.0,0.0,0.0606,0.9992712802619605,1.0,386.5675645300014,300.0,386.1203745300014,300.0,0.10509156413418413,0.0
6484,1695873660000.0,0.0,0.0,663.0,0.061274494720965314,0.0,0.0,0.06049,0.9992712802619605,1.0,386.5675645300014,300.0,386.04744453000137,300.0,0.10509156413418413,0.0
6485,1695877260000.0,0.0,0.0,663.0,0.061274494720965314,0.0,0.0,0.06055,0.9992712802619605,1.0,386.5675645300014,300.0,386.0872245300014,300.0,0.10509156413418413,0.0
6486,1695880860000.0,0.0,0.0,663.0,0.061274494720965314,0.0,0.0,0.06065,0.9992712802619605,1.0,386.5675645300014,300.0,386.1535245300014,300.0,0.10509156413418413,0.0
6487,1695884460000.0,0.0,0.0,663.0,0.061274494720965314,0.0,0.0,0.06077,0.9992712802619605,1.0,386.5675645300014,300.0,386.2330845300014,300.0,0.10509156413418413,0.0
6488,1695888060000.0,0.0,0.0,663.0,0.061274494720965314,0.0,0.0,0.0608,0.9992712802619605,1.0,386.5675645300014,300.0,386.2529745300014,300.0,0.10509156413418413,0.0
6489,1695891660000.0,0.0,0.0,663.0,0.061274494720965314,0.0,0.0,0.06075,0.9992712802619605,1.0,386.5675645300014,300.0,386.2198245300014,300.0,0.10509156413418413,0.0
6490,1695895260000.0,0.0,0.0,663.0,0.061274494720965314,0.0,0.0,0.06085,0.9992712802619605,1.0,386.5675645300014,300.0,386.2861245300014,300.0,0.10509156413418413,0.0
6491,1695898860000.0,0.0,0.0,663.0,0.061274494720965314,0.0,0.0,0.06114,0.9992712802619605,1.0,386.5675645300014,300.0,386.47839453000137,300.0,0.10509156413418413,0.0
6492,1695902460000.0,0.0,0.0,663.0,0.061274494720965314,0.0,0.0,0.06096,0.9992712802619605,1.0,386.5675645300014,300.0,386.3590545300014,300.0,0.10509156413418413,0.0
6493,1695906060000.0,0.0,0.0,663.0,0.061274494720965314,0.0,0.0,0.06087,0.9992712802619605,1.0,386.5675645300014,300.0,386.29938453000136,300.0,0.10509156413418413,0.0
6494,1695909660000.0,0.0,0.0,663.0,0.061274494720965314,0.0,0.0,0.06106,0.9992712802619605,1.0,386.5675645300014,300.0,386.4253545300014,300.0,0.10509156413418413,0.0
6495,1695913260000.0,0.0,0.0,663.0,0.061274494720965314,0.0,0.0,0.06121,0.9992712802619605,1.0,386.5675645300014,300.0,386.5248045300014,300.0,0.10509156413418413,0.0
6496,1695916860000.0,0.0,0.0,663.0,0.061274494720965314,0.0,0.0,0.06159,0.9992712802619605,1.0,386.5675645300014,300.0,386.7767445300014,300.0,0.10509156413418413,0.0
6497,1695920460000.0,0.0,0.0,663.0,0.061274494720965314,0.0,0.0,0.06141,0.9992712802619605,1.0,386.5675645300014,300.0,386.6574045300014,300.0,0.10509156413418413,0.0
6498,1695924060000.0,0.0,0.0,663.0,0.061274494720965314,0.0,0.0,0.0615,0.9992712802619605,1.0,386.5675645300014,300.0,386.7170745300014,300.0,0.10509156413418413,0.0
6499,1695927660000.0,0.0,0.0,663.0,0.061274494720965314,0.0,0.0,0.06123,0.9992712802619605,1.0,386.5675645300014,300.0,386.5380645300014,300.0,0.10509156413418413,0.0
6500,1695931260000.0,0.0,0.0,663.0,0.061274494720965314,0.0,0.0,0.06146,0.9992712802619605,1.0,386.5675645300014,300.0,386.6905545300014,300.0,0.10509156413418413,0.0
6501,1695934860000.0,0.0,0.0,663.0,0.061274494720965314,0.0,0.0,0.06141,0.9992712802619605,1.0,386.5675645300014,300.0,386.6574045300014,300.0,0.10509156413418413,0.0
6502,1695938460000.0,0.0,0.0,663.0,0.061274494720965314,0.0,0.0,0.06137,0.9992712802619605,1.0,386.5675645300014,300.0,386.63088453000137,300.0,0.10509156413418413,0.0
6503,1695942060000.0,0.0,0.0,663.0,0.061274494720965314,0.0,0.0,0.06137,0.9992712802619605,1.0,386.5675645300014,300.0,386.63088453000137,300.0,0.10509156413418413,0.0
6504,1695945660000.0,0.0,0.0,663.0,0.061274494720965314,0.0,0.0,0.0615,0.9992712802619605,1.0,386.5675645300014,300.0,386.7170745300014,300.0,0.10509156413418413,0.0
6505,1695949260000.0,0.0,0.0,663.0,0.061274494720965314,0.0,0.0,0.06152,0.9992712802619605,1.0,386.5675645300014,300.0,386.7303345300014,300.0,0.10509156413418413,0.0
6506,1695952860000.0,0.0,0.0,663.0,0.061274494720965314,0.0,0.0,0.06157,0.9992712802619605,1.0,386.5675645300014,300.0,386.7634845300014,300.0,0.10509156413418413,0.0
6507,1695956460000.0,0.0,0.0,663.0,0.061274494720965314,0.0,0.0,0.06142,0.9992712802619605,1.0,386.5675645300014,300.0,386.6640345300014,300.0,0.10509156413418413,0.0
6508,1695960060000.0,0.0,0.0,663.0,0.061274494720965314,0.0,0.0,0.06148,0.9992712802619605,1.0,386.5675645300014,300.0,386.7038145300014,300.0,0.10509156413418413,0.0
6509,1695963660000.0,0.0,0.0,663.0,0.061274494720965314,0.0,0.0,0.06158,0.9992712802619605,1.0,386.5675645300014,300.0,386.77011453000136,300.0,0.10509156413418413,0.0
6510,1695967260000.0,0.0,0.0,663.0,0.061274494720965314,0.0,0.0,0.06182,0.9992712802619605,1.0,386.5675645300014,300.0,386.9292345300014,300.0,0.10509156413418413,0.0
6511,1695970860000.0,0.0,0.0,663.0,0.061274494720965314,0.0,0.0,0.06174,0.9992712802619605,1.0,386.5675645300014,300.0,386.8761945300014,300.0,0.10509156413418413,0.0
6512,1695974460000.0,0.0,0.0,0.0,0.061274494720965314,0.0,0.0,0.06204,0.9992712802619605,1.0,387.07370223000135,300.0,387.07370223000135,300.0,0.0,0.0
6513,1695978060000.0,0.0,0.0,0.0,0.061274494720965314,0.0,0.0,0.06167,0.9992712802619605,1.0,387.07370223000135,300.0,387.07370223000135,300.0,0.0,0.0
6514,1695981660000.0,0.0,0.0,0.0,0.061274494720965314,0.0,0.0,0.06167,0.9992712802619605,1.0,387.07370223000135,300.0,387.07370223000135,300.0,0.0,0.0
6515,1695985260000.0,0.0,0.0,0.0,0.061274494720965314,0.0,0.0,0.06168,0.9992712802619605,1.0,387.07370223000135,300.0,387.07370223000135,300.0,0.0,0.0
6516,1695988860000.0,0.0,0.0,0.0,0.061274494720965314,0.0,0.0,0.06165,0.9992712802619605,1.0,387.07370223000135,300.0,387.07370223000135,300.0,0.0,0.0
6517,1695992460000.0,0.0,0.0,0.0,0.061274494720965314,0.0,0.0,0.06205,0.9992712802619605,1.0,387.07370223000135,300.0,387.07370223000135,300.0,0.0,0.0
6518,1695996060000.0,0.0,0.0,0.0,0.061274494720965314,0.0,0.0,0.06192,0.9992712802619605,1.0,387.07370223000135,300.0,387.07370223000135,300.0,0.0,0.0
6519,1695999660000.0,0.0,0.0,0.0,0.061274494720965314,0.0,0.0,0.06198,0.9992712802619605,1.0,387.07370223000135,300.0,387.07370223000135,300.0,0.0,0.0
6520,1696003260000.0,0.0,0.0,0.0,0.061274494720965314,0.0,0.0,0.06185,0.9992712802619605,1.0,387.07370223000135,300.0,387.07370223000135,300.0,0.0,0.0
6521,1696006860000.0,0.0,0.0,0.0,0.061274494720965314,0.0,0.0,0.06179,0.9992712802619605,1.0,387.07370223000135,300.0,387.07370223000135,300.0,0.0,0.0
6522,1696010460000.0,0.0,0.0,0.0,0.061274494720965314,0.0,0.0,0.0617,0.9992712802619605,1.0,387.07370223000135,300.0,387.07370223000135,300.0,0.0,0.0
6523,1696014060000.0,0.0,0.0,0.0,0.061274494720965314,0.0,0.0,0.06199,0.9992712802619605,1.0,387.07370223000135,300.0,387.07370223000135,300.0,0.0,0.0
6524,1696017660000.0,0.0,0.0,0.0,0.061274494720965314,0.0,0.0,0.06202,0.9992712802619605,1.0,387.07370223000135,300.0,387.07370223000135,300.0,0.0,0.0
6525,1696021260000.0,0.0,0.0,0.0,0.061274494720965314,0.0,0.0,0.0621,0.9992712802619605,1.0,387.07370223000135,300.0,387.07370223000135,300.0,0.0,0.0
6526,1696024860000.0,0.0,0.0,0.0,0.061274494720965314,0.0,0.0,0.06201,0.9992712802619605,1.0,387.07370223000135,300.0,387.07370223000135,300.0,0.0,0.0
6527,1696028460000.0,0.0,0.0,0.0,0.061274494720965314,0.0,0.0,0.06229,0.9992712802619605,1.0,387.07370223000135,300.0,387.07370223000135,300.0,0.0,0.0
6528,1696032060000.0,0.0,0.0,0.0,0.061274494720965314,0.0,0.0,0.06213,0.9992712802619605,1.0,387.07370223000135,300.0,387.07370223000135,300.0,0.0,0.0
6529,1696035660000.0,0.0,0.0,0.0,0.061274494720965314,0.0,0.0,0.06218,0.9992712802619605,1.0,387.07370223000135,300.0,387.07370223000135,300.0,0.0,0.0
6530,1696039260000.0,0.0,0.0,0.0,0.061274494720965314,0.0,0.0,0.06192,0.9992712802619605,1.0,387.07370223000135,300.0,387.07370223000135,300.0,0.0,0.0
6531,1696042860000.0,0.0,0.0,0.0,0.061274494720965314,0.0,0.0,0.06202,0.9992712802619605,1.0,387.07370223000135,300.0,387.07370223000135,300.0,0.0,0.0
6532,1696046460000.0,0.0,0.0,0.0,0.061274494720965314,0.0,0.0,0.06189,0.9992712802619605,1.0,387.07370223000135,300.0,387.07370223000135,300.0,0.0,0.0
6533,1696050060000.0,0.0,0.0,0.0,0.061274494720965314,0.0,0.0,0.06185,0.9992712802619605,1.0,387.07370223000135,300.0,387.07370223000135,300.0,0.0,0.0
6534,1696053660000.0,0.0,0.0,0.0,0.061274494720965314,0.0,0.0,0.06187,0.9992712802619605,1.0,387.07370223000135,300.0,387.07370223000135,300.0,0.0,0.0
6535,1696057260000.0,0.0,0.0,0.0,0.061274494720965314,0.0,0.0,0.06183,0.9992712802619605,1.0,387.07370223000135,300.0,387.07370223000135,300.0,0.0,0.0
6536,1696060860000.0,0.0,0.0,0.0,0.061274494720965314,0.0,0.0,0.06178,0.9992712802619605,1.0,387.07370223000135,300.0,387.07370223000135,300.0,0.0,0.0
6537,1696064460000.0,0.0,0.0,0.0,0.061274494720965314,0.0,0.0,0.06188,0.9992712802619605,1.0,387.07370223000135,300.0,387.07370223000135,300.0,0.0,0.0
6538,1696068060000.0,0.0,0.0,0.0,0.061274494720965314,0.0,0.0,0.06189,0.9992712802619605,1.0,387.07370223000135,300.0,387.07370223000135,300.0,0.0,0.0
6539,1696071660000.0,0.0,0.0,0.0,0.061274494720965314,0.0,0.0,0.06184,0.9992712802619605,1.0,387.07370223000135,300.0,387.07370223000135,300.0,0.0,0.0
6540,1696075260000.0,0.0,0.0,0.0,0.061274494720965314,0.0,0.0,0.06178,0.9992712802619605,1.0,387.07370223000135,300.0,387.07370223000135,300.0,0.0,0.0
6541,1696078860000.0,0.0,0.0,0.0,0.061274494720965314,0.0,0.0,0.06179,0.9992712802619605,1.0,387.07370223000135,300.0,387.07370223000135,300.0,0.0,0.0
6542,1696082460000.0,0.0,0.0,0.0,0.061274494720965314,0.0,0.0,0.06199,0.9992712802619605,1.0,387.07370223000135,300.0,387.07370223000135,300.0,0.0,0.0
6543,1696086060000.0,0.0,0.0,0.0,0.061274494720965314,0.0,0.0,0.06195,0.9992712802619605,1.0,387.07370223000135,300.0,387.07370223000135,300.0,0.0,0.0
6544,1696089660000.0,0.0,0.0,0.0,0.061274494720965314,0.0,0.0,0.06209,0.9992712802619605,1.0,387.07370223000135,300.0,387.07370223000135,300.0,0.0,0.0
6545,1696093260000.0,0.0,0.0,0.0,0.061274494720965314,0.0,0.0,0.06221,0.9992712802619605,1.0,387.07370223000135,300.0,387.07370223000135,300.0,0.0,0.0
6546,1696096860000.0,0.0,0.0,0.0,0.061274494720965314,0.0,0.0,0.06234,0.9992712802619605,1.0,387.07370223000135,300.0,387.07370223000135,300.0,0.0,0.0
6547,1696100460000.0,0.0,0.0,0.0,0.061274494720965314,0.0,0.0,0.06242,0.9992712802619605,1.0,387.07370223000135,300.0,387.07370223000135,300.0,0.0,0.0
6548,1696104060000.0,0.0,0.0,0.0,0.061274494720965314,0.0,0.0,0.06239,0.9992712802619605,1.0,387.07370223000135,300.0,387.07370223000135,300.0,0.0,0.0
6549,1696107660000.0,0.0,0.0,0.0,0.061274494720965314,0.0,0.0,0.06238,0.9992712802619605,1.0,387.07370223000135,300.0,387.07370223000135,300.0,0.0,0.0
6550,1696111260000.0,0.0,0.0,0.0,0.061274494720965314,0.0,0.0,0.06214,0.9992712802619605,1.0,387.07370223000135,300.0,387.07370223000135,300.0,0.0,0.0
6551,1696114860000.0,0.0,0.0,0.0,0.061274494720965314,0.0,0.0,0.06225,0.9992712802619605,1.0,387.07370223000135,300.0,387.07370223000135,300.0,0.0,0.0
6552,1696118460000.0,0.0,0.0,0.0,0.061274494720965314,0.0,0.0,0.06207,0.9992712802619605,1.0,387.07370223000135,300.0,387.07370223000135,300.0,0.0,0.0
6553,1696122060000.0,0.0,0.0,0.0,0.061274494720965314,0.0,0.0,0.06204,0.9992712802619605,1.0,387.07370223000135,300.0,387.07370223000135,300.0,0.0,0.0
6554,1696125660000.0,0.0,0.0,0.0,0.061274494720965314,0.0,0.0,0.06206,0.9992712802619605,1.0,387.07370223000135,300.0,387.07370223000135,300.0,0.0,0.0
6555,1696129260000.0,0.0,0.0,0.0,0.061274494720965314,0.0,0.0,0.06208,0.9992712802619605,1.0,387.07370223000135,300.0,387.07370223000135,300.0,0.0,0.0
6556,1696132860000.0,0.0,0.0,0.0,0.061274494720965314,0.0,0.0,0.06207,0.9992712802619605,1.0,387.07370223000135,300.0,387.07370223000135,300.0,0.0,0.0
6557,1696136460000.0,0.0,0.0,0.0,0.061274494720965314,0.0,0.0,0.06199,0.9992712802619605,1.0,387.07370223000135,300.0,387.07370223000135,300.0,0.0,0.0
6558,1696140060000.0,0.0,0.0,0.0,0.061274494720965314,0.0,0.0,0.06224,0.9992712802619605,1.0,387.07370223000135,300.0,387.07370223000135,300.0,0.0,0.0
6559,1696143660000.0,0.0,0.0,0.0,0.061274494720965314,0.0,0.0,0.06228,0.9992712802619605,1.0,387.07370223000135,300.0,387.07370223000135,300.0,0.0,0.0
6560,1696147260000.0,0.0,0.0,0.0,0.061274494720965314,0.0,0.0,0.06215,0.9992712802619605,1.0,387.07370223000135,300.0,387.07370223000135,300.0,0.0,0.0
6561,1696150860000.0,0.0,0.0,0.0,0.061274494720965314,0.0,0.0,0.06242,0.9992712802619605,1.0,387.07370223000135,300.0,387.07370223000135,300.0,0.0,0.0
6562,1696154460000.0,0.0,0.0,0.0,0.061274494720965314,0.0,0.0,0.0625,0.9992712802619605,1.0,387.07370223000135,300.0,387.07370223000135,300.0,0.0,0.0
6563,1696158060000.0,0.0,0.0,0.0,0.061274494720965314,0.0,0.0,0.06281,0.9992712802619605,1.0,387.07370223000135,300.0,387.07370223000135,300.0,0.0,0.0
6564,1696161660000.0,0.0,0.0,0.0,0.061274494720965314,0.0,0.0,0.06273,0.9992712802619605,1.0,387.07370223000135,300.0,387.07370223000135,300.0,0.0,0.0
6565,1696165260000.0,0.0,0.0,0.0,0.061274494720965314,0.0,0.0,0.06279,0.9992712802619605,1.0,387.07370223000135,300.0,387.07370223000135,300.0,0.0,0.0
6566,1696168860000.0,0.0,0.0,0.0,0.061274494720965314,0.0,0.0,0.0627,0.9992712802619605,1.0,387.07370223000135,300.0,387.07370223000135,300.0,0.0,0.0
6567,1696172460000.0,0.0,0.0,0.0,0.061274494720965314,0.0,0.0,0.06243,0.9992712802619605,1.0,387.07370223000135,300.0,387.07370223000135,300.0,0.0,0.0
6568,1696176060000.0,0.0,0.0,0.0,0.061274494720965314,0.0,0.0,0.0625,0.9992712802619605,1.0,387.07370223000135,300.0,387.07370223000135,300.0,0.0,0.0
6569,1696179660000.0,0.0,0.0,0.0,0.061274494720965314,0.0,0.0,0.06229,0.9992712802619605,1.0,387.07370223000135,300.0,387.07370223000135,300.0,0.0,0.0
6570,1696183260000.0,0.0,0.0,311.0,0.06214,0.0,0.0,0.06194,0.9992712802619605,1.0,387.05437669000133,300.0,386.9921766900013,300.0,0.04992978031993206,0.0
6571,1696186860000.0,0.0,0.0,311.0,0.06214,0.0,0.0,0.062,0.9992712802619605,1.0,387.05437669000133,300.0,387.0108366900013,300.0,0.04992978031993206,0.0
6572,1696190460000.0,0.0,0.0,311.0,0.06214,0.0,0.0,0.06189,0.9992712802619605,1.0,387.05437669000133,300.0,386.97662669000135,300.0,0.04992978031993206,0.0
6573,1696194060000.0,0.0,0.0,311.0,0.06214,0.0,0.0,0.062,0.9992712802619605,1.0,387.05437669000133,300.0,387.0108366900013,300.0,0.04992978031993206,0.0
6574,1696197660000.0,0.0,0.0,311.0,0.06214,0.0,0.0,0.0622,0.9992712802619605,1.0,387.05437669000133,300.0,387.07303669000135,300.0,0.04992978031993206,0.0
6575,1696201260000.0,0.0,0.0,0.0,0.06214,0.0,0.0,0.06355,0.9992712802619605,1.0,387.2960299100013,300.0,387.2960299100013,300.0,0.0,0.0
6576,1696204860000.0,0.0,0.0,0.0,0.06214,0.0,0.0,0.06327,0.9992712802619605,1.0,387.2960299100013,300.0,387.2960299100013,300.0,0.0,0.0
6577,1696208460000.0,0.0,0.0,0.0,0.06214,0.0,0.0,0.06303,0.9992712802619605,1.0,387.2960299100013,300.0,387.2960299100013,300.0,0.0,0.0
6578,1696212060000.0,0.0,0.0,0.0,0.06214,0.0,0.0,0.0634,0.9992712802619605,1.0,387.2960299100013,300.0,387.2960299100013,300.0,0.0,0.0
6579,1696215660000.0,0.0,0.0,0.0,0.06214,0.0,0.0,0.06357,0.9992712802619605,1.0,387.2960299100013,300.0,387.2960299100013,300.0,0.0,0.0
6580,1696219260000.0,0.0,0.0,0.0,0.06214,0.0,0.0,0.06353,0.9992712802619605,1.0,387.2960299100013,300.0,387.2960299100013,300.0,0.0,0.0
6581,1696222860000.0,0.0,0.0,0.0,0.06214,0.0,0.0,0.06321,0.9992712802619605,1.0,387.2960299100013,300.0,387.2960299100013,300.0,0.0,0.0
6582,1696226460000.0,0.0,0.0,0.0,0.06214,0.0,0.0,0.06311,0.9992712802619605,1.0,387.2960299100013,300.0,387.2960299100013,300.0,0.0,0.0
6583,1696230060000.0,0.0,0.0,0.0,0.06214,0.0,0.0,0.06335,0.9992712802619605,1.0,387.2960299100013,300.0,387.2960299100013,300.0,0.0,0.0
6584,1696233660000.0,0.0,0.0,0.0,0.06214,0.0,0.0,0.06343,0.9992712802619605,1.0,387.2960299100013,300.0,387.2960299100013,300.0,0.0,0.0
6585,1696237260000.0,0.0,0.0,0.0,0.06214,0.0,0.0,0.06388,0.9992712802619605,1.0,387.2960299100013,300.0,387.2960299100013,300.0,0.0,0.0
6586,1696240860000.0,0.0,0.0,0.0,0.06214,0.0,0.0,0.06361,0.9992712802619605,1.0,387.2960299100013,300.0,387.2960299100013,300.0,0.0,0.0
6587,1696244460000.0,0.0,0.0,0.0,0.06214,0.0,0.0,0.0637,0.9992712802619605,1.0,387.2960299100013,300.0,387.2960299100013,300.0,0.0,0.0
6588,1696248060000.0,0.0,0.0,0.0,0.06214,0.0,0.0,0.06362,0.9992712802619605,1.0,387.2960299100013,300.0,387.2960299100013,300.0,0.0,0.0
6589,1696251660000.0,0.0,0.0,0.0,0.06214,0.0,0.0,0.06367,0.9992712802619605,1.0,387.2960299100013,300.0,387.2960299100013,300.0,0.0,0.0
6590,1696255260000.0,0.0,0.0,0.0,0.06214,0.0,0.0,0.06342,0.9992712802619605,1.0,387.2960299100013,300.0,387.2960299100013,300.0,0.0,0.0
6591,1696258860000.0,0.0,0.0,308.0,0.06296,0.0,0.0,0.06321,0.9992712802619605,1.0,387.2766382300013,300.0,387.3536382300013,300.0,0.050071907483568365,0.0
6592,1696262460000.0,0.0,0.0,308.0,0.06296,0.0,0.0,0.0626,0.9992712802619605,1.0,387.2766382300013,300.0,387.1657582300013,300.0,0.050071907483568365,0.0
6593,1696266060000.0,0.0,0.0,308.0,0.06296,0.0,0.0,0.06254,0.9992712802619605,1.0,387.2766382300013,300.0,387.1472782300013,300.0,0.050071907483568365,0.0
6594,1696269660000.0,0.0,0.0,308.0,0.06296,0.0,0.0,0.06268,0.9992712802619605,1.0,387.2766382300013,300.0,387.19039823000134,300.0,0.050071907483568365,0.0
6595,1696273260000.0,0.0,0.0,308.0,0.06296,0.0,0.0,0.06158,0.9992712802619605,1.0,387.2766382300013,300.0,386.8515982300013,300.0,0.050071907483568365,0.0
6596,1696276860000.0,0.0,0.0,308.0,0.06296,0.0,0.0,0.06213,0.9992712802619605,1.0,387.2766382300013,300.0,387.0209982300013,300.0,0.050071907483568365,0.0
6597,1696280460000.0,0.0,0.0,308.0,0.06296,0.0,0.0,0.06204,0.9992712802619605,1.0,387.2766382300013,300.0,386.9932782300013,300.0,0.050071907483568365,0.0
6598,1696284060000.0,0.0,0.0,308.0,0.06296,0.0,0.0,0.06184,0.9992712802619605,1.0,387.2766382300013,300.0,386.9316782300013,300.0,0.050071907483568365,0.0
6599,1696287660000.0,0.0,0.0,308.0,0.06296,0.0,0.0,0.06191,0.9992712802619605,1.0,387.2766382300013,300.0,386.9532382300013,300.0,0.050071907483568365,0.0
6600,1696291260000.0,0.0,0.0,308.0,0.06296,0.0,0.0,0.062,0.9992712802619605,1.0,387.2766382300013,300.0,386.9809582300013,300.0,0.050071907483568365,0.0
6601,1696294860000.0,0.0,0.0,308.0,0.06296,0.0,0.0,0.06198,0.9992712802619605,1.0,387.2766382300013,300.0,386.9747982300013,300.0,0.050071907483568365,0.0
6602,1696298460000.0,0.0,0.0,308.0,0.06296,0.0,0.0,0.06223,0.9992712802619605,1.0,387.2766382300013,300.0,387.0517982300013,300.0,0.050071907483568365,0.0
6603,1696302060000.0,0.0,0.0,308.0,0.06296,0.0,0.0,0.06215,0.9992712802619605,1.0,387.2766382300013,300.0,387.0271582300013,300.0,0.050071907483568365,0.0
6604,1696305660000.0,0.0,0.0,308.0,0.06296,0.0,0.0,0.06218,0.9992712802619605,1.0,387.2766382300013,300.0,387.0363982300013,300.0,0.050071907483568365,0.0
6605,1696309260000.0,0.0,0.0,308.0,0.06296,0.0,0.0,0.06224,0.9992712802619605,1.0,387.2766382300013,300.0,387.0548782300013,300.0,0.050071907483568365,0.0
6606,1696312860000.0,0.0,0.0,308.0,0.06296,0.0,0.0,0.06213,0.9992712802619605,1.0,387.2766382300013,300.0,387.0209982300013,300.0,0.050071907483568365,0.0
6607,1696316460000.0,0.0,0.0,308.0,0.06296,0.0,0.0,0.0622,0.9992712802619605,1.0,387.2766382300013,300.0,387.0425582300013,300.0,0.050071907483568365,0.0
6608,1696320060000.0,0.0,0.0,308.0,0.06296,0.0,0.0,0.06195,0.9992712802619605,1.0,387.2766382300013,300.0,386.9655582300013,300.0,0.050071907483568365,0.0
6609,1696323660000.0,0.0,0.0,308.0,0.06296,0.0,0.0,0.06197,0.9992712802619605,1.0,387.2766382300013,300.0,386.97171823000133,300.0,0.050071907483568365,0.0
6610,1696327260000.0,0.0,0.0,308.0,0.06296,0.0,0.0,0.06191,0.9992712802619605,1.0,387.2766382300013,300.0,386.9532382300013,300.0,0.050071907483568365,0.0
6611,1696330860000.0,0.0,0.0,308.0,0.06296,0.0,0.0,0.06197,0.9992712802619605,1.0,387.2766382300013,300.0,386.97171823000133,300.0,0.050071907483568365,0.0
6612,1696334460000.0,0.0,0.0,308.0,0.06296,0.0,0.0,0.06178,0.9992712802619605,1.0,387.2766382300013,300.0,386.9131982300013,300.0,0.050071907483568365,0.0
6613,1696338060000.0,0.0,0.0,308.0,0.06296,0.0,0.0,0.06169,0.9992712802619605,1.0,387.2766382300013,300.0,386.8854782300013,300.0,0.050071907483568365,0.0
6614,1696341660000.0,0.0,0.0,308.0,0.06296,0.0,0.0,0.06185,0.9992712802619605,1.0,387.2766382300013,300.0,386.9347582300013,300.0,0.050071907483568365,0.0
6615,1696345260000.0,0.0,0.0,308.0,0.06296,0.0,0.0,0.06144,0.9992712802619605,1.0,387.2766382300013,300.0,386.8084782300013,300.0,0.050071907483568365,0.0
6616,1696348860000.0,0.0,0.0,308.0,0.06296,0.0,0.0,0.06152,0.9992712802619605,1.0,387.2766382300013,300.0,386.83311823000133,300.0,0.050071907483568365,0.0
6617,1696352460000.0,0.0,0.0,308.0,0.06296,0.0,0.0,0.06158,0.9992712802619605,1.0,387.2766382300013,300.0,386.8515982300013,300.0,0.050071907483568365,0.0
6618,1696356060000.0,0.0,0.0,308.0,0.06296,0.0,0.0,0.0615,0.9992712802619605,1.0,387.2766382300013,300.0,386.8269582300013,300.0,0.050071907483568365,0.0
6619,1696359660000.0,0.0,0.0,308.0,0.06296,0.0,0.0,0.06126,0.9992712802619605,1.0,387.2766382300013,300.0,386.7530382300013,300.0,0.050071907483568365,0.0
6620,1696363260000.0,0.0,0.0,308.0,0.06296,0.0,0.0,0.06127,0.9992712802619605,1.0,387.2766382300013,300.0,386.75611823000133,300.0,0.050071907483568365,0.0
6621,1696366860000.0,0.0,0.0,308.0,0.06296,0.0,0.0,0.06137,0.9992712802619605,1.0,387.2766382300013,300.0,386.78691823000133,300.0,0.050071907483568365,0.0
6622,1696370460000.0,0.0,0.0,308.0,0.06296,0.0,0.0,0.06138,0.9992712802619605,1.0,387.2766382300013,300.0,386.7899982300013,300.0,0.050071907483568365,0.0
6623,1696374060000.0,0.0,0.0,308.0,0.06296,0.0,0.0,0.06153,0.9992712802619605,1.0,387.2766382300013,300.0,386.8361982300013,300.0,0.050071907483568365,0.0
6624,1696377660000.0,0.0,0.0,308.0,0.06296,0.0,0.0,0.06135,0.9992712802619605,1.0,387.2766382300013,300.0,386.7807582300013,300.0,0.050071907483568365,0.0
6625,1696381260000.0,0.0,0.0,658.0,0.06187489361702128,0.0,0.0,0.06053,0.9992712802619605,1.0,387.2553162300013,300.0,386.3703762300013,300.0,0.10513394727890335,0.0
6626,1696384860000.0,0.0,0.0,658.0,0.06187489361702128,0.0,0.0,0.06084,0.9992712802619605,1.0,387.2553162300013,300.0,386.5743562300013,300.0,0.10513394727890335,0.0
6627,1696388460000.0,0.0,0.0,658.0,0.06187489361702128,0.0,0.0,0.06096,0.9992712802619605,1.0,387.2553162300013,300.0,386.65331623000134,300.0,0.10513394727890335,0.0
6628,1696392060000.0,0.0,0.0,658.0,0.06187489361702128,0.0,0.0,0.06079,0.9992712802619605,1.0,387.2553162300013,300.0,386.5414562300013,300.0,0.10513394727890335,0.0
6629,1696395660000.0,0.0,0.0,658.0,0.06187489361702128,0.0,0.0,0.06074,0.9992712802619605,1.0,387.2553162300013,300.0,386.5085562300013,300.0,0.10513394727890335,0.0
6630,1696399260000.0,0.0,0.0,658.0,0.06187489361702128,0.0,0.0,0.06097,0.9992712802619605,1.0,387.2553162300013,300.0,386.6598962300013,300.0,0.10513394727890335,0.0
6631,1696402860000.0,0.0,0.0,658.0,0.06187489361702128,0.0,0.0,0.06113,0.9992712802619605,1.0,387.2553162300013,300.0,386.7651762300013,300.0,0.10513394727890335,0.0
6632,1696406460000.0,0.0,0.0,658.0,0.06187489361702128,0.0,0.0,0.06105,0.9992712802619605,1.0,387.2553162300013,300.0,386.7125362300013,300.0,0.10513394727890335,0.0
6633,1696410060000.0,0.0,0.0,658.0,0.06187489361702128,0.0,0.0,0.06112,0.9992712802619605,1.0,387.2553162300013,300.0,386.75859623000133,300.0,0.10513394727890335,0.0
6634,1696413660000.0,0.0,0.0,658.0,0.06187489361702128,0.0,0.0,0.06122,0.9992712802619605,1.0,387.2553162300013,300.0,386.8243962300013,300.0,0.10513394727890335,0.0
6635,1696417260000.0,0.0,0.0,658.0,0.06187489361702128,0.0,0.0,0.06105,0.9992712802619605,1.0,387.2553162300013,300.0,386.7125362300013,300.0,0.10513394727890335,0.0
6636,1696420860000.0,0.0,0.0,658.0,0.06187489361702128,0.0,0.0,0.06109,0.9992712802619605,1.0,387.2553162300013,300.0,386.7388562300013,300.0,0.10513394727890335,0.0
6637,1696424460000.0,0.0,0.0,658.0,0.06187489361702128,0.0,0.0,0.06106,0.9992712802619605,1.0,387.2553162300013,300.0,386.7191162300013,300.0,0.10513394727890335,0.0
6638,1696428060000.0,0.0,0.0,658.0,0.06187489361702128,0.0,0.0,0.06072,0.9992712802619605,1.0,387.2553162300013,300.0,386.4953962300013,300.0,0.10513394727890335,0.0
6639,1696431660000.0,0.0,0.0,658.0,0.06187489361702128,0.0,0.0,0.06077,0.9992712802619605,1.0,387.2553162300013,300.0,386.52829623000133,300.0,0.10513394727890335,0.0
6640,1696435260000.0,0.0,0.0,658.0,0.06187489361702128,0.0,0.0,0.06083,0.9992712802619605,1.0,387.2553162300013,300.0,386.5677762300013,300.0,0.10513394727890335,0.0
6641,1696438860000.0,0.0,0.0,658.0,0.06187489361702128,0.0,0.0,0.06099,0.9992712802619605,1.0,387.2553162300013,300.0,386.6730562300013,300.0,0.10513394727890335,0.0
6642,1696442460000.0,0.0,0.0,658.0,0.06187489361702128,0.0,0.0,0.061,0.9992712802619605,1.0,387.2553162300013,300.0,386.67963623000134,300.0,0.10513394727890335,0.0
6643,1696446060000.0,0.0,0.0,658.0,0.06187489361702128,0.0,0.0,0.06117,0.9992712802619605,1.0,387.2553162300013,300.0,386.7914962300013,300.0,0.10513394727890335,0.0
6644,1696449660000.0,0.0,0.0,658.0,0.06187489361702128,0.0,0.0,0.06105,0.9992712802619605,1.0,387.2553162300013,300.0,386.7125362300013,300.0,0.10513394727890335,0.0
6645,1696453260000.0,0.0,0.0,658.0,0.06187489361702128,0.0,0.0,0.06117,0.9992712802619605,1.0,387.2553162300013,300.0,386.7914962300013,300.0,0.10513394727890335,0.0
6646,1696456860000.0,0.0,0.0,658.0,0.06187489361702128,0.0,0.0,0.06129,0.9992712802619605,1.0,387.2553162300013,300.0,386.8704562300013,300.0,0.10513394727890335,0.0
6647,1696460460000.0,0.0,0.0,658.0,0.06187489361702128,0.0,0.0,0.06145,0.9992712802619605,1.0,387.2553162300013,300.0,386.9757362300013,300.0,0.10513394727890335,0.0
6648,1696464060000.0,0.0,0.0,658.0,0.06187489361702128,0.0,0.0,0.06143,0.9992712802619605,1.0,387.2553162300013,300.0,386.96257623000133,300.0,0.10513394727890335,0.0
6649,1696467660000.0,0.0,0.0,658.0,0.06187489361702128,0.0,0.0,0.06154,0.9992712802619605,1.0,387.2553162300013,300.0,387.0349562300013,300.0,0.10513394727890335,0.0
6650,1696471260000.0,0.0,0.0,658.0,0.06187489361702128,0.0,0.0,0.06135,0.9992712802619605,1.0,387.2553162300013,300.0,386.90993623000134,300.0,0.10513394727890335,0.0
6651,1696474860000.0,0.0,0.0,658.0,0.06187489361702128,0.0,0.0,0.06125,0.9992712802619605,1.0,387.2553162300013,300.0,386.8441362300013,300.0,0.10513394727890335,0.0
6652,1696478460000.0,0.0,0.0,658.0,0.06187489361702128,0.0,0.0,0.06105,0.9992712802619605,1.0,387.2553162300013,300.0,386.7125362300013,300.0,0.10513394727890335,0.0
6653,1696482060000.0,0.0,0.0,658.0,0.06187489361702128,0.0,0.0,0.06113,0.9992712802619605,1.0,387.2553162300013,300.0,386.7651762300013,300.0,0.10513394727890335,0.0
6654,1696485660000.0,0.0,0.0,658.0,0.06187489361702128,0.0,0.0,0.06105,0.9992712802619605,1.0,387.2553162300013,300.0,386.7125362300013,300.0,0.10513394727890335,0.0
6655,1696489260000.0,0.0,0.0,658.0,0.06187489361702128,0.0,0.0,0.06094,0.9992712802619605,1.0,387.2553162300013,300.0,386.6401562300013,300.0,0.10513394727890335,0.0
6656,1696492860000.0,0.0,0.0,658.0,0.06187489361702128,0.0,0.0,0.06098,0.9992712802619605,1.0,387.2553162300013,300.0,386.6664762300013,300.0,0.10513394727890335,0.0
6657,1696496460000.0,0.0,0.0,658.0,0.06187489361702128,0.0,0.0,0.06101,0.9992712802619605,1.0,387.2553162300013,300.0,386.6862162300013,300.0,0.10513394727890335,0.0
6658,1696500060000.0,0.0,0.0,658.0,0.06187489361702128,0.0,0.0,0.06108,0.9992712802619605,1.0,387.2553162300013,300.0,386.73227623000133,300.0,0.10513394727890335,0.0
6659,1696503660000.0,0.0,0.0,658.0,0.06187489361702128,0.0,0.0,0.06109,0.9992712802619605,1.0,387.2553162300013,300.0,386.7388562300013,300.0,0.10513394727890335,0.0
6660,1696507260000.0,0.0,0.0,658.0,0.06187489361702128,0.0,0.0,0.06099,0.9992712802619605,1.0,387.2553162300013,300.0,386.6730562300013,300.0,0.10513394727890335,0.0
6661,1696510860000.0,0.0,0.0,658.0,0.06187489361702128,0.0,0.0,0.06095,0.9992712802619605,1.0,387.2553162300013,300.0,386.6467362300013,300.0,0.10513394727890335,0.0
6662,1696514460000.0,0.0,0.0,658.0,0.06187489361702128,0.0,0.0,0.06113,0.9992712802619605,1.0,387.2553162300013,300.0,386.7651762300013,300.0,0.10513394727890335,0.0
6663,1696518060000.0,0.0,0.0,658.0,0.06187489361702128,0.0,0.0,0.06119,0.9992712802619605,1.0,387.2553162300013,300.0,386.8046562300013,300.0,0.10513394727890335,0.0
6664,1696521660000.0,0.0,0.0,658.0,0.06187489361702128,0.0,0.0,0.06085,0.9992712802619605,1.0,387.2553162300013,300.0,386.5809362300013,300.0,0.10513394727890335,0.0
6665,1696525260000.0,0.0,0.0,658.0,0.06187489361702128,0.0,0.0,0.06095,0.9992712802619605,1.0,387.2553162300013,300.0,386.6467362300013,300.0,0.10513394727890335,0.0
6666,1696528860000.0,0.0,0.0,658.0,0.06187489361702128,0.0,0.0,0.06107,0.9992712802619605,1.0,387.2553162300013,300.0,386.7256962300013,300.0,0.10513394727890335,0.0
6667,1696532460000.0,0.0,0.0,658.0,0.06187489361702128,0.0,0.0,0.06111,0.9992712802619605,1.0,387.2553162300013,300.0,386.7520162300013,300.0,0.10513394727890335,0.0
6668,1696536060000.0,0.0,0.0,658.0,0.06187489361702128,0.0,0.0,0.06112,0.9992712802619605,1.0,387.2553162300013,300.0,386.75859623000133,300.0,0.10513394727890335,0.0
6669,1696539660000.0,0.0,0.0,658.0,0.06187489361702128,0.0,0.0,0.06104,0.9992712802619605,1.0,387.2553162300013,300.0,386.70595623000133,300.0,0.10513394727890335,0.0
6670,1696543260000.0,0.0,0.0,658.0,0.06187489361702128,0.0,0.0,0.06101,0.9992712802619605,1.0,387.2553162300013,300.0,386.6862162300013,300.0,0.10513394727890335,0.0
6671,1696546860000.0,0.0,0.0,658.0,0.06187489361702128,0.0,0.0,0.06107,0.9992712802619605,1.0,387.2553162300013,300.0,386.7256962300013,300.0,0.10513394727890335,0.0
6672,1696550460000.0,0.0,0.0,658.0,0.06187489361702128,0.0,0.0,0.06094,0.9992712802619605,1.0,387.2553162300013,300.0,386.6401562300013,300.0,0.10513394727890335,0.0
6673,1696554060000.0,0.0,0.0,658.0,0.06187489361702128,0.0,0.0,0.06105,0.9992712802619605,1.0,387.2553162300013,300.0,386.7125362300013,300.0,0.10513394727890335,0.0
6674,1696557660000.0,0.0,0.0,658.0,0.06187489361702128,0.0,0.0,0.06118,0.9992712802619605,1.0,387.2553162300013,300.0,386.7980762300013,300.0,0.10513394727890335,0.0
6675,1696561260000.0,0.0,0.0,658.0,0.06187489361702128,0.0,0.0,0.06111,0.9992712802619605,1.0,387.2553162300013,300.0,386.7520162300013,300.0,0.10513394727890335,0.0
6676,1696564860000.0,0.0,0.0,658.0,0.06187489361702128,0.0,0.0,0.06105,0.9992712802619605,1.0,387.2553162300013,300.0,386.7125362300013,300.0,0.10513394727890335,0.0
6677,1696568460000.0,0.0,0.0,658.0,0.06187489361702128,0.0,0.0,0.06104,0.9992712802619605,1.0,387.2553162300013,300.0,386.70595623000133,300.0,0.10513394727890335,0.0
6678,1696572060000.0,0.0,0.0,658.0,0.06187489361702128,0.0,0.0,0.06099,0.9992712802619605,1.0,387.2553162300013,300.0,386.6730562300013,300.0,0.10513394727890335,0.0
6679,1696575660000.0,0.0,0.0,658.0,0.06187489361702128,0.0,0.0,0.06095,0.9992712802619605,1.0,387.2553162300013,300.0,386.6467362300013,300.0,0.10513394727890335,0.0
6680,1696579260000.0,0.0,0.0,658.0,0.06187489361702128,0.0,0.0,0.06113,0.9992712802619605,1.0,387.2553162300013,300.0,386.7651762300013,300.0,0.10513394727890335,0.0
6681,1696582860000.0,0.0,0.0,658.0,0.06187489361702128,0.0,0.0,0.06111,0.9992712802619605,1.0,387.2553162300013,300.0,386.7520162300013,300.0,0.10513394727890335,0.0
6682,1696586460000.0,0.0,0.0,658.0,0.06187489361702128,0.0,0.0,0.06118,0.9992712802619605,1.0,387.2553162300013,300.0,386.7980762300013,300.0,0.10513394727890335,0.0
6683,1696590060000.0,0.0,0.0,658.0,0.06187489361702128,0.0,0.0,0.06109,0.9992712802619605,1.0,387.2553162300013,300.0,386.7388562300013,300.0,0.10513394727890335,0.0
6684,1696593660000.0,0.0,0.0,658.0,0.06187489361702128,0.0,0.0,0.06112,0.9992712802619605,1.0,387.2553162300013,300.0,386.75859623000133,300.0,0.10513394727890335,0.0
6685,1696597260000.0,0.0,0.0,658.0,0.06187489361702128,0.0,0.0,0.06078,0.9992712802619605,1.0,387.2553162300013,300.0,386.5348762300013,300.0,0.10513394727890335,0.0
6686,1696600860000.0,0.0,0.0,658.0,0.06187489361702128,0.0,0.0,0.06094,0.9992712802619605,1.0,387.2553162300013,300.0,386.6401562300013,300.0,0.10513394727890335,0.0
6687,1696604460000.0,0.0,0.0,658.0,0.06187489361702128,0.0,0.0,0.06108,0.9992712802619605,1.0,387.2553162300013,300.0,386.73227623000133,300.0,0.10513394727890335,0.0
6688,1696608060000.0,0.0,0.0,658.0,0.06187489361702128,0.0,0.0,0.06132,0.9992712802619605,1.0,387.2553162300013,300.0,386.8901962300013,300.0,0.10513394727890335,0.0
6689,1696611660000.0,0.0,0.0,658.0,0.06187489361702128,0.0,0.0,0.0612,0.9992712802619605,1.0,387.2553162300013,300.0,386.8112362300013,300.0,0.10513394727890335,0.0
6690,1696615260000.0,0.0,0.0,658.0,0.06187489361702128,0.0,0.0,0.06132,0.9992712802619605,1.0,387.2553162300013,300.0,386.8901962300013,300.0,0.10513394727890335,0.0
6691,1696618860000.0,0.0,0.0,658.0,0.06187489361702128,0.0,0.0,0.06133,0.9992712802619605,1.0,387.2553162300013,300.0,386.8967762300013,300.0,0.10513394727890335,0.0
6692,1696622460000.0,0.0,0.0,658.0,0.06187489361702128,0.0,0.0,0.06129,0.9992712802619605,1.0,387.2553162300013,300.0,386.8704562300013,300.0,0.10513394727890335,0.0
6693,1696626060000.0,0.0,0.0,658.0,0.06187489361702128,0.0,0.0,0.06133,0.9992712802619605,1.0,387.2553162300013,300.0,386.8967762300013,300.0,0.10513394727890335,0.0
6694,1696629660000.0,0.0,0.0,658.0,0.06187489361702128,0.0,0.0,0.06144,0.9992712802619605,1.0,387.2553162300013,300.0,386.9691562300013,300.0,0.10513394727890335,0.0
6695,1696633260000.0,0.0,0.0,658.0,0.06187489361702128,0.0,0.0,0.06143,0.9992712802619605,1.0,387.2553162300013,300.0,386.96257623000133,300.0,0.10513394727890335,0.0
6696,1696636860000.0,0.0,0.0,658.0,0.06187489361702128,0.0,0.0,0.06135,0.9992712802619605,1.0,387.2553162300013,300.0,386.90993623000134,300.0,0.10513394727890335,0.0
6697,1696640460000.0,0.0,0.0,658.0,0.06187489361702128,0.0,0.0,0.06156,0.9992712802619605,1.0,387.2553162300013,300.0,387.0481162300013,300.0,0.10513394727890335,0.0
6698,1696644060000.0,0.0,0.0,658.0,0.06187489361702128,0.0,0.0,0.06157,0.9992712802619605,1.0,387.2553162300013,300.0,387.0546962300013,300.0,0.10513394727890335,0.0
6699,1696647660000.0,0.0,0.0,658.0,0.06187489361702128,0.0,0.0,0.06154,0.9992712802619605,1.0,387.2553162300013,300.0,387.0349562300013,300.0,0.10513394727890335,0.0
6700,1696651260000.0,0.0,0.0,658.0,0.06187489361702128,0.0,0.0,0.06159,0.9992712802619605,1.0,387.2553162300013,300.0,387.0678562300013,300.0,0.10513394727890335,0.0
6701,1696654860000.0,0.0,0.0,658.0,0.06187489361702128,0.0,0.0,0.0615,0.9992712802619605,1.0,387.2553162300013,300.0,387.0086362300013,300.0,0.10513394727890335,0.0
6702,1696658460000.0,0.0,0.0,658.0,0.06187489361702128,0.0,0.0,0.06146,0.9992712802619605,1.0,387.2553162300013,300.0,386.9823162300013,300.0,0.10513394727890335,0.0
6703,1696662060000.0,0.0,0.0,658.0,0.06187489361702128,0.0,0.0,0.06142,0.9992712802619605,1.0,387.2553162300013,300.0,386.9559962300013,300.0,0.10513394727890335,0.0
6704,1696665660000.0,0.0,0.0,658.0,0.06187489361702128,0.0,0.0,0.06135,0.9992712802619605,1.0,387.2553162300013,300.0,386.90993623000134,300.0,0.10513394727890335,0.0
6705,1696669260000.0,0.0,0.0,658.0,0.06187489361702128,0.0,0.0,0.06151,0.9992712802619605,1.0,387.2553162300013,300.0,387.01521623000133,300.0,0.10513394727890335,0.0
6706,1696672860000.0,0.0,0.0,658.0,0.06187489361702128,0.0,0.0,0.06133,0.9992712802619605,1.0,387.2553162300013,300.0,386.8967762300013,300.0,0.10513394727890335,0.0
6707,1696676460000.0,0.0,0.0,658.0,0.06187489361702128,0.0,0.0,0.06136,0.9992712802619605,1.0,387.2553162300013,300.0,386.9165162300013,300.0,0.10513394727890335,0.0
6708,1696680060000.0,0.0,0.0,658.0,0.06187489361702128,0.0,0.0,0.06135,0.9992712802619605,1.0,387.2553162300013,300.0,386.90993623000134,300.0,0.10513394727890335,0.0
6709,1696683660000.0,0.0,0.0,658.0,0.06187489361702128,0.0,0.0,0.06134,0.9992712802619605,1.0,387.2553162300013,300.0,386.9033562300013,300.0,0.10513394727890335,0.0
6710,1696687260000.0,0.0,0.0,658.0,0.06187489361702128,0.0,0.0,0.06131,0.9992712802619605,1.0,387.2553162300013,300.0,386.88361623000134,300.0,0.10513394727890335,0.0
6711,1696690860000.0,0.0,0.0,658.0,0.06187489361702128,0.0,0.0,0.06138,0.9992712802619605,1.0,387.2553162300013,300.0,386.9296762300013,300.0,0.10513394727890335,0.0
6712,1696694460000.0,0.0,0.0,658.0,0.06187489361702128,0.0,0.0,0.06131,0.9992712802619605,1.0,387.2553162300013,300.0,386.88361623000134,300.0,0.10513394727890335,0.0
6713,1696698060000.0,0.0,0.0,658.0,0.06187489361702128,0.0,0.0,0.06121,0.9992712802619605,1.0,387.2553162300013,300.0,386.8178162300013,300.0,0.10513394727890335,0.0
6714,1696701660000.0,0.0,0.0,658.0,0.06187489361702128,0.0,0.0,0.06117,0.9992712802619605,1.0,387.2553162300013,300.0,386.7914962300013,300.0,0.10513394727890335,0.0
6715,1696705260000.0,0.0,0.0,658.0,0.06187489361702128,0.0,0.0,0.06111,0.9992712802619605,1.0,387.2553162300013,300.0,386.7520162300013,300.0,0.10513394727890335,0.0
6716,1696708860000.0,0.0,0.0,658.0,0.06187489361702128,0.0,0.0,0.06108,0.9992712802619605,1.0,387.2553162300013,300.0,386.73227623000133,300.0,0.10513394727890335,0.0
6717,1696712460000.0,0.0,0.0,658.0,0.06187489361702128,0.0,0.0,0.06122,0.9992712802619605,1.0,387.2553162300013,300.0,386.8243962300013,300.0,0.10513394727890335,0.0
6718,1696716060000.0,0.0,0.0,658.0,0.06187489361702128,0.0,0.0,0.06138,0.9992712802619605,1.0,387.2553162300013,300.0,386.9296762300013,300.0,0.10513394727890335,0.0
6719,1696719660000.0,0.0,0.0,658.0,0.06187489361702128,0.0,0.0,0.06146,0.9992712802619605,1.0,387.2553162300013,300.0,386.9823162300013,300.0,0.10513394727890335,0.0
6720,1696723260000.0,0.0,0.0,658.0,0.06187489361702128,0.0,0.0,0.06143,0.9992712802619605,1.0,387.2553162300013,300.0,386.96257623000133,300.0,0.10513394727890335,0.0
6721,1696726860000.0,0.0,0.0,658.0,0.06187489361702128,0.0,0.0,0.06154,0.9992712802619605,1.0,387.2553162300013,300.0,387.0349562300013,300.0,0.10513394727890335,0.0
6722,1696730460000.0,0.0,0.0,658.0,0.06187489361702128,0.0,0.0,0.06155,0.9992712802619605,1.0,387.2553162300013,300.0,387.0415362300013,300.0,0.10513394727890335,0.0
6723,1696734060000.0,0.0,0.0,658.0,0.06187489361702128,0.0,0.0,0.06148,0.9992712802619605,1.0,387.2553162300013,300.0,386.9954762300013,300.0,0.10513394727890335,0.0
6724,1696737660000.0,0.0,0.0,658.0,0.06187489361702128,0.0,0.0,0.0616,0.9992712802619605,1.0,387.2553162300013,300.0,387.0744362300013,300.0,0.10513394727890335,0.0
6725,1696741260000.0,0.0,0.0,658.0,0.06187489361702128,0.0,0.0,0.06136,0.9992712802619605,1.0,387.2553162300013,300.0,386.9165162300013,300.0,0.10513394727890335,0.0
6726,1696744860000.0,0.0,0.0,658.0,0.06187489361702128,0.0,0.0,0.0613,0.9992712802619605,1.0,387.2553162300013,300.0,386.8770362300013,300.0,0.10513394727890335,0.0
6727,1696748460000.0,0.0,0.0,658.0,0.06187489361702128,0.0,0.0,0.06124,0.9992712802619605,1.0,387.2553162300013,300.0,386.8375562300013,300.0,0.10513394727890335,0.0
6728,1696752060000.0,0.0,0.0,658.0,0.06187489361702128,0.0,0.0,0.06124,0.9992712802619605,1.0,387.2553162300013,300.0,386.8375562300013,300.0,0.10513394727890335,0.0
6729,1696755660000.0,0.0,0.0,658.0,0.06187489361702128,0.0,0.0,0.06127,0.9992712802619605,1.0,387.2553162300013,300.0,386.8572962300013,300.0,0.10513394727890335,0.0
6730,1696759260000.0,0.0,0.0,658.0,0.06187489361702128,0.0,0.0,0.06111,0.9992712802619605,1.0,387.2553162300013,300.0,386.7520162300013,300.0,0.10513394727890335,0.0
6731,1696762860000.0,0.0,0.0,658.0,0.06187489361702128,0.0,0.0,0.06088,0.9992712802619605,1.0,387.2553162300013,300.0,386.6006762300013,300.0,0.10513394727890335,0.0
6732,1696766460000.0,0.0,0.0,658.0,0.06187489361702128,0.0,0.0,0.06094,0.9992712802619605,1.0,387.2553162300013,300.0,386.6401562300013,300.0,0.10513394727890335,0.0
6733,1696770060000.0,0.0,0.0,658.0,0.06187489361702128,0.0,0.0,0.06106,0.9992712802619605,1.0,387.2553162300013,300.0,386.7191162300013,300.0,0.10513394727890335,0.0
6734,1696773660000.0,0.0,0.0,658.0,0.06187489361702128,0.0,0.0,0.0612,0.9992712802619605,1.0,387.2553162300013,300.0,386.8112362300013,300.0,0.10513394727890335,0.0
6735,1696777260000.0,0.0,0.0,658.0,0.06187489361702128,0.0,0.0,0.06121,0.9992712802619605,1.0,387.2553162300013,300.0,386.8178162300013,300.0,0.10513394727890335,0.0
6736,1696780860000.0,0.0,0.0,658.0,0.06187489361702128,0.0,0.0,0.06113,0.9992712802619605,1.0,387.2553162300013,300.0,386.7651762300013,300.0,0.10513394727890335,0.0
6737,1696784460000.0,0.0,0.0,658.0,0.06187489361702128,0.0,0.0,0.06113,0.9992712802619605,1.0,387.2553162300013,300.0,386.7651762300013,300.0,0.10513394727890335,0.0
6738,1696788060000.0,0.0,0.0,658.0,0.06187489361702128,0.0,0.0,0.06106,0.9992712802619605,1.0,387.2553162300013,300.0,386.7191162300013,300.0,0.10513394727890335,0.0
6739,1696791660000.0,0.0,0.0,658.0,0.06187489361702128,0.0,0.0,0.0611,0.9992712802619605,1.0,387.2553162300013,300.0,386.7454362300013,300.0,0.10513394727890335,0.0
6740,1696795260000.0,0.0,0.0,658.0,0.06187489361702128,0.0,0.0,0.06101,0.9992712802619605,1.0,387.2553162300013,300.0,386.6862162300013,300.0,0.10513394727890335,0.0
6741,1696798860000.0,0.0,0.0,658.0,0.06187489361702128,0.0,0.0,0.06104,0.9992712802619605,1.0,387.2553162300013,300.0,386.70595623000133,300.0,0.10513394727890335,0.0
6742,1696802460000.0,0.0,0.0,658.0,0.06187489361702128,0.0,0.0,0.06093,0.9992712802619605,1.0,387.2553162300013,300.0,386.6335762300013,300.0,0.10513394727890335,0.0
6743,1696806060000.0,0.0,0.0,658.0,0.06187489361702128,0.0,0.0,0.06089,0.9992712802619605,1.0,387.2553162300013,300.0,386.6072562300013,300.0,0.10513394727890335,0.0
6744,1696809660000.0,0.0,0.0,658.0,0.06187489361702128,0.0,0.0,0.06092,0.9992712802619605,1.0,387.2553162300013,300.0,386.62699623000134,300.0,0.10513394727890335,0.0
6745,1696813260000.0,0.0,0.0,658.0,0.06187489361702128,0.0,0.0,0.06076,0.9992712802619605,1.0,387.2553162300013,300.0,386.5217162300013,300.0,0.10513394727890335,0.0
6746,1696816860000.0,0.0,0.0,658.0,0.06187489361702128,0.0,0.0,0.06099,0.9992712802619605,1.0,387.2553162300013,300.0,386.6730562300013,300.0,0.10513394727890335,0.0
6747,1696820460000.0,0.0,0.0,658.0,0.06187489361702128,0.0,0.0,0.06087,0.9992712802619605,1.0,387.2553162300013,300.0,386.5940962300013,300.0,0.10513394727890335,0.0
6748,1696824060000.0,0.0,0.0,658.0,0.06187489361702128,0.0,0.0,0.06091,0.9992712802619605,1.0,387.2553162300013,300.0,386.6204162300013,300.0,0.10513394727890335,0.0
6749,1696827660000.0,0.0,0.0,658.0,0.06187489361702128,0.0,0.0,0.06084,0.9992712802619605,1.0,387.2553162300013,300.0,386.5743562300013,300.0,0.10513394727890335,0.0
6750,1696831260000.0,0.0,0.0,658.0,0.06187489361702128,0.0,0.0,0.06063,0.9992712802619605,1.0,387.2553162300013,300.0,386.4361762300013,300.0,0.10513394727890335,0.0
6751,1696834860000.0,0.0,0.0,658.0,0.06187489361702128,0.0,0.0,0.06062,0.9992712802619605,1.0,387.2553162300013,300.0,386.4295962300013,300.0,0.10513394727890335,0.0
6752,1696838460000.0,0.0,0.0,658.0,0.06187489361702128,0.0,0.0,0.06034,0.9992712802619605,1.0,387.2553162300013,300.0,386.24535623000133,300.0,0.10513394727890335,0.0
6753,1696842060000.0,0.0,0.0,658.0,0.06187489361702128,0.0,0.0,0.05999,0.9992712802619605,1.0,387.2553162300013,300.0,386.01505623000133,300.0,0.10513394727890335,0.0
6754,1696845660000.0,0.0,0.0,3008.0,0.059126795212765954,0.0,0.0,0.05893,0.9992712802619605,1.0,387.1181765100013,300.0,386.52621651000135,300.0,0.4594292151389205,0.0
6755,1696849260000.0,0.0,0.0,3008.0,0.059126795212765954,0.0,0.0,0.05871,0.9992712802619605,1.0,387.1181765100013,300.0,385.86445651000133,300.0,0.4594292151389205,0.0
6756,1696852860000.0,0.0,0.0,3008.0,0.059126795212765954,0.0,0.0,0.05865,0.9992712802619605,1.0,387.1181765100013,300.0,385.68397651000134,300.0,0.4594292151389205,0.0
6757,1696856460000.0,0.0,0.0,3008.0,0.059126795212765954,0.0,0.0,0.05888,0.9992712802619605,1.0,387.1181765100013,300.0,386.37581651000136,300.0,0.4594292151389205,0.0
6758,1696860060000.0,0.0,0.0,3008.0,0.059126795212765954,0.0,0.0,0.05908,0.9992712802619605,1.0,387.1181765100013,300.0,386.9774165100013,300.0,0.4594292151389205,0.0
6759,1696863660000.0,0.0,0.0,3008.0,0.059126795212765954,0.0,0.0,0.05892,0.9992712802619605,1.0,387.1181765100013,300.0,386.49613651000135,300.0,0.4594292151389205,0.0
6760,1696867260000.0,0.0,0.0,3008.0,0.059126795212765954,0.0,0.0,0.05849,0.9992712802619605,1.0,387.1181765100013,300.0,385.2026965100013,300.0,0.4594292151389205,0.0
6761,1696870860000.0,0.0,0.0,3008.0,0.059126795212765954,0.0,0.0,0.05834,0.9992712802619605,1.0,387.1181765100013,300.0,384.75149651000135,300.0,0.4594292151389205,0.0
6762,1696874460000.0,0.0,0.0,3008.0,0.059126795212765954,0.0,0.0,0.05879,0.9992712802619605,1.0,387.1181765100013,300.0,386.1050965100013,300.0,0.4594292151389205,0.0
6763,1696878060000.0,0.0,0.0,3008.0,0.059126795212765954,0.0,0.0,0.05881,0.9992712802619605,1.0,387.1181765100013,300.0,386.1652565100013,300.0,0.4594292151389205,0.0
6764,1696881660000.0,0.0,0.0,3008.0,0.059126795212765954,0.0,0.0,0.05894,0.9992712802619605,1.0,387.1181765100013,300.0,386.55629651000135,300.0,0.4594292151389205,0.0
6765,1696885260000.0,0.0,0.0,3008.0,0.059126795212765954,0.0,0.0,0.05884,0.9992712802619605,1.0,387.1181765100013,300.0,386.25549651000136,300.0,0.4594292151389205,0.0
6766,1696888860000.0,0.0,0.0,3008.0,0.059126795212765954,0.0,0.0,0.0588,0.9992712802619605,1.0,387.1181765100013,300.0,386.1351765100013,300.0,0.4594292151389205,0.0
6767,1696892460000.0,0.0,0.0,3008.0,0.059126795212765954,0.0,0.0,0.05872,0.9992712802619605,1.0,387.1181765100013,300.0,385.89453651000133,300.0,0.4594292151389205,0.0
6768,1696896060000.0,0.0,0.0,3008.0,0.059126795212765954,0.0,0.0,0.05874,0.9992712802619605,1.0,387.1181765100013,300.0,385.9546965100013,300.0,0.4594292151389205,0.0
6769,1696899660000.0,0.0,0.0,3008.0,0.059126795212765954,0.0,0.0,0.05856,0.9992712802619605,1.0,387.1181765100013,300.0,385.41325651000136,300.0,0.4594292151389205,0.0
6770,1696903260000.0,0.0,0.0,3008.0,0.059126795212765954,0.0,0.0,0.05882,0.9992712802619605,1.0,387.1181765100013,300.0,386.1953365100013,300.0,0.4594292151389205,0.0
6771,1696906860000.0,0.0,0.0,3008.0,0.059126795212765954,0.0,0.0,0.05905,0.9992712802619605,1.0,387.1181765100013,300.0,386.8871765100013,300.0,0.4594292151389205,0.0
6772,1696910460000.0,0.0,0.0,3008.0,0.059126795212765954,0.0,0.0,0.05897,0.9992712802619605,1.0,387.1181765100013,300.0,386.64653651000134,300.0,0.4594292151389205,0.0
6773,1696914060000.0,0.0,0.0,3008.0,0.059126795212765954,0.0,0.0,0.0589,0.9992712802619605,1.0,387.1181765100013,300.0,386.43597651000135,300.0,0.4594292151389205,0.0
6774,1696917660000.0,0.0,0.0,3008.0,0.059126795212765954,0.0,0.0,0.05904,0.9992712802619605,1.0,387.1181765100013,300.0,386.8570965100013,300.0,0.4594292151389205,0.0
6775,1696921260000.0,0.0,0.0,3008.0,0.059126795212765954,0.0,0.0,0.05915,0.9992712802619605,1.0,387.1181765100013,300.0,387.18797651000136,300.0,0.4594292151389205,0.0
6776,1696924860000.0,0.0,0.0,3008.0,0.059126795212765954,0.0,0.0,0.05909,0.9992712802619605,1.0,387.1181765100013,300.0,387.0074965100013,300.0,0.4594292151389205,0.0
6777,1696928460000.0,0.0,0.0,3008.0,0.059126795212765954,0.0,0.0,0.05905,0.9992712802619605,1.0,387.1181765100013,300.0,386.8871765100013,300.0,0.4594292151389205,0.0
6778,1696932060000.0,0.0,0.0,3008.0,0.059126795212765954,0.0,0.0,0.05898,0.9992712802619605,1.0,387.1181765100013,300.0,386.67661651000134,300.0,0.4594292151389205,0.0
6779,1696935660000.0,0.0,0.0,3008.0,0.059126795212765954,0.0,0.0,0.05879,0.9992712802619605,1.0,387.1181765100013,300.0,386.1050965100013,300.0,0.4594292151389205,0.0
6780,1696939260000.0,0.0,0.0,3008.0,0.059126795212765954,0.0,0.0,0.05866,0.9992712802619605,1.0,387.1181765100013,300.0,385.71405651000134,300.0,0.4594292151389205,0.0
6781,1696942860000.0,0.0,0.0,3008.0,0.059126795212765954,0.0,0.0,0.05862,0.9992712802619605,1.0,387.1181765100013,300.0,385.59373651000135,300.0,0.4594292151389205,0.0
6782,1696946460000.0,0.0,0.0,3008.0,0.059126795212765954,0.0,0.0,0.05883,0.9992712802619605,1.0,387.1181765100013,300.0,386.2254165100013,300.0,0.4594292151389205,0.0
6783,1696950060000.0,0.0,0.0,3008.0,0.059126795212765954,0.0,0.0,0.05879,0.9992712802619605,1.0,387.1181765100013,300.0,386.1050965100013,300.0,0.4594292151389205,0.0
6784,1696953660000.0,0.0,0.0,3008.0,0.059126795212765954,0.0,0.0,0.05865,0.9992712802619605,1.0,387.1181765100013,300.0,385.68397651000134,300.0,0.4594292151389205,0.0
6785,1696957260000.0,0.0,0.0,3008.0,0.059126795212765954,0.0,0.0,0.05881,0.9992712802619605,1.0,387.1181765100013,300.0,386.1652565100013,300.0,0.4594292151389205,0.0
6786,1696960860000.0,0.0,0.0,3008.0,0.059126795212765954,0.0,0.0,0.05877,0.9992712802619605,1.0,387.1181765100013,300.0,386.0449365100013,300.0,0.4594292151389205,0.0
6787,1696964460000.0,0.0,0.0,3008.0,0.059126795212765954,0.0,0.0,0.059,0.9992712802619605,1.0,387.1181765100013,300.0,386.73677651000133,300.0,0.4594292151389205,0.0
6788,1696968060000.0,0.0,0.0,3008.0,0.059126795212765954,0.0,0.0,0.05899,0.9992712802619605,1.0,387.1181765100013,300.0,386.70669651000134,300.0,0.4594292151389205,0.0
6789,1696971660000.0,0.0,0.0,3008.0,0.059126795212765954,0.0,0.0,0.0589,0.9992712802619605,1.0,387.1181765100013,300.0,386.43597651000135,300.0,0.4594292151389205,0.0
6790,1696975260000.0,0.0,0.0,3008.0,0.059126795212765954,0.0,0.0,0.05901,0.9992712802619605,1.0,387.1181765100013,300.0,386.76685651000133,300.0,0.4594292151389205,0.0
6791,1696978860000.0,0.0,0.0,3008.0,0.059126795212765954,0.0,0.0,0.05904,0.9992712802619605,1.0,387.1181765100013,300.0,386.8570965100013,300.0,0.4594292151389205,0.0
6792,1696982460000.0,0.0,0.0,3008.0,0.059126795212765954,0.0,0.0,0.05926,0.9992712802619605,1.0,387.1181765100013,300.0,387.51885651000134,300.0,0.4594292151389205,0.0
6793,1696986060000.0,0.0,0.0,3008.0,0.059126795212765954,0.0,0.0,0.0594,0.9992712802619605,1.0,387.1181765100013,300.0,387.9399765100013,300.0,0.4594292151389205,0.0
6794,1696989660000.0,0.0,0.0,3008.0,0.059126795212765954,0.0,0.0,0.05935,0.9992712802619605,1.0,387.1181765100013,300.0,387.7895765100013,300.0,0.4594292151389205,0.0
6795,1696993260000.0,0.0,0.0,3008.0,0.059126795212765954,0.0,0.0,0.05885,0.9992712802619605,1.0,387.1181765100013,300.0,386.2855765100013,300.0,0.4594292151389205,0.0
6796,1696996860000.0,0.0,0.0,3008.0,0.059126795212765954,0.0,0.0,0.05885,0.9992712802619605,1.0,387.1181765100013,300.0,386.2855765100013,300.0,0.4594292151389205,0.0
6797,1697000460000.0,0.0,0.0,3008.0,0.059126795212765954,0.0,0.0,0.059,0.9992712802619605,1.0,387.1181765100013,300.0,386.73677651000133,300.0,0.4594292151389205,0.0
6798,1697004060000.0,0.0,0.0,3008.0,0.059126795212765954,0.0,0.0,0.05898,0.9992712802619605,1.0,387.1181765100013,300.0,386.67661651000134,300.0,0.4594292151389205,0.0
6799,1697007660000.0,0.0,0.0,3008.0,0.059126795212765954,0.0,0.0,0.05899,0.9992712802619605,1.0,387.1181765100013,300.0,386.70669651000134,300.0,0.4594292151389205,0.0
6800,1697011260000.0,0.0,0.0,3008.0,0.059126795212765954,0.0,0.0,0.05879,0.9992712802619605,1.0,387.1181765100013,300.0,386.1050965100013,300.0,0.4594292151389205,0.0
6801,1697014860000.0,0.0,0.0,3008.0,0.059126795212765954,0.0,0.0,0.05882,0.9992712802619605,1.0,387.1181765100013,300.0,386.1953365100013,300.0,0.4594292151389205,0.0
6802,1697018460000.0,0.0,0.0,3008.0,0.059126795212765954,0.0,0.0,0.05905,0.9992712802619605,1.0,387.1181765100013,300.0,386.8871765100013,300.0,0.4594292151389205,0.0
6803,1697022060000.0,0.0,0.0,3008.0,0.059126795212765954,0.0,0.0,0.05903,0.9992712802619605,1.0,387.1181765100013,300.0,386.82701651000133,300.0,0.4594292151389205,0.0
6804,1697025660000.0,0.0,0.0,3008.0,0.059126795212765954,0.0,0.0,0.05887,0.9992712802619605,1.0,387.1181765100013,300.0,386.3457365100013,300.0,0.4594292151389205,0.0
6805,1697029260000.0,0.0,0.0,3008.0,0.059126795212765954,0.0,0.0,0.05884,0.9992712802619605,1.0,387.1181765100013,300.0,386.25549651000136,300.0,0.4594292151389205,0.0
6806,1697032860000.0,0.0,0.0,3008.0,0.059126795212765954,0.0,0.0,0.05873,0.9992712802619605,1.0,387.1181765100013,300.0,385.92461651000133,300.0,0.4594292151389205,0.0
6807,1697036460000.0,0.0,0.0,3008.0,0.059126795212765954,0.0,0.0,0.05857,0.9992712802619605,1.0,387.1181765100013,300.0,385.4433365100013,300.0,0.4594292151389205,0.0
6808,1697040060000.0,0.0,0.0,3008.0,0.059126795212765954,0.0,0.0,0.058,0.9992712802619605,1.0,387.1181765100013,300.0,383.72877651000135,300.0,0.4594292151389205,0.0
6809,1697043660000.0,0.0,0.0,3008.0,0.059126795212765954,0.0,0.0,0.05785,0.9992712802619605,1.0,387.1181765100013,300.0,383.2775765100013,300.0,0.4594292151389205,0.0
6810,1697047260000.0,0.0,0.0,3008.0,0.059126795212765954,0.0,0.0,0.05795,0.9992712802619605,1.0,387.1181765100013,300.0,383.57837651000136,300.0,0.4594292151389205,0.0
6811,1697050860000.0,0.0,0.0,3008.0,0.059126795212765954,0.0,0.0,0.05802,0.9992712802619605,1.0,387.1181765100013,300.0,383.78893651000135,300.0,0.4594292151389205,0.0
6812,1697054460000.0,0.0,0.0,3008.0,0.059126795212765954,0.0,0.0,0.05815,0.9992712802619605,1.0,387.1181765100013,300.0,384.1799765100013,300.0,0.4594292151389205,0.0
6813,1697058060000.0,0.0,0.0,3008.0,0.059126795212765954,0.0,0.0,0.05817,0.9992712802619605,1.0,387.1181765100013,300.0,384.2401365100013,300.0,0.4594292151389205,0.0
6814,1697061660000.0,0.0,0.0,3008.0,0.059126795212765954,0.0,0.0,0.05818,0.9992712802619605,1.0,387.1181765100013,300.0,384.2702165100013,300.0,0.4594292151389205,0.0
6815,1697065260000.0,0.0,0.0,3008.0,0.059126795212765954,0.0,0.0,0.05827,0.9992712802619605,1.0,387.1181765100013,300.0,384.54093651000136,300.0,0.4594292151389205,0.0
6816,1697068860000.0,0.0,0.0,3008.0,0.059126795212765954,0.0,0.0,0.05845,0.9992712802619605,1.0,387.1181765100013,300.0,385.0823765100013,300.0,0.4594292151389205,0.0
6817,1697072460000.0,0.0,0.0,3008.0,0.059126795212765954,0.0,0.0,0.05826,0.9992712802619605,1.0,387.1181765100013,300.0,384.5108565100013,300.0,0.4594292151389205,0.0
6818,1697076060000.0,0.0,0.0,3008.0,0.059126795212765954,0.0,0.0,0.05808,0.9992712802619605,1.0,387.1181765100013,300.0,383.96941651000134,300.0,0.4594292151389205,0.0
6819,1697079660000.0,0.0,0.0,3008.0,0.059126795212765954,0.0,0.0,0.05826,0.9992712802619605,1.0,387.1181765100013,300.0,384.5108565100013,300.0,0.4594292151389205,0.0
6820,1697083260000.0,0.0,0.0,3008.0,0.059126795212765954,0.0,0.0,0.05819,0.9992712802619605,1.0,387.1181765100013,300.0,384.3002965100013,300.0,0.4594292151389205,0.0
6821,1697086860000.0,0.0,0.0,3008.0,0.059126795212765954,0.0,0.0,0.05823,0.9992712802619605,1.0,387.1181765100013,300.0,384.4206165100013,300.0,0.4594292151389205,0.0
6822,1697090460000.0,0.0,0.0,3008.0,0.059126795212765954,0.0,0.0,0.05834,0.9992712802619605,1.0,387.1181765100013,300.0,384.75149651000135,300.0,0.4594292151389205,0.0
6823,1697094060000.0,0.0,0.0,3008.0,0.059126795212765954,0.0,0.0,0.05839,0.9992712802619605,1.0,387.1181765100013,300.0,384.90189651000134,300.0,0.4594292151389205,0.0
6824,1697097660000.0,0.0,0.0,3008.0,0.059126795212765954,0.0,0.0,0.05832,0.9992712802619605,1.0,387.1181765100013,300.0,384.69133651000135,300.0,0.4594292151389205,0.0
6825,1697101260000.0,0.0,0.0,3008.0,0.059126795212765954,0.0,0.0,0.05822,0.9992712802619605,1.0,387.1181765100013,300.0,384.3905365100013,300.0,0.4594292151389205,0.0
6826,1697104860000.0,0.0,0.0,3008.0,0.059126795212765954,0.0,0.0,0.05763,0.9992712802619605,1.0,387.1181765100013,300.0,382.6158165100013,300.0,0.4594292151389205,0.0
6827,1697108460000.0,0.0,0.0,3008.0,0.059126795212765954,0.0,0.0,0.05782,0.9992712802619605,1.0,387.1181765100013,300.0,383.18733651000133,300.0,0.4594292151389205,0.0
6828,1697112060000.0,0.0,0.0,3008.0,0.059126795212765954,0.0,0.0,0.05811,0.9992712802619605,1.0,387.1181765100013,300.0,384.05965651000133,300.0,0.4594292151389205,0.0
6829,1697115660000.0,0.0,0.0,3008.0,0.059126795212765954,0.0,0.0,0.05805,0.9992712802619605,1.0,387.1181765100013,300.0,383.87917651000134,300.0,0.4594292151389205,0.0
6830,1697119260000.0,0.0,0.0,3008.0,0.059126795212765954,0.0,0.0,0.05792,0.9992712802619605,1.0,387.1181765100013,300.0,383.4881365100013,300.0,0.4594292151389205,0.0
6831,1697122860000.0,0.0,0.0,3008.0,0.059126795212765954,0.0,0.0,0.0579,0.9992712802619605,1.0,387.1181765100013,300.0,383.4279765100013,300.0,0.4594292151389205,0.0
6832,1697126460000.0,0.0,0.0,3008.0,0.059126795212765954,0.0,0.0,0.05789,0.9992712802619605,1.0,387.1181765100013,300.0,383.3978965100013,300.0,0.4594292151389205,0.0
6833,1697130060000.0,0.0,0.0,3008.0,0.059126795212765954,0.0,0.0,0.05752,0.9992712802619605,1.0,387.1181765100013,300.0,382.28493651000133,300.0,0.4594292151389205,0.0
6834,1697133660000.0,0.0,0.0,3008.0,0.059126795212765954,0.0,0.0,0.05767,0.9992712802619605,1.0,387.1181765100013,300.0,382.7361365100013,300.0,0.4594292151389205,0.0
6835,1697137260000.0,0.0,0.0,3008.0,0.059126795212765954,0.0,0.0,0.05771,0.9992712802619605,1.0,387.1181765100013,300.0,382.85645651000135,300.0,0.4594292151389205,0.0
6836,1697140860000.0,0.0,0.0,3008.0,0.059126795212765954,0.0,0.0,0.05774,0.9992712802619605,1.0,387.1181765100013,300.0,382.94669651000135,300.0,0.4594292151389205,0.0
6837,1697144460000.0,0.0,0.0,3008.0,0.059126795212765954,0.0,0.0,0.0579,0.9992712802619605,1.0,387.1181765100013,300.0,383.4279765100013,300.0,0.4594292151389205,0.0
6838,1697148060000.0,0.0,0.0,3008.0,0.059126795212765954,0.0,0.0,0.05792,0.9992712802619605,1.0,387.1181765100013,300.0,383.4881365100013,300.0,0.4594292151389205,0.0
6839,1697151660000.0,0.0,0.0,3008.0,0.059126795212765954,0.0,0.0,0.0579,0.9992712802619605,1.0,387.1181765100013,300.0,383.4279765100013,300.0,0.4594292151389205,0.0
6840,1697155260000.0,0.0,0.0,3008.0,0.059126795212765954,0.0,0.0,0.05788,0.9992712802619605,1.0,387.1181765100013,300.0,383.3678165100013,300.0,0.4594292151389205,0.0
6841,1697158860000.0,0.0,0.0,3008.0,0.059126795212765954,0.0,0.0,0.05807,0.9992712802619605,1.0,387.1181765100013,300.0,383.93933651000134,300.0,0.4594292151389205,0.0
6842,1697162460000.0,0.0,0.0,3008.0,0.059126795212765954,0.0,0.0,0.05806,0.9992712802619605,1.0,387.1181765100013,300.0,383.90925651000134,300.0,0.4594292151389205,0.0
6843,1697166060000.0,0.0,0.0,3008.0,0.059126795212765954,0.0,0.0,0.05802,0.9992712802619605,1.0,387.1181765100013,300.0,383.78893651000135,300.0,0.4594292151389205,0.0
6844,1697169660000.0,0.0,0.0,3008.0,0.059126795212765954,0.0,0.0,0.05786,0.9992712802619605,1.0,387.1181765100013,300.0,383.3076565100013,300.0,0.4594292151389205,0.0
6845,1697173260000.0,0.0,0.0,3008.0,0.059126795212765954,0.0,0.0,0.05792,0.9992712802619605,1.0,387.1181765100013,300.0,383.4881365100013,300.0,0.4594292151389205,0.0
6846,1697176860000.0,0.0,0.0,3008.0,0.059126795212765954,0.0,0.0,0.05786,0.9992712802619605,1.0,387.1181765100013,300.0,383.3076565100013,300.0,0.4594292151389205,0.0
6847,1697180460000.0,0.0,0.0,3008.0,0.059126795212765954,0.0,0.0,0.05785,0.9992712802619605,1.0,387.1181765100013,300.0,383.2775765100013,300.0,0.4594292151389205,0.0
6848,1697184060000.0,0.0,0.0,3008.0,0.059126795212765954,0.0,0.0,0.05799,0.9992712802619605,1.0,387.1181765100013,300.0,383.69869651000135,300.0,0.4594292151389205,0.0
6849,1697187660000.0,0.0,0.0,3008.0,0.059126795212765954,0.0,0.0,0.05793,0.9992712802619605,1.0,387.1181765100013,300.0,383.51821651000137,300.0,0.4594292151389205,0.0
6850,1697191260000.0,0.0,0.0,3008.0,0.059126795212765954,0.0,0.0,0.05781,0.9992712802619605,1.0,387.1181765100013,300.0,383.15725651000133,300.0,0.4594292151389205,0.0
6851,1697194860000.0,0.0,0.0,3008.0,0.059126795212765954,0.0,0.0,0.0579,0.9992712802619605,1.0,387.1181765100013,300.0,383.4279765100013,300.0,0.4594292151389205,0.0
6852,1697198460000.0,0.0,0.0,3008.0,0.059126795212765954,0.0,0.0,0.05846,0.9992712802619605,1.0,387.1181765100013,300.0,385.1124565100013,300.0,0.4594292151389205,0.0
6853,1697202060000.0,0.0,0.0,3008.0,0.059126795212765954,0.0,0.0,0.05875,0.9992712802619605,1.0,387.1181765100013,300.0,385.9847765100013,300.0,0.4594292151389205,0.0
6854,1697205660000.0,0.0,0.0,3008.0,0.059126795212765954,0.0,0.0,0.05859,0.9992712802619605,1.0,387.1181765100013,300.0,385.50349651000136,300.0,0.4594292151389205,0.0
6855,1697209260000.0,0.0,0.0,3008.0,0.059126795212765954,0.0,0.0,0.05829,0.9992712802619605,1.0,387.1181765100013,300.0,384.60109651000135,300.0,0.4594292151389205,0.0
6856,1697212860000.0,0.0,0.0,3008.0,0.059126795212765954,0.0,0.0,0.0583,0.9992712802619605,1.0,387.1181765100013,300.0,384.6311765100013,300.0,0.4594292151389205,0.0
6857,1697216460000.0,0.0,0.0,3008.0,0.059126795212765954,0.0,0.0,0.05835,0.9992712802619605,1.0,387.1181765100013,300.0,384.78157651000134,300.0,0.4594292151389205,0.0
6858,1697220060000.0,0.0,0.0,3008.0,0.059126795212765954,0.0,0.0,0.05818,0.9992712802619605,1.0,387.1181765100013,300.0,384.2702165100013,300.0,0.4594292151389205,0.0
6859,1697223660000.0,0.0,0.0,3008.0,0.059126795212765954,0.0,0.0,0.05813,0.9992712802619605,1.0,387.1181765100013,300.0,384.11981651000133,300.0,0.4594292151389205,0.0
6860,1697227260000.0,0.0,0.0,3008.0,0.059126795212765954,0.0,0.0,0.05814,0.9992712802619605,1.0,387.1181765100013,300.0,384.1498965100013,300.0,0.4594292151389205,0.0
6861,1697230860000.0,0.0,0.0,3008.0,0.059126795212765954,0.0,0.0,0.05878,0.9992712802619605,1.0,387.1181765100013,300.0,386.0750165100013,300.0,0.4594292151389205,0.0
6862,1697234460000.0,0.0,0.0,3008.0,0.059126795212765954,0.0,0.0,0.0585,0.9992712802619605,1.0,387.1181765100013,300.0,385.2327765100013,300.0,0.4594292151389205,0.0
6863,1697238060000.0,0.0,0.0,3008.0,0.059126795212765954,0.0,0.0,0.05833,0.9992712802619605,1.0,387.1181765100013,300.0,384.72141651000135,300.0,0.4594292151389205,0.0
6864,1697241660000.0,0.0,0.0,3008.0,0.059126795212765954,0.0,0.0,0.05837,0.9992712802619605,1.0,387.1181765100013,300.0,384.84173651000134,300.0,0.4594292151389205,0.0
6865,1697245260000.0,0.0,0.0,3008.0,0.059126795212765954,0.0,0.0,0.05862,0.9992712802619605,1.0,387.1181765100013,300.0,385.59373651000135,300.0,0.4594292151389205,0.0
6866,1697248860000.0,0.0,0.0,3008.0,0.059126795212765954,0.0,0.0,0.05873,0.9992712802619605,1.0,387.1181765100013,300.0,385.92461651000133,300.0,0.4594292151389205,0.0
6867,1697252460000.0,0.0,0.0,3008.0,0.059126795212765954,0.0,0.0,0.05861,0.9992712802619605,1.0,387.1181765100013,300.0,385.56365651000135,300.0,0.4594292151389205,0.0
6868,1697256060000.0,0.0,0.0,3008.0,0.059126795212765954,0.0,0.0,0.05863,0.9992712802619605,1.0,387.1181765100013,300.0,385.62381651000135,300.0,0.4594292151389205,0.0
6869,1697259660000.0,0.0,0.0,3008.0,0.059126795212765954,0.0,0.0,0.05855,0.9992712802619605,1.0,387.1181765100013,300.0,385.3831765100013,300.0,0.4594292151389205,0.0
6870,1697263260000.0,0.0,0.0,3008.0,0.059126795212765954,0.0,0.0,0.0585,0.9992712802619605,1.0,387.1181765100013,300.0,385.2327765100013,300.0,0.4594292151389205,0.0
6871,1697266860000.0,0.0,0.0,3008.0,0.059126795212765954,0.0,0.0,0.05837,0.9992712802619605,1.0,387.1181765100013,300.0,384.84173651000134,300.0,0.4594292151389205,0.0
6872,1697270460000.0,0.0,0.0,3008.0,0.059126795212765954,0.0,0.0,0.05846,0.9992712802619605,1.0,387.1181765100013,300.0,385.1124565100013,300.0,0.4594292151389205,0.0
6873,1697274060000.0,0.0,0.0,3008.0,0.059126795212765954,0.0,0.0,0.05846,0.9992712802619605,1.0,387.1181765100013,300.0,385.1124565100013,300.0,0.4594292151389205,0.0
6874,1697277660000.0,0.0,0.0,3008.0,0.059126795212765954,0.0,0.0,0.05851,0.9992712802619605,1.0,387.1181765100013,300.0,385.2628565100013,300.0,0.4594292151389205,0.0
6875,1697281260000.0,0.0,0.0,3008.0,0.059126795212765954,0.0,0.0,0.05873,0.9992712802619605,1.0,387.1181765100013,300.0,385.92461651000133,300.0,0.4594292151389205,0.0
6876,1697284860000.0,0.0,0.0,3008.0,0.059126795212765954,0.0,0.0,0.05889,0.9992712802619605,1.0,387.1181765100013,300.0,386.4058965100013,300.0,0.4594292151389205,0.0
6877,1697288460000.0,0.0,0.0,3008.0,0.059126795212765954,0.0,0.0,0.05924,0.9992712802619605,1.0,387.1181765100013,300.0,387.45869651000135,300.0,0.4594292151389205,0.0
6878,1697292060000.0,0.0,0.0,3008.0,0.059126795212765954,0.0,0.0,0.05924,0.9992712802619605,1.0,387.1181765100013,300.0,387.45869651000135,300.0,0.4594292151389205,0.0
6879,1697295660000.0,0.0,0.0,3008.0,0.059126795212765954,0.0,0.0,0.05933,0.9992712802619605,1.0,387.1181765100013,300.0,387.72941651000133,300.0,0.4594292151389205,0.0
6880,1697299260000.0,0.0,0.0,3008.0,0.059126795212765954,0.0,0.0,0.05946,0.9992712802619605,1.0,387.1181765100013,300.0,388.1204565100013,300.0,0.4594292151389205,0.0
6881,1697302860000.0,0.0,0.0,3008.0,0.059126795212765954,0.0,0.0,0.05936,0.9992712802619605,1.0,387.1181765100013,300.0,387.8196565100013,300.0,0.4594292151389205,0.0
6882,1697306460000.0,0.0,0.0,3008.0,0.059126795212765954,0.0,0.0,0.05928,0.9992712802619605,1.0,387.1181765100013,300.0,387.57901651000134,300.0,0.4594292151389205,0.0
6883,1697310060000.0,0.0,0.0,3008.0,0.059126795212765954,0.0,0.0,0.05936,0.9992712802619605,1.0,387.1181765100013,300.0,387.8196565100013,300.0,0.4594292151389205,0.0
6884,1697313660000.0,0.0,0.0,3008.0,0.059126795212765954,0.0,0.0,0.05956,0.9992712802619605,1.0,387.1181765100013,300.0,388.42125651000134,300.0,0.4594292151389205,0.0
6885,1697317260000.0,0.0,0.0,3008.0,0.059126795212765954,0.0,0.0,0.05956,0.9992712802619605,1.0,387.1181765100013,300.0,388.42125651000134,300.0,0.4594292151389205,0.0
6886,1697320860000.0,0.0,0.0,2912.0,0.059126795212765954,0.0,0.0,0.05968,0.9992712802619605,1.0,387.1703500895758,300.0,388.7812824300013,300.0,0.44470664558827794,0.0
6887,1697324460000.0,0.0,0.0,729.0,0.059126795212765954,0.0,0.0,0.05991,0.9992712802619605,1.0,388.57488720010775,300.0,389.14584349000137,300.0,0.1109269670530948,0.0
6888,1697328060000.0,0.0,0.0,0.0,0.059126795212765954,0.0,0.0,0.05981,0.9992712802619605,1.0,389.10945181000136,300.0,389.10945181000136,300.0,0.0,0.0
6889,1697331660000.0,0.0,0.0,0.0,0.059126795212765954,0.0,0.0,0.05945,0.9992712802619605,1.0,389.10945181000136,300.0,389.10945181000136,300.0,0.0,0.0
6890,1697335260000.0,0.0,0.0,0.0,0.059126795212765954,0.0,0.0,0.05966,0.9992712802619605,1.0,389.10945181000136,300.0,389.10945181000136,300.0,0.0,0.0
6891,1697338860000.0,0.0,0.0,0.0,0.059126795212765954,0.0,0.0,0.05955,0.9992712802619605,1.0,389.10945181000136,300.0,389.10945181000136,300.0,0.0,0.0
6892,1697342460000.0,0.0,0.0,0.0,0.059126795212765954,0.0,0.0,0.0595,0.9992712802619605,1.0,389.10945181000136,300.0,389.10945181000136,300.0,0.0,0.0
6893,1697346060000.0,0.0,0.0,0.0,0.059126795212765954,0.0,0.0,0.05945,0.9992712802619605,1.0,389.10945181000136,300.0,389.10945181000136,300.0,0.0,0.0
6894,1697349660000.0,0.0,0.0,0.0,0.059126795212765954,0.0,0.0,0.05939,0.9992712802619605,1.0,389.10945181000136,300.0,389.10945181000136,300.0,0.0,0.0
6895,1697353260000.0,0.0,0.0,0.0,0.059126795212765954,0.0,0.0,0.0594,0.9992712802619605,1.0,389.10945181000136,300.0,389.10945181000136,300.0,0.0,0.0
6896,1697356860000.0,0.0,0.0,0.0,0.059126795212765954,0.0,0.0,0.05934,0.9992712802619605,1.0,389.10945181000136,300.0,389.10945181000136,300.0,0.0,0.0
6897,1697360460000.0,0.0,0.0,0.0,0.059126795212765954,0.0,0.0,0.0594,0.9992712802619605,1.0,389.10945181000136,300.0,389.10945181000136,300.0,0.0,0.0
6898,1697364060000.0,0.0,0.0,0.0,0.059126795212765954,0.0,0.0,0.05935,0.9992712802619605,1.0,389.10945181000136,300.0,389.10945181000136,300.0,0.0,0.0
6899,1697367660000.0,0.0,0.0,0.0,0.059126795212765954,0.0,0.0,0.05932,0.9992712802619605,1.0,389.10945181000136,300.0,389.10945181000136,300.0,0.0,0.0
6900,1697371260000.0,0.0,0.0,0.0,0.059126795212765954,0.0,0.0,0.05916,0.9992712802619605,1.0,389.10945181000136,300.0,389.10945181000136,300.0,0.0,0.0
6901,1697374860000.0,0.0,0.0,329.0,0.05911,0.0,0.0,0.05912,0.9992712802619605,1.0,389.09000462000137,300.0,389.09329462000136,300.0,0.049981211979456514,0.0
6902,1697378460000.0,0.0,0.0,329.0,0.05911,0.0,0.0,0.05909,0.9992712802619605,1.0,389.09000462000137,300.0,389.0834246200014,300.0,0.049981211979456514,0.0
6903,1697382060000.0,0.0,0.0,329.0,0.05911,0.0,0.0,0.05924,0.9992712802619605,1.0,389.09000462000137,300.0,389.1327746200014,300.0,0.049981211979456514,0.0
6904,1697385660000.0,0.0,0.0,329.0,0.05911,0.0,0.0,0.05936,0.9992712802619605,1.0,389.09000462000137,300.0,389.17225462000135,300.0,0.049981211979456514,0.0
6905,1697389260000.0,0.0,0.0,329.0,0.05911,0.0,0.0,0.05941,0.9992712802619605,1.0,389.09000462000137,300.0,389.1887046200014,300.0,0.049981211979456514,0.0
6906,1697392860000.0,0.0,0.0,329.0,0.05911,0.0,0.0,0.0595,0.9992712802619605,1.0,389.09000462000137,300.0,389.21831462000137,300.0,0.049981211979456514,0.0
6907,1697396460000.0,0.0,0.0,329.0,0.05911,0.0,0.0,0.05965,0.9992712802619605,1.0,389.09000462000137,300.0,389.26766462000137,300.0,0.049981211979456514,0.0
6908,1697400060000.0,0.0,0.0,329.0,0.05911,0.0,0.0,0.05946,0.9992712802619605,1.0,389.09000462000137,300.0,389.20515462000134,300.0,0.049981211979456514,0.0
6909,1697403660000.0,0.0,0.0,329.0,0.05911,0.0,0.0,0.05966,0.9992712802619605,1.0,389.09000462000137,300.0,389.27095462000136,300.0,0.049981211979456514,0.0
6910,1697407260000.0,0.0,0.0,329.0,0.05911,0.0,0.0,0.05949,0.9992712802619605,1.0,389.09000462000137,300.0,389.2150246200014,300.0,0.049981211979456514,0.0
6911,1697410860000.0,0.0,0.0,329.0,0.05911,0.0,0.0,0.05927,0.9992712802619605,1.0,389.09000462000137,300.0,389.14264462000136,300.0,0.049981211979456514,0.0
6912,1697414460000.0,0.0,0.0,329.0,0.05911,0.0,0.0,0.0593,0.9992712802619605,1.0,389.09000462000137,300.0,389.15251462000134,300.0,0.049981211979456514,0.0
6913,1697418060000.0,0.0,0.0,329.0,0.05911,0.0,0.0,0.05937,0.9992712802619605,1.0,389.09000462000137,300.0,389.17554462000135,300.0,0.049981211979456514,0.0
6914,1697421660000.0,0.0,0.0,329.0,0.05911,0.0,0.0,0.05947,0.9992712802619605,1.0,389.09000462000137,300.0,389.2084446200014,300.0,0.049981211979456514,0.0
6915,1697425260000.0,0.0,0.0,329.0,0.05911,0.0,0.0,0.05942,0.9992712802619605,1.0,389.09000462000137,300.0,389.19199462000137,300.0,0.049981211979456514,0.0
6916,1697428860000.0,0.0,0.0,329.0,0.05911,0.0,0.0,0.05943,0.9992712802619605,1.0,389.09000462000137,300.0,389.19528462000136,300.0,0.049981211979456514,0.0
6917,1697432460000.0,0.0,0.0,329.0,0.05911,0.0,0.0,0.05938,0.9992712802619605,1.0,389.09000462000137,300.0,389.17883462000134,300.0,0.049981211979456514,0.0
6918,1697436060000.0,0.0,0.0,0.0,0.05911,0.0,0.0,0.06009,0.9992712802619605,1.0,389.33349423000135,300.0,389.33349423000135,300.0,0.0,0.0
6919,1697439660000.0,0.0,0.0,0.0,0.05911,0.0,0.0,0.06007,0.9992712802619605,1.0,389.33349423000135,300.0,389.33349423000135,300.0,0.0,0.0
6920,1697443260000.0,0.0,0.0,0.0,0.05911,0.0,0.0,0.06007,0.9992712802619605,1.0,389.33349423000135,300.0,389.33349423000135,300.0,0.0,0.0
6921,1697446860000.0,0.0,0.0,0.0,0.05911,0.0,0.0,0.0599,0.9992712802619605,1.0,389.33349423000135,300.0,389.33349423000135,300.0,0.0,0.0
6922,1697450460000.0,0.0,0.0,0.0,0.05911,0.0,0.0,0.06019,0.9992712802619605,1.0,389.33349423000135,300.0,389.33349423000135,300.0,0.0,0.0
6923,1697454060000.0,0.0,0.0,0.0,0.05911,0.0,0.0,0.05995,0.9992712802619605,1.0,389.33349423000135,300.0,389.33349423000135,300.0,0.0,0.0
6924,1697457660000.0,0.0,0.0,0.0,0.05911,0.0,0.0,0.05984,0.9992712802619605,1.0,389.33349423000135,300.0,389.33349423000135,300.0,0.0,0.0
6925,1697461260000.0,0.0,0.0,0.0,0.05911,0.0,0.0,0.06014,0.9992712802619605,1.0,389.33349423000135,300.0,389.33349423000135,300.0,0.0,0.0
6926,1697464860000.0,0.0,0.0,327.0,0.05954,0.0,0.0,0.05998,0.9992712802619605,1.0,389.31402465000133,300.0,389.45790465000135,300.0,0.05000996308186796,0.0
6927,1697468460000.0,0.0,0.0,327.0,0.05954,0.0,0.0,0.06012,0.9992712802619605,1.0,389.31402465000133,300.0,389.50368465000133,300.0,0.05000996308186796,0.0
6928,1697472060000.0,0.0,0.0,327.0,0.05954,0.0,0.0,0.05975,0.9992712802619605,1.0,389.31402465000133,300.0,389.3826946500013,300.0,0.05000996308186796,0.0
6929,1697475660000.0,0.0,0.0,327.0,0.05954,0.0,0.0,0.05985,0.9992712802619605,1.0,389.31402465000133,300.0,389.4153946500013,300.0,0.05000996308186796,0.0
6930,1697479260000.0,0.0,0.0,327.0,0.05954,0.0,0.0,0.05991,0.9992712802619605,1.0,389.31402465000133,300.0,389.43501465000134,300.0,0.05000996308186796,0.0
6931,1697482860000.0,0.0,0.0,327.0,0.05954,0.0,0.0,0.06007,0.9992712802619605,1.0,389.31402465000133,300.0,389.48733465000134,300.0,0.05000996308186796,0.0
6932,1697486460000.0,0.0,0.0,327.0,0.05954,0.0,0.0,0.06,0.9992712802619605,1.0,389.31402465000133,300.0,389.4644446500013,300.0,0.05000996308186796,0.0
6933,1697490060000.0,0.0,0.0,327.0,0.05954,0.0,0.0,0.05994,0.9992712802619605,1.0,389.31402465000133,300.0,389.44482465000135,300.0,0.05000996308186796,0.0
6934,1697493660000.0,0.0,0.0,327.0,0.05954,0.0,0.0,0.05996,0.9992712802619605,1.0,389.31402465000133,300.0,389.4513646500013,300.0,0.05000996308186796,0.0
6935,1697497260000.0,0.0,0.0,327.0,0.05954,0.0,0.0,0.06019,0.9992712802619605,1.0,389.31402465000133,300.0,389.52657465000135,300.0,0.05000996308186796,0.0
6936,1697500860000.0,0.0,0.0,327.0,0.05954,0.0,0.0,0.05999,0.9992712802619605,1.0,389.31402465000133,300.0,389.46117465000134,300.0,0.05000996308186796,0.0
6937,1697504460000.0,0.0,0.0,327.0,0.05954,0.0,0.0,0.05985,0.9992712802619605,1.0,389.31402465000133,300.0,389.4153946500013,300.0,0.05000996308186796,0.0
6938,1697508060000.0,0.0,0.0,327.0,0.05954,0.0,0.0,0.05998,0.9992712802619605,1.0,389.31402465000133,300.0,389.45790465000135,300.0,0.05000996308186796,0.0
6939,1697511660000.0,0.0,0.0,327.0,0.05954,0.0,0.0,0.06014,0.9992712802619605,1.0,389.31402465000133,300.0,389.5102246500013,300.0,0.05000996308186796,0.0
6940,1697515260000.0,0.0,0.0,327.0,0.05954,0.0,0.0,0.05985,0.9992712802619605,1.0,389.31402465000133,300.0,389.4153946500013,300.0,0.05000996308186796,0.0
6941,1697518860000.0,0.0,0.0,327.0,0.05954,0.0,0.0,0.05989,0.9992712802619605,1.0,389.31402465000133,300.0,389.4284746500013,300.0,0.05000996308186796,0.0
6942,1697522460000.0,0.0,0.0,327.0,0.05954,0.0,0.0,0.05986,0.9992712802619605,1.0,389.31402465000133,300.0,389.41866465000135,300.0,0.05000996308186796,0.0
6943,1697526060000.0,0.0,0.0,327.0,0.05954,0.0,0.0,0.05967,0.9992712802619605,1.0,389.31402465000133,300.0,389.3565346500013,300.0,0.05000996308186796,0.0
6944,1697529660000.0,0.0,0.0,327.0,0.05954,0.0,0.0,0.05991,0.9992712802619605,1.0,389.31402465000133,300.0,389.43501465000134,300.0,0.05000996308186796,0.0
6945,1697533260000.0,0.0,0.0,327.0,0.05954,0.0,0.0,0.05993,0.9992712802619605,1.0,389.31402465000133,300.0,389.4415546500013,300.0,0.05000996308186796,0.0
6946,1697536860000.0,0.0,0.0,327.0,0.05954,0.0,0.0,0.05997,0.9992712802619605,1.0,389.31402465000133,300.0,389.4546346500013,300.0,0.05000996308186796,0.0
6947,1697540460000.0,0.0,0.0,327.0,0.05954,0.0,0.0,0.05991,0.9992712802619605,1.0,389.31402465000133,300.0,389.43501465000134,300.0,0.05000996308186796,0.0
6948,1697544060000.0,0.0,0.0,327.0,0.05954,0.0,0.0,0.05991,0.9992712802619605,1.0,389.31402465000133,300.0,389.43501465000134,300.0,0.05000996308186796,0.0
6949,1697547660000.0,0.0,0.0,327.0,0.05954,0.0,0.0,0.05942,0.9992712802619605,1.0,389.31402465000133,300.0,389.2747846500013,300.0,0.05000996308186796,0.0
6950,1697551260000.0,0.0,0.0,327.0,0.05954,0.0,0.0,0.05905,0.9992712802619605,1.0,389.31402465000133,300.0,389.1537946500013,300.0,0.05000996308186796,0.0
6951,1697554860000.0,0.0,0.0,327.0,0.05954,0.0,0.0,0.05905,0.9992712802619605,1.0,389.31402465000133,300.0,389.1537946500013,300.0,0.05000996308186796,0.0
6952,1697558460000.0,0.0,0.0,327.0,0.05954,0.0,0.0,0.05914,0.9992712802619605,1.0,389.31402465000133,300.0,389.1832246500013,300.0,0.05000996308186796,0.0
6953,1697562060000.0,0.0,0.0,327.0,0.05954,0.0,0.0,0.05904,0.9992712802619605,1.0,389.31402465000133,300.0,389.15052465000133,300.0,0.05000996308186796,0.0
6954,1697565660000.0,0.0,0.0,327.0,0.05954,0.0,0.0,0.05888,0.9992712802619605,1.0,389.31402465000133,300.0,389.0982046500013,300.0,0.05000996308186796,0.0
6955,1697569260000.0,0.0,0.0,327.0,0.05954,0.0,0.0,0.05867,0.9992712802619605,1.0,389.31402465000133,300.0,389.0295346500013,300.0,0.05000996308186796,0.0
6956,1697572860000.0,0.0,0.0,327.0,0.05954,0.0,0.0,0.05895,0.9992712802619605,1.0,389.31402465000133,300.0,389.12109465000134,300.0,0.05000996308186796,0.0
6957,1697576460000.0,0.0,0.0,327.0,0.05954,0.0,0.0,0.05888,0.9992712802619605,1.0,389.31402465000133,300.0,389.0982046500013,300.0,0.05000996308186796,0.0
6958,1697580060000.0,0.0,0.0,327.0,0.05954,0.0,0.0,0.05903,0.9992712802619605,1.0,389.31402465000133,300.0,389.14725465000134,300.0,0.05000996308186796,0.0
6959,1697583660000.0,0.0,0.0,327.0,0.05954,0.0,0.0,0.05907,0.9992712802619605,1.0,389.31402465000133,300.0,389.16033465000135,300.0,0.05000996308186796,0.0
6960,1697587260000.0,0.0,0.0,327.0,0.05954,0.0,0.0,0.059,0.9992712802619605,1.0,389.31402465000133,300.0,389.1374446500013,300.0,0.05000996308186796,0.0
6961,1697590860000.0,0.0,0.0,327.0,0.05954,0.0,0.0,0.05886,0.9992712802619605,1.0,389.31402465000133,300.0,389.09166465000135,300.0,0.05000996308186796,0.0
6962,1697594460000.0,0.0,0.0,327.0,0.05954,0.0,0.0,0.05879,0.9992712802619605,1.0,389.31402465000133,300.0,389.06877465000133,300.0,0.05000996308186796,0.0
6963,1697598060000.0,0.0,0.0,327.0,0.05954,0.0,0.0,0.0589,0.9992712802619605,1.0,389.31402465000133,300.0,389.10474465000135,300.0,0.05000996308186796,0.0
6964,1697601660000.0,0.0,0.0,327.0,0.05954,0.0,0.0,0.05891,0.9992712802619605,1.0,389.31402465000133,300.0,389.10801465000134,300.0,0.05000996308186796,0.0
6965,1697605260000.0,0.0,0.0,327.0,0.05954,0.0,0.0,0.05904,0.9992712802619605,1.0,389.31402465000133,300.0,389.15052465000133,300.0,0.05000996308186796,0.0
6966,1697608860000.0,0.0,0.0,327.0,0.05954,0.0,0.0,0.05916,0.9992712802619605,1.0,389.31402465000133,300.0,389.18976465000134,300.0,0.05000996308186796,0.0
6967,1697612460000.0,0.0,0.0,327.0,0.05954,0.0,0.0,0.05912,0.9992712802619605,1.0,389.31402465000133,300.0,389.17668465000133,300.0,0.05000996308186796,0.0
6968,1697616060000.0,0.0,0.0,327.0,0.05954,0.0,0.0,0.05891,0.9992712802619605,1.0,389.31402465000133,300.0,389.10801465000134,300.0,0.05000996308186796,0.0
6969,1697619660000.0,0.0,0.0,327.0,0.05954,0.0,0.0,0.059,0.9992712802619605,1.0,389.31402465000133,300.0,389.1374446500013,300.0,0.05000996308186796,0.0
6970,1697623260000.0,0.0,0.0,327.0,0.05954,0.0,0.0,0.05883,0.9992712802619605,1.0,389.31402465000133,300.0,389.08185465000133,300.0,0.05000996308186796,0.0
6971,1697626860000.0,0.0,0.0,327.0,0.05954,0.0,0.0,0.05897,0.9992712802619605,1.0,389.31402465000133,300.0,389.1276346500013,300.0,0.05000996308186796,0.0
6972,1697630460000.0,0.0,0.0,327.0,0.05954,0.0,0.0,0.05875,0.9992712802619605,1.0,389.31402465000133,300.0,389.0556946500013,300.0,0.05000996308186796,0.0
6973,1697634060000.0,0.0,0.0,327.0,0.05954,0.0,0.0,0.05871,0.9992712802619605,1.0,389.31402465000133,300.0,389.0426146500013,300.0,0.05000996308186796,0.0
6974,1697637660000.0,0.0,0.0,327.0,0.05954,0.0,0.0,0.05856,0.9992712802619605,1.0,389.31402465000133,300.0,388.9935646500013,300.0,0.05000996308186796,0.0
6975,1697641260000.0,0.0,0.0,327.0,0.05954,0.0,0.0,0.05859,0.9992712802619605,1.0,389.31402465000133,300.0,389.0033746500013,300.0,0.05000996308186796,0.0
6976,1697644860000.0,0.0,0.0,327.0,0.05954,0.0,0.0,0.05856,0.9992712802619605,1.0,389.31402465000133,300.0,388.9935646500013,300.0,0.05000996308186796,0.0
6977,1697648460000.0,0.0,0.0,327.0,0.05954,0.0,0.0,0.0586,0.9992712802619605,1.0,389.31402465000133,300.0,389.0066446500013,300.0,0.05000996308186796,0.0
6978,1697652060000.0,0.0,0.0,327.0,0.05954,0.0,0.0,0.0585,0.9992712802619605,1.0,389.31402465000133,300.0,388.97394465000133,300.0,0.05000996308186796,0.0
6979,1697655660000.0,0.0,0.0,327.0,0.05954,0.0,0.0,0.05851,0.9992712802619605,1.0,389.31402465000133,300.0,388.9772146500013,300.0,0.05000996308186796,0.0
6980,1697659260000.0,0.0,0.0,327.0,0.05954,0.0,0.0,0.05839,0.9992712802619605,1.0,389.31402465000133,300.0,388.9379746500013,300.0,0.05000996308186796,0.0
6981,1697662860000.0,0.0,0.0,327.0,0.05954,0.0,0.0,0.05833,0.9992712802619605,1.0,389.31402465000133,300.0,388.91835465000133,300.0,0.05000996308186796,0.0
6982,1697666460000.0,0.0,0.0,327.0,0.05954,0.0,0.0,0.05844,0.9992712802619605,1.0,389.31402465000133,300.0,388.95432465000135,300.0,0.05000996308186796,0.0
6983,1697670060000.0,0.0,0.0,327.0,0.05954,0.0,0.0,0.05884,0.9992712802619605,1.0,389.31402465000133,300.0,389.0851246500013,300.0,0.05000996308186796,0.0
6984,1697673660000.0,0.0,0.0,327.0,0.05954,0.0,0.0,0.0586,0.9992712802619605,1.0,389.31402465000133,300.0,389.0066446500013,300.0,0.05000996308186796,0.0
6985,1697677260000.0,0.0,0.0,327.0,0.05954,0.0,0.0,0.05865,0.9992712802619605,1.0,389.31402465000133,300.0,389.02299465000135,300.0,0.05000996308186796,0.0
6986,1697680860000.0,0.0,0.0,699.0,0.058512875536480685,0.0,0.0,0.05808,0.9992712802619605,1.0,389.29259373000133,300.0,388.99001373000135,300.0,0.1050636479058398,0.0
6987,1697684460000.0,0.0,0.0,699.0,0.058512875536480685,0.0,0.0,0.05806,0.9992712802619605,1.0,389.29259373000133,300.0,388.97603373000135,300.0,0.1050636479058398,0.0
6988,1697688060000.0,0.0,0.0,699.0,0.058512875536480685,0.0,0.0,0.05818,0.9992712802619605,1.0,389.29259373000133,300.0,389.0599137300013,300.0,0.1050636479058398,0.0
6989,1697691660000.0,0.0,0.0,699.0,0.058512875536480685,0.0,0.0,0.05823,0.9992712802619605,1.0,389.29259373000133,300.0,389.09486373000135,300.0,0.1050636479058398,0.0
6990,1697695260000.0,0.0,0.0,699.0,0.058512875536480685,0.0,0.0,0.05822,0.9992712802619605,1.0,389.29259373000133,300.0,389.0878737300013,300.0,0.1050636479058398,0.0
6991,1697698860000.0,0.0,0.0,699.0,0.058512875536480685,0.0,0.0,0.0583,0.9992712802619605,1.0,389.29259373000133,300.0,389.14379373000133,300.0,0.1050636479058398,0.0
6992,1697702460000.0,0.0,0.0,699.0,0.058512875536480685,0.0,0.0,0.05818,0.9992712802619605,1.0,389.29259373000133,300.0,389.0599137300013,300.0,0.1050636479058398,0.0
6993,1697706060000.0,0.0,0.0,699.0,0.058512875536480685,0.0,0.0,0.05806,0.9992712802619605,1.0,389.29259373000133,300.0,388.97603373000135,300.0,0.1050636479058398,0.0
6994,1697709660000.0,0.0,0.0,699.0,0.058512875536480685,0.0,0.0,0.05808,0.9992712802619605,1.0,389.29259373000133,300.0,388.99001373000135,300.0,0.1050636479058398,0.0
6995,1697713260000.0,0.0,0.0,699.0,0.058512875536480685,0.0,0.0,0.05826,0.9992712802619605,1.0,389.29259373000133,300.0,389.1158337300013,300.0,0.1050636479058398,0.0
6996,1697716860000.0,0.0,0.0,699.0,0.058512875536480685,0.0,0.0,0.05827,0.9992712802619605,1.0,389.29259373000133,300.0,389.12282373000136,300.0,0.1050636479058398,0.0
6997,1697720460000.0,0.0,0.0,699.0,0.058512875536480685,0.0,0.0,0.05826,0.9992712802619605,1.0,389.29259373000133,300.0,389.1158337300013,300.0,0.1050636479058398,0.0
6998,1697724060000.0,0.0,0.0,699.0,0.058512875536480685,0.0,0.0,0.05821,0.9992712802619605,1.0,389.29259373000133,300.0,389.08088373000135,300.0,0.1050636479058398,0.0
6999,1697727660000.0,0.0,0.0,699.0,0.058512875536480685,0.0,0.0,0.05843,0.9992712802619605,1.0,389.29259373000133,300.0,389.23466373000133,300.0,0.1050636479058398,0.0
7000,1697731260000.0,0.0,0.0,699.0,0.058512875536480685,0.0,0.0,0.05852,0.9992712802619605,1.0,389.29259373000133,300.0,389.2975737300013,300.0,0.1050636479058398,0.0
7001,1697734860000.0,0.0,0.0,699.0,0.058512875536480685,0.0,0.0,0.0584,0.9992712802619605,1.0,389.29259373000133,300.0,389.21369373000135,300.0,0.1050636479058398,0.0
7002,1697738460000.0,0.0,0.0,699.0,0.058512875536480685,0.0,0.0,0.0585,0.9992712802619605,1.0,389.29259373000133,300.0,389.2835937300013,300.0,0.1050636479058398,0.0
7003,1697742060000.0,0.0,0.0,699.0,0.058512875536480685,0.0,0.0,0.05853,0.9992712802619605,1.0,389.29259373000133,300.0,389.30456373000135,300.0,0.1050636479058398,0.0
7004,1697745660000.0,0.0,0.0,699.0,0.058512875536480685,0.0,0.0,0.05867,0.9992712802619605,1.0,389.29259373000133,300.0,389.4024237300013,300.0,0.1050636479058398,0.0
7005,1697749260000.0,0.0,0.0,699.0,0.058512875536480685,0.0,0.0,0.05869,0.9992712802619605,1.0,389.29259373000133,300.0,389.4164037300013,300.0,0.1050636479058398,0.0
7006,1697752860000.0,0.0,0.0,699.0,0.058512875536480685,0.0,0.0,0.05859,0.9992712802619605,1.0,389.29259373000133,300.0,389.34650373000136,300.0,0.1050636479058398,0.0
7007,1697756460000.0,0.0,0.0,699.0,0.058512875536480685,0.0,0.0,0.05866,0.9992712802619605,1.0,389.29259373000133,300.0,389.39543373000134,300.0,0.1050636479058398,0.0
7008,1697760060000.0,0.0,0.0,699.0,0.058512875536480685,0.0,0.0,0.05887,0.9992712802619605,1.0,389.29259373000133,300.0,389.54222373000135,300.0,0.1050636479058398,0.0
7009,1697763660000.0,0.0,0.0,699.0,0.058512875536480685,0.0,0.0,0.05875,0.9992712802619605,1.0,389.29259373000133,300.0,389.45834373000133,300.0,0.1050636479058398,0.0
7010,1697767260000.0,0.0,0.0,699.0,0.058512875536480685,0.0,0.0,0.05878,0.9992712802619605,1.0,389.29259373000133,300.0,389.4793137300013,300.0,0.1050636479058398,0.0
7011,1697770860000.0,0.0,0.0,0.0,0.058512875536480685,0.0,0.0,0.05925,0.9992712802619605,1.0,389.80134303000136,300.0,389.80134303000136,300.0,0.0,0.0
7012,1697774460000.0,0.0,0.0,0.0,0.058512875536480685,0.0,0.0,0.05951,0.9992712802619605,1.0,389.80134303000136,300.0,389.80134303000136,300.0,0.0,0.0
7013,1697778060000.0,0.0,0.0,0.0,0.058512875536480685,0.0,0.0,0.05938,0.9992712802619605,1.0,389.80134303000136,300.0,389.80134303000136,300.0,0.0,0.0
7014,1697781660000.0,0.0,0.0,0.0,0.058512875536480685,0.0,0.0,0.05942,0.9992712802619605,1.0,389.80134303000136,300.0,389.80134303000136,300.0,0.0,0.0
7015,1697785260000.0,0.0,0.0,0.0,0.058512875536480685,0.0,0.0,0.05947,0.9992712802619605,1.0,389.80134303000136,300.0,389.80134303000136,300.0,0.0,0.0
7016,1697788860000.0,0.0,0.0,0.0,0.058512875536480685,0.0,0.0,0.05939,0.9992712802619605,1.0,389.80134303000136,300.0,389.80134303000136,300.0,0.0,0.0
7017,1697792460000.0,0.0,0.0,0.0,0.058512875536480685,0.0,0.0,0.05998,0.9992712802619605,1.0,389.80134303000136,300.0,389.80134303000136,300.0,0.0,0.0
7018,1697796060000.0,0.0,0.0,0.0,0.058512875536480685,0.0,0.0,0.06023,0.9992712802619605,1.0,389.80134303000136,300.0,389.80134303000136,300.0,0.0,0.0
7019,1697799660000.0,0.0,0.0,0.0,0.058512875536480685,0.0,0.0,0.05988,0.9992712802619605,1.0,389.80134303000136,300.0,389.80134303000136,300.0,0.0,0.0
7020,1697803260000.0,0.0,0.0,0.0,0.058512875536480685,0.0,0.0,0.05981,0.9992712802619605,1.0,389.80134303000136,300.0,389.80134303000136,300.0,0.0,0.0
7021,1697806860000.0,0.0,0.0,0.0,0.058512875536480685,0.0,0.0,0.0597,0.9992712802619605,1.0,389.80134303000136,300.0,389.80134303000136,300.0,0.0,0.0
7022,1697810460000.0,0.0,0.0,0.0,0.058512875536480685,0.0,0.0,0.05993,0.9992712802619605,1.0,389.80134303000136,300.0,389.80134303000136,300.0,0.0,0.0
7023,1697814060000.0,0.0,0.0,0.0,0.058512875536480685,0.0,0.0,0.05985,0.9992712802619605,1.0,389.80134303000136,300.0,389.80134303000136,300.0,0.0,0.0
7024,1697817660000.0,0.0,0.0,0.0,0.058512875536480685,0.0,0.0,0.05988,0.9992712802619605,1.0,389.80134303000136,300.0,389.80134303000136,300.0,0.0,0.0
7025,1697821260000.0,0.0,0.0,0.0,0.058512875536480685,0.0,0.0,0.0599,0.9992712802619605,1.0,389.80134303000136,300.0,389.80134303000136,300.0,0.0,0.0
7026,1697824860000.0,0.0,0.0,0.0,0.058512875536480685,0.0,0.0,0.06007,0.9992712802619605,1.0,389.80134303000136,300.0,389.80134303000136,300.0,0.0,0.0
7027,1697828460000.0,0.0,0.0,0.0,0.058512875536480685,0.0,0.0,0.06011,0.9992712802619605,1.0,389.80134303000136,300.0,389.80134303000136,300.0,0.0,0.0
7028,1697832060000.0,0.0,0.0,0.0,0.058512875536480685,0.0,0.0,0.06016,0.9992712802619605,1.0,389.80134303000136,300.0,389.80134303000136,300.0,0.0,0.0
7029,1697835660000.0,0.0,0.0,0.0,0.058512875536480685,0.0,0.0,0.06008,0.9992712802619605,1.0,389.80134303000136,300.0,389.80134303000136,300.0,0.0,0.0
7030,1697839260000.0,0.0,0.0,0.0,0.058512875536480685,0.0,0.0,0.06009,0.9992712802619605,1.0,389.80134303000136,300.0,389.80134303000136,300.0,0.0,0.0
7031,1697842860000.0,0.0,0.0,0.0,0.058512875536480685,0.0,0.0,0.06007,0.9992712802619605,1.0,389.80134303000136,300.0,389.80134303000136,300.0,0.0,0.0
7032,1697846460000.0,0.0,0.0,0.0,0.058512875536480685,0.0,0.0,0.05993,0.9992712802619605,1.0,389.80134303000136,300.0,389.80134303000136,300.0,0.0,0.0
7033,1697850060000.0,0.0,0.0,0.0,0.058512875536480685,0.0,0.0,0.05986,0.9992712802619605,1.0,389.80134303000136,300.0,389.80134303000136,300.0,0.0,0.0
7034,1697853660000.0,0.0,0.0,0.0,0.058512875536480685,0.0,0.0,0.05973,0.9992712802619605,1.0,389.80134303000136,300.0,389.80134303000136,300.0,0.0,0.0
7035,1697857260000.0,0.0,0.0,0.0,0.058512875536480685,0.0,0.0,0.05962,0.9992712802619605,1.0,389.80134303000136,300.0,389.80134303000136,300.0,0.0,0.0
7036,1697860860000.0,0.0,0.0,327.0,0.05954,0.0,0.0,0.05979,0.9992712802619605,1.0,389.78187345000134,300.0,389.86362345000134,300.0,0.049949936942097005,0.0
7037,1697864460000.0,0.0,0.0,327.0,0.05954,0.0,0.0,0.05987,0.9992712802619605,1.0,389.78187345000134,300.0,389.88978345000135,300.0,0.049949936942097005,0.0
7038,1697868060000.0,0.0,0.0,327.0,0.05954,0.0,0.0,0.05996,0.9992712802619605,1.0,389.78187345000134,300.0,389.91921345000134,300.0,0.049949936942097005,0.0
7039,1697871660000.0,0.0,0.0,327.0,0.05954,0.0,0.0,0.06027,0.9992712802619605,1.0,389.78187345000134,300.0,390.02058345000137,300.0,0.049949936942097005,0.0
7040,1697875260000.0,0.0,0.0,0.0,0.05954,0.0,0.0,0.06044,0.9992712802619605,1.0,390.0237422700013,300.0,390.0237422700013,300.0,0.0,0.0
7041,1697878860000.0,0.0,0.0,0.0,0.05954,0.0,0.0,0.06019,0.9992712802619605,1.0,390.0237422700013,300.0,390.0237422700013,300.0,0.0,0.0
7042,1697882460000.0,0.0,0.0,0.0,0.05954,0.0,0.0,0.06032,0.9992712802619605,1.0,390.0237422700013,300.0,390.0237422700013,300.0,0.0,0.0
7043,1697886060000.0,0.0,0.0,0.0,0.05954,0.0,0.0,0.06037,0.9992712802619605,1.0,390.0237422700013,300.0,390.0237422700013,300.0,0.0,0.0
7044,1697889660000.0,0.0,0.0,0.0,0.05954,0.0,0.0,0.06045,0.9992712802619605,1.0,390.0237422700013,300.0,390.0237422700013,300.0,0.0,0.0
7045,1697893260000.0,0.0,0.0,0.0,0.05954,0.0,0.0,0.0605,0.9992712802619605,1.0,390.0237422700013,300.0,390.0237422700013,300.0,0.0,0.0
7046,1697896860000.0,0.0,0.0,0.0,0.05954,0.0,0.0,0.06085,0.9992712802619605,1.0,390.0237422700013,300.0,390.0237422700013,300.0,0.0,0.0
7047,1697900460000.0,0.0,0.0,0.0,0.05954,0.0,0.0,0.06118,0.9992712802619605,1.0,390.0237422700013,300.0,390.0237422700013,300.0,0.0,0.0
7048,1697904060000.0,0.0,0.0,0.0,0.05954,0.0,0.0,0.06118,0.9992712802619605,1.0,390.0237422700013,300.0,390.0237422700013,300.0,0.0,0.0
7049,1697907660000.0,0.0,0.0,0.0,0.05954,0.0,0.0,0.06113,0.9992712802619605,1.0,390.0237422700013,300.0,390.0237422700013,300.0,0.0,0.0
7050,1697911260000.0,0.0,0.0,0.0,0.05954,0.0,0.0,0.06133,0.9992712802619605,1.0,390.0237422700013,300.0,390.0237422700013,300.0,0.0,0.0
7051,1697914860000.0,0.0,0.0,0.0,0.05954,0.0,0.0,0.06124,0.9992712802619605,1.0,390.0237422700013,300.0,390.0237422700013,300.0,0.0,0.0
7052,1697918460000.0,0.0,0.0,0.0,0.05954,0.0,0.0,0.06111,0.9992712802619605,1.0,390.0237422700013,300.0,390.0237422700013,300.0,0.0,0.0
7053,1697922060000.0,0.0,0.0,0.0,0.05954,0.0,0.0,0.06111,0.9992712802619605,1.0,390.0237422700013,300.0,390.0237422700013,300.0,0.0,0.0
7054,1697925660000.0,0.0,0.0,0.0,0.05954,0.0,0.0,0.06127,0.9992712802619605,1.0,390.0237422700013,300.0,390.0237422700013,300.0,0.0,0.0
7055,1697929260000.0,0.0,0.0,0.0,0.05954,0.0,0.0,0.06127,0.9992712802619605,1.0,390.0237422700013,300.0,390.0237422700013,300.0,0.0,0.0
7056,1697932860000.0,0.0,0.0,0.0,0.05954,0.0,0.0,0.06115,0.9992712802619605,1.0,390.0237422700013,300.0,390.0237422700013,300.0,0.0,0.0
7057,1697936460000.0,0.0,0.0,0.0,0.05954,0.0,0.0,0.06156,0.9992712802619605,1.0,390.0237422700013,300.0,390.0237422700013,300.0,0.0,0.0
7058,1697940060000.0,0.0,0.0,0.0,0.05954,0.0,0.0,0.06141,0.9992712802619605,1.0,390.0237422700013,300.0,390.0237422700013,300.0,0.0,0.0
7059,1697943660000.0,0.0,0.0,0.0,0.05954,0.0,0.0,0.06113,0.9992712802619605,1.0,390.0237422700013,300.0,390.0237422700013,300.0,0.0,0.0
7060,1697947260000.0,0.0,0.0,0.0,0.05954,0.0,0.0,0.06123,0.9992712802619605,1.0,390.0237422700013,300.0,390.0237422700013,300.0,0.0,0.0
7061,1697950860000.0,0.0,0.0,0.0,0.05954,0.0,0.0,0.06125,0.9992712802619605,1.0,390.0237422700013,300.0,390.0237422700013,300.0,0.0,0.0
7062,1697954460000.0,0.0,0.0,0.0,0.05954,0.0,0.0,0.06163,0.9992712802619605,1.0,390.0237422700013,300.0,390.0237422700013,300.0,0.0,0.0
7063,1697958060000.0,0.0,0.0,0.0,0.05954,0.0,0.0,0.06142,0.9992712802619605,1.0,390.0237422700013,300.0,390.0237422700013,300.0,0.0,0.0
7064,1697961660000.0,0.0,0.0,321.0,0.0608,0.0,0.0,0.06074,0.9992712802619605,1.0,390.0042254700013,300.0,389.9849654700013,300.0,0.05004253473530945,0.0
7065,1697965260000.0,0.0,0.0,321.0,0.0608,0.0,0.0,0.06072,0.9992712802619605,1.0,390.0042254700013,300.0,389.9785454700013,300.0,0.05004253473530945,0.0
7066,1697968860000.0,0.0,0.0,321.0,0.0608,0.0,0.0,0.06071,0.9992712802619605,1.0,390.0042254700013,300.0,389.9753354700013,300.0,0.05004253473530945,0.0
7067,1697972460000.0,0.0,0.0,321.0,0.0608,0.0,0.0,0.06077,0.9992712802619605,1.0,390.0042254700013,300.0,389.9945954700013,300.0,0.05004253473530945,0.0
7068,1697976060000.0,0.0,0.0,321.0,0.0608,0.0,0.0,0.06069,0.9992712802619605,1.0,390.0042254700013,300.0,389.9689154700013,300.0,0.05004253473530945,0.0
7069,1697979660000.0,0.0,0.0,321.0,0.0608,0.0,0.0,0.06081,0.9992712802619605,1.0,390.0042254700013,300.0,390.0074354700013,300.0,0.05004253473530945,0.0
7070,1697983260000.0,0.0,0.0,321.0,0.0608,0.0,0.0,0.06092,0.9992712802619605,1.0,390.0042254700013,300.0,390.0427454700013,300.0,0.05004253473530945,0.0
7071,1697986860000.0,0.0,0.0,321.0,0.0608,0.0,0.0,0.06068,0.9992712802619605,1.0,390.0042254700013,300.0,389.9657054700013,300.0,0.05004253473530945,0.0
7072,1697990460000.0,0.0,0.0,321.0,0.0608,0.0,0.0,0.06073,0.9992712802619605,1.0,390.0042254700013,300.0,389.9817554700013,300.0,0.05004253473530945,0.0
7073,1697994060000.0,0.0,0.0,321.0,0.0608,0.0,0.0,0.06086,0.9992712802619605,1.0,390.0042254700013,300.0,390.0234854700013,300.0,0.05004253473530945,0.0
7074,1697997660000.0,0.0,0.0,321.0,0.0608,0.0,0.0,0.06114,0.9992712802619605,1.0,390.0042254700013,300.0,390.1133654700013,300.0,0.05004253473530945,0.0
7075,1698001260000.0,0.0,0.0,321.0,0.0608,0.0,0.0,0.06097,0.9992712802619605,1.0,390.0042254700013,300.0,390.0587954700013,300.0,0.05004253473530945,0.0
7076,1698004860000.0,0.0,0.0,321.0,0.0608,0.0,0.0,0.06084,0.9992712802619605,1.0,390.0042254700013,300.0,390.0170654700013,300.0,0.05004253473530945,0.0
7077,1698008460000.0,0.0,0.0,321.0,0.0608,0.0,0.0,0.0609,0.9992712802619605,1.0,390.0042254700013,300.0,390.0363254700013,300.0,0.05004253473530945,0.0
7078,1698012060000.0,0.0,0.0,321.0,0.0608,0.0,0.0,0.06078,0.9992712802619605,1.0,390.0042254700013,300.0,389.9978054700013,300.0,0.05004253473530945,0.0
7079,1698015660000.0,0.0,0.0,321.0,0.0608,0.0,0.0,0.06139,0.9992712802619605,1.0,390.0042254700013,300.0,390.1936154700013,300.0,0.05004253473530945,0.0
7080,1698019260000.0,0.0,0.0,0.0,0.0608,0.0,0.0,0.06167,0.9992712802619605,1.0,390.2476654500013,300.0,390.2476654500013,300.0,0.0,0.0
7081,1698022860000.0,0.0,0.0,0.0,0.0608,0.0,0.0,0.06179,0.9992712802619605,1.0,390.2476654500013,300.0,390.2476654500013,300.0,0.0,0.0
7082,1698026460000.0,0.0,0.0,0.0,0.0608,0.0,0.0,0.06194,0.9992712802619605,1.0,390.2476654500013,300.0,390.2476654500013,300.0,0.0,0.0
7083,1698030060000.0,0.0,0.0,0.0,0.0608,0.0,0.0,0.06235,0.9992712802619605,1.0,390.2476654500013,300.0,390.2476654500013,300.0,0.0,0.0
7084,1698033660000.0,0.0,0.0,0.0,0.0608,0.0,0.0,0.06254,0.9992712802619605,1.0,390.2476654500013,300.0,390.2476654500013,300.0,0.0,0.0
7085,1698037260000.0,0.0,0.0,0.0,0.0608,0.0,0.0,0.06293,0.9992712802619605,1.0,390.2476654500013,300.0,390.2476654500013,300.0,0.0,0.0
7086,1698040860000.0,0.0,0.0,0.0,0.0608,0.0,0.0,0.0628,0.9992712802619605,1.0,390.2476654500013,300.0,390.2476654500013,300.0,0.0,0.0
7087,1698044460000.0,0.0,0.0,0.0,0.0608,0.0,0.0,0.06249,0.9992712802619605,1.0,390.2476654500013,300.0,390.2476654500013,300.0,0.0,0.0
7088,1698048060000.0,0.0,0.0,0.0,0.0608,0.0,0.0,0.06253,0.9992712802619605,1.0,390.2476654500013,300.0,390.2476654500013,300.0,0.0,0.0
7089,1698051660000.0,0.0,0.0,0.0,0.0608,0.0,0.0,0.06395,0.9992712802619605,1.0,390.2476654500013,300.0,390.2476654500013,300.0,0.0,0.0
7090,1698055260000.0,0.0,0.0,0.0,0.0608,0.0,0.0,0.06344,0.9992712802619605,1.0,390.2476654500013,300.0,390.2476654500013,300.0,0.0,0.0
7091,1698058860000.0,0.0,0.0,0.0,0.0608,0.0,0.0,0.06437,0.9992712802619605,1.0,390.2476654500013,300.0,390.2476654500013,300.0,0.0,0.0
7092,1698062460000.0,0.0,0.0,0.0,0.0608,0.0,0.0,0.06482,0.9992712802619605,1.0,390.2476654500013,300.0,390.2476654500013,300.0,0.0,0.0
7093,1698066060000.0,0.0,0.0,0.0,0.0608,0.0,0.0,0.0642,0.9992712802619605,1.0,390.2476654500013,300.0,390.2476654500013,300.0,0.0,0.0
7094,1698069660000.0,0.0,0.0,0.0,0.0608,0.0,0.0,0.06382,0.9992712802619605,1.0,390.2476654500013,300.0,390.2476654500013,300.0,0.0,0.0
7095,1698073260000.0,0.0,0.0,0.0,0.0608,0.0,0.0,0.06455,0.9992712802619605,1.0,390.2476654500013,300.0,390.2476654500013,300.0,0.0,0.0
7096,1698076860000.0,0.0,0.0,0.0,0.0608,0.0,0.0,0.06431,0.9992712802619605,1.0,390.2476654500013,300.0,390.2476654500013,300.0,0.0,0.0
7097,1698080460000.0,0.0,0.0,0.0,0.0608,0.0,0.0,0.06393,0.9992712802619605,1.0,390.2476654500013,300.0,390.2476654500013,300.0,0.0,0.0
7098,1698084060000.0,0.0,0.0,0.0,0.0608,0.0,0.0,0.06403,0.9992712802619605,1.0,390.2476654500013,300.0,390.2476654500013,300.0,0.0,0.0
7099,1698087660000.0,0.0,0.0,0.0,0.0608,0.0,0.0,0.06418,0.9992712802619605,1.0,390.2476654500013,300.0,390.2476654500013,300.0,0.0,0.0
7100,1698091260000.0,0.0,0.0,0.0,0.0608,0.0,0.0,0.06433,0.9992712802619605,1.0,390.2476654500013,300.0,390.2476654500013,300.0,0.0,0.0
7101,1698094860000.0,0.0,0.0,0.0,0.0608,0.0,0.0,0.06496,0.9992712802619605,1.0,390.2476654500013,300.0,390.2476654500013,300.0,0.0,0.0
7102,1698098460000.0,0.0,0.0,0.0,0.0608,0.0,0.0,0.06548,0.9992712802619605,1.0,390.2476654500013,300.0,390.2476654500013,300.0,0.0,0.0
7103,1698102060000.0,0.0,0.0,0.0,0.0608,0.0,0.0,0.06723,0.9992712802619605,1.0,390.2476654500013,300.0,390.2476654500013,300.0,0.0,0.0
7104,1698105660000.0,0.0,0.0,0.0,0.0608,0.0,0.0,0.06762,0.9992712802619605,1.0,390.2476654500013,300.0,390.2476654500013,300.0,0.0,0.0
7105,1698109260000.0,0.0,0.0,0.0,0.0608,0.0,0.0,0.06741,0.9992712802619605,1.0,390.2476654500013,300.0,390.2476654500013,300.0,0.0,0.0
7106,1698112860000.0,0.0,0.0,0.0,0.0608,0.0,0.0,0.0673,0.9992712802619605,1.0,390.2476654500013,300.0,390.2476654500013,300.0,0.0,0.0
7107,1698116460000.0,0.0,0.0,0.0,0.0608,0.0,0.0,0.06848,0.9992712802619605,1.0,390.2476654500013,300.0,390.2476654500013,300.0,0.0,0.0
7108,1698120060000.0,0.0,0.0,0.0,0.0608,0.0,0.0,0.06788,0.9992712802619605,1.0,390.2476654500013,300.0,390.2476654500013,300.0,0.0,0.0
7109,1698123660000.0,0.0,0.0,0.0,0.0608,0.0,0.0,0.06785,0.9992712802619605,1.0,390.2476654500013,300.0,390.2476654500013,300.0,0.0,0.0
7110,1698127260000.0,0.0,0.0,0.0,0.0608,0.0,0.0,0.06695,0.9992712802619605,1.0,390.2476654500013,300.0,390.2476654500013,300.0,0.0,0.0
7111,1698130860000.0,0.0,0.0,0.0,0.0608,0.0,0.0,0.0668,0.9992712802619605,1.0,390.2476654500013,300.0,390.2476654500013,300.0,0.0,0.0
7112,1698134460000.0,0.0,0.0,0.0,0.0608,0.0,0.0,0.06647,0.9992712802619605,1.0,390.2476654500013,300.0,390.2476654500013,300.0,0.0,0.0
7113,1698138060000.0,0.0,0.0,0.0,0.0608,0.0,0.0,0.0667,0.9992712802619605,1.0,390.2476654500013,300.0,390.2476654500013,300.0,0.0,0.0
7114,1698141660000.0,0.0,0.0,0.0,0.0608,0.0,0.0,0.0673,0.9992712802619605,1.0,390.2476654500013,300.0,390.2476654500013,300.0,0.0,0.0
7115,1698145260000.0,0.0,0.0,0.0,0.0608,0.0,0.0,0.06737,0.9992712802619605,1.0,390.2476654500013,300.0,390.2476654500013,300.0,0.0,0.0
7116,1698148860000.0,0.0,0.0,0.0,0.0608,0.0,0.0,0.06784,0.9992712802619605,1.0,390.2476654500013,300.0,390.2476654500013,300.0,0.0,0.0
7117,1698152460000.0,0.0,0.0,0.0,0.0608,0.0,0.0,0.06861,0.9992712802619605,1.0,390.2476654500013,300.0,390.2476654500013,300.0,0.0,0.0
7118,1698156060000.0,0.0,0.0,0.0,0.0608,0.0,0.0,0.06806,0.9992712802619605,1.0,390.2476654500013,300.0,390.2476654500013,300.0,0.0,0.0
7119,1698159660000.0,0.0,0.0,0.0,0.0608,0.0,0.0,0.06773,0.9992712802619605,1.0,390.2476654500013,300.0,390.2476654500013,300.0,0.0,0.0
7120,1698163260000.0,0.0,0.0,628.0,0.06520652866242038,0.0,0.0,0.06557,0.9992712802619605,1.0,390.2067157500013,300.0,390.4349757500013,300.0,0.10494360641972078,0.0
7121,1698166860000.0,0.0,0.0,295.0,0.06628,0.0,0.0,0.066,0.9992712802619605,1.0,390.6942049100013,300.0,390.6116049100013,300.0,0.05004578965921457,0.0
7122,1698170460000.0,0.0,0.0,295.0,0.06628,0.0,0.0,0.0659,0.9992712802619605,1.0,390.6942049100013,300.0,390.5821049100013,300.0,0.05004578965921457,0.0
7123,1698174060000.0,0.0,0.0,295.0,0.06628,0.0,0.0,0.06611,0.9992712802619605,1.0,390.6942049100013,300.0,390.64405491000133,300.0,0.05004578965921457,0.0
7124,1698177660000.0,0.0,0.0,295.0,0.06628,0.0,0.0,0.06671,0.9992712802619605,1.0,390.6942049100013,300.0,390.8210549100013,300.0,0.05004578965921457,0.0
7125,1698181260000.0,0.0,0.0,295.0,0.06628,0.0,0.0,0.06593,0.9992712802619605,1.0,390.6942049100013,300.0,390.5909549100013,300.0,0.05004578965921457,0.0
7126,1698184860000.0,0.0,0.0,295.0,0.06628,0.0,0.0,0.06627,0.9992712802619605,1.0,390.6942049100013,300.0,390.6912549100013,300.0,0.05004578965921457,0.0
7127,1698188460000.0,0.0,0.0,295.0,0.06628,0.0,0.0,0.06703,0.9992712802619605,1.0,390.6942049100013,300.0,390.9154549100013,300.0,0.05004578965921457,0.0
7128,1698192060000.0,0.0,0.0,295.0,0.06628,0.0,0.0,0.06655,0.9992712802619605,1.0,390.6942049100013,300.0,390.7738549100013,300.0,0.05004578965921457,0.0
7129,1698195660000.0,0.0,0.0,295.0,0.06628,0.0,0.0,0.06662,0.9992712802619605,1.0,390.6942049100013,300.0,390.7945049100013,300.0,0.05004578965921457,0.0
7130,1698199260000.0,0.0,0.0,0.0,0.06628,0.0,0.0,0.06653,0.9992712802619605,1.0,390.9369397600013,300.0,390.9369397600013,300.0,0.0,0.0
7131,1698202860000.0,0.0,0.0,295.0,0.06624,0.0,0.0,0.06619,0.9992712802619605,1.0,390.91739896000126,300.0,390.9026489600013,300.0,0.049987030641221,0.0
7132,1698206460000.0,0.0,0.0,295.0,0.06624,0.0,0.0,0.06603,0.9992712802619605,1.0,390.91739896000126,300.0,390.85544896000124,300.0,0.049987030641221,0.0
7133,1698210060000.0,0.0,0.0,295.0,0.06624,0.0,0.0,0.06615,0.9992712802619605,1.0,390.91739896000126,300.0,390.8908489600013,300.0,0.049987030641221,0.0
7134,1698213660000.0,0.0,0.0,295.0,0.06624,0.0,0.0,0.06573,0.9992712802619605,1.0,390.91739896000126,300.0,390.7669489600013,300.0,0.049987030641221,0.0
7135,1698217260000.0,0.0,0.0,295.0,0.06624,0.0,0.0,0.06614,0.9992712802619605,1.0,390.91739896000126,300.0,390.8878989600013,300.0,0.049987030641221,0.0
7136,1698220860000.0,0.0,0.0,295.0,0.06624,0.0,0.0,0.06533,0.9992712802619605,1.0,390.91739896000126,300.0,390.6489489600013,300.0,0.049987030641221,0.0
7137,1698224460000.0,0.0,0.0,295.0,0.06624,0.0,0.0,0.06534,0.9992712802619605,1.0,390.91739896000126,300.0,390.6518989600013,300.0,0.049987030641221,0.0
7138,1698228060000.0,0.0,0.0,295.0,0.06624,0.0,0.0,0.06552,0.9992712802619605,1.0,390.91739896000126,300.0,390.70499896000126,300.0,0.049987030641221,0.0
7139,1698231660000.0,0.0,0.0,295.0,0.06624,0.0,0.0,0.06577,0.9992712802619605,1.0,390.91739896000126,300.0,390.7787489600013,300.0,0.049987030641221,0.0
7140,1698235260000.0,0.0,0.0,295.0,0.06624,0.0,0.0,0.06563,0.9992712802619605,1.0,390.91739896000126,300.0,390.73744896000125,300.0,0.049987030641221,0.0
7141,1698238860000.0,0.0,0.0,295.0,0.06624,0.0,0.0,0.06604,0.9992712802619605,1.0,390.91739896000126,300.0,390.85839896000124,300.0,0.049987030641221,0.0
7142,1698242460000.0,0.0,0.0,295.0,0.06624,0.0,0.0,0.0663,0.9992712802619605,1.0,390.91739896000126,300.0,390.93509896000126,300.0,0.049987030641221,0.0
7143,1698246060000.0,0.0,0.0,0.0,0.06624,0.0,0.0,0.06697,0.9992712802619605,1.0,391.1601456100012,300.0,391.1601456100012,300.0,0.0,0.0
7144,1698249660000.0,0.0,0.0,0.0,0.06624,0.0,0.0,0.06784,0.9992712802619605,1.0,391.1601456100012,300.0,391.1601456100012,300.0,0.0,0.0
7145,1698253260000.0,0.0,0.0,0.0,0.06624,0.0,0.0,0.06621,0.9992712802619605,1.0,391.1601456100012,300.0,391.1601456100012,300.0,0.0,0.0
7146,1698256860000.0,0.0,0.0,0.0,0.06611,0.0,0.0,0.06738,0.9992712802619605,1.0,391.38418505000124,300.0,391.38418505000124,300.0,0.0,0.0
7147,1698260460000.0,0.0,0.0,0.0,0.06611,0.0,0.0,0.06811,0.9992712802619605,1.0,391.38418505000124,300.0,391.38418505000124,300.0,0.0,0.0
7148,1698264060000.0,0.0,0.0,0.0,0.06611,0.0,0.0,0.06813,0.9992712802619605,1.0,391.38418505000124,300.0,391.38418505000124,300.0,0.0,0.0
7149,1698267660000.0,0.0,0.0,0.0,0.06611,0.0,0.0,0.06812,0.9992712802619605,1.0,391.38418505000124,300.0,391.38418505000124,300.0,0.0,0.0
7150,1698271260000.0,0.0,0.0,0.0,0.06611,0.0,0.0,0.06868,0.9992712802619605,1.0,391.38418505000124,300.0,391.38418505000124,300.0,0.0,0.0
7151,1698274860000.0,0.0,0.0,0.0,0.06611,0.0,0.0,0.06898,0.9992712802619605,1.0,391.38418505000124,300.0,391.38418505000124,300.0,0.0,0.0
7152,1698278460000.0,0.0,0.0,0.0,0.06611,0.0,0.0,0.06817,0.9992712802619605,1.0,391.38418505000124,300.0,391.38418505000124,300.0,0.0,0.0
7153,1698282060000.0,0.0,0.0,0.0,0.06611,0.0,0.0,0.06867,0.9992712802619605,1.0,391.38418505000124,300.0,391.38418505000124,300.0,0.0,0.0
7154,1698285660000.0,0.0,0.0,0.0,0.06611,0.0,0.0,0.07092,0.9992712802619605,1.0,391.38418505000124,300.0,391.38418505000124,300.0,0.0,0.0
7155,1698289260000.0,0.0,0.0,0.0,0.06611,0.0,0.0,0.07241,0.9992712802619605,1.0,391.38418505000124,300.0,391.38418505000124,300.0,0.0,0.0
7156,1698292860000.0,0.0,0.0,0.0,0.06611,0.0,0.0,0.07157,0.9992712802619605,1.0,391.38418505000124,300.0,391.38418505000124,300.0,0.0,0.0
7157,1698296460000.0,0.0,0.0,0.0,0.06611,0.0,0.0,0.07121,0.9992712802619605,1.0,391.38418505000124,300.0,391.38418505000124,300.0,0.0,0.0
7158,1698300060000.0,0.0,0.0,0.0,0.06611,0.0,0.0,0.0705,0.9992712802619605,1.0,391.38418505000124,300.0,391.38418505000124,300.0,0.0,0.0
7159,1698303660000.0,0.0,0.0,0.0,0.06611,0.0,0.0,0.07059,0.9992712802619605,1.0,391.38418505000124,300.0,391.38418505000124,300.0,0.0,0.0
7160,1698307260000.0,0.0,0.0,0.0,0.06611,0.0,0.0,0.0721,0.9992712802619605,1.0,391.38418505000124,300.0,391.38418505000124,300.0,0.0,0.0
7161,1698310860000.0,0.0,0.0,0.0,0.06611,0.0,0.0,0.07209,0.9992712802619605,1.0,391.38418505000124,300.0,391.38418505000124,300.0,0.0,0.0
7162,1698314460000.0,0.0,0.0,0.0,0.06611,0.0,0.0,0.07227,0.9992712802619605,1.0,391.38418505000124,300.0,391.38418505000124,300.0,0.0,0.0
7163,1698318060000.0,0.0,0.0,0.0,0.06611,0.0,0.0,0.07225,0.9992712802619605,1.0,391.38418505000124,300.0,391.38418505000124,300.0,0.0,0.0
7164,1698321660000.0,0.0,0.0,0.0,0.06611,0.0,0.0,0.07395,0.9992712802619605,1.0,391.38418505000124,300.0,391.38418505000124,300.0,0.0,0.0
7165,1698325260000.0,0.0,0.0,0.0,0.06611,0.0,0.0,0.07422,0.9992712802619605,1.0,391.38418505000124,300.0,391.38418505000124,300.0,0.0,0.0
7166,1698328860000.0,0.0,0.0,0.0,0.06611,0.0,0.0,0.07212,0.9992712802619605,1.0,391.38418505000124,300.0,391.38418505000124,300.0,0.0,0.0
7167,1698332460000.0,0.0,0.0,0.0,0.07034,0.0,0.0,0.07132,0.9992712802619605,1.0,391.6089119100012,300.0,391.6089119100012,300.0,0.0,0.0
7168,1698336060000.0,0.0,0.0,278.0,0.07035,0.0,0.0,0.07064,0.9992712802619605,1.0,391.58935461000124,300.0,391.66997461000125,300.0,0.0499433903648322,0.0
7169,1698339660000.0,0.0,0.0,278.0,0.07035,0.0,0.0,0.07045,0.9992712802619605,1.0,391.58935461000124,300.0,391.61715461000125,300.0,0.0499433903648322,0.0
7170,1698343260000.0,0.0,0.0,0.0,0.07035,0.0,0.0,0.07132,0.9992712802619605,1.0,391.8336332100012,300.0,391.8336332100012,300.0,0.0,0.0
7171,1698346860000.0,0.0,0.0,0.0,0.07035,0.0,0.0,0.07105,0.9992712802619605,1.0,391.8336332100012,300.0,391.8336332100012,300.0,0.0,0.0
7172,1698350460000.0,0.0,0.0,0.0,0.07035,0.0,0.0,0.07128,0.9992712802619605,1.0,391.8336332100012,300.0,391.8336332100012,300.0,0.0,0.0
7173,1698354060000.0,0.0,0.0,0.0,0.07035,0.0,0.0,0.07199,0.9992712802619605,1.0,391.8336332100012,300.0,391.8336332100012,300.0,0.0,0.0
7174,1698357660000.0,0.0,0.0,0.0,0.07035,0.0,0.0,0.07178,0.9992712802619605,1.0,391.8336332100012,300.0,391.8336332100012,300.0,0.0,0.0
7175,1698361260000.0,0.0,0.0,0.0,0.07035,0.0,0.0,0.07207,0.9992712802619605,1.0,391.8336332100012,300.0,391.8336332100012,300.0,0.0,0.0
7176,1698364860000.0,0.0,0.0,0.0,0.07035,0.0,0.0,0.07182,0.9992712802619605,1.0,391.8336332100012,300.0,391.8336332100012,300.0,0.0,0.0
7177,1698368460000.0,0.0,0.0,0.0,0.07035,0.0,0.0,0.07154,0.9992712802619605,1.0,391.8336332100012,300.0,391.8336332100012,300.0,0.0,0.0
7178,1698372060000.0,0.0,0.0,276.0,0.07086,0.0,0.0,0.07049,0.9992712802619605,1.0,391.8140758500012,300.0,391.7119558500012,300.0,0.049914898941729645,0.0
7179,1698375660000.0,0.0,0.0,276.0,0.07086,0.0,0.0,0.0713,0.9992712802619605,1.0,391.8140758500012,300.0,391.9355158500012,300.0,0.049914898941729645,0.0
7180,1698379260000.0,0.0,0.0,276.0,0.07086,0.0,0.0,0.07149,0.9992712802619605,1.0,391.8140758500012,300.0,391.9879558500012,300.0,0.049914898941729645,0.0
7181,1698382860000.0,0.0,0.0,276.0,0.07086,0.0,0.0,0.07102,0.9992712802619605,1.0,391.8140758500012,300.0,391.85823585000117,300.0,0.049914898941729645,0.0
7182,1698386460000.0,0.0,0.0,276.0,0.07086,0.0,0.0,0.07068,0.9992712802619605,1.0,391.8140758500012,300.0,391.76439585000116,300.0,0.049914898941729645,0.0
7183,1698390060000.0,0.0,0.0,276.0,0.07086,0.0,0.0,0.07085,0.9992712802619605,1.0,391.8140758500012,300.0,391.81131585000117,300.0,0.049914898941729645,0.0
7184,1698393660000.0,0.0,0.0,276.0,0.07086,0.0,0.0,0.07013,0.9992712802619605,1.0,391.8140758500012,300.0,391.6125958500012,300.0,0.049914898941729645,0.0
7185,1698397260000.0,0.0,0.0,276.0,0.07086,0.0,0.0,0.07065,0.9992712802619605,1.0,391.8140758500012,300.0,391.7561158500012,300.0,0.049914898941729645,0.0
7186,1698400860000.0,0.0,0.0,276.0,0.07086,0.0,0.0,0.0713,0.9992712802619605,1.0,391.8140758500012,300.0,391.9355158500012,300.0,0.049914898941729645,0.0
7187,1698404460000.0,0.0,0.0,276.0,0.07086,0.0,0.0,0.07119,0.9992712802619605,1.0,391.8140758500012,300.0,391.90515585000117,300.0,0.049914898941729645,0.0
7188,1698408060000.0,0.0,0.0,276.0,0.07086,0.0,0.0,0.07169,0.9992712802619605,1.0,391.8140758500012,300.0,392.0431558500012,300.0,0.049914898941729645,0.0
7189,1698411660000.0,0.0,0.0,0.0,0.07086,0.0,0.0,0.07163,0.9992712802619605,1.0,392.0564562900012,300.0,392.0564562900012,300.0,0.0,0.0
7190,1698415260000.0,0.0,0.0,0.0,0.07086,0.0,0.0,0.07115,0.9992712802619605,1.0,392.0564562900012,300.0,392.0564562900012,300.0,0.0,0.0
7191,1698418860000.0,0.0,0.0,277.0,0.07084,0.0,0.0,0.07014,0.9992712802619605,1.0,392.0368336100012,300.0,391.84293361000124,300.0,0.05005315398379293,0.0
7192,1698422460000.0,0.0,0.0,277.0,0.07084,0.0,0.0,0.0704,0.9992712802619605,1.0,392.0368336100012,300.0,391.91495361000125,300.0,0.05005315398379293,0.0
7193,1698426060000.0,0.0,0.0,592.0,0.06961618243243245,0.0,0.0,0.06895,0.9992712802619605,1.0,392.0152435100012,300.0,391.6208635100012,300.0,0.10513055469729095,0.0
7194,1698429660000.0,0.0,0.0,592.0,0.06961618243243245,0.0,0.0,0.06843,0.9992712802619605,1.0,392.0152435100012,300.0,391.3130235100012,300.0,0.10513055469729095,0.0
7195,1698433260000.0,0.0,0.0,592.0,0.06961618243243245,0.0,0.0,0.06845,0.9992712802619605,1.0,392.0152435100012,300.0,391.3248635100012,300.0,0.10513055469729095,0.0
7196,1698436860000.0,0.0,0.0,592.0,0.06961618243243245,0.0,0.0,0.06826,0.9992712802619605,1.0,392.0152435100012,300.0,391.2123835100012,300.0,0.10513055469729095,0.0
7197,1698440460000.0,0.0,0.0,592.0,0.06961618243243245,0.0,0.0,0.06759,0.9992712802619605,1.0,392.0152435100012,300.0,390.8157435100012,300.0,0.10513055469729095,0.0
7198,1698444060000.0,0.0,0.0,592.0,0.06961618243243245,0.0,0.0,0.06778,0.9992712802619605,1.0,392.0152435100012,300.0,390.9282235100012,300.0,0.10513055469729095,0.0
7199,1698447660000.0,0.0,0.0,592.0,0.06961618243243245,0.0,0.0,0.06744,0.9992712802619605,1.0,392.0152435100012,300.0,390.7269435100012,300.0,0.10513055469729095,0.0
7200,1698451260000.0,0.0,0.0,592.0,0.06961618243243245,0.0,0.0,0.06764,0.9992712802619605,1.0,392.0152435100012,300.0,390.8453435100012,300.0,0.10513055469729095,0.0
7201,1698454860000.0,0.0,0.0,592.0,0.06961618243243245,0.0,0.0,0.0678,0.9992712802619605,1.0,392.0152435100012,300.0,390.9400635100012,300.0,0.10513055469729095,0.0
7202,1698458460000.0,0.0,0.0,592.0,0.06961618243243245,0.0,0.0,0.06803,0.9992712802619605,1.0,392.0152435100012,300.0,391.07622351000117,300.0,0.10513055469729095,0.0
7203,1698462060000.0,0.0,0.0,592.0,0.06961618243243245,0.0,0.0,0.06828,0.9992712802619605,1.0,392.0152435100012,300.0,391.2242235100012,300.0,0.10513055469729095,0.0
7204,1698465660000.0,0.0,0.0,592.0,0.06961618243243245,0.0,0.0,0.06846,0.9992712802619605,1.0,392.0152435100012,300.0,391.3307835100012,300.0,0.10513055469729095,0.0
7205,1698469260000.0,0.0,0.0,592.0,0.06961618243243245,0.0,0.0,0.06873,0.9992712802619605,1.0,392.0152435100012,300.0,391.49062351000117,300.0,0.10513055469729095,0.0
7206,1698472860000.0,0.0,0.0,592.0,0.06961618243243245,0.0,0.0,0.06868,0.9992712802619605,1.0,392.0152435100012,300.0,391.4610235100012,300.0,0.10513055469729095,0.0
7207,1698476460000.0,0.0,0.0,592.0,0.06961618243243245,0.0,0.0,0.06859,0.9992712802619605,1.0,392.0152435100012,300.0,391.4077435100012,300.0,0.10513055469729095,0.0
7208,1698480060000.0,0.0,0.0,592.0,0.06961618243243245,0.0,0.0,0.06875,0.9992712802619605,1.0,392.0152435100012,300.0,391.5024635100012,300.0,0.10513055469729095,0.0
7209,1698483660000.0,0.0,0.0,592.0,0.06961618243243245,0.0,0.0,0.06891,0.9992712802619605,1.0,392.0152435100012,300.0,391.5971835100012,300.0,0.10513055469729095,0.0
7210,1698487260000.0,0.0,0.0,592.0,0.06961618243243245,0.0,0.0,0.06887,0.9992712802619605,1.0,392.0152435100012,300.0,391.5735035100012,300.0,0.10513055469729095,0.0
7211,1698490860000.0,0.0,0.0,592.0,0.06961618243243245,0.0,0.0,0.06921,0.9992712802619605,1.0,392.0152435100012,300.0,391.77478351000116,300.0,0.10513055469729095,0.0
7212,1698494460000.0,0.0,0.0,592.0,0.06961618243243245,0.0,0.0,0.06913,0.9992712802619605,1.0,392.0152435100012,300.0,391.7274235100012,300.0,0.10513055469729095,0.0
7213,1698498060000.0,0.0,0.0,592.0,0.06961618243243245,0.0,0.0,0.06852,0.9992712802619605,1.0,392.0152435100012,300.0,391.36630351000116,300.0,0.10513055469729095,0.0
7214,1698501660000.0,0.0,0.0,592.0,0.06961618243243245,0.0,0.0,0.06896,0.9992712802619605,1.0,392.0152435100012,300.0,391.6267835100012,300.0,0.10513055469729095,0.0
7215,1698505260000.0,0.0,0.0,592.0,0.06961618243243245,0.0,0.0,0.06886,0.9992712802619605,1.0,392.0152435100012,300.0,391.5675835100012,300.0,0.10513055469729095,0.0
7216,1698508860000.0,0.0,0.0,592.0,0.06961618243243245,0.0,0.0,0.06889,0.9992712802619605,1.0,392.0152435100012,300.0,391.58534351000117,300.0,0.10513055469729095,0.0
7217,1698512460000.0,0.0,0.0,592.0,0.06961618243243245,0.0,0.0,0.06888,0.9992712802619605,1.0,392.0152435100012,300.0,391.57942351000116,300.0,0.10513055469729095,0.0
7218,1698516060000.0,0.0,0.0,592.0,0.06961618243243245,0.0,0.0,0.06875,0.9992712802619605,1.0,392.0152435100012,300.0,391.5024635100012,300.0,0.10513055469729095,0.0
7219,1698519660000.0,0.0,0.0,592.0,0.06961618243243245,0.0,0.0,0.06859,0.9992712802619605,1.0,392.0152435100012,300.0,391.4077435100012,300.0,0.10513055469729095,0.0
7220,1698523260000.0,0.0,0.0,592.0,0.06961618243243245,0.0,0.0,0.06837,0.9992712802619605,1.0,392.0152435100012,300.0,391.27750351000117,300.0,0.10513055469729095,0.0
7221,1698526860000.0,0.0,0.0,592.0,0.06961618243243245,0.0,0.0,0.0689,0.9992712802619605,1.0,392.0152435100012,300.0,391.59126351000117,300.0,0.10513055469729095,0.0
7222,1698530460000.0,0.0,0.0,592.0,0.06961618243243245,0.0,0.0,0.06934,0.9992712802619605,1.0,392.0152435100012,300.0,391.8517435100012,300.0,0.10513055469729095,0.0
7223,1698534060000.0,0.0,0.0,592.0,0.06961618243243245,0.0,0.0,0.06907,0.9992712802619605,1.0,392.0152435100012,300.0,391.69190351000117,300.0,0.10513055469729095,0.0
7224,1698537660000.0,0.0,0.0,592.0,0.06961618243243245,0.0,0.0,0.06896,0.9992712802619605,1.0,392.0152435100012,300.0,391.6267835100012,300.0,0.10513055469729095,0.0
7225,1698541260000.0,0.0,0.0,592.0,0.06961618243243245,0.0,0.0,0.06862,0.9992712802619605,1.0,392.0152435100012,300.0,391.4255035100012,300.0,0.10513055469729095,0.0
7226,1698544860000.0,0.0,0.0,592.0,0.06961618243243245,0.0,0.0,0.06814,0.9992712802619605,1.0,392.0152435100012,300.0,391.1413435100012,300.0,0.10513055469729095,0.0
7227,1698548460000.0,0.0,0.0,592.0,0.06961618243243245,0.0,0.0,0.06835,0.9992712802619605,1.0,392.0152435100012,300.0,391.26566351000116,300.0,0.10513055469729095,0.0
7228,1698552060000.0,0.0,0.0,592.0,0.06961618243243245,0.0,0.0,0.06814,0.9992712802619605,1.0,392.0152435100012,300.0,391.1413435100012,300.0,0.10513055469729095,0.0
7229,1698555660000.0,0.0,0.0,592.0,0.06961618243243245,0.0,0.0,0.06846,0.9992712802619605,1.0,392.0152435100012,300.0,391.3307835100012,300.0,0.10513055469729095,0.0
7230,1698559260000.0,0.0,0.0,592.0,0.06961618243243245,0.0,0.0,0.06823,0.9992712802619605,1.0,392.0152435100012,300.0,391.1946235100012,300.0,0.10513055469729095,0.0
7231,1698562860000.0,0.0,0.0,592.0,0.06961618243243245,0.0,0.0,0.06857,0.9992712802619605,1.0,392.0152435100012,300.0,391.3959035100012,300.0,0.10513055469729095,0.0
7232,1698566460000.0,0.0,0.0,592.0,0.06961618243243245,0.0,0.0,0.06849,0.9992712802619605,1.0,392.0152435100012,300.0,391.3485435100012,300.0,0.10513055469729095,0.0
7233,1698570060000.0,0.0,0.0,592.0,0.06961618243243245,0.0,0.0,0.06906,0.9992712802619605,1.0,392.0152435100012,300.0,391.68598351000117,300.0,0.10513055469729095,0.0
7234,1698573660000.0,0.0,0.0,592.0,0.06961618243243245,0.0,0.0,0.06886,0.9992712802619605,1.0,392.0152435100012,300.0,391.5675835100012,300.0,0.10513055469729095,0.0
7235,1698577260000.0,0.0,0.0,592.0,0.06961618243243245,0.0,0.0,0.06866,0.9992712802619605,1.0,392.0152435100012,300.0,391.4491835100012,300.0,0.10513055469729095,0.0
7236,1698580860000.0,0.0,0.0,592.0,0.06961618243243245,0.0,0.0,0.06894,0.9992712802619605,1.0,392.0152435100012,300.0,391.6149435100012,300.0,0.10513055469729095,0.0
7237,1698584460000.0,0.0,0.0,592.0,0.06961618243243245,0.0,0.0,0.06932,0.9992712802619605,1.0,392.0152435100012,300.0,391.8399035100012,300.0,0.10513055469729095,0.0
7238,1698588060000.0,0.0,0.0,592.0,0.06961618243243245,0.0,0.0,0.06924,0.9992712802619605,1.0,392.0152435100012,300.0,391.79254351000117,300.0,0.10513055469729095,0.0
7239,1698591660000.0,0.0,0.0,592.0,0.06961618243243245,0.0,0.0,0.06943,0.9992712802619605,1.0,392.0152435100012,300.0,391.9050235100012,300.0,0.10513055469729095,0.0
7240,1698595260000.0,0.0,0.0,592.0,0.06961618243243245,0.0,0.0,0.06939,0.9992712802619605,1.0,392.0152435100012,300.0,391.88134351000116,300.0,0.10513055469729095,0.0
7241,1698598860000.0,0.0,0.0,592.0,0.06961618243243245,0.0,0.0,0.06907,0.9992712802619605,1.0,392.0152435100012,300.0,391.69190351000117,300.0,0.10513055469729095,0.0
7242,1698602460000.0,0.0,0.0,592.0,0.06961618243243245,0.0,0.0,0.06952,0.9992712802619605,1.0,392.0152435100012,300.0,391.9583035100012,300.0,0.10513055469729095,0.0
7243,1698606060000.0,0.0,0.0,592.0,0.06961618243243245,0.0,0.0,0.06946,0.9992712802619605,1.0,392.0152435100012,300.0,391.9227835100012,300.0,0.10513055469729095,0.0
7244,1698609660000.0,0.0,0.0,592.0,0.06961618243243245,0.0,0.0,0.06952,0.9992712802619605,1.0,392.0152435100012,300.0,391.9583035100012,300.0,0.10513055469729095,0.0
7245,1698613260000.0,0.0,0.0,592.0,0.06961618243243245,0.0,0.0,0.06974,0.9992712802619605,1.0,392.0152435100012,300.0,392.08854351000116,300.0,0.10513055469729095,0.0
7246,1698616860000.0,0.0,0.0,592.0,0.06961618243243245,0.0,0.0,0.06947,0.9992712802619605,1.0,392.0152435100012,300.0,391.9287035100012,300.0,0.10513055469729095,0.0
7247,1698620460000.0,0.0,0.0,592.0,0.06961618243243245,0.0,0.0,0.0697,0.9992712802619605,1.0,392.0152435100012,300.0,392.0648635100012,300.0,0.10513055469729095,0.0
7248,1698624060000.0,0.0,0.0,592.0,0.06961618243243245,0.0,0.0,0.06939,0.9992712802619605,1.0,392.0152435100012,300.0,391.88134351000116,300.0,0.10513055469729095,0.0
7249,1698627660000.0,0.0,0.0,592.0,0.06961618243243245,0.0,0.0,0.06916,0.9992712802619605,1.0,392.0152435100012,300.0,391.7451835100012,300.0,0.10513055469729095,0.0
7250,1698631260000.0,0.0,0.0,592.0,0.06961618243243245,0.0,0.0,0.0689,0.9992712802619605,1.0,392.0152435100012,300.0,391.59126351000117,300.0,0.10513055469729095,0.0
7251,1698634860000.0,0.0,0.0,592.0,0.06961618243243245,0.0,0.0,0.06888,0.9992712802619605,1.0,392.0152435100012,300.0,391.57942351000116,300.0,0.10513055469729095,0.0
7252,1698638460000.0,0.0,0.0,592.0,0.06961618243243245,0.0,0.0,0.06858,0.9992712802619605,1.0,392.0152435100012,300.0,391.4018235100012,300.0,0.10513055469729095,0.0
7253,1698642060000.0,0.0,0.0,592.0,0.06961618243243245,0.0,0.0,0.0688,0.9992712802619605,1.0,392.0152435100012,300.0,391.5320635100012,300.0,0.10513055469729095,0.0
7254,1698645660000.0,0.0,0.0,592.0,0.06961618243243245,0.0,0.0,0.0686,0.9992712802619605,1.0,392.0152435100012,300.0,391.4136635100012,300.0,0.10513055469729095,0.0
7255,1698649260000.0,0.0,0.0,592.0,0.06961618243243245,0.0,0.0,0.06874,0.9992712802619605,1.0,392.0152435100012,300.0,391.4965435100012,300.0,0.10513055469729095,0.0
7256,1698652860000.0,0.0,0.0,592.0,0.06961618243243245,0.0,0.0,0.06858,0.9992712802619605,1.0,392.0152435100012,300.0,391.4018235100012,300.0,0.10513055469729095,0.0
7257,1698656460000.0,0.0,0.0,592.0,0.06961618243243245,0.0,0.0,0.06935,0.9992712802619605,1.0,392.0152435100012,300.0,391.8576635100012,300.0,0.10513055469729095,0.0
7258,1698660060000.0,0.0,0.0,592.0,0.06961618243243245,0.0,0.0,0.0694,0.9992712802619605,1.0,392.0152435100012,300.0,391.88726351000116,300.0,0.10513055469729095,0.0
7259,1698663660000.0,0.0,0.0,592.0,0.06961618243243245,0.0,0.0,0.06939,0.9992712802619605,1.0,392.0152435100012,300.0,391.88134351000116,300.0,0.10513055469729095,0.0
7260,1698667260000.0,0.0,0.0,592.0,0.06961618243243245,0.0,0.0,0.06958,0.9992712802619605,1.0,392.0152435100012,300.0,391.99382351000116,300.0,0.10513055469729095,0.0
7261,1698670860000.0,0.0,0.0,592.0,0.06961618243243245,0.0,0.0,0.06922,0.9992712802619605,1.0,392.0152435100012,300.0,391.7807035100012,300.0,0.10513055469729095,0.0
7262,1698674460000.0,0.0,0.0,592.0,0.06961618243243245,0.0,0.0,0.06994,0.9992712802619605,1.0,392.0152435100012,300.0,392.20694351000117,300.0,0.10513055469729095,0.0
7263,1698678060000.0,0.0,0.0,592.0,0.06961618243243245,0.0,0.0,0.0701,0.9992712802619605,1.0,392.0152435100012,300.0,392.30166351000116,300.0,0.10513055469729095,0.0
7264,1698681660000.0,0.0,0.0,592.0,0.06961618243243245,0.0,0.0,0.06967,0.9992712802619605,1.0,392.0152435100012,300.0,392.0471035100012,300.0,0.10513055469729095,0.0
7265,1698685260000.0,0.0,0.0,592.0,0.06961618243243245,0.0,0.0,0.06936,0.9992712802619605,1.0,392.0152435100012,300.0,391.8635835100012,300.0,0.10513055469729095,0.0
7266,1698688860000.0,0.0,0.0,592.0,0.06961618243243245,0.0,0.0,0.06878,0.9992712802619605,1.0,392.0152435100012,300.0,391.5202235100012,300.0,0.10513055469729095,0.0
7267,1698692460000.0,0.0,0.0,592.0,0.06961618243243245,0.0,0.0,0.06898,0.9992712802619605,1.0,392.0152435100012,300.0,391.6386235100012,300.0,0.10513055469729095,0.0
7268,1698696060000.0,0.0,0.0,592.0,0.06961618243243245,0.0,0.0,0.06939,0.9992712802619605,1.0,392.0152435100012,300.0,391.88134351000116,300.0,0.10513055469729095,0.0
7269,1698699660000.0,0.0,0.0,592.0,0.06961618243243245,0.0,0.0,0.06925,0.9992712802619605,1.0,392.0152435100012,300.0,391.79846351000117,300.0,0.10513055469729095,0.0
7270,1698703260000.0,0.0,0.0,592.0,0.06961618243243245,0.0,0.0,0.06966,0.9992712802619605,1.0,392.0152435100012,300.0,392.0411835100012,300.0,0.10513055469729095,0.0
7271,1698706860000.0,0.0,0.0,592.0,0.06961618243243245,0.0,0.0,0.06952,0.9992712802619605,1.0,392.0152435100012,300.0,391.9583035100012,300.0,0.10513055469729095,0.0
7272,1698710460000.0,0.0,0.0,592.0,0.06961618243243245,0.0,0.0,0.06956,0.9992712802619605,1.0,392.0152435100012,300.0,391.9819835100012,300.0,0.10513055469729095,0.0
7273,1698714060000.0,0.0,0.0,592.0,0.06961618243243245,0.0,0.0,0.06978,0.9992712802619605,1.0,392.0152435100012,300.0,392.1122235100012,300.0,0.10513055469729095,0.0
7274,1698717660000.0,0.0,0.0,592.0,0.06961618243243245,0.0,0.0,0.06992,0.9992712802619605,1.0,392.0152435100012,300.0,392.19510351000116,300.0,0.10513055469729095,0.0
7275,1698721260000.0,0.0,0.0,592.0,0.06961618243243245,0.0,0.0,0.06941,0.9992712802619605,1.0,392.0152435100012,300.0,391.89318351000117,300.0,0.10513055469729095,0.0
7276,1698724860000.0,0.0,0.0,592.0,0.06961618243243245,0.0,0.0,0.069,0.9992712802619605,1.0,392.0152435100012,300.0,391.6504635100012,300.0,0.10513055469729095,0.0
7277,1698728460000.0,0.0,0.0,592.0,0.06961618243243245,0.0,0.0,0.06912,0.9992712802619605,1.0,392.0152435100012,300.0,391.7215035100012,300.0,0.10513055469729095,0.0
7278,1698732060000.0,0.0,0.0,592.0,0.06961618243243245,0.0,0.0,0.0692,0.9992712802619605,1.0,392.0152435100012,300.0,391.7688635100012,300.0,0.10513055469729095,0.0
7279,1698735660000.0,0.0,0.0,592.0,0.06961618243243245,0.0,0.0,0.06901,0.9992712802619605,1.0,392.0152435100012,300.0,391.6563835100012,300.0,0.10513055469729095,0.0
7280,1698739260000.0,0.0,0.0,592.0,0.06961618243243245,0.0,0.0,0.06847,0.9992712802619605,1.0,392.0152435100012,300.0,391.3367035100012,300.0,0.10513055469729095,0.0
7281,1698742860000.0,0.0,0.0,592.0,0.06961618243243245,0.0,0.0,0.06894,0.9992712802619605,1.0,392.0152435100012,300.0,391.6149435100012,300.0,0.10513055469729095,0.0
7282,1698746460000.0,0.0,0.0,592.0,0.06961618243243245,0.0,0.0,0.06916,0.9992712802619605,1.0,392.0152435100012,300.0,391.7451835100012,300.0,0.10513055469729095,0.0
7283,1698750060000.0,0.0,0.0,592.0,0.06961618243243245,0.0,0.0,0.06905,0.9992712802619605,1.0,392.0152435100012,300.0,391.68006351000116,300.0,0.10513055469729095,0.0
7284,1698753660000.0,0.0,0.0,592.0,0.06961618243243245,0.0,0.0,0.07047,0.9992712802619605,1.0,392.0152435100012,300.0,392.52070351000117,300.0,0.10513055469729095,0.0
7285,1698757260000.0,0.0,0.0,0.0,0.06961618243243245,0.0,0.0,0.06943,0.9992712802619605,1.0,392.5262979100012,300.0,392.5262979100012,300.0,0.0,0.0
7286,1698760860000.0,0.0,0.0,284.0,0.0691,0.0,0.0,0.06843,0.9992712802619605,1.0,392.5066735100012,300.0,392.3163935100012,300.0,0.049997621249361926,0.0
7287,1698764460000.0,0.0,0.0,284.0,0.0691,0.0,0.0,0.06868,0.9992712802619605,1.0,392.5066735100012,300.0,392.3873935100012,300.0,0.049997621249361926,0.0
7288,1698768060000.0,0.0,0.0,607.0,0.06790803953871499,0.0,0.0,0.06691,0.9992712802619605,1.0,392.4850777300012,300.0,391.8792677300012,300.0,0.10502355971952705,0.0
7289,1698771660000.0,0.0,0.0,607.0,0.06790803953871499,0.0,0.0,0.06764,0.9992712802619605,1.0,392.4850777300012,300.0,392.3223777300012,300.0,0.10502355971952705,0.0
7290,1698775260000.0,0.0,0.0,607.0,0.06790803953871499,0.0,0.0,0.06767,0.9992712802619605,1.0,392.4850777300012,300.0,392.3405877300012,300.0,0.10502355971952705,0.0
7291,1698778860000.0,0.0,0.0,607.0,0.06790803953871499,0.0,0.0,0.06828,0.9992712802619605,1.0,392.4850777300012,300.0,392.7108577300012,300.0,0.10502355971952705,0.0
7292,1698782460000.0,0.0,0.0,607.0,0.06790803953871499,0.0,0.0,0.06812,0.9992712802619605,1.0,392.4850777300012,300.0,392.6137377300012,300.0,0.10502355971952705,0.0
7293,1698786060000.0,0.0,0.0,607.0,0.06790803953871499,0.0,0.0,0.06832,0.9992712802619605,1.0,392.4850777300012,300.0,392.7351377300012,300.0,0.10502355971952705,0.0
7294,1698789660000.0,0.0,0.0,607.0,0.06790803953871499,0.0,0.0,0.06805,0.9992712802619605,1.0,392.4850777300012,300.0,392.5712477300012,300.0,0.10502355971952705,0.0
7295,1698793260000.0,0.0,0.0,607.0,0.06790803953871499,0.0,0.0,0.06793,0.9992712802619605,1.0,392.4850777300012,300.0,392.4984077300012,300.0,0.10502355971952705,0.0
7296,1698796860000.0,0.0,0.0,607.0,0.06790803953871499,0.0,0.0,0.06819,0.9992712802619605,1.0,392.4850777300012,300.0,392.6562277300012,300.0,0.10502355971952705,0.0
7297,1698800460000.0,0.0,0.0,607.0,0.06790803953871499,0.0,0.0,0.06792,0.9992712802619605,1.0,392.4850777300012,300.0,392.49233773000117,300.0,0.10502355971952705,0.0
7298,1698804060000.0,0.0,0.0,607.0,0.06790803953871499,0.0,0.0,0.06761,0.9992712802619605,1.0,392.4850777300012,300.0,392.3041677300012,300.0,0.10502355971952705,0.0
7299,1698807660000.0,0.0,0.0,607.0,0.06790803953871499,0.0,0.0,0.06762,0.9992712802619605,1.0,392.4850777300012,300.0,392.3102377300012,300.0,0.10502355971952705,0.0
7300,1698811260000.0,0.0,0.0,607.0,0.06790803953871499,0.0,0.0,0.06741,0.9992712802619605,1.0,392.4850777300012,300.0,392.1827677300012,300.0,0.10502355971952705,0.0
7301,1698814860000.0,0.0,0.0,607.0,0.06790803953871499,0.0,0.0,0.06727,0.9992712802619605,1.0,392.4850777300012,300.0,392.0977877300012,300.0,0.10502355971952705,0.0
7302,1698818460000.0,0.0,0.0,607.0,0.06790803953871499,0.0,0.0,0.06662,0.9992712802619605,1.0,392.4850777300012,300.0,391.7032377300012,300.0,0.10502355971952705,0.0
7303,1698822060000.0,0.0,0.0,607.0,0.06790803953871499,0.0,0.0,0.06704,0.9992712802619605,1.0,392.4850777300012,300.0,391.9581777300012,300.0,0.10502355971952705,0.0
7304,1698825660000.0,0.0,0.0,607.0,0.06790803953871499,0.0,0.0,0.06681,0.9992712802619605,1.0,392.4850777300012,300.0,391.8185677300012,300.0,0.10502355971952705,0.0
7305,1698829260000.0,0.0,0.0,607.0,0.06790803953871499,0.0,0.0,0.06666,0.9992712802619605,1.0,392.4850777300012,300.0,391.7275177300012,300.0,0.10502355971952705,0.0
7306,1698832860000.0,0.0,0.0,607.0,0.06790803953871499,0.0,0.0,0.06698,0.9992712802619605,1.0,392.4850777300012,300.0,391.9217577300012,300.0,0.10502355971952705,0.0
7307,1698836460000.0,0.0,0.0,607.0,0.06790803953871499,0.0,0.0,0.0664,0.9992712802619605,1.0,392.4850777300012,300.0,391.56969773000117,300.0,0.10502355971952705,0.0
7308,1698840060000.0,0.0,0.0,607.0,0.06790803953871499,0.0,0.0,0.06667,0.9992712802619605,1.0,392.4850777300012,300.0,391.7335877300012,300.0,0.10502355971952705,0.0
7309,1698843660000.0,0.0,0.0,607.0,0.06790803953871499,0.0,0.0,0.0673,0.9992712802619605,1.0,392.4850777300012,300.0,392.1159977300012,300.0,0.10502355971952705,0.0
7310,1698847260000.0,0.0,0.0,607.0,0.06790803953871499,0.0,0.0,0.06706,0.9992712802619605,1.0,392.4850777300012,300.0,391.97031773000117,300.0,0.10502355971952705,0.0
7311,1698850860000.0,0.0,0.0,607.0,0.06790803953871499,0.0,0.0,0.0663,0.9992712802619605,1.0,392.4850777300012,300.0,391.50899773000117,300.0,0.10502355971952705,0.0
7312,1698854460000.0,0.0,0.0,607.0,0.06790803953871499,0.0,0.0,0.06604,0.9992712802619605,1.0,392.4850777300012,300.0,391.3511777300012,300.0,0.10502355971952705,0.0
7313,1698858060000.0,0.0,0.0,607.0,0.06790803953871499,0.0,0.0,0.06645,0.9992712802619605,1.0,392.4850777300012,300.0,391.60004773000117,300.0,0.10502355971952705,0.0
7314,1698861660000.0,0.0,0.0,607.0,0.06790803953871499,0.0,0.0,0.06663,0.9992712802619605,1.0,392.4850777300012,300.0,391.70930773000117,300.0,0.10502355971952705,0.0
7315,1698865260000.0,0.0,0.0,607.0,0.06790803953871499,0.0,0.0,0.068,0.9992712802619605,1.0,392.4850777300012,300.0,392.5408977300012,300.0,0.10502355971952705,0.0
7316,1698868860000.0,0.0,0.0,0.0,0.06790803953871499,0.0,0.0,0.06877,0.9992712802619605,1.0,392.9968639900012,300.0,392.9968639900012,300.0,0.0,0.0
7317,1698872460000.0,0.0,0.0,0.0,0.06790803953871499,0.0,0.0,0.06922,0.9992712802619605,1.0,392.9968639900012,300.0,392.9968639900012,300.0,0.0,0.0
7318,1698876060000.0,0.0,0.0,0.0,0.06790803953871499,0.0,0.0,0.06943,0.9992712802619605,1.0,392.9968639900012,300.0,392.9968639900012,300.0,0.0,0.0
7319,1698879660000.0,0.0,0.0,0.0,0.06790803953871499,0.0,0.0,0.06847,0.9992712802619605,1.0,392.9968639900012,300.0,392.9968639900012,300.0,0.0,0.0
7320,1698883260000.0,0.0,0.0,0.0,0.06790803953871499,0.0,0.0,0.06894,0.9992712802619605,1.0,392.9968639900012,300.0,392.9968639900012,300.0,0.0,0.0
7321,1698886860000.0,0.0,0.0,0.0,0.06790803953871499,0.0,0.0,0.06921,0.9992712802619605,1.0,392.9968639900012,300.0,392.9968639900012,300.0,0.0,0.0
7322,1698890460000.0,0.0,0.0,0.0,0.06790803953871499,0.0,0.0,0.06936,0.9992712802619605,1.0,392.9968639900012,300.0,392.9968639900012,300.0,0.0,0.0
7323,1698894060000.0,0.0,0.0,0.0,0.06790803953871499,0.0,0.0,0.0696,0.9992712802619605,1.0,392.9968639900012,300.0,392.9968639900012,300.0,0.0,0.0
7324,1698897660000.0,0.0,0.0,0.0,0.06790803953871499,0.0,0.0,0.06964,0.9992712802619605,1.0,392.9968639900012,300.0,392.9968639900012,300.0,0.0,0.0
7325,1698901260000.0,0.0,0.0,0.0,0.06790803953871499,0.0,0.0,0.069,0.9992712802619605,1.0,392.9968639900012,300.0,392.9968639900012,300.0,0.0,0.0
7326,1698904860000.0,0.0,0.0,0.0,0.06790803953871499,0.0,0.0,0.06871,0.9992712802619605,1.0,392.9968639900012,300.0,392.9968639900012,300.0,0.0,0.0
7327,1698908460000.0,0.0,0.0,0.0,0.06790803953871499,0.0,0.0,0.06907,0.9992712802619605,1.0,392.9968639900012,300.0,392.9968639900012,300.0,0.0,0.0
7328,1698912060000.0,0.0,0.0,0.0,0.06790803953871499,0.0,0.0,0.06968,0.9992712802619605,1.0,392.9968639900012,300.0,392.9968639900012,300.0,0.0,0.0
7329,1698915660000.0,0.0,0.0,0.0,0.06790803953871499,0.0,0.0,0.07019,0.9992712802619605,1.0,392.9968639900012,300.0,392.9968639900012,300.0,0.0,0.0
7330,1698919260000.0,0.0,0.0,0.0,0.06790803953871499,0.0,0.0,0.06981,0.9992712802619605,1.0,392.9968639900012,300.0,392.9968639900012,300.0,0.0,0.0
7331,1698922860000.0,0.0,0.0,0.0,0.06790803953871499,0.0,0.0,0.06963,0.9992712802619605,1.0,392.9968639900012,300.0,392.9968639900012,300.0,0.0,0.0
7332,1698926460000.0,0.0,0.0,0.0,0.06790803953871499,0.0,0.0,0.06937,0.9992712802619605,1.0,392.9968639900012,300.0,392.9968639900012,300.0,0.0,0.0
7333,1698930060000.0,0.0,0.0,0.0,0.06790803953871499,0.0,0.0,0.06944,0.9992712802619605,1.0,392.9968639900012,300.0,392.9968639900012,300.0,0.0,0.0
7334,1698933660000.0,0.0,0.0,286.0,0.0687,0.0,0.0,0.06878,0.9992712802619605,1.0,392.9772157900012,300.0,393.0000957900012,300.0,0.04999831850429615,0.0
7335,1698937260000.0,0.0,0.0,286.0,0.0687,0.0,0.0,0.06824,0.9992712802619605,1.0,392.9772157900012,300.0,392.8456557900012,300.0,0.04999831850429615,0.0
7336,1698940860000.0,0.0,0.0,286.0,0.0687,0.0,0.0,0.06751,0.9992712802619605,1.0,392.9772157900012,300.0,392.63687579000117,300.0,0.04999831850429615,0.0
7337,1698944460000.0,0.0,0.0,286.0,0.0687,0.0,0.0,0.06762,0.9992712802619605,1.0,392.9772157900012,300.0,392.6683357900012,300.0,0.04999831850429615,0.0
7338,1698948060000.0,0.0,0.0,286.0,0.0687,0.0,0.0,0.06812,0.9992712802619605,1.0,392.9772157900012,300.0,392.8113357900012,300.0,0.04999831850429615,0.0
7339,1698951660000.0,0.0,0.0,286.0,0.0687,0.0,0.0,0.06799,0.9992712802619605,1.0,392.9772157900012,300.0,392.7741557900012,300.0,0.04999831850429615,0.0
7340,1698955260000.0,0.0,0.0,286.0,0.0687,0.0,0.0,0.06834,0.9992712802619605,1.0,392.9772157900012,300.0,392.8742557900012,300.0,0.04999831850429615,0.0
7341,1698958860000.0,0.0,0.0,286.0,0.0687,0.0,0.0,0.0679,0.9992712802619605,1.0,392.9772157900012,300.0,392.7484157900012,300.0,0.04999831850429615,0.0
7342,1698962460000.0,0.0,0.0,286.0,0.0687,0.0,0.0,0.06793,0.9992712802619605,1.0,392.9772157900012,300.0,392.7569957900012,300.0,0.04999831850429615,0.0
7343,1698966060000.0,0.0,0.0,286.0,0.0687,0.0,0.0,0.06767,0.9992712802619605,1.0,392.9772157900012,300.0,392.6826357900012,300.0,0.04999831850429615,0.0
7344,1698969660000.0,0.0,0.0,286.0,0.0687,0.0,0.0,0.06782,0.9992712802619605,1.0,392.9772157900012,300.0,392.7255357900012,300.0,0.04999831850429615,0.0
7345,1698973260000.0,0.0,0.0,286.0,0.0687,0.0,0.0,0.06694,0.9992712802619605,1.0,392.9772157900012,300.0,392.4738557900012,300.0,0.04999831850429615,0.0
7346,1698976860000.0,0.0,0.0,611.0,0.06751382978723405,0.0,0.0,0.0669,0.9992712802619605,1.0,392.9556130400012,300.0,392.5805630400012,300.0,0.10497610577661054,0.0
7347,1698980460000.0,0.0,0.0,611.0,0.06751382978723405,0.0,0.0,0.06726,0.9992712802619605,1.0,392.9556130400012,300.0,392.80052304000117,300.0,0.10497610577661054,0.0
7348,1698984060000.0,0.0,0.0,611.0,0.06751382978723405,0.0,0.0,0.06737,0.9992712802619605,1.0,392.9556130400012,300.0,392.8677330400012,300.0,0.10497610577661054,0.0
7349,1698987660000.0,0.0,0.0,611.0,0.06751382978723405,0.0,0.0,0.06715,0.9992712802619605,1.0,392.9556130400012,300.0,392.7333130400012,300.0,0.10497610577661054,0.0
7350,1698991260000.0,0.0,0.0,611.0,0.06751382978723405,0.0,0.0,0.06757,0.9992712802619605,1.0,392.9556130400012,300.0,392.9899330400012,300.0,0.10497610577661054,0.0
7351,1698994860000.0,0.0,0.0,611.0,0.06751382978723405,0.0,0.0,0.06729,0.9992712802619605,1.0,392.9556130400012,300.0,392.8188530400012,300.0,0.10497610577661054,0.0
7352,1698998460000.0,0.0,0.0,611.0,0.06751382978723405,0.0,0.0,0.06741,0.9992712802619605,1.0,392.9556130400012,300.0,392.8921730400012,300.0,0.10497610577661054,0.0
7353,1699002060000.0,0.0,0.0,611.0,0.06751382978723405,0.0,0.0,0.0674,0.9992712802619605,1.0,392.9556130400012,300.0,392.8860630400012,300.0,0.10497610577661054,0.0
7354,1699005660000.0,0.0,0.0,611.0,0.06751382978723405,0.0,0.0,0.06684,0.9992712802619605,1.0,392.9556130400012,300.0,392.54390304000117,300.0,0.10497610577661054,0.0
7355,1699009260000.0,0.0,0.0,611.0,0.06751382978723405,0.0,0.0,0.06699,0.9992712802619605,1.0,392.9556130400012,300.0,392.6355530400012,300.0,0.10497610577661054,0.0
7356,1699012860000.0,0.0,0.0,611.0,0.06751382978723405,0.0,0.0,0.06705,0.9992712802619605,1.0,392.9556130400012,300.0,392.67221304000117,300.0,0.10497610577661054,0.0
7357,1699016460000.0,0.0,0.0,611.0,0.06751382978723405,0.0,0.0,0.06741,0.9992712802619605,1.0,392.9556130400012,300.0,392.8921730400012,300.0,0.10497610577661054,0.0
7358,1699020060000.0,0.0,0.0,611.0,0.06751382978723405,0.0,0.0,0.06762,0.9992712802619605,1.0,392.9556130400012,300.0,393.0204830400012,300.0,0.10497610577661054,0.0
7359,1699023660000.0,0.0,0.0,611.0,0.06751382978723405,0.0,0.0,0.06752,0.9992712802619605,1.0,392.9556130400012,300.0,392.95938304000117,300.0,0.10497610577661054,0.0
7360,1699027260000.0,0.0,0.0,611.0,0.06751382978723405,0.0,0.0,0.0678,0.9992712802619605,1.0,392.9556130400012,300.0,393.1304630400012,300.0,0.10497610577661054,0.0
7361,1699030860000.0,0.0,0.0,611.0,0.06751382978723405,0.0,0.0,0.06769,0.9992712802619605,1.0,392.9556130400012,300.0,393.0632530400012,300.0,0.10497610577661054,0.0
7362,1699034460000.0,0.0,0.0,611.0,0.06751382978723405,0.0,0.0,0.06736,0.9992712802619605,1.0,392.9556130400012,300.0,392.8616230400012,300.0,0.10497610577661054,0.0
7363,1699038060000.0,0.0,0.0,611.0,0.06751382978723405,0.0,0.0,0.06765,0.9992712802619605,1.0,392.9556130400012,300.0,393.0388130400012,300.0,0.10497610577661054,0.0
7364,1699041660000.0,0.0,0.0,611.0,0.06751382978723405,0.0,0.0,0.06757,0.9992712802619605,1.0,392.9556130400012,300.0,392.9899330400012,300.0,0.10497610577661054,0.0
7365,1699045260000.0,0.0,0.0,611.0,0.06751382978723405,0.0,0.0,0.0679,0.9992712802619605,1.0,392.9556130400012,300.0,393.1915630400012,300.0,0.10497610577661054,0.0
7366,1699048860000.0,0.0,0.0,611.0,0.06751382978723405,0.0,0.0,0.06793,0.9992712802619605,1.0,392.9556130400012,300.0,393.2098930400012,300.0,0.10497610577661054,0.0
7367,1699052460000.0,0.0,0.0,611.0,0.06751382978723405,0.0,0.0,0.0682,0.9992712802619605,1.0,392.9556130400012,300.0,393.3748630400012,300.0,0.10497610577661054,0.0
7368,1699056060000.0,0.0,0.0,611.0,0.06751382978723405,0.0,0.0,0.068,0.9992712802619605,1.0,392.9556130400012,300.0,393.2526630400012,300.0,0.10497610577661054,0.0
7369,1699059660000.0,0.0,0.0,611.0,0.06751382978723405,0.0,0.0,0.06815,0.9992712802619605,1.0,392.9556130400012,300.0,393.34431304000117,300.0,0.10497610577661054,0.0
7370,1699063260000.0,0.0,0.0,0.0,0.06751382978723405,0.0,0.0,0.06874,0.9992712802619605,1.0,393.4674784200012,300.0,393.4674784200012,300.0,0.0,0.0
7371,1699066860000.0,0.0,0.0,0.0,0.06751382978723405,0.0,0.0,0.06841,0.9992712802619605,1.0,393.4674784200012,300.0,393.4674784200012,300.0,0.0,0.0
7372,1699070460000.0,0.0,0.0,0.0,0.06751382978723405,0.0,0.0,0.06865,0.9992712802619605,1.0,393.4674784200012,300.0,393.4674784200012,300.0,0.0,0.0
7373,1699074060000.0,0.0,0.0,0.0,0.06751382978723405,0.0,0.0,0.06847,0.9992712802619605,1.0,393.4674784200012,300.0,393.4674784200012,300.0,0.0,0.0
7374,1699077660000.0,0.0,0.0,0.0,0.06751382978723405,0.0,0.0,0.06873,0.9992712802619605,1.0,393.4674784200012,300.0,393.4674784200012,300.0,0.0,0.0
7375,1699081260000.0,0.0,0.0,0.0,0.06751382978723405,0.0,0.0,0.06889,0.9992712802619605,1.0,393.4674784200012,300.0,393.4674784200012,300.0,0.0,0.0
7376,1699084860000.0,0.0,0.0,0.0,0.06751382978723405,0.0,0.0,0.06862,0.9992712802619605,1.0,393.4674784200012,300.0,393.4674784200012,300.0,0.0,0.0
7377,1699088460000.0,0.0,0.0,0.0,0.06751382978723405,0.0,0.0,0.06884,0.9992712802619605,1.0,393.4674784200012,300.0,393.4674784200012,300.0,0.0,0.0
7378,1699092060000.0,0.0,0.0,0.0,0.06751382978723405,0.0,0.0,0.06862,0.9992712802619605,1.0,393.4674784200012,300.0,393.4674784200012,300.0,0.0,0.0
7379,1699095660000.0,0.0,0.0,0.0,0.06751382978723405,0.0,0.0,0.06883,0.9992712802619605,1.0,393.4674784200012,300.0,393.4674784200012,300.0,0.0,0.0
7380,1699099260000.0,0.0,0.0,0.0,0.06751382978723405,0.0,0.0,0.06861,0.9992712802619605,1.0,393.4674784200012,300.0,393.4674784200012,300.0,0.0,0.0
7381,1699102860000.0,0.0,0.0,0.0,0.06751382978723405,0.0,0.0,0.06871,0.9992712802619605,1.0,393.4674784200012,300.0,393.4674784200012,300.0,0.0,0.0
7382,1699106460000.0,0.0,0.0,0.0,0.06751382978723405,0.0,0.0,0.06844,0.9992712802619605,1.0,393.4674784200012,300.0,393.4674784200012,300.0,0.0,0.0
7383,1699110060000.0,0.0,0.0,289.0,0.06815,0.0,0.0,0.06835,0.9992712802619605,1.0,393.4477830700012,300.0,393.5055830700012,300.0,0.05005835805280381,0.0
7384,1699113660000.0,0.0,0.0,289.0,0.06815,0.0,0.0,0.06821,0.9992712802619605,1.0,393.4477830700012,300.0,393.4651230700012,300.0,0.05005835805280381,0.0
7385,1699117260000.0,0.0,0.0,289.0,0.06815,0.0,0.0,0.06832,0.9992712802619605,1.0,393.4477830700012,300.0,393.4969130700012,300.0,0.05005835805280381,0.0
7386,1699120860000.0,0.0,0.0,289.0,0.06815,0.0,0.0,0.06844,0.9992712802619605,1.0,393.4477830700012,300.0,393.5315930700012,300.0,0.05005835805280381,0.0
7387,1699124460000.0,0.0,0.0,289.0,0.06815,0.0,0.0,0.06843,0.9992712802619605,1.0,393.4477830700012,300.0,393.5287030700012,300.0,0.05005835805280381,0.0
7388,1699128060000.0,0.0,0.0,289.0,0.06815,0.0,0.0,0.06822,0.9992712802619605,1.0,393.4477830700012,300.0,393.46801307000123,300.0,0.05005835805280381,0.0
7389,1699131660000.0,0.0,0.0,289.0,0.06815,0.0,0.0,0.0684,0.9992712802619605,1.0,393.4477830700012,300.0,393.5200330700012,300.0,0.05005835805280381,0.0
7390,1699135260000.0,0.0,0.0,289.0,0.06815,0.0,0.0,0.06861,0.9992712802619605,1.0,393.4477830700012,300.0,393.5807230700012,300.0,0.05005835805280381,0.0
7391,1699138860000.0,0.0,0.0,289.0,0.06815,0.0,0.0,0.06899,0.9992712802619605,1.0,393.4477830700012,300.0,393.6905430700012,300.0,0.05005835805280381,0.0
7392,1699142460000.0,0.0,0.0,0.0,0.06815,0.0,0.0,0.06915,0.9992712802619605,1.0,393.6937018400012,300.0,393.6937018400012,300.0,0.0,0.0
7393,1699146060000.0,0.0,0.0,0.0,0.06815,0.0,0.0,0.0694,0.9992712802619605,1.0,393.6937018400012,300.0,393.6937018400012,300.0,0.0,0.0
7394,1699149660000.0,0.0,0.0,0.0,0.06815,0.0,0.0,0.06941,0.9992712802619605,1.0,393.6937018400012,300.0,393.6937018400012,300.0,0.0,0.0
7395,1699153260000.0,0.0,0.0,0.0,0.06815,0.0,0.0,0.06931,0.9992712802619605,1.0,393.6937018400012,300.0,393.6937018400012,300.0,0.0,0.0
7396,1699156860000.0,0.0,0.0,0.0,0.06815,0.0,0.0,0.06991,0.9992712802619605,1.0,393.6937018400012,300.0,393.6937018400012,300.0,0.0,0.0
7397,1699160460000.0,0.0,0.0,0.0,0.06815,0.0,0.0,0.06972,0.9992712802619605,1.0,393.6937018400012,300.0,393.6937018400012,300.0,0.0,0.0
7398,1699164060000.0,0.0,0.0,0.0,0.06815,0.0,0.0,0.06972,0.9992712802619605,1.0,393.6937018400012,300.0,393.6937018400012,300.0,0.0,0.0
7399,1699167660000.0,0.0,0.0,0.0,0.06815,0.0,0.0,0.06933,0.9992712802619605,1.0,393.6937018400012,300.0,393.6937018400012,300.0,0.0,0.0
7400,1699171260000.0,0.0,0.0,0.0,0.06815,0.0,0.0,0.0695,0.9992712802619605,1.0,393.6937018400012,300.0,393.6937018400012,300.0,0.0,0.0
7401,1699174860000.0,0.0,0.0,0.0,0.06815,0.0,0.0,0.06926,0.9992712802619605,1.0,393.6937018400012,300.0,393.6937018400012,300.0,0.0,0.0
7402,1699178460000.0,0.0,0.0,0.0,0.06815,0.0,0.0,0.06959,0.9992712802619605,1.0,393.6937018400012,300.0,393.6937018400012,300.0,0.0,0.0
7403,1699182060000.0,0.0,0.0,0.0,0.06815,0.0,0.0,0.07035,0.9992712802619605,1.0,393.6937018400012,300.0,393.6937018400012,300.0,0.0,0.0
7404,1699185660000.0,0.0,0.0,0.0,0.06815,0.0,0.0,0.07075,0.9992712802619605,1.0,393.6937018400012,300.0,393.6937018400012,300.0,0.0,0.0
7405,1699189260000.0,0.0,0.0,0.0,0.06815,0.0,0.0,0.07169,0.9992712802619605,1.0,393.6937018400012,300.0,393.6937018400012,300.0,0.0,0.0
7406,1699192860000.0,0.0,0.0,284.0,0.06927,0.0,0.0,0.06967,0.9992712802619605,1.0,393.6740291600012,300.0,393.78762916000125,300.0,0.04997200359387796,0.0
7407,1699196460000.0,0.0,0.0,0.0,0.06927,0.0,0.0,0.06999,0.9992712802619605,1.0,393.91821236000123,300.0,393.91821236000123,300.0,0.0,0.0
7408,1699200060000.0,0.0,0.0,0.0,0.06927,0.0,0.0,0.06997,0.9992712802619605,1.0,393.91821236000123,300.0,393.91821236000123,300.0,0.0,0.0
7409,1699203660000.0,0.0,0.0,0.0,0.06927,0.0,0.0,0.07059,0.9992712802619605,1.0,393.91821236000123,300.0,393.91821236000123,300.0,0.0,0.0
7410,1699207260000.0,0.0,0.0,0.0,0.06927,0.0,0.0,0.0708,0.9992712802619605,1.0,393.91821236000123,300.0,393.91821236000123,300.0,0.0,0.0
7411,1699210860000.0,0.0,0.0,0.0,0.06927,0.0,0.0,0.07091,0.9992712802619605,1.0,393.91821236000123,300.0,393.91821236000123,300.0,0.0,0.0
7412,1699214460000.0,0.0,0.0,0.0,0.06927,0.0,0.0,0.07079,0.9992712802619605,1.0,393.91821236000123,300.0,393.91821236000123,300.0,0.0,0.0
7413,1699218060000.0,0.0,0.0,0.0,0.06927,0.0,0.0,0.07131,0.9992712802619605,1.0,393.91821236000123,300.0,393.91821236000123,300.0,0.0,0.0
7414,1699221660000.0,0.0,0.0,282.0,0.06985,0.0,0.0,0.0703,0.9992712802619605,1.0,393.89851466000124,300.0,394.0254146600012,300.0,0.050007043100942714,0.0
7415,1699225260000.0,0.0,0.0,0.0,0.06985,0.0,0.0,0.07131,0.9992712802619605,1.0,394.14363188000124,300.0,394.14363188000124,300.0,0.0,0.0
7416,1699228860000.0,0.0,0.0,0.0,0.06985,0.0,0.0,0.07116,0.9992712802619605,1.0,394.14363188000124,300.0,394.14363188000124,300.0,0.0,0.0
7417,1699232460000.0,0.0,0.0,0.0,0.06985,0.0,0.0,0.07213,0.9992712802619605,1.0,394.14363188000124,300.0,394.14363188000124,300.0,0.0,0.0
7418,1699236060000.0,0.0,0.0,0.0,0.06985,0.0,0.0,0.07193,0.9992712802619605,1.0,394.14363188000124,300.0,394.14363188000124,300.0,0.0,0.0
7419,1699239660000.0,0.0,0.0,0.0,0.06985,0.0,0.0,0.07184,0.9992712802619605,1.0,394.14363188000124,300.0,394.14363188000124,300.0,0.0,0.0
7420,1699243260000.0,0.0,0.0,0.0,0.06985,0.0,0.0,0.0717,0.9992712802619605,1.0,394.14363188000124,300.0,394.14363188000124,300.0,0.0,0.0
7421,1699246860000.0,0.0,0.0,0.0,0.06985,0.0,0.0,0.07095,0.9992712802619605,1.0,394.14363188000124,300.0,394.14363188000124,300.0,0.0,0.0
7422,1699250460000.0,0.0,0.0,280.0,0.0705,0.0,0.0,0.07077,0.9992712802619605,1.0,394.1238918800012,300.0,394.19949188000123,300.0,0.050085773551658296,0.0
7423,1699254060000.0,0.0,0.0,280.0,0.0705,0.0,0.0,0.07104,0.9992712802619605,1.0,394.1238918800012,300.0,394.27509188000124,300.0,0.050085773551658296,0.0
7424,1699257660000.0,0.0,0.0,280.0,0.0705,0.0,0.0,0.07136,0.9992712802619605,1.0,394.1238918800012,300.0,394.3646918800012,300.0,0.050085773551658296,0.0
7425,1699261260000.0,0.0,0.0,0.0,0.0705,0.0,0.0,0.07146,0.9992712802619605,1.0,394.3698858800012,300.0,394.3698858800012,300.0,0.0,0.0
7426,1699264860000.0,0.0,0.0,0.0,0.0705,0.0,0.0,0.07171,0.9992712802619605,1.0,394.3698858800012,300.0,394.3698858800012,300.0,0.0,0.0
7427,1699268460000.0,0.0,0.0,0.0,0.0705,0.0,0.0,0.07215,0.9992712802619605,1.0,394.3698858800012,300.0,394.3698858800012,300.0,0.0,0.0
7428,1699272060000.0,0.0,0.0,0.0,0.0705,0.0,0.0,0.07258,0.9992712802619605,1.0,394.3698858800012,300.0,394.3698858800012,300.0,0.0,0.0
7429,1699275660000.0,0.0,0.0,0.0,0.0705,0.0,0.0,0.07312,0.9992712802619605,1.0,394.3698858800012,300.0,394.3698858800012,300.0,0.0,0.0
7430,1699279260000.0,0.0,0.0,0.0,0.0705,0.0,0.0,0.07274,0.9992712802619605,1.0,394.3698858800012,300.0,394.3698858800012,300.0,0.0,0.0
7431,1699282860000.0,0.0,0.0,0.0,0.0705,0.0,0.0,0.07385,0.9992712802619605,1.0,394.3698858800012,300.0,394.3698858800012,300.0,0.0,0.0
7432,1699286460000.0,0.0,0.0,0.0,0.0705,0.0,0.0,0.07369,0.9992712802619605,1.0,394.3698858800012,300.0,394.3698858800012,300.0,0.0,0.0
7433,1699290060000.0,0.0,0.0,0.0,0.0705,0.0,0.0,0.07428,0.9992712802619605,1.0,394.3698858800012,300.0,394.3698858800012,300.0,0.0,0.0
7434,1699293660000.0,0.0,0.0,0.0,0.0705,0.0,0.0,0.07491,0.9992712802619605,1.0,394.3698858800012,300.0,394.3698858800012,300.0,0.0,0.0
7435,1699297260000.0,0.0,0.0,0.0,0.0705,0.0,0.0,0.07512,0.9992712802619605,1.0,394.3698858800012,300.0,394.3698858800012,300.0,0.0,0.0
7436,1699300860000.0,0.0,0.0,0.0,0.0705,0.0,0.0,0.07603,0.9992712802619605,1.0,394.3698858800012,300.0,394.3698858800012,300.0,0.0,0.0
7437,1699304460000.0,0.0,0.0,0.0,0.0705,0.0,0.0,0.07524,0.9992712802619605,1.0,394.3698858800012,300.0,394.3698858800012,300.0,0.0,0.0
7438,1699308060000.0,0.0,0.0,0.0,0.0705,0.0,0.0,0.0749,0.9992712802619605,1.0,394.3698858800012,300.0,394.3698858800012,300.0,0.0,0.0
7439,1699311660000.0,0.0,0.0,0.0,0.0705,0.0,0.0,0.07591,0.9992712802619605,1.0,394.3698858800012,300.0,394.3698858800012,300.0,0.0,0.0
7440,1699315260000.0,0.0,0.0,0.0,0.0705,0.0,0.0,0.07622,0.9992712802619605,1.0,394.3698858800012,300.0,394.3698858800012,300.0,0.0,0.0
7441,1699318860000.0,0.0,0.0,0.0,0.0705,0.0,0.0,0.07473,0.9992712802619605,1.0,394.3698858800012,300.0,394.3698858800012,300.0,0.0,0.0
7442,1699322460000.0,0.0,0.0,0.0,0.0705,0.0,0.0,0.07547,0.9992712802619605,1.0,394.3698858800012,300.0,394.3698858800012,300.0,0.0,0.0
7443,1699326060000.0,0.0,0.0,268.0,0.07354,0.0,0.0,0.07387,0.9992712802619605,1.0,394.35017716000124,300.0,394.43861716000123,300.0,0.049977713061869634,0.0
7444,1699329660000.0,0.0,0.0,0.0,0.07354,0.0,0.0,0.07463,0.9992712802619605,1.0,394.5955231200012,300.0,394.5955231200012,300.0,0.0,0.0
7445,1699333260000.0,0.0,0.0,0.0,0.07354,0.0,0.0,0.07422,0.9992712802619605,1.0,394.5955231200012,300.0,394.5955231200012,300.0,0.0,0.0
7446,1699336860000.0,0.0,0.0,0.0,0.07354,0.0,0.0,0.07464,0.9992712802619605,1.0,394.5955231200012,300.0,394.5955231200012,300.0,0.0,0.0
7447,1699340460000.0,0.0,0.0,0.0,0.07354,0.0,0.0,0.0754,0.9992712802619605,1.0,394.5955231200012,300.0,394.5955231200012,300.0,0.0,0.0
7448,1699344060000.0,0.0,0.0,0.0,0.07354,0.0,0.0,0.07552,0.9992712802619605,1.0,394.5955231200012,300.0,394.5955231200012,300.0,0.0,0.0
7449,1699347660000.0,0.0,0.0,0.0,0.07354,0.0,0.0,0.07502,0.9992712802619605,1.0,394.5955231200012,300.0,394.5955231200012,300.0,0.0,0.0
7450,1699351260000.0,0.0,0.0,267.0,0.074,0.0,0.0,0.07357,0.9992712802619605,1.0,394.57576512000117,300.0,394.4609551200012,300.0,0.05007403329495175,0.0
7451,1699354860000.0,0.0,0.0,267.0,0.074,0.0,0.0,0.07307,0.9992712802619605,1.0,394.57576512000117,300.0,394.32745512000116,300.0,0.05007403329495175,0.0
7452,1699358460000.0,0.0,0.0,267.0,0.074,0.0,0.0,0.07366,0.9992712802619605,1.0,394.57576512000117,300.0,394.48498512000117,300.0,0.05007403329495175,0.0
7453,1699362060000.0,0.0,0.0,267.0,0.074,0.0,0.0,0.07367,0.9992712802619605,1.0,394.57576512000117,300.0,394.4876551200012,300.0,0.05007403329495175,0.0
7454,1699365660000.0,0.0,0.0,267.0,0.074,0.0,0.0,0.07332,0.9992712802619605,1.0,394.57576512000117,300.0,394.3942051200012,300.0,0.05007403329495175,0.0
7455,1699369260000.0,0.0,0.0,267.0,0.074,0.0,0.0,0.07363,0.9992712802619605,1.0,394.57576512000117,300.0,394.47697512000116,300.0,0.05007403329495175,0.0
7456,1699372860000.0,0.0,0.0,571.0,0.07272224168126094,0.0,0.0,0.0721,0.9992712802619605,1.0,394.5539987200012,300.0,394.1986987200012,300.0,0.10524389598055542,0.0
7457,1699376460000.0,0.0,0.0,571.0,0.07272224168126094,0.0,0.0,0.07204,0.9992712802619605,1.0,394.5539987200012,300.0,394.16443872000116,300.0,0.10524389598055542,0.0
7458,1699380060000.0,0.0,0.0,571.0,0.07272224168126094,0.0,0.0,0.07301,0.9992712802619605,1.0,394.5539987200012,300.0,394.7183087200012,300.0,0.10524389598055542,0.0
7459,1699383660000.0,0.0,0.0,270.0,0.07317,0.0,0.0,0.07361,0.9992712802619605,1.0,395.05046012000116,300.0,395.1692601200012,300.0,0.050008548259882844,0.0
7460,1699387260000.0,0.0,0.0,270.0,0.07317,0.0,0.0,0.07386,0.9992712802619605,1.0,395.05046012000116,300.0,395.2367601200012,300.0,0.050008548259882844,0.0
7461,1699390860000.0,0.0,0.0,0.0,0.07317,0.0,0.0,0.07418,0.9992712802619605,1.0,395.29503962000115,300.0,395.29503962000115,300.0,0.0,0.0
7462,1699394460000.0,0.0,0.0,0.0,0.07317,0.0,0.0,0.07379,0.9992712802619605,1.0,395.29503962000115,300.0,395.29503962000115,300.0,0.0,0.0
7463,1699398060000.0,0.0,0.0,269.0,0.07339,0.0,0.0,0.07328,0.9992712802619605,1.0,395.27529771000115,300.0,395.24570771000117,300.0,0.049944709710860576,0.0
7464,1699401660000.0,0.0,0.0,269.0,0.07339,0.0,0.0,0.07323,0.9992712802619605,1.0,395.27529771000115,300.0,395.23225771000114,300.0,0.049944709710860576,0.0
7465,1699405260000.0,0.0,0.0,269.0,0.07339,0.0,0.0,0.07333,0.9992712802619605,1.0,395.27529771000115,300.0,395.25915771000115,300.0,0.049944709710860576,0.0
7466,1699408860000.0,0.0,0.0,269.0,0.07339,0.0,0.0,0.07381,0.9992712802619605,1.0,395.27529771000115,300.0,395.38827771000115,300.0,0.049944709710860576,0.0
7467,1699412460000.0,0.0,0.0,269.0,0.07339,0.0,0.0,0.07394,0.9992712802619605,1.0,395.27529771000115,300.0,395.42324771000114,300.0,0.049944709710860576,0.0
7468,1699416060000.0,0.0,0.0,269.0,0.07339,0.0,0.0,0.07372,0.9992712802619605,1.0,395.27529771000115,300.0,395.36406771000117,300.0,0.049944709710860576,0.0
7469,1699419660000.0,0.0,0.0,269.0,0.07339,0.0,0.0,0.07398,0.9992712802619605,1.0,395.27529771000115,300.0,395.43400771000114,300.0,0.049944709710860576,0.0
7470,1699423260000.0,0.0,0.0,269.0,0.07339,0.0,0.0,0.07339,0.9992712802619605,1.0,395.27529771000115,300.0,395.27529771000115,300.0,0.049944709710860576,0.0
7471,1699426860000.0,0.0,0.0,269.0,0.07339,0.0,0.0,0.07373,0.9992712802619605,1.0,395.27529771000115,300.0,395.36675771000114,300.0,0.049944709710860576,0.0
7472,1699430460000.0,0.0,0.0,269.0,0.07339,0.0,0.0,0.07379,0.9992712802619605,1.0,395.27529771000115,300.0,395.38289771000115,300.0,0.049944709710860576,0.0
7473,1699434060000.0,0.0,0.0,269.0,0.07339,0.0,0.0,0.07418,0.9992712802619605,1.0,395.27529771000115,300.0,395.48780771000116,300.0,0.049944709710860576,0.0
7474,1699437660000.0,0.0,0.0,0.0,0.07339,0.0,0.0,0.07464,0.9992712802619605,1.0,395.5215994900011,300.0,395.5215994900011,300.0,0.0,0.0
7475,1699441260000.0,0.0,0.0,0.0,0.07339,0.0,0.0,0.07477,0.9992712802619605,1.0,395.5215994900011,300.0,395.5215994900011,300.0,0.0,0.0
7476,1699444860000.0,0.0,0.0,0.0,0.07339,0.0,0.0,0.0745,0.9992712802619605,1.0,395.5215994900011,300.0,395.5215994900011,300.0,0.0,0.0
7477,1699448460000.0,0.0,0.0,0.0,0.07339,0.0,0.0,0.07429,0.9992712802619605,1.0,395.5215994900011,300.0,395.5215994900011,300.0,0.0,0.0
7478,1699452060000.0,0.0,0.0,0.0,0.07339,0.0,0.0,0.07442,0.9992712802619605,1.0,395.5215994900011,300.0,395.5215994900011,300.0,0.0,0.0
7479,1699455660000.0,0.0,0.0,0.0,0.07339,0.0,0.0,0.0742,0.9992712802619605,1.0,395.5215994900011,300.0,395.5215994900011,300.0,0.0,0.0
7480,1699459260000.0,0.0,0.0,268.0,0.07374,0.0,0.0,0.07389,0.9992712802619605,1.0,395.5018371700011,300.0,395.54203717000115,300.0,0.04996770720816003,0.0
7481,1699462860000.0,0.0,0.0,0.0,0.07374,0.0,0.0,0.07466,0.9992712802619605,1.0,395.7471295300011,300.0,395.7471295300011,300.0,0.0,0.0
7482,1699466460000.0,0.0,0.0,0.0,0.07374,0.0,0.0,0.07531,0.9992712802619605,1.0,395.7471295300011,300.0,395.7471295300011,300.0,0.0,0.0
7483,1699470060000.0,0.0,0.0,0.0,0.07374,0.0,0.0,0.07578,0.9992712802619605,1.0,395.7471295300011,300.0,395.7471295300011,300.0,0.0,0.0
7484,1699473660000.0,0.0,0.0,0.0,0.07374,0.0,0.0,0.07545,0.9992712802619605,1.0,395.7471295300011,300.0,395.7471295300011,300.0,0.0,0.0
7485,1699477260000.0,0.0,0.0,0.0,0.07374,0.0,0.0,0.07531,0.9992712802619605,1.0,395.7471295300011,300.0,395.7471295300011,300.0,0.0,0.0
7486,1699480860000.0,0.0,0.0,0.0,0.07374,0.0,0.0,0.07523,0.9992712802619605,1.0,395.7471295300011,300.0,395.7471295300011,300.0,0.0,0.0
7487,1699484460000.0,0.0,0.0,0.0,0.07374,0.0,0.0,0.0757,0.9992712802619605,1.0,395.7471295300011,300.0,395.7471295300011,300.0,0.0,0.0
7488,1699488060000.0,0.0,0.0,0.0,0.07374,0.0,0.0,0.07538,0.9992712802619605,1.0,395.7471295300011,300.0,395.7471295300011,300.0,0.0,0.0
7489,1699491660000.0,0.0,0.0,0.0,0.07374,0.0,0.0,0.07597,0.9992712802619605,1.0,395.7471295300011,300.0,395.7471295300011,300.0,0.0,0.0
7490,1699495260000.0,0.0,0.0,0.0,0.07374,0.0,0.0,0.07599,0.9992712802619605,1.0,395.7471295300011,300.0,395.7471295300011,300.0,0.0,0.0
7491,1699498860000.0,0.0,0.0,0.0,0.07374,0.0,0.0,0.0762,0.9992712802619605,1.0,395.7471295300011,300.0,395.7471295300011,300.0,0.0,0.0
7492,1699502460000.0,0.0,0.0,0.0,0.07374,0.0,0.0,0.07631,0.9992712802619605,1.0,395.7471295300011,300.0,395.7471295300011,300.0,0.0,0.0
7493,1699506060000.0,0.0,0.0,0.0,0.07374,0.0,0.0,0.07667,0.9992712802619605,1.0,395.7471295300011,300.0,395.7471295300011,300.0,0.0,0.0
7494,1699509660000.0,0.0,0.0,0.0,0.07374,0.0,0.0,0.0763,0.9992712802619605,1.0,395.7471295300011,300.0,395.7471295300011,300.0,0.0,0.0
7495,1699513260000.0,0.0,0.0,0.0,0.07374,0.0,0.0,0.07663,0.9992712802619605,1.0,395.7471295300011,300.0,395.7471295300011,300.0,0.0,0.0
7496,1699516860000.0,0.0,0.0,0.0,0.07374,0.0,0.0,0.07606,0.9992712802619605,1.0,395.7471295300011,300.0,395.7471295300011,300.0,0.0,0.0
7497,1699520460000.0,0.0,0.0,0.0,0.07374,0.0,0.0,0.07625,0.9992712802619605,1.0,395.7471295300011,300.0,395.7471295300011,300.0,0.0,0.0
7498,1699524060000.0,0.0,0.0,0.0,0.07374,0.0,0.0,0.0763,0.9992712802619605,1.0,395.7471295300011,300.0,395.7471295300011,300.0,0.0,0.0
7499,1699527660000.0,0.0,0.0,0.0,0.07374,0.0,0.0,0.07582,0.9992712802619605,1.0,395.7471295300011,300.0,395.7471295300011,300.0,0.0,0.0
7500,1699531260000.0,0.0,0.0,263.0,0.07533,0.0,0.0,0.07575,0.9992712802619605,1.0,395.72731774000107,300.0,395.83777774000106,300.0,0.05006424654518455,0.0
7501,1699534860000.0,0.0,0.0,263.0,0.07533,0.0,0.0,0.07578,0.9992712802619605,1.0,395.72731774000107,300.0,395.8456677400011,300.0,0.05006424654518455,0.0
7502,1699538460000.0,0.0,0.0,0.0,0.07533,0.0,0.0,0.07633,0.9992712802619605,1.0,395.97287032000105,300.0,395.97287032000105,300.0,0.0,0.0
7503,1699542060000.0,0.0,0.0,0.0,0.07533,0.0,0.0,0.0775,0.9992712802619605,1.0,395.97287032000105,300.0,395.97287032000105,300.0,0.0,0.0
7504,1699545660000.0,0.0,0.0,0.0,0.07554,0.0,0.0,0.07596,0.9992712802619605,1.0,396.2002601200011,300.0,396.2002601200011,300.0,0.0,0.0
7505,1699549260000.0,0.0,0.0,279.0,0.07134,0.0,0.0,0.07171,0.9992712802619605,1.0,398.51251927000106,300.0,398.61574927000106,300.0,0.049945381983130865,0.0
7506,1699552860000.0,0.0,0.0,279.0,0.07134,0.0,0.0,0.07172,0.9992712802619605,1.0,398.51251927000106,300.0,398.61853927000107,300.0,0.049945381983130865,0.0
7507,1699556460000.0,0.0,0.0,279.0,0.07134,0.0,0.0,0.07086,0.9992712802619605,1.0,398.51251927000106,300.0,398.3785992700011,300.0,0.049945381983130865,0.0
7508,1699560060000.0,0.0,0.0,279.0,0.07134,0.0,0.0,0.07117,0.9992712802619605,1.0,398.51251927000106,300.0,398.46508927000104,300.0,0.049945381983130865,0.0
7509,1699563660000.0,0.0,0.0,279.0,0.07134,0.0,0.0,0.07125,0.9992712802619605,1.0,398.51251927000106,300.0,398.4874092700011,300.0,0.049945381983130865,0.0
7510,1699567260000.0,0.0,0.0,279.0,0.07134,0.0,0.0,0.07191,0.9992712802619605,1.0,398.51251927000106,300.0,398.67154927000104,300.0,0.049945381983130865,0.0
7511,1699570860000.0,0.0,0.0,276.0,0.07231,0.0,0.0,0.07254,0.9992712802619605,1.0,398.740230010001,300.0,398.803710010001,300.0,0.05005153354979866,0.0
7512,1699574460000.0,0.0,0.0,0.0,0.07231,0.0,0.0,0.07321,0.9992712802619605,1.0,398.98772473000105,300.0,398.98772473000105,300.0,0.0,0.0
7513,1699578060000.0,0.0,0.0,0.0,0.07231,0.0,0.0,0.07329,0.9992712802619605,1.0,398.98772473000105,300.0,398.98772473000105,300.0,0.0,0.0
7514,1699581660000.0,0.0,0.0,0.0,0.07231,0.0,0.0,0.07376,0.9992712802619605,1.0,398.98772473000105,300.0,398.98772473000105,300.0,0.0,0.0
7515,1699585260000.0,0.0,0.0,0.0,0.07231,0.0,0.0,0.07412,0.9992712802619605,1.0,398.98772473000105,300.0,398.98772473000105,300.0,0.0,0.0
7516,1699588860000.0,0.0,0.0,0.0,0.07231,0.0,0.0,0.07375,0.9992712802619605,1.0,398.98772473000105,300.0,398.98772473000105,300.0,0.0,0.0
7517,1699592460000.0,0.0,0.0,0.0,0.07231,0.0,0.0,0.07394,0.9992712802619605,1.0,398.98772473000105,300.0,398.98772473000105,300.0,0.0,0.0
7518,1699596060000.0,0.0,0.0,0.0,0.07231,0.0,0.0,0.07452,0.9992712802619605,1.0,398.98772473000105,300.0,398.98772473000105,300.0,0.0,0.0
7519,1699599660000.0,0.0,0.0,0.0,0.07231,0.0,0.0,0.07464,0.9992712802619605,1.0,398.98772473000105,300.0,398.98772473000105,300.0,0.0,0.0
7520,1699603260000.0,0.0,0.0,0.0,0.07231,0.0,0.0,0.07448,0.9992712802619605,1.0,398.98772473000105,300.0,398.98772473000105,300.0,0.0,0.0
7521,1699606860000.0,0.0,0.0,271.0,0.07361,0.0,0.0,0.07403,0.9992712802619605,1.0,398.96777642000103,300.0,399.081596420001,300.0,0.04999980243767865,0.0
7522,1699610460000.0,0.0,0.0,271.0,0.07361,0.0,0.0,0.0741,0.9992712802619605,1.0,398.96777642000103,300.0,399.10056642000103,300.0,0.04999980243767865,0.0
7523,1699614060000.0,0.0,0.0,0.0,0.07361,0.0,0.0,0.07456,0.9992712802619605,1.0,399.215849820001,300.0,399.215849820001,300.0,0.0,0.0
7524,1699617660000.0,0.0,0.0,0.0,0.07361,0.0,0.0,0.07442,0.9992712802619605,1.0,399.215849820001,300.0,399.215849820001,300.0,0.0,0.0
7525,1699621260000.0,0.0,0.0,271.0,0.07377,0.0,0.0,0.07419,0.9992712802619605,1.0,399.19585815000096,300.0,399.30967815000093,300.0,0.05007985326462975,0.0
7526,1699624860000.0,0.0,0.0,271.0,0.07377,0.0,0.0,0.07388,0.9992712802619605,1.0,399.19585815000096,300.0,399.22566815000096,300.0,0.05007985326462975,0.0
7527,1699628460000.0,0.0,0.0,271.0,0.07377,0.0,0.0,0.07309,0.9992712802619605,1.0,399.19585815000096,300.0,399.01157815000096,300.0,0.05007985326462975,0.0
7528,1699632060000.0,0.0,0.0,271.0,0.07377,0.0,0.0,0.07329,0.9992712802619605,1.0,399.19585815000096,300.0,399.06577815000094,300.0,0.05007985326462975,0.0
7529,1699635660000.0,0.0,0.0,271.0,0.07377,0.0,0.0,0.07431,0.9992712802619605,1.0,399.19585815000096,300.0,399.34219815000097,300.0,0.05007985326462975,0.0
7530,1699639260000.0,0.0,0.0,271.0,0.07377,0.0,0.0,0.07423,0.9992712802619605,1.0,399.19585815000096,300.0,399.32051815000096,300.0,0.05007985326462975,0.0
7531,1699642860000.0,0.0,0.0,271.0,0.07377,0.0,0.0,0.07402,0.9992712802619605,1.0,399.19585815000096,300.0,399.26360815000095,300.0,0.05007985326462975,0.0
7532,1699646460000.0,0.0,0.0,271.0,0.07377,0.0,0.0,0.07391,0.9992712802619605,1.0,399.19585815000096,300.0,399.23379815000095,300.0,0.05007985326462975,0.0
7533,1699650060000.0,0.0,0.0,0.0,0.07377,0.0,0.0,0.07465,0.9992712802619605,1.0,399.44388819000096,300.0,399.44388819000096,300.0,0.0,0.0
7534,1699653660000.0,0.0,0.0,0.0,0.07377,0.0,0.0,0.07523,0.9992712802619605,1.0,399.44388819000096,300.0,399.44388819000096,300.0,0.0,0.0
7535,1699657260000.0,0.0,0.0,0.0,0.07377,0.0,0.0,0.07528,0.9992712802619605,1.0,399.44388819000096,300.0,399.44388819000096,300.0,0.0,0.0
7536,1699660860000.0,0.0,0.0,0.0,0.07377,0.0,0.0,0.07548,0.9992712802619605,1.0,399.44388819000096,300.0,399.44388819000096,300.0,0.0,0.0
7537,1699664460000.0,0.0,0.0,0.0,0.07377,0.0,0.0,0.07614,0.9992712802619605,1.0,399.44388819000096,300.0,399.44388819000096,300.0,0.0,0.0
7538,1699668060000.0,0.0,0.0,0.0,0.07377,0.0,0.0,0.07581,0.9992712802619605,1.0,399.44388819000096,300.0,399.44388819000096,300.0,0.0,0.0
7539,1699671660000.0,0.0,0.0,0.0,0.07377,0.0,0.0,0.07581,0.9992712802619605,1.0,399.44388819000096,300.0,399.44388819000096,300.0,0.0,0.0
7540,1699675260000.0,0.0,0.0,0.0,0.07377,0.0,0.0,0.07523,0.9992712802619605,1.0,399.44388819000096,300.0,399.44388819000096,300.0,0.0,0.0
7541,1699678860000.0,0.0,0.0,0.0,0.07451,0.0,0.0,0.07733,0.9992712802619605,1.0,399.671682830001,300.0,399.671682830001,300.0,0.0,0.0
7542,1699682460000.0,0.0,0.0,0.0,0.07451,0.0,0.0,0.07857,0.9992712802619605,1.0,399.671682830001,300.0,399.671682830001,300.0,0.0,0.0
7543,1699686060000.0,0.0,0.0,0.0,0.07451,0.0,0.0,0.07901,0.9992712802619605,1.0,399.671682830001,300.0,399.671682830001,300.0,0.0,0.0
7544,1699689660000.0,0.0,0.0,0.0,0.07451,0.0,0.0,0.07888,0.9992712802619605,1.0,399.671682830001,300.0,399.671682830001,300.0,0.0,0.0
7545,1699693260000.0,0.0,0.0,0.0,0.07451,0.0,0.0,0.07798,0.9992712802619605,1.0,399.671682830001,300.0,399.671682830001,300.0,0.0,0.0
7546,1699696860000.0,0.0,0.0,0.0,0.07451,0.0,0.0,0.07972,0.9992712802619605,1.0,399.671682830001,300.0,399.671682830001,300.0,0.0,0.0
7547,1699700460000.0,0.0,0.0,0.0,0.07451,0.0,0.0,0.08079,0.9992712802619605,1.0,399.671682830001,300.0,399.671682830001,300.0,0.0,0.0
7548,1699704060000.0,0.0,0.0,0.0,0.07451,0.0,0.0,0.07965,0.9992712802619605,1.0,399.671682830001,300.0,399.671682830001,300.0,0.0,0.0
7549,1699707660000.0,0.0,0.0,0.0,0.07451,0.0,0.0,0.08108,0.9992712802619605,1.0,399.671682830001,300.0,399.671682830001,300.0,0.0,0.0
7550,1699711260000.0,0.0,0.0,0.0,0.07451,0.0,0.0,0.08009,0.9992712802619605,1.0,399.671682830001,300.0,399.671682830001,300.0,0.0,0.0
7551,1699714860000.0,0.0,0.0,0.0,0.07451,0.0,0.0,0.08064,0.9992712802619605,1.0,399.671682830001,300.0,399.671682830001,300.0,0.0,0.0
7552,1699718460000.0,0.0,0.0,0.0,0.07451,0.0,0.0,0.08025,0.9992712802619605,1.0,399.671682830001,300.0,399.671682830001,300.0,0.0,0.0
7553,1699722060000.0,0.0,0.0,0.0,0.07451,0.0,0.0,0.08048,0.9992712802619605,1.0,399.671682830001,300.0,399.671682830001,300.0,0.0,0.0
7554,1699725660000.0,0.0,0.0,0.0,0.07451,0.0,0.0,0.07916,0.9992712802619605,1.0,399.671682830001,300.0,399.671682830001,300.0,0.0,0.0
7555,1699729260000.0,0.0,0.0,0.0,0.07451,0.0,0.0,0.0804,0.9992712802619605,1.0,399.671682830001,300.0,399.671682830001,300.0,0.0,0.0
7556,1699732860000.0,0.0,0.0,0.0,0.07451,0.0,0.0,0.07997,0.9992712802619605,1.0,399.671682830001,300.0,399.671682830001,300.0,0.0,0.0
7557,1699736460000.0,0.0,0.0,0.0,0.07451,0.0,0.0,0.07971,0.9992712802619605,1.0,399.671682830001,300.0,399.671682830001,300.0,0.0,0.0
7558,1699740060000.0,0.0,0.0,255.0,0.07837,0.0,0.0,0.07869,0.9992712802619605,1.0,399.65169848000096,300.0,399.73329848000094,300.0,0.050004416535715135,0.0
7559,1699743660000.0,0.0,0.0,255.0,0.07837,0.0,0.0,0.07826,0.9992712802619605,1.0,399.65169848000096,300.0,399.62364848000095,300.0,0.050004416535715135,0.0
7560,1699747260000.0,0.0,0.0,255.0,0.07837,0.0,0.0,0.0787,0.9992712802619605,1.0,399.65169848000096,300.0,399.735848480001,300.0,0.050004416535715135,0.0
7561,1699750860000.0,0.0,0.0,545.0,0.07701844036697247,0.0,0.0,0.07667,0.9992712802619605,1.0,399.62970778000096,300.0,399.43980778000093,300.0,0.1050348589777704,0.0
7562,1699754460000.0,0.0,0.0,545.0,0.07701844036697247,0.0,0.0,0.07743,0.9992712802619605,1.0,399.62970778000096,300.0,399.854007780001,300.0,0.1050348589777704,0.0
7563,1699758060000.0,0.0,0.0,545.0,0.07701844036697247,0.0,0.0,0.07754,0.9992712802619605,1.0,399.62970778000096,300.0,399.91395778000094,300.0,0.1050348589777704,0.0
7564,1699761660000.0,0.0,0.0,256.0,0.07801,0.0,0.0,0.07789,0.9992712802619605,1.0,400.129399970001,300.0,400.098679970001,300.0,0.04991025403656232,0.0
7565,1699765260000.0,0.0,0.0,256.0,0.07801,0.0,0.0,0.07715,0.9992712802619605,1.0,400.129399970001,300.0,399.90923997000095,300.0,0.04991025403656232,0.0
7566,1699768860000.0,0.0,0.0,256.0,0.07801,0.0,0.0,0.07797,0.9992712802619605,1.0,400.129399970001,300.0,400.11915997000096,300.0,0.04991025403656232,0.0
7567,1699772460000.0,0.0,0.0,256.0,0.07801,0.0,0.0,0.07851,0.9992712802619605,1.0,400.129399970001,300.0,400.25739997000096,300.0,0.04991025403656232,0.0
7568,1699776060000.0,0.0,0.0,0.0,0.07801,0.0,0.0,0.07932,0.9992712802619605,1.0,400.37796061000097,300.0,400.37796061000097,300.0,0.0,0.0
7569,1699779660000.0,0.0,0.0,0.0,0.07801,0.0,0.0,0.07935,0.9992712802619605,1.0,400.37796061000097,300.0,400.37796061000097,300.0,0.0,0.0
7570,1699783260000.0,0.0,0.0,0.0,0.07801,0.0,0.0,0.07917,0.9992712802619605,1.0,400.37796061000097,300.0,400.37796061000097,300.0,0.0,0.0
7571,1699786860000.0,0.0,0.0,0.0,0.07801,0.0,0.0,0.07914,0.9992712802619605,1.0,400.37796061000097,300.0,400.37796061000097,300.0,0.0,0.0
7572,1699790460000.0,0.0,0.0,0.0,0.07801,0.0,0.0,0.07917,0.9992712802619605,1.0,400.37796061000097,300.0,400.37796061000097,300.0,0.0,0.0
7573,1699794060000.0,0.0,0.0,256.0,0.0783,0.0,0.0,0.07806,0.9992712802619605,1.0,400.357915810001,300.0,400.29647581000097,300.0,0.05006720039354166,0.0
7574,1699797660000.0,0.0,0.0,256.0,0.0783,0.0,0.0,0.0786,0.9992712802619605,1.0,400.357915810001,300.0,400.43471581000097,300.0,0.05006720039354166,0.0
7575,1699801260000.0,0.0,0.0,256.0,0.0783,0.0,0.0,0.0789,0.9992712802619605,1.0,400.357915810001,300.0,400.51151581000096,300.0,0.05006720039354166,0.0
7576,1699804860000.0,0.0,0.0,256.0,0.0783,0.0,0.0,0.07855,0.9992712802619605,1.0,400.357915810001,300.0,400.421915810001,300.0,0.05006720039354166,0.0
7577,1699808460000.0,0.0,0.0,256.0,0.0783,0.0,0.0,0.07776,0.9992712802619605,1.0,400.357915810001,300.0,400.219675810001,300.0,0.05006720039354166,0.0
7578,1699812060000.0,0.0,0.0,256.0,0.0783,0.0,0.0,0.07748,0.9992712802619605,1.0,400.357915810001,300.0,400.14799581000096,300.0,0.05006720039354166,0.0
7579,1699815660000.0,0.0,0.0,256.0,0.0783,0.0,0.0,0.07778,0.9992712802619605,1.0,400.357915810001,300.0,400.22479581000096,300.0,0.05006720039354166,0.0
7580,1699819260000.0,0.0,0.0,256.0,0.0783,0.0,0.0,0.07789,0.9992712802619605,1.0,400.357915810001,300.0,400.25295581000097,300.0,0.05006720039354166,0.0
7581,1699822860000.0,0.0,0.0,256.0,0.0783,0.0,0.0,0.07828,0.9992712802619605,1.0,400.357915810001,300.0,400.352795810001,300.0,0.05006720039354166,0.0
7582,1699826460000.0,0.0,0.0,256.0,0.0783,0.0,0.0,0.07854,0.9992712802619605,1.0,400.357915810001,300.0,400.419355810001,300.0,0.05006720039354166,0.0
7583,1699830060000.0,0.0,0.0,256.0,0.0783,0.0,0.0,0.07854,0.9992712802619605,1.0,400.357915810001,300.0,400.419355810001,300.0,0.05006720039354166,0.0
7584,1699833660000.0,0.0,0.0,256.0,0.0783,0.0,0.0,0.07788,0.9992712802619605,1.0,400.357915810001,300.0,400.25039581000095,300.0,0.05006720039354166,0.0
7585,1699837260000.0,0.0,0.0,256.0,0.0783,0.0,0.0,0.07825,0.9992712802619605,1.0,400.357915810001,300.0,400.34511581000095,300.0,0.05006720039354166,0.0
7586,1699840860000.0,0.0,0.0,0.0,0.0783,0.0,0.0,0.07908,0.9992712802619605,1.0,400.60640221000097,300.0,400.60640221000097,300.0,0.0,0.0
7587,1699844460000.0,0.0,0.0,0.0,0.0783,0.0,0.0,0.07873,0.9992712802619605,1.0,400.60640221000097,300.0,400.60640221000097,300.0,0.0,0.0
7588,1699848060000.0,0.0,0.0,256.0,0.07813,0.0,0.0,0.07676,0.9992712802619605,1.0,400.586400930001,300.0,400.23568093000097,300.0,0.04993000250024726,0.0
7589,1699851660000.0,0.0,0.0,256.0,0.07813,0.0,0.0,0.07629,0.9992712802619605,1.0,400.586400930001,300.0,400.115360930001,300.0,0.04993000250024726,0.0
7590,1699855260000.0,0.0,0.0,256.0,0.07813,0.0,0.0,0.07679,0.9992712802619605,1.0,400.586400930001,300.0,400.243360930001,300.0,0.04993000250024726,0.0
7591,1699858860000.0,0.0,0.0,256.0,0.07813,0.0,0.0,0.07676,0.9992712802619605,1.0,400.586400930001,300.0,400.23568093000097,300.0,0.04993000250024726,0.0
7592,1699862460000.0,0.0,0.0,256.0,0.07813,0.0,0.0,0.07713,0.9992712802619605,1.0,400.586400930001,300.0,400.330400930001,300.0,0.04993000250024726,0.0
7593,1699866060000.0,0.0,0.0,256.0,0.07813,0.0,0.0,0.0775,0.9992712802619605,1.0,400.586400930001,300.0,400.425120930001,300.0,0.04993000250024726,0.0
7594,1699869660000.0,0.0,0.0,256.0,0.07813,0.0,0.0,0.07817,0.9992712802619605,1.0,400.586400930001,300.0,400.596640930001,300.0,0.04993000250024726,0.0
7595,1699873260000.0,0.0,0.0,256.0,0.07813,0.0,0.0,0.07854,0.9992712802619605,1.0,400.586400930001,300.0,400.691360930001,300.0,0.04993000250024726,0.0
7596,1699876860000.0,0.0,0.0,256.0,0.07813,0.0,0.0,0.07722,0.9992712802619605,1.0,400.586400930001,300.0,400.353440930001,300.0,0.04993000250024726,0.0
7597,1699880460000.0,0.0,0.0,256.0,0.07813,0.0,0.0,0.07784,0.9992712802619605,1.0,400.586400930001,300.0,400.512160930001,300.0,0.04993000250024726,0.0
7598,1699884060000.0,0.0,0.0,256.0,0.07813,0.0,0.0,0.0776,0.9992712802619605,1.0,400.586400930001,300.0,400.450720930001,300.0,0.04993000250024726,0.0
7599,1699887660000.0,0.0,0.0,547.0,0.07677873857404022,0.0,0.0,0.07708,0.9992712802619605,1.0,400.564404240001,300.0,400.729194240001,300.0,0.10484698479307866,0.0
7600,1699891260000.0,0.0,0.0,547.0,0.07677873857404022,0.0,0.0,0.07709,0.9992712802619605,1.0,400.564404240001,300.0,400.734664240001,300.0,0.10484698479307866,0.0
7601,1699894860000.0,0.0,0.0,547.0,0.07677873857404022,0.0,0.0,0.07637,0.9992712802619605,1.0,400.564404240001,300.0,400.340824240001,300.0,0.10484698479307866,0.0
7602,1699898460000.0,0.0,0.0,547.0,0.07677873857404022,0.0,0.0,0.07589,0.9992712802619605,1.0,400.564404240001,300.0,400.07826424000103,300.0,0.10484698479307866,0.0
7603,1699902060000.0,0.0,0.0,547.0,0.07677873857404022,0.0,0.0,0.07598,0.9992712802619605,1.0,400.564404240001,300.0,400.127494240001,300.0,0.10484698479307866,0.0
7604,1699905660000.0,0.0,0.0,547.0,0.07677873857404022,0.0,0.0,0.07642,0.9992712802619605,1.0,400.564404240001,300.0,400.368174240001,300.0,0.10484698479307866,0.0
7605,1699909260000.0,0.0,0.0,547.0,0.07677873857404022,0.0,0.0,0.07637,0.9992712802619605,1.0,400.564404240001,300.0,400.340824240001,300.0,0.10484698479307866,0.0
7606,1699912860000.0,0.0,0.0,1169.0,0.07525766467065868,0.0,0.0,0.07467,0.9992712802619605,1.0,400.518426000001,300.0,399.831446000001,300.0,0.21965583675793177,0.0
7607,1699916460000.0,0.0,0.0,1169.0,0.07525766467065868,0.0,0.0,0.07459,0.9992712802619605,1.0,400.518426000001,300.0,399.737926000001,300.0,0.21965583675793177,0.0
7608,1699920060000.0,0.0,0.0,1169.0,0.07525766467065868,0.0,0.0,0.07456,0.9992712802619605,1.0,400.518426000001,300.0,399.702856000001,300.0,0.21965583675793177,0.0
7609,1699923660000.0,0.0,0.0,1169.0,0.07525766467065868,0.0,0.0,0.07358,0.9992712802619605,1.0,400.518426000001,300.0,398.557236000001,300.0,0.21965583675793177,0.0
7610,1699927260000.0,0.0,0.0,1169.0,0.07525766467065868,0.0,0.0,0.07426,0.9992712802619605,1.0,400.518426000001,300.0,399.352156000001,300.0,0.21965583675793177,0.0
7611,1699930860000.0,0.0,0.0,1169.0,0.07525766467065868,0.0,0.0,0.07479,0.9992712802619605,1.0,400.518426000001,300.0,399.971726000001,300.0,0.21965583675793177,0.0
7612,1699934460000.0,0.0,0.0,1169.0,0.07525766467065868,0.0,0.0,0.07483,0.9992712802619605,1.0,400.518426000001,300.0,400.018486000001,300.0,0.21965583675793177,0.0
7613,1699938060000.0,0.0,0.0,1169.0,0.07525766467065868,0.0,0.0,0.0749,0.9992712802619605,1.0,400.518426000001,300.0,400.100316000001,300.0,0.21965583675793177,0.0
7614,1699941660000.0,0.0,0.0,1169.0,0.07525766467065868,0.0,0.0,0.07511,0.9992712802619605,1.0,400.518426000001,300.0,400.345806000001,300.0,0.21965583675793177,0.0
7615,1699945260000.0,0.0,0.0,1169.0,0.07525766467065868,0.0,0.0,0.07492,0.9992712802619605,1.0,400.518426000001,300.0,400.123696000001,300.0,0.21965583675793177,0.0
7616,1699948860000.0,0.0,0.0,1169.0,0.07525766467065868,0.0,0.0,0.07501,0.9992712802619605,1.0,400.518426000001,300.0,400.228906000001,300.0,0.21965583675793177,0.0
7617,1699952460000.0,0.0,0.0,1169.0,0.07525766467065868,0.0,0.0,0.07524,0.9992712802619605,1.0,400.518426000001,300.0,400.497776000001,300.0,0.21965583675793177,0.0
7618,1699956060000.0,0.0,0.0,1169.0,0.07525766467065868,0.0,0.0,0.0745,0.9992712802619605,1.0,400.518426000001,300.0,399.632716000001,300.0,0.21965583675793177,0.0
7619,1699959660000.0,0.0,0.0,1169.0,0.07525766467065868,0.0,0.0,0.07423,0.9992712802619605,1.0,400.518426000001,300.0,399.317086000001,300.0,0.21965583675793177,0.0
7620,1699963260000.0,0.0,0.0,1169.0,0.07525766467065868,0.0,0.0,0.07346,0.9992712802619605,1.0,400.518426000001,300.0,398.416956000001,300.0,0.21965583675793177,0.0
7621,1699966860000.0,0.0,0.0,1169.0,0.07525766467065868,0.0,0.0,0.07347,0.9992712802619605,1.0,400.518426000001,300.0,398.428646000001,300.0,0.21965583675793177,0.0
7622,1699970460000.0,0.0,0.0,1169.0,0.07525766467065868,0.0,0.0,0.07423,0.9992712802619605,1.0,400.518426000001,300.0,399.317086000001,300.0,0.21965583675793177,0.0
7623,1699974060000.0,0.0,0.0,1169.0,0.07525766467065868,0.0,0.0,0.07498,0.9992712802619605,1.0,400.518426000001,300.0,400.193836000001,300.0,0.21965583675793177,0.0
7624,1699977660000.0,0.0,0.0,1169.0,0.07525766467065868,0.0,0.0,0.074,0.9992712802619605,1.0,400.518426000001,300.0,399.048216000001,300.0,0.21965583675793177,0.0
7625,1699981260000.0,0.0,0.0,1169.0,0.07525766467065868,0.0,0.0,0.07405,0.9992712802619605,1.0,400.518426000001,300.0,399.106666000001,300.0,0.21965583675793177,0.0
7626,1699984860000.0,0.0,0.0,1169.0,0.07525766467065868,0.0,0.0,0.07273,0.9992712802619605,1.0,400.518426000001,300.0,397.563586000001,300.0,0.21965583675793177,0.0
7627,1699988460000.0,0.0,0.0,2499.0,0.07337487394957984,0.0,0.0,0.07068,0.9992712802619605,1.0,400.423038400001,300.0,393.688548400001,300.0,0.45792522511361966,0.0
7628,1699992060000.0,0.0,0.0,2499.0,0.07337487394957984,0.0,0.0,0.07154,0.9992712802619605,1.0,400.423038400001,300.0,395.837688400001,300.0,0.45792522511361966,0.0
7629,1699995660000.0,0.0,0.0,2499.0,0.07337487394957984,0.0,0.0,0.07172,0.9992712802619605,1.0,400.423038400001,300.0,396.287508400001,300.0,0.45792522511361966,0.0
7630,1699999260000.0,0.0,0.0,2499.0,0.07337487394957984,0.0,0.0,0.0725,0.9992712802619605,1.0,400.423038400001,300.0,398.23672840000097,300.0,0.45792522511361966,0.0
7631,1700002860000.0,0.0,0.0,2499.0,0.07337487394957984,0.0,0.0,0.07258,0.9992712802619605,1.0,400.423038400001,300.0,398.436648400001,300.0,0.45792522511361966,0.0
7632,1700006460000.0,0.0,0.0,2499.0,0.07337487394957984,0.0,0.0,0.07235,0.9992712802619605,1.0,400.423038400001,300.0,397.861878400001,300.0,0.45792522511361966,0.0
7633,1700010060000.0,0.0,0.0,2499.0,0.07337487394957984,0.0,0.0,0.07246,0.9992712802619605,1.0,400.423038400001,300.0,398.136768400001,300.0,0.45792522511361966,0.0
7634,1700013660000.0,0.0,0.0,2499.0,0.07337487394957984,0.0,0.0,0.0728,0.9992712802619605,1.0,400.423038400001,300.0,398.986428400001,300.0,0.45792522511361966,0.0
7635,1700017260000.0,0.0,0.0,2499.0,0.07337487394957984,0.0,0.0,0.07272,0.9992712802619605,1.0,400.423038400001,300.0,398.786508400001,300.0,0.45792522511361966,0.0
7636,1700020860000.0,0.0,0.0,2499.0,0.07337487394957984,0.0,0.0,0.07263,0.9992712802619605,1.0,400.423038400001,300.0,398.561598400001,300.0,0.45792522511361966,0.0
7637,1700024460000.0,0.0,0.0,2499.0,0.07337487394957984,0.0,0.0,0.07313,0.9992712802619605,1.0,400.423038400001,300.0,399.811098400001,300.0,0.45792522511361966,0.0
7638,1700028060000.0,0.0,0.0,2499.0,0.07337487394957984,0.0,0.0,0.0731,0.9992712802619605,1.0,400.423038400001,300.0,399.736128400001,300.0,0.45792522511361966,0.0
7639,1700031660000.0,0.0,0.0,2499.0,0.07337487394957984,0.0,0.0,0.07332,0.9992712802619605,1.0,400.423038400001,300.0,400.285908400001,300.0,0.45792522511361966,0.0
7640,1700035260000.0,0.0,0.0,2499.0,0.07337487394957984,0.0,0.0,0.07377,0.9992712802619605,1.0,400.423038400001,300.0,401.410458400001,300.0,0.45792522511361966,0.0
7641,1700038860000.0,0.0,0.0,2499.0,0.07337487394957984,0.0,0.0,0.07385,0.9992712802619605,1.0,400.423038400001,300.0,401.610378400001,300.0,0.45792522511361966,0.0
7642,1700042460000.0,0.0,0.0,2499.0,0.07337487394957984,0.0,0.0,0.07351,0.9992712802619605,1.0,400.423038400001,300.0,400.760718400001,300.0,0.45792522511361966,0.0
7643,1700046060000.0,0.0,0.0,2499.0,0.07337487394957984,0.0,0.0,0.07389,0.9992712802619605,1.0,400.423038400001,300.0,401.710338400001,300.0,0.45792522511361966,0.0
7644,1700049660000.0,0.0,0.0,0.0,0.07337487394957984,0.0,0.0,0.07455,0.9992712802619605,1.0,402.47661541000093,300.0,402.47661541000093,300.0,0.0,0.0
7645,1700053260000.0,0.0,0.0,0.0,0.07337487394957984,0.0,0.0,0.07459,0.9992712802619605,1.0,402.47661541000093,300.0,402.47661541000093,300.0,0.0,0.0
7646,1700056860000.0,0.0,0.0,0.0,0.07337487394957984,0.0,0.0,0.07448,0.9992712802619605,1.0,402.47661541000093,300.0,402.47661541000093,300.0,0.0,0.0
7647,1700060460000.0,0.0,0.0,0.0,0.07337487394957984,0.0,0.0,0.07414,0.9992712802619605,1.0,402.47661541000093,300.0,402.47661541000093,300.0,0.0,0.0
7648,1700064060000.0,0.0,0.0,0.0,0.07337487394957984,0.0,0.0,0.0744,0.9992712802619605,1.0,402.47661541000093,300.0,402.47661541000093,300.0,0.0,0.0
7649,1700067660000.0,0.0,0.0,0.0,0.07337487394957984,0.0,0.0,0.07409,0.9992712802619605,1.0,402.47661541000093,300.0,402.47661541000093,300.0,0.0,0.0
7650,1700071260000.0,0.0,0.0,273.0,0.07358,0.0,0.0,0.07381,0.9992712802619605,1.0,402.45652807000096,300.0,402.51931807000096,300.0,0.049911825499091234,0.0
7651,1700074860000.0,0.0,0.0,0.0,0.07358,0.0,0.0,0.07507,0.9992712802619605,1.0,402.7064404600009,300.0,402.7064404600009,300.0,0.0,0.0
7652,1700078460000.0,0.0,0.0,0.0,0.07358,0.0,0.0,0.07526,0.9992712802619605,1.0,402.7064404600009,300.0,402.7064404600009,300.0,0.0,0.0
7653,1700082060000.0,0.0,0.0,0.0,0.07358,0.0,0.0,0.07502,0.9992712802619605,1.0,402.7064404600009,300.0,402.7064404600009,300.0,0.0,0.0
7654,1700085660000.0,0.0,0.0,0.0,0.07358,0.0,0.0,0.07522,0.9992712802619605,1.0,402.7064404600009,300.0,402.7064404600009,300.0,0.0,0.0
7655,1700089260000.0,0.0,0.0,0.0,0.07358,0.0,0.0,0.07607,0.9992712802619605,1.0,402.7064404600009,300.0,402.7064404600009,300.0,0.0,0.0
7656,1700092860000.0,0.0,0.0,0.0,0.07358,0.0,0.0,0.07602,0.9992712802619605,1.0,402.7064404600009,300.0,402.7064404600009,300.0,0.0,0.0
7657,1700096460000.0,0.0,0.0,0.0,0.07358,0.0,0.0,0.07695,0.9992712802619605,1.0,402.7064404600009,300.0,402.7064404600009,300.0,0.0,0.0
7658,1700100060000.0,0.0,0.0,0.0,0.07358,0.0,0.0,0.07653,0.9992712802619605,1.0,402.7064404600009,300.0,402.7064404600009,300.0,0.0,0.0
7659,1700103660000.0,0.0,0.0,0.0,0.07358,0.0,0.0,0.07664,0.9992712802619605,1.0,402.7064404600009,300.0,402.7064404600009,300.0,0.0,0.0
7660,1700107260000.0,0.0,0.0,0.0,0.07358,0.0,0.0,0.07684,0.9992712802619605,1.0,402.7064404600009,300.0,402.7064404600009,300.0,0.0,0.0
7661,1700110860000.0,0.0,0.0,0.0,0.07358,0.0,0.0,0.07672,0.9992712802619605,1.0,402.7064404600009,300.0,402.7064404600009,300.0,0.0,0.0
7662,1700114460000.0,0.0,0.0,0.0,0.07358,0.0,0.0,0.07673,0.9992712802619605,1.0,402.7064404600009,300.0,402.7064404600009,300.0,0.0,0.0
7663,1700118060000.0,0.0,0.0,0.0,0.07358,0.0,0.0,0.07697,0.9992712802619605,1.0,402.7064404600009,300.0,402.7064404600009,300.0,0.0,0.0
7664,1700121660000.0,0.0,0.0,0.0,0.07358,0.0,0.0,0.07865,0.9992712802619605,1.0,402.7064404600009,300.0,402.7064404600009,300.0,0.0,0.0
7665,1700125260000.0,0.0,0.0,0.0,0.07358,0.0,0.0,0.07847,0.9992712802619605,1.0,402.7064404600009,300.0,402.7064404600009,300.0,0.0,0.0
7666,1700128860000.0,0.0,0.0,0.0,0.07358,0.0,0.0,0.08,0.9992712802619605,1.0,402.7064404600009,300.0,402.7064404600009,300.0,0.0,0.0
7667,1700132460000.0,0.0,0.0,0.0,0.07358,0.0,0.0,0.0831,0.9992712802619605,1.0,402.7064404600009,300.0,402.7064404600009,300.0,0.0,0.0
7668,1700136060000.0,0.0,0.0,0.0,0.07358,0.0,0.0,0.08067,0.9992712802619605,1.0,402.7064404600009,300.0,402.7064404600009,300.0,0.0,0.0
7669,1700139660000.0,0.0,0.0,0.0,0.07358,0.0,0.0,0.07995,0.9992712802619605,1.0,402.7064404600009,300.0,402.7064404600009,300.0,0.0,0.0
7670,1700143260000.0,0.0,0.0,0.0,0.07358,0.0,0.0,0.0798,0.9992712802619605,1.0,402.7064404600009,300.0,402.7064404600009,300.0,0.0,0.0
7671,1700146860000.0,0.0,0.0,0.0,0.07358,0.0,0.0,0.0792,0.9992712802619605,1.0,402.7064404600009,300.0,402.7064404600009,300.0,0.0,0.0
7672,1700150460000.0,0.0,0.0,261.0,0.07717,0.0,0.0,0.07713,0.9992712802619605,1.0,402.68629909000094,300.0,402.6758590900009,300.0,0.05001751995415761,0.0
7673,1700154060000.0,0.0,0.0,261.0,0.07717,0.0,0.0,0.07784,0.9992712802619605,1.0,402.68629909000094,300.0,402.86116909000094,300.0,0.05001751995415761,0.0
7674,1700157660000.0,0.0,0.0,0.0,0.07717,0.0,0.0,0.07899,0.9992712802619605,1.0,402.93732628000095,300.0,402.93732628000095,300.0,0.0,0.0
7675,1700161260000.0,0.0,0.0,0.0,0.07717,0.0,0.0,0.07939,0.9992712802619605,1.0,402.93732628000095,300.0,402.93732628000095,300.0,0.0,0.0
7676,1700164860000.0,0.0,0.0,0.0,0.07743,0.0,0.0,0.08021,0.9992712802619605,1.0,403.16719228000096,300.0,403.16719228000096,300.0,0.0,0.0
7677,1700168460000.0,0.0,0.0,0.0,0.07743,0.0,0.0,0.07908,0.9992712802619605,1.0,403.16719228000096,300.0,403.16719228000096,300.0,0.0,0.0
7678,1700172060000.0,0.0,0.0,0.0,0.07743,0.0,0.0,0.07907,0.9992712802619605,1.0,403.16719228000096,300.0,403.16719228000096,300.0,0.0,0.0
7679,1700175660000.0,0.0,0.0,0.0,0.07743,0.0,0.0,0.07872,0.9992712802619605,1.0,403.16719228000096,300.0,403.16719228000096,300.0,0.0,0.0
7680,1700179260000.0,0.0,0.0,0.0,0.07784,0.0,0.0,0.07924,0.9992712802619605,1.0,403.39854921000097,300.0,403.39854921000097,300.0,0.0,0.0
7681,1700182860000.0,0.0,0.0,0.0,0.07784,0.0,0.0,0.0798,0.9992712802619605,1.0,403.39854921000097,300.0,403.39854921000097,300.0,0.0,0.0
7682,1700186460000.0,0.0,0.0,0.0,0.07784,0.0,0.0,0.08044,0.9992712802619605,1.0,403.39854921000097,300.0,403.39854921000097,300.0,0.0,0.0
7683,1700190060000.0,0.0,0.0,0.0,0.07784,0.0,0.0,0.08177,0.9992712802619605,1.0,403.39854921000097,300.0,403.39854921000097,300.0,0.0,0.0
7684,1700193660000.0,0.0,0.0,0.0,0.07784,0.0,0.0,0.08115,0.9992712802619605,1.0,403.39854921000097,300.0,403.39854921000097,300.0,0.0,0.0
7685,1700197260000.0,0.0,0.0,0.0,0.07784,0.0,0.0,0.08161,0.9992712802619605,1.0,403.39854921000097,300.0,403.39854921000097,300.0,0.0,0.0
7686,1700200860000.0,0.0,0.0,0.0,0.07784,0.0,0.0,0.08219,0.9992712802619605,1.0,403.39854921000097,300.0,403.39854921000097,300.0,0.0,0.0
7687,1700204460000.0,0.0,0.0,0.0,0.07784,0.0,0.0,0.08227,0.9992712802619605,1.0,403.39854921000097,300.0,403.39854921000097,300.0,0.0,0.0
7688,1700208060000.0,0.0,0.0,0.0,0.07784,0.0,0.0,0.08266,0.9992712802619605,1.0,403.39854921000097,300.0,403.39854921000097,300.0,0.0,0.0
7689,1700211660000.0,0.0,0.0,0.0,0.07784,0.0,0.0,0.08495,0.9992712802619605,1.0,403.39854921000097,300.0,403.39854921000097,300.0,0.0,0.0
7690,1700215260000.0,0.0,0.0,0.0,0.07784,0.0,0.0,0.0875,0.9992712802619605,1.0,403.39854921000097,300.0,403.39854921000097,300.0,0.0,0.0
7691,1700218860000.0,0.0,0.0,0.0,0.07784,0.0,0.0,0.08496,0.9992712802619605,1.0,403.39854921000097,300.0,403.39854921000097,300.0,0.0,0.0
7692,1700222460000.0,0.0,0.0,0.0,0.07784,0.0,0.0,0.08381,0.9992712802619605,1.0,403.39854921000097,300.0,403.39854921000097,300.0,0.0,0.0
7693,1700226060000.0,0.0,0.0,0.0,0.07784,0.0,0.0,0.08412,0.9992712802619605,1.0,403.39854921000097,300.0,403.39854921000097,300.0,0.0,0.0
7694,1700229660000.0,0.0,0.0,0.0,0.07784,0.0,0.0,0.08249,0.9992712802619605,1.0,403.39854921000097,300.0,403.39854921000097,300.0,0.0,0.0
7695,1700233260000.0,0.0,0.0,248.0,0.08133,0.0,0.0,0.08122,0.9992712802619605,1.0,403.37837937000097,300.0,403.35109937000095,300.0,0.050002283294165124,0.0
7696,1700236860000.0,0.0,0.0,248.0,0.08133,0.0,0.0,0.08034,0.9992712802619605,1.0,403.37837937000097,300.0,403.132859370001,300.0,0.050002283294165124,0.0
7697,1700240460000.0,0.0,0.0,248.0,0.08133,0.0,0.0,0.0814,0.9992712802619605,1.0,403.37837937000097,300.0,403.39573937000097,300.0,0.050002283294165124,0.0
7698,1700244060000.0,0.0,0.0,0.0,0.08133,0.0,0.0,0.08333,0.9992712802619605,1.0,403.628259210001,300.0,403.628259210001,300.0,0.0,0.0
7699,1700247660000.0,0.0,0.0,0.0,0.08133,0.0,0.0,0.08357,0.9992712802619605,1.0,403.628259210001,300.0,403.628259210001,300.0,0.0,0.0
7700,1700251260000.0,0.0,0.0,0.0,0.08133,0.0,0.0,0.08308,0.9992712802619605,1.0,403.628259210001,300.0,403.628259210001,300.0,0.0,0.0
7701,1700254860000.0,0.0,0.0,0.0,0.08133,0.0,0.0,0.08311,0.9992712802619605,1.0,403.628259210001,300.0,403.628259210001,300.0,0.0,0.0
7702,1700258460000.0,0.0,0.0,0.0,0.08133,0.0,0.0,0.083,0.9992712802619605,1.0,403.628259210001,300.0,403.628259210001,300.0,0.0,0.0
7703,1700262060000.0,0.0,0.0,0.0,0.08133,0.0,0.0,0.08528,0.9992712802619605,1.0,403.628259210001,300.0,403.628259210001,300.0,0.0,0.0
7704,1700265660000.0,0.0,0.0,0.0,0.08133,0.0,0.0,0.0855,0.9992712802619605,1.0,403.628259210001,300.0,403.628259210001,300.0,0.0,0.0
7705,1700269260000.0,0.0,0.0,0.0,0.08133,0.0,0.0,0.08495,0.9992712802619605,1.0,403.628259210001,300.0,403.628259210001,300.0,0.0,0.0
7706,1700272860000.0,0.0,0.0,0.0,0.08133,0.0,0.0,0.08543,0.9992712802619605,1.0,403.628259210001,300.0,403.628259210001,300.0,0.0,0.0
7707,1700276460000.0,0.0,0.0,0.0,0.08133,0.0,0.0,0.08489,0.9992712802619605,1.0,403.628259210001,300.0,403.628259210001,300.0,0.0,0.0
7708,1700280060000.0,0.0,0.0,0.0,0.08133,0.0,0.0,0.08466,0.9992712802619605,1.0,403.628259210001,300.0,403.628259210001,300.0,0.0,0.0
7709,1700283660000.0,0.0,0.0,0.0,0.08133,0.0,0.0,0.08389,0.9992712802619605,1.0,403.628259210001,300.0,403.628259210001,300.0,0.0,0.0
7710,1700287260000.0,0.0,0.0,243.0,0.08306,0.0,0.0,0.08331,0.9992712802619605,1.0,403.608075630001,300.0,403.668825630001,300.0,0.05000786956131884,0.0
7711,1700290860000.0,0.0,0.0,243.0,0.08306,0.0,0.0,0.08161,0.9992712802619605,1.0,403.608075630001,300.0,403.255725630001,300.0,0.05000786956131884,0.0
7712,1700294460000.0,0.0,0.0,243.0,0.08306,0.0,0.0,0.08338,0.9992712802619605,1.0,403.608075630001,300.0,403.685835630001,300.0,0.05000786956131884,0.0
7713,1700298060000.0,0.0,0.0,0.0,0.08306,0.0,0.0,0.08416,0.9992712802619605,1.0,403.859779890001,300.0,403.859779890001,300.0,0.0,0.0
7714,1700301660000.0,0.0,0.0,0.0,0.08306,0.0,0.0,0.08423,0.9992712802619605,1.0,403.859779890001,300.0,403.859779890001,300.0,0.0,0.0
7715,1700305260000.0,0.0,0.0,0.0,0.08306,0.0,0.0,0.08404,0.9992712802619605,1.0,403.859779890001,300.0,403.859779890001,300.0,0.0,0.0
7716,1700308860000.0,0.0,0.0,0.0,0.08306,0.0,0.0,0.08464,0.9992712802619605,1.0,403.859779890001,300.0,403.859779890001,300.0,0.0,0.0
7717,1700312460000.0,0.0,0.0,242.0,0.08337,0.0,0.0,0.08314,0.9992712802619605,1.0,403.83960435000097,300.0,403.783944350001,300.0,0.04995929022977697,0.0
7718,1700316060000.0,0.0,0.0,517.0,0.08192851063829787,0.0,0.0,0.08094,0.9992712802619605,1.0,403.817422850001,300.0,403.306362850001,300.0,0.10489156139192546,0.0
7719,1700319660000.0,0.0,0.0,517.0,0.08192851063829787,0.0,0.0,0.0798,0.9992712802619605,1.0,403.817422850001,300.0,402.716982850001,300.0,0.10489156139192546,0.0
7720,1700323260000.0,0.0,0.0,517.0,0.08192851063829787,0.0,0.0,0.08076,0.9992712802619605,1.0,403.817422850001,300.0,403.21330285000096,300.0,0.10489156139192546,0.0
7721,1700326860000.0,0.0,0.0,517.0,0.08192851063829787,0.0,0.0,0.08058,0.9992712802619605,1.0,403.817422850001,300.0,403.120242850001,300.0,0.10489156139192546,0.0
7722,1700330460000.0,0.0,0.0,517.0,0.08192851063829787,0.0,0.0,0.07972,0.9992712802619605,1.0,403.817422850001,300.0,402.675622850001,300.0,0.10489156139192546,0.0
7723,1700334060000.0,0.0,0.0,517.0,0.08192851063829787,0.0,0.0,0.08092,0.9992712802619605,1.0,403.817422850001,300.0,403.296022850001,300.0,0.10489156139192546,0.0
7724,1700337660000.0,0.0,0.0,517.0,0.08192851063829787,0.0,0.0,0.08139,0.9992712802619605,1.0,403.817422850001,300.0,403.539012850001,300.0,0.10489156139192546,0.0
7725,1700341260000.0,0.0,0.0,517.0,0.08192851063829787,0.0,0.0,0.08081,0.9992712802619605,1.0,403.817422850001,300.0,403.239152850001,300.0,0.10489156139192546,0.0
7726,1700344860000.0,0.0,0.0,517.0,0.08192851063829787,0.0,0.0,0.08033,0.9992712802619605,1.0,403.817422850001,300.0,402.99099285000096,300.0,0.10489156139192546,0.0
7727,1700348460000.0,0.0,0.0,517.0,0.08192851063829787,0.0,0.0,0.08063,0.9992712802619605,1.0,403.817422850001,300.0,403.14609285000097,300.0,0.10489156139192546,0.0
7728,1700352060000.0,0.0,0.0,517.0,0.08192851063829787,0.0,0.0,0.08006,0.9992712802619605,1.0,403.817422850001,300.0,402.85140285000097,300.0,0.10489156139192546,0.0
7729,1700355660000.0,0.0,0.0,1105.0,0.08030631674208144,0.0,0.0,0.07882,0.9992712802619605,1.0,403.771041410001,300.0,402.128661410001,300.0,0.2197742554545717,0.0
7730,1700359260000.0,0.0,0.0,1105.0,0.08030631674208144,0.0,0.0,0.0782,0.9992712802619605,1.0,403.771041410001,300.0,401.443561410001,300.0,0.2197742554545717,0.0
7731,1700362860000.0,0.0,0.0,1105.0,0.08030631674208144,0.0,0.0,0.07831,0.9992712802619605,1.0,403.771041410001,300.0,401.565111410001,300.0,0.2197742554545717,0.0
7732,1700366460000.0,0.0,0.0,1105.0,0.08030631674208144,0.0,0.0,0.07868,0.9992712802619605,1.0,403.771041410001,300.0,401.973961410001,300.0,0.2197742554545717,0.0
7733,1700370060000.0,0.0,0.0,1105.0,0.08030631674208144,0.0,0.0,0.07875,0.9992712802619605,1.0,403.771041410001,300.0,402.051311410001,300.0,0.2197742554545717,0.0
7734,1700373660000.0,0.0,0.0,1105.0,0.08030631674208144,0.0,0.0,0.07821,0.9992712802619605,1.0,403.771041410001,300.0,401.454611410001,300.0,0.2197742554545717,0.0
7735,1700377260000.0,0.0,0.0,1105.0,0.08030631674208144,0.0,0.0,0.07878,0.9992712802619605,1.0,403.771041410001,300.0,402.084461410001,300.0,0.2197742554545717,0.0
7736,1700380860000.0,0.0,0.0,1105.0,0.08030631674208144,0.0,0.0,0.07927,0.9992712802619605,1.0,403.771041410001,300.0,402.625911410001,300.0,0.2197742554545717,0.0
7737,1700384460000.0,0.0,0.0,1105.0,0.08030631674208144,0.0,0.0,0.07902,0.9992712802619605,1.0,403.771041410001,300.0,402.349661410001,300.0,0.2197742554545717,0.0
7738,1700388060000.0,0.0,0.0,1105.0,0.08030631674208144,0.0,0.0,0.07924,0.9992712802619605,1.0,403.771041410001,300.0,402.592761410001,300.0,0.2197742554545717,0.0
7739,1700391660000.0,0.0,0.0,1105.0,0.08030631674208144,0.0,0.0,0.07828,0.9992712802619605,1.0,403.771041410001,300.0,401.531961410001,300.0,0.2197742554545717,0.0
7740,1700395260000.0,0.0,0.0,1105.0,0.08030631674208144,0.0,0.0,0.07822,0.9992712802619605,1.0,403.771041410001,300.0,401.46566141000096,300.0,0.2197742554545717,0.0
7741,1700398860000.0,0.0,0.0,1105.0,0.08030631674208144,0.0,0.0,0.07862,0.9992712802619605,1.0,403.771041410001,300.0,401.90766141000097,300.0,0.2197742554545717,0.0
7742,1700402460000.0,0.0,0.0,1105.0,0.08030631674208144,0.0,0.0,0.0784,0.9992712802619605,1.0,403.771041410001,300.0,401.664561410001,300.0,0.2197742554545717,0.0
7743,1700406060000.0,0.0,0.0,1105.0,0.08030631674208144,0.0,0.0,0.07791,0.9992712802619605,1.0,403.771041410001,300.0,401.123111410001,300.0,0.2197742554545717,0.0
7744,1700409660000.0,0.0,0.0,1105.0,0.08030631674208144,0.0,0.0,0.07835,0.9992712802619605,1.0,403.771041410001,300.0,401.609311410001,300.0,0.2197742554545717,0.0
7745,1700413260000.0,0.0,0.0,1105.0,0.08030631674208144,0.0,0.0,0.07841,0.9992712802619605,1.0,403.771041410001,300.0,401.67561141000095,300.0,0.2197742554545717,0.0
7746,1700416860000.0,0.0,0.0,1105.0,0.08030631674208144,0.0,0.0,0.07851,0.9992712802619605,1.0,403.771041410001,300.0,401.78611141000096,300.0,0.2197742554545717,0.0
7747,1700420460000.0,0.0,0.0,1105.0,0.08030631674208144,0.0,0.0,0.07994,0.9992712802619605,1.0,403.771041410001,300.0,403.36626141000096,300.0,0.2197742554545717,0.0
7748,1700424060000.0,0.0,0.0,1105.0,0.08030631674208144,0.0,0.0,0.0803,0.9992712802619605,1.0,403.771041410001,300.0,403.764061410001,300.0,0.2197742554545717,0.0
7749,1700427660000.0,0.0,0.0,1105.0,0.08030631674208144,0.0,0.0,0.07965,0.9992712802619605,1.0,403.771041410001,300.0,403.04581141000097,300.0,0.2197742554545717,0.0
7750,1700431260000.0,0.0,0.0,1105.0,0.08030631674208144,0.0,0.0,0.07975,0.9992712802619605,1.0,403.771041410001,300.0,403.15631141000097,300.0,0.2197742554545717,0.0
7751,1700434860000.0,0.0,0.0,1105.0,0.08030631674208144,0.0,0.0,0.07965,0.9992712802619605,1.0,403.771041410001,300.0,403.04581141000097,300.0,0.2197742554545717,0.0
7752,1700438460000.0,0.0,0.0,1105.0,0.08030631674208144,0.0,0.0,0.08031,0.9992712802619605,1.0,403.771041410001,300.0,403.775111410001,300.0,0.2197742554545717,0.0
7753,1700442060000.0,0.0,0.0,1105.0,0.08030631674208144,0.0,0.0,0.08018,0.9992712802619605,1.0,403.771041410001,300.0,403.631461410001,300.0,0.2197742554545717,0.0
7754,1700445660000.0,0.0,0.0,1105.0,0.08030631674208144,0.0,0.0,0.07992,0.9992712802619605,1.0,403.771041410001,300.0,403.344161410001,300.0,0.2197742554545717,0.0
7755,1700449260000.0,0.0,0.0,1105.0,0.08030631674208144,0.0,0.0,0.08012,0.9992712802619605,1.0,403.771041410001,300.0,403.565161410001,300.0,0.2197742554545717,0.0
7756,1700452860000.0,0.0,0.0,1105.0,0.08030631674208144,0.0,0.0,0.07993,0.9992712802619605,1.0,403.771041410001,300.0,403.355211410001,300.0,0.2197742554545717,0.0
7757,1700456460000.0,0.0,0.0,1105.0,0.08030631674208144,0.0,0.0,0.08025,0.9992712802619605,1.0,403.771041410001,300.0,403.708811410001,300.0,0.2197742554545717,0.0
7758,1700460060000.0,0.0,0.0,1105.0,0.08030631674208144,0.0,0.0,0.08036,0.9992712802619605,1.0,403.771041410001,300.0,403.830361410001,300.0,0.2197742554545717,0.0
7759,1700463660000.0,0.0,0.0,1105.0,0.08030631674208144,0.0,0.0,0.08104,0.9992712802619605,1.0,403.771041410001,300.0,404.581761410001,300.0,0.2197742554545717,0.0
7760,1700467260000.0,0.0,0.0,1105.0,0.08030631674208144,0.0,0.0,0.08094,0.9992712802619605,1.0,403.771041410001,300.0,404.471261410001,300.0,0.2197742554545717,0.0
7761,1700470860000.0,0.0,0.0,1105.0,0.08030631674208144,0.0,0.0,0.08056,0.9992712802619605,1.0,403.771041410001,300.0,404.051361410001,300.0,0.2197742554545717,0.0
7762,1700474460000.0,0.0,0.0,1105.0,0.08030631674208144,0.0,0.0,0.0811,0.9992712802619605,1.0,403.771041410001,300.0,404.648061410001,300.0,0.2197742554545717,0.0
7763,1700478060000.0,0.0,0.0,1105.0,0.08030631674208144,0.0,0.0,0.08102,0.9992712802619605,1.0,403.771041410001,300.0,404.55966141000096,300.0,0.2197742554545717,0.0
7764,1700481660000.0,0.0,0.0,0.0,0.08030631674208144,0.0,0.0,0.08174,0.9992712802619605,1.0,404.840393680001,300.0,404.840393680001,300.0,0.0,0.0
7765,1700485260000.0,0.0,0.0,0.0,0.08030631674208144,0.0,0.0,0.08103,0.9992712802619605,1.0,404.840393680001,300.0,404.840393680001,300.0,0.0,0.0
7766,1700488860000.0,0.0,0.0,0.0,0.08030631674208144,0.0,0.0,0.08033,0.9992712802619605,1.0,404.840393680001,300.0,404.840393680001,300.0,0.0,0.0
7767,1700492460000.0,0.0,0.0,253.0,0.08004,0.0,0.0,0.08052,0.9992712802619605,1.0,404.820143560001,300.0,404.941583560001,300.0,0.05002251079187861,0.0
7768,1700496060000.0,0.0,0.0,253.0,0.08004,0.0,0.0,0.0807,0.9992712802619605,1.0,404.820143560001,300.0,404.987123560001,300.0,0.05002251079187861,0.0
7769,1700499660000.0,0.0,0.0,253.0,0.08004,0.0,0.0,0.07972,0.9992712802619605,1.0,404.820143560001,300.0,404.739183560001,300.0,0.05002251079187861,0.0
7770,1700503260000.0,0.0,0.0,0.0,0.08004,0.0,0.0,0.08103,0.9992712802619605,1.0,405.07286020000095,300.0,405.07286020000095,300.0,0.0,0.0
7771,1700506860000.0,0.0,0.0,253.0,0.08006,0.0,0.0,0.07977,0.9992712802619605,1.0,405.05260502000095,300.0,404.97923502000094,300.0,0.05000629485891056,0.0
7772,1700510460000.0,0.0,0.0,253.0,0.08006,0.0,0.0,0.07957,0.9992712802619605,1.0,405.05260502000095,300.0,404.92863502000097,300.0,0.05000629485891056,0.0
7773,1700514060000.0,0.0,0.0,253.0,0.08006,0.0,0.0,0.07902,0.9992712802619605,1.0,405.05260502000095,300.0,404.78948502000094,300.0,0.05000629485891056,0.0
7774,1700517660000.0,0.0,0.0,541.0,0.0786758964879852,0.0,0.0,0.07811,0.9992712802619605,1.0,405.03029654000096,300.0,404.72414654000096,300.0,0.105087595578906,0.0
7775,1700521260000.0,0.0,0.0,541.0,0.0786758964879852,0.0,0.0,0.07809,0.9992712802619605,1.0,405.03029654000096,300.0,404.713326540001,300.0,0.105087595578906,0.0
7776,1700524860000.0,0.0,0.0,541.0,0.0786758964879852,0.0,0.0,0.07762,0.9992712802619605,1.0,405.03029654000096,300.0,404.459056540001,300.0,0.105087595578906,0.0
7777,1700528460000.0,0.0,0.0,541.0,0.0786758964879852,0.0,0.0,0.07832,0.9992712802619605,1.0,405.03029654000096,300.0,404.83775654000095,300.0,0.105087595578906,0.0
7778,1700532060000.0,0.0,0.0,541.0,0.0786758964879852,0.0,0.0,0.07821,0.9992712802619605,1.0,405.03029654000096,300.0,404.77824654000096,300.0,0.105087595578906,0.0
7779,1700535660000.0,0.0,0.0,541.0,0.0786758964879852,0.0,0.0,0.07701,0.9992712802619605,1.0,405.03029654000096,300.0,404.12904654000096,300.0,0.105087595578906,0.0
7780,1700539260000.0,0.0,0.0,541.0,0.0786758964879852,0.0,0.0,0.07727,0.9992712802619605,1.0,405.03029654000096,300.0,404.269706540001,300.0,0.105087595578906,0.0
7781,1700542860000.0,0.0,0.0,541.0,0.0786758964879852,0.0,0.0,0.07723,0.9992712802619605,1.0,405.03029654000096,300.0,404.24806654000093,300.0,0.105087595578906,0.0
7782,1700546460000.0,0.0,0.0,541.0,0.0786758964879852,0.0,0.0,0.07676,0.9992712802619605,1.0,405.03029654000096,300.0,403.993796540001,300.0,0.105087595578906,0.0
7783,1700550060000.0,0.0,0.0,541.0,0.0786758964879852,0.0,0.0,0.07689,0.9992712802619605,1.0,405.03029654000096,300.0,404.064126540001,300.0,0.105087595578906,0.0
7784,1700553660000.0,0.0,0.0,541.0,0.0786758964879852,0.0,0.0,0.07627,0.9992712802619605,1.0,405.03029654000096,300.0,403.728706540001,300.0,0.105087595578906,0.0
7785,1700557260000.0,0.0,0.0,541.0,0.0786758964879852,0.0,0.0,0.07697,0.9992712802619605,1.0,405.03029654000096,300.0,404.10740654000097,300.0,0.105087595578906,0.0
7786,1700560860000.0,0.0,0.0,541.0,0.0786758964879852,0.0,0.0,0.07703,0.9992712802619605,1.0,405.03029654000096,300.0,404.139866540001,300.0,0.105087595578906,0.0
7787,1700564460000.0,0.0,0.0,541.0,0.0786758964879852,0.0,0.0,0.07744,0.9992712802619605,1.0,405.03029654000096,300.0,404.361676540001,300.0,0.105087595578906,0.0
7788,1700568060000.0,0.0,0.0,541.0,0.0786758964879852,0.0,0.0,0.07702,0.9992712802619605,1.0,405.03029654000096,300.0,404.134456540001,300.0,0.105087595578906,0.0
7789,1700571660000.0,0.0,0.0,541.0,0.0786758964879852,0.0,0.0,0.07682,0.9992712802619605,1.0,405.03029654000096,300.0,404.026256540001,300.0,0.105087595578906,0.0
7790,1700575260000.0,0.0,0.0,541.0,0.0786758964879852,0.0,0.0,0.0761,0.9992712802619605,1.0,405.03029654000096,300.0,403.636736540001,300.0,0.105087595578906,0.0
7791,1700578860000.0,0.0,0.0,1156.0,0.07711929930795847,0.0,0.0,0.07596,0.9992712802619605,1.0,404.98371029000094,300.0,403.64356029000095,300.0,0.22013208861206165,0.0
7792,1700582460000.0,0.0,0.0,1156.0,0.07711929930795847,0.0,0.0,0.07566,0.9992712802619605,1.0,404.98371029000094,300.0,403.296760290001,300.0,0.22013208861206165,0.0
7793,1700586060000.0,0.0,0.0,1156.0,0.07711929930795847,0.0,0.0,0.0756,0.9992712802619605,1.0,404.98371029000094,300.0,403.22740029000096,300.0,0.22013208861206165,0.0
7794,1700589660000.0,0.0,0.0,2471.0,0.07518788344799676,0.0,0.0,0.07348,0.9992712802619605,1.0,404.88707094000097,300.0,400.666890940001,300.0,0.4588668627246227,0.0
7795,1700593260000.0,0.0,0.0,2471.0,0.07518788344799676,0.0,0.0,0.07443,0.9992712802619605,1.0,404.88707094000097,300.0,403.014340940001,300.0,0.4588668627246227,0.0
7796,1700596860000.0,0.0,0.0,2471.0,0.07518788344799676,0.0,0.0,0.07457,0.9992712802619605,1.0,404.88707094000097,300.0,403.36028094000096,300.0,0.4588668627246227,0.0
7797,1700600460000.0,0.0,0.0,2471.0,0.07518788344799676,0.0,0.0,0.07525,0.9992712802619605,1.0,404.88707094000097,300.0,405.04056094000094,300.0,0.4588668627246227,0.0
7798,1700604060000.0,0.0,0.0,2471.0,0.07518788344799676,0.0,0.0,0.07426,0.9992712802619605,1.0,404.88707094000097,300.0,402.59427094000097,300.0,0.4588668627246227,0.0
7799,1700607660000.0,0.0,0.0,2471.0,0.07518788344799676,0.0,0.0,0.07135,0.9992712802619605,1.0,404.88707094000097,300.0,395.403660940001,300.0,0.4588668627246227,0.0
7800,1700611260000.0,0.0,0.0,2471.0,0.07518788344799676,0.0,0.0,0.07226,0.9992712802619605,1.0,404.88707094000097,300.0,397.65227094000096,300.0,0.4588668627246227,0.0
7801,1700614860000.0,0.0,0.0,2471.0,0.07518788344799676,0.0,0.0,0.07336,0.9992712802619605,1.0,404.88707094000097,300.0,400.37037094000095,300.0,0.4588668627246227,0.0
7802,1700618460000.0,0.0,0.0,2471.0,0.07518788344799676,0.0,0.0,0.0736,0.9992712802619605,1.0,404.88707094000097,300.0,400.963410940001,300.0,0.4588668627246227,0.0
7803,1700622060000.0,0.0,0.0,2471.0,0.07518788344799676,0.0,0.0,0.07422,0.9992712802619605,1.0,404.88707094000097,300.0,402.495430940001,300.0,0.4588668627246227,0.0
7804,1700625660000.0,0.0,0.0,2471.0,0.07518788344799676,0.0,0.0,0.07425,0.9992712802619605,1.0,404.88707094000097,300.0,402.56956094000094,300.0,0.4588668627246227,0.0
7805,1700629260000.0,0.0,0.0,2471.0,0.07518788344799676,0.0,0.0,0.07457,0.9992712802619605,1.0,404.88707094000097,300.0,403.36028094000096,300.0,0.4588668627246227,0.0
7806,1700632860000.0,0.0,0.0,2471.0,0.07518788344799676,0.0,0.0,0.07426,0.9992712802619605,1.0,404.88707094000097,300.0,402.59427094000097,300.0,0.4588668627246227,0.0
7807,1700636460000.0,0.0,0.0,2471.0,0.07518788344799676,0.0,0.0,0.0745,0.9992712802619605,1.0,404.88707094000097,300.0,403.18731094000094,300.0,0.4588668627246227,0.0
7808,1700640060000.0,0.0,0.0,2471.0,0.07518788344799676,0.0,0.0,0.07431,0.9992712802619605,1.0,404.88707094000097,300.0,402.717820940001,300.0,0.4588668627246227,0.0
7809,1700643660000.0,0.0,0.0,2471.0,0.07518788344799676,0.0,0.0,0.0745,0.9992712802619605,1.0,404.88707094000097,300.0,403.18731094000094,300.0,0.4588668627246227,0.0
7810,1700647260000.0,0.0,0.0,2471.0,0.07518788344799676,0.0,0.0,0.07462,0.9992712802619605,1.0,404.88707094000097,300.0,403.483830940001,300.0,0.4588668627246227,0.0
7811,1700650860000.0,0.0,0.0,2471.0,0.07518788344799676,0.0,0.0,0.07459,0.9992712802619605,1.0,404.88707094000097,300.0,403.40970094000096,300.0,0.4588668627246227,0.0
7812,1700654460000.0,0.0,0.0,2471.0,0.07518788344799676,0.0,0.0,0.07423,0.9992712802619605,1.0,404.88707094000097,300.0,402.520140940001,300.0,0.4588668627246227,0.0
7813,1700658060000.0,0.0,0.0,2471.0,0.07518788344799676,0.0,0.0,0.07445,0.9992712802619605,1.0,404.88707094000097,300.0,403.063760940001,300.0,0.4588668627246227,0.0
7814,1700661660000.0,0.0,0.0,2471.0,0.07518788344799676,0.0,0.0,0.0749,0.9992712802619605,1.0,404.88707094000097,300.0,404.17571094000095,300.0,0.4588668627246227,0.0
7815,1700665260000.0,0.0,0.0,2471.0,0.07518788344799676,0.0,0.0,0.07415,0.9992712802619605,1.0,404.88707094000097,300.0,402.32246094000095,300.0,0.4588668627246227,0.0
7816,1700668860000.0,0.0,0.0,2471.0,0.07518788344799676,0.0,0.0,0.07414,0.9992712802619605,1.0,404.88707094000097,300.0,402.297750940001,300.0,0.4588668627246227,0.0
7817,1700672460000.0,0.0,0.0,2471.0,0.07518788344799676,0.0,0.0,0.07479,0.9992712802619605,1.0,404.88707094000097,300.0,403.90390094000094,300.0,0.4588668627246227,0.0
7818,1700676060000.0,0.0,0.0,2471.0,0.07518788344799676,0.0,0.0,0.07513,0.9992712802619605,1.0,404.88707094000097,300.0,404.74404094000096,300.0,0.4588668627246227,0.0
7819,1700679660000.0,0.0,0.0,1797.0,0.07518788344799676,0.0,0.0,0.07577,0.9992712802619605,1.0,405.39218451605115,300.0,406.438247960001,300.0,0.3332886812244416,0.0
7820,1700683260000.0,0.0,0.0,1200.0,0.07518788344799676,0.0,0.0,0.07582,0.9992712802619605,1.0,405.87935833759707,300.0,406.63789820000096,300.0,0.22229625203691575,0.0
7821,1700686860000.0,0.0,0.0,0.0,0.07518788344799676,0.0,0.0,0.07635,0.9992712802619605,1.0,406.9664942000009,300.0,406.9664942000009,300.0,0.0,0.0
7822,1700690460000.0,0.0,0.0,0.0,0.07518788344799676,0.0,0.0,0.07637,0.9992712802619605,1.0,406.9664942000009,300.0,406.9664942000009,300.0,0.0,0.0
7823,1700694060000.0,0.0,0.0,0.0,0.07518788344799676,0.0,0.0,0.07583,0.9992712802619605,1.0,406.9664942000009,300.0,406.9664942000009,300.0,0.0,0.0
7824,1700697660000.0,0.0,0.0,0.0,0.07518788344799676,0.0,0.0,0.07572,0.9992712802619605,1.0,406.9664942000009,300.0,406.9664942000009,300.0,0.0,0.0
7825,1700701260000.0,0.0,0.0,0.0,0.07518788344799676,0.0,0.0,0.07561,0.9992712802619605,1.0,406.9664942000009,300.0,406.9664942000009,300.0,0.0,0.0
7826,1700704860000.0,0.0,0.0,0.0,0.07518788344799676,0.0,0.0,0.07614,0.9992712802619605,1.0,406.9664942000009,300.0,406.9664942000009,300.0,0.0,0.0
7827,1700708460000.0,0.0,0.0,0.0,0.07518788344799676,0.0,0.0,0.07598,0.9992712802619605,1.0,406.9664942000009,300.0,406.9664942000009,300.0,0.0,0.0
7828,1700712060000.0,0.0,0.0,0.0,0.07518788344799676,0.0,0.0,0.07589,0.9992712802619605,1.0,406.9664942000009,300.0,406.9664942000009,300.0,0.0,0.0
7829,1700715660000.0,0.0,0.0,0.0,0.07518788344799676,0.0,0.0,0.07619,0.9992712802619605,1.0,406.9664942000009,300.0,406.9664942000009,300.0,0.0,0.0
7830,1700719260000.0,0.0,0.0,0.0,0.07518788344799676,0.0,0.0,0.07592,0.9992712802619605,1.0,406.9664942000009,300.0,406.9664942000009,300.0,0.0,0.0
7831,1700722860000.0,0.0,0.0,0.0,0.07518788344799676,0.0,0.0,0.07597,0.9992712802619605,1.0,406.9664942000009,300.0,406.9664942000009,300.0,0.0,0.0
7832,1700726460000.0,0.0,0.0,0.0,0.07518788344799676,0.0,0.0,0.07584,0.9992712802619605,1.0,406.9664942000009,300.0,406.9664942000009,300.0,0.0,0.0
7833,1700730060000.0,0.0,0.0,0.0,0.07518788344799676,0.0,0.0,0.0762,0.9992712802619605,1.0,406.9664942000009,300.0,406.9664942000009,300.0,0.0,0.0
7834,1700733660000.0,0.0,0.0,0.0,0.07518788344799676,0.0,0.0,0.07628,0.9992712802619605,1.0,406.9664942000009,300.0,406.9664942000009,300.0,0.0,0.0
7835,1700737260000.0,0.0,0.0,0.0,0.07518788344799676,0.0,0.0,0.07615,0.9992712802619605,1.0,406.9664942000009,300.0,406.9664942000009,300.0,0.0,0.0
7836,1700740860000.0,0.0,0.0,270.0,0.07546,0.0,0.0,0.07573,0.9992712802619605,1.0,406.9461200000009,300.0,407.0190200000009,300.0,0.05006608737294252,0.0
7837,1700744460000.0,0.0,0.0,270.0,0.07546,0.0,0.0,0.07557,0.9992712802619605,1.0,406.9461200000009,300.0,406.9758200000009,300.0,0.05006608737294252,0.0
7838,1700748060000.0,0.0,0.0,270.0,0.07546,0.0,0.0,0.0758,0.9992712802619605,1.0,406.9461200000009,300.0,407.0379200000009,300.0,0.05006608737294252,0.0
7839,1700751660000.0,0.0,0.0,270.0,0.07546,0.0,0.0,0.0757,0.9992712802619605,1.0,406.9461200000009,300.0,407.0109200000009,300.0,0.05006608737294252,0.0
7840,1700755260000.0,0.0,0.0,270.0,0.07546,0.0,0.0,0.07511,0.9992712802619605,1.0,406.9461200000009,300.0,406.85162000000093,300.0,0.05006608737294252,0.0
7841,1700758860000.0,0.0,0.0,270.0,0.07546,0.0,0.0,0.07543,0.9992712802619605,1.0,406.9461200000009,300.0,406.9380200000009,300.0,0.05006608737294252,0.0
7842,1700762460000.0,0.0,0.0,270.0,0.07546,0.0,0.0,0.0758,0.9992712802619605,1.0,406.9461200000009,300.0,407.0379200000009,300.0,0.05006608737294252,0.0
7843,1700766060000.0,0.0,0.0,270.0,0.07546,0.0,0.0,0.07588,0.9992712802619605,1.0,406.9461200000009,300.0,407.05952000000093,300.0,0.05006608737294252,0.0
7844,1700769660000.0,0.0,0.0,270.0,0.07546,0.0,0.0,0.07575,0.9992712802619605,1.0,406.9461200000009,300.0,407.02442000000093,300.0,0.05006608737294252,0.0
7845,1700773260000.0,0.0,0.0,270.0,0.07546,0.0,0.0,0.07599,0.9992712802619605,1.0,406.9461200000009,300.0,407.0892200000009,300.0,0.05006608737294252,0.0
7846,1700776860000.0,0.0,0.0,270.0,0.07546,0.0,0.0,0.07615,0.9992712802619605,1.0,406.9461200000009,300.0,407.13242000000093,300.0,0.05006608737294252,0.0
7847,1700780460000.0,0.0,0.0,270.0,0.07546,0.0,0.0,0.07623,0.9992712802619605,1.0,406.9461200000009,300.0,407.1540200000009,300.0,0.05006608737294252,0.0
7848,1700784060000.0,0.0,0.0,270.0,0.07546,0.0,0.0,0.07624,0.9992712802619605,1.0,406.9461200000009,300.0,407.1567200000009,300.0,0.05006608737294252,0.0
7849,1700787660000.0,0.0,0.0,0.0,0.07546,0.0,0.0,0.07651,0.9992712802619605,1.0,407.2008704000009,300.0,407.2008704000009,300.0,0.0,0.0
7850,1700791260000.0,0.0,0.0,0.0,0.07546,0.0,0.0,0.07679,0.9992712802619605,1.0,407.2008704000009,300.0,407.2008704000009,300.0,0.0,0.0
7851,1700794860000.0,0.0,0.0,0.0,0.07546,0.0,0.0,0.07694,0.9992712802619605,1.0,407.2008704000009,300.0,407.2008704000009,300.0,0.0,0.0
7852,1700798460000.0,0.0,0.0,0.0,0.07546,0.0,0.0,0.07719,0.9992712802619605,1.0,407.2008704000009,300.0,407.2008704000009,300.0,0.0,0.0
7853,1700802060000.0,0.0,0.0,0.0,0.07546,0.0,0.0,0.077,0.9992712802619605,1.0,407.2008704000009,300.0,407.2008704000009,300.0,0.0,0.0
7854,1700805660000.0,0.0,0.0,0.0,0.07546,0.0,0.0,0.07706,0.9992712802619605,1.0,407.2008704000009,300.0,407.2008704000009,300.0,0.0,0.0
7855,1700809260000.0,0.0,0.0,0.0,0.07546,0.0,0.0,0.07711,0.9992712802619605,1.0,407.2008704000009,300.0,407.2008704000009,300.0,0.0,0.0
7856,1700812860000.0,0.0,0.0,0.0,0.07546,0.0,0.0,0.07779,0.9992712802619605,1.0,407.2008704000009,300.0,407.2008704000009,300.0,0.0,0.0
7857,1700816460000.0,0.0,0.0,0.0,0.07546,0.0,0.0,0.07734,0.9992712802619605,1.0,407.2008704000009,300.0,407.2008704000009,300.0,0.0,0.0
7858,1700820060000.0,0.0,0.0,0.0,0.07546,0.0,0.0,0.0779,0.9992712802619605,1.0,407.2008704000009,300.0,407.2008704000009,300.0,0.0,0.0
7859,1700823660000.0,0.0,0.0,0.0,0.07546,0.0,0.0,0.07746,0.9992712802619605,1.0,407.2008704000009,300.0,407.2008704000009,300.0,0.0,0.0
7860,1700827260000.0,0.0,0.0,0.0,0.07546,0.0,0.0,0.07733,0.9992712802619605,1.0,407.2008704000009,300.0,407.2008704000009,300.0,0.0,0.0
7861,1700830860000.0,0.0,0.0,0.0,0.07546,0.0,0.0,0.07736,0.9992712802619605,1.0,407.2008704000009,300.0,407.2008704000009,300.0,0.0,0.0
7862,1700834460000.0,0.0,0.0,0.0,0.07546,0.0,0.0,0.07727,0.9992712802619605,1.0,407.2008704000009,300.0,407.2008704000009,300.0,0.0,0.0
7863,1700838060000.0,0.0,0.0,0.0,0.07546,0.0,0.0,0.07739,0.9992712802619605,1.0,407.2008704000009,300.0,407.2008704000009,300.0,0.0,0.0
7864,1700841660000.0,0.0,0.0,0.0,0.07546,0.0,0.0,0.07795,0.9992712802619605,1.0,407.2008704000009,300.0,407.2008704000009,300.0,0.0,0.0
7865,1700845260000.0,0.0,0.0,0.0,0.07546,0.0,0.0,0.07739,0.9992712802619605,1.0,407.2008704000009,300.0,407.2008704000009,300.0,0.0,0.0
7866,1700848860000.0,0.0,0.0,0.0,0.07546,0.0,0.0,0.07765,0.9992712802619605,1.0,407.2008704000009,300.0,407.2008704000009,300.0,0.0,0.0
7867,1700852460000.0,0.0,0.0,0.0,0.07546,0.0,0.0,0.07741,0.9992712802619605,1.0,407.2008704000009,300.0,407.2008704000009,300.0,0.0,0.0
7868,1700856060000.0,0.0,0.0,0.0,0.07546,0.0,0.0,0.07734,0.9992712802619605,1.0,407.2008704000009,300.0,407.2008704000009,300.0,0.0,0.0
7869,1700859660000.0,0.0,0.0,0.0,0.07546,0.0,0.0,0.0778,0.9992712802619605,1.0,407.2008704000009,300.0,407.2008704000009,300.0,0.0,0.0
7870,1700863260000.0,0.0,0.0,0.0,0.07546,0.0,0.0,0.07761,0.9992712802619605,1.0,407.2008704000009,300.0,407.2008704000009,300.0,0.0,0.0
7871,1700866860000.0,0.0,0.0,0.0,0.07546,0.0,0.0,0.07816,0.9992712802619605,1.0,407.2008704000009,300.0,407.2008704000009,300.0,0.0,0.0
7872,1700870460000.0,0.0,0.0,0.0,0.07546,0.0,0.0,0.07812,0.9992712802619605,1.0,407.2008704000009,300.0,407.2008704000009,300.0,0.0,0.0
7873,1700874060000.0,0.0,0.0,0.0,0.07546,0.0,0.0,0.0784,0.9992712802619605,1.0,407.2008704000009,300.0,407.2008704000009,300.0,0.0,0.0
7874,1700877660000.0,0.0,0.0,0.0,0.07546,0.0,0.0,0.07892,0.9992712802619605,1.0,407.2008704000009,300.0,407.2008704000009,300.0,0.0,0.0
7875,1700881260000.0,0.0,0.0,0.0,0.07546,0.0,0.0,0.07893,0.9992712802619605,1.0,407.2008704000009,300.0,407.2008704000009,300.0,0.0,0.0
7876,1700884860000.0,0.0,0.0,0.0,0.07546,0.0,0.0,0.07903,0.9992712802619605,1.0,407.2008704000009,300.0,407.2008704000009,300.0,0.0,0.0
7877,1700888460000.0,0.0,0.0,0.0,0.07546,0.0,0.0,0.07864,0.9992712802619605,1.0,407.2008704000009,300.0,407.2008704000009,300.0,0.0,0.0
7878,1700892060000.0,0.0,0.0,0.0,0.07546,0.0,0.0,0.07867,0.9992712802619605,1.0,407.2008704000009,300.0,407.2008704000009,300.0,0.0,0.0
7879,1700895660000.0,0.0,0.0,0.0,0.07546,0.0,0.0,0.07882,0.9992712802619605,1.0,407.2008704000009,300.0,407.2008704000009,300.0,0.0,0.0
7880,1700899260000.0,0.0,0.0,0.0,0.07546,0.0,0.0,0.07886,0.9992712802619605,1.0,407.2008704000009,300.0,407.2008704000009,300.0,0.0,0.0
7881,1700902860000.0,0.0,0.0,0.0,0.07546,0.0,0.0,0.07869,0.9992712802619605,1.0,407.2008704000009,300.0,407.2008704000009,300.0,0.0,0.0
7882,1700906460000.0,0.0,0.0,0.0,0.07546,0.0,0.0,0.0783,0.9992712802619605,1.0,407.2008704000009,300.0,407.2008704000009,300.0,0.0,0.0
7883,1700910060000.0,0.0,0.0,261.0,0.07789,0.0,0.0,0.07816,0.9992712802619605,1.0,407.1805411100009,300.0,407.2510111100009,300.0,0.04992696837766614,0.0
7884,1700913660000.0,0.0,0.0,261.0,0.07789,0.0,0.0,0.07788,0.9992712802619605,1.0,407.1805411100009,300.0,407.1779311100009,300.0,0.04992696837766614,0.0
7885,1700917260000.0,0.0,0.0,261.0,0.07789,0.0,0.0,0.0783,0.9992712802619605,1.0,407.1805411100009,300.0,407.2875511100009,300.0,0.04992696837766614,0.0
7886,1700920860000.0,0.0,0.0,261.0,0.07789,0.0,0.0,0.07822,0.9992712802619605,1.0,407.1805411100009,300.0,407.2666711100009,300.0,0.04992696837766614,0.0
7887,1700924460000.0,0.0,0.0,261.0,0.07789,0.0,0.0,0.0781,0.9992712802619605,1.0,407.1805411100009,300.0,407.23535111000086,300.0,0.04992696837766614,0.0
7888,1700928060000.0,0.0,0.0,261.0,0.07789,0.0,0.0,0.07838,0.9992712802619605,1.0,407.1805411100009,300.0,407.30843111000087,300.0,0.04992696837766614,0.0
7889,1700931660000.0,0.0,0.0,261.0,0.07789,0.0,0.0,0.07832,0.9992712802619605,1.0,407.1805411100009,300.0,407.2927711100009,300.0,0.04992696837766614,0.0
7890,1700935260000.0,0.0,0.0,0.0,0.07789,0.0,0.0,0.07912,0.9992712802619605,1.0,407.4339877700009,300.0,407.4339877700009,300.0,0.0,0.0
7891,1700938860000.0,0.0,0.0,0.0,0.07789,0.0,0.0,0.07882,0.9992712802619605,1.0,407.4339877700009,300.0,407.4339877700009,300.0,0.0,0.0
7892,1700942460000.0,0.0,0.0,0.0,0.07789,0.0,0.0,0.07862,0.9992712802619605,1.0,407.4339877700009,300.0,407.4339877700009,300.0,0.0,0.0
7893,1700946060000.0,0.0,0.0,0.0,0.07789,0.0,0.0,0.07852,0.9992712802619605,1.0,407.4339877700009,300.0,407.4339877700009,300.0,0.0,0.0
7894,1700949660000.0,0.0,0.0,0.0,0.07789,0.0,0.0,0.07868,0.9992712802619605,1.0,407.4339877700009,300.0,407.4339877700009,300.0,0.0,0.0
7895,1700953260000.0,0.0,0.0,0.0,0.07789,0.0,0.0,0.07882,0.9992712802619605,1.0,407.4339877700009,300.0,407.4339877700009,300.0,0.0,0.0
7896,1700956860000.0,0.0,0.0,0.0,0.07789,0.0,0.0,0.07891,0.9992712802619605,1.0,407.4339877700009,300.0,407.4339877700009,300.0,0.0,0.0
7897,1700960460000.0,0.0,0.0,0.0,0.07789,0.0,0.0,0.07864,0.9992712802619605,1.0,407.4339877700009,300.0,407.4339877700009,300.0,0.0,0.0
7898,1700964060000.0,0.0,0.0,261.0,0.07818,0.0,0.0,0.0782,0.9992712802619605,1.0,407.4135827900009,300.0,407.4188027900009,300.0,0.050084191745069125,0.0
7899,1700967660000.0,0.0,0.0,261.0,0.07818,0.0,0.0,0.07844,0.9992712802619605,1.0,407.4135827900009,300.0,407.48144279000087,300.0,0.050084191745069125,0.0
7900,1700971260000.0,0.0,0.0,261.0,0.07818,0.0,0.0,0.07833,0.9992712802619605,1.0,407.4135827900009,300.0,407.4527327900009,300.0,0.050084191745069125,0.0
7901,1700974860000.0,0.0,0.0,261.0,0.07818,0.0,0.0,0.07859,0.9992712802619605,1.0,407.4135827900009,300.0,407.5205927900009,300.0,0.050084191745069125,0.0
7902,1700978460000.0,0.0,0.0,261.0,0.07818,0.0,0.0,0.07854,0.9992712802619605,1.0,407.4135827900009,300.0,407.50754279000085,300.0,0.050084191745069125,0.0
7903,1700982060000.0,0.0,0.0,261.0,0.07818,0.0,0.0,0.07831,0.9992712802619605,1.0,407.4135827900009,300.0,407.44751279000087,300.0,0.050084191745069125,0.0
7904,1700985660000.0,0.0,0.0,261.0,0.07818,0.0,0.0,0.07819,0.9992712802619605,1.0,407.4135827900009,300.0,407.4161927900009,300.0,0.050084191745069125,0.0
7905,1700989260000.0,0.0,0.0,261.0,0.07818,0.0,0.0,0.0781,0.9992712802619605,1.0,407.4135827900009,300.0,407.3927027900009,300.0,0.050084191745069125,0.0
7906,1700992860000.0,0.0,0.0,261.0,0.07818,0.0,0.0,0.07806,0.9992712802619605,1.0,407.4135827900009,300.0,407.3822627900009,300.0,0.050084191745069125,0.0
7907,1700996460000.0,0.0,0.0,261.0,0.07818,0.0,0.0,0.07782,0.9992712802619605,1.0,407.4135827900009,300.0,407.3196227900009,300.0,0.050084191745069125,0.0
7908,1701000060000.0,0.0,0.0,261.0,0.07818,0.0,0.0,0.07771,0.9992712802619605,1.0,407.4135827900009,300.0,407.29091279000085,300.0,0.050084191745069125,0.0
7909,1701003660000.0,0.0,0.0,261.0,0.07818,0.0,0.0,0.07793,0.9992712802619605,1.0,407.4135827900009,300.0,407.3483327900009,300.0,0.050084191745069125,0.0
7910,1701007260000.0,0.0,0.0,261.0,0.07818,0.0,0.0,0.07788,0.9992712802619605,1.0,407.4135827900009,300.0,407.33528279000086,300.0,0.050084191745069125,0.0
7911,1701010860000.0,0.0,0.0,261.0,0.07818,0.0,0.0,0.07712,0.9992712802619605,1.0,407.4135827900009,300.0,407.1369227900009,300.0,0.050084191745069125,0.0
7912,1701014460000.0,0.0,0.0,261.0,0.07818,0.0,0.0,0.07744,0.9992712802619605,1.0,407.4135827900009,300.0,407.22044279000085,300.0,0.050084191745069125,0.0
7913,1701018060000.0,0.0,0.0,558.0,0.07682806451612903,0.0,0.0,0.07633,0.9992712802619605,1.0,407.39111771000086,300.0,407.11319771000086,300.0,0.10523071843337736,0.0
7914,1701021660000.0,0.0,0.0,558.0,0.07682806451612903,0.0,0.0,0.07649,0.9992712802619605,1.0,407.39111771000086,300.0,407.20247771000084,300.0,0.10523071843337736,0.0
7915,1701025260000.0,0.0,0.0,558.0,0.07682806451612903,0.0,0.0,0.07651,0.9992712802619605,1.0,407.39111771000086,300.0,407.21363771000085,300.0,0.10523071843337736,0.0
7916,1701028860000.0,0.0,0.0,558.0,0.07682806451612903,0.0,0.0,0.07701,0.9992712802619605,1.0,407.39111771000086,300.0,407.49263771000085,300.0,0.10523071843337736,0.0
7917,1701032460000.0,0.0,0.0,558.0,0.07682806451612903,0.0,0.0,0.0775,0.9992712802619605,1.0,407.39111771000086,300.0,407.76605771000084,300.0,0.10523071843337736,0.0
7918,1701036060000.0,0.0,0.0,558.0,0.07682806451612903,0.0,0.0,0.07742,0.9992712802619605,1.0,407.39111771000086,300.0,407.7214177100009,300.0,0.10523071843337736,0.0
7919,1701039660000.0,0.0,0.0,0.0,0.07682806451612903,0.0,0.0,0.07788,0.9992712802619605,1.0,407.9234918300009,300.0,407.9234918300009,300.0,0.0,0.0
7920,1701043260000.0,0.0,0.0,0.0,0.07682806451612903,0.0,0.0,0.07858,0.9992712802619605,1.0,407.9234918300009,300.0,407.9234918300009,300.0,0.0,0.0
7921,1701046860000.0,0.0,0.0,0.0,0.07682806451612903,0.0,0.0,0.07954,0.9992712802619605,1.0,407.9234918300009,300.0,407.9234918300009,300.0,0.0,0.0
7922,1701050460000.0,0.0,0.0,0.0,0.07682806451612903,0.0,0.0,0.07875,0.9992712802619605,1.0,407.9234918300009,300.0,407.9234918300009,300.0,0.0,0.0
7923,1701054060000.0,0.0,0.0,0.0,0.07682806451612903,0.0,0.0,0.07831,0.9992712802619605,1.0,407.9234918300009,300.0,407.9234918300009,300.0,0.0,0.0
7924,1701057660000.0,0.0,0.0,263.0,0.07769,0.0,0.0,0.07821,0.9992712802619605,1.0,407.9030593600009,300.0,408.0398193600009,300.0,0.05009148505053751,0.0
7925,1701061260000.0,0.0,0.0,0.0,0.07769,0.0,0.0,0.0791,0.9992712802619605,1.0,408.15850074000093,300.0,408.15850074000093,300.0,0.0,0.0
7926,1701064860000.0,0.0,0.0,0.0,0.07769,0.0,0.0,0.0807,0.9992712802619605,1.0,408.15850074000093,300.0,408.15850074000093,300.0,0.0,0.0
7927,1701068460000.0,0.0,0.0,0.0,0.07769,0.0,0.0,0.08088,0.9992712802619605,1.0,408.15850074000093,300.0,408.15850074000093,300.0,0.0,0.0
7928,1701072060000.0,0.0,0.0,0.0,0.07769,0.0,0.0,0.08115,0.9992712802619605,1.0,408.15850074000093,300.0,408.15850074000093,300.0,0.0,0.0
7929,1701075660000.0,0.0,0.0,0.0,0.07769,0.0,0.0,0.08025,0.9992712802619605,1.0,408.15850074000093,300.0,408.15850074000093,300.0,0.0,0.0
7930,1701079260000.0,0.0,0.0,0.0,0.07769,0.0,0.0,0.07993,0.9992712802619605,1.0,408.15850074000093,300.0,408.15850074000093,300.0,0.0,0.0
7931,1701082860000.0,0.0,0.0,260.0,0.07861,0.0,0.0,0.07864,0.9992712802619605,1.0,408.13806214000095,300.0,408.14586214000093,300.0,0.05007766218331551,0.0
7932,1701086460000.0,0.0,0.0,260.0,0.07861,0.0,0.0,0.07932,0.9992712802619605,1.0,408.13806214000095,300.0,408.32266214000094,300.0,0.05007766218331551,0.0
7933,1701090060000.0,0.0,0.0,260.0,0.07861,0.0,0.0,0.07871,0.9992712802619605,1.0,408.13806214000095,300.0,408.16406214000096,300.0,0.05007766218331551,0.0
7934,1701093660000.0,0.0,0.0,260.0,0.07861,0.0,0.0,0.07884,0.9992712802619605,1.0,408.13806214000095,300.0,408.19786214000095,300.0,0.05007766218331551,0.0
7935,1701097260000.0,0.0,0.0,260.0,0.07861,0.0,0.0,0.07781,0.9992712802619605,1.0,408.13806214000095,300.0,407.9300621400009,300.0,0.05007766218331551,0.0
7936,1701100860000.0,0.0,0.0,260.0,0.07861,0.0,0.0,0.07713,0.9992712802619605,1.0,408.13806214000095,300.0,407.75326214000097,300.0,0.05007766218331551,0.0
7937,1701104460000.0,0.0,0.0,260.0,0.07861,0.0,0.0,0.07801,0.9992712802619605,1.0,408.13806214000095,300.0,407.98206214000095,300.0,0.05007766218331551,0.0
7938,1701108060000.0,0.0,0.0,260.0,0.07861,0.0,0.0,0.07828,0.9992712802619605,1.0,408.13806214000095,300.0,408.05226214000095,300.0,0.05007766218331551,0.0
7939,1701111660000.0,0.0,0.0,260.0,0.07861,0.0,0.0,0.07803,0.9992712802619605,1.0,408.13806214000095,300.0,407.98726214000095,300.0,0.05007766218331551,0.0
7940,1701115260000.0,0.0,0.0,260.0,0.07861,0.0,0.0,0.07759,0.9992712802619605,1.0,408.13806214000095,300.0,407.87286214000096,300.0,0.05007766218331551,0.0
7941,1701118860000.0,0.0,0.0,260.0,0.07861,0.0,0.0,0.07714,0.9992712802619605,1.0,408.13806214000095,300.0,407.75586214000094,300.0,0.05007766218331551,0.0
7942,1701122460000.0,0.0,0.0,260.0,0.07861,0.0,0.0,0.07771,0.9992712802619605,1.0,408.13806214000095,300.0,407.904062140001,300.0,0.05007766218331551,0.0
7943,1701126060000.0,0.0,0.0,260.0,0.07861,0.0,0.0,0.07802,0.9992712802619605,1.0,408.13806214000095,300.0,407.984662140001,300.0,0.05007766218331551,0.0
7944,1701129660000.0,0.0,0.0,260.0,0.07861,0.0,0.0,0.0787,0.9992712802619605,1.0,408.13806214000095,300.0,408.16146214000094,300.0,0.05007766218331551,0.0
7945,1701133260000.0,0.0,0.0,260.0,0.07861,0.0,0.0,0.0788,0.9992712802619605,1.0,408.13806214000095,300.0,408.18746214000095,300.0,0.05007766218331551,0.0
7946,1701136860000.0,0.0,0.0,260.0,0.07861,0.0,0.0,0.07824,0.9992712802619605,1.0,408.13806214000095,300.0,408.04186214000094,300.0,0.05007766218331551,0.0
7947,1701140460000.0,0.0,0.0,260.0,0.07861,0.0,0.0,0.0781,0.9992712802619605,1.0,408.13806214000095,300.0,408.00546214000093,300.0,0.05007766218331551,0.0
7948,1701144060000.0,0.0,0.0,260.0,0.07861,0.0,0.0,0.07804,0.9992712802619605,1.0,408.13806214000095,300.0,407.989862140001,300.0,0.05007766218331551,0.0
7949,1701147660000.0,0.0,0.0,260.0,0.07861,0.0,0.0,0.07778,0.9992712802619605,1.0,408.13806214000095,300.0,407.92226214000095,300.0,0.05007766218331551,0.0
7950,1701151260000.0,0.0,0.0,260.0,0.07861,0.0,0.0,0.07689,0.9992712802619605,1.0,408.13806214000095,300.0,407.69086214000095,300.0,0.05007766218331551,0.0
7951,1701154860000.0,0.0,0.0,260.0,0.07861,0.0,0.0,0.0774,0.9992712802619605,1.0,408.13806214000095,300.0,407.82346214000097,300.0,0.05007766218331551,0.0
7952,1701158460000.0,0.0,0.0,260.0,0.07861,0.0,0.0,0.07722,0.9992712802619605,1.0,408.13806214000095,300.0,407.77666214000095,300.0,0.05007766218331551,0.0
7953,1701162060000.0,0.0,0.0,260.0,0.07861,0.0,0.0,0.07696,0.9992712802619605,1.0,408.13806214000095,300.0,407.709062140001,300.0,0.05007766218331551,0.0
7954,1701165660000.0,0.0,0.0,260.0,0.07861,0.0,0.0,0.0774,0.9992712802619605,1.0,408.13806214000095,300.0,407.82346214000097,300.0,0.05007766218331551,0.0
7955,1701169260000.0,0.0,0.0,260.0,0.07861,0.0,0.0,0.07758,0.9992712802619605,1.0,408.13806214000095,300.0,407.87026214000093,300.0,0.05007766218331551,0.0
7956,1701172860000.0,0.0,0.0,260.0,0.07861,0.0,0.0,0.07806,0.9992712802619605,1.0,408.13806214000095,300.0,407.995062140001,300.0,0.05007766218331551,0.0
7957,1701176460000.0,0.0,0.0,260.0,0.07861,0.0,0.0,0.07778,0.9992712802619605,1.0,408.13806214000095,300.0,407.92226214000095,300.0,0.05007766218331551,0.0
7958,1701180060000.0,0.0,0.0,260.0,0.07861,0.0,0.0,0.07822,0.9992712802619605,1.0,408.13806214000095,300.0,408.03666214000094,300.0,0.05007766218331551,0.0
7959,1701183660000.0,0.0,0.0,0.0,0.07861,0.0,0.0,0.0797,0.9992712802619605,1.0,408.39294794000097,300.0,408.39294794000097,300.0,0.0,0.0
7960,1701187260000.0,0.0,0.0,0.0,0.07861,0.0,0.0,0.08,0.9992712802619605,1.0,408.39294794000097,300.0,408.39294794000097,300.0,0.0,0.0
7961,1701190860000.0,0.0,0.0,0.0,0.07861,0.0,0.0,0.0799,0.9992712802619605,1.0,408.39294794000097,300.0,408.39294794000097,300.0,0.0,0.0
7962,1701194460000.0,0.0,0.0,0.0,0.07861,0.0,0.0,0.0807,0.9992712802619605,1.0,408.39294794000097,300.0,408.39294794000097,300.0,0.0,0.0
7963,1701198060000.0,0.0,0.0,0.0,0.07861,0.0,0.0,0.0803,0.9992712802619605,1.0,408.39294794000097,300.0,408.39294794000097,300.0,0.0,0.0
7964,1701201660000.0,0.0,0.0,0.0,0.07861,0.0,0.0,0.08036,0.9992712802619605,1.0,408.39294794000097,300.0,408.39294794000097,300.0,0.0,0.0
7965,1701205260000.0,0.0,0.0,0.0,0.07861,0.0,0.0,0.08077,0.9992712802619605,1.0,408.39294794000097,300.0,408.39294794000097,300.0,0.0,0.0
7966,1701208860000.0,0.0,0.0,0.0,0.07861,0.0,0.0,0.08026,0.9992712802619605,1.0,408.39294794000097,300.0,408.39294794000097,300.0,0.0,0.0
7967,1701212460000.0,0.0,0.0,0.0,0.07861,0.0,0.0,0.0802,0.9992712802619605,1.0,408.39294794000097,300.0,408.39294794000097,300.0,0.0,0.0
7968,1701216060000.0,0.0,0.0,0.0,0.07861,0.0,0.0,0.08112,0.9992712802619605,1.0,408.39294794000097,300.0,408.39294794000097,300.0,0.0,0.0
7969,1701219660000.0,0.0,0.0,0.0,0.07861,0.0,0.0,0.0809,0.9992712802619605,1.0,408.39294794000097,300.0,408.39294794000097,300.0,0.0,0.0
7970,1701223260000.0,0.0,0.0,0.0,0.07861,0.0,0.0,0.08062,0.9992712802619605,1.0,408.39294794000097,300.0,408.39294794000097,300.0,0.0,0.0
7971,1701226860000.0,0.0,0.0,0.0,0.07861,0.0,0.0,0.08071,0.9992712802619605,1.0,408.39294794000097,300.0,408.39294794000097,300.0,0.0,0.0
7972,1701230460000.0,0.0,0.0,0.0,0.07861,0.0,0.0,0.08057,0.9992712802619605,1.0,408.39294794000097,300.0,408.39294794000097,300.0,0.0,0.0
7973,1701234060000.0,0.0,0.0,0.0,0.07861,0.0,0.0,0.08103,0.9992712802619605,1.0,408.39294794000097,300.0,408.39294794000097,300.0,0.0,0.0
7974,1701237660000.0,0.0,0.0,0.0,0.07861,0.0,0.0,0.0808,0.9992712802619605,1.0,408.39294794000097,300.0,408.39294794000097,300.0,0.0,0.0
7975,1701241260000.0,0.0,0.0,0.0,0.07861,0.0,0.0,0.08094,0.9992712802619605,1.0,408.39294794000097,300.0,408.39294794000097,300.0,0.0,0.0
7976,1701244860000.0,0.0,0.0,0.0,0.07861,0.0,0.0,0.08097,0.9992712802619605,1.0,408.39294794000097,300.0,408.39294794000097,300.0,0.0,0.0
7977,1701248460000.0,0.0,0.0,0.0,0.07861,0.0,0.0,0.08098,0.9992712802619605,1.0,408.39294794000097,300.0,408.39294794000097,300.0,0.0,0.0
7978,1701252060000.0,0.0,0.0,0.0,0.07861,0.0,0.0,0.08044,0.9992712802619605,1.0,408.39294794000097,300.0,408.39294794000097,300.0,0.0,0.0
7979,1701255660000.0,0.0,0.0,256.0,0.0799,0.0,0.0,0.07987,0.9992712802619605,1.0,408.37249354000096,300.0,408.36481354000097,300.0,0.050087604634410685,0.0
7980,1701259260000.0,0.0,0.0,0.0,0.0799,0.0,0.0,0.08176,0.9992712802619605,1.0,408.628242660001,300.0,408.628242660001,300.0,0.0,0.0
7981,1701262860000.0,0.0,0.0,0.0,0.0799,0.0,0.0,0.08197,0.9992712802619605,1.0,408.628242660001,300.0,408.628242660001,300.0,0.0,0.0
7982,1701266460000.0,0.0,0.0,0.0,0.0799,0.0,0.0,0.0819,0.9992712802619605,1.0,408.628242660001,300.0,408.628242660001,300.0,0.0,0.0
7983,1701270060000.0,0.0,0.0,0.0,0.0799,0.0,0.0,0.08081,0.9992712802619605,1.0,408.628242660001,300.0,408.628242660001,300.0,0.0,0.0
7984,1701273660000.0,0.0,0.0,255.0,0.08028,0.0,0.0,0.08034,0.9992712802619605,1.0,408.60777126000096,300.0,408.623071260001,300.0,0.050100368715145796,0.0
7985,1701277260000.0,0.0,0.0,255.0,0.08028,0.0,0.0,0.08026,0.9992712802619605,1.0,408.60777126000096,300.0,408.60267126000093,300.0,0.050100368715145796,0.0
7986,1701280860000.0,0.0,0.0,255.0,0.08028,0.0,0.0,0.081,0.9992712802619605,1.0,408.60777126000096,300.0,408.791371260001,300.0,0.050100368715145796,0.0
7987,1701284460000.0,0.0,0.0,0.0,0.08028,0.0,0.0,0.08123,0.9992712802619605,1.0,408.86242446000097,300.0,408.86242446000097,300.0,0.0,0.0
7988,1701288060000.0,0.0,0.0,0.0,0.08028,0.0,0.0,0.08138,0.9992712802619605,1.0,408.86242446000097,300.0,408.86242446000097,300.0,0.0,0.0
7989,1701291660000.0,0.0,0.0,254.0,0.08041,0.0,0.0,0.08061,0.9992712802619605,1.0,408.842000320001,300.0,408.89280032000096,300.0,0.049956071010351204,0.0
7990,1701295260000.0,0.0,0.0,254.0,0.08041,0.0,0.0,0.08067,0.9992712802619605,1.0,408.842000320001,300.0,408.90804032000096,300.0,0.049956071010351204,0.0
7991,1701298860000.0,0.0,0.0,254.0,0.08041,0.0,0.0,0.08043,0.9992712802619605,1.0,408.842000320001,300.0,408.847080320001,300.0,0.049956071010351204,0.0
7992,1701302460000.0,0.0,0.0,254.0,0.08041,0.0,0.0,0.08044,0.9992712802619605,1.0,408.842000320001,300.0,408.84962032000095,300.0,0.049956071010351204,0.0
7993,1701306060000.0,0.0,0.0,254.0,0.08041,0.0,0.0,0.08082,0.9992712802619605,1.0,408.842000320001,300.0,408.946140320001,300.0,0.049956071010351204,0.0
7994,1701309660000.0,0.0,0.0,254.0,0.08041,0.0,0.0,0.08122,0.9992712802619605,1.0,408.842000320001,300.0,409.04774032000097,300.0,0.049956071010351204,0.0
7995,1701313260000.0,0.0,0.0,0.0,0.08041,0.0,0.0,0.08136,0.9992712802619605,1.0,409.09562186000096,300.0,409.09562186000096,300.0,0.0,0.0
7996,1701316860000.0,0.0,0.0,0.0,0.08041,0.0,0.0,0.0815,0.9992712802619605,1.0,409.09562186000096,300.0,409.09562186000096,300.0,0.0,0.0
7997,1701320460000.0,0.0,0.0,0.0,0.08041,0.0,0.0,0.08151,0.9992712802619605,1.0,409.09562186000096,300.0,409.09562186000096,300.0,0.0,0.0
7998,1701324060000.0,0.0,0.0,0.0,0.08041,0.0,0.0,0.08127,0.9992712802619605,1.0,409.09562186000096,300.0,409.09562186000096,300.0,0.0,0.0
7999,1701327660000.0,0.0,0.0,0.0,0.08041,0.0,0.0,0.0816,0.9992712802619605,1.0,409.09562186000096,300.0,409.09562186000096,300.0,0.0,0.0
8000,1701331260000.0,0.0,0.0,0.0,0.08041,0.0,0.0,0.08173,0.9992712802619605,1.0,409.09562186000096,300.0,409.09562186000096,300.0,0.0,0.0
8001,1701334860000.0,0.0,0.0,0.0,0.08041,0.0,0.0,0.0815,0.9992712802619605,1.0,409.09562186000096,300.0,409.09562186000096,300.0,0.0,0.0
8002,1701338460000.0,0.0,0.0,0.0,0.08041,0.0,0.0,0.08206,0.9992712802619605,1.0,409.09562186000096,300.0,409.09562186000096,300.0,0.0,0.0
8003,1701342060000.0,0.0,0.0,0.0,0.08041,0.0,0.0,0.08167,0.9992712802619605,1.0,409.09562186000096,300.0,409.09562186000096,300.0,0.0,0.0
8004,1701345660000.0,0.0,0.0,0.0,0.08041,0.0,0.0,0.08178,0.9992712802619605,1.0,409.09562186000096,300.0,409.09562186000096,300.0,0.0,0.0
8005,1701349260000.0,0.0,0.0,0.0,0.08041,0.0,0.0,0.08149,0.9992712802619605,1.0,409.09562186000096,300.0,409.09562186000096,300.0,0.0,0.0
8006,1701352860000.0,0.0,0.0,0.0,0.08041,0.0,0.0,0.08209,0.9992712802619605,1.0,409.09562186000096,300.0,409.09562186000096,300.0,0.0,0.0
8007,1701356460000.0,0.0,0.0,0.0,0.08041,0.0,0.0,0.08288,0.9992712802619605,1.0,409.09562186000096,300.0,409.09562186000096,300.0,0.0,0.0
8008,1701360060000.0,0.0,0.0,0.0,0.08041,0.0,0.0,0.08237,0.9992712802619605,1.0,409.09562186000096,300.0,409.09562186000096,300.0,0.0,0.0
8009,1701363660000.0,0.0,0.0,0.0,0.08041,0.0,0.0,0.08334,0.9992712802619605,1.0,409.09562186000096,300.0,409.09562186000096,300.0,0.0,0.0
8010,1701367260000.0,0.0,0.0,0.0,0.08041,0.0,0.0,0.0836,0.9992712802619605,1.0,409.09562186000096,300.0,409.09562186000096,300.0,0.0,0.0
8011,1701370860000.0,0.0,0.0,0.0,0.08041,0.0,0.0,0.08352,0.9992712802619605,1.0,409.09562186000096,300.0,409.09562186000096,300.0,0.0,0.0
8012,1701374460000.0,0.0,0.0,0.0,0.08041,0.0,0.0,0.08421,0.9992712802619605,1.0,409.09562186000096,300.0,409.09562186000096,300.0,0.0,0.0
8013,1701378060000.0,0.0,0.0,0.0,0.08041,0.0,0.0,0.08319,0.9992712802619605,1.0,409.09562186000096,300.0,409.09562186000096,300.0,0.0,0.0
8014,1701381660000.0,0.0,0.0,0.0,0.08041,0.0,0.0,0.08326,0.9992712802619605,1.0,409.09562186000096,300.0,409.09562186000096,300.0,0.0,0.0
8015,1701385260000.0,0.0,0.0,0.0,0.08041,0.0,0.0,0.08324,0.9992712802619605,1.0,409.09562186000096,300.0,409.09562186000096,300.0,0.0,0.0
8016,1701388860000.0,0.0,0.0,0.0,0.08041,0.0,0.0,0.08343,0.9992712802619605,1.0,409.09562186000096,300.0,409.09562186000096,300.0,0.0,0.0
8017,1701392460000.0,0.0,0.0,0.0,0.08041,0.0,0.0,0.08244,0.9992712802619605,1.0,409.09562186000096,300.0,409.09562186000096,300.0,0.0,0.0
8018,1701396060000.0,0.0,0.0,0.0,0.08041,0.0,0.0,0.08383,0.9992712802619605,1.0,409.09562186000096,300.0,409.09562186000096,300.0,0.0,0.0
8019,1701399660000.0,0.0,0.0,0.0,0.08041,0.0,0.0,0.08365,0.9992712802619605,1.0,409.09562186000096,300.0,409.09562186000096,300.0,0.0,0.0
8020,1701403260000.0,0.0,0.0,0.0,0.08041,0.0,0.0,0.08396,0.9992712802619605,1.0,409.09562186000096,300.0,409.09562186000096,300.0,0.0,0.0
8021,1701406860000.0,0.0,0.0,0.0,0.08041,0.0,0.0,0.08428,0.9992712802619605,1.0,409.09562186000096,300.0,409.09562186000096,300.0,0.0,0.0
8022,1701410460000.0,0.0,0.0,0.0,0.08041,0.0,0.0,0.08397,0.9992712802619605,1.0,409.09562186000096,300.0,409.09562186000096,300.0,0.0,0.0
8023,1701414060000.0,0.0,0.0,0.0,0.08041,0.0,0.0,0.08493,0.9992712802619605,1.0,409.09562186000096,300.0,409.09562186000096,300.0,0.0,0.0
8024,1701417660000.0,0.0,0.0,0.0,0.08041,0.0,0.0,0.08436,0.9992712802619605,1.0,409.09562186000096,300.0,409.09562186000096,300.0,0.0,0.0
8025,1701421260000.0,0.0,0.0,0.0,0.08041,0.0,0.0,0.08411,0.9992712802619605,1.0,409.09562186000096,300.0,409.09562186000096,300.0,0.0,0.0
8026,1701424860000.0,0.0,0.0,0.0,0.08041,0.0,0.0,0.08435,0.9992712802619605,1.0,409.09562186000096,300.0,409.09562186000096,300.0,0.0,0.0
8027,1701428460000.0,0.0,0.0,0.0,0.08041,0.0,0.0,0.08391,0.9992712802619605,1.0,409.09562186000096,300.0,409.09562186000096,300.0,0.0,0.0
8028,1701432060000.0,0.0,0.0,0.0,0.08041,0.0,0.0,0.08385,0.9992712802619605,1.0,409.09562186000096,300.0,409.09562186000096,300.0,0.0,0.0
8029,1701435660000.0,0.0,0.0,246.0,0.08316,0.0,0.0,0.08332,0.9992712802619605,1.0,409.07516450000094,300.0,409.1145245000009,300.0,0.05000880467775244,0.0
8030,1701439260000.0,0.0,0.0,246.0,0.08316,0.0,0.0,0.08303,0.9992712802619605,1.0,409.07516450000094,300.0,409.04318450000096,300.0,0.05000880467775244,0.0
8031,1701442860000.0,0.0,0.0,246.0,0.08316,0.0,0.0,0.08304,0.9992712802619605,1.0,409.07516450000094,300.0,409.04564450000095,300.0,0.05000880467775244,0.0
8032,1701446460000.0,0.0,0.0,246.0,0.08316,0.0,0.0,0.0829,0.9992712802619605,1.0,409.07516450000094,300.0,409.01120450000093,300.0,0.05000880467775244,0.0
8033,1701450060000.0,0.0,0.0,246.0,0.08316,0.0,0.0,0.08351,0.9992712802619605,1.0,409.07516450000094,300.0,409.1612645000009,300.0,0.05000880467775244,0.0
8034,1701453660000.0,0.0,0.0,246.0,0.08316,0.0,0.0,0.08317,0.9992712802619605,1.0,409.07516450000094,300.0,409.0776245000009,300.0,0.05000880467775244,0.0
8035,1701457260000.0,0.0,0.0,246.0,0.08316,0.0,0.0,0.08331,0.9992712802619605,1.0,409.07516450000094,300.0,409.11206450000094,300.0,0.05000880467775244,0.0
8036,1701460860000.0,0.0,0.0,246.0,0.08316,0.0,0.0,0.08336,0.9992712802619605,1.0,409.07516450000094,300.0,409.1243645000009,300.0,0.05000880467775244,0.0
8037,1701464460000.0,0.0,0.0,246.0,0.08316,0.0,0.0,0.08327,0.9992712802619605,1.0,409.07516450000094,300.0,409.10222450000094,300.0,0.05000880467775244,0.0
8038,1701468060000.0,0.0,0.0,246.0,0.08316,0.0,0.0,0.08362,0.9992712802619605,1.0,409.07516450000094,300.0,409.18832450000093,300.0,0.05000880467775244,0.0
8039,1701471660000.0,0.0,0.0,246.0,0.08316,0.0,0.0,0.08366,0.9992712802619605,1.0,409.07516450000094,300.0,409.1981645000009,300.0,0.05000880467775244,0.0
8040,1701475260000.0,0.0,0.0,246.0,0.08316,0.0,0.0,0.08382,0.9992712802619605,1.0,409.07516450000094,300.0,409.2375245000009,300.0,0.05000880467775244,0.0
8041,1701478860000.0,0.0,0.0,246.0,0.08316,0.0,0.0,0.08394,0.9992712802619605,1.0,409.07516450000094,300.0,409.26704450000096,300.0,0.05000880467775244,0.0
8042,1701482460000.0,0.0,0.0,0.0,0.08316,0.0,0.0,0.08419,0.9992712802619605,1.0,409.3299516200009,300.0,409.3299516200009,300.0,0.0,0.0
8043,1701486060000.0,0.0,0.0,0.0,0.08316,0.0,0.0,0.08427,0.9992712802619605,1.0,409.3299516200009,300.0,409.3299516200009,300.0,0.0,0.0
8044,1701489660000.0,0.0,0.0,0.0,0.08316,0.0,0.0,0.08421,0.9992712802619605,1.0,409.3299516200009,300.0,409.3299516200009,300.0,0.0,0.0
8045,1701493260000.0,0.0,0.0,0.0,0.08316,0.0,0.0,0.08436,0.9992712802619605,1.0,409.3299516200009,300.0,409.3299516200009,300.0,0.0,0.0
8046,1701496860000.0,0.0,0.0,0.0,0.08316,0.0,0.0,0.08436,0.9992712802619605,1.0,409.3299516200009,300.0,409.3299516200009,300.0,0.0,0.0
8047,1701500460000.0,0.0,0.0,0.0,0.08316,0.0,0.0,0.08426,0.9992712802619605,1.0,409.3299516200009,300.0,409.3299516200009,300.0,0.0,0.0
8048,1701504060000.0,0.0,0.0,0.0,0.08316,0.0,0.0,0.08391,0.9992712802619605,1.0,409.3299516200009,300.0,409.3299516200009,300.0,0.0,0.0
8049,1701507660000.0,0.0,0.0,0.0,0.08316,0.0,0.0,0.08427,0.9992712802619605,1.0,409.3299516200009,300.0,409.3299516200009,300.0,0.0,0.0
8050,1701511260000.0,0.0,0.0,0.0,0.08316,0.0,0.0,0.08407,0.9992712802619605,1.0,409.3299516200009,300.0,409.3299516200009,300.0,0.0,0.0
8051,1701514860000.0,0.0,0.0,0.0,0.08316,0.0,0.0,0.08388,0.9992712802619605,1.0,409.3299516200009,300.0,409.3299516200009,300.0,0.0,0.0
8052,1701518460000.0,0.0,0.0,0.0,0.08316,0.0,0.0,0.08391,0.9992712802619605,1.0,409.3299516200009,300.0,409.3299516200009,300.0,0.0,0.0
8053,1701522060000.0,0.0,0.0,0.0,0.08316,0.0,0.0,0.08405,0.9992712802619605,1.0,409.3299516200009,300.0,409.3299516200009,300.0,0.0,0.0
8054,1701525660000.0,0.0,0.0,0.0,0.08316,0.0,0.0,0.08412,0.9992712802619605,1.0,409.3299516200009,300.0,409.3299516200009,300.0,0.0,0.0
8055,1701529260000.0,0.0,0.0,245.0,0.08363,0.0,0.0,0.08359,0.9992712802619605,1.0,409.3094622700009,300.0,409.2996622700009,300.0,0.050058334557836835,0.0
8056,1701532860000.0,0.0,0.0,245.0,0.08363,0.0,0.0,0.08433,0.9992712802619605,1.0,409.3094622700009,300.0,409.4809622700009,300.0,0.050058334557836835,0.0
8057,1701536460000.0,0.0,0.0,245.0,0.08363,0.0,0.0,0.0839,0.9992712802619605,1.0,409.3094622700009,300.0,409.3756122700009,300.0,0.050058334557836835,0.0
8058,1701540060000.0,0.0,0.0,245.0,0.08363,0.0,0.0,0.0843,0.9992712802619605,1.0,409.3094622700009,300.0,409.4736122700009,300.0,0.050058334557836835,0.0
8059,1701543660000.0,0.0,0.0,0.0,0.08363,0.0,0.0,0.08503,0.9992712802619605,1.0,409.5655460700009,300.0,409.5655460700009,300.0,0.0,0.0
8060,1701547260000.0,0.0,0.0,0.0,0.08363,0.0,0.0,0.08603,0.9992712802619605,1.0,409.5655460700009,300.0,409.5655460700009,300.0,0.0,0.0
8061,1701550860000.0,0.0,0.0,0.0,0.08363,0.0,0.0,0.08594,0.9992712802619605,1.0,409.5655460700009,300.0,409.5655460700009,300.0,0.0,0.0
8062,1701554460000.0,0.0,0.0,0.0,0.08363,0.0,0.0,0.08598,0.9992712802619605,1.0,409.5655460700009,300.0,409.5655460700009,300.0,0.0,0.0
8063,1701558060000.0,0.0,0.0,0.0,0.08363,0.0,0.0,0.08566,0.9992712802619605,1.0,409.5655460700009,300.0,409.5655460700009,300.0,0.0,0.0
8064,1701561660000.0,0.0,0.0,0.0,0.08363,0.0,0.0,0.08614,0.9992712802619605,1.0,409.5655460700009,300.0,409.5655460700009,300.0,0.0,0.0
8065,1701565260000.0,0.0,0.0,0.0,0.08363,0.0,0.0,0.08656,0.9992712802619605,1.0,409.5655460700009,300.0,409.5655460700009,300.0,0.0,0.0
8066,1701568860000.0,0.0,0.0,0.0,0.08363,0.0,0.0,0.08622,0.9992712802619605,1.0,409.5655460700009,300.0,409.5655460700009,300.0,0.0,0.0
8067,1701572460000.0,0.0,0.0,0.0,0.08363,0.0,0.0,0.08584,0.9992712802619605,1.0,409.5655460700009,300.0,409.5655460700009,300.0,0.0,0.0
8068,1701576060000.0,0.0,0.0,0.0,0.08363,0.0,0.0,0.08586,0.9992712802619605,1.0,409.5655460700009,300.0,409.5655460700009,300.0,0.0,0.0
8069,1701579660000.0,0.0,0.0,0.0,0.08363,0.0,0.0,0.08556,0.9992712802619605,1.0,409.5655460700009,300.0,409.5655460700009,300.0,0.0,0.0
8070,1701583260000.0,0.0,0.0,0.0,0.08363,0.0,0.0,0.08537,0.9992712802619605,1.0,409.5655460700009,300.0,409.5655460700009,300.0,0.0,0.0
8071,1701586860000.0,0.0,0.0,0.0,0.08363,0.0,0.0,0.08515,0.9992712802619605,1.0,409.5655460700009,300.0,409.5655460700009,300.0,0.0,0.0
8072,1701590460000.0,0.0,0.0,0.0,0.08363,0.0,0.0,0.08545,0.9992712802619605,1.0,409.5655460700009,300.0,409.5655460700009,300.0,0.0,0.0
8073,1701594060000.0,0.0,0.0,0.0,0.08363,0.0,0.0,0.08501,0.9992712802619605,1.0,409.5655460700009,300.0,409.5655460700009,300.0,0.0,0.0
8074,1701597660000.0,0.0,0.0,0.0,0.08363,0.0,0.0,0.08503,0.9992712802619605,1.0,409.5655460700009,300.0,409.5655460700009,300.0,0.0,0.0
8075,1701601260000.0,0.0,0.0,241.0,0.0849,0.0,0.0,0.08507,0.9992712802619605,1.0,409.5450851700009,300.0,409.5860551700009,300.0,0.049960067257324665,0.0
8076,1701604860000.0,0.0,0.0,241.0,0.0849,0.0,0.0,0.08474,0.9992712802619605,1.0,409.5450851700009,300.0,409.5065251700009,300.0,0.049960067257324665,0.0
8077,1701608460000.0,0.0,0.0,241.0,0.0849,0.0,0.0,0.08417,0.9992712802619605,1.0,409.5450851700009,300.0,409.3691551700009,300.0,0.049960067257324665,0.0
8078,1701612060000.0,0.0,0.0,241.0,0.0849,0.0,0.0,0.08438,0.9992712802619605,1.0,409.5450851700009,300.0,409.4197651700009,300.0,0.049960067257324665,0.0
8079,1701615660000.0,0.0,0.0,241.0,0.0849,0.0,0.0,0.08413,0.9992712802619605,1.0,409.5450851700009,300.0,409.3595151700009,300.0,0.049960067257324665,0.0
8080,1701619260000.0,0.0,0.0,241.0,0.0849,0.0,0.0,0.08404,0.9992712802619605,1.0,409.5450851700009,300.0,409.3378251700009,300.0,0.049960067257324665,0.0
8081,1701622860000.0,0.0,0.0,241.0,0.0849,0.0,0.0,0.08416,0.9992712802619605,1.0,409.5450851700009,300.0,409.3667451700009,300.0,0.049960067257324665,0.0
8082,1701626460000.0,0.0,0.0,241.0,0.0849,0.0,0.0,0.08396,0.9992712802619605,1.0,409.5450851700009,300.0,409.3185451700009,300.0,0.049960067257324665,0.0
8083,1701630060000.0,0.0,0.0,241.0,0.0849,0.0,0.0,0.08444,0.9992712802619605,1.0,409.5450851700009,300.0,409.4342251700009,300.0,0.049960067257324665,0.0
8084,1701633660000.0,0.0,0.0,241.0,0.0849,0.0,0.0,0.08537,0.9992712802619605,1.0,409.5450851700009,300.0,409.6583551700009,300.0,0.049960067257324665,0.0
8085,1701637260000.0,0.0,0.0,0.0,0.0849,0.0,0.0,0.0847,0.9992712802619605,1.0,409.7990895300009,300.0,409.7990895300009,300.0,0.0,0.0
8086,1701640860000.0,0.0,0.0,0.0,0.0849,0.0,0.0,0.08507,0.9992712802619605,1.0,409.7990895300009,300.0,409.7990895300009,300.0,0.0,0.0
8087,1701644460000.0,0.0,0.0,0.0,0.0849,0.0,0.0,0.0857,0.9992712802619605,1.0,409.7990895300009,300.0,409.7990895300009,300.0,0.0,0.0
8088,1701648060000.0,0.0,0.0,0.0,0.0849,0.0,0.0,0.08564,0.9992712802619605,1.0,409.7990895300009,300.0,409.7990895300009,300.0,0.0,0.0
8089,1701651660000.0,0.0,0.0,0.0,0.0849,0.0,0.0,0.08605,0.9992712802619605,1.0,409.7990895300009,300.0,409.7990895300009,300.0,0.0,0.0
8090,1701655260000.0,0.0,0.0,0.0,0.0849,0.0,0.0,0.0863,0.9992712802619605,1.0,409.7990895300009,300.0,409.7990895300009,300.0,0.0,0.0
8091,1701658860000.0,0.0,0.0,0.0,0.0849,0.0,0.0,0.08661,0.9992712802619605,1.0,409.7990895300009,300.0,409.7990895300009,300.0,0.0,0.0
8092,1701662460000.0,0.0,0.0,0.0,0.0849,0.0,0.0,0.08647,0.9992712802619605,1.0,409.7990895300009,300.0,409.7990895300009,300.0,0.0,0.0
8093,1701666060000.0,0.0,0.0,0.0,0.0849,0.0,0.0,0.0884,0.9992712802619605,1.0,409.7990895300009,300.0,409.7990895300009,300.0,0.0,0.0
8094,1701669660000.0,0.0,0.0,0.0,0.0849,0.0,0.0,0.09029,0.9992712802619605,1.0,409.7990895300009,300.0,409.7990895300009,300.0,0.0,0.0
8095,1701673260000.0,0.0,0.0,0.0,0.0849,0.0,0.0,0.08981,0.9992712802619605,1.0,409.7990895300009,300.0,409.7990895300009,300.0,0.0,0.0
8096,1701676860000.0,0.0,0.0,0.0,0.0849,0.0,0.0,0.09046,0.9992712802619605,1.0,409.7990895300009,300.0,409.7990895300009,300.0,0.0,0.0
8097,1701680460000.0,0.0,0.0,0.0,0.0849,0.0,0.0,0.09057,0.9992712802619605,1.0,409.7990895300009,300.0,409.7990895300009,300.0,0.0,0.0
8098,1701684060000.0,0.0,0.0,0.0,0.0849,0.0,0.0,0.0891,0.9992712802619605,1.0,409.7990895300009,300.0,409.7990895300009,300.0,0.0,0.0
8099,1701687660000.0,0.0,0.0,0.0,0.0849,0.0,0.0,0.08945,0.9992712802619605,1.0,409.7990895300009,300.0,409.7990895300009,300.0,0.0,0.0
8100,1701691260000.0,0.0,0.0,236.0,0.08692,0.0,0.0,0.08742,0.9992712802619605,1.0,409.77857641000094,300.0,409.89657641000093,300.0,0.050059034758995674,0.0
8101,1701694860000.0,0.0,0.0,0.0,0.08692,0.0,0.0,0.08825,0.9992712802619605,1.0,410.03390717000093,300.0,410.03390717000093,300.0,0.0,0.0
8102,1701698460000.0,0.0,0.0,236.0,0.08701,0.0,0.0,0.0873,0.9992712802619605,1.0,410.01337281000093,300.0,410.08181281000094,300.0,0.05008217136740944,0.0
8103,1701702060000.0,0.0,0.0,236.0,0.08701,0.0,0.0,0.08745,0.9992712802619605,1.0,410.01337281000093,300.0,410.1172128100009,300.0,0.05008217136740944,0.0
8104,1701705660000.0,0.0,0.0,0.0,0.08701,0.0,0.0,0.08895,0.9992712802619605,1.0,410.2686823300009,300.0,410.2686823300009,300.0,0.0,0.0
8105,1701709260000.0,0.0,0.0,0.0,0.08701,0.0,0.0,0.08853,0.9992712802619605,1.0,410.2686823300009,300.0,410.2686823300009,300.0,0.0,0.0
8106,1701712860000.0,0.0,0.0,0.0,0.08701,0.0,0.0,0.08873,0.9992712802619605,1.0,410.2686823300009,300.0,410.2686823300009,300.0,0.0,0.0
8107,1701716460000.0,0.0,0.0,0.0,0.08701,0.0,0.0,0.08872,0.9992712802619605,1.0,410.2686823300009,300.0,410.2686823300009,300.0,0.0,0.0
8108,1701720060000.0,0.0,0.0,0.0,0.08701,0.0,0.0,0.08891,0.9992712802619605,1.0,410.2686823300009,300.0,410.2686823300009,300.0,0.0,0.0
8109,1701723660000.0,0.0,0.0,0.0,0.08701,0.0,0.0,0.08945,0.9992712802619605,1.0,410.2686823300009,300.0,410.2686823300009,300.0,0.0,0.0
8110,1701727260000.0,0.0,0.0,0.0,0.08701,0.0,0.0,0.08902,0.9992712802619605,1.0,410.2686823300009,300.0,410.2686823300009,300.0,0.0,0.0
8111,1701730860000.0,0.0,0.0,0.0,0.08701,0.0,0.0,0.08977,0.9992712802619605,1.0,410.2686823300009,300.0,410.2686823300009,300.0,0.0,0.0
8112,1701734460000.0,0.0,0.0,0.0,0.08701,0.0,0.0,0.09226,0.9992712802619605,1.0,410.2686823300009,300.0,410.2686823300009,300.0,0.0,0.0
8113,1701738060000.0,0.0,0.0,0.0,0.08701,0.0,0.0,0.09128,0.9992712802619605,1.0,410.2686823300009,300.0,410.2686823300009,300.0,0.0,0.0
8114,1701741660000.0,0.0,0.0,0.0,0.08701,0.0,0.0,0.09008,0.9992712802619605,1.0,410.2686823300009,300.0,410.2686823300009,300.0,0.0,0.0
8115,1701745260000.0,0.0,0.0,0.0,0.08701,0.0,0.0,0.09014,0.9992712802619605,1.0,410.2686823300009,300.0,410.2686823300009,300.0,0.0,0.0
8116,1701748860000.0,0.0,0.0,0.0,0.08701,0.0,0.0,0.0901,0.9992712802619605,1.0,410.2686823300009,300.0,410.2686823300009,300.0,0.0,0.0
8117,1701752460000.0,0.0,0.0,0.0,0.08701,0.0,0.0,0.08953,0.9992712802619605,1.0,410.2686823300009,300.0,410.2686823300009,300.0,0.0,0.0
8118,1701756060000.0,0.0,0.0,0.0,0.08701,0.0,0.0,0.09007,0.9992712802619605,1.0,410.2686823300009,300.0,410.2686823300009,300.0,0.0,0.0
8119,1701759660000.0,0.0,0.0,231.0,0.08881,0.0,0.0,0.08922,0.9992712802619605,1.0,410.2481672200009,300.0,410.3428772200009,300.0,0.05000658537737844,0.0
8120,1701763260000.0,0.0,0.0,231.0,0.08881,0.0,0.0,0.08852,0.9992712802619605,1.0,410.2481672200009,300.0,410.1811772200009,300.0,0.05000658537737844,0.0
8121,1701766860000.0,0.0,0.0,231.0,0.08881,0.0,0.0,0.08828,0.9992712802619605,1.0,410.2481672200009,300.0,410.1257372200009,300.0,0.05000658537737844,0.0
8122,1701770460000.0,0.0,0.0,231.0,0.08881,0.0,0.0,0.0885,0.9992712802619605,1.0,410.2481672200009,300.0,410.17655722000086,300.0,0.05000658537737844,0.0
8123,1701774060000.0,0.0,0.0,231.0,0.08881,0.0,0.0,0.08759,0.9992712802619605,1.0,410.2481672200009,300.0,409.9663472200009,300.0,0.05000658537737844,0.0
8124,1701777660000.0,0.0,0.0,231.0,0.08881,0.0,0.0,0.08865,0.9992712802619605,1.0,410.2481672200009,300.0,410.21120722000086,300.0,0.05000658537737844,0.0
8125,1701781260000.0,0.0,0.0,231.0,0.08881,0.0,0.0,0.08933,0.9992712802619605,1.0,410.2481672200009,300.0,410.36828722000087,300.0,0.05000658537737844,0.0
8126,1701784860000.0,0.0,0.0,0.0,0.08881,0.0,0.0,0.08887,0.9992712802619605,1.0,410.50226722000093,300.0,410.50226722000093,300.0,0.0,0.0
8127,1701788460000.0,0.0,0.0,0.0,0.08881,0.0,0.0,0.08936,0.9992712802619605,1.0,410.50226722000093,300.0,410.50226722000093,300.0,0.0,0.0
8128,1701792060000.0,0.0,0.0,0.0,0.08881,0.0,0.0,0.08973,0.9992712802619605,1.0,410.50226722000093,300.0,410.50226722000093,300.0,0.0,0.0
8129,1701795660000.0,0.0,0.0,0.0,0.08881,0.0,0.0,0.09117,0.9992712802619605,1.0,410.50226722000093,300.0,410.50226722000093,300.0,0.0,0.0
8130,1701799260000.0,0.0,0.0,0.0,0.08881,0.0,0.0,0.09153,0.9992712802619605,1.0,410.50226722000093,300.0,410.50226722000093,300.0,0.0,0.0
8131,1701802860000.0,0.0,0.0,0.0,0.08881,0.0,0.0,0.09221,0.9992712802619605,1.0,410.50226722000093,300.0,410.50226722000093,300.0,0.0,0.0
8132,1701806460000.0,0.0,0.0,0.0,0.08881,0.0,0.0,0.09485,0.9992712802619605,1.0,410.50226722000093,300.0,410.50226722000093,300.0,0.0,0.0
8133,1701810060000.0,0.0,0.0,0.0,0.08881,0.0,0.0,0.09296,0.9992712802619605,1.0,410.50226722000093,300.0,410.50226722000093,300.0,0.0,0.0
8134,1701813660000.0,0.0,0.0,0.0,0.08881,0.0,0.0,0.0932,0.9992712802619605,1.0,410.50226722000093,300.0,410.50226722000093,300.0,0.0,0.0
8135,1701817260000.0,0.0,0.0,0.0,0.08881,0.0,0.0,0.09371,0.9992712802619605,1.0,410.50226722000093,300.0,410.50226722000093,300.0,0.0,0.0
8136,1701820860000.0,0.0,0.0,0.0,0.08881,0.0,0.0,0.09428,0.9992712802619605,1.0,410.50226722000093,300.0,410.50226722000093,300.0,0.0,0.0
8137,1701824460000.0,0.0,0.0,0.0,0.08881,0.0,0.0,0.0954,0.9992712802619605,1.0,410.50226722000093,300.0,410.50226722000093,300.0,0.0,0.0
8138,1701828060000.0,0.0,0.0,0.0,0.08881,0.0,0.0,0.09649,0.9992712802619605,1.0,410.50226722000093,300.0,410.50226722000093,300.0,0.0,0.0
8139,1701831660000.0,0.0,0.0,0.0,0.08881,0.0,0.0,0.0945,0.9992712802619605,1.0,410.50226722000093,300.0,410.50226722000093,300.0,0.0,0.0
8140,1701835260000.0,0.0,0.0,0.0,0.08881,0.0,0.0,0.09503,0.9992712802619605,1.0,410.50226722000093,300.0,410.50226722000093,300.0,0.0,0.0
8141,1701838860000.0,0.0,0.0,0.0,0.08881,0.0,0.0,0.09743,0.9992712802619605,1.0,410.50226722000093,300.0,410.50226722000093,300.0,0.0,0.0
8142,1701842460000.0,0.0,0.0,0.0,0.08881,0.0,0.0,0.099,0.9992712802619605,1.0,410.50226722000093,300.0,410.50226722000093,300.0,0.0,0.0
8143,1701846060000.0,0.0,0.0,0.0,0.08881,0.0,0.0,0.10326,0.9992712802619605,1.0,410.50226722000093,300.0,410.50226722000093,300.0,0.0,0.0
8144,1701849660000.0,0.0,0.0,0.0,0.08881,0.0,0.0,0.1027,0.9992712802619605,1.0,410.50226722000093,300.0,410.50226722000093,300.0,0.0,0.0
8145,1701853260000.0,0.0,0.0,0.0,0.08881,0.0,0.0,0.10194,0.9992712802619605,1.0,410.50226722000093,300.0,410.50226722000093,300.0,0.0,0.0
8146,1701856860000.0,0.0,0.0,0.0,0.08881,0.0,0.0,0.10226,0.9992712802619605,1.0,410.50226722000093,300.0,410.50226722000093,300.0,0.0,0.0
8147,1701860460000.0,0.0,0.0,0.0,0.08881,0.0,0.0,0.10243,0.9992712802619605,1.0,410.50226722000093,300.0,410.50226722000093,300.0,0.0,0.0
8148,1701864060000.0,0.0,0.0,0.0,0.08881,0.0,0.0,0.09997,0.9992712802619605,1.0,410.50226722000093,300.0,410.50226722000093,300.0,0.0,0.0
8149,1701867660000.0,0.0,0.0,0.0,0.08881,0.0,0.0,0.10282,0.9992712802619605,1.0,410.50226722000093,300.0,410.50226722000093,300.0,0.0,0.0
8150,1701871260000.0,0.0,0.0,0.0,0.08881,0.0,0.0,0.10333,0.9992712802619605,1.0,410.50226722000093,300.0,410.50226722000093,300.0,0.0,0.0
8151,1701874860000.0,0.0,0.0,0.0,0.08881,0.0,0.0,0.10154,0.9992712802619605,1.0,410.50226722000093,300.0,410.50226722000093,300.0,0.0,0.0
8152,1701878460000.0,0.0,0.0,0.0,0.08881,0.0,0.0,0.10063,0.9992712802619605,1.0,410.50226722000093,300.0,410.50226722000093,300.0,0.0,0.0
8153,1701882060000.0,0.0,0.0,0.0,0.08881,0.0,0.0,0.10104,0.9992712802619605,1.0,410.50226722000093,300.0,410.50226722000093,300.0,0.0,0.0
8154,1701885660000.0,0.0,0.0,0.0,0.08881,0.0,0.0,0.09954,0.9992712802619605,1.0,410.50226722000093,300.0,410.50226722000093,300.0,0.0,0.0
8155,1701889260000.0,0.0,0.0,209.0,0.0981,0.0,0.0,0.09849,0.9992712802619605,1.0,410.48176432000093,300.0,410.5632743200009,300.0,0.04994838207725221,0.0
8156,1701892860000.0,0.0,0.0,209.0,0.0981,0.0,0.0,0.09891,0.9992712802619605,1.0,410.48176432000093,300.0,410.6510543200009,300.0,0.04994838207725221,0.0
8157,1701896460000.0,0.0,0.0,209.0,0.09817,0.0,0.0,0.09757,0.9992712802619605,1.0,410.7163480100009,300.0,410.5909480100009,300.0,0.04995547437887814,0.0
8158,1701900060000.0,0.0,0.0,209.0,0.09817,0.0,0.0,0.09719,0.9992712802619605,1.0,410.7163480100009,300.0,410.5115280100009,300.0,0.04995547437887814,0.0
8159,1701903660000.0,0.0,0.0,209.0,0.09817,0.0,0.0,0.09621,0.9992712802619605,1.0,410.7163480100009,300.0,410.3067080100009,300.0,0.04995547437887814,0.0
8160,1701907260000.0,0.0,0.0,447.0,0.0964768456375839,0.0,0.0,0.09516,0.9992712802619605,1.0,410.6937403900009,300.0,410.1051103900009,300.0,0.10500561795523766,0.0
8161,1701910860000.0,0.0,0.0,447.0,0.0964768456375839,0.0,0.0,0.09624,0.9992712802619605,1.0,410.6937403900009,300.0,410.58787039000094,300.0,0.10500561795523766,0.0
8162,1701914460000.0,0.0,0.0,447.0,0.0964768456375839,0.0,0.0,0.09691,0.9992712802619605,1.0,410.6937403900009,300.0,410.88736039000094,300.0,0.10500561795523766,0.0
8163,1701918060000.0,0.0,0.0,447.0,0.0964768456375839,0.0,0.0,0.09722,0.9992712802619605,1.0,410.6937403900009,300.0,411.02593039000095,300.0,0.10500561795523766,0.0
8164,1701921660000.0,0.0,0.0,447.0,0.0964768456375839,0.0,0.0,0.097,0.9992712802619605,1.0,410.6937403900009,300.0,410.92759039000094,300.0,0.10500561795523766,0.0
8165,1701925260000.0,0.0,0.0,0.0,0.0964768456375839,0.0,0.0,0.09723,0.9992712802619605,1.0,411.22807720000094,300.0,411.22807720000094,300.0,0.0,0.0
8166,1701928860000.0,0.0,0.0,212.0,0.09718,0.0,0.0,0.09753,0.9992712802619605,1.0,411.20747504000093,300.0,411.28167504000095,300.0,0.050101618405637906,0.0
8167,1701932460000.0,0.0,0.0,212.0,0.09718,0.0,0.0,0.09656,0.9992712802619605,1.0,411.20747504000093,300.0,411.07603504000093,300.0,0.050101618405637906,0.0
8168,1701936060000.0,0.0,0.0,212.0,0.09718,0.0,0.0,0.0975,0.9992712802619605,1.0,411.20747504000093,300.0,411.2753150400009,300.0,0.050101618405637906,0.0
8169,1701939660000.0,0.0,0.0,212.0,0.09718,0.0,0.0,0.09541,0.9992712802619605,1.0,411.20747504000093,300.0,410.8322350400009,300.0,0.050101618405637906,0.0
8170,1701943260000.0,0.0,0.0,453.0,0.09550417218543047,0.0,0.0,0.09539,0.9992712802619605,1.0,411.18481381000095,300.0,411.13309381000096,300.0,0.10521641010796431,0.0
8171,1701946860000.0,0.0,0.0,453.0,0.09550417218543047,0.0,0.0,0.09402,0.9992712802619605,1.0,411.18481381000095,300.0,410.51248381000096,300.0,0.10521641010796431,0.0
8172,1701950460000.0,0.0,0.0,453.0,0.09550417218543047,0.0,0.0,0.09415,0.9992712802619605,1.0,411.18481381000095,300.0,410.5713738100009,300.0,0.10521641010796431,0.0
8173,1701954060000.0,0.0,0.0,453.0,0.09550417218543047,0.0,0.0,0.0955,0.9992712802619605,1.0,411.18481381000095,300.0,411.18292381000094,300.0,0.10521641010796431,0.0
8174,1701957660000.0,0.0,0.0,453.0,0.09550417218543047,0.0,0.0,0.09418,0.9992712802619605,1.0,411.18481381000095,300.0,410.58496381000094,300.0,0.10521641010796431,0.0
8175,1701961260000.0,0.0,0.0,453.0,0.09550417218543047,0.0,0.0,0.09533,0.9992712802619605,1.0,411.18481381000095,300.0,411.1059138100009,300.0,0.10521641010796431,0.0
8176,1701964860000.0,0.0,0.0,0.0,0.09550417218543047,0.0,0.0,0.09578,0.9992712802619605,1.0,411.72344794000094,300.0,411.72344794000094,300.0,0.0,0.0
8177,1701968460000.0,0.0,0.0,0.0,0.09550417218543047,0.0,0.0,0.0967,0.9992712802619605,1.0,411.72344794000094,300.0,411.72344794000094,300.0,0.0,0.0
8178,1701972060000.0,0.0,0.0,0.0,0.09550417218543047,0.0,0.0,0.09622,0.9992712802619605,1.0,411.72344794000094,300.0,411.72344794000094,300.0,0.0,0.0
8179,1701975660000.0,0.0,0.0,215.0,0.09562,0.0,0.0,0.09512,0.9992712802619605,1.0,411.70288964000093,300.0,411.5953896400009,300.0,0.04993479646930941,0.0
8180,1701979260000.0,0.0,0.0,215.0,0.09562,0.0,0.0,0.09403,0.9992712802619605,1.0,411.70288964000093,300.0,411.3610396400009,300.0,0.04993479646930941,0.0
8181,1701982860000.0,0.0,0.0,215.0,0.09562,0.0,0.0,0.09319,0.9992712802619605,1.0,411.70288964000093,300.0,411.18043964000094,300.0,0.04993479646930941,0.0
8182,1701986460000.0,0.0,0.0,215.0,0.09562,0.0,0.0,0.09505,0.9992712802619605,1.0,411.70288964000093,300.0,411.58033964000094,300.0,0.04993479646930941,0.0
8183,1701990060000.0,0.0,0.0,215.0,0.09562,0.0,0.0,0.09497,0.9992712802619605,1.0,411.70288964000093,300.0,411.56313964000094,300.0,0.04993479646930941,0.0
8184,1701993660000.0,0.0,0.0,215.0,0.09562,0.0,0.0,0.0961,0.9992712802619605,1.0,411.70288964000093,300.0,411.80608964000095,300.0,0.04993479646930941,0.0
8185,1701997260000.0,0.0,0.0,215.0,0.09562,0.0,0.0,0.09597,0.9992712802619605,1.0,411.70288964000093,300.0,411.7781396400009,300.0,0.04993479646930941,0.0
8186,1702000860000.0,0.0,0.0,215.0,0.09562,0.0,0.0,0.09644,0.9992712802619605,1.0,411.70288964000093,300.0,411.87918964000096,300.0,0.04993479646930941,0.0
8187,1702004460000.0,0.0,0.0,215.0,0.09562,0.0,0.0,0.09622,0.9992712802619605,1.0,411.70288964000093,300.0,411.83188964000095,300.0,0.04993479646930941,0.0
8188,1702008060000.0,0.0,0.0,0.0,0.09562,0.0,0.0,0.0966,0.9992712802619605,1.0,411.95940399000096,300.0,411.95940399000096,300.0,0.0,0.0
8189,1702011660000.0,0.0,0.0,0.0,0.09562,0.0,0.0,0.09705,0.9992712802619605,1.0,411.95940399000096,300.0,411.95940399000096,300.0,0.0,0.0
8190,1702015260000.0,0.0,0.0,0.0,0.09562,0.0,0.0,0.09718,0.9992712802619605,1.0,411.95940399000096,300.0,411.95940399000096,300.0,0.0,0.0
8191,1702018860000.0,0.0,0.0,0.0,0.09562,0.0,0.0,0.09712,0.9992712802619605,1.0,411.95940399000096,300.0,411.95940399000096,300.0,0.0,0.0
8192,1702022460000.0,0.0,0.0,0.0,0.09562,0.0,0.0,0.09727,0.9992712802619605,1.0,411.95940399000096,300.0,411.95940399000096,300.0,0.0,0.0
8193,1702026060000.0,0.0,0.0,0.0,0.09562,0.0,0.0,0.09687,0.9992712802619605,1.0,411.95940399000096,300.0,411.95940399000096,300.0,0.0,0.0
8194,1702029660000.0,0.0,0.0,0.0,0.09562,0.0,0.0,0.09677,0.9992712802619605,1.0,411.95940399000096,300.0,411.95940399000096,300.0,0.0,0.0
8195,1702033260000.0,0.0,0.0,0.0,0.09562,0.0,0.0,0.09773,0.9992712802619605,1.0,411.95940399000096,300.0,411.95940399000096,300.0,0.0,0.0
8196,1702036860000.0,0.0,0.0,0.0,0.09562,0.0,0.0,0.09768,0.9992712802619605,1.0,411.95940399000096,300.0,411.95940399000096,300.0,0.0,0.0
8197,1702040460000.0,0.0,0.0,0.0,0.09562,0.0,0.0,0.09762,0.9992712802619605,1.0,411.95940399000096,300.0,411.95940399000096,300.0,0.0,0.0
8198,1702044060000.0,0.0,0.0,0.0,0.09562,0.0,0.0,0.09742,0.9992712802619605,1.0,411.95940399000096,300.0,411.95940399000096,300.0,0.0,0.0
8199,1702047660000.0,0.0,0.0,0.0,0.09562,0.0,0.0,0.09855,0.9992712802619605,1.0,411.95940399000096,300.0,411.95940399000096,300.0,0.0,0.0
8200,1702051260000.0,0.0,0.0,0.0,0.09562,0.0,0.0,0.09807,0.9992712802619605,1.0,411.95940399000096,300.0,411.95940399000096,300.0,0.0,0.0
8201,1702054860000.0,0.0,0.0,0.0,0.09562,0.0,0.0,0.09846,0.9992712802619605,1.0,411.95940399000096,300.0,411.95940399000096,300.0,0.0,0.0
8202,1702058460000.0,0.0,0.0,0.0,0.09562,0.0,0.0,0.09827,0.9992712802619605,1.0,411.95940399000096,300.0,411.95940399000096,300.0,0.0,0.0
8203,1702062060000.0,0.0,0.0,0.0,0.09562,0.0,0.0,0.09866,0.9992712802619605,1.0,411.95940399000096,300.0,411.95940399000096,300.0,0.0,0.0
8204,1702065660000.0,0.0,0.0,0.0,0.09562,0.0,0.0,0.10031,0.9992712802619605,1.0,411.95940399000096,300.0,411.95940399000096,300.0,0.0,0.0
8205,1702069260000.0,0.0,0.0,0.0,0.09562,0.0,0.0,0.10066,0.9992712802619605,1.0,411.95940399000096,300.0,411.95940399000096,300.0,0.0,0.0
8206,1702072860000.0,0.0,0.0,0.0,0.09562,0.0,0.0,0.10175,0.9992712802619605,1.0,411.95940399000096,300.0,411.95940399000096,300.0,0.0,0.0
8207,1702076460000.0,0.0,0.0,0.0,0.09562,0.0,0.0,0.10182,0.9992712802619605,1.0,411.95940399000096,300.0,411.95940399000096,300.0,0.0,0.0
8208,1702080060000.0,0.0,0.0,0.0,0.09562,0.0,0.0,0.10178,0.9992712802619605,1.0,411.95940399000096,300.0,411.95940399000096,300.0,0.0,0.0
8209,1702083660000.0,0.0,0.0,0.0,0.09562,0.0,0.0,0.10192,0.9992712802619605,1.0,411.95940399000096,300.0,411.95940399000096,300.0,0.0,0.0
8210,1702087260000.0,0.0,0.0,0.0,0.09562,0.0,0.0,0.10237,0.9992712802619605,1.0,411.95940399000096,300.0,411.95940399000096,300.0,0.0,0.0
8211,1702090860000.0,0.0,0.0,0.0,0.09562,0.0,0.0,0.10145,0.9992712802619605,1.0,411.95940399000096,300.0,411.95940399000096,300.0,0.0,0.0
8212,1702094460000.0,0.0,0.0,0.0,0.09562,0.0,0.0,0.10262,0.9992712802619605,1.0,411.95940399000096,300.0,411.95940399000096,300.0,0.0,0.0
8213,1702098060000.0,0.0,0.0,0.0,0.09562,0.0,0.0,0.10357,0.9992712802619605,1.0,411.95940399000096,300.0,411.95940399000096,300.0,0.0,0.0
8214,1702101660000.0,0.0,0.0,0.0,0.09562,0.0,0.0,0.10271,0.9992712802619605,1.0,411.95940399000096,300.0,411.95940399000096,300.0,0.0,0.0
8215,1702105260000.0,0.0,0.0,0.0,0.09562,0.0,0.0,0.10302,0.9992712802619605,1.0,411.95940399000096,300.0,411.95940399000096,300.0,0.0,0.0
8216,1702108860000.0,0.0,0.0,0.0,0.09562,0.0,0.0,0.10462,0.9992712802619605,1.0,411.95940399000096,300.0,411.95940399000096,300.0,0.0,0.0
8217,1702112460000.0,0.0,0.0,0.0,0.09562,0.0,0.0,0.10188,0.9992712802619605,1.0,411.95940399000096,300.0,411.95940399000096,300.0,0.0,0.0
8218,1702116060000.0,0.0,0.0,0.0,0.09562,0.0,0.0,0.1024,0.9992712802619605,1.0,411.95940399000096,300.0,411.95940399000096,300.0,0.0,0.0
8219,1702119660000.0,0.0,0.0,0.0,0.09562,0.0,0.0,0.10238,0.9992712802619605,1.0,411.95940399000096,300.0,411.95940399000096,300.0,0.0,0.0
8220,1702123260000.0,0.0,0.0,0.0,0.09562,0.0,0.0,0.10188,0.9992712802619605,1.0,411.95940399000096,300.0,411.95940399000096,300.0,0.0,0.0
8221,1702126860000.0,0.0,0.0,0.0,0.10079,0.0,0.0,0.10199,0.9992712802619605,1.0,412.19340627000093,300.0,412.19340627000093,300.0,0.0,0.0
8222,1702130460000.0,0.0,0.0,0.0,0.10079,0.0,0.0,0.10114,0.9992712802619605,1.0,412.19340627000093,300.0,412.19340627000093,300.0,0.0,0.0
8223,1702134060000.0,0.0,0.0,204.0,0.10087,0.0,0.0,0.10034,0.9992712802619605,1.0,412.17282879000095,300.0,412.06470879000096,300.0,0.049924397152545145,0.0
8224,1702137660000.0,0.0,0.0,204.0,0.10087,0.0,0.0,0.10146,0.9992712802619605,1.0,412.17282879000095,300.0,412.29318879000095,300.0,0.049924397152545145,0.0
8225,1702141260000.0,0.0,0.0,205.0,0.10081,0.0,0.0,0.10073,0.9992712802619605,1.0,412.408747820001,300.0,412.392347820001,300.0,0.05011060048857125,0.0
8226,1702144860000.0,0.0,0.0,205.0,0.10081,0.0,0.0,0.09895,0.9992712802619605,1.0,412.408747820001,300.0,412.027447820001,300.0,0.05011060048857125,0.0
8227,1702148460000.0,0.0,0.0,205.0,0.10081,0.0,0.0,0.10018,0.9992712802619605,1.0,412.408747820001,300.0,412.279597820001,300.0,0.05011060048857125,0.0
8228,1702152060000.0,0.0,0.0,205.0,0.10081,0.0,0.0,0.10012,0.9992712802619605,1.0,412.408747820001,300.0,412.267297820001,300.0,0.05011060048857125,0.0
8229,1702155660000.0,0.0,0.0,205.0,0.10081,0.0,0.0,0.09985,0.9992712802619605,1.0,412.408747820001,300.0,412.211947820001,300.0,0.05011060048857125,0.0
8230,1702159260000.0,0.0,0.0,205.0,0.10081,0.0,0.0,0.1006,0.9992712802619605,1.0,412.408747820001,300.0,412.365697820001,300.0,0.05011060048857125,0.0
8231,1702162860000.0,0.0,0.0,205.0,0.10081,0.0,0.0,0.09979,0.9992712802619605,1.0,412.408747820001,300.0,412.199647820001,300.0,0.05011060048857125,0.0
8232,1702166460000.0,0.0,0.0,438.0,0.0990704794520548,0.0,0.0,0.09895,0.9992712802619605,1.0,412.386021000001,300.0,412.333251000001,300.0,0.10522391106947802,0.0
8233,1702170060000.0,0.0,0.0,438.0,0.0990704794520548,0.0,0.0,0.10006,0.9992712802619605,1.0,412.386021000001,300.0,412.819431000001,300.0,0.10522391106947802,0.0
8234,1702173660000.0,0.0,0.0,438.0,0.0990704794520548,0.0,0.0,0.10002,0.9992712802619605,1.0,412.386021000001,300.0,412.801911000001,300.0,0.10522391106947802,0.0
8235,1702177260000.0,0.0,0.0,438.0,0.0990704794520548,0.0,0.0,0.09966,0.9992712802619605,1.0,412.386021000001,300.0,412.644231000001,300.0,0.10522391106947802,0.0
8236,1702180860000.0,0.0,0.0,438.0,0.0990704794520548,0.0,0.0,0.10017,0.9992712802619605,1.0,412.386021000001,300.0,412.867611000001,300.0,0.10522391106947802,0.0
8237,1702184460000.0,0.0,0.0,0.0,0.0990704794520548,0.0,0.0,0.10065,0.9992712802619605,1.0,412.92437580000103,300.0,412.92437580000103,300.0,0.0,0.0
8238,1702188060000.0,0.0,0.0,0.0,0.0990704794520548,0.0,0.0,0.10041,0.9992712802619605,1.0,412.92437580000103,300.0,412.92437580000103,300.0,0.0,0.0
8239,1702191660000.0,0.0,0.0,0.0,0.0990704794520548,0.0,0.0,0.10052,0.9992712802619605,1.0,412.92437580000103,300.0,412.92437580000103,300.0,0.0,0.0
8240,1702195260000.0,0.0,0.0,207.0,0.09989,0.0,0.0,0.1001,0.9992712802619605,1.0,412.90369857000104,300.0,412.94716857000105,300.0,0.05007760906867856,0.0
8241,1702198860000.0,0.0,0.0,207.0,0.09989,0.0,0.0,0.0991,0.9992712802619605,1.0,412.90369857000104,300.0,412.74016857000106,300.0,0.05007760906867856,0.0
8242,1702202460000.0,0.0,0.0,207.0,0.09989,0.0,0.0,0.09709,0.9992712802619605,1.0,412.90369857000104,300.0,412.324098570001,300.0,0.05007760906867856,0.0
8243,1702206060000.0,0.0,0.0,207.0,0.09989,0.0,0.0,0.098,0.9992712802619605,1.0,412.90369857000104,300.0,412.51246857000103,300.0,0.05007760906867856,0.0
8244,1702209660000.0,0.0,0.0,207.0,0.09989,0.0,0.0,0.09835,0.9992712802619605,1.0,412.90369857000104,300.0,412.58491857000104,300.0,0.05007760906867856,0.0
8245,1702213260000.0,0.0,0.0,207.0,0.09989,0.0,0.0,0.09982,0.9992712802619605,1.0,412.90369857000104,300.0,412.889208570001,300.0,0.05007760906867856,0.0
8246,1702216860000.0,0.0,0.0,207.0,0.09989,0.0,0.0,0.10027,0.9992712802619605,1.0,412.90369857000104,300.0,412.98235857000105,300.0,0.05007760906867856,0.0
8247,1702220460000.0,0.0,0.0,207.0,0.09989,0.0,0.0,0.10019,0.9992712802619605,1.0,412.90369857000104,300.0,412.965798570001,300.0,0.05007760906867856,0.0
8248,1702224060000.0,0.0,0.0,207.0,0.09989,0.0,0.0,0.10093,0.9992712802619605,1.0,412.90369857000104,300.0,413.11897857000105,300.0,0.05007760906867856,0.0
8249,1702227660000.0,0.0,0.0,207.0,0.09989,0.0,0.0,0.10063,0.9992712802619605,1.0,412.90369857000104,300.0,413.05687857000106,300.0,0.05007760906867856,0.0
8250,1702231260000.0,0.0,0.0,207.0,0.09989,0.0,0.0,0.10046,0.9992712802619605,1.0,412.90369857000104,300.0,413.02168857000106,300.0,0.05007760906867856,0.0
8251,1702234860000.0,0.0,0.0,0.0,0.09989,0.0,0.0,0.10161,0.9992712802619605,1.0,413.16012396000104,300.0,413.16012396000104,300.0,0.0,0.0
8252,1702238460000.0,0.0,0.0,0.0,0.09989,0.0,0.0,0.10202,0.9992712802619605,1.0,413.16012396000104,300.0,413.16012396000104,300.0,0.0,0.0
8253,1702242060000.0,0.0,0.0,0.0,0.09989,0.0,0.0,0.10262,0.9992712802619605,1.0,413.16012396000104,300.0,413.16012396000104,300.0,0.0,0.0
8254,1702245660000.0,0.0,0.0,0.0,0.09989,0.0,0.0,0.10159,0.9992712802619605,1.0,413.16012396000104,300.0,413.16012396000104,300.0,0.0,0.0
8255,1702249260000.0,0.0,0.0,0.0,0.09989,0.0,0.0,0.10246,0.9992712802619605,1.0,413.16012396000104,300.0,413.16012396000104,300.0,0.0,0.0
8256,1702252860000.0,0.0,0.0,0.0,0.09989,0.0,0.0,0.10192,0.9992712802619605,1.0,413.16012396000104,300.0,413.16012396000104,300.0,0.0,0.0
8257,1702256460000.0,0.0,0.0,0.0,0.09989,0.0,0.0,0.10124,0.9992712802619605,1.0,413.16012396000104,300.0,413.16012396000104,300.0,0.0,0.0
8258,1702260060000.0,0.0,0.0,0.0,0.10052,0.0,0.0,0.10417,0.9992712802619605,1.0,413.39653162000104,300.0,413.39653162000104,300.0,0.0,0.0
8259,1702263660000.0,0.0,0.0,445.0,0.09779975280898877,0.0,0.0,0.09761,0.9992712802619605,1.0,414.6266209900011,300.0,414.54218099000104,300.0,0.10496405150273631,0.0
8260,1702267260000.0,0.0,0.0,207.0,0.1003,0.0,0.0,0.1008,0.9992712802619605,1.0,415.381074810001,300.0,415.484574810001,300.0,0.04998325937092047,0.0
8261,1702270860000.0,0.0,0.0,207.0,0.10031,0.0,0.0,0.09908,0.9992712802619605,1.0,415.618719090001,300.0,415.36410909000097,300.0,0.049959660251740444,0.0
8262,1702274460000.0,0.0,0.0,207.0,0.10031,0.0,0.0,0.09841,0.9992712802619605,1.0,415.618719090001,300.0,415.22541909000097,300.0,0.049959660251740444,0.0
8263,1702278060000.0,0.0,0.0,442.0,0.09858205882352941,0.0,0.0,0.09798,0.9992712802619605,1.0,415.59590999000096,300.0,415.32979999000094,300.0,0.10484528108336859,0.0
8264,1702281660000.0,0.0,0.0,442.0,0.09858205882352941,0.0,0.0,0.09681,0.9992712802619605,1.0,415.59590999000096,300.0,414.81265999000095,300.0,0.10484528108336859,0.0
8265,1702285260000.0,0.0,0.0,442.0,0.09858205882352941,0.0,0.0,0.09788,0.9992712802619605,1.0,415.59590999000096,300.0,415.28559999000095,300.0,0.10484528108336859,0.0
8266,1702288860000.0,0.0,0.0,442.0,0.09858205882352941,0.0,0.0,0.09888,0.9992712802619605,1.0,415.59590999000096,300.0,415.72759999000095,300.0,0.10484528108336859,0.0
8267,1702292460000.0,0.0,0.0,442.0,0.09858205882352941,0.0,0.0,0.09901,0.9992712802619605,1.0,415.59590999000096,300.0,415.78505999000095,300.0,0.10484528108336859,0.0
8268,1702296060000.0,0.0,0.0,442.0,0.09858205882352941,0.0,0.0,0.09878,0.9992712802619605,1.0,415.59590999000096,300.0,415.68339999000096,300.0,0.10484528108336859,0.0
8269,1702299660000.0,0.0,0.0,442.0,0.09858205882352941,0.0,0.0,0.09824,0.9992712802619605,1.0,415.59590999000096,300.0,415.444719990001,300.0,0.10484528108336859,0.0
8270,1702303260000.0,0.0,0.0,442.0,0.09858205882352941,0.0,0.0,0.09775,0.9992712802619605,1.0,415.59590999000096,300.0,415.22813999000095,300.0,0.10484528108336859,0.0
8271,1702306860000.0,0.0,0.0,945.0,0.09663283597883597,0.0,0.0,0.09474,0.9992712802619605,1.0,415.54816523000096,300.0,413.759435230001,300.0,0.21975317818923962,0.0
8272,1702310460000.0,0.0,0.0,945.0,0.09663283597883597,0.0,0.0,0.09548,0.9992712802619605,1.0,415.54816523000096,300.0,414.45873523000097,300.0,0.21975317818923962,0.0
8273,1702314060000.0,0.0,0.0,945.0,0.09663283597883597,0.0,0.0,0.09478,0.9992712802619605,1.0,415.54816523000096,300.0,413.797235230001,300.0,0.21975317818923962,0.0
8274,1702317660000.0,0.0,0.0,945.0,0.09663283597883597,0.0,0.0,0.09322,0.9992712802619605,1.0,415.54816523000096,300.0,412.323035230001,300.0,0.21975317818923962,0.0
8275,1702321260000.0,0.0,0.0,2020.0,0.09421523762376238,0.0,0.0,0.09323,0.9992712802619605,1.0,415.44916848000094,300.0,413.4589884800009,300.0,0.45809402073496136,0.0
8276,1702324860000.0,0.0,0.0,2020.0,0.09421523762376238,0.0,0.0,0.09372,0.9992712802619605,1.0,415.44916848000094,300.0,414.4487884800009,300.0,0.45809402073496136,0.0
8277,1702328460000.0,0.0,0.0,2020.0,0.09421523762376238,0.0,0.0,0.09435,0.9992712802619605,1.0,415.44916848000094,300.0,415.72138848000094,300.0,0.45809402073496136,0.0
8278,1702332060000.0,0.0,0.0,2020.0,0.09421523762376238,0.0,0.0,0.0944,0.9992712802619605,1.0,415.44916848000094,300.0,415.82238848000094,300.0,0.45809402073496136,0.0
8279,1702335660000.0,0.0,0.0,2020.0,0.09421523762376238,0.0,0.0,0.09459,0.9992712802619605,1.0,415.44916848000094,300.0,416.2061884800009,300.0,0.45809402073496136,0.0
8280,1702339260000.0,0.0,0.0,2020.0,0.09421523762376238,0.0,0.0,0.09417,0.9992712802619605,1.0,415.44916848000094,300.0,415.3577884800009,300.0,0.45809402073496136,0.0
8281,1702342860000.0,0.0,0.0,0.0,0.09421523762376238,0.0,0.0,0.09533,0.9992712802619605,1.0,417.57826197000094,300.0,417.57826197000094,300.0,0.0,0.0
8282,1702346460000.0,0.0,0.0,0.0,0.09421523762376238,0.0,0.0,0.09592,0.9992712802619605,1.0,417.57826197000094,300.0,417.57826197000094,300.0,0.0,0.0
8283,1702350060000.0,0.0,0.0,0.0,0.09421523762376238,0.0,0.0,0.09652,0.9992712802619605,1.0,417.57826197000094,300.0,417.57826197000094,300.0,0.0,0.0
8284,1702353660000.0,0.0,0.0,0.0,0.09421523762376238,0.0,0.0,0.09621,0.9992712802619605,1.0,417.57826197000094,300.0,417.57826197000094,300.0,0.0,0.0
8285,1702357260000.0,0.0,0.0,219.0,0.09525,0.0,0.0,0.09513,0.9992712802619605,1.0,417.55740222000094,300.0,417.53112222000095,300.0,0.04995660450298879,0.0
8286,1702360860000.0,0.0,0.0,219.0,0.09525,0.0,0.0,0.09552,0.9992712802619605,1.0,417.55740222000094,300.0,417.6165322200009,300.0,0.04995660450298879,0.0
8287,1702364460000.0,0.0,0.0,219.0,0.09525,0.0,0.0,0.09612,0.9992712802619605,1.0,417.55740222000094,300.0,417.74793222000096,300.0,0.04995660450298879,0.0
8288,1702368060000.0,0.0,0.0,0.0,0.09525,0.0,0.0,0.09671,0.9992712802619605,1.0,417.81658215000095,300.0,417.81658215000095,300.0,0.0,0.0
8289,1702371660000.0,0.0,0.0,0.0,0.09525,0.0,0.0,0.0969,0.9992712802619605,1.0,417.81658215000095,300.0,417.81658215000095,300.0,0.0,0.0
8290,1702375260000.0,0.0,0.0,0.0,0.09525,0.0,0.0,0.0962,0.9992712802619605,1.0,417.81658215000095,300.0,417.81658215000095,300.0,0.0,0.0
8291,1702378860000.0,0.0,0.0,0.0,0.09525,0.0,0.0,0.09612,0.9992712802619605,1.0,417.81658215000095,300.0,417.81658215000095,300.0,0.0,0.0
8292,1702382460000.0,0.0,0.0,218.0,0.09569,0.0,0.0,0.09551,0.9992712802619605,1.0,417.79572173000093,300.0,417.7564817300009,300.0,0.04992971185444779,0.0
8293,1702386060000.0,0.0,0.0,218.0,0.09569,0.0,0.0,0.09627,0.9992712802619605,1.0,417.79572173000093,300.0,417.92216173000094,300.0,0.04992971185444779,0.0
8294,1702389660000.0,0.0,0.0,218.0,0.09569,0.0,0.0,0.09635,0.9992712802619605,1.0,417.79572173000093,300.0,417.93960173000096,300.0,0.04992971185444779,0.0
8295,1702393260000.0,0.0,0.0,218.0,0.09569,0.0,0.0,0.09522,0.9992712802619605,1.0,417.79572173000093,300.0,417.6932617300009,300.0,0.04992971185444779,0.0
8296,1702396860000.0,0.0,0.0,218.0,0.09569,0.0,0.0,0.09414,0.9992712802619605,1.0,417.79572173000093,300.0,417.45782173000094,300.0,0.04992971185444779,0.0
8297,1702400460000.0,0.0,0.0,218.0,0.09569,0.0,0.0,0.09335,0.9992712802619605,1.0,417.79572173000093,300.0,417.28560173000096,300.0,0.04992971185444779,0.0
8298,1702404060000.0,0.0,0.0,466.0,0.09404021459227468,0.0,0.0,0.09152,0.9992712802619605,1.0,417.77275941000096,300.0,416.59833941000096,300.0,0.1048961164004293,0.0
8299,1702407660000.0,0.0,0.0,466.0,0.09404021459227468,0.0,0.0,0.09293,0.9992712802619605,1.0,417.77275941000096,300.0,417.25539941000096,300.0,0.1048961164004293,0.0
8300,1702411260000.0,0.0,0.0,466.0,0.09404021459227468,0.0,0.0,0.09272,0.9992712802619605,1.0,417.77275941000096,300.0,417.15753941000094,300.0,0.1048961164004293,0.0
8301,1702414860000.0,0.0,0.0,466.0,0.09404021459227468,0.0,0.0,0.09267,0.9992712802619605,1.0,417.77275941000096,300.0,417.13423941000093,300.0,0.1048961164004293,0.0
8302,1702418460000.0,0.0,0.0,466.0,0.09404021459227468,0.0,0.0,0.09192,0.9992712802619605,1.0,417.77275941000096,300.0,416.78473941000095,300.0,0.1048961164004293,0.0
8303,1702422060000.0,0.0,0.0,466.0,0.09404021459227468,0.0,0.0,0.09283,0.9992712802619605,1.0,417.77275941000096,300.0,417.20879941000095,300.0,0.1048961164004293,0.0
8304,1702425660000.0,0.0,0.0,466.0,0.09404021459227468,0.0,0.0,0.09377,0.9992712802619605,1.0,417.77275941000096,300.0,417.64683941000095,300.0,0.1048961164004293,0.0
8305,1702429260000.0,0.0,0.0,466.0,0.09404021459227468,0.0,0.0,0.09422,0.9992712802619605,1.0,417.77275941000096,300.0,417.85653941000095,300.0,0.1048961164004293,0.0
8306,1702432860000.0,0.0,0.0,466.0,0.09404021459227468,0.0,0.0,0.09243,0.9992712802619605,1.0,417.77275941000096,300.0,417.02239941000096,300.0,0.1048961164004293,0.0
8307,1702436460000.0,0.0,0.0,996.0,0.09217765060240964,0.0,0.0,0.09185,0.9992712802619605,1.0,417.72477321000093,300.0,417.3984332100009,300.0,0.21978332597919753,0.0
8308,1702440060000.0,0.0,0.0,996.0,0.09217765060240964,0.0,0.0,0.09112,0.9992712802619605,1.0,417.72477321000093,300.0,416.6713532100009,300.0,0.21978332597919753,0.0
8309,1702443660000.0,0.0,0.0,996.0,0.09217765060240964,0.0,0.0,0.09165,0.9992712802619605,1.0,417.72477321000093,300.0,417.19923321000095,300.0,0.21978332597919753,0.0
8310,1702447260000.0,0.0,0.0,996.0,0.09217765060240964,0.0,0.0,0.09207,0.9992712802619605,1.0,417.72477321000093,300.0,417.61755321000095,300.0,0.21978332597919753,0.0
8311,1702450860000.0,0.0,0.0,996.0,0.09217765060240964,0.0,0.0,0.09072,0.9992712802619605,1.0,417.72477321000093,300.0,416.27295321000094,300.0,0.21978332597919753,0.0
8312,1702454460000.0,0.0,0.0,996.0,0.09217765060240964,0.0,0.0,0.09162,0.9992712802619605,1.0,417.72477321000093,300.0,417.1693532100009,300.0,0.21978332597919753,0.0
8313,1702458060000.0,0.0,0.0,996.0,0.09217765060240964,0.0,0.0,0.09214,0.9992712802619605,1.0,417.72477321000093,300.0,417.6872732100009,300.0,0.21978332597919753,0.0
8314,1702461660000.0,0.0,0.0,996.0,0.09217765060240964,0.0,0.0,0.09285,0.9992712802619605,1.0,417.72477321000093,300.0,418.39443321000095,300.0,0.21978332597919753,0.0
8315,1702465260000.0,0.0,0.0,996.0,0.09217765060240964,0.0,0.0,0.09274,0.9992712802619605,1.0,417.72477321000093,300.0,418.2848732100009,300.0,0.21978332597919753,0.0
8316,1702468860000.0,0.0,0.0,996.0,0.09217765060240964,0.0,0.0,0.09221,0.9992712802619605,1.0,417.72477321000093,300.0,417.7569932100009,300.0,0.21978332597919753,0.0
8317,1702472460000.0,0.0,0.0,996.0,0.09217765060240964,0.0,0.0,0.09281,0.9992712802619605,1.0,417.72477321000093,300.0,418.3545932100009,300.0,0.21978332597919753,0.0
8318,1702476060000.0,0.0,0.0,0.0,0.09217765060240964,0.0,0.0,0.09287,0.9992712802619605,1.0,418.8297862500009,300.0,418.8297862500009,300.0,0.0,0.0
8319,1702479660000.0,0.0,0.0,227.0,0.09228,0.0,0.0,0.09211,0.9992712802619605,1.0,418.80883869000087,300.0,418.77024869000087,300.0,0.05001699597726309,0.0
8320,1702483260000.0,0.0,0.0,0.0,0.09228,0.0,0.0,0.09297,0.9992712802619605,1.0,419.0690896500009,300.0,419.0690896500009,300.0,0.0,0.0
8321,1702486860000.0,0.0,0.0,227.0,0.09239,0.0,0.0,0.09268,0.9992712802619605,1.0,419.0481171200009,300.0,419.1139471200009,300.0,0.050048023468374614,0.0
8322,1702490460000.0,0.0,0.0,227.0,0.09239,0.0,0.0,0.09302,0.9992712802619605,1.0,419.0481171200009,300.0,419.1911271200009,300.0,0.050048023468374614,0.0
8323,1702494060000.0,0.0,0.0,227.0,0.09239,0.0,0.0,0.09358,0.9992712802619605,1.0,419.0481171200009,300.0,419.3182471200009,300.0,0.050048023468374614,0.0
8324,1702497660000.0,0.0,0.0,0.0,0.09239,0.0,0.0,0.0949,0.9992712802619605,1.0,419.30834311000086,300.0,419.30834311000086,300.0,0.0,0.0
8325,1702501260000.0,0.0,0.0,0.0,0.09239,0.0,0.0,0.09578,0.9992712802619605,1.0,419.30834311000086,300.0,419.30834311000086,300.0,0.0,0.0
8326,1702504860000.0,0.0,0.0,0.0,0.09239,0.0,0.0,0.09642,0.9992712802619605,1.0,419.30834311000086,300.0,419.30834311000086,300.0,0.0,0.0
8327,1702508460000.0,0.0,0.0,0.0,0.09239,0.0,0.0,0.09665,0.9992712802619605,1.0,419.30834311000086,300.0,419.30834311000086,300.0,0.0,0.0
8328,1702512060000.0,0.0,0.0,0.0,0.09239,0.0,0.0,0.0965,0.9992712802619605,1.0,419.30834311000086,300.0,419.30834311000086,300.0,0.0,0.0
8329,1702515660000.0,0.0,0.0,0.0,0.09239,0.0,0.0,0.09629,0.9992712802619605,1.0,419.30834311000086,300.0,419.30834311000086,300.0,0.0,0.0
8330,1702519260000.0,0.0,0.0,0.0,0.09239,0.0,0.0,0.09625,0.9992712802619605,1.0,419.30834311000086,300.0,419.30834311000086,300.0,0.0,0.0
8331,1702522860000.0,0.0,0.0,0.0,0.09239,0.0,0.0,0.09609,0.9992712802619605,1.0,419.30834311000086,300.0,419.30834311000086,300.0,0.0,0.0
8332,1702526460000.0,0.0,0.0,0.0,0.09239,0.0,0.0,0.09565,0.9992712802619605,1.0,419.30834311000086,300.0,419.30834311000086,300.0,0.0,0.0
8333,1702530060000.0,0.0,0.0,0.0,0.09239,0.0,0.0,0.09524,0.9992712802619605,1.0,419.30834311000086,300.0,419.30834311000086,300.0,0.0,0.0
8334,1702533660000.0,0.0,0.0,0.0,0.09239,0.0,0.0,0.09648,0.9992712802619605,1.0,419.30834311000086,300.0,419.30834311000086,300.0,0.0,0.0
8335,1702537260000.0,0.0,0.0,0.0,0.09239,0.0,0.0,0.0965,0.9992712802619605,1.0,419.30834311000086,300.0,419.30834311000086,300.0,0.0,0.0
8336,1702540860000.0,0.0,0.0,0.0,0.09239,0.0,0.0,0.0964,0.9992712802619605,1.0,419.30834311000086,300.0,419.30834311000086,300.0,0.0,0.0
8337,1702544460000.0,0.0,0.0,0.0,0.09239,0.0,0.0,0.09612,0.9992712802619605,1.0,419.30834311000086,300.0,419.30834311000086,300.0,0.0,0.0
8338,1702548060000.0,0.0,0.0,0.0,0.09239,0.0,0.0,0.09695,0.9992712802619605,1.0,419.30834311000086,300.0,419.30834311000086,300.0,0.0,0.0
8339,1702551660000.0,0.0,0.0,0.0,0.09239,0.0,0.0,0.09744,0.9992712802619605,1.0,419.30834311000086,300.0,419.30834311000086,300.0,0.0,0.0
8340,1702555260000.0,0.0,0.0,0.0,0.09239,0.0,0.0,0.09769,0.9992712802619605,1.0,419.30834311000086,300.0,419.30834311000086,300.0,0.0,0.0
8341,1702558860000.0,0.0,0.0,0.0,0.09239,0.0,0.0,0.09724,0.9992712802619605,1.0,419.30834311000086,300.0,419.30834311000086,300.0,0.0,0.0
8342,1702562460000.0,0.0,0.0,220.0,0.09542,0.0,0.0,0.09584,0.9992712802619605,1.0,419.28735071000085,300.0,419.37975071000085,300.0,0.05006685740567295,0.0
8343,1702566060000.0,0.0,0.0,220.0,0.09542,0.0,0.0,0.09587,0.9992712802619605,1.0,419.28735071000085,300.0,419.38635071000084,300.0,0.05006685740567295,0.0
8344,1702569660000.0,0.0,0.0,220.0,0.09542,0.0,0.0,0.09571,0.9992712802619605,1.0,419.28735071000085,300.0,419.35115071000087,300.0,0.05006685740567295,0.0
8345,1702573260000.0,0.0,0.0,0.0,0.09542,0.0,0.0,0.09773,0.9992712802619605,1.0,419.54767671000087,300.0,419.54767671000087,300.0,0.0,0.0
8346,1702576860000.0,0.0,0.0,0.0,0.09542,0.0,0.0,0.09785,0.9992712802619605,1.0,419.54767671000087,300.0,419.54767671000087,300.0,0.0,0.0
8347,1702580460000.0,0.0,0.0,0.0,0.09542,0.0,0.0,0.09708,0.9992712802619605,1.0,419.54767671000087,300.0,419.54767671000087,300.0,0.0,0.0
8348,1702584060000.0,0.0,0.0,0.0,0.09542,0.0,0.0,0.09724,0.9992712802619605,1.0,419.54767671000087,300.0,419.54767671000087,300.0,0.0,0.0
8349,1702587660000.0,0.0,0.0,0.0,0.09542,0.0,0.0,0.0969,0.9992712802619605,1.0,419.54767671000087,300.0,419.54767671000087,300.0,0.0,0.0
8350,1702591260000.0,0.0,0.0,0.0,0.09542,0.0,0.0,0.09762,0.9992712802619605,1.0,419.54767671000087,300.0,419.54767671000087,300.0,0.0,0.0
8351,1702594860000.0,0.0,0.0,0.0,0.09542,0.0,0.0,0.09832,0.9992712802619605,1.0,419.54767671000087,300.0,419.54767671000087,300.0,0.0,0.0
8352,1702598460000.0,0.0,0.0,0.0,0.09542,0.0,0.0,0.09809,0.9992712802619605,1.0,419.54767671000087,300.0,419.54767671000087,300.0,0.0,0.0
8353,1702602060000.0,0.0,0.0,0.0,0.09542,0.0,0.0,0.098,0.9992712802619605,1.0,419.54767671000087,300.0,419.54767671000087,300.0,0.0,0.0
8354,1702605660000.0,0.0,0.0,0.0,0.09542,0.0,0.0,0.09823,0.9992712802619605,1.0,419.54767671000087,300.0,419.54767671000087,300.0,0.0,0.0
8355,1702609260000.0,0.0,0.0,0.0,0.09542,0.0,0.0,0.09762,0.9992712802619605,1.0,419.54767671000087,300.0,419.54767671000087,300.0,0.0,0.0
8356,1702612860000.0,0.0,0.0,0.0,0.09542,0.0,0.0,0.09754,0.9992712802619605,1.0,419.54767671000087,300.0,419.54767671000087,300.0,0.0,0.0
8357,1702616460000.0,0.0,0.0,0.0,0.09542,0.0,0.0,0.09695,0.9992712802619605,1.0,419.54767671000087,300.0,419.54767671000087,300.0,0.0,0.0
8358,1702620060000.0,0.0,0.0,217.0,0.09672,0.0,0.0,0.09611,0.9992712802619605,1.0,419.52668847000086,300.0,419.3943184700009,300.0,0.0500283785914631,0.0
8359,1702623660000.0,0.0,0.0,217.0,0.09672,0.0,0.0,0.09618,0.9992712802619605,1.0,419.52668847000086,300.0,419.40950847000084,300.0,0.0500283785914631,0.0
8360,1702627260000.0,0.0,0.0,217.0,0.09672,0.0,0.0,0.09594,0.9992712802619605,1.0,419.52668847000086,300.0,419.35742847000085,300.0,0.0500283785914631,0.0
8361,1702630860000.0,0.0,0.0,217.0,0.09672,0.0,0.0,0.09645,0.9992712802619605,1.0,419.52668847000086,300.0,419.4680984700009,300.0,0.0500283785914631,0.0
8362,1702634460000.0,0.0,0.0,217.0,0.09672,0.0,0.0,0.09656,0.9992712802619605,1.0,419.52668847000086,300.0,419.49196847000087,300.0,0.0500283785914631,0.0
8363,1702638060000.0,0.0,0.0,217.0,0.09672,0.0,0.0,0.0966,0.9992712802619605,1.0,419.52668847000086,300.0,419.50064847000084,300.0,0.0500283785914631,0.0
8364,1702641660000.0,0.0,0.0,217.0,0.09672,0.0,0.0,0.09595,0.9992712802619605,1.0,419.52668847000086,300.0,419.3595984700009,300.0,0.0500283785914631,0.0
8365,1702645260000.0,0.0,0.0,217.0,0.09672,0.0,0.0,0.09491,0.9992712802619605,1.0,419.52668847000086,300.0,419.1339184700009,300.0,0.0500283785914631,0.0
8366,1702648860000.0,0.0,0.0,217.0,0.09672,0.0,0.0,0.09475,0.9992712802619605,1.0,419.52668847000086,300.0,419.0991984700009,300.0,0.0500283785914631,0.0
8367,1702652460000.0,0.0,0.0,217.0,0.09672,0.0,0.0,0.09428,0.9992712802619605,1.0,419.52668847000086,300.0,418.9972084700009,300.0,0.0500283785914631,0.0
8368,1702656060000.0,0.0,0.0,464.0,0.09504849137931035,0.0,0.0,0.09387,0.9992712802619605,1.0,419.50357421000086,300.0,418.95675421000084,300.0,0.1051302127355,0.0
8369,1702659660000.0,0.0,0.0,464.0,0.09504849137931035,0.0,0.0,0.09405,0.9992712802619605,1.0,419.50357421000086,300.0,419.04027421000086,300.0,0.1051302127355,0.0
8370,1702663260000.0,0.0,0.0,464.0,0.09504849137931035,0.0,0.0,0.09434,0.9992712802619605,1.0,419.50357421000086,300.0,419.1748342100009,300.0,0.1051302127355,0.0
8371,1702666860000.0,0.0,0.0,464.0,0.09504849137931035,0.0,0.0,0.09524,0.9992712802619605,1.0,419.50357421000086,300.0,419.5924342100009,300.0,0.1051302127355,0.0
8372,1702670460000.0,0.0,0.0,464.0,0.09504849137931035,0.0,0.0,0.09485,0.9992712802619605,1.0,419.50357421000086,300.0,419.41147421000085,300.0,0.1051302127355,0.0
8373,1702674060000.0,0.0,0.0,464.0,0.09504849137931035,0.0,0.0,0.09475,0.9992712802619605,1.0,419.50357421000086,300.0,419.36507421000084,300.0,0.1051302127355,0.0
8374,1702677660000.0,0.0,0.0,464.0,0.09504849137931035,0.0,0.0,0.09437,0.9992712802619605,1.0,419.50357421000086,300.0,419.18875421000087,300.0,0.1051302127355,0.0
8375,1702681260000.0,0.0,0.0,464.0,0.09504849137931035,0.0,0.0,0.09335,0.9992712802619605,1.0,419.50357421000086,300.0,418.7154742100009,300.0,0.1051302127355,0.0
8376,1702684860000.0,0.0,0.0,464.0,0.09504849137931035,0.0,0.0,0.09326,0.9992712802619605,1.0,419.50357421000086,300.0,418.67371421000087,300.0,0.1051302127355,0.0
8377,1702688460000.0,0.0,0.0,464.0,0.09504849137931035,0.0,0.0,0.0927,0.9992712802619605,1.0,419.50357421000086,300.0,418.41387421000087,300.0,0.1051302127355,0.0
8378,1702692060000.0,0.0,0.0,464.0,0.09504849137931035,0.0,0.0,0.09322,0.9992712802619605,1.0,419.50357421000086,300.0,418.6551542100009,300.0,0.1051302127355,0.0
8379,1702695660000.0,0.0,0.0,464.0,0.09504849137931035,0.0,0.0,0.09356,0.9992712802619605,1.0,419.50357421000086,300.0,418.8129142100009,300.0,0.1051302127355,0.0
8380,1702699260000.0,0.0,0.0,464.0,0.09504849137931035,0.0,0.0,0.09399,0.9992712802619605,1.0,419.50357421000086,300.0,419.0124342100009,300.0,0.1051302127355,0.0
8381,1702702860000.0,0.0,0.0,464.0,0.09504849137931035,0.0,0.0,0.09398,0.9992712802619605,1.0,419.50357421000086,300.0,419.00779421000084,300.0,0.1051302127355,0.0
8382,1702706460000.0,0.0,0.0,464.0,0.09504849137931035,0.0,0.0,0.09423,0.9992712802619605,1.0,419.50357421000086,300.0,419.1237942100009,300.0,0.1051302127355,0.0
8383,1702710060000.0,0.0,0.0,464.0,0.09504849137931035,0.0,0.0,0.09389,0.9992712802619605,1.0,419.50357421000086,300.0,418.9660342100009,300.0,0.1051302127355,0.0
8384,1702713660000.0,0.0,0.0,464.0,0.09504849137931035,0.0,0.0,0.0939,0.9992712802619605,1.0,419.50357421000086,300.0,418.9706742100009,300.0,0.1051302127355,0.0
8385,1702717260000.0,0.0,0.0,464.0,0.09504849137931035,0.0,0.0,0.09372,0.9992712802619605,1.0,419.50357421000086,300.0,418.88715421000086,300.0,0.1051302127355,0.0
8386,1702720860000.0,0.0,0.0,464.0,0.09504849137931035,0.0,0.0,0.09394,0.9992712802619605,1.0,419.50357421000086,300.0,418.98923421000086,300.0,0.1051302127355,0.0
8387,1702724460000.0,0.0,0.0,464.0,0.09504849137931035,0.0,0.0,0.09435,0.9992712802619605,1.0,419.50357421000086,300.0,419.1794742100009,300.0,0.1051302127355,0.0
8388,1702728060000.0,0.0,0.0,464.0,0.09504849137931035,0.0,0.0,0.09452,0.9992712802619605,1.0,419.50357421000086,300.0,419.25835421000085,300.0,0.1051302127355,0.0
8389,1702731660000.0,0.0,0.0,464.0,0.09504849137931035,0.0,0.0,0.09471,0.9992712802619605,1.0,419.50357421000086,300.0,419.34651421000086,300.0,0.1051302127355,0.0
8390,1702735260000.0,0.0,0.0,464.0,0.09504849137931035,0.0,0.0,0.09435,0.9992712802619605,1.0,419.50357421000086,300.0,419.1794742100009,300.0,0.1051302127355,0.0
8391,1702738860000.0,0.0,0.0,464.0,0.09504849137931035,0.0,0.0,0.09448,0.9992712802619605,1.0,419.50357421000086,300.0,419.23979421000087,300.0,0.1051302127355,0.0
8392,1702742460000.0,0.0,0.0,464.0,0.09504849137931035,0.0,0.0,0.09483,0.9992712802619605,1.0,419.50357421000086,300.0,419.40219421000086,300.0,0.1051302127355,0.0
8393,1702746060000.0,0.0,0.0,464.0,0.09504849137931035,0.0,0.0,0.09481,0.9992712802619605,1.0,419.50357421000086,300.0,419.39291421000087,300.0,0.1051302127355,0.0
8394,1702749660000.0,0.0,0.0,464.0,0.09504849137931035,0.0,0.0,0.09489,0.9992712802619605,1.0,419.50357421000086,300.0,419.4300342100009,300.0,0.1051302127355,0.0
8395,1702753260000.0,0.0,0.0,464.0,0.09504849137931035,0.0,0.0,0.09431,0.9992712802619605,1.0,419.50357421000086,300.0,419.16091421000084,300.0,0.1051302127355,0.0
8396,1702756860000.0,0.0,0.0,464.0,0.09504849137931035,0.0,0.0,0.09479,0.9992712802619605,1.0,419.50357421000086,300.0,419.3836342100009,300.0,0.1051302127355,0.0
8397,1702760460000.0,0.0,0.0,464.0,0.09504849137931035,0.0,0.0,0.09571,0.9992712802619605,1.0,419.50357421000086,300.0,419.81051421000086,300.0,0.1051302127355,0.0
8398,1702764060000.0,0.0,0.0,0.0,0.09504849137931035,0.0,0.0,0.09614,0.9992712802619605,1.0,420.05349709000086,300.0,420.05349709000086,300.0,0.0,0.0
8399,1702767660000.0,0.0,0.0,0.0,0.09504849137931035,0.0,0.0,0.09555,0.9992712802619605,1.0,420.05349709000086,300.0,420.05349709000086,300.0,0.0,0.0
8400,1702771260000.0,0.0,0.0,0.0,0.09504849137931035,0.0,0.0,0.09698,0.9992712802619605,1.0,420.05349709000086,300.0,420.05349709000086,300.0,0.0,0.0
8401,1702774860000.0,0.0,0.0,0.0,0.09504849137931035,0.0,0.0,0.0959,0.9992712802619605,1.0,420.05349709000086,300.0,420.05349709000086,300.0,0.0,0.0
8402,1702778460000.0,0.0,0.0,0.0,0.09504849137931035,0.0,0.0,0.09576,0.9992712802619605,1.0,420.05349709000086,300.0,420.05349709000086,300.0,0.0,0.0
8403,1702782060000.0,0.0,0.0,0.0,0.09504849137931035,0.0,0.0,0.09521,0.9992712802619605,1.0,420.05349709000086,300.0,420.05349709000086,300.0,0.0,0.0
8404,1702785660000.0,0.0,0.0,0.0,0.09504849137931035,0.0,0.0,0.09514,0.9992712802619605,1.0,420.05349709000086,300.0,420.05349709000086,300.0,0.0,0.0
8405,1702789260000.0,0.0,0.0,0.0,0.09504849137931035,0.0,0.0,0.09583,0.9992712802619605,1.0,420.05349709000086,300.0,420.05349709000086,300.0,0.0,0.0
8406,1702792860000.0,0.0,0.0,221.0,0.09488,0.0,0.0,0.09492,0.9992712802619605,1.0,420.03252861000084,300.0,420.04136861000086,300.0,0.04992108603919384,0.0
8407,1702796460000.0,0.0,0.0,221.0,0.09488,0.0,0.0,0.09443,0.9992712802619605,1.0,420.03252861000084,300.0,419.93307861000085,300.0,0.04992108603919384,0.0
8408,1702800060000.0,0.0,0.0,221.0,0.09488,0.0,0.0,0.09394,0.9992712802619605,1.0,420.03252861000084,300.0,419.82478861000084,300.0,0.04992108603919384,0.0
8409,1702803660000.0,0.0,0.0,221.0,0.09488,0.0,0.0,0.09445,0.9992712802619605,1.0,420.03252861000084,300.0,419.93749861000083,300.0,0.04992108603919384,0.0
8410,1702807260000.0,0.0,0.0,221.0,0.09488,0.0,0.0,0.09481,0.9992712802619605,1.0,420.03252861000084,300.0,420.01705861000084,300.0,0.04992108603919384,0.0
8411,1702810860000.0,0.0,0.0,221.0,0.09488,0.0,0.0,0.09475,0.9992712802619605,1.0,420.03252861000084,300.0,420.00379861000084,300.0,0.04992108603919384,0.0
8412,1702814460000.0,0.0,0.0,221.0,0.09488,0.0,0.0,0.09516,0.9992712802619605,1.0,420.03252861000084,300.0,420.0944086100008,300.0,0.04992108603919384,0.0
8413,1702818060000.0,0.0,0.0,221.0,0.09488,0.0,0.0,0.09503,0.9992712802619605,1.0,420.03252861000084,300.0,420.0656786100008,300.0,0.04992108603919384,0.0
8414,1702821660000.0,0.0,0.0,221.0,0.09488,0.0,0.0,0.09406,0.9992712802619605,1.0,420.03252861000084,300.0,419.85130861000084,300.0,0.04992108603919384,0.0
8415,1702825260000.0,0.0,0.0,221.0,0.09488,0.0,0.0,0.09359,0.9992712802619605,1.0,420.03252861000084,300.0,419.7474386100008,300.0,0.04992108603919384,0.0
8416,1702828860000.0,0.0,0.0,221.0,0.09488,0.0,0.0,0.09442,0.9992712802619605,1.0,420.03252861000084,300.0,419.93086861000086,300.0,0.04992108603919384,0.0
8417,1702832460000.0,0.0,0.0,221.0,0.09488,0.0,0.0,0.09543,0.9992712802619605,1.0,420.03252861000084,300.0,420.15407861000085,300.0,0.04992108603919384,0.0
8418,1702836060000.0,0.0,0.0,0.0,0.09488,0.0,0.0,0.09535,0.9992712802619605,1.0,420.2941572500008,300.0,420.2941572500008,300.0,0.0,0.0
8419,1702839660000.0,0.0,0.0,0.0,0.09488,0.0,0.0,0.09546,0.9992712802619605,1.0,420.2941572500008,300.0,420.2941572500008,300.0,0.0,0.0
8420,1702843260000.0,0.0,0.0,0.0,0.09488,0.0,0.0,0.09503,0.9992712802619605,1.0,420.2941572500008,300.0,420.2941572500008,300.0,0.0,0.0
8421,1702846860000.0,0.0,0.0,0.0,0.09488,0.0,0.0,0.09499,0.9992712802619605,1.0,420.2941572500008,300.0,420.2941572500008,300.0,0.0,0.0
8422,1702850460000.0,0.0,0.0,222.0,0.09465,0.0,0.0,0.09441,0.9992712802619605,1.0,420.2731449500008,300.0,420.2198649500008,300.0,0.049996770558584695,0.0
8423,1702854060000.0,0.0,0.0,222.0,0.09465,0.0,0.0,0.0933,0.9992712802619605,1.0,420.2731449500008,300.0,419.97344495000084,300.0,0.049996770558584695,0.0
8424,1702857660000.0,0.0,0.0,222.0,0.09465,0.0,0.0,0.09303,0.9992712802619605,1.0,420.2731449500008,300.0,419.9135049500008,300.0,0.049996770558584695,0.0
8425,1702861260000.0,0.0,0.0,222.0,0.09465,0.0,0.0,0.09328,0.9992712802619605,1.0,420.2731449500008,300.0,419.9690049500008,300.0,0.049996770558584695,0.0
8426,1702864860000.0,0.0,0.0,222.0,0.09465,0.0,0.0,0.09219,0.9992712802619605,1.0,420.2731449500008,300.0,419.72702495000084,300.0,0.049996770558584695,0.0
8427,1702868460000.0,0.0,0.0,475.0,0.09301482105263158,0.0,0.0,0.09153,0.9992712802619605,1.0,420.2499752100008,300.0,419.5446852100008,300.0,0.10513276051455336,0.0
8428,1702872060000.0,0.0,0.0,475.0,0.09301482105263158,0.0,0.0,0.09182,0.9992712802619605,1.0,420.2499752100008,300.0,419.6824352100008,300.0,0.10513276051455336,0.0
8429,1702875660000.0,0.0,0.0,475.0,0.09301482105263158,0.0,0.0,0.09221,0.9992712802619605,1.0,420.2499752100008,300.0,419.8676852100008,300.0,0.10513276051455336,0.0
8430,1702879260000.0,0.0,0.0,475.0,0.09301482105263158,0.0,0.0,0.09168,0.9992712802619605,1.0,420.2499752100008,300.0,419.61593521000077,300.0,0.10513276051455336,0.0
8431,1702882860000.0,0.0,0.0,475.0,0.09301482105263158,0.0,0.0,0.09204,0.9992712802619605,1.0,420.2499752100008,300.0,419.7869352100008,300.0,0.10513276051455336,0.0
8432,1702886460000.0,0.0,0.0,475.0,0.09301482105263158,0.0,0.0,0.09104,0.9992712802619605,1.0,420.2499752100008,300.0,419.3119352100008,300.0,0.10513276051455336,0.0
8433,1702890060000.0,0.0,0.0,475.0,0.09301482105263158,0.0,0.0,0.09118,0.9992712802619605,1.0,420.2499752100008,300.0,419.3784352100008,300.0,0.10513276051455336,0.0
8434,1702893660000.0,0.0,0.0,1015.0,0.0911767881773399,0.0,0.0,0.08962,0.9992712802619605,1.0,420.2016128100008,300.0,418.62147281000085,300.0,0.22023818371645582,0.0
8435,1702897260000.0,0.0,0.0,2170.0,0.08888978801843317,0.0,0.0,0.0881,0.9992712802619605,1.0,420.10126641000085,300.0,418.38742641000084,300.0,0.45915319810473215,0.0
8436,1702900860000.0,0.0,0.0,2170.0,0.08888978801843317,0.0,0.0,0.08834,0.9992712802619605,1.0,420.10126641000085,300.0,418.90822641000085,300.0,0.45915319810473215,0.0
8437,1702904460000.0,0.0,0.0,2170.0,0.08888978801843317,0.0,0.0,0.08744,0.9992712802619605,1.0,420.10126641000085,300.0,416.9552264100009,300.0,0.45915319810473215,0.0
8438,1702908060000.0,0.0,0.0,2170.0,0.08888978801843317,0.0,0.0,0.08918,0.9992712802619605,1.0,420.10126641000085,300.0,420.7310264100009,300.0,0.45915319810473215,0.0
8439,1702911660000.0,0.0,0.0,236.0,0.08962,0.0,0.0,0.08957,0.9992712802619605,1.0,422.2335765500009,300.0,422.2217765500009,300.0,0.05009151610541181,0.0
8440,1702915260000.0,0.0,0.0,236.0,0.08962,0.0,0.0,0.0891,0.9992712802619605,1.0,422.2335765500009,300.0,422.1108565500009,300.0,0.05009151610541181,0.0
8441,1702918860000.0,0.0,0.0,236.0,0.08962,0.0,0.0,0.08969,0.9992712802619605,1.0,422.2335765500009,300.0,422.25009655000093,300.0,0.05009151610541181,0.0
8442,1702922460000.0,0.0,0.0,236.0,0.08962,0.0,0.0,0.08958,0.9992712802619605,1.0,422.2335765500009,300.0,422.22413655000094,300.0,0.05009151610541181,0.0
8443,1702926060000.0,0.0,0.0,236.0,0.08962,0.0,0.0,0.09011,0.9992712802619605,1.0,422.2335765500009,300.0,422.3492165500009,300.0,0.05009151610541181,0.0
8444,1702929660000.0,0.0,0.0,236.0,0.08962,0.0,0.0,0.09054,0.9992712802619605,1.0,422.2335765500009,300.0,422.45069655000094,300.0,0.05009151610541181,0.0
8445,1702933260000.0,0.0,0.0,0.0,0.08962,0.0,0.0,0.09084,0.9992712802619605,1.0,422.4977006700009,300.0,422.4977006700009,300.0,0.0,0.0
8446,1702936860000.0,0.0,0.0,0.0,0.08962,0.0,0.0,0.09206,0.9992712802619605,1.0,422.4977006700009,300.0,422.4977006700009,300.0,0.0,0.0
8447,1702940460000.0,0.0,0.0,0.0,0.08962,0.0,0.0,0.09202,0.9992712802619605,1.0,422.4977006700009,300.0,422.4977006700009,300.0,0.0,0.0
8448,1702944060000.0,0.0,0.0,0.0,0.08962,0.0,0.0,0.09196,0.9992712802619605,1.0,422.4977006700009,300.0,422.4977006700009,300.0,0.0,0.0
8449,1702947660000.0,0.0,0.0,0.0,0.08962,0.0,0.0,0.09211,0.9992712802619605,1.0,422.4977006700009,300.0,422.4977006700009,300.0,0.0,0.0
8450,1702951260000.0,0.0,0.0,0.0,0.08962,0.0,0.0,0.09319,0.9992712802619605,1.0,422.4977006700009,300.0,422.4977006700009,300.0,0.0,0.0
8451,1702954860000.0,0.0,0.0,0.0,0.08962,0.0,0.0,0.09268,0.9992712802619605,1.0,422.4977006700009,300.0,422.4977006700009,300.0,0.0,0.0
8452,1702958460000.0,0.0,0.0,0.0,0.08962,0.0,0.0,0.09251,0.9992712802619605,1.0,422.4977006700009,300.0,422.4977006700009,300.0,0.0,0.0
8453,1702962060000.0,0.0,0.0,0.0,0.08962,0.0,0.0,0.09267,0.9992712802619605,1.0,422.4977006700009,300.0,422.4977006700009,300.0,0.0,0.0
8454,1702965660000.0,0.0,0.0,0.0,0.08962,0.0,0.0,0.09278,0.9992712802619605,1.0,422.4977006700009,300.0,422.4977006700009,300.0,0.0,0.0
8455,1702969260000.0,0.0,0.0,0.0,0.08962,0.0,0.0,0.09278,0.9992712802619605,1.0,422.4977006700009,300.0,422.4977006700009,300.0,0.0,0.0
8456,1702972860000.0,0.0,0.0,0.0,0.08962,0.0,0.0,0.0931,0.9992712802619605,1.0,422.4977006700009,300.0,422.4977006700009,300.0,0.0,0.0
8457,1702976460000.0,0.0,0.0,0.0,0.08962,0.0,0.0,0.09268,0.9992712802619605,1.0,422.4977006700009,300.0,422.4977006700009,300.0,0.0,0.0
8458,1702980060000.0,0.0,0.0,0.0,0.08962,0.0,0.0,0.09241,0.9992712802619605,1.0,422.4977006700009,300.0,422.4977006700009,300.0,0.0,0.0
8459,1702983660000.0,0.0,0.0,0.0,0.08962,0.0,0.0,0.09274,0.9992712802619605,1.0,422.4977006700009,300.0,422.4977006700009,300.0,0.0,0.0
8460,1702987260000.0,0.0,0.0,0.0,0.08962,0.0,0.0,0.09234,0.9992712802619605,1.0,422.4977006700009,300.0,422.4977006700009,300.0,0.0,0.0
8461,1702990860000.0,0.0,0.0,230.0,0.09183,0.0,0.0,0.09175,0.9992712802619605,1.0,422.47657977000085,300.0,422.45817977000087,300.0,0.049993067098532094,0.0
8462,1702994460000.0,0.0,0.0,230.0,0.09183,0.0,0.0,0.09135,0.9992712802619605,1.0,422.47657977000085,300.0,422.3661797700008,300.0,0.049993067098532094,0.0
8463,1702998060000.0,0.0,0.0,230.0,0.09183,0.0,0.0,0.09056,0.9992712802619605,1.0,422.47657977000085,300.0,422.18447977000085,300.0,0.049993067098532094,0.0
8464,1703001660000.0,0.0,0.0,230.0,0.09183,0.0,0.0,0.09118,0.9992712802619605,1.0,422.47657977000085,300.0,422.32707977000086,300.0,0.049993067098532094,0.0
8465,1703005260000.0,0.0,0.0,230.0,0.09183,0.0,0.0,0.091,0.9992712802619605,1.0,422.47657977000085,300.0,422.28567977000085,300.0,0.049993067098532094,0.0
8466,1703008860000.0,0.0,0.0,230.0,0.09183,0.0,0.0,0.08965,0.9992712802619605,1.0,422.47657977000085,300.0,421.97517977000086,300.0,0.049993067098532094,0.0
8467,1703012460000.0,0.0,0.0,230.0,0.09183,0.0,0.0,0.09012,0.9992712802619605,1.0,422.47657977000085,300.0,422.08327977000084,300.0,0.049993067098532094,0.0
8468,1703016060000.0,0.0,0.0,230.0,0.09183,0.0,0.0,0.09026,0.9992712802619605,1.0,422.47657977000085,300.0,422.11547977000083,300.0,0.049993067098532094,0.0
8469,1703019660000.0,0.0,0.0,230.0,0.09183,0.0,0.0,0.09057,0.9992712802619605,1.0,422.47657977000085,300.0,422.18677977000084,300.0,0.049993067098532094,0.0
8470,1703023260000.0,0.0,0.0,230.0,0.09183,0.0,0.0,0.09111,0.9992712802619605,1.0,422.47657977000085,300.0,422.31097977000087,300.0,0.049993067098532094,0.0
8471,1703026860000.0,0.0,0.0,230.0,0.09183,0.0,0.0,0.09027,0.9992712802619605,1.0,422.47657977000085,300.0,422.1177797700009,300.0,0.049993067098532094,0.0
8472,1703030460000.0,0.0,0.0,230.0,0.09183,0.0,0.0,0.09025,0.9992712802619605,1.0,422.47657977000085,300.0,422.11317977000084,300.0,0.049993067098532094,0.0
8473,1703034060000.0,0.0,0.0,230.0,0.09183,0.0,0.0,0.09089,0.9992712802619605,1.0,422.47657977000085,300.0,422.26037977000084,300.0,0.049993067098532094,0.0
8474,1703037660000.0,0.0,0.0,230.0,0.09183,0.0,0.0,0.09033,0.9992712802619605,1.0,422.47657977000085,300.0,422.1315797700008,300.0,0.049993067098532094,0.0
8475,1703041260000.0,0.0,0.0,230.0,0.09183,0.0,0.0,0.09038,0.9992712802619605,1.0,422.47657977000085,300.0,422.14307977000084,300.0,0.049993067098532094,0.0
8476,1703044860000.0,0.0,0.0,230.0,0.09183,0.0,0.0,0.09056,0.9992712802619605,1.0,422.47657977000085,300.0,422.18447977000085,300.0,0.049993067098532094,0.0
8477,1703048460000.0,0.0,0.0,230.0,0.09183,0.0,0.0,0.0913,0.9992712802619605,1.0,422.47657977000085,300.0,422.35467977000087,300.0,0.049993067098532094,0.0
8478,1703052060000.0,0.0,0.0,230.0,0.09183,0.0,0.0,0.09059,0.9992712802619605,1.0,422.47657977000085,300.0,422.1913797700009,300.0,0.049993067098532094,0.0
8479,1703055660000.0,0.0,0.0,230.0,0.09183,0.0,0.0,0.09031,0.9992712802619605,1.0,422.47657977000085,300.0,422.12697977000084,300.0,0.049993067098532094,0.0
8480,1703059260000.0,0.0,0.0,230.0,0.09183,0.0,0.0,0.0904,0.9992712802619605,1.0,422.47657977000085,300.0,422.1476797700009,300.0,0.049993067098532094,0.0
8481,1703062860000.0,0.0,0.0,230.0,0.09183,0.0,0.0,0.09007,0.9992712802619605,1.0,422.47657977000085,300.0,422.07177977000083,300.0,0.049993067098532094,0.0
8482,1703066460000.0,0.0,0.0,230.0,0.09183,0.0,0.0,0.09023,0.9992712802619605,1.0,422.47657977000085,300.0,422.10857977000086,300.0,0.049993067098532094,0.0
8483,1703070060000.0,0.0,0.0,230.0,0.09183,0.0,0.0,0.09046,0.9992712802619605,1.0,422.47657977000085,300.0,422.1614797700009,300.0,0.049993067098532094,0.0
8484,1703073660000.0,0.0,0.0,230.0,0.09183,0.0,0.0,0.09043,0.9992712802619605,1.0,422.47657977000085,300.0,422.15457977000085,300.0,0.049993067098532094,0.0
8485,1703077260000.0,0.0,0.0,230.0,0.09183,0.0,0.0,0.09121,0.9992712802619605,1.0,422.47657977000085,300.0,422.33397977000084,300.0,0.049993067098532094,0.0
8486,1703080860000.0,0.0,0.0,230.0,0.09183,0.0,0.0,0.09256,0.9992712802619605,1.0,422.47657977000085,300.0,422.6444797700008,300.0,0.049993067098532094,0.0
8487,1703084460000.0,0.0,0.0,230.0,0.09183,0.0,0.0,0.092,0.9992712802619605,1.0,422.47657977000085,300.0,422.5156797700009,300.0,0.049993067098532094,0.0
8488,1703088060000.0,0.0,0.0,0.0,0.09183,0.0,0.0,0.09297,0.9992712802619605,1.0,422.73807597000086,300.0,422.73807597000086,300.0,0.0,0.0
8489,1703091660000.0,0.0,0.0,0.0,0.09183,0.0,0.0,0.09194,0.9992712802619605,1.0,422.73807597000086,300.0,422.73807597000086,300.0,0.0,0.0
8490,1703095260000.0,0.0,0.0,0.0,0.09183,0.0,0.0,0.09244,0.9992712802619605,1.0,422.73807597000086,300.0,422.73807597000086,300.0,0.0,0.0
8491,1703098860000.0,0.0,0.0,0.0,0.09183,0.0,0.0,0.09316,0.9992712802619605,1.0,422.73807597000086,300.0,422.73807597000086,300.0,0.0,0.0
8492,1703102460000.0,0.0,0.0,0.0,0.09183,0.0,0.0,0.09162,0.9992712802619605,1.0,422.73807597000086,300.0,422.73807597000086,300.0,0.0,0.0
8493,1703106060000.0,0.0,0.0,232.0,0.0912,0.0,0.0,0.09103,0.9992712802619605,1.0,422.7169175700009,300.0,422.67747757000086,300.0,0.05005335514279771,0.0
8494,1703109660000.0,0.0,0.0,232.0,0.0912,0.0,0.0,0.09094,0.9992712802619605,1.0,422.7169175700009,300.0,422.6565975700009,300.0,0.05005335514279771,0.0
8495,1703113260000.0,0.0,0.0,232.0,0.0912,0.0,0.0,0.09103,0.9992712802619605,1.0,422.7169175700009,300.0,422.67747757000086,300.0,0.05005335514279771,0.0
8496,1703116860000.0,0.0,0.0,232.0,0.0912,0.0,0.0,0.09141,0.9992712802619605,1.0,422.7169175700009,300.0,422.7656375700009,300.0,0.05005335514279771,0.0
8497,1703120460000.0,0.0,0.0,232.0,0.0912,0.0,0.0,0.09135,0.9992712802619605,1.0,422.7169175700009,300.0,422.7517175700009,300.0,0.05005335514279771,0.0
8498,1703124060000.0,0.0,0.0,232.0,0.0912,0.0,0.0,0.09104,0.9992712802619605,1.0,422.7169175700009,300.0,422.67979757000086,300.0,0.05005335514279771,0.0
8499,1703127660000.0,0.0,0.0,232.0,0.0912,0.0,0.0,0.09119,0.9992712802619605,1.0,422.7169175700009,300.0,422.7145975700009,300.0,0.05005335514279771,0.0
8500,1703131260000.0,0.0,0.0,232.0,0.0912,0.0,0.0,0.09149,0.9992712802619605,1.0,422.7169175700009,300.0,422.78419757000086,300.0,0.05005335514279771,0.0
8501,1703134860000.0,0.0,0.0,232.0,0.0912,0.0,0.0,0.09165,0.9992712802619605,1.0,422.7169175700009,300.0,422.8213175700009,300.0,0.05005335514279771,0.0
8502,1703138460000.0,0.0,0.0,232.0,0.0912,0.0,0.0,0.09099,0.9992712802619605,1.0,422.7169175700009,300.0,422.66819757000087,300.0,0.05005335514279771,0.0
8503,1703142060000.0,0.0,0.0,232.0,0.0912,0.0,0.0,0.09158,0.9992712802619605,1.0,422.7169175700009,300.0,422.8050775700009,300.0,0.05005335514279771,0.0
8504,1703145660000.0,0.0,0.0,232.0,0.0912,0.0,0.0,0.09156,0.9992712802619605,1.0,422.7169175700009,300.0,422.8004375700009,300.0,0.05005335514279771,0.0
8505,1703149260000.0,0.0,0.0,232.0,0.0912,0.0,0.0,0.09138,0.9992712802619605,1.0,422.7169175700009,300.0,422.7586775700009,300.0,0.05005335514279771,0.0
8506,1703152860000.0,0.0,0.0,232.0,0.0912,0.0,0.0,0.09191,0.9992712802619605,1.0,422.7169175700009,300.0,422.88163757000086,300.0,0.05005335514279771,0.0
8507,1703156460000.0,0.0,0.0,0.0,0.0912,0.0,0.0,0.0927,0.9992712802619605,1.0,422.9808338100009,300.0,422.9808338100009,300.0,0.0,0.0
8508,1703160060000.0,0.0,0.0,0.0,0.0912,0.0,0.0,0.09257,0.9992712802619605,1.0,422.9808338100009,300.0,422.9808338100009,300.0,0.0,0.0
8509,1703163660000.0,0.0,0.0,0.0,0.0912,0.0,0.0,0.09219,0.9992712802619605,1.0,422.9808338100009,300.0,422.9808338100009,300.0,0.0,0.0
8510,1703167260000.0,0.0,0.0,0.0,0.0912,0.0,0.0,0.09259,0.9992712802619605,1.0,422.9808338100009,300.0,422.9808338100009,300.0,0.0,0.0
8511,1703170860000.0,0.0,0.0,231.0,0.09141,0.0,0.0,0.09123,0.9992712802619605,1.0,422.9597181000009,300.0,422.9181381000009,300.0,0.049923690357216444,0.0
8512,1703174460000.0,0.0,0.0,231.0,0.09141,0.0,0.0,0.09145,0.9992712802619605,1.0,422.9597181000009,300.0,422.96895810000086,300.0,0.049923690357216444,0.0
8513,1703178060000.0,0.0,0.0,231.0,0.09141,0.0,0.0,0.09138,0.9992712802619605,1.0,422.9597181000009,300.0,422.9527881000009,300.0,0.049923690357216444,0.0
8514,1703181660000.0,0.0,0.0,231.0,0.09141,0.0,0.0,0.0915,0.9992712802619605,1.0,422.9597181000009,300.0,422.98050810000086,300.0,0.049923690357216444,0.0
8515,1703185260000.0,0.0,0.0,231.0,0.09141,0.0,0.0,0.09184,0.9992712802619605,1.0,422.9597181000009,300.0,423.0590481000009,300.0,0.049923690357216444,0.0
8516,1703188860000.0,0.0,0.0,0.0,0.09141,0.0,0.0,0.09482,0.9992712802619605,1.0,423.2224482600009,300.0,423.2224482600009,300.0,0.0,0.0
8517,1703192460000.0,0.0,0.0,0.0,0.09141,0.0,0.0,0.09597,0.9992712802619605,1.0,423.2224482600009,300.0,423.2224482600009,300.0,0.0,0.0
8518,1703196060000.0,0.0,0.0,0.0,0.09141,0.0,0.0,0.09622,0.9992712802619605,1.0,423.2224482600009,300.0,423.2224482600009,300.0,0.0,0.0
8519,1703199660000.0,0.0,0.0,0.0,0.09141,0.0,0.0,0.09557,0.9992712802619605,1.0,423.2224482600009,300.0,423.2224482600009,300.0,0.0,0.0
8520,1703203260000.0,0.0,0.0,0.0,0.09141,0.0,0.0,0.09509,0.9992712802619605,1.0,423.2224482600009,300.0,423.2224482600009,300.0,0.0,0.0
8521,1703206860000.0,0.0,0.0,0.0,0.09141,0.0,0.0,0.09518,0.9992712802619605,1.0,423.2224482600009,300.0,423.2224482600009,300.0,0.0,0.0
8522,1703210460000.0,0.0,0.0,0.0,0.09141,0.0,0.0,0.0949,0.9992712802619605,1.0,423.2224482600009,300.0,423.2224482600009,300.0,0.0,0.0
8523,1703214060000.0,0.0,0.0,0.0,0.09141,0.0,0.0,0.09362,0.9992712802619605,1.0,423.2224482600009,300.0,423.2224482600009,300.0,0.0,0.0
8524,1703217660000.0,0.0,0.0,0.0,0.09141,0.0,0.0,0.09364,0.9992712802619605,1.0,423.2224482600009,300.0,423.2224482600009,300.0,0.0,0.0
8525,1703221260000.0,0.0,0.0,0.0,0.09141,0.0,0.0,0.094,0.9992712802619605,1.0,423.2224482600009,300.0,423.2224482600009,300.0,0.0,0.0
8526,1703224860000.0,0.0,0.0,0.0,0.09141,0.0,0.0,0.09359,0.9992712802619605,1.0,423.2224482600009,300.0,423.2224482600009,300.0,0.0,0.0
8527,1703228460000.0,0.0,0.0,227.0,0.09315,0.0,0.0,0.09264,0.9992712802619605,1.0,423.2013032100009,300.0,423.0855332100009,300.0,0.04996452005136526,0.0
8528,1703232060000.0,0.0,0.0,227.0,0.09315,0.0,0.0,0.09264,0.9992712802619605,1.0,423.2013032100009,300.0,423.0855332100009,300.0,0.04996452005136526,0.0
8529,1703235660000.0,0.0,0.0,227.0,0.09315,0.0,0.0,0.09284,0.9992712802619605,1.0,423.2013032100009,300.0,423.1309332100009,300.0,0.04996452005136526,0.0
8530,1703239260000.0,0.0,0.0,227.0,0.09315,0.0,0.0,0.09308,0.9992712802619605,1.0,423.2013032100009,300.0,423.1854132100009,300.0,0.04996452005136526,0.0
8531,1703242860000.0,0.0,0.0,227.0,0.09315,0.0,0.0,0.09307,0.9992712802619605,1.0,423.2013032100009,300.0,423.1831432100009,300.0,0.04996452005136526,0.0
8532,1703246460000.0,0.0,0.0,227.0,0.09315,0.0,0.0,0.0934,0.9992712802619605,1.0,423.2013032100009,300.0,423.2580532100009,300.0,0.04996452005136526,0.0
8533,1703250060000.0,0.0,0.0,227.0,0.09315,0.0,0.0,0.09265,0.9992712802619605,1.0,423.2013032100009,300.0,423.0878032100009,300.0,0.04996452005136526,0.0
8534,1703253660000.0,0.0,0.0,227.0,0.09315,0.0,0.0,0.09369,0.9992712802619605,1.0,423.2013032100009,300.0,423.32388321000093,300.0,0.04996452005136526,0.0
8535,1703257260000.0,0.0,0.0,227.0,0.09315,0.0,0.0,0.09348,0.9992712802619605,1.0,423.2013032100009,300.0,423.2762132100009,300.0,0.04996452005136526,0.0
8536,1703260860000.0,0.0,0.0,227.0,0.09315,0.0,0.0,0.09381,0.9992712802619605,1.0,423.2013032100009,300.0,423.3511232100009,300.0,0.04996452005136526,0.0
8537,1703264460000.0,0.0,0.0,227.0,0.09315,0.0,0.0,0.09393,0.9992712802619605,1.0,423.2013032100009,300.0,423.3783632100009,300.0,0.04996452005136526,0.0
8538,1703268060000.0,0.0,0.0,227.0,0.09315,0.0,0.0,0.09402,0.9992712802619605,1.0,423.2013032100009,300.0,423.3987932100009,300.0,0.04996452005136526,0.0
8539,1703271660000.0,0.0,0.0,0.0,0.09315,0.0,0.0,0.09451,0.9992712802619605,1.0,423.4636244100009,300.0,423.4636244100009,300.0,0.0,0.0
8540,1703275260000.0,0.0,0.0,0.0,0.09315,0.0,0.0,0.09349,0.9992712802619605,1.0,423.4636244100009,300.0,423.4636244100009,300.0,0.0,0.0
8541,1703278860000.0,0.0,0.0,0.0,0.09315,0.0,0.0,0.09418,0.9992712802619605,1.0,423.4636244100009,300.0,423.4636244100009,300.0,0.0,0.0
8542,1703282460000.0,0.0,0.0,0.0,0.09315,0.0,0.0,0.09442,0.9992712802619605,1.0,423.4636244100009,300.0,423.4636244100009,300.0,0.0,0.0
8543,1703286060000.0,0.0,0.0,0.0,0.09315,0.0,0.0,0.09466,0.9992712802619605,1.0,423.4636244100009,300.0,423.4636244100009,300.0,0.0,0.0
8544,1703289660000.0,0.0,0.0,0.0,0.09315,0.0,0.0,0.09476,0.9992712802619605,1.0,423.4636244100009,300.0,423.4636244100009,300.0,0.0,0.0
8545,1703293260000.0,0.0,0.0,0.0,0.09315,0.0,0.0,0.09443,0.9992712802619605,1.0,423.4636244100009,300.0,423.4636244100009,300.0,0.0,0.0
8546,1703296860000.0,0.0,0.0,226.0,0.09357,0.0,0.0,0.09308,0.9992712802619605,1.0,423.44247759000086,300.0,423.33173759000084,300.0,0.04994024246305175,0.0
8547,1703300460000.0,0.0,0.0,226.0,0.09357,0.0,0.0,0.0927,0.9992712802619605,1.0,423.44247759000086,300.0,423.24585759000087,300.0,0.04994024246305175,0.0
8548,1703304060000.0,0.0,0.0,226.0,0.09357,0.0,0.0,0.09214,0.9992712802619605,1.0,423.44247759000086,300.0,423.1192975900009,300.0,0.04994024246305175,0.0
8549,1703307660000.0,0.0,0.0,226.0,0.09357,0.0,0.0,0.09281,0.9992712802619605,1.0,423.44247759000086,300.0,423.27071759000086,300.0,0.04994024246305175,0.0
8550,1703311260000.0,0.0,0.0,226.0,0.09357,0.0,0.0,0.09308,0.9992712802619605,1.0,423.44247759000086,300.0,423.33173759000084,300.0,0.04994024246305175,0.0
8551,1703314860000.0,0.0,0.0,226.0,0.09357,0.0,0.0,0.09296,0.9992712802619605,1.0,423.44247759000086,300.0,423.3046175900009,300.0,0.04994024246305175,0.0
8552,1703318460000.0,0.0,0.0,226.0,0.09357,0.0,0.0,0.09259,0.9992712802619605,1.0,423.44247759000086,300.0,423.2209975900009,300.0,0.04994024246305175,0.0
8553,1703322060000.0,0.0,0.0,226.0,0.09357,0.0,0.0,0.09307,0.9992712802619605,1.0,423.44247759000086,300.0,423.32947759000086,300.0,0.04994024246305175,0.0
8554,1703325660000.0,0.0,0.0,226.0,0.09357,0.0,0.0,0.09308,0.9992712802619605,1.0,423.44247759000086,300.0,423.33173759000084,300.0,0.04994024246305175,0.0
8555,1703329260000.0,0.0,0.0,226.0,0.09357,0.0,0.0,0.09283,0.9992712802619605,1.0,423.44247759000086,300.0,423.27523759000087,300.0,0.04994024246305175,0.0
8556,1703332860000.0,0.0,0.0,226.0,0.09357,0.0,0.0,0.09277,0.9992712802619605,1.0,423.44247759000086,300.0,423.2616775900009,300.0,0.04994024246305175,0.0
8557,1703336460000.0,0.0,0.0,226.0,0.09357,0.0,0.0,0.09322,0.9992712802619605,1.0,423.44247759000086,300.0,423.3633775900009,300.0,0.04994024246305175,0.0
8558,1703340060000.0,0.0,0.0,226.0,0.09357,0.0,0.0,0.09296,0.9992712802619605,1.0,423.44247759000086,300.0,423.3046175900009,300.0,0.04994024246305175,0.0
8559,1703343660000.0,0.0,0.0,226.0,0.09357,0.0,0.0,0.09329,0.9992712802619605,1.0,423.44247759000086,300.0,423.37919759000084,300.0,0.04994024246305175,0.0
8560,1703347260000.0,0.0,0.0,226.0,0.09357,0.0,0.0,0.09301,0.9992712802619605,1.0,423.44247759000086,300.0,423.3159175900009,300.0,0.04994024246305175,0.0
8561,1703350860000.0,0.0,0.0,226.0,0.09357,0.0,0.0,0.09329,0.9992712802619605,1.0,423.44247759000086,300.0,423.37919759000084,300.0,0.04994024246305175,0.0
8562,1703354460000.0,0.0,0.0,226.0,0.09357,0.0,0.0,0.09275,0.9992712802619605,1.0,423.44247759000086,300.0,423.2571575900009,300.0,0.04994024246305175,0.0
8563,1703358060000.0,0.0,0.0,226.0,0.09357,0.0,0.0,0.09322,0.9992712802619605,1.0,423.44247759000086,300.0,423.3633775900009,300.0,0.04994024246305175,0.0
8564,1703361660000.0,0.0,0.0,226.0,0.09357,0.0,0.0,0.09313,0.9992712802619605,1.0,423.44247759000086,300.0,423.34303759000085,300.0,0.04994024246305175,0.0
8565,1703365260000.0,0.0,0.0,226.0,0.09357,0.0,0.0,0.09279,0.9992712802619605,1.0,423.44247759000086,300.0,423.26619759000084,300.0,0.04994024246305175,0.0
8566,1703368860000.0,0.0,0.0,226.0,0.09357,0.0,0.0,0.09303,0.9992712802619605,1.0,423.44247759000086,300.0,423.32043759000084,300.0,0.04994024246305175,0.0
8567,1703372460000.0,0.0,0.0,226.0,0.09357,0.0,0.0,0.0934,0.9992712802619605,1.0,423.44247759000086,300.0,423.4040575900009,300.0,0.04994024246305175,0.0
8568,1703376060000.0,0.0,0.0,226.0,0.09357,0.0,0.0,0.09333,0.9992712802619605,1.0,423.44247759000086,300.0,423.38823759000087,300.0,0.04994024246305175,0.0
8569,1703379660000.0,0.0,0.0,226.0,0.09357,0.0,0.0,0.0937,0.9992712802619605,1.0,423.44247759000086,300.0,423.47185759000087,300.0,0.04994024246305175,0.0
8570,1703383260000.0,0.0,0.0,226.0,0.09357,0.0,0.0,0.0941,0.9992712802619605,1.0,423.44247759000086,300.0,423.56225759000085,300.0,0.04994024246305175,0.0
8571,1703386860000.0,0.0,0.0,226.0,0.09357,0.0,0.0,0.0941,0.9992712802619605,1.0,423.44247759000086,300.0,423.56225759000085,300.0,0.04994024246305175,0.0
8572,1703390460000.0,0.0,0.0,226.0,0.09357,0.0,0.0,0.09428,0.9992712802619605,1.0,423.44247759000086,300.0,423.60293759000086,300.0,0.04994024246305175,0.0
8573,1703394060000.0,0.0,0.0,226.0,0.09357,0.0,0.0,0.09421,0.9992712802619605,1.0,423.44247759000086,300.0,423.58711759000084,300.0,0.04994024246305175,0.0
8574,1703397660000.0,0.0,0.0,226.0,0.09357,0.0,0.0,0.09307,0.9992712802619605,1.0,423.44247759000086,300.0,423.32947759000086,300.0,0.04994024246305175,0.0
8575,1703401260000.0,0.0,0.0,226.0,0.09357,0.0,0.0,0.09279,0.9992712802619605,1.0,423.44247759000086,300.0,423.26619759000084,300.0,0.04994024246305175,0.0
8576,1703404860000.0,0.0,0.0,226.0,0.09357,0.0,0.0,0.0934,0.9992712802619605,1.0,423.44247759000086,300.0,423.4040575900009,300.0,0.04994024246305175,0.0
8577,1703408460000.0,0.0,0.0,226.0,0.09357,0.0,0.0,0.0933,0.9992712802619605,1.0,423.44247759000086,300.0,423.3814575900009,300.0,0.04994024246305175,0.0
8578,1703412060000.0,0.0,0.0,0.0,0.09357,0.0,0.0,0.0943,0.9992712802619605,1.0,423.70580601000086,300.0,423.70580601000086,300.0,0.0,0.0
8579,1703415660000.0,0.0,0.0,227.0,0.09316,0.0,0.0,0.09393,0.9992712802619605,1.0,423.68465869000084,300.0,423.8594486900008,300.0,0.0499128763958219,0.0
8580,1703419260000.0,0.0,0.0,0.0,0.09316,0.0,0.0,0.09431,0.9992712802619605,1.0,423.94697762000084,300.0,423.94697762000084,300.0,0.0,0.0
8581,1703422860000.0,0.0,0.0,0.0,0.09316,0.0,0.0,0.09467,0.9992712802619605,1.0,423.94697762000084,300.0,423.94697762000084,300.0,0.0,0.0
8582,1703426460000.0,0.0,0.0,0.0,0.09316,0.0,0.0,0.09447,0.9992712802619605,1.0,423.94697762000084,300.0,423.94697762000084,300.0,0.0,0.0
8583,1703430060000.0,0.0,0.0,0.0,0.09316,0.0,0.0,0.09409,0.9992712802619605,1.0,423.94697762000084,300.0,423.94697762000084,300.0,0.0,0.0
8584,1703433660000.0,0.0,0.0,0.0,0.09316,0.0,0.0,0.09382,0.9992712802619605,1.0,423.94697762000084,300.0,423.94697762000084,300.0,0.0,0.0
8585,1703437260000.0,0.0,0.0,0.0,0.09316,0.0,0.0,0.09356,0.9992712802619605,1.0,423.94697762000084,300.0,423.94697762000084,300.0,0.0,0.0
8586,1703440860000.0,0.0,0.0,227.0,0.09344,0.0,0.0,0.09361,0.9992712802619605,1.0,423.9257667400008,300.0,423.9643567400008,300.0,0.05003442032578526,0.0
8587,1703444460000.0,0.0,0.0,227.0,0.09344,0.0,0.0,0.09408,0.9992712802619605,1.0,423.9257667400008,300.0,424.07104674000084,300.0,0.05003442032578526,0.0
8588,1703448060000.0,0.0,0.0,227.0,0.09344,0.0,0.0,0.09411,0.9992712802619605,1.0,423.9257667400008,300.0,424.0778567400008,300.0,0.05003442032578526,0.0
8589,1703451660000.0,0.0,0.0,227.0,0.09344,0.0,0.0,0.09311,0.9992712802619605,1.0,423.9257667400008,300.0,423.85085674000084,300.0,0.05003442032578526,0.0
8590,1703455260000.0,0.0,0.0,227.0,0.09344,0.0,0.0,0.09284,0.9992712802619605,1.0,423.9257667400008,300.0,423.78956674000085,300.0,0.05003442032578526,0.0
8591,1703458860000.0,0.0,0.0,485.0,0.09182816494845361,0.0,0.0,0.09132,0.9992712802619605,1.0,423.90244096000083,300.0,423.6559809600008,300.0,0.10506346672394476,0.0
8592,1703462460000.0,0.0,0.0,485.0,0.09182816494845361,0.0,0.0,0.09191,0.9992712802619605,1.0,423.90244096000083,300.0,423.94213096000084,300.0,0.10506346672394476,0.0
8593,1703466060000.0,0.0,0.0,485.0,0.09182816494845361,0.0,0.0,0.09186,0.9992712802619605,1.0,423.90244096000083,300.0,423.91788096000084,300.0,0.10506346672394476,0.0
8594,1703469660000.0,0.0,0.0,485.0,0.09182816494845361,0.0,0.0,0.09224,0.9992712802619605,1.0,423.90244096000083,300.0,424.10218096000085,300.0,0.10506346672394476,0.0
8595,1703473260000.0,0.0,0.0,485.0,0.09182816494845361,0.0,0.0,0.09216,0.9992712802619605,1.0,423.90244096000083,300.0,424.0633809600008,300.0,0.10506346672394476,0.0
8596,1703476860000.0,0.0,0.0,485.0,0.09182816494845361,0.0,0.0,0.09246,0.9992712802619605,1.0,423.90244096000083,300.0,424.20888096000084,300.0,0.10506346672394476,0.0
8597,1703480460000.0,0.0,0.0,485.0,0.09182816494845361,0.0,0.0,0.09229,0.9992712802619605,1.0,423.90244096000083,300.0,424.12643096000085,300.0,0.10506346672394476,0.0
8598,1703484060000.0,0.0,0.0,485.0,0.09182816494845361,0.0,0.0,0.09264,0.9992712802619605,1.0,423.90244096000083,300.0,424.2961809600008,300.0,0.10506346672394476,0.0
8599,1703487660000.0,0.0,0.0,485.0,0.09182816494845361,0.0,0.0,0.09252,0.9992712802619605,1.0,423.90244096000083,300.0,424.2379809600008,300.0,0.10506346672394476,0.0
8600,1703491260000.0,0.0,0.0,485.0,0.09182816494845361,0.0,0.0,0.09259,0.9992712802619605,1.0,423.90244096000083,300.0,424.2719309600008,300.0,0.10506346672394476,0.0
8601,1703494860000.0,0.0,0.0,0.0,0.09182816494845361,0.0,0.0,0.09281,0.9992712802619605,1.0,424.45474686000085,300.0,424.45474686000085,300.0,0.0,0.0
8602,1703498460000.0,0.0,0.0,0.0,0.09182816494845361,0.0,0.0,0.09313,0.9992712802619605,1.0,424.45474686000085,300.0,424.45474686000085,300.0,0.0,0.0
8603,1703502060000.0,0.0,0.0,0.0,0.09182816494845361,0.0,0.0,0.09317,0.9992712802619605,1.0,424.45474686000085,300.0,424.45474686000085,300.0,0.0,0.0
8604,1703505660000.0,0.0,0.0,0.0,0.09182816494845361,0.0,0.0,0.09311,0.9992712802619605,1.0,424.45474686000085,300.0,424.45474686000085,300.0,0.0,0.0
8605,1703509260000.0,0.0,0.0,0.0,0.09182816494845361,0.0,0.0,0.09375,0.9992712802619605,1.0,424.45474686000085,300.0,424.45474686000085,300.0,0.0,0.0
8606,1703512860000.0,0.0,0.0,0.0,0.09182816494845361,0.0,0.0,0.09355,0.9992712802619605,1.0,424.45474686000085,300.0,424.45474686000085,300.0,0.0,0.0
8607,1703516460000.0,0.0,0.0,0.0,0.09182816494845361,0.0,0.0,0.09396,0.9992712802619605,1.0,424.45474686000085,300.0,424.45474686000085,300.0,0.0,0.0
8608,1703520060000.0,0.0,0.0,0.0,0.09182816494845361,0.0,0.0,0.09377,0.9992712802619605,1.0,424.45474686000085,300.0,424.45474686000085,300.0,0.0,0.0
8609,1703523660000.0,0.0,0.0,0.0,0.09182816494845361,0.0,0.0,0.09416,0.9992712802619605,1.0,424.45474686000085,300.0,424.45474686000085,300.0,0.0,0.0
8610,1703527260000.0,0.0,0.0,0.0,0.09182816494845361,0.0,0.0,0.09421,0.9992712802619605,1.0,424.45474686000085,300.0,424.45474686000085,300.0,0.0,0.0
8611,1703530860000.0,0.0,0.0,0.0,0.09182816494845361,0.0,0.0,0.09387,0.9992712802619605,1.0,424.45474686000085,300.0,424.45474686000085,300.0,0.0,0.0
8612,1703534460000.0,0.0,0.0,0.0,0.09182816494845361,0.0,0.0,0.09397,0.9992712802619605,1.0,424.45474686000085,300.0,424.45474686000085,300.0,0.0,0.0
8613,1703538060000.0,0.0,0.0,0.0,0.09182816494845361,0.0,0.0,0.09384,0.9992712802619605,1.0,424.45474686000085,300.0,424.45474686000085,300.0,0.0,0.0
8614,1703541660000.0,0.0,0.0,0.0,0.09182816494845361,0.0,0.0,0.09424,0.9992712802619605,1.0,424.45474686000085,300.0,424.45474686000085,300.0,0.0,0.0
8615,1703545260000.0,0.0,0.0,0.0,0.09182816494845361,0.0,0.0,0.09433,0.9992712802619605,1.0,424.45474686000085,300.0,424.45474686000085,300.0,0.0,0.0
8616,1703548860000.0,0.0,0.0,0.0,0.09182816494845361,0.0,0.0,0.0943,0.9992712802619605,1.0,424.45474686000085,300.0,424.45474686000085,300.0,0.0,0.0
8617,1703552460000.0,0.0,0.0,0.0,0.09182816494845361,0.0,0.0,0.09376,0.9992712802619605,1.0,424.45474686000085,300.0,424.45474686000085,300.0,0.0,0.0
8618,1703556060000.0,0.0,0.0,0.0,0.09182816494845361,0.0,0.0,0.09364,0.9992712802619605,1.0,424.45474686000085,300.0,424.45474686000085,300.0,0.0,0.0
8619,1703559660000.0,0.0,0.0,0.0,0.09182816494845361,0.0,0.0,0.09372,0.9992712802619605,1.0,424.45474686000085,300.0,424.45474686000085,300.0,0.0,0.0
8620,1703563260000.0,0.0,0.0,0.0,0.09182816494845361,0.0,0.0,0.09398,0.9992712802619605,1.0,424.45474686000085,300.0,424.45474686000085,300.0,0.0,0.0
8621,1703566860000.0,0.0,0.0,0.0,0.09182816494845361,0.0,0.0,0.09377,0.9992712802619605,1.0,424.45474686000085,300.0,424.45474686000085,300.0,0.0,0.0
8622,1703570460000.0,0.0,0.0,227.0,0.09344,0.0,0.0,0.0921,0.9992712802619605,1.0,424.43353598000084,300.0,424.12935598000087,300.0,0.04997456186167026,0.0
8623,1703574060000.0,0.0,0.0,227.0,0.09344,0.0,0.0,0.09162,0.9992712802619605,1.0,424.43353598000084,300.0,424.02039598000084,300.0,0.04997456186167026,0.0
8624,1703577660000.0,0.0,0.0,227.0,0.09344,0.0,0.0,0.09257,0.9992712802619605,1.0,424.43353598000084,300.0,424.2360459800008,300.0,0.04997456186167026,0.0
8625,1703581260000.0,0.0,0.0,227.0,0.09344,0.0,0.0,0.09243,0.9992712802619605,1.0,424.43353598000084,300.0,424.20426598000086,300.0,0.04997456186167026,0.0
8626,1703584860000.0,0.0,0.0,227.0,0.09344,0.0,0.0,0.09191,0.9992712802619605,1.0,424.43353598000084,300.0,424.08622598000085,300.0,0.04997456186167026,0.0
8627,1703588460000.0,0.0,0.0,227.0,0.09344,0.0,0.0,0.09247,0.9992712802619605,1.0,424.43353598000084,300.0,424.21334598000084,300.0,0.04997456186167026,0.0
8628,1703592060000.0,0.0,0.0,227.0,0.09344,0.0,0.0,0.09286,0.9992712802619605,1.0,424.43353598000084,300.0,424.30187598000083,300.0,0.04997456186167026,0.0
8629,1703595660000.0,0.0,0.0,227.0,0.09344,0.0,0.0,0.09315,0.9992712802619605,1.0,424.43353598000084,300.0,424.36770598000084,300.0,0.04997456186167026,0.0
8630,1703599260000.0,0.0,0.0,227.0,0.09344,0.0,0.0,0.09296,0.9992712802619605,1.0,424.43353598000084,300.0,424.3245759800008,300.0,0.04997456186167026,0.0
8631,1703602860000.0,0.0,0.0,227.0,0.09344,0.0,0.0,0.09249,0.9992712802619605,1.0,424.43353598000084,300.0,424.21788598000086,300.0,0.04997456186167026,0.0
8632,1703606460000.0,0.0,0.0,227.0,0.09344,0.0,0.0,0.0915,0.9992712802619605,1.0,424.43353598000084,300.0,423.99315598000084,300.0,0.04997456186167026,0.0
8633,1703610060000.0,0.0,0.0,227.0,0.09344,0.0,0.0,0.09233,0.9992712802619605,1.0,424.43353598000084,300.0,424.18156598000087,300.0,0.04997456186167026,0.0
8634,1703613660000.0,0.0,0.0,1037.0,0.09000865959498554,0.0,0.0,0.08992,0.9992712802619605,1.0,424.36140788000085,300.0,424.26946788000083,300.0,0.2199516220532335,0.0
8635,1703617260000.0,0.0,0.0,1037.0,0.09000865959498554,0.0,0.0,0.09026,0.9992712802619605,1.0,424.36140788000085,300.0,424.6220478800009,300.0,0.2199516220532335,0.0
8636,1703620860000.0,0.0,0.0,1037.0,0.09000865959498554,0.0,0.0,0.09013,0.9992712802619605,1.0,424.36140788000085,300.0,424.48723788000086,300.0,0.2199516220532335,0.0
8637,1703624460000.0,0.0,0.0,1037.0,0.09000865959498554,0.0,0.0,0.09077,0.9992712802619605,1.0,424.36140788000085,300.0,425.15091788000086,300.0,0.2199516220532335,0.0
8638,1703628060000.0,0.0,0.0,1037.0,0.09000865959498554,0.0,0.0,0.09103,0.9992712802619605,1.0,424.36140788000085,300.0,425.42053788000084,300.0,0.2199516220532335,0.0
8639,1703631660000.0,0.0,0.0,0.0,0.09000865959498554,0.0,0.0,0.09142,0.9992712802619605,1.0,425.4870986500008,300.0,425.4870986500008,300.0,0.0,0.0
8640,1703635260000.0,0.0,0.0,234.0,0.09105,0.0,0.0,0.09133,0.9992712802619605,1.0,425.4657929500008,300.0,425.53131295000077,300.0,0.05007617616512774,0.0
8641,1703638860000.0,0.0,0.0,234.0,0.09105,0.0,0.0,0.09098,0.9992712802619605,1.0,425.4657929500008,300.0,425.44941295000075,300.0,0.05007617616512774,0.0
8642,1703642460000.0,0.0,0.0,234.0,0.09105,0.0,0.0,0.09122,0.9992712802619605,1.0,425.4657929500008,300.0,425.5055729500008,300.0,0.05007617616512774,0.0
8643,1703646060000.0,0.0,0.0,234.0,0.09105,0.0,0.0,0.09003,0.9992712802619605,1.0,425.4657929500008,300.0,425.2271129500008,300.0,0.05007617616512774,0.0
8644,1703649660000.0,0.0,0.0,234.0,0.09105,0.0,0.0,0.0902,0.9992712802619605,1.0,425.4657929500008,300.0,425.2668929500008,300.0,0.05007617616512774,0.0
8645,1703653260000.0,0.0,0.0,234.0,0.09105,0.0,0.0,0.09043,0.9992712802619605,1.0,425.4657929500008,300.0,425.32071295000077,300.0,0.05007617616512774,0.0
8646,1703656860000.0,0.0,0.0,234.0,0.09105,0.0,0.0,0.0909,0.9992712802619605,1.0,425.4657929500008,300.0,425.4306929500008,300.0,0.05007617616512774,0.0
8647,1703660460000.0,0.0,0.0,234.0,0.09105,0.0,0.0,0.09132,0.9992712802619605,1.0,425.4657929500008,300.0,425.52897295000076,300.0,0.05007617616512774,0.0
8648,1703664060000.0,0.0,0.0,234.0,0.09105,0.0,0.0,0.09205,0.9992712802619605,1.0,425.4657929500008,300.0,425.69979295000076,300.0,0.05007617616512774,0.0
8649,1703667660000.0,0.0,0.0,234.0,0.09105,0.0,0.0,0.09199,0.9992712802619605,1.0,425.4657929500008,300.0,425.6857529500008,300.0,0.05007617616512774,0.0
8650,1703671260000.0,0.0,0.0,0.0,0.09105,0.0,0.0,0.0918,0.9992712802619605,1.0,425.7296817700008,300.0,425.7296817700008,300.0,0.0,0.0
8651,1703674860000.0,0.0,0.0,0.0,0.09105,0.0,0.0,0.09239,0.9992712802619605,1.0,425.7296817700008,300.0,425.7296817700008,300.0,0.0,0.0
8652,1703678460000.0,0.0,0.0,0.0,0.09105,0.0,0.0,0.09217,0.9992712802619605,1.0,425.7296817700008,300.0,425.7296817700008,300.0,0.0,0.0
8653,1703682060000.0,0.0,0.0,0.0,0.09105,0.0,0.0,0.09215,0.9992712802619605,1.0,425.7296817700008,300.0,425.7296817700008,300.0,0.0,0.0
8654,1703685660000.0,0.0,0.0,0.0,0.09105,0.0,0.0,0.09245,0.9992712802619605,1.0,425.7296817700008,300.0,425.7296817700008,300.0,0.0,0.0
8655,1703689260000.0,0.0,0.0,0.0,0.09105,0.0,0.0,0.09284,0.9992712802619605,1.0,425.7296817700008,300.0,425.7296817700008,300.0,0.0,0.0
8656,1703692860000.0,0.0,0.0,0.0,0.09105,0.0,0.0,0.09319,0.9992712802619605,1.0,425.7296817700008,300.0,425.7296817700008,300.0,0.0,0.0
8657,1703696460000.0,0.0,0.0,0.0,0.09105,0.0,0.0,0.09356,0.9992712802619605,1.0,425.7296817700008,300.0,425.7296817700008,300.0,0.0,0.0
8658,1703700060000.0,0.0,0.0,0.0,0.09105,0.0,0.0,0.09365,0.9992712802619605,1.0,425.7296817700008,300.0,425.7296817700008,300.0,0.0,0.0
8659,1703703660000.0,0.0,0.0,0.0,0.09105,0.0,0.0,0.09353,0.9992712802619605,1.0,425.7296817700008,300.0,425.7296817700008,300.0,0.0,0.0
8660,1703707260000.0,0.0,0.0,0.0,0.09105,0.0,0.0,0.0934,0.9992712802619605,1.0,425.7296817700008,300.0,425.7296817700008,300.0,0.0,0.0
8661,1703710860000.0,0.0,0.0,0.0,0.09105,0.0,0.0,0.09349,0.9992712802619605,1.0,425.7296817700008,300.0,425.7296817700008,300.0,0.0,0.0
8662,1703714460000.0,0.0,0.0,0.0,0.09105,0.0,0.0,0.09343,0.9992712802619605,1.0,425.7296817700008,300.0,425.7296817700008,300.0,0.0,0.0
8663,1703718060000.0,0.0,0.0,0.0,0.09105,0.0,0.0,0.09308,0.9992712802619605,1.0,425.7296817700008,300.0,425.7296817700008,300.0,0.0,0.0
8664,1703721660000.0,0.0,0.0,0.0,0.09105,0.0,0.0,0.09372,0.9992712802619605,1.0,425.7296817700008,300.0,425.7296817700008,300.0,0.0,0.0
8665,1703725260000.0,0.0,0.0,0.0,0.09105,0.0,0.0,0.09472,0.9992712802619605,1.0,425.7296817700008,300.0,425.7296817700008,300.0,0.0,0.0
8666,1703728860000.0,0.0,0.0,0.0,0.09105,0.0,0.0,0.09433,0.9992712802619605,1.0,425.7296817700008,300.0,425.7296817700008,300.0,0.0,0.0
8667,1703732460000.0,0.0,0.0,0.0,0.09105,0.0,0.0,0.09469,0.9992712802619605,1.0,425.7296817700008,300.0,425.7296817700008,300.0,0.0,0.0
8668,1703736060000.0,0.0,0.0,0.0,0.09105,0.0,0.0,0.09464,0.9992712802619605,1.0,425.7296817700008,300.0,425.7296817700008,300.0,0.0,0.0
8669,1703739660000.0,0.0,0.0,0.0,0.09105,0.0,0.0,0.09425,0.9992712802619605,1.0,425.7296817700008,300.0,425.7296817700008,300.0,0.0,0.0
8670,1703743260000.0,0.0,0.0,0.0,0.09105,0.0,0.0,0.09366,0.9992712802619605,1.0,425.7296817700008,300.0,425.7296817700008,300.0,0.0,0.0
8671,1703746860000.0,0.0,0.0,0.0,0.09105,0.0,0.0,0.09352,0.9992712802619605,1.0,425.7296817700008,300.0,425.7296817700008,300.0,0.0,0.0
8672,1703750460000.0,0.0,0.0,229.0,0.09305,0.0,0.0,0.09347,0.9992712802619605,1.0,425.7083733200008,300.0,425.8045533200008,300.0,0.05005410120036009,0.0
8673,1703754060000.0,0.0,0.0,229.0,0.09305,0.0,0.0,0.09305,0.9992712802619605,1.0,425.7083733200008,300.0,425.7083733200008,300.0,0.05005410120036009,0.0
8674,1703757660000.0,0.0,0.0,229.0,0.09305,0.0,0.0,0.09334,0.9992712802619605,1.0,425.7083733200008,300.0,425.77478332000084,300.0,0.05005410120036009,0.0
8675,1703761260000.0,0.0,0.0,229.0,0.09305,0.0,0.0,0.09366,0.9992712802619605,1.0,425.7083733200008,300.0,425.8480633200008,300.0,0.05005410120036009,0.0
8676,1703764860000.0,0.0,0.0,229.0,0.09305,0.0,0.0,0.09343,0.9992712802619605,1.0,425.7083733200008,300.0,425.7953933200008,300.0,0.05005410120036009,0.0
8677,1703768460000.0,0.0,0.0,229.0,0.09305,0.0,0.0,0.092,0.9992712802619605,1.0,425.7083733200008,300.0,425.4679233200008,300.0,0.05005410120036009,0.0
8678,1703772060000.0,0.0,0.0,229.0,0.09305,0.0,0.0,0.09267,0.9992712802619605,1.0,425.7083733200008,300.0,425.6213533200008,300.0,0.05005410120036009,0.0
8679,1703775660000.0,0.0,0.0,229.0,0.09305,0.0,0.0,0.09192,0.9992712802619605,1.0,425.7083733200008,300.0,425.44960332000085,300.0,0.05005410120036009,0.0
8680,1703779260000.0,0.0,0.0,229.0,0.09305,0.0,0.0,0.09129,0.9992712802619605,1.0,425.7083733200008,300.0,425.30533332000084,300.0,0.05005410120036009,0.0
8681,1703782860000.0,0.0,0.0,229.0,0.09305,0.0,0.0,0.09147,0.9992712802619605,1.0,425.7083733200008,300.0,425.3465533200008,300.0,0.05005410120036009,0.0
8682,1703786460000.0,0.0,0.0,229.0,0.09305,0.0,0.0,0.09178,0.9992712802619605,1.0,425.7083733200008,300.0,425.41754332000085,300.0,0.05005410120036009,0.0
8683,1703790060000.0,0.0,0.0,229.0,0.09305,0.0,0.0,0.09166,0.9992712802619605,1.0,425.7083733200008,300.0,425.3900633200008,300.0,0.05005410120036009,0.0
8684,1703793660000.0,0.0,0.0,229.0,0.09305,0.0,0.0,0.09176,0.9992712802619605,1.0,425.7083733200008,300.0,425.4129633200008,300.0,0.05005410120036009,0.0
8685,1703797260000.0,0.0,0.0,229.0,0.09305,0.0,0.0,0.09168,0.9992712802619605,1.0,425.7083733200008,300.0,425.3946433200008,300.0,0.05005410120036009,0.0
8686,1703800860000.0,0.0,0.0,229.0,0.09305,0.0,0.0,0.09148,0.9992712802619605,1.0,425.7083733200008,300.0,425.3488433200008,300.0,0.05005410120036009,0.0
8687,1703804460000.0,0.0,0.0,229.0,0.09305,0.0,0.0,0.09177,0.9992712802619605,1.0,425.7083733200008,300.0,425.41525332000083,300.0,0.05005410120036009,0.0
8688,1703808060000.0,0.0,0.0,229.0,0.09305,0.0,0.0,0.09187,0.9992712802619605,1.0,425.7083733200008,300.0,425.4381533200008,300.0,0.05005410120036009,0.0
8689,1703811660000.0,0.0,0.0,229.0,0.09305,0.0,0.0,0.09067,0.9992712802619605,1.0,425.7083733200008,300.0,425.1633533200008,300.0,0.05005410120036009,0.0
8690,1703815260000.0,0.0,0.0,229.0,0.09305,0.0,0.0,0.09084,0.9992712802619605,1.0,425.7083733200008,300.0,425.20228332000084,300.0,0.05005410120036009,0.0
8691,1703818860000.0,0.0,0.0,229.0,0.09305,0.0,0.0,0.0917,0.9992712802619605,1.0,425.7083733200008,300.0,425.39922332000083,300.0,0.05005410120036009,0.0
8692,1703822460000.0,0.0,0.0,229.0,0.09305,0.0,0.0,0.09209,0.9992712802619605,1.0,425.7083733200008,300.0,425.48853332000084,300.0,0.05005410120036009,0.0
8693,1703826060000.0,0.0,0.0,229.0,0.09305,0.0,0.0,0.09193,0.9992712802619605,1.0,425.7083733200008,300.0,425.4518933200008,300.0,0.05005410120036009,0.0
8694,1703829660000.0,0.0,0.0,229.0,0.09305,0.0,0.0,0.09234,0.9992712802619605,1.0,425.7083733200008,300.0,425.5457833200008,300.0,0.05005410120036009,0.0
8695,1703833260000.0,0.0,0.0,229.0,0.09305,0.0,0.0,0.09227,0.9992712802619605,1.0,425.7083733200008,300.0,425.5297533200008,300.0,0.05005410120036009,0.0
8696,1703836860000.0,0.0,0.0,229.0,0.09305,0.0,0.0,0.09148,0.9992712802619605,1.0,425.7083733200008,300.0,425.3488433200008,300.0,0.05005410120036009,0.0
8697,1703840460000.0,0.0,0.0,229.0,0.09305,0.0,0.0,0.09213,0.9992712802619605,1.0,425.7083733200008,300.0,425.4976933200008,300.0,0.05005410120036009,0.0
8698,1703844060000.0,0.0,0.0,229.0,0.09305,0.0,0.0,0.0923,0.9992712802619605,1.0,425.7083733200008,300.0,425.53662332000084,300.0,0.05005410120036009,0.0
8699,1703847660000.0,0.0,0.0,229.0,0.09305,0.0,0.0,0.09228,0.9992712802619605,1.0,425.7083733200008,300.0,425.5320433200008,300.0,0.05005410120036009,0.0
8700,1703851260000.0,0.0,0.0,229.0,0.09305,0.0,0.0,0.09267,0.9992712802619605,1.0,425.7083733200008,300.0,425.6213533200008,300.0,0.05005410120036009,0.0
8701,1703854860000.0,0.0,0.0,229.0,0.09305,0.0,0.0,0.09255,0.9992712802619605,1.0,425.7083733200008,300.0,425.5938733200008,300.0,0.05005410120036009,0.0
8702,1703858460000.0,0.0,0.0,229.0,0.09305,0.0,0.0,0.09271,0.9992712802619605,1.0,425.7083733200008,300.0,425.63051332000083,300.0,0.05005410120036009,0.0
8703,1703862060000.0,0.0,0.0,229.0,0.09305,0.0,0.0,0.09298,0.9992712802619605,1.0,425.7083733200008,300.0,425.6923433200008,300.0,0.05005410120036009,0.0
8704,1703865660000.0,0.0,0.0,229.0,0.09305,0.0,0.0,0.09137,0.9992712802619605,1.0,425.7083733200008,300.0,425.3236533200008,300.0,0.05005410120036009,0.0
8705,1703869260000.0,0.0,0.0,229.0,0.09305,0.0,0.0,0.09052,0.9992712802619605,1.0,425.7083733200008,300.0,425.12900332000083,300.0,0.05005410120036009,0.0
8706,1703872860000.0,0.0,0.0,490.0,0.09144138775510202,0.0,0.0,0.09045,0.9992712802619605,1.0,425.6848754900008,300.0,425.19909549000084,300.0,0.10525692262010487,0.0
8707,1703876460000.0,0.0,0.0,490.0,0.09144138775510202,0.0,0.0,0.09109,0.9992712802619605,1.0,425.6848754900008,300.0,425.51269549000085,300.0,0.10525692262010487,0.0
8708,1703880060000.0,0.0,0.0,490.0,0.09144138775510202,0.0,0.0,0.09117,0.9992712802619605,1.0,425.6848754900008,300.0,425.55189549000085,300.0,0.10525692262010487,0.0
8709,1703883660000.0,0.0,0.0,490.0,0.09144138775510202,0.0,0.0,0.09093,0.9992712802619605,1.0,425.6848754900008,300.0,425.4342954900008,300.0,0.10525692262010487,0.0
8710,1703887260000.0,0.0,0.0,490.0,0.09144138775510202,0.0,0.0,0.09031,0.9992712802619605,1.0,425.6848754900008,300.0,425.13049549000084,300.0,0.10525692262010487,0.0
8711,1703890860000.0,0.0,0.0,490.0,0.09144138775510202,0.0,0.0,0.09043,0.9992712802619605,1.0,425.6848754900008,300.0,425.1892954900008,300.0,0.10525692262010487,0.0
8712,1703894460000.0,0.0,0.0,490.0,0.09144138775510202,0.0,0.0,0.09089,0.9992712802619605,1.0,425.6848754900008,300.0,425.41469549000084,300.0,0.10525692262010487,0.0
8713,1703898060000.0,0.0,0.0,490.0,0.09144138775510202,0.0,0.0,0.09126,0.9992712802619605,1.0,425.6848754900008,300.0,425.5959954900008,300.0,0.10525692262010487,0.0
8714,1703901660000.0,0.0,0.0,490.0,0.09144138775510202,0.0,0.0,0.09129,0.9992712802619605,1.0,425.6848754900008,300.0,425.6106954900008,300.0,0.10525692262010487,0.0
8715,1703905260000.0,0.0,0.0,490.0,0.09144138775510202,0.0,0.0,0.09074,0.9992712802619605,1.0,425.6848754900008,300.0,425.3411954900008,300.0,0.10525692262010487,0.0
8716,1703908860000.0,0.0,0.0,490.0,0.09144138775510202,0.0,0.0,0.09057,0.9992712802619605,1.0,425.6848754900008,300.0,425.2578954900008,300.0,0.10525692262010487,0.0
8717,1703912460000.0,0.0,0.0,490.0,0.09144138775510202,0.0,0.0,0.09005,0.9992712802619605,1.0,425.6848754900008,300.0,425.0030954900008,300.0,0.10525692262010487,0.0
8718,1703916060000.0,0.0,0.0,490.0,0.09144138775510202,0.0,0.0,0.0905,0.9992712802619605,1.0,425.6848754900008,300.0,425.22359549000083,300.0,0.10525692262010487,0.0
8719,1703919660000.0,0.0,0.0,490.0,0.09144138775510202,0.0,0.0,0.09083,0.9992712802619605,1.0,425.6848754900008,300.0,425.38529549000083,300.0,0.10525692262010487,0.0
8720,1703923260000.0,0.0,0.0,490.0,0.09144138775510202,0.0,0.0,0.09037,0.9992712802619605,1.0,425.6848754900008,300.0,425.15989549000085,300.0,0.10525692262010487,0.0
8721,1703926860000.0,0.0,0.0,490.0,0.09144138775510202,0.0,0.0,0.08975,0.9992712802619605,1.0,425.6848754900008,300.0,424.8560954900008,300.0,0.10525692262010487,0.0
8722,1703930460000.0,0.0,0.0,490.0,0.09144138775510202,0.0,0.0,0.08951,0.9992712802619605,1.0,425.6848754900008,300.0,424.73849549000084,300.0,0.10525692262010487,0.0
8723,1703934060000.0,0.0,0.0,490.0,0.09144138775510202,0.0,0.0,0.08988,0.9992712802619605,1.0,425.6848754900008,300.0,424.9197954900008,300.0,0.10525692262010487,0.0
8724,1703937660000.0,0.0,0.0,490.0,0.09144138775510202,0.0,0.0,0.08985,0.9992712802619605,1.0,425.6848754900008,300.0,424.9050954900008,300.0,0.10525692262010487,0.0
8725,1703941260000.0,0.0,0.0,490.0,0.09144138775510202,0.0,0.0,0.08998,0.9992712802619605,1.0,425.6848754900008,300.0,424.96879549000084,300.0,0.10525692262010487,0.0
8726,1703944860000.0,0.0,0.0,490.0,0.09144138775510202,0.0,0.0,0.09025,0.9992712802619605,1.0,425.6848754900008,300.0,425.10109549000083,300.0,0.10525692262010487,0.0
8727,1703948460000.0,0.0,0.0,490.0,0.09144138775510202,0.0,0.0,0.09067,0.9992712802619605,1.0,425.6848754900008,300.0,425.30689549000084,300.0,0.10525692262010487,0.0
8728,1703952060000.0,0.0,0.0,490.0,0.09144138775510202,0.0,0.0,0.09085,0.9992712802619605,1.0,425.6848754900008,300.0,425.3950954900008,300.0,0.10525692262010487,0.0
8729,1703955660000.0,0.0,0.0,490.0,0.09144138775510202,0.0,0.0,0.09082,0.9992712802619605,1.0,425.6848754900008,300.0,425.3803954900008,300.0,0.10525692262010487,0.0
8730,1703959260000.0,0.0,0.0,490.0,0.09144138775510202,0.0,0.0,0.091,0.9992712802619605,1.0,425.6848754900008,300.0,425.46859549000084,300.0,0.10525692262010487,0.0
8731,1703962860000.0,0.0,0.0,490.0,0.09144138775510202,0.0,0.0,0.09072,0.9992712802619605,1.0,425.6848754900008,300.0,425.33139549000083,300.0,0.10525692262010487,0.0
8732,1703966460000.0,0.0,0.0,490.0,0.09144138775510202,0.0,0.0,0.09058,0.9992712802619605,1.0,425.6848754900008,300.0,425.2627954900008,300.0,0.10525692262010487,0.0
8733,1703970060000.0,0.0,0.0,490.0,0.09144138775510202,0.0,0.0,0.09048,0.9992712802619605,1.0,425.6848754900008,300.0,425.21379549000085,300.0,0.10525692262010487,0.0
8734,1703973660000.0,0.0,0.0,490.0,0.09144138775510202,0.0,0.0,0.0904,0.9992712802619605,1.0,425.6848754900008,300.0,425.17459549000085,300.0,0.10525692262010487,0.0
8735,1703977260000.0,0.0,0.0,490.0,0.09144138775510202,0.0,0.0,0.09002,0.9992712802619605,1.0,425.6848754900008,300.0,424.9883954900008,300.0,0.10525692262010487,0.0
8736,1703980860000.0,0.0,0.0,490.0,0.09144138775510202,0.0,0.0,0.09004,0.9992712802619605,1.0,425.6848754900008,300.0,424.99819549000085,300.0,0.10525692262010487,0.0
8737,1703984460000.0,0.0,0.0,490.0,0.09144138775510202,0.0,0.0,0.09041,0.9992712802619605,1.0,425.6848754900008,300.0,425.1794954900008,300.0,0.10525692262010487,0.0
8738,1703988060000.0,0.0,0.0,490.0,0.09144138775510202,0.0,0.0,0.08994,0.9992712802619605,1.0,425.6848754900008,300.0,424.9491954900008,300.0,0.10525692262010487,0.0
8739,1703991660000.0,0.0,0.0,490.0,0.09144138775510202,0.0,0.0,0.08963,0.9992712802619605,1.0,425.6848754900008,300.0,424.7972954900008,300.0,0.10525692262010487,0.0
8740,1703995260000.0,0.0,0.0,490.0,0.09144138775510202,0.0,0.0,0.08963,0.9992712802619605,1.0,425.6848754900008,300.0,424.7972954900008,300.0,0.10525692262010487,0.0
8741,1703998860000.0,0.0,0.0,490.0,0.09144138775510202,0.0,0.0,0.08995,0.9992712802619605,1.0,425.6848754900008,300.0,424.95409549000084,300.0,0.10525692262010487,0.0
8742,1704002460000.0,0.0,0.0,490.0,0.09144138775510202,0.0,0.0,0.09002,0.9992712802619605,1.0,425.6848754900008,300.0,424.9883954900008,300.0,0.10525692262010487,0.0
8743,1704006060000.0,0.0,0.0,490.0,0.09144138775510202,0.0,0.0,0.09014,0.9992712802619605,1.0,425.6848754900008,300.0,425.04719549000083,300.0,0.10525692262010487,0.0
8744,1704009660000.0,0.0,0.0,490.0,0.09144138775510202,0.0,0.0,0.09052,0.9992712802619605,1.0,425.6848754900008,300.0,425.2333954900008,300.0,0.10525692262010487,0.0
8745,1704013260000.0,0.0,0.0,490.0,0.09144138775510202,0.0,0.0,0.09044,0.9992712802619605,1.0,425.6848754900008,300.0,425.1941954900008,300.0,0.10525692262010487,0.0
8746,1704016860000.0,0.0,0.0,490.0,0.09144138775510202,0.0,0.0,0.09077,0.9992712802619605,1.0,425.6848754900008,300.0,425.3558954900008,300.0,0.10525692262010487,0.0
8747,1704020460000.0,0.0,0.0,490.0,0.09144138775510202,0.0,0.0,0.09058,0.9992712802619605,1.0,425.6848754900008,300.0,425.2627954900008,300.0,0.10525692262010487,0.0
8748,1704024060000.0,0.0,0.0,490.0,0.09144138775510202,0.0,0.0,0.09045,0.9992712802619605,1.0,425.6848754900008,300.0,425.19909549000084,300.0,0.10525692262010487,0.0
8749,1704027660000.0,0.0,0.0,490.0,0.09144138775510202,0.0,0.0,0.09016,0.9992712802619605,1.0,425.6848754900008,300.0,425.0569954900008,300.0,0.10525692262010487,0.0
8750,1704031260000.0,0.0,0.0,490.0,0.09144138775510202,0.0,0.0,0.09012,0.9992712802619605,1.0,425.6848754900008,300.0,425.03739549000085,300.0,0.10525692262010487,0.0
8751,1704034860000.0,0.0,0.0,490.0,0.09144138775510202,0.0,0.0,0.09007,0.9992712802619605,1.0,425.6848754900008,300.0,425.0128954900008,300.0,0.10525692262010487,0.0
8752,1704038460000.0,0.0,0.0,490.0,0.09144138775510202,0.0,0.0,0.0901,0.9992712802619605,1.0,425.6848754900008,300.0,425.0275954900008,300.0,0.10525692262010487,0.0
8753,1704042060000.0,0.0,0.0,490.0,0.09144138775510202,0.0,0.0,0.09041,0.9992712802619605,1.0,425.6848754900008,300.0,425.1794954900008,300.0,0.10525692262010487,0.0
8754,1704045660000.0,0.0,0.0,490.0,0.09144138775510202,0.0,0.0,0.09066,0.9992712802619605,1.0,425.6848754900008,300.0,425.3019954900008,300.0,0.10525692262010487,0.0
8755,1704049260000.0,0.0,0.0,490.0,0.09144138775510202,0.0,0.0,0.0905,0.9992712802619605,1.0,425.6848754900008,300.0,425.22359549000083,300.0,0.10525692262010487,0.0
8756,1704052860000.0,0.0,0.0,490.0,0.09144138775510202,0.0,0.0,0.09026,0.9992712802619605,1.0,425.6848754900008,300.0,425.10599549000085,300.0,0.10525692262010487,0.0
8757,1704056460000.0,0.0,0.0,490.0,0.09144138775510202,0.0,0.0,0.08974,0.9992712802619605,1.0,425.6848754900008,300.0,424.8511954900008,300.0,0.10525692262010487,0.0
8758,1704060060000.0,0.0,0.0,490.0,0.09144138775510202,0.0,0.0,0.0899,0.9992712802619605,1.0,425.6848754900008,300.0,424.92959549000085,300.0,0.10525692262010487,0.0
8759,1704063660000.0,0.0,0.0,490.0,0.09144138775510202,0.0,0.0,0.08908,0.9992712802619605,1.0,425.6848754900008,300.0,424.5277954900008,300.0,0.10525692262010487,0.0
