timestamp,trade_id,timestamp,pnl,fee_paid,balance,equity,qty,price,psize,pprice,type,pcost,wallet_exposure,mins_since_prev_fill
1704091800000.0,410,1704091800000.0,0.0,-0.006523535999999999,999.993476464,999.988916464,2.28,14.306,2.28,14.306,long_ientry_normal,32.61767999999999,0.032617892783997814,
1704099000000.0,530,1704099000000.0,0.0,-0.00650769,999.9869687739999,999.195658774,2.33,13.965,4.61,14.133650759219087,long_rentry,65.15612999999999,0.0651569790753198,120.0
1704135420000.0,1137,1704135420000.0,0.102865422993494,-0.0021688880000000003,1000.0876653089935,1000.820509886,-0.76,14.269,3.85,14.133650759219087,long_nclose,54.41455542299349,0.05440978557232902,607.0
1704135420000.0,1137,1704135420000.0,0.13858542299349444,-0.002176032,1000.224074699987,1000.812253854,-0.76,14.316,3.09,14.133650759219087,long_nclose,43.67298084598698,0.043663197028212405,0.0
1704152100000.0,1415,1704152100000.0,0.0690281127982657,-0.001455438,1000.2916473747853,1000.550548416,-0.51,14.269,2.58,14.133650759219087,long_nclose,36.464818958785244,0.03645418719079112,278.0
1704154020000.0,1447,1704154020000.0,0.058200173535792654,-0.0012271340000000002,1000.348620414321,1000.6568212819999,-0.43,14.269,2.15,14.133650759219087,long_nclose,30.387349132321035,0.03037675917395208,32.0
1704154140000.0,1449,1704154140000.0,0.0473722342733196,-0.00099883,1000.3949938185943,1000.793422452,-0.35,14.269,1.8,14.133650759219087,long_nclose,25.44057136659436,0.025430526465836753,2.0
1704154140000.0,1449,1704154140000.0,0.0638222342733198,-0.00100212,1000.4578139328677,1000.778770332,-0.35,14.316,1.45,14.133650759219087,long_nclose,20.493793600867676,0.020484415550022225,0.0
1704154200000.0,1450,1704154200000.0,0.08220572668112872,-0.0010340640000000001,1000.5389855955488,1000.860916268,-0.36,14.362,1.09,14.133650759219087,long_nclose,15.405679327548805,0.015397380361324866,1.0
1704154200000.0,1450,1704154200000.0,0.09912572668112893,-0.001037448,1000.6370738742298,1000.8526788199999,-0.36,14.409,0.73,14.133650759219087,long_nclose,10.317565054229933,0.010310996187941311,0.0
1704154200000.0,1450,1704154200000.0,0.1160457266811285,-0.001040832,1000.752078768911,1000.861357988,-0.36,14.456,0.37,14.133650759219087,long_nclose,5.229450780911062,0.005225520777677667,0.0
1704154320000.0,1452,1704154320000.0,0.02055143167028218,-0.00025851600000000003,1000.7723716845812,1000.8242694719999,-0.09,14.362,0.28,14.133650759219087,long_nclose,3.9574222125813447,0.0039543679707303376,2.0
1704154440000.0,1454,1704154440000.0,0.009117462039045688,-0.00014316000000000003,1000.7813459866203,1000.7929263119998,-0.05,14.316,0.23,14.133650759219087,long_nclose,3.25073967462039,0.0032482017052542565,2.0
1704155280000.0,1468,1704155280000.0,0.0,-0.005871646,1000.7754743406203,1000.846024666,2.09,14.047,2.32,14.05559037699155,long_ientry_partial,32.60896967462039,0.03258370184991336,14.0
1704155460000.0,1471,1704155460000.0,0.051075656743210976,-0.00107844,1000.8254715573636,1001.092046226,-0.38,14.19,1.94,14.05559037699155,long_nclose,27.267845331363606,0.02724535506568661,3.0
1704156180000.0,1483,1704156180000.0,0.04301107936270398,-0.0009081600000000001,1000.8675744767263,1001.070738066,-0.32,14.19,1.62,14.05559037699155,long_nclose,22.770056410726312,0.022750318814785217,12.0
1704156360000.0,1486,1704156360000.0,0.036290598212281484,-0.00076626,1000.9030988149386,1001.135851806,-0.27,14.19,1.35,14.05559037699155,long_nclose,18.975047008938592,0.018957926128318415,3.0
1704156420000.0,1487,1704156420000.0,0.0487105982122818,-0.0007687440000000001,1000.951040669151,1001.1523630620001,-0.27,14.236,1.08,14.05559037699155,long_nclose,15.180037607150874,0.01516561449099727,1.0
1704156780000.0,1493,1704156780000.0,0.02419373214152099,-0.00051084,1000.9747235612925,1001.0686922220001,-0.18,14.19,0.9,14.05559037699155,long_nclose,12.650031339292395,0.012637713062609416,6.0
1704156840000.0,1494,1704156840000.0,0.02016144345126749,-0.0004257,1000.9944593047437,1001.1125165220001,-0.15,14.19,0.75,14.05559037699155,long_nclose,10.541692782743663,0.010531219913110767,1.0
1704157200000.0,1500,1704157200000.0,0.027061443451267663,-0.00042708000000000004,1001.021093668195,1001.1233394420001,-0.15,14.236,0.6,14.05559037699155,long_nclose,8.433354226194929,0.008424751765511052,6.0
1704157320000.0,1502,1704157320000.0,0.02164915476101413,-0.00034166400000000004,1001.0424011589561,1001.1246777780001,-0.12,14.236,0.48,14.05559037699155,long_nclose,6.746683380955943,0.006739657953694045,2.0
1704157380000.0,1503,1704157380000.0,0.016236866070760598,-0.000256248,1001.0583817770269,1001.1267915300001,-0.09,14.236,0.39,14.05559037699155,long_nclose,5.481680247026705,0.00547588467047837,1.0
1704157440000.0,1504,1704157440000.0,0.012628673610591577,-0.00019930400000000006,1001.0708111466374,1001.1282222260002,-0.07,14.236,0.32,14.05559037699155,long_nclose,4.497788920637296,0.004492977789938236,1.0
1704157500000.0,1505,1704157500000.0,0.010824577380507065,-0.00017083200000000002,1001.081464892018,1001.1338313940001,-0.06,14.236,0.26,14.05559037699155,long_nclose,3.654453498017803,0.003650505604368564,1.0
1704158700000.0,1525,1704158700000.0,0.005376384920337997,-0.00011352000000000001,1001.0867277569382,1001.118717874,-0.04,14.19,0.22,14.05559037699155,long_nclose,3.092229882938141,0.0030888731187822998,20.0
1704160140000.0,1549,1704160140000.0,0.0,-0.0059094,1001.0808183569383,1001.1025484740002,2.1,14.07,2.32,14.06863357023196,long_ientry_partial,32.639229882938146,0.032603990891073624,24.0
1704184200000.0,1950,1704184200000.0,0.05105924331185513,-0.0010794280000000001,1001.1307981722501,1001.3837090460001,-0.38,14.203,1.94,14.06863357023196,long_nclose,27.29314912625,0.02726232094355573,401.0
1704184260000.0,1951,1704184260000.0,0.04299725752577274,-0.000908992,1001.172886437776,1001.4002800540003,-0.32,14.203,1.62,14.06863357023196,long_nclose,22.791186383775777,0.02276448622661764,1.0
1704184440000.0,1954,1704184440000.0,0.03627893603737075,-0.000766962,1001.2083984118134,1001.3897930920002,-0.27,14.203,1.35,14.06863357023196,long_nclose,18.992655319813146,0.01896973232539861,3.0
1704184500000.0,1955,1704184500000.0,0.02956061454896876,-0.000624932,1001.2373340943623,1001.3902981600002,-0.22,14.203,1.13,14.06863357023196,long_nclose,15.897555934362114,0.015877909655398287,1.0
1704184620000.0,1957,1704184620000.0,0.024185957358247166,-0.0005113079999999999,1001.2610087437205,1001.3886568520002,-0.18,14.203,0.95,14.06863357023196,long_nclose,13.36520189172036,0.013348369481090295,2.0
1704187740000.0,2009,1704187740000.0,0.020154964465205972,-0.00042608999999999995,1001.2807376181856,1001.391430762,-0.15,14.203,0.8,14.06863357023196,long_nclose,11.254906856185569,0.011240510711270026,52.0
1704193440000.0,2104,1704193440000.0,0.017467635869845177,-0.000369278,1001.2978359760555,1001.388531484,-0.13,14.203,0.67,14.06863357023196,long_nclose,9.425984492055413,0.009413766966615937,95.0
1704195420000.0,2137,1704195420000.0,0.0,-0.00464145,1001.2931945260555,1001.288440034,1.65,14.065,2.32,14.066049350023885,long_ientry_partial,32.63323449205541,0.032591087875616466,33.0
1704207360000.0,2336,1704207360000.0,0.0,-0.006535956000000001,1001.2866585700555,1000.6409440780001,2.38,13.731,4.7,13.896386062139449,long_rentry,65.31301449205542,0.06522908692834217,199.0
1704240540000.0,2889,1704240540000.0,0.10343887153122985,-0.002188524,1001.3879089175867,1001.8175955540001,-0.78,14.029,3.92,13.896386062139449,long_nclose,54.473833363586635,0.05439833343151518,553.0
1704240600000.0,2890,1704240600000.0,0.08619905960935821,-0.0018237700000000002,1001.4722842071961,1002.0138417840002,-0.65,14.029,3.27,13.896386062139449,long_nclose,45.441182423196,0.045374378442403905,1.0
1704240660000.0,2891,1704240660000.0,0.1160990596093578,-0.00182975,1001.5865535168056,1001.9575820340002,-0.65,14.075,2.62,13.896386062139449,long_nclose,36.40853148280536,0.03635085889977901,1.0
1704280500000.0,3555,1704280500000.0,0.0,-0.006534474,1001.5800190428056,1000.9372975600003,2.41,13.557,5.03,13.733777630776412,long_rentry,69.08090148280536,0.06897192452863117,664.0
1704282900000.0,3595,1704282900000.0,0.0,-0.006530720000000001,1001.5734883228056,998.7470268400002,2.45,13.328,7.48,13.600869182193229,long_rentry,101.73450148280536,0.10157467491792922,40.0
1704282900000.0,3595,1704282900000.0,0.0,-0.006538242000000001,1001.5669500808056,998.9745485980002,2.49,13.129,9.97,13.483020208907257,long_rentry,134.42571148280535,0.13421540264678264,0.0
1704283260000.0,3601,1704283260000.0,0.0,-0.008595479999999999,1001.5583546008055,990.0277331180001,3.32,12.945,13.29,13.348616364394687,long_rentry,177.40311148280537,0.17712708467547408,6.0
1704283260000.0,3601,1704283260000.0,0.0,-0.0112489,1001.5471057008054,988.9380042180001,4.42,12.725,17.71,13.192976368311992,long_rentry,233.6476114828054,0.23328669231120866,0.0
1704283260000.0,3601,1704283260000.0,0.0,-0.014677879999999999,1001.5324278208054,989.047016338,5.89,12.46,23.6,13.010042859440906,long_rentry,307.0370114828054,0.3065672193469312,0.0
1704283680000.0,3608,1704283680000.0,0.0,-0.019053519999999997,1001.5133743008054,983.8737128180001,7.85,12.136,31.45,12.791879538403986,long_rentry,402.30461148280534,0.4016966940293429,7.0
1704283740000.0,3609,1704283740000.0,0.0,-0.024560080000000005,1001.4888142208054,951.140282738,10.46,11.74,41.91,12.529348878138997,long_rentry,525.1050114828054,0.5243243898748446,1.0
1704283740000.0,3609,1704283740000.0,0.0,-0.03137894,1001.4574352808054,952.126523798,13.94,11.255,55.85,12.211275048931162,long_rentry,681.9997114828054,0.6810071875811426,0.0
1704284700000.0,3625,1704284700000.0,1.085542044940189,-0.022930080000000002,1002.5200472457456,1004.555443718,-9.3,12.328,46.55,12.211275048931162,long_nclose,568.4348535277455,0.5670059716904657,16.0
1704284760000.0,3626,1704284760000.0,0.9046183707834907,-0.0191084,1003.405557216529,1006.6152853179999,-7.75,12.328,38.8,12.211275048931162,long_nclose,473.79747189852907,0.47218940386662256,1.0
1704285000000.0,3630,1704285000000.0,0.7540431839046903,-0.015927776,1004.1436726244337,1005.654757542,-6.46,12.328,32.34,12.211275048931162,long_nclose,394.91263508243384,0.39328299908546815,4.0
1704285360000.0,3636,1704285360000.0,0.6291474862610341,-0.013289584,1004.7595305266948,1007.878317958,-5.39,12.328,26.95,12.211275048931162,long_nclose,329.0938625686948,0.3275349499757259,6.0
1704285420000.0,3637,1704285420000.0,0.5240950302990804,-0.011070544,1005.272555012994,1009.6909974140001,-4.49,12.328,22.46,12.211275048931162,long_nclose,274.2652375989939,0.272826743584429,1.0
1704285420000.0,3637,1704285420000.0,0.7036950302990846,-0.011106464000000002,1005.965143579293,1009.50029095,-4.49,12.368,17.97,12.211275048931162,long_nclose,219.43661262929297,0.2181354036269313,0.0
1704285420000.0,3637,1704285420000.0,0.8877850302990863,-0.011143282000000001,1006.8417853275921,1009.493637668,-4.49,12.409,13.48,12.211275048931162,long_nclose,164.60798765959206,0.16348942808927444,0.0
1704285480000.0,3638,1704285480000.0,0.6663330851019867,-0.008363666,1007.4997547466941,1009.144904002,-3.37,12.409,10.11,12.211275048931162,long_nclose,123.45599074469403,0.1225369933471928,1.0
1704285600000.0,3640,1704285600000.0,0.3165844011590536,-0.004996672000000001,1007.8113424758532,1008.54530733,-2.02,12.368,8.09,12.211275048931162,long_nclose,98.78921514585309,0.09802351986152612,2.0
1704285660000.0,3641,1704285660000.0,0.15641143443224229,-0.0033039040000000003,1007.9644500062855,1008.6308434260001,-1.34,12.328,6.75,12.211275048931162,long_nclose,82.42610658028535,0.08177481515322425,1.0
1704285720000.0,3642,1704285720000.0,0.13073194519709802,-0.0027614720000000005,1008.0924204794826,1009.0141919540001,-1.12,12.328,5.63,12.211275048931162,long_nclose,68.74947852548244,0.06819759491176701,1.0
1704285720000.0,3642,1704285720000.0,0.17553194519709905,-0.002770432,1008.2651819926797,1009.0035815220001,-1.12,12.368,4.51,12.211275048931162,long_nclose,55.07285047067954,0.05462139470276718,0.0
1704285960000.0,3646,1704285960000.0,0.2214519451970995,-0.0027796160000000004,1008.4838543218768,1009.3372019060002,-1.12,12.409,3.39,12.211275048931162,long_nclose,41.39622241587664,0.041047977355782486,4.0
1704285960000.0,3646,1704285960000.0,0.26625194519709855,-0.002788576,1008.747317691074,1009.3187333300003,-1.12,12.449,2.27,12.211275048931162,long_nclose,27.71959436107374,0.027479224851394136,0.0
1704286020000.0,3647,1704286020000.0,0.31495919470778727,-0.0028227400000000002,1009.0594541457817,1009.4011405900002,-1.13,12.49,1.14,12.211275048931162,long_nclose,13.920853555781523,0.01379587049958935,1.0
1704286080000.0,3648,1704286080000.0,0.0,-0.003728278,1009.0557258677817,1009.4552723120001,1.49,12.511,2.63,12.381081199916931,long_ientry_partial,32.56224355578153,0.03227001514488033,1.0
1704286080000.0,3648,1704286080000.0,0.1697674320946979,-0.00285684,1009.2226364598763,1009.4489954720001,-1.14,12.53,1.49,12.381081199916931,long_nclose,18.447810987876228,0.01827922831040231,0.0
1704286140000.0,3649,1704286140000.0,0.04608645202408976,-0.0007273199999999999,1009.2679955919003,1009.4706981520001,-0.29,12.54,1.2,12.381081199916931,long_nclose,14.857297439900316,0.014720864532305943,1.0
1704286200000.0,3650,1704286200000.0,0.0,-0.0035642000000000004,1009.2644313919003,1009.412113952,1.42,12.55,2.62,12.472632610648976,long_ientry_partial,32.67829743990032,0.03237833061731197,1.0
1704286320000.0,3652,1704286320000.0,0.05132797742094065,-0.0010829120000000001,1009.3146764573212,1009.5629510399999,-0.43,12.592,2.19,12.472632610648976,long_nclose,27.315065417321257,0.027062982491443316,2.0
1704286380000.0,3653,1704286380000.0,0.04297226016636891,-0.0009066240000000001,1009.3567420934876,1009.615444416,-0.36,12.592,1.83,12.472632610648976,long_nclose,22.824917677487626,0.022613330575418658,1.0
1704286440000.0,3654,1704286440000.0,0.0,-0.0019677840000000006,1009.3547743094875,1009.6813366319999,0.78,12.614,2.61,12.514880336202156,long_ientry_partial,32.66383767748763,0.03236110682671846,1.0
1704286440000.0,3654,1704286440000.0,0.04252307896722364,-0.0009095759999999999,1009.3963878124547,1009.6779070559999,-0.36,12.633,2.25,12.514880336202156,long_nclose,28.15848075645485,0.027896355779001143,0.0
1704286560000.0,3656,1704286560000.0,0.044444275605202324,-0.00093499,1009.4398970980599,1009.6845220659998,-0.37,12.635,1.88,12.514880336202156,long_nclose,23.527975032060052,0.023307950378916396,2.0
1704286620000.0,3657,1704286620000.0,0.0,-0.0018208800000000002,1009.4380762180599,1009.7477011859999,0.72,12.645,2.6,12.550913473869251,long_ientry_partial,32.632375032060054,0.03232726781450512,1.0
1704286620000.0,3657,1704286620000.0,0.04628201466837721,-0.0009380240000000001,1009.4834202087283,1009.7489831619998,-0.37,12.676,2.23,12.550913473869251,long_nclose,27.98853704672843,0.027725603498214277,0.0
1704286680000.0,3658,1704286680000.0,0.04443201466837692,-0.0009376539999999999,1009.5269145693966,1009.7577155079998,-0.37,12.671,1.86,12.550913473869251,long_nclose,23.34469906139681,0.023124394926463405,1.0
1704286740000.0,3659,1704286740000.0,0.0,-0.0018759000000000002,1009.5250386693966,1009.7428396079998,0.74,12.675,2.6,12.586230408229541,long_ientry_partial,32.72419906139681,0.03241544073491125,1.0
1704291000000.0,3730,1704291000000.0,0.0,-0.006585832000000001,1009.5184528373966,1008.6506937759998,2.68,12.287,5.28,12.434348307082729,long_rentry,65.65335906139681,0.06503433283152836,71.0
1704291360000.0,3736,1704291360000.0,0.0,-0.0065924040000000005,1009.5118604333966,1008.2500213719998,2.73,12.074,8.01,12.311532966466519,long_rentry,98.61537906139681,0.0976862015460224,6.0
1704297360000.0,3836,1704297360000.0,0.15623115459953016,-0.003306114,1009.6647854739961,1010.5429852579997,-1.33,12.429,6.68,12.311532966466519,long_nclose,82.24104021599635,0.08145380664869635,100.0
1704297480000.0,3838,1704297480000.0,0.13038840722216427,-0.0027592380000000002,1009.7924146432183,1010.4355660199998,-1.11,12.429,5.57,12.311532966466519,long_nclose,68.57523862321851,0.06791023345867342,2.0
1704297540000.0,3839,1704297540000.0,0.10806967085080281,-0.0022869360000000003,1009.8981973780691,1010.5234690839998,-0.92,12.429,4.65,12.311532966466519,long_nclose,57.24862829406932,0.0566875239927154,1.0
1704297660000.0,3841,1704297660000.0,0.14737434118613799,-0.0023194200000000004,1010.0432522992552,1010.6736696639997,-0.93,12.47,3.72,12.311532966466519,long_nclose,45.79890263525545,0.045343506360741644,2.0
1704297720000.0,3842,1704297720000.0,0.18550434118613668,-0.002327046,1010.2264295944414,1010.8554826179998,-0.93,12.511,2.79,12.311532966466519,long_nclose,34.34917697644159,0.034001463404824184,1.0
1704297840000.0,3844,1704297840000.0,0.223634341186137,-0.0023346720000000003,1010.4477292636275,1010.9321979459997,-0.93,12.552,1.86,12.311532966466519,long_nclose,22.899451317627726,0.02266267779563016,2.0
1704297960000.0,3846,1704297960000.0,0.0,-0.0019489080000000003,1010.4457803556274,1010.7674690379997,0.78,12.493,2.64,12.36514822637414,long_ientry_partial,32.64399131762773,0.03230652445907453,2.0
1704298020000.0,3847,1704298020000.0,0.08260292228544656,-0.001302496,1010.5270807819129,1010.8193265419998,-0.52,12.524,2.12,12.36514822637414,long_nclose,26.21411423991318,0.025941030911937116,1.0
1704298200000.0,3850,1704298200000.0,0.041248120769051065,-0.0008738099999999999,1010.5674550926819,1010.8167627319997,-0.35,12.483,1.77,12.36514822637414,long_nclose,21.88631236068223,0.02165744824889,3.0
1704298200000.0,3850,1704298200000.0,0.05559812076905057,-0.0008766799999999999,1010.622176533451,1010.8221860519998,-0.35,12.524,1.42,12.36514822637414,long_nclose,17.55851048145128,0.017373961198515323,0.0
1704298260000.0,3851,1704298260000.0,0.0,-0.00304756,1010.619128973451,1010.7594584919997,1.22,12.49,2.64,12.422844879337605,long_ientry_partial,32.79631048145128,0.03245170167594645,1.0
1704299340000.0,3869,1704299340000.0,0.05242825309145374,-0.0011036960000000001,1010.6704535305424,1010.9127947959997,-0.44,12.542,2.2,12.422844879337605,long_nclose,27.330258734542735,0.02704171140956068,18.0
1704308160000.0,4016,1704308160000.0,0.0,-0.0065787960000000005,1010.6638747345424,1009.8506359999997,2.71,12.138,4.91,12.265629070171636,long_rentry,60.22423873454274,0.05958879132823564,147.0
1704316500000.0,4155,1704316500000.0,0.095070453160974,-0.002006046,1010.7569391417034,1011.2709599539996,-0.81,12.383,4.1,12.265629070171636,long_nclose,50.289079187703706,0.049753879731369736,139.0
1704317040000.0,4164,1704317040000.0,0.07981223228328681,-0.001684088,1010.8350672859866,1011.2672558659996,-0.68,12.383,3.42,12.265629070171636,long_nclose,41.948451419986995,0.04149880903183872,9.0
1704317580000.0,4173,1704317580000.0,0.06690143000216688,-0.0014116619999999997,1010.9005570539888,1011.2436142039996,-0.57,12.383,2.85,12.265629070171636,long_nclose,34.957042849989165,0.034580100491647295,9.0
1704317760000.0,4176,1704317760000.0,0.05516433701933058,-0.001164002,1010.9545573890081,1011.2029602019995,-0.47,12.383,2.38,12.265629070171636,long_nclose,29.192197187008492,0.028875874759794515,3.0
1704318420000.0,4187,1704318420000.0,0.04577466263306155,-0.000965874,1010.9993661776411,1011.2329343279996,-0.39,12.383,1.99,12.265629070171636,long_nclose,24.408601849641556,0.02414304367165425,11.0
1704318480000.0,4188,1704318480000.0,0.038732406843359775,-0.000817278,1011.0372813064845,1011.2420770499996,-0.33,12.383,1.66,12.265629070171636,long_nclose,20.360944256484917,0.02013866811140145,1.0
1704318600000.0,4190,1704318600000.0,0.031690151053657994,-0.000668682,1011.0683027755382,1011.2300583679996,-0.27,12.383,1.39,12.265629070171636,long_nclose,17.049224407538574,0.01686258421981564,2.0
1704318660000.0,4191,1704318660000.0,0.02699531386052348,-0.000569618,1011.0947284713988,1011.2610387499997,-0.23,12.383,1.16,12.265629070171636,long_nclose,14.228129721399098,0.014072004650750758,1.0
1704319560000.0,4206,1704319560000.0,0.02230047666738896,-0.00047055400000000004,1011.1165583940661,1011.2313781959997,-0.19,12.383,0.97,12.265629070171636,long_nclose,11.897660198066486,0.01176685328639388,15.0
1704319860000.0,4211,1704319860000.0,0.018779348772538073,-0.000396256,1011.1349414868387,1011.2397319399996,-0.16,12.383,0.81,12.265629070171636,long_nclose,9.935159546839026,0.009825750391169076,5.0
1704322740000.0,4259,1704322740000.0,0.015258220877687183,-0.00032195799999999996,1011.1498777497164,1011.2249299819997,-0.13,12.383,0.68,12.265629070171636,long_nclose,8.340627767716713,0.00824865625883131,48.0
1704323280000.0,4268,1704323280000.0,0.0,-0.004933344,1011.1449444057164,1011.1412066379996,2.01,12.272,2.69,12.270389504727405,long_ientry_partial,33.007347767716716,0.03264353735864865,9.0
1704325560000.0,4306,1704325560000.0,0.05174861791994197,-0.001090144,1011.1956028796363,1011.4872264939996,-0.44,12.388,2.25,12.270389504727405,long_nclose,27.60837638563666,0.027302706130262824,38.0
1704325980000.0,4313,1704325980000.0,0.04351588325086029,-0.0009167120000000001,1011.2382020508871,1011.4480297819996,-0.37,12.388,1.88,12.270389504727405,long_nclose,23.06833226888752,0.022811966777068697,7.0
1704326040000.0,4314,1704326040000.0,0.03645925353450456,-0.000768056,1011.2738932484217,1011.4695317259997,-0.31,12.388,1.57,12.270389504727405,long_nclose,19.264511522422026,0.019049746711586133,1.0
1704326400000.0,4320,1704326400000.0,0.030578728770874797,-0.0006441760000000001,1011.3038278011925,1011.4605175499996,-0.26,12.388,1.31,12.270389504727405,long_nclose,16.074210251192902,0.01589454109566849,6.0
1704326460000.0,4321,1704326460000.0,0.040978728770875036,-0.0006462560000000001,1011.3441602739633,1011.5821012939996,-0.26,12.428,1.05,12.270389504727405,long_nclose,12.883908979963776,0.01273939128345157,1.0
1704326460000.0,4321,1704326460000.0,0.05163872877087467,-0.0006483880000000001,1011.3951506147342,1011.5741729059996,-0.26,12.469,0.79,12.270389504727405,long_nclose,9.69360770873465,0.009584392117010641,0.0
1704326520000.0,4322,1704326520000.0,0.06229872877087477,-0.00065052,1011.4567988235051,1011.5742523859996,-0.26,12.51,0.53,12.270389504727405,long_nclose,6.5033064375055245,0.00642964330762319,1.0
1704326520000.0,4322,1704326520000.0,0.072698728770875,-0.0006526000000000001,1011.528844952276,1011.5886797859996,-0.26,12.55,0.27,12.270389504727405,long_nclose,3.3130051662763993,0.0032752453702224447,0.0
1704326580000.0,4323,1704326580000.0,0.021564944574533573,-0.00022517999999999998,1011.5501847168505,1011.6033946059996,-0.09,12.51,0.18,12.270389504727405,long_nclose,2.2086701108509326,0.002183450850210833,1.0
1704326580000.0,4323,1704326580000.0,0.025164944574533655,-0.0002259,1011.575123761425,1011.6017287059994,-0.09,12.55,0.09,12.270389504727405,long_nclose,1.1043350554254663,0.001091698510061343,0.0
1704326700000.0,4325,1704326700000.0,0.007188314858177857,-7.506e-05,1011.5822370162831,1011.6003336459995,-0.03,12.51,0.06,12.270389504727405,long_nclose,0.7362233702836443,0.0007277938889626762,2.0
1704326700000.0,4325,1704326700000.0,0.008388314858177886,-7.53e-05,1011.5905500311412,1011.5995983459994,-0.03,12.55,0.03,12.270389504727405,long_nclose,0.36811168514182213,0.0003638939540612455,0.0
1704326760000.0,4326,1704326760000.0,0.009618314858177842,-7.5546e-05,1011.6000927999994,1011.6000927999994,-0.03,12.591,0.0,12.270389504727405,long_nclose,0.0,0.0,1.0
1704330900000.0,4395,1704330900000.0,0.0,-0.006589026,1011.5935037739994,1011.5721437739994,2.67,12.339,2.67,12.339,long_ientry_normal,32.94513,0.03256755789463856,69.0
1704341640000.0,4574,1704341640000.0,0.05192000000000015,-0.0010962160000000001,1011.6443275579994,1011.9096975579994,-0.44,12.457,2.23,12.339,long_nclose,27.51597,0.027199252988864765,179.0
1704341700000.0,4575,1704341700000.0,0.06995999999999952,-0.001099824,1011.7131877339995,1011.9888477339995,-0.44,12.498,1.79,12.339,long_nclose,22.08681,0.021831098247784314,1.0
1704341760000.0,4576,1704341760000.0,0.055649999999999616,-0.00087486,1011.7679628739995,1012.0113228739996,-0.35,12.498,1.44,12.339,long_nclose,17.768159999999998,0.017561496955812144,1.0
1704342060000.0,4581,1704342060000.0,0.07199999999999974,-0.000902808,1011.8390600659995,1012.0431800659995,-0.36,12.539,1.08,12.339,long_nclose,13.326120000000001,0.013170197243750181,5.0
1704342120000.0,4582,1704342120000.0,0.05399999999999981,-0.000677106,1011.8923829599995,1012.0511429599995,-0.27,12.539,0.81,12.339,long_nclose,9.99459,0.009877127418198078,1.0
1704342180000.0,4583,1704342180000.0,0.03999999999999986,-0.0005015600000000001,1011.9318813999995,1012.0624213999995,-0.2,12.539,0.61,12.339,long_nclose,7.52679,0.007438040186644528,1.0
1704342240000.0,4584,1704342240000.0,0.04819999999999994,-0.0005032,1011.9795781999994,1012.0767481999994,-0.2,12.58,0.41,12.339,long_nclose,5.05899,0.004999102856401893,1.0
1704342300000.0,4585,1704342300000.0,0.031329999999999955,-0.00032708,1012.0105811199994,1012.0814211199994,-0.13,12.58,0.28,12.339,long_nclose,3.4549200000000004,0.003413916874442573,1.0
1704342720000.0,4592,1704342720000.0,0.02168999999999997,-0.00022643999999999998,1012.0320446799994,1012.0763146799994,-0.09,12.58,0.19,12.339,long_nclose,2.3444100000000003,0.00231653731946926,7.0
1704342780000.0,4593,1704342780000.0,0.01445999999999998,-0.00015096,1012.0463537199994,1012.0776837199994,-0.06,12.58,0.13,12.339,long_nclose,1.60407,0.0015849768087241136,1.0
1704342840000.0,4594,1704342840000.0,0.009639999999999987,-0.00010064,1012.0558930799994,1012.0747930799994,-0.04,12.58,0.09,12.339,long_nclose,1.1105099999999999,0.001097281294040366,1.0
1704342960000.0,4596,1704342960000.0,0.00722999999999999,-7.548e-05,1012.0630475999994,1012.0776875999994,-0.03,12.58,0.06,12.339,long_nclose,0.74034,0.0007315156913945609,2.0
1704343140000.0,4599,1704343140000.0,0.0048199999999999936,-5.032e-05,1012.0678172799994,1012.0781772799994,-0.02,12.58,0.04,12.339,long_nclose,0.49356000000000005,0.0004876748292683349,3.0
1704343560000.0,4606,1704343560000.0,0.005640000000000001,-5.0484000000000007e-05,1012.0734067959994,1012.0793467959994,-0.02,12.621,0.02,12.339,long_nclose,0.24678000000000003,0.0002438360679599822,7.0
1704343740000.0,4609,1704343740000.0,0.006460000000000008,-5.064800000000001e-05,1012.0798161479994,1012.0798161479994,-0.02,12.662,0.0,12.339,long_nclose,0.0,0.0,3.0
1704354060000.0,4781,1704354060000.0,0.0,-0.006593136,1012.0732230119994,1012.0573830119994,2.64,12.487,2.64,12.487,long_ientry_normal,32.96568,0.032572425838806277,172.0
1704360120000.0,4882,1704360120000.0,0.0523599999999999,-0.0011093280000000001,1012.1244736839994,1012.4676736839995,-0.44,12.606,2.2,12.487,long_nclose,27.471400000000003,0.0271423137314403,101.0
1704360180000.0,4883,1704360180000.0,0.07083999999999982,-0.0011130240000000002,1012.1942006599994,1012.6394806599994,-0.44,12.648,1.76,12.487,long_nclose,21.97712,0.021712355184084098,1.0
1704360180000.0,4883,1704360180000.0,0.08887999999999999,-0.0011166320000000002,1012.2819640279994,1012.6159240279994,-0.44,12.689,1.32,12.487,long_nclose,16.48284,0.01628285456594788,0.0
1704360180000.0,4883,1704360180000.0,0.1073599999999999,-0.001120328,1012.3882036999994,1012.6108436999994,-0.44,12.731,0.88,12.487,long_nclose,10.98856,0.01085409723250414,0.0
1704360240000.0,4884,1704360240000.0,0.12540000000000007,-0.001123936,1012.5124797639994,1012.6405197639995,-0.44,12.772,0.44,12.487,long_nclose,5.49428,0.0054263824987921426,1.0
1704360240000.0,4884,1704360240000.0,0.14344000000000023,-0.0011275440000000003,1012.6547922199994,1012.6547922199994,-0.44,12.813,0.0,12.487,long_nclose,0.0,0.0,0.0
1704363780000.0,4943,1704363780000.0,0.0,-0.006602640000000002,1012.6481895799994,1012.5769095799994,2.64,12.505,2.64,12.505,long_ientry_normal,33.013200000000005,0.03260085816545269,59.0
1704364380000.0,4953,1704364380000.0,0.05279999999999966,-0.001111,1012.6998785799994,1013.0012785799994,-0.44,12.625,2.2,12.505,long_nclose,27.511000000000003,0.027165995159963614,10.0
1704364620000.0,4957,1704364620000.0,0.04319999999999972,-0.000909,1012.7421695799994,1012.9960895799994,-0.36,12.625,1.84,12.505,long_nclose,23.009200000000003,0.02271970170802929,4.0
1704364800000.0,4960,1704364800000.0,0.05795999999999985,-0.000911952,1012.7992176279994,1013.0448976279994,-0.36,12.666,1.48,12.505,long_nclose,18.5074,0.01827351332611096,3.0
1704364920000.0,4962,1704364920000.0,0.07473999999999999,-0.0009403180000000001,1012.8730173099995,1013.0839173099995,-0.37,12.707,1.11,12.505,long_nclose,13.880550000000001,0.013704136414714784,2.0
1704365220000.0,4967,1704365220000.0,0.03541999999999991,-0.000557304,1012.9078800059995,1013.0760900059995,-0.22,12.666,0.89,12.505,long_nclose,11.12945,0.010987623079735623,5.0
1704365340000.0,4969,1704365340000.0,0.027369999999999933,-0.00043064400000000005,1012.9348193619995,1013.0521793619995,-0.17,12.666,0.72,12.505,long_nclose,9.0036,0.008888627212628498,2.0
1704365580000.0,4973,1704365580000.0,0.022539999999999945,-0.00035464800000000005,1012.9570047139996,1013.0550247139996,-0.14,12.666,0.58,12.505,long_nclose,7.2529,0.007160126210932121,4.0
1704366000000.0,4980,1704366000000.0,0.028279999999999996,-0.0003557960000000001,1012.9849289179996,1013.0848089179996,-0.14,12.707,0.44,12.505,long_nclose,5.5022,0.005431670149206533,7.0
1704366360000.0,4986,1704366360000.0,0.022219999999999997,-0.00027955400000000005,1013.0068693639995,1013.0702293639995,-0.11,12.707,0.33,12.505,long_nclose,4.126650000000001,0.004073664379582,6.0
1704366480000.0,4988,1704366480000.0,0.016159999999999997,-0.00020331200000000003,1013.0228260519995,1013.0828260519994,-0.08,12.707,0.25,12.505,long_nclose,3.12625,0.0030860607674397327,2.0
1704366480000.0,4988,1704366480000.0,0.019519999999999982,-0.00020398400000000004,1013.0421420679995,1013.0829420679995,-0.08,12.749,0.17,12.505,long_nclose,2.1258500000000002,0.0020984813086456027,0.0
1704366900000.0,4995,1704366900000.0,0.004829999999999987,-7.5996e-05,1013.0468960719995,1013.0697160719996,-0.03,12.666,0.14,12.505,long_nclose,1.7507000000000004,0.0017281529678321763,7.0
1704367080000.0,4998,1704367080000.0,0.0023999999999999846,-5.05e-05,1013.0492455719994,1013.0650855719995,-0.02,12.625,0.12,12.505,long_nclose,1.5006,0.0014812705370040665,3.0
1704367320000.0,5002,1704367320000.0,0.003219999999999992,-5.0664e-05,1013.0524149079995,1013.0703149079995,-0.02,12.666,0.1,12.505,long_nclose,1.2505000000000002,0.0012343882523724742,4.0
1704367920000.0,5012,1704367920000.0,0.003219999999999992,-5.0664e-05,1013.0555842439995,1013.0757442439996,-0.02,12.666,0.08,12.505,long_nclose,1.0004000000000002,0.000987507512479245,10.0
1704367920000.0,5012,1704367920000.0,0.004039999999999999,-5.082800000000001e-05,1013.0595734159996,1013.0746934159996,-0.02,12.707,0.06,12.505,long_nclose,0.7503,0.0007406277179435914,0.0
1704367920000.0,5012,1704367920000.0,0.0048799999999999955,-5.099600000000001e-05,1013.0644024199995,1013.0744824199995,-0.02,12.749,0.04,12.505,long_nclose,0.5002000000000001,0.0004937494583810532,0.0
1704368040000.0,5014,1704368040000.0,0.0024399999999999977,-2.5498000000000006e-05,1013.0668169219995,1013.0739569219995,-0.01,12.749,0.03,12.505,long_nclose,0.37515,0.0003703112111990975,2.0
1704368220000.0,5017,1704368220000.0,0.0024399999999999977,-2.5498000000000006e-05,1013.0692314239994,1013.0732914239994,-0.01,12.749,0.02,12.505,long_nclose,0.25010000000000004,0.00024687355241107483,3.0
1704368520000.0,5022,1704368520000.0,0.0020199999999999997,-2.5414000000000004e-05,1013.0712260099995,1013.0730060099995,-0.01,12.707,0.01,12.505,long_nclose,0.12505000000000002,0.00012343653317695326,5.0
1704368700000.0,5025,1704368700000.0,0.0020199999999999997,-2.5414000000000004e-05,1013.0732205959995,1013.0732205959995,-0.01,12.707,0.0,12.505,long_nclose,0.0,0.0,3.0
1704409920000.0,5712,1704409920000.0,0.0,-0.006614088,1013.0666065079995,1013.0795065079996,2.58,12.818,2.58,12.818,long_ientry_normal,33.07044,0.032643895068254686,687.0
1704419280000.0,5868,1704419280000.0,0.0,-0.0066068640000000005,1013.0599996439995,1010.9263396439995,2.64,12.513,5.22,12.663747126436782,long_rentry,66.10476,0.06525256156913702,156.0
1704419280000.0,5868,1704419280000.0,0.0,-0.006615786,1013.0533838579995,1010.8067438579995,2.69,12.297,7.91,12.539025284450062,long_rentry,99.18369,0.09790568945367903,0.0
1704456360000.0,6486,1704456360000.0,0.0,-0.006612606000000001,1013.0467712519995,1009.7674912519996,2.73,12.111,10.64,12.429203007518796,long_rentry,132.24671999999998,0.13054354818836206,618.0
1704465720000.0,6642,1704465720000.0,0.0,-0.00845352,1013.0383177319995,1007.7764777319995,3.54,11.94,14.18,12.307074753173483,long_rentry,174.51431999999997,0.1722682320553327,156.0
1704474300000.0,6785,1704474300000.0,0.0,-0.011084448,1013.0272332839995,1005.8838732839995,4.72,11.742,18.9,12.165955555555556,long_rentry,229.93656,0.22697964323683475,143.0
1704497760000.0,7176,1704497760000.0,0.3655399999999998,-0.00773766,1013.3850356239996,1015.2442356239995,-3.15,12.282,15.75,12.165955555555556,long_nclose,191.6138,0.18908291840130867,391.0
1704497940000.0,7179,1704497940000.0,0.30403644444444433,-0.0064357680000000006,1013.6826363004441,1015.2194298559996,-2.62,12.282,13.13,12.165955555555556,long_nclose,159.73899644444447,0.1575828476528226,3.0
1704499020000.0,7197,1704499020000.0,0.2529768888888888,-0.0053549520000000005,1013.930258237333,1015.2666449039996,-2.18,12.282,10.95,12.165955555555556,long_nclose,133.21721333333332,0.13138695906454628,18.0
1704499140000.0,7199,1704499140000.0,0.2112008888888888,-0.004470648,1014.1369884782218,1015.2056042559996,-1.82,12.282,9.13,12.165955555555556,long_nclose,111.07517422222223,0.10952679518069616,2.0
1704500820000.0,7227,1704500820000.0,0.1763875555555555,-0.003733728,1014.3096423057774,1015.1546905279996,-1.52,12.282,7.61,12.165955555555556,long_nclose,92.58292177777778,0.09127678365288319,28.0
1704520320000.0,7552,1704520320000.0,0.0,-0.0066108059999999995,1014.3030314997774,1011.6220797219996,2.81,11.763,10.42,12.057289038174451,long_rentry,125.63695177777778,0.12386530245503398,325.0
1704524100000.0,7615,1704524100000.0,0.0,-0.008047624000000001,1014.2949838757773,1009.6967020979996,3.47,11.596,13.89,11.942049804015678,long_rentry,165.87507177777778,0.1635373085884183,63.0
1704550440000.0,8054,1704550440000.0,0.263224952723782,-0.005569872,1014.5526389565011,1015.8027022259996,-2.31,12.056,11.58,11.942049804015678,long_nclose,138.28893673050155,0.1363053344109735,439.0
1704550500000.0,8055,1704550500000.0,0.21992387824973994,-0.004653616,1014.7679092187508,1015.9447286099995,-1.93,12.056,9.65,11.942049804015678,long_nclose,115.2407806087513,0.11356368245569849,1.0
1704550800000.0,8060,1704550800000.0,0.29712387824974174,-0.004669056,1015.0603640410005,1016.2334195539995,-1.93,12.096,7.72,11.942049804015678,long_nclose,92.19262448700103,0.09082477038112106,5.0
1704551220000.0,8067,1704551220000.0,0.14585625085993115,-0.0030863360000000003,1015.2031339558604,1016.0142532179995,-1.28,12.056,6.44,11.942049804015678,long_nclose,76.90680073786098,0.0757550860173022,7.0
1704551400000.0,8070,1704551400000.0,0.19705625085993234,-0.003096576,1015.3970936307204,1016.3049966419995,-1.28,12.096,5.16,11.942049804015678,long_nclose,61.6209769887209,0.06068658003381209,3.0
1704552120000.0,8082,1704552120000.0,0.1585687018638518,-0.0024917760000000002,1015.5531705565842,1016.1683348659994,-1.03,12.096,4.13,11.942049804015678,long_nclose,49.32066569058475,0.04856532097039691,12.0
1704552180000.0,8083,1704552180000.0,0.12623916070714414,-0.001983744,1015.6774259732914,1016.2068611219995,-0.82,12.096,3.31,11.942049804015678,long_nclose,39.5281848512919,0.038918050003339685,1.0
1704552600000.0,8090,1704552600000.0,0.06267260779137668,-0.00132616,1015.7387724210828,1016.0422349619995,-0.55,12.056,2.76,11.942049804015678,long_nclose,32.96005745908327,0.03244934460906786,7.0
1704552660000.0,8091,1704552660000.0,0.05241709015278776,-0.001109152,1015.7900803592355,1016.0889658099994,-0.46,12.056,2.3,11.942049804015678,long_nclose,27.46671454923606,0.02703975465041204,1.0
1704552900000.0,8095,1704552900000.0,0.07081709015278818,-0.001112832,1015.8597846173883,1016.1430529779994,-0.46,12.096,1.84,11.942049804015678,long_nclose,21.973371639388848,0.021630319431992142,4.0
1704552960000.0,8096,1704552960000.0,0.05542207055435597,-0.000870912,1015.9143357759426,1016.1747420659995,-0.36,12.096,1.48,11.942049804015678,long_nclose,17.674233709943202,0.017397366182891637,1.0
1704553380000.0,8103,1704553380000.0,0.04464555683545342,-0.000701568,1015.9582797647781,1016.1093504979995,-0.29,12.096,1.19,11.942049804015678,long_nclose,14.211039266778656,0.013987817757702508,7.0
1704553500000.0,8105,1704553500000.0,0.03540854507639409,-0.000556416,1015.9931318938545,1016.1601240819995,-0.23,12.096,0.96,11.942049804015678,long_nclose,11.46436781185505,0.011283902865056754,2.0
1704553560000.0,8106,1704553560000.0,0.04630804703623724,-0.00058248,1016.0388574608908,1016.1885816019994,-0.24,12.135,0.72,11.942049804015678,long_nclose,8.598275858891288,0.00846254628526572,1.0
1704553800000.0,8110,1704553800000.0,0.03473103527717793,-0.00043686,1016.073151636168,1016.1811247419995,-0.18,12.135,0.54,11.942049804015678,long_nclose,6.448706894168467,0.006346695495087344,4.0
1704554040000.0,8114,1704554040000.0,0.02508352547796184,-0.00031551,1016.097919651646,1016.1835892319996,-0.13,12.135,0.41,11.942049804015678,long_nclose,4.8962404196464275,0.0048186698594216495,4.0
1704554100000.0,8115,1704554100000.0,0.03028352547796196,-0.00031655,1016.127886627124,1016.1922726819996,-0.13,12.175,0.28,11.942049804015678,long_nclose,3.34377394512439,0.0032907018783073843,1.0
1704554280000.0,8118,1704554280000.0,0.01350651371890253,-0.00016989000000000001,1016.1412232508428,1016.1853127919995,-0.07,12.135,0.21,11.942049804015678,long_nclose,2.5078304588432925,0.0024679940164421556,3.0
1704554460000.0,8121,1704554460000.0,0.009647509799216093,-0.00012135000000000001,1016.1507494106421,1016.1822614419996,-0.05,12.135,0.16,11.942049804015678,long_nclose,1.9107279686425085,0.001880358765420104,3.0
1704554940000.0,8129,1704554940000.0,0.011647509799216138,-0.00012175000000000003,1016.1622751704414,1016.1875696919997,-0.05,12.175,0.11,11.942049804015678,long_nclose,1.3136254784417245,0.0012927319883247875,8.0
1704555300000.0,8135,1704555300000.0,0.003859003919686437,-4.854e-05,1016.1660856343611,1016.1837211519997,-0.02,12.135,0.09,11.942049804015678,long_nclose,1.074784482361411,0.0010576858424579838,6.0
1704555420000.0,8137,1704555420000.0,0.0069885058795296825,-7.305000000000001e-05,1016.1730010902407,1016.1857781019999,-0.03,12.175,0.06,11.942049804015678,long_nclose,0.7165229882409406,0.0007051190963272898,2.0
1704555540000.0,8139,1704555540000.0,0.0019295019598432185,-2.427e-05,1016.1749063222005,1016.1839538319997,-0.01,12.135,0.05,11.942049804015678,long_nclose,0.5971024902007839,0.0005875981452463258,2.0
1704555600000.0,8140,1704555600000.0,0.0019295019598432185,-2.427e-05,1016.1768115541603,1016.1846895619997,-0.01,12.135,0.04,11.942049804015678,long_nclose,0.4776819921606271,0.00047007763484589965,1.0
1704555900000.0,8145,1704555900000.0,0.0019295019598432185,-2.427e-05,1016.17871678612,1016.1847752919996,-0.01,12.135,0.03,11.942049804015678,long_nclose,0.3582614941204703,0.0003525575651235326,5.0
1704556440000.0,8154,1704556440000.0,0.002329501959843228,-2.4350000000000002e-05,1016.1810219380799,1016.1856009419996,-0.01,12.175,0.02,11.942049804015678,long_nclose,0.23884099608031356,0.0002350378435771133,9.0
1704556500000.0,8155,1704556500000.0,0.002329501959843228,-2.4350000000000002e-05,1016.1833270900397,1016.1856565919995,-0.01,12.175,0.01,11.942049804015678,long_nclose,0.11942049804015678,0.0001175186552038119,1.0
1704557220000.0,8167,1704557220000.0,0.002329501959843228,-2.4350000000000002e-05,1016.1856322419995,1016.1856322419995,-0.01,12.175,0.0,11.942049804015678,long_nclose,0.0,0.0,12.0
1704568740000.0,8359,1704568740000.0,0.0,-0.00662585,1016.1790063919996,1016.2285063919995,2.75,12.047,2.75,12.047,long_ientry_normal,33.12925,0.03260178550394114,192.0
1704586200000.0,8650,1704586200000.0,0.051750000000000095,-0.0010945800000000002,1016.2296618119996,1016.4596618119996,-0.45,12.162,2.3,12.047,long_nclose,27.708099999999998,0.0272655887160337,291.0
1704586260000.0,8651,1704586260000.0,0.04370000000000008,-0.0009243120000000002,1016.2724374999995,1016.4509974999994,-0.38,12.162,1.92,12.047,long_nclose,23.13024,0.022759881254774277,1.0
1704592320000.0,8752,1704592320000.0,0.0,-0.0020178479999999996,1016.2704196519994,1016.2123396519994,0.84,12.011,2.76,12.03604347826087,long_ientry_partial,33.21948,0.03268763840570634,101.0
1704616020000.0,9147,1704616020000.0,0.05287999999999958,-0.001117892,1016.3221817599994,1016.5888817599994,-0.46,12.151,2.3,12.03604347826087,long_nclose,27.6829,0.02723831133161001,395.0
1704616320000.0,9152,1704616320000.0,0.04368347826086921,-0.000923476,1016.3649417622602,1016.6182982839993,-0.38,12.151,1.92,12.03604347826087,long_nclose,23.10920347826087,0.022737111965109857,5.0
1704616560000.0,9156,1704616560000.0,0.03678608695652145,-0.0007776640000000001,1016.4009501852167,1016.6136806199994,-0.32,12.151,1.6,12.03604347826087,long_nclose,19.257669565217395,0.018946922040665257,4.0
1704617160000.0,9166,1704617160000.0,0.0,-0.0027800560000000004,1016.3981701292167,1016.2829405639993,1.16,11.983,2.76,12.013749842470071,long_ientry_partial,33.15794956521739,0.03262299218917519,10.0
1704642360000.0,9586,1704642360000.0,0.0,-0.006614591999999999,1016.3915555372167,1015.5749859719994,2.82,11.728,5.58,11.869338631759389,long_rentry,66.23090956521739,0.06516279007277943,420.0
1704646140000.0,9649,1704646140000.0,0.0,-0.006615924,1016.3849396132167,1014.7733100479993,2.87,11.526,8.45,11.752725392333419,long_rentry,99.31052956521738,0.0977095642552612,63.0
1704665820000.0,9977,1704665820000.0,0.0,-0.006629568000000001,1016.3783100452167,1013.0945104799994,2.92,11.352,11.37,11.649812626668197,long_rentry,132.4583695652174,0.13032388457731311,328.0
1704669780000.0,10043,1704669780000.0,0.0,-0.008461152,1016.3698488932167,1010.8615193279993,3.78,11.192,15.15,11.53558610991534,long_rentry,174.7641295652174,0.17194934477397972,66.0
1704675540000.0,10139,1704675540000.0,0.0,-0.011094048000000002,1016.3587548452167,1007.8711552799994,5.04,11.006,20.19,11.403386308331719,long_rentry,230.2343695652174,0.22652864302849465,96.0
1704680220000.0,10217,1704680220000.0,0.0,-0.014491008,1016.3442638372167,1005.1708842719993,6.72,10.782,26.91,11.248212915838625,long_rentry,302.6894095652174,0.29782173259128836,78.0
1704684360000.0,10286,1704684360000.0,0.0,-0.018809319999999997,1016.3254545172167,996.5139049519993,8.95,10.508,35.86,11.063469313028929,long_rentry,396.7360095652174,0.390363153655025,69.0
1704695340000.0,10469,1704695340000.0,0.6300182012172993,-0.013335785999999999,1016.9421369324341,1020.0964491659994,-5.97,11.169,29.89,11.063469313028929,long_nclose,330.6870977664347,0.32517788943620657,183.0
1704695400000.0,10470,1704695400000.0,0.5255428211159383,-0.011124324000000001,1017.45655542955,1020.2596948419994,-4.98,11.169,24.91,11.063469313028929,long_nclose,275.5910205875506,0.2708626910081694,1.0
1704714540000.0,10789,1704714540000.0,0.43795235092994855,-0.00927027,1017.88523751048,1020.1590945719995,-4.15,11.169,20.76,11.063469313028929,long_nclose,229.67762293848057,0.22564196284074298,319.0
1704714900000.0,10795,1704714900000.0,0.5915023509299445,-0.00930098,1018.46743888141,1021.5823235919995,-4.15,11.206,16.61,11.063469313028929,long_nclose,183.7642252894105,0.18043210639236543,6.0
1704714900000.0,10795,1704714900000.0,0.7450523509299479,-0.00933169,1019.20315954234,1021.5397919019996,-4.15,11.243,12.46,11.063469313028929,long_nclose,137.85082764034047,0.1352535324775098,0.0
1704715080000.0,10798,1704715080000.0,0.5583404364800332,-0.006993146,1019.7545068328201,1021.3863687559996,-3.11,11.243,9.35,11.063469313028929,long_nclose,103.44343807682048,0.10143954979723285,3.0
1704715140000.0,10799,1704715140000.0,0.4183065006425972,-0.005239238,1020.1675740954628,1021.4840395179997,-2.33,11.243,7.02,11.063469313028929,long_nclose,77.66555457746307,0.07613019326391124,1.0
1704715200000.0,10800,1704715200000.0,0.504341807512307,-0.005278572,1020.6666373309752,1021.7268009459998,-2.34,11.279,4.68,11.063469313028929,long_nclose,51.77703638497538,0.05072864585872171,1.0
1704715260000.0,10801,1704715260000.0,0.5909218075123088,-0.005295888,1021.2522632504875,1021.8431850579999,-2.34,11.316,2.34,11.063469313028929,long_nclose,25.88851819248769,0.025349778036318424,1.0
1704715320000.0,10802,1704715320000.0,0.2954609037561544,-0.002647944,1021.5450762102437,1021.8709571139998,-1.17,11.316,1.17,11.063469313028929,long_nclose,12.944259096243846,0.012671255921730656,1.0
1704715440000.0,10804,1704715440000.0,0.3387509037561533,-0.002656602,1021.8811705119998,1021.8811705119998,-1.17,11.353,0.0,11.063469313028929,long_nclose,0.0,0.0,2.0
1704760320000.0,11552,1704760320000.0,0.0,-0.006668172,1021.8745023399998,1021.9365423399998,2.82,11.823,2.82,11.823,long_ientry_normal,33.34086,0.03262715717404873,748.0
1704793620000.0,12107,1704793620000.0,0.0,-0.006670698,1021.8678316419998,1021.2496016419998,2.89,11.541,5.71,11.680271453590192,long_rentry,66.69435,0.06526710004446605,555.0
1704804960000.0,12296,1704804960000.0,0.0,-0.006669096000000001,1021.8611625459998,1019.7479825459999,2.94,11.342,8.65,11.565298265895953,long_rentry,100.03983,0.09789963026948549,189.0
1704804960000.0,12296,1704804960000.0,0.0,-0.00665732,1021.8545052259998,1020.1913052259998,2.98,11.17,11.63,11.464009458297504,long_rentry,133.32643,0.1304749642127503,0.0
1704839280000.0,12868,1704839280000.0,0.21228174548581727,-0.004467564,1022.0623194074856,1023.2553276619998,-1.93,11.574,9.7,11.464009458297504,long_nclose,111.20089174548578,0.10880050035496039,572.0
1704844260000.0,12951,1704844260000.0,0.1770847721410186,-0.0037268280000000006,1022.2356773516266,1023.1740408339998,-1.61,11.574,8.09,11.464009458297504,long_nclose,92.7438365176268,0.09072647195987561,83.0
1704844440000.0,12954,1704844440000.0,0.14738732588134465,-0.0031018320000000005,1022.379962845508,1023.1898990019998,-1.34,11.574,6.75,11.464009458297504,long_nclose,77.38206384350815,0.07568816551151576,3.0
1704844980000.0,12963,1704844980000.0,0.12318940670679554,-0.002592576,1022.5005596762148,1023.0409864259999,-1.12,11.574,5.63,11.464009458297504,long_nclose,64.54237325021495,0.06312209087753747,9.0
1704845040000.0,12964,1704845040000.0,0.1022912037833213,-0.002152764,1022.6006981159982,1023.1787536619998,-0.93,11.574,4.7,11.464009458297504,long_nclose,53.88084445399827,0.0526900133681371,1.0
1704845220000.0,12967,1704845220000.0,0.13911110920034647,-0.002183056,1022.7376261691985,1023.3767906059999,-0.94,11.612,3.76,11.464009458297504,long_nclose,43.10467556319861,0.04214636722093914,3.0
1704845520000.0,12972,1704845520000.0,0.17483110920034672,-0.0021902000000000002,1022.9102670783989,1023.431940406,-0.94,11.65,2.82,11.464009458297504,long_nclose,32.32850667239896,0.03160444049968775,5.0
1704845580000.0,12973,1704845580000.0,0.13019337919174756,-0.0016309999999999999,1023.0388294575906,1023.422529406,-0.7,11.65,2.12,11.464009458297504,long_nclose,24.30370005159071,0.02375638084477829,1.0
1704845640000.0,12974,1704845640000.0,0.09857498710232315,-0.0012349000000000001,1023.136169544693,1023.4525645059999,-0.53,11.65,1.59,11.464009458297504,long_nclose,18.227775038693032,0.017815590515976573,1.0
1704846000000.0,12980,1704846000000.0,0.07253631126397364,-0.0009087,1023.207797155957,1023.438185806,-0.39,11.65,1.2,11.464009458297504,long_nclose,13.756811349957005,0.013444787450012166,6.0
1704846240000.0,12984,1704846240000.0,0.055797162510748954,-0.0006990000000000001,1023.2628953184677,1023.4374868059999,-0.3,11.65,0.9,11.464009458297504,long_nclose,10.317608512467753,0.010083047630938115,4.0
1704846840000.0,12994,1704846840000.0,0.04091791917454923,-0.0005126000000000001,1023.3033006376423,1023.431134206,-0.22,11.65,0.68,11.464009458297504,long_nclose,7.795526431642303,0.007618001844404042,10.0
1704847200000.0,13000,1704847200000.0,0.03161839208942441,-0.00039610000000000003,1023.3345229297317,1023.426318106,-0.17,11.65,0.51,11.464009458297504,long_nclose,5.846644823731727,0.005713327062389345,6.0
1704847500000.0,13005,1704847500000.0,0.022318865004299582,-0.0002796,1023.3565621947361,1023.431828506,-0.12,11.65,0.39,11.464009458297504,long_nclose,4.470963688736027,0.004368920720210558,5.0
1704847980000.0,13013,1704847980000.0,0.00659943250214976,-0.000138888,1023.3630227392382,1023.399979618,-0.06,11.574,0.33,11.464009458297504,long_nclose,3.7831231212381766,0.003696755732986992,8.0
1704848100000.0,13015,1704848100000.0,0.008879432502149774,-0.000139344,1023.3717628277403,1023.419280274,-0.06,11.612,0.27,11.464009458297504,long_nclose,3.095282553740326,0.0030245924952898486,2.0
1704848280000.0,13018,1704848280000.0,0.007399527085124813,-0.00011612,1023.3790462348254,1023.4124841539999,-0.05,11.612,0.22,11.464009458297504,long_nclose,2.522082080825451,0.0024644652341716325,3.0
1704848400000.0,13020,1704848400000.0,0.0059196216680998505,-9.2896e-05,1023.3848729604936,1023.407731258,-0.04,11.612,0.18,11.464009458297504,long_nclose,2.0635217024935506,0.002016369165711921,2.0
1704848520000.0,13022,1704848520000.0,0.004439716251074887,-6.9672e-05,1023.3892430047447,1023.410991586,-0.03,11.612,0.15,11.464009458297504,long_nclose,1.7196014187446256,0.0016803004628969439,2.0
1704848640000.0,13024,1704848640000.0,0.004439716251074887,-6.9672e-05,1023.3936130489958,1023.4120919140001,-0.03,11.612,0.12,11.464009458297504,long_nclose,1.3756811349957003,0.0013442346302095188,2.0
1704848820000.0,13027,1704848820000.0,0.0055797162510748954,-6.99e-05,1023.3991228652469,1023.4161320140001,-0.03,11.65,0.09,11.464009458297504,long_nclose,1.0317608512467753,0.00100817054479988,3.0
1704849000000.0,13030,1704849000000.0,0.0037198108340499303,-4.660000000000001e-05,1023.4027960760809,1023.4168654140001,-0.02,11.65,0.07,11.464009458297504,long_nclose,0.8024806620808254,0.0007841298315362117,3.0
1704849180000.0,13033,1704849180000.0,0.004479810834049936,-4.675200000000001e-05,1023.4072291349149,1023.4184786620001,-0.02,11.688,0.05,11.464009458297504,long_nclose,0.5732004729148752,0.0005600903106766219,3.0
1704849360000.0,13036,1704849360000.0,0.0014799054170249626,-2.3224e-05,1023.408685816332,1023.414445438,-0.01,11.612,0.04,11.464009458297504,long_nclose,0.45856037833190016,0.00044807161077211786,3.0
1704849420000.0,13037,1704849420000.0,0.0014799054170249626,-2.3224e-05,1023.410142497749,1023.415242214,-0.01,11.612,0.03,11.464009458297504,long_nclose,0.3439202837489251,0.00033605322975356535,1.0
1704849660000.0,13041,1704849660000.0,0.0018599054170249651,-2.3300000000000004e-05,1023.4119791031661,1023.4163589140002,-0.01,11.65,0.02,11.464009458297504,long_nclose,0.22928018916595008,0.00022403508445042078,4.0
1704849960000.0,13046,1704849960000.0,0.0018599054170249651,-2.3300000000000004e-05,1023.4138157085832,1023.4156256140003,-0.01,11.65,0.01,11.464009458297504,long_nclose,0.11464009458297504,0.00011201734119995384,5.0
1704850140000.0,13049,1704850140000.0,0.0018599054170249651,-2.3300000000000004e-05,1023.4156523140003,1023.4156523140003,-0.01,11.65,0.0,11.464009458297504,long_nclose,0.0,0.0,3.0
1704864900000.0,13295,1704864900000.0,0.0,-0.00668044,1023.4089718740004,1023.3828718740003,2.9,11.518,2.9,11.518,long_ientry_normal,33.4022,0.032638173905038224,246.0
1704879720000.0,13542,1704879720000.0,0.05279999999999972,-0.001116288,1023.4606555860004,1023.7123355860003,-0.48,11.628,2.42,11.518,long_nclose,27.87356,0.02723461800692329,247.0
1704879780000.0,13543,1704879780000.0,0.043999999999999775,-0.00093024,1023.5037253460004,1023.7461253460003,-0.4,11.628,2.02,11.518,long_nclose,23.266360000000002,0.022732071631820096,1.0
1704879960000.0,13546,1704879960000.0,0.03629999999999981,-0.0007674480000000001,1023.5392578980003,1023.6998078980002,-0.33,11.628,1.69,11.518,long_nclose,19.46542,0.019017756133726926,3.0
1704880080000.0,13548,1704880080000.0,0.030799999999999845,-0.0006511680000000001,1023.5694067300003,1023.7287367300003,-0.28,11.628,1.41,11.518,long_nclose,16.240380000000002,0.015866417942172757,2.0
1704880380000.0,13553,1704880380000.0,0.02529999999999987,-0.0005348880000000001,1023.5941718420004,1023.7227918420003,-0.23,11.628,1.18,11.518,long_nclose,13.59124,0.013277957586981956,5.0
1704880440000.0,13554,1704880440000.0,0.02089999999999989,-0.00044186400000000004,1023.6146299780004,1023.7195699780004,-0.19,11.628,0.99,11.518,long_nclose,11.40282,0.011139758719788003,1.0
1704880500000.0,13555,1704880500000.0,0.01759999999999991,-0.00037209600000000004,1023.6318578820004,1023.7306278820004,-0.16,11.628,0.83,11.518,long_nclose,9.559940000000001,0.009339236490529418,1.0
1704880740000.0,13559,1704880740000.0,0.02367999999999995,-0.000373312,1023.6551645700005,1023.7563345700005,-0.16,11.666,0.67,11.518,long_nclose,7.717060000000001,0.00753873009886259,4.0
1704881340000.0,13569,1704881340000.0,0.01923999999999996,-0.00030331600000000003,1023.6741012540004,1023.7518612540005,-0.13,11.666,0.54,11.518,long_nclose,6.219720000000001,0.006075879024760757,10.0
1704881400000.0,13570,1704881400000.0,0.01479999999999997,-0.00023332000000000002,1023.6886679340005,1023.7577479340005,-0.1,11.666,0.44,11.518,long_nclose,5.06792,0.004950645795687113,1.0
1704881640000.0,13574,1704881640000.0,0.011839999999999976,-0.000186656,1023.7003212780005,1023.7557612780005,-0.08,11.666,0.36,11.518,long_nclose,4.14648,0.004050482268896313,4.0
1704881820000.0,13577,1704881820000.0,0.006599999999999965,-0.000139536,1023.7067817420005,1023.7403817420005,-0.06,11.628,0.3,11.518,long_nclose,3.4554,0.00337538058907853,3.0
1704882000000.0,13580,1704882000000.0,0.005499999999999972,-0.00011628,1023.7121654620005,1023.7399154620005,-0.05,11.628,0.25,11.518,long_nclose,2.8795,0.002812802364911317,3.0
1704882240000.0,13584,1704882240000.0,0.004399999999999978,-9.302400000000001e-05,1023.7164724380006,1023.7370524380005,-0.04,11.628,0.21,11.518,long_nclose,2.41878,0.0023627440459560336,4.0
1704882600000.0,13590,1704882600000.0,0.0032999999999999826,-6.9768e-05,1023.7197026700005,1023.7404026700005,-0.03,11.628,0.18,11.518,long_nclose,2.07324,0.0020252027919289897,6.0
1704883800000.0,13610,1704883800000.0,0.0032999999999999826,-6.9768e-05,1023.7229329020005,1023.7427329020005,-0.03,11.628,0.15,11.518,long_nclose,1.7277,0.0016876636680418981,20.0
1704884820000.0,13627,1704884820000.0,0.002199999999999989,-4.6512000000000005e-05,1023.7250863900005,1023.7400363900005,-0.02,11.628,0.13,11.518,long_nclose,1.4973400000000001,0.0014626387688516313,17.0
1704885600000.0,13640,1704885600000.0,0.002199999999999989,-4.6512000000000005e-05,1023.7272398780004,1023.7425298780005,-0.02,11.628,0.11,11.518,long_nclose,1.26698,0.0012376148163752959,13.0
1704886800000.0,13660,1704886800000.0,0.0010999999999999944,-2.3256000000000002e-05,1023.7283166220004,1023.7392166220004,-0.01,11.628,0.1,11.518,long_nclose,1.1518000000000002,0.0011251031951529857,20.0
1704886920000.0,13662,1704886920000.0,0.0010999999999999944,-2.3256000000000002e-05,1023.7293933660004,1023.7393833660004,-0.01,11.628,0.09,11.518,long_nclose,1.03662,0.001012591810606918,2.0
1704887100000.0,13665,1704887100000.0,0.0010999999999999944,-2.3256000000000002e-05,1023.7304701100004,1023.7401501100004,-0.01,11.628,0.08,11.518,long_nclose,0.92144,0.0009000806627363459,3.0
1704887220000.0,13667,1704887220000.0,0.001479999999999997,-2.3332e-05,1023.7319267780005,1023.7420067780005,-0.01,11.666,0.07,11.518,long_nclose,0.8062600000000001,0.0007875694592602465,2.0
1704887280000.0,13668,1704887280000.0,0.001479999999999997,-2.3332e-05,1023.7333834460005,1023.7416634460005,-0.01,11.666,0.06,11.518,long_nclose,0.69108,0.0006750585759680395,1.0
1704887580000.0,13673,1704887580000.0,0.0010999999999999944,-2.3256000000000002e-05,1023.7344601900005,1023.7402601900005,-0.01,11.628,0.05,11.518,long_nclose,0.5759000000000001,0.0005625482216287959,5.0
1704887940000.0,13679,1704887940000.0,0.001479999999999997,-2.3332e-05,1023.7359168580006,1023.7413968580006,-0.01,11.666,0.04,11.518,long_nclose,0.46072,0.00045003793694571055,6.0
1704888060000.0,13681,1704888060000.0,0.0010999999999999944,-2.3256000000000002e-05,1023.7369936020006,1023.7394236020006,-0.01,11.628,0.03,11.518,long_nclose,0.34554,0.0003375280977042977,2.0
1704889260000.0,13701,1704889260000.0,0.0,-0.006603296000000001,1023.7303903060006,1023.6516703060006,2.87,11.504,2.9,11.504144827586208,long_ientry_partial,33.36202,0.03258867795262759,20.0
1704891180000.0,13733,1704891180000.0,0.0,-0.006670620000000001,1023.7237196860005,1023.0402296860005,2.97,11.23,5.87,11.365437819420784,long_rentry,66.71512,0.065169067314825,32.0
1704901740000.0,13909,1704901740000.0,0.10530531516184002,-0.0022259560000000003,1023.8267990451624,1024.2852537300005,-0.97,11.474,4.9,11.365437819420784,long_nclose,55.690645315161845,0.05439459620230673,176.0
1704901860000.0,13911,1704901860000.0,0.08793536626916539,-0.0018587880000000003,1023.9128756234315,1024.2260149420006,-0.81,11.474,4.09,11.365437819420784,long_nclose,46.484640681431,0.045399019572957146,2.0
1704901980000.0,13913,1704901980000.0,0.07382228279386724,-0.0015604640000000003,1023.9851374422254,1024.3007744780007,-0.68,11.474,3.41,11.365437819420784,long_nclose,38.75614296422487,0.037848345202580194,2.0
1704902220000.0,13917,1704902220000.0,0.060794821124361256,-0.0012850880000000002,1024.0446471753498,1024.4651993900006,-0.56,11.474,2.85,11.365437819420784,long_nclose,32.39149778534924,0.03163094292294343,4.0
1704902220000.0,13917,1704902220000.0,0.0820748211243614,-0.0012893440000000002,1024.125432652474,1024.4633500460004,-0.56,11.512,2.29,11.365437819420784,long_nclose,26.026852606473597,0.025413735248293094,0.0
1704902340000.0,13919,1704902340000.0,0.06595298126064755,-0.0010360800000000002,1024.1903495537347,1024.4821039660005,-0.45,11.512,1.84,11.365437819420784,long_nclose,20.91240558773424,0.020418475527372717,2.0
1704902460000.0,13921,1704902460000.0,0.052762385008518035,-0.0008288640000000001,1024.2422830747432,1024.4710351020005,-0.36,11.512,1.48,11.365437819420784,long_nclose,16.820847972742758,0.016422723656991683,2.0
1704902880000.0,13928,1704902880000.0,0.042503032367972864,-0.0006676960000000001,1024.2841184111112,1024.4656674060004,-0.29,11.512,1.19,11.365437819420784,long_nclose,13.524871005110732,0.013204218206654192,7.0
1704903120000.0,13932,1704903120000.0,0.05323303236797258,-0.000669842,1024.336681601479,1024.5144875640003,-0.29,11.549,0.9,11.365437819420784,long_nclose,10.228894037478705,0.009985871072669721,4.0
1704903660000.0,13941,1704903660000.0,0.016284327086882478,-0.00034422,1024.352621708566,1024.4370433440004,-0.15,11.474,0.75,11.365437819420784,long_nclose,8.524078364565588,0.008321429734174816,9.0
1704903960000.0,13946,1704903960000.0,0.021984327086882516,-0.00034536,1024.3742606756527,1024.4681979840002,-0.15,11.512,0.6,11.365437819420784,long_nclose,6.81926269165247,0.006657003161280768,5.0
1704904740000.0,13959,1704904740000.0,0.010856218057921653,-0.00022948,1024.3848874137107,1024.4331685040004,-0.1,11.474,0.5,11.365437819420784,long_nclose,5.682718909710392,0.005547445085858002,13.0
1704904800000.0,13960,1704904800000.0,0.008684974446337321,-0.000183584,1024.393388804157,1024.4423449200003,-0.08,11.474,0.42,11.365437819420784,long_nclose,4.773483884156729,0.004659815200222188,1.0
1704905340000.0,13969,1704905340000.0,0.007599352640545157,-0.00016063600000000003,1024.4008275207975,1024.4409242840002,-0.07,11.474,0.35,11.365437819420784,long_nclose,3.977903236797274,0.0038831511356979204,9.0
1704908100000.0,14015,1704908100000.0,0.005428109028960826,-0.00011474,1024.4061408898265,1024.4390095440003,-0.05,11.474,0.3,11.365437819420784,long_nclose,3.409631345826235,0.0033283979954127746,46.0
1704908220000.0,14017,1704908220000.0,0.008793730834753006,-0.000138144,1024.4147964766612,1024.4506914,-0.06,11.512,0.24,11.365437819420784,long_nclose,2.727705076660988,0.002662695898226546,2.0
1704908340000.0,14019,1704908340000.0,0.005862487223168671,-9.209600000000001e-05,1024.4205668678844,1024.4506793040002,-0.04,11.512,0.2,11.365437819420784,long_nclose,2.273087563884157,0.002218900749751648,2.0
1704908520000.0,14022,1704908520000.0,0.00917810902896079,-0.00011549000000000001,1024.4296294869132,1024.4595638140001,-0.05,11.549,0.15,11.365437819420784,long_nclose,1.7048156729131174,0.0016641608401808687,3.0
1704908640000.0,14024,1704908640000.0,0.011078109028960803,-0.00011587000000000001,1024.440591725942,1024.463147944,-0.05,11.587,0.1,11.365437819420784,long_nclose,1.1365437819420785,0.001109428688321759,2.0
1704908760000.0,14026,1704908760000.0,0.003671243611584316,-4.6196e-05,1024.4442167735535,1024.459221748,-0.02,11.549,0.08,11.365437819420784,long_nclose,0.9092350255536628,0.0008875398100418415,2.0
1704909120000.0,14032,1704909120000.0,0.003671243611584316,-4.6196e-05,1024.447841821165,1024.4587955519996,-0.02,11.549,0.06,11.365437819420784,long_nclose,0.681926269165247,0.0006656525020863766,6.0
1704909180000.0,14033,1704909180000.0,0.001835621805792158,-2.3098e-05,1024.449654344971,1024.459582454,-0.01,11.549,0.05,11.365437819420784,long_nclose,0.5682718909710393,0.0005547094369751046,1.0
1704909420000.0,14037,1704909420000.0,0.0022156218057921605,-2.3174000000000002e-05,1024.4518467927767,1024.4611892799999,-0.01,11.587,0.04,11.365437819420784,long_nclose,0.4546175127768314,0.00044376659986517664,4.0
1704909540000.0,14039,1704909540000.0,0.0022156218057921605,-2.3174000000000002e-05,1024.4540392405825,1024.4608361059998,-0.01,11.587,0.03,11.365437819420784,long_nclose,0.3409631345826235,0.000332824237615751,2.0
1704909780000.0,14043,1704909780000.0,0.0025956218057921632,-2.3250000000000003e-05,1024.4566116123883,1024.462642856,-0.01,11.625,0.02,11.365437819420784,long_nclose,0.2273087563884157,0.0002218822679377854,4.0
1704909780000.0,14043,1704909780000.0,0.005951243611584332,-4.665200000000001e-05,1024.462516204,1024.462516204,-0.02,11.663,0.0,11.365437819420784,long_nclose,0.0,0.0,0.0
1704917460000.0,14171,1704917460000.0,0.0,-0.006686598000000001,1024.455829606,1024.470379606,2.91,11.489,2.91,11.489,long_ientry_normal,33.432990000000004,0.03263487700866337,128.0
1704919620000.0,14207,1704919620000.0,0.05279999999999972,-0.001113504,1024.507516102,1024.825846102,-0.48,11.599,2.43,11.489,long_nclose,27.918270000000003,0.02725042965640914,36.0
1704919860000.0,14211,1704919860000.0,0.043999999999999775,-0.0009279200000000002,1024.550588182,1024.800278182,-0.4,11.599,2.03,11.489,long_nclose,23.32267,0.02276380519324536,4.0
1704920040000.0,14214,1704920040000.0,0.03629999999999981,-0.0007655340000000001,1024.586122648,1024.7612226479998,-0.33,11.599,1.7,11.489,long_nclose,19.5313,0.01906262398862301,3.0
1704920100000.0,14215,1704920100000.0,0.030799999999999845,-0.0006495440000000001,1024.616273104,1024.732713104,-0.28,11.599,1.42,11.489,long_nclose,16.31438,0.015922429135911322,1.0
1704920160000.0,14216,1704920160000.0,0.02529999999999987,-0.000533554,1024.64103955,1024.78383955,-0.23,11.599,1.19,11.489,long_nclose,13.67191,0.0133431216126229,1.0
1704920220000.0,14217,1704920220000.0,0.03403999999999993,-0.0005353020000000001,1024.674544248,1024.823344248,-0.23,11.637,0.96,11.489,long_nclose,11.029440000000001,0.010763846981379256,1.0
1704920280000.0,14218,1704920280000.0,0.044639999999999985,-0.0005604000000000001,1024.718623848,1024.8777438480001,-0.24,11.675,0.72,11.489,long_nclose,8.27208,0.00807253797041072,1.0
1704920400000.0,14220,1704920400000.0,0.05375999999999962,-0.000562224,1024.771821624,1024.869261624,-0.24,11.713,0.48,11.489,long_nclose,5.5147200000000005,0.0053814126068187414,2.0
1704920460000.0,14221,1704920460000.0,0.03583999999999975,-0.00037481600000000004,1024.807286808,1024.880246808,-0.16,11.713,0.32,11.489,long_nclose,3.67648,0.0035874842493082283,1.0
1704920700000.0,14225,1704920700000.0,0.022399999999999844,-0.00023426000000000002,1024.829452548,1024.8888525480002,-0.1,11.713,0.22,11.489,long_nclose,2.5275800000000004,0.0024663420764457545,4.0
1704920700000.0,14225,1704920700000.0,0.02619999999999987,-0.00023502,1024.855417528,1024.8878175280001,-0.1,11.751,0.12,11.489,long_nclose,1.3786800000000001,0.001345243413285985,0.0
1704920820000.0,14227,1704920820000.0,0.03599999999999987,-0.000282936,1024.891134592,1024.891134592,-0.12,11.789,0.0,11.489,long_nclose,0.0,0.0,2.0
1704951480000.0,14738,1704951480000.0,0.0,-0.006684650000000001,1024.8844499420002,1024.8279599420002,2.69,12.425,2.69,12.425,long_ientry_normal,33.42325,0.03261172515778874,511.0
1704962160000.0,14916,1704962160000.0,0.0523599999999999,-0.001103872,1024.9357060700002,1025.2462060700002,-0.44,12.544,2.25,12.425,long_nclose,27.95625,0.02727610115876934,178.0
1704962400000.0,14920,1704962400000.0,0.07200000000000006,-0.0011326500000000002,1025.00657342,1025.24417342,-0.45,12.585,1.8,12.425,long_nclose,22.365000000000002,0.02181937226546533,4.0
1704962520000.0,14922,1704962520000.0,0.03569999999999993,-0.0007526400000000001,1025.04152078,1025.20502078,-0.3,12.544,1.5,12.425,long_nclose,18.637500000000003,0.018182190303684377,2.0
1704962580000.0,14923,1704962580000.0,0.029749999999999943,-0.0006272000000000001,1025.0706435799998,1025.2168935799998,-0.25,12.544,1.25,12.425,long_nclose,15.53125,0.015151394781688421,1.0
1704962640000.0,14924,1704962640000.0,0.023799999999999957,-0.0005017600000000001,1025.0939418199998,1025.2199418199998,-0.2,12.544,1.05,12.425,long_nclose,13.04625,0.012726882354642616,1.0
1704963060000.0,14931,1704963060000.0,0.020229999999999963,-0.00042649600000000006,1025.1137453239999,1025.222865324,-0.17,12.544,0.88,12.425,long_nclose,10.934000000000001,0.010666133441166742,7.0
1704963600000.0,14940,1704963600000.0,0.027200000000000026,-0.0004278900000000001,1025.1405174339998,1025.2583774339998,-0.17,12.585,0.71,12.425,long_nclose,8.82175,0.00860540564924843,9.0
1704964200000.0,14950,1704964200000.0,0.02240000000000002,-0.00035238000000000007,1025.1625650539997,1025.2514850539997,-0.14,12.585,0.57,12.425,long_nclose,7.08225,0.006908416519897942,10.0
1704964260000.0,14951,1704964260000.0,0.017600000000000015,-0.0002768700000000001,1025.1798881839995,1025.2571681839995,-0.11,12.585,0.46,12.425,long_nclose,5.7155000000000005,0.005575119123849005,1.0
1704964860000.0,14961,1704964860000.0,0.014400000000000012,-0.00022653,1025.1940616539996,1025.2602916539995,-0.09,12.585,0.37,12.425,long_nclose,4.59725,0.004484272950804079,10.0
1704965520000.0,14972,1704965520000.0,0.01120000000000001,-0.00017619000000000003,1025.2050854639995,1025.2575854639995,-0.07,12.585,0.3,12.425,long_nclose,3.7275,0.0036358578911193794,11.0
1704965820000.0,14977,1704965820000.0,0.009600000000000008,-0.00015102,1025.2145344439996,1025.2555744439996,-0.06,12.585,0.24,12.425,long_nclose,2.982,0.0029086595047320665,5.0
1704966120000.0,14982,1704966120000.0,0.012059999999999923,-0.000151512,1025.2264429319996,1025.2608229319997,-0.06,12.626,0.18,12.425,long_nclose,2.2365,0.00218146928946149,5.0
1704966360000.0,14986,1704966360000.0,0.00803999999999995,-0.00010100799999999999,1025.2343819239995,1025.2637819239994,-0.04,12.626,0.14,12.425,long_nclose,1.7395000000000003,0.0016966851977160372,4.0
1704966960000.0,14996,1704966960000.0,0.0032000000000000028,-5.034000000000001e-05,1025.2375315839997,1025.2578115839997,-0.02,12.585,0.12,12.425,long_nclose,1.491,0.0014542971302429729,10.0
1704967260000.0,15001,1704967260000.0,0.0032000000000000028,-5.034000000000001e-05,1025.240681244,1025.256881244,-0.02,12.585,0.1,12.425,long_nclose,1.2425000000000002,0.001211910552059233,5.0
1704968160000.0,15016,1704968160000.0,0.004019999999999975,-5.0503999999999996e-05,1025.24465074,1025.26129074,-0.02,12.626,0.08,12.425,long_nclose,0.9940000000000001,0.0009695246878708919,15.0
1704968280000.0,15018,1704968280000.0,0.004019999999999975,-5.0503999999999996e-05,1025.248620236,1025.2611002360002,-0.02,12.626,0.06,12.425,long_nclose,0.7455,0.0007271407005925985,2.0
1704969060000.0,15031,1704969060000.0,0.0020099999999999875,-2.5251999999999998e-05,1025.2506049840001,1025.2590549840002,-0.01,12.626,0.05,12.425,long_nclose,0.6212500000000001,0.000605949410787907,13.0
1704969240000.0,15034,1704969240000.0,0.0016000000000000014,-2.5170000000000005e-05,1025.252179814,1025.258939814,-0.01,12.585,0.04,12.425,long_nclose,0.49700000000000005,0.00048475878401952303,3.0
1704969300000.0,15035,1704969300000.0,0.0020099999999999875,-2.5251999999999998e-05,1025.2541645620001,1025.2605245620002,-0.01,12.626,0.03,12.425,long_nclose,0.37275,0.0003635683841959744,1.0
1704969720000.0,15042,1704969720000.0,0.002419999999999991,-2.5334000000000002e-05,1025.2565592280002,1025.2614792280003,-0.01,12.667,0.02,12.425,long_nclose,0.24850000000000003,0.0002423783566789527,7.0
1704970200000.0,15050,1704970200000.0,0.0028399999999999892,-2.5418000000000003e-05,1025.2593738100004,1025.2624038100005,-0.01,12.709,0.01,12.425,long_nclose,0.12425000000000001,0.00012118884564621971,8.0
1704970740000.0,15059,1704970740000.0,0.0028399999999999892,-2.5418000000000003e-05,1025.2621883920006,1025.2621883920006,-0.01,12.709,0.0,12.425,long_nclose,0.0,0.0,9.0
1704987720000.0,15342,1704987720000.0,0.0,-0.006671682,1025.2555167100006,1025.1015267100006,2.61,12.781,2.61,12.781,long_ientry_normal,33.35841,0.0325366793509638,283.0
1705003740000.0,15609,1705003740000.0,0.05245999999999995,-0.001109658,1025.3068670520008,1025.5750070520007,-0.43,12.903,2.18,12.781,long_nclose,27.862580000000005,0.027174869198049456,267.0
1705003860000.0,15611,1705003860000.0,0.04391999999999996,-0.0009290160000000001,1025.3498580360008,1025.5791780360007,-0.36,12.903,1.82,12.781,long_nclose,23.26142,0.02268632488481144,2.0
1705003980000.0,15613,1705003980000.0,0.036599999999999966,-0.00077418,1025.3856838560007,1025.5832838560007,-0.3,12.903,1.52,12.781,long_nclose,19.427120000000002,0.018946158802357765,2.0
1705005360000.0,15636,1705005360000.0,0.0,-0.0028028000000000003,1025.3828810560008,1025.3520010560007,1.1,12.74,2.62,12.763786259541984,long_ientry_partial,33.44112,0.03261330047324403,23.0
1705016700000.0,15825,1705016700000.0,0.05255190839694656,-0.0011081959999999999,1025.4343247683978,1025.7129228600008,-0.43,12.886,2.19,12.763786259541984,long_nclose,27.952691908396943,0.02725936828251802,189.0
1705017060000.0,15831,1705017060000.0,0.04399694656488549,-0.0009277920000000001,1025.4773939229626,1025.7504550680007,-0.36,12.886,1.83,12.763786259541984,long_nclose,23.35772885496183,0.022777419564176705,6.0
1705017300000.0,15835,1705017300000.0,0.05911694656488606,-0.0009308160000000001,1025.5355800535276,1025.8460642520008,-0.36,12.928,1.47,12.763786259541984,long_nclose,18.762765801526715,0.018295577614720494,4.0
1705017300000.0,15835,1705017300000.0,0.074236946564886,-0.00093384,1025.6088831600925,1025.843330412001,-0.36,12.97,1.11,12.763786259541984,long_nclose,14.167802748091603,0.013814040596487382,0.0
1705017360000.0,15836,1705017360000.0,0.0922090839694659,-0.0009629619999999999,1025.700129282062,1025.882327450001,-0.37,13.013,0.74,12.763786259541984,long_nclose,9.445201832061068,0.009208541134407605,1.0
1705017420000.0,15837,1705017420000.0,0.05981129770992382,-0.000624624,1025.759315955772,1025.861422826001,-0.24,13.013,0.5,12.763786259541984,long_nclose,6.381893129770992,0.006221628242122796,1.0
1705017480000.0,15838,1705017480000.0,0.024745648854962,-0.00031128000000000004,1025.7837503246271,1025.873131546001,-0.12,12.97,0.38,12.763786259541984,long_nclose,4.850238778625954,0.004728324831711373,1.0
1705017600000.0,15840,1705017600000.0,0.02990564885496191,-0.000312312,1025.8133436614821,1025.8958192340012,-0.12,13.013,0.26,12.763786259541984,long_nclose,3.318584427480916,0.003235076291399897,2.0
1705017600000.0,15840,1705017600000.0,0.03494564885496189,-0.00031332,1025.847975990337,1025.8923859140011,-0.12,13.055,0.14,12.763786259541984,long_nclose,1.786930076335878,0.0017419053487051086,0.0
1705017660000.0,15841,1705017660000.0,0.046649923664122184,-0.00036671600000000006,1025.8942591980012,1025.8942591980012,-0.14,13.097,0.0,12.763786259541984,long_nclose,0.0,0.0,1.0
1705042980000.0,16263,1705042980000.0,0.0,-0.006685184000000001,1025.8875740140013,1025.8747740140013,2.56,13.057,2.56,13.057,long_ientry_normal,33.425920000000005,0.032582439681196305,422.0
1705068900000.0,16695,1705068900000.0,0.0525,-0.0011072880000000001,1025.9389667260014,1026.1165867260013,-0.42,13.182,2.14,13.057,long_nclose,27.94198,0.027235518784483888,432.0
1705069620000.0,16707,1705069620000.0,0.04375,-0.00092274,1025.9817939860013,1026.2234439860013,-0.35,13.182,1.79,13.057,long_nclose,23.372030000000002,0.022780160561327558,12.0
1705069860000.0,16711,1705069860000.0,0.03625,-0.000764556,1026.0172794300015,1026.2227794300015,-0.29,13.182,1.5,13.057,long_nclose,19.5855,0.019088859800568486,4.0
1705070100000.0,16715,1705070100000.0,0.03125,-0.0006591,1026.0478703300016,1026.1653703300017,-0.25,13.182,1.25,13.057,long_nclose,16.32125,0.015906908899631256,4.0
1705070160000.0,16716,1705070160000.0,0.025,-0.0005272800000000001,1026.0723430500018,1026.2035930500017,-0.2,13.182,1.05,13.057,long_nclose,13.709850000000001,0.013361484785027388,1.0
1705070220000.0,16717,1705070220000.0,0.02125,-0.000448188,1026.0931448620017,1026.1925848620017,-0.17,13.182,0.88,13.057,long_nclose,11.490160000000001,0.01119796975307276,1.0
1705072620000.0,16757,1705072620000.0,0.0,-0.004401436,1026.0887434260017,1026.0630834260016,1.69,13.022,2.57,13.033984435797667,long_ientry_partial,33.49734,0.03264565586028741,40.0
1705073940000.0,16779,1705073940000.0,0.0,-0.006692824000000001,1026.0820506020016,1025.0305906020017,2.63,12.724,5.2,12.877203846153845,long_rentry,66.96146,0.06525936201760256,22.0
1705078380000.0,16853,1705078380000.0,0.0,-0.006677136,1026.0753734660016,1024.0560134660016,2.67,12.504,7.87,12.75058958068615,long_rentry,100.34714,0.09779704551434197,74.0
1705079880000.0,16878,1705079880000.0,0.0,-0.0066993600000000006,1026.0686741060015,1022.7147141060015,2.72,12.315,10.59,12.638710103871578,long_rentry,133.84394,0.13044345215647116,25.0
1705097100000.0,17165,1705097100000.0,0.0,-0.008547968000000001,1026.0601261380016,1022.0980861380016,3.52,12.142,14.11,12.514796598157336,long_rentry,176.58378,0.1720988619493923,287.0
1705098060000.0,17181,1705098060000.0,0.0,-0.011199720000000002,1026.0489264180017,1018.1829464180016,4.69,11.94,18.8,12.37140319148936,long_rentry,232.58237999999997,0.226677670052206,16.0
1705224540000.0,19289,1705224540000.0,0.37120801063830294,-0.00781874,1026.41231568864,1028.2080476780018,-3.13,12.49,15.67,12.37140319148936,long_nclose,193.8598880106383,0.18887135807657754,2108.0
1705226580000.0,19323,1705226580000.0,0.3095376702127702,-0.00651978,1026.715333578853,1028.303387898002,-2.61,12.49,13.06,12.37140319148936,long_nclose,161.57052568085106,0.15736642903506637,34.0
1705226760000.0,19326,1705226760000.0,0.2573550744680886,-0.005420660000000001,1026.967267993321,1028.2696772380018,-2.17,12.49,10.89,12.37140319148936,long_nclose,134.72458075531915,0.13118683034423193,3.0
1705226940000.0,19329,1705226940000.0,0.21466022340425825,-0.00452138,1027.1774068367254,1028.281505858002,-1.81,12.49,9.08,12.37140319148936,long_nclose,112.3323409787234,0.10936021395238801,3.0
1705227180000.0,19333,1705227180000.0,0.17908118085106628,-0.0037719800000000003,1027.3527160375763,1028.2807738780018,-1.51,12.49,7.57,12.37140319148936,long_nclose,93.65152215957445,0.09115810052148543,4.0
1705227660000.0,19341,1705227660000.0,0.1494319787234063,-0.0031474800000000002,1027.4990005362997,1028.2662763980018,-1.26,12.49,6.31,12.37140319148936,long_nclose,78.06355413829786,0.075974335836388,8.0
1705227900000.0,19345,1705227900000.0,0.12452664893617192,-0.0026229000000000005,1027.6209042852358,1028.2605034980018,-1.05,12.49,5.26,12.37140319148936,long_nclose,65.07358078723404,0.0633245008114117,4.0
1705228020000.0,19347,1705228020000.0,0.10317922340425673,-0.00217326,1027.7219102486401,1028.2513302380019,-0.87,12.49,4.39,12.37140319148936,long_nclose,54.31046001063829,0.05284548229345308,2.0
1705228320000.0,19352,1705228320000.0,0.08657567021276713,-0.00182354,1027.806662378853,1028.2480466980019,-0.73,12.49,3.66,12.37140319148936,long_nclose,45.27933568085106,0.04405433175151082,5.0
1705228920000.0,19362,1705228920000.0,0.07234405319149034,-0.00152378,1027.8774826520444,1028.2361529180018,-0.61,12.49,3.05,12.37140319148936,long_nclose,37.732779734042545,0.036709413690712976,10.0
1705228980000.0,19363,1705228980000.0,0.05929840425531996,-0.0012490000000000001,1027.9355320562997,1028.253253918002,-0.5,12.49,2.55,12.37140319148936,long_nclose,31.547078138297866,0.03068974381612294,1.0
1705261920000.0,19912,1705261920000.0,0.0,-0.0066928740000000006,1027.9288391822997,1027.2202310440018,2.77,12.081,5.32,12.220197018477043,long_rentry,65.01144813829787,0.06324508629411875,549.0
1705330380000.0,21053,1705330380000.0,0.0,-0.00669468,1027.9221445022997,1026.1649163640018,2.82,11.87,8.14,12.098875692665585,long_rentry,98.48484813829786,0.09580963759272094,1141.0
1705440060000.0,22881,1705440060000.0,0.15676781490146016,-0.0032980500000000003,1028.0756142672012,1028.9252083140018,-1.35,12.215,6.79,12.098875692665585,long_nclose,82.15136595319932,0.07990790250555231,1828.0
1705440480000.0,22888,1705440480000.0,0.13122046728788886,-0.00276059,1028.2040741444891,1028.8839777240019,-1.13,12.215,5.66,12.098875692665585,long_nclose,68.47963642048721,0.0666012109293238,7.0
1705440780000.0,22893,1705440780000.0,0.17642046728788988,-0.0027696300000000004,1028.377724981777,1029.1347980940018,-1.13,12.255,4.53,12.098875692665585,long_nclose,54.807906887775104,0.05329550179506884,5.0
1705441080000.0,22898,1705441080000.0,0.14051187660097428,-0.0022059000000000002,1028.516030958378,1029.1154321940019,-0.9,12.255,3.63,12.098875692665585,long_nclose,43.91891876437607,0.04270124863630189,5.0
1705441800000.0,22910,1705441800000.0,0.06967458440064896,-0.0014658,1028.5842397427787,1028.948216394002,-0.6,12.215,3.03,12.098875692665585,long_nclose,36.65959334877672,0.035640827393917975,12.0
1705442700000.0,22925,1705442700000.0,0.05806215366720746,-0.0012215000000000001,1028.641080396446,1028.922224894002,-0.5,12.215,2.53,12.098875692665585,long_nclose,30.610155502443927,0.029757858290713556,15.0
1705444260000.0,22951,1705444260000.0,0.048772209080454265,-0.00102606,1028.6888265455264,1028.933848834002,-0.42,12.215,2.11,12.098875692665585,long_nclose,25.528627711524383,0.024816666666102424,26.0
1705446120000.0,22982,1705446120000.0,0.04064350756704522,-0.00085505,1028.7286150030934,1028.936513784002,-0.35,12.215,1.76,12.098875692665585,long_nclose,21.29402121909143,0.020699357350944688,31.0
1705446300000.0,22985,1705446300000.0,0.03367604912698033,-0.00070847,1028.7615825822204,1028.951395314002,-0.29,12.215,1.47,12.098875692665585,long_nclose,17.78534726821841,0.017288113756713862,3.0
1705446720000.0,22992,1705446720000.0,0.02786983376025958,-0.00058632,1028.7888660959807,1028.936618994002,-0.24,12.215,1.23,12.098875692665585,long_nclose,14.88161710197867,0.014465180944707359,7.0
1705446900000.0,22995,1705446900000.0,0.023224861466882987,-0.0004886000000000001,1028.8116023574476,1028.921940394002,-0.2,12.215,1.03,12.098875692665585,long_nclose,12.461841963445552,0.01211285130814052,3.0
1705449600000.0,23040,1705449600000.0,0.019741132246850538,-0.00041531000000000006,1028.8309281796944,1028.932515084002,-0.17,12.215,0.86,12.098875692665585,long_nclose,10.405033095692403,0.01011345286256312,45.0
1705449780000.0,23043,1705449780000.0,0.01625740302681809,-0.00034202000000000006,1028.8468435627212,1028.941253064002,-0.14,12.215,0.72,12.098875692665585,long_nclose,8.71119049871922,0.008466945836713513,3.0
1705449840000.0,23044,1705449840000.0,0.021857403026818222,-0.0003431400000000001,1028.868357825748,1028.991969924002,-0.14,12.255,0.58,12.098875692665585,long_nclose,7.017347901746039,0.006820452634558051,1.0
1705449840000.0,23044,1705449840000.0,0.0274574030268181,-0.00034426000000000004,1028.8954709687748,1028.989245664002,-0.14,12.295,0.44,12.098875692665585,long_nclose,5.3235053047728575,0.0051740001341053785,0.0
1705449900000.0,23045,1705449900000.0,0.033057403026818234,-0.00034538000000000006,1028.9281829918016,1029.008020284002,-0.14,12.335,0.3,12.098875692665585,long_nclose,3.6296627077996755,0.003527615209494749,1.0
1705449960000.0,23046,1705449960000.0,0.04141864610016226,-0.00037125,1028.9692303879017,1029.0107990340018,-0.15,12.375,0.15,12.098875692665585,long_nclose,1.8148313538998377,0.0017637372433534102,1.0
1705450020000.0,23047,1705450020000.0,0.04741864610016213,-0.00037245,1029.0162765840018,1029.0162765840018,-0.15,12.415,0.0,12.098875692665585,long_nclose,0.0,0.0,1.0
1705464840000.0,23294,1705464840000.0,0.0,-0.0067188000000000005,1029.0095577840018,1029.0068077840017,2.75,12.216,2.75,12.216,long_ientry_normal,33.594,0.032646927082334916,247.0
1705477800000.0,23510,1705477800000.0,0.0,-0.0067018500000000005,1029.002855934002,1028.252645934002,2.81,11.925,5.56,12.068929856115108,long_rentry,67.10325,0.06521191813320279,216.0
1705543980000.0,24613,1705543980000.0,0.10586453237409962,-0.002241856,1029.1064786103761,1029.686804078002,-0.92,12.184,4.64,12.068929856115108,long_nclose,55.9998345323741,0.05441597706001408,1103.0
1705544280000.0,24618,1705544280000.0,0.088604010791366,-0.001876336,1029.1932062851677,1029.6114377420022,-0.77,12.184,3.87,12.068929856115108,long_nclose,46.70675854316547,0.04538191493874282,5.0
1705552020000.0,24747,1705552020000.0,0.07364489208633017,-0.0015595519999999999,1029.2652916252541,1029.7500181900023,-0.64,12.184,3.23,12.068929856115108,long_nclose,38.9826434352518,0.03787424267818896,129.0
1705552200000.0,24750,1705552200000.0,0.09924489208633076,-0.001564672,1029.3629718453403,1029.7412935180023,-0.64,12.224,2.59,12.068929856115108,long_nclose,31.25852832733813,0.030366866870391623,3.0
1705552260000.0,24751,1705552260000.0,0.07908577338129483,-0.001246848,1029.4408107707218,1029.7675166700024,-0.51,12.224,2.08,12.068929856115108,long_nclose,25.103374100719428,0.024385446776609754,1.0
1705552440000.0,24754,1705552440000.0,0.06357875899280564,-0.001002368,1029.5033871617147,1029.7840643020024,-0.41,12.224,1.67,12.068929856115108,long_nclose,20.15511285971223,0.019577510002447673,3.0
1705552680000.0,24758,1705552680000.0,0.051173147482014306,-0.0008067840000000001,1029.5537535251967,1029.7628875180026,-0.33,12.224,1.34,12.068929856115108,long_nclose,16.172366007194245,0.015708131753024056,4.0
1705552860000.0,24761,1705552860000.0,0.06437314748201402,-0.000809424,1029.6173172486788,1029.8234280940026,-0.33,12.264,1.01,12.068929856115108,long_nclose,12.18961915467626,0.011838980318677136,3.0
1705552980000.0,24763,1705552980000.0,0.04876753597122274,-0.0006131999999999999,1029.6654715846498,1029.8160048940024,-0.25,12.264,0.76,12.068929856115108,long_nclose,9.172386690647482,0.00890812302031574,2.0
1705553100000.0,24765,1705553100000.0,0.03706332733812928,-0.00046603199999999996,1029.7020688799878,1029.808698862002,-0.19,12.264,0.57,12.068929856115108,long_nclose,6.879290017985611,0.006680854808292509,2.0
1705553340000.0,24769,1705553340000.0,0.017057715827338102,-0.00026892800000000004,1029.7188576678152,1029.8044499340022,-0.11,12.224,0.46,12.068929856115108,long_nclose,5.55170773381295,0.005391479132844936,4.0
1705553700000.0,24775,1705553700000.0,0.013956312949640262,-0.00022003200000000002,1029.7325939487648,1029.7973699020022,-0.09,12.224,0.37,12.068929856115108,long_nclose,4.46550404676259,0.0043365666708077176,6.0
1705553700000.0,24775,1705553700000.0,0.017556312949640187,-0.00022075199999999998,1029.7499295097145,1029.7989491500023,-0.09,12.264,0.28,12.068929856115108,long_nclose,3.379300359712231,0.00328167088229002,0.0
1705553820000.0,24777,1705553820000.0,0.0077535071942445915,-0.00012224000000000002,1029.7575607769086,1029.798516910002,-0.05,12.224,0.23,12.068929856115108,long_nclose,2.775853866906475,0.002695638247911684,2.0
1705554480000.0,24788,1705554480000.0,0.006202805755395673,-9.7792e-05,1029.7636657906642,1029.7938891180022,-0.04,12.224,0.19,12.068929856115108,long_nclose,2.2930966726618704,0.0022268183942003865,11.0
1705554720000.0,24792,1705554720000.0,0.004652104316546755,-7.334400000000001e-05,1029.7682445509809,1029.7954557740024,-0.03,12.224,0.16,12.068929856115108,long_nclose,1.9310287769784173,0.0018752071518969991,4.0
1705554780000.0,24793,1705554780000.0,0.007802805755395639,-9.8112e-05,1029.7759492447362,1029.7975576620024,-0.04,12.264,0.12,12.068929856115108,long_nclose,1.4482715827338128,0.001406394841320592,1.0
1705557840000.0,24844,1705557840000.0,0.0023014028776978178,-4.8735999999999996e-05,1029.778201911614,1029.7912089260024,-0.02,12.184,0.1,12.068929856115108,long_nclose,1.206892985611511,0.0011719931373290991,51.0
1705558980000.0,24863,1705558980000.0,0.0031014028776978364,-4.8896e-05,1029.7812544184917,1029.7941400300024,-0.02,12.224,0.08,12.068929856115108,long_nclose,0.9655143884892087,0.0009375917306189711,19.0
1705559160000.0,24866,1705559160000.0,0.0015507014388489182,-2.4448e-05,1029.7827806719306,1029.7941255820026,-0.01,12.224,0.07,12.068929856115108,long_nclose,0.8448250899280577,0.0008203915483776215,3.0
1705559340000.0,24869,1705559340000.0,0.0015507014388489182,-2.4448e-05,1029.7843069253695,1029.7938511340026,-0.01,12.224,0.06,12.068929856115108,long_nclose,0.7241357913669064,0.0007031917135433546,3.0
1705559820000.0,24877,1705559820000.0,0.0015507014388489182,-2.4448e-05,1029.7858331788084,1029.7938366860026,-0.01,12.224,0.05,12.068929856115108,long_nclose,0.6034464928057555,0.0005859922261146266,8.0
1705560660000.0,24891,1705560660000.0,0.0015507014388489182,-2.4448e-05,1029.7873594322473,1029.7936022380027,-0.01,12.224,0.04,12.068929856115108,long_nclose,0.48275719424460434,0.0004687930860898923,14.0
1705560900000.0,24895,1705560900000.0,0.0015507014388489182,-2.4448e-05,1029.7888856856862,1029.7934477900028,-0.01,12.224,0.03,12.068929856115108,long_nclose,0.3620678956834532,0.0003515942934676071,4.0
1705561200000.0,24900,1705561200000.0,0.0015507014388489182,-2.4448e-05,1029.790411939125,1029.7935933420029,-0.01,12.224,0.02,12.068929856115108,long_nclose,0.24137859712230217,0.00023439584824622644,5.0
1705561800000.0,24910,1705561800000.0,0.0015507014388489182,-2.4448e-05,1029.791938192564,1029.7934488940027,-0.01,12.224,0.01,12.068929856115108,long_nclose,0.12068929856115108,0.00011719775042420561,10.0
1705562520000.0,24922,1705562520000.0,0.0011507014388489089,-2.4367999999999998e-05,1029.7930645260028,1029.7930645260028,-0.01,12.184,0.0,12.068929856115108,long_nclose,0.0,0.0,12.0
1705573980000.0,25113,1705573980000.0,0.0,-0.006715588,1029.786348938003,1029.753108938003,2.77,12.122,2.77,12.122,long_ientry_normal,33.57794,0.03260670529826718,191.0
1705595880000.0,25478,1705595880000.0,0.0,-0.006721144,1029.7796277940029,1028.8668977940029,2.84,11.833,5.61,11.975696969696969,long_rentry,67.18366,0.06524081287558683,365.0
1705596600000.0,25490,1705596600000.0,0.0,-0.006721562,1029.772906232003,1027.972436232003,2.89,11.629,8.5,11.85782,long_rentry,100.79147,0.09787737606032156,12.0
1705607700000.0,25675,1705607700000.0,0.0,-0.006711458000000001,1029.766194774003,1026.233784774003,2.93,11.453,11.43,11.754047244094489,long_rentry,134.34876,0.13046530433977274,185.0
1705627020000.0,25997,1705627020000.0,0.0,-0.00858192,1029.757612854003,1024.263192854003,3.8,11.292,15.23,11.638762967826658,long_rentry,177.25836,0.17213600345106783,322.0
1705681140000.0,26899,1705681140000.0,0.0,-0.011259456000000001,1029.7463533980028,1021.6222133980028,5.07,11.104,20.3,11.505203940886698,long_rentry,233.55563999999998,0.22680890224015135,902.0
1705682460000.0,26921,1705682460000.0,0.0,-0.014683950000000003,1029.7316694480028,1016.8438794480028,6.75,10.877,27.05,11.34844325323475,long_rentry,306.97539,0.29811202190620884,22.0
1705695180000.0,27133,1705695180000.0,0.4885053604436278,-0.0103113,1030.2098635084465,1032.9058681480028,-4.5,11.457,22.55,11.34844325323475,long_nclose,255.90739536044362,0.24840316951434963,212.0
1705705800000.0,27310,1705705800000.0,0.40708780036968983,-0.008592750000000001,1030.6083585588162,1032.7620253980028,-3.75,11.457,18.8,11.34844325323475,long_nclose,213.35073316081332,0.20701436330203946,177.0
1705706880000.0,27328,1705706880000.0,0.33978261737523446,-0.007172082000000001,1030.9409690941916,1032.516693316003,-3.13,11.457,15.67,11.34844325323475,long_nclose,177.83010577818854,0.1724930050402732,18.0
1705707240000.0,27334,1705707240000.0,0.28333310905730413,-0.005980554000000001,1031.218321649249,1032.649132762003,-2.61,11.457,13.06,11.34844325323475,long_nclose,148.21066888724584,0.1437238514635867,6.0
1705707420000.0,27337,1705707420000.0,0.23556814048059385,-0.004972338,1031.4489174517296,1032.6855504240032,-2.17,11.457,10.89,11.34844325323475,long_nclose,123.58454702772643,0.11981644940115031,3.0
1705707660000.0,27341,1705707660000.0,0.19648771164510362,-0.004147434000000001,1031.6412577293747,1032.6632729900032,-1.81,11.457,9.08,11.34844325323475,long_nclose,103.04386473937153,0.09988342746796436,4.0
1705708560000.0,27356,1705708560000.0,0.16392068761552844,-0.0034600140000000004,1031.8017184029902,1032.6689129760032,-1.51,11.457,7.57,11.34844325323475,long_nclose,85.90771542698707,0.08325990730074956,15.0
1705714200000.0,27450,1705714200000.0,0.1367815009242158,-0.0028871640000000002,1031.9356127399144,1032.6773958120032,-1.26,11.457,6.31,11.34844325323475,long_nclose,71.60867692791128,0.06939258229278622,94.0
1705714620000.0,27457,1705714620000.0,0.18466150092421388,-0.00289674,1032.1173775008385,1032.832239072003,-1.26,11.495,5.05,11.34844325323475,long_nclose,57.309638428835484,0.05552627993494754,7.0
1705715640000.0,27474,1705715640000.0,0.1480223142329016,-0.00232199,1032.2630778250716,1032.8713270820033,-1.01,11.495,4.04,11.34844325323475,long_nclose,45.84771074306839,0.04441475407574133,17.0
1705716900000.0,27495,1705716900000.0,0.07273302033271792,-0.0015352380000000002,1032.3342756074042,1032.7439218440031,-0.67,11.457,3.37,11.34844325323475,long_nclose,38.24425376340111,0.03704638571735786,21.0
1705717680000.0,27508,1705717680000.0,0.060791778188540355,-0.0012831840000000001,1032.3937842015928,1032.701638660003,-0.56,11.457,2.81,11.34844325323475,long_nclose,31.88912554158965,0.03088852919261934,13.0
1705718100000.0,27515,1705718100000.0,0.04993610351201529,-0.001054044,1032.4426662611047,1032.765924616003,-0.46,11.457,2.35,11.34844325323475,long_nclose,26.668841645101665,0.025830820942029063,7.0
1705718280000.0,27518,1705718280000.0,0.06888167097966708,-0.00108053,1032.5104674020843,1032.812314086003,-0.47,11.495,1.88,11.34844325323475,long_nclose,21.335073316081328,0.020663299782096002,3.0
1705718940000.0,27529,1705718940000.0,0.05422599630314217,-0.00085063,1032.5638427683873,1032.797223456003,-0.37,11.495,1.51,11.34844325323475,long_nclose,17.13614931238447,0.01659572861513441,11.0
1705719600000.0,27540,1705719600000.0,0.04396702402957473,-0.0006897,1032.6071200924168,1032.8013937560029,-0.3,11.495,1.21,11.34844325323475,long_nclose,13.731616336414048,0.013298006637011264,11.0
1705720200000.0,27550,1705720200000.0,0.03517361922365978,-0.00055176,1032.6417419516406,1032.7916619960029,-0.24,11.495,0.97,11.34844325323475,long_nclose,11.007989955637708,0.010660028070173848,10.0
1705720800000.0,27560,1705720800000.0,0.0173690794824401,-0.000366624,1032.658744407123,1032.749915372003,-0.16,11.457,0.81,11.34844325323475,long_nclose,9.192239035120148,0.008901526360867313,10.0
1705721700000.0,27575,1705721700000.0,0.01411237707948258,-0.000297882,1032.6725589022026,1032.752497490003,-0.13,11.457,0.68,11.34844325323475,long_nclose,7.71694141219963,0.007472786359698795,15.0
1705722480000.0,27588,1705722480000.0,0.011941242144177569,-0.00025205400000000004,1032.6842480903467,1032.7472654360029,-0.11,11.457,0.57,11.34844325323475,long_nclose,6.468612654343807,0.006263882368987084,13.0
1705722660000.0,27591,1705722660000.0,0.0161212421441774,-0.00025288999999999997,1032.700116442491,1032.767992546003,-0.11,11.495,0.46,11.34844325323475,long_nclose,5.220283896487985,0.005054985288925057,3.0
1705723020000.0,27597,1705723020000.0,0.013190107208872419,-0.00020690999999999998,1032.7130996396997,1032.7684356360028,-0.09,11.495,0.37,11.34844325323475,long_nclose,4.198924003696858,0.004065915311001486,6.0
1705724340000.0,27619,1705724340000.0,0.006513404805915037,-0.000137484,1032.7194755605055,1032.7540581520027,-0.06,11.457,0.31,11.34844325323475,long_nclose,3.5180174085027724,0.0034065566610849266,22.0
1705724700000.0,27625,1705724700000.0,0.008793404805914945,-0.00013794,1032.7281310253113,1032.7657702120027,-0.06,11.495,0.25,11.34844325323475,long_nclose,2.8371108133086875,0.0027472000888481194,6.0
1705725900000.0,27645,1705725900000.0,0.007327837338262456,-0.00011495,1032.7353439126496,1032.7652552620027,-0.05,11.495,0.2,11.34844325323475,long_nclose,2.26968865064695,0.002197744721360988,20.0
1705726020000.0,27647,1705726020000.0,0.005862269870609964,-9.196000000000001e-05,1032.7411142225203,1032.7647233020027,-0.04,11.495,0.16,11.34844325323475,long_nclose,1.8157509205175602,0.0017581859533930863,2.0
1705727400000.0,27670,1705727400000.0,0.0021711349353050126,-4.5828e-05,1032.7432395294554,1032.7585774740025,-0.02,11.457,0.14,11.34844325323475,long_nclose,1.588782055452865,0.0015384095432827577,23.0
1705727940000.0,27679,1705727940000.0,0.0021711349353050126,-4.5828e-05,1032.7453648363905,1032.7585116460023,-0.02,11.457,0.12,11.34844325323475,long_nclose,1.36181319038817,0.0013186340377367958,9.0
1705728120000.0,27682,1705728120000.0,0.0021711349353050126,-4.5828e-05,1032.7474901433256,1032.7586458180022,-0.02,11.457,0.1,11.34844325323475,long_nclose,1.134844325323475,0.0010988594367496165,3.0
1705728540000.0,27689,1705728540000.0,0.002931134935304982,-4.5980000000000004e-05,1032.750375298261,1032.7625798380022,-0.02,11.495,0.08,11.34844325323475,long_nclose,0.9078754602587801,0.0008790850935266747,7.0
1705728660000.0,27691,1705728660000.0,0.001465567467652491,-2.2990000000000002e-05,1032.7518178757286,1032.7621468480022,-0.01,11.495,0.07,11.34844325323475,long_nclose,0.7943910277264326,0.0007691983823958971,2.0
1705729500000.0,27705,1705729500000.0,0.0010855674676525063,-2.2914e-05,1032.7528805291963,1032.7592739340023,-0.01,11.457,0.06,11.34844325323475,long_nclose,0.680906595194085,0.000659312220794949,14.0
1705729560000.0,27706,1705729560000.0,0.0010855674676525063,-2.2914e-05,1032.753943182664,1032.7595710200023,-0.01,11.457,0.05,11.34844325323475,long_nclose,0.5674221626617375,0.000549426285329009,1.0
1705729860000.0,27711,1705729860000.0,0.001465567467652491,-2.2990000000000002e-05,1032.7553857601317,1032.7612880300023,-0.01,11.495,0.04,11.34844325323475,long_nclose,0.45393773012939004,0.0004395404143017675,5.0
1705730160000.0,27716,1705730160000.0,0.001465567467652491,-2.2990000000000002e-05,1032.7568283375995,1032.7612550400024,-0.01,11.495,0.03,11.34844325323475,long_nclose,0.3404532975970425,0.00032965485025653225,5.0
1705730460000.0,27721,1705730460000.0,0.001465567467652491,-2.2990000000000002e-05,1032.7582709150672,1032.7612020500026,-0.01,11.495,0.02,11.34844325323475,long_nclose,0.22696886506469502,0.00021976959319201683,5.0
1705730520000.0,27722,1705730520000.0,0.001465567467652491,-2.2990000000000002e-05,1032.759713492535,1032.7610790600027,-0.01,11.495,0.01,11.34844325323475,long_nclose,0.11348443253234751,0.00010988464310693487,1.0
1705731360000.0,27736,1705731360000.0,0.001465567467652491,-2.2990000000000002e-05,1032.7611560700027,1032.7611560700027,-0.01,11.495,0.0,11.34844325323475,long_nclose,0.0,0.0,14.0
1705743180000.0,27933,1705743180000.0,0.0,-0.00674016,1032.7544159100028,1032.7750659100027,2.95,11.424,2.95,11.424,long_ientry_normal,33.7008,0.032631959235250356,197.0
1705781160000.0,28566,1705781160000.0,0.05340999999999999,-0.001130234,1032.8066956760028,1033.092055676003,-0.49,11.533,2.46,11.424,long_nclose,28.10304,0.02721035806376693,633.0
1705782300000.0,28585,1705782300000.0,0.044689999999999994,-0.0009457059999999999,1032.8504399700028,1033.0697899700028,-0.41,11.533,2.05,11.424,long_nclose,23.419199999999996,0.022674338020013975,19.0
1705782600000.0,28590,1705782600000.0,0.037059999999999996,-0.000784244,1032.8867157260029,1033.074815726003,-0.34,11.533,1.71,11.424,long_nclose,19.53504,0.018913051840606807,5.0
1705782720000.0,28592,1705782720000.0,0.03052,-0.0006458480000000001,1032.916589878003,1033.073889878003,-0.28,11.533,1.43,11.424,long_nclose,16.336319999999997,0.015815720417395436,2.0
1705783500000.0,28605,1705783500000.0,0.04116000000000007,-0.0006479760000000001,1032.957101902003,1033.122701902003,-0.28,11.571,1.15,11.424,long_nclose,13.137599999999999,0.012718437170149172,13.0
1705783620000.0,28607,1705783620000.0,0.033810000000000055,-0.000532266,1032.990379636003,1033.1228596360029,-0.23,11.571,0.92,11.424,long_nclose,10.51008,0.010174421957059717,2.0
1705784640000.0,28624,1705784640000.0,0.026460000000000043,-0.00041655600000000006,1033.016423080003,1033.1274230800032,-0.18,11.571,0.74,11.424,long_nclose,8.453759999999999,0.008183567861191001,17.0
1705784820000.0,28627,1705784820000.0,0.020580000000000036,-0.00032398800000000004,1033.0366790920032,1033.1332790920032,-0.14,11.571,0.6,11.424,long_nclose,6.854399999999999,0.006635195185929637,3.0
1705786500000.0,28655,1705786500000.0,0.027750000000000073,-0.00034827,1033.0640808220032,1033.1482308220031,-0.15,11.609,0.45,11.424,long_nclose,5.1408,0.004976264391952815,28.0
1705787940000.0,28679,1705787940000.0,0.013230000000000021,-0.00020827800000000003,1033.0771025440033,1033.1311025440034,-0.09,11.571,0.36,11.424,long_nclose,4.11264,0.003980961333740164,24.0
1705788720000.0,28692,1705788720000.0,0.016650000000000043,-0.000208962,1033.0935435820033,1033.1445735820034,-0.09,11.609,0.27,11.424,long_nclose,3.08448,0.0029856734844216602,13.0
1705789200000.0,28700,1705789200000.0,0.01110000000000003,-0.000139308,1033.1045042740034,1033.1454542740034,-0.06,11.609,0.21,11.424,long_nclose,2.39904,0.0023221658506715004,8.0
1705789500000.0,28705,1705789500000.0,0.009250000000000026,-0.00011609000000000001,1033.1136381840035,1033.1461181840036,-0.05,11.609,0.16,11.424,long_nclose,1.82784,0.0017692535771892026,5.0
1705790100000.0,28715,1705790100000.0,0.011150000000000038,-0.00011647000000000001,1033.1246717140036,1033.1488717140037,-0.05,11.647,0.11,11.424,long_nclose,1.25664,0.001216348843857512,10.0
1705790160000.0,28716,1705790160000.0,0.006690000000000022,-6.9882e-05,1033.1312918320036,1033.1492118320036,-0.03,11.647,0.08,11.424,long_nclose,0.91392,0.0008846116725197513,1.0
1705790700000.0,28725,1705790700000.0,0.004460000000000015,-4.6588e-05,1033.1357052440037,1033.1488452440037,-0.02,11.647,0.06,11.424,long_nclose,0.6854399999999999,0.0006634559201863169,9.0
1705790940000.0,28729,1705790940000.0,0.004460000000000015,-4.6588e-05,1033.1401186560038,1033.1492786560038,-0.02,11.647,0.04,11.424,long_nclose,0.45696,0.0004423020573380233,4.0
1705792200000.0,28750,1705792200000.0,0.005220000000000021,-4.674e-05,1033.1452919160038,1033.1507919160038,-0.02,11.685,0.02,11.424,long_nclose,0.22848,0.0002211499213012682,21.0
1705792500000.0,28755,1705792500000.0,0.0026100000000000103,-2.337e-05,1033.1478785460038,1033.1503485460037,-0.01,11.685,0.01,11.424,long_nclose,0.11424,0.00011057468381077758,5.0
1705792680000.0,28758,1705792680000.0,0.0026100000000000103,-2.337e-05,1033.1504651760038,1033.1504651760038,-0.01,11.685,0.0,11.424,long_nclose,0.0,0.0,3.0
1705849920000.0,29712,1705849920000.0,0.0,-0.0067307239999999996,1033.1437344520039,1033.1408744520038,2.86,11.767,2.86,11.767,long_ientry_normal,33.65362,0.032573996122476044,954.0
1705886520000.0,30322,1705886520000.0,0.0,-0.006731382000000001,1033.1370030700039,1032.255143070004,2.93,11.487,5.79,11.625307426597583,long_rentry,67.31053000000001,0.06515160119130797,610.0
1705899600000.0,30540,1705899600000.0,0.0,-0.0067282439999999995,1033.1302748260039,1030.9638048260038,2.98,11.289,8.77,11.511031927023947,long_rentry,100.95175,0.09771444362812999,218.0
1705917180000.0,30833,1705917180000.0,0.0,-0.006737508,1033.1235373180039,1030.113247318004,3.03,11.118,11.8,11.410109322033897,long_rentry,134.63929,0.13032254627508008,293.0
1705930200000.0,31050,1705930200000.0,0.0,-0.008616132,1033.1149211860038,1028.9283311860038,3.93,10.962,15.73,11.298153210425937,long_rentry,177.71995,0.17202340838904892,217.0
1705949340000.0,31369,1705949340000.0,0.0,-0.011275880000000002,1033.1036453060037,1025.2884553060037,5.23,10.78,20.96,11.168862118320611,long_rentry,234.09935000000002,0.22659812600957394,319.0
1705970400000.0,31720,1705970400000.0,0.0,-0.01472064,1033.0889246660038,1020.3830346660037,6.97,10.56,27.93,11.016919083422843,long_rentry,307.70255000000003,0.297847109433953,351.0
1705997760000.0,32176,1705997760000.0,0.0,-0.019122536,1033.0698021300038,1011.9295321300037,9.29,10.292,37.22,10.835981461579799,long_rentry,403.3152300000001,0.3904046262589776,456.0
1706001960000.0,32246,1706001960000.0,0.0,-0.024670864000000004,1033.0451312660039,1001.8795812660038,12.38,9.964,49.6,10.618337701612905,long_rentry,526.6695500000001,0.5098224018098444,70.0
1706265420000.0,36637,1706265420000.0,0.8397305846774098,-0.01770944,1033.8671524106812,1037.9458518260037,-8.26,10.72,41.34,10.618337701612905,long_nclose,438.96208058467755,0.4245826744385331,4391.0
1706265480000.0,36638,1706265480000.0,0.7004532358870887,-0.01477216,1034.5528334865685,1037.9172996660038,-6.89,10.72,34.45,10.618337701612905,long_nclose,365.8017338205646,0.35358439122704677,1.0
1706265600000.0,36640,1706265600000.0,0.5835415927419288,-0.012306560000000003,1035.1240685193104,1038.9615131060038,-5.74,10.72,28.71,10.618337701612905,long_nclose,304.85247541330654,0.29450815094018795,2.0
1706265600000.0,36640,1706265600000.0,0.7844415927419297,-0.012346740000000002,1035.8961633720523,1038.966386366004,-5.74,10.755,22.97,10.618337701612905,long_nclose,243.9032170060484,0.23545141456272403,0.0
1706265660000.0,36641,1706265660000.0,0.6272799495967695,-0.009873090000000001,1036.5135702316493,1039.098943276004,-4.59,10.755,18.38,10.618337701612905,long_nclose,195.16504695564518,0.18828991009932264,1.0
1706265960000.0,36646,1706265960000.0,0.5015506350806415,-0.00789417,1037.0072266967297,1038.782169106004,-3.67,10.755,14.71,10.618337701612905,long_nclose,156.19574759072583,0.15062165775668687,5.0
1706266080000.0,36648,1706266080000.0,0.4017871572580615,-0.006323940000000001,1037.4026899139878,1038.975895166004,-2.94,10.755,11.77,10.618337701612905,long_nclose,124.97783474798389,0.12047186301237173,2.0
1706266140000.0,36649,1706266140000.0,0.32115640120967504,-0.0050548500000000005,1037.7187914651975,1038.940210316004,-2.35,10.755,9.42,10.618337701612905,long_nclose,100.02474114919356,0.0963890622120898,1.0
1706266260000.0,36651,1706266260000.0,0.25692512096774,-0.0040438800000000006,1037.9716727061652,1039.0171864360038,-1.88,10.755,7.54,10.618337701612905,long_nclose,80.0622662701613,0.07713338270728104,2.0
1706266620000.0,36657,1706266620000.0,0.3227251209677369,-0.00405704,1038.2903407871331,1039.318549396004,-1.88,10.79,5.66,10.618337701612905,long_nclose,60.099791391129045,0.05788341567886213,6.0
1706266800000.0,36660,1706266800000.0,0.2420438407258027,-0.0030427799999999997,1038.5293418478589,1039.318406616004,-1.41,10.79,4.25,10.618337701612905,long_nclose,45.12793523185485,0.04345369303823285,3.0
1706266980000.0,36663,1706266980000.0,0.2928038407258046,-0.003052932,1038.8190927565847,1039.4173736840041,-1.41,10.826,2.84,10.618337701612905,long_nclose,30.15607907258065,0.029029192169118898,3.0
1706267220000.0,36667,1706267220000.0,0.19520256048386975,-0.002035288,1039.0122600290688,1039.3954183960043,-0.94,10.826,1.9,10.618337701612905,long_nclose,20.174841633064517,0.01941732779216684,4.0
1706267280000.0,36668,1706267280000.0,0.13082724798387016,-0.001364076,1039.1417232010526,1039.4194243200043,-0.63,10.826,1.27,10.618337701612905,long_nclose,13.48528888104839,0.012977333678323745,1.0
1706267520000.0,36672,1706267520000.0,0.0872181653225801,-0.0009093840000000001,1039.2280319823753,1039.4147449360044,-0.42,10.826,0.85,10.618337701612905,long_nclose,9.025587046370969,0.008684895680839407,4.0
1706267820000.0,36677,1706267820000.0,0.058145443548386744,-0.0006062560000000001,1039.2855711699237,1039.4193286800044,-0.28,10.826,0.57,10.618337701612905,long_nclose,6.0524524899193555,0.005823666427992558,5.0
1706268480000.0,36688,1706268480000.0,0.06794544354838679,-0.0006082160000000001,1039.352908397472,1039.4253104640043,-0.28,10.861,0.29,10.618337701612905,long_nclose,3.0793179334677423,0.002962726046743443,11.0
1706268600000.0,36690,1706268600000.0,0.08052206653225777,-0.000631968,1039.4327984960041,1039.4327984960041,-0.29,10.896,0.0,10.618337701612905,long_nclose,0.0,0.0,2.0
1706313000000.0,37430,1706313000000.0,0.0,-0.006778512000000001,1039.4260199840041,1039.4821799840042,3.12,10.863,3.12,10.863,long_ientry_normal,33.89256,0.032606995926965136,740.0
1706314260000.0,37451,1706314260000.0,0.05408000000000051,-0.001140568,1039.4789594160043,1039.7519594160042,-0.52,10.967,2.6,10.863,long_nclose,28.2438,0.027171112742741626,21.0
1706314500000.0,37455,1706314500000.0,0.04472000000000042,-0.0009431620000000001,1039.5227362540043,1039.7766262540042,-0.43,10.967,2.17,10.863,long_nclose,23.572709999999997,0.022676473710374023,4.0
1706317080000.0,37498,1706317080000.0,0.037440000000000355,-0.0007896240000000001,1039.5593866300044,1039.7512466300043,-0.36,10.967,1.81,10.863,long_nclose,19.66203,0.018913811228947162,43.0
1706317260000.0,37501,1706317260000.0,0.031200000000000293,-0.00065802,1039.5899286100043,1039.7650886100043,-0.3,10.967,1.51,10.863,long_nclose,16.40313,0.015778461822857397,3.0
1706318580000.0,37523,1706318580000.0,0.026000000000000245,-0.0005483500000000001,1039.6153802600045,1039.7489402600045,-0.25,10.967,1.26,10.863,long_nclose,13.68738,0.013165811375911761,22.0
1706318880000.0,37528,1706318880000.0,0.021840000000000206,-0.00046061400000000003,1039.6367596460045,1039.7522596460046,-0.21,10.967,1.05,10.863,long_nclose,11.40615,0.010971283858685206,5.0
1706322240000.0,37584,1706322240000.0,0.017680000000000168,-0.00037287800000000004,1039.6540667680044,1039.7473467680045,-0.17,10.967,0.88,10.863,long_nclose,9.55944,0.009194827688903909,56.0
1706322600000.0,37590,1706322600000.0,0.014560000000000139,-0.00030707600000000004,1039.6683196920046,1039.7452796920047,-0.14,10.967,0.74,10.863,long_nclose,8.03862,0.007731908193933804,6.0
1706322660000.0,37591,1706322660000.0,0.012480000000000118,-0.000263208,1039.6805364840047,1039.7518364840048,-0.12,10.967,0.62,10.863,long_nclose,6.73506,0.006478009122664399,1.0
1706323380000.0,37603,1706323380000.0,0.010400000000000098,-0.00021934000000000002,1039.6907171440046,1039.7473971440045,-0.1,10.967,0.52,10.863,long_nclose,5.64876,0.005433115739954815,12.0
1706324100000.0,37615,1706324100000.0,0.008320000000000079,-0.000175472,1039.6988616720046,1039.7450616720046,-0.08,10.967,0.44,10.863,long_nclose,4.77972,0.0045972157671822726,12.0
1706324400000.0,37620,1706324400000.0,0.007280000000000069,-0.00015353800000000002,1039.7059881340047,1039.7466881340047,-0.07,10.967,0.37,10.863,long_nclose,4.01931,0.0038658140338439246,5.0
1706325000000.0,37630,1706325000000.0,0.006240000000000059,-0.000131604,1039.7120965300046,1039.7461965300047,-0.06,10.967,0.31,10.863,long_nclose,3.36753,0.003238906242640621,10.0
1706325540000.0,37639,1706325540000.0,0.005200000000000049,-0.00010967000000000001,1039.7171868600046,1039.7450068600047,-0.05,10.967,0.26,10.863,long_nclose,2.82438,0.002716488710290307,9.0
1706325900000.0,37645,1706325900000.0,0.0041600000000000395,-8.7736e-05,1039.7212591240045,1039.7447991240044,-0.04,10.967,0.22,10.863,long_nclose,2.38986,0.00229855836747392,6.0
1706326260000.0,37651,1706326260000.0,0.0031200000000000294,-6.5802e-05,1039.7243133220045,1039.7435033220045,-0.03,10.967,0.19,10.863,long_nclose,2.06397,0.001985112758790305,6.0
1706326440000.0,37654,1706326440000.0,0.0031200000000000294,-6.5802e-05,1039.7273675200045,1039.7444875200044,-0.03,10.967,0.16,10.863,long_nclose,1.73808,0.0016716689915989532,3.0
1706326680000.0,37658,1706326680000.0,0.0020800000000000198,-4.3868e-05,1039.7294036520045,1039.7436836520046,-0.02,10.967,0.14,10.863,long_nclose,1.52082,0.0014627075031812947,4.0
1706327040000.0,37664,1706327040000.0,0.0020800000000000198,-4.3868e-05,1039.7314397840046,1039.7446397840047,-0.02,10.967,0.12,10.863,long_nclose,1.3035599999999998,0.0012537468331926208,6.0
1706328000000.0,37680,1706328000000.0,0.0020800000000000198,-4.3868e-05,1039.7334759160046,1039.7438759160045,-0.02,10.967,0.1,10.863,long_nclose,1.0863,0.0010447869816281239,16.0
1706328060000.0,37681,1706328060000.0,0.0010400000000000099,-2.1934e-05,1039.7344939820048,1039.7444839820048,-0.01,10.967,0.09,10.863,long_nclose,0.9776699999999999,0.0009403073627534387,1.0
1706328420000.0,37687,1706328420000.0,0.0010400000000000099,-2.1934e-05,1039.735512048005,1039.7439920480049,-0.01,10.967,0.08,10.863,long_nclose,0.86904,0.0008358279484829948,6.0
1706328600000.0,37690,1706328600000.0,0.0010400000000000099,-2.1934e-05,1039.736530114005,1039.743950114005,-0.01,10.967,0.07,10.863,long_nclose,0.76041,0.0007313487388161909,3.0
1706329560000.0,37706,1706329560000.0,0.0010400000000000099,-2.1934e-05,1039.7375481800052,1039.7439081800053,-0.01,10.967,0.06,10.863,long_nclose,0.6517799999999999,0.0006268697337524258,16.0
1706334180000.0,37783,1706334180000.0,0.0,-0.00664717,1039.7309010100053,1039.7298310100052,3.05,10.897,3.11,10.896344051446945,long_ientry_partial,33.88763,0.032592692943030944,77.0
1706350080000.0,38048,1706350080000.0,0.053374533762057565,-0.001122102,1039.7831534417674,1039.9876589080052,-0.51,11.001,2.6,10.896344051446945,long_nclose,28.33049453376206,0.027246541204274954,265.0
1706355240000.0,38134,1706355240000.0,0.04500205787781324,-0.0009460859999999998,1039.827209413645,1040.0434628220053,-0.43,11.001,2.17,10.896344051446945,long_nclose,23.64506659163987,0.02273941898959659,86.0
1706355300000.0,38135,1706355300000.0,0.03767614147909946,-0.000792072,1039.8640934831242,1040.060760750005,-0.36,11.001,1.81,10.896344051446945,long_nclose,19.722382733118973,0.018966308055754638,1.0
1706355960000.0,38146,1706355960000.0,0.031396784565916214,-0.00066006,1039.8948302076901,1040.0543706900053,-0.3,11.001,1.51,10.896344051446945,long_nclose,16.453479517684887,0.015822253404605118,11.0
1706356500000.0,38155,1706356500000.0,0.02616398713826351,-0.00055005,1039.9204441448285,1040.0510506400053,-0.25,11.001,1.26,10.896344051446945,long_nclose,13.729393504823152,0.013202349835629422,9.0
1706357220000.0,38167,1706357220000.0,0.021977749196141348,-0.00046204199999999996,1039.9419598520246,1040.0560485980054,-0.21,11.001,1.05,10.896344051446945,long_nclose,11.441161254019294,0.011001730573163216,12.0
1706357340000.0,38169,1706357340000.0,0.01779151125401919,-0.00037403400000000003,1039.9593773292786,1040.0549945640053,-0.17,11.001,0.88,10.896344051446945,long_nclose,9.588782765273312,0.009220343577167677,2.0
1706357940000.0,38179,1706357940000.0,0.014651832797427568,-0.000308028,1039.973721134076,1040.0622665360052,-0.14,11.001,0.74,10.896344051446945,long_nclose,8.063294598070739,0.007753363795844606,10.0
1706358120000.0,38182,1706358120000.0,0.01969183279742776,-0.00030903600000000005,1039.9931039308733,1040.0780975000052,-0.14,11.037,0.6,10.896344051446945,long_nclose,6.537806430868167,0.006286394021419131,3.0
1706359500000.0,38205,1706359500000.0,0.010465594855305405,-0.00022002000000000002,1040.0033495057287,1040.0536774800053,-0.1,11.001,0.5,10.896344051446945,long_nclose,5.448172025723473,0.005238610075931743,23.0
1706369040000.0,38364,1706369040000.0,0.008372475884244324,-0.000176016,1040.0115459656129,1040.0567614640051,-0.08,11.001,0.42,10.896344051446945,long_nclose,4.576464501607717,0.004400397783429064,159.0
1706369280000.0,38368,1706369280000.0,0.007325916398713784,-0.000154014,1040.0187178680117,1040.0563974500053,-0.07,11.001,0.35,10.896344051446945,long_nclose,3.813720418006431,0.0036669728654733966,4.0
1706370420000.0,38387,1706370420000.0,0.005232797427652702,-0.00011001000000000001,1040.0238406554392,1040.0549374400052,-0.05,11.001,0.3,10.896344051446945,long_nclose,3.2689032154340834,0.003143104117088287,19.0
1706371500000.0,38405,1706371500000.0,0.005232797427652702,-0.00011001000000000001,1040.0289634428668,1040.0566274300052,-0.05,11.001,0.25,10.896344051446945,long_nclose,2.7240860128617364,0.0026192405294599105,18.0
1706372460000.0,38421,1706372460000.0,0.004186237942122162,-8.8008e-05,1040.033061672809,1040.0554594220052,-0.04,11.001,0.21,10.896344051446945,long_nclose,2.2882322508038584,0.0022001533750508106,16.0
1706372640000.0,38424,1706372640000.0,0.003139678456591621,-6.6006e-05,1040.0361353452656,1040.0549734160052,-0.03,11.001,0.18,10.896344051446945,long_nclose,1.9613419292604501,0.0018858401767062971,3.0
1706373420000.0,38437,1706373420000.0,0.003139678456591621,-6.6006e-05,1040.0392090177222,1040.0546074100052,-0.03,11.001,0.15,10.896344051446945,long_nclose,1.6344516077170417,0.0015715288361683206,13.0
1706375940000.0,38479,1706375940000.0,0.002093118971061081,-4.4004e-05,1040.0412581326932,1040.0547334060052,-0.02,11.001,0.13,10.896344051446945,long_nclose,1.416524726688103,0.0013619889745829451,42.0
1706376060000.0,38481,1706376060000.0,0.002093118971061081,-4.4004e-05,1040.0433072476642,1040.054269402005,-0.02,11.001,0.11,10.896344051446945,long_nclose,1.198597845659164,0.0011524499386771625,2.0
1706376900000.0,38495,1706376900000.0,0.0010465594855305405,-2.2002e-05,1040.0443318051498,1040.055197400005,-0.01,11.001,0.1,10.896344051446945,long_nclose,1.0896344051446947,0.0010476807303525938,14.0
1706377200000.0,38500,1706377200000.0,0.0010465594855305405,-2.2002e-05,1040.0453563626354,1040.0553153980052,-0.01,11.001,0.09,10.896344051446945,long_nclose,0.9806709646302251,0.0009429117284460928,5.0
1706377320000.0,38502,1706377320000.0,0.0010465594855305405,-2.2002e-05,1040.046380920121,1040.0549133960053,-0.01,11.001,0.08,10.896344051446945,long_nclose,0.8717075241157557,0.0008381429329570502,2.0
1706379900000.0,38545,1706379900000.0,0.0010465594855305405,-2.2002e-05,1040.0474054776066,1040.0548713940054,-0.01,11.001,0.07,10.896344051446945,long_nclose,0.7627440836012862,0.0007333743438848557,43.0
1706380920000.0,38562,1706380920000.0,0.0010465594855305405,-2.2002e-05,1040.0484300350922,1040.0547693920055,-0.01,11.001,0.06,10.896344051446945,long_nclose,0.6537806430868167,0.0006286059612288993,17.0
1706381040000.0,38564,1706381040000.0,0.0010465594855305405,-2.2002e-05,1040.0494545925778,1040.0545873900055,-0.01,11.001,0.05,10.896344051446945,long_nclose,0.5448172025723473,0.000523837784988571,2.0
1706382000000.0,38580,1706382000000.0,0.0010465594855305405,-2.2002e-05,1040.0504791500634,1040.0548253880056,-0.01,11.001,0.04,10.896344051446945,long_nclose,0.43585376205787785,0.0004190698151632607,16.0
1706382240000.0,38584,1706382240000.0,0.0010465594855305405,-2.2002e-05,1040.051503707549,1040.0550033860056,-0.01,11.001,0.03,10.896344051446945,long_nclose,0.32689032154340836,0.0003143020517523585,4.0
1706383140000.0,38599,1706383140000.0,0.0010465594855305405,-2.2002e-05,1040.0525282650347,1040.0547613840058,-0.01,11.001,0.02,10.896344051446945,long_nclose,0.21792688102893892,0.00020953449475525433,15.0
1706383560000.0,38606,1706383560000.0,0.0010465594855305405,-2.2002e-05,1040.0535528225203,1040.0546393820057,-0.01,11.001,0.01,10.896344051446945,long_nclose,0.10896344051446946,0.00010476714417133818,7.0
1706384040000.0,38614,1706384040000.0,0.0010465594855305405,-2.2002e-05,1040.0545773800059,1040.0545773800059,-0.01,11.001,0.0,10.896344051446945,long_nclose,0.0,0.0,8.0
1706401560000.0,38906,1706401560000.0,0.0,-0.00678528,1040.0477921000058,1040.060192100006,3.1,10.944,3.1,10.944,long_ientry_normal,33.9264,0.03262003944212768,292.0
1706405460000.0,38971,1706405460000.0,0.05354999999999931,-0.0011269980000000001,1040.100215102006,1040.3980651020058,-0.51,11.049,2.59,10.944,long_nclose,28.34496,0.027252143195855526,65.0
1706411820000.0,39077,1706411820000.0,0.04514999999999942,-0.0009502139999999999,1040.1444148880057,1040.3582548880056,-0.43,11.049,2.16,10.944,long_nclose,23.639040000000005,0.022726690314964836,106.0
1706414100000.0,39115,1706414100000.0,0.037799999999999515,-0.000795528,1040.1814193600057,1040.3866193600059,-0.36,11.049,1.8,10.944,long_nclose,19.6992,0.018938234843802883,38.0
1706414580000.0,39123,1706414580000.0,0.050760000000000007,-0.00079812,1040.231381240006,1040.434421240006,-0.36,11.085,1.44,10.944,long_nclose,15.759360000000001,0.015149860198616662,8.0
1706414640000.0,39124,1706414640000.0,0.03948000000000001,-0.0006207600000000001,1040.270240480006,1040.4349604800059,-0.28,11.085,1.16,10.944,long_nclose,12.69504,0.01220359816708993,1.0
1706415600000.0,39140,1706415600000.0,0.019949999999999742,-0.000419862,1040.289770618006,1040.389680618006,-0.19,11.049,0.97,10.944,long_nclose,10.615680000000001,0.010204541368981771,16.0
1706415840000.0,39144,1706415840000.0,0.016799999999999784,-0.000353568,1040.3062170500061,1040.394507050006,-0.16,11.049,0.81,10.944,long_nclose,8.864640000000001,0.008521183334977504,4.0
1706416080000.0,39148,1706416080000.0,0.013649999999999825,-0.000287274,1040.3195797760063,1040.3964197760063,-0.13,11.049,0.68,10.944,long_nclose,7.441920000000001,0.007153494123029328,4.0
1706416440000.0,39154,1706416440000.0,0.011549999999999852,-0.000243078,1040.3308866980062,1040.3913066980062,-0.11,11.049,0.57,10.944,long_nclose,6.23808,0.005996246078783229,6.0
1706417220000.0,39167,1706417220000.0,0.015510000000000001,-0.00024387000000000004,1040.346152828006,1040.410092828006,-0.11,11.085,0.46,10.944,long_nclose,5.0342400000000005,0.0048390047738584565,13.0
1706417340000.0,39169,1706417340000.0,0.012690000000000002,-0.00019953,1040.3586432980062,1040.411183298006,-0.09,11.085,0.37,10.944,long_nclose,4.04928,0.0038921962402922064,2.0
1706417760000.0,39176,1706417760000.0,0.009870000000000002,-0.00015519000000000004,1040.3683581080063,1040.4121581080062,-0.07,11.085,0.3,10.944,long_nclose,3.2832000000000003,0.0031558053206950315,7.0
1706418060000.0,39181,1706418060000.0,0.012389999999999974,-0.00015569400000000003,1040.3805924140065,1040.4196924140065,-0.07,11.121,0.23,10.944,long_nclose,2.5171200000000002,0.0024194222944504368,5.0
1706418180000.0,39183,1706418180000.0,0.008849999999999981,-0.00011121000000000001,1040.3893312040066,1040.4217312040066,-0.05,11.121,0.18,10.944,long_nclose,1.9699200000000001,0.0018934450218941403,2.0
1706418360000.0,39186,1706418360000.0,0.007079999999999984,-8.8968e-05,1040.3963222360067,1040.4204022360066,-0.04,11.121,0.14,10.944,long_nclose,1.5321600000000002,0.001472669565677723,3.0
1706418540000.0,39189,1706418540000.0,0.0053099999999999875,-6.6726e-05,1040.4015655100068,1040.4212555100069,-0.03,11.121,0.11,10.944,long_nclose,1.20384,0.0011570916845072944,3.0
1706419140000.0,39199,1706419140000.0,0.003539999999999992,-4.4484e-05,1040.4050610260067,1040.4212610260067,-0.02,11.121,0.09,10.944,long_nclose,0.9849600000000001,0.0009467081975059513,10.0
1706419980000.0,39213,1706419980000.0,0.0010499999999999865,-2.2098e-05,1040.4060889280067,1040.4151289280067,-0.01,11.049,0.08,10.944,long_nclose,0.8755200000000001,0.0008415175663784333,14.0
1706420160000.0,39216,1706420160000.0,0.0010499999999999865,-2.2098e-05,1040.4071168300068,1040.4141868300069,-0.01,11.049,0.07,10.944,long_nclose,0.7660800000000001,0.0007363271431035114,3.0
1706420640000.0,39224,1706420640000.0,0.0,-0.006634336000000001,1040.4004824940068,1040.4218224940068,3.02,10.984,3.09,10.983093851132686,long_ientry_partial,33.93776,0.032619900289401774,8.0
1706472960000.0,40096,1706472960000.0,0.0,-0.006776304,1040.393706190007,1039.699426190007,3.16,10.722,6.25,10.851084799999999,long_rentry,67.81927999999999,0.06518616904014043,872.0
1706498100000.0,40515,1706498100000.0,0.10807180800000125,-0.00227864,1040.499499358007,1041.0461075500068,-1.04,10.955,5.21,10.851084799999999,long_nclose,56.534151808,0.05433366555474734,419.0
1706499300000.0,40535,1706499300000.0,0.08936707200000103,-0.0018842600000000002,1040.5869821700069,1041.0651132900068,-0.86,10.955,4.35,10.851084799999999,long_nclose,47.20221887999999,0.04536114682269616,20.0
1706504220000.0,40617,1706504220000.0,0.07481894400000087,-0.00157752,1040.660223594007,1041.051955770007,-0.72,10.955,3.63,10.851084799999999,long_nclose,39.389437824,0.037850430842802166,82.0
1706505720000.0,40642,1706505720000.0,0.06234912000000072,-0.0013146,1040.721258114007,1041.042181170007,-0.6,10.955,3.03,10.851084799999999,long_nclose,32.87878694399999,0.03159230839925655,25.0
1706508420000.0,40687,1706508420000.0,0.0519576000000006,-0.0010955000000000001,1040.772120214007,1041.0476756700068,-0.5,10.955,2.53,10.851084799999999,long_nclose,27.453244543999993,0.02637776705466992,45.0
1706509080000.0,40698,1706509080000.0,0.04364438400000051,-0.00092022,1040.814844378007,1041.0383254500068,-0.42,10.955,2.11,10.851084799999999,long_nclose,22.895788927999995,0.021997946178104872,11.0
1706510640000.0,40724,1706510640000.0,0.03637032000000042,-0.00076685,1040.850447848007,1041.035098600007,-0.35,10.955,1.76,10.851084799999999,long_nclose,19.097909247999997,0.01834837011165779,26.0
1706510760000.0,40726,1706510760000.0,0.03013540800000035,-0.00063539,1040.879947866007,1041.0341732100069,-0.29,10.955,1.47,10.851084799999999,long_nclose,15.951094655999999,0.015324624793380488,2.0
1706512320000.0,40752,1706512320000.0,0.04057540800000023,-0.000637478,1040.9198857960068,1041.0814457320068,-0.29,10.991,1.18,10.851084799999999,long_nclose,12.804280063999999,0.012300927514905123,26.0
1706512440000.0,40754,1706512440000.0,0.03218049600000018,-0.000505586,1040.9515607060068,1041.0854301460067,-0.23,10.991,0.95,10.851084799999999,long_nclose,10.308530559999998,0.009902987755749576,2.0
1706512800000.0,40760,1706512800000.0,0.026583888000000153,-0.00041765799999999995,1040.9777269360068,1041.0840624880068,-0.19,10.991,0.76,10.851084799999999,long_nclose,8.246824448,0.007922191065771925,6.0
1706512860000.0,40761,1706512860000.0,0.02098728000000012,-0.00032973000000000003,1040.998384486007,1041.087392758007,-0.15,10.991,0.61,10.851084799999999,long_nclose,6.619161727999999,0.0063584745439045146,1.0
1706513100000.0,40765,1706513100000.0,0.016789824000000095,-0.000263784,1041.0149105260068,1041.0868989740068,-0.12,10.991,0.49,10.851084799999999,long_nclose,5.3170315519999996,0.0051075460094163255,4.0
1706513220000.0,40767,1706513220000.0,0.01259236800000007,-0.00019783799999999999,1041.0273050560068,1041.0828711360068,-0.09,10.991,0.4,10.851084799999999,long_nclose,4.34043392,0.0041693756723955346,2.0
1706513340000.0,40769,1706513340000.0,0.011193216000000063,-0.000175856,1041.0383224160068,1041.0834152800069,-0.08,10.991,0.32,10.851084799999999,long_nclose,3.472347136,0.00333546523814944,2.0
1706516340000.0,40819,1706516340000.0,0.0,-0.00609336,1041.0322290560068,1041.0262019200068,2.8,10.881,3.12,10.877931774358974,long_ientry_partial,33.939147135999995,0.0326014374855383,50.0
1706518080000.0,40848,1706518080000.0,0.05411547733333336,-0.001142128,1041.0852024053402,1041.3557797920068,-0.52,10.982,2.6,10.877931774358974,long_nclose,28.28262261333333,0.027166482193761568,29.0
1706518140000.0,40849,1706518140000.0,0.044749337025641045,-0.0009444519999999999,1041.1290072903657,1041.3570053400067,-0.43,10.982,2.17,10.877931774358974,long_nclose,23.60511195035897,0.02267261000804641,1.0
1706519280000.0,40868,1706519280000.0,0.0,-0.00206777,1041.1269395203658,1041.1223375700067,0.95,10.883,3.12,10.879474984089413,long_ientry_partial,33.94396195035897,0.03260309637746626,19.0
1706520840000.0,40894,1706520840000.0,0.054353008273505386,-0.001142336,1041.1801501926393,1041.4519152340067,-0.52,10.984,2.6,10.879474984089413,long_nclose,28.286634958632472,0.027167858466566882,26.0
1706520900000.0,40895,1706520900000.0,0.044945756841552525,-0.000944624,1041.2241513254808,1041.4748406100068,-0.43,10.984,2.17,10.879474984089413,long_nclose,23.608460715474024,0.022673754431666224,1.0
1706521560000.0,40906,1706521560000.0,0.037629005727811415,-0.000790848,1041.2609894832087,1041.446559762007,-0.36,10.984,1.81,10.879474984089413,long_nclose,19.691849721201837,0.018911540833749237,11.0
1706521620000.0,40907,1706521620000.0,0.03135750477317618,-0.0006590400000000001,1041.291687947982,1041.467640722007,-0.3,10.984,1.51,10.879474984089413,long_nclose,16.428007225975012,0.015776566178444015,1.0
1706522460000.0,40921,1706522460000.0,0.042157504773176056,-0.0006611999999999999,1041.3331842527552,1041.5092695220071,-0.3,11.02,1.21,10.879474984089413,long_nclose,13.164164730748189,0.012641645277245815,14.0
1706522580000.0,40923,1706522580000.0,0.033726003818540844,-0.00052896,1041.3663812965738,1041.507540562007,-0.24,11.02,0.97,10.879474984089413,long_nclose,10.55309073456673,0.01013388844128749,2.0
1706522820000.0,40927,1706522820000.0,0.026699753023011502,-0.00041876,1041.3926622895967,1041.503051802007,-0.19,11.02,0.78,10.879474984089413,long_nclose,8.485990487589742,0.00814869433488471,4.0
1706524320000.0,40952,1706524320000.0,0.013588252068376347,-0.000285584,1041.405964957665,1041.480406218007,-0.13,10.984,0.65,10.879474984089413,long_nclose,7.071658739658118,0.006790491871194145,25.0
1706526240000.0,40984,1706526240000.0,0.010452501591058727,-0.00021968,1041.416197779256,1041.4753365380068,-0.1,10.984,0.55,10.879474984089413,long_nclose,5.9837112412491775,0.005745744356587697,32.0
1706527500000.0,41005,1706527500000.0,0.009407251431952854,-0.000197712,1041.4254073186878,1041.4734888260066,-0.09,10.984,0.46,10.879474984089413,long_nclose,5.00455849268113,0.004805489147385165,21.0
1706527560000.0,41006,1706527560000.0,0.00731675111374111,-0.00015377600000000003,1041.4325702938015,1041.4741150500067,-0.07,10.984,0.39,10.879474984089413,long_nclose,4.242995243794871,0.00407419103725349,1.0
1706527680000.0,41008,1706527680000.0,0.006271500954635236,-0.000131808,1041.438709986756,1041.4732032420065,-0.06,10.984,0.33,10.879474984089413,long_nclose,3.5902267447495064,0.0034473720923962614,2.0
1706527920000.0,41012,1706527920000.0,0.005226250795529364,-0.00010984,1041.4438263975514,1041.4742134020064,-0.05,10.984,0.28,10.879474984089413,long_nclose,3.0462529955450357,0.0029250286173209176,4.0
1706528040000.0,41014,1706528040000.0,0.004181000636423491,-8.787200000000002e-05,1041.447919526188,1041.4754055300064,-0.04,10.984,0.24,10.879474984089413,long_nclose,2.611073996181459,0.002507157532533533,2.0
1706528220000.0,41017,1706528220000.0,0.004181000636423491,-8.787200000000002e-05,1041.4520126548243,1041.4731176580065,-0.04,10.984,0.2,10.879474984089413,long_nclose,2.1758949968178825,0.0020892897323912074,3.0
1706528340000.0,41019,1706528340000.0,0.003135750477317618,-6.5904e-05,1041.4550825013016,1041.4730217540064,-0.03,10.984,0.17,10.879474984089413,long_nclose,1.8495107472952004,0.001775891037809486,2.0
1706528520000.0,41022,1706528520000.0,0.0020905003182117455,-4.393600000000001e-05,1041.4571290656197,1041.4723578180062,-0.02,10.984,0.15,10.879474984089413,long_nclose,1.631921247613412,0.0015669596011864148,3.0
1706528880000.0,41028,1706528880000.0,0.0020905003182117455,-4.393600000000001e-05,1041.4591756299378,1041.4719838820063,-0.02,10.984,0.13,10.879474984089413,long_nclose,1.4143317479316238,0.001358028985702824,6.0
1706529660000.0,41041,1706529660000.0,0.0020905003182117455,-4.393600000000001e-05,1041.461222194256,1041.473709946006,-0.02,10.984,0.11,10.879474984089413,long_nclose,1.1967422482498353,0.0011490991913538726,13.0
1706530740000.0,41059,1706530740000.0,0.0010452501591058727,-2.1968000000000004e-05,1041.4622454764149,1041.473797978006,-0.01,10.984,0.1,10.879474984089413,long_nclose,1.0879474984089412,0.0010446346021033741,18.0
1706531640000.0,41074,1706531640000.0,0.0010452501591058727,-2.1968000000000004e-05,1041.4632687585738,1041.4724060100057,-0.01,10.984,0.09,10.879474984089413,long_nclose,0.9791527485680471,0.0009401702181347203,15.0
1706532120000.0,41082,1706532120000.0,0.0,-0.006595076000000001,1041.4566736825739,1041.4509009340059,3.02,10.919,3.11,10.917856189250177,long_ientry_partial,33.95453274856805,0.03260292396850785,8.0
1706543700000.0,41275,1706543700000.0,0.05311334348240992,-0.0011242440000000002,1041.5086627820563,1041.7898366900058,-0.51,11.022,2.6,10.917856189250177,long_nclose,28.38642609205046,0.027255103204062874,193.0
1706543820000.0,41277,1706543820000.0,0.04478183862242405,-0.0009478920000000001,1041.5524967286785,1041.7958487980056,-0.43,11.022,2.17,10.917856189250177,long_nclose,23.691747930672882,0.022746571109074413,2.0
1706544060000.0,41281,1706544060000.0,0.060261838622423874,-0.0009509879999999999,1041.6118075793008,1041.8608778100056,-0.43,11.058,1.74,10.917856189250177,long_nclose,18.997069769295308,0.01823814748552474,4.0
1706544300000.0,41285,1706544300000.0,0.030201705117448775,-0.000639276,1041.6413700084183,1041.7880285340057,-0.29,11.022,1.45,10.917856189250177,long_nclose,15.830891474412756,0.015198024896308423,4.0
1706544600000.0,41290,1706544600000.0,0.02499451457995761,-0.0005290560000000001,1041.6658354669983,1041.7882194780057,-0.24,11.022,1.21,10.917856189250177,long_nclose,13.210605988992713,0.012682191869209334,5.0
1706544960000.0,41296,1706544960000.0,0.020828762149964677,-0.00044088000000000005,1041.6862233491481,1041.8065585980055,-0.2,11.022,1.01,10.917856189250177,long_nclose,11.02703475114268,0.010585754619744724,6.0
1706545140000.0,41299,1706545140000.0,0.028028762149964595,-0.00044232000000000006,1041.713809791298,1041.8289462780053,-0.2,11.058,0.81,10.917856189250177,long_nclose,8.843463513292644,0.008489340767273102,3.0
1706545260000.0,41301,1706545260000.0,0.03542876214996476,-0.0004438000000000001,1041.7487947534478,1041.8574624780051,-0.2,11.095,0.61,10.917856189250177,long_nclose,6.6598922754426075,0.006392992541948478,2.0
1706545500000.0,41305,1706545500000.0,0.026571571612473564,-0.00033285000000000004,1041.7750334750604,1041.8569796280053,-0.15,11.095,0.46,10.917856189250177,long_nclose,5.022213847055082,0.0048208237725782584,4.0
1706545800000.0,41310,1706545800000.0,0.019485819182480615,-0.00024409000000000003,1041.794275204243,1041.8506755380054,-0.11,11.095,0.35,10.917856189250177,long_nclose,3.8212496662375615,0.0036679503402803865,5.0
1706545860000.0,41311,1706545860000.0,0.014171504859985902,-0.00017752000000000002,1041.808269189103,1041.8571780180055,-0.08,11.095,0.27,10.917856189250177,long_nclose,2.947821171097548,0.0028295236832704355,1.0
1706545980000.0,41313,1706545980000.0,0.0191829429674841,-0.000200358,1041.8272517740704,1041.8688576600055,-0.09,11.131,0.18,10.917856189250177,long_nclose,1.9652141140650317,0.0018863147520076639,2.0
1706546160000.0,41316,1706546160000.0,0.0127886286449894,-0.00013357200000000001,1041.8399068307153,1041.8668040880052,-0.06,11.131,0.12,10.917856189250177,long_nclose,1.3101427427100212,0.0012575278928367076,3.0
1706546520000.0,41322,1706546520000.0,0.008525752429992935,-8.9048e-05,1041.8483435351452,1041.8657950400052,-0.04,11.131,0.08,10.917856189250177,long_nclose,0.8734284951400142,0.0008383451397315106,6.0
1706546640000.0,41324,1706546640000.0,0.004262876214996467,-4.4524e-05,1041.8525618873603,1041.8661905160052,-0.02,11.131,0.06,10.917856189250177,long_nclose,0.6550713713550106,0.0006287563090196955,2.0
1706547000000.0,41330,1706547000000.0,0.004262876214996467,-4.4524e-05,1041.8567802395753,1041.8651459920052,-0.02,11.131,0.04,10.917856189250177,long_nclose,0.4367142475700071,0.00041916917550758226,6.0
1706547060000.0,41331,1706547060000.0,0.0021314381074982337,-2.2262e-05,1041.8588894156828,1041.8660037300053,-0.01,11.131,0.03,10.917856189250177,long_nclose,0.3275356856775053,0.0003143762451949714,1.0
1706547540000.0,41339,1706547540000.0,0.0021314381074982337,-2.2262e-05,1041.8609985917903,1041.8655214680055,-0.01,11.131,0.02,10.917856189250177,long_nclose,0.21835712378500355,0.00020958373917455533,8.0
1706547600000.0,41340,1706547600000.0,0.0024914381074982294,-2.2334000000000003e-05,1041.8634676958977,1041.8660391340052,-0.01,11.167,0.01,10.917856189250177,long_nclose,0.10917856189250177,0.00010479162124184312,1.0
1706547720000.0,41342,1706547720000.0,0.0028514381074982256,-2.2406e-05,1041.8662967280052,1041.8662967280052,-0.01,11.203,0.0,10.917856189250177,long_nclose,0.0,0.0,2.0
1706575680000.0,41808,1706575680000.0,0.0,-0.0067987080000000005,1041.8594980200053,1041.9268180200054,3.06,11.109,3.06,11.109,long_ientry_normal,33.99354,0.03262775841138157,466.0
1706578200000.0,41850,1706578200000.0,0.054059999999999934,-0.00114393,1041.9124140900053,1042.1954640900053,-0.51,11.215,2.55,11.109,long_nclose,28.327949999999998,0.02718841777573148,42.0
1706578380000.0,41853,1706578380000.0,0.04451999999999994,-0.0009420600000000001,1041.9559920300053,1042.2052020300052,-0.42,11.215,2.13,11.109,long_nclose,23.66217,0.02270937561758232,3.0
1706578680000.0,41858,1706578680000.0,0.06006000000000029,-0.000945168,1042.0151068620053,1042.2664768620052,-0.42,11.252,1.71,11.109,long_nclose,18.996389999999998,0.01823043627189534,5.0
1706580300000.0,41885,1706580300000.0,0.029679999999999967,-0.0006280400000000001,1042.0441588220053,1042.2000288220054,-0.28,11.215,1.43,11.109,long_nclose,15.885869999999999,0.01524491055922085,27.0
1706580780000.0,41893,1706580780000.0,0.02437999999999997,-0.0005158900000000001,1042.0680229320053,1042.2048229320053,-0.23,11.215,1.2,11.109,long_nclose,13.3308,0.012792638970431041,8.0
1706581260000.0,41901,1706581260000.0,0.021199999999999976,-0.0004486,1042.0887743320052,1042.1957743320052,-0.2,11.215,1.0,11.109,long_nclose,11.109,0.01066032018924783,8.0
1706582100000.0,41915,1706582100000.0,0.01695999999999998,-0.00035888,1042.105375452005,1042.2019754520052,-0.16,11.215,0.84,11.109,long_nclose,9.33156,0.008954526307814608,14.0
1706582340000.0,41919,1706582340000.0,0.02288000000000011,-0.00036006400000000005,1042.127895388005,1042.227855388005,-0.16,11.252,0.68,11.109,long_nclose,7.55412,0.0072487456035206215,4.0
1706583900000.0,41945,1706583900000.0,0.011659999999999986,-0.00024673,1042.139308658005,1042.2037186580048,-0.11,11.215,0.57,11.109,long_nclose,6.332129999999999,0.0060760878583057,26.0
1706585520000.0,41972,1706585520000.0,0.0,-0.0055199839999999995,1042.1337886740048,1042.1390886740048,2.48,11.129,3.05,11.125262295081967,long_ientry_partial,33.93205,0.03256016681233858,27.0
1706599140000.0,42199,1706599140000.0,0.053368852459016125,-0.0011232,1042.1860343264639,1042.4582154740049,-0.5,11.232,2.55,11.125262295081967,long_nclose,28.369418852459013,0.02722106986474194,227.0
1706599740000.0,42209,1706599740000.0,0.044829836065573545,-0.000943488,1042.2299206745295,1042.4572719860048,-0.42,11.232,2.13,11.125262295081967,long_nclose,23.696808688524587,0.022736642096388916,10.0
1706599800000.0,42210,1706599800000.0,0.037358196721311285,-0.00078624,1042.2664926312507,1042.452925746005,-0.35,11.232,1.78,11.125262295081967,long_nclose,19.8029668852459,0.018999907437542565,1.0
1706599980000.0,42213,1706599980000.0,0.03095393442622935,-0.000651456,1042.2967951096769,1042.4483842900047,-0.29,11.232,1.49,11.125262295081967,long_nclose,16.576640819672132,0.015903954514153367,3.0
1706600220000.0,42217,1706600220000.0,0.025617049180327738,-0.000539136,1042.321873022857,1042.4577951540045,-0.24,11.232,1.25,11.125262295081967,long_nclose,13.906577868852459,0.01334192271003748,4.0
1706602560000.0,42256,1706602560000.0,0.02134754098360645,-0.00044928000000000004,1042.3427712838406,1042.4600958740045,-0.2,11.232,1.05,11.125262295081967,long_nclose,11.681525409836066,0.011206990379420079,39.0
1706602800000.0,42260,1706602800000.0,0.018145409836065485,-0.00038188800000000004,1042.3605348056767,1042.4606239860045,-0.17,11.232,0.88,11.125262295081967,long_nclose,9.79023081967213,0.00939236520643722,4.0
1706603820000.0,42277,1706603820000.0,0.02443540983606562,-0.00038314600000000006,1042.3845870695127,1042.4880608400044,-0.17,11.269,0.71,11.125262295081967,long_nclose,7.898936229508196,0.007577756163600533,17.0
1706603940000.0,42279,1706603940000.0,0.02012327868852463,-0.00031553200000000004,1042.4043948162011,1042.4880353080043,-0.14,11.269,0.57,11.125262295081967,long_nclose,6.34139950819672,0.0060834351233859186,2.0
1706606040000.0,42314,1706606040000.0,0.015811147540983637,-0.000247918,1042.419958045742,1042.4879173900044,-0.11,11.269,0.46,11.125262295081967,long_nclose,5.117620655737705,0.0049093655740550775,35.0
1706609760000.0,42376,1706609760000.0,0.007471639344262258,-0.00015724800000000002,1042.4272724370862,1042.4692901420042,-0.07,11.232,0.39,11.125262295081967,long_nclose,4.338852295081967,0.0041622589985948685,62.0
1706610300000.0,42385,1706610300000.0,0.0064042622950819346,-0.000134784,1042.4335419153813,1042.4714053580042,-0.06,11.232,0.33,11.125262295081967,long_nclose,3.671336557377049,0.003521890278617941,9.0
1706610720000.0,42392,1706610720000.0,0.005336885245901613,-0.00011232000000000001,1042.4387664806272,1042.4686530380043,-0.05,11.232,0.28,11.125262295081967,long_nclose,3.115073442622951,0.0029882555626166286,7.0
1706610780000.0,42393,1706610780000.0,0.00426950819672129,-8.9856e-05,1042.442946132824,1042.4688031820044,-0.04,11.232,0.24,11.125262295081967,long_nclose,2.670062950819672,0.002561351641089682,1.0
1706612280000.0,42418,1706612280000.0,0.005749508196721323,-9.0152e-05,1042.4486054890208,1042.4791530300045,-0.04,11.269,0.2,11.125262295081967,long_nclose,2.2250524590163936,0.0021344481131255425,25.0
1706612460000.0,42421,1706612460000.0,0.005749508196721323,-9.0152e-05,1042.4542648452175,1042.4777428780044,-0.04,11.269,0.16,11.125262295081967,long_nclose,1.7800419672131147,0.001707549220375067,3.0
1706614140000.0,42449,1706614140000.0,0.004312131147540992,-6.7614e-05,1042.458509362365,1042.4782352640043,-0.03,11.269,0.13,11.125262295081967,long_nclose,1.4462840983606557,0.0013873780926257646,28.0
1706614320000.0,42452,1706614320000.0,0.005392131147540979,-6.782999999999999e-05,1042.4638336635126,1042.4815074340045,-0.03,11.305,0.1,11.125262295081967,long_nclose,1.1125262295081968,0.001067208466694202,3.0
1706614380000.0,42453,1706614380000.0,0.003594754098360653,-4.5220000000000004e-05,1042.467383197611,1042.4818422140045,-0.02,11.305,0.08,11.125262295081967,long_nclose,0.8900209836065573,0.0008537638663346497,1.0
1706614560000.0,42456,1706614560000.0,0.003594754098360653,-4.5220000000000004e-05,1042.4709327317096,1042.4818369940047,-0.02,11.305,0.06,11.125262295081967,long_nclose,0.667515737704918,0.0006403207195003008,3.0
1706614680000.0,42458,1706614680000.0,0.0017973770491803264,-2.2610000000000002e-05,1042.4727074987586,1042.4819443840045,-0.01,11.305,0.05,11.125262295081967,long_nclose,0.5562631147540984,0.0005335996911504379,2.0
1706615220000.0,42467,1706615220000.0,0.0017973770491803264,-2.2610000000000002e-05,1042.4744822658076,1042.4817117740045,-0.01,11.305,0.04,11.125262295081967,long_nclose,0.4450104918032787,0.00042687902617630783,9.0
1706615400000.0,42470,1706615400000.0,0.0017973770491803264,-2.2610000000000002e-05,1042.4762570328567,1042.4817391640042,-0.01,11.305,0.03,11.125262295081967,long_nclose,0.333757868852459,0.00032015872457605494,3.0
1706615580000.0,42473,1706615580000.0,0.0017973770491803264,-2.2610000000000002e-05,1042.4780317999057,1042.481686554004,-0.01,11.305,0.02,11.125262295081967,long_nclose,0.22250524590163934,0.0002134387863478232,3.0
1706615700000.0,42475,1706615700000.0,0.0017973770491803264,-2.2610000000000002e-05,1042.4798065669547,1042.481623944004,-0.01,11.305,0.01,11.125262295081967,long_nclose,0.11125262295081967,0.00010671921148975687,2.0
1706616360000.0,42486,1706616360000.0,0.0017973770491803264,-2.2610000000000002e-05,1042.4815813340037,1042.4815813340037,-0.01,11.305,0.0,11.125262295081967,long_nclose,0.0,0.0,11.0
1706617860000.0,42511,1706617860000.0,0.0,-0.0068047360000000005,1042.4747765980037,1042.4930165980038,3.04,11.192,3.04,11.192,long_ientry_normal,34.02368,0.03263741316699514,25.0
1706629740000.0,42709,1706629740000.0,0.05349999999999966,-0.0011299,1042.5271466980037,1042.8040066980036,-0.5,11.299,2.54,11.192,long_nclose,28.427680000000002,0.027268047733854217,198.0
1706629860000.0,42711,1706629860000.0,0.04493999999999971,-0.000949116,1042.5711375820038,1042.7937375820038,-0.42,11.299,2.12,11.192,long_nclose,23.727040000000002,0.02275819763726554,2.0
1706631720000.0,42742,1706631720000.0,0.03744999999999976,-0.0007909299999999999,1042.6077966520038,1042.8007266520037,-0.35,11.299,1.77,11.192,long_nclose,19.80984,0.0190002799361494,31.0
1706632260000.0,42751,1706632260000.0,0.05040000000000004,-0.00079352,1042.657403132004,1042.891703132004,-0.35,11.336,1.42,11.192,long_nclose,15.89264,0.01524243721116891,9.0
1706632380000.0,42753,1706632380000.0,0.0633499999999997,-0.0007961099999999999,1042.7199570220039,1042.903997022004,-0.35,11.373,1.07,11.192,long_nclose,11.97544,0.011484809434550115,2.0
1706632440000.0,42754,1706632440000.0,0.04705999999999978,-0.000591396,1042.766425626004,1042.917085626004,-0.26,11.373,0.81,11.192,long_nclose,9.065520000000001,0.008693720642719865,1.0
1706632860000.0,42761,1706632860000.0,0.036199999999999836,-0.00045492,1042.802170706004,1042.915020706004,-0.2,11.373,0.61,11.192,long_nclose,6.82712,0.006546898531461498,7.0
1706633340000.0,42769,1706633340000.0,0.027149999999999872,-0.00034119,1042.828979516004,1042.914079516004,-0.15,11.373,0.46,11.192,long_nclose,5.14832,0.0049368785305423995,8.0
1706633820000.0,42777,1706633820000.0,0.019909999999999907,-0.000250206,1042.848639310004,1042.912339310004,-0.11,11.373,0.35,11.192,long_nclose,3.9172,0.003756249806867272,8.0
1706634000000.0,42780,1706634000000.0,0.014479999999999934,-0.00018196800000000002,1042.862937342004,1042.910457342004,-0.08,11.373,0.27,11.192,long_nclose,3.02184,0.002897638694210298,3.0
1706634360000.0,42786,1706634360000.0,0.01085999999999995,-0.000136476,1042.873660866004,1042.912300866004,-0.06,11.373,0.21,11.192,long_nclose,2.35032,0.0022536958101408854,6.0
1706634780000.0,42793,1706634780000.0,0.009049999999999959,-0.00011373,1042.8825971360038,1042.9117171360037,-0.05,11.373,0.16,11.192,long_nclose,1.79072,0.0017170868561022404,7.0
1706634960000.0,42796,1706634960000.0,0.007239999999999967,-9.098400000000001e-05,1042.8897461520037,1042.9126661520038,-0.04,11.373,0.12,11.192,long_nclose,1.34304,0.0012878063140954966,3.0
1706635200000.0,42800,1706635200000.0,0.005429999999999975,-6.8238e-05,1042.8951079140036,1042.9112179140036,-0.03,11.373,0.09,11.192,long_nclose,1.00728,0.0009658497698917767,4.0
1706635560000.0,42806,1706635560000.0,0.0036199999999999835,-4.5492000000000004e-05,1042.8986824220035,1042.9117024220036,-0.02,11.373,0.07,11.192,long_nclose,0.7834400000000001,0.0007512139129187098,6.0
1706635680000.0,42808,1706635680000.0,0.0018099999999999917,-2.2746000000000002e-05,1042.9004696760035,1042.9113296760036,-0.01,11.373,0.06,11.192,long_nclose,0.67152,0.0006438965361753267,2.0
1706635860000.0,42811,1706635860000.0,0.0018099999999999917,-2.2746000000000002e-05,1042.9022569300034,1042.9116569300033,-0.01,11.373,0.05,11.192,long_nclose,0.5596,0.0005365795272581894,3.0
1706636100000.0,42815,1706636100000.0,0.0018099999999999917,-2.2746000000000002e-05,1042.9040441840034,1042.9112441840034,-0.01,11.373,0.04,11.192,long_nclose,0.44768,0.0004292628861654066,4.0
1706636400000.0,42820,1706636400000.0,0.0018099999999999917,-2.2746000000000002e-05,1042.9058314380034,1042.9115014380034,-0.01,11.373,0.03,11.192,long_nclose,0.33576,0.00032194661289508726,5.0
1706636880000.0,42828,1706636880000.0,0.0018099999999999917,-2.2746000000000002e-05,1042.9076186920033,1042.9112786920034,-0.01,11.373,0.02,11.192,long_nclose,0.22384,0.00021463070744534042,8.0
1706637060000.0,42831,1706637060000.0,0.0018099999999999917,-2.2746000000000002e-05,1042.9094059460033,1042.9112659460034,-0.01,11.373,0.01,11.192,long_nclose,0.11192,0.000107315169814275,3.0
1706639160000.0,42866,1706639160000.0,0.0018099999999999917,-2.2746000000000002e-05,1042.9111932000033,1042.9111932000033,-0.01,11.373,0.0,11.192,long_nclose,0.0,0.0,35.0
1706653860000.0,43111,1706653860000.0,0.0,-0.0067953760000000005,1042.9043978240034,1042.8983778240033,3.01,11.288,3.01,11.288,long_ientry_normal,33.97688,0.032579093607134076,245.0
1706660160000.0,43216,1706660160000.0,0.0,-0.006787704000000001,1042.8976101200033,1042.2523501200033,3.08,11.019,6.09,11.151954022988505,long_rentry,67.91539999999999,0.06512182916229442,105.0
1706662920000.0,43262,1706662920000.0,0.10811643678161005,-0.0022743180000000004,1043.0034522387848,1044.7715258020032,-1.01,11.259,5.08,11.151954022988505,long_nclose,56.65192643678161,0.0543161447022821,46.0
1706662920000.0,43262,1706662920000.0,0.14548643678160908,-0.002281792,1043.1466568835663,1044.5632040100031,-1.01,11.296,4.07,11.151954022988505,long_nclose,45.38845287356322,0.04351109460405372,0.0
1706662920000.0,43262,1706662920000.0,0.1828564367816099,-0.002289266,1043.3272240543479,1044.3922447440032,-1.01,11.333,3.06,11.151954022988505,long_nclose,34.12497931034483,0.032707839423317134,0.0
1706662920000.0,43262,1706662920000.0,0.22022643678160891,-0.00229674,1043.5451537511294,1044.258648004003,-1.01,11.37,2.05,11.151954022988505,long_nclose,22.861505747126433,0.021907538610043294,0.0
1706662920000.0,43262,1706662920000.0,0.25759643678160976,-0.002304214,1043.8004459739109,1044.1624137900028,-1.01,11.407,1.04,11.151954022988505,long_nclose,11.598032183908046,0.011111350094401024,0.0
1706662920000.0,43262,1706662920000.0,0.30268781609195416,-0.0023801440000000003,1044.1007536460029,1044.1007536460029,-1.04,11.443,0.0,11.151954022988505,long_nclose,0.0,0.0,0.0
1706682240000.0,43584,1706682240000.0,0.0,-0.006816860000000002,1044.0939367860028,1044.135236786003,2.95,11.554,2.95,11.554,long_ientry_normal,34.084300000000006,0.032644859623378805,322.0
1706688300000.0,43685,1706688300000.0,0.05389999999999972,-0.001143072,1044.1466937140028,1044.3164337140029,-0.49,11.664,2.46,11.554,long_nclose,28.42284,0.027221117656275568,101.0
1706689500000.0,43705,1706689500000.0,0.0,-0.006795977999999999,1044.139897736003,1043.482527736003,3.01,11.289,5.47,11.408177330895796,long_rentry,62.402730000000005,0.059764721313022476,20.0
1706692260000.0,43751,1706692260000.0,0.0,-0.006807418,1044.1330903180028,1042.3079303180027,3.07,11.087,8.54,11.292718969555036,long_rentry,96.43982,0.0923635319043745,46.0
1706698020000.0,43847,1706698020000.0,0.0,-0.006812208,1044.1262781100029,1040.707758110003,3.12,10.917,11.66,11.192183533447682,long_rentry,130.50086,0.12498570597822958,96.0
1706714220000.0,44117,1706714220000.0,0.0,-0.008351312,1044.1179267980028,1039.0242867980028,3.88,10.762,15.54,11.084776061776061,long_rentry,172.25742,0.16497889326377332,270.0
1706760600000.0,44890,1706760600000.0,0.275120000000003,-0.005796938000000001,1044.3872498600028,1045.322549860003,-2.59,11.191,12.95,11.084776061776061,long_nclose,143.54784999999998,0.13744695755261485,773.0
1706760660000.0,44891,1706760660000.0,0.22838146718146968,-0.00481213,1044.6108191971844,1045.693237730003,-2.15,11.191,10.8,11.084776061776061,long_nclose,119.71558146718147,0.1146030457153283,1.0
1706760720000.0,44892,1706760720000.0,0.1912030888030909,-0.004028760000000001,1044.7979935259875,1045.385008970003,-1.8,11.191,9.0,11.084776061776061,long_nclose,99.76298455598456,0.0954854289289972,1.0
1706761140000.0,44899,1706761140000.0,0.15933590733590908,-0.0033573,1044.9539721333233,1045.9381516700028,-1.5,11.191,7.5,11.084776061776061,long_nclose,83.13582046332046,0.07955931330984342,7.0
1706761140000.0,44899,1706761140000.0,0.21483590733590763,-0.0033684,1045.1654396406593,1045.952783270003,-1.5,11.228,6.0,11.084776061776061,long_nclose,66.50865637065637,0.06363457290888117,0.0
1706761200000.0,44900,1706761200000.0,0.1718687258687261,-0.00269472,1045.3346136465282,1045.921288550003,-1.2,11.228,4.8,11.084776061776061,long_nclose,53.20692509652509,0.05089941957524866,1.0
1706761260000.0,44901,1706761260000.0,0.13749498069498087,-0.002155776,1045.469952851223,1045.973852774003,-0.96,11.228,3.84,11.084776061776061,long_nclose,42.56554007722007,0.040714264394815576,1.0
1706761320000.0,44902,1706761320000.0,0.1088501930501932,-0.001706656,1045.5770963882733,1046.067506118003,-0.76,11.228,3.08,11.084776061776061,long_nclose,34.14111027027027,0.03265288651425473,1.0
1706761500000.0,44905,1706761500000.0,0.054174208494209085,-0.001141482,1045.6301291147674,1045.926254636003,-0.51,11.191,2.57,11.084776061776061,long_nclose,28.487874478764475,0.027244695505170998,3.0
1706761800000.0,44910,1706761800000.0,0.04461405405405454,-0.000940044,1045.6738031248217,1045.8376845920031,-0.42,11.191,2.15,11.084776061776061,long_nclose,23.83226853281853,0.022791303044601263,5.0
1706762160000.0,44916,1706762160000.0,0.037178378378378785,-0.00078337,1045.7101981332003,1045.8510012220033,-0.35,11.191,1.8,11.084776061776061,long_nclose,19.95259691119691,0.019080426820754205,6.0
1706762220000.0,44917,1706762220000.0,0.031867181467181815,-0.00067146,1045.7413938546674,1045.9502297620033,-0.3,11.191,1.5,11.084776061776061,long_nclose,16.627164092664092,0.015899881357259213,1.0
1706762280000.0,44918,1706762280000.0,0.04296718146718152,-0.00067368,1045.7836873561346,1045.9639560820033,-0.3,11.228,1.2,11.084776061776061,long_nclose,13.301731274131273,0.01271939066840833,1.0
1706762580000.0,44923,1706762580000.0,0.021244787644787877,-0.0004476400000000001,1045.8044845037793,1045.9027084420034,-0.2,11.191,1.0,11.084776061776061,long_nclose,11.084776061776061,0.010599281439336765,5.0
1706762640000.0,44924,1706762640000.0,0.016995830115830304,-0.00035811200000000006,1045.8211222218952,1045.9237903300034,-0.16,11.191,0.84,11.084776061776061,long_nclose,9.311211891891892,0.00890325476703874,1.0
1706762760000.0,44926,1706762760000.0,0.014871351351351515,-0.0003133480000000001,1045.8356802252465,1045.8946369820032,-0.14,11.191,0.7,11.084776061776061,long_nclose,7.759343243243243,0.007419275694984968,2.0
1706765700000.0,44975,1706765700000.0,0.011684633204633333,-0.00024620200000000005,1045.8471186564511,1045.9139207800033,-0.11,11.191,0.59,11.084776061776061,long_nclose,6.540017876447876,0.006253321121015774,49.0
1706765820000.0,44977,1706765820000.0,0.009560154440154544,-0.00020143800000000002,1045.8564773728913,1045.8990893420032,-0.09,11.191,0.5,11.084776061776061,long_nclose,5.542388030888031,0.0052993772575851625,2.0
1706765880000.0,44978,1706765880000.0,0.008497915057915152,-0.00017905600000000003,1045.8647962319492,1045.9329302860033,-0.08,11.191,0.42,11.084776061776061,long_nclose,4.655605945945946,0.004451441489109495,1.0
1706765880000.0,44978,1706765880000.0,0.011457915057915073,-0.00017964800000000003,1045.876074499007,1045.9312306380032,-0.08,11.228,0.34,11.084776061776061,long_nclose,3.768823861003861,0.003603509013062751,0.0
1706766000000.0,44980,1706766000000.0,0.008593436293436304,-0.000134736,1045.8845331993004,1045.9260359020032,-0.06,11.228,0.28,11.084776061776061,long_nclose,3.1037372972972976,0.0029675716570768517,2.0
1706766060000.0,44981,1706766060000.0,0.012545675675675662,-0.00015769600000000003,1045.896921178976,1045.9335082060031,-0.07,11.264,0.21,11.084776061776061,long_nclose,2.327802972972973,0.0022256523810673255,1.0
1706766120000.0,44982,1706766120000.0,0.0089611969111969,-0.00011264,1045.9057697358874,1045.9350855660032,-0.05,11.264,0.16,11.084776061776061,long_nclose,1.7735641698841698,0.0016957208012458244,1.0
1706766300000.0,44985,1706766300000.0,0.004296718146718152,-6.7368e-05,1045.909999086034,1045.9287481980032,-0.03,11.228,0.13,11.084776061776061,long_nclose,1.4410208880308881,0.0013777675797058263,3.0
1706766480000.0,44988,1706766480000.0,0.002864478764478768,-4.4912000000000006e-05,1045.9128186527985,1045.930003286003,-0.02,11.228,0.11,11.084776061776061,long_nclose,1.2193253667953667,0.0011658001939071122,3.0
1706766480000.0,44988,1706766480000.0,0.00358447876447876,-4.5056e-05,1045.9163580755628,1045.930418230003,-0.02,11.264,0.09,11.084776061776061,long_nclose,0.9976298455598455,0.0009538332944667179,0.0
1706766780000.0,44993,1706766780000.0,0.00358447876447876,-4.5056e-05,1045.9198974983271,1045.934123174003,-0.02,11.264,0.07,11.084776061776061,long_nclose,0.7759343243243244,0.0007418678296303904,5.0
1706766780000.0,44993,1706766780000.0,0.004324478764478777,-4.5204e-05,1045.9241767730916,1045.9343379700028,-0.02,11.301,0.05,11.084776061776061,long_nclose,0.5542388030888031,0.0005299034245472296,0.0
1706766960000.0,44996,1706766960000.0,0.00179223938223938,-2.2528e-05,1045.9259464844738,1045.9317554420027,-0.01,11.264,0.04,11.084776061776061,long_nclose,0.44339104247104244,0.00042392202235861097,3.0
1706767080000.0,44998,1706767080000.0,0.001432239382239384,-2.2456000000000003e-05,1045.927356267856,1045.9316229860028,-0.01,11.228,0.03,11.084776061776061,long_nclose,0.3325432818532818,0.00031794108822230606,2.0
1706767140000.0,44999,1706767140000.0,0.001432239382239384,-2.2456000000000003e-05,1045.9287660512384,1045.931950530003,-0.01,11.228,0.02,11.084776061776061,long_nclose,0.22169552123552122,0.00021196043978453948,1.0
1706767440000.0,45004,1706767440000.0,0.001062239382239394,-2.2382000000000004e-05,1045.9298059086207,1045.9307981480029,-0.01,11.191,0.01,11.084776061776061,long_nclose,0.11084776061776061,0.00010598011452734621,5.0
1706767500000.0,45005,1706767500000.0,0.001062239382239394,-2.2382000000000004e-05,1045.930845766003,1045.930845766003,-0.01,11.191,0.0,11.084776061776061,long_nclose,0.0,0.0,1.0
1706778840000.0,45194,1706778840000.0,0.0,-0.0068117279999999995,1045.924034038003,1045.859354038003,3.08,11.058,3.08,11.058,long_ientry_normal,34.05864,0.0325632062096419,189.0
1706832000000.0,46080,1706832000000.0,0.054059999999999934,-0.001138728,1045.976955310003,1046.293065310003,-0.51,11.164,2.57,11.058,long_nclose,28.419059999999998,0.027169872008869698,886.0
1706832000000.0,46080,1706832000000.0,0.07241999999999972,-0.0011424,1046.048232910003,1046.301612910003,-0.51,11.2,2.06,11.058,long_nclose,22.77948,0.021776701382717062,0.0
1706832720000.0,46092,1706832720000.0,0.03603999999999996,-0.000759152,1046.083513758003,1046.1935937580029,-0.34,11.164,1.72,11.058,long_nclose,19.019759999999998,0.018181875299489673,12.0
1706833140000.0,46099,1706833140000.0,0.029679999999999967,-0.0006251840000000001,1046.112568574003,1046.273848574003,-0.28,11.164,1.44,11.058,long_nclose,15.92352,0.015221612356408233,7.0
1706833380000.0,46103,1706833380000.0,0.02543999999999997,-0.0005358720000000001,1046.137472702003,1046.2682727020028,-0.24,11.164,1.2,11.058,long_nclose,13.269599999999999,0.012684374994929472,4.0
1706833740000.0,46109,1706833740000.0,0.021199999999999976,-0.00044656000000000003,1046.1582261420028,1046.271226142003,-0.2,11.164,1.0,11.058,long_nclose,11.058,0.010570102804409832,6.0
1706833920000.0,46112,1706833920000.0,0.01695999999999998,-0.000357248,1046.1748288940028,1046.2411888940028,-0.16,11.164,0.84,11.058,long_nclose,9.28872,0.008878745448138785,3.0
1706837040000.0,46164,1706837040000.0,0.014839999999999983,-0.00031259200000000005,1046.1893563020028,1046.2537563020028,-0.14,11.164,0.7,11.058,long_nclose,7.7406,0.007398851798073087,52.0
1706837100000.0,46165,1706837100000.0,0.011659999999999986,-0.000245608,1046.2007706940028,1046.2639006940028,-0.11,11.164,0.59,11.058,long_nclose,6.52422,0.0062361070482409645,1.0
1706843580000.0,46273,1706843580000.0,0.0,-0.005527521999999999,1046.1952431720028,1046.164413172003,2.51,11.011,3.1,11.01994516129032,long_ientry_partial,34.161829999999995,0.03265339832402919,108.0
1706920200000.0,47550,1706920200000.0,0.05357796774193698,-0.0011347500000000001,1046.2476863897448,1046.5586284220028,-0.51,11.125,2.59,11.01994516129032,long_nclose,28.541657967741926,0.02728002015108847,1277.0
1706920860000.0,47561,1706920860000.0,0.04517358064516255,-0.0009567499999999999,1046.2919032203902,1046.520981672003,-0.43,11.125,2.16,11.01994516129032,long_nclose,23.80308154838709,0.022749943371561412,11.0
1706921040000.0,47564,1706921040000.0,0.03781974193548492,-0.0008010000000000001,1046.3289219623257,1046.516220672003,-0.36,11.125,1.8,11.01994516129032,long_nclose,19.835901290322575,0.01895761540560454,3.0
1706933220000.0,47767,1706933220000.0,0.0,-0.0028587,1046.3260632623258,1046.2656619720033,1.3,10.995,3.1,11.00948428720083,long_ientry_partial,34.129401290322576,0.03261832280456723,203.0
1706951760000.0,48076,1706951760000.0,0.05381301352757644,-0.0011337300000000001,1046.3787425458534,1046.6546182420032,-0.51,11.115,2.59,11.00948428720083,long_nclose,28.51456430385015,0.027250710612176463,309.0
1706951880000.0,48078,1706951880000.0,0.045371756503642884,-0.00095589,1046.4231584123572,1046.6553923520034,-0.43,11.115,2.16,11.00948428720083,long_nclose,23.780486060353795,0.02272549672585015,2.0
1706953260000.0,48101,1706953260000.0,0.037985656607701014,-0.0008002800000000001,1046.4603437889648,1046.6448720720034,-0.36,11.115,1.8,11.00948428720083,long_nclose,19.817071716961497,0.01893724099014489,23.0
1706953320000.0,48102,1706953320000.0,0.031654713839750846,-0.0006669,1046.4913316028046,1046.6466051720033,-0.3,11.115,1.5,11.00948428720083,long_nclose,16.514226430801244,0.015780566863853596,1.0
1706953380000.0,48103,1706953380000.0,0.026378928199792373,-0.00055575,1046.5171547810044,1046.6527994220032,-0.25,11.115,1.25,11.00948428720083,long_nclose,13.76185535900104,0.013150147894021733,1.0
1706955000000.0,48130,1706955000000.0,0.0211031425598339,-0.0004446000000000001,1046.5378133235643,1046.6433548220034,-0.2,11.115,1.05,11.00948428720083,long_nclose,11.559958501560873,0.011045906181687878,27.0
1706955060000.0,48131,1706955060000.0,0.017937671175858816,-0.00037791,1046.55537308474,1046.6491069120034,-0.17,11.115,0.88,11.00948428720083,long_nclose,9.68834617273673,0.009257366042830742,1.0
1706955360000.0,48136,1706955360000.0,0.01477219979188373,-0.0003112200000000001,1046.569834064532,1046.6486556920033,-0.14,11.115,0.74,11.00948428720083,long_nclose,8.147018372528615,0.007784495699525643,5.0
1706955540000.0,48139,1706955540000.0,0.01266188553590034,-0.00026676,1046.582229190068,1046.6482689320035,-0.12,11.115,0.62,11.00948428720083,long_nclose,6.825880258064515,0.006522067800966721,3.0
1706958180000.0,48183,1706958180000.0,0.01055157127991695,-0.00022230000000000004,1046.5925584613478,1046.6474266320033,-0.1,11.115,0.52,11.00948428720083,long_nclose,5.724931829344432,0.005470067394479627,44.0
1706958240000.0,48184,1706958240000.0,0.008441257023933559,-0.00017784000000000002,1046.6008218783716,1046.6481287920033,-0.08,11.115,0.44,11.00948428720083,long_nclose,4.844173086368365,0.004628482020178769,1.0
1706958420000.0,48187,1706958420000.0,0.007386099895941865,-0.00015561000000000004,1046.6080523682674,1046.647833182003,-0.07,11.115,0.37,11.00948428720083,long_nclose,4.073509186264308,0.0038921057190863004,3.0
1706963580000.0,48273,1706963580000.0,0.00633094276795017,-0.00013338,1046.6142499310354,1046.6485098020032,-0.06,11.115,0.31,11.00948428720083,long_nclose,3.4129401290322576,0.003260934130466069,86.0
1706964720000.0,48292,1706964720000.0,0.005275785639958475,-0.00011115000000000002,1046.6194145666752,1046.647888652003,-0.05,11.115,0.26,11.00948428720083,long_nclose,2.862465914672216,0.0027349635166641195,19.0
1706965500000.0,48305,1706965500000.0,0.0070757856399584545,-0.00011151000000000001,1046.6263788423153,1046.656307142003,-0.05,11.151,0.21,11.00948428720083,long_nclose,2.3119917003121744,0.0022089942954328107,13.0
1706965920000.0,48312,1706965920000.0,0.008925785639958494,-0.00011188,1046.6351927479552,1046.661675262003,-0.05,11.188,0.16,11.00948428720083,long_nclose,1.761517485952133,0.0016830290994966875,7.0
1706966100000.0,48315,1706966100000.0,0.007140628511966796,-8.950400000000002e-05,1046.6422438724671,1046.664505758003,-0.04,11.188,0.12,11.00948428720083,long_nclose,1.3211381144640997,0.001262263320823003,3.0
1706967780000.0,48343,1706967780000.0,0.005355471383975096,-6.7128e-05,1046.6475322158512,1046.6638686300032,-0.03,11.188,0.09,11.00948428720083,long_nclose,0.9908535858480747,0.00094669270728642,28.0
1706968260000.0,48351,1706968260000.0,0.003570314255983398,-4.475200000000001e-05,1046.6510577781073,1046.6629938780034,-0.02,11.188,0.07,11.00948428720083,long_nclose,0.7706639001040583,0.0007363140698869298,8.0
1706968440000.0,48354,1706968440000.0,0.001785157127991699,-2.2376000000000004e-05,1046.6528205592354,1046.6641315020033,-0.01,11.188,0.06,11.00948428720083,long_nclose,0.6605690572320498,0.0006311252826692831,3.0
1706968920000.0,48362,1706968920000.0,0.001785157127991699,-2.2376000000000004e-05,1046.6545833403634,1046.6637091260034,-0.01,11.188,0.05,11.00948428720083,long_nclose,0.5504742143600415,0.0005259368497706486,8.0
1706969220000.0,48367,1706969220000.0,0.001785157127991699,-2.2376000000000004e-05,1046.6563461214914,1046.6634467500035,-0.01,11.188,0.04,11.00948428720083,long_nclose,0.44037937148803324,0.00042074877118923604,5.0
1706969280000.0,48368,1706969280000.0,0.001785157127991699,-2.2376000000000004e-05,1046.6581089026195,1046.6636443740035,-0.01,11.188,0.03,11.00948428720083,long_nclose,0.3302845286160249,0.00031556104692325506,1.0
1706969520000.0,48372,1706969520000.0,0.0014151571279916908,-2.2302e-05,1046.6595017577474,1046.6625320720034,-0.01,11.151,0.02,11.00948428720083,long_nclose,0.22018968574401662,0.00021037375132431578,4.0
1706970120000.0,48382,1706970120000.0,0.001785157127991699,-2.2376000000000004e-05,1046.6612645388755,1046.6630796960035,-0.01,11.188,0.01,11.00948428720083,long_nclose,0.11009484287200831,0.00010518669850700215,10.0
1706970540000.0,48389,1706970540000.0,0.001785157127991699,-2.2376000000000004e-05,1046.6630273200035,1046.6630273200035,-0.01,11.188,0.0,11.00948428720083,long_nclose,0.0,0.0,7.0
1706995380000.0,48803,1706995380000.0,0.0,-0.006815232000000001,1046.6562120880035,1046.6684520880035,3.06,11.136,3.06,11.136,long_ientry_normal,34.07616,0.03255716595998654,414.0
1707002040000.0,48914,1707002040000.0,0.054570000000000556,-0.0011467860000000001,1046.7096353020036,1046.9850353020036,-0.51,11.243,2.55,11.136,long_nclose,28.396799999999995,0.027129586890452924,111.0
1707003300000.0,48935,1707003300000.0,0.04494000000000046,-0.000944412,1046.7536308900035,1046.9836708900034,-0.42,11.243,2.13,11.136,long_nclose,23.719679999999997,0.022660231882675498,21.0
1707005160000.0,48966,1707005160000.0,0.0,-0.0020722260000000004,1046.7515586640034,1046.7928086640034,0.93,11.141,3.06,11.137519607843137,long_ientry_partial,34.08081,0.03255864270553199,31.0
1707073680000.0,50108,1707073680000.0,0.0,-0.006827616000000001,1046.7447310480034,1045.9942410480035,3.14,10.872,6.2,11.003046774193548,long_rentry,68.21889,0.06517242263230605,1142.0
1707095400000.0,50470,1707095400000.0,0.0,-0.006816391999999999,1046.7379146560033,1044.9757946560032,3.19,10.684,9.39,10.894659211927582,long_rentry,102.30085,0.09773301278918499,362.0
1707127500000.0,51005,1707127500000.0,0.1627716293929729,-0.0034316880000000004,1046.897254597396,1047.7377329680032,-1.56,10.999,7.83,10.894659211927582,long_nclose,85.30518162939296,0.0814838144381214,535.0
1707127980000.0,51013,1707127980000.0,0.1356430244941441,-0.0028597400000000004,1047.0300378818902,1047.730973228003,-1.3,10.999,6.53,10.894659211927582,long_nclose,71.14212465388711,0.06794659377471678,8.0
1707128400000.0,51020,1707128400000.0,0.11268805111821202,-0.002375784,1047.1403501490086,1047.7253574440033,-1.08,10.999,5.45,10.894659211927582,long_nclose,59.37589270500533,0.05670289822807049,7.0
1707129120000.0,51032,1707129120000.0,0.09390670926517668,-0.00197982,1047.2322770382737,1047.7115776240032,-0.9,10.999,4.55,10.894659211927582,long_nclose,49.57069941427049,0.04733496140365698,12.0
1707129360000.0,51036,1707129360000.0,0.0782555910543139,-0.00164985,1047.308882779328,1047.7243777740032,-0.75,10.999,3.8,10.894659211927582,long_nclose,41.39970500532481,0.03952960362129181,4.0
1707129480000.0,51038,1707129480000.0,0.06573469648562368,-0.0013858740000000003,1047.3732316018136,1047.7166719000031,-0.63,10.999,3.17,10.894659211927582,long_nclose,34.53606970181043,0.032973985452150856,2.0
1707129660000.0,51041,1707129660000.0,0.05425720979765764,-0.0011438960000000001,1047.4263449156113,1047.7319980040031,-0.52,10.999,2.65,10.894659211927582,long_nclose,28.87084691160809,0.027563605834197487,3.0
1707130380000.0,51053,1707130380000.0,0.045909946751864154,-0.0009679120000000001,1047.471286950363,1047.7018800920032,-0.44,10.999,2.21,10.894659211927582,long_nclose,24.077196858359954,0.022986020865983805,12.0
1707130440000.0,51054,1707130440000.0,0.037562683706070674,-0.0007919280000000001,1047.5080577060692,1047.708488164003,-0.36,10.999,1.85,10.894659211927582,long_nclose,20.15511954206603,0.019241016232565876,1.0
1707130680000.0,51058,1707130680000.0,0.03130223642172556,-0.00065994,1047.5387000024907,1047.701978224003,-0.3,10.999,1.55,10.894659211927582,long_nclose,16.886721778487754,0.0161203798756529,4.0
1707130800000.0,51060,1707130800000.0,0.026085197018104633,-0.00054995,1047.5642352495088,1047.7128782740028,-0.25,10.999,1.3,10.894659211927582,long_nclose,14.163056975505857,0.013519989036407396,2.0
1707132900000.0,51095,1707132900000.0,0.036488604898828714,-0.0005738200000000001,1047.6001500344075,1047.7513044540028,-0.26,11.035,1.04,10.894659211927582,long_nclose,11.330445580404685,0.010815620425438604,35.0
1707133440000.0,51104,1707133440000.0,0.028068157614483627,-0.0004414000000000001,1047.627776792022,1047.7490230540027,-0.2,11.035,0.84,10.894659211927582,long_nclose,9.151513738019169,0.008735463053530656,9.0
1707136020000.0,51147,1707136020000.0,0.014607710330138596,-0.00030797200000000005,1047.6420765303521,1047.7137150820029,-0.14,10.999,0.7,10.894659211927582,long_nclose,7.6262614483493065,0.007279453182719088,43.0
1707136140000.0,51149,1707136140000.0,0.011477486687966039,-0.00024197800000000003,1047.65331203904,1047.7166431040027,-0.11,10.999,0.59,10.894659211927582,long_nclose,6.427848935037273,0.006135473310848221,2.0
1707136380000.0,51153,1707136380000.0,0.009390670926517668,-0.00019798200000000003,1047.6625047279665,1047.7156751220027,-0.09,10.999,0.5,10.894659211927582,long_nclose,5.447329605963791,0.0051995080299053285,4.0
1707137760000.0,51176,1707137760000.0,0.014034078807241814,-0.00022070000000000005,1047.6763181067738,1047.7324544220028,-0.1,11.035,0.4,10.894659211927582,long_nclose,4.357863684771033,0.0041595515804404215,23.0
1707137820000.0,51177,1707137820000.0,0.01122726304579345,-0.00017656,1047.6873688098196,1047.731957862003,-0.08,11.035,0.32,10.894659211927582,long_nclose,3.4862909478168262,0.0033276061653556804,1.0
1707137880000.0,51178,1707137880000.0,0.008420447284345087,-0.00013242,1047.695656837104,1047.7324054420028,-0.06,11.035,0.26,10.894659211927582,long_nclose,2.8326113951011713,0.002703658621295198,1.0
1707138120000.0,51182,1707138120000.0,0.007017039403620907,-0.00011035000000000003,1047.7025635265074,1047.7326650920027,-0.05,11.035,0.21,10.894659211927582,long_nclose,2.2878784345047922,0.0021837098754477827,4.0
1707139020000.0,51197,1707139020000.0,0.005613631522896725,-8.828e-05,1047.7080888780304,1047.7321168120027,-0.04,11.035,0.17,10.894659211927582,long_nclose,1.8520920660276892,0.001767755814514191,15.0
1707141600000.0,51240,1707141600000.0,0.004210223642172543,-6.621e-05,1047.7122328916723,1047.7342606020025,-0.03,11.035,0.14,10.894659211927582,long_nclose,1.5252522896698617,0.0014557931479526444,43.0
1707143760000.0,51276,1707143760000.0,0.0028068157614483625,-4.414e-05,1047.7149955674338,1047.7318364620025,-0.02,11.035,0.12,10.894659211927582,long_nclose,1.3073591054313098,0.0012478194079137475,36.0
1707144060000.0,51281,1707144060000.0,0.0020868157614483706,-4.3996000000000004e-05,1047.7170383871953,1047.7277724660025,-0.02,10.999,0.1,10.894659211927582,long_nclose,1.0894659211927582,0.0010398474791149994,5.0
1707144900000.0,51295,1707144900000.0,0.0010434078807241853,-2.1998000000000002e-05,1047.718059797076,1047.7272704680024,-0.01,10.999,0.09,10.894659211927582,long_nclose,0.9805193290734824,0.0009358618188402625,14.0
1707145440000.0,51304,1707145440000.0,0.0,-0.006633881999999999,1047.711425915076,1047.7722965860025,3.03,10.947,3.12,10.945490169574832,long_ientry_partial,34.14992932907348,0.032594785629303194,9.0
1707205800000.0,52310,1707205800000.0,0.05434511182108778,-0.0011492000000000002,1047.764621826897,1048.0285473860024,-0.52,11.05,2.6,10.945490169574832,long_nclose,28.458274440894563,0.027160942303314575,1006.0
1707206400000.0,52320,1707206400000.0,0.04493922708282259,-0.0009503000000000001,1047.8086107539796,1048.041907086002,-0.43,11.05,2.17,10.945490169574832,long_nclose,23.751713667977384,0.022667988623309925,10.0
1707206760000.0,52326,1707206760000.0,0.037623538953060774,-0.0007956,1047.8454386929327,1048.0382214860022,-0.36,11.05,1.81,10.945490169574832,long_nclose,19.811337206930446,0.01890673612287975,6.0
1707207360000.0,52336,1707207360000.0,0.05058353895306062,-0.000798192,1047.8952240398858,1048.0931632940024,-0.36,11.086,1.45,10.945490169574832,long_nclose,15.870960745883506,0.015145560721898484,10.0
1707207600000.0,52340,1707207600000.0,0.040747850823298834,-0.000642988,1047.935328902709,1048.1041203060022,-0.29,11.086,1.16,10.945490169574832,long_nclose,12.696768596706804,0.012115984876663682,4.0
1707208980000.0,52363,1707208980000.0,0.032317260997788734,-0.0005099560000000001,1047.9671362077067,1048.0922303500022,-0.23,11.086,0.93,10.945490169574832,long_nclose,10.179305857704595,0.00971338270638962,23.0
1707209040000.0,52364,1707209040000.0,0.02529176947653031,-0.000399096,1047.9920288811834,1048.0959112540022,-0.18,11.086,0.75,10.945490169574832,long_nclose,8.209117627181124,0.007833187086303532,1.0
1707209340000.0,52369,1707209340000.0,0.02107647456377526,-0.00033258,1048.0127727757472,1048.0964786740024,-0.15,11.086,0.6,10.945490169574832,long_nclose,6.567294101744899,0.00626642563177058,5.0
1707209580000.0,52373,1707209580000.0,0.016861179651020207,-0.000266064,1048.0293678913981,1048.0972926100021,-0.12,11.086,0.48,10.945490169574832,long_nclose,5.2538352813959195,0.005013061124390502,4.0
1707209760000.0,52376,1707209760000.0,0.012645884738265155,-0.000199548,1048.0418142281364,1048.0958330620022,-0.09,11.086,0.39,10.945490169574832,long_nclose,4.268741166134185,0.004073063792095008,3.0
1707209880000.0,52378,1707209880000.0,0.009835688129761789,-0.00015520400000000001,1048.051494712266,1048.0964578580022,-0.07,11.086,0.32,10.945490169574832,long_nclose,3.5025568542639465,0.0033419701912886872,2.0
1707209940000.0,52379,1707209940000.0,0.008430589825510103,-0.000133032,1048.0597922700917,1048.0978848260022,-0.06,11.086,0.26,10.945490169574832,long_nclose,2.845827444089456,0.002715329282812586,1.0
1707210240000.0,52384,1707210240000.0,0.00702549152125842,-0.00011086,1048.066706901613,1048.0949539660023,-0.05,11.086,0.21,10.945490169574832,long_nclose,2.2985529356107146,0.0021931361052445783,5.0
1707210480000.0,52388,1707210480000.0,0.005620393217006736,-8.8688e-05,1048.07223860683,1048.0952752780024,-0.04,11.086,0.17,10.945490169574832,long_nclose,1.8607333288277215,0.0017753865242162473,4.0
1707210540000.0,52389,1707210540000.0,0.004215294912755052,-6.6516e-05,1048.0763873857427,1048.0966187620022,-0.03,11.086,0.14,10.945490169574832,long_nclose,1.5323686237404766,0.0014620772323310543,1.0
1707211740000.0,52409,1707211740000.0,0.002810196608503368,-4.4344e-05,1048.0791532383514,1048.0956544180024,-0.02,11.086,0.12,10.945490169574832,long_nclose,1.3134588203489799,0.0012532057490988722,20.0
1707214860000.0,52461,1707214860000.0,0.0020901966085033765,-4.420000000000001e-05,1048.08119923496,1048.0913502180024,-0.02,11.05,0.1,10.945490169574832,long_nclose,1.0945490169574832,0.0010443360855594416,52.0
1707215100000.0,52465,1707215100000.0,0.0010450983042516882,-2.2100000000000005e-05,1048.0822222332642,1048.0916281180025,-0.01,11.05,0.09,10.945490169574832,long_nclose,0.9850941152617348,0.0009399015595958553,4.0
1707215160000.0,52466,1707215160000.0,0.0010450983042516882,-2.2100000000000005e-05,1048.0832452315685,1048.0916860180025,-0.01,11.05,0.08,10.945490169574832,long_nclose,0.8756392135659866,0.000835467237502226,1.0
1707215400000.0,52470,1707215400000.0,0.0010450983042516882,-2.2100000000000005e-05,1048.0842682298728,1048.0927739180026,-0.01,11.05,0.07,10.945490169574832,long_nclose,0.7661843118702383,0.0007310331192779564,4.0
1707215520000.0,52472,1707215520000.0,0.001405098304251684,-2.2172e-05,1048.0856511561772,1048.0942017460027,-0.01,11.086,0.06,10.945490169574832,long_nclose,0.6567294101744899,0.0006265989897390834,2.0
1707215640000.0,52474,1707215640000.0,0.001405098304251684,-2.2172e-05,1048.0870340824815,1048.0939595740028,-0.01,11.086,0.05,10.945490169574832,long_nclose,0.5472745084787416,0.0005221651357969882,2.0
1707215700000.0,52475,1707215700000.0,0.001405098304251684,-2.2172e-05,1048.0884170087859,1048.094277402003,-0.01,11.086,0.04,10.945490169574832,long_nclose,0.4378196067829933,0.00041773155745058023,1.0
1707215820000.0,52477,1707215820000.0,0.001405098304251684,-2.2172e-05,1048.0897999350902,1048.094045230003,-0.01,11.086,0.03,10.945490169574832,long_nclose,0.32836470508724497,0.00031329825469876826,2.0
1707216000000.0,52480,1707216000000.0,0.001405098304251684,-2.2172e-05,1048.0911828613946,1048.0939930580032,-0.01,11.086,0.02,10.945490169574832,long_nclose,0.21890980339149665,0.00020886522754046152,3.0
1707216180000.0,52483,1707216180000.0,0.001405098304251684,-2.2172e-05,1048.092565787699,1048.0939608860033,-0.01,11.086,0.01,10.945490169574832,long_nclose,0.10945490169574833,0.00010443247597456908,3.0
1707216300000.0,52485,1707216300000.0,0.0,-0.0068107,1048.085755087699,1048.0954801860032,3.1,10.985,3.11,10.984872958744614,long_ientry_partial,34.16295490169575,0.032595572199945744,2.0
1707221280000.0,52568,1707221280000.0,0.05361479104024696,-0.00113118,1048.1382386987393,1048.4115690060032,-0.51,11.09,2.6,10.984872958744614,long_nclose,28.560669692735996,0.027248953084846886,83.0
1707221340000.0,52569,1707221340000.0,0.04520462773981606,-0.00095374,1048.182489586479,1048.4192952660032,-0.43,11.09,2.17,10.984872958744614,long_nclose,23.83717432047581,0.02274143534860983,1.0
1707223020000.0,52597,1707223020000.0,0.037845734851939025,-0.0007984800000000001,1048.219536841331,1048.4224867860034,-0.36,11.09,1.81,10.984872958744614,long_nclose,19.882620055327752,0.01896799225402854,28.0
1707223140000.0,52599,1707223140000.0,0.03153811237661586,-0.0006654,1048.2504095537079,1048.4016013860034,-0.3,11.09,1.51,10.984872958744614,long_nclose,16.587158167704366,0.015823660087828005,2.0
1707223200000.0,52600,1707223200000.0,0.026281760313846547,-0.0005545,1048.2761368140218,1048.4048168860036,-0.25,11.09,1.26,10.984872958744614,long_nclose,13.840939928018214,0.013203524760264367,1.0
1707223260000.0,52601,1707223260000.0,0.0220766786636311,-0.00046578,1048.2977477126854,1048.4102311060035,-0.21,11.09,1.05,10.984872958744614,long_nclose,11.534116606681845,0.01100271047214258,1.0
1707223440000.0,52604,1707223440000.0,0.017871597013415653,-0.0003770600000000001,1048.315242249699,1048.4095140460038,-0.17,11.09,0.88,10.984872958744614,long_nclose,9.66668820369526,0.009221165365248734,3.0
1707224280000.0,52618,1707224280000.0,0.014717785775754067,-0.00031052000000000006,1048.3296495154746,1048.4067035260036,-0.14,11.09,0.74,10.984872958744614,long_nclose,8.128805989471013,0.007754055218440164,14.0
1707224400000.0,52620,1707224400000.0,0.012615244950646342,-0.00026616,1048.3419986004253,1048.4127573660037,-0.12,11.09,0.62,10.984872958744614,long_nclose,6.81062123442166,0.006496564330642183,2.0
1707225420000.0,52637,1707225420000.0,0.010512704125538619,-0.0002218,1048.352289504551,1048.4059155660038,-0.1,11.09,0.52,10.984872958744614,long_nclose,5.7121339385472,0.005448677887894671,17.0
1707229020000.0,52697,1707229020000.0,0.008410163300430895,-0.00017744,1048.3605222278513,1048.4050181260036,-0.08,11.09,0.44,10.984872958744614,long_nclose,4.83334410184763,0.004610383545897342,60.0
1707229080000.0,52698,1707229080000.0,0.007358892887877034,-0.00015526000000000003,1048.3677258607393,1048.4055128660038,-0.07,11.09,0.37,10.984872958744614,long_nclose,4.064402994735507,0.0038768867969476246,1.0
1707229980000.0,52713,1707229980000.0,0.006307622475323171,-0.00013308,1048.3739004032145,1048.4074197860036,-0.06,11.09,0.31,10.984872958744614,long_nclose,3.40531061721083,0.003248183320760957,15.0
1707230400000.0,52720,1707230400000.0,0.008467622475323146,-0.000133512,1048.3822345136898,1048.4170162740036,-0.06,11.126,0.25,10.984872958744614,long_nclose,2.7462182396861534,0.0026194818543067303,7.0
1707232020000.0,52747,1707232020000.0,0.004205081650215448,-8.872e-05,1048.3863508753402,1048.4082175540038,-0.04,11.09,0.21,10.984872958744614,long_nclose,2.3068233213363687,0.002200356118152729,27.0
1707232620000.0,52757,1707232620000.0,0.0031538112376615856,-6.654e-05,1048.3894381465777,1048.4107010140037,-0.03,11.09,0.18,10.984872958744614,long_nclose,1.9772771325740304,0.0018860139759416222,10.0
1707233280000.0,52768,1707233280000.0,0.004233811237661573,-6.6756e-05,1048.3936052018153,1048.4153742580036,-0.03,11.126,0.15,10.984872958744614,long_nclose,1.647730943811692,0.0015716720663271355,11.0
1707233580000.0,52773,1707233580000.0,0.004233811237661573,-6.6756e-05,1048.3977722570528,1048.4153075020035,-0.03,11.126,0.12,10.984872958744614,long_nclose,1.3181847550493535,0.001257332655535396,5.0
1707233760000.0,52776,1707233760000.0,0.0028225408251077158,-4.4504e-05,1048.4005502938778,1048.4150629980034,-0.02,11.126,0.1,10.984872958744614,long_nclose,1.0984872958744614,0.0010477744365610488,3.0
1707233940000.0,52779,1707233940000.0,0.0028225408251077158,-4.4504e-05,1048.4033283307028,1048.4151784940032,-0.02,11.126,0.08,10.984872958744614,long_nclose,0.8787898366995691,0.0008382173281525183,3.0
1707235440000.0,52804,1707235440000.0,0.0035625408251077316,-4.4652000000000005e-05,1048.406846219528,1048.4172338420033,-0.02,11.163,0.06,10.984872958744614,long_nclose,0.6590923775246768,0.0006286608866598989,25.0
1707235620000.0,52807,1707235620000.0,0.0017812704125538658,-2.2326000000000003e-05,1048.4086051639406,1048.4175615160034,-0.01,11.163,0.05,10.984872958744614,long_nclose,0.5492436479372307,0.0005238831932816356,3.0
1707236400000.0,52820,1707236400000.0,0.0017812704125538658,-2.2326000000000003e-05,1048.4103641083532,1048.4175691900034,-0.01,11.163,0.04,10.984872958744614,long_nclose,0.43939491834978456,0.0004191058514797104,13.0
1707237240000.0,52834,1707237240000.0,0.002141270412553862,-2.2398e-05,1048.4124829807656,1048.4191167920033,-0.01,11.199,0.03,10.984872958744614,long_nclose,0.3295461887623384,0.0003143287533408588,14.0
1707239040000.0,52864,1707239040000.0,0.0017812704125538658,-2.2326000000000003e-05,1048.4142419251782,1048.4178644660033,-0.01,11.163,0.02,10.984872958744614,long_nclose,0.21969745917489228,0.0002095521506570409,30.0
1707239280000.0,52868,1707239280000.0,0.0017812704125538658,-2.2326000000000003e-05,1048.4160008695908,1048.4178521400033,-0.01,11.163,0.01,10.984872958744614,long_nclose,0.10984872958744614,0.00010477589954401114,4.0
1707240300000.0,52885,1707240300000.0,0.002141270412553862,-2.2398e-05,1048.4181197420032,1048.4181197420032,-0.01,11.199,0.0,10.984872958744614,long_nclose,0.0,0.0,17.0
1707279840000.0,53544,1707279840000.0,0.0,-0.006835679999999999,1048.4112840620032,1048.4537040620032,3.03,11.28,3.03,11.28,long_ientry_normal,34.178399999999996,0.032600183267369985,659.0
1707327360000.0,54336,1707327360000.0,0.05400000000000027,-0.0011388000000000001,1048.4641452620033,1048.7297952620033,-0.5,11.388,2.53,11.28,long_nclose,28.538399999999996,0.027219242669350857,792.0
1707327540000.0,54339,1707327540000.0,0.045360000000000227,-0.000956592,1048.5085486700034,1048.7427586700035,-0.42,11.388,2.11,11.28,long_nclose,23.8008,0.022699671862657186,3.0
1707329160000.0,54366,1707329160000.0,0.03780000000000019,-0.00079716,1048.5455515100034,1048.7461915100034,-0.35,11.388,1.76,11.28,long_nclose,19.8528,0.0189336552631501,27.0
1707329280000.0,54368,1707329280000.0,0.05075000000000047,-0.00079975,1048.5955017600036,1048.8394317600037,-0.35,11.425,1.41,11.28,long_nclose,15.904799999999998,0.01516771717340458,2.0
1707330060000.0,54381,1707330060000.0,0.024840000000000126,-0.000523848,1048.6198179120036,1048.7472579120035,-0.23,11.388,1.18,11.28,long_nclose,13.310399999999998,0.012693256195084575,13.0
1707330120000.0,54382,1707330120000.0,0.020520000000000104,-0.00043274400000000004,1048.6399051680037,1048.7448451680036,-0.19,11.388,0.99,11.28,long_nclose,11.1672,0.010649222812296934,1.0
1707330600000.0,54390,1707330600000.0,0.017280000000000087,-0.000364416,1048.6568207520038,1048.7522707520038,-0.16,11.388,0.83,11.28,long_nclose,9.3624,0.008927992279958772,8.0
1707330720000.0,54392,1707330720000.0,0.014040000000000072,-0.000296088,1048.670564664004,1048.7594646640039,-0.13,11.388,0.7,11.28,long_nclose,7.895999999999999,0.007529533359725695,2.0
1707330840000.0,54394,1707330840000.0,0.011880000000000059,-0.00025053600000000004,1048.6821941280039,1048.7624341280039,-0.11,11.388,0.59,11.28,long_nclose,6.655199999999999,0.00634625059647733,2.0
1707330900000.0,54395,1707330900000.0,0.015950000000000148,-0.00025135,1048.6978927780037,1048.7694127780037,-0.11,11.425,0.48,11.28,long_nclose,5.4144,0.005162974043608726,1.0
1707331080000.0,54398,1707331080000.0,0.008640000000000043,-0.000182208,1048.7063505700037,1048.7459505700037,-0.08,11.388,0.4,11.28,long_nclose,4.512,0.004302443670287293,3.0
1707332220000.0,54417,1707332220000.0,0.006480000000000032,-0.000136656,1048.7126939140037,1048.7497539140038,-0.06,11.388,0.34,11.28,long_nclose,3.8352,0.003657054999197419,19.0
1707332580000.0,54423,1707332580000.0,0.005400000000000027,-0.00011388000000000001,1048.7179800340036,1048.7493000340037,-0.05,11.388,0.29,11.28,long_nclose,3.2711999999999994,0.003119237070669785,6.0
1707332640000.0,54424,1707332640000.0,0.004320000000000022,-9.1104e-05,1048.7222089300037,1048.7494589300038,-0.04,11.388,0.25,11.28,long_nclose,2.82,0.002688986631528673,1.0
1707332880000.0,54428,1707332880000.0,0.004320000000000022,-9.1104e-05,1048.7264378260038,1048.7510078260038,-0.04,11.388,0.21,11.28,long_nclose,2.3688,0.002258739662280748,4.0
1707333120000.0,54432,1707333120000.0,0.003240000000000016,-6.8328e-05,1048.7296094980038,1048.7497694980038,-0.03,11.388,0.18,11.28,long_nclose,2.0303999999999998,0.0019360567124369578,4.0
1707334020000.0,54447,1707334020000.0,0.003240000000000016,-6.8328e-05,1048.7327811700038,1048.7488311700038,-0.03,11.388,0.15,11.28,long_nclose,1.692,0.0016133757143667658,15.0
1707334080000.0,54448,1707334080000.0,0.002160000000000011,-4.5552e-05,1048.7348956180037,1048.7481556180037,-0.02,11.388,0.13,11.28,long_nclose,1.4664,0.0013982561332965585,1.0
1707336180000.0,54483,1707336180000.0,0.002160000000000011,-4.5552e-05,1048.7370100660037,1048.7498800660037,-0.02,11.388,0.11,11.28,long_nclose,1.2408,0.0011831374196681669,35.0
1707336960000.0,54496,1707336960000.0,0.0010800000000000054,-2.2776e-05,1048.7380672900038,1048.7527672900037,-0.01,11.388,0.1,11.28,long_nclose,1.128,0.001075578388143012,13.0
1707336960000.0,54496,1707336960000.0,0.0014500000000000136,-2.2850000000000003e-05,1048.7394944400037,1048.7527244400037,-0.01,11.425,0.09,11.28,long_nclose,1.0151999999999999,0.0009680192320229983,0.0
1707337140000.0,54499,1707337140000.0,0.0014500000000000136,-2.2850000000000003e-05,1048.7409215900036,1048.7530815900036,-0.01,11.425,0.08,11.28,long_nclose,0.9024,0.0008604603686407744,3.0
1707337260000.0,54501,1707337260000.0,0.0014500000000000136,-2.2850000000000003e-05,1048.7423487400035,1048.7528487400036,-0.01,11.425,0.07,11.28,long_nclose,0.7896000000000001,0.0007529017979951451,2.0
1707337740000.0,54509,1707337740000.0,0.0014500000000000136,-2.2850000000000003e-05,1048.7437758900035,1048.7530158900036,-0.01,11.425,0.06,11.28,long_nclose,0.6768,0.000645343520084915,8.0
1707337920000.0,54512,1707337920000.0,0.0018299999999999983,-2.2926e-05,1048.7455829640035,1048.7557829640034,-0.01,11.463,0.05,11.28,long_nclose,0.564,0.0005377853400879195,3.0
1707337920000.0,54512,1707337920000.0,0.0022000000000000066,-2.3000000000000003e-05,1048.7477599640033,1048.7559199640034,-0.01,11.5,0.04,11.28,long_nclose,0.4512,0.0004302273789986324,0.0
1707338280000.0,54518,1707338280000.0,0.0022000000000000066,-2.3000000000000003e-05,1048.7499369640032,1048.7566569640032,-0.01,11.5,0.03,11.28,long_nclose,0.3384,0.00032266986444797765,6.0
1707338400000.0,54520,1707338400000.0,0.0022000000000000066,-2.3000000000000003e-05,1048.752113964003,1048.756813964003,-0.01,11.5,0.02,11.28,long_nclose,0.2256,0.0002151127964331745,2.0
1707338760000.0,54526,1707338760000.0,0.0022000000000000066,-2.3000000000000003e-05,1048.7542909640028,1048.7565709640028,-0.01,11.5,0.01,11.28,long_nclose,0.1128,0.0001075561749514422,6.0
1707339420000.0,54537,1707339420000.0,0.0022000000000000066,-2.3000000000000003e-05,1048.7564679640027,1048.7564679640027,-0.01,11.5,0.0,11.28,long_nclose,0.0,0.0,11.0
1707368460000.0,55021,1707368460000.0,0.0,-0.006846502000000002,1048.7496214620028,1048.7825114620027,2.99,11.449,2.99,11.449,long_ientry_normal,34.232510000000005,0.03264126088768298,484.0
1707381660000.0,55241,1707381660000.0,0.05340999999999999,-0.001132684,1048.8018987780029,1049.0818987780028,-0.49,11.558,2.5,11.449,long_nclose,28.6225,0.02729066378822265,220.0
1707382560000.0,55256,1707382560000.0,0.044689999999999994,-0.0009477559999999999,1048.8456410220028,1049.0755410220029,-0.41,11.558,2.09,11.449,long_nclose,23.92841,0.022814043424620598,15.0
1707384960000.0,55296,1707384960000.0,0.037059999999999996,-0.000785944,1048.881915078003,1049.095415078003,-0.34,11.558,1.75,11.449,long_nclose,20.03575,0.019102007301279464,40.0
1707394020000.0,55447,1707394020000.0,0.03160999999999999,-0.0006703639999999999,1048.912854714003,1049.086594714003,-0.29,11.558,1.46,11.449,long_nclose,16.71554,0.015936061727985652,151.0
1707394860000.0,55461,1707394860000.0,0.026159999999999996,-0.000554784,1048.9384599300029,1049.0726599300028,-0.24,11.558,1.22,11.449,long_nclose,13.96778,0.013316110080406517,14.0
1707401040000.0,55564,1707401040000.0,0.0218,-0.00046232,1048.9597976100029,1049.0944376100028,-0.2,11.558,1.02,11.449,long_nclose,11.67798,0.011132914747169181,103.0
1707401160000.0,55566,1707401160000.0,0.02940000000000005,-0.00046384000000000003,1048.9887337700027,1049.1314137700026,-0.2,11.596,0.82,11.449,long_nclose,9.38818,0.008949743403114963,2.0
1707402480000.0,55588,1707402480000.0,0.02352000000000004,-0.00037107200000000007,1049.0118826980026,1049.1108826980026,-0.16,11.596,0.66,11.449,long_nclose,7.5563400000000005,0.0072032930461812285,22.0
1707402600000.0,55590,1707402600000.0,0.019110000000000033,-0.00030149600000000006,1049.0306912020026,1049.0921712020026,-0.13,11.596,0.53,11.449,long_nclose,6.06797,0.0057843588856749135,2.0
1707402780000.0,55593,1707402780000.0,0.008719999999999999,-0.000184928,1049.0392262740027,1049.0891762740027,-0.08,11.558,0.45,11.449,long_nclose,5.15205,0.0049112081521480834,3.0
1707402900000.0,55595,1707402900000.0,0.00763,-0.00016181200000000003,1049.0466944620027,1049.0881144620027,-0.07,11.558,0.38,11.449,long_nclose,4.35062,0.004147212915275606,2.0
1707402960000.0,55596,1707402960000.0,0.006539999999999999,-0.000138696,1049.0530957660028,1049.0921357660027,-0.06,11.558,0.32,11.449,long_nclose,3.66368,0.0034923685128871724,1.0
1707403500000.0,55605,1707403500000.0,0.00545,-0.00011558,1049.0584301860029,1049.087320186003,-0.05,11.558,0.27,11.449,long_nclose,3.0912300000000004,0.0029466709489688876,9.0
1707403560000.0,55606,1707403560000.0,0.004359999999999999,-9.2464e-05,1049.0626977220027,1049.0900677220027,-0.04,11.558,0.23,11.449,long_nclose,2.63327,0.0025101168936022982,1.0
1707404100000.0,55615,1707404100000.0,0.00588000000000001,-9.276800000000002e-05,1049.0684849540025,1049.0969849540024,-0.04,11.596,0.19,11.449,long_nclose,2.17531,0.0020735633861838666,9.0
1707404880000.0,55628,1707404880000.0,0.004410000000000007,-6.9576e-05,1049.0728253780026,1049.0966653780026,-0.03,11.596,0.16,11.449,long_nclose,1.83184,0.00174615141645667,13.0
1707405360000.0,55636,1707405360000.0,0.004410000000000007,-6.9576e-05,1049.0771658020026,1049.0964058020027,-0.03,11.596,0.13,11.449,long_nclose,1.48837,0.0014187421559806472,8.0
1707405540000.0,55639,1707405540000.0,0.005550000000000015,-6.9804e-05,1049.0826459980026,1049.1013459980027,-0.03,11.634,0.1,11.449,long_nclose,1.1449,0.0010913344190445983,3.0
1707405960000.0,55646,1707405960000.0,0.00370000000000001,-4.6536e-05,1049.0862994620027,1049.1014194620027,-0.02,11.634,0.08,11.449,long_nclose,0.91592,0.0008730644947605419,7.0
1707406140000.0,55649,1707406140000.0,0.00370000000000001,-4.6536e-05,1049.0899529260028,1049.1015929260027,-0.02,11.634,0.06,11.449,long_nclose,0.68694,0.0006547960907299368,3.0
1707408000000.0,55680,1707408000000.0,0.001850000000000005,-2.3268e-05,1049.091779658003,1049.100579658003,-0.01,11.634,0.05,11.449,long_nclose,0.57245,0.0005456624588047148,31.0
1707408180000.0,55683,1707408180000.0,0.001850000000000005,-2.3268e-05,1049.093606390003,1049.1007663900032,-0.01,11.634,0.04,11.449,long_nclose,0.45796,0.00043652920693689964,3.0
1707409260000.0,55701,1707409260000.0,0.0014700000000000026,-2.3192000000000004e-05,1049.095053198003,1049.099523198003,-0.01,11.596,0.03,11.449,long_nclose,0.34347,0.00032739645368928697,18.0
1707409500000.0,55705,1707409500000.0,0.0014700000000000026,-2.3192000000000004e-05,1049.0965000060028,1049.0994600060028,-0.01,11.596,0.02,11.449,long_nclose,0.22898,0.00021826400145142968,4.0
1707409860000.0,55711,1707409860000.0,0.0014700000000000026,-2.3192000000000004e-05,1049.0979468140026,1049.0995668140026,-0.01,11.596,0.01,11.449,long_nclose,0.11449,0.00010913185022208249,6.0
1707410160000.0,55716,1707410160000.0,0.0010899999999999998,-2.3116e-05,1049.0990136980026,1049.0990136980026,-0.01,11.558,0.0,11.449,long_nclose,0.0,0.0,5.0
1707410820000.0,55727,1707410820000.0,0.0,-0.0068410979999999995,1049.0921726000026,1049.0802926000026,2.97,11.517,2.97,11.517,long_ientry_normal,34.20549,0.03260484721302163,11.0
1707423300000.0,55935,1707423300000.0,0.05390000000000059,-0.0011394460000000001,1049.1449331540027,1049.4177331540027,-0.49,11.627,2.48,11.517,long_nclose,28.56216,0.027224227175300472,208.0
1707423360000.0,55936,1707423360000.0,0.045100000000000494,-0.0009534140000000001,1049.1890797400029,1049.4312697400028,-0.41,11.627,2.07,11.517,long_nclose,23.840189999999996,0.022722491551196645,1.0
1707424440000.0,55954,1707424440000.0,0.03740000000000041,-0.0007906360000000002,1049.2256891040029,1049.419449104003,-0.34,11.627,1.73,11.517,long_nclose,19.924409999999998,0.018989632265880428,18.0
1707425340000.0,55969,1707425340000.0,0.03080000000000034,-0.0006511120000000001,1049.2558379920029,1049.4167879920028,-0.28,11.627,1.45,11.517,long_nclose,16.69965,0.01591570844338469,15.0
1707426960000.0,55996,1707426960000.0,0.026400000000000288,-0.000558096,1049.2816798960027,1049.4208298960027,-0.24,11.627,1.21,11.517,long_nclose,13.935569999999998,0.013281057190840492,27.0
1707427080000.0,55998,1707427080000.0,0.02200000000000024,-0.00046508000000000004,1049.3032148160028,1049.4223948160027,-0.2,11.627,1.01,11.517,long_nclose,11.63217,0.011085613610780486,2.0
1707427440000.0,56004,1707427440000.0,0.017600000000000195,-0.0003720640000000001,1049.3204427520027,1049.4130927520027,-0.16,11.627,0.85,11.517,long_nclose,9.789449999999999,0.009329323628086073,6.0
1707427500000.0,56005,1707427500000.0,0.01540000000000017,-0.00032555600000000007,1049.3355171960027,1049.4150371960027,-0.14,11.627,0.71,11.517,long_nclose,8.177069999999999,0.0077926172001215365,1.0
1707429720000.0,56042,1707429720000.0,0.012100000000000133,-0.00025579400000000005,1049.3473614020027,1049.4151614020027,-0.11,11.627,0.6,11.517,long_nclose,6.9102,0.006585235980169123,37.0
1707430740000.0,56059,1707430740000.0,0.01100000000000012,-0.00023254000000000002,1049.3581288620026,1049.4166288620027,-0.1,11.627,0.5,11.517,long_nclose,5.7585,0.005487640340905274,17.0
1707431460000.0,56071,1707431460000.0,0.008800000000000098,-0.00018603200000000004,1049.3667428300025,1049.4108428300026,-0.08,11.627,0.42,11.517,long_nclose,4.83714,0.004609580047252953,12.0
1707431700000.0,56075,1707431700000.0,0.007700000000000085,-0.00016277800000000003,1049.3742800520026,1049.4138300520026,-0.07,11.627,0.35,11.517,long_nclose,4.03095,0.003841289115452918,4.0
1707432240000.0,56084,1707432240000.0,0.00550000000000006,-0.00011627000000000001,1049.3796637820026,1049.4123637820026,-0.05,11.627,0.3,11.517,long_nclose,3.4551,0.003292516635540366,9.0
1707432540000.0,56089,1707432540000.0,0.00550000000000006,-0.00011627000000000001,1049.3850475120025,1049.4115475120025,-0.05,11.627,0.25,11.517,long_nclose,2.87925,0.0027437497864358203,5.0
1707432720000.0,56092,1707432720000.0,0.004400000000000049,-9.301600000000002e-05,1049.3893544960026,1049.4128744960026,-0.04,11.627,0.21,11.517,long_nclose,2.41857,0.0023047403612757086,3.0
1707433080000.0,56098,1707433080000.0,0.003300000000000036,-6.9762e-05,1049.3925847340026,1049.4123847340027,-0.03,11.627,0.18,11.517,long_nclose,2.07306,0.001975485657281897,6.0
1707433440000.0,56104,1707433440000.0,0.003300000000000036,-6.9762e-05,1049.3958149720027,1049.4126149720028,-0.03,11.627,0.15,11.517,long_nclose,1.72755,0.0016462329803040906,6.0
1707433560000.0,56106,1707433560000.0,0.0022000000000000244,-4.650800000000001e-05,1049.3979684640026,1049.4135684640025,-0.02,11.627,0.13,11.517,long_nclose,1.49721,0.001426732321762979,2.0
1707436920000.0,56162,1707436920000.0,0.0022000000000000244,-4.650800000000001e-05,1049.4001219560025,1049.4125519560025,-0.02,11.627,0.11,11.517,long_nclose,1.26687,0.0012072325641040045,56.0
1707437520000.0,56172,1707437520000.0,0.0011000000000000122,-2.3254000000000005e-05,1049.4011987020024,1049.4122987020023,-0.01,11.627,0.1,11.517,long_nclose,1.1517,0.0010974830231035855,10.0
1707437880000.0,56178,1707437880000.0,0.0011000000000000122,-2.3254000000000005e-05,1049.4022754480022,1049.4127154480022,-0.01,11.627,0.09,11.517,long_nclose,1.03653,0.0009877337073216207,6.0
1707438300000.0,56185,1707438300000.0,0.0011000000000000122,-2.3254000000000005e-05,1049.403352194002,1049.412632194002,-0.01,11.627,0.08,11.517,long_nclose,0.92136,0.0008779846167574173,7.0
1707438540000.0,56189,1707438540000.0,0.0011000000000000122,-2.3254000000000005e-05,1049.404428940002,1049.412338940002,-0.01,11.627,0.07,11.517,long_nclose,0.8061900000000001,0.0007682357514102818,4.0
1707438900000.0,56195,1707438900000.0,0.0011000000000000122,-2.3254000000000005e-05,1049.4055056860018,1049.4122856860017,-0.01,11.627,0.06,11.517,long_nclose,0.69102,0.0006584871112795207,6.0
1707440220000.0,56217,1707440220000.0,0.0011000000000000122,-2.3254000000000005e-05,1049.4065824320016,1049.4121824320016,-0.01,11.627,0.05,11.517,long_nclose,0.57585,0.000548738696364441,22.0
1707440700000.0,56225,1707440700000.0,0.0011000000000000122,-2.3254000000000005e-05,1049.4076591780015,1049.4122191780016,-0.01,11.627,0.04,11.517,long_nclose,0.46068,0.0004389905066643496,8.0
1707441240000.0,56234,1707441240000.0,0.0011000000000000122,-2.3254000000000005e-05,1049.4087359240013,1049.4121259240014,-0.01,11.627,0.03,11.517,long_nclose,0.34551,0.00032924254217855297,9.0
1707442200000.0,56250,1707442200000.0,0.0011000000000000122,-2.3254000000000005e-05,1049.4098126700012,1049.4119726700012,-0.01,11.627,0.02,11.517,long_nclose,0.23034,0.000219494802906358,16.0
1707444660000.0,56291,1707444660000.0,0.0011000000000000122,-2.3254000000000005e-05,1049.410889416001,1049.4119394160011,-0.01,11.627,0.01,11.517,long_nclose,0.11517,0.00010974728884707143,41.0
1707444780000.0,56293,1707444780000.0,0.0011000000000000122,-2.3254000000000005e-05,1049.411966162001,1049.411966162001,-0.01,11.627,0.0,11.517,long_nclose,0.0,0.0,2.0
1707488460000.0,57021,1707488460000.0,0.0,-0.0068392060000000005,1049.405126956001,1049.5486969560009,2.93,11.671,2.93,11.671,long_ientry_normal,34.19603,0.032586109140892126,728.0
1707499860000.0,57211,1707499860000.0,0.053760000000000044,-0.0011311679999999999,1049.457755788001,1049.7468557880009,-0.48,11.783,2.45,11.671,long_nclose,28.59395,0.02724640400463743,190.0
1707500160000.0,57216,1707500160000.0,0.04480000000000004,-0.00094264,1049.5016131480008,1049.7189131480009,-0.4,11.783,2.05,11.671,long_nclose,23.925549999999998,0.022797058813692376,5.0
1707500760000.0,57226,1707500760000.0,0.03808000000000004,-0.000801244,1049.5388919040008,1049.738961904001,-0.34,11.783,1.71,11.671,long_nclose,19.95741,0.01901540776997282,10.0
1707501060000.0,57231,1707501060000.0,0.031360000000000034,-0.0006598480000000001,1049.5695920560008,1049.7426220560008,-0.28,11.783,1.43,11.671,long_nclose,16.689529999999998,0.015901308618618507,5.0
1707501660000.0,57241,1707501660000.0,0.04200000000000011,-0.0006619760000000001,1049.6109300800008,1049.7615800800008,-0.28,11.821,1.15,11.671,long_nclose,13.421649999999998,0.012787262037159814,10.0
1707502620000.0,57257,1707502620000.0,0.034500000000000086,-0.000543766,1049.6448863140008,1049.7828863140007,-0.23,11.821,0.92,11.671,long_nclose,10.73732,0.01022947869322343,16.0
1707502860000.0,57261,1707502860000.0,0.027000000000000062,-0.000425556,1049.6714607580009,1049.7883807580008,-0.18,11.821,0.74,11.671,long_nclose,8.63654,0.008227850639821418,4.0
1707504960000.0,57296,1707504960000.0,0.021000000000000053,-0.00033098800000000005,1049.6921297700007,1049.7725297700008,-0.14,11.821,0.6,11.671,long_nclose,7.002599999999999,0.006671098888332474,35.0
1707505980000.0,57313,1707505980000.0,0.01120000000000001,-0.00023566,1049.7030941100006,1049.7630941100006,-0.1,11.783,0.5,11.671,long_nclose,5.8355,0.005559191006241318,17.0
1707506700000.0,57325,1707506700000.0,0.008960000000000008,-0.00018852799999999998,1049.7118655820004,1049.7614255820004,-0.08,11.783,0.42,11.671,long_nclose,4.90182,0.0046696814247043335,12.0
1707507240000.0,57334,1707507240000.0,0.012000000000000028,-0.000189136,1049.7236764460004,1049.7804564460002,-0.08,11.821,0.34,11.671,long_nclose,3.96814,0.003780175763430185,9.0
1707508560000.0,57356,1707508560000.0,0.00900000000000002,-0.000141852,1049.7325345940003,1049.7748145940002,-0.06,11.821,0.28,11.671,long_nclose,3.2678800000000003,0.0031130596531085907,22.0
1707508680000.0,57358,1707508680000.0,0.007500000000000018,-0.00011821,1049.7399163840003,1049.7762563840004,-0.05,11.821,0.23,11.671,long_nclose,2.68433,0.002557138161656852,2.0
1707509460000.0,57371,1707509460000.0,0.009450000000000004,-0.0001186,1049.7492477840003,1049.7830877840004,-0.05,11.86,0.18,11.671,long_nclose,2.10078,0.0020012207719459713,13.0
1707509760000.0,57376,1707509760000.0,0.0075600000000000025,-9.488e-05,1049.7567129040003,1049.7834529040003,-0.04,11.86,0.14,11.671,long_nclose,1.6339400000000002,0.0015564939760946525,5.0
1707509940000.0,57379,1707509940000.0,0.005670000000000001,-7.115999999999999e-05,1049.7623117440003,1049.7833217440002,-0.03,11.86,0.11,11.671,long_nclose,1.28381,0.0012229530300694159,3.0
1707512400000.0,57420,1707512400000.0,0.003000000000000007,-4.7284e-05,1049.7652644600003,1049.7789444600003,-0.02,11.821,0.09,11.671,long_nclose,1.05039,0.0010005951192720412,41.0
1707513360000.0,57436,1707513360000.0,0.0037800000000000012,-4.744e-05,1049.7689970200004,1049.7817370200003,-0.02,11.86,0.07,11.671,long_nclose,0.8169700000000001,0.0007782378812092457,16.0
1707514500000.0,57455,1707514500000.0,0.0015000000000000035,-2.3642e-05,1049.7704733780004,1049.7797133780005,-0.01,11.821,0.06,11.671,long_nclose,0.7002599999999999,0.0006670601029067531,19.0
1707514740000.0,57459,1707514740000.0,0.0015000000000000035,-2.3642e-05,1049.7719497360004,1049.7799997360003,-0.01,11.821,0.05,11.671,long_nclose,0.58355,0.0005558826373163741,4.0
1707515580000.0,57473,1707515580000.0,0.0018900000000000006,-2.372e-05,1049.7738160160004,1049.7815360160005,-0.01,11.86,0.04,11.671,long_nclose,0.46684,0.00044470531925791957,14.0
1707516000000.0,57480,1707516000000.0,0.0018900000000000006,-2.372e-05,1049.7756822960005,1049.7815322960005,-0.01,11.86,0.03,11.671,long_nclose,0.35012999999999994,0.00033352839649916313,7.0
1707516240000.0,57484,1707516240000.0,0.0018900000000000006,-2.372e-05,1049.7775485760005,1049.7814485760005,-0.01,11.86,0.02,11.671,long_nclose,0.23342,0.0002223518690379966,4.0
1707516480000.0,57488,1707516480000.0,0.0018900000000000006,-2.372e-05,1049.7794148560006,1049.7813348560005,-0.01,11.86,0.01,11.671,long_nclose,0.11671,0.00011117573687231163,4.0
1707517260000.0,57501,1707517260000.0,0.0018900000000000006,-2.372e-05,1049.7812811360006,1049.7812811360006,-0.01,11.86,0.0,11.671,long_nclose,0.0,0.0,13.0
1707541800000.0,57910,1707541800000.0,0.0,-0.0068498000000000005,1049.7744313360006,1049.7889313360006,2.9,11.81,2.9,11.81,long_ientry_normal,34.249,0.03262510400106892,409.0
1707589920000.0,58712,1707589920000.0,0.05423999999999978,-0.001144608,1049.8275267280005,1050.1009867280004,-0.48,11.923,2.42,11.81,long_nclose,28.5802,0.02722370986887338,802.0
1707589980000.0,58713,1707589980000.0,0.045199999999999824,-0.0009538400000000002,1049.8717728880006,1050.1242728880006,-0.4,11.923,2.02,11.81,long_nclose,23.8562,0.022722965428793332,1.0
1707622500000.0,59255,1707622500000.0,0.03728999999999985,-0.0007869180000000001,1049.9082759700007,1050.1195259700007,-0.33,11.923,1.69,11.81,long_nclose,19.9589,0.019010136844154462,542.0
1707622920000.0,59262,1707622920000.0,0.05015999999999975,-0.000789492,1049.9576464780007,1050.1575664780007,-0.33,11.962,1.36,11.81,long_nclose,16.061600000000002,0.015297378950358008,7.0
1707623100000.0,59265,1707623100000.0,0.0410399999999998,-0.000645948,1049.9980405300007,1050.1713505300006,-0.27,11.962,1.09,11.81,long_nclose,12.872900000000001,0.012259927640914674,3.0
1707623400000.0,59270,1707623400000.0,0.03191999999999984,-0.0005024039999999999,1050.0294581260007,1050.1711381260006,-0.21,11.962,0.88,11.81,long_nclose,10.392800000000001,0.009897627080432722,5.0
1707623760000.0,59276,1707623760000.0,0.025839999999999873,-0.000406708,1050.0548914180008,1050.1684914180007,-0.17,11.962,0.71,11.81,long_nclose,8.3851,0.007985392067148706,6.0
1707623940000.0,59279,1707623940000.0,0.021279999999999896,-0.00033493600000000003,1050.0758364820008,1050.1658964820008,-0.14,11.962,0.57,11.81,long_nclose,6.7317,0.006410679844374638,3.0
1707624360000.0,59286,1707624360000.0,0.01671999999999992,-0.00026316400000000003,1050.0922933180009,1050.1654333180009,-0.11,11.962,0.46,11.81,long_nclose,5.432600000000001,0.005173450023935029,7.0
1707624900000.0,59295,1707624900000.0,0.013679999999999932,-0.00021531599999999998,1050.1057580020008,1050.1627380020009,-0.09,11.962,0.37,11.81,long_nclose,4.3697,0.004161199923628715,9.0
1707625200000.0,59300,1707625200000.0,0.010639999999999948,-0.00016746800000000002,1050.1162305340008,1050.1621305340009,-0.07,11.962,0.3,11.81,long_nclose,3.543,0.003373912236551499,5.0
1707626220000.0,59317,1707626220000.0,0.009119999999999955,-0.00014354399999999998,1050.1252069900008,1050.1621669900007,-0.06,11.962,0.24,11.81,long_nclose,2.8344,0.002699106717116437,17.0
1707627300000.0,59335,1707627300000.0,0.00607999999999997,-9.569600000000001e-05,1050.131191294001,1050.159791294001,-0.04,11.962,0.2,11.81,long_nclose,2.362,0.002249242779932551,18.0
1707627480000.0,59338,1707627480000.0,0.00607999999999997,-9.569600000000001e-05,1050.137175598001,1050.161495598001,-0.04,11.962,0.16,11.81,long_nclose,1.8896000000000002,0.001799383969931325,3.0
1707631500000.0,59405,1707631500000.0,0.0022599999999999907,-4.7692000000000003e-05,1050.139387906001,1050.155347906001,-0.02,11.923,0.14,11.81,long_nclose,1.6534000000000002,0.0015744576568039342,67.0
1707631800000.0,59410,1707631800000.0,0.0022599999999999907,-4.7692000000000003e-05,1050.141600214001,1050.155400214001,-0.02,11.923,0.12,11.81,long_nclose,1.4172,0.0013495322913702292,5.0
1707633840000.0,59444,1707633840000.0,0.0022599999999999907,-4.7692000000000003e-05,1050.143812522001,1050.1553125220012,-0.02,11.923,0.1,11.81,long_nclose,1.181,0.0011246078736242208,34.0
1707636360000.0,59486,1707636360000.0,0.0011299999999999954,-2.3846000000000002e-05,1050.1449186760012,1050.1551786760012,-0.01,11.923,0.09,11.81,long_nclose,1.0629,0.001012146020132231,42.0
1707636600000.0,59490,1707636600000.0,0.0011299999999999954,-2.3846000000000002e-05,1050.1460248300014,1050.1550648300013,-0.01,11.923,0.08,11.81,long_nclose,0.9448000000000001,0.0008996844035599194,4.0
1707637980000.0,59513,1707637980000.0,0.0011299999999999954,-2.3846000000000002e-05,1050.1471309840015,1050.1551809840014,-0.01,11.923,0.07,11.81,long_nclose,0.8267000000000001,0.0007872230239065372,23.0
1707648600000.0,59690,1707648600000.0,0.0,-0.006678888000000001,1050.1404520960016,1050.1166820960016,2.82,11.842,2.89,11.841224913494807,long_ientry_partial,34.22113999999999,0.03258720291337903,177.0
1707706020000.0,60647,1707706020000.0,0.0,-0.006842928,1050.1336091680016,1049.5051791680016,2.96,11.559,5.85,11.698423931623932,long_rentry,68.43578,0.06516864083058936,957.0
1707726720000.0,60992,1707726720000.0,0.10822878632478664,-0.00229114,1050.2395468143266,1050.7937980280017,-0.97,11.81,4.88,11.698423931623932,long_nclose,57.08830878632479,0.0543574168002812,345.0
1707749940000.0,61379,1707749940000.0,0.09037661538461565,-0.0019132200000000002,1050.3280102097112,1050.7984048080018,-0.81,11.81,4.07,11.698423931623932,long_nclose,47.6125854017094,0.04533115839898714,387.0
1707750180000.0,61383,1707750180000.0,0.07475596581196603,-0.0015825400000000003,1050.4011836355232,1050.8417422680018,-0.67,11.81,3.4,11.698423931623932,long_nclose,39.77464136752137,0.037866142943459115,4.0
1707750360000.0,61386,1707750360000.0,0.10239172649572652,-0.0016114640000000002,1050.5019638980189,1050.8952108040019,-0.68,11.849,2.72,11.698423931623932,long_nclose,31.819713094017096,0.03029000819374585,3.0
1707750480000.0,61388,1707750480000.0,0.08131107692307694,-0.0012796920000000002,1050.581995282942,1050.9691111120019,-0.54,11.849,2.18,11.698423931623932,long_nclose,25.502564170940172,0.024274701342156393,2.0
1707750480000.0,61388,1707750480000.0,0.10237107692307679,-0.0012839040000000002,1050.683082455865,1050.9743072080016,-0.54,11.888,1.64,11.698423931623932,long_nclose,19.185415247863247,0.018259944952210793,0.0
1707750600000.0,61390,1707750600000.0,0.07772618803418792,-0.0009748159999999999,1050.759833827899,1050.9954723920016,-0.41,11.888,1.23,11.698423931623932,long_nclose,14.389061435897435,0.013693958383885256,2.0
1707750780000.0,61393,1707750780000.0,0.03613825641025641,-0.0005687520000000001,1050.7954033323094,1050.9632836400017,-0.24,11.849,0.99,11.698423931623932,long_nclose,11.581439692307692,0.011021593409697389,3.0
1707751260000.0,61401,1707751260000.0,0.028609452991452997,-0.00045026200000000005,1050.823562523301,1050.9456233780018,-0.19,11.849,0.8,11.698423931623932,long_nclose,9.358739145299145,0.008906099443398829,8.0
1707751440000.0,61404,1707751440000.0,0.024092170940170944,-0.000379168,1050.847275526241,1050.9442842100016,-0.16,11.849,0.64,11.698423931623932,long_nclose,7.486991316239316,0.007124718777512172,3.0
1707751980000.0,61413,1707751980000.0,0.030332170940170898,-0.000380416,1050.8772272811811,1050.9749437940018,-0.16,11.888,0.48,11.698423931623932,long_nclose,5.615243487179487,0.005343386783351646,9.0
1707752400000.0,61420,1707752400000.0,0.03657217094017085,-0.00038166400000000004,1050.9134177881213,1050.9878421300016,-0.16,11.927,0.32,11.698423931623932,long_nclose,3.743495658119658,0.0035621351814107286,7.0
1707752940000.0,61429,1707752940000.0,0.02285760683760678,-0.00023854000000000003,1050.9360368549587,1050.9858835900015,-0.1,11.927,0.22,11.698423931623932,long_nclose,2.573653264957265,0.002448915228617723,9.0
1707753060000.0,61431,1707753060000.0,0.016000324786324748,-0.000166978,1050.9518702017451,1050.9855566120016,-0.07,11.927,0.15,11.698423931623932,long_nclose,1.7547635897435898,0.0016696897731451185,2.0
1707753120000.0,61432,1707753120000.0,0.01142880341880339,-0.00011927000000000002,1050.963179735164,1050.9858373420016,-0.05,11.927,0.1,11.698423931623932,long_nclose,1.1698423931623931,0.0011131145369499872,1.0
1707753180000.0,61433,1707753180000.0,0.006857282051282034,-7.156199999999999e-05,1050.9699654552153,1050.9862457800016,-0.03,11.927,0.07,11.698423931623932,long_nclose,0.8188896752136753,0.0007791751449899739,1.0
1707753420000.0,61437,1707753420000.0,0.0045715213675213565,-4.7708000000000005e-05,1050.9744892685828,1050.9863180720017,-0.02,11.927,0.05,11.698423931623932,long_nclose,0.5849211965811966,0.0005565512793638481,4.0
1707753780000.0,61443,1707753780000.0,0.0018957606837606811,-2.3776e-05,1050.9763612532665,1050.9839042960016,-0.01,11.888,0.04,11.698423931623932,long_nclose,0.46793695726495727,0.0004452402304338725,6.0
1707753840000.0,61444,1707753840000.0,0.0018957606837606811,-2.3776e-05,1050.9782332379502,1050.9849105200014,-0.01,11.888,0.03,11.698423931623932,long_nclose,0.35095271794871796,0.0003339295780346189,1.0
1707754080000.0,61448,1707754080000.0,0.0022857606837606782,-2.3854000000000002e-05,1050.980495144634,1050.9851066660015,-0.01,11.927,0.02,11.698423931623932,long_nclose,0.23396847863247863,0.00022261923957045494,4.0
1707754260000.0,61451,1707754260000.0,0.0022857606837606782,-2.3854000000000002e-05,1050.9827570513178,1050.9850828120016,-0.01,11.927,0.01,11.698423931623932,long_nclose,0.11698423931623932,0.00011130938022661315,3.0
1707754620000.0,61457,1707754620000.0,0.0018957606837606811,-2.3776e-05,1050.9846290360015,1050.9846290360015,-0.01,11.888,0.0,11.698423931623932,long_nclose,0.0,0.0,6.0
1707791640000.0,62074,1707791640000.0,0.0,-0.006854624,1050.9777744120015,1050.9692544120014,2.84,12.068,2.84,12.068,long_ientry_normal,34.27312,0.03261069913602601,617.0
1707831360000.0,62736,1707831360000.0,0.0,-0.006856542000000001,1050.9709178700016,1049.6095878700016,2.91,11.781,5.75,11.922753043478263,long_rentry,68.55583000000001,0.06523094867262534,662.0
1707834120000.0,62782,1707834120000.0,0.0,-0.006853583999999999,1050.9640642860015,1049.4114842860015,2.96,11.577,8.71,11.805252583237658,long_rentry,102.82375000000002,0.09783755077282864,46.0
1707852420000.0,63087,1707852420000.0,0.16348375430539414,-0.00345622,1051.1240918203068,1051.9498980660014,-1.45,11.918,7.26,11.805252583237658,long_nclose,85.7061337543054,0.08153759810212508,305.0
1707852660000.0,63091,1707852660000.0,0.13642437428243234,-0.0028841559999999997,1051.2576320385892,1052.0002539100014,-1.21,11.918,6.05,11.805252583237658,long_nclose,71.42177812858783,0.06793936705133581,4.0
1707853320000.0,63102,1707853320000.0,0.18361437428243413,-0.002893594,1051.4383528188716,1052.1824903160013,-1.21,11.957,4.84,11.805252583237658,long_nclose,57.137422502870265,0.054342151729282764,11.0
1707853440000.0,63104,1707853440000.0,0.14567752009184856,-0.002295744,1051.5817345949633,1052.1976745720012,-0.96,11.957,3.88,11.805252583237658,long_nclose,45.804380022962114,0.043557603290441844,2.0
1707853740000.0,63109,1707853740000.0,0.11684551090700356,-0.0018413780000000003,1051.6967387278703,1052.1748931940012,-0.77,11.957,3.11,11.805252583237658,long_nclose,36.71433553386912,0.034909621929871806,5.0
1707854520000.0,63122,1707854520000.0,0.0940833983926522,-0.0014826680000000001,1051.789339458263,1052.187110526001,-0.62,11.957,2.49,11.805252583237658,long_nclose,29.39507893226177,0.027947686698747174,13.0
1707854760000.0,63126,1707854760000.0,0.07435623421354771,-0.001171786,1051.8625239064766,1052.1880187400013,-0.49,11.957,2.0,11.805252583237658,long_nclose,23.610505166475317,0.022446379284232945,4.0
1707856380000.0,63153,1707856380000.0,0.06069896670493691,-0.0009565600000000002,1051.9222663131814,1052.1666621800011,-0.4,11.957,1.6,11.805252583237658,long_nclose,18.888404133180256,0.01795608357961761,27.0
1707856860000.0,63161,1707856860000.0,0.0762989667049368,-0.0009596800000000001,1051.9976055998861,1052.2373025000009,-0.4,11.996,1.2,11.805252583237658,long_nclose,14.166303099885189,0.013466098234897658,8.0
1707857340000.0,63169,1707857340000.0,0.057224225028702586,-0.0007197600000000001,1052.0541100649148,1052.2176827400008,-0.3,11.996,0.9,11.805252583237658,long_nclose,10.624727324913893,0.010099031241138649,8.0
1707857580000.0,63173,1707857580000.0,0.027314535017221607,-0.00043045200000000006,1052.080994147932,1052.198892288001,-0.18,11.957,0.72,11.805252583237658,long_nclose,8.499781859931113,0.008079018542498229,4.0
1707858660000.0,63191,1707858660000.0,0.03433453501722155,-0.000431856,1052.1148968269492,1052.222220432001,-0.18,11.996,0.54,11.805252583237658,long_nclose,6.374836394948336,0.006059068657020321,18.0
1707859140000.0,63199,1707859140000.0,0.024797164179104457,-0.00031189600000000004,1052.1393820951282,1052.2184085360009,-0.13,11.996,0.41,11.805252583237658,long_nclose,4.840153559127439,0.004600296920251409,8.0
1707859560000.0,63206,1707859560000.0,0.0190747416762342,-0.00023992000000000002,1052.1582169168043,1052.2192086160007,-0.1,11.996,0.31,11.805252583237658,long_nclose,3.659628300803674,0.003478211016141355,7.0
1707859680000.0,63208,1707859680000.0,0.01335231917336394,-0.00016794400000000003,1052.1714012919779,1052.2174206720008,-0.07,11.996,0.24,11.805252583237658,long_nclose,2.833260619977038,0.002692774786026338,2.0
1707860160000.0,63216,1707860160000.0,0.006069896670493691,-9.565600000000001e-05,1052.1773755326483,1052.2101250160008,-0.04,11.957,0.2,11.805252583237658,long_nclose,2.361050516647532,0.0022439662470905035,8.0
1707860400000.0,63220,1707860400000.0,0.006069896670493691,-9.565600000000001e-05,1052.1833497733187,1052.2090693600007,-0.04,11.957,0.16,11.805252583237658,long_nclose,1.8888404133180254,0.0017951628047763303,4.0
1707861120000.0,63232,1707861120000.0,0.0045524225028702675,-7.1742e-05,1052.1878304538216,1052.2074276180006,-0.03,11.957,0.13,11.805252583237658,long_nclose,1.5346828358208957,0.0014585635676464422,12.0
1707861600000.0,63240,1707861600000.0,0.0030349483352468455,-4.7828000000000004e-05,1052.1908175741567,1052.2087197900005,-0.02,11.957,0.11,11.805252583237658,long_nclose,1.2985777841561423,0.0012341656688755703,8.0
1707861960000.0,63246,1707861960000.0,0.0030349483352468455,-4.7828000000000004e-05,1052.1938046944917,1052.2074619620003,-0.02,11.957,0.09,11.805252583237658,long_nclose,1.0624727324913892,0.001009769044211282,6.0
1707862020000.0,63247,1707862020000.0,0.0015174741676234227,-2.3914000000000002e-05,1052.1952982546595,1052.2058380480005,-0.01,11.957,0.08,11.805252583237658,long_nclose,0.9444202066590127,0.0008975712096657151,1.0
1707862140000.0,63249,1707862140000.0,0.0011274741676234078,-2.3836e-05,1052.196401892827,1052.2047842120003,-0.01,11.918,0.07,11.805252583237658,long_nclose,0.8263676808266361,0.0007853739846858049,2.0
1707862320000.0,63252,1707862320000.0,0.0011274741676234078,-2.3836e-05,1052.1975055309945,1052.2045703760002,-0.01,11.918,0.06,11.805252583237658,long_nclose,0.7083151549942595,0.0006731769950707174,3.0
1707862800000.0,63260,1707862800000.0,0.0011274741676234078,-2.3836e-05,1052.198609169162,1052.20469654,-0.01,11.918,0.05,11.805252583237658,long_nclose,0.590262629161883,0.0005609802408197125,8.0
1707863460000.0,63271,1707863460000.0,0.0011274741676234078,-2.3836e-05,1052.1997128073294,1052.204942704,-0.01,11.918,0.04,11.805252583237658,long_nclose,0.47221010332950636,0.000448783721932049,11.0
1707863820000.0,63277,1707863820000.0,0.0015174741676234227,-2.3914000000000002e-05,1052.2012063674972,1052.20623879,-0.01,11.957,0.03,11.805252583237658,long_nclose,0.3541575774971297,0.0003365873136752847,6.0
1707864000000.0,63280,1707864000000.0,0.0015174741676234227,-2.3914000000000002e-05,1052.202699927665,1052.2058748760003,-0.01,11.957,0.02,11.805252583237658,long_nclose,0.23610505166475318,0.00022439122393525936,3.0
1707864420000.0,63287,1707864420000.0,0.0015174741676234227,-2.3914000000000002e-05,1052.2041934878328,1052.2057209620004,-0.01,11.957,0.01,11.805252583237658,long_nclose,0.11805252583237659,0.00011219545271061657,7.0
1707865500000.0,63305,1707865500000.0,0.0011274741676234078,-2.3836e-05,1052.2052971260002,1052.2052971260002,-0.01,11.918,0.0,11.805252583237658,long_nclose,0.0,0.0,18.0
1707874920000.0,63462,1707874920000.0,0.0,-0.006849216,1052.1984479100001,1052.2387679100002,2.88,11.891,2.88,11.891,long_ientry_normal,34.24608,0.03254716832934279,157.0
1707878580000.0,63523,1707878580000.0,0.054720000000000366,-0.0011524800000000002,1052.2520154300003,1052.5808154300003,-0.48,12.005,2.4,11.891,long_nclose,28.5384,0.027121259528629035,61.0
1707879420000.0,63537,1707879420000.0,0.07344000000000023,-0.001156224,1052.3242992060002,1052.6257392060002,-0.48,12.044,1.92,11.891,long_nclose,22.83072,0.021695517263286838,14.0
1707879600000.0,63540,1707879600000.0,0.05814000000000018,-0.000915344,1052.3815238620002,1052.6063638620003,-0.38,12.044,1.54,11.891,long_nclose,18.31214,0.017400666568906133,3.0
1707879660000.0,63541,1707879660000.0,0.04590000000000014,-0.00072264,1052.4267012220002,1052.6213812220003,-0.3,12.044,1.24,11.891,long_nclose,14.74484,0.014010324883319075,1.0
1707879780000.0,63543,1707879780000.0,0.036720000000000114,-0.000578112,1052.4628431100002,1052.6438431100003,-0.24,12.044,1.0,11.891,long_nclose,11.891,0.011298261100470212,2.0
1707880380000.0,63553,1707880380000.0,0.048249999999999904,-0.0006042,1052.5104889100003,1052.6574889100002,-0.25,12.084,0.75,11.891,long_nclose,8.91825,0.008473312232010066,10.0
1707880620000.0,63557,1707880620000.0,0.03473999999999993,-0.00043502399999999995,1052.5447938860004,1052.6530938860005,-0.18,12.084,0.57,11.891,long_nclose,6.777869999999999,0.0064395074103935,4.0
1707883200000.0,63600,1707883200000.0,0.016830000000000053,-0.00026496800000000003,1052.5613589180005,1052.6427789180004,-0.11,12.044,0.46,11.891,long_nclose,5.469860000000001,0.005196713667717046,43.0
1707883440000.0,63604,1707883440000.0,0.013770000000000041,-0.00021679200000000002,1052.5749121260005,1052.6318921260006,-0.09,12.044,0.37,11.891,long_nclose,4.3996699999999995,0.004179911519184421,4.0
1707885300000.0,63635,1707885300000.0,0.006840000000000046,-0.00014406000000000003,1052.5816080660006,1052.6175680660006,-0.06,12.005,0.31,11.891,long_nclose,3.68621,0.003502065751246588,31.0
1707885420000.0,63637,1707885420000.0,0.005700000000000038,-0.00012005000000000002,1052.5871880160005,1052.6186480160004,-0.05,12.005,0.26,11.891,long_nclose,3.09166,0.0029372008658279463,2.0
1707888240000.0,63684,1707888240000.0,0.007650000000000024,-0.00012044000000000002,1052.5947175760004,1052.6270575760004,-0.05,12.044,0.21,11.891,long_nclose,2.4971099999999997,0.0023723375752355523,47.0
1707889200000.0,63700,1707889200000.0,0.006120000000000019,-9.635200000000002e-05,1052.6007412240006,1052.6281112240006,-0.04,12.044,0.17,11.891,long_nclose,2.0214700000000003,0.0019204527612714437,16.0
1707889440000.0,63704,1707889440000.0,0.004590000000000014,-7.2264e-05,1052.6052589600006,1052.6273789600007,-0.03,12.044,0.14,11.891,long_nclose,1.66474,0.0015815425448708128,4.0
1707889680000.0,63708,1707889680000.0,0.0030600000000000093,-4.817600000000001e-05,1052.6082707840005,1052.6268707840006,-0.02,12.044,0.12,11.891,long_nclose,1.42692,0.0013556040168078915,4.0
1707892680000.0,63758,1707892680000.0,0.0022800000000000155,-4.8020000000000004e-05,1052.6105027640006,1052.6229027640006,-0.02,12.005,0.1,11.891,long_nclose,1.1891,0.0011296676186277812,50.0
1707893520000.0,63772,1707893520000.0,0.0030600000000000093,-4.817600000000001e-05,1052.6135145880005,1052.6267945880004,-0.02,12.044,0.08,11.891,long_nclose,0.95128,0.0009037315090642142,14.0
1707893700000.0,63775,1707893700000.0,0.0015300000000000047,-2.4088000000000004e-05,1052.6150205000006,1052.6255205000007,-0.01,12.044,0.07,11.891,long_nclose,0.83237,0.0007907639391319132,3.0
1707894000000.0,63780,1707894000000.0,0.0015300000000000047,-2.4088000000000004e-05,1052.6165264120007,1052.6258264120006,-0.01,12.044,0.06,11.891,long_nclose,0.71346,0.0006777966924307507,5.0
1707894120000.0,63782,1707894120000.0,0.0015300000000000047,-2.4088000000000004e-05,1052.6180323240008,1052.6253823240008,-0.01,12.044,0.05,11.891,long_nclose,0.59455,0.0005648297689593397,2.0
1707894300000.0,63785,1707894300000.0,0.0015300000000000047,-2.4088000000000004e-05,1052.6195382360008,1052.625538236001,-0.01,12.044,0.04,11.891,long_nclose,0.47564,0.00045186316871629256,3.0
1707894480000.0,63788,1707894480000.0,0.0015300000000000047,-2.4088000000000004e-05,1052.621044148001,1052.625724148001,-0.01,12.044,0.03,11.891,long_nclose,0.35673,0.00033889689170022233,3.0
1707894780000.0,63793,1707894780000.0,0.0015300000000000047,-2.4088000000000004e-05,1052.622550060001,1052.625630060001,-0.01,12.044,0.02,11.891,long_nclose,0.23782,0.00022593093790974165,5.0
1707894900000.0,63795,1707894900000.0,0.0015300000000000047,-2.4088000000000004e-05,1052.624055972001,1052.6255459720012,-0.01,12.044,0.01,11.891,long_nclose,0.11891,0.00011296530734346329,2.0
1707895800000.0,63810,1707895800000.0,0.0015300000000000047,-2.4088000000000004e-05,1052.6255618840012,1052.6255618840012,-0.01,12.044,0.0,11.891,long_nclose,0.0,0.0,15.0
1707923340000.0,64269,1707923340000.0,0.0,-0.006869542,1052.6186923420012,1052.5762423420013,2.83,12.137,2.83,12.137,long_ientry_normal,34.34771,0.03263072397429957,459.0
1707957240000.0,64834,1707957240000.0,0.05451999999999984,-0.0011517819999999998,1052.672060560001,1052.959980560001,-0.47,12.253,2.36,12.137,long_nclose,28.64332,0.027210107566417514,565.0
1707958560000.0,64856,1707958560000.0,0.07331999999999944,-0.0011555419999999999,1052.7442250180009,1053.093875018001,-0.47,12.293,1.89,12.137,long_nclose,22.93893,0.021789651707286986,22.0
1707958740000.0,64859,1707958740000.0,0.057719999999999556,-0.000909682,1052.801035336001,1053.060955336001,-0.37,12.293,1.52,12.137,long_nclose,18.448240000000002,0.017523007083776524,3.0
1707958980000.0,64863,1707958980000.0,0.04679999999999964,-0.0007375799999999999,1052.847097756001,1053.021557756001,-0.3,12.293,1.22,12.137,long_nclose,14.80714,0.014063903516056022,4.0
1707960720000.0,64892,1707960720000.0,0.0,-0.003909724,1052.8431880320009,1052.801178032001,1.61,12.142,2.83,12.139844522968197,long_ientry_partial,34.35576,0.032631412151907055,29.0
1707961980000.0,64913,1707961980000.0,0.05459307420494759,-0.0011520640000000002,1052.8966290422059,1053.151875968001,-0.47,12.256,2.36,12.139844522968197,long_nclose,28.65003307420494,0.027210679836886905,21.0
1707962100000.0,64915,1707962100000.0,0.04530063604240333,-0.0009559680000000001,1052.9409737102483,1053.197380000001,-0.39,12.256,1.97,12.139844522968197,long_nclose,23.915493710247347,0.022713043092982048,2.0
1707962100000.0,64915,1707962100000.0,0.060900636042403,-0.0009590880000000001,1053.0009152582907,1053.206560912001,-0.39,12.296,1.58,12.139844522968197,long_nclose,19.180954346289752,0.018215515360292783,0.0
1707962220000.0,64917,1707962220000.0,0.04840819787985879,-0.000762352,1053.0485611041704,1053.2163985600007,-0.31,12.296,1.27,12.139844522968197,long_nclose,15.41760254416961,0.01464092266362677,2.0
1707962400000.0,64920,1707962400000.0,0.03903886925795064,-0.0006148,1053.0869851734283,1053.2421837600007,-0.25,12.296,1.02,12.139844522968197,long_nclose,12.38264141342756,0.011758422226999906,3.0
1707962460000.0,64921,1707962460000.0,0.03123109540636051,-0.00049184,1053.1177244288347,1053.2474119200008,-0.2,12.296,0.82,12.139844522968197,long_nclose,9.954672508833921,0.009452573323873076,1.0
1707963120000.0,64932,1707963120000.0,0.015100212014134442,-0.000318656,1053.1325059848489,1053.2140332640008,-0.13,12.256,0.69,12.139844522968197,long_nclose,8.376492720848056,0.007953882985517271,11.0
1707963360000.0,64936,1707963360000.0,0.012777102473498374,-0.000269632,1053.1450134553224,1053.213543632001,-0.11,12.256,0.58,12.139844522968197,long_nclose,7.041109823321554,0.0066857932510357545,4.0
1707963960000.0,64946,1707963960000.0,0.010453992932862305,-0.000220608,1053.1552468402551,1053.2146130240008,-0.09,12.256,0.49,12.139844522968197,long_nclose,5.948523816254417,0.00564828768987437,10.0
1707964260000.0,64951,1707964260000.0,0.009292438162544272,-0.00019609600000000001,1053.1643431824175,1053.2172969280005,-0.08,12.256,0.41,12.139844522968197,long_nclose,4.977336254416961,0.004726077450910092,5.0
1707964440000.0,64954,1707964440000.0,0.012492438162544204,-0.000196736,1053.1766388845801,1053.2314701920006,-0.08,12.296,0.33,12.139844522968197,long_nclose,4.006148692579505,0.0038038715868426586,3.0
1707964800000.0,64960,1707964800000.0,0.01569243816254428,-0.00019737600000000003,1053.1921339467426,1053.2444228160007,-0.08,12.336,0.25,12.139844522968197,long_nclose,3.034961130742049,0.0028816785018786705,6.0
1707964980000.0,64963,1707964980000.0,0.011769328621908208,-0.000148032,1053.2037552433646,1053.2463447840007,-0.06,12.336,0.19,12.139844522968197,long_nclose,2.3065704593639573,0.0021900514956205946,3.0
1707965460000.0,64971,1707965460000.0,0.00784621908127214,-9.868800000000001e-05,1053.211502774446,1053.2413760960007,-0.04,12.336,0.15,12.139844522968197,long_nclose,1.8209766784452295,0.0017289753042463748,8.0
1707966060000.0,64981,1707966060000.0,0.005884664310954104,-7.4016e-05,1053.217313422757,1053.2419320800007,-0.03,12.336,0.12,12.139844522968197,long_nclose,1.4567813427561835,0.0013831726123281433,10.0
1707966240000.0,64984,1707966240000.0,0.005884664310954104,-7.4016e-05,1053.2231240710678,1053.2408680640006,-0.03,12.336,0.09,12.139844522968197,long_nclose,1.0925860070671376,0.0010373737360075412,3.0
1707966540000.0,64989,1707966540000.0,0.007114664310954115,-7.426200000000002e-05,1053.2301644733786,1053.2458338020006,-0.03,12.377,0.06,12.139844522968197,long_nclose,0.7283906713780918,0.0006915778677325402,5.0
1707966600000.0,64990,1707966600000.0,0.00831466431095409,-7.4502e-05,1053.2384046356897,1053.2474393000007,-0.03,12.417,0.03,12.139844522968197,long_nclose,0.3641953356890459,0.00034578622853675696,1.0
1707966600000.0,64990,1707966600000.0,0.009514664310954117,-7.4742e-05,1053.2478445580007,1053.2478445580007,-0.03,12.457,0.0,12.139844522968197,long_nclose,0.0,0.0,0.0
1707975900000.0,65145,1707975900000.0,0.0,-0.0068627079999999995,1053.2409818500007,1053.2409818500007,2.78,12.343,2.78,12.343,long_ientry_normal,34.313539999999996,0.03257900194856529,155.0
1707980280000.0,65218,1707980280000.0,0.054280000000000155,-0.001146412,1053.2941154380007,1053.5516354380009,-0.46,12.461,2.32,12.343,long_nclose,28.635759999999998,0.027186860327319054,73.0
1707980340000.0,65219,1707980340000.0,0.04484000000000012,-0.0009470360000000002,1053.3380084020007,1053.5766284020008,-0.38,12.461,1.94,12.343,long_nclose,23.94542,0.022732892774207536,1.0
1707980580000.0,65223,1707980580000.0,0.060420000000000265,-0.0009501520000000001,1053.3974782500006,1053.6330382500007,-0.38,12.502,1.56,12.343,long_nclose,19.25508,0.01827902610132339,4.0
1707980880000.0,65228,1707980880000.0,0.049290000000000216,-0.0007751240000000001,1053.4459931260005,1053.6197431260005,-0.31,12.502,1.25,12.343,long_nclose,15.42875,0.014645981000142833,5.0
1707981360000.0,65236,1707981360000.0,0.023600000000000065,-0.0004984400000000001,1053.4690946860005,1053.6003446860004,-0.2,12.461,1.05,12.343,long_nclose,12.96015,0.012302354255454388,8.0
1707982860000.0,65261,1707982860000.0,0.0,-0.004270678,1053.4648240080005,1053.4954040080006,1.73,12.343,2.78,12.343,long_ientry_partial,34.313539999999996,0.03257207950185853,25.0
1707987360000.0,65336,1707987360000.0,0.054280000000000155,-0.001146412,1053.5179575960005,1053.7847575960006,-0.46,12.461,2.32,12.343,long_nclose,28.635759999999998,0.027181083904201604,75.0
1707987420000.0,65337,1707987420000.0,0.04484000000000012,-0.0009470360000000002,1053.5618505600005,1053.7927105600004,-0.38,12.461,1.94,12.343,long_nclose,23.94542,0.0227280628918675,1.0
1707987660000.0,65341,1707987660000.0,0.060420000000000265,-0.0009501520000000001,1053.6213204080004,1053.8459604080003,-0.38,12.502,1.56,12.343,long_nclose,19.25508,0.018275142716876434,4.0
1707987840000.0,65344,1707987840000.0,0.049290000000000216,-0.0007751240000000001,1053.6698352840003,1053.9210852840004,-0.31,12.502,1.25,12.343,long_nclose,15.42875,0.014642869600458307,3.0
1707987840000.0,65344,1707987840000.0,0.06199999999999978,-0.000777666,1053.7310576180002,1053.9199976180003,-0.31,12.543,0.94,12.343,long_nclose,11.602419999999999,0.011010798169153064,0.0
1707988080000.0,65348,1707988080000.0,0.04599999999999984,-0.000576978,1053.7764806400003,1053.9291306400003,-0.23,12.543,0.71,12.343,long_nclose,8.76353,0.008316308212418596,4.0
1707988560000.0,65356,1707988560000.0,0.033999999999999884,-0.000426462,1053.8100541780004,1053.9299341780004,-0.17,12.543,0.54,12.343,long_nclose,6.665220000000001,0.006324877973572806,8.0
1707988680000.0,65358,1707988680000.0,0.04337999999999994,-0.000453024,1053.8529811540004,1053.9415411540003,-0.18,12.584,0.36,12.343,long_nclose,4.44348,0.004216413560015038,2.0
1707988800000.0,65360,1707988800000.0,0.02891999999999996,-0.000302016,1053.8815991380004,1053.9351191380003,-0.12,12.584,0.24,12.343,long_nclose,2.96232,0.002810866042658839,2.0
1707988860000.0,65361,1707988860000.0,0.019279999999999974,-0.00020134400000000003,1053.9006777940003,1053.9400377940003,-0.08,12.584,0.16,12.343,long_nclose,1.97488,0.0018738767718925577,1.0
1707988980000.0,65363,1707988980000.0,0.012049999999999984,-0.00012584,1053.9126019540004,1053.9394419540004,-0.05,12.584,0.11,12.343,long_nclose,1.35773,0.0012882757047241952,2.0
1707989280000.0,65368,1707989280000.0,0.003999999999999986,-5.0172e-05,1053.9165517820002,1053.9342817820002,-0.02,12.543,0.09,12.343,long_nclose,1.11087,0.0010540398081059653,5.0
1707989340000.0,65369,1707989340000.0,0.003999999999999986,-5.0172e-05,1053.92050161,1053.93436161,-0.02,12.543,0.07,12.343,long_nclose,0.8640100000000001,0.0008198056672017605,1.0
1707989400000.0,65370,1707989400000.0,0.001999999999999993,-2.5086e-05,1053.9224765239999,1053.934356524,-0.01,12.543,0.06,12.343,long_nclose,0.74058,0.0007026892551362487,1.0
1707989460000.0,65371,1707989460000.0,0.001999999999999993,-2.5086e-05,1053.9244514379998,1053.9346014379998,-0.01,12.543,0.05,12.343,long_nclose,0.6171500000000001,0.0005855732819918409,1.0
1707990000000.0,65380,1707990000000.0,0.001999999999999993,-2.5086e-05,1053.9264263519997,1053.9341863519996,-0.01,12.543,0.04,12.343,long_nclose,0.49372,0.0004684577477660694,9.0
1707990120000.0,65382,1707990120000.0,0.001999999999999993,-2.5086e-05,1053.9284012659996,1053.9349112659995,-0.01,12.543,0.03,12.343,long_nclose,0.37029,0.00035134265245646704,2.0
1707990420000.0,65387,1707990420000.0,0.001999999999999993,-2.5086e-05,1053.9303761799995,1053.9344961799995,-0.01,12.543,0.02,12.343,long_nclose,0.24686,0.0002342279960605662,5.0
1707990840000.0,65394,1707990840000.0,0.001999999999999993,-2.5086e-05,1053.9323510939994,1053.9344610939993,-0.01,12.543,0.01,12.343,long_nclose,0.12343,0.00011711377857589968,7.0
1707991020000.0,65397,1707991020000.0,0.0024099999999999968,-2.5168000000000004e-05,1053.9347359259993,1053.9347359259993,-0.01,12.584,0.0,12.343,long_nclose,0.0,0.0,3.0
1708011960000.0,65746,1708011960000.0,0.0,-0.006867056,1053.9278688699994,1053.9358488699995,2.66,12.908,2.66,12.908,long_ientry_normal,34.33528,0.032578396505269,349.0
1708012260000.0,65751,1708012260000.0,0.05412000000000049,-0.001146728,1053.9808421419993,1054.2516821419993,-0.44,13.031,2.22,12.908,long_nclose,28.65576,0.027188122263933242,5.0
1708012320000.0,65752,1708012320000.0,0.04551000000000041,-0.0009642940000000002,1054.0253878479994,1054.2344378479993,-0.37,13.031,1.85,12.908,long_nclose,23.8798,0.022655811022498536,1.0
1708012380000.0,65753,1708012380000.0,0.03690000000000033,-0.00078186,1054.0615059879995,1054.2955559879995,-0.3,13.031,1.55,12.908,long_nclose,20.0074,0.018981245293884952,1.0
1708013280000.0,65768,1708013280000.0,0.0,-0.0028660200000000004,1054.0586399679994,1054.0431199679995,1.11,12.91,2.66,12.908834586466163,long_ientry_partial,34.3375,0.032576460832428135,15.0
1708025340000.0,65969,1708025340000.0,0.05419278195488815,-0.001146816,1054.1116859339543,1054.3873331519994,-0.44,13.032,2.22,12.908834586466163,long_nclose,28.657612781954885,0.027186505153449593,201.0
1708026000000.0,65980,1708026000000.0,0.04557120300751958,-0.0009643680000000001,1054.1562927689617,1054.3896987839994,-0.37,13.032,1.85,12.908834586466163,long_nclose,23.881343984962403,0.022654462292525015,11.0
1708026480000.0,65988,1708026480000.0,0.0614812030075193,-0.00096755,1054.2168064219693,1054.4819712339993,-0.37,13.075,1.48,12.908834586466163,long_nclose,19.10507518796992,0.01812252951346212,8.0
1708031460000.0,66071,1708031460000.0,0.029559699248120807,-0.000625536,1054.2457405852174,1054.4096256979994,-0.24,13.032,1.24,12.908834586466163,long_nclose,16.006954887218043,0.01518332422034022,83.0
1708032540000.0,66089,1708032540000.0,0.0,-0.003668996,1054.2420715892174,1054.2732967019995,1.42,12.919,2.66,12.914261235796255,long_ientry_partial,34.35193488721804,0.032584484923310085,18.0
1708036200000.0,66150,1708036200000.0,0.054445056249647836,-0.001147344,1054.2953693014672,1054.5789493579996,-0.44,13.038,2.22,12.914261235796255,long_nclose,28.66965994346769,0.027193195358965704,61.0
1708037760000.0,66176,1708037760000.0,0.045783342755385675,-0.0009648120000000001,1054.3401878322227,1054.6209045459996,-0.37,13.038,1.85,12.914261235796255,long_nclose,23.891383286223075,0.02266003284513415,26.0
1708037880000.0,66178,1708037880000.0,0.03712162926112352,-0.00078228,1054.3765271814837,1054.5760722659995,-0.3,13.038,1.55,12.914261235796255,long_nclose,20.017104915484197,0.018984778586633663,2.0
1708038360000.0,66186,1708038360000.0,0.03093469105093627,-0.0006519000000000001,1054.4068099725346,1054.5793703659995,-0.25,13.038,1.3,12.914261235796255,long_nclose,16.78853960653513,0.015922260220391067,8.0
1708038480000.0,66188,1708038480000.0,0.025985140482786464,-0.000547596,1054.4322475170175,1054.5714827699996,-0.21,13.038,1.09,12.914261235796255,long_nclose,14.07654474701792,0.013349880734552117,2.0
1708038960000.0,66196,1708038960000.0,0.022272977556674112,-0.000469368,1054.454051126574,1054.5639234019995,-0.18,13.038,0.91,12.914261235796255,long_nclose,11.751977724574592,0.011145082815148588,8.0
1708039020000.0,66197,1708039020000.0,0.01856081463056176,-0.00039114,1054.4722208012047,1054.5677822619996,-0.15,13.038,0.76,12.914261235796255,long_nclose,9.814838539205153,0.009307820865823931,1.0
1708039320000.0,66202,1708039320000.0,0.01484865170444941,-0.000312912,1054.486756540909,1054.5672293499995,-0.12,13.038,0.64,12.914261235796255,long_nclose,8.265127190909604,0.007838056893215194,5.0
1708039440000.0,66204,1708039440000.0,0.012373876420374508,-0.00026076,1054.4988696573294,1054.5705485899994,-0.1,13.038,0.54,12.914261235796255,long_nclose,6.973701067329978,0.006613284535426915,2.0
1708039740000.0,66209,1708039740000.0,0.011136488778337056,-0.000234684,1054.509771462108,1054.5681539059997,-0.09,13.038,0.45,12.914261235796255,long_nclose,5.811417556108315,0.005511013471265059,5.0
1708040460000.0,66221,1708040460000.0,0.008661713494262157,-0.00018253200000000003,1054.5182506436022,1054.5667913739996,-0.07,13.038,0.38,12.914261235796255,long_nclose,4.907419269602577,0.004653707289188632,12.0
1708040760000.0,66226,1708040760000.0,0.007424325852224705,-0.000156456,1054.5255185134545,1054.5663949179996,-0.06,13.038,0.32,12.914261235796255,long_nclose,4.132563595454802,0.003918884391987405,5.0
1708040880000.0,66228,1708040880000.0,0.006186938210187254,-0.00013038,1054.5315750716647,1054.5674145379999,-0.05,13.038,0.27,12.914261235796255,long_nclose,3.486850533664989,0.0033065397149706272,2.0
1708041120000.0,66232,1708041120000.0,0.004949550568149803,-0.000104304,1054.536420318233,1054.566950234,-0.04,13.038,0.23,12.914261235796255,long_nclose,2.970280084233139,0.0028166690376959973,4.0
1708041240000.0,66234,1708041240000.0,0.0066695505681497735,-0.00010464800000000002,1054.5429852208013,1054.575615586,-0.04,13.081,0.19,12.914261235796255,long_nclose,2.4537096348012883,0.0023267990676430587,2.0
1708041480000.0,66238,1708041480000.0,0.00500216292611233,-7.8486e-05,1054.5479088977274,1054.5745871000001,-0.03,13.081,0.16,12.914261235796255,long_nclose,2.066281797727401,0.0019594005927025112,4.0
1708041540000.0,66239,1708041540000.0,0.00500216292611233,-7.8486e-05,1054.5528325746536,1054.575418614,-0.03,13.081,0.13,12.914261235796255,long_nclose,1.6788539606535133,0.0015920055485078453,1.0
1708041660000.0,66241,1708041660000.0,0.006262162926112325,-7.8738e-05,1054.5590159995797,1054.5798898760002,-0.03,13.123,0.1,12.914261235796255,long_nclose,1.2914261235796256,0.0012246124721199485,2.0
1708042800000.0,66260,1708042800000.0,0.0,-0.006623743999999999,1054.5523922555797,1054.554666132,2.56,12.937,2.66,12.936145159240459,long_ientry_partial,34.41014612357962,0.03263009631032161,19.0
1708049460000.0,66371,1708049460000.0,0.054496129934198334,-0.0011492800000000001,1054.605739105514,1054.8362968520003,-0.44,13.06,2.22,12.936145159240459,long_nclose,28.71824225351382,0.027231259217185565,111.0
1708052820000.0,66427,1708052820000.0,0.04582629108103042,-0.00096644,1054.650598956595,1054.9056304120002,-0.37,13.06,1.85,12.936145159240459,long_nclose,23.93186854459485,0.02269175077345192,56.0
1708053000000.0,66430,1708053000000.0,0.06173629108103015,-0.0009696220000000001,1054.711365625676,1055.07671079,-0.37,13.103,1.48,12.936145159240459,long_nclose,19.14549483567588,0.01815235471964255,3.0
1708053000000.0,66430,1708053000000.0,0.07764629108103052,-0.0009728040000000001,1054.7880391127571,1055.0620479860002,-0.37,13.146,1.11,12.936145159240459,long_nclose,14.35912112675691,0.013613276406542488,0.0
1708053060000.0,66431,1708053060000.0,0.09318629108103046,-0.0009759120000000001,1054.8802494918382,1055.0414620740003,-0.37,13.188,0.74,12.936145159240459,long_nclose,9.57274741783794,0.009074724285007107,1.0
1708053180000.0,66433,1708053180000.0,0.03777387133671755,-0.0004732560000000001,1054.9175501071747,1055.035628818,-0.18,13.146,0.56,12.936145159240459,long_nclose,7.244241289174657,0.006867116096834938,2.0
1708053480000.0,66438,1708053480000.0,0.018354032483549502,-0.000288266,1054.9356158736582,1055.010700552,-0.11,13.103,0.45,12.936145159240459,long_nclose,5.821265321658206,0.005518123792642314,5.0
1708053540000.0,66439,1708053540000.0,0.015016935668358683,-0.00023585400000000002,1054.9503969553266,1055.016224698,-0.09,13.103,0.36,12.936145159240459,long_nclose,4.657012257326565,0.004414437181849578,1.0
1708053840000.0,66444,1708053840000.0,0.0074312904455725,-0.00015672,1054.9576715257722,1054.993927978,-0.06,13.06,0.3,12.936145159240459,long_nclose,3.8808435477721375,0.0036786722846987043,5.0
1708053900000.0,66445,1708053900000.0,0.006192742037977084,-0.0001306,1054.9637336678102,1054.995947378,-0.05,13.06,0.25,12.936145159240459,long_nclose,3.2340362898101147,0.003065542621608694,1.0
1708054080000.0,66448,1708054080000.0,0.004954193630381667,-0.00010448,1054.9685833814406,1054.997742898,-0.04,13.06,0.21,12.936145159240459,long_nclose,2.716590483440496,0.0025750439645635115,3.0
1708056600000.0,66490,1708056600000.0,0.00371564522278625,-7.836e-05,1054.9722206666634,1054.995054538,-0.03,13.06,0.18,12.936145159240459,long_nclose,2.3285061286632827,0.0022071729312377925,42.0
1708056840000.0,66494,1708056840000.0,0.00371564522278625,-7.836e-05,1054.9758579518862,1054.9944361780001,-0.03,13.06,0.15,12.936145159240459,long_nclose,1.9404217738860687,0.0018393044345613497,4.0
1708056900000.0,66495,1708056900000.0,0.0024770968151908335,-5.224e-05,1054.9782828087014,1054.998543938,-0.02,13.06,0.13,12.936145159240459,long_nclose,1.6816988707012597,0.0015940601793470294,1.0
1708057140000.0,66499,1708057140000.0,0.0024770968151908335,-5.224e-05,1054.9807076655165,1054.9944416980002,-0.02,13.06,0.11,12.936145159240459,long_nclose,1.4229759675164504,0.0013488170515129527,4.0
1708057260000.0,66501,1708057260000.0,0.0012385484075954167,-2.612e-05,1054.9819200939241,1054.9963055780001,-0.01,13.06,0.1,12.936145159240459,long_nclose,1.293614515924046,0.0012261959103610767,2.0
1708057500000.0,66505,1708057500000.0,0.003337096815190819,-5.2412000000000006e-05,1054.9852047787392,1054.999353166,-0.02,13.103,0.08,12.936145159240459,long_nclose,1.0348916127392367,0.0009809536740908924,4.0
1708057560000.0,66506,1708057560000.0,0.004197096815190839,-5.258400000000001e-05,1054.9893492915544,1055.002420582,-0.02,13.146,0.06,12.936145159240459,long_nclose,0.7761687095544275,0.0007357123653197444,1.0
1708057740000.0,66509,1708057740000.0,0.005037096815190835,-5.2752e-05,1054.9943336363694,1055.0049278299998,-0.02,13.188,0.04,12.936145159240459,long_nclose,0.5174458063696183,0.000490472592953252,3.0
1708057800000.0,66510,1708057800000.0,0.005897096815190821,-5.2924000000000004e-05,1055.0001778091846,1055.0068549059997,-0.02,13.231,0.02,12.936145159240459,long_nclose,0.25872290318480917,0.00024523493799031735,1.0
1708057800000.0,66510,1708057800000.0,0.006757096815190806,-5.3096e-05,1055.0068818099996,1055.0068818099996,-0.02,13.274,0.0,12.936145159240459,long_nclose,0.0,0.0,0.0
1708066560000.0,66656,1708066560000.0,0.0,-0.006871138000000001,1055.0000106719997,1054.9789706719996,2.63,13.063,2.63,13.063,long_ientry_normal,34.35569,0.03256463474167794,146.0
1708072920000.0,66762,1708072920000.0,0.05375,-0.001134168,1055.0526265039998,1055.3078265039999,-0.43,13.188,2.2,13.063,long_nclose,28.738600000000005,0.027239020384440562,106.0
1708073100000.0,66765,1708073100000.0,0.045,-0.0009495360000000001,1055.0966769679999,1055.368996968,-0.36,13.188,1.84,13.063,long_nclose,24.03592,0.022780774998809886,3.0
1708073160000.0,66766,1708073160000.0,0.06047999999999973,-0.000952632,1055.156204336,1055.398924336,-0.36,13.231,1.48,13.063,long_nclose,19.33324,0.018322633104513875,1.0
1708073220000.0,66767,1708073220000.0,0.048719999999999784,-0.000767398,1055.2041569379999,1055.404076938,-0.29,13.231,1.19,13.063,long_nclose,15.54497,0.014731717931351333,1.0
1708073280000.0,66768,1708073280000.0,0.038639999999999834,-0.000608626,1055.2421883119998,1055.4092283119999,-0.23,13.231,0.96,13.063,long_nclose,12.54048,0.01188398278508952,1.0
1708073700000.0,66775,1708073700000.0,0.02,-0.000422016,1055.261766296,1055.3553662959998,-0.16,13.188,0.8,13.063,long_nclose,10.450400000000002,0.009903135253995998,7.0
1708073760000.0,66776,1708073760000.0,0.01625,-0.00034288800000000007,1055.2776734079998,1055.3560634079997,-0.13,13.188,0.67,13.063,long_nclose,8.752210000000002,0.008293750754467212,1.0
1708073880000.0,66778,1708073880000.0,0.01375,-0.00029013600000000003,1055.2911332719998,1055.3572132719999,-0.11,13.188,0.56,13.063,long_nclose,7.315280000000001,0.006932001766487408,2.0
1708073940000.0,66779,1708073940000.0,0.01125,-0.00023738400000000002,1055.3021458879998,1055.3604258879998,-0.09,13.188,0.47,13.063,long_nclose,6.13961,0.00581786934094949,1.0
1708074000000.0,66780,1708074000000.0,0.00875,-0.00018463200000000003,1055.3107112559999,1055.356711256,-0.07,13.188,0.4,13.063,long_nclose,5.225200000000001,0.004951337974937373,1.0
1708074060000.0,66781,1708074060000.0,0.0075,-0.000158256,1055.3180529999997,1055.3564729999998,-0.06,13.188,0.34,13.063,long_nclose,4.441420000000001,0.004208607999620757,1.0
1708074720000.0,66792,1708074720000.0,0.0,-0.005994719999999999,1055.3120582799997,1055.3780782799997,2.3,13.032,2.64,13.035992424242423,long_ientry_partial,34.41502,0.03261122596864032,11.0
1708080120000.0,66882,1708080120000.0,0.0550033333333338,-0.001158168,1055.365903445333,1055.6189201119998,-0.44,13.161,2.2,13.035992424242423,long_nclose,28.67918333333333,0.027174635109688178,90.0
1708080180000.0,66883,1708080180000.0,0.04500272727272765,-0.0009475919999999999,1055.4099585806057,1055.6675725199996,-0.36,13.161,1.84,13.035992424242423,long_nclose,23.986226060606057,0.02272692792558498,1.0
1708080420000.0,66887,1708080420000.0,0.037502272727273044,-0.00078966,1055.446671193333,1055.6438028599996,-0.3,13.161,1.54,13.035992424242423,long_nclose,20.07542833333333,0.019020788905075796,4.0
1708089540000.0,67039,1708089540000.0,0.031251893939394204,-0.00065805,1055.4772650372724,1055.6681948099997,-0.25,13.161,1.29,13.035992424242423,long_nclose,16.816430227272726,0.015932536667835173,152.0
1708089720000.0,67042,1708089720000.0,0.042001893939394463,-0.0006602000000000001,1055.5186067312118,1055.7089346099997,-0.25,13.204,1.04,13.035992424242423,long_nclose,13.55743212121212,0.012844332667140301,3.0
1708092180000.0,67083,1708092180000.0,0.0,-0.004168000000000001,1055.5144387312118,1055.5610866099996,1.6,13.025,2.64,13.029330348943985,long_ientry_partial,34.39743212121212,0.032588310362253105,41.0
1708095240000.0,67134,1708095240000.0,0.0,-0.006868260000000001,1055.507570471212,1054.7897583499998,2.7,12.719,5.34,12.872421745545342,long_rentry,68.73873212121212,0.06512386461664599,51.0
1708099800000.0,67210,1708099800000.0,0.10909464646464491,-0.00231311,1055.6143520076766,1056.1642752399998,-0.89,12.995,4.45,12.872421745545342,long_nclose,57.28227676767678,0.05426439746554356,76.0
1708099920000.0,67212,1708099920000.0,0.09070790829644633,-0.00192326,1055.7031366559731,1056.1838719799998,-0.74,12.995,3.71,12.872421745545342,long_nclose,47.75668467597322,0.04523685022595127,2.0
1708100040000.0,67214,1708100040000.0,0.07477273521734089,-0.00158539,1055.7763240011905,1056.1904165899998,-0.61,12.995,3.1,12.872421745545342,long_nclose,39.904507411190565,0.03779636510502538,2.0
1708100220000.0,67217,1708100220000.0,0.06251490977187517,-0.00132549,1055.8375134209623,1056.2275111,-0.51,12.995,2.59,12.872421745545342,long_nclose,33.33957232096243,0.03157642335792813,3.0
1708100880000.0,67228,1708100880000.0,0.052708649415502594,-0.00111757,1055.889104500378,1056.1884335299999,-0.43,12.995,2.16,12.872421745545342,long_nclose,27.80443097037794,0.026332718892420382,11.0
1708100940000.0,67229,1708100940000.0,0.07119864941550304,-0.0011212680000000001,1055.9591818817935,1056.2352522620001,-0.43,13.038,1.73,12.872421745545342,long_nclose,22.26928961979344,0.021089157613183494,1.0
1708101000000.0,67230,1708101000000.0,0.056296606514583805,-0.000886584,1056.014591904308,1056.287835678,-0.34,13.038,1.39,12.872421745545342,long_nclose,17.892666226308023,0.016943578586392668,1.0
1708101300000.0,67235,1708101300000.0,0.044706128702757725,-0.0007040520000000001,1056.0585939810107,1056.257481626,-0.27,13.038,1.12,12.872421745545342,long_nclose,14.417112355010785,0.013651811023726229,5.0
1708101600000.0,67240,1708101600000.0,0.03642721598002481,-0.000573672,1056.0944475249908,1056.246167954,-0.22,13.038,0.9,12.872421745545342,long_nclose,11.585179570990809,0.010969832857412749,5.0
1708101720000.0,67242,1708101720000.0,0.029804085801838482,-0.000469368,1056.1237822427925,1056.2343585859999,-0.18,13.038,0.72,12.872421745545342,long_nclose,9.268143656792645,0.00877562252893382,2.0
1708101960000.0,67246,1708101960000.0,0.014709390534558863,-0.00031188,1056.138179753327,1056.2057267059997,-0.12,12.995,0.6,12.872421745545342,long_nclose,7.7234530473272045,0.00731291908141329,4.0
1708102320000.0,67252,1708102320000.0,0.01225782544546572,-0.00025990000000000003,1056.1501776787725,1056.2064668059998,-0.1,12.995,0.5,12.872421745545342,long_nclose,6.436210872772671,0.006094030005200871,6.0
1708102380000.0,67253,1708102380000.0,0.009806260356372576,-0.00020791999999999997,1056.1597760191287,1056.2120988859997,-0.08,12.995,0.42,12.872421745545342,long_nclose,5.406417133129043,0.005118938683223555,1.0
1708102500000.0,67255,1708102500000.0,0.008580477811826005,-0.00018193000000000001,1056.1681745669405,1056.2065269559996,-0.07,12.995,0.35,12.872421745545342,long_nclose,4.505347610940869,0.004265748314929288,2.0
1708102560000.0,67256,1708102560000.0,0.00612891272273286,-0.00012995000000000001,1056.1741735296632,1056.2136470059995,-0.05,12.995,0.3,12.872421745545342,long_nclose,3.8617265236636023,0.0036563349307794295,1.0
1708102680000.0,67258,1708102680000.0,0.00612891272273286,-0.00012995000000000001,1056.180172492386,1056.2130670559995,-0.05,12.995,0.25,12.872421745545342,long_nclose,3.2181054363863355,0.0030469284694032966,2.0
1708102920000.0,67262,1708102920000.0,0.004903130178186288,-0.00010395999999999999,1056.1849716625643,1056.2119730959998,-0.04,12.995,0.21,12.872421745545342,long_nclose,2.7032085665645216,0.0025594082846202033,4.0
1708103340000.0,67269,1708103340000.0,0.0,-0.006353196,1056.1786184665643,1056.1871399,2.46,12.913,2.67,12.909808451896824,long_ientry_partial,34.46918856656452,0.032635756834965425,7.0
1708119780000.0,67543,1708119780000.0,0.05420428116539725,-0.001146904,1056.2316758437296,1056.5220029959996,-0.44,13.033,2.23,12.909808451896824,long_nclose,28.788872847729916,0.027256210456605597,274.0
1708119960000.0,67546,1708119960000.0,0.04558087279817496,-0.000964442,1056.2762922745278,1056.5017085539996,-0.37,13.033,1.86,12.909808451896824,long_nclose,24.012243720528094,0.022732919309228685,3.0
1708120200000.0,67550,1708120200000.0,0.03818937991198442,-0.0008080460000000001,1056.3136736084398,1056.5170205079996,-0.31,13.033,1.55,12.909808451896824,long_nclose,20.010203100440076,0.01894342902149875,4.0
1708120500000.0,67555,1708120500000.0,0.03079788702579389,-0.00065165,1056.3438198454655,1056.5130688579998,-0.25,13.033,1.3,12.909808451896824,long_nclose,16.78275098746587,0.015887583826562312,5.0
1708120740000.0,67559,1708120740000.0,0.025870225101666866,-0.000547386,1056.3691426845671,1056.4990614719995,-0.21,13.033,1.09,12.909808451896824,long_nclose,14.07169121256754,0.0133208086491498,4.0
1708120980000.0,67563,1708120980000.0,0.0221744786585716,-0.00046918799999999994,1056.3908479752258,1056.5002222839996,-0.18,13.033,0.91,12.909808451896824,long_nclose,11.74792569122611,0.011120813583100655,4.0
1708121040000.0,67564,1708121040000.0,0.018478732215476332,-0.00039098999999999997,1056.4089357174414,1056.5048412939998,-0.15,13.033,0.76,12.909808451896824,long_nclose,9.811454423441587,0.009287553419621836,1.0
1708127040000.0,67664,1708127040000.0,0.014782985772381067,-0.000312792,1056.4234059112139,1056.502888502,-0.12,13.033,0.64,12.909808451896824,long_nclose,8.262277409213967,0.00782099048826675,100.0
1708132500000.0,67755,1708132500000.0,0.0,-0.005224932,1056.418180979214,1056.44632357,2.02,12.933,2.66,12.927420078651867,long_ientry_partial,34.38693740921397,0.032550497547609476,91.0
1708163820000.0,68277,1708163820000.0,0.0,-0.00689052,1056.411290459214,1055.45880305,2.73,12.62,5.39,12.771713805048975,long_rentry,68.83953740921397,0.06516357599632427,522.0
1708180260000.0,68551,1708180260000.0,0.0,-0.0068955119999999995,1056.4043949472139,1054.362617538,2.78,12.402,8.17,12.645911555595344,long_rentry,103.31709740921396,0.09780070766780223,274.0
1708213380000.0,69103,1708213380000.0,0.16468028439033164,-0.0034726240000000005,1056.5656026076042,1057.478744914,-1.36,12.767,6.81,12.645911555595344,long_nclose,86.11865769360429,0.08150810274446132,552.0
1708215600000.0,69140,1708215600000.0,0.13682994217726083,-0.002885342,1056.6995472077815,1057.410049572,-1.13,12.767,5.68,12.645911555595344,long_nclose,71.82877763578155,0.067974645986725,37.0
1708215660000.0,69141,1708215660000.0,0.1842899421772606,-0.0028948339999999998,1056.8809423159587,1057.841394738,-1.13,12.809,4.55,12.645911555595344,long_nclose,57.538897577958814,0.05444217534273348,1.0
1708215660000.0,69141,1708215660000.0,0.2317499421772624,-0.002904326,1057.109787932136,1057.831710412,-1.13,12.851,3.42,12.645911555595344,long_nclose,43.24901752013608,0.04091251260168312,0.0
1708215900000.0,69145,1708215900000.0,0.1109001421951657,-0.001742024,1057.2189460503312,1057.671288388,-0.68,12.809,2.74,12.645911555595344,long_nclose,34.649797662331245,0.032774476651009306,4.0
1708216080000.0,69148,1708216080000.0,0.08806775997851393,-0.0013833720000000001,1057.3056304383097,1057.6534250159998,-0.54,12.809,2.2,12.645911555595344,long_nclose,27.82100542230976,0.02631311573624787,3.0
1708216200000.0,69150,1708216200000.0,0.07175891553804839,-0.001127192,1057.3762621618478,1057.6615378239999,-0.44,12.809,1.76,12.645911555595344,long_nclose,22.256804337847804,0.021049086436216075,2.0
1708216260000.0,69151,1708216260000.0,0.05708095554162939,-0.0008966299999999999,1057.4324464873894,1057.663811194,-0.35,12.809,1.41,12.645911555595344,long_nclose,17.830735293389434,0.01686229257728955,1.0
1708216740000.0,69159,1708216740000.0,0.02785034221307079,-0.0005872820000000001,1057.4597095476024,1057.6084939119999,-0.23,12.767,1.18,12.645911555595344,long_nclose,14.922175635602505,0.014111342021708271,8.0
1708216920000.0,69162,1708216920000.0,0.03751034221307075,-0.000589214,1057.4966306758156,1057.767464698,-0.23,12.809,0.95,12.645911555595344,long_nclose,12.013615977815576,0.011360429555352833,3.0
1708216920000.0,69162,1708216920000.0,0.04717034221307111,-0.0005911460000000001,1057.5432098720287,1057.748473552,-0.23,12.851,0.72,12.645911555595344,long_nclose,9.105056320028647,0.008609630542784566,0.0
1708216920000.0,69162,1708216920000.0,0.056830342213071074,-0.000593078,1057.5994471362417,1057.739140474,-0.23,12.893,0.49,12.645911555595344,long_nclose,6.196496662241718,0.005859020330447918,0.0
1708216980000.0,69163,1708216980000.0,0.06914122665711729,-0.000620832,1057.6679675308987,1057.7249896419999,-0.24,12.934,0.25,12.645911555595344,long_nclose,3.161477888898836,0.002989102427181597,1.0
1708217100000.0,69165,1708217100000.0,0.019767075552372546,-0.00020628800000000003,1057.687528318451,1057.7297033539999,-0.08,12.893,0.17,12.645911555595344,long_nclose,2.1498049644512087,0.002032552059934983,2.0
1708217220000.0,69167,1708217220000.0,0.012354422220232843,-0.00012893000000000003,1057.6997538106712,1057.7266444239997,-0.05,12.893,0.12,12.645911555595344,long_nclose,1.5175093866714413,0.001434726046975214,2.0
1708217820000.0,69177,1708217820000.0,0.0032617688880931086,-5.1235999999999995e-05,1057.7029643435592,1057.7193731879997,-0.02,12.809,0.1,12.645911555595344,long_nclose,1.2645911555595344,0.0011956014100276025,10.0
1708218000000.0,69180,1708218000000.0,0.0032617688880931086,-5.1235999999999995e-05,1057.7061748764472,1057.7219419519995,-0.02,12.809,0.08,12.645911555595344,long_nclose,1.0116729244476275,0.0009564782247449799,3.0
1708218300000.0,69185,1708218300000.0,0.00410176888809314,-5.1404000000000005e-05,1057.7102252413354,1057.7236705479997,-0.02,12.851,0.06,12.645911555595344,long_nclose,0.7587546933357207,0.0007173559215262359,5.0
1708218600000.0,69190,1708218600000.0,0.004941768888093136,-5.157200000000001e-05,1057.7151154382234,1057.7249989759996,-0.02,12.893,0.04,12.645911555595344,long_nclose,0.5058364622238137,0.0004782350699547675,5.0
1708218960000.0,69196,1708218960000.0,0.00205088444404657,-2.5702000000000002e-05,1057.7171406206676,1057.7232632739997,-0.01,12.851,0.03,12.645911555595344,long_nclose,0.3793773466678603,0.0003586756157182458,6.0
1708219020000.0,69197,1708219020000.0,0.00205088444404657,-2.5702000000000002e-05,1057.7191658031118,1057.723267572,-0.01,12.851,0.02,12.645911555595344,long_nclose,0.25291823111190687,0.00023911661931536382,1.0
1708219740000.0,69209,1708219740000.0,0.00205088444404657,-2.5702000000000002e-05,1057.721190985556,1057.72325187,-0.01,12.851,0.01,12.645911555595344,long_nclose,0.12645911555595343,0.00011955808074349182,12.0
1708219860000.0,69211,1708219860000.0,0.00205088444404657,-2.5702000000000002e-05,1057.7232161680001,1057.7232161680001,-0.01,12.851,0.0,12.645911555595344,long_nclose,0.0,0.0,2.0
1708222020000.0,69247,1708222020000.0,0.0,-0.0068957440000000005,1057.716320424,1057.7788804240001,2.72,12.676,2.72,12.676,long_ientry_normal,34.47872,0.032597322490191635,36.0
1708222680000.0,69258,1708222680000.0,0.0544500000000002,-0.0011517300000000001,1057.7696186940002,1058.0465586940002,-0.45,12.797,2.27,12.676,long_nclose,28.77452,0.02720301234925534,11.0
1708223220000.0,69267,1708223220000.0,0.044770000000000164,-0.000946978,1057.8134417160002,1058.0604417160002,-0.37,12.797,1.9,12.676,long_nclose,24.0844,0.022768097899124762,9.0
1708223400000.0,69270,1708223400000.0,0.037510000000000134,-0.0007934140000000001,1057.8501583020002,1058.069578302,-0.31,12.797,1.59,12.676,long_nclose,20.15484,0.019052641663684564,3.0
1708223700000.0,69275,1708223700000.0,0.03146000000000011,-0.0006654440000000001,1057.880952858,1058.040552858,-0.26,12.797,1.33,12.676,long_nclose,16.859080000000002,0.015936651429873137,5.0
1708224000000.0,69280,1708224000000.0,0.0266200000000001,-0.000563068,1057.90700979,1058.04131979,-0.22,12.797,1.11,12.676,long_nclose,14.07036,0.013300185999139034,5.0
1708224180000.0,69283,1708224180000.0,0.021780000000000077,-0.000460692,1057.9283290980002,1058.0380690980003,-0.18,12.797,0.93,12.676,long_nclose,11.788680000000001,0.011143174519252303,3.0
1708224240000.0,69284,1708224240000.0,0.018150000000000065,-0.00038391000000000006,1057.9460951880003,1058.0412551880004,-0.15,12.797,0.78,12.676,long_nclose,9.88728,0.009345731360956533,1.0
1708224420000.0,69287,1708224420000.0,0.015730000000000056,-0.00033272200000000003,1057.9614924660004,1058.0290924660005,-0.13,12.797,0.65,12.676,long_nclose,8.2394,0.007787996121479618,3.0
1708224900000.0,69295,1708224900000.0,0.012100000000000045,-0.00025594,1057.9733365260004,1058.0404365260003,-0.1,12.797,0.55,12.676,long_nclose,6.971800000000001,0.006589769098428185,8.0
1708225260000.0,69301,1708225260000.0,0.010890000000000039,-0.000230346,1057.9839961800003,1058.0451761800002,-0.09,12.797,0.46,12.676,long_nclose,5.83096,0.00551138771574381,6.0
1708225560000.0,69306,1708225560000.0,0.014670000000000023,-0.000231102,1057.9984350780003,1058.0602250780003,-0.09,12.839,0.37,12.676,long_nclose,4.69012,0.004433012228089188,5.0
1708225680000.0,69308,1708225680000.0,0.011410000000000019,-0.00017974600000000002,1058.0096653320004,1058.0621653320004,-0.07,12.839,0.3,12.676,long_nclose,3.8028,0.003594296086895097,2.0
1708226400000.0,69320,1708226400000.0,0.006050000000000022,-0.00012797,1058.0155873620004,1058.0520873620003,-0.05,12.797,0.25,12.676,long_nclose,3.169,0.002995229973786507,12.0
1708229580000.0,69373,1708229580000.0,0.004840000000000018,-0.00010237600000000001,1058.0203249860003,1058.0463649860003,-0.04,12.797,0.21,12.676,long_nclose,2.66196,0.002515981911817453,53.0
1708230900000.0,69395,1708230900000.0,0.003630000000000013,-7.678200000000001e-05,1058.0238782040003,1058.0474582040003,-0.03,12.797,0.18,12.676,long_nclose,2.28168,0.0021565486819382193,22.0
1708231920000.0,69412,1708231920000.0,0.003630000000000013,-7.678200000000001e-05,1058.0274314220003,1058.0464814220004,-0.03,12.797,0.15,12.676,long_nclose,1.9014,0.001797117866258437,17.0
1708232760000.0,69426,1708232760000.0,0.002420000000000009,-5.1188000000000005e-05,1058.0298002340003,1058.0469602340004,-0.02,12.797,0.13,12.676,long_nclose,1.64788,0.0015574986636818216,14.0
1708233180000.0,69433,1708233180000.0,0.003260000000000005,-5.1356e-05,1058.0330088780001,1058.0517088780002,-0.02,12.839,0.11,12.676,long_nclose,1.39436,0.0013178794879742557,7.0
1708233300000.0,69435,1708233300000.0,0.003260000000000005,-5.1356e-05,1058.036217522,1058.051247522,-0.02,12.839,0.09,12.676,long_nclose,1.14084,0.0010782617656245575,2.0
1708234320000.0,69452,1708234320000.0,0.0016300000000000025,-2.5678e-05,1058.037821844,1058.052301844,-0.01,12.839,0.08,12.676,long_nclose,1.01408,0.0009584534494547764,17.0
1708234800000.0,69460,1708234800000.0,0.004100000000000001,-5.1524000000000003e-05,1058.0418703200003,1058.0546503200003,-0.02,12.881,0.06,12.676,long_nclose,0.76056,0.0007188373365318443,8.0
1708234920000.0,69462,1708234920000.0,0.0020500000000000006,-2.5762000000000002e-05,1058.0438945580004,1058.0544945580004,-0.01,12.881,0.05,12.676,long_nclose,0.6338,0.0005990299677167657,2.0
1708235100000.0,69465,1708235100000.0,0.0020500000000000006,-2.5762000000000002e-05,1058.0459187960005,1058.0543987960004,-0.01,12.881,0.04,12.676,long_nclose,0.50704,0.0004792230573291038,3.0
1708236060000.0,69481,1708236060000.0,0.0020500000000000006,-2.5762000000000002e-05,1058.0479430340006,1058.0543930340007,-0.01,12.881,0.03,12.676,long_nclose,0.38028,0.00035941660536622735,16.0
1708236240000.0,69484,1708236240000.0,0.0020500000000000006,-2.5762000000000002e-05,1058.0499672720007,1058.0541472720006,-0.01,12.881,0.02,12.676,long_nclose,0.25352,0.00023961061182550537,3.0
1708236900000.0,69495,1708236900000.0,0.0020500000000000006,-2.5762000000000002e-05,1058.0519915100008,1058.0539715100008,-0.01,12.881,0.01,12.676,long_nclose,0.12676,0.00011980507670430661,11.0
1708237920000.0,69512,1708237920000.0,0.0016300000000000025,-2.5678e-05,1058.0535958320008,1058.0535958320008,-0.01,12.839,0.0,12.676,long_nclose,0.0,0.0,17.0
1708238940000.0,69529,1708238940000.0,0.0,-0.0069083320000000005,1058.0466875000009,1058.0222975000008,2.71,12.746,2.71,12.746,long_ientry_normal,34.54166,0.03264663120076161,17.0
1708241820000.0,69577,1708241820000.0,0.05489999999999995,-0.0011581200000000001,1058.100429380001,1058.364849380001,-0.45,12.868,2.26,12.746,long_nclose,28.80596,0.027224221066500263,48.0
1708242180000.0,69583,1708242180000.0,0.04513999999999996,-0.0009522320000000001,1058.144617148001,1058.377087148001,-0.37,12.868,1.89,12.746,long_nclose,24.08994,0.0227662075765496,6.0
1708242360000.0,69586,1708242360000.0,0.037819999999999965,-0.000797816,1058.1816393320012,1058.3664993320012,-0.31,12.868,1.58,12.746,long_nclose,20.13868,0.019031401842043823,3.0
1708242480000.0,69588,1708242480000.0,0.03171999999999997,-0.0006691360000000001,1058.2126901960012,1058.3710901960012,-0.26,12.868,1.32,12.746,long_nclose,16.824720000000003,0.015899185632411706,2.0
1708242540000.0,69589,1708242540000.0,0.026839999999999975,-0.0005661920000000001,1058.2389640040012,1058.3654640040013,-0.22,12.868,1.1,12.746,long_nclose,14.020600000000002,0.013248992408057835,1.0
1708243320000.0,69602,1708243320000.0,0.02195999999999998,-0.00046324800000000003,1058.2604607560013,1058.3736207560014,-0.18,12.868,0.92,12.746,long_nclose,11.726320000000001,0.011080750377485463,13.0
1708243560000.0,69606,1708243560000.0,0.018299999999999983,-0.00038604,1058.2783747160013,1058.3777047160013,-0.15,12.868,0.77,12.746,long_nclose,9.81442,0.00927394930717902,4.0
1708243740000.0,69609,1708243740000.0,0.014639999999999986,-0.000308832,1058.2927058840014,1058.3752558840015,-0.12,12.868,0.65,12.746,long_nclose,8.2849,0.007828552492081621,3.0
1708244400000.0,69620,1708244400000.0,0.012199999999999989,-0.00025736000000000004,1058.3046485240013,1058.3750485240014,-0.1,12.868,0.55,12.746,long_nclose,7.010300000000001,0.0066240850494015515,11.0
1708244880000.0,69628,1708244880000.0,0.018039999999999966,-0.00028402,1058.3224045040013,1058.3958845040013,-0.11,12.91,0.44,12.746,long_nclose,5.60824,0.00529917913117259,8.0
1708245060000.0,69631,1708245060000.0,0.013119999999999977,-0.00020656,1058.3353179440014,1058.4019179440015,-0.08,12.91,0.36,12.746,long_nclose,4.58856,0.004335639113805696,3.0
1708245180000.0,69633,1708245180000.0,0.018539999999999956,-0.00023313600000000003,1058.3536248080015,1058.4122148080016,-0.09,12.952,0.27,12.746,long_nclose,3.4414200000000004,0.003251673088590136,2.0
1708245300000.0,69635,1708245300000.0,0.02240999999999989,-0.00023391,1058.3758008980017,1058.4220608980017,-0.09,12.995,0.18,12.746,long_nclose,2.29428,0.0021677366376417232,2.0
1708245360000.0,69636,1708245360000.0,0.026190000000000033,-0.00023466600000000002,1058.4017562320016,1058.4322662320017,-0.09,13.037,0.09,12.746,long_nclose,1.14714,0.0010838417389667926,1.0
1708245360000.0,69636,1708245360000.0,0.029970000000000014,-0.00023542200000000002,1058.4314908100016,1058.4314908100016,-0.09,13.079,0.0,12.746,long_nclose,0.0,0.0,0.0
1708260660000.0,69891,1708260660000.0,0.0,-0.006901536000000001,1058.4245892740016,1058.4192292740015,2.68,12.876,2.68,12.876,long_ientry_normal,34.50768,0.032602870671844114,255.0
1708275360000.0,70136,1708275360000.0,0.05412000000000049,-0.0011439120000000002,1058.4775653620015,1058.7732453620015,-0.44,12.999,2.24,12.876,long_nclose,28.84224,0.02724879670939071,245.0
1708276740000.0,70159,1708276740000.0,0.04551000000000041,-0.0009619260000000001,1058.5221134360015,1058.7652134360014,-0.37,12.999,1.87,12.876,long_nclose,24.078120000000002,0.02274692204760989,23.0
1708277640000.0,70174,1708277640000.0,0.038130000000000344,-0.0008059380000000001,1058.5594374980014,1058.7528774980015,-0.31,12.999,1.56,12.876,long_nclose,20.08656,0.018975372840165077,15.0
1708277940000.0,70179,1708277940000.0,0.031980000000000286,-0.0006759480000000001,1058.5907415500014,1058.7532415500013,-0.26,12.999,1.3,12.876,long_nclose,16.7388,0.015812343092563654,5.0
1708278180000.0,70183,1708278180000.0,0.02583000000000023,-0.000545958,1058.6160255920015,1058.7577255920014,-0.21,12.999,1.09,12.876,long_nclose,14.03484,0.013257724860297112,4.0
1708278300000.0,70185,1708278300000.0,0.022140000000000198,-0.000467964,1058.6376976280014,1058.7396176280015,-0.18,12.999,0.91,12.876,long_nclose,11.71716,0.011068149213138388,2.0
1708279560000.0,70206,1708279560000.0,0.018450000000000164,-0.00038997,1058.6557576580014,1058.7492376580014,-0.15,12.999,0.76,12.876,long_nclose,9.78576,0.00924357132071754,21.0
1708279620000.0,70207,1708279620000.0,0.014760000000000132,-0.000311976,1058.6702056820016,1058.7514856820017,-0.12,12.999,0.64,12.876,long_nclose,8.240639999999999,0.007783953827898019,1.0
1708280160000.0,70216,1708280160000.0,0.012300000000000111,-0.00025998000000000004,1058.6822457020016,1058.7502857020017,-0.1,12.999,0.54,12.876,long_nclose,6.9530400000000006,0.006567636350026357,9.0
1708280580000.0,70223,1708280580000.0,0.01660000000000004,-0.00026084000000000003,1058.6985848620016,1058.7729448620016,-0.1,13.042,0.44,12.876,long_nclose,5.665439999999999,0.005351324806709243,7.0
1708281000000.0,70230,1708281000000.0,0.01328000000000003,-0.00020867200000000002,1058.7116561900013,1058.7793361900015,-0.08,13.042,0.36,12.876,long_nclose,4.6353599999999995,0.004378302602883704,7.0
1708281240000.0,70234,1708281240000.0,0.011620000000000026,-0.00018258800000000002,1058.7230936020014,1058.7715236020015,-0.07,13.042,0.29,12.876,long_nclose,3.73404,0.0035269278837547604,4.0
1708281780000.0,70243,1708281780000.0,0.004920000000000044,-0.000103992,1058.7279096100015,1058.7589096100014,-0.04,12.999,0.25,12.876,long_nclose,3.219,0.003040441241589416,9.0
1708282080000.0,70248,1708282080000.0,0.00830000000000002,-0.00013042000000000002,1058.7360791900014,1058.7680791900013,-0.05,13.042,0.2,12.876,long_nclose,2.5752,0.002432334224380251,5.0
1708282140000.0,70249,1708282140000.0,0.006640000000000015,-0.00010433600000000001,1058.7426148540014,1058.7710948540014,-0.04,13.042,0.16,12.876,long_nclose,2.0601599999999998,0.00194585536758062,1.0
1708282380000.0,70253,1708282380000.0,0.004980000000000011,-7.825200000000001e-05,1058.7475166020013,1058.7700066020013,-0.03,13.042,0.13,12.876,long_nclose,1.67388,0.0015810001664723961,4.0
1708282680000.0,70258,1708282680000.0,0.0033200000000000074,-5.2168000000000006e-05,1058.7507844340014,1058.7694844340015,-0.02,13.042,0.11,12.876,long_nclose,1.4163599999999998,0.0013377652426082244,5.0
1708282800000.0,70260,1708282800000.0,0.0033200000000000074,-5.2168000000000006e-05,1058.7540522660015,1058.7695322660015,-0.02,13.042,0.09,12.876,long_nclose,1.1588399999999999,0.0010945318202275488,2.0
1708284060000.0,70281,1708284060000.0,0.001230000000000011,-2.5998e-05,1058.7552562680016,1058.7651762680016,-0.01,12.999,0.08,12.876,long_nclose,1.0300799999999999,0.0009729160671474926,21.0
1708284420000.0,70287,1708284420000.0,0.001230000000000011,-2.5998e-05,1058.7564602700018,1058.7657002700018,-0.01,12.999,0.07,12.876,long_nclose,0.90132,0.000851300590666665,6.0
1708284720000.0,70292,1708284720000.0,0.0016600000000000037,-2.6084000000000003e-05,1058.7580941860017,1058.7678741860018,-0.01,13.042,0.06,12.876,long_nclose,0.7725599999999999,0.0007296850944917331,5.0
1708286760000.0,70326,1708286760000.0,0.001230000000000011,-2.5998e-05,1058.7592981880018,1058.7652481880018,-0.01,12.999,0.05,12.876,long_nclose,0.6438,0.0006080702205891577,34.0
1708287600000.0,70340,1708287600000.0,0.0,-0.006770604,1058.7525275840019,1058.733417584002,2.62,12.921,2.67,12.920157303370788,long_ientry_partial,34.49682,0.03258251489488228,14.0
1708294380000.0,70453,1708294380000.0,0.054490786516853615,-0.001147872,1058.8058704985187,1059.082039712002,-0.44,13.044,2.23,12.920157303370788,long_nclose,28.811950786516856,0.027211740687602435,113.0
1708294440000.0,70454,1708294440000.0,0.04582179775280872,-0.000965256,1058.8507270402715,1059.0903744560019,-0.37,13.044,1.86,12.920157303370788,long_nclose,24.031492584269667,0.02269582668318428,1.0
1708294560000.0,70456,1708294560000.0,0.03839123595505596,-0.000808728,1058.8883095482265,1059.0911157280018,-0.31,13.044,1.55,12.920157303370788,long_nclose,20.02624382022472,0.01891251762782129,2.0
1708294680000.0,70458,1708294680000.0,0.030960674157303192,-0.0006522,1058.9186180223837,1059.0822135280016,-0.25,13.044,1.3,12.920157303370788,long_nclose,16.796204494382025,0.015861657551880896,2.0
1708295340000.0,70469,1708295340000.0,0.02600696629213468,-0.0005478480000000001,1058.944077140676,1059.0834256800017,-0.21,13.044,1.09,12.920157303370788,long_nclose,14.082971460674159,0.013299070049761748,11.0
1708296720000.0,70492,1708296720000.0,0.022291685393258296,-0.000469584,1058.965899242069,1059.0804160960017,-0.18,13.044,0.91,12.920157303370788,long_nclose,11.757343146067416,0.011102664547066595,23.0
1708297200000.0,70500,1708297200000.0,0.018576404494381915,-0.00039132,1058.9840843265633,1059.0804847760016,-0.15,13.044,0.76,12.920157303370788,long_nclose,9.819319550561799,0.009272395776189752,8.0
1708299180000.0,70533,1708299180000.0,0.0,-0.004939641999999999,1058.9791446845634,1058.9500051340017,1.91,12.931,2.67,12.927913689348987,long_ientry_partial,34.5175295505618,0.03259509851900198,33.0
1708324320000.0,70952,1708324320000.0,0.05415797668644579,-0.001148488,1059.0321541732499,1059.3088666460017,-0.44,13.051,2.23,12.927913689348987,long_nclose,28.829247527248242,0.027222258940526926,419.0
1708324500000.0,70955,1708324500000.0,0.04554193494087487,-0.0009657740000000001,1059.0767303341909,1059.2907908720017,-0.37,13.051,1.86,12.927913689348987,long_nclose,24.04591946218912,0.022704605599824148,3.0
1708324860000.0,70961,1708324860000.0,0.03815675630181408,-0.0008091620000000001,1059.1140779284926,1059.2971117100017,-0.31,13.051,1.55,12.927913689348987,long_nclose,20.038266218490932,0.018919837471789172,6.0
1708324980000.0,70963,1708324980000.0,0.03077157766275329,-0.00065255,1059.1441969561554,1059.3094091600017,-0.25,13.051,1.3,12.927913689348987,long_nclose,16.806287796153683,0.015867799535183972,2.0
1708325100000.0,70965,1708325100000.0,0.025848125236712764,-0.000548142,1059.169496939392,1059.2993010180016,-0.21,13.051,1.09,12.927913689348987,long_nclose,14.091425921390396,0.013304221809738104,2.0
1708325220000.0,70967,1708325220000.0,0.02215553591718237,-0.000469836,1059.191182639309,1059.3113811820015,-0.18,13.051,0.91,12.927913689348987,long_nclose,11.764401457307578,0.01110696694811305,2.0
1708325400000.0,70970,1708325400000.0,0.018462946597651974,-0.00039153,1059.209254055907,1059.2997596520017,-0.15,13.051,0.76,12.927913689348987,long_nclose,9.82521440390523,0.009275989957869683,3.0
1708326240000.0,70984,1708326240000.0,0.01477035727812158,-0.000313224,1059.2237111891852,1059.296086428002,-0.12,13.051,0.64,12.927913689348987,long_nclose,8.273864761183352,0.007811253348826873,14.0
1708326540000.0,70989,1708326540000.0,0.012308631065101317,-0.00026102000000000005,1059.2357588002503,1059.304925408002,-0.1,13.051,0.54,12.927913689348987,long_nclose,6.981073392248454,0.006590670050787945,5.0
1708327620000.0,71007,1708327620000.0,0.011077767958591184,-0.000234918,1059.246601650209,1059.302440490002,-0.09,13.051,0.45,12.927913689348987,long_nclose,5.8175611602070445,0.005492168821824699,18.0
1708327920000.0,71012,1708327920000.0,0.008616041745570922,-0.00018271400000000003,1059.2550349779547,1059.304087776002,-0.07,13.051,0.38,12.927913689348987,long_nclose,4.912607201952615,0.004637794525144605,5.0
1708328100000.0,71015,1708328100000.0,0.00738517863906079,-0.000156612,1059.2622635445937,1059.298451164002,-0.06,13.051,0.32,12.927913689348987,long_nclose,4.136932380591676,0.0039054845272674214,3.0
1708328340000.0,71019,1708328340000.0,0.0061543155325506586,-0.00013051000000000002,1059.2682873501262,1059.302870654002,-0.05,13.051,0.27,12.927913689348987,long_nclose,3.490536696124227,0.0032952338305682507,4.0
1708328580000.0,71023,1708328580000.0,0.004923452426040527,-0.00010440800000000002,1059.2731063945523,1059.301646246002,-0.04,13.051,0.23,12.927913689348987,long_nclose,2.973420148550267,0.002807038270489937,4.0
1708329060000.0,71031,1708329060000.0,0.003692589319530395,-7.8306e-05,1059.276720677872,1059.3021379400022,-0.03,13.051,0.2,12.927913689348987,long_nclose,2.5855827378697978,0.0024408945154720135,8.0
1708329780000.0,71043,1708329780000.0,0.003692589319530395,-7.8306e-05,1059.2803349611916,1059.3009196340022,-0.03,13.051,0.17,12.927913689348987,long_nclose,2.197745327189328,0.002074753259032082,12.0
1708329840000.0,71044,1708329840000.0,0.0024617262130202633,-5.220400000000001e-05,1059.2827444834045,1059.3024074300022,-0.02,13.051,0.15,12.927913689348987,long_nclose,1.9391870534023479,0.001830660476158383,1.0
1708330020000.0,71047,1708330020000.0,0.0024617262130202633,-5.220400000000001e-05,1059.2851540056174,1059.302065226002,-0.02,13.051,0.13,12.927913689348987,long_nclose,1.6806287796153683,0.001586568803744847,3.0
1708330200000.0,71050,1708330200000.0,0.0024617262130202633,-5.220400000000001e-05,1059.2875635278303,1059.301653022002,-0.02,13.051,0.11,12.927913689348987,long_nclose,1.4220705058283887,0.0013424782417838959,3.0
1708330320000.0,71052,1708330320000.0,0.0012308631065101317,-2.6102000000000005e-05,1059.2887682889368,1059.300576920002,-0.01,13.051,0.1,12.927913689348987,long_nclose,1.2927913689348989,0.001220433377220772,2.0
1708332180000.0,71083,1708332180000.0,0.0,-0.006642421999999999,1059.282125866937,1059.278964498002,2.57,12.923,2.67,12.923184033308951,long_ientry_partial,34.504901368934895,0.03257385405299407,31.0
1708383720000.0,71942,1708383720000.0,0.05447902534406175,-0.0011481360000000001,1059.335456756281,1059.629406362002,-0.44,13.047,2.23,12.923184033308951,long_nclose,28.81870039427896,0.027204508459032176,859.0
1708384200000.0,71950,1708384200000.0,0.04581190767568829,-0.0009654780000000001,1059.3803031859568,1059.6143208840022,-0.37,13.047,1.86,12.923184033308951,long_nclose,24.03712230195465,0.022689795373451765,8.0
1708384500000.0,71955,1708384500000.0,0.03838294967422533,-0.0008089140000000001,1059.4178772216312,1059.6175419700023,-0.31,13.047,1.55,12.923184033308951,long_nclose,20.030935251628875,0.018907492201435058,5.0
1708387200000.0,72000,1708387200000.0,0.03095399167276236,-0.0006523500000000001,1059.4481788633038,1059.6338396200022,-0.25,13.047,1.3,12.923184033308951,long_nclose,16.800139243301636,0.01585744312791847,45.0
1708387320000.0,72002,1708387320000.0,0.02600135300512038,-0.000547974,1059.473632242309,1059.6227616460021,-0.21,13.047,1.09,12.923184033308951,long_nclose,14.086270596306758,0.01329553673411773,2.0
1708387620000.0,72007,1708387620000.0,0.022286874004388897,-0.00046969200000000007,1059.4954494243132,1059.597201954002,-0.18,13.047,0.91,12.923184033308951,long_nclose,11.760097470311146,0.011099714941391307,5.0
1708387740000.0,72009,1708387740000.0,0.018572395003657417,-0.00039141,1059.5136304093169,1059.6130505440021,-0.15,13.047,0.76,12.923184033308951,long_nclose,9.821619865314803,0.009269932526984541,2.0
1708389360000.0,72036,1708389360000.0,0.0,-0.004953216,1059.5086771933168,1059.514417328002,1.92,12.899,2.68,12.905858158699552,long_ientry_partial,34.587699865314804,0.03264503690233013,27.0
1708392120000.0,72082,1708392120000.0,0.0,-0.006904252000000001,1059.5017729413169,1058.592673076002,2.74,12.599,5.42,12.750730602456606,long_rentry,69.1089598653148,0.06522779067510119,46.0
1708408680000.0,72358,1708408680000.0,0.11004245778905375,-0.00231714,1059.6094982591057,1060.180235936002,-0.9,12.873,4.52,12.750730602456606,long_nclose,57.633302323103855,0.054391077484481756,276.0
1708409160000.0,72366,1708409160000.0,0.09170204815754479,-0.00193095,1059.6992693572631,1060.1753049860017,-0.75,12.873,3.77,12.750730602456606,long_nclose,48.070254371261406,0.04536216619307225,8.0
1708409460000.0,72371,1708409460000.0,0.12320204815754465,-0.00193725,1059.8205341554205,1060.3075677360016,-0.75,12.915,3.02,12.750730602456606,long_nclose,38.50720641941895,0.03633370479097733,5.0
1708409520000.0,72372,1708409520000.0,0.09856163852603572,-0.0015497999999999998,1059.9175459939465,1060.3078179360016,-0.6,12.915,2.42,12.750730602456606,long_nclose,30.856768057944986,0.02911242310741143,1.0
1708409580000.0,72373,1708409580000.0,0.07884931082082858,-0.0012398399999999999,1059.9951554647673,1060.3177180960015,-0.48,12.915,1.94,12.750730602456606,long_nclose,24.736417368765814,0.023336349455219767,1.0
1708410960000.0,72396,1708410960000.0,0.03912620721388578,-0.0008238719999999999,1060.0334577999813,1060.2428742240015,-0.32,12.873,1.62,12.750730602456606,long_nclose,20.656183575979703,0.019486350571282948,23.0
1708411800000.0,72410,1708411800000.0,0.03301273733671613,-0.000695142,1060.065775395318,1060.2402890820017,-0.27,12.873,1.35,12.750730602456606,long_nclose,17.21348631331642,0.016238130418744248,14.0
1708412220000.0,72417,1708412220000.0,0.02689926745954647,-0.000566412,1060.0921082507778,1060.243832670002,-0.22,12.873,1.13,12.750730602456606,long_nclose,14.408325580775964,0.013591578947371522,7.0
1708412520000.0,72422,1708412520000.0,0.02200849155781075,-0.000463428,1060.1136533143354,1060.2336092420016,-0.18,12.873,0.95,12.750730602456606,long_nclose,12.113194072333775,0.011426316446791464,5.0
1708412760000.0,72426,1708412760000.0,0.018340409631508958,-0.00038618999999999996,1060.1316075339669,1060.2350230520017,-0.15,12.873,0.8,12.750730602456606,long_nclose,10.200584481965286,0.009621998258964709,4.0
1708413540000.0,72439,1708413540000.0,0.015895021680641098,-0.000334698,1060.1471678576474,1060.2377983540016,-0.13,12.873,0.67,12.750730602456606,long_nclose,8.542989503645927,0.008058305264267845,13.0
1708414740000.0,72459,1708414740000.0,0.013449633729773236,-0.000283206,1060.1603342853773,1060.2248851480017,-0.11,12.873,0.56,12.750730602456606,long_nclose,7.1404091373757,0.006735216274799452,20.0
1708415040000.0,72464,1708415040000.0,0.011004245778905375,-0.000231714,1060.1711068171562,1060.2285734340016,-0.09,12.873,0.47,12.750730602456606,long_nclose,5.992843383154605,0.00565271336354969,5.0
1708415100000.0,72465,1708415100000.0,0.008558857828037515,-0.00018022200000000004,1060.1794854529844,1060.2295932120019,-0.07,12.873,0.4,12.750730602456606,long_nclose,5.100292240982643,0.004810781863793029,1.0
1708416300000.0,72485,1708416300000.0,0.0,-0.00588386,1060.1736015929844,1060.1897093520017,2.3,12.791,2.7,12.785034163326904,long_ientry_partial,34.51959224098264,0.03256032048818661,20.0
1708431180000.0,72733,1708431180000.0,0.054884626502893406,-0.00116163,1060.2273245894871,1060.4882477220017,-0.45,12.907,2.25,12.785034163326904,long_nclose,28.76632686748553,0.027132225514583545,248.0
1708431240000.0,72734,1708431240000.0,0.04512735956904569,-0.0009551180000000001,1060.271496831056,1060.5007926040016,-0.37,12.907,1.88,12.785034163326904,long_nclose,24.035864227054578,0.02266953728256684,1.0
1708431300000.0,72735,1708431300000.0,0.0378094093686599,-0.000800234,1060.3085060064248,1060.5047023700015,-0.31,12.907,1.57,12.785034163326904,long_nclose,20.07250363642324,0.018930814496645763,1.0
1708431600000.0,72740,1708431600000.0,0.03171111753500508,-0.000671164,1060.3395459599597,1060.5255212060015,-0.26,12.907,1.31,12.785034163326904,long_nclose,16.748394753958245,0.01579531275408141,5.0
1708436100000.0,72815,1708436100000.0,0.025612825701350254,-0.000542094,1060.364616691661,1060.5064791120014,-0.21,12.907,1.1,12.785034163326904,long_nclose,14.063537579659595,0.013262926127748256,75.0
1708436340000.0,72819,1708436340000.0,0.03629248406808106,-0.0005698,1060.4003393757291,1060.5525493120015,-0.22,12.95,0.88,12.785034163326904,long_nclose,11.250830063727674,0.010609983461860432,4.0
1708436580000.0,72823,1708436580000.0,0.028044192234426276,-0.0004403000000000001,1060.4279432679634,1060.5450690120012,-0.17,12.95,0.71,12.785034163326904,long_nclose,9.0773742559621,0.0085601047328006,4.0
1708436640000.0,72824,1708436640000.0,0.023095217134233403,-0.00036260000000000003,1060.4506758850976,1060.5515464120012,-0.14,12.95,0.57,12.785034163326904,long_nclose,7.287469473096334,0.006872049439747775,1.0
1708437060000.0,72831,1708437060000.0,0.010976925300578682,-0.000232326,1060.461420484398,1060.532444086001,-0.09,12.907,0.48,12.785034163326904,long_nclose,6.136816398396913,0.0057869303680974414,7.0
1708437300000.0,72835,1708437300000.0,0.014846925300578614,-0.0002331,1060.4760343096987,1060.5423209860012,-0.09,12.95,0.39,12.785034163326904,long_nclose,4.986163323697492,0.004701816130095917,4.0
1708437420000.0,72837,1708437420000.0,0.011547608567116702,-0.00018130000000000002,1060.4874006182658,1060.5446696860013,-0.07,12.95,0.32,12.785034163326904,long_nclose,4.091210932264609,0.0038578590654442723,2.0
1708437840000.0,72844,1708437840000.0,0.016557266933847785,-0.00020787200000000003,1060.5037500131998,1060.5539018140014,-0.08,12.992,0.24,12.785034163326904,long_nclose,3.0684081991984566,0.0028933496926911054,7.0
1708438200000.0,72850,1708438200000.0,0.004878633466923858,-0.000103256,1060.5085253906666,1060.5355185580013,-0.04,12.907,0.2,12.785034163326904,long_nclose,2.557006832665381,0.002411113886824662,6.0
1708439040000.0,72864,1708439040000.0,0.0,-0.006412548,1060.5021128426665,1060.5026160100012,2.51,12.774,2.71,12.774814329396818,long_ientry_partial,34.61974683266538,0.03264467502084221,14.0
1708442880000.0,72928,1708442880000.0,0.0,-0.006908934000000001,1060.4952039086666,1059.3759470760012,2.77,12.471,5.48,12.621243947566672,long_rentry,69.16441683266537,0.06521898126247636,64.0
1708442940000.0,72929,1708442940000.0,0.0,-0.006912384000000001,1060.4882915246665,1058.1049546920012,2.82,12.256,8.3,12.497149015983776,long_rentry,103.72633683266535,0.09780997834831139,1.0
1708459440000.0,73204,1708459440000.0,0.16539435794238982,-0.0034822919999999997,1060.650203590609,1061.5210924000012,-1.38,12.617,6.92,12.497149015983776,long_nclose,86.48027119060774,0.08153514787235877,275.0
1708459860000.0,73211,1708459860000.0,0.22197435794238787,-0.003493608,1060.8686843405512,1061.7708787920012,-1.38,12.658,5.54,12.497149015983776,long_nclose,69.23420554855012,0.0652618053209733,7.0
1708459980000.0,73213,1708459980000.0,0.17693608241784545,-0.0027847600000000003,1061.042835662969,1061.757014032001,-1.1,12.658,4.44,12.497149015983776,long_nclose,55.487341630967975,0.0522951004106238,2.0
1708460040000.0,73214,1708460040000.0,0.14154886593427635,-0.002227808,1061.1821567209033,1061.754786224001,-0.88,12.658,3.56,12.497149015983776,long_nclose,44.48985049690224,0.0419248007659474,1.0
1708460100000.0,73215,1708460100000.0,0.1142041986515184,-0.001797436,1061.2945634835548,1061.755838788001,-0.71,12.658,2.85,12.497149015983776,long_nclose,35.61687469555376,0.033559839012692404,1.0
1708460640000.0,73224,1708460640000.0,0.05632996248762552,-0.0011859980000000002,1061.3497074480424,1061.634952790001,-0.47,12.617,2.38,12.497149015983776,long_nclose,29.743214658041385,0.028023953320303188,9.0
1708460820000.0,73227,1708460820000.0,0.04674188376632756,-0.0009841260000000003,1061.3954652058087,1061.631978664001,-0.39,12.617,1.99,12.497149015983776,long_nclose,24.869326541807716,0.023430782735618206,3.0
1708460880000.0,73228,1708460880000.0,0.039550824725354095,-0.000832722,1061.434183308534,1061.629815942001,-0.33,12.617,1.66,12.497149015983776,long_nclose,20.745267366533067,0.019544563094688747,1.0
1708460940000.0,73229,1708460940000.0,0.03235976568438062,-0.0006813180000000001,1061.4658617562184,1061.639404624001,-0.27,12.617,1.39,12.497149015983776,long_nclose,17.37103713221745,0.01636513971676554,1.0
1708461060000.0,73231,1708461060000.0,0.02756572632373164,-0.0005803820000000002,1061.4928471005421,1061.650434242001,-0.23,12.617,1.16,12.497149015983776,long_nclose,14.496692858541179,0.013656891705053653,2.0
1708461360000.0,73236,1708461360000.0,0.03699572632373132,-0.000582268,1061.5292605588659,1061.683501974001,-0.23,12.658,0.93,12.497149015983776,long_nclose,11.622348584864913,0.010948684145311327,5.0
1708461840000.0,73244,1708461840000.0,0.028953177122920157,-0.000455688,1061.5577580479887,1061.6791462860008,-0.18,12.658,0.75,12.497149015983776,long_nclose,9.372861761987831,0.008829346958212445,8.0
1708462500000.0,73255,1708462500000.0,0.024127647602433466,-0.00037974,1061.5815059555912,1061.685816546001,-0.15,12.658,0.6,12.497149015983776,long_nclose,7.4982894095902655,0.0070633195543856235,11.0
1708464120000.0,73282,1708464120000.0,0.011985098401622452,-0.00025234000000000004,1061.5932387139926,1061.6611642060006,-0.1,12.617,0.5,12.497149015983776,long_nclose,6.248574507991888,0.005886034575315657,27.0
1708464840000.0,73294,1708464840000.0,0.01608509840162231,-0.00025316,1061.6090706523942,1061.6738110460008,-0.1,12.658,0.4,12.497149015983776,long_nclose,4.998859606393511,0.004708757436785601,12.0
1708465560000.0,73306,1708465560000.0,0.01286807872129785,-0.000202528,1061.6217362031155,1061.6754485180006,-0.08,12.658,0.32,12.497149015983776,long_nclose,3.9990876851148087,0.0037669610076160693,12.0
1708465800000.0,73310,1708465800000.0,0.009651059040973386,-0.000151896,1061.6312353661565,1061.6746166220007,-0.06,12.658,0.26,12.497149015983776,long_nclose,3.249258744155782,0.003060628432842891,4.0
1708466460000.0,73321,1708466460000.0,0.008042549200811155,-0.00012658,1061.6391513353574,1061.6750300420008,-0.05,12.658,0.21,12.497149015983776,long_nclose,2.624401293356593,0.0024720276094335374,11.0
1708467240000.0,73334,1708467240000.0,0.010092549200811174,-0.00012699,1061.6491168945583,1061.6815730520009,-0.05,12.699,0.16,12.497149015983776,long_nclose,1.9995438425574044,0.001883431927496245,13.0
1708468440000.0,73354,1708468440000.0,0.00807403936064894,-0.000101592,1061.6570893419191,1061.681431460001,-0.04,12.699,0.12,12.497149015983776,long_nclose,1.499657881918053,0.0014125633379866883,20.0
1708468680000.0,73358,1708468680000.0,0.0060555295204867046,-7.6194e-05,1061.6630686774395,1061.6815052660008,-0.03,12.699,0.09,12.497149015983776,long_nclose,1.1247434114385397,0.0010594165367734626,4.0
1708469040000.0,73364,1708469040000.0,0.007315529520486698,-7.644599999999999e-05,1061.6703077609598,1061.6858388200008,-0.03,12.741,0.06,12.497149015983776,long_nclose,0.7498289409590265,0.0007062728753716395,6.0
1708470060000.0,73381,1708470060000.0,0.008545529520486709,-7.6692e-05,1061.6787765984802,1061.6873821280008,-0.03,12.782,0.03,12.497149015983776,long_nclose,0.37491447047951326,0.0003531336207743591,17.0
1708470900000.0,73395,1708470900000.0,0.009805529520486704,-7.6944e-05,1061.6885051840006,1061.6885051840006,-0.03,12.824,0.0,12.497149015983776,long_nclose,0.0,0.0,14.0
1708477380000.0,73503,1708477380000.0,0.0,-0.00691028,1061.6815949040006,1061.7226949040005,2.74,12.61,2.74,12.61,long_ientry_normal,34.5514,0.032544032189918685,108.0
1708498980000.0,73863,1708498980000.0,0.0,-0.006918220000000001,1061.6746766840006,1060.8193766840006,2.81,12.31,5.55,12.45810810810811,long_rentry,69.14250000000001,0.06512588226739796,360.0
1708509360000.0,74036,1708509360000.0,0.0,-0.006919484,1061.6677572000006,1059.5795072000005,2.86,12.097,8.41,12.335305588585019,long_rentry,103.73992000000001,0.09771410999011543,173.0
1708525620000.0,74307,1708525620000.0,0.0,-0.00691012,1061.6608470800006,1058.2533870800007,2.9,11.914,11.31,12.22727851458886,long_rentry,138.29052000000001,0.13025866064511582,271.0
1708558680000.0,74858,1708558680000.0,0.21943639257294115,-0.0046413439999999995,1061.8756421285736,1062.9763257360007,-1.88,12.344,9.43,12.22727851458886,long_nclose,115.30323639257296,0.10858450068733363,551.0
1708558860000.0,74861,1708558860000.0,0.1832527320954881,-0.003876016,1062.0550188446691,1063.0117497200006,-1.57,12.344,7.86,12.22727851458886,long_nclose,96.10640912466845,0.09049098909133303,3.0
1708560420000.0,74887,1708560420000.0,0.152905145888592,-0.0032341279999999997,1062.2046898625576,1062.9561155920005,-1.31,12.344,6.55,12.22727851458886,long_nclose,80.08867427055704,0.07539853197307948,26.0
1708560480000.0,74888,1708560480000.0,0.12722641909814142,-0.002690992,1062.3292252896558,1062.9938246000006,-1.09,12.344,5.46,12.22727851458886,long_nclose,66.76094068965517,0.06284392738178889,1.0
1708560600000.0,74890,1708560600000.0,0.10621655172413641,-0.0022466079999999998,1062.43319523338,1063.0143279920007,-0.91,12.344,4.55,12.22727851458886,long_nclose,55.634117241379315,0.05236481455114777,2.0
1708561380000.0,74903,1708561380000.0,0.08754111405835419,-0.0018516,1062.5188847474385,1062.9662263920009,-0.75,12.344,3.8,12.22727851458886,long_nclose,46.463658355437666,0.043729724734711053,13.0
1708562160000.0,74916,1708562160000.0,0.07353453580901752,-0.0015553440000000002,1062.5908639392476,1062.954531048001,-0.63,12.344,3.17,12.22727851458886,long_nclose,38.760472891246685,0.03647732556964914,13.0
1708562400000.0,74920,1708562400000.0,0.060695172413792235,-0.001283776,1062.6502753356613,1062.9542872720008,-0.52,12.344,2.65,12.22727851458886,long_nclose,32.40228806366048,0.030491958469991934,4.0
1708583400000.0,75270,1708583400000.0,0.05135745358090112,-0.001086272,1062.7005465172422,1063.004911000001,-0.44,12.344,2.21,12.22727851458886,long_nclose,27.022285517241382,0.025427939795270398,350.0
1708583460000.0,75271,1708583460000.0,0.06939745358090128,-0.00108988,1062.768854090823,1063.0657211200007,-0.44,12.385,1.77,12.22727851458886,long_nclose,21.642282970822283,0.020364054599000092,1.0
1708583760000.0,75276,1708583760000.0,0.08699745358090169,-0.0010934000000000002,1062.8547581444038,1063.1203877200007,-0.44,12.425,1.33,12.22727851458886,long_nclose,16.262280424403187,0.015300566986965237,5.0
1708584960000.0,75296,1708584960000.0,0.10503745358090107,-0.001097008,1062.9586985899848,1063.1756107120007,-0.44,12.466,0.89,12.22727851458886,long_nclose,10.882277877984086,0.01023772409259121,20.0
1708585200000.0,75300,1708585200000.0,0.06922923076923025,-0.0007230279999999999,1063.027204792754,1063.1620376840008,-0.29,12.466,0.6,12.22727851458886,long_nclose,7.336367108753316,0.006901391681865377,4.0
1708585440000.0,75304,1708585440000.0,0.02965822281167103,-0.00037275000000000003,1063.0564902655656,1063.1486149340005,-0.15,12.425,0.45,12.22727851458886,long_nclose,5.502275331564987,0.00517590116983383,4.0
1708585560000.0,75306,1708585560000.0,0.021749363395225423,-0.00027335000000000006,1063.0779662789607,1063.1404315840005,-0.11,12.425,0.34,12.22727851458886,long_nclose,4.157274694960213,0.003910601881357504,2.0
1708585860000.0,75311,1708585860000.0,0.015817718832891216,-0.00019880000000000003,1063.0935851977938,1063.1462927840007,-0.08,12.425,0.26,12.22727851458886,long_nclose,3.179092413793104,0.0029904163265190038,5.0
1708586100000.0,75315,1708586100000.0,0.011863289124668412,-0.00014910000000000002,1063.1052993869184,1063.1460436840007,-0.06,12.425,0.2,12.22727851458886,long_nclose,2.4454557029177724,0.002300294904303497,4.0
1708586220000.0,75317,1708586220000.0,0.00988607427055701,-0.00012425,1063.115061211189,1063.1463694340007,-0.05,12.425,0.15,12.22727851458886,long_nclose,1.834091777188329,0.0017252053367570385,2.0
1708587000000.0,75330,1708587000000.0,0.011936074270556941,-0.00012466,1063.1268726254596,1063.1510447740006,-0.05,12.466,0.1,12.22727851458886,long_nclose,1.2227278514588862,0.0011501241130696675,13.0
1708587240000.0,75334,1708587240000.0,0.007161644562334164,-7.4796e-05,1063.1339594740218,1063.1510899780005,-0.03,12.466,0.07,12.22727851458886,long_nclose,0.8559094960212204,0.0008050815124414572,4.0
1708587780000.0,75343,1708587780000.0,0.008361644562334191,-7.5036e-05,1063.142246082584,1063.1533149420004,-0.03,12.506,0.04,12.22727851458886,long_nclose,0.4890911405835544,0.0004600429927281454,9.0
1708588080000.0,75348,1708588080000.0,0.005574429708222794,-5.0024e-05,1063.1477704882923,1063.1535049180004,-0.02,12.506,0.02,12.22727851458886,long_nclose,0.2445455702917772,0.0002300203011096567,5.0
1708588320000.0,75352,1708588320000.0,0.002787214854111397,-2.5012e-05,1063.1505326911465,1063.1533299060006,-0.01,12.506,0.01,12.22727851458886,long_nclose,0.1222727851458886,0.00011500985174355342,4.0
1708588500000.0,75355,1708588500000.0,0.002787214854111397,-2.5012e-05,1063.1532948940007,1063.1532948940007,-0.01,12.506,0.0,12.22727851458886,long_nclose,0.0,0.0,3.0
1708607700000.0,75675,1708607700000.0,0.0,-0.006921643999999999,1063.1463732500008,1063.0796532500008,2.78,12.449,2.78,12.449,long_ientry_normal,34.608219999999996,0.032552638912931524,320.0
1708614120000.0,75782,1708614120000.0,0.0547399999999999,-0.001156256,1063.1999569940008,1063.4365969940009,-0.46,12.568,2.32,12.449,long_nclose,28.88168,0.027164861896399575,107.0
1708615920000.0,75812,1708615920000.0,0.04521999999999991,-0.000955168,1063.2442218260007,1063.4867218260008,-0.38,12.568,1.94,12.449,long_nclose,24.151059999999998,0.022714499175479463,30.0
1708616040000.0,75814,1708616040000.0,0.038079999999999926,-0.0008043519999999999,1063.2814974740008,1063.477517474001,-0.32,12.568,1.62,12.449,long_nclose,20.16738,0.01896711270525342,2.0
1708616400000.0,75820,1708616400000.0,0.03212999999999994,-0.0006786720000000001,1063.3129488020008,1063.4654988020009,-0.27,12.568,1.35,12.449,long_nclose,16.806150000000002,0.015805459736886428,6.0
1708616940000.0,75829,1708616940000.0,0.02617999999999995,-0.000552992,1063.338575810001,1063.461745810001,-0.22,12.568,1.13,12.449,long_nclose,14.067369999999999,0.013229436343249508,9.0
1708617120000.0,75832,1708617120000.0,0.02141999999999996,-0.000452448,1063.359543362001,1063.477343362001,-0.18,12.568,0.95,12.449,long_nclose,11.82655,0.01112187319315182,3.0
1708617300000.0,75835,1708617300000.0,0.017849999999999967,-0.00037704,1063.3770163220008,1063.476216322001,-0.15,12.568,0.8,12.449,long_nclose,9.959200000000001,0.009365634057473609,3.0
1708618200000.0,75850,1708618200000.0,0.025600000000000022,-0.000403488,1063.4022128340007,1063.5186928340006,-0.16,12.609,0.64,12.449,long_nclose,7.96736,0.007492329716680514,15.0
1708618440000.0,75854,1708618440000.0,0.019200000000000016,-0.000302616,1063.4211102180006,1063.4928702180007,-0.12,12.609,0.52,12.449,long_nclose,6.47348,0.006087409717372397,4.0
1708618740000.0,75859,1708618740000.0,0.009519999999999982,-0.00020108799999999998,1063.4304291300007,1063.4797091300006,-0.08,12.568,0.44,12.449,long_nclose,5.4775599999999995,0.005150840007917798,5.0
1708627200000.0,76000,1708627200000.0,0.008329999999999985,-0.00017595200000000003,1063.4385831780005,1063.4811331780004,-0.07,12.568,0.37,12.449,long_nclose,4.60613,0.0043313549770170575,141.0
1708627260000.0,76001,1708627260000.0,0.007139999999999986,-0.00015081600000000001,1063.4455723620003,1063.4833923620004,-0.06,12.568,0.31,12.449,long_nclose,3.85919,0.0036289492384912756,1.0
1708627620000.0,76007,1708627620000.0,0.009600000000000008,-0.000151308,1063.4550210540003,1063.4977710540004,-0.06,12.609,0.25,12.449,long_nclose,3.11225,0.002926545964224627,6.0
1708628220000.0,76017,1708628220000.0,0.012119999999999997,-0.000151812,1063.4669892420004,1063.5049892420004,-0.06,12.651,0.19,12.449,long_nclose,2.36531,0.0022241499020913707,10.0
1708628280000.0,76018,1708628280000.0,0.008079999999999999,-0.00010120800000000001,1063.4749680340005,1063.5057180340004,-0.04,12.651,0.15,12.449,long_nclose,1.8673499999999998,0.0017558946436248403,1.0
1708628460000.0,76021,1708628460000.0,0.0060599999999999985,-7.5906e-05,1063.4809521280006,1063.5053121280005,-0.03,12.651,0.12,12.449,long_nclose,1.4938799999999999,0.001404707810714222,3.0
1708629780000.0,76043,1708629780000.0,0.0023799999999999954,-5.0271999999999996e-05,1063.4832818560005,1063.4954818560004,-0.02,12.568,0.1,12.449,long_nclose,1.2449000000000001,0.0011705872779000244,22.0
1708630500000.0,76055,1708630500000.0,0.0032000000000000028,-5.0436e-05,1063.4864314200006,1063.5007514200006,-0.02,12.609,0.08,12.449,long_nclose,0.99592,0.0009364670489215516,12.0
1708631340000.0,76069,1708631340000.0,0.004039999999999999,-5.0604000000000005e-05,1063.4904208160006,1063.5026608160006,-0.02,12.651,0.06,12.449,long_nclose,0.7469399999999999,0.0007023476520144713,14.0
1708632780000.0,76093,1708632780000.0,0.0020199999999999997,-2.5302000000000003e-05,1063.4924155140004,1063.5023155140004,-0.01,12.651,0.05,12.449,long_nclose,0.6224500000000001,0.0005852886122362814,24.0
1708632900000.0,76095,1708632900000.0,0.0020199999999999997,-2.5302000000000003e-05,1063.4944102120003,1063.5026502120002,-0.01,12.651,0.04,12.449,long_nclose,0.49796,0.00046823001157169703,2.0
1708633620000.0,76107,1708633620000.0,0.0024300000000000033,-2.5384000000000003e-05,1063.4968148280002,1063.5042248280001,-0.01,12.692,0.03,12.449,long_nclose,0.37346999999999997,0.0003511717146613189,12.0
1708633800000.0,76110,1708633800000.0,0.002840000000000007,-2.5466e-05,1063.4996293620004,1063.5052093620004,-0.01,12.733,0.02,12.449,long_nclose,0.24898,0.00023411385686082894,3.0
1708633860000.0,76111,1708633860000.0,0.002840000000000007,-2.5466e-05,1063.5024438960006,1063.5053638960005,-0.01,12.733,0.01,12.449,long_nclose,0.12449,0.00011705661864202901,1.0
1708634040000.0,76114,1708634040000.0,0.0024300000000000033,-2.5384000000000003e-05,1063.5048485120005,1063.5048485120005,-0.01,12.692,0.0,12.449,long_nclose,0.0,0.0,3.0
1708640880000.0,76228,1708640880000.0,0.0,-0.006923184,1063.4979253280005,1063.4261653280005,2.76,12.542,2.76,12.542,long_ientry_normal,34.615919999999996,0.03254911850375624,114.0
1708704240000.0,77284,1708704240000.0,0.0,-0.006929538000000002,1063.4909957900006,1062.8725857900006,2.83,12.243,5.59,12.390627906976743,long_rentry,69.26360999999999,0.06512853449083356,1056.0
1708708800000.0,77360,1708708800000.0,0.11008604651162944,-0.0023266740000000004,1063.5987551625124,1064.1690091160008,-0.93,12.509,4.66,12.390627906976743,long_nclose,57.740326046511626,0.05428769615068721,76.0
1708709400000.0,77370,1708709400000.0,0.09114651162790825,-0.0019263860000000002,1063.6879752881403,1064.2184627300007,-0.77,12.509,3.89,12.390627906976743,long_nclose,48.199542558139534,0.04531361045524921,10.0
1708709700000.0,77375,1708709700000.0,0.12271651162790853,-0.0019327000000000003,1063.8087590997682,1064.3309600300008,-0.77,12.55,3.12,12.390627906976743,long_nclose,38.65875906976744,0.03633995183728495,5.0
1708709940000.0,77379,1708709940000.0,0.15629023255814,-0.001964196,1063.9630851363263,1064.4249358340007,-0.78,12.591,2.34,12.390627906976743,long_nclose,28.994069302325578,0.027251010591791865,4.0
1708710000000.0,77380,1708710000000.0,0.11621581395348872,-0.001460556,1064.0778403942797,1064.4199352780006,-0.58,12.591,1.76,12.390627906976743,long_nclose,21.807505116279067,0.020494276159532265,1.0
1708710060000.0,77381,1708710060000.0,0.08816372093023282,-0.001108008,1064.1648961072099,1064.4188272700005,-0.44,12.591,1.32,12.390627906976743,long_nclose,16.355628837209302,0.015369449694346567,1.0
1708710120000.0,77382,1708710120000.0,0.06612279069767463,-0.000831006,1064.2301878919075,1064.4275662640005,-0.33,12.591,0.99,12.390627906976743,long_nclose,12.266721627906975,0.011526380070279393,1.0
1708710180000.0,77383,1708710180000.0,0.04808930232558154,-0.000604368,1064.277672826233,1064.4302018960004,-0.24,12.591,0.75,12.390627906976743,long_nclose,9.292970930232556,0.008731716512998616,1.0
1708710420000.0,77387,1708710420000.0,0.03606697674418616,-0.000453276,1064.3132865269772,1064.4326286200005,-0.18,12.591,0.57,12.390627906976743,long_nclose,7.062657906976743,0.006635882494733589,4.0
1708712220000.0,77417,1708712220000.0,0.01753093023255836,-0.00027610000000000004,1064.3305413572098,1064.4029325200004,-0.11,12.55,0.46,12.390627906976743,long_nclose,5.699688837209302,0.005355186773031233,30.0
1708712280000.0,77418,1708712280000.0,0.014343488372093205,-0.0002259,1064.3446589455818,1064.4039966200005,-0.09,12.55,0.37,12.390627906976743,long_nclose,4.584532325581395,0.0043073757048991725,1.0
1708712700000.0,77425,1708712700000.0,0.01803348837209308,-0.000226638,1064.362465795954,1064.4182899820005,-0.09,12.591,0.28,12.390627906976743,long_nclose,3.4693758139534885,0.003259581134664507,7.0
1708712760000.0,77426,1708712760000.0,0.01402604651162795,-0.000176274,1064.3763155684655,1064.4179737080003,-0.07,12.591,0.21,12.390627906976743,long_nclose,2.602031860465116,0.0024446540404982745,1.0
1708713240000.0,77434,1708713240000.0,0.010018604651162822,-0.00012591000000000002,1064.3862082631167,1064.4206677980005,-0.05,12.591,0.16,12.390627906976743,long_nclose,1.982500465116279,0.0018625762432147224,8.0
1708713840000.0,77444,1708713840000.0,0.008014883720930257,-0.000100728,1064.3941224188377,1064.4179270700006,-0.04,12.591,0.12,12.390627906976743,long_nclose,1.486875348837209,0.0013969217957144314,10.0
1708713900000.0,77445,1708713900000.0,0.006011162790697693,-7.5546e-05,1064.4000580356283,1064.4184515240004,-0.03,12.591,0.09,12.390627906976743,long_nclose,1.1151565116279067,0.0010476855043450022,1.0
1708714200000.0,77450,1708714200000.0,0.007241162790697703,-7.5792e-05,1064.407223406419,1064.4219457320005,-0.03,12.632,0.06,12.390627906976743,long_nclose,0.7434376744186045,0.000698452301027593,5.0
1708714380000.0,77453,1708714380000.0,0.004827441860465136,-5.0527999999999995e-05,1064.4120003202795,1064.4219352040004,-0.02,12.632,0.04,12.390627906976743,long_nclose,0.49562511627906974,0.00046563277765558555,3.0
1708714620000.0,77457,1708714620000.0,0.002413720930232568,-2.5263999999999997e-05,1064.4143887772098,1064.4217499400004,-0.01,12.632,0.03,12.390627906976743,long_nclose,0.37171883720930227,0.0003492237996109107,4.0
1708714800000.0,77460,1708714800000.0,0.0028237209302325716,-2.5346000000000004e-05,1064.41718715214,1064.4229945940006,-0.01,12.673,0.02,12.390627906976743,long_nclose,0.24781255813953487,0.00023281525432951728,3.0
1708714920000.0,77462,1708714920000.0,0.0028237209302325716,-2.5346000000000004e-05,1064.4199855270704,1064.4230092480007,-0.01,12.673,0.01,12.390627906976743,long_nclose,0.12390627906976744,0.00011640732112748953,2.0
1708715160000.0,77466,1708715160000.0,0.0028237209302325716,-2.5346000000000004e-05,1064.4227839020007,1064.4227839020007,-0.01,12.673,0.0,12.390627906976743,long_nclose,0.0,0.0,4.0
1708727460000.0,77671,1708727460000.0,0.0,-0.006938296,1064.4158456060006,1064.3244356060006,2.77,12.524,2.77,12.524,long_ientry_normal,34.69148,0.03259203641434819,205.0
1708758000000.0,78180,1708758000000.0,0.05520000000000046,-0.0011632480000000002,1064.4698823580006,1064.8487223580007,-0.46,12.644,2.31,12.524,long_nclose,28.930439999999997,0.027178260728160427,509.0
1708758000000.0,78180,1708758000000.0,0.07406000000000063,-0.0011670200000000002,1064.5427753380006,1064.8461753380006,-0.46,12.685,1.85,12.524,long_nclose,23.1694,0.021764649140231622,0.0
1708758360000.0,78186,1708758360000.0,0.059570000000000504,-0.0009386900000000002,1064.6014066480004,1064.8544866480004,-0.37,12.685,1.48,12.524,long_nclose,18.535519999999998,0.017410760388116394,6.0
1708759380000.0,78203,1708759380000.0,0.04669000000000039,-0.00073573,1064.6473609180002,1064.8413309180003,-0.29,12.685,1.19,12.524,long_nclose,14.903559999999999,0.013998588215302851,17.0
1708759920000.0,78212,1708759920000.0,0.05887000000000034,-0.0007381660000000001,1064.7054927520003,1064.8872927520003,-0.29,12.727,0.9,12.524,long_nclose,11.2716,0.010586589509241379,9.0
1708759980000.0,78213,1708759980000.0,0.04466000000000026,-0.000559988,1064.7495927640002,1064.8855927640002,-0.22,12.727,0.68,12.524,long_nclose,8.51632,0.007998425223993138,1.0
1708760040000.0,78214,1708760040000.0,0.0345100000000002,-0.00043271800000000007,1064.7836700460002,1064.9325900460003,-0.17,12.727,0.51,12.524,long_nclose,6.387239999999999,0.005998626932101674,1.0
1708760040000.0,78214,1708760040000.0,0.04148000000000027,-0.0004341120000000001,1064.8247159340003,1064.9239959340002,-0.17,12.768,0.34,12.524,long_nclose,4.25816,0.00399893046834943,0.0
1708760040000.0,78214,1708760040000.0,0.04862000000000023,-0.00043554000000000005,1064.8729003940005,1064.9225403940004,-0.17,12.81,0.17,12.524,long_nclose,2.12908,0.00199937476032327,0.0
1708760040000.0,78214,1708760040000.0,0.0555900000000003,-0.00043693400000000004,1064.9280534600005,1064.9280534600005,-0.17,12.851,0.0,12.524,long_nclose,0.0,0.0,0.0
1708785540000.0,78639,1708785540000.0,0.0,-0.00695255,1064.9211009100004,1064.9073509100003,2.75,12.641,2.75,12.641,long_ientry_normal,34.76275,0.03264349816178344,425.0
1708791540000.0,78739,1708791540000.0,0.0544500000000002,-0.0011485800000000002,1064.9744023300004,1065.1515023300005,-0.45,12.762,2.3,12.641,long_nclose,29.074299999999997,0.02730046838345588,100.0
1708796220000.0,78817,1708796220000.0,0.04598000000000017,-0.0009699120000000001,1065.0194124180005,1065.2709324180005,-0.38,12.762,1.92,12.641,long_nclose,24.27072,0.02278899306154073,78.0
1708796340000.0,78819,1708796340000.0,0.03872000000000014,-0.0008167680000000002,1065.0573156500004,1065.2573156500005,-0.32,12.762,1.6,12.641,long_nclose,20.2256,0.018990151706207842,2.0
1708796880000.0,78828,1708796880000.0,0.05216000000000008,-0.0008194560000000001,1065.1086561940003,1065.3019361940003,-0.32,12.804,1.28,12.641,long_nclose,16.18048,0.01519138907181397,9.0
1708796940000.0,78829,1708796940000.0,0.040750000000000064,-0.0006402000000000001,1065.1487659940003,1065.3115059940003,-0.25,12.804,1.03,12.641,long_nclose,13.02023,0.012223860568292992,1.0
1708797420000.0,78837,1708797420000.0,0.020570000000000078,-0.00043390800000000005,1065.1689020860001,1065.275542086,-0.17,12.762,0.86,12.641,long_nclose,10.87126,0.010206137241436541,8.0
1708798200000.0,78850,1708798200000.0,0.027710000000000047,-0.00043533600000000003,1065.1961767500002,1065.3141667500001,-0.17,12.804,0.69,12.641,long_nclose,8.72229,0.008188435323352748,13.0
1708799340000.0,78869,1708799340000.0,0.01331000000000005,-0.000280764,1065.2092059860001,1065.283445986,-0.11,12.762,0.58,12.641,long_nclose,7.331779999999999,0.006882948399993794,19.0
1708799820000.0,78877,1708799820000.0,0.010890000000000039,-0.000229716,1065.2198662700002,1065.2757262700002,-0.09,12.762,0.49,12.641,long_nclose,6.19409,0.0058148464895696845,8.0
1708800180000.0,78883,1708800180000.0,0.009680000000000036,-0.00020419200000000004,1065.2293420780002,1065.2810020780003,-0.08,12.762,0.41,12.641,long_nclose,5.18281,0.0048654405162081,6.0
1708801800000.0,78910,1708801800000.0,0.007260000000000026,-0.000153144,1065.2364489340002,1065.2822989340002,-0.06,12.762,0.35,12.641,long_nclose,4.42435,0.004153397120824695,27.0
1708802700000.0,78925,1708802700000.0,0.006050000000000022,-0.00012762000000000003,1065.2423713140001,1065.2804713140001,-0.05,12.762,0.3,12.641,long_nclose,3.7923,0.0035600348823170767,15.0
1708803060000.0,78931,1708803060000.0,0.006050000000000022,-0.00012762000000000003,1065.248293694,1065.277543694,-0.05,12.762,0.25,12.641,long_nclose,3.16025,0.0029666792415513634,6.0
1708803420000.0,78937,1708803420000.0,0.004840000000000018,-0.00010209600000000002,1065.253031598,1065.279281598,-0.04,12.762,0.21,12.641,long_nclose,2.65461,0.002491999479239017,6.0
1708803720000.0,78942,1708803720000.0,0.003630000000000013,-7.6572e-05,1065.256585026,1065.279445026,-0.03,12.762,0.18,12.641,long_nclose,2.2753799999999997,0.0021359924284762473,5.0
1708803900000.0,78945,1708803900000.0,0.003630000000000013,-7.6572e-05,1065.260138454,1065.279488454,-0.03,12.762,0.15,12.641,long_nclose,1.89615,0.0017799877528054894,3.0
1708804860000.0,78961,1708804860000.0,0.002420000000000009,-5.104800000000001e-05,1065.2625074060002,1065.277847406,-0.02,12.762,0.13,12.641,long_nclose,1.64333,0.0015426526218421416,16.0
1708807560000.0,79006,1708807560000.0,0.002420000000000009,-5.104800000000001e-05,1065.2648763580003,1065.2779663580002,-0.02,12.762,0.11,12.641,long_nclose,1.39051,0.0013053185464576376,45.0
1708811400000.0,79070,1708811400000.0,0.0012100000000000045,-2.5524000000000005e-05,1065.2660608340002,1065.2805608340002,-0.01,12.762,0.1,12.641,long_nclose,1.2641,0.0011866519046052515,64.0
1708811640000.0,79074,1708811640000.0,0.0012100000000000045,-2.5524000000000005e-05,1065.2672453100001,1065.2790353100002,-0.01,12.762,0.09,12.641,long_nclose,1.1376899999999999,0.0010679855266449352,4.0
1708812240000.0,79084,1708812240000.0,0.0012100000000000045,-2.5524000000000005e-05,1065.268429786,1065.278109786,-0.01,12.762,0.08,12.641,long_nclose,1.01128,0.0009493194125758089,10.0
1708812300000.0,79085,1708812300000.0,0.0012100000000000045,-2.5524000000000005e-05,1065.269614262,1065.277944262,-0.01,12.762,0.07,12.641,long_nclose,0.88487,0.0008306535623969922,1.0
1708812420000.0,79087,1708812420000.0,0.0012100000000000045,-2.5524000000000005e-05,1065.270798738,1065.277878738,-0.01,12.762,0.06,12.641,long_nclose,0.75846,0.0007119879761076047,2.0
1708812720000.0,79092,1708812720000.0,0.0012100000000000045,-2.5524000000000005e-05,1065.2719832139999,1065.2782332139998,-0.01,12.762,0.05,12.641,long_nclose,0.63205,0.0005933226537067661,5.0
1708812840000.0,79094,1708812840000.0,0.0012100000000000045,-2.5524000000000005e-05,1065.2731676899998,1065.2780476899998,-0.01,12.762,0.04,12.641,long_nclose,0.50564,0.0004746575951935963,2.0
1708813080000.0,79098,1708813080000.0,0.0012100000000000045,-2.5524000000000005e-05,1065.2743521659997,1065.2781621659997,-0.01,12.762,0.03,12.641,long_nclose,0.37923,0.0003559928005672151,4.0
1708813620000.0,79107,1708813620000.0,0.0012100000000000045,-2.5524000000000005e-05,1065.2755366419997,1065.2779966419996,-0.01,12.762,0.02,12.641,long_nclose,0.25282,0.0002373282698267421,9.0
1708814160000.0,79116,1708814160000.0,0.0012100000000000045,-2.5524000000000005e-05,1065.2767211179996,1065.2779411179997,-0.01,12.762,0.01,12.641,long_nclose,0.12641,0.00011866400297129716,9.0
1708814400000.0,79120,1708814400000.0,0.0012100000000000045,-2.5524000000000005e-05,1065.2779055939995,1065.2779055939995,-0.01,12.762,0.0,12.641,long_nclose,0.0,0.0,4.0
1708820520000.0,79222,1708820520000.0,0.0,-0.006949188,1065.2709564059996,1065.2572564059997,2.74,12.681,2.74,12.681,long_ientry_normal,34.74594,0.032616997385552966,102.0
1708866180000.0,79983,1708866180000.0,0.0544500000000002,-0.00115218,1065.3242542259998,1065.5669942259997,-0.45,12.802,2.29,12.681,long_nclose,29.039489999999997,0.027258827427240298,761.0
1708866540000.0,79989,1708866540000.0,0.04598000000000017,-0.0009729519999999999,1065.3692612739999,1065.6022812739998,-0.38,12.802,1.91,12.681,long_nclose,24.220709999999997,0.022734568079274372,6.0
1708868100000.0,80015,1708868100000.0,0.037510000000000134,-0.000793724,1065.40597755,1065.59477755,-0.31,12.802,1.6,12.681,long_nclose,20.2896,0.01904400803781655,26.0
1708868220000.0,80017,1708868220000.0,0.03146000000000011,-0.000665704,1065.4367718459998,1065.6123118459998,-0.26,12.802,1.34,12.681,long_nclose,16.992539999999998,0.0159488957477583,2.0
1708868640000.0,80024,1708868640000.0,0.0266200000000001,-0.000563288,1065.462828558,1065.598348558,-0.22,12.802,1.12,12.681,long_nclose,14.202720000000001,0.01333009432081455,7.0
1708868700000.0,80025,1708868700000.0,0.021780000000000077,-0.00046087200000000003,1065.484147686,1065.596007686,-0.18,12.802,0.94,12.681,long_nclose,11.920139999999998,0.01118753387921158,1.0
1708869000000.0,80030,1708869000000.0,0.018150000000000065,-0.00038406,1065.501913626,1065.597503626,-0.15,12.802,0.79,12.681,long_nclose,10.01799,0.009402132339591833,5.0
1708869060000.0,80031,1708869060000.0,0.015730000000000056,-0.000332852,1065.5173107740002,1065.6017907740002,-0.13,12.802,0.66,12.681,long_nclose,8.36946,0.007854832498141544,1.0
1708869360000.0,80036,1708869360000.0,0.01331000000000005,-0.000281644,1065.5303391300001,1065.59413913,-0.11,12.802,0.55,12.681,long_nclose,6.97455,0.006545613713537883,5.0
1708869900000.0,80045,1708869900000.0,0.010890000000000039,-0.00023043600000000001,1065.540998694,1065.617818694,-0.09,12.802,0.46,12.681,long_nclose,5.83326,0.005474458521210955,9.0
1708869900000.0,80045,1708869900000.0,0.014670000000000023,-0.000231192,1065.5554375020001,1065.617227502,-0.09,12.844,0.37,12.681,long_nclose,4.6919699999999995,0.004403309142694128,0.0
1708870020000.0,80047,1708870020000.0,0.018450000000000005,-0.00023194800000000002,1065.5736555540002,1065.6327355540002,-0.09,12.886,0.28,12.681,long_nclose,3.5506800000000003,0.0033321769748089103,2.0
1708870080000.0,80048,1708870080000.0,0.02223000000000015,-0.00023270400000000003,1065.5956528500003,1065.6359328500002,-0.09,12.928,0.19,12.681,long_nclose,2.4093899999999997,0.0022610734133120193,1.0
1708870200000.0,80050,1708870200000.0,0.008200000000000002,-0.00010308800000000001,1065.6037497620002,1065.6364497620002,-0.04,12.886,0.15,12.681,long_nclose,1.9021499999999998,0.0017850443942458347,2.0
1708870260000.0,80051,1708870260000.0,0.012350000000000083,-0.00012928000000000004,1065.6159704820002,1065.6394704820002,-0.05,12.928,0.1,12.681,long_nclose,1.2681,0.0011900159486408711,1.0
1708870320000.0,80052,1708870320000.0,0.007410000000000049,-7.756800000000001e-05,1065.623302914,1065.6416429140002,-0.03,12.928,0.07,12.681,long_nclose,0.8876700000000001,0.0008330054321941179,1.0
1708870320000.0,80052,1708870320000.0,0.008670000000000044,-7.782000000000001e-05,1065.6318950940001,1065.642375094,-0.03,12.97,0.04,12.681,long_nclose,0.50724,0.0004759992661023496,0.0
1708870380000.0,80053,1708870380000.0,0.00578000000000003,-5.1880000000000005e-05,1065.637623214,1065.6433432140002,-0.02,12.97,0.02,12.681,long_nclose,0.25362,0.00023799835373217518,1.0
1708870500000.0,80055,1708870500000.0,0.002470000000000017,-2.5856e-05,1065.640067358,1065.642547358,-0.01,12.928,0.01,12.681,long_nclose,0.12681,0.00011899890393047544,2.0
1708870620000.0,80057,1708870620000.0,0.002470000000000017,-2.5856e-05,1065.6425115019997,1065.6425115019997,-0.01,12.928,0.0,12.681,long_nclose,0.0,0.0,2.0
1708878660000.0,80191,1708878660000.0,0.0,-0.006954402000000001,1065.6355570999997,1065.6300970999996,2.73,12.737,2.73,12.737,long_ientry_normal,34.77201,0.03263030195297526,134.0
1708905120000.0,80632,1708905120000.0,0.05489999999999995,-0.0011573100000000002,1065.6892997899997,1065.9811397899998,-0.45,12.859,2.28,12.737,long_nclose,29.040359999999996,0.027250306450222,441.0
1708907820000.0,80677,1708907820000.0,0.04635999999999996,-0.0009772840000000001,1065.7346825059997,1065.9626825059997,-0.38,12.859,1.9,12.737,long_nclose,24.2003,0.022707621697264,45.0
1708907940000.0,80679,1708907940000.0,0.037819999999999965,-0.000797258,1065.7717052479998,1065.9768152479999,-0.31,12.859,1.59,12.737,long_nclose,20.25183,0.01900203383170836,2.0
1708908420000.0,80687,1708908420000.0,0.03171999999999997,-0.000668668,1065.8027565799998,1065.9690065799998,-0.26,12.859,1.33,12.737,long_nclose,16.94021,0.015894319934355,8.0
1708908660000.0,80691,1708908660000.0,0.04263999999999992,-0.000670852,1065.8447257279997,1066.0309057279997,-0.26,12.901,1.07,12.737,long_nclose,13.62859,0.01278665613388603,4.0
1708910400000.0,80720,1708910400000.0,0.02073999999999998,-0.00043720600000000004,1065.8650285219996,1065.9802285219996,-0.17,12.859,0.9,12.737,long_nclose,11.4633,0.010754926461838968,29.0
1708911120000.0,80732,1708911120000.0,0.018299999999999983,-0.00038577,1065.8829427519995,1065.9744427519995,-0.15,12.859,0.75,12.737,long_nclose,9.55275,0.00896228808703495,12.0
1708911660000.0,80741,1708911660000.0,0.014639999999999986,-0.000308616,1065.8972741359996,1065.9747641359995,-0.12,12.859,0.63,12.737,long_nclose,8.02431,0.007528220772029261,9.0
1708912980000.0,80763,1708912980000.0,0.0,-0.005336188,1065.8919379479996,1065.8911679479995,2.09,12.766,2.72,12.759283088235293,long_ientry_partial,34.70525,0.0325598203386478,22.0
1708921800000.0,80910,1708921800000.0,0.054772610294118354,-0.00115929,1065.9455512682937,1066.2263886579997,-0.45,12.881,2.27,12.759283088235293,long_nclose,28.963572610294115,0.02717171864532142,147.0
1708921980000.0,80913,1708921980000.0,0.07412261029411803,-0.00116316,1066.0185107185878,1066.3055554979996,-0.45,12.924,1.82,12.759283088235293,long_nclose,23.221895220588234,0.021783763590497773,3.0
1708922040000.0,80914,1708922040000.0,0.059298088235294415,-0.000930528,1066.076878278823,1066.3465649699995,-0.36,12.924,1.46,12.759283088235293,long_nclose,18.628553308823527,0.017473930528255386,1.0
1708922520000.0,80922,1708922520000.0,0.04776790441176494,-0.000749592,1066.1238965912348,1066.3283153779996,-0.29,12.924,1.17,12.759283088235293,long_nclose,14.928361213235291,0.014002463748318936,8.0
1708923000000.0,80930,1708923000000.0,0.05994790441176489,-0.000752028,1066.1830924676465,1066.3623633499994,-0.29,12.966,0.88,12.759283088235293,long_nclose,11.228169117647058,0.010531182868094279,8.0
1708923060000.0,80931,1708923060000.0,0.04547772058823544,-0.000570504,1066.2279996842346,1066.3644328459993,-0.22,12.966,0.66,12.759283088235293,long_nclose,8.421126838235294,0.007898054488091878,1.0
1708923120000.0,80932,1708923120000.0,0.03307470588235305,-0.00041491200000000003,1066.260659478117,1066.3690179339994,-0.16,12.966,0.5,12.759283088235293,long_nclose,6.379641544117646,0.0059831913401364465,1.0
1708924860000.0,80961,1708924860000.0,0.01647169117647067,-0.00025848,1066.2768726892937,1066.3467594539995,-0.1,12.924,0.4,12.759283088235293,long_nclose,5.1037132352941175,0.004786480290453892,29.0
1708925700000.0,80975,1708925700000.0,0.013177352941176538,-0.000206784,1066.289843258235,1066.3431926699996,-0.08,12.924,0.32,12.759283088235293,long_nclose,4.082970588235294,0.0038291376533786197,14.0
1708926120000.0,80982,1708926120000.0,0.009883014705882402,-0.00015508799999999998,1066.2995711849408,1066.3444775819996,-0.06,12.924,0.26,12.759283088235293,long_nclose,3.3174136029411763,0.0031111459599056693,7.0
1708926660000.0,80991,1708926660000.0,0.012403014705882391,-0.000155592,1066.3118186076465,1066.3527619899994,-0.06,12.966,0.2,12.759283088235293,long_nclose,2.5518566176470587,0.00239316171228336,9.0
1708926780000.0,80993,1708926780000.0,0.010335845588235327,-0.00012966,1066.3220247932347,1066.3521323299994,-0.05,12.966,0.15,12.759283088235293,long_nclose,1.9138924632352938,0.0017948541047967262,2.0
1708927320000.0,81002,1708927320000.0,0.004941507352941201,-7.754399999999999e-05,1066.3268887565876,1066.3480947859994,-0.03,12.924,0.12,12.759283088235293,long_nclose,1.531113970588235,0.001435876734172597,9.0
1708927800000.0,81010,1708927800000.0,0.0032943382352941344,-5.1696e-05,1066.330131398823,1066.3464030899993,-0.02,12.924,0.1,12.759283088235293,long_nclose,1.2759283088235294,0.0011965603064688357,8.0
1708930080000.0,81048,1708930080000.0,0.0032943382352941344,-5.1696e-05,1066.3333740410583,1066.3470313939995,-0.02,12.924,0.08,12.759283088235293,long_nclose,1.0207426470588234,0.0009572453342527762,38.0
1708930200000.0,81050,1708930200000.0,0.0016471691176470672,-2.5848e-05,1066.334995362176,1066.3468755459994,-0.01,12.924,0.07,12.759283088235293,long_nclose,0.8931498161764706,0.0008375883939484854,2.0
1708930380000.0,81053,1708930380000.0,0.0016471691176470672,-2.5848e-05,1066.3366166832936,1066.3464396979996,-0.01,12.924,0.06,12.759283088235293,long_nclose,0.7655569852941175,0.0007179318175111407,3.0
1708930440000.0,81054,1708930440000.0,0.0016471691176470672,-2.5848e-05,1066.3382380044113,1066.3465238499996,-0.01,12.924,0.05,12.759283088235293,long_nclose,0.6379641544117647,0.0005982756049390827,1.0
1708930980000.0,81063,1708930980000.0,0.0016471691176470672,-2.5848e-05,1066.339859325529,1066.3469680019996,-0.01,12.924,0.04,12.759283088235293,long_nclose,0.5103713235294117,0.00047861975623065135,9.0
1708931580000.0,81073,1708931580000.0,0.0012171691176470745,-2.5762000000000002e-05,1066.3410507326466,1066.3449422399997,-0.01,12.881,0.03,12.759283088235293,long_nclose,0.38277849264705877,0.0003589644161068963,10.0
1708931880000.0,81078,1708931880000.0,0.0012171691176470745,-2.5762000000000002e-05,1066.3422421397643,1066.3449964779995,-0.01,12.881,0.02,12.759283088235293,long_nclose,0.25518566176470586,0.00023930934336113355,5.0
1708932960000.0,81096,1708932960000.0,0.0,-0.006895546000000001,1066.3353465937644,1066.2443609319996,2.69,12.817,2.71,12.816574044931626,long_ientry_partial,34.73291566176471,0.032572225775609316,18.0
1708940100000.0,81215,1708940100000.0,0.0,-0.006956115999999999,1066.3283904777643,1065.4563648159997,2.78,12.511,5.49,12.661838918354226,long_rentry,69.51349566176471,0.06518957600914992,119.0
1708958760000.0,81526,1708958760000.0,0.11025658429765393,-0.002326506,1066.4363205560621,1067.0232983099997,-0.91,12.783,4.58,12.661838918354226,long_nclose,57.99122224606236,0.05437851386740516,311.0
1708959000000.0,81530,1708959000000.0,0.0920824220507879,-0.001943016,1066.5264599621128,1066.9969352939995,-0.76,12.783,3.82,12.661838918354226,long_nclose,48.36822466811314,0.04535117175604942,4.0
1708959120000.0,81532,1708959120000.0,0.07633148143683734,-0.0016106580000000003,1066.6011807855498,1066.9781146359999,-0.63,12.783,3.19,12.661838918354226,long_nclose,40.39126614954998,0.037869136915638785,2.0
1708959240000.0,81534,1708959240000.0,0.06421537327225998,-0.001354998,1066.664041160822,1066.9969696379999,-0.53,12.783,2.66,12.661838918354226,long_nclose,33.680491522822244,0.03157553852304673,2.0
1708959420000.0,81537,1708959420000.0,0.05331087592414036,-0.001124904,1066.716227132746,1067.0029647339998,-0.44,12.783,2.22,12.661838918354226,long_nclose,28.109282398746384,0.026351227893384583,3.0
1708959840000.0,81544,1708959840000.0,0.04482960020893621,-0.000945942,1066.760110790955,1067.0175587919996,-0.37,12.783,1.85,12.661838918354226,long_nclose,23.424401998955318,0.02195845322861498,7.0
1708959960000.0,81546,1708959960000.0,0.06036960020893614,-0.00094905,1066.819531341164,1067.0550897419998,-0.37,12.825,1.48,12.661838918354226,long_nclose,18.739521599164256,0.017565784135584447,2.0
1708960020000.0,81547,1708960020000.0,0.047316713677274275,-0.00074385,1066.8661042048413,1067.0709758919998,-0.29,12.825,1.19,12.661838918354226,long_nclose,15.067588312841528,0.01412322338619215,1.0
1708960380000.0,81553,1708960380000.0,0.059496713677274736,-0.0007462860000000001,1066.9248546325184,1067.1139996059997,-0.29,12.867,0.9,12.661838918354226,long_nclose,11.395655026518803,0.010680841276721233,6.0
1708960500000.0,81555,1708960500000.0,0.04513543796207049,-0.000566148,1066.9694239224805,1067.1225334579997,-0.22,12.867,0.68,12.661838918354226,long_nclose,8.610050464480874,0.008069631867076285,2.0
1708960620000.0,81557,1708960620000.0,0.05437543796207045,-0.0005679960000000001,1067.0232313644426,1067.1470454619996,-0.22,12.909,0.46,12.661838918354226,long_nclose,5.824445902442944,0.005458593338211584,2.0
1708960860000.0,81561,1708960860000.0,0.06650704877852816,-0.0005957460000000001,1067.089142667221,1067.1558797159996,-0.23,12.951,0.23,12.661838918354226,long_nclose,2.912222951221472,0.0027291280875956477,4.0
1708961400000.0,81570,1708961400000.0,0.0318077189810352,-0.00028492200000000006,1067.1206654642021,1067.1552447939996,-0.11,12.951,0.12,12.661838918354226,long_nclose,1.519420670202507,0.0014238508534004937,9.0
1708961460000.0,81571,1708961460000.0,0.017349664898746474,-0.000155412,1067.137859717101,1067.1556893819998,-0.06,12.951,0.06,12.661838918354226,long_nclose,0.7597103351012535,0.0007119139558057224,1.0
1708961700000.0,81575,1708961700000.0,0.008674832449373237,-7.7706e-05,1067.1464568435504,1067.1551316759997,-0.03,12.951,0.03,12.661838918354226,long_nclose,0.37985516755062676,0.0003559541102485389,4.0
1708961760000.0,81576,1708961760000.0,0.0028916108164577458,-2.5902000000000004e-05,1067.1493225523668,1067.1551257739998,-0.01,12.951,0.02,12.661838918354226,long_nclose,0.2532367783670845,0.00023730210291602165,1.0
1708961880000.0,81578,1708961880000.0,0.0024716108164577477,-2.5818000000000003e-05,1067.1517683451832,1067.1543399559996,-0.01,12.909,0.01,12.661838918354226,long_nclose,0.12661838918354226,0.00011865077952303595,2.0
1708962240000.0,81584,1708962240000.0,0.0024716108164577477,-2.5818000000000003e-05,1067.1542141379996,1067.1542141379996,-0.01,12.909,0.0,12.661838918354226,long_nclose,0.0,0.0,6.0
1709015580000.0,82473,1709015580000.0,0.0,-0.006948342,1067.1472657959996,1067.1655357959996,2.61,13.311,2.61,13.311,long_ientry_normal,34.74171,0.03255568478084952,889.0
1709049300000.0,83035,1709049300000.0,0.0,-0.006964784000000001,1067.1403010119996,1066.3076410119995,2.68,12.994,5.29,13.150402646502837,long_rentry,69.56563000000001,0.0651888321845112,562.0
1709061240000.0,83234,1709061240000.0,0.1105256710775035,-0.002336576,1067.248490107077,1067.8067844359996,-0.88,13.276,4.41,13.150402646502837,long_nclose,57.99327567107751,0.054339056188553655,199.0
1709061420000.0,83237,1709061420000.0,0.14924567107750392,-0.00234432,1067.3953914581546,1067.9093501159996,-0.88,13.32,3.53,13.150402646502837,long_nclose,46.42092134215501,0.04348990234887563,3.0
1709062020000.0,83247,1709062020000.0,0.07284646502835457,-0.001540016,1067.4666979071828,1067.8460600999995,-0.58,13.276,2.95,13.150402646502837,long_nclose,38.79368780718337,0.03634182488619098,10.0
1709062200000.0,83250,1709062200000.0,0.0615427032136099,-0.001301048,1067.5269395623966,1067.8457490519995,-0.49,13.276,2.46,13.150402646502837,long_nclose,32.34999051039698,0.030303676011827832,3.0
1709062380000.0,83253,1709062380000.0,0.05149491493383685,-0.001088632,1067.5773458453305,1067.8368704199997,-0.41,13.276,2.05,13.150402646502837,long_nclose,26.958325425330813,0.025251871005172594,3.0
1709063820000.0,83277,1709063820000.0,0.04270310018903544,-0.0009027680000000001,1067.6191461775195,1067.8390476519996,-0.34,13.276,1.71,13.150402646502837,long_nclose,22.48718852551985,0.021062931108000914,24.0
1709063940000.0,83279,1709063940000.0,0.03516725897920566,-0.0007434560000000001,1067.6535699804988,1067.8331741959996,-0.28,13.276,1.43,13.150402646502837,long_nclose,18.805075784499056,0.017613462187779264,2.0
1709064120000.0,83282,1709064120000.0,0.028887391304347504,-0.000610696,1067.6818466758032,1067.8517634999998,-0.23,13.276,1.2,13.150402646502837,long_nclose,15.780483175803404,0.014780136259631543,3.0
1709064420000.0,83287,1709064420000.0,0.025119470699432614,-0.0005310400000000001,1067.7064351065026,1067.8400324599997,-0.2,13.276,1.0,13.150402646502837,long_nclose,13.150402646502837,0.012316496570699323,5.0
1709065260000.0,83301,1709065260000.0,0.02009557655954609,-0.000424832,1067.7261058510621,1067.8349676279997,-0.16,13.276,0.84,13.150402646502837,long_nclose,11.046338223062383,0.010345666517404834,14.0
1709066760000.0,83326,1709066760000.0,0.01758362948960283,-0.00037172800000000004,1067.7433177525518,1067.8319358999997,-0.14,13.276,0.7,13.150402646502837,long_nclose,9.205281852551986,0.008621249788692472,25.0
1709067000000.0,83330,1709067000000.0,0.013815708884687937,-0.000292072,1067.7568413894364,1067.8356638279997,-0.11,13.276,0.59,13.150402646502837,long_nclose,7.758737561436673,0.007266389931382211,4.0
1709067480000.0,83338,1709067480000.0,0.011303761814744675,-0.000238968,1067.7679061832512,1067.8312048599998,-0.09,13.276,0.5,13.150402646502837,long_nclose,6.575201323251418,0.00615789375685073,8.0
1709068860000.0,83361,1709068860000.0,0.010047788279773045,-0.000212416,1067.7777415555308,1067.8237724439996,-0.08,13.276,0.42,13.150402646502837,long_nclose,5.523169111531192,0.0051725831103063445,23.0
1709069040000.0,83364,1709069040000.0,0.008791814744801415,-0.00018586400000000002,1067.7863475062757,1067.8310065799997,-0.07,13.276,0.35,13.150402646502837,long_nclose,4.602640926275993,0.004310451184382597,3.0
1709070360000.0,83386,1709070360000.0,0.0062798676748581535,-0.00013276000000000002,1067.7924946139506,1067.8328738199998,-0.05,13.276,0.3,13.150402646502837,long_nclose,3.945120793950851,0.00369465117412833,22.0
1709071140000.0,83399,1709071140000.0,0.0062798676748581535,-0.00013276000000000002,1067.7986417216255,1067.8320410599997,-0.05,13.276,0.25,13.150402646502837,long_nclose,3.287600661625709,0.003078858253954199,13.0
1709073420000.0,83437,1709073420000.0,0.008479867674858177,-0.0001332,1067.8069883893004,1067.8415078599999,-0.05,13.32,0.2,13.150402646502837,long_nclose,2.6300805293005673,0.0024630673500908896,38.0
1709075340000.0,83469,1709075340000.0,0.0037679206049148917,-7.9656e-05,1067.8106766539054,1067.8330482039999,-0.03,13.276,0.17,13.150402646502837,long_nclose,2.2355684499054824,0.002093600016166598,32.0
1709075640000.0,83474,1709075640000.0,0.0025119470699432613,-5.3104e-05,1067.8131354969753,1067.8321250999998,-0.02,13.276,0.15,13.150402646502837,long_nclose,1.9725603969754255,0.0018472898781652168,5.0
1709075880000.0,83478,1709075880000.0,0.0025119470699432613,-5.3104e-05,1067.8155943400452,1067.8323119959998,-0.02,13.276,0.13,13.150402646502837,long_nclose,1.7095523440453688,0.0016009808745132102,4.0
1709076360000.0,83486,1709076360000.0,0.0025119470699432613,-5.3104e-05,1067.8180531831151,1067.8319788919998,-0.02,13.276,0.11,13.150402646502837,long_nclose,1.4465442911153121,0.0013546730052027421,8.0
1709077320000.0,83502,1709077320000.0,0.0012559735349716307,-2.6552e-05,1067.8192826046502,1067.8319423399998,-0.01,13.276,0.1,13.150402646502837,long_nclose,1.3150402646502837,0.0012315194959231363,16.0
1709078280000.0,83518,1709078280000.0,0.0012559735349716307,-2.6552e-05,1067.8205120261853,1067.831455788,-0.01,13.276,0.09,13.150402646502837,long_nclose,1.1835362381852552,0.0011083662702259763,16.0
1709078400000.0,83520,1709078400000.0,0.0012559735349716307,-2.6552e-05,1067.8217414477203,1067.8329092360002,-0.01,13.276,0.08,13.150402646502837,long_nclose,1.052032211720227,0.0009852133281102833,2.0
1709078580000.0,83523,1709078580000.0,0.0016959735349716355,-2.6640000000000002e-05,1067.8234107812552,1067.835282596,-0.01,13.32,0.07,13.150402646502837,long_nclose,0.9205281852551986,0.0008620603144313061,3.0
1709078640000.0,83524,1709078640000.0,0.0016959735349716355,-2.6640000000000002e-05,1067.8250801147901,1067.834955956,-0.01,13.32,0.06,13.150402646502837,long_nclose,0.7890241587901702,0.0007389076858031381,1.0
1709078760000.0,83526,1709078760000.0,0.0016959735349716355,-2.6640000000000002e-05,1067.826749448325,1067.8347293159998,-0.01,13.32,0.05,13.150402646502837,long_nclose,0.6575201323251418,0.0006157554422239738,2.0
1709078940000.0,83529,1709078940000.0,0.0012559735349716307,-2.6552e-05,1067.82797886986,1067.833002764,-0.01,13.276,0.04,13.150402646502837,long_nclose,0.5260161058601135,0.0004926037866294014,3.0
1709079000000.0,83530,1709079000000.0,0.0012559735349716307,-2.6552e-05,1067.8292082913952,1067.8327962120002,-0.01,13.276,0.03,13.150402646502837,long_nclose,0.3945120793950851,0.0003694524146106972,1.0
1709079060000.0,83531,1709079060000.0,0.0012559735349716307,-2.6552e-05,1067.8304377129302,1067.8329296600002,-0.01,13.276,0.02,13.150402646502837,long_nclose,0.26300805293005675,0.00024630132616688195,1.0
1709079720000.0,83542,1709079720000.0,0.0012559735349716307,-2.6552e-05,1067.8316671344653,1067.8329831080002,-0.01,13.276,0.01,13.150402646502837,long_nclose,0.13150402646502837,0.000123150521296976,11.0
1709080260000.0,83551,1709080260000.0,0.0016959735349716355,-2.6640000000000002e-05,1067.8333364680002,1067.8333364680002,-0.01,13.32,0.0,13.150402646502837,long_nclose,0.0,0.0,9.0
1709090160000.0,83716,1709090160000.0,0.0,-0.00695372,1067.8263827480002,1067.8237527480003,2.63,13.22,2.63,13.22,long_ientry_normal,34.7686,0.032560161990495745,165.0
1709105160000.0,83966,1709105160000.0,0.05417999999999976,-0.001147756,1067.8794149920004,1068.1808149920005,-0.43,13.346,2.2,13.22,long_nclose,29.084000000000003,0.02723528480059509,250.0
1709105940000.0,83979,1709105940000.0,0.045359999999999796,-0.000960912,1067.9238140800005,1068.1850940800005,-0.36,13.346,1.84,13.22,long_nclose,24.324800000000003,0.022777654809538483,13.0
1709106360000.0,83986,1709106360000.0,0.06119999999999997,-0.0009640800000000001,1067.9840500000007,1068.2445300000006,-0.36,13.39,1.48,13.22,long_nclose,19.5656,0.018320123788365554,7.0
1709107440000.0,84004,1709107440000.0,0.0791799999999995,-0.000994116,1068.0622358840008,1068.3042158840008,-0.37,13.434,1.11,13.22,long_nclose,14.674200000000003,0.01373908701851502,18.0
1709107800000.0,84010,1709107800000.0,0.05777999999999964,-0.0007254360000000001,1068.1192904480008,1068.2973704480007,-0.27,13.434,0.84,13.22,long_nclose,11.104800000000001,0.010396591559864367,6.0
1709107860000.0,84011,1709107860000.0,0.04493999999999971,-0.000564228,1068.1636662200008,1068.3022662200008,-0.21,13.434,0.63,13.22,long_nclose,8.3286,0.0077971197330397,1.0
1709108160000.0,84016,1709108160000.0,0.032099999999999795,-0.00040302,1068.1953632000007,1068.3024032000008,-0.15,13.434,0.48,13.22,long_nclose,6.3456,0.005940486374131451,5.0
1709108340000.0,84019,1709108340000.0,0.025679999999999835,-0.000322416,1068.2207207840006,1068.2966807840005,-0.12,13.434,0.36,13.22,long_nclose,4.7592,0.004455259018479883,3.0
1709108400000.0,84020,1709108400000.0,0.019259999999999878,-0.00024181199999999997,1068.2397389720006,1068.3061589720007,-0.09,13.434,0.27,13.22,long_nclose,3.5694000000000004,0.0033413847751394663,1.0
1709108460000.0,84021,1709108460000.0,0.02321999999999992,-0.000242604,1068.2627163680006,1068.3091563680007,-0.09,13.478,0.18,13.22,long_nclose,2.3796,0.002227541936585067,1.0
1709108520000.0,84022,1709108520000.0,0.015479999999999947,-0.000161736,1068.2780346320005,1068.3129546320006,-0.06,13.478,0.12,13.22,long_nclose,1.5864,0.0014850066635943532,1.0
1709108580000.0,84023,1709108580000.0,0.018119999999999976,-0.000162264,1068.2959923680005,1068.3123123680004,-0.06,13.522,0.06,13.22,long_nclose,0.7932,0.0007424908505383244,1.0
1709108700000.0,84025,1709108700000.0,0.009059999999999988,-8.1132e-05,1068.3049712360005,1068.3168512360005,-0.03,13.522,0.03,13.22,long_nclose,0.3966,0.00037124230503312585,2.0
1709108700000.0,84025,1709108700000.0,0.010349999999999965,-8.139e-05,1068.3152398460004,1068.3152398460004,-0.03,13.565,0.0,13.22,long_nclose,0.0,0.0,0.0
1709140980000.0,84563,1709140980000.0,0.0,-0.006954205999999999,1068.3082856400003,1068.3860956400003,2.51,13.853,2.51,13.853,long_ientry_normal,34.771029999999996,0.03254774906025317,538.0
1709141160000.0,84566,1709141160000.0,0.0,-0.006950822,1068.3013348180004,1068.0165948180004,2.57,13.523,5.08,13.68605118110236,long_rentry,69.52514,0.06508008343155776,3.0
1709141160000.0,84566,1709141160000.0,0.0,-0.006963960000000001,1068.2943708580005,1068.9004308580006,2.62,13.29,7.7,13.551290909090907,long_rentry,104.34494,0.0976743328865389,0.0
1709141220000.0,84567,1709141220000.0,0.16602763636363763,-0.003502336,1068.456896158364,1069.6876685220004,-1.28,13.681,6.42,13.551290909090907,long_nclose,86.99928763636362,0.08142517302211207,1.0
1709141220000.0,84567,1709141220000.0,0.2236276363636398,-0.0035138560000000005,1068.677009938728,1069.6623946660006,-1.28,13.726,5.14,13.551290909090907,long_nclose,69.65363527272726,0.06517744334812706,0.0
1709141280000.0,84568,1709141280000.0,0.28122763636363973,-0.003525376,1068.9547121990915,1069.4669692900006,-1.28,13.771,3.86,13.551290909090907,long_nclose,52.3079829090909,0.048933768954047704,1.0
1709141340000.0,84569,1709141340000.0,0.13452600000000206,-0.002113804,1069.0871243950917,1069.3643254860008,-0.77,13.726,3.09,13.551290909090907,long_nclose,41.8734889090909,0.03916751773882195,1.0
1709141460000.0,84571,1709141460000.0,0.0,-0.00697752,1069.0801468750917,1066.3907679660008,2.64,13.215,5.73,13.396350594954782,long_rentry,76.76108890909092,0.0718010610649376,2.0
1709141460000.0,84571,1709141460000.0,0.0,-0.006964784000000001,1069.0731820910917,1066.2042431820007,2.68,12.994,8.41,13.268134234136852,long_rentry,111.58500890909093,0.104375463512079,0.0
1709141460000.0,84571,1709141460000.0,0.0,-0.00716856,1069.0660135310916,1066.5498746220007,2.8,12.801,11.21,13.151454853620955,long_rentry,147.4278089090909,0.1379033727039376,0.0
1709141460000.0,84571,1709141460000.0,0.0,-0.009413774,1069.0565997570916,1067.6893008480006,3.73,12.619,14.94,13.018519337957892,long_rentry,194.49667890909092,0.18193300425186465,0.0
1709141460000.0,84571,1709141460000.0,0.0,-0.012326594,1069.0442731630917,1070.2911942540009,4.97,12.401,19.91,12.86437211999452,long_rentry,256.1296489090909,0.23958750384701438,0.0
1709141460000.0,84571,1709141460000.0,0.0,-0.016068064,1069.0282050990918,1075.511546190001,6.62,12.136,26.53,12.682622273241272,long_rentry,336.46996890909094,0.3147437713094786,0.0
1709141520000.0,84572,1709141520000.0,0.0,-0.020863524,1069.0073415750917,1078.0343126660007,8.83,11.814,35.36,12.465712356026327,long_rentry,440.7875889090909,0.4123335469891421,1.0
1709141520000.0,84572,1709141520000.0,4.104302772727271,-0.02286024,1073.088784107819,1079.8590124260008,-8.84,12.93,26.52,12.465712356026327,long_nclose,330.59069168181816,0.3080739418562425,0.0
1709141520000.0,84572,1709141520000.0,4.475582772727269,-0.022934496,1077.5414323845462,1082.0549179300008,-8.84,12.972,17.68,12.465712356026327,long_nclose,220.39379445454546,0.20453393979183226,0.0
1709141520000.0,84572,1709141520000.0,4.852345649167004,-0.023034779999999998,1082.3707432537133,1084.6249331500007,-8.85,13.014,8.83,12.465712356026327,long_nclose,110.07224010371246,0.1016955057126031,0.0
1709141580000.0,84573,1709141580000.0,1.2537085099239,-0.0112455,1083.613206263637,1085.9526576500007,-4.41,12.75,4.42,12.465712356026327,long_nclose,55.098448613636364,0.05084697039049487,1.0
1709141580000.0,84573,1709141580000.0,1.4421913863636358,-0.011308128,1085.0440895220006,1085.0440895220006,-4.42,12.792,0.0,12.465712356026327,long_nclose,0.0,0.0,0.0
1709141640000.0,84574,1709141640000.0,0.0,-0.007069280000000001,1085.0370202420006,1085.3199002420006,2.72,12.995,2.72,12.995,long_ientry_normal,35.3464,0.032576215687199817,1.0
1709141700000.0,84575,1709141700000.0,0.05580000000000025,-0.0011807100000000002,1085.0916395320007,1085.3935495320006,-0.45,13.119,2.27,12.995,long_nclose,29.498649999999998,0.027185399762846525,1.0
1709141700000.0,84575,1709141700000.0,0.07515000000000072,-0.0011845800000000002,1085.1656049520006,1085.4076649520007,-0.45,13.162,1.82,12.995,long_nclose,23.6509,0.021794737957112207,0.0
1709141760000.0,84576,1709141760000.0,0.0,-0.002284272,1085.1633206800007,1085.3811706800007,0.87,13.128,2.69,13.038014869888475,long_ientry_partial,35.07225999999999,0.03231979862535578,1.0
1709141760000.0,84576,1709141760000.0,0.04463464684014944,-0.000947664,1085.2070076628409,1085.3957030160007,-0.36,13.162,2.33,13.038014869888475,long_nclose,30.378574646840146,0.027993345446842486,0.0
1709141940000.0,84579,1709141940000.0,0.047494349442379756,-0.001000388,1085.2535016242832,1085.5050226280007,-0.38,13.163,1.95,13.038014869888475,long_nclose,25.424128996282526,0.02342690344535226,3.0
1709142000000.0,84580,1709142000000.0,0.0,-0.001948716,1085.2515529082832,1085.5192139120006,0.74,13.167,2.69,13.073497768134768,long_ientry_partial,35.16770899628253,0.03240512202174625,1.0
1709142120000.0,84582,1709142120000.0,0.054780982020702286,-0.001161424,1085.305172466304,1085.6123024880008,-0.44,13.198,2.25,13.073497768134768,long_nclose,29.41536997830323,0.027103316859218695,2.0
1709142240000.0,84584,1709142240000.0,0.04606582579013601,-0.000976652,1085.350261640094,1085.6538858360007,-0.37,13.198,1.88,13.073497768134768,long_nclose,24.578175804093362,0.02264538616957884,2.0
1709142240000.0,84584,1709142240000.0,0.062345825790136186,-0.000979908,1085.411627557884,1085.6554959280004,-0.37,13.242,1.51,13.073497768134768,long_nclose,19.7409816298835,0.01818755311687568,0.0
1709142300000.0,84585,1709142300000.0,0.0,-0.0030705199999999998,1085.408557037884,1085.4388254080006,1.16,13.235,2.67,13.143663531791574,long_ientry_partial,35.0935816298835,0.03233214019028471,1.0
1709142300000.0,84585,1709142300000.0,0.029500940462527936,-0.0007945200000000001,1085.4372634583467,1085.4641308880007,-0.3,13.242,2.37,13.143663531791574,long_nclose,31.150482570346032,0.02869855644267866,0.0
1709142540000.0,84589,1709142540000.0,0.04888122260128602,-0.0010349820000000003,1085.485109698948,1085.7471359060007,-0.39,13.269,1.98,13.143663531791574,long_nclose,26.024453792947316,0.02397495236039214,4.0
1709142600000.0,84590,1709142600000.0,0.0,-0.001832088,1085.483277610948,1085.7693338180009,0.69,13.276,2.67,13.177862843800494,long_ientry_partial,35.184893792947314,0.032414035774356774,1.0
1709142960000.0,84596,1709142960000.0,0.05550034872778291,-0.0011707520000000002,1085.5376072076758,1085.8367330660008,-0.44,13.304,2.23,13.177862843800494,long_nclose,29.3866341416751,0.02707104198560769,6.0
1709144340000.0,84619,1709144340000.0,0.0,-0.0070818,1085.530525407676,1084.5685312660007,2.75,12.876,4.98,13.01117151439259,long_rentry,64.79563414167511,0.059690292096890425,23.0
1709144460000.0,84621,1709144460000.0,0.0,-0.00708176,1085.523443647676,1083.720449506001,2.8,12.646,7.78,12.879747318981375,long_rentry,100.2044341416751,0.09230978356852332,2.0
1709153640000.0,84774,1709153640000.0,0.1589959585140268,-0.0033547740000000005,1085.67908483219,1086.5114447320009,-1.29,13.003,6.49,12.879747318981375,long_nclose,83.58956010018912,0.07699288055559189,153.0
1709153760000.0,84776,1709153760000.0,0.21446595851402583,-0.0033658679999999997,1085.890184922704,1086.7962988640008,-1.29,13.046,5.2,12.879747318981375,long_nclose,66.97468605870316,0.06167721836759263,2.0
1709154660000.0,84791,1709154660000.0,0.10599730567601785,-0.002236516,1085.99394571238,1086.576602348001,-0.86,13.003,4.34,12.879747318981375,long_nclose,55.89810336437917,0.05147183700707618,15.0
1709154900000.0,84795,1709154900000.0,0.1429773056760172,-0.002243912,1086.134679106056,1086.7515184360009,-0.86,13.046,3.48,12.879747318981375,long_nclose,44.821520670055186,0.041267000798598547,4.0
1709155260000.0,84801,1709155260000.0,0.1811798324862033,-0.002277312,1086.3135816265421,1086.8832211240008,-0.87,13.088,2.61,12.879747318981375,long_nclose,33.616140502541384,0.030945153472359047,6.0
1709155560000.0,84806,1709155560000.0,0.13536424266210592,-0.00170144,1086.4472444292041,1086.8632596840007,-0.65,13.088,1.96,12.879747318981375,long_nclose,25.244304745203493,0.023235647082400494,5.0
1709155740000.0,84809,1709155740000.0,0.1633142426621066,-0.00170703,1086.6088516418663,1086.9366826540006,-0.65,13.131,1.31,12.879747318981375,long_nclose,16.872468987865602,0.015527638084644071,3.0
1709156100000.0,84815,1709156100000.0,0.10803865283800897,-0.001129266,1086.7157610287045,1086.9342233880009,-0.43,13.131,0.88,12.879747318981375,long_nclose,11.33417764070361,0.010429753618346783,6.0
1709156160000.0,84816,1709156160000.0,0.07286327749540139,-0.0007615979999999999,1086.7878627081998,1086.9361017900007,-0.29,13.131,0.59,12.879747318981375,long_nclose,7.59905091819901,0.006992211800436107,1.0
1709156220000.0,84817,1709156220000.0,0.04773800939353885,-0.0004989780000000001,1086.8351017395933,1086.9404028120007,-0.19,13.131,0.4,12.879747318981375,long_nclose,5.15189892759255,0.00474027653260959,1.0
1709156700000.0,84825,1709156700000.0,0.05885053620372496,-0.00052696,1086.893425315797,1086.9534758520008,-0.2,13.174,0.2,12.879747318981375,long_nclose,2.575949463796275,0.0023700110827773505,8.0
1709156940000.0,84829,1709156940000.0,0.02942526810186248,-0.00026348,1086.9225871038989,1086.9522123720008,-0.1,13.174,0.1,12.879747318981375,long_nclose,1.2879747318981376,0.0011849737480660342,4.0
1709157060000.0,84831,1709157060000.0,0.01471263405093124,-0.00013174,1086.93716799795,1086.953230632001,-0.05,13.174,0.05,12.879747318981375,long_nclose,0.6439873659490688,0.0005924789260222293,2.0
1709157120000.0,84832,1709157120000.0,0.01681263405093123,-0.00013216,1086.9538484720008,1086.9538484720008,-0.05,13.216,0.0,12.879747318981375,long_nclose,0.0,0.0,1.0
1709208720000.0,85692,1709208720000.0,0.0,-0.007072598000000001,1086.9467758740009,1086.8430358740009,2.47,14.317,2.47,14.317,long_ientry_normal,35.36299,0.032534242508392416,860.0
1709209080000.0,85698,1709209080000.0,0.056170000000000185,-0.0011852280000000002,1087.001760646001,1087.298400646001,-0.41,14.454,2.06,14.317,long_nclose,29.49302,0.027132449153046828,6.0
1709211180000.0,85733,1709211180000.0,0.046580000000000156,-0.000982872,1087.047357774001,1087.396517774001,-0.34,14.454,1.72,14.317,long_nclose,24.62524,0.02265332768061392,35.0
1709211180000.0,85733,1709211180000.0,0.06255999999999975,-0.000986068,1087.1089317060012,1087.3890717060012,-0.34,14.501,1.38,14.317,long_nclose,19.75746,0.018174314849013884,0.0
1709211300000.0,85735,1709211300000.0,0.04967999999999981,-0.000783054,1087.1578286520012,1087.3221086520011,-0.27,14.501,1.11,14.317,long_nclose,15.89187,0.014617813146509551,2.0
1709211420000.0,85737,1709211420000.0,0.04047999999999984,-0.000638044,1087.197670608001,1087.3658806080011,-0.22,14.501,0.89,14.317,long_nclose,12.74213,0.011720159401072051,2.0
1709211540000.0,85739,1709211540000.0,0.03127999999999988,-0.000493034,1087.228457574001,1087.391897574001,-0.17,14.501,0.72,14.317,long_nclose,10.30824,0.00948120878200834,2.0
1709211540000.0,85739,1709211540000.0,0.039439999999999885,-0.000494666,1087.267402908001,1087.392252908001,-0.17,14.549,0.55,14.317,long_nclose,7.874350000000001,0.007242330616129294,0.0
1709211660000.0,85741,1709211660000.0,0.01233000000000004,-0.000260172,1087.279472736001,1087.357672736001,-0.09,14.454,0.46,14.317,long_nclose,6.58582,0.006057154728974712,2.0
1709211900000.0,85745,1709211900000.0,0.009590000000000033,-0.00020235600000000003,1087.2888603800009,1087.345020380001,-0.07,14.454,0.39,14.317,long_nclose,5.58363,0.005135369452832024,4.0
1709212380000.0,85753,1709212380000.0,0.008220000000000028,-0.000173448,1087.2969069320009,1087.344426932001,-0.06,14.454,0.33,14.317,long_nclose,4.72461,0.0043452804564038695,8.0
1709212560000.0,85756,1709212560000.0,0.006850000000000023,-0.00014454000000000002,1087.3036123920008,1087.3475723920008,-0.05,14.454,0.28,14.317,long_nclose,4.0087600000000005,0.0036868818923363788,3.0
1709212620000.0,85757,1709212620000.0,0.009199999999999963,-0.00014501,1087.3126673820007,1087.3579773820006,-0.05,14.501,0.23,14.317,long_nclose,3.29291,0.003028484904832914,1.0
1709212800000.0,85760,1709212800000.0,0.007359999999999971,-0.000116008,1087.3199113740006,1087.3482213740006,-0.04,14.501,0.19,14.317,long_nclose,2.72023,0.0025017752103541993,3.0
1709213100000.0,85765,1709213100000.0,0.004110000000000014,-8.6724e-05,1087.3239346500006,1087.3476146500007,-0.03,14.454,0.16,14.317,long_nclose,2.29072,0.00210675027652855,5.0
1709213460000.0,85771,1709213460000.0,0.0027400000000000094,-5.7816000000000003e-05,1087.3266168340006,1087.3534968340005,-0.02,14.454,0.14,14.317,long_nclose,2.0043800000000003,0.0018434019447038,6.0
1709213460000.0,85771,1709213460000.0,0.0036799999999999854,-5.8004e-05,1087.3302388300006,1087.3532788300006,-0.02,14.501,0.12,14.317,long_nclose,1.71804,0.0015800535464263936,0.0
1709213520000.0,85772,1709213520000.0,0.006959999999999979,-8.7294e-05,1087.3371115360005,1087.3573615360006,-0.03,14.549,0.09,14.317,long_nclose,1.28853,0.0011850326695644455,1.0
1709213580000.0,85773,1709213580000.0,0.004639999999999986,-5.8196e-05,1087.3416933400006,1087.3566033400007,-0.02,14.549,0.07,14.317,long_nclose,1.0021900000000001,0.0009216881925327089,1.0
1709213640000.0,85774,1709213640000.0,0.002319999999999993,-2.9098e-05,1087.3439842420007,1087.3567042420007,-0.01,14.549,0.06,14.317,long_nclose,0.85902,0.000790016786269188,1.0
1709213700000.0,85775,1709213700000.0,0.002319999999999993,-2.9098e-05,1087.3462751440009,1087.356425144001,-0.01,14.549,0.05,14.317,long_nclose,0.7158500000000001,0.00065834593483589,1.0
1709213820000.0,85777,1709213820000.0,0.002319999999999993,-2.9098e-05,1087.348566046001,1087.359606046001,-0.01,14.549,0.04,14.317,long_nclose,0.57268,0.0005266756382293076,2.0
1709213820000.0,85777,1709213820000.0,0.002789999999999999,-2.9192e-05,1087.351326854001,1087.359606854001,-0.01,14.596,0.03,14.317,long_nclose,0.42951,0.00039500572574154816,0.0
1709214060000.0,85781,1709214060000.0,0.002789999999999999,-2.9192e-05,1087.354087662001,1087.359487662001,-0.01,14.596,0.02,14.317,long_nclose,0.28634,0.00026333648187747236,4.0
1709214120000.0,85782,1709214120000.0,0.002789999999999999,-2.9192e-05,1087.3568484700008,1087.359058470001,-0.01,14.596,0.01,14.317,long_nclose,0.14317,0.00013166790663198726,1.0
1709214180000.0,85783,1709214180000.0,0.002319999999999993,-2.9098e-05,1087.359139372001,1087.359139372001,-0.01,14.549,0.0,14.317,long_nclose,0.0,0.0,1.0
1709217960000.0,85846,1709217960000.0,0.0,-0.007075944,1087.352063428001,1087.423403428001,2.46,14.382,2.46,14.382,long_ientry_normal,35.37972,0.03253750205656612,63.0
1709218500000.0,85855,1709218500000.0,0.056170000000000185,-0.001190558,1087.407042870001,1087.700192870001,-0.41,14.519,2.05,14.382,long_nclose,29.483099999999997,0.027113214130179846,9.0
1709218800000.0,85860,1709218800000.0,0.046580000000000156,-0.000987292,1087.452635578001,1087.697165578001,-0.34,14.519,1.71,14.382,long_nclose,24.59322,0.022615440153794148,5.0
1709219160000.0,85866,1709219160000.0,0.03836000000000013,-0.0008130640000000002,1087.490182514001,1087.703252514001,-0.28,14.519,1.43,14.382,long_nclose,20.56626,0.018911674174801316,6.0
1709219280000.0,85868,1709219280000.0,0.03151000000000011,-0.000667874,1087.5210246400009,1087.719024640001,-0.23,14.519,1.2,14.382,long_nclose,17.258399999999998,0.01586948629863317,2.0
1709219580000.0,85873,1709219580000.0,0.02740000000000009,-0.0005807600000000002,1087.5478438800008,1087.6818438800008,-0.2,14.519,1.0,14.382,long_nclose,14.382,0.013224245793812543,5.0
1709219640000.0,85874,1709219640000.0,0.021920000000000075,-0.0004646080000000001,1087.5692992720008,1087.6793392720008,-0.16,14.519,0.84,14.382,long_nclose,12.080879999999999,0.011108147322737707,1.0
1709219700000.0,85875,1709219700000.0,0.019180000000000065,-0.0004065320000000001,1087.5880727400008,1087.697272740001,-0.14,14.519,0.7,14.382,long_nclose,10.0674,0.009256629648978061,1.0
1709220060000.0,85881,1709220060000.0,0.01507000000000005,-0.000319418,1087.6028233220009,1087.6907333220008,-0.11,14.519,0.59,14.382,long_nclose,8.48538,0.007801910603801161,6.0
1709221140000.0,85899,1709221140000.0,0.01233000000000004,-0.000261342,1087.614891980001,1087.689391980001,-0.09,14.519,0.5,14.382,long_nclose,7.191,0.0066117152799450895,18.0
1709221320000.0,85902,1709221320000.0,0.010960000000000037,-0.00023230400000000004,1087.625619676001,1087.678119676001,-0.08,14.519,0.42,14.382,long_nclose,6.040439999999999,0.00555378605535186,3.0
1709221380000.0,85903,1709221380000.0,0.009590000000000033,-0.00020326600000000004,1087.6350064100009,1087.685406410001,-0.07,14.519,0.35,14.382,long_nclose,5.0337,0.004628115103259621,1.0
1709221680000.0,85908,1709221680000.0,0.006850000000000023,-0.00014519000000000004,1087.6417112200008,1087.6918112200008,-0.05,14.519,0.3,14.382,long_nclose,4.3145999999999995,0.00396693134833928,5.0
1709222040000.0,85914,1709222040000.0,0.01110000000000003,-0.000174804,1087.6526364160009,1087.700156416001,-0.06,14.567,0.24,14.382,long_nclose,3.4516799999999996,0.003173513201212722,6.0
1709222040000.0,85914,1709222040000.0,0.013980000000000032,-0.00017538000000000002,1087.6664410360008,1087.702081036001,-0.06,14.615,0.18,14.382,long_nclose,2.5887599999999997,0.002380104692330315,0.0
1709222220000.0,85917,1709222220000.0,0.005550000000000015,-8.7402e-05,1087.671903634001,1087.7008536340009,-0.03,14.567,0.15,14.382,long_nclose,2.1572999999999998,0.0019834106156390394,3.0
1709222400000.0,85920,1709222400000.0,0.006990000000000016,-8.769000000000001e-05,1087.678805944001,1087.704485944001,-0.03,14.615,0.12,14.382,long_nclose,1.7258399999999998,0.0015867184232776662,3.0
1709222520000.0,85922,1709222520000.0,0.00370000000000001,-5.8268e-05,1087.682447676001,1087.6990476760009,-0.02,14.567,0.1,14.382,long_nclose,1.4382000000000001,0.0013222609255789072,2.0
1709222640000.0,85924,1709222640000.0,0.00370000000000001,-5.8268e-05,1087.686089408001,1087.7008094080009,-0.02,14.567,0.08,14.382,long_nclose,1.15056,0.0010578051987648566,2.0
1709222700000.0,85925,1709222700000.0,0.001850000000000005,-2.9134e-05,1087.687910274001,1087.700020274001,-0.01,14.567,0.07,14.382,long_nclose,1.00674,0.0009255779994340386,1.0
1709222880000.0,85928,1709222880000.0,0.001850000000000005,-2.9134e-05,1087.6897311400012,1087.7011311400013,-0.01,14.567,0.06,14.382,long_nclose,0.8629199999999999,0.0007933512428177276,3.0
1709223000000.0,85930,1709223000000.0,0.001850000000000005,-2.9134e-05,1087.6915520060013,1087.7008020060014,-0.01,14.567,0.05,14.382,long_nclose,0.7191000000000001,0.0006611249289137004,2.0
1709223240000.0,85934,1709223240000.0,0.0013700000000000047,-2.9038000000000006e-05,1087.6928929680012,1087.6993329680013,-0.01,14.519,0.04,14.382,long_nclose,0.57528,0.0005288992910767545,4.0
1709223360000.0,85936,1709223360000.0,0.0013700000000000047,-2.9038000000000006e-05,1087.694233930001,1087.697413930001,-0.01,14.519,0.03,14.382,long_nclose,0.43145999999999995,0.0003966739792681173,2.0
1709223660000.0,85941,1709223660000.0,0.0,-0.0070027740000000015,1087.687231156001,1087.685581156001,2.43,14.409,2.46,14.40867073170732,long_ientry_partial,35.445330000000006,0.03258779636709395,5.0
1709225640000.0,85974,1709225640000.0,0.05630499999999875,-0.001192772,1087.742343384001,1088.025918384001,-0.41,14.546,2.05,14.40867073170732,long_nclose,29.537775000000003,0.0271551210446649,33.0
1709225820000.0,85977,1709225820000.0,0.04669195121951116,-0.0009891280000000001,1087.7880462072208,1088.0331392560013,-0.34,14.546,1.71,14.40867073170732,long_nclose,24.638826951219517,0.02265039318746649,3.0
1709226000000.0,85980,1709226000000.0,0.03845219512195037,-0.0008145760000000001,1087.8256838263426,1087.941984680001,-0.28,14.546,1.43,14.40867073170732,long_nclose,20.604399146341468,0.018940901518216677,3.0
1709226360000.0,85986,1709226360000.0,0.0,-0.0029670180000000005,1087.8227168083426,1087.8367476620012,1.03,14.403,2.46,14.406296400951817,long_ientry_partial,35.43948914634147,0.03257836833038426,6.0
1709242560000.0,86256,1709242560000.0,0.0,-0.007087752000000001,1087.8156290563427,1086.9511999100012,2.52,14.063,4.98,14.232580149867765,long_rentry,70.87824914634147,0.0651564909099779,270.0
1709245680000.0,86308,1709245680000.0,0.0,-0.00710348,1087.8085255763426,1086.0332264300012,2.57,13.82,7.55,14.092138959780328,long_rentry,106.39564914634148,0.097807331570573,52.0
1709249220000.0,86367,1709249220000.0,0.16857630027458992,-0.0035567500000000004,1087.9735451266172,1088.7601696800011,-1.25,14.227,6.3,14.092138959780328,long_nclose,88.78047544661607,0.0816016858537529,59.0
1709249280000.0,86368,1709249280000.0,0.14160409223065554,-0.0029876700000000004,1088.1121615488478,1088.457932010001,-1.05,14.227,5.25,14.092138959780328,long_nclose,73.98372953884672,0.06799274206579616,1.0
1709249340000.0,86369,1709249340000.0,0.11732910499111458,-0.002475498,1088.227015155839,1088.843986512001,-0.87,14.227,4.38,14.092138959780328,long_nclose,61.72356864383784,0.0567193864737853,1.0
1709249460000.0,86371,1709249460000.0,0.09844855936036051,-0.002077142,1088.3233865731993,1088.808329370001,-0.73,14.227,3.65,14.092138959780328,long_nclose,51.4363072031982,0.04726196996019313,2.0
1709249520000.0,86372,1709249520000.0,0.08091662413180316,-0.0017072399999999998,1088.402595957331,1088.752922130001,-0.6,14.227,3.05,14.092138959780328,long_nclose,42.98102382733,0.03949000488144278,1.0
1709249880000.0,86378,1709249880000.0,0.06743052010983597,-0.0014227,1088.4686037774409,1088.891549430001,-0.5,14.227,2.55,14.092138959780328,long_nclose,35.934954347439835,0.03301423139145266,6.0
1709250000000.0,86380,1709250000000.0,0.09274913051203208,-0.0014559479999999999,1088.5598969599528,1088.9329334820009,-0.51,14.274,2.04,14.092138959780328,long_nclose,28.74796347795187,0.026409170095496808,2.0
1709250240000.0,86384,1709250240000.0,0.0727444160878683,-0.00114192,1088.6314994560407,1088.965831562001,-0.4,14.274,1.64,14.092138959780328,long_nclose,23.111107894039737,0.021229505030478837,4.0
1709250360000.0,86386,1709250360000.0,0.05819553287029464,-0.0009135360000000001,1088.688781452911,1088.952598026001,-0.32,14.274,1.32,14.092138959780328,long_nclose,18.601623426910034,0.017086263534455838,2.0
1709250480000.0,86388,1709250480000.0,0.0472838704571144,-0.000742248,1088.735323075368,1088.9344557780007,-0.26,14.274,1.06,14.092138959780328,long_nclose,14.937667297367149,0.013720200842912384,2.0
1709250600000.0,86390,1709250600000.0,0.038190818446130856,-0.000599508,1088.772914385814,1088.9257962700005,-0.21,14.274,0.85,14.092138959780328,long_nclose,11.978318115813279,0.011001667985624302,2.0
1709250660000.0,86391,1709250660000.0,0.03091637683734403,-0.000485316,1088.803345446651,1088.9195309540005,-0.17,14.274,0.68,14.092138959780328,long_nclose,9.582654492650624,0.00880108839922751,1.0
1709250960000.0,86396,1709250960000.0,0.014834714424163913,-0.00031299400000000003,1088.817867167075,1088.8964479600004,-0.11,14.227,0.57,14.092138959780328,long_nclose,8.032519207074786,0.007377284529665259,5.0
1709251140000.0,86399,1709251140000.0,0.012137493619770474,-0.000256086,1088.8297485746948,1088.9040818740002,-0.09,14.227,0.48,14.092138959780328,long_nclose,6.764226700694557,0.006212382339432862,3.0
1709251320000.0,86402,1709251320000.0,0.010788883217573755,-0.00022763200000000002,1088.8403098259125,1088.8898542420004,-0.08,14.227,0.4,14.092138959780328,long_nclose,5.636855583912132,0.005176935068479758,3.0
1709251380000.0,86403,1709251380000.0,0.008091662413180316,-0.000170724,1088.8482307643255,1088.8879635180003,-0.06,14.227,0.34,14.092138959780328,long_nclose,4.791327246325312,0.004400362797083302,1.0
1709251440000.0,86404,1709251440000.0,0.006743052010983597,-0.00014227,1088.8548315463365,1088.8895912480002,-0.05,14.227,0.29,14.092138959780328,long_nclose,4.086720298336295,0.0037532278683399343,1.0
1709251500000.0,86405,1709251500000.0,0.0053944416087868775,-0.00011381600000000001,1088.8601121719453,1088.8995774320001,-0.04,14.227,0.25,14.092138959780328,long_nclose,3.523034739945082,0.003235525574463094,1.0
1709251620000.0,86407,1709251620000.0,0.009093052010983538,-0.00014274,1088.8690624839562,1088.906034692,-0.05,14.274,0.2,14.092138959780328,long_nclose,2.818427791956066,0.002588399183209959,2.0
1709251800000.0,86410,1709251800000.0,0.00727444160878683,-0.00011419200000000001,1088.876222733565,1088.9062805000003,-0.04,14.274,0.16,14.092138959780328,long_nclose,2.2547422335648526,0.0020707057298987057,3.0
1709252160000.0,86416,1709252160000.0,0.005455831206590122,-8.5644e-05,1088.8815929207717,1088.9090048560004,-0.03,14.274,0.13,14.092138959780328,long_nclose,1.8319780647714428,0.0016824401079803537,6.0
1709252220000.0,86417,1709252220000.0,0.006835831206590157,-8.592e-05,1088.8883428319784,1088.9122289360005,-0.03,14.32,0.1,14.092138959780328,long_nclose,1.409213895978033,0.0012941766759234031,1.0
1709252640000.0,86424,1709252640000.0,0.004557220804393438,-5.728e-05,1088.8928427727828,1088.9113916560004,-0.02,14.32,0.08,14.092138959780328,long_nclose,1.1273711167824263,0.001035337062103982,7.0
1709252880000.0,86428,1709252880000.0,0.004557220804393438,-5.728e-05,1088.8973427135872,1088.9093943760004,-0.02,14.32,0.06,14.092138959780328,long_nclose,0.8455283375868197,0.0007764995876284539,4.0
1709253000000.0,86430,1709253000000.0,0.0018186104021967076,-2.8548000000000002e-05,1088.8991327759893,1088.9084258280002,-0.01,14.274,0.05,14.092138959780328,long_nclose,0.7046069479890165,0.0006470819259381022,2.0
1709253720000.0,86442,1709253720000.0,0.0013486104021967194,-2.8454000000000002e-05,1088.9004529323915,1088.9063273740003,-0.01,14.227,0.04,14.092138959780328,long_nclose,0.5636855583912131,0.0005176649131453816,12.0
1709253840000.0,86444,1709253840000.0,0.0018186104021967076,-2.8548000000000002e-05,1088.9022429947936,1088.9076988260001,-0.01,14.274,0.03,14.092138959780328,long_nclose,0.42276416879340983,0.00038824804661131664,2.0
1709253900000.0,86445,1709253900000.0,0.0018186104021967076,-2.8548000000000002e-05,1088.9040330571956,1088.907630278,-0.01,14.274,0.02,14.092138959780328,long_nclose,0.2818427791956066,0.00025883160557713033,1.0
1709253960000.0,86446,1709253960000.0,0.0018186104021967076,-2.8548000000000002e-05,1088.9058231195977,1088.9076217299998,-0.01,14.274,0.01,14.092138959780328,long_nclose,0.1409213895978033,0.00012941559004072428,1.0
1709254020000.0,86447,1709254020000.0,0.0018186104021967076,-2.8548000000000002e-05,1088.9076131819997,1088.9076131819997,-0.01,14.274,0.0,14.092138959780328,long_nclose,0.0,0.0,1.0
1709259240000.0,86534,1709259240000.0,0.0,-0.007108500000000001,1088.9005046819998,1088.8955046819997,2.5,14.217,2.5,14.217,long_ientry_normal,35.542500000000004,0.03264072323153139,87.0
1709262480000.0,86588,1709262480000.0,0.055759999999999685,-0.001176946,1088.9550877359998,1089.2497777359997,-0.41,14.353,2.09,14.217,long_nclose,29.71353,0.027286276848915905,54.0
1709267940000.0,86679,1709267940000.0,0.04623999999999974,-0.000976004,1089.0003517319997,1089.2628517319997,-0.34,14.353,1.75,14.217,long_nclose,24.87975,0.0228464113537062,91.0
1709268360000.0,86686,1709268360000.0,0.039439999999999774,-0.0008324739999999999,1089.0389592579997,1089.2623392579997,-0.29,14.353,1.46,14.217,long_nclose,20.75682,0.019059758903522007,7.0
1709268480000.0,86688,1709268480000.0,0.053069999999999944,-0.0008352,1089.0911940579997,1089.3158340579996,-0.29,14.4,1.17,14.217,long_nclose,16.63389,0.015273183816702646,2.0
1709268960000.0,86696,1709268960000.0,0.0666999999999996,-0.0008379259999999999,1089.1570561319998,1089.3453761319997,-0.29,14.447,0.88,14.217,long_nclose,12.51096,0.01148682821229755,8.0
1709269200000.0,86700,1709269200000.0,0.0505999999999997,-0.000635668,1089.2070204639997,1089.3443004639996,-0.22,14.447,0.66,14.217,long_nclose,9.383220000000001,0.008614725964585476,4.0
1709269500000.0,86705,1709269500000.0,0.023789999999999978,-0.00037440000000000005,1089.2304360639996,1089.3274260639996,-0.13,14.4,0.53,14.217,long_nclose,7.535010000000001,0.006917737285443673,5.0
1709269560000.0,86706,1709269560000.0,0.018299999999999983,-0.00028800000000000006,1089.2484480639996,1089.3271380639997,-0.1,14.4,0.43,14.217,long_nclose,6.11331,0.005612411026029581,1.0
1709269680000.0,86708,1709269680000.0,0.014639999999999986,-0.00023040000000000004,1089.2628576639997,1089.3251576639998,-0.08,14.4,0.35,14.217,long_nclose,4.97595,0.004568181100631001,2.0
1709270040000.0,86714,1709270040000.0,0.01280999999999999,-0.00020160000000000005,1089.2754660639996,1089.3258660639997,-0.07,14.4,0.28,14.217,long_nclose,3.9807600000000005,0.003654502579025418,6.0
1709270100000.0,86715,1709270100000.0,0.009149999999999991,-0.00014400000000000003,1089.2844720639996,1089.3256420639996,-0.05,14.4,0.23,14.217,long_nclose,3.2699100000000003,0.003001888013517814,1.0
1709270160000.0,86716,1709270160000.0,0.007319999999999993,-0.00011520000000000002,1089.2916768639996,1089.3264468639995,-0.04,14.4,0.19,14.217,long_nclose,2.7012300000000002,0.0024798041308611365,1.0
1709270280000.0,86718,1709270280000.0,0.005489999999999995,-8.64e-05,1089.2970804639995,1089.3274804639996,-0.03,14.4,0.16,14.217,long_nclose,2.2747200000000003,0.002088245751132515,2.0
1709270460000.0,86721,1709270460000.0,0.005489999999999995,-8.64e-05,1089.3024840639994,1089.3267940639994,-0.03,14.4,0.13,14.217,long_nclose,1.8482100000000001,0.001696691256137274,3.0
1709271360000.0,86736,1709271360000.0,0.0036599999999999966,-5.760000000000001e-05,1089.3060864639995,1089.3269864639994,-0.02,14.4,0.11,14.217,long_nclose,1.56387,0.0014356570842971091,15.0
1709271660000.0,86741,1709271660000.0,0.0036599999999999966,-5.760000000000001e-05,1089.3096888639996,1089.3266088639996,-0.02,14.4,0.09,14.217,long_nclose,1.27953,0.0011746246389622902,5.0
1709272200000.0,86750,1709272200000.0,0.0018299999999999983,-2.8800000000000005e-05,1089.3114900639994,1089.3256500639993,-0.01,14.4,0.08,14.217,long_nclose,1.1373600000000001,0.001044109063729033,9.0
1709272260000.0,86751,1709272260000.0,0.0018299999999999983,-2.8800000000000005e-05,1089.3132912639992,1089.3265912639993,-0.01,14.4,0.07,14.217,long_nclose,0.9951900000000001,0.0009135939201156888,1.0
1709272500000.0,86755,1709272500000.0,0.0018299999999999983,-2.8800000000000005e-05,1089.315092463999,1089.326372463999,-0.01,14.4,0.06,14.217,long_nclose,0.85302,0.0007830792081201166,4.0
1709272740000.0,86759,1709272740000.0,0.0018299999999999983,-2.8800000000000005e-05,1089.3168936639988,1089.3261936639988,-0.01,14.4,0.05,14.217,long_nclose,0.7108500000000001,0.0006525649277401757,4.0
1709272860000.0,86761,1709272860000.0,0.0018299999999999983,-2.8800000000000005e-05,1089.3186948639986,1089.3260548639987,-0.01,14.4,0.04,14.217,long_nclose,0.5686800000000001,0.0005220510789737247,2.0
1709273040000.0,86764,1709273040000.0,0.0018299999999999983,-2.8800000000000005e-05,1089.3204960639985,1089.3260160639984,-0.01,14.4,0.03,14.217,long_nclose,0.42651,0.00039153766181862254,3.0
1709273340000.0,86769,1709273340000.0,0.0018299999999999983,-2.8800000000000005e-05,1089.3222972639983,1089.3266372639982,-0.01,14.4,0.02,14.217,long_nclose,0.28434000000000004,0.00026102467627272846,5.0
1709273520000.0,86772,1709273520000.0,0.0022999999999999865,-2.8893999999999998e-05,1089.3245683699984,1089.3269383699983,-0.01,14.447,0.01,14.217,long_nclose,0.14217000000000002,0.00013051206603440047,3.0
1709274120000.0,86782,1709274120000.0,0.0022999999999999865,-2.8893999999999998e-05,1089.3268394759984,1089.3268394759984,-0.01,14.447,0.0,14.217,long_nclose,0.0,0.0,10.0
1709302380000.0,87253,1709302380000.0,0.0,-0.00709213,1089.3197473459984,1089.3014273459985,2.29,15.485,2.29,15.485,long_ientry_normal,35.46065,0.03255302227504438,471.0
1709307660000.0,87341,1709307660000.0,0.0,-0.007104990000000001,1089.3126423559984,1088.5395223559983,2.35,15.117,4.64,15.298620689655174,long_rentry,70.9856,0.06516549725014685,88.0
1709314680000.0,87458,1709314680000.0,0.11271206896551661,-0.0023785300000000002,1089.4229758949639,1090.0862138259984,-0.77,15.445,3.87,15.298620689655174,long_nclose,59.20566206896552,0.05434589078711867,117.0
1709314800000.0,87460,1709314800000.0,0.09368275862068913,-0.0019769600000000003,1089.5146816935844,1089.8582868659983,-0.64,15.445,3.23,15.298620689655174,long_nclose,49.41454482758621,0.045354638774370896,2.0
1709316360000.0,87486,1709316360000.0,0.07758103448275819,-0.00163717,1089.5906255580671,1089.9939496959983,-0.53,15.445,2.7,15.298620689655174,long_nclose,41.30627586206897,0.03790990386037205,26.0
1709319120000.0,87532,1709319120000.0,0.06587068965517205,-0.00139005,1089.6551061977223,1090.045209645998,-0.45,15.445,2.25,15.298620689655174,long_nclose,34.42189655172414,0.0315897171095146,46.0
1709319240000.0,87534,1709319240000.0,0.0541603448275859,-0.0011429300000000001,1089.7081236125498,1089.972036715998,-0.37,15.445,1.88,15.298620689655174,long_nclose,28.761406896551726,0.02639367943886042,2.0
1709319300000.0,87535,1709319300000.0,0.045377586206896296,-0.0009575900000000001,1089.7525436087567,1089.968229125998,-0.31,15.445,1.57,15.298620689655174,long_nclose,24.018834482758624,0.022040631722885774,1.0
1709319540000.0,87539,1709319540000.0,0.03805862068965496,-0.00080314,1089.7897990894464,1089.9710759859981,-0.26,15.445,1.31,15.298620689655174,long_nclose,20.04119310344828,0.01838996210112567,4.0
1709319600000.0,87540,1709319600000.0,0.03073965517241362,-0.0006486899999999999,1089.819890054619,1089.9963072959983,-0.21,15.445,1.1,15.298620689655174,long_nclose,16.82848275862069,0.01544152654231452,1.0
1709319780000.0,87543,1709319780000.0,0.026348275862068816,-0.0005560200000000001,1089.8456823104812,1089.9766712759983,-0.18,15.445,0.92,15.298620689655174,long_nclose,14.07473103448276,0.01291442565028493,3.0
1709319840000.0,87544,1709319840000.0,0.021956896551724014,-0.00046335,1089.8671758570329,1089.9806579259985,-0.15,15.445,0.77,15.298620689655174,long_nclose,11.779937931034484,0.010808599609187385,1.0
1709320080000.0,87548,1709320080000.0,0.01756551724137921,-0.00037068,1089.8843706942741,1090.0022672459984,-0.12,15.445,0.65,15.298620689655174,long_nclose,9.944103448275863,0.009123998577887035,4.0
1709320140000.0,87549,1709320140000.0,0.02552931034482734,-0.00040287,1089.909497134619,1089.9741743759982,-0.13,15.495,0.52,15.298620689655174,long_nclose,7.95528275862069,0.007299030588810533,1.0
1709320200000.0,87550,1709320200000.0,0.011710344827586141,-0.00024712000000000003,1089.9209603594466,1089.9726072559984,-0.08,15.445,0.44,15.298620689655174,long_nclose,6.731393103448276,0.006176037848862289,1.0
1709321100000.0,87565,1709321100000.0,0.010246551724137874,-0.00021623,1089.9309906811707,1089.9792310259982,-0.07,15.445,0.37,15.298620689655174,long_nclose,5.660489655172414,0.005193438578744143,15.0
1709322420000.0,87587,1709322420000.0,0.0,-0.0059794800000000006,1089.9250112011707,1089.9605615459982,1.95,15.332,2.32,15.326676575505353,long_ientry_partial,35.55788965517242,0.032624161561340105,22.0
1709324940000.0,87629,1709324940000.0,0.055602901307966274,-0.001175948,1089.9794381544787,1090.2788255979983,-0.38,15.473,1.94,15.326676575505353,long_nclose,29.733752556480383,0.027279186666883098,42.0
1709325240000.0,87634,1709325240000.0,0.07498290130796566,-0.001179824,1090.0532412317866,1090.3329857739982,-0.38,15.524,1.56,15.326676575505353,long_nclose,23.90961545778835,0.02193435563823461,5.0
1709325300000.0,87635,1709325300000.0,0.0611702615933404,-0.000962488,1090.11344900538,1090.3613532859983,-0.31,15.524,1.25,15.326676575505353,long_nclose,19.158345719381693,0.017574634765640012,1.0
1709325480000.0,87638,1709325480000.0,0.049330856123661615,-0.0007762,1090.1620036615036,1090.3723270859982,-0.25,15.524,1.0,15.326676575505353,long_nclose,15.326676575505353,0.014059081608080243,3.0
1709326380000.0,87653,1709326380000.0,0.023411747919143692,-0.0004951360000000001,1090.184920273423,1090.3195919499983,-0.16,15.473,0.84,15.326676575505353,long_nclose,12.874408323424495,0.011809380302376169,15.0
1709326740000.0,87659,1709326740000.0,0.03157174791914343,-0.000496768,1090.215995253342,1090.3909751819983,-0.16,15.524,0.68,15.326676575505353,long_nclose,10.422140071343641,0.009559702037688198,6.0
1709326740000.0,87659,1709326740000.0,0.03973174791914346,-0.0004984,1090.2552286012613,1090.3890367819984,-0.16,15.575,0.52,15.326676575505353,long_nclose,7.969871819262783,0.007310097314999993,0.0
1709326860000.0,87661,1709326860000.0,0.019732342449464646,-0.00031048,1090.2746504637107,1090.3592063019985,-0.1,15.524,0.42,15.326676575505353,long_nclose,6.4372041617122475,0.005904204192011989,2.0
1709326980000.0,87663,1709326980000.0,0.010242639714625367,-0.00021662200000000005,1090.2846764814253,1090.3362396799985,-0.07,15.473,0.35,15.326676575505353,long_nclose,5.364336801426873,0.004920124915209026,2.0
1709327340000.0,87669,1709327340000.0,0.007316171224732404,-0.00015473000000000003,1090.29183792265,1090.3333349499985,-0.05,15.473,0.3,15.326676575505353,long_nclose,4.598002972651606,0.004217222226860152,6.0
1709327400000.0,87670,1709327400000.0,0.007316171224732404,-0.00015473000000000003,1090.2989993638748,1090.3368302199985,-0.05,15.473,0.25,15.326676575505353,long_nclose,3.831669143876338,0.00351432877230181,1.0
1709327640000.0,87674,1709327640000.0,0.005852936979785923,-0.00012378400000000002,1090.3047285168548,1090.3436464359986,-0.04,15.473,0.21,15.326676575505353,long_nclose,3.2186020808561238,0.002952020656862049,4.0
1709327640000.0,87674,1709327640000.0,0.007892936979785858,-0.000124192,1090.3124972618346,1090.3440022439986,-0.04,15.524,0.17,15.326676575505353,long_nclose,2.6055350178359102,0.0023897139805141576,0.0
1709330220000.0,87717,1709330220000.0,0.0029264684898929615,-6.189200000000001e-05,1090.3153618383244,1090.3376103519986,-0.02,15.473,0.15,15.326676575505353,long_nclose,2.299001486325803,0.002108565619445713,43.0
1709330340000.0,87719,1709330340000.0,0.0029264684898929615,-6.189200000000001e-05,1090.3182264148143,1090.3381584599986,-0.02,15.473,0.13,15.326676575505353,long_nclose,1.9924679548156958,0.0018274187356908922,2.0
1709330580000.0,87723,1709330580000.0,0.003946468489892929,-6.2096e-05,1090.3221107873042,1090.3439263639987,-0.02,15.524,0.11,15.326676575505353,long_nclose,1.6859344233055888,0.0015462718829834631,4.0
1709331360000.0,87736,1709331360000.0,0.003946468489892929,-6.2096e-05,1090.325995159794,1090.3440242679985,-0.02,15.524,0.09,15.326676575505353,long_nclose,1.3794008917954816,0.0012651270334917786,13.0
1709331600000.0,87740,1709331600000.0,0.0019732342449464645,-3.1048e-05,1090.327937346039,1090.3440432199986,-0.01,15.524,0.08,15.326676575505353,long_nclose,1.2261341260404282,0.0011245553599451502,4.0
1709331780000.0,87743,1709331780000.0,0.004966468489892933,-6.23e-05,1090.3328415145288,1090.3466609199984,-0.02,15.575,0.06,15.326676575505353,long_nclose,0.9196005945303212,0.0008434127263863283,3.0
1709332260000.0,87751,1709332260000.0,0.0014632342449464807,-3.0946000000000005e-05,1090.3342738027739,1090.3417899739986,-0.01,15.473,0.05,15.326676575505353,long_nclose,0.7663338287752677,0.0007028430153832683,8.0
1709332440000.0,87754,1709332440000.0,0.0019732342449464645,-3.1048e-05,1090.336215989019,1090.3445089259988,-0.01,15.524,0.04,15.326676575505353,long_nclose,0.6130670630202141,0.0005622734107424975,3.0
1709333100000.0,87765,1709333100000.0,0.0014632342449464807,-3.0946000000000005e-05,1090.337648277264,1090.3416179799988,-0.01,15.473,0.03,15.326676575505353,long_nclose,0.4598002972651606,0.0004217045040970989,11.0
1709333280000.0,87768,1709333280000.0,0.0014632342449464807,-3.0946000000000005e-05,1090.339080565509,1090.3420670339988,-0.01,15.473,0.02,15.326676575505353,long_nclose,0.30653353151010704,0.0002811359667591866,3.0
1709333580000.0,87773,1709333580000.0,0.0019732342449464645,-3.1048e-05,1090.341022751754,1090.342915985999,-0.01,15.524,0.01,15.326676575505353,long_nclose,0.15326676575505352,0.00014056773299077173,5.0
1709333760000.0,87776,1709333760000.0,0.0019732342449464645,-3.1048e-05,1090.342964937999,1090.342964937999,-0.01,15.524,0.0,15.326676575505353,long_nclose,0.0,0.0,3.0
1709356680000.0,88158,1709356680000.0,0.0,-0.007119168000000001,1090.3358457699992,1090.3089657699993,2.24,15.891,2.24,15.891,long_ientry_normal,35.59584,0.032646675002106426,382.0
1709357160000.0,88166,1709357160000.0,0.05623999999999972,-0.001187182,1090.3908985879991,1090.675138587999,-0.37,16.043,1.87,15.891,long_nclose,29.71617,0.02725276782709846,8.0
1709357220000.0,88167,1709357220000.0,0.047119999999999766,-0.000994666,1090.437023921999,1090.674143921999,-0.31,16.043,1.56,15.891,long_nclose,24.78996,0.022733967625968347,1.0
1709357280000.0,88168,1709357280000.0,0.039519999999999805,-0.000834236,1090.4757096859992,1090.638209685999,-0.26,16.043,1.3,15.891,long_nclose,20.6583,0.018944300928948273,1.0
1709358000000.0,88180,1709358000000.0,0.03191999999999984,-0.0006738059999999999,1090.5069558799992,1090.6987958799991,-0.21,16.043,1.09,15.891,long_nclose,17.32119,0.015883612577255353,12.0
1709358600000.0,88190,1709358600000.0,0.027359999999999864,-0.000577548,1090.5337383319993,1090.6611383319994,-0.18,16.043,0.91,15.891,long_nclose,14.46081,0.013260305015522214,10.0
1709358660000.0,88191,1709358660000.0,0.022799999999999886,-0.00048129,1090.5560570419993,1090.6616970419993,-0.15,16.043,0.76,15.891,long_nclose,12.077160000000001,0.01107431380717634,1.0
1709359140000.0,88199,1709359140000.0,0.01823999999999991,-0.000385032,1090.5739120099995,1090.6660720099994,-0.12,16.043,0.64,15.891,long_nclose,10.17024,0.00932558526111777,8.0
1709359200000.0,88200,1709359200000.0,0.015199999999999925,-0.00032086,1090.5887911499995,1090.6913911499994,-0.1,16.043,0.54,15.891,long_nclose,8.581140000000001,0.007868355212922552,1.0
1709359680000.0,88208,1709359680000.0,0.013679999999999932,-0.000288774,1090.6021823759995,1090.6863323759994,-0.09,16.043,0.45,15.891,long_nclose,7.15095,0.006556882166163331,8.0
1709359800000.0,88210,1709359800000.0,0.018359999999999897,-0.00028971,1090.6202526659995,1090.6929726659994,-0.09,16.095,0.36,15.891,long_nclose,5.720759999999999,0.005245418821093516,2.0
1709359860000.0,88211,1709359860000.0,0.014279999999999921,-0.00022532999999999999,1090.6343073359997,1090.6989773359996,-0.07,16.095,0.29,15.891,long_nclose,4.60839,0.004225421820130091,1.0
1709359860000.0,88211,1709359860000.0,0.017989999999999978,-0.000226072,1090.6520712639997,1090.7011312639997,-0.07,16.148,0.22,15.891,long_nclose,3.49602,0.0032054402060121014,0.0
1709359860000.0,88211,1709359860000.0,0.021700000000000035,-0.00022681400000000004,1090.6735444499998,1090.7069944499997,-0.07,16.201,0.15,15.891,long_nclose,2.38365,0.002185484384515824,0.0
1709359920000.0,88212,1709359920000.0,0.00770999999999999,-9.6888e-05,1090.681157562,1090.713917562,-0.03,16.148,0.12,15.891,long_nclose,1.90692,0.0017483753036153472,1.0
1709360040000.0,88214,1709360040000.0,0.01240000000000002,-0.00012960800000000002,1090.693427954,1090.718147954,-0.04,16.201,0.08,15.891,long_nclose,1.27128,0.0011655704228316082,2.0
1709360100000.0,88215,1709360100000.0,0.00620000000000001,-6.480400000000001e-05,1090.6995631500001,1090.71984315,-0.02,16.201,0.06,15.891,long_nclose,0.95346,0.0008741728998647026,1.0
1709360160000.0,88216,1709360160000.0,0.010890000000000039,-9.752400000000001e-05,1090.7103556260001,1090.720735626,-0.03,16.254,0.03,15.891,long_nclose,0.47673,0.00043708212500319257,1.0
1709360220000.0,88217,1709360220000.0,0.0036300000000000134,-3.250800000000001e-05,1090.713953118,1090.7211131180002,-0.01,16.254,0.02,15.891,long_nclose,0.31782,0.000291387122252773,1.0
1709360460000.0,88221,1709360460000.0,0.0036300000000000134,-3.250800000000001e-05,1090.71755061,1090.72139061,-0.01,16.254,0.01,15.891,long_nclose,0.15891,0.00014569308058821206,4.0
1709360640000.0,88224,1709360640000.0,0.0036300000000000134,-3.250800000000001e-05,1090.721148102,1090.721148102,-0.01,16.254,0.0,15.891,long_nclose,0.0,0.0,3.0
1709367480000.0,88338,1709367480000.0,0.0,-0.007109686000000001,1090.714038416,1090.745258416,2.23,15.941,2.23,15.941,long_ientry_normal,35.54843,0.03259188820162758,114.0
1709378400000.0,88520,1709378400000.0,0.05623999999999972,-0.001190882,1090.769087534,1091.0146075339999,-0.37,16.093,1.86,15.941,long_nclose,29.650260000000003,0.027182893555438962,182.0
1709378460000.0,88521,1709378460000.0,0.047119999999999766,-0.000997766,1090.815209768,1091.1035097679999,-0.31,16.093,1.55,15.941,long_nclose,24.708550000000002,0.022651453498943364,1.0
1709378460000.0,88521,1709378460000.0,0.06355000000000002,-0.001001052,1090.877758716,1091.108398716,-0.31,16.146,1.24,15.941,long_nclose,19.766840000000002,0.01812012376461524,0.0
1709378640000.0,88524,1709378640000.0,0.049200000000000015,-0.0007750080000000001,1090.926183708,1091.112183708,-0.24,16.146,1.0,15.941,long_nclose,15.941,0.01461235438113456,3.0
1709378700000.0,88525,1709378700000.0,0.041000000000000016,-0.0006458400000000002,1090.966537868,1091.1153378679999,-0.2,16.146,0.8,15.941,long_nclose,12.7528,0.011689451103534221,1.0
1709378760000.0,88526,1709378760000.0,0.03280000000000001,-0.0005166720000000001,1090.9988211959999,1091.128101196,-0.16,16.146,0.64,15.941,long_nclose,10.202240000000002,0.009351284164373218,1.0
1709378820000.0,88527,1709378820000.0,0.024600000000000007,-0.00038750400000000005,1091.023033692,1091.1353536919999,-0.12,16.146,0.52,15.941,long_nclose,8.28932,0.007597749766977063,1.0
1709378940000.0,88529,1709378940000.0,0.03354000000000012,-0.00042117400000000007,1091.0561525179999,1091.1392225179998,-0.13,16.199,0.39,15.941,long_nclose,6.216990000000001,0.00569813935392059,2.0
1709379660000.0,88541,1709379660000.0,0.014350000000000007,-0.00022604400000000006,1091.0702764739997,1091.1384364739997,-0.07,16.146,0.32,15.941,long_nclose,5.101120000000001,0.004675335869734475,12.0
1709379840000.0,88544,1709379840000.0,0.012300000000000004,-0.00019375200000000002,1091.0823827219997,1091.1281427219997,-0.06,16.146,0.26,15.941,long_nclose,4.14466,0.003798668245068742,3.0
1709380440000.0,88554,1709380440000.0,0.00607999999999997,-0.000128744,1091.0883339779998,1091.126833978,-0.04,16.093,0.22,15.941,long_nclose,3.5070200000000002,0.0032142402139098613,10.0
1709380620000.0,88557,1709380620000.0,0.004559999999999977,-9.6558e-05,1091.09279742,1091.12395742,-0.03,16.093,0.19,15.941,long_nclose,3.0287900000000003,0.0027759233744021434,3.0
1709380740000.0,88559,1709380740000.0,0.004559999999999977,-9.6558e-05,1091.097260862,1091.123980862,-0.03,16.093,0.16,15.941,long_nclose,2.5505600000000004,0.0023376101210124756,2.0
1709380860000.0,88561,1709380860000.0,0.003039999999999985,-6.4372e-05,1091.10023649,1091.12949649,-0.02,16.093,0.14,15.941,long_nclose,2.2317400000000003,0.0020454032776854357,2.0
1709380860000.0,88561,1709380860000.0,0.004100000000000001,-6.458400000000002e-05,1091.1042719060001,1091.129351906,-0.02,16.146,0.12,15.941,long_nclose,1.91292,0.0017531963252773335,0.0
1709380920000.0,88562,1709380920000.0,0.007740000000000026,-9.7194e-05,1091.111914712,1091.134954712,-0.03,16.199,0.09,15.941,long_nclose,1.43469,0.0013148880336245688,1.0
1709380980000.0,88563,1709380980000.0,0.005160000000000018,-6.479600000000001e-05,1091.117009916,1091.1357699159998,-0.02,16.199,0.07,15.941,long_nclose,1.1158700000000001,0.0010226859171464167,1.0
1709381220000.0,88567,1709381220000.0,0.006219999999999963,-6.5008e-05,1091.1231649079998,1091.1398649079997,-0.02,16.252,0.05,15.941,long_nclose,0.79705,0.0007304858201477235,4.0
1709381340000.0,88569,1709381340000.0,0.00727999999999998,-6.522e-05,1091.130379688,1091.141239688,-0.02,16.305,0.03,15.941,long_nclose,0.47823,0.0004382885940145357,2.0
1709381400000.0,88570,1709381400000.0,0.00363999999999999,-3.261e-05,1091.1339870779998,1091.1410270779998,-0.01,16.305,0.02,15.941,long_nclose,0.31882000000000005,0.0002921914299945724,1.0
1709381460000.0,88571,1709381460000.0,0.00363999999999999,-3.261e-05,1091.1375944679996,1091.1410044679997,-0.01,16.305,0.01,15.941,long_nclose,0.15941000000000002,0.00014609523199292086,1.0
1709381520000.0,88572,1709381520000.0,0.00363999999999999,-3.261e-05,1091.1412018579995,1091.1412018579995,-0.01,16.305,0.0,15.941,long_nclose,0.0,0.0,1.0
1709388120000.0,88682,1709388120000.0,0.0,-0.007099846,1091.1341020119994,1091.0722220119994,2.21,16.063,2.21,16.063,long_ientry_normal,35.49923,0.03253425031308352,110.0
1709389020000.0,88697,1709389020000.0,0.05508000000000081,-0.001167552,1091.1880144599995,1091.4803144599996,-0.36,16.216,1.85,16.063,long_nclose,29.716549999999998,0.02723320784888381,15.0
1709399400000.0,88870,1709399400000.0,0.04590000000000067,-0.00097296,1091.2329414999997,1091.5010914999998,-0.3,16.216,1.55,16.063,long_nclose,24.89765,0.02281607258462698,173.0
1709399460000.0,88871,1709399460000.0,0.06417000000000023,-0.00100874,1091.2961027599997,1091.4858227599998,-0.31,16.27,1.24,16.063,long_nclose,19.91812,0.018251801641758852,1.0
1709399520000.0,88872,1709399520000.0,0.03060000000000045,-0.0006486400000000001,1091.3260541199998,1091.4914141199997,-0.2,16.216,1.04,16.063,long_nclose,16.70552,0.015307542541418239,1.0
1709399640000.0,88874,1709399640000.0,0.026010000000000384,-0.0005513440000000002,1091.3515127759997,1091.4924527759997,-0.17,16.216,0.87,16.063,long_nclose,13.97481,0.012805049368972959,2.0
1709399880000.0,88878,1709399880000.0,0.021420000000000317,-0.0004540480000000001,1091.3724787279998,1091.4914687279997,-0.14,16.216,0.73,16.063,long_nclose,11.72599,0.010744260303930974,4.0
1709401200000.0,88900,1709401200000.0,0.01836000000000027,-0.00038918400000000005,1091.390449544,1091.481949544,-0.12,16.216,0.61,16.063,long_nclose,9.79843,0.008977932695025816,22.0
1709401380000.0,88903,1709401380000.0,0.015300000000000225,-0.00032432000000000007,1091.405425224,1091.486005224,-0.1,16.216,0.51,16.063,long_nclose,8.192129999999999,0.007506037454705382,3.0
1709403600000.0,88940,1709403600000.0,0.01224000000000018,-0.00025945600000000003,1091.417405768,1091.480615768,-0.08,16.216,0.43,16.063,long_nclose,6.907089999999999,0.006328550345172178,37.0
1709403660000.0,88941,1709403660000.0,0.010710000000000159,-0.00022702400000000004,1091.427888744,1091.4826087440001,-0.07,16.216,0.36,16.063,long_nclose,5.782679999999999,0.005298270329755479,1.0
1709403720000.0,88942,1709403720000.0,0.009180000000000134,-0.00019459200000000002,1091.436874152,1091.483974152,-0.06,16.216,0.3,16.063,long_nclose,4.818899999999999,0.004415188925831446,1.0
1709405160000.0,88966,1709405160000.0,0.0076500000000001124,-0.00016216000000000003,1091.444361992,1091.4838619920001,-0.05,16.216,0.25,16.063,long_nclose,4.01575,0.003679298862903865,24.0
1709405640000.0,88974,1709405640000.0,0.010350000000000038,-0.0001627,1091.4545492920001,1091.4951492920002,-0.05,16.27,0.2,16.063,long_nclose,3.2126,0.0029434116171708066,8.0
1709405760000.0,88976,1709405760000.0,0.00828000000000003,-0.00013016000000000001,1091.4626991320001,1091.499019132,-0.04,16.27,0.16,16.063,long_nclose,2.57008,0.0023547117112145835,2.0
1709406060000.0,88981,1709406060000.0,0.006210000000000022,-9.762e-05,1091.4688115120002,1091.4948115120003,-0.03,16.27,0.13,16.063,long_nclose,2.08819,0.0019131925511524717,5.0
1709406420000.0,88987,1709406420000.0,0.003060000000000045,-6.486400000000001e-05,1091.4718066480002,1091.4907266480002,-0.02,16.216,0.11,16.063,long_nclose,1.76693,0.0016188507932480523,6.0
1709406960000.0,88996,1709406960000.0,0.004140000000000015,-6.508000000000001e-05,1091.4758815680002,1091.4958615680002,-0.02,16.27,0.09,16.063,long_nclose,1.4456699999999998,0.001324509340438351,9.0
1709407260000.0,89001,1709407260000.0,0.0020700000000000076,-3.2540000000000004e-05,1091.4779190280003,1091.4947190280004,-0.01,16.27,0.08,16.063,long_nclose,1.28504,0.0011773394382035448,5.0
1709407500000.0,89005,1709407500000.0,0.005200000000000031,-6.529200000000001e-05,1091.4830537360003,1091.4984137360004,-0.02,16.323,0.06,16.063,long_nclose,0.9637799999999999,0.0008830004246984046,4.0
1709408160000.0,89016,1709408160000.0,0.0020700000000000076,-3.2540000000000004e-05,1091.4850911960004,1091.4955411960004,-0.01,16.27,0.05,16.063,long_nclose,0.80315,0.0007358323136781871,11.0
1709408400000.0,89020,1709408400000.0,0.0026000000000000155,-3.2646000000000006e-05,1091.4876585500006,1091.4980585500005,-0.01,16.323,0.04,16.063,long_nclose,0.64252,0.0005886644663060718,4.0
1709408940000.0,89029,1709408940000.0,0.0026000000000000155,-3.2646000000000006e-05,1091.4902259040007,1091.4982659040006,-0.01,16.323,0.03,16.063,long_nclose,0.48188999999999993,0.0004414973112570807,9.0
1709409900000.0,89045,1709409900000.0,0.0026000000000000155,-3.2646000000000006e-05,1091.4927932580008,1091.4980932580008,-0.01,16.323,0.02,16.063,long_nclose,0.32126,0.00029433084852632866,16.0
1709410260000.0,89051,1709410260000.0,0.0020700000000000076,-3.2540000000000004e-05,1091.494830718001,1091.496960718001,-0.01,16.27,0.01,16.063,long_nclose,0.16063,0.0001471651495539702,6.0
1709410740000.0,89059,1709410740000.0,0.0020700000000000076,-3.2540000000000004e-05,1091.496868178001,1091.496868178001,-0.01,16.27,0.0,16.063,long_nclose,0.0,0.0,8.0
1709432520000.0,89422,1709432520000.0,0.0,-0.007114350000000001,1091.489753828001,1091.455353828001,2.15,16.545,2.15,16.545,long_ientry_normal,35.57175,0.0325900906309428,363.0
1709434980000.0,89463,1709434980000.0,0.05529999999999919,-0.00116921,1091.5438846180011,1091.806684618001,-0.35,16.703,1.8,16.545,long_nclose,29.781000000000002,0.02728337396203014,41.0
1709435040000.0,89464,1709435040000.0,0.04739999999999931,-0.0010021799999999999,1091.5902824380012,1091.824282438001,-0.3,16.703,1.5,16.545,long_nclose,24.817500000000003,0.022735178573202036,1.0
1709435100000.0,89465,1709435100000.0,0.039499999999999424,-0.00083515,1091.6289472880012,1091.7889472880013,-0.25,16.703,1.25,16.545,long_nclose,20.681250000000002,0.018945311088882043,1.0
1709435220000.0,89467,1709435220000.0,0.03159999999999954,-0.0006681200000000001,1091.6598791680012,1091.8394291680013,-0.2,16.703,1.05,16.545,long_nclose,17.37225,0.015913610394145936,2.0
1709435400000.0,89470,1709435400000.0,0.04472999999999946,-0.0007038359999999999,1091.7039053320013,1091.9088653320014,-0.21,16.758,0.84,16.545,long_nclose,13.8978,0.012730374904881832,3.0
1709435880000.0,89478,1709435880000.0,0.03407999999999959,-0.000536256,1091.7374490760012,1091.8992890760012,-0.16,16.758,0.68,16.545,long_nclose,11.250600000000002,0.010305224950854272,8.0
1709435940000.0,89479,1709435940000.0,0.04555999999999952,-0.000571642,1091.7824374340012,1091.9155474340012,-0.17,16.813,0.51,16.545,long_nclose,8.43795,0.007728600232690663,1.0
1709436060000.0,89481,1709436060000.0,0.021299999999999743,-0.00033516,1091.8034022740012,1091.8886822740012,-0.1,16.758,0.41,16.545,long_nclose,6.78345,0.006213069116538265,2.0
1709436120000.0,89482,1709436120000.0,0.017039999999999795,-0.000268128,1091.8201741460011,1091.888814146001,-0.08,16.758,0.33,16.545,long_nclose,5.459850000000001,0.005000686128803749,1.0
1709436180000.0,89483,1709436180000.0,0.012779999999999844,-0.000201096,1091.8327530500012,1091.8997130500013,-0.06,16.758,0.27,16.545,long_nclose,4.467150000000001,0.004091423331569011,1.0
1709436300000.0,89485,1709436300000.0,0.016079999999999827,-0.00020175599999999996,1091.8486312940013,1091.9034412940014,-0.06,16.813,0.21,16.545,long_nclose,3.47445,0.0031821718692656743,2.0
1709436420000.0,89487,1709436420000.0,0.013399999999999856,-0.00016813,1091.8618631640013,1091.9177031640013,-0.05,16.813,0.16,16.545,long_nclose,2.6472,0.0024244825186300898,2.0
1709436420000.0,89487,1709436420000.0,0.01614999999999984,-0.00016868,1091.8778444840013,1091.9162344840013,-0.05,16.868,0.11,16.545,long_nclose,1.8199500000000002,0.001666807334899327,0.0
1709436720000.0,89492,1709436720000.0,0.018849999999999947,-0.00016922,1091.8965252640012,1091.9191452640011,-0.05,16.922,0.06,16.545,long_nclose,0.9927,0.0009091520826664256,5.0
1709436780000.0,89493,1709436780000.0,0.011309999999999966,-0.000101532,1091.9077337320014,1091.9201237320015,-0.03,16.922,0.03,16.545,long_nclose,0.49635,0.0004545713750955303,1.0
1709436780000.0,89493,1709436780000.0,0.012959999999999958,-0.00010186200000000001,1091.9205918700013,1091.9205918700013,-0.03,16.977,0.0,16.545,long_nclose,0.0,0.0,0.0
1709443140000.0,89599,1709443140000.0,0.0,-0.007102424000000001,1091.9134894460012,1091.9134894460012,2.12,16.751,2.12,16.751,long_ientry_normal,35.51212,0.03252283293799916,106.0
1709450580000.0,89723,1709450580000.0,0.0,-0.0071299080000000025,1091.9063595380012,1090.6755995380013,2.18,16.353,4.3,16.549223255813956,long_rentry,71.16166000000001,0.06517194389279807,124.0
1709450760000.0,89726,1709450760000.0,0.0,-0.00710294,1091.899256598001,1085.893536598001,2.21,16.07,6.51,16.386537634408604,long_rentry,106.67636000000002,0.09769798757109559,3.0
1709450760000.0,89726,1709450760000.0,0.0,-0.007122600000000001,1091.892133998001,1085.067413998001,2.25,15.828,8.76,16.243077625570777,long_rentry,142.28936000000002,0.1303144839765468,0.0
1709450760000.0,89726,1709450760000.0,0.0,-0.009082110000000001,1091.883051888001,1084.648021888001,2.91,15.605,11.67,16.083968294772923,long_rentry,187.69991000000002,0.17190477466926848,0.0
1709450760000.0,89726,1709450760000.0,0.0,-0.011908496,1091.8711433920012,1085.0939533920011,3.88,15.346,15.55,15.899832154340837,long_rentry,247.24239000000003,0.22643916500249114,0.0
1709450820000.0,89727,1709450820000.0,0.0,-0.015544121999999999,1091.8555992700012,1083.3284392700011,5.17,15.033,20.72,15.683542471042474,long_rentry,324.963,0.2976245212437117,1.0
1709451000000.0,89730,1709451000000.0,0.5156284749034669,-0.010924770000000002,1092.3603029749047,1097.8600645000013,-3.45,15.833,17.27,15.683542471042474,long_nclose,270.8547784749035,0.24795369965135577,3.0
1709451000000.0,89730,1709451000000.0,0.6950284749034655,-0.010960650000000002,1093.0443707998081,1097.445453850001,-3.45,15.885,13.82,15.683542471042474,long_nclose,216.746556949807,0.1982962107853024,0.0
1709451000000.0,89730,1709451000000.0,0.8744284749034641,-0.010996530000000001,1093.9078027447115,1097.210207320001,-3.45,15.937,10.37,15.683542471042474,long_nclose,162.63833542471045,0.14867645611141678,0.0
1709451000000.0,89730,1709451000000.0,1.053828474903469,-0.011032410000000003,1094.9505988096148,1097.154324910001,-3.45,15.989,6.92,15.683542471042474,long_nclose,108.53011389961392,0.09911873103462694,0.0
1709451180000.0,89733,1709451180000.0,0.1718761583011556,-0.00364159,1095.118833377916,1096.6332133200008,-1.15,15.833,5.77,15.683542471042474,long_nclose,90.49404005791507,0.08263399121608053,3.0
1709451180000.0,89733,1709451180000.0,0.23167615830115515,-0.00365355,1095.346855986217,1096.5594097700007,-1.15,15.885,4.62,15.683542471042474,long_nclose,72.45796621621624,0.06615070451905145,0.0
1709451180000.0,89733,1709451180000.0,0.2914761583011547,-0.00366551,1095.634666634518,1096.5453942600006,-1.15,15.937,3.47,15.683542471042474,long_nclose,54.421892374517384,0.04967156848156891,0.0
1709451240000.0,89734,1709451240000.0,0.35127615830115627,-0.00367747,1095.982265322819,1096.7002067900005,-1.15,15.989,2.32,15.683542471042474,long_nclose,36.38581853281853,0.033199276743863346,1.0
1709451300000.0,89735,1709451300000.0,0.41465073359073107,-0.003721512,1096.3931945444097,1096.7637652780004,-1.16,16.041,1.16,15.683542471042474,long_nclose,18.192909266409266,0.016593416811538187,1.0
1709451360000.0,89736,1709451360000.0,0.0,-0.0034246420000000003,1096.3897699024096,1096.6599906360004,1.07,16.003,2.23,15.836824783143172,long_ientry_partial,35.316119266409274,0.0322112812759579,1.0
1709451360000.0,89736,1709451360000.0,0.11842162577696065,-0.001860756,1096.5063307721866,1096.7062698800005,-0.58,16.041,1.65,15.836824783143172,long_nclose,26.13076089218623,0.023830925694504936,0.0
1709451420000.0,89737,1709451420000.0,0.04081730855134353,-0.0008633520000000001,1096.546284728738,1096.7866465280006,-0.27,15.988,1.38,15.836824783143172,long_nclose,21.854818200737576,0.019930593450639418,1.0
1709451480000.0,89738,1709451480000.0,0.0,-0.00272187,1096.5435628587381,1096.7370946580006,0.85,16.011,2.23,15.903214439792634,long_ientry_partial,35.464168200737575,0.03234177774778131,1.0
1709451480000.0,89738,1709451480000.0,0.03720210125598879,-0.0008662140000000001,1096.5798987459941,1096.7499984440005,-0.27,16.041,1.96,15.903214439792634,long_nclose,31.170300301993564,0.028425015211056396,0.0
1709451540000.0,89739,1709451540000.0,0.04857137926635687,-0.00102752,1096.6274426052605,1096.8681709240007,-0.32,16.055,1.64,15.903214439792634,long_nclose,26.08127168125992,0.023783165246438278,1.0
1709451600000.0,89740,1709451600000.0,0.0,-0.0018939,1096.6255487052606,1097.0067670240007,0.59,16.05,2.23,15.942050081282474,long_ientry_partial,35.55077168125992,0.03241833251398639,1.0
1709451600000.0,89740,1709451600000.0,0.03049647805373191,-0.0008669700000000001,1096.6551782133142,1096.9902400540007,-0.27,16.055,1.96,15.942050081282474,long_nclose,31.24641815931365,0.028492473094615525,0.0
1709451600000.0,89740,1709451600000.0,0.044806478053732134,-0.0008698320000000001,1096.699114859368,1096.9880202220006,-0.27,16.108,1.69,15.942050081282474,long_nclose,26.94206463736738,0.0245665053179351,0.0
1709451660000.0,89741,1709451660000.0,0.0,-0.001707978,1096.697406881368,1096.7576522440006,0.53,16.113,2.22,15.982862449264584,long_ientry_partial,35.48195463736738,0.03235345904415505,1.0
1709451960000.0,89746,1709451960000.0,0.05666089377210376,-0.001194064,1096.75287371114,1096.8863281800004,-0.37,16.136,1.85,15.982862449264584,long_nclose,29.56829553113948,0.026959852342203303,5.0
1709452080000.0,89748,1709452080000.0,0.04594126522062467,-0.00096816,1096.7978468163606,1097.0507100200005,-0.3,16.136,1.55,15.982862449264584,long_nclose,24.773436796360105,0.022587058196976914,2.0
1709452200000.0,89750,1709452200000.0,0.0,-0.0021312720000000005,1096.7957155443605,1097.0132187480003,0.66,16.146,2.21,16.03158226079643,long_ientry_partial,35.42979679636011,0.032303004373768575,2.0
1709452200000.0,89750,1709452200000.0,0.04848949915310634,-0.0010036560000000001,1096.8432013875135,1097.0301950920002,-0.31,16.188,1.9,16.03158226079643,long_nclose,30.460006295513214,0.027770611384545316,0.0
1709452320000.0,89752,1709452320000.0,0.047559499153106304,-0.00100347,1096.8897574166667,1097.0732716220004,-0.31,16.185,1.59,16.03158226079643,long_nclose,25.490215794666327,0.02323863052080954,2.0
1709452380000.0,89753,1709452380000.0,0.039888612192927865,-0.0008416200000000001,1096.9288044088596,1097.1049200020004,-0.26,16.185,1.33,16.03158226079643,long_nclose,21.322004406859254,0.019437910939306392,1.0
1709452440000.0,89754,1709452440000.0,0.0,-0.0028448640000000003,1096.9259595448596,1097.1374351380002,0.88,16.164,2.21,16.084309686361657,long_ientry_partial,35.54632440685926,0.03240539992472078,1.0
1709452500000.0,89755,1709452500000.0,0.055328512909803465,-0.001169136,1096.9801189217694,1097.1885960020004,-0.36,16.238,1.85,16.084309686361657,long_nclose,29.755972919769068,0.027125352963567335,1.0
1709456520000.0,89822,1709456520000.0,0.04610709409150288,-0.0009742799999999999,1097.0252517358608,1097.2836217220004,-0.3,16.238,1.55,16.084309686361657,long_nclose,24.93068001386057,0.02272571207856145,67.0
1709456580000.0,89823,1709456580000.0,0.0,-0.0021126300000000003,1097.0231391058608,1097.2815090920003,0.65,16.251,2.2,16.13355909720935,long_ientry_partial,35.493830013860574,0.03235467762584312,1.0
1709456700000.0,89825,1709456700000.0,0.05559872500463413,-0.001172736,1097.0775650948653,1097.312056356,-0.36,16.288,1.84,16.13355909720935,long_nclose,29.685748738865204,0.02705893337295458,2.0
1709457000000.0,89830,1709457000000.0,0.04633227083719511,-0.00097728,1097.1229200857026,1097.3730790760003,-0.3,16.288,1.54,16.13355909720935,long_nclose,24.8456810097024,0.022646214526045594,5.0
1709457060000.0,89831,1709457060000.0,0.062232270837195354,-0.00098046,1097.18417189654,1097.4054386160003,-0.3,16.341,1.24,16.13355909720935,long_nclose,20.005613280539595,0.018233596321353098,1.0
1709457120000.0,89832,1709457120000.0,0.0,-0.00309757,1097.18107432654,1097.4787810460004,0.95,16.303,2.19,16.20706085869388,long_ientry_partial,35.49346328053959,0.03234968603730776,1.0
1709457120000.0,89832,1709457120000.0,0.03214539391346932,-0.000784368,1097.2124353524534,1097.4775166780005,-0.24,16.341,1.95,16.20706085869388,long_nclose,31.603768674453065,0.028803691660950877,0.0
1709466060000.0,89981,1709466060000.0,0.049580525217958214,-0.001047168,1097.2609687096715,1097.5151495100004,-0.32,16.362,1.63,16.20706085869388,long_nclose,26.41750919967102,0.024075867048052205,149.0
1709466540000.0,89989,1709466540000.0,0.04183356815265225,-0.0008835480000000001,1097.3019187298241,1097.5112759620004,-0.27,16.362,1.36,16.20706085869388,long_nclose,22.041602767823676,0.0200870903363933,8.0
1709466600000.0,89990,1709466600000.0,0.03408661108734627,-0.0007199279999999999,1097.3352854129114,1097.5016560340005,-0.22,16.362,1.14,16.20706085869388,long_nclose,18.47604937891102,0.016837196091765837,1.0
1709467680000.0,90008,1709467680000.0,0.029438436848162688,-0.000621756,1097.3641020937594,1097.516994278,-0.19,16.362,0.95,16.20706085869388,long_nclose,15.396707815759184,0.014030628290448379,18.0
1709467740000.0,90009,1709467740000.0,0.03969843684816308,-0.000623808,1097.4031767226074,1097.55285047,-0.19,16.416,0.76,16.20706085869388,long_nclose,12.317366252607348,0.011224102967692457,1.0
1709467800000.0,90010,1709467800000.0,0.03134087119591822,-0.00049248,1097.4340251138033,1097.56696799,-0.15,16.416,0.61,16.20706085869388,long_nclose,9.886307123803267,0.009008566253245212,1.0
1709468040000.0,90014,1709468040000.0,0.03929087119591834,-0.0004940700000000001,1097.472821914999,1097.5956139199998,-0.15,16.469,0.46,16.20706085869388,long_nclose,7.455247994999184,0.006793104891645877,4.0
1709468340000.0,90019,1709468340000.0,0.01084573989142836,-0.00022906800000000002,1097.4834385868905,1097.550104852,-0.07,16.362,0.39,16.20706085869388,long_nclose,6.320753734890613,0.005759315824418414,5.0
1709468400000.0,90020,1709468400000.0,0.014625739891428503,-0.00022982400000000003,1097.497834502782,1097.5595750280002,-0.07,16.416,0.32,16.20706085869388,long_nclose,5.186259474782041,0.004725530485562788,1.0
1709468580000.0,90023,1709468580000.0,0.012536348478367288,-0.000196992,1097.5101738592605,1097.560338036,-0.06,16.416,0.26,16.20706085869388,long_nclose,4.213835823260409,0.0038394503519206293,3.0
1709468640000.0,90024,1709468640000.0,0.010446957065306073,-0.00016416000000000003,1097.520456656326,1097.570003876,-0.05,16.416,0.21,16.20706085869388,long_nclose,3.4034827803257146,0.0031010654604968976,1.0
1709468820000.0,90027,1709468820000.0,0.013096957065306114,-0.00016469000000000002,1097.5333889233912,1097.5780191860001,-0.05,16.469,0.16,16.20706085869388,long_nclose,2.5931297373910205,0.0023626887013749186,3.0
1709469000000.0,90030,1709469000000.0,0.010477565652244891,-0.000131752,1097.5437347370435,1097.573487434,-0.04,16.469,0.12,16.20706085869388,long_nclose,1.9448473030432654,0.001771999822411837,3.0
1709469060000.0,90031,1709469060000.0,0.007858174239183668,-9.8814e-05,1097.5514940972826,1097.5765986200001,-0.03,16.469,0.09,16.20706085869388,long_nclose,1.458635477282449,0.001328990471177985,1.0
1709469240000.0,90034,1709469240000.0,0.0015493914130611942,-3.2724e-05,1097.5530107646957,1097.5693258960002,-0.01,16.362,0.08,16.20706085869388,long_nclose,1.2965648686955102,0.0011813232308407204,3.0
1709469240000.0,90034,1709469240000.0,0.0020893914130612145,-3.2832e-05,1097.555067324109,1097.5693430640003,-0.01,16.416,0.07,16.20706085869388,long_nclose,1.1344942601085717,0.00103365589015458,0.0
1709469420000.0,90037,1709469420000.0,0.0020893914130612145,-3.2832e-05,1097.557123883522,1097.5701402320005,-0.01,16.416,0.06,16.20706085869388,long_nclose,0.9724236515216327,0.0008859891028549607,3.0
1709470020000.0,90047,1709470020000.0,0.0015493914130611942,-3.2724e-05,1097.5586405509353,1097.5664375080005,-0.01,16.362,0.05,16.20706085869388,long_nclose,0.810353042934694,0.0007383232321217259,10.0
1709470200000.0,90050,1709470200000.0,0.0015493914130611942,-3.2724e-05,1097.5601572183484,1097.5666747840007,-0.01,16.362,0.04,16.20706085869388,long_nclose,0.6482824343477551,0.0005906577694937098,3.0
1709470800000.0,90060,1709470800000.0,0.0015493914130611942,-3.2724e-05,1097.5616738857616,1097.5667120600008,-0.01,16.362,0.03,16.20706085869388,long_nclose,0.48621182576081634,0.00044299271496922105,10.0
1709471340000.0,90069,1709471340000.0,0.0015493914130611942,-3.2724e-05,1097.5631905531748,1097.565909336001,-0.01,16.362,0.02,16.20706085869388,long_nclose,0.32414121717387756,0.0002953280685465677,9.0
1709471580000.0,90073,1709471580000.0,0.0015493914130611942,-3.2724e-05,1097.564707220588,1097.566296612001,-0.01,16.362,0.01,16.20706085869388,long_nclose,0.16207060858693878,0.00014766383022405796,4.0
1709472000000.0,90080,1709472000000.0,0.0,-0.007117062,1097.557590158588,1097.6240095500011,2.19,16.249,2.2,16.248809367539515,long_ientry_partial,35.74738060858694,0.03256993612829167,7.0
1709494260000.0,90451,1709494260000.0,0.05586862768577461,-0.001181088,1097.6122776982738,1097.8812684620011,-0.36,16.404,1.84,16.248809367539515,long_nclose,29.89780923627271,0.027238952992553363,371.0
1709494620000.0,90457,1709494620000.0,0.04655718973814551,-0.00098424,1097.657850648012,1097.8906842220013,-0.3,16.404,1.54,16.248809367539515,long_nclose,25.023166426010853,0.02279687282447641,6.0
1709494680000.0,90458,1709494680000.0,0.03879765811512126,-0.0008202,1097.6958281061272,1097.9102140220014,-0.25,16.404,1.29,16.248809367539515,long_nclose,20.960964084125976,0.01909542110612762,1.0
1709495100000.0,90465,1709495100000.0,0.03259003281670186,-0.000688968,1097.7277291709438,1097.9007350540012,-0.21,16.404,1.08,16.248809367539515,long_nclose,17.548714116942676,0.015986399587624794,7.0
1709495280000.0,90468,1709495280000.0,0.027934313842887304,-0.000590544,1097.7550729407867,1097.8884445100011,-0.18,16.404,0.9,16.248809367539515,long_nclose,14.623928430785563,0.013321667821228445,3.0
1709496000000.0,90480,1709496000000.0,0.023278594869072754,-0.00049212,1097.7778594156557,1097.895002390001,-0.15,16.404,0.75,16.248809367539515,long_nclose,12.186607025654636,0.011101159420487434,12.0
1709498820000.0,90527,1709498820000.0,0.0,-0.004738284000000001,1097.7731211316557,1097.767814106001,1.46,16.227,2.21,16.234401369074497,long_ientry_partial,35.87802702565464,0.03268255191807688,47.0
1709503500000.0,90605,1709503500000.0,0.055655507133180744,-0.001180008,1097.827596630789,1098.0692040980011,-0.36,16.389,1.85,16.234401369074497,long_nclose,30.033642532787823,0.027357339736184875,78.0
1709503620000.0,90607,1709503620000.0,0.046379589277650624,-0.0009833399999999999,1097.8729928800667,1098.1281207580012,-0.3,16.389,1.55,16.234401369074497,long_nclose,25.163322122065473,0.022920066606296738,2.0
1709503800000.0,90610,1709503800000.0,0.06466557558690628,-0.0010194660000000001,1097.9366389896538,1098.2300212920015,-0.31,16.443,1.24,16.234401369074497,long_nclose,20.130657697652378,0.018334990365361216,3.0
1709504040000.0,90614,1709504040000.0,0.05006367142212099,-0.000789264,1097.9859133970758,1098.1925120280014,-0.24,16.443,1.0,16.234401369074497,long_nclose,16.234401369074497,0.014785618987448235,4.0
1709504100000.0,90615,1709504100000.0,0.04171972618510083,-0.0006577200000000002,1098.026975403261,1098.2034543080015,-0.2,16.443,0.8,16.234401369074497,long_nclose,12.987521095259599,0.011828052849512013,1.0
1709504280000.0,90618,1709504280000.0,0.03337578094808066,-0.000526176,1098.0598250082091,1098.1939681320014,-0.16,16.443,0.64,16.234401369074497,long_nclose,10.390016876207678,0.00946215920077943,3.0
1709504400000.0,90620,1709504400000.0,0.04201578094808042,-0.000527904,1098.1013128851573,1098.2283202280016,-0.16,16.497,0.48,16.234401369074497,long_nclose,7.792512657155759,0.007096351279903007,2.0
1709504760000.0,90626,1709504760000.0,0.03151183571106031,-0.000395928,1098.1324287928685,1098.2291243000018,-0.12,16.497,0.36,16.234401369074497,long_nclose,5.844384492866819,0.005322112652015303,6.0
1709505120000.0,90632,1709505120000.0,0.03799183571106013,-0.00039722399999999995,1098.1700234045795,1098.2452870760017,-0.12,16.551,0.24,16.234401369074497,long_nclose,3.8962563285778793,0.003547953636995653,6.0
1709505180000.0,90633,1709505180000.0,0.02532789047404009,-0.000264816,1098.1950864790535,1098.2452622600017,-0.08,16.551,0.16,16.234401369074497,long_nclose,2.5975042190519195,0.0023652484435892286,1.0
1709505240000.0,90634,1709505240000.0,0.015829931546275055,-0.00016551,1098.2107509005998,1098.2448067500015,-0.05,16.551,0.11,16.234401369074497,long_nclose,1.7857841505981946,0.0016260851108348218,1.0
1709505300000.0,90635,1709505300000.0,0.009497958927765032,-9.930599999999999e-05,1098.2201495535276,1098.2457974440017,-0.03,16.551,0.08,16.234401369074497,long_nclose,1.2987521095259598,0.0011825972324892753,1.0
1709505360000.0,90636,1709505360000.0,0.014823945237020127,-0.00013284,1098.2348406587644,1098.2492246040015,-0.04,16.605,0.04,16.234401369074497,long_nclose,0.6493760547629799,0.0005912907064334788,1.0
1709505780000.0,90643,1709505780000.0,0.0031659863092550113,-3.3102e-05,1098.2379735430736,1098.2473515020015,-0.01,16.551,0.03,16.234401369074497,long_nclose,0.4870320410722349,0.00044346676476774837,7.0
1709505840000.0,90644,1709505840000.0,0.0031659863092550113,-3.3102e-05,1098.2411064273829,1098.2475384000013,-0.01,16.551,0.02,16.234401369074497,long_nclose,0.32468802738148994,0.00029564366647840345,1.0
1709506380000.0,90653,1709506380000.0,0.0020859863092550415,-3.2886e-05,1098.2431595276921,1098.2456655140013,-0.01,16.443,0.01,16.234401369074497,long_nclose,0.16234401369074497,0.00014782155689507071,9.0
1709506740000.0,90659,1709506740000.0,0.0020859863092550415,-3.2886e-05,1098.2452126280014,1098.2452126280014,-0.01,16.443,0.0,16.234401369074497,long_nclose,0.0,0.0,6.0
1709509080000.0,90698,1709509080000.0,0.0,-0.0071640800000000015,1098.2380485480014,1098.2468485480015,2.2,16.282,2.2,16.282,long_ientry_normal,35.82040000000001,0.032616243852923096,39.0
1709510400000.0,90720,1709510400000.0,0.055800000000000405,-0.0011834640000000002,1098.2926650840016,1098.5981050840016,-0.36,16.437,1.84,16.282,long_nclose,29.95888,0.027277683765382,22.0
1709512140000.0,90749,1709512140000.0,0.04650000000000034,-0.0009862200000000001,1098.3381788640015,1098.5830388640015,-0.3,16.437,1.54,16.282,long_nclose,25.07428,0.022829289268569395,29.0
1709512380000.0,90753,1709512380000.0,0.038750000000000284,-0.0008218500000000001,1098.3761070140015,1098.5979870140015,-0.25,16.437,1.29,16.282,long_nclose,21.00378,0.019122575469253406,4.0
1709512740000.0,90759,1709512740000.0,0.03255000000000024,-0.0006903540000000001,1098.4079666600014,1098.5386466600014,-0.21,16.437,1.08,16.282,long_nclose,17.58456,0.01600913370418323,6.0
1709512860000.0,90761,1709512860000.0,0.027900000000000202,-0.0005917320000000001,1098.4352749280015,1098.5702749280015,-0.18,16.437,0.9,16.282,long_nclose,14.6538,0.01334061308342497,2.0
1709512980000.0,90763,1709512980000.0,0.02325000000000017,-0.0004931100000000001,1098.4580318180015,1098.5817818180014,-0.15,16.437,0.75,16.282,long_nclose,12.211500000000001,0.011116947253587263,2.0
1709513100000.0,90765,1709513100000.0,0.018600000000000137,-0.000394488,1098.4762373300016,1098.5190773300017,-0.12,16.437,0.63,16.282,long_nclose,10.25766,0.009338080926477445,2.0
1709513220000.0,90767,1709513220000.0,0.0,-0.005112862000000001,1098.4711244680016,1098.3969544680015,1.57,16.283,2.2,16.28271363636364,long_ientry_partial,35.82197000000001,0.0326107525287466,2.0
1709535120000.0,91132,1709535120000.0,0.05590309090908974,-0.0011835359999999998,1098.5258440229106,1098.8962109320016,-0.36,16.438,1.84,16.28271363636364,long_nclose,29.960193090909097,0.02727308898003883,365.0
1709535120000.0,91132,1709535120000.0,0.07534309090909047,-0.001187424,1098.59999968982,1098.8979035080017,-0.36,16.492,1.48,16.28271363636364,long_nclose,24.098416181818184,0.021935569077573422,0.0
1709535180000.0,91133,1709535180000.0,0.060693045454545104,-0.000956536,1098.6597361992744,1098.9897069720016,-0.29,16.492,1.19,16.28271363636364,long_nclose,19.37642922727273,0.017636424262077663,1.0
1709535180000.0,91133,1709535180000.0,0.07635304545454466,-0.000959668,1098.7351295767292,1098.984687304002,-0.29,16.546,0.9,16.28271363636364,long_nclose,14.654442272727275,0.013337556867206635,0.0
1709535180000.0,91133,1709535180000.0,0.09201304545454526,-0.0009628000000000001,1098.8261798221836,1098.9953245040017,-0.29,16.6,0.61,16.28271363636364,long_nclose,9.93245531818182,0.009039150595946966,0.0
1709535240000.0,91134,1709535240000.0,0.0634572727272726,-0.0006640000000000001,1098.8889730949109,1099.0346405040018,-0.2,16.6,0.41,16.28271363636364,long_nclose,6.675912590909092,0.006075147493842851,1.0
1709535240000.0,91134,1709535240000.0,0.0742572727272723,-0.0006661600000000001,1098.962564207638,1099.0371743440016,-0.2,16.654,0.21,16.28271363636364,long_nclose,3.419369863636364,0.003111452541699417,0.0
1709535300000.0,91135,1709535300000.0,0.03712863636363615,-0.00033308000000000003,1098.9993597640016,1099.0369012640017,-0.1,16.654,0.11,16.28271363636364,long_nclose,1.7910985000000001,0.001629753906667079,1.0
1709535420000.0,91137,1709535420000.0,0.018564318181818074,-0.00016654000000000001,1099.0177575421835,1099.0423747240018,-0.05,16.654,0.06,16.28271363636364,long_nclose,0.9769628181818183,0.000888941795050404,2.0
1709535420000.0,91137,1709535420000.0,0.025517181818181595,-0.00020049599999999999,1099.0430742280018,1099.0430742280018,-0.06,16.708,0.0,16.28271363636364,long_nclose,0.0,0.0,0.0
1709568780000.0,91693,1709568780000.0,0.0,-0.007163243999999999,1099.035910984002,1098.928990984002,1.98,18.089,1.98,18.089,long_ientry_normal,35.816219999999994,0.032588762243385284,556.0
1709574360000.0,91786,1709574360000.0,0.0,-0.007169554,1099.028741430002,1098.161301430002,2.03,17.659,4.01,17.87131920199501,long_rentry,71.66398999999998,0.06520665684025183,93.0
1709579820000.0,91877,1709579820000.0,0.11264932668329401,-0.002381544,1099.1390092126853,1099.670589886002,-0.66,18.042,3.35,17.87131920199501,long_nclose,59.86891932668329,0.054468924153249255,91.0
1709579880000.0,91878,1709579880000.0,0.09387443890274501,-0.0019846200000000003,1099.230899031588,1099.638805266002,-0.55,18.042,2.8,17.87131920199501,long_nclose,50.03969376558603,0.04552245921186397,1.0
1709579940000.0,91879,1709579940000.0,0.07851316708229583,-0.0016598640000000005,1099.3077523346703,1099.650985402002,-0.46,18.042,2.34,17.87131920199501,long_nclose,41.81888693266832,0.03804110982011622,1.0
1709580120000.0,91882,1709580120000.0,0.06656551122194646,-0.0014072760000000003,1099.3729105698924,1099.7232881260022,-0.39,18.042,1.95,17.87131920199501,long_nclose,34.84907244389027,0.03169904598233663,3.0
1709580300000.0,91885,1709580300000.0,0.05461785536159709,-0.0011546880000000003,1099.426373737254,1099.6882834380021,-0.32,18.042,1.63,17.87131920199501,long_nclose,29.130250299251866,0.02649586274725255,3.0
1709580360000.0,91886,1709580360000.0,0.04608381546134755,-0.0009742680000000002,1099.4714832847153,1099.703609170002,-0.27,18.042,1.36,17.87131920199501,long_nclose,24.304994114713217,0.022106070493161923,1.0
1709580420000.0,91887,1709580420000.0,0.037549775561098,-0.0007938480000000001,1099.5082392122763,1099.685715322002,-0.22,18.042,1.14,17.87131920199501,long_nclose,20.37330389027431,0.018529469051428313,1.0
1709581020000.0,91897,1709581020000.0,0.032429351620948274,-0.0006855960000000001,1099.5399829678972,1099.692629726002,-0.19,18.042,0.95,17.87131920199501,long_nclose,16.97775324189526,0.015440778420870716,10.0
1709582700000.0,91925,1709582700000.0,0.0,-0.003789288,1099.5361936798972,1099.572910438002,1.06,17.874,2.01,17.872732956166796,long_ientry_partial,35.92419324189526,0.0326721334398872,28.0
1709587860000.0,92011,1709587860000.0,0.056188124464956926,-0.001190838,1099.5911909663623,1099.984759600002,-0.33,18.043,1.68,17.872732956166796,long_nclose,30.026191366360216,0.027306685987518748,86.0
1709587860000.0,92011,1709587860000.0,0.07598812446495767,-0.0011947980000000002,1099.6659842928273,1099.982244802002,-0.33,18.103,1.35,17.872732956166796,long_nclose,24.128189490825175,0.02194138023314554,0.0
1709587980000.0,92013,1709587980000.0,0.03745874964330462,-0.000793892,1099.7026491504705,1099.792220910002,-0.22,18.043,1.13,17.872732956166796,long_nclose,20.196188240468476,0.01836513557193865,2.0
1709588340000.0,92019,1709588340000.0,0.0306480678899765,-0.000649548,1099.7326476703606,1099.8896513620023,-0.18,18.043,0.95,17.872732956166796,long_nclose,16.979096308358457,0.0154392945815753,6.0
1709588400000.0,92020,1709588400000.0,0.02554005657498042,-0.0005412899999999999,1099.7576464369356,1100.058660072002,-0.15,18.043,0.8,17.872732956166796,long_nclose,14.298186364933438,0.013001215687163082,1.0
1709588400000.0,92020,1709588400000.0,0.03454005657498076,-0.0005430900000000001,1099.7916434035105,1100.036216982002,-0.15,18.103,0.65,17.872732956166796,long_nclose,11.617276421508418,0.010563161205295749,0.0
1709588400000.0,92020,1709588400000.0,0.043390056574980386,-0.00054486,1099.8344886000855,1100.022622122002,-0.15,18.162,0.5,17.872732956166796,long_nclose,8.936366478083398,0.008125192081817667,0.0
1709588400000.0,92020,1709588400000.0,0.05224005657498054,-0.00054663,1099.8861820266604,1100.017875492002,-0.15,18.221,0.35,17.872732956166796,long_nclose,6.255456534658379,0.0056873671447822145,0.0
1709588640000.0,92024,1709588640000.0,0.0383093748216524,-0.000400862,1099.924090539482,1100.015114630002,-0.11,18.221,0.24,17.872732956166796,long_nclose,4.289455909480031,0.003899774490234297,4.0
1709588700000.0,92025,1709588700000.0,0.04887204525998456,-0.00043872000000000003,1099.972523864742,1100.021275910002,-0.12,18.28,0.12,17.872732956166796,long_nclose,2.1447279547400155,0.0019498013888606383,1.0
1709588760000.0,92026,1709588760000.0,0.02443602262999228,-0.00021936000000000001,1099.996740527372,1100.026096550002,-0.06,18.28,0.06,17.872732956166796,long_nclose,1.0723639773700078,0.0009748792317837995,1.0
1709588760000.0,92026,1709588760000.0,0.0280360226299922,-0.00022008000000000002,1100.024556470002,1100.024556470002,-0.06,18.34,0.0,17.872732956166796,long_nclose,0.0,0.0,0.0
1709594340000.0,92119,1709594340000.0,0.0,-0.007166400000000001,1100.017390070002,1100.0313900700019,2.0,17.916,2.0,17.916,long_ientry_normal,35.832,0.03257403048666326,93.0
1709594940000.0,92129,1709594940000.0,0.0564299999999998,-0.0011937420000000002,1100.0726263280021,1100.364876328002,-0.33,18.087,1.67,17.916,long_nclose,29.919719999999998,0.027197949738892068,10.0
1709595660000.0,92141,1709595660000.0,0.046169999999999836,-0.000976698,1100.1178196300023,1100.4692196300023,-0.27,18.087,1.4,17.916,long_nclose,25.0824,0.022799739766451426,12.0
1709595660000.0,92141,1709595660000.0,0.06210000000000012,-0.000979884,1100.1789397460025,1100.4625697460024,-0.27,18.146,1.13,17.916,long_nclose,20.245079999999998,0.018401624743583953,0.0
1709595720000.0,92142,1709595720000.0,0.08119999999999977,-0.0010195360000000001,1100.2591202100025,1100.5124202100026,-0.28,18.206,0.85,17.916,long_nclose,15.2286,0.013840921397764348,1.0
1709595720000.0,92142,1709595720000.0,0.09772000000000007,-0.0010228400000000001,1100.3558173700026,1100.5256773700025,-0.28,18.265,0.57,17.916,long_nclose,10.212119999999999,0.009280743409353105,0.0
1709595840000.0,92144,1709595840000.0,0.025300000000000048,-0.000399212,1100.3807181580025,1100.4892781580024,-0.11,18.146,0.46,17.916,long_nclose,8.24136,0.007489553264615304,2.0
1709595960000.0,92146,1709595960000.0,0.020700000000000038,-0.00032662800000000003,1100.4010915300025,1100.4972915300025,-0.09,18.146,0.37,17.916,long_nclose,6.62892,0.006024094351617846,2.0
1709596020000.0,92147,1709596020000.0,0.026099999999999922,-0.000327708,1100.4268638220026,1100.5150638220025,-0.09,18.206,0.28,17.916,long_nclose,5.0164800000000005,0.004558667336216023,1.0
1709596140000.0,92149,1709596140000.0,0.020299999999999943,-0.00025488400000000004,1100.4469089380025,1100.5103289380024,-0.07,18.206,0.21,17.916,long_nclose,3.76236,0.003418938223590363,2.0
1709596560000.0,92156,1709596560000.0,0.009200000000000017,-0.00014516800000000002,1100.4559637700024,1100.4955737700025,-0.04,18.146,0.17,17.916,long_nclose,3.04572,0.0027676891218489158,7.0
1709596680000.0,92158,1709596680000.0,0.006900000000000013,-0.000108876,1100.4627548940025,1100.4957948940025,-0.03,18.146,0.14,17.916,long_nclose,2.5082400000000002,0.0022792593287190317,2.0
1709596860000.0,92161,1709596860000.0,0.0,-0.006670332000000001,1100.4560845620024,1100.4701845620025,1.86,17.931,2.0,17.92995,long_ientry_partial,35.8599,0.032586398042655895,3.0
1709597220000.0,92167,1709597220000.0,0.05644649999999917,-0.001194666,1100.5113363960024,1100.7769498960024,-0.33,18.101,1.67,17.92995,long_nclose,29.943016500000002,0.02720827628914625,6.0
1709597280000.0,92168,1709597280000.0,0.04618349999999932,-0.000977454,1100.5565424420026,1100.8688124420025,-0.27,18.101,1.4,17.92995,long_nclose,25.10193,0.022808396508462742,1.0
1709597340000.0,92169,1709597340000.0,0.06469399999999993,-0.0010170160000000001,1100.6202194260024,1100.8946754260026,-0.28,18.161,1.12,17.92995,long_nclose,20.081544000000005,0.018245661532979077,1.0
1709597340000.0,92169,1709597340000.0,0.08121399999999925,-0.0010203200000000001,1100.7004131060025,1100.9062551060026,-0.28,18.22,0.84,17.92995,long_nclose,15.061158,0.01368324915723416,0.0
1709597460000.0,92171,1709597460000.0,0.02394699999999965,-0.0005068280000000001,1100.7238532780025,1100.8582882780024,-0.14,18.101,0.7,17.92995,long_nclose,12.550965,0.011402464807701488,2.0
1709597640000.0,92174,1709597640000.0,0.0,-0.004661280000000001,1100.7191919980025,1100.7938269980025,1.3,17.928,2.0,17.9286825,long_ientry_partial,35.857365,0.03257630580140286,3.0
1709597700000.0,92175,1709597700000.0,0.056534775000000224,-0.0011946000000000003,1100.7745321730026,1101.0940323980026,-0.33,18.1,1.67,17.9286825,long_nclose,29.940899775,0.027199847834319585,1.0
1709597760000.0,92176,1709597760000.0,0.0760047749999994,-0.001198494,1100.8493384540027,1101.4835839040027,-0.33,18.159,1.34,17.9286825,long_nclose,24.024434550000002,0.021823544522213315,1.0
1709597760000.0,92176,1709597760000.0,0.09580477500000015,-0.0012024540000000002,1100.9439407750028,1101.421991450003,-0.33,18.219,1.01,17.9286825,long_nclose,18.107969325000003,0.016447676084445324,0.0
1709597760000.0,92176,1709597760000.0,0.11527477499999933,-0.001206348,1101.0580092020027,1101.3798651020027,-0.33,18.278,0.68,17.9286825,long_nclose,12.191504100000001,0.01107253568668544,0.0
1709597760000.0,92176,1709597760000.0,0.1350747750000001,-0.0012103080000000002,1101.1918736690027,1101.3575347940027,-0.33,18.338,0.35,17.9286825,long_nclose,6.275038875,0.005698406449452384,0.0
1709597760000.0,92176,1709597760000.0,0.16391112499999919,-0.0012877899999999998,1101.3544970040025,1101.3544970040025,-0.35,18.397,0.0,17.9286825,long_nclose,0.0,0.0,0.0
1709598780000.0,92193,1709598780000.0,0.0,-0.0071832,1101.3473138040024,1101.3533138040025,2.0,17.958,2.0,17.958,long_ientry_normal,35.916,0.03261096617737034,17.0
1709599080000.0,92198,1709599080000.0,0.056430000000000965,-0.0011965140000000003,1101.4025472900025,1101.8150372900025,-0.33,18.129,1.67,17.958,long_nclose,29.989859999999997,0.027228791211523846,5.0
1709599080000.0,92198,1709599080000.0,0.07623000000000055,-0.001200474,1101.4775768160025,1101.8085568160025,-0.33,18.189,1.34,17.958,long_nclose,24.06372,0.021846763389918512,0.0
1709599080000.0,92198,1709599080000.0,0.09603000000000013,-0.001204434,1101.5724023820023,1101.8218723820023,-0.33,18.249,1.01,17.958,long_nclose,18.13758,0.01646517283909793,0.0
1709599080000.0,92198,1709599080000.0,0.11550000000000048,-0.001208328,1101.6866940540024,1101.8546540540024,-0.33,18.308,0.68,17.958,long_nclose,12.21144,0.011084312868538122,0.0
1709599140000.0,92199,1709599140000.0,0.04947000000000007,-0.000620466,1101.7355435880022,1101.9278135880022,-0.17,18.249,0.51,17.958,long_nclose,9.158579999999999,0.008312866053293894,1.0
1709599140000.0,92199,1709599140000.0,0.05950000000000025,-0.0006224720000000001,1101.7944211160022,1101.9226011160022,-0.17,18.308,0.34,17.958,long_nclose,6.10572,0.005541614554388055,0.0
1709599200000.0,92200,1709599200000.0,0.06970000000000003,-0.000624512,1101.8634966040022,1101.9372766040021,-0.17,18.368,0.17,17.958,long_nclose,3.05286,0.0027706335761272295,1.0
1709599320000.0,92202,1709599320000.0,0.0797300000000002,-0.0006265180000000001,1101.9426000860021,1101.9426000860021,-0.17,18.427,0.0,17.958,long_nclose,0.0,0.0,2.0
1709604180000.0,92283,1709604180000.0,0.0,-0.0071910640000000005,1101.9354090220022,1101.9334190220022,1.99,18.068,1.99,18.068,long_ientry_normal,35.95532,0.03262924460510016,81.0
1709605380000.0,92303,1709605380000.0,0.056759999999999027,-0.00120384,1101.9909651820021,1102.4358451820021,-0.33,18.24,1.66,18.068,long_nclose,29.99288,0.027216992650249586,20.0
1709605380000.0,92303,1709605380000.0,0.07655999999999978,-0.0012078000000000002,1102.0663173820021,1102.4227573820021,-0.33,18.3,1.33,18.068,long_nclose,24.030440000000002,0.02180489469734015,0.0
1709605380000.0,92303,1709605380000.0,0.09635999999999936,-0.00121176,1102.1614656220022,1102.4294656220022,-0.33,18.36,1.0,18.068,long_nclose,18.068,0.016393242336596635,0.0
1709605440000.0,92304,1709605440000.0,0.07299999999999951,-0.000918,1102.2335476220023,1102.4675476220023,-0.25,18.36,0.75,18.068,long_nclose,13.551000000000002,0.012294127709354709,1.0
1709605440000.0,92304,1709605440000.0,0.08800000000000008,-0.0009210000000000002,1102.3206266220022,1102.4766266220022,-0.25,18.42,0.5,18.068,long_nclose,9.034,0.008195437681034937,0.0
1709605440000.0,92304,1709605440000.0,0.10299999999999976,-0.000924,1102.4227026220024,1102.5007026220023,-0.25,18.48,0.25,18.068,long_nclose,4.517,0.00409733942276113,0.0
1709605500000.0,92305,1709605500000.0,0.028160000000000025,-0.00029472000000000005,1102.4505679020024,1102.5364179020023,-0.08,18.42,0.17,18.068,long_nclose,3.0715600000000003,0.00278612038437721,1.0
1709605500000.0,92305,1709605500000.0,0.03295999999999992,-0.00029568000000000004,1102.4832322220025,1102.5286822220025,-0.08,18.48,0.09,18.068,long_nclose,1.62612,0.0014749612080018964,0.0
1709605500000.0,92305,1709605500000.0,0.042479999999999796,-0.00033371999999999997,1102.5253785020025,1102.5253785020025,-0.09,18.54,0.0,18.068,long_nclose,0.0,0.0,0.0
1709609820000.0,92377,1709609820000.0,0.0,-0.007173558,1102.5182049440025,1102.4807749440024,1.97,18.207,1.97,18.207,long_ientry_normal,35.86779,0.032532605665066314,72.0
1709610240000.0,92384,1709610240000.0,0.05567999999999984,-0.0011763840000000002,1102.5727085600024,1102.6750085600024,-0.32,18.381,1.65,18.207,long_nclose,30.04155,0.027246774536289122,7.0
1709611380000.0,92403,1709611380000.0,0.04697999999999986,-0.0009925740000000002,1102.6186959860024,1102.7787759860025,-0.27,18.381,1.38,18.207,long_nclose,25.12566,0.0227872609919168,19.0
1709611500000.0,92405,1709611500000.0,0.04001999999999988,-0.0008455260000000001,1102.6578704600024,1102.8464704600024,-0.23,18.381,1.15,18.207,long_nclose,20.93805,0.018988709518089366,2.0
1709611560000.0,92406,1709611560000.0,0.0330599999999999,-0.000698478,1102.6902319820024,1102.8899119820023,-0.19,18.381,0.96,18.207,long_nclose,17.47872,0.015850979262402025,1.0
1709611740000.0,92409,1709611740000.0,0.02783999999999992,-0.0005881920000000001,1102.7174837900025,1102.7518837900025,-0.16,18.381,0.8,18.207,long_nclose,14.565600000000002,0.01320882294342385,3.0
1709611800000.0,92410,1709611800000.0,0.0,-0.004259969999999999,1102.7132238200024,1102.5362938200024,1.17,18.205,1.97,18.205812182741116,long_ientry_partial,35.865449999999996,0.032524730115918485,1.0
1709613900000.0,92445,1709613900000.0,0.0,-0.0071802920000000004,1102.7060435280025,1101.8653735280025,2.02,17.773,3.99,17.98669423558897,long_rentry,71.76691,0.06508253983118532,35.0
1709614140000.0,92449,1709614140000.0,0.0,-0.007195992000000002,1102.6988475360024,1100.6938775360024,2.06,17.466,6.05,17.8094,long_rentry,107.74687,0.09771196391540814,4.0
1709614980000.0,92463,1709614980000.0,0.0,-0.007190436,1102.6916571000024,1098.7319871000025,2.09,17.202,8.14,17.653445945945947,long_rentry,143.69905000000003,0.13031662031244337,14.0
1709615760000.0,92476,1709615760000.0,0.2275479729729705,-0.00481194,1102.9143931329754,1104.6631851600025,-1.35,17.822,6.79,17.653445945945947,long_nclose,119.86689797297298,0.10868196001366441,13.0
1709615760000.0,92476,1709615760000.0,0.3071979729729719,-0.004827870000000001,1103.2167632359483,1104.6178572900023,-1.35,17.881,5.44,17.653445945945947,long_nclose,96.03474594594596,0.08704975227557045,0.0
1709615820000.0,92477,1709615820000.0,0.3883535135135122,-0.004879408,1103.6002373414617,1104.9856178820023,-1.36,17.939,4.08,17.653445945945947,long_nclose,72.02605945945946,0.06526462846090716,1.0
1709615820000.0,92477,1709615820000.0,0.4685935135135137,-0.004895456000000001,1104.0639353989752,1104.9875224260022,-1.36,17.998,2.72,17.653445945945947,long_nclose,48.01737297297298,0.04349147855791608,0.0
1709615880000.0,92478,1709615880000.0,0.3100986486486487,-0.0032396400000000002,1104.3707944076239,1104.9341827860023,-0.9,17.998,1.82,17.653445945945947,long_nclose,32.129271621621626,0.029092829857797466,1.0
1709616000000.0,92480,1709616000000.0,0.1284993243243239,-0.00161451,1104.4976792219481,1104.8642282760022,-0.45,17.939,1.37,17.653445945945947,long_nclose,24.18522094594595,0.021897031927656904,2.0
1709616060000.0,92481,1709616060000.0,0.0,-0.002293888,1104.4953853339482,1104.9704743880022,0.64,17.921,2.01,17.738637286540275,long_ientry_partial,35.65466094594595,0.03228140327192552,1.0
1709616060000.0,92481,1709616060000.0,0.06812332257630659,-0.001219852,1104.5622888045245,1104.9570145360024,-0.34,17.939,1.67,17.738637286540275,long_nclose,29.623524268522257,0.026819242851921013,0.0
1709616180000.0,92483,1709616180000.0,0.0753596954417089,-0.001185822,1104.6364626779662,1104.9518487140022,-0.33,17.967,1.34,17.738637286540275,long_nclose,23.76977396396397,0.021518186993700165,2.0
1709616240000.0,92484,1709616240000.0,0.09482969544170924,-0.0011897160000000002,1104.7301026574078,1105.010238998002,-0.33,18.026,1.01,17.738637286540275,long_nclose,17.916023659405678,0.01621755722624831,1.0
1709616300000.0,92485,1709616300000.0,0.0,-0.0035665740000000003,1104.7265360834078,1104.7856424240022,0.99,18.013,2.0,17.87444682970284,long_ientry_partial,35.74889365940568,0.032359948359841524,1.0
1709618520000.0,92522,1709618520000.0,0.05628254619806321,-0.0011909700000000002,1104.7816276596059,1104.972931454002,-0.33,18.045,1.67,17.87444682970284,long_nclose,29.850326205603743,0.027019209460279803,37.0
1709618580000.0,92523,1709618580000.0,0.04604935598023353,-0.0009744300000000001,1104.826702585586,1104.943677024002,-0.27,18.045,1.4,17.87444682970284,long_nclose,25.024225561583975,0.022649910165115205,1.0
1709618640000.0,92524,1709618640000.0,0.0,-0.002190876,1104.824511709586,1104.893246148002,0.61,17.958,2.01,17.899803761982078,long_ientry_partial,35.978605561583976,0.03256499578010929,1.0
1709619300000.0,92535,1709619300000.0,0.05649475854591483,-0.001192686,1104.879813782132,1105.182543462002,-0.33,18.071,1.68,17.899803761982078,long_nclose,30.07167032012989,0.027217141579581463,11.0
1709619360000.0,92536,1709619360000.0,0.075964758545914,-0.00119658,1104.954581960678,1105.2261968820023,-0.33,18.13,1.35,17.899803761982078,long_nclose,24.164735078675808,0.02186943741687272,1.0
1709619360000.0,92536,1709619360000.0,0.09543475854591435,-0.001200474,1105.048816245224,1105.2540364080023,-0.33,18.189,1.02,17.899803761982078,long_nclose,18.257799837221718,0.016522165870697682,0.0
1709619660000.0,92541,1709619660000.0,0.0,-0.0035548920000000005,1105.045261353224,1105.1970215160025,0.99,17.954,2.01,17.92649743145359,long_ientry_partial,36.032259837221716,0.03260704434232592,5.0
1709620560000.0,92556,1709620560000.0,0.05659584762031479,-0.001194468,1105.1006627328443,1105.4442270480022,-0.33,18.098,1.68,17.92649743145359,long_nclose,30.11651568484203,0.02725228271093946,15.0
1709620680000.0,92558,1709620680000.0,0.04802071919299437,-0.001013488,1105.1476699640373,1105.3933735600021,-0.28,18.098,1.4,17.92649743145359,long_nclose,25.097096404035025,0.02270926961720121,2.0
1709620800000.0,92560,1709620800000.0,0.039445590765673944,-0.000832508,1105.1862830468028,1105.4314010520022,-0.23,18.098,1.17,17.92649743145359,long_nclose,20.974001994800698,0.018977797966311244,2.0
1709620860000.0,92561,1709620860000.0,0.053015590765674185,-0.0008352220000000002,1105.2384634155685,1105.396855830002,-0.23,18.157,0.94,17.92649743145359,long_nclose,16.850907585566375,0.015246399888664074,1.0
1709620920000.0,92562,1709620920000.0,0.025725385281961267,-0.00054294,1105.2636458608504,1105.419672890002,-0.15,18.098,0.79,17.92649743145359,long_nclose,14.161932970848337,0.012813171792887582,1.0
1709620980000.0,92563,1709620980000.0,0.03457538528196142,-0.00054471,1105.2976765361323,1105.428558180002,-0.15,18.157,0.64,17.92649743145359,long_nclose,11.472958356130299,0.010379971477082216,1.0
1709621100000.0,92565,1709621100000.0,0.017150256854640843,-0.00036196000000000004,1105.314464832987,1105.438396220002,-0.1,18.098,0.54,17.92649743145359,long_nclose,9.68030861298494,0.008757967909564663,2.0
1709621160000.0,92566,1709621160000.0,0.02305025685464095,-0.00036314,1105.3371519498417,1105.449573080002,-0.1,18.157,0.44,17.92649743145359,long_nclose,7.88765886983958,0.007135975531018348,1.0
1709621280000.0,92568,1709621280000.0,0.01844020548371276,-0.00029051200000000004,1105.3553016433254,1105.4480025680023,-0.08,18.157,0.36,17.92649743145359,long_nclose,6.453539075323293,0.005838429567152618,2.0
1709621280000.0,92568,1709621280000.0,0.023240205483712657,-0.00029147200000000003,1105.378250376809,1105.4503510960021,-0.08,18.217,0.28,17.92649743145359,long_nclose,5.019419280807006,0.004540906498835083,0.0
1709621340000.0,92569,1709621340000.0,0.020335179798248577,-0.000255038,1105.3983305186073,1105.462696058002,-0.07,18.217,0.21,17.92649743145359,long_nclose,3.764564460605254,0.003405618008160982,1.0
1709621460000.0,92571,1709621460000.0,0.014525128427320412,-0.00018217,1105.4126734770346,1105.459473888002,-0.05,18.217,0.16,17.92649743145359,long_nclose,2.8682395890325747,0.0025947229101423576,2.0
1709621580000.0,92573,1709621580000.0,0.011620102741856328,-0.00014573600000000002,1105.4241478437764,1105.456368152002,-0.04,18.217,0.12,17.92649743145359,long_nclose,2.1511796917744306,0.00194602198257609,2.0
1709621640000.0,92574,1709621640000.0,0.008715077056392247,-0.00010930199999999999,1105.4327536188327,1105.460428850002,-0.03,18.217,0.09,17.92649743145359,long_nclose,1.6133847688308232,0.0014595051246212112,1.0
1709621820000.0,92577,1709621820000.0,0.0017150256854640844,-3.6196000000000004e-05,1105.434432448518,1105.4533526540017,-0.01,18.098,0.08,17.92649743145359,long_nclose,1.4341197945162873,0.0012973359182776106,3.0
1709621820000.0,92577,1709621820000.0,0.002305025685464095,-3.6314000000000005e-05,1105.4367011602035,1105.4532563400016,-0.01,18.157,0.07,17.92649743145359,long_nclose,1.2548548202017515,0.0011351665987611296,0.0
1709621880000.0,92578,1709621880000.0,0.002905025685464082,-3.6434000000000004e-05,1105.439569751889,1105.4561599060016,-0.01,18.217,0.06,17.92649743145359,long_nclose,1.0755898458872153,0.0009729974168815276,1.0
1709621940000.0,92579,1709621940000.0,0.002905025685464082,-3.6434000000000004e-05,1105.4424383435744,1105.4561634720017,-0.01,18.217,0.05,17.92649743145359,long_nclose,0.8963248715726796,0.000810829076650755,1.0
1709622000000.0,92580,1709622000000.0,0.002905025685464082,-3.6434000000000004e-05,1105.4453069352599,1105.4584070380017,-0.01,18.217,0.04,17.92649743145359,long_nclose,0.7170598972581437,0.0006486615780622588,1.0
1709622180000.0,92583,1709622180000.0,0.0034950256854640927,-3.6552000000000005e-05,1105.4487654089453,1105.4586804860016,-0.01,18.276,0.03,17.92649743145359,long_nclose,0.5377949229436076,0.0004864946615093988,3.0
1709622240000.0,92584,1709622240000.0,0.0034950256854640927,-3.6552000000000005e-05,1105.4522238826307,1105.4595739340016,-0.01,18.276,0.02,17.92649743145359,long_nclose,0.35852994862907184,0.0003243287596544182,1.0
1709622360000.0,92586,1709622360000.0,0.004085025685464103,-3.6670000000000006e-05,1105.4562722383162,1105.4594072640016,-0.01,18.335,0.01,17.92649743145359,long_nclose,0.17926497431453592,0.00016216378595560556,2.0
1709622480000.0,92588,1709622480000.0,0.0034950256854640927,-3.6552000000000005e-05,1105.4597307120016,1105.4597307120016,-0.01,18.276,0.0,17.92649743145359,long_nclose,0.0,0.0,2.0
1709624100000.0,92615,1709624100000.0,0.0,-0.0072088,1105.4525219120017,1105.3565219120017,2.0,18.022,2.0,18.022,long_ientry_normal,36.044,0.03260565179014467,27.0
1709625000000.0,92630,1709625000000.0,0.0567600000000002,-0.001200804,1105.5080811080015,1105.7836311080016,-0.33,18.194,1.67,18.022,long_nclose,30.096739999999997,0.02722435096976892,15.0
1709627160000.0,92666,1709627160000.0,0.04644000000000016,-0.000982476,1105.5535386320016,1105.7635386320017,-0.27,18.194,1.4,18.022,long_nclose,25.230799999999995,0.022821870780876226,36.0
1709627880000.0,92678,1709627880000.0,0.03956000000000014,-0.000836924,1105.5922617080016,1105.8227517080015,-0.23,18.194,1.17,18.022,long_nclose,21.085739999999998,0.01907189542682324,12.0
1709627940000.0,92679,1709627940000.0,0.053360000000000664,-0.0008396840000000002,1105.6447820240016,1105.9126820240017,-0.23,18.254,0.94,18.022,long_nclose,16.940679999999997,0.015321991543240734,1.0
1709628000000.0,92680,1709628000000.0,0.06716000000000037,-0.0008424440000000001,1105.7110995800017,1105.8814995800017,-0.23,18.314,0.71,18.022,long_nclose,12.795619999999998,0.011572299495646145,1.0
1709628360000.0,92686,1709628360000.0,0.018920000000000065,-0.000400268,1105.7296193120017,1105.8412193120016,-0.11,18.194,0.6,18.022,long_nclose,10.813199999999998,0.009779244230364473,6.0
1709628480000.0,92688,1709628480000.0,0.027840000000000344,-0.000438096,1105.7570212160017,1105.8544612160017,-0.12,18.254,0.48,18.022,long_nclose,8.650559999999999,0.007823201511745296,2.0
1709628720000.0,92692,1709628720000.0,0.020880000000000256,-0.000328572,1105.7775726440018,1105.8586926440018,-0.09,18.254,0.39,18.022,long_nclose,7.02858,0.0063562330923334865,4.0
1709628900000.0,92695,1709628900000.0,0.016240000000000202,-0.00025555600000000004,1105.7935570880018,1105.8665170880017,-0.07,18.254,0.32,18.022,long_nclose,5.76704,0.005215295353308922,3.0
1709629020000.0,92697,1709629020000.0,0.013920000000000172,-0.000219048,1105.807258040002,1105.876678040002,-0.06,18.254,0.26,18.022,long_nclose,4.68572,0.00423737497283681,2.0
1709629020000.0,92697,1709629020000.0,0.017520000000000095,-0.00021976800000000001,1105.824558272002,1105.877958272002,-0.06,18.314,0.2,18.022,long_nclose,3.6044,0.003259468215855465,0.0
1709629140000.0,92699,1709629140000.0,0.01460000000000008,-0.00018314,1105.838975132002,1105.8890751320018,-0.05,18.314,0.15,18.022,long_nclose,2.7032999999999996,0.002444569291543836,2.0
1709629200000.0,92700,1709629200000.0,0.01755000000000013,-0.00018373000000000003,1105.856341402002,1105.893241402002,-0.05,18.373,0.1,18.022,long_nclose,1.8022,0.0016296872681628566,1.0
1709629200000.0,92700,1709629200000.0,0.020550000000000068,-0.00018433000000000002,1105.876707072002,1105.8951570720021,-0.05,18.433,0.05,18.022,long_nclose,0.9011,0.0008148286280355941,0.0
1709629260000.0,92701,1709629260000.0,0.008220000000000028,-7.3732e-05,1105.884853340002,1105.8996133400021,-0.02,18.433,0.03,18.022,long_nclose,0.5406599999999999,0.0004888935754632088,1.0
1709629260000.0,92701,1709629260000.0,0.014130000000000002,-0.00011095799999999999,1105.898872382002,1105.898872382002,-0.03,18.493,0.0,18.022,long_nclose,0.0,0.0,0.0
1709639280000.0,92868,1709639280000.0,0.0,-0.007224893999999999,1105.891647488002,1105.8637874880021,1.99,18.153,1.99,18.153,long_ientry_normal,36.124469999999995,0.032665469607312425,167.0
1709640600000.0,92890,1709640600000.0,0.057090000000000606,-0.0012095160000000003,1105.947527972002,1106.238027972002,-0.33,18.326,1.66,18.153,long_nclose,30.133979999999998,0.0272472058916369,22.0
1709640900000.0,92895,1709640900000.0,0.046710000000000494,-0.000989604,1105.993248368002,1106.286538368002,-0.27,18.326,1.39,18.153,long_nclose,25.232669999999995,0.022814488277603136,5.0
1709641200000.0,92900,1709641200000.0,0.03979000000000042,-0.0008429960000000002,1106.032195372002,1106.196915372002,-0.23,18.326,1.16,18.153,long_nclose,21.057479999999998,0.019038758625753695,5.0
1709641380000.0,92903,1709641380000.0,0.0,-0.003013896,1106.029181476002,1106.076441476002,0.83,18.156,1.99,18.154251256281405,long_ientry_partial,36.12696,0.03266365897488199,3.0
1709642940000.0,92929,1709642940000.0,0.057337085427136045,-0.001209648,1106.0853089134291,1106.400291828002,-0.33,18.328,1.66,18.154251256281405,long_nclose,30.136057085427133,0.027245689679245,26.0
1709643000000.0,92930,1709643000000.0,0.07713708542713679,-0.0012136080000000001,1106.1612323908564,1106.5412782200021,-0.33,18.388,1.33,18.154251256281405,long_nclose,24.14515417085427,0.021827879574722524,1.0
1709643000000.0,92930,1709643000000.0,0.09693708542713637,-0.0012175680000000003,1106.2569519082836,1106.5427006520022,-0.33,18.448,1.0,18.154251256281405,long_nclose,18.154251256281405,0.016410519477383152,0.0
1709643060000.0,92931,1709643060000.0,0.07343718592964876,-0.0009224000000000001,1106.3294666942131,1106.553528252002,-0.25,18.448,0.75,18.154251256281405,long_nclose,13.615688442211054,0.012307082882729,1.0
1709643060000.0,92931,1709643060000.0,0.08843718592964844,-0.0009254,1106.416978480143,1106.5663528520022,-0.25,18.508,0.5,18.154251256281405,long_nclose,9.077125628140703,0.00820407297130393,0.0
1709643120000.0,92932,1709643120000.0,0.056599798994975005,-0.000592256,1106.472986023138,1106.5878205960023,-0.16,18.508,0.34,18.154251256281405,long_nclose,6.172445427135679,0.0055784872338551636,1.0
1709643180000.0,92933,1709643180000.0,0.038912361809045316,-0.00040717600000000003,1106.511491208947,1106.6068834200023,-0.11,18.508,0.23,18.154251256281405,long_nclose,4.175477788944724,0.0037735512212193115,1.0
1709643180000.0,92933,1709643180000.0,0.04551236180904557,-0.00040849600000000005,1106.556595074756,1106.6063649240023,-0.11,18.568,0.12,18.154251256281405,long_nclose,2.1785101507537687,0.0019687290830403435,0.0
1709643240000.0,92934,1709643240000.0,0.05696984924623152,-0.000447096,1106.6131178280023,1106.6131178280023,-0.12,18.629,0.0,18.154251256281405,long_nclose,0.0,0.0,1.0
1709647320000.0,93002,1709647320000.0,0.0,-0.00720522,1106.6059126080022,1106.536612608002,1.98,18.195,1.98,18.195,long_ientry_normal,36.0261,0.03255549205868167,68.0
1709652540000.0,93089,1709652540000.0,0.0,-0.007211372000000001,1106.5987012360022,1105.6090312360022,2.03,17.762,4.01,17.975800498753117,long_rentry,72.08296,0.06513920531398401,87.0
1709654760000.0,93126,1709654760000.0,0.0,-0.007226369999999999,1106.5914748660023,1104.5821048660023,2.07,17.455,6.08,17.798488486842103,long_rentry,108.21480999999999,0.0977911112256705,37.0
1709654820000.0,93127,1709654820000.0,0.0,-0.007220220000000001,1106.5842546460024,1103.8232446460024,2.1,17.191,8.18,17.642531784841076,long_rentry,144.31591,0.13041565465448163,1.0
1709654880000.0,93128,1709654880000.0,0.0,-0.009220256000000003,1106.5750343900024,1103.5942443900024,2.72,16.949,10.9,17.469466972477065,long_rentry,190.41719,0.17207797400288102,1.0
1709655720000.0,93142,1709655720000.0,0.3014247798165113,-0.006384232,1106.8700749378188,1108.8474501580024,-1.81,17.636,9.09,17.469466972477065,long_nclose,158.79745477981652,0.14346530670163557,14.0
1709655720000.0,93142,1709655720000.0,0.406404779816511,-0.006405228,1107.2700744896354,1108.8537149300023,-1.81,17.694,7.28,17.469466972477065,long_nclose,127.17771955963303,0.11485700055449614,0.0
1709655780000.0,93143,1709655780000.0,0.32557288990825467,-0.0051312599999999995,1107.5905161195435,1109.3717736700023,-1.45,17.694,5.83,17.469466972477065,long_nclose,101.84699244954129,0.09195365161338094,1.0
1709655780000.0,93143,1709655780000.0,0.4096728899082544,-0.005148079999999999,1107.9950409294518,1109.3332755900021,-1.45,17.752,4.38,17.469466972477065,long_nclose,76.51626533944955,0.069058310292854,0.0
1709655900000.0,93145,1709655900000.0,0.30796099999999815,-0.003869936,1108.2991319934517,1109.0378456540022,-1.09,17.752,3.29,17.469466972477065,long_nclose,57.474546339449546,0.05185833380205979,2.0
1709655960000.0,93146,1709655960000.0,0.14594646788990726,-0.00230022,1108.4427782413416,1109.0962654340021,-0.65,17.694,2.64,17.469466972477065,long_nclose,46.11939280733945,0.0416073736169878,1.0
1709656140000.0,93149,1709656140000.0,0.1864717981651365,-0.002343264,1108.6269067755065,1109.152662170002,-0.66,17.752,1.98,17.469466972477065,long_nclose,34.589544605504585,0.03120034737936309,3.0
1709656200000.0,93150,1709656200000.0,0.13844118348623768,-0.001739696,1108.7636082629929,1109.187562474002,-0.49,17.752,1.49,17.469466972477065,long_nclose,26.029505788990825,0.02347615451572141,1.0
1709656260000.0,93151,1709656260000.0,0.0,-0.0019529400000000004,1108.761655322993,1109.071369534002,0.55,17.754,2.04,17.54617930832884,long_ientry_partial,35.79420578899083,0.03228304804476994,1.0
1709656320000.0,93152,1709656320000.0,0.05705903516819447,-0.001204552,1108.817509806161,1108.982104982002,-0.34,17.714,1.7,17.54617930832884,long_nclose,29.828504824159026,0.026901184875204147,1.0
1709656380000.0,93153,1709656380000.0,0.04698979366792486,-0.000991984,1108.8635076158291,1109.1188529980022,-0.28,17.714,1.42,17.54617930832884,long_nclose,24.915574617826948,0.02246946936814433,1.0
1709656440000.0,93154,1709656440000.0,0.0,-0.002198024,1108.861309591829,1109.051374974002,0.62,17.726,2.04,17.60083069501321,long_ientry_partial,35.90569461782695,0.0323806902695918,1.0
1709656620000.0,93157,1709656620000.0,0.05717756369550749,-0.001208292,1108.9172788635244,1109.148766682002,-0.34,17.769,1.7,17.60083069501321,long_nclose,29.92141218152246,0.026982546626189704,3.0
1709656680000.0,93158,1709656680000.0,0.04708740539630029,-0.0009950640000000001,1108.9633712049206,1109.2106916180019,-0.28,17.769,1.42,17.60083069501321,long_nclose,24.99317958691876,0.022537425703937318,1.0
1709656740000.0,93159,1709656740000.0,0.0,-0.00216855,1108.9612026549205,1109.1435630680016,0.61,17.775,2.03,17.653167284196435,long_ientry_partial,35.83592958691876,0.032314863226166404,1.0
1709658540000.0,93189,1709658540000.0,0.0,-0.007238280000000002,1108.9539643749206,1108.0452347880018,2.1,17.234,4.13,17.44003137697791,long_rentry,72.02732958691877,0.0649506939880215,30.0
1709661420000.0,93237,1709661420000.0,0.11353866365502101,-0.0023945520000000003,1109.0651084865756,1109.8136502360019,-0.68,17.607,3.45,17.44003137697791,long_nclose,60.168108250573795,0.05425119570543417,48.0
1709661540000.0,93239,1709661540000.0,0.15453834988524337,-0.002437632,1109.217209204461,1110.0230426040018,-0.69,17.664,2.76,17.44003137697791,long_nclose,48.13448660045903,0.043395005235251846,2.0
1709661540000.0,93239,1709661540000.0,0.19455834988524326,-0.002445636,1109.4093219183462,1110.013696968002,-0.69,17.722,2.07,17.44003137697791,long_nclose,36.10086495034427,0.032540618000144524,0.0
1709661660000.0,93241,1709661660000.0,0.09182713543905766,-0.001448448,1109.4997006057852,1109.765248520002,-0.41,17.664,1.66,17.44003137697791,long_nclose,28.95045208578333,0.026093249119379144,2.0
1709661720000.0,93242,1709661720000.0,0.04508152821596422,-0.0009507780000000001,1109.543831356001,1109.7481177420016,-0.27,17.607,1.39,17.44003137697791,long_nclose,24.241643613999294,0.021848297407388566,1.0
1709661780000.0,93243,1709661780000.0,0.0,-0.002356658,1109.541474698001,1109.7375210840016,0.67,17.587,2.06,17.48783185145597,long_ientry_partial,36.024933613999295,0.032468307346333936,1.0
1709662020000.0,93247,1709662020000.0,0.056837170504971016,-0.0012005400000000002,1109.597111328506,1109.8984005440016,-0.34,17.655,1.72,17.48783185145597,long_nclose,30.079070784504268,0.02710810119944436,4.0
1709662260000.0,93251,1709662260000.0,0.046807081592329075,-0.0009886800000000002,1109.642929730098,1109.8289318640016,-0.28,17.655,1.44,17.48783185145597,long_nclose,25.182477866096594,0.02269421738416502,4.0
1709662320000.0,93252,1709662320000.0,0.04012035565056777,-0.0008474400000000002,1109.6822026457487,1109.8780044240016,-0.24,17.655,1.2,17.48783185145597,long_nclose,20.98539822174716,0.01891117850832692,1.0
1709662380000.0,93253,1709662380000.0,0.0,-0.00300067,1109.6792019757488,1109.8155537540017,0.85,17.651,2.05,17.555486937437642,long_ientry_partial,35.988748221747166,0.032431668681967125,1.0
1709663700000.0,93275,1709663700000.0,0.056954441271201264,-0.001205164,1109.73495125302,1110.0282385900016,-0.34,17.723,1.71,17.555486937437642,long_nclose,30.019882663018368,0.027051398740863687,22.0
1709664120000.0,93282,1709664120000.0,0.04690365751745987,-0.0009924880000000001,1109.7808624225374,1110.0304161020017,-0.28,17.723,1.43,17.555486937437642,long_nclose,25.10434632053583,0.022620994081422187,7.0
1709664360000.0,93286,1709664360000.0,0.0,-0.00218798,1109.7786744425375,1109.8902781220017,0.62,17.645,2.05,17.582559180749186,long_ientry_partial,36.04424632053583,0.0324787700021732,4.0
1709666100000.0,93315,1709666100000.0,0.0,-0.007243208,1109.7714312345374,1108.9716249140015,2.11,17.164,4.16,17.37026113474419,long_rentry,72.26028632053584,0.06511276492327045,29.0
1709667300000.0,93335,1709667300000.0,0.0,-0.007219076000000001,1109.7642121585375,1107.6580458380017,2.14,16.867,6.3,17.19931211437077,long_rentry,108.35566632053585,0.09763845791150498,20.0
1709667480000.0,93338,1709667480000.0,0.0,-0.007243268000000001,1109.7569688905376,1106.1734425700017,2.18,16.613,8.48,17.048585651006583,long_rentry,144.57200632053582,0.13027357374026627,3.0
1709668380000.0,93353,1709668380000.0,0.0,-0.009237756000000001,1109.7477311345376,1102.0243448140018,2.82,16.379,11.3,16.881485515091665,long_rentry,190.76078632053583,0.17189563084351953,15.0
1709668380000.0,93353,1709668380000.0,0.0,-0.012112464,1109.7356186705376,1102.3543923500017,3.76,16.107,15.06,16.688121269623892,long_rentry,251.32310632053583,0.22647115411292348,0.0
1709668440000.0,93354,1709668440000.0,0.0,-0.015810558000000002,1109.7198081125375,1096.6305417920016,5.01,15.779,20.07,16.461180683634073,long_rentry,330.37589632053584,0.2977110923904786,1.0
1709668500000.0,93355,1709668500000.0,0.0,-0.020545008,1109.6992631045375,1091.9455767840018,6.68,15.378,26.75,16.19068920824433,long_rentry,433.1009363205358,0.3902867657214405,1.0
1709668560000.0,93356,1709668560000.0,0.0,-0.02650064,1109.6727624645375,1051.1185761440017,8.9,14.888,35.65,15.865473669580247,long_rentry,565.6041363205358,0.5097035409469295,1.0
1709668560000.0,93356,1709668560000.0,0.0,-0.033893507999999996,1109.6388689565376,1050.3019226360018,11.86,14.289,47.51,15.47193593602475,long_rentry,735.0716763205359,0.6624422565620556,0.0
1709668740000.0,93359,1709668740000.0,1.1711867460442253,-0.02471084,1110.785344862582,1121.3610817960018,-7.91,15.62,39.6,15.47193593602475,long_nclose,612.6886630665801,0.5515815147366545,3.0
1709668740000.0,93359,1709668740000.0,1.5745967460442267,-0.024791522000000003,1112.3351500866263,1120.798410274002,-7.91,15.671,31.69,15.47193593602475,long_nclose,490.3056498126243,0.4407894956609439,0.0
1709668740000.0,93359,1709668740000.0,1.9780067460442279,-0.024872204000000002,1114.2882846286705,1120.639068070002,-7.91,15.722,23.78,15.47193593602475,long_nclose,367.92263655866856,0.33018621988050106,0.0
1709668740000.0,93359,1709668740000.0,2.3893267460442247,-0.024954468,1116.6526569067146,1120.8909636020019,-7.91,15.774,15.87,15.47193593602475,long_nclose,245.53962330471276,0.21988898856417194,0.0
1709668740000.0,93359,1709668740000.0,2.792736746044226,-0.02503515,1119.420358502759,1121.546188452002,-7.91,15.825,7.96,15.47193593602475,long_nclose,123.15661005075701,0.11001819746737568,0.0
1709668740000.0,93359,1709668740000.0,3.2163499492429897,-0.025274592,1122.611433860002,1122.611433860002,-7.96,15.876,0.0,15.47193593602475,long_nclose,0.0,0.0,0.0
1709668800000.0,93360,1709668800000.0,0.0,-0.0073028960000000006,1122.604130964002,1122.766530964002,2.32,15.739,2.32,15.739,long_ientry_normal,36.51448,0.0325265861694668,1.0
1709668860000.0,93361,1709668860000.0,0.05699999999999946,-0.001207564,1122.659923400002,1122.983903400002,-0.38,15.889,1.94,15.739,long_nclose,30.53366,0.02719760397924252,1.0
1709668860000.0,93361,1709668860000.0,0.07713999999999978,-0.001211592,1122.7358518080023,1122.9963718080023,-0.38,15.942,1.56,15.739,long_nclose,24.552840000000003,0.021868759210335393,0.0
1709668920000.0,93362,1709668920000.0,0.0,-0.0023540880000000003,1122.7334977200023,1123.0929177200023,0.74,15.906,2.3,15.79273043478261,long_ientry_partial,36.323280000000004,0.03235253964878016,1.0
1709668920000.0,93362,1709668920000.0,0.046273565217390795,-0.000988404,1122.7787828812197,1123.0897593160023,-0.31,15.942,1.99,15.79273043478261,long_nclose,31.427533565217395,0.027990850953354858,0.0
1709668920000.0,93362,1709668920000.0,0.062393565217390666,-0.000991628,1122.8401848184371,1123.1027176880023,-0.31,15.994,1.68,15.79273043478261,long_nclose,26.531787130434786,0.023629174916575475,0.0
1709668980000.0,93363,1709668980000.0,0.0,-0.001945778,1122.8382390404372,1122.8992519100025,0.61,15.949,2.29,15.834356825517373,long_ientry_partial,36.260677130434786,0.03229376758794988,1.0
1709669100000.0,93365,1709669100000.0,0.05762440630339842,-0.0012149360000000002,1122.8946485107406,1123.1384469740024,-0.38,15.986,1.91,15.834356825517373,long_nclose,30.243621536738182,0.026933623360703814,2.0
1709669340000.0,93369,1709669340000.0,0.047009384089614505,-0.000991132,1122.94066676283,1123.1800958420022,-0.31,15.986,1.6,15.834356825517373,long_nclose,25.3349709208278,0.022561272977905836,4.0
1709669400000.0,93370,1709669400000.0,0.0,-0.002205792,1122.93846097083,1123.152700050002,0.69,15.984,2.29,15.879445816955371,long_ientry_partial,36.3639309208278,0.0323828350214219,1.0
1709669400000.0,93370,1709669400000.0,0.027704087591603612,-0.0008312720000000001,1122.9653337864218,1123.1552487780023,-0.26,15.986,2.03,15.879445816955371,long_nclose,32.2352750084194,0.028705494318091097,0.0
1709669400000.0,93370,1709669400000.0,0.04122408759160351,-0.000833976,1123.0057238980135,1123.1713148020024,-0.26,16.038,1.77,15.879445816955371,long_nclose,28.10661909601101,0.025028028350961042,0.0
1709669460000.0,93371,1709669460000.0,0.0,-0.0016611920000000001,1123.0040627060134,1123.3436936100024,0.52,15.973,2.29,15.900689561576861,long_ientry_partial,36.412579096011015,0.0324242630149267,1.0
1709669460000.0,93371,1709669460000.0,0.03779002714270987,-0.0009297979999999999,1123.0409229351562,1123.3375438120024,-0.29,16.031,2.0,15.900689561576861,long_nclose,31.801379123153723,0.028317204185256496,0.0
1709669520000.0,93372,1709669520000.0,0.050262444679636045,-0.0010594980000000003,1123.090125881836,1123.4680643140027,-0.33,16.053,1.67,15.900689561576861,long_nclose,26.554151567833358,0.023643829605378624,1.0
1709669520000.0,93372,1709669520000.0,0.06742244467963592,-0.0010629300000000001,1123.1564853965156,1123.4597413840027,-0.33,16.105,1.34,15.900689561576861,long_nclose,21.306924012512994,0.018970574705795218,0.0
1709669580000.0,93373,1709669580000.0,0.0,-0.0029996220000000004,1123.1534857745155,1123.3341617620024,0.93,16.127,2.27,15.993407053970483,long_ientry_partial,36.305034012513,0.03232419653443661,1.0
1709671020000.0,93397,1709671020000.0,0.0,-0.007306884,1123.1461788905156,1121.8585348780025,2.34,15.613,4.61,15.800315404015834,long_rentry,72.839454012513,0.06485304885644222,24.0
1709671200000.0,93400,1709671200000.0,0.0,-0.007334432,1123.1388444585155,1120.6992304460025,2.39,15.344,7.0,15.644516287501858,long_rentry,109.51161401251301,0.09750496526127225,3.0
1709672700000.0,93425,1709672700000.0,0.17340110649784504,-0.003664208,1123.3085813570133,1124.2049262380024,-1.16,15.794,5.84,15.644516287501858,long_nclose,91.36397511901085,0.0813347076977179,25.0
1709672940000.0,93429,1709672940000.0,0.23372110649784458,-0.0036762719999999995,1123.5386261915112,1124.5143299660024,-1.16,15.846,4.68,15.644516287501858,long_nclose,73.2163362255087,0.06516583811069501,4.0
1709673000000.0,93430,1709673000000.0,0.2965759436228255,-0.0037201319999999997,1123.8314820031342,1124.8545898340026,-1.17,15.898,3.51,15.644516287501858,long_nclose,54.91225216913152,0.04886164255805959,1.0
1709673000000.0,93430,1709673000000.0,0.3574159436228251,-0.0037322999999999996,1124.185165646757,1124.8672375340027,-1.17,15.95,2.34,15.644516287501858,long_nclose,36.60816811275435,0.032564180022508334,0.0
1709673060000.0,93431,1709673060000.0,0.23827729574855006,-0.0024882000000000003,1124.4209547425055,1124.9692693340025,-0.78,15.95,1.56,15.644516287501858,long_nclose,24.4054454085029,0.021704900914170346,1.0
1709673060000.0,93431,1709673060000.0,0.2780572957485516,-0.0024961560000000002,1124.696515882254,1124.9706731780027,-0.78,16.001,0.78,15.644516287501858,long_nclose,12.20272270425145,0.010849791505470413,0.0
1709673120000.0,93432,1709673120000.0,0.0,-0.004830792,1124.6916850902542,1125.0459923860028,1.51,15.996,2.29,15.876280656878361,long_ientry_partial,36.35668270425145,0.03232591045725914,1.0
1709673120000.0,93432,1709673120000.0,0.048640543817439694,-0.0012480780000000001,1124.7390775560716,1125.0330443080027,-0.39,16.001,1.9,15.876280656878361,long_nclose,30.164933248068884,0.026819494272052685,0.0
1709673360000.0,93436,1709673360000.0,0.04703299636770769,-0.000993736,1124.7851168164393,1125.0009105720028,-0.31,16.028,1.59,15.876280656878361,long_nclose,25.243286244436597,0.0224427633927843,4.0
1709673420000.0,93437,1709673420000.0,0.0,-0.00224168,1124.7828751364393,1125.0261488920028,0.7,16.012,2.29,15.917766918967946,long_ientry_partial,36.451686244436594,0.0324077535764535,1.0
1709673420000.0,93437,1709673420000.0,0.028660601068333805,-0.000833456,1124.8107022815077,1125.0263554360029,-0.26,16.028,2.03,15.917766918967946,long_nclose,32.31306684550493,0.028727559917382347,0.0
1709673540000.0,93439,1709673540000.0,0.05023691674057805,-0.0010606200000000002,1124.8598785782483,1125.1203748160028,-0.33,16.07,1.7,15.917766918967946,long_nclose,27.060203762245507,0.02405651075087494,2.0
1709673600000.0,93440,1709673600000.0,0.0,-0.001864236,1124.8580143422482,1125.0979905800027,0.58,16.071,2.28,15.956747264142768,long_ientry_partial,36.381383762245505,0.03234308979299866,1.0
1709673900000.0,93445,1709673900000.0,0.057856039625748784,-0.0012242840000000002,1124.9146460978739,1125.2001262960025,-0.38,16.109,1.9,15.956747264142768,long_nclose,30.31781980187126,0.026951217949769176,5.0
1709673960000.0,93446,1709673960000.0,0.04719834811574243,-0.0009987580000000002,1124.9608456879896,1125.1393275380026,-0.31,16.109,1.59,15.956747264142768,long_nclose,25.371228149987,0.022552987730404768,1.0
1709674020000.0,93447,1709674020000.0,0.0,-0.0022175219999999995,1124.9586281659897,1125.1257100160026,0.69,16.069,2.28,15.990718486836405,long_ientry_partial,36.458838149987,0.03240904797488022,1.0
1709677440000.0,93504,1709677440000.0,0.0,-0.0073371700000000005,1124.9512909959897,1123.9373728460027,2.35,15.611,4.63,15.797988801293089,long_rentry,73.144688149987,0.06502031575538479,57.0
1709677920000.0,93512,1709677920000.0,0.11627862300432142,-0.002456146,1125.065113472994,1125.7252167000026,-0.77,15.949,3.86,15.797988801293089,long_nclose,60.98023677299132,0.054201517799045223,8.0
1709677920000.0,93512,1709677920000.0,0.15631862300432248,-0.0024641540000000005,1125.2189679419982,1125.7473925460026,-0.77,16.001,3.09,15.797988801293089,long_nclose,48.81578539599564,0.04338336518204868,0.0
1709678160000.0,93516,1709678160000.0,0.07701571134052458,-0.0016267980000000003,1125.2943568553387,1125.6994457480025,-0.51,15.949,2.58,15.797988801293089,long_nclose,40.75881110733617,0.0362205771841224,4.0
1709678520000.0,93522,1709678520000.0,0.0649348154439717,-0.001371614,1125.3579200567829,1125.5363941340026,-0.43,15.949,2.15,15.797988801293089,long_nclose,33.96567592278014,0.03018210945817693,6.0
1709678640000.0,93524,1709678640000.0,0.052853919547418825,-0.0011164299999999999,1125.4096575463304,1125.704877704003,-0.35,15.949,1.8,15.797988801293089,long_nclose,28.43637984232756,0.02526758114403057,2.0
1709678700000.0,93525,1709678700000.0,0.0,-0.0015962,1125.4080613463304,1125.6664815040028,0.5,15.962,2.3,15.833643409707635,long_ientry_partial,36.417379842327556,0.03235926691227117,1.0
1709678760000.0,93526,1709678760000.0,0.05751550431109838,-0.0012148600000000001,1125.4643619906417,1125.783766644003,-0.38,15.985,1.92,15.833643409707635,long_nclose,30.40059534663866,0.027011601942569057,1.0
1709679060000.0,93531,1709679060000.0,0.04843410889355653,-0.00102304,1125.5117730595352,1125.817943604003,-0.32,15.985,1.6,15.833643409707635,long_nclose,25.333829455532218,0.022508720087988057,5.0
1709679120000.0,93532,1709679120000.0,0.0,-0.00221145,1125.5095616095352,1125.859242154003,0.69,16.025,2.29,15.891301072284811,long_ientry_partial,36.39107945553222,0.03233298116409704,1.0
1709679120000.0,93532,1709679120000.0,0.04662365686886005,-0.001026368,1125.555158898404,1125.855975786003,-0.32,16.037,1.97,15.891301072284811,long_nclose,31.305863112401077,0.02781370851966113,0.0
1709679240000.0,93534,1709679240000.0,0.07983258180892361,-0.0012554880000000001,1125.633735992213,1125.9524202980028,-0.39,16.096,1.58,15.891301072284811,long_nclose,25.108255694210005,0.022305884135640105,2.0
1709679300000.0,93535,1709679300000.0,0.0,-0.0022530199999999997,1125.631482972213,1125.893167278003,0.7,16.093,2.28,15.953226181671054,long_ientry_partial,36.37335569421,0.03231373344157601,1.0
1709679420000.0,93537,1709679420000.0,0.05805405096500007,-0.0012240560000000003,1125.688312967178,1125.991883222003,-0.38,16.106,1.9,15.953226181671054,long_nclose,30.311129745175002,0.026926751744697903,2.0
1709679720000.0,93542,1709679720000.0,0.07781405096499991,-0.0012280080000000003,1125.764899010143,1126.079195214003,-0.38,16.158,1.52,15.953226181671054,long_nclose,24.248903796140002,0.021539935929305896,5.0
1709679780000.0,93543,1709679780000.0,0.0,-0.0024240000000000004,1125.762475010143,1126.1153612140029,0.75,16.16,2.27,16.021543522528635,long_ientry_partial,36.36890379614,0.03230601890137822,1.0
1709679900000.0,93545,1709679900000.0,0.05677889666440535,-0.00119695,1125.8180569568074,1126.195124264003,-0.37,16.175,1.9,16.021543522528635,long_nclose,30.440932692804406,0.027038945151660762,2.0
1709679960000.0,93546,1709679960000.0,0.07845346143911933,-0.0012333280000000003,1125.8952770902465,1126.242530936003,-0.38,16.228,1.52,16.021543522528635,long_nclose,24.352746154243526,0.021629672536846004,1.0
1709680020000.0,93547,1709680020000.0,0.09859346143911829,-0.001237356,1125.9926331956856,1126.261053580003,-0.38,16.281,1.14,16.021543522528635,long_nclose,18.264559615682643,0.016220851786433007,1.0
1709680080000.0,93548,1709680080000.0,0.0,-0.0036317120000000005,1125.9890014836856,1126.268281868003,1.12,16.213,2.26,16.11642460870914,long_ientry_partial,36.42311961568265,0.03234766908707712,1.0
1709680260000.0,93551,1709680260000.0,0.05682289477761859,-0.0012039800000000001,1126.0446203984634,1126.3651178880032,-0.37,16.27,1.89,16.11642460870914,long_nclose,30.46004251046027,0.027050475583890846,3.0
1709680380000.0,93553,1709680380000.0,0.07680289477761935,-0.0012079760000000001,1126.120215317241,1126.429649912003,-0.37,16.324,1.52,16.11642460870914,long_nclose,24.49696540523789,0.021753419459162107,2.0
1709680440000.0,93554,1709680440000.0,0.06227261738725893,-0.0009794400000000003,1126.1815084946281,1126.411570472003,-0.3,16.324,1.22,16.11642460870914,long_nclose,19.662038022625147,0.017459031136914584,1.0
1709680560000.0,93556,1709680560000.0,0.030715078258172213,-0.0006508,1126.2115727728865,1126.371279672003,-0.2,16.27,1.02,16.11642460870914,long_nclose,16.43875310088332,0.014596505220070567,2.0
1709680680000.0,93558,1709680680000.0,0.026107816519446384,-0.0005531800000000001,1126.237127409406,1126.3719164920033,-0.17,16.27,0.85,16.11642460870914,long_nclose,13.698960917402767,0.012163478351058627,2.0
1709680920000.0,93562,1709680920000.0,0.0,-0.004571784,1126.232555625406,1126.2821547080032,1.41,16.212,2.26,16.17605350327556,long_ientry_partial,36.55788091740276,0.03246033044844977,4.0
1709682060000.0,93581,1709682060000.0,0.05733020378804216,-0.001208494,1126.288677335194,1126.5815262140031,-0.37,16.331,1.89,16.17605350327556,long_nclose,30.57274112119081,0.02714467590451686,19.0
1709682120000.0,93582,1709682120000.0,0.04803341398457586,-0.0010125219999999999,1126.3356982271785,1126.597893692003,-0.31,16.331,1.58,16.17605350327556,long_nclose,25.558164535175386,0.02269142723204391,1.0
1709682360000.0,93586,1709682360000.0,0.06446341398457613,-0.001015808,1126.3991458331632,1126.6924478840033,-0.31,16.384,1.27,16.17605350327556,long_nclose,20.543587949159964,0.018238284381833846,4.0
1709682480000.0,93588,1709682480000.0,0.08120341398457566,-0.001019156,1126.4793300911479,1126.7442387280032,-0.31,16.438,0.96,16.17605350327556,long_nclose,15.529011363144539,0.013785438354992298,2.0
1709682660000.0,93591,1709682660000.0,0.06286715921386501,-0.0007890239999999999,1126.541408226362,1126.7264097040036,-0.24,16.438,0.72,16.17605350327556,long_nclose,11.646758522358404,0.010338509030657982,3.0
1709682720000.0,93592,1709682720000.0,0.04715036941039877,-0.0005917679999999999,1126.5879668277723,1126.7175379360035,-0.18,16.438,0.54,16.17605350327556,long_nclose,8.735068891768803,0.007753561327629714,1.0
1709683200000.0,93600,1709683200000.0,0.02079464967244391,-0.00032768,1126.6084337974448,1126.6977302560035,-0.1,16.384,0.44,16.17605350327556,long_nclose,7.117463541441247,0.006317601864074905,8.0
1709683260000.0,93601,1709683260000.0,0.016635719737955128,-0.000262144,1126.6248073731826,1126.6895881120035,-0.08,16.384,0.36,16.17605350327556,long_nclose,5.823379261179202,0.005168871857843148,1.0
1709683380000.0,93603,1709683380000.0,0.009296789803466297,-0.00019597200000000001,1126.6339081909862,1126.6743921400034,-0.06,16.331,0.3,16.17605350327556,long_nclose,4.8528160509826685,0.00430735842024739,2.0
1709683920000.0,93612,1709683920000.0,0.0,-0.006359808000000001,1126.627548382986,1126.6487123320035,1.96,16.224,2.26,16.217635420788792,long_ientry_partial,36.651856050982666,0.03253236271702032,9.0
1709685120000.0,93632,1709685120000.0,0.05748489430814743,-0.0012116020000000002,1126.6838216752942,1127.0228207300033,-0.37,16.373,1.89,16.217635420788792,long_nclose,30.651330945290816,0.0272049090930538,20.0
1709685480000.0,93638,1709685480000.0,0.07709489430814642,-0.001215524,1126.7597010456025,1127.0642552060035,-0.37,16.426,1.52,16.217635420788792,long_nclose,24.650805839598963,0.021877606926058574,6.0
1709685720000.0,93642,1709685720000.0,0.03884114480280232,-0.0008186500000000001,1126.7977235404053,1127.0128165560036,-0.25,16.373,1.27,16.217635420788792,long_nclose,20.596396984401768,0.01827869949868887,4.0
1709686440000.0,93654,1709686440000.0,0.0,-0.00321354,1126.7945100004054,1126.7672730160036,0.99,16.23,2.26,16.223051763009632,long_ientry_partial,36.664096984401766,0.032538405768757765,12.0
1709690280000.0,93718,1709690280000.0,0.0,-0.007348367999999999,1126.7871616324053,1125.9330046480036,2.32,15.837,4.58,16.027497158166323,long_rentry,73.40593698440176,0.06514623123506014,64.0
1709693760000.0,93776,1709693760000.0,0.0,-0.007345735999999999,1126.7798158964054,1124.8883789120036,2.36,15.563,6.94,15.869541352219272,long_rentry,110.13461698440176,0.09774280248069991,58.0
1709697780000.0,93843,1709697780000.0,0.17417744494783774,-0.0036848300000000005,1126.9503085113531,1127.7925140820034,-1.15,16.021,5.79,15.869541352219272,long_nclose,91.88464442934959,0.08153389172121064,67.0
1709697840000.0,93844,1709697840000.0,0.14540030186949934,-0.0030760320000000002,1127.0926327812226,1127.8000280500034,-0.96,16.021,4.83,15.869541352219272,long_nclose,76.64988473121909,0.06800673032710473,1.0
1709697900000.0,93845,1709697900000.0,0.1211669182245828,-0.00256336,1127.2112363394472,1127.8780346900035,-0.8,16.021,4.03,15.869541352219272,long_nclose,63.95425164944367,0.05673670523116091,1.0
1709698140000.0,93849,1709698140000.0,0.1014772940130881,-0.0021468140000000004,1127.3105668194603,1127.8295478760035,-0.67,16.021,3.36,15.869541352219272,long_nclose,53.321658943456754,0.04729988391211121,4.0
1709698260000.0,93851,1709698260000.0,0.13698729401308865,-0.0021539160000000005,1127.4454001974734,1128.0330539600036,-0.67,16.074,2.69,15.869541352219272,long_nclose,42.689066237469845,0.03786353310767227,2.0
1709698440000.0,93854,1709698440000.0,0.10836308332378654,-0.0017038440000000001,1127.5520594367972,1127.9936901160036,-0.53,16.074,2.16,15.869541352219272,long_nclose,34.27820932079363,0.03040055581816356,3.0
1709698500000.0,93855,1709698500000.0,0.0879172185457136,-0.001382364,1127.638594291343,1127.9923077520036,-0.43,16.074,1.73,15.869541352219272,long_nclose,27.454306539339342,0.024346724809106785,1.0
1709698560000.0,93856,1709698560000.0,0.06951594024544797,-0.0010930320000000003,1127.7070171995886,1128.0120647200038,-0.34,16.074,1.39,15.869541352219272,long_nclose,22.058662479584786,0.019560632454307683,1.0
1709698800000.0,93860,1709698800000.0,0.055203834900796916,-0.0008679960000000002,1127.7613530384895,1127.9970667240038,-0.27,16.074,1.12,15.869541352219272,long_nclose,17.773886314485587,0.015760325769807595,4.0
1709698980000.0,93863,1709698980000.0,0.04498090251176045,-0.0007072560000000002,1127.8056266850012,1127.9788394680038,-0.22,16.074,0.9,15.869541352219272,long_nclose,14.282587216997346,0.012664050328405133,3.0
1709699460000.0,93871,1709699460000.0,0.022718797167109273,-0.00048063000000000007,1127.8278648521682,1127.9624588380038,-0.15,16.021,0.75,15.869541352219272,long_nclose,11.902156014164454,0.010553167185423769,8.0
1709699700000.0,93875,1709699700000.0,0.030668797167109393,-0.00048222000000000006,1127.8580514293353,1127.9831266180038,-0.15,16.074,0.6,15.869541352219272,long_nclose,9.521724811331563,0.00844230778799218,4.0
1709699940000.0,93879,1709699940000.0,0.01514586477807285,-0.00032042,1127.8728768741134,1127.9641061980037,-0.1,16.021,0.5,15.869541352219272,long_nclose,7.934770676109636,0.007035164014317607,4.0
1709700000000.0,93880,1709700000000.0,0.020445864778072934,-0.0003214800000000001,1127.8930012588917,1127.979984718004,-0.1,16.074,0.4,15.869541352219272,long_nclose,6.34781654088771,0.005628030791752966,1.0
1709700300000.0,93885,1709700300000.0,0.02564586477807289,-0.0003225200000000001,1127.9183246036696,1127.9964621980039,-0.1,16.126,0.3,15.869541352219272,long_nclose,4.760862405665781,0.0042209283259394366,5.0
1709700540000.0,93889,1709700540000.0,0.017952105344651026,-0.00022576400000000004,1127.9360509450141,1128.0000964340038,-0.07,16.126,0.23,15.869541352219272,long_nclose,3.6499945110104326,0.0032359941930682795,4.0
1709700720000.0,93892,1709700720000.0,0.021662105344650833,-0.00022650600000000002,1127.9574865443587,1128.0076399280038,-0.07,16.179,0.16,15.869541352219272,long_nclose,2.5391266163550834,0.0022510836149809343,3.0
1709700840000.0,93894,1709700840000.0,0.028996691822458162,-0.000259712,1127.9862235241812,1128.0157802160038,-0.08,16.232,0.08,15.869541352219272,long_nclose,1.2695633081775417,0.0011255131327854602,2.0
1709700960000.0,93896,1709700960000.0,0.03315669182245813,-0.000260544,1128.0191196720039,1128.0191196720039,-0.08,16.284,0.0,15.869541352219272,long_nclose,0.0,0.0,2.0
1709719020000.0,94197,1709719020000.0,0.0,-0.007342062,1128.011777610004,1127.989677610004,2.21,16.611,2.21,16.611,long_ientry_normal,36.71031,0.0325442612645239,301.0
1709719260000.0,94201,1709719260000.0,0.05723999999999961,-0.00120744,1128.0678101700041,1128.3638101700042,-0.36,16.77,1.85,16.611,long_nclose,30.73035,0.027241580446630085,4.0
1709719380000.0,94203,1709719380000.0,0.04769999999999967,-0.0010062,1128.1145039700043,1128.4012539700043,-0.3,16.77,1.55,16.611,long_nclose,25.74705,0.022823082151140036,2.0
1709719860000.0,94211,1709719860000.0,0.03974999999999973,-0.0008385,1128.1534154700041,1128.3497154700042,-0.25,16.77,1.3,16.611,long_nclose,21.5943,0.019141279637932506,8.0
1709719980000.0,94213,1709719980000.0,0.033389999999999774,-0.0007043399999999999,1128.186101130004,1128.3615911300042,-0.21,16.77,1.09,16.611,long_nclose,18.105990000000002,0.01604876179724678,2.0
1709720100000.0,94215,1709720100000.0,0.028619999999999805,-0.00060372,1128.214117410004,1128.3597174100041,-0.18,16.77,0.91,16.611,long_nclose,15.116010000000001,0.013398174838213529,2.0
1709720340000.0,94219,1709720340000.0,0.023849999999999837,-0.0005031,1128.237464310004,1128.364384310004,-0.15,16.77,0.76,16.611,long_nclose,12.624360000000001,0.011189452929326965,4.0
1709720760000.0,94226,1709720760000.0,0.01907999999999987,-0.00040248000000000004,1128.256141830004,1128.364301830004,-0.12,16.77,0.64,16.611,long_nclose,10.63104,0.009422541217242312,7.0
1709721060000.0,94231,1709721060000.0,0.015899999999999893,-0.0003354,1128.271706430004,1128.363506430004,-0.1,16.77,0.54,16.611,long_nclose,8.969940000000001,0.007950159477438318,5.0
1709721180000.0,94233,1709721180000.0,0.014309999999999903,-0.00030186,1128.285714570004,1128.359964570004,-0.09,16.77,0.45,16.611,long_nclose,7.474950000000001,0.006625050644063809,2.0
1709721300000.0,94235,1709721300000.0,0.011129999999999925,-0.00023478000000000005,1128.2966097900041,1128.3581697900042,-0.07,16.77,0.38,16.611,long_nclose,6.312180000000001,0.005594433188250746,2.0
1709721420000.0,94237,1709721420000.0,0.009539999999999936,-0.00020124000000000002,1128.3059485500041,1128.3625885500041,-0.06,16.77,0.32,16.611,long_nclose,5.31552,0.004711062639376333,2.0
1709721540000.0,94239,1709721540000.0,0.007949999999999947,-0.0001677,1128.313730850004,1128.3596308500041,-0.05,16.77,0.27,16.611,long_nclose,4.484970000000001,0.003974931685552823,2.0
1709721780000.0,94243,1709721780000.0,0.006359999999999957,-0.00013416,1128.3199566900041,1128.3659566900042,-0.04,16.77,0.23,16.611,long_nclose,3.82053,0.003386034233771562,4.0
1709722020000.0,94247,1709722020000.0,0.008559999999999946,-0.0001346,1128.3283820900042,1128.3669520900041,-0.04,16.825,0.19,16.611,long_nclose,3.1560900000000003,0.002797137828044324,4.0
1709722080000.0,94248,1709722080000.0,0.006419999999999959,-0.00010094999999999999,1128.3347011400042,1128.3675011400042,-0.03,16.825,0.16,16.611,long_nclose,2.65776,0.0023554712952767944,1.0
1709722320000.0,94252,1709722320000.0,0.006419999999999959,-0.00010094999999999999,1128.3410201900042,1128.3654601900041,-0.03,16.825,0.13,16.611,long_nclose,2.15943,0.0019138097094408286,4.0
1709722560000.0,94256,1709722560000.0,0.004279999999999973,-6.73e-05,1128.3452328900044,1128.3709728900044,-0.02,16.825,0.11,16.611,long_nclose,1.82721,0.0016193714004711214,4.0
1709722620000.0,94257,1709722620000.0,0.005379999999999967,-6.752e-05,1128.3505453700045,1128.3744853700045,-0.02,16.88,0.09,16.611,long_nclose,1.49499,0.0013249339986890053,1.0
1709722680000.0,94258,1709722680000.0,0.005379999999999967,-6.752e-05,1128.3558578500047,1128.3742678500046,-0.02,16.88,0.07,16.611,long_nclose,1.16277,0.0010304993694237286,1.0
1709722740000.0,94259,1709722740000.0,0.0026899999999999836,-3.376e-05,1128.3585140900047,1128.3758540900049,-0.01,16.88,0.06,16.611,long_nclose,0.99666,0.0008832830944726671,1.0
1709722860000.0,94261,1709722860000.0,0.0026899999999999836,-3.376e-05,1128.3611703300048,1128.3752203300048,-0.01,16.88,0.05,16.611,long_nclose,0.8305500000000001,0.0007360675126361308,2.0
1709723040000.0,94264,1709723040000.0,0.0026899999999999836,-3.376e-05,1128.363826570005,1128.374626570005,-0.01,16.88,0.04,16.611,long_nclose,0.66444,0.000588852623909224,3.0
1709723100000.0,94265,1709723100000.0,0.0032399999999999807,-3.387e-05,1128.367032700005,1128.376092700005,-0.01,16.935,0.03,16.611,long_nclose,0.49833,0.0004416382130622645,1.0
1709723460000.0,94271,1709723460000.0,0.0021399999999999865,-3.365e-05,1128.369139050005,1128.373859050005,-0.01,16.825,0.02,16.611,long_nclose,0.33222,0.0002944249257647211,6.0
1709723520000.0,94272,1709723520000.0,0.0026899999999999836,-3.376e-05,1128.3717952900051,1128.3744852900052,-0.01,16.88,0.01,16.611,long_nclose,0.16611,0.0001472121163373352,1.0
1709723760000.0,94276,1709723760000.0,0.0026899999999999836,-3.376e-05,1128.3744515300052,1128.3744515300052,-0.01,16.88,0.0,16.611,long_nclose,0.0,0.0,4.0
1709728800000.0,94360,1709728800000.0,0.0,-0.007358560000000002,1128.3670929700052,1128.3560929700052,2.2,16.724,2.2,16.724,long_ientry_normal,36.79280000000001,0.03260711893250688,84.0
1709729160000.0,94366,1709729160000.0,0.0,-0.0073467,1128.3597462700052,1127.7199962700051,2.25,16.326,4.45,16.52276404494382,long_rentry,73.5263,0.06516210831080631,6.0
1709733720000.0,94442,1709733720000.0,0.11709460674157406,-0.002468788,1128.4743720887468,1129.1022374820052,-0.74,16.681,3.71,16.52276404494382,long_nclose,61.29945460674157,0.054320643979959865,76.0
1709733900000.0,94445,1709733900000.0,0.15705460674157293,-0.00247678,1128.6289499154884,1129.2474107020053,-0.74,16.735,2.97,16.52276404494382,long_nclose,49.07260921348315,0.043479842703979636,3.0
1709733960000.0,94446,1709733960000.0,0.125219213483146,-0.00197473,1128.7521943989716,1129.2573159720052,-0.59,16.735,2.38,16.52276404494382,long_nclose,39.32417842696629,0.03483862855115449,1.0
1709734020000.0,94447,1709734020000.0,0.09975089887640443,-0.0015730899999999999,1128.850372207848,1129.2843928820055,-0.47,16.735,1.91,16.52276404494382,long_nclose,31.558479325842693,0.027956299703493413,1.0
1709734860000.0,94461,1709734860000.0,0.049053146067416155,-0.0010342220000000002,1128.8983911319153,1129.1035686600053,-0.31,16.681,1.6,16.52276404494382,long_nclose,26.436422471910113,0.023417893655958744,14.0
1709734920000.0,94462,1709734920000.0,0.0,-0.002029714,1128.8963614179154,1129.0548289460053,0.61,16.637,2.21,16.554295236158424,long_ientry_partial,36.58499247191012,0.032407751253586,1.0
1709737620000.0,94507,1709737620000.0,0.0,-0.007369416,1128.8889920019153,1128.1545095300053,2.28,16.161,4.49,16.35458184229624,long_rentry,73.43207247191013,0.06504808975211049,45.0
1709738880000.0,94528,1709738880000.0,0.11574943670078092,-0.002443628,1129.002297810616,1129.5138659020051,-0.74,16.511,3.75,16.35458184229624,long_nclose,61.32968190861091,0.05432201690602637,21.0
1709739000000.0,94530,1709739000000.0,0.09697925777632996,-0.002047364,1129.0972297043925,1129.6838485380053,-0.62,16.511,3.13,16.35458184229624,long_nclose,51.18984116638723,0.0453369646295113,2.0
1709739060000.0,94531,1709739060000.0,0.13045925777633122,-0.0020540600000000003,1129.2256349021686,1129.728684478005,-0.62,16.565,2.51,16.35458184229624,long_nclose,41.050000424163564,0.03635234549711579,1.0
1709739240000.0,94534,1709739240000.0,0.10520907885188002,-0.0016565000000000002,1129.3291874810204,1129.746097978005,-0.5,16.565,2.01,16.35458184229624,long_nclose,32.87270950301544,0.029108173123850927,3.0
1709739540000.0,94539,1709739540000.0,0.05161799204224014,-0.001089726,1129.3797157470628,1129.6760982520052,-0.33,16.511,1.68,16.35458184229624,long_nclose,27.475697495057684,0.024328130842055228,5.0
1709739600000.0,94540,1709739600000.0,0.0,-0.0018183000000000003,1129.3778974470629,1129.6569899520052,0.55,16.53,2.23,16.397846410339767,long_ientry_partial,36.56719749505768,0.03237817702800553,1.0
1709739900000.0,94545,1709739900000.0,0.05777682817428566,-0.001224996,1129.4344492792372,1129.7174549560052,-0.37,16.554,1.86,16.397846410339767,long_nclose,30.499994323231967,0.02700466091033076,5.0
1709739960000.0,94546,1709739960000.0,0.04840761279467177,-0.001026348,1129.4818305440317,1129.7409186080051,-0.31,16.554,1.55,16.397846410339767,long_nclose,25.41666193602664,0.02250294006392677,1.0
1709740080000.0,94548,1709740080000.0,0.0,-0.0022475360000000005,1129.4795830080318,1129.5600310720051,0.68,16.526,2.23,16.436924634989527,long_ientry_partial,36.65434193602665,0.03245241657083234,2.0
1709740800000.0,94560,1709740800000.0,0.05811788505387543,-0.001227956,1129.5364729370856,1129.785853116005,-0.37,16.594,1.86,16.436924634989527,long_nclose,30.572679821080524,0.027066571601343414,12.0
1709741040000.0,94564,1709741040000.0,0.04869336315324698,-0.001028828,1129.5841374722388,1129.812104288005,-0.31,16.594,1.55,16.436924634989527,long_nclose,25.477233184233768,0.02255452457153499,4.0
1709741160000.0,94566,1709741160000.0,0.039268841252618536,-0.0008297000000000001,1129.6225766134914,1129.847574588005,-0.25,16.594,1.3,16.436924634989527,long_nclose,21.368002025486387,0.01891605432457429,2.0
1709741640000.0,94574,1709741640000.0,0.03298582665219957,-0.0006969480000000001,1129.6548654921437,1129.844607640005,-0.21,16.594,1.09,16.436924634989527,long_nclose,17.916247852138586,0.01585993067389943,8.0
1709742000000.0,94580,1709742000000.0,0.028273565701885345,-0.0005973840000000001,1129.6825416738457,1129.8527802560052,-0.18,16.594,0.91,16.436924634989527,long_nclose,14.95760141784047,0.013240535164576286,6.0
1709742180000.0,94583,1709742180000.0,0.02356130475157112,-0.0004978200000000001,1129.7056051585973,1129.8272624360052,-0.15,16.594,0.76,16.436924634989527,long_nclose,12.49206272259204,0.011057803613215057,3.0
1709742360000.0,94586,1709742360000.0,0.018849043801256897,-0.00039825600000000004,1129.7240559463987,1129.8418641800054,-0.12,16.594,0.64,16.436924634989527,long_nclose,10.519631766393298,0.009311682539662957,3.0
1709742540000.0,94589,1709742540000.0,0.015707536501047416,-0.00033188000000000005,1129.7394316028997,1129.8490923000054,-0.1,16.594,0.54,16.436924634989527,long_nclose,8.875939302894345,0.007856625213391873,3.0
1709742720000.0,94592,1709742720000.0,0.014136782850942673,-0.00029869200000000003,1129.7532696937508,1129.8041536080054,-0.09,16.594,0.45,16.436924634989527,long_nclose,7.396616085745287,0.006547107482813778,3.0
1709742900000.0,94595,1709742900000.0,0.0,-0.005880052,1129.7473896417507,1129.7410535560055,1.78,16.517,2.23,16.500841294056183,long_ientry_partial,36.79687608574529,0.03257088834470667,3.0
1709744220000.0,94617,1709744220000.0,0.058148721199212654,-0.001232692,1129.8043056709498,1130.1059208640054,-0.37,16.658,1.86,16.500841294056183,long_nclose,30.691564806944502,0.02716538134338043,22.0
1709747400000.0,94670,1709747400000.0,0.04871919884258357,-0.001032796,1129.8519920737924,1130.1079880680054,-0.31,16.658,1.55,16.500841294056183,long_nclose,25.576304005787083,0.022636862337024277,53.0
1709747520000.0,94672,1709747520000.0,0.039289676485954494,-0.0008329000000000001,1129.8904488502783,1130.0973551680052,-0.25,16.658,1.3,16.500841294056183,long_nclose,21.45109368227304,0.01898510931223521,2.0
1709747760000.0,94676,1709747760000.0,0.03300332824820178,-0.000699636,1129.9227525425265,1130.1005955320052,-0.21,16.658,1.09,16.500841294056183,long_nclose,17.98591701052124,0.01591782886931849,4.0
1709747880000.0,94678,1709747880000.0,0.028288567069887235,-0.000599688,1129.9504414215965,1130.1016458440054,-0.18,16.658,0.91,16.500841294056183,long_nclose,15.015765577591127,0.013288870933755038,2.0
1709748060000.0,94681,1709748060000.0,0.023573805891572697,-0.00049974,1129.9735154874882,1130.0959961040055,-0.15,16.658,0.76,16.500841294056183,long_nclose,12.540639383482699,0.01109817107356934,3.0
1709748480000.0,94688,1709748480000.0,0.018859044713258156,-0.00039979200000000005,1129.9919747402014,1130.0919163120054,-0.12,16.658,0.64,16.500841294056183,long_nclose,10.560538428195958,0.009345675601478455,7.0
1709748540000.0,94689,1709748540000.0,0.015715870594381797,-0.00033316000000000004,1130.0073574507958,1130.0825031520055,-0.1,16.658,0.54,16.500841294056183,long_nclose,8.91045429879034,0.007885306445164744,1.0
1709749380000.0,94703,1709749380000.0,0.014144283534943618,-0.000299844,1130.0212018903308,1130.0914733080056,-0.09,16.658,0.45,16.500841294056183,long_nclose,7.4253785823252825,0.006571008198699196,14.0
1709749440000.0,94704,1709749440000.0,0.011001109416067259,-0.00023321200000000003,1130.031969787747,1130.0932100960056,-0.07,16.658,0.38,16.500841294056183,long_nclose,6.270319691741349,0.0055487984936559796,1.0
1709749560000.0,94706,1709749560000.0,0.009429522356629078,-0.00019989600000000003,1130.0411994141036,1130.0825302000057,-0.06,16.658,0.32,16.500841294056183,long_nclose,5.280269214097979,0.004672634251596896,2.0
1709749740000.0,94709,1709749740000.0,0.007857935297190899,-0.00016658000000000002,1130.0488907694007,1130.0924036200056,-0.05,16.658,0.27,16.500841294056183,long_nclose,4.45522714939517,0.003942508316044451,3.0
1709750880000.0,94728,1709750880000.0,0.0,-0.00647584,1130.0424149294008,1130.0252877800056,1.96,16.52,2.23,16.517680336051644,long_ientry_partial,36.83442714939517,0.032595614697963696,19.0
1709751300000.0,94735,1709751300000.0,0.05820827566089207,-0.0012339500000000002,1130.0993892550619,1130.3734038300058,-0.37,16.675,1.86,16.517680336051644,long_nclose,30.72288542505606,0.02718600303404106,7.0
1709752980000.0,94763,1709752980000.0,0.04876909582399065,-0.00103385,1130.1471245008856,1130.3940699800055,-0.31,16.675,1.55,16.517680336051644,long_nclose,25.60240452088005,0.022654045624534956,28.0
1709753100000.0,94765,1709753100000.0,0.06581909582399056,-0.0010372600000000001,1130.2119063367097,1130.4590627200057,-0.31,16.73,1.24,16.517680336051644,long_nclose,20.481923616704037,0.018122197706349517,2.0
1709753160000.0,94766,1709753160000.0,0.050956719347605595,-0.0008030400000000001,1130.2620600160574,1130.4783796800057,-0.24,16.73,1.0,16.517680336051644,long_nclose,16.517680336051644,0.01461402706538427,1.0
1709753280000.0,94768,1709753280000.0,0.0668299159870891,-0.00083925,1130.3280506820445,1130.5277904300058,-0.25,16.785,0.75,16.517680336051644,long_nclose,12.388260252038734,0.01095988040336043,2.0
1709753400000.0,94770,1709753400000.0,0.048117539510704146,-0.00060426,1130.3755639615551,1130.5364861700057,-0.18,16.785,0.57,16.517680336051644,long_nclose,9.415077791549436,0.00832915899079861,2.0
1709753520000.0,94772,1709753520000.0,0.037424752952769896,-0.0004699800000000001,1130.412518734508,1130.5240261900058,-0.14,16.785,0.43,16.517680336051644,long_nclose,7.102602544502207,0.006283195228989095,2.0
1709753700000.0,94775,1709753700000.0,0.016985573115868534,-0.00026768,1130.4292366276238,1130.4993485100058,-0.08,16.73,0.35,16.517680336051644,long_nclose,5.781188117618075,0.005114153040543186,3.0
1709753760000.0,94776,1709753760000.0,0.014862376476384968,-0.00023422000000000007,1130.4438647841002,1130.5055542900059,-0.07,16.73,0.28,16.517680336051644,long_nclose,4.624950494094461,0.0040912694899518645,1.0
1709754000000.0,94780,1709754000000.0,0.018712376476384948,-0.00023499000000000005,1130.4623421705764,1130.5174293000057,-0.07,16.785,0.21,16.517680336051644,long_nclose,3.468712870570845,0.0030684019636697,4.0
1709754300000.0,94785,1709754300000.0,0.01336598319741782,-0.00016785000000000001,1130.4755403037739,1130.5199114500056,-0.05,16.785,0.16,16.517680336051644,long_nclose,2.642828853768263,0.002337802773740774,5.0
1709754480000.0,94788,1709754480000.0,0.010692786557934255,-0.00013428,1130.4860988103317,1130.5197371700056,-0.04,16.785,0.12,16.517680336051644,long_nclose,1.9821216403261972,0.0017533357043594655,3.0
1709754600000.0,94790,1709754600000.0,0.008019589918450691,-0.00010070999999999999,1130.49401769025,1130.5178964600054,-0.03,16.785,0.09,16.517680336051644,long_nclose,1.4865912302446478,0.0013149925669504662,2.0
1709754660000.0,94791,1709754660000.0,0.005346393278967128,-6.714e-05,1130.499296943529,1130.5181493200055,-0.02,16.785,0.07,16.517680336051644,long_nclose,1.1562376235236151,0.0010227672203332399,1.0
1709754780000.0,94793,1709754780000.0,0.002673196639483564,-3.357e-05,1130.5019365701687,1130.5168957500057,-0.01,16.785,0.06,16.517680336051644,long_nclose,0.9910608201630986,0.0008766555705069195,2.0
1709755260000.0,94801,1709755260000.0,0.0015731966394835694,-3.3350000000000004e-05,1130.5034764168083,1130.5124924000058,-0.01,16.675,0.05,16.517680336051644,long_nclose,0.8258840168025823,0.0007305453136864879,8.0
1709755320000.0,94802,1709755320000.0,0.0021231966394835667,-3.346e-05,1130.505566153448,1130.5142989400058,-0.01,16.73,0.04,16.517680336051644,long_nclose,0.6607072134420657,0.0005844351706202792,1.0
1709755680000.0,94808,1709755680000.0,0.0021231966394835667,-3.346e-05,1130.5076558900876,1130.514355480006,-0.01,16.73,0.03,16.517680336051644,long_nclose,0.4955304100815493,0.0004383255677215217,6.0
1709755920000.0,94812,1709755920000.0,0.0021231966394835667,-3.346e-05,1130.5097456267272,1130.514072020006,-0.01,16.73,0.02,16.517680336051644,long_nclose,0.33035360672103287,0.00029221650498721956,4.0
1709756100000.0,94815,1709756100000.0,0.0021231966394835667,-3.346e-05,1130.5118353633668,1130.5140585600063,-0.01,16.73,0.01,16.517680336051644,long_nclose,0.16517680336051643,0.0001461079824143775,3.0
1709757000000.0,94830,1709757000000.0,0.0015731966394835694,-3.3350000000000004e-05,1130.5133752100064,1130.5133752100064,-0.01,16.675,0.0,16.517680336051644,long_nclose,0.0,0.0,15.0
1709782680000.0,95258,1709782680000.0,0.0,-0.00735429,1130.5060209200064,1130.4673209200064,2.15,17.103,2.15,17.103,long_ientry_normal,36.77145,0.032526540610615565,428.0
1709790060000.0,95381,1709790060000.0,0.0,-0.007379632000000001,1130.4986412880064,1129.4273912880064,2.21,16.696,4.36,16.896699541284402,long_rentry,73.66960999999999,0.06516558915636227,123.0
1709821260000.0,95901,1709821260000.0,0.11613633027523036,-0.002456352,1130.6123212662815,1131.1630549360063,-0.72,17.058,3.64,16.896699541284402,long_nclose,61.503986330275225,0.05439882900036946,520.0
1709821320000.0,95902,1709821320000.0,0.09678027522935863,-0.00204696,1130.7070545815109,1131.2095679760064,-0.6,17.058,3.04,16.896699541284402,long_nclose,51.36596660550458,0.045428182655600204,1.0
1709821500000.0,95905,1709821500000.0,0.08065022935779886,-0.0017058000000000002,1130.7859990108686,1131.2668221760061,-0.5,17.058,2.54,16.896699541284402,long_nclose,42.91761683486238,0.037953792205071224,3.0
1709821980000.0,95913,1709821980000.0,0.06774619266055104,-0.001432872,1130.8523123315292,1131.1243093040064,-0.42,17.058,2.12,16.896699541284402,long_nclose,35.821003027522934,0.031676110697133525,8.0
1709822100000.0,95915,1709822100000.0,0.0564551605504592,-0.00119406,1130.9075734320797,1131.2196252440065,-0.35,17.058,1.77,16.896699541284402,long_nclose,29.907158188073392,0.02644527182474436,2.0
1709822280000.0,95918,1709822280000.0,0.046777133027523336,-0.000989364,1130.9533612011073,1131.1743258800063,-0.29,17.058,1.48,16.896699541284402,long_nclose,25.007115321100915,0.022111535434620036,3.0
1709822340000.0,95919,1709822340000.0,0.038712110091743454,-0.000818784,1130.9912545271989,1131.2123470960062,-0.24,17.058,1.24,16.896699541284402,long_nclose,20.95190743119266,0.018525260338950564,1.0
1709822700000.0,95925,1709822700000.0,0.0,-0.00319124,1130.9880632871989,1130.7777858560062,0.95,16.796,2.19,16.853017091868793,long_ientry_partial,36.908107431192654,0.032633507487178796,6.0
1709827260000.0,96001,1709827260000.0,0.057953846927234307,-0.0012250079999999999,1131.0447921261261,1131.3357308480063,-0.36,17.014,1.83,16.853017091868793,long_nclose,30.841021278119893,0.02726772758499269,76.0
1709827320000.0,96002,1709827320000.0,0.048294872439361924,-0.00102084,1131.0920661585656,1131.3689700080063,-0.3,17.014,1.53,16.853017091868793,long_nclose,25.785116150559254,0.022796655481928284,1.0
1709827320000.0,96002,1709827320000.0,0.0650948724393622,-0.0010242,1131.156136831005,1131.3787458080062,-0.3,17.07,1.23,16.853017091868793,long_nclose,20.729211022998616,0.01832568497667583,0.0
1709827380000.0,96003,1709827380000.0,0.052075897951489765,-0.00081936,1131.2073933689564,1131.4519064480064,-0.24,17.07,0.99,16.853017091868793,long_nclose,16.684486920950103,0.014749273226778022,1.0
1709827440000.0,96004,1709827440000.0,0.06551589795148999,-0.000822048,1131.272087218908,1131.4798244000062,-0.24,17.126,0.75,16.853017091868793,long_nclose,12.639762818901595,0.011173052850596608,1.0
1709827440000.0,96004,1709827440000.0,0.07895589795148936,-0.000824736,1131.3502183808596,1131.4914796640064,-0.24,17.182,0.51,16.853017091868793,long_nclose,8.595038716853084,0.007597151242127251,0.0
1709827560000.0,96006,1709827560000.0,0.05592709438230497,-0.000584188,1131.4055612872419,1131.5109554760065,-0.17,17.182,0.34,16.853017091868793,long_nclose,5.73002581123539,0.005064519750739185,2.0
1709827620000.0,96007,1709827620000.0,0.03618811989443262,-0.000378004,1131.4413714031364,1131.5207174720065,-0.11,17.182,0.23,16.853017091868793,long_nclose,3.8761939311298224,0.003425890222065003,1.0
1709827740000.0,96009,1709827740000.0,0.023028803569184398,-0.000240548,1131.4641596587055,1131.5180769240064,-0.07,17.182,0.16,16.853017091868793,long_nclose,2.696482734699007,0.002383179981160316,2.0
1709827740000.0,96009,1709827740000.0,0.02687880356918438,-0.00024131800000000002,1131.4907971442747,1131.5211256060065,-0.07,17.237,0.09,16.853017091868793,long_nclose,1.5167715382681912,0.0013405071805235283,0.0
1709827740000.0,96009,1709827740000.0,0.03959846173180857,-0.000311274,1131.5300843320065,1131.5300843320065,-0.09,17.293,0.0,16.853017091868793,long_nclose,0.0,0.0,0.0
1709862960000.0,96596,1709862960000.0,0.0,-0.007377404000000001,1131.5227069280065,1131.4826169280066,2.11,17.482,2.11,17.482,long_ientry_normal,36.88702,0.032599451848514205,587.0
1709871000000.0,96730,1709871000000.0,0.05845000000000055,-0.00123543,1131.5799214980066,1131.8949614980065,-0.35,17.649,1.76,17.482,long_nclose,30.76832,0.027190584964841304,134.0
1709871120000.0,96732,1709871120000.0,0.04843000000000046,-0.001023642,1131.6273278560066,1131.8390078560067,-0.29,17.649,1.47,17.482,long_nclose,25.698539999999998,0.022709366738861574,2.0
1709871240000.0,96734,1709871240000.0,0.04008000000000038,-0.000847152,1131.6665607040065,1131.9076407040066,-0.24,17.649,1.23,17.482,long_nclose,21.50286,0.019001056271047836,2.0
1709871480000.0,96738,1709871480000.0,0.03340000000000032,-0.00070596,1131.6992547440066,1131.8846547440066,-0.2,17.649,1.03,17.482,long_nclose,18.00646,0.015910993954019268,4.0
1709871660000.0,96741,1709871660000.0,0.028390000000000273,-0.0006000660000000001,1131.7270446780065,1131.8672246780066,-0.17,17.649,0.86,17.482,long_nclose,15.034519999999999,0.01328458135793472,3.0
1709871720000.0,96742,1709871720000.0,0.023380000000000224,-0.0004941720000000001,1131.7499305060066,1131.8831305060066,-0.14,17.649,0.72,17.482,long_nclose,12.587039999999998,0.011121750185902215,1.0
1709871960000.0,96746,1709871960000.0,0.0315000000000002,-0.0004957960000000001,1131.7809347100067,1131.9033147100067,-0.14,17.707,0.58,17.482,long_nclose,10.13956,0.00895894222020804,4.0
1709872260000.0,96751,1709872260000.0,0.015030000000000142,-0.000317682,1131.7956470280067,1131.8691470280066,-0.09,17.649,0.49,17.482,long_nclose,8.56618,0.007568663143822841,5.0
1709873340000.0,96769,1709873340000.0,0.013360000000000127,-0.00028238400000000005,1131.8087246440066,1131.8751446440067,-0.08,17.649,0.41,17.482,long_nclose,7.167619999999999,0.00633288986374837,18.0
1709873400000.0,96770,1709873400000.0,0.010020000000000095,-0.000211788,1131.8185328560066,1131.8738328560066,-0.06,17.649,0.35,17.482,long_nclose,6.1187,0.005406078644568757,1.0
1709873460000.0,96771,1709873460000.0,0.00835000000000008,-0.00017649,1131.8267063660066,1131.8807063660067,-0.05,17.649,0.3,17.482,long_nclose,5.244599999999999,0.004633748232394171,1.0
1709875260000.0,96801,1709875260000.0,0.0,-0.006321968,1131.8203843980066,1131.7959943980065,1.81,17.464,2.11,17.46655924170616,long_ientry_partial,36.85444,0.0325620924556878,30.0
1709888640000.0,97024,1709888640000.0,0.05825426540284333,-0.0012343099999999997,1131.8774043534095,1132.1703400880067,-0.35,17.633,1.76,17.46655924170616,long_nclose,30.741144265402845,0.027159429234267535,223.0
1709888700000.0,97025,1709888700000.0,0.04826781990521304,-0.0010227139999999999,1131.9246494593147,1132.1296273740065,-0.29,17.633,1.47,17.46655924170616,long_nclose,25.675842085308055,0.022683349194288337,1.0
1709888820000.0,97027,1709888820000.0,0.03994578199052114,-0.0008463839999999999,1131.9637488573053,1132.1746209900068,-0.24,17.633,1.23,17.46655924170616,long_nclose,21.483867867298578,0.018979289653918787,2.0
1709888940000.0,97029,1709888940000.0,0.03328815165876762,-0.0007053200000000001,1131.9963316889641,1132.1790956700067,-0.2,17.633,1.03,17.46655924170616,long_nclose,17.990556018957346,0.01589276883266488,2.0
1709889180000.0,97033,1709889180000.0,0.04488815165876758,-0.0007076399999999999,1132.040512200623,1132.2433980300068,-0.2,17.691,0.83,17.46655924170616,long_nclose,14.497244170616113,0.012806294487141885,4.0
1709889240000.0,97034,1709889240000.0,0.056488151658767555,-0.00070996,1132.0962903922818,1132.283678070007,-0.2,17.749,0.63,17.46655924170616,long_nclose,11.003932322274881,0.009719961469409918,1.0
1709889600000.0,97040,1709889600000.0,0.02693289099526055,-0.000424584,1132.1227986992772,1132.240833486007,-0.12,17.691,0.51,17.46655924170616,long_nclose,8.907945213270143,0.007868355997692734,6.0
1709889780000.0,97043,1709889780000.0,0.02244407582938379,-0.00035381999999999997,1132.1448889551064,1132.2315796660068,-0.1,17.691,0.41,17.46655924170616,long_nclose,7.161289289099526,0.0063254176730938695,3.0
1709889840000.0,97044,1709889840000.0,0.017955260663507035,-0.000283056,1132.16256115977,1132.2254066100068,-0.08,17.691,0.33,17.46655924170616,long_nclose,5.763964549763034,0.005091110364803547,1.0
1709889900000.0,97045,1709889900000.0,0.013466445497630274,-0.000212292,1132.1758153132675,1132.2399243180068,-0.06,17.691,0.27,17.46655924170616,long_nclose,4.715970995260664,0.0041654051707117395,1.0
1709890080000.0,97048,1709890080000.0,0.011222037914691896,-0.00017690999999999999,1132.1868604411823,1132.234037408007,-0.05,17.691,0.22,17.46655924170616,long_nclose,3.8426430331753556,0.0033940007320681876,3.0
1709890140000.0,97049,1709890140000.0,0.008977630331753517,-0.000141528,1132.195696543514,1132.232315880007,-0.04,17.691,0.18,17.46655924170616,long_nclose,3.143980663507109,0.002776888017774121,1.0
1709890380000.0,97053,1709890380000.0,0.004993222748815142,-0.00010579799999999999,1132.200583968263,1132.234100082007,-0.03,17.633,0.15,17.46655924170616,long_nclose,2.619983886255924,0.0023140633588733125,4.0
1709890380000.0,97053,1709890380000.0,0.006733222748815137,-0.000106146,1132.2072110450117,1132.234023936007,-0.03,17.691,0.12,17.46655924170616,long_nclose,2.095987109004739,0.0018512398512902702,0.0
1709890440000.0,97054,1709890440000.0,0.004488815165876759,-7.0764e-05,1132.2116290961776,1132.234573172007,-0.02,17.691,0.1,17.46655924170616,long_nclose,1.746655924170616,0.0015426938562404075,1.0
1709890500000.0,97055,1709890500000.0,0.005648815165876755,-7.0996e-05,1132.2172069153435,1132.240282176007,-0.02,17.749,0.08,17.46655924170616,long_nclose,1.397324739336493,0.0012341490049806068,1.0
1709890860000.0,97061,1709890860000.0,0.005648815165876755,-7.0996e-05,1132.2227847345093,1132.239851180007,-0.02,17.749,0.06,17.46655924170616,long_nclose,1.0479935545023695,0.0009256071937715947,6.0
1709891100000.0,97065,1709891100000.0,0.0028244075829383774,-3.5498e-05,1132.2255736440923,1132.240395682007,-0.01,17.749,0.05,17.46655924170616,long_nclose,0.873327962085308,0.0007713374281720941,4.0
1709891340000.0,97069,1709891340000.0,0.0028244075829383774,-3.5498e-05,1132.2283625536752,1132.239780184007,-0.01,17.749,0.04,17.46655924170616,long_nclose,0.6986623696682465,0.0006170684225684421,4.0
1709891460000.0,97071,1709891460000.0,0.0028244075829383774,-3.5498e-05,1132.2311514632581,1132.239954686007,-0.01,17.749,0.03,17.46655924170616,long_nclose,0.5239967772511848,0.0004628001769550225,2.0
1709891580000.0,97073,1709891580000.0,0.0028244075829383774,-3.5498e-05,1132.233940372841,1132.2396891880069,-0.01,17.749,0.02,17.46655924170616,long_nclose,0.34933118483412323,0.0003085326913262197,2.0
1709891700000.0,97075,1709891700000.0,0.0028244075829383774,-3.5498e-05,1132.236729282424,1132.239613690007,-0.01,17.749,0.01,17.46655924170616,long_nclose,0.17466559241706162,0.0001542659656764175,2.0
1709891880000.0,97078,1709891880000.0,0.0022444075829383793,-3.5382e-05,1132.238938308007,1132.238938308007,-0.01,17.691,0.0,17.46655924170616,long_nclose,0.0,0.0,3.0
1709896860000.0,97161,1709896860000.0,0.0,-0.0073736059999999996,1132.2315647020068,1132.214684702007,2.11,17.473,2.11,17.473,long_ientry_normal,36.86803,0.032562270077414184,83.0
1709898300000.0,97185,1709898300000.0,0.05845000000000055,-0.0012347999999999999,1132.2887799020068,1132.6090999020068,-0.35,17.64,1.76,17.473,long_nclose,30.75248,0.027159573198863148,24.0
1709898480000.0,97188,1709898480000.0,0.07875000000000049,-0.00123886,1132.3662910420067,1132.7794210420066,-0.35,17.698,1.41,17.473,long_nclose,24.636929999999996,0.02175703232681805,3.0
1709898480000.0,97188,1709898480000.0,0.09905000000000043,-0.00124292,1132.4640981220066,1132.7746781220067,-0.35,17.756,1.06,17.473,long_nclose,18.52138,0.01635493790109061,0.0
1709898720000.0,97192,1709898720000.0,0.0472500000000003,-0.000743316,1132.5106048060068,1132.6687048060069,-0.21,17.698,0.85,17.473,long_nclose,14.852049999999998,0.01311427013307666,4.0
1709898960000.0,97196,1709898960000.0,0.03825000000000024,-0.0006017320000000001,1132.5482530740069,1132.6808530740068,-0.17,17.698,0.68,17.473,long_nclose,11.88164,0.010491067349890292,4.0
1709900100000.0,97215,1709900100000.0,0.0,-0.004998422000000001,1132.543254652007,1132.5860646520068,1.43,17.477,2.11,17.475710900473935,long_ientry_partial,36.87375,0.03255835911656203,19.0
1709911920000.0,97412,1709911920000.0,0.0,-0.007369920000000001,1132.535884732007,1130.3307647320069,2.16,17.06,4.27,17.26542154566745,long_rentry,73.72335000000001,0.06509581814923704,197.0
1709911920000.0,97412,1709911920000.0,0.0,-0.00737704,1132.528507692007,1130.285987692007,2.2,16.766,6.47,17.0956027820711,long_rentry,110.60855000000002,0.09766513535752885,0.0
1709911920000.0,97412,1709911920000.0,0.0,-0.007397824000000002,1132.521109868007,1130.807229868007,2.24,16.513,8.71,16.945771526980483,long_rentry,147.59767000000002,0.13032663913629144,0.0
1709911920000.0,97412,1709911920000.0,0.0,-0.009442400000000002,1132.511667468007,1132.157887468007,2.9,16.28,11.61,16.779472006890614,long_rentry,194.80967,0.1720155964799394,0.0
1709911980000.0,97413,1709911980000.0,0.30981902670111655,-0.006538840000000001,1132.814947654708,1134.9496586280068,-1.93,16.94,9.68,16.779472006890614,long_nclose,162.42528902670114,0.1433820143024894,1.0
1709911980000.0,97413,1709911980000.0,0.41596902670111596,-0.00656007,1133.2243566114091,1134.9334485580068,-1.93,16.995,7.75,16.779472006890614,long_nclose,130.04090805340226,0.11475301187688312,0.0
1709911980000.0,97413,1709911980000.0,0.524049026701111,-0.006581686,1133.7418239521103,1135.025296872007,-1.93,17.051,5.82,16.779472006890614,long_nclose,97.65652708010339,0.08613647747393012,0.0
1709912040000.0,97414,1709912040000.0,0.3937155900086067,-0.00494479,1134.130594752119,1134.989422082007,-1.45,17.051,4.37,16.779472006890614,long_nclose,73.32629267011198,0.06465418798276801,1.0
1709912100000.0,97415,1709912100000.0,0.18750935400516627,-0.00295713,1134.3151469761242,1135.401994952007,-0.87,16.995,3.5,16.779472006890614,long_nclose,58.72815202411715,0.051774105442103646,1.0
1709912100000.0,97415,1709912100000.0,0.236229354005164,-0.0029668739999999996,1134.5484094561293,1135.365098078007,-0.87,17.051,2.63,16.779472006890614,long_nclose,44.13001137812231,0.03889654333857557,0.0
1709912100000.0,97415,1709912100000.0,0.2849493540051648,-0.002976618,1134.8303821921345,1135.376911460007,-0.87,17.107,1.76,16.779472006890614,long_nclose,29.53187073212748,0.026023158346431666,0.0
1709912160000.0,97416,1709912160000.0,0.1899662360034432,-0.0019844119999999996,1135.018364016138,1135.230207048007,-0.58,17.107,1.18,16.779472006890614,long_nclose,19.799776968130924,0.017444455169933624,1.0
1709912220000.0,97417,1709912220000.0,0.0,-0.0033918,1135.0149722161382,1135.2289952480073,1.0,16.959,2.18,16.861824297307763,long_ientry_partial,36.758776968130924,0.032386160418975546,1.0
1709912220000.0,97417,1709912220000.0,0.03063041161921479,-0.0007817700000000002,1135.0448208577575,1135.2362634780075,-0.23,16.995,1.95,16.861824297307763,long_nclose,32.88055737975014,0.02896851012006925,0.0
1709912460000.0,97421,1709912460000.0,0.051576224861515814,-0.001089472,1135.0953076106189,1135.3205340060072,-0.32,17.023,1.63,16.861824297307763,long_nclose,27.48477360461165,0.024213626309906287,4.0
1709912520000.0,97422,1709912520000.0,0.0,-0.0018700000000000004,1135.0934376106188,1135.4799840060073,0.55,17.0,2.18,16.896685139730113,long_ientry_partial,36.83477360461165,0.03245087354407506,1.0
1709912520000.0,97422,1709912520000.0,0.034105012272869294,-0.000919242,1135.1266233808917,1135.4652947640072,-0.27,17.023,1.91,16.896685139730113,long_nclose,32.272668616884516,0.02843089744539929,0.0
1709912580000.0,97423,1709912580000.0,0.08257964690255719,-0.0013006640000000002,1135.2079023637943,1135.5281541000072,-0.38,17.114,1.53,16.896685139730113,long_nclose,25.851928263787073,0.022772857914357996,1.0
1709912640000.0,97424,1709912640000.0,0.0,-0.002155356,1135.2057470077943,1135.5691987440073,0.63,17.106,2.16,16.95773530730883,long_ientry_partial,36.628708263787075,0.03226614061841565,1.0
1709912640000.0,97424,1709912640000.0,0.046879407807351114,-0.00102684,1135.2515995756019,1135.5645719040074,-0.3,17.114,1.86,16.95773530730883,long_nclose,31.541387671594425,0.027783609979836837,0.0
1709912760000.0,97426,1709912760000.0,0.050302054734262885,-0.00106144,1135.300840190336,1135.6190004640073,-0.31,17.12,1.55,16.95773530730883,long_nclose,26.284489726328687,0.023152004117183624,2.0
1709912820000.0,97427,1709912820000.0,0.0,-0.002093886,1135.298746304336,1135.7421865780072,0.61,17.163,2.16,17.01570357700402,long_ientry_partial,36.75391972632869,0.03237378694019643,1.0
1709912820000.0,97427,1709912820000.0,0.049691891128752774,-0.0010649119999999999,1135.3473732834648,1135.7271716660073,-0.31,17.176,1.85,17.01570357700402,long_nclose,31.47905161745744,0.027726361427532886,0.0
1709912820000.0,97427,1709912820000.0,0.06705189112875307,-0.0010683840000000001,1135.4133567905935,1135.7295132820072,-0.31,17.232,1.54,17.01570357700402,long_nclose,26.204183508586194,0.023078981193823567,0.0
1709912880000.0,97428,1709912880000.0,0.0,-0.002100962,1135.4112558285935,1135.8693123200073,0.61,17.221,2.15,17.07395046910986,long_ientry_partial,36.7089935085862,0.03233101074182758,1.0
1709912880000.0,97428,1709912880000.0,0.04831485926704175,-0.0010341,1135.4585365878606,1135.8526782200074,-0.3,17.235,1.85,17.07395046910986,long_nclose,31.586808367853244,0.02781854849827807,0.0
1709912880000.0,97428,1709912880000.0,0.06511485926704204,-0.00103746,1135.5226139871277,1135.8528407600074,-0.3,17.291,1.55,17.07395046910986,long_nclose,26.464623227120285,0.023306117290078282,0.0
1709912940000.0,97429,1709912940000.0,0.0,-0.0020398659999999996,1135.5205741211278,1135.8893208940074,0.59,17.287,2.14,17.132688423887984,long_ientry_partial,36.66395322712029,0.03228823331140215,1.0
1709912940000.0,97429,1709912940000.0,0.05000658859472505,-0.001072228,1135.5695084817223,1135.8848386660072,-0.31,17.294,1.83,17.132688423887984,long_nclose,31.352819815715012,0.027609776047645307,0.0
1709913120000.0,97432,1709913120000.0,0.04899347283360456,-0.00103776,1135.617464194556,1135.8933409060076,-0.3,17.296,1.53,17.132688423887984,long_nclose,26.213013288548616,0.023082608461943974,3.0
1709913180000.0,97433,1709913180000.0,0.0,-0.002112186,1135.615352008556,1135.8527087200075,0.61,17.313,2.14,17.18408564885449,long_ientry_partial,36.773943288548615,0.03238239358380173,1.0
1709913720000.0,97442,1709913720000.0,0.0,-0.007414992,1135.6079370165562,1134.9477837280076,2.21,16.776,4.35,16.97675937667784,long_rentry,73.8489032885486,0.06503028103393041,9.0
1709916360000.0,97486,1709916360000.0,0.11681324879195443,-0.002468016,1135.7222822493482,1136.2930657120075,-0.72,17.139,3.63,16.97675937667784,long_nclose,61.62563653734056,0.05426118471083288,44.0
1709916660000.0,97491,1709916660000.0,0.09734437399329536,-0.00205668,1135.8175699433416,1136.3152190320077,-0.6,17.139,3.03,16.97675937667784,long_nclose,51.439580911333856,0.04528859411278506,5.0
1709916840000.0,97494,1709916840000.0,0.13094437399329592,-0.0020634,1135.946450917335,1136.5253756320078,-0.6,17.195,2.43,16.97675937667784,long_nclose,41.25352528532716,0.03631643485660158,3.0
1709916960000.0,97496,1709916960000.0,0.1645443739932965,-0.00207012,1136.108925171328,1136.6144455120077,-0.6,17.251,1.83,16.97675937667784,long_nclose,31.067469659320448,0.02734550268112311,2.0
1709917080000.0,97498,1709917080000.0,0.07856662439597756,-0.0012380400000000001,1136.186253755724,1136.5423474720076,-0.36,17.195,1.47,16.97675937667784,long_nclose,24.955836283716426,0.0219645645255992,2.0
1709917260000.0,97501,1709917260000.0,0.06328978076342635,-0.00099731,1136.2485462264874,1136.5178701620075,-0.29,17.195,1.18,16.97675937667784,long_nclose,20.03257606447985,0.017630452536998693,3.0
1709917320000.0,97502,1709917320000.0,0.07952978076342664,-0.0010005580000000001,1136.3270754492507,1136.5960696040074,-0.29,17.251,0.89,16.97675937667784,long_nclose,15.109315845243279,0.013296625744194083,1.0
1709917560000.0,97506,1709917560000.0,0.03710090596476718,-0.00058463,1136.3635917252154,1136.5279249740074,-0.17,17.195,0.72,16.97675937667784,long_nclose,12.223266751208044,0.010756475163596896,4.0
1709917620000.0,97507,1709917620000.0,0.049363312197988944,-0.000621036,1136.4123340014135,1136.5733839380075,-0.18,17.251,0.54,16.97675937667784,long_nclose,9.167450063406035,0.00806701035277098,1.0
1709917860000.0,97511,1709917860000.0,0.03565128103188091,-0.00044852600000000004,1136.4475367564455,1136.5595654120077,-0.13,17.251,0.41,16.97675937667784,long_nclose,6.960471344437914,0.006124762577517581,4.0
1709917920000.0,97512,1709917920000.0,0.027424062332216084,-0.0003450200000000001,1136.474615798778,1136.5676903920078,-0.1,17.251,0.31,16.97675937667784,long_nclose,5.26279540677013,0.004630807704465219,1.0
1709918040000.0,97514,1709918040000.0,0.033124062332215945,-0.00034616000000000003,1136.5073937011102,1136.577584232008,-0.1,17.308,0.21,16.97675937667784,long_nclose,3.5651194691023465,0.0031369082936559727,2.0
1709918100000.0,97515,1709918100000.0,0.038724062332216036,-0.00034728000000000005,1136.5457704834425,1136.587926952008,-0.1,17.364,0.11,16.97675937667784,long_nclose,1.8674435314345625,0.0016430869569293495,1.0
1709918340000.0,97519,1709918340000.0,0.009937218699664782,-0.00010384799999999999,1136.5556038541422,1136.585703104008,-0.03,17.308,0.08,16.97675937667784,long_nclose,1.3581407501342273,0.0011949619935255908,4.0
1709918400000.0,97520,1709918400000.0,0.015489624932886414,-0.00013891200000000001,1136.570954567075,1136.5871241920079,-0.04,17.364,0.04,16.97675937667784,long_nclose,0.6790703750671137,0.0005974729270868748,1.0
1709918580000.0,97523,1709918580000.0,0.007744812466443207,-6.945600000000001e-05,1136.5786299235415,1136.586274736008,-0.02,17.364,0.02,16.97675937667784,long_nclose,0.3395351875335568,0.0002987344461653283,3.0
1709918640000.0,97524,1709918640000.0,0.0038724062332216036,-3.4728000000000004e-05,1136.5824676017749,1136.5864500080081,-0.01,17.364,0.01,16.97675937667784,long_nclose,0.1697675937667784,0.00014936671874324564,1.0
1709918760000.0,97526,1709918760000.0,0.004432406233221613,-3.4840000000000005e-05,1136.5868651680082,1136.5868651680082,-0.01,17.42,0.0,16.97675937667784,long_nclose,0.0,0.0,2.0
1709925780000.0,97643,1709925780000.0,0.0,-0.00739987,1136.5794652980082,1136.5257152980082,2.15,17.209,2.15,17.209,long_ientry_normal,36.99935,0.032553245179648624,117.0
1709931960000.0,97746,1709931960000.0,0.05740000000000051,-0.00121611,1136.635649188008,1136.920049188008,-0.35,17.373,1.8,17.209,long_nclose,30.9762,0.0272525325262575,103.0
1709932020000.0,97747,1709932020000.0,0.049200000000000445,-0.00104238,1136.683806808008,1136.941806808008,-0.3,17.373,1.5,17.209,long_nclose,25.813499999999998,0.022709481603761454,1.0
1709934720000.0,97792,1709934720000.0,0.0,-0.002269212,1136.681537596008,1136.658857596008,0.66,17.191,2.16,17.2035,long_ientry_partial,37.15956,0.03269126731713224,45.0
1709936340000.0,97819,1709936340000.0,0.05922000000000011,-0.001250496,1136.739507100008,1137.032007100008,-0.36,17.368,1.8,17.2035,long_nclose,30.966299999999997,0.027241333486332012,27.0
1709936640000.0,97824,1709936640000.0,0.049350000000000095,-0.00104208,1136.787815020008,1137.046565020008,-0.3,17.368,1.5,17.2035,long_nclose,25.805249999999997,0.022700146552455624,5.0
1709936820000.0,97827,1709936820000.0,0.04112500000000008,-0.0008684,1136.8280716200081,1137.038696620008,-0.25,17.368,1.25,17.2035,long_nclose,21.504374999999996,0.01891611892496262,3.0
1709937600000.0,97840,1709937600000.0,0.03290000000000006,-0.00069472,1136.860276900008,1137.037201900008,-0.2,17.368,1.05,17.2035,long_nclose,18.063675,0.01588908977386038,13.0
1709937900000.0,97845,1709937900000.0,0.027965000000000056,-0.0005905120000000001,1136.8876513880082,1137.0280113880083,-0.17,17.368,0.88,17.2035,long_nclose,15.139079999999998,0.013316249834816074,5.0
1709938380000.0,97853,1709938380000.0,0.023030000000000047,-0.000486304,1136.9101950840081,1137.0149050840082,-0.14,17.368,0.74,17.2035,long_nclose,12.73059,0.011197533503566934,8.0
1709943360000.0,97936,1709943360000.0,0.019740000000000035,-0.00041683199999999996,1136.9295182520082,1137.043288252008,-0.12,17.368,0.62,17.2035,long_nclose,10.66617,0.009381557808789137,83.0
1709943420000.0,97937,1709943420000.0,0.026580000000000294,-0.0004182000000000001,1136.9556800520081,1137.0519300520082,-0.12,17.425,0.5,17.2035,long_nclose,8.60175,0.007565598335026152,1.0
1709943540000.0,97939,1709943540000.0,0.02215000000000025,-0.00034850000000000007,1136.9774815520082,1137.0600815520081,-0.1,17.425,0.4,17.2035,long_nclose,6.881399999999999,0.006052362611972476,2.0
1709943600000.0,97940,1709943600000.0,0.017720000000000197,-0.00027880000000000005,1136.9949227520083,1137.0782827520084,-0.08,17.425,0.32,17.2035,long_nclose,5.50512,0.004841815816270563,1.0
1709943600000.0,97940,1709943600000.0,0.022280000000000088,-0.000279712,1137.0169230400081,1137.079443040008,-0.08,17.482,0.24,17.2035,long_nclose,4.128839999999999,0.003631291598510991,0.0
1709943960000.0,97946,1709943960000.0,0.008860000000000099,-0.00013940000000000003,1137.025643640008,1137.067343640008,-0.04,17.425,0.2,17.2035,long_nclose,3.4406999999999996,0.0030260531231161526,6.0
1709944020000.0,97947,1709944020000.0,0.008860000000000099,-0.00013940000000000003,1137.0343642400078,1137.0696442400078,-0.04,17.425,0.16,17.2035,long_nclose,2.75256,0.002420823931596656,1.0
1709945280000.0,97968,1709945280000.0,0.0032900000000000065,-6.9472e-05,1137.037584768008,1137.061874768008,-0.02,17.368,0.14,17.2035,long_nclose,2.40849,0.002118214940530228,21.0
1709945400000.0,97970,1709945400000.0,0.0032900000000000065,-6.9472e-05,1137.040805296008,1137.060545296008,-0.02,17.368,0.12,17.2035,long_nclose,2.0644199999999997,0.0018156076636691725,2.0
1709946900000.0,97995,1709946900000.0,0.0,-0.006994973999999999,1137.033810322008,1137.030420322008,2.03,17.229,2.15,17.227576744186045,long_ientry_partial,37.039289999999994,0.03257536377876966,25.0
1709948880000.0,98028,1709948880000.0,0.057548139534883976,-0.00121744,1137.090141021543,1137.4167028820082,-0.35,17.392,1.8,17.227576744186045,long_nclose,31.009638139534882,0.027271046525543113,33.0
1709949240000.0,98034,1709949240000.0,0.04932697674418627,-0.00104352,1137.1384244782873,1137.3850593620082,-0.3,17.392,1.5,17.227576744186045,long_nclose,25.841365116279068,0.02272490715291319,6.0
1709949480000.0,98038,1709949480000.0,0.04110581395348856,-0.0008696,1137.1786606922408,1137.3979397620083,-0.25,17.392,1.25,17.227576744186045,long_nclose,21.53447093023256,0.018936752574238217,4.0
1709949660000.0,98041,1709949660000.0,0.032884651162790844,-0.0006956800000000001,1137.2108496634035,1137.403444082008,-0.2,17.392,1.05,17.227576744186045,long_nclose,18.08895558139535,0.015906421915293366,3.0
1709950080000.0,98048,1709950080000.0,0.02795195348837222,-0.000591328,1137.2382102888919,1137.3864227540082,-0.17,17.392,0.88,17.227576744186045,long_nclose,15.16026753488372,0.013330775731702304,7.0
1709952180000.0,98083,1709952180000.0,0.023019255813953594,-0.0004869760000000001,1137.2607425687058,1137.3853757780082,-0.14,17.392,0.74,17.227576744186045,long_nclose,12.748406790697674,0.011209748401147768,35.0
1709952660000.0,98091,1709952660000.0,0.030999255813953897,-0.0004885720000000002,1137.2912532525197,1137.436107206008,-0.14,17.449,0.6,17.227576744186045,long_nclose,10.336546046511627,0.009088741355347908,8.0
1709952780000.0,98093,1709952780000.0,0.026570790697674766,-0.000418776,1137.3174052672173,1137.427048430008,-0.12,17.449,0.48,17.227576744186045,long_nclose,8.269236837209302,0.007270825891622059,2.0
1709953320000.0,98102,1709953320000.0,0.019928093023256075,-0.00031408200000000003,1137.3370192782406,1137.4218143480082,-0.09,17.449,0.39,17.227576744186045,long_nclose,6.718754930232558,0.005907444158017745,9.0
1709953620000.0,98107,1709953620000.0,0.009865395348837253,-0.000208704,1137.3466759695896,1137.406875644008,-0.06,17.392,0.33,17.227576744186045,long_nclose,5.685100325581395,0.00499856415435939,5.0
1709953860000.0,98111,1709953860000.0,0.013285395348837383,-0.000209388,1137.3597519769385,1137.4173762560083,-0.06,17.449,0.27,17.227576744186045,long_nclose,4.651445720930233,0.004089687289219768,4.0
1709953920000.0,98112,1709953920000.0,0.01107116279069782,-0.00017449000000000005,1137.370648649729,1137.420681766008,-0.05,17.449,0.22,17.227576744186045,long_nclose,3.79006688372093,0.003332305865480568,1.0
1709954160000.0,98116,1709954160000.0,0.008856930232558256,-0.00013959200000000001,1137.3793659879614,1137.419762174008,-0.04,17.449,0.18,17.227576744186045,long_nclose,3.100963813953488,0.0027264111752721126,4.0
1709954580000.0,98123,1709954580000.0,0.006642697674418691,-0.000104694,1137.3859039916358,1137.4195674800078,-0.03,17.449,0.15,17.227576744186045,long_nclose,2.5841365116279067,0.002271996252598986,7.0
1709955360000.0,98136,1709955360000.0,0.006642697674418691,-0.000104694,1137.3924419953103,1137.419492786008,-0.03,17.449,0.12,17.227576744186045,long_nclose,2.0673092093023255,0.0018175865540970859,13.0
1709956320000.0,98152,1709956320000.0,0.004428465116279128,-6.979600000000001e-05,1137.3968006644266,1137.419042990008,-0.02,17.449,0.1,17.227576744186045,long_nclose,1.7227576744186046,0.0015146496573686782,16.0
1709956560000.0,98156,1709956560000.0,0.004428465116279128,-6.979600000000001e-05,1137.4011593335429,1137.419353194008,-0.02,17.449,0.08,17.227576744186045,long_nclose,1.3782061395348837,0.001211715082427417,4.0
1709957580000.0,98173,1709957580000.0,0.0016442325581395422,-3.4784e-05,1137.402768782101,1137.415888410008,-0.01,17.392,0.07,17.227576744186045,long_nclose,1.2059303720930232,0.0010602491968472168,17.0
1709957640000.0,98174,1709957640000.0,0.002214232558139564,-3.4898000000000004e-05,1137.4049481166592,1137.418173512008,-0.01,17.449,0.06,17.227576744186045,long_nclose,1.0336546046511628,0.0009087832845836581,1.0
1709958000000.0,98180,1709958000000.0,0.002214232558139564,-3.4898000000000004e-05,1137.4071274512173,1137.418248614008,-0.01,17.449,0.05,17.227576744186045,long_nclose,0.8613788372093023,0.0007573179527541218,6.0
1709958120000.0,98182,1709958120000.0,0.002214232558139564,-3.4898000000000004e-05,1137.4093067857755,1137.418483716008,-0.01,17.449,0.04,17.227576744186045,long_nclose,0.6891030697674418,0.0006058532013552712,2.0
1709958300000.0,98185,1709958300000.0,0.002214232558139564,-3.4898000000000004e-05,1137.4114861203336,1137.4177088180081,-0.01,17.449,0.03,17.227576744186045,long_nclose,0.5168273023255814,0.00045438903038377013,3.0
1709958360000.0,98186,1709958360000.0,0.002214232558139564,-3.4898000000000004e-05,1137.4136654548918,1137.4182139200082,-0.01,17.449,0.02,17.227576744186045,long_nclose,0.3445515348837209,0.0003029254398362821,1.0
1709959140000.0,98199,1709959140000.0,0.002214232558139564,-3.4898000000000004e-05,1137.41584478945,1137.418049022008,-0.01,17.449,0.01,17.227576744186045,long_nclose,0.17227576744186046,0.00015146242970947085,13.0
1709959380000.0,98203,1709959380000.0,0.002214232558139564,-3.4898000000000004e-05,1137.418024124008,1137.418024124008,-0.01,17.449,0.0,17.227576744186045,long_nclose,0.0,0.0,4.0
1709961420000.0,98237,1709961420000.0,0.0,-0.007406112,1137.4106180120082,1137.4020580120082,2.14,17.304,2.14,17.304,long_ientry_normal,37.03056,0.03255689670342875,34.0
1709965200000.0,98300,1709965200000.0,0.05775000000000094,-0.00122283,1137.4671451820082,1137.780395182008,-0.35,17.469,1.79,17.304,long_nclose,30.974159999999998,0.0272308172866336,63.0
1709965680000.0,98308,1709965680000.0,0.04785000000000078,-0.0010132020000000002,1137.513981980008,1137.774981980008,-0.29,17.469,1.5,17.304,long_nclose,25.955999999999996,0.022818181060789963,8.0
1709965860000.0,98311,1709965860000.0,0.041250000000000675,-0.0008734500000000001,1137.5543585300081,1137.749358530008,-0.25,17.469,1.25,17.304,long_nclose,21.63,0.019014475956956576,3.0
1709965920000.0,98312,1709965920000.0,0.03300000000000054,-0.0006987600000000001,1137.586659770008,1137.763059770008,-0.2,17.469,1.05,17.304,long_nclose,18.1692,0.01597170628185229,1.0
1709966220000.0,98317,1709966220000.0,0.04683000000000053,-0.000736134,1137.6327536360081,1137.823433636008,-0.21,17.527,0.84,17.304,long_nclose,14.535359999999999,0.012776847320493612,5.0
1709966640000.0,98324,1709966640000.0,0.035680000000000406,-0.000560864,1137.6678727720082,1137.8290327720083,-0.16,17.527,0.68,17.304,long_nclose,11.76672,0.01034284282927807,7.0
1709967600000.0,98340,1709967600000.0,0.02899000000000033,-0.00045570200000000005,1137.6964070700083,1137.8124570700083,-0.13,17.527,0.55,17.304,long_nclose,9.5172,0.008365324827306375,16.0
1709967720000.0,98342,1709967720000.0,0.024530000000000277,-0.00038559400000000006,1137.7205514760083,1137.8345114760082,-0.11,17.527,0.44,17.304,long_nclose,7.613759999999999,0.006692117840468275,2.0
1709968140000.0,98349,1709968140000.0,0.030800000000000126,-0.000386848,1137.7509646280082,1137.8476546280083,-0.11,17.584,0.33,17.304,long_nclose,5.710319999999999,0.005018954215404255,7.0
1709968320000.0,98352,1709968320000.0,0.02240000000000009,-0.000281344,1137.7730832840082,1137.8453332840081,-0.08,17.584,0.25,17.304,long_nclose,4.326,0.0038021641253048995,3.0
1709968440000.0,98354,1709968440000.0,0.01680000000000007,-0.000211008,1137.7896722760083,1137.8445822760084,-0.06,17.584,0.19,17.304,long_nclose,3.2877599999999996,0.0028896026041643004,2.0
1709968560000.0,98356,1709968560000.0,0.011200000000000045,-0.000140672,1137.8007316040082,1137.8475316040083,-0.04,17.584,0.15,17.304,long_nclose,2.5955999999999997,0.002281243040106739,2.0
1709969280000.0,98368,1709969280000.0,0.008400000000000034,-0.000105504,1137.8090261000082,1137.8433461000081,-0.03,17.584,0.12,17.304,long_nclose,2.0764799999999997,0.0018249811280873832,12.0
1709969460000.0,98371,1709969460000.0,0.008400000000000034,-0.000105504,1137.8173205960081,1137.8405405960082,-0.03,17.584,0.09,17.304,long_nclose,1.5573599999999999,0.0013687258682125072,3.0
1709969580000.0,98373,1709969580000.0,0.0056000000000000225,-7.0336e-05,1137.8228502600082,1137.8427302600082,-0.02,17.584,0.07,17.304,long_nclose,1.21128,0.0010645593905265708,2.0
1709970600000.0,98390,1709970600000.0,0.0022300000000000254,-3.5054e-05,1137.8250452060083,1137.8381852060083,-0.01,17.527,0.06,17.304,long_nclose,1.0382399999999998,0.0009124777173559419,17.0
1709971200000.0,98400,1709971200000.0,0.001650000000000027,-3.4938e-05,1137.8266602680083,1137.8349102680083,-0.01,17.469,0.05,17.304,long_nclose,0.8652,0.0007603970184669493,10.0
1709971260000.0,98401,1709971260000.0,0.001650000000000027,-3.4938e-05,1137.8282753300082,1137.8329153300083,-0.01,17.469,0.04,17.304,long_nclose,0.69216,0.0006083167513122755,1.0
1709973660000.0,98441,1709973660000.0,0.0,-0.007292880000000002,1137.8209824500082,1137.836222450008,2.1,17.364,2.14,17.3628785046729,long_ientry_partial,37.156560000000006,0.032655892774971336,40.0
1709980020000.0,98547,1709980020000.0,0.0,-0.0074241,1137.8135583500082,1136.955978350008,2.19,16.95,4.33,17.154055427251734,long_rentry,74.27706,0.06528051933896123,106.0
1709986080000.0,98648,1709986080000.0,0.11804009237875249,-0.0024937920000000003,1137.929104650387,1138.4126445580082,-0.72,17.318,3.61,17.154055427251734,long_nclose,61.92614009237876,0.054420033584961086,101.0
1709986500000.0,98655,1709986500000.0,0.0983667436489604,-0.0020781600000000003,1138.0253932340358,1138.615186398008,-0.6,17.318,3.01,17.154055427251734,long_nclose,51.63370683602771,0.045371313454874024,7.0
1709986680000.0,98658,1709986680000.0,0.08197228637413367,-0.0017318000000000001,1138.10563372041,1138.5999645980082,-0.5,17.318,2.51,17.154055427251734,long_nclose,43.056679122401846,0.03783188295242133,3.0
1709986860000.0,98661,1709986860000.0,0.11047228637413298,-0.0017375000000000001,1138.214368506784,1138.686607098008,-0.5,17.375,2.01,17.154055427251734,long_nclose,34.47965140877598,0.030292757113942963,3.0
1709987040000.0,98664,1709987040000.0,0.08837782909930639,-0.0013900000000000002,1138.3013563358834,1138.666737098008,-0.4,17.375,1.61,17.154055427251734,long_nclose,27.618029237875295,0.024262493481318426,3.0
1709987160000.0,98666,1709987160000.0,0.07070226327944511,-0.0011120000000000001,1138.3709465991628,1138.627585098008,-0.32,17.375,1.29,17.154055427251734,long_nclose,22.12873150115474,0.01943894612495464,2.0
1709987460000.0,98671,1709987460000.0,0.05523614318706649,-0.0008687500000000001,1138.4253139923499,1138.6852563480081,-0.25,17.375,1.04,17.154055427251734,long_nclose,17.840217644341806,0.015670960075349915,5.0
1709988600000.0,98690,1709988600000.0,0.044188914549653194,-0.0006950000000000001,1138.4688079068997,1138.6594413480082,-0.2,17.375,0.84,17.154055427251734,long_nclose,14.409406558891456,0.012656830348635965,19.0
1709988960000.0,98696,1709988960000.0,0.05836836027713556,-0.0007321439999999999,1138.5264441231768,1138.6908392040082,-0.21,17.432,0.63,17.154055427251734,long_nclose,10.807054919168593,0.009492142211498234,6.0
1709989080000.0,98698,1709989080000.0,0.041691685912239686,-0.0005229599999999999,1138.567612849089,1138.7048662440081,-0.15,17.432,0.48,17.154055427251734,long_nclose,8.233946605080831,0.007231846850514793,2.0
1709989200000.0,98700,1709989200000.0,0.033353348729791746,-0.000418368,1138.6005478298189,1138.7060078760082,-0.12,17.432,0.36,17.154055427251734,long_nclose,6.175459953810624,0.00542372824743594,2.0
1709989800000.0,98710,1709989800000.0,0.02501501154734381,-0.000313776,1138.6252490653662,1138.7056941000083,-0.09,17.432,0.27,17.154055427251734,long_nclose,4.631594965357968,0.004067707939165925,10.0
1709989920000.0,98712,1709989920000.0,0.016676674364895873,-0.000209184,1138.6417165557311,1138.7028149160083,-0.06,17.432,0.21,17.154055427251734,long_nclose,3.602351639722864,0.003163727085829589,2.0
1709990700000.0,98725,1709990700000.0,0.023376120092378588,-0.00024483200000000006,1138.6648478438235,1138.7106200840083,-0.07,17.488,0.14,17.154055427251734,long_nclose,2.401567759815243,0.0021091085444174848,13.0
1709990760000.0,98726,1709990760000.0,0.01335778290993062,-0.00013990400000000002,1138.6780657227334,1138.7117601800082,-0.04,17.488,0.1,17.154055427251734,long_nclose,1.7154055427251735,0.0015064886154950072,1.0
1709991540000.0,98739,1709991540000.0,0.019547228637413386,-0.00017545000000000004,1138.697437501371,1138.7174347300086,-0.05,17.545,0.05,17.154055427251734,long_nclose,0.8577027713625868,0.0007532314933847861,13.0
1709991780000.0,98743,1709991780000.0,0.007818891454965353,-7.018000000000001e-05,1138.705186212826,1138.7162545500084,-0.02,17.545,0.03,17.154055427251734,long_nclose,0.514621662817552,0.00045193582065706714,4.0
1709991960000.0,98746,1709991960000.0,0.003909445727482677,-3.5090000000000005e-05,1138.7090605685535,1138.7167394600085,-0.01,17.545,0.02,17.154055427251734,long_nclose,0.3430811085450347,0.0003012895219905737,3.0
1709992020000.0,98747,1709992020000.0,0.003909445727482677,-3.5090000000000005e-05,1138.712934924281,1138.7168043700085,-0.01,17.545,0.01,17.154055427251734,long_nclose,0.17154055427251735,0.0001506442484417058,1.0
1709992080000.0,98748,1709992080000.0,0.003909445727482677,-3.5090000000000005e-05,1138.7168092800084,1138.7168092800084,-0.01,17.545,0.0,17.154055427251734,long_nclose,0.0,0.0,1.0
1710004380000.0,98953,1710004380000.0,0.0,-0.007420664000000001,1138.7093886160085,1138.6302086160085,2.14,17.338,2.14,17.338,long_ientry_normal,37.103320000000004,0.03258366038862252,205.0
1710016860000.0,99161,1710016860000.0,0.058100000000000124,-0.00122528,1138.7662633360085,1139.0651933360084,-0.35,17.504,1.79,17.338,long_nclose,31.035020000000003,0.0272531958481832,208.0
1710017160000.0,99166,1710017160000.0,0.07804999999999963,-0.00122927,1138.8430840660085,1139.1685240660086,-0.35,17.561,1.44,17.338,long_nclose,24.96672,0.021922879762206908,5.0
1710017520000.0,99172,1710017520000.0,0.06243999999999972,-0.0009834160000000002,1138.9045406500084,1139.1272606500083,-0.28,17.561,1.16,17.338,long_nclose,20.11208,0.017659144627276142,6.0
1710018180000.0,99183,1710018180000.0,0.03154000000000007,-0.0006651520000000001,1138.9354154980083,1139.0750954980083,-0.19,17.504,0.97,17.338,long_nclose,16.81786,0.014766298221261529,11.0
1710021900000.0,99245,1710021900000.0,0.02656000000000006,-0.0005601280000000001,1138.9614153700084,1139.1201753700084,-0.16,17.504,0.81,17.338,long_nclose,14.043780000000002,0.012330338684421257,62.0
1710022500000.0,99255,1710022500000.0,0.021580000000000047,-0.00045510400000000007,1138.9825402660085,1139.0995002660086,-0.13,17.504,0.68,17.338,long_nclose,11.789840000000002,0.010351203449744271,10.0
1710022620000.0,99257,1710022620000.0,0.01826000000000004,-0.00038508800000000006,1139.0004151780086,1139.1001651780086,-0.11,17.504,0.57,17.338,long_nclose,9.88266,0.008676607899616514,2.0
1710022800000.0,99260,1710022800000.0,0.014940000000000033,-0.000315072,1139.0150401060087,1139.0928001060086,-0.09,17.504,0.48,17.338,long_nclose,8.32224,0.0073065233618209696,3.0
1710023580000.0,99273,1710023580000.0,0.01328000000000003,-0.00028006400000000006,1139.0280400420086,1139.1020400420086,-0.08,17.504,0.4,17.338,long_nclose,6.935200000000001,0.006088699975941087,13.0
1710026340000.0,99319,1710026340000.0,0.0,-0.006037452,1139.0220025900085,1139.0349625900085,1.74,17.349,2.14,17.346943925233646,long_ientry_partial,37.122460000000004,0.032591521424158346,46.0
1710029400000.0,99370,1710029400000.0,0.05811962616822459,-0.00122591,1139.0788963061768,1139.3850866800085,-0.35,17.513,1.79,17.346943925233646,long_nclose,31.051029626168226,0.027259770790997007,51.0
1710029880000.0,99378,1710029880000.0,0.04815626168224323,-0.0010157540000000002,1139.126036813859,1139.3721209260084,-0.29,17.513,1.5,17.346943925233646,long_nclose,26.02041588785047,0.02284243801557701,8.0
1710029940000.0,99379,1710029940000.0,0.041514018691588994,-0.0008756500000000002,1139.1666751825505,1139.3779952760085,-0.25,17.513,1.25,17.346943925233646,long_nclose,21.683679906542057,0.019034685949768735,1.0
1710030780000.0,99393,1710030780000.0,0.033211214953271194,-0.0007005200000000002,1139.1991858775039,1139.4050447560085,-0.2,17.513,1.05,17.346943925233646,long_nclose,18.21429112149533,0.015988679896628614,14.0
1710030900000.0,99395,1710030900000.0,0.04684177570093446,-0.00073794,1139.2452897132048,1139.4284568160085,-0.21,17.57,0.84,17.346943925233646,long_nclose,14.571432897196262,0.01279042628375887,2.0
1710031140000.0,99399,1710031140000.0,0.02324785046728984,-0.0004903640000000002,1139.268047199672,1139.4080864520085,-0.14,17.513,0.7,17.346943925233646,long_nclose,12.142860747663551,0.010658475656813845,4.0
1710031380000.0,99403,1710031380000.0,0.01826616822429916,-0.00038528600000000004,1139.2859280818964,1139.3768211660085,-0.11,17.513,0.59,17.346943925233646,long_nclose,10.23469691588785,0.008983431343805855,4.0
1710031440000.0,99404,1710031440000.0,0.014945046728972037,-0.000315234,1139.3005578946254,1139.3615859320087,-0.09,17.513,0.5,17.346943925233646,long_nclose,8.673471962616823,0.007612979650115328,1.0
1710032460000.0,99421,1710032460000.0,0.013284485981308478,-0.00028020800000000005,1139.3135621726067,1139.4072457240086,-0.08,17.513,0.42,17.346943925233646,long_nclose,7.285716448598131,0.006394829913816422,17.0
1710032460000.0,99421,1710032460000.0,0.017844485981308368,-0.00028112,1139.3311255385881,1139.4069646040086,-0.08,17.57,0.34,17.346943925233646,long_nclose,5.89796093457944,0.005176687270604792,0.0
1710032700000.0,99425,1710032700000.0,0.008302803738317798,-0.00017513000000000004,1139.3392532123266,1139.3818994740088,-0.05,17.513,0.29,17.346943925233646,long_nclose,5.030613738317757,0.0044153782327205175,4.0
1710033300000.0,99435,1710033300000.0,0.0,-0.00641987,1139.3328333423267,1139.3382896040089,1.85,17.351,2.14,17.350450345008298,long_ientry_partial,37.12996373831776,0.03258921594438208,10.0
1710045240000.0,99634,1710045240000.0,0.05794237924709513,-0.00122612,1139.389549601574,1139.700203484009,-0.35,17.516,1.79,17.350450345008298,long_nclose,31.057306117564853,0.027257847088754755,199.0
1710051900000.0,99745,1710051900000.0,0.04800939994759311,-0.001015928,1139.4365430735215,1139.6743675560092,-0.29,17.516,1.5,17.350450345008298,long_nclose,26.025675517512447,0.022840829246454274,111.0
1710051960000.0,99746,1710051960000.0,0.041387413747925095,-0.0008757999999999999,1139.4770546872696,1139.6927417560094,-0.25,17.516,1.25,17.350450345008298,long_nclose,21.688062931260372,0.019033347658951042,1.0
1710052140000.0,99749,1710052140000.0,0.05588741374792594,-0.0008787000000000002,1139.5320634010177,1139.7606130560093,-0.25,17.574,1.0,17.350450345008298,long_nclose,17.350450345008298,0.015225943088625866,3.0
1710052380000.0,99753,1710052380000.0,0.04470993099834075,-0.0007029600000000002,1139.5760703720161,1139.7621100960096,-0.2,17.574,0.8,17.350450345008298,long_nclose,13.88036027600664,0.012180284087112655,4.0
1710052560000.0,99756,1710052560000.0,0.0357679447986726,-0.000562368,1139.6112759488149,1139.7537077280097,-0.16,17.574,0.64,17.350450345008298,long_nclose,11.10428822080531,0.009743926244990975,3.0
1710052740000.0,99759,1710052740000.0,0.02682595859900445,-0.00042177600000000006,1139.6376801314138,1139.7560059520094,-0.12,17.574,0.52,17.350450345008298,long_nclose,9.022234179404315,0.007916756647045877,3.0
1710053160000.0,99766,1710053160000.0,0.036471455148921306,-0.000458406,1139.6736931805629,1139.7819375460097,-0.13,17.631,0.39,17.350450345008298,long_nclose,6.766675634553237,0.005937379861483884,7.0
1710053220000.0,99767,1710053220000.0,0.02524946894925321,-0.000317358,1139.698625291512,1139.7845901880094,-0.09,17.631,0.3,17.350450345008298,long_nclose,5.2051351035024895,0.0045671153654073425,1.0
1710053460000.0,99771,1710053460000.0,0.03385496549917022,-0.00035378000000000004,1139.732126477011,1139.8012364080093,-0.1,17.689,0.2,17.350450345008298,long_nclose,3.47009006900166,0.0030446540800143475,4.0
1710053640000.0,99774,1710053640000.0,0.014027482749585119,-0.00017631000000000002,1139.7459776497606,1139.7897100980092,-0.05,17.631,0.15,17.350450345008298,long_nclose,2.6025675517512448,0.00228346280907078,3.0
1710053760000.0,99776,1710053760000.0,0.008416489649751072,-0.000105786,1139.7542883534104,1139.7902343120095,-0.03,17.631,0.12,17.350450345008298,long_nclose,2.082054041400996,0.0018267569270644418,2.0
1710053880000.0,99778,1710053880000.0,0.013541986199668088,-0.000141512,1139.76768882761,1139.7978128000093,-0.04,17.689,0.08,17.350450345008298,long_nclose,1.3880360276006638,0.0012178236330145733,2.0
1710054060000.0,99781,1710054060000.0,0.006770993099834044,-7.0756e-05,1139.7743890647098,1139.7938620440093,-0.02,17.689,0.06,17.350450345008298,long_nclose,1.041027020700498,0.0009133623554699775,3.0
1710054660000.0,99791,1710054660000.0,0.006770993099834044,-7.0756e-05,1139.7810893018095,1139.7944312880093,-0.02,17.689,0.04,17.350450345008298,long_nclose,0.6940180138003319,0.000608904657494768,10.0
1710054900000.0,99795,1710054900000.0,0.003385496549917022,-3.5378e-05,1139.7844394203596,1139.7948659100093,-0.01,17.689,0.03,17.350450345008298,long_nclose,0.520513510350249,0.00045667715082595573,4.0
1710055980000.0,99813,1710055980000.0,0.003385496549917022,-3.5378e-05,1139.7877895389097,1139.7940405320096,-0.01,17.689,0.02,17.350450345008298,long_nclose,0.34700900690016595,0.00030445053902581736,18.0
1710056100000.0,99815,1710056100000.0,0.003385496549917022,-3.5378e-05,1139.7911396574598,1139.7944351540098,-0.01,17.689,0.01,17.350450345008298,long_nclose,0.17350450345008298,0.00015222482208646234,2.0
1710056160000.0,99816,1710056160000.0,0.003385496549917022,-3.5378e-05,1139.7944897760099,1139.7944897760099,-0.01,17.689,0.0,17.350450345008298,long_nclose,0.0,0.0,1.0
1710062220000.0,99917,1710062220000.0,0.0,-0.007442219999999999,1139.7870475560098,1139.7380575560098,2.13,17.47,2.13,17.47,long_ientry_normal,37.211099999999995,0.03264741433918727,101.0
1710074100000.0,100115,1710074100000.0,0.0,-0.0074355440000000005,1139.77961201201,1138.94956201201,2.18,17.054,4.31,17.259587006960558,long_rentry,74.38882,0.06526596827669537,198.0
1710079080000.0,100198,1710079080000.0,0.0,-0.007441440000000001,1139.7721705720098,1137.7822005720097,2.22,16.76,6.53,17.089742725880555,long_rentry,111.59602000000002,0.09791081312679716,83.0
1710115740000.0,100809,1710115740000.0,0.17631785604900074,-0.0037266480000000004,1139.9447617800588,1140.9380639240098,-1.08,17.253,5.45,17.089742725880555,long_nclose,93.13909785604903,0.08170492200921163,611.0
1710116340000.0,100819,1710116340000.0,0.1469315467075006,-0.0031055400000000004,1140.0885877867663,1140.8086583840097,-0.9,17.253,4.55,17.089742725880555,long_nclose,77.75832940275652,0.06820376086187073,10.0
1710116400000.0,100820,1710116400000.0,0.12244295558958385,-0.0025879500000000003,1140.208442792356,1141.0150204340098,-0.75,17.253,3.8,17.089742725880555,long_nclose,64.9410223583461,0.05695539510241335,1.0
1710116400000.0,100820,1710116400000.0,0.1651929555895828,-0.0025965,1140.3710392479456,1141.01842393401,-0.75,17.31,3.05,17.089742725880555,long_nclose,52.12371531393569,0.045707680675852964,0.0
1710116460000.0,100821,1710116460000.0,0.13435693721286068,-0.00211182,1140.5032843651586,1141.10903211401,-0.61,17.31,2.44,17.089742725880555,long_nclose,41.698972251148554,0.036561904575627385,1.0
1710116460000.0,100821,1710116460000.0,0.16851693721286123,-0.002118652,1140.6696826503714,1141.12399346201,-0.61,17.366,1.83,17.089742725880555,long_nclose,31.274229188361417,0.02741742825643884,0.0
1710116520000.0,100822,1710116520000.0,0.1243157733537501,-0.00156294,1140.7924354837253,1141.13503052201,-0.45,17.366,1.38,17.089742725880555,long_nclose,23.583844961715165,0.02067321295982736,1.0
1710116520000.0,100822,1710116520000.0,0.14996577335374947,-0.00156807,1140.9408331870789,1141.1717124520098,-0.45,17.423,0.93,17.089742725880555,long_nclose,15.893460735068917,0.013930135790365637,0.0
1710116640000.0,100824,1710116640000.0,0.024488591117916767,-0.00051759,1140.9648041881967,1141.08980486201,-0.15,17.253,0.78,17.089742725880555,long_nclose,13.329999326186833,0.011683094235033137,2.0
1710116760000.0,100826,1710116760000.0,0.021223445635527867,-0.00044857800000000004,1140.9855790558322,1141.10079628401,-0.13,17.253,0.65,17.089742725880555,long_nclose,11.108332771822361,0.009735734592732127,2.0
1710117420000.0,100837,1710117420000.0,0.0,-0.00523466,1140.9803443958322,1140.8853116240098,1.55,16.886,2.2,16.946196714464705,long_ientry_partial,37.28163277182235,0.03267508766030811,11.0
1710118260000.0,100851,1710118260000.0,0.0,-0.007444350000000001,1140.9729000458321,1139.4851172740098,2.25,16.543,4.45,16.74233320715109,long_rentry,74.50338277182236,0.06529811774567967,14.0
1710118320000.0,100852,1710118320000.0,0.0,-0.007445706000000002,1140.9654543398321,1138.9270415680098,2.29,16.257,6.74,16.577435129350498,long_rentry,111.73191277182237,0.09792751598817771,1.0
1710119280000.0,100868,1710119280000.0,0.17759265512744324,-0.0037488640000000006,1141.1392981309596,1142.0866327040098,-1.12,16.736,5.62,16.577435129350498,long_nclose,93.1651854269498,0.08164225487593187,16.0
1710119460000.0,100871,1710119460000.0,0.23919265512744292,-0.003761184000000001,1141.374729602087,1142.4167715200097,-1.12,16.791,4.5,16.577435129350498,long_nclose,74.59845808207724,0.06535842799681066,3.0
1710119760000.0,100876,1710119760000.0,0.3007926551274426,-0.003773504000000001,1141.6717487532144,1142.5051380160098,-1.12,16.846,3.38,16.577435129350498,long_nclose,56.03173073720468,0.04907866976510127,5.0
1710119940000.0,100879,1710119940000.0,0.22559449134558193,-0.002830128,1141.8945131165601,1142.55634788801,-0.84,16.846,2.54,16.577435129350498,long_nclose,42.10668522855026,0.036874408927343866,3.0
1710120240000.0,100884,1710120240000.0,0.0665972456727912,-0.001405824,1141.959704538233,1142.25770206401,-0.42,16.736,2.12,16.577435129350498,long_nclose,35.14416247422306,0.030775308738616204,5.0
1710120300000.0,100885,1710120300000.0,0.055497704727326,-0.00117152,1142.0140307229601,1142.1849505440098,-0.35,16.736,1.77,16.577435129350498,long_nclose,29.34206017895038,0.02569325716635476,1.0
1710120360000.0,100886,1710120360000.0,0.0,-0.0015340080000000001,1142.0124967149602,1142.1811865360098,0.46,16.674,2.23,16.597354340336494,long_ientry_partial,37.012100178950384,0.032409540425710766,1.0
1710124200000.0,100950,1710124200000.0,0.05869889407549721,-0.001239944,1142.0699556650356,1142.3947965920097,-0.37,16.756,1.86,16.597354340336494,long_nclose,30.871079073025882,0.02703081270976035,64.0
1710124440000.0,100954,1710124440000.0,0.0790488940754971,-0.001244014,1142.1477605451112,1142.4869525780098,-0.37,16.811,1.49,16.597354340336494,long_nclose,24.730057967101377,0.021652240473070225,4.0
1710124620000.0,100957,1710124620000.0,0.0,-0.00247382,1142.1452867251112,1142.2893587580097,0.74,16.715,2.23,16.63639370722035,long_ientry_partial,37.09915796710138,0.032481995415378634,3.0
1710125280000.0,100968,1710125280000.0,0.058684328328471196,-0.0012428300000000003,1142.2027282234399,1142.43077592801,-0.37,16.795,1.86,16.63639370722035,long_nclose,30.94369229542985,0.02709124355144824,11.0
1710125400000.0,100970,1710125400000.0,0.04916795076169208,-0.00104129,1142.2508548842015,1142.52459463801,-0.31,16.795,1.55,16.63639370722035,long_nclose,25.786410246191544,0.02257508509267494,2.0
1710126120000.0,100982,1710126120000.0,0.066217950761692,-0.0010447000000000002,1142.3160281349633,1142.59949993801,-0.31,16.85,1.24,16.63639370722035,long_nclose,20.629128196953232,0.018059037682097483,12.0
1710126540000.0,100989,1710126540000.0,0.08357795076169118,-0.001048172,1142.398557913725,1142.66045176601,-0.31,16.906,0.93,16.63639370722035,long_nclose,15.471846147714926,0.013543299788446839,7.0
1710126720000.0,100992,1710126720000.0,0.06200944733931927,-0.0007776759999999999,1142.4597896850642,1142.64921409001,-0.23,16.906,0.7,16.63639370722035,long_nclose,11.645475595054243,0.010193335205490681,3.0
1710127080000.0,100998,1710127080000.0,0.0746594473393192,-0.0007802060000000001,1142.5336689264036,1142.68012388401,-0.23,16.961,0.47,16.63639370722035,long_nclose,7.819105042393564,0.006843653937779257,6.0
1710127140000.0,100999,1710127140000.0,0.0486909439169473,-0.0005088299999999999,1142.5818510403205,1142.69180505401,-0.15,16.961,0.32,16.63639370722035,long_nclose,5.323645986310512,0.0046593125748175795,1.0
1710127320000.0,101002,1710127320000.0,0.06073700684474375,-0.0005445119999999999,1142.6420435351652,1142.69974054201,-0.16,17.016,0.16,16.63639370722035,long_nclose,2.661822993155256,0.002329533564964904,3.0
1710127380000.0,101003,1710127380000.0,0.030368503422371875,-0.00027225599999999996,1142.6721397825875,1142.7017882860098,-0.08,17.016,0.08,16.63639370722035,long_nclose,1.330911496577628,0.0011647361042957224,1.0
1710127440000.0,101004,1710127440000.0,0.015184251711185938,-0.00013612799999999998,1142.6871879062987,1142.70381215801,-0.04,17.016,0.04,16.63639370722035,long_nclose,0.665455748288814,0.0005823603829041811,1.0
1710127500000.0,101005,1710127500000.0,0.017384251711186068,-0.00013656800000000002,1142.70443559001,1142.70443559001,-0.04,17.071,0.0,16.63639370722035,long_nclose,0.0,0.0,1.0
1710164100000.0,101615,1710164100000.0,0.0,-0.007456464,1142.69697912601,1142.63973912601,2.12,17.586,2.12,17.586,long_ientry_normal,37.28232,0.03262660239857755,610.0
1710170700000.0,101725,1710170700000.0,0.05880000000000098,-0.00124278,1142.7545363460101,1143.03950634601,-0.35,17.754,1.77,17.586,long_nclose,31.127219999999998,0.027238763015135482,110.0
1710171240000.0,101734,1710171240000.0,0.04872000000000081,-0.0010297320000000002,1142.8022266140101,1143.0597466140102,-0.29,17.754,1.48,17.586,long_nclose,26.027279999999998,0.022774964376045884,9.0
1710173040000.0,101764,1710173040000.0,0.0,-0.002249472,1142.7999771420102,1142.8373371420103,0.64,17.574,2.12,17.582377358490564,long_ientry_partial,37.27464,0.032616941499437974,30.0
1710175140000.0,101799,1710175140000.0,0.058667924528302426,-0.0012425,1142.8574025665384,1143.27799464201,-0.35,17.75,1.77,17.582377358490564,long_nclose,31.1208079245283,0.027230700745902035,35.0
1710175140000.0,101799,1710175140000.0,0.07931792452830279,-0.00124663,1142.9354738610668,1143.2728980120103,-0.35,17.809,1.42,17.582377358490564,long_nclose,24.9669758490566,0.021844606646701684,0.0
1710175260000.0,101801,1710175260000.0,0.06345433962264224,-0.000997304,1142.9979308966895,1143.2300607080101,-0.28,17.809,1.14,17.582377358490564,long_nclose,20.04391018867924,0.017536261131246896,2.0
1710175380000.0,101803,1710175380000.0,0.031848301886792746,-0.0006745000000000001,1143.0291046985762,1143.1968962080102,-0.19,17.75,0.95,17.582377358490564,long_nclose,16.703258490566036,0.014613152387725759,2.0
1710176040000.0,101814,1710176040000.0,0.025143396226415326,-0.0005325000000000001,1143.0537155948027,1143.2038137080103,-0.15,17.75,0.8,17.582377358490564,long_nclose,14.065901886792453,0.01230554758266376,11.0
1710176100000.0,101815,1710176100000.0,0.03625962264150985,-0.0005698880000000001,1143.0894053294442,1143.2402038200103,-0.16,17.809,0.64,17.582377358490564,long_nclose,11.252721509433961,0.00984413070138715,1.0
1710176640000.0,101824,1710176640000.0,0.016762264150943552,-0.00035500000000000006,1143.1058125935951,1143.1995688200102,-0.1,17.75,0.54,17.582377358490564,long_nclose,9.494483773584905,0.008305866061552824,9.0
1710176820000.0,101827,1710176820000.0,0.015086037735849196,-0.0003195,1143.1205791313312,1143.1951093200105,-0.09,17.75,0.45,17.582377358490564,long_nclose,7.912069811320754,0.006921465640425454,3.0
1710176880000.0,101828,1710176880000.0,0.011733584905660488,-0.0002485,1143.1320642162368,1143.2003208200103,-0.07,17.75,0.38,17.582377358490564,long_nclose,6.681303396226415,0.0058447344846435595,1.0
1710177000000.0,101830,1710177000000.0,0.01005735849056613,-0.000213,1143.1419085747273,1143.1974678200104,-0.06,17.75,0.32,17.582377358490564,long_nclose,5.6263607547169805,0.004921839285668342,2.0
1710177300000.0,101835,1710177300000.0,0.013597358490566194,-0.000213708,1143.1552922252179,1143.2053741120103,-0.06,17.809,0.26,17.582377358490564,long_nclose,4.571418113207547,0.003998947600818973,5.0
1710177480000.0,101838,1710177480000.0,0.01133113207547183,-0.00017809000000000002,1143.1664452672933,1143.2161360220102,-0.05,17.809,0.21,17.582377358490564,long_nclose,3.6922992452830186,0.003229887704077678,3.0
1710177660000.0,101841,1710177660000.0,0.009064905660377463,-0.00014247200000000001,1143.1753677009535,1143.2120235500101,-0.04,17.809,0.17,17.582377358490564,long_nclose,2.989004150943396,0.002614650591146483,3.0
1710177720000.0,101842,1710177720000.0,0.006798679245283097,-0.000106854,1143.1820595261988,1143.2181266960101,-0.03,17.809,0.14,17.582377358490564,long_nclose,2.461532830188679,0.0021532290589032525,1.0
1710177960000.0,101846,1710177960000.0,0.008538679245283091,-0.00010720200000000001,1143.190491003444,1143.2226794940102,-0.03,17.867,0.11,17.582377358490564,long_nclose,1.9340615094339622,0.0016918103541399517,4.0
1710178260000.0,101851,1710178260000.0,0.005692452830188728,-7.146800000000001e-05,1143.1961119882742,1143.22190802601,-0.02,17.867,0.09,17.582377358490564,long_nclose,1.5824139622641507,0.0013842016655497352,5.0
1710178440000.0,101854,1710178440000.0,0.0022662264150943657,-3.5618000000000004e-05,1143.1983425966891,1143.2172724080099,-0.01,17.809,0.08,17.582377358490564,long_nclose,1.4065901886792451,0.0012303990797294904,3.0
1710179520000.0,101872,1710179520000.0,0.0022662264150943657,-3.5618000000000004e-05,1143.200573205104,1143.2181167900098,-0.01,17.809,0.07,17.582377358490564,long_nclose,1.2307664150943396,0.0010765970941072343,18.0
1710179760000.0,101876,1710179760000.0,0.002846226415094364,-3.573400000000001e-05,1143.2033836975193,1143.22076105601,-0.01,17.867,0.06,17.582377358490564,long_nclose,1.0549426415094338,0.0009227952405961052,4.0
1710179880000.0,101878,1710179880000.0,0.002846226415094364,-3.573400000000001e-05,1143.2061941899344,1143.22142532201,-0.01,17.867,0.05,17.582377358490564,long_nclose,0.8791188679245283,0.0007689941433071608,2.0
1710180480000.0,101888,1710180480000.0,0.003426226415094362,-3.5850000000000004e-05,1143.2095845663496,1143.22384947201,-0.01,17.925,0.04,17.582377358490564,long_nclose,0.7032950943396226,0.0006151934901826435,10.0
1710180660000.0,101891,1710180660000.0,0.008012452830188721,-7.193200000000002e-05,1143.2175250871796,1143.2255975400099,-0.02,17.983,0.02,17.582377358490564,long_nclose,0.3516475471698113,0.00030759460859646577,3.0
1710180900000.0,101895,1710180900000.0,0.004006226415094361,-3.596600000000001e-05,1143.2214953475948,1143.2255515740098,-0.01,17.983,0.01,17.582377358490564,long_nclose,0.17582377358490564,0.00015379677018008368,4.0
1710181140000.0,101899,1710181140000.0,0.004596226415094371,-3.608400000000001e-05,1143.22605549001,1143.22605549001,-0.01,18.042,0.0,17.582377358490564,long_nclose,0.0,0.0,4.0
1710213540000.0,102439,1710213540000.0,0.0,-0.007459452000000001,1143.21859603801,1143.26620603801,2.07,18.018,2.07,18.018,long_ientry_normal,37.29726,0.032624784209475836,540.0
1710216240000.0,102484,1710216240000.0,0.0,-0.007457736,1143.2111383020099,1142.3398683020098,2.12,17.589,4.19,17.800940334128875,long_rentry,74.58594,0.06524248889910318,45.0
1710230940000.0,102729,1710230940000.0,0.0,-0.00746712,1143.2036711820099,1141.06728118201,2.16,17.285,6.35,17.62543937007874,long_rentry,111.92154,0.09790166251327663,245.0
1710232080000.0,102748,1710232080000.0,0.0,-0.007456512000000001,1143.1962146700098,1139.3599946700099,2.19,17.024,8.54,17.471206088992975,long_rentry,149.20409999999998,0.13051486532700654,19.0
1710263160000.0,103266,1710263160000.0,0.0,-0.00953388,1143.1866807900099,1138.6351807900098,2.84,16.785,11.38,17.29995606326889,long_rentry,196.87349999999998,0.17221465514621698,518.0
1710264060000.0,103281,1710264060000.0,0.0,-0.012511548,1143.1741692420098,1134.1389492420099,3.79,16.506,15.17,17.1015978905735,long_rentry,259.43124,0.22693938244949832,15.0
1710266640000.0,103324,1710266640000.0,0.41177331575477866,-0.00870156,1143.5772409977646,1145.07502768201,-2.52,17.265,12.65,17.1015978905735,long_nclose,216.3352133157548,0.18917411571342882,43.0
1710267600000.0,103340,1710267600000.0,0.3431444297956489,-0.0072513000000000005,1143.9131341275604,1145.5948263820098,-2.1,17.265,10.55,17.1015978905735,long_nclose,180.42185774555045,0.1577233903194534,16.0
1710267660000.0,103341,1710267660000.0,0.28595369149637406,-0.00604275,1144.1930450690568,1145.71018363201,-1.75,17.265,8.8,17.1015978905735,long_nclose,150.4940614370468,0.13152855812715053,1.0
1710267960000.0,103346,1710267960000.0,0.2385670797626892,-0.005041380000000001,1144.4265707688196,1145.61860225201,-1.46,17.265,7.34,17.1015978905735,long_nclose,125.5257285168095,0.10968438842911694,5.0
1710268020000.0,103347,1710268020000.0,0.19935057350032934,-0.004212660000000001,1144.62170868232,1145.6584495920104,-1.22,17.265,6.12,17.1015978905735,long_nclose,104.66177909030984,0.09143787707014196,1.0
1710268200000.0,103350,1710268200000.0,0.16667015161502946,-0.0035220600000000005,1144.7848567739352,1145.7865075320103,-1.02,17.265,5.1,17.1015978905735,long_nclose,87.21814924192485,0.07618737156229534,3.0
1710268260000.0,103351,1710268260000.0,0.22481015161502804,-0.003533688,1145.00613323755,1145.8849738440101,-1.02,17.322,4.08,17.1015978905735,long_nclose,69.77451939353989,0.06093811846775849,1.0
1710268440000.0,103354,1710268440000.0,0.17852570863546344,-0.0028061640000000003,1145.1818527821856,1145.9058376800103,-0.81,17.322,3.27,17.1015978905735,long_nclose,55.92222510217535,0.04883261550671096,3.0
1710269100000.0,103365,1710269100000.0,0.08823713909030971,-0.0018646200000000002,1145.2682253012758,1145.7689130600102,-0.54,17.265,2.73,17.1015978905735,long_nclose,46.68736224126566,0.0407654392306082,11.0
1710269520000.0,103372,1710269520000.0,0.11901713909030896,-0.0018707760000000002,1145.3853716643662,1145.8768122840102,-0.54,17.322,2.19,17.1015978905735,long_nclose,37.45249938035597,0.032698601105699054,7.0
1710269640000.0,103374,1710269640000.0,0.09477290705339417,-0.0014896920000000001,1145.4786548794195,1145.8120025920102,-0.43,17.322,1.76,17.1015978905735,long_nclose,30.098812287409363,0.026276187826981164,2.0
1710269700000.0,103375,1710269700000.0,0.07714073829927431,-0.00121254,1145.5545830777187,1145.87381005201,-0.35,17.322,1.41,17.1015978905735,long_nclose,24.113253025708634,0.021049414302830038,1.0
1710269940000.0,103379,1710269940000.0,0.061712590639419466,-0.000970032,1145.6153256363582,1145.86212002001,-0.28,17.322,1.13,17.1015978905735,long_nclose,19.324805616348055,0.016868494322571714,4.0
1710270000000.0,103380,1710270000000.0,0.048488464073829576,-0.000762168,1145.6630519324322,1145.8363178520103,-0.22,17.322,0.91,17.1015978905735,long_nclose,15.562454080421887,0.013583796784030105,1.0
1710270300000.0,103385,1710270300000.0,0.03967237969676965,-0.000623592,1145.702100720129,1145.8695642600103,-0.18,17.322,0.73,17.1015978905735,long_nclose,12.484166460118656,0.010896520528566506,5.0
1710270600000.0,103390,1710270600000.0,0.04975237969676982,-0.000625608,1145.7512274918258,1145.9235986520105,-0.18,17.378,0.55,17.1015978905735,long_nclose,9.405878839815426,0.008209355237092713,5.0
1710270900000.0,103395,1710270900000.0,0.06001237969676957,-0.0006276599999999999,1145.8106122115225,1145.9317509920104,-0.18,17.435,0.37,17.1015978905735,long_nclose,6.327591219512195,0.005522370932923503,5.0
1710270960000.0,103396,1710270960000.0,0.040008253131179713,-0.00041843999999999996,1145.8502020246538,1145.9373025520104,-0.12,17.435,0.25,17.1015978905735,long_nclose,4.275399472643375,0.003731202791681654,1.0
1710271140000.0,103399,1710271140000.0,0.02667216875411981,-0.00027895999999999997,1145.876595233408,1145.9353135920103,-0.08,17.435,0.17,17.1015978905735,long_nclose,2.9072716413974953,0.0025371594580874584,3.0
1710271380000.0,103403,1710271380000.0,0.016670105471324883,-0.00017435,1145.8930909888793,1145.9340592420106,-0.05,17.435,0.12,17.1015978905735,long_nclose,2.05219174686882,0.0017909103065608207,4.0
1710271740000.0,103409,1710271740000.0,0.013336084377059906,-0.00013947999999999999,1145.9062875932564,1145.9343997620106,-0.04,17.435,0.08,17.1015978905735,long_nclose,1.3681278312458802,0.0011939264545963485,6.0
1710271980000.0,103413,1710271980000.0,0.006668042188529953,-6.973999999999999e-05,1145.9128858954448,1145.9331900220104,-0.02,17.435,0.06,17.1015978905735,long_nclose,1.02609587343441,0.0008954396848697563,4.0
1710272160000.0,103416,1710272160000.0,0.006668042188529953,-6.973999999999999e-05,1145.9194841976332,1145.9334602820102,-0.02,17.435,0.04,17.1015978905735,long_nclose,0.6840639156229401,0.0005969563525677531,3.0
1710272940000.0,103429,1710272940000.0,0.007808042188529996,-6.9968e-05,1145.9272222718218,1145.9350103140105,-0.02,17.492,0.02,17.1015978905735,long_nclose,0.34203195781147006,0.0002984761607577359,13.0
1710273540000.0,103439,1710273540000.0,0.0033340210942649764,-3.4869999999999996e-05,1145.9305214229162,1145.9338554440105,-0.01,17.435,0.01,17.1015978905735,long_nclose,0.17101597890573503,0.00014923765072020453,10.0
1710273600000.0,103440,1710273600000.0,0.0033340210942649764,-3.4869999999999996e-05,1145.9338205740105,1145.9338205740105,-0.01,17.435,0.0,17.1015978905735,long_nclose,0.0,0.0,1.0
1710275580000.0,103473,1710275580000.0,0.0,-0.007464366000000002,1145.9263562080105,1145.8395562080104,2.17,17.199,2.17,17.199,long_ientry_normal,37.321830000000006,0.03256913482948575,33.0
1710278280000.0,103518,1710278280000.0,0.05903999999999925,-0.001250136,1145.9841460720106,1146.2773660720106,-0.36,17.363,1.81,17.199,long_nclose,31.130190000000002,0.027164590458517445,45.0
1710278340000.0,103519,1710278340000.0,0.049199999999999376,-0.00104178,1146.0323042920106,1146.4233942920107,-0.3,17.363,1.51,17.199,long_nclose,25.97049,0.02266121984758877,1.0
1710278340000.0,103519,1710278340000.0,0.06630000000000003,-0.0010452,1146.0975590920107,1146.4109490920107,-0.3,17.42,1.21,17.199,long_nclose,20.81079,0.018157956829161413,0.0
1710278400000.0,103520,1710278400000.0,0.0833999999999996,-0.00104862,1146.1799104720108,1146.3864804720108,-0.3,17.477,0.91,17.199,long_nclose,15.651090000000002,0.01365500289876368,1.0
1710278700000.0,103525,1710278700000.0,0.03978000000000002,-0.0006271200000000001,1146.2190633520108,1146.3833133520109,-0.18,17.42,0.73,17.199,long_nclose,12.55527,0.010953639144059673,5.0
1710278880000.0,103528,1710278880000.0,0.050039999999999765,-0.000629172,1146.268474180011,1146.421374180011,-0.18,17.477,0.55,17.199,long_nclose,9.459450000000002,0.008252386079767977,3.0
1710279000000.0,103530,1710279000000.0,0.03613999999999983,-0.00045440200000000007,1146.304159778011,1146.403279778011,-0.13,17.477,0.42,17.199,long_nclose,7.22358,0.006301625915236051,2.0
1710279360000.0,103536,1710279360000.0,0.017680000000000008,-0.00027872000000000004,1146.3215610580107,1146.4011210580106,-0.08,17.42,0.34,17.199,long_nclose,5.847660000000001,0.005101238778587429,6.0
1710279480000.0,103538,1710279480000.0,0.022239999999999895,-0.00027963200000000004,1146.3435214260107,1146.4168414260107,-0.08,17.477,0.26,17.199,long_nclose,4.4717400000000005,0.003900872571284142,2.0
1710280200000.0,103550,1710280200000.0,0.011050000000000004,-0.00017420000000000003,1146.3543972260109,1146.402907226011,-0.05,17.42,0.21,17.199,long_nclose,3.61179,0.003150674877454946,12.0
1710280920000.0,103562,1710280920000.0,0.0049199999999999374,-0.000104178,1146.359213048011,1146.388013048011,-0.03,17.363,0.18,17.199,long_nclose,3.0958200000000002,0.0027005671213376843,12.0
1710280980000.0,103563,1710280980000.0,0.0049199999999999374,-0.000104178,1146.3640288700112,1146.3869788700113,-0.03,17.363,0.15,17.199,long_nclose,2.57985,0.0022504631469839453,1.0
1710281040000.0,103564,1710281040000.0,0.0032799999999999587,-6.945200000000001e-05,1146.3672394180112,1146.3936294180112,-0.02,17.363,0.13,17.199,long_nclose,2.2358700000000002,0.0019503959317043191,1.0
1710281100000.0,103565,1710281100000.0,0.004420000000000002,-6.968000000000001e-05,1146.3715897380112,1146.3953497380112,-0.02,17.42,0.11,17.199,long_nclose,1.8918900000000003,0.0016503287563436285,1.0
1710281160000.0,103566,1710281160000.0,0.004420000000000002,-6.968000000000001e-05,1146.375940058011,1146.3954700580111,-0.02,17.42,0.09,17.199,long_nclose,1.5479100000000001,0.0013502638584002992,1.0
1710281220000.0,103567,1710281220000.0,0.002210000000000001,-3.4840000000000005e-05,1146.3781152180113,1146.3960352180113,-0.01,17.42,0.08,17.199,long_nclose,1.3759200000000003,0.0012002322634520426,1.0
1710281400000.0,103570,1710281400000.0,0.002210000000000001,-3.4840000000000005e-05,1146.3802903780115,1146.3957603780116,-0.01,17.42,0.07,17.199,long_nclose,1.2039300000000002,0.0010502012378484037,3.0
1710281460000.0,103571,1710281460000.0,0.002210000000000001,-3.4840000000000005e-05,1146.3824655380117,1146.3963855380118,-0.01,17.42,0.06,17.199,long_nclose,1.03194,0.0009001707815861417,1.0
1710281580000.0,103573,1710281580000.0,0.002210000000000001,-3.4840000000000005e-05,1146.384640698012,1146.396690698012,-0.01,17.42,0.05,17.199,long_nclose,0.8599500000000001,0.0007501408946620157,2.0
1710281820000.0,103577,1710281820000.0,0.002210000000000001,-3.4840000000000005e-05,1146.3868158580121,1146.396135858012,-0.01,17.42,0.04,17.199,long_nclose,0.6879600000000001,0.000600111577072785,4.0
1710282360000.0,103586,1710282360000.0,0.002779999999999987,-3.4954000000000004e-05,1146.3895609040121,1146.3973909040121,-0.01,17.477,0.03,17.199,long_nclose,0.51597,0.00045008260507285145,9.0
1710282420000.0,103587,1710282420000.0,0.002779999999999987,-3.4954000000000004e-05,1146.392305950012,1146.397825950012,-0.01,17.477,0.02,17.199,long_nclose,0.34398000000000006,0.0003000543515641836,1.0
1710282480000.0,103588,1710282480000.0,0.002779999999999987,-3.4954000000000004e-05,1146.395050996012,1146.397840996012,-0.01,17.477,0.01,17.199,long_nclose,0.17199000000000003,0.0001500268165416202,1.0
1710282780000.0,103593,1710282780000.0,0.002210000000000001,-3.4840000000000005e-05,1146.3972261560123,1146.3972261560123,-0.01,17.42,0.0,17.199,long_nclose,0.0,0.0,5.0
1710324420000.0,104287,1710324420000.0,0.0,-0.007490912000000002,1146.3897352440122,1146.3626952440122,2.08,18.007,2.08,18.007,long_ientry_normal,37.45456000000001,0.03267175101845072,694.0
1710331080000.0,104398,1710331080000.0,0.058479999999999,-0.001236172,1146.446979072012,1146.608799072012,-0.34,18.179,1.74,18.007,long_nclose,31.33218,0.02732981164585713,111.0
1710331320000.0,104402,1710331320000.0,0.04987999999999914,-0.001054382,1146.4958046900122,1146.7394046900122,-0.29,18.179,1.45,18.007,long_nclose,26.11015,0.022773873129923596,4.0
1710331440000.0,104404,1710331440000.0,0.04127999999999929,-0.0008725919999999999,1146.5362120980121,1146.756432098012,-0.24,18.179,1.21,18.007,long_nclose,21.78847,0.01900373470117436,2.0
1710331620000.0,104407,1710331620000.0,0.03439999999999941,-0.00072716,1146.5698849380121,1146.758754938012,-0.2,18.179,1.01,18.007,long_nclose,18.187070000000002,0.015862155668760883,3.0
1710331680000.0,104408,1710331680000.0,0.046399999999999865,-0.0007295600000000001,1146.615555378012,1146.833445378012,-0.2,18.239,0.81,18.007,long_nclose,14.585670000000002,0.012720628053220029,1.0
1710331800000.0,104410,1710331800000.0,0.05819999999999936,-0.0007319199999999999,1146.673023458012,1146.896283458012,-0.2,18.298,0.61,18.007,long_nclose,10.98427,0.009579252127929924,2.0
1710331800000.0,104410,1710331800000.0,0.07019999999999982,-0.0007343200000000001,1146.742489138012,1146.8925491380119,-0.2,18.358,0.41,18.007,long_nclose,7.3828700000000005,0.006438123702514578,0.0
1710331920000.0,104412,1710331920000.0,0.08219999999999957,-0.0007367200000000001,1146.823952418012,1146.918872418012,-0.2,18.418,0.21,18.007,long_nclose,3.78147,0.0032973413155759344,2.0
1710331920000.0,104412,1710331920000.0,0.09869999999999976,-0.0007760340000000001,1146.921876384012,1146.921876384012,-0.21,18.477,0.0,18.007,long_nclose,0.0,0.0,0.0
1710333540000.0,104439,1710333540000.0,0.0,-0.0074871680000000015,1146.914389216012,1146.9518292160121,2.08,17.998,2.08,17.998,long_ientry_normal,37.435840000000006,0.03264048332813206,27.0
1710334860000.0,104461,1710334860000.0,0.058480000000000205,-0.0012355600000000003,1146.971633656012,1147.404893656012,-0.34,18.17,1.74,17.998,long_nclose,31.31652,0.027303656935418273,22.0
1710334860000.0,104461,1710334860000.0,0.07853999999999936,-0.0012395720000000002,1147.048934084012,1147.397534084012,-0.34,18.229,1.4,17.998,long_nclose,25.1972,0.02196697913338936,0.0
1710334980000.0,104463,1710334980000.0,0.06467999999999947,-0.001020824,1147.1125932600119,1147.427313260012,-0.28,18.229,1.12,17.998,long_nclose,20.157760000000003,0.017572608058214315,2.0
1710335280000.0,104468,1710335280000.0,0.05081999999999958,-0.000802076,1147.162611184012,1147.371411184012,-0.22,18.229,0.9,17.998,long_nclose,16.1982,0.014120230072074507,5.0
1710335580000.0,104473,1710335580000.0,0.02580000000000009,-0.0005451000000000001,1147.1878660840118,1147.3543660840119,-0.15,18.17,0.75,17.998,long_nclose,13.4985,0.011766599350529974,5.0
1710335580000.0,104473,1710335580000.0,0.034649999999999716,-0.00054687,1147.2219692140118,1147.3551692140118,-0.15,18.229,0.6,17.998,long_nclose,10.7988,0.009412999654633974,0.0
1710335700000.0,104475,1710335700000.0,0.02771999999999977,-0.000437496,1147.249251718012,1147.359171718012,-0.12,18.229,0.48,17.998,long_nclose,8.63904,0.007530220644784026,2.0
1710335760000.0,104476,1710335760000.0,0.02078999999999983,-0.000328122,1147.269713596012,1147.356683596012,-0.09,18.229,0.39,17.998,long_nclose,7.019220000000001,0.006118195152209586,1.0
1710336120000.0,104482,1710336120000.0,0.010320000000000036,-0.00021804000000000002,1147.2798155560122,1147.3375655560121,-0.06,18.17,0.33,17.998,long_nclose,5.9393400000000005,0.0051768887759274206,6.0
1710336600000.0,104490,1710336600000.0,0.00860000000000003,-0.00018170000000000003,1147.288233856012,1147.3263138560121,-0.05,18.17,0.28,17.998,long_nclose,5.039440000000001,0.00439247945833328,8.0
1710336960000.0,104496,1710336960000.0,0.0,-0.0064846800000000005,1147.281749176012,1147.231869176012,1.8,18.013,2.08,18.01098076923077,long_ientry_partial,37.46284,0.03265356572342073,6.0
1710374280000.0,105118,1710374280000.0,0.058486538461538236,-0.0012364440000000002,1147.3389992704736,1147.641792732012,-0.34,18.183,1.74,18.01098076923077,long_nclose,31.33910653846154,0.027314600617941397,622.0
1710383760000.0,105276,1710383760000.0,0.04988557692307672,-0.001054614,1147.3878302333967,1147.6938081180122,-0.29,18.183,1.45,18.01098076923077,long_nclose,26.115922115384617,0.022761198460743853,158.0
1710383820000.0,105277,1710383820000.0,0.06728557692307635,-0.0010580939999999999,1147.4540577163198,1147.729000024012,-0.29,18.243,1.16,18.01098076923077,long_nclose,20.89273769230769,0.018207907804072547,1.0
1710384300000.0,105285,1710384300000.0,0.05336442307692263,-0.0008391779999999999,1147.5065829613968,1147.723290846012,-0.23,18.243,0.93,18.01098076923077,long_nclose,16.750212115384617,0.014597051000924942,8.0
1710386580000.0,105323,1710386580000.0,0.0,-0.00413632,1147.5024466413968,1147.473194526012,1.15,17.984,2.08,17.996063517011834,long_ientry_partial,37.431812115384616,0.032620246017725785,38.0
1710408900000.0,105695,1710408900000.0,0.05845840421597629,-0.0012354240000000002,1147.5596696216128,1147.902339102012,-0.34,18.168,1.74,17.996063517011834,long_nclose,31.31315051960059,0.0272867297000125,372.0
1710409080000.0,105698,1710409080000.0,0.049861580066568004,-0.001053744,1147.6084774576793,1147.8534353580121,-0.29,18.168,1.45,17.996063517011834,long_nclose,26.094292099667157,0.022737974328557054,3.0
1710409140000.0,105699,1710409140000.0,0.04126475591715973,-0.000872064,1147.6488701495964,1147.892003294012,-0.24,18.168,1.21,17.996063517011834,long_nclose,21.775236855584318,0.0189737797177859,1.0
1710409440000.0,105704,1710409440000.0,0.034387296597633114,-0.00072672,1147.682530726194,1147.842046574012,-0.2,18.168,1.01,17.996063517011834,long_nclose,18.176024152181952,0.015837153276769933,5.0
1710409500000.0,105705,1710409500000.0,0.027509837278106488,-0.0005813760000000001,1147.7094591874722,1147.8454051980123,-0.16,18.168,0.85,17.996063517011834,long_nclose,15.296653989460058,0.013327984593147307,1.0
1710409980000.0,105713,1710409980000.0,0.02407110761834318,-0.000508704,1147.7330215910906,1147.8842064940122,-0.14,18.168,0.71,17.996063517011834,long_nclose,12.7772050970784,0.011132558580013226,8.0
1710410220000.0,105717,1710410220000.0,0.01891301312869821,-0.000399696,1147.7515349082194,1147.8564967980124,-0.11,18.168,0.6,17.996063517011834,long_nclose,10.7976381102071,0.0094076442346649,4.0
1710410580000.0,105723,1710410580000.0,0.017193648298816557,-0.00036336,1147.7683651965183,1147.8463334380124,-0.1,18.168,0.5,17.996063517011834,long_nclose,8.998031758505917,0.007839588571484365,6.0
1710413640000.0,105774,1710413640000.0,0.0,-0.005697606000000002,1147.7626675905183,1147.6980558320124,1.59,17.917,2.09,17.93591471698848,long_ientry_partial,37.486061758505926,0.03266011590810832,51.0
1710414900000.0,105795,1710414900000.0,0.0,-0.007493852000000001,1147.7551737385184,1146.7275619800125,2.14,17.509,4.23,17.71993422186901,long_rentry,74.95532175850592,0.06530601950096915,21.0
1710423360000.0,105936,1710423360000.0,0.0,-0.0074674039999999995,1147.7477063345184,1145.9577645760126,2.17,17.206,6.4,17.54567839976655,long_rentry,112.29234175850593,0.09783713018005162,141.0
1710424260000.0,105951,1710424260000.0,0.0,-0.007490574,1147.7402157605184,1143.7795240020123,2.21,16.947,8.61,17.39201065720162,long_rentry,149.74521175850595,0.13046960427302046,15.0
1710442320000.0,106252,1710442320000.0,0.0,-0.009557548,1147.7306582125184,1141.7352364540125,2.86,16.709,11.47,17.22170459969537,long_rentry,197.53295175850593,0.17210741069350258,301.0
1710444900000.0,106295,1710444900000.0,0.0,-0.012553284000000001,1147.7181049285184,1138.6334331700125,3.82,16.431,15.29,17.024157734369258,long_rentry,260.2993717585059,0.22679730383334656,43.0
1710453900000.0,106445,1710453900000.0,0.41361935470208866,-0.008730996000000001,1148.1229932872207,1150.4797321740127,-2.54,17.187,12.75,17.024157734369258,long_nclose,217.05801111320804,0.18905466782068672,150.0
1710454080000.0,106448,1710454080000.0,0.5580477773583894,-0.00879393,1148.672247134579,1150.8432382440126,-2.55,17.243,10.2,17.024157734369258,long_nclose,173.64640889056642,0.15117141493035646,3.0
1710454140000.0,106449,1710454140000.0,0.4464382218867115,-0.007035144,1149.1116502124657,1150.9790031000125,-2.04,17.243,8.16,17.024157734369258,long_nclose,138.91712711245316,0.1208908873970323,1.0
1710454260000.0,106451,1710454260000.0,0.3567128929781077,-0.005621217999999999,1149.4627418874438,1150.8395418820126,-1.63,17.243,6.53,17.024157734369258,long_nclose,111.16775000543126,0.09671279107567358,2.0
1710454320000.0,106452,1710454320000.0,0.2844949453199632,-0.004483180000000001,1149.7427536527637,1150.9343687020125,-1.3,17.243,5.23,17.024157734369258,long_nclose,89.03634495075123,0.07744023144993119,1.0
1710454860000.0,106461,1710454860000.0,0.35859494531996605,-0.004498,1150.0968505980836,1151.1573307020124,-1.3,17.3,3.93,17.024157734369258,long_nclose,66.90493989607118,0.0581733093706662,9.0
1710454920000.0,106462,1710454920000.0,0.27032542031812823,-0.0033908000000000002,1150.3637852184017,1151.2070199020125,-0.98,17.3,2.95,17.024157734369258,long_nclose,50.221265316389314,0.04365685530238991,1.0
1710455760000.0,106476,1710455760000.0,0.12911693672213714,-0.0020346739999999998,1150.4908674811238,1151.0144152280125,-0.59,17.243,2.36,17.024157734369258,long_nclose,40.17701225311144,0.03492162640201977,14.0
1710456000000.0,106480,1710456000000.0,0.10285586484644824,-0.0016208419999999997,1150.5921025039704,1151.0491843860125,-0.47,17.243,1.89,17.024157734369258,long_nclose,32.175658117957894,0.0279644350486465,4.0
1710456240000.0,106484,1710456240000.0,0.08097163828337414,-0.001275982,1150.671798160254,1151.0302784040127,-0.37,17.243,1.52,17.024157734369258,long_nclose,25.876719756241272,0.022488358363882854,4.0
1710456420000.0,106487,1710456420000.0,0.10482006093968238,-0.0013148000000000003,1150.7753034211935,1151.0715236040126,-0.38,17.3,1.14,17.024157734369258,long_nclose,19.40753981718095,0.016864751754302836,3.0
1710456780000.0,106493,1710456780000.0,0.07723583437660808,-0.0009688000000000001,1150.85157045557,1151.0913748040125,-0.28,17.3,0.86,17.024157734369258,long_nclose,14.640775651557561,0.012721688901864156,6.0
1710457320000.0,106502,1710457320000.0,0.03720318515722596,-0.000586262,1150.8881873787273,1151.0433285420124,-0.17,17.243,0.69,17.024157734369258,long_nclose,11.746668836714786,0.010206611698282436,9.0
1710457560000.0,106506,1710457560000.0,0.04689318515722633,-0.0005882000000000001,1150.9344923638844,1151.0716903420123,-0.17,17.3,0.52,17.024157734369258,long_nclose,8.852562021872014,0.007691629784845435,4.0
1710457680000.0,106508,1710457680000.0,0.035859494531996605,-0.00044980000000000004,1150.9699020584162,1151.082550542012,-0.13,17.3,0.39,17.024157734369258,long_nclose,6.639421516404011,0.0057685448633625815,2.0
1710457920000.0,106512,1710457920000.0,0.024825803906766877,-0.0003114,1150.994416462323,1151.0786691420121,-0.09,17.3,0.3,17.024157734369258,long_nclose,5.107247320310777,0.004437247694049052,4.0
1710459360000.0,106536,1710459360000.0,0.033184226563074404,-0.0003471200000000001,1151.027253568886,1151.093822022012,-0.1,17.356,0.2,17.024157734369258,long_nclose,3.4048315468738517,0.0029580807372864533,24.0
1710459480000.0,106538,1710459480000.0,0.019910535937844642,-0.00020827200000000001,1151.0469558328239,1151.093973750012,-0.06,17.356,0.14,17.024157734369258,long_nclose,2.3833820828116963,0.0020706210730449598,2.0
1710459780000.0,106543,1710459780000.0,0.013273690625229762,-0.000138848,1151.0600906754491,1151.0941749020121,-0.04,17.356,0.1,17.024157734369258,long_nclose,1.7024157734369258,0.0014789981750109483,5.0
1710460140000.0,106549,1710460140000.0,0.005516845312614862,-6.920000000000002e-05,1151.0655383207616,1151.089685702012,-0.02,17.3,0.08,17.024157734369258,long_nclose,1.3619326187495406,0.0011831929402876605,6.0
1710460500000.0,106555,1710460500000.0,0.005516845312614862,-6.920000000000002e-05,1151.070985966074,1151.0884365020117,-0.02,17.3,0.06,17.024157734369258,long_nclose,1.0214494640621554,0.0008873905054646743,6.0
1710460980000.0,106563,1710460980000.0,0.002758422656307431,-3.460000000000001e-05,1151.0737097887304,1151.087901902012,-0.01,17.3,0.05,17.024157734369258,long_nclose,0.8512078867184629,0.0007394903380033715,8.0
1710461460000.0,106571,1710461460000.0,0.002758422656307431,-3.460000000000001e-05,1151.0764336113868,1151.086347302012,-0.01,17.3,0.04,17.024157734369258,long_nclose,0.6809663093747703,0.0005915908705022366,8.0
1710461580000.0,106573,1710461580000.0,0.0021884226563074097,-3.4486e-05,1151.078587548043,1151.085662816012,-0.01,17.243,0.03,17.024157734369258,long_nclose,0.5107247320310777,0.00044369232262324695,2.0
1710461640000.0,106574,1710461640000.0,0.002758422656307431,-3.460000000000001e-05,1151.0813113706995,1151.087328216012,-0.01,17.3,0.02,17.024157734369258,long_nclose,0.34048315468738516,0.0002957941818045332,1.0
1710461820000.0,106577,1710461820000.0,0.002758422656307431,-3.460000000000001e-05,1151.084035193356,1151.0870036160122,-0.01,17.3,0.01,17.024157734369258,long_nclose,0.17024157734369258,0.00014789674093177382,3.0
1710461940000.0,106579,1710461940000.0,0.0033184226563074404,-3.4712e-05,1151.0873189040124,1151.0873189040124,-0.01,17.356,0.0,17.024157734369258,long_nclose,0.0,0.0,2.0
1710469260000.0,106701,1710469260000.0,0.0,-0.007496148000000001,1151.0798227560124,1151.0863627560125,2.18,17.193,2.18,17.193,long_ientry_normal,37.480740000000004,0.03256137346779345,122.0
1710470340000.0,106719,1710470340000.0,0.0,-0.0075192320000000016,1151.0723035240123,1149.9375835240123,2.24,16.784,4.42,16.985723981900456,long_rentry,75.07690000000001,0.06522344406181244,18.0
1710470820000.0,106727,1710470820000.0,0.0,-0.007488276000000001,1151.0648152480123,1149.5001852480123,2.27,16.494,6.69,16.818875934230196,long_rentry,112.51828000000002,0.09775147194969767,8.0
1710472920000.0,106762,1710472920000.0,0.0,-0.007505190000000001,1151.0573100580123,1147.7040800580123,2.31,16.245,9.0,16.671581111111113,long_rentry,150.04423000000003,0.13035339655888892,35.0
1710473100000.0,106765,1710473100000.0,0.0,-0.009578166,1151.0477318920123,1145.2164518920122,2.99,16.017,11.99,16.508345287739786,long_rentry,197.93506000000005,0.1719607749668627,3.0
1710473280000.0,106768,1710473280000.0,0.0,-0.012569298000000001,1151.0351625940123,1141.9226325940122,3.99,15.751,15.98,16.31924593241552,long_rentry,260.78155,0.2265626268204472,3.0
1710492720000.0,107092,1710492720000.0,0.0,-0.01641752,1151.0187450740123,1137.7883950740122,5.32,15.43,21.3,16.097143192488264,long_rentry,342.86915000000005,0.29788320256934914,324.0
1710493740000.0,107109,1710493740000.0,0.0,-0.021323884,1150.9974211900123,1131.4754011900122,7.09,15.038,28.39,15.832637196195845,long_rentry,449.48857000000004,0.390520918400734,17.0
1710510540000.0,107389,1710510540000.0,0.7159460619936512,-0.015120864000000001,1151.698246388006,1154.3567503260124,-4.73,15.984,23.66,15.832637196195845,long_nclose,374.6001960619937,0.32525897928283487,280.0
1710510600000.0,107390,1710510600000.0,0.596369446988369,-0.012595392,1152.2820204429943,1155.3457749340123,-3.94,15.984,19.72,15.832637196195845,long_nclose,312.21960550898206,0.2709576301372379,1.0
1710510780000.0,107393,1710510780000.0,0.49646999647762696,-0.010485504,1152.768004935472,1155.2235294300121,-3.28,15.984,16.44,15.832637196195845,long_nclose,260.2885555054597,0.22579439608928928,3.0
1710510840000.0,107394,1710510840000.0,0.41473408242338355,-0.008759232,1153.1739797858952,1155.316150198012,-2.74,15.984,13.7,15.832637196195845,long_nclose,216.90712958788308,0.18809575431814313,1.0
1710511140000.0,107399,1710511140000.0,0.3451071926734724,-0.007288704,1153.5117982745685,1155.297461494012,-2.28,15.984,11.42,15.832637196195845,long_nclose,180.80871678055655,0.1567463090113266,5.0
1710515040000.0,107464,1710515040000.0,0.28758932722789365,-0.00607392,1153.7933136817962,1154.939167574012,-1.9,15.984,9.52,15.832637196195845,long_nclose,150.72670610778445,0.1306357944013474,65.0
1710520980000.0,107563,1710520980000.0,0.23915323001056424,-0.005050944000000001,1154.0274159678067,1154.9989766300118,-1.58,15.984,7.94,15.832637196195845,long_nclose,125.71113933779502,0.10893254146165095,99.0
1710521100000.0,107565,1710521100000.0,0.19979890102148404,-0.004219776000000001,1154.2229950928283,1155.152196854012,-1.32,15.984,6.62,15.832637196195845,long_nclose,104.8120582388165,0.09080745981012707,2.0
1710525780000.0,107643,1710525780000.0,0.16649908418457005,-0.00351648,1154.385977697013,1155.111100374012,-1.1,15.984,5.52,15.832637196195845,long_nclose,87.39615732300106,0.07570791659939893,78.0
1710525900000.0,107645,1710525900000.0,0.1392537794998222,-0.002941056,1154.5222904205127,1155.2231593180118,-0.92,15.984,4.6,15.832637196195845,long_nclose,72.83013110250089,0.063082481565578,2.0
1710526080000.0,107648,1710526080000.0,0.11503573089115747,-0.002429568,1154.6348965834038,1155.3390097500117,-0.76,15.984,3.84,15.832637196195845,long_nclose,60.79732683339204,0.05265502282435166,3.0
1710526200000.0,107650,1710526200000.0,0.09687219443465893,-0.002045952,1154.7297228258385,1155.2236837980117,-0.64,15.984,3.2,15.832637196195845,long_nclose,50.66443902782671,0.04387558233440238,2.0
1710526440000.0,107654,1710526440000.0,0.1301521944346598,-0.0020526080000000005,1154.8578224122732,1155.360511190012,-0.64,16.036,2.56,15.832637196195845,long_nclose,40.53155122226136,0.0350965724400592,4.0
1710526560000.0,107656,1710526560000.0,0.10371502994011954,-0.0016356720000000003,1154.9599017702133,1155.3644955180118,-0.51,16.036,2.05,15.832637196195845,long_nclose,32.45690625220148,0.028102193160519776,2.0
1710526680000.0,107658,1710526680000.0,0.08337874955970394,-0.001314952,1155.0419655677729,1155.4033605660118,-0.41,16.036,1.64,15.832637196195845,long_nclose,25.965525001761186,0.022480157237401814,2.0
1710526980000.0,107663,1710526980000.0,0.0650760972173299,-0.0010263040000000002,1155.10601536099,1155.3757742620116,-0.32,16.036,1.32,15.832637196195845,long_nclose,20.899081098978517,0.018092781806219926,5.0
1710527400000.0,107670,1710527400000.0,0.052874328989080545,-0.000833872,1155.1580558179792,1155.4054203900116,-0.26,16.036,1.06,15.832637196195845,long_nclose,16.782595427967596,0.014528397515337127,7.0
1710527460000.0,107671,1710527460000.0,0.06665432898907984,-0.000836628,1155.2238735189683,1155.4193637620117,-0.26,16.089,0.8,15.832637196195845,long_nclose,12.666109756956677,0.010964203603561267,1.0
1710527520000.0,107672,1710527520000.0,0.05127256076083064,-0.00064356,1155.2745025197291,1155.4289202020116,-0.2,16.089,0.6,15.832637196195845,long_nclose,9.499582317717508,0.008222792329440577,1.0
1710527760000.0,107676,1710527760000.0,0.024403536456498714,-0.000384864,1155.2985211921857,1155.3975753380116,-0.12,16.036,0.48,15.832637196195845,long_nclose,7.599665854174005,0.0065780971019781895,4.0
1710527880000.0,107678,1710527880000.0,0.018302652342374034,-0.000288648,1155.316535196528,1155.3903866900116,-0.09,16.036,0.39,15.832637196195845,long_nclose,6.17472850651638,0.005344620559304998,2.0
1710527940000.0,107679,1710527940000.0,0.014235396266290917,-0.00022450400000000004,1155.3305460887943,1155.4084221860116,-0.07,16.036,0.32,15.832637196195845,long_nclose,5.06644390278267,0.004385276508038664,1.0
1710528000000.0,107680,1710528000000.0,0.020509024304332258,-0.00025742399999999997,1155.3507976890987,1155.4125647620117,-0.08,16.089,0.24,15.832637196195845,long_nclose,3.7998329270870026,0.0032888997304431913,1.0
1710528060000.0,107681,1710528060000.0,0.024669024304332227,-0.000258256,1155.375208457403,1155.4269465060117,-0.08,16.141,0.16,15.832637196195845,long_nclose,2.533221951391335,0.00219255349504475,1.0
1710528180000.0,107683,1710528180000.0,0.02890902430433229,-0.000259104,1155.4038583777074,1155.4343674020117,-0.08,16.194,0.08,15.832637196195845,long_nclose,1.2666109756956676,0.0010962495637448408,2.0
1710528300000.0,107685,1710528300000.0,0.03306902430433226,-0.000259936,1155.4366674660116,1155.4366674660116,-0.08,16.246,0.0,15.832637196195845,long_nclose,0.0,0.0,2.0
1710532680000.0,107758,1710532680000.0,0.0,-0.007520848,1155.4291466180116,1155.3937466180116,2.36,15.934,2.36,15.934,long_ientry_normal,37.60424,0.032545691018847106,73.0
1710542940000.0,107929,1710542940000.0,0.05927999999999971,-0.001254708,1155.4871719100115,1155.7964619100114,-0.39,16.086,1.97,15.934,long_nclose,31.389979999999998,0.027166013403777212,171.0
1710543120000.0,107932,1710543120000.0,0.04863999999999976,-0.0010295039999999999,1155.5347824060116,1155.7789824060117,-0.32,16.086,1.65,15.934,long_nclose,26.291099999999997,0.022752322474670683,3.0
1710543180000.0,107933,1710543180000.0,0.0410399999999998,-0.000868644,1155.5749537620115,1155.8067937620115,-0.27,16.086,1.38,15.934,long_nclose,21.988919999999997,0.019028553646316372,1.0
1710543480000.0,107938,1710543480000.0,0.055350000000000024,-0.000871506,1155.6294322560116,1155.8403322560116,-0.27,16.139,1.11,15.934,long_nclose,17.68674,0.015304854226040325,5.0
1710544320000.0,107952,1710544320000.0,0.027359999999999864,-0.000579096,1155.6562131600117,1155.8254731600116,-0.18,16.086,0.93,15.934,long_nclose,14.81862,0.012822688816322073,14.0
1710544620000.0,107957,1710544620000.0,0.022799999999999886,-0.0004825799999999999,1155.6785305800117,1155.8002105800117,-0.15,16.086,0.78,15.934,long_nclose,12.42852,0.010754305519340554,5.0
1710544800000.0,107960,1710544800000.0,0.019759999999999903,-0.00041823600000000005,1155.6978723440116,1155.8057723440115,-0.13,16.086,0.65,15.934,long_nclose,10.357099999999999,0.008961771279368633,3.0
1710545040000.0,107964,1710545040000.0,0.015199999999999925,-0.00032172,1155.7127506240115,1155.8051506240115,-0.1,16.086,0.55,15.934,long_nclose,8.7637,0.007582939614768599,4.0
1710545160000.0,107966,1710545160000.0,0.022550000000000008,-0.000355058,1155.7349455660114,1155.8273455660114,-0.11,16.139,0.44,15.934,long_nclose,7.01096,0.006066235192504663,2.0
1710545280000.0,107968,1710545280000.0,0.016400000000000005,-0.00025822400000000004,1155.7510873420115,1155.8320873420114,-0.08,16.139,0.36,15.934,long_nclose,5.73624,0.004963214019717832,2.0
1710545520000.0,107972,1710545520000.0,0.014350000000000007,-0.00022594600000000004,1155.7652113960114,1155.8278513960115,-0.07,16.139,0.29,15.934,long_nclose,4.6208599999999995,0.003998095767581213,4.0
1710545820000.0,107977,1710545820000.0,0.018060000000000066,-0.00022668800000000006,1155.7830447080114,1155.8455247080115,-0.07,16.192,0.22,15.934,long_nclose,3.50548,0.0030329913698341187,5.0
1710546240000.0,107984,1710546240000.0,0.021770000000000123,-0.00022743000000000004,1155.8045872780115,1155.8522872780115,-0.07,16.245,0.15,15.934,long_nclose,2.3901,0.002067910117599401,7.0
1710546600000.0,107990,1710546600000.0,0.015550000000000086,-0.00016245000000000005,1155.8199748280115,1155.8509748280114,-0.05,16.245,0.1,15.934,long_nclose,1.5934,0.0013785883915331202,6.0
1710547440000.0,108004,1710547440000.0,0.005160000000000018,-6.4768e-05,1155.8250700600115,1155.8468300600116,-0.02,16.192,0.08,15.934,long_nclose,1.27472,0.0011028658514335699,14.0
1710547500000.0,108005,1710547500000.0,0.0062200000000000345,-6.498e-05,1155.8312250800116,1155.8501850800117,-0.02,16.245,0.06,15.934,long_nclose,0.9560399999999999,0.0008271449838481554,1.0
1710548100000.0,108015,1710548100000.0,0.0062200000000000345,-6.498e-05,1155.8373801000116,1155.8508201000116,-0.02,16.245,0.04,15.934,long_nclose,0.63736,0.000551427052778697,10.0
1710548280000.0,108018,1710548280000.0,0.0031100000000000173,-3.249e-05,1155.8404576100118,1155.8502076100117,-0.01,16.245,0.03,15.934,long_nclose,0.47801999999999994,0.000413569188422791,3.0
1710548880000.0,108028,1710548880000.0,0.0036300000000000134,-3.2594e-05,1155.8440550160117,1155.8514350160117,-0.01,16.297,0.02,15.934,long_nclose,0.31868,0.00027571193416363196,10.0
1710549900000.0,108045,1710549900000.0,0.0020500000000000006,-3.2278000000000005e-05,1155.8460727380118,1155.848552738012,-0.01,16.139,0.01,15.934,long_nclose,0.15934,0.0001378557264312448,17.0
1710549960000.0,108046,1710549960000.0,0.002580000000000009,-3.2384e-05,1155.848620354012,1155.848620354012,-0.01,16.192,0.0,15.934,long_nclose,0.0,0.0,1.0
1710563700000.0,108275,1710563700000.0,0.0,-0.00755008,1155.8410702740118,1155.8481202740118,2.35,16.064,2.35,16.064,long_ientry_normal,37.7504,0.032660545615540916,229.0
1710588660000.0,108691,1710588660000.0,0.0,-0.00752736,1155.8335429140118,1155.0355929140119,2.4,15.682,4.75,15.870989473684212,long_rentry,75.3872,0.06522323258584341,416.0
1710596760000.0,108826,1710596760000.0,0.0,-0.007520568,1155.8260223460118,1153.4613223460117,2.44,15.411,7.19,15.714887343532684,long_rentry,112.99004000000001,0.09775696152839769,135.0
1710609960000.0,109046,1710609960000.0,0.0,-0.007528784000000001,1155.8184935620118,1151.9171135620118,2.48,15.179,9.67,15.577451913133402,long_rentry,150.63396,0.13032665668445476,220.0
1710612360000.0,109086,1710612360000.0,0.0,-0.009638104,1155.8088554580117,1149.7027654580118,3.22,14.966,12.89,15.424707525213343,long_rentry,198.82448,0.1720219386286082,40.0
1710614220000.0,109117,1710614220000.0,0.0,-0.012627186,1155.7962282720118,1146.9831182720118,4.29,14.717,17.18,15.24798661233993,long_rentry,261.96041,0.22664930339117592,31.0
1710659460000.0,109871,1710659460000.0,0.0,-0.016491904,1155.7797363680118,1141.4862063680118,5.72,14.416,22.9,15.040171615720524,long_rentry,344.41992999999997,0.29799789627937656,754.0
1710673680000.0,110108,1710673680000.0,0.5479861441047996,-0.011570208,1156.3161523041165,1158.9282061600118,-3.81,15.184,19.09,15.040171615720524,long_nclose,287.1168761441048,0.2483030921707576,237.0
1710673740000.0,110109,1710673740000.0,0.45737426200873044,-0.009657024,1156.7638695421251,1159.1476391360115,-3.18,15.184,15.91,15.040171615720524,long_nclose,239.28913040611354,0.20686082674835782,1.0
1710673860000.0,110111,1710673860000.0,0.38114521834060866,-0.008047519999999999,1157.1369672404658,1159.1104316160115,-2.65,15.184,13.26,15.040171615720524,long_nclose,199.43267562445416,0.17235010311705812,2.0
1710686400000.0,110320,1710686400000.0,0.3178607292576397,-0.006711327999999999,1157.4481166417236,1158.7280202880117,-2.21,15.184,11.05,15.040171615720524,long_nclose,166.1938963537118,0.14358647611429434,209.0
1710686460000.0,110321,1710686460000.0,0.26464422707423396,-0.005587712,1157.7071731567978,1159.0042025760117,-1.84,15.184,9.21,15.040171615720524,long_nclose,138.51998058078604,0.11965027408707705,1.0
1710686520000.0,110322,1710686520000.0,0.22005742794759672,-0.004646304,1157.9225842807452,1159.1116662720117,-1.53,15.184,7.68,15.040171615720524,long_nclose,115.50851800873362,0.09975495734931437,1.0
1710687420000.0,110337,1710687420000.0,0.18410033187772798,-0.003887104,1158.102797508623,1159.1384991680118,-1.28,15.184,6.4,15.040171615720524,long_nclose,96.25709834061136,0.0831161953392092,15.0
1710687480000.0,110338,1710687480000.0,0.24810033187772887,-0.0038999040000000005,1158.3469979365009,1159.3393992640117,-1.28,15.234,5.12,15.040171615720524,long_nclose,77.00567867248908,0.06647893835756324,1.0
1710687540000.0,110339,1710687540000.0,0.1977049519650652,-0.003107736,1158.541595152466,1159.307591528012,-1.02,15.234,4.1,15.040171615720524,long_nclose,61.66470362445414,0.05322614559759416,1.0
1710689160000.0,110366,1710689160000.0,0.09780330131004299,-0.002065024,1158.637333429776,1159.0676665040116,-0.68,15.184,3.42,15.040171615720524,long_nclose,51.437386925764194,0.04439472597823189,27.0
1710689340000.0,110369,1710689340000.0,0.08198217903930073,-0.0017309759999999997,1158.7175846328153,1159.1474455280118,-0.57,15.184,2.85,15.040171615720524,long_nclose,42.864489104803496,0.03699304271660534,3.0
1710689460000.0,110371,1710689460000.0,0.11048217903930113,-0.001736676,1158.8263301358545,1159.2728188520118,-0.57,15.234,2.28,15.040171615720524,long_nclose,34.29159128384279,0.029591656999908376,2.0
1710689580000.0,110373,1710689580000.0,0.13898217903930155,-0.001742376,1158.9635699388937,1159.4164264760116,-0.57,15.284,1.71,15.040171615720524,long_nclose,25.718693462882097,0.02219111465620797,2.0
1710689760000.0,110376,1710689760000.0,0.16691217903930125,-0.0017479619999999998,1159.128734155933,1159.4671185140116,-0.57,15.333,1.14,15.040171615720524,long_nclose,17.145795641921396,0.014791968429983584,3.0
1710690060000.0,110381,1710690060000.0,0.11127478602620083,-0.001165308,1159.238843633959,1159.4591132060114,-0.38,15.333,0.76,15.040171615720524,long_nclose,11.430530427947598,0.009860375616913764,5.0
1710690120000.0,110382,1710690120000.0,0.07320709606986897,-0.00076665,1159.3112840800288,1159.4754165560114,-0.25,15.333,0.51,15.040171615720524,long_nclose,7.670487524017467,0.006616417548376044,1.0
1710690360000.0,110386,1710690360000.0,0.0857070960698687,-0.00076915,1159.3962220260987,1159.4827574060114,-0.25,15.383,0.26,15.040171615720524,long_nclose,3.9104446200873366,0.003372828499694137,4.0
1710690540000.0,110389,1710690540000.0,0.02342627074235807,-0.000245328,1159.4194029688413,1159.4739120780116,-0.08,15.333,0.18,15.040171615720524,long_nclose,2.7072308908296945,0.0023349884294652,3.0
1710690720000.0,110392,1710690720000.0,0.01756970305676855,-0.00018399600000000002,1159.436788675898,1159.4728880820117,-0.06,15.333,0.12,15.040171615720524,long_nclose,1.8048205938864628,0.0015566356109396934,3.0
1710690840000.0,110394,1710690840000.0,0.011713135371179035,-0.000122664,1159.4483791472692,1159.4737254180116,-0.04,15.333,0.08,15.040171615720524,long_nclose,1.203213729257642,0.001037746699980348,2.0
1710691380000.0,110403,1710691380000.0,0.0058565676855895175,-6.1332e-05,1159.4541743829548,1159.4690440860115,-0.02,15.333,0.06,15.040171615720524,long_nclose,0.9024102969432314,0.0007783061348013012,9.0
1710691560000.0,110406,1710691560000.0,0.0058565676855895175,-6.1332e-05,1159.4599696186403,1159.4720827540116,-0.02,15.333,0.04,15.040171615720524,long_nclose,0.601606864628821,0.000518868163104153,3.0
1710691980000.0,110413,1710691980000.0,0.0019382838427947568,-3.0468000000000004e-05,1159.461877434483,1159.4685922860115,-0.01,15.234,0.03,15.040171615720524,long_nclose,0.4512051484716157,0.0003891504820063492,7.0
1710692280000.0,110418,1710692280000.0,0.0014382838427947498,-3.0368e-05,1159.463285350326,1159.4667619180116,-0.01,15.184,0.02,15.040171615720524,long_nclose,0.3008034323144105,0.0002594333396451827,5.0
1710692340000.0,110419,1710692340000.0,0.0019382838427947568,-3.0468000000000004e-05,1159.4651931661688,1159.4672114500115,-0.01,15.234,0.01,15.040171615720524,long_nclose,0.15040171615720524,0.00012971645638322357,1.0
1710692880000.0,110428,1710692880000.0,0.002438283842794764,-3.0568e-05,1159.4676008820115,1159.4676008820115,-0.01,15.284,0.0,15.040171615720524,long_nclose,0.0,0.0,9.0
1710720480000.0,110888,1710720480000.0,0.0,-0.007565610000000001,1159.4600352720115,1159.4550952720115,2.47,15.315,2.47,15.315,long_ientry_normal,37.828050000000005,0.03262557470652749,460.0
1710723840000.0,110944,1710723840000.0,0.0,-0.0075647,1159.4524705720114,1158.5359205720115,2.53,14.95,5.0,15.13031,long_rentry,75.65155,0.06524765086979167,56.0
1710727920000.0,111012,1710727920000.0,0.12009270000000054,-0.00253565,1159.5700276220114,1160.2234249220114,-0.83,15.275,4.17,15.13031,long_nclose,63.093392699999995,0.054411024083977744,68.0
1710728160000.0,111016,1710728160000.0,0.09983610000000044,-0.00210795,1159.6677557720113,1160.0877569720112,-0.69,15.275,3.48,15.13031,long_nclose,52.6534788,0.0454039344785849,4.0
1710729840000.0,111044,1710729840000.0,0.08392020000000038,-0.0017718999999999999,1159.7499040720113,1160.2014050720113,-0.58,15.275,2.9,15.13031,long_nclose,43.877899,0.037833931993389094,28.0
1710730020000.0,111047,1710730020000.0,0.06945120000000031,-0.0014664,1159.8178888720113,1160.2333786720112,-0.48,15.275,2.42,15.13031,long_nclose,36.6153502,0.031569913303898516,3.0
1710730080000.0,111048,1710730080000.0,0.0934511999999998,-0.0014711999999999998,1159.9098688720112,1160.2836874720113,-0.48,15.325,1.94,15.13031,long_nclose,29.352801399999997,0.025306105403297415,1.0
1710730140000.0,111049,1710730140000.0,0.07398219999999985,-0.0011647,1159.9826863720114,1160.3410027720113,-0.38,15.325,1.56,15.13031,long_nclose,23.6032836,0.02034796198021039,1.0
1710730200000.0,111050,1710730200000.0,0.09542910000000011,-0.00119925,1160.0769162220115,1160.3819235220114,-0.39,15.375,1.17,15.13031,long_nclose,17.702462699999998,0.015259731878512926,1.0
1710730860000.0,111061,1710730860000.0,0.04477869999999991,-0.0007049500000000001,1160.1209899720116,1160.3049385720115,-0.23,15.325,0.94,15.13031,long_nclose,14.2224914,0.012259489762652362,11.0
1710730980000.0,111063,1710730980000.0,0.03504419999999992,-0.0005517,1160.1554824720115,1160.3042068720115,-0.18,15.325,0.76,15.13031,long_nclose,11.4990356,0.009911633202386225,2.0
1710731400000.0,111070,1710731400000.0,0.029203499999999938,-0.0004597499999999999,1160.1842262220116,1160.3072571220116,-0.15,15.325,0.61,15.13031,long_nclose,9.2294891,0.007955192711121944,7.0
1710731580000.0,111073,1710731580000.0,0.02336279999999995,-0.00036779999999999994,1160.2072212220116,1160.3080093220117,-0.12,15.325,0.49,15.13031,long_nclose,7.4138519,0.006390110115149267,3.0
1710731700000.0,111075,1710731700000.0,0.029362800000000036,-0.000369,1160.2362150220115,1160.3363703220116,-0.12,15.375,0.37,15.13031,long_nclose,5.5982147,0.0048250646097043205,2.0
1710731940000.0,111079,1710731940000.0,0.022022100000000027,-0.00027675000000000003,1160.2579603720114,1160.3301135720114,-0.09,15.375,0.28,15.13031,long_nclose,4.236486800000001,0.003651331811282435,4.0
1710732240000.0,111084,1710732240000.0,0.00973449999999998,-0.00015325,1160.2675416220113,1160.3111703220113,-0.05,15.325,0.23,15.13031,long_nclose,3.4799713,0.0029992835058844517,5.0
1710732840000.0,111094,1710732840000.0,0.004340700000000019,-9.165e-05,1160.2717906720113,1160.3017286720112,-0.03,15.275,0.2,15.13031,long_nclose,3.026062,0.002608063062747869,10.0
1710733860000.0,111111,1710733860000.0,0.007787599999999984,-0.0001226,1160.2794556720114,1160.3101260720114,-0.04,15.325,0.16,15.13031,long_nclose,2.4208496,0.0020864366667579155,17.0
1710733980000.0,111113,1710733980000.0,0.005840699999999988,-9.194999999999999e-05,1160.2852044220112,1160.3107741220113,-0.03,15.325,0.13,15.13031,long_nclose,1.9669403,0.0016952213925539273,2.0
1710734280000.0,111118,1710734280000.0,0.002893800000000013,-6.110000000000001e-05,1160.2880371220112,1160.3023030220113,-0.02,15.275,0.11,15.13031,long_nclose,1.6643341,0.0014344145994370752,5.0
1710734340000.0,111119,1710734340000.0,0.0014469000000000066,-3.0550000000000004e-05,1160.2894534720112,1160.3051224720111,-0.01,15.275,0.1,15.13031,long_nclose,1.513031,0.001304011680423757,1.0
1710734640000.0,111124,1710734640000.0,0.0,-0.007245196000000001,1160.2822082760113,1160.2887972760113,2.38,15.221,2.48,15.217343145161289,long_ientry_partial,37.739011,0.032525717218463576,5.0
1710737160000.0,111166,1710737160000.0,0.05971931048387139,-0.001259766,1160.3406678204951,1160.7291175100113,-0.41,15.363,2.07,15.217343145161289,long_nclose,31.499900310483866,0.02714711393305824,42.0
1710737280000.0,111168,1710737280000.0,0.08021931048387168,-0.001263866,1160.419623264979,1160.7311336440114,-0.41,15.413,1.66,15.217343145161289,long_nclose,25.26078962096774,0.02176866808740574,2.0
1710737880000.0,111178,1710737880000.0,0.039327350806451895,-0.000829602,1160.4581210137853,1160.718964042011,-0.27,15.363,1.39,15.217343145161289,long_nclose,21.15210697177419,0.018227376403118747,10.0
1710738540000.0,111189,1710738540000.0,0.03350107661290347,-0.0007066980000000001,1160.4909153923984,1160.6540773440113,-0.23,15.363,1.16,15.217343145161289,long_nclose,17.652118048387095,0.015210905845323537,11.0
1710738600000.0,111190,1710738600000.0,0.027674802419355035,-0.000583794,1160.5180064008177,1160.6748135500113,-0.19,15.363,0.97,15.217343145161289,long_nclose,14.76082285080645,0.012719167448840413,1.0
1710739200000.0,111200,1710739200000.0,0.023305096774193713,-0.000491616,1160.540819881592,1160.6604219340113,-0.16,15.363,0.81,15.217343145161289,long_nclose,12.326047947580644,0.01062095166013915,10.0
1710739380000.0,111203,1710739380000.0,0.03130509677419383,-0.0004932160000000001,1160.5716317623662,1160.7085587180113,-0.16,15.413,0.65,15.217343145161289,long_nclose,9.891273044354838,0.008522759624353919,3.0
1710739560000.0,111206,1710739560000.0,0.03946509677419385,-0.000494848,1160.6106020111404,1160.7344038700114,-0.16,15.464,0.49,15.217343145161289,long_nclose,7.456498141129031,0.006424633833439218,3.0
1710739920000.0,111212,1710739920000.0,0.04746509677419369,-0.000496448,1160.6575706599147,1160.7541474220113,-0.16,15.514,0.33,15.217343145161289,long_nclose,5.021723237903226,0.004326619120786871,6.0
1710740100000.0,111215,1710740100000.0,0.032632254032258154,-0.000341308,1160.6898616059468,1160.7533661140114,-0.11,15.514,0.22,15.217343145161289,long_nclose,3.3478154919354837,0.002884332501451679,3.0
1710740400000.0,111220,1710740400000.0,0.020765979838709737,-0.00021719600000000004,1160.7104103897855,1160.7544589180113,-0.07,15.514,0.15,15.217343145161289,long_nclose,2.282601471774193,0.0019665555261175424,5.0
1710740820000.0,111227,1710740820000.0,0.014832842741935526,-0.00015514,1160.7250880925274,1160.7547537780113,-0.05,15.514,0.1,15.217343145161289,long_nclose,1.521734314516129,0.0013110204389713543,7.0
1710740940000.0,111229,1710740940000.0,0.008899705645161316,-9.308399999999999e-05,1160.7338947141727,1160.7545206940115,-0.03,15.514,0.07,15.217343145161289,long_nclose,1.0652140201612903,0.000917707344475881,2.0
1710741000000.0,111230,1710741000000.0,0.005933137096774211,-6.2056e-05,1160.7397657952695,1160.7552486380114,-0.02,15.514,0.05,15.217343145161289,long_nclose,0.7608671572580645,0.0006555019304751431,1.0
1710741180000.0,111233,1710741180000.0,0.0029665685483871054,-3.1028e-05,1160.7427013358179,1160.7543676100115,-0.01,15.514,0.04,15.217343145161289,long_nclose,0.6086937258064515,0.0005244002181585535,3.0
1710741240000.0,111234,1710741240000.0,0.0029665685483871054,-3.1028e-05,1160.7456368763662,1160.7547165820115,-0.01,15.514,0.03,15.217343145161289,long_nclose,0.45652029435483865,0.00039329916895777545,1.0
1710741840000.0,111244,1710741840000.0,0.0029665685483871054,-3.1028e-05,1160.7485724169146,1160.7546055540113,-0.01,15.514,0.02,15.217343145161289,long_nclose,0.30434686290322577,0.00026219878286777793,10.0
1710742260000.0,111251,1710742260000.0,0.0029665685483871054,-3.1028e-05,1160.751507957463,1160.7544345260114,-0.01,15.514,0.01,15.217343145161289,long_nclose,0.15217343145161288,0.00013109905988352975,7.0
1710742320000.0,111252,1710742320000.0,0.0029665685483871054,-3.1028e-05,1160.7544434980114,1160.7544434980114,-0.01,15.514,0.0,15.217343145161289,long_nclose,0.0,0.0,1.0
1710746520000.0,111322,1710746520000.0,0.0,-0.007558694000000001,1160.7468848040114,1160.7938148040114,2.47,15.301,2.47,15.301,long_ientry_normal,37.793470000000006,0.032559613551219065,70.0
1710768180000.0,111683,1710768180000.0,0.0,-0.007558121999999999,1160.7393266820113,1159.8402466820114,2.53,14.937,5.0,15.116816,long_rentry,75.58408,0.06511718717763969,361.0
1710772500000.0,111755,1710772500000.0,0.0,-0.007574364,1160.7317523180113,1158.7321723180114,2.58,14.679,7.58,14.967796833773086,long_rentry,113.4559,0.09774515065468455,72.0
1710810240000.0,112384,1710810240000.0,0.0,-0.007575468000000001,1160.7241768500114,1156.8523368500114,2.62,14.457,10.2,14.836592156862745,long_rentry,151.33324,0.13037829573834683,629.0
1710811200000.0,112400,1710811200000.0,0.0,-0.009664212000000002,1160.7145126380115,1154.3371926380114,3.39,14.254,13.59,14.691265636497423,long_rentry,199.65429999999998,0.17200982483301264,16.0
1710811980000.0,112413,1710811980000.0,0.0,-0.012671367999999999,1160.7018412700115,1151.8464412700116,4.52,14.017,18.11,14.522978464936497,long_rentry,263.01113999999995,0.22659664234892538,13.0
1710830580000.0,112723,1710830580000.0,0.0,-0.016532124,1160.6853091460116,1146.2460591460117,6.02,13.731,24.13,14.325394115209281,long_rentry,345.67175999999995,0.2978169511375415,310.0
1710832440000.0,112754,1710832440000.0,0.0,-0.021493098,1160.6638160480115,1135.2545660480116,8.03,13.383,32.16,14.090088619402984,long_rentry,453.1372499999999,0.39041214495934246,31.0
1710911820000.0,114077,1710911820000.0,0.0,-0.02772584,1160.6360902080116,1123.7780602080118,10.7,12.956,42.86,13.806963369108724,long_rentry,591.7664499999998,0.5098639056570627,1323.0
1710930300000.0,114385,1710930300000.0,0.9427415445637133,-0.019904892,1161.5589268605752,1167.1682753160117,-7.14,13.939,35.72,13.806963369108724,long_nclose,493.1847315445636,0.42458864560365245,308.0
1710930360000.0,114386,1710930360000.0,1.2711815445637087,-0.019970579999999998,1162.8101378251388,1168.7844047360115,-7.14,13.985,28.58,13.806963369108724,long_nclose,394.6030130891273,0.3393529177748422,1.0
1710930420000.0,114387,1710930420000.0,1.5924815445637082,-0.020034839999999998,1164.3825845297024,1169.1644898960114,-7.14,14.03,21.44,13.806963369108724,long_nclose,296.02129463369107,0.25423026638040536,1.0
1710930480000.0,114388,1710930480000.0,1.1954763415772378,-0.01504016,1165.5630207112797,1169.7444097360114,-5.36,14.03,16.08,13.806963369108724,long_nclose,222.01597097526826,0.19047959400752434,1.0
1710930660000.0,114391,1710930660000.0,0.5714975851609951,-0.00897837,1166.1255399264408,1168.3653913660114,-3.21,13.985,12.87,13.806963369108724,long_nclose,177.69561856042927,0.15238120809157332,3.0
1710930720000.0,114392,1710930720000.0,0.45755414139057865,-0.00718829,1166.5759057778314,1168.4920830760116,-2.57,13.985,10.3,13.806963369108724,long_nclose,142.21172270181987,0.12190524594025293,1.0
1710931140000.0,114399,1710931140000.0,0.2257826388240826,-0.004767138,1166.7969212786554,1167.9654759380114,-1.71,13.939,8.59,13.806963369108724,long_nclose,118.60181534064394,0.10164735026097943,7.0
1710931500000.0,114405,1710931500000.0,0.1888123821745252,-0.003986554,1166.98174710683,1167.7552893840116,-1.43,13.939,7.16,13.806963369108724,long_nclose,98.85785772281847,0.08471242842307168,6.0
1710932820000.0,114427,1710932820000.0,0.15712359076061888,-0.0033174819999999996,1167.1355532155906,1167.9536619020114,-1.19,13.939,5.97,13.806963369108724,long_nclose,82.42757131357908,0.07062382007512477,22.0
1710933060000.0,114431,1710933060000.0,0.1307162645823636,-0.002759922,1167.263509558173,1168.0804119800114,-0.99,13.939,4.98,13.806963369108724,long_nclose,68.75867757816145,0.05890587430783959,4.0
1710933120000.0,114432,1710933120000.0,0.176256264582363,-0.00276903,1167.4369967927553,1168.1633229500114,-0.99,13.985,3.99,13.806963369108724,long_nclose,55.08978384274381,0.04718865685607822,1.0
1710933240000.0,114434,1710933240000.0,0.14064893840410786,-0.00220963,1167.5754361011595,1168.1483533200117,-0.79,13.985,3.2,13.806963369108724,long_nclose,44.18228278114792,0.037841051991196514,2.0
1710933360000.0,114436,1710933360000.0,0.11394344377041649,-0.00179008,1167.68758946493,1168.1152032400116,-0.64,13.985,2.56,13.806963369108724,long_nclose,35.34582622491833,0.03026993396505556,2.0
1710933600000.0,114440,1710933600000.0,0.09079868175455064,-0.00142647,1167.7769616766843,1168.1685867700114,-0.51,13.985,2.05,13.806963369108724,long_nclose,28.30427490667288,0.02423774045519261,4.0
1710933720000.0,114442,1710933720000.0,0.11374868175455059,-0.00143106,1167.8892792984389,1168.2373757100115,-0.51,14.03,1.54,13.806963369108724,long_nclose,21.262723588427434,0.018206112484567147,2.0
1710933840000.0,114444,1710933840000.0,0.08475391973868476,-0.00106628,1167.9729669381775,1168.2514094300113,-0.38,14.03,1.16,13.806963369108724,long_nclose,16.01607750816612,0.013712712504084758,2.0
1710934020000.0,114447,1710934020000.0,0.1022339197386852,-0.0010697760000000001,1168.0741310819162,1168.2909996540113,-0.38,14.076,0.78,13.806963369108724,long_nclose,10.769431427904804,0.009219818452729308,3.0
1710934380000.0,114453,1710934380000.0,0.06994952403173198,-0.0007319520000000001,1168.143348653948,1168.2842877020114,-0.26,14.076,0.52,13.806963369108724,long_nclose,7.179620951936537,0.0061461814256012475,6.0
1710934560000.0,114456,1710934560000.0,0.04573622725151706,-0.00047858400000000005,1168.1886062971996,1168.2852191180116,-0.17,14.076,0.35,13.806963369108724,long_nclose,4.832437179188053,0.004136692613794103,3.0
1710934980000.0,114463,1710934980000.0,0.017842930471302056,-0.00022448000000000002,1168.2062247476708,1168.2675246380115,-0.08,14.03,0.27,13.806963369108724,long_nclose,3.7278801096593557,0.003191114745570344,7.0
1710935100000.0,114465,1710935100000.0,0.01338219785347654,-0.00016836,1168.2194385855241,1168.2608162780114,-0.06,14.03,0.21,13.806963369108724,long_nclose,2.899462307512832,0.0024819500615599157,2.0
1710935280000.0,114468,1710935280000.0,0.00712146523565103,-0.00011188,1168.2264481707598,1168.2570543980114,-0.04,13.985,0.17,13.806963369108724,long_nclose,2.347183772748483,0.002009185613306193,3.0
1710935520000.0,114472,1710935520000.0,0.008921465235651028,-0.00011224000000000001,1168.2352573959956,1168.2658121580114,-0.04,14.03,0.13,13.806963369108724,long_nclose,1.7949052379841341,0.001536424471544362,4.0
1710936240000.0,114484,1710936240000.0,0.003560732617825515,-5.594e-05,1168.2387621886135,1168.2617562180114,-0.02,13.985,0.11,13.806963369108724,long_nclose,1.5187659706019596,0.0013000475756827809,12.0
1710936300000.0,114485,1710936300000.0,0.004460732617825514,-5.6120000000000005e-05,1168.2431668012314,1168.2666600980117,-0.02,14.03,0.09,13.806963369108724,long_nclose,1.242626703219785,0.0010636712788333472,1.0
1710936360000.0,114486,1710936360000.0,0.008071098926738305,-8.4456e-05,1168.2511534441583,1168.2683156420117,-0.03,14.076,0.06,13.806963369108724,long_nclose,0.8284178021465234,0.0007091093380941578,1.0
1710936420000.0,114487,1710936420000.0,0.009451098926738287,-8.4732e-05,1168.260519811085,1168.2704509100117,-0.03,14.122,0.03,13.806963369108724,long_nclose,0.4142089010732617,0.0003545518264541216,1.0
1710936600000.0,114490,1710936600000.0,0.003150366308912762,-2.8244000000000003e-05,1168.263641933394,1168.2702226660117,-0.01,14.122,0.02,13.806963369108724,long_nclose,0.2761392673821745,0.0002363672526221765,3.0
1710936960000.0,114496,1710936960000.0,0.003150366308912762,-2.8244000000000003e-05,1168.2667640557029,1168.2699744220117,-0.01,14.122,0.01,13.806963369108724,long_nclose,0.13806963369108724,0.00011818331047249076,6.0
1710937080000.0,114498,1710937080000.0,0.003150366308912762,-2.8244000000000003e-05,1168.2698861780118,1168.2698861780118,-0.01,14.122,0.0,13.806963369108724,long_nclose,0.0,0.0,2.0
1710947760000.0,114676,1710947760000.0,0.0,-0.0076241,1168.2622620780119,1168.2485120780118,2.75,13.862,2.75,13.862,long_ientry_normal,38.1205,0.032630087641617636,178.0
1710951840000.0,114744,1710951840000.0,0.0,-0.007604984,1168.254657094012,1167.4527970940119,2.81,13.532,5.56,13.695219424460433,long_rentry,76.14542,0.06517878575327812,68.0
1710952080000.0,114748,1710952080000.0,0.0,-0.007607028,1168.247050066012,1166.094590066012,2.86,13.299,8.42,13.560636579572446,long_rentry,114.18055999999999,0.09773665595264991,4.0
1710954840000.0,114794,1710954840000.0,0.18110878859857527,-0.0038331999999999997,1168.4243256546106,1169.507956866012,-1.4,13.69,7.02,13.560636579572446,long_nclose,95.19566878859857,0.08147354235822257,46.0
1710954900000.0,114795,1710954900000.0,0.24410878859857518,-0.0038458,1168.6645886432093,1170.2177510660122,-1.4,13.735,5.62,13.560636579572446,long_nclose,76.21077757719715,0.06521184805101006,1.0
1710954900000.0,114795,1710954900000.0,0.30710878859857504,-0.0038583999999999997,1168.967839031808,1170.134092666012,-1.4,13.78,4.22,13.560636579572446,long_nclose,57.225886365795716,0.04895420083857293,0.0
1710954900000.0,114795,1710954900000.0,0.370108788598575,-0.0038709999999999994,1169.3340768204066,1170.1134216660123,-1.4,13.825,2.82,13.560636579572446,long_nclose,38.2409951543943,0.03270322477762493,0.0
1710955080000.0,114798,1710955080000.0,0.15355439429928752,-0.0019291999999999998,1169.485702014706,1170.0313124660124,-0.7,13.78,2.12,13.560636579572446,long_nclose,28.748549548693585,0.024582215497947216,3.0
1710955140000.0,114799,1710955140000.0,0.1850543942992875,-0.0019354999999999997,1169.6688209090053,1170.0172369660124,-0.7,13.825,1.42,13.560636579572446,long_nclose,19.256103942992873,0.016462868462226804,1.0
1710955260000.0,114801,1710955260000.0,0.12425080760095017,-0.0012995499999999998,1169.791772166606,1170.0125174160123,-0.47,13.825,0.95,13.560636579572446,long_nclose,12.882604750593822,0.01101273325485404,2.0
1710955500000.0,114805,1710955500000.0,0.0819526603325416,-0.0008571500000000001,1169.8728676769385,1170.0427002660122,-0.31,13.825,0.64,13.560636579572446,long_nclose,8.678807410926366,0.007418590216696116,4.0
1710955680000.0,114808,1710955680000.0,0.055516318289786246,-0.00058065,1169.9278033452283,1170.041049616012,-0.21,13.825,0.43,13.560636579572446,long_nclose,5.831073729216151,0.0049841312536919756,3.0
1710955740000.0,114809,1710955740000.0,0.0370108788598575,-0.00038710000000000003,1169.9644271240882,1170.0422525160122,-0.14,13.825,0.29,13.560636579572446,long_nclose,3.932584608076009,0.0033612856227969,1.0
1710955800000.0,114810,1710955800000.0,0.043310878859857495,-0.00038836000000000003,1170.007349642948,1170.0554041560122,-0.14,13.87,0.15,13.560636579572446,long_nclose,2.034095486935867,0.0017385322302091637,1.0
1710956040000.0,114814,1710956040000.0,0.021655439429928747,-0.00019418000000000001,1170.0288109023777,1170.053559976012,-0.07,13.87,0.08,13.560636579572446,long_nclose,1.0848509263657957,0.0009272001819588621,4.0
1710956100000.0,114815,1710956100000.0,0.01237453681710214,-0.00011096,1170.0410744791948,1170.0522090160118,-0.04,13.87,0.04,13.560636579572446,long_nclose,0.5424254631828979,0.00046359523183777177,1.0
1710956220000.0,114817,1710956220000.0,0.002643634204275536,-2.7649999999999998e-05,1170.0436904633991,1170.052131366012,-0.01,13.825,0.03,13.560636579572446,long_nclose,0.40681909738717337,0.0003476956464985094,2.0
1710956940000.0,114829,1710956940000.0,0.0,-0.007539950000000001,1170.0361505133992,1170.096201416012,2.75,13.709,2.78,13.707398955894668,long_ientry_partial,38.10656909738717,0.03256871087330628,12.0
1710956940000.0,114829,1710956940000.0,0.000276010441053316,-2.7470000000000003e-05,1170.0363990538401,1170.0962339460118,-0.01,13.735,2.77,13.707398955894668,long_nclose,37.96949510782823,0.03245155034367528,0.0
1710957600000.0,114840,1710957600000.0,0.06007648028845242,-0.001273096,1170.0952024381286,1170.496220850012,-0.46,13.838,2.31,13.707398955894668,long_nclose,31.664091588116683,0.027061124190696777,11.0
1710957600000.0,114840,1710957600000.0,0.08123648028845296,-0.0012773280000000003,1170.175161590417,1170.4963235220118,-0.46,13.884,1.85,13.707398955894668,long_nclose,25.358688068405137,0.02167084800701072,0.0
1710957660000.0,114841,1710957660000.0,0.06534238631897303,-0.001027416,1170.239476560736,1170.474206106012,-0.37,13.884,1.48,13.707398955894668,long_nclose,20.286950454724106,0.0173357256023752,1.0
1710957720000.0,114842,1710957720000.0,0.05121430279054642,-0.0008052719999999999,1170.2898855915266,1170.520270834012,-0.29,13.884,1.19,13.707398955894668,long_nclose,16.311804757514654,0.013938260048509094,1.0
1710957780000.0,114843,1710957780000.0,0.0642643027905464,-0.0008078820000000001,1170.3533420123172,1170.550082952012,-0.29,13.929,0.9,13.707398955894668,long_nclose,12.336659060305202,0.010540969652031265,1.0
1710957840000.0,114844,1710957840000.0,0.04875222970317314,-0.000612876,1170.4014813660203,1170.5644100760119,-0.22,13.929,0.68,13.707398955894668,long_nclose,9.321031290008374,0.00796396060532104,1.0
1710957900000.0,114845,1710957900000.0,0.058872229703173,-0.0006149,1170.4597386957234,1170.598935176012,-0.22,13.975,0.46,13.707398955894668,long_nclose,6.305403519711548,0.00538711696887399,1.0
1710957960000.0,114846,1710957960000.0,0.0718982401442263,-0.0006449200000000001,1170.5309920158677,1170.6026602560119,-0.23,14.02,0.23,13.707398955894668,long_nclose,3.152701759855774,0.0026933945204015886,1.0
1710958020000.0,114847,1710958020000.0,0.03438611485158649,-0.00030844,1170.5650696907192,1170.5963418160118,-0.11,14.02,0.12,13.707398955894668,long_nclose,1.64488787470736,0.001405208405152534,1.0
1710958080000.0,114848,1710958080000.0,0.010704041764213272,-0.00011180000000000002,1170.5756619324834,1170.5981900160118,-0.04,13.975,0.08,13.707398955894668,long_nclose,1.0965919164715734,0.0009367971265191252,1.0
1710958320000.0,114852,1710958320000.0,0.005352020882106636,-5.590000000000001e-05,1170.5809580533655,1170.597194116012,-0.02,13.975,0.06,13.707398955894668,long_nclose,0.82244393735368,0.0007025946660890291,4.0
1710958800000.0,114860,1710958800000.0,0.001766010441053325,-2.7768000000000006e-05,1170.5826962958065,1170.5923763480118,-0.01,13.884,0.05,13.707398955894668,long_nclose,0.6853699477947335,0.0005854946856497359,8.0
1710959040000.0,114864,1710959040000.0,0.001766010441053325,-2.7768000000000006e-05,1170.5844345382475,1170.5917385800117,-0.01,13.884,0.04,13.707398955894668,long_nclose,0.5482959582357867,0.00046839505298229024,4.0
1710959220000.0,114867,1710959220000.0,0.0022160104410533245,-2.7858e-05,1170.5866226906885,1170.5935407220118,-0.01,13.929,0.03,13.707398955894668,long_nclose,0.41122196867684,0.00035129563306610567,3.0
1710959340000.0,114869,1710959340000.0,0.002676010441053318,-2.7950000000000005e-05,1170.5892707511296,1170.5944827720116,-0.01,13.975,0.02,13.707398955894668,long_nclose,0.27414797911789335,0.00023419655891940766,2.0
1710959400000.0,114870,1710959400000.0,0.002676010441053318,-2.7950000000000005e-05,1170.5919188115706,1170.5943948220117,-0.01,13.975,0.01,13.707398955894668,long_nclose,0.13707398955894667,0.00011709801456523755,1.0
1710959580000.0,114873,1710959580000.0,0.0022160104410533245,-2.7858e-05,1170.5941069640116,1170.5941069640116,-0.01,13.929,0.0,13.707398955894668,long_nclose,0.0,0.0,3.0
1710993180000.0,115433,1710993180000.0,0.0,-0.007631124,1170.5864758400116,1170.5606758400118,2.58,14.789,2.58,14.789,long_ientry_normal,38.15562,0.03259530225874134,560.0
1710993480000.0,115438,1710993480000.0,0.06063,-0.00128398,1170.6458218600117,1170.9253218600118,-0.43,14.93,2.15,14.789,long_nclose,31.796349999999997,0.027161374863559948,5.0
1710993600000.0,115440,1710993600000.0,0.049350000000000005,-0.0010451,1170.6941267600116,1170.9227267600115,-0.35,14.93,1.8,14.789,long_nclose,26.6202,0.022738817417384254,2.0
1710993660000.0,115441,1710993660000.0,0.042300000000000004,-0.0008958000000000001,1170.7355309600116,1170.9725309600117,-0.3,14.93,1.5,14.789,long_nclose,22.1835,0.01894834436417025,1.0
1710994140000.0,115449,1710994140000.0,0.035250000000000004,-0.0007465,1170.7700344600114,1170.9475344600114,-0.25,14.93,1.25,14.789,long_nclose,18.48625,0.015789821618150932,8.0
1710994260000.0,115451,1710994260000.0,0.028200000000000003,-0.0005972000000000001,1170.7976372600115,1170.9498872600116,-0.2,14.93,1.05,14.789,long_nclose,15.528450000000001,0.013263137459297275,2.0
1710994560000.0,115456,1710994560000.0,0.023970000000000005,-0.0005076200000000001,1170.8210996400114,1170.9284596400114,-0.17,14.93,0.88,14.789,long_nclose,13.01432,0.011115549595067487,5.0
1710994620000.0,115457,1710994620000.0,0.019740000000000004,-0.00041804000000000006,1170.8404216000113,1170.9455016000113,-0.14,14.93,0.74,14.789,long_nclose,10.943859999999999,0.009347012451999799,1.0
1710994740000.0,115459,1710994740000.0,0.026599999999999933,-0.00041941200000000003,1170.8666021880113,1170.9812021880114,-0.14,14.979,0.6,14.789,long_nclose,8.8734,0.007578489285985424,2.0
1710995040000.0,115464,1710995040000.0,0.014100000000000001,-0.00029860000000000005,1170.8804035880114,1170.9654035880114,-0.1,14.93,0.5,14.789,long_nclose,7.3945,0.006315333297355146,5.0
1710995280000.0,115468,1710995280000.0,0.011280000000000002,-0.00023888,1170.8914447080112,1170.9607447080114,-0.08,14.93,0.42,14.789,long_nclose,6.211379999999999,0.005304829946510498,4.0
1710997320000.0,115502,1710997320000.0,0.0,-0.006393600000000001,1170.8850511080113,1170.8612911080113,2.16,14.8,2.58,14.798209302325581,long_ientry_partial,38.17938,0.032607282810443915,34.0
1711008300000.0,115685,1711008300000.0,0.06096999999999978,-0.00128484,1170.9447362680114,1171.2796862680113,-0.43,14.94,2.15,14.798209302325581,long_nclose,31.81615,0.0271713506321427,183.0
1711008360000.0,115686,1711008360000.0,0.08204000000000032,-0.001289054,1171.0254872140115,1171.3639672140114,-0.43,14.989,1.72,14.798209302325581,long_nclose,25.45292,0.021735581571802574,1.0
1711008480000.0,115688,1711008480000.0,0.1031100000000001,-0.001293268,1171.1273039460116,1171.4379239460116,-0.43,15.038,1.29,14.798209302325581,long_nclose,19.08969,0.016300268925230375,2.0
1711009080000.0,115698,1711009080000.0,0.04769767441860484,-0.00074945,1171.1742521704302,1171.3965944960116,-0.25,14.989,1.04,14.798209302325581,long_nclose,15.390137674418606,0.013140775291035873,10.0
1711009140000.0,115699,1711009140000.0,0.062345581395348904,-0.0007819760000000001,1171.2358157758256,1171.4267525200116,-0.26,15.038,0.78,14.798209302325581,long_nclose,11.542603255813955,0.00985506342987654,1.0
1711009680000.0,115708,1711009680000.0,0.028618604651162904,-0.00044967,1171.2639847104767,1171.3810328500117,-0.15,14.989,0.63,14.798209302325581,long_nclose,9.322871860465117,0.007959667489280502,9.0
1711009860000.0,115711,1711009860000.0,0.01417906976744181,-0.0002988,1171.277864980244,1171.3614940500115,-0.1,14.94,0.53,14.798209302325581,long_nclose,7.843050930232558,0.006696148851378531,3.0
1711010040000.0,115714,1711010040000.0,0.011343255813953448,-0.00023904000000000002,1171.288969196058,1171.3635750100113,-0.08,14.94,0.45,14.798209302325581,long_nclose,6.659194186046512,0.005685355502508666,3.0
1711010220000.0,115717,1711010220000.0,0.017171162790697744,-0.00026980200000000003,1171.3058705568485,1171.3741952080113,-0.09,14.989,0.36,14.798209302325581,long_nclose,5.327355348837209,0.004548218772526548,3.0
1711010760000.0,115726,1711010760000.0,0.013355348837209357,-0.00020984600000000002,1171.3190160596857,1171.3833353620114,-0.07,14.989,0.29,14.798209302325581,long_nclose,4.291480697674419,0.0036638017814403364,9.0
1711011000000.0,115730,1711011000000.0,0.009539534883720968,-0.00014989000000000002,1171.3284057045694,1171.3782754720112,-0.05,14.989,0.24,14.798209302325581,long_nclose,3.5515702325581393,0.0030320875129992457,4.0
1711011660000.0,115741,1711011660000.0,0.005671627906976724,-0.00011952000000000001,1171.3339578124765,1171.3661159520113,-0.04,14.94,0.2,14.798209302325581,long_nclose,2.9596418604651165,0.0025267276174528335,11.0
1711011840000.0,115744,1711011840000.0,0.007631627906976774,-0.00011991200000000003,1171.3414695283834,1171.3689560400114,-0.04,14.989,0.16,14.798209302325581,long_nclose,2.367713488372093,0.0020213691310061823,3.0
1711011900000.0,115745,1711011900000.0,0.005723720930232581,-8.993400000000001e-05,1171.3471033153137,1171.3716461060114,-0.03,14.989,0.13,14.798209302325581,long_nclose,1.9237672093023257,0.0016423545197298097,1.0
1711011960000.0,115746,1711011960000.0,0.003815813953488387,-5.9956000000000013e-05,1171.350859173267,1171.3707461500112,-0.02,14.989,0.11,14.798209302325581,long_nclose,1.627803023255814,0.0013896801376871047,1.0
1711012080000.0,115748,1711012080000.0,0.003815813953488387,-5.9956000000000013e-05,1171.3546150312204,1171.370076194011,-0.02,14.989,0.09,14.798209302325581,long_nclose,1.3318388372093022,0.001137007376006116,2.0
1711012560000.0,115756,1711012560000.0,0.001417906976744181,-2.9880000000000002e-05,1171.356003058197,1171.366946314011,-0.01,14.94,0.08,14.798209302325581,long_nclose,1.1838567441860466,0.0010106720254945657,8.0
1711012620000.0,115757,1711012620000.0,0.001417906976744181,-2.9880000000000002e-05,1171.3573910851737,1171.368716434011,-0.01,14.94,0.07,14.798209302325581,long_nclose,1.0358746511627908,0.000884336974390994,1.0
1711013100000.0,115765,1711013100000.0,0.0019079069767441936,-2.9978000000000007e-05,1171.3592690141506,1171.370956456011,-0.01,14.989,0.06,14.798209302325581,long_nclose,0.8878925581395348,0.0007580019056722115,8.0
1711013580000.0,115773,1711013580000.0,0.0019079069767441936,-2.9978000000000007e-05,1171.3611469431276,1171.3704364780112,-0.01,14.989,0.05,14.798209302325581,long_nclose,0.7399104651162791,0.0006316672420347946,8.0
1711013640000.0,115774,1711013640000.0,0.0019079069767441936,-2.9978000000000007e-05,1171.3630248721045,1171.3709765000115,-0.01,14.989,0.04,14.798209302325581,long_nclose,0.5919283720930233,0.0005053329834767946,1.0
1711013820000.0,115777,1711013820000.0,0.0019079069767441936,-2.9978000000000007e-05,1171.3649028010814,1171.3704465220117,-0.01,14.989,0.03,14.798209302325581,long_nclose,0.4439462790697674,0.00037899912999626335,3.0
1711013940000.0,115779,1711013940000.0,0.001417906976744181,-2.9880000000000002e-05,1171.366290828058,1171.3692066420115,-0.01,14.94,0.02,14.798209302325581,long_nclose,0.29596418604651165,0.0002526657872639392,2.0
1711014540000.0,115789,1711014540000.0,0.001417906976744181,-2.9880000000000002e-05,1171.3676788550347,1171.3691467620115,-0.01,14.94,0.01,14.798209302325581,long_nclose,0.14798209302325582,0.00012633274393220617,10.0
1711015020000.0,115797,1711015020000.0,0.0019079069767441936,-2.9978000000000007e-05,1171.3695567840116,1171.3695567840116,-0.01,14.989,0.0,14.798209302325581,long_nclose,0.0,0.0,8.0
1711025100000.0,115965,1711025100000.0,0.0,-0.007625728000000001,1171.3619310560116,1171.2902510560116,2.56,14.894,2.56,14.894,long_ientry_normal,38.128640000000004,0.03255069077208792,168.0
1711040760000.0,116226,1711040760000.0,0.05963999999999977,-0.001263024,1171.4203080320115,1171.7755480320116,-0.42,15.036,2.14,14.894,long_nclose,31.873160000000002,0.02720898705738419,261.0
1711046100000.0,116315,1711046100000.0,0.0,-0.007625248000000001,1171.4126827840114,1170.6189227840114,2.62,14.552,4.76,14.70575630252101,long_rentry,69.99940000000001,0.05975639587035845,89.0
1711051980000.0,116413,1711051980000.0,0.11079252100840212,-0.0023456680000000004,1171.5211296370196,1172.0620171160112,-0.79,14.846,3.97,14.70575630252101,long_nclose,58.38185252100841,0.04983422922905134,98.0
1711052040000.0,116414,1711052040000.0,0.09256084033613342,-0.0019596720000000004,1171.6117308053556,1172.145447444011,-0.66,14.846,3.31,14.70575630252101,long_nclose,48.67605336134454,0.04154623249451851,1.0
1711052160000.0,116416,1711052160000.0,0.07713403361344451,-0.0016330600000000002,1171.6872317789691,1172.165384384011,-0.55,14.846,2.76,14.70575630252101,long_nclose,40.58788739495798,0.03464054765991904,2.0
1711052220000.0,116417,1711052220000.0,0.10408403361344423,-0.00163845,1171.7896773625826,1172.300725934011,-0.55,14.895,2.21,14.70575630252101,long_nclose,32.49972142857143,0.02773511497534311,1.0
1711052220000.0,116417,1711052220000.0,0.13103403361344493,-0.0016438400000000001,1171.9190675561958,1172.3029320940109,-0.55,14.944,1.66,14.70575630252101,long_nclose,24.411555462184875,0.020830410681080835,0.0
1711052280000.0,116418,1711052280000.0,0.09767991596638621,-0.001225408,1172.0155220641623,1172.324576686011,-0.41,14.944,1.25,14.70575630252101,long_nclose,18.382195378151263,0.015684259322586793,1.0
1711052400000.0,116420,1711052400000.0,0.07385554621848714,-0.0009265280000000001,1172.0884510823807,1172.300180158011,-0.31,14.944,0.94,14.70575630252101,long_nclose,13.823410924369748,0.011793829136021547,2.0
1711052520000.0,116422,1711052520000.0,0.05479605042016788,-0.0006874240000000001,1172.142559708801,1172.279762734011,-0.23,14.944,0.71,14.70575630252101,long_nclose,10.441086974789917,0.00890769376839608,2.0
1711052760000.0,116426,1711052760000.0,0.015426806722688901,-0.000326612,1172.1576599035236,1172.246006122011,-0.11,14.846,0.6,14.70575630252101,long_nclose,8.823453781512606,0.007527531562809422,4.0
1711052880000.0,116428,1711052880000.0,0.02270924369747874,-0.00035747999999999997,1172.1800116672212,1172.2790086420111,-0.12,14.895,0.48,14.70575630252101,long_nclose,7.058763025210085,0.006021910419006573,2.0
1711053120000.0,116432,1711053120000.0,0.011219495798319202,-0.00023753600000000002,1172.1909936270195,1172.249491106011,-0.08,14.846,0.4,14.70575630252101,long_nclose,5.882302521008405,0.0050182116677140245,4.0
1711053360000.0,116436,1711053360000.0,0.0084146218487394,-0.000178152,1172.1992300968682,1172.235692954011,-0.06,14.846,0.34,14.70575630252101,long_nclose,4.999957142857144,0.004265449946118765,4.0
1711054200000.0,116450,1711054200000.0,0.0,-0.006644399999999999,1172.1925856968683,1172.234828554011,2.26,14.7,2.6,14.700752747252745,long_ientry_partial,38.221957142857136,0.03260723332432118,14.0
1711054740000.0,116459,1711054740000.0,0.06030631868131952,-0.001276326,1172.2516156895497,1172.5624622280113,-0.43,14.841,2.17,14.700752747252745,long_nclose,31.900633461538455,0.02721312816683443,9.0
1711058040000.0,116514,1711058040000.0,0.050489010989011686,-0.001068552,1172.3010361485385,1172.562123676011,-0.36,14.841,1.81,14.700752747252745,long_nclose,26.608362472527467,0.022697550929363854,55.0
1711058100000.0,116515,1711058100000.0,0.06812901098901214,-0.0010720800000000002,1172.3680930795274,1172.632351596011,-0.36,14.89,1.45,14.700752747252745,long_nclose,21.31609148351648,0.018182080874893366,1.0
1711058280000.0,116518,1711058280000.0,0.05488170329670422,-0.0008636200000000001,1172.4221111628242,1172.650917976011,-0.29,14.89,1.16,14.700752747252745,long_nclose,17.052873186813184,0.01454499452411377,3.0
1711058460000.0,116521,1711058460000.0,0.04352686813186887,-0.0006849400000000001,1172.4649530909562,1172.6539730360112,-0.23,14.89,0.93,14.700752747252745,long_nclose,13.671700054945052,0.01166064709985787,3.0
1711058580000.0,116523,1711058580000.0,0.03406450549450607,-0.0005360400000000001,1172.4984815564508,1172.6486669960111,-0.18,14.89,0.75,14.700752747252745,long_nclose,11.025564560439559,0.009403478754022357,2.0
1711058700000.0,116525,1711058700000.0,0.04288450549450598,-0.000537804,1172.5408282579453,1172.6783391920112,-0.18,14.939,0.57,14.700752747252745,long_nclose,8.379429065934064,0.007146385749640341,2.0
1711059000000.0,116530,1711059000000.0,0.03335461538461577,-0.000418292,1172.5737645813301,1172.6848109000114,-0.14,14.939,0.43,14.700752747252745,long_nclose,6.32132368131868,0.005390981678304666,5.0
1711059120000.0,116532,1711059120000.0,0.023824725274725546,-0.00029878,1172.5972905266049,1172.6745921200115,-0.1,14.939,0.33,14.700752747252745,long_nclose,4.851248406593406,0.004137182002539632,2.0
1711059240000.0,116534,1711059240000.0,0.019059780219780435,-0.000239024,1172.6161112828247,1172.6764230960116,-0.08,14.939,0.25,14.700752747252745,long_nclose,3.675188186813186,0.00313417848471533,2.0
1711059660000.0,116541,1711059660000.0,0.009462362637362798,-0.00014890000000000001,1172.625424745462,1172.6640741960114,-0.05,14.89,0.2,14.700752747252745,long_nclose,2.940150549450549,0.002507322873447638,7.0
1711059780000.0,116543,1711059780000.0,0.0075698901098902385,-0.00011912000000000001,1172.6328755155719,1172.6639550760115,-0.04,14.89,0.16,14.700752747252745,long_nclose,2.3521204395604394,0.002005845553772558,2.0
1711059960000.0,116546,1711059960000.0,0.005677417582417679,-8.934e-05,1172.6384635931543,1172.6648857360115,-0.03,14.89,0.13,14.700752747252745,long_nclose,1.911097857142857,0.0016297417460509895,3.0
1711060620000.0,116557,1711060620000.0,0.0028049450549450937,-5.9363999999999996e-05,1172.6412091742093,1172.6560863720115,-0.02,14.841,0.11,14.700752747252745,long_nclose,1.6170828021978019,0.0013790090178875554,11.0
1711060680000.0,116558,1711060680000.0,0.0014024725274725469,-2.9681999999999998e-05,1172.6425819647366,1172.6578066900113,-0.01,14.841,0.1,14.700752747252745,long_nclose,1.4700752747252746,0.0012536430940979443,1.0
1711060980000.0,116563,1711060980000.0,0.0037849450549451193,-5.9560000000000006e-05,1172.6463073497916,1172.6622471300113,-0.02,14.89,0.08,14.700752747252745,long_nclose,1.1760602197802197,0.0010029112891150815,5.0
1711062000000.0,116580,1711062000000.0,0.0014024725274725469,-2.9681999999999998e-05,1172.647680140319,1172.6587574480113,-0.01,14.841,0.07,14.700752747252745,long_nclose,1.0290526923076921,0.0008775463506520184,17.0
1711062420000.0,116587,1711062420000.0,0.0014024725274725469,-2.9681999999999998e-05,1172.6490529308462,1172.657707766011,-0.01,14.841,0.06,14.700752747252745,long_nclose,0.8820451648351646,0.0007521817057120677,7.0
1711062600000.0,116590,1711062600000.0,0.0014024725274725469,-2.9681999999999998e-05,1172.6504257213735,1172.6586380840108,-0.01,14.841,0.05,14.700752747252745,long_nclose,0.7350376373626373,0.0006268173542941988,3.0
1711063200000.0,116600,1711063200000.0,0.0014024725274725469,-2.9681999999999998e-05,1172.6517985119008,1172.6574884020106,-0.01,14.841,0.04,14.700752747252745,long_nclose,0.5880301098901098,0.0005014532963973808,10.0
1711063860000.0,116611,1711063860000.0,0.0014024725274725469,-2.9681999999999998e-05,1172.653171302428,1172.6577987200105,-0.01,14.841,0.03,14.700752747252745,long_nclose,0.4410225824175823,0.0003760895320205826,11.0
1711065000000.0,116630,1711065000000.0,0.0018924725274725596,-2.9780000000000003e-05,1172.6550339949556,1172.6590589400105,-0.01,14.89,0.02,14.700752747252745,long_nclose,0.2940150549450549,0.00025072595641653954,19.0
1711065960000.0,116646,1711065960000.0,0.0014024725274725469,-2.9681999999999998e-05,1172.656406785483,1172.6583592580103,-0.01,14.841,0.01,14.700752747252745,long_nclose,0.14700752747252746,0.00012536283144992867,16.0
1711065960000.0,116646,1711065960000.0,0.0018924725274725596,-2.9780000000000003e-05,1172.6582694780104,1172.6582694780104,-0.01,14.89,0.0,14.700752747252745,long_nclose,0.0,0.0,0.0
1711067400000.0,116670,1711067400000.0,0.0,-0.007650341999999999,1172.6506191360104,1172.6402591360104,2.59,14.769,2.59,14.769,long_ientry_normal,38.251709999999996,0.03261986935902803,24.0
1711078440000.0,116854,1711078440000.0,0.06063,-0.00128226,1172.7099668760104,1173.0080468760104,-0.43,14.91,2.16,14.769,long_nclose,31.901040000000002,0.0272028386396181,184.0
1711078500000.0,116855,1711078500000.0,0.050760000000000007,-0.00107352,1172.7596533560104,1173.0242533560104,-0.36,14.91,1.8,14.769,long_nclose,26.5842,0.022668071777474364,1.0
1711079100000.0,116865,1711079100000.0,0.042300000000000004,-0.0008946000000000001,1172.8010587560104,1173.0260587560103,-0.3,14.91,1.5,14.769,long_nclose,22.1535,0.018889392906498746,10.0
1711079220000.0,116867,1711079220000.0,0.035250000000000004,-0.0007455000000000001,1172.8355632560103,1173.0168132560104,-0.25,14.91,1.25,14.769,long_nclose,18.46125,0.015740697654791542,2.0
1711079700000.0,116875,1711079700000.0,0.028200000000000003,-0.0005964000000000001,1172.8631668560104,1173.0238168560104,-0.2,14.91,1.05,14.769,long_nclose,15.50745,0.013221874842885072,8.0
1711080000000.0,116880,1711080000000.0,0.023970000000000005,-0.0005069400000000001,1172.8866299160104,1173.0256699160104,-0.17,14.91,0.88,14.769,long_nclose,12.99672,0.011080968670374123,5.0
1711080720000.0,116892,1711080720000.0,0.019740000000000004,-0.0004174800000000001,1172.9059524360105,1173.0073324360105,-0.14,14.91,0.74,14.769,long_nclose,10.92906,0.009317933784291414,12.0
1711083000000.0,116930,1711083000000.0,0.01692,-0.00035784,1172.9225145960104,1173.0105545960105,-0.12,14.91,0.62,14.769,long_nclose,9.15678,0.007806807257983166,38.0
1711083240000.0,116934,1711083240000.0,0.02279999999999994,-0.000359016,1172.9449555800104,1173.0649555800103,-0.12,14.959,0.5,14.769,long_nclose,7.3845,0.0062956918522646555,4.0
1711083240000.0,116934,1711083240000.0,0.02867999999999988,-0.000360192,1172.9732753880103,1173.0644753880104,-0.12,15.008,0.38,14.769,long_nclose,5.61222,0.0047846102871725886,0.0
1711083360000.0,116936,1711083360000.0,0.021509999999999908,-0.000270144,1172.9945152440102,1173.0658552440102,-0.09,15.008,0.29,14.769,long_nclose,4.28301,0.0036513469963745174,2.0
1711083780000.0,116943,1711083780000.0,0.016729999999999932,-0.000210112,1173.0110351320102,1173.0664751320103,-0.07,15.008,0.22,14.769,long_nclose,3.24918,0.0027699483659455416,7.0
1711084140000.0,116949,1711084140000.0,0.00759999999999998,-0.000119672,1173.0185154600101,1173.0545154600102,-0.04,14.959,0.18,14.769,long_nclose,2.65842,0.0022663069380089674,6.0
1711084320000.0,116952,1711084320000.0,0.005699999999999985,-8.9754e-05,1173.02412570601,1173.0530757060098,-0.03,14.959,0.15,14.769,long_nclose,2.21535,0.0018885800824144548,3.0
1711084860000.0,116961,1711084860000.0,0.005699999999999985,-8.9754e-05,1173.0297359520098,1173.05301595201,-0.03,14.959,0.12,14.769,long_nclose,1.7722799999999999,0.0015108568399262695,9.0
1711085160000.0,116966,1711085160000.0,0.00379999999999999,-5.9836e-05,1173.0334761160098,1173.0544761160097,-0.02,14.959,0.1,14.769,long_nclose,1.4769,0.0012590433521898388,5.0
1711085580000.0,116973,1711085580000.0,0.00379999999999999,-5.9836e-05,1173.0372162800097,1173.0536162800097,-0.02,14.959,0.08,14.769,long_nclose,1.1815200000000001,0.001007231470240042,7.0
1711085760000.0,116976,1711085760000.0,0.00477999999999998,-6.0032e-05,1173.0419362480097,1173.0573562480097,-0.02,15.008,0.06,14.769,long_nclose,0.8861399999999999,0.0007554205630826214,3.0
1711085940000.0,116979,1711085940000.0,0.00238999999999999,-3.0016e-05,1173.0442962320099,1173.0566462320098,-0.01,15.008,0.05,14.769,long_nclose,0.73845,0.0006295158694109077,3.0
1711086660000.0,116991,1711086660000.0,0.00238999999999999,-3.0016e-05,1173.04665621601,1173.05713621601,-0.01,15.008,0.04,14.769,long_nclose,0.5907600000000001,0.0005036116823397815,12.0
1711087200000.0,117000,1711087200000.0,0.002880000000000003,-3.0114000000000003e-05,1173.04950610201,1173.0581761020098,-0.01,15.057,0.03,14.769,long_nclose,0.44306999999999996,0.0003777078441235625,9.0
1711087680000.0,117008,1711087680000.0,0.002880000000000003,-3.0114000000000003e-05,1173.0523559880098,1173.0584959880098,-0.01,15.057,0.02,14.769,long_nclose,0.29538000000000003,0.00025180461766449854,8.0
1711088580000.0,117023,1711088580000.0,0.00238999999999999,-3.0016e-05,1173.05471597201,1173.05713597201,-0.01,15.008,0.01,14.769,long_nclose,0.14769000000000002,0.00012590205553849375,15.0
1711089060000.0,117031,1711089060000.0,0.00238999999999999,-3.0016e-05,1173.05707595601,1173.05707595601,-0.01,15.008,0.0,14.769,long_nclose,0.0,0.0,8.0
1711096980000.0,117163,1711096980000.0,0.0,-0.007634956,1173.0494410000101,1173.0340210000102,2.57,14.854,2.57,14.854,long_ientry_normal,38.17478,0.03254319781053429,132.0
1711108500000.0,117355,1711108500000.0,0.0,-0.007656528,1173.04178447201,1171.95222447201,2.64,14.501,5.21,14.675128598848369,long_rentry,76.45742,0.06517876942841702,192.0
1711115460000.0,117471,1711115460000.0,0.0,-0.0076380000000000016,1173.03414647201,1170.85867647201,2.68,14.25,7.89,14.530724968314324,long_rentry,114.64742000000001,0.09773579085042912,116.0
1711117380000.0,117503,1711117380000.0,0.0,-0.007635040000000001,1173.02651143201,1169.30622143201,2.72,14.035,10.61,14.403639962299719,long_rentry,152.82262,0.1302806189891112,32.0
1711157640000.0,118174,1711157640000.0,0.24175366635249504,-0.005118432,1173.2631466663624,1174.62923300001,-1.76,14.541,8.85,14.403639962299719,long_nclose,127.4722136663525,0.10864759029425257,671.0
1711157820000.0,118177,1711157820000.0,0.20191925541941347,-0.004275054,1173.460790867782,1174.57044794601,-1.47,14.541,7.38,14.403639962299719,long_nclose,106.29886292177193,0.09058578160345965,3.0
1711157880000.0,118178,1711157880000.0,0.27247925541941354,-0.0042891660000000005,1173.7289809572014,1174.7121687800102,-1.47,14.589,5.91,14.403639962299719,long_nclose,85.12551217719134,0.07252569678203706,1.0
1711158120000.0,118182,1711158120000.0,0.21872484448633195,-0.003443004,1173.9442627976878,1174.7879057760101,-1.18,14.589,4.73,14.403639962299719,long_nclose,68.12921702167768,0.058034456303159905,4.0
1711158360000.0,118186,1711158360000.0,0.17423843543826442,-0.002742732,1174.115758501126,1174.8827030440102,-0.94,14.589,3.79,14.403639962299719,long_nclose,54.58979545711593,0.04649438955389302,4.0
1711158840000.0,118194,1711158840000.0,0.13902002827521098,-0.0021883500000000004,1174.252590179401,1174.89816469401,-0.75,14.589,3.04,14.403639962299719,long_nclose,43.787065485391146,0.037289307131697626,8.0
1711159200000.0,118200,1711159200000.0,0.11121602262016879,-0.00175068,1174.3620555220211,1174.7777340140099,-0.6,14.589,2.44,14.403639962299719,long_nclose,35.144881508011316,0.029926785647369118,6.0
1711159440000.0,118204,1711159440000.0,0.08897281809613503,-0.001400544,1174.4496277961173,1174.81881347001,-0.48,14.589,1.96,14.403639962299719,long_nclose,28.231134326107448,0.02403775662910622,4.0
1711159500000.0,118205,1711159500000.0,0.11434641847313787,-0.0014344260000000001,1174.5625397885904,1174.9085190440098,-0.49,14.637,1.47,14.403639962299719,long_nclose,21.17335074458059,0.01802658438978616,1.0
1711159620000.0,118207,1711159620000.0,0.08400961357210128,-0.001053864,1174.6454955381625,1174.90674518001,-0.36,14.637,1.11,14.403639962299719,long_nclose,15.98804035815269,0.013610949362069266,2.0
1711160280000.0,118218,1711160280000.0,0.024724806786050626,-0.000523476,1174.6696968689487,1174.79837170401,-0.18,14.541,0.93,14.403639962299719,long_nclose,13.39538516493874,0.011403533436372614,11.0
1711164120000.0,118282,1711164120000.0,0.0,-0.004984056,1174.6647128129487,1174.60747764801,1.74,14.322,2.67,14.350436391362823,long_ientry_partial,38.315665164938736,0.03261838441812464,64.0
1711167000000.0,118330,1711167000000.0,0.06052798780035758,-0.001274944,1174.7239658567491,1175.04188270401,-0.44,14.488,2.23,14.350436391362823,long_nclose,32.001473152739095,0.02724169599230045,48.0
1711167480000.0,118338,1711167480000.0,0.05089853519575523,-0.001072112,1174.773792279945,1175.03152059201,-0.37,14.488,1.86,14.350436391362823,long_nclose,26.69181168793485,0.022720809625938844,8.0
1711167780000.0,118343,1711167780000.0,0.04264471867752466,-0.000898256,1174.8155387426225,1175.01171233601,-0.31,14.488,1.55,14.350436391362823,long_nclose,22.243176406612378,0.018933335211431344,5.0
1711168260000.0,118351,1711168260000.0,0.03439090215929408,-0.0007244,1174.8492052447816,1175.02673793601,-0.25,14.488,1.3,14.350436391362823,long_nclose,18.65556730877167,0.01587911642233673,8.0
1711168440000.0,118354,1711168440000.0,0.028888357813807025,-0.000608496,1174.8774851065955,1175.02197944001,-0.21,14.488,1.09,14.350436391362823,long_nclose,15.641975666585479,0.013313707909864574,3.0
1711168500000.0,118355,1711168500000.0,0.024761449554691735,-0.000521568,1174.9017249881501,1175.05238787201,-0.18,14.488,0.91,14.350436391362823,long_nclose,13.05889711614017,0.011114884622602694,1.0
1711171860000.0,118411,1711171860000.0,0.020634541295576448,-0.00043464,1174.9219248894456,1175.0310332320098,-0.15,14.488,0.76,14.350436391362823,long_nclose,10.906331657435747,0.00928260118940412,56.0
1711175160000.0,118466,1711175160000.0,0.016507633036461158,-0.00034771199999999997,1174.9380848104822,1175.02804552001,-0.12,14.488,0.64,14.350436391362823,long_nclose,9.184279290472206,0.00781681980455475,55.0
1711175520000.0,118472,1711175520000.0,0.013756360863717633,-0.00028976,1174.951551411346,1175.03231576001,-0.1,14.488,0.54,14.350436391362823,long_nclose,7.749235651335925,0.006595366117034853,6.0
1711175880000.0,118478,1711175880000.0,0.012380724777345867,-0.000260784,1174.9636713521234,1175.0323249760102,-0.09,14.488,0.45,14.350436391362823,long_nclose,6.457696376113271,0.005496081737303324,6.0
1711176120000.0,118482,1711176120000.0,0.01661072477734592,-0.00026163,1174.9800204469007,1175.03710334601,-0.09,14.535,0.36,14.350436391362823,long_nclose,5.166157100890616,0.004396804210275576,4.0
1711176660000.0,118491,1711176660000.0,0.008253816518230579,-0.00017385599999999998,1174.9881004074189,1175.02636949001,-0.06,14.488,0.3,14.350436391362823,long_nclose,4.305130917408847,0.0036639783125599935,9.0
1711176900000.0,118495,1711176900000.0,0.006878180431858816,-0.00014488,1174.9948337078506,1175.0284746100099,-0.05,14.488,0.25,14.350436391362823,long_nclose,3.587609097840706,0.003053297763462954,4.0
1711176960000.0,118496,1711176960000.0,0.005502544345487053,-0.00011590400000000001,1175.000220348196,1175.03162870601,-0.04,14.488,0.21,14.350436391362823,long_nclose,3.0135916421861926,0.0025647583634436713,1.0
1711177560000.0,118506,1711177560000.0,0.007382544345487077,-0.00011628,1175.0074866125417,1175.04056242601,-0.04,14.535,0.17,14.350436391362823,long_nclose,2.4395741865316802,0.002076220121426451,10.0
1711177740000.0,118509,1711177740000.0,0.009302544345487078,-0.00011666400000000002,1175.0166724928872,1175.04898576201,-0.04,14.583,0.13,14.350436391362823,long_nclose,1.865556730877167,0.0015876853278338993,3.0
1711178100000.0,118515,1711178100000.0,0.006976908259115309,-8.749800000000001e-05,1175.0235619031462,1175.0474182640098,-0.03,14.583,0.1,14.350436391362823,long_nclose,1.4350436391362824,0.001221289245308401,6.0
1711178280000.0,118518,1711178280000.0,0.004651272172743539,-5.833200000000001e-05,1175.028154843319,1175.04947993201,-0.02,14.583,0.08,14.350436391362823,long_nclose,1.1480349113090258,0.000977027577234613,3.0
1711178340000.0,118519,1711178340000.0,0.005591272172743551,-5.852000000000001e-05,1175.0336875954918,1175.05202141201,-0.02,14.63,0.06,14.350436391362823,long_nclose,0.8610261834817694,0.0007327672326090618,1.0
1711179660000.0,118541,1711179660000.0,0.005591272172743551,-5.852000000000001e-05,1175.0392203476645,1175.0507228920098,-0.02,14.63,0.04,14.350436391362823,long_nclose,0.5740174556545129,0.0004885091882164373,22.0
1711180140000.0,118549,1711180140000.0,0.0023256360863717694,-2.9166000000000005e-05,1175.0415168177508,1175.04855372601,-0.01,14.583,0.03,14.350436391362823,long_nclose,0.4305130917408847,0.00036638117511524266,8.0
1711180800000.0,118560,1711180800000.0,0.0023256360863717694,-2.9166000000000005e-05,1175.043813287837,1175.0486245600098,-0.01,14.583,0.02,14.350436391362823,long_nclose,0.28700872782725645,0.00024425363938063746,11.0
1711180920000.0,118562,1711180920000.0,0.0023256360863717694,-2.9166000000000005e-05,1175.0461097579234,1175.0484853940097,-0.01,14.583,0.01,14.350436391362823,long_nclose,0.14350436391362822,0.00012212658100982284,2.0
1711181040000.0,118564,1711181040000.0,0.0023256360863717694,-2.9166000000000005e-05,1175.0484062280098,1175.0484062280098,-0.01,14.583,0.0,14.350436391362823,long_nclose,0.0,0.0,2.0
1711229280000.0,119368,1711229280000.0,0.0,-0.00766948,1175.0407367480097,1175.0225367480098,2.6,14.749,2.6,14.749,long_ientry_normal,38.3474,0.03263495366648186,804.0
1711239600000.0,119540,1711239600000.0,0.06063,-0.0012805400000000002,1175.1000862080098,1175.4017162080097,-0.43,14.89,2.17,14.749,long_nclose,32.00533,0.027236258745652574,172.0
1711239660000.0,119541,1711239660000.0,0.050760000000000007,-0.0010720800000000002,1175.1497741280098,1175.4429941280098,-0.36,14.89,1.81,14.749,long_nclose,26.695690000000003,0.022716840514911272,1.0
1711239720000.0,119542,1711239720000.0,0.06839999999999982,-0.001075608,1175.2170985200098,1175.5230485200098,-0.36,14.939,1.45,14.749,long_nclose,21.38605,0.018197531355638178,1.0
1711239720000.0,119542,1711239720000.0,0.08603999999999963,-0.001079136,1175.3020593840097,1175.5320493840097,-0.36,14.988,1.09,14.749,long_nclose,16.076410000000003,0.013678534698072297,0.0
1711239960000.0,119546,1711239960000.0,0.039899999999999894,-0.000627438,1175.3413319460096,1175.5138119460096,-0.21,14.939,0.88,14.749,long_nclose,12.97912,0.011042851678252908,4.0
1711240080000.0,119548,1711240080000.0,0.05257999999999978,-0.000659472,1175.3932524740096,1175.5542924740096,-0.22,14.988,0.66,14.749,long_nclose,9.734340000000001,0.008281772912606752,2.0
1711240200000.0,119550,1711240200000.0,0.03823999999999984,-0.000479616,1175.4310128580098,1175.6405128580097,-0.16,14.988,0.5,14.749,long_nclose,7.3745,0.006273868835627555,2.0
1711240200000.0,119550,1711240200000.0,0.046080000000000045,-0.00048118400000000006,1175.47661167401,1175.61907167401,-0.16,15.037,0.34,14.749,long_nclose,5.01466,0.004266065313591024,0.0
1711240200000.0,119550,1711240200000.0,0.05376000000000005,-0.00048272000000000007,1175.52988895401,1175.6053089540098,-0.16,15.085,0.18,14.749,long_nclose,2.65482,0.0022584028062121557,0.0
1711240200000.0,119550,1711240200000.0,0.06929999999999996,-0.0005448240000000001,1175.5986441300101,1175.5986441300101,-0.18,15.134,0.0,14.749,long_nclose,0.0,0.0,0.0
1711249440000.0,119704,1711249440000.0,0.0,-0.007673134000000001,1175.5909709960101,1175.5288109960102,2.59,14.813,2.59,14.813,long_ientry_normal,38.36567,0.032635220026821905,154.0
1711283700000.0,120275,1711283700000.0,0.06105999999999977,-0.0012861300000000001,1175.6507448660102,1175.9790648660103,-0.43,14.955,2.16,14.813,long_nclose,31.996080000000003,0.02721563367328672,571.0
1711284000000.0,120280,1711284000000.0,0.051119999999999804,-0.00107676,1175.7007881060104,1175.9149881060102,-0.36,14.955,1.8,14.813,long_nclose,26.663400000000003,0.022678729375484458,5.0
1711284840000.0,120294,1711284840000.0,0.04259999999999984,-0.0008973,1175.7424908060104,1175.9644908060104,-0.3,14.955,1.5,14.813,long_nclose,22.2195,0.018898270815038587,14.0
1711284960000.0,120296,1711284960000.0,0.035499999999999865,-0.00074775,1175.7772430560103,1175.9609930560102,-0.25,14.955,1.25,14.813,long_nclose,18.51625,0.015748093535025105,2.0
1711285200000.0,120300,1711285200000.0,0.028399999999999894,-0.0005982,1175.8050448560102,1175.9625448560103,-0.2,14.955,1.05,14.813,long_nclose,15.553650000000001,0.013228085785177687,4.0
1711289700000.0,120375,1711289700000.0,0.02413999999999991,-0.0005084700000000001,1175.82867638601,1175.96155638601,-0.17,14.955,0.88,14.813,long_nclose,13.035440000000001,0.011086172893882227,75.0
1711289880000.0,120378,1711289880000.0,0.019879999999999926,-0.00041874,1175.8481376460102,1175.9546976460101,-0.14,14.955,0.74,14.813,long_nclose,10.96162,0.009322309275366649,3.0
1711290600000.0,120390,1711290600000.0,0.017039999999999934,-0.00035892,1175.86481872601,1175.95657872601,-0.12,14.955,0.62,14.813,long_nclose,9.18406,0.007810472644253838,12.0
1711299720000.0,120542,1711299720000.0,0.0,-0.005833564,1175.85898516201,1175.84428516201,1.97,14.806,2.59,14.807675675675677,long_ientry_partial,38.35188,0.03261605386696592,152.0
1711305240000.0,120634,1711305240000.0,0.06076945945945887,-0.001285614,1175.9184690074694,1176.24100954801,-0.43,14.949,2.16,14.807675675675677,long_nclose,31.984579459459464,0.027199657376294085,92.0
1711307580000.0,120673,1711307580000.0,0.050876756756756264,-0.001076328,1175.9682694362261,1176.23165322001,-0.36,14.949,1.8,14.807675675675677,long_nclose,26.653816216216217,0.022665421260893704,39.0
1711311000000.0,120730,1711311000000.0,0.04239729729729689,-0.00089694,1176.0097697935234,1176.2382562800099,-0.3,14.949,1.5,14.807675675675677,long_nclose,22.211513513513516,0.018887184514983474,57.0
1711311360000.0,120736,1711311360000.0,0.057097297297296734,-0.0008998799999999999,1176.0659672108209,1176.29675640001,-0.3,14.998,1.2,14.807675675675677,long_nclose,17.76921081081081,0.015109025604195138,6.0
1711311600000.0,120740,1711311600000.0,0.04567783783783739,-0.0007199039999999999,1176.1109251446585,1176.3013164960098,-0.24,14.998,0.96,14.807675675675677,long_nclose,14.21536864864865,0.012086758438112627,4.0
1711311780000.0,120743,1711311780000.0,0.05743783783783769,-0.000722256,1176.1676407264963,1176.3449942400098,-0.24,15.047,0.72,14.807675675675677,long_nclose,10.661526486486487,0.009064631704967725,3.0
1711311960000.0,120746,1711311960000.0,0.04307837837837827,-0.0005416920000000001,1176.2101774128746,1176.3404925480097,-0.18,15.047,0.54,14.807675675675677,long_nclose,7.996144864864866,0.0067982279174396655,3.0
1711313220000.0,120767,1711313220000.0,0.031112162162162085,-0.00039122200000000004,1176.2408983530368,1176.3418913260098,-0.13,15.047,0.41,14.807675675675677,long_nclose,6.071147027027028,0.005161482682270103,21.0
1711313700000.0,120775,1711313700000.0,0.02393243243243237,-0.00030094000000000003,1176.2645298454693,1176.3390303860099,-0.1,15.047,0.31,14.807675675675677,long_nclose,4.59037945945946,0.003902506063038828,8.0
1711313940000.0,120779,1711313940000.0,0.01675270270270266,-0.00021065800000000001,1176.281071890172,1176.3401897280098,-0.07,15.047,0.24,14.807675675675677,long_nclose,3.5538421621621623,0.0030212525280641266,4.0
1711314360000.0,120786,1711314360000.0,0.023065945945945857,-0.00024153600000000004,1176.303896300118,1176.3521081920098,-0.08,15.096,0.16,14.807675675675677,long_nclose,2.3692281081081084,0.0020141292701317654,7.0
1711315080000.0,120798,1711315080000.0,0.01441621621621616,-0.00015096,1176.3181615563342,1176.3509772320099,-0.05,15.096,0.11,14.807675675675677,long_nclose,1.6288443243243245,0.0013846970807364506,12.0
1711316040000.0,120814,1711316040000.0,0.008649729729729695,-9.057600000000001e-05,1176.326720710064,1176.3495466560098,-0.03,15.096,0.08,14.807675675675677,long_nclose,1.1846140540540542,0.001007045094868701,16.0
1711316100000.0,120815,1711316100000.0,0.005766486486486464,-6.038400000000001e-05,1176.3324268125502,1176.3503262720096,-0.02,15.096,0.06,14.807675675675677,long_nclose,0.8884605405405406,0.0007552801574534149,1.0
1711316280000.0,120818,1711316280000.0,0.005766486486486464,-6.038400000000001e-05,1176.3381329150366,1176.3502658880095,-0.02,15.096,0.04,14.807675675675677,long_nclose,0.5923070270270271,0.0005035176625272316,3.0
1711316700000.0,120825,1711316700000.0,0.0023932432432432374,-3.0094000000000007e-05,1176.3404960642797,1176.3480057940094,-0.01,15.047,0.03,14.807675675675677,long_nclose,0.4442302702702703,0.0003776374882583281,7.0
1711317120000.0,120832,1711317120000.0,0.002883243243243232,-3.0192000000000005e-05,1176.343349115523,1176.3492556020096,-0.01,15.096,0.02,14.807675675675677,long_nclose,0.29615351351351354,0.00025175771490202025,7.0
1711317420000.0,120837,1711317420000.0,0.002883243243243232,-3.0192000000000005e-05,1176.3462021667665,1176.3490954100098,-0.01,15.096,0.01,14.807675675675677,long_nclose,0.14807675675675677,0.00012587855215072513,5.0
1711317660000.0,120841,1711317660000.0,0.002883243243243232,-3.0192000000000005e-05,1176.3490552180099,1176.3490552180099,-0.01,15.096,0.0,14.807675675675677,long_nclose,0.0,0.0,4.0
1711352760000.0,121426,1711352760000.0,0.0,-0.007662863999999999,1176.34139235401,1176.31862235401,2.53,15.144,2.53,15.144,long_ientry_normal,38.314319999999995,0.03257074880560662,585.0
1711361340000.0,121569,1711361340000.0,0.060899999999999815,-0.001284276,1176.40100807801,1176.71961807801,-0.42,15.289,2.11,15.144,long_nclose,31.95384,0.02716237046770795,143.0
1711361580000.0,121573,1711361580000.0,0.05074999999999985,-0.00107023,1176.45068784801,1176.69004784801,-0.35,15.289,1.76,15.144,long_nclose,26.65344,0.022655807230437402,4.0
1711361880000.0,121578,1711361880000.0,0.04204999999999987,-0.0008867619999999999,1176.49185108601,1176.69177108601,-0.29,15.289,1.47,15.144,long_nclose,22.26168,0.018922086013133388,5.0
1711362000000.0,121580,1711362000000.0,0.034799999999999894,-0.000733872,1176.52591721401,1176.7005772140099,-0.24,15.289,1.23,15.144,long_nclose,18.62712,0.015832307412410134,2.0
1711362120000.0,121582,1711362120000.0,0.028999999999999915,-0.0006115600000000001,1176.55430565401,1176.70571565401,-0.2,15.289,1.03,15.144,long_nclose,15.598320000000001,0.013257628589722749,2.0
1711366440000.0,121654,1711366440000.0,0.0,-0.004568354,1176.54973730001,1176.52460730001,1.51,15.127,2.54,15.1338937007874,long_ientry_partial,38.44009,0.032671878443671865,72.0
1711372080000.0,121748,1711372080000.0,0.06052464566929213,-0.001283352,1176.6089785936795,1176.9568839480103,-0.42,15.278,2.12,15.1338937007874,long_nclose,32.08385464566929,0.027268068856670578,94.0
1711374900000.0,121795,1711374900000.0,0.05043720472441011,-0.00106946,1176.6583463384038,1176.91695448801,-0.35,15.278,1.77,15.1338937007874,long_nclose,26.786991850393697,0.02276530985714848,47.0
1711375080000.0,121798,1711375080000.0,0.06828720472441016,-0.00107303,1176.7255605131281,1177.01823145801,-0.35,15.329,1.42,15.1338937007874,long_nclose,21.490129055118107,0.018262651697433196,3.0
1711375620000.0,121807,1711375620000.0,0.033144448818898074,-0.0007027880000000001,1176.758002173947,1176.97470867001,-0.23,15.278,1.19,15.1338937007874,long_nclose,18.009333503937004,0.015304194635317113,9.0
1711375680000.0,121808,1711375680000.0,0.04487444881889811,-0.0007051340000000001,1176.802171488766,1177.02499353601,-0.23,15.329,0.96,15.1338937007874,long_nclose,14.528537952755904,0.012345777654689345,1.0
1711375740000.0,121809,1711375740000.0,0.058825511811023856,-0.0007381919999999999,1176.8602588085769,1177.04177534401,-0.24,15.379,0.72,15.1338937007874,long_nclose,10.896403464566928,0.009258876220017972,1.0
1711375860000.0,121811,1711375860000.0,0.07082551181102402,-0.0007405920000000001,1176.930343728388,1177.07487475201,-0.24,15.429,0.48,15.1338937007874,long_nclose,7.264268976377952,0.006172216576017179,2.0
1711375980000.0,121813,1711375980000.0,0.04721700787401602,-0.000493728,1176.9770670082619,1177.0657410240099,-0.16,15.429,0.32,15.1338937007874,long_nclose,4.842845984251968,0.0041146477021527,2.0
1711376100000.0,121815,1711376100000.0,0.029510629921260013,-0.00030858000000000003,1177.0062690581833,1177.07691244401,-0.1,15.429,0.22,15.1338937007874,long_nclose,3.3294566141732282,0.002828750110938145,2.0
1711376220000.0,121817,1711376220000.0,0.03796169291338589,-0.000340538,1177.0438902130966,1177.08218190601,-0.11,15.479,0.11,15.1338937007874,long_nclose,1.6647283070866141,0.0014143298486390557,2.0
1711376460000.0,121821,1711376460000.0,0.043461692913385974,-0.000341638,1177.0870102680099,1177.0870102680099,-0.11,15.529,0.0,15.1338937007874,long_nclose,0.0,0.0,4.0
1711401960000.0,122246,1711401960000.0,0.0,-0.007679656,1177.07933061201,1176.9817306120099,2.44,15.737,2.44,15.737,long_ientry_normal,38.39828,0.032621658541939755,425.0
1711411560000.0,122406,1711411560000.0,0.060000000000000143,-0.0012709600000000002,1177.1380596520098,1177.3644996520097,-0.4,15.887,2.04,15.737,long_nclose,32.10348,0.027272484936465783,160.0
1711411860000.0,122411,1711411860000.0,0.05100000000000012,-0.0010803160000000002,1177.1879793360097,1177.4395793360097,-0.34,15.887,1.7,15.737,long_nclose,26.7529,0.022726107019109994,5.0
1711411920000.0,122412,1711411920000.0,0.04200000000000011,-0.0008896720000000002,1177.2290896640095,1177.4449296640096,-0.28,15.887,1.42,15.737,long_nclose,22.346539999999997,0.018982320600298686,1.0
1711412100000.0,122415,1711412100000.0,0.034500000000000086,-0.0007308020000000001,1177.2628588620096,1177.4544488620095,-0.23,15.887,1.19,15.737,long_nclose,18.72703,0.01590726307130959,3.0
1711412340000.0,122419,1711412340000.0,0.028500000000000067,-0.0006037060000000001,1177.2907551560095,1177.4437551560095,-0.19,15.887,1.0,15.737,long_nclose,15.737,0.013367131212981113,4.0
1711412400000.0,122420,1711412400000.0,0.04039999999999999,-0.00063756,1177.3305175960095,1177.4993175960094,-0.2,15.939,0.8,15.737,long_nclose,12.5896,0.010693343807741175,1.0
1711412640000.0,122424,1711412640000.0,0.032319999999999995,-0.000510048,1177.3623275480095,1177.5076075480094,-0.16,15.939,0.64,15.737,long_nclose,10.07168,0.008554443916152317,4.0
1711413180000.0,122433,1711413180000.0,0.024239999999999994,-0.000382536,1177.3861850120095,1177.5016250120095,-0.12,15.939,0.52,15.737,long_nclose,8.18324,0.006950344843664468,9.0
1711414020000.0,122447,1711414020000.0,0.0331500000000001,-0.0004157920000000001,1177.4189192200095,1177.5230492200094,-0.13,15.992,0.39,15.737,long_nclose,6.13743,0.005212613709371843,14.0
1711414140000.0,122449,1711414140000.0,0.03991000000000005,-0.00041714400000000004,1177.4584120760094,1177.5418720760094,-0.13,16.044,0.26,15.737,long_nclose,4.09162,0.003474959249546616,2.0
1711414680000.0,122458,1711414680000.0,0.015300000000000046,-0.000191904,1177.4735201720093,1177.5245201720093,-0.06,15.992,0.2,15.737,long_nclose,3.1474,0.0026730112788780312,9.0
1711414800000.0,122460,1711414800000.0,0.012750000000000039,-0.00015992000000000003,1177.4861102520094,1177.5234602520095,-0.05,15.992,0.15,15.737,long_nclose,2.36055,0.002004737023602586,2.0
1711414860000.0,122461,1711414860000.0,0.007650000000000023,-9.5952e-05,1177.4936643000094,1177.5257043000095,-0.03,15.992,0.12,15.737,long_nclose,1.88844,0.0016037793299912406,1.0
1711415040000.0,122464,1711415040000.0,0.007650000000000023,-9.5952e-05,1177.5012183480094,1177.5247083480094,-0.03,15.992,0.09,15.737,long_nclose,1.4163299999999999,0.001202826780924319,3.0
1711415400000.0,122470,1711415400000.0,0.009210000000000012,-9.6264e-05,1177.5103320840094,1177.5289320840095,-0.03,16.044,0.06,15.737,long_nclose,0.94422,0.0008018783141621169,6.0
1711416120000.0,122482,1711416120000.0,0.006140000000000007,-6.4176e-05,1177.5164079080093,1177.5295279080094,-0.02,16.044,0.04,15.737,long_nclose,0.62948,0.0005345827843862849,12.0
1711417200000.0,122500,1711417200000.0,0.00718,-6.4384e-05,1177.5235235240093,1177.5305435240093,-0.02,16.096,0.02,15.737,long_nclose,0.31474,0.00026728977698727273,18.0
1711417260000.0,122501,1711417260000.0,0.00359,-3.2192e-05,1177.5270813320094,1177.5306913320094,-0.01,16.096,0.01,15.737,long_nclose,0.15737,0.00013364448469582908,1.0
1711417440000.0,122504,1711417440000.0,0.00359,-3.2192e-05,1177.5306391400095,1177.5306391400095,-0.01,16.096,0.0,15.737,long_nclose,0.0,0.0,3.0
1711440000000.0,122880,1711440000000.0,0.0,-0.0076631239999999995,1177.5229760160096,1177.5896160160096,2.38,16.099,2.38,16.099,long_ientry_normal,38.315619999999996,0.03253916974905724,376.0
1711440360000.0,122886,1711440360000.0,0.06005999999999997,-0.0012677340000000002,1177.5817682820095,1177.9240482820096,-0.39,16.253,1.99,16.099,long_nclose,32.03701,0.027205762574550763,6.0
1711440480000.0,122888,1711440480000.0,0.050819999999999976,-0.0010726980000000002,1177.6315155840095,1177.9004355840095,-0.33,16.253,1.66,16.099,long_nclose,26.724339999999998,0.022693295522705926,2.0
1711442460000.0,122921,1711442460000.0,0.04157999999999998,-0.0008776620000000002,1177.6722179220096,1177.8709879220096,-0.27,16.253,1.39,16.099,long_nclose,22.377609999999997,0.019001560586599433,33.0
1711442700000.0,122925,1711442700000.0,0.03541999999999998,-0.0007476380000000001,1177.7068902840097,1177.8890102840096,-0.23,16.253,1.16,16.099,long_nclose,18.67484,0.015856950616546423,4.0
1711443000000.0,122930,1711443000000.0,0.029259999999999984,-0.000617614,1177.7355326700097,1177.8907326700096,-0.19,16.253,0.97,16.099,long_nclose,15.61603,0.0132593689897403,5.0
1711444620000.0,122957,1711444620000.0,0.03933000000000014,-0.0006196280000000001,1177.7742430420096,1177.9325830420096,-0.19,16.306,0.78,16.099,long_nclose,12.557220000000001,0.010661822564200958,27.0
1711444800000.0,122960,1711444800000.0,0.03105000000000011,-0.00048918,1177.8048038620097,1177.9345838620097,-0.15,16.306,0.63,16.099,long_nclose,10.14237,0.008611248626889001,3.0
1711444920000.0,122962,1711444920000.0,0.024840000000000088,-0.000391344,1177.8292525180098,1177.9373725180099,-0.12,16.306,0.51,16.099,long_nclose,8.21049,0.006970866093236597,2.0
1711445640000.0,122974,1711445640000.0,0.020700000000000076,-0.00032612000000000006,1177.8496263980098,1177.9340863980099,-0.1,16.306,0.41,16.099,long_nclose,6.6005899999999995,0.005603932668540474,12.0
1711447020000.0,122997,1711447020000.0,0.01656000000000006,-0.00026089600000000004,1177.8659255020098,1177.9348955020098,-0.08,16.306,0.33,16.099,long_nclose,5.312670000000001,0.004510419976480537,23.0
1711447200000.0,123000,1711447200000.0,0.012420000000000044,-0.000195672,1177.8781498300098,1177.9326898300098,-0.06,16.306,0.27,16.099,long_nclose,4.34673,0.003690305317767645,3.0
1711447920000.0,123012,1711447920000.0,0.010350000000000038,-0.00016306000000000003,1177.8883367700098,1177.9332167700097,-0.05,16.306,0.22,16.099,long_nclose,3.54178,0.0030068894388683935,12.0
1711448640000.0,123024,1711448640000.0,0.004619999999999997,-9.7518e-05,1177.8928592520097,1177.9228792520096,-0.03,16.253,0.19,16.099,long_nclose,3.0588100000000003,0.00259684909028349,12.0
1711448820000.0,123027,1711448820000.0,0.004619999999999997,-9.7518e-05,1177.8973817340095,1177.9241017340096,-0.03,16.253,0.16,16.099,long_nclose,2.57584,0.0021868118903601323,3.0
1711449000000.0,123030,1711449000000.0,0.0030799999999999985,-6.501200000000001e-05,1177.9003967220094,1177.9232167220093,-0.02,16.253,0.14,16.099,long_nclose,2.2538600000000004,0.0019134555063163995,3.0
1711449960000.0,123046,1711449960000.0,0.004140000000000015,-6.522400000000001e-05,1177.9044714980093,1177.9284714980092,-0.02,16.306,0.12,16.099,long_nclose,1.93188,0.0016400990460144161,16.0
1711451400000.0,123070,1711451400000.0,0.0030799999999999985,-6.501200000000001e-05,1177.9074864860092,1177.9228864860092,-0.02,16.253,0.1,16.099,long_nclose,1.6099,0.0013667457066621862,24.0
1711451820000.0,123077,1711451820000.0,0.0015399999999999993,-3.2506000000000004e-05,1177.9089939800092,1177.9233939800092,-0.01,16.253,0.09,16.099,long_nclose,1.44891,0.0012300695617445893,7.0
1711452240000.0,123084,1711452240000.0,0.0015399999999999993,-3.2506000000000004e-05,1177.9105014740092,1177.923221474009,-0.01,16.253,0.08,16.099,long_nclose,1.28792,0.001093393766664214,7.0
1711452540000.0,123089,1711452540000.0,0.0015399999999999993,-3.2506000000000004e-05,1177.912008968009,1177.922648968009,-0.01,16.253,0.07,16.099,long_nclose,1.1269300000000002,0.000956718321419717,5.0
1711453860000.0,123111,1711453860000.0,0.0015399999999999993,-3.2506000000000004e-05,1177.913516462009,1177.9214964620091,-0.01,16.253,0.06,16.099,long_nclose,0.96594,0.0008200432260097545,22.0
1711454640000.0,123124,1711454640000.0,0.0,-0.00749824,1177.9060182220092,1177.8977782220093,2.32,16.16,2.38,16.15846218487395,long_ientry_partial,38.45714,0.03264873377423536,13.0
1711457220000.0,123167,1711457220000.0,0.06026974789915869,-0.0012724140000000001,1177.9650155559084,1178.3063758080093,-0.39,16.313,1.99,16.15846218487395,long_nclose,32.15533974789916,0.027297363948219064,43.0
1711457460000.0,123171,1711457460000.0,0.08093974789915902,-0.0012765480000000002,1178.0446787558076,1178.4055392600092,-0.39,16.366,1.6,16.15846218487395,long_nclose,25.853539495798323,0.02194614513526223,4.0
1711457820000.0,123177,1711457820000.0,0.10461512605042032,-0.0013136000000000003,1178.147980281858,1178.4666256600094,-0.4,16.42,1.2,16.15846218487395,long_nclose,19.39015462184874,0.01645816565183083,6.0
1711458360000.0,123186,1711458360000.0,0.0498090756302517,-0.0007855679999999999,1178.1970037894882,1178.4068000920092,-0.24,16.366,0.96,16.15846218487395,long_nclose,15.512123697478993,0.013165984676235509,9.0
1711458540000.0,123189,1711458540000.0,0.06276907563025219,-0.0007881600000000001,1178.2589847051186,1178.4667319320092,-0.24,16.42,0.72,16.15846218487395,long_nclose,11.634092773109245,0.009873969071426937,3.0
1711459080000.0,123198,1711459080000.0,0.04707680672268914,-0.00059112,1178.3054703918413,1178.4472408120093,-0.18,16.42,0.54,16.15846218487395,long_nclose,8.725569579831934,0.007405184647857297,9.0
1711459200000.0,123200,1711459200000.0,0.0339999159663866,-0.00042692000000000007,1178.3390433878076,1178.4483238920093,-0.13,16.42,0.41,16.15846218487395,long_nclose,6.62496949579832,0.005622294816567452,2.0
1711459380000.0,123203,1711459380000.0,0.02615378151260508,-0.00032840000000000007,1178.3648687693203,1178.4474954920095,-0.1,16.42,0.31,16.15846218487395,long_nclose,5.009123277310925,0.004250910231686077,3.0
1711459500000.0,123205,1711459500000.0,0.018307647058823557,-0.00022988000000000004,1178.3829465363792,1178.4452356120096,-0.07,16.42,0.24,16.15846218487395,long_nclose,3.878030924369748,0.0032909767879520354,2.0
1711460280000.0,123218,1711460280000.0,0.0,-0.006899496000000001,1178.3760470403793,1178.3281761160094,2.13,16.196,2.37,16.192198702265717,long_ientry_partial,38.37551092436975,0.03256643837996712,13.0
1711460640000.0,123224,1711460640000.0,0.06037250611637088,-0.0012750660000000003,1178.4351444804956,1178.7416510500095,-0.39,16.347,1.98,16.192198702265717,long_nclose,32.06055343048612,0.027206039789843314,6.0
1711460700000.0,123225,1711460700000.0,0.051084428252313824,-0.001078902,1178.485150006748,1178.7224221480096,-0.33,16.347,1.65,16.192198702265717,long_nclose,26.717127858738433,0.022670737818448923,1.0
1711460760000.0,123226,1711460760000.0,0.04179635038825676,-0.0008827380000000002,1178.5260636191363,1178.7424494100096,-0.27,16.347,1.38,16.192198702265717,long_nclose,22.345234209126687,0.01896032247306156,1.0
1711460880000.0,123228,1711460880000.0,0.03560429847888539,-0.0007519620000000001,1178.560915955615,1178.7527374480094,-0.23,16.347,1.15,16.192198702265717,long_nclose,18.621028507605573,0.015799801482901752,2.0
1711461000000.0,123230,1711461000000.0,0.02941224656951402,-0.0006211860000000001,1178.5897070161845,1178.7335162620095,-0.19,16.347,0.96,16.192198702265717,long_nclose,15.544510754175088,0.013189077302846009,2.0
1711461780000.0,123243,1711461780000.0,0.0,-0.004567272,1178.5851397441845,1178.5200589900094,1.41,16.196,2.37,16.19446023382915,long_ientry_partial,38.38087075417509,0.032565208451979785,13.0
1711462200000.0,123250,1711462200000.0,0.060270508806631186,-0.0012752220000000001,1178.644135030991,1178.9639837680093,-0.39,16.349,1.98,16.19446023382915,long_nclose,32.06503126298172,0.02720501490650408,7.0
1711462320000.0,123252,1711462320000.0,0.050998122836380236,-0.0010790340000000002,1178.6940541198273,1178.9209947340094,-0.33,16.349,1.65,16.19446023382915,long_nclose,26.7208593858181,0.022669885618258685,2.0
1711462380000.0,123253,1711462380000.0,0.041725736866129286,-0.0008828460000000002,1178.7348970106934,1178.9564418880093,-0.27,16.349,1.38,16.19446023382915,long_nclose,22.348355122684225,0.01895961100274567,1.0
1711462980000.0,123263,1711462980000.0,0.0,-0.0032072040000000004,1178.7316898066933,1178.7223546840091,0.99,16.198,2.37,16.195938870330895,long_ientry_partial,38.384375122684226,0.032564132664473534,10.0
1711484760000.0,123626,1711484760000.0,0.06047384057095048,-0.001275378,1178.7908882692643,1179.070189306009,-0.39,16.351,1.98,16.195938870330895,long_nclose,32.06795896325517,0.027204111672714318,363.0
1711484940000.0,123629,1711484940000.0,0.051170172790804255,-0.0010791660000000001,1178.8409792760551,1179.1001301400092,-0.33,16.351,1.65,16.195938870330895,long_nclose,26.723299136045977,0.022669129768849043,3.0
1711491360000.0,123736,1711491360000.0,0.0,-0.0023573160000000004,1178.8386219600552,1178.7609828240093,0.73,16.146,2.38,16.180621485733603,long_ientry_partial,38.509879136045974,0.03266764289756268,107.0
1711498680000.0,123858,1711498680000.0,0.06020762056389515,-0.00127413,1178.8975554506192,1179.2127286940092,-0.39,16.335,1.99,16.180621485733603,long_nclose,32.19943675660987,0.02731317628723221,122.0
1711498860000.0,123861,1711498860000.0,0.08126762056389457,-0.001278342,1178.9775447291831,1179.3141503520094,-0.39,16.389,1.6,16.180621485733603,long_nclose,25.888994377173766,0.021958852815233725,3.0
1711499760000.0,123876,1711499760000.0,0.06668112456524682,-0.0010488960000000001,1179.0431769577485,1179.3265414560094,-0.32,16.389,1.28,16.180621485733603,long_nclose,20.711195501739013,0.017566104368781064,15.0
1711500780000.0,123893,1711500780000.0,0.05209462856659908,-0.00081945,1179.094452136315,1179.3173220060096,-0.25,16.389,1.03,16.180621485733603,long_nclose,16.66604013030561,0.01413460991196221,17.0
1711501020000.0,123897,1711501020000.0,0.04167570285327926,-0.00065556,1179.1354722791684,1179.3366464460096,-0.2,16.389,0.83,16.180621485733603,long_nclose,13.42991583315889,0.011389629223179935,4.0
1711501200000.0,123900,1711501200000.0,0.05227570285327943,-0.0006576800000000001,1179.1870903020217,1179.3498687660096,-0.2,16.442,0.63,16.180621485733603,long_nclose,10.19379153601217,0.008644761819264206,3.0
1711501500000.0,123905,1711501500000.0,0.03920677713995957,-0.00049326,1179.2258038191617,1179.3517455060096,-0.15,16.442,0.48,16.180621485733603,long_nclose,7.766698313152129,0.006586268963923706,5.0
1711501620000.0,123907,1711501620000.0,0.031365421711967656,-0.000394608,1179.2567746328737,1179.3569908980096,-0.12,16.442,0.36,16.180621485733603,long_nclose,5.8250237348640965,0.004939571991585585,2.0
1711501680000.0,123908,1711501680000.0,0.037845421711967475,-0.000395904,1179.2942241505857,1179.3708749940097,-0.12,16.496,0.24,16.180621485733603,long_nclose,3.8833491565760645,0.003292943420776217,1.0
1711502040000.0,123914,1711502040000.0,0.04432542171196772,-0.0003972,1179.3381523722978,1179.3834377940098,-0.12,16.55,0.12,16.180621485733603,long_nclose,1.9416745782880322,0.0016464103822828563,6.0
1711502220000.0,123917,1711502220000.0,0.02216271085598386,-0.0001986,1179.360116483154,1179.38191919401,-0.06,16.55,0.06,16.180621485733603,long_nclose,0.9708372891440161,0.0008231898599717347,3.0
1711502640000.0,123924,1711502640000.0,0.0063075702853279125,-6.5984e-05,1179.3663580694392,1179.3786532100098,-0.02,16.496,0.04,16.180621485733603,long_nclose,0.6472248594293442,0.0005487903355907296,7.0
1711503060000.0,123931,1711503060000.0,0.0026137851426639713,-3.2884000000000006e-05,1179.368938970582,1179.3771403260098,-0.01,16.442,0.03,16.180621485733603,long_nclose,0.48541864457200806,0.0004115918509738845,7.0
1711503300000.0,123935,1711503300000.0,0.0026137851426639713,-3.2884000000000006e-05,1179.3715198717246,1179.37692744201,-0.01,16.442,0.02,16.180621485733603,long_nclose,0.3236124297146721,0.0002743939668391094,4.0
1711503780000.0,123943,1711503780000.0,0.0026137851426639713,-3.2884000000000006e-05,1179.3741007728672,1179.37673455801,-0.01,16.442,0.01,16.180621485733603,long_nclose,0.16180621485733604,0.00013719668318246196,8.0
1711503900000.0,123945,1711503900000.0,0.0026137851426639713,-3.2884000000000006e-05,1179.37668167401,1179.37668167401,-0.01,16.442,0.0,16.180621485733603,long_nclose,0.0,0.0,2.0
1711514940000.0,124129,1711514940000.0,0.0,-0.0076868579999999995,1179.36899481601,1179.36188481601,2.37,16.217,2.37,16.217,long_ientry_normal,38.43429,0.032588859100875396,184.0
1711525620000.0,124307,1711525620000.0,0.0,-0.007693866000000001,1179.36130095001,1178.42248095001,2.43,15.831,4.8,16.021587500000003,long_rentry,76.90362,0.06520785440225306,178.0
1711530240000.0,124384,1711530240000.0,0.0,-0.007685652,1179.35361529801,1177.12112529801,2.47,15.558,7.27,15.864082530949108,long_rentry,115.33188000000001,0.09779245046097296,77.0
1711538820000.0,124527,1711538820000.0,0.1838201375515766,-0.003875872,1179.5335595635615,1180.44811942601,-1.21,16.016,6.06,15.864082530949108,long_nclose,96.13634013755158,0.0815036921655056,143.0
1711538880000.0,124528,1711538880000.0,0.15343664374139868,-0.003235232,1179.683760975303,1180.59234419401,-1.01,16.016,5.05,15.864082530949108,long_nclose,80.11361678129299,0.06791109569488275,1.0
1711539120000.0,124532,1711539120000.0,0.1276106740027474,-0.0026906879999999997,1179.8086809613055,1180.5282435060099,-0.84,16.016,4.21,15.864082530949108,long_nclose,66.78778745529574,0.056608998164750915,4.0
1711539240000.0,124534,1711539240000.0,0.17129067400275005,-0.002699424,1179.9772722113082,1180.7824240820098,-0.84,16.068,3.37,15.864082530949108,long_nclose,53.461958129298495,0.04530761684003404,2.0
1711539480000.0,124538,1711539480000.0,0.21581067400274775,-0.002708328,1180.190374557311,1180.8859157540098,-0.84,16.121,2.53,15.864082530949108,long_nclose,40.13612880330124,0.0340081817887697,4.0
1711539900000.0,124545,1711539900000.0,0.2594906740027474,-0.0027170639999999995,1180.4471481673138,1180.9759786900097,-0.84,16.173,1.69,15.864082530949108,long_nclose,26.810299477303992,0.022711986317157814,7.0
1711540440000.0,124554,1711540440000.0,0.10790533700137388,-0.001354164,1180.553699340315,1180.8863345260097,-0.42,16.121,1.27,15.864082530949108,long_nclose,20.14738481430537,0.017066046911346416,9.0
1711540800000.0,124560,1711540800000.0,0.07964441540577596,-0.000999502,1180.6323442537207,1180.9068250240095,-0.31,16.121,0.96,15.864082530949108,long_nclose,15.229519229711144,0.012899459602165772,6.0
1711541040000.0,124564,1711541040000.0,0.09885359009628474,-0.001035072,1180.730162771817,1180.9291499520095,-0.32,16.173,0.64,15.864082530949108,long_nclose,10.15301281980743,0.008598927290866167,4.0
1711541760000.0,124576,1711541760000.0,0.06487266850068685,-0.0006792659999999999,1180.7943561743177,1180.9284806860096,-0.21,16.173,0.43,15.864082530949108,long_nclose,6.821555488308117,0.005777090187329002,12.0
1711542000000.0,124580,1711542000000.0,0.043248445667124574,-0.000452844,1180.837151775985,1180.9276078420096,-0.14,16.173,0.29,15.864082530949108,long_nclose,4.6005839339752415,0.0038960358988163104,4.0
1711543800000.0,124610,1711543800000.0,0.010195873452544647,-0.00016068000000000004,1180.8471869694376,1180.90140716201,-0.05,16.068,0.24,15.864082530949108,long_nclose,3.807379807427786,0.0032242781703186864,30.0
1711544100000.0,124615,1711544100000.0,0.008156698762035716,-0.00012854400000000002,1180.8552151241995,1180.8969986180098,-0.04,16.068,0.2,15.864082530949108,long_nclose,3.1728165061898217,0.002686880208134672,5.0
1711544520000.0,124622,1711544520000.0,0.01284587345254451,-0.00016120999999999998,1180.867899787652,1180.9116874080096,-0.05,16.121,0.15,15.864082530949108,long_nclose,2.3796123796423663,0.0020151385096252314,7.0
1711544580000.0,124623,1711544580000.0,0.01544587345254449,-0.00016173,1180.8831839311047,1180.9179756780097,-0.05,16.173,0.1,15.864082530949108,long_nclose,1.5864082530949108,0.0013434082851563965,1.0
1711544640000.0,124624,1711544640000.0,0.01809587345254453,-0.00016226,1180.901117544557,1180.9199634180097,-0.05,16.226,0.05,15.864082530949108,long_nclose,0.7932041265474554,0.0006716939418236487,1.0
1711544820000.0,124627,1711544820000.0,0.020745873452544573,-0.00016279000000000003,1180.9217006280096,1180.9217006280096,-0.05,16.279,0.0,15.864082530949108,long_nclose,0.0,0.0,3.0
1711546740000.0,124659,1711546740000.0,0.0,-0.007703324000000001,1180.9139973040096,1180.8416973040096,2.41,15.982,2.41,15.982,long_ientry_normal,38.51662,0.03261593993121621,32.0
1711548180000.0,124683,1711548180000.0,0.0,-0.007707388000000001,1180.9062899160097,1179.8050499160097,2.47,15.602,4.88,15.78966393442623,long_rentry,77.05356,0.06524951273269984,24.0
1711549380000.0,124703,1711549380000.0,0.12177221311475353,-0.00258228,1181.0254798491244,1181.1570876360097,-0.81,15.94,4.07,15.78966393442623,long_nclose,64.26393221311476,0.05441367126247306,20.0
1711550340000.0,124719,1711550340000.0,0.10072516393442575,-0.00213596,1181.1240690530587,1181.6658116760095,-0.67,15.94,3.4,15.78966393442623,long_nclose,53.68485737704918,0.04545234390159357,16.0
1711550580000.0,124723,1711550580000.0,0.08418819672131109,-0.0017852800000000002,1181.20647196978,1181.5482263960096,-0.56,15.94,2.84,15.78966393442623,long_nclose,44.84264557377049,0.0379634269180653,4.0
1711550700000.0,124725,1711550700000.0,0.07065795081967179,-0.00149836,1181.2756315605998,1181.6082280360097,-0.47,15.94,2.37,15.78966393442623,long_nclose,37.421503524590165,0.03167889231334781,2.0
1711551180000.0,124733,1711551180000.0,0.058631065573770215,-0.00124332,1181.3330193061736,1181.6108847160097,-0.39,15.94,1.98,15.78966393442623,long_nclose,31.263534590163935,0.026464624351671632,8.0
1711551300000.0,124735,1711551300000.0,0.04961090163934403,-0.0010520400000000002,1181.381578167813,1181.6626326760097,-0.33,15.94,1.65,15.78966393442623,long_nclose,26.05294549180328,0.022052947136866993,2.0
1711551420000.0,124737,1711551420000.0,0.0671009016393443,-0.0010555380000000002,1181.4476235314523,1181.6922671380098,-0.33,15.993,1.32,15.78966393442623,long_nclose,20.842356393442625,0.017641371465239367,2.0
1711551480000.0,124738,1711551480000.0,0.052867377049180354,-0.0008316360000000002,1181.4996592725015,1181.7120155020098,-0.26,15.993,1.06,15.78966393442623,long_nclose,16.737043770491805,0.014165931948552148,1.0
1711551540000.0,124739,1711551540000.0,0.04270057377049182,-0.000671706,1181.5416881402718,1181.7383237960096,-0.21,15.993,0.85,15.78966393442623,long_nclose,13.421214344262294,0.01135906966210145,1.0
1711551840000.0,124744,1711551840000.0,0.021047049180327772,-0.00044632000000000005,1181.5622888694522,1181.6427574760096,-0.14,15.94,0.71,15.78966393442623,long_nclose,11.210661393442622,0.009487998643024785,5.0
1711551900000.0,124745,1711551900000.0,0.016536967213114675,-0.00035067999999999997,1181.5784751566653,1181.6464767960094,-0.11,15.94,0.6,15.78966393442623,long_nclose,9.473798360655737,0.008017917184383041,1.0
1711551960000.0,124746,1711551960000.0,0.0,-0.005811348000000001,1181.5726638086653,1181.5770654480095,1.83,15.878,2.43,15.856188625784254,long_ientry_partial,38.53053836065574,0.03260953772953491,1.0
1711589520000.0,125372,1711589520000.0,0.0,-0.0077085420000000005,1181.5649552666653,1180.7763069060095,2.49,15.479,4.92,15.665294382247101,long_rentry,77.07324836065574,0.06522980223568091,626.0
1711608060000.0,125681,1711608060000.0,0.12275860655737683,-0.00259366,1181.6851202132227,1182.3317132460097,-0.82,15.815,4.1,15.665294382247101,long_nclose,64.22770696721311,0.05435264087578922,309.0
1711608180000.0,125683,1711608180000.0,0.16539860655737795,-0.002602188,1181.84791663178,1182.5488710580096,-0.82,15.867,3.28,15.665294382247101,long_nclose,51.382165573770486,0.04347612315483674,2.0
1711608540000.0,125689,1711608540000.0,0.13110865153938497,-0.00206271,1181.9769625733193,1182.5153383480094,-0.65,15.867,2.63,15.665294382247101,long_nclose,41.19972422530987,0.0348566220238444,6.0
1711608720000.0,125692,1711608720000.0,0.10488692123150799,-0.001650168,1182.0801993265509,1182.4931381800095,-0.52,15.867,2.11,15.665294382247101,long_nclose,33.05377114654138,0.02796237612758645,3.0
1711609140000.0,125699,1711609140000.0,0.08471635945621799,-0.001332828,1182.1635828580072,1182.5348853520095,-0.42,15.867,1.69,15.665294382247101,long_nclose,26.4743475059976,0.022394825800667133,7.0
1711609440000.0,125704,1711609440000.0,0.06656285385845699,-0.0010472220000000002,1182.2290984898657,1182.5156581300096,-0.33,15.867,1.36,15.665294382247101,long_nclose,21.30480035985606,0.01802087293154093,5.0
1711609740000.0,125709,1711609740000.0,0.054460516793282995,-0.0008568180000000002,1182.282702188659,1182.4883913120095,-0.27,15.867,1.09,15.665294382247101,long_nclose,17.07517087664934,0.014442544786487646,5.0
1711610100000.0,125715,1711610100000.0,0.04235817972810899,-0.000666414,1182.324393954387,1182.5194948980095,-0.21,15.867,0.88,15.665294382247101,long_nclose,13.78545905637745,0.01165962499536255,6.0
1711610220000.0,125717,1711610220000.0,0.034289955017993,-0.0005394780000000001,1182.358144431405,1182.4978054200096,-0.17,15.867,0.71,15.665294382247101,long_nclose,11.12235901139544,0.009406928910481834,2.0
1711610280000.0,125718,1711610280000.0,0.028238786485406,-0.00044427600000000007,1182.3859389418903,1182.5020511440096,-0.14,15.867,0.57,15.665294382247101,long_nclose,8.929217797880847,0.0075518639927937125,1.0
1711611000000.0,125730,1711611000000.0,0.022187617952818997,-0.00034907400000000005,1182.407777485843,1182.5019420700094,-0.11,15.867,0.46,15.665294382247101,long_nclose,7.206035415833667,0.006094374168576495,12.0
1711611120000.0,125732,1711611120000.0,0.018153505597760997,-0.00028560600000000004,1182.425645385441,1182.5050864640095,-0.09,15.867,0.37,15.665294382247101,long_nclose,5.796158921431427,0.004901922538682782,2.0
1711611420000.0,125737,1711611420000.0,0.02283350559776096,-0.000286542,1182.448192349039,1182.5175499220097,-0.09,15.919,0.28,15.665294382247101,long_nclose,4.3862824270291885,0.003709492268169015,5.0
1711611720000.0,125742,1711611720000.0,0.01775939324270297,-0.00022286600000000003,1182.4657288762814,1182.5215270560095,-0.07,15.919,0.21,15.665294382247101,long_nclose,3.289711820271891,0.0027820779409802967,5.0
1711612080000.0,125748,1711612080000.0,0.012685280887644979,-0.00015919000000000003,1182.478254967169,1182.5199678660094,-0.05,15.919,0.16,15.665294382247101,long_nclose,2.5064471011595364,0.002119655977292476,6.0
1711612200000.0,125750,1711612200000.0,0.01528528088764496,-0.00015971000000000003,1182.4933805380567,1182.5264581560095,-0.05,15.971,0.11,15.665294382247101,long_nclose,1.7231823820471812,0.001457244844164033,2.0
1711612440000.0,125754,1711612440000.0,0.009171168532586975,-9.5826e-05,1182.5024558805892,1182.5271523300094,-0.03,15.971,0.08,15.665294382247101,long_nclose,1.2532235505797682,0.0010598062983695998,4.0
1711612620000.0,125757,1711612620000.0,0.0061141123550579836,-6.3884e-05,1182.5085061089444,1182.5270884460097,-0.02,15.971,0.06,15.665294382247101,long_nclose,0.939917662934826,0.0007948506569543708,3.0
1711613100000.0,125765,1711613100000.0,0.0061141123550579836,-6.3884e-05,1182.5145563372996,1182.5283845620097,-0.02,15.971,0.04,15.665294382247101,long_nclose,0.6266117752898841,0.0005298977267821046,8.0
1711613100000.0,125765,1711613100000.0,0.007154112355057976,-6.409200000000001e-05,1182.5216463576546,1182.5285604700098,-0.02,16.023,0.02,15.665294382247101,long_nclose,0.31330588764494205,0.0002649472748426818,0.0
1711613340000.0,125769,1711613340000.0,0.0030570561775289918,-3.1942e-05,1182.524671471832,1182.5276285280097,-0.01,15.971,0.01,15.665294382247101,long_nclose,0.15665294382247102,0.00013247329852957113,4.0
1711614120000.0,125782,1711614120000.0,0.0030570561775289918,-3.1942e-05,1182.5276965860096,1182.5276965860096,-0.01,15.971,0.0,15.665294382247101,long_nclose,0.0,0.0,13.0
1711629060000.0,126031,1711629060000.0,0.0,-0.007699698000000001,1182.5199968880097,1182.5588768880098,2.43,15.843,2.43,15.843,long_ientry_normal,38.498490000000004,0.03255631202966117,249.0
1711641120000.0,126232,1711641120000.0,0.060399999999999926,-0.0012795200000000001,1182.5791173680097,1182.8957973680097,-0.4,15.994,2.03,15.843,long_nclose,32.161289999999994,0.027195888653589035,201.0
1711646820000.0,126327,1711646820000.0,0.04982999999999994,-0.0010556040000000001,1182.6278917640097,1182.8930917640098,-0.33,15.994,1.7,15.843,long_nclose,26.9331,0.02277394283321573,95.0
1711649220000.0,126367,1711649220000.0,0.04227999999999995,-0.000895664,1182.6692761000097,1182.8865361000096,-0.28,15.994,1.42,15.843,long_nclose,22.497059999999998,0.01902227482748743,40.0
1711649760000.0,126376,1711649760000.0,0.05712000000000018,-0.0008986320000000001,1182.7254974680097,1182.9603374680098,-0.28,16.047,1.14,15.843,long_nclose,18.06102,0.015270677801962675,9.0
1711650660000.0,126391,1711650660000.0,0.028689999999999962,-0.000607772,1182.7535796960099,1182.90367969601,-0.19,15.994,0.95,15.843,long_nclose,15.050849999999999,0.01272526269070211,15.0
1711652220000.0,126417,1711652220000.0,0.02264999999999997,-0.00047982,1182.77574987601,1182.89734987601,-0.15,15.994,0.8,15.843,long_nclose,12.6744,0.010715809823906733,26.0
1711652340000.0,126419,1711652340000.0,0.019629999999999974,-0.000415844,1182.79496403201,1182.90082403201,-0.13,15.994,0.67,15.843,long_nclose,10.61481,0.008974344939561927,2.0
1711653180000.0,126433,1711653180000.0,0.01660999999999998,-0.00035186799999999997,1182.81122216401,1182.90530216401,-0.11,15.994,0.56,15.843,long_nclose,8.87208,0.007500841921137765,14.0
1711653420000.0,126437,1711653420000.0,0.013589999999999982,-0.000287892,1182.82452427201,1182.89878427201,-0.09,15.994,0.47,15.843,long_nclose,7.44621,0.006295278671688769,4.0
1711654800000.0,126460,1711654800000.0,0.010569999999999987,-0.000223916,1182.8348703560098,1182.8948703560097,-0.07,15.994,0.4,15.843,long_nclose,6.3372,0.005357637113025446,23.0
1711654860000.0,126461,1711654860000.0,0.009059999999999988,-0.000191928,1182.8437384280098,1182.8981384280098,-0.06,15.994,0.34,15.843,long_nclose,5.386620000000001,0.0045539574036709,1.0
1711655220000.0,126467,1711655220000.0,0.007549999999999991,-0.00015994000000000002,1182.8511284880099,1182.8946284880099,-0.05,15.994,0.29,15.843,long_nclose,4.594469999999999,0.003884233517934689,6.0
1711655280000.0,126468,1711655280000.0,0.006039999999999992,-0.000127952,1182.85704053601,1182.89979053601,-0.04,15.994,0.25,15.843,long_nclose,3.96075,0.003348460434580659,1.0
1711655520000.0,126472,1711655520000.0,0.006039999999999992,-0.000127952,1182.86295258401,1182.89508258401,-0.04,15.994,0.21,15.843,long_nclose,3.3270299999999997,0.0028126927069040196,4.0
1711655700000.0,126475,1711655700000.0,0.004529999999999994,-9.5964e-05,1182.86738662001,1182.89600662001,-0.03,15.994,0.18,15.843,long_nclose,2.85174,0.00241087042576152,3.0
1711656120000.0,126482,1711656120000.0,0.004529999999999994,-9.5964e-05,1182.87182065601,1182.89357065601,-0.03,15.994,0.15,15.843,long_nclose,2.3764499999999997,0.002009051157108504,7.0
1711657320000.0,126502,1711657320000.0,0.003019999999999996,-6.3976e-05,1182.87477668001,1182.89401668001,-0.02,15.994,0.13,15.843,long_nclose,2.05959,0.0017411733182616997,20.0
1711658220000.0,126517,1711658220000.0,0.003019999999999996,-6.3976e-05,1182.87773270401,1182.89456270401,-0.02,15.994,0.11,15.843,long_nclose,1.7427300000000001,0.0014732968182740163,15.0
1711658580000.0,126523,1711658580000.0,0.001509999999999998,-3.1988e-05,1182.87921071601,1182.89471071601,-0.01,15.994,0.1,15.843,long_nclose,1.5843,0.001339359070349208,6.0
1711659000000.0,126530,1711659000000.0,0.001509999999999998,-3.1988e-05,1182.88068872801,1182.89535872801,-0.01,15.994,0.09,15.843,long_nclose,1.42587,0.0012054216571354159,7.0
1711659120000.0,126532,1711659120000.0,0.001509999999999998,-3.1988e-05,1182.88216674001,1182.89480674001,-0.01,15.994,0.08,15.843,long_nclose,1.2674400000000001,0.0010714845786313856,2.0
1711659660000.0,126541,1711659660000.0,0.001509999999999998,-3.1988e-05,1182.88364475201,1182.89414475201,-0.01,15.994,0.07,15.843,long_nclose,1.10901,0.0009375478348358621,9.0
1711659720000.0,126542,1711659720000.0,0.001509999999999998,-3.1988e-05,1182.88512276401,1182.89484276401,-0.01,15.994,0.06,15.843,long_nclose,0.95058,0.0008036114257475907,1.0
1711660260000.0,126551,1711660260000.0,0.0020400000000000062,-3.2094e-05,1182.88713067001,1182.89698067001,-0.01,16.047,0.05,15.843,long_nclose,0.79215,0.0006696750513730849,9.0
1711660320000.0,126552,1711660320000.0,0.0020400000000000062,-3.2094e-05,1182.88913857601,1182.89741857601,-0.01,16.047,0.04,15.843,long_nclose,0.6337200000000001,0.0005357391317016294,1.0
1711660920000.0,126562,1711660920000.0,0.0020400000000000062,-3.2094e-05,1182.89114648201,1182.89729648201,-0.01,16.047,0.03,15.843,long_nclose,0.47529,0.0004018036667309086,10.0
1711661220000.0,126567,1711661220000.0,0.0025600000000000024,-3.2198e-05,1182.8936742840099,1182.8985742840098,-0.01,16.099,0.02,15.843,long_nclose,0.31686000000000003,0.0002678685387271102,5.0
1711661280000.0,126568,1711661280000.0,0.0025600000000000024,-3.2198e-05,1182.8962020860097,1182.8986820860098,-0.01,16.099,0.01,15.843,long_nclose,0.15843000000000002,0.00013393398315136393,1.0
1711661340000.0,126569,1711661340000.0,0.0025600000000000024,-3.2198e-05,1182.8987298880095,1182.8987298880095,-0.01,16.099,0.0,15.843,long_nclose,0.0,0.0,1.0
1711677300000.0,126835,1711677300000.0,0.0,-0.00772405,1182.8910058380095,1182.8741358380096,2.41,16.025,2.41,16.025,long_ientry_normal,38.62025,0.032649035126139786,266.0
1711698600000.0,127190,1711698600000.0,0.0,-0.0076963560000000006,1182.8833094820095,1182.0162594820094,2.46,15.643,4.87,15.832039014373716,long_rentry,77.10203,0.06518143368999209,355.0
1711707240000.0,127334,1711707240000.0,0.12227839835729015,-0.0025892460000000003,1183.0029986343668,1183.6402602360095,-0.81,15.983,4.06,15.832039014373716,long_nclose,64.27807839835728,0.05433467072573654,144.0
1711707720000.0,127342,1711707720000.0,0.10114386036961037,-0.002141722,1183.1020007727363,1183.6171485140094,-0.67,15.983,3.39,15.832039014373716,long_nclose,53.6706122587269,0.04536431535376683,8.0
1711709340000.0,127369,1711709340000.0,0.1366538603696109,-0.0021488240000000006,1183.236505809106,1183.8184796900093,-0.67,16.036,2.72,15.832039014373716,long_nclose,43.06314611909651,0.036394369095001516,27.0
1711709520000.0,127372,1711709520000.0,0.1740534702258735,-0.0021879680000000006,1183.4083713113316,1183.9611317220092,-0.68,16.088,2.04,15.832039014373716,long_nclose,32.29735958932238,0.027291812676239365,3.0
1711709760000.0,127376,1711709760000.0,0.21009347022587166,-0.002195176,1183.6162696055576,1184.0214965460093,-0.68,16.141,1.36,15.832039014373716,long_nclose,21.531573059548254,0.01819134597290023,4.0
1711709880000.0,127378,1711709880000.0,0.13903244353182684,-0.00145269,1183.7538493590894,1184.0368238560093,-0.45,16.141,0.91,15.832039014373716,long_nclose,14.407155503080082,0.012170735926966941,2.0
1711710480000.0,127388,1711710480000.0,0.16243244353182826,-0.0014573700000000004,1183.9148244326211,1184.0960464860093,-0.45,16.193,0.46,15.832039014373716,long_nclose,7.28273794661191,0.006151403628299093,10.0
1711710540000.0,127389,1711710540000.0,0.19042205338808985,-0.001494632,1184.1037518540093,1184.1037518540093,-0.46,16.246,0.0,15.832039014373716,long_nclose,0.0,0.0,1.0
1711725960000.0,127646,1711725960000.0,0.0,-0.007718816,1184.0960330380092,1184.115073038009,2.38,16.216,2.38,16.216,long_ientry_normal,38.59408,0.03259370770880805,257.0
1711746300000.0,127985,1711746300000.0,0.06044999999999906,-0.001276938,1184.155206100009,1184.471616100009,-0.39,16.371,1.99,16.216,long_nclose,32.26984,0.027251360154282527,339.0
1711746540000.0,127989,1711746540000.0,0.0511499999999992,-0.001080486,1184.205275614009,1184.467555614009,-0.33,16.371,1.66,16.216,long_nclose,26.91856,0.022731329233474963,4.0
1711747380000.0,128003,1711747380000.0,0.04184999999999935,-0.000884034,1184.2462415800092,1184.4978315800092,-0.27,16.371,1.39,16.216,long_nclose,22.54024,0.019033406405349486,14.0
1711748400000.0,128020,1711748400000.0,0.035649999999999446,-0.000753066,1184.2811385140092,1184.4771785140092,-0.23,16.371,1.16,16.216,long_nclose,18.81056,0.01588352578476659,17.0
1711749900000.0,128045,1711749900000.0,0.029449999999999543,-0.0006220980000000001,1184.3099664160093,1184.4486764160092,-0.19,16.371,0.97,16.216,long_nclose,15.72952,0.013281590500839149,25.0
1711749960000.0,128046,1711749960000.0,0.024799999999999614,-0.000523872,1184.3342425440092,1184.4638425440091,-0.16,16.371,0.81,16.216,long_nclose,13.134960000000001,0.011090585350116578,1.0
1711750020000.0,128047,1711750020000.0,0.03343999999999994,-0.0005256000000000001,1184.3671569440091,1184.4926069440091,-0.16,16.425,0.65,16.216,long_nclose,10.540400000000002,0.008899605108264834,1.0
1711750080000.0,128048,1711750080000.0,0.027169999999999955,-0.00042705000000000005,1184.393899894009,1184.5077798940092,-0.13,16.425,0.52,16.216,long_nclose,8.43232,0.00711952332813822,1.0
1711750320000.0,128052,1711750320000.0,0.020899999999999964,-0.0003285,1184.414471394009,1184.506871394009,-0.1,16.425,0.42,16.216,long_nclose,6.81072,0.0057502843510380715,4.0
1711750500000.0,128055,1711750500000.0,0.01671999999999997,-0.00026280000000000005,1184.4309285940092,1184.5662485940093,-0.08,16.425,0.34,16.216,long_nclose,5.513440000000001,0.004654927414420684,3.0
1711750500000.0,128055,1711750500000.0,0.020960000000000038,-0.000263648,1184.4516249460091,1184.5551049460091,-0.08,16.478,0.26,16.216,long_nclose,4.21616,0.003559588176673898,0.0
1711750500000.0,128055,1711750500000.0,0.025279999999999917,-0.000264512,1184.4766404340091,1184.548280434009,-0.08,16.532,0.18,16.216,long_nclose,2.91888,0.0024642782308737475,0.0
1711750500000.0,128055,1711750500000.0,0.029599999999999797,-0.000265376,1184.5059750580092,1184.5457750580092,-0.08,16.586,0.1,16.216,long_nclose,1.6216000000000002,0.0013690095568497111,0.0
1711750620000.0,128057,1711750620000.0,0.04239999999999995,-0.00033280000000000007,1184.5480422580092,1184.5480422580092,-0.1,16.64,0.0,16.216,long_nclose,0.0,0.0,2.0
1711768680000.0,128358,1711768680000.0,0.0,-0.007712640000000001,1184.5403296180093,1184.5122496180093,2.34,16.48,2.34,16.48,long_ientry_normal,38.5632,0.032555413298959494,301.0
1711834560000.0,129456,1711834560000.0,0.0,-0.007722240000000001,1184.5326073780093,1183.5300073780093,2.4,16.088,4.74,16.28151898734177,long_rentry,77.17439999999999,0.06515177338243759,1098.0
1711922640000.0,130924,1711922640000.0,0.1228300000000031,-0.0025970460000000004,1184.6528403320094,1186.1399403320095,-0.79,16.437,3.95,16.28151898734177,long_nclose,64.312,0.0542876341578483,1468.0
1711922640000.0,130924,1711922640000.0,0.1654900000000019,-0.0026055780000000003,1184.8157247540096,1186.0054047540095,-0.79,16.491,3.16,16.28151898734177,long_nclose,51.4496,0.043424136703352684,0.0
1711922640000.0,130924,1711922640000.0,0.20815000000000353,-0.0026141100000000007,1185.0212606440095,1185.9135206440096,-0.79,16.545,2.37,16.28151898734177,long_nclose,38.587199999999996,0.03256245375633975,0.0
1711922640000.0,130924,1711922640000.0,0.25081000000000236,-0.002622642,1185.2694480020095,1185.8642880020095,-0.79,16.599,1.58,16.28151898734177,long_nclose,25.7248,0.021703756933382445,0.0
1711922640000.0,130924,1711922640000.0,0.2934700000000012,-0.002631174,1185.5602868280096,1185.8577068280097,-0.79,16.653,0.79,16.28151898734177,long_nclose,12.8624,0.010849216309710922,0.0
1711922760000.0,130926,1711922760000.0,0.08254506329114002,-0.000863148,1185.6419687433006,1185.8203036800094,-0.26,16.599,0.53,16.28151898734177,long_nclose,8.629205063291138,0.0072780867165469065,2.0
1711922820000.0,130927,1711922820000.0,0.09658506329113963,-0.000865956,1185.7376878505916,1185.8363677240093,-0.26,16.653,0.27,16.28151898734177,long_nclose,4.396010126582278,0.0037074052479102748,1.0
1711922880000.0,130928,1711922880000.0,0.04829253164556981,-0.000432978,1185.7855474042371,1185.8357347460094,-0.13,16.653,0.14,16.28151898734177,long_nclose,2.279412658227848,0.0019222806882894068,1.0
1711922940000.0,130929,1711922940000.0,0.026003670886076052,-0.000233142,1185.811317933123,1185.8371816040092,-0.07,16.653,0.07,16.28151898734177,long_nclose,1.139706329113924,0.0009611194562558566,1.0
1711923000000.0,130930,1711923000000.0,0.011144430379746878,-9.991799999999999e-05,1185.822362445503,1185.8337016860091,-0.03,16.653,0.04,16.28151898734177,long_nclose,0.6512607594936708,0.0005492060026179519,1.0
1711923000000.0,130930,1711923000000.0,0.017019240506329254,-0.00013365600000000004,1185.8392480300095,1185.8392480300095,-0.04,16.707,0.0,16.28151898734177,long_nclose,0.0,0.0,0.0
1711948980000.0,131363,1711948980000.0,0.0,-0.007718723999999999,1185.8315293060095,1185.8221693060095,2.34,16.493,2.34,16.493,long_ientry_normal,38.593619999999994,0.03254561802938934,433.0
1711950480000.0,131388,1711950480000.0,0.0,-0.007728479999999999,1185.8238008260096,1184.0343608260096,2.4,16.101,4.74,16.294518987341768,long_rentry,77.23601999999998,0.06513279624359004,25.0
1711950600000.0,131390,1711950600000.0,0.0,-0.007721624,1185.8160792020096,1183.4877392020096,2.44,15.823,7.18,16.13428133704735,long_rentry,115.84413999999998,0.09769149030088785,2.0
1711982580000.0,131923,1711982580000.0,0.0,-0.007729664,1185.8083495380097,1181.8283495380097,2.48,15.584,9.66,15.993008281573497,long_rentry,154.49245999999997,0.13028451019103562,533.0
1711984080000.0,131948,1711984080000.0,0.0,-0.00986433,1185.7984852080097,1180.1180252080096,3.21,15.365,12.87,15.836372183372182,long_rentry,203.81410999999997,0.171879212650746,25.0
1712025300000.0,132635,1712025300000.0,0.0,-0.01293416,1185.7855510480097,1176.0426910480096,4.28,15.11,17.15,15.655096793002917,long_rentry,268.48491,0.22641944807196399,687.0
1712025420000.0,132637,1712025420000.0,0.0,-0.016903884,1185.7686471640097,1173.3554571640097,5.71,14.802,22.86,15.442009186351706,long_rentry,353.00433,0.2977008464882898,2.0
1712048580000.0,133023,1712048580000.0,0.0,-0.021956372000000002,1185.7466907920098,1162.3683707920097,7.61,14.426,30.47,15.188256974072859,long_rentry,462.78619,0.39029093953522714,386.0
1712104740000.0,133959,1712104740000.0,0.0,-0.028323048,1185.7183677440098,1153.0651277440097,10.14,13.966,40.61,14.883068948534845,long_rentry,604.40143,0.5097343909329463,936.0
1712236680000.0,136158,1712236680000.0,0.9594539079044496,-0.0203138,1186.6575078519143,1191.3941739440097,-6.76,15.025,33.85,14.883068948534845,long_nclose,503.79188390790455,0.42454699909147997,2199.0
1712236800000.0,136160,1712236800000.0,0.8004911302634757,-0.0169482,1187.4410507821779,1191.9527057440098,-5.64,15.025,28.21,14.883068948534845,long_nclose,419.851375038168,0.35357660471785796,2.0
1712236980000.0,136163,1712236980000.0,0.6670759418862299,-0.014123500000000002,1188.094003224064,1191.5718622440097,-4.7,15.025,23.51,14.883068948534845,long_nclose,349.90095098005423,0.2945061165451115,3.0
1712237340000.0,136169,1712237340000.0,0.5549504112287572,-0.011749550000000001,1188.6372040852925,1191.5170526940096,-3.91,15.025,19.6,14.883068948534845,long_nclose,291.70815139128297,0.24541395001662003,6.0
1712237460000.0,136171,1712237460000.0,0.46269522777640615,-0.009796299999999999,1189.0901030130688,1191.1478163940094,-3.26,15.025,16.34,14.883068948534845,long_nclose,243.18934661905936,0.20451717325948224,2.0
1712237640000.0,136174,1712237640000.0,0.38605245998522236,-0.008173600000000001,1189.467981873054,1191.7552027940094,-2.72,15.025,13.62,14.883068948534845,long_nclose,202.7073990790446,0.17041854187604233,3.0
1712237760000.0,136176,1712237760000.0,0.3221834868259025,-0.00682135,1189.7833440098798,1191.4056114440093,-2.27,15.025,11.35,14.883068948534845,long_nclose,168.9228325658705,0.14197780916696695,2.0
1712238180000.0,136183,1712238180000.0,0.4356834868259001,-0.00684405,1190.2121834467057,1191.9276773940094,-2.27,15.075,9.08,14.883068948534845,long_nclose,135.1382660526964,0.11354132307850594,7.0
1712238240000.0,136184,1712238240000.0,0.3473952031519291,-0.00545715,1190.5541214998577,1192.0512402440095,-1.81,15.075,7.27,14.883068948534845,long_nclose,108.19991125584832,0.09088197613354888,1.0
1712238360000.0,136186,1712238360000.0,0.2783000246244736,-0.00437175,1190.8280497744822,1192.0149284940094,-1.45,15.075,5.82,14.883068948534845,long_nclose,86.6194612804728,0.0727388486497918,2.0
1712238480000.0,136188,1712238480000.0,0.22264001969957886,-0.0034974,1191.0471923941818,1191.9182910940094,-1.16,15.075,4.66,14.883068948534845,long_nclose,69.35510130017238,0.05823035539066955,2.0
1712238540000.0,136189,1712238540000.0,0.17849587786259344,-0.0028039500000000004,1191.2228843220444,1191.9462471440095,-0.93,15.075,3.73,14.883068948534845,long_nclose,55.51384717803497,0.046602401539346965,1.0
1712238660000.0,136191,1712238660000.0,0.1420289780842141,-0.0022311,1191.3626822001286,1191.8438660440095,-0.74,15.075,2.99,14.883068948534845,long_nclose,44.50037615611919,0.03735250131717982,2.0
1712238780000.0,136193,1712238780000.0,0.06954621521792609,-0.0014724500000000001,1191.4307559653466,1191.7980835940095,-0.49,15.025,2.5,14.883068948534845,long_nclose,37.20767237133711,0.03122940396245681,2.0
1712239020000.0,136197,1712239020000.0,0.05819173110071366,-0.00123205,1191.4877156464474,1191.7927115440095,-0.41,15.025,2.09,14.883068948534845,long_nclose,31.105614102437823,0.02610653361672413,4.0
1712239140000.0,136199,1712239140000.0,0.048256557498152795,-0.0010217000000000002,1191.5349505039458,1191.7710798440098,-0.34,15.025,1.75,14.883068948534845,long_nclose,26.04537065993598,0.021858671161026702,2.0
1712239500000.0,136205,1712239500000.0,0.04116000492489503,-0.00087145,1191.5752390588707,1191.79413839401,-0.29,15.025,1.46,14.883068948534845,long_nclose,21.729280664860873,0.01823576048963814,6.0
1712239740000.0,136209,1712239740000.0,0.055660004924894715,-0.00087435,1191.6300247137956,1191.8674540440097,-0.29,15.075,1.17,14.883068948534845,long_nclose,17.413190669785767,0.014612917020086035,4.0
1712240400000.0,136220,1712240400000.0,0.026966899778379502,-0.0005709500000000001,1191.656420663574,1191.81903309401,-0.19,15.025,0.98,14.883068948534845,long_nclose,14.585407569564149,0.012239608092274,11.0
1712241300000.0,136235,1712241300000.0,0.022708968234424844,-0.00048080000000000003,1191.6786488318082,1191.8056922940098,-0.16,15.025,0.82,14.883068948534845,long_nclose,12.204116537798573,0.01024111370104865,15.0
1712241780000.0,136243,1712241780000.0,0.030708968234424674,-0.0004824,1191.7088754000426,1191.8368698940096,-0.16,15.075,0.66,14.883068948534845,long_nclose,9.822825506032999,0.008242638541007418,8.0
1712241960000.0,136246,1712241960000.0,0.02495103669047005,-0.00039195,1191.7334344867331,1191.8404579440096,-0.13,15.075,0.53,14.883068948534845,long_nclose,7.888026542723468,0.006618952120044158,3.0
1712242140000.0,136249,1712242140000.0,0.019193105146515423,-0.0003015,1191.7523260918797,1191.8335664440096,-0.1,15.075,0.43,14.883068948534845,long_nclose,6.399719647869984,0.005370008102989504,3.0
1712242920000.0,136262,1712242920000.0,0.009935173602560871,-0.00021035000000000004,1191.7620509154822,1191.8135060940097,-0.07,15.025,0.36,14.883068948534845,long_nclose,5.357904821472544,0.004495784051318578,13.0
1712243220000.0,136267,1712243220000.0,0.008515863087909315,-0.0001803,1191.7703864785701,1191.8135657940097,-0.06,15.025,0.3,14.883068948534845,long_nclose,4.464920684560453,0.0037464605054949814,5.0
1712243700000.0,136275,1712243700000.0,0.007096552573257764,-0.00015025000000000002,1191.7773327811435,1191.8140655440097,-0.05,15.025,0.25,14.883068948534845,long_nclose,3.7207672371337113,0.0031220322243005675,8.0
1712246880000.0,136328,1712246880000.0,0.005677242058606211,-0.00012020000000000001,1191.7828898232021,1191.8133253440099,-0.04,15.025,0.21,14.883068948534845,long_nclose,3.1254444791923173,0.0026224948401935596,53.0
1712247480000.0,136338,1712247480000.0,0.0076772420586061684,-0.0001206,1191.7904464652609,1191.8249447440098,-0.04,15.075,0.17,14.883068948534845,long_nclose,2.5301217212509237,0.0021229585526172227,10.0
1712248140000.0,136349,1712248140000.0,0.005757931543954626,-9.045e-05,1191.7961139468048,1191.8236842940098,-0.03,15.075,0.14,14.883068948534845,long_nclose,2.0836296527948783,0.00174831049406147,11.0
1712248560000.0,136356,1712248560000.0,0.0038386210293030842,-6.03e-05,1191.799892267834,1191.8230439940098,-0.02,15.075,0.12,14.883068948534845,long_nclose,1.7859682738241813,0.001498547101246775,7.0
1712249340000.0,136369,1712249340000.0,0.0038386210293030842,-6.03e-05,1191.803670588863,1191.8237636940096,-0.02,15.075,0.1,14.883068948534845,long_nclose,1.4883068948534846,0.0012487852920591536,13.0
1712252160000.0,136416,1712252160000.0,0.0038386210293030842,-6.03e-05,1191.8074489098922,1191.8244033940093,-0.02,15.075,0.08,14.883068948534845,long_nclose,1.1906455158827876,0.0009990250664835437,47.0
1712252220000.0,136417,1712252220000.0,0.00481862102930311,-6.0496000000000005e-05,1191.8122070349214,1191.8260628980092,-0.02,15.124,0.06,14.883068948534845,long_nclose,0.8929841369120907,0.0007492658085234105,1.0
1712252280000.0,136418,1712252280000.0,0.002409310514651555,-3.0248000000000002e-05,1191.814586097436,1191.8263326500091,-0.01,15.124,0.05,14.883068948534845,long_nclose,0.7441534474267423,0.0006243869273856198,1.0
1712252760000.0,136426,1712252760000.0,0.002409310514651555,-3.0248000000000002e-05,1191.8169651599505,1191.826682402009,-0.01,15.124,0.04,14.883068948534845,long_nclose,0.5953227579413938,0.0004995085448053654,8.0
1712253000000.0,136430,1712253000000.0,0.002409310514651555,-3.0248000000000002e-05,1191.8193442224651,1191.827022154009,-0.01,15.124,0.03,14.883068948534845,long_nclose,0.44649206845604533,0.0003746306607796618,4.0
1712253240000.0,136434,1712253240000.0,0.0028993105146515497,-3.0346000000000004e-05,1191.82221318698,1191.8279518080092,-0.01,15.173,0.02,14.883068948534845,long_nclose,0.2976613789706969,0.00024975317264371044,4.0
1712253300000.0,136435,1712253300000.0,0.0028993105146515497,-3.0346000000000004e-05,1191.8250821514948,1191.8278614620094,-0.01,15.173,0.01,14.883068948534845,long_nclose,0.14883068948534844,0.00012487628571860375,1.0
1712253420000.0,136437,1712253420000.0,0.0028993105146515497,-3.0346000000000004e-05,1191.8279511160097,1191.8279511160097,-0.01,15.173,0.0,14.883068948534845,long_nclose,0.0,0.0,2.0
1712260020000.0,136547,1712260020000.0,0.0,-0.0077714,1191.8201797160098,1191.7889797160099,2.6,14.945,2.6,14.945,long_ientry_normal,38.857,0.03260307272969564,110.0
1712289180000.0,137033,1712289180000.0,0.06148999999999953,-0.001297568,1191.8803721480099,1192.21672214801,-0.43,15.088,2.17,14.945,long_nclose,32.43065,0.027209651872656816,486.0
1712294700000.0,137125,1712294700000.0,0.0,-0.007768264000000001,1191.8726038840098,1191.2248938840098,2.66,14.602,4.83,14.756101449275363,long_rentry,71.27197000000001,0.05979831214153491,92.0
1712296020000.0,137147,1712296020000.0,0.11271884057970993,-0.00238352,1191.9829392045895,1192.5386703640097,-0.8,14.897,4.03,14.756101449275363,long_nclose,59.46708884057971,0.04988921140118173,22.0
1712296080000.0,137148,1712296080000.0,0.09440202898550708,-0.0019961980000000002,1192.075345035575,1192.53868416601,-0.67,14.897,3.36,14.756101449275363,long_nclose,49.58050086956522,0.04159175095437075,1.0
1712296140000.0,137149,1712296140000.0,0.07890318840579696,-0.0016684640000000001,1192.1525797599809,1192.55549570201,-0.56,14.897,2.8,14.756101449275363,long_nclose,41.317084057971016,0.03465754699477267,1.0
1712296320000.0,137152,1712296320000.0,0.06481333333333321,-0.0013705240000000001,1192.2160225693142,1192.5129651780098,-0.46,14.897,2.34,14.756101449275363,long_nclose,34.52927739130435,0.028962265845824807,3.0
1712296380000.0,137153,1712296380000.0,0.054950434782608595,-0.0011619660000000002,1192.2698110380968,1192.57771321201,-0.39,14.897,1.95,14.756101449275363,long_nclose,28.774397826086958,0.02413413269353301,1.0
1712296440000.0,137154,1712296440000.0,0.07406043478260839,-0.001165788,1192.3427056848793,1192.6217874240097,-0.39,14.946,1.56,14.756101449275363,long_nclose,23.019518260869567,0.019306125790107636,1.0
1712296500000.0,137155,1712296500000.0,0.05886855072463744,-0.000926652,1192.4006475836038,1192.6467707720096,-0.31,14.946,1.25,14.756101449275363,long_nclose,18.445126811594204,0.015468900364129451,1.0
1712296680000.0,137158,1712296680000.0,0.047474637681159226,-0.0007473,1192.447374921285,1192.6382734720096,-0.25,14.946,1.0,14.756101449275363,long_nclose,14.756101449275363,0.012374635358855506,3.0
1712296860000.0,137161,1712296860000.0,0.022543768115941987,-0.0004767040000000001,1192.4694419854009,1192.5777167680096,-0.16,14.897,0.84,14.756101449275363,long_nclose,12.395125217391305,0.010394501343995912,3.0
1712296980000.0,137163,1712296980000.0,0.01972579710144924,-0.00041711600000000004,1192.4887506665023,1192.5894796520095,-0.14,14.897,0.7,14.756101449275363,long_nclose,10.329271014492754,0.008661944197561234,2.0
1712297100000.0,137165,1712297100000.0,0.015498840579710117,-0.00032773400000000004,1192.503921773082,1192.5841019180095,-0.11,14.897,0.59,14.756101449275363,long_nclose,8.706099855072464,0.007300688656962859,2.0
1712297160000.0,137166,1712297160000.0,0.012680869565217367,-0.00026814600000000003,1192.5163344966472,1192.5957837720096,-0.09,14.897,0.5,14.756101449275363,long_nclose,7.378050724637681,0.006186959885754441,1.0
1712297400000.0,137170,1712297400000.0,0.01898985507246369,-0.00029892000000000005,1192.5350254317198,1192.6109848520096,-0.1,14.946,0.4,14.756101449275363,long_nclose,5.902440579710145,0.004949490332641049,4.0
1712297940000.0,137179,1712297940000.0,0.008453913043478244,-0.000178764,1192.5433005807631,1192.5898460880094,-0.06,14.897,0.34,14.756101449275363,long_nclose,5.017074492753624,0.004207037589587172,9.0
1712298060000.0,137181,1712298060000.0,0.007044927536231871,-0.00014897,1192.5501965382994,1192.5965671180095,-0.05,14.897,0.29,14.756101449275363,long_nclose,4.279269420289855,0.003588334841343866,2.0
1712298420000.0,137187,1712298420000.0,0.009494927536231846,-0.00014946000000000002,1192.5595420058355,1192.6082376580093,-0.05,14.946,0.24,14.756101449275363,long_nclose,3.541464347826087,0.0029696331487730093,6.0
1712298600000.0,137190,1712298600000.0,0.014333913043478183,-0.00017994,1192.573695978879,1192.6172377180094,-0.06,14.995,0.18,14.756101449275363,long_nclose,2.656098260869565,0.002227198427925586,3.0
1712299680000.0,137208,1712299680000.0,0.005696956521739107,-8.9676e-05,1192.5793032594006,1192.6056880420092,-0.03,14.946,0.15,14.756101449275363,long_nclose,2.2134152173913044,0.00185598996338599,18.0
1712299920000.0,137212,1712299920000.0,0.005696956521739107,-8.9676e-05,1192.5849105399222,1192.6100983660092,-0.03,14.946,0.12,14.756101449275363,long_nclose,1.7707321739130435,0.0014847849895328418,4.0
1712300040000.0,137214,1712300040000.0,0.003797971014492738,-5.978400000000001e-05,1192.5886487269368,1192.6084385820093,-0.02,14.946,0.1,14.756101449275363,long_nclose,1.4756101449275363,0.0012373169462100105,2.0
1712300760000.0,137226,1712300760000.0,0.0,-0.0074843999999999996,1192.5811643269367,1192.540774182009,2.52,14.85,2.62,14.846416085850203,long_ientry_partial,38.89761014492753,0.032616321059271786,12.0
1712305320000.0,137302,1712305320000.0,0.060881083084412514,-0.0012889680000000001,1192.6407564420213,1193.0668952140093,-0.43,14.988,2.19,14.846416085850203,long_nclose,32.513651228011945,0.027261898482330252,76.0
1712305320000.0,137302,1712305320000.0,0.08195108308441305,-0.0012931820000000001,1192.7214143431058,1193.0638820320096,-0.43,15.037,1.76,14.846416085850203,long_nclose,26.129692311096356,0.021907624024246557,0.0
1712307900000.0,137345,1712307900000.0,0.0,-0.002553856,1192.7188604871058,1192.7661881760093,0.86,14.848,2.62,14.846935996601662,long_ientry_partial,38.89897231109636,0.032613697661500914,43.0
1712318580000.0,137523,1712318580000.0,0.0,-0.007768784000000001,1192.7110917031057,1191.8022993920094,2.68,14.494,5.3,14.668470247376671,long_rentry,77.74289231109636,0.06518166289548384,178.0
1712321820000.0,137577,1712321820000.0,0.12366618230852865,-0.0026063840000000002,1192.8321515014143,1193.4886530080094,-0.88,14.809,4.42,14.668470247376671,long_nclose,64.83463849340488,0.05435353030331863,54.0
1712322060000.0,137581,1712322060000.0,0.10258671941502945,-0.0021621139999999997,1192.9325761068294,1193.3699508940094,-0.73,14.809,3.69,14.668470247376671,long_nclose,54.12665521281992,0.04537276984208433,4.0
1712323920000.0,137612,1712323920000.0,0.08572314910023009,-0.0018066979999999998,1193.0164925579295,1193.4308441960093,-0.61,14.809,3.08,14.668470247376671,long_nclose,45.17888836192015,0.03786945833837783,31.0
1712323980000.0,137613,1712323980000.0,0.07167017383789728,-0.001510518,1193.0866522137674,1193.4735136780093,-0.51,14.809,2.57,14.668470247376671,long_nclose,37.697968535758044,0.03159700803442032,1.0
1712324580000.0,137623,1712324580000.0,0.09615017383789731,-0.001515414,1193.1812869736052,1193.6005582640094,-0.51,14.857,2.06,14.668470247376671,long_nclose,30.217048709595943,0.025324775907472296,10.0
1712324820000.0,137627,1712324820000.0,0.12114017383789795,-0.0015204120000000003,1193.300906735443,1193.6985278520092,-0.51,14.906,1.55,14.668470247376671,long_nclose,22.736128883433842,0.019053139702737594,4.0
1712324940000.0,137629,1712324940000.0,0.09026130599686515,-0.0011328560000000002,1193.39003518544,1193.6890049960093,-0.38,14.906,1.17,14.668470247376671,long_nclose,17.162110189430706,0.01438097326392029,2.0
1712325000000.0,137630,1712325000000.0,0.11135660352309845,-0.0011664120000000001,1193.500225376963,1193.7291785840093,-0.39,14.954,0.78,14.668470247376671,long_nclose,11.441406792953805,0.009586430358100749,1.0
1712325120000.0,137632,1712325120000.0,0.07423773568206564,-0.000777608,1193.5736855046453,1193.7263209760094,-0.26,14.954,0.52,14.668470247376671,long_nclose,7.627604528635869,0.006390560232073903,2.0
1712325240000.0,137634,1712325240000.0,0.048540057945966,-0.000508436,1193.6217171265912,1193.7244525400095,-0.17,14.954,0.35,14.668470247376671,long_nclose,5.133964586581834,0.004301165530852472,2.0
1712325660000.0,137641,1712325660000.0,0.03140827278856623,-0.00032898800000000006,1193.6527964113798,1193.7198835520094,-0.11,14.954,0.24,14.668470247376671,long_nclose,3.520432859370401,0.0029492938566007608,7.0
1712325840000.0,137644,1712325840000.0,0.014251785157399758,-0.000178872,1193.6668693245372,1193.7099846800095,-0.06,14.906,0.18,14.668470247376671,long_nclose,2.6403246445278006,0.0022119443140965174,3.0
1712326080000.0,137648,1712326080000.0,0.009501190104933173,-0.00011924800000000001,1193.676251266642,1193.7092254320094,-0.04,14.906,0.14,14.668470247376671,long_nclose,2.053585834632734,0.0017203876113423707,4.0
1712326140000.0,137649,1712326140000.0,0.007125892578699879,-8.9436e-05,1193.6832877232207,1193.7133759960093,-0.03,14.906,0.11,14.668470247376671,long_nclose,1.6135317272114338,0.0013517251550777874,1.0
1712326200000.0,137650,1712326200000.0,0.00856589257869988,-8.972400000000001e-05,1193.6917638917994,1193.7161262720092,-0.03,14.954,0.08,14.668470247376671,long_nclose,1.1734776197901338,0.0009830658594512194,1.0
1712326260000.0,137651,1712326260000.0,0.013381190104933154,-0.000120024,1193.7050250579043,1193.7185662480092,-0.04,15.003,0.04,14.668470247376671,long_nclose,0.5867388098950669,0.000491527469164005,1.0
1712326620000.0,137657,1712326620000.0,0.015341190104933134,-0.000120416,1193.7202458320091,1193.7202458320091,-0.04,15.052,0.0,14.668470247376671,long_nclose,0.0,0.0,6.0
1712355960000.0,138146,1712355960000.0,0.0,-0.0077726880000000016,1193.7124731440092,1193.7074331440092,2.52,15.422,2.52,15.422,long_ientry_normal,38.863440000000004,0.032556784715201285,489.0
1712497020000.0,140497,1712497020000.0,0.0617400000000001,-0.0013077960000000002,1193.7729053480093,1193.9934053480092,-0.42,15.569,2.1,15.422,long_nclose,32.3862,0.02712928049791745,2351.0
1712561820000.0,141577,1712561820000.0,0.05145000000000008,-0.0010898300000000002,1193.8232655180093,1194.0770155180094,-0.35,15.569,1.75,15.422,long_nclose,26.988500000000002,0.022606780064961692,1080.0
1712561880000.0,141578,1712561880000.0,0.042630000000000064,-0.0009030020000000001,1193.8649925160091,1194.123412516009,-0.29,15.569,1.46,15.422,long_nclose,22.51612,0.018859854456866547,1.0
1712562480000.0,141588,1712562480000.0,0.057419999999999596,-0.00090596,1193.9215065560093,1194.1660365560092,-0.29,15.62,1.17,15.422,long_nclose,18.04374,0.015113003577638067,10.0
1712563200000.0,141600,1712563200000.0,0.045539999999999685,-0.00071852,1193.9663280360094,1194.1703080360094,-0.23,15.62,0.94,15.422,long_nclose,14.49668,0.01214161543721758,12.0
1712563440000.0,141604,1712563440000.0,0.0575,-0.0007209120000000001,1194.0231071240094,1194.2034471240092,-0.23,15.672,0.71,15.422,long_nclose,10.94962,0.009170358542200966,4.0
1712563920000.0,141612,1712563920000.0,0.06923000000000004,-0.0007232580000000001,1194.0916138660093,1194.2375338660092,-0.23,15.723,0.48,15.422,long_nclose,7.40256,0.0061993233300025935,8.0
1712564100000.0,141615,1712564100000.0,0.08447999999999964,-0.000757152,1194.1753367140093,1194.2557367140093,-0.24,15.774,0.24,15.422,long_nclose,3.70128,0.003099444349759178,3.0
1712564160000.0,141616,1712564160000.0,0.04223999999999982,-0.000378576,1194.2171981380093,1194.2623181380093,-0.12,15.774,0.12,15.422,long_nclose,1.85064,0.0015496678517822949,1.0
1712564760000.0,141626,1712564760000.0,0.02111999999999991,-0.000189288,1194.2381288500094,1194.2635088500094,-0.06,15.774,0.06,15.422,long_nclose,0.92532,0.0007748203458308907,10.0
1712564760000.0,141626,1712564760000.0,0.02417999999999992,-0.00018989999999999998,1194.2621189500094,1194.2621189500094,-0.06,15.825,0.0,15.422,long_nclose,0.0,0.0,0.0
1712630040000.0,142714,1712630040000.0,0.0,-0.007778880000000001,1194.2543400700094,1194.2376900700094,1.85,21.024,1.85,21.024,long_ientry_normal,38.894400000000005,0.03256793690841429,1088.0
1712631900000.0,142745,1712631900000.0,0.06030000000000015,-0.0012735000000000001,1194.3133665700095,1194.5520665700096,-0.3,21.225,1.55,21.024,long_nclose,32.5872,0.027285301255221085,31.0
1712639460000.0,142871,1712639460000.0,0.05025000000000013,-0.0010612500000000001,1194.3625553200095,1194.7343553200094,-0.25,21.225,1.3,21.024,long_nclose,27.331200000000003,0.022883503738675953,126.0
1712639460000.0,142871,1712639460000.0,0.0674999999999999,-0.0010647,1194.4289906200097,1194.7292906200098,-0.25,21.294,1.05,21.024,long_nclose,22.075200000000002,0.018481801909832334,0.0
1712639640000.0,142874,1712639640000.0,0.03417000000000009,-0.0007216500000000001,1194.4624389700095,1194.6146789700094,-0.17,21.225,0.88,21.024,long_nclose,18.50112,0.015489076421652573,3.0
1712639700000.0,142875,1712639700000.0,0.028140000000000075,-0.0005943000000000002,1194.4899846700093,1194.6809046700093,-0.14,21.225,0.74,21.024,long_nclose,15.55776,0.013024604810142462,1.0
1712639820000.0,142877,1712639820000.0,0.02412000000000006,-0.0005094,1194.5135952700093,1194.6251952700093,-0.12,21.225,0.62,21.024,long_nclose,13.034880000000001,0.010912291037636605,2.0
1712639880000.0,142878,1712639880000.0,0.020100000000000052,-0.0004245,1194.5332707700093,1194.6518307700092,-0.1,21.225,0.52,21.024,long_nclose,10.93248,0.00915209334684567,1.0
1712640000000.0,142880,1712640000000.0,0.016080000000000042,-0.00033960000000000007,1194.5490111700094,1194.6440511700093,-0.08,21.225,0.44,21.024,long_nclose,9.25056,0.0077439769431808195,2.0
1712640180000.0,142883,1712640180000.0,0.021599999999999966,-0.00034070400000000005,1194.5702704660093,1194.7034704660093,-0.08,21.294,0.36,21.024,long_nclose,7.56864,0.006335868376372221,3.0
1712640180000.0,142883,1712640180000.0,0.027199999999999988,-0.00034182400000000007,1194.5971286420092,1194.7007286420092,-0.08,21.364,0.28,21.024,long_nclose,5.88672,0.004927786831943828,0.0
1712640300000.0,142885,1712640300000.0,0.03690000000000001,-0.000385812,1194.6336428300092,1194.7168628300092,-0.09,21.434,0.19,21.024,long_nclose,3.9945600000000003,0.0033437531447190355,2.0
1712640300000.0,142885,1712640300000.0,0.043109999999999926,-0.000387054,1194.6763657760093,1194.7201657760093,-0.09,21.503,0.1,21.024,long_nclose,2.1024000000000003,0.0017598071412707438,0.0
1712640420000.0,142887,1712640420000.0,0.012300000000000004,-0.00012860400000000002,1194.6885371720093,1194.7181471720094,-0.03,21.434,0.07,21.024,long_nclose,1.47168,0.0012318524487425545,2.0
1712640480000.0,142888,1712640480000.0,0.014369999999999975,-0.000129018,1194.7027781540094,1194.7238981540095,-0.03,21.503,0.04,21.024,long_nclose,0.84096,0.0007039072942471987,1.0
1712640540000.0,142889,1712640540000.0,0.02195999999999998,-0.000172584,1194.7245655700094,1194.7245655700094,-0.04,21.573,0.0,21.024,long_nclose,0.0,0.0,1.0
1712644380000.0,142953,1712644380000.0,0.0,-0.007778140000000001,1194.7167874300094,1194.6094874300095,1.85,21.022,1.85,21.022,long_ientry_normal,38.8907,0.03255223364163062,64.0
1712646420000.0,142987,1712646420000.0,0.06030000000000015,-0.00127338,1194.7758140500096,1195.0315640500096,-0.3,21.223,1.55,21.022,long_nclose,32.5841,0.027272145633369955,34.0
1712646600000.0,142990,1712646600000.0,0.05025000000000013,-0.00106115,1194.8250029000096,1195.0369029000096,-0.25,21.223,1.3,21.022,long_nclose,27.328599999999998,0.02287247080841932,3.0
1712647440000.0,143004,1712647440000.0,0.0,-0.00231011,1194.8226927900096,1194.8360927900096,0.55,21.001,1.85,21.01575675675676,long_ientry_partial,38.87915,0.03253968160682819,14.0
1712649120000.0,143032,1712649120000.0,0.06007297297297284,-0.00127296,1194.8814928029824,1195.1655198300093,-0.3,21.216,1.55,21.01575675675676,long_nclose,32.574422972972975,0.027261634872726242,28.0
1712649180000.0,143033,1712649180000.0,0.05006081081081071,-0.0010608000000000002,1194.9304928137933,1195.1180090300095,-0.25,21.216,1.3,21.01575675675676,long_nclose,27.320483783783786,0.0228636593911418,1.0
1712649540000.0,143039,1712649540000.0,0.0,-0.00235088,1194.9281419337933,1194.9188381500096,0.56,20.99,1.86,21.008002034292357,long_ientry_partial,39.07488378378378,0.03270061388005102,6.0
1712651640000.0,143074,1712651640000.0,0.0619993693693689,-0.0013148959999999999,1194.9888264071628,1195.2988232540097,-0.31,21.208,1.55,21.008002034292357,long_nclose,32.562403153153156,0.02724912771867067,35.0
1712651640000.0,143074,1712651640000.0,0.08369936936936899,-0.0013192359999999999,1195.0712065405323,1195.3192040180097,-0.31,21.278,1.24,21.008002034292357,long_nclose,26.04992252252252,0.02179779947835184,0.0
1712651700000.0,143075,1712651700000.0,0.039999593141528324,-0.0008483200000000001,1195.110357813674,1195.38179569801,-0.2,21.208,1.04,21.008002034292357,long_nclose,21.84832211566405,0.018281426458083092,1.0
1712651700000.0,143075,1712651700000.0,0.053999593141528385,-0.0008511200000000001,1195.1635062868154,1195.3827445780098,-0.2,21.278,0.84,21.008002034292357,long_nclose,17.64672170880558,0.014765110895689212,0.0
1712651700000.0,143075,1712651700000.0,0.06799959314152844,-0.00085392,1195.230651959957,1195.3976906580099,-0.2,21.348,0.64,21.008002034292357,long_nclose,13.44512130194711,0.011248976320929856,0.0
1712651700000.0,143075,1712651700000.0,0.08179959314152896,-0.0008566800000000001,1195.3115948730986,1195.42643397801,-0.2,21.417,0.44,21.008002034292357,long_nclose,9.243520895088636,0.007733147519638998,0.0
1712651760000.0,143076,1712651760000.0,0.02159983725661135,-0.00034044800000000003,1195.332854262355,1195.44049353001,-0.08,21.278,0.36,21.008002034292357,long_nclose,7.562880732345248,0.006327008167956978,1.0
1712651760000.0,143076,1712651760000.0,0.027199837256611376,-0.00034156800000000005,1195.3597125316116,1195.4434319620098,-0.08,21.348,0.28,21.008002034292357,long_nclose,5.88224056960186,0.004920895783867488,0.0
1712651760000.0,143076,1712651760000.0,0.03271983725661158,-0.0003426720000000001,1195.3920896968682,1195.4518892900098,-0.08,21.417,0.2,21.008002034292357,long_nclose,4.201600406858471,0.003514830358233279,0.0
1712651820000.0,143077,1712651820000.0,0.01699989828538211,-0.00021348,1195.4088761151536,1195.4520758100098,-0.05,21.348,0.15,21.008002034292357,long_nclose,3.1512003051438535,0.002636085751165444,1.0
1712652720000.0,143092,1712652720000.0,0.003999959314152832,-8.4832e-05,1195.4127912424676,1195.4368409780095,-0.02,21.208,0.13,21.008002034292357,long_nclose,2.7310402644580063,0.0022846001686325145,15.0
1712652840000.0,143094,1712652840000.0,0.003999959314152832,-8.4832e-05,1195.4167063697817,1195.4423361460094,-0.02,21.208,0.11,21.008002034292357,long_nclose,2.310880223772159,0.0019331168884110675,2.0
1712652840000.0,143094,1712652840000.0,0.005399959314152838,-8.511200000000001e-05,1195.4220212170958,1195.4429910340095,-0.02,21.278,0.09,21.008002034292357,long_nclose,1.890720183086312,0.0015816340585405244,0.0
1712652900000.0,143095,1712652900000.0,0.002699979657076419,-4.2556000000000004e-05,1195.424678640753,1195.4418784780096,-0.01,21.278,0.08,21.008002034292357,long_nclose,1.6806401627433887,0.0014058938156223657,1.0
1712653020000.0,143097,1712653020000.0,0.002699979657076419,-4.2556000000000004e-05,1195.4273360644102,1195.4467259220096,-0.01,21.278,0.07,21.008002034292357,long_nclose,1.470560142400465,0.0012301543540420015,2.0
1712653140000.0,143099,1712653140000.0,0.003399979657076422,-4.2696000000000006e-05,1195.4306933480673,1195.4513932260097,-0.01,21.348,0.06,21.008002034292357,long_nclose,1.2604801220575415,0.0010544150564908861,2.0
1712653200000.0,143100,1712653200000.0,0.008179959314152895,-8.566800000000002e-05,1195.4387876393814,1195.4549875580096,-0.02,21.417,0.04,21.008002034292357,long_nclose,0.8403200813716943,0.0007029386113788932,1.0
1712653200000.0,143100,1712653200000.0,0.009579959314152831,-8.5948e-05,1195.4482816506954,1195.4563816100097,-0.02,21.487,0.02,21.008002034292357,long_nclose,0.42016004068584717,0.0003514665143904703,0.0
1712653260000.0,143101,1712653260000.0,0.004089979657076448,-4.283400000000001e-05,1195.4523287963525,1195.4564587760096,-0.01,21.417,0.01,21.008002034292357,long_nclose,0.21008002034292358,0.00017573266225884873,1.0
1712653380000.0,143103,1712653380000.0,0.004089979657076448,-4.283400000000001e-05,1195.4563759420096,1195.4563759420096,-0.01,21.417,0.0,21.008002034292357,long_nclose,0.0,0.0,2.0
1712655540000.0,143139,1712655540000.0,0.0,-0.00779553,1195.4485804120095,1195.3468304120095,1.85,21.069,1.85,21.069,long_ientry_normal,38.97765,0.03260504101863286,36.0
1712655660000.0,143141,1712655660000.0,0.0,-0.007774704,1195.4408057080095,1194.3082557080095,1.89,20.568,3.74,20.81582085561497,long_rentry,77.85117,0.06512340019537145,2.0
1712655900000.0,143145,1712655900000.0,0.0,-0.007802218000000001,1195.4330034900095,1193.5866934900096,1.93,20.213,5.67,20.6106278659612,long_rentry,116.86225999999999,0.09775726423716445,4.0
1712657340000.0,143169,1712657340000.0,0.0,-0.007803936000000001,1195.4251995540094,1190.2662795540093,1.96,19.908,7.63,20.43013630406291,long_rentry,155.88194,0.13039874017893935,24.0
1712665320000.0,143302,1712665320000.0,0.0,-0.009971024,1195.4152285300095,1189.3966285300096,2.54,19.628,10.17,20.229799410029496,long_rentry,205.73705999999999,0.17210510213509062,133.0
1712689980000.0,143713,1712689980000.0,0.0,-0.013048152,1195.4021803780095,1185.0044103780094,3.38,19.302,13.55,19.998363099630993,long_rentry,270.97781999999995,0.22668339111972466,411.0
1712704620000.0,143957,1712704620000.0,0.0,-0.017055016000000003,1195.3851253620094,1180.7010053620093,4.51,18.908,18.06,19.72607419712071,long_rentry,356.2529,0.2980235343752606,244.0
1712713980000.0,144113,1712713980000.0,0.5656566666666684,-0.011988228,1195.938793800676,1198.7068771340093,-3.01,19.914,15.05,19.72607419712071,long_nclose,296.8774166666667,0.24823796853616115,156.0
1712714100000.0,144115,1712714100000.0,0.4698145071982296,-0.009957,1196.3986513078742,1198.7194701340093,-2.5,19.914,12.55,19.72607419712071,long_nclose,247.56223117386492,0.20692286045561473,2.0
1712725320000.0,144302,1712725320000.0,0.3927649280177199,-0.008324052,1196.7830921838918,1199.4182360820091,-2.09,19.914,10.46,19.72607419712071,long_nclose,206.33473610188264,0.1724077967423175,187.0
1712725320000.0,144302,1712725320000.0,0.5307049280177177,-0.008351639999999999,1197.3054454719095,1199.4140644420092,-2.09,19.98,8.37,19.72607419712071,long_nclose,165.10724102990034,0.137899014536616,0.0
1712725380000.0,144303,1712725380000.0,0.4240560908084156,-0.00667332,1197.722828242718,1198.9618311220092,-1.67,19.98,6.7,19.72607419712071,long_nclose,132.16469712070875,0.11034664615570443,1.0
1712725440000.0,144304,1712725440000.0,0.20859764119601396,-0.004420908000000001,1197.927004975914,1199.9948902140093,-1.11,19.914,5.59,19.72607419712071,long_nclose,110.26875476190476,0.0920496443471711,1.0
1712725440000.0,144304,1712725440000.0,0.2818576411960128,-0.004435560000000001,1198.20442705711,1199.8616946540092,-1.11,19.98,4.48,19.72607419712071,long_nclose,88.37281240310078,0.07375436979493706,0.0
1712725440000.0,144304,1712725440000.0,0.35400764119601424,-0.004449990000000001,1198.553984708306,1199.800634664009,-1.11,20.045,3.37,19.72607419712071,long_nclose,66.47687004429679,0.055464226803664064,0.0
1712725500000.0,144305,1712725500000.0,0.43111689922480595,-0.004504864000000001,1198.980596743531,1199.6419298000094,-1.12,20.111,2.25,19.72607419712071,long_nclose,44.3836669435216,0.03701783587163048,1.0
1712725620000.0,144307,1712725620000.0,0.11426661129568086,-0.0017982,1199.0930651548267,1199.5609316000096,-0.45,19.98,1.8,19.72607419712071,long_nclose,35.50693355481728,0.029611491039882407,2.0
1712725680000.0,144308,1712725680000.0,0.14351661129568144,-0.0018040500000000002,1199.2347777161224,1199.6531775500093,-0.45,20.045,1.35,19.72607419712071,long_nclose,26.63020016611296,0.022205993906238054,1.0
1712725740000.0,144309,1712725740000.0,0.10524551495016639,-0.0013229700000000001,1199.3387002610725,1199.6935845800094,-0.33,20.045,1.02,19.72607419712071,long_nclose,20.120595681063126,0.016776408262889595,1.0
1712725800000.0,144310,1712725800000.0,0.13087477297895894,-0.0013675480000000003,1199.4682074860516,1199.7299570320095,-0.34,20.111,0.68,19.72607419712071,long_nclose,13.413730454042083,0.011183064603400978,1.0
1712725860000.0,144311,1712725860000.0,0.08468367663344402,-0.0008848840000000002,1199.552006278685,1199.7166521480094,-0.22,20.111,0.46,19.72607419712071,long_nclose,9.073994130675526,0.007564485810686409,1.0
1712725980000.0,144313,1712725980000.0,0.05773887043189365,-0.00060333,1199.6091418191168,1199.7275388180094,-0.15,20.111,0.31,19.72607419712071,long_nclose,6.11508300110742,0.00509756285437635,2.0
1712726040000.0,144314,1712726040000.0,0.0384925802879291,-0.00040222000000000006,1199.6472321794047,1199.7352065980094,-0.1,20.111,0.21,19.72607419712071,long_nclose,4.142475581395349,0.0034530780968582693,1.0
1712726160000.0,144316,1712726160000.0,0.04499258028792888,-0.00040352,1199.6918212396927,1199.7353730780094,-0.1,20.176,0.11,19.72607419712071,long_nclose,2.169868161683278,0.001808687967415716,2.0
1712726280000.0,144318,1712726280000.0,0.006378516057585841,-8.018000000000001e-05,1199.6981195757503,1199.7255628980095,-0.02,20.045,0.09,19.72607419712071,long_nclose,1.7753466777408637,0.00147982784066435,2.0
1712726640000.0,144324,1712726640000.0,0.006378516057585841,-8.018000000000001e-05,1199.704417911808,1199.7273027180095,-0.02,20.045,0.07,19.72607419712071,long_nclose,1.3808251937984497,0.0011509711668828383,6.0
1712726820000.0,144327,1712726820000.0,0.0076985160575858205,-8.0444e-05,1199.7120359838655,1199.7322322740094,-0.02,20.111,0.05,19.72607419712071,long_nclose,0.9863037098560355,0.0008221170416509016,3.0
1712726880000.0,144328,1712726880000.0,0.008998516057585774,-8.0704e-05,1199.720953795923,1199.7349315700094,-0.02,20.176,0.03,19.72607419712071,long_nclose,0.5917822259136213,0.000493266558395283,1.0
1712726940000.0,144329,1712726940000.0,0.0154477740863787,-0.00012144599999999999,1199.7362801240092,1199.7362801240092,-0.03,20.241,0.0,19.72607419712071,long_nclose,0.0,0.0,1.0
1712742120000.0,144582,1712742120000.0,0.0,-0.007826022,1199.7284541020092,1199.5294841020093,1.97,19.863,1.97,19.863,long_ientry_normal,39.13011,0.03261580557351096,253.0
1712742540000.0,144589,1712742540000.0,0.0,-0.00783356,1199.720620542009,1198.792800542009,2.02,19.39,3.99,19.62353634085213,long_rentry,78.29791,0.06526345272337372,7.0
1712760540000.0,144889,1712760540000.0,0.0,-0.00781255,1199.7128079920092,1197.3597879920092,2.05,19.055,6.04,19.430572847682118,long_rentry,117.36066,0.09782396188336909,300.0
1712761860000.0,144911,1712761860000.0,0.0,-0.007807488000000001,1199.7050005040091,1195.987260504009,2.08,18.768,8.12,19.260849753694583,long_rentry,156.3981,0.1303637977121838,22.0
1712769780000.0,145043,1712769780000.0,0.24860283251231385,-0.005250150000000001,1199.9483531865214,1200.910710354009,-1.35,19.445,6.77,19.260849753694583,long_nclose,130.3959528325123,0.10866797098911757,132.0
1712776500000.0,145155,1712776500000.0,0.2062482758620678,-0.004355680000000001,1200.1502457823835,1201.331944674009,-1.12,19.445,5.65,19.260849753694583,long_nclose,108.8238011083744,0.0906751479581889,112.0
1712776560000.0,145156,1712776560000.0,0.280409778325122,-0.004409034,1200.4262465267086,1201.891405640009,-1.13,19.509,4.52,19.260849753694583,long_nclose,87.0590408866995,0.0725234400185722,1.0
1712776560000.0,145156,1712776560000.0,0.3515997783251207,-0.004423272,1200.7734230330339,1201.8722923680093,-1.13,19.572,3.39,19.260849753694583,long_nclose,65.29428066502464,0.054376853628303835,0.0
1712776680000.0,145158,1712776680000.0,0.2613662068965499,-0.0032880959999999995,1201.0315011439304,1201.8835842720093,-0.84,19.572,2.55,19.260849753694583,long_nclose,49.11516687192118,0.040894153754619356,2.0
1712776740000.0,145159,1712776740000.0,0.3188777093596041,-0.00333812,1201.34704073329,1201.9592961520093,-0.85,19.636,1.7,19.260849753694583,long_nclose,32.74344458128079,0.027255608472048616,1.0
1712776800000.0,145160,1712776800000.0,0.2100841379310333,-0.0021992320000000006,1201.554925639221,1201.8982369200091,-0.56,19.636,1.14,19.260849753694583,long_nclose,21.95736871921182,0.01827412817398307,1.0
1712776860000.0,145161,1712776860000.0,0.08712206896551664,-0.0010960320000000003,1201.6409516761864,1201.904240888009,-0.28,19.572,0.86,19.260849753694583,long_nclose,16.56433078817734,0.013784758887479254,1.0
1712776920000.0,145162,1712776920000.0,0.06534155172413747,-0.0008220239999999999,1201.7054712039105,1201.905118864009,-0.21,19.572,0.65,19.260849753694583,long_nclose,12.519552339901479,0.010418153732260996,1.0
1712776980000.0,145163,1712776980000.0,0.04978403940886665,-0.000626304,1201.7546289393194,1201.922282560009,-0.16,19.572,0.49,19.260849753694583,long_nclose,9.437816379310345,0.007853363866499315,1.0
1712777400000.0,145170,1712777400000.0,0.022333522167487595,-0.00035116199999999997,1201.7766112994868,1201.867871398009,-0.09,19.509,0.4,19.260849753694583,long_nclose,7.704339901477834,0.006410792013290302,7.0
1712777580000.0,145173,1712777580000.0,0.011049014778325058,-0.00023334,1201.7874269742651,1201.844938058009,-0.06,19.445,0.34,19.260849753694583,long_nclose,6.548688916256158,0.0054491241706062475,3.0
1712777640000.0,145174,1712777640000.0,0.009207512315270883,-0.00019445,1201.7964400365804,1201.851003608009,-0.05,19.445,0.29,19.260849753694583,long_nclose,5.585646428571429,0.004647747524032782,1.0
1712777760000.0,145176,1712777760000.0,0.012407512315270887,-0.00019509,1201.8086524588957,1201.873248518009,-0.05,19.509,0.24,19.260849753694583,long_nclose,4.6226039408867,0.003846372657934248,2.0
1712777880000.0,145178,1712777880000.0,0.009926009852216708,-0.00015607200000000002,1201.818422396748,1201.872052446009,-0.04,19.509,0.2,19.260849753694583,long_nclose,3.852169950738917,0.003205284491359899,2.0
1712778000000.0,145180,1712778000000.0,0.015557512315270828,-0.00019572,1201.8337841890634,1201.8854067260093,-0.05,19.572,0.15,19.260849753694583,long_nclose,2.889127463054187,0.0024039326411543875,2.0
1712778240000.0,145184,1712778240000.0,0.009334507389162496,-0.00011743199999999998,1201.8430012644526,1201.8785392940092,-0.03,19.572,0.12,19.260849753694583,long_nclose,2.31130197044335,0.0019231313640896868,4.0
1712778300000.0,145185,1712778300000.0,0.009334507389162496,-0.00011743199999999998,1201.8522183398418,1201.8809418620092,-0.03,19.572,0.09,19.260849753694583,long_nclose,1.7334764778325125,0.0014423374616115623,1.0
1712778360000.0,145186,1712778360000.0,0.011254507389162498,-0.000117816,1201.8633550312309,1201.8847840460091,-0.03,19.636,0.06,19.260849753694583,long_nclose,1.155650985221675,0.0009615493977613162,1.0
1712778720000.0,145192,1712778720000.0,0.002481502463054177,-3.9018000000000005e-05,1201.8657975156939,1201.8795550280092,-0.01,19.509,0.05,19.260849753694583,long_nclose,0.9630424876847292,0.0008012895363819968,6.0
1712778900000.0,145195,1712778900000.0,0.002481502463054177,-3.9018000000000005e-05,1201.868240000157,1201.877566010009,-0.01,19.509,0.04,19.260849753694583,long_nclose,0.7704339901477834,0.0006410303263756123,3.0
1712779020000.0,145197,1712779020000.0,0.002481502463054177,-3.9018000000000005e-05,1201.87068248462,1201.878426992009,-0.01,19.509,0.03,19.260849753694583,long_nclose,0.5778254926108375,0.0004807717677381916,2.0
1712779140000.0,145199,1712779140000.0,0.002481502463054177,-3.9018000000000005e-05,1201.873124969083,1201.878307974009,-0.01,19.509,0.02,19.260849753694583,long_nclose,0.3852169950738917,0.0003205138604657634,2.0
1712779260000.0,145201,1712779260000.0,0.002481502463054177,-3.9018000000000005e-05,1201.875567453546,1201.878428956009,-0.01,19.509,0.01,19.260849753694583,long_nclose,0.19260849753694584,0.00016025660455435659,2.0
1712779260000.0,145201,1712779260000.0,0.0031115024630541657,-3.9144e-05,1201.878639812009,1201.878639812009,-0.01,19.572,0.0,19.260849753694583,long_nclose,0.0,0.0,0.0
1712833260000.0,146101,1712833260000.0,0.0,-0.007855240000000001,1201.870784572009,1201.8965845720088,1.72,22.835,1.72,22.835,long_ientry_normal,39.2762,0.03267922018254767,900.0
1712833740000.0,146109,1712833740000.0,0.06104,-0.0012909680000000002,1201.930533604009,1202.215653604009,-0.28,23.053,1.44,22.835,long_nclose,32.8824,0.027357987072182587,8.0
1712834100000.0,146115,1712834100000.0,0.05231999999999999,-0.001106544,1201.981747060009,1202.273347060009,-0.24,23.053,1.2,22.835,long_nclose,27.402,0.02279735118026876,6.0
1712834280000.0,146118,1712834280000.0,0.0436,-0.0009221200000000002,1202.0244249400089,1202.216424940009,-0.2,23.053,1.0,22.835,long_nclose,22.835,0.018997118133551788,3.0
1712834400000.0,146120,1712834400000.0,0.034879999999999994,-0.000737696,1202.0585672440088,1202.2568072440088,-0.16,23.053,0.84,22.835,long_nclose,19.1814,0.01595712598594734,2.0
1712834520000.0,146122,1712834520000.0,0.04704000000000008,-0.0007401280000000002,1202.1048671160088,1202.3136271160088,-0.16,23.129,0.68,22.835,long_nclose,15.527800000000001,0.0129171758843744,2.0
1712834520000.0,146122,1712834520000.0,0.05903999999999997,-0.0007425280000000001,1202.1631645880088,1202.322804588009,-0.16,23.204,0.52,22.835,long_nclose,11.8742,0.009877361368054715,0.0
1712834700000.0,146125,1712834700000.0,0.04796999999999997,-0.0006033040000000001,1202.210531284009,1202.347811284009,-0.13,23.204,0.39,22.835,long_nclose,8.905650000000001,0.007407729152470833,3.0
1712834760000.0,146126,1712834760000.0,0.033209999999999976,-0.00041767199999999995,1202.2433236120091,1202.3510236120092,-0.09,23.204,0.3,22.835,long_nclose,6.8505,0.005698097768942829,1.0
1712834940000.0,146129,1712834940000.0,0.025829999999999985,-0.00032485600000000005,1202.2688287560093,1202.3550787560093,-0.07,23.204,0.23,22.835,long_nclose,5.2520500000000006,0.004368448947839986,3.0
1712835300000.0,146135,1712835300000.0,0.01844999999999999,-0.00023204000000000003,1202.2870467160094,1202.3534667160095,-0.05,23.204,0.18,22.835,long_nclose,4.1103,0.0034187343290664994,6.0
1712835720000.0,146142,1712835720000.0,0.008820000000000014,-0.000138774,1202.2957279420093,1202.3423779420093,-0.03,23.129,0.15,22.835,long_nclose,3.42525,0.002848924703294971,7.0
1712835780000.0,146143,1712835780000.0,0.011069999999999993,-0.000139224,1202.3066587180094,1202.3510587180094,-0.03,23.204,0.12,22.835,long_nclose,2.7402,0.0022791190418273233,1.0
1712836140000.0,146149,1712836140000.0,0.00588000000000001,-9.251600000000002e-05,1202.3124462020094,1202.3405462020094,-0.02,23.129,0.1,22.835,long_nclose,2.2835,0.0018992567258314253,6.0
1712836200000.0,146150,1712836200000.0,0.00588000000000001,-9.251600000000002e-05,1202.3182336860093,1202.3414336860094,-0.02,23.129,0.08,22.835,long_nclose,1.8268000000000002,0.0015193980668491442,1.0
1712836260000.0,146151,1712836260000.0,0.002940000000000005,-4.625800000000001e-05,1202.3211274280093,1202.3424074280092,-0.01,23.129,0.07,22.835,long_nclose,1.5984500000000001,0.0013294701087216067,1.0
1712836560000.0,146156,1712836560000.0,0.0021799999999999996,-4.6106e-05,1202.3232613220093,1202.3349613220093,-0.01,23.053,0.06,22.835,long_nclose,1.3701,0.0011395437849996452,5.0
1712836620000.0,146157,1712836620000.0,0.0021799999999999996,-4.6106e-05,1202.3253952160094,1202.3328952160093,-0.01,23.053,0.05,22.835,long_nclose,1.14175,0.0009496181354423389,1.0
1712836740000.0,146159,1712836740000.0,0.0021799999999999996,-4.6106e-05,1202.3275291100094,1202.3392891100095,-0.01,23.053,0.04,22.835,long_nclose,0.9134000000000001,0.0007596931600460981,2.0
1712836740000.0,146159,1712836740000.0,0.002940000000000005,-4.625800000000001e-05,1202.3304228520094,1202.3392428520094,-0.01,23.129,0.03,22.835,long_nclose,0.68505,0.0005697684987251799,0.0
1712836800000.0,146160,1712836800000.0,0.002940000000000005,-4.625800000000001e-05,1202.3333165940094,1202.3404165940094,-0.01,23.129,0.02,22.835,long_nclose,0.45670000000000005,0.00037984475161492465,1.0
1712836800000.0,146160,1712836800000.0,0.003689999999999998,-4.640800000000001e-05,1202.3369601860095,1202.3405101860094,-0.01,23.204,0.01,22.835,long_nclose,0.22835000000000003,0.00018992180026194386,0.0
1712836860000.0,146161,1712836860000.0,0.003689999999999998,-4.640800000000001e-05,1202.3406037780096,1202.3406037780096,-0.01,23.204,0.0,22.835,long_nclose,0.0,0.0,1.0
1712838480000.0,146188,1712838480000.0,0.0,-0.007831458000000001,1202.3327723200096,1202.3139623200095,1.71,22.899,1.71,22.899,long_ientry_normal,39.15729,0.03256776401797855,27.0
1712838600000.0,146190,1712838600000.0,0.06104,-0.0012945520000000002,1202.3925177680096,1202.6556377680097,-0.28,23.117,1.43,22.899,long_nclose,32.74557,0.0272336774523392,2.0
1712838600000.0,146190,1712838600000.0,0.08232000000000014,-0.0012988080000000003,1202.4735389600096,1202.6851389600097,-0.28,23.193,1.15,22.899,long_nclose,26.333849999999998,0.02189973346338707,0.0
1712838660000.0,146191,1712838660000.0,0.04142,-0.0008784460000000002,1202.5140805140097,1202.7348805140098,-0.19,23.117,0.96,22.899,long_nclose,21.98304,0.018280900287340866,1.0
1712838720000.0,146192,1712838720000.0,0.05586000000000009,-0.0008813340000000001,1202.5690591800096,1202.8678191800095,-0.19,23.193,0.77,22.899,long_nclose,17.63223,0.014662135089375083,1.0
1712838720000.0,146192,1712838720000.0,0.07029999999999952,-0.0008842219999999999,1202.6384749580097,1202.8635149580098,-0.19,23.269,0.58,22.899,long_nclose,13.281419999999999,0.011043568184914192,0.0
1712838720000.0,146192,1712838720000.0,0.08473999999999961,-0.0008871100000000001,1202.7223278480099,1202.8736478480098,-0.19,23.345,0.39,22.899,long_nclose,8.930610000000001,0.0074253298481447814,0.0
1712838840000.0,146194,1712838840000.0,0.03329999999999977,-0.000418842,1202.7552090060099,1202.88720900601,-0.09,23.269,0.3,22.899,long_nclose,6.8697,0.005711636040784483,2.0
1712838840000.0,146194,1712838840000.0,0.040139999999999815,-0.00042021,1202.79492879601,1202.88732879601,-0.09,23.345,0.21,22.899,long_nclose,4.80879,0.003998013198154708,0.0
1712838900000.0,146195,1712838900000.0,0.03121999999999986,-0.00032683,1202.8258219660102,1202.8871419660102,-0.07,23.345,0.14,22.899,long_nclose,3.2058600000000004,0.0026652736759176362,1.0
1712839200000.0,146200,1712839200000.0,0.01783999999999992,-0.00018676,1202.8434752060102,1202.9057752060103,-0.04,23.345,0.1,22.899,long_nclose,2.2899000000000003,0.001903738971197238,5.0
1712839200000.0,146200,1712839200000.0,0.02087999999999994,-0.000187368,1202.8641678380102,1202.9015478380102,-0.04,23.421,0.06,22.899,long_nclose,1.37394,0.0011422237329335996,0.0
1712839200000.0,146200,1712839200000.0,0.03587999999999994,-0.000281964,1202.8997658740102,1202.8997658740102,-0.06,23.497,0.0,22.899,long_nclose,0.0,0.0,0.0
1712842800000.0,146260,1712842800000.0,0.0,-0.0078302,1202.8919356740103,1202.8290356740104,1.7,23.03,1.7,23.03,long_ientry_normal,39.151,0.03254739585402801,60.0
1712843700000.0,146275,1712843700000.0,0.06159999999999969,-0.0013020000000000002,1202.9522336740104,1203.2475936740104,-0.28,23.25,1.42,23.03,long_nclose,32.7026,0.027185285570417852,15.0
1712843760000.0,146276,1712843760000.0,0.05059999999999974,-0.0010695000000000001,1203.0017641740103,1203.3421041740103,-0.23,23.25,1.19,23.03,long_nclose,27.4057,0.022781097099069468,1.0
1712843760000.0,146276,1712843760000.0,0.06807999999999986,-0.001072996,1203.0687711780104,1203.3433311780104,-0.23,23.326,0.96,23.03,long_nclose,22.1088,0.018377004315681553,0.0
1712843820000.0,146277,1712843820000.0,0.05623999999999988,-0.000886388,1203.1241247900102,1203.3073847900102,-0.19,23.326,0.77,23.03,long_nclose,17.7331,0.014739210721998517,1.0
1712843940000.0,146279,1712843940000.0,0.02639999999999986,-0.000558,1203.1499667900102,1203.2936167900102,-0.12,23.25,0.65,23.03,long_nclose,14.969500000000002,0.012441923628139598,2.0
1712844060000.0,146281,1712844060000.0,0.03847999999999992,-0.0006064760000000001,1203.1878403140101,1203.35476031401,-0.13,23.326,0.52,23.03,long_nclose,11.975600000000002,0.009953225588512088,2.0
1712844300000.0,146285,1712844300000.0,0.02959999999999994,-0.00046652000000000005,1203.2169737940103,1203.3131537940103,-0.1,23.326,0.42,23.03,long_nclose,9.672600000000001,0.008038949092864062,4.0
1712846100000.0,146315,1712846100000.0,0.015399999999999922,-0.00032550000000000005,1203.2320482940104,1203.3114982940103,-0.07,23.25,0.35,23.03,long_nclose,8.0605,0.006699040315148265,30.0
1712846280000.0,146318,1712846280000.0,0.020719999999999957,-0.00032656400000000005,1203.2524417300103,1203.3339217300104,-0.07,23.326,0.28,23.03,long_nclose,6.448400000000001,0.005359141420671984,3.0
1712846340000.0,146319,1712846340000.0,0.01479999999999997,-0.00023326000000000003,1203.2670084700103,1203.3366984700103,-0.05,23.326,0.23,23.03,long_nclose,5.296900000000001,0.004402098588853663,1.0
1712846580000.0,146323,1712846580000.0,0.011839999999999976,-0.00018660800000000003,1203.2786618620103,1203.3179918620103,-0.04,23.326,0.19,23.03,long_nclose,4.3757,0.0036364810070086636,4.0
1712846640000.0,146324,1712846640000.0,0.006599999999999965,-0.0001395,1203.2851223620103,1203.3256023620102,-0.03,23.25,0.16,23.03,long_nclose,3.6848,0.003062283353729875,1.0
1712846700000.0,146325,1712846700000.0,0.008879999999999982,-0.000139956,1203.2938624060102,1203.3433924060103,-0.03,23.326,0.13,23.03,long_nclose,2.9939000000000004,0.0024880871527206473,1.0
1712846700000.0,146325,1712846700000.0,0.011159999999999996,-0.000140412,1203.3048819940102,1203.3429819940102,-0.03,23.402,0.1,23.03,long_nclose,2.3030000000000004,0.0019138956672258096,0.0
1712846760000.0,146326,1712846760000.0,0.013469999999999942,-0.000140874,1203.3182111200103,1203.3505511200103,-0.03,23.479,0.07,23.03,long_nclose,1.6121000000000003,0.001339712126935658,1.0
1712847000000.0,146330,1712847000000.0,0.008979999999999962,-9.3916e-05,1203.3270972040104,1203.3520472040104,-0.02,23.479,0.05,23.03,long_nclose,1.1515000000000002,0.0009569301669309757,4.0
1712847000000.0,146330,1712847000000.0,0.010499999999999971,-9.422e-05,1203.3375029840106,1203.3524729840105,-0.02,23.555,0.03,23.03,long_nclose,0.6909,0.0005741531351650895,0.0
1712847060000.0,146331,1712847060000.0,0.005249999999999986,-4.711e-05,1203.3427058740106,1203.3542058740106,-0.01,23.555,0.02,23.03,long_nclose,0.4606,0.0003827671018003616,1.0
1712847060000.0,146331,1712847060000.0,0.012019999999999982,-9.452400000000002e-05,1203.3546313500105,1203.3546313500105,-0.02,23.631,0.0,23.03,long_nclose,0.0,0.0,0.0
1712852100000.0,146415,1712852100000.0,0.0,-0.007826728,1203.3468046220105,1203.3332846220105,1.69,23.156,1.69,23.156,long_ientry_normal,39.13364,0.03252066640281018,84.0
1712853120000.0,146432,1712853120000.0,0.0,-0.007866540000000002,1203.3389380820106,1202.2465380820106,1.74,22.605,3.43,22.87648396501458,long_rentry,78.46634,0.0652071810499764,17.0
1712857500000.0,146505,1712857500000.0,0.0,-0.007863756,1203.3310743260106,1200.9183543260106,1.77,22.214,5.2,22.650984615384615,long_rentry,117.78512,0.09788255494521474,73.0
1712859960000.0,146546,1712859960000.0,0.0,-0.007832324,1203.3232420020106,1199.6602120020107,1.79,21.878,6.99,22.45303862660944,long_rentry,156.94674,0.13042774752599498,41.0
1712861160000.0,146566,1712861160000.0,0.0,-0.010052086000000002,1203.3131899160105,1197.3061799160105,2.33,21.571,9.32,22.23252896995708,long_rentry,207.20717,0.17219720662620075,20.0
1712865660000.0,146641,1712865660000.0,0.0,-0.01315144,1203.3000384760105,1193.9004884760104,3.1,21.212,12.42,21.977807568438003,long_rentry,272.96437,0.2268464732584166,75.0
1712880240000.0,146884,1712880240000.0,0.43509833333333187,-0.009185832,1203.725950977344,1207.6091926440106,-2.07,22.188,10.35,21.977807568438003,long_nclose,227.47030833333332,0.1889718404331508,243.0
1712880240000.0,146884,1712880240000.0,0.5841383333333374,-0.00921564,1204.3008736706772,1207.4074670040106,-2.07,22.26,8.28,21.977807568438003,long_nclose,181.97624666666664,0.15110530154479407,0.0
1712880240000.0,146884,1712880240000.0,0.735248333333331,-0.009245861999999999,1205.0268761420107,1207.3568211420106,-2.07,22.333,6.21,21.977807568438003,long_nclose,136.482185,0.11326069791651332,0.0
1712880240000.0,146884,1712880240000.0,0.8863583333333317,-0.009276083999999999,1205.903958391344,1207.4572550580108,-2.07,22.406,4.14,21.977807568438003,long_nclose,90.98812333333332,0.07545221383526261,0.0
1712884620000.0,146957,1712884620000.0,0.1450327777777773,-0.003061944,1206.0459292251219,1206.9918931140107,-0.69,22.188,3.45,21.977807568438003,long_nclose,75.8234361111111,0.06286944325563726,73.0
1712884620000.0,146957,1712884620000.0,0.19471277777777915,-0.00307188,1206.2375701228996,1206.9943412340108,-0.69,22.26,2.76,21.977807568438003,long_nclose,60.65874888888888,0.050287563902282166,0.0
1712884680000.0,146958,1712884680000.0,0.15520583735909935,-0.0024486000000000004,1206.3903273602587,1207.0272326340107,-0.55,22.26,2.21,21.977807568438003,long_nclose,48.57095472624798,0.04026139270573202,1.0
1712884740000.0,146959,1712884740000.0,0.19535583735909762,-0.0024566300000000004,1206.5832265676177,1207.1645460040106,-0.55,22.333,1.66,21.977807568438003,long_nclose,36.483160563607086,0.030236754299486815,1.0
1712885040000.0,146964,1712885040000.0,0.05675195652173894,-0.001198152,1206.6387803721395,1206.9253878520108,-0.27,22.188,1.39,21.977807568438003,long_nclose,30.54915252012882,0.02531756232027215,5.0
1712885100000.0,146965,1712885100000.0,0.0483442592592591,-0.0010206479999999999,1206.6861039833989,1206.9705272040108,-0.23,22.188,1.16,21.977807568438003,long_nclose,25.49425677938808,0.02112749678249284,1.0
1712885220000.0,146967,1712885220000.0,0.03993656199677925,-0.0008431440000000001,1206.7251974013955,1206.9572140600105,-0.19,22.188,0.97,21.977807568438003,long_nclose,21.318473341384863,0.017666386172504572,2.0
1712885280000.0,146968,1712885280000.0,0.05361656199677977,-0.00084588,1206.7779680833921,1206.9855981800106,-0.19,22.26,0.78,21.977807568438003,long_nclose,17.142689903381644,0.014205338808602636,1.0
1712885340000.0,146969,1712885340000.0,0.042328864734299816,-0.0006678000000000001,1206.8196291481265,1207.0282803800105,-0.15,22.26,0.63,21.977807568438003,long_nclose,13.846018768115941,0.011473146801473233,1.0
1712885400000.0,146970,1712885400000.0,0.053278864734299346,-0.00066999,1206.8722380228608,1207.0892903900105,-0.15,22.333,0.48,21.977807568438003,long_nclose,10.54934763285024,0.008741064132962858,1.0
1712885400000.0,146970,1712885400000.0,0.06422886473429941,-0.00067218,1206.935794707595,1207.0850182100105,-0.15,22.406,0.33,21.977807568438003,long_nclose,7.252676497584542,0.0060091651348708666,0.0
1712885580000.0,146973,1712885580000.0,0.04710116747181956,-0.000492932,1206.9824029430667,1207.0777052780104,-0.11,22.406,0.22,21.977807568438003,long_nclose,4.8351176650563605,0.0040059553919481895,3.0
1712885640000.0,146974,1712885640000.0,0.055131167471819606,-0.000494538,1207.0370395725386,1207.0928307400104,-0.11,22.479,0.11,21.977807568438003,long_nclose,2.4175588325281803,0.00200288703102627,1.0
1712885760000.0,146976,1712885760000.0,0.025059621578099822,-0.00022479000000000002,1207.0618744041167,1207.0922459500105,-0.05,22.479,0.06,21.977807568438003,long_nclose,1.31866845410628,0.0010924613576725382,2.0
1712885880000.0,146978,1712885880000.0,0.00856384863123992,-8.9624e-05,1207.0703486287478,1207.0883163260103,-0.02,22.406,0.04,21.977807568438003,long_nclose,0.8791123027375202,0.0007283024587060783,2.0
1712886060000.0,146981,1712886060000.0,0.00428192431561996,-4.4812e-05,1207.0745857410634,1207.0867115140102,-0.01,22.406,0.03,21.977807568438003,long_nclose,0.65933422705314,0.000546224926646395,3.0
1712886420000.0,146987,1712886420000.0,0.002101924315619961,-4.4376e-05,1207.076643289379,1207.0827271380103,-0.01,22.188,0.02,21.977807568438003,long_nclose,0.4395561513687601,0.00036414933037800726,6.0
1712886420000.0,146987,1712886420000.0,0.002821924315619988,-4.452000000000001e-05,1207.0794206936946,1207.0824626180101,-0.01,22.26,0.01,21.977807568438003,long_nclose,0.21977807568438004,0.0001820742462480854,0.0
1712886600000.0,146990,1712886600000.0,0.002101924315619961,-4.4376e-05,1207.0814782420102,1207.0814782420102,-0.01,22.188,0.0,21.977807568438003,long_nclose,0.0,0.0,3.0
1712888460000.0,147021,1712888460000.0,0.0,-0.007871040000000001,1207.0736072020102,1207.0844072020102,1.8,21.864,1.8,21.864,long_ientry_normal,39.3552,0.032603811205204905,31.0
1712893800000.0,147110,1712893800000.0,0.06269999999999988,-0.00132438,1207.1349828220102,1207.44698282201,-0.3,22.073,1.5,21.864,long_nclose,32.796,0.02716846124642194,89.0
1712894460000.0,147121,1712894460000.0,0.05224999999999991,-0.00110365,1207.1861291720102,1207.4048791720102,-0.25,22.073,1.25,21.864,long_nclose,27.330000000000002,0.02263942513881038,11.0
1712895900000.0,147145,1712895900000.0,0.04179999999999993,-0.00088292,1207.22704625201,1207.43284625201,-0.2,22.073,1.05,21.864,long_nclose,22.9572,0.019016472561042722,24.0
1712896080000.0,147148,1712896080000.0,0.03552999999999994,-0.0007504820000000001,1207.26182577001,1207.45278577001,-0.17,22.073,0.88,21.864,long_nclose,19.24032,0.01593715595846678,3.0
1712896200000.0,147150,1712896200000.0,0.029259999999999953,-0.0006180440000000001,1207.29046772601,1207.39702772601,-0.14,22.073,0.74,21.864,long_nclose,16.17936,0.013401381384609626,2.0
1712896380000.0,147153,1712896380000.0,0.025079999999999953,-0.000529752,1207.31501797401,1207.4297179740101,-0.12,22.073,0.62,21.864,long_nclose,13.55568,0.011227956082868683,3.0
1712896620000.0,147157,1712896620000.0,0.020899999999999964,-0.00044146,1207.33547651401,1207.56583651401,-0.1,22.073,0.52,21.864,long_nclose,11.369280000000002,0.009416835851479323,4.0
1712896620000.0,147157,1712896620000.0,0.028099999999999882,-0.00044290000000000003,1207.36313361401,1207.54919361401,-0.1,22.145,0.42,21.864,long_nclose,9.18288,0.007605731651349011,0.0
1712896620000.0,147157,1712896620000.0,0.035399999999999925,-0.00044436000000000003,1207.3980892540098,1207.5398492540098,-0.1,22.218,0.32,21.864,long_nclose,6.99648,0.005794675395190306,0.0
1712896620000.0,147157,1712896620000.0,0.04259999999999984,-0.00044580000000000005,1207.4402434540098,1207.5377034540097,-0.1,22.29,0.22,21.864,long_nclose,4.81008,0.0039837002502420005,0.0
1712896740000.0,147159,1712896740000.0,0.017699999999999962,-0.00022218000000000002,1207.4577212740098,1207.5269112740098,-0.05,22.218,0.17,21.864,long_nclose,3.71688,0.0030782692714725075,2.0
1712896800000.0,147160,1712896800000.0,0.02129999999999992,-0.00022290000000000002,1207.47879837401,1207.52595837401,-0.05,22.29,0.12,21.864,long_nclose,2.62368,0.0021728580274312436,1.0
1712896920000.0,147162,1712896920000.0,0.010619999999999975,-0.000133308,1207.48928506601,1207.5242050660102,-0.03,22.218,0.09,21.864,long_nclose,1.96776,0.0016296293675951152,2.0
1712897100000.0,147165,1712897100000.0,0.007079999999999984,-8.887200000000001e-05,1207.49627619401,1207.5234361940102,-0.02,22.218,0.07,21.864,long_nclose,1.5304800000000003,0.0012674821696544065,3.0
1712897280000.0,147168,1712897280000.0,0.008519999999999969,-8.916e-05,1207.5047070340102,1207.5295570340102,-0.02,22.29,0.05,21.864,long_nclose,1.0932000000000002,0.0009053380857497638,3.0
1712897280000.0,147168,1712897280000.0,0.009979999999999975,-8.9452e-05,1207.51459758201,1207.5295075820102,-0.02,22.363,0.03,21.864,long_nclose,0.65592,0.0005431984021671027,0.0
1712897340000.0,147169,1712897340000.0,0.0049899999999999875,-4.4726e-05,1207.51954285601,1207.53134285601,-0.01,22.363,0.02,21.864,long_nclose,0.43728,0.0003621307850353716,1.0
1712897340000.0,147169,1712897340000.0,0.01141999999999996,-8.974e-05,1207.53087311601,1207.53087311601,-0.02,22.435,0.0,21.864,long_nclose,0.0,0.0,0.0
1712926920000.0,147662,1712926920000.0,0.0,-0.007860624,1207.5230124920101,1207.5612924920101,1.74,22.588,1.74,22.588,long_ientry_normal,39.30312,0.032548547392805945,493.0
1712932440000.0,147754,1712932440000.0,0.0,-0.007850156,1207.5151623360102,1206.4646223360103,1.78,22.051,3.52,22.316448863636367,long_rentry,78.55390000000001,0.06505417277579588,92.0
1712935800000.0,147810,1712935800000.0,0.12327965909090699,-0.002613364,1207.6358286311013,1208.3636289720102,-0.58,22.529,2.94,22.316448863636367,long_nclose,65.61035965909092,0.054329590182383564,56.0
1712935800000.0,147810,1712935800000.0,0.16619965909090792,-0.0026219480000000002,1207.799406342192,1208.3836270240101,-0.58,22.603,2.36,22.316448863636367,long_nclose,52.66681931818182,0.0436056012626159,0.0
1712935860000.0,147811,1712935860000.0,0.13467903409090815,-0.002124682,1207.931960694283,1208.3166723420102,-0.47,22.603,1.89,22.316448863636367,long_nclose,42.17808835227273,0.03491760274976915,1.0
1712935920000.0,147812,1712935920000.0,0.06589085227272616,-0.001396798,1207.9964547485556,1208.3749455440102,-0.31,22.529,1.58,22.316448863636367,long_nclose,35.25998920454546,0.029188818448879328,1.0
1712936040000.0,147814,1712936040000.0,0.08883085227272666,-0.0014013860000000001,1208.0838842148282,1208.45034415801,-0.31,22.603,1.27,22.316448863636367,long_nclose,28.341890056818187,0.02346020042742187,2.0
1712936100000.0,147815,1712936100000.0,0.11177085227272605,-0.001405974,1208.194249093101,1208.5643781840101,-0.31,22.677,0.96,22.316448863636367,long_nclose,21.42379090909091,0.017732074892073117,1.0
1712936280000.0,147818,1712936280000.0,0.05444471590909054,-0.0008589140000000001,1208.24783489501,1208.49157927001,-0.19,22.603,0.77,22.316448863636367,long_nclose,17.183665625000003,0.014221970963840517,3.0
1712936640000.0,147824,1712936640000.0,0.04298267045454516,-0.00067809,1208.2901394754647,1208.45974118001,-0.15,22.603,0.62,22.316448863636367,long_nclose,13.836198295454547,0.011451056201998827,6.0
1712936820000.0,147827,1712936820000.0,0.034386136363636126,-0.000542472,1208.3239831398282,1208.47225870801,-0.12,22.603,0.5,22.316448863636367,long_nclose,11.158224431818184,0.00923446409035394,3.0
1712936940000.0,147829,1712936940000.0,0.043266136363635896,-0.000544248,1208.3667050281917,1208.50295446001,-0.12,22.677,0.38,22.316448863636367,long_nclose,8.48025056818182,0.00701794457998077,2.0
1712937000000.0,147830,1712937000000.0,0.03244960227272692,-0.000408186,1208.3987464444645,1208.4748862740098,-0.09,22.677,0.29,22.316448863636367,long_nclose,6.471770170454546,0.00535565779879926,1.0
1712937060000.0,147831,1712937060000.0,0.01432755681818172,-0.00022603000000000006,1208.4128479712826,1208.4933802440098,-0.05,22.603,0.24,22.316448863636367,long_nclose,5.355947727272728,0.004432216800958747,1.0
1712937060000.0,147831,1712937060000.0,0.018027556818181623,-0.00022677000000000003,1208.430648758101,1208.49440347401,-0.05,22.677,0.19,22.316448863636367,long_nclose,4.24012528409091,0.003508786613818897,0.0
1712937180000.0,147833,1712937180000.0,0.008596534090909031,-0.000135618,1208.4391096741917,1208.48335785601,-0.03,22.603,0.16,22.316448863636367,long_nclose,3.570631818181819,0.002954746986916453,2.0
1712937240000.0,147834,1712937240000.0,0.008596534090909031,-0.000135618,1208.4475705902826,1208.4854722380098,-0.03,22.603,0.13,22.316448863636367,long_nclose,2.901138352272728,0.0024007151182037856,1.0
1712937600000.0,147840,1712937600000.0,0.0,-0.007299791999999999,1208.4402707982827,1208.5609724460098,1.63,22.392,1.76,22.386419518336776,long_ientry_partial,39.40009835227273,0.03260409248546926,6.0
1712942460000.0,147921,1712942460000.0,0.0,-0.007867440000000002,1208.4324033582827,1207.45974500601,1.8,21.854,3.56,22.117218638278857,long_rentry,78.73729835227273,0.06515655996434602,81.0
1712942880000.0,147928,1712942880000.0,0.0,-0.007860582000000001,1208.4245427762828,1204.54453442401,1.83,21.477,5.39,21.899853126581213,long_rentry,118.04020835227273,0.09768107496483185,7.0
1712942880000.0,147928,1712942880000.0,0.0,-0.007868916,1208.4166738602828,1204.58688550801,1.86,21.153,7.25,21.708246669279,long_rentry,157.38478835227275,0.13024049713705754,0.0
1712942880000.0,147928,1712942880000.0,0.0,-0.010052592000000003,1208.4066212682828,1205.3576729160102,2.41,20.856,9.66,21.49562612342368,long_rentry,207.64774835227274,0.17183599021853763,0.0
1712946720000.0,147992,1712946720000.0,0.0,-0.013167420000000003,1208.393453848283,1197.00615549601,3.21,20.51,12.87,21.24979396676556,long_rentry,273.4848483522727,0.2263210277094148,64.0
1712946780000.0,147993,1712946780000.0,0.0,-0.017198752,1208.3762550962829,1205.8234467440102,4.28,20.092,17.15,20.960851798966342,long_rentry,359.4786083522727,0.2974889707044348,1.0
1712946900000.0,147995,1712946900000.0,0.0,-0.022363786,1208.353891310283,1173.1337129580102,5.71,19.583,22.86,20.616690216634854,long_rentry,471.29753835227274,0.3900327062639071,2.0
1712946900000.0,147995,1712946900000.0,0.0,-0.028855598000000003,1208.325035712283,1173.9952273600102,7.61,18.959,30.47,20.202675692559,long_rentry,615.5755283522727,0.5094453149267105,0.0
1712946960000.0,147996,1712946960000.0,0.9750842387258607,-0.020680530000000003,1209.2794394210089,1198.6196768300103,-5.07,20.395,25.4,20.202675692559,long_nclose,513.1479625909986,0.42434192285340505,1.0
1712947980000.0,148013,1712947980000.0,0.8135318204754223,-0.017254170000000003,1210.0757170714844,1210.2731126600104,-4.23,20.395,21.17,20.202675692559,long_nclose,427.69064441147407,0.3534412255181289,17.0
1712950320000.0,148052,1712950320000.0,0.6769815621923135,-0.014358080000000002,1210.7383405536768,1215.2977645800104,-3.52,20.395,17.65,20.202675692559,long_nclose,356.5772259736664,0.2945122112929882,39.0
1712950320000.0,148052,1712950320000.0,0.9128215621923141,-0.014405248,1211.636756867869,1215.2868793320104,-3.52,20.462,14.13,20.202675692559,long_nclose,285.4638075358587,0.23560180550629248,0.0
1712950380000.0,148053,1712950380000.0,0.7312945469836153,-0.011540568,1212.3565108468526,1214.0114387640103,-2.82,20.462,11.31,20.202675692559,long_nclose,228.4922620828423,0.18846953024010765,1.0
1712950380000.0,148053,1712950380000.0,0.9202345469836157,-0.011578356,1213.2651670378364,1214.5074604080105,-2.82,20.529,8.49,20.202675692559,long_nclose,171.52071662982593,0.1413711703671428,0.0
1712950440000.0,148054,1712950440000.0,0.27117727349180737,-0.0057513899999999995,1213.5305929213282,1213.8798090180105,-1.41,20.395,7.08,20.202675692559,long_nclose,143.03494390331772,0.1178667803989928,1.0
1712952960000.0,148096,1712952960000.0,0.2269426827803778,-0.00481322,1213.7527223841087,1215.0231357980106,-1.18,20.395,5.9,20.202675692559,long_nclose,119.19578658609811,0.09820434128622862,42.0
1712953020000.0,148097,1712953020000.0,0.306002682780378,-0.004829032,1214.053896034889,1214.8578267660105,-1.18,20.462,4.72,20.202675692559,long_nclose,95.35662926887848,0.07854398357462884,1.0
1712953080000.0,148098,1712953080000.0,0.15001295980397858,-0.0031816200000000005,1214.2007273746929,1215.1160851460104,-0.78,20.395,3.94,20.202675692559,long_nclose,79.59854222868246,0.06555632889529556,1.0
1712953140000.0,148099,1712953140000.0,0.2022729598039787,-0.0031920720000000002,1214.399808262497,1215.5321130740103,-0.78,20.462,3.16,20.202675692559,long_nclose,63.840455188486445,0.052569553086331766,1.0
1712953140000.0,148099,1712953140000.0,0.25453295980397883,-0.0032025240000000004,1214.6511386983009,1215.5039505500104,-0.78,20.529,2.38,20.202675692559,long_nclose,48.08236814829042,0.039585331636718846,0.0
1712953140000.0,148099,1712953140000.0,0.30679295980397897,-0.0032129760000000006,1214.9547186821048,1215.5280375740103,-0.78,20.596,1.6,20.202675692559,long_nclose,32.324281108094404,0.02660533813404787,0.0
1712953200000.0,148100,1712953200000.0,0.2084618829437293,-0.002183176,1215.1609973890486,1215.5144443980105,-0.53,20.596,1.07,20.202675692559,long_nclose,21.616862991038133,0.01778929955576679,1.0
1712953260000.0,148101,1712953260000.0,0.0,-0.0035316760000000005,1215.1574657130486,1215.5630227220104,0.86,20.533,1.93,20.349866834734787,long_ientry_partial,39.275242991038134,0.03232111401133647,1.0
1712953260000.0,148101,1712953260000.0,0.0861466078428247,-0.00144172,1215.2421706008915,1215.5741810020106,-0.35,20.596,1.58,20.349866834734787,long_nclose,32.152789598880965,0.026457927791448038,0.0
1712953320000.0,148102,1712953320000.0,0.08126128123221563,-0.001277944,1215.3221539381236,1215.5407630580105,-0.31,20.612,1.27,20.349866834734787,long_nclose,25.84433088011318,0.021265415755293643,1.0
1712953380000.0,148103,1712953380000.0,0.0,-0.0027089040000000003,1215.3194450341236,1215.4569941540105,0.66,20.522,1.93,20.40873102596538,long_ientry_partial,39.38885088011318,0.0324102860701017,1.0
1712955300000.0,148135,1712955300000.0,0.0,-0.007929752,1215.3115152821235,1214.3759844020103,1.99,19.924,3.92,20.16265583676357,long_rentry,79.03761088011319,0.0650348572248699,32.0
1712955900000.0,148145,1712955900000.0,0.0,-0.007909916,1215.3036053661235,1212.9859744860103,2.02,19.579,5.94,19.964173548840606,long_rentry,118.5871908801132,0.09757824329368917,10.0
1712956620000.0,148157,1712956620000.0,0.1889181866478016,-0.00399069,1215.4885328627713,1216.4232237960102,-0.99,20.155,4.95,19.964173548840606,long_nclose,98.822659066761,0.0813028312443307,12.0
1712956680000.0,148158,1712956680000.0,0.15647768995070435,-0.0033054200000000003,1215.6417051327219,1216.5784983760102,-0.82,20.155,4.13,19.964173548840606,long_nclose,82.45203675671169,0.06782593621836107,1.0
1712958900000.0,148195,1712958900000.0,0.129761986788389,-0.0027410800000000003,1215.7687260395103,1216.2614772960103,-0.68,20.155,3.45,19.964173548840606,long_nclose,68.87639874350009,0.05665255016706338,37.0
1712959080000.0,148198,1712959080000.0,0.10877107716085546,-0.0022976700000000004,1215.875199446671,1216.4679796260102,-0.57,20.155,2.88,19.964173548840606,long_nclose,57.49681982066094,0.04728842223842298,3.0
1712959740000.0,148209,1712959740000.0,0.09159669655650987,-0.0019348800000000002,1215.9648612632277,1216.4372447460103,-0.48,20.155,2.4,19.964173548840606,long_nclose,47.914016517217455,0.03940411276970709,11.0
1712959920000.0,148212,1712959920000.0,0.07633058046375824,-0.0016124000000000004,1216.0395794436913,1216.44123234601,-0.4,20.155,2.0,19.964173548840606,long_nclose,39.92834709768121,0.03283474302369949,3.0
1712960160000.0,148216,1712960160000.0,0.10273058046375781,-0.00161768,1216.140692344155,1216.55161466601,-0.4,20.221,1.6,19.964173548840606,long_nclose,31.94267767814497,0.026265610450526337,4.0
1712960220000.0,148217,1712960220000.0,0.08218446437100624,-0.0012941440000000001,1216.221582664526,1216.60408052201,-0.32,20.221,1.28,19.964173548840606,long_nclose,25.554142142515975,0.021011090829790552,1.0
1712960280000.0,148218,1712960280000.0,0.0,-0.0027557680000000005,1216.218826896526,1216.50136475401,0.68,20.263,1.96,20.067848031895906,long_ientry_partial,39.332982142515974,0.03234038256329538,1.0
1712961600000.0,148240,1712961600000.0,0.0,-0.007914764000000001,1216.2109121325261,1215.28026999001,2.02,19.591,3.98,19.82582968404924,long_rentry,78.90680214251597,0.06487920915308955,22.0
1712963220000.0,148267,1712963220000.0,0.0,-0.007932236,1216.2029798965261,1213.8627177540102,2.06,19.253,6.04,19.63046061962185,long_rentry,118.56798214251597,0.09749029076758525,27.0
1712964900000.0,148295,1712964900000.0,0.18753938037815132,-0.0039636,1216.3865556769044,1217.2863941540104,-1.0,19.818,5.04,19.63046061962185,long_nclose,98.93752152289413,0.08133723696727033,28.0
1712964960000.0,148296,1712964960000.0,0.1575330795176471,-0.0033294240000000005,1216.540759332422,1217.0134247300102,-0.84,19.818,4.2,19.63046061962185,long_nclose,82.44793460241178,0.0677724391640237,1.0
1712965140000.0,148299,1712965140000.0,0.1312775662647059,-0.0027745200000000004,1216.6692623786869,1217.4796502100105,-0.7,19.818,3.5,19.63046061962185,long_nclose,68.70661216867647,0.056471067604970546,3.0
1712965920000.0,148312,1712965920000.0,0.10877284061932777,-0.0022988880000000002,1216.7757363313062,1217.3379513220104,-0.58,19.818,2.92,19.63046061962185,long_nclose,57.3209450092958,0.04710888235010657,13.0
1712965980000.0,148313,1712965980000.0,0.14647284061932644,-0.0023064279999999997,1216.9199027439254,1217.4359648940103,-0.58,19.883,2.34,19.63046061962185,long_nclose,45.935277849915124,0.03774716622379149,1.0
1712966220000.0,148317,1712966220000.0,0.07314035834747902,-0.0015458040000000002,1216.9914972982729,1217.3708490900103,-0.39,19.818,1.95,19.63046061962185,long_nclose,38.279398208262606,0.031454121325615716,4.0
1712966460000.0,148321,1712966460000.0,0.060012601721008425,-0.0012683520000000002,1217.050241547994,1217.4651407380102,-0.32,19.818,1.63,19.63046061962185,long_nclose,31.997650809983615,0.026291150289149176,4.0
1712966460000.0,148321,1712966460000.0,0.0808126017210077,-0.0012725120000000002,1217.1297816377148,1217.4632282260102,-0.32,19.883,1.31,19.63046061962185,long_nclose,25.715903411704623,0.02112831663448615,0.0
1712966460000.0,148321,1712966460000.0,0.10161260172100811,-0.0012766720000000002,1217.2301175674359,1217.4821115540103,-0.32,19.948,0.99,19.63046061962185,long_nclose,19.434156013425632,0.015965884948906515,0.0
1712966520000.0,148322,1712966520000.0,0.0,-0.00401677,1217.226100797436,1217.5520947840103,1.01,19.885,2.0,19.759003006712817,long_ientry_partial,39.518006013425634,0.032465624905296045,1.0
1712966520000.0,148322,1712966520000.0,0.04535927838892405,-0.000957504,1217.2705025718249,1217.5573772800103,-0.24,19.948,1.76,19.759003006712817,long_nclose,34.775845291814555,0.028568707792015695,0.0
1712966520000.0,148322,1712966520000.0,0.06095927838892436,-0.000960624,1217.3305012262138,1217.5782566560104,-0.24,20.013,1.52,19.759003006712817,long_nclose,30.033684570203484,0.024671758852629285,0.0
1712966580000.0,148323,1712966580000.0,0.0,-0.0018726679999999999,1217.3286285582137,1217.5644439880102,0.47,19.922,1.99,19.79749978402185,long_ientry_partial,39.39702457020348,0.03236350780385797,1.0
1712966580000.0,148323,1712966580000.0,0.03762505399453797,-0.0009974,1217.3652562122084,1217.5714465880103,-0.25,19.948,1.74,19.79749978402185,long_nclose,34.447649624198014,0.028296889079437615,0.0
1712966640000.0,148324,1712966640000.0,0.054665062633664115,-0.001159188,1217.418762086842,1217.6181374000103,-0.29,19.986,1.45,19.79749978402185,long_nclose,28.70637468683168,0.023579704519769814,1.0
1712966700000.0,148325,1712966700000.0,0.0,-0.00215298,1217.416609106842,1217.8826444200104,0.54,19.935,1.99,19.834811400417927,long_ientry_partial,39.47127468683168,0.03242215884978749,1.0
1712966700000.0,148325,1712966700000.0,0.03628526389969778,-0.0009593280000000001,1217.451935042742,1217.8617650920105,-0.24,19.986,1.75,19.834811400417927,long_nclose,34.71091995073137,0.028511121426336022,0.0
1712966700000.0,148325,1712966700000.0,0.05212526389969753,-0.000962496,1217.5030978106415,1217.8567225960105,-0.24,20.052,1.51,19.834811400417927,long_nclose,29.95056521463107,0.024599990972088093,0.0
1712966820000.0,148327,1712966820000.0,0.07655657987462199,-0.0012054000000000001,1217.5784489905163,1217.8569771960106,-0.3,20.09,1.21,19.834811400417927,long_nclose,24.00012179450569,0.019711355612777134,2.0
1712966880000.0,148328,1712966880000.0,0.06124526389969759,-0.0009643200000000001,1217.638729934416,1217.8920828760106,-0.24,20.09,0.97,19.834811400417927,long_nclose,19.239767058405388,0.015800882959300804,1.0
1712967000000.0,148330,1712967000000.0,0.0,-0.004066944,1217.634662990416,1217.5417759320105,1.02,19.936,1.99,19.886676913771552,long_ientry_partial,39.57448705840539,0.032501117339427184,2.0
1712969280000.0,148368,1712969280000.0,0.0,-0.007920912000000002,1217.626742078416,1216.7385050200107,2.04,19.414,4.03,19.647406217966598,long_rentry,79.17904705840539,0.06502735552871604,38.0
1712969880000.0,148378,1712969880000.0,0.0,-0.007936864,1217.6188052144162,1215.4930981560108,2.08,19.079,6.11,19.453906228871585,long_rentry,118.86336705840539,0.0976195230801106,10.0
1712970660000.0,148391,1712970660000.0,0.0,-0.007929802,1217.6108754124161,1212.2453183540108,2.11,18.791,8.22,19.28374416768922,long_rentry,158.5123770584054,0.13018311536082147,13.0
1712971980000.0,148413,1712971980000.0,0.0,-0.010115742,1217.6007596704162,1211.2598726120107,2.73,18.527,10.95,19.095076443689994,long_rentry,209.0910870584054,0.1717238474087375,22.0
1712980440000.0,148554,1712980440000.0,0.33110087248421316,-0.007016828000000001,1217.9248437149006,1220.060565784011,-1.82,19.277,9.13,19.095076443689994,long_nclose,174.33804793088967,0.14314351893761007,141.0
1712980500000.0,148555,1712980500000.0,0.4475808724842133,-0.007040124000000001,1218.3653844633848,1219.936475660011,-1.82,19.341,7.31,19.095076443689994,long_nclose,139.58500880337385,0.11456744469546178,1.0
1712980560000.0,148556,1712980560000.0,0.35904839221261065,-0.005647572000000001,1218.7187852835973,1219.911738088011,-1.46,19.341,5.85,19.095076443689994,long_nclose,111.70619719558645,0.09165871449958186,1.0
1712980620000.0,148557,1712980620000.0,0.2877305608827085,-0.004525794,1219.00199005048,1219.9376322940107,-1.17,19.341,4.68,19.095076443689994,long_nclose,89.36495775646917,0.0733099359031961,1.0
1712980800000.0,148560,1712980800000.0,0.2287089073683068,-0.0035974260000000004,1219.2271015318483,1219.684314868011,-0.93,19.341,3.75,19.095076443689994,long_nclose,71.60653666383747,0.0587310900273381,3.0
1712980920000.0,148562,1712980920000.0,0.11279260491220448,-0.0023903480000000005,1219.3375037887604,1220.1135045200108,-0.62,19.277,3.13,19.095076443689994,long_nclose,59.76758926874968,0.04901644465378791,2.0
1712980920000.0,148562,1712980920000.0,0.15247260491220452,-0.002398284,1219.4875781096725,1220.1098662360107,-0.62,19.341,2.51,19.095076443689994,long_nclose,47.92864187366188,0.03930227969025815,0.0
1712982060000.0,148581,1712982060000.0,0.07458865808710297,-0.0015807140000000002,1219.5605860537596,1219.9510255220107,-0.41,19.277,2.1,19.095076443689994,long_nclose,40.09966053174899,0.032880416922543405,19.0
1712982240000.0,148584,1712982240000.0,0.06367324470850252,-0.00134939,1219.622909908468,1219.9605261320105,-0.35,19.277,1.75,19.095076443689994,long_nclose,33.41638377645749,0.02739894725244655,3.0
1712982360000.0,148586,1712982360000.0,0.08607324470850254,-0.00135387,1219.7076292831766,1220.0687222620106,-0.35,19.341,1.4,19.095076443689994,long_nclose,26.73310702116599,0.021917635324522042,2.0
1712982420000.0,148587,1712982420000.0,0.10812324470850214,-0.00135828,1219.814394247885,1220.0516139820106,-0.35,19.404,1.05,19.095076443689994,long_nclose,20.049830265874494,0.01643678772805173,1.0
1712982480000.0,148588,1712982480000.0,0.051643946825101525,-0.000812322,1219.8652258727102,1220.0961616600107,-0.21,19.341,0.84,19.095076443689994,long_nclose,16.039864212699595,0.013148882247401086,1.0
1712982540000.0,148589,1712982540000.0,0.06487394682510128,-0.000814968,1219.9292848515354,1220.1680066920107,-0.21,19.404,0.63,19.095076443689994,long_nclose,12.029898159524697,0.009861143845717851,1.0
1712982540000.0,148589,1712982540000.0,0.07810394682510104,-0.0008176139999999999,1220.0065711843606,1220.1657190780109,-0.21,19.467,0.42,19.095076443689994,long_nclose,8.019932106349797,0.00657367943400845,0.0
1712982660000.0,148591,1712982660000.0,0.030892355631000613,-0.00038808000000000007,1220.0370754599917,1220.1317709980108,-0.1,19.404,0.32,19.095076443689994,long_nclose,6.110424461980799,0.005008392437317513,2.0
1712982720000.0,148592,1712982720000.0,0.02471388450480049,-0.000310464,1220.0614788804965,1220.1385005340107,-0.08,19.404,0.24,19.095076443689994,long_nclose,4.582818346485598,0.0037562191953562033,1.0
1712982780000.0,148593,1712982780000.0,0.029753884504800397,-0.000311472,1220.0909212930012,1220.1512290620108,-0.08,19.467,0.16,19.095076443689994,long_nclose,3.0552122309903993,0.002504085701869344,1.0
1712982900000.0,148595,1712982900000.0,0.034873884504800404,-0.000312496,1220.125482681506,1220.1601965660107,-0.08,19.531,0.08,19.095076443689994,long_nclose,1.5276061154951996,0.0012520073854518099,2.0
1712982960000.0,148596,1712982960000.0,0.017436942252400202,-0.000156248,1220.1427633757582,1220.1606403180106,-0.04,19.531,0.04,19.095076443689994,long_nclose,0.7638030577475998,0.0006259948267319085,1.0
1712983020000.0,148597,1712983020000.0,0.019956942252400297,-0.00015675200000000002,1220.1625635660105,1220.1625635660105,-0.04,19.594,0.0,19.095076443689994,long_nclose,0.0,0.0,1.0
1712997240000.0,148834,1712997240000.0,0.0,-0.0079396,1220.1546239660104,1220.1506239660105,2.0,19.849,2.0,19.849,long_ientry_normal,39.698,0.03253522071732595,237.0
1712998980000.0,148863,1712998980000.0,0.06237000000000002,-0.001322508,1220.2156714580105,1220.5747214580106,-0.33,20.038,1.67,19.849,long_nclose,33.14783,0.02716555013622497,29.0
1712999160000.0,148866,1712999160000.0,0.05103000000000002,-0.001082052,1220.2656194060107,1220.5232194060106,-0.27,20.038,1.4,19.849,long_nclose,27.7886,0.022772582918075386,3.0
1712999280000.0,148868,1712999280000.0,0.043470000000000016,-0.000921748,1220.3081676580107,1220.5070676580108,-0.23,20.038,1.17,19.849,long_nclose,23.223329999999997,0.019030709304002868,2.0
1712999880000.0,148878,1712999880000.0,0.03591000000000001,-0.000761444,1220.3433162140107,1220.5030562140107,-0.19,20.038,0.98,19.849,long_nclose,19.45202,0.015939793123420292,10.0
1713000660000.0,148891,1713000660000.0,0.0,-0.004047972,1220.3392682420106,1220.2693882420106,1.02,19.843,2.0,19.84594,long_ientry_partial,39.69188,0.032525282954451756,13.0
1713004560000.0,148956,1713004560000.0,0.062389800000000446,-0.0013223100000000002,1220.4003357320105,1220.8179359320104,-0.33,20.035,1.67,19.84594,long_nclose,33.142719799999995,0.027157252279941892,65.0
1713004560000.0,148956,1713004560000.0,0.0841698000000001,-0.001326666,1220.4831788660103,1220.8182592660103,-0.33,20.101,1.34,19.84594,long_nclose,26.5935596,0.02178937003024402,0.0
1713004620000.0,148957,1713004620000.0,0.06631560000000007,-0.001045252,1220.5484492140104,1220.7861140140103,-0.26,20.101,1.08,19.84594,long_nclose,21.4336152,0.01756064268796743,1.0
1713004680000.0,148958,1713004680000.0,0.05356260000000006,-0.0008442419999999999,1220.6011675720104,1220.8161097720103,-0.21,20.101,0.87,19.84594,long_nclose,17.2659678,0.014145462300634232,1.0
1713004740000.0,148959,1713004740000.0,0.04336020000000005,-0.000683434,1220.6438443380105,1220.8335863380105,-0.17,20.101,0.7,19.84594,long_nclose,13.892157999999998,0.011381008526311052,1.0
1713004860000.0,148961,1713004860000.0,0.03570840000000004,-0.000562828,1220.6789899100104,1220.8750235100104,-0.14,20.101,0.56,19.84594,long_nclose,11.113726400000001,0.009104544677072975,2.0
1713004860000.0,148961,1713004860000.0,0.044948400000000395,-0.0005646760000000002,1220.7233736340104,1220.8703988340103,-0.14,20.167,0.42,19.84594,long_nclose,8.3352948,0.0068281602368163025,0.0
1713005160000.0,148966,1713005160000.0,0.03210600000000028,-0.00040334,1220.7550762940105,1220.8920554940105,-0.1,20.167,0.32,19.84594,long_nclose,6.350700799999999,0.005202272694437256,5.0
1713005160000.0,148966,1713005160000.0,0.03870600000000018,-0.0004046600000000001,1220.7933776340105,1220.8875508340107,-0.1,20.233,0.22,19.84594,long_nclose,4.3661068,0.0035764502658605863,0.0
1713005160000.0,148966,1713005160000.0,0.04530600000000007,-0.00040598,1220.8382776540104,1220.8896448540104,-0.1,20.299,0.12,19.84594,long_nclose,2.3815128,0.0019507193078647297,0.0
1713005220000.0,148967,1713005220000.0,0.02718360000000004,-0.000243588,1220.8652176660103,1220.8901812660104,-0.06,20.299,0.06,19.84594,long_nclose,1.1907564,0.0009753381313265924,1.0
1713005280000.0,148968,1713005280000.0,0.01359180000000002,-0.000121794,1220.8786876720103,1220.8922194720103,-0.03,20.299,0.03,19.84594,long_nclose,0.5953782,0.0004876636851899479,1.0
1713005340000.0,148969,1713005340000.0,0.004530600000000007,-4.0598e-05,1220.8831776740103,1220.8927188740104,-0.01,20.299,0.02,19.84594,long_nclose,0.39691879999999996,0.0003251079278168102,1.0
1713005520000.0,148972,1713005520000.0,0.004530600000000007,-4.0598e-05,1220.8876676760103,1220.8922282760104,-0.01,20.299,0.01,19.84594,long_nclose,0.19845939999999998,0.0001625533660912247,3.0
1713005760000.0,148976,1713005760000.0,0.004530600000000007,-4.0598e-05,1220.8921576780103,1220.8921576780103,-0.01,20.299,0.0,19.84594,long_nclose,0.0,0.0,4.0
1713008460000.0,149021,1713008460000.0,0.0,-0.0079652,1220.8841924780104,1220.9461924780103,2.0,19.913,2.0,19.913,long_ientry_normal,39.826,0.03262062056775898,45.0
1713014700000.0,149125,1713014700000.0,0.0,-0.00796999,1220.8762224880104,1219.9889724880104,2.05,19.439,4.05,19.673074074074073,long_rentry,79.67594999999999,0.06526128409449176,104.0
1713016620000.0,149157,1713016620000.0,0.0,-0.007946848000000001,1220.8682756400103,1218.5410856400104,2.08,19.103,6.13,19.47963947797716,long_rentry,119.41018999999999,0.09780759512110519,32.0
1713026460000.0,149321,1713026460000.0,0.0,-0.007977560000000002,1220.8602980800104,1217.1078080800103,2.12,18.815,8.25,19.30884727272727,long_rentry,159.29798999999997,0.13048011328611508,164.0
1713027660000.0,149341,1713027660000.0,0.0,-0.010165400000000002,1220.8501326800103,1215.8974526800102,2.74,18.55,10.99,19.119653321201092,long_rentry,210.12499,0.172113664384615,20.0
1713029100000.0,149365,1713029100000.0,0.0,-0.013353144,1220.8367795360105,1212.4073195360104,3.66,18.242,14.65,18.90038976109215,long_rentry,276.89071,0.22680403690429013,24.0
1713029940000.0,149379,1713029940000.0,0.0,-0.017404406,1220.8193751300105,1208.0909551300103,4.87,17.869,19.52,18.643070696721313,long_rentry,363.91274000000004,0.2980889289713684,14.0
1713037560000.0,149506,1713037560000.0,0.0,-0.022605968000000004,1220.7967691620104,1195.6738991620105,6.49,17.416,26.01,18.336892733564014,long_rentry,476.94258,0.39068139107821115,127.0
1713038040000.0,149514,1713038040000.0,0.0,-0.029169530000000006,1220.7675996320104,1178.1164496320102,8.65,16.861,34.66,17.96855828043855,long_rentry,622.7902300000001,0.5101628108312628,8.0
1713038160000.0,149516,1713038160000.0,0.0,-0.037315692,1220.7302839400104,1165.3671539400104,11.53,16.182,46.19,17.522595583459626,long_rentry,809.3686900000001,0.6630200795770332,2.0
1713038880000.0,149528,1713038880000.0,0.0,-0.047204344,1220.6830795960104,1115.0676295960102,15.37,15.356,61.56,16.981650584795325,long_rentry,1045.3904100000002,0.856397886948655,12.0
1713083760000.0,150276,1713083760000.0,1.6657049999999467,-0.035179488,1222.3136051080103,1227.2563301080102,-10.26,17.144,51.3,16.981650584795325,long_nclose,871.1586750000001,0.7127129006496004,748.0
1713083820000.0,150277,1713083820000.0,1.3880874999999557,-0.02931624,1223.6723763680102,1236.3840638680101,-8.55,17.144,42.75,16.981650584795325,long_nclose,725.9655625000001,0.5932679175571023,1.0
1713083820000.0,150277,1713083820000.0,1.8668874999999636,-0.029412,1225.5098518680102,1235.67920186801,-8.55,17.2,34.2,16.981650584795325,long_nclose,580.7724500000002,0.4739027182153983,0.0
1713083820000.0,150277,1713083820000.0,2.345687499999972,-0.029507760000000004,1227.8260316080102,1235.45304410801,-8.55,17.256,25.65,16.981650584795325,long_nclose,435.57933750000007,0.35475655857332483,0.0
1713083880000.0,150278,1713083880000.0,2.83303749999996,-0.029605230000000003,1230.6294638780103,1236.00483887801,-8.55,17.313,17.1,16.981650584795325,long_nclose,290.3862250000001,0.23596560420788484,1.0
1713083880000.0,150278,1713083880000.0,3.311837499999968,-0.029700990000000003,1233.9116003880101,1236.5992878880102,-8.55,17.369,8.55,16.981650584795325,long_nclose,145.19311250000004,0.11766897438547728,0.0
1713083880000.0,150278,1713083880000.0,3.790637499999976,-0.029796750000000004,1237.67244113801,1237.67244113801,-8.55,17.425,0.0,16.981650584795325,long_nclose,0.0,0.0,0.0
1713109200000.0,150700,1713109200000.0,0.0,-0.00808141,1237.6643597280101,1237.6093997280102,2.29,17.645,2.29,17.645,long_ientry_normal,40.40705,0.032647825464473965,422.0
1713112020000.0,150747,1713112020000.0,0.06383999999999972,-0.001353788,1237.7268459400102,1238.0706459400103,-0.38,17.813,1.91,17.645,long_nclose,33.70195,0.02722890766290566,47.0
1713112260000.0,150751,1713112260000.0,0.05207999999999977,-0.001104406,1237.7778215340102,1238.0434215340101,-0.31,17.813,1.6,17.645,long_nclose,28.232,0.022808616787955812,4.0
1713112320000.0,150752,1713112320000.0,0.04367999999999981,-0.0009262760000000001,1237.8205752580102,1237.9867352580102,-0.26,17.813,1.34,17.645,long_nclose,23.6443,0.019101556778591763,1.0
1713112620000.0,150757,1713112620000.0,0.03695999999999984,-0.000783772,1237.8567514860101,1238.07515148601,-0.22,17.813,1.12,17.645,long_nclose,19.762400000000003,0.0159650137031412,5.0
1713113160000.0,150766,1713113160000.0,0.0,-0.0041219099999999995,1237.85262957601,1237.72284957601,1.17,17.615,2.29,17.62967248908297,long_ientry_partial,40.371950000000005,0.03261450437264752,9.0
1713114720000.0,150792,1713114720000.0,0.0,-0.00805428,1237.8445752960101,1236.65665529601,2.34,17.21,4.63,17.417570194384453,long_rentry,80.64335000000001,0.06514820326349573,26.0
1713115320000.0,150802,1713115320000.0,0.0,-0.008084414000000002,1237.8364908820101,1235.07211088201,2.39,16.913,7.02,17.24578632478633,long_rentry,121.06542000000003,0.09780404834707682,10.0
1713118380000.0,150853,1713118380000.0,0.19212999999999392,-0.00407394,1238.0245469420101,1238.54644694201,-1.17,17.41,5.85,17.24578632478633,long_nclose,100.88785000000003,0.08149099325146554,51.0
1713118500000.0,150855,1713118500000.0,0.15928726495725992,-0.00337754,1238.1804566669675,1238.6743794020103,-0.97,17.41,4.88,17.24578632478633,long_nclose,84.15943726495729,0.06797025168003729,2.0
1713118560000.0,150856,1713118560000.0,0.13301307692307274,-0.0028204200000000006,1238.3106493238906,1238.9505089820102,-0.81,17.41,4.07,17.24578632478633,long_nclose,70.19035034188038,0.056682344111474645,1.0
1713118620000.0,150857,1713118620000.0,0.11002316239315893,-0.0023329400000000004,1238.4183395462837,1238.9426660420102,-0.67,17.41,3.4,17.24578632478633,long_nclose,58.63567350427352,0.047347226403119745,1.0
1713118920000.0,150862,1713118920000.0,0.09195965811965523,-0.0019499200000000004,1238.5083492844033,1238.85259612201,-0.56,17.41,2.84,17.24578632478633,long_nclose,48.978033162393174,0.039545985451524934,5.0
1713118980000.0,150863,1713118980000.0,0.07718042735042491,-0.00163654,1238.5838931717537,1239.07024958201,-0.47,17.41,2.37,17.24578632478633,long_nclose,40.872513589743605,0.032999390525802544,1.0
1713119040000.0,150864,1713119040000.0,0.10444042735042483,-0.0016419919999999999,1238.6866916071042,1239.1639975900102,-0.47,17.468,1.9,17.24578632478633,long_nclose,32.76699401709403,0.026453012080545794,1.0
1713119100000.0,150865,1713119100000.0,0.13123042735042417,-0.00164735,1238.8162746844546,1239.2227002400102,-0.47,17.525,1.43,17.24578632478633,long_nclose,24.66147444444445,0.01990728968323096,1.0
1713119280000.0,150868,1713119280000.0,0.09772478632478396,-0.00122675,1238.9127727207795,1239.2143234900102,-0.35,17.525,1.08,17.24578632478633,long_nclose,18.625449230769238,0.0150337050685706,3.0
1713119340000.0,150869,1713119340000.0,0.07538769230769049,-0.00094635,1238.987214063087,1239.1898871400101,-0.27,17.525,0.81,17.24578632478633,long_nclose,13.969086923076928,0.011274601355462936,1.0
1713119460000.0,150871,1713119460000.0,0.055842735042733696,-0.000701,1239.0423557981298,1239.1931561400102,-0.2,17.525,0.61,17.24578632478633,long_nclose,10.519929658119661,0.008490371300780305,2.0
1713119520000.0,150872,1713119520000.0,0.04188205128205027,-0.00052575,1239.083712099412,1239.2093903900102,-0.15,17.525,0.46,17.24578632478633,long_nclose,7.933061709401712,0.006402361383607019,1.0
1713119580000.0,150873,1713119580000.0,0.03071350427350353,-0.00038554999999999997,1239.1140400536856,1239.2107148400103,-0.11,17.525,0.35,17.24578632478633,long_nclose,6.036025213675215,0.004871242693217889,1.0
1713119640000.0,150874,1713119640000.0,0.022337094017093478,-0.0002804,1239.1360967477026,1239.2249844400103,-0.08,17.525,0.27,17.24578632478633,long_nclose,4.6563623076923095,0.003757748902573032,1.0
1713119640000.0,150874,1713119640000.0,0.02689709401709365,-0.00028131200000000003,1239.1627125297198,1239.2252631280103,-0.08,17.582,0.19,17.24578632478633,long_nclose,3.276699401709403,0.0026442850229249576,0.0
1713119700000.0,150875,1713119700000.0,0.020172820512820235,-0.00021098400000000003,1239.1826743662327,1239.2314521440105,-0.06,17.582,0.13,17.24578632478633,long_nclose,2.241952222222223,0.001809218502323595,1.0
1713120000000.0,150880,1713120000000.0,0.013448547008546825,-0.00014065600000000002,1239.1959822572412,1239.2248914880104,-0.04,17.582,0.09,17.24578632478633,long_nclose,1.5521207692307697,0.0012525224350740103,5.0
1713120060000.0,150881,1713120060000.0,0.010086410256410118,-0.00010549200000000001,1239.2059631754976,1239.2245159960105,-0.03,17.582,0.06,17.24578632478633,long_nclose,1.0347471794871799,0.0008350082312673942,1.0
1713120180000.0,150883,1713120180000.0,0.006724273504273412,-7.032800000000001e-05,1239.2126171210018,1239.2275056680103,-0.02,17.582,0.04,17.24578632478633,long_nclose,0.6898314529914532,0.0005566691651301152,2.0
1713120660000.0,150891,1713120660000.0,0.0027921367521366847,-3.505e-05,1239.215374207754,1239.2238406180104,-0.01,17.525,0.03,17.24578632478633,long_nclose,0.5173735897435899,0.00041750094496233425,8.0
1713120780000.0,150893,1713120780000.0,0.0027921367521366847,-3.505e-05,1239.218131294506,1239.2244555680104,-0.01,17.525,0.02,17.24578632478633,long_nclose,0.3449157264957266,0.00027833334405414354,2.0
1713120840000.0,150894,1713120840000.0,0.003362136752136706,-3.5164000000000004e-05,1239.2214582672582,1239.2251104040104,-0.01,17.582,0.01,17.24578632478633,long_nclose,0.1724578632478633,0.0001391662984023877,1.0
1713120900000.0,150895,1713120900000.0,0.0039321367521366925,-3.5278e-05,1239.2253551260103,1239.2253551260103,-0.01,17.639,0.0,17.24578632478633,long_nclose,0.0,0.0,1.0
1713121380000.0,150903,1713121380000.0,0.0,-0.008084271999999998,1239.2172708540104,1239.2520708540103,2.32,17.423,2.32,17.423,long_ientry_normal,40.42135999999999,0.032618460822567044,8.0
1713124980000.0,150963,1713124980000.0,0.06308000000000014,-0.001336764,1239.2790140900104,1239.5777740900103,-0.38,17.589,1.94,17.423,long_nclose,33.800619999999995,0.027274422963435265,60.0
1713125100000.0,150965,1713125100000.0,0.05312000000000012,-0.001125696,1239.3310083940105,1239.6242283940105,-0.32,17.589,1.62,17.423,long_nclose,28.22526,0.0227745935580001,2.0
1713125220000.0,150967,1713125220000.0,0.0448200000000001,-0.0009498060000000001,1239.3748785880105,1239.6313785880104,-0.27,17.589,1.35,17.423,long_nclose,23.52105,0.018978156170792293,2.0
1713125880000.0,150978,1713125880000.0,0.0,-0.0033750179999999996,1239.3715035700104,1239.3526435700105,0.97,17.397,2.32,17.412129310344827,long_ientry_partial,40.396139999999995,0.03259405261750725,11.0
1713126540000.0,150989,1713126540000.0,0.06303086206896538,-0.0013359280000000001,1239.4331985040794,1239.6676876420104,-0.38,17.578,1.94,17.412129310344827,long_nclose,33.77953086206897,0.027254014902004246,11.0
1713126600000.0,150990,1713126600000.0,0.053078620689655055,-0.001124992,1239.485152132769,1239.7263226500104,-0.32,17.578,1.62,17.412129310344827,long_nclose,28.207649482758622,0.022757553355295963,1.0
1713126660000.0,150991,1713126660000.0,0.04478508620689645,-0.0009492120000000001,1239.5289880069759,1239.6908134380103,-0.27,17.578,1.35,17.412129310344827,long_nclose,23.50637456896552,0.018963957113065297,1.0
1713127380000.0,151003,1713127380000.0,0.03649155172413785,-0.000773432,1239.5647061267,1239.7487500060104,-0.22,17.578,1.13,17.412129310344827,long_nclose,19.675706120689654,0.015873077075718656,12.0
1713127440000.0,151004,1713127440000.0,0.029856724137930966,-0.000632808,1239.5939300428379,1239.7372571980102,-0.18,17.578,0.95,17.412129310344827,long_nclose,16.541522844827586,0.013344307715556452,1.0
1713127920000.0,151012,1713127920000.0,0.0,-0.004767874000000001,1239.589162168838,1239.6110693240103,1.37,17.401,2.32,17.405557260701546,long_ientry_partial,40.380892844827585,0.032576029282295,8.0
1713129000000.0,151030,1713129000000.0,0.06324824093341234,-0.001335472,1239.6510749377715,1239.9351738520104,-0.38,17.572,1.94,17.405557260701546,long_nclose,33.766781085761,0.02723893986657176,18.0
1713129360000.0,151036,1713129360000.0,0.05326167657550514,-0.001124608,1239.7032120063468,1239.9436892440103,-0.32,17.572,1.62,17.405557260701546,long_nclose,28.197002762336506,0.02274496225326562,6.0
1713130140000.0,151049,1713130140000.0,0.04493953961058246,-0.000948888,1239.7472026579574,1239.9773003560103,-0.27,17.572,1.35,17.405557260701546,long_nclose,23.497502301947087,0.018953462650748147,13.0
1713130320000.0,151052,1713130320000.0,0.060329539610583044,-0.0009519660000000003,1239.806580231568,1240.0446583900102,-0.27,17.629,1.08,17.405557260701546,long_nclose,18.79800184155767,0.015162043935955419,3.0
1713130380000.0,151053,1713130380000.0,0.0469229752526757,-0.0007404180000000001,1239.8527627888207,1240.0636879720103,-0.21,17.629,0.87,17.405557260701546,long_nclose,15.142834816810344,0.01221341377886623,1.0
1713130440000.0,151054,1713130440000.0,0.05910297525267566,-0.000742854,1239.9111229100733,1240.0922551180104,-0.21,17.687,0.66,17.405557260701546,long_nclose,11.487667792063021,0.009264912282665428,1.0
1713130500000.0,151055,1713130500000.0,0.04503083828775289,-0.0005659840000000001,1239.955587764361,1240.1013091340103,-0.16,17.687,0.5,17.405557260701546,long_nclose,8.702778630350773,0.007018621244363982,1.0
1713130860000.0,151061,1713130860000.0,0.033773128715814664,-0.00042448800000000005,1239.988936405077,1240.0989246460106,-0.12,17.687,0.38,17.405557260701546,long_nclose,6.614111759066588,0.005334008687401629,6.0
1713130920000.0,151062,1713130920000.0,0.040733128715814644,-0.00042588,1240.029243653793,1240.1195787660106,-0.12,17.745,0.26,17.405557260701546,long_nclose,4.525444887782402,0.0036494662613342954,1.0
1713131040000.0,151064,1713131040000.0,0.027155419143876428,-0.00028392000000000006,1240.0561151529369,1240.1177548460105,-0.08,17.745,0.18,17.405557260701546,long_nclose,3.133000306926278,0.0025264988161764626,2.0
1713131100000.0,151065,1713131100000.0,0.035769846536860966,-0.000320454,1240.0915645454736,1240.1344443920104,-0.09,17.803,0.09,17.405557260701546,long_nclose,1.566500153463139,0.0012632132967030567,1.0
1713131100000.0,151065,1713131100000.0,0.040899846536860844,-0.00032148,1240.1321429120105,1240.1321429120105,-0.09,17.86,0.0,17.405557260701546,long_nclose,0.0,0.0,0.0
1713154080000.0,151448,1713154080000.0,0.0,-0.008073504,1240.1240694080104,1240.1689494080103,2.04,19.788,2.04,19.788,long_ientry_normal,40.36752,0.03255119467140894,383.0
1713154620000.0,151457,1713154620000.0,0.06426000000000003,-0.0013584360000000002,1240.1869709720106,1240.4487709720106,-0.34,19.977,1.7,19.788,long_nclose,33.6396,0.02712461974474267,9.0
1713156540000.0,151489,1713156540000.0,0.05292000000000002,-0.0011187120000000002,1240.2387722600106,1240.4318922600105,-0.28,19.977,1.42,19.788,long_nclose,28.098959999999998,0.02265608899550608,32.0
1713157200000.0,151500,1713157200000.0,0.043470000000000016,-0.0009189420000000001,1240.2813233180107,1240.4455433180106,-0.23,19.977,1.19,19.788,long_nclose,23.547719999999998,0.018985789398976795,11.0
1713157260000.0,151501,1713157260000.0,0.03591000000000001,-0.000759126,1240.3164741920107,1240.5674741920106,-0.19,19.977,1.0,19.788,long_nclose,19.788,0.015953992720197204,1.0
1713157260000.0,151501,1713157260000.0,0.048260000000000254,-0.000761596,1240.3639725960106,1240.5672825960107,-0.19,20.042,0.81,19.788,long_nclose,16.028280000000002,0.012922239241158973,0.0
1713157320000.0,151502,1713157320000.0,0.04064000000000022,-0.0006413440000000001,1240.4039712520105,1240.7283212520106,-0.16,20.042,0.65,19.788,long_nclose,12.862200000000001,0.0103693637702703,1.0
1713157320000.0,151502,1713157320000.0,0.051200000000000044,-0.000643456,1240.4545277960106,1240.6990377960105,-0.16,20.108,0.49,19.788,long_nclose,9.69612,0.007816586406619575,0.0
1713157320000.0,151502,1713157320000.0,0.06175999999999988,-0.000645568,1240.5156422280106,1240.6803122280105,-0.16,20.174,0.33,19.788,long_nclose,6.5300400000000005,0.005263972317408118,0.0
1713157320000.0,151502,1713157320000.0,0.07216000000000009,-0.0006476480000000001,1240.5871545800105,1240.6719845800105,-0.16,20.239,0.17,19.788,long_nclose,3.3639600000000005,0.0027115869994146754,0.0
1713157320000.0,151502,1713157320000.0,0.08788999999999991,-0.00069037,1240.6743542100105,1240.6743542100105,-0.17,20.305,0.0,19.788,long_nclose,0.0,0.0,0.0
1713189120000.0,152032,1713189120000.0,0.0,-0.008081528000000003,1240.6662726820105,1240.0802326820105,1.82,22.202,1.82,22.202,long_ientry_normal,40.40764000000001,0.03256930642004863,530.0
1713189300000.0,152035,1713189300000.0,0.0,-0.008106076,1240.6581666060104,1239.3577266060104,1.87,21.674,3.69,21.93442276422764,long_rentry,80.93802,0.06523796979583586,3.0
1713193200000.0,152100,1713193200000.0,0.0,-0.008093620000000001,1240.6500729860104,1237.9587829860104,1.9,21.299,5.59,21.71844722719141,long_rentry,121.40611999999999,0.0978568595960329,65.0
1713195300000.0,152135,1713195300000.0,0.0,-0.008097122,1240.6419758640104,1236.7830458640103,1.93,20.977,7.52,21.528155585106383,long_rentry,161.89173,0.13049028901932408,35.0
1713195720000.0,152142,1713195720000.0,0.0,-0.010341,1240.6316348640105,1234.5691448640105,2.5,20.682,10.02,21.31703892215569,long_rentry,213.59672999999998,0.17216772811327916,7.0
1713197400000.0,152170,1713197400000.0,0.0,-0.013545774,1240.6180890900105,1230.4843890900104,3.33,20.339,13.35,21.073078651685393,long_rentry,281.3256,0.2267624520986563,28.0
1713198300000.0,152185,1713198300000.0,0.0,-0.017692512000000004,1240.6003965780105,1225.8472665780105,4.44,19.924,17.79,20.786293423271502,long_rentry,369.78816,0.2980719343795142,15.0
1713201240000.0,152234,1713201240000.0,0.0,-0.022990912000000002,1240.5774056660105,1215.3344856660106,5.92,19.418,23.71,20.444652889076337,long_rentry,484.74271999999996,0.39073960059732293,49.0
1713205020000.0,152297,1713205020000.0,0.0,-0.029664822,1240.5477408440104,1199.7597108440104,7.89,18.799,31.6,20.03376044303797,long_rentry,633.0668299999999,0.5103123476483791,63.0
1713220860000.0,152561,1713220860000.0,1.005920069620286,-0.0212767,1241.5323842136306,1247.5442141440105,-5.26,20.225,26.34,20.03376044303797,long_nclose,527.6892500696201,0.4250305966878594,264.0
1713220920000.0,152562,1713220920000.0,1.3530800696202803,-0.021346132,1242.864118151251,1250.5422880120107,-5.26,20.291,21.08,20.03376044303797,long_nclose,422.3116701392404,0.3397890919623821,1.0
1713220920000.0,152562,1713220920000.0,1.7055000696202811,-0.021416616,1244.5482016048713,1250.3104713960106,-5.26,20.358,15.82,20.03376044303797,long_nclose,316.9340902088607,0.2546579471973584,0.0
1713220980000.0,152563,1713220980000.0,2.056562465189896,-0.021526895999999997,1246.5832371740612,1251.9979145000107,-5.27,20.424,10.55,20.03376044303797,long_nclose,211.35617267405058,0.16954838343020234,1.0
1713220980000.0,152563,1713220980000.0,2.4096524651898967,-0.021597513999999998,1248.9712921252512,1251.6811969860107,-5.27,20.491,5.28,20.03376044303797,long_nclose,105.77825513924049,0.08469230302263238,0.0
1713221100000.0,152565,1713221100000.0,0.6868216202531722,-0.007189248,1249.6509244975043,1250.8239277380108,-1.76,20.424,3.52,20.03376044303797,long_nclose,70.51883675949365,0.056430828303391925,2.0
1713221160000.0,152566,1713221160000.0,0.4565802816455746,-0.004779216,1250.1027255631498,1251.1983885220104,-1.17,20.424,2.35,20.03376044303797,long_nclose,47.07933704113923,0.037660374686352915,1.0
1713221160000.0,152566,1713221160000.0,0.5349702816455748,-0.004794893999999999,1250.6329009507954,1251.1830636280106,-1.17,20.491,1.18,20.03376044303797,long_nclose,23.639837322784803,0.01890229923170307,0.0
1713221280000.0,152568,1713221280000.0,0.09402947151898888,-0.001180764,1250.7257496583143,1251.0632728640105,-0.29,20.358,0.89,20.03376044303797,long_nclose,17.830046794303794,0.014255760544767534,2.0
1713221280000.0,152568,1713221280000.0,0.11316947151898858,-0.001184592,1250.8377345378333,1251.0652782720106,-0.29,20.424,0.6,20.03376044303797,long_nclose,12.020256265822782,0.009609764667248463,0.0
1713221280000.0,152568,1713221280000.0,0.13259947151898863,-0.001188478,1250.9691455313523,1251.0867097940106,-0.29,20.491,0.31,20.03376044303797,long_nclose,6.210465737341771,0.004964523513250888,0.0
1713221340000.0,152569,1713221340000.0,0.03902395569620296,-0.0004084800000000001,1251.0077610070484,1251.1354913140106,-0.1,20.424,0.21,20.03376044303797,long_nclose,4.2070896930379735,0.00336296050605738,1.0
1713221340000.0,152569,1713221340000.0,0.04572395569620298,-0.00040982000000000003,1251.0530751427448,1251.1199814940105,-0.1,20.491,0.11,20.03376044303797,long_nclose,2.2037136487341766,0.0017614869365016616,0.0
1713221340000.0,152569,1713221340000.0,0.05755635126582316,-0.00045225399999999997,1251.1101792400107,1251.1101792400107,-0.11,20.557,0.0,20.03376044303797,long_nclose,0.0,0.0,0.0
1713226920000.0,152662,1713226920000.0,0.0,-0.00813768,1251.1020415600108,1251.2434915600109,2.05,19.848,2.05,19.848,long_ientry_normal,40.688399999999994,0.03252204748164686,93.0
1713227640000.0,152674,1713227640000.0,0.06426000000000003,-0.0013625160000000002,1251.164939044011,1251.335939044011,-0.34,20.037,1.71,19.848,long_nclose,33.940079999999995,0.02712678316092593,12.0
1713228480000.0,152688,1713228480000.0,0.05292000000000002,-0.001122072,1251.216736972011,1251.465556972011,-0.28,20.037,1.43,19.848,long_nclose,28.38264,0.02268403160006235,14.0
1713228540000.0,152689,1713228540000.0,0.043470000000000016,-0.000921702,1251.259285270011,1251.496885270011,-0.23,20.037,1.2,19.848,long_nclose,23.8176,0.019034903700922676,1.0
1713228780000.0,152693,1713228780000.0,0.0,-0.003411964,1251.2558733060112,1251.2488533060111,0.86,19.837,2.06,19.84340776699029,long_ientry_partial,40.877419999999994,0.03266911338605392,4.0
1713230280000.0,152718,1713230280000.0,0.06446135922330215,-0.001362244,1251.3189724212345,1251.6622710620113,-0.34,20.033,1.72,19.84340776699029,long_nclose,34.130661359223296,0.027275748319537035,25.0
1713230340000.0,152719,1713230340000.0,0.08690135922330179,-0.0013667320000000003,1251.4045070484578,1251.8303643300112,-0.34,20.099,1.38,19.84340776699029,long_nclose,27.383902718446596,0.02188253483522592,1.0
1713230340000.0,152719,1713230340000.0,0.10900135922330223,-0.0013711520000000003,1251.5121372556812,1251.8330731780113,-0.34,20.164,1.04,19.84340776699029,long_nclose,20.6371440776699,0.016489767428802635,0.0
1713230400000.0,152720,1713230400000.0,0.08335398058252523,-0.0010485280000000002,1251.5944427082638,1251.8523046500113,-0.26,20.164,0.78,19.84340776699029,long_nclose,15.477858058252426,0.012366512290323572,1.0
1713230400000.0,152720,1713230400000.0,0.10051398058252495,-0.00105196,1251.6939047288463,1251.8658126900114,-0.26,20.23,0.52,19.84340776699029,long_nclose,10.31857203883495,0.008243686415546025,0.0
1713230520000.0,152722,1713230520000.0,0.06572067961165093,-0.0006878200000000001,1251.758937588458,1251.8910948700113,-0.17,20.23,0.35,19.84340776699029,long_nclose,6.9451927184466005,0.005548346818139499,2.0
1713230580000.0,152723,1713230580000.0,0.04252514563106825,-0.00044506000000000005,1251.801017674089,1251.9029198100113,-0.11,20.23,0.24,19.84340776699029,long_nclose,4.762417864077669,0.0038044527819017814,1.0
1713230580000.0,152723,1713230580000.0,0.04978514563106813,-0.000446512,1251.8503563077202,1251.9055532980115,-0.11,20.296,0.13,19.84340776699029,long_nclose,2.5796430097087377,0.002060664037606928,0.0
1713230640000.0,152724,1713230640000.0,0.027155533980582618,-0.00024355200000000002,1251.8772682897006,1251.9090897460112,-0.06,20.296,0.07,19.84340776699029,long_nclose,1.3890385436893204,0.0011095644747883375,1.0
1713231000000.0,152730,1713231000000.0,0.0018959223300971217,-4.0066000000000006e-05,1251.8791241460306,1251.8924196800112,-0.01,20.033,0.06,19.84340776699029,long_nclose,1.1906044660194173,0.0009510538542062423,6.0
1713231120000.0,152732,1713231120000.0,0.002555922330097111,-4.0198000000000004e-05,1251.8816398703607,1251.894669482011,-0.01,20.099,0.05,19.84340776699029,long_nclose,0.9921703883495145,0.0007925432858431083,2.0
1713231240000.0,152734,1713231240000.0,0.002555922330097111,-4.0198000000000004e-05,1251.8841555946908,1251.8913792840112,-0.01,20.099,0.04,19.84340776699029,long_nclose,0.7937363106796116,0.0006340333545499326,2.0
1713231300000.0,152735,1713231300000.0,0.0018959223300971217,-4.0066000000000006e-05,1251.8860114510207,1251.8900792180111,-0.01,20.033,0.03,19.84340776699029,long_nclose,0.5953022330097086,0.00047552431097118257,1.0
1713231600000.0,152740,1713231600000.0,0.0,-0.008058694,1251.8779527570207,1251.830740524011,2.03,19.849,2.06,19.84891855971345,long_ientry_partial,40.88877223300971,0.03266194771060553,5.0
1713238800000.0,152860,1713238800000.0,0.0,-0.008176672000000001,1251.8697760850207,1250.841353852011,2.11,19.376,4.17,19.609624036692978,long_rentry,81.77213223300971,0.06531999876915005,120.0
1713240780000.0,152893,1713240780000.0,0.0,-0.008149548000000001,1251.8616265370208,1249.622974304011,2.14,19.041,6.31,19.416778483836723,long_rentry,122.5198722330097,0.09787013966705886,33.0
1713242700000.0,152925,1713242700000.0,0.0,-0.008176744000000001,1251.853449793021,1247.4675575600113,2.18,18.754,8.49,19.246595080448728,long_rentry,163.4035922330097,0.13052933013846513,32.0
1713248940000.0,153029,1713248940000.0,0.2586009365672934,-0.00547926,1252.1065714695883,1253.4546383000113,-1.41,19.43,7.08,19.246595080448728,long_nclose,136.265893169577,0.10882930916147394,104.0
1713249000000.0,153030,1713249000000.0,0.3488409365672935,-0.005497308,1252.4499150981555,1254.1191909920112,-1.41,19.494,5.67,19.246595080448728,long_nclose,109.12819410614429,0.08713178290853398,1.0
1713249000000.0,153030,1713249000000.0,0.4390809365672935,-0.005515356,1252.883480678723,1254.1376456360113,-1.41,19.558,4.26,19.246595080448728,long_nclose,81.99049504271157,0.06544143673942845,0.0
1713249060000.0,153031,1713249060000.0,0.3300892147243484,-0.004146296000000001,1253.209423597447,1254.4235193400111,-1.06,19.558,3.2,19.246595080448728,long_nclose,61.589104257435935,0.04914510144732158,1.0
1713249060000.0,153031,1713249060000.0,0.39792921472434845,-0.004159864,1253.6031929481715,1254.4151194760111,-1.06,19.622,2.14,19.246595080448728,long_nclose,41.18771347216028,0.032855463119311895,0.0
1713249240000.0,153034,1713249240000.0,0.1650446073621742,-0.0020731480000000004,1253.7661644075338,1254.2321063280112,-0.53,19.558,1.61,19.246595080448728,long_nclose,30.987018079522453,0.024715149410787732,3.0
1713249360000.0,153036,1713249360000.0,0.07916957425640703,-0.001247616,1253.8440863657902,1254.2174187120113,-0.32,19.494,1.29,19.246595080448728,long_nclose,24.828107653778858,0.01980159090253557,2.0
1713249420000.0,153037,1713249420000.0,0.09964957425640705,-0.001251712,1253.9424842280464,1254.256187000011,-0.32,19.558,0.97,19.246595080448728,long_nclose,18.669197228035266,0.014888399956819726,1.0
1713249600000.0,153040,1713249600000.0,0.12012957425640707,-0.0012558080000000002,1254.0613579943029,1254.2982211920112,-0.32,19.622,0.65,19.246595080448728,long_nclose,12.510286802291674,0.0099758171500477,3.0
1713249720000.0,153042,1713249720000.0,0.049824787128203527,-0.000625856,1254.1105569254312,1254.2597153360114,-0.16,19.558,0.49,19.246595080448728,long_nclose,9.430831589419876,0.00751993637031526,2.0
1713249780000.0,153043,1713249780000.0,0.03736859034615264,-0.00046939199999999995,1254.1474561237774,1254.2719259440114,-0.12,19.558,0.37,19.246595080448728,long_nclose,7.121240179766029,0.005678152234009078,1.0
1713249900000.0,153045,1713249900000.0,0.04504859034615265,-0.000470928,1254.1920337861236,1254.3121350160113,-0.12,19.622,0.25,19.246595080448728,long_nclose,4.811648770112182,0.0038364529836686146,2.0
1713249900000.0,153045,1713249900000.0,0.052728590346152654,-0.000472464,1254.2442899124696,1254.3067425520112,-0.12,19.686,0.13,19.246595080448728,long_nclose,2.5020573604583345,0.001994872434805301,0.0
1713249960000.0,153046,1713249960000.0,0.06531263954166523,-0.000513474,1254.3090890780113,1254.3090890780113,-0.13,19.749,0.0,19.246595080448728,long_nclose,0.0,0.0,1.0
1713256920000.0,153162,1713256920000.0,0.0,-0.008195460000000002,1254.3008936180113,1254.3575936180114,2.1,19.513,2.1,19.513,long_ientry_normal,40.97730000000001,0.032669433792558045,116.0
1713258300000.0,153185,1713258300000.0,0.06509999999999998,-0.0013789300000000002,1254.3646146880112,1254.7163646880113,-0.35,19.699,1.75,19.513,long_nclose,34.14775,0.027223145168594635,23.0
1713258420000.0,153187,1713258420000.0,0.05393999999999998,-0.001142542,1254.4174121460112,1254.6378721460112,-0.29,19.699,1.46,19.513,long_nclose,28.48898,0.022710925186586895,2.0
1713258720000.0,153192,1713258720000.0,0.044639999999999985,-0.000945552,1254.4611065940112,1254.6855865940113,-0.24,19.699,1.22,19.513,long_nclose,23.805860000000003,0.018976961401884606,5.0
1713258780000.0,153193,1713258780000.0,0.03719999999999999,-0.0007879600000000001,1254.4975186340112,1254.733138634011,-0.2,19.699,1.02,19.513,long_nclose,19.903260000000003,0.015865523609542194,1.0
1713258780000.0,153193,1713258780000.0,0.05019999999999954,-0.00079056,1254.546928074011,1254.736348074011,-0.2,19.764,0.82,19.513,long_nclose,16.00066,0.012754134294971589,0.0
1713258840000.0,153194,1713258840000.0,0.04015999999999963,-0.0006324480000000001,1254.586455626011,1254.737595626011,-0.16,19.764,0.66,19.513,long_nclose,12.878580000000001,0.0102651992951525,1.0
1713258960000.0,153196,1713258960000.0,0.020459999999999996,-0.000433378,1254.606482248011,1254.7104322480109,-0.11,19.699,0.55,19.513,long_nclose,10.732150000000003,0.0085541961976556,2.0
1713259200000.0,153200,1713259200000.0,0.016739999999999994,-0.000354582,1254.622867666011,1254.7102676660109,-0.09,19.699,0.46,19.513,long_nclose,8.975980000000002,0.007154325201084624,4.0
1713259620000.0,153207,1713259620000.0,0.013019999999999997,-0.00027578600000000003,1254.635611880011,1254.709321880011,-0.07,19.699,0.39,19.513,long_nclose,7.610070000000001,0.0060655619272568535,7.0
1713260520000.0,153222,1713260520000.0,0.0,-0.006673787999999999,1254.6289380920111,1254.6587280920112,1.71,19.514,2.1,19.513814285714286,long_ientry_partial,40.97901,0.03266225475583181,15.0
1713262680000.0,153258,1713262680000.0,0.0,-0.00819107,1254.620747022011,1253.3853870220112,2.15,19.049,4.25,19.27867294117647,long_rentry,81.93436,0.06530607770872654,36.0
1713263220000.0,153267,1713263220000.0,0.0,-0.008161920000000001,1254.612585102011,1251.993885102011,2.18,18.72,6.43,19.089262830482117,long_rentry,122.74396,0.09783415331356639,9.0
1713268320000.0,153352,1713268320000.0,0.19445877138413611,-0.004123994000000001,1254.8029198793952,1255.7287911080111,-1.07,19.271,5.36,19.089262830482117,long_nclose,102.31844877138415,0.08154144937853543,85.0
1713268380000.0,153353,1713268380000.0,0.16174608087091696,-0.003430238,1254.961235722266,1255.384710870011,-0.89,19.271,4.47,19.089262830482117,long_nclose,85.32900485225505,0.06799333909556639,1.0
1713268440000.0,153354,1713268440000.0,0.13448550544323432,-0.0028521080000000003,1255.0928691197093,1255.711068762011,-0.74,19.271,3.73,19.089262830482117,long_nclose,71.2029503576983,0.05673122054118454,1.0
1713268500000.0,153355,1713268500000.0,0.11267704510108821,-0.002389604,1255.2031565608104,1255.818119158011,-0.62,19.271,3.11,19.089262830482117,long_nclose,59.36760740279938,0.04729721009104491,1.0
1713268500000.0,153355,1713268500000.0,0.15235704510108825,-0.00239754,1255.3531160659115,1255.845481618011,-0.62,19.335,2.49,19.089262830482117,long_nclose,47.532264447900474,0.03786366070198596,0.0
1713268560000.0,153356,1713268560000.0,0.12041121306376329,-0.0018948300000000001,1255.4716324489752,1255.891106788011,-0.49,19.335,2.0,19.089262830482117,long_nclose,38.17852566096423,0.030409707933019253,1.0
1713274620000.0,153457,1713274620000.0,0.0,-0.00820248,1255.4634299689753,1254.720104308011,2.2,18.642,4.2,18.85498230022958,long_rentry,79.19092566096424,0.06307704690603468,101.0
1713279660000.0,153541,1713279660000.0,0.0,-0.00816849,1255.4552614789754,1253.4509658180111,2.23,18.315,6.43,18.66771005613752,long_rentry,120.03337566096424,0.09560944092867174,84.0
1713279900000.0,153545,1713279900000.0,0.19077023993285466,-0.004033044,1255.6419986749083,1255.4666727740112,-1.07,18.846,5.36,18.66771005613752,long_nclose,100.05892590089711,0.07968746347007372,4.0
1713286080000.0,153648,1713286080000.0,0.15867805003760807,-0.0033545880000000004,1255.797322136946,1256.549578186011,-0.89,18.846,4.47,18.66771005613752,long_nclose,83.44466395093471,0.06644755684694396,103.0
1713286200000.0,153650,1713286200000.0,0.13193455845823593,-0.002789208,1255.9264674874041,1257.0577389780112,-0.74,18.846,3.73,18.66771005613752,long_nclose,69.63055850939294,0.055441588589732686,2.0
1713286200000.0,153650,1713286200000.0,0.1778145584582368,-0.002798384,1256.1014836618624,1257.0083205940111,-0.74,18.908,2.99,18.66771005613752,long_nclose,55.816453067851185,0.044436260759068376,0.0
1713286200000.0,153650,1713286200000.0,0.22369455845823502,-0.0028075599999999997,1256.3223706603205,1257.0047730340111,-0.74,18.97,2.25,18.66771005613752,long_nclose,42.002347626309415,0.033432778566406536,0.0
1713286320000.0,153652,1713286320000.0,0.16928236856298867,-0.00212464,1256.4895283888836,1256.9851883940112,-0.56,18.97,1.69,18.66771005613752,long_nclose,31.548429994872407,0.025108390704477217,2.0
1713286380000.0,153653,1713286380000.0,0.1269617764222415,-0.00159348,1256.6148966853057,1257.080084914011,-0.42,18.97,1.27,18.66771005613752,long_nclose,23.70799177129465,0.0188665531769769,1.0
1713286380000.0,153653,1713286380000.0,0.15300177642224197,-0.001598688,1256.766299773728,1257.077646226011,-0.42,19.032,0.85,18.66771005613752,long_nclose,15.867553547716891,0.012625699424446482,0.0
1713286500000.0,153655,1713286500000.0,0.06348088821112075,-0.00079674,1256.8289839219392,1256.9923694860113,-0.21,18.97,0.64,18.66771005613752,long_nclose,11.947334435928013,0.009505934847751772,2.0
1713286560000.0,153656,1713286560000.0,0.048366391017996765,-0.00060704,1256.8767432729571,1257.0055224460111,-0.16,18.97,0.48,18.66771005613752,long_nclose,8.960500826946008,0.007129180227818129,1.0
1713286680000.0,153658,1713286680000.0,0.03627479326349757,-0.00045527999999999996,1256.9125627862206,1257.0163471660112,-0.12,18.97,0.36,18.66771005613752,long_nclose,6.720375620209507,0.005346732795248963,2.0
1713286740000.0,153659,1713286740000.0,0.027206094947623178,-0.00034146,1256.9394274211681,1257.056955706011,-0.09,18.97,0.27,18.66771005613752,long_nclose,5.04028171515713,0.0040099638894279515,1.0
1713286740000.0,153659,1713286740000.0,0.03278609494762328,-0.00034257600000000003,1256.9718709401157,1257.0502231300109,-0.09,19.032,0.18,18.66771005613752,long_nclose,3.3601878101047533,0.0026732402592204376,0.0
1713286740000.0,153659,1713286740000.0,0.038276094947623275,-0.00034367400000000003,1257.0098033610632,1257.0489794560108,-0.09,19.093,0.09,18.66771005613752,long_nclose,1.6800939050523767,0.0013365797948115023,0.0
1713286860000.0,153661,1713286860000.0,0.010928698315874428,-0.00011419200000000001,1257.020617867379,1257.0406152640107,-0.03,19.032,0.06,18.66771005613752,long_nclose,1.120062603368251,0.0008910455305566216,2.0
1713286980000.0,153663,1713286980000.0,0.003022899438624798,-3.794e-05,1257.0236028268175,1257.0404173240106,-0.01,18.97,0.05,18.66771005613752,long_nclose,0.933385502806876,0.0007425361788814958,2.0
1713287220000.0,153667,1713287220000.0,0.003022899438624798,-3.794e-05,1257.026587786256,1257.0399193840105,-0.01,18.97,0.04,18.66771005613752,long_nclose,0.7467084022455008,0.000594027532512678,4.0
1713287280000.0,153668,1713287280000.0,0.0036428994386248094,-3.806400000000001e-05,1257.0301926216946,1257.0429813200105,-0.01,19.032,0.03,18.66771005613752,long_nclose,0.5600313016841255,0.00044551937174723685,1.0
1713287280000.0,153668,1713287280000.0,0.0042528994386248084,-3.8186e-05,1257.0344073351332,1257.0429331340104,-0.01,19.093,0.02,18.66771005613752,long_nclose,0.3733542011227504,0.00029701191864290146,0.0
1713287580000.0,153673,1713287580000.0,0.0036428994386248094,-3.806400000000001e-05,1257.0380121705718,1257.0417550700104,-0.01,19.032,0.01,18.66771005613752,long_nclose,0.1866771005613752,0.00014850553344765866,5.0
1713287700000.0,153675,1713287700000.0,0.0042528994386248084,-3.8186e-05,1257.0422268840105,1257.0422268840105,-0.01,19.093,0.0,18.66771005613752,long_nclose,0.0,0.0,2.0
1713312960000.0,154096,1713312960000.0,0.0,-0.008180478,1257.0340464060105,1256.9147664060106,2.13,19.203,2.13,19.203,long_ientry_normal,40.90239,0.03253880840932203,421.0
1713314100000.0,154115,1713314100000.0,0.0,-0.008210748,1257.0258356580105,1256.2986656580106,2.19,18.746,4.32,18.971326388888887,long_rentry,81.95613,0.06519844515136695,19.0
1713314760000.0,154126,1713314760000.0,0.13008500000000225,-0.0027578880000000004,1257.1531627700106,1257.9151877700106,-0.72,19.152,3.6,18.971326388888887,long_nclose,68.296775,0.05432653476328606,11.0
1713314820000.0,154127,1713314820000.0,0.1754450000000014,-0.00276696,1257.3258408100107,1257.9757808100107,-0.72,19.215,2.88,18.971326388888887,long_nclose,54.63741999999999,0.043455258952445265,1.0
1713314880000.0,154128,1713314880000.0,0.13889395833333443,-0.0021905099999999997,1257.462544258344,1258.2009903000107,-0.57,19.215,2.31,18.971326388888887,long_nclose,43.82376395833333,0.03485094976262752,1.0
1713314880000.0,154128,1713314880000.0,0.1748039583333338,-0.002197692,1257.6351505246773,1258.1913826080106,-0.57,19.278,1.74,18.971326388888887,long_nclose,33.01010791666666,0.02624776184324608,0.0
1713314940000.0,154129,1713314940000.0,0.21441069444444627,-0.002243556,1257.8473176631219,1258.2413390520107,-0.58,19.341,1.16,18.971326388888887,long_nclose,22.006738611111107,0.017495556338265356,1.0
1713315060000.0,154131,1713315060000.0,0.0,-0.0037549680000000005,1257.8435626951218,1258.0280040840107,0.98,19.158,2.14,19.056812435098646,long_ientry_partial,40.78157861111111,0.03242182082144647,2.0
1713315060000.0,154131,1713315060000.0,0.03638313992731142,-0.0008838900000000001,1257.879061945049,1258.0436801940107,-0.23,19.215,1.91,19.056812435098646,long_nclose,36.39851175103841,0.028936415949841525,0.0
1713317580000.0,154173,1713317580000.0,0.0,-0.008190160000000002,1257.870871785049,1256.8853600340108,2.2,18.614,4.11,18.819783881031242,long_rentry,77.34931175103841,0.06149225130022427,42.0
1713320640000.0,154224,1713320640000.0,0.0,-0.008192128000000002,1257.862679657049,1255.7323279060106,2.24,18.286,6.35,18.63148846473046,long_rentry,118.30995175103841,0.09405633354452898,51.0
1713329400000.0,154370,1713329400000.0,0.18638711203301864,-0.003949890000000001,1258.0451168790821,1258.8375280160108,-1.05,18.809,5.3,18.63148846473046,long_nclose,98.74688886307143,0.07849232713373551,146.0
1713329460000.0,154371,1713329460000.0,0.15621015103719657,-0.003310384000000001,1258.1980166461192,1258.9472576320106,-0.88,18.809,4.42,18.63148846473046,long_nclose,82.35117901410862,0.0654516840152282,1.0
1713329520000.0,154372,1713329520000.0,0.12958342074676532,-0.002746114,1258.3248539528659,1258.9798715180104,-0.73,18.809,3.69,18.63148846473046,long_nclose,68.75019243485539,0.05463628268875521,1.0
1713329640000.0,154374,1713329640000.0,0.10828203651442035,-0.002294698,1258.4308412913801,1258.8050968200102,-0.61,18.809,3.08,18.63148846473046,long_nclose,57.38498447136982,0.0456004276027456,2.0
1713330780000.0,154393,1713330780000.0,0.0905308829874662,-0.0019185180000000003,1258.5194536563677,1259.0578983020105,-0.51,18.809,2.57,18.63148846473046,long_nclose,47.882925354357276,0.03804702836753405,19.0
1713330900000.0,154395,1713330900000.0,0.07455484481320745,-0.001579956,1258.592428545181,1259.0170783460105,-0.42,18.809,2.15,18.63148846473046,long_nclose,40.05770019917048,0.03182738056471034,2.0
1713330960000.0,154396,1713330960000.0,0.10298996016590184,-0.0016229059999999997,1258.693795599347,1259.0231954400106,-0.43,18.871,1.72,18.63148846473046,long_nclose,32.04616015933639,0.025459853914729994,1.0
1713331560000.0,154406,1713331560000.0,0.0,-0.0018228000000000003,1258.691972799347,1258.8168226400105,0.49,18.6,2.21,18.62450685942823,long_ientry_partial,41.160160159336385,0.03270074096666849,10.0
1713343560000.0,154606,1713343560000.0,0.0,-0.008217812,1258.683754987347,1257.7527748280106,2.26,18.181,4.47,18.400272966294494,long_rentry,82.24922015933639,0.06534542122549537,200.0
1713357240000.0,154834,1713357240000.0,0.0,-0.00821882,1258.675536167347,1255.8043660080107,2.3,17.867,6.77,18.219101943771992,long_rentry,123.34332015933639,0.09799453204192354,228.0
1713362760000.0,154926,1713362760000.0,0.0,-0.008200202,1258.667335965347,1254.6104058060107,2.33,17.597,9.1,18.059816501025978,long_rentry,164.34433015933638,0.13057010813209902,92.0
1713363540000.0,154939,1713363540000.0,0.0,-0.0105141,1258.6568218653472,1253.3619717060108,3.03,17.35,12.13,17.882508669359968,long_rentry,216.91483015933642,0.17233834226383135,13.0
1713377580000.0,155173,1713377580000.0,0.34439248789286636,-0.007293412000000001,1258.99392094124,1260.7074782940108,-2.02,18.053,10.11,17.882508669359968,long_nclose,180.79216264722928,0.1436005048476062,234.0
1713377640000.0,155174,1713377640000.0,0.2864254354752552,-0.006065808,1259.2742805687153,1260.5850724860109,-1.68,18.053,8.43,17.882508669359968,long_nclose,150.74954808270454,0.11971144841822927,1.0
1713377700000.0,155175,1713377700000.0,0.238687862896046,-0.0050548400000000005,1259.5079135916114,1260.579927646011,-1.4,18.053,7.03,17.882508669359968,long_nclose,125.71403594560059,0.09981202546565553,1.0
1713377760000.0,155176,1713377760000.0,0.19947485684883842,-0.004224402,1259.7031640464602,1260.2920432440108,-1.17,18.053,5.86,17.882508669359968,long_nclose,104.79150080244942,0.08318745542071569,1.0
1713378180000.0,155183,1713378180000.0,0.16537659072083186,-0.0035022820000000007,1259.865038355181,1260.6400609620107,-0.97,18.053,4.89,17.882508669359968,long_nclose,87.44546739317023,0.06940859912053343,7.0
1713378240000.0,155184,1713378240000.0,0.13809797781842661,-0.0029245860000000007,1260.0002117469994,1260.8875763760107,-0.81,18.053,4.08,17.882508669359968,long_nclose,72.96063537098867,0.05790525643628918,1.0
1713378240000.0,155184,1713378240000.0,0.1866979778184256,-0.0029343060000000002,1260.1839754188177,1260.8951720700106,-0.81,18.113,3.27,17.882508669359968,long_nclose,58.4758033488071,0.04640259239082363,0.0
1713378360000.0,155186,1713378360000.0,0.09206531854561775,-0.0019497240000000003,1260.2740910133632,1260.6658223460106,-0.54,18.053,2.73,17.882508669359968,long_nclose,48.81924866735271,0.03873700888994556,2.0
1713378420000.0,155187,1713378420000.0,0.0767210987880148,-0.0016247700000000002,1260.3491873421513,1260.7584275760105,-0.45,18.053,2.28,17.882508669359968,long_nclose,40.772119766140726,0.03234986000357707,1.0
1713378600000.0,155190,1713378600000.0,0.06478670564321248,-0.0013720280000000002,1260.4126020197943,1260.7175355480103,-0.38,18.053,1.9,17.882508669359968,long_nclose,33.97676647178394,0.0269568603307652,3.0
1713379200000.0,155200,1713379200000.0,0.05285231249841019,-0.001119286,1260.4643350462927,1260.7226962620105,-0.31,18.053,1.59,17.882508669359968,long_nclose,28.43318878428235,0.022557709880175303,10.0
1713379260000.0,155201,1713379260000.0,0.044327745966408545,-0.0009387560000000001,1260.507724036259,1260.7278275060103,-0.26,18.053,1.33,17.882508669359968,long_nclose,23.78373653024876,0.01886837825482822,1.0
1713379320000.0,155202,1713379320000.0,0.03750809274080723,-0.0007943320000000001,1260.544437797,1260.7669831740104,-0.22,18.053,1.11,17.882508669359968,long_nclose,19.849584622989568,0.01574683448501018,1.0
1713379680000.0,155208,1713379680000.0,0.030688439515205914,-0.000649908,1260.5744763285152,1260.7386132660104,-0.18,18.053,0.93,17.882508669359968,long_nclose,16.63073306250477,0.01319297937155018,6.0
1713379800000.0,155210,1713379800000.0,0.025573699596004928,-0.00054159,1260.5995084381111,1260.7363916760103,-0.15,18.053,0.78,17.882508669359968,long_nclose,13.948356762100776,0.011064859750249194,2.0
1713380940000.0,155229,1713380940000.0,0.0,-0.00547615,1260.594032288111,1260.4243755260102,1.55,17.665,2.33,17.737814060987457,long_ientry_partial,41.32910676210078,0.032785421558028556,19.0
1713385380000.0,155303,1713385380000.0,0.06429065682476633,-0.001360932,1260.656962012936,1260.9634745940104,-0.38,17.907,1.95,17.737814060987457,long_nclose,34.58873741892554,0.027437073257182087,74.0
1713385740000.0,155309,1713385740000.0,0.05413950048401375,-0.0011460480000000002,1260.70995546542,1260.9612785460106,-0.32,17.907,1.63,17.737814060987457,long_nclose,28.912636919409554,0.022933615138095574,6.0
1713386100000.0,155315,1713386100000.0,0.04568020353338661,-0.0009669780000000002,1260.7546686909536,1261.0024415680107,-0.27,17.907,1.36,17.737814060987457,long_nclose,24.123427122942942,0.01913411682860583,6.0
1713386220000.0,155317,1713386220000.0,0.03722090658275946,-0.000787908,1260.7911016895364,1260.9748536600107,-0.22,17.907,1.14,17.737814060987457,long_nclose,20.2211080295257,0.016038428572685982,2.0
1713386940000.0,155329,1713386940000.0,0.0,-0.004175076,1260.7869266135365,1260.6755585840108,1.18,17.691,2.32,17.714003461002456,long_ientry_partial,41.096488029525695,0.03259590273505653,12.0
1713388320000.0,155352,1713388320000.0,0.0642186848190665,-0.0013591080000000001,1260.8497861903554,1261.1407794760107,-0.38,17.883,1.94,17.714003461002456,long_nclose,34.36516671434476,0.02725555977463323,23.0
1713388560000.0,155356,1713388560000.0,0.054078892479213894,-0.001144512,1260.9027205708346,1261.2283349640106,-0.32,17.883,1.62,17.714003461002456,long_nclose,28.69668560682398,0.02275884185088636,4.0
1713388620000.0,155357,1713388620000.0,0.07295889247921424,-0.0011482880000000001,1260.9745311753138,1261.2813266760106,-0.32,17.942,1.3,17.714003461002456,long_nclose,23.028204499303193,0.01826222808627177,1.0
1713388740000.0,155359,1713388740000.0,0.059279100139361565,-0.0009329840000000001,1261.0328772914531,1261.2918336920106,-0.26,17.942,1.04,17.714003461002456,long_nclose,18.422563599442555,0.014609106496106592,2.0
1713388920000.0,155362,1713388920000.0,0.045599307799508895,-0.00071768,1261.0777589192526,1261.2734760120104,-0.2,17.942,0.84,17.714003461002456,long_nclose,14.879762907242062,0.011799242990372032,3.0
1713389040000.0,155364,1713389040000.0,0.03647944623960712,-0.0005741440000000001,1261.1136642214922,1261.2489818680106,-0.16,17.942,0.68,17.714003461002456,long_nclose,12.04552235348167,0.009551496185649202,2.0
1713389460000.0,155371,1713389460000.0,0.018589619289729777,-0.000393426,1261.1318604147818,1261.2401584420104,-0.11,17.883,0.57,17.714003461002456,long_nclose,10.096981972771399,0.008006285694384517,7.0
1713391500000.0,155405,1713391500000.0,0.0,-0.00619185,1261.1256685647818,1261.1334365920104,1.75,17.691,2.32,17.696651712401465,long_ientry_partial,41.05623197277139,0.03255522664882021,34.0
1713398460000.0,155521,1713398460000.0,0.0,-0.008223376,1261.1174451887819,1260.1838332160105,2.38,17.276,4.7,17.483640845270507,long_rentry,82.17311197277138,0.06515896856891909,116.0
1713399240000.0,155534,1713399240000.0,0.0,-0.008216868,1261.1092283207818,1258.6995363480103,2.42,16.977,7.12,17.311439883816206,long_rentry,123.25745197277139,0.09773733250441256,13.0
1713399840000.0,155544,1713399840000.0,0.0,-0.008226732,1261.1010015887819,1256.8970696160104,2.46,16.721,9.58,17.15982379674023,long_rentry,164.3911119727714,0.13035523067991014,10.0
1713402780000.0,155593,1713402780000.0,0.2610401631830361,-0.0055090320000000005,1261.356532719965,1262.1569405840105,-1.59,17.324,7.99,17.15982379674023,long_nclose,137.10699213595444,0.10869804736357894,49.0
1713405540000.0,155639,1713405540000.0,0.2183543503354956,-0.004608184000000001,1261.5702788863002,1262.7436124000103,-1.33,17.324,6.66,17.15982379674023,long_nclose,114.28442648628993,0.09058902892606104,46.0
1713405660000.0,155641,1713405660000.0,0.18223558561834596,-0.003845928000000001,1261.7486685439187,1262.8929464720104,-1.11,17.324,5.55,17.15982379674023,long_nclose,95.23702207190827,0.07548018432372396,2.0
1713405720000.0,155642,1713405720000.0,0.2455055856183444,-0.0038585820000000006,1261.990315547537,1262.8746578900104,-1.11,17.381,4.44,17.15982379674023,long_nclose,76.18961765752663,0.06037258504988638,1.0
1713405780000.0,155643,1713405780000.0,0.19463505886859736,-0.003059056,1262.1818915504057,1263.0191188340104,-0.88,17.381,3.56,17.15982379674023,long_nclose,61.08897271639522,0.04839950020306214,1.0
1713405840000.0,155644,1713405840000.0,0.2466868209011959,-0.0031037860000000003,1262.4254745853068,1263.1628650480104,-0.89,17.437,2.67,17.15982379674023,long_nclose,45.81672953729642,0.03629262119599315,1.0
1713405900000.0,155645,1713405900000.0,0.18293629415144863,-0.0023016840000000005,1262.6061091954582,1263.0667533640103,-0.66,17.437,2.01,17.15982379674023,long_nclose,34.49124583144786,0.027317502727296272,1.0
1713405960000.0,155646,1713405960000.0,0.13858810162988533,-0.0017437000000000002,1262.7429535970882,1263.1750796640106,-0.5,17.437,1.51,17.15982379674023,long_nclose,25.91133393307775,0.020519880043096603,1.0
1713406140000.0,155649,1713406140000.0,0.10255519520611514,-0.001290338,1262.8442184542944,1263.1145993260104,-0.37,17.437,1.14,17.15982379674023,long_nclose,19.56219912828386,0.0154905877086152,3.0
1713406260000.0,155651,1713406260000.0,0.04865876471714934,-0.000764764,1262.8921124550116,1263.0403945620105,-0.22,17.381,0.92,17.15982379674023,long_nclose,15.787037893001013,0.012500701950154432,2.0
1713406320000.0,155652,1713406320000.0,0.024626430488965668,-0.0005197200000000001,1262.9162191655005,1263.0326248420106,-0.15,17.324,0.77,17.15982379674023,long_nclose,13.213064323489977,0.010462344313085787,1.0
1713406440000.0,155654,1713406440000.0,0.0,-0.0055867320000000005,1262.9106324335005,1262.9698981100105,1.62,17.243,2.39,17.216202645811705,long_ientry_partial,41.14672432348998,0.032580867772254336,2.0
1713409740000.0,155709,1713409740000.0,0.06427096813343497,-0.0013557180000000001,1262.973547683634,1263.3151423920106,-0.39,17.381,2.0,17.216202645811705,long_nclose,34.43240529162341,0.027262966318474698,55.0
1713415800000.0,155810,1713415800000.0,0.0,-0.008242290000000001,1262.965305393634,1262.0725501020106,2.45,16.821,4.45,16.998619166656947,long_rentry,75.64385529162342,0.059893850582100644,101.0
1713421920000.0,155912,1713421920000.0,0.0,-0.008227458000000002,1262.957077935634,1260.7414526440107,2.49,16.521,6.94,16.827254364787237,long_rentry,116.78114529162343,0.09246644033422577,102.0
1713428400000.0,156020,1713428400000.0,0.0,-0.008231101999999999,1262.948846833634,1259.0417415420106,2.53,16.267,9.47,16.67757711632771,long_rentry,157.93665529162342,0.12505388138845827,108.0
1713433560000.0,156106,1713433560000.0,0.25029392736549283,-0.005286818,1263.1938539429993,1264.5954947240105,-1.57,16.837,7.9,16.67757711632771,long_nclose,131.75285921898893,0.10430137766086232,86.0
1713433800000.0,156110,1713433800000.0,0.2088439776106978,-0.0044112940000000005,1263.3982866266101,1264.4093434300105,-1.31,16.837,6.59,16.67757711632771,long_nclose,109.90523319659961,0.0869917541918287,4.0
1713433860000.0,156111,1713433860000.0,0.17377094320279438,-0.0036704660000000007,1263.568387103813,1264.4947129640104,-1.09,16.837,5.5,16.67757711632771,long_nclose,91.72667413980241,0.07259335946987908,1.0
1713433920000.0,156112,1713433920000.0,0.23586517203951696,-0.003716240000000001,1263.8005360358525,1264.7483967240105,-1.1,16.892,4.4,16.67757711632771,long_nclose,73.38133931184194,0.05806401977167717,1.0
1713434040000.0,156114,1713434040000.0,0.2963651720395166,-0.00372834,1264.093172867892,1264.8997683840105,-1.1,16.947,3.3,16.67757711632771,long_nclose,55.03600448388144,0.043537933488731174,2.0
1713434100000.0,156115,1713434100000.0,0.22092676461127603,-0.002779308,1264.3113203245032,1264.9422890760104,-0.82,16.947,2.48,16.67757711632771,long_nclose,41.360391248492725,0.03271377119195373,1.0
1713434160000.0,156116,1713434160000.0,0.16704218787681846,-0.0021014280000000002,1264.47626108438,1264.9811076480105,-0.62,16.947,1.86,16.67757711632771,long_nclose,31.020293436369546,0.024532127957679013,1.0
1713434460000.0,156121,1713434460000.0,0.20176218787681904,-0.002108372,1264.6759149002567,1265.0893592760103,-0.62,17.003,1.24,16.67757711632771,long_nclose,20.680195624246362,0.016352170054473904,5.0
1713434580000.0,156123,1713434580000.0,0.13342338230563838,-0.001394246,1264.8079440365623,1265.0797050300102,-0.41,17.003,0.83,16.67757711632771,long_nclose,13.842389006552,0.010944261594669312,2.0
1713434760000.0,156126,1713434760000.0,0.08786417859151797,-0.0009181620000000001,1264.8948900531536,1265.0687268680101,-0.27,17.003,0.56,16.67757711632771,long_nclose,9.33944318514352,0.007383572547084174,3.0
1713434880000.0,156128,1713434880000.0,0.058576119061011976,-0.000612108,1264.9528540642145,1265.07575476001,-0.18,17.003,0.38,16.67757711632771,long_nclose,6.33747930420453,0.005010051784809691,2.0
1713435120000.0,156132,1713435120000.0,0.01500960185706017,-0.00023648800000000003,1264.9676271780718,1265.0297582720102,-0.07,16.892,0.31,16.67757711632771,long_nclose,5.170048906061591,0.004087099776296325,4.0
1713435240000.0,156134,1713435240000.0,0.012865373020337287,-0.000202704,1264.980289847092,1265.03564556801,-0.06,16.892,0.25,16.67757711632771,long_nclose,4.169394279081928,0.0032960152126843925,2.0
1713435360000.0,156136,1713435360000.0,0.01616537302033727,-0.00020336399999999999,1264.9962518561124,1265.05333220401,-0.06,16.947,0.19,16.67757711632771,long_nclose,3.168739652102265,0.002504939953342008,2.0
1713435540000.0,156139,1713435540000.0,0.010776915346891514,-0.000135576,1265.0068931954593,1265.0491066280101,-0.04,16.947,0.15,16.67757711632771,long_nclose,2.5016365674491565,0.0019775675380945316,3.0
1713435780000.0,156143,1713435780000.0,0.006432686510168643,-0.000101352,1265.0132245299694,1265.04183527601,-0.03,16.892,0.12,16.67757711632771,long_nclose,2.001309253959325,0.0015820461123660862,4.0
1713435900000.0,156145,1713435900000.0,0.008082686510168635,-0.00010168199999999999,1265.0212055344796,1265.04500359401,-0.03,16.947,0.09,16.67757711632771,long_nclose,1.500981940469494,0.0011865270984412625,2.0
1713435960000.0,156146,1713435960000.0,0.005388457673445757,-6.7788e-05,1265.026526204153,1265.04580580601,-0.02,16.947,0.07,16.67757711632771,long_nclose,1.16743039814294,0.0009228505283963802,1.0
1713436080000.0,156148,1713436080000.0,0.0026942288367228784,-3.3894e-05,1265.0291865389897,1265.04613191201,-0.01,16.947,0.06,16.67757711632771,long_nclose,1.0006546269796626,0.0007910130751349436,2.0
1713436200000.0,156150,1713436200000.0,0.006508457673445775,-6.801200000000001e-05,1265.0356269846632,1265.0487239000101,-0.02,17.003,0.04,16.67757711632771,long_nclose,0.6671030846531084,0.0005273393653293498,2.0
1713436320000.0,156152,1713436320000.0,0.0032542288367228877,-3.4006000000000006e-05,1265.0388472074999,1265.04926989401,-0.01,17.003,0.03,16.67757711632771,long_nclose,0.5003273134898313,0.0003955035172194711,2.0
1713436380000.0,156153,1713436380000.0,0.003804228836722885,-3.4116e-05,1265.0426173203366,1265.05028577801,-0.01,17.058,0.02,16.67757711632771,long_nclose,0.3335515423265542,0.00026366822568641703,1.0
1713436500000.0,156155,1713436500000.0,0.003804228836722885,-3.4116e-05,1265.0463874331733,1265.05023166201,-0.01,17.058,0.01,16.67757711632771,long_nclose,0.1667757711632771,0.00013183371994893517,2.0
1713436560000.0,156156,1713436560000.0,0.004354228836722882,-3.4226e-05,1265.05070743601,1265.05070743601,-0.01,17.113,0.0,16.67757711632771,long_nclose,0.0,0.0,1.0
1713462720000.0,156592,1713462720000.0,0.0,-0.008245223999999999,1265.0424622120102,1264.86462221201,2.34,17.618,2.34,17.618,long_ientry_normal,41.226119999999995,0.03258872427721786,436.0
1713467100000.0,156665,1713467100000.0,0.0655200000000011,-0.0013873080000000003,1265.1065949040103,1265.3444949040104,-0.39,17.786,1.95,17.618,long_nclose,34.35509999999999,0.027155893533703915,73.0
1713467700000.0,156675,1713467700000.0,0.053760000000000904,-0.0011383040000000001,1265.1592166000103,1265.4395766000102,-0.32,17.786,1.63,17.618,long_nclose,28.717339999999997,0.02269859763356504,10.0
1713467820000.0,156677,1713467820000.0,0.04536000000000076,-0.0009604440000000003,1265.2036161560104,1265.4470561560104,-0.27,17.786,1.36,17.618,long_nclose,23.96048,0.01893804261546267,2.0
1713468120000.0,156682,1713468120000.0,0.06129000000000009,-0.00096363,1265.2639425260106,1265.5549725260107,-0.27,17.845,1.09,17.618,long_nclose,19.20362,0.015177560471423315,5.0
1713468180000.0,156683,1713468180000.0,0.07695000000000005,-0.000966762,1265.3399257640106,1265.5605057640105,-0.27,17.903,0.82,17.618,long_nclose,14.446759999999998,0.011417295626135453,1.0
1713468240000.0,156684,1713468240000.0,0.05700000000000003,-0.00071612,1265.3962096440105,1265.5933696440104,-0.2,17.903,0.62,17.618,long_nclose,10.92316,0.008632205404719028,1.0
1713468420000.0,156687,1713468420000.0,0.0686,-0.0007184400000000001,1265.4640912040106,1265.6089912040106,-0.2,17.961,0.42,17.618,long_nclose,7.399559999999999,0.005847309340053874,3.0
1713468600000.0,156690,1713468600000.0,0.04802,-0.000502908,1265.5116082960105,1265.6003682960106,-0.14,17.961,0.28,17.618,long_nclose,4.93304,0.003898059857895933,3.0
1713468720000.0,156692,1713468720000.0,0.030869999999999995,-0.00032329799999999997,1265.5421549980106,1265.6221449980105,-0.09,17.961,0.19,17.618,long_nclose,3.3474199999999996,0.002645048200709886,2.0
1713468720000.0,156692,1713468720000.0,0.036180000000000094,-0.00032436,1265.5780106380107,1265.6201106380106,-0.09,18.02,0.1,17.618,long_nclose,1.7618,0.0013920911908953213,0.0
1713468720000.0,156692,1713468720000.0,0.04600000000000009,-0.00036156000000000003,1265.6236490780107,1265.6236490780107,-0.1,18.078,0.0,17.618,long_nclose,0.0,0.0,0.0
1713490440000.0,157054,1713490440000.0,0.0,-0.00823762,1265.6154114580106,1265.6667014580107,2.23,18.47,2.23,18.47,long_ientry_normal,41.1881,0.032543930507728726,362.0
1713491880000.0,157078,1713491880000.0,0.0,-0.008258198000000001,1265.6071532600106,1264.5377832600107,2.29,18.031,4.52,18.24758628318584,long_rentry,82.47908999999999,0.06516958266832362,24.0
1713492420000.0,157087,1713492420000.0,0.0,-0.008257054000000002,1265.5988962060105,1262.0588862060106,2.33,17.719,6.85,18.067789781021897,long_rentry,123.76436,0.09779114091440705,9.0
1713492600000.0,157090,1713492600000.0,0.0,-0.008236872,1265.5906593340105,1261.9919293340106,2.36,17.451,9.21,17.90974158523344,long_rentry,164.94872,0.1303333892230215,3.0
1713493260000.0,157101,1713493260000.0,0.0,-0.010530072,1265.5801292620106,1259.9452992620106,3.06,17.206,12.27,17.734236348818257,long_rentry,217.59908000000001,0.17193623301188138,11.0
1713495300000.0,157135,1713495300000.0,0.3463178484107554,-0.007304832000000001,1265.9191422784213,1267.0215644300106,-2.04,17.904,10.23,17.734236348818257,long_nclose,181.42123784841078,0.14331186865686063,34.0
1713495540000.0,157139,1713495540000.0,0.2885982070089628,-0.00608736,1266.2016531254303,1267.7009170700105,-1.7,17.904,8.53,17.734236348818257,long_nclose,151.2730360554197,0.11946994041748779,4.0
1713495600000.0,157140,1713495600000.0,0.38719820700896257,-0.00610708,1266.5827442524392,1268.1588599900106,-1.7,17.962,6.83,17.734236348818257,long_nclose,121.12483426242869,0.09563120515582173,1.0
1713495660000.0,157141,1713495660000.0,0.48749820700896435,-0.0061271400000000005,1267.064115319448,1268.1350728500104,-1.7,18.021,5.13,17.734236348818257,long_nclose,90.97663246943766,0.07180112779573189,1.0
1713495660000.0,157141,1713495660000.0,0.5877982070089601,-0.006147199999999999,1267.645766326457,1268.3618256500104,-1.7,18.08,3.43,17.734236348818257,long_nclose,60.82843067644662,0.04798535386799964,0.0
1713495720000.0,157142,1713495720000.0,0.15487928280358504,-0.0024428320000000002,1267.7982027772607,1268.1138028180105,-0.68,17.962,2.75,17.734236348818257,long_nclose,48.76914995925021,0.03846759669828815,1.0
1713495840000.0,157144,1713495840000.0,0.0763936430317843,-0.0016113600000000003,1267.8729850602924,1268.2841414580105,-0.45,17.904,2.3,17.734236348818257,long_nclose,40.78874360228199,0.032171001419627476,2.0
1713495960000.0,157146,1713495960000.0,0.06451018744906228,-0.0013607040000000001,1267.9361345437414,1268.4291207540105,-0.38,17.904,1.92,17.734236348818257,long_nclose,34.04973378973105,0.02685445493828727,2.0
1713495960000.0,157146,1713495960000.0,0.08655018744906222,-0.0013651120000000001,1268.0213196191905,1268.4167356420105,-0.38,17.962,1.54,17.734236348818257,long_nclose,27.310723977180118,0.02153806371755801,0.0
1713496020000.0,157147,1713496020000.0,0.0,-0.002734632,1268.0185849871905,1268.4117010100103,0.76,17.991,2.3,17.81907999007831,long_ientry_partial,40.98388397718011,0.03232120133128343,1.0
1713496440000.0,157154,1713496440000.0,0.06456960377024203,-0.0013671640000000001,1268.0817874269608,1268.5942738460103,-0.38,17.989,1.92,17.81907999007831,long_nclose,34.21263358095035,0.026979831995198447,7.0
1713496440000.0,157154,1713496440000.0,0.08698960377024108,-0.001371648,1268.167405382731,1268.5784621980104,-0.38,18.048,1.54,17.81907999007831,long_nclose,27.4413831847206,0.02163861259029823,0.0
1713496440000.0,157154,1713496440000.0,0.10940960377024148,-0.001376132,1268.2754388545013,1268.5850660660105,-0.38,18.107,1.16,17.81907999007831,long_nclose,20.67013278849084,0.016297826288554463,0.0
1713496500000.0,157155,1713496500000.0,0.0,-0.004087436,1268.2713514185014,1268.4023586300104,1.13,18.086,2.29,17.950791610694687,long_ientry_partial,41.10731278849083,0.03241208022440486,1.0
1713496860000.0,157161,1713496860000.0,0.06505918793601907,-0.0013772720000000001,1268.3350333344374,1268.6142913580106,-0.38,18.122,1.91,17.950791610694687,long_nclose,34.28601197642685,0.02703229909710003,6.0
1713496980000.0,157163,1713496980000.0,0.05307460068464714,-0.001123564,1268.386984371122,1268.8481177940105,-0.31,18.122,1.6,17.950791610694687,long_nclose,28.7212665771115,0.022643930386396838,2.0
1713496980000.0,157163,1713496980000.0,0.07167460068464675,-0.0011272839999999999,1268.4575316878067,1268.8293205100106,-0.31,18.182,1.29,17.950791610694687,long_nclose,23.156521177796147,0.018255653499872505,0.0
1713496980000.0,157163,1713496980000.0,0.08996460068464707,-0.001130942,1268.5463653464915,1268.8288095680107,-0.31,18.241,0.98,17.950791610694687,long_nclose,17.59177577848079,0.013867664800470863,0.0
1713497040000.0,157164,1713497040000.0,0.06965001343327515,-0.0008755680000000001,1268.6151397919248,1268.9246140000107,-0.24,18.241,0.74,17.950791610694687,long_nclose,13.283585791914067,0.010470934308802912,1.0
1713497040000.0,157164,1713497040000.0,0.08405001343327484,-0.0008784479999999999,1268.6983113573579,1268.9074155520104,-0.24,18.301,0.5,17.950791610694687,long_nclose,8.975395805347343,0.007074491803922027,0.0
1713497040000.0,157164,1713497040000.0,0.0982100134332751,-0.00088128,1268.7956400907913,1268.9043742720107,-0.24,18.36,0.26,17.950791610694687,long_nclose,4.6672058187806185,0.003678453543902978,0.0
1713497100000.0,157165,1713497100000.0,0.12199418121938195,-0.0009578400000000003,1268.9166764320107,1268.9166764320107,-0.26,18.42,0.0,17.950791610694687,long_nclose,0.0,0.0,1.0
1713497580000.0,157173,1713497580000.0,0.0,-0.008259527999999999,1268.9084169040107,1268.8605369040106,2.28,18.113,2.28,18.113,long_ientry_normal,41.297639999999994,0.03254580035079399,8.0
1713499320000.0,157202,1713499320000.0,0.06574000000000069,-0.0013897360000000001,1268.9727671680107,1269.3432671680107,-0.38,18.286,1.9,18.113,long_nclose,34.414699999999996,0.02712012494704981,29.0
1713499380000.0,157203,1713499380000.0,0.0885400000000002,-0.001394296,1269.0599128720107,1269.4171128720106,-0.38,18.346,1.52,18.113,long_nclose,27.53176,0.02169461009740103,1.0
1713499440000.0,157204,1713499440000.0,0.11133999999999972,-0.001398856,1269.1698540160107,1269.5540340160107,-0.38,18.406,1.14,18.113,long_nclose,20.648819999999997,0.01626954811025594,1.0
1713499440000.0,157204,1713499440000.0,0.1341400000000006,-0.0014034160000000002,1269.3025906000107,1269.5587106000107,-0.38,18.466,0.76,18.113,long_nclose,13.76588,0.010845231154450527,0.0
1713499500000.0,157205,1713499500000.0,0.08825000000000038,-0.0009233,1269.3899173000107,1269.5928973000107,-0.25,18.466,0.51,18.113,long_nclose,9.23763,0.007277220241081178,1.0
1713499500000.0,157205,1713499500000.0,0.10325000000000006,-0.0009263,1269.4922410000106,1269.5957210000106,-0.25,18.526,0.26,18.113,long_nclose,4.70938,0.0037096563869427864,0.0
1713499560000.0,157206,1713499560000.0,0.053690000000000036,-0.00048167600000000006,1269.5454493240106,1269.5853593240106,-0.13,18.526,0.13,18.113,long_nclose,2.35469,0.0018547504551757416,1.0
1713499620000.0,157207,1713499620000.0,0.014120000000000061,-0.00014772800000000002,1269.5594215960107,1269.5949715960107,-0.04,18.466,0.09,18.113,long_nclose,1.63017,0.0012840438755916223,1.0
1713499680000.0,157208,1713499680000.0,0.01652000000000001,-0.00014820800000000001,1269.5757933880107,1269.5970933880108,-0.04,18.526,0.05,18.113,long_nclose,0.9056500000000001,0.0007133485095704036,1.0
1713499680000.0,157208,1713499680000.0,0.02364999999999995,-0.00018586,1269.5992575280106,1269.5992575280106,-0.05,18.586,0.0,18.113,long_nclose,0.0,0.0,0.0
1713505020000.0,157297,1713505020000.0,0.0,-0.00826256,1269.5909949680106,1269.6407149680106,2.26,18.28,2.26,18.28,long_ientry_normal,41.312799999999996,0.03254024340416887,89.0
1713505320000.0,157302,1713505320000.0,0.06474999999999895,-0.00136567,1269.6543792980106,1270.0418292980105,-0.37,18.455,1.89,18.28,long_nclose,34.5492,0.027211499887947604,5.0
1713505440000.0,157304,1713505440000.0,0.05424999999999912,-0.0011442099999999999,1269.7074850880106,1270.0234850880106,-0.31,18.455,1.58,18.28,long_nclose,28.882400000000004,0.02274728655159342,2.0
1713505500000.0,157305,1713505500000.0,0.07284999999999982,-0.0011479300000000001,1269.7791871580107,1270.1208171580106,-0.31,18.515,1.27,18.28,long_nclose,23.215600000000002,0.01828317886668201,1.0
1713505500000.0,157305,1713505500000.0,0.0917599999999998,-0.001151712,1269.8697954460108,1270.1280354460107,-0.31,18.576,0.96,18.28,long_nclose,17.5488,0.013819369562874289,0.0
1713505560000.0,157306,1713505560000.0,0.07103999999999985,-0.000891648,1269.9399437980107,1270.1696237980107,-0.24,18.576,0.72,18.28,long_nclose,13.1616,0.01036395466122405,1.0
1713505560000.0,157306,1713505560000.0,0.08543999999999954,-0.0008945279999999999,1270.024489270011,1270.1776092700109,-0.24,18.636,0.48,18.28,long_nclose,8.7744,0.006908843155491734,0.0
1713505680000.0,157308,1713505680000.0,0.03551999999999993,-0.000445824,1270.0595634460108,1270.1762034460107,-0.12,18.576,0.36,18.28,long_nclose,6.5808,0.005181489269798128,2.0
1713506160000.0,157316,1713506160000.0,0.010499999999999829,-0.00022146,1270.069841986011,1270.1280419860109,-0.06,18.455,0.3,18.28,long_nclose,5.484,0.004317872780464307,8.0
1713506580000.0,157323,1713506580000.0,0.0,-0.007170072,1270.062671914011,1270.1993119140109,1.96,18.291,2.26,18.28953982300885,long_ientry_partial,41.334360000000004,0.032545134121380215,7.0
1713507120000.0,157332,1713507120000.0,0.06455026548672435,-0.001366336,1270.1258558434977,1270.3062755780109,-0.37,18.464,1.89,18.28953982300885,long_nclose,34.56723026548673,0.027215594506995087,9.0
1713507360000.0,157336,1713507360000.0,0.05408265486725554,-0.0011447679999999998,1270.178793730365,1270.438640810011,-0.31,18.464,1.58,18.28953982300885,long_nclose,28.897472920353987,0.02275071278389519,4.0
1713507600000.0,157340,1713507600000.0,0.0453596460176982,-0.000960128,1270.2231932483826,1270.4957206820109,-0.26,18.464,1.32,18.28953982300885,long_nclose,24.142192566371687,0.019006260234181428,4.0
1713507720000.0,157342,1713507720000.0,0.061219646017698186,-0.0009632999999999999,1270.2834495944003,1270.533037382011,-0.26,18.525,1.06,18.28953982300885,long_nclose,19.386912212389383,0.015261878928344377,2.0
1713507780000.0,157343,1713507780000.0,0.049446637168140836,-0.00077805,1270.3321181815684,1270.574759332011,-0.21,18.525,0.85,18.28953982300885,long_nclose,15.546108849557523,0.012237830270568283,1.0
1713507780000.0,157343,1713507780000.0,0.062046637168141315,-0.0007805700000000001,1270.3933842487365,1270.5760787620109,-0.21,18.585,0.64,18.28953982300885,long_nclose,11.705305486725665,0.009213921948788917,0.0
1713507840000.0,157344,1713507840000.0,0.04727362831858386,-0.0005947200000000001,1270.4400631570552,1270.5761240420109,-0.16,18.585,0.48,18.28953982300885,long_nclose,8.77897911504425,0.006910187555978364,1.0
1713507960000.0,157346,1713507960000.0,0.021191415929203216,-0.00033345,1270.4609211229845,1270.5855105920111,-0.09,18.525,0.39,18.28953982300885,long_nclose,7.132920530973452,0.0056144352119611276,2.0
1713507960000.0,157346,1713507960000.0,0.02659141592920342,-0.00033453,1270.4871780089138,1270.5830160620112,-0.09,18.585,0.3,18.28953982300885,long_nclose,5.486861946902655,0.004318707061256276,0.0
1713508140000.0,157349,1713508140000.0,0.02068221238938044,-0.00026019000000000004,1270.5076000313031,1270.5863658720111,-0.07,18.585,0.23,18.28953982300885,long_nclose,4.206594159292036,0.0033109555261128646,3.0
1713508200000.0,157350,1713508200000.0,0.024952212389380436,-0.00026104400000000004,1270.5322911996925,1270.596364828011,-0.07,18.646,0.16,18.28953982300885,long_nclose,2.9263263716814163,0.0023032286483000365,1.0
1713508200000.0,157350,1713508200000.0,0.029222212389380435,-0.00026189800000000005,1270.561251514082,1270.5972929300112,-0.07,18.707,0.09,18.28953982300885,long_nclose,1.6460585840707966,0.0012955365844104312,0.0
1713508260000.0,157351,1713508260000.0,0.016698407079645962,-0.00014965600000000002,1270.5778002651616,1270.5989232740112,-0.04,18.707,0.05,18.28953982300885,long_nclose,0.9144769911504427,0.0007197331725452759,1.0
1713508320000.0,157352,1713508320000.0,0.023873008849557387,-0.00018767000000000002,1270.601485604011,1270.601485604011,-0.05,18.767,0.0,18.28953982300885,long_nclose,0.0,0.0,1.0
1713516540000.0,157489,1713516540000.0,0.0,-0.008277492000000001,1270.593208112011,1270.573228112011,2.22,18.643,2.22,18.643,long_ientry_normal,41.387460000000004,0.032573336403630006,137.0
1713517020000.0,157497,1713517020000.0,0.06586000000000031,-0.0013927540000000002,1270.657675358011,1270.964775358011,-0.37,18.821,1.85,18.643,long_nclose,34.48955,0.02714306982034519,8.0
1713517080000.0,157498,1713517080000.0,0.053400000000000246,-0.00112926,1270.709946098011,1270.961046098011,-0.3,18.821,1.55,18.643,long_nclose,28.89665,0.022740555457784365,1.0
1713517140000.0,157499,1713517140000.0,0.044500000000000206,-0.0009410500000000001,1270.753505048011,1271.003105048011,-0.25,18.821,1.3,18.643,long_nclose,24.2359,0.01907207015658346,1.0
1713517260000.0,157501,1713517260000.0,0.03738000000000017,-0.000790482,1270.790094566011,1270.938334566011,-0.21,18.821,1.09,18.643,long_nclose,20.320870000000003,0.01599073685488539,2.0
1713517320000.0,157502,1713517320000.0,0.032040000000000145,-0.0006775560000000001,1270.821457010011,1271.001637010011,-0.18,18.821,0.91,18.643,long_nclose,16.965130000000002,0.013349735249132135,1.0
1713517440000.0,157504,1713517440000.0,0.026700000000000123,-0.00056463,1270.8475923800108,1270.9228323800107,-0.15,18.821,0.76,18.643,long_nclose,14.16868,0.011149000151517192,2.0
1713517800000.0,157510,1713517800000.0,0.0,-0.0054446320000000005,1270.8421477480108,1270.8377677480107,1.46,18.646,2.22,18.644972972972973,long_ientry_partial,41.39184,0.03257040229059777,6.0
1713524760000.0,157626,1713524760000.0,0.06587000000000032,-0.0013929020000000001,1270.9066248460108,1271.278524846011,-0.37,18.823,1.85,18.644972972972973,long_nclose,34.4932,0.027140624909543897,116.0
1713525000000.0,157630,1713525000000.0,0.053408108108108365,-0.00112938,1270.958903574119,1271.236395466011,-0.3,18.823,1.55,18.644972972972973,long_nclose,28.899708108108108,0.022738507143573235,4.0
1713525120000.0,157632,1713525120000.0,0.074408378378379,-0.00117087,1271.0321410824974,1271.287614596011,-0.31,18.885,1.24,18.644972972972973,long_nclose,23.119766486486487,0.01818975755152511,2.0
1713525180000.0,157633,1713525180000.0,0.05760648648648697,-0.0009064800000000001,1271.088841088984,1271.2978681160112,-0.24,18.885,1.0,18.644972972972973,long_nclose,18.644972972972973,0.014668504962248904,1.0
1713525240000.0,157634,1713525240000.0,0.048005405405405814,-0.0007554000000000001,1271.1360910943895,1271.3457127160111,-0.2,18.885,0.8,18.644972972972973,long_nclose,14.915978378378378,0.01173436776980851,1.0
1713525360000.0,157636,1713525360000.0,0.06040540540540534,-0.0007578800000000001,1271.1957386197948,1271.375754836011,-0.2,18.947,0.6,18.644972972972973,long_nclose,11.186983783783782,0.008800362874037076,2.0
1713525660000.0,157641,1713525660000.0,0.01780270270270279,-0.00037646,1271.2131648624975,1271.309678376011,-0.1,18.823,0.5,18.644972972972973,long_nclose,9.322486486486486,0.007333535196274392,5.0
1713526020000.0,157647,1713526020000.0,0.01424216216216223,-0.00030116800000000004,1271.2271058566596,1271.300197208011,-0.08,18.823,0.42,18.644972972972973,long_nclose,7.830888648648648,0.006160102008973084,6.0
1713526380000.0,157653,1713526380000.0,0.012461891891891954,-0.00026352200000000003,1271.2393042265514,1271.3019636860108,-0.07,18.823,0.35,18.644972972972973,long_nclose,6.52574054054054,0.005133369082315258,6.0
1713526500000.0,157655,1713526500000.0,0.016801891891892035,-0.00026439000000000004,1271.2558417284433,1271.3208092960108,-0.07,18.885,0.28,18.644972972972973,long_nclose,5.220592432432433,0.0041066418427106975,2.0
1713526560000.0,157656,1713526560000.0,0.012001351351351454,-0.00018885000000000004,1271.2676542297945,1271.3251604460108,-0.05,18.885,0.23,18.644972972972973,long_nclose,4.288343783783784,0.0033732815977150807,1.0
1713526680000.0,157658,1713526680000.0,0.009601081081081162,-0.00015108000000000002,1271.2771042308755,1271.3215693660106,-0.04,18.885,0.19,18.644972972972973,long_nclose,3.542544864864865,0.0027866032142599704,2.0
1713526740000.0,157659,1713526740000.0,0.007200810810810871,-0.00011331000000000001,1271.2841917316864,1271.3305960560108,-0.03,18.885,0.16,18.644972972972973,long_nclose,2.9831956756756757,0.0023466001505234643,1.0
1713526800000.0,157660,1713526800000.0,0.012081081081081066,-0.000151576,1271.2961212367675,1271.3188044800106,-0.04,18.947,0.12,18.644972972972973,long_nclose,2.2373967567567568,0.0017599335979882704,1.0
1713526980000.0,157663,1713526980000.0,0.004800540540540581,-7.554000000000001e-05,1271.3008462373082,1271.327548940011,-0.02,18.885,0.1,18.644972972972973,long_nclose,1.8644972972972973,0.0014666058807525247,3.0
1713527220000.0,157667,1713527220000.0,0.0017802702702702788,-3.7646000000000005e-05,1271.3025888615784,1271.315011294011,-0.01,18.823,0.09,18.644972972972973,long_nclose,1.6780475675675675,0.0013199434833765418,4.0
1713528060000.0,157681,1713528060000.0,0.0,-0.007941918000000001,1271.2946469435785,1271.301129376011,2.13,18.643,2.22,18.643079985390795,long_ientry_partial,41.387637567567566,0.03255550368836281,14.0
1713532080000.0,157748,1713532080000.0,0.0,-0.0082992,1271.2863477435785,1270.4827101760109,2.28,18.2,4.5,18.418586126126126,long_rentry,82.88363756756756,0.0651966708481364,67.0
1713543660000.0,157941,1713543660000.0,0.0,-0.008298640000000001,1271.2780491035785,1268.870091536011,2.32,17.885,6.82,18.23707295712134,long_rentry,124.37683756756755,0.09783606163519452,193.0
1713563700000.0,158275,1713563700000.0,0.19653755845288542,-0.004160886,1271.4704257760316,1272.443000650011,-1.13,18.411,5.69,18.23707295712134,long_nclose,103.76894512602044,0.08161333761474311,334.0
1713564360000.0,158286,1713564360000.0,0.16349142030594008,-0.003461268,1271.6304559283376,1272.5753593820111,-0.94,18.411,4.75,18.23707295712134,long_nclose,86.62609654632638,0.06812206812323168,11.0
1713564480000.0,158288,1713564480000.0,0.22318069073472663,-0.0035096800000000003,1271.8501269390724,1272.8606497020114,-0.95,18.472,3.8,18.23707295712134,long_nclose,69.3008772370611,0.054488241789813444,2.0
1713564540000.0,158289,1713564540000.0,0.2801806907347254,-0.00352108,1272.1267865498073,1273.0898786220114,-0.95,18.532,2.85,18.23707295712134,long_nclose,51.97565792779582,0.04085729384628505,1.0
1713564600000.0,158290,1713564600000.0,0.33813069073472535,-0.00353267,1272.4613845705421,1273.2459459520117,-0.95,18.593,1.9,18.23707295712134,long_nclose,34.65043861853055,0.02723103352187393,1.0
1713564660000.0,158291,1713564660000.0,0.3951306907347241,-0.0035440699999999994,1272.8529711912768,1273.3060518820114,-0.95,18.653,0.95,18.23707295712134,long_nclose,17.325219309265275,0.013611328017760304,1.0
1713564660000.0,158291,1713564660000.0,0.4521306907347263,-0.00355547,1273.3015464120115,1273.3015464120115,-0.95,18.713,0.0,18.23707295712134,long_nclose,0.0,0.0,0.0
1713567720000.0,158342,1713567720000.0,0.0,-0.008316528,1273.2932298840115,1273.2157098840114,2.28,18.238,2.28,18.238,long_ientry_normal,41.58264,0.03265755210509358,51.0
1713571680000.0,158408,1713571680000.0,0.0661199999999998,-0.001399312,1273.3579505720113,1273.7094505720113,-0.38,18.412,1.9,18.238,long_nclose,34.6522,0.027213243522321212,66.0
1713571740000.0,158409,1713571740000.0,0.08929999999999978,-0.001403948,1273.4458466240114,1273.6662466240114,-0.38,18.473,1.52,18.238,long_nclose,27.72176,0.02176909216319815,1.0
1713571860000.0,158411,1713571860000.0,0.0,-0.002766096,1273.4430805280115,1273.3845605280114,0.76,18.198,2.28,18.224666666666668,long_ientry_partial,41.55224,0.032629836885030676,2.0
1713580980000.0,158563,1713580980000.0,0.06624666666666663,-0.001398324,1273.5079288706781,1273.8106622040116,-0.38,18.399,1.9,18.224666666666668,long_nclose,34.626866666666665,0.02719014611661907,152.0
1713581040000.0,158564,1713581040000.0,0.0540433333333333,-0.001140738,1273.5608314660115,1273.7950914660114,-0.31,18.399,1.59,18.224666666666668,long_nclose,28.977220000000003,0.022752913943375575,1.0
1713581280000.0,158568,1713581280000.0,0.04532666666666664,-0.0009567480000000002,1273.6052013846781,1273.7984947180114,-0.26,18.399,1.33,18.224666666666668,long_nclose,24.23880666666667,0.019031648614746516,4.0
1713582660000.0,158591,1713582660000.0,0.0,-0.00347712,1273.601724264678,1273.4240275980114,0.96,18.11,2.29,18.176596797671035,long_ientry_partial,41.62440666666667,0.03268243586172811,23.0
1713584640000.0,158624,1713584640000.0,0.06589321688500725,-0.0013946000000000002,1273.6662228815633,1274.1578629980115,-0.38,18.35,1.91,18.176596797671035,long_nclose,34.717299883551675,0.02725776915478428,33.0
1713584640000.0,158624,1713584640000.0,0.08869321688500677,-0.00139916,1273.7535169384485,1274.1473438380117,-0.38,18.41,1.53,18.176596797671035,long_nclose,27.810193100436685,0.021833261090638902,0.0
1713584700000.0,158625,1713584700000.0,0.11187321688500675,-0.0014037960000000001,1273.8639863593335,1274.1968000420118,-0.38,18.471,1.15,18.176596797671035,long_nclose,20.903086317321687,0.01640919795296365,1.0
1713584760000.0,158626,1713584760000.0,0.08243289665211023,-0.0010343760000000003,1273.9453848799856,1274.1710656660118,-0.28,18.471,0.87,18.176596797671035,long_nclose,15.8136392139738,0.012413121788155427,1.0
1713585900000.0,158645,1713585900000.0,0.024276448326055303,-0.0005138000000000001,1273.9691475283116,1274.0913518660118,-0.14,18.35,0.73,18.176596797671035,long_nclose,13.268915662299856,0.010415413660561179,19.0
1713585960000.0,158646,1713585960000.0,0.020808384279475973,-0.0004404,1273.9895155125912,1274.097731466012,-0.12,18.35,0.61,18.176596797671035,long_nclose,11.08772404657933,0.008703151722656188,1.0
1713588420000.0,158687,1713588420000.0,0.017340320232896646,-0.00036700000000000003,1274.006488832824,1274.0984944660117,-0.1,18.35,0.51,18.176596797671035,long_nclose,9.270064366812228,0.007276308596595109,41.0
1713589080000.0,158698,1713589080000.0,0.013872256186317315,-0.00029360000000000003,1274.0200674890102,1274.0873208660116,-0.08,18.35,0.43,18.176596797671035,long_nclose,7.815936622998545,0.006134861469178519,11.0
1713593460000.0,158771,1713593460000.0,0.0,-0.006748452,1274.0133190370102,1273.9636624140117,1.86,18.141,2.29,18.147684114846527,long_ientry_partial,41.558196622998544,0.032619907501760796,73.0
1713595140000.0,158799,1713595140000.0,0.06586003635832036,-0.0013923960000000002,1274.0777866773685,1274.4069100180116,-0.38,18.321,1.91,18.147684114846527,long_nclose,34.66207665935686,0.027205620427423912,28.0
1713595200000.0,158800,1713595200000.0,0.053727924397577134,-0.001135902,1274.1303786997662,1274.4092841160118,-0.31,18.321,1.6,18.147684114846527,long_nclose,29.036294583754444,0.022789107825358982,1.0
1713595440000.0,158804,1713595440000.0,0.04506213013990341,-0.0009526920000000001,1274.174488137906,1274.4429114240118,-0.26,18.321,1.34,18.147684114846527,long_nclose,24.31789671389435,0.019085217087836073,4.0
1713595500000.0,158805,1713595500000.0,0.06066213013990307,-0.0009558120000000001,1274.234194456046,1274.4807756120117,-0.26,18.381,1.08,18.147684114846527,long_nclose,19.59949884403425,0.015381394510764186,1.0
1713595560000.0,158806,1713595560000.0,0.0489963358822294,-0.000772002,1274.2824187899282,1274.4845336100118,-0.21,18.381,0.87,18.147684114846527,long_nclose,15.788485179916478,0.01239009888789754,1.0
1713595620000.0,158807,1713595620000.0,0.03966370047609047,-0.000624954,1274.3214575364043,1274.4798786560118,-0.17,18.381,0.7,18.147684114846527,long_nclose,12.703378880392568,0.00996873968123515,1.0
1713595680000.0,158808,1713595680000.0,0.03266422392148627,-0.0005146680000000001,1274.3536070923258,1274.4876239880118,-0.14,18.381,0.56,18.147684114846527,long_nclose,10.162703104314057,0.007974790550875552,1.0
1713595860000.0,158811,1713595860000.0,0.015598429663812715,-0.000329778,1274.3688757439897,1274.448924210012,-0.09,18.321,0.47,18.147684114846527,long_nclose,8.529411533977868,0.00669304759110529,3.0
1713595980000.0,158813,1713595980000.0,0.012132111960743226,-0.00025649400000000007,1274.3807513619504,1274.4484777160117,-0.07,18.321,0.4,18.147684114846527,long_nclose,7.259073645938611,0.005696157634349645,2.0
1713596100000.0,158815,1713596100000.0,0.010398953109208476,-0.00021985200000000004,1274.3909304630595,1274.4515578640116,-0.06,18.321,0.34,18.147684114846527,long_nclose,6.17021259904782,0.004841695316213391,2.0
1713596280000.0,158818,1713596280000.0,0.008665794257673732,-0.00018321000000000003,1274.3994130473172,1274.4569246540118,-0.05,18.321,0.29,18.147684114846527,long_nclose,5.262828393305492,0.004129653811375452,3.0
1713596880000.0,158828,1713596880000.0,0.006932635406138985,-0.00014656800000000002,1274.4061991147234,1274.443778086012,-0.04,18.321,0.25,18.147684114846527,long_nclose,4.536921028711632,0.0035600274322764914,10.0
1713597000000.0,158830,1713597000000.0,0.006932635406138985,-0.00014656800000000002,1274.4129851821297,1274.4514815180119,-0.04,18.321,0.21,18.147684114846527,long_nclose,3.8110136641177705,0.0029904071195360027,2.0
1713597180000.0,158833,1713597180000.0,0.005199476554604238,-0.00010992600000000002,1274.4180747326843,1274.4501715920119,-0.03,18.321,0.18,18.147684114846527,long_nclose,3.266583140672375,0.0025631958659700876,3.0
1713597300000.0,158835,1713597300000.0,0.005199476554604238,-0.00010992600000000002,1274.423164283239,1274.450511666012,-0.03,18.321,0.15,18.147684114846527,long_nclose,2.7221526172269788,0.0021359880246354214,2.0
1713597900000.0,158845,1713597900000.0,0.0034663177030694924,-7.328400000000001e-05,1274.4265573169419,1274.4479183820117,-0.02,18.321,0.13,18.147684114846527,long_nclose,2.3591989349300486,0.0018511846927428167,10.0
1713598020000.0,158847,1713598020000.0,0.0034663177030694924,-7.328400000000001e-05,1274.4299503506447,1274.4508850980117,-0.02,18.321,0.11,18.147684114846527,long_nclose,1.996245252633118,0.0015663828773671508,2.0
1713599100000.0,158865,1713599100000.0,0.0017331588515347462,-3.6642000000000006e-05,1274.4316468674963,1274.4488784560117,-0.01,18.321,0.1,18.147684114846527,long_nclose,1.8147684114846527,0.0014239825383693847,18.0
1713599160000.0,158866,1713599160000.0,0.0017331588515347462,-3.6642000000000006e-05,1274.4333433843478,1274.4504718140117,-0.01,18.321,0.09,18.147684114846527,long_nclose,1.6332915703361874,0.0012815825784963113,1.0
1713600540000.0,158889,1713600540000.0,0.0,-0.00799436,1274.4253490243477,1274.3791774540116,2.2,18.169,2.29,18.16816225778873,long_ientry_partial,41.60509157033619,0.03264615820941375,23.0
1713621060000.0,159231,1713621060000.0,0.06605834204028227,-0.001393992,1274.4900133743881,1274.8946234620116,-0.38,18.342,1.91,18.16816225778873,long_nclose,34.70118991237647,0.02722751025761299,342.0
1713621120000.0,159232,1713621120000.0,0.08885834204028313,-0.0013985520000000002,1274.5774731644285,1274.8771049100117,-0.38,18.402,1.53,18.16816225778873,long_nclose,27.797288254416756,0.021809022079610167,1.0
1713623460000.0,159271,1713623460000.0,0.0,-0.002778622,1274.5746945424285,1274.3923962880117,0.77,18.043,2.3,18.12626011061598,long_ientry_partial,41.69039825441675,0.03270926249589756,39.0
1713627720000.0,159342,1713627720000.0,0.06564115796592716,-0.001390724,1274.6389449763944,1274.9533255640117,-0.38,18.299,1.92,18.12626011061598,long_nclose,34.80241941238268,0.027303747111718138,71.0
1713627780000.0,159343,1713627780000.0,0.05527676460288603,-0.001171136,1274.6930506049973,1274.9886344280117,-0.32,18.299,1.6,18.12626011061598,long_nclose,29.00201617698557,0.022752156813925183,1.0
1713627960000.0,159346,1713627960000.0,0.07447676460288676,-0.0011749760000000003,1274.7663523936003,1275.0885794520118,-0.32,18.359,1.28,18.12626011061598,long_nclose,23.201612941588454,0.018200678813041545,3.0
1713628080000.0,159348,1713628080000.0,0.09367676460288635,-0.0011788160000000003,1274.8588503422031,1275.1427606360119,-0.32,18.419,0.96,18.12626011061598,long_nclose,17.40120970619134,0.013649518691046018,2.0
1713628200000.0,159350,1713628200000.0,0.07025757345216475,-0.000884112,1274.9282238036553,1275.0900365240118,-0.24,18.419,0.72,18.12626011061598,long_nclose,13.050907279643505,0.010236581978479601,2.0
1713628260000.0,159351,1713628260000.0,0.03258358451376296,-0.0005140520000000002,1274.9602933361691,1275.1138424720118,-0.14,18.359,0.58,18.12626011061598,long_nclose,10.513230864157268,0.008245928064667377,1.0
1713628500000.0,159355,1713628500000.0,0.025601387832242323,-0.0004038980000000001,1274.9854908260013,1275.0972285740118,-0.11,18.359,0.47,18.12626011061598,long_nclose,8.51934225198951,0.006681913098846514,4.0
1713628800000.0,159360,1713628800000.0,0.03220138783224218,-0.000405218,1275.0172869958335,1275.1241133560118,-0.11,18.419,0.36,18.12626011061598,long_nclose,6.525453639821753,0.005117933463629248,5.0
1713628920000.0,159362,1713628920000.0,0.026346590044561784,-0.00033154200000000005,1275.0433020438782,1275.1253118140119,-0.09,18.419,0.27,18.12626011061598,long_nclose,4.894090229866315,0.0038383717808023856,2.0
1713629100000.0,159365,1713629100000.0,0.006909595575360754,-0.000146392,1275.0500652474534,1275.0762254220117,-0.04,18.299,0.23,18.12626011061598,long_nclose,4.169039825441676,0.0032697067660888875,3.0
1713629220000.0,159367,1713629220000.0,0.005182196681520566,-0.000109794,1275.0551376501348,1275.0910856280116,-0.03,18.299,0.2,18.12626011061598,long_nclose,3.6252520221231963,0.0028432119639973854,2.0
1713629400000.0,159370,1713629400000.0,0.005182196681520566,-0.000109794,1275.0602100528163,1275.0875358340115,-0.03,18.299,0.17,18.12626011061598,long_nclose,3.081464218804717,0.0024167205552411324,3.0
1713629460000.0,159371,1713629460000.0,0.003454797787680377,-7.3196e-05,1275.0635916546041,1275.0904026380117,-0.02,18.299,0.15,18.12626011061598,long_nclose,2.718939016592397,0.0021323948345698803,1.0
1713629700000.0,159375,1713629700000.0,0.006982196681520634,-0.000110154,1275.0704636972857,1275.0964724840119,-0.03,18.359,0.12,18.12626011061598,long_nclose,2.1751512132739177,0.001705906673554882,4.0
1713629760000.0,159376,1713629760000.0,0.004654797787680422,-7.343600000000002e-05,1275.0750450590733,1275.0978190480116,-0.02,18.359,0.1,18.12626011061598,long_nclose,1.8126260110615982,0.0014215837868410486,1.0
1713629940000.0,159379,1713629940000.0,0.004654797787680422,-7.343600000000002e-05,1275.079626420861,1275.0952056120116,-0.02,18.359,0.08,18.12626011061598,long_nclose,1.4501008088492784,0.0011372629432717866,3.0
1713630180000.0,159383,1713630180000.0,0.0017273988938401885,-3.6598e-05,1275.0813172217547,1275.0924290140115,-0.01,18.299,0.07,18.12626011061598,long_nclose,1.2688382077431188,0.0009951037558198728,4.0
1713630240000.0,159384,1713630240000.0,0.0017273988938401885,-3.6598e-05,1275.0830080226485,1275.0940324160115,-0.01,18.299,0.06,18.12626011061598,long_nclose,1.0875756066369588,0.0008529449453832271,1.0
1713630300000.0,159385,1713630300000.0,0.002327398893840211,-3.671800000000001e-05,1275.0852987035423,1275.0978356980115,-0.01,18.359,0.05,18.12626011061598,long_nclose,0.9063130055307991,0.0007107861775618488,1.0
1713630480000.0,159388,1713630480000.0,0.002327398893840211,-3.671800000000001e-05,1275.0875893844361,1275.0986589800116,-0.01,18.359,0.04,18.12626011061598,long_nclose,0.7250504044246392,0.0005686279205138104,3.0
1713630600000.0,159390,1713630600000.0,0.0029273988938401984,-3.683800000000001e-05,1275.0904799453301,1275.0972821420116,-0.01,18.419,0.03,18.12626011061598,long_nclose,0.5437878033184794,0.0004264699735988888,2.0
1713630900000.0,159395,1713630900000.0,0.002327398893840211,-3.671800000000001e-05,1275.092770626224,1275.0981854240115,-0.01,18.359,0.02,18.12626011061598,long_nclose,0.3625252022123196,0.00028431280496890913,5.0
1713631080000.0,159398,1713631080000.0,0.0029273988938401984,-3.683800000000001e-05,1275.095661187118,1275.0988085860117,-0.01,18.419,0.01,18.12626011061598,long_nclose,0.1812626011061598,0.00014215608022491723,3.0
1713631320000.0,159402,1713631320000.0,0.0029273988938401984,-3.683800000000001e-05,1275.098551748012,1275.098551748012,-0.01,18.419,0.0,18.12626011061598,long_nclose,0.0,0.0,4.0
1713659400000.0,159870,1713659400000.0,0.0,-0.008297856000000001,1275.090253892012,1275.0633738920121,2.24,18.522,2.24,18.522,long_ientry_normal,41.48928,0.03253830846354641,468.0
1713666120000.0,159982,1713666120000.0,0.06549000000000117,-0.001383726,1275.1543601660119,1275.569500166012,-0.37,18.699,1.87,18.522,long_nclose,34.63614,0.027162311545945488,112.0
1713666180000.0,159983,1713666180000.0,0.08806000000000115,-0.0013882400000000002,1275.2410319260118,1275.4855319260118,-0.37,18.76,1.5,18.522,long_nclose,27.782999999999998,0.02178646961981689,1.0
1713666240000.0,159984,1713666240000.0,0.04425000000000079,-0.0009349500000000001,1275.2843469760116,1275.5080969760118,-0.25,18.699,1.25,18.522,long_nclose,23.152499999999996,0.018154774701735987,1.0
1713666420000.0,159987,1713666420000.0,0.03540000000000063,-0.0007479600000000002,1275.3189990160117,1275.5174490160118,-0.2,18.699,1.05,18.522,long_nclose,19.4481,0.015249596387261088,3.0
1713666540000.0,159989,1713666540000.0,0.03009000000000054,-0.0006357660000000002,1275.3484532500117,1275.5112532500118,-0.17,18.699,0.88,18.522,long_nclose,16.29936,0.012780318946138848,2.0
1713666660000.0,159991,1713666660000.0,0.024780000000000444,-0.000523572,1275.3727096780117,1275.5229296780117,-0.14,18.699,0.74,18.522,long_nclose,13.70628,0.010746881986725567,2.0
1713666780000.0,159993,1713666780000.0,0.021240000000000377,-0.00044877600000000007,1275.3935009020117,1275.5075809020118,-0.12,18.699,0.62,18.522,long_nclose,11.48364,0.009003997583395469,2.0
1713666960000.0,159996,1713666960000.0,0.017700000000000316,-0.0003739800000000001,1275.410826922012,1275.505986922012,-0.1,18.699,0.52,18.522,long_nclose,9.63144,0.007551637320849666,3.0
1713669900000.0,160045,1713669900000.0,0.0,-0.006398577999999999,1275.4044283440119,1275.360098344012,1.73,18.493,2.25,18.49970222222222,long_ientry_partial,41.62432999999999,0.03263618117905167,49.0
1713693660000.0,160441,1713693660000.0,0.06523017777777855,-0.001382024,1275.4682764977897,1275.794076320012,-0.37,18.676,1.88,18.49970222222222,long_nclose,34.77944017777777,0.027267977431219195,396.0
1713693720000.0,160442,1713693720000.0,0.05465231111111176,-0.001157912,1275.5217708969008,1275.8456584080118,-0.31,18.676,1.57,18.49970222222222,long_nclose,29.044532488888883,0.022770706977792952,1.0
1713693720000.0,160442,1713693720000.0,0.07387231111111213,-0.001161756,1275.5944814520117,1275.8544166520117,-0.31,18.738,1.26,18.49970222222222,long_nclose,23.309624799999995,0.018273538447317994,0.0
1713693840000.0,160444,1713693840000.0,0.037022533333333774,-0.000784392,1275.630719593345,1275.8326322600117,-0.21,18.676,1.05,18.49970222222222,long_nclose,19.42468733333333,0.015227516110246761,2.0
1713693960000.0,160446,1713693960000.0,0.029970622222222583,-0.000634984,1275.6600552315672,1275.7843972760115,-0.17,18.676,0.88,18.49970222222222,long_nclose,16.279737955555554,0.012761815256965412,2.0
1713694740000.0,160459,1713694740000.0,0.024681688888889185,-0.0005229280000000001,1275.684213992456,1275.8257743480117,-0.14,18.676,0.74,18.49970222222222,long_nclose,13.689779644444442,0.010731323233670898,13.0
1713694860000.0,160461,1713694860000.0,0.03336168888888935,-0.0005246640000000001,1275.7170510173448,1275.8150296840115,-0.14,18.738,0.6,18.49970222222222,long_nclose,11.099821333333331,0.008700848926085582,2.0
1713695160000.0,160466,1713695160000.0,0.01762977777777799,-0.00037352,1275.7343072751225,1275.8279561640115,-0.1,18.676,0.5,18.49970222222222,long_nclose,9.24985111111111,0.007250609361496385,5.0
1713699960000.0,160546,1713699960000.0,0.014103822222222392,-0.000298816,1275.748112281345,1275.8297173480116,-0.08,18.676,0.42,18.49970222222222,long_nclose,7.769874933333331,0.0060904459575792935,80.0
1713700020000.0,160547,1713700020000.0,0.019063822222222485,-0.000299808,1275.7668762955673,1275.8682975400118,-0.08,18.738,0.34,18.49970222222222,long_nclose,6.289898755555555,0.004930288497393408,1.0
1713700020000.0,160547,1713700020000.0,0.02394382222222248,-0.000300784,1275.7905193337895,1275.8680767560118,-0.08,18.799,0.26,18.49970222222222,long_nclose,4.809922577777777,0.003770150745664336,0.0
1713700080000.0,160548,1713700080000.0,0.01795786666666686,-0.000225588,1275.8082516124562,1275.8675111680118,-0.06,18.799,0.2,18.49970222222222,long_nclose,3.6999404444444437,0.0029000756499013066,1.0
1713700140000.0,160549,1713700140000.0,0.01496488888888905,-0.00018799000000000002,1275.823028511345,1275.8701731780116,-0.05,18.799,0.15,18.49970222222222,long_nclose,2.7749553333333328,0.002175031545379146,1.0
1713700200000.0,160550,1713700200000.0,0.01801488888888905,-0.00018860000000000003,1275.840854800234,1275.8907845780118,-0.05,18.86,0.1,18.49970222222222,long_nclose,1.8499702222222218,0.0014500007702856347,1.0
1713700200000.0,160550,1713700200000.0,0.021114888888889106,-0.00018922,1275.8617804691228,1275.8867453580117,-0.05,18.922,0.05,18.49970222222222,long_nclose,0.9249851111111109,0.0007249884942638554,0.0
1713700200000.0,160550,1713700200000.0,0.024164888888889104,-0.00018983000000000002,1275.8857555280117,1275.8857555280117,-0.05,18.983,0.0,18.49970222222222,long_nclose,0.0,0.0,0.0
1713716160000.0,160816,1713716160000.0,0.0,-0.008300880000000002,1275.8774546480117,1275.9357746480118,2.16,19.215,2.16,19.215,long_ientry_normal,41.504400000000004,0.032530083393824225,266.0
1713726060000.0,160981,1713726060000.0,0.06587999999999994,-0.001396656,1275.9419379920118,1276.273137992012,-0.36,19.398,1.8,19.215,long_nclose,34.587,0.02710703282817916,165.0
1713726480000.0,160988,1713726480000.0,0.05489999999999995,-0.00116388,1275.995674112012,1276.289674112012,-0.3,19.398,1.5,19.215,long_nclose,28.822499999999998,0.022588242722733434,7.0
1713726600000.0,160990,1713726600000.0,0.04574999999999996,-0.0009699,1276.040454212012,1276.259204212012,-0.25,19.398,1.25,19.215,long_nclose,24.01875,0.018822875027760935,2.0
1713731760000.0,161076,1713731760000.0,0.0,-0.0035243360000000003,1276.036929876012,1275.954169876012,0.92,19.154,2.17,19.18913824884793,long_ientry_partial,41.64043,0.03263262138035931,86.0
1713733320000.0,161102,1713733320000.0,0.06583023041474562,-0.001394784,1276.1013653224268,1276.477595092012,-0.36,19.372,1.81,19.18913824884793,long_nclose,34.73234023041475,0.027217540216046304,26.0
1713733500000.0,161105,1713733500000.0,0.08887023041474564,-0.001399392,1276.1888361608417,1276.6033357000122,-0.36,19.436,1.45,19.18913824884793,long_nclose,27.824250460829496,0.021802612334811813,3.0
1713733620000.0,161107,1713733620000.0,0.11191023041474565,-0.001404,1276.2993423912562,1276.605481700012,-0.36,19.5,1.09,19.18913824884793,long_nclose,20.916160691244244,0.016388130900432826,2.0
1713733860000.0,161111,1713733860000.0,0.08393267281105925,-0.0010530000000000001,1276.3822220640673,1276.655988700012,-0.27,19.5,0.82,19.18913824884793,long_nclose,15.7350933640553,0.012327885089632255,4.0
1713734280000.0,161118,1713734280000.0,0.039497880184331396,-0.000621952,1276.4210979922516,1276.586666748012,-0.16,19.436,0.66,19.18913824884793,long_nclose,12.664831244239634,0.0099221418888804,7.0
1713735120000.0,161132,1713735120000.0,0.020114792626727825,-0.000426184,1276.4407866008785,1276.5507105640122,-0.11,19.372,0.55,19.18913824884793,long_nclose,10.554026036866361,0.008268324036378843,14.0
1713736140000.0,161149,1713736140000.0,0.016457557603686404,-0.000348696,1276.4568954624822,1276.543771868012,-0.09,19.372,0.46,19.18913824884793,long_nclose,8.827003594470048,0.0069152382864224125,17.0
1713736560000.0,161156,1713736560000.0,0.012800322580644981,-0.00027120800000000005,1276.469424577063,1276.5450306600121,-0.07,19.372,0.39,19.18913824884793,long_nclose,7.483763917050693,0.005862861869590268,7.0
1713737340000.0,161169,1713737340000.0,0.010971705069124269,-0.00023246400000000002,1276.480163818132,1276.5438081960122,-0.06,19.372,0.33,19.18913824884793,long_nclose,6.332415622119817,0.004960841383683291,13.0
1713737460000.0,161171,1713737460000.0,0.014811705069124272,-0.000233232,1276.4947422912012,1276.5511349640124,-0.06,19.436,0.27,19.18913824884793,long_nclose,5.181067327188941,0.00405882386784403,2.0
1713739320000.0,161202,1713739320000.0,0.007314470046082846,-0.000154976,1276.5019017852474,1276.5462599880123,-0.04,19.372,0.23,19.18913824884793,long_nclose,4.413501797235024,0.0034574972360499707,31.0
1713739620000.0,161207,1713739620000.0,0.005485852534562134,-0.00011623200000000001,1276.507271405782,1276.5448437560124,-0.03,19.372,0.2,19.18913824884793,long_nclose,3.837827649769586,0.003006506688789241,5.0
1713740880000.0,161228,1713740880000.0,0.0,-0.007563618,1276.499707787782,1276.4557101380124,1.97,19.197,2.17,19.196275414640365,long_ientry_partial,41.65591764976959,0.032632923764597435,21.0
1713744180000.0,161283,1713744180000.0,0.06614085072946835,-0.0013953599999999998,1276.5644532785113,1276.9802547780123,-0.36,19.38,1.81,19.196275414640365,long_nclose,34.74525850049906,0.027217786310174345,55.0
1713744240000.0,161284,1713744240000.0,0.08882085072946921,-0.001399896,1276.6518742332407,1277.0400748820123,-0.36,19.443,1.45,19.196275414640365,long_nclose,27.83459935122853,0.02180281086255095,1.0
1713744360000.0,161286,1713744360000.0,0.11186085072946923,-0.001404504,1276.7623305799702,1277.2023903780123,-0.36,19.507,1.09,19.196275414640365,long_nclose,20.923940201958,0.01638828128055226,2.0
1713744360000.0,161286,1713744360000.0,0.1345408507294688,-0.0014090399999999999,1276.8954623906998,1277.1901813380123,-0.36,19.57,0.73,19.196275414640365,long_nclose,14.013281052687466,0.01097449357870749,0.0
1713744420000.0,161287,1713744420000.0,0.15758085072946884,-0.0014136480000000002,1277.0516295934294,1277.3042376900125,-0.36,19.634,0.37,19.196275414640365,long_nclose,7.102621903416935,0.0055617343409038,1.0
1713744420000.0,161287,1713744420000.0,0.1856380965830652,-0.001457652,1277.2358100380125,1277.2358100380125,-0.37,19.698,0.0,19.196275414640365,long_nclose,0.0,0.0,0.0
1713769920000.0,161712,1713769920000.0,0.0,-0.008342517999999998,1277.2274675200124,1277.2211375200125,2.11,19.769,2.11,19.769,long_ientry_normal,41.71258999999999,0.032658701022922065,425.0
1713777900000.0,161845,1713777900000.0,0.06615000000000001,-0.0013970599999999999,1277.2922204600125,1277.5861404600125,-0.35,19.958,1.76,19.769,long_nclose,34.79344,0.027239999933194033,133.0
1713827220000.0,162667,1713827220000.0,0.05481000000000001,-0.0011575639999999998,1277.3458728960125,1277.5619628960123,-0.29,19.958,1.47,19.769,long_nclose,29.060429999999997,0.02275063521684528,822.0
1713830580000.0,162723,1713830580000.0,0.04536000000000001,-0.0009579839999999999,1277.3902749120125,1277.6436549120126,-0.24,19.958,1.23,19.769,long_nclose,24.315869999999997,0.019035584094825593,56.0
1713830640000.0,162724,1713830640000.0,0.06096000000000032,-0.000961104,1277.4502738080125,1277.6294638080126,-0.24,20.023,0.99,19.769,long_nclose,19.571309999999997,0.015320604176363706,1.0
1713831420000.0,162737,1713831420000.0,0.0,-0.004431634,1277.4458421740126,1277.3574021740126,1.13,19.609,2.12,19.683716981132072,long_ientry_partial,41.729479999999995,0.03266633983401047,13.0
1713831600000.0,162740,1713831600000.0,0.06589905660377475,-0.00139104,1277.5103501906162,1277.7568811340125,-0.35,19.872,1.77,19.683716981132072,long_nclose,34.840179056603766,0.027271934862527956,3.0
1713831660000.0,162741,1713831660000.0,0.054602075471699076,-0.001152576,1277.5637996900878,1277.8483785580122,-0.29,19.872,1.48,19.683716981132072,long_nclose,29.131901132075466,0.022802697711959512,1.0
1713831660000.0,162741,1713831660000.0,0.07345207547169945,-0.001156346,1277.6360954195595,1277.8649122120123,-0.29,19.937,1.19,19.683716981132072,long_nclose,23.423623207547166,0.018333564065325773,0.0
1713832140000.0,162749,1713832140000.0,0.03577377358490629,-0.000755136,1277.6711140571445,1278.0523970760123,-0.19,19.872,1.0,19.683716981132072,long_nclose,19.683716981132072,0.01540593409725604,8.0
1713832140000.0,162749,1713832140000.0,0.048123773584906535,-0.0007576060000000001,1277.7184802247293,1278.0273194700123,-0.19,19.937,0.81,19.683716981132072,long_nclose,15.94381075471698,0.012478344018247847,0.0
1713832140000.0,162749,1713832140000.0,0.060473773584906104,-0.0007600759999999999,1277.7781939223141,1278.0145893940123,-0.19,20.002,0.62,19.683716981132072,long_nclose,12.203904528301885,0.009550878694243748,0.0
1713832140000.0,162749,1713832140000.0,0.07282377358490635,-0.0007625460000000001,1277.850255149899,1278.0142068480122,-0.19,20.067,0.43,19.683716981132072,long_nclose,8.463998301886791,0.006623622969730452,0.0
1713832140000.0,162749,1713832140000.0,0.08536377358490616,-0.0007650539999999999,1277.934853869484,1278.0263617940122,-0.19,20.133,0.24,19.683716981132072,long_nclose,4.724092075471697,0.003696661110046045,0.0
1713832200000.0,162750,1713832200000.0,0.030662641509434253,-0.00032107200000000005,1277.9651954389935,1278.0287607220123,-0.08,20.067,0.16,19.683716981132072,long_nclose,3.1493947169811314,0.002464382229047547,1.0
1713832200000.0,162750,1713832200000.0,0.035942641509434166,-0.00032212800000000003,1278.0008159525028,1278.0325985940121,-0.08,20.133,0.08,19.683716981132072,long_nclose,1.5746973584905657,0.0012321567708209428,0.0
1713832320000.0,162752,1713832320000.0,0.006365660377358537,-8.000800000000001e-05,1278.0071016048803,1278.0279985860125,-0.02,20.002,0.06,19.683716981132072,long_nclose,1.1810230188679243,0.0009241130330064939,2.0
1713832320000.0,162752,1713832320000.0,0.007665660377358563,-8.026800000000001e-05,1278.0146869972577,1278.0286183180124,-0.02,20.067,0.04,19.683716981132072,long_nclose,0.7873486792452828,0.0006160716987495561,0.0
1713832380000.0,162753,1713832380000.0,0.0038328301886792816,-4.0134000000000006e-05,1278.0184796934464,1278.0299481840125,-0.01,20.067,0.03,19.683716981132072,long_nclose,0.5905115094339621,0.0004620524028538351,1.0
1713832440000.0,162754,1713832440000.0,0.0038328301886792816,-4.0134000000000006e-05,1278.022272389635,1278.0322380500122,-0.01,20.067,0.02,19.683716981132072,long_nclose,0.3936743396226414,0.0003080340211024277,1.0
1713832440000.0,162754,1713832440000.0,0.004492830188679271,-4.0266000000000004e-05,1278.0267249538235,1278.0317077840123,-0.01,20.133,0.01,19.683716981132072,long_nclose,0.1968371698113207,0.00015401647396570103,0.0
1713832500000.0,162755,1713832500000.0,0.005142830188679284,-4.0396000000000004e-05,1278.0318273880123,1278.0318273880123,-0.01,20.198,0.0,19.683716981132072,long_nclose,0.0,0.0,1.0
1713839760000.0,162876,1713839760000.0,0.0,-0.00832734,1278.0235000480122,1277.9017000480123,2.1,19.827,2.1,19.827,long_ientry_normal,41.636700000000005,0.032578978397843086,121.0
1713847500000.0,163005,1713847500000.0,0.0,-0.008322650000000001,1278.0151773980122,1276.9899773980121,2.15,19.355,4.25,19.588223529411763,long_rentry,83.24995,0.06514003235039319,129.0
1713867180000.0,163333,1713867180000.0,0.13074352941176456,-0.0027684999999999997,1278.143152427424,1279.0618088980123,-0.7,19.775,3.55,19.588223529411763,long_nclose,69.53819352941176,0.054405637895368925,328.0
1713867180000.0,163333,1713867180000.0,0.17624352941176546,-0.0027776000000000003,1278.3166183568358,1279.0541312980122,-0.7,19.84,2.85,19.588223529411763,long_nclose,55.82643705882353,0.04367183861740258,0.0
1713867300000.0,163335,1713867300000.0,0.22491129411764874,-0.00282651,1278.5387031409534,1279.4199047880122,-0.71,19.905,2.14,19.588223529411763,long_nclose,41.918798352941174,0.032786491523455905,2.0
1713867300000.0,163335,1713867300000.0,0.2710612941176471,-0.00283574,1278.806928695071,1279.3957690480122,-0.71,19.97,1.43,19.588223529411763,long_nclose,28.01115964705882,0.021904135032832645,0.0
1713867420000.0,163337,1713867420000.0,0.17943494117647063,-0.00187718,1278.9844864562474,1279.3049118680121,-0.47,19.97,0.96,19.588223529411763,long_nclose,18.804694588235293,0.014702832432579768,2.0
1713867600000.0,163340,1713867600000.0,0.12216847058823532,-0.00127808,1279.1053768468355,1279.355473788012,-0.32,19.97,0.64,19.588223529411763,long_nclose,12.536463058823529,0.009800961895514484,3.0
1713867600000.0,163340,1713867600000.0,0.14296847058823572,-0.00128224,1279.2470630774237,1279.3721115480118,-0.32,20.035,0.32,19.588223529411763,long_nclose,6.268231529411764,0.004899938182646735,0.0
1713867720000.0,163342,1713867720000.0,0.03817764705882354,-0.0003994,1279.2848413244824,1279.3710321480119,-0.1,19.97,0.22,19.588223529411763,long_nclose,4.309409176470588,0.0033686080200942005,2.0
1713867960000.0,163346,1713867960000.0,0.02672435294117648,-0.00027958000000000003,1279.3112860974234,1279.3643525680116,-0.07,19.97,0.15,19.588223529411763,long_nclose,2.9382335294117645,0.002296730718584475,4.0
1713868020000.0,163347,1713868020000.0,0.01908882352941177,-0.0001997,1279.330175220953,1279.3663528680117,-0.05,19.97,0.1,19.588223529411763,long_nclose,1.9588223529411763,0.00153113120512683,1.0
1713868080000.0,163348,1713868080000.0,0.011453294117647062,-0.00011982,1279.3415086950706,1279.3683730480118,-0.03,19.97,0.07,19.588223529411763,long_nclose,1.3711756470588237,0.0010717823487627037,1.0
1713868260000.0,163351,1713868260000.0,0.0134032941176471,-0.00012021,1279.3547917791882,1279.3713428380117,-0.03,20.035,0.04,19.588223529411763,long_nclose,0.7835289411764705,0.000612440697616666,3.0
1713868320000.0,163352,1713868320000.0,0.008935529411764733,-8.014e-05,1279.3636471686,1279.3732826980117,-0.02,20.035,0.02,19.588223529411763,long_nclose,0.39176447058823527,0.0003062182292386231,1.0
1713868380000.0,163353,1713868380000.0,0.01023552941176476,-8.04e-05,1279.373802298012,1279.373802298012,-0.02,20.1,0.0,19.588223529411763,long_nclose,0.0,0.0,1.0
1713870120000.0,163382,1713870120000.0,0.0,-0.008345340000000001,1279.365456958012,1279.3995369580118,2.13,19.59,2.13,19.59,long_ientry_normal,41.7267,0.03261515290495251,29.0
1713903600000.0,163940,1713903600000.0,0.0,-0.008338064000000001,1279.3571188940118,1278.3386788940118,2.18,19.124,4.31,19.3542969837587,long_rentry,83.41702,0.06520229478389346,558.0
1713913260000.0,164101,1713913260000.0,0.0,-0.008344536000000001,1279.3487743580117,1276.9600143580117,2.22,18.794,6.53,19.163813169984685,long_rentry,125.1397,0.09781515604514976,161.0
1713917820000.0,164177,1713917820000.0,0.0,-0.0083295,1279.3404448580118,1274.8603248580118,2.25,18.51,8.78,18.99626423690205,long_rentry,166.78719999999998,0.13036967655510254,76.0
1713968520000.0,165022,1713968520000.0,0.0,-0.010658,1279.3297868580119,1273.315786858012,2.92,18.25,11.7,18.81001709401709,long_rentry,220.07719999999995,0.17202538568300021,845.0
1713969300000.0,165035,1713969300000.0,0.0,-0.013962766,1279.3158240920118,1269.7797640920119,3.89,17.947,15.59,18.594677998717124,long_rentry,289.89102999999994,0.22659848689493753,13.0
1714010460000.0,165721,1714010460000.0,0.0,-0.018249078000000002,1279.2975750140117,1262.6839150140117,5.19,17.581,20.78,18.34150240615977,long_rentry,381.13642000000004,0.297926321009266,686.0
1714093860000.0,167111,1714093860000.0,0.0,-0.023679188000000004,1279.2738958260118,1254.5696558260117,6.91,17.134,27.69,18.04017190321416,long_rentry,499.5323600000001,0.3904811640649152,1390.0
1714119840000.0,167544,1714119840000.0,0.7921275261827281,-0.016791464000000002,1280.0492318881943,1283.2995443620116,-4.61,18.212,23.08,18.04017190321416,long_nclose,416.36716752618275,0.32527433879398654,433.0
1714122780000.0,167593,1714122780000.0,0.6598198916576302,-0.013986816,1280.695064963852,1284.1549575460115,-3.84,18.212,19.24,18.04017190321416,long_nclose,347.09290741784037,0.2710191652277798,49.0
1714122900000.0,167595,1714122900000.0,0.5498499097146919,-0.011655680000000002,1281.2332591935667,1285.0640618660116,-3.2,18.212,16.04,18.04017190321416,long_nclose,289.36435732755507,0.22584830299338832,2.0
1714122900000.0,167595,1714122900000.0,0.7418499097146878,-0.01169408,1281.9634150232814,1285.0299677860116,-3.2,18.272,12.84,18.04017190321416,long_nclose,231.6358072372698,0.1806883133502395,0.0
1714123320000.0,167602,1714123320000.0,0.3677121271217002,-0.007794736000000001,1282.323332414403,1284.0548930500115,-2.14,18.212,10.7,18.04017190321416,long_nclose,193.02983936439148,0.15053133206345717,7.0
1714123440000.0,167604,1714123440000.0,0.3058540122787974,-0.0064834720000000005,1282.622702954682,1284.2713695780117,-1.78,18.212,8.92,18.04017190321416,long_nclose,160.9183333766703,0.12546038129995266,2.0
1714123740000.0,167609,1714123740000.0,0.4126540122787951,-0.0065048319999999995,1283.0288521349607,1284.7198047460117,-1.78,18.272,7.14,18.04017190321416,long_nclose,128.80682738894907,0.10039277540377556,5.0
1714123860000.0,167611,1714123860000.0,0.5194540122787992,-0.006526192000000001,1283.5417799552397,1285.1649385540118,-1.78,18.332,5.36,18.04017190321416,long_nclose,96.6953214012279,0.07533476736892811,2.0
1714123920000.0,167612,1714123920000.0,0.6262540122787968,-0.006547552000000001,1284.1614864155185,1285.6573110020117,-1.78,18.392,3.58,18.04017190321416,long_nclose,64.58381541350668,0.05029259645045076,1.0
1714123920000.0,167612,1714123920000.0,0.733054012278801,-0.0065689120000000005,1284.8879715157975,1285.640062090012,-1.78,18.452,1.8,18.04017190321416,long_nclose,32.47230942578549,0.025272483006808386,0.0
1714124160000.0,167616,1714124160000.0,0.21109685807150455,-0.00220704,1285.096861333869,1285.5202550500119,-0.6,18.392,1.2,18.04017190321416,long_nclose,21.64820628385699,0.016845583344890586,4.0
1714124340000.0,167619,1714124340000.0,0.08754842903575266,-0.00109992,1285.1833098429047,1285.462155130012,-0.3,18.332,0.9,18.04017190321416,long_nclose,16.236154712892745,0.012633337663618883,3.0
1714124460000.0,167621,1714124460000.0,0.06420218129288528,-0.0008066080000000002,1285.2467054161975,1285.4471885220119,-0.22,18.332,0.68,18.04017190321416,long_nclose,12.267316894185628,0.00954471763474635,2.0
1714124640000.0,167624,1714124640000.0,0.04961077645359318,-0.000623288,1285.295692904651,1285.454725234012,-0.17,18.332,0.51,18.04017190321416,long_nclose,9.200487670639221,0.00715826538704643,3.0
1714124760000.0,167626,1714124760000.0,0.059810776453592965,-0.0006253280000000001,1285.3548783531046,1285.4748399060118,-0.17,18.392,0.34,18.04017190321416,long_nclose,6.133658447092814,0.004771957185047392,2.0
1714124820000.0,167627,1714124820000.0,0.07001077645359335,-0.0006273680000000002,1285.424261761558,1285.5077025380117,-0.17,18.452,0.17,18.04017190321416,long_nclose,3.066829223546407,0.0023858498044401263,1.0
1714124820000.0,167627,1714124820000.0,0.08004077645359292,-0.000629374,1285.5036731640116,1285.5036731640116,-0.17,18.511,0.0,18.04017190321416,long_nclose,0.0,0.0,0.0
1714137180000.0,167833,1714137180000.0,0.0,-0.008377055999999999,1285.4952961080116,1285.4628161080116,2.32,18.054,2.32,18.054,long_ientry_normal,41.885279999999995,0.032582989705845375,206.0
1714138380000.0,167853,1714138380000.0,0.06536000000000022,-0.001385176,1285.5592709320117,1285.9472709320116,-0.38,18.226,1.94,18.054,long_nclose,35.02475999999999,0.027244764821000866,20.0
1714138440000.0,167854,1714138440000.0,0.0881600000000011,-0.0013897360000000001,1285.6460411960118,1286.0079611960118,-0.38,18.286,1.56,18.054,long_nclose,28.16424,0.021906682786344014,1.0
1714138500000.0,167855,1714138500000.0,0.07192000000000089,-0.0011337320000000001,1285.7168274640119,1285.990577464012,-0.31,18.286,1.25,18.054,long_nclose,22.5675,0.017552465300242546,1.0
1714138680000.0,167858,1714138680000.0,0.05800000000000072,-0.0009143000000000002,1285.773913164012,1286.033913164012,-0.25,18.286,1.0,18.054,long_nclose,18.054,0.014041348805695554,3.0
1714138740000.0,167859,1714138740000.0,0.0730000000000004,-0.0009173,1285.845995864012,1286.0612458640119,-0.25,18.346,0.75,18.054,long_nclose,13.540499999999998,0.0105304212507203,1.0
1714138800000.0,167860,1714138800000.0,0.05256000000000029,-0.000660456,1285.897895408012,1286.0352654080118,-0.18,18.346,0.57,18.054,long_nclose,10.290779999999998,0.008002797140230765,1.0
1714139040000.0,167864,1714139040000.0,0.025520000000000317,-0.000402292,1285.9230131160118,1286.045373116012,-0.11,18.286,0.46,18.054,long_nclose,8.30484,0.006458271541370078,4.0
1714139160000.0,167866,1714139160000.0,0.032120000000000176,-0.0004036120000000001,1285.954729504012,1286.060429504012,-0.11,18.346,0.35,18.054,long_nclose,6.318899999999999,0.004913781064779144,2.0
1714139220000.0,167867,1714139220000.0,0.03872000000000003,-0.000404932,1285.993044572012,1286.086644572012,-0.11,18.406,0.24,18.054,long_nclose,4.332959999999999,0.0033693494831008516,1.0
1714139400000.0,167870,1714139400000.0,0.04944000000000031,-0.00044318400000000006,1286.042041388012,1286.091961388012,-0.12,18.466,0.12,18.054,long_nclose,2.1664799999999995,0.001684610557258097,3.0
1714139460000.0,167871,1714139460000.0,0.056640000000000156,-0.00044462399999999996,1286.098236764012,1286.098236764012,-0.12,18.526,0.0,18.054,long_nclose,0.0,0.0,1.0
1714166340000.0,168319,1714166340000.0,0.0,-0.00838215,1286.089854614012,1286.040354614012,2.25,18.627,2.25,18.627,long_ientry_normal,41.91075,0.03258773082583602,448.0
1714174320000.0,168452,1714174320000.0,0.0,-0.008401008000000001,1286.081453606012,1285.143983606012,2.31,18.184,4.56,18.40258552631579,long_rentry,83.91578999999999,0.0652492031237295,133.0
1714178520000.0,168522,1714178520000.0,0.0,-0.0083989,1286.073054706012,1283.520084706012,2.35,17.87,6.91,18.221460202604916,long_rentry,125.91028999999997,0.09790290647896534,70.0
1714180200000.0,168550,1714180200000.0,0.0,-0.008377124,1286.064677582012,1281.7727675820122,2.38,17.599,9.29,18.061992465016147,long_rentry,167.79591,0.1304723727545963,28.0
1714180620000.0,168557,1714180620000.0,0.0,-0.010723536,1286.0539540460122,1279.2600440460121,3.09,17.352,12.38,17.88478109854604,long_rentry,221.41358999999997,0.17216508631182847,7.0
1714262520000.0,169922,1714262520000.0,0.3527109369951613,-0.0074390720000000006,1286.3992259110075,1286.9381249740125,-2.06,18.056,10.32,17.88478109854604,long_nclose,184.57094093699513,0.14347874067343666,1365.0
1714272720000.0,170092,1714272720000.0,0.29449651050081427,-0.006211264,1286.6875111575082,1288.4007937100123,-1.72,18.056,8.6,17.88478109854604,long_nclose,153.80911744749594,0.1195388282809466,170.0
1714272900000.0,170095,1714272900000.0,0.24484302907916536,-0.0051640160000000004,1286.9271901705874,1288.1046396940123,-1.43,18.056,7.17,17.88478109854604,long_nclose,128.2338804765751,0.09964346192699308,3.0
1714272960000.0,170096,1714272960000.0,0.20375049273021453,-0.004297328,1287.1266433353178,1288.0668123660125,-1.19,18.056,5.98,17.88478109854604,long_nclose,106.95099096930532,0.08309282658632902,1.0
1714273680000.0,170108,1714273680000.0,0.16950671243942217,-0.0035750880000000006,1287.2925749597573,1288.2168172780125,-0.99,18.056,4.99,17.88478109854604,long_nclose,89.24505768174474,0.0693277188245529,12.0
1714273800000.0,170110,1714273800000.0,0.14211168820678827,-0.002997296,1287.431689351964,1288.1897199820125,-0.83,18.056,4.16,17.88478109854604,long_nclose,74.40068936995152,0.05779000935374018,2.0
1714273920000.0,170112,1714273920000.0,0.1910816882067862,-0.0030070899999999996,1287.6197639501709,1288.5229228920125,-0.83,18.115,3.33,17.88478109854604,long_nclose,59.55632105815831,0.04625303426180018,2.0
1714273920000.0,170112,1714273920000.0,0.24005168820678707,-0.003016884,1287.8567987543775,1288.5348460080124,-0.83,18.174,2.5,17.88478109854604,long_nclose,44.7119527463651,0.03471810902393089,0.0
1714274100000.0,170115,1714274100000.0,0.17931571890145542,-0.002253576,1288.033860897279,1288.5005124320126,-0.62,18.174,1.88,17.88478109854604,long_nclose,33.62338846526655,0.026104428995246752,3.0
1714274760000.0,170126,1714274760000.0,0.13593288368336134,-0.0017083559999999999,1288.1680854249623,1288.5885740760125,-0.47,18.174,1.41,17.88478109854604,long_nclose,25.217541348949915,0.019576281724625038,11.0
1714274820000.0,170127,1714274820000.0,0.16366288368336185,-0.001713902,1288.3300344066458,1288.6564201740125,-0.47,18.233,0.94,17.88478109854604,long_nclose,16.811694232633275,0.013049213930944395,1.0
1714274880000.0,170128,1714274880000.0,0.10794785945072803,-0.001130446,1288.4368518200965,1288.6537097280125,-0.31,18.233,0.63,17.88478109854604,long_nclose,11.267412092084005,0.00874502469885677,1.0
1714274940000.0,170129,1714274940000.0,0.07312596930533188,-0.0007657860000000001,1288.5092120034017,1288.6634439420122,-0.21,18.233,0.42,17.88478109854604,long_nclose,7.511608061389336,0.0058296890634643795,1.0
1714275000000.0,170130,1714275000000.0,0.08572596930533162,-0.000768306,1288.5941696667069,1288.6792656360121,-0.21,18.293,0.21,17.88478109854604,long_nclose,3.755804030694668,0.002914652354562571,1.0
1714275060000.0,170131,1714275060000.0,0.040821890145396014,-0.00036586,1288.6346256968523,1288.682389776012,-0.1,18.293,0.11,17.88478109854604,long_nclose,1.9673259208400644,0.001526674731230505,1.0
1714275120000.0,170132,1714275120000.0,0.05139407915993573,-0.00040374400000000004,1288.6856160320121,1288.6856160320121,-0.11,18.352,0.0,17.88478109854604,long_nclose,0.0,0.0,1.0
1714303500000.0,170605,1714303500000.0,0.0,-0.008415798,1288.6772002340122,1288.7611902340122,2.27,18.537,2.27,18.537,long_ientry_normal,42.07899,0.03265285518542489,473.0
1714304880000.0,170628,1714304880000.0,0.0,-0.008396544,1288.668803690012,1287.713633690012,2.32,18.096,4.59,18.314098039215686,long_rentry,84.06170999999999,0.06523143088378894,23.0
1714320060000.0,170881,1714320060000.0,0.13292549019607905,-0.0028103280000000004,1288.7989188522083,1289.4879433620122,-0.76,18.489,3.83,18.314098039215686,long_nclose,70.14299549019609,0.05442508871179435,253.0
1714320300000.0,170885,1714320300000.0,0.11018823529411816,-0.0023296140000000003,1288.9067774735024,1289.4856637480123,-0.63,18.489,3.2,18.314098039215686,long_nclose,58.6051137254902,0.045468853721420524,4.0
1714320420000.0,170887,1714320420000.0,0.15097725490196126,-0.0023744,1289.0553803284045,1289.6874493480123,-0.64,18.55,2.56,18.314098039215686,long_nclose,46.88409098039216,0.03637088964203213,2.0
1714320540000.0,170889,1714320540000.0,0.12031000000000037,-0.0018921,1289.1737982284044,1289.6614972480122,-0.51,18.55,2.05,18.314098039215686,long_nclose,37.54390098039215,0.029122451163671927,2.0
1714321140000.0,170899,1714321140000.0,0.059466666666666945,-0.0012572520000000002,1289.232007643071,1289.6114599960122,-0.34,18.489,1.71,18.314098039215686,long_nclose,31.317107647058823,0.024291289280283745,10.0
1714321320000.0,170902,1714321320000.0,0.08020666666666693,-0.0012614000000000002,1289.3109529097378,1289.6574285960123,-0.34,18.55,1.37,18.314098039215686,long_nclose,25.090314313725493,0.019460250653344148,3.0
1714321500000.0,170905,1714321500000.0,0.1006066666666665,-0.00126548,1289.4102940964044,1289.7181631160122,-0.34,18.61,1.03,18.314098039215686,long_nclose,18.863520980392156,0.014629572190294458,3.0
1714322760000.0,170926,1714322760000.0,0.0471803921568629,-0.0007420000000000001,1289.4567324885613,1289.6782611160122,-0.2,18.55,0.83,18.314098039215686,long_nclose,15.20070137254902,0.011788453997376654,21.0
1714323360000.0,170936,1714323360000.0,0.05918039215686264,-0.0007444,1289.515168480718,1289.7015867160121,-0.2,18.61,0.63,18.314098039215686,long_nclose,11.537881764705883,0.008947457189122942,10.0
1714323420000.0,170937,1714323420000.0,0.044385294117646974,-0.0005583,1289.5589954748357,1289.7063084160122,-0.15,18.61,0.48,18.314098039215686,long_nclose,8.79076705882353,0.006816878552800628,1.0
1714323660000.0,170941,1714323660000.0,0.0571043137254901,-0.0005974719999999999,1289.615502316561,1289.7463509440122,-0.16,18.671,0.32,18.314098039215686,long_nclose,5.86051137254902,0.004544386572603749,4.0
1714323900000.0,170945,1714323900000.0,0.0668643137254901,-0.000599424,1289.6817672062866,1289.7499115200121,-0.16,18.732,0.16,18.314098039215686,long_nclose,2.93025568627451,0.0022720765391775993,4.0
1714324320000.0,170952,1714324320000.0,0.03343215686274505,-0.000299712,1289.7148996511494,1289.748891808012,-0.08,18.732,0.08,18.314098039215686,long_nclose,1.465127843137255,0.0011360090850571335,7.0
1714324440000.0,170954,1714324440000.0,0.016716078431372523,-0.000149856,1289.7314658735806,1289.747941952012,-0.04,18.732,0.04,18.314098039215686,long_nclose,0.7325639215686275,0.0005679972466768003,2.0
1714324560000.0,170956,1714324560000.0,0.0035690196078431314,-3.7341999999999996e-05,1289.7349975511884,1289.746394610012,-0.01,18.671,0.03,18.314098039215686,long_nclose,0.5494229411764706,0.00042599676849868883,2.0
1714324680000.0,170958,1714324680000.0,0.0035690196078431314,-3.7341999999999996e-05,1289.738529228796,1289.7459072680117,-0.01,18.671,0.02,18.314098039215686,long_nclose,0.36628196078431374,0.00028399706799744396,2.0
1714325460000.0,170971,1714325460000.0,0.0035690196078431314,-3.7341999999999996e-05,1289.7420609064038,1289.7458899260116,-0.01,18.671,0.01,18.314098039215686,long_nclose,0.18314098039215687,0.00014199814516667713,13.0
1714326000000.0,170980,1714326000000.0,0.0035690196078431314,-3.7341999999999996e-05,1289.7455925840115,1289.7455925840115,-0.01,18.671,0.0,18.314098039215686,long_nclose,0.0,0.0,9.0
1714341240000.0,171234,1714341240000.0,0.0,-0.008421664,1289.7371709200115,1289.7326509200116,2.26,18.632,2.26,18.632,long_ientry_normal,42.10832,0.0326487604989804,254.0
1714345380000.0,171303,1714345380000.0,0.0,-0.008402856,1289.7287680640115,1288.7664580640117,2.31,18.188,4.57,18.407571115973738,long_rentry,84.12259999999999,0.06522503186951074,69.0
1714353300000.0,171435,1714353300000.0,0.13332595185995785,-0.002824616,1289.8592693998714,1290.1276034480115,-0.76,18.583,3.81,18.407571115973738,long_nclose,70.13284595185995,0.05437247893290748,132.0
1714353480000.0,171438,1714353480000.0,0.11052019693654401,-0.002341458,1289.9674481388079,1290.4267319900114,-0.63,18.583,3.18,18.407571115973738,long_nclose,58.53607614879649,0.045377948283310224,3.0
1714353600000.0,171440,1714353600000.0,0.09297730853391799,-0.001969798,1290.0584556493418,1290.4120421920113,-0.53,18.583,2.65,18.407571115973738,long_nclose,48.78006345733041,0.037812289236751916,2.0
1714354500000.0,171455,1714354500000.0,0.07718870897155455,-0.0016353040000000002,1290.1340090543133,1290.5283368880114,-0.44,18.583,2.21,18.407571115973738,long_nclose,40.68073216630196,0.03153217563508888,15.0
1714354560000.0,171456,1714354560000.0,0.10402870897155453,-0.0016406720000000001,1290.236397091285,1290.6725762160115,-0.44,18.644,1.77,18.407571115973738,long_nclose,32.581400875273516,0.02525227233453124,1.0
1714354620000.0,171457,1714354620000.0,0.1308687089715545,-0.00164604,1290.3656197602565,1290.7266201760115,-0.44,18.705,1.33,18.407571115973738,long_nclose,24.482069584245075,0.01897297107837833,1.0
1714354680000.0,171458,1714354680000.0,0.09815153172866588,-0.00123453,1290.4625367619853,1290.7419656460115,-0.33,18.705,1.0,18.407571115973738,long_nclose,18.407571115973738,0.014264320421235797,1.0
1714354740000.0,171459,1714354740000.0,0.07435722100656506,-0.00093525,1290.5359587329917,1290.7672803960115,-0.25,18.705,0.75,18.407571115973738,long_nclose,13.805678336980304,0.010697631665013264,1.0
1714354860000.0,171461,1714354860000.0,0.03546433260393904,-0.00055932,1290.5708637455955,1290.6989210760112,-0.15,18.644,0.6,18.407571115973738,long_nclose,11.044542669584242,0.008557873867948566,2.0
1714354920000.0,171462,1714354920000.0,0.028371466083151234,-0.00044745599999999994,1290.5987877556786,1290.7189936200111,-0.12,18.644,0.48,18.407571115973738,long_nclose,8.835634135667394,0.0068461509645707614,1.0
1714355160000.0,171466,1714355160000.0,0.014034310722100827,-0.000297328,1290.6125247384007,1290.682696292011,-0.08,18.583,0.4,18.407571115973738,long_nclose,7.363028446389496,0.005705065079762756,4.0
1714355220000.0,171467,1714355220000.0,0.01052573304157562,-0.000222996,1290.6228274754421,1290.721573296011,-0.06,18.583,0.34,18.407571115973738,long_nclose,6.258574179431071,0.0048492666069399415,1.0
1714355220000.0,171467,1714355220000.0,0.014185733041575617,-0.00022372799999999997,1290.6367894804837,1290.718109568011,-0.06,18.644,0.28,18.407571115973738,long_nclose,5.154119912472647,0.003993470474793548,0.0
1714355280000.0,171468,1714355280000.0,0.020820021881838218,-0.00026187000000000004,1290.6573476323656,1290.7111976980111,-0.07,18.705,0.21,18.407571115973738,long_nclose,3.865589934354485,0.002995055148793505,1.0
1714355340000.0,171469,1714355340000.0,0.014871444201313012,-0.00018705,1290.672032026567,1290.7239406480112,-0.05,18.705,0.16,18.407571115973738,long_nclose,2.9452113785557983,0.002281920817584722,1.0
1714355460000.0,171471,1714355460000.0,0.01792144420131301,-0.00018766,1290.6897658107684,1290.7366729880114,-0.05,18.766,0.11,18.407571115973738,long_nclose,2.0248328227571113,0.0015687990068513316,2.0
1714355460000.0,171471,1714355460000.0,0.020971444201313184,-0.00018827000000000004,1290.7105489849696,1290.7361347180113,-0.05,18.827,0.06,18.407571115973738,long_nclose,1.1044542669584243,0.00085569477047118,0.0
1714355580000.0,171473,1714355580000.0,0.01258286652078791,-0.00011296200000000001,1290.7230188894903,1290.7352717560111,-0.03,18.827,0.03,18.407571115973738,long_nclose,0.5522271334792122,0.0004278432517259483,2.0
1714355640000.0,171474,1714355640000.0,0.004194288840262636,-3.765400000000001e-05,1290.7271755243305,1290.734504102011,-0.01,18.827,0.02,18.407571115973738,long_nclose,0.3681514223194748,0.0002852279159380998,1.0
1714355760000.0,171476,1714355760000.0,0.004194288840262636,-3.765400000000001e-05,1290.7313321591707,1290.735466448011,-0.01,18.827,0.01,18.407571115973738,long_nclose,0.1840757111597374,0.00014261349869907513,2.0
1714356060000.0,171481,1714356060000.0,0.003584288840262602,-3.7532e-05,1290.734878916011,1290.734878916011,-0.01,18.766,0.0,18.407571115973738,long_nclose,0.0,0.0,5.0
1714358160000.0,171516,1714358160000.0,0.0,-0.008422162,1290.726456754011,1290.611956754011,2.29,18.389,2.29,18.389,long_ientry_normal,42.11081,0.03262566578661644,35.0
1714372200000.0,171750,1714372200000.0,0.0,-0.008401068,1290.718055686011,1289.543725686011,2.34,17.951,4.63,18.167634989200863,long_rentry,84.11614999999999,0.06517004207808391,234.0
1714374240000.0,171784,1714374240000.0,0.0,-0.008397591999999999,1290.709658094011,1288.339058094011,2.38,17.642,7.01,17.98917403708987,long_rentry,126.10410999999999,0.0977013763003972,34.0
1714396860000.0,172161,1714396860000.0,0.19931811697575127,-0.004213352,1290.9047628589867,1291.828044742011,-1.16,18.161,5.85,17.98917403708987,long_nclose,105.23666811697574,0.08152163594462729,377.0
1714405740000.0,172309,1714405740000.0,0.1666711840228265,-0.003523234,1291.0679108090094,1291.7405015080108,-0.97,18.161,4.88,17.98917403708987,long_nclose,87.78716930099857,0.06799577974638789,148.0
1714405860000.0,172311,1714405860000.0,0.13917902995720566,-0.0029420820000000004,1291.2041477569667,1291.8790594260108,-0.81,18.161,4.07,17.98917403708987,long_nclose,73.21593833095578,0.05670361147626723,2.0
1714405920000.0,172312,1714405920000.0,0.11512339514978738,-0.0024335740000000004,1291.3168375781165,1291.812645852011,-0.67,18.161,3.4,17.98917403708987,long_nclose,61.16319172610556,0.047364976546591005,1.0
1714406040000.0,172314,1714406040000.0,0.09622253922967304,-0.0020340320000000003,1291.4110260853463,1291.890491820011,-0.56,18.161,2.84,17.98917403708987,long_nclose,51.08925426533523,0.039560800731431,2.0
1714406100000.0,172315,1714406100000.0,0.08075820256776128,-0.001707134,1291.490077153914,1291.852274686011,-0.47,18.161,2.37,17.98917403708987,long_nclose,42.634342467903,0.03301174606146202,1.0
1714406280000.0,172318,1714406280000.0,0.06701212553495087,-0.0014165580000000003,1291.555672721449,1291.907768128011,-0.39,18.161,1.98,17.98917403708987,long_nclose,35.618564593437945,0.027578032713360113,3.0
1714406400000.0,172320,1714406400000.0,0.09041212553495037,-0.0014212380000000002,1291.6446636089838,1291.956026890011,-0.39,18.221,1.59,17.98917403708987,long_nclose,28.602786718972897,0.02214447016647277,2.0
1714406520000.0,172322,1714406520000.0,0.04467475035663391,-0.0009443720000000001,1291.6883939873403,1291.9887425180107,-0.26,18.161,1.33,17.98917403708987,long_nclose,23.92560146932953,0.018522734725108958,2.0
1714406580000.0,172323,1714406580000.0,0.06027475035663358,-0.0009474920000000001,1291.747721245697,1291.9626050260108,-0.26,18.221,1.07,17.98917403708987,long_nclose,19.248416219686163,0.014901064583356842,1.0
1714406640000.0,172324,1714406640000.0,0.04868345221112712,-0.000765282,1291.7956394159082,1291.955449744011,-0.21,18.221,0.86,17.98917403708987,long_nclose,15.470689671897288,0.011976112319818974,1.0
1714406880000.0,172328,1714406880000.0,0.03941041369472196,-0.000619514,1291.834430315603,1291.9681702300109,-0.17,18.221,0.69,17.98917403708987,long_nclose,12.41253008559201,0.009608452750837082,4.0
1714407000000.0,172330,1714407000000.0,0.018900855920114347,-0.000399542,1291.852931629523,1291.927650688011,-0.11,18.161,0.58,17.98917403708987,long_nclose,10.433720941512124,0.008076554757940745,2.0
1714407120000.0,172332,1714407120000.0,0.015464336661911736,-0.000326898,1291.868069068185,1291.957653790011,-0.09,18.161,0.49,17.98917403708987,long_nclose,8.814695278174037,0.006823216309179321,2.0
1714407240000.0,172334,1714407240000.0,0.013746077032810434,-0.00029057600000000007,1291.8815245692178,1291.952383214011,-0.08,18.161,0.41,17.98917403708987,long_nclose,7.375561355206846,0.005709162345723809,2.0
1714407540000.0,172339,1714407540000.0,0.010309557774607825,-0.00021793200000000003,1291.8916161949926,1291.9521052820112,-0.06,18.161,0.35,17.98917403708987,long_nclose,6.296210912981454,0.004873637102410866,5.0
1714407720000.0,172342,1714407720000.0,0.00859129814550652,-0.00018161000000000005,1291.9000258831381,1291.9536736720113,-0.05,18.161,0.3,17.98917403708987,long_nclose,5.3967522111269615,0.0041773760376216116,3.0
1714407840000.0,172344,1714407840000.0,0.00859129814550652,-0.00018161000000000005,1291.9084355712837,1291.9541420620112,-0.05,18.161,0.25,17.98917403708987,long_nclose,4.497293509272468,0.003481124037466137,2.0
1714408080000.0,172348,1714408080000.0,0.006873038516405217,-0.00014528800000000004,1291.9151633218,1291.956076774011,-0.04,18.161,0.21,17.98917403708987,long_nclose,3.777726547788873,0.0029241289637591227,4.0
1714411200000.0,172400,1714411200000.0,0.0,-0.007662056000000001,1291.9075012658,1291.8868447180112,2.14,17.902,2.35,17.90979002033569,long_ientry_partial,42.08800654778888,0.03257818884599045,52.0
1714428300000.0,172685,1714428300000.0,0.06677189206908014,-0.001410318,1291.972862839869,1292.318234400011,-0.39,18.081,1.96,17.90979002033569,long_nclose,35.10318843985795,0.02717022117840624,285.0
1714428420000.0,172687,1714428420000.0,0.05478719349257858,-0.0011571840000000001,1292.0264928493616,1292.274477216011,-0.32,18.081,1.64,17.90979002033569,long_nclose,29.37205563335053,0.02273332303625994,2.0
1714428480000.0,172688,1714428480000.0,0.04622669450936318,-0.0009763740000000001,1292.071743169871,1292.2816408420113,-0.27,18.081,1.37,17.90979002033569,long_nclose,24.5364123278599,0.01898997672347831,1.0
1714428900000.0,172695,1714428900000.0,0.03766619552614778,-0.000795564,1292.108613801397,1292.357255278011,-0.22,18.081,1.15,17.90979002033569,long_nclose,20.596258523386044,0.015940036544444695,7.0
1714428960000.0,172696,1714428960000.0,0.0529482953227911,-0.0008344400000000001,1292.1607276567197,1292.390920838011,-0.23,18.14,0.92,17.90979002033569,long_nclose,16.477006818708837,0.012751514936217888,1.0
1714429020000.0,172697,1714429020000.0,0.06674829532279081,-0.0008372000000000001,1292.2266387520426,1292.442063638011,-0.23,18.2,0.69,17.90979002033569,long_nclose,12.357755114031626,0.00956314840093842,1.0
1714429140000.0,172699,1714429140000.0,0.049335696542932336,-0.0006188000000000001,1292.2753556485857,1292.421064838011,-0.17,18.2,0.52,17.90979002033569,long_nclose,9.31309081057456,0.007206738695330433,2.0
1714429320000.0,172702,1714429320000.0,0.03772729735636002,-0.00047320000000000006,1292.3126097459422,1292.4382716380112,-0.13,18.2,0.39,17.90979002033569,long_nclose,6.98481810793092,0.005404898207488726,3.0
1714429500000.0,172705,1714429500000.0,0.04539729735636016,-0.00047473400000000004,1292.3575323092987,1292.4514469040114,-0.13,18.259,0.26,17.90979002033569,long_nclose,4.65654540528728,0.0036031402215504194,3.0
1714429620000.0,172707,1714429620000.0,0.053067297356360295,-0.00047626800000000007,1292.410123338655,1292.4669606360114,-0.13,18.318,0.13,17.90979002033569,long_nclose,2.32827270264364,0.001801496800898668,2.0
1714429680000.0,172708,1714429680000.0,0.06086729735636013,-0.0004778280000000001,1292.4705128080113,1292.4705128080113,-0.13,18.378,0.0,17.90979002033569,long_nclose,0.0,0.0,1.0
1714442460000.0,172921,1714442460000.0,0.0,-0.008438044,1292.4620747640113,1292.5755747640112,2.27,18.586,2.27,18.586,long_ientry_normal,42.19022,0.0326432943943082,213.0
1714451100000.0,173065,1714451100000.0,0.0,-0.008418815999999999,1292.4536559480114,1291.4870359480115,2.32,18.144,4.59,18.36259259259259,long_rentry,84.28429999999999,0.06521262840807833,144.0
1714460340000.0,173219,1714460340000.0,0.13330962962963086,-0.002817776,1292.584147801641,1293.1985081720113,-0.76,18.538,3.83,18.36259259259259,long_nclose,70.32872962962962,0.054409401313826274,154.0
1714460400000.0,173220,1714460400000.0,0.11050666666666768,-0.002335788,1292.6923186803076,1293.2728223840113,-0.63,18.538,3.2,18.36259259259259,long_nclose,58.760296296296296,0.04545574801301821,1.0
1714460580000.0,173223,1714460580000.0,0.09296592592592678,-0.001965028,1292.7833195782334,1293.2489873560112,-0.53,18.538,2.67,18.36259259259259,long_nclose,49.028122222222215,0.03792447000183874,3.0
1714461000000.0,173230,1714461000000.0,0.07717925925925996,-0.001631344,1292.8588674934927,1293.3280760120113,-0.44,18.538,2.23,18.36259259259259,long_nclose,40.948581481481476,0.03167289370174628,7.0
1714461060000.0,173231,1714461060000.0,0.10401925925925994,-0.001636712,1292.961250040752,1293.3772593000112,-0.44,18.599,1.79,18.36259259259259,long_nclose,32.869040740740736,0.02542152035856044,1.0
1714461120000.0,173232,1714461120000.0,0.08274259259259313,-0.00130193,1293.0426907033448,1293.5011973700114,-0.35,18.599,1.44,18.36259259259259,long_nclose,26.44213333333333,0.020449543950440068,1.0
1714461120000.0,173232,1714461120000.0,0.10409259259259311,-0.0013062,1293.1454770959374,1293.4925411700115,-0.35,18.66,1.09,18.36259259259259,long_nclose,20.015225925925925,0.015477938314314665,0.0
1714461240000.0,173234,1714461240000.0,0.04964555555555588,-0.000781158,1293.1943414934929,1293.4279000120114,-0.21,18.599,0.88,18.36259259259259,long_nclose,16.15908148148148,0.012495478029094662,2.0
1714461300000.0,173235,1714461300000.0,0.06542962962962996,-0.00082104,1293.2589500831225,1293.4690989720114,-0.22,18.66,0.66,18.36259259259259,long_nclose,12.119311111111111,0.00937114033529956,1.0
1714461300000.0,173235,1714461300000.0,0.07884962962962995,-0.0008237240000000001,1293.336975988752,1293.4770752480113,-0.22,18.721,0.44,18.36259259259259,long_nclose,8.07954074074074,0.0062470499883172026,0.0
1714461420000.0,173237,1714461420000.0,0.03271481481481498,-0.00041052,1293.369280283567,1293.4667647280114,-0.11,18.66,0.33,18.36259259259259,long_nclose,6.059655555555556,0.004685170467499426,2.0
1714462380000.0,173253,1714462380000.0,0.0,-0.007230960000000001,1293.362049323567,1293.3420537680113,1.98,18.26,2.31,18.274656084656083,long_ientry_partial,42.21445555555555,0.032639318261761176,16.0
1714466820000.0,173327,1714466820000.0,0.0,-0.00842048,1293.3536288435669,1292.3402332880114,2.36,17.84,4.67,18.055001189626456,long_rentry,84.31685555555555,0.06519242199130505,74.0
1714477080000.0,173498,1714477080000.0,0.0,-0.00841536,1293.3452134835668,1290.7401879280112,2.4,17.532,7.07,17.877461889046046,long_rentry,126.39365555555555,0.09772615558310219,171.0
1714479060000.0,173531,1714479060000.0,0.0,-0.008426784000000001,1293.3367866995668,1288.6379811440113,2.44,17.268,9.51,17.721091015305525,long_rentry,168.52757555555553,0.13030447853077523,33.0
1714493880000.0,173778,1714493880000.0,0.0,-0.0107598,1293.3260268995668,1286.9469313440113,3.16,17.025,12.67,17.547480312198545,long_rentry,222.32657555555556,0.17190296254110746,247.0
1714500660000.0,173891,1714500660000.0,0.0,-0.014131092,1293.3118958075668,1283.4907102520112,4.22,16.743,16.89,17.34647931057167,long_rentry,292.9820355555555,0.22653625664875862,113.0
1714523220000.0,174267,1714523220000.0,0.0,-0.018434724,1293.2934610835669,1276.3788955280113,5.62,16.401,22.51,17.11042450269016,long_rentry,385.15565555555554,0.2978099458052301,376.0
1714524660000.0,174291,1714524660000.0,0.0,-0.02394553,1293.2695155535669,1267.0062099980112,7.49,15.985,30.0,16.82944351851852,long_rentry,504.8833055555556,0.3903929532735077,24.0
1714548360000.0,174686,1714548360000.0,0.0,-0.030888100000000005,1293.2386274535668,1254.804221898011,9.98,15.475,39.98,16.49134080929354,long_rentry,659.3238055555556,0.5098237800503901,395.0
1714766700000.0,178325,1714766700000.0,1.0500102101050306,-0.022176468000000005,1294.2664611956718,1299.253105430011,-6.66,16.649,33.32,16.49134080929354,long_nclose,549.4914757656608,0.42455822834042106,3639.0
1714766880000.0,178328,1714766880000.0,0.8750085084208589,-0.01848039,1295.1229893140928,1299.5289550400112,-5.55,16.649,27.77,16.49134080929354,long_nclose,457.9645342740816,0.35360698408776076,3.0
1714767300000.0,178335,1714767300000.0,1.1747085084208504,-0.01854033,1296.2791574925138,1300.7155847100114,-5.55,16.703,22.22,16.49134080929354,long_nclose,366.43759278250246,0.2826841661878828,7.0
1714767360000.0,178336,1714767360000.0,0.9397668067366806,-0.014832264000000001,1297.2040920352506,1301.1807524460114,-4.44,16.703,17.78,16.49134080929354,long_nclose,293.21603958923913,0.22603693697049423,1.0
1714767900000.0,178345,1714767900000.0,1.1839668067366793,-0.014881104,1298.3731777379871,1302.1705313420114,-4.44,16.758,13.34,16.49134080929354,long_nclose,219.99448639597583,0.1694385637103564,9.0
1714768380000.0,178353,1714768380000.0,1.428166806736678,-0.014929944,1299.786414600724,1302.5690813980113,-4.44,16.813,8.9,16.49134080929354,long_nclose,146.77293320271252,0.11292080879903572,8.0
1714768560000.0,178356,1714768560000.0,0.9521112044911186,-0.009953295999999999,1300.728572509215,1302.6986281020113,-2.96,16.813,5.94,16.49134080929354,long_nclose,97.95856440720364,0.07531053478608017,3.0
1714768740000.0,178359,1714768740000.0,1.1186777963981824,-0.010019592,1301.8372307136133,1302.9618485100116,-2.97,16.868,2.97,16.49134080929354,long_nclose,48.97928220360182,0.03762319977341054,3.0
1714769340000.0,178369,1714769340000.0,0.5574556022455589,-0.004992928,1302.3896933878586,1302.9941255820113,-1.48,16.868,1.49,16.49134080929354,long_nclose,24.572097805847374,0.018866932017811717,10.0
1714769940000.0,178379,1714769940000.0,0.09866390056138993,-0.001240092,1302.48711719642,1302.7969754900114,-0.37,16.758,1.12,16.49134080929354,long_nclose,18.470301706408765,0.014180794161070672,10.0
1714770060000.0,178381,1714770060000.0,0.11901390056138983,-0.0012441619999999998,1302.6048869349816,1302.8476313280114,-0.37,16.813,0.75,16.49134080929354,long_nclose,12.368505606970155,0.009495208970137633,2.0
1714772220000.0,178417,1714772220000.0,0.018919102884775326,-0.00039957600000000007,1302.6234064618664,1302.7258817520114,-0.12,16.649,0.63,16.49134080929354,long_nclose,10.38954470985493,0.00797586213967596,36.0
1714773360000.0,178436,1714773360000.0,0.015765919070646107,-0.0003329800000000001,1302.638839400937,1302.7250487720114,-0.1,16.649,0.53,16.49134080929354,long_nclose,8.740410628925577,0.006709772781644645,19.0
1714773480000.0,178438,1714773480000.0,0.012612735256516886,-0.000266384,1302.6511857521934,1302.7225823880115,-0.08,16.649,0.45,16.49134080929354,long_nclose,7.421103364182093,0.005696922894901374,2.0
1714773600000.0,178440,1714773600000.0,0.019049327163581358,-0.00030065399999999997,1302.669934425357,1302.7400117340114,-0.09,16.703,0.36,16.49134080929354,long_nclose,5.936882691345674,0.004557472721564418,2.0
1714774500000.0,178455,1714774500000.0,0.009459551442387663,-0.00019978800000000003,1302.6791941887996,1302.7222919460114,-0.06,16.649,0.3,16.49134080929354,long_nclose,4.947402242788062,0.003797866938274771,15.0
1714774680000.0,178458,1714774680000.0,0.007882959535323053,-0.00016649000000000004,1302.686910658335,1302.7238254560116,-0.05,16.649,0.25,16.49134080929354,long_nclose,4.122835202323385,0.003164870367999507,3.0
1714774800000.0,178460,1714774800000.0,0.006306367628258443,-0.000133192,1302.693083833963,1302.7228322640115,-0.04,16.649,0.21,16.49134080929354,long_nclose,3.4631815699516433,0.002658478511115707,2.0
1714774860000.0,178461,1714774860000.0,0.0047297757211938315,-9.989400000000002e-05,1302.6977137156844,1302.7271723700114,-0.03,16.649,0.18,16.49134080929354,long_nclose,2.968441345672837,0.002278687768020988,1.0
1714774980000.0,178463,1714774980000.0,0.0047297757211938315,-9.989400000000002e-05,1302.7023435974056,1302.7268924760115,-0.03,16.649,0.15,16.49134080929354,long_nclose,2.473701121394031,0.0018988997245241138,2.0
1714775880000.0,178478,1714775880000.0,0.0031531838141292214,-6.6596e-05,1302.70543018522,1302.7247558800118,-0.02,16.649,0.13,16.49134080929354,long_nclose,2.1438743052081604,0.0016457091952885635,15.0
1714776180000.0,178483,1714776180000.0,0.0031531838141292214,-6.6596e-05,1302.7085167730343,1302.725969284012,-0.02,16.649,0.11,16.49134080929354,long_nclose,1.8140474890222893,0.0013925198658529562,5.0
1714776360000.0,178486,1714776360000.0,0.0015765919070646107,-3.3298e-05,1302.7100600669412,1302.7269259860118,-0.01,16.649,0.1,16.49134080929354,long_nclose,1.649134080929354,0.0012659256510574666,3.0
1714776600000.0,178490,1714776600000.0,0.0015765919070646107,-3.3298e-05,1302.7116033608481,1302.7257026880118,-0.01,16.649,0.09,16.49134080929354,long_nclose,1.4842206728364185,0.0011393317362087645,4.0
1714776660000.0,178491,1714776660000.0,0.0015765919070646107,-3.3298e-05,1302.713146654755,1302.7252793900116,-0.01,16.649,0.08,16.49134080929354,long_nclose,1.3193072647434831,0.0010127381213057842,1.0
1714776720000.0,178492,1714776720000.0,0.0015765919070646107,-3.3298e-05,1302.714689948662,1302.7262160920116,-0.01,16.649,0.07,16.49134080929354,long_nclose,1.1543938566505478,0.0008861448063474595,1.0
1714777020000.0,178497,1714777020000.0,0.0015765919070646107,-3.3298e-05,1302.716233242569,1302.7257527940112,-0.01,16.649,0.06,16.49134080929354,long_nclose,0.9894804485576123,0.0007595517913327243,5.0
1714777140000.0,178499,1714777140000.0,0.0015765919070646107,-3.3298e-05,1302.7177765364759,1302.7250594960112,-0.01,16.649,0.05,16.49134080929354,long_nclose,0.824567040464677,0.0006329590762605129,2.0
1714777260000.0,178501,1714777260000.0,0.0015765919070646107,-3.3298e-05,1302.7193198303828,1302.725626198011,-0.01,16.649,0.04,16.49134080929354,long_nclose,0.6596536323717416,0.000506366661129759,2.0
1714777320000.0,178502,1714777320000.0,0.0015765919070646107,-3.3298e-05,1302.7208631242897,1302.725682900011,-0.01,16.649,0.03,16.49134080929354,long_nclose,0.49474022427880615,0.00037977454593939676,1.0
1714777500000.0,178505,1714777500000.0,0.0015765919070646107,-3.3298e-05,1302.7224064181967,1302.7258196020107,-0.01,16.649,0.02,16.49134080929354,long_nclose,0.3298268161858708,0.0002531827306883602,3.0
1714778280000.0,178518,1714778280000.0,0.0015765919070646107,-3.3298e-05,1302.7239497121036,1302.7256563040107,-0.01,16.649,0.01,16.49134080929354,long_nclose,0.1649134080929354,0.00012659121537558326,13.0
1714779000000.0,178530,1714779000000.0,0.0021165919070645954,-3.3406e-05,1302.7260328980105,1302.7260328980105,-0.01,16.703,0.0,16.49134080929354,long_nclose,0.0,0.0,12.0
1714788120000.0,178682,1714788120000.0,0.0,-0.008508242000000001,1302.7175246560105,1302.5890246560105,2.57,16.553,2.57,16.553,long_ientry_normal,42.54121,0.032655744008075145,152.0
1714802340000.0,178919,1714802340000.0,0.06635999999999903,-0.0014037239999999999,1302.7824809320105,1303.1157309320104,-0.42,16.711,2.15,16.553,long_nclose,35.58895,0.02731764551710863,237.0
1714813680000.0,179108,1714813680000.0,0.05529999999999919,-0.0011697699999999999,1302.8366111620105,1303.1120111620105,-0.35,16.711,1.8,16.553,long_nclose,29.7954,0.022869636717857692,189.0
1714817700000.0,179175,1714817700000.0,0.0,-0.0025468520000000005,1302.8340643100105,1302.8019243100105,0.77,16.538,2.57,16.548505836575877,long_ientry_partial,42.52966,0.03264395763440833,67.0
1714819320000.0,179202,1714819320000.0,0.06656754863813176,-0.001403388,1302.8992284706487,1303.2206409220105,-0.42,16.707,2.15,16.548505836575877,long_nclose,35.579287548638135,0.02730778157755249,27.0
1714819380000.0,179203,1714819380000.0,0.05547295719844313,-0.00116949,1302.9535319378472,1303.2586214320106,-0.35,16.707,1.8,16.548505836575877,long_nclose,29.78731050583658,0.02286137592453871,1.0
1714819560000.0,179206,1714819560000.0,0.04754824902723698,-0.0010024200000000002,1303.0000777668743,1303.3323190120104,-0.3,16.707,1.5,16.548505836575877,long_nclose,24.822758754863816,0.01905046605784238,3.0
1714819560000.0,179206,1714819560000.0,0.06374824902723653,-0.00100566,1303.0628203559015,1303.3286133520105,-0.3,16.761,1.2,16.548505836575877,long_nclose,19.858207003891053,0.015239639020985376,0.0
1714819860000.0,179211,1714819860000.0,0.08024824902723644,-0.00100896,1303.1420596449286,1303.4188043920103,-0.3,16.816,0.9,16.548505836575877,long_nclose,14.89365525291829,0.011429034265823953,5.0
1714820280000.0,179218,1714820280000.0,0.09674824902723635,-0.0010122599999999999,1303.237795633956,1303.4486921320106,-0.3,16.871,0.6,16.548505836575877,long_nclose,9.929103501945526,0.007618796458489408,7.0
1714820340000.0,179219,1714820340000.0,0.11324824902723626,-0.0010155599999999998,1303.3500283229832,1303.4650765720105,-0.3,16.926,0.3,16.548505836575877,long_nclose,4.964551750972763,0.0038090701984029862,1.0
1714820460000.0,179221,1714820460000.0,0.05662412451361813,-0.0005077799999999999,1303.4061446674968,1303.4591687920104,-0.15,16.926,0.15,16.548505836575877,long_nclose,2.4822758754863816,0.0019044531020832485,2.0
1714820640000.0,179224,1714820640000.0,0.01612470817120606,-0.00016871,1303.422100665668,1303.4536500820104,-0.05,16.871,0.1,16.548505836575877,long_nclose,1.6548505836575877,0.0012696198589945977,3.0
1714820700000.0,179225,1714820700000.0,0.009674824902723636,-0.000101226,1303.4316742645708,1303.4543888560104,-0.03,16.871,0.07,16.548505836575877,long_nclose,1.1583954085603114,0.0008887273736184963,1.0
1714820820000.0,179227,1714820820000.0,0.006449883268482424,-6.7484e-05,1303.4380566638392,1303.4538813720105,-0.02,16.871,0.05,16.548505836575877,long_nclose,0.8274252918287939,0.0006348021584904433,2.0
1714820880000.0,179228,1714820880000.0,0.003224941634241212,-3.3742e-05,1303.4412478634736,1303.4546676300106,-0.01,16.871,0.04,16.548505836575877,long_nclose,0.6619402334630351,0.0005078404834495223,1.0
1714821000000.0,179230,1714821000000.0,0.003224941634241212,-3.3742e-05,1303.444439063108,1303.4539938880107,-0.01,16.871,0.03,16.548505836575877,long_nclose,0.4964551750972763,0.0003808794300845836,2.0
1714821120000.0,179232,1714821120000.0,0.003224941634241212,-3.3742e-05,1303.4476302627422,1303.4539201460107,-0.01,16.871,0.02,16.548505836575877,long_nclose,0.33097011673151755,0.000253918998391061,2.0
1714821300000.0,179235,1714821300000.0,0.002674941634241215,-3.3632e-05,1303.4502715723766,1303.4528665140108,-0.01,16.816,0.01,16.548505836575877,long_nclose,0.16548505836575877,0.00012695924192499574,3.0
1714821360000.0,179236,1714821360000.0,0.002674941634241215,-3.3632e-05,1303.4529128820109,1303.4529128820109,-0.01,16.816,0.0,16.548505836575877,long_nclose,0.0,0.0,1.0
1714840560000.0,179556,1714840560000.0,0.0,-0.008481568000000002,1303.444431314011,1303.4469713140109,2.54,16.696,2.54,16.696,long_ientry_normal,42.40784000000001,0.03253521130720424,320.0
1714852860000.0,179761,1714852860000.0,0.06677999999999955,-0.00141582,1303.509795494011,1303.848995494011,-0.42,16.855,2.12,16.696,long_nclose,35.395520000000005,0.02715401151748585,205.0
1714853220000.0,179767,1714853220000.0,0.055649999999999616,-0.0011798499999999999,1303.5642656440111,1303.8580856440112,-0.35,16.855,1.77,16.696,long_nclose,29.551920000000003,0.02267009059610898,6.0
1714853640000.0,179774,1714853640000.0,0.046109999999999686,-0.00097759,1303.609398054011,1303.846198054011,-0.29,16.855,1.48,16.696,long_nclose,24.71008,0.018955125697073423,7.0
1714853820000.0,179777,1714853820000.0,0.03815999999999974,-0.0008090400000000001,1303.6467490140112,1303.8352290140112,-0.24,16.855,1.24,16.696,long_nclose,20.70304,0.015880866512081097,3.0
1714853940000.0,179779,1714853940000.0,0.03179999999999979,-0.0006742000000000001,1303.6778748140111,1303.8390748140112,-0.2,16.855,1.04,16.696,long_nclose,17.363840000000003,0.013319118422928832,2.0
1714854000000.0,179780,1714854000000.0,0.027029999999999818,-0.0005730700000000001,1303.7043317440111,1303.8435317440112,-0.17,16.855,0.87,16.696,long_nclose,14.525520000000002,0.011141728723543246,1.0
1714854120000.0,179782,1714854120000.0,0.02225999999999985,-0.00047194000000000007,1303.7261198040112,1303.8429198040112,-0.14,16.855,0.73,16.696,long_nclose,12.188080000000001,0.009348650621368415,2.0
1714858560000.0,179856,1714858560000.0,0.0,-0.006047934000000001,1303.7200718700112,1303.7230218700113,1.81,16.707,2.54,16.703838582677168,long_ientry_partial,42.42775000000001,0.03254360419498881,74.0
1714867560000.0,180006,1714867560000.0,0.06684779527558923,-0.0014164919999999999,1303.7855031732868,1304.209845378011,-0.42,16.863,2.12,16.703838582677168,long_nclose,35.4121377952756,0.027161015143277716,150.0
1714867620000.0,180007,1714867620000.0,0.09036779527558962,-0.001421196,1303.8744497725625,1304.2810241820114,-0.42,16.919,1.7,16.703838582677168,long_nclose,28.396525590551185,0.02177857353942663,1.0
1714867680000.0,180008,1714867680000.0,0.1134677952755895,-0.001425816,1303.986491751838,1304.3438183660112,-0.42,16.974,1.28,16.703838582677168,long_nclose,21.380913385826776,0.01639657582426535,1.0
1714867800000.0,180010,1714867800000.0,0.05379035433070811,-0.00084595,1304.0394361561687,1304.3228524160113,-0.25,16.919,1.03,16.703838582677168,long_nclose,17.204953740157485,0.013193583923252657,2.0
1714867800000.0,180010,1714867800000.0,0.06754035433070804,-0.0008487000000000001,1304.1061278104994,1304.3207537160113,-0.25,16.974,0.78,16.703838582677168,long_nclose,13.028994094488192,0.009990746777919784,0.0
1714867860000.0,180011,1714867860000.0,0.08454196850393629,-0.0008855080000000001,1304.1897842710034,1304.3406682080113,-0.26,17.029,0.52,16.703838582677168,long_nclose,8.685996062992128,0.006660070618362723,1.0
1714867980000.0,180013,1714867980000.0,0.05527744094488142,-0.000578986,1304.2444827259483,1304.3526892220113,-0.17,17.029,0.35,16.703838582677168,long_nclose,5.846343503937009,0.0044825518385309205,2.0
1714868280000.0,180018,1714868280000.0,0.015061299212598273,-0.00023686600000000002,1304.259307159161,1304.3080723560113,-0.07,16.919,0.28,16.703838582677168,long_nclose,4.677074803149607,0.003586000711267193,5.0
1714868340000.0,180019,1714868340000.0,0.010758070866141623,-0.00016919000000000003,1304.269896040027,1304.3299631660113,-0.05,16.919,0.23,16.703838582677168,long_nclose,3.8418828740157487,0.0029456195268175106,1.0
1714868340000.0,180019,1714868340000.0,0.013508070866141609,-0.00016974,1304.2832343708933,1304.3302434260113,-0.05,16.974,0.18,16.703838582677168,long_nclose,3.00669094488189,0.0023052438808140734,0.0
1714868400000.0,180020,1714868400000.0,0.010806456692913287,-0.000135792,1304.2939050355862,1304.3325676340114,-0.04,16.974,0.14,16.703838582677168,long_nclose,2.3385374015748037,0.0017929527942638045,1.0
1714868700000.0,180025,1714868700000.0,0.004303228346456649,-6.767600000000001e-05,1304.2981405879327,1304.3261199580115,-0.02,16.919,0.12,16.703838582677168,long_nclose,2.00446062992126,0.0015368116901690269,5.0
1714869000000.0,180030,1714869000000.0,0.0031832283464566305,-6.7452e-05,1304.3012563642792,1304.3127725060115,-0.02,16.863,0.1,16.703838582677168,long_nclose,1.6703838582677168,0.0012806733491339934,5.0
1714869900000.0,180045,1714869900000.0,0.0,-0.008171730000000002,1304.2930846342792,1304.3949507760115,2.45,16.677,2.55,16.678052493438322,long_ientry_partial,42.52903385826772,0.03260696108819189,15.0
1714903860000.0,180611,1714903860000.0,0.06675795275590453,-0.001414308,1304.3584282790353,1304.6948564680117,-0.42,16.837,2.13,16.678052493438322,long_nclose,35.524251811023625,0.027235038345935454,566.0
1714903920000.0,180612,1714903920000.0,0.0556316272965871,-0.00117859,1304.4128813163318,1304.7047078780115,-0.35,16.837,1.78,16.678052493438322,long_nclose,29.686933438320214,0.022758847189826906,1.0
1714911420000.0,180737,1714911420000.0,0.0,-0.002590224,1304.4102910923318,1304.2963976540116,0.78,16.604,2.56,16.655489624343833,long_ientry_partial,42.63805343832021,0.03268760889843524,125.0
1714921920000.0,180912,1714921920000.0,0.06699435777559073,-0.0014124600000000001,1304.4758729901075,1304.8771451940117,-0.42,16.815,2.14,16.655489624343833,long_nclose,35.642747796095804,0.02732342432244134,175.0
1714922520000.0,180922,1714922520000.0,0.05582863147965895,-0.00117705,1304.5305245715872,1304.8751181440118,-0.35,16.815,1.79,16.655489624343833,long_nclose,29.81332642757546,0.02285368250571697,10.0
1714922580000.0,180923,1714922580000.0,0.07507863147965885,-0.0011809,1304.604422303067,1304.9262772440118,-0.35,16.87,1.44,16.655489624343833,long_nclose,23.983905059055118,0.018384043966917906,1.0
1714922880000.0,180928,1714922880000.0,0.06006290518372709,-0.0009447200000000002,1304.6635404882506,1304.9123725240117,-0.28,16.87,1.16,16.655489624343833,long_nclose,19.320367964238844,0.01480869769458606,5.0
1714922940000.0,180929,1714922940000.0,0.04933738640091868,-0.0007760200000000001,1304.7121018546516,1304.9013665040118,-0.23,16.87,0.93,16.655489624343833,long_nclose,15.489605350639765,0.011872048499144947,1.0
1714923000000.0,180930,1714923000000.0,0.038611867618110265,-0.0006073200000000001,1304.7501064022697,1304.8944891840117,-0.18,16.87,0.75,16.655489624343833,long_nclose,12.491617218257876,0.009573953783918347,1.0
1714923060000.0,180931,1714923060000.0,0.03217655634842522,-0.0005061,1304.7817768586183,1304.903883084012,-0.15,16.87,0.6,16.655489624343833,long_nclose,9.993293774606299,0.007658977119274358,1.0
1714923240000.0,180934,1714923240000.0,0.015951037565616843,-0.00033630000000000004,1304.7973915961838,1304.875646784012,-0.1,16.815,0.5,16.655489624343833,long_nclose,8.327744812171916,0.0063824045524680465,3.0
1714923300000.0,180935,1714923300000.0,0.012760830052493476,-0.00026904000000000007,1304.8098833862364,1304.868477744012,-0.08,16.815,0.42,16.655489624343833,long_nclose,6.99530564222441,0.005361168497643677,1.0
1714923360000.0,180936,1714923360000.0,0.011165726295931792,-0.00023541000000000005,1304.8208137025324,1304.878042334012,-0.07,16.815,0.35,16.655489624343833,long_nclose,5.829421368520341,0.0044676029898533705,1.0
1714924200000.0,180950,1714924200000.0,0.015015726295931772,-0.00023618000000000006,1304.8355932488284,1304.8970561540123,-0.07,16.87,0.28,16.655489624343833,long_nclose,4.663537094816274,0.0035740419091456763,14.0
1714924560000.0,180956,1714924560000.0,0.010725518782808408,-0.00016870000000000003,1304.8461500676115,1304.8998574540124,-0.05,16.87,0.23,16.655489624343833,long_nclose,3.8307626135990818,0.002935796387490271,6.0
1714924740000.0,180959,1714924740000.0,0.008580415026246726,-0.00013496000000000002,1304.8545955226377,1304.8964924940124,-0.04,16.87,0.19,16.655489624343833,long_nclose,3.1645430286253284,0.002425207405854921,3.0
1714925220000.0,180967,1714925220000.0,0.006435311269685044,-0.00010122000000000001,1304.8609296139075,1304.8955712740126,-0.03,16.87,0.16,16.655489624343833,long_nclose,2.6648783398950133,0.0020422700070294223,8.0
1714925400000.0,180970,1714925400000.0,0.006435311269685044,-0.00010122000000000001,1304.8672637051773,1304.8972300540127,-0.03,16.87,0.13,16.655489624343833,long_nclose,2.165213651164698,0.0016593363259160652,3.0
1714925520000.0,180972,1714925520000.0,0.008085311269685036,-0.00010155000000000002,1304.875247466447,1304.9028985040127,-0.03,16.925,0.1,16.655489624343833,long_nclose,1.6655489624343833,0.0012764047487820941,2.0
1714925700000.0,180975,1714925700000.0,0.009735311269685028,-0.00010188,1304.8848808977166,1304.9056366240125,-0.03,16.98,0.07,16.655489624343833,long_nclose,1.1658842737040684,0.0008934767279255926,3.0
1714925880000.0,180978,1714925880000.0,0.0026951037565616787,-3.385e-05,1304.8875421514733,1304.9046727740126,-0.01,16.925,0.06,16.655489624343833,long_nclose,0.9993293774606299,0.0007658356334776214,3.0
1714926060000.0,180981,1714926060000.0,0.0026951037565616787,-3.385e-05,1304.89020340523,1304.9032289240129,-0.01,16.925,0.05,16.655489624343833,long_nclose,0.8327744812171917,0.0006381950596640167,3.0
1714926540000.0,180989,1714926540000.0,0.0021451037565616816,-3.3740000000000006e-05,1304.8923147689868,1304.901015184013,-0.01,16.87,0.04,16.655489624343833,long_nclose,0.6662195849737533,0.0005105552216327509,8.0
1714928220000.0,181017,1714928220000.0,0.0015951037565616845,-3.363000000000001e-05,1304.8938762427433,1304.898691554013,-0.01,16.815,0.03,16.655489624343833,long_nclose,0.49966468873031494,0.00038291595801570355,28.0
1714929480000.0,181038,1714929480000.0,0.0015951037565616845,-3.363000000000001e-05,1304.8954377164998,1304.8985879240129,-0.01,16.815,0.02,16.655489624343833,long_nclose,0.33310979248687667,0.00025527699987196043,21.0
1714929540000.0,181039,1714929540000.0,0.0015951037565616845,-3.363000000000001e-05,1304.8969991902563,1304.898544294013,-0.01,16.815,0.01,16.655489624343833,long_nclose,0.16655489624343833,0.00012763834720042476,1.0
1714929600000.0,181040,1714929600000.0,0.0015951037565616845,-3.363000000000001e-05,1304.8985606640128,1304.8985606640128,-0.01,16.815,0.0,16.655489624343833,long_nclose,0.0,0.0,1.0
1714932420000.0,181087,1714932420000.0,0.0,-0.00850986,1304.8900508040128,1304.895150804013,2.55,16.686,2.55,16.686,long_ientry_normal,42.549299999999995,0.03260757484799818,47.0
1714975920000.0,181812,1714975920000.0,0.06677999999999955,-0.00141498,1304.955415824013,1305.255745824013,-0.42,16.845,2.13,16.686,long_nclose,35.54118,0.027235551168280754,725.0
1714976040000.0,181814,1714976040000.0,0.055649999999999616,-0.00117915,1305.009886674013,1305.292906674013,-0.35,16.845,1.78,16.686,long_nclose,29.70108,0.022759275851692632,2.0
1714976160000.0,181816,1714976160000.0,0.046109999999999686,-0.00097701,1305.055019664013,1305.330669664013,-0.29,16.845,1.49,16.686,long_nclose,24.86214,0.019050645088052126,2.0
1714976340000.0,181819,1714976340000.0,0.03815999999999974,-0.0008085599999999999,1305.092371104013,1305.304871104013,-0.24,16.845,1.25,16.686,long_nclose,20.8575,0.015981627401864342,3.0
1714977480000.0,181838,1714977480000.0,0.03179999999999979,-0.0006738,1305.123497304013,1305.2946473040129,-0.2,16.845,1.05,16.686,long_nclose,17.520300000000002,0.013424246851881524,19.0
1714977780000.0,181843,1714977780000.0,0.027029999999999818,-0.00057273,1305.149954574013,1305.2942745740131,-0.17,16.845,0.88,16.686,long_nclose,14.68368,0.011250569291704567,5.0
1714978860000.0,181861,1714978860000.0,0.02225999999999985,-0.0004716600000000001,1305.171742914013,1305.289402914013,-0.14,16.845,0.74,16.686,long_nclose,12.34764,0.009460548059699668,18.0
1714978920000.0,181862,1714978920000.0,0.01907999999999987,-0.00040427999999999997,1305.190418634013,1305.2951986340129,-0.12,16.845,0.62,16.686,long_nclose,10.34532,0.007926291713685127,1.0
1714980000000.0,181880,1714980000000.0,0.015899999999999893,-0.0003369,1305.205981734013,1305.294381734013,-0.1,16.845,0.52,16.686,long_nclose,8.67672,0.006647778298160008,18.0
1714980420000.0,181887,1714980420000.0,0.012719999999999914,-0.00026952,1305.2184322140129,1305.293232214013,-0.08,16.845,0.44,16.686,long_nclose,7.34184,0.005624989518073386,7.0
1714980720000.0,181892,1714980720000.0,0.01719999999999999,-0.000270416,1305.235361798013,1305.3199617980129,-0.08,16.901,0.36,16.686,long_nclose,6.006959999999999,0.004602204457382442,5.0
1714980900000.0,181895,1714980900000.0,0.02429999999999996,-0.000305208,1305.2593565900129,1305.3333365900128,-0.09,16.956,0.27,16.686,long_nclose,4.5052200000000004,0.003451589890740088,3.0
1714981380000.0,181903,1714981380000.0,0.016199999999999975,-0.000203472,1305.2753531180128,1305.333313118013,-0.06,16.956,0.21,16.686,long_nclose,3.50406,0.002684537014837198,8.0
1714982100000.0,181915,1714982100000.0,0.008599999999999995,-0.000135208,1305.2838179100127,1305.3212179100126,-0.04,16.901,0.17,16.686,long_nclose,2.8366200000000004,0.0021731825378345105,12.0
1714982520000.0,181922,1714982520000.0,0.010799999999999983,-0.00013564799999999999,1305.2944822620127,1305.3314022620127,-0.04,16.956,0.13,16.686,long_nclose,2.16918,0.0016618318927089273,7.0
1714982880000.0,181928,1714982880000.0,0.008099999999999987,-0.000101736,1305.3024805260127,1305.3294805260127,-0.03,16.956,0.1,16.686,long_nclose,1.6686,0.0012783243921574295,6.0
1714982940000.0,181929,1714982940000.0,0.005399999999999992,-6.782399999999999e-05,1305.3078127020126,1305.3297327020125,-0.02,16.956,0.08,16.686,long_nclose,1.33488,0.001022655336166856,1.0
1714983480000.0,181938,1714983480000.0,0.006499999999999986,-6.8044e-05,1305.3142446580125,1305.3365646580125,-0.02,17.011,0.06,16.686,long_nclose,1.00116,0.0007669877227627285,9.0
1714983540000.0,181939,1714983540000.0,0.011430000000000006,-0.000102402,1305.3255722560125,1305.3374222560126,-0.03,17.067,0.03,16.686,long_nclose,0.50058,0.0003834905334267225,1.0
1714983720000.0,181942,1714983720000.0,0.013079999999999998,-0.000102732,1305.3385495240125,1305.3385495240125,-0.03,17.122,0.0,16.686,long_nclose,0.0,0.0,3.0
1714991760000.0,182076,1714991760000.0,0.0,-0.008521546,1305.3300279780124,1305.3249679780124,2.53,16.841,2.53,16.841,long_ientry_normal,42.60773,0.03264134669911822,134.0
1714999500000.0,182205,1714999500000.0,0.0,-0.00851592,1305.3215120580123,1304.2506620580123,2.59,16.44,5.12,16.638150390625,long_rentry,85.18733,0.06526156905641652,129.0
1715000100000.0,182215,1715000100000.0,0.0,-0.008498056,1305.3130140020123,1303.4644040020123,2.63,16.156,7.75,16.474530322580645,long_rentry,127.67761,0.09781378767422844,10.0
1715041200000.0,182900,1715041200000.0,0.0,-0.008497008,1305.3045169940124,1300.7886069940123,2.67,15.912,10.42,16.3303886756238,long_rentry,170.16265,0.13036241565444653,685.0
1715122980000.0,184263,1715122980000.0,0.0,-0.010888166000000001,1305.2936288280123,1298.6520288280124,3.47,15.689,13.89,16.170156947444205,long_rentry,224.60348000000002,0.1720712298286979,1363.0
1715128380000.0,184353,1715128380000.0,0.0,-0.014255472000000002,1305.2793733560122,1295.8037633560123,4.62,15.428,18.51,15.984918422474337,long_rentry,295.88084,0.2266800855354504,90.0
1715201100000.0,185565,1715201100000.0,0.0,-0.018619216,1305.2607541400123,1288.4061141400123,6.16,15.113,24.67,15.76720389136603,long_rentry,388.97692,0.29800706009603606,1212.0
1715304000000.0,187280,1715304000000.0,0.619772006485613,-0.013084596,1305.867441550498,1309.4818095440123,-4.11,15.918,20.56,15.76720389136603,long_nclose,324.1737120064856,0.24824396542238913,1715.0
1715304180000.0,187283,1715304180000.0,0.5157226915281743,-0.010887912,1306.3722763300261,1309.6939416320124,-3.42,15.918,17.14,15.76720389136603,long_nclose,270.24987469801374,0.20687049135582014,3.0
1715304240000.0,187284,1715304240000.0,0.693562691528179,-0.010923480000000001,1307.0549155415542,1310.1665581520124,-3.42,15.97,13.72,15.76720389136603,long_nclose,216.32603738954194,0.16550646404930217,1.0
1715304240000.0,187284,1715304240000.0,0.8714026915281715,-0.010959047999999999,1307.9153591850825,1310.2513591040124,-3.42,16.022,10.3,15.76720389136603,long_nclose,162.40220008107013,0.12416873839776407,0.0
1715304420000.0,187287,1715304420000.0,0.41775998378597917,-0.006579640000000001,1308.3265395288686,1309.7503794640124,-2.06,15.97,8.24,15.76720389136603,long_nclose,129.9217600648561,0.0993037717568897,3.0
1715352600000.0,188090,1715352600000.0,0.0,-0.008525999999999999,1308.3180135288685,1303.6736134640123,2.8,15.225,11.04,15.629688411671749,long_rentry,172.5517600648561,0.13188823992374746,803.0
1715357100000.0,188165,1715357100000.0,0.0,-0.011018808,1308.3069947208685,1300.8110546560124,3.67,15.012,14.71,15.475581241662548,long_rentry,227.6458000648561,0.17400029273207782,75.0
1715372700000.0,188425,1715372700000.0,0.0,-0.014436257999999999,1308.2925584628686,1297.7810683980124,4.89,14.761,19.6,15.297300513513063,long_rentry,299.82709006485607,0.22917434493178435,260.0
1715476320000.0,190152,1715476320000.0,0.4749803259474131,-0.010068836,1308.7574699528159,1311.4159795620124,-3.26,15.443,16.34,15.297300513513063,long_nclose,249.95789039080344,0.19098870197838494,1727.0
1715476440000.0,190154,1715476440000.0,0.6412403259474135,-0.010102088,1309.3886081907633,1311.8567974740124,-3.26,15.494,13.08,15.297300513513063,long_nclose,200.08869071675088,0.15281077707955756,2.0
1715476500000.0,190155,1715476500000.0,0.5133856597309048,-0.008087868,1309.893905982494,1311.3774996060122,-2.61,15.494,10.47,15.297300513513063,long_nclose,160.16273637648177,0.12227153332418225,1.0
1715476560000.0,190156,1715476560000.0,0.25351710648726955,-0.005374164,1310.1420489249815,1311.5013054420124,-1.74,15.443,8.73,15.297300513513063,long_nclose,133.54543348296906,0.1019320260673626,1.0
1715508300000.0,190685,1715508300000.0,0.21126425540605798,-0.00447847,1310.3488347103876,1311.4896069720126,-1.45,15.443,7.28,15.297300513513063,long_nclose,111.3643477383751,0.08498832126865574,529.0
1715508600000.0,190690,1715508600000.0,0.1762963786491932,-0.003737206,1310.5213938830366,1311.4300697660124,-1.21,15.443,6.07,15.297300513513063,long_nclose,92.8546141170243,0.07085318450383996,5.0
1715508780000.0,190693,1715508780000.0,0.1471564813518059,-0.003119486,1310.6654308783884,1311.4836302800122,-1.01,15.443,5.06,15.297300513513063,long_nclose,77.4043405983761,0.05905728401374015,3.0
1715509020000.0,190697,1715509020000.0,0.19866648135180606,-0.003129788,1310.8609675717403,1311.6535504920123,-1.01,15.494,4.05,15.297300513513063,long_nclose,61.954067079727906,0.04726211902891014,4.0
1715509080000.0,190698,1715509080000.0,0.15932658405441874,-0.002510028,1311.0177841277948,1311.7036904640124,-0.81,15.494,3.24,15.297300513513063,long_nclose,49.563253663782326,0.0378051726405498,1.0
1715509380000.0,190703,1715509380000.0,0.12588767135163947,-0.001983232,1311.1416885671465,1311.6635072320125,-0.64,15.494,2.6,15.297300513513063,long_nclose,39.77298133513396,0.03033461728960737,5.0
1715509560000.0,190706,1715509560000.0,0.10228373297320709,-0.001611376,1311.2423609241198,1311.6202958560127,-0.52,15.494,2.08,15.297300513513063,long_nclose,31.818385068107172,0.024265830647572,3.0
1715509620000.0,190707,1715509620000.0,0.08064678945964404,-0.0012705079999999998,1311.3217372055794,1311.6535653480125,-0.41,15.494,1.67,15.297300513513063,long_nclose,25.546491857566814,0.019481482791558286,1.0
1715509740000.0,190709,1715509740000.0,0.06491083054068911,-0.001022604,1311.3856254321202,1311.6612627440127,-0.33,15.494,1.34,15.297300513513063,long_nclose,20.498382688107505,0.015631086913395896,2.0
1715510220000.0,190717,1715510220000.0,0.08174083054068916,-0.0010259700000000002,1311.4663402926608,1311.7134867740126,-0.33,15.545,1.01,15.297300513513063,long_nclose,15.450273518648194,0.011780915029203405,8.0
1715510640000.0,190724,1715510640000.0,0.03933989729738734,-0.0006197600000000001,1311.5050604299581,1311.6595270140126,-0.2,15.494,0.81,15.297300513513063,long_nclose,12.390813415945582,0.009447781628752108,7.0
1715510700000.0,190725,1715510700000.0,0.03147191783790987,-0.000495808,1311.536036539796,1311.6567412060124,-0.16,15.494,0.65,15.297300513513063,long_nclose,9.94324533378349,0.007581374096297493,1.0
1715512140000.0,190749,1715512140000.0,0.014569948648693654,-0.00030886,1311.5502976284447,1311.6397823460125,-0.1,15.443,0.55,15.297300513513063,long_nclose,8.413515282432185,0.006414939097376263,24.0
1715515920000.0,190812,1715515920000.0,0.013112953783824289,-0.000277974,1311.5631326082284,1311.6250943720124,-0.09,15.443,0.46,15.297300513513063,long_nclose,7.036758236216009,0.005365169286378478,63.0
1715516160000.0,190816,1715516160000.0,0.010198964054085559,-0.00021620200000000003,1311.5731153702825,1311.6307181700124,-0.07,15.443,0.39,15.297300513513063,long_nclose,5.965947200270095,0.0045486958602271995,4.0
1715516280000.0,190818,1715516280000.0,0.008741969189216192,-0.000185316,1311.5816720234718,1311.6287628540124,-0.06,15.443,0.33,15.297300513513063,long_nclose,5.048109169459311,0.0038488713872245773,2.0
1715517360000.0,190836,1715517360000.0,0.007284974324346827,-0.00015443,1311.5888025677962,1311.6259584240124,-0.05,15.443,0.28,15.297300513513063,long_nclose,4.283244143783658,0.0032656913015710626,18.0
1715517660000.0,190841,1715517660000.0,0.005827979459477462,-0.000123544,1311.5945070032558,1311.6292348800127,-0.04,15.443,0.24,15.297300513513063,long_nclose,3.671352123243135,0.002799151798547462,5.0
1715517720000.0,190842,1715517720000.0,0.005827979459477462,-0.000123544,1311.6002114387154,1311.6311513360129,-0.04,15.443,0.2,15.297300513513063,long_nclose,3.0594601027026127,0.0023326163536880203,1.0
1715518140000.0,190849,1715518140000.0,0.007867979459477467,-0.000123952,1311.6079554661749,1311.6391073840127,-0.04,15.494,0.16,15.297300513513063,long_nclose,2.44756808216209,0.0018660820651184365,7.0
1715518200000.0,190850,1715518200000.0,0.0059009845946081,-9.2964e-05,1311.6137634867694,1311.6394644200127,-0.03,15.494,0.13,15.297300513513063,long_nclose,1.9886490667566983,0.0015161849639867388,1.0
1715520000000.0,190880,1715520000000.0,0.002913989729738731,-6.1772e-05,1311.616615704499,1311.6328626480126,-0.02,15.443,0.11,15.297300513513063,long_nclose,1.682703056486437,0.0012829229489309411,30.0
1715520360000.0,190886,1715520360000.0,0.0014569948648693654,-3.0886e-05,1311.6180418133638,1311.6342117620125,-0.01,15.443,0.1,15.297300513513063,long_nclose,1.5297300513513064,0.001166292321838143,6.0
1715521560000.0,190906,1715521560000.0,0.0039339897297387336,-6.1976e-05,1311.6219138270935,1311.6368497860126,-0.02,15.494,0.08,15.297300513513063,long_nclose,1.223784041081045,0.0009330311030792766,20.0
1715521860000.0,190911,1715521860000.0,0.0019669948648693668,-3.0988e-05,1311.6238498339585,1311.6377587980126,-0.01,15.494,0.07,15.297300513513063,long_nclose,1.0708110359459144,0.0008164010101535367,5.0
1715522100000.0,190915,1715522100000.0,0.0019669948648693668,-3.0988e-05,1311.6257858408235,1311.6373478100127,-0.01,15.494,0.06,15.297300513513063,long_nclose,0.9178380308107837,0.0006997712615282259,4.0
1715522220000.0,190917,1715522220000.0,0.0019669948648693668,-3.0988e-05,1311.6277218476885,1311.637606822013,-0.01,15.494,0.05,15.297300513513063,long_nclose,0.7648650256756532,0.00058314185720182,2.0
1715522400000.0,190920,1715522400000.0,0.0019669948648693668,-3.0988e-05,1311.6296578545534,1311.637925834013,-0.01,15.494,0.04,15.297300513513063,long_nclose,0.6118920205405225,0.000466512797172794,3.0
1715523720000.0,190942,1715523720000.0,0.0019669948648693668,-3.0988e-05,1311.6315938614184,1311.637494846013,-0.01,15.494,0.03,15.297300513513063,long_nclose,0.4589190154053919,0.0003498840814396236,22.0
1715523780000.0,190943,1715523780000.0,0.0019669948648693668,-3.0988e-05,1311.6335298682834,1311.6376438580132,-0.01,15.494,0.02,15.297300513513063,long_nclose,0.30594601027026125,0.00023325571000078421,1.0
1715523900000.0,190945,1715523900000.0,0.0019669948648693668,-3.0988e-05,1311.6354658751484,1311.6374228700133,-0.01,15.494,0.01,15.297300513513063,long_nclose,0.15297300513513062,0.00011662768285475118,2.0
1715523960000.0,190946,1715523960000.0,0.0019669948648693668,-3.0988e-05,1311.6374018820134,1311.6374018820134,-0.01,15.494,0.0,15.297300513513063,long_nclose,0.0,0.0,1.0
1715537700000.0,191175,1715537700000.0,0.0,-0.008545450000000001,1311.6288564320134,1311.6177764320134,2.77,15.425,2.77,15.425,long_ientry_normal,42.727250000000005,0.0325757166674647,229.0
1715562780000.0,191593,1715562780000.0,0.0,-0.008552944,1311.6203034880134,1310.5756634880133,2.84,15.058,5.61,15.239210338680927,long_rentry,85.49197000000001,0.06518042589966762,418.0
1715566860000.0,191661,1715566860000.0,0.0,-0.008553244000000002,1311.6117502440134,1309.0855602440133,2.89,14.798,8.5,15.089198823529411,long_rentry,128.25818999999998,0.09778670401217336,68.0
1715568300000.0,191685,1715568300000.0,0.0,-0.008540364000000002,1311.6032098800133,1307.7383698800134,2.93,14.574,11.43,14.957131233595799,long_rentry,170.96000999999998,0.13034430589388354,24.0
1715570040000.0,191714,1715570040000.0,0.0,-0.010921199999999999,1311.5922886800133,1303.9675786800133,3.8,14.37,15.23,14.810637557452395,long_rentry,225.56600999999998,0.1719787558578967,29.0
1715587200000.0,192000,1715587200000.0,0.35764697964544007,-0.007565712,1311.9423699476588,1314.0170729680133,-2.53,14.952,12.7,14.810637557452395,long_nclose,188.0950969796454,0.14337146302177103,286.0
1715587320000.0,192002,1715587320000.0,0.48352060407091485,-0.007620508,1312.4182700437298,1314.3523524600134,-2.54,15.001,10.16,14.810637557452395,long_nclose,150.47607758371635,0.1146555797175107,2.0
1715587380000.0,192003,1715587380000.0,0.38643575837163663,-0.006090406,1312.7986153961012,1314.4113020540133,-2.03,15.001,8.13,14.810637557452395,long_nclose,120.41048334208799,0.09172045272591745,1.0
1715587620000.0,192007,1715587620000.0,0.4859057583716392,-0.0061103,1313.278410854473,1314.8361217540132,-2.03,15.05,6.1,14.810637557452395,long_nclose,90.34488910045961,0.06879340157710924,4.0
1715587740000.0,192009,1715587740000.0,0.3638309126723604,-0.004575200000000001,1313.637666567145,1314.793486554013,-1.52,15.05,4.58,14.810637557452395,long_nclose,67.83272001313198,0.051637313499387834,2.0
1715587860000.0,192011,1715587860000.0,0.2728731845042703,-0.0034314000000000002,1313.9071083516494,1314.678915154013,-1.14,15.05,3.44,14.810637557452395,long_nclose,50.948593197636235,0.038776404263124314,2.0
1715587920000.0,192012,1715587920000.0,0.20585170059094074,-0.0025886,1314.1103714522403,1314.7924265540132,-0.86,15.05,2.58,14.810637557452395,long_nclose,38.21144489822718,0.029077804823957987,1.0
1715588040000.0,192014,1715588040000.0,0.15319196323046755,-0.0019264000000000004,1314.2616370154708,1314.7512201540133,-0.64,15.05,1.94,14.810637557452395,long_nclose,28.732636861457646,0.021862189424250403,2.0
1715588160000.0,192016,1715588160000.0,0.11489397242285065,-0.0014448000000000002,1314.3750861878937,1314.8063153540131,-0.48,15.05,1.46,14.810637557452395,long_nclose,21.623530833880498,0.016451567791501302,2.0
1715588160000.0,192016,1715588160000.0,0.1384139724228504,-0.0014495040000000001,1314.5120506563164,1314.801505850013,-0.48,15.099,0.98,14.810637557452395,long_nclose,14.514424806303348,0.011041682576478862,0.0
1715588340000.0,192019,1715588340000.0,0.09227598161523361,-0.0009663360000000001,1314.6033603019318,1314.8068795140132,-0.32,15.099,0.66,14.810637557452395,long_nclose,9.775020787918582,0.007435718698964455,3.0
1715588400000.0,192020,1715588400000.0,0.1116596060407093,-0.000999834,1314.7140200739727,1314.8309596800134,-0.33,15.149,0.33,14.810637557452395,long_nclose,4.887510393959291,0.0037175464164322927,1.0
1715588520000.0,192022,1715588520000.0,0.05413799080761663,-0.000484768,1314.7676732967805,1314.8243449120137,-0.16,15.149,0.17,14.810637557452395,long_nclose,2.5178083847669073,0.0019150215174164587,2.0
1715588580000.0,192023,1715588580000.0,0.027068995403808315,-0.000242384,1314.7944999081842,1314.8236025280135,-0.08,15.149,0.09,14.810637557452395,long_nclose,1.3329573801707155,0.001013814235048747,1.0
1715588700000.0,192025,1715588700000.0,0.013534497701904158,-0.000121192,1314.807913213886,1314.8252313360133,-0.04,15.149,0.05,14.810637557452395,long_nclose,0.7405318778726198,0.0005632243846650426,2.0
1715589000000.0,192030,1715589000000.0,0.0028836244254760502,-3.0198000000000005e-05,1314.8107666403114,1314.8234611380133,-0.01,15.099,0.04,14.810637557452395,long_nclose,0.5924255022980959,0.00045057852987612766,5.0
1715589300000.0,192035,1715589300000.0,0.0023936244254760554,-3.0100000000000007e-05,1314.8131301647368,1314.820071038013,-0.01,15.05,0.03,14.810637557452395,long_nclose,0.4443191267235718,0.0003379332899329213,5.0
1715589360000.0,192036,1715589360000.0,0.0023936244254760554,-3.0100000000000007e-05,1314.8154936891622,1314.8200209380132,-0.01,15.05,0.02,14.810637557452395,long_nclose,0.29621275114904794,0.00022528845497395402,1.0
1715589420000.0,192037,1715589420000.0,0.0023936244254760554,-3.0100000000000007e-05,1314.8178572135876,1314.8205408380131,-0.01,15.05,0.01,14.810637557452395,long_nclose,0.14810637557452397,0.00011264402499704155,1.0
1715589540000.0,192039,1715589540000.0,0.0028836244254760502,-3.0198000000000005e-05,1314.820710640013,1314.820710640013,-0.01,15.099,0.0,14.810637557452395,long_nclose,0.0,0.0,2.0
1715621280000.0,192568,1715621280000.0,0.0,-0.008567712,1314.812142928013,1314.7667029280128,2.84,15.084,2.84,15.084,long_ientry_normal,42.838559999999994,0.032581506210157846,529.0
1715633040000.0,192764,1715633040000.0,0.06768000000000006,-0.0014314319999999998,1314.8783914960131,1315.217301496013,-0.47,15.228,2.37,15.084,long_nclose,35.74908,0.02718812646949518,196.0
1715634240000.0,192784,1715634240000.0,0.05616000000000005,-0.001187784,1314.9333637120133,1315.2006637120132,-0.39,15.228,1.98,15.084,long_nclose,29.866319999999998,0.022713181385624264,20.0
1715634300000.0,192785,1715634300000.0,0.04752000000000004,-0.0010050480000000001,1314.9798786640133,1315.2125286640132,-0.33,15.228,1.65,15.084,long_nclose,24.888599999999997,0.018926981624453595,1.0
1715634720000.0,192792,1715634720000.0,0.03888000000000004,-0.0008223120000000001,1315.0179363520133,1315.2332163520132,-0.27,15.228,1.38,15.084,long_nclose,20.81592,0.015829381048402556,7.0
1715635140000.0,192799,1715635140000.0,0.03312000000000003,-0.0007004880000000001,1315.0503558640135,1315.2079058640134,-0.23,15.228,1.15,15.084,long_nclose,17.3466,0.013190825676483657,7.0
1715635980000.0,192813,1715635980000.0,0.027360000000000023,-0.000578664,1315.0771372000136,1315.2172972000135,-0.19,15.228,0.96,15.084,long_nclose,14.48064,0.011011247622197542,14.0
1715636340000.0,192819,1715636340000.0,0.023040000000000022,-0.000487296,1315.0996899040135,1315.2180899040136,-0.16,15.228,0.8,15.084,long_nclose,12.0672,0.009175882324845473,6.0
1715636460000.0,192821,1715636460000.0,0.018720000000000018,-0.00039592800000000004,1315.1180139760136,1315.2232039760136,-0.13,15.228,0.67,15.084,long_nclose,10.10628,0.00768469437160666,2.0
1715639220000.0,192867,1715639220000.0,0.0,-0.0065468900000000005,1315.1114670860136,1315.0837370860136,2.17,15.085,2.84,15.084764084507043,long_ientry_partial,42.84073,0.03257574059096699,46.0
1715667420000.0,193337,1715667420000.0,0.0,-0.008570532000000002,1315.1028965540136,1314.0437565540135,2.91,14.726,5.75,14.903198260869567,long_rentry,85.69339000000001,0.06516097730796871,470.0
1715696100000.0,193815,1715696100000.0,0.0,-0.008567424,1315.0943291300136,1312.6759091300137,2.96,14.472,8.71,14.756660160734786,long_rentry,128.53051,0.09773482187017563,478.0
1715733960000.0,194446,1715733960000.0,0.0,-0.008580306,1315.0857488240135,1310.9098288240136,3.01,14.253,11.72,14.627307167235493,long_rentry,171.43204,0.13035806992304444,631.0
1715776260000.0,195151,1715776260000.0,0.27240102389078746,-0.00575913,1315.3523907179044,1317.6257996940137,-1.95,14.767,9.77,14.627307167235493,long_nclose,142.90879102389076,0.10864677179466163,705.0
1715776260000.0,195151,1715776260000.0,0.36795102389078993,-0.0057782400000000005,1315.7145635017953,1317.5342214540137,-1.95,14.816,7.82,14.627307167235493,long_nclose,114.38554204778156,0.08693796148561479,0.0
1715776260000.0,195151,1715776260000.0,0.46155102389079,-0.00579696,1316.170317565686,1317.5362244940136,-1.95,14.864,5.87,14.627307167235493,long_nclose,85.86229307167234,0.0652364606052493,0.0
1715776320000.0,195152,1715776320000.0,0.3455715358361812,-0.004340288,1316.511548813522,1317.2113842060135,-1.46,14.864,4.41,14.627307167235493,long_nclose,64.50642460750852,0.04899799372488875,1.0
1715776380000.0,195153,1715776380000.0,0.16604969283276674,-0.002607616,1316.6749908903548,1317.3481365900136,-0.88,14.816,3.53,14.627307167235493,long_nclose,51.634394300341285,0.0392157477415329,1.0
1715776380000.0,195153,1715776380000.0,0.20828969283276677,-0.0026160640000000004,1316.8806645191876,1317.3860005260135,-0.88,14.864,2.65,14.627307167235493,long_nclose,38.762363993174056,0.02943498605268592,0.0
1715776440000.0,195154,1715776440000.0,0.15621726962457508,-0.001962048,1317.0349197408123,1317.4581784780137,-0.66,14.864,1.99,14.627307167235493,long_nclose,29.108341262798632,0.02210141950414424,1.0
1715776500000.0,195155,1715776500000.0,0.11597948805460877,-0.001456672,1317.149442556867,1317.5674818060136,-0.49,14.864,1.5,14.627307167235493,long_nclose,21.94096075085324,0.01665791294590018,1.0
1715776500000.0,195155,1715776500000.0,0.1399894880546085,-0.001461474,1317.2879705709215,1317.5694503320137,-0.49,14.913,1.01,14.627307167235493,long_nclose,14.773580238907849,0.011215148524058015,0.0
1715776560000.0,195156,1715776560000.0,0.09427863481228738,-0.000984258,1317.3812649477338,1317.5660160740138,-0.33,14.913,0.68,14.627307167235493,long_nclose,9.946568873720135,0.007550258333235639,1.0
1715776620000.0,195157,1715776620000.0,0.06285242320819158,-0.000656172,1317.443461198942,1317.5629199020136,-0.22,14.913,0.46,14.627307167235493,long_nclose,6.728561296928327,0.005107286570616842,1.0
1715776860000.0,195161,1715776860000.0,0.009778498293515448,-0.000206738,1317.4530329592355,1317.5086831640137,-0.07,14.767,0.39,14.627307167235493,long_nclose,5.704649795221843,0.00433005932849703,4.0
1715777040000.0,195164,1715777040000.0,0.013208498293515537,-0.00020742400000000003,1317.466034033529,1317.5228957400136,-0.07,14.816,0.32,14.627307167235493,long_nclose,4.680738293515358,0.0035528341320382266,3.0
1715777100000.0,195165,1715777100000.0,0.011321569965870458,-0.000177792,1317.477177811495,1317.5358579480137,-0.06,14.816,0.26,14.627307167235493,long_nclose,3.8030998634812283,0.0028866533155425763,1.0
1715777280000.0,195168,1715777280000.0,0.009434641638225383,-0.00014816000000000005,1317.4864642931334,1317.535329788014,-0.05,14.816,0.21,14.627307167235493,long_nclose,3.0717345051194536,0.0023315112438498722,3.0
1715777280000.0,195168,1715777280000.0,0.011834641638225386,-0.00014864,1317.4981502947717,1317.535381148014,-0.05,14.864,0.16,14.627307167235493,long_nclose,2.340369146757679,0.0017763737628277156,0.0
1715777340000.0,195169,1715777340000.0,0.009467713310580309,-0.00011891200000000003,1317.5074990960823,1317.536622236014,-0.04,14.864,0.12,14.627307167235493,long_nclose,1.7552768600682591,0.0013322708684941243,1.0
1715777520000.0,195172,1715777520000.0,0.00710078498293523,-8.9184e-05,1317.5145106970651,1317.538693052014,-0.03,14.864,0.09,14.627307167235493,long_nclose,1.3164576450511942,0.0009991978337716282,3.0
1715778000000.0,195180,1715778000000.0,0.008570784982935216,-8.947800000000001e-05,1317.522992004048,1317.540193574014,-0.03,14.913,0.06,14.627307167235493,long_nclose,0.8776384300341296,0.0006661276010820712,8.0
1715778600000.0,195190,1715778600000.0,0.005713856655290144,-5.965200000000001e-05,1317.5286462087035,1317.539953922014,-0.02,14.913,0.04,14.627307167235493,long_nclose,0.5850922866894197,0.00044408316158671055,10.0
1715778720000.0,195192,1715778720000.0,0.002856928327645072,-2.9826000000000005e-05,1317.5314733110313,1317.5404940960143,-0.01,14.913,0.03,14.627307167235493,long_nclose,0.4388192150170648,0.00033306165651913214,2.0
1715778840000.0,195194,1715778840000.0,0.0033369283276450724,-2.9922e-05,1317.5347803173588,1317.5415741740142,-0.01,14.961,0.02,14.627307167235493,long_nclose,0.29254614334470985,0.00022204054702392245,2.0
1715778960000.0,195196,1715778960000.0,0.007653856655290134,-6.004000000000001e-05,1317.542374134014,1317.542374134014,-0.02,15.01,0.0,14.627307167235493,long_nclose,0.0,0.0,2.0
1715837400000.0,196170,1715837400000.0,0.0,-0.00860328,1317.533770854014,1317.5421708540139,2.8,15.363,2.8,15.363,long_ientry_normal,43.0164,0.03264918209429815,974.0
1715843760000.0,196276,1715843760000.0,0.06762000000000011,-0.0014269200000000001,1317.5999639340139,1317.9533039340138,-0.46,15.51,2.34,15.363,long_nclose,35.949419999999996,0.027284017140273967,106.0
1715845380000.0,196303,1715845380000.0,0.057330000000000096,-0.00120978,1317.656084154014,1317.936884154014,-0.39,15.51,1.95,15.363,long_nclose,29.957849999999997,0.022735712573462664,27.0
1715846400000.0,196320,1715846400000.0,0.04704000000000008,-0.00099264,1317.702131514014,1317.945001514014,-0.32,15.51,1.63,15.363,long_nclose,25.04169,0.019004059719648164,17.0
1715846760000.0,196326,1715846760000.0,0.039690000000000066,-0.0008375400000000001,1317.740983974014,1317.968103974014,-0.27,15.51,1.36,15.363,long_nclose,20.89368,0.015855680482054452,6.0
1715847000000.0,196330,1715847000000.0,0.032340000000000056,-0.00068244,1317.772641534014,1317.945921534014,-0.22,15.51,1.14,15.363,long_nclose,17.51382,0.013290471700499283,4.0
1715851320000.0,196402,1715851320000.0,0.0,-0.00509952,1317.767542014014,1317.758522014014,1.66,15.36,2.8,15.36122142857143,long_ientry_partial,43.01142,0.03263961103053378,72.0
1715871120000.0,196732,1715871120000.0,0.0,-0.008577712,1317.758964302014,1316.555224302014,2.86,14.996,5.66,15.176674911660776,long_rentry,85.89997999999999,0.06518641293819556,330.0
1715928780000.0,197693,1715928780000.0,0.13660558303887022,-0.002880536,1317.8926893490527,1318.621103766014,-0.94,15.322,4.72,15.176674911660776,long_nclose,71.63390558303885,0.05435488500844558,961.0
1715929140000.0,197699,1715929140000.0,0.11335356890459444,-0.002390232,1318.0036526859574,1318.584113534014,-0.78,15.322,3.94,15.176674911660776,long_nclose,59.79609915194345,0.04536869001090026,6.0
1715929440000.0,197704,1715929440000.0,0.152353568904595,-0.002398032,1318.153608222862,1318.786635502014,-0.78,15.372,3.16,15.176674911660776,long_nclose,47.95829272084805,0.036382931717271964,5.0
1715929680000.0,197708,1715929680000.0,0.1938068197879878,-0.0024366760000000005,1318.3449783666501,1318.9169188260141,-0.79,15.422,2.37,15.176674911660776,long_nclose,35.96871954063604,0.02728323779501107,4.0
1715929740000.0,197709,1715929740000.0,0.1447418021201428,-0.0018197959999999998,1318.4879003727701,1318.924579030014,-0.59,15.422,1.78,15.176674911660776,long_nclose,27.01448134275618,0.020488986918361936,1.0
1715929800000.0,197710,1715929800000.0,0.10794303886925903,-0.001357136,1318.5944862756394,1318.911161894014,-0.44,15.422,1.34,15.176674911660776,long_nclose,20.33674438162544,0.01542304673142266,1.0
1715929860000.0,197711,1715929860000.0,0.08095727915194427,-0.001017852,1318.6744257027915,1318.937354042014,-0.33,15.422,1.01,15.176674911660776,long_nclose,15.328441660777383,0.011624129020783917,1.0
1715929980000.0,197713,1715929980000.0,0.09778727915194432,-0.0010212180000000002,1318.7711917639435,1318.9767728240142,-0.33,15.473,0.68,15.176674911660776,long_nclose,10.320138939929327,0.0078255720206668,2.0
1715930160000.0,197716,1715930160000.0,0.11775053003533623,-0.0010555640000000002,1318.887886729979,1319.0086972600145,-0.34,15.523,0.34,15.176674911660776,long_nclose,5.160069469964664,0.0039124398077219616,3.0
1715930400000.0,197720,1715930400000.0,0.05887526501766811,-0.0005277820000000001,1318.9462342129966,1319.0105494780144,-0.17,15.523,0.17,15.176674911660776,long_nclose,2.580034734982332,0.001956133364694593,4.0
1715930760000.0,197726,1715930760000.0,0.06737526501766823,-0.0005294820000000001,1319.0130799960143,1319.0130799960143,-0.17,15.573,0.0,15.176674911660776,long_nclose,0.0,0.0,6.0
1715953440000.0,198104,1715953440000.0,0.0,-0.008586308,1319.0044936880142,1319.0656536880142,2.78,15.443,2.78,15.443,long_ientry_normal,42.93154,0.032548441044321905,378.0
1715956020000.0,198147,1715956020000.0,0.06807999999999986,-0.001434372,1319.0711393160143,1319.4284193160142,-0.46,15.591,2.32,15.443,long_nclose,35.82776,0.02716135539026195,43.0
1715957820000.0,198177,1715957820000.0,0.05623999999999988,-0.001184916,1319.1261944000141,1319.395854400014,-0.38,15.591,1.94,15.443,long_nclose,29.959419999999998,0.02271156476702869,30.0
1715957880000.0,198178,1715957880000.0,0.0473599999999999,-0.000997824,1319.1725565760141,1319.431756576014,-0.32,15.591,1.62,15.443,long_nclose,25.01766,0.018964660745319575,1.0
1715958180000.0,198183,1715958180000.0,0.03995999999999992,-0.0008419140000000001,1319.2116746620143,1319.3979746620143,-0.27,15.591,1.35,15.443,long_nclose,20.84805,0.015803415327825483,5.0
1715958360000.0,198186,1715958360000.0,0.03255999999999993,-0.000686004,1319.2435486580143,1319.4119186580144,-0.22,15.591,1.13,15.443,long_nclose,17.45059,0.013227724340779543,3.0
1715959200000.0,198200,1715959200000.0,0.043779999999999965,-0.000688248,1319.2866404100143,1319.4640904100143,-0.22,15.642,0.91,15.443,long_nclose,14.05313,0.010652067238119307,14.0
1715959260000.0,198201,1715959260000.0,0.03581999999999997,-0.0005631119999999999,1319.3218972980144,1319.4730072980144,-0.18,15.642,0.73,15.443,long_nclose,11.27339,0.008544836573309383,1.0
1715959320000.0,198202,1715959320000.0,0.045,-0.000564948,1319.3663323500145,1319.4961323500145,-0.18,15.693,0.55,15.443,long_nclose,8.49365,0.006437673746662441,1.0
1715959500000.0,198205,1715959500000.0,0.021889999999999982,-0.000344124,1319.3878782260144,1319.4758782260144,-0.11,15.642,0.44,15.443,long_nclose,6.79492,0.0051500548944985935,3.0
1715959740000.0,198209,1715959740000.0,0.0275,-0.000345246,1319.4150329800143,1319.4978629800144,-0.11,15.693,0.33,15.443,long_nclose,5.09619,0.0038624616762852923,4.0
1715959860000.0,198211,1715959860000.0,0.02,-0.000251088,1319.4347818920144,1319.5032818920145,-0.08,15.693,0.25,15.443,long_nclose,3.86075,0.0029260635334046946,2.0
1715960220000.0,198217,1715960220000.0,0.015,-0.000188316,1319.4495935760144,1319.4999435760144,-0.06,15.693,0.19,15.443,long_nclose,2.93417,0.002223783321686218,6.0
1715960400000.0,198220,1715960400000.0,0.01,-0.000125544,1319.4594680320145,1319.4951680320144,-0.04,15.693,0.15,15.443,long_nclose,2.3164499999999997,0.0017556052733131739,3.0
1715961000000.0,198230,1715961000000.0,0.005969999999999995,-9.3852e-05,1319.4653441800144,1319.4925841800143,-0.03,15.642,0.12,15.443,long_nclose,1.85316,0.0014044779638768396,10.0
1715961360000.0,198236,1715961360000.0,0.0075,-9.4158e-05,1319.4727500220145,1319.4956100220145,-0.03,15.693,0.09,15.443,long_nclose,1.38987,0.0010533525606927546,6.0
1715962020000.0,198247,1715962020000.0,0.005,-6.2772e-05,1319.4776872500145,1319.4954672500144,-0.02,15.693,0.07,15.443,long_nclose,1.08101,0.0008192711483079216,11.0
1715962320000.0,198252,1715962320000.0,0.0025,-3.1386e-05,1319.4801558640145,1319.4956358640145,-0.01,15.693,0.06,15.443,long_nclose,0.92658,0.0007022310990294978,5.0
1715962860000.0,198261,1715962860000.0,0.0025,-3.1386e-05,1319.4826244780145,1319.4957244780144,-0.01,15.693,0.05,15.443,long_nclose,0.77215,0.0005851914876904585,9.0
1715963760000.0,198276,1715963760000.0,0.0025,-3.1386e-05,1319.4850930920145,1319.4948130920145,-0.01,15.693,0.04,15.443,long_nclose,0.61772,0.00046815231428834584,15.0
1715963820000.0,198277,1715963820000.0,0.0025,-3.1386e-05,1319.4875617060145,1319.4951817060146,-0.01,15.693,0.03,15.443,long_nclose,0.46329,0.0003511135788207015,1.0
1715964300000.0,198285,1715964300000.0,0.0019899999999999983,-3.1284e-05,1319.4895204220145,1319.4935204220144,-0.01,15.642,0.02,15.443,long_nclose,0.30886,0.00023407537174013844,8.0
1715964480000.0,198288,1715964480000.0,0.0019899999999999983,-3.1284e-05,1319.4914791380145,1319.4934791380144,-0.01,15.642,0.01,15.443,long_nclose,0.15443,0.00011703751213375372,3.0
1715965860000.0,198311,1715965860000.0,0.0019899999999999983,-3.1284e-05,1319.4934378540145,1319.4934378540145,-0.01,15.642,0.0,15.443,long_nclose,0.0,0.0,23.0
1715969040000.0,198364,1715969040000.0,0.0,-0.008596972000000001,1319.4848408820144,1319.4709908820143,2.77,15.518,2.77,15.518,long_ientry_normal,42.984860000000005,0.03257700177234823,53.0
1716001860000.0,198911,1716001860000.0,0.06807999999999986,-0.0014412720000000002,1319.5514796100144,1319.8979796100145,-0.46,15.666,2.31,15.518,long_nclose,35.84658,0.027165730594000202,547.0
1716002580000.0,198923,1716002580000.0,0.05623999999999988,-0.001190616,1319.6065289940143,1319.9018189940143,-0.38,15.666,1.93,15.518,long_nclose,29.949740000000002,0.022695962275081964,12.0
1716003600000.0,198940,1716003600000.0,0.07599999999999973,-0.001194568,1319.6813344260142,1319.9789344260143,-0.38,15.718,1.55,15.518,long_nclose,24.0529,0.01822629400942587,17.0
1716003660000.0,198941,1716003660000.0,0.06199999999999978,-0.000974516,1319.742359910014,1319.9953199100141,-0.31,15.718,1.24,15.518,long_nclose,19.24232,0.01458036097387374,1.0
1716004200000.0,198950,1716004200000.0,0.04799999999999983,-0.0007544639999999999,1319.789605446014,1319.985605446014,-0.24,15.718,1.0,15.518,long_nclose,15.518,0.011757934701081234,9.0
1716004320000.0,198952,1716004320000.0,0.03999999999999986,-0.00062872,1319.8289767260142,1319.9993767260141,-0.2,15.718,0.8,15.518,long_nclose,12.4144,0.009406067163940688,2.0
1716004980000.0,198963,1716004980000.0,0.03199999999999989,-0.000502976,1319.860473750014,1319.9910337500141,-0.16,15.718,0.64,15.518,long_nclose,9.93152,0.0075246741587634385,11.0
1716005220000.0,198967,1716005220000.0,0.023999999999999914,-0.00037723199999999997,1319.884096518014,1319.985496518014,-0.12,15.718,0.52,15.518,long_nclose,8.069360000000001,0.006113688331640466,4.0
1716005280000.0,198968,1716005280000.0,0.01999999999999993,-0.00031436,1319.903782158014,1319.987362158014,-0.1,15.718,0.42,15.518,long_nclose,6.5175600000000005,0.004937905389848896,1.0
1716005340000.0,198969,1716005340000.0,0.015999999999999945,-0.000251488,1319.9195306700142,1319.9895706700142,-0.08,15.718,0.34,15.518,long_nclose,5.276120000000001,0.0039973042881801665,1.0
1716008700000.0,199025,1716008700000.0,0.011999999999999957,-0.00018861599999999998,1319.931342054014,1319.989022054014,-0.06,15.718,0.28,15.518,long_nclose,4.345040000000001,0.003291868191597343,56.0
1716009600000.0,199040,1716009600000.0,0.009999999999999966,-0.00015718,1319.941184874014,1319.988564874014,-0.05,15.718,0.23,15.518,long_nclose,3.5691400000000004,0.0027040144219309804,15.0
1716012300000.0,199085,1716012300000.0,0.004439999999999991,-9.399600000000001e-05,1319.9455308780139,1319.9763308780139,-0.03,15.666,0.2,15.518,long_nclose,3.1036,0.0023513091467763205,45.0
1716013020000.0,199097,1716013020000.0,0.004439999999999991,-9.399600000000001e-05,1319.9498768820138,1319.9765668820137,-0.03,15.666,0.17,15.518,long_nclose,2.6380600000000003,0.001998606194222789,12.0
1716013860000.0,199111,1716013860000.0,0.002959999999999994,-6.2664e-05,1319.9527742180137,1319.9757242180137,-0.02,15.666,0.15,15.518,long_nclose,2.3277,0.0017634721828430652,14.0
1716015180000.0,199133,1716015180000.0,0.002959999999999994,-6.2664e-05,1319.9556715540136,1319.9751715540137,-0.02,15.666,0.13,15.518,long_nclose,2.0173400000000004,0.001528339203713516,22.0
1716016080000.0,199148,1716016080000.0,0.002959999999999994,-6.2664e-05,1319.9585688900136,1319.9760588900135,-0.02,15.666,0.11,15.518,long_nclose,1.7069800000000002,0.0012932072568273432,15.0
1716016200000.0,199150,1716016200000.0,0.001479999999999997,-3.1332e-05,1319.9600175580135,1319.9750175580136,-0.01,15.666,0.1,15.518,long_nclose,1.5518,0.001175641670473399,2.0
1716016380000.0,199153,1716016380000.0,0.001479999999999997,-3.1332e-05,1319.9614662260135,1319.9747862260135,-0.01,15.666,0.09,15.518,long_nclose,1.39662,0.00105807634217775,3.0
1716016440000.0,199154,1716016440000.0,0.001479999999999997,-3.1332e-05,1319.9629148940135,1319.9750748940135,-0.01,15.666,0.08,15.518,long_nclose,1.24144,0.0009405112719395466,1.0
1716019380000.0,199203,1716019380000.0,0.001479999999999997,-3.1332e-05,1319.9643635620134,1319.9754235620135,-0.01,15.666,0.07,15.518,long_nclose,1.0862600000000002,0.0008229464597579391,49.0
1716020580000.0,199223,1716020580000.0,0.001999999999999993,-3.1436e-05,1319.9663321260134,1319.9788721260134,-0.01,15.718,0.06,15.518,long_nclose,0.93108,0.0007053816278028464,20.0
1716021720000.0,199242,1716021720000.0,0.001999999999999993,-3.1436e-05,1319.9683006900134,1319.9782506900133,-0.01,15.718,0.05,15.518,long_nclose,0.7759,0.0005878171465135931,19.0
1716023700000.0,199275,1716023700000.0,0.001999999999999993,-3.1436e-05,1319.9702692540134,1319.9784292540135,-0.01,15.718,0.04,15.518,long_nclose,0.62072,0.0004702530158886098,33.0
1716024300000.0,199285,1716024300000.0,0.001999999999999993,-3.1436e-05,1319.9722378180134,1319.9783278180134,-0.01,15.718,0.03,15.518,long_nclose,0.46554,0.0003526892359263277,10.0
1716024960000.0,199296,1716024960000.0,0.0025099999999999944,-3.1538e-05,1319.9747162800134,1319.9797162800135,-0.01,15.769,0.02,15.518,long_nclose,0.31036,0.00023512571579754538,11.0
1716025020000.0,199297,1716025020000.0,0.0025099999999999944,-3.1538e-05,1319.9771947420134,1319.9797147420134,-0.01,15.769,0.01,15.518,long_nclose,0.15518,0.00011756263715626511,1.0
1716025860000.0,199311,1716025860000.0,0.0025099999999999944,-3.1538e-05,1319.9796732040134,1319.9796732040134,-0.01,15.769,0.0,15.518,long_nclose,0.0,0.0,14.0
1716036960000.0,199496,1716036960000.0,0.0,-0.0086097,1319.9710635040133,1319.9215635040132,2.75,15.654,2.75,15.654,long_ientry_normal,43.0485,0.03261321493345684,185.0
1716113580000.0,200773,1716113580000.0,0.0,-0.008618484,1319.9624450200133,1318.8921350200133,2.82,15.281,5.57,15.465156193895869,long_rentry,86.14092,0.06526012942640495,1277.0
1716125100000.0,200965,1716125100000.0,0.0,-0.008619758,1319.9538252620134,1317.3563152620134,2.87,15.017,8.44,15.312761848341232,long_rentry,129.23971,0.09791229626865597,192.0
1716142800000.0,201260,1716142800000.0,0.0,-0.00860778,1319.9452174820135,1315.4082574820136,2.91,14.79,11.35,15.178732158590307,long_rentry,172.27861,0.1305195152937077,295.0
1716168660000.0,201691,1716168660000.0,0.0,-0.011023992,1319.9341934900135,1312.7981634900136,3.78,14.582,15.13,15.02964771976206,long_rentry,227.39856999999998,0.17228023269761628,431.0
1716181860000.0,201911,1716181860000.0,0.361247746199608,-0.007647192,1320.2877940442131,1322.3476662980136,-2.52,15.173,12.61,15.02964771976206,long_nclose,189.52385774619958,0.14354738307900536,220.0
1716183000000.0,201930,1716183000000.0,0.30103978849967333,-0.0063726600000000005,1320.5824611727128,1322.1626636380136,-2.1,15.173,10.51,15.02964771976206,long_nclose,157.96159753469925,0.11961509574678517,19.0
1716183300000.0,201935,1716183300000.0,0.2508664904163944,-0.00531055,1320.8280171131291,1322.1538630880134,-1.75,15.173,8.76,15.02964771976206,long_nclose,131.65971402511565,0.0996796799577874,5.0
1716183720000.0,201942,1716183720000.0,0.2092943291473919,-0.004430516000000001,1321.0328809262767,1322.0866525720137,-1.46,15.173,7.3,15.02964771976206,long_nclose,109.71642835426304,0.08305351815113982,7.0
1716183960000.0,201946,1716183960000.0,0.173456259087907,-0.003671866,1321.2026653193645,1322.1609407060137,-1.21,15.173,6.09,15.02964771976206,long_nclose,91.53055461335094,0.06927820917711057,4.0
1716184080000.0,201948,1716184080000.0,0.14478580304031907,-0.0030649460000000003,1321.344386176405,1322.1183357600137,-1.01,15.173,5.08,15.02964771976206,long_nclose,76.35061041639126,0.05778252151002679,2.0
1716184320000.0,201952,1716184320000.0,0.12041591539986932,-0.002549064,1321.4622530278048,1322.0403866960137,-0.84,15.173,4.24,15.02964771976206,long_nclose,63.72570633179114,0.048223629684298136,4.0
1716184440000.0,201954,1716184440000.0,0.10034659616655776,-0.00212422,1321.5604754039712,1322.0679424760135,-0.7,15.173,3.54,15.02964771976206,long_nclose,53.20495292795769,0.04025918898012907,2.0
1716223740000.0,202609,1716223740000.0,0.0845778453403844,-0.001790414,1321.6432628353116,1322.0602520620134,-0.59,15.173,2.95,15.02964771976206,long_nclose,44.33746077329808,0.033547222628125276,655.0
1716223860000.0,202611,1716223860000.0,0.07024261731659044,-0.0014869540000000002,1321.7120184986281,1322.0745051080135,-0.49,15.173,2.46,15.02964771976206,long_nclose,36.97293339061467,0.027973516827525954,2.0
1716224280000.0,202618,1716224280000.0,0.05877443489755526,-0.001244186,1321.7695487475257,1322.0654709220134,-0.41,15.173,2.05,15.02964771976206,long_nclose,30.810777825512222,0.02331024939612787,7.0
1716224400000.0,202620,1716224400000.0,0.04873977528089949,-0.0010317640000000001,1321.8172567588067,1322.0247691580137,-0.34,15.173,1.71,15.02964771976206,long_nclose,25.700697600793124,0.019443457459326206,2.0
1716225360000.0,202636,1716225360000.0,0.04013863846662311,-0.0008496880000000001,1321.8565457092734,1322.0772694700136,-0.28,15.173,1.43,15.02964771976206,long_nclose,21.492396239259744,0.016259250150119347,16.0
1716225480000.0,202638,1716225480000.0,0.05413863846662331,-0.0008524880000000002,1321.90983185974,1322.1436869820136,-0.28,15.223,1.15,15.02964771976206,long_nclose,17.284094877726368,0.013075093672168315,2.0
1716225660000.0,202641,1716225660000.0,0.04447102445472629,-0.0007002580000000002,1321.9536026261947,1322.1397667240135,-0.23,15.223,0.92,15.02964771976206,long_nclose,13.827275902181096,0.010459728597669247,3.0
1716225780000.0,202643,1716225780000.0,0.034803410442829266,-0.0005480280000000001,1321.9878580086377,1322.1383386960138,-0.18,15.223,0.74,15.02964771976206,long_nclose,11.121939312623924,0.008413041954392334,2.0
1716227460000.0,202671,1716227460000.0,0.01720227362855276,-0.000364152,1322.0046961302662,1322.0972945440137,-0.12,15.173,0.62,15.02964771976206,long_nclose,9.318381586252478,0.00704867510193343,28.0
1716227640000.0,202674,1716227640000.0,0.014335228023793967,-0.00030346,1322.01872789829,1322.0979510840139,-0.1,15.173,0.52,15.02964771976206,long_nclose,7.815416814276272,0.005911729273836395,3.0
1716228120000.0,202682,1716228120000.0,0.01933522802379404,-0.00030446000000000005,1322.0377586663137,1322.1206466240137,-0.1,15.223,0.42,15.02964771976206,long_nclose,6.312452042300065,0.004774789525427879,8.0
1716228420000.0,202687,1716228420000.0,0.01546818241903523,-0.00024356800000000002,1322.0529832807326,1322.1200830560135,-0.08,15.223,0.34,15.02964771976206,long_nclose,5.110080224719101,0.003865261293869034,5.0
1716228780000.0,202693,1716228780000.0,0.011601136814276422,-0.000182676,1322.064401741547,1322.1188203800136,-0.06,15.223,0.28,15.02964771976206,long_nclose,4.208301361533377,0.003183128867239605,6.0
1716228900000.0,202695,1716228900000.0,0.00966761401189702,-0.00015223000000000002,1322.073917125559,1322.1165481500138,-0.05,15.223,0.23,15.02964771976206,long_nclose,3.456818975545274,0.0026146941791734745,2.0
1716229260000.0,202701,1716229260000.0,0.00430056840713819,-9.1038e-05,1322.0781266559663,1322.109597112014,-0.03,15.173,0.2,15.02964771976206,long_nclose,3.005929543952412,0.002273639872974482,6.0
1716230400000.0,202720,1716230400000.0,0.007734091209517615,-0.00012178400000000001,1322.085738963176,1322.124675328014,-0.04,15.223,0.16,15.02964771976206,long_nclose,2.4047436351619296,0.0018189014254459852,19.0
1716230400000.0,202720,1716230400000.0,0.009734091209517572,-0.000122184,1322.0953508703856,1322.124553144014,-0.04,15.273,0.12,15.02964771976206,long_nclose,1.803557726371447,0.0013641661512417366,0.0
1716230460000.0,202721,1716230460000.0,0.007300568407138179,-9.1638e-05,1322.1025598007927,1322.121941506014,-0.03,15.273,0.09,15.02964771976206,long_nclose,1.3526682947785853,0.0010231190347157319,1.0
1716231120000.0,202732,1716231120000.0,0.0019335228023794038,-3.0446000000000003e-05,1322.104462877595,1322.119771060014,-0.01,15.223,0.08,15.02964771976206,long_nclose,1.2023718175809648,0.0009094378328955724,11.0
1716231180000.0,202733,1716231180000.0,0.0019335228023794038,-3.0446000000000003e-05,1322.1063659543975,1322.1187806140142,-0.01,15.223,0.07,15.02964771976206,long_nclose,1.0520753403833443,0.0007957569583472022,1.0
1716232200000.0,202750,1716232200000.0,0.0014335228023793967,-3.0346000000000004e-05,1322.1077691312,1322.1159502680143,-0.01,15.173,0.06,15.02964771976206,long_nclose,0.9017788631857235,0.0006820766689680008,17.0
1716232860000.0,202761,1716232860000.0,0.0014335228023793967,-3.0346000000000004e-05,1322.1091723080026,1322.1196399220146,-0.01,15.173,0.05,15.02964771976206,long_nclose,0.751482385988103,0.0005683966208904233,11.0
1716232860000.0,202761,1716232860000.0,0.0019335228023794038,-3.0446000000000003e-05,1322.111075384805,1322.1194494760146,-0.01,15.223,0.04,15.02964771976206,long_nclose,0.6011859087904824,0.0004547166421819023,0.0
1716232920000.0,202762,1716232920000.0,0.002433522802379393,-3.0546e-05,1322.1134783616073,1322.1223689300145,-0.01,15.273,0.03,15.02964771976206,long_nclose,0.45088943159286177,0.0003410368617916323,1.0
1716232920000.0,202762,1716232920000.0,0.0029335228023794004,-3.0646000000000004e-05,1322.1163812384098,1322.1223082840145,-0.01,15.323,0.02,15.02964771976206,long_nclose,0.3005929543952412,0.00022735740866751804,0.0
1716232980000.0,202763,1716232980000.0,0.0034335228023793895,-3.0746e-05,1322.1197840152122,1322.1237675380146,-0.01,15.373,0.01,15.02964771976206,long_nclose,0.1502964771976206,0.0001136784117556865,1.0
1716232980000.0,202763,1716232980000.0,0.003923522802379402,-3.0844e-05,1322.1236766940144,1322.1236766940144,-0.01,15.422,0.0,15.02964771976206,long_nclose,0.0,0.0,0.0
1716267660000.0,203341,1716267660000.0,0.0,-0.008612352,1322.1150643420144,1322.0670043420143,2.67,16.128,2.67,16.128,long_ientry_normal,43.06176,0.0325703572717635,578.0
1716298500000.0,203855,1716298500000.0,0.06775999999999996,-0.0014328160000000002,1322.1813915260143,1322.5337315260142,-0.44,16.282,2.23,16.128,long_nclose,35.96544,0.027201592936117472,514.0
1716298800000.0,203860,1716298800000.0,0.05697999999999997,-0.001204868,1322.2371666580143,1322.4696666580144,-0.37,16.282,1.86,16.128,long_nclose,29.99808,0.022687367105116898,5.0
1716298920000.0,203862,1716298920000.0,0.04773999999999997,-0.001009484,1322.2838971740143,1322.5287971740142,-0.31,16.282,1.55,16.128,long_nclose,24.9984,0.01890547109696079,2.0
1716299040000.0,203864,1716299040000.0,0.03849999999999998,-0.0008141,1322.3215830740144,1322.5243830740144,-0.25,16.282,1.3,16.128,long_nclose,20.9664,0.015855749666627384,2.0
1716302760000.0,203926,1716302760000.0,0.0,-0.0044342159999999995,1322.3171488580144,1322.2151088580144,1.38,16.066,2.68,16.096074626865672,long_ientry_partial,43.137480000000004,0.03262264278827102,62.0
1716319800000.0,204210,1716319800000.0,0.0,-0.008610724,1322.3085381340145,1321.2439581340145,2.74,15.713,5.42,15.902416974169743,long_rentry,86.1911,0.06518229105714557,284.0
1716382260000.0,205251,1716382260000.0,0.0,-0.008616636,1322.2999214980146,1319.7634114980146,2.79,15.442,8.21,15.745953714981727,long_rentry,129.27428,0.09776471880414772,1041.0
1716392520000.0,205422,1716392520000.0,0.20406294762485205,-0.004323712,1322.4996607336393,1323.4932277860144,-1.36,15.896,6.85,15.745953714981727,long_nclose,107.85978294762482,0.08155751275413638,171.0
1716392580000.0,205423,1716392580000.0,0.17105276492083182,-0.0036242880000000002,1322.66708921056,1323.4838834980144,-1.14,15.896,5.71,15.745953714981727,long_nclose,89.90939571254566,0.06797583189750982,1.0
1716392640000.0,205424,1716392640000.0,0.14254397076735986,-0.0030202400000000004,1322.8066129413273,1323.4399132580143,-0.95,15.896,4.76,15.745953714981727,long_nclose,74.95073968331302,0.0566603908311709,1.0
1716392700000.0,205425,1716392700000.0,0.11853656516443611,-0.002511568,1322.9226379384918,1323.4508316900144,-0.79,15.896,3.97,15.745953714981727,long_nclose,62.51143624847746,0.04725252592690449,1.0
1716392880000.0,205428,1716392880000.0,0.09903054811206055,-0.002098272,1323.0195702146038,1323.5062934180144,-0.66,15.896,3.31,15.745953714981727,long_nclose,52.11910679658952,0.0393940558174324,3.0
1716392940000.0,205429,1716392940000.0,0.08252545676005046,-0.0017485600000000003,1323.100347111364,1323.4785948580145,-0.55,15.896,2.76,15.745953714981727,long_nclose,43.45883225334956,0.03284621030311896,1.0
1716393180000.0,205433,1716393180000.0,0.06902129110840584,-0.001462432,1323.1679059704725,1323.5130124260145,-0.46,15.896,2.3,15.745953714981727,long_nclose,36.21569354445797,0.027370444356338668,4.0
1716393240000.0,205434,1716393240000.0,0.05701758830694395,-0.001208096,1323.2237154627794,1323.5617243300144,-0.38,15.896,1.92,15.745953714981727,long_nclose,30.232231132764916,0.022847407267176743,1.0
1716393360000.0,205436,1716393360000.0,0.04801481120584754,-0.001017344,1323.2707129299852,1323.4979869860144,-0.32,15.896,1.6,15.745953714981727,long_nclose,25.193525943970766,0.01903882984622797,2.0
1716394320000.0,205452,1716394320000.0,0.039012034104751125,-0.0008265920000000001,1323.3088983720897,1323.5113003940141,-0.26,15.896,1.34,15.745953714981727,long_nclose,21.099577978075516,0.015944559886230517,16.0
1716397860000.0,205511,1716397860000.0,0.03301018270402018,-0.000699424,1323.3412091307937,1323.5036609700142,-0.22,15.896,1.12,15.745953714981727,long_nclose,17.635468160779535,0.013326470935158883,59.0
1716397980000.0,205513,1716397980000.0,0.027008331303289237,-0.000572256,1323.367645206097,1323.5256087140142,-0.18,15.896,0.94,15.745953714981727,long_nclose,14.801196492082823,0.011184493247738223,2.0
1716398160000.0,205516,1716398160000.0,0.02250694275274103,-0.00047688,1323.3896752688497,1323.5643018340143,-0.15,15.896,0.79,15.745953714981727,long_nclose,12.439303434835566,0.009399577212440086,3.0
1716398160000.0,205516,1716398160000.0,0.030456942752740888,-0.00047847,1323.4196537416026,1323.5611233640143,-0.15,15.949,0.64,15.745953714981727,long_nclose,10.077410377588306,0.007614674868321034,0.0
1716398400000.0,205520,1716398400000.0,0.02436555420219271,-0.000382776,1323.4436365198048,1323.5617005880144,-0.12,15.949,0.52,15.745953714981727,long_nclose,8.187895931790498,0.0061868112142061515,4.0
1716399540000.0,205539,1716399540000.0,0.012003702801461884,-0.000254336,1323.4553858866063,1323.5249262520144,-0.08,15.896,0.44,15.745953714981727,long_nclose,6.92821963459196,0.005234947629119075,19.0
1716400920000.0,205562,1716400920000.0,0.0,-0.00723994,1323.4481459466062,1323.4204263120143,2.3,15.739,2.74,15.740116654960568,long_ientry_partial,43.12791963459196,0.03258754018182132,23.0
1716468960000.0,206696,1716468960000.0,0.0,-0.008635692,1323.4395102546061,1322.4310806200142,2.81,15.366,5.55,15.550699033259814,long_rentry,86.30637963459196,0.0652136942911642,1134.0
1716472200000.0,206750,1716472200000.0,0.0,-0.008637200000000001,1323.430873054606,1319.592303420014,2.86,15.1,8.41,15.397429207442563,long_rentry,129.49237963459197,0.09784597161143073,54.0
1716472200000.0,206750,1716472200000.0,0.0,-0.00862576,1323.422247294606,1319.783777660014,2.9,14.872,11.31,15.262703769636778,long_rentry,172.62117963459195,0.13043545246989102,0.0
1716494400000.0,207120,1716494400000.0,0.0,-0.011026576,1323.411220718606,1315.558601084014,3.76,14.663,15.07,15.113076286303382,long_rentry,227.75405963459198,0.17209621323213703,370.0
1716494400000.0,207120,1716494400000.0,0.0,-0.014447838,1323.396772880606,1316.410883246014,5.01,14.419,20.08,14.939902870248606,long_rentry,299.99324963459196,0.22668428379313926,0.0
1716498180000.0,207183,1716498180000.0,0.47794441336965776,-0.010075444000000001,1323.8646418499757,1326.594887802014,-3.34,15.083,16.74,14.939902870248606,long_nclose,250.09397404796164,0.18891204292493147,63.0
1716498300000.0,207185,1716498300000.0,0.3992409920063908,-0.008416314,1324.255466527982,1326.698071488014,-2.79,15.083,13.95,14.939902870248606,long_nclose,208.41164503996805,0.1573802414321121,2.0
1716498360000.0,207186,1716498360000.0,0.5359509920063894,-0.008443656,1324.7829738639882,1326.0562978320138,-2.79,15.132,11.16,14.939902870248606,long_nclose,166.72931603197443,0.12585406011497555,1.0
1716498420000.0,207187,1716498420000.0,0.26616066133759386,-0.005610876000000001,1325.0435236493258,1326.4115269560139,-1.86,15.083,9.3,14.939902870248606,long_nclose,138.94109669331203,0.1048577606799299,1.0
1716498540000.0,207189,1716498540000.0,0.3573006613375929,-0.005629104,1325.3951952066634,1326.9211178520138,-1.86,15.132,7.44,14.939902870248606,long_nclose,111.15287735464963,0.08386395073457167,2.0
1716498600000.0,207190,1716498600000.0,0.4503006613375943,-0.005647704000000001,1325.839848164001,1327.2465501480137,-1.86,15.182,5.58,14.939902870248606,long_nclose,83.36465801598722,0.06287686867416836,1.0
1716498720000.0,207192,1716498720000.0,0.33651501035443865,-0.004220596,1326.1721425783553,1327.2116695520137,-1.39,15.182,4.19,14.939902870248606,long_nclose,62.59819302634166,0.04720216253723873,2.0
1716498840000.0,207194,1716498840000.0,0.15944061769365706,-0.002511912,1326.329071284049,1326.7729176400137,-0.83,15.132,3.36,14.939902870248606,long_nclose,50.19807364403531,0.037847374931952164,2.0
1716499920000.0,207212,1716499920000.0,0.08013439266078096,-0.0016892960000000003,1326.4075163807097,1326.8165883440136,-0.56,15.083,2.8,14.939902870248606,long_nclose,41.83172803669609,0.031537613832919066,18.0
1716500580000.0,207223,1716500580000.0,0.0658246796856415,-0.001387636,1326.4719534243955,1326.8185007080137,-0.46,15.083,2.34,14.939902870248606,long_nclose,34.959372716381736,0.02635515408081661,11.0
1716501000000.0,207230,1716501000000.0,0.055807880603043876,-0.001176474,1326.5265848309984,1326.8134242340136,-0.39,15.083,1.95,14.939902870248606,long_nclose,29.13281059698478,0.021961723896167785,7.0
1716501300000.0,207235,1716501300000.0,0.07491788060304368,-0.0011802960000000002,1326.6003224156016,1326.8875139380139,-0.39,15.132,1.56,14.939902870248606,long_nclose,23.306248477587825,0.017568402542786635,5.0
1716501360000.0,207236,1716501360000.0,0.05955011022293215,-0.0009381840000000001,1326.6589343418245,1326.9128057540138,-0.31,15.132,1.25,14.939902870248606,long_nclose,18.674878587810756,0.014076623693093843,1.0
1716501480000.0,207238,1716501480000.0,0.04802428243784851,-0.0007566000000000001,1326.7062020242624,1326.9052991540138,-0.25,15.132,1.0,14.939902870248606,long_nclose,14.939902870248606,0.011260897738665572,2.0
1716501600000.0,207240,1716501600000.0,0.06052428243784869,-0.0007591000000000001,1326.7659672067002,1326.9467900540137,-0.25,15.182,0.75,14.939902870248606,long_nclose,11.204927152686455,0.00844529286221947,2.0
1716502020000.0,207247,1716502020000.0,0.028814569462709105,-0.00045396000000000005,1326.7943278161629,1326.9377860940137,-0.15,15.132,0.6,14.939902870248606,long_nclose,8.963941722149164,0.006756089873329021,7.0
1716502080000.0,207248,1716502080000.0,0.03631456946270921,-0.00045546,1326.8301869256256,1326.9409306340137,-0.15,15.182,0.45,14.939902870248606,long_nclose,6.722956291611872,0.005066930461681395,1.0
1716502200000.0,207250,1716502200000.0,0.026630684272653422,-0.00033400400000000005,1326.8564836058983,1326.9381166300138,-0.11,15.182,0.34,14.939902870248606,long_nclose,5.079566975884526,0.0038282715867507897,2.0
1716502320000.0,207252,1716502320000.0,0.01936777038011158,-0.00024291200000000002,1326.8756084642785,1326.9445337180139,-0.08,15.182,0.26,14.939902870248606,long_nclose,3.8843747462646374,0.0029274596062251836,2.0
1716502680000.0,207258,1716502680000.0,0.009604856487569702,-0.00015132,1326.885062000766,1326.928762398014,-0.05,15.132,0.21,14.939902870248606,long_nclose,3.137379602752207,0.002364469758986853,6.0
1716503400000.0,207270,1716503400000.0,0.004292913892541836,-9.0498e-05,1326.8892644166588,1326.920421900014,-0.03,15.083,0.18,14.939902870248606,long_nclose,2.689182516644749,0.0020266819460831166,12.0
1716503400000.0,207270,1716503400000.0,0.0057629138925418205,-9.0792e-05,1326.8949365385513,1326.920901108014,-0.03,15.132,0.15,14.939902870248606,long_nclose,2.240985430537291,0.0016888944021320274,0.0
1716504360000.0,207286,1716504360000.0,0.0057629138925418205,-9.0792e-05,1326.9006086604438,1326.924500316014,-0.03,15.132,0.12,14.939902870248606,long_nclose,1.7927883444298327,0.001351109746071878,16.0
1716504480000.0,207288,1716504480000.0,0.003841942595027881,-6.052800000000001e-05,1326.904390075039,1326.923099788014,-0.02,15.132,0.1,14.939902870248606,long_nclose,1.4939902870248607,0.0011259215797306788,2.0
1716504540000.0,207289,1716504540000.0,0.003841942595027881,-6.052800000000001e-05,1326.908171489634,1326.9234592600142,-0.02,15.132,0.08,14.939902870248606,long_nclose,1.1951922296198885,0.000900734696869131,1.0
1716504600000.0,207290,1716504600000.0,0.0019209712975139404,-3.0264000000000004e-05,1326.9100621969314,1326.924138996014,-0.01,15.132,0.07,14.939902870248606,long_nclose,1.0457932009174025,0.0007881417367397977,1.0
1716505800000.0,207310,1716505800000.0,0.0019209712975139404,-3.0264000000000004e-05,1326.9119529042289,1326.9235387320139,-0.01,15.132,0.06,14.939902870248606,long_nclose,0.8963941722149164,0.0006755490974762622,20.0
1716506220000.0,207317,1716506220000.0,0.0019209712975139404,-3.0264000000000004e-05,1326.9138436115263,1326.9234984680138,-0.01,15.132,0.05,14.939902870248606,long_nclose,0.7469951435124303,0.0005629567790771532,7.0
1716506820000.0,207327,1716506820000.0,0.0019209712975139404,-3.0264000000000004e-05,1326.9157343188238,1326.9234182040138,-0.01,15.132,0.04,14.939902870248606,long_nclose,0.5975961148099442,0.00045036478154109917,10.0
1716506880000.0,207328,1716506880000.0,0.0019209712975139404,-3.0264000000000004e-05,1326.9176250261212,1326.9235079400137,-0.01,15.132,0.03,14.939902870248606,long_nclose,0.4481970861074582,0.00033777310486672834,1.0
1716507060000.0,207331,1716507060000.0,0.0019209712975139404,-3.0264000000000004e-05,1326.9195157334186,1326.9232376760137,-0.01,15.132,0.02,14.939902870248606,long_nclose,0.2987980574049721,0.00022518174905266928,3.0
1716507180000.0,207333,1716507180000.0,0.0019209712975139404,-3.0264000000000004e-05,1326.921406440716,1326.9236074120136,-0.01,15.132,0.01,14.939902870248606,long_nclose,0.14939902870248606,0.00011259071409755034,2.0
1716507660000.0,207341,1716507660000.0,0.0019209712975139404,-3.0264000000000004e-05,1326.9232971480135,1326.9232971480135,-0.01,15.132,0.0,14.939902870248606,long_nclose,0.0,0.0,8.0
1716527760000.0,207676,1716527760000.0,0.0,-0.008645208,1326.9146519400135,1326.9032119400135,2.86,15.114,2.86,15.114,long_ientry_normal,43.22604,0.03257635292277573,335.0
1716534060000.0,207781,1716534060000.0,0.0,-0.008645844,1326.9060060960135,1325.9343060960134,2.93,14.754,5.79,14.93182383419689,long_rentry,86.45526,0.06515552691962431,105.0
1716548700000.0,208025,1716548700000.0,0.13648911917098472,-0.0028942079999999997,1327.0396010071845,1327.8132518880136,-0.96,15.074,4.83,14.93182383419689,long_nclose,72.12070911917098,0.05434706625516937,244.0
1716548880000.0,208028,1716548880000.0,0.11374093264248729,-0.00241184,1327.150930099827,1327.7037500480135,-0.8,15.074,4.03,14.93182383419689,long_nclose,60.17525005181347,0.04534167794109683,3.0
1716548940000.0,208029,1716548940000.0,0.0952580310880831,-0.0020199160000000005,1327.2441682149151,1327.7084401320135,-0.67,15.074,3.36,14.93182383419689,long_nclose,50.170928082901554,0.037800827673162236,1.0
1716552960000.0,208096,1716552960000.0,0.07961865284974111,-0.001688288,1327.322098579765,1327.7173918440137,-0.56,15.074,2.8,14.93182383419689,long_nclose,41.80910673575129,0.031498840244193214,67.0
1716553020000.0,208097,1716553020000.0,0.06540103626943018,-0.0013868080000000002,1327.3861128080343,1327.7445450360135,-0.46,15.074,2.34,14.93182383419689,long_nclose,34.940467772020725,0.026322761278634674,1.0
1716553260000.0,208101,1716553260000.0,0.05544870466321255,-0.001175772,1327.4403857406976,1327.7293292640136,-0.39,15.074,1.95,14.93182383419689,long_nclose,29.117056476683935,0.021934737551650523,4.0
1716553500000.0,208105,1716553500000.0,0.07494870466321282,-0.001179672,1327.5141547733608,1327.8139495920136,-0.39,15.124,1.56,14.93182383419689,long_nclose,23.293645181347152,0.017546814922906752,4.0
1716553560000.0,208106,1716553560000.0,0.05957461139896404,-0.000937688,1327.5727916967599,1327.7967619040137,-0.31,15.124,1.25,14.93182383419689,long_nclose,18.664779792746113,0.01405932684782641,1.0
1716553920000.0,208112,1716553920000.0,0.04804404145077745,-0.0007562000000000001,1327.6200795382106,1327.8152557040137,-0.25,15.124,1.0,14.93182383419689,long_nclose,14.93182383419689,0.011247060860506617,6.0
1716554040000.0,208114,1716554040000.0,0.038435233160621966,-0.0006049600000000001,1327.6579098113714,1327.8196507440139,-0.2,15.124,0.8,14.93182383419689,long_nclose,11.945459067357513,0.008997392309480292,2.0
1716554160000.0,208116,1716554160000.0,0.03074818652849757,-0.00048396800000000004,1327.6881740298998,1327.9436467760138,-0.16,15.124,0.64,14.93182383419689,long_nclose,9.55636725388601,0.007197749773487702,2.0
1716554160000.0,208116,1716554160000.0,0.038588186528497485,-0.00048553600000000006,1327.726276680428,1327.9178812400137,-0.16,15.173,0.48,14.93182383419689,long_nclose,7.167275440414508,0.00539815741113001,0.0
1716554160000.0,208116,1716554160000.0,0.046588186528497604,-0.00048713600000000005,1327.7723777309566,1327.9001141040135,-0.16,15.223,0.32,14.93182383419689,long_nclose,4.778183626943005,0.003598646655918909,0.0
1716554160000.0,208116,1716554160000.0,0.05442818652849752,-0.000488704,1327.826317213485,1327.8901854000135,-0.16,15.272,0.16,14.93182383419689,long_nclose,2.3890918134715027,0.0017992502351400449,0.0
1716554160000.0,208116,1716554160000.0,0.062428186528497354,-0.000490304,1327.8882550960134,1327.8882550960134,-0.16,15.322,0.0,14.93182383419689,long_nclose,0.0,0.0,0.0
1716559620000.0,208207,1716559620000.0,0.0,-0.008656128,1327.8795989680134,1327.8506989680134,2.89,14.976,2.89,14.976,long_ientry_normal,43.280640000000005,0.03259379843898225,91.0
1716560640000.0,208224,1716560640000.0,0.06863999999999947,-0.001451424,1327.9467875440134,1328.3757675440133,-0.48,15.119,2.41,14.976,long_nclose,36.09216000000001,0.027178920374325444,17.0
1716560760000.0,208226,1716560760000.0,0.0926399999999998,-0.0014562239999999999,1328.0379713200134,1328.4490613200135,-0.48,15.169,1.93,14.976,long_nclose,28.90368,0.02176419697643959,2.0
1716561060000.0,208231,1716561060000.0,0.11615999999999957,-0.001460928,1328.1526703920135,1328.5180703920134,-0.48,15.218,1.45,14.976,long_nclose,21.7152,0.016349927598000167,5.0
1716562140000.0,208249,1716562140000.0,0.05596999999999989,-0.000879802,1328.2077605900133,1328.4258405900134,-0.29,15.169,1.16,14.976,long_nclose,17.37216,0.013079399560414389,18.0
1716562260000.0,208251,1716562260000.0,0.044389999999999916,-0.0006977740000000001,1328.2514528160134,1328.4355928160135,-0.23,15.169,0.93,14.976,long_nclose,13.927680000000002,0.01048572540272556,2.0
1716562860000.0,208261,1716562860000.0,0.0556599999999998,-0.000700028,1328.3064127880134,1328.4723127880134,-0.23,15.218,0.7,14.976,long_nclose,10.4832,0.007892154926811328,10.0
1716562920000.0,208262,1716562920000.0,0.04113999999999985,-0.0005174120000000001,1328.3470353760135,1328.4827153760136,-0.17,15.218,0.53,14.976,long_nclose,7.937280000000001,0.005975305992046879,1.0
1716563100000.0,208265,1716563100000.0,0.031459999999999884,-0.000395668,1328.3780997080135,1328.4756997080135,-0.13,15.218,0.4,14.976,long_nclose,5.990400000000001,0.004509559440430953,3.0
1716563400000.0,208270,1716563400000.0,0.024199999999999913,-0.00030436000000000005,1328.4019953480135,1328.4757953480134,-0.1,15.218,0.3,14.976,long_nclose,4.4928,0.0033821087409786526,5.0
1716563580000.0,208273,1716563580000.0,0.016939999999999938,-0.00021305200000000003,1328.4187222960136,1328.4720822960137,-0.07,15.218,0.23,14.976,long_nclose,3.4444800000000004,0.002592917385300492,3.0
1716563760000.0,208276,1716563760000.0,0.012099999999999956,-0.00015218000000000002,1328.4306701160135,1328.4756701160136,-0.05,15.218,0.18,14.976,long_nclose,2.69568,0.0020292214419925904,3.0
1716563880000.0,208278,1716563880000.0,0.009679999999999965,-0.00012174400000000002,1328.4402283720135,1328.4741083720135,-0.04,15.218,0.14,14.976,long_nclose,2.0966400000000003,0.0015782719878706217,2.0
1716563940000.0,208279,1716563940000.0,0.007259999999999973,-9.1308e-05,1328.4473970640136,1328.4745670640136,-0.03,15.218,0.11,14.976,long_nclose,1.6473600000000002,0.001240064155826427,1.0
1716566460000.0,208321,1716566460000.0,0.001429999999999989,-3.0238e-05,1328.4487968260137,1328.4619968260138,-0.01,15.119,0.1,14.976,long_nclose,1.4976000000000003,0.0011273298629033575,42.0
1716566820000.0,208327,1716566820000.0,0.0,-0.008352232,1328.4404445940136,1328.4277645940135,2.78,15.022,2.88,15.020402777777777,long_ientry_partial,43.258759999999995,0.03256356743430855,6.0
1716573780000.0,208443,1716573780000.0,0.06892666666666684,-0.0014557440000000001,1328.5079155166802,1328.8789488500136,-0.48,15.164,2.4,15.020402777777777,long_nclose,36.048966666666665,0.02713492802385493,116.0
1716573960000.0,208446,1716573960000.0,0.09292666666666718,-0.001460544,1328.5993816393468,1328.9730083060135,-0.48,15.214,1.92,15.020402777777777,long_nclose,28.83917333333333,0.021706447957057555,3.0
1716574200000.0,208450,1716574200000.0,0.07356694444444487,-0.0011562640000000002,1328.6717923197912,1328.9945720420135,-0.38,15.214,1.54,15.020402777777777,long_nclose,23.131420277777778,0.0174094312918253,4.0
1716574380000.0,208453,1716574380000.0,0.09218694444444467,-0.001159988,1328.7628192762356,1329.0395920540134,-0.38,15.263,1.16,15.020402777777777,long_nclose,17.42366722222222,0.013112699248849186,3.0
1716574560000.0,208456,1716574560000.0,0.0703531944444446,-0.000885254,1328.83228721668,1329.0381268000133,-0.29,15.263,0.87,15.020402777777777,long_nclose,13.067750416666666,0.009834010312947665,3.0
1716574620000.0,208457,1716574620000.0,0.050945416666666785,-0.000641046,1328.8825915873467,1329.0479857540133,-0.21,15.263,0.66,15.020402777777777,long_nclose,9.913465833333333,0.007460001279339302,1.0
1716575820000.0,208477,1716575820000.0,0.02516763888888903,-0.00039556400000000005,1328.9073636622356,1329.0142101900135,-0.13,15.214,0.53,15.020402777777777,long_nclose,7.960813472222222,0.0059904954174409995,20.0
1716576420000.0,208487,1716576420000.0,0.019359722222222334,-0.00030428000000000003,1328.9264191044579,1329.0092359100133,-0.1,15.214,0.43,15.020402777777777,long_nclose,6.458773194444444,0.004860143572732121,10.0
1716578040000.0,208514,1716578040000.0,0.010051805555555583,-0.000212296,1328.9362586140135,1328.9897536140136,-0.07,15.164,0.36,15.020402777777777,long_nclose,5.407344999999999,0.004068927282968017,27.0
1716579000000.0,208530,1716579000000.0,0.013551805555555633,-0.00021299600000000002,1328.949597423569,1329.0069006180136,-0.07,15.214,0.29,15.020402777777777,long_nclose,4.355916805555555,0.0032777140788487085,16.0
1716579480000.0,208538,1716579480000.0,0.005743888888888904,-0.000121312,1328.955220000458,1328.9941193060135,-0.04,15.164,0.25,15.020402777777777,long_nclose,3.7551006944444443,0.0028256036305295148,8.0
1716580080000.0,208548,1716580080000.0,0.005743888888888904,-0.000121312,1328.960842577347,1328.9893179940136,-0.04,15.164,0.21,15.020402777777777,long_nclose,3.1542845833333333,0.002373497007794457,10.0
1716580200000.0,208550,1716580200000.0,0.004307916666666678,-9.098400000000001e-05,1328.9650595100136,1328.9932470100136,-0.03,15.164,0.18,15.020402777777777,long_nclose,2.7036724999999997,0.002034419551253543,2.0
1716581220000.0,208567,1716581220000.0,0.005807916666666699,-9.1284e-05,1328.9707761426803,1329.0049157260137,-0.03,15.214,0.15,15.020402777777777,long_nclose,2.2530604166666666,0.001695342333415445,17.0
1716581700000.0,208575,1716581700000.0,0.005807916666666699,-9.1284e-05,1328.976492775347,1329.0006844420136,-0.03,15.214,0.12,15.020402777777777,long_nclose,1.8024483333333332,0.0013562680326792077,8.0
1716583020000.0,208597,1716583020000.0,0.0038719444444444665,-6.0856e-05,1328.9803038637915,1328.9987635860136,-0.02,15.214,0.1,15.020402777777777,long_nclose,1.5020402777777777,0.001130220119448605,22.0
1716583260000.0,208601,1716583260000.0,0.0038719444444444665,-6.0856e-05,1328.984114952236,1328.9998427300138,-0.02,15.214,0.08,15.020402777777777,long_nclose,1.2016322222222222,0.0009041735026798338,4.0
1716583440000.0,208604,1716583440000.0,0.0019359722222222332,-3.0428e-05,1328.9860204964584,1328.999642302014,-0.01,15.214,0.07,15.020402777777777,long_nclose,1.0514281944444446,0.0007911506804651497,3.0
1716583560000.0,208606,1716583560000.0,0.0019359722222222332,-3.0428e-05,1328.9879260406808,1328.9994218740142,-0.01,15.214,0.06,15.020402777777777,long_nclose,0.9012241666666666,0.0006781281823617409,2.0
1716584700000.0,208625,1716584700000.0,0.0019359722222222332,-3.0428e-05,1328.9898315849032,1328.9995114460144,-0.01,15.214,0.05,15.020402777777777,long_nclose,0.7510201388888889,0.0005651060083682135,19.0
1716584760000.0,208626,1716584760000.0,0.0019359722222222332,-3.0428e-05,1328.9917371291256,1328.9998810180145,-0.01,15.214,0.04,15.020402777777777,long_nclose,0.6008161111111111,0.0004520841584831731,1.0
1716584940000.0,208629,1716584940000.0,0.0019359722222222332,-3.0428e-05,1328.993642673348,1328.9994805900146,-0.01,15.214,0.03,15.020402777777777,long_nclose,0.4506120833333333,0.00033906263270522567,3.0
1716585120000.0,208632,1716585120000.0,0.0019359722222222332,-3.0428e-05,1328.9955482175703,1328.9991801620147,-0.01,15.214,0.02,15.020402777777777,long_nclose,0.30040805555555555,0.00022604143103297712,3.0
1716586260000.0,208651,1716586260000.0,0.001435972222222226,-3.0328e-05,1328.9969538617925,1328.9985498340147,-0.01,15.164,0.01,15.020402777777777,long_nclose,0.15020402777777778,0.00011302059597752703,19.0
1716586440000.0,208654,1716586440000.0,0.0019359722222222332,-3.0428e-05,1328.9988594060148,1328.9988594060148,-0.01,15.214,0.0,15.020402777777777,long_nclose,0.0,0.0,3.0
1716618900000.0,209195,1716618900000.0,0.0,-0.008675631999999999,1328.990183774015,1329.0753837740149,2.84,15.274,2.84,15.274,long_ientry_normal,43.378159999999994,0.03263994010611604,541.0
1716629340000.0,209369,1716629340000.0,0.06862000000000038,-0.00144948,1329.0573542940149,1329.405744294015,-0.47,15.42,2.37,15.274,long_nclose,36.19938,0.027236883256425627,174.0
1716630960000.0,209396,1716630960000.0,0.09259000000000044,-0.001454274,1329.1484900200148,1329.5151900200149,-0.47,15.471,1.9,15.274,long_nclose,29.020599999999998,0.02183397883524887,27.0
1716631020000.0,209397,1716631020000.0,0.07486000000000036,-0.0011757960000000002,1329.2221742240147,1329.5261742240148,-0.38,15.471,1.52,15.274,long_nclose,23.21648,0.0174662147910326,1.0
1716633000000.0,209430,1716633000000.0,0.0365000000000002,-0.000771,1329.2579032240146,1329.4636432240147,-0.25,15.42,1.27,15.274,long_nclose,19.39798,0.014593089838286208,33.0
1716633780000.0,209443,1716633780000.0,0.030660000000000166,-0.00064764,1329.2879155840146,1329.4490355840146,-0.21,15.42,1.06,15.274,long_nclose,16.19044,0.012179784236499906,13.0
1716634380000.0,209453,1716634380000.0,0.0413700000000002,-0.000649782,1329.3286358020146,1329.4952358020146,-0.21,15.471,0.85,15.274,long_nclose,12.982899999999999,0.009766508935668205,10.0
1716634800000.0,209460,1716634800000.0,0.033490000000000165,-0.0005260140000000001,1329.3615997880147,1329.4962397880147,-0.17,15.471,0.68,15.274,long_nclose,10.38632,0.007813013405574708,7.0
1716634920000.0,209462,1716634920000.0,0.025610000000000126,-0.0004022460000000001,1329.3868075420146,1329.4979075420147,-0.13,15.471,0.55,15.274,long_nclose,8.4007,0.0063192292509149945,2.0
1716635040000.0,209464,1716635040000.0,0.021670000000000106,-0.00034036200000000003,1329.4081371800146,1329.4961371800146,-0.11,15.471,0.44,15.274,long_nclose,6.72056,0.0050553022898264174,2.0
1716636180000.0,209483,1716636180000.0,0.015760000000000076,-0.000247536,1329.4236496440146,1329.4866496440147,-0.08,15.471,0.36,15.274,long_nclose,5.498639999999999,0.004136108155945919,19.0
1716636600000.0,209490,1716636600000.0,0.013790000000000068,-0.00021659400000000005,1329.4372230500146,1329.4900030500146,-0.07,15.471,0.29,15.274,long_nclose,4.42946,0.0033318308854312557,7.0
1716636960000.0,209496,1716636960000.0,0.005840000000000032,-0.00012336,1329.4429396900146,1329.4809396900146,-0.04,15.42,0.25,15.274,long_nclose,3.8185,0.002872255653853303,6.0
1716637380000.0,209503,1716637380000.0,0.005840000000000032,-0.00012336,1329.4486563300145,1329.4849863300144,-0.04,15.42,0.21,15.274,long_nclose,3.20754,0.0024126843746297933,7.0
1716637980000.0,209513,1716637980000.0,0.004380000000000024,-9.252e-05,1329.4529438100146,1329.4794038100147,-0.03,15.42,0.18,15.274,long_nclose,2.7493199999999995,0.002068008508914093,10.0
1716638160000.0,209516,1716638160000.0,0.004380000000000024,-9.252e-05,1329.4572312900148,1329.4788312900148,-0.03,15.42,0.15,15.274,long_nclose,2.2910999999999997,0.0017233348663475787,3.0
1716638220000.0,209517,1716638220000.0,0.002920000000000016,-6.168e-05,1329.4600896100146,1329.4777696100145,-0.02,15.42,0.13,15.274,long_nclose,1.98562,0.0014935536730421625,1.0
1716640800000.0,209560,1716640800000.0,0.0,-0.00827658,1329.4518130300146,1329.4530430300147,2.7,15.327,2.83,15.324565371024736,long_ientry_partial,43.368520000000004,0.032621355339804925,43.0
1716651000000.0,209730,1716651000000.0,0.06882427561837409,-0.001454274,1329.519183031633,1329.9096087560147,-0.47,15.471,2.36,15.324565371024736,long_nclose,36.165974275618375,0.027202295940665554,170.0
1716651540000.0,209739,1716651540000.0,0.05710950530035298,-0.001206738,1329.5750857989333,1329.8537120180144,-0.39,15.471,1.97,15.324565371024736,long_nclose,30.189393780918728,0.02270604654326695,9.0
1716678000000.0,210180,1716678000000.0,0.0468590812720845,-0.000990144,1329.6209547362052,1329.8757718740144,-0.32,15.471,1.65,15.324565371024736,long_nclose,25.285532862190813,0.019017098649146535,441.0
1716678900000.0,210195,1716678900000.0,0.06515342756183719,-0.0010244520000000001,1329.6850837117672,1329.9496574220145,-0.33,15.522,1.32,15.324565371024736,long_nclose,20.22842628975265,0.015212945183445797,15.0
1716679200000.0,210200,1716679200000.0,0.05133300353356869,-0.0008071440000000001,1329.7356095713008,1329.9565502780144,-0.26,15.522,1.06,15.324565371024736,long_nclose,16.24403929328622,0.012215991792927323,5.0
1716681300000.0,210235,1716681300000.0,0.06459300353356874,-0.0008097960000000001,1329.7993927788343,1329.9989404820146,-0.26,15.573,0.8,15.324565371024736,long_nclose,12.25965229681979,0.009219174232890294,35.0
1716685260000.0,210301,1716685260000.0,0.031589540636042274,-0.000496704,1329.8304856154705,1329.9530037780146,-0.16,15.522,0.64,15.324565371024736,long_nclose,9.807721837455832,0.007375166943113531,66.0
1716685320000.0,210302,1716685320000.0,0.023692155477031705,-0.000372528,1329.8538052429474,1329.9569912500144,-0.12,15.522,0.52,15.324565371024736,long_nclose,7.968773992932863,0.005992218063005105,1.0
1716685560000.0,210306,1716685560000.0,0.01974346289752642,-0.00031044000000000004,1329.873238265845,1329.9553208100147,-0.1,15.522,0.42,15.324565371024736,long_nclose,6.436317455830389,0.004839797712016033,4.0
1716685860000.0,210311,1716685860000.0,0.015794770318021137,-0.000248352,1329.888784684163,1329.9572724580146,-0.08,15.522,0.34,15.324565371024736,long_nclose,5.2103522261484105,0.00391788568048254,5.0
1716687960000.0,210346,1716687960000.0,0.011846077738515853,-0.000186264,1329.9004444979016,1329.9565661940146,-0.06,15.522,0.28,15.324565371024736,long_nclose,4.2908783038869265,0.003226465801736708,35.0
1716688920000.0,210362,1716688920000.0,0.00987173144876321,-0.00015522000000000002,1329.9101610093505,1329.953730974015,-0.05,15.522,0.23,15.324565371024736,long_nclose,3.5246500353356893,0.0026502918307358563,16.0
1716689040000.0,210364,1716689040000.0,0.007897385159010568,-0.000124176,1329.9179342185093,1329.9552567980147,-0.04,15.522,0.19,15.324565371024736,long_nclose,2.9116674204947,0.0021893587157358423,2.0
1716689940000.0,210379,1716689940000.0,0.0,-0.008080080000000002,1329.9098541385094,1329.9026967180148,2.62,15.42,2.81,15.41354712473121,long_ientry_partial,43.3120674204947,0.032567671625045175,15.0
1716735660000.0,211141,1716735660000.0,0.06782832262364352,-0.001431612,1329.976250849133,1330.3157151060147,-0.46,15.561,2.35,15.41354712473121,long_nclose,36.22183574311834,0.02723494928574269,762.0
1716735720000.0,211142,1716735720000.0,0.0575066213548282,-0.0012137580000000001,1330.032543712488,1330.3352713480149,-0.39,15.561,1.96,15.41354712473121,long_nclose,30.21055236447317,0.022714145234482144,1.0
1716735840000.0,211144,1716735840000.0,0.04718492008601288,-0.000995904,1330.0787327285739,1330.3205554440146,-0.32,15.561,1.64,15.41354712473121,long_nclose,25.278217284559183,0.019005053357031346,2.0
1716735900000.0,211145,1716735900000.0,0.03981227632257337,-0.0008402940000000001,1330.1177047108965,1330.3635551500147,-0.27,15.561,1.37,15.41354712473121,long_nclose,21.116559560881758,0.015875707455131935,1.0
1716736020000.0,211147,1716736020000.0,0.05358227632257341,-0.0008430480000000001,1330.1704439392192,1330.412942102015,-0.27,15.612,1.1,15.41354712473121,long_nclose,16.954901837204332,0.012746412998768351,2.0
1716737640000.0,211174,1716737640000.0,0.026541517548382243,-0.000560196,1330.1964252607677,1330.321961906015,-0.18,15.561,0.92,15.41354712473121,long_nclose,14.180463354752714,0.01066042810329521,27.0
1716740220000.0,211217,1716740220000.0,0.0,-0.005859116,1330.1905661447677,1330.166342790015,1.91,15.338,2.83,15.36255948931191,long_ientry_partial,43.476043354752704,0.03268407133630288,43.0
1716817020000.0,212497,1716817020000.0,0.06882704002340279,-0.001457846,1330.2579353387912,1330.605894944015,-0.47,15.509,2.36,15.36255948931191,long_nclose,36.2556403947761,0.02725459433966277,1280.0
1716817920000.0,212512,1716817920000.0,0.057111799168355515,-0.0012097020000000002,1330.3138374359594,1330.627935242015,-0.39,15.509,1.97,15.36255948931191,long_nclose,30.26424219394446,0.02274970111735109,15.0
1716818220000.0,212517,1716818220000.0,0.04686096342018914,-0.000992576,1330.3597058233795,1330.6112326660148,-0.32,15.509,1.65,15.36255948931191,long_nclose,25.34822315736465,0.019053661236436994,5.0
1716818340000.0,212519,1716818340000.0,0.03953893788578459,-0.000837486,1330.3984072752653,1330.6004951800148,-0.27,15.509,1.38,15.36255948931191,long_nclose,21.200332095250435,0.01593532582369064,2.0
1716818400000.0,212520,1716818400000.0,0.033681317458260945,-0.0007134140000000001,1330.4313751787236,1330.6147317660148,-0.23,15.509,1.15,15.36255948931191,long_nclose,17.666943412708694,0.013279109123787316,1.0
1716818820000.0,212527,1716818820000.0,0.0278236970307373,-0.000589342,1330.4586095337543,1330.595352424015,-0.19,15.509,0.96,15.36255948931191,long_nclose,14.748057109739433,0.011084942443198395,7.0
1716818940000.0,212529,1716818940000.0,0.02343048171009457,-0.000496288,1330.4815437274644,1330.605096136015,-0.16,15.509,0.8,15.36255948931191,long_nclose,12.290047591449529,0.009237292805293524,2.0
1716819660000.0,212541,1716819660000.0,0.019037266389451836,-0.0004032340000000001,1330.5001777598538,1330.6157129020148,-0.13,15.509,0.67,15.36255948931191,long_nclose,10.29291485783898,0.007736124376299618,12.0
1716820440000.0,212554,1716820440000.0,0.016108456175690015,-0.000341198,1330.5159450180297,1330.598511704015,-0.11,15.509,0.56,15.36255948931191,long_nclose,8.60303331401467,0.0064659377786698315,13.0
1716820680000.0,212558,1716820680000.0,0.013179645961928194,-0.000279162,1330.5288455019916,1330.601902542015,-0.09,15.509,0.47,15.36255948931191,long_nclose,7.220402959976597,0.00542671659046402,4.0
1716820860000.0,212561,1716820860000.0,0.010250835748166374,-0.00021712600000000002,1330.5388792117396,1330.596655416015,-0.07,15.509,0.4,15.36255948931191,long_nclose,6.145023795724764,0.004618447376273066,3.0
1716820920000.0,212562,1716820920000.0,0.008786430641285464,-0.00018610800000000001,1330.547479534381,1330.597949308015,-0.06,15.509,0.34,15.36255948931191,long_nclose,5.22327022636605,0.0039256548952269705,1.0
1716821580000.0,212573,1716821580000.0,0.007322025534404553,-0.00015509000000000003,1330.5546464699155,1330.608134218015,-0.05,15.509,0.29,15.36255948931191,long_nclose,4.455142251900454,0.0033483346690948456,11.0
1716821760000.0,212576,1716821760000.0,0.009872025534404562,-0.00015560000000000001,1330.56436289545,1330.608388618015,-0.05,15.56,0.24,15.36255948931191,long_nclose,3.687014277434858,0.002771015352772204,3.0
1716821880000.0,212578,1716821880000.0,0.007897620427523648,-0.00012448000000000003,1330.5721360358773,1330.6124241380148,-0.04,15.56,0.2,15.36255948931191,long_nclose,3.072511897862382,0.0023091659705246795,2.0
1716822060000.0,212581,1716822060000.0,0.012422025534404569,-0.00015611000000000002,1330.5844019514116,1330.6191180280148,-0.05,15.611,0.15,15.36255948931191,long_nclose,2.304383923396786,0.0017318585127085644,3.0
1716822120000.0,212582,1716822120000.0,0.007453215320642741,-9.366600000000001e-05,1330.591761500732,1330.6236143620145,-0.03,15.611,0.12,15.36255948931191,long_nclose,1.843507138717429,0.0013854791469911074,1.0
1716822300000.0,212585,1716822300000.0,0.011977620427523662,-0.000125296,1330.6036138251595,1330.6279690660147,-0.04,15.662,0.08,15.36255948931191,long_nclose,1.2290047591449527,0.0009236445372426615,3.0
1716822540000.0,212589,1716822540000.0,0.014017620427523596,-0.000125704,1330.617505741587,1330.6313233620144,-0.04,15.713,0.04,15.36255948931191,long_nclose,0.6145023795724763,0.00046181744710325194,4.0
1716822900000.0,212595,1716822900000.0,0.007008810213761798,-6.2852e-05,1330.6244516998008,1330.6310005100147,-0.02,15.713,0.02,15.36255948931191,long_nclose,0.30725118978623817,0.00023090751819098272,6.0
1716823020000.0,212597,1716823020000.0,0.003504405106880899,-3.1426e-05,1330.6279246789077,1330.6315790840144,-0.01,15.713,0.01,15.36255948931191,long_nclose,0.15362559489311908,0.00011545345775769008,2.0
1716823260000.0,212601,1716823260000.0,0.003504405106880899,-3.1426e-05,1330.6313976580145,1330.6313976580145,-0.01,15.713,0.0,15.36255948931191,long_nclose,0.0,0.0,4.0
1716839340000.0,212869,1716839340000.0,0.0,-0.00867295,1330.6227247080146,1330.5787247080145,2.75,15.769,2.75,15.769,long_ientry_normal,43.36475,0.03258981617762146,268.0
1716840900000.0,212895,1716840900000.0,0.06794999999999991,-0.0014328,1330.6892419080148,1331.0342419080148,-0.45,15.92,2.3,15.769,long_nclose,36.268699999999995,0.027255574673464674,26.0
1716840960000.0,212896,1716840960000.0,0.057379999999999924,-0.00120992,1330.7454119880147,1331.0314919880147,-0.38,15.92,1.92,15.769,long_nclose,30.27648,0.022751519356936686,1.0
1716841020000.0,212897,1716841020000.0,0.04831999999999994,-0.00101888,1330.7927131080148,1331.0391131080148,-0.32,15.92,1.6,15.769,long_nclose,25.230400000000003,0.01895892557231951,1.0
1716841200000.0,212900,1716841200000.0,0.03925999999999995,-0.00082784,1330.8311452680148,1331.0482252680147,-0.26,15.92,1.34,15.769,long_nclose,21.130460000000003,0.015877641634051597,3.0
1716841320000.0,212902,1716841320000.0,0.03321999999999996,-0.0007004800000000001,1330.8636647880148,1331.0439847880148,-0.22,15.92,1.12,15.769,long_nclose,17.66128,0.01327054037711155,2.0
1716841800000.0,212910,1716841800000.0,0.044659999999999866,-0.0007027680000000001,1330.9076220200147,1331.0885220200148,-0.22,15.972,0.9,15.769,long_nclose,14.1921,0.010663474883748598,8.0
1716841860000.0,212911,1716841860000.0,0.03653999999999989,-0.000574992,1330.9435870280147,1331.0803870280147,-0.18,15.972,0.72,15.769,long_nclose,11.353679999999999,0.00853054938665933,1.0
1716842280000.0,212918,1716842280000.0,0.028419999999999918,-0.00044721600000000006,1330.9715598120147,1331.0840798120146,-0.14,15.972,0.58,15.769,long_nclose,9.14602,0.006871687026349216,7.0
1716842340000.0,212919,1716842340000.0,0.022329999999999933,-0.00035138400000000005,1330.9935384280147,1331.0950584280147,-0.11,15.972,0.47,15.769,long_nclose,7.411429999999999,0.005568344087344973,1.0
1716843120000.0,212932,1716843120000.0,0.018269999999999946,-0.000287496,1331.0115209320147,1331.0905609320148,-0.09,15.972,0.38,15.769,long_nclose,5.9922200000000005,0.004502004607596533,13.0
1716844260000.0,212951,1716844260000.0,0.014209999999999959,-0.00022360800000000003,1331.0255073240148,1331.089677324015,-0.07,15.972,0.31,15.769,long_nclose,4.88839,0.003672649376816193,19.0
1716844800000.0,212960,1716844800000.0,0.007549999999999991,-0.00015920000000000002,1331.0328981240148,1331.0705981240149,-0.05,15.92,0.26,15.769,long_nclose,4.09994,0.0030802694702576775,9.0
1716844860000.0,212961,1716844860000.0,0.006039999999999992,-0.00012736,1331.0388107640147,1331.0742307640146,-0.04,15.92,0.22,15.769,long_nclose,3.46918,0.002606370281576309,1.0
1716845460000.0,212971,1716845460000.0,0.004529999999999994,-9.552e-05,1331.0432452440145,1331.0721252440146,-0.03,15.92,0.19,15.769,long_nclose,2.9961100000000003,0.002250948653024971,10.0
1716846000000.0,212980,1716846000000.0,0.004529999999999994,-9.552e-05,1331.0476797240144,1331.0718397240144,-0.03,15.92,0.16,15.769,long_nclose,2.52304,0.0018955293926984935,9.0
1716846060000.0,212981,1716846060000.0,0.003019999999999996,-6.368e-05,1331.0506360440145,1331.0716360440144,-0.02,15.92,0.14,15.769,long_nclose,2.20766,0.0016585845348162987,1.0
1716846180000.0,212983,1716846180000.0,0.003019999999999996,-6.368e-05,1331.0535923640145,1331.0715923640146,-0.02,15.92,0.12,15.769,long_nclose,1.89228,0.0014216407294609533,2.0
1716846240000.0,212984,1716846240000.0,0.003019999999999996,-6.368e-05,1331.0565486840146,1331.0724486840147,-0.02,15.92,0.1,15.769,long_nclose,1.5769000000000002,0.001184697976625445,1.0
1716846720000.0,212992,1716846720000.0,0.001509999999999998,-3.184e-05,1331.0580268440146,1331.0717068440147,-0.01,15.92,0.09,15.769,long_nclose,1.4192099999999999,0.0010662269949004376,8.0
1716847260000.0,213001,1716847260000.0,0.001509999999999998,-3.184e-05,1331.0595050040147,1331.0705450040148,-0.01,15.92,0.08,15.769,long_nclose,1.26152,0.0009477562763027601,9.0
1716847440000.0,213004,1716847440000.0,0.001509999999999998,-3.184e-05,1331.0609831640147,1331.0716231640147,-0.01,15.92,0.07,15.769,long_nclose,1.10383,0.0008292858208315351,3.0
1716847620000.0,213007,1716847620000.0,0.001509999999999998,-3.184e-05,1331.0624613240147,1331.0720013240148,-0.01,15.92,0.06,15.769,long_nclose,0.94614,0.0007108156284858861,3.0
1716849900000.0,213045,1716849900000.0,0.001509999999999998,-3.184e-05,1331.0639394840148,1331.0715394840147,-0.01,15.92,0.05,15.769,long_nclose,0.7884500000000001,0.0005923456992649366,38.0
1716851160000.0,213066,1716851160000.0,0.001509999999999998,-3.184e-05,1331.0654176440148,1331.0702976440148,-0.01,15.92,0.04,15.769,long_nclose,0.63076,0.00047387603316780994,21.0
1716852780000.0,213093,1716852780000.0,0.0,-0.008542800000000001,1331.0568748440148,1331.1054948440149,2.7,15.82,2.74,15.819255474452556,long_ientry_partial,43.34476000000001,0.032564168232916066,27.0
1716861600000.0,213240,1716861600000.0,0.0,-0.008678966,1331.048195878015,1330.427955878015,2.81,15.443,5.55,15.628754954954957,long_rentry,86.73959,0.06516637809856536,147.0
1716872640000.0,213424,1716872640000.0,0.0,-0.008680672,1331.0395152060148,1328.7622052060149,2.86,15.176,8.41,15.474785969084422,long_rentry,130.14294999999998,0.09777542177615726,184.0
1716998760000.0,215526,1716998760000.0,0.0,-0.00866926,1331.0308459460148,1326.4225159460148,2.9,14.947,11.31,15.33945623342175,long_rentry,173.48925,0.1303420206439277,2102.0
