timestamp,trade_id,timestamp,pnl,fee_paid,balance,equity,qty,price,psize,pprice,type,pcost,wallet_exposure,mins_since_prev_fill
1672621560000.0,1506,1672621560000.0,0.0,-0.009996640000000001,999.99000336,999.8868033599999,68.8,0.7265,68.8,0.7265,long_ientry_normal,49.983200000000004,0.049983699669051466,
1672627500000.0,1605,1672627500000.0,0.03440000000000003,-0.00250604,1000.02189732,1000.15089732,-17.2,0.7285,51.6,0.7265,long_nclose,37.4874,0.03748657914438077,99.0
1672627860000.0,1611,1672627860000.0,0.025800000000000024,-0.0018795300000000001,1000.04581779,1000.14256779,-12.9,0.7285,38.7,0.7265,long_nclose,28.115550000000002,0.028114261866653792,6.0
1672631580000.0,1673,1672631580000.0,0.08255999999999951,-0.0018908820000000004,1000.126486908,1000.2941869079999,-12.9,0.7329,25.8,0.7265,long_nclose,18.7437,0.01874132946718389,62.0
1672633920000.0,1712,1672633920000.0,0.055039999999999666,-0.001260588,1000.1802663199999,1000.2920663199999,-8.6,0.7329,17.2,0.7265,long_nclose,12.495800000000001,0.012493547834108203,39.0
1672638780000.0,1793,1672638780000.0,0.09201999999999941,-0.001267984,1000.2710183359999,1000.3699183359998,-8.6,0.7372,8.6,0.7265,long_nclose,6.2479000000000005,0.006246207163328285,81.0
1672638960000.0,1796,1672638960000.0,0.046009999999999704,-0.000633992,1000.316394344,1000.3658443439999,-4.3,0.7372,4.3,0.7265,long_nclose,3.1239500000000002,0.0031229619125143536,3.0
1672643640000.0,1874,1672643640000.0,0.022469999999999858,-0.000309624,1000.3385547199999,1000.3858547199999,-2.1,0.7372,2.2,0.7265,long_nclose,1.5983000000000003,0.0015977590711250482,78.0
1672643640000.0,1874,1672643640000.0,0.03300000000000003,-0.00032626000000000004,1000.37122846,1000.37122846,-2.2,0.7415,0.0,0.7265,long_nclose,0.0,0.0,0.0
1672709040000.0,2964,1672709040000.0,0.0,-0.010001926,1000.361226534,1000.341096534,67.1,0.7453,67.1,0.7453,long_ientry_normal,50.009629999999994,0.04999157171781915,1090.0
1672725720000.0,3242,1672725720000.0,0.035069999999999844,-0.002496316,1000.393800218,1000.529880218,-16.7,0.7474,50.4,0.7453,long_nclose,37.56312,0.03754833345809866,278.0
1672733340000.0,3369,1672733340000.0,0.0,-0.002487966,1000.391312252,1000.310762252,16.7,0.7449,67.1,0.7452004470938898,long_ientry_partial,50.00295,0.04998339088674951,127.0
1672739100000.0,3465,1672739100000.0,0.035062533532040197,-0.002495982,1000.423878803532,1000.56497627,-16.7,0.7473,50.4,0.7452004470938898,long_nclose,37.55810253353204,0.03754218919529397,96.0
1672739400000.0,3470,1672739400000.0,0.026454366616988412,-0.001883196,1000.4484499741491,1000.5542730740001,-12.6,0.7473,37.8,0.7452004470938898,long_nclose,28.16857690014903,0.028155950364935733,5.0
1672740300000.0,3485,1672740300000.0,0.0197357973174358,-0.001404924,1000.4667808474666,1000.5462881500001,-9.4,0.7473,28.4,0.7452004470938898,long_nclose,21.16369269746647,0.02115381850013982,15.0
1672742100000.0,3515,1672742100000.0,0.014906825633382359,-0.0010611659999999999,1000.4806265070999,1000.540256984,-7.1,0.7473,21.3,0.7452004470938898,long_nclose,15.872769523099853,0.01586514431420348,30.0
1672743780000.0,3543,1672743780000.0,0.011127630402384014,-0.000792138,1000.4909619995024,1000.5357548460001,-5.3,0.7473,16.0,0.7452004470938898,long_nclose,11.923207153502236,0.011917356184481122,28.0
1672745280000.0,3568,1672745280000.0,0.008398211624440766,-0.00059784,1000.4987623711269,1000.5323570060002,-4.0,0.7473,12.0,0.7452004470938898,long_nclose,8.942405365126678,0.008937947453261881,25.0
1672745580000.0,3573,1672745580000.0,0.006298658718330574,-0.00044837999999999996,1000.5046126498453,1000.5388086260003,-3.0,0.7473,9.0,0.7452004470938898,long_nclose,6.706804023845008,0.006703421392613052,5.0
1672746240000.0,3584,1672746240000.0,0.0,-0.008659224,1000.4959534258453,1000.5496294020003,58.1,0.7452,67.1,0.745200059967884,long_ientry_partial,50.00292402384501,0.04997813719548554,11.0
1672755000000.0,3730,1672755000000.0,0.03506899853633718,-0.002495982,1000.5285264423816,1000.6192434200002,-16.7,0.7473,50.4,0.745200059967884,long_nclose,37.55808302238135,0.0375382430683192,146.0
1672755240000.0,3734,1672755240000.0,0.026459244404661585,-0.001883196,1000.5531024907863,1000.6589402240003,-12.6,0.7473,37.8,0.745200059967884,long_nclose,28.16856226678601,0.028152990777463912,4.0
1672755900000.0,3745,1672755900000.0,0.01973943630189039,-0.001404924,1000.5714370030881,1000.6225553000003,-9.4,0.7473,28.4,0.745200059967884,long_nclose,21.163681703087903,0.021151594899088234,11.0
1672756140000.0,3749,1672756140000.0,0.014909574228023591,-0.0010611659999999999,1000.5852854113161,1000.6449241340002,-7.1,0.7473,21.3,0.745200059967884,long_nclose,15.872761277315929,0.0158634766158799,4.0
1672756500000.0,3755,1672756500000.0,0.011129682170214794,-0.000792138,1000.5956229554864,1000.6244219960003,-5.3,0.7473,16.0,0.745200059967884,long_nclose,11.923200959486143,0.011916103454728556,6.0
1672756800000.0,3760,1672756800000.0,0.008399760128463996,-0.00059784,1000.6034248756149,1000.6370241560003,-4.0,0.7473,12.0,0.745200059967884,long_nclose,8.942400719614607,0.008937007906730118,5.0
1672757220000.0,3767,1672757220000.0,0.006299820096347997,-0.00044837999999999996,1000.6092763157113,1000.6344757760004,-3.0,0.7473,9.0,0.745200059967884,long_nclose,6.706800539710955,0.006702716733154522,7.0
1672757400000.0,3770,1672757400000.0,0.0,-0.008658062,1000.6006182537113,1000.6601077140003,58.1,0.7451,67.1,0.7451134208600739,long_ientry_partial,49.99711053971096,0.04996709938773368,3.0
1672795200000.0,4400,1672795200000.0,0.034845871636765,-0.002495648,1000.6329684773481,1000.7784520660003,-16.7,0.7472,50.4,0.7451134208600739,long_nclose,37.55371641134772,0.037529961128996966,630.0
1672800900000.0,4495,1672800900000.0,0.026290897163068205,-0.001882944,1000.6573764305111,1000.8042891220003,-12.6,0.7472,37.8,0.7451134208600739,long_nclose,28.16528730851079,0.02814678427593311,95.0
1672801620000.0,4507,1672801620000.0,0.0817308971630691,-0.0018940320000000001,1000.7372132956742,1000.9611550900004,-12.6,0.7516,25.2,0.7451134208600739,long_nclose,18.77685820567386,0.018763025853547548,12.0
1672801860000.0,4511,1672801860000.0,0.0544872647753794,-0.0012626880000000003,1000.7904378724496,1000.8893324020004,-8.4,0.7516,16.8,0.7451134208600739,long_nclose,12.517905470449243,0.012508018658792027,4.0
1672801980000.0,4513,1672801980000.0,0.03632484318358626,-0.0008417920000000001,1000.8259209236332,1000.9142506100004,-5.6,0.7516,11.2,0.7451134208600739,long_nclose,8.345270313632827,0.008338383468257117,2.0
1672802760000.0,4526,1672802760000.0,0.02400034281772664,-0.0005561840000000001,1000.8493650824511,1000.9010144260005,-3.7,0.7516,7.5,0.7451134208600739,long_nclose,5.5883506564505545,0.005583608134666879,13.0
1672803600000.0,4540,1672803600000.0,0.016216447849815296,-0.00037580000000000003,1000.8652057303009,1000.8996386260005,-2.5,0.7516,5.0,0.7451134208600739,long_nclose,3.7255671043003695,0.0037223465087708155,14.0
1672803780000.0,4543,1672803780000.0,0.01037852662388179,-0.00024051200000000002,1000.8753437449247,1000.8987581140005,-1.6,0.7516,3.4,0.7451134208600739,long_nclose,2.5333856309242515,0.0025311699871086945,3.0
1672805040000.0,4564,1672805040000.0,0.018677184537874314,-0.000257074,1000.8937638554626,1000.9139710400004,-1.7,0.7561,1.7,0.7451134208600739,long_nclose,1.2666928154621258,0.001265561702155881,21.0
1672805400000.0,4570,1672805400000.0,0.008789263311940854,-0.00012097600000000003,1000.9024321427746,1000.9122300640006,-0.8,0.7561,0.9,0.7451134208600739,long_nclose,0.6706020787740665,0.0006699974515382214,6.0
1672807200000.0,4600,1672807200000.0,0.004394631655970427,-6.0488000000000014e-05,1000.9067662864305,1000.9122095760005,-0.4,0.7561,0.5,0.7451134208600739,long_nclose,0.37255671043003696,0.0003722191946131994,30.0
1672809300000.0,4635,1672809300000.0,0.0006486579139926119,-1.5032000000000001e-05,1000.9073999123445,1000.9101545440005,-0.1,0.7516,0.4,0.7451134208600739,long_nclose,0.29804536834402956,0.00029777516718342895,35.0
1672809600000.0,4640,1672809600000.0,0.0006486579139926119,-1.5032000000000001e-05,1000.9080335382586,1000.9100995120006,-0.1,0.7516,0.3,0.7451134208600739,long_nclose,0.22353402625802218,0.0002233312340074028,5.0
1672812300000.0,4685,1672812300000.0,0.0010986579139926067,-1.5122000000000004e-05,1000.9091170741725,1000.9114943900005,-0.1,0.7561,0.2,0.7451134208600739,long_nclose,0.14902268417201478,0.00014888732815985674,45.0
1672813020000.0,4697,1672813020000.0,0.0010986579139926067,-1.5122000000000004e-05,1000.9102006100865,1000.9112892680005,-0.1,0.7561,0.1,0.7451134208600739,long_nclose,0.07451134208600739,7.444358349089695e-05,12.0
1672813320000.0,4702,1672813320000.0,0.0010986579139926067,-1.5122000000000004e-05,1000.9112841460004,1000.9112841460004,-0.1,0.7561,0.0,0.7451134208600739,long_nclose,0.0,0.0,5.0
1672837020000.0,5097,1672837020000.0,0.0,-0.010004440000000002,1000.9012797060004,1000.9280797060004,67.0,0.7466,67.0,0.7466,long_ientry_normal,50.022200000000005,0.049977156602990125,395.0
1672838700000.0,5125,1672838700000.0,0.035069999999999844,-0.0025006580000000002,1000.9338490480004,1001.0545690480004,-16.7,0.7487,50.3,0.7466,long_nclose,37.55398,0.03751894297082472,28.0
1672840500000.0,5155,1672840500000.0,0.026249999999999885,-0.0018717500000000001,1000.9582272980005,1001.0489472980005,-12.5,0.7487,37.8,0.7466,long_nclose,28.22148,0.02819446329561767,30.0
1672840860000.0,5161,1672840860000.0,0.019739999999999914,-0.0014075560000000001,1000.9765597420004,1001.0447197420004,-9.4,0.7487,28.4,0.7466,long_nclose,21.20344,0.021182753775438202,6.0
1672842420000.0,5187,1672842420000.0,0.06109999999999954,-0.001415828,1001.0362439140005,1001.1768439140004,-9.4,0.7531,19.0,0.7466,long_nclose,14.185400000000001,0.014170715682117377,26.0
1672842600000.0,5190,1672842600000.0,0.04094999999999969,-0.0009489060000000001,1001.0762450080005,1001.1702250080004,-6.3,0.7531,12.7,0.7466,long_nclose,9.48182,0.009471626209574301,3.0
1672842900000.0,5195,1672842900000.0,0.027299999999999793,-0.000632604,1001.1029124040004,1001.1658124040005,-4.2,0.7531,8.5,0.7466,long_nclose,6.346100000000001,0.006339108518584549,5.0
1672843140000.0,5199,1672843140000.0,0.01819999999999986,-0.000421736,1001.1206906680004,1001.1571706680004,-2.8,0.7531,5.7,0.7466,long_nclose,4.25562,0.004250856105231854,4.0
1672843200000.0,5200,1672843200000.0,0.012349999999999904,-0.000286178,1001.1327544900004,1001.1608744900003,-1.9,0.7531,3.8,0.7466,long_nclose,2.83708,0.002833869921122771,1.0
1672843440000.0,5204,1672843440000.0,0.00779999999999994,-0.000180744,1001.1403737460004,1001.1570137460004,-1.2,0.7531,2.6,0.7466,long_nclose,1.9411600000000002,0.0019389488736096987,4.0
1672844700000.0,5225,1672844700000.0,0.0,-0.009622648000000001,1001.1307510980004,1001.1253510980004,64.4,0.7471,67.0,0.7470805970149255,long_ientry_partial,50.05440000000001,0.04999786485941255,21.0
1672846200000.0,5250,1672846200000.0,0.03539402985074439,-0.0025023280000000003,1001.1636427998511,1001.3607887700003,-16.7,0.7492,50.3,0.7470805970149255,long_nclose,37.57815402985075,0.03753447730558793,25.0
1672846440000.0,5254,1672846440000.0,0.02649253731343143,-0.001873,1001.1882623371645,1001.2986157700003,-12.5,0.7492,37.8,0.7470805970149255,long_nclose,28.23964656716418,0.028206130284869513,4.0
1672846620000.0,5257,1672846620000.0,0.08214447761193977,-0.0018990720000000001,1001.2685077427764,1001.4428766980002,-12.6,0.7536,25.2,0.7470805970149255,long_nclose,18.826431044776122,0.018802579826681806,3.0
1672847040000.0,5264,1672847040000.0,0.05476298507462651,-0.0012660480000000003,1001.3220046798509,1001.4382506500002,-8.4,0.7536,16.8,0.7470805970149255,long_nclose,12.550954029850748,0.012534383516183308,7.0
1672848120000.0,5282,1672848120000.0,0.036508656716417676,-0.000844032,1001.3576693045673,1001.4463666180001,-5.6,0.7536,11.2,0.7470805970149255,long_nclose,8.367302686567164,0.00835595805880048,18.0
1672848600000.0,5290,1672848600000.0,0.024121791044775964,-0.000557664,1001.381233431612,1001.4481289540001,-3.7,0.7536,7.5,0.7470805970149255,long_nclose,5.603104477611941,0.005595375957277312,8.0
1672849620000.0,5307,1672849620000.0,0.016298507462686462,-0.00037680000000000005,1001.3971551390747,1001.431752154,-2.5,0.7536,5.0,0.7470805970149255,long_nclose,3.7354029850746273,0.0037301913290894583,17.0
1672852080000.0,5348,1672852080000.0,0.010431044776119336,-0.00024115200000000004,1001.4073450318509,1001.4274710020002,-1.6,0.7536,3.4,0.7470805970149255,long_nclose,2.5400740298507465,0.002536504293135534,41.0
1672852440000.0,5354,1672852440000.0,0.007171343283582044,-0.00016579200000000003,1001.4143505831346,1001.4302652100002,-1.1,0.7536,2.3,0.7470805970149255,long_nclose,1.7182853731343284,0.0017158585475969582,6.0
1672855020000.0,5397,1672855020000.0,0.0045635820895522095,-0.000105504,1001.4188086612241,1001.4298797060003,-0.7,0.7536,1.6,0.7470805970149255,long_nclose,1.1953289552238808,0.0011936354149587934,43.0
1672855620000.0,5407,1672855620000.0,0.0032597014925372925,-7.536000000000001e-05,1001.4219930027167,1001.4307043460003,-0.5,0.7536,1.1,0.7470805970149255,long_nclose,0.8217886567164181,0.000820621738346612,10.0
1672858980000.0,5463,1672858980000.0,0.0,-0.009854208,1001.4121387947167,1001.4274101380004,65.8,0.7488,66.9,0.7487717287999464,long_ientry_partial,50.092828656716414,0.05002219038108258,56.0
1672859100000.0,5465,1672859100000.0,0.03554212904089604,-0.002508006,1001.4451729177576,1001.5570321320004,-16.7,0.7509,50.2,0.7487717287999464,long_nclose,37.58834078575731,0.03753409752452239,2.0
1672859340000.0,5469,1672859340000.0,0.0,-0.002500992,1001.4426719257576,1001.3905711400004,16.7,0.7488,66.9,0.7487787860352363,long_ientry_partial,50.093300785757314,0.05002113669615129,4.0
1672859700000.0,5475,1672859700000.0,0.03542427321155419,-0.002508006,1001.4755881929692,1001.6372931340004,-16.7,0.7509,50.2,0.7487787860352363,long_nclose,37.58869505896887,0.03753331134790087,6.0
1672860300000.0,5485,1672860300000.0,0.0,-0.002501326,1001.4730868669692,1001.4189618080003,16.7,0.7489,66.9,0.7488090442297288,long_ientry_partial,50.09532505896886,0.05002163883972978,10.0
1672875540000.0,5739,1672875540000.0,0.034918961363528796,-0.002508006,1001.5054978223327,1001.6656838020003,-16.7,0.7509,50.2,0.7488090442297288,long_nclose,37.59021402033239,0.037533707106020206,254.0
1672875720000.0,5742,1672875720000.0,0.02613694712838982,-0.0018772500000000002,1001.5297575194611,1001.6123565520003,-12.5,0.7509,37.7,0.7488090442297288,long_nclose,28.23010096746078,0.028186981720223353,3.0
1672876260000.0,5751,1672876260000.0,0.019654984240549147,-0.0014116920000000002,1001.5480008117016,1001.6383048600003,-9.4,0.7509,28.3,0.7488090442297288,long_nclose,21.191295951701328,0.02115854251072031,9.0
1672877100000.0,5765,1672877100000.0,0.06195498424054866,-0.001420152,1001.6085356439421,1001.7255447080003,-9.4,0.7554,18.9,0.7488090442297288,long_nclose,14.152490935941874,0.014129762708984028,14.0
1672877160000.0,5766,1672877160000.0,0.04152302135270814,-0.000951804,1001.6491068612949,1001.7397129040003,-6.3,0.7554,12.6,0.7488090442297288,long_nclose,9.434993957294584,0.009419460260748889,1.0
1672877760000.0,5776,1672877760000.0,0.06924302135270859,-0.000957348,1001.7173925346475,1001.7878955560002,-6.3,0.7598,6.3,0.7488090442297288,long_nclose,4.717496978647292,0.00470940907465987,10.0
1672881000000.0,5830,1672881000000.0,0.0,-0.009068184,1001.7083243506476,1001.7580073720003,60.6,0.7482,66.9,0.7482573539409161,long_ientry_partial,50.05841697864729,0.0499730468059127,54.0
1672881180000.0,5833,1672881180000.0,0.03411218918670089,-0.002506002,1001.7399305378342,1001.8776113700002,-16.7,0.7503,50.2,0.7482573539409161,long_nclose,37.56251916783399,0.03749727651134629,3.0
1672881660000.0,5841,1672881660000.0,0.10926218918670189,-0.002521032,1001.8466716950209,1002.0725503380002,-16.7,0.7548,33.5,0.7482573539409161,long_nclose,25.06662135702069,0.02502041686140511,8.0
1672882260000.0,5851,1672882260000.0,0.18441218918670102,-0.002536062,1002.0285478222075,1002.2258242760001,-16.7,0.7593,16.8,0.7482573539409161,long_nclose,12.570723546207391,0.012545274856218813,10.0
1672882500000.0,5855,1672882500000.0,0.09275822689630471,-0.0012756240000000002,1002.1200304251039,1002.2186686520002,-8.4,0.7593,8.4,0.7482573539409161,long_nclose,6.285361773103696,0.0062720648048891076,4.0
1672882740000.0,5859,1672882740000.0,0.046379113448152355,-0.0006378120000000001,1002.165771726552,1002.2108908400002,-4.2,0.7593,4.2,0.7482573539409161,long_nclose,3.142680886551848,0.0031358892662414245,4.0
1672882800000.0,5860,1672882800000.0,0.023189556724076178,-0.00031890600000000004,1002.1886423772761,1002.2112019340002,-2.1,0.7593,2.1,0.7482573539409161,long_nclose,1.571340443275924,0.0015679088515197814,1.0
1672882980000.0,5863,1672882980000.0,0.011042646059083894,-0.00015186,1002.1995331633352,1002.2102500740002,-1.0,0.7593,1.1,0.7482573539409161,long_nclose,0.8230830893350077,0.000821276664076099,3.0
1672883100000.0,5865,1672883100000.0,0.005521323029541947,-7.593e-05,1002.2049785563648,1002.2126241440003,-0.5,0.7593,0.6,0.7482573539409161,long_nclose,0.44895441236454964,0.0004479666554952162,2.0
1672884120000.0,5882,1672884120000.0,0.003312793817725168,-4.5558e-05,1002.2082457921825,1002.2114685860003,-0.3,0.7593,0.3,0.7482573539409161,long_nclose,0.22447720618227482,0.00022398259755370474,17.0
1672884240000.0,5884,1672884240000.0,0.0011042646059083894,-1.5186e-05,1002.2093348707884,1002.2116834000003,-0.1,0.7593,0.2,0.7482573539409161,long_nclose,0.14965147078818322,0.0001493215694378633,2.0
1672884960000.0,5896,1672884960000.0,0.0011042646059083894,-1.5186e-05,1002.2104239493943,1002.2115982140002,-0.1,0.7593,0.1,0.7482573539409161,long_nclose,0.07482573539409161,7.466070358680471e-05,12.0
1672885680000.0,5908,1672885680000.0,0.0015442646059083964,-1.5274000000000003e-05,1002.2119529400002,1002.2119529400002,-0.1,0.7637,0.0,0.7482573539409161,long_nclose,0.0,0.0,12.0
1672909680000.0,6308,1672909680000.0,0.0,-0.01002456,1002.2019283800001,1002.1356283800002,66.3,0.756,66.3,0.756,long_ientry_normal,50.1228,0.0500126756700823,400.0
1672910280000.0,6318,1672910280000.0,0.03464999999999985,-0.00250173,1002.2340766500002,1002.3834766500003,-16.5,0.7581,49.8,0.756,long_nclose,37.6488,0.03756487718502082,10.0
1672911300000.0,6335,1672911300000.0,0.026039999999999886,-0.001880088,1002.2582365620002,1002.3704365620002,-12.4,0.7581,37.4,0.756,long_nclose,28.2744,0.028210693580317543,17.0
1672911540000.0,6339,1672911540000.0,0.0,-0.004370258,1002.2538663040002,1002.2509763040002,28.9,0.7561,66.3,0.7560435897435898,long_ientry_partial,50.12569,0.05001296745788362,4.0
1672913760000.0,6376,1672913760000.0,0.035580769230768694,-0.00250206,1002.286945013231,1002.4341742440002,-16.5,0.7582,49.8,0.7560435897435898,long_nclose,37.65097076923077,0.03756506153907227,37.0
1672915200000.0,6400,1672915200000.0,0.026739487179486775,-0.0018803360000000002,1002.3118041644105,1002.4223739080003,-12.4,0.7582,37.4,0.7560435897435898,long_nclose,28.276030256410255,0.02821081238286215,24.0
1672915980000.0,6413,1672915980000.0,0.020054615384615084,-0.001410252,1002.3304485277952,1002.4135236560003,-9.3,0.7582,28.1,0.7560435897435898,long_nclose,21.244824871794872,0.0211954300131248,13.0
1672917900000.0,6445,1672917900000.0,0.015094871794871567,-0.0010614799999999998,1002.3444819195901,1002.4068621760003,-7.0,0.7582,21.1,0.7560435897435898,long_nclose,15.952519743589745,0.015915206828932774,32.0
1672918440000.0,6454,1672918440000.0,0.011213333333333164,-0.000788528,1002.3549067249234,1002.4019136480002,-5.2,0.7582,15.9,0.7560435897435898,long_nclose,12.021093076923078,0.01199285103137828,9.0
1672919820000.0,6477,1672919820000.0,0.0352789743589745,-0.0008084620000000001,1002.3893772372824,1002.4525151860003,-5.3,0.7627,10.6,0.7560435897435898,long_nclose,8.014062051282052,0.00799495907804796,23.0
1672920240000.0,6484,1672920240000.0,0.023297435897435992,-0.0005338900000000001,1002.4121407831798,1002.4615312960003,-3.5,0.7627,7.1,0.7560435897435898,long_nclose,5.367909487179487,0.005354992491397366,7.0
1672920660000.0,6491,1672920660000.0,0.01530974358974365,-0.000350842,1002.4270996847696,1002.4604904540004,-2.3,0.7627,4.8,0.7560435897435898,long_nclose,3.6290092307692308,0.003620222589663064,7.0
1672922040000.0,6514,1672922040000.0,0.010650256410256454,-0.00024406400000000003,1002.4375058771799,1002.4597663900004,-1.6,0.7627,3.2,0.7560435897435898,long_nclose,2.4193394871794873,0.0024134566723563,23.0
1672925340000.0,6569,1672925340000.0,0.0017251282051281792,-0.000121312,1002.439109693385,1002.4462050780004,-0.8,0.7582,2.4,0.7560435897435898,long_nclose,1.8145046153846154,0.0018100896082751759,55.0
1672925460000.0,6571,1672925460000.0,0.0012938461538461344,-9.098400000000001e-05,1002.4403125555389,1002.4456340940004,-0.6,0.7582,1.8,0.7560435897435898,long_nclose,1.3608784615384617,0.0013575655772154155,2.0
1672925580000.0,6573,1672925580000.0,0.0008625641025640896,-6.0656e-05,1002.4411144636415,1002.4452534380005,-0.4,0.7582,1.4,0.7560435897435898,long_nclose,1.0584610256410256,0.0010558834931739185,2.0
1672925880000.0,6578,1672925880000.0,0.0,-0.009808128,1002.4313063356415,1002.3132053100004,64.8,0.7568,66.2,0.7567840034084747,long_ientry_partial,50.099101025641026,0.049977590193962355,5.0
1672928820000.0,6627,1672928820000.0,0.034913943760167154,-0.00250437,1002.4637159094017,1002.5738509400005,-16.5,0.7589,49.7,0.7567840034084747,long_nclose,37.6121649694012,0.037519727021023096,49.0
1672929060000.0,6631,1672929060000.0,0.0,-0.00249678,1002.4612191294017,1002.4785541600005,16.5,0.7566,66.2,0.7567381415317401,long_ientry_partial,50.0960649694012,0.04997307029284152,4.0
1672930500000.0,6655,1672930500000.0,0.0340206647262884,-0.0025040400000000003,1002.492735754128,1002.5554501200005,-16.5,0.7588,49.7,0.7567381415317401,long_nclose,37.60988563412749,0.037516367244133035,24.0
1672930620000.0,6657,1672930620000.0,0.025567045006422796,-0.0018818240000000005,1002.5164209751345,1002.6007882960006,-12.4,0.7588,37.3,0.7567381415317401,long_nclose,28.226332679133904,0.028155481634583625,2.0
1672930740000.0,6659,1672930740000.0,0.0191752837548171,-0.0014113680000000003,1002.5341848908893,1002.5975169280006,-9.3,0.7588,28.0,0.7567381415317401,long_nclose,21.188667962888722,0.02113510769230756,2.0
1672930920000.0,6662,1672930920000.0,0.01443300927781932,-0.00106232,1002.5475555801671,1002.6160546080006,-7.0,0.7588,21.0,0.7567381415317401,long_nclose,15.891500972166543,0.01585111936457742,3.0
1672931880000.0,6678,1672931880000.0,0.010721664034951495,-0.0007891520000000001,1002.557488092202,1002.6090254560005,-5.2,0.7588,15.8,0.7567381415317401,long_nclose,11.956462636201495,0.0119259621300658,16.0
1672934940000.0,6729,1672934940000.0,0.00804124802621362,-0.000591864,1002.5649374762282,1002.5918535920006,-3.9,0.7588,11.9,0.7567381415317401,long_nclose,9.005183884227709,0.008982145243276304,51.0
1672935180000.0,6733,1672935180000.0,0.005979389557953718,-0.000440104,1002.5704767617863,1002.5998334880006,-2.9,0.7588,9.0,0.7567381415317401,long_nclose,6.8106432737856615,0.006793181558451068,4.0
1672935720000.0,6742,1672935720000.0,0.0,-0.008658936,1002.5618178257863,1002.5698945520006,57.2,0.7569,66.2,0.756877995072291,long_ientry_partial,50.10532327378567,0.0499772905599447,9.0
1672937040000.0,6764,1672937040000.0,0.0350130813071981,-0.0025047000000000003,1002.5943262070934,1002.7991898520006,-16.5,0.759,49.7,0.756877995072291,long_nclose,37.616836355092865,0.03751949853676194,22.0
1672938300000.0,6785,1672938300000.0,0.026312861103591302,-0.00188232,1002.618756748197,1002.7352075320006,-12.4,0.759,37.3,0.756877995072291,long_nclose,28.231549216196452,0.028157810759256195,21.0
1672938480000.0,6788,1672938480000.0,0.01973464582769348,-0.0014117400000000003,1002.6370796540248,1002.7244957920007,-9.3,0.759,28.0,0.756877995072291,long_nclose,21.19258386202415,0.021136844319917806,3.0
1672938840000.0,6794,1672938840000.0,0.014854034493962831,-0.0010626,1002.6508710885188,1002.6954331920007,-7.0,0.759,21.0,0.756877995072291,long_nclose,15.894437896518111,0.0158524151874146,6.0
1672940460000.0,6821,1672940460000.0,0.0,-0.00684328,1002.6440278085188,1002.5803899120007,45.2,0.757,66.2,0.756961297530485,long_ientry_partial,50.11083789651811,0.04997869284280831,27.0
1672942920000.0,6862,1672942920000.0,0.035288590746997084,-0.00250503,1002.6768113692658,1002.8278348820007,-16.5,0.7591,49.7,0.756961297530485,long_nclose,37.62097648726511,0.03752054107633098,41.0
1672943220000.0,6867,1672943220000.0,0.02651991062198569,-0.0018825680000000003,1002.7014487118878,1002.8147923140007,-12.4,0.7591,37.3,0.756961297530485,long_nclose,28.23465639788709,0.028158587418177675,5.0
1672943340000.0,6869,1672943340000.0,0.019889932966489266,-0.0014119260000000002,1002.7199267188544,1002.8050103880008,-9.3,0.7591,28.0,0.756961297530485,long_nclose,21.19491633085358,0.02113742408631346,2.0
1672945200000.0,6900,1672945200000.0,0.014970917286604823,-0.00106274,1002.733834896141,1002.7766476480009,-7.0,0.7591,21.0,0.756961297530485,long_nclose,15.896187248140185,0.01585284817858634,31.0
1672947540000.0,6939,1672947540000.0,0.01112125284147787,-0.000789464,1002.7441666849825,1002.7763781840008,-5.2,0.7591,15.8,0.756961297530485,long_nclose,11.959988500981664,0.011927258116614863,39.0
1672948380000.0,6953,1672948380000.0,0.008340939631108402,-0.000592098,1002.7519155266136,1002.7880760860008,-3.9,0.7591,11.9,0.756961297530485,long_nclose,9.007839440612772,0.008983118656903427,14.0
1672948800000.0,6960,1672948800000.0,0.006202237161593426,-0.000440278,1002.7576774857752,1002.7850258080008,-2.9,0.7591,9.0,0.756961297530485,long_nclose,6.812651677774365,0.006793916247897297,7.0
1672949340000.0,6969,1672949340000.0,0.004705145432932945,-0.00033400400000000005,1002.7620486272081,1002.7827118040008,-2.2,0.7591,6.8,0.756961297530485,long_nclose,5.147336823207298,0.005133158789020842,9.0
1672949760000.0,6976,1672949760000.0,0.003635794198175457,-0.000258094,1002.7654263274063,1002.7809237100008,-1.7,0.7591,5.1,0.756961297530485,long_nclose,3.8605026174054733,0.0038498561239236483,7.0
1672950120000.0,6982,1672950120000.0,0.0,-0.009251762000000002,1002.7561745654064,1002.7502619480009,61.1,0.7571,66.2,0.7570893144623183,long_ientry_partial,50.11931261740548,0.049981554727526,6.0
1672987800000.0,7610,1672987800000.0,0.0,-0.01374844,1002.7424261254064,1000.9871135080009,94.0,0.7313,160.2,0.7419570075992852,long_rentry,118.86151261740548,0.11853643520069855,628.0
1673012700000.0,8025,1673012700000.0,0.08171969602859264,-0.005952,1002.818193821435,1003.183961508001,-40.0,0.744,120.2,0.7419570075992852,long_nclose,89.18323231343408,0.08893260300113215,415.0
1673019600000.0,8140,1673019600000.0,0.06128977202144448,-0.004464,1002.8750195934565,1003.149497508001,-30.0,0.744,90.2,0.7419570075992852,long_nclose,66.92452208545552,0.06673266436787433,115.0
1673019780000.0,8143,1673019780000.0,0.04596732901608336,-0.003348,1002.9176389224726,1003.123649508001,-22.5,0.744,67.7,0.7419570075992852,long_nclose,50.230489414471606,0.050084361332440895,3.0
1673019900000.0,8145,1673019900000.0,0.03452657157208039,-0.00251472,1002.9496507740447,1003.104234788001,-16.9,0.744,50.8,0.7419570075992852,long_nclose,37.69141598604369,0.03758056643915739,2.0
1673020440000.0,8154,1673020440000.0,0.025946003489078162,-0.0018897599999999999,1002.9737070175337,1003.0515450280009,-12.7,0.744,38.1,0.7419570075992852,long_nclose,28.268561989532767,0.028184748804226216,9.0
1673020680000.0,8158,1673020680000.0,0.01940842780679075,-0.0014135999999999999,1002.9917018453405,1003.0787314280009,-9.5,0.744,28.6,0.7419570075992852,long_nclose,21.219970417339557,0.02115667595085611,4.0
1673021220000.0,8167,1673021220000.0,0.014505246045075193,-0.00105648,1003.0051506113855,1003.0705749480009,-7.1,0.744,21.5,0.7419570075992852,long_nclose,15.952075663384631,0.015904280903902623,9.0
1673022300000.0,8185,1673022300000.0,0.010827859723788524,-0.0007886400000000001,1003.0151898311093,1003.0482863080009,-5.3,0.744,16.2,0.7419570075992852,long_nclose,12.019703523108419,0.011983570782345113,18.0
1673022780000.0,8193,1673022780000.0,0.008171969602859264,-0.0005952,1003.0227666007121,1003.0598911080008,-4.0,0.744,12.2,0.7419570075992852,long_nclose,9.051875492711279,0.009024596244598195,8.0
1673024220000.0,8217,1673024220000.0,0.0257719696028591,-0.00059872,1003.047939850315,1003.0974923880008,-4.0,0.7484,8.2,0.7419570075992852,long_nclose,6.084047462314138,0.006065560000274824,24.0
1673024280000.0,8218,1673024280000.0,0.017396079481929894,-0.00040413600000000004,1003.0649317937969,1003.0981682520008,-2.7,0.7484,5.5,0.7419570075992852,long_nclose,4.080763541796069,0.004068294496646767,1.0
1673024400000.0,8220,1673024400000.0,0.011597386321286596,-0.000269424,1003.0762597561182,1003.0986188280009,-1.8,0.7484,3.7,0.7419570075992852,long_nclose,2.7452409281173553,0.0027368217534974025,2.0
1673024460000.0,8221,1673024460000.0,0.0077315908808577305,-0.00017961599999999998,1003.0838117309992,1003.1014192120009,-1.2,0.7484,2.5,0.7419570075992852,long_nclose,1.8548925189982128,0.0018491899652904042,1.0
1673024580000.0,8223,1673024580000.0,0.00515439392057182,-0.00011974400000000001,1003.0888463809197,1003.1008194680009,-0.8,0.7484,1.7,0.7419570075992852,long_nclose,1.2613269129187847,0.0012574428650757822,2.0
1673025780000.0,8243,1673025780000.0,0.0032214962003573877,-7.484e-05,1003.09199303712,1003.1004446280009,-0.5,0.7484,1.2,0.7419570075992852,long_nclose,0.8903484091191421,0.000887603943904868,20.0
1673026200000.0,8250,1673026200000.0,0.00257719696028591,-5.9872000000000005e-05,1003.0945103620803,1003.1001447560009,-0.4,0.7484,0.8,0.7419570075992852,long_nclose,0.5935656060794282,0.0005917344776068735,7.0
1673027820000.0,8277,1673027820000.0,0.0004085984801429632,-2.9760000000000003e-05,1003.0948892005605,1003.096714996001,-0.2,0.744,0.6,0.7419570075992852,long_nclose,0.4451742045595711,0.0004438006905950472,27.0
1673028360000.0,8286,1673028360000.0,0.001288598480142955,-2.9936000000000003e-05,1003.0961478630406,1003.098965060001,-0.2,0.7484,0.4,0.7419570075992852,long_nclose,0.2967828030397141,0.0002958667558159498,9.0
1673028900000.0,8295,1673028900000.0,0.0006442992400714775,-1.4968000000000001e-05,1003.0967771942808,1003.0988900920009,-0.1,0.7484,0.3,0.7419570075992852,long_nclose,0.22258710227978554,0.00022189992764444367,9.0
1673032680000.0,8358,1673032680000.0,0.0006442992400714775,-1.4968000000000001e-05,1003.0974065255209,1003.098815124001,-0.1,0.7484,0.2,0.7419570075992852,long_nclose,0.14839140151985705,0.0001479331922847332,63.0
1673033460000.0,8371,1673033460000.0,0.0010942992400714835,-1.5058000000000002e-05,1003.098485766761,1003.099590066001,-0.1,0.7529,0.1,0.7419570075992852,long_nclose,0.07419570075992853,7.396651656114693e-05,13.0
1673033820000.0,8377,1673033820000.0,0.0010942992400714835,-1.5058000000000002e-05,1003.099565008001,1003.099565008001,-0.1,0.7529,0.0,0.7419570075992852,long_nclose,0.0,0.0,6.0
1673138100000.0,10115,1673138100000.0,0.0,-0.010036332000000002,1003.089528676001,1003.102668676001,65.7,0.7638,65.7,0.7638,long_ientry_normal,50.18166000000001,0.05002709984046572,1738.0
1673140020000.0,10147,1673140020000.0,0.034439999999999846,-0.002512152,1003.121456524001,1003.2792165240011,-16.4,0.7659,49.3,0.7638,long_nclose,37.65534,0.03753816624607217,32.0
1673141940000.0,10179,1673141940000.0,0.0,-0.002505264,1003.118951260001,1003.0663912600011,16.4,0.7638,65.7,0.7638,long_ientry_partial,50.18166000000001,0.05002563249051138,32.0
1673142480000.0,10188,1673142480000.0,0.034439999999999846,-0.002512152,1003.150879108001,1003.2593391080011,-16.4,0.7659,49.3,0.7638,long_nclose,37.65534,0.03753706524534278,9.0
1673145960000.0,10246,1673145960000.0,0.025829999999999888,-0.0018841140000000003,1003.1748249940011,1003.2562249940012,-12.3,0.7659,37.0,0.7638,long_nclose,28.2606,0.028171161492383936,58.0
1673146320000.0,10252,1673146320000.0,0.0,-0.004384786,1003.1704402080012,1003.2464102080012,28.7,0.7639,65.7,0.7638436834094369,long_ientry_partial,50.18453,0.050025925793422056,6.0
1673149020000.0,10297,1673149020000.0,0.03536359208523558,-0.0025124799999999997,1003.2032913200865,1003.3588977280012,-16.4,0.766,49.3,0.7638436834094369,long_nclose,37.65749359208524,0.037537250842282245,45.0
1673150460000.0,10321,1673150460000.0,0.10916359208523473,-0.00252724,1003.3099276721717,1003.5453704880013,-16.4,0.7705,32.9,0.7638436834094369,long_nclose,25.13045718417047,0.02504755160000945,24.0
1673150940000.0,10329,1673150940000.0,0.07255385083713772,-0.0016796900000000002,1003.380801833009,1003.5162407980014,-10.9,0.7705,22.0,0.7638436834094369,long_nclose,16.804561035007612,0.016747939570209525,8.0
1673151000000.0,10330,1673151000000.0,0.048591111111110585,-0.0011249300000000001,1003.4282680141201,1003.5334658680014,-7.3,0.7705,14.7,0.7638436834094369,long_nclose,11.228502146118721,0.011190139349313922,1.0
1673151900000.0,10345,1673151900000.0,0.03261595129375916,-0.00075509,1003.460128875414,1003.5204607780015,-4.9,0.7705,9.8,0.7638436834094369,long_nclose,7.485668097412482,0.007459856034142316,15.0
1673151960000.0,10346,1673151960000.0,0.0213002130898019,-0.0004931200000000001,1003.4809359685038,1003.5281676580015,-3.2,0.7705,6.6,0.7638436834094369,long_nclose,5.041368310502283,0.005023880504153908,1.0
1673154300000.0,10385,1673154300000.0,0.014643896499238808,-0.00033902000000000004,1003.4952408450031,1003.5267286380016,-2.2,0.7705,4.4,0.7638436834094369,long_nclose,3.3609122070015225,0.0033492059256518577,39.0
1673155260000.0,10401,1673155260000.0,0.009318843226788331,-0.00021573999999999996,1003.5043439482298,1003.5258128980015,-1.4,0.7705,3.0,0.7638436834094369,long_nclose,2.2915310502283104,0.002283528779967622,16.0
1673155500000.0,10405,1673155500000.0,0.006656316590563094,-0.0001541,1003.5108461648204,1003.5251587980015,-1.0,0.7705,2.0,0.7638436834094369,long_nclose,1.5276873668188737,0.0015223426559437113,4.0
1673155860000.0,10411,1673155860000.0,0.003993789954337856,-9.245999999999999e-05,1003.5147474947747,1003.5247663380015,-0.6,0.7705,1.4,0.7638436834094369,long_nclose,1.0693811567732114,0.001065635716308972,6.0
1673158500000.0,10455,1673158500000.0,0.0026625266362252376,-6.164000000000001e-05,1003.5173483814109,1003.5245046980015,-0.4,0.7705,1.0,0.7638436834094369,long_nclose,0.7638436834094369,0.0007611663960184171,44.0
1673159820000.0,10477,1673159820000.0,0.001996894977168928,-4.6229999999999996e-05,1003.5192990463881,1003.5243084680015,-0.3,0.7705,0.7,0.7638436834094369,long_nclose,0.5346905783866057,0.0005328154415113938,22.0
1673167080000.0,10598,1673167080000.0,0.0013312633181126188,-3.0820000000000006e-05,1003.5205994897062,1003.5241776480015,-0.2,0.7705,0.5,0.7638436834094369,long_nclose,0.38192184170471843,0.00038058196503283246,121.0
1673168160000.0,10616,1673168160000.0,0.0006656316590563094,-1.5410000000000003e-05,1003.5212497113654,1003.5241122380016,-0.1,0.7705,0.4,0.7638436834094369,long_nclose,0.3055374733637748,0.00030446537475081276,18.0
1673169000000.0,10630,1673169000000.0,0.0006656316590563094,-1.5410000000000003e-05,1003.5218999330245,1003.5240468280017,-0.1,0.7705,0.3,0.7638436834094369,long_nclose,0.22915310502283104,0.00022834888310671128,14.0
1673169180000.0,10633,1673169180000.0,0.0006656316590563094,-1.5410000000000003e-05,1003.5225501546837,1003.5239814180018,-0.1,0.7705,0.2,0.7638436834094369,long_nclose,0.1527687366818874,0.00015223249010033656,3.0
1673169540000.0,10639,1673169540000.0,0.0006656316590563094,-1.5410000000000003e-05,1003.5232003763429,1003.523916008002,-0.1,0.7705,0.1,0.7638436834094369,long_nclose,0.0763843683409437,7.61161957314967e-05,6.0
1673172240000.0,10684,1673172240000.0,0.0006656316590563094,-1.5410000000000003e-05,1003.523850598002,1003.523850598002,-0.1,0.7705,0.0,0.7638436834094369,long_nclose,0.0,0.0,45.0
1673178900000.0,10795,1673178900000.0,0.0,-0.010041149999999999,1003.513809448002,1003.481059448002,65.5,0.7665,65.5,0.7665,long_ientry_normal,50.205749999999995,0.050029954273988944,111.0
1673180340000.0,10819,1673180340000.0,0.03422999999999985,-0.002505636,1003.545533812002,1003.668533812002,-16.3,0.7686,49.2,0.7665,long_nclose,37.7118,0.03757856393097624,24.0
1673181960000.0,10846,1673181960000.0,0.0,-0.0024987900000000003,1003.543035022002,1003.5757850220019,16.3,0.7665,65.5,0.7665,long_ientry_partial,50.205749999999995,0.050028497282031625,27.0
1673188800000.0,10960,1673188800000.0,0.03422999999999985,-0.002505636,1003.5747593860019,1003.7961593860019,-16.3,0.7686,49.2,0.7665,long_nclose,37.7118,0.03757746958788849,114.0
1673192760000.0,11026,1673192760000.0,0.10988000000000063,-0.002536096,1003.6821032900019,1003.895303290002,-16.4,0.7732,32.8,0.7665,long_nclose,25.141199999999998,0.025048967115771863,66.0
1673192940000.0,11029,1673192940000.0,0.07303000000000043,-0.001685576,1003.7534477140019,1003.917697714002,-10.9,0.7732,21.9,0.7665,long_nclose,16.78635,0.016723578920929304,3.0
1673193120000.0,11032,1673193120000.0,0.04891000000000029,-0.001128872,1003.8012288420019,1003.910728842002,-7.3,0.7732,14.6,0.7665,long_nclose,11.1909,0.011148521916943623,3.0
1673194920000.0,11062,1673194920000.0,0.03216000000000019,-0.000742272,1003.8326465700019,1003.9061465700019,-4.8,0.7732,9.8,0.7665,long_nclose,7.5117,0.007483020228189177,30.0
1673200680000.0,11158,1673200680000.0,0.005039999999999978,-0.000368928,1003.837317642002,1003.855817642002,-2.4,0.7686,7.4,0.7665,long_nclose,5.6721,0.0056504175530390464,96.0
1673201040000.0,11164,1673201040000.0,0.0037799999999999835,-0.000276696,1003.8408209460019,1003.854820946002,-1.8,0.7686,5.6,0.7665,long_nclose,4.2924,0.004275976738976323,6.0
1673205300000.0,11235,1673205300000.0,0.01206000000000007,-0.00027835200000000005,1003.852602594002,1003.881102594002,-1.8,0.7732,3.8,0.7665,long_nclose,2.9126999999999996,0.002901521590394294,71.0
1673206440000.0,11254,1673206440000.0,0.008040000000000047,-0.000185568,1003.860457026002,1003.879957026002,-1.2,0.7732,2.6,0.7665,long_nclose,1.9929,0.001985236081421205,19.0
1673206560000.0,11256,1673206560000.0,0.005360000000000031,-0.000123712,1003.865693314002,1003.879193314002,-0.8,0.7732,1.8,0.7665,long_nclose,1.3797,0.0013743870412039668,2.0
1673208180000.0,11283,1673208180000.0,0.01017000000000008,-0.00014000400000000002,1003.8757233100021,1003.8860733100021,-0.9,0.7778,0.9,0.7665,long_nclose,0.68985,0.0006871866546641956,27.0
1673208600000.0,11290,1673208600000.0,0.014220000000000033,-0.000140814,1003.8898024960021,1003.8898024960021,-0.9,0.7823,0.0,0.7665,long_nclose,0.0,0.0,7.0
1673289540000.0,12639,1673289540000.0,0.0,-0.0100453,1003.8797571960021,1004.0974571960021,62.2,0.8075,62.2,0.8075,long_ientry_normal,50.2265,0.05003238648848813,1349.0
1673289660000.0,12641,1673289660000.0,0.034099999999999686,-0.00251007,1003.911347126002,1003.9813971260021,-15.5,0.8097,46.7,0.8075,long_nclose,37.71025,0.037563326789717966,2.0
1673289840000.0,12644,1673289840000.0,0.0,-0.00250325,1003.908843876002,1003.9399438760021,15.5,0.8075,62.2,0.8075,long_ientry_partial,50.2265,0.050030936878770776,3.0
1673289900000.0,12645,1673289900000.0,0.034099999999999686,-0.00251007,1003.940433806002,1004.103883806002,-15.5,0.8097,46.7,0.8075,long_nclose,37.71025,0.037562238485642066,1.0
1673290500000.0,12655,1673290500000.0,0.025519999999999765,-0.001878504,1003.964075302002,1004.122025302002,-11.6,0.8097,35.1,0.8075,long_nclose,28.34325,0.02823133884693442,10.0
1673291220000.0,12667,1673291220000.0,0.019139999999999824,-0.001408878,1003.981806424002,1004.047806424002,-8.7,0.8097,26.4,0.8075,long_nclose,21.317999999999998,0.02123345250242211,12.0
1673291760000.0,12676,1673291760000.0,0.062479999999999966,-0.0014336960000000001,1004.042852728002,1004.174852728002,-8.8,0.8146,17.6,0.8075,long_nclose,14.212000000000002,0.014154774331977713,9.0
1673291880000.0,12678,1673291880000.0,0.041179999999999974,-0.0009449360000000001,1004.0830877920021,1004.171587792002,-5.8,0.8146,11.8,0.8075,long_nclose,9.528500000000001,0.009489752507387964,2.0
1673292720000.0,12692,1673292720000.0,0.027689999999999982,-0.0006353880000000001,1004.1101424040021,1004.1693924040021,-3.9,0.8146,7.9,0.8075,long_nclose,6.37925,0.006353137699343464,14.0
1673294340000.0,12719,1673294340000.0,0.0041799999999999615,-0.000307686,1004.1140147180021,1004.1230147180021,-1.9,0.8097,6.0,0.8075,long_nclose,4.845,0.004825149264907613,27.0
1673294400000.0,12720,1673294400000.0,0.0032999999999999696,-0.00024291000000000002,1004.117071808002,1004.1373218080021,-1.5,0.8097,4.5,0.8075,long_nclose,3.63375,0.003618850930855214,1.0
1673294580000.0,12723,1673294580000.0,0.0,-0.009307008,1004.1077648000021,1004.0536748000021,57.6,0.8079,62.1,0.8078710144927536,long_ientry_partial,50.168789999999994,0.04996355148193939,3.0
1673309400000.0,12970,1673309400000.0,0.0345492753623205,-0.0025113100000000005,1004.1398027653644,1004.2390134900021,-15.5,0.8101,46.6,0.8078710144927536,long_nclose,37.646789275362316,0.0374915815224976,247.0
1673309940000.0,12979,1673309940000.0,0.02585623188405921,-0.0018794319999999999,1004.1637795652484,1004.2382940580021,-11.6,0.8101,35.0,0.8078710144927536,long_nclose,28.275485507246376,0.028158240799611607,9.0
1673310240000.0,12984,1673310240000.0,0.019392173913044406,-0.001409574,1004.1817621651614,1004.264054484002,-8.7,0.8101,26.3,0.8078710144927536,long_nclose,21.24700768115942,0.02115852775034252,5.0
1673311140000.0,12999,1673311140000.0,0.014488405797102144,-0.00105313,1004.1951974409586,1004.3165513540021,-6.5,0.8101,19.8,0.8078710144927536,long_nclose,15.99584608695652,0.015929020700078574,15.0
1673312220000.0,13017,1673312220000.0,0.046391304347826234,-0.001075668,1004.2405130773064,1004.334615686002,-6.6,0.8149,13.2,0.8078710144927536,long_nclose,10.663897391304346,0.010618867942926177,18.0
1673312640000.0,13024,1673312640000.0,0.03092753623188416,-0.000717112,1004.2707235015383,1004.3334585740021,-4.4,0.8149,8.8,0.8078710144927536,long_nclose,7.109264927536232,0.0070790323377631975,7.0
1673312820000.0,13027,1673312820000.0,0.020384057971014558,-0.00047264199999999995,1004.2906349175094,1004.3326959320021,-2.9,0.8149,5.9,0.8078710144927536,long_nclose,4.766438985507246,0.004746075309065043,3.0
1673313480000.0,13038,1673313480000.0,0.003120579710145077,-0.000226828,1004.2935286692195,1004.3166091040022,-1.4,0.8101,4.5,0.8078710144927536,long_nclose,3.635419565217391,0.003619877517317724,11.0
1673313900000.0,13045,1673313900000.0,0.0024518840579711323,-0.00017822200000000002,1004.2958023312775,1004.3064408820021,-1.1,0.8101,3.4,0.8078710144927536,long_nclose,2.746761449275362,0.002735012376731327,7.0
1673314560000.0,13056,1673314560000.0,0.001783188405797187,-0.00012961600000000001,1004.2974559036834,1004.3081912660023,-0.8,0.8101,2.6,0.8078710144927536,long_nclose,2.1004646376811595,0.002091476609179625,11.0
1673314860000.0,13061,1673314860000.0,0.005623188405797119,-0.00013038400000000002,1004.3029487080892,1004.3193808820022,-0.8,0.8149,1.8,0.8078710144927536,long_nclose,1.4541678260869564,0.0014479374256120253,5.0
1673315580000.0,13073,1673315580000.0,0.0042173913043478395,-9.778799999999999e-05,1004.3070683113936,1004.3156230940023,-0.6,0.8149,1.2,0.8078710144927536,long_nclose,0.9694452173913042,0.0009652876575102624,12.0
1673315820000.0,13077,1673315820000.0,0.0028115942028985597,-6.519200000000001e-05,1004.3098147135964,1004.3155179020023,-0.4,0.8149,0.8,0.8078710144927536,long_nclose,0.6462968115942029,0.0006435233452124634,4.0
1673316180000.0,13083,1673316180000.0,0.0014057971014492798,-3.2596000000000004e-05,1004.3111879146979,1004.3154653060022,-0.2,0.8149,0.6,0.8078710144927536,long_nclose,0.4847226086956521,0.00048264184898916257,6.0
1673317860000.0,13111,1673317860000.0,0.00022289855072464839,-1.6202000000000002e-05,1004.3113946112487,1004.3124591040023,-0.1,0.8101,0.5,0.8078710144927536,long_nclose,0.4039355072463768,0.00040220145804751434,28.0
1673317980000.0,13113,1673317980000.0,0.0,-0.009963316000000002,1004.3014312952487,1004.1519157880023,61.7,0.8074,62.2,0.8074037862901347,long_ientry_partial,50.220515507246375,0.050005420626033484,2.0
1673322600000.0,13190,1673322600000.0,0.03559131250291253,-0.00251007,1004.3345125377516,1004.4557557180024,-15.5,0.8097,46.7,0.8074037862901347,long_nclose,37.70575681974929,0.03754302610240329,77.0
1673322720000.0,13192,1673322720000.0,0.026636079034437765,-0.001878504,1004.359270112786,1004.4503972140024,-11.6,0.8097,35.1,0.8074037862901347,long_nclose,28.339872898783728,0.02821686794965437,2.0
1673325480000.0,13238,1673325480000.0,0.0,-0.004374482000000001,1004.354895630786,1004.3380127320023,27.1,0.8071,62.2,0.8072714292408959,long_ientry_partial,50.21228289878373,0.04999456180003768,46.0
1673325900000.0,13245,1673325900000.0,0.03454284676611352,-0.0025094500000000003,1004.3869290275521,1004.5143532820023,-15.5,0.8095,46.7,0.8072714292408959,long_nclose,37.69957574554984,0.0375349127472722,7.0
1673326200000.0,13250,1673326200000.0,0.02585142080560754,-0.00187804,1004.4109024083577,1004.5066752420023,-11.6,0.8095,35.1,0.8072714292408959,long_nclose,28.33522716635545,0.028210792115471634,5.0
1673327280000.0,13268,1673327280000.0,0.019388565604205654,-0.0014085299999999999,1004.4288824439619,1004.5009167120023,-8.7,0.8095,26.4,0.8072714292408959,long_nclose,21.31196573195965,0.021217993732023793,18.0
1673327700000.0,13275,1673327700000.0,0.014708567010087048,-0.00106854,1004.442522470972,1004.5163481720023,-6.6,0.8095,19.8,0.8072714292408959,long_nclose,15.98397429896974,0.015913279198543358,7.0
1673328540000.0,13289,1673328540000.0,0.010919996719610081,-0.0007933100000000001,1004.4526491576917,1004.4933048620023,-4.9,0.8095,14.9,0.8072714292408959,long_nclose,12.02834429568935,0.011975023716425072,14.0
1673328900000.0,13295,1673328900000.0,0.008245711808685163,-0.0005990300000000001,1004.4602958395004,1004.4908558320024,-3.7,0.8095,11.2,0.8072714292408959,long_nclose,9.041440007498034,0.009001291584095364,6.0
1673332500000.0,13355,1673332500000.0,0.0,-0.00823752,1004.4520583195005,1004.4184183120025,51.0,0.8076,62.2,0.8075408361334089,long_ientry_partial,50.229040007498035,0.050006408560239086,60.0
1673333580000.0,13373,1673333580000.0,0.03501703993216182,-0.00251038,1004.4845649794327,1004.5994079320025,-15.5,0.8098,46.7,0.8075408361334089,long_nclose,37.712157047430196,0.037543789483915437,18.0
1673334360000.0,13386,1673334360000.0,0.0,-0.00250356,1004.4820614194326,1004.4475043720024,15.5,0.8076,62.2,0.8075555795406784,long_ientry_partial,50.2299570474302,0.050005827855651594,13.0
1673336460000.0,13421,1673336460000.0,0.034788517119484885,-0.00251038,1004.5143395565522,1004.5817939920025,-15.5,0.8098,46.7,0.8075555795406784,long_nclose,37.71284556454968,0.03754336208002586,35.0
1673336640000.0,13424,1673336640000.0,0.026035277328130622,-0.001878736,1004.5384960978803,1004.6242952560025,-11.6,0.8098,35.1,0.8075555795406784,long_nclose,28.345200841877812,0.028217137473560704,3.0
1673337300000.0,13435,1673337300000.0,0.0,-0.00437665,1004.5341194478802,1004.5010686060025,27.1,0.8075,62.2,0.8075313640173282,long_ientry_partial,50.228450841877816,0.05000173699374667,11.0
1673339040000.0,13464,1673339040000.0,0.03516385773141284,-0.00251038,1004.5667729256116,1004.6353582260024,-15.5,0.8098,46.7,0.8075313640173282,long_nclose,37.711714699609225,0.037540276779990396,29.0
1673339220000.0,13467,1673339220000.0,0.026316177398992835,-0.001878736,1004.5912103670106,1004.6778594900023,-11.6,0.8098,35.1,0.8075313640173282,long_nclose,28.34435087700822,0.02821481074541065,3.0
1673339940000.0,13479,1673339940000.0,0.019737133049244626,-0.0014090519999999998,1004.6095384480599,1004.6747104380024,-8.7,0.8098,26.4,0.8075313640173282,long_nclose,21.318828010057462,0.021221008953380232,12.0
1673340060000.0,13481,1673340060000.0,0.014972997485633854,-0.001068936,1004.6234425095455,1004.6723215020024,-6.6,0.8098,19.8,0.8075313640173282,long_nclose,15.989121007543098,0.015915536439805082,2.0
1673340840000.0,13494,1673340840000.0,0.011116316315091801,-0.000793604,1004.6337652218606,1004.6705478980024,-4.9,0.8098,14.9,0.8075313640173282,long_nclose,12.03221732385819,0.011976720015179887,13.0
1673341740000.0,13509,1673341740000.0,0.008393953135885646,-0.000599252,1004.6415599229964,1004.6692086460023,-3.7,0.8098,11.2,0.8075313640173282,long_nclose,9.044351276994075,0.00900256533055163,15.0
1673342100000.0,13515,1673342100000.0,0.006352180751481029,-0.00045348799999999994,1004.647458615748,1004.6765951580024,-2.8,0.8098,8.4,0.8075313640173282,long_nclose,6.783263457745557,0.006751884354629102,6.0
1673343360000.0,13536,1673343360000.0,0.0,-0.008690852,1004.638767763748,1004.5966443060024,53.8,0.8077,62.2,0.8076772260087709,long_ientry_partial,50.23752345774555,0.05000555928134307,21.0
1673343540000.0,13539,1673343540000.0,0.034452996864050345,-0.00251069,1004.670710070612,1004.7791836160025,-15.5,0.8099,46.7,0.8076772260087709,long_nclose,37.7185264546096,0.03754317317756641,3.0
1673345400000.0,13570,1673345400000.0,0.02578417829825703,-0.0018789679999999997,1004.6946152809103,1004.7761446480024,-11.6,0.8099,35.1,0.8076772260087709,long_nclose,28.34947063290786,0.028217002661033885,31.0
1673345700000.0,13575,1673345700000.0,0.019338133723692773,-0.0014092259999999998,1004.712544188634,1004.7738654220024,-8.7,0.8099,26.4,0.8076772260087709,long_nclose,21.32267876663155,0.02122266601523414,5.0
1673346000000.0,13580,1673346000000.0,0.014670308342111759,-0.0010690679999999998,1004.7261454289761,1004.7919363540025,-6.6,0.8099,19.8,0.8076772260087709,long_nclose,15.992009074973664,0.01591678403884448,5.0
1673349960000.0,13646,1673349960000.0,0.010891592557022368,-0.0007937020000000001,1004.7362433195332,1004.7708526520025,-4.9,0.8099,14.9,0.8076772260087709,long_nclose,12.034390667530687,0.011977661548040152,66.0
1673350560000.0,13656,1673350560000.0,0.0,-0.007644626,1004.7285986935332,1004.7286780260025,47.3,0.8081,62.2,0.8079987245583712,long_ientry_partial,50.25752066753069,0.0500209914726041,10.0
1673361240000.0,13834,1673361240000.0,0.03411976934524713,-0.00251162,1004.7602068428785,1004.9470664060025,-15.5,0.8102,46.7,0.8079987245583712,long_nclose,37.733540436875934,0.03755477195443569,178.0
1673361480000.0,13838,1673361480000.0,0.025534795122894628,-0.001879664,1004.7838619740014,1004.8541067420026,-11.6,0.8102,35.1,0.8079987245583712,long_nclose,28.36075523199883,0.02822572724872512,4.0
1673361960000.0,13846,1673361960000.0,0.0,-0.004386272,1004.7794757020014,1004.7011604700025,27.2,0.8063,62.3,0.8072570663242189,long_ientry_partial,50.292115231998835,0.05005288866680088,8.0
1673363280000.0,13868,1673363280000.0,0.034765471974607054,-0.0025094500000000003,1004.811731723976,1004.9401010200025,-15.5,0.8095,46.8,0.8072570663242189,long_nclose,37.77963070397344,0.037598715770519674,22.0
1673364300000.0,13885,1673364300000.0,0.02624232400663887,-0.00189423,1004.8360798179826,1004.9674567900025,-11.7,0.8095,35.1,0.8072570663242189,long_nclose,28.334723027980086,0.028198353539527238,17.0
1673365080000.0,13898,1673365080000.0,0.01951352297929557,-0.0014085299999999999,1004.8541848109619,1004.9265982600025,-8.7,0.8095,26.4,0.8072570663242189,long_nclose,21.311586550959376,0.021208635912650965,13.0
1673365680000.0,13908,1673365680000.0,0.01480336226015526,-0.00106854,1004.8679196332221,1004.9222297200025,-6.6,0.8095,19.8,0.8072570663242189,long_nclose,15.983689913219536,0.015906259520209978,10.0
1673367720000.0,13942,1673367720000.0,0.04648336226015543,-0.001074876,1004.9133281194822,1005.0023348440026,-6.6,0.8143,13.2,0.8072570663242189,long_nclose,10.655793275479688,0.010603693848324335,34.0
1673367840000.0,13944,1673367840000.0,0.030988908173436962,-0.0007165840000000001,1004.9436004436557,1005.0117382600025,-4.4,0.8143,8.8,0.8072570663242189,long_nclose,7.103862183653127,0.007068916285965662,2.0
1673368260000.0,13951,1673368260000.0,0.020424507659765268,-0.00047229400000000006,1004.9635526573154,1005.0092359660025,-2.9,0.8143,5.9,0.8072570663242189,long_nclose,4.762816691312892,0.004739292961141821,7.0
1673372400000.0,14020,1673372400000.0,0.01338157398398414,-0.000309434,1004.9766247972995,1005.0115965320026,-1.9,0.8143,4.0,0.8072570663242189,long_nclose,3.2290282652968756,0.0032130381798165307,69.0
1673373120000.0,14032,1673373120000.0,0.009155813778515464,-0.00021171800000000004,1004.985568893078,1005.0064748140027,-1.3,0.8143,2.7,0.8072570663242189,long_nclose,2.1795940790753914,0.0021687814696444477,12.0
1673373480000.0,14038,1673373480000.0,0.006338640308203014,-0.000146574,1004.9917609593862,1005.0074982400025,-0.9,0.8143,1.8,0.8072570663242189,long_nclose,1.453062719383594,0.0014458454047389104,6.0
1673374980000.0,14063,1673374980000.0,0.010658640308203038,-0.000147438,1005.0022721616943,1005.0119408020025,-0.9,0.8191,0.9,0.8072570663242189,long_nclose,0.726531359691797,0.0007229151414046811,25.0
1673376600000.0,14090,1673376600000.0,0.004737173470312462,-6.552800000000001e-05,1005.0069438071646,1005.0133152740025,-0.4,0.8191,0.5,0.8072570663242189,long_nclose,0.40362853316210945,0.0004016176561259218,27.0
1673376780000.0,14093,1673376780000.0,0.002368586735156231,-3.276400000000001e-05,1005.0092796298998,1005.0128025100025,-0.2,0.8191,0.3,0.8072570663242189,long_nclose,0.24217711989726565,0.00024097003361645447,3.0
1673376960000.0,14096,1673376960000.0,0.0011842933675781154,-1.6382000000000003e-05,1005.0104475412674,1005.0131961280025,-0.1,0.8191,0.2,0.8072570663242189,long_nclose,0.1614514132648438,0.000160646502391921,3.0
1673377860000.0,14111,1673377860000.0,0.0011842933675781154,-1.6382000000000003e-05,1005.0116154526349,1005.0129897460025,-0.1,0.8191,0.1,0.8072570663242189,long_nclose,0.0807257066324219,8.032315785331977e-05,15.0
1673378940000.0,14129,1673378940000.0,0.0011842933675781154,-1.6382000000000003e-05,1005.0127833640025,1005.0127833640025,-0.1,0.8191,0.0,0.8072570663242189,long_nclose,0.0,0.0,18.0
1673390400000.0,14320,1673390400000.0,0.0,-0.010043894000000001,1005.0027394700026,1004.8603694700025,61.9,0.8113,61.9,0.8113,long_ientry_normal,50.21947,0.04996948568168451,191.0
1673390760000.0,14326,1673390760000.0,0.03541999999999952,-0.0025058880000000004,1005.0356535820026,1005.1612035820026,-15.4,0.8136,46.5,0.8113,long_nclose,37.72545,0.037536429544110614,6.0
1673391240000.0,14334,1673391240000.0,0.026679999999999638,-0.0018875519999999998,1005.0604460300027,1005.1197760300028,-11.6,0.8136,34.9,0.8113,long_nclose,28.31437,0.02817180808561515,8.0
1673391540000.0,14339,1673391540000.0,0.020009999999999726,-0.001415664,1005.0790403660027,1005.1235803660027,-8.7,0.8136,26.2,0.8113,long_nclose,21.25606,0.021148645177457428,5.0
1673391660000.0,14341,1673391660000.0,0.014949999999999797,-0.00105768,1005.0929326860027,1005.1264226860027,-6.5,0.8136,19.7,0.8113,long_nclose,15.98261,0.015901624098866356,2.0
1673391780000.0,14343,1673391780000.0,0.011269999999999848,-0.0007973280000000001,1005.1034053580026,1005.1581653580026,-4.9,0.8136,14.8,0.8113,long_nclose,12.007240000000001,0.01194627332470653,2.0
1673391900000.0,14345,1673391900000.0,0.008509999999999884,-0.000602064,1005.1113132940027,1005.1412832940027,-3.7,0.8136,11.1,0.8113,long_nclose,9.00543,0.0089596345010653,2.0
1673392560000.0,14356,1673392560000.0,0.006209999999999916,-0.00043934400000000004,1005.1170839500027,1005.1397639500027,-2.7,0.8136,8.4,0.8113,long_nclose,6.814920000000001,0.006780225019375945,11.0
1673392980000.0,14363,1673392980000.0,0.004829999999999934,-0.00034171200000000004,1005.1215722380026,1005.1385822380026,-2.1,0.8136,6.3,0.8113,long_nclose,5.11119,0.005085146057127626,7.0
1673394240000.0,14384,1673394240000.0,0.003449999999999953,-0.00024408,1005.1247781580026,1005.1425381580026,-1.5,0.8136,4.8,0.8113,long_nclose,3.89424,0.0038743846382302966,21.0
1673396100000.0,14415,1673396100000.0,0.011359999999999993,-0.00026188800000000005,1005.1358762700027,1005.1573162700026,-1.6,0.8184,3.2,0.8113,long_nclose,2.5961600000000002,0.002582894573054332,31.0
1673396160000.0,14416,1673396160000.0,0.007099999999999995,-0.00016368,1005.1428125900027,1005.1597525900027,-1.0,0.8184,2.2,0.8113,long_nclose,1.7848600000000001,0.0017757277648942846,1.0
1673396280000.0,14418,1673396280000.0,0.004969999999999996,-0.000114576,1005.1476680140026,1005.1592180140027,-0.7,0.8184,1.5,0.8113,long_nclose,1.21695,0.0012107176275944428,2.0
1673400600000.0,14490,1673400600000.0,0.0,-0.00980896,1005.1378590540027,1005.1389090540026,60.4,0.812,61.9,0.8119830371567045,long_ientry_partial,50.261750000000006,0.05000483222003442,72.0
1673445900000.0,15245,1673445900000.0,0.0,-0.013787994000000001,1005.1240710600026,1003.3655510600026,87.9,0.7843,149.8,0.7957391188251002,long_rentry,119.20172000000001,0.11859403573360851,755.0
1673460360000.0,15486,1673460360000.0,0.08455695594125494,-0.005969040000000001,1005.2026589759439,1005.5691820200027,-37.4,0.798,112.4,0.7957391188251002,long_nclose,89.44107695594127,0.08897815396455466,241.0
1673460540000.0,15489,1673460540000.0,0.0635307610146862,-0.004484760000000001,1005.2617049769586,1005.5365972600027,-28.1,0.798,84.3,0.7957391188251002,long_nclose,67.08080771695595,0.06672969574474488,3.0
1673460660000.0,15491,1673460660000.0,0.19560076101468415,-0.004511174,1005.4527945639734,1005.8046560860028,-28.1,0.8027,56.2,0.7957391188251002,long_nclose,44.720538477970635,0.04447800903210402,2.0
1673461020000.0,15497,1673461020000.0,0.031652336448598106,-0.0022344,1005.482212500422,1005.5776216860028,-14.0,0.798,42.2,0.7957391188251002,long_nclose,33.58019081441923,0.033397100810876,6.0
1673461080000.0,15498,1673461080000.0,0.02373925233644858,-0.0016758000000000003,1005.5042759527583,1005.6710458860027,-10.5,0.798,31.7,0.7957391188251002,long_nclose,25.224930066755675,0.02508684514827545,1.0
1673461440000.0,15504,1673461440000.0,0.07308925233644781,-0.00168567,1005.5756795350948,1005.7084102160027,-10.5,0.8027,21.2,0.7957391188251002,long_nclose,16.86966931909212,0.01677613098885947,6.0
1673461500000.0,15505,1673461500000.0,0.04872616822429854,-0.00112378,1005.6232819233192,1005.7263864360027,-7.0,0.8027,14.2,0.7957391188251002,long_nclose,11.299495487316422,0.011236310545342,1.0
1673461620000.0,15507,1673461620000.0,0.03271614152202902,-0.000754538,1005.6552435268411,1005.7147218980026,-4.7,0.8027,9.5,0.7957391188251002,long_nclose,7.559521628838452,0.007517011100471318,2.0
1673461680000.0,15508,1673461680000.0,0.021578731642189354,-0.000497674,1005.6763245844833,1005.7227942240027,-3.1,0.8027,6.4,0.7957391188251002,long_nclose,5.092730360480641,0.005063985534893458,1.0
1673462460000.0,15521,1673462460000.0,0.014617850467289563,-0.000337134,1005.6906053009506,1005.7132270900026,-2.1,0.8027,4.3,0.7957391188251002,long_nclose,3.4216782109479307,0.0034023169679744613,13.0
1673462820000.0,15527,1673462820000.0,0.009745233644859706,-0.00022475599999999997,1005.7001257785954,1005.7211823340026,-1.4,0.8027,2.9,0.7957391188251002,long_nclose,2.3076434445927902,0.002294564140385538,6.0
1673462940000.0,15529,1673462940000.0,0.006264793057409812,-0.000144486,1005.7062460856529,1005.7267678480026,-0.9,0.8027,2.0,0.7957391188251002,long_nclose,1.5914782376502004,0.0015824483976752185,2.0
1673463540000.0,15539,1673463540000.0,0.011660881174899829,-0.00016148,1005.7177454868278,1005.7300063680027,-1.0,0.8074,1.0,0.7957391188251002,long_nclose,0.7957391188251002,0.0007912151519608662,10.0
1673463660000.0,15541,1673463660000.0,0.005830440587449914,-8.074e-05,1005.7234951874152,1005.7296256280026,-0.5,0.8074,0.5,0.7957391188251002,long_nclose,0.3978695594125501,0.0003956053143000379,2.0
1673464080000.0,15548,1673464080000.0,0.0023321762349799656,-3.2296000000000004e-05,1005.7257950676502,1005.7297733320027,-0.2,0.8074,0.3,0.7957391188251002,long_nclose,0.23872173564753005,0.00023736264578107238,7.0
1673464680000.0,15558,1673464680000.0,0.004938264352469956,-4.8732e-05,1005.7306846000027,1005.7306846000027,-0.3,0.8122,0.0,0.7957391188251002,long_nclose,0.0,0.0,10.0
1673517720000.0,16442,1673517720000.0,0.0,-0.010060679999999999,1005.7206239200027,1005.6597239200028,60.9,0.826,60.9,0.826,long_ientry_normal,50.303399999999996,0.05001727000877457,884.0
1673519040000.0,16464,1673519040000.0,0.03496000000000121,-0.002518032,1005.7530658880027,1005.8901658880027,-15.2,0.8283,45.7,0.826,long_nclose,37.7482,0.037532274352722196,22.0
1673520540000.0,16489,1673520540000.0,0.0,-0.002510736,1005.7505551520027,1005.6911751520026,15.2,0.8259,60.9,0.8259750410509031,long_ientry_partial,50.30188,0.050014270180937355,25.0
1673525220000.0,16567,1673525220000.0,0.035339376026272885,-0.002518032,1005.783376496029,1005.9216171200027,-15.2,0.8283,45.7,0.8259750410509031,long_nclose,37.74705937602628,0.03753000920290644,78.0
1673526240000.0,16584,1673526240000.0,0.0,-0.002510736,1005.780865760029,1005.7226263840026,15.2,0.8259,60.9,0.8259563115932066,long_ientry_partial,50.30073937602628,0.05001162886312815,17.0
1673526780000.0,16593,1673526780000.0,0.03562406378326033,-0.002518032,1005.8139717918123,1005.8616683520028,-15.2,0.8283,45.7,0.8259563115932066,long_nclose,37.74620343980954,0.03752801660983728,9.0
1673526900000.0,16595,1673526900000.0,0.0,-0.002510736,1005.8114610558123,1005.6322776160027,15.2,0.8259,60.9,0.8259422568113226,long_ientry_partial,50.29988343980955,0.050009256592691,2.0
1673528040000.0,16614,1673528040000.0,0.034317696467897105,-0.002517728,1005.8432610242802,1005.9829998880027,-15.2,0.8282,45.7,0.8259422568113226,long_nclose,37.745561136277445,0.03752628525625356,19.0
1673528700000.0,16625,1673528700000.0,0.025738272350922832,-0.0018882960000000002,1005.8671110006312,1005.9719915920028,-11.4,0.8282,34.3,0.8259422568113226,long_nclose,28.329819408628364,0.0281645747224462,11.0
1673529660000.0,16641,1673529660000.0,0.0,-0.004393788,1005.8627172126312,1005.6846578040029,26.6,0.8259,60.9,0.8259237998132736,long_ientry_partial,50.29875940862836,0.05000559077088808,16.0
1673530560000.0,16656,1673530560000.0,0.0345982428382424,-0.002517728,1005.8947977274694,1005.8982800760027,-15.2,0.8282,45.7,0.8259237998132736,long_nclose,37.7447176514666,0.0375235240670694,15.0
1673530620000.0,16657,1673530620000.0,0.0,-0.002510128,1005.8922875994693,1005.6567299480027,15.2,0.8257,60.9,0.8258679417317998,long_ientry_partial,50.2953576514666,0.05000073891757825,1.0
1673531160000.0,16666,1673531160000.0,0.035447285676644034,-0.002517728,1005.925217157146,1006.0683522200028,-15.2,0.8282,45.7,0.8258679417317998,long_nclose,37.74216493714325,0.03751985166830464,9.0
1673531340000.0,16669,1673531340000.0,0.10992728567664257,-0.002532624,1006.0326118188227,1006.2501395960028,-15.2,0.8331,30.5,0.8258679417317998,long_nclose,25.188972222819892,0.025037928121714008,3.0
1673531400000.0,16670,1673531400000.0,0.07304378850882172,-0.0016828619999999998,1006.1039727453315,1006.2290667340028,-10.1,0.8331,20.4,0.8258679417317998,long_nclose,16.847706011328714,0.01674549198464726,1.0
1673531460000.0,16671,1673531460000.0,0.04917799622376116,-0.001133016,1006.1520177255552,1006.2762137180027,-6.8,0.8331,13.6,0.8258679417317998,long_nclose,11.231804007552476,0.011163128244718323,1.0
1673531580000.0,16673,1673531580000.0,0.08249799622376126,-0.00113968,1006.2333760417789,1006.3090740380027,-6.8,0.838,6.8,0.8258679417317998,long_nclose,5.615902003776238,0.005581112828782838,2.0
1673531640000.0,16674,1673531640000.0,0.04124899811188063,-0.00056984,1006.2740551998908,1006.3153041980027,-3.4,0.838,3.4,0.8258679417317998,long_nclose,2.807951001888119,0.0027904436046801736,1.0
1673531700000.0,16675,1673531700000.0,0.020624499055940316,-0.00028492,1006.2943947789466,1006.3150192780025,-1.7,0.838,1.7,0.8258679417317998,long_nclose,1.4039755009440595,0.0013951936016223878,1.0
1673532060000.0,16681,1673532060000.0,0.00970564661456015,-0.00013408000000000002,1006.3039663455612,1006.3157851980026,-0.8,0.838,0.9,0.8258679417317998,long_nclose,0.7432811475586198,0.0007386248811657568,6.0
1673532240000.0,16684,1673532240000.0,0.004852823307280075,-6.704000000000001e-05,1006.3087521288685,1006.3148181580026,-0.4,0.838,0.5,0.8258679417317998,long_nclose,0.4129339708658999,0.0004103452046822895,3.0
1673532300000.0,16685,1673532300000.0,0.0024264116536400373,-3.3520000000000004e-05,1006.3111450205222,1006.3150846380026,-0.2,0.838,0.3,0.8258679417317998,long_nclose,0.2477603825195399,0.0002462065373572775,1.0
1673533080000.0,16698,1673533080000.0,0.00023320582682002656,-1.6564000000000003e-05,1006.311361662349,1006.3119880740027,-0.1,0.8282,0.2,0.8258679417317998,long_nclose,0.16517358834635998,0.00016413765623544775,13.0
1673533260000.0,16701,1673533260000.0,0.00023320582682002656,-1.6564000000000003e-05,1006.3115783041758,1006.3118915100026,-0.1,0.8282,0.1,0.8258679417317998,long_nclose,0.08258679417317999,8.206881044969618e-05,3.0
1673533440000.0,16704,1673533440000.0,0.00023320582682002656,-1.6564000000000003e-05,1006.3117949460026,1006.3117949460026,-0.1,0.8282,0.0,0.8258679417317998,long_nclose,0.0,0.0,3.0
1673533920000.0,16712,1673533920000.0,0.0,-0.010063116000000002,1006.3017318300026,1006.2286518300026,60.9,0.8262,60.9,0.8262,long_ientry_normal,50.315580000000004,0.05000049031864327,8.0
1673537640000.0,16774,1673537640000.0,0.034959999999999526,-0.00251864,1006.3341731900026,1006.4621331900026,-15.2,0.8285,45.7,0.8262,long_nclose,37.757340000000006,0.03751968382462072,62.0
1673538300000.0,16785,1673538300000.0,0.026219999999999643,-0.0018889800000000002,1006.3585042100026,1006.4545442100026,-11.4,0.8285,34.3,0.8262,long_nclose,28.33866,0.028159607020209976,11.0
1673538480000.0,16788,1673538480000.0,0.019549999999999734,-0.0014084500000000001,1006.3766457600026,1006.4746857600026,-8.5,0.8285,25.8,0.8262,long_nclose,21.31596,0.021180896923440093,3.0
1673539320000.0,16802,1673539320000.0,0.014719999999999801,-0.0010604800000000001,1006.3903052800026,1006.4252252800026,-6.4,0.8285,19.4,0.8262,long_nclose,16.02828,0.01592650477246056,14.0
1673539380000.0,16803,1673539380000.0,0.01103999999999985,-0.0007953600000000001,1006.4005499200026,1006.4560299200026,-4.8,0.8285,14.6,0.8262,long_nclose,12.062520000000001,0.011985804261492936,1.0
1673540040000.0,16814,1673540040000.0,0.008279999999999888,-0.00059652,1006.4082334000026,1006.4500334000026,-3.6,0.8285,11.0,0.8262,long_nclose,9.0882,0.00903033152788988,11.0
1673540400000.0,16820,1673540400000.0,0.025919999999999943,-0.000600048,1006.4335533520026,1006.4912733520026,-3.6,0.8334,7.4,0.8262,long_nclose,6.113880000000001,0.006074797466397323,6.0
1673540520000.0,16822,1673540520000.0,0.017279999999999962,-0.00040003200000000004,1006.4504333200026,1006.4844333200026,-2.4,0.8334,5.0,0.8262,long_nclose,4.131,0.004104524041360854,2.0
1673540640000.0,16824,1673540640000.0,0.011519999999999975,-0.00026668800000000006,1006.4616866320026,1006.4848066320026,-1.6,0.8334,3.4,0.8262,long_nclose,2.8090800000000002,0.0027910451409235786,2.0
1673540820000.0,16827,1673540820000.0,0.007919999999999983,-0.00018334800000000003,1006.4694232840027,1006.4873632840026,-1.1,0.8334,2.3,0.8262,long_nclose,1.90026,0.0018880454349021888,3.0
1673541300000.0,16835,1673541300000.0,0.005039999999999989,-0.000116676,1006.4743466080027,1006.4868266080027,-0.7,0.8334,1.6,0.8262,long_nclose,1.3219200000000002,0.0013134164864262118,8.0
1673541600000.0,16840,1673541600000.0,0.003599999999999992,-8.334000000000001e-05,1006.4778632680028,1006.4864432680029,-0.5,0.8334,1.1,0.8262,long_nclose,0.9088200000000001,0.0009029706794038067,5.0
1673541840000.0,16844,1673541840000.0,0.0021599999999999953,-5.0004000000000004e-05,1006.4799732640029,1006.4870132640028,-0.3,0.8334,0.8,0.8262,long_nclose,0.6609600000000001,0.0006567045719315353,4.0
1673542260000.0,16851,1673542260000.0,0.0014399999999999968,-3.333600000000001e-05,1006.4813799280029,1006.4860599280029,-0.2,0.8334,0.6,0.8262,long_nclose,0.49572,0.0004925277405881673,7.0
1673542440000.0,16854,1673542440000.0,0.0014399999999999968,-3.333600000000001e-05,1006.4827865920029,1006.4859065920028,-0.2,0.8334,0.4,0.8262,long_nclose,0.33048000000000005,0.0003283513681530715,3.0
1673543460000.0,16871,1673543460000.0,0.0024200000000000003,-3.353200000000001e-05,1006.4851730600029,1006.4875330600029,-0.2,0.8383,0.2,0.8262,long_nclose,0.16524000000000003,0.00016417529480103828,17.0
1673543520000.0,16872,1673543520000.0,0.0012100000000000001,-1.6766000000000005e-05,1006.4863662940029,1006.4874462940029,-0.1,0.8383,0.1,0.8262,long_nclose,0.08262000000000001,8.208755008199092e-05,1.0
1673543820000.0,16877,1673543820000.0,0.0012100000000000001,-1.6766000000000005e-05,1006.4875595280029,1006.4875595280029,-0.1,0.8383,0.0,0.8262,long_nclose,0.0,0.0,5.0
1673573700000.0,17375,1673573700000.0,0.0,-0.010059420000000001,1006.4775001080029,1006.5076001080029,60.2,0.8355,60.2,0.8355,long_ientry_normal,50.2971,0.0499733973135045,498.0
1673573880000.0,17378,1673573880000.0,0.03449999999999953,-0.0025134000000000003,1006.5094867080029,1006.6224867080028,-15.0,0.8378,45.2,0.8355,long_nclose,37.7646,0.03752036170420701,3.0
1673574480000.0,17388,1673574480000.0,0.0,-0.0025065,1006.5069802080029,1006.476880208003,15.0,0.8355,60.2,0.8355,long_ientry_partial,50.2971,0.04997193361699855,10.0
1673574960000.0,17396,1673574960000.0,0.03449999999999953,-0.0025134000000000003,1006.5389668080029,1006.6519668080028,-15.0,0.8378,45.2,0.8355,long_nclose,37.7646,0.03751926278598173,8.0
1673575380000.0,17403,1673575380000.0,0.02598999999999965,-0.0018934280000000002,1006.5630633800029,1006.6478133800028,-11.3,0.8378,33.9,0.8355,long_nclose,28.32345,0.028138773446435502,7.0
1673576640000.0,17424,1673576640000.0,0.019319999999999737,-0.001407504,1006.5809758760029,1006.6447258760029,-8.4,0.8378,25.5,0.8355,long_nclose,21.30525,0.021165957345317957,21.0
1673578800000.0,17460,1673578800000.0,0.06204999999999977,-0.0014327600000000002,1006.6415931160029,1006.769093116003,-8.5,0.8428,17.0,0.8355,long_nclose,14.2035,0.014109788525659722,36.0
1673579160000.0,17466,1673579160000.0,0.04087999999999985,-0.0009439359999999999,1006.6815291800029,1006.767029180003,-5.6,0.8428,11.4,0.8355,long_nclose,9.524700000000001,0.00946148282640925,6.0
1673581440000.0,17504,1673581440000.0,0.07010999999999988,-0.0009664920000000001,1006.750672688003,1006.8219226880029,-5.7,0.8478,5.7,0.8355,long_nclose,4.7623500000000005,0.004730416506486782,38.0
1673581740000.0,17509,1673581740000.0,0.034439999999999936,-0.00047476800000000003,1006.784637920003,1006.820887920003,-2.8,0.8478,2.9,0.8355,long_nclose,2.42295,0.002406621941516476,5.0
1673582400000.0,17520,1673582400000.0,0.050169999999999944,-0.0004946239999999999,1006.834313296003,1006.834313296003,-2.9,0.8528,0.0,0.8355,long_nclose,0.0,0.0,11.0
1673589420000.0,17637,1673589420000.0,0.0,-0.010060800000000002,1006.8242524960029,1006.8002524960029,60.0,0.8384,60.0,0.8384,long_ientry_normal,50.304,0.04996303960228621,117.0
1673589660000.0,17641,1673589660000.0,0.03449999999999953,-0.0025221,1006.856230396003,1006.9732303960029,-15.0,0.8407,45.0,0.8384,long_nclose,37.728,0.03747108957667307,4.0
1673590140000.0,17649,1673590140000.0,0.025759999999999648,-0.001883168,1006.880107228003,1006.967987228003,-11.2,0.8407,33.8,0.8384,long_nclose,28.33792,0.028144284306118504,8.0
1673590560000.0,17656,1673590560000.0,0.019319999999999737,-0.0014123760000000001,1006.898014852003,1006.9894548520031,-8.4,0.8407,25.4,0.8384,long_nclose,21.29536,0.021149470637430997,7.0
1673595000000.0,17730,1673595000000.0,0.014489999999999803,-0.001059282,1006.911445570003,1006.961105570003,-6.3,0.8407,19.1,0.8384,long_nclose,16.013440000000003,0.01590352366183994,74.0
1673596200000.0,17750,1673596200000.0,0.010809999999999853,-0.0007902580000000001,1006.921465312003,1006.9589053120029,-4.7,0.8407,14.4,0.8384,long_nclose,12.07296,0.011989971825915036,20.0
1673598180000.0,17783,1673598180000.0,0.03503999999999987,-0.000811872,1006.955693440003,1007.0286534400029,-4.8,0.8457,9.6,0.8384,long_nclose,8.04864,0.007993042844322087,33.0
1673598900000.0,17795,1673598900000.0,0.023359999999999916,-0.000541248,1006.978512192003,1007.027152192003,-3.2,0.8457,6.4,0.8384,long_nclose,5.365760000000001,0.005328574478039009,12.0
1673599140000.0,17799,1673599140000.0,0.015329999999999944,-0.00035519400000000003,1006.9934869980029,1007.0218669980029,-2.1,0.8457,4.3,0.8384,long_nclose,3.60512,0.0035800827379205776,4.0
1673599260000.0,17801,1673599260000.0,0.010219999999999962,-0.00023679600000000003,1007.003470202003,1007.0255102020029,-1.4,0.8457,2.9,0.8384,long_nclose,2.43136,0.002414450468092502,2.0
1673600880000.0,17828,1673600880000.0,0.017219999999999968,-0.000238196,1007.0204520060029,1007.0378520060028,-1.4,0.8507,1.5,0.8384,long_nclose,1.2576,0.0012488326304543648,27.0
1673600940000.0,17829,1673600940000.0,0.008609999999999984,-0.000119098,1007.0289429080028,1007.0398229080029,-0.7,0.8507,0.8,0.8384,long_nclose,0.6707200000000001,0.0006660384537341682,1.0
1673601600000.0,17840,1673601600000.0,0.004919999999999991,-6.805600000000001e-05,1007.0337948520028,1007.0388348520028,-0.4,0.8507,0.4,0.8384,long_nclose,0.33536000000000005,0.0003330176223622026,11.0
1673601900000.0,17845,1673601900000.0,0.0024599999999999956,-3.402800000000001e-05,1007.0362208240028,1007.0387408240028,-0.2,0.8507,0.2,0.8384,long_nclose,0.16768000000000002,0.00016650841005777986,5.0
1673603700000.0,17875,1673603700000.0,0.0012299999999999978,-1.7014000000000003e-05,1007.0374338100028,1007.0386938100028,-0.1,0.8507,0.1,0.8384,long_nclose,0.08384000000000001,8.325410474842196e-05,30.0
1673604240000.0,17884,1673604240000.0,0.0012299999999999978,-1.7014000000000003e-05,1007.0386467960027,1007.0386467960027,-0.1,0.8507,0.0,0.8384,long_nclose,0.0,0.0,9.0
1673609580000.0,17973,1673609580000.0,0.0,-0.010078774,1007.0285680220027,1007.0704980220027,59.9,0.8413,59.9,0.8413,long_ientry_normal,50.39387,0.05004214537724906,89.0
1673609700000.0,17975,1673609700000.0,0.03426999999999954,-0.002513928,1007.0603240940027,1007.1818240940026,-14.9,0.8436,45.0,0.8413,long_nclose,37.8585,0.0375930806668004,2.0
1673609880000.0,17978,1673609880000.0,0.025759999999999648,-0.0018896639999999999,1007.0841944300026,1007.1416544300026,-11.2,0.8436,33.8,0.8413,long_nclose,28.43594,0.028235911314340896,3.0
1673610180000.0,17983,1673610180000.0,0.019319999999999737,-0.001417248,1007.1020971820026,1007.1706771820026,-8.4,0.8436,25.4,0.8413,long_nclose,21.36902,0.021218325391033525,5.0
1673610660000.0,17991,1673610660000.0,0.014489999999999803,-0.001062936,1007.1155242460026,1007.1670942460025,-6.3,0.8436,19.1,0.8413,long_nclose,16.068830000000002,0.015955299678286915,8.0
1673611380000.0,18003,1673611380000.0,0.010809999999999853,-0.000792984,1007.1255412620026,1007.1500212620026,-4.7,0.8436,14.4,0.8413,long_nclose,12.11472,0.012029006815594571,12.0
1673611500000.0,18005,1673611500000.0,0.008279999999999888,-0.000607392,1007.1332138700026,1007.1515738700026,-3.6,0.8436,10.8,0.8413,long_nclose,9.08604,0.009021686381572157,2.0
1673611620000.0,18007,1673611620000.0,0.006209999999999916,-0.0004555440000000001,1007.1389683260026,1007.1689383260026,-2.7,0.8436,8.1,0.8413,long_nclose,6.81453,0.006766226125999916,2.0
1673613300000.0,18035,1673613300000.0,0.0045999999999999375,-0.00033744000000000005,1007.1432308860026,1007.1597008860026,-2.0,0.8436,6.1,0.8413,long_nclose,5.13193,0.005095531442419908,28.0
1673613840000.0,18044,1673613840000.0,0.0,-0.009037710000000001,1007.1341931760026,1007.1055131760025,53.7,0.8415,59.8,0.8414795986622075,long_ientry_partial,50.32048,0.049964026979675995,9.0
1673619120000.0,18132,1673619120000.0,0.0345739799331089,-0.002514524,1007.1662526319357,1007.2794186520025,-14.9,0.8438,44.9,0.8414795986622075,long_nclose,37.78243397993311,0.037513602030647596,88.0
1673619240000.0,18134,1673619240000.0,0.02598849498327649,-0.001890112,1007.190351014919,1007.2752885400026,-11.2,0.8438,33.7,0.8414795986622075,long_nclose,28.357862474916395,0.028155415156967033,2.0
1673619840000.0,18144,1673619840000.0,0.019491371237457367,-0.0014175840000000002,1007.2084248021564,1007.2721909560025,-8.4,0.8438,25.3,0.8414795986622075,long_nclose,21.289433846153848,0.021137068874633055,10.0
1673620800000.0,18160,1673620800000.0,0.014618528428093025,-0.0010631879999999999,1007.2219801425845,1007.2698677680025,-6.3,0.8438,19.0,0.8414795986622075,long_nclose,15.988112374581942,0.015873474457257803,16.0
1673621160000.0,18166,1673621160000.0,0.010905886287624955,-0.0007931720000000001,1007.2320928568721,1007.2681345960025,-4.7,0.8438,14.3,0.8414795986622075,long_nclose,12.033158260869568,0.011946758196255649,6.0
1673621820000.0,18177,1673621820000.0,0.034405886287624976,-0.000797872,1007.2657008711597,1007.3378967240025,-4.7,0.8488,9.6,0.8414795986622075,long_nclose,8.07820414715719,0.008019933707829571,11.0
1673622360000.0,18186,1673622360000.0,0.023425284280936154,-0.000543232,1007.2885829234406,1007.3239134920025,-3.2,0.8488,6.4,0.8414795986622075,long_nclose,5.385469431438128,0.0053465010154368576,9.0
1673622660000.0,18191,1673622660000.0,0.015372842809364351,-0.00035649600000000004,1007.30359927025,1007.3359369960025,-2.1,0.8488,4.3,0.8414795986622075,long_nclose,3.6183622742474917,0.0035921268194304542,5.0
1673622900000.0,18195,1673622900000.0,0.010248561872909567,-0.00023766399999999998,1007.3136101681229,1007.3354193320025,-1.4,0.8488,2.9,0.8414795986622075,long_nclose,2.4402908361204014,0.0024225730810021632,4.0
1673623200000.0,18200,1673623200000.0,0.006588361204013293,-0.00015278400000000002,1007.3200457453269,1007.3330865480025,-0.9,0.8488,2.0,0.8414795986622075,long_nclose,1.682959197324415,0.0016707293818214203,5.0
1673623620000.0,18207,1673623620000.0,0.004392240802675529,-0.000101856,1007.3243361301295,1007.3348646920024,-0.6,0.8488,1.4,0.8414795986622075,long_nclose,1.1780714381270903,0.0011695055861083684,7.0
1673624100000.0,18215,1673624100000.0,0.0029281605351170192,-6.7904e-05,1007.3271963866646,1007.3357167880024,-0.4,0.8488,1.0,0.8414795986622075,long_nclose,0.8414795986622075,0.0008353587609672794,8.0
1673625420000.0,18237,1673625420000.0,0.006160200668896276,-8.538e-05,1007.3332712073335,1007.3400314080023,-0.5,0.8538,0.5,0.8414795986622075,long_nclose,0.4207397993311037,0.00041767686162775945,22.0
1673625900000.0,18245,1673625900000.0,0.0007320401337792548,-1.6976e-05,1007.3339862714673,1007.3369944320025,-0.1,0.8488,0.4,0.8414795986622075,long_nclose,0.336591839464883,0.0003341412521091834,8.0
1673626680000.0,18258,1673626680000.0,0.00023204013377925437,-1.6876000000000002e-05,1007.3342014356011,1007.3358575560025,-0.1,0.8438,0.3,0.8414795986622075,long_nclose,0.2524438795986622,0.0002506058855530688,13.0
1673626740000.0,18259,1673626740000.0,0.0007320401337792548,-1.6976e-05,1007.334916499735,1007.3364205800025,-0.1,0.8488,0.2,0.8414795986622075,long_nclose,0.1682959197324415,0.00016707047177241948,1.0
1673627160000.0,18266,1673627160000.0,0.0012320401337792553,-1.7076000000000004e-05,1007.3361314638688,1007.3372835040026,-0.1,0.8538,0.1,0.8414795986622075,long_nclose,0.08414795986622076,8.353513513303278e-05,7.0
1673627220000.0,18267,1673627220000.0,0.0012320401337792553,-1.7076000000000004e-05,1007.3373464280027,1007.3373464280027,-0.1,0.8538,0.0,0.8414795986622075,long_nclose,0.0,0.0,1.0
1673687940000.0,19279,1673687940000.0,0.0,-0.010075448,1007.3272709800027,1007.1133309800027,56.3,0.8948,56.3,0.8948,long_ientry_normal,50.37724,0.05001079733599318,1012.0
1673688060000.0,19281,1673688060000.0,0.0,-0.013828799999999999,1007.3134421800027,1004.8739021800027,80.0,0.8643,136.3,0.8768983125458545,long_rentry,119.52123999999998,0.11865347467351879,2.0
1673688120000.0,19282,1673688120000.0,0.08165737344094648,-0.00597924,1007.3891203134436,1007.3995229400027,-34.0,0.8793,102.3,0.8768983125458545,long_nclose,89.70669737344092,0.08904870577272977,1.0
1673688180000.0,19283,1673688180000.0,0.06124303008070986,-0.00448443,1007.4458789135243,1008.2984885100027,-25.5,0.8793,76.8,0.8768983125458545,long_nclose,67.34579040352162,0.06684804793300698,1.0
1673688180000.0,19283,1673688180000.0,0.19639303008071196,-0.00451146,1007.637760483605,1008.2072770500026,-25.5,0.8846,51.3,0.8768983125458545,long_nclose,44.984883433602334,0.044643903987889776,0.0
1673688180000.0,19283,1673688180000.0,0.3289930300807115,-0.0045379800000000005,1007.9622155336857,1008.2486390700027,-25.5,0.8898,25.8,0.8768983125458545,long_nclose,22.623976463683046,0.022445262446374868,0.0
1673688240000.0,19284,1673688240000.0,0.0,-0.0055056,1007.9567099336857,1008.4135334700027,31.0,0.888,56.8,0.882957332107096,long_ientry_partial,50.151976463683056,0.04975608175373186,1.0
1673688240000.0,19284,1673688240000.0,0.08827041581846157,-0.0022956840000000005,1008.0426846655041,1008.3957577860026,-12.9,0.8898,43.9,0.882957332107096,long_nclose,38.76182687950151,0.03845256502443023,0.0
1673688240000.0,19284,1673688240000.0,0.15535041581846135,-0.0023091,1008.1957259813225,1008.4450486860026,-12.9,0.895,31.0,0.882957332107096,long_nclose,27.371677295319977,0.027149170136262862,0.0
1673688300000.0,19285,1673688300000.0,0.0,-0.0045619200000000006,1008.1911640613225,1008.8366867660026,25.6,0.891,56.6,0.8865950052176674,long_ientry_partial,50.18127729531998,0.049773573786516284,1.0
1673688300000.0,19285,1673688300000.0,0.14422741912615528,-0.00277729,1008.3326141904487,1008.8013594760025,-15.5,0.8959,41.1,0.8865950052176674,long_nclose,36.43905471444613,0.03613793127548655,0.0
1673688360000.0,19286,1673688360000.0,0.26660239303781674,-0.0036883600000000003,1008.5955282234866,1008.8304711160026,-20.5,0.8996,20.6,0.8865950052176674,long_nclose,18.26385710748395,0.018108207498850826,1.0
1673688420000.0,19287,1673688420000.0,0.0,-0.006406052,1008.5891221714866,1008.7166050640026,35.8,0.8947,56.4,0.8917396650263112,long_ientry_partial,50.29411710748395,0.0498658135427844,1.0
1673688480000.0,19288,1673688480000.0,0.03469072312901215,-0.002521644,1008.6212912506155,1008.8015034200025,-14.1,0.8942,42.3,0.8917396650263112,long_nclose,37.72058783061296,0.037398167337754924,1.0
1673688540000.0,19289,1673688540000.0,0.0,-0.0025230540000000003,1008.6187681966155,1008.7609103660026,14.1,0.8947,56.4,0.8924797487697333,long_ientry_partial,50.33585783061296,0.0499057318957213,1.0
1673689080000.0,19298,1673689080000.0,0.03553554234676002,-0.0025239000000000004,1008.6517798389623,1008.7583864660025,-14.1,0.895,42.3,0.8924797487697333,long_nclose,37.75189337295972,0.037428073917627994,9.0
1673689140000.0,19299,1673689140000.0,0.0,-0.002522772,1008.6492570669623,1008.7051036940026,14.1,0.8946,56.4,0.8930098115773001,long_ientry_partial,50.36575337295972,0.04993386255933765,1.0
1673690160000.0,19316,1673690160000.0,0.0351116567600683,-0.0025253100000000002,1008.6818434137223,1008.8506283840024,-14.1,0.8955,42.3,0.8930098115773001,long_nclose,37.774315029719794,0.03744918705176517,17.0
1673690520000.0,19322,1673690520000.0,0.0,-0.00252249,1008.6793209237222,1008.6577558940024,14.1,0.8945,56.4,0.893382358682975,long_ientry_partial,50.38676502971979,0.049953205131217426,6.0
1673690640000.0,19324,1673690640000.0,0.035498742570052956,-0.002526438,1008.7122932282923,1008.7807194560024,-14.1,0.8959,42.3,0.893382358682975,long_nclose,37.79007377228984,0.03746367921357053,2.0
1673690700000.0,19325,1673690700000.0,0.02643523382876284,-0.0018813900000000001,1008.7368470721211,1008.8518880660025,-10.5,0.8959,31.8,0.893382358682975,long_nclose,28.409559006118606,0.028163498823878516,1.0
1673690820000.0,19327,1673690820000.0,0.0,-0.00440094,1008.7324461321211,1008.9089871260026,24.6,0.8945,56.4,0.8938698405340177,long_ientry_partial,50.4142590061186,0.049977830295264904,2.0
1673691000000.0,19330,1673691000000.0,0.035675248470349426,-0.002527848,1008.7655935325915,1008.8979992780025,-14.1,0.8964,42.3,0.8938698405340177,long_nclose,37.810694254588945,0.037482141041488,3.0
1673691240000.0,19334,1673691240000.0,0.0,-0.00252249,1008.7630710425915,1008.7615267880026,14.1,0.8945,56.4,0.8940273804005132,long_ientry_partial,50.42314425458894,0.049985121087427274,4.0
1673691360000.0,19336,1673691360000.0,0.034863936352763136,-0.00252813,1008.7954068489443,1008.9211486580025,-14.1,0.8965,42.3,0.8940273804005132,long_nclose,37.817358190941704,0.03748763915278654,2.0
1673691600000.0,19340,1673691600000.0,0.0,-0.00252249,1008.7928843589442,1008.6154761680025,14.1,0.8945,56.4,0.8941455353003849,long_ientry_partial,50.429808190941706,0.04999024970620034,4.0
1673693340000.0,19369,1673693340000.0,0.03460795226457259,-0.002528412,1008.8249638992088,1008.9034077560025,-14.1,0.8966,42.3,0.8941455353003849,long_nclose,37.82235614320628,0.03749149505283762,29.0
1673693400000.0,19370,1673693400000.0,0.025771879345958315,-0.0018828599999999999,1008.8488529185547,1008.9078248960025,-10.5,0.8966,31.8,0.8941455353003849,long_nclose,28.43382802255224,0.028184428163143017,1.0
1673693520000.0,19372,1673693520000.0,0.019390271126959114,-0.001416628,1008.8668265616817,1008.9589482680025,-7.9,0.8966,23.9,0.8941455353003849,long_nclose,21.370078293679196,0.021182258878023122,2.0
1673694600000.0,19390,1673694600000.0,0.06205027112695968,-0.0014251600000000002,1008.9274516728086,1009.1011231080024,-7.9,0.902,16.0,0.8941455353003849,long_nclose,14.306328564806158,0.014179739624574757,18.0
1673694780000.0,19393,1673694780000.0,0.04162866290796029,-0.00095612,1008.9681242157167,1009.0735669880025,-5.3,0.902,10.7,0.8941455353003849,long_nclose,9.567357227714117,0.009482318616508268,3.0
1673695740000.0,19409,1673695740000.0,0.02749062644865302,-0.0006314000000000001,1008.9949834421653,1009.0587355880026,-3.5,0.902,7.2,0.8941455353003849,long_nclose,6.437847854162771,0.006380455760245891,16.0
1673696400000.0,19420,1673696400000.0,0.0,-0.00880188,1008.9861815621654,1008.9605337080026,49.2,0.8945,56.4,0.8944547491872832,long_ientry_partial,50.44724785416277,0.04999795713362267,11.0
1673696520000.0,19422,1673696520000.0,0.03447803645930756,-0.0025292580000000004,1009.0181303406247,1009.1680944500026,-14.1,0.8969,42.3,0.8944547491872832,long_nclose,37.83543589062208,0.03749728052740696,2.0
1673697300000.0,19435,1673697300000.0,0.110618036459307,-0.002544486,1009.126203891084,1009.3671799640026,-14.1,0.9023,28.2,0.8944547491872832,long_nclose,25.223623927081384,0.02499550980821007,13.0
1673698440000.0,19454,1673698440000.0,0.0,-0.005046672,1009.1211572190839,1009.0857732920025,28.2,0.8948,56.4,0.8946273745936416,long_ientry_partial,50.45698392708139,0.05000091769568061,19.0
1673698620000.0,19457,1673698620000.0,0.034864018229653404,-0.002529822,1009.1534914153135,1009.3384534700025,-14.1,0.8971,42.3,0.8946273745936416,long_nclose,37.842737945311036,0.0374994867155813,3.0
1673699460000.0,19471,1673699460000.0,0.10959401822965299,-0.0025447679999999998,1009.2605406655432,1009.5530487020025,-14.1,0.9024,28.2,0.8946273745936416,long_nclose,25.228491963540694,0.02499700617137385,14.0
1673699520000.0,19472,1673699520000.0,0.185734018229654,-0.002559996,1009.443714687773,1009.6463687060026,-14.1,0.9078,14.1,0.8946273745936416,long_nclose,12.614245981770347,0.012496235102788281,1.0
1673699700000.0,19475,1673699700000.0,0.09220837784450908,-0.0012709200000000003,1009.5346521456174,1009.6295977860026,-7.0,0.9078,7.1,0.8946273745936416,long_nclose,6.351854359614856,0.00629186362856879,3.0
1673699820000.0,19477,1673699820000.0,0.04610418892225454,-0.0006354600000000001,1009.5801208745397,1009.6246623260026,-3.5,0.9078,3.6,0.8946273745936416,long_nclose,3.2206585485371098,0.003190097033356048,2.0
1673700240000.0,19484,1673700240000.0,0.023710725731445195,-0.00032680800000000005,1009.6035047922712,1009.6275755180027,-1.8,0.9078,1.8,0.8946273745936416,long_nclose,1.6103292742685549,0.001595011572983678,7.0
1673701200000.0,19500,1673701200000.0,0.011855362865722597,-0.00016340400000000002,1009.615196751137,1009.6254321140027,-0.9,0.9078,0.9,0.8946273745936416,long_nclose,0.8051646371342774,0.0007974965508891254,16.0
1673701560000.0,19506,1673701560000.0,0.005269050162543376,-7.262400000000001e-05,1009.6203931772994,1009.6270794900026,-0.4,0.9078,0.5,0.8946273745936416,long_nclose,0.4473136872968208,0.00044305135902526093,6.0
1673703000000.0,19530,1673703000000.0,0.0007772625406358369,-1.8048e-05,1009.62115239184,1009.6245014420026,-0.1,0.9024,0.4,0.8946273745936416,long_nclose,0.3578509498374567,0.0003544408206877312,24.0
1673703180000.0,19533,1673703180000.0,0.0007772625406358369,-1.8048e-05,1009.6219116063806,1009.6244233940025,-0.1,0.9024,0.3,0.8946273745936416,long_nclose,0.26838821237809246,0.0002658304156167407,3.0
1673703660000.0,19541,1673703660000.0,0.0007772625406358369,-1.8048e-05,1009.6226708209213,1009.6243453460025,-0.1,0.9024,0.2,0.8946273745936416,long_nclose,0.17892547491872834,0.00017722014381198924,8.0
1673704380000.0,19553,1673704380000.0,0.0007772625406358369,-1.8048e-05,1009.6234300354619,1009.6242672980025,-0.1,0.9024,0.1,0.8946273745936416,long_nclose,0.08946273745936417,8.861000527317585e-05,12.0
1673706420000.0,19587,1673706420000.0,0.001317262540635844,-1.8156000000000004e-05,1009.6247291420025,1009.6247291420025,-0.1,0.9078,0.0,0.8946273745936416,long_nclose,0.0,0.0,34.0
1673707260000.0,19601,1673707260000.0,0.0,-0.01009459,1009.6146345520025,1009.5301845520025,56.3,0.8965,56.3,0.8965,long_ientry_normal,50.47295,0.04999229237836516,14.0
1673707620000.0,19607,1673707620000.0,0.03500000000000081,-0.0025172000000000003,1009.6471173520024,1009.8374673520024,-14.0,0.899,42.3,0.8965,long_nclose,37.921949999999995,0.037559608053413504,6.0
1673707800000.0,19610,1673707800000.0,0.10998000000000041,-0.0025501259999999998,1009.7545472260024,1009.9942472260024,-14.1,0.9043,28.2,0.8965,long_nclose,25.281299999999998,0.025037074672704156,3.0
1673708400000.0,19620,1673708400000.0,0.07332000000000027,-0.0017000840000000001,1009.8261671420023,1010.0047671420023,-9.4,0.9043,18.8,0.8965,long_nclose,16.8542,0.016690199311927667,10.0
1673708700000.0,19625,1673708700000.0,0.04836000000000018,-0.001121332,1009.8734058100023,1009.9805058100022,-6.2,0.9043,12.6,0.8965,long_nclose,11.2959,0.011185461400421521,5.0
1673709180000.0,19633,1673709180000.0,0.0,-0.007837158000000002,1009.8655686520023,1009.8286786520023,43.7,0.8967,56.3,0.8966552397868562,long_ientry_partial,50.48169,0.04998852477700019,8.0
1673709300000.0,19635,1673709300000.0,0.03422664298401279,-0.0025174800000000003,1009.8972778149862,1010.1233611720022,-14.0,0.8991,42.3,0.8966552397868562,long_nclose,37.928516642984015,0.03755680649525678,2.0
1673709360000.0,19636,1673709360000.0,0.11061111900532661,-0.00255069,1010.0053382439914,1010.1842604820021,-14.1,0.9045,28.2,0.8966552397868562,long_nclose,25.285677761989344,0.025035192196064385,1.0
1673709480000.0,19638,1673709480000.0,0.07374074600355107,-0.00170046,1010.0773785299949,1010.215460022002,-9.4,0.9045,18.8,0.8966552397868562,long_nclose,16.857118507992897,0.016688937764872746,2.0
1673709540000.0,19639,1673709540000.0,0.04863751332149113,-0.00112158,1010.1248944633164,1010.2300384420021,-6.2,0.9045,12.6,0.8966552397868562,long_nclose,11.297856021314388,0.011184612995125702,1.0
1673709960000.0,19646,1673709960000.0,0.03294799289520367,-0.00075978,1010.1570826762116,1010.235578662002,-4.2,0.9045,8.4,0.8966552397868562,long_nclose,7.5319040142095925,0.007456171068221688,7.0
1673710380000.0,19653,1673710380000.0,0.05520799289520402,-0.0007642320000000001,1010.2115264371068,1010.267574430002,-4.2,0.9098,4.2,0.8966552397868562,long_nclose,3.7659520071047963,0.003727884614806219,7.0
1673710560000.0,19656,1673710560000.0,0.02760399644760201,-0.00038211600000000005,1010.2387483175545,1010.2667723140021,-2.1,0.9098,2.1,0.8966552397868562,long_nclose,1.8829760035523981,0.0018638920816374297,3.0
1673710860000.0,19661,1673710860000.0,0.013144760213143813,-0.00018196000000000003,1010.2517111177676,1010.2696903540021,-1.0,0.9098,1.1,0.8966552397868562,long_nclose,0.9863207637655419,0.0009763118962444043,5.0
1673711820000.0,19677,1673711820000.0,0.006572380106571907,-9.098000000000001e-05,1010.2581925178742,1010.2661993740021,-0.5,0.9098,0.6,0.8966552397868562,long_nclose,0.5379931438721137,0.0005325303450707678,16.0
1673712360000.0,19686,1673712360000.0,0.003943428063943144,-5.4588000000000007e-05,1010.2620813579382,1010.2666847860021,-0.3,0.9098,0.3,0.8966552397868562,long_nclose,0.26899657193605686,0.00026626414759077825,9.0
1673712780000.0,19693,1673712780000.0,0.0013144760213143814,-1.8196000000000003e-05,1010.2633776379595,1010.2660465900021,-0.1,0.9098,0.2,0.8966552397868562,long_nclose,0.17933104795737126,0.00017750920396288658,7.0
1673713140000.0,19699,1673713140000.0,0.0013144760213143814,-1.8196000000000003e-05,1010.2646739179808,1010.265908394002,-0.1,0.9098,0.1,0.8966552397868562,long_nclose,0.08966552397868563,8.875448809958607e-05,6.0
1673713200000.0,19700,1673713200000.0,0.0013144760213143814,-1.8196000000000003e-05,1010.265970198002,1010.265970198002,-0.1,0.9098,0.0,0.8966552397868562,long_nclose,0.0,0.0,1.0
1673719080000.0,19798,1673719080000.0,0.0,-0.01010476,1010.255865438002,1010.312065438002,56.2,0.899,56.2,0.899,long_ientry_normal,50.5238,0.05001089499054294,98.0
1673719200000.0,19800,1673719200000.0,0.034999999999999254,-0.0025242,1010.288341238002,1010.457141238002,-14.0,0.9015,42.2,0.899,long_nclose,37.9378,0.03755145778828965,2.0
1673719800000.0,19810,1673719800000.0,0.11060000000000025,-0.0025393200000000003,1010.396401918002,1010.622001918002,-14.0,0.9069,28.2,0.899,long_nclose,25.3518,0.02509094445692356,10.0
1673720880000.0,19828,1673720880000.0,0.0,-0.00503552,1010.391366398002,1010.385766398002,28.0,0.8992,56.2,0.8990996441281138,long_ientry_partial,50.5294,0.05000973056622104,18.0
1673721000000.0,19830,1673721000000.0,0.0350049822064058,-0.00252448,1010.4238469002083,1010.5884419180019,-14.0,0.9016,42.2,0.8990996441281138,long_nclose,37.942004982206406,0.03755058344931723,2.0
1673721960000.0,19846,1673721960000.0,0.1106049822064068,-0.0025396000000000004,1010.5319122824147,1010.7829023180019,-14.0,0.907,28.2,0.8990996441281138,long_nclose,25.35460996441281,0.025090360488612577,16.0
1673723820000.0,19877,1673723820000.0,0.07426334519573029,-0.00170516,1010.6044704676104,1010.7717971580018,-9.4,0.907,18.8,0.8990996441281138,long_nclose,16.90307330960854,0.016725706053712017,31.0
1673724420000.0,19887,1673724420000.0,0.048982206405694444,-0.00112468,1010.6523279940161,1010.7644724780018,-6.2,0.907,12.6,0.8990996441281138,long_nclose,11.328655516014233,0.011209250898872227,10.0
1673724780000.0,19893,1673724780000.0,0.033181494661922044,-0.00076188,1010.684747608678,1010.7595105980018,-4.2,0.907,8.4,0.8990996441281138,long_nclose,7.552437010676156,0.007472594227374595,6.0
1673725920000.0,19912,1673725920000.0,0.0,-0.008602088,1010.676145520678,1010.6932685100019,47.8,0.8998,56.2,0.8996953204746647,long_ientry_partial,50.56287701067616,0.050028762660295385,19.0
1673726820000.0,19927,1673726820000.0,0.03506551335469399,-0.0025261600000000004,1010.7086848740327,1010.8059423500018,-14.0,0.9022,42.2,0.8996953204746647,long_nclose,37.967142524030855,0.037564872145887225,15.0
1673727420000.0,19937,1673727420000.0,0.0,-0.0025194400000000004,1010.7061654340326,1010.8342229100018,14.0,0.8998,56.2,0.8997213972247482,long_ientry_partial,50.56434252403085,0.05002872669953166,10.0
1673727480000.0,19938,1673727480000.0,0.03470043885352525,-0.0025261600000000004,1010.7383397128862,1010.9188967500017,-14.0,0.9022,42.2,0.8997213972247482,long_nclose,37.968242962884375,0.037564858748377714,1.0
1673727780000.0,19943,1673727780000.0,0.026025329140143938,-0.0018946200000000003,1010.7624704220262,1010.8664021300017,-10.5,0.9022,31.7,0.8997213972247482,long_nclose,28.521168292024516,0.02821747851413201,5.0
1673730240000.0,19984,1673730240000.0,0.0,-0.004392488,1010.7580779340262,1010.6522696420017,24.4,0.9001,56.1,0.8998860658114887,long_ientry_partial,50.48360829202451,0.0499462822945845,41.0
1673730360000.0,19986,1673730360000.0,0.035195078639158384,-0.00252672,1010.7907462926654,1010.9218429220017,-14.0,0.9024,42.1,0.8998860658114887,long_nclose,37.885203370663675,0.03748075802001293,2.0
1673730900000.0,19995,1673730900000.0,0.0,-0.00252028,1010.7882260126654,1010.7916226420017,14.0,0.9001,56.1,0.8999394540225254,long_ientry_partial,50.48660337066367,0.04994775569341769,9.0
1673732280000.0,20018,1673732280000.0,0.03444764368464415,-0.00252672,1010.82014693635,1010.9489959220017,-14.0,0.9024,42.1,0.8999394540225254,long_nclose,37.88745101434832,0.03748189144149898,23.0
1673733060000.0,20031,1673733060000.0,0.0,-0.002538282,1010.81760865435,1010.7625476400017,14.1,0.9001,56.2,0.8999797333513935,long_ientry_partial,50.57886101434831,0.05003757411951042,13.0
1673734500000.0,20055,1673734500000.0,0.03528373308049093,-0.002527,1010.8503653874305,1010.9778206400017,-14.0,0.9025,42.2,0.8999797333513935,long_nclose,37.979144747428805,0.03757148045633091,24.0
1673735100000.0,20065,1673735100000.0,0.0,-0.00252028,1010.8478451074305,1010.8473003600018,14.0,0.9001,56.2,0.9000096930147474,long_ientry_partial,50.58054474742881,0.05003774306117577,10.0
1673735760000.0,20076,1673735760000.0,0.034864297793535615,-0.002527,1010.8801824052241,1011.0485733600018,-14.0,0.9025,42.2,0.9000096930147474,long_nclose,37.980409045222345,0.03757162293443539,11.0
1673737440000.0,20104,1673737440000.0,0.11046429779353661,-0.0025421200000000006,1010.9881045830176,1011.2416312400018,-14.0,0.9079,28.2,0.9000096930147474,long_nclose,25.380273343015876,0.02510442331414372,28.0
1673737920000.0,20112,1673737920000.0,0.07416888566137458,-0.0017068520000000005,1011.060566616679,1011.2107843880018,-9.4,0.9079,18.8,0.9000096930147474,long_nclose,16.920182228677252,0.01673508273129216,8.0
1673738340000.0,20119,1673738340000.0,0.048919903308566215,-0.001125796,1011.1083607239876,1011.2090385920018,-6.2,0.9079,12.6,0.9000096930147474,long_nclose,11.340122131985817,0.011215535913347514,7.0
1673739720000.0,20142,1673739720000.0,0.0830989340070913,-0.0011506320000000002,1011.1903090259948,1011.2784479600019,-6.3,0.9132,6.3,0.9000096930147474,long_nclose,5.6700610659929085,0.005607313495176255,23.0
1673739840000.0,20144,1673739840000.0,0.04088995165428302,-0.0005661840000000001,1011.2306327936491,1011.2818017760019,-3.1,0.9132,3.2,0.9000096930147474,long_nclose,2.880031017647192,0.002848045662630642,2.0
1673740860000.0,20161,1673740860000.0,0.059488982352808153,-0.000587904,1011.2895338720019,1011.2895338720019,-3.2,0.9186,0.0,0.9000096930147474,long_nclose,0.0,0.0,17.0
1673742720000.0,20192,1673742720000.0,0.0,-0.010117074,1011.2794167980019,1011.2962467980019,56.1,0.9017,56.1,0.9017,long_ientry_normal,50.58537,0.0500211604822015,31.0
1673743620000.0,20207,1673743620000.0,0.03500000000000081,-0.00253176,1011.3118850380018,1011.5350150380018,-14.0,0.9042,42.1,0.9017,long_nclose,37.96157,0.03753695626604203,15.0
1673743680000.0,20208,1673743680000.0,0.11060000000000025,-0.00254688,1011.4199381580019,1011.6531681580019,-14.0,0.9096,28.1,0.9017,long_nclose,25.33777,0.025051681348249026,1.0
1673743860000.0,20211,1673743860000.0,0.1848000000000014,-0.00256172,1011.6021764380018,1011.7756064380019,-14.0,0.9149,14.1,0.9017,long_nclose,12.71397,0.01256815208204448,3.0
1673743920000.0,20212,1673743920000.0,0.0924000000000007,-0.00128086,1011.6932955780019,1011.7735255780019,-7.0,0.9149,7.1,0.9017,long_nclose,6.402069999999999,0.006328073960737637,1.0
1673743980000.0,20213,1673743980000.0,0.04620000000000035,-0.00064043,1011.7388551480019,1011.7831351480019,-3.5,0.9149,3.6,0.9017,long_nclose,3.24612,0.0032084563951289015,1.0
1673744040000.0,20214,1673744040000.0,0.02376000000000018,-0.00032936400000000007,1011.762285784002,1011.793425784002,-1.8,0.9149,1.8,0.9017,long_nclose,1.62306,0.0016041910464594073,1.0
1673744100000.0,20215,1673744100000.0,0.033480000000000114,-0.00033130800000000005,1011.795434476002,1011.795434476002,-1.8,0.9203,0.0,0.9017,long_nclose,0.0,0.0,1.0
1673766180000.0,20583,1673766180000.0,0.0,-0.010115864,1011.785318612002,1011.857598612002,55.6,0.9097,55.6,0.9097,long_ientry_normal,50.579319999999996,0.04999016992002439,368.0
1673766300000.0,20585,1673766300000.0,0.0347500000000008,-0.002535916,1011.817532696002,1011.955142696002,-13.9,0.9122,41.7,0.9097,long_nclose,37.934490000000004,0.037491433755771186,2.0
1673766720000.0,20592,1673766720000.0,0.0,-0.002528966,1011.815003730002,1011.8316837300019,13.9,0.9097,55.6,0.9097,long_ientry_partial,50.579319999999996,0.04998870328423875,7.0
1673767140000.0,20599,1673767140000.0,0.0347500000000008,-0.002535916,1011.847217814002,1011.984827814002,-13.9,0.9122,41.7,0.9097,long_nclose,37.934490000000004,0.03749033384897159,7.0
1673768040000.0,20614,1673768040000.0,0.026000000000000602,-0.0018973760000000003,1011.8713204380019,1012.0059104380019,-10.4,0.9122,31.3,0.9097,long_nclose,28.47361,0.028139556310060078,15.0
1673768580000.0,20623,1673768580000.0,0.0,-0.004421628,1011.8668988100019,1011.8255488100019,24.3,0.9098,55.6,0.9097437050359714,long_ientry_partial,50.58175000000001,0.04998854104179737,9.0
1673769540000.0,20639,1673769540000.0,0.035532499999998225,-0.0025361940000000003,1011.899895116002,1012.035682616002,-13.9,0.9123,41.7,0.9097437050359714,long_nclose,37.93631250000001,0.03749018325142832,16.0
1673769780000.0,20643,1673769780000.0,0.026585467625897953,-0.0018975840000000003,1011.9245829996279,1012.026505032002,-10.4,0.9123,31.3,0.9097437050359714,long_nclose,28.474977967625904,0.02813942703439232,4.0
1673769900000.0,20645,1673769900000.0,0.019939100719423463,-0.0014231880000000001,1011.9430989123473,1012.019621844002,-7.8,0.9123,23.5,0.9097437050359714,long_nclose,21.37897706834533,0.021126659286795666,2.0
1673770320000.0,20652,1673770320000.0,0.0,-0.005840916000000001,1011.9372579963473,1011.894100928002,32.1,0.9098,55.6,0.9097762062652037,long_ientry_partial,50.58355706834533,0.04998685112998173,7.0
1673784120000.0,20882,1673784120000.0,0.035080732913668235,-0.0025361940000000003,1011.969802535261,1012.104234734002,-13.9,0.9123,41.7,0.9097762062652037,long_nclose,37.937667801258996,0.03748893267982381,230.0
1673784780000.0,20893,1673784780000.0,0.02624745484188127,-0.0018975840000000003,1011.9941524061029,1012.095057150002,-10.4,0.9123,31.3,0.9097762062652037,long_nclose,28.475995256100877,0.02813849782471248,11.0
1673785140000.0,20899,1673785140000.0,0.01968559113141095,-0.0014231880000000001,1012.0124148092343,1012.088173962002,-7.8,0.9123,23.5,0.9097762062652037,long_nclose,21.379740847232288,0.021125966968757393,6.0
1673785380000.0,20903,1673785380000.0,0.014638003661818399,-0.001058268,1012.0259945448962,1012.065355694002,-5.8,0.9123,17.7,0.9097762062652037,long_nclose,16.103038850894105,0.015911685013719014,4.0
1673785440000.0,20904,1673785440000.0,0.011104692433103615,-0.000802824,1012.0362964133294,1012.0658728700022,-4.4,0.9123,13.3,0.9097762062652037,long_nclose,12.100023543327211,0.011956116184972675,1.0
1673785500000.0,20905,1673785500000.0,0.00832851932482771,-0.000602118,1012.0440228146542,1012.0762607520022,-3.3,0.9123,10.0,0.9097762062652037,long_nclose,9.097762062652038,0.008989492410962247,1.0
1673786040000.0,20914,1673786040000.0,0.0,-0.008302776000000001,1012.0357200386542,1011.9439779760021,45.7,0.9084,55.7,0.9086470747334298,long_ientry_partial,50.61164206265204,0.0500097388466871,9.0
1673787780000.0,20943,1673787780000.0,0.03548566120532647,-0.002533136,1012.0686725638595,1012.2088248400022,-13.9,0.9112,41.8,0.9086470747334298,long_nclose,37.981447723857364,0.03752852820514589,29.0
1673788620000.0,20957,1673788620000.0,0.11054566120532593,-0.002548148,1012.176670077065,1012.3818166920023,-13.9,0.9166,27.9,0.9086470747334298,long_nclose,25.351253385062687,0.025046273179891113,14.0
1673788860000.0,20961,1673788860000.0,0.07396220497910296,-0.0017048760000000001,1012.2489274060441,1012.4042918160023,-9.3,0.9166,18.6,0.9086470747334298,long_nclose,16.900835590041794,0.016696323535112377,4.0
1673789160000.0,20966,1673789160000.0,0.049308136652735306,-0.0011365840000000002,1012.2970989586968,1012.4006752320023,-6.2,0.9166,12.4,0.9086470747334298,long_nclose,11.26722372669453,0.011130352678363499,5.0
1673789940000.0,20979,1673789940000.0,0.08278813665273575,-0.00114328,1012.3787438153496,1012.4553319520023,-6.2,0.922,6.2,0.9086470747334298,long_nclose,5.633611863347265,0.005564727526889674,13.0
1673790180000.0,20983,1673790180000.0,0.01590585053314042,-0.00036664,1012.3942830258827,1012.4335653120023,-2.0,0.9166,4.2,0.9086470747334298,long_nclose,3.816317713880405,0.003769596270806715,4.0
1673790960000.0,20996,1673790960000.0,0.0025529252665702495,-0.00018224000000000002,1012.3966537111493,1012.4105830720023,-1.0,0.9112,3.2,0.9086470747334298,long_nclose,2.9076706391469753,0.0028720666237766665,13.0
1673791680000.0,21008,1673791680000.0,0.00795292526657021,-0.00018332,1012.4044233164158,1012.4227997520022,-1.0,0.9166,2.2,0.9086470747334298,long_nclose,1.9990235644135457,0.001974530650375056,12.0
1673792280000.0,21018,1673792280000.0,0.005567047686599147,-0.000128324,1012.4098620401023,1012.4223914280021,-0.7,0.9166,1.5,0.9086470747334298,long_nclose,1.3629706121001446,0.0013462636657387247,10.0
1673792400000.0,21020,1673792400000.0,0.003976462633285105,-9.166e-05,1012.4137468427357,1012.4210997680023,-0.5,0.9166,1.0,0.9086470747334298,long_nclose,0.9086470747334298,0.000897505666598357,2.0
1673792700000.0,21025,1673792700000.0,0.0023858775799710627,-5.4996e-05,1012.4160777243156,1012.4219247720023,-0.3,0.9166,0.7,0.9086470747334298,long_nclose,0.6360529523134008,0.0006282525201921973,5.0
1673794080000.0,21048,1673794080000.0,0.004005877579971084,-5.5320000000000006e-05,1012.4200282818956,1012.4257694520022,-0.3,0.922,0.4,0.9086470747334298,long_nclose,0.3634588298933719,0.00035900003925265234,23.0
1673796960000.0,21096,1673796960000.0,0.0026705850533140564,-3.6880000000000006e-05,1012.4226619869489,1012.4257325720023,-0.2,0.922,0.2,0.9086470747334298,long_nclose,0.18172941494668596,0.00017949955267697142,48.0
1673798400000.0,21120,1673798400000.0,0.0013352925266570282,-1.8440000000000003e-05,1012.4239788394756,1012.4254141320023,-0.1,0.922,0.1,0.9086470747334298,long_nclose,0.09086470747334298,8.974965960160253e-05,24.0
1673798580000.0,21123,1673798580000.0,0.0013352925266570282,-1.8440000000000003e-05,1012.4252956920022,1012.4252956920022,-0.1,0.922,0.0,0.9086470747334298,long_nclose,0.0,0.0,3.0
1673805840000.0,21244,1673805840000.0,0.0,-0.01012158,1012.4151741120022,1012.4428741120022,55.4,0.9135,55.4,0.9135,long_ientry_normal,50.6079,0.049987298979777356,121.0
1673805900000.0,21245,1673805900000.0,0.0345000000000008,-0.00252816,1012.4471459520022,1012.6343459520021,-13.8,0.916,41.6,0.9135,long_nclose,38.0016,0.03753440379770854,1.0
1673806020000.0,21247,1673806020000.0,0.11040000000000011,-0.0025433400000000003,1012.5550026120022,1012.7913026120023,-13.8,0.9215,27.8,0.9135,long_nclose,25.3953,0.02508041532014547,2.0
1673806200000.0,21250,1673806200000.0,0.18625999999999956,-0.002576782,1012.7386858300022,1012.9263358300021,-13.9,0.9269,13.9,0.9135,long_nclose,12.69765,0.012537933207906922,3.0
1673806320000.0,21252,1673806320000.0,0.09245999999999978,-0.001279122,1012.8298667080021,1012.9383667080021,-6.9,0.9269,7.0,0.9135,long_nclose,6.3945,0.006313498653810461,2.0
1673806560000.0,21256,1673806560000.0,0.1323000000000002,-0.00130536,1012.9608613480021,1012.9608613480021,-7.0,0.9324,0.0,0.9135,long_nclose,0.0,0.0,4.0
1673821200000.0,21500,1673821200000.0,0.0,-0.010131788000000001,1012.9507295600022,1013.0388895600022,55.1,0.9194,55.1,0.9194,long_ientry_normal,50.65894,0.050011257726232,244.0
1673822520000.0,21522,1673822520000.0,0.03562000000000064,-0.00252628,1012.9838232800022,1013.1328632800022,-13.7,0.922,41.4,0.9194,long_nclose,38.063159999999996,0.037575289086801966,22.0
1673823240000.0,21534,1673823240000.0,0.11040000000000011,-0.0025596240000000004,1013.0916636560022,1013.3566236560022,-13.8,0.9274,27.6,0.9194,long_nclose,25.37544,0.025047526211425124,12.0
1673823480000.0,21538,1673823480000.0,0.07360000000000005,-0.0017064159999999999,1013.1635572400022,1013.3217972400022,-9.2,0.9274,18.4,0.9194,long_nclose,16.91696,0.01669716590091746,4.0
1673824260000.0,21551,1673824260000.0,0.011960000000000214,-0.0008482400000000001,1013.1746690000023,1013.2243490000022,-4.6,0.922,13.8,0.9194,long_nclose,12.68772,0.012522737083944972,13.0
1673824800000.0,21560,1673824800000.0,0.03680000000000003,-0.0008532079999999999,1013.2106157920023,1013.2989357920022,-4.6,0.9274,9.2,0.9194,long_nclose,8.45848,0.008348195200647607,9.0
1673825820000.0,21577,1673825820000.0,0.02400000000000002,-0.0005564400000000001,1013.2340593520023,1013.2873793520023,-3.0,0.9274,6.2,0.9194,long_nclose,5.70028,0.0056258274654185265,17.0
1673826540000.0,21589,1673826540000.0,0.016000000000000014,-0.00037096000000000004,1013.2496883920022,1013.2816083920022,-2.0,0.9274,4.2,0.9194,long_nclose,3.8614800000000002,0.0038109856279630906,12.0
1673826660000.0,21591,1673826660000.0,0.011200000000000009,-0.000259672,1013.2606287200023,1013.2847087200023,-1.4,0.9274,2.8,0.9194,long_nclose,2.5743199999999997,0.0025406296534505636,2.0
1673826840000.0,21594,1673826840000.0,0.007200000000000007,-0.00016693200000000003,1013.2676617880023,1013.2840017880023,-0.9,0.9274,1.9,0.9194,long_nclose,1.7468599999999999,0.001723986727176813,3.0
1673827020000.0,21597,1673827020000.0,0.004800000000000004,-0.000111288,1013.2723505000024,1013.2835305000024,-0.6,0.9274,1.3,0.9194,long_nclose,1.19522,0.0011795644077431057,3.0
1673827440000.0,21604,1673827440000.0,0.008099999999999974,-0.00011194799999999999,1013.2803385520024,1013.2905585520024,-0.6,0.9329,0.7,0.9194,long_nclose,0.6435799999999999,0.0006351450585922632,7.0
1673827980000.0,21613,1673827980000.0,0.004049999999999987,-5.5973999999999996e-05,1013.2843325780024,1013.2897725780024,-0.3,0.9329,0.4,0.9194,long_nclose,0.36776000000000003,0.00036293860289376376,9.0
1673828400000.0,21620,1673828400000.0,0.0008000000000000008,-1.8548000000000003e-05,1013.2851140300024,1013.2867940300024,-0.1,0.9274,0.3,0.9194,long_nclose,0.27582,0.00027220374224488334,7.0
1673828520000.0,21622,1673828520000.0,0.0008000000000000008,-1.8548000000000003e-05,1013.2858954820025,1013.2878154820025,-0.1,0.9274,0.2,0.9194,long_nclose,0.18388000000000002,0.0001814690215465118,2.0
1673829120000.0,21632,1673829120000.0,0.0008000000000000008,-1.8548000000000003e-05,1013.2866769340026,1013.2875369340026,-0.1,0.9274,0.1,0.9194,long_nclose,0.09194000000000001,9.073444079832528e-05,10.0
1673829540000.0,21639,1673829540000.0,0.0013499999999999957,-1.8658e-05,1013.2880082760025,1013.2880082760025,-0.1,0.9329,0.0,0.9194,long_nclose,0.0,0.0,7.0
1673856480000.0,22088,1673856480000.0,0.0,-0.01013472,1013.2778735560025,1013.0330735560026,54.4,0.9315,54.4,0.9315,long_ientry_normal,50.6736,0.05000957913170038,449.0
1673856540000.0,22089,1673856540000.0,0.0,-0.013910908000000001,1013.2639626480026,1011.5658226480026,77.3,0.8998,131.7,0.9128940015186029,long_rentry,120.22814,0.11865431361617072,1.0
1673856600000.0,22090,1673856600000.0,0.08244735003796452,-0.006023332,1013.3403866660404,1012.7580593160025,-32.9,0.9154,98.8,0.9128940015186029,long_nclose,90.19392735003797,0.08900654561571575,1.0
1673856780000.0,22093,1673856780000.0,0.06189816249050832,-0.004522076,1013.397762752531,1013.4797172400025,-24.7,0.9154,74.1,0.9128940015186029,long_nclose,67.64544551252847,0.06675112971316802,3.0
1673856960000.0,22096,1673856960000.0,0.046360971905846315,-0.00338698,1013.4407367444369,1013.5578302600026,-18.5,0.9154,55.6,0.9128940015186029,long_nclose,50.756906484434325,0.05008374406527718,3.0
1673857020000.0,22097,1673857020000.0,0.034833378891419665,-0.002544812,1013.4730253113283,1013.6859454480026,-13.9,0.9154,41.7,0.9128940015186029,long_nclose,38.06767986332574,0.03756161132323354,1.0
1673857080000.0,22098,1673857080000.0,0.0,-0.0024786,1013.4705467113283,1013.6834668480026,13.5,0.918,55.2,0.9141427511472054,long_ientry_partial,50.460679863325744,0.049789981590554006,1.0
1673857800000.0,22110,1673857800000.0,0.03529003416856429,-0.0025300920000000003,1013.5033066534969,1013.5801967560026,-13.8,0.9167,41.4,0.9141427511472054,long_nclose,37.8455098974943,0.03734127915424076,12.0
1673857860000.0,22111,1673857860000.0,0.0,-0.0025464800000000003,1013.5007601734969,1013.4670502760026,13.9,0.916,55.3,0.9146095822331701,long_ientry_partial,50.57790989749431,0.04990416572439086,1.0
1673858280000.0,22118,1673858280000.0,0.03436776518225262,-0.0025311960000000003,1013.5325967426792,1013.6317990800026,-13.8,0.9171,41.5,0.9146095822331701,long_nclose,37.95629766267656,0.037449508565054176,7.0
1673858340000.0,22119,1673858340000.0,0.02565130299834797,-0.0018892260000000001,1013.5563588196775,1013.6309398540026,-10.3,0.9171,31.2,0.9146095822331701,long_nclose,28.535818965674906,0.028154151189881425,1.0
1673858400000.0,22120,1673858400000.0,0.0,-0.004419940000000001,1013.5519388796774,1013.6265199140025,24.1,0.917,55.3,0.9156513375348085,long_ientry_partial,50.63551896567491,0.04995848463537501,1.0
1673861280000.0,22168,1673861280000.0,0.035171542019642364,-0.0025342320000000004,1013.584576189697,1013.7650456820024,-13.8,0.9182,41.5,0.9156513375348085,long_nclose,37.99953050769455,0.0374902414661278,48.0
1673861340000.0,22169,1673861340000.0,0.0,-0.0025024,1013.582073789697,1013.7074432820025,13.6,0.92,55.1,0.9167246916097015,long_ientry_partial,50.51153050769455,0.04983467231108009,1.0
1673861400000.0,22170,1673861400000.0,0.03528172494708964,-0.002518882,1013.6148366326441,1013.7504344000025,-13.7,0.9193,41.4,0.9167246916097015,long_nclose,37.95240223264164,0.03744262698316876,1.0
1673861520000.0,22172,1673861520000.0,0.0,-0.0025208,1013.6123158326442,1013.6928136000025,13.7,0.92,55.1,0.9175390604835143,long_ientry_partial,50.55640223264164,0.04987745456813186,2.0
1673861760000.0,22176,1673861760000.0,0.03508487137585446,-0.0025210740000000003,1013.64487963002,1013.7881625260026,-13.7,0.9201,41.4,0.9175390604835143,long_nclose,37.98611710401749,0.037474778265424086,4.0
1673861820000.0,22177,1673861820000.0,0.0,-0.0025051200000000004,1013.64237451002,1013.6756574060025,13.6,0.921,55.0,0.9183948564366816,long_ientry_partial,50.51171710401749,0.04983189177389523,1.0
1673863500000.0,22205,1673863500000.0,0.03432046681746256,-0.002523266,1013.6741717108374,1013.7817641400025,-13.7,0.9209,41.3,0.9183948564366816,long_nclose,37.92970757083495,0.037418046774160926,28.0
1673864220000.0,22217,1673864220000.0,0.0,-0.00251328,1013.6716584308374,1013.7933508600024,13.6,0.924,54.9,0.9197833801609281,long_ientry_partial,50.49610757083495,0.049815053179056885,12.0
1673864460000.0,22221,1673864460000.0,0.034477691795285315,-0.0025271020000000003,1013.7036090206326,1013.8361337580023,-13.7,0.9223,41.2,0.9197833801609281,long_nclose,37.89507526263024,0.0373827960415784,4.0
1673864700000.0,22225,1673864700000.0,0.0,-0.00252902,1013.7010800006326,1013.7238047380024,13.7,0.923,54.9,0.9205860703575637,long_ientry_partial,50.54017526263024,0.04985707942877865,4.0
1673865960000.0,22246,1673865960000.0,0.034440836101378026,-0.002529294,1013.7329915427339,1013.7912454440022,-13.7,0.9231,41.2,0.9205860703575637,long_nclose,37.928146098731624,0.037414335347822965,21.0
1673866080000.0,22248,1673866080000.0,0.0,-0.0025447200000000003,1013.7304468227339,1013.6787007240023,13.8,0.922,55.0,0.9209408381587569,long_ientry_partial,50.65174609873163,0.049965694783545206,2.0
1673882040000.0,22514,1673882040000.0,0.0,-0.013895551999999999,1013.7165512707339,1011.1143451720023,78.1,0.8896,133.1,0.9025507595697342,long_rentry,120.12950609873161,0.11850403936696556,266.0
1673883360000.0,22536,1673883360000.0,0.0846347822848256,-0.006009864,1013.7951761890188,1013.9399553080024,-33.2,0.9051,99.9,0.9025507595697342,long_nclose,90.16482088101645,0.08893790678700716,22.0
1673883720000.0,22542,1673883720000.0,0.06347608671361919,-0.004507398,1013.8541448777324,1014.1128379100023,-24.9,0.9051,75.0,0.9025507595697342,long_nclose,67.69130696773006,0.06676631674262516,6.0
1673883960000.0,22546,1673883960000.0,0.04767079604597104,-0.0033850740000000005,1013.8984305997784,1014.1489228360024,-18.7,0.9051,56.3,0.9025507595697342,long_nclose,50.813607763776034,0.05011705929332281,4.0
1673885580000.0,22573,1673885580000.0,0.035689366023721636,-0.0025342800000000003,1013.9315856858021,1014.0774885560023,-14.0,0.9051,42.3,0.9025507595697342,long_nclose,38.17789712979975,0.03765332658413735,27.0
1673885880000.0,22578,1673885880000.0,0.0,-0.0024824400000000003,1013.9291032458021,1014.0190061160024,13.7,0.906,56.0,0.903394591603567,long_ientry_partial,50.59009712979976,0.04989510308743494,5.0
1673885940000.0,22579,1673885940000.0,0.03507571755006178,-0.0025365200000000004,1013.9616424433522,1014.1130695960023,-14.0,0.9059,42.0,0.903394591603567,long_nclose,37.942572847349815,0.03742012642205998,1.0
1673886360000.0,22586,1673886360000.0,0.0,-0.0025060800000000004,1013.9591363633522,1014.0967635160024,13.8,0.908,55.8,0.9045335635725773,long_ientry_partial,50.47297284734981,0.04977811337484001,7.0
1673890980000.0,22663,1673890980000.0,0.03428346634117587,-0.00252146,1013.9908983696934,1014.1361420560023,-13.9,0.907,41.9,0.9045335635725773,long_nclose,37.899956313690986,0.037377018249993156,77.0
1673891040000.0,22664,1673891040000.0,0.0,-0.00252424,1013.9883741296934,1014.0778178160024,13.9,0.908,55.8,0.9053970665536021,long_ientry_partial,50.521156313690994,0.04982419680802881,1.0
1673891220000.0,22667,1673891220000.0,0.03479077490493163,-0.0025239620000000003,1014.0206409425982,1014.1297038540023,-13.9,0.9079,41.9,0.9053970665536021,long_nclose,37.93613708859593,0.03741160244364633,3.0
1673892000000.0,22680,1673892000000.0,0.0,-0.0025116000000000006,1014.0181293425982,1014.0995922540022,13.8,0.91,55.7,0.9065374701722787,long_ientry_partial,50.49413708859593,0.04979608907123975,13.0
1673893020000.0,22697,1673893020000.0,0.03561916460532629,-0.0025272980000000003,1014.0512212092035,1014.1541549560022,-13.9,0.9091,41.8,0.9065374701722787,long_nclose,37.89326625320125,0.037368197444716346,17.0
1673893080000.0,22698,1673893080000.0,0.0,-0.0025452000000000005,1014.0486760092035,1014.0958097560023,14.0,0.909,55.8,0.907155309197155,long_ientry_partial,50.619266253201246,0.049917984659684944,1.0
1673893500000.0,22705,1673893500000.0,0.03537120215954436,-0.002528966,1014.0815182453631,1014.2007107900023,-13.9,0.9097,41.9,0.907155309197155,long_nclose,38.00980745536079,0.03748200393310402,7.0
1673893560000.0,22706,1673893560000.0,0.0,-0.0025116000000000006,1014.079006645363,1014.1424991900022,13.8,0.91,55.7,0.9078600979418455,long_ientry_partial,50.5678074553608,0.04986574726819588,1.0
1673894160000.0,22716,1673894160000.0,0.03530463860834705,-0.002530912,1014.1117803719713,1014.2430282780022,-13.9,0.9104,41.8,0.9078600979418455,long_nclose,37.94855209396914,0.03742048246402364,10.0
1673895480000.0,22738,1673895480000.0,0.1103646386083465,-0.0025459239999999998,1014.2195990865797,1014.4467023540022,-13.9,0.9158,27.9,0.9078600979418455,long_nclose,25.32929673257749,0.02497417399090829,22.0
1673895600000.0,22740,1673895600000.0,0.07384108914083615,-0.0017033880000000001,1014.2917367877205,1014.4431389660023,-9.3,0.9158,18.6,0.9078600979418455,long_nclose,16.886197821718326,0.016648265197542877,2.0
1673896500000.0,22755,1673896500000.0,0.12406108914083681,-0.0017134320000000004,1014.4140844448614,1014.5362855340022,-9.3,0.9212,9.3,0.9078600979418455,long_nclose,8.443098910859163,0.008323128631913321,15.0
1673896560000.0,22756,1673896560000.0,0.06136354946751068,-0.000847504,1014.4746004903288,1014.5363580300021,-4.6,0.9212,4.7,0.9078600979418455,long_nclose,4.266942460326674,0.004206061401896431,1.0
1673897640000.0,22774,1673897640000.0,0.011909853087231637,-0.00027474,1014.486235603416,1014.5122832900022,-1.5,0.9158,3.2,0.9078600979418455,long_nclose,2.9051523134139057,0.0028636685363068745,18.0
1673898660000.0,22791,1673898660000.0,0.007939902058154424,-0.00018316,1014.4939923454742,1014.5119001300021,-1.0,0.9158,2.2,0.9078600979418455,long_nclose,1.9972922154720603,0.001968757065632682,17.0
1673898900000.0,22795,1673898900000.0,0.005557931440708097,-0.000128212,1014.4994220649149,1014.5116319180022,-0.7,0.9158,1.5,0.9078600979418455,long_nclose,1.3617901469127682,0.0013423271786010256,4.0
1673900220000.0,22817,1673900220000.0,0.003969951029077212,-9.158e-05,1014.503300435944,1014.5114403380021,-0.5,0.9158,1.0,0.9078600979418455,long_nclose,0.9078600979418455,0.0008948813646557161,22.0
1673900400000.0,22820,1673900400000.0,0.0023819706174463273,-5.4947999999999996e-05,1014.5056274585614,1014.5099253900022,-0.3,0.9158,0.7,0.9078600979418455,long_nclose,0.6355020685592918,0.0006264155184149036,3.0
1673900580000.0,22823,1673900580000.0,0.0015879804116308849,-3.6632e-05,1014.507178806973,1014.5112487580021,-0.2,0.9158,0.5,0.9078600979418455,long_nclose,0.45393004897092276,0.0004474389718017861,3.0
1673900760000.0,22826,1673900760000.0,0.0007939902058154424,-1.8316e-05,1014.5079544811788,1014.511610442002,-0.1,0.9158,0.4,0.9078600979418455,long_nclose,0.3631440391767382,0.0003579509037585129,3.0
1673901240000.0,22834,1673901240000.0,0.0026679804116308994,-3.6848000000000004e-05,1014.5105856135904,1014.513013594002,-0.2,0.9212,0.2,0.9078600979418455,long_nclose,0.1815720195883691,0.00017897498770656176,8.0
1673902920000.0,22862,1673902920000.0,0.0007939902058154424,-1.8316e-05,1014.5113612877961,1014.512175278002,-0.1,0.9158,0.1,0.9078600979418455,long_nclose,0.09078600979418455,8.94874254330114e-05,28.0
1673903880000.0,22878,1673903880000.0,0.0,-0.01012986,1014.5012314277961,1014.468345418002,55.5,0.9126,55.6,0.9125914749962983,long_ientry_partial,50.74008600979419,0.050014809679810084,16.0
1673904780000.0,22893,1673904780000.0,0.034868497551453485,-0.0025439780000000006,1014.5335559473476,1014.633991440002,-13.9,0.9151,41.7,0.9125914749962983,long_nclose,38.05506450734564,0.037509912101242146,15.0
1673904840000.0,22894,1673904840000.0,0.02608866003849757,-0.001903408,1014.5577411993861,1014.664428032002,-10.4,0.9151,31.3,0.9125914749962983,long_nclose,28.56411316738414,0.02815425086956246,1.0
1673905020000.0,22897,1673905020000.0,0.019566495028873174,-0.0014275560000000002,1014.5758801384151,1014.702980476002,-7.8,0.9151,23.5,0.9125914749962983,long_nclose,21.445899662413012,0.021137797657369128,3.0
1673907300000.0,22935,1673907300000.0,0.06246649502887278,-0.001436136,1014.6369104974439,1014.768924340002,-7.8,0.9206,15.7,0.9125914749962983,long_nclose,14.327686157441883,0.014120998368192104,38.0
1673907420000.0,22937,1673907420000.0,0.04164433001924852,-0.000957424,1014.6775974034631,1014.7658869160019,-5.2,0.9206,10.5,0.9125914749962983,long_nclose,9.582210487461133,0.009443601112295957,2.0
1673908680000.0,22958,1673908680000.0,0.006522165009624392,-0.000475852,1014.6836437164727,1014.718471064002,-2.6,0.9151,7.9,0.9125914749962983,long_nclose,7.209472652470757,0.007105143260282275,21.0
1673910000000.0,22980,1673910000000.0,0.0,-0.008697472000000001,1014.6749462444727,1014.649613592002,47.6,0.9136,55.5,0.9134564441886622,long_ientry_partial,50.69683265247075,0.04996361922614773,22.0
1673913480000.0,23038,1673913480000.0,0.03510107019646171,-0.00252816,1014.7075191546692,1014.855285432002,-13.8,0.916,41.7,0.9134564441886622,long_nclose,38.091133722667216,0.03753902775294315,58.0
1673913660000.0,23041,1673913660000.0,0.0,-0.002520984,1014.7049981706692,1014.513944448002,13.8,0.9134,55.5,0.9134424094174274,long_ientry_partial,50.69605372266722,0.04996137184113915,3.0
1673914020000.0,23047,1673914020000.0,0.035294750039502644,-0.00252816,1014.7377647607087,1014.927816288002,-13.8,0.916,41.7,0.9134424094174274,long_nclose,38.09054847270672,0.03753733210243641,6.0
1673914140000.0,23049,1673914140000.0,0.11061050909775937,-0.0025614920000000003,1014.8458137778065,1015.028114796002,-13.9,0.9214,27.8,0.9134424094174274,long_nclose,25.393698981804484,0.02502222370832409,2.0
1673914200000.0,23050,1673914200000.0,0.07320983335966806,-0.001695376,1014.9173282351661,1015.0950994200019,-9.2,0.9214,18.6,0.9134424094174274,long_nclose,16.990028815164152,0.016740308143824892,1.0
1673914320000.0,23052,1673914320000.0,0.04933706161195022,-0.001142536,1014.9655227607781,1015.096436884002,-6.2,0.9214,12.4,0.9134424094174274,long_nclose,11.3266858767761,0.011159675499091548,2.0
1673914380000.0,23053,1673914380000.0,0.0834370616119499,-0.001149356,1015.0478104663899,1015.1256675280018,-6.2,0.9269,6.2,0.9134424094174274,long_nclose,5.66334293838805,0.005579385404305124,1.0
1673914500000.0,23055,1673914500000.0,0.04171853080597495,-0.000574678,1015.0889543191959,1015.1371828500019,-3.1,0.9269,3.1,0.9134424094174274,long_nclose,2.831671469194025,0.002789579629593332,2.0
1673914740000.0,23059,1673914740000.0,0.020186385873858848,-0.00027807,1015.1088626350697,1015.1305547800018,-1.5,0.9269,1.6,0.9134424094174274,long_nclose,1.461507855067884,0.0014397547976027218,4.0
1673915460000.0,23071,1673915460000.0,0.0,-0.009855076,1015.0990075590697,1015.1446197040018,53.9,0.9142,55.5,0.9141781595507726,long_ientry_partial,50.736887855067884,0.04998220614664078,12.0
1673915640000.0,23074,1673915640000.0,0.03480139819933701,-0.0025300920000000003,1015.131278865269,1015.2489496120018,-13.8,0.9167,41.7,0.9141781595507726,long_nclose,38.121229253267224,0.0375530042733781,3.0
1673915820000.0,23077,1673915820000.0,0.026227140671964123,-0.0019067360000000002,1015.1555992699409,1015.3378228760017,-10.4,0.9167,31.3,0.9141781595507726,long_nclose,28.613776393939183,0.02818659170526869,3.0
1673916240000.0,23084,1673916240000.0,0.01967035550397309,-0.001430052,1015.1738395734449,1015.2401528240017,-7.8,0.9167,23.5,0.9141781595507726,long_nclose,21.483186749443156,0.021162076791172976,7.0
1673916540000.0,23089,1673916540000.0,0.0,-0.005851520000000001,1015.1679880534449,1015.2652013040017,32.0,0.9143,55.5,0.9142484098998767,long_ientry_partial,50.74078674944315,0.04998265050372317,5.0
1673917140000.0,23099,1673917140000.0,0.035211943381701416,-0.0025303680000000003,1015.2006696288266,1015.3154109360017,-13.8,0.9168,41.7,0.9142484098998767,long_nclose,38.12415869282486,0.037553323035891664,10.0
1673917860000.0,23111,1673917860000.0,0.0,-0.00252402,1015.1981456088266,1015.1808869160018,13.8,0.9145,55.5,0.9143109674382858,long_ientry_partial,50.74425869282486,0.04998458568144144,12.0
1673918760000.0,23126,1673918760000.0,0.03434864935165565,-0.0025303680000000003,1015.2299638901783,1015.3003965480018,-13.8,0.9168,41.7,0.9143109674382858,long_nclose,38.12676734217652,0.037554808957845985,15.0
1673918820000.0,23127,1673918820000.0,0.025885938641827446,-0.001906944,1015.2539428848202,1015.3381096040018,-10.4,0.9168,31.3,0.9143109674382858,long_nclose,28.617933280818345,0.028187955812809907,1.0
1673919120000.0,23132,1673919120000.0,0.08308593864182807,-0.0019183840000000002,1015.335110439462,1015.5167112200019,-10.4,0.9223,20.9,0.9143109674382858,long_nclose,19.10909921946017,0.01882048500340866,5.0
1673919360000.0,23136,1673919360000.0,0.05512432467582824,-0.0012727740000000002,1015.3889619901379,1015.4966084460019,-6.9,0.9223,14.0,0.9143109674382858,long_nclose,12.800353544136001,0.01260635482884078,4.0
1673919420000.0,23137,1673919420000.0,0.03674954978388549,-0.0008485159999999999,1015.4248630239217,1015.5253399300018,-4.6,0.9223,9.4,0.9143109674382858,long_nclose,8.594523093919886,0.008463967553764155,1.0
1673919660000.0,23141,1673919660000.0,0.06292845304005673,-0.0008720380000000001,1015.4869194389618,1015.5512578920018,-4.7,0.9277,4.7,0.9143109674382858,long_nclose,4.297261546959943,0.004231725160314327,4.0
1673920800000.0,23160,1673920800000.0,0.011983548842571357,-0.00027669,1015.4986262978043,1015.5296312020018,-1.5,0.9223,3.2,0.9143109674382858,long_nclose,2.9257950958025147,0.002881141362513767,19.0
1673921220000.0,23167,1673921220000.0,0.007989032561714238,-0.00018446,1015.506430870366,1015.5255467420018,-1.0,0.9223,2.2,0.9143109674382858,long_nclose,2.011484128364229,0.00198076946360668,7.0
1673922420000.0,23187,1673922420000.0,0.0,-0.009743048,1015.496687822366,1015.4609636940017,53.2,0.9157,55.4,0.9156448398621703,long_ientry_partial,50.72672412836423,0.049952623909727135,20.0
1673922420000.0,23187,1673922420000.0,0.0005775800689148403,-9.168e-05,1015.4971737224349,1015.4617720140018,-0.5,0.9168,54.9,0.9156448398621703,long_nclose,50.26890170843315,0.04950176426800486,0.0
1673923440000.0,23204,1673923440000.0,0.035005693888267554,-0.002515868,1015.5296635483231,1015.6678961460017,-13.7,0.9182,41.2,0.9156448398621703,long_nclose,37.72456740232142,0.03714767648490883,17.0
1673923560000.0,23206,1673923560000.0,0.02631814941964641,-0.0018914920000000003,1015.5540902057428,1015.6577646540018,-10.3,0.9182,30.9,0.9156448398621703,long_nclose,28.29342555174106,0.027860087241644654,2.0
1673929200000.0,23300,1673929200000.0,0.081938149419646,-0.0019026160000000002,1015.6341257391624,1015.8474420380018,-10.3,0.9236,20.6,0.9156448398621703,long_nclose,18.86228370116071,0.01857192784599773,94.0
1673934060000.0,23381,1673934060000.0,0.13858814941964664,-0.0019139460000000004,1015.7707999425821,1015.9186580920018,-10.3,0.9291,10.3,0.9156448398621703,long_nclose,9.431141850580355,0.009284714476054503,81.0
1673934300000.0,23385,1673934300000.0,0.06862131670293181,-0.000947682,1015.8384735772851,1015.9131204100017,-5.1,0.9291,5.2,0.9156448398621703,long_nclose,4.761353167283286,0.004687116398058969,4.0
1673935080000.0,23398,1673935080000.0,0.0349834163583574,-0.0004831320000000001,1015.8729738616435,1015.9102972780018,-2.6,0.9291,2.6,0.9156448398621703,long_nclose,2.380676583641643,0.0023434786089366706,13.0
1673935860000.0,23411,1673935860000.0,0.0174917081791787,-0.00024156600000000005,1015.8902240038226,1015.9062857120018,-1.3,0.9291,1.3,0.9156448398621703,long_nclose,1.1903382918208214,0.0011717194079587307,13.0
1673938980000.0,23463,1673938980000.0,0.0031820640551318835,-7.388800000000001e-05,1015.8933321798778,1015.9008518240018,-0.4,0.9236,0.9,0.9156448398621703,long_nclose,0.8240803558759533,0.0008111878774788913,52.0
1673940120000.0,23482,1673940120000.0,0.005382064055131908,-7.432800000000001e-05,1015.8986399159329,1015.9058174960019,-0.4,0.9291,0.5,0.9156448398621703,long_nclose,0.45782241993108513,0.00045065757738288795,19.0
1673940300000.0,23485,1673940300000.0,0.002691032027565954,-3.7164000000000005e-05,1015.9012937839605,1015.9056003320018,-0.2,0.9291,0.3,0.9156448398621703,long_nclose,0.2746934519586511,0.0002703938400703197,3.0
1673942580000.0,23523,1673942580000.0,0.001345516013782977,-1.8582000000000003e-05,1015.9026207179742,1015.9054917500017,-0.1,0.9291,0.2,0.9156448398621703,long_nclose,0.18312896797243405,0.00018026232459466475,38.0
1673944440000.0,23554,1673944440000.0,0.001345516013782977,-1.8582000000000003e-05,1015.9039476519879,1015.9053831680017,-0.1,0.9291,0.1,0.9156448398621703,long_nclose,0.09156448398621703,9.013104457153239e-05,31.0
1673945580000.0,23573,1673945580000.0,0.001885516013782973,-1.8690000000000002e-05,1015.9058144780016,1015.9058144780016,-0.1,0.9345,0.0,0.9156448398621703,long_nclose,0.0,0.0,19.0
1674005160000.0,24566,1674005160000.0,0.0,-0.010167140000000002,1015.8956473380016,1015.9384473380015,53.5,0.9502,53.5,0.9502,long_ientry_normal,50.8357,0.050040277397788976,993.0
1674005400000.0,24570,1674005400000.0,0.034579999999999146,-0.0025344480000000003,1015.9276928900016,1016.0402528900016,-13.3,0.9528,40.2,0.9502,long_nclose,38.198040000000006,0.037599171936477424,4.0
1674006000000.0,24580,1674006000000.0,0.025999999999999357,-0.0019056000000000001,1015.9517872900016,1016.0363472900016,-10.0,0.9528,30.2,0.9502,long_nclose,28.69604,0.028245474203598964,10.0
1674006840000.0,24594,1674006840000.0,0.08299999999999974,-0.0019170000000000003,1016.0328702900015,1016.2106302900015,-10.0,0.9585,20.2,0.9502,long_nclose,19.19404,0.01889116047448498,14.0
1674006960000.0,24596,1674006960000.0,0.055609999999999826,-0.0012843900000000003,1016.0871959000015,1016.2194959000014,-6.7,0.9585,13.5,0.9502,long_nclose,12.8277,0.012624605498190377,2.0
1674008220000.0,24617,1674008220000.0,0.09379999999999934,-0.001292028,1016.1797038720015,1016.2735438720015,-6.7,0.9642,6.8,0.9502,long_nclose,6.46136,0.006358481649830192,21.0
1674008280000.0,24618,1674008280000.0,0.04759999999999966,-0.000655656,1016.2266482160014,1016.2769682160015,-3.4,0.9642,3.4,0.9502,long_nclose,3.23068,0.003179093960654839,1.0
1674009600000.0,24640,1674009600000.0,0.02379999999999983,-0.000327828,1016.2501203880015,1016.2786803880015,-1.7,0.9642,1.7,0.9502,long_nclose,1.61534,0.001589510266806431,22.0
1674009780000.0,24643,1674009780000.0,0.03331999999999991,-0.000329732,1016.2831106560016,1016.2831106560016,-1.7,0.9698,0.0,0.9502,long_nclose,0.0,0.0,3.0
1674024180000.0,24883,1674024180000.0,0.0,-0.010171772,1016.2729388840015,1016.2089788840016,53.3,0.9542,53.3,0.9542,long_ientry_normal,50.85886,0.05004448908759646,240.0
1674050880000.0,25328,1674050880000.0,0.034579999999999146,-0.0025450880000000005,1016.3049737960015,1016.3769737960015,-13.3,0.9568,40.0,0.9542,long_nclose,38.168,0.037555656012819336,445.0
1674050940000.0,25329,1674050940000.0,0.025999999999999357,-0.0019136000000000001,1016.3290601960015,1016.4130601960014,-10.0,0.9568,30.0,0.9542,long_nclose,28.626,0.0281660744744221,1.0
1674051060000.0,25331,1674051060000.0,0.019499999999999518,-0.0014352000000000002,1016.3471249960015,1016.3876249960015,-7.5,0.9568,22.5,0.9542,long_nclose,21.4695,0.021124180382843572,2.0
1674051180000.0,25333,1674051180000.0,0.01455999999999964,-0.0010716159999999998,1016.3606133800015,1016.4417333800016,-5.6,0.9568,16.9,0.9542,long_nclose,16.12598,0.015866396028838187,2.0
1674051660000.0,25341,1674051660000.0,0.046479999999999855,-0.001078,1016.4060153800015,1016.4828553800014,-5.6,0.9625,11.3,0.9542,long_nclose,10.78246,0.010608418129017846,8.0
1674051900000.0,25345,1674051900000.0,0.00727999999999982,-0.0005358079999999999,1016.4127595720015,1016.4365595720016,-2.8,0.9568,8.5,0.9542,long_nclose,8.1107,0.00797973060020942,4.0
1674052200000.0,25350,1674052200000.0,0.005459999999999865,-0.000401856,1016.4178177160014,1016.4357377160014,-2.1,0.9568,6.4,0.9542,long_nclose,6.10688,0.006008237846245953,5.0
1674052440000.0,25354,1674052440000.0,0.004159999999999897,-0.000306176,1016.4216715400014,1016.4303115400014,-1.6,0.9568,4.8,0.9542,long_nclose,4.58016,0.004506161299237654,4.0
1674052500000.0,25355,1674052500000.0,0.0031199999999999227,-0.00022963199999999999,1016.4245619080014,1016.4310419080014,-1.2,0.9568,3.6,0.9542,long_nclose,3.4351200000000004,0.0033796113639281773,1.0
1674052560000.0,25356,1674052560000.0,0.0023399999999999424,-0.000172224,1016.4267296840013,1016.4342896840013,-0.9,0.9568,2.7,0.9542,long_nclose,2.5763400000000005,0.0025347031170667497,1.0
1674052980000.0,25363,1674052980000.0,0.0015599999999999614,-0.00011481599999999999,1016.4281748680014,1016.4340548680015,-0.6,0.9568,2.1,0.9542,long_nclose,2.00382,0.001971432954679977,7.0
1674053100000.0,25365,1674053100000.0,0.0012999999999999678,-9.568e-05,1016.4293791880015,1016.4338591880014,-0.5,0.9568,1.6,0.9542,long_nclose,1.52672,0.0015020423762442368,2.0
1674053280000.0,25368,1674053280000.0,0.0010399999999999743,-7.6544e-05,1016.4303426440015,1016.4337026440015,-0.4,0.9568,1.2,0.9542,long_nclose,1.14504,0.0011265307143640076,3.0
1674054000000.0,25380,1674054000000.0,0.0007799999999999807,-5.7407999999999997e-05,1016.4310652360015,1016.4344852360015,-0.3,0.9568,0.9,0.9542,long_nclose,0.8587800000000001,0.000844897435125719,12.0
1674054420000.0,25387,1674054420000.0,0.0024899999999999922,-5.775e-05,1016.4334974860014,1016.4381774860015,-0.3,0.9625,0.6,0.9542,long_nclose,0.57252,0.0005632636088991989,7.0
1674054480000.0,25388,1674054480000.0,0.0016599999999999948,-3.85e-05,1016.4351189860015,1016.4382389860015,-0.2,0.9625,0.4,0.9542,long_nclose,0.38168,0.0003755084735568415,1.0
1674054660000.0,25391,1674054660000.0,0.0008299999999999974,-1.925e-05,1016.4359297360014,1016.4385697360015,-0.1,0.9625,0.3,0.9542,long_nclose,0.28626,0.00028163113052718456,3.0
1674054900000.0,25395,1674054900000.0,0.0008299999999999974,-1.925e-05,1016.4367404860013,1016.4385004860013,-0.1,0.9625,0.2,0.9542,long_nclose,0.19084,0.00018775393725806424,4.0
1674055680000.0,25408,1674055680000.0,0.0002599999999999936,-1.9136e-05,1016.4369813500014,1016.4373613500013,-0.1,0.9568,0.1,0.9542,long_nclose,0.09542,9.387694638310581e-05,13.0
1674056340000.0,25419,1674056340000.0,0.0,-0.010145408000000002,1016.4268359420014,1016.4582759420014,53.6,0.9464,53.7,0.9464145251396647,long_ientry_partial,50.82246,0.05000110013122479,11.0
1674056400000.0,25420,1674056400000.0,0.034645363128492,-0.00254332,1016.4589379851299,1016.6034326220014,-13.4,0.949,40.3,0.9464145251396647,long_nclose,38.14050536312848,0.03752291798302476,1.0
1674056520000.0,25422,1674056520000.0,0.0,-0.0025363520000000004,1016.4564016331299,1016.4343362700014,13.4,0.9464,53.7,0.9464109006169178,long_ientry_partial,50.82226536312849,0.049999454262349946,2.0
1674057240000.0,25434,1674057240000.0,0.0,-0.013950692,1016.4424509411299,1011.9567255780014,76.3,0.9142,130.0,0.9275055797163729,long_rentry,120.57572536312848,0.11862523574402735,12.0
1674057240000.0,25434,1674057240000.0,0.0,-0.03301327800000001,1016.4094376631299,1011.7944223000014,184.7,0.8937,314.7,0.9076648089073038,long_rentry,285.6421153631285,0.2810305618765804,0.0
1674057300000.0,25435,1674057300000.0,0.0,-0.14614556,1016.2632921031299,1038.3282767400012,840.4,0.8695,1155.1,0.8798977710701485,long_rentry,1016.3699153631285,1.0001049169647542,1.0
1674057360000.0,25436,1674057360000.0,22.064984636871433,-0.20768698,1038.1205897600014,1038.1205897600014,-1155.1,0.899,0.0,0.8798977710701485,long_nclose,0.0,0.0,1.0
1674057420000.0,25437,1674057420000.0,0.0,-0.010389400000000002,1038.1102003600015,1038.1102003600015,57.4,0.905,57.4,0.905,long_ientry_normal,51.947,0.050039966837803485,1.0
1674057480000.0,25438,1674057480000.0,0.03574999999999924,-0.00259545,1038.1433549100016,1038.1433549100016,-14.3,0.9075,43.1,0.905,long_nclose,39.005500000000005,0.03757236398568622,1.0
1674057540000.0,25439,1674057540000.0,0.0,-0.0025883000000000004,1038.1407666100015,1038.0833666100016,14.3,0.905,57.4,0.905,long_ientry_partial,51.947,0.050038493497977565,1.0
1674058860000.0,25461,1674058860000.0,0.0,-0.01424946,1038.1265171500015,1036.1919171500015,81.5,0.8742,138.9,0.8869280057595391,long_rentry,123.19429999999998,0.11866983259247517,22.0
1674059160000.0,25466,1674059160000.0,0.08577820014399153,-0.006172436000000001,1038.2061229141455,1038.3178247140015,-34.7,0.8894,104.2,0.8869280057595391,long_nclose,92.41789820014398,0.08901690729846186,5.0
1674061140000.0,25499,1674061140000.0,0.06427185025198212,-0.00462488,1038.2657698843975,1038.5841998340015,-26.0,0.8894,78.2,0.8869280057595391,long_nclose,69.35777005039596,0.06680155704075497,33.0
1674061140000.0,25499,1674061140000.0,0.20207185025198426,-0.00465244,1038.4631892946495,1038.6757473940015,-26.0,0.8947,52.2,0.8869280057595391,long_nclose,46.297641900647946,0.044582843549894606,0.0
1674061200000.0,25500,1674061200000.0,0.13523269978402022,-0.003113556,1038.5953084384334,1038.6674138380015,-17.4,0.8947,34.8,0.8869280057595391,long_nclose,30.86509460043196,0.029718114793758094,1.0
1674061260000.0,25501,1674061260000.0,0.0215063498920094,-0.0015475559999999998,1038.6152672323253,1038.7737462820014,-8.7,0.8894,26.1,0.8869280057595391,long_nclose,23.148820950323973,0.022288157781476043,1.0
1674061260000.0,25501,1674061260000.0,0.06761634989201011,-0.001556778,1038.6813268042174,1038.7869795040015,-8.7,0.8947,17.4,0.8869280057595391,long_nclose,15.43254730021598,0.01485782684444551,0.0
1674061320000.0,25502,1674061320000.0,0.0,-0.00728688,1038.6740399242174,1038.6050926240014,40.8,0.893,58.2,0.8911846615157384,long_ientry_partial,51.866947300215976,0.04993573085161562,1.0
1674061500000.0,25505,1674061500000.0,0.036472408021794134,-0.0025917300000000004,1038.7079206022393,1038.8746508940014,-14.5,0.8937,43.7,0.8911846615157384,long_nclose,38.94476970823777,0.03749347524533916,3.0
1674061560000.0,25506,1674061560000.0,0.0,-0.0025597000000000003,1038.7053609022394,1038.9880911940015,14.3,0.895,58.0,0.8921253397972029,long_ientry_partial,51.74326970823777,0.049815156112501986,1.0
1674061620000.0,25507,1674061620000.0,0.15005094191398513,-0.0034736140000000007,1038.8519382301533,1039.1566875800015,-19.3,0.8999,38.7,0.8921253397972029,long_nclose,34.525250650151754,0.033234043639530496,1.0
1674061680000.0,25508,1674061680000.0,0.0,-0.0034200000000000003,1038.8485182301533,1038.8647675800016,19.0,0.9,57.7,0.8947183821516769,long_ientry_partial,51.625250650151756,0.04969468574504369,1.0
1674061740000.0,25509,1674061740000.0,0.035735297015853006,-0.0025839360000000002,1038.8816695911692,1039.2402636440015,-14.4,0.8972,43.3,0.8947183821516769,long_nclose,38.741305947167604,0.037291355773380296,1.0
1674061740000.0,25509,1674061740000.0,0.1120552970158526,-0.0025992000000000003,1038.9911256881849,1039.2304644440014,-14.4,0.9025,28.9,0.8947183821516769,long_nclose,25.857361244183462,0.02488698950826612,0.0
1674061800000.0,25510,1674061800000.0,0.0,-0.00516516,1038.985960528185,1039.1677992840014,28.6,0.903,57.5,0.8988375868553646,long_ientry_partial,51.68316124418347,0.04974384949139208,1.0
1674061980000.0,25513,1674061980000.0,0.15017209106253454,-0.003463594,1039.1326690252474,1039.3693056900015,-19.1,0.9067,38.4,0.8988375868553646,long_nclose,34.515363335246,0.0332155502026733,3.0
1674062040000.0,25514,1674062040000.0,0.10063888825133205,-0.002321152,1039.2309867614988,1039.4143445380014,-12.8,0.9067,25.6,0.8988375868553646,long_nclose,23.010242223497336,0.02214160520290388,1.0
1674062100000.0,25515,1674062100000.0,0.0,-0.0057621600000000005,1039.225224601499,1039.2937823780017,31.8,0.906,57.4,0.9028056136497795,long_ientry_partial,51.821042223497344,0.04986507351509739,1.0
1674062100000.0,25515,1674062100000.0,0.0331022839768737,-0.0015413900000000001,1039.2567854954757,1039.3151909880014,-8.5,0.9067,48.9,0.9028056136497795,long_nclose,44.14719450747422,0.04247958264369341,0.0
1674074280000.0,25718,1674074280000.0,0.0,-0.012124969999999999,1039.2446605254756,1037.9542160180015,69.5,0.8723,118.4,0.8848990245563702,long_rentry,104.77204450747423,0.10081557162343091,203.0
1674117540000.0,26439,1674117540000.0,0.07402887313144256,-0.005253408,1039.313435990607,1039.5888026100015,-29.6,0.8874,88.8,0.8848990245563702,long_nclose,78.57903338060567,0.07560667519486954,721.0
1674117780000.0,26443,1674117780000.0,0.05552165484858191,-0.003940056,1039.3650175894559,1039.5715425540016,-22.2,0.8874,66.6,0.8848990245563702,long_nclose,58.93427503545425,0.056702192240544506,4.0
1674121800000.0,26510,1674121800000.0,0.041516192364254946,-0.0029461680000000003,1039.40358761382,1039.5586363860016,-16.6,0.8874,50.0,0.8848990245563702,long_nclose,44.244951227818504,0.04256763374214682,67.0
1674122100000.0,26515,1674122100000.0,0.0312621930453727,-0.0022185,1039.4326313068655,1039.5489178860016,-12.5,0.8874,37.5,0.8848990245563702,long_nclose,33.18371342086388,0.03192483324209518,5.0
1674122460000.0,26521,1674122460000.0,0.02325907162575729,-0.001650564,1039.454239814491,1039.5134873220015,-9.3,0.8874,28.2,0.8848990245563702,long_nclose,24.954152492489637,0.024006975522985162,6.0
1674122580000.0,26523,1674122580000.0,0.01750682810540871,-0.00124236,1039.4705042825963,1039.5362449620013,-7.0,0.8874,21.2,0.8848990245563702,long_nclose,18.759859320595048,0.018047514809996848,2.0
1674124260000.0,26551,1674124260000.0,0.0,-0.00665405,1039.4638502325963,1039.3835409120013,37.7,0.8825,58.9,0.8833634859184218,long_ientry_partial,52.030109320595045,0.050054755929176846,28.0
1674125280000.0,26568,1674125280000.0,0.03581675699919938,-0.002604252,1039.4970627375953,1039.525196660001,-14.7,0.8858,44.2,0.8833634859184218,long_nclose,39.04466607759425,0.03756111246218159,17.0
1674126180000.0,26583,1674126180000.0,0.0,-0.0025945499999999997,1039.4944681875954,1039.3679521100012,14.7,0.8825,58.9,0.8831479809438751,long_ientry_partial,52.01741607759425,0.050041070606454414,15.0
1674155640000.0,27074,1674155640000.0,0.03604468012503618,-0.0026036640000000003,1039.5279092037206,1039.6097684460012,-14.7,0.8856,44.2,0.8831479809438751,long_nclose,39.03514075771928,0.03755083477039134,491.0
1674155700000.0,27075,1674155700000.0,0.02697220961737401,-0.0019483200000000001,1039.5529330933377,1039.680820126001,-11.0,0.8856,33.2,0.8831479809438751,long_nclose,29.320512967336658,0.028204925438562612,1.0
1674155880000.0,27078,1674155880000.0,0.020351758165836755,-0.0014700960000000004,1039.5718147555035,1039.617930030001,-8.3,0.8856,24.9,0.8831479809438751,long_nclose,21.99038472550249,0.021153309866018637,3.0
1674155940000.0,27079,1674155940000.0,0.015202518147974442,-0.0010981440000000001,1039.5859191296515,1039.6392518860011,-6.2,0.8856,18.7,0.8831479809438751,long_nclose,16.514867243650464,0.01588600512930843,1.0
1674158460000.0,27121,1674158460000.0,0.04806251814797426,-0.001104716,1039.6328769317995,1039.7185271700012,-6.2,0.8909,12.5,0.8831479809438751,long_nclose,11.039349761798439,0.010618507750907369,42.0
1674158520000.0,27122,1674158520000.0,0.03178327813011201,-0.000730538,1039.6639296719297,1039.7298866320011,-4.1,0.8909,8.4,0.8831479809438751,long_nclose,7.418443039928552,0.00713542408100036,1.0
1674161160000.0,27166,1674161160000.0,0.021705653357149666,-0.000498904,1039.6851364212869,1039.7291077280013,-2.8,0.8909,5.6,0.8831479809438751,long_nclose,4.9456286932857,0.004756852358502604,44.0
1674163200000.0,27200,1674163200000.0,0.0034328266785748737,-0.00024796800000000005,1039.6883212799655,1039.7002997600011,-1.4,0.8856,4.2,0.8831479809438751,long_nclose,3.709221519964276,0.003567628340191255,34.0
1674165720000.0,27242,1674165720000.0,0.00245201905612491,-0.00017712,1039.6905961790217,1039.7029226400014,-1.0,0.8856,3.2,0.8831479809438751,long_nclose,2.826073539020401,0.0027181870735452783,42.0
1674167220000.0,27267,1674167220000.0,0.001961615244899928,-0.00014169600000000002,1039.6924160982667,1039.6992609440015,-0.8,0.8856,2.4,0.8831479809438751,long_nclose,2.1195551542653,0.0020386367366413203,25.0
1674169260000.0,27301,1674169260000.0,0.006201615244899906,-0.000142544,1039.6984751695115,1039.7094384000013,-0.8,0.8909,1.6,0.8831479809438751,long_nclose,1.4130367695102004,0.0013590832373586198,34.0
1674169320000.0,27302,1674169320000.0,0.0038760095280624407,-8.909e-05,1039.7022620890396,1039.7108993100012,-0.5,0.8909,1.1,0.8831479809438751,long_nclose,0.9714627790382627,0.000934366322418434,1.0
1674170580000.0,27323,1674170580000.0,0.0023256057168374645,-5.345400000000001e-05,1039.7045342407564,1039.7100158560013,-0.3,0.8909,0.8,0.8831479809438751,long_nclose,0.7065183847551002,0.0006795376585243372,21.0
1674170640000.0,27324,1674170640000.0,0.0015504038112249764,-3.5636e-05,1039.7060490085678,1039.7113602200016,-0.2,0.8909,0.6,0.8831479809438751,long_nclose,0.529888788566325,0.0005096525013696043,1.0
1674172920000.0,27362,1674172920000.0,0.0015504038112249764,-3.5636e-05,1039.7075637763792,1039.7111045840015,-0.2,0.8909,0.4,0.8831479809438751,long_nclose,0.3532591923775501,0.00033976783923207976,38.0
1674173460000.0,27371,1674173460000.0,0.0007752019056124882,-1.7818e-05,1039.7083211602846,1039.7109767660015,-0.1,0.8909,0.3,0.8831479809438751,long_nclose,0.2649443942831625,0.00025482569379409425,9.0
1674173580000.0,27373,1674173580000.0,0.0007752019056124882,-1.7818e-05,1039.70907854419,1039.7106489480013,-0.1,0.8909,0.2,0.8831479809438751,long_nclose,0.17662959618877505,0.00016988367210959952,2.0
1674173700000.0,27375,1674173700000.0,0.0007752019056124882,-1.7818e-05,1039.7098359280956,1039.710521130001,-0.1,0.8909,0.1,0.8831479809438751,long_nclose,0.08831479809438753,8.49417741783249e-05,2.0
1674174000000.0,27380,1674174000000.0,0.0007752019056124882,-1.7818e-05,1039.710593312001,1039.710593312001,-0.1,0.8909,0.0,0.8831479809438751,long_nclose,0.0,0.0,5.0
1674203160000.0,27866,1674203160000.0,0.0,-0.010398388,1039.700194924001,1039.595254924001,58.3,0.8918,58.3,0.8918,long_ientry_normal,51.99194,0.05000666562710461,486.0
1674204300000.0,27885,1674204300000.0,0.03624999999999923,-0.00259347,1039.733851454001,1039.874011454001,-14.5,0.8943,43.8,0.8918,long_nclose,39.06084,0.03756811413360825,19.0
1674204840000.0,27894,1674204840000.0,0.02724999999999942,-0.0019495740000000001,1039.7591518800011,1039.8644318800011,-10.9,0.8943,32.9,0.8918,long_nclose,29.34022,0.028218284923916842,9.0
1674205020000.0,27897,1674205020000.0,0.02049999999999956,-0.001466652,1039.7781852280011,1039.8572252280012,-8.2,0.8943,24.7,0.8918,long_nclose,22.02746,0.021184768360157365,3.0
1674206100000.0,27915,1674206100000.0,0.0,-0.005993568000000001,1039.7721916600012,1039.7221916600013,33.6,0.8919,58.3,0.8918576329331047,long_ientry_partial,51.9953,0.05000643450272435,18.0
1674206580000.0,27923,1674206580000.0,0.035414322469981385,-0.00259347,1039.8050125124712,1039.9426481900011,-14.5,0.8943,43.8,0.8918576329331047,long_nclose,39.06336432246999,0.03756797077567605,8.0
1674207420000.0,27937,1674207420000.0,0.026621801029158423,-0.0019495740000000001,1039.8296847395004,1039.9001686160013,-10.9,0.8943,32.9,0.8918576329331047,long_nclose,29.342116123499142,0.028218194339056563,14.0
1674207600000.0,27940,1674207600000.0,0.020027409948541196,-0.001466652,1039.848245497449,1039.9258619640013,-8.2,0.8943,24.7,0.8918576329331047,long_nclose,22.028883533447686,0.021184710008246805,3.0
1674208140000.0,27949,1674208140000.0,0.014898439108061134,-0.001091046,1039.862052890557,1039.9205009180012,-6.1,0.8943,18.6,0.8918576329331047,long_nclose,16.58855197255575,0.01595264672505715,9.0
1674208800000.0,27960,1674208800000.0,0.011234888507718232,-0.0008227559999999999,1039.8724650230647,1039.9164581620012,-4.6,0.8943,14.0,0.8918576329331047,long_nclose,12.486006861063466,0.01200724827422613,11.0
1674209400000.0,27970,1674209400000.0,0.0,-0.00790312,1039.8645619030647,1039.8082550420013,44.3,0.892,58.3,0.8919658123681555,long_ientry_partial,52.001606861063465,0.050008057555009755,10.0
1674210900000.0,27995,1674210900000.0,0.03529572066174441,-0.00259376,1039.8972638637263,1040.030161282001,-14.5,0.8944,43.8,0.8919658123681555,long_nclose,39.068102581725206,0.03756919451501211,25.0
1674212700000.0,28025,1674212700000.0,0.1143791394249299,-0.0026274160000000005,1040.0090155871512,1040.2436138660012,-14.6,0.8998,29.2,0.8919658123681555,long_nclose,26.045401721150142,0.025043438403700623,30.0
1674212940000.0,28029,1674212940000.0,0.07599162002889177,-0.001745612,1040.0832615951801,1040.2789282540011,-9.7,0.8998,19.5,0.8919658123681555,long_nclose,17.393333341179034,0.016723020149851085,4.0
1674213240000.0,28034,1674213240000.0,0.05092221960698934,-0.00116974,1040.133014074787,1040.237458514001,-6.5,0.8998,13.0,0.8919658123681555,long_nclose,11.595555560786021,0.01114814682725981,5.0
1674215100000.0,28065,1674215100000.0,0.03368700681693141,-0.0007738280000000001,1040.165927253604,1040.235824686001,-4.3,0.8998,8.7,0.8919658123681555,long_nclose,7.760102567602953,0.007460446803994335,31.0
1674215460000.0,28071,1674215460000.0,0.02271914413234909,-0.000521884,1040.1881245137365,1040.2347228020012,-2.9,0.8998,5.8,0.8919658123681555,long_nclose,5.173401711735302,0.004973525067067792,6.0
1674216480000.0,28088,1674216480000.0,0.014884956500504575,-0.000341924,1040.202667546237,1040.2340008780013,-1.9,0.8998,3.9,0.8919658123681555,long_nclose,3.4786666682358063,0.0033442200993790273,17.0
1674216660000.0,28091,1674216660000.0,0.010184443921397867,-0.00023394800000000002,1040.2126180421585,1040.2335069300013,-1.3,0.8998,2.6,0.8919658123681555,long_nclose,2.3191111121572043,0.0022294587394278403,3.0
1674217020000.0,28097,1674217020000.0,0.006267350105475611,-0.00014396800000000001,1040.218741424264,1040.2332029620013,-0.8,0.8998,1.8,0.8919658123681555,long_nclose,1.60553846226268,0.0015434623491443562,6.0
1674219000000.0,28130,1674219000000.0,0.011820768868660037,-0.00016291800000000001,1040.2303992751326,1040.2430300440012,-0.9,0.9051,0.9,0.8919658123681555,long_nclose,0.80276923113134,0.0007717225257892256,33.0
1674219780000.0,28143,1674219780000.0,0.005253675052737794,-7.240800000000002e-05,1040.2355805421853,1040.2425976360012,-0.4,0.9051,0.5,0.8919658123681555,long_nclose,0.44598290618407777,0.0004287326010821753,13.0
1674220860000.0,28161,1674220860000.0,0.002626837526368897,-3.620400000000001e-05,1040.2381711757116,1040.242681432001,-0.2,0.9051,0.3,0.8919658123681555,long_nclose,0.26758974371044664,0.0002572389200138732,18.0
1674221700000.0,28175,1674221700000.0,0.0013134187631844486,-1.8102000000000004e-05,1040.2394664924748,1040.2422733300011,-0.1,0.9051,0.2,0.8919658123681555,long_nclose,0.17839316247363113,0.00017149239979823592,14.0
1674223620000.0,28207,1674223620000.0,0.0013134187631844486,-1.8102000000000004e-05,1040.240761809238,1040.2420652280011,-0.1,0.9051,0.1,0.8919658123681555,long_nclose,0.08919658123681556,8.574609312721074e-05,32.0
1674224460000.0,28221,1674224460000.0,0.0013134187631844486,-1.8102000000000004e-05,1040.242057126001,1040.242057126001,-0.1,0.9051,0.0,0.8919658123681555,long_nclose,0.0,0.0,14.0
1674296760000.0,29426,1674296760000.0,0.0,-0.010397968,1040.231659158001,1040.210619158001,52.6,0.9884,52.6,0.9884,long_ientry_normal,51.98984,0.04997909796562272,1205.0
1674296820000.0,29427,1674296820000.0,0.035370000000000464,-0.002596682,1040.264432476001,1040.564632476001,-13.1,0.9911,39.5,0.9884,long_nclose,39.041799999999995,0.03753064968978519,1.0
1674296820000.0,29427,1674296820000.0,0.11266000000000068,-0.0026121399999999998,1040.374480336001,1040.575120336001,-13.1,0.997,26.4,0.9884,long_nclose,26.093759999999996,0.025081122704559915,0.0
1674296820000.0,29427,1674296820000.0,0.18994999999999942,-0.0026275979999999997,1040.561802738001,1040.662882738001,-13.1,1.0029,13.3,0.9884,long_nclose,13.14572,0.012633290944766604,0.0
1674296880000.0,29428,1674296880000.0,0.037840000000000235,-0.0008773600000000001,1040.598765378001,1040.710905378001,-4.4,0.997,8.9,0.9884,long_nclose,8.796759999999999,0.008453556060874766,1.0
1674296880000.0,29428,1674296880000.0,0.06379999999999982,-0.000882552,1040.661682826001,1040.718382826001,-4.4,1.0029,4.5,0.9884,long_nclose,4.4478,0.00427401149999262,0.0
1674297000000.0,29430,1674297000000.0,0.0,-0.009508408000000001,1040.6521744180009,1040.788934418001,48.1,0.9884,52.6,0.9884,long_ientry_partial,51.98984,0.04995890200207965,2.0
1674297060000.0,29431,1674297060000.0,0.035370000000000464,-0.002596682,1040.6849477360008,1040.866647736001,-13.1,0.9911,39.5,0.9884,long_nclose,39.041799999999995,0.037515484474849974,1.0
1674297120000.0,29432,1674297120000.0,0.11266000000000068,-0.0026121399999999998,1040.7949955960007,1041.0484355960007,-13.1,0.997,26.4,0.9884,long_nclose,26.093759999999996,0.02507098910968309,1.0
1674297300000.0,29435,1674297300000.0,0.19139999999999943,-0.0026476559999999995,1040.9837479400007,1041.1500679400008,-13.2,1.0029,13.2,0.9884,long_nclose,13.046879999999998,0.01253322160486984,3.0
1674297360000.0,29436,1674297360000.0,0.09569999999999972,-0.0013238279999999998,1041.0781241120008,1041.1678841120008,-6.6,1.0029,6.6,0.9884,long_nclose,6.523439999999999,0.006266042719478176,1.0
1674297420000.0,29437,1674297420000.0,0.04784999999999986,-0.0006619139999999999,1041.1253121980008,1041.1734921980008,-3.3,1.0029,3.3,0.9884,long_nclose,3.2617199999999995,0.003132879358310796,1.0
1674297840000.0,29444,1674297840000.0,0.023199999999999932,-0.000320928,1041.1481912700008,1041.1747112700007,-1.6,1.0029,1.7,0.9884,long_nclose,1.6802799999999998,0.0016138720828495904,7.0
1674298500000.0,29455,1674298500000.0,0.011599999999999966,-0.000160464,1041.159630806001,1041.172770806001,-0.8,1.0029,0.9,0.9884,long_nclose,0.88956,0.0008543934798080464,11.0
1674298680000.0,29458,1674298680000.0,0.005799999999999983,-8.0232e-05,1041.1653505740007,1041.1726505740007,-0.4,1.0029,0.5,0.9884,long_nclose,0.4942,0.0004746604367188598,3.0
1674298920000.0,29462,1674298920000.0,0.0028999999999999916,-4.0116e-05,1041.1682104580007,1041.1731904580006,-0.2,1.0029,0.3,0.9884,long_nclose,0.29651999999999995,0.0002847954797520791,4.0
1674299580000.0,29473,1674299580000.0,0.0008600000000000053,-1.9940000000000002e-05,1041.1690505180009,1041.1709705180008,-0.1,0.997,0.2,0.9884,long_nclose,0.19768,0.00018986349997788596,11.0
1674299700000.0,29475,1674299700000.0,0.0008600000000000053,-1.9940000000000002e-05,1041.169890578001,1041.1708505780011,-0.1,0.997,0.1,0.9884,long_nclose,0.09884,9.493167339398317e-05,2.0
1674300420000.0,29487,1674300420000.0,0.0014499999999999958,-2.0058e-05,1041.171320520001,1041.171320520001,-0.1,1.0029,0.0,0.9884,long_nclose,0.0,0.0,12.0
1674316680000.0,29758,1674316680000.0,0.0,-0.010404504000000002,1041.160916016001,1041.338396016001,52.2,0.9966,52.2,0.9966,long_ientry_normal,52.02252000000001,0.04996587866461989,271.0
1674316980000.0,29763,1674316980000.0,0.1513800000000007,-0.0034984440000000003,1041.3087975720011,1041.635917572001,-17.4,1.0053,34.8,0.9966,long_nclose,34.68168,0.03330585517078755,5.0
1674317400000.0,29770,1674317400000.0,0.254040000000001,-0.003518976,1041.5593185960013,1041.8446785960014,-17.4,1.0112,17.4,0.9966,long_nclose,17.34084,0.01664892214048362,7.0
1674318480000.0,29788,1674318480000.0,0.1270200000000005,-0.001759488,1041.6845791080011,1041.853359108001,-8.7,1.0112,8.7,0.9966,long_nclose,8.67042,0.0083234600702494,18.0
1674318600000.0,29790,1674318600000.0,0.17922000000000052,-0.0017699280000000003,1041.8620291800012,1041.8620291800012,-8.7,1.0172,0.0,0.9966,long_nclose,0.0,0.0,2.0
1674343380000.0,30203,1674343380000.0,0.0,-0.010420652000000002,1041.8516085280012,1041.9136485280012,51.7,1.0078,51.7,1.0078,long_ientry_normal,52.103260000000006,0.0500102505707267,413.0
1674343440000.0,30204,1674343440000.0,0.03611999999999889,-0.0026073480000000002,1041.885121180001,1042.0480811800012,-12.9,1.0106,38.8,1.0078,long_nclose,39.10264,0.03753066360686078,1.0
1674343680000.0,30208,1674343680000.0,0.0,-0.0026001240000000005,1041.882521056001,1041.944561056001,12.9,1.0078,51.7,1.0078,long_ientry_partial,52.103260000000006,0.05000876677265945,4.0
1674343680000.0,30208,1674343680000.0,0.02715999999999916,-0.0019605639999999997,1041.907720492001,1041.9581204920012,-9.7,1.0106,42.0,1.0078,long_nclose,42.327600000000004,0.040625094878855884,0.0
1674343740000.0,30209,1674343740000.0,0.029399999999999094,-0.00212226,1041.934998232001,1042.067298232001,-10.5,1.0106,31.5,1.0078,long_nclose,31.7457,0.03046802348886201,1.0
1674343920000.0,30212,1674343920000.0,0.09239999999999915,-0.0021348599999999997,1042.0252633720008,1042.2814633720009,-10.5,1.0166,21.0,1.0078,long_nclose,21.163800000000002,0.02031025613670229,3.0
1674344700000.0,30225,1674344700000.0,0.01455999999999955,-0.001051024,1042.038772348001,1042.0893323480009,-5.2,1.0106,15.8,1.0078,long_nclose,15.923240000000002,0.015280851751917587,13.0
1674345480000.0,30238,1674345480000.0,0.010919999999999663,-0.000788268,1042.048904080001,1042.086984080001,-3.9,1.0106,11.9,1.0078,long_nclose,11.99282,0.011508884038977193,13.0
1674345720000.0,30242,1674345720000.0,0.0,-0.008024476000000001,1042.040879604001,1042.194379604001,39.8,1.0081,51.7,1.0080309477756284,long_ientry_partial,52.115199999999994,0.05001262524345968,4.0
1674345720000.0,30242,1674345720000.0,0.007450251450677459,-0.000586148,1042.0477437074517,1042.192633456001,-2.9,1.0106,48.8,1.0080309477756284,long_nclose,49.191910251450665,0.047206963930878185,0.0
1674345840000.0,30244,1674345840000.0,0.14205864603481863,-0.003294432,1042.1865079214865,1042.446299024001,-16.2,1.0168,32.6,1.0080309477756284,long_nclose,32.86180889748549,0.03153160077175087,2.0
1674345900000.0,30245,1674345900000.0,0.09470576402321243,-0.002196288,1042.2790173975097,1042.452742736001,-10.8,1.0168,21.8,1.0080309477756284,long_nclose,21.9750746615087,0.021083677493938968,1.0
1674346200000.0,30250,1674346200000.0,0.06313717601547496,-0.001464192,1042.3406903815253,1042.471638544001,-7.2,1.0168,14.6,1.0080309477756284,long_nclose,14.717251837524174,0.014119425609430306,5.0
1674346320000.0,30252,1674346320000.0,0.0420914506769833,-0.0009761279999999999,1042.3818057042022,1042.469702416001,-4.8,1.0168,9.8,1.0080309477756284,long_nclose,9.878703288201159,0.009477048845386743,2.0
1674346440000.0,30254,1674346440000.0,0.028060967117988868,-0.000650752,1042.40921591932,1042.461811664001,-3.2,1.0168,6.6,1.0080309477756284,long_nclose,6.653004255319147,0.0063823344553335885,2.0
1674347940000.0,30279,1674347940000.0,0.004430483558994425,-0.000323456,1042.4133229468791,1042.428168208001,-1.6,1.0108,5.0,1.0080309477756284,long_nclose,5.040154738878142,0.004835082810175274,25.0
1674348180000.0,30283,1674348180000.0,0.0,-0.009417522000000001,1042.4039054248792,1042.389740686001,46.7,1.0083,51.7,1.0082739794753992,long_ientry_partial,52.12776473887814,0.05000726154957286,4.0
1674353940000.0,30379,1674353940000.0,0.036455664767351646,-0.0026086380000000004,1042.4377524516465,1042.582322048001,-12.9,1.0111,38.8,1.0082739794753992,long_nclose,39.121030403645484,0.03752840906964382,96.0
1674354660000.0,30391,1674354660000.0,0.027412399088628758,-0.001961534,1042.4632033167352,1042.571630514001,-9.7,1.0111,29.1,1.0082739794753992,long_nclose,29.34077280273412,0.02814561963375067,12.0
1674354900000.0,30395,1674354900000.0,0.0203473477771265,-0.0014559840000000002,1042.4820946805123,1042.541794530001,-7.2,1.0111,21.9,1.0082739794753992,long_nclose,22.08120015051124,0.021181371136430337,4.0
1674355440000.0,30404,1674355440000.0,0.0,-0.006006488000000001,1042.4760881925124,1042.2692480420012,29.8,1.0078,51.7,1.0080007766056331,long_ientry_partial,52.11364015051124,0.049990249887523076,9.0
1674356520000.0,30422,1674356520000.0,0.03610998178733145,-0.002607864,1042.5095903102997,1042.6259601780012,-12.9,1.0108,38.8,1.0080007766056331,long_nclose,39.11043013229856,0.037515655007698746,18.0
1674357300000.0,30435,1674357300000.0,0.027152466925357752,-0.0019609519999999997,1042.534781825225,1042.622059226001,-9.7,1.0108,29.1,1.0080007766056331,long_nclose,29.332822599223928,0.028136061367534694,13.0
1674357600000.0,30440,1674357600000.0,0.0,-0.004555256000000001,1042.530226569225,1042.483023970001,22.6,1.0078,51.7,1.0079130096561688,long_ientry_partial,52.10910259922393,0.04998330146331142,5.0
1674358200000.0,30450,1674358200000.0,0.035952175435421445,-0.002607606,1042.5635711386603,1042.644546364001,-12.9,1.0107,38.8,1.0079130096561688,long_nclose,39.107024774659344,0.03751044622818318,10.0
1674358380000.0,30453,1674358380000.0,0.027033806335161857,-0.001960758,1042.5886441869955,1042.707575606001,-9.7,1.0107,29.1,1.0079130096561688,long_nclose,29.330268580994513,0.028132158109074826,3.0
1674361080000.0,30498,1674361080000.0,0.08523380633516191,-0.0019723979999999998,1042.6719055953306,1042.848193208001,-9.7,1.0167,19.4,1.0079130096561688,long_nclose,19.553512387329672,0.018753274431198255,45.0
1674361680000.0,30508,1674361680000.0,0.0562367382005192,-0.001301376,1042.7268409575313,1042.857971832001,-6.4,1.0167,13.0,1.0079130096561688,long_nclose,13.102869125530194,0.012565965131863192,10.0
1674362040000.0,30514,1674362040000.0,0.09611543723490235,-0.0013295100000000001,1042.8216268847661,1042.906692322001,-6.5,1.0227,6.5,1.0079130096561688,long_nclose,6.551434562765097,0.006282411482332101,6.0
1674362340000.0,30519,1674362340000.0,0.04731836910025962,-0.000654528,1042.8682907258665,1042.9279777940012,-3.2,1.0227,3.3,1.0079130096561688,long_nclose,3.326112931865357,0.0031893892655900837,5.0
1674362760000.0,30526,1674362760000.0,0.06859706813464274,-0.0006789419999999999,1042.9362088520013,1042.9362088520013,-3.3,1.0287,0.0,1.0079130096561688,long_nclose,0.0,0.0,7.0
1674381000000.0,30830,1674381000000.0,0.0,-0.01042875,1042.9257801020012,1042.9000301020012,51.5,1.0125,51.5,1.0125,long_ientry_normal,52.14375,0.04999756549780578,304.0
1674383220000.0,30867,1674383220000.0,0.03584000000000174,-0.0025991680000000002,1042.9590209340013,1043.0557709340012,-12.8,1.0153,38.7,1.0125,long_nclose,39.18375,0.03756978866236736,37.0
1674383400000.0,30870,1674383400000.0,0.026880000000001302,-0.0019493760000000003,1042.983951558001,1043.085801558001,-9.6,1.0153,29.1,1.0125,long_nclose,29.46375,0.028249475896524857,3.0
1674383940000.0,30879,1674383940000.0,0.08536000000000137,-0.001981322,1043.0673302360012,1043.2516302360011,-9.7,1.0213,19.4,1.0125,long_nclose,19.6425,0.01883147849674838,9.0
1674384240000.0,30884,1674384240000.0,0.056320000000000904,-0.0013072640000000003,1043.1223429720012,1043.2458429720011,-6.4,1.0213,13.0,1.0125,long_nclose,13.1625,0.012618366473196422,5.0
1674384720000.0,30892,1674384720000.0,0.09685000000000088,-0.0013356200000000003,1043.2178573520011,1043.3186073520012,-6.5,1.0274,6.5,1.0125,long_nclose,6.58125,0.006308605583789737,8.0
1674385140000.0,30899,1674385140000.0,0.13585000000000091,-0.0013434200000000001,1043.352363932001,1043.352363932001,-6.5,1.0334,0.0,1.0125,long_nclose,0.0,0.0,7.0
1674417960000.0,31446,1674417960000.0,0.0,-0.01042719,1043.341936742001,1043.1155867420011,50.3,1.0365,50.3,1.0365,long_ientry_normal,52.135949999999994,0.04997014704767133,547.0
1674418020000.0,31447,1674418020000.0,0.03625000000000156,-0.0025985000000000005,1043.3755882420012,1043.5834882420013,-12.5,1.0394,37.8,1.0365,long_nclose,39.1797,0.03755090730655722,1.0
1674418140000.0,31449,1674418140000.0,0.0,-0.00259125,1043.3729969920012,1043.4484469920012,12.5,1.0365,50.3,1.0364999999999998,long_ientry_partial,52.13594999999999,0.04996865948256823,2.0
1674418200000.0,31450,1674418200000.0,0.036250000000004334,-0.0025985000000000005,1043.4066484920013,1043.8413484920013,-12.5,1.0394,37.8,1.0364999999999998,long_nclose,39.17969999999999,0.03754978948679791,1.0
1674418200000.0,31450,1674418200000.0,0.11250000000000426,-0.0026137500000000006,1043.5165347420013,1043.8074847420014,-12.5,1.0455,25.3,1.0364999999999998,long_nclose,26.223449999999996,0.025129884507755763,0.0
1674418200000.0,31450,1674418200000.0,0.19000000000000405,-0.00262925,1043.7039054920015,1043.8511054920016,-12.5,1.0517,12.8,1.0364999999999998,long_nclose,13.267199999999997,0.012711651197420638,0.0
1674418500000.0,31455,1674418500000.0,0.03780000000000144,-0.0008782200000000002,1043.7408272720015,1043.8397272720015,-4.2,1.0455,8.6,1.0364999999999998,long_nclose,8.913899999999998,0.008540338527618995,5.0
1674418560000.0,31456,1674418560000.0,0.06536000000000139,-0.0009044620000000001,1043.8052828100015,1043.8762328100015,-4.3,1.0517,4.3,1.0364999999999998,long_nclose,4.456949999999999,0.00426990557855921,1.0
1674418680000.0,31458,1674418680000.0,0.031920000000000684,-0.0004417140000000001,1043.8367610960013,1043.8664610960013,-2.1,1.0517,2.2,1.0364999999999998,long_nclose,2.2802999999999995,0.0021845369745416366,2.0
1674418740000.0,31459,1674418740000.0,0.01672000000000036,-0.00023137400000000007,1043.8532497220015,1043.8724997220015,-1.1,1.0517,1.1,1.0364999999999998,long_nclose,1.1401499999999998,0.0010922512338814331,1.0
1674418860000.0,31461,1674418860000.0,0.007600000000000162,-0.00010517000000000001,1043.8607445520013,1043.8700445520012,-0.5,1.0517,0.6,1.0364999999999998,long_nclose,0.6218999999999998,0.0005957691226973992,2.0
1674419520000.0,31472,1674419520000.0,0.004560000000000097,-6.3102e-05,1043.8652414500013,1043.8707914500014,-0.3,1.0517,0.3,1.0364999999999998,long_nclose,0.3109499999999999,0.00029788327808297243,11.0
1674419820000.0,31477,1674419820000.0,0.006420000000000092,-6.3474e-05,1043.8715979760013,1043.8715979760013,-0.3,1.0579,0.0,1.0364999999999998,long_nclose,0.0,0.0,5.0
1674420780000.0,31493,1674420780000.0,0.0,-0.010435238000000001,1043.8611627380014,1043.8963727380014,50.3,1.0373,50.3,1.0373,long_ientry_normal,52.176190000000005,0.04998384063177921,16.0
1674420840000.0,31494,1674420840000.0,0.03624999999999878,-0.0026005,1043.8948122380016,1043.9590722380017,-12.5,1.0402,37.8,1.0373,long_nclose,39.20994,0.037561198255155595,1.0
1674420960000.0,31496,1674420960000.0,0.027259999999999087,-0.001955576,1043.9201166620016,1044.1103966620017,-9.4,1.0402,28.4,1.0373,long_nclose,29.45932,0.02821989875451196,2.0
1674421200000.0,31500,1674421200000.0,0.08553999999999894,-0.001967232,1044.0036894300017,1044.1309894300018,-9.4,1.0464,19.0,1.0373,long_nclose,19.7087,0.018877998420446605,4.0
1674421320000.0,31502,1674421320000.0,0.05732999999999928,-0.001318464,1044.0597009660019,1044.2082909660019,-6.3,1.0464,12.7,1.0373,long_nclose,13.17371,0.012617774623243485,2.0
1674421920000.0,31512,1674421920000.0,0.0,-0.007801248000000001,1044.0518997180018,1044.0330497180018,37.6,1.0374,50.3,1.0373747514910538,long_ientry_partial,52.179950000000005,0.04997831047871643,10.0
1674422160000.0,31516,1674422160000.0,0.03531560636182707,-0.0026005,1044.0846148243636,1044.2594492180017,-12.5,1.0402,37.8,1.0373747514910538,long_nclose,39.212765606361835,0.03755707636105549,4.0
1674422340000.0,31519,1674422340000.0,0.0,-0.0025937500000000006,1044.0820210743636,1044.0113054680019,12.5,1.0375,50.3,1.0374058768660404,long_ientry_partial,52.18151560636183,0.049978368129226944,3.0
1674422580000.0,31523,1674422580000.0,0.03617653917449559,-0.00260075,1044.115596863538,1044.3270547180016,-12.5,1.0403,37.8,1.0374058768660404,long_nclose,39.21394214553632,0.037557088758498294,4.0
1674422700000.0,31525,1674422700000.0,0.11458595148789134,-0.0026371800000000003,1044.227545635026,1044.4441175380018,-12.6,1.0465,25.2,1.0374058768660404,long_nclose,26.142628097024215,0.025035374910672464,2.0
1674422940000.0,31529,1674422940000.0,0.0763906343252609,-0.00175812,1044.3021781493512,1044.4801594180017,-8.4,1.0465,16.8,1.0374058768660404,long_nclose,17.428418731349478,0.016689057148415662,4.0
1674423060000.0,31531,1674423060000.0,0.05092708955017393,-0.00117208,1044.3519331589014,1044.4593873380018,-5.6,1.0465,11.2,1.0374058768660404,long_nclose,11.61894582089965,0.01112550803229259,2.0
1674423300000.0,31535,1674423300000.0,0.033648255595650635,-0.0007744100000000001,1044.384807004497,1044.4417629280017,-3.7,1.0465,7.5,1.0374058768660404,long_nclose,7.780544076495302,0.007449882480396712,4.0
1674424380000.0,31553,1674424380000.0,0.022735307834899077,-0.0005232500000000001,1044.4070190623318,1044.4599896780016,-2.5,1.0465,5.0,1.0374058768660404,long_nclose,5.187029384330202,0.004966482692721766,18.0
1674424680000.0,31558,1674424680000.0,0.01455059701433541,-0.00033488,1044.421234779346,1044.4538547980014,-1.6,1.0465,3.4,1.0374058768660404,long_nclose,3.527179981344537,0.0033771622635475444,5.0
1674424800000.0,31560,1674424800000.0,0.02583000932773136,-0.00035788400000000004,1044.4467069046736,1044.4749169140014,-1.7,1.0526,1.7,1.0374058768660404,long_nclose,1.7635899906722685,0.0016885399504000071,2.0
1674425580000.0,31573,1674425580000.0,0.0121552985071677,-0.000168416,1044.458693787181,1044.4718284980015,-0.8,1.0526,0.9,1.0374058768660404,long_nclose,0.9336652891794364,0.0008939226555661953,13.0
1674425640000.0,31574,1674425640000.0,0.00607764925358385,-8.4208e-05,1044.4646872284343,1044.4714842900012,-0.4,1.0526,0.5,1.0374058768660404,long_nclose,0.5187029384330202,0.0004966208477659857,1.0
1674425820000.0,31577,1674425820000.0,0.003038824626791925,-4.2104e-05,1044.4676839490612,1044.4723621860014,-0.2,1.0526,0.3,1.0374058768660404,long_nclose,0.3112217630598121,0.0002979716537357133,3.0
1674425940000.0,31579,1674425940000.0,0.006418236940187882,-6.352799999999999e-05,1044.4740386580013,1044.4740386580013,-0.3,1.0588,0.0,1.0374058768660404,long_nclose,0.0,0.0,2.0
1674458700000.0,32125,1674458700000.0,0.0,-0.01044694,1044.4635917180012,1044.5132917180013,49.7,1.051,49.7,1.051,long_ientry_normal,52.2347,0.05001102998150561,546.0
1674459180000.0,32133,1674459180000.0,0.035960000000001546,-0.0026136720000000005,1044.496938046001,1044.571538046001,-12.4,1.0539,37.3,1.051,long_nclose,39.202299999999994,0.03753223065769626,8.0
1674459360000.0,32136,1674459360000.0,0.026970000000001163,-0.0019602540000000002,1044.521947792001,1044.605947792001,-9.3,1.0539,28.0,1.051,long_nclose,29.427999999999997,0.02817365404547736,3.0
1674459660000.0,32141,1674459660000.0,0.020300000000000873,-0.00147546,1044.5407723320009,1044.5827723320008,-7.0,1.0539,21.0,1.051,long_nclose,22.070999999999998,0.021129859728428933,5.0
1674459780000.0,32143,1674459780000.0,0.015080000000000648,-0.0010960560000000002,1044.5547562760007,1044.6021562760006,-5.2,1.0539,15.8,1.051,long_nclose,16.6058,0.015897491156138376,2.0
1674460380000.0,32153,1674460380000.0,0.011310000000000486,-0.0008220420000000002,1044.5652442340008,1044.612844234001,-3.9,1.0539,11.9,1.051,long_nclose,12.5069,0.011973306664220426,10.0
1674460680000.0,32158,1674460680000.0,0.008410000000000362,-0.000611262,1044.5730429720008,1044.600042972001,-2.9,1.0539,9.0,1.051,long_nclose,9.459,0.009055374407410915,5.0
1674460920000.0,32162,1674460920000.0,0.0,-0.008555140000000001,1044.5644878320009,1044.5147878320008,40.7,1.051,49.7,1.051,long_ientry_partial,52.2347,0.0500061993380738,4.0
1674461160000.0,32166,1674461160000.0,0.035960000000001546,-0.0026136720000000005,1044.5978341600007,1044.7097341600008,-12.4,1.0539,37.3,1.051,long_nclose,39.202299999999994,0.03752860547669429,4.0
1674461760000.0,32176,1674461760000.0,0.11408000000000121,-0.002629296,1044.709284864001,1044.9333848640008,-12.4,1.0602,24.9,1.051,long_nclose,26.1699,0.02504993530655446,10.0
1674461820000.0,32177,1674461820000.0,0.07636000000000082,-0.0017599320000000003,1044.783884932001,1044.933284932001,-8.3,1.0602,16.6,1.051,long_nclose,17.4466,0.016698764454177527,1.0
1674462420000.0,32187,1674462420000.0,0.0,-0.0069582820000000005,1044.776926650001,1044.823316650001,33.1,1.0511,49.7,1.0510665995975854,long_ientry_partial,52.238009999999996,0.04999919951093987,10.0
1674463260000.0,32201,1674463260000.0,0.03637416498994144,-0.0026139200000000005,1044.810686894991,1044.9201027300012,-12.4,1.054,37.3,1.0510665995975854,long_nclose,39.20478416498993,0.03752333763114563,14.0
1674463320000.0,32202,1674463320000.0,0.02728062374245608,-0.0019604400000000004,1044.8360070787335,1044.946142290001,-9.3,1.054,28.0,1.0510665995975854,long_nclose,29.42986478873239,0.028166970308589976,1.0
1674464100000.0,32215,1674464100000.0,0.08494062374245592,-0.0019719720000000002,1044.918975730476,1045.179530318001,-9.3,1.0602,18.7,1.0510665995975854,long_nclose,19.654945412474845,0.018810018641622024,13.0
1674464160000.0,32216,1674464160000.0,0.14353062374245568,-0.00198369,1045.0605226642183,1045.210296628001,-9.3,1.0665,9.4,1.0510665995975854,long_nclose,9.880026036217304,0.009454022826381121,1.0
1674464280000.0,32218,1674464280000.0,0.07253698189134856,-0.00100251,1045.1320571361096,1045.221044118001,-4.7,1.0665,4.7,1.0510665995975854,long_nclose,4.940013018108652,0.00472668787104796,2.0
1674465000000.0,32230,1674465000000.0,0.03549682092555355,-0.0004905900000000001,1045.167063367035,1045.205303528001,-2.3,1.0665,2.4,1.0510665995975854,long_nclose,2.522559839034205,0.0024135470083679325,12.0
1674465240000.0,32234,1674465240000.0,0.018520080482897504,-0.00025596,1045.185327487518,1045.204447568001,-1.2,1.0665,1.2,1.0510665995975854,long_nclose,1.2612799195171025,0.0012067524163863325,4.0
1674466500000.0,32255,1674466500000.0,0.02608008048289747,-0.00025747199999999996,1045.211150096001,1045.211150096001,-1.2,1.0728,0.0,1.0510665995975854,long_nclose,0.0,0.0,21.0
1674485940000.0,32579,1674485940000.0,0.0,-0.010451885999999999,1045.2006982100008,1044.5307682100008,48.9,1.0687,48.9,1.0687,long_ientry_normal,52.259429999999995,0.04999942124942981,324.0
1674486060000.0,32581,1674486060000.0,0.03660000000000138,-0.002614948,1045.2346832620008,1045.4291932620008,-12.2,1.0717,36.7,1.0687,long_nclose,39.22129,0.03752390791089805,2.0
1674486180000.0,32583,1674486180000.0,0.11346000000000105,-0.0026303200000000002,1045.3455129420008,1045.5733629420008,-12.2,1.078,24.5,1.0687,long_nclose,26.18315,0.025047364412853924,2.0
1674486480000.0,32588,1674486480000.0,0.07533000000000069,-0.00174636,1045.4190965820007,1045.6044165820008,-8.1,1.078,16.4,1.0687,long_nclose,17.52668,0.01676521890340774,5.0
1674486720000.0,32592,1674486720000.0,0.12874000000000038,-0.0017784160000000001,1045.5460581660009,1045.6797181660008,-8.2,1.0844,8.2,1.0687,long_nclose,8.76334,0.008381591544012735,4.0
1674487320000.0,32602,1674487320000.0,0.18122000000000005,-0.001788912,1045.7254892540009,1045.7254892540009,-8.2,1.0908,0.0,1.0687,long_nclose,0.0,0.0,10.0
1674500460000.0,32821,1674500460000.0,0.0,-0.010448098000000001,1045.7150411560008,1045.7783511560008,48.7,1.0727,48.7,1.0727,long_ientry_normal,52.24049,0.04995671664266204,219.0
1674500580000.0,32823,1674500580000.0,0.03630000000000137,-0.0026031940000000005,1045.7487379620009,1045.8695179620008,-12.1,1.0757,36.6,1.0727,long_nclose,39.26082,0.0375432630944534,2.0
1674502020000.0,32847,1674502020000.0,0.027300000000001032,-0.0019577740000000002,1045.7740801880009,1045.864830188001,-9.1,1.0757,27.5,1.0727,long_nclose,29.49925,0.028208052349793237,24.0
1674502080000.0,32848,1674502080000.0,0.0,-0.004549096,1045.769531092001,1045.682501092001,21.2,1.0729,48.7,1.0727870636550307,long_ientry_partial,52.24473,0.04995816807307976,1.0
1674502260000.0,32851,1674502260000.0,0.036456529774129165,-0.0026034360000000006,1045.803384185775,1045.920977656001,-12.1,1.0758,36.6,1.0727870636550307,long_nclose,39.26400652977413,0.037544348319683125,3.0
1674502500000.0,32855,1674502500000.0,0.027417720739221108,-0.0019579560000000003,1045.8288439505143,1045.8896997000008,-9.1,1.0758,27.5,1.0727870636550307,long_nclose,29.501644250513344,0.028208864596881666,4.0
1674502560000.0,32856,1674502560000.0,0.020487967145791597,-0.0014630880000000002,1045.84786882966,1045.872976612001,-6.8,1.0758,20.7,1.0727870636550307,long_nclose,22.206692217659135,0.02123319545748962,1.0
1674502620000.0,32857,1674502620000.0,0.0,-0.006008240000000001,1045.84186058966,1045.8003683720008,28.0,1.0729,48.7,1.0728519962558343,long_ientry_partial,52.247892217659135,0.049957736620143564,1.0
1674509760000.0,32976,1674509760000.0,0.03567084530440638,-0.0026034360000000006,1045.8749279989643,1045.9901449360007,-12.1,1.0758,36.6,1.0728519962558343,long_nclose,39.266383062963534,0.03754405236397675,119.0
1674510120000.0,32982,1674510120000.0,0.02682683407190893,-0.0019579560000000003,1045.8997968770361,1045.9863669800006,-9.1,1.0758,27.5,1.0728519962558343,long_nclose,29.503429897035442,0.02820865821480228,6.0
1674511800000.0,33010,1674511800000.0,0.020046425460327554,-0.0014630880000000002,1045.9183802144964,1045.9835438920006,-6.8,1.0758,20.7,1.0728519962558343,long_nclose,22.20803632249577,0.021233049100773383,28.0
1674511980000.0,33013,1674511980000.0,0.015034819095245665,-0.001097316,1045.9323177175918,1045.9814265760008,-5.1,1.0758,15.6,1.0728519962558343,long_nclose,16.736491141591014,0.0160015049330467,3.0
1674512880000.0,33028,1674512880000.0,0.011497214602246685,-0.000839124,1045.942975808194,1045.9798074520006,-3.9,1.0758,11.7,1.0728519962558343,long_nclose,12.552368356193261,0.012001006409067493,15.0
1674513180000.0,33033,1674513180000.0,0.008549210858080868,-0.0006239640000000001,1045.950901055052,1045.9786034880008,-2.9,1.0758,8.8,1.0728519962558343,long_nclose,9.441097567051342,0.009026329589207384,5.0
1674513300000.0,33035,1674513300000.0,0.006485608237164798,-0.00047335200000000007,1045.9569133112893,1045.9776901360008,-2.2,1.0758,6.6,1.0728519962558343,long_nclose,7.080823175288506,0.006769708278777989,2.0
1674513480000.0,33038,1674513480000.0,0.004716805990665308,-0.00034425600000000003,1045.96128586128,1045.9720258800007,-1.6,1.0758,5.0,1.0728519962558343,long_nclose,5.364259981279171,0.00512854543833528,3.0
1674513660000.0,33041,1674513660000.0,0.0,-0.009393348000000001,1045.95189251328,1045.9344925320008,43.8,1.0723,48.8,1.0723565569934257,long_ientry_partial,52.33099998127917,0.05003193775531579,3.0
1674525600000.0,33240,1674525600000.0,0.035910004680205616,-0.0026237319999999997,1045.9851787859602,1046.0453288000008,-12.2,1.0753,36.6,1.0723565569934257,long_nclose,39.24824998595938,0.037522759195798075,199.0
1674525660000.0,33241,1674525660000.0,0.026785331359825502,-0.0019570459999999996,1046.0100070713202,1046.137701754001,-9.1,1.0753,27.5,1.0723565569934257,long_nclose,29.489805317319206,0.02819266079479152,1.0
1674526500000.0,33255,1674526500000.0,0.020015412444704773,-0.001462408,1046.028560075765,1046.103979346001,-6.8,1.0753,20.7,1.0723565569934257,long_nclose,22.19778072976391,0.021221008275487334,14.0
1674526980000.0,33263,1674526980000.0,0.015011559333528579,-0.0010968059999999999,1046.0424748290984,1046.099312540001,-5.1,1.0753,15.6,1.0723565569934257,long_nclose,16.72876228909744,0.01599243117907862,8.0
1674527220000.0,33267,1674527220000.0,0.011479427725639502,-0.000838734,1046.053115522824,1046.1074438060011,-3.9,1.0753,11.7,1.0723565569934257,long_nclose,12.54657171682308,0.01199420137528315,4.0
1674528480000.0,33288,1674528480000.0,0.00853598471906527,-0.000623674,1046.0610278335432,1046.0930901320012,-2.9,1.0753,8.8,1.0723565569934257,long_nclose,9.436737701542146,0.009021211430738616,21.0
1674529260000.0,33301,1674529260000.0,0.0270959847190658,-0.0006273860000000001,1046.0874964322625,1046.1443927460014,-2.9,1.0817,5.9,1.0723565569934257,long_nclose,6.326903686261212,0.006048159171999911,13.0
1674529740000.0,33309,1674529740000.0,0.017752541712491385,-0.000411046,1046.104837927975,1046.1434117000013,-1.9,1.0817,4.0,1.0723565569934257,long_nclose,4.289426227973703,0.004100378922316993,8.0
1674529980000.0,33313,1674529980000.0,0.01214647590854674,-0.00028124200000000007,1046.1167031618836,1046.1427404580013,-1.3,1.0817,2.7,1.0723565569934257,long_nclose,2.8953627038822494,0.0027677243802063643,4.0
1674531540000.0,33339,1674531540000.0,0.008409098705916973,-0.00019470600000000003,1046.1249175545895,1046.1422757520013,-0.9,1.0817,1.8,1.0723565569934257,long_nclose,1.9302418025881662,0.0018451350983019112,26.0
1674534660000.0,33391,1674534660000.0,0.005606065803944648,-0.00012980400000000002,1046.1303938163935,1046.1419659480014,-0.6,1.0817,1.2,1.0723565569934257,long_nclose,1.2868278683921108,0.001230083626284509,52.0
1674535080000.0,33398,1674535080000.0,0.003737377202629766,-8.653600000000001e-05,1046.1340446575962,1046.1417594120014,-0.4,1.0817,0.8,1.0723565569934257,long_nclose,0.8578852455947406,0.0008200528889923755,7.0
1674536220000.0,33417,1674536220000.0,0.001868688601314883,-4.3268000000000007e-05,1046.1358700781975,1046.1416561440014,-0.2,1.0817,0.6,1.0723565569934257,long_nclose,0.6434139341960554,0.0006150385935509131,19.0
1674538080000.0,33448,1674538080000.0,0.001868688601314883,-4.3268000000000007e-05,1046.1376954987988,1046.1419528760014,-0.2,1.0817,0.4,1.0723565569934257,long_nclose,0.4289426227973703,0.00041002501357419326,31.0
1674540060000.0,33481,1674540060000.0,0.0009343443006574415,-2.1634000000000003e-05,1046.1386082090996,1046.1415012420016,-0.1,1.0817,0.3,1.0723565569934257,long_nclose,0.3217069670980277,0.00030751849188394135,33.0
1674540600000.0,33490,1674540600000.0,0.0009343443006574415,-2.1634000000000003e-05,1046.1395209194004,1046.1414496080017,-0.1,1.0817,0.2,1.0723565569934257,long_nclose,0.21447131139868514,0.0002050121490584706,9.0
1674540780000.0,33493,1674540780000.0,0.0009343443006574415,-2.1634000000000003e-05,1046.1404336297012,1046.1413979740018,-0.1,1.0817,0.1,1.0723565569934257,long_nclose,0.10723565569934257,0.00010250598509731287,3.0
1674540960000.0,33496,1674540960000.0,0.0009343443006574415,-2.1634000000000003e-05,1046.141346340002,1046.141346340002,-0.1,1.0817,0.0,1.0723565569934257,long_nclose,0.0,0.0,3.0
1674551040000.0,33664,1674551040000.0,0.0,-0.010460664000000001,1046.130885676002,1046.266965676002,48.6,1.0762,48.6,1.0762,long_ientry_normal,52.30332000000001,0.0499969178963701,168.0
1674551100000.0,33665,1674551100000.0,0.03629999999999869,-0.0026116639999999997,1046.164574012002,1046.266774012002,-12.1,1.0792,36.5,1.0762,long_nclose,39.2813,0.0375479164328397,1.0
1674551160000.0,33666,1674551160000.0,0.027299999999999013,-0.001964144,1046.189909868002,1046.239229868002,-9.1,1.0792,27.4,1.0762,long_nclose,29.48788,0.02818597247197738,1.0
1674551220000.0,33667,1674551220000.0,0.020399999999999262,-0.001467712,1046.208842156002,1046.287122156002,-6.8,1.0792,20.6,1.0762,long_nclose,22.16972,0.021190530137666565,1.0
1674551460000.0,33671,1674551460000.0,0.015299999999999446,-0.0011007839999999998,1046.223041372002,1046.281941372002,-5.1,1.0792,15.5,1.0762,long_nclose,16.6811,0.015944114534243718,4.0
1674551940000.0,33679,1674551940000.0,0.011399999999999588,-0.000820192,1046.233621180002,1046.3014811800022,-3.8,1.0792,11.7,1.0762,long_nclose,12.59154,0.012035113138305135,8.0
1674553020000.0,33697,1674553020000.0,0.0,-0.007943094,1046.225678086002,1046.212268086002,36.9,1.0763,48.6,1.076275925925926,long_ientry_partial,52.307010000000005,0.04999591493079398,18.0
1674553020000.0,33697,1674553020000.0,0.008479814814814345,-0.0006259359999999999,1046.2335319648168,1046.220922150002,-2.9,1.0792,45.7,1.076275925925926,long_nclose,49.185809814814824,0.04701226668050328,0.0
1674556440000.0,33754,1674556440000.0,0.034474444444442476,-0.002460804,1046.2655456052612,1046.393281346002,-11.4,1.0793,34.3,1.076275925925926,long_nclose,36.91626425925926,0.03528383823238996,57.0
1674557280000.0,33768,1674557280000.0,0.10743444444444457,-0.0024753960000000004,1046.3705046537057,1046.638985950002,-11.4,1.0857,22.9,1.076275925925926,long_nclose,24.646718703703705,0.02355448533200053,14.0
1674562260000.0,33851,1674562260000.0,0.0,-0.00553578,1046.3649688737057,1046.332950170002,25.7,1.077,48.6,1.0766588210638621,long_ientry_partial,52.325618703703704,0.05000704368001382,83.0
1674563340000.0,33869,1674563340000.0,0.03558826512726698,-0.0026126319999999997,1046.397944506833,1046.5198975380022,-12.1,1.0796,36.5,1.0766588210638621,long_nclose,39.29804696883097,0.037555546792814205,18.0
1674563520000.0,33872,1674563520000.0,0.0,-0.002606098,1046.3953384088331,1046.4576014400022,12.1,1.0769,48.6,1.076718867671419,long_ientry_partial,52.32853696883097,0.050008381199788836,3.0
1674563580000.0,33873,1674563580000.0,0.03607170117583136,-0.0026128740000000003,1046.428797236009,1046.5485585660022,-12.1,1.0797,36.5,1.076718867671419,long_nclose,39.30023867000679,0.037556533969451834,1.0
1674563820000.0,33877,1674563820000.0,0.0,-0.002606098,1046.426191138009,1046.4376624680021,12.1,1.0769,48.6,1.076763964403432,long_ientry_partial,52.33072867000679,0.05000900122071304,4.0
1674565620000.0,33907,1674565620000.0,0.035526030718475064,-0.0026128740000000003,1046.4591042947275,1046.5407195940022,-12.1,1.0797,36.5,1.076763964403432,long_nclose,39.30188470072527,0.037557019227438614,30.0
1674565680000.0,33908,1674565680000.0,0.026717923928770503,-0.001965054,1046.4838571646562,1046.5725245400022,-9.1,1.0797,27.4,1.076763964403432,long_nclose,29.503332624654032,0.028192821535336792,1.0
1674566040000.0,33914,1674566040000.0,0.019965042056663673,-0.0014683920000000002,1046.5023538147127,1046.569016148002,-6.8,1.0797,20.6,1.076763964403432,long_nclose,22.1813376667107,0.021195688271369136,6.0
1674566640000.0,33924,1674566640000.0,0.014973781542497754,-0.001101294,1046.5162263022553,1046.566384854002,-5.1,1.0797,15.5,1.076763964403432,long_nclose,16.689841448253194,0.015948000641351573,10.0
1674566940000.0,33929,1674566940000.0,0.01115693526695911,-0.0008205720000000002,1046.526562665522,1046.552724282002,-3.8,1.0797,11.7,1.076763964403432,long_nclose,12.598138383520153,0.012038049327130759,5.0
1674567000000.0,33930,1674567000000.0,0.008514503230047743,-0.000626226,1046.5344509427523,1046.5629280560022,-2.9,1.0797,8.8,1.076763964403432,long_nclose,9.475522886750202,0.009054191076284534,1.0
1674567180000.0,33933,1674567180000.0,0.0,-0.008572124,1046.5258788187523,1046.483335932002,39.8,1.0769,48.6,1.0768753680401275,long_ientry_partial,52.336142886750196,0.05000941108673175,3.0
1674589320000.0,34302,1674589320000.0,0.0,-0.01435476,1046.5115240587522,1045.1759811720021,69.0,1.0402,117.6,1.0553566572002568,long_rentry,124.1099428867502,0.11859395719352112,369.0
1674597180000.0,34433,1674597180000.0,0.0,-0.033984798,1046.4775392607523,1043.1223063740022,167.1,1.0169,284.7,1.0327851523946268,long_rentry,294.0339328867502,0.28097491045480083,131.0
1674599220000.0,34467,1674599220000.0,0.0,-0.15049231600000001,1046.3270469447523,1033.633234058002,760.6,0.9893,1045.3,1.0011437031347463,long_rentry,1046.4955128867502,1.0001610069647822,34.0
1674626880000.0,34928,1674626880000.0,0.7202203708907902,-0.052463814000000004,1046.994803501643,1049.234140244002,-261.3,1.0039,784.0,1.0011437031347463,long_nclose,784.8966632576411,0.749666245364903,461.0
1674627300000.0,34935,1674627300000.0,0.5402341855897239,-0.03935288,1047.4956848072327,1049.1751873640019,-196.0,1.0039,588.0,1.0011437031347463,long_nclose,588.6724974432308,0.5619808329344691,7.0
1674628080000.0,34948,1674628080000.0,1.716234185589725,-0.039588080000000005,1049.1723309128224,1052.2519992840018,-196.0,1.0099,392.0,1.0011437031347463,long_nclose,392.44833162882054,0.374055167169129,13.0
1674628200000.0,34950,1674628200000.0,1.143572370602133,-0.026378588000000005,1050.2895246954247,1052.3431606960019,-130.6,1.0099,261.4,1.0011437031347463,long_nclose,261.6989639994227,0.2491684034222023,2.0
1674628620000.0,34957,1674628620000.0,0.7626734569635971,-0.017592458,1051.0346056943881,1052.7525582380017,-87.1,1.0099,174.3,1.0011437031347463,long_nclose,174.4993474563863,0.16602626260921222,7.0
1674628800000.0,34960,1674628800000.0,0.50874084787124,-0.011735038000000001,1051.5316115042592,1052.6769132000018,-58.1,1.0099,116.2,1.0011437031347463,long_nclose,116.33289830425753,0.11063186026127976,3.0
1674630480000.0,34988,1674630480000.0,0.8515308478712409,-0.011803596000000001,1052.3713387561306,1053.234489604002,-58.1,1.0158,58.1,1.0011437031347463,long_nclose,58.16644915212876,0.05527179143901776,28.0
1674630720000.0,34992,1674630720000.0,0.42503260909235774,-0.005891640000000001,1052.790479725223,1053.2227979640018,-29.0,1.0158,29.1,1.0011437031347463,long_nclose,29.13328176122112,0.027672440359476726,4.0
1674631140000.0,34999,1674631140000.0,0.21251630454617887,-0.0029458200000000005,1053.0000502097691,1053.2169521440019,-14.5,1.0158,14.6,1.0011437031347463,long_nclose,14.616698065767295,0.013881004148912898,7.0
1674631320000.0,35002,1674631320000.0,0.10699096711635211,-0.0014830680000000001,1053.1055581088856,1053.214009076002,-7.3,1.0158,7.3,1.0011437031347463,long_nclose,7.308349032883648,0.006939806723656094,3.0
1674632520000.0,35022,1674632520000.0,0.15079096711635215,-0.0014918280000000002,1053.2548572480018,1053.2548572480018,-7.3,1.0218,0.0,1.0011437031347463,long_nclose,0.0,0.0,20.0
1674638400000.0,35120,1674638400000.0,0.0,-0.010536358000000001,1053.2443208900017,1053.2286308900018,52.3,1.0073,52.3,1.0073,long_ientry_normal,52.68179,0.05001858443963256,98.0
1674638460000.0,35121,1674638460000.0,0.03639999999999888,-0.00262626,1053.2780946300018,1053.4235046300018,-13.0,1.0101,39.3,1.0073,long_nclose,39.586890000000004,0.037584461503403985,1.0
1674638940000.0,35129,1674638940000.0,0.11527999999999894,-0.002662182,1053.3907124480018,1053.6448524480018,-13.1,1.0161,26.2,1.0073,long_nclose,26.391260000000003,0.025053628903437618,8.0
1674640500000.0,35155,1674640500000.0,0.0765599999999993,-0.0017680139999999998,1053.4655044340018,1053.6352544340018,-8.7,1.0161,17.5,1.0073,long_nclose,17.627750000000002,0.016733106044578946,26.0
1674641400000.0,35170,1674641400000.0,0.05103999999999953,-0.001178676,1053.5153657580017,1053.6288557580017,-5.8,1.0161,11.7,1.0073,long_nclose,11.78541,0.011186747135406447,15.0
1674641820000.0,35177,1674641820000.0,0.0,-0.008173710000000002,1053.5071920480018,1053.4708320480017,40.5,1.0091,52.2,1.008696551724138,long_ientry_partial,52.653960000000005,0.049979687274504046,7.0
1674641940000.0,35179,1674641940000.0,0.03644482758620726,-0.0026299000000000006,1053.5410069755878,1053.7097021480017,-13.0,1.0115,39.2,1.008696551724138,long_nclose,39.54090482758621,0.037531434055041425,2.0
1674644160000.0,35216,1674644160000.0,0.11444482758620733,-0.0026455000000000003,1053.652806303174,1053.8965566480015,-13.0,1.0175,26.2,1.008696551724138,long_nclose,26.427849655172412,0.025082123349432967,37.0
1674644340000.0,35219,1674644340000.0,0.07659000000000028,-0.00177045,1053.7276258531738,1053.8554361980014,-8.7,1.0175,17.5,1.008696551724138,long_nclose,17.652189655172414,0.016752137100780603,3.0
1674644400000.0,35220,1674644400000.0,0.051060000000000196,-0.0011803000000000002,1053.7775055531738,1053.8746558980015,-5.8,1.0175,11.7,1.008696551724138,long_nclose,11.801749655172413,0.01119947009020387,1.0
1674644520000.0,35222,1674644520000.0,0.0343334482758622,-0.0007936500000000001,1053.8110453514496,1053.8680122480014,-3.9,1.0175,7.8,1.008696551724138,long_nclose,7.867833103448276,0.007466075762020815,2.0
1674644940000.0,35229,1674644940000.0,0.022888965517241466,-0.0005291,1053.8334052169669,1053.8817831480014,-2.6,1.0175,5.2,1.008696551724138,long_nclose,5.245222068965518,0.00497727823297233,7.0
1674646140000.0,35249,1674646140000.0,0.014965862068965574,-0.00034595000000000003,1053.8480251290357,1053.8840871980012,-1.7,1.0175,3.5,1.008696551724138,long_nclose,3.530437931034483,0.0033500446429191796,20.0
1674646740000.0,35259,1674646740000.0,0.0,-0.00982206,1053.8382030690357,1053.7663651380012,48.6,1.0105,52.1,1.0103788470448076,long_ientry_partial,52.64073793103448,0.049951442050337254,10.0
1674648120000.0,35282,1674648120000.0,0.03667498841750216,-0.0026343200000000003,1053.8722437374531,1054.0920308180011,-13.0,1.0132,39.1,1.0103788470448076,long_nclose,39.50581291945198,0.03748633969080402,23.0
1674648300000.0,35285,1674648300000.0,0.11467498841750223,-0.0026499200000000005,1053.9842688058704,1054.209280898001,-13.0,1.0192,26.1,1.0103788470448076,long_nclose,26.37088790786948,0.025020191181550393,3.0
1674648360000.0,35286,1674648360000.0,0.07674403071017456,-0.001773408,1054.0592394285807,1054.209247490001,-8.7,1.0192,17.4,1.0103788470448076,long_nclose,17.58059193857965,0.016678941069868447,1.0
1674648420000.0,35287,1674648420000.0,0.05116268714011638,-0.001182272,1054.1092198437207,1054.2324252180008,-5.8,1.0192,11.6,1.0103788470448076,long_nclose,11.720394625719768,0.011118766827082113,1.0
1674648720000.0,35292,1674648720000.0,0.08596268714011512,-0.001189232,1054.193993298861,1054.301995986001,-5.8,1.0252,5.8,1.0103788470448076,long_nclose,5.860197312859884,0.0055589363533762185,5.0
1674649680000.0,35308,1674649680000.0,0.04298134357005756,-0.000594616,1054.236380026431,1054.2816813700013,-2.9,1.0252,2.9,1.0103788470448076,long_nclose,2.930098656429942,0.0027793564251278073,16.0
1674650100000.0,35315,1674650100000.0,0.020749614137269168,-0.00028705599999999994,1054.2568425845684,1054.2802743140012,-1.4,1.0252,1.5,1.0103788470448076,long_nclose,1.5155682705672113,0.0014375702479214767,7.0
1674650280000.0,35318,1674650280000.0,0.031231729432788402,-0.00030935999999999995,1054.2877649540012,1054.2877649540012,-1.5,1.0312,0.0,1.0103788470448076,long_nclose,0.0,0.0,3.0
1674656820000.0,35427,1674656820000.0,0.0,-0.010535084,1054.2772298700013,1054.3342098700014,51.8,1.0169,51.8,1.0169,long_ientry_normal,52.675419999999995,0.049963537585360915,109.0
1674663660000.0,35541,1674663660000.0,0.036120000000001755,-0.002630826,1054.3107190440012,1054.4313090440012,-12.9,1.0197,38.9,1.0169,long_nclose,39.55741,0.037519688726933155,114.0
1674663900000.0,35545,1674663900000.0,0.027160000000001315,-0.0019782180000000003,1054.3359008260013,1054.3680208260014,-9.7,1.0197,29.2,1.0169,long_nclose,29.693479999999997,0.028163206788972234,4.0
1674664080000.0,35548,1674664080000.0,0.02044000000000099,-0.001488762,1054.3548520640013,1054.4227420640013,-7.3,1.0197,21.9,1.0169,long_nclose,22.270109999999995,0.02112202543233344,3.0
1674664260000.0,35551,1674664260000.0,0.015120000000000734,-0.0011012760000000002,1054.3688707880012,1054.4365207880012,-5.4,1.0197,16.5,1.0169,long_nclose,16.77885,0.015913643189655276,3.0
1674664500000.0,35555,1674664500000.0,0.011480000000000556,-0.000836154,1054.3795146340012,1054.3807546340013,-4.1,1.0197,12.4,1.0169,long_nclose,12.60956,0.011959223244561102,4.0
1674664980000.0,35563,1674664980000.0,0.0,-0.008032464000000001,1054.3714821700012,1054.3796021700011,39.6,1.0142,52.0,1.0148438461538463,long_ientry_partial,52.77188,0.05005055703080117,8.0
1674665580000.0,35573,1674665580000.0,0.03712999999999922,-0.0026460200000000002,1054.4059661500012,1054.5680561500012,-13.0,1.0177,39.0,1.0148438461538463,long_nclose,39.57891000000001,0.03753669010857006,10.0
1674665940000.0,35579,1674665940000.0,0.027704692307691722,-0.001974338,1054.4316965043088,1054.524171812001,-9.7,1.0177,29.3,1.0148438461538463,long_nclose,29.734924692307697,0.028199953388053513,6.0
1674666060000.0,35581,1674666060000.0,0.0,-0.0046044680000000004,1054.4270920363087,1054.449827344001,22.7,1.0142,52.0,1.0145627825443788,long_ientry_partial,52.7572646923077,0.05003405649453004,2.0
1674673080000.0,35698,1674673080000.0,0.03688382692307646,-0.00264524,1054.4613306232318,1054.595382104001,-13.0,1.0174,39.0,1.0145627825443788,long_nclose,39.567948519230775,0.03752432390843998,117.0
1674674280000.0,35718,1674674280000.0,0.027521009319526276,-0.001973756,1054.4868778765513,1054.587588348001,-9.7,1.0174,29.3,1.0145627825443788,long_nclose,29.7266895285503,0.028190668041703597,20.0
1674675120000.0,35732,1674675120000.0,0.02071168742603524,-0.0014854040000000003,1054.5061041599772,1054.5817229440008,-7.3,1.0174,22.0,1.0145627825443788,long_nclose,22.320381215976333,0.02116666857396413,14.0
1674675720000.0,35742,1674675720000.0,0.015604696005916963,-0.0011191400000000002,1054.5205897159833,1054.593803804001,-5.5,1.0174,16.5,1.0145627825443788,long_nclose,16.74028591198225,0.015874783361499802,10.0
1674675960000.0,35746,1674675960000.0,0.011632591568047189,-0.000834268,1054.5313880395513,1054.574009536001,-4.1,1.0174,12.4,1.0145627825443788,long_nclose,12.580578503550297,0.011930018059432527,4.0
1674676320000.0,35752,1674676320000.0,0.008795374112425924,-0.0006307880000000001,1054.5395526256636,1054.571518748001,-3.1,1.0174,9.3,1.0145627825443788,long_nclose,9.435433877662724,0.008947444270032115,6.0
1674676920000.0,35762,1674676920000.0,0.02739537411242594,-0.0006345080000000001,1054.566313491776,1054.618624240001,-3.1,1.0234,6.2,1.0145627825443788,long_nclose,6.290289251775149,0.005964811478708591,10.0
1674676980000.0,35763,1674676980000.0,0.017674434911242543,-0.00040936000000000005,1054.5835785666873,1054.627414880001,-2.0,1.0234,4.2,1.0145627825443788,long_nclose,4.261163686686391,0.0040406125918230704,1.0
1674677280000.0,35768,1674677280000.0,0.03136815665680466,-0.0004323900000000001,1054.614514333344,1054.6427324900008,-2.1,1.0295,2.1,1.0145627825443788,long_nclose,2.1305818433431956,0.002020247032812748,5.0
1674677400000.0,35770,1674677400000.0,0.014937217455621266,-0.00020590000000000002,1054.6292456507995,1054.6473265900006,-1.0,1.0295,1.1,1.0145627825443788,long_nclose,1.1160190607988167,0.0010582098546965046,2.0
1674677700000.0,35775,1674677700000.0,0.007468608727810633,-0.00010295000000000001,1054.6366113095273,1054.6458736400007,-0.5,1.0295,0.6,1.0145627825443788,long_nclose,0.6087376695266272,0.0005772013440447191,5.0
1674678240000.0,35784,1674678240000.0,0.004481165236686379,-6.177e-05,1054.641030704764,1054.6456618700008,-0.3,1.0295,0.3,1.0145627825443788,long_nclose,0.3043688347633136,0.0002885994626625887,9.0
1674678840000.0,35794,1674678840000.0,0.0014937217455621267,-2.0590000000000004e-05,1054.6425038365096,1054.6455912800006,-0.1,1.0295,0.2,1.0145627825443788,long_nclose,0.20291255650887577,0.00019239937302994496,10.0
1674679140000.0,35799,1674679140000.0,0.0014937217455621267,-2.0590000000000004e-05,1054.6439769682552,1054.6455206900007,-0.1,1.0295,0.1,1.0145627825443788,long_nclose,0.10145627825443788,9.619955214279076e-05,5.0
1674679440000.0,35804,1674679440000.0,0.0014937217455621267,-2.0590000000000004e-05,1054.6454501000007,1054.6454501000007,-0.1,1.0295,0.0,1.0145627825443788,long_nclose,0.0,0.0,5.0
1674725700000.0,36575,1674725700000.0,0.0,-0.010540996000000002,1054.6349091040008,1054.6399291040009,50.2,1.0499,50.2,1.0499,long_ientry_normal,52.704980000000006,0.04997462111772616,771.0
1674725940000.0,36579,1674725940000.0,0.03624999999999878,-0.0026320000000000002,1054.668527104001,1054.785397104001,-12.5,1.0528,37.7,1.0499,long_nclose,39.581230000000005,0.037529545049273,4.0
1674726120000.0,36582,1674726120000.0,0.027259999999999087,-0.001979264,1054.693807840001,1054.781537840001,-9.4,1.0528,28.3,1.0499,long_nclose,29.712170000000004,0.028171370476565268,3.0
1674727440000.0,36604,1674727440000.0,0.02029999999999932,-0.00147392,1054.7126339200008,1054.7360639200008,-7.0,1.0528,21.3,1.0499,long_nclose,22.36287,0.02120280850043957,22.0
1674727560000.0,36606,1674727560000.0,0.015369999999999483,-0.001115968,1054.7268879520009,1054.776487952001,-5.3,1.0528,16.0,1.0499,long_nclose,16.7984,0.01592677705658763,2.0
1674727800000.0,36610,1674727800000.0,0.01159999999999961,-0.00084224,1054.7376457120008,1054.7748457120008,-4.0,1.0528,12.0,1.0499,long_nclose,12.5988,0.011944960958983482,4.0
1674727920000.0,36612,1674727920000.0,0.0,-0.008022000000000001,1054.7296237120008,1054.4296237120009,38.2,1.05,50.2,1.04997609561753,long_ientry_partial,52.708800000000004,0.04997375518334014,2.0
1674728940000.0,36629,1674728940000.0,0.03654880478087541,-0.00263225,1054.7635402667818,1054.915241462001,-12.5,1.0529,37.7,1.04997609561753,long_nclose,39.58409880478088,0.037528884241456485,17.0
1674729300000.0,36635,1674729300000.0,0.0,-0.002625,1054.7609152667817,1054.6614164620007,12.5,1.05,50.2,1.0499820479040016,long_ientry_partial,52.709098804780886,0.049972555905192145,6.0
1674734820000.0,36727,1674734820000.0,0.03647440119997902,-0.00263225,1054.7947574179816,1054.8331342120007,-12.5,1.0529,37.7,1.0499820479040016,long_nclose,39.584323205980866,0.03752798630027212,92.0
1674735300000.0,36735,1674735300000.0,0.0,-0.002643984,1054.7921134339815,1054.7525702280006,12.6,1.0492,50.3,1.0497861472362002,long_ientry_partial,52.80424320598087,0.050061279880138046,8.0
1674735960000.0,36746,1674735960000.0,0.03642315954749675,-0.00263175,1054.8259048435289,1054.9473884780004,-12.5,1.0527,37.8,1.0497861472362002,long_nclose,39.681916365528366,0.037619398787342745,11.0
1674736140000.0,36749,1674736140000.0,0.02739021597971756,-0.001979076,1054.8513159835086,1054.9709894020004,-9.4,1.0527,28.4,1.0497861472362002,long_nclose,29.813926581508085,0.028263629318896533,3.0
1674737460000.0,36771,1674737460000.0,0.0856702159797174,-0.001990732,1054.9349954674883,1055.0720586700004,-9.4,1.0589,19.0,1.0497861472362002,long_nclose,19.945936797487803,0.018907266213733745,22.0
1674738180000.0,36783,1674738180000.0,0.05741727241193826,-0.001334214,1054.9910785259,1055.1080944560003,-6.3,1.0589,12.7,1.0497861472362002,long_nclose,13.332284069899742,0.012637342951305757,12.0
1674738600000.0,36790,1674738600000.0,0.0,-0.007892240000000002,1054.9831862859,1054.9544022160003,37.6,1.0495,50.3,1.0495722479105318,long_ientry_partial,52.79348406989975,0.050042014655949915,7.0
1674739200000.0,36800,1674739200000.0,0.03659690111835201,-0.0026312500000000003,1055.0171519370185,1055.1089209660004,-12.5,1.0525,37.8,1.0495722479105318,long_nclose,39.6738309710181,0.037604915615046336,10.0
1674739320000.0,36802,1674739320000.0,0.0,-0.0026237500000000006,1055.0145281870184,1055.0872472160004,12.5,1.0495,50.3,1.0495542936584115,long_ientry_partial,52.7925809710181,0.0500396720239854,2.0
1674739440000.0,36804,1674739440000.0,0.036821329269856595,-0.0026312500000000003,1055.0487182662885,1055.1411659660005,-12.5,1.0525,37.8,1.0495542936584115,long_nclose,39.67315230028795,0.03760314724184582,2.0
1674739740000.0,36809,1674739740000.0,0.0,-0.0026237500000000006,1055.0460945162883,1055.0691922160004,12.5,1.0495,50.3,1.0495408011985676,long_ientry_partial,52.79190230028795,0.05003753160613488,5.0
1674740040000.0,36814,1674740040000.0,0.03573998501790465,-0.002631,1055.0792035013062,1055.2099612160002,-12.5,1.0524,37.8,1.0495408011985676,long_nclose,39.672642285305855,0.03760157735424148,5.0
1674741300000.0,36835,1674741300000.0,0.11540590489804754,-0.0026679240000000003,1055.1919414822044,1055.4807132920005,-12.6,1.0587,25.2,1.0495408011985676,long_nclose,26.448428190203902,0.025065039970881876,21.0
1674742320000.0,36852,1674742320000.0,0.19352590489804733,-0.002683548,1055.3827838391023,1055.5649697440003,-12.6,1.0649,12.6,1.0495408011985676,long_nclose,13.224214095101951,0.012530253759680468,17.0
1674742380000.0,36853,1674742380000.0,0.09676295244902366,-0.001341774,1055.4782050175515,1055.5755979700007,-6.3,1.0649,6.3,1.0495408011985676,long_nclose,6.612107047550976,0.006264560477059801,1.0
1674742560000.0,36856,1674742560000.0,0.047613516284440216,-0.0006602380000000001,1055.525158295836,1055.5746277320006,-3.1,1.0649,3.2,1.0495408011985676,long_nclose,3.3585305638354166,0.0031818574265513704,3.0
1674743220000.0,36867,1674743220000.0,0.024574718082291724,-0.00034076800000000003,1055.5493922459184,1055.5741269640007,-1.6,1.0649,1.6,1.0495408011985676,long_nclose,1.6792652819177083,0.0015908921877589208,11.0
1674743760000.0,36876,1674743760000.0,0.03465471808229168,-0.000342784,1055.5837041800007,1055.5837041800007,-1.6,1.0712,0.0,1.0495408011985676,long_nclose,0.0,0.0,9.0
1674744600000.0,36890,1674744600000.0,0.0,-0.010548024000000001,1055.5731561560008,1055.4928361560007,50.2,1.0506,50.2,1.0506,long_ientry_normal,52.740120000000005,0.04996349110663218,14.0
1674744720000.0,36892,1674744720000.0,0.03625000000000156,-0.0026337500000000002,1055.6067724060008,1055.7349524060007,-12.5,1.0535,37.7,1.0506,long_nclose,39.607620000000004,0.03752118784698965,2.0
1674744840000.0,36894,1674744840000.0,0.0,-0.0026265000000000004,1055.604145906001,1055.574025906001,12.5,1.0506,50.2,1.0506,long_ientry_partial,52.740120000000005,0.049962024310480864,2.0
1674745200000.0,36900,1674745200000.0,0.03625000000000156,-0.0026337500000000002,1055.637762156001,1055.7659421560008,-12.5,1.0535,37.7,1.0506,long_nclose,39.607620000000004,0.03752008635908085,6.0
1674745320000.0,36902,1674745320000.0,0.0,-0.0026265000000000004,1055.635135656001,1055.6050156560011,12.5,1.0506,50.2,1.0506,long_ientry_partial,52.740120000000005,0.04996055760044954,2.0
1674745500000.0,36905,1674745500000.0,0.03625000000000156,-0.0026337500000000002,1055.668751906001,1055.834631906001,-12.5,1.0535,37.7,1.0506,long_nclose,39.607620000000004,0.037518984935841646,3.0
1674745680000.0,36908,1674745680000.0,0.027260000000001172,-0.0019805800000000004,1055.694031326001,1055.790251326001,-9.4,1.0535,28.3,1.0506,long_nclose,29.73198,0.028163444253497618,3.0
1674745800000.0,36910,1674745800000.0,0.020300000000000873,-0.0014749000000000003,1055.712856426001,1055.742676426001,-7.0,1.0535,21.3,1.0506,long_nclose,22.37778,0.021196843311880747,2.0
1674746100000.0,36915,1674746100000.0,0.015370000000000661,-0.0011167100000000001,1055.7271097160012,1055.8295097160012,-5.3,1.0535,16.0,1.0506,long_nclose,16.8096,0.01592229643939134,5.0
1674746640000.0,36924,1674746640000.0,0.04876000000000051,-0.0011233880000000001,1055.7747463280011,1055.8753263280012,-5.3,1.0598,10.7,1.0506,long_nclose,11.24142,0.010647555303911,9.0
1674746820000.0,36927,1674746820000.0,0.03220000000000034,-0.0007418600000000001,1055.8062044680012,1055.8738844680013,-3.5,1.0598,7.2,1.0506,long_nclose,7.56432,0.007164496635830535,3.0
1674747060000.0,36931,1674747060000.0,0.02208000000000023,-0.000508704,1055.8277757640012,1055.8776957640011,-2.4,1.0598,4.8,1.0506,long_nclose,5.042879999999999,0.004776233506786608,4.0
1674747360000.0,36936,1674747360000.0,0.036960000000000194,-0.00051168,1055.864224084001,1055.903584084001,-2.4,1.066,2.4,1.0506,long_nclose,2.5214399999999997,0.0023880343158585913,5.0
1674747600000.0,36940,1674747600000.0,0.007360000000000078,-0.00016956800000000004,1055.871414516001,1055.886454516001,-0.8,1.0598,1.6,1.0506,long_nclose,1.68096,0.0015920120356421735,4.0
1674748020000.0,36947,1674748020000.0,0.0,-0.010215720000000001,1055.8611987960012,1055.8618387960012,48.6,1.051,50.2,1.0509872509960159,long_ientry_partial,52.75956,0.04996827240186659,7.0
1674757740000.0,37109,1674757740000.0,0.036409362549802426,-0.00263475,1055.894973408551,1056.0085540460013,-12.5,1.0539,37.7,1.0509872509960159,long_nclose,39.6222193625498,0.03752477316436567,162.0
1674757980000.0,37113,1674757980000.0,0.027379840637451424,-0.001981332,1055.9203719171885,1056.0056327140012,-9.4,1.0539,28.3,1.0509872509960159,long_nclose,29.742939203187248,0.028167786126887858,4.0
1674758100000.0,37115,1674758100000.0,0.02038924302788936,-0.00147546,1055.9392857002165,1056.0034572540014,-7.0,1.0539,21.3,1.0509872509960159,long_nclose,22.38602844621514,0.0212001094659249,2.0
1674758520000.0,37122,1674758520000.0,0.01543756972111623,-0.001117134,1055.9536061359377,1056.0018101200014,-5.3,1.0539,16.0,1.0509872509960159,long_nclose,16.815796015936254,0.0159247488887987,7.0
1674758640000.0,37124,1674758640000.0,0.011650996015936776,-0.00084312,1055.9644140119537,1056.0005670000016,-4.0,1.0539,12.0,1.0509872509960159,long_nclose,12.61184701195219,0.011943439423337822,2.0
1674759120000.0,37132,1674759120000.0,0.0,-0.008036871999999999,1055.9563771399537,1055.9248701280014,38.3,1.0492,50.3,1.0496263819473595,long_ientry_partial,52.79620701195218,0.04999847356852953,8.0
1674761880000.0,37178,1674761880000.0,0.035920225658006566,-0.0026312500000000003,1055.9896661156117,1056.0793888780015,-12.5,1.0525,37.8,1.0496263819473595,long_nclose,39.67587723761019,0.037572221121779804,46.0
1674761940000.0,37179,1674761940000.0,0.027012009694820937,-0.0019787,1056.0146994253064,1056.1105101780013,-9.4,1.0525,28.4,1.0496263819473595,long_nclose,29.809389247305006,0.028228195368423914,1.0
1674762180000.0,37183,1674762180000.0,0.02040268817374773,-0.00149455,1056.0336075634802,1056.1267656280015,-7.1,1.0525,21.3,1.0496263819473595,long_nclose,22.357041935478758,0.02117076745981764,4.0
1674762780000.0,37193,1674762780000.0,0.0,-0.0060836200000000005,1056.0275239434802,1055.9667820080015,29.0,1.0489,50.3,1.0492075931506712,long_ientry_partial,52.77514193547876,0.04997515759665308,10.0
1674763140000.0,37199,1674763140000.0,0.03615508561660985,-0.00263025,1056.0610487790968,1056.2044017580015,-12.5,1.0521,37.8,1.0492075931506712,long_nclose,39.66004702109537,0.03755469162218038,6.0
1674763560000.0,37206,1674763560000.0,0.0,-0.00262225,1056.0584265290968,1056.0015295080013,12.5,1.0489,50.3,1.049131153500902,long_ientry_partial,52.77129702109537,0.049970054397971704,7.0
1674764100000.0,37215,1674764100000.0,0.035860581238725264,-0.0026300000000000004,1056.0916571103355,1056.2000995080014,-12.5,1.052,37.8,1.049131153500902,long_nclose,39.657157602334095,0.03755086723328873,9.0
1674764160000.0,37216,1674764160000.0,0.0269671570915214,-0.0019777600000000003,1056.116646507427,1056.2549217480014,-9.4,1.052,28.4,1.049131153500902,long_nclose,29.795324759425615,0.0282121533241225,1.0
1674764640000.0,37224,1674764640000.0,0.02036881014359595,-0.00149384,1056.1355214775706,1056.2179279080015,-7.1,1.052,21.3,1.049131153500902,long_nclose,22.346493569569216,0.021158736843076432,8.0
1674764820000.0,37227,1674764820000.0,0.015204886445219511,-0.00111512,1056.149611244016,1056.2115127880015,-5.3,1.052,16.0,1.049131153500902,long_nclose,16.786098456014432,0.015893674795034434,3.0
1674765600000.0,37240,1674765600000.0,0.011475385996392085,-0.0008416000000000001,1056.1602450300122,1056.2186711880015,-4.0,1.052,12.0,1.049131153500902,long_nclose,12.589573842010825,0.011920136079021868,13.0
1674765780000.0,37243,1674765780000.0,0.008606539497294063,-0.0006312000000000001,1056.1682203695095,1056.1940399880014,-3.0,1.052,9.0,1.049131153500902,long_nclose,9.442180381508118,0.008940034550750533,3.0
1674765900000.0,37245,1674765900000.0,0.006311462298015647,-0.0004628800000000001,1056.1740689518076,1056.1935771080016,-2.2,1.052,6.8,1.049131153500902,long_nclose,7.134091843806133,0.006754655367449337,2.0
1674765960000.0,37246,1674765960000.0,0.004877039048466636,-0.00035768000000000003,1056.1785883108562,1056.1983194280017,-1.7,1.052,5.1,1.049131153500902,long_nclose,5.3505688828546,0.005065969848348992,1.0
1674767220000.0,37267,1674767220000.0,0.003442615798917625,-0.00025248,1056.1817784466552,1056.1968669480018,-1.2,1.052,3.9,1.049131153500902,long_nclose,4.091611498653518,0.0038739652417324614,21.0
1674767400000.0,37270,1674767400000.0,0.0,-0.009736576,1056.1720418706552,1056.2125503720017,46.4,1.0492,50.3,1.049194662001064,long_ientry_partial,52.77449149865351,0.04996770356198898,3.0
1674768660000.0,37291,1674768660000.0,0.036316724986701354,-0.00263025,1056.2057283456418,1056.3495701220015,-12.5,1.0521,37.8,1.049194662001064,long_nclose,39.65955822364021,0.037549084576316255,21.0
1674769560000.0,37306,1674769560000.0,0.02731017718999942,-0.001977948,1056.2310605748316,1056.3391321740014,-9.4,1.0521,28.4,1.049194662001064,long_nclose,29.797128400830214,0.028210804920481843,15.0
1674770100000.0,37315,1674770100000.0,0.020627899792446367,-0.001493982,1056.2501944926241,1056.3312481920016,-7.1,1.0521,21.3,1.049194662001064,long_nclose,22.347846300622663,0.021157720412404355,9.0
1674770700000.0,37325,1674770700000.0,0.015398291394361373,-0.001115226,1056.2644775580186,1056.3253629660016,-5.3,1.0521,16.0,1.049194662001064,long_nclose,16.787114592017023,0.015892908403799786,10.0
1674771300000.0,37335,1674771300000.0,0.011621351995744433,-0.00084168,1056.2752572300144,1056.3209212860017,-4.0,1.0521,12.0,1.049194662001064,long_nclose,12.590335944012768,0.011919559658180177,10.0
1674772380000.0,37353,1674772380000.0,0.008716013996808325,-0.00063126,1056.283341984011,1056.3265900260014,-3.0,1.0521,9.0,1.049194662001064,long_nclose,9.442751958009575,0.008939601319730468,18.0
1674774600000.0,37390,1674774600000.0,0.0,-0.008668044000000001,1056.274673940011,1056.2564019820015,41.3,1.0494,50.3,1.0493632596025761,long_ientry_partial,52.782971958009576,0.04997087714043523,37.0
1674775140000.0,37399,1674775140000.0,0.03670925496779831,-0.0026307500000000003,1056.3087524449788,1056.4462212320016,-12.5,1.0523,37.8,1.0493632596025761,long_nclose,39.66593121297738,0.037551455595880336,9.0
1674775260000.0,37401,1674775260000.0,0.11512292900754048,-0.00266742,1056.4212079539864,1056.6388538120013,-12.6,1.0585,25.2,1.0493632596025761,long_nclose,26.443954141984918,0.025031638841480654,2.0
1674775320000.0,37402,1674775320000.0,0.07674861933836033,-0.0017782800000000004,1056.4961782933246,1056.6076755320014,-8.4,1.0585,16.8,1.0493632596025761,long_nclose,17.62930276132328,0.01668657504261099,1.0
1674775440000.0,37404,1674775440000.0,0.051165746225573544,-0.00118552,1056.54615851955,1056.6652900120012,-5.6,1.0585,11.2,1.0493632596025761,long_nclose,11.752868507548852,0.011123857119519668,2.0
1674775800000.0,37410,1674775800000.0,0.03380593947046824,-0.0007832900000000001,1056.5791811690206,1056.6514567220013,-3.7,1.0585,7.5,1.0493632596025761,long_nclose,7.8702244470193214,0.007448778650277347,6.0
1674776280000.0,37418,1674776280000.0,0.02284185099355962,-0.0005292500000000001,1056.601493770014,1056.6446774720011,-2.5,1.0585,5.0,1.0493632596025761,long_nclose,5.246816298012881,0.0049657475679803775,8.0
1674776700000.0,37425,1674776700000.0,0.014618784635878158,-0.00033872000000000004,1056.6157738346499,1056.645138752001,-1.6,1.0585,3.4,1.0493632596025761,long_nclose,3.5678350826487586,0.0033766627103250972,7.0
1674776820000.0,37427,1674776820000.0,0.010050414437166234,-0.00023287,1056.6255913790872,1056.6500558820012,-1.1,1.0585,2.3,1.0493632596025761,long_nclose,2.413535497085925,0.0022841917863600345,2.0
1674777120000.0,37432,1674777120000.0,0.006395718278196693,-0.00014819,1056.6318389073654,1056.6488576920012,-0.7,1.0585,1.6,1.0493632596025761,long_nclose,1.678981215364122,0.0015889935865460115,5.0
1674777780000.0,37443,1674777780000.0,0.004568370198711924,-0.00010585000000000001,1056.6363014275641,1056.6480018420013,-0.5,1.0585,1.1,1.0493632596025761,long_nclose,1.154299585562834,0.0010924284770486518,11.0
1674777840000.0,37444,1674777840000.0,0.00771837019871191,-0.00010648,1056.6439133177628,1056.6538953620013,-0.5,1.0648,0.6,1.0493632596025761,long_nclose,0.6296179557615457,0.0005958657858394361,1.0
1674778440000.0,37454,1674778440000.0,0.004631022119227146,-6.388800000000001e-05,1056.6484804518818,1056.653171474001,-0.3,1.0648,0.3,1.0493632596025761,long_nclose,0.31480897788077283,0.0002979316051693397,10.0
1674778980000.0,37463,1674778980000.0,0.0,-0.010502000000000001,1056.6379784518817,1056.728769474001,50.0,1.0502,50.3,1.0501950095006118,long_ientry_partial,52.82480897788077,0.049993290090969755,9.0
1674779220000.0,37467,1674779220000.0,0.03631238124235103,-0.0026327499999999997,1056.6716580831242,1056.9288867240011,-12.5,1.0531,37.8,1.0501950095006118,long_nclose,39.697371359123125,0.037568312782361286,4.0
1674779460000.0,37471,1674779460000.0,0.1159828802922895,-0.002669688,1056.7849712754164,1057.057257036001,-12.6,1.0594,25.2,1.0501950095006118,long_nclose,26.464914239415418,0.025042856360339177,4.0
1674780780000.0,37493,1674780780000.0,0.0,-0.00527351,1056.7796977654164,1056.762233526001,25.1,1.0505,50.3,1.0503472015788353,long_ientry_partial,52.832464239415415,0.049993829698972085,22.0
1674798840000.0,37794,1674798840000.0,0.036909980264557274,-0.0026332499999999997,1056.813974495681,1056.876450276001,-12.5,1.0533,37.8,1.0503472015788353,long_nclose,39.70312421967997,0.03756869721431019,301.0
1674799140000.0,37799,1674799140000.0,0.027756305158947073,-0.0019802039999999997,1056.8397505968398,1056.943490072001,-9.4,1.0533,28.4,1.0503472015788353,long_nclose,29.82986052483892,0.028225528523120748,5.0
1674799380000.0,37803,1674799380000.0,0.02096486879026853,-0.0014956859999999998,1056.8592197796302,1056.937024386001,-7.1,1.0533,21.3,1.0503472015788353,long_nclose,22.372395393629194,0.021168756419889256,4.0
1674799860000.0,37811,1674799860000.0,0.015649831632172283,-0.0011164979999999998,1056.8737531132622,1056.932197888001,-5.3,1.0533,16.0,1.0503472015788353,long_nclose,16.805555225261365,0.015901194608870527,8.0
1674800340000.0,37819,1674800340000.0,0.011811193684658328,-0.00084264,1056.884721666947,1056.928555248001,-4.0,1.0533,12.0,1.0503472015788353,long_nclose,12.604166418946024,0.011925772187402232,8.0
1674800880000.0,37828,1674800880000.0,0.03661119368465915,-0.0008476000000000001,1056.9204852606315,1056.9977076480009,-4.0,1.0595,8.0,1.0503472015788353,long_nclose,8.402777612630683,0.007950245765705447,9.0
1674801060000.0,37831,1674801060000.0,0.06181119368465904,-0.0008526400000000001,1056.9814438143162,1057.0360550080009,-4.0,1.0658,4.0,1.0503472015788353,long_nclose,4.201388806315341,0.0039748936283628975,3.0
1674801240000.0,37834,1674801240000.0,0.03090559684232952,-0.00042632000000000005,1057.0119230911585,1057.0452286880009,-2.0,1.0658,2.0,1.0503472015788353,long_nclose,2.1006944031576706,0.001987389505516962,3.0
1674801300000.0,37835,1674801300000.0,0.043305596842329486,-0.00042880000000000007,1057.0547998880008,1057.0547998880008,-2.0,1.072,0.0,1.0503472015788353,long_nclose,0.0,0.0,1.0
1674887040000.0,39264,1674887040000.0,0.0,-0.010559826000000001,1057.0442400620009,1057.0013100620008,47.7,1.1069,47.7,1.1069,long_ientry_normal,52.799130000000005,0.049949782609763876,1429.0
1674887880000.0,39278,1674887880000.0,0.03689000000000122,-0.0026418000000000006,1057.078488262001,1057.225268262001,-11.9,1.11,35.8,1.1069,long_nclose,39.627019999999995,0.03748730150128482,14.0
1674888300000.0,39285,1674888300000.0,0.027590000000000916,-0.0019758,1057.1041024620008,1057.214392462001,-8.9,1.11,26.9,1.1069,long_nclose,29.775609999999997,0.028167150170595734,7.0
1674888420000.0,39287,1674888420000.0,0.020770000000000687,-0.0014874000000000003,1057.1233850620008,1057.1860050620007,-6.7,1.11,20.2,1.1069,long_nclose,22.359379999999998,0.02115115445931471,2.0
1674888600000.0,39290,1674888600000.0,0.015500000000000513,-0.00111,1057.1377750620009,1057.1848950620008,-5.0,1.11,15.2,1.1069,long_nclose,16.82488,0.015915503538801484,3.0
1674888720000.0,39292,1674888720000.0,0.011780000000000389,-0.0008436,1057.1487114620008,1057.1954514620008,-3.8,1.11,11.4,1.1069,long_nclose,12.61866,0.01193650416746838,2.0
1674890160000.0,39316,1674890160000.0,0.0,-0.008036819999999998,1057.140674642001,1057.094114642001,36.3,1.107,47.7,1.1069761006289307,long_ientry_partial,52.80276,0.049948659877155493,24.0
1674911280000.0,39668,1674911280000.0,0.0,-0.014499707999999998,1057.126174934001,1055.525374934001,67.8,1.0693,115.5,1.0848597402597402,long_rentry,125.3013,0.118530127217617,352.0
1674919080000.0,39798,1674919080000.0,0.08755948051948508,-0.006266304000000001,1057.2074681105205,1057.393028630001,-28.8,1.0879,86.7,1.0848597402597402,long_nclose,94.05733948051947,0.08896772139589797,130.0
1674919200000.0,39800,1674919200000.0,0.06566961038961382,-0.004699728,1057.26843799291,1057.407768902001,-21.6,1.0879,65.1,1.0848597402597402,long_nclose,70.62436909090908,0.06679890040506693,2.0
1674919260000.0,39801,1674919260000.0,0.04925220779221035,-0.003524796,1057.3141654047024,1057.516624106001,-16.2,1.0879,48.9,1.0848597402597402,long_nclose,53.049641298701296,0.05017396251226405,1.0
1674919740000.0,39809,1674919740000.0,0.03709116883117076,-0.0026544760000000002,1057.3486020975336,1057.4271496300012,-12.2,1.0879,36.7,1.0848597402597402,long_nclose,39.814352467532466,0.037654896775339806,8.0
1674919800000.0,39810,1674919800000.0,0.0,-0.00258706,1057.3460150375336,1057.375962570001,11.9,1.087,48.6,1.0853837956282402,long_ientry_partial,52.74965246753247,0.04988873246536988,1.0
1674920340000.0,39819,1674920340000.0,0.036496072898294395,-0.002633928,1057.3798771824318,1057.548368642001,-12.1,1.0884,36.5,1.0853837956282402,long_nclose,39.616508540430765,0.03746667531256191,9.0
1674921240000.0,39834,1674921240000.0,0.027447459783014792,-0.001980888,1057.4053437542148,1057.504427754001,-9.1,1.0884,27.4,1.0853837956282402,long_nclose,29.73951600021378,0.028124991211626114,15.0
1674921360000.0,39836,1674921360000.0,0.020510189727967098,-0.001480224,1057.4243737199427,1057.498867530001,-6.8,1.0884,20.6,1.0853837956282402,long_nclose,22.35890618994175,0.021144685847636298,2.0
1674921600000.0,39840,1674921600000.0,0.0,-0.006091119999999999,1057.4182825999426,1057.4319764100007,28.0,1.0877,48.6,1.0867182343609412,long_ientry_partial,52.814506189941746,0.04994665503615401,4.0
1674922560000.0,39856,1674922560000.0,0.03607936423261051,-0.002637074,1057.4517248901752,1057.5715093360009,-12.1,1.0897,36.5,1.0867182343609412,long_nclose,39.66521555417435,0.03751019041393488,16.0
1674923520000.0,39872,1674923520000.0,0.0,-0.0026319919999999997,1057.4490928981752,1057.452117344001,12.1,1.0876,48.6,1.0869377686044104,long_ientry_partial,52.82517555417434,0.04995528948764348,16.0
1674923880000.0,39878,1674923880000.0,0.03584299988663548,-0.0026375580000000004,1057.4822983400618,1057.5940697860008,-12.1,1.0899,36.5,1.0869377686044104,long_nclose,39.67322855406098,0.03751668336797349,6.0
1674924240000.0,39884,1674924240000.0,0.0,-0.0026319919999999997,1057.4796663480618,1057.4746777940009,12.1,1.0876,48.6,1.0871026451452876,long_ientry_partial,52.83318855406098,0.04996142264987185,6.0
1674925500000.0,39905,1674925500000.0,0.03626799374202028,-0.002638042,1057.5132962998039,1057.655549752001,-12.1,1.0901,36.5,1.0871026451452876,long_nclose,39.679246547803,0.037521274377011686,21.0
1674925620000.0,39907,1674925620000.0,0.0,-0.002631508,1057.510664791804,1057.550678244001,12.1,1.0874,48.6,1.0871766779383332,long_ientry_partial,52.836786547802994,0.049963360471835215,2.0
1674954840000.0,40394,1674954840000.0,0.036582196946169356,-0.0026382840000000003,1057.54460870475,1057.684159960001,-12.1,1.0902,36.5,1.0871766779383332,long_nclose,39.681948744749164,0.03752271858616958,487.0
1674954960000.0,40396,1674954960000.0,0.027512230761168686,-0.001984164,1057.5701367715112,1057.6748957960008,-9.1,1.0902,27.4,1.0871766779383332,long_nclose,29.788640975510326,0.02816705950722792,2.0
1674955620000.0,40407,1674955620000.0,0.020558590019334844,-0.001482672,1057.5892126895305,1057.6679731240008,-6.8,1.0902,20.6,1.0871766779383332,long_nclose,22.395839565529666,0.021176312406378774,11.0
1674956700000.0,40425,1674956700000.0,0.015418942514501132,-0.001112004,1057.603519628045,1057.6782811200007,-5.1,1.0902,15.5,1.0871766779383332,long_nclose,16.851238508044165,0.015933417575965215,18.0
1674958080000.0,40448,1674958080000.0,0.0,-0.0072266200000000004,1057.596293008045,1057.433954500001,33.5,1.0786,49.0,1.0813130307764114,long_ientry_partial,52.98433850804416,0.05009883152799696,23.0
1674960120000.0,40482,1674960120000.0,0.03644102452778157,-0.0026456920000000003,1057.6300883405727,1057.7289688080007,-12.2,1.0843,36.8,1.0813130307764114,long_nclose,39.79231953257194,0.037624042631962465,34.0
1674960840000.0,40494,1674960840000.0,0.0,-0.0026325159999999997,1057.6274558245727,1057.4945562920009,12.2,1.0789,49.0,1.080712235358611,long_ientry_partial,52.954899532571936,0.050069520454426905,12.0
1674964800000.0,40560,1674964800000.0,0.036450728624947845,-0.002644228,1057.6612623251976,1057.8190520640007,-12.2,1.0837,36.8,1.080712235358611,long_nclose,39.77021026119688,0.03760202975928676,66.0
1674966480000.0,40588,1674966480000.0,0.0,-0.002633248,1057.6586290771977,1057.6911788160007,12.2,1.0792,49.0,1.0803357196162628,long_ientry_partial,52.93645026119688,0.05005060121088757,28.0
1674967860000.0,40611,1674967860000.0,0.03616422068159242,-0.0026432519999999996,1057.692150045879,1057.8269955640005,-12.2,1.0833,36.8,1.0803357196162628,long_nclose,39.75635448187847,0.037587831657967745,23.0
1674968100000.0,40615,1674968100000.0,0.027271379530381164,-0.001993272,1057.7174281534096,1057.7909622920008,-9.2,1.0833,27.6,1.0803357196162628,long_nclose,29.817265861408856,0.028190200017281182,4.0
1674968400000.0,40620,1674968400000.0,0.020453534647785876,-0.001494954,1057.7363867340573,1057.8122373380006,-6.9,1.0833,20.7,1.0803357196162628,long_nclose,22.36294939605664,0.021142271057825745,5.0
1674970560000.0,40656,1674970560000.0,0.015117829957059124,-0.001104966,1057.7503995980144,1057.8075623720006,-5.1,1.0833,15.6,1.0803357196162628,long_nclose,16.8532372260137,0.015933094643517578,36.0
1674971400000.0,40670,1674971400000.0,0.011560693496574626,-0.0008449739999999999,1057.761115317511,1057.8039873980008,-3.9,1.0833,11.7,1.0803357196162628,long_nclose,12.639927919510274,0.011949699924180058,14.0
1674971880000.0,40678,1674971880000.0,0.008596413112837542,-0.0006283139999999999,1057.7690834166237,1057.8101290840007,-2.9,1.0833,8.8,1.0803357196162628,long_nclose,9.506954332623113,0.008987740785460835,8.0
1674973320000.0,40702,1674973320000.0,0.0065214168442215845,-0.000476652,1057.7751281814678,1057.8059124320005,-2.2,1.0833,6.6,1.0803357196162628,long_nclose,7.130215749467334,0.006740767068068272,24.0
1674973740000.0,40709,1674973740000.0,0.020821416844221965,-0.0004795120000000001,1057.795470086312,1057.8335929200005,-2.2,1.0898,4.4,1.0803357196162628,long_nclose,4.753477166311557,0.004493758293296238,7.0
1674973860000.0,40711,1674973860000.0,0.013249992537232157,-0.00030514400000000003,1057.8084149348492,1057.8404077760003,-1.4,1.0898,3.0,1.0803357196162628,long_nclose,3.2410071588487885,0.0030638886145071963,2.0
1674975840000.0,40744,1674975840000.0,0.009464280383737256,-0.00021796000000000003,1057.817661255233,1057.8369898160004,-1.0,1.0898,2.0,1.0803357196162628,long_nclose,2.1606714392325257,0.002042574555494393,33.0
1674976140000.0,40749,1674976140000.0,0.005678568230242353,-0.000130776,1057.823209047463,1057.8367390400003,-0.6,1.0898,1.4,1.0803357196162628,long_nclose,1.512470007462768,0.0014297946901965786,5.0
1674977040000.0,40764,1674977040000.0,0.0037857121534949027,-8.718400000000002e-05,1057.8269075756166,1057.8365718560003,-0.4,1.0898,1.0,1.0803357196162628,long_nclose,1.0803357196162628,0.0010212783508147217,15.0
1674979080000.0,40798,1674979080000.0,0.007932140191868609,-0.00010962000000000001,1057.8347300958083,1057.8430622360002,-0.5,1.0962,0.5,1.0803357196162628,long_nclose,0.5401678598081314,0.0005106353993115808,34.0
1674980340000.0,40819,1674980340000.0,0.0031728560767474434,-4.3848000000000004e-05,1057.8378591038852,1057.8431583880003,-0.2,1.0962,0.3,1.0803357196162628,long_nclose,0.3241007158848788,0.00030638033333334354,21.0
1674980880000.0,40828,1674980880000.0,0.0015864280383737217,-2.1924000000000002e-05,1057.8394236079234,1057.8431564640002,-0.1,1.0962,0.2,1.0803357196162628,long_nclose,0.21606714392325257,0.00020425325347236774,9.0
1674981180000.0,40833,1674981180000.0,0.0044528560767474355,-4.4104e-05,1057.8438323600003,1057.8438323600003,-0.2,1.1026,0.0,1.0803357196162628,long_nclose,0.0,0.0,5.0
1675032720000.0,41692,1675032720000.0,0.0,-0.010584000000000001,1057.8332483600002,1057.76124836,48.0,1.1025,48.0,1.1025,long_ientry_normal,52.92,0.050026788326084405,859.0
1675033260000.0,41701,1675033260000.0,0.03719999999999857,-0.00265344,1057.8677949200003,1057.9937949200003,-12.0,1.1056,36.0,1.1025,long_nclose,39.69,0.03751886595905067,9.0
1675033980000.0,41713,1675033980000.0,0.11520000000000064,-0.0026690400000000006,1057.9803258800002,1058.2323258800002,-12.0,1.1121,24.0,1.1025,long_nclose,26.46,0.025009916869665104,12.0
1675034100000.0,41715,1675034100000.0,0.07680000000000042,-0.0017793600000000002,1058.0553465200003,1058.2073465200003,-8.0,1.1121,16.0,1.1025,long_nclose,17.64,0.01667209570654209,2.0
1675034160000.0,41716,1675034160000.0,0.05088000000000028,-0.0011788260000000002,1058.1050476940004,1058.2173976940005,-5.3,1.1121,10.7,1.1025,long_nclose,11.79675,0.01114894029256306,1.0
1675034820000.0,41727,1675034820000.0,0.00805999999999969,-0.000574912,1058.1125327820002,1058.1408827820003,-2.6,1.1056,8.1,1.1025,long_nclose,8.93025,0.008439792293661331,11.0
1675035000000.0,41730,1675035000000.0,0.006199999999999761,-0.00044224,1058.1182905420003,1058.1396405420003,-2.0,1.1056,6.1,1.1025,long_nclose,6.72525,0.0063558583762455545,3.0
1675037040000.0,41764,1675037040000.0,0.019200000000000106,-0.00044484000000000006,1058.1370457020003,1058.1800957020002,-2.0,1.1121,4.1,1.1025,long_nclose,4.52025,0.00427189466464727,34.0
1675037160000.0,41766,1675037160000.0,0.01248000000000007,-0.00028914600000000005,1058.1492365560005,1058.1814365560006,-1.3,1.1121,2.8,1.1025,long_nclose,3.0869999999999997,0.0029173578672582884,2.0
1675037280000.0,41768,1675037280000.0,0.02267999999999999,-0.000313236,1058.1716033200005,1058.1947033200006,-1.4,1.1187,1.4,1.1025,long_nclose,1.5434999999999999,0.0014586481012694799,2.0
1675038060000.0,41781,1675038060000.0,0.0038400000000000213,-8.896800000000002e-05,1058.1753543520006,1058.1848543520005,-0.4,1.1121,1.0,1.1025,long_nclose,1.1025,0.0010418878075979597,13.0
1675038120000.0,41782,1675038120000.0,0.002880000000000016,-6.672600000000001e-05,1058.1781676260007,1058.1855176260008,-0.3,1.1121,0.7,1.1025,long_nclose,0.7717499999999999,0.0007293195263434739,1.0
1675038360000.0,41786,1675038360000.0,0.0019200000000000107,-4.448400000000001e-05,1058.1800431420006,1058.1842931420006,-0.2,1.1121,0.5,1.1025,long_nclose,0.55125,0.0005209415954993832,4.0
1675038720000.0,41792,1675038720000.0,0.0009600000000000053,-2.2242000000000005e-05,1058.1809809000008,1058.185180900001,-0.1,1.1121,0.4,1.1025,long_nclose,0.44100000000000006,0.00041675290707353493,6.0
1675041540000.0,41839,1675041540000.0,0.0,-0.010488950000000002,1058.1704919500007,1058.0705419500007,47.5,1.1041,47.9,1.1040866388308979,long_ientry_partial,52.88575000000001,0.049978477383679394,47.0
1675069380000.0,42303,1675069380000.0,0.0,-0.014504400000000002,1058.1559875500006,1056.4135375500007,68.0,1.0665,115.9,1.0820340811044002,long_rentry,125.40775,0.1185153715288826,464.0
1675070100000.0,42315,1675070100000.0,0.0,-0.034322392,1058.1216651580007,1054.5049551580007,164.6,1.0426,280.5,1.0588937967914438,long_rentry,297.01971,0.28070468621928124,12.0
1675105740000.0,42909,1675105740000.0,0.0,-0.152226144,1057.9694390140007,1034.842609014001,750.4,1.0143,1030.9,1.0264336308080315,long_rentry,1058.1504299999997,1.0001710739264527,594.0
1675127820000.0,43277,1675127820000.0,-0.05130976040352699,-0.0021247200000000005,1057.9160045335973,1053.3914842940012,-10.4,1.0215,1020.5,1.0264336308080315,unstuck_close_long,1047.475520239596,0.9901310838958296,368.0
1675129500000.0,43305,1675129500000.0,0.7312107808711866,-0.052514886000000004,1058.5947004284685,1060.5589994080012,-255.1,1.0293,765.4,1.0264336308080315,long_nclose,785.6323010204673,0.7421464519919483,28.0
1675129560000.0,43306,1675129560000.0,0.5483364264235908,-0.03938101800000001,1059.1036558368921,1060.577008390001,-191.3,1.0293,574.1,1.0264336308080315,long_nclose,589.2755474468909,0.5563908161390037,1.0
1675129740000.0,43309,1675129740000.0,0.4113239790474923,-0.029540910000000004,1059.4854389059396,1061.0211174800013,-143.5,1.0293,430.6,1.0264336308080315,long_nclose,441.9823214259384,0.4171669616170886,3.0
1675129920000.0,43312,1675129920000.0,0.30842132505582,-0.022150536000000002,1059.7717096949955,1060.9236469440013,-107.6,1.0293,323.0,1.0264336308080315,long_nclose,331.5380627509942,0.31283913291704263,3.0
1675131060000.0,43331,1675131060000.0,0.23131599379186502,-0.016612902000000002,1059.9864127867875,1061.0928440420014,-80.7,1.0293,242.3,1.0264336308080315,long_nclose,248.70486874478604,0.2346302421848233,19.0
1675133340000.0,43369,1675133340000.0,0.17341533611409954,-0.012454530000000002,1060.1473735929017,1060.6139395120015,-60.5,1.0293,181.8,1.0264336308080315,long_nclose,186.60563408090013,0.1760185788589776,38.0
1675133460000.0,43371,1675133460000.0,0.13013316131537386,-0.009346044000000001,1060.268160710217,1060.7546134680015,-45.4,1.0293,136.4,1.0264336308080315,long_nclose,140.0055472422155,0.1320472993817274,2.0
1675134360000.0,43386,1675134360000.0,0.09774318944612884,-0.007019826000000001,1060.3588840736631,1060.7237236420015,-34.1,1.0293,102.3,1.0264336308080315,long_nclose,105.00416043166162,0.09902700114913827,15.0
1675135560000.0,43406,1675135560000.0,0.07309241439519898,-0.00524943,1060.4267270580583,1060.7006242120015,-25.5,1.0293,76.8,1.0264336308080315,long_nclose,78.83010284605682,0.07433809506551683,20.0
1675141500000.0,43505,1675141500000.0,0.055034288485796876,-0.003952512,1060.477808834544,1060.6256317000013,-19.2,1.0293,57.6,1.0264336308080315,long_nclose,59.12257713454262,0.0557508857252919,99.0
1675141920000.0,43512,1675141920000.0,0.04127571636434766,-0.0029643840000000005,1060.5161201669084,1060.6701873160014,-14.4,1.0293,43.2,1.0264336308080315,long_nclose,44.341932850906964,0.04181165378601529,7.0
1675142460000.0,43521,1675142460000.0,0.030956787273260747,-0.0022232880000000008,1060.5448536661816,1060.6604040280013,-10.8,1.0293,32.4,1.0264336308080315,long_nclose,33.25644963818022,0.031357890732500844,9.0
1675144080000.0,43548,1675144080000.0,0.0,-0.003970404,1060.5408832621815,1060.3720136240013,19.4,1.0233,51.8,1.0252600316251008,long_ientry_partial,53.10846963818022,0.05007677730897151,27.0
1675151940000.0,43679,1675151940000.0,0.036635592036199593,-0.002652498,1060.5748663562176,1060.681451126001,-12.9,1.0281,38.9,1.0252600316251008,long_nclose,39.88261523021642,0.03760471466501919,131.0
1675152000000.0,43680,1675152000000.0,0.02754769323652217,-0.0019945139999999997,1060.6004195354542,1060.7096266120013,-9.7,1.0281,29.2,1.0252600316251008,long_nclose,29.937592923452943,0.02822702345956613,1.0
1675154280000.0,43718,1675154280000.0,0.0,-0.004639426,1060.5957801094542,1060.4509571860012,22.7,1.0219,51.9,1.0237904224172052,long_ientry_partial,53.13472292345295,0.05009893865311194,38.0
1675176480000.0,44088,1675176480000.0,0.036243550818052465,-0.002648628,1060.629375032272,1060.754548558001,-12.9,1.0266,39.0,1.0237904224172052,long_nclose,39.927826474271,0.03764540886212595,370.0
1675177260000.0,44101,1675177260000.0,0.027252902553109214,-0.001991604,1060.654636330825,1060.748676954001,-9.7,1.0266,29.3,1.0237904224172052,long_nclose,29.99705937682411,0.028281646399618277,13.0
1675179240000.0,44134,1675179240000.0,0.08642290255310915,-0.002003438,1060.7390557953781,1060.9195635160008,-9.7,1.0327,19.6,1.0237904224172052,long_nclose,20.066292279377222,0.018917274865806497,33.0
1675179600000.0,44140,1675179600000.0,0.05791225428816593,-0.0013425099999999999,1060.7956255396662,1060.9424710060007,-6.5,1.0327,13.1,1.0237904224172052,long_nclose,13.411654533665388,0.01264301455508207,6.0
1675179780000.0,44143,1675179780000.0,0.038311183606017464,-0.000888122,1060.8330486012721,1060.9140928840006,-4.3,1.0327,8.8,1.0237904224172052,long_nclose,9.009355717271406,0.00849271780243876,3.0
1675181340000.0,44169,1675181340000.0,0.0258377749901048,-0.000598966,1060.8582874102622,1060.9126239180007,-2.9,1.0327,5.9,1.0237904224172052,long_nclose,6.040363492261511,0.005693845788778329,26.0
1675181700000.0,44175,1675181700000.0,0.016928197407310042,-0.00039242599999999997,1060.8748231816694,1060.9116614920006,-1.9,1.0327,4.0,1.0237904224172052,long_nclose,4.095161689668821,0.0038601742639032778,6.0
1675181820000.0,44177,1675181820000.0,0.011582450857633186,-0.00026850200000000005,1060.886137130527,1060.9110029900005,-1.3,1.0327,2.7,1.0237904224172052,long_nclose,2.764234140526454,0.0026055898402095475,2.0
1675182000000.0,44180,1675182000000.0,0.008018619824515284,-0.00018588600000000002,1060.8939698643514,1060.9105471040004,-0.9,1.0327,1.8,1.0237904224172052,long_nclose,1.8428227603509695,0.001737047068508267,3.0
1675182240000.0,44184,1675182240000.0,0.005345746549676855,-0.000123924,1060.899191686901,1060.9114431800003,-0.6,1.0327,1.2,1.0237904224172052,long_nclose,1.228548506900646,0.0011580256790913106,4.0
1675182360000.0,44186,1675182360000.0,0.0035638310331179038,-8.261600000000001e-05,1060.902672901934,1060.9092405640004,-0.4,1.0327,0.8,1.0237904224172052,long_nclose,0.8190323379337642,0.0007720145861197887,2.0
1675182600000.0,44190,1675182600000.0,0.0017819155165589519,-4.1308000000000005e-05,1060.9044135094507,1060.9105392560004,-0.2,1.0327,0.6,1.0237904224172052,long_nclose,0.614274253450323,0.0005790099896166102,4.0
1675183020000.0,44197,1675183020000.0,0.004502873274838426,-6.2328e-05,1060.9088540547255,1060.9128169280002,-0.3,1.0388,0.3,1.0237904224172052,long_nclose,0.3071371267251615,0.00028950378305478663,7.0
1675183080000.0,44198,1675183080000.0,0.0015009577582794755,-2.0776000000000002e-05,1060.9103342364838,1060.9129761520003,-0.1,1.0388,0.2,1.0237904224172052,long_nclose,0.20475808448344104,0.00019300225275946755,1.0
1675183440000.0,44204,1675183440000.0,0.0008909577582794759,-2.0654000000000002e-05,1060.911204540242,1060.911825498,-0.1,1.0327,0.1,1.0237904224172052,long_nclose,0.10237904224172052,9.650104721637628e-05,6.0
1675184640000.0,44224,1675184640000.0,0.00028095775827947645,-2.0532000000000003e-05,1060.9114649660003,1060.9114649660003,-0.1,1.0266,0.0,1.0237904224172052,long_nclose,0.0,0.0,20.0
1675196940000.0,44429,1675196940000.0,0.0,-0.010600568000000001,1060.9008643980003,1060.8905243980003,51.7,1.0252,51.7,1.0252,long_ientry_normal,53.00284,0.04996021944998229,205.0
1675198200000.0,44450,1675198200000.0,0.036120000000001755,-0.00265224,1060.9343321580002,1061.0817721580001,-12.9,1.028,38.8,1.0252,long_nclose,39.777759999999994,0.03749314052179817,21.0
1675198860000.0,44461,1675198860000.0,0.027160000000001315,-0.00199432,1060.9594978380003,1061.0991778380003,-9.7,1.028,29.1,1.0252,long_nclose,29.833319999999997,0.028119188395781057,11.0
1675199640000.0,44474,1675199640000.0,0.0,-0.004633904,1060.9548639340003,1060.9445239340002,22.6,1.0252,51.7,1.0252,long_ientry_partial,53.00284,0.04995767661921685,13.0
1675209780000.0,44643,1675209780000.0,0.036120000000001755,-0.00265224,1060.9883316940002,1061.2521716940003,-12.9,1.028,38.8,1.0252,long_nclose,39.777759999999994,0.03749123228951052,169.0
1675209900000.0,44645,1675209900000.0,0.0,-0.0026779020000000002,1060.9856537920002,1060.7563837920002,13.1,1.0221,51.9,1.0244175337186896,long_ientry_partial,53.16726999999999,0.0501112053777337,2.0
1675210920000.0,44662,1675210920000.0,0.03718381502890549,-0.0026504340000000006,1061.020187173029,1061.159903358,-12.9,1.0273,39.0,1.0244175337186896,long_nclose,39.95228381502889,0.03765459347336014,17.0
1675211100000.0,44665,1675211100000.0,0.027959922928711876,-0.001992962,1061.0461541339575,1061.121820396,-9.7,1.0273,29.3,1.0244175337186896,long_nclose,30.015433737957608,0.02828852790334712,3.0
1675211340000.0,44669,1675211340000.0,0.0,-0.004620796,1061.0415333379576,1060.9120196,22.6,1.0223,51.9,1.023495447744848,long_ientry_partial,53.11941373795761,0.05006346318117057,4.0
1675211880000.0,44678,1675211880000.0,0.036178724091461854,-0.002647854,1061.075064208049,1061.211741746,-12.9,1.0263,39.0,1.023495447744848,long_nclose,39.91632246204907,0.0376187546088846,9.0
1675212000000.0,44680,1675212000000.0,0.027204156874975193,-0.001991022,1061.100277342924,1061.232260724,-9.7,1.0263,29.3,1.023495447744848,long_nclose,29.988416618924045,0.0282616235800233,2.0
1675213260000.0,44701,1675213260000.0,0.020473231462610198,-0.001498398,1061.1192521763867,1061.218352326,-7.3,1.0263,22.0,1.023495447744848,long_nclose,22.516899850386654,0.021219952238359478,21.0
1675213380000.0,44703,1675213380000.0,0.06500323146261015,-0.001507304,1061.1827481038495,1061.2930650220003,-7.3,1.0324,14.7,1.023495447744848,long_nclose,15.045383081849263,0.014177937879910663,2.0
1675214940000.0,44729,1675214940000.0,0.0,-0.007612608000000002,1061.1751354958494,1061.1604124140001,37.2,1.0232,51.9,1.0232836817311999,long_ientry_partial,53.108423081849274,0.05004680311985787,26.0
1675215600000.0,44740,1675215600000.0,0.03633050566752172,-0.0026473380000000004,1061.208818663517,1061.3537550760002,-12.9,1.0261,39.0,1.0232836817311999,long_nclose,39.90806358751679,0.03760623063590527,11.0
1675217520000.0,44772,1675217520000.0,0.027318287207361288,-0.0019906340000000002,1061.2341463167243,1061.372334442,-9.7,1.0261,29.3,1.0232836817311999,long_nclose,29.982211874724157,0.02825221180338462,32.0
1675217700000.0,44775,1675217700000.0,0.020559123362240972,-0.001498106,1061.2532073340865,1061.334966336,-7.3,1.0261,22.0,1.0232836817311999,long_nclose,22.512240998086398,0.02121288382688436,3.0
1675218540000.0,44789,1675218540000.0,0.015489750478400732,-0.0011287100000000002,1061.2675683745647,1061.3288876259999,-5.5,1.0261,16.5,1.0232836817311999,long_nclose,16.8841807485648,0.015909447581088882,14.0
1675221300000.0,44835,1675221300000.0,0.011546904902080544,-0.0008414019999999999,1061.2782738774667,1061.3243562239998,-4.1,1.0261,12.4,1.0232836817311999,long_nclose,12.68871765346688,0.011956070302944781,46.0
1675221900000.0,44845,1675221900000.0,0.0,-0.008068332,1061.2702055454668,1061.179427892,39.4,1.0239,51.8,1.0237524643526426,long_ientry_partial,53.03037765346688,0.04996878021861602,10.0
1675223220000.0,44867,1675223220000.0,0.03673320985091049,-0.002648628,1061.3042901273175,1061.4306192639997,-12.9,1.0266,38.9,1.0237524643526426,long_nclose,39.8239708633178,0.03752361243969002,22.0
1675223760000.0,44876,1675223760000.0,0.0276210957793668,-0.001991604,1061.3299196190967,1061.4247476599996,-9.7,1.0266,29.2,1.0237524643526426,long_nclose,29.893571959097162,0.028166144576255554,9.0
1675224000000.0,44880,1675224000000.0,0.020787010225709033,-0.001498836,1061.3492077933222,1061.4422288239994,-7.3,1.0266,21.9,1.0237524643526426,long_nclose,22.42017896932287,0.021124224529207713,4.0
1675224900000.0,44895,1675224900000.0,0.015376692495729972,-0.001108728,1061.363475757818,1061.4170600959994,-5.4,1.0266,16.5,1.0237524643526426,long_nclose,16.8919156618186,0.01591529767854288,15.0
1675225200000.0,44900,1675225200000.0,0.011674896154165348,-0.0008418119999999998,1061.374308841972,1061.4145782839992,-4.1,1.0266,12.4,1.0237524643526426,long_nclose,12.694530557972769,0.011960465268679174,5.0
1675226400000.0,44920,1675226400000.0,0.008827360506807947,-0.000636492,1061.3824997104787,1061.412701791999,-3.1,1.0266,9.3,1.0237524643526426,long_nclose,9.520897918479577,0.008970279725807297,20.0
1675226940000.0,44929,1675226940000.0,0.0,-0.0087057,1061.3737940104786,1061.367596091999,42.5,1.0242,51.8,1.0241196509358992,long_ientry_partial,53.04939791847958,0.04998182376260539,9.0
1675242480000.0,45188,1675242480000.0,0.0,-0.014562496,1061.3592315144786,1059.517953595999,73.6,0.9893,125.4,1.0036832369894702,long_rentry,125.86187791847956,0.1185855591408804,259.0
1675250880000.0,45328,1675250880000.0,0.08816468222958272,-0.00630069,1061.441095506708,1061.5650029059989,-31.3,1.0065,94.1,1.0036832369894702,long_nclose,94.44659260070914,0.08897958916469356,140.0
1675251780000.0,45343,1675251780000.0,0.06619393074745028,-0.00473055,1061.5025588874555,1061.7367223559988,-23.5,1.0065,70.6,1.0036832369894702,long_nclose,70.86003653145659,0.06675446605208743,15.0
1675252020000.0,45347,1675252020000.0,0.04957502898532447,-0.0035428800000000004,1061.548591036441,1061.724379475999,-17.6,1.0065,53.0,1.0036832369894702,long_nclose,53.19521156044192,0.05011095300734644,4.0
1675252320000.0,45352,1675252320000.0,0.03718127173899335,-0.00265716,1061.58311514818,1061.715122315999,-13.2,1.0065,39.8,1.0036832369894702,long_nclose,39.94659283218091,0.03762926544532032,5.0
1675252380000.0,45353,1675252380000.0,0.0,-0.0026156,1061.5804995481801,1061.6727067159993,13.0,1.006,52.8,1.0042536521246386,long_ientry_partial,53.024592832180915,0.04994872537197956,1.0
1675253280000.0,45368,1675253280000.0,0.03625179195476944,-0.0026584799999999995,1061.6140928601349,1061.6832482359991,-13.2,1.007,39.6,1.0042536521246386,long_nclose,39.76844462413569,0.03746035861015561,15.0
1675253340000.0,45369,1675253340000.0,0.02718884396607708,-0.0019938599999999996,1061.6392878441009,1061.7505543759992,-9.9,1.007,29.7,1.0042536521246386,long_nclose,29.826333468101765,0.02809460219644932,1.0
1675253520000.0,45372,1675253520000.0,0.020322974277673777,-0.00149036,1061.6581204583786,1061.741664015999,-7.4,1.007,22.3,1.0042536521246386,long_nclose,22.394856442379442,0.021094226108034006,3.0
1675256460000.0,45421,1675256460000.0,0.0,-0.00613782,1061.6519826383785,1061.5792261959991,30.5,1.0062,52.8,1.005377962923853,long_ientry_partial,53.08395644237944,0.0500012784890743,49.0
1675257300000.0,45435,1675257300000.0,0.03725088940513936,-0.002661648,1061.6865718797837,1061.8300045479991,-13.2,1.0082,39.6,1.005377962923853,long_nclose,39.812967331784584,0.0374997371034779,14.0
1675257420000.0,45437,1675257420000.0,0.027938167053854525,-0.001996236,1061.7125138108377,1061.8200883119991,-9.9,1.0082,29.7,1.005377962923853,long_nclose,29.859725498838436,0.028124115624918084,2.0
1675257900000.0,45445,1675257900000.0,0.08733816705385458,-0.0020081160000000003,1061.7978438618914,1061.928960195999,-9.9,1.0142,19.8,1.005377962923853,long_nclose,19.906483665892292,0.018747903643776414,8.0
1675259040000.0,45464,1675259040000.0,0.0,-0.00664224,1061.7912016218913,1061.790317955999,33.0,1.0064,52.8,1.006016736096445,long_ientry_partial,53.11768366589229,0.050026486925823795,19.0
1675259220000.0,45467,1675259220000.0,0.03673908352692585,-0.0026632319999999998,1061.8252774734183,1061.943414723999,-13.2,1.0088,39.6,1.006016736096445,long_nclose,39.83826274941922,0.03751866111552099,3.0
1675259340000.0,45469,1675259340000.0,0.027554312645194392,-0.001997424,1061.8508343620636,1062.0285372999992,-9.9,1.0088,29.7,1.006016736096445,long_nclose,29.878697062064415,0.028138318580325714,2.0
1675260060000.0,45481,1675260060000.0,0.02059615288630692,-0.0014930240000000001,1061.86993749095,1061.9364642759992,-7.4,1.0088,22.3,1.006016736096445,long_nclose,22.43417321495072,0.021127044304464944,12.0
1675260180000.0,45483,1675260180000.0,0.015307951469552439,-0.0011096799999999998,1061.8841357624196,1061.9342545959994,-5.5,1.0088,16.8,1.006016736096445,long_nclose,16.901081166420276,0.015916125495448248,2.0
1675260480000.0,45488,1675260480000.0,0.011689708394930954,-0.000847392,1061.8949780788146,1061.9325672039993,-4.2,1.0088,12.6,1.006016736096445,long_nclose,12.675810874815205,0.011936972239710882,5.0
1675261500000.0,45505,1675261500000.0,0.03688970839493098,-0.000852432,1061.9310153552094,1061.9896747719993,-4.2,1.0148,8.4,1.006016736096445,long_nclose,8.450540583210138,0.007957711434187166,17.0
1675262100000.0,45515,1675262100000.0,0.0,-0.00892202,1061.9220933352094,1061.8249527519993,44.3,1.007,52.7,1.0068432748237215,long_ientry_partial,53.06064058321012,0.04996660387445282,10.0
1675262640000.0,45524,1675262640000.0,0.03611309980924917,-0.0026451520000000004,1061.9555612830186,1062.0805675999993,-13.1,1.0096,39.6,1.0068432748237215,long_nclose,39.87099368301937,0.037544879594442346,9.0
1675263420000.0,45537,1675263420000.0,0.0,-0.0026386020000000003,1061.9529226810187,1061.9578189979993,13.1,1.0071,52.7,1.006907090759381,long_ientry_partial,53.06400368301938,0.04996832020486688,13.0
1675273560000.0,45706,1675273560000.0,0.0,-0.014569548000000002,1061.9383531330186,1060.6918094499993,74.9,0.9726,127.6,0.9867691511208416,long_rentry,125.91174368301938,0.11856784653416473,169.0
1675277580000.0,45773,1675277580000.0,0.08711407924515362,-0.00631301,1062.0191542022637,1062.4240464399993,-31.9,0.9895,95.7,0.9867691511208416,long_nclose,94.43380776226455,0.08891911919724137,67.0
1675277940000.0,45779,1675277940000.0,0.27532407924515057,-0.006350652,1062.2881276295088,1062.6856557879992,-31.9,0.9954,63.8,0.9867691511208416,long_nclose,62.95587184150969,0.05926440313514134,6.0
1675278000000.0,45780,1675278000000.0,0.1829739962381565,-0.004220496,1062.466881129747,1062.6897152919992,-21.2,0.9954,42.6,0.9867691511208416,long_nclose,42.03636583774785,0.03956487170032967,1.0
1675278060000.0,45781,1675278060000.0,0.12255805408404823,-0.002826936,1062.586612247831,1062.990768355999,-14.2,0.9954,28.4,0.9867691511208416,long_nclose,28.0242438918319,0.026373609048723552,1.0
1675278060000.0,45781,1675278060000.0,0.20633805408405004,-0.002843692,1062.790106609915,1062.992184663999,-14.2,1.0013,14.2,0.9867691511208416,long_nclose,14.01212194591595,0.013184279622823907,0.0
1675278120000.0,45782,1675278120000.0,0.10316902704202502,-0.001421846,1062.891853790957,1062.985792817999,-7.1,1.0013,7.1,0.9867691511208416,long_nclose,7.006060972957975,0.006591508767302947,1.0
1675278240000.0,45784,1675278240000.0,0.05085797107705459,-0.00070091,1062.942010852034,1062.975241907999,-3.5,1.0013,3.6,0.9867691511208416,long_nclose,3.55236894403503,0.0033420157522869184,2.0
1675278420000.0,45787,1675278420000.0,0.026155527982485216,-0.0003604680000000001,1062.9678059120163,1062.9988214399987,-1.8,1.0013,1.8,0.9867691511208416,long_nclose,1.776184472017515,0.001670967325763517,3.0
1675278540000.0,45789,1675278540000.0,0.03659552798248527,-0.0003625560000000001,1063.0040388839986,1063.0040388839986,-1.8,1.0071,0.0,0.9867691511208416,long_nclose,0.0,0.0,2.0
1675279860000.0,45811,1675279860000.0,0.0,-0.010628736,1062.9934101479987,1062.9293301479986,53.4,0.9952,53.4,0.9952,long_ientry_normal,53.143679999999996,0.04999436449243923,22.0
1675280100000.0,45815,1675280100000.0,0.03724000000000033,-0.0026546800000000004,1063.0279954679988,1063.2204754679988,-13.3,0.998,40.1,0.9952,long_nclose,39.90752,0.03754136313449646,4.0
1675280160000.0,45816,1675280160000.0,0.11571000000000055,-0.0026703740000000005,1063.1410350939989,1063.457275093999,-13.3,1.0039,26.8,0.9952,long_nclose,26.67136,0.025087320609011973,1.0
1675280220000.0,45817,1675280220000.0,0.19564000000000079,-0.0027062640000000003,1063.3339688299989,1063.5188888299988,-13.4,1.0098,13.4,0.9952,long_nclose,13.33568,0.01254138435422451,1.0
1675280280000.0,45818,1675280280000.0,0.09782000000000039,-0.0013531320000000002,1063.4304356979987,1063.5228956979988,-6.7,1.0098,6.7,0.9952,long_nclose,6.66784,0.006270123344385438,1.0
1675280340000.0,45819,1675280340000.0,0.04818000000000019,-0.000666468,1063.4779492299988,1063.5350692299987,-3.3,1.0098,3.4,0.9952,long_nclose,3.38368,0.003181711480195637,1.0
1675280400000.0,45820,1675280400000.0,0.06970000000000025,-0.0006906760000000001,1063.5469585539988,1063.5469585539988,-3.4,1.0157,0.0,0.9952,long_nclose,0.0,0.0,1.0
1675349940000.0,46979,1675349940000.0,0.0,-0.01062666,1063.5363318939987,1063.8630318939988,49.5,1.0734,49.5,1.0734,long_ientry_normal,53.1333,0.04995908311414012,1159.0
1675350060000.0,46981,1675350060000.0,0.15510000000000124,-0.00357324,1063.6878586539988,1064.0376586539987,-16.5,1.0828,33.0,1.0734,long_nclose,35.4222,0.03330131082329322,2.0
1675350960000.0,46996,1675350960000.0,0.10340000000000082,-0.00238216,1063.7888764939987,1064.0220764939986,-11.0,1.0828,22.0,1.0734,long_nclose,23.6148,0.022198765677856024,15.0
1675351860000.0,47011,1675351860000.0,0.1738000000000004,-0.00239624,1063.9602802539987,1064.1428802539988,-11.0,1.0892,11.0,1.0734,long_nclose,11.8074,0.01109759473086836,15.0
1675353180000.0,47033,1675353180000.0,0.24419999999999997,-0.0024103199999999997,1064.2020699339987,1064.2020699339987,-11.0,1.0956,0.0,1.0734,long_nclose,0.0,0.0,22.0
1675373400000.0,47370,1675373400000.0,0.0,-0.01064574,1064.1914241939987,1064.1767241939988,49.0,1.0863,49.0,1.0863,long_ientry_normal,53.2287,0.050017974952499315,337.0
1675373460000.0,47371,1675373460000.0,0.036599999999998675,-0.002657892,1064.2253663019987,1064.3615263019988,-12.2,1.0893,36.8,1.0863,long_nclose,39.97584,0.03756332189196843,1.0
1675373640000.0,47374,1675373640000.0,0.0,-0.0026505720000000003,1064.2227157299988,1064.3550157299987,12.2,1.0863,49.0,1.0863,long_ientry_partial,53.2287,0.05001650426479388,3.0
1675373700000.0,47375,1675373700000.0,0.036599999999998675,-0.002657892,1064.2566578379988,1064.3560178379987,-12.2,1.0893,36.8,1.0863,long_nclose,39.97584,0.03756221744593974,1.0
1675373760000.0,47376,1675373760000.0,0.027599999999999,-0.002004312,1064.2822535259986,1064.4395735259986,-9.2,1.0893,27.6,1.0863,long_nclose,29.981880000000004,0.028170985563903888,1.0
1675374300000.0,47385,1675374300000.0,0.020699999999999254,-0.001503234,1064.3014502919987,1064.3780402919986,-6.9,1.0893,20.7,1.0863,long_nclose,22.48641,0.021127858083657306,9.0
1675374540000.0,47389,1675374540000.0,0.015299999999999446,-0.0011110859999999998,1064.3156392059987,1064.3577592059987,-5.1,1.0893,15.6,1.0863,long_nclose,16.94628,0.01592223150328062,4.0
1675374600000.0,47390,1675374600000.0,0.011699999999999577,-0.000849654,1064.3264895519987,1064.3697795519988,-3.9,1.0893,11.7,1.0863,long_nclose,12.70971,0.011941551887287735,1.0
1675374840000.0,47394,1675374840000.0,0.0,-0.008103797999999999,1064.3183857539987,1064.3526857539987,37.3,1.0863,49.0,1.0863,long_ientry_partial,53.2287,0.05001200835433376,4.0
1675389900000.0,47645,1675389900000.0,0.036599999999998675,-0.002657892,1064.3523278619987,1064.4516878619986,-12.2,1.0893,36.8,1.0863,long_nclose,39.97584,0.03755884114079108,251.0
1675390020000.0,47647,1675390020000.0,0.027599999999999,-0.002004312,1064.3779235499985,1064.5076435499984,-9.2,1.0893,27.6,1.0863,long_nclose,29.981880000000004,0.028168453456834237,2.0
1675390140000.0,47649,1675390140000.0,0.020699999999999254,-0.001503234,1064.3971203159986,1064.4737103159985,-6.9,1.0893,20.7,1.0863,long_nclose,22.48641,0.021125959071858658,2.0
1675390980000.0,47663,1675390980000.0,0.0,-0.006153144,1064.3909671719985,1064.3141371719985,28.4,1.0833,49.1,1.084564765784114,long_ientry_partial,53.25213,0.05003061059554709,14.0
1675396800000.0,47760,1675396800000.0,0.0370298574338082,-0.002653744,1064.425343285432,1064.5152034279984,-12.2,1.0876,36.9,1.084564765784114,long_nclose,40.02043985743381,0.03759816516009248,97.0
1675398000000.0,47780,1675398000000.0,0.027924154786150443,-0.0020011839999999996,1064.4512662562183,1064.5464222439984,-9.2,1.0876,27.7,1.084564765784114,long_nclose,30.042444012219956,0.02822340952994705,20.0
1675398960000.0,47796,1675398960000.0,0.020943116089612836,-0.0015008880000000001,1064.470708484308,1064.5421613559984,-6.9,1.0876,20.8,1.084564765784114,long_nclose,22.558947128309573,0.021192642454606468,16.0
1675399320000.0,47802,1675399320000.0,0.015783217922606774,-0.0011311040000000002,1064.4853605982307,1064.5389502519986,-5.2,1.0876,15.6,1.084564765784114,long_nclose,16.919210346232177,0.015894263061282252,6.0
1675400400000.0,47820,1675400400000.0,0.01183741344195508,-0.000848328,1064.4963496836726,1064.5248419239986,-3.9,1.0876,11.7,1.084564765784114,long_nclose,12.689407759674133,0.011920574235360165,18.0
1675400520000.0,47822,1675400520000.0,0.008802179226069162,-0.000630808,1064.5045210548985,1064.5259511159984,-2.9,1.0876,8.8,1.084564765784114,long_nclose,9.544169938900204,0.008965833164749887,2.0
1675400580000.0,47823,1675400580000.0,0.00667751527494902,-0.00047854400000000007,1064.5107200261734,1064.5399925719983,-2.2,1.0876,6.6,1.084564765784114,long_nclose,7.158127454175152,0.006724335715472319,1.0
1675400760000.0,47826,1675400760000.0,0.004856374745417469,-0.000348032,1064.515228368919,1064.5324045399984,-1.6,1.0876,5.0,1.084564765784114,long_nclose,5.42282382892057,0.005094172149354385,3.0
1675404060000.0,47881,1675404060000.0,0.015096374745417763,-0.00035008000000000006,1064.5299746636642,1064.5654544599981,-1.6,1.094,3.4,1.084564765784114,long_nclose,3.6875202036659873,0.0034639890763348874,55.0
1675404600000.0,47890,1675404600000.0,0.02708989816700629,-0.00037417,1064.5566903918314,1064.5846302899984,-1.7,1.1005,1.7,1.084564765784114,long_nclose,1.8437601018329937,0.001731951072661392,9.0
1675404780000.0,47893,1675404780000.0,0.012748187372708842,-0.00017608000000000004,1064.569262499204,1064.5858542099982,-0.8,1.1005,0.9,1.084564765784114,long_nclose,0.9761082892057026,0.0009169044453849545,3.0
1675405800000.0,47910,1675405800000.0,0.0028305702647658305,-6.564e-05,1064.5720274294686,1064.5776885699981,-0.3,1.094,0.6,1.084564765784114,long_nclose,0.6507388594704684,0.0006112680426534897,17.0
1675405980000.0,47913,1675405980000.0,0.0018870468431772204,-4.376000000000001e-05,1064.5738707163118,1064.5776448099982,-0.2,1.094,0.4,1.084564765784114,long_nclose,0.4338259063136456,0.0004075113228373156,3.0
1675406220000.0,47917,1675406220000.0,0.0009435234215886102,-2.1880000000000004e-05,1064.5747923597332,1064.577922929998,-0.1,1.094,0.3,1.084564765784114,long_nclose,0.3253694297352342,0.00030563322752929486,4.0
1675408200000.0,47950,1675408200000.0,0.0,-0.010582768000000001,1064.5642095917333,1064.5494001619982,48.8,1.0843,49.1,1.0843016177135485,long_ientry_partial,53.23920942973523,0.05001033188045349,33.0
1675408440000.0,47954,1675408440000.0,0.03658026389470756,-0.0026530119999999997,1064.5981368436278,1064.771507149998,-12.2,1.0873,36.9,1.0843016177135485,long_nclose,40.01072969362994,0.03758294168375655,4.0
1675409220000.0,47967,1675409220000.0,0.0,-0.0026456920000000003,1064.5954911516278,1064.580701457998,12.2,1.0843,49.1,1.0843012157562106,long_ientry_partial,53.239189693629946,0.050008843862412354,13.0
1675417560000.0,48106,1675417560000.0,0.03658516777422944,-0.0026530119999999997,1064.629423307402,1064.7622184459979,-12.2,1.0873,36.9,1.0843012157562106,long_nclose,40.01071486140417,0.037581823295007165,139.0
1675417860000.0,48111,1675417860000.0,0.1168350461986105,-0.0026907480000000006,1064.7435676056004,1065.0879376979976,-12.3,1.0938,24.6,1.0843012157562106,long_nclose,26.673809907602784,0.025051862926570155,5.0
1675418040000.0,48114,1675418040000.0,0.19555504619861003,-0.0027064920000000004,1064.9364161597991,1065.0975312059977,-12.3,1.1002,12.3,1.0843012157562106,long_nclose,13.336904953801392,0.012523663151547371,3.0
1675419660000.0,48141,1675419660000.0,0.008996352731367896,-0.00065238,1064.9447601325305,1064.9698588259978,-3.0,1.0873,9.3,1.0843012157562106,long_nclose,10.084001306532759,0.009469036971718442,27.0
1675419900000.0,48145,1675419900000.0,0.0,-0.008627048000000002,1064.9361330845304,1064.9314717779976,39.8,1.0838,49.1,1.0838949349599338,long_ientry_partial,53.21924130653275,0.04997411549215264,4.0
1675420020000.0,48147,1675420020000.0,0.03666179348880698,-0.002652036,1064.9701428420192,1065.0109197419977,-12.2,1.0869,36.9,1.0838949349599338,long_nclose,39.99572310002156,0.03755572244803734,2.0
1675420260000.0,48151,1675420260000.0,0.02764659836860854,-0.0019998959999999997,1064.995789544388,1065.0901098459976,-9.2,1.0869,27.7,1.0838949349599338,long_nclose,30.023889698390168,0.02819155718092987,4.0
1675421520000.0,48172,1675421520000.0,0.08744659836860808,-0.002011856,1065.0812242867564,1065.2496679899978,-9.2,1.0934,18.5,1.0838949349599338,long_nclose,20.052056296758774,0.01882678601360836,21.0
1675421580000.0,48173,1675421580000.0,0.05798089674440318,-0.001333948,1065.1378712355008,1065.2470540419977,-6.1,1.0934,12.4,1.0838949349599338,long_nclose,13.44029719350318,0.012618363834827487,1.0
1675421820000.0,48177,1675421820000.0,0.03897076666427099,-0.0008965879999999999,1065.1759454141652,1065.2598174539978,-4.1,1.0934,8.3,1.0838949349599338,long_nclose,8.996327960167452,0.008445860985594704,4.0
1675423140000.0,48199,1675423140000.0,0.06521076666427174,-0.000901836,1065.2402543448295,1065.3036956179978,-4.1,1.0998,4.2,1.0838949349599338,long_nclose,4.552358726831723,0.004273551162063086,22.0
1675423200000.0,48200,1675423200000.0,0.033400636584139186,-0.0004619160000000001,1065.2731930654138,1065.307013701998,-2.1,1.0998,2.1,1.0838949349599338,long_nclose,2.2761793634158614,0.002136709510980899,1.0
1675423680000.0,48208,1675423680000.0,0.047050636584139084,-0.00046464600000000004,1065.319779055998,1065.319779055998,-2.1,1.1063,0.0,1.0838949349599338,long_nclose,0.0,0.0,8.0
1675454580000.0,48723,1675454580000.0,0.0,-0.01065768,1065.309121375998,1065.343001375998,48.4,1.101,48.4,1.101,long_ientry_normal,53.288399999999996,0.05002153734605262,515.0
1675454640000.0,48724,1675454640000.0,0.03630000000000137,-0.0026716800000000005,1065.342749695998,1065.469799695998,-12.1,1.104,36.3,1.101,long_nclose,39.9663,0.03751496878483908,1.0
1675454820000.0,48727,1675454820000.0,0.027000000000001023,-0.0019872,1065.367762495998,1065.501532495998,-9.0,1.104,27.3,1.101,long_nclose,30.0573,0.028213074450066166,3.0
1675461120000.0,48832,1675461120000.0,0.02040000000000077,-0.0015014400000000002,1065.386661055998,1065.478911055998,-6.8,1.104,20.5,1.101,long_nclose,22.5705,0.02118526618085156,105.0
1675462980000.0,48863,1675462980000.0,0.06528000000000035,-0.001510416,1065.450430639998,1065.587430639998,-6.8,1.1106,13.7,1.101,long_nclose,15.083699999999999,0.01415711098914238,31.0
1675465020000.0,48897,1675465020000.0,0.11015999999999994,-0.0015193919999999998,1065.559071247998,1065.676371247998,-6.8,1.1172,6.9,1.101,long_nclose,7.596900000000001,0.0071294968106295625,34.0
1675465380000.0,48903,1675465380000.0,0.1566299999999996,-0.001550706,1065.714150541998,1065.714150541998,-6.9,1.1237,0.0,1.101,long_nclose,0.0,0.0,6.0
1675482600000.0,49190,1675482600000.0,0.0,-0.010652226,1065.7034983159979,1065.650588315998,48.1,1.1073,48.1,1.1073,long_ientry_normal,53.26113,0.04997743751818598,287.0
1675515300000.0,49735,1675515300000.0,0.03720000000000123,-0.00266496,1065.738033355998,1065.860773355998,-12.0,1.1104,36.1,1.1073,long_nclose,39.97353,0.03750783846394575,545.0
1675515480000.0,49738,1675515480000.0,0.027900000000000924,-0.0019987200000000003,1065.7639346359979,1065.8560746359979,-9.0,1.1104,27.1,1.1073,long_nclose,30.007830000000002,0.02815616950882177,3.0
1675515780000.0,49743,1675515780000.0,0.08730000000000038,-0.0020106000000000004,1065.8492240359978,1065.9958340359979,-9.0,1.117,18.1,1.1073,long_nclose,20.04213,0.018803907295731257,5.0
1675515900000.0,49745,1675515900000.0,0.05820000000000025,-0.0013404,1065.906083635998,1066.019823635998,-6.0,1.117,12.1,1.1073,long_nclose,13.39833,0.012569897297420312,2.0
1675515960000.0,49746,1675515960000.0,0.03880000000000017,-0.0008936,1065.943990035998,1066.023370035998,-4.0,1.117,8.1,1.1073,long_nclose,8.96913,0.008414260114827519,1.0
1675516200000.0,49750,1675516200000.0,0.026190000000000116,-0.00060318,1065.969576855998,1066.024656855998,-2.7,1.117,5.4,1.1073,long_nclose,5.97942,0.005609372096374343,4.0
1675516380000.0,49753,1675516380000.0,0.017460000000000076,-0.00040212000000000006,1065.986634735998,1066.024434735998,-1.8,1.117,3.6,1.1073,long_nclose,3.98628,0.003739521556935131,3.0
1675517400000.0,49770,1675517400000.0,0.029339999999999967,-0.000404496,1066.015570239998,1066.045630239998,-1.8,1.1236,1.8,1.1073,long_nclose,1.99314,0.0018697100264222907,17.0
1675517580000.0,49773,1675517580000.0,0.014669999999999983,-0.000202248,1066.030037991998,1066.045697991998,-0.9,1.1236,0.9,1.1073,long_nclose,0.99657,0.0009348423257164172,3.0
1675518600000.0,49790,1675518600000.0,0.006519999999999993,-8.9888e-05,1066.0364681039978,1066.0446681039978,-0.4,1.1236,0.5,1.1073,long_nclose,0.55365,0.0005193537149668958,17.0
1675518840000.0,49794,1675518840000.0,0.0032599999999999964,-4.4944e-05,1066.0396831599978,1066.0456231599978,-0.2,1.1236,0.3,1.1073,long_nclose,0.33219,0.0003116112891926396,4.0
1675518960000.0,49796,1675518960000.0,0.006840000000000046,-6.780600000000001e-05,1066.0464553539978,1066.0464553539978,-0.3,1.1301,0.0,1.1073,long_nclose,0.0,0.0,2.0
1675554180000.0,50383,1675554180000.0,0.0,-0.010655226,1066.0358001279978,1066.0453401279979,47.7,1.1169,47.7,1.1169,long_ientry_normal,53.27613,0.04997592950781127,587.0
1675555680000.0,50408,1675555680000.0,0.03689000000000122,-0.0026656,1066.070024527998,1066.216804527998,-11.9,1.12,35.8,1.1169,long_nclose,39.98502,0.03750693582975785,25.0
1675555800000.0,50410,1675555800000.0,0.027590000000000916,-0.0019936000000000003,1066.0956209279977,1066.2059109279978,-8.9,1.12,26.9,1.1169,long_nclose,30.04461,0.028181909211715223,2.0
1675556100000.0,50415,1675556100000.0,0.020770000000000687,-0.0015008000000000003,1066.1148901279978,1066.1916501279977,-6.7,1.12,20.2,1.1169,long_nclose,22.56138,0.021162240776218106,5.0
1675556280000.0,50418,1675556280000.0,0.0,-0.00614295,1066.1087471779979,1066.146907177998,27.5,1.1169,47.7,1.1168999999999998,long_ientry_partial,53.276129999999995,0.04997250997238558,3.0
1675556880000.0,50428,1675556880000.0,0.036890000000003864,-0.0026656,1066.142971577998,1066.246791577998,-11.9,1.12,35.8,1.1168999999999998,long_nclose,39.98501999999999,0.03750436955075375,10.0
1675556940000.0,50429,1675556940000.0,0.02759000000000289,-0.0019936000000000003,1066.1685679779978,1066.2707879779978,-8.9,1.12,26.9,1.1168999999999998,long_nclose,30.04460999999999,0.028179981010863952,1.0
1675557420000.0,50437,1675557420000.0,0.020770000000002176,-0.0015008000000000003,1066.1878371779978,1066.288837177998,-6.7,1.12,20.2,1.1168999999999998,long_nclose,22.561379999999996,0.021160792885910048,8.0
1675558080000.0,50448,1675558080000.0,0.015500000000001624,-0.0011200000000000001,1066.202217177998,1066.2341371779978,-5.0,1.12,15.2,1.1168999999999998,long_nclose,16.976879999999994,0.015922758109558288,11.0
1675558260000.0,50451,1675558260000.0,0.0,-0.0072605000000000005,1066.1949566779979,1066.196476677998,32.5,1.117,47.7,1.1169681341719078,long_ientry_partial,53.27938,0.04997151755998311,3.0
1675560240000.0,50484,1675560240000.0,0.03726920335429871,-0.0026658380000000007,1066.2295600433522,1066.3810608399979,-11.9,1.1201,35.8,1.1169681341719078,long_nclose,39.9874592033543,0.03750361151282322,33.0
1675561200000.0,50500,1675561200000.0,0.0,-0.002658222,1066.2269018213522,1066.219692617998,11.9,1.1169,47.7,1.1169511363386644,long_ientry_partial,53.278569203354294,0.0499692599317675,16.0
1675562580000.0,50523,1675562580000.0,0.03628147756989508,-0.0026656,1066.260517698922,1066.3768270179978,-11.9,1.12,35.8,1.1169511363386644,long_nclose,39.986850680924185,0.037501951931240125,23.0
1675565460000.0,50571,1675565460000.0,0.02713488658588792,-0.0019936000000000003,1066.2856589855078,1066.3757434179977,-8.9,1.12,26.9,1.1169511363386644,long_nclose,30.04598556751007,0.02817817656489595,48.0
1675565880000.0,50578,1675565880000.0,0.0,-0.004647552,1066.2810114335077,1066.2590858659976,20.8,1.1172,47.7,1.1170596555033558,long_ientry_partial,53.283745567510074,0.04997157878285334,7.0
1675566300000.0,50585,1675566300000.0,0.03618009951006662,-0.0026658380000000007,1066.314525695018,1066.5307700279977,-11.9,1.1201,35.8,1.1170596555033558,long_nclose,39.99073566702014,0.037503695863989474,7.0
1675566480000.0,50588,1675566480000.0,0.11591009951006577,-0.002681784,1066.427754010528,1066.6414282439978,-11.9,1.1268,23.9,1.1170596555033558,long_nclose,26.697725766530205,0.02503472519927181,3.0
1675566540000.0,50589,1675566540000.0,0.07694872152348904,-0.0017803440000000003,1066.5029223880513,1066.6539678999975,-7.9,1.1268,16.0,1.1170596555033558,long_nclose,17.872954488053693,0.01675846742926275,1.0
1675566600000.0,50590,1675566600000.0,0.051623825832214164,-0.001194408,1066.5533518058835,1066.6500834919975,-5.3,1.1268,10.7,1.1170596555033558,long_nclose,11.952538313885906,0.011206695186553884,1.0
1675566660000.0,50591,1675566660000.0,0.03409120573825464,-0.00078876,1066.5866542516217,1066.6575047319975,-3.5,1.1268,7.2,1.1170596555033558,long_nclose,8.042829519624162,0.007540718316288583,1.0
1675567440000.0,50604,1675567440000.0,0.023376826791946036,-0.0005408640000000001,1066.6094902144137,1066.6605638679976,-2.4,1.1268,4.8,1.1170596555033558,long_nclose,5.3618863464161075,0.0050270379136962695,13.0
1675569000000.0,50630,1675569000000.0,0.03945682679194586,-0.00054408,1066.6484029612056,1066.6904997879976,-2.4,1.1335,2.4,1.1170596555033558,long_nclose,2.6809431732080538,0.0025134272603467823,26.0
1675572480000.0,50688,1675572480000.0,0.01972841339597293,-0.00027204,1066.6678593346016,1066.6881877479975,-1.2,1.1335,1.2,1.1170596555033558,long_nclose,1.3404715866040269,0.001256690707302484,58.0
1675575720000.0,50742,1675575720000.0,0.02764841339597286,-0.000273624,1066.6952341239976,1066.6952341239976,-1.2,1.1401,0.0,1.1170596555033558,long_nclose,0.0,0.0,54.0
1675601640000.0,51174,1675601640000.0,0.0,-0.010665324000000002,1066.6845687999976,1066.3266087999975,47.1,1.1322,47.1,1.1322,long_ientry_normal,53.326620000000005,0.049992867207211564,432.0
1675601760000.0,51176,1675601760000.0,0.0,-0.014633706000000002,1066.6699350939975,1061.5163850939975,66.9,1.0937,114.0,1.1096065789473686,long_rentry,126.49515000000002,0.11858883975093286,2.0
1675601760000.0,51176,1675601760000.0,0.0,-0.034620696,1066.6353143979975,1060.7046443979975,161.9,1.0692,275.9,1.0858957230880755,long_rentry,299.59863,0.2808819715190957,0.0
1675601880000.0,51178,1675601880000.0,0.20699467923159864,-0.015005042000000001,1066.8273040352292,1067.5319893559977,-68.9,1.0889,207.0,1.0858957230880755,long_nclose,224.78041467923163,0.21069990787544451,2.0
1675601940000.0,51179,1675601940000.0,0.6557951069227876,-0.015116520000000001,1067.467982622152,1069.4143728359977,-69.0,1.0954,138.0,1.0858957230880755,long_nclose,149.8536097861544,0.1403822992592721,1.0
1675601940000.0,51179,1675601940000.0,1.097395106922785,-0.015204839999999999,1068.5501728890747,1069.5233679959974,-69.0,1.1018,69.0,1.0858957230880755,long_nclose,74.9268048930772,0.07012006248662625,0.0
1675602000000.0,51180,1675602000000.0,0.5486975534613925,-0.0076024199999999995,1069.091268022536,1069.4260655759974,-34.5,1.1018,34.5,1.0858957230880755,long_nclose,37.4634024465386,0.03504228644186147,1.0
1675602060000.0,51181,1675602060000.0,0.0,-0.0031334160000000004,1069.088134606536,1069.7498921599974,14.3,1.0956,48.8,1.088739394396283,long_ientry_partial,53.130482446538615,0.04969700881218048,1.0
1675602060000.0,51181,1675602060000.0,0.22464241638392898,-0.003790192,1069.3089868309198,1069.7375019679973,-17.2,1.1018,31.6,1.088739394396283,long_nclose,34.40416486292255,0.03217420342167438,0.0
1675602120000.0,51182,1675602120000.0,0.0,-0.003725774,1069.3052610569198,1069.8453261939972,16.9,1.1023,48.5,1.0934646363489184,long_ientry_partial,53.03303486292254,0.04959578596901672,1.0
1675602120000.0,51182,1675602120000.0,0.1775187456870889,-0.0034908520000000005,1069.479288950607,1069.8434153419973,-15.8,1.1047,32.7,1.0934646363489184,long_nclose,35.75629360860964,0.033433367039481784,0.0
1675602180000.0,51183,1675602180000.0,0.2613764275126283,-0.00361697,1069.7370484081198,1070.0000283719976,-16.3,1.1095,16.4,1.0934646363489184,long_nclose,17.932820036122262,0.01676376457448881,1.0
1675602240000.0,51184,1675602240000.0,0.0,-0.00705642,1069.7299919881198,1069.9785119519975,31.8,1.1095,48.2,1.104043984151914,long_ientry_partial,53.21492003612226,0.049746123259777925,1.0
1675602240000.0,51184,1675602240000.0,0.04473932995430405,-0.00181958,1069.772911738074,1069.9791523719975,-8.2,1.1095,40.0,1.104043984151914,long_nclose,44.161759366076566,0.04128143354679488,0.0
1675603440000.0,51204,1675603440000.0,0.030560158480859023,-0.0022142,1069.801257696555,1069.9259381719976,-10.0,1.1071,30.0,1.104043984151914,long_nclose,33.12131952455742,0.030960254800852138,20.0
1675603500000.0,51205,1675603500000.0,0.0,-0.004056012,1069.797201684555,1069.7914721599975,18.3,1.1082,48.3,1.105618623696841,long_ientry_partial,53.40137952455742,0.04991729221245765,1.0
1675603920000.0,51212,1675603920000.0,0.0369765156379076,-0.0026608800000000004,1069.831517320193,1069.9215912799975,-12.0,1.1087,36.3,1.105618623696841,long_nclose,40.13395604019533,0.03751427714592514,7.0
1675603980000.0,51213,1675603980000.0,0.0,-0.0026594400000000003,1069.828857880193,1069.8464818399978,12.0,1.1081,48.3,1.106235114703837,long_ientry_partial,53.43115604019532,0.04994364813271743,1.0
1675604100000.0,51215,1675604100000.0,0.036778623553956,-0.0026623199999999997,1069.8629741837472,1069.9161495199978,-12.0,1.1093,36.3,1.106235114703837,long_nclose,40.15633466374928,0.03753409140491715,2.0
1675604160000.0,51216,1675604160000.0,0.0,-0.00265848,1069.8603157037471,1069.8893410399978,12.0,1.1077,48.3,1.1065990613612686,long_ientry_partial,53.44873466374927,0.04995861037110349,1.0
1675604220000.0,51217,1675604220000.0,0.03721126366477545,-0.0026632799999999996,1069.894863687412,1070.040097759998,-12.0,1.1097,36.3,1.1065990613612686,long_nclose,40.16954592741405,0.03754532084486226,1.0
1675604280000.0,51218,1675604280000.0,0.0,-0.0026432280000000005,1069.892220459412,1070.080834531998,11.9,1.1106,48.2,1.1075868449670963,long_ientry_partial,53.385685927414045,0.04989819059016077,1.0
1675604580000.0,51223,1675604580000.0,0.15381048052645951,-0.0035750400000000002,1070.0424558999387,1070.422839491998,-16.0,1.1172,32.2,1.1075868449670963,long_nclose,35.664296407940505,0.033329795664925964,5.0
1675604640000.0,51224,1675604640000.0,0.0,-0.0034925280000000004,1070.0389633719387,1070.4289069639983,15.6,1.1194,47.8,1.1114421842665378,long_ientry_partial,53.126936407940505,0.04964953448099246,1.0
1675604700000.0,51225,1675604700000.0,0.153559270162048,-0.003565098,1070.1889575441007,1070.5289418659981,-15.9,1.1211,31.9,1.1114421842665378,long_nclose,35.45500567810256,0.03312966876379073,1.0
1675604760000.0,51226,1675604760000.0,0.0,-0.003545836000000001,1070.1854117081007,1070.492006029998,15.8,1.1221,47.7,1.1149724460818145,long_ientry_partial,53.18418567810255,0.049696234966627305,1.0
1675605780000.0,51243,1675605780000.0,0.037217891626409164,-0.0026610780000000003,1070.219968521727,1070.353414951998,-11.9,1.1181,35.8,1.1149724460818145,long_nclose,39.91601356972895,0.037297018130641055,17.0
1675605840000.0,51244,1675605840000.0,0.0,-0.00268488,1070.217283641727,1070.341170071998,12.0,1.1187,47.8,1.115908233676338,long_ientry_partial,53.34041356972895,0.04984073270450522,1.0
1675607400000.0,51270,1675607400000.0,0.03679201925157825,-0.0026632200000000004,1070.2514124409786,1070.319326851998,-11.9,1.119,35.9,1.115908233676338,long_nclose,40.06110558898053,0.037431490510824054,26.0
1675607460000.0,51271,1675607460000.0,0.0,-0.00268272,1070.2487297209786,1070.3166441319981,12.0,1.1178,47.9,1.116382162609197,long_ientry_partial,53.474705588980534,0.04996474567451415,1.0
1675607520000.0,51272,1675607520000.0,0.0371022649505552,-0.00266441,1070.2831675759292,1070.409809721998,-11.9,1.1195,36.0,1.116382162609197,long_nclose,40.18975785393109,0.03755058387487899,1.0
1675607700000.0,51275,1675607700000.0,0.0,-0.0026429640000000003,1070.2805246119292,1070.3928267579981,11.8,1.1199,47.8,1.1172505827182238,long_ientry_partial,53.404577853931094,0.049897738607637424,3.0
1675607760000.0,51276,1675607760000.0,0.036288065653138246,-0.0026663140000000004,1070.3141463635823,1070.437980443998,-11.9,1.1203,35.9,1.1172505827182238,long_nclose,40.109295919584234,0.03747432102608054,1.0
1675607880000.0,51278,1675607880000.0,0.0,-0.002667266,1070.3114790975824,1070.4209731779981,11.9,1.1207,47.8,1.1181093288615949,long_ientry_partial,53.44562591958423,0.04993464702877534,2.0
1675608000000.0,51280,1675608000000.0,0.03677898654702081,-0.002668456,1070.3455896281293,1070.391924721998,-11.9,1.1212,35.9,1.1181093288615949,long_nclose,40.140124906131255,0.03750202298687208,2.0
1675608060000.0,51281,1675608060000.0,0.0,-0.0026641720000000002,1070.3429254561293,1070.308000549998,11.9,1.1194,47.8,1.1184306465717837,long_ientry_partial,53.46098490613126,0.04994752955773378,1.0
1675608720000.0,51292,1675608720000.0,0.036525305795773226,-0.0026691700000000002,1070.376781591925,1070.479791379998,-11.9,1.1215,35.9,1.1184306465717837,long_nclose,40.15166021192703,0.037511707001165705,11.0
1675608780000.0,51293,1675608780000.0,0.02731724551112451,-0.00199627,1070.402102567436,1070.5011751099978,-8.9,1.1215,27.0,1.1184306465717837,long_nclose,30.19762745743816,0.028211479952259987,1.0
1675608840000.0,51294,1675608840000.0,0.0,-0.004645494,1070.397457073436,1070.4679096159978,20.7,1.1221,47.7,1.1200230074934625,long_ientry_partial,53.42509745743816,0.049911457752811965,1.0
1675609440000.0,51304,1675609440000.0,0.036616210827796,-0.0026729780000000003,1070.4314003062639,1070.5343966379978,-11.9,1.1231,35.8,1.1200230074934625,long_nclose,40.096823668265955,0.0374585645159454,10.0
1675609500000.0,51305,1675609500000.0,0.027385233308183567,-0.0019991180000000002,1070.4567864215721,1070.563767519998,-8.9,1.1231,26.9,1.1200230074934625,long_nclose,30.12861890157414,0.028145572323653566,1.0
1675609620000.0,51307,1675609620000.0,0.0,-0.0046533600000000005,1070.452133061572,1070.459154159998,20.7,1.124,47.6,1.12175249793223,long_ientry_partial,53.395418901574146,0.049881183149086086,2.0
1675609920000.0,51312,1675609920000.0,0.03745527460646343,-0.002677262,1070.4869110741786,1070.602846897998,-11.9,1.1249,35.7,1.12175249793223,long_nclose,40.04656417618062,0.03740967195572335,5.0
1675609980000.0,51313,1675609980000.0,0.0,-0.0026775,1070.4842335741787,1070.6049293979981,11.9,1.125,47.6,1.1225643734491726,long_ientry_partial,53.43406417618062,0.049915788108128106,1.0
1675610160000.0,51316,1675610160000.0,0.037313955954845233,-0.002679166,1070.5188683641336,1070.659370231998,-11.9,1.1257,35.7,1.1225643734491726,long_nclose,40.07554813213547,0.03743562987672992,3.0
1675610340000.0,51319,1675610340000.0,0.0,-0.0026585400000000005,1070.5162098241335,1070.618711691998,11.8,1.1265,47.5,1.1235420659396942,long_ientry_partial,53.36824813213548,0.04985281646590192,3.0
1675610400000.0,51320,1675610400000.0,0.036083621911609104,-0.0026587760000000003,1070.549634670045,1070.7123529159978,-11.8,1.1266,35.7,1.1235420659396942,long_nclose,40.110451754047084,0.03746715748159548,1.0
1675610520000.0,51322,1675610520000.0,0.11611941531763884,-0.002697254,1070.6630568313626,1070.902435661998,-11.9,1.1333,23.8,1.1235420659396942,long_nclose,26.740301169364724,0.024975458897874833,2.0
1675611000000.0,51330,1675611000000.0,0.0770876790764157,-0.001790614,1070.738353896439,1070.903045047998,-7.9,1.1333,15.9,1.1235420659396942,long_nclose,17.864318848441137,0.016684112214186135,8.0
1675611180000.0,51333,1675611180000.0,0.0,-0.0071082900000000015,1070.7312456064392,1070.768976757998,31.5,1.1283,47.4,1.1267039841443278,long_ientry_partial,53.405768848441134,0.04987784662825755,3.0
1675617420000.0,51437,1675617420000.0,0.0,-0.014649864,1070.7165957424393,1069.887406893998,67.3,1.0884,114.7,1.104229196586235,long_rentry,126.65508884844115,0.11829002123630857,104.0
1675617780000.0,51443,1675617780000.0,0.08782497763367836,-0.006333756,1070.798086964073,1070.9936031379982,-28.6,1.1073,86.1,1.104229196586235,long_nclose,95.07413382607483,0.08878810579091435,6.0
1675617840000.0,51444,1675617840000.0,0.06602227339594702,-0.004761390000000001,1070.8593478474688,1070.909141747998,-21.5,1.1073,64.6,1.104229196586235,long_nclose,71.33320609947077,0.06661304889653102,1.0
1675642440000.0,51854,1675642440000.0,0.049439934961616146,-0.003565506,1070.9052222764303,1071.102656241998,-16.1,1.1073,48.5,1.104229196586235,long_nclose,53.555116034432395,0.050009202420910726,410.0
1675642560000.0,51856,1675642560000.0,0.03715672130655623,-0.0026796660000000003,1070.9396993317368,1071.0769565759979,-12.1,1.1073,36.4,1.104229196586235,long_nclose,40.19394275573895,0.03753147145522745,2.0
1675642860000.0,51861,1675642860000.0,0.027944311065261296,-0.002015286,1070.9656283568022,1071.068571289998,-9.1,1.1073,27.3,1.104229196586235,long_nclose,30.145457066804216,0.028147922088831944,5.0
1675643100000.0,51865,1675643100000.0,0.020881463213601847,-0.001505928,1070.9850038920158,1071.050005361998,-6.8,1.1073,20.5,1.104229196586235,long_nclose,22.636698530017817,0.02113633566086814,4.0
1675647120000.0,51932,1675647120000.0,0.0,-0.00621185,1070.9787920420158,1070.865243511998,28.3,1.0975,48.8,1.1003268141397093,long_ientry_partial,53.695948530017816,0.050137265956160276,67.0
1675648020000.0,51947,1675648020000.0,0.03749286749554526,-0.002692296,1071.0135926135113,1071.2468512159978,-12.2,1.1034,36.6,1.1003268141397093,long_nclose,40.271961397513365,0.03760172763003019,15.0
1675648680000.0,51958,1675648680000.0,0.0,-0.0026786320000000002,1071.0109139815113,1070.908672583998,12.2,1.0978,48.8,1.099695110604782,long_ientry_partial,53.66512139751336,0.05010697902042086,11.0
1675649820000.0,51977,1675649820000.0,0.03665965062165868,-0.0026905880000000003,1071.044883044133,1071.202441995998,-12.2,1.1027,36.6,1.099695110604782,long_nclose,40.24884104813503,0.03757904237751403,19.0
1675650000000.0,51980,1675650000000.0,0.027344493496483113,-0.0020069140000000003,1071.0702206236294,1071.158355081998,-9.1,1.1027,27.5,1.099695110604782,long_nclose,30.241615541631507,0.028234951321887525,3.0
1675650360000.0,51986,1675650360000.0,0.020433247887481885,-0.001499672,1071.089154199517,1071.182405409998,-6.8,1.1027,20.7,1.099695110604782,long_nclose,22.763688789518987,0.021252842212310073,6.0
1675650840000.0,51994,1675650840000.0,0.0,-0.006171322000000001,1071.082982877517,1071.015804087998,28.1,1.0981,48.8,1.0987766145393236,long_ientry_partial,53.62029878951899,0.05006175958978027,8.0
1675661220000.0,52167,1675661220000.0,0.0,-0.014711003999999998,1071.068271873517,1070.366243083998,69.3,1.0614,118.1,1.0768443589290346,long_rentry,127.17531878951898,0.11873689299661859,173.0
1675662660000.0,52191,1675662660000.0,0.0871914115934812,-0.006370820000000001,1071.1490924651105,1071.437542263998,-29.5,1.0798,88.6,1.0768443589290346,long_nclose,95.40841020111246,0.08907108344884315,24.0
1675662780000.0,52193,1675662780000.0,0.06531966766833677,-0.004772716000000001,1071.2096394167788,1071.479339547998,-22.1,1.0798,66.5,1.0768443589290346,long_nclose,71.61014986878081,0.06684979973459633,2.0
1675663680000.0,52208,1675663680000.0,0.04906364177802672,-0.003584936000000001,1071.255118122557,1071.372664611998,-16.6,1.0798,49.9,1.0768443589290346,long_nclose,53.734533510558826,0.050160351723436365,15.0
1675664400000.0,52220,1675664400000.0,0.03664994927997176,-0.0026779040000000005,1071.289090167837,1071.4074267079982,-12.4,1.0798,37.5,1.0768443589290346,long_nclose,40.3816634598388,0.03769445972189661,12.0
1675664820000.0,52227,1675664820000.0,0.0,-0.002578492,1071.286511675837,1071.547168215998,11.9,1.0834,49.4,1.0784235518185992,long_ientry_partial,53.2741234598388,0.04972910876708503,7.0
1675667520000.0,52272,1675667520000.0,0.03661031263122921,-0.002660244,1071.320461744468,1071.4679879719981,-12.3,1.0814,37.1,1.0784235518185992,long_nclose,40.00951377247003,0.03734598115238195,45.0
1675668060000.0,52281,1675668060000.0,0.11533031263123146,-0.0026759880000000002,1071.4331160690992,1071.670611983998,-12.3,1.0878,24.8,1.0784235518185992,long_nclose,26.74490408510126,0.0249618045998276,9.0
1675669260000.0,52301,1675669260000.0,0.19686795744937094,-0.0027138640000000003,1071.6272701625485,1071.848938119998,-12.4,1.0943,12.4,1.0784235518185992,long_nclose,13.37245204255063,0.012478641048880966,20.0
1675669680000.0,52308,1675669680000.0,0.09843397872468547,-0.0013569320000000001,1071.7243472092732,1071.8277411879978,-6.2,1.0943,6.2,1.0784235518185992,long_nclose,6.686226021275315,0.0062387553653007665,7.0
1675670580000.0,52323,1675670580000.0,0.13811397872468523,-0.0013648680000000002,1071.8610963199978,1071.8610963199978,-6.2,1.1007,0.0,1.0784235518185992,long_nclose,0.0,0.0,15.0
1675675800000.0,52410,1675675800000.0,0.0,-0.01071362,1071.850382699998,1071.914212699998,49.1,1.091,49.1,1.091,long_ientry_normal,53.5681,0.04997721777647886,87.0
1675676100000.0,52415,1675676100000.0,0.03660000000000138,-0.00266936,1071.8843133399978,1072.0429833399978,-12.2,1.094,36.9,1.091,long_nclose,40.2579,0.037558064334905834,5.0
1675677480000.0,52438,1675677480000.0,0.0,-0.002662772,1071.881650567998,1071.8878105679978,12.2,1.0913,49.1,1.0910745417515275,long_ientry_partial,53.571760000000005,0.04997917444674227,23.0
1675688940000.0,52629,1675688940000.0,0.03691059063136519,-0.0026696040000000003,1071.9158915546293,1072.0422909639979,-12.2,1.0941,36.9,1.0910745417515275,long_nclose,40.260650590631364,0.03755952394011085,191.0
1675690440000.0,52654,1675690440000.0,0.0,-0.002698736,1071.9131928186293,1071.767682227998,12.4,1.0882,49.3,1.0903515332785267,long_ientry_partial,53.75433059063136,0.050148025932289036,25.0
1675693860000.0,52711,1675693860000.0,0.037496140674120194,-0.002689764,1071.9479991953035,1072.082992463998,-12.3,1.0934,37.0,1.0903515332785267,long_nclose,40.343006731305486,0.03763522741923155,57.0
1675694640000.0,52724,1675694640000.0,0.0,-0.002676234000000001,1071.9453229613034,1071.972936229998,12.3,1.0879,49.3,1.089739893129929,long_ientry_partial,53.72417673130549,0.0501183927766854,13.0
1675694700000.0,52725,1675694700000.0,0.03763931450187426,-0.002688288,1071.9802739878053,1072.108297941998,-12.3,1.0928,37.0,1.089739893129929,long_nclose,40.32037604580737,0.03761298320892988,1.0
1675694940000.0,52729,1675694940000.0,0.02815298320465391,-0.0020107519999999998,1072.00641621901,1072.091487189998,-9.2,1.0928,27.8,1.089739893129929,long_nclose,30.294769029012024,0.028259876592774825,4.0
1675695000000.0,52730,1675695000000.0,0.021114737403490437,-0.0015080640000000001,1072.0260228924133,1072.1213291259978,-6.9,1.0928,20.9,1.089739893129929,long_nclose,22.775563766415512,0.021245345989797142,1.0
1675695180000.0,52733,1675695180000.0,0.0,-0.006179840000000001,1072.0198430524133,1071.9785492859978,28.4,1.088,49.3,1.0887376017528503,long_ientry_partial,53.674763766415516,0.05006881553011631,3.0
1675695540000.0,52739,1675695540000.0,0.03766749843994282,-0.0026858280000000003,1072.0548247228533,1072.1977334579979,-12.3,1.0918,37.0,1.0887376017528503,long_nclose,40.283291264855464,0.03757577535763571,6.0
1675695780000.0,52743,1675695780000.0,0.028174063873778365,-0.0020089120000000003,1072.080989874727,1072.2411845459978,-9.2,1.0918,27.8,1.0887376017528503,long_nclose,30.266905328729237,0.028231920549459544,4.0
1675696020000.0,52747,1675696020000.0,0.021130547905333776,-0.0015066840000000003,1072.1006137386323,1072.1896978619977,-6.9,1.0918,20.9,1.0887376017528503,long_nclose,22.75461587663457,0.021224328747732557,4.0
1675696320000.0,52752,1675696320000.0,0.015924470885179075,-0.0011354720000000002,1072.1154027375176,1072.1901723899978,-5.2,1.0918,15.7,1.0887376017528503,long_nclose,17.09318034751975,0.015943414583797947,5.0
1675696800000.0,52760,1675696800000.0,0.0,-0.0073127040000000015,1072.1080900335176,1072.015839685998,33.6,1.0882,49.3,1.0883712038036462,long_ientry_partial,53.65670034751975,0.050047845778164284,8.0
1675698720000.0,52792,1675698720000.0,0.03725419321515133,-0.002684844,1072.1426593827327,1072.2621248419978,-12.3,1.0914,37.0,1.0883712038036462,long_nclose,40.26973454073491,0.037560052469061814,32.0
1675698960000.0,52796,1675698960000.0,0.11720419321515346,-0.0027008340000000005,1072.257162741948,1072.583914007998,-12.3,1.0979,24.7,1.0883712038036462,long_nclose,26.88276873395006,0.0250711952953582,4.0
1675699020000.0,52797,1675699020000.0,0.19592419321515298,-0.0027165780000000003,1072.4503703571631,1072.645407429998,-12.3,1.1043,12.4,1.0883712038036462,long_nclose,13.495802927165213,0.012584081557704758,1.0
1675699080000.0,52798,1675699080000.0,0.09875853641739418,-0.0013693320000000002,1072.5477595615805,1072.6409380979978,-6.2,1.1043,6.2,1.0883712038036462,long_nclose,6.747901463582607,0.006291469450592027,1.0
1675699140000.0,52799,1675699140000.0,0.04937926820869709,-0.0006846660000000001,1072.596454163789,1072.6532734319978,-3.1,1.1043,3.1,1.0883712038036462,long_nclose,3.3739507317913033,0.003145591912684143,1.0
1675699320000.0,52802,1675699320000.0,0.02389319429453085,-0.00033129000000000003,1072.6200160680835,1072.6541421419977,-1.5,1.1043,1.6,1.0883712038036462,long_nclose,1.741393926085834,0.0016234956461742,3.0
1675699800000.0,52810,1675699800000.0,0.01274303695708312,-0.00017668800000000004,1072.6325824170406,1072.6458054539976,-0.8,1.1043,0.8,1.0883712038036462,long_nclose,0.870696963042917,0.0008117383131145546,8.0
1675699920000.0,52812,1675699920000.0,0.00637151847854156,-8.834400000000002e-05,1072.638865591519,1072.6458771099976,-0.4,1.1043,0.4,1.0883712038036462,long_nclose,0.4353484815214585,0.00040586677910592074,2.0
1675701000000.0,52830,1675701000000.0,0.00318575923927078,-4.417200000000001e-05,1072.6420071787584,1072.6451929379975,-0.2,1.1043,0.2,1.0883712038036462,long_nclose,0.21767424076072925,0.0002029327951953436,18.0
1675701060000.0,52831,1675701060000.0,0.00159287961963539,-2.2086000000000005e-05,1072.6435779723781,1072.6450408519977,-0.1,1.1043,0.1,1.0883712038036462,long_nclose,0.10883712038036462,0.00010146624900892038,1.0
1675702260000.0,52851,1675702260000.0,0.000952879619635394,-2.1958000000000002e-05,1072.644508893998,1072.644508893998,-0.1,1.0979,0.0,1.0883712038036462,long_nclose,0.0,0.0,20.0
1675719960000.0,53146,1675719960000.0,0.0,-0.01073492,1072.633773973998,1072.3838739739979,49.0,1.0954,49.0,1.0954,long_ientry_normal,53.6746,0.0500400055474117,295.0
1675744020000.0,53547,1675744020000.0,0.03660000000000138,-0.0026800960000000003,1072.6676938779979,1072.7891338779978,-12.2,1.0984,36.8,1.0954,long_nclose,40.310719999999996,0.037579877002042746,401.0
1675746360000.0,53586,1675746360000.0,0.027600000000001044,-0.0020210560000000002,1072.6932728219977,1072.7760728219976,-9.2,1.0984,27.6,1.0954,long_nclose,30.23304,0.028184235667353588,39.0
1675746420000.0,53587,1675746420000.0,0.020700000000000787,-0.0015157920000000002,1072.7124570299977,1072.7662770299978,-6.9,1.0984,20.7,1.0954,long_nclose,22.67478,0.02113779871894031,1.0
1675746540000.0,53589,1675746540000.0,0.015300000000000579,-0.001120368,1072.7266366619976,1072.7734366619977,-5.1,1.0984,15.6,1.0954,long_nclose,17.08824,0.015929724699643384,2.0
1675746720000.0,53592,1675746720000.0,0.011700000000000443,-0.000856752,1072.7374799099978,1072.7772599099978,-3.9,1.0984,11.7,1.0954,long_nclose,12.81618,0.011947172761294098,3.0
1675747260000.0,53601,1675747260000.0,0.008700000000000329,-0.000637072,1072.7455428379978,1072.788662837998,-2.9,1.0984,8.8,1.0954,long_nclose,9.639520000000001,0.008985840178369052,9.0
1675747620000.0,53607,1675747620000.0,0.006600000000000251,-0.0004832960000000001,1072.7516595419977,1072.7754195419977,-2.2,1.0984,6.6,1.0954,long_nclose,7.229639999999999,0.006739341706622605,6.0
1675749060000.0,53631,1675749060000.0,0.021120000000000118,-0.00048620000000000005,1072.7722933419977,1072.8158533419978,-2.2,1.105,4.4,1.0954,long_nclose,4.8197600000000005,0.004492808054340261,24.0
1675749360000.0,53636,1675749360000.0,0.013440000000000073,-0.0003094,1072.7854239419976,1072.8145239419975,-1.4,1.105,3.0,1.0954,long_nclose,3.2862,0.003063240725181288,5.0
1675749480000.0,53638,1675749480000.0,0.009600000000000053,-0.000221,1072.7948029419977,1072.8136029419977,-1.0,1.105,2.0,1.0954,long_nclose,2.1908,0.00204214262969211,2.0
1675749600000.0,53640,1675749600000.0,0.005760000000000032,-0.0001326,1072.8004303419978,1072.8155503419978,-0.6,1.105,1.4,1.0954,long_nclose,1.5335599999999998,0.001429492342309293,2.0
1675750680000.0,53658,1675750680000.0,0.011270000000000002,-0.00015560999999999998,1072.8115447319976,1072.8240747319976,-0.7,1.1115,0.7,1.0954,long_nclose,0.7667799999999999,0.0007147387663427425,18.0
1675750980000.0,53663,1675750980000.0,0.015820000000000122,-0.00015652000000000003,1072.8272082119977,1072.8272082119977,-0.7,1.118,0.0,1.0954,long_nclose,0.0,0.0,5.0
1675850880000.0,55328,1675850880000.0,0.0,-0.010724528,1072.8164836839976,1072.7752636839975,45.8,1.1708,45.8,1.1708,long_ientry_normal,53.62264,0.049983050051452003,1665.0
1675853100000.0,55365,1675853100000.0,0.036479999999998514,-0.00267672,1072.8502869639976,1072.9053269639976,-11.4,1.174,34.4,1.1708,long_nclose,40.27552,0.03754067132141388,37.0
1675853640000.0,55374,1675853640000.0,0.02751999999999888,-0.00201928,1072.8757876839977,1072.9841476839977,-8.6,1.174,25.8,1.1708,long_nclose,30.206640000000004,0.028154834275090374,9.0
1675854120000.0,55382,1675854120000.0,0.020479999999999166,-0.0015027200000000001,1072.8947649639977,1072.9607249639976,-6.4,1.174,19.4,1.1708,long_nclose,22.71352,0.021170314873110767,8.0
1675854540000.0,55389,1675854540000.0,0.015359999999999374,-0.00112704,1072.9089979239977,1072.9513379239977,-4.8,1.174,14.6,1.1708,long_nclose,17.09368,0.015932087467879427,7.0
1675854600000.0,55390,1675854600000.0,0.01151999999999953,-0.00084528,1072.9196726439977,1072.9570726439977,-3.6,1.174,11.0,1.1708,long_nclose,12.8788,0.012003508117492852,1.0
1675856760000.0,55426,1675856760000.0,0.008639999999999648,-0.00063396,1072.9276786839978,1072.9625386839978,-2.7,1.174,8.3,1.1708,long_nclose,9.717640000000001,0.009057124905118672,36.0
1675857000000.0,55430,1675857000000.0,0.006399999999999739,-0.0004696,1072.9336090839977,1072.9562890839977,-2.0,1.174,6.3,1.1708,long_nclose,7.376040000000001,0.006874647170664356,4.0
1675857120000.0,55432,1675857120000.0,0.004799999999999804,-0.0003522,1072.9380568839977,1072.9543768839976,-1.5,1.174,4.8,1.1708,long_nclose,5.61984,0.005237804702650786,2.0
1675857300000.0,55435,1675857300000.0,0.0038399999999998435,-0.00028176,1072.9416151239977,1072.9538551239978,-1.2,1.174,3.6,1.1708,long_nclose,4.21488,0.00392834049922921,3.0
1675857600000.0,55440,1675857600000.0,0.0028799999999998827,-0.00021132,1072.9442838039977,1072.9553538039977,-0.9,1.174,2.7,1.1708,long_nclose,3.16116,0.0029462480463500673,5.0
1675859040000.0,55464,1675859040000.0,0.0019199999999999218,-0.00014088,1072.9460629239977,1072.9523629239977,-0.6,1.174,2.1,1.1708,long_nclose,2.45868,0.0022915224585470717,24.0
1675859100000.0,55465,1675859100000.0,0.0015999999999999348,-0.0001174,1072.9475455239979,1072.9537855239978,-0.5,1.174,1.6,1.1708,long_nclose,1.8732800000000003,0.0017459194606621168,1.0
1675860660000.0,55491,1675860660000.0,0.0,-0.010353408000000001,1072.937192115998,1072.809592115998,44.2,1.1712,45.8,1.1711860262008735,long_ientry_partial,53.64032,0.04999390495003067,26.0
1675872480000.0,55688,1675872480000.0,0.0,-0.014729526,1072.9224625899978,1071.1511325899978,65.1,1.1313,110.9,1.1477723174030658,long_rentry,127.28795000000001,0.11863667174301792,197.0
1675873560000.0,55706,1675873560000.0,0.0,-0.03483900000000001,1072.887623589998,1069.4897135899978,157.5,1.106,268.4,1.123259873323398,long_rentry,301.48295,0.2810014239806453,18.0
1675874880000.0,55728,1675874880000.0,0.21070249999999535,-0.015116288,1073.083209801998,1073.473757301998,-67.1,1.1264,201.3,1.123259873323398,long_nclose,226.11221250000003,0.2107126553044489,22.0
1675874940000.0,55729,1675874940000.0,0.15794837183308147,-0.011331584,1073.2298265898312,1073.7341857179981,-50.3,1.1264,151.0,1.123259873323398,long_nclose,169.6122408718331,0.15803906737364262,1.0
1675875420000.0,55737,1675875420000.0,0.49495837183307784,-0.011398986,1073.7133859756643,1074.7344967319982,-50.3,1.1331,100.7,1.123259873323398,long_nclose,113.11226924366619,0.10534679991987161,8.0
1675875660000.0,55741,1675875660000.0,0.3296442436661652,-0.00759177,1074.0354384493303,1074.777334961998,-33.5,1.1331,67.2,1.123259873323398,long_nclose,75.48306348733236,0.07027986301486776,4.0
1675876080000.0,55748,1675876080000.0,0.22041883755588357,-0.005076288,1074.250780998886,1074.6692186739979,-22.4,1.1331,44.8,1.123259873323398,long_nclose,50.32204232488823,0.046843849885867955,7.0
1675876260000.0,55751,1675876260000.0,0.146617887481369,-0.003376638,1074.3940222483675,1074.7241220359979,-14.9,1.1331,29.9,1.123259873323398,long_nclose,33.5854702123696,0.03125991909568318,3.0
1675876440000.0,55754,1675876440000.0,0.0,-0.003970050000000001,1074.3900521983676,1074.639571985998,17.5,1.1343,47.4,1.1273358694592743,long_ientry_partial,53.4357202123696,0.049735866506797864,3.0
1675876860000.0,55761,1675876860000.0,0.1558532625434654,-0.0035935520000000007,1074.542311908911,1074.8729784339978,-15.8,1.1372,31.6,1.1273358694592743,long_nclose,35.62381347491307,0.03315254604690979,7.0
1675877220000.0,55767,1675877220000.0,0.0,-0.0035505599999999995,1074.538761348911,1074.918227873998,15.6,1.138,47.2,1.1308604549769716,long_ientry_partial,53.376613474913064,0.04967397677484178,6.0
1675877280000.0,55768,1675877280000.0,0.15448085686154614,-0.003581798,1074.6896604077726,1075.024806075998,-15.7,1.1407,31.5,1.1308604549769716,long_nclose,35.62210433177461,0.033146410209490995,1.0
1675877340000.0,55769,1675877340000.0,0.0,-0.0035614799999999997,1074.6860989277727,1075.068344595998,15.6,1.1415,47.1,1.1343843807170828,long_ientry_partial,53.4295043317746,0.049716381727726695,1.0
1675877760000.0,55776,1675877760000.0,0.03645274561013063,-0.0026617499999999996,1074.7198899233829,1074.8018628459981,-11.7,1.1375,35.4,1.1343843807170828,long_nclose,40.15720707738473,0.037365277644808036,7.0
1675877820000.0,55777,1675877820000.0,0.0,-0.0027053460000000004,1074.7171845773828,1074.780237499998,11.9,1.1367,47.3,1.1349669572385779,long_ientry_partial,53.68393707738473,0.04995168761397928,1.0
1675878120000.0,55782,1675878120000.0,0.036969904584779736,-0.002685916,1074.7514685659676,1074.8733415839981,-11.8,1.1381,35.5,1.1349669572385779,long_nclose,40.29132698196951,0.03748897132071837,5.0
1675878180000.0,55783,1675878180000.0,0.0,-0.0026638560000000005,1074.7488047099675,1074.809317727998,11.7,1.1384,47.2,1.1358179445332524,long_ientry_partial,53.61060698196952,0.049881988002244776,1.0
1675879020000.0,55797,1675879020000.0,0.037548254507622364,-0.0026880400000000005,1074.783664924475,1074.9104696879979,-11.8,1.139,35.4,1.1358179445332524,long_nclose,40.20795523647713,0.037410277573675765,14.0
1675879080000.0,55798,1675879080000.0,0.0,-0.002688984,1074.780975940475,1074.8039407039978,11.8,1.1394,47.2,1.1367134583999392,long_ientry_partial,53.652875236477136,0.04991982221264085,1.0
1675879140000.0,55799,1675879140000.0,0.03760119088071639,-0.002690164,1074.8158869673557,1074.9463905399978,-11.8,1.1399,35.4,1.1367134583999392,long_nclose,40.23965642735784,0.0374386505775384,1.0
1675879200000.0,55800,1675879200000.0,0.0,-0.002668536,1074.8132184313556,1074.9625620039978,11.7,1.1404,47.1,1.1376292235107823,long_ientry_partial,53.58233642735785,0.04985269580658768,1.0
1675879260000.0,55801,1675879260000.0,0.03709808492384718,-0.002669472,1074.8476470442795,1074.9669725319977,-11.7,1.1408,35.4,1.1376292235107823,long_nclose,40.27207451228169,0.03746770495616356,1.0
1675879320000.0,55802,1675879320000.0,0.0,-0.00266994,1074.8449771042795,1075.0066925919978,11.7,1.141,47.1,1.1384665501546007,long_ientry_partial,53.621774512281696,0.04988791468025757,1.0
1675879440000.0,55804,1675879440000.0,0.0366613631911707,-0.002671344,1074.8789671234706,1075.0748512479977,-11.7,1.1416,35.4,1.1384665501546007,long_nclose,40.301715875472865,0.037494189679165464,2.0
1675879500000.0,55805,1675879500000.0,0.0,-0.00265408,1074.8763130434706,1074.9029971679977,11.6,1.144,47.0,1.1398322526696354,long_ientry_partial,53.57211587547286,0.04984026089828465,1.0
1675879560000.0,55806,1675879560000.0,0.037062643765266086,-0.00267462,1074.9107010672358,1075.0260525479976,-11.7,1.143,35.3,1.1398322526696354,long_nclose,40.23607851923813,0.037432019682462306,1.0
1675879680000.0,55808,1675879680000.0,0.0,-0.002674854,1074.9080262132359,1074.9904776939977,11.7,1.1431,47.0,1.1406457131752794,long_ientry_partial,53.61034851923813,0.04987435874686001,2.0
1675899300000.0,56135,1675899300000.0,0.036905155849230084,-0.002676492,1074.942254877085,1075.0571312019974,-11.7,1.1438,35.3,1.1406457131752794,long_nclose,40.26479367508736,0.037457634112347246,327.0
1675899420000.0,56137,1675899420000.0,0.02775772405754058,-0.002013088,1074.9679995131423,1075.0462881139974,-8.8,1.1438,26.5,1.1406457131752794,long_nclose,30.227111399144903,0.028119080207815388,2.0
1675899660000.0,56141,1675899660000.0,0.020818293043155432,-0.001509816,1074.9873079901856,1075.0560482979977,-6.6,1.1438,19.9,1.1406457131752794,long_nclose,22.69884969218806,0.021115458316085807,4.0
1675900800000.0,56160,1675900800000.0,0.01545600544113055,-0.001120924,1075.0016430716269,1075.0459573739977,-4.9,1.1438,15.0,1.1406457131752794,long_nclose,17.109685697629192,0.015915962368895822,19.0
1675900920000.0,56162,1675900920000.0,0.011670861251465926,-0.0008464119999999999,1075.0124675208783,1075.0492409619976,-3.7,1.1438,11.3,1.1406457131752794,long_nclose,12.889296558880659,0.011989904255347931,2.0
1675901220000.0,56167,1675901220000.0,0.008832003109217456,-0.000640528,1075.0206589959876,1075.0593704339976,-2.8,1.1438,8.5,1.1406457131752794,long_nclose,9.695488561989874,0.009018885805455077,5.0
1675901760000.0,56176,1675901760000.0,0.0,-0.008813538000000001,1075.0118454579876,1074.9669868959977,38.7,1.1387,47.2,1.1390503932624974,long_ientry_partial,53.763178561989875,0.0500117080468868,9.0
1675902480000.0,56188,1675902480000.0,0.03716535950253248,-0.0026955920000000006,1075.0463152254902,1075.2356913039978,-11.8,1.1422,35.4,1.1390503932624974,long_nclose,40.3223839214924,0.03750757837166747,12.0
1675904100000.0,56215,1675904100000.0,0.11740535950253152,-0.0027116400000000004,1075.1610089449928,1075.4005396639977,-11.8,1.149,23.6,1.1390503932624974,long_nclose,26.881589280994937,0.025002384812459515,27.0
1675904640000.0,56224,1675904640000.0,0.19764535950253054,-0.002727688,1075.3559266164953,1075.5476719759977,-11.8,1.1558,11.8,1.1390503932624974,long_nclose,13.440794640497469,0.012498926455715594,9.0
1675905000000.0,56230,1675905000000.0,0.03880346627626041,-0.00089622,1075.3938338627715,1075.4811257559977,-3.9,1.149,7.9,1.1390503932624974,long_nclose,8.998498106773729,0.008367630372634261,6.0
1675905240000.0,56234,1675905240000.0,0.02586897751750694,-0.0005974800000000001,1075.4191053602892,1075.473428275998,-2.6,1.149,5.3,1.1390503932624974,long_nclose,6.036967084291236,0.005613594787558399,4.0
1675905360000.0,56236,1675905360000.0,0.01691433145375454,-0.00039066000000000003,1075.435629031743,1075.475767615998,-1.7,1.149,3.6,1.1390503932624974,long_nclose,4.1005814157449905,0.0038129491947713366,2.0
1675906200000.0,56250,1675906200000.0,0.011939528085003204,-0.00027576,1075.447292799828,1075.477171855998,-1.2,1.149,2.4,1.1390503932624974,long_nclose,2.7337209438299936,0.002541938560943329,14.0
1675906380000.0,56253,1675906380000.0,0.007959685390002136,-0.00018384,1075.4550686452178,1075.4725880159979,-0.8,1.149,1.6,1.1390503932624974,long_nclose,1.8224806292199958,0.0016946134546707077,3.0
1675908240000.0,56284,1675908240000.0,0.001259842695001101,-9.137600000000001e-05,1075.4562371119127,1075.4609766399979,-0.4,1.1422,1.2,1.1390503932624974,long_nclose,1.3668604719149968,0.0012709587101243994,31.0
1675908480000.0,56288,1675908480000.0,0.0,-0.010476216,1075.4457608959128,1075.4106604239978,45.9,1.1412,47.1,1.141145232949363,long_ientry_partial,53.747940471915,0.049977360482726385,4.0
1675910340000.0,56319,1675910340000.0,0.03691077449245417,-0.0026776620000000004,1075.4799940084054,1075.481932761998,-11.7,1.1443,35.4,1.141145232949363,long_nclose,40.396541246407445,0.03756140650821974,31.0
1675910400000.0,56320,1675910400000.0,0.0,-0.002669472,1075.4773245364054,1075.4321332899979,11.7,1.1408,47.1,1.1410594744460179,long_ientry_partial,53.74390124640744,0.04997213797099279,1.0
1675911900000.0,56345,1675911900000.0,0.0,-0.014747436000000003,1075.4625771004053,1072.7658958539978,66.9,1.1022,114.0,1.118255098652697,long_rentry,127.48108124640744,0.11853604575448264,25.0
1675921260000.0,56501,1675921260000.0,0.08677968839813732,-0.00639141,1075.5429653788033,1075.8289544439976,-28.5,1.1213,85.5,1.118255098652697,long_nclose,95.61081093480558,0.0888953895962043,156.0
1675922940000.0,56529,1675922940000.0,0.06485639869755526,-0.004776738000000001,1075.603045039501,1075.772847705998,-21.3,1.1213,64.2,1.118255098652697,long_nclose,71.79197733350314,0.06674579219963682,28.0
1675923120000.0,56532,1675923120000.0,0.04871842155684902,-0.00358816,1075.648175301058,1075.814219545998,-16.0,1.1213,48.2,1.118255098652697,long_nclose,53.899895755059994,0.05010922436601932,3.0
1675923360000.0,56536,1675923360000.0,0.03653881616763677,-0.0026911200000000004,1075.6820229972257,1075.817588425998,-12.0,1.1213,36.2,1.118255098652697,long_nclose,40.48083457122763,0.03763271459946304,4.0
1675924680000.0,56558,1675924680000.0,0.1169388161676359,-0.0027072,1075.7962546133933,1076.065961225998,-12.0,1.128,24.2,1.118255098652697,long_nclose,27.061773387395263,0.025155110246336,22.0
1675925220000.0,56567,1675925220000.0,0.19898330630236802,-0.002745974,1075.9924919456957,1076.1926852519982,-12.1,1.1347,12.1,1.118255098652697,long_nclose,13.530886693697632,0.01257526125412827,9.0
1675926000000.0,56580,1675926000000.0,0.27884330630236726,-0.002761946,1076.2685733059982,1076.2685733059982,-12.1,1.1413,0.0,1.118255098652697,long_nclose,0.0,0.0,13.0
1675939620000.0,56807,1675939620000.0,0.0,-0.010758768000000002,1076.2578145379982,1076.2483745379982,47.2,1.1397,47.2,1.1397,long_ientry_normal,53.79384,0.04998229910469167,227.0
1675939980000.0,56813,1675939980000.0,0.037760000000001084,-0.0026972440000000006,1076.2928772939981,1076.423857293998,-11.8,1.1429,35.4,1.1397,long_nclose,40.34538,0.037485503110859415,6.0
1675941000000.0,56830,1675941000000.0,0.02816000000000081,-0.0020115040000000003,1076.3190257899982,1076.4254257899981,-8.8,1.1429,26.6,1.1397,long_nclose,30.316019999999998,0.02816638865762742,17.0
1675941360000.0,56836,1675941360000.0,0.021120000000000604,-0.0015086280000000001,1076.3386371619983,1076.4106371619982,-6.6,1.1429,20.0,1.1397,long_nclose,22.793999999999997,0.02117734996497139,6.0
1675941720000.0,56842,1675941720000.0,0.01600000000000046,-0.0011429,1076.3534942619983,1076.4104942619983,-5.0,1.1429,15.0,1.1397,long_nclose,17.095499999999998,0.015882793237663548,6.0
1675942560000.0,56856,1675942560000.0,0.0495000000000001,-0.0011496,1076.4018446619984,1076.5008446619984,-5.0,1.1496,10.0,1.1397,long_nclose,11.396999999999998,0.010588053203846726,14.0
1675942620000.0,56857,1675942620000.0,0.03267000000000007,-0.000758736,1076.4337559259984,1076.4980759259984,-3.3,1.1496,6.7,1.1397,long_nclose,7.63599,0.007093785342537094,1.0
1675942680000.0,56858,1675942680000.0,0.021780000000000046,-0.0005058240000000001,1076.4550301019985,1076.5000301019986,-2.2,1.1496,4.5,1.1397,long_nclose,5.1286499999999995,0.004764388531413187,1.0
1675943280000.0,56868,1675943280000.0,0.036740000000000356,-0.0005088160000000002,1076.4912612859985,1076.5299012859984,-2.2,1.1564,2.3,1.1397,long_nclose,2.62131,0.0024350499574595052,10.0
1675943400000.0,56870,1675943400000.0,0.018370000000000178,-0.0002544080000000001,1076.5093768779984,1076.5297768779985,-1.1,1.1564,1.2,1.1397,long_nclose,1.36764,0.0012704394679462188,2.0
1675943940000.0,56879,1675943940000.0,0.003960000000000008,-9.196800000000001e-05,1076.5132449099983,1076.5210849099983,-0.4,1.1496,0.8,1.1397,long_nclose,0.91176,0.0008469566020771323,9.0
1675944000000.0,56880,1675944000000.0,0.001980000000000004,-4.5984000000000006e-05,1076.5151789259983,1076.5210589259982,-0.2,1.1496,0.6,1.1397,long_nclose,0.68382,0.0006352163103563699,1.0
1675944420000.0,56887,1675944420000.0,0.001980000000000004,-4.5984000000000006e-05,1076.5171129419982,1076.5222729419982,-0.2,1.1496,0.4,1.1397,long_nclose,0.45588,0.0004234767794393273,7.0
1675945800000.0,56910,1675945800000.0,0.000990000000000002,-2.2992000000000003e-05,1076.5180799499983,1076.5216199499982,-0.1,1.1496,0.3,1.1397,long_nclose,0.34191,0.00031760729928091957,23.0
1675946340000.0,56919,1675946340000.0,0.000990000000000002,-2.2992000000000003e-05,1076.5190469579984,1076.5213869579984,-0.1,1.1496,0.2,1.1397,long_nclose,0.22794,0.0002117380093219041,9.0
1675946520000.0,56922,1675946520000.0,0.001670000000000016,-2.3128000000000006e-05,1076.5206938299984,1076.5226938299984,-0.1,1.1564,0.1,1.1397,long_nclose,0.11397,0.0001058688427015021,3.0
1675946760000.0,56926,1675946760000.0,0.002350000000000008,-2.3264000000000003e-05,1076.5230205659984,1076.5230205659984,-0.1,1.1632,0.0,1.1397,long_nclose,0.0,0.0,4.0
1675961700000.0,57175,1675961700000.0,0.0,-0.010758076000000002,1076.5122624899984,1076.4796424899985,46.6,1.1543,46.6,1.1543,long_ientry_normal,53.790380000000006,0.04996727104211668,249.0
1675961880000.0,57178,1675961880000.0,0.03711999999999849,-0.0026854,1076.5466970899984,1076.6691970899983,-11.6,1.1575,35.0,1.1543,long_nclose,40.4005,0.03752786582245447,3.0
1675962000000.0,57180,1675962000000.0,0.027839999999998862,-0.00201405,1076.5725230399983,1076.6672030399982,-8.7,1.1575,26.3,1.1543,long_nclose,30.358090000000004,0.028198834124314818,2.0
1675962060000.0,57181,1675962060000.0,0.08786999999999998,-0.0020260560000000005,1076.6583669839983,1076.8378869839983,-8.7,1.1644,17.6,1.1543,long_nclose,20.315680000000004,0.018869198088256666,1.0
1675962180000.0,57183,1675962180000.0,0.058579999999999986,-0.001350704,1076.7155962799982,1076.8383162799983,-5.8,1.1644,11.8,1.1543,long_nclose,13.620740000000001,0.01265026720803434,2.0
1675963920000.0,57212,1675963920000.0,0.0,-0.008036712,1076.7075595679983,1076.6516995679983,34.8,1.1547,46.6,1.154598712446352,long_ientry_partial,53.804300000000005,0.04997113610086254,29.0
1675969980000.0,57313,1675969980000.0,0.0,-0.014766572,1076.6927929959982,1074.9517129959982,66.2,1.1153,112.8,1.1315351063829786,long_rentry,127.63715999999998,0.11854556920069807,101.0
1675970760000.0,57326,1675970760000.0,0.0,-0.034933212,1076.6578597839982,1073.8083397839982,160.2,1.0903,273.0,1.107337802197802,long_rentry,302.30321999999995,0.2807792812292744,13.0
1675977060000.0,57431,1675977060000.0,0.0,-0.1548622,1076.5029975839982,1066.378677583998,730.0,1.0607,1003.0,1.073394037886341,long_rentry,1076.61422,1.0001033182594488,105.0
1676016060000.0,58081,1676016060000.0,-0.12618978265204367,-0.002143018,1076.3746647833461,1063.0757245659984,-10.1,1.0609,992.9,1.073394037886341,unstuck_close_long,1065.772940217348,0.990150525729689,650.0
1676079600000.0,59140,1676079600000.0,-0.24919859022931234,-0.002161352,1076.1233048411168,1052.8415432139982,-10.3,1.0492,982.6,1.073394037886341,unstuck_close_long,1054.7169816271187,0.9801079271142087,1059.0
1676128920000.0,59962,1676128920000.0,0.7382642951146776,-0.052872768,1076.8086963682315,1079.3925904459982,-245.6,1.0764,737.0,1.073394037886341,long_nclose,791.0914059222332,0.734662905853527,822.0
1676129280000.0,59968,1676129280000.0,0.5536982213360082,-0.039654576,1077.3227400135675,1078.6527558699981,-184.2,1.0764,552.8,1.073394037886341,long_nclose,593.3722241435692,0.5507840892099766,6.0
1676129760000.0,59976,1676129760000.0,0.41542396410768906,-0.029751696,1077.7084122816752,1078.8717641739984,-138.2,1.0764,414.6,1.073394037886341,long_nclose,445.029168107677,0.4129402378566216,8.0
1676130840000.0,59994,1676130840000.0,0.3114176749750839,-0.022303008,1077.9975269486501,1079.056781165998,-103.6,1.0764,311.0,1.073394037886341,long_nclose,333.825545782652,0.30967190316991666,18.0
1676151900000.0,60345,1676151900000.0,0.2335632562313129,-0.016727256,1078.2143629488814,1078.7756739099982,-77.7,1.0764,233.3,1.073394037886341,long_nclose,250.42282903888335,0.2322569960522368,351.0
1676152020000.0,60347,1676152020000.0,0.17524759122632616,-0.012550824,1078.3770597161076,1078.990603085998,-58.3,1.0764,175.0,1.073394037886341,long_nclose,187.84395663010966,0.17419135073177583,2.0
1676153100000.0,60365,1676153100000.0,0.13136054436690314,-0.009407736000000002,1078.4990125244747,1078.959345349998,-43.7,1.0764,131.3,1.073394037886341,long_nclose,140.93663717447657,0.1306785036776084,18.0
1676154780000.0,60393,1676154780000.0,0.41104054436690146,-0.009463672000000001,1078.9005893968415,1079.733311677998,-43.7,1.0828,87.6,1.073394037886341,long_nclose,94.02931771884346,0.08715290235536016,28.0
1676154960000.0,60396,1676154960000.0,0.2746540937188449,-0.0063235520000000005,1079.1689199385605,1079.7532681259981,-29.2,1.0828,58.4,1.073394037886341,long_nclose,62.686211812562306,0.058087488116439795,3.0
1676156640000.0,60424,1676156640000.0,0.182475665004986,-0.004201264,1079.3471943395657,1079.7257268619985,-19.4,1.0828,39.0,1.073394037886341,long_nclose,41.8623674775673,0.03878489488563703,28.0
1676160000000.0,60480,1676160000000.0,0.02915783250249337,-0.002088216,1079.3742639560683,1079.5121486459984,-9.7,1.0764,29.3,1.073394037886341,long_nclose,31.45044531006979,0.02913766462691004,56.0
1676160600000.0,60490,1676160600000.0,0.02194352342971151,-0.001571544,1079.394635935498,1079.4629671019984,-7.3,1.0764,22.0,1.073394037886341,long_nclose,23.6146688334995,0.02187769704176171,10.0
1676161800000.0,60510,1676161800000.0,0.01653279162512511,-0.0011840400000000001,1079.4099846871231,1079.4628830619986,-5.5,1.0764,16.5,1.073394037886341,long_nclose,17.711001625124624,0.016408039462649883,20.0
1676174400000.0,60720,1676174400000.0,0.0,-0.007287336000000001,1079.4026973511232,1079.2707957259986,34.2,1.0654,50.7,1.0680016099630103,long_ientry_partial,54.147681625124626,0.05016448611626057,210.0
1676195460000.0,61071,1676195460000.0,0.0377797144660696,-0.0026989199999999996,1079.4377781455892,1079.5596368059985,-12.6,1.071,38.1,1.0680016099630103,long_nclose,40.6908613395907,0.0376963472683856,351.0
1676196600000.0,61090,1676196600000.0,0.028484705351401685,-0.0020349,1079.4642279509408,1079.5671419059986,-9.5,1.071,28.6,1.0680016099630103,long_nclose,30.544846044942098,0.02829630223404707,19.0
1676197560000.0,61106,1676197560000.0,0.02128856926262652,-0.0015208199999999998,1079.4839957002034,1079.5570610859986,-7.1,1.071,21.5,1.0680016099630103,long_nclose,22.962034614204722,0.021271306203396262,16.0
1676198520000.0,61122,1676198520000.0,0.06601856926262632,-0.001529766,1079.5484845034662,1079.6881413199987,-7.1,1.0773,14.4,1.0680016099630103,long_nclose,15.37922318346735,0.014245977280530349,16.0
1676198820000.0,61127,1676198820000.0,0.04463227217755019,-0.001034208,1079.5920825676437,1079.6947871119987,-4.8,1.0773,9.6,1.0680016099630103,long_nclose,10.252815455644898,0.009496934648927912,5.0
1676199000000.0,61130,1676199000000.0,0.029754848118366796,-0.000689472,1079.621147943762,1079.6838576399987,-3.2,1.0773,6.4,1.0680016099630103,long_nclose,6.835210303763266,0.006331119316050407,3.0
1676200800000.0,61160,1676200800000.0,0.01952661907767821,-0.000452466,1079.6402220968396,1079.6819251739987,-2.1,1.0773,4.3,1.0680016099630103,long_nclose,4.5924069228409445,0.004253645639398032,30.0
1676201460000.0,61171,1676201460000.0,0.013017746051785472,-0.000301644,1079.6529381988912,1079.6810635299985,-1.4,1.0773,2.9,1.0680016099630103,long_nclose,3.0972046688927297,0.002868703968943555,11.0
1676205780000.0,61243,1676205780000.0,0.008368551033290662,-0.000193914,1079.6611128359245,1079.6793096159986,-0.9,1.0773,2.0,1.0680016099630103,long_nclose,2.1360032199260206,0.0019784015507564433,72.0
1676205900000.0,61245,1676205900000.0,0.005579034022193774,-0.000129276,1079.6665625939468,1079.6818203399985,-0.6,1.0773,1.4,1.0680016099630103,long_nclose,1.4952022539482144,0.0013848740951613104,2.0
1676208420000.0,61287,1676208420000.0,0.0,-0.010505184000000002,1079.6560574099467,1079.7870551559986,49.2,1.0676,50.6,1.067611111738107,long_ientry_partial,54.02112225394822,0.050035492213643305,42.0
1676208600000.0,61290,1676208600000.0,0.03765999209985078,-0.002697912,1079.6910194900465,1079.8311972439985,-12.6,1.0706,38.0,1.067611111738107,long_nclose,40.56922224604807,0.03757484457470943,3.0
1676208900000.0,61295,1676208900000.0,0.0,-0.002690352,1079.6883291380466,1079.6929668919986,12.6,1.0676,50.6,1.0676083447835587,long_ientry_partial,54.02098224604807,0.05003386698564662,5.0
1676210160000.0,61316,1676210160000.0,0.03769485572716027,-0.002697912,1079.7233260817736,1079.8484089799983,-12.6,1.0706,38.0,1.0676083447835587,long_nclose,40.569117101775234,0.03757362291041465,21.0
1676212140000.0,61349,1676212140000.0,0.11707485572715992,-0.002713788,1079.8376871495009,1080.0965551919985,-12.6,1.0769,25.4,1.0676083447835587,long_nclose,27.11725195750239,0.025112340752882125,33.0
1676212800000.0,61360,1676212800000.0,0.19928402124880354,-0.002751582,1080.0342195887497,1080.2220736099985,-12.7,1.0833,12.7,1.0676083447835587,long_nclose,13.558625978751195,0.012553885546250547,11.0
1676214420000.0,61387,1676214420000.0,0.03902495190905331,-0.0009045960000000001,1080.0723399446588,1080.1521690139984,-4.2,1.0769,8.5,1.0676083447835587,long_nclose,9.074670930660249,0.008401910311975234,27.0
1676214840000.0,61394,1676214840000.0,0.026016634606035538,-0.0006030639999999999,1080.097753515265,1080.1763659499986,-2.8,1.0769,5.7,1.0676083447835587,long_nclose,6.085367565266285,0.005634089641850441,7.0
1676214900000.0,61395,1676214900000.0,0.043936634606035425,-0.000606648,1080.141083501871,1080.1903593019986,-2.8,1.0833,2.9,1.0676083447835587,long_nclose,3.09606419987232,0.0028663516712416183,1.0
1676215020000.0,61397,1676215020000.0,0.06377580012767947,-0.0006319679999999999,1080.2042273339985,1080.2042273339985,-2.9,1.0896,0.0,1.0676083447835587,long_nclose,0.0,0.0,2.0
1676237880000.0,61778,1676237880000.0,0.0,-0.010809576,1080.1934177579985,1080.4038377579984,50.1,1.0788,50.1,1.0788,long_ientry_normal,54.04788,0.05003537247262567,381.0
1676238300000.0,61785,1676238300000.0,0.03750000000000142,-0.0027045000000000003,1080.2282132579985,1080.3485332579985,-12.5,1.0818,37.6,1.0788,long_nclose,40.56288,0.037550287524578924,7.0
1676238600000.0,61790,1676238600000.0,0.0,-0.002697,1080.2255162579986,1080.3207062579986,12.5,1.0788,50.1,1.0788,long_ientry_partial,54.04788,0.0500338856901167,5.0
1676251980000.0,62013,1676251980000.0,0.0,-0.014839504000000003,1080.2106767539985,1078.5175667539986,71.2,1.0421,121.3,1.0572580379225063,long_rentry,128.24540000000002,0.11872258139992996,223.0
1676262060000.0,62181,1676262060000.0,0.08914145094806074,-0.006424812,1080.2933933929467,1080.7431119419987,-30.3,1.0602,91.0,1.0572580379225063,long_nclose,96.21048145094807,0.08905958514545169,168.0
1676262900000.0,62195,1676262900000.0,0.06678253915910821,-0.0048133080000000005,1080.3553626241057,1080.5836186339986,-22.7,1.0602,68.3,1.0572580379225063,long_nclose,72.21072399010717,0.06683978854394029,14.0
1676263320000.0,62202,1676263320000.0,0.050013355317393815,-0.0036046800000000007,1080.401771299423,1080.6193839539985,-17.0,1.0602,51.3,1.0572580379225063,long_nclose,54.23733734542457,0.05020108147378556,7.0
1676264160000.0,62216,1676264160000.0,0.03765711459192005,-0.0027141120000000003,1080.436714302015,1080.5538298419985,-12.8,1.0602,38.5,1.0572580379225063,long_nclose,40.70443446001649,0.03767405709302689,14.0
1676264220000.0,62217,1676264220000.0,0.0,-0.0026295440000000006,1080.434084758015,1080.5206602979983,12.4,1.0603,50.9,1.0579991053048428,long_ientry_partial,53.85215446001649,0.04984307253882848,1.0
1676264880000.0,62228,1676264880000.0,0.036841362628496396,-0.002694686,1080.4682314346435,1080.6248856119985,-12.7,1.0609,38.2,1.0579991053048428,long_nclose,40.41556582264499,0.037405603095781254,11.0
1676266320000.0,62252,1676266320000.0,0.0,-0.0026951939999999997,1080.4655362406436,1080.5280004179986,12.7,1.0611,50.9,1.0587728059458743,long_ientry_partial,53.891535822645004,0.04987807016052955,24.0
1676266920000.0,62262,1676266920000.0,0.03717536448739742,-0.002696718,1080.500014887131,1080.6920536999987,-12.7,1.0617,38.2,1.0587728059458743,long_nclose,40.4451211871324,0.03743185620534887,10.0
1676267460000.0,62271,1676267460000.0,0.0,-0.0026951939999999997,1080.4973196931312,1080.5811285059988,12.7,1.0611,50.9,1.0593534614367859,long_ientry_partial,53.9210911871324,0.04990395645076321,9.0
1676268840000.0,62294,1676268840000.0,0.03742103975281958,-0.002698242,1080.5320424908841,1080.7210002639988,-12.7,1.0623,38.2,1.0593534614367859,long_nclose,40.467302226885224,0.03745127459024578,23.0
1676271240000.0,62334,1676271240000.0,0.0,-0.002695956,1080.529346534884,1080.5871643079988,12.7,1.0614,50.9,1.0598640909014778,long_ientry_partial,53.94708222688522,0.04992653128754572,40.0
1676272680000.0,62358,1676272680000.0,0.037286045551231294,-0.002699512,1080.5639330684353,1080.679904795999,-12.7,1.0628,38.2,1.0598640909014778,long_nclose,40.486808272436456,0.03746822102183963,24.0
1676272980000.0,62363,1676272980000.0,0.11729604555123094,-0.0027155139999999996,1080.6785135999864,1080.9293292819987,-12.7,1.0691,25.5,1.0598640909014778,long_nclose,27.026534317987686,0.025008856915232025,5.0
1676273280000.0,62368,1676273280000.0,0.07850522733743803,-0.0018174699999999998,1080.7552013573238,1080.8935118119987,-8.5,1.0691,17.0,1.0598640909014778,long_nclose,18.017689545325123,0.016671388231762983,5.0
1676273340000.0,62369,1676273340000.0,0.05172109095172388,-0.0011973919999999998,1080.8057250562756,1080.9144344199988,-5.6,1.0691,11.4,1.0598640909014778,long_nclose,12.082450636276848,0.011179114207271372,1.0
1676273580000.0,62373,1676273580000.0,0.03509645457438406,-0.000812516,1080.84000899485,1080.9200819039988,-3.8,1.0691,7.6,1.0598640909014778,long_nclose,8.054967090851232,0.007452506405959305,4.0
1676274060000.0,62381,1676274060000.0,0.023089772746305304,-0.00053455,1080.8625642175962,1080.9035473539986,-2.5,1.0691,5.1,1.0598640909014778,long_nclose,5.405306863597536,0.005000919675213541,8.0
1676275380000.0,62403,1676275380000.0,0.0,-0.009728836,1080.8528353815962,1080.8184285179987,45.8,1.0621,50.9,1.0618759698152758,long_ientry_partial,54.04948686359754,0.05000633304950836,22.0
1676279340000.0,62469,1676279340000.0,0.0,-0.014831622000000003,1080.8380037595962,1079.6619268959987,72.3,1.0257,123.2,1.0406460784382916,long_rentry,128.20759686359753,0.1186186981005841,66.0
1676306280000.0,62918,1676306280000.0,0.0,-0.0350945,1080.8029092595962,1076.6348923959986,175.0,1.0027,298.2,1.0183772530637074,long_rentry,303.68009686359756,0.2809763873337772,449.0
1676313120000.0,63032,1676313120000.0,0.21029464675380594,-0.015215880000000003,1080.99798802635,1081.5846965159985,-74.5,1.0212,223.7,1.0183772530637074,long_nclose,227.81099151035133,0.21074136495506438,114.0
1676313180000.0,63033,1676313180000.0,0.15779155373876178,-0.011417016000000002,1081.1443625640886,1081.7354794999985,-55.9,1.0212,167.8,1.0183772530637074,long_nclose,170.88370306409013,0.15805817334034372,1.0
1676314020000.0,63047,1676314020000.0,0.49878155373876143,-0.011485214,1081.6316589038274,1082.7084442859987,-55.9,1.0273,111.9,1.0183772530637074,long_nclose,113.95641461782887,0.10535602733126105,14.0
1676314320000.0,63052,1676314320000.0,0.8341815537387617,-0.011552294000000001,1082.4542881635662,1083.1331619919986,-55.9,1.0333,56.0,1.0183772530637074,long_nclose,57.02912617156761,0.05268502032387914,5.0
1676316000000.0,63080,1676316000000.0,0.4178369142161955,-0.00578648,1082.8663385977823,1083.3121755119985,-28.0,1.0333,28.0,1.0183772530637074,long_nclose,28.514563085783806,0.026332486355340665,28.0
1676318160000.0,63116,1676318160000.0,0.20891845710809775,-0.00289324,1083.0723638148902,1083.2728822719982,-14.0,1.0333,14.0,1.0183772530637074,long_nclose,14.257281542891903,0.013163738656089132,36.0
1676318280000.0,63118,1676318280000.0,0.10445922855404888,-0.00144662,1083.1753764234443,1083.2784356519983,-7.0,1.0333,7.0,1.0183772530637074,long_nclose,7.128640771445951,0.006581243376288829,2.0
1676318340000.0,63119,1676318340000.0,0.05222961427702444,-0.00072331,1083.2268827277212,1083.2812123419983,-3.5,1.0333,3.5,1.0183772530637074,long_nclose,3.5643203857229757,0.0032904652225279932,1.0
1676318820000.0,63127,1676318820000.0,0.025368669791697582,-0.00035132200000000005,1083.251900075513,1083.2793010199985,-1.7,1.0333,1.8,1.0183772530637074,long_nclose,1.8330790555146734,0.0016922001755887899,8.0
1676319120000.0,63132,1676319120000.0,0.013430472242663428,-0.00018599400000000004,1083.2651445537556,1083.2794750259982,-0.9,1.0333,0.9,1.0183772530637074,long_nclose,0.9165395277573367,0.0008460897430009155,5.0
1676319660000.0,63141,1676319660000.0,0.005969098774517079,-8.266400000000002e-05,1083.2710309885301,1083.2785423619982,-0.4,1.0333,0.5,1.0183772530637074,long_nclose,0.5091886265318537,0.00047004730299784515,9.0
1676320140000.0,63149,1676320140000.0,0.0029845493872585394,-4.133200000000001e-05,1083.2739742059175,1083.2786010299983,-0.2,1.0333,0.3,1.0183772530637074,long_nclose,0.3055131759191122,0.0002820276155374871,8.0
1676321280000.0,63168,1676321280000.0,0.0014922746936292697,-2.0666000000000005e-05,1083.2754458146112,1083.2785703639984,-0.1,1.0333,0.2,1.0183772530637074,long_nclose,0.2036754506127415,0.00018801815493895904,19.0
1676321700000.0,63175,1676321700000.0,0.0014922746936292697,-2.0666000000000005e-05,1083.276917423305,1083.2784996979985,-0.1,1.0333,0.1,1.0183772530637074,long_nclose,0.10183772530637075,9.400894976014364e-05,7.0
1676322360000.0,63186,1676322360000.0,0.0014922746936292697,-2.0666000000000005e-05,1083.2783890319986,1083.2783890319986,-0.1,1.0333,0.0,1.0183772530637074,long_nclose,0.0,0.0,11.0
1676326440000.0,63254,1676326440000.0,0.0,-0.010827742000000003,1083.2675612899986,1083.2939112899987,52.7,1.0273,52.7,1.0273,long_ientry_normal,54.13871000000001,0.04997722809638041,68.0
1676327700000.0,63275,1676327700000.0,0.036679999999998866,-0.0026988620000000002,1083.3015424279986,1083.4876624279987,-13.1,1.0301,39.6,1.0273,long_nclose,40.68108000000001,0.03755286815970159,21.0
1676329980000.0,63313,1676329980000.0,0.11879999999999863,-0.002735832,1083.4176065959984,1083.6472865959984,-13.2,1.0363,26.4,1.0273,long_nclose,27.120720000000002,0.025032563468495667,38.0
1676330100000.0,63315,1676330100000.0,0.0791999999999991,-0.0018238880000000003,1083.4949827079984,1083.6551427079983,-8.8,1.0363,17.6,1.0273,long_nclose,18.080480000000005,0.016687183871226738,2.0
1676330640000.0,63324,1676330640000.0,0.13287999999999905,-0.0018346240000000002,1083.6260280839983,1083.7624280839984,-8.8,1.0424,8.8,1.0273,long_nclose,9.040240000000002,0.008342582925942085,9.0
1676330760000.0,63326,1676330760000.0,0.06643999999999953,-0.0009173120000000001,1083.6915507719984,1083.7615107719985,-4.4,1.0424,4.4,1.0273,long_nclose,4.520120000000001,0.004171039256308648,2.0
1676333340000.0,63369,1676333340000.0,0.033219999999999764,-0.00045865600000000005,1083.7243121159984,1083.7588521159985,-2.2,1.0424,2.2,1.0273,long_nclose,2.2600600000000006,0.002085456582206943,43.0
1676333640000.0,63374,1676333640000.0,0.016609999999999882,-0.00022932800000000002,1083.7406927879983,1083.7575227879984,-1.1,1.0424,1.1,1.0273,long_nclose,1.1300300000000003,0.0010427125303313282,5.0
1676334120000.0,63382,1676334120000.0,0.007549999999999946,-0.00010424,1083.7481385479985,1083.7573785479985,-0.5,1.0424,0.6,1.0273,long_nclose,0.61638,0.0005687483817280863,8.0
1676337660000.0,63441,1676337660000.0,0.0017999999999999796,-4.1452e-05,1083.7498970959984,1083.7535770959985,-0.2,1.0363,0.4,1.0273,long_nclose,0.41092000000000006,0.000379164972565253,59.0
1676338680000.0,63458,1676338680000.0,0.0008999999999999898,-2.0726e-05,1083.7507763699984,1083.7535063699984,-0.1,1.0363,0.3,1.0273,long_nclose,0.30819,0.0002843734987044496,17.0
1676339220000.0,63467,1676339220000.0,0.0008999999999999898,-2.0726e-05,1083.7516556439984,1083.7535356439985,-0.1,1.0363,0.2,1.0273,long_nclose,0.20546000000000003,0.00018958217865688924,9.0
1676340540000.0,63489,1676340540000.0,0.0008999999999999898,-2.0726e-05,1083.7525349179984,1083.7536149179984,-0.1,1.0363,0.1,1.0273,long_nclose,0.10273000000000002,9.47910124221975e-05,22.0
1676341740000.0,63509,1676341740000.0,0.0008999999999999898,-2.0726e-05,1083.7534141919984,1083.7534141919984,-0.1,1.0363,0.0,1.0273,long_nclose,0.0,0.0,20.0
1676343240000.0,63534,1676343240000.0,0.0,-0.010832128,1083.7425820639985,1083.7268620639984,52.4,1.0336,52.4,1.0336,long_ientry_normal,54.16064,0.04997555775362312,25.0
1676368320000.0,63952,1676368320000.0,0.037989999999998726,-0.00271563,1083.7778564339985,1083.8878964339985,-13.1,1.0365,39.3,1.0336,long_nclose,40.62048,0.03748044837680605,418.0
1676368380000.0,63953,1676368380000.0,0.028419999999999047,-0.00203154,1083.8042448939987,1083.8927448939987,-9.8,1.0365,29.5,1.0336,long_nclose,30.491200000000003,0.028133493796181054,1.0
1676368800000.0,63960,1676368800000.0,0.02116999999999929,-0.00151329,1083.8239016039986,1083.8927216039986,-7.3,1.0365,22.2,1.0336,long_nclose,22.94592,0.021171262200474935,7.0
1676369280000.0,63968,1676369280000.0,0.015949999999999465,-0.0011401500000000001,1083.8387114539985,1083.9121914539985,-5.5,1.0365,16.7,1.0336,long_nclose,17.261120000000002,0.01592591205461166,8.0
1676370060000.0,63981,1676370060000.0,0.0118899999999996,-0.00084993,1083.8497515239985,1083.8988915239986,-4.1,1.0365,12.6,1.0336,long_nclose,13.02336,0.012015835203807433,13.0
1676370240000.0,63984,1676370240000.0,0.008989999999999698,-0.00064263,1083.8580988939987,1083.8941988939987,-3.1,1.0365,9.5,1.0336,long_nclose,9.8192,0.009059488516088782,3.0
1676370720000.0,63992,1676370720000.0,0.006669999999999776,-0.00047678999999999994,1083.8642921039987,1083.8858921039987,-2.3,1.0365,7.2,1.0336,long_nclose,7.4419200000000005,0.0068660994316490824,8.0
1676371620000.0,64007,1676371620000.0,0.005219999999999825,-0.00037314,1083.8691389639987,1083.8788589639987,-1.8,1.0365,5.4,1.0336,long_nclose,5.581440000000001,0.005149551545802792,15.0
1676374980000.0,64063,1676374980000.0,0.0,-0.009727920000000001,1083.8594110439988,1083.8268910439988,47.2,1.0305,52.6,1.0308182509505703,long_ientry_partial,54.22104,0.05002589768332871,56.0
1676376540000.0,64089,1676376540000.0,0.03775091254752942,-0.0027082940000000004,1083.8944536625463,1084.035932749999,-13.1,1.0337,39.5,1.0308182509505703,long_nclose,40.71732091254753,0.03756576184605538,26.0
1676376960000.0,64096,1676376960000.0,0.028241140684411328,-0.0020260520000000004,1083.9206687512308,1084.030016697999,-9.8,1.0337,29.7,1.0308182509505703,long_nclose,30.61530205323194,0.02824496564725847,7.0
1676377620000.0,64107,1676377620000.0,0.02132494296577998,-0.0015298760000000003,1083.9404638181966,1084.0114168219989,-7.4,1.0337,22.3,1.0308182509505703,long_nclose,22.98724699619772,0.0212071121648368,11.0
1676378700000.0,64125,1676378700000.0,0.0158496197718635,-0.0011370700000000002,1083.9551763679685,1084.0052697519989,-5.5,1.0337,16.8,1.0308182509505703,long_nclose,17.317746615969583,0.015976441640323653,18.0
1676380680000.0,64158,1676380680000.0,0.012103346007604853,-0.000868308,1083.966411405976,1084.0027214439988,-4.2,1.0337,12.6,1.0308182509505703,long_nclose,12.988309961977185,0.011982207036406681,33.0
1676380740000.0,64159,1676380740000.0,0.008933422053232155,-0.000640894,1083.974703934029,1084.0077805499986,-3.1,1.0337,9.5,1.0308182509505703,long_nclose,9.792773384030419,0.009034134605254044,1.0
1676381280000.0,64168,1676381280000.0,0.027843422053232137,-0.0006446760000000001,1084.0019026800821,1084.0625858739984,-3.1,1.0398,6.4,1.0308182509505703,long_nclose,6.59723680608365,0.006086001131338116,9.0
1676381400000.0,64170,1676381400000.0,0.0,-0.009529212000000002,1083.9923734680822,1083.4010766619986,46.2,1.0313,52.6,1.0312413841460772,long_ientry_partial,54.24329680608366,0.050040293763820326,2.0
1676381520000.0,64172,1676381520000.0,0.037447867686388345,-0.002709342,1084.0271119937686,1084.3098773199986,-13.1,1.0341,39.5,1.0312413841460772,long_nclose,40.734034673770054,0.037576582931446285,2.0
1676381520000.0,64172,1676381520000.0,0.11735786768638827,-0.002725324,1084.141744537455,1084.3307319959986,-13.1,1.0402,26.4,1.0312413841460772,long_nclose,27.22477254145644,0.02511182018276751,0.0
1676381580000.0,64173,1676381580000.0,0.07883581951452037,-0.0018307520000000002,1084.2187496049696,1084.2655412439988,-8.8,1.0402,17.6,1.0312413841460772,long_nclose,18.14984836097096,0.016740024434722032,1.0
1676381640000.0,64174,1676381640000.0,0.01257790975726021,-0.000910008,1084.230417506727,1084.3103912359988,-4.4,1.0341,13.2,1.0312413841460772,long_nclose,13.61238627072822,0.01255488321571993,1.0
1676381700000.0,64175,1676381700000.0,0.039417909757260186,-0.0009153760000000001,1084.2689200404843,1084.3591958599989,-4.4,1.0402,8.8,1.0312413841460772,long_nclose,9.07492418048548,0.008369624926763226,1.0
1676381880000.0,64178,1676381880000.0,0.0,-0.009035064,1084.2598849764843,1084.1876407959987,43.8,1.0314,52.6,1.0313734635073286,long_ientry_partial,54.25024418048549,0.05003435516906732,3.0
1676382360000.0,64186,1676382360000.0,0.037027628053995267,-0.002709604,1084.2942030005381,1084.4098011919987,-13.1,1.0342,39.5,1.0313734635073286,long_nclose,40.73925180853948,0.03757213835119919,8.0
1676382600000.0,64190,1676382600000.0,0.11824762805399504,-0.002725848,1084.4097247805921,1084.6612253439987,-13.1,1.0404,26.4,1.0313734635073286,long_nclose,27.228259436593476,0.02510883000620688,4.0
1676382960000.0,64196,1676382960000.0,0.07943352113550813,-0.0018311040000000003,1084.4873271977276,1084.6725942399987,-8.8,1.0404,17.6,1.0313734635073286,long_nclose,18.152172957728986,0.016738022199515677,6.0
1676383500000.0,64205,1676383500000.0,0.012436760567754135,-0.0009100960000000001,1084.4988538622952,1084.5124041439985,-4.4,1.0342,13.2,1.0313734635073286,long_nclose,13.614129718296738,0.012553383223792139,9.0
1676383560000.0,64206,1676383560000.0,0.0,-0.008129796,1084.4907240662951,1084.4950343479984,39.4,1.0317,52.6,1.0316180554809264,long_ientry_partial,54.26310971829673,0.05003556832172556,1.0
1676385660000.0,64241,1676385660000.0,0.03775347319986326,-0.00271039,1084.525767149495,1084.6356539579986,-13.1,1.0345,39.5,1.0316180554809264,long_nclose,40.7489131914966,0.037573024473727984,35.0
1676385720000.0,64242,1676385720000.0,0.02824305628692061,-0.00202762,1084.551982585782,1084.6405463379986,-9.8,1.0345,29.7,1.0316180554809264,long_nclose,30.639056247783515,0.02825042666441314,1.0
1676385840000.0,64244,1676385840000.0,0.021326389441144133,-0.00153106,1084.5717779152233,1084.6293552779987,-7.4,1.0345,22.3,1.0316180554809264,long_nclose,23.00508263722466,0.021211212669986032,2.0
1676385900000.0,64245,1676385900000.0,0.015850694854904424,-0.00113795,1084.5864906600782,1084.6651473279987,-5.5,1.0345,16.8,1.0316180554809264,long_nclose,17.331183332079565,0.015979530891567555,1.0
1676386080000.0,64248,1676386080000.0,0.05029888930681174,-0.001165472,1084.635624077385,1084.7384618559986,-5.6,1.0406,11.2,1.0316180554809264,long_nclose,11.554122221386375,0.010652538018207328,3.0
1676386200000.0,64250,1676386200000.0,0.08501888930681165,-0.001172416,1084.719470550692,1084.8324894399989,-5.6,1.0468,5.6,1.0316180554809264,long_nclose,5.777061110693188,0.005325857300007974,2.0
1676386500000.0,64255,1676386500000.0,0.11917888930681161,-0.001179248,1084.8374701919988,1084.8374701919988,-5.6,1.0529,0.0,1.0316180554809264,long_nclose,0.0,0.0,5.0
1676451540000.0,65339,1676451540000.0,0.0,-0.010855424,1084.8266147679988,1084.8061347679989,51.2,1.0601,51.2,1.0601,long_ientry_normal,54.277120000000004,0.05003299076655463,1084.0
1676453340000.0,65369,1676453340000.0,0.03711999999999876,-0.0027212800000000004,1084.8610134879987,1084.9762134879986,-12.8,1.063,38.4,1.0601,long_nclose,40.70784,0.03752355324219634,30.0
1676453460000.0,65371,1676453460000.0,0.027839999999999063,-0.0020409599999999996,1084.8868125279987,1084.9703325279986,-9.6,1.063,28.8,1.0601,long_nclose,30.530880000000003,0.02814199568787925,2.0
1676453700000.0,65375,1676453700000.0,0.0208799999999993,-0.0015307200000000002,1084.9061618079988,1084.970961807999,-7.2,1.063,21.6,1.0601,long_nclose,22.89816,0.02110612033195586,4.0
1676453940000.0,65379,1676453940000.0,0.015659999999999476,-0.00114804,1084.9206737679988,1084.988713767999,-5.4,1.063,16.2,1.0601,long_nclose,17.17362,0.015829378511476717,4.0
1676454060000.0,65381,1676454060000.0,0.01159999999999961,-0.0008504,1084.9314233679988,1084.9765633679988,-4.0,1.063,12.2,1.0601,long_nclose,12.93322,0.011920771876853612,2.0
1676456700000.0,65425,1676456700000.0,0.0367999999999995,-0.00085544,1084.967367927999,1085.043627927999,-4.0,1.0693,8.2,1.0601,long_nclose,8.69282,0.008012056635953014,44.0
1676457300000.0,65435,1676457300000.0,0.024839999999999664,-0.000577422,1084.991630505999,1085.044430505999,-2.7,1.0693,5.5,1.0601,long_nclose,5.830550000000001,0.0053738202545220125,10.0
1676457780000.0,65443,1676457780000.0,0.016559999999999776,-0.000384948,1085.007805557999,1085.042955557999,-1.8,1.0693,3.7,1.0601,long_nclose,3.9223700000000004,0.003615061550624329,8.0
1676459700000.0,65475,1676459700000.0,0.01103999999999985,-0.00025663199999999996,1085.0185889259992,1085.0423389259993,-1.2,1.0693,2.5,1.0601,long_nclose,2.65025,0.0024425848801570655,32.0
1676460660000.0,65491,1676460660000.0,0.01872000000000007,-0.000258168,1085.0370507579992,1085.0542107579993,-1.2,1.0757,1.3,1.0601,long_nclose,1.37813,0.0012701225262651153,16.0
1676461080000.0,65498,1676461080000.0,0.009360000000000035,-0.000129084,1085.0462816739991,1085.057201673999,-0.6,1.0757,0.7,1.0601,long_nclose,0.74207,0.0006839063112175652,7.0
1676461140000.0,65499,1676461140000.0,0.0046800000000000175,-6.4542e-05,1085.0508971319991,1085.058137131999,-0.3,1.0757,0.4,1.0601,long_nclose,0.42404000000000003,0.00039080194405702106,1.0
1676462100000.0,65515,1676462100000.0,0.008760000000000013,-8.656000000000003e-05,1085.059570571999,1085.059570571999,-0.4,1.082,0.0,1.0601,long_nclose,0.0,0.0,16.0
1676554320000.0,67052,1676554320000.0,0.0,-0.010860720000000003,1085.048709851999,1085.4027098519991,47.2,1.1505,47.2,1.1505,long_ientry_normal,54.30360000000001,0.050047154111087816,1537.0
1676554440000.0,67054,1676554440000.0,0.15700000000000014,-0.0036439700000000003,1085.202065881999,1085.608415881999,-15.7,1.1605,31.5,1.1505,long_nclose,36.240750000000006,0.03339539348420361,2.0
1676554740000.0,67059,1676554740000.0,0.1050000000000001,-0.0024370500000000005,1085.304628831999,1085.533528831999,-10.5,1.1605,21.0,1.1505,long_nclose,24.160500000000003,0.022261491712240688,5.0
1676555160000.0,67066,1676555160000.0,0.016639999999999322,-0.001199848,1085.3200689839991,1085.3769489839992,-5.2,1.1537,15.8,1.1505,long_nclose,18.1779,0.016748884056863412,7.0
1676555280000.0,67068,1676555280000.0,0.0,-0.007226396,1085.312842587999,1085.146082587999,31.4,1.1507,47.2,1.1506330508474576,long_ientry_partial,54.30988,0.05004076047832859,2.0
1676556600000.0,67090,1676556600000.0,0.03736999999999964,-0.0027229680000000005,1085.3474896199991,1085.487919619999,-11.8,1.1538,35.4,1.1506330508474576,long_nclose,40.732409999999994,0.03752937228818872,22.0
1676557020000.0,67097,1676557020000.0,0.0,-0.0027151800000000006,1085.3447744399991,1085.3400644399992,11.8,1.1505,47.2,1.150599788135593,long_ientry_partial,54.30830999999999,0.05003784168769894,7.0
1676560080000.0,67148,1676560080000.0,0.037762500000002586,-0.0027229680000000005,1085.3798139719993,1085.5001814719992,-11.8,1.1538,35.4,1.150599788135593,long_nclose,40.73123249999999,0.0375271697295918,51.0
1676560980000.0,67163,1676560980000.0,0.11800250000000424,-0.002739016000000001,1085.4950774559993,1085.7216424559992,-11.8,1.1606,23.6,1.150599788135593,long_nclose,27.154154999999996,0.02501545660035542,15.0
1676561460000.0,67171,1676561460000.0,0.07800165254237568,-0.0018105360000000002,1085.5712685725416,1085.7324319199993,-7.8,1.1606,15.8,1.150599788135593,long_nclose,18.17947665254237,0.01674646076111359,8.0
1676562000000.0,67180,1676562000000.0,0.05200110169491712,-0.0012070240000000003,1085.6220626502366,1085.7291248959993,-5.2,1.1606,10.6,1.150599788135593,long_nclose,12.196357754237285,0.011234441684487654,9.0
1676562300000.0,67185,1676562300000.0,0.08957112288135734,-0.00123755,1085.7103962231179,1085.8047373459992,-5.3,1.1675,5.3,1.150599788135593,long_nclose,6.0981788771186425,0.005616763824250461,5.0
1676562420000.0,67187,1676562420000.0,0.043940550847458314,-0.0006071,1085.7537296739654,1085.7993602459992,-2.6,1.1675,2.7,1.150599788135593,long_nclose,3.106619427966101,0.0028612560501164197,2.0
1676562780000.0,67193,1676562780000.0,0.021970275423729157,-0.00030355,1085.7753963993891,1085.7989166959992,-1.3,1.1675,1.4,1.150599788135593,long_nclose,1.61083970338983,0.0014835846425804461,6.0
1676562840000.0,67194,1676562840000.0,0.01183014830508493,-0.00016345,1085.7870630976943,1085.7993132459994,-0.7,1.1675,0.7,1.150599788135593,long_nclose,0.805419851694915,0.0007417843507889051,1.0
1676563020000.0,67197,1676563020000.0,0.0050700635593221135,-7.005000000000001e-05,1085.7920631112536,1085.7991031959994,-0.3,1.1675,0.4,1.150599788135593,long_nclose,0.4602399152542372,0.0004238748199498301,3.0
1676563620000.0,67207,1676563620000.0,0.0,-0.010775232000000001,1085.7812878792536,1085.7862479639994,46.8,1.1512,47.2,1.151194913458776,long_ientry_partial,54.33639991525423,0.05004359581604506,10.0
1676564220000.0,67217,1676564220000.0,0.03782002118644426,-0.0027243840000000003,1085.81638351644,1085.9086035799994,-11.8,1.1544,35.4,1.151194913458776,long_nclose,40.75229993644067,0.03753148373435245,10.0
1676564280000.0,67218,1676564280000.0,0.028204761562771987,-0.0020317440000000007,1085.8425565340028,1086.0209118359994,-8.8,1.1544,26.6,1.151194913458776,long_nclose,30.62178469800344,0.028200943602494116,1.0
1676564340000.0,67219,1676564340000.0,0.08804476156277126,-0.002043712,1085.9285575835656,1086.0995281239993,-8.8,1.1612,17.8,1.151194913458776,long_nclose,20.491269459566215,0.018869813595439353,1.0
1676564400000.0,67220,1676564400000.0,0.05903001059322164,-0.0013702160000000003,1085.986217378159,1086.0921879079995,-5.9,1.1612,11.9,1.151194913458776,long_nclose,13.699219470159434,0.012614542662643325,1.0
1676564460000.0,67221,1676564460000.0,0.039019837510773626,-0.000905736,1086.0243314796696,1086.0947721719995,-3.9,1.1612,8.0,1.151194913458776,long_nclose,9.209559307670208,0.008480067196213284,1.0
1676564520000.0,67222,1676564520000.0,0.02601322500718242,-0.000603824,1086.0497408806766,1086.1070083479992,-2.6,1.1612,5.4,1.151194913458776,long_nclose,6.2164525326773905,0.0057239114367234,1.0
1676564760000.0,67226,1676564760000.0,0.01800915577420321,-0.00041803200000000004,1086.067332004451,1086.1029903159993,-1.8,1.1612,3.6,1.151194913458776,long_nclose,4.144301688451594,0.0038158791506994797,4.0
1676564820000.0,67227,1676564820000.0,0.012006103849468807,-0.000278688,1086.0790594203004,1086.1049916279994,-1.2,1.1612,2.4,1.151194913458776,long_nclose,2.7628677923010625,0.00254389196471181,1.0
1676565120000.0,67232,1676565120000.0,0.020286103849468693,-0.00028034399999999997,1086.0990651801499,1086.1197112839993,-1.2,1.1681,1.2,1.151194913458776,long_nclose,1.3814338961505312,0.0012719225533274854,5.0
1676566440000.0,67254,1676566440000.0,0.010143051924734347,-0.00014017199999999999,1086.1090680600746,1086.1186111119994,-0.6,1.1681,0.6,1.151194913458776,long_nclose,0.6907169480752656,0.0006359554195684709,22.0
1676566500000.0,67255,1676566500000.0,0.005071525962367173,-7.008599999999999e-05,1086.114069500037,1086.1195610259992,-0.3,1.1681,0.3,1.151194913458776,long_nclose,0.3453584740376328,0.0003179762455306459,1.0
1676566800000.0,67260,1676566800000.0,0.0016905086541223913,-2.3362e-05,1086.115736646691,1086.1191376639993,-0.1,1.1681,0.2,1.151194913458776,long_nclose,0.23023898269175522,0.00021198383829940863,5.0
1676566860000.0,67261,1676566860000.0,0.004741017308244811,-4.699600000000001e-05,1086.1204306679992,1086.1204306679992,-0.2,1.1749,0.0,1.151194913458776,long_nclose,0.0,0.0,1.0
1676583060000.0,67531,1676583060000.0,0.0,-0.010864324000000002,1086.1095663439992,1086.0629663439993,46.6,1.1657,46.6,1.1657,long_ientry_normal,54.32162,0.050014861928575384,270.0
1676583180000.0,67533,1676583180000.0,0.03712000000000106,-0.002711848,1086.1439744959991,1086.367974495999,-11.6,1.1689,35.0,1.1657,long_nclose,40.7995,0.037563620438931314,2.0
1676583300000.0,67535,1676583300000.0,0.11831999999999984,-0.0027280879999999996,1086.2595664079993,1086.4818664079992,-11.6,1.1759,23.4,1.1657,long_nclose,27.277379999999997,0.025111290932239863,2.0
1676583360000.0,67536,1676583360000.0,0.0795599999999999,-0.001834404,1086.3372920039992,1086.5198120039993,-7.8,1.1759,15.6,1.1657,long_nclose,18.184919999999998,0.01673966284122837,1.0
1676583480000.0,67538,1676583480000.0,0.1333800000000009,-0.0018451680000000001,1086.4688268359992,1086.5795868359992,-7.8,1.1828,7.8,1.1657,long_nclose,9.092459999999999,0.008368818115544968,2.0
1676583900000.0,67545,1676583900000.0,0.026519999999999967,-0.000611468,1086.494735367999,1086.554535367999,-2.6,1.1759,5.2,1.1657,long_nclose,6.06164,0.005579079035248987,7.0
1676584080000.0,67548,1676584080000.0,0.0444600000000003,-0.0006150560000000001,1086.538580311999,1086.583560311999,-2.6,1.1828,2.6,1.1657,long_nclose,3.03082,0.002789426951714592,3.0
1676584440000.0,67554,1676584440000.0,0.02223000000000015,-0.00030752800000000005,1086.5605027839993,1086.5836427839993,-1.3,1.1828,1.3,1.1657,long_nclose,1.51541,0.0013946853360831699,6.0
1676584740000.0,67559,1676584740000.0,0.01026000000000007,-0.000141936,1086.5706208479992,1086.5828008479991,-0.6,1.1828,0.7,1.1657,long_nclose,0.8159899999999999,0.000750977418626662,5.0
1676585160000.0,67566,1676585160000.0,0.005130000000000035,-7.0968e-05,1086.5756798799991,1086.5828798799992,-0.3,1.1828,0.4,1.1657,long_nclose,0.46628000000000003,0.00042912795549730667,7.0
1676585340000.0,67569,1676585340000.0,0.0034200000000000233,-4.7312000000000004e-05,1086.579052567999,1086.582012567999,-0.2,1.1828,0.2,1.1657,long_nclose,0.23314000000000001,0.00021456331175260707,3.0
1676585700000.0,67575,1676585700000.0,0.0010199999999999988,-2.3518e-05,1086.580049049999,1086.581199049999,-0.1,1.1759,0.1,1.1657,long_nclose,0.11657000000000001,0.0001072815574903272,6.0
1676586300000.0,67585,1676586300000.0,0.0,-0.01084938,1086.5691996699989,1086.541329669999,46.5,1.1666,46.6,1.1665980686695279,long_ientry_partial,54.36347,0.05003222069658397,10.0
1676588700000.0,67625,1676588700000.0,0.0,-0.014920156,1086.5542795139988,1085.877469513999,66.2,1.1269,112.8,1.1433000886524822,long_rentry,128.96425,0.11869103314165214,40.0
1676589300000.0,67635,1676589300000.0,0.0902375000000033,-0.00646626,1086.6380507539989,1086.570363253999,-28.2,1.1465,84.6,1.1433000886524822,long_nclose,96.7231875,0.08901141224797483,10.0
1676589840000.0,67644,1676589840000.0,0.06751812943262658,-0.004838230000000001,1086.7007306534315,1086.8594750239988,-21.1,1.1465,63.5,1.1433000886524822,long_nclose,72.59955562943261,0.06680731279694513,9.0
1676590200000.0,67650,1676590200000.0,0.05055859929078199,-0.0036229400000000007,1086.7476663127222,1086.8859920839989,-15.8,1.1465,47.7,1.1433000886524822,long_nclose,54.535414228723404,0.05018222345372887,6.0
1676594700000.0,67725,1676594700000.0,0.038078945035462386,-0.0027286700000000003,1086.7830165877579,1086.926213413999,-11.9,1.1465,35.8,1.1433000886524822,long_nclose,40.93014317375886,0.037661743465839066,75.0
1676594760000.0,67726,1676594760000.0,0.0,-0.002661736,1086.780354851758,1086.842971677999,11.6,1.1473,47.4,1.1442789699105247,long_ientry_partial,54.23882317375887,0.04990780605447851,1.0
1676594880000.0,67728,1676594880000.0,0.036828155055808366,-0.002707864,1086.8144751428138,1086.932703813999,-11.8,1.1474,35.6,1.1442789699105247,long_nclose,40.73633132881468,0.03748232312001704,2.0
1676594940000.0,67729,1676594940000.0,0.0,-0.002708336,1086.8117668068137,1086.915775477999,11.8,1.1476,47.4,1.1451057242365965,long_ientry_partial,54.27801132881467,0.04994242148140347,1.0
1676595600000.0,67740,1676595600000.0,0.037692454008162325,-0.0027099880000000004,1086.8467492728219,1087.049465489999,-11.8,1.1483,35.6,1.1451057242365965,long_nclose,40.76576378282284,0.03750829066756472,11.0
1676595660000.0,67741,1676595660000.0,0.0,-0.002669856,1086.8440794168218,1086.985435633999,11.6,1.1508,47.2,1.1465051648903142,long_ientry_partial,54.11504378282283,0.04979099100568303,1.0
1676596140000.0,67749,1676596140000.0,0.03769905429429206,-0.002713292,1086.8790651791162,1087.0240223419992,-11.8,1.1497,35.4,1.1465051648903142,long_nclose,40.58628283711712,0.03734204120531897,8.0
1676596200000.0,67750,1676596200000.0,0.0,-0.0027154160000000004,1086.8763497631162,1087.016586925999,11.8,1.1506,47.2,1.1475288736677356,long_ientry_partial,54.16336283711712,0.049833969474928755,1.0
1676596260000.0,67751,1676596260000.0,0.03741929072072066,-0.0027156520000000007,1086.9110534018369,1087.090571273999,-11.8,1.1507,35.4,1.1475288736677356,long_nclose,40.62252212783784,0.03737428375642756,1.0
1676596320000.0,67752,1676596320000.0,0.0,-0.0027201360000000006,1086.9083332658367,1087.045371137999,11.8,1.1526,47.2,1.1487966552508015,long_ientry_partial,54.22320212783784,0.049887557642430816,1.0
1676596680000.0,67758,1676596680000.0,0.03779946804054073,-0.00271872,1086.9434140138771,1087.1063724179987,-11.8,1.152,35.4,1.1487966552508015,long_nclose,40.667401595878374,0.037414460653201184,6.0
1676596740000.0,67759,1676596740000.0,0.0,-0.0026989559999999998,1086.9407150578772,1087.113093461999,11.7,1.1534,47.1,1.149940161271303,long_ientry_partial,54.16218159587837,0.04982993170238761,1.0
1676596920000.0,67762,1676596920000.0,0.03697011312575575,-0.002698254,1086.974986917003,1087.136405207999,-11.7,1.1531,35.4,1.149940161271303,long_nclose,40.70788170900412,0.037450614962598404,3.0
1676596980000.0,67763,1676596980000.0,0.0,-0.00270153,1086.972285387003,1087.1242836779988,11.7,1.1545,47.1,1.1510728600637818,long_ientry_partial,54.215531709004125,0.04987756582009021,1.0
1676600580000.0,67823,1676600580000.0,0.03775753725375364,-0.002701062,1087.007341862257,1087.125122615999,-11.7,1.1543,35.4,1.1510728600637818,long_nclose,40.74797924625788,0.03748638824872019,60.0
1676600640000.0,67824,1676600640000.0,0.0,-0.002701296,1087.004640566257,1087.047061319999,11.7,1.1544,47.1,1.1518993470543073,long_ientry_partial,54.25445924625787,0.049911892940949096,1.0
1676603700000.0,67875,1676603700000.0,0.03744763946460478,-0.0027029339999999997,1087.0393852717216,1087.184548385999,-11.7,1.1551,35.4,1.1518993470543073,long_nclose,40.77723688572247,0.037512198213066214,51.0
1676604000000.0,67880,1676604000000.0,0.11800770475917309,-0.002742084,1087.1546508924807,1087.426066301999,-11.8,1.1619,23.6,1.1518993470543073,long_nclose,27.184824590481654,0.02500548065370897,5.0
1676604180000.0,67883,1676604180000.0,0.1994277047591746,-0.0027583680000000006,1087.35132022924,1087.556647933999,-11.8,1.1688,11.8,1.1518993470543073,long_nclose,13.592412295240827,0.01250047895502184,3.0
1676604300000.0,67885,1676604300000.0,0.0997138523795873,-0.0013791840000000003,1087.4496548976197,1087.5664787499993,-5.9,1.1688,5.9,1.1518993470543073,long_nclose,6.796206147620413,0.0062496742879193405,2.0
1676604300000.0,67885,1676604300000.0,0.14042385237958677,-0.0013873260000000001,1087.5886914239993,1087.5886914239993,-5.9,1.1757,0.0,1.1518993470543073,long_nclose,0.0,0.0,0.0
1676608560000.0,67956,1676608560000.0,0.0,-0.010874234,1087.5778171899992,1087.5449871899991,46.9,1.1593,46.9,1.1593,long_ientry_normal,54.37117,0.049992900867066314,71.0
1676615400000.0,68070,1676615400000.0,0.03744000000000107,-0.00272025,1087.6125369399992,1087.7286969399993,-11.7,1.1625,35.2,1.1593,long_nclose,40.80736,0.037520126528526064,114.0
1676615760000.0,68076,1676615760000.0,0.0,-0.002731228,1087.6098057119993,1087.5300057119994,11.8,1.1573,47.0,1.1587978723404257,long_ientry_partial,54.46350000000001,0.050076323065463446,6.0
1676617500000.0,68105,1676617500000.0,0.03746489361701781,-0.0027190799999999996,1087.6445515256164,1087.7787666319994,-11.7,1.162,35.3,1.1587978723404257,long_nclose,40.905564893617026,0.037609313480437744,29.0
1676617620000.0,68107,1676617620000.0,0.028178723404252717,-0.00204512,1087.6706851290205,1087.8005915119993,-8.8,1.162,26.5,1.1587978723404257,long_nclose,30.708143617021282,0.028232942228629297,2.0
1676620200000.0,68150,1676620200000.0,0.0,-0.0047490300000000004,1087.6659360990204,1087.591642481999,20.5,1.1583,47.0,1.158580715255772,long_ientry_partial,54.45329361702129,0.05006435506504995,43.0
1676624100000.0,68215,1676624100000.0,0.037665631507465665,-0.0027186119999999996,1087.7008831185278,1087.842763869999,-11.7,1.1618,35.3,1.158580715255772,long_nclose,40.89789924852875,0.03760031814194277,65.0
1676626020000.0,68247,1676626020000.0,0.11839563150746717,-0.0027347580000000003,1087.8165439920351,1088.0506391119989,-11.7,1.1687,23.6,1.158580715255772,long_nclose,27.342504880036223,0.025135216991364697,32.0
1676626080000.0,68248,1676626080000.0,0.07893042100497812,-0.001823172,1087.89365124104,1088.059855939999,-7.8,1.1687,15.8,1.158580715255772,long_nclose,18.305575301041202,0.016826622050931807,1.0
1676627520000.0,68272,1676627520000.0,0.13445234947940018,-0.0018574480000000003,1088.0262461425195,1088.138578491999,-7.9,1.1756,7.9,1.158580715255772,long_nclose,9.152787650520601,0.008412285717344438,24.0
1676628600000.0,68290,1676628600000.0,0.0663752105024887,-0.000916968,1088.091704385022,1088.165381523999,-3.9,1.1756,4.0,1.158580715255772,long_nclose,4.634322861023088,0.004259128934028919,18.0
1676629620000.0,68307,1676629620000.0,0.03403856948845574,-0.00047024,1088.1252727145106,1088.157711283999,-2.0,1.1756,2.0,1.158580715255772,long_nclose,2.317161430511544,0.0021294987706066207,17.0
1676629680000.0,68308,1676629680000.0,0.01701928474422787,-0.00023512,1088.1420568792548,1088.159576163999,-1.0,1.1756,1.0,1.158580715255772,long_nclose,1.158580715255772,0.0010647329619613568,1.0
1676630040000.0,68314,1676630040000.0,0.008509642372113935,-0.00011756,1088.1504489616268,1088.160008603999,-0.5,1.1756,0.5,1.158580715255772,long_nclose,0.579290357627886,0.0005323623752401857,6.0
1676630220000.0,68317,1676630220000.0,0.011959642372113999,-0.00011825000000000001,1088.162290353999,1088.162290353999,-0.5,1.1825,0.0,1.158580715255772,long_nclose,0.0,0.0,3.0
1676671440000.0,69004,1676671440000.0,0.0,-0.010883911999999999,1088.151406441999,1088.155986441999,45.8,1.1882,45.8,1.1882,long_ientry_normal,54.41955999999999,0.05001101839121749,687.0
1676671560000.0,69006,1676671560000.0,0.037620000000000924,-0.0027166200000000003,1088.186309821999,1088.282629821999,-11.4,1.1915,34.4,1.1882,long_nclose,40.87407999999999,0.03756165615305894,2.0
1676671620000.0,69007,1676671620000.0,0.0,-0.0027090960000000002,1088.183600725999,1088.160700725999,11.4,1.1882,45.8,1.1882,long_ientry_partial,54.41955999999999,0.05000953879813399,1.0
1676671620000.0,69007,1676671620000.0,0.028380000000000693,-0.00204938,1088.209931345999,1088.1913313459988,-8.6,1.1915,37.2,1.1882,long_nclose,44.20104,0.040618118551195403,0.0
1676672220000.0,69017,1676672220000.0,0.03069000000000075,-0.0022161900000000003,1088.238405155999,1088.344425155999,-9.3,1.1915,27.9,1.1882,long_nclose,33.15078,0.030462791832133355,10.0
1676672340000.0,69019,1676672340000.0,0.022770000000000557,-0.0016442700000000002,1088.259530885999,1088.333030885999,-6.9,1.1915,21.0,1.1882,long_nclose,24.952199999999998,0.022928537992849312,2.0
1676672580000.0,69023,1676672580000.0,0.01716000000000042,-0.00123916,1088.2754517259991,1088.3275917259991,-5.2,1.1915,15.8,1.1882,long_nclose,18.77356,0.0172507428796866,4.0
1676672640000.0,69024,1676672640000.0,0.012870000000000313,-0.00092937,1088.2873923559991,1088.3266623559991,-3.9,1.1915,11.9,1.1882,long_nclose,14.139579999999999,0.012992505563617408,1.0
1676672700000.0,69025,1676672700000.0,0.009570000000000233,-0.00069107,1088.2962712859992,1088.3340712859992,-2.9,1.1915,9.0,1.1882,long_nclose,10.6938,0.009826184543813178,1.0
1676673060000.0,69031,1676673060000.0,0.03120000000000056,-0.0007191600000000002,1088.326752125999,1088.402952125999,-3.0,1.1986,6.0,1.1882,long_nclose,7.129199999999999,0.006550606227471131,6.0
1676673360000.0,69036,1676673360000.0,0.020800000000000374,-0.0004794400000000001,1088.3470726859991,1088.3878726859991,-2.0,1.1986,4.0,1.1882,long_nclose,4.7528,0.004366989280607215,5.0
1676673480000.0,69038,1676673480000.0,0.013520000000000244,-0.00031163600000000006,1088.360281049999,1088.389171049999,-1.3,1.1986,2.7,1.1882,long_nclose,3.20814,0.002947681990843085,2.0
1676674500000.0,69055,1676674500000.0,0.02262000000000011,-0.00031345600000000004,1088.382587593999,1088.406947593999,-1.3,1.2056,1.4,1.1882,long_nclose,1.6634799999999998,0.0015283963736293532,17.0
1676674560000.0,69056,1676674560000.0,0.012180000000000057,-0.000168784,1088.394598809999,1088.407268809999,-0.7,1.2056,0.7,1.1882,long_nclose,0.8317399999999999,0.0007641897533388961,1.0
1676675400000.0,69070,1676675400000.0,0.005220000000000024,-7.2336e-05,1088.3997464739991,1088.4069464739991,-0.3,1.2056,0.4,1.1882,long_nclose,0.47528,0.0004366777937423509,14.0
1676678580000.0,69123,1676678580000.0,0.009799999999999988,-9.7016e-05,1088.4094494579992,1088.4094494579992,-0.4,1.2127,0.0,1.1882,long_nclose,0.0,0.0,53.0
1676714760000.0,69726,1676714760000.0,0.0,-0.010885344000000002,1088.3985641139993,1088.3091641139993,44.7,1.2176,44.7,1.2176,long_ientry_normal,54.42672,0.05000624017205091,603.0
1676726460000.0,69921,1676726460000.0,0.03774000000000077,-0.0027106200000000004,1088.4335934939993,1088.5713534939994,-11.1,1.221,33.6,1.2176,long_nclose,40.91136,0.03758737349209312,195.0
1676727600000.0,69940,1676727600000.0,0.028560000000000585,-0.0020512800000000004,1088.4601022139993,1088.5029422139994,-8.4,1.221,25.2,1.2176,long_nclose,30.683519999999998,0.028189843557506335,19.0
1676727720000.0,69942,1676727720000.0,0.02142000000000044,-0.0015384600000000002,1088.4799837539995,1088.5631437539994,-6.3,1.221,18.9,1.2176,long_nclose,23.012639999999998,0.02114199649370947,2.0
1676728800000.0,69960,1676728800000.0,0.015980000000000327,-0.0011477400000000002,1088.4948160139993,1088.5402560139994,-4.7,1.221,14.2,1.2176,long_nclose,17.28992,0.015884246526147564,18.0
1676730060000.0,69981,1676730060000.0,0.0,-0.00741943,1088.4873965839993,1088.4018865839994,30.5,1.2163,44.7,1.216712975391499,long_ientry_partial,54.38707000000001,0.049965732419762494,21.0
1676732220000.0,70017,1676732220000.0,0.037595973154361584,-0.002708622,1088.5222839351536,1088.6260079619992,-11.1,1.2201,33.6,1.216712975391499,long_nclose,40.88155597315436,0.03755693069080963,36.0
1676732400000.0,70020,1676732400000.0,0.0,-0.0027242879999999996,1088.5195596471535,1088.529203673999,11.2,1.2162,44.8,1.2165847315436242,long_ientry_partial,54.50299597315436,0.05007075480648382,3.0
1676735520000.0,70072,1676735520000.0,0.037131006711408426,-0.002732576,1088.553958077865,1088.6653510979993,-11.2,1.2199,33.6,1.2165847315436242,long_nclose,40.877246979865774,0.03755187942363974,52.0
1676736000000.0,70080,1676736000000.0,0.0,-0.00272384,1088.551234237865,1088.4778272579993,11.2,1.216,44.8,1.2164385486577183,long_ientry_partial,54.49644697986577,0.05006328160384729,8.0
1676738040000.0,70114,1676738040000.0,0.03764825503355524,-0.002732352,1088.5861501408983,1088.715894905999,-11.2,1.2198,33.6,1.2164385486577183,long_nclose,40.87233523489934,0.037546256885235156,34.0
1676738340000.0,70119,1676738340000.0,0.0,-0.002723616,1088.5834265248984,1088.6146112899992,11.2,1.2159,44.8,1.2163039114932888,long_ientry_partial,54.49041523489933,0.0500562601883899,5.0
1676810760000.0,71326,1676810760000.0,0.03803619127516597,-0.002732128,1088.6187305881735,1088.732839161999,-11.2,1.2197,33.6,1.2163039114932888,long_nclose,40.867811426174505,0.037540977642460636,1207.0
1676810820000.0,71327,1676810820000.0,0.028527143456374485,-0.0020490960000000003,1088.6452086356298,1088.687950065999,-8.4,1.2197,25.2,1.2163039114932888,long_nclose,30.650858569630877,0.028155048427618384,1.0
1676812440000.0,71354,1676812440000.0,0.02139535759228086,-0.001536822,1088.6650671712223,1088.7216932439992,-6.3,1.2197,18.9,1.2163039114932888,long_nclose,22.988143927223156,0.021115901134731316,27.0
1676812500000.0,71355,1676812500000.0,0.015961615981542866,-0.001146518,1088.6798822692037,1088.725266725999,-4.7,1.2197,14.2,1.2163039114932888,long_nclose,17.2715155432047,0.01586464104324643,1.0
1676812560000.0,71356,1676812560000.0,0.011886309773489367,-0.0008537900000000001,1088.6909147889771,1088.7251129359988,-3.5,1.2197,10.7,1.2163039114932888,long_nclose,13.014451852978189,0.011954221052263308,1.0
1676812800000.0,71360,1676812800000.0,0.008829830117449245,-0.0006342440000000001,1088.6991103750947,1088.742818691999,-2.6,1.2197,8.1,1.2163039114932888,long_nclose,9.852061683095638,0.009049388935112897,4.0
1676814420000.0,71387,1676814420000.0,0.006792177013422496,-0.00048788000000000005,1088.7054146721082,1088.738940811999,-2.0,1.2197,6.1,1.2163039114932888,long_nclose,7.419453860109061,0.006814932451074124,27.0
1676814960000.0,71396,1676814960000.0,0.005094132760066872,-0.00036591,1088.7101428948683,1088.7271449019993,-1.5,1.2197,4.6,1.2163039114932888,long_nclose,5.594997992869128,0.005139107070309908,9.0
1676815080000.0,71398,1676815080000.0,0.003735697357382373,-0.00026833400000000006,1088.7136102582256,1088.726196567999,-1.1,1.2197,3.5,1.2163039114932888,long_nclose,4.257063690226511,0.003910177708917227,2.0
1676815200000.0,71400,1676815200000.0,0.0027168708053689986,-0.00019515200000000003,1088.716131977031,1088.7255714159992,-0.8,1.2197,2.7,1.2163039114932888,long_nclose,3.28402056103188,0.003016415817287774,2.0
1676816280000.0,71418,1676816280000.0,0.0020376531040267485,-0.000146364,1088.7180232661349,1088.726205051999,-0.6,1.2197,2.1,1.2163039114932888,long_nclose,2.5542382141359066,0.0023460971156454608,18.0
1676816400000.0,71420,1676816400000.0,0.001698044253355624,-0.00012197000000000001,1088.7195993403882,1088.725513081999,-0.5,1.2197,1.6,1.2163039114932888,long_nclose,1.9460862583892622,0.0017874999766407424,2.0
1676816820000.0,71427,1676816820000.0,0.0013584354026844993,-9.757600000000002e-05,1088.7208601997909,1088.724935505999,-0.4,1.2197,1.2,1.2163039114932888,long_nclose,1.4595646937919464,0.0013406234298882654,7.0
1676816880000.0,71428,1676816880000.0,0.0010188265520133743,-7.3182e-05,1088.721805844343,1088.725132323999,-0.3,1.2197,0.9,1.2163039114932888,long_nclose,1.09467352034396,0.0010054666990848055,1.0
1676817000000.0,71430,1676817000000.0,0.0006792177013422497,-4.878800000000001e-05,1088.7224362740444,1088.7267735359992,-0.2,1.2197,0.7,1.2163039114932888,long_nclose,0.851412738045302,0.0007820292020058924,2.0
1676817600000.0,71440,1676817600000.0,0.0021192177013422686,-4.907600000000001e-05,1088.7245064157457,1088.7308544599991,-0.2,1.2269,0.5,1.2163039114932888,long_nclose,0.6081519557466444,0.000558591225018694,10.0
1676817720000.0,71442,1676817720000.0,0.0010596088506711343,-2.4538000000000005e-05,1088.7255414865965,1088.7312199219991,-0.1,1.2269,0.4,1.2163039114932888,long_nclose,0.48652156459731555,0.0004468725551648181,2.0
1676818740000.0,71459,1676818740000.0,0.0010596088506711343,-2.4538000000000005e-05,1088.7265765574473,1088.7298753839993,-0.1,1.2269,0.3,1.2163039114932888,long_nclose,0.3648911734479866,0.00033515409773661654,17.0
1676819160000.0,71466,1676819160000.0,0.0010596088506711343,-2.4538000000000005e-05,1088.727611628298,1088.7300908459995,-0.1,1.2269,0.2,1.2163039114932888,long_nclose,0.24326078229865777,0.00022343585273348364,7.0
1676819400000.0,71470,1676819400000.0,0.0010596088506711343,-2.4538000000000005e-05,1088.7286466991488,1088.7295263079995,-0.1,1.2269,0.1,1.2163039114932888,long_nclose,0.12163039114932889,0.0001117178201548134,4.0
1676819520000.0,71472,1676819520000.0,0.0010596088506711343,-2.4538000000000005e-05,1088.7296817699996,1088.7296817699996,-0.1,1.2269,0.0,1.2163039114932888,long_nclose,0.0,0.0,2.0
1676820300000.0,71485,1676820300000.0,0.0,-0.0108756,1088.7188061699997,1088.7278061699997,45.0,1.2084,45.0,1.2084,long_ientry_normal,54.37799999999999,0.049946781199909814,13.0
1676820360000.0,71486,1676820360000.0,0.0369600000000009,-0.002714208,1088.7530519619995,1088.9828919619995,-11.2,1.2117,33.8,1.2084,long_nclose,40.84392,0.037514402303072084,1.0
1676820660000.0,71491,1676820660000.0,0.11760000000000197,-0.0027303360000000003,1088.8679216259995,1089.1323416259995,-11.2,1.2189,22.6,1.2084,long_nclose,27.30984,0.025080948256073512,5.0
1676821080000.0,71498,1676821080000.0,0.20001000000000058,-0.0027709860000000005,1089.0651606399995,1089.2696906399995,-11.3,1.2261,11.3,1.2084,long_nclose,13.65492,0.012538202940929225,7.0
1676821620000.0,71507,1676821620000.0,0.09912000000000026,-0.001373232,1089.1629074079995,1089.2677874079995,-5.6,1.2261,5.7,1.2084,long_nclose,6.88788,0.006324012645997874,9.0
1676822040000.0,71514,1676822040000.0,0.04956000000000013,-0.000686616,1089.2117807919994,1089.2671707919994,-2.8,1.2261,2.9,1.2084,long_nclose,3.5043599999999997,0.003217335748472966,7.0
1676822640000.0,71524,1676822640000.0,0.024780000000000066,-0.000343308,1089.2362174839993,1089.2612674839993,-1.4,1.2261,1.5,1.2084,long_nclose,1.8125999999999998,0.0016641018457749055,10.0
1676822880000.0,71528,1676822880000.0,0.012390000000000033,-0.000171654,1089.2484358299994,1089.2635558299994,-0.7,1.2261,0.8,1.2084,long_nclose,0.96672,0.0008875110288897192,4.0
1676823180000.0,71533,1676823180000.0,0.00708000000000002,-9.8088e-05,1089.2554177419995,1089.2626977419995,-0.4,1.2261,0.4,1.2084,long_nclose,0.48336,0.0004437526700596943,5.0
1676823420000.0,71537,1676823420000.0,0.00354000000000001,-4.9044e-05,1089.2589086979995,1089.2625286979994,-0.2,1.2261,0.2,1.2084,long_nclose,0.24168,0.00022187562394039283,4.0
1676823540000.0,71539,1676823540000.0,0.001770000000000005,-2.4522e-05,1089.2606541759994,1089.2625841759993,-0.1,1.2261,0.1,1.2084,long_nclose,0.12084,0.00011093763419868743,2.0
1676823660000.0,71541,1676823660000.0,0.001770000000000005,-2.4522e-05,1089.2623996539994,1089.2623996539994,-0.1,1.2261,0.0,1.2084,long_nclose,0.0,0.0,2.0
1676824560000.0,71556,1676824560000.0,0.0,-0.010889099999999999,1089.2515105539994,1089.2155105539994,45.0,1.2099,45.0,1.2099,long_ientry_normal,54.445499999999996,0.04998432361347721,15.0
1676826540000.0,71589,1676826540000.0,0.0,-0.014935986,1089.2365745679995,1088.7656045679994,63.9,1.1687,108.9,1.1857247933884296,long_rentry,129.12543,0.11854672622539529,33.0
1676827080000.0,71598,1676827080000.0,0.08908561983471586,-0.006468160000000001,1089.3191920278343,1089.6112864079996,-27.2,1.189,81.7,1.1857247933884296,long_nclose,96.8737156198347,0.08893051396579027,9.0
1676827380000.0,71603,1676827380000.0,0.2822056198347127,-0.006506783999999999,1089.594890863669,1090.1112896239995,-27.2,1.1961,54.5,1.1857247933884296,long_nclose,64.62200123966942,0.059308282171226676,5.0
1676827920000.0,71612,1676827920000.0,0.18779123966942282,-0.004329882,1089.7783522213383,1090.1669297419994,-18.1,1.1961,36.4,1.1857247933884296,long_nclose,43.160382479338836,0.039604734661285314,9.0
1676828280000.0,71618,1676828280000.0,0.0,-0.002198064,1089.7761541573384,1089.9578516779995,9.2,1.1946,45.6,1.1875154052486587,long_ientry_partial,54.15070247933884,0.04968974800261663,6.0
1676828640000.0,71624,1676828640000.0,0.03744438016529141,-0.0027150240000000003,1089.8108835135035,1089.8753366539995,-11.4,1.1908,34.2,1.1875154052486587,long_nclose,40.61302685950413,0.037266123392500426,6.0
1676828700000.0,71625,1676828700000.0,0.0,-0.002759408,1089.8081241055036,1089.7122772459995,11.6,1.1894,45.8,1.1879927261900467,long_ientry_partial,54.410066859504134,0.04992628120125551,1.0
1676830560000.0,71656,1676830560000.0,0.03770292143346792,-0.0027161640000000005,1089.843110862937,1089.9740810819994,-11.4,1.1913,34.4,1.1879927261900467,long_nclose,40.8669497809376,0.03749801175380113,31.0
1676830620000.0,71657,1676830620000.0,0.0,-0.002693468,1089.840417394937,1089.9713876139995,11.3,1.1918,45.7,1.1889341308739083,long_ientry_partial,54.33428978093761,0.04985527138992856,1.0
1676830740000.0,71659,1676830740000.0,0.0372309080374444,-0.0027182160000000003,1089.8749300869745,1089.9457893979995,-11.4,1.1922,34.3,1.1889341308739083,long_nclose,40.780440688975055,0.037417541740978194,2.0
1676830800000.0,71660,1676830800000.0,0.0,-0.0027393,1089.8721907869744,1089.8926700979994,11.5,1.191,45.8,1.189452853471071,long_ientry_partial,54.476940688975056,0.04998470568336859,1.0
1676831040000.0,71664,1676831040000.0,0.03701747042979049,-0.0027193560000000005,1089.9064889014044,1089.9562707419996,-11.4,1.1927,34.4,1.189452853471071,long_nclose,40.91717815940484,0.03754191628003631,4.0
1676831100000.0,71665,1676831100000.0,0.0,-0.0027152520000000005,1089.9037736494045,1089.9352354899995,11.4,1.1909,45.8,1.1898130602490142,long_ientry_partial,54.493438159404846,0.04999839387374583,1.0
1676831640000.0,71674,1676831640000.0,0.03747111316123832,-0.002720268,1089.9385244945656,1090.0894352219996,-11.4,1.1931,34.4,1.1898130602490142,long_nclose,40.92956927256609,0.03755218147880978,9.0
1676831700000.0,71675,1676831700000.0,0.0,-0.002675008,1089.9358494865655,1090.1050002139993,11.2,1.1942,45.6,1.1908905542229404,long_ientry_partial,54.30460927256608,0.04982367475860829,1.0
1676832720000.0,71692,1676832720000.0,0.03772768185847824,-0.002722776,1089.9708543924241,1090.0942974379996,-11.4,1.1942,34.2,1.1908905542229404,long_nclose,40.728456954424566,0.03736655598660717,17.0
1676832780000.0,71693,1676832780000.0,0.0,-0.0027234599999999996,1089.9681309324242,1090.0596539779997,11.4,1.1945,45.6,1.1917929156672054,long_ientry_partial,54.345756954424566,0.049859950407847194,1.0
1676833380000.0,71703,1676833380000.0,0.03770076139385954,-0.0027248280000000003,1090.003106865818,1090.1333091499996,-11.4,1.1951,34.2,1.1917929156672054,long_nclose,40.759317715818426,0.03739376287927957,10.0
1676833560000.0,71706,1676833560000.0,0.0,-0.002725968,1090.0003808978179,1090.1169031819995,11.4,1.1956,45.6,1.192744686750404,long_ientry_partial,54.38915771581842,0.04989829239419058,3.0
1676833620000.0,71707,1676833620000.0,0.03711057104539495,-0.00272688,1090.0347645888633,1090.1597763019995,-11.4,1.196,34.2,1.192744686750404,long_nclose,40.79186828686382,0.0374225388143924,1.0
1676833680000.0,71708,1676833680000.0,0.0,-0.002727792,1090.0320367968632,1090.1752885099993,11.4,1.1964,45.6,1.193658515062803,long_ientry_partial,54.430828286863814,0.04993507204321506,1.0
1676833740000.0,71709,1676833740000.0,0.03809292828404698,-0.0027291600000000004,1090.0674005651472,1090.1850993499993,-11.4,1.197,34.2,1.193658515062803,long_nclose,40.823121215147864,0.03745008904401971,1.0
1676834100000.0,71715,1676834100000.0,0.0,-0.0026875519999999997,1090.0647130131472,1090.2248117979993,11.2,1.1998,45.4,1.1951735950473097,long_ientry_partial,54.26088121514786,0.049777669680876484,6.0
1676834880000.0,71728,1676834880000.0,0.03758837596539937,-0.0027086099999999998,1090.0995927791128,1090.2198431879995,-11.3,1.1985,34.1,1.1951735950473097,long_nclose,40.75541959111326,0.03738687718175448,13.0
1676834940000.0,71729,1676834940000.0,0.0,-0.0027330360000000003,1090.0968597431126,1090.1943601519995,11.4,1.1987,45.5,1.196057133870621,long_ientry_partial,54.42059959111325,0.04992271934801992,1.0
1676843820000.0,71877,1676843820000.0,0.037774387261983414,-0.0027106440000000003,1090.1319234863747,1090.3967295079995,-11.3,1.1994,34.2,1.196057133870621,long_nclose,40.90515397837524,0.037523122749727,148.0
1676844480000.0,71888,1676844480000.0,0.028414362099722035,-0.00203898,1090.1582988684745,1090.2699105279996,-8.5,1.1994,25.7,1.196057133870621,long_nclose,30.73866834047496,0.028196518223436027,11.0
1676846580000.0,71923,1676846580000.0,0.0,-0.004739724000000001,1090.1535591444745,1090.1797708039994,19.8,1.1969,45.5,1.1964239195708783,long_ientry_partial,54.437288340474964,0.049935431466366996,35.0
1676846640000.0,71924,1676846640000.0,0.03701970884907455,-0.0027113220000000004,1090.1878675313235,1090.2212494819994,-11.3,1.1997,34.2,1.1964239195708783,long_nclose,40.917698049324045,0.03753270355317763,1.0
1676846700000.0,71925,1676846700000.0,0.0,-0.0027049940000000005,1090.1851625373235,1090.1968944879995,11.3,1.1969,45.5,1.1965421549301989,long_ientry_partial,54.44266804932405,0.04993891856188251,1.0
1676847180000.0,71933,1676847180000.0,0.03681364928875233,-0.0027115480000000003,1090.2192646386122,1090.3375229399994,-11.3,1.1998,34.2,1.1965421549301989,long_nclose,40.921741698612806,0.037535331676768355,8.0
1676848140000.0,71949,1676848140000.0,0.02769168309330927,-0.00203966,1090.2449166617055,1090.3697632799995,-8.5,1.1998,25.7,1.1965421549301989,long_nclose,30.75113338170611,0.02820571131472466,16.0
1676848920000.0,71962,1676848920000.0,0.08889168309331008,-0.0020519,1090.3317564447989,1090.5116313799995,-8.5,1.207,17.2,1.1965421549301989,long_nclose,20.58052506479942,0.018875470647489453,13.0
1676848980000.0,71963,1676848980000.0,0.05960971689786676,-0.0013759800000000002,1090.389990181697,1090.5183053999997,-5.7,1.207,11.5,1.1965421549301989,long_nclose,13.760234781697287,0.012619553467658258,1.0
1676849160000.0,71966,1676849160000.0,0.03973981126524451,-0.00091732,1090.428812672962,1090.5070280799996,-3.8,1.207,7.7,1.1965421549301989,long_nclose,9.213374592962532,0.00844931322969891,3.0
1676849280000.0,71968,1676849280000.0,0.026144612674502965,-0.0006035000000000001,1090.4543537856366,1090.5191345799997,-2.5,1.207,5.2,1.1965421549301989,long_nclose,6.222019205637034,0.0057058960643667335,2.0
1676849640000.0,71974,1676849640000.0,0.017778336618662016,-0.00041038000000000007,1090.4717217422553,1090.5083241999996,-1.7,1.207,3.5,1.1965421549301989,long_nclose,4.187897542255696,0.003840445798598664,6.0
1676849700000.0,71975,1676849700000.0,0.011503629576781306,-0.00026554000000000004,1090.482959831832,1090.5032586599996,-1.1,1.207,2.4,1.1965421549301989,long_nclose,2.8717011718324774,0.0026334214083229093,1.0
1676850180000.0,71983,1676850180000.0,0.0,-0.010325898,1090.472633933832,1090.5259427619994,43.1,1.1979,45.5,1.1978283774029117,long_ientry_partial,54.50119117183248,0.049979421285632666,8.0
1676850300000.0,71985,1676850300000.0,0.03696933534709839,-0.0027144860000000003,1090.506888783179,1090.6461382759994,-11.3,1.2011,34.2,1.1978283774029117,long_nclose,40.965730507179586,0.03756576957793491,2.0
1676850480000.0,71988,1676850480000.0,0.0,-0.002707254,1090.504181529179,1090.5703310219994,11.3,1.1979,45.5,1.197846164992958,long_ientry_partial,54.50200050717959,0.04997871757882962,3.0
1676851260000.0,72001,1676851260000.0,0.03789833557957592,-0.002714712,1090.5393651527586,1090.6403863099995,-11.3,1.2012,34.2,1.197846164992958,long_nclose,40.966338842759164,0.037565208695626275,13.0
1676851320000.0,72002,1676851320000.0,0.02850759755985799,-0.00204204,1090.5658307103183,1090.7162742699993,-8.5,1.2012,25.7,1.197846164992958,long_nclose,30.78464644031902,0.028228141367924623,1.0
1676851560000.0,72006,1676851560000.0,0.088857597559857,-0.00205411,1090.6526341978781,1090.8118001599992,-8.5,1.2083,17.2,1.197846164992958,long_nclose,20.602954037878874,0.018890482076386623,4.0
1676851740000.0,72009,1676851740000.0,0.059586859540139404,-0.0013774619999999999,1090.7108435954183,1090.8483126979993,-5.7,1.2083,11.5,1.197846164992958,long_nclose,13.775230897419016,0.01262959012308923,3.0
1676851800000.0,72010,1676851800000.0,0.10005685954014001,-0.001385556,1090.8095148989585,1090.9107471419993,-5.7,1.2154,5.8,1.197846164992958,long_nclose,6.947507756959156,0.006369130138732519,1.0
1676851860000.0,72011,1676851860000.0,0.05090612152042211,-0.000704932,1090.859716088479,1090.9109122099994,-2.9,1.2154,2.9,1.197846164992958,long_nclose,3.473753878479578,0.0031844185161915206,1.0
1676852040000.0,72014,1676852040000.0,0.024575369009858947,-0.000340312,1090.883951145489,1090.9134318979995,-1.4,1.2154,1.5,1.197846164992958,long_nclose,1.7967692474894368,0.0016470764333848058,3.0
1676852460000.0,72021,1676852460000.0,0.012287684504929473,-0.000170156,1090.8960686739938,1090.9121117419995,-0.7,1.2154,0.8,1.197846164992958,long_nclose,0.9582769319943664,0.0008784310068686665,7.0
1676852880000.0,72028,1676852880000.0,0.007021534002816843,-9.723200000000001e-05,1090.9029929759968,1090.9101745099995,-0.4,1.2154,0.4,1.197846164992958,long_nclose,0.4791384659971832,0.0004392127155963589,7.0
1676853000000.0,72030,1676853000000.0,0.0035107670014084217,-4.8616000000000003e-05,1090.9064551269983,1090.9102258939997,-0.2,1.2154,0.2,1.197846164992958,long_nclose,0.2395692329985916,0.00021960566084532158,2.0
1676854560000.0,72056,1676854560000.0,0.0010453835007042,-2.4166e-05,1090.907476344499,1090.9086117279996,-0.1,1.2083,0.1,1.197846164992958,long_nclose,0.1197846164992958,0.0001098027276343176,26.0
1676855160000.0,72066,1676855160000.0,0.0,-0.010878342000000001,1090.8965980024989,1090.9876833859996,45.3,1.2007,45.4,1.2006937140198084,long_ientry_partial,54.5114946164993,0.04996944230673495,10.0
1676857620000.0,72107,1676857620000.0,0.03736103157616462,-0.00272104,1090.931237994075,1091.2042523459995,-11.3,1.204,34.1,1.2006937140198084,long_nclose,40.94365564807547,0.03753092241025171,41.0
1676857920000.0,72112,1676857920000.0,0.1187210315761657,-0.0027373120000000004,1091.0472217136512,1091.2844850339995,-11.3,1.2112,22.8,1.2006937140198084,long_nclose,27.37581667965163,0.025091321562282023,5.0
1676857980000.0,72113,1676857980000.0,0.07984777344945657,-0.0018410240000000003,1091.1252284631007,1091.2484440099997,-7.6,1.2112,15.2,1.2006937140198084,long_nclose,18.250544453101085,0.016726351821969878,1.0
1676858340000.0,72119,1676858340000.0,0.05253142990095827,-0.0012112000000000002,1091.1765486930017,1091.2888128099996,-5.0,1.2112,10.2,1.2006937140198084,long_nclose,12.247075883002045,0.011223734507189921,6.0
1676858820000.0,72127,1676858820000.0,0.03572137233265162,-0.000823616,1091.2114464493343,1091.2822091939995,-3.4,1.2112,6.8,1.2006937140198084,long_nclose,8.164717255334697,0.00748225037585673,8.0
1676858880000.0,72128,1676858880000.0,0.023113829156421642,-0.0005329280000000001,1091.2340273504908,1091.2855762659997,-2.2,1.2112,4.6,1.2006937140198084,long_nclose,5.523191084491118,0.0050614175750195315,1.0
1676859360000.0,72136,1676859360000.0,0.040494457754440535,-0.000560418,1091.2739613902452,1091.3114658479997,-2.3,1.2183,2.3,1.2006937140198084,long_nclose,2.761595542245559,0.002530616178844203,8.0
1676861460000.0,72171,1676861460000.0,0.019366914578210694,-0.00026802600000000004,1091.2930602788235,1091.3145478219997,-1.1,1.2183,1.2,1.2006937140198084,long_nclose,1.44083245682377,0.001320298377463923,35.0
1676861880000.0,72178,1676861880000.0,0.029767543176229958,-0.00029412,1091.3225337019996,1091.3225337019996,-1.2,1.2255,0.0,1.2006937140198084,long_nclose,0.0,0.0,7.0
1676909940000.0,72979,1676909940000.0,0.0,-0.010924320000000001,1091.3116093819997,1091.3908093819996,44.0,1.2414,44.0,1.2414,long_ientry_normal,54.6216,0.05005133229631062,801.0
1676910360000.0,72986,1676910360000.0,0.037399999999998323,-0.0027385599999999997,1091.3462708219997,1091.4947708219997,-11.0,1.2448,33.0,1.2414,long_nclose,40.9662,0.03753730698978276,7.0
1676910540000.0,72989,1676910540000.0,0.0,-0.0027310800000000003,1091.3435397419996,1091.4359397419996,11.0,1.2414,44.0,1.2414,long_ientry_partial,54.6216,0.0500498679021941,3.0
1676910600000.0,72990,1676910600000.0,0.037399999999998323,-0.0027385599999999997,1091.3782011819997,1091.5399011819998,-11.0,1.2448,33.0,1.2414,long_nclose,40.9662,0.03753620876395755,1.0
1676910840000.0,72994,1676910840000.0,0.02787999999999875,-0.0020414719999999995,1091.4040397099998,1091.4883597099997,-8.2,1.2448,24.8,1.2414,long_nclose,30.786720000000003,0.028208361779731395,4.0
1676911080000.0,72998,1676911080000.0,0.0,-0.004766976000000001,1091.3992727339999,1091.377272734,19.2,1.2414,44.0,1.2414,long_ientry_partial,54.6216,0.05004731207413274,4.0
1676911140000.0,72999,1676911140000.0,0.037399999999998323,-0.0027385599999999997,1091.433934174,1091.5692341739998,-11.0,1.2448,33.0,1.2414,long_nclose,40.9662,0.037534292014663566,1.0
1676911680000.0,73008,1676911680000.0,0.11879999999999913,-0.00275484,1091.5499793339998,1091.8205793339998,-11.0,1.2522,22.0,1.2414,long_nclose,27.3108,0.02502020110582885,9.0
1676912160000.0,73016,1676912160000.0,0.20019999999999993,-0.00277112,1091.7474082139997,1091.9498082139996,-11.0,1.2596,11.0,1.2414,long_nclose,13.6554,0.012507838257513249,8.0
1676912400000.0,73020,1676912400000.0,0.10009999999999997,-0.00138556,1091.8461226539998,1091.951722654,-5.5,1.2596,5.5,1.2414,long_nclose,6.8277,0.006253353708307908,4.0
1676913960000.0,73046,1676913960000.0,0.14079999999999915,-0.0013937,1091.9855289539996,1091.9855289539996,-5.5,1.267,0.0,1.2414,long_nclose,0.0,0.0,26.0
1676968680000.0,73958,1676968680000.0,0.0,-0.010920624,1091.9746083299997,1091.9402883299997,42.9,1.2728,42.9,1.2728,long_ientry_normal,54.60312,0.050004019858581446,912.0
1676987040000.0,74264,1676987040000.0,0.0,-0.01497531,1091.9596330199997,1090.1435830199998,60.9,1.2295,103.8,1.2473956647398843,long_rentry,129.47967,0.11857550964764328,306.0
1677014760000.0,74726,1677014760000.0,0.0,-0.035459,1091.9241740199998,1089.64971402,147.5,1.202,251.3,1.2207507759649818,long_rentry,306.77466999999996,0.28094869341575823,462.0
1677015900000.0,74745,1677015900000.0,0.21033126939913913,-0.015374696,1092.119130593399,1092.166109324,-62.8,1.2241,188.5,1.2207507759649818,long_nclose,230.11152126939908,0.21070185003019665,19.0
1677018960000.0,74796,1677018960000.0,0.15774845204935437,-0.011531022,1092.2653480234483,1092.922748302,-47.1,1.2241,141.4,1.2207507759649818,long_nclose,172.61415972144843,0.15803317392958513,51.0
1677019620000.0,74807,1677019620000.0,0.5015784520493584,-0.011599788000000002,1092.7553266874977,1093.7689785139999,-47.1,1.2314,94.3,1.2207507759649818,long_nclose,115.11679817349778,0.10534544683708366,11.0
1677020100000.0,74815,1677020100000.0,0.3343856346995722,-0.007733192,1093.0819791301974,1093.795845322,-31.4,1.2314,62.9,1.2207507759649818,long_nclose,76.78522380819736,0.07024653710721494,8.0
1677021300000.0,74835,1677021300000.0,0.5636056346995678,-0.007779036,1093.6378057288969,1094.231556286,-31.4,1.2387,31.5,1.2207507759649818,long_nclose,38.453649442896925,0.03516122910296432,20.0
1677021480000.0,74838,1677021480000.0,0.2818028173497839,-0.003889518,1093.9157190282465,1094.1882567679997,-15.7,1.2387,15.8,1.2207507759649818,long_nclose,19.287862260246715,0.01763194542755142,3.0
1677021540000.0,74839,1677021540000.0,0.1417988698766429,-0.001957146,1094.055560752123,1094.2013096219996,-7.9,1.2387,7.9,1.2207507759649818,long_nclose,9.643931130123358,0.008814845859833215,1.0
1677021660000.0,74841,1677021660000.0,0.07000197373657054,-0.000966186,1094.1245965398598,1094.197193436,-3.9,1.2387,4.0,1.2207507759649818,long_nclose,4.883003103859927,0.004462931479012807,2.0
1677022020000.0,74847,1677022020000.0,0.03589844807003617,-0.00049548,1094.1599995079298,1094.200497956,-2.0,1.2387,2.0,1.2207507759649818,long_nclose,2.4415015519299637,0.0022313935375337848,6.0
1677024060000.0,74881,1677024060000.0,0.05029844807003636,-0.00049836,1094.2097995959998,1094.2097995959998,-2.0,1.2459,0.0,1.2207507759649818,long_nclose,0.0,0.0,34.0
1677026040000.0,74914,1677026040000.0,0.0,-0.010942100000000001,1094.1988574959998,1094.1988574959998,44.3,1.235,44.3,1.235,long_ientry_normal,54.7105,0.05000050916265923,33.0
1677031560000.0,75006,1677031560000.0,0.0,-0.015007939999999999,1094.1838495559998,1092.237489556,62.9,1.193,107.2,1.210356343283582,long_rentry,129.7502,0.11858171737103441,92.0
1677034560000.0,75056,1677034560000.0,0.08961000000000263,-0.006505432000000001,1094.2669541239998,1094.5920641239998,-26.8,1.2137,80.4,1.210356343283582,long_nclose,97.31265,0.08892953372415628,50.0
1677034680000.0,75058,1677034680000.0,0.06720750000000197,-0.004879074000000001,1094.3292825499998,1094.5670850499998,-20.1,1.2137,60.3,1.210356343283582,long_nclose,72.98448749999999,0.0666933515019647,2.0
1677034860000.0,75061,1677034860000.0,0.05015485074627013,-0.0036411000000000004,1094.375796300746,1094.5906839499999,-15.0,1.2137,45.3,1.210356343283582,long_nclose,54.82914235074626,0.05010083605291891,3.0
1677035220000.0,75067,1677035220000.0,0.15920921641791336,-0.0036871180000000005,1094.5313183991639,1094.8376568319998,-15.1,1.2209,30.2,1.210356343283582,long_nclose,36.552761567164175,0.03339581147904054,6.0
1677035280000.0,75068,1677035280000.0,0.10543656716418104,-0.0024418000000000005,1094.634313166328,1094.8553750319995,-10.0,1.2209,20.2,1.210356343283582,long_nclose,24.449198134328356,0.022335494000372467,1.0
1677035340000.0,75069,1677035340000.0,0.0,-0.006008796000000001,1094.628304370328,1094.8717662359995,24.6,1.2213,44.8,1.2163655833555438,long_ientry_partial,54.49317813432836,0.04978235800843367,1.0
1677036360000.0,75086,1677036360000.0,0.1584528080023989,-0.0036564600000000007,1094.7831007183304,1095.1130297759996,-14.9,1.227,29.9,1.2163655833555438,long_nclose,36.369330942330755,0.033220581244328126,17.0
1677036840000.0,75094,1677036840000.0,0.0,-0.003628664,1094.7794720543304,1095.0422011119997,14.8,1.2259,44.7,1.2195223924458782,long_ientry_partial,54.51265094233076,0.049793271004651675,8.0
1677037560000.0,75106,1677037560000.0,0.15909635255641372,-0.003665996,1094.9349024108867,1095.2679951159996,-14.9,1.2302,29.8,1.2195223924458782,long_nclose,36.34176729488717,0.03319080176809407,12.0
1677037800000.0,75110,1677037800000.0,0.0,-0.0036531820000000005,1094.9312492288866,1095.1123619339994,14.9,1.2259,44.7,1.2216482616305853,long_ientry_partial,54.60767729488717,0.04987315626743234,4.0
1677038100000.0,75115,1677038100000.0,0.15871090170427885,-0.0036722540000000002,1095.0862878765909,1095.4156296799995,-14.9,1.2323,29.8,1.2216482616305853,long_nclose,36.405118196591445,0.03324406359537402,5.0
1677038400000.0,75120,1677038400000.0,0.10545220985720541,-0.002439954,1095.1893001324481,1095.4490297259995,-9.9,1.2323,19.9,1.2216482616305853,long_nclose,24.310800406448646,0.022197806720270722,5.0
1677039240000.0,75134,1677039240000.0,0.07030147323813693,-0.0016266359999999999,1095.257974969686,1095.4009730899993,-6.6,1.2323,13.3,1.2216482616305853,long_nclose,16.247921879686785,0.01483478984039033,14.0
1677040380000.0,75153,1677040380000.0,0.0,-0.007701791999999999,1095.250273177686,1095.3000612979993,31.4,1.2264,44.7,1.2249861718050734,long_ientry_partial,54.75688187968679,0.04999485799790657,19.0
1677053880000.0,75378,1677053880000.0,0.0,-0.01502791,1095.235245267686,1093.306953387999,63.5,1.1833,108.2,1.20052155156827,long_rentry,129.89643187968682,0.1186013985953665,225.0
1677078180000.0,75783,1677078180000.0,0.0,-0.035560032000000005,1095.199685235686,1090.6523433559992,153.7,1.1568,261.9,1.1748628937750547,long_rentry,307.6965918796868,0.28095021942365767,405.0
1677105540000.0,76239,1677105540000.0,0.21170674711141732,-0.015409548000000002,1095.3959824347976,1096.2482238079992,-65.4,1.1781,196.5,1.1748628937750547,long_nclose,230.86055862679825,0.21075534539906898,456.0
1677105660000.0,76241,1677105660000.0,0.15894191564481025,-0.011568942,1095.5433554084425,1095.9025848659994,-49.1,1.1781,147.4,1.1748628937750547,long_nclose,173.17479054244308,0.158072055923227,2.0
1677105720000.0,76242,1677105720000.0,0.11912550907798404,-0.008670816,1095.6538101015205,1096.0007740499996,-36.8,1.1781,110.6,1.1748628937750547,long_nclose,129.93983605152104,0.11859570500601932,1.0
1677105780000.0,76243,1677105780000.0,0.08934413180848805,-0.006503112,1095.736651121329,1096.0468309379994,-27.6,1.1781,83.0,1.1748628937750547,long_nclose,97.51362018332954,0.08899366474922452,1.0
1677106080000.0,76248,1677106080000.0,0.06700809885636602,-0.004877334,1095.7987818861855,1096.0440636039996,-20.7,1.1781,62.3,1.1748628937750547,long_nclose,73.1939582821859,0.0667950717705654,5.0
1677106680000.0,76258,1677106680000.0,0.21190809885636844,-0.004906314,1096.0057836710419,1096.4025272899996,-20.7,1.1851,41.6,1.1748628937750547,long_nclose,48.87429638104228,0.0445931007930808,10.0
1677106920000.0,76262,1677106920000.0,0.14127206590424565,-0.0032708760000000007,1096.1437848609462,1096.4339364139996,-13.8,1.1851,27.8,1.1748628937750547,long_nclose,32.66118844694652,0.029796445409841762,4.0
1677107220000.0,76267,1677107220000.0,0.09418137726949709,-0.002180584,1096.2357856542158,1096.4261958299996,-9.2,1.1851,18.6,1.1748628937750547,long_nclose,21.85244982421602,0.01993407815196877,5.0
1677107340000.0,76269,1677107340000.0,0.06347005859466108,-0.001469524,1096.2977861888105,1096.4098463059997,-6.2,1.1851,12.4,1.1748628937750547,long_nclose,14.56829988281068,0.013288633860564638,2.0
1677107400000.0,76270,1677107400000.0,0.041972135522275876,-0.000971782,1096.3387865423326,1096.4503145239996,-4.1,1.1851,8.3,1.1748628937750547,long_nclose,9.751362018332955,0.00889447873050912,1.0
1677108000000.0,76280,1677108000000.0,0.027640186807352408,-0.0006399540000000001,1096.36578677514,1096.4264745699995,-2.7,1.1851,5.6,1.1748628937750547,long_nclose,6.579232205140306,0.006000946294112769,10.0
1677108960000.0,76296,1677108960000.0,0.018426791204901604,-0.0004266360000000001,1096.383786930345,1096.4280079339997,-1.8,1.1851,3.8,1.1748628937750547,long_nclose,4.464478996345208,0.004072003845336727,16.0
1677109080000.0,76298,1677109080000.0,0.012284527469934402,-0.000284424,1096.395787033815,1096.4205835099997,-1.2,1.1851,2.6,1.1748628937750547,long_nclose,3.0546435238151424,0.0027860774000957843,2.0
1677109200000.0,76300,1677109200000.0,0.00818968497995627,-0.000189616,1096.403787102795,1096.424373894,-0.8,1.1851,1.8,1.1748628937750547,long_nclose,2.1147532087950984,0.0019288087415159818,2.0
1677110520000.0,76322,1677110520000.0,0.015513395602450708,-0.000214578,1096.4190859203975,1096.435049316,-0.9,1.1921,0.9,1.1748628937750547,long_nclose,1.0573766043975492,0.0009643909139997561,22.0
1677110640000.0,76324,1677110640000.0,0.006894842489978093,-9.5368e-05,1096.4258853948875,1096.432853948,-0.4,1.1921,0.5,1.1748628937750547,long_nclose,0.5874314468875274,0.0005357694074104778,2.0
1677110940000.0,76329,1677110940000.0,0.0034474212449890464,-4.7684e-05,1096.4292851321325,1096.434726264,-0.2,1.1921,0.3,1.1748628937750547,long_nclose,0.3524588681325164,0.00032146064767874297,5.0
1677111180000.0,76333,1677111180000.0,0.007271131867483604,-7.1946e-05,1096.436484318,1096.436484318,-0.3,1.1991,0.0,1.1748628937750547,long_nclose,0.0,0.0,4.0
1677151560000.0,77006,1677151560000.0,0.0,-0.01095994,1096.425524378,1096.3018643780001,45.8,1.1965,45.8,1.1965,long_ientry_normal,54.799699999999994,0.04998032130918126,673.0
1677155580000.0,77073,1677155580000.0,0.037620000000000924,-0.0027355440000000003,1096.4604088340002,1096.5739288340003,-11.4,1.1998,34.4,1.1965,long_nclose,41.1596,0.037538610303102515,67.0
1677155640000.0,77074,1677155640000.0,0.028380000000000693,-0.002063656,1096.4867251780001,1096.5692851780002,-8.6,1.1998,25.8,1.1965,long_nclose,30.869699999999998,0.028153282015328285,1.0
1677156300000.0,77085,1677156300000.0,0.021120000000000517,-0.0015357440000000001,1096.5063094340003,1096.5742094340003,-6.4,1.1998,19.4,1.1965,long_nclose,23.212099999999996,0.02116914403527849,11.0
1677156480000.0,77088,1677156480000.0,0.015840000000000385,-0.001151808,1096.5209976260003,1096.5969176260003,-4.8,1.1998,14.6,1.1965,long_nclose,17.468899999999998,0.015931204270434103,3.0
1677156840000.0,77094,1677156840000.0,0.049920000000000894,-0.001158624,1096.5697590020002,1096.6618790020002,-4.8,1.2069,9.8,1.1965,long_nclose,11.7257,0.010693072559899595,6.0
1677157920000.0,77112,1677157920000.0,0.0332800000000006,-0.0007724160000000002,1096.6022665860003,1096.6775065860002,-3.2,1.2069,6.6,1.1965,long_nclose,7.896899999999999,0.007201243550758875,18.0
1677159300000.0,77135,1677159300000.0,0.022880000000000414,-0.0005310360000000001,1096.6246155500003,1096.6716955500003,-2.2,1.2069,4.4,1.1965,long_nclose,5.2646,0.004800731194019019,23.0
1677159420000.0,77137,1677159420000.0,0.01456000000000026,-0.000337932,1096.6388376180003,1096.6748376180003,-1.4,1.2069,3.0,1.1965,long_nclose,3.5894999999999997,0.0032731833643578788,2.0
1677159780000.0,77143,1677159780000.0,0.010400000000000187,-0.00024138000000000002,1096.648996238,1096.669996238,-1.0,1.2069,2.0,1.1965,long_nclose,2.393,0.0021821020291898936,6.0
1677160380000.0,77153,1677160380000.0,0.0,-0.010480464,1096.638515774,1096.6383157740001,43.8,1.1964,45.8,1.196404366812227,long_ientry_partial,54.79532,0.04996662000451975,10.0
1677160500000.0,77155,1677160500000.0,0.03757021834061138,-0.0027353160000000002,1096.6733506763405,1096.807360458,-11.4,1.1997,34.4,1.196404366812227,long_nclose,41.15631021834061,0.03752832162189287,2.0
1677161460000.0,77171,1677161460000.0,0.1185102183406126,-0.0027515040000000005,1096.7891093906812,1097.051208954,-11.4,1.2068,23.0,1.196404366812227,long_nclose,27.51730043668122,0.025088962136001147,16.0
1677161580000.0,77173,1677161580000.0,0.07900681222707506,-0.0018343360000000002,1096.8662818669084,1097.0217546180002,-7.6,1.2068,15.4,1.196404366812227,long_nclose,18.424627248908298,0.016797514476923184,2.0
1677161640000.0,77174,1677161640000.0,0.05301772925764247,-0.001230936,1096.918068660166,1097.0251436820001,-5.1,1.2068,10.3,1.196404366812227,long_nclose,12.32296497816594,0.011234170837588504,1.0
1677161700000.0,77175,1677161700000.0,0.03534515283842832,-0.0008206240000000002,1096.9525931890043,1097.026393058,-3.4,1.2068,6.9,1.196404366812227,long_nclose,8.255190131004367,0.007525566904404958,1.0
1677162660000.0,77191,1677162660000.0,0.05982515283842788,-0.00082552,1097.0115928218427,1097.0745775379999,-3.4,1.214,3.5,1.196404366812227,long_nclose,4.187415283842794,0.0038171112422536093,16.0
1677163560000.0,77206,1677163560000.0,0.01143519650655034,-0.00026549600000000005,1097.022762522349,1097.0484320419996,-1.1,1.2068,2.4,1.196404366812227,long_nclose,2.871370480349345,0.002617421058563357,15.0
1677165180000.0,77233,1677165180000.0,0.001977379912663757,-0.000143964,1097.0245959382617,1097.0321480779996,-0.6,1.1997,1.8,1.196404366812227,long_nclose,2.1535278602620087,0.001963062513124551,27.0
1677165600000.0,77240,1677165600000.0,0.0013182532751091715,-9.5976e-05,1097.0258182155367,1097.0304321019996,-0.4,1.1997,1.4,1.196404366812227,long_nclose,1.6749661135371179,0.0015268246979471098,7.0
1677165780000.0,77243,1677165780000.0,0.0009886899563318785,-7.1982e-05,1097.026734923493,1097.0299201199996,-0.3,1.1997,1.1,1.196404366812227,long_nclose,1.3160448034934498,0.0011996469744971448,3.0
1677165840000.0,77244,1677165840000.0,0.0006591266375545857,-4.7988e-05,1097.0273460621306,1097.0304921319996,-0.2,1.1997,0.9,1.196404366812227,long_nclose,1.0767639301310044,0.0009815287959740809,1.0
1677166260000.0,77251,1677166260000.0,0.0,-0.010752652000000001,1097.0165934101306,1096.9442094799995,44.9,1.1974,45.8,1.197380435155699,long_ientry_partial,54.840023930131004,0.049990149884294885,7.0
1677166560000.0,77256,1677166560000.0,0.03784303922503347,-0.0027375960000000006,1097.0516988533554,1097.1211718839993,-11.4,1.2007,34.4,1.197380435155699,long_nclose,41.18988696935604,0.037545985309906486,5.0
1677166800000.0,77260,1677166800000.0,0.0,-0.0027300720000000005,1097.0489687813554,1097.0313218119993,11.4,1.1974,45.8,1.1973853050077738,long_ientry_partial,54.84024696935604,0.04998887791697641,4.0
1677199740000.0,77809,1677199740000.0,0.03778752291137928,-0.0027375960000000006,1097.0840187082667,1097.2255642159994,-11.4,1.2007,34.4,1.1973853050077738,long_nclose,41.19005449226742,0.03754503191174509,549.0
1677200160000.0,77816,1677200160000.0,0.11872752291137796,-0.002753784,1097.199992447178,1097.4855304319992,-11.4,1.2078,23.0,1.1973853050077738,long_nclose,27.539862015178798,0.02510012960695918,7.0
1677200400000.0,77820,1677200400000.0,0.07915168194091864,-0.001835856,1097.2773082731187,1097.420754575999,-7.6,1.2078,15.4,1.1973853050077738,long_nclose,18.439733697119717,0.016804989548302916,4.0
1677200460000.0,77821,1677200460000.0,0.053114944460353294,-0.001231956,1097.329191261579,1097.4395526199987,-5.1,1.2078,10.3,1.1973853050077738,long_nclose,12.333068641580072,0.01123916937578319,1.0
1677200940000.0,77829,1677200940000.0,0.08983494446035378,-0.0012393,1097.4177869060393,1097.502103319999,-5.1,1.215,5.2,1.1973853050077738,long_nclose,6.2264035860404245,0.005673685683184146,8.0
1677201000000.0,77830,1677201000000.0,0.0457982069797882,-0.0006318000000000001,1097.462953313019,1097.5155115199987,-2.6,1.215,2.6,1.1973853050077738,long_nclose,3.1132017930202123,0.002836726090499989,1.0
1677201420000.0,77837,1677201420000.0,0.0642582069797879,-0.000635492,1097.5265760279988,1097.5265760279988,-2.6,1.2221,0.0,1.1973853050077738,long_nclose,0.0,0.0,7.0
1677251760000.0,78676,1677251760000.0,0.0,-0.010980108,1097.5155959199988,1097.4172559199988,44.7,1.2282,44.7,1.2282,long_ientry_normal,54.90054,0.05002256022975173,839.0
1677252240000.0,78684,1677252240000.0,0.03774000000000077,-0.002734152,1097.5506017679988,1097.6917217679988,-11.1,1.2316,33.6,1.2282,long_nclose,41.26752,0.037599651381470575,8.0
1677252360000.0,78686,1677252360000.0,0.028560000000000585,-0.002069088,1097.5770926799987,1097.6778926799986,-8.4,1.2316,25.2,1.2282,long_nclose,30.950639999999996,0.028199057912575924,2.0
1677252480000.0,78688,1677252480000.0,0.0,-0.00478998,1097.5723026999988,1097.5633626999988,19.5,1.2282,44.7,1.2282,long_ientry_partial,54.90054,0.05001997578195635,2.0
1677254640000.0,78724,1677254640000.0,0.0,-0.01506728,1097.5572354199987,1095.3100754199988,63.5,1.1864,108.2,1.2036685767097968,long_rentry,130.23694,0.11866072747464751,36.0
1677267360000.0,78936,1677267360000.0,0.0,-0.035652251999999995,1097.5215831679986,1093.6130831679986,153.7,1.1598,261.9,1.1779236349751814,long_rentry,308.4982,0.2810862262129909,212.0
1677268440000.0,78954,1677268440000.0,0.21427427262313975,-0.015450096000000003,1097.720407344622,1098.5017630719988,-65.4,1.1812,196.5,1.1779236349751814,long_nclose,231.46199427262314,0.21085696569359416,18.0
1677269340000.0,78969,1677269340000.0,0.6731019091256147,-0.015565420000000002,1098.3779438337474,1099.7634476519986,-65.5,1.1882,131.0,1.1779236349751814,long_nclose,154.30799618174876,0.14048715840301426,15.0
1677270180000.0,78983,1677270180000.0,1.1316019091256224,-0.01565712,1099.493888622873,1100.6189405319988,-65.5,1.1952,65.5,1.1779236349751814,long_nclose,77.15399809087438,0.07017228462043616,14.0
1677270240000.0,78984,1677270240000.0,0.5649371363115703,-0.007816608000000001,1100.0510091511846,1100.5848739239987,-32.7,1.1952,32.8,1.1779236349751814,long_nclose,38.63589522718595,0.03512191244385837,1.0
1677270300000.0,78985,1677270300000.0,0.0,-0.003176572,1100.0478325791846,1100.5586473519986,13.3,1.1942,46.1,1.1826194192448143,long_ientry_partial,54.51875522718594,0.049560349661669396,1.0
1677270540000.0,78989,1677270540000.0,0.15729288555434254,-0.0036502740000000007,1100.201475190739,1100.5027170779988,-15.3,1.1929,30.8,1.1826194192448143,long_nclose,36.42467811274028,0.03310727983383719,4.0
1677270600000.0,78990,1677270600000.0,0.0,-0.003648744,1100.197826446739,1100.5820483339987,15.3,1.1924,46.1,1.1858654688229995,long_ientry_partial,54.66839811274028,0.04968960744932611,1.0
1677270600000.0,78990,1677270600000.0,0.07175221800540603,-0.002433516,1100.2671451487445,1100.566354817999,-10.2,1.1929,35.9,1.1858654688229995,long_nclose,42.57257033074568,0.038692939726915426,0.0
1677270660000.0,78991,1677270660000.0,0.0,-0.002436168,1100.2647089807444,1100.5085986499987,10.2,1.1942,46.1,1.1877095516430733,long_ientry_partial,54.75341033074568,0.049763852174689635,1.0
1677271560000.0,79006,1677271560000.0,0.037840156104657185,-0.0027393,1100.2998098368491,1100.4413393499988,-11.5,1.191,34.6,1.1877095516430733,long_nclose,41.09475048685034,0.03734868453075876,15.0
1677271620000.0,79007,1677271620000.0,0.0,-0.0027649759999999997,1100.2970448608492,1100.4016143739989,11.6,1.1918,46.2,1.188736590624466,long_ientry_partial,54.91963048685033,0.049913458136930496,1.0
1677306240000.0,79584,1677306240000.0,0.03752920781864022,-0.0027416000000000003,1100.3318324686677,1100.4207827739988,-11.5,1.192,34.7,1.188736590624466,long_nclose,41.249159694668975,0.03748792725747445,577.0
1677306360000.0,79586,1677306360000.0,0.028065320629591814,-0.00205024,1100.3578475492973,1100.4456325339986,-8.6,1.192,26.1,1.188736590624466,long_nclose,31.026025015298565,0.028196304578914328,2.0
1677306780000.0,79593,1677306780000.0,0.02121216094097056,-0.0015496,1100.377510110238,1100.4453929339986,-6.5,1.192,19.6,1.188736590624466,long_nclose,23.299237176239536,0.02117385802796476,7.0
1677307500000.0,79605,1677307500000.0,0.01599070594011627,-0.00116816,1100.3923326561783,1100.4373647739985,-4.9,1.192,14.7,1.188736590624466,long_nclose,17.47442788217965,0.015880179608303034,12.0
1677308400000.0,79620,1677308400000.0,0.011748273751922157,-0.00085824,1100.40322268993,1100.4449965339986,-3.6,1.192,11.1,1.188736590624466,long_nclose,13.194976155931572,0.011991037361446943,15.0
1677308940000.0,79629,1677308940000.0,0.03834461468947594,-0.0008873340000000001,1100.4406799706196,1100.5181091999987,-3.7,1.1991,7.4,1.188736590624466,long_nclose,8.79665077062105,0.007993752803518595,9.0
1677309360000.0,79636,1677309360000.0,0.024872182501281693,-0.000575568,1100.464976585121,1100.5132936319985,-2.4,1.1991,5.0,1.188736590624466,long_nclose,5.94368295312233,0.005401065076660881,7.0
1677311280000.0,79668,1677311280000.0,0.01658145500085446,-0.0003837120000000001,1100.4811743281218,1100.5167499199986,-1.6,1.1991,3.4,1.188736590624466,long_nclose,4.041704408123184,0.003672670194100114,32.0
1677312000000.0,79680,1677312000000.0,0.029687795938407667,-0.00041010799999999996,1100.51045201606,1100.5454098119985,-1.7,1.2062,1.7,1.188736590624466,long_nclose,2.020852204061592,0.0018362862436785846,12.0
1677312240000.0,79684,1677312240000.0,0.041757795938407845,-0.00041252199999999996,1100.5517972899984,1100.5517972899984,-1.7,1.2133,0.0,1.188736590624466,long_nclose,0.0,0.0,4.0
1677350940000.0,80329,1677350940000.0,0.0,-0.011015549999999999,1100.5407817399985,1100.5589817399984,45.5,1.2105,45.5,1.2105,long_ientry_normal,55.077749999999995,0.05004607817705755,645.0
1677351960000.0,80346,1677351960000.0,0.03729000000000091,-0.0027431880000000006,1100.5753285519984,1100.7155485519984,-11.3,1.2138,34.2,1.2105,long_nclose,41.3991,0.03761587137744387,17.0
1677352200000.0,80350,1677352200000.0,0.028050000000000685,-0.00206346,1100.6013150919982,1100.6784150919982,-8.5,1.2138,25.7,1.2105,long_nclose,31.109849999999998,0.02826623008114392,4.0
1677352380000.0,80353,1677352380000.0,0.021120000000000517,-0.0015536640000000002,1100.6208814279983,1100.6421114279983,-6.4,1.2138,19.3,1.2105,long_nclose,23.36265,0.02122679152669553,3.0
1677352560000.0,80356,1677352560000.0,0.0,-0.0063430199999999996,1100.6145384079982,1100.5553884079982,26.2,1.2105,45.5,1.2104999999999997,long_ientry_partial,55.07774999999999,0.05004272438529487,3.0
1677356400000.0,80420,1677356400000.0,0.0,-0.015107355999999999,1100.5994310519982,1098.9120010519982,64.6,1.1693,110.1,1.1863263396911896,long_rentry,130.61452999999997,0.11867581093981962,64.0
1677357900000.0,80445,1677357900000.0,0.0,-0.035756168000000005,1100.5636748839981,1099.002454883998,156.4,1.1431,266.5,1.1609582363977486,long_rentry,309.39537,0.28112446109273137,25.0
1677360420000.0,80487,1677360420000.0,0.21590145590993373,-0.015507143999999997,1100.7640691959082,1101.5120477399983,-66.6,1.1642,199.9,1.1609582363977486,long_nclose,232.07555145590996,0.2108313288472776,42.0
1677361260000.0,80501,1677361260000.0,0.6754414559099422,-0.015599052,1101.4239115998182,1102.8424586879983,-66.6,1.1711,133.3,1.1609582363977486,long_nclose,154.7557329118199,0.1405051509069176,14.0
1677361440000.0,80504,1677361440000.0,0.4502943039399615,-0.010399368,1101.8638065357582,1102.6053893199983,-44.4,1.1711,88.9,1.1609582363977486,long_nclose,103.20918721575985,0.09366782591783994,3.0
1677361500000.0,80505,1677361500000.0,0.30019620262664104,-0.006932912,1102.157069826385,1102.8177764079985,-29.6,1.1711,59.3,1.1609582363977486,long_nclose,68.8448234183865,0.062463713478906537,1.0
1677361620000.0,80507,1677361620000.0,0.1997927429643523,-0.004614134,1102.3522484353493,1102.7697022739985,-19.7,1.1711,39.6,1.1609582363977486,long_nclose,45.973946161350845,0.041705313548010714,2.0
1677361860000.0,80511,1677361860000.0,0.13387127954971828,-0.0030917040000000002,1102.483028010899,1102.7692505699986,-13.2,1.1711,26.4,1.1609582363977486,long_nclose,30.64929744090056,0.027800244232510367,4.0
1677361920000.0,80512,1677361920000.0,0.0,-0.004827816,1102.478200194899,1102.6892227539986,20.6,1.1718,47.0,1.165710158317033,long_ientry_partial,54.788377440900554,0.049695656051262437,1.0
1677363780000.0,80543,1677363780000.0,0.03732114769071375,-0.0027352260000000003,1102.51278611659,1102.7312875279986,-11.7,1.1689,35.3,1.165710158317033,long_nclose,41.149568588591265,0.03732343888140607,31.0
1677363840000.0,80544,1677363840000.0,0.0,-0.002742246,1102.51004387059,1102.7191452819986,11.7,1.1719,47.0,1.167251033799814,long_ientry_partial,54.860798588591265,0.04975990821452389,1.0
1677364500000.0,80555,1677364500000.0,0.1583238727229001,-0.003673488,1102.6646942553127,1102.9708117939986,-15.6,1.1774,31.4,1.167251033799814,long_nclose,36.65168246131416,0.033239191072556254,11.0
1677364560000.0,80556,1677364560000.0,0.0,-0.0036251600000000005,1102.6610690953128,1102.9812266339986,15.4,1.177,46.8,1.1704590269511574,long_ientry_partial,54.777482461314165,0.04967753373777565,1.0
1677364560000.0,80556,1677364560000.0,0.07218611970796261,-0.002448992,1102.7308062230209,1102.9798176419988,-10.4,1.1774,36.4,1.1704590269511574,long_nclose,42.60470858102213,0.03863563830863503,0.0
1677364620000.0,80557,1677364620000.0,0.0,-0.0024487840000000003,1102.7283574390208,1102.9633288579987,10.4,1.1773,46.8,1.1719792431842335,long_ientry_partial,54.848628581022126,0.04973902068538685,1.0
1677365520000.0,80572,1677365520000.0,0.03768285474446806,-0.0027499679999999998,1102.7632903257652,1102.8903788899986,-11.7,1.1752,35.1,1.1719792431842335,long_nclose,41.1364714357666,0.037303083804698066,15.0
1677365880000.0,80578,1677365880000.0,0.0,-0.0027574559999999997,1102.7605328697653,1102.9297414339987,11.7,1.1784,46.8,1.1735844323881752,long_ientry_partial,54.9237514357666,0.04980569198721317,6.0
1677366180000.0,80583,1677366180000.0,0.1593628547444659,-0.003693456,1102.9162022685096,1103.4439679779985,-15.6,1.1838,31.2,1.1735844323881752,long_nclose,36.61583429051107,0.033199108159984024,5.0
1677366180000.0,80583,1677366180000.0,0.2685628547444677,-0.0037152960000000003,1103.181049827254,1103.4449326819984,-15.6,1.1908,15.6,1.1735844323881752,long_nclose,18.307917145255534,0.016595568921458862,0.0
1677366240000.0,80584,1677366240000.0,0.13428142737223386,-0.0018576480000000002,1103.3134736066263,1103.4680350339986,-7.8,1.1908,7.8,1.1735844323881752,long_nclose,9.153958572627767,0.008296788529831282,1.0
1677366480000.0,80588,1677366480000.0,0.0,-0.009185256,1103.3042883506264,1103.4354097779985,38.6,1.1898,46.4,1.1870741071687019,long_ientry_partial,55.08023857262776,0.049922980590394885,4.0
1677367020000.0,80597,1677367020000.0,0.03858035684305711,-0.0027617279999999998,1103.3401069794695,1103.4454080499986,-11.6,1.1904,34.8,1.1870741071687019,long_nclose,41.31017892947082,0.03744101992500079,9.0
1677367080000.0,80598,1677367080000.0,0.028935267632292837,-0.002071296,1103.3669709511018,1103.4642167539987,-8.7,1.1904,26.1,1.1870741071687019,long_nclose,30.98263419710312,0.02808008125383353,1.0
1677367140000.0,80599,1677367140000.0,0.0,-0.004830182000000001,1103.3621407691019,1103.4353165719988,20.3,1.1897,46.4,1.1882229352823948,long_ientry_partial,55.13354419710311,0.04996867497979594,1.0
1677367200000.0,80600,1677367200000.0,0.03801395072422089,-0.00276428,1103.397390439826,1103.5149122919986,-11.6,1.1915,34.8,1.1882229352823948,long_nclose,41.35015814782734,0.03747530899211636,1.0
1677367320000.0,80602,1677367320000.0,0.0,-0.0027601039999999998,1103.3946303358262,1103.4089121879988,11.6,1.1897,46.4,1.188592201461796,long_ientry_partial,55.150678147827335,0.04998273204487304,2.0
1677367740000.0,80609,1677367740000.0,0.03837046304316587,-0.002765208,1103.4302355908692,1103.5523069799988,-11.6,1.1919,34.8,1.188592201461796,long_nclose,41.363008610870494,0.0374858394094315,7.0
1677368040000.0,80614,1677368040000.0,0.0287778472823744,-0.002073906,1103.4569395321514,1103.5511030739985,-8.7,1.1919,26.1,1.188592201461796,long_nclose,31.022256458152878,0.028113699181869147,5.0
1677368160000.0,80616,1677368160000.0,0.021500690498325703,-0.00154947,1103.4768907526495,1103.5123236039983,-6.5,1.1919,19.6,1.188592201461796,long_nclose,23.296407148651202,0.021111821501546262,2.0
1677368340000.0,80619,1677368340000.0,0.0,-0.006376256,1103.4705144966495,1103.4763473479982,26.8,1.1896,46.4,1.1891742919967931,long_ientry_partial,55.1776871486512,0.05000377121433156,3.0
1677368940000.0,80629,1677368940000.0,0.03857821283719831,-0.0027665999999999997,1103.5063261094865,1103.667300747998,-11.6,1.1925,34.8,1.1891742919967931,long_nclose,41.3832653614884,0.03750161134770194,10.0
1677369180000.0,80633,1677369180000.0,0.11977821283719967,-0.00278284,1103.6233214823237,1103.869837907998,-11.6,1.1995,23.2,1.1891742919967931,long_nclose,27.5888435743256,0.02499842386192949,4.0
1677369360000.0,80636,1677369360000.0,0.20213821283719832,-0.002799312,1103.8226603831608,1104.028278595998,-11.6,1.2066,11.6,1.1891742919967931,long_nclose,13.7944217871628,0.012496954703189784,3.0
1677369720000.0,80642,1677369720000.0,0.10106910641859916,-0.001399656,1103.9223298335794,1104.048338939998,-5.8,1.2066,5.8,1.1891742919967931,long_nclose,6.8972108935814,0.006247913197499304,6.0
1677370200000.0,80650,1677370200000.0,0.14224910641859978,-0.001407892,1104.063171047998,1104.063171047998,-5.8,1.2137,0.0,1.1891742919967931,long_nclose,0.0,0.0,8.0
1677399180000.0,81133,1677399180000.0,0.0,-0.011034722000000002,1104.052136325998,1104.0612763259978,45.7,1.2073,45.7,1.2073,long_ientry_normal,55.173610000000004,0.049973736008159554,483.0
1677403560000.0,81206,1677403560000.0,0.03761999999999839,-0.002760168,1104.086996157998,1104.2379161579981,-11.4,1.2106,34.3,1.2073,long_nclose,41.41039,0.03750645569062934,73.0
1677404160000.0,81216,1677404160000.0,0.028049999999998798,-0.00205802,1104.112988137998,1104.239408137998,-8.5,1.2106,25.8,1.2073,long_nclose,31.14834,0.028211188831796366,10.0
1677404760000.0,81226,1677404760000.0,0.021119999999999098,-0.001549568,1104.132558569998,1104.212098569998,-6.4,1.2106,19.4,1.2073,long_nclose,23.42162,0.021212688474954663,10.0
1677405000000.0,81230,1677405000000.0,0.01583999999999932,-0.0011621759999999998,1104.1472363939981,1104.2027163939981,-4.8,1.2106,14.6,1.2073,long_nclose,17.62658,0.015963976016066597,4.0
1677405420000.0,81237,1677405420000.0,0.0,-0.007506296000000001,1104.1397300979982,1104.146140097998,31.1,1.2068,45.7,1.206959737417943,long_ientry_partial,55.15806,0.04995568812210428,7.0
1677437220000.0,81767,1677437220000.0,0.038078993435448495,-0.002759484,1104.1750496074335,1104.341070613998,-11.4,1.2103,34.3,1.206959737417943,long_nclose,41.398718993435445,0.037492894816047416,530.0
1677437340000.0,81769,1677437340000.0,0.12015899343544958,-0.0027759,1104.292432700869,1104.4925847139982,-11.4,1.2175,22.9,1.206959737417943,long_nclose,27.639377986870894,0.025029038657152378,2.0
1677437520000.0,81772,1677437520000.0,0.019039496717724248,-0.001379742,1104.310092455587,1104.4036649719983,-5.7,1.2103,17.2,1.206959737417943,long_nclose,20.75970748358862,0.018798802641952248,3.0
1677437700000.0,81775,1677437700000.0,0.06007949671772479,-0.00138795,1104.3687840023047,1104.4761970219984,-5.7,1.2175,11.5,1.206959737417943,long_nclose,13.880036980306345,0.012568298906461467,3.0
1677437760000.0,81776,1677437760000.0,0.040052997811816524,-0.0009253000000000001,1104.4079117001165,1104.5013917219983,-3.8,1.2175,7.7,1.206959737417943,long_nclose,9.293589978118161,0.008414997646849238,1.0
1677437820000.0,81777,1677437820000.0,0.06741299781181605,-0.0009307719999999998,1104.4743939259283,1104.5451409499983,-3.8,1.2247,3.9,1.206959737417943,long_nclose,4.707142975929978,0.004261885111883964,1.0
1677437940000.0,81779,1677437940000.0,0.033706498905908024,-0.0004653859999999999,1104.5076350388342,1104.5471155639984,-1.9,1.2247,2.0,1.206959737417943,long_nclose,2.413919474835886,0.0021855163316738986,2.0
1677438420000.0,81787,1677438420000.0,0.017740262582056854,-0.00024493999999999997,1104.5251303614164,1104.5421706239983,-1.0,1.2247,1.0,1.206959737417943,long_nclose,1.206959737417943,0.001092740856899298,8.0
1677438660000.0,81791,1677438660000.0,0.008870131291028427,-0.00012246999999999998,1104.5338780227075,1104.5432481539985,-0.5,1.2247,0.5,1.206959737417943,long_nclose,0.6034798687089715,0.0005463661013180484,4.0
1677438780000.0,81793,1677438780000.0,0.003548052516411371,-4.8988e-05,1104.537377087224,1104.5430291659986,-0.2,1.2247,0.3,1.206959737417943,long_nclose,0.3620879212253829,0.0003278186222907595,2.0
1677438900000.0,81795,1677438900000.0,0.0017740262582056855,-2.4494e-05,1104.5391266194824,1104.5424946719988,-0.1,1.2247,0.2,1.206959737417943,long_nclose,0.2413919474835886,0.00021854540202879475,2.0
1677439080000.0,81798,1677439080000.0,0.0017740262582056855,-2.4494e-05,1104.5408761517408,1104.542860177999,-0.1,1.2247,0.1,1.206959737417943,long_nclose,0.1206959737417943,0.00010927252793242321,3.0
1677439920000.0,81812,1677439920000.0,0.0017740262582056855,-2.4494e-05,1104.5426256839992,1104.5426256839992,-0.1,1.2247,0.0,1.206959737417943,long_nclose,0.0,0.0,14.0
1677450480000.0,81988,1677450480000.0,0.0,-0.011047876,1104.5315778079992,1104.5269978079991,45.8,1.2061,45.8,1.2061,long_ientry_normal,55.23938,0.050011589627546406,176.0
1677451380000.0,82003,1677451380000.0,0.037620000000000924,-0.002757432,1104.5664403759993,1104.7659603759992,-11.4,1.2094,34.4,1.2061,long_nclose,41.489839999999994,0.03756210444514019,15.0
1677451740000.0,82009,1677451740000.0,0.028380000000000693,-0.0020801680000000003,1104.5927402079992,1104.7320602079992,-8.6,1.2094,25.8,1.2061,long_nclose,31.11738,0.028170907581866304,6.0
1677452700000.0,82025,1677452700000.0,0.0902999999999996,-0.002092552,1104.6809476559993,1104.8718676559993,-8.6,1.2166,17.2,1.2061,long_nclose,20.744919999999997,0.018779105445801553,16.0
1677453720000.0,82042,1677453720000.0,0.05984999999999974,-0.001386924,1104.7394107319994,1104.8693607319994,-5.7,1.2166,11.5,1.2061,long_nclose,13.870149999999999,0.012555132789921606,17.0
1677454620000.0,82057,1677454620000.0,0.10089000000000029,-0.001395132,1104.8389055999994,1104.9467855999994,-5.7,1.2238,5.8,1.2061,long_nclose,6.99538,0.006331583694729734,15.0
1677455040000.0,82064,1677455040000.0,0.05133000000000014,-0.0007098040000000001,1104.8895257959994,1104.9414357959993,-2.9,1.2238,2.9,1.2061,long_nclose,3.49769,0.0031656468075214553,7.0
1677455280000.0,82068,1677455280000.0,0.024780000000000066,-0.000342664,1104.9139631319993,1104.9418631319993,-1.4,1.2238,1.5,1.2061,long_nclose,1.8091499999999998,0.0016373673067464607,4.0
1677456060000.0,82081,1677456060000.0,0.037350000000000216,-0.0003693000000000001,1104.9509438319992,1104.9509438319992,-1.5,1.231,0.0,1.2061,long_nclose,0.0,0.0,13.0
1677469740000.0,82309,1677469740000.0,0.0,-0.011037936,1104.9399058959991,1104.8943058959992,45.6,1.2103,45.6,1.2103,long_ientry_normal,55.189679999999996,0.04994812813394274,228.0
1677505740000.0,82909,1677505740000.0,0.037620000000000924,-0.0027670080000000005,1104.974758887999,1105.1765388879992,-11.4,1.2136,34.2,1.2103,long_nclose,41.39226,0.03745991450669467,600.0
1677506280000.0,82918,1677506280000.0,0.028050000000000685,-0.00206312,1105.000745767999,1105.080415767999,-8.5,1.2136,25.7,1.2103,long_nclose,31.104709999999997,0.028149039825653296,9.0
1677506340000.0,82919,1677506340000.0,0.021120000000000517,-0.0015534080000000003,1105.020312359999,1105.111022359999,-6.4,1.2136,19.3,1.2103,long_nclose,23.35879,0.02113878789260668,1.0
1677506580000.0,82923,1677506580000.0,0.06784000000000105,-0.0015627520000000004,1105.086589607999,1105.223329607999,-6.4,1.2209,12.9,1.2103,long_nclose,15.61287,0.014128187009796456,4.0
1677507000000.0,82930,1677507000000.0,0.010560000000000258,-0.0007767040000000001,1105.096372903999,1105.1400229039991,-3.2,1.2136,9.7,1.2103,long_nclose,11.739909999999998,0.010623426415878625,7.0
1677507240000.0,82934,1677507240000.0,0.007920000000000193,-0.000582528,1105.103710375999,1105.125610375999,-2.4,1.2136,7.3,1.2103,long_nclose,8.835189999999999,0.007994896693446015,4.0
1677507300000.0,82935,1677507300000.0,0.005940000000000146,-0.00043689600000000004,1105.109213479999,1105.122963479999,-1.8,1.2136,5.5,1.2103,long_nclose,6.65665,0.006023522307843357,1.0
1677507360000.0,82936,1677507360000.0,0.004290000000000105,-0.000315536,1105.113187943999,1105.138807943999,-1.3,1.2136,4.2,1.2103,long_nclose,5.08326,0.004599764128647419,1.0
1677509700000.0,82975,1677509700000.0,0.0033000000000000806,-0.00024272,1105.1162452239992,1105.129685223999,-1.0,1.2136,3.2,1.2103,long_nclose,3.87296,0.003504572497904941,39.0
1677509820000.0,82977,1677509820000.0,0.0026400000000000646,-0.00019417600000000003,1105.1186910479992,1105.1258910479992,-0.8,1.2136,2.4,1.2103,long_nclose,2.9047199999999997,0.0026284235562475324,2.0
1677509880000.0,82978,1677509880000.0,0.001980000000000048,-0.000145632,1105.120525415999,1105.125745415999,-0.6,1.2136,1.8,1.2103,long_nclose,2.17854,0.0019713143950339128,1.0
1677510000000.0,82980,1677510000000.0,0.0013200000000000323,-9.708800000000002e-05,1105.121748327999,1105.125528327999,-0.4,1.2136,1.4,1.2103,long_nclose,1.6944199999999998,0.0015332428328042437,2.0
1677510060000.0,82981,1677510060000.0,0.000990000000000024,-7.2816e-05,1105.122665511999,1105.126405511999,-0.3,1.2136,1.1,1.2103,long_nclose,1.3313300000000001,0.0012046897973838951,1.0
1677510780000.0,82993,1677510780000.0,0.0031800000000000495,-7.325400000000001e-05,1105.125772257999,1105.1340122579988,-0.3,1.2209,0.8,1.2103,long_nclose,0.96824,0.0008761355714487473,12.0
1677510840000.0,82994,1677510840000.0,0.002120000000000033,-4.883600000000001e-05,1105.1278434219992,1105.134263421999,-0.2,1.2209,0.6,1.2103,long_nclose,0.7261799999999999,0.0006571004470861966,1.0
1677510960000.0,82996,1677510960000.0,0.002120000000000033,-4.883600000000001e-05,1105.1299145859994,1105.1343145859994,-0.2,1.2209,0.4,1.2103,long_nclose,0.48412,0.00043806614372696596,2.0
1677511260000.0,83001,1677511260000.0,0.0010600000000000164,-2.4418000000000006e-05,1105.1309501679993,1105.1335901679993,-0.1,1.2209,0.3,1.2103,long_nclose,0.36308999999999997,0.000328549299922153,5.0
1677511620000.0,83007,1677511620000.0,0.0010600000000000164,-2.4418000000000006e-05,1105.1319857499993,1105.1341457499993,-0.1,1.2209,0.2,1.2103,long_nclose,0.24206,0.0002190326613664391,6.0
1677512580000.0,83023,1677512580000.0,0.0,-0.010995663999999999,1105.1209900859994,1105.0684100859994,45.8,1.2004,46.0,1.2004430434782607,long_ientry_partial,55.22037999999999,0.049967723439677675,16.0
1677512880000.0,83028,1677512880000.0,0.03860500000000178,-0.00276874,1105.1568263459994,1105.3243913459994,-11.5,1.2038,34.5,1.2004430434782607,long_nclose,41.415285,0.037474577374626665,5.0
1677513540000.0,83039,1677513540000.0,0.02886982608695785,-0.002070536,1105.1836256360864,1105.2369008099995,-8.6,1.2038,25.9,1.2004430434782607,long_nclose,31.09147482608695,0.028132406330389045,11.0
1677513660000.0,83041,1677513660000.0,0.021484521739131426,-0.001540864,1105.2035692938257,1105.2787799459995,-6.4,1.2038,19.5,1.2004430434782607,long_nclose,23.408639347826085,0.021180387032936503,2.0
1677513780000.0,83043,1677513780000.0,0.01611339130434857,-0.001155648,1105.2185270371301,1105.2693442979996,-4.8,1.2038,14.7,1.2004430434782607,long_nclose,17.646512739130433,0.01596653721181928,2.0
1677514020000.0,83047,1677514020000.0,0.012085043478261425,-0.0008667360000000001,1105.2297453446083,1105.2581275619996,-3.6,1.2038,11.1,1.2004430434782607,long_nclose,13.324917782608694,0.012056242458850954,4.0
1677514260000.0,83051,1677514260000.0,0.0,-0.008379489999999998,1105.2213658546084,1105.1805980719996,34.9,1.2005,46.0,1.200486256143667,long_ientry_partial,55.222367782608686,0.04996498392872471,4.0
1677522240000.0,83184,1677522240000.0,0.0,-0.015144376000000001,1105.2062214786083,1103.4590136959996,65.3,1.1596,111.3,1.1764981831321535,long_rentry,130.94424778260867,0.11847947038103344,133.0
1677540900000.0,83495,1677540900000.0,0.0890105089261323,-0.006559132,1105.2886728555345,1105.5894245639997,-27.8,1.1797,83.5,1.1764981831321535,long_nclose,98.23759829153482,0.08887958476742198,311.0
1677541260000.0,83501,1677541260000.0,0.0665977908512069,-0.004907552,1105.3503630943856,1105.6138170119996,-20.8,1.1797,62.7,1.1764981831321535,long_nclose,73.76643608238602,0.06673579576694555,6.0
1677542220000.0,83517,1677542220000.0,0.04994834313840517,-0.003680664,1105.3966307735238,1105.5333063479993,-15.6,1.1797,47.1,1.1764981831321535,long_nclose,55.41306442552443,0.05012957601177779,16.0
1677542340000.0,83519,1677542340000.0,0.03746125735380387,-0.0027604979999999997,1105.4313315328775,1105.5871558499994,-11.7,1.1797,35.4,1.1764981831321535,long_nclose,41.64803568287823,0.03767582344995216,2.0
1677542880000.0,83528,1677542880000.0,0.028175988437049073,-0.002076272,1105.4574312493144,1105.555899577999,-8.8,1.1797,26.6,1.1764981831321535,long_nclose,31.294851671315286,0.02830941362974776,9.0
1677543000000.0,83530,1677543000000.0,0.0211319913277868,-0.001557204,1105.4770060366423,1105.5270423739992,-6.6,1.1797,20.0,1.1764981831321535,long_nclose,23.52996366264307,0.021284896505448566,2.0
1677543480000.0,83538,1677543480000.0,0.016009084339232427,-0.0011797,1105.4918354209815,1105.548862673999,-5.0,1.1797,15.0,1.1764981831321535,long_nclose,17.647472746982302,0.015963458237809584,8.0
1677543780000.0,83543,1677543780000.0,0.011846722411031997,-0.0008729780000000001,1105.5028091653926,1105.5457696959993,-3.7,1.1797,11.3,1.1764981831321535,long_nclose,13.294429469393336,0.01202568583197908,5.0
1677544140000.0,83549,1677544140000.0,0.0,-0.008391642000000001,1105.4944175233925,1105.4714780539991,35.7,1.1753,47.0,1.1755880738168796,long_ientry_partial,55.25263946939334,0.04998002576365265,6.0
1677546540000.0,83589,1677546540000.0,0.03757953634250979,-0.002758392,1105.529238667735,1105.646149661999,-11.7,1.1788,35.3,1.1755880738168796,long_nclose,41.49825900573585,0.03753700721271297,40.0
1677547020000.0,83597,1677547020000.0,0.028264950411460356,-0.0020746880000000007,1105.5554289301465,1105.6458449739991,-8.8,1.1788,26.5,1.1755880738168796,long_nclose,31.15308395614731,0.028178672132517464,8.0
1677548460000.0,83621,1677548460000.0,0.0,-0.00481791,1105.5506110201466,1105.4718770639993,20.5,1.1751,47.0,1.1753751905563257,long_ientry_partial,55.24263395614731,0.04996843509965788,24.0
1677556800000.0,83760,1677556800000.0,0.03773027049099078,-0.002757924,1105.5855833666376,1105.7205991399992,-11.7,1.1786,35.3,1.1753751905563257,long_nclose,41.49074422663829,0.0375282970860511,139.0
1677557220000.0,83767,1677557220000.0,0.0,-0.002770876,1105.5828124906375,1105.5095382639993,11.8,1.1741,47.1,1.1750557160645072,long_ientry_partial,55.34512422663829,0.05005968218876139,7.0
1677620040000.0,84814,1677620040000.0,0.0,-0.015187638000000002,1105.5676248526374,1103.7313106259992,66.9,1.1351,114.0,1.151608019531915,long_rentry,131.2833142266383,0.11874743007614504,1047.0
1677640680000.0,85158,1677640680000.0,0.09097144334042562,-0.006582360000000001,1105.6520139359777,1105.933478265999,-28.5,1.1548,85.5,1.151608019531915,long_nclose,98.46248566997873,0.08905377499333182,344.0
1677640800000.0,85160,1677640800000.0,0.06798918397021284,-0.004919448000000001,1105.715083671948,1105.932848817999,-21.3,1.1548,64.2,1.151608019531915,long_nclose,73.93323485394895,0.0668646344304407,2.0
1677640980000.0,85163,1677640980000.0,0.05107168748936175,-0.0036953600000000004,1105.7624599994374,1105.921133457999,-16.0,1.1548,48.2,1.151608019531915,long_nclose,55.5075065414383,0.050198400243635095,3.0
1677641100000.0,85165,1677641100000.0,0.03830376561702131,-0.0027715200000000004,1105.7979922450545,1105.9606019379992,-12.0,1.1548,36.2,1.151608019531915,long_nclose,41.68821030705532,0.03769966178218277,2.0
1677641460000.0,85171,1677641460000.0,0.028727824212765984,-0.00207864,1105.8246414292673,1105.9305032979992,-9.0,1.1548,27.2,1.151608019531915,long_nclose,31.323738131268087,0.0283261350468574,6.0
1677641880000.0,85178,1677641880000.0,0.021705467182978742,-0.001570528,1105.8447763684503,1105.9078527699992,-6.8,1.1548,20.4,1.151608019531915,long_nclose,23.49280359845106,0.021244214468870107,7.0
1677642120000.0,85182,1677642120000.0,0.016279100387234055,-0.001177896,1105.8598775728376,1105.9117748739993,-5.1,1.1548,15.3,1.151608019531915,long_nclose,17.6196026988383,0.015932943274431965,4.0
1677642900000.0,85195,1677642900000.0,0.051469100387233575,-0.001184934,1105.9101617392248,1106.0365599399993,-5.1,1.1617,10.2,1.151608019531915,long_nclose,11.74640179922553,0.010621479217400797,13.0
1677643500000.0,85205,1677643500000.0,0.08614910038723428,-0.00119187,1105.9951189696121,1106.0848380699993,-5.1,1.1685,5.1,1.151608019531915,long_nclose,5.873200899612765,0.005310331663203421,10.0
1677643800000.0,85210,1677643800000.0,0.04222995117021289,-0.00058425,1106.0367646707823,1106.0770438199993,-2.5,1.1685,2.6,1.151608019531915,long_nclose,2.994180850782979,0.0027071259712367814,5.0
1677645540000.0,85239,1677645540000.0,0.021959574608510703,-0.00030381000000000006,1106.0584204353906,1106.079470009999,-1.3,1.1685,1.3,1.151608019531915,long_nclose,1.4970904253914894,0.001353536483906675,29.0
1677645720000.0,85242,1677645720000.0,0.010135188280851092,-0.00014022,1106.0684154036715,1106.080519789999,-0.6,1.1685,0.7,1.151608019531915,long_nclose,0.8061256136723404,0.0007288207514524644,3.0
1677645900000.0,85245,1677645900000.0,0.005067594140425546,-7.011e-05,1106.0734128878119,1106.080169679999,-0.3,1.1685,0.4,1.151608019531915,long_nclose,0.460643207812766,0.00041646711913098726,3.0
1677645960000.0,85246,1677645960000.0,0.0033783960936170313,-4.674e-05,1106.0767445439055,1106.080622939999,-0.2,1.1685,0.2,1.151608019531915,long_nclose,0.230321603906383,0.00020823293233721943,1.0
1677646140000.0,85249,1677646140000.0,0.004758396093617012,-4.7016000000000005e-05,1106.081455923999,1106.081455923999,-0.2,1.1754,0.0,1.151608019531915,long_nclose,0.0,0.0,3.0
1677700200000.0,86150,1677700200000.0,0.0,-0.011057144000000001,1106.070398779999,1105.9953587799992,46.9,1.1788,46.9,1.1788,long_ientry_normal,55.285720000000005,0.04998390704694784,901.0
1677701220000.0,86167,1677701220000.0,0.03860999999999834,-0.0027661139999999996,1106.1062426659992,1106.240002665999,-11.7,1.1821,35.2,1.1788,long_nclose,41.49376000000001,0.03751335848172182,17.0
1677701340000.0,86169,1677701340000.0,0.029039999999998758,-0.0020804960000000003,1106.133202169999,1106.233522169999,-8.8,1.1821,26.4,1.1788,long_nclose,31.12032,0.02813433313361223,2.0
1677701700000.0,86175,1677701700000.0,0.021779999999999064,-0.0015603719999999998,1106.153421797999,1106.195001797999,-6.6,1.1821,19.8,1.1788,long_nclose,23.34024,0.021100364144841288,6.0
1677701760000.0,86176,1677701760000.0,0.01616999999999931,-0.0011584580000000002,1106.1684333399992,1106.2280333399992,-4.9,1.1821,14.9,1.1788,long_nclose,17.564120000000003,0.01587834137244936,1.0
1677703380000.0,86203,1677703380000.0,0.05046999999999988,-0.001165318,1106.2177380219991,1106.3217380219992,-4.9,1.1891,10.0,1.1788,long_nclose,11.788,0.010656129977700263,27.0
1677703500000.0,86205,1677703500000.0,0.033989999999999916,-0.0007848060000000001,1106.250943215999,1106.3206232159991,-3.3,1.1891,6.7,1.1788,long_nclose,7.89796,0.007139392782834353,2.0
1677703680000.0,86208,1677703680000.0,0.022659999999999948,-0.0005232040000000001,1106.2730800119991,1106.3153800119992,-2.2,1.1891,4.5,1.1788,long_nclose,5.304600000000001,0.004795018604215213,3.0
1677704580000.0,86223,1677704580000.0,0.015449999999999964,-0.00035673000000000004,1106.2881732819992,1106.3199732819992,-1.5,1.1891,3.0,1.1788,long_nclose,3.5364000000000004,0.003196635456662838,15.0
1677704700000.0,86225,1677704700000.0,0.010299999999999976,-0.00023782000000000002,1106.2982354619992,1106.3178354619993,-1.0,1.1891,2.0,1.1788,long_nclose,2.3576,0.0021310709214097654,2.0
1677705300000.0,86235,1677705300000.0,0.006179999999999985,-0.000142692,1106.3042727699992,1106.3192527699991,-0.6,1.1891,1.4,1.1788,long_nclose,1.65032,0.0014917415042318125,10.0
1677705480000.0,86238,1677705480000.0,0.004119999999999991,-9.512800000000001e-05,1106.3082976419992,1106.319497641999,-0.4,1.1891,1.0,1.1788,long_nclose,1.1788,0.0010655257693651134,3.0
1677706740000.0,86259,1677706740000.0,0.008649999999999936,-0.00011961,1106.3168280319992,1106.3259280319992,-0.5,1.1961,0.5,1.1788,long_nclose,0.5894,0.0005327587767497578,21.0
1677707460000.0,86271,1677707460000.0,0.0034599999999999744,-4.7844e-05,1106.3202401879992,1106.3256101879992,-0.2,1.1961,0.3,1.1788,long_nclose,0.35364,0.0003196542801566256,12.0
1677707580000.0,86273,1677707580000.0,0.0017299999999999872,-2.3922e-05,1106.321946265999,1106.325246265999,-0.1,1.1961,0.2,1.1788,long_nclose,0.23576000000000003,0.00021310252480819444,2.0
1677708180000.0,86283,1677708180000.0,0.0017299999999999872,-2.3922e-05,1106.323652343999,1106.325422343999,-0.1,1.1961,0.1,1.1788,long_nclose,0.11788000000000001,0.00010655109808982602,10.0
1677708360000.0,86286,1677708360000.0,0.0017299999999999872,-2.3922e-05,1106.3253584219988,1106.3253584219988,-0.1,1.1961,0.0,1.1788,long_nclose,0.0,0.0,3.0
1677720480000.0,86488,1677720480000.0,0.0,-0.011054824000000001,1106.3143035979988,1106.2862835979988,46.7,1.1836,46.7,1.1836,long_ientry_normal,55.27412,0.04996240202285674,202.0
1677760980000.0,87163,1677760980000.0,0.0,-0.015160158,1106.2991434399987,1104.3041334399986,66.3,1.1433,113.0,1.1599549557522124,long_rentry,131.07491,0.11848053103650348,675.0
1677785400000.0,87570,1677785400000.0,0.09151024778761027,-0.006560448,1106.3840932397864,1106.6931929919988,-28.2,1.1632,84.8,1.1599549557522124,long_nclose,98.36418024778762,0.08890599643361753,407.0
1677785940000.0,87579,1677785940000.0,0.2860902477876076,-0.006599364,1106.6635841235739,1107.2151536279987,-28.2,1.1701,56.6,1.1599549557522124,long_nclose,65.65345049557523,0.05932557232157387,9.0
1677786120000.0,87582,1677786120000.0,0.19072683185840508,-0.004399576,1106.8499113794323,1107.1502340519987,-18.8,1.1701,37.8,1.1599549557522124,long_nclose,43.846297327433625,0.039613588867518056,3.0
1677786360000.0,87586,1677786360000.0,0.12782755752212255,-0.002948652,1106.9747902849545,1107.2354853999987,-12.6,1.1701,25.2,1.1599549557522124,long_nclose,29.230864884955754,0.026406080013286683,4.0
1677786600000.0,87590,1677786600000.0,0.08521837168141504,-0.001965768,1107.0580428886358,1107.2318396319986,-8.4,1.1701,16.8,1.1599549557522124,long_nclose,19.487243256637168,0.017602729488138937,4.0
1677786960000.0,87596,1677786960000.0,0.05681224778761002,-0.0013105119999999998,1107.1135446244234,1107.2428491199987,-5.6,1.1701,11.2,1.1599549557522124,long_nclose,12.991495504424778,0.01173456468625538,6.0
1677789180000.0,87633,1677789180000.0,0.037536663716813766,-0.000865874,1107.1502154141401,1107.2263032459985,-3.7,1.1701,7.5,1.1599549557522124,long_nclose,8.699662168141593,0.007857707153936109,37.0
1677789360000.0,87636,1677789360000.0,0.02536261061946876,-0.0005850499999999999,1107.1749929747596,1107.2227181959986,-2.5,1.1701,5.0,1.1599549557522124,long_nclose,5.799774778761062,0.0052383542037724475,3.0
1677789420000.0,87637,1677789420000.0,0.016232070796460007,-0.000374432,1107.190850613556,1107.2260237639985,-1.6,1.1701,3.4,1.1599549557522124,long_nclose,3.9438468495575223,0.003562029840990844,1.0
1677789660000.0,87641,1677789660000.0,0.011159548672566256,-0.000257422,1107.2017527402286,1107.2278463419984,-1.1,1.1701,2.3,1.1599549557522124,long_nclose,2.6678963982300883,0.0024095846954968014,4.0
1677792360000.0,87686,1677792360000.0,0.007101530973451253,-0.00016381399999999997,1107.208690457202,1107.2258825279985,-0.7,1.1701,1.6,1.1599549557522124,long_nclose,1.85592792920354,0.001676222328454781,45.0
1677795120000.0,87732,1677795120000.0,0.005072522123893752,-0.00011700999999999999,1107.2136459693259,1107.2249155179984,-0.5,1.1701,1.1,1.1599549557522124,long_nclose,1.2759504513274338,0.0011523976930490093,46.0
1677795360000.0,87736,1677795360000.0,0.0030435132743362515,-7.0206e-05,1107.2166192766003,1107.2246553119985,-0.3,1.1701,0.8,1.1599549557522124,long_nclose,0.92796396460177,0.0008381051624821663,4.0
1677795480000.0,87738,1677795480000.0,0.002029008849557501,-4.6804e-05,1107.21860148145,1107.2260085079986,-0.2,1.1701,0.6,1.1599549557522124,long_nclose,0.6959729734513275,0.0006285777465444682,2.0
1677798540000.0,87789,1677798540000.0,0.002029008849557501,-4.6804e-05,1107.2205836862995,1107.2249217039987,-0.2,1.1701,0.4,1.1599549557522124,long_nclose,0.463981982300885,0.00041905108082089407,51.0
1677800700000.0,87825,1677800700000.0,0.0010145044247787504,-2.3402e-05,1107.2215747887244,1107.2247383019987,-0.1,1.1701,0.3,1.1599549557522124,long_nclose,0.34798648672566374,0.0003142880292881442,36.0
1677801600000.0,87840,1677801600000.0,0.0010145044247787504,-2.3402e-05,1107.2225658911493,1107.224674899999,-0.1,1.1701,0.2,1.1599549557522124,long_nclose,0.2319909911504425,0.0002095251653074143,15.0
1677802620000.0,87857,1677802620000.0,0.0003245044247787599,-2.3264000000000003e-05,1107.222867131574,1107.2231916359988,-0.1,1.1632,0.1,1.1599549557522124,long_nclose,0.11599549557522125,0.00010476255415111222,17.0
1677802740000.0,87859,1677802740000.0,0.0003245044247787599,-2.3264000000000003e-05,1107.2231683719988,1107.2231683719988,-0.1,1.1632,0.0,1.1599549557522124,long_nclose,0.0,0.0,2.0
1677806280000.0,87918,1677806280000.0,0.0,-0.011067354000000001,1107.2121010179987,1106.8495810179988,47.7,1.1601,47.7,1.1601,long_ientry_normal,55.33677,0.049978472913294554,59.0
1677806880000.0,87928,1677806880000.0,0.0,-0.015195336,1107.1969056819987,1104.1577556819987,67.8,1.1206,115.5,1.136912987012987,long_rentry,131.31345000000002,0.11859990695974267,10.0
1677807060000.0,87931,1677807060000.0,0.0,-0.03595431,1107.1609513719986,1099.9172713719986,164.1,1.0955,279.6,1.112607296137339,long_rentry,311.08500000000004,0.2809754079698188,3.0
1677807120000.0,87932,1677807120000.0,0.0,-0.15920920400000002,1107.0017421679986,1088.6792721679988,746.9,1.0658,1026.5,1.0785494593278129,long_rentry,1107.1310199999998,1.0001167819589407,1.0
1677807240000.0,87934,1677807240000.0,0.7571087364831919,-0.05550258,1107.7033483244818,1113.1315595879985,-256.6,1.0815,769.9,1.0785494593278129,long_nclose,830.3752287364831,0.7496368319121841,2.0
1677807660000.0,87941,1677807660000.0,0.5676840253287846,-0.04161612,1108.2294162298106,1108.4318534679985,-192.4,1.0815,577.5,1.0785494593278129,long_nclose,622.862312761812,0.5620337302368182,7.0
1677808020000.0,87947,1677808020000.0,0.4257630189965884,-0.03121209,1108.623967158807,1109.7721813779985,-144.3,1.0815,433.2,1.0785494593278129,long_nclose,467.2276257808085,0.4214482454120348,6.0
1677808080000.0,87948,1677808080000.0,0.3195435547978553,-0.023425289999999998,1108.9200854236049,1110.9508860879985,-108.3,1.0815,324.9,1.0785494593278129,long_nclose,350.4207193356064,0.31600177861486434,1.0
1677808140000.0,87949,1677808140000.0,1.0234935547978739,-0.023566080000000003,1109.9200128984028,1111.7720600079986,-108.3,1.088,216.6,1.0785494593278129,long_nclose,233.61381289040426,0.21047806164009428,1.0
1677808200000.0,87950,1677808200000.0,0.682329036531916,-0.01571072,1110.5866312149346,1111.3881292879985,-72.2,1.088,144.4,1.0785494593278129,long_nclose,155.74254192693618,0.14023448288456386,1.0
1677908220000.0,89617,1677908220000.0,0.0,-0.042599269999999995,1110.5440319449347,1103.7473400179986,205.1,1.0385,349.5,1.0550469010785013,long_rentry,368.7388919269362,0.3320344635783157,1667.0
1677962580000.0,90523,1677962580000.0,0.0,-0.14835412799999997,1110.3956778169347,1090.4355858899985,735.3,1.0088,1084.8,1.0236997897556566,long_rentry,1110.5095319269362,1.0001025347200787,906.0
1677968580000.0,90623,1677968580000.0,-0.08501770833665627,-0.0022146620000000005,1110.3084454465982,1102.0396412279986,-10.9,1.0159,1073.9,1.0236997897556566,unstuck_close_long,1099.3512042185996,0.9901313537936828,100.0
1677978900000.0,90795,1677978900000.0,0.7515764295817696,-0.055102519999999995,1111.00491935618,1113.3410387079985,-268.4,1.0265,805.5,1.0236997897556566,long_nclose,824.5901806481813,0.7422020967522142,172.0
1677979020000.0,90797,1677979020000.0,2.3897064506062025,-0.055450620000000006,1113.339175186786,1116.6686880879984,-268.5,1.0326,537.0,1.0236997897556566,long_nclose,549.7267870987876,0.49376398437300956,2.0
1677979080000.0,90798,1677979080000.0,1.5931376337374683,-0.03696708,1114.8953457405235,1118.1532210079984,-179.0,1.0326,358.0,1.0236997897556566,long_nclose,366.4845247325251,0.32871652584494626,1.0
1677979500000.0,90805,1677979500000.0,1.0617950821501674,-0.024637836,1115.9325029866736,1118.1047231719983,-119.3,1.0326,238.7,1.0236997897556566,long_nclose,244.3571398146752,0.21897125422969538,7.0
1677979920000.0,90812,1677979920000.0,1.7895250821501667,-0.024783382,1117.697244686824,1119.3688697899986,-119.3,1.0387,119.4,1.0236997897556566,long_nclose,122.2297548968254,0.10935855436511689,7.0
1677981600000.0,90840,1677981600000.0,0.8955125515873006,-0.012402078,1118.5803551604113,1119.4997477119987,-59.7,1.0387,59.7,1.0236997897556566,long_nclose,61.1148774484127,0.0546361083193245,28.0
1677984420000.0,90887,1677984420000.0,0.04172313264071672,-0.0030589700000000003,1118.619019323052,1118.7982287419986,-14.9,1.0265,44.8,1.0236997897556566,long_nclose,45.861750581053414,0.04099854355132214,47.0
1677984960000.0,90896,1677984960000.0,0.03136235473664612,-0.00229936,1118.6480823177887,1118.7589693819987,-11.2,1.0265,33.6,1.0236997897556566,long_nclose,34.396312935790064,0.030748108792644103,9.0
1677989160000.0,90966,1677989160000.0,0.09968235473664605,-0.002313024,1118.7454516485254,1118.9470563579987,-11.2,1.0326,22.4,1.0236997897556566,long_nclose,22.930875290526707,0.020496955099783384,70.0
1677989400000.0,90970,1677989400000.0,0.06586155580814115,-0.001528248,1118.8097849563335,1118.9492881099986,-7.4,1.0326,15.0,1.0236997897556566,long_nclose,15.355496846334848,0.013724850330062285,4.0
1677989520000.0,90972,1677989520000.0,0.04450105122171699,-0.0010326,1118.8532534075553,1118.9432555099986,-5.0,1.0326,10.0,1.0236997897556566,long_nclose,10.236997897556567,0.00914954473822102,2.0
1677989880000.0,90978,1677989880000.0,0.029370693806333212,-0.000681516,1118.8819425853617,1118.9442539939987,-3.3,1.0326,6.7,1.0236997897556566,long_nclose,6.858788591362899,0.006130037790684631,6.0
1677990060000.0,90981,1677990060000.0,0.01958046253755548,-0.0004543440000000001,1118.9010687038992,1118.9415696499989,-2.2,1.0326,4.5,1.0236997897556566,long_nclose,4.606649053900455,0.004117119183054008,3.0
1677990180000.0,90983,1677990180000.0,0.013350315366515098,-0.00030978,1118.9141092392658,1118.9423098699988,-1.5,1.0326,3.0,1.0236997897556566,long_nclose,3.0710993692669697,0.0027447141330222097,2.0
1677990300000.0,90985,1677990300000.0,0.008900210244343398,-0.00020652,1118.9228029295102,1118.940803349999,-1.0,1.0326,2.0,1.0236997897556566,long_nclose,2.047399579511313,0.0018297952049515028,2.0
1677990660000.0,90991,1677990660000.0,0.005340126146606039,-0.000123912,1118.928019143657,1118.941179437999,-0.6,1.0326,1.4,1.0236997897556566,long_nclose,1.4331797056579192,0.0012808506723736945,6.0
1677990960000.0,90996,1677990960000.0,0.0035600840977373597,-8.2608e-05,1118.9314966197546,1118.939796829999,-0.4,1.0326,1.0,1.0236997897556566,long_nclose,1.0236997897556566,0.000914890494054561,5.0
1677991080000.0,90998,1677991080000.0,0.0026700630733030193,-6.1956e-05,1118.9341047268279,1118.940544873999,-0.3,1.0326,0.7,1.0236997897556566,long_nclose,0.7165898528289596,0.0006404218530848204,2.0
1677991260000.0,91001,1677991260000.0,0.0017800420488686798,-4.1304e-05,1118.9358434648768,1118.9406435699989,-0.2,1.0326,0.5,1.0236997897556566,long_nclose,0.5118498948778283,0.00045744346994269395,3.0
1677991680000.0,91008,1677991680000.0,0.0008900210244343399,-2.0652e-05,1118.936712833901,1118.9404329179988,-0.1,1.0326,0.4,1.0236997897556566,long_nclose,0.4094799159022626,0.00036595449162194686,7.0
1677991920000.0,91012,1677991920000.0,0.0008900210244343399,-2.0652e-05,1118.9375822029253,1118.9403422659987,-0.1,1.0326,0.3,1.0236997897556566,long_nclose,0.30710993692669697,0.0002744656554676353,4.0
1677992700000.0,91025,1677992700000.0,0.0008900210244343399,-2.0652e-05,1118.9384515719496,1118.9401916139984,-0.1,1.0326,0.2,1.0236997897556566,long_nclose,0.2047399579511313,0.0001829769614794279,13.0
1677996060000.0,91081,1677996060000.0,0.0,-0.011151047999999998,1118.9273005239495,1118.9388205659984,54.3,1.0268,54.5,1.026788623081672,long_ientry_partial,55.95997995795113,0.05001216784302901,56.0
1678057800000.0,92110,1678057800000.0,0.0,-0.015353064000000001,1118.9119474599495,1117.0446375019983,77.4,0.9918,131.9,1.0062570125697583,long_rentry,132.72529995795114,0.11861996849640569,1029.0
1678067640000.0,92274,1678067640000.0,0.0,-0.036340608,1118.8756068519494,1114.4237068939983,187.4,0.9696,319.3,0.9847426869964018,long_rentry,314.4283399579511,0.2810217132560622,164.0
1678091880000.0,92678,1678091880000.0,0.22003357768714207,-0.0157605,1119.0798799296367,1120.0037063939985,-79.8,0.9875,239.5,0.9847426869964018,long_nclose,235.84587353563822,0.2107498113096871,404.0
1678092180000.0,92683,1678092180000.0,0.16488731761517664,-0.011810500000000002,1119.232956747252,1119.9261158939987,-59.8,0.9875,179.7,0.9847426869964018,long_nclose,176.9582608532534,0.15810672817170673,5.0
1678097100000.0,92765,1678097100000.0,0.5125830489155314,-0.011899734,1119.7336400621675,1120.7348461599986,-59.9,0.9933,119.8,0.9847426869964018,long_nclose,117.97217390216893,0.10535735435761234,82.0
1678097160000.0,92766,1678097160000.0,0.3414367888435677,-0.007926534,1120.067150317011,1120.6150496259986,-39.9,0.9933,79.9,0.9847426869964018,long_nclose,78.68094069101251,0.07024662822112367,1.0
1678097280000.0,92768,1678097280000.0,0.2276245258957118,-0.0052843560000000005,1120.2894904869067,1120.7296052699985,-26.6,0.9933,53.3,0.9847426869964018,long_nclose,52.48678521690821,0.04685109131399251,2.0
1678097460000.0,92771,1678097460000.0,0.15146444016368793,-0.003516282,1120.4374386450704,1120.7563189879986,-17.7,0.9933,35.6,0.9847426869964018,long_nclose,35.056839657071905,0.03128852932606899,3.0
1678097700000.0,92775,1678097700000.0,0.10097629344245862,-0.002344188,1120.5360707505129,1120.7111747999984,-11.8,0.9933,23.8,0.9847426869964018,long_nclose,23.436875950514363,0.020915771086973404,4.0
1678097760000.0,92776,1678097760000.0,0.06760277272842569,-0.001569414,1120.6021041092413,1120.7413453859986,-7.9,0.9933,15.9,0.9847426869964018,long_nclose,15.657408723242789,0.01397231779757254,1.0
1678099140000.0,92799,1678099140000.0,0.0453537589190704,-0.001052898,1120.6464049701603,1120.7434724879986,-5.3,0.9933,10.6,0.9847426869964018,long_nclose,10.438272482161858,0.009314510300365262,23.0
1678099560000.0,92806,1678099560000.0,0.02995059551259366,-0.0006953100000000001,1120.675660255673,1120.7413871779984,-3.5,0.9933,7.1,0.9847426869964018,long_nclose,6.991673077674452,0.006238801578040304,7.0
1678099740000.0,92809,1678099740000.0,0.019681819908275833,-0.00045691799999999995,1120.6948851575812,1120.7383602599984,-2.3,0.9933,4.8,0.9847426869964018,long_nclose,4.726764897582728,0.004217708994824311,3.0
1678101000000.0,92830,1678101000000.0,0.013691700805757101,-0.00031785600000000004,1120.708259002387,1120.7362824039985,-1.6,0.9933,3.2,0.9847426869964018,long_nclose,3.151176598388486,0.0028117724421818278,21.0
1678102800000.0,92860,1678102800000.0,0.008557313003598188,-0.00019866,1120.7166176553906,1120.7358837439986,-1.0,0.9933,2.2,0.9847426869964018,long_nclose,2.166433911392084,0.0019330791363872158,30.0
1678103040000.0,92864,1678103040000.0,0.005990119102518732,-0.000139062,1120.722468712493,1120.7353046819985,-0.7,0.9933,1.5,0.9847426869964018,long_nclose,1.4771140304946027,0.0013180016210360616,4.0
1678103400000.0,92870,1678103400000.0,0.004278656501799094,-9.933e-05,1120.7266480389949,1120.7351053519985,-0.5,0.9933,1.0,0.9847426869964018,long_nclose,0.9847426869964018,0.0008786644706980666,6.0
1678103640000.0,92874,1678103640000.0,0.0025671939010794564,-5.9598e-05,1120.729155634896,1120.7347957539985,-0.3,0.9933,0.7,0.9847426869964018,long_nclose,0.6893198808974812,0.0006150637532999485,4.0
1678104000000.0,92880,1678104000000.0,0.0017114626007196376,-3.9732000000000005e-05,1120.7308273654967,1120.7353560219985,-0.2,0.9933,0.5,0.9847426869964018,long_nclose,0.4923713434982009,0.0004393305970315984,6.0
1678105620000.0,92907,1678105620000.0,0.0008557313003598188,-1.9866000000000003e-05,1120.731663230797,1120.7352861559984,-0.1,0.9933,0.4,0.9847426869964018,long_nclose,0.39389707479856073,0.0003514642154956622,27.0
1678107420000.0,92937,1678107420000.0,0.002891462600719641,-3.996800000000001e-05,1120.7345147253977,1120.7374261879984,-0.2,0.9992,0.2,0.9847426869964018,long_nclose,0.19694853739928037,0.00017573166063109664,30.0
1678107900000.0,92945,1678107900000.0,0.0014457313003598206,-1.9984000000000004e-05,1120.7359404726983,1120.7375062039987,-0.1,0.9992,0.1,0.9847426869964018,long_nclose,0.09847426869964018,8.786571853679129e-05,8.0
1678108500000.0,92955,1678108500000.0,0.0014457313003598206,-1.9984000000000004e-05,1120.7373662199989,1120.7373662199989,-0.1,0.9992,0.0,0.9847426869964018,long_nclose,0.0,0.0,10.0
1678174020000.0,94047,1678174020000.0,0.0,-0.011209310000000002,1120.726156909999,1120.687446909999,55.3,1.0135,55.3,1.0135,long_ientry_normal,56.04655,0.050009138855586534,1092.0
1678201620000.0,94507,1678201620000.0,0.0,-0.01538988,1120.710767029999,1118.776137029999,78.6,0.979,133.9,0.9932483196415234,long_rentry,132.99595,0.1186710736726954,460.0
1678202580000.0,94523,1678202580000.0,0.09190612397311897,-0.00665328,1120.7960198739722,1120.8916637499992,-33.4,0.996,100.5,0.9932483196415234,long_nclose,99.82145612397309,0.08906300018374218,16.0
1678203360000.0,94536,1678203360000.0,0.06906717699776306,-0.004999920000000001,1120.86008713097,1121.316383829999,-25.1,0.996,75.4,0.9932483196415234,long_nclose,74.89092330097087,0.06681558578168913,13.0
1678203420000.0,94537,1678203420000.0,0.2171571769977635,-0.005029538,1121.0722147699678,1121.4822442919992,-25.1,1.0019,50.3,0.9932483196415234,long_nclose,49.96039047796862,0.044564828045640194,1.0
1678203480000.0,94538,1678203480000.0,0.14448306198655975,-0.003346346,1121.2133514859545,1121.4368479459993,-16.7,1.0019,33.6,0.9932483196415234,long_nclose,33.37314353995519,0.029765203469728083,1.0
1678203540000.0,94539,1678203540000.0,0.0,-0.004493700000000001,1121.2088577859545,1121.3718442459992,22.5,0.9986,56.1,0.9953947155072226,long_ientry_partial,55.841643539955186,0.04980485406637386,1.0
1678203720000.0,94542,1678203720000.0,0.03927398289888351,-0.00279496,1121.2453368088534,1121.4055392859993,-14.0,0.9982,42.1,0.9953947155072226,long_nclose,41.906117522854075,0.0373746192266199,3.0
1678203780000.0,94543,1678203780000.0,0.0,-0.0027960800000000003,1121.2425407288533,1121.3494332059993,14.0,0.9986,56.1,0.9961946082505183,long_ientry_partial,55.88651752285408,0.04984337954794826,1.0
1678204080000.0,94548,1678204080000.0,0.03927548449274365,-0.0027972,1121.279019013346,1121.4602760059993,-14.0,0.999,42.1,0.9961946082505183,long_nclose,41.93979300734682,0.037403529626596564,5.0
1678204200000.0,94550,1678204200000.0,0.0,-0.0027958,1121.276223213346,1121.350840205999,14.0,0.9985,56.1,0.9967699288297116,long_ientry_partial,55.91879300734682,0.049870666879116655,2.0
1678204920000.0,94562,1678204920000.0,0.03822099638403831,-0.0027986,1121.31164560973,1121.4265816059992,-14.0,0.9995,42.1,0.9967699288297116,long_nclose,41.96401400373086,0.03742404189596399,12.0
1678204980000.0,94563,1678204980000.0,0.02866574728802873,-0.00209895,1121.338212407018,1121.4466026559992,-10.5,0.9995,31.6,0.9967699288297116,long_nclose,31.497929751018887,0.028089589209134982,1.0
1678205160000.0,94566,1678205160000.0,0.0,-0.004912128,1121.3333002790182,1121.4185305279993,24.6,0.9984,56.2,0.9974834475270263,long_ientry_partial,56.05856975101888,0.04999278068088229,3.0
1678210320000.0,94652,1678210320000.0,0.03803173462163101,-0.00280056,1121.36853145364,1121.4873899679994,-14.0,1.0002,42.2,0.9974834475270263,long_nclose,42.09380148564051,0.037537883670655484,86.0
1678210560000.0,94656,1678210560000.0,0.028523800966223256,-0.00210042,1121.394954834606,1121.4683895479993,-10.5,1.0002,31.7,0.9974834475270263,long_nclose,31.620225286606733,0.02819722449283748,4.0
1678210620000.0,94657,1678210620000.0,0.021460764536491785,-0.001580316,1121.4148352831426,1121.4723492319993,-7.9,1.0002,23.8,0.9974834475270263,long_nclose,23.74010605114323,0.021169780623732485,1.0
1678211100000.0,94665,1678211100000.0,0.0160276595905445,-0.001180236,1121.429682706733,1121.5015789959994,-5.9,1.0002,17.9,0.9974834475270263,long_nclose,17.85495371073377,0.01592159899641523,8.0
1678211880000.0,94678,1678211880000.0,0.011952830881084031,-0.000880176,1121.440755361614,1121.4895788199992,-4.4,1.0002,13.5,0.9974834475270263,long_nclose,13.466026541614855,0.012007791296360253,13.0
1678213140000.0,94699,1678213140000.0,0.008964623160813022,-0.000660132,1121.449059852775,1121.4798286879993,-3.3,1.0002,10.2,0.9974834475270263,long_nclose,10.174331164775667,0.009072486240357065,21.0
1678214040000.0,94714,1678214040000.0,0.0,-0.009185885999999999,1121.439873966775,1121.4503228019992,46.1,0.9963,56.3,0.9965144079001007,long_ientry_partial,56.10376116477567,0.050028327391574326,15.0
1678231920000.0,95012,1678231920000.0,0.038998289398589625,-0.00279804,1121.4760742161734,1121.615054761999,-14.0,0.9993,42.3,0.9965144079001007,long_nclose,42.15255945417426,0.03758667743637393,298.0
1678233300000.0,95035,1678233300000.0,0.12246684860858134,-0.002834664,1121.595706400782,1121.7898800979992,-14.1,1.0052,28.2,0.9965144079001007,long_nclose,28.10170630278284,0.025055112231983884,23.0
1678233720000.0,95042,1678233720000.0,0.08164456573905424,-0.0018897760000000003,1121.675461190521,1121.859430321999,-9.4,1.0052,18.8,0.9965144079001007,long_nclose,18.734470868521893,0.016702220487767067,7.0
1678234140000.0,95049,1678234140000.0,0.13710456573905438,-0.0019008680000000002,1121.8106648882601,1121.9393094539992,-9.4,1.0111,9.4,0.9965144079001007,long_nclose,9.367235434260946,0.008350103745175204,7.0
1678234620000.0,95057,1678234620000.0,0.0269253355096881,-0.0006232240000000001,1121.8369669997699,1121.8929462299993,-3.1,1.0052,6.3,0.9965144079001007,long_nclose,6.278040769770635,0.005596214917538836,8.0
1678235940000.0,95079,1678235940000.0,0.018239743409788713,-0.00042218400000000004,1121.8547845591797,1121.8933640459993,-2.1,1.0052,4.2,0.9965144079001007,long_nclose,4.185360513180423,0.0037307506914319695,22.0
1678237200000.0,95100,1678237200000.0,0.01215982893985914,-0.000281456,1121.8666629321197,1121.8937825899993,-1.4,1.0052,2.8,0.9965144079001007,long_nclose,2.7902403421202817,0.0024871407933877696,21.0
1678239240000.0,95134,1678239240000.0,0.007817032889909448,-0.00018093600000000003,1121.8742990290095,1121.8919416539993,-0.9,1.0052,1.9,0.9965144079001007,long_nclose,1.8933773750101912,0.0016876911937896458,34.0
1678239360000.0,95136,1678239360000.0,0.005211355259939631,-0.000120624,1121.8793897602695,1121.8909410299993,-0.6,1.0052,1.3,0.9965144079001007,long_nclose,1.2954687302701309,0.0011547308401368842,2.0
1678240200000.0,95150,1678240200000.0,0.0008356776299697777,-5.9958000000000004e-05,1121.8801654798995,1121.8818510719993,-0.3,0.9993,1.0,0.9965144079001007,long_nclose,0.9965144079001007,0.0008882538782329111,14.0
1678240320000.0,95152,1678240320000.0,0.0005571184199798518,-3.9972e-05,1121.8806826263194,1121.8829910999993,-0.2,0.9993,0.8,0.9965144079001007,long_nclose,0.7972115263200806,0.0007106027750239988,2.0
1678240560000.0,95156,1678240560000.0,0.0005571184199798518,-3.9972e-05,1121.8811997727394,1121.8830511279994,-0.2,0.9993,0.6,0.9965144079001007,long_nclose,0.5979086447400604,0.000532951835596478,4.0
1678244100000.0,95215,1678244100000.0,0.0002785592099899259,-1.9986e-05,1121.8814583459493,1121.8833011419993,-0.1,0.9993,0.5,0.9965144079001007,long_nclose,0.49825720395005035,0.0004441264273006686,59.0
1678245660000.0,95241,1678245660000.0,0.0002785592099899259,-1.9986e-05,1121.8817169191593,1121.8828711559993,-0.1,0.9993,0.4,0.9965144079001007,long_nclose,0.3986057631600403,0.00035530105995012226,26.0
1678246140000.0,95249,1678246140000.0,0.0,-0.011137516,1121.8705794031594,1121.8479336399994,55.9,0.9962,56.3,0.9962022338039084,long_ientry_partial,56.08618576316004,0.04999345449721853,8.0
1678247040000.0,95264,1678247040000.0,0.03916872674528271,-0.0027972,1121.9069509299045,1122.0379864399993,-14.0,0.999,42.3,0.9962022338039084,long_nclose,42.13935448990532,0.037560471886708316,15.0
1678247160000.0,95266,1678247160000.0,0.029376545058962034,-0.0020979,1121.9342295749634,1122.035918539999,-10.5,0.999,31.8,0.9962022338039084,long_nclose,31.679231034964285,0.02823626394478198,2.0
1678247820000.0,95277,1678247820000.0,0.022102352949123816,-0.00157842,1121.9547535079125,1122.024010119999,-7.9,0.999,23.9,0.9962022338039084,long_nclose,23.80923338791341,0.021221206393102106,11.0
1678251000000.0,95330,1678251000000.0,0.016506820556940572,-0.0011788200000000001,1121.9700815084695,1122.0312412999992,-5.9,0.999,18.0,0.9962022338039084,long_nclose,17.931640208470352,0.015982280190895617,53.0
1678251540000.0,95339,1678251540000.0,0.0125899478824123,-0.0008991,1121.981772356352,1122.0235921999993,-4.5,0.999,13.5,0.9962022338039084,long_nclose,13.448730156352763,0.011986585243812072,9.0
1678251660000.0,95341,1678251660000.0,0.009232628447102353,-0.00065934,1121.990345644799,1122.019902859999,-3.3,0.999,10.2,0.9962022338039084,long_nclose,10.161262784799865,0.009056461870855285,2.0
1678251960000.0,95346,1678251960000.0,0.0,-0.009189574,1121.981156070799,1121.9693432859992,46.1,0.9967,56.3,0.9966098185577241,long_ientry_partial,56.10913278479987,0.05000897963500136,5.0
1678283460000.0,95871,1678283460000.0,0.0,-0.015403200000000002,1121.965752870799,1120.0975200859991,80.0,0.9627,136.3,0.9767067702479812,long_rentry,133.12513278479986,0.1186534726609699,525.0
1678289520000.0,95972,1678289520000.0,0.09156981156863919,-0.00665992,1122.0506627623677,1122.213650165999,-34.0,0.9794,102.3,0.9767067702479812,long_nclose,99.91710259636848,0.08904865520990234,101.0
1678289580000.0,95973,1678289580000.0,0.0686773586764794,-0.004994940000000001,1122.1143451810442,1122.3288652259992,-25.5,0.9794,76.8,0.9767067702479812,long_nclose,75.01107995504496,0.06684798236220973,1.0
1678289700000.0,95975,1678289700000.0,0.051710011238760956,-0.0037608960000000006,1122.162294296283,1122.4153443299995,-19.2,0.9794,57.6,0.9767067702479812,long_nclose,56.25830996628372,0.050133844500241165,2.0
1678290960000.0,95996,1678290960000.0,0.03878250842907072,-0.002820672,1122.198256132712,1122.3275636579992,-14.4,0.9794,43.2,0.9767067702479812,long_nclose,42.193732474712796,0.037599178437613734,21.0
1678291500000.0,96005,1678291500000.0,0.02908688132180304,-0.0021155040000000003,1122.2252275100338,1122.3610881539992,-10.8,0.9794,32.4,0.9767067702479812,long_nclose,31.64529935603459,0.028198706088837813,9.0
1678291920000.0,96012,1678291920000.0,0.021815160991352278,-0.001586628,1122.2454560430251,1122.2841715259992,-8.1,0.9794,24.3,0.9767067702479812,long_nclose,23.733974517025946,0.02114864835426522,7.0
1678292160000.0,96016,1678292160000.0,0.0,-0.006477320000000001,1122.2389787230252,1122.2039042059992,33.2,0.9755,57.5,0.9760099916004512,long_ientry_partial,56.12057451702594,0.05000768604641099,4.0
1678309380000.0,96303,1678309380000.0,0.03846712011354791,-0.0027990820000000005,1122.274646761139,1122.4124551239995,-14.3,0.9787,43.2,0.9760099916004512,long_nclose,42.163631637139495,0.037569797873294966,287.0
1678309560000.0,96306,1678309560000.0,0.02905209071512709,-0.0021139920000000003,1122.301584859854,1122.4146611319995,-10.8,0.9787,32.4,0.9760099916004512,long_nclose,31.622723727854616,0.028176672076787153,3.0
1678309980000.0,96313,1678309980000.0,0.021789068036345314,-0.001585494,1122.3217884338903,1122.4017356379993,-8.1,0.9787,24.3,0.9760099916004512,long_nclose,23.717042795890965,0.021132123638966493,7.0
1678311960000.0,96346,1678311960000.0,0.0,-0.006505029999999999,1122.3152834038904,1122.1853306079995,33.5,0.9709,57.8,0.9730483182680099,long_ientry_partial,56.242192795890965,0.0501126498298348,33.0
1678316160000.0,96416,1678316160000.0,0.0,-0.015433157999999999,1122.2998502458904,1121.6149974499995,82.1,0.9399,139.9,0.9535953023294563,long_rentry,133.40798279589094,0.11887017784655492,70.0
1678317120000.0,96432,1678317120000.0,0.09090394870197585,-0.006674276000000001,1122.3840799185923,1122.7940731739993,-34.9,0.9562,105.0,0.9535953023294563,long_nclose,100.12750674459292,0.08920966408562679,16.0
1678317240000.0,96434,1678317240000.0,0.06824307896824548,-0.0050104880000000004,1122.4473125095606,1122.7471226859993,-26.2,0.9562,78.8,0.9535953023294563,long_nclose,75.14330982356115,0.06694595727220035,2.0
1678318140000.0,96449,1678318140000.0,0.0513125441097113,-0.0037674280000000006,1122.4948576256704,1122.6428852579995,-19.7,0.9562,59.1,0.9535953023294563,long_nclose,56.35748236767087,0.05020734124954447,15.0
1678318200000.0,96450,1678318200000.0,0.03828905575699269,-0.002811228,1122.5303354534276,1122.7614240299997,-14.7,0.9562,44.4,0.9535953023294563,long_nclose,42.33963142342786,0.03771802871262759,1.0
1678318440000.0,96454,1678318440000.0,0.0,-0.002703816,1122.5276316374277,1122.7528702139998,14.1,0.9588,58.5,0.9548497679218437,long_ientry_partial,55.858711423427856,0.04976154693131867,4.0
1678318620000.0,96457,1678318620000.0,0.038693388341081825,-0.0027959,1122.5635291257688,1122.7149943139998,-14.6,0.9575,43.9,0.9548497679218437,long_nclose,41.917904811768935,0.037341231675693046,3.0
1678318680000.0,96458,1678318680000.0,0.0,-0.002817402,1122.560711723769,1122.700456912,14.7,0.9583,58.6,0.9557152698254084,long_ientry_partial,56.004914811768934,0.049890321500535635,1.0
1678319280000.0,96468,1678319280000.0,0.039197060549037176,-0.002798528,1122.5971102563178,1122.7548383839999,-14.6,0.9584,44.0,0.9557152698254084,long_nclose,42.05147187231797,0.03745909506458335,10.0
1678319340000.0,96469,1678319340000.0,0.0,-0.0027819700000000004,1122.594328286318,1122.711106414,14.5,0.9593,58.5,0.9566037926891962,long_ientry_partial,55.961321872317974,0.049849995196167625,1.0
1678321800000.0,96510,1678321800000.0,0.039364626737736774,-0.002801156,1122.6308917570557,1122.758035258,-14.6,0.9593,43.9,0.9566037926891962,long_nclose,41.99490649905571,0.037407581429839784,41.0
1678321860000.0,96511,1678321860000.0,0.0,-0.00280174,1122.6280900170557,1122.673333518,14.6,0.9595,58.5,0.9573266068214652,long_ientry_partial,56.003606499055714,0.04988616176369226,1.0
1678324380000.0,96553,1678324380000.0,0.03903154040660759,-0.0028032,1122.6643183574622,1122.790460318,-14.6,0.96,43.9,0.9573266068214652,long_nclose,42.02663803946232,0.03743473213876636,42.0
1678324440000.0,96554,1678324440000.0,0.0,-0.002803784,1122.6615145734622,1122.781806534,14.6,0.9602,58.5,0.9580437271702962,long_ientry_partial,56.04555803946233,0.04992204445589815,1.0
1678324620000.0,96557,1678324620000.0,0.03878158331367578,-0.002805244,1122.697490912776,1122.79654129,-14.6,0.9607,43.9,0.9580437271702962,long_nclose,42.058119622776,0.03746166706810923,3.0
1678324680000.0,96558,1678324680000.0,0.028953373843771647,-0.0020943260000000005,1122.7243499606197,1122.8747069639999,-10.9,0.9607,33.0,0.9580437271702962,long_nclose,31.615442996619773,0.028159577190722464,1.0
1678324800000.0,96560,1678324800000.0,0.0,-0.004870756,1122.7194792046198,1122.8465162080001,25.3,0.9626,58.3,0.9600209776435639,long_ientry_partial,55.96922299661977,0.04985147584352117,2.0
1678324860000.0,96561,1678324860000.0,0.03884582416832394,-0.00279183,1122.755533198788,1122.903534378,-14.5,0.9627,43.8,0.9600209776435639,long_nclose,42.048918820788096,0.037451535599195465,1.0
1678324920000.0,96562,1678324920000.0,0.0,-0.00279183,1122.752741368788,1122.852592548,14.5,0.9627,58.3,0.9606872868059708,long_ientry_partial,56.0080688207881,0.049884597700920914,1.0
1678327320000.0,96602,1678327320000.0,0.039334341313423615,-0.0027938600000000004,1122.7892818501014,1122.9168586879998,-14.5,0.9634,43.8,0.9606872868059708,long_nclose,42.07810316210152,0.037476402600465135,40.0
1678327500000.0,96605,1678327500000.0,0.0,-0.0027906700000000003,1122.7864911801014,1122.8512980179999,14.5,0.9623,58.3,0.9610883904305578,long_ientry_partial,56.03145316210152,0.04990392528076271,3.0
1678327620000.0,96607,1678327620000.0,0.039318338756911375,-0.00279502,1122.8230144988584,1122.989962998,-14.5,0.9638,43.8,0.9610883904305578,long_nclose,42.09567150085843,0.03749092328646888,2.0
1678328460000.0,96621,1678328460000.0,0.12280949971385614,-0.00283094,1122.9429930585723,1123.214892058,-14.6,0.9695,29.2,0.9610883904305578,long_nclose,28.063781000572288,0.02499127843002489,14.0
1678328760000.0,96626,1678328760000.0,0.08159261282358936,-0.00188083,1123.022704841396,1123.192581228,-9.7,0.9695,19.5,0.9610883904305578,long_nclose,18.741223613395878,0.016688196536545262,5.0
1678330380000.0,96653,1678330380000.0,0.054675462201374314,-0.0012603500000000001,1123.0761199535975,1123.1828708780004,-6.5,0.9695,13.0,0.9610883904305578,long_nclose,12.494149075597251,0.011124935214643755,27.0
1678330440000.0,96654,1678330440000.0,0.036169921148601465,-0.0008337700000000001,1123.1114561047461,1123.1863771080002,-4.3,0.9695,8.7,0.9610883904305578,long_nclose,8.361468996745852,0.007444914706636227,1.0
1678331640000.0,96674,1678331640000.0,0.024393667751382384,-0.00056231,1123.1352874624974,1123.1858147980001,-2.9,0.9695,5.8,0.9610883904305578,long_nclose,5.574312664497235,0.004963171157315602,20.0
1678332000000.0,96680,1678332000000.0,0.015982058181940182,-0.00036841,1123.1509011106793,1123.1801963880002,-1.9,0.9695,3.9,0.9610883904305578,long_nclose,3.7482447226791753,0.00333725834967728,6.0
1678332540000.0,96689,1678332540000.0,0.010935092440274864,-0.00025207,1123.1615841331197,1123.1837143180003,-1.3,0.9695,2.6,0.9610883904305578,long_nclose,2.4988298151194503,0.002224817738088951,9.0
1678332960000.0,96696,1678332960000.0,0.006729287655553762,-0.00015512000000000002,1123.1681583007753,1123.1838391980002,-0.8,0.9695,1.8,0.9610883904305578,long_nclose,1.729959102775004,0.0015402494185663472,7.0
1678333500000.0,96705,1678333500000.0,0.005046965741665321,-0.00011634,1123.173088926517,1123.1829428580004,-0.6,0.9695,1.2,0.9610883904305578,long_nclose,1.1533060685166694,0.0010268284380094543,9.0
1678334340000.0,96719,1678334340000.0,0.003364643827776881,-7.756000000000001e-05,1123.176376010345,1123.1839852980004,-0.4,0.9695,0.8,0.9610883904305578,long_nclose,0.7688707123444463,0.0006845502885980969,14.0
1678337640000.0,96774,1678337640000.0,0.005644643827776852,-7.8016e-05,1123.1819426381726,1123.1878272820004,-0.4,0.9752,0.4,0.9610883904305578,long_nclose,0.38443535617222313,0.00034227344794134307,55.0
1678337940000.0,96779,1678337940000.0,0.002822321913888426,-3.9008e-05,1123.1847259520866,1123.1876882740005,-0.2,0.9752,0.2,0.9610883904305578,long_nclose,0.19221767808611157,0.0001711362998843979,5.0
1678341120000.0,96832,1678341120000.0,0.001411160956944213,-1.9504e-05,1123.1861176090435,1123.1875487700006,-0.1,0.9752,0.1,0.9610883904305578,long_nclose,0.09610883904305578,8.556804392102463e-05,53.0
1678342260000.0,96851,1678342260000.0,0.001411160956944213,-1.9504e-05,1123.1875092660005,1123.1875092660005,-0.1,0.9752,0.0,0.9610883904305578,long_nclose,0.0,0.0,19.0
1678346280000.0,96918,1678346280000.0,0.0,-0.011241560000000001,1123.1762677060005,1123.1994677060006,58.0,0.9691,58.0,0.9691,long_ientry_normal,56.2078,0.050043614360549146,67.0
1678369260000.0,97301,1678369260000.0,0.03915000000000052,-0.00281822,1123.2125994860005,1123.3213494860006,-14.5,0.9718,43.5,0.9691,long_nclose,42.15585,0.037531496725812345,383.0
1678369560000.0,97306,1678369560000.0,0.029160000000000387,-0.0020990880000000003,1123.2396603980005,1123.3475703980005,-10.8,0.9718,32.7,0.9691,long_nclose,31.68957,0.028212652310346083,5.0
1678369980000.0,97313,1678369980000.0,0.09265000000000069,-0.0021311680000000006,1123.3301792300006,1123.5699792300006,-10.9,0.9776,21.8,0.9691,long_nclose,21.12638,0.0188069192750446,7.0
1678370580000.0,97323,1678370580000.0,0.1547799999999999,-0.002143594,1123.4828156360006,1123.6365056360007,-10.9,0.9833,10.9,0.9691,long_nclose,10.56319,0.00940218208323926,10.0
1678370640000.0,97324,1678370640000.0,0.07667999999999996,-0.001061964,1123.5584336720005,1123.6442336720006,-5.4,0.9833,5.5,0.9691,long_nclose,5.33005,0.00474390102042169,1.0
1678371180000.0,97333,1678371180000.0,0.03833999999999998,-0.000530982,1123.5962426900005,1123.6385226900004,-2.7,0.9833,2.8,0.9691,long_nclose,2.7134799999999997,0.002414995615777123,9.0
1678371300000.0,97335,1678371300000.0,0.019879999999999984,-0.000275324,1123.6158473660005,1123.6381073660004,-1.4,0.9833,1.4,0.9691,long_nclose,1.3567399999999998,0.0012074767396530522,2.0
1678371720000.0,97342,1678371720000.0,0.009939999999999992,-0.000137662,1123.6256497040004,1123.6357997040004,-0.7,0.9833,0.7,0.9691,long_nclose,0.6783699999999999,0.0006037331029054959,7.0
1678372440000.0,97354,1678372440000.0,0.004259999999999997,-5.8998e-05,1123.6298507060003,1123.6354907060004,-0.3,0.9833,0.4,0.9691,long_nclose,0.38764,0.0003449890546752897,12.0
1678372500000.0,97355,1678372500000.0,0.0028399999999999983,-3.9332e-05,1123.6326513740005,1123.6357113740005,-0.2,0.9833,0.2,0.9691,long_nclose,0.19382,0.00017249409739294511,1.0
1678372860000.0,97361,1678372860000.0,0.0014199999999999992,-1.9666e-05,1123.6340517080005,1123.6354417080004,-0.1,0.9833,0.1,0.9691,long_nclose,0.09691,8.62469412106995e-05,6.0
1678372920000.0,97362,1678372920000.0,0.0014199999999999992,-1.9666e-05,1123.6354520420005,1123.6354520420005,-0.1,0.9833,0.0,0.9691,long_nclose,0.0,0.0,1.0
1678380120000.0,97482,1678380120000.0,0.0,-0.011243880000000001,1123.6242081620005,1123.6532081620005,58.0,0.9693,58.0,0.9693,long_ientry_normal,56.2194,0.0500339878685619,120.0
1678380300000.0,97485,1678380300000.0,0.03914999999999891,-0.0028188,1123.6605393620007,1123.7823393620006,-14.5,0.972,43.5,0.9693,long_nclose,42.164550000000006,0.03752427759360533,3.0
1678380360000.0,97486,1678380360000.0,0.0,-0.0028109700000000003,1123.6577283920008,1123.8143283920008,14.5,0.9693,58.0,0.9693,long_ientry_partial,56.2194,0.05003249528702322,1.0
1678380420000.0,97487,1678380420000.0,0.03914999999999891,-0.0028188,1123.694059592001,1123.776709592001,-14.5,0.972,43.5,0.9693,long_nclose,42.164550000000006,0.03752315822983831,1.0
1678380600000.0,97490,1678380600000.0,0.0,-0.0028109700000000003,1123.691248622001,1123.621648622001,14.5,0.9693,58.0,0.9693,long_ientry_partial,56.2194,0.05003100279453335,3.0
1678380720000.0,97492,1678380720000.0,0.03914999999999891,-0.0028188,1123.7275798220012,1123.8145798220012,-14.5,0.972,43.5,0.9693,long_nclose,42.164550000000006,0.0375220389328514,2.0
1678380780000.0,97493,1678380780000.0,0.02915999999999919,-0.00209952,1123.7546403020012,1123.8167703020013,-10.8,0.972,32.7,0.9693,long_nclose,31.696110000000004,0.0282055431526244,1.0
1678380840000.0,97494,1678380840000.0,0.02186999999999939,-0.00157464,1123.7749356620013,1123.8536556620013,-8.1,0.972,24.6,0.9693,long_nclose,23.844780000000004,0.021218465765080755,1.0
1678381140000.0,97499,1678381140000.0,0.01646999999999954,-0.00118584,1123.7902198220013,1123.8383198220013,-6.1,0.972,18.5,0.9693,long_nclose,17.93205,0.015956759263165934,5.0
1678381200000.0,97500,1678381200000.0,0.012419999999999652,-0.0008942399999999999,1123.8017455820013,1123.8573455820012,-4.6,0.972,13.9,0.9693,long_nclose,13.473270000000001,0.011989009674497685,1.0
1678381560000.0,97506,1678381560000.0,0.009179999999999744,-0.0006609599999999999,1123.8102646220013,1123.8375646220013,-3.4,0.972,10.5,0.9693,long_nclose,10.17765,0.009056377504634467,6.0
1678381620000.0,97507,1678381620000.0,0.007019999999999804,-0.00050544,1123.8167791820013,1123.8618091820013,-2.6,0.972,7.9,0.9693,long_nclose,7.657470000000001,0.006813806433441656,1.0
1678382100000.0,97515,1678382100000.0,0.022099999999999877,-0.000508456,1123.8383707260011,1123.887660726001,-2.6,0.9778,5.3,0.9693,long_nclose,5.13729,0.004571200035358557,8.0
1678385580000.0,97573,1678385580000.0,0.0,-0.010203348000000001,1123.8281673780011,1123.871877378001,52.6,0.9699,57.9,0.9698450777202073,long_ientry_partial,56.154030000000006,0.049966740138764044,58.0
1678386000000.0,97580,1678386000000.0,0.03823088082901478,-0.0028008000000000004,1123.86359745883,1124.000836578001,-14.4,0.9725,43.5,0.9698450777202073,long_nclose,42.18826088082902,0.0375385954098175,7.0
1678386180000.0,97583,1678386180000.0,0.028673160621761087,-0.0021006000000000006,1123.890170019452,1123.9671759780013,-10.8,0.9725,32.7,0.9698450777202073,long_nclose,31.713934041450784,0.028218001088933707,3.0
1678386300000.0,97585,1678386300000.0,0.0,-0.004888296,1123.885281723452,1123.7944376820012,25.2,0.9699,57.9,0.96986898171763,long_ientry_partial,56.155414041450776,0.04996543237521338,2.0
1678388640000.0,97624,1678388640000.0,0.0,-0.015402636000000003,1123.8698790874519,1122.3952850460012,82.2,0.9369,140.1,0.9505252965128534,long_rentry,133.16859404145077,0.11849111406880983,39.0
1678392840000.0,97694,1678392840000.0,0.0,-0.036452820000000004,1123.8334262674518,1118.745052226001,199.0,0.9159,339.1,0.9302055265156318,long_rentry,315.43269404145076,0.2806756647994411,70.0
1678394640000.0,97724,1678394640000.0,0.0,-0.161681184,1123.671745083452,1115.0223710420012,907.2,0.8911,1246.3,0.9017400417567607,long_rentry,1123.838614041451,1.0001485032962065,30.0
1678429800000.0,98310,1678429800000.0,-0.005500521959508897,-0.00225325,1123.6639913114925,1123.8613477920012,-12.5,0.9013,1233.8,0.9017400417567607,unstuck_close_long,1112.5668635194913,0.9901241582200663,586.0
1678455960000.0,98746,1678455960000.0,0.7586511222150006,-0.055771056,1124.3668713777076,1124.2372767360011,-308.4,0.9042,925.4,0.9017400417567607,long_nclose,834.4702346417064,0.7421689982907577,436.0
1678456140000.0,98749,1678456140000.0,0.5689883416612506,-0.04182829200000001,1124.8940314273689,1123.9639084440012,-231.3,0.9042,694.1,0.9017400417567607,long_nclose,625.8977629833677,0.5564059773605262,3.0
1678465500000.0,98905,1678465500000.0,0.4268027552020189,-0.031375740000000006,1125.289458442571,1126.6221727040013,-173.5,0.9042,520.6,0.9017400417567607,long_nclose,469.44586573856964,0.41717787562703607,156.0
1678465920000.0,98912,1678465920000.0,1.363702755202012,-0.03156312,1126.621598077773,1129.4192095840012,-173.5,0.9096,347.1,0.9017400417567607,long_nclose,312.99396849377166,0.27781641061009116,7.0
1678469940000.0,98979,1678469940000.0,0.21327837968884747,-0.015678828000000002,1126.8191976294615,1127.928490756001,-86.7,0.9042,260.4,0.9017400417567607,long_nclose,234.81310687346047,0.20838578839218128,67.0
1678470240000.0,98984,1678470240000.0,0.16014328163487854,-0.011772684,1126.9675682270963,1127.6823580720009,-65.1,0.9042,195.3,0.9017400417567607,long_nclose,176.10983015509538,0.15626876506494758,5.0
1678470900000.0,98995,1678470900000.0,0.12004596227007792,-0.008824991999999999,1127.0787891973664,1127.321973080001,-48.8,0.9042,146.5,0.9017400417567607,long_nclose,132.10491611736543,0.11721000996872821,11.0
1678471260000.0,99001,1678471260000.0,0.09003447170255845,-0.006618744000000001,1127.162204925069,1127.322654336001,-36.6,0.9042,109.9,0.9017400417567607,long_nclose,99.10123058906801,0.08792100210249332,6.0
1678471440000.0,99004,1678471440000.0,0.06740285586475687,-0.0049550160000000005,1127.2246527649338,1127.452349320001,-27.4,0.9042,82.5,0.9017400417567607,long_nclose,74.39355344493276,0.06599709584283413,3.0
1678471620000.0,99007,1678471620000.0,0.05067513981072962,-0.003725304000000001,1127.2716026007445,1127.436254016001,-20.6,0.9042,61.9,0.9017400417567607,long_nclose,55.817708584743485,0.049515758629921705,3.0
1678472400000.0,99020,1678472400000.0,0.03788335694588525,-0.002784936,1127.3067010216905,1127.4722390800011,-15.4,0.9042,46.5,0.9017400417567607,long_nclose,41.930911941689374,0.037195655719678526,13.0
1678472580000.0,99023,1678472580000.0,0.028535515621575903,-0.002097744,1127.3331387933122,1127.4224813360013,-11.6,0.9042,34.9,0.9017400417567607,long_nclose,31.470727457310947,0.0279160847617741,3.0
1678473600000.0,99040,1678473600000.0,0.021401636716181924,-0.001573308,1127.3529671220285,1127.4488580280015,-8.7,0.9042,26.2,0.9017400417567607,long_nclose,23.62558909402713,0.020956692165666528,17.0
1678474980000.0,99063,1678474980000.0,0.015989728581055462,-0.0011754600000000001,1127.3677813906095,1127.4320025680013,-6.5,0.9042,19.7,0.9017400417567607,long_nclose,17.764278822608187,0.015757305748702457,23.0
1678476600000.0,99090,1678476600000.0,0.01205379539187258,-0.000886116,1127.3789490700015,1127.4316364520014,-4.9,0.9042,14.8,0.9017400417567607,long_nclose,13.34575261800006,0.011837858626870095,27.0
1678477080000.0,99098,1678477080000.0,0.038513795391872385,-0.0008914080000000001,1127.4165714573935,1127.4894350440015,-4.9,0.9096,9.9,0.9017400417567607,long_nclose,8.927226413391931,0.007918303348913745,8.0
1678477200000.0,99100,1678477200000.0,0.025937862202689566,-0.000600336,1127.4419089835962,1127.4918047080016,-3.3,0.9096,6.6,0.9017400417567607,long_nclose,5.951484275594621,0.005278750264800749,2.0
1678477260000.0,99101,1678477260000.0,0.017291908135126377,-0.0004002240000000001,1127.4588006677313,1127.4894244840016,-2.2,0.9096,4.4,0.9017400417567607,long_nclose,3.9676561837297473,0.0035191141187420104,1.0
1678477320000.0,99102,1678477320000.0,0.011003941540534967,-0.000254688,1127.469549921272,1127.4991297960016,-1.4,0.9096,3.0,0.9017400417567607,long_nclose,2.705220125270282,0.0023993731142975703,1.0
1678477500000.0,99105,1678477500000.0,0.007859958243239262,-0.00018192,1127.4772279595152,1127.4927478760017,-1.0,0.9096,2.0,0.9017400417567607,long_nclose,1.8034800835135214,0.0015995711831603217,3.0
1678477560000.0,99106,1678477560000.0,0.004715974945943557,-0.00010915199999999999,1127.481834782461,1127.4926987240015,-0.6,0.9096,1.4,0.9017400417567607,long_nclose,1.262436058459465,0.00111969525318609,1.0
1678477620000.0,99107,1678477620000.0,0.003143983297295705,-7.2768e-05,1127.4849059977582,1127.4949659560016,-0.4,0.9096,1.0,0.9017400417567607,long_nclose,0.9017400417567607,0.000799780145135312,1.0
1678479060000.0,99131,1678479060000.0,0.006629979121619667,-9.15e-05,1127.49144447688,1127.4984244560014,-0.5,0.915,0.5,0.9017400417567607,long_nclose,0.45087002087838035,0.0003998877535497129,24.0
1678479300000.0,99135,1678479300000.0,0.002651991648647867,-3.660000000000001e-05,1127.4940598685287,1127.4979478560017,-0.2,0.915,0.3,0.9017400417567607,long_nclose,0.2705220125270282,0.00023993209557003997,4.0
1678479420000.0,99137,1678479420000.0,0.0013259958243239335,-1.8300000000000004e-05,1127.495367564353,1127.4975795560017,-0.1,0.915,0.2,0.9017400417567607,long_nclose,0.18034800835135215,0.00015995454486074292,2.0
1678479900000.0,99145,1678479900000.0,0.0007859958243239262,-1.8192e-05,1127.4961353681774,1127.4969313640017,-0.1,0.9096,0.1,0.9017400417567607,long_nclose,0.09017400417567607,7.997721796734166e-05,8.0
1678480080000.0,99148,1678480080000.0,0.0007859958243239262,-1.8192e-05,1127.4969031720018,1127.4969031720018,-0.1,0.9096,0.0,0.9017400417567607,long_nclose,0.0,0.0,3.0
1678483620000.0,99207,1678483620000.0,0.0,-0.011268832,1127.4856343400018,1127.4102743400017,62.8,0.8972,62.8,0.8972,long_ientry_normal,56.344159999999995,0.049973284167813166,59.0
1678483800000.0,99210,1678483800000.0,0.0392500000000009,-0.002825058,1127.5220592820017,1127.7010392820016,-15.7,0.8997,47.1,0.8972,long_nclose,42.25812,0.03747875232428683,3.0
1678484040000.0,99214,1678484040000.0,0.029250000000000675,-0.0021052980000000002,1127.5492039840017,1127.7049639840018,-11.7,0.8997,35.4,0.8972,long_nclose,31.76088,0.028168065648734777,4.0
1678484700000.0,99225,1678484700000.0,0.0,-0.004916656,1127.5442873280017,1127.4940473280017,27.4,0.8972,62.8,0.8972,long_ientry_partial,56.344159999999995,0.049970684640265065,11.0
1678485000000.0,99230,1678485000000.0,0.0392500000000009,-0.002825058,1127.5807122700016,1127.7549822700016,-15.7,0.8997,47.1,0.8972,long_nclose,42.25812,0.03747680280458823,5.0
1678485360000.0,99236,1678485360000.0,0.12246000000000046,-0.0028417,1127.7003305700016,1127.9766505700015,-15.7,0.905,31.4,0.8972,long_nclose,28.172079999999998,0.024981885024153785,6.0
1678485660000.0,99241,1678485660000.0,0.0811200000000003,-0.0018824000000000002,1127.7795681700015,1128.0000681700014,-10.4,0.905,21.0,0.8972,long_nclose,18.8412,0.01670645623645478,5.0
1678485780000.0,99243,1678485780000.0,0.1385999999999999,-0.0019118400000000002,1127.9162563300015,1128.0548563300015,-10.5,0.9104,10.5,0.8972,long_nclose,9.4206,0.008352215820217558,2.0
1678485840000.0,99244,1678485840000.0,0.06863999999999995,-0.0009468160000000002,1127.9839495140016,1128.0523195140015,-5.2,0.9104,5.3,0.8972,long_nclose,4.75516,0.0042156273606985175,1.0
1678485960000.0,99246,1678485960000.0,0.034319999999999976,-0.0004734080000000001,1128.0177961060015,1128.0542461060015,-2.6,0.9104,2.7,0.8972,long_nclose,2.4224400000000004,0.002147519310743534,2.0
1678488840000.0,99294,1678488840000.0,0.017159999999999988,-0.00023670400000000004,1128.0347194020017,1128.0522194020016,-1.3,0.9104,1.4,0.8972,long_nclose,1.2560799999999999,0.0011135118258291537,48.0
1678489260000.0,99301,1678489260000.0,0.009239999999999991,-0.000127456,1128.0438319460018,1128.0531419460017,-0.7,0.9104,0.7,0.8972,long_nclose,0.6280399999999999,0.0005567514153386759,7.0
1678489800000.0,99310,1678489800000.0,0.012949999999999972,-0.000128198,1128.0566537480017,1128.0566537480017,-0.7,0.9157,0.0,0.8972,long_nclose,0.0,0.0,9.0
1678507620000.0,99607,1678507620000.0,0.0,-0.011285022,1128.0453687260017,1128.0391387260017,62.3,0.9057,62.3,0.9057,long_ientry_normal,56.42511,0.05002024879879229,297.0
1678508220000.0,99617,1678508220000.0,0.038750000000000895,-0.00281542,1128.0813033060017,1128.2123433060017,-15.5,0.9082,46.8,0.9057,long_nclose,42.386759999999995,0.03757420664253508,10.0
1678508820000.0,99627,1678508820000.0,0.029250000000000675,-0.002125188,1128.1084281180017,1128.1996881180016,-11.7,0.9082,35.1,0.9057,long_nclose,31.79007,0.02817997739192027,10.0
1678508940000.0,99629,1678508940000.0,0.0217500000000005,-0.001580268,1128.1285978500018,1128.2157178500017,-8.7,0.9082,26.4,0.9057,long_nclose,23.910479999999996,0.02119481772341275,2.0
1678509660000.0,99641,1678509660000.0,0.01650000000000038,-0.001198824,1128.1438990260017,1128.2191390260016,-6.6,0.9082,19.8,0.9057,long_nclose,17.932859999999998,0.01589589769131631,12.0
1678509840000.0,99644,1678509840000.0,0.012250000000000283,-0.0008900360000000001,1128.1552589900016,1128.1850589900016,-4.9,0.9082,14.9,0.9057,long_nclose,13.49493,0.011961943972216683,3.0
1678509960000.0,99646,1678509960000.0,0.009250000000000215,-0.0006720680000000001,1128.1638369220016,1128.1940769220016,-3.7,0.9082,11.2,0.9057,long_nclose,10.143839999999999,0.008991459988360997,2.0
1678510500000.0,99655,1678510500000.0,0.0,-0.009257276,1128.1545796460016,1128.1619296460017,51.1,0.9058,62.3,0.9057820224719101,long_ientry_partial,56.43022,0.050019936113459715,9.0
1678511280000.0,99668,1678511280000.0,0.0390286516853936,-0.0028157300000000002,1128.190792567687,1128.3367139160016,-15.5,0.9083,46.8,0.9057820224719101,long_nclose,42.39059865168539,0.03757396260539161,13.0
1678511820000.0,99677,1678511820000.0,0.029460337078651942,-0.002125422,1128.2181274827656,1128.3345884940015,-11.7,0.9083,35.1,0.9057820224719101,long_nclose,31.792948988764046,0.02817978918642194,9.0
1678513080000.0,99698,1678513080000.0,0.09264033707865148,-0.002138058,1128.3086297618443,1128.4962504360017,-11.7,0.9137,23.4,0.9057820224719101,long_nclose,21.195299325842694,0.01878501924630006,21.0
1678513800000.0,99710,1678513800000.0,0.06176022471910098,-0.001425372,1128.3689646145633,1128.4987250640015,-7.8,0.9137,15.6,0.9057820224719101,long_nclose,14.130199550561796,0.012522676530179555,12.0
1678514220000.0,99717,1678514220000.0,0.04117348314606733,-0.0009502480000000001,1128.4091878497095,1128.4956948160016,-5.2,0.9137,10.4,0.9057820224719101,long_nclose,9.420133033707865,0.008348153431521432,7.0
1678516500000.0,99755,1678516500000.0,0.0,-0.00939134,1128.3997965097094,1128.3388434760016,51.8,0.9065,62.2,0.9063799523104157,long_ientry_partial,56.37683303370786,0.0499617539883372,38.0
1678517340000.0,99769,1678517340000.0,0.03906073918855757,-0.0028175900000000005,1128.436039658898,1128.5537258860015,-15.5,0.9089,46.7,0.9063799523104157,long_nclose,42.32794377289642,0.03751027287793046,14.0
1678517400000.0,99770,1678517400000.0,0.029232553199178567,-0.0021086480000000003,1128.463163564097,1128.5481072380014,-11.6,0.9089,35.1,0.9063799523104157,long_nclose,31.813936326095593,0.028192268346284,1.0
1678517460000.0,99771,1678517460000.0,0.021924414899383925,-0.001581486,1128.4835064929962,1128.5183557520013,-8.7,0.9089,26.4,0.9063799523104157,long_nclose,23.928430740994973,0.021204058901452348,1.0
1678517820000.0,99777,1678517820000.0,0.0,-0.006490539999999999,1128.4770159529962,1128.5486052120013,35.8,0.9065,62.2,0.9064490472828773,long_ientry_partial,56.381130740994976,0.049962143618300675,6.0
1678518480000.0,99788,1678518480000.0,0.03953976711540169,-0.0028179000000000004,1128.5137378201116,1128.6095173120011,-15.5,0.909,46.7,0.9064490472828773,long_nclose,42.331170508110375,0.03751054957459285,11.0
1678518600000.0,99790,1678518600000.0,0.0,-0.00281015,1128.5109276701116,1128.5506271620013,15.5,0.9065,62.2,0.9064617445033822,long_ientry_partial,56.381920508110376,0.049961342088653694,2.0
1678520700000.0,99825,1678520700000.0,0.0,-0.015480608000000002,1128.4954470621117,1126.7866865540013,88.4,0.8756,150.6,0.888346351315474,long_rentry,133.78496050811037,0.11855161742690393,35.0
1678520880000.0,99828,1678520880000.0,0.09225719053817842,-0.006698816000000001,1128.58100543665,1129.3667677380015,-37.6,0.8908,113.0,0.888346351315474,long_nclose,100.38313769864857,0.0889463292533531,3.0
1678520940000.0,99829,1678520940000.0,0.29153719053817734,-0.006738672,1128.865803955188,1129.5182890660014,-37.6,0.8961,75.4,0.888346351315474,long_nclose,66.98131488918675,0.05933505528691315,1.0
1678521060000.0,99831,1678521060000.0,0.19461658198160245,-0.004498422,1129.0559221151696,1129.4962306440011,-25.1,0.8961,50.3,0.888346351315474,long_nclose,44.68382147116834,0.03957626951502794,2.0
1678521120000.0,99832,1678521120000.0,0.0,-0.002260692,1129.0536614231696,1129.6763799520013,12.6,0.8971,62.9,0.8900998644064919,long_ientry_partial,55.98728147116834,0.049587794968572615,1.0
1678521240000.0,99834,1678521240000.0,0.41134425763615395,-0.005672096,1129.4593335848058,1129.8562378560014,-31.4,0.9032,31.5,0.8900998644064919,long_nclose,28.038145728804494,0.02482439596989637,2.0
1678521300000.0,99835,1678521300000.0,0.0,-0.005614794,1129.4537187908059,1129.5564030620014,31.1,0.9027,62.6,0.8963596761789856,long_ientry_partial,56.1121157288045,0.049680756984782144,1.0
1678521360000.0,99836,1678521360000.0,0.038069051607825345,-0.002804256,1129.4889835864137,1129.4720788060015,-15.6,0.8988,47.0,0.8963596761789856,long_nclose,42.12890478041232,0.037299084269633485,1.0
1678521420000.0,99837,1678521420000.0,0.0,-0.0028672000000000003,1129.4861163864136,1129.3054116060014,16.0,0.896,63.0,0.8962683298478146,long_ientry_partial,56.46490478041232,0.04999167671140709,1.0
1678524240000.0,99884,1678524240000.0,0.039747221389311915,-0.002822232,1129.523041375803,1129.6806293740012,-15.7,0.8988,47.3,0.8962683298478146,long_nclose,42.393492001801626,0.03753220647023252,47.0
1678524300000.0,99885,1678524300000.0,0.0,-0.00278876,1129.520252615803,1129.5522406140014,15.5,0.8996,62.8,0.8970906369713636,long_ientry_partial,56.33729200180163,0.049877186240204846,1.0
1678526040000.0,99914,1678526040000.0,0.03939699954959081,-0.0028247439999999997,1129.5568248713525,1129.5666858700013,-15.7,0.8996,47.1,0.8970906369713636,long_nclose,42.252969001351225,0.037406678505230134,29.0
1678526100000.0,99915,1678526100000.0,0.0,-0.0028354680000000003,1129.5539894033525,1129.5449804020013,15.8,0.8973,62.9,0.8971432273664741,long_ientry_partial,56.43030900135122,0.049958044972386456,1.0
1678549560000.0,100306,1678549560000.0,0.0,-0.015494808,1129.5384945953524,1127.4802555940012,89.4,0.8666,152.3,0.8792143729570008,long_rentry,133.90434900135122,0.11854784023923091,391.0
1678556760000.0,100426,1678556760000.0,0.09445382763397192,-0.006700920000000001,1129.6262475029864,1129.9903646740013,-38.0,0.8817,114.3,0.8792143729570008,long_nclose,100.49420282898518,0.08896234754736389,120.0
1678557060000.0,100431,1678557060000.0,0.07084037072547894,-0.00502569,1129.692062183712,1129.9568089840013,-28.5,0.8817,85.8,0.8792143729570008,long_nclose,75.43659319971067,0.06677624436334498,5.0
1678557180000.0,100433,1678557180000.0,0.05319241872018418,-0.0037736759999999997,1129.7414809264321,1129.9079953080013,-21.4,0.8817,64.4,0.8792143729570008,long_nclose,56.621405618430856,0.05011890470021433,2.0
1678557420000.0,100437,1678557420000.0,0.04001859539228811,-0.0028390740000000005,1129.7786604478244,1129.9421862340014,-16.1,0.8817,48.3,0.8792143729570008,long_nclose,42.466054213823135,0.03758794151501351,4.0
1678557540000.0,100439,1678557540000.0,0.029827524515991133,-0.0021160800000000002,1129.8063718923404,1129.9183801540012,-12.0,0.8817,36.3,0.8792143729570008,long_nclose,31.915481738339125,0.02824862961684585,2.0
1678557840000.0,100444,1678557840000.0,0.02237064338699335,-0.0015870600000000002,1129.8271554757273,1129.8595230940011,-9.0,0.8817,27.3,0.8792143729570008,long_nclose,24.002552381726122,0.02124444634331661,5.0
1678557900000.0,100445,1678557900000.0,0.0,-0.006513276000000001,1129.8206421997272,1129.794909818001,37.1,0.8778,64.4,0.8783995711448156,long_ientry_partial,56.56893238172613,0.05006894923745427,1.0
1678558800000.0,100460,1678558800000.0,0.03864690456846938,-0.0028361760000000006,1129.8564529282955,1129.957903642001,-16.1,0.8808,48.3,0.8783995711448156,long_nclose,42.42669928629459,0.03755052172896439,15.0
1678558860000.0,100461,1678558860000.0,0.0288051462622132,-0.0021139200000000005,1129.8831441545576,1129.9448697220007,-12.0,0.8808,36.3,0.8783995711448156,long_nclose,31.885904432556803,0.028220532890961603,1.0
1678559040000.0,100464,1678559040000.0,0.0216038596966599,-0.00158544,1129.903162574254,1129.9686942820006,-9.0,0.8808,27.3,0.8783995711448156,long_nclose,23.980308292253465,0.021223330535352445,3.0
1678559460000.0,100471,1678559460000.0,0.016322916215254144,-0.001197888,1129.9182876024695,1129.9736463940008,-6.8,0.8808,20.5,0.8783995711448156,long_nclose,18.00719120846872,0.015936719854917555,7.0
1678559940000.0,100479,1678559940000.0,0.012242187161440609,-0.000898416,1129.929631373631,1129.960437978001,-5.1,0.8808,15.4,0.8783995711448156,long_nclose,13.527353395630161,0.011971854724426733,8.0
1678560180000.0,100483,1678560180000.0,0.009121629649700846,-0.000669408,1129.9380835952807,1129.9694085700007,-3.8,0.8808,11.6,0.8783995711448156,long_nclose,10.189435025279861,0.009017693246393399,4.0
1678560420000.0,100487,1678560420000.0,0.006961243680034856,-0.0005108640000000001,1129.9445339749607,1129.9688977060007,-2.9,0.8808,8.7,0.8783995711448156,long_nclose,7.642076268959895,0.006763231326122103,4.0
1678560780000.0,100493,1678560780000.0,0.00504090059588731,-0.00036993600000000007,1129.9492049395567,1129.9670277700009,-2.1,0.8808,6.6,0.8783995711448156,long_nclose,5.797437169555782,0.0051307060036082765,6.0
1678560960000.0,100496,1678560960000.0,0.0038406861682950934,-0.00028185600000000003,1129.9527637697252,1129.968765914001,-1.6,0.8808,5.0,0.8783995711448156,long_nclose,4.391997855724078,0.003886886245644097,3.0
1678561140000.0,100499,1678561140000.0,0.00288051462622132,-0.000211392,1129.9554328923514,1129.9649345220012,-1.2,0.8808,3.8,0.8783995711448156,long_nclose,3.337918370350299,0.002954026568823353,3.0
1678561980000.0,100513,1678561980000.0,0.009240514626221285,-0.00021266400000000002,1129.9644607429777,1129.9850018580012,-1.2,0.8861,2.6,0.8783995711448156,long_nclose,2.2838388849765208,0.0020211599252199877,14.0
1678562100000.0,100515,1678562100000.0,0.0061603430841475244,-0.00014177600000000003,1129.9704793100618,1129.9847000820012,-0.8,0.8861,1.8,0.8783995711448156,long_nclose,1.581119228060668,0.0013992571107044043,2.0
1678564800000.0,100560,1678564800000.0,0.0046202573131106425,-0.00010633200000000001,1129.9749932353748,1129.984833750001,-0.6,0.8861,1.2,0.8783995711448156,long_nclose,1.0540794853737787,0.000932834347382954,45.0
1678566060000.0,100581,1678566060000.0,0.0077402573131106316,-0.00010695599999999998,1129.9826265366878,1129.989886794001,-0.6,0.8913,0.6,0.8783995711448156,long_nclose,0.5270397426868894,0.00046641402293257084,21.0
1678566120000.0,100582,1678566120000.0,0.0038701286565553158,-5.347799999999999e-05,1129.9864431873443,1129.9904933160008,-0.3,0.8913,0.3,0.8783995711448156,long_nclose,0.2635198713434447,0.00023320622378454042,1.0
1678566240000.0,100584,1678566240000.0,0.0012900428855184389,-1.7826000000000002e-05,1129.98771540423,1129.990155490001,-0.1,0.8913,0.2,0.8783995711448156,long_nclose,0.17567991422896312,0.00015547064081676077,2.0
1678566300000.0,100585,1678566300000.0,0.0012900428855184389,-1.7826000000000002e-05,1129.9889876211155,1129.990297664001,-0.1,0.8913,0.1,0.8783995711448156,long_nclose,0.08783995711448156,7.773523288877771e-05,1.0
1678566420000.0,100587,1678566420000.0,0.0012900428855184389,-1.7826000000000002e-05,1129.990259838001,1129.990259838001,-0.1,0.8913,0.0,0.8783995711448156,long_nclose,0.0,0.0,2.0
1678623180000.0,101533,1678623180000.0,0.0,-0.011293952000000001,1129.978965886001,1129.903605886001,62.8,0.8992,62.8,0.8992,long_ientry_normal,56.46976,0.04997416917024011,946.0
1678623540000.0,101539,1678623540000.0,0.03924999999999916,-0.002831338,1130.015384548001,1130.170814548001,-15.7,0.9017,47.1,0.8992,long_nclose,42.35232,0.037479418934584376,6.0
1678623840000.0,101544,1678623840000.0,0.029249999999999374,-0.002109978,1130.0425245700012,1130.1487245700011,-11.7,0.9017,35.4,0.8992,long_nclose,31.83168,0.028168568268802496,5.0
1678624200000.0,101550,1678624200000.0,0.021999999999999534,-0.0015869920000000002,1130.062937578001,1130.1161375780011,-8.8,0.9017,26.6,0.8992,long_nclose,23.91872,0.021165829976924663,6.0
1678624920000.0,101562,1678624920000.0,0.016499999999999647,-0.0011902439999999998,1130.078247334001,1130.1482473340009,-6.6,0.9017,20.0,0.8992,long_nclose,17.984,0.01591394228003818,12.0
1678625640000.0,101574,1678625640000.0,0.012499999999999734,-0.0009017,1130.089845634001,1130.131845634001,-5.0,0.9017,15.0,0.8992,long_nclose,13.488,0.011935334214451759,12.0
1678625940000.0,101579,1678625940000.0,0.009249999999999804,-0.000667258,1130.098428376001,1130.1345883760011,-3.7,0.9017,11.3,0.8992,long_nclose,10.160960000000001,0.008991216822238864,5.0
1678626300000.0,101585,1678626300000.0,0.0,-0.00926279,1130.089165586001,1130.121695586001,51.5,0.8993,62.8,0.8992820063694267,long_ientry_partial,56.474909999999994,0.04997385314345109,6.0
1678626660000.0,101591,1678626660000.0,0.039532500000001865,-0.002831652,1130.125866434001,1130.258593934001,-15.7,0.9018,47.1,0.8992820063694267,long_nclose,42.356182499999996,0.037479172681579874,6.0
1678628520000.0,101622,1678628520000.0,0.0294605254777084,-0.002110212,1130.1532167474788,1130.231733722001,-11.7,0.9018,35.4,0.8992820063694267,long_nclose,31.834583025477702,0.028168378016120633,31.0
1678628820000.0,101627,1678628820000.0,0.022158343949045634,-0.0015871680000000001,1130.1737879234279,1130.2434265540012,-8.8,0.9018,26.6,0.8992820063694267,long_nclose,23.92090136942675,0.021165684096583783,5.0
1678629180000.0,101633,1678629180000.0,0.0,-0.006512380000000001,1130.1672755434279,1130.135394174001,36.2,0.8995,62.8,0.8994076651182603,long_ientry_partial,56.482801369426745,0.049977381748438646,6.0
1678640640000.0,101824,1678640640000.0,0.03912965764331363,-0.002831966,1130.2035732350712,1130.3115422080011,-15.7,0.9019,47.1,0.8994076651182603,long_nclose,42.36210102707006,0.037481832503691054,191.0
1678640880000.0,101828,1678640880000.0,0.0,-0.002839576,1130.2007336590711,1130.1689826320012,15.8,0.8986,62.9,0.8992047858039756,long_ientry_partial,56.55998102707006,0.05004419068456521,4.0
1678641900000.0,101845,1678641900000.0,0.03917486287758287,-0.002831338,1130.2370771839487,1130.505891294001,-15.7,0.9017,47.2,0.8992047858039756,long_nclose,42.44246588994765,0.03755182584851624,17.0
1678641960000.0,101846,1678641960000.0,0.12395486287758399,-0.002848294,1130.3581837528263,1130.6824830000012,-15.7,0.9071,31.5,0.8992047858039756,long_nclose,28.32495075282523,0.025058385173791074,1.0
1678642320000.0,101852,1678642320000.0,0.20716486287758354,-0.002864936,1130.562483679704,1130.7820280640012,-15.7,0.9124,15.8,0.8992047858039756,long_nclose,14.207435615702815,0.01256669650797282,6.0
1678642440000.0,101854,1678642440000.0,0.29380438429718536,-0.002900248,1130.853387816001,1130.853387816001,-15.8,0.9178,0.0,0.8992047858039756,long_nclose,0.0,0.0,2.0
1678700280000.0,102818,1678700280000.0,0.0,-0.011315286,1130.8420725300011,1130.7652425300012,59.1,0.9573,59.1,0.9573,long_ientry_normal,56.57643,0.050030354701451056,964.0
1678700460000.0,102821,1678700460000.0,0.03968999999999889,-0.0028223999999999996,1130.8789401300012,1131.0521001300012,-14.7,0.96,44.4,0.9573,long_nclose,42.50412,0.037585030980516715,3.0
1678700580000.0,102823,1678700580000.0,0.029969999999999164,-0.0021311999999999998,1130.9067789300013,1130.9633889300014,-11.1,0.96,33.3,0.9573,long_nclose,31.87809,0.0281880793306069,2.0
1678700700000.0,102825,1678700700000.0,0.02240999999999938,-0.0015936000000000001,1130.9275953300014,1130.9850953300013,-8.3,0.96,25.0,0.9573,long_nclose,23.9325,0.02116183219759225,2.0
1678700760000.0,102826,1678700760000.0,0.016739999999999533,-0.0011904,1130.9431449300014,1131.0409049300015,-6.2,0.96,18.8,0.9573,long_nclose,17.99724,0.015913479011461645,1.0
1678701120000.0,102832,1678701120000.0,0.012689999999999646,-0.0009023999999999999,1130.9549325300013,1130.9944125300012,-4.7,0.96,14.1,0.9573,long_nclose,13.49793,0.011934984862574915,6.0
1678701660000.0,102841,1678701660000.0,0.0,-0.008615700000000002,1130.9463168300013,1131.0231468300012,45.0,0.9573,59.1,0.9573,long_ientry_partial,56.57643,0.05002574318344442,9.0
1678701720000.0,102842,1678701720000.0,0.03968999999999889,-0.0028223999999999996,1130.9831844300013,1131.0986244300013,-14.7,0.96,44.4,0.9573,long_nclose,42.50412,0.03758156671570802,1.0
1678701780000.0,102843,1678701780000.0,0.029969999999999164,-0.0021311999999999998,1131.0110232300015,1131.1542132300015,-11.1,0.96,33.3,0.9573,long_nclose,31.87809,0.02818548125990926,1.0
1678702800000.0,102860,1678702800000.0,0.02240999999999938,-0.0015936000000000001,1131.0318396300015,1131.1418396300014,-8.3,0.96,25.0,0.9573,long_nclose,23.9325,0.021159881765865342,17.0
1678703340000.0,102869,1678703340000.0,0.0697199999999997,-0.0016030620000000004,1131.0999565680015,1131.2469165680016,-8.3,0.9657,16.7,0.9573,long_nclose,15.98691,0.01413394979565528,9.0
1678703880000.0,102878,1678703880000.0,0.0461999999999998,-0.0010622700000000001,1131.1450942980016,1131.2369342980016,-5.5,0.9657,11.2,0.9573,long_nclose,10.72176,0.009478677893797539,9.0
1678703940000.0,102879,1678703940000.0,0.031079999999999865,-0.0007146180000000001,1131.1754596800015,1131.2392096800015,-3.7,0.9657,7.5,0.9573,long_nclose,7.17975,0.006347158558435383,1.0
1678704960000.0,102896,1678704960000.0,0.020999999999999908,-0.00048285,1131.1959768300014,1131.2379768300013,-2.5,0.9657,5.0,0.9573,long_nclose,4.7865,0.0042313622909209885,17.0
1678705020000.0,102897,1678705020000.0,0.013439999999999942,-0.00030902400000000003,1131.2091078060014,1131.2417478060013,-1.6,0.9657,3.4,0.9573,long_nclose,3.25482,0.002877292958074548,1.0
1678705440000.0,102904,1678705440000.0,0.00923999999999996,-0.00021245400000000002,1131.2181353520016,1131.2415953520015,-1.1,0.9657,2.3,0.9573,long_nclose,2.20179,0.0019463885268378128,7.0
1678705920000.0,102912,1678705920000.0,0.005879999999999974,-0.000135198,1131.2238801540016,1131.2373201540015,-0.7,0.9657,1.6,0.9573,long_nclose,1.5316800000000002,0.0013540025337791504,8.0
1678705980000.0,102913,1678705980000.0,0.0041999999999999815,-9.657e-05,1131.2279835840015,1131.2368935840016,-0.5,0.9657,1.1,0.9573,long_nclose,1.0530300000000001,0.0009308733652996706,1.0
1678706040000.0,102914,1678706040000.0,0.002519999999999989,-5.7941999999999995e-05,1131.2304456420015,1131.2378056420016,-0.3,0.9657,0.8,0.9573,long_nclose,0.7658400000000001,0.0006769973376780597,1.0
1678706400000.0,102920,1678706400000.0,0.0016799999999999927,-3.8628000000000004e-05,1131.2320870140015,1131.2368870140015,-0.2,0.9657,0.6,0.9573,long_nclose,0.57438,0.0005077472665367304,6.0
1678706460000.0,102921,1678706460000.0,0.0016799999999999927,-3.8628000000000004e-05,1131.2337283860015,1131.2376883860015,-0.2,0.9657,0.4,0.9573,long_nclose,0.38292000000000004,0.00033849768654470265,1.0
1678708440000.0,102954,1678708440000.0,0.0008399999999999963,-1.9314000000000002e-05,1131.2345490720015,1131.2367090720015,-0.1,0.9657,0.3,0.9573,long_nclose,0.28719,0.0002538730807290087,33.0
1678708560000.0,102956,1678708560000.0,0.0008399999999999963,-1.9314000000000002e-05,1131.2353697580015,1131.2372897580015,-0.1,0.9657,0.2,0.9573,long_nclose,0.19146000000000002,0.00016924859769983848,2.0
1678708860000.0,102961,1678708860000.0,0.0008399999999999963,-1.9314000000000002e-05,1131.2361904440015,1131.2368904440016,-0.1,0.9657,0.1,0.9573,long_nclose,0.09573000000000001,8.462423745692464e-05,5.0
1678708980000.0,102963,1678708980000.0,0.0008399999999999963,-1.9314000000000002e-05,1131.2370111300015,1131.2370111300015,-0.1,0.9657,0.0,0.9573,long_nclose,0.0,0.0,2.0
1678711620000.0,103007,1678711620000.0,0.0,-0.01131266,1131.2256984700016,1131.1371984700015,59.0,0.9587,59.0,0.9587,long_ientry_normal,56.5633,0.050001781321360225,44.0
1678712220000.0,103017,1678712220000.0,0.039690000000000523,-0.002826516,1131.2625619540017,1131.4397619540018,-14.7,0.9614,44.3,0.9587,long_nclose,42.470409999999994,0.03754248697724241,10.0
1678712520000.0,103022,1678712520000.0,0.12347999999999945,-0.0028432740000000002,1131.3831986800017,1131.6377586800018,-14.7,0.9671,29.6,0.9587,long_nclose,28.37752,0.025082147262844624,5.0
1678712820000.0,103027,1678712820000.0,0.08231999999999964,-0.001895516,1131.4636231640015,1131.6497431640016,-9.8,0.9671,19.8,0.9587,long_nclose,18.98226,0.01677673025573584,5.0
1678713420000.0,103037,1678713420000.0,0.13959000000000002,-0.001926144,1131.6012870200016,1131.7428570200016,-9.9,0.9728,9.9,0.9587,long_nclose,9.49113,0.008387344649451817,10.0
1678713780000.0,103043,1678713780000.0,0.06909000000000001,-0.0009533440000000001,1131.6694236760015,1131.7439236760015,-4.9,0.9728,5.0,0.9587,long_nclose,4.7935,0.004235777604054437,6.0
1678713960000.0,103046,1678713960000.0,0.035250000000000004,-0.0004864,1131.7041872760014,1131.7359372760016,-2.5,0.9728,2.5,0.9587,long_nclose,2.39675,0.002117823744885975,3.0
1678714320000.0,103052,1678714320000.0,0.006719999999999971,-0.00015473600000000002,1131.7107525400015,1131.7204425400016,-0.8,0.9671,1.7,0.9587,long_nclose,1.6297899999999998,0.0014401117921183603,6.0
1678714560000.0,103056,1678714560000.0,0.0010800000000000143,-7.691200000000001e-05,1131.7117556280016,1131.7152656280016,-0.4,0.9614,1.3,0.9587,long_nclose,1.24631,0.001101260982579797,4.0
1678714620000.0,103057,1678714620000.0,0.0,-0.011069168,1131.7006864600016,1131.7249364600016,57.7,0.9592,59.0,0.9591889830508475,long_ientry_partial,56.592150000000004,0.05000628759625673,1.0
1678715220000.0,103067,1678715220000.0,0.03838194915254094,-0.0028276919999999997,1131.7362407171543,1131.8917787680018,-14.7,0.9618,44.3,0.9591889830508475,long_nclose,42.492071949152546,0.0375459143397461,10.0
1678715400000.0,103070,1678715400000.0,0.12364194915254134,-0.002844744,1131.8570379223067,1132.0882440240016,-14.7,0.9676,29.6,0.9591889830508475,long_nclose,28.39199389830509,0.025084434647703255,3.0
1678715460000.0,103071,1678715460000.0,0.08242796610169423,-0.0018964960000000003,1131.9375693924085,1132.1199475280016,-9.8,0.9676,19.8,0.9591889830508475,long_nclose,18.991941864406783,0.016778259135440756,1.0
1678716420000.0,103087,1678716420000.0,0.05551271186440632,-0.0012772319999999999,1131.991804872273,1132.1094302960018,-6.6,0.9676,13.2,0.9591889830508475,long_nclose,12.661294576271187,0.01118497017538021,16.0
1678716480000.0,103088,1678716480000.0,0.09313271186440657,-0.001284756,1132.0836528281375,1132.219025540002,-6.6,0.9733,6.6,0.9591889830508475,long_nclose,6.3306472881355935,0.005592031359449949,1.0
1678716480000.0,103088,1678716480000.0,0.1307527118644061,-0.00129228,1132.213113260002,1132.213113260002,-6.6,0.979,0.0,0.9591889830508475,long_nclose,0.0,0.0,0.0
1678821300000.0,104835,1678821300000.0,0.0,-0.011313392000000002,1132.2017998680021,1132.2775398680021,54.1,1.0456,54.1,1.0456,long_ientry_normal,56.56696000000001,0.04996190609005822,1747.0
1678821360000.0,104836,1678821360000.0,0.039149999999998686,-0.00283095,1132.238118918002,1132.688778918002,-13.5,1.0485,40.6,1.0456,long_nclose,42.45136000000001,0.037493314604676704,1.0
1678821360000.0,104836,1678821360000.0,0.12284999999999846,-0.0028476900000000004,1132.3581212280021,1132.658931228002,-13.5,1.0547,27.1,1.0456,long_nclose,28.335760000000004,0.025023673578877043,0.0
1678821420000.0,104837,1678821420000.0,0.2078999999999981,-0.0028647,1132.5631565280023,1132.7712365280024,-13.5,1.061,13.6,1.0456,long_nclose,14.22016,0.012555732471108697,1.0
1678821480000.0,104838,1678821480000.0,0.10471999999999904,-0.0014429599999999999,1132.6664335680023,1132.8167135680023,-6.8,1.061,6.8,1.0456,long_nclose,7.11008,0.006277293816858862,1.0
1678821480000.0,104838,1678821480000.0,0.14687999999999893,-0.001451392,1132.8118621760023,1132.8118621760023,-6.8,1.0672,0.0,1.0456,long_nclose,0.0,0.0,0.0
1678827960000.0,104946,1678827960000.0,0.0,-0.01132272,1132.8005394560023,1132.8059394560023,54.0,1.0484,54.0,1.0484,long_ientry_normal,56.6136,0.04997667111562923,108.0
1678828380000.0,104953,1678828380000.0,0.039149999999998686,-0.00283851,1132.8368509460024,1132.9421509460024,-13.5,1.0513,40.5,1.0484,long_nclose,42.4602,0.0374813018878602,7.0
1678828500000.0,104955,1678828500000.0,0.0,-0.00283068,1132.8340202660024,1132.6126202660025,13.5,1.0484,54.0,1.0484,long_ientry_partial,56.6136,0.049975194059502626,2.0
1678829940000.0,104979,1678829940000.0,0.039149999999998686,-0.00283851,1132.8703317560025,1133.0282817560026,-13.5,1.0513,40.5,1.0484,long_nclose,42.4602,0.03748019416678049,24.0
1678830600000.0,104990,1678830600000.0,0.0,-0.00283014,1132.8675016160025,1132.7622016160026,13.5,1.0482,54.0,1.0483500000000001,long_ientry_partial,56.61090000000001,0.04997133373430362,11.0
1678831020000.0,104997,1678831020000.0,0.03982499999999711,-0.00283851,1132.9044881060026,1133.0887631060027,-13.5,1.0513,40.5,1.0483500000000001,long_nclose,42.458175000000004,0.03747727672169599,7.0
1678831500000.0,105005,1678831500000.0,0.029794999999997837,-0.002123626,1132.9321594800026,1133.0218394800027,-10.1,1.0513,30.4,1.0483500000000001,long_nclose,31.869840000000003,0.02813040457305735,8.0
1678831680000.0,105008,1678831680000.0,0.022419999999998372,-0.0015979759999999999,1132.9529815040025,1133.0612815040026,-7.6,1.0513,22.8,1.0483500000000001,long_nclose,23.902380000000004,0.021097415682925728,3.0
1678831980000.0,105013,1678831980000.0,0.06953999999999994,-0.0016074000000000001,1133.0209141040025,1133.1721541040024,-7.6,1.0575,15.2,1.0483500000000001,long_nclose,15.934920000000002,0.01406410049597487,5.0
1678833000000.0,105030,1678833000000.0,0.04574999999999996,-0.0010575,1133.0656066040026,1133.1609766040026,-5.0,1.0575,10.2,1.0483500000000001,long_nclose,10.69317,0.009437379387103026,17.0
1678833300000.0,105035,1678833300000.0,0.03110999999999997,-0.0007191000000000001,1133.0959975040025,1133.1752175040026,-3.4,1.0575,6.8,1.0483500000000001,long_nclose,7.128780000000001,0.006291417510699325,5.0
1678834620000.0,105057,1678834620000.0,0.05218999999999991,-0.0007233160000000001,1133.1474641880027,1133.2020341880027,-3.4,1.0637,3.4,1.0483500000000001,long_nclose,3.5643900000000004,0.003145565879683799,22.0
1678835220000.0,105067,1678835220000.0,0.026094999999999955,-0.00036165800000000005,1133.1731975300027,1133.1998025300027,-1.7,1.0637,1.7,1.0483500000000001,long_nclose,1.7821950000000002,0.0015727472233588665,10.0
1678835520000.0,105072,1678835520000.0,0.01227999999999998,-0.00017019200000000005,1133.1853073380025,1133.1989423380026,-0.8,1.0637,0.9,1.0483500000000001,long_nclose,0.9435150000000001,0.0008326219850277072,5.0
1678835640000.0,105074,1678835640000.0,0.00613999999999999,-8.509600000000003e-05,1133.1913622420025,1133.1991872420024,-0.4,1.0637,0.5,1.0483500000000001,long_nclose,0.5241750000000001,0.0004625652978530718,2.0
1678836180000.0,105083,1678836180000.0,0.003069999999999995,-4.2548000000000013e-05,1133.1943896940024,1133.1988146940025,-0.2,1.0637,0.3,1.0483500000000001,long_nclose,0.31450500000000003,0.00027753843723575625,9.0
1678836240000.0,105084,1678836240000.0,0.0015349999999999975,-2.1274000000000007e-05,1133.1959034200027,1133.1991134200027,-0.1,1.0637,0.2,1.0483500000000001,long_nclose,0.20967000000000002,0.00018502537766613235,1.0
1678836720000.0,105092,1678836720000.0,0.004329999999999989,-4.2800000000000004e-05,1133.2001906200026,1133.2001906200026,-0.2,1.07,0.0,1.0483500000000001,long_nclose,0.0,0.0,8.0
1678873200000.0,105700,1678873200000.0,0.0,-0.011324832,1133.1888657880027,1133.1042257880026,52.9,1.0704,52.9,1.0704,long_ientry_normal,56.624159999999996,0.04996886371683894,608.0
1678874940000.0,105729,1678874940000.0,0.03959999999999857,-0.0028337759999999997,1133.2256320120027,1133.3129720120028,-13.2,1.0734,39.7,1.0704,long_nclose,42.49488,0.037499045908935026,29.0
1678875060000.0,105731,1678875060000.0,0.0,-0.002825592,1133.2228064200028,1133.2188364200028,13.2,1.0703,52.9,1.0703750472589793,long_ientry_partial,56.622840000000004,0.04996620230303948,2.0
1678879920000.0,105812,1678879920000.0,0.0,-0.015530679999999998,1133.2072757400028,1131.3470357400029,75.1,1.034,128.0,1.049033125,long_rentry,134.27624,0.11849221486185343,81.0
1678881420000.0,105837,1678881420000.0,0.09174000000000149,-0.006732160000000001,1133.292283580003,1133.6539035800029,-32.0,1.0519,96.0,1.049033125,long_nclose,100.70718,0.08886249510309202,25.0
1678881540000.0,105839,1678881540000.0,0.06880500000000112,-0.005049120000000001,1133.356039460003,1133.5264544600032,-24.0,1.0519,72.0,1.049033125,long_nclose,75.530385,0.06664312217014089,2.0
1678881780000.0,105843,1678881780000.0,0.051603750000000836,-0.00378684,1133.403856370003,1133.466867620003,-18.0,1.0519,54.0,1.049033125,long_nclose,56.647788750000004,0.049980232934294135,4.0
1678883400000.0,105870,1678883400000.0,0.03870281250000063,-0.0028401300000000006,1133.439719052503,1133.8352774900031,-13.5,1.0519,40.5,1.049033125,long_nclose,42.4858415625,0.037483988648303206,27.0
1678883400000.0,105870,1678883400000.0,0.12375281250000025,-0.00285714,1133.560614725003,1133.824320350003,-13.5,1.0582,27.0,1.049033125,long_nclose,28.323894375000002,0.024986660622353447,0.0
1678883460000.0,105871,1678883460000.0,0.0,-0.00561164,1133.555003085003,1134.096908710003,26.5,1.0588,53.5,1.0538709228971963,long_ientry_partial,56.382094375,0.04973917826797508,1.0
1678883460000.0,105871,1678883460000.0,0.14214254088785006,-0.00287388,1133.6942717458908,1134.099434830003,-13.5,1.0644,40.0,1.0538709228971963,long_nclose,42.154836915887856,0.03718360228721042,0.0
1678883520000.0,105872,1678883520000.0,0.0,-0.0028302400000000004,1133.6914415058907,1133.867414590003,13.3,1.064,53.3,1.0563984411986465,long_ientry_partial,56.30603691588785,0.04966610389251605,1.0
1678885800000.0,105910,1678885800000.0,0.03859073205800095,-0.002817738,1133.7272144999488,1133.875276852003,-13.3,1.0593,40.0,1.0563984411986465,long_nclose,42.255937647945856,0.03727169737791256,38.0
1678885860000.0,105911,1678885860000.0,0.0,-0.0028622700000000005,1133.7243522299489,1133.947314582003,13.5,1.0601,53.5,1.0573324794008572,long_ientry_partial,56.56728764794586,0.04989509798980885,1.0
1678886280000.0,105918,1678886280000.0,0.1649618666647422,-0.003797096,1133.8855170006136,1134.159247486003,-17.8,1.0666,35.7,1.0573324794008572,long_nclose,37.746769514610605,0.03328975363796818,7.0
1678886340000.0,105919,1678886340000.0,0.11028349512979956,-0.0025385080000000005,1133.9932619877434,1134.242388978003,-11.9,1.0666,23.8,1.0573324794008572,long_nclose,25.1645130097404,0.022191060435077247,1.0
1678887060000.0,105931,1678887060000.0,0.0,-0.0062622,1133.9869997877433,1134.063086778003,29.4,1.065,53.2,1.061569793416173,long_ientry_partial,56.4755130097404,0.04980261062984967,12.0
1678887120000.0,105932,1678887120000.0,0.038971747564899545,-0.0028315700000000003,1134.0231399653082,1134.028335208003,-13.3,1.0645,39.9,1.061569793416173,long_nclose,42.3566347573053,0.03735076760303239,1.0
1678887180000.0,105933,1678887180000.0,0.0,-0.00286659,1134.0202733753083,1134.148288618003,13.5,1.0617,53.4,1.061602710810961,long_ientry_partial,56.68958475730531,0.049989921775008404,1.0
1678887240000.0,105934,1678887240000.0,0.038533946214219864,-0.0028315700000000003,1134.0559757515227,1134.2002270480032,-13.3,1.0645,40.1,1.061602710810961,long_nclose,42.57026870351953,0.03753806656263931,1.0
1678887300000.0,105935,1678887300000.0,0.0,-0.002790038,1134.0531857135227,1134.031127010003,13.1,1.0649,53.2,1.0624146372842018,long_ientry_partial,56.52045870351954,0.0498393368278914,1.0
1678891200000.0,106000,1678891200000.0,0.0,-0.015517656,1134.0376680575228,1132.2580493540033,75.6,1.0263,128.8,1.0412169153999964,long_rentry,134.10873870351955,0.1182577461763087,65.0
1678895580000.0,106073,1678895580000.0,0.0,-0.03672078,1134.0009472775228,1129.3978685740033,183.0,1.0033,311.8,1.0189629207938409,long_rentry,317.7126387035196,0.28016964136253597,73.0
1678899360000.0,106136,1678899360000.0,0.0,-0.16326248599999998,1133.8376847915229,1118.7508760880035,836.3,0.9761,1148.1,0.9877406747700719,long_rentry,1134.0250687035195,1.0001652652002224,63.0
1678900140000.0,106149,1678900140000.0,0.7919263409893839,-0.05685470000000001,1134.5727564325123,1136.0877113880035,-287.0,0.9905,861.1,0.9877406747700719,long_nclose,850.543495044509,0.7496597201213528,13.0
1678900200000.0,106150,1678900200000.0,0.5938067894805414,-0.04263112,1135.123932101993,1136.8415902680035,-215.2,0.9905,645.9,0.9877406747700719,long_nclose,637.9817018339894,0.562037046168687,1.0
1678900260000.0,106151,1678900260000.0,0.44535509211040614,-0.03197334,1135.5373138541036,1137.2133569280038,-161.4,0.9905,484.5,0.9877406747700719,long_nclose,478.5603569260998,0.4214395696974748,1.0
1678901160000.0,106166,1678901160000.0,0.33415428534430097,-0.023989910000000003,1135.847478229448,1136.7775370180038,-121.1,0.9905,363.4,0.9877406747700719,long_nclose,358.9449612114441,0.3160151059814521,15.0
1678901280000.0,106168,1678901280000.0,0.25054673087747753,-0.01798748,1136.0800374803252,1136.8049695380037,-90.8,0.9905,272.6,0.9877406747700719,long_nclose,269.2581079423216,0.23700628394061068,2.0
1678901340000.0,106169,1678901340000.0,0.18791004815810813,-0.013490610000000002,1136.2544569184834,1136.8391889280038,-68.1,0.9905,204.5,0.9877406747700719,long_nclose,201.9929679904797,0.1777708916876627,1.0
1678904880000.0,106228,1678904880000.0,0.14100151924932933,-0.01012291,1136.3853355277327,1136.8699760180036,-51.1,0.9905,153.4,0.9877406747700719,long_nclose,151.51941950972903,0.13333454311020657,59.0
1678905060000.0,106231,1678905060000.0,0.10568215630624878,-0.0075872299999999995,1136.483430454039,1137.008208788004,-38.3,0.9905,115.1,0.9877406747700719,long_nclose,113.68895166603527,0.10003573181935009,3.0
1678905540000.0,106239,1678905540000.0,0.3316521563062451,-0.007632424,1136.8074501863455,1137.249766364004,-38.3,0.9964,76.8,0.9877406747700719,long_nclose,75.85848382234151,0.06672940418353766,8.0
1678905780000.0,106243,1678905780000.0,0.22167872588615867,-0.005101568000000001,1137.0240273442316,1137.472504796004,-25.6,0.9964,51.2,0.9877406747700719,long_nclose,50.57232254822768,0.04447779583545865,4.0
1678906440000.0,106254,1678906440000.0,0.14720852890877723,-0.00338776,1137.1678481131405,1137.460577036004,-17.0,0.9964,34.2,0.9877406747700719,long_nclose,33.78073107713646,0.02970602020905493,11.0
1678906500000.0,106255,1678906500000.0,0.0,-0.0045630539999999995,1137.1632850591404,1137.575923982004,22.9,0.9963,57.1,0.9911733988990623,long_ientry_partial,56.59600107713646,0.049769458635127384,1.0
1678906500000.0,106255,1678906500000.0,0.05958325255068915,-0.002271792,1137.220596519691,1137.550852190004,-11.4,0.9964,45.7,0.9911733988990623,long_nclose,45.29662432968715,0.039830991865880114,0.0
1678906680000.0,106258,1678906680000.0,0.13112433673425325,-0.003039392,1137.3486814644255,1137.599592798004,-15.2,0.9998,30.5,0.9911733988990623,long_nclose,30.2307886664214,0.02658005338125235,3.0
1678906740000.0,106259,1678906740000.0,0.0,-0.0052768319999999995,1137.3434046324255,1137.645525966004,26.4,0.9994,56.9,0.9949903104819227,long_ientry_partial,56.6149486664214,0.049778236226479554,1.0
1678906740000.0,106259,1678906740000.0,0.04857786413258138,-0.0020195960000000002,1137.389962900558,1137.638456370004,-10.1,0.9998,46.8,0.9949903104819227,long_nclose,46.56554653055398,0.04094070463906952,0.0
1678907220000.0,106267,1678907220000.0,0.03170336736150527,-0.002334618,1137.4193316499195,1137.556561752004,-11.7,0.9977,35.1,0.9949903104819227,long_nclose,34.92415989791549,0.030704735646839364,8.0
1678907280000.0,106268,1678907280000.0,0.0,-0.0043552040000000005,1137.4149764459196,1137.523756548004,21.8,0.9989,56.9,0.9964882231619594,long_ientry_partial,56.70017989791549,0.04985003808819762,1.0
1678907640000.0,106274,1678907640000.0,0.03850723110017624,-0.002837728,1137.4506459490196,1137.472498820004,-14.2,0.9992,42.7,0.9964882231619594,long_nclose,42.55004712901567,0.037408257914799015,6.0
1678907700000.0,106275,1678907700000.0,0.02874483448323015,-0.002118304,1137.4772724795027,1137.6028405160039,-10.6,0.9992,32.1,0.9964882231619594,long_nclose,31.9872719634989,0.02812124051830258,1.0
1678907760000.0,106276,1678907760000.0,0.0,-0.004961984,1137.4723104955028,1137.540978532004,24.8,1.0004,56.9,0.9981931803778366,long_ientry_partial,56.797191963498896,0.04993281281612653,1.0
1678908240000.0,106284,1678908240000.0,0.03985683863471938,-0.0028428399999999997,1137.5093244941374,1137.6419856920038,-14.2,1.001,42.7,0.9981931803778366,long_nclose,42.622848802133625,0.03747032915188494,8.0
1678908360000.0,106286,1678908360000.0,0.0,-0.0028236660000000003,1137.5065008281374,1137.7243620260037,14.1,1.0013,56.8,0.9989644155305216,long_ientry_partial,56.741178802133625,0.049882069914171406,2.0
1678908780000.0,106293,1678908780000.0,0.1651025464731421,-0.003809106,1137.6677942686106,1137.9837129200039,-18.9,1.0077,37.9,0.9989644155305216,long_nclose,37.86075134860677,0.03327926793686453,7.0
1678908840000.0,106294,1678908840000.0,0.0,-0.0037471560000000006,1137.6640471126107,1137.895215764004,18.6,1.0073,56.5,1.0017085194443676,long_ientry_partial,56.59653134860677,0.04974801787245423,1.0
1678908960000.0,106296,1678908960000.0,0.03935987583441664,-0.00283269,1137.700574298445,1137.8189330740038,-14.1,1.0045,42.4,1.0017085194443676,long_nclose,42.472441224441184,0.03733182718188528,2.0
1678909020000.0,106297,1678909020000.0,0.0,-0.0028527799999999996,1137.697721518445,1137.6745802940038,14.2,1.0045,56.6,1.002408855555498,long_ientry_partial,56.73634122444118,0.049869433814737005,1.0
1678912680000.0,106358,1678912680000.0,0.03935513666747996,-0.002834664,1137.7342419911124,1137.8571156300038,-14.1,1.0052,42.5,1.002408855555498,long_nclose,42.60237636110866,0.03744492763666109,61.0
1678913040000.0,106364,1678913040000.0,0.0,-0.0028182,1137.7314237911123,1137.9278974300037,14.0,1.0065,56.5,1.0034225904621001,long_ientry_partial,56.693376361108655,0.04983019293973335,6.0
1678917840000.0,106444,1678917840000.0,0.0391614744843878,-0.002837484,1137.7677477815967,1137.9660699460037,-14.1,1.0062,42.4,1.0034225904621001,long_nclose,42.54511783559305,0.037393499612330294,80.0
1678918140000.0,106449,1678918140000.0,0.0,-0.00282268,1137.7649251015966,1138.0591272660035,14.0,1.0081,56.4,1.0045836495672527,long_ientry_partial,56.658517835593045,0.04979808797545216,5.0
1678918920000.0,106462,1678918920000.0,0.03971054110173857,-0.0028408680000000003,1137.8017947746985,1137.8786263980037,-14.1,1.0074,42.3,1.0045836495672527,long_nclose,42.493888376694784,0.03734735572737359,13.0
1678918980000.0,106463,1678918980000.0,0.0,-0.002858176,1137.7989365986984,1137.8701182220036,14.2,1.0064,56.5,1.0050401482600846,long_ientry_partial,56.78476837669478,0.049907559719158674,1.0
1678921620000.0,106507,1678921620000.0,0.03891390953280773,-0.0028419960000000003,1137.8350085122313,1137.8205862260038,-14.1,1.0078,42.4,1.0050401482600846,long_nclose,42.613702286227586,0.03745156544440204,44.0
1678921680000.0,106508,1678921680000.0,0.0,-0.002853348,1137.8321551642314,1137.8516928780039,14.2,1.0047,56.6,1.0049548107107347,long_ientry_partial,56.880442286227584,0.04999018706587496,1.0
1678921740000.0,106509,1678921740000.0,0.03870716897864172,-0.002841714,1137.86802061921,1137.9761911640037,-14.1,1.0077,42.5,1.0049548107107347,long_nclose,42.71057945520622,0.037535618086853156,1.0
1678921800000.0,106510,1678921800000.0,0.0,-0.0028198800000000003,1137.86520073921,1137.8320712840036,14.0,1.0071,56.5,1.0054863620390482,long_ientry_partial,56.809979455206225,0.04992680979987773,1.0
1678921800000.0,106510,1678921800000.0,0.02346456238608976,-0.002136324,1137.886528977596,1137.8596149600037,-10.6,1.0077,45.9,1.0054863620390482,long_nclose,46.15182401759231,0.04055924983931416,0.0
1678922040000.0,106514,1678922040000.0,0.0320754727548505,-0.002298924,1137.916305526351,1138.0409760360037,-11.4,1.0083,34.5,1.0054863620390482,long_nclose,34.68927949034716,0.03048491292538549,4.0
1678922160000.0,106516,1678922160000.0,0.024197286464185463,-0.0017342759999999999,1137.9387685368151,1138.0012817600038,-8.6,1.0083,25.9,1.0054863620390482,long_nclose,26.042096776811345,0.022885323443454522,2.0
1678922220000.0,106517,1678922220000.0,0.0,-0.00616284,1137.9326056968152,1138.017008920004,30.6,1.007,56.5,1.0063061376426785,long_ientry_partial,56.856296776811334,0.0499645554509753,1.0
1678922340000.0,106519,1678922340000.0,0.039393459238234514,-0.002845662,1137.9691534940534,1138.108813258004,-14.1,1.0091,42.4,1.0063061376426785,long_nclose,42.66738023604957,0.037494320566636104,2.0
1678922460000.0,106521,1678922460000.0,0.029614940987608928,-0.002139292,1137.996629143041,1138.1077339660037,-10.6,1.0091,31.8,1.0063061376426785,long_nclose,32.00053517703718,0.028120061481319958,2.0
1678922580000.0,106523,1678922580000.0,0.022071512622840617,-0.0015943780000000002,1138.017106277664,1138.088659588004,-7.9,1.0091,23.9,1.0063061376426785,long_nclose,24.050716689660014,0.021133879760671978,2.0
1678922700000.0,106525,1678922700000.0,0.016483787908197423,-0.0011907380000000002,1138.032399327572,1138.0520888500037,-5.9,1.0091,18.0,1.0063061376426785,long_nclose,18.113510477568212,0.015916515635469537,2.0
1678922880000.0,106528,1678922880000.0,0.0,-0.007753899999999999,1138.024645427572,1138.0201849500038,38.5,1.007,56.5,1.006778946505632,long_ientry_partial,56.88301047756821,0.04998398822566488,3.0
1678923180000.0,106533,1678923180000.0,0.03977685427058892,-0.002847072,1138.0615752098427,1138.210867878004,-14.1,1.0096,42.4,1.006778946505632,long_nclose,42.6874273318388,0.037508890785604314,5.0
1678923480000.0,106538,1678923480000.0,0.0,-0.00283974,1138.0587354698428,1138.051158138004,14.1,1.007,56.5,1.0068341120679434,long_ientry_partial,56.8861273318388,0.04998522972397695,5.0
1678923960000.0,106546,1678923960000.0,0.03899901984199914,-0.002847072,1138.094887417685,1138.2291210660042,-14.1,1.0096,42.4,1.0068341120679434,long_nclose,42.689766351680795,0.03750984810110433,8.0
1678924080000.0,106548,1678924080000.0,0.0,-0.00283974,1138.092047677685,1138.0934313260043,14.1,1.007,56.5,1.0068755106492175,long_ientry_partial,56.88846635168079,0.049985821856644734,2.0
1678924140000.0,106549,1678924140000.0,0.039825299846033245,-0.0028473540000000003,1138.129025623531,1138.1767039720044,-14.1,1.0097,42.4,1.0068755106492175,long_nclose,42.69152165152682,0.037510265260248504,1.0
1678924200000.0,106550,1678924200000.0,0.0,-0.00283974,1138.1261858835312,1138.2218642320045,14.1,1.007,56.5,1.0069065779031297,long_ientry_partial,56.89022165152682,0.049985864798781296,1.0
1678924620000.0,106557,1678924620000.0,0.03938725156587251,-0.0028473540000000003,1138.162725781097,1138.2981268780043,-14.1,1.0097,42.4,1.0069065779031297,long_nclose,42.69283890309269,0.037510311958066894,7.0
1678924800000.0,106560,1678924800000.0,0.029610274226826137,-0.002140564,1138.1901954913237,1138.2313263140043,-10.6,1.0097,31.8,1.0069065779031297,long_nclose,32.01962917731952,0.02813205499762505,3.0
1678924920000.0,106562,1678924920000.0,0.0,-0.00497458,1138.1852209113238,1138.0977917340042,24.7,1.007,56.5,1.0069474190676022,long_ientry_partial,56.892529177319524,0.049985299520728915,2.0
1678925160000.0,106566,1678925160000.0,0.038811391146809406,-0.0028473540000000003,1138.2211849484704,1138.320934380004,-14.1,1.0097,42.4,1.0069474190676022,long_nclose,42.69457056846633,0.03750990680286732,4.0
1678925220000.0,106567,1678925220000.0,0.0,-0.00283974,1138.2183452084705,1138.1471246400042,14.1,1.007,56.5,1.0069605410348024,long_ientry_partial,56.893270568466335,0.04998449621548319,1.0
1678925820000.0,106577,1678925820000.0,0.040036371409287015,-0.002847636,1138.2555339438798,1138.380167004004,-14.1,1.0098,42.4,1.0069605410348024,long_nclose,42.69512693987562,0.03750926366414718,10.0
1678925940000.0,106579,1678925940000.0,0.030098265031095205,-0.002140776,1138.2834914329108,1138.376966228004,-10.6,1.0098,31.8,1.0069605410348024,long_nclose,32.021345204906716,0.028131256796667704,2.0
1678926780000.0,106593,1678926780000.0,0.0,-0.004975074,1138.2785163589108,1138.2603511540042,24.7,1.0071,56.5,1.0070215080514462,long_ientry_partial,56.89671520490671,0.049984880138919004,14.0
1678927020000.0,106597,1678927020000.0,0.039176736474609154,-0.002847636,1138.3148454593854,1138.3308935180041,-14.1,1.0098,42.4,1.0070215080514462,long_nclose,42.697711941381314,0.037509580158510504,4.0
1678927140000.0,106599,1678927140000.0,0.02945201465467071,-0.002140776,1138.34215669804,1138.4177927420042,-10.6,1.0098,31.8,1.0070215080514462,long_nclose,32.02328395603599,0.028131510168195043,2.0
1678927200000.0,106600,1678927200000.0,0.021950086393575343,-0.001595484,1138.3625113004337,1138.526907258004,-7.9,1.0098,23.9,1.0070215080514462,long_nclose,24.067814042429564,0.021142486513312145,1.0
1678927440000.0,106604,1678927440000.0,0.0,-0.006566944000000001,1138.3559443564336,1138.3715103140041,32.6,1.0072,56.5,1.007124496326187,long_ientry_partial,56.902534042429565,0.049986591913128944,4.0
1678927620000.0,106607,1678927620000.0,0.039134601800764335,-0.002847918,1138.3922310402343,1138.522632396004,-14.1,1.0099,42.4,1.007124496326187,long_nclose,42.702078644230326,0.037510866184680684,3.0
1678927860000.0,106611,1678927860000.0,0.0,-0.002840304,1138.3893907362342,1138.4038920920038,14.1,1.0072,56.5,1.007143338835935,long_ientry_partial,56.90359864423033,0.049986058467594185,4.0
1678927980000.0,106613,1678927980000.0,0.038868922413316964,-0.002847918,1138.4254117406474,1138.4871741740037,-14.1,1.0099,42.4,1.007143338835935,long_nclose,42.70287756664364,0.03751047466636495,2.0
1678928040000.0,106614,1678928040000.0,0.0,-0.002840304,1138.4225714366473,1138.3684738700038,14.1,1.0072,56.5,1.0071574790556397,long_ientry_partial,56.904397566643645,0.0499853033437596,1.0
1678932540000.0,106689,1678932540000.0,0.038669545315480766,-0.002847918,1138.4583930639628,1138.5789159520036,-14.1,1.0099,42.4,1.0071574790556397,long_nclose,42.703477111959124,0.03750991461095925,75.0
1678933320000.0,106702,1678933320000.0,0.029070722010219586,-0.0021409880000000004,1138.485322797973,1138.6011549640036,-10.6,1.0099,31.8,1.0071574790556397,long_nclose,32.02760783396934,0.028131770513525296,13.0
1678934220000.0,106717,1678934220000.0,0.09267072201021964,-0.0021537080000000003,1138.5758398119833,1138.7781412560037,-10.6,1.0159,21.2,1.0071574790556397,long_nclose,21.351738555979562,0.018753022687979612,15.0
1678934460000.0,106721,1678934460000.0,0.061197646610522405,-0.00142226,1138.6356151985938,1138.7824789960036,-7.0,1.0159,14.2,1.0071574790556397,long_nclose,14.301636202590084,0.012560327475876187,4.0
1678935480000.0,106738,1678935480000.0,0.10467189870495847,-0.001451098,1138.7388359992988,1138.8555778980037,-7.1,1.0219,7.1,1.0071574790556397,long_nclose,7.150818101295042,0.006279594473494751,17.0
1678935600000.0,106740,1678935600000.0,0.14727189870495852,-0.0014596180000000002,1138.8846482800038,1138.8846482800038,-7.1,1.0279,0.0,1.0071574790556397,long_nclose,0.0,0.0,2.0
1678940640000.0,106824,1678940640000.0,0.0,-0.011381608,1138.8732666720039,1138.8676366720038,56.3,1.0108,56.3,1.0108,long_ientry_normal,56.90803999999999,0.049968720546313024,84.0
1678940820000.0,106827,1678940820000.0,0.0392000000000019,-0.00283808,1138.9096285920039,1139.078828592004,-14.0,1.0136,42.3,1.0108,long_nclose,42.75684,0.037541907563692176,3.0
1678941060000.0,106831,1678941060000.0,0.0,-0.00283052,1138.9067980720038,1138.9053980720037,14.0,1.0109,56.3,1.0108248667850799,long_ientry_partial,56.90944,0.04996847862910208,4.0
1678944300000.0,106885,1678944300000.0,0.03885186500888249,-0.00283808,1138.9428118570127,1139.0517399920038,-14.0,1.0136,42.3,1.0108248667850799,long_nclose,42.75789186500888,0.0375417373197987,54.0
1678944360000.0,106886,1678944360000.0,0.02913889875666187,-0.0021285600000000003,1138.9698221957692,1139.0866914320036,-10.5,1.0136,31.8,1.0108248667850799,long_nclose,32.14423076376554,0.028222197056807098,1.0
1678944540000.0,106889,1678944540000.0,0.09301641207815393,-0.002161552,1139.0606770558475,1139.2721498800038,-10.6,1.0196,21.2,1.0108248667850799,long_nclose,21.429487175843693,0.018813297313741803,3.0
1678944660000.0,106891,1678944660000.0,0.06142593250444128,-0.00142744,1139.1206755483518,1139.2793624400035,-7.0,1.0196,14.2,1.0108248667850799,long_nclose,14.353713108348133,0.01260069579672805,2.0
1678945200000.0,106900,1678945200000.0,0.041243126110124866,-0.0009584240000000001,1139.160960250462,1139.2281740160038,-4.7,1.0196,9.5,1.0108248667850799,long_nclose,9.602836234458259,0.008429744846897604,9.0
1678946640000.0,106924,1678946640000.0,0.02720291296625257,-0.0006321520000000001,1139.1875310114283,1139.2622518640037,-3.1,1.0196,6.4,1.0108248667850799,long_nclose,6.469279147424512,0.005678853543701237,24.0
1678947300000.0,106935,1678947300000.0,0.018427779751332387,-0.00042823200000000007,1139.2055305591796,1139.2510036320036,-2.1,1.0196,4.3,1.0108248667850799,long_nclose,4.346546927175844,0.0038154194397584597,11.0
1678948140000.0,106949,1678948140000.0,0.012285186500888256,-0.00028548800000000003,1139.2175302576804,1139.2406581440036,-1.4,1.0196,2.9,1.0108248667850799,long_nclose,2.9313921136767314,0.0025731627505887113,14.0
1678948200000.0,106950,1678948200000.0,0.007897619893428165,-0.00018352800000000002,1139.2252443495738,1139.2435946160037,-0.9,1.0196,2.0,1.0108248667850799,long_nclose,2.0216497335701598,0.001774582984003655,1.0
1678948500000.0,106955,1678948500000.0,0.0052650799289521094,-0.000122352,1139.2303870775027,1139.2411322640035,-0.6,1.0196,1.4,1.0108248667850799,long_nclose,1.4151548134991117,0.0012422024812114125,5.0
1678949760000.0,106976,1678949760000.0,0.0035100532859680734,-8.156800000000002e-05,1139.2338155627885,1139.2428906960035,-0.4,1.0196,1.0,1.0108248667850799,long_nclose,1.0108248667850799,0.0008872848163181727,21.0
1678950060000.0,106981,1678950060000.0,0.0026325399644760547,-6.1176e-05,1139.236386926753,1139.2426695200036,-0.3,1.0196,0.7,1.0108248667850799,long_nclose,0.7075774067495558,0.0006210979695428648,5.0
1678950480000.0,106988,1678950480000.0,0.0017550266429840367,-4.078400000000001e-05,1139.238101169396,1139.2432387360036,-0.2,1.0196,0.5,1.0108248667850799,long_nclose,0.5054124333925399,0.00044364073925700715,7.0
1678950900000.0,106995,1678950900000.0,0.0008775133214920183,-2.0392000000000004e-05,1139.2389582907176,1139.2426283440036,-0.1,1.0196,0.4,1.0108248667850799,long_nclose,0.404329946714032,0.00035491232438247843,7.0
1678951080000.0,106998,1678951080000.0,0.0008775133214920183,-2.0392000000000004e-05,1139.2398154120392,1139.2424779520036,-0.1,1.0196,0.3,1.0108248667850799,long_nclose,0.30324746003552394,0.00026618404301981464,3.0
1678951560000.0,107006,1678951560000.0,0.0014875133214920179,-2.0514000000000004e-05,1139.2412824113608,1139.2443974380037,-0.1,1.0257,0.2,1.0108248667850799,long_nclose,0.202164973357016,0.00017745580017000968,8.0
1678952400000.0,107020,1678952400000.0,0.0014875133214920179,-2.0514000000000004e-05,1139.2427494106823,1139.2439669240039,-0.1,1.0257,0.1,1.0108248667850799,long_nclose,0.101082486678508,8.87277858303657e-05,14.0
1678954080000.0,107048,1678954080000.0,0.0008775133214920183,-2.0392000000000004e-05,1139.243606532004,1139.243606532004,-0.1,1.0196,0.0,1.0108248667850799,long_nclose,0.0,0.0,28.0
1678957620000.0,107107,1678957620000.0,0.0,-0.0113883,1139.232218232004,1139.220998232004,56.1,1.015,56.1,1.015,long_ientry_normal,56.9415,0.04998234696027873,59.0
1678957800000.0,107110,1678957800000.0,0.0392000000000019,-0.00284984,1139.268568392004,1139.382238392004,-14.0,1.0178,42.1,1.015,long_nclose,42.7315,0.03750783720849286,3.0
1678957860000.0,107111,1678957860000.0,0.029400000000001425,-0.00213738,1139.2958310120039,1139.400111012004,-10.5,1.0178,31.6,1.015,long_nclose,32.074,0.028152477281962476,1.0
1678958220000.0,107117,1678958220000.0,0.0,-0.0049735,1139.2908575120039,1139.2347575120039,24.5,1.015,56.1,1.015,long_ientry_partial,56.9415,0.049979774369777255,6.0
1678959780000.0,107143,1678959780000.0,0.0392000000000019,-0.00284984,1139.3272076720039,1139.7103176720038,-14.0,1.0178,42.1,1.015,long_nclose,42.7315,0.0375059067423779,26.0
1678959780000.0,107143,1678959780000.0,0.12460000000000182,-0.0028669200000000002,1139.4489407520039,1139.7046507520038,-14.0,1.0239,28.1,1.015,long_nclose,28.5215,0.025030959246999364,0.0
1678960860000.0,107161,1678960860000.0,0.0,-0.0056828799999999995,1139.4432578720039,1139.3703178720039,28.0,1.0148,56.1,1.0149001782531193,long_ientry_partial,56.9359,0.049968174901777976,18.0
1678960980000.0,107163,1678960980000.0,0.039197504456330634,-0.0028495600000000005,1139.4796058164602,1139.6101083120038,-14.0,1.0177,42.1,1.0149001782531193,long_nclose,42.727297504456324,0.037497202482918816,2.0
1678961760000.0,107176,1678961760000.0,0.029398128342247976,-0.0021371700000000003,1139.5068667748026,1139.674341142004,-10.5,1.0177,31.6,1.0149001782531193,long_nclose,32.07084563279857,0.02814449527940988,13.0
1678962660000.0,107191,1678962660000.0,0.022118591800358002,-0.0016079660000000002,1139.527377400603,1139.643503176004,-7.9,1.0177,23.7,1.0149001782531193,long_nclose,24.053134224598928,0.021107991524931133,15.0
1678963560000.0,107206,1678963560000.0,0.07030859180035796,-0.0016176040000000001,1139.5960683884032,1139.741425572004,-7.9,1.0238,15.8,1.0149001782531193,long_nclose,16.035422816399286,0.014071146137838384,15.0
1678964640000.0,107224,1678964640000.0,0.0,-0.008186542,1139.5878818464032,1139.6005190300039,40.3,1.0157,56.1,1.0154747382602367,long_ientry_partial,56.96813281639928,0.04999011811541675,18.0
1678964700000.0,107225,1678964700000.0,0.039553664356685836,-0.00285124,1139.62458427076,1139.760367790004,-14.0,1.0183,42.1,1.0154747382602367,long_nclose,42.751486480755965,0.03751365762972938,1.0
1678964940000.0,107229,1678964940000.0,0.029665248267514377,-0.00213843,1139.6521110890274,1139.747709360004,-10.5,1.0183,31.6,1.0154747382602367,long_nclose,32.08900172902348,0.028156839632719068,4.0
1678965180000.0,107233,1678965180000.0,0.022319567744129864,-0.0016089140000000001,1139.6728217427715,1139.7634804460038,-7.9,1.0183,23.7,1.0154747382602367,long_nclose,24.06675129676761,0.021117245965350893,4.0
1678965360000.0,107236,1678965360000.0,0.016669044264603316,-0.001201594,1139.688289193036,1139.784858852004,-5.9,1.0183,17.8,1.0154747382602367,long_nclose,18.075450341032216,0.015859994800710518,3.0
1678966380000.0,107253,1678966380000.0,0.05206904426460335,-0.001208674,1139.7391495633005,1139.8560701780036,-5.9,1.0243,11.9,1.0154747382602367,long_nclose,12.084149385296817,0.010602557076263413,17.0
1678966860000.0,107261,1678966860000.0,0.03441852078507679,-0.000798954,1139.7727691300856,1139.8353712240037,-3.9,1.0243,8.0,1.0154747382602367,long_nclose,8.123797906081894,0.00712755921716068,8.0
1678966920000.0,107262,1678966920000.0,0.022945680523384526,-0.0005326360000000001,1139.7951821746092,1139.8433785880038,-2.6,1.0243,5.4,1.0154747382602367,long_nclose,5.483563586605278,0.004811007865591445,1.0
1678967100000.0,107265,1678967100000.0,0.015885471131573903,-0.000368748,1139.8106988977406,1139.8597498400038,-1.8,1.0243,3.6,1.0154747382602367,long_nclose,3.655709057736852,0.003207294914209985,3.0
1678968060000.0,107281,1678968060000.0,0.010590314087715935,-0.00024583200000000003,1139.8210433798283,1139.8379040080038,-1.2,1.0243,2.4,1.0154747382602367,long_nclose,2.437139371824568,0.0021381772042020704,16.0
1678968480000.0,107288,1678968480000.0,0.0016951570438579644,-0.000122196,1139.8226163408724,1139.827701812004,-0.6,1.0183,1.8,1.0154747382602367,long_nclose,1.827854528868426,0.001603630690129939,7.0
1678968540000.0,107289,1678968540000.0,0.0011301046959053096,-8.1464e-05,1139.8236649815683,1139.829020348004,-0.4,1.0183,1.4,1.0154747382602367,long_nclose,1.4216646335643313,0.001247267167055459,1.0
1678968900000.0,107295,1678968900000.0,0.0,-0.011121604000000002,1139.8125433775683,1139.746798744004,54.7,1.0166,56.1,1.0165719186018598,long_ientry_partial,57.02968463356434,0.05003426656857994,6.0
1678969740000.0,107309,1678969740000.0,0.03959313957396393,-0.0028543200000000005,1139.8492821971422,1139.9893944240039,-14.0,1.0194,42.1,1.0165719186018598,long_nclose,42.7976777731383,0.03754678661607144,14.0
1678969800000.0,107310,1678969800000.0,0.0,-0.0028462,1139.8464359971422,1139.781698224004,14.0,1.0165,56.1,1.0165539710006826,long_ientry_partial,57.02867777313829,0.050031895501124565,1.0
1678978020000.0,107447,1678978020000.0,0.03984440599044525,-0.0028543200000000005,1139.8834260831325,1140.0200839040037,-14.0,1.0194,42.1,1.0165539710006826,long_nclose,42.796922179128735,0.03754499907607879,137.0
1678978380000.0,107453,1678978380000.0,0.02988330449283394,-0.0021407400000000004,1139.9111686476253,1140.0295431640038,-10.5,1.0194,31.6,1.0165539710006826,long_nclose,32.12310548362157,0.028180358581565593,6.0
1678978800000.0,107460,1678978800000.0,0.022483629094608392,-0.0016106520000000004,1139.93204162472,1140.0137125120036,-7.9,1.0194,23.7,1.0165539710006826,long_nclose,24.092329112716175,0.021134881934170315,7.0
1678979040000.0,107464,1678979040000.0,0.0,-0.006606064000000001,1139.92543556072,1139.9135064480038,32.6,1.0132,56.3,1.014611884772934,long_ientry_partial,57.12264911271618,0.05011086456248607,4.0
1678979760000.0,107476,1678979760000.0,0.03903361317892573,-0.0028487200000000003,1139.9616204538988,1140.0541777280037,-14.0,1.0174,42.3,1.014611884772934,long_nclose,42.918082725895104,0.03764870847915599,12.0
1678979820000.0,107477,1678979820000.0,0.029275209884194298,-0.00213654,1139.988759123783,1140.0519811880038,-10.5,1.0174,31.8,1.014611884772934,long_nclose,32.2646579357793,0.028302610598176885,1.0
1678980000000.0,107480,1678980000000.0,0.0,-0.0049651700000000005,1139.9837939537829,1139.9026660180036,24.5,1.0133,56.3,1.014040993530716,long_ientry_partial,57.09050793577931,0.050080104856379974,3.0
1678980300000.0,107485,1678980300000.0,0.04002609056997519,-0.00284732,1140.0209727243528,1140.1757486980034,-14.0,1.0169,42.3,1.014040993530716,long_nclose,42.893934026349285,0.037625565715553436,5.0
1678980960000.0,107496,1678980960000.0,0.030019567927481394,-0.00213549,1140.0488568022802,1140.1938332080033,-10.5,1.0169,31.8,1.014040993530716,long_nclose,32.24650359427677,0.02828519444747736,11.0
1678982220000.0,107517,1678982220000.0,0.09390546857440984,-0.0021685479999999997,1140.1405937228544,1140.3390046600032,-10.6,1.0229,21.2,1.014040993530716,long_nclose,21.497669062851177,0.018855279060502283,21.0
1678982520000.0,107522,1678982520000.0,0.06201304528498763,-0.00143206,1140.2011747081394,1140.3468526000033,-7.0,1.0229,14.2,1.014040993530716,long_nclose,14.399382108136166,0.01262880834324874,5.0
1678983000000.0,107530,1678983000000.0,0.010006522642493798,-0.00071183,1140.210469400782,1140.2378507700032,-3.5,1.0169,10.7,1.014040993530716,long_nclose,10.85023863077866,0.009515996319943298,8.0
1678983060000.0,107531,1678983060000.0,0.00743341682013825,-0.000528788,1140.2173740296018,1140.2243319820032,-2.6,1.0169,8.1,1.014040993530716,long_nclose,8.2137320475988,0.007203654526479403,1.0
1678983120000.0,107532,1678983120000.0,0.0,-0.009755642,1140.2076183876018,1140.258676340003,48.1,1.0141,56.2,1.0140914955088753,long_ientry_partial,56.9919420475988,0.04998382849624583,1.0
1678983480000.0,107538,1678983480000.0,0.03931906287574405,-0.00284732,1140.2440901304776,1140.2993090200032,-14.0,1.0169,42.2,1.0140914955088753,long_nclose,42.79466111047454,0.03753114046447508,6.0
1678983600000.0,107540,1678983600000.0,0.029489297156808036,-0.00213549,1140.2714439376343,1140.376323530003,-10.5,1.0169,31.7,1.0140914955088753,long_nclose,32.14670040763135,0.028192147210686067,2.0
1678983720000.0,107542,1678983720000.0,0.02218718547988414,-0.001606702,1140.2920244211143,1140.327926828003,-7.9,1.0169,23.8,1.0140914955088753,long_nclose,24.135377593111233,0.021165961943269668,2.0
1678983840000.0,107544,1678983840000.0,0.01657017649763499,-0.0011999419999999998,1140.307394655612,1140.386306886003,-5.9,1.0169,17.9,1.0140914955088753,long_nclose,18.152237769608867,0.015918723192259124,2.0
1678984260000.0,107551,1678984260000.0,0.01235741976094813,-0.000894872,1140.318857203373,1140.3702720140031,-4.4,1.0169,13.5,1.0140914955088753,long_nclose,13.690235189369817,0.012005620272688517,7.0
1678984560000.0,107556,1678984560000.0,0.009268064820711098,-0.000671154,1140.3274541141936,1140.3520208600032,-3.3,1.0169,10.2,1.0140914955088753,long_nclose,10.343733254190528,0.009070844709448429,5.0
1678984680000.0,107558,1678984680000.0,0.007021261227811437,-0.0005084499999999999,1140.3339669254215,1140.365602410003,-2.5,1.0169,7.7,1.0140914955088753,long_nclose,7.80850451541834,0.006847559348312406,2.0
1678985280000.0,107568,1678985280000.0,0.0053361585331366925,-0.000386422,1140.3389166619545,1140.358105988003,-1.9,1.0169,5.8,1.0140914955088753,long_nclose,5.881730673951477,0.005157879458476006,10.0
1678985520000.0,107572,1678985520000.0,0.016736158533136702,-0.000388702,1140.3552641184876,1140.388837286003,-1.9,1.0229,3.9,1.0140914955088753,long_nclose,3.954956832484614,0.0034681795725666747,4.0
1678985580000.0,107573,1678985580000.0,0.011451055838461954,-0.000265954,1140.366449220326,1140.390651332003,-1.3,1.0229,2.6,1.0140914955088753,long_nclose,2.636637888323076,0.0023120970369882045,1.0
1678986240000.0,107584,1678986240000.0,0.001685102694674745,-0.00012202799999999999,1140.3680122950207,1140.374029304003,-0.6,1.0169,2.0,1.0140914955088753,long_nclose,2.0281829910177507,0.0017785337445023375,11.0
1678986600000.0,107590,1678986600000.0,0.0,-0.010999348,1140.3570129470206,1140.2626899560028,54.2,1.0147,56.2,1.014678345035903,long_ientry_partial,57.024922991017746,0.0500062018679996,6.0
1678994460000.0,107721,1678994460000.0,0.03950316949735999,-0.0028490000000000004,1140.393667116518,1140.5422809560027,-14.0,1.0175,42.2,1.014678345035903,long_nclose,42.81942616051511,0.03754793401193107,131.0
1678994700000.0,107725,1678994700000.0,0.12350316949736007,-0.0028658000000000004,1140.5143044860151,1140.7687151560026,-14.0,1.0235,28.2,1.014678345035903,long_nclose,28.61392933001246,0.025088619421487775,4.0
1678995600000.0,107740,1678995600000.0,0.019751584748679996,-0.0014245000000000002,1140.532631570764,1140.5606506560027,-7.0,1.0175,21.2,1.014678345035903,long_nclose,21.51118091476114,0.018860644859529815,15.0
1678995720000.0,107742,1678995720000.0,0.014954771309714853,-0.0010785500000000002,1140.5465077920735,1140.5945521060025,-5.3,1.0175,15.9,1.014678345035903,long_nclose,16.133385686070856,0.014145311546569605,2.0
1678996680000.0,107758,1678996680000.0,0.011004454359978854,-0.0007936500000000001,1140.5567185964335,1140.6025784560027,-3.9,1.0175,12.0,1.014678345035903,long_nclose,12.176140140430835,0.010675611253611978,16.0
1678996860000.0,107761,1678996860000.0,0.008464964892291427,-0.0006105,1140.5645730613257,1140.5899679560025,-3.0,1.0175,9.0,1.014678345035903,long_nclose,9.132105105323127,0.00800665330224325,3.0
1678997580000.0,107773,1678997580000.0,0.006207640921013714,-0.00044770000000000004,1140.5703330022468,1140.5902002560026,-2.2,1.0175,6.8,1.014678345035903,long_nclose,6.89981274624414,0.006049440833764478,12.0
1678997820000.0,107777,1678997820000.0,0.004796813438965142,-0.00034595000000000003,1140.5747838656857,1140.5866243060027,-1.7,1.0175,5.1,1.014678345035903,long_nclose,5.174859559683105,0.004537062920279761,4.0
1678998360000.0,107786,1678998360000.0,0.0033859859569165705,-0.0002442,1140.5779256516425,1140.5908801060025,-1.2,1.0175,3.9,1.014678345035903,long_nclose,3.9572455456400215,0.0034695091467592115,9.0
1678998840000.0,107794,1678998840000.0,0.002539489467687428,-0.00018315000000000003,1140.58028199111,1140.5884469560024,-0.9,1.0175,3.0,1.014678345035903,long_nclose,3.044035035107709,0.002668847676196663,8.0
1678999500000.0,107805,1678999500000.0,0.0,-0.010787896000000002,1140.56949409511,1140.5615390600024,53.2,1.0139,56.2,1.0139415486673968,long_ientry_partial,56.98351503510771,0.04996058138510581,11.0
1679003040000.0,107864,1679003040000.0,0.04001831865644334,-0.00284704,1140.6066653737664,1140.7948120200024,-14.0,1.0168,42.2,1.0139415486673968,long_nclose,42.78833335376415,0.03751366238048662,59.0
1679004300000.0,107885,1679004300000.0,0.030013738992332506,-0.00213528,1140.6345438327587,1140.7505167400022,-10.5,1.0168,31.7,1.0139415486673968,long_nclose,32.14194709275648,0.028179005507542453,21.0
1679004660000.0,107891,1679004660000.0,0.022581765527564458,-0.001606544,1140.6555190542863,1140.7521101960021,-7.9,1.0168,23.8,1.0139415486673968,long_nclose,24.131808858284046,0.021156088280089722,6.0
1679004900000.0,107895,1679004900000.0,0.06998176552756451,-0.001616024,1140.7238847958138,1140.8663241720021,-7.9,1.0228,15.9,1.0139415486673968,long_nclose,16.12167062381161,0.014132842170388448,4.0
1679005680000.0,107908,1679005680000.0,0.011147960197152073,-0.000793104,1140.734239652011,1140.7709410680022,-3.9,1.0168,12.0,1.0139415486673968,long_nclose,12.167298584008762,0.010666199155835353,13.0
1679005860000.0,107911,1679005860000.0,0.008575353997809287,-0.0006100799999999999,1140.742204926009,1140.7706309880025,-3.0,1.0168,9.0,1.0139415486673968,long_nclose,9.125473938006571,0.007999593509033419,3.0
1679006040000.0,107914,1679006040000.0,0.006288592931726811,-0.000447392,1140.7480461269406,1140.7776835960024,-2.2,1.0168,6.8,1.0139415486673968,long_nclose,6.894802530938298,0.0060441063689282495,3.0
1679006820000.0,107927,1679006820000.0,0.004859367265425262,-0.00034571199999999997,1140.7525597822062,1140.7681578840024,-1.7,1.0168,5.1,1.0139415486673968,long_nclose,5.171101898203723,0.0045330618405020244,13.0
1679007360000.0,107936,1679007360000.0,0.003430141599123715,-0.00024403199999999998,1140.7557458918054,1140.7692338520026,-1.2,1.0168,3.9,1.0139415486673968,long_nclose,3.9543720398028475,0.0034664493727458276,9.0
1679007600000.0,107940,1679007600000.0,0.0025726061993427865,-0.000183024,1140.7581354740046,1140.7712108280025,-0.9,1.0168,3.0,1.0139415486673968,long_nclose,3.0418246460021905,0.0026664939318957917,4.0
1679007960000.0,107946,1679007960000.0,0.002000915932822167,-0.000142352,1140.7599940379373,1140.7674884760022,-0.7,1.0168,2.3,1.0139415486673968,long_nclose,2.3320655619350124,0.0020443086837926548,6.0
1679008140000.0,107949,1679008140000.0,0.001429225666301548,-0.00010168,1140.7613215836036,1140.7677267960023,-0.5,1.0168,1.8,1.0139415486673968,long_nclose,1.8250947876013144,0.0015998918906785162,3.0
1679009460000.0,107971,1679009460000.0,0.0011433805330412384,-8.1344e-05,1140.7623836201367,1140.7670854520022,-0.4,1.0168,1.4,1.0139415486673968,long_nclose,1.4195181681343554,0.0012443592009315778,22.0
1679011320000.0,108002,1679011320000.0,0.0008575353997809287,-6.1007999999999996e-05,1140.7631801475363,1140.7670944440022,-0.3,1.0168,1.1,1.0139415486673968,long_nclose,1.1153357035341367,0.0009777101180543791,31.0
1679011440000.0,108004,1679011440000.0,0.0005716902665206192,-4.0672e-05,1140.7637111658028,1140.768983772002,-0.2,1.0168,0.9,1.0139415486673968,long_nclose,0.9125473938006572,0.0007999442696753387,2.0
1679012100000.0,108015,1679012100000.0,0.0,-0.01123512,1140.7524760458027,1140.741268652002,55.4,1.014,56.3,1.013999065609248,long_ientry_partial,57.088147393800654,0.050044289705761275,11.0
1679012220000.0,108017,1679012220000.0,0.039213081470528266,-0.00284704,1140.7888420872732,1140.9327016120021,-14.0,1.0168,42.3,1.013999065609248,long_nclose,42.89216047527118,0.03759868513159057,2.0
1679012820000.0,108027,1679012820000.0,0.0,-0.0028392,1140.7860028872733,1140.729742412002,14.0,1.014,56.3,1.0139992979621881,long_ientry_partial,57.08816047527119,0.0500428304088443,10.0
1679016540000.0,108089,1679016540000.0,0.039209828529365165,-0.00284704,1140.8223656758028,1140.9915953720022,-14.0,1.0168,42.3,1.0139992979621881,long_nclose,42.892170303800555,0.03759758889228298,62.0
1679016900000.0,108095,1679016900000.0,0.12408989873314642,-0.0028842959999999997,1140.943571278536,1141.1663710760022,-14.1,1.0228,28.2,1.0139992979621881,long_nclose,28.594780202533705,0.0250623965306983,6.0
1679016960000.0,108096,1679016960000.0,0.08272659915543094,-0.001922864,1141.0243750136913,1141.2105082120022,-9.4,1.0228,18.8,1.0139992979621881,long_nclose,19.063186801689138,0.016707081127395194,1.0
1679017740000.0,108109,1679017740000.0,0.054564352634433176,-0.001268272,1141.0776710943258,1141.1935999400023,-6.2,1.0228,12.6,1.0139992979621881,long_nclose,12.77639115432357,0.011196776063517787,13.0
1679017980000.0,108113,1679017980000.0,0.09387442283821432,-0.0012964139999999999,1141.170249103164,1141.2603435260023,-6.3,1.0289,6.3,1.0139992979621881,long_nclose,6.388195577161785,0.005597933859721819,4.0
1679018220000.0,108117,1679018220000.0,0.046192176317216574,-0.000637918,1141.2158033614812,1141.264765608002,-3.1,1.0289,3.2,1.0139992979621881,long_nclose,3.244797753479002,0.0028432814757045643,4.0
1679018460000.0,108121,1679018460000.0,0.023841123260498878,-0.000329248,1141.2393152367417,1141.2637963600023,-1.6,1.0289,1.6,1.0139992979621881,long_nclose,1.622398876739501,0.0014216114491314613,4.0
1679018580000.0,108123,1679018580000.0,0.011920561630249439,-0.000164624,1141.2510711743719,1141.2625117360021,-0.8,1.0289,0.8,1.0139992979621881,long_nclose,0.8111994383697505,0.0007107984026118011,2.0
1679018640000.0,108124,1679018640000.0,0.0059602808151247196,-8.2312e-05,1141.256949143187,1141.2631894240021,-0.4,1.0289,0.4,1.0139992979621881,long_nclose,0.40559971918487525,0.0003553973708457016,1.0
1679018940000.0,108129,1679018940000.0,0.00836028081512472,-8.2792e-05,1141.2652266320022,1141.2652266320022,-0.4,1.0349,0.0,1.0139992979621881,long_nclose,0.0,0.0,5.0
1679063940000.0,108879,1679063940000.0,0.0,-0.0114026,1141.253824032002,1141.248324032002,55.0,1.0366,55.0,1.0366,long_ientry_normal,57.013,0.049956459114919284,750.0
1679064480000.0,108888,1679064480000.0,0.03973000000000171,-0.00284823,1141.290705802002,1141.402215802002,-13.7,1.0395,41.3,1.0366,long_nclose,42.81157999999999,0.037511547042622814,9.0
1679064540000.0,108889,1679064540000.0,0.029870000000001288,-0.0021413700000000005,1141.3184344320023,1141.4889344320022,-10.3,1.0395,31.0,1.0366,long_nclose,32.1346,0.02815568296326727,1.0
1679064780000.0,108893,1679064780000.0,0.02233000000000096,-0.0016008300000000004,1141.3391636020024,1141.4113936020024,-7.7,1.0395,23.3,1.0366,long_nclose,24.15278,0.021161790263794316,4.0
1679064900000.0,108895,1679064900000.0,0.016820000000000723,-0.0012058200000000002,1141.3547777820024,1141.3967777820023,-5.8,1.0395,17.5,1.0366,long_nclose,18.1405,0.015893831044587626,2.0
1679064960000.0,108896,1679064960000.0,0.012470000000000536,-0.0008939700000000001,1141.3663538120022,1141.4204738120022,-4.3,1.0395,13.2,1.0366,long_nclose,13.683119999999999,0.011988368111869001,1.0
1679065320000.0,108902,1679065320000.0,0.009570000000000412,-0.0006860700000000001,1141.3752377420021,1141.4108777420022,-3.3,1.0395,9.9,1.0366,long_nclose,10.26234,0.008991206100022044,6.0
1679065680000.0,108908,1679065680000.0,0.006960000000000299,-0.00049896,1141.381698782002,1141.423698782002,-2.4,1.0395,7.5,1.0366,long_nclose,7.7745,0.006811481214650953,6.0
1679065980000.0,108913,1679065980000.0,0.022500000000000298,-0.0005228000000000001,1141.4036759820021,1141.4521759820022,-2.5,1.0456,5.0,1.0366,long_nclose,5.183,0.004540900041819847,5.0
1679066220000.0,108917,1679066220000.0,0.01440000000000019,-0.00033459200000000004,1141.4177413900022,1141.4565013900021,-1.6,1.0456,3.4,1.0366,long_nclose,3.52444,0.003087773978094985,4.0
1679066820000.0,108927,1679066820000.0,0.0023200000000000998,-0.00016632000000000002,1141.4198950700022,1141.4300350700023,-0.8,1.0395,2.6,1.0366,long_nclose,2.69516,0.0023612344691387285,10.0
1679067000000.0,108930,1679067000000.0,0.0017400000000000748,-0.00012474,1141.421510330002,1141.4277103300021,-0.6,1.0395,2.0,1.0366,long_nclose,2.0732,0.0018163316366804816,3.0
1679067900000.0,108945,1679067900000.0,0.0014500000000000624,-0.00010395000000000002,1141.422856380002,1141.428706380002,-0.5,1.0395,1.5,1.0366,long_nclose,1.5549,0.0013622471210462104,15.0
1679068080000.0,108948,1679068080000.0,0.0008700000000000374,-6.237e-05,1141.423664010002,1141.426304010002,-0.3,1.0395,1.2,1.0366,long_nclose,1.24392,0.0010897969257356308,3.0
1679068140000.0,108949,1679068140000.0,0.0008700000000000374,-6.237e-05,1141.4244716400021,1141.4281616400021,-0.3,1.0395,0.9,1.0366,long_nclose,0.93294,0.0008173471159765384,1.0
1679069640000.0,108974,1679069640000.0,0.0027000000000000357,-6.2736e-05,1141.4271089040021,1141.4327489040022,-0.3,1.0456,0.6,1.0366,long_nclose,0.62196,0.0005448968183322767,25.0
1679071020000.0,108997,1679071020000.0,0.0,-0.011284735999999998,1141.415824168002,1141.3831841680021,54.4,1.0372,55.0,1.0371934545454542,long_ientry_partial,57.04563999999998,0.049977964903002416,23.0
1679071800000.0,109010,1679071800000.0,0.03981967272727784,-0.002849874,1141.4527939667294,1141.6265242940021,-13.7,1.0401,41.3,1.0371934545454542,long_nclose,42.836089672727255,0.03752769269052735,13.0
1679072040000.0,109014,1679072040000.0,0.0,-0.0028419279999999996,1141.4499520387294,1141.422722366002,13.7,1.0372,55.0,1.0371950849586773,long_ientry_partial,57.04572967272725,0.04997654918714446,4.0
1679072400000.0,109020,1679072400000.0,0.03979733606612141,-0.002849874,1141.4868995007955,1141.627522492002,-13.7,1.0401,41.3,1.0371950849586773,long_nclose,42.83615700879337,0.037526630421712975,6.0
1679073120000.0,109032,1679073120000.0,0.12336733606612132,-0.0028665879999999998,1141.6074002488617,1141.8642159040023,-13.7,1.0462,27.6,1.0371950849586773,long_nclose,28.626584344859495,0.025075682181649416,12.0
1679073540000.0,109039,1679073540000.0,0.08284521838016906,-0.0019250080000000002,1141.688320459242,1141.8613708960024,-9.2,1.0462,18.4,1.0371950849586773,long_nclose,19.08438956323966,0.01671593658378059,7.0
1679074320000.0,109052,1679074320000.0,0.05492998175206862,-0.0012763639999999999,1141.7419740769942,1141.8478145320025,-6.1,1.0462,12.3,1.0371950849586773,long_nclose,12.757499544991731,0.011173715107833479,13.0
1679074380000.0,109053,1679074380000.0,0.03692015166942317,-0.000857884,1141.7780363446636,1141.8543366480026,-4.1,1.0462,8.2,1.0371950849586773,long_nclose,8.504999696661153,0.007448908129192446,1.0
1679074800000.0,109060,1679074800000.0,0.02431327061157136,-0.0005649480000000001,1141.8017846672753,1141.8474617000027,-2.7,1.0462,5.5,1.0371950849586773,long_nclose,5.704572967272725,0.004996114950840663,7.0
1679075100000.0,109065,1679075100000.0,0.016208847074380906,-0.00037663200000000006,1141.8176168823495,1141.8557450680023,-1.8,1.0462,3.7,1.0371950849586773,long_nclose,3.837621814347106,0.003360976181840192,5.0
1679076360000.0,109086,1679076360000.0,0.01080589804958727,-0.000251088,1141.828171692399,1141.8484339800025,-1.2,1.0462,2.5,1.0371950849586773,long_nclose,2.592987712396693,0.002270908860615524,21.0
1679077380000.0,109103,1679077380000.0,0.0017429490247936384,-0.000124812,1141.829789829424,1141.8389191680026,-0.6,1.0401,1.9,1.0371950849586773,long_nclose,1.9706706614214868,0.0017258882882324185,17.0
1679078460000.0,109121,1679078460000.0,0.005402949024793635,-0.000125544,1141.8350672344488,1141.8467736240025,-0.6,1.0462,1.3,1.0371950849586773,long_nclose,1.3483536104462805,0.0011808654762303144,18.0
1679078760000.0,109126,1679078760000.0,0.0036019660165290904,-8.3696e-05,1141.8385855044653,1141.8472299280024,-0.4,1.0462,0.9,1.0371950849586773,long_nclose,0.9334755764628095,0.0008175197337988006,5.0
1679079840000.0,109144,1679079840000.0,0.006081966016529084,-8.419200000000001e-05,1141.8445832784819,1141.8522857360026,-0.4,1.0524,0.5,1.0371950849586773,long_nclose,0.5185975424793386,0.0004541752442266121,18.0
1679081340000.0,109169,1679081340000.0,0.010702457520661346,-0.00010586,1141.8551798760025,1141.8551798760025,-0.5,1.0586,0.0,1.0371950849586773,long_nclose,0.0,0.0,25.0
1679127300000.0,109935,1679127300000.0,0.0,-0.011424396,1141.8437554800025,1141.8704554800024,53.4,1.0697,53.4,1.0697,long_ientry_normal,57.12198,0.05002609133329923,766.0
1679127360000.0,109936,1679127360000.0,0.03989999999999856,-0.0028533820000000002,1141.8808020980025,1142.2296720980025,-13.3,1.0727,40.1,1.0697,long_nclose,42.89497000000001,0.037565190623389186,1.0
1679127420000.0,109937,1679127420000.0,0.12368999999999819,-0.00287014,1142.0016219580025,1142.2696219580025,-13.3,1.079,26.8,1.0697,long_nclose,28.667960000000004,0.025103256815737062,1.0
1679127540000.0,109939,1679127540000.0,0.08276999999999879,-0.00192062,1142.0824713380025,1142.2668413380025,-8.9,1.079,17.9,1.0697,long_nclose,19.14763,0.016765540563430294,2.0
1679127900000.0,109945,1679127900000.0,0.13972999999999844,-0.001932012,1142.2202693260026,1142.3606693260026,-8.9,1.0854,9.0,1.0697,long_nclose,9.627300000000002,0.008428584449548287,6.0
1679129580000.0,109973,1679129580000.0,0.07064999999999921,-0.00097686,1142.2899424660025,1142.3691424660024,-4.5,1.0854,4.5,1.0697,long_nclose,4.813650000000001,0.00421403517710064,28.0
1679130720000.0,109992,1679130720000.0,0.013949999999999796,-0.0003237,1142.3035687660024,1142.3311687660023,-1.5,1.079,3.0,1.0697,long_nclose,3.2091000000000003,0.002809323272505135,19.0
1679130780000.0,109993,1679130780000.0,0.009299999999999864,-0.00021580000000000001,1142.3126529660024,1142.3328529660023,-1.0,1.079,2.0,1.0697,long_nclose,2.1394,0.001872867287642373,1.0
1679130960000.0,109996,1679130960000.0,0.005579999999999918,-0.00012948000000000001,1142.3181034860024,1142.3312634860024,-0.6,1.079,1.4,1.0697,long_nclose,1.4975800000000001,0.0013110008459376141,3.0
1679132160000.0,110016,1679132160000.0,0.0037199999999999456,-8.632e-05,1142.3217371660023,1142.3318371660023,-0.4,1.079,1.0,1.0697,long_nclose,1.0697,0.0009364261969257713,20.0
1679132340000.0,110019,1679132340000.0,0.002789999999999959,-6.474000000000001e-05,1142.3244624260024,1142.3327224260024,-0.3,1.079,0.7,1.0697,long_nclose,0.7487900000000001,0.0006554967740161699,3.0
1679132520000.0,110022,1679132520000.0,0.004709999999999948,-6.5124e-05,1142.3291073020023,1142.3356273020022,-0.3,1.0854,0.4,1.0697,long_nclose,0.42788000000000004,0.0003745680620977818,3.0
1679132640000.0,110024,1679132640000.0,0.0031399999999999653,-4.3416e-05,1142.3322038860024,1142.3354438860024,-0.2,1.0854,0.2,1.0697,long_nclose,0.21394000000000002,0.00018728352336755963,2.0
1679133300000.0,110035,1679133300000.0,0.0015699999999999827,-2.1708e-05,1142.3337521780022,1142.3351521780023,-0.1,1.0854,0.1,1.0697,long_nclose,0.10697000000000001,9.364163476396309e-05,11.0
1679134740000.0,110059,1679134740000.0,0.0015699999999999827,-2.1708e-05,1142.335300470002,1142.335300470002,-0.1,1.0854,0.0,1.0697,long_nclose,0.0,0.0,24.0
1679146440000.0,110254,1679146440000.0,0.0,-0.011415438000000002,1142.323885032002,1142.212375032002,53.1,1.0749,53.1,1.0749,long_ientry_normal,57.07719,0.04996585534793488,195.0
1679146620000.0,110257,1679146620000.0,0.039600000000001495,-0.0028456560000000002,1142.360639376002,1142.472359376002,-13.2,1.0779,39.9,1.0749,long_nclose,42.88851,0.037543756780194414,3.0
1679146680000.0,110258,1679146680000.0,0.0,-0.0028377359999999996,1142.357801640002,1142.325941640002,13.2,1.0749,53.1,1.0749,long_ientry_partial,57.07719,0.04996437186147662,1.0
1679146920000.0,110262,1679146920000.0,0.039600000000001495,-0.0028456560000000002,1142.394555984002,1142.538195984002,-13.2,1.0779,39.9,1.0749,long_nclose,42.88851,0.03754264214175808,4.0
1679147100000.0,110265,1679147100000.0,0.02970000000000113,-0.002134242,1142.422121742002,1142.488121742002,-9.9,1.0779,30.0,1.0749,long_nclose,32.247,0.028226869373667886,3.0
1679147400000.0,110270,1679147400000.0,0.022500000000000853,-0.0016168500000000002,1142.4430048920021,1142.524004892002,-7.5,1.0779,22.5,1.0749,long_nclose,24.18525,0.02116976505299386,5.0
1679147580000.0,110273,1679147580000.0,0.016800000000000634,-0.0012072480000000002,1142.4585976440023,1142.5059176440022,-5.6,1.0779,16.9,1.0749,long_nclose,18.165809999999997,0.015900628729532816,3.0
1679147640000.0,110274,1679147640000.0,0.012600000000000479,-0.0009054360000000001,1142.4702922080023,1142.5071222080023,-4.2,1.0779,12.7,1.0749,long_nclose,13.651229999999998,0.011948870874897643,1.0
1679147700000.0,110275,1679147700000.0,0.009300000000000353,-0.0006682980000000001,1142.4789239100023,1142.5077239100024,-3.1,1.0779,9.6,1.0749,long_nclose,10.31904,0.00903214911368717,1.0
1679148060000.0,110281,1679148060000.0,0.007200000000000272,-0.000517392,1142.4856065180024,1142.4978465180025,-2.4,1.0779,7.2,1.0749,long_nclose,7.73928,0.006774072212241958,6.0
1679148120000.0,110282,1679148120000.0,0.005400000000000205,-0.0003880440000000001,1142.4906184740025,1142.5100584740026,-1.8,1.0779,5.4,1.0749,long_nclose,5.804460000000001,0.0050805318714589355,1.0
1679148240000.0,110284,1679148240000.0,0.003900000000000148,-0.00028025400000000007,1142.4942382200024,1142.5036682200025,-1.3,1.0779,4.1,1.0749,long_nclose,4.407089999999999,0.00385742864389952,2.0
1679148420000.0,110287,1679148420000.0,0.0030000000000001137,-0.00021558000000000002,1142.4970226400023,1142.5088026400024,-1.0,1.0779,3.1,1.0749,long_nclose,3.33219,0.002916585281159165,3.0
1679148600000.0,110290,1679148600000.0,0.0021000000000000792,-0.00015090600000000002,1142.4989717340022,1142.5068917340022,-0.7,1.0779,2.4,1.0749,long_nclose,2.57976,0.002257997655861893,3.0
1679148900000.0,110295,1679148900000.0,0.001800000000000068,-0.000129348,1142.5006423860023,1142.5080223860023,-0.6,1.0779,1.8,1.0749,long_nclose,1.93482,0.0016934957655335013,5.0
1679149800000.0,110310,1679149800000.0,0.005640000000000045,-0.00013011600000000003,1142.5061522700023,1142.5188722700022,-0.6,1.0843,1.2,1.0749,long_nclose,1.28988,0.001128991732287118,15.0
1679150640000.0,110324,1679150640000.0,0.0,-0.011160576,1142.4949916940022,1142.4528716940022,51.9,1.0752,53.1,1.075193220338983,long_ientry_partial,57.09275999999999,0.04997200024076019,14.0
1679150940000.0,110329,1679150940000.0,0.03968949152542631,-0.002846448,1142.5318347375278,1142.6398352460023,-13.2,1.0782,39.9,1.075193220338983,long_nclose,42.900209491525416,0.03754837124637391,5.0
1679151000000.0,110330,1679151000000.0,0.029767118644069737,-0.002134836,1142.5594670201717,1142.6586704100023,-9.9,1.0782,30.0,1.075193220338983,long_nclose,32.25579661016949,0.028231175305293777,1.0
1679151420000.0,110337,1679151420000.0,0.0,-0.004967424,1142.5544995961718,1142.5281529860024,23.1,1.0752,53.1,1.0751961696830412,long_ientry_partial,57.09291661016949,0.04996953460893865,7.0
1679157000000.0,110430,1679157000000.0,0.0,-0.015662088,1142.5388375081718,1140.2486308980024,75.4,1.0386,128.5,1.053722619534393,long_rentry,135.40335661016948,0.11851094436796424,93.0
1679157960000.0,110446,1679157960000.0,0.09236391294598592,-0.006783372,1142.6244180491178,1143.0078375260023,-32.1,1.0566,96.4,1.053722619534393,long_nclose,101.57886052311548,0.08889960595848996,16.0
1679158200000.0,110450,1679158200000.0,0.06934486922112962,-0.005092812,1142.688670106339,1142.8244047140024,-24.1,1.0566,72.3,1.053722619534393,long_nclose,76.1841453923366,0.06667095542764669,4.0
1679158380000.0,110453,1679158380000.0,0.05179284838092668,-0.0038037599999999998,1142.73665919472,1142.8766109540024,-18.0,1.0566,54.3,1.053722619534393,long_nclose,57.21713824071753,0.05007027452942493,3.0
1679158440000.0,110454,1679158440000.0,0.03884463628569501,-0.00285282,1142.7726510110056,1142.8696481340023,-13.5,1.0566,40.8,1.053722619534393,long_nclose,42.99188287700323,0.037620678827909045,1.0
1679158500000.0,110455,1679158500000.0,0.0,-0.0028092260000000006,1142.7698417850056,1142.7694589080024,13.3,1.0561,54.1,1.0543070772089322,long_ientry_partial,57.03801287700323,0.04991207397275194,1.0
1679158860000.0,110461,1679158860000.0,0.03905445767941362,-0.0028544399999999998,1142.806041802685,1142.9234944680024,-13.5,1.0572,40.6,1.0543070772089322,long_nclose,42.80486733468265,0.03745593370084165,6.0
1679158920000.0,110462,1679158920000.0,0.029218520189783524,-0.002135544,1142.8331247788747,1142.9915089240021,-10.1,1.0572,30.5,1.0543070772089322,long_nclose,32.15636585487243,0.02813741145374512,1.0
1679158980000.0,110463,1679158980000.0,0.0,-0.0049584600000000005,1142.8281663188748,1142.9164804640022,23.4,1.0595,53.9,1.0565615186432733,long_ientry_partial,56.94866585487243,0.049831346070431444,1.0
1679226480000.0,111588,1679226480000.0,0.03937565018013922,-0.0028394600000000007,1142.864702509055,1143.0444610040024,-13.4,1.0595,40.5,1.0565615186432733,long_nclose,42.790741505052566,0.03744165115180249,1125.0
1679226600000.0,111590,1679226600000.0,0.12471949831581153,-0.00287766,1142.9865443473707,1143.2710833440024,-13.5,1.0658,27.0,1.0565615186432733,long_nclose,28.52716100336838,0.024958439926042165,2.0
1679227620000.0,111607,1679227620000.0,0.08314633221054102,-0.0019184400000000002,1143.0677722395812,1143.2430649040023,-9.0,1.0658,18.0,1.0565615186432733,long_nclose,19.018107335578918,0.016637777564419705,17.0
1679228100000.0,111615,1679228100000.0,0.05543088814036068,-0.00127896,1143.1219241677215,1143.2255859440022,-6.0,1.0658,12.0,1.0565615186432733,long_nclose,12.678738223719279,0.011091326266837504,8.0
1679228760000.0,111626,1679228760000.0,0.03695392542690712,-0.0008526400000000001,1143.1580254531484,1143.2439333040022,-4.0,1.0658,8.0,1.0565615186432733,long_nclose,8.452492149146186,0.007393983999539884,11.0
1679228940000.0,111629,1679228940000.0,0.02402005152748963,-0.0005542160000000001,1143.181491288676,1143.2319190880023,-2.6,1.0658,5.4,1.0565615186432733,long_nclose,5.705432200673676,0.00499083675177605,3.0
1679229120000.0,111632,1679229120000.0,0.016629266442108204,-0.00038368800000000003,1143.197736867118,1143.2327954000023,-1.8,1.0658,3.6,1.0565615186432733,long_nclose,3.803621467115784,0.0033271772191742067,3.0
1679229420000.0,111637,1679229420000.0,0.011086177628072135,-0.000255792,1143.2085672527462,1143.2319396080024,-1.2,1.0658,2.4,1.0565615186432733,long_nclose,2.535747644743856,0.0022180971323872527,5.0
1679229720000.0,111642,1679229720000.0,0.0073907850853814246,-0.00017052800000000003,1143.2157875098317,1143.2307290800024,-0.8,1.0658,1.6,1.0565615186432733,long_nclose,1.6904984298292374,0.0014787220823039055,5.0
1679231520000.0,111672,1679231520000.0,0.001175392542690723,-8.476000000000002e-05,1143.2168781423745,1143.2200443200027,-0.4,1.0595,1.2,1.0565615186432733,long_nclose,1.267873822371928,0.001109040503698747,30.0
1679231580000.0,111673,1679231580000.0,0.0008815444070180423,-6.357e-05,1143.2176961167816,1143.2215107500026,-0.3,1.0595,0.9,1.0565615186432733,long_nclose,0.950905366778946,0.0008317797826336389,1.0
1679231760000.0,111676,1679231760000.0,0.0005876962713453615,-4.238000000000001e-05,1143.218241433053,1143.2212083700026,-0.2,1.0595,0.7,1.0565615186432733,long_nclose,0.7395930630502913,0.000646939522346313,3.0
1679233500000.0,111705,1679233500000.0,0.0018476962713453561,-4.263200000000001e-05,1143.2200464973243,1143.2250157380026,-0.2,1.0658,0.5,1.0565615186432733,long_nclose,0.5282807593216367,0.00046209892919584405,29.0
1679235420000.0,111737,1679235420000.0,0.0009238481356726781,-2.1316000000000004e-05,1143.2209490294601,1143.2251244220029,-0.1,1.0658,0.4,1.0565615186432733,long_nclose,0.42262460745730934,0.0003696788515081861,32.0
1679235660000.0,111741,1679235660000.0,0.0009238481356726781,-2.1316000000000004e-05,1143.221851561596,1143.2245931060029,-0.1,1.0658,0.3,1.0565615186432733,long_nclose,0.316968455592982,0.00027725891974511824,4.0
1679235720000.0,111742,1679235720000.0,0.0009238481356726781,-2.1316000000000004e-05,1143.2227540937317,1143.224641790003,-0.1,1.0658,0.2,1.0565615186432733,long_nclose,0.21131230372865467,0.00018483913390629503,1.0
1679236200000.0,111750,1679236200000.0,0.0015538481356726754,-2.1442000000000002e-05,1143.2242864998675,1143.2259003480033,-0.1,1.0721,0.1,1.0565615186432733,long_nclose,0.10565615186432734,9.241944307167199e-05,8.0
1679238240000.0,111784,1679238240000.0,0.0015538481356726754,-2.1442000000000002e-05,1143.2258189060033,1143.2258189060033,-0.1,1.0721,0.0,1.0565615186432733,long_nclose,0.0,0.0,34.0
1679258280000.0,112118,1679258280000.0,0.0,-0.011430582000000002,1143.2143883240033,1143.0264383240033,53.7,1.0643,53.7,1.0643,long_ientry_normal,57.152910000000006,0.04999316889615813,334.0
1679258820000.0,112127,1679258820000.0,0.038859999999998694,-0.002860096,1143.2503882280032,1143.3269582280031,-13.4,1.0672,40.3,1.0643,long_nclose,42.89129,0.03751696954722224,9.0
1679258880000.0,112128,1679258880000.0,0.0,-0.0028520560000000004,1143.2475361720033,1143.2542461720031,13.4,1.0642,53.7,1.0642750465549349,long_ientry_partial,57.15157000000001,0.04999054727147163,1.0
1679259480000.0,112138,1679259480000.0,0.03919437616387165,-0.002860096,1143.283870452167,1143.4098060760032,-13.4,1.0672,40.3,1.0642750465549349,long_nclose,42.89028437616387,0.03751499123240567,10.0
1679259600000.0,112140,1679259600000.0,0.0,-0.0028520560000000004,1143.2810183961672,1143.2726240200034,13.4,1.0642,53.7,1.0642563198540758,long_ientry_partial,57.15056437616387,0.04998820364947246,2.0
1679259780000.0,112143,1679259780000.0,0.03944531395538382,-0.002860096,1143.3176036141226,1143.4604139240034,-13.4,1.0672,40.3,1.0642563198540758,long_nclose,42.88952969011925,0.03751322428216084,3.0
1679261640000.0,112174,1679261640000.0,0.029436801459241657,-0.0021344,1143.344906015582,1143.4219795240035,-10.0,1.0672,30.3,1.0642563198540758,long_nclose,32.2469664915785,0.02820405839210432,31.0
1679262000000.0,112180,1679262000000.0,0.0,-0.004981391999999999,1143.339924623582,1143.3926081320035,23.4,1.0644,53.7,1.064318929079674,long_ientry_partial,57.153926491578495,0.04998856880677467,6.0
1679263800000.0,112210,1679263800000.0,0.03994635033236782,-0.002860364,1143.3770106099144,1143.5334177680036,-13.4,1.0673,40.3,1.064318929079674,long_nclose,42.89205284191086,0.03751348194331006,30.0
1679264460000.0,112221,1679264460000.0,0.0,-0.0028523240000000003,1143.3741582859143,1143.3143254440033,13.4,1.0643,53.7,1.0643142056221762,long_ientry_partial,57.15367284191086,0.049986850260454206,11.0
1679265660000.0,112241,1679265660000.0,0.040009644662838365,-0.002860364,1143.411307566577,1143.6162650800034,-13.4,1.0673,40.3,1.0643142056221762,long_nclose,42.89186248657369,0.037512190235250265,20.0
1679267940000.0,112279,1679267940000.0,0.12442964466284097,-0.0028772480000000007,1143.5328599632398,1143.8149278320034,-13.4,1.0736,26.9,1.0643142056221762,long_nclose,28.630052131236535,0.025036492726721364,38.0
1679268060000.0,112281,1679268060000.0,0.08264356996263318,-0.0019110080000000005,1143.6135925252024,1143.8401368240031,-8.9,1.0736,18.0,1.0643142056221762,long_nclose,19.15765570119917,0.01675186079145608,2.0
1679268600000.0,112290,1679268600000.0,0.14027214940041532,-0.0019438200000000002,1143.751920854603,1143.9038930040033,-9.0,1.0799,9.0,1.0643142056221762,long_nclose,9.578827850599586,0.008374917388940738,9.0
1679268960000.0,112296,1679268960000.0,0.07013607470020766,-0.0009719100000000001,1143.8210850193032,1143.8912210940034,-4.5,1.0799,4.5,1.0643142056221762,long_nclose,4.789413925299793,0.004187205488714143,6.0
1679269020000.0,112297,1679269020000.0,0.03428874763121264,-0.00047515600000000007,1143.8548986109345,1143.8882159380034,-2.2,1.0799,2.3,1.0643142056221762,long_nclose,2.447922672931005,0.0021400639853041623,1.0
1679270040000.0,112314,1679270040000.0,0.0,-0.010949228,1143.8439493829344,1143.7061367100034,51.4,1.0651,53.7,1.0650663440024395,long_ientry_partial,57.194062672931004,0.05000163064532123,17.0
1679270400000.0,112320,1679270400000.0,0.03931099036731163,-0.0028622400000000003,1143.8803981333017,1144.0026544700033,-13.4,1.068,40.3,1.0650663440024395,long_nclose,42.92217366329831,0.03752330552507325,6.0
1679270580000.0,112323,1679270580000.0,0.12507099036731112,-0.002879392,1144.0025897316689,1144.2671150780031,-13.4,1.0744,26.9,1.0650663440024395,long_nclose,28.650284653665622,0.02504389842367899,3.0
1679270700000.0,112325,1679270700000.0,0.0,-0.005708936,1143.9968807956689,1143.7883561420033,26.8,1.0651,53.7,1.0650831406641643,long_ientry_partial,57.19496465366563,0.049995734790715146,2.0
1679270820000.0,112327,1679270820000.0,0.039085915100198945,-0.0028622400000000003,1144.033104470769,1144.2352839020032,-13.4,1.068,40.3,1.0650831406641643,long_nclose,42.92285056876582,0.03751888857151732,2.0
1679271120000.0,112332,1679271120000.0,0.02916859335835742,-0.002136,1144.0601370641275,1144.2303279020034,-10.0,1.068,30.3,1.0650831406641643,long_nclose,32.27201916212418,0.028208324122663886,5.0
1679272320000.0,112352,1679272320000.0,0.0941002792919406,-0.0021702880000000003,1144.1520670554196,1144.3604676140035,-10.1,1.0744,20.2,1.0650831406641643,long_nclose,21.514679441416117,0.018804038432396596,20.0
1679272620000.0,112357,1679272620000.0,0.06242295755009921,-0.001439696,1144.2130503169697,1144.3347779180035,-6.7,1.0744,13.5,1.0650831406641643,long_nclose,14.378622398966218,0.012566385600114468,5.0
1679273160000.0,112366,1679273160000.0,0.009625635808257949,-0.0007048800000000001,1144.221971072778,1144.2486630380035,-3.3,1.068,10.2,1.0650831406641643,long_nclose,10.863848034774476,0.009494528430168977,9.0
1679273220000.0,112367,1679273220000.0,0.0,-0.00926898,1144.212702092778,1144.1568640580035,43.5,1.0654,53.7,1.0653398144278299,long_ientry_partial,57.208748034774466,0.04999835077004391,1.0
1679274240000.0,112384,1679274240000.0,0.039666486667079996,-0.0028630440000000004,1144.2495055354452,1144.4494010140036,-13.4,1.0683,40.3,1.0653398144278299,long_nclose,42.93319452144154,0.037520832924766,17.0
1679274420000.0,112387,1679274420000.0,0.12408648666707962,-0.002879928,1144.3707120941122,1144.6117410860036,-13.4,1.0746,26.9,1.0653398144278299,long_nclose,28.657641008108623,0.02504227057302725,3.0
1679274480000.0,112388,1679274480000.0,0.08241565159231408,-0.0019127880000000001,1144.4512149577045,1144.6106982980036,-8.9,1.0746,18.0,1.0653398144278299,long_nclose,19.176116659700938,0.016755730964390328,1.0
1679274540000.0,112389,1679274540000.0,0.055561113433020726,-0.00128952,1144.5054865511374,1144.6154087780035,-6.0,1.0746,12.0,1.0653398144278299,long_nclose,12.784077773133959,0.01116995761344719,1.0
1679274600000.0,112390,1679274600000.0,0.037040742288680484,-0.00085968,1144.541667613426,1144.6325490980032,-4.0,1.0746,8.0,1.0653398144278299,long_nclose,8.522718515422639,0.007446403007060487,1.0
1679275380000.0,112403,1679275380000.0,0.024076482487642315,-0.0005587920000000001,1144.5651853039135,1144.610870306003,-2.6,1.0746,5.4,1.0653398144278299,long_nclose,5.7528349979102815,0.005026218752567375,13.0
1679276280000.0,112418,1679276280000.0,0.0038482412438211933,-0.0002777580000000001,1144.5687557871572,1144.5862225480032,-1.3,1.0683,4.1,1.0653398144278299,long_nclose,4.367893239154102,0.00381619122230028,15.0
1679277300000.0,112435,1679277300000.0,0.012038241243821158,-0.00027939600000000006,1144.580514632401,1144.609243152003,-1.3,1.0746,2.8,1.0653398144278299,long_nclose,2.9829514803979236,0.002606152596749336,17.0
1679277840000.0,112444,1679277840000.0,0.00833416701495311,-0.00019342800000000002,1144.5886553714158,1144.606819724003,-0.9,1.0746,1.9,1.0653398144278299,long_nclose,2.0241456474128765,0.0017684481127030276,9.0
1679278920000.0,112462,1679278920000.0,0.005556111343302072,-0.000128952,1144.5940825307591,1144.606120772003,-0.6,1.0746,1.3,1.0653398144278299,long_nclose,1.384941758756179,0.0012099850767129585,18.0
1679278980000.0,112463,1679278980000.0,0.0037040742288680486,-8.5968e-05,1144.597700636988,1144.606394804003,-0.4,1.0746,0.9,1.0653398144278299,long_nclose,0.958805832985047,0.0008376793282490916,1.0
1679279940000.0,112479,1679279940000.0,0.0,-0.011260128000000001,1144.586440508988,1144.496014676003,52.8,1.0663,53.7,1.0662839075043768,long_ientry_partial,57.25944583298504,0.050026318508126166,16.0
1679280840000.0,112494,1679280840000.0,0.039075639441349265,-0.002865456,1144.6226506924293,1144.764349220003,-13.4,1.0692,40.3,1.0662839075043768,long_nclose,42.971241472426385,0.03754184092585562,15.0
1679280960000.0,112496,1679280960000.0,0.029160924956230794,-0.0021384,1144.6496732173855,1144.7531808200029,-10.0,1.0692,30.3,1.0662839075043768,long_nclose,32.30840239738262,0.028225581287740244,2.0
1679281920000.0,112512,1679281920000.0,0.021870693717173095,-0.0016038,1144.6699401111025,1144.7478270200027,-7.5,1.0692,22.8,1.0662839075043768,long_nclose,24.311273091099793,0.02123867521911174,16.0
1679282100000.0,112515,1679282100000.0,0.016621727225051553,-0.001218888,1144.6853429503276,1144.7625681320028,-5.7,1.0692,17.1,1.0662839075043768,long_nclose,18.233454818324844,0.015928792074274046,3.0
1679282460000.0,112521,1679282460000.0,0.0,-0.0078053160000000005,1144.6775376343276,1144.6080028160027,36.6,1.0663,53.7,1.0662948755740194,long_ientry_partial,57.26003481832484,0.05002285179515492,6.0
1679284920000.0,112562,1679284920000.0,0.0,-0.0157178,1144.6618198343276,1142.8557850160028,76.3,1.03,130.0,1.0449925755255758,long_rentry,135.84903481832484,0.11868049799895214,41.0
1679285460000.0,112571,1679285460000.0,0.09449129541878876,-0.006811350000000001,1144.7494997797464,1145.1012236660029,-32.5,1.0479,97.5,1.0449925755255758,long_nclose,101.88677611374364,0.08900355591624805,9.0
1679292120000.0,112682,1679292120000.0,0.07065041472850975,-0.005092794000000001,1144.815057400475,1145.1157208720028,-24.3,1.0479,73.2,1.0449925755255758,long_nclose,76.49345652847215,0.0668173047113526,111.0
1679293440000.0,112704,1679293440000.0,0.05320586788196413,-0.0038353140000000007,1144.864427954357,1145.067965558003,-18.3,1.0479,54.9,1.0449925755255758,long_nclose,57.37009239635411,0.050110817486803176,22.0
1679293620000.0,112707,1679293620000.0,0.03983171529961249,-0.002871246,1144.9013884236567,1145.029414312003,-13.7,1.0479,41.2,1.0449925755255758,long_nclose,43.053694111653726,0.03760471822899234,3.0
1679293680000.0,112708,1679293680000.0,0.0,-0.0028089080000000006,1144.8985795156568,1144.972005404003,13.4,1.0481,54.6,1.0457552035101414,long_ientry_partial,57.098234111653724,0.049871870865460265,1.0
1679295180000.0,112733,1679295180000.0,0.04004923226207655,-0.002852464,1144.935776283919,1145.0565129400031,-13.6,1.0487,41.0,1.0457552035101414,long_nclose,42.8759633439158,0.03744835669567154,25.0
1679295240000.0,112734,1679295240000.0,0.0,-0.002852464,1144.932923819919,1144.9826804760032,13.6,1.0487,54.6,1.0464887059325236,long_ientry_partial,57.138283343915795,0.04990535441437161,1.0
1679295780000.0,112743,1679295780000.0,0.03959359931768009,-0.0028543680000000004,1144.9696630512367,1145.1013261080031,-13.6,1.0494,41.0,1.0464887059325236,long_nclose,42.90603694323347,0.03747351421424818,9.0
1679295840000.0,112744,1679295840000.0,0.0,-0.0028341900000000003,1144.9668288612368,1145.0875919180032,13.5,1.0497,54.5,1.047284164096027,long_ientry_partial,57.07698694323348,0.04985034107931425,1.0
1679296080000.0,112748,1679296080000.0,0.039655368294031844,-0.002856544,1145.0036276855308,1145.1187953740032,-13.6,1.0502,40.9,1.047284164096027,long_nclose,42.83392231152751,0.03740942061302501,4.0
1679296140000.0,112749,1679296140000.0,0.02974152622052388,-0.002142408,1145.0312268037512,1145.1729329660031,-10.2,1.0502,30.7,1.047284164096027,long_nclose,32.15162383774803,0.02807925503263026,1.0
1679296320000.0,112752,1679296320000.0,0.0929815262205237,-0.002155056,1145.1220532739717,1145.313027910003,-10.2,1.0564,20.5,1.047284164096027,long_nclose,21.469325363968554,0.01874850397177007,3.0
1679296620000.0,112757,1679296620000.0,0.0,-0.007125716,1145.1149275579717,1145.2383621940032,33.8,1.0541,54.3,1.0515268022830304,long_ientry_partial,57.09790536396855,0.04986216142141589,5.0
1679296680000.0,112758,1679296680000.0,0.03878816917908945,-0.0028468800000000004,1145.1508688471506,1145.243615314003,-13.5,1.0544,40.8,1.0515268022830304,long_nclose,42.902293533147635,0.03746431557646055,1.0
1679296740000.0,112759,1679296740000.0,0.029306616713089803,-0.002150976,1145.1780244878637,1145.253704338003,-10.2,1.0544,30.6,1.0515268022830304,long_nclose,32.176720149860735,0.028097570388019383,1.0
1679296800000.0,112760,1679296800000.0,0.021836302648968874,-0.001602688,1145.1982581025127,1145.266641650003,-7.6,1.0544,23.0,1.0515268022830304,long_nclose,24.1851164525097,0.02111871571703418,1.0
1679296860000.0,112761,1679296860000.0,0.0,-0.006598666,1145.1916594365127,1145.212832984003,31.3,1.0541,54.3,1.053010063582131,long_ientry_partial,57.178446452509704,0.04992915027048323,1.0
1679297700000.0,112775,1679297700000.0,0.039014141641233735,-0.0028509300000000007,1145.227822648154,1145.370212054003,-13.5,1.0559,40.8,1.053010063582131,long_nclose,42.96281059415094,0.037514640968821726,14.0
1679298120000.0,112782,1679298120000.0,0.12498313528302027,-0.002889184,1145.349916599437,1145.602602870003,-13.6,1.0622,27.2,1.053010063582131,long_nclose,28.64187372943396,0.02500709461303508,7.0
1679298720000.0,112792,1679298720000.0,0.2106631352830199,-0.00290632,1145.55767341472,1145.761536550003,-13.6,1.0685,13.6,1.053010063582131,long_nclose,14.32093686471698,0.012501279679816216,10.0
1679299200000.0,112800,1679299200000.0,0.10533156764150994,-0.00145316,1145.6615518223616,1145.7682433900031,-6.8,1.0685,6.8,1.053010063582131,long_nclose,7.16046843235849,0.006250073087438954,8.0
1679300880000.0,112828,1679300880000.0,0.020217860119312106,-0.0004673680000000001,1145.681302314481,1145.7249560220032,-2.2,1.0622,4.6,1.053010063582131,long_nclose,4.843846292477802,0.0042279177313030835,28.0
1679301000000.0,112830,1679301000000.0,0.013784904626803707,-0.00031866000000000007,1145.6947685591078,1145.7251173620032,-1.5,1.0622,3.1,1.053010063582131,long_nclose,3.264331197104606,0.0028492154164324393,2.0
1679301240000.0,112834,1679301240000.0,0.009189936417869138,-0.00021244000000000002,1145.7037460555257,1145.7232549220032,-1.0,1.0622,2.1,1.053010063582131,long_nclose,2.211321133522475,0.0019300985452266341,4.0
1679302320000.0,112852,1679302320000.0,0.006432955492508396,-0.000148708,1145.7100303030181,1145.7228962140032,-0.7,1.0622,1.4,1.053010063582131,long_nclose,1.474214089014983,0.0012867253057259889,18.0
1679302440000.0,112854,1679302440000.0,0.0036759745671476555,-8.497600000000001e-05,1145.7136213015854,1145.7235112380033,-0.4,1.0622,1.0,1.053010063582131,long_nclose,1.053010063582131,0.000919086623397094,2.0
1679302560000.0,112856,1679302560000.0,0.002756980925360741,-6.3732e-05,1145.7163145505108,1145.7237275060033,-0.3,1.0622,0.7,1.053010063582131,long_nclose,0.7371070445074915,0.0006433591240224894,2.0
1679302920000.0,112862,1679302920000.0,0.0018379872835738277,-4.2488000000000004e-05,1145.7181100497944,1145.7236050180034,-0.2,1.0622,0.5,1.053010063582131,long_nclose,0.5265050317910654,0.00045954151127818244,6.0
1679303820000.0,112877,1679303820000.0,0.0009189936417869139,-2.1244000000000002e-05,1145.7190077994362,1145.7228037740033,-0.1,1.0622,0.4,1.053010063582131,long_nclose,0.4212040254328524,0.00036763292095664195,15.0
1679304420000.0,112887,1679304420000.0,0.0009189936417869139,-2.1244000000000002e-05,1145.719905549078,1145.7228725300033,-0.1,1.0622,0.3,1.053010063582131,long_nclose,0.31590301907463925,0.000275724474668392,10.0
1679305020000.0,112897,1679305020000.0,0.0,-0.011392303999999999,1145.708513245078,1145.8072102260032,53.9,1.0568,54.2,1.056779022492152,long_ientry_partial,57.27742301907465,0.04999301511415274,10.0
1679305080000.0,112898,1679305080000.0,0.03943319635594844,-0.0028611900000000004,1145.745085251434,1145.9087390360032,-13.5,1.0597,40.7,1.056779022492152,long_nclose,43.010906215430595,0.03753968205413846,1.0
1679305200000.0,112900,1679305200000.0,0.02950187282926513,-0.002140594,1145.7724465302633,1145.8251084420035,-10.1,1.0597,30.6,1.056779022492152,long_nclose,32.33743808825985,0.02822326386551461,2.0
1679305320000.0,112902,1679305320000.0,0.02219942905964505,-0.001610744,1145.793035215323,1145.8832176980036,-7.6,1.0597,23.0,1.056779022492152,long_nclose,24.305917517319497,0.021213183158118785,2.0
1679306100000.0,112915,1679306100000.0,0.016649571794733788,-0.0012080580000000001,1145.8084767291177,1145.8693896400034,-5.7,1.0597,17.3,1.056779022492152,long_nclose,18.28227708911423,0.015955787952715916,13.0
1679307180000.0,112933,1679307180000.0,0.0,-0.007803611999999999,1145.8006731171176,1145.6813360280034,36.9,1.0574,54.2,1.0572017913120706,long_ientry_partial,57.30033708911423,0.0500089923435202,18.0
1679308320000.0,112952,1679308320000.0,0.03912581728704756,-0.0028622700000000005,1145.8369366644047,1145.9711737580035,-13.5,1.0601,40.7,1.0572017913120706,long_nclose,43.028112906401276,0.037551689537656655,19.0
1679308560000.0,112956,1679308560000.0,0.029271907748087432,-0.002141402,1145.8640671701528,1145.9619323560034,-10.1,1.0601,30.6,1.0572017913120706,long_nclose,32.35037481414936,0.028232297129311724,4.0
1679308680000.0,112958,1679308680000.0,0.02202638602826381,-0.0016113520000000001,1145.884482204181,1145.9603410040033,-7.6,1.0601,23.0,1.0572017913120706,long_nclose,24.315641200177623,0.02121997599042877,2.0
1679309400000.0,112970,1679309400000.0,0.0,-0.006597552,1145.8778846521811,1145.8205234520035,31.2,1.0573,54.2,1.0572583247265244,long_ientry_partial,57.303401200177625,0.05000829666729405,12.0
1679311080000.0,112998,1679311080000.0,0.03971261619192146,-0.0028625400000000002,1145.914734728373,1146.0751609120036,-13.5,1.0602,40.7,1.0572583247265244,long_nclose,43.030413816369546,0.037551148015013046,28.0
1679311980000.0,113013,1679311980000.0,0.0297109202621042,-0.002141604,1145.9423040446352,1146.0261993080035,-10.1,1.0602,30.6,1.0572583247265244,long_nclose,32.352104736631645,0.028231879233748498,15.0
1679312160000.0,113016,1679312160000.0,0.0,-0.004989984,1145.9373140606351,1145.9409493240034,23.6,1.0572,54.2,1.057232928720141,long_ientry_partial,57.302024736631644,0.05000450202077948,3.0
1679331660000.0,113341,1679331660000.0,0.0,-0.015728020000000002,1145.921586040635,1143.5935413040033,77.0,1.0213,131.2,1.0361442434194486,long_rentry,135.94212473663163,0.11863126272569495,325.0
1679377980000.0,114113,1679377980000.0,0.0,-0.037220352,1145.884365688635,1141.0911209520034,186.4,0.9984,317.6,1.0139920804050113,long_rentry,322.04388473663164,0.2810439642774033,772.0
1679393940000.0,114379,1679393940000.0,0.22294881584209533,-0.016146784,1146.091167720477,1146.8314741680033,-79.4,1.0168,238.2,1.0139920804050113,long_nclose,241.53291355247367,0.21074493928163815,266.0
1679394180000.0,114383,1679394180000.0,0.6993488158420957,-0.016242064,1146.7742744723191,1148.4429321040034,-79.4,1.0228,158.8,1.0139920804050113,long_nclose,161.02194236831582,0.1404129356166531,4.0
1679394840000.0,114394,1679394840000.0,0.46593894657489754,-0.010821223999999999,1147.229392194894,1148.1939208800034,-52.9,1.0228,105.9,1.0139920804050113,long_nclose,107.38176131489071,0.09360095029420973,11.0
1679395200000.0,114400,1679395200000.0,0.310919561703098,-0.0072209679999999995,1147.533090788597,1148.1761099120033,-35.3,1.0228,70.6,1.0139920804050113,long_nclose,71.58784087659379,0.062384118986405744,6.0
1679395500000.0,114405,1679395500000.0,0.20698611048223237,-0.0048071599999999996,1147.7352697390793,1148.1689627520032,-23.5,1.0228,47.1,1.0139920804050113,long_nclose,47.759026987076034,0.041611535557266044,5.0
1679396160000.0,114416,1679396160000.0,0.1382843376413212,-0.0032115919999999997,1147.8703424847206,1148.0621311600032,-15.7,1.0228,31.4,1.0139920804050113,long_nclose,31.839351324717352,0.027737759349890312,11.0
1679396580000.0,114423,1679396580000.0,0.09160236378788156,-0.002127424,1147.9598174245084,1148.1594837360033,-10.4,1.0228,21.0,1.0139920804050113,long_nclose,21.293833688505238,0.018549284883750343,7.0
1679396760000.0,114426,1679396760000.0,0.06165543716492028,-0.00143192,1148.0200409416734,1148.1545518160033,-7.0,1.0228,14.0,1.0139920804050113,long_nclose,14.195889125670158,0.012365541209564474,3.0
1679397660000.0,114441,1679397660000.0,0.10435543716492024,-0.00144046,1148.1229559188384,1148.2203113560033,-7.0,1.0289,7.0,1.0139920804050113,long_nclose,7.097944562835079,0.0061822163961129245,15.0
1679397960000.0,114446,1679397960000.0,0.05217771858246012,-0.00072023,1148.1744134074208,1148.2258911260033,-3.5,1.0289,3.5,1.0139920804050113,long_nclose,3.5489722814175395,0.0030909696645175233,5.0
1679398020000.0,114447,1679398020000.0,0.02534346331148063,-0.00034982599999999997,1148.1994070447322,1148.2343413000033,-1.7,1.0289,1.8,1.0139920804050113,long_nclose,1.8251857447290205,0.0015896069389434147,1.0
1679398860000.0,114461,1679398860000.0,0.0376342552709795,-0.000372564,1148.2366687360034,1148.2366687360034,-1.8,1.0349,0.0,1.0139920804050113,long_nclose,0.0,0.0,14.0
1679445420000.0,115237,1679445420000.0,0.0,-0.011475180000000001,1148.2251935560034,1148.2140935560035,55.5,1.0338,55.5,1.0338,long_ientry_normal,57.3759,0.04996920492774535,776.0
1679445600000.0,115240,1679445600000.0,0.04001999999999866,-0.002861292,1148.2623522640033,1148.2832022640034,-13.8,1.0367,41.7,1.0338,long_nclose,43.109460000000006,0.03754321467999194,3.0
1679445660000.0,115241,1679445660000.0,0.0,-0.0028532880000000003,1148.2594989760032,1148.2039989760033,13.8,1.0338,55.5,1.0338000000000003,long_ientry_partial,57.375900000000016,0.04996771204694304,1.0
1679445780000.0,115243,1679445780000.0,0.040019999999995594,-0.002861292,1148.296657684003,1148.421757684003,-13.8,1.0367,41.7,1.0338000000000003,long_nclose,43.10946000000001,0.037542093074578294,2.0
1679445900000.0,115245,1679445900000.0,0.0,-0.0028532880000000003,1148.293804396003,1148.415904396003,13.8,1.0338,55.5,1.0338000000000003,long_ientry_partial,57.375900000000016,0.04996621925534072,2.0
1679445960000.0,115246,1679445960000.0,0.040019999999995594,-0.002861292,1148.3309631040029,1148.481083104003,-13.8,1.0367,41.7,1.0338000000000003,long_nclose,43.10946000000001,0.03754097153617867,1.0
1679446140000.0,115249,1679446140000.0,0.0,-0.0028532880000000003,1148.3281098160028,1148.2948098160027,13.8,1.0338,55.5,1.0338000000000003,long_ientry_partial,57.375900000000016,0.049964726552930404,3.0
1679446560000.0,115256,1679446560000.0,0.040019999999995594,-0.002861292,1148.3652685240027,1148.4111385240026,-13.8,1.0367,41.7,1.0338000000000003,long_nclose,43.10946000000001,0.03753985006478708,7.0
1679446680000.0,115258,1679446680000.0,0.0,-0.0028532880000000003,1148.3624152360026,1148.3568652360025,13.8,1.0338,55.5,1.0338000000000003,long_ientry_partial,57.375900000000016,0.0499632339397041,2.0
1679447100000.0,115265,1679447100000.0,0.040019999999995594,-0.002861292,1148.3995739440024,1148.5330139440025,-13.8,1.0367,41.7,1.0338000000000003,long_nclose,43.10946000000001,0.03753872866039751,7.0
1679447340000.0,115269,1679447340000.0,0.03015999999999668,-0.002156336,1148.4275776080024,1148.4870476080023,-10.4,1.0367,31.3,1.0338000000000003,long_nclose,32.357940000000006,0.028175864661310737,4.0
1679447400000.0,115270,1679447400000.0,0.0,-0.005003592,1148.4225740160023,1148.4170240160022,24.2,1.0338,55.5,1.0338000000000003,long_ientry_partial,57.375900000000016,0.049960616673841635,1.0
1679448540000.0,115289,1679448540000.0,0.040019999999995594,-0.002861292,1148.4597327240022,1148.572322724002,-13.8,1.0367,41.7,1.0338000000000003,long_nclose,43.10946000000001,0.037536762301408504,19.0
1679448600000.0,115290,1679448600000.0,0.03015999999999668,-0.002156336,1148.487736388002,1148.603546388002,-10.4,1.0367,31.3,1.0338000000000003,long_nclose,32.357940000000006,0.028174388785174007,1.0
1679449260000.0,115301,1679449260000.0,0.022619999999997507,-0.001617252,1148.508739136002,1148.5768891360021,-7.8,1.0367,23.5,1.0338000000000003,long_nclose,24.294300000000007,0.021152908264569302,11.0
1679449320000.0,115302,1679449320000.0,0.016819999999998145,-0.001202572,1148.5243565640021,1148.5863065640021,-5.8,1.0367,17.7,1.0338000000000003,long_nclose,18.298260000000003,0.01593197383705665,1.0
1679449860000.0,115311,1679449860000.0,0.053099999999998086,-0.001230504,1148.5762260600022,1148.6859660600023,-5.9,1.0428,11.8,1.0338000000000003,long_nclose,12.198840000000004,0.010620836234653815,9.0
1679450580000.0,115323,1679450580000.0,0.008409999999999073,-0.000601286,1148.5840347740022,1148.6196347740022,-2.9,1.0367,8.9,1.0338000000000003,long_nclose,9.200820000000002,0.008010576258628194,12.0
1679450760000.0,115326,1679450760000.0,0.006379999999999298,-0.0004561480000000001,1148.5899586260023,1148.6134086260022,-2.2,1.0367,6.7,1.0338000000000003,long_nclose,6.926460000000002,0.0060304027107165046,3.0
1679451420000.0,115337,1679451420000.0,0.019799999999999287,-0.00045883200000000005,1148.6092997940023,1148.6493497940023,-2.2,1.0428,4.5,1.0338000000000003,long_nclose,4.652100000000001,0.004050202275773262,11.0
1679454720000.0,115392,1679454720000.0,0.013499999999999512,-0.00031284000000000005,1148.6224869540022,1148.6515869540021,-1.5,1.0428,3.0,1.0338000000000003,long_nclose,3.101400000000001,0.0027001038506781383,55.0
1679455560000.0,115406,1679455560000.0,0.008999999999999675,-0.00020856,1148.6312783940023,1148.6506783940022,-1.0,1.0428,2.0,1.0338000000000003,long_nclose,2.0676000000000005,0.0018000554563435583,14.0
1679455740000.0,115409,1679455740000.0,0.005399999999999805,-0.00012513599999999998,1148.6365532580023,1148.6505532580022,-0.6,1.0428,1.4,1.0338000000000003,long_nclose,1.4473200000000004,0.0012600330329857689,3.0
1679456040000.0,115414,1679456040000.0,0.0035999999999998702,-8.3424e-05,1148.6400698340024,1148.6486698340022,-0.4,1.0428,1.0,1.0338000000000003,long_nclose,1.0338000000000003,0.0009000208395562951,5.0
1679460660000.0,115491,1679460660000.0,0.0,-0.0112815,1148.6287883340024,1148.6133383340023,54.5,1.035,55.5,1.0349783783783781,long_ientry_partial,57.441299999999984,0.05000858465624405,77.0
1679461020000.0,115497,1679461020000.0,0.03893837837838245,-0.0028643280000000006,1148.6648623843807,1148.8200540060025,-13.8,1.0378,41.7,1.0349783783783781,long_nclose,43.15859837837837,0.03757283764107698,6.0
1679461320000.0,115502,1679461320000.0,0.0,-0.0028566,1148.6620057843807,1148.6462574060022,13.8,1.035,55.5,1.034983754565376,long_ientry_partial,57.441598378378366,0.05000739825041356,5.0
1679462340000.0,115519,1679462340000.0,0.04024418699781256,-0.0028646040000000006,1148.6993853673785,1148.8293328020022,-13.8,1.0379,41.7,1.034983754565376,long_nclose,43.15882256537618,0.03757190359388333,17.0
1679463960000.0,115546,1679463960000.0,0.0,-0.002856876,1148.6965284913786,1148.6791759260025,13.8,1.0351,55.5,1.035012658835607,long_ientry_partial,57.44320256537619,0.050007291865692555,27.0
1679464380000.0,115553,1679464380000.0,0.039845308068623984,-0.0028646040000000006,1148.7335091954471,1148.8580813220024,-13.8,1.0379,41.7,1.035012658835607,long_nclose,43.16002787344482,0.037571836747126275,7.0
1679465700000.0,115575,1679465700000.0,0.03002834810968764,-0.0021588320000000003,1148.7613787115567,1148.8861824900023,-10.4,1.0379,31.3,1.035012658835607,long_nclose,32.3958962215545,0.028200718462427356,22.0
1679465880000.0,115578,1679465880000.0,0.02252126108226573,-0.0016191240000000002,1148.7822808486392,1148.8736333660024,-7.8,1.0379,23.5,1.035012658835607,long_nclose,24.322797482636766,0.021172678137643976,3.0
1679466540000.0,115589,1679466540000.0,0.0,-0.00662528,1148.7756555686392,1148.7689580860024,32.0,1.0352,55.5,1.0351206753628246,long_ientry_partial,57.44919748263676,0.05000906591652976,11.0
1679497800000.0,116110,1679497800000.0,0.03973467999302107,-0.00286488,1148.8125253686321,1148.8825532060023,-13.8,1.038,41.7,1.0351206753628246,long_nclose,43.16453216262979,0.03757317335026367,521.0
1679498100000.0,116115,1679498100000.0,0.029944976226624575,-0.0021590400000000005,1148.840311304859,1148.9460841660025,-10.4,1.038,31.3,1.0351206753628246,long_nclose,32.39927713885641,0.028201723790538948,5.0
1679498220000.0,116117,1679498220000.0,0.02245873216996843,-0.0016192800000000003,1148.8611507570288,1148.9828648860025,-7.8,1.038,23.5,1.0351206753628246,long_nclose,24.32533587102638,0.021173434104719686,2.0
1679498580000.0,116123,1679498580000.0,0.0708187321699683,-0.0016289520000000001,1148.9303405371988,1149.0744559340026,-7.8,1.0442,15.7,1.0351206753628246,long_nclose,16.251394603196346,0.014144804110228105,6.0
1679498940000.0,116129,1679498940000.0,0.047212488113312204,-0.001085968,1148.976467057312,1149.0686499660023,-5.2,1.0442,10.5,1.0351206753628246,long_nclose,10.868767091309659,0.00945952106325213,6.0
1679499120000.0,116132,1679499120000.0,0.03177763623011398,-0.00073094,1149.007513753542,1149.0815690260024,-3.5,1.0442,7.0,1.0351206753628246,long_nclose,7.245844727539772,0.0063061769751785795,3.0
1679499240000.0,116134,1679499240000.0,0.02088244666550347,-0.000480332,1149.0279158682076,1149.0682386940023,-2.3,1.0442,4.7,1.0351206753628246,long_nclose,4.865067174205276,0.0042340722161908675,2.0
1679499300000.0,116135,1679499300000.0,0.013618986955763135,-0.00031326000000000005,1149.0412215951635,1149.0705954340024,-1.5,1.0442,3.2,1.0351206753628246,long_nclose,3.312386161161039,0.0028827391906467883,1.0
1679500920000.0,116162,1679500920000.0,0.0,-0.010827742000000003,1149.0303938531636,1149.0556776920025,52.7,1.0273,55.9,1.0277476951907165,long_ientry_partial,57.451096161161054,0.04999963140096259,27.0
1679500980000.0,116163,1679500980000.0,0.0396470368490399,-0.002865068,1149.0671758220128,1149.2751726240026,-13.9,1.0306,42.0,1.0277476951907165,long_nclose,43.1654031980101,0.037565604610653586,1.0
1679501400000.0,116170,1679501400000.0,0.0,-0.0028561720000000006,1149.0643196500127,1149.0497164520027,13.9,1.0274,55.9,1.0276612378892682,long_ientry_partial,57.446263198010094,0.04999394917728134,7.0
1679502780000.0,116193,1679502780000.0,0.03945879333917135,-0.0028647900000000003,1149.1009136533519,1149.2243416620026,-13.9,1.0305,42.0,1.0276612378892682,long_nclose,43.16177199134926,0.03756134163545694,23.0
1679502960000.0,116196,1679502960000.0,0.029807002162683394,-0.00216405,1149.1285566055146,1149.2400276120027,-10.5,1.0305,31.5,1.0276612378892682,long_nclose,32.37132899351195,0.028170328556741918,3.0
1679503080000.0,116198,1679503080000.0,0.022142344463707664,-0.0016075799999999997,1149.1490913699784,1149.1618600320028,-7.8,1.0305,23.7,1.0276612378892682,long_nclose,24.355571337975658,0.021194439886768508,2.0
1679503260000.0,116201,1679503260000.0,0.0,-0.006614524,1149.1424768459783,1149.2297955080026,32.2,1.0271,55.9,1.0273379488009957,long_ientry_partial,57.42819133797566,0.04997482252644366,3.0
1679503440000.0,116204,1679503440000.0,0.03978251166615963,-0.002863956,1149.1793954016443,1149.3500015520026,-13.9,1.0302,42.0,1.0273379488009957,long_nclose,43.14819384964182,0.037546960920371616,3.0
1679504160000.0,116216,1679504160000.0,0.0,-0.002855616,1149.1765397856443,1149.0924859360025,13.9,1.0272,55.9,1.0273036466841114,long_ientry_partial,57.42627384964183,0.04997167263817755,12.0
1679508000000.0,116280,1679508000000.0,0.03886931109085108,-0.002863678,1149.212545418735,1149.4475922580025,-13.9,1.0301,42.0,1.0273036466841114,long_nclose,43.14675316073268,0.037544624214845675,64.0
1679508060000.0,116281,1679508060000.0,0.0,-0.0028719600000000002,1149.209673458735,1149.0863202980024,14.0,1.0257,56.0,1.0269027350130835,long_ientry_partial,57.50655316073268,0.05004008797424866,1.0
1679508180000.0,116283,1679508180000.0,0.03916170981683198,-0.0028831600000000005,1149.245952008552,1149.5818371380024,-14.0,1.0297,42.0,1.0269027350130835,long_nclose,43.129914870549506,0.03752888125920374,2.0
1679508300000.0,116285,1679508300000.0,0.12596170981683175,-0.00290052,1149.369013198369,1149.7273366180027,-14.0,1.0359,28.0,1.0269027350130835,long_nclose,28.75327658036634,0.02501657539936117,2.0
1679508360000.0,116286,1679508360000.0,0.21136170981683167,-0.0029176000000000002,1149.5774573081858,1149.7818190180026,-14.0,1.042,14.0,1.0269027350130835,long_nclose,14.37663829018317,0.012506019667301976,1.0
1679509020000.0,116297,1679509020000.0,0.041387418939816144,-0.000953028,1149.6178916991257,1149.7052859900027,-4.6,1.0359,9.4,1.0269027350130835,long_nclose,9.652885709122986,0.008396603583522956,11.0
1679509140000.0,116299,1679509140000.0,0.027891521459441317,-0.0006422580000000002,1149.6451409625852,1149.7182037320028,-3.1,1.0359,6.3,1.0269027350130835,long_nclose,6.469487230582426,0.0056273775272651485,2.0
1679509620000.0,116307,1679509620000.0,0.018894256472524764,-0.00043507800000000004,1149.6636001410577,1149.7072686540027,-2.1,1.0359,4.2,1.0269027350130835,long_nclose,4.312991487054951,0.003751524782141289,8.0
1679510100000.0,116315,1679510100000.0,0.0,-0.010636612,1149.6529635290576,1149.4505120420026,51.8,1.0267,56.0,1.0267152051259811,long_ientry_partial,57.49605148705494,0.05001165857091423,8.0
1679510460000.0,116321,1679510460000.0,0.04038712823626511,-0.0028828800000000004,1149.6904677772939,1149.8410291620025,-14.0,1.0296,42.0,1.0267152051259811,long_nclose,43.12203861529121,0.03750752034907222,6.0
1679510700000.0,116325,1679510700000.0,0.12578712823626503,-0.00289996,1149.8133549455301,1150.0985292020027,-14.0,1.0357,28.0,1.0267152051259811,long_nclose,28.74802574352747,0.025002341136391954,4.0
1679510880000.0,116328,1679510880000.0,0.21118712823626495,-0.00291704,1150.0216250337664,1150.1894121620028,-14.0,1.0418,14.0,1.0267152051259811,long_nclose,14.374012871763735,0.012498906593466615,3.0
1679511000000.0,116330,1679511000000.0,0.10559356411813248,-0.00145852,1150.1257600778847,1150.2341536420029,-7.0,1.0418,7.0,1.0267152051259811,long_nclose,7.187006435881868,0.006248887456790095,2.0
1679511120000.0,116332,1679511120000.0,0.05279678205906624,-0.00072926,1150.1778275999436,1150.2148743820028,-3.5,1.0418,3.5,1.0267152051259811,long_nclose,3.593503217940934,0.003124302287620546,2.0
1679511420000.0,116337,1679511420000.0,0.0023078358992151492,-0.00016473600000000002,1150.179970699843,1150.1907296460026,-0.8,1.0296,2.7,1.0267152051259811,long_nclose,2.772131053840149,0.0024101715596328874,5.0
1679511480000.0,116338,1679511480000.0,0.0,-0.010948886,1150.1690218138428,1150.1364607600026,53.3,1.0271,56.0,1.0270814473900025,long_ientry_partial,57.51656105384014,0.05000705110552813,1.0
1679511600000.0,116340,1679511600000.0,0.03945973653996537,-0.00288372,1150.2055978303829,1150.3281770400029,-14.0,1.0299,42.0,1.0270814473900025,long_nclose,43.137420790380105,0.037504095677981075,2.0
1679511660000.0,116341,1679511660000.0,0.0,-0.00287616,1150.202721670383,1150.017300880003,14.0,1.0272,56.0,1.0271110855425019,long_ientry_partial,57.518220790380106,0.05000702894081942,1.0
1679513880000.0,116378,1679513880000.0,0.0,-0.015795824,1150.186925846383,1148.842105056003,79.6,0.9922,135.6,1.0066175574511806,long_rentry,136.4973407903801,0.11867405003750707,37.0
1679514480000.0,116388,1679514480000.0,0.0,-0.0373644,1150.1495614463831,1147.3831606560032,192.6,0.97,328.2,0.9851290091114566,long_rentry,323.31934079038007,0.28111069345084677,10.0
1679517480000.0,116438,1679517480000.0,0.22722125286055705,-0.01620156,1150.3605811392438,1150.8950790960032,-82.0,0.9879,246.2,0.9851290091114566,long_nclose,242.5387620432406,0.21083716359877847,50.0
1679517720000.0,116442,1679517720000.0,0.1704159396454178,-0.012151170000000001,1150.5188459088893,1151.0491179260032,-61.5,0.9879,184.7,0.9851290091114566,long_nclose,181.95332798288604,0.15814893309213562,4.0
1679517900000.0,116445,1679517900000.0,0.12774267996184976,-0.009108438,1150.637480150851,1151.229439488003,-46.1,0.9879,138.6,0.9851290091114566,long_nclose,136.53888066284787,0.11866368253965388,3.0
1679518260000.0,116451,1679518260000.0,0.09587628474360091,-0.006836268,1150.7265201675946,1151.087503220003,-34.6,0.9879,104.0,0.9851290091114566,long_nclose,102.45341694759149,0.0890336801594439,6.0
1679518560000.0,116456,1679518560000.0,0.07204576310212785,-0.0051370800000000005,1150.7934288506967,1150.752166140003,-26.0,0.9879,78.0,0.9851290091114566,long_nclose,76.84006271069362,0.06677137771583748,5.0
1679519160000.0,116466,1679519160000.0,0.054034322326595885,-0.0038528100000000003,1150.8436103630233,1151.0349633300032,-19.5,0.9879,58.5,0.9851290091114566,long_nclose,57.63004703302021,0.050076349656962796,10.0
1679520060000.0,116481,1679520060000.0,0.04045646697273333,-0.002884668,1150.881182161996,1151.0467286620033,-14.6,0.9879,43.9,0.9851290091114566,long_nclose,43.24716349999294,0.03757743559482889,15.0
1679520120000.0,116482,1679520120000.0,0.0,-0.002828254,1150.8783539079961,1151.0264404080033,14.3,0.9889,58.2,0.9860555584191228,long_ientry_partial,57.38843349999295,0.049864899539661264,1.0
1679520420000.0,116487,1679520420000.0,0.03979440292271891,-0.00286752,1150.9152807909188,1151.078912888003,-14.5,0.9888,43.7,0.9860555584191228,long_nclose,43.09062790291567,0.037440312612152846,5.0
1679520480000.0,116488,1679520480000.0,0.0,-0.0028506240000000004,1150.9124301669187,1151.0470122640031,14.4,0.9898,58.1,0.9869836127868445,long_ientry_partial,57.343747902915666,0.04982459690230212,1.0
1679520540000.0,116489,1679520540000.0,0.03938761459075446,-0.0028701300000000003,1150.9489476515096,1151.0804621340033,-14.5,0.9897,43.6,0.9869836127868445,long_nclose,43.03248551750642,0.03738870051996088,1.0
1679520660000.0,116491,1679520660000.0,0.0,-0.0028710000000000003,1150.9460766515097,1151.1298811340032,14.5,0.99,58.1,0.98773641166104,long_ientry_partial,57.38748551750643,0.049861141787342446,2.0
1679521560000.0,116506,1679521560000.0,0.04007203091492095,-0.0028724500000000004,1150.9832762324245,1151.1037686840032,-14.5,0.9905,43.6,0.98773641166104,long_nclose,43.065307548421345,0.03741610189975074,15.0
1679521620000.0,116507,1679521620000.0,0.0,-0.0028724500000000004,1150.9804037824244,1151.0776562340031,14.5,0.9905,58.1,0.9884261195941713,long_ientry_partial,57.427557548421355,0.049894470279163126,1.0
1679525460000.0,116571,1679525460000.0,0.0402212658845163,-0.00287448,1151.017750568309,1151.1561317540034,-14.5,0.9912,43.6,0.9884261195941713,long_nclose,43.09537881430587,0.03744110704898143,64.0
1679525520000.0,116572,1679525520000.0,0.0,-0.002855808,1151.014894760309,1151.1764759460032,14.4,0.9916,58.0,0.9892141174880322,long_ientry_partial,57.37441881430587,0.04984680830412164,1.0
1679525580000.0,116573,1679525580000.0,0.04039529642353257,-0.0028768,1151.0524132567327,1151.2214491460034,-14.5,0.992,43.5,0.9892141174880322,long_nclose,43.0308141107294,0.037383887662404594,1.0
1679525640000.0,116574,1679525640000.0,0.0,-0.0028799900000000002,1151.0495332667326,1151.2011691560033,14.5,0.9931,58.0,0.9901855881160242,long_ientry_partial,57.430764110729406,0.049894259500491,1.0
1679525700000.0,116575,1679525700000.0,0.03935897231764923,-0.00287941,1151.08601282905,1151.238889746003,-14.5,0.9929,43.5,0.9901855881160242,long_nclose,43.07307308304705,0.03741950871002714,1.0
1679525760000.0,116576,1679525760000.0,0.0,-0.0028618560000000003,1151.0831509730501,1151.1839178900032,14.4,0.9937,57.9,0.9910596387400182,long_ientry_partial,57.38235308304706,0.04985074539101696,1.0
1679526240000.0,116584,1679526240000.0,0.039461202143737675,-0.002862144,1151.119750031194,1151.256355746003,-14.4,0.9938,43.5,0.9910596387400182,long_nclose,43.111094285190795,0.03745144176704686,8.0
1679526300000.0,116585,1679526300000.0,0.0,-0.0028632960000000004,1151.116886735194,1151.1955924500032,14.4,0.9942,57.9,0.9918406612295474,long_ientry_partial,57.42757428519079,0.04988856904711675,1.0
1679527200000.0,116600,1679527200000.0,0.03973447829451811,-0.0028644480000000003,1151.1537567654884,1151.295538002003,-14.4,0.9946,43.5,0.9918406612295474,long_nclose,43.14506876348531,0.0374798488124769,15.0
1679527620000.0,116607,1679527620000.0,0.0,-0.0028485600000000004,1151.1509082054883,1151.2798194420031,14.3,0.996,57.8,0.9928697017904033,long_ientry_partial,57.38786876348531,0.049852602603551247,7.0
1679527680000.0,116608,1679527680000.0,0.03931629421819238,-0.002867328,1151.1873571717065,1151.327552114003,-14.4,0.9956,43.4,0.9928697017904033,long_nclose,43.0905450577035,0.037431391848821605,1.0
1679527740000.0,116609,1679527740000.0,0.0,-0.0028687680000000003,1151.1844884037064,1151.2900033460028,14.4,0.9961,57.8,0.9936744819671887,long_ientry_partial,57.4343850577035,0.04989155572912998,1.0
1679527860000.0,116611,1679527860000.0,0.0392474596724826,-0.002869632,1151.2208662313787,1151.3391537140028,-14.4,0.9964,43.4,0.9936744819671887,long_nclose,43.12547251737599,0.03746064181285296,2.0
1679527920000.0,116612,1679527920000.0,0.0,-0.002869632,1151.2179965993787,1151.2553640820026,14.4,0.9964,57.8,0.9943535037608302,long_ientry_partial,57.47363251737598,0.04992419566680617,1.0
1679528520000.0,116622,1679528520000.0,0.03954954584404487,-0.002871648,1151.2546744972226,1151.3955724340026,-14.4,0.9971,43.4,0.9943535037608302,long_nclose,43.15494206322003,0.037485139491022446,10.0
1679528640000.0,116624,1679528640000.0,0.0,-0.0028531360000000005,1151.2518213612225,1151.3465592980024,14.3,0.9976,57.7,0.9951580946831894,long_ientry_partial,57.42062206322003,0.049876682927047854,2.0
1679529120000.0,116632,1679529120000.0,0.03948343656207296,-0.0028739520000000004,1151.2884308457844,1151.4288053460023,-14.4,0.9979,43.3,0.9951580946831894,long_nclose,43.090345499782096,0.03742793234543852,8.0
1679529180000.0,116633,1679529180000.0,0.0,-0.002875392,1151.2855554537844,1151.3162999540023,14.4,0.9984,57.7,0.9959671663740397,long_ientry_partial,57.46730549978209,0.04991577044248687,1.0
1679529720000.0,116642,1679529720000.0,0.039352804213828745,-0.002876256,1151.3220320019982,1151.3884036980023,-14.4,0.9987,43.3,0.9959671663740397,long_nclose,43.125378303995916,0.03745726834481447,9.0
1679529780000.0,116643,1679529780000.0,0.0,-0.0028728000000000004,1151.3191592019982,1151.3797608980024,14.4,0.9975,57.7,0.9963497106411769,long_ientry_partial,57.48937830399591,0.049933485293376795,1.0
1679529780000.0,116643,1679529780000.0,0.02538312507528935,-0.0021571920000000005,1151.3423851350735,1151.3916437060022,-10.8,0.9987,46.9,0.9963497106411769,long_nclose,46.7288014290712,0.04058636425826454,0.0
1679529900000.0,116645,1679529900000.0,0.03217838549822961,-0.002337894,1151.3722256265717,1151.4831158120023,-11.7,0.9991,35.2,0.9963497106411769,long_nclose,35.07150981456943,0.030460618237932283,2.0
1679529960000.0,116646,1679529960000.0,0.0,-0.00447776,1151.3677478665716,1151.1963980520022,22.4,0.9995,57.6,0.9975748231696082,long_ientry_partial,57.460309814569435,0.04990613113928247,1.0
1679530920000.0,116662,1679530920000.0,0.03924254635764122,-0.0028808640000000003,1151.4041095489292,1151.5995971880022,-14.4,1.0003,43.2,0.9975748231696082,long_nclose,43.09523236092708,0.03742841631667438,16.0
1679531100000.0,116665,1679531100000.0,0.0,-0.0028808640000000003,1151.4012286849293,1151.5247163240022,14.4,1.0003,57.6,0.9982561173772062,long_ientry_partial,57.499552360927076,0.0499387623779072,3.0
1679531160000.0,116666,1679531160000.0,0.039511909768229006,-0.00288288,1151.4378577146974,1151.6471134440021,-14.4,1.001,43.2,0.9982561173772062,long_nclose,43.12466427069531,0.03745288031113245,1.0
1679531580000.0,116673,1679531580000.0,0.0,-0.0028808640000000003,1151.4349768506975,1151.586632580002,14.4,1.0003,57.6,0.9987670880329047,long_ientry_partial,57.52898427069531,0.0499628597596049,7.0
1679531640000.0,116674,1679531640000.0,0.03935393232617308,-0.0028843200000000005,1151.4714464630235,1151.593828260002,-14.4,1.0015,43.2,0.9987670880329047,long_nclose,43.146738203021485,0.037470957995142114,1.0
1679532540000.0,116689,1679532540000.0,0.029515449244629812,-0.0021632400000000003,1151.498798672268,1151.603545020002,-10.8,1.0015,32.4,0.9987670880329047,long_nclose,32.36005365226611,0.028102550944541813,15.0
1679532840000.0,116694,1679532840000.0,0.0,-0.005042016,1151.493756656268,1151.5409030040018,25.2,1.0004,57.6,0.9994814870185089,long_ientry_partial,57.570133652266115,0.04999604498025199,5.0
1679540520000.0,116822,1679540520000.0,0.04058658693347113,-0.0028866240000000004,1151.5314566192014,1151.6618563800018,-14.4,1.0023,43.2,0.9994814870185089,long_nclose,43.177600239199585,0.03749580612062944,128.0
1679540760000.0,116826,1679540760000.0,0.030439940200103346,-0.002164968,1151.5597315914015,1151.6607714120018,-10.8,1.0023,32.4,0.9994814870185089,long_nclose,32.38320017939969,0.02812116409684422,4.0
1679542800000.0,116860,1679542800000.0,0.0,-0.0050513979999999995,1151.5546801934015,1151.4413900140019,25.3,0.9983,57.7,0.998963434651641,long_ientry_partial,57.64019017939969,0.05005423639085825,34.0
1679549040000.0,116964,1679549040000.0,0.039406541016370866,-0.0028848960000000005,1151.5912018384179,1151.6923751180018,-14.4,1.0017,43.3,0.998963434651641,long_nclose,43.25511672041605,0.037561173315116436,104.0
1679549100000.0,116965,1679549100000.0,0.029554905762278153,-0.0021636720000000006,1151.6185930721801,1151.7172814460018,-10.8,1.0017,32.5,0.998963434651641,long_nclose,32.46631162617833,0.02819189601616951,1.0
1679549640000.0,116974,1679549640000.0,0.09435490576227822,-0.0021766320000000004,1151.7107713459422,1151.9307348140017,-10.8,1.0077,21.7,0.998963434651641,long_nclose,21.677506531940608,0.01882200555145219,9.0
1679550060000.0,116981,1679550060000.0,0.1580749057622784,-0.0021893760000000007,1151.8666568757046,1151.9760554380018,-10.8,1.0136,10.9,0.998963434651641,long_nclose,10.888701437702887,0.009453091963992723,7.0
1679550420000.0,116987,1679550420000.0,0.0790374528811392,-0.0010946880000000003,1151.9445996405857,1152.0289507500017,-5.4,1.0136,5.5,0.998963434651641,long_nclose,5.494298890584025,0.004769586048060195,6.0
1679551560000.0,117006,1679551560000.0,0.11350110941597513,-0.0011215600000000002,1152.0569791900016,1152.0569791900016,-5.5,1.0196,0.0,0.998963434651641,long_nclose,0.0,0.0,19.0
1679576640000.0,117424,1679576640000.0,0.0,-0.01151656,1152.0454626300016,1152.0454626300016,56.9,1.012,56.9,1.012,long_ientry_normal,57.5828,0.04998309690708245,418.0
1679582760000.0,117526,1679582760000.0,0.039759999999998775,-0.0028820319999999996,1152.0823405980016,1152.2403305980015,-14.2,1.0148,42.7,1.012,long_nclose,43.2124,0.03750808295314214,102.0
1679583360000.0,117536,1679583360000.0,0.12495999999999885,-0.002899072,1152.2044015260017,1152.4523515260016,-14.2,1.0208,28.5,1.012,long_nclose,28.842,0.025032016855517213,10.0
1679583420000.0,117537,1679583420000.0,0.08359999999999923,-0.00193952,1152.2860620060017,1152.4437620060016,-9.5,1.0208,19.0,1.012,long_nclose,19.228,0.016686828587101188,1.0
1679583480000.0,117538,1679583480000.0,0.05543999999999949,-0.0012862079999999998,1152.3402157980017,1152.4481657980018,-6.3,1.0208,12.7,1.012,long_nclose,12.8524,0.0111533033593726,1.0
1679583540000.0,117539,1679583540000.0,0.03695999999999966,-0.000857472,1152.3763183260016,1152.5106183260016,-4.2,1.0208,8.5,1.012,long_nclose,8.602,0.007464575471748402,1.0
1679583540000.0,117539,1679583540000.0,0.06257999999999964,-0.000862596,1152.4380357300017,1152.5059757300016,-4.2,1.0269,4.3,1.012,long_nclose,4.3515999999999995,0.0037759947737611046,0.0
1679583600000.0,117540,1679583600000.0,0.08986999999999964,-0.000888294,1152.5270174360016,1152.5270174360016,-4.3,1.0329,0.0,1.012,long_nclose,0.0,0.0,1.0
1679645280000.0,118568,1679645280000.0,0.0,-0.011527672000000001,1152.5154897640016,1152.4709297640015,55.7,1.0348,55.7,1.0348,long_ientry_normal,57.63836,0.05001092003700748,1028.0
1679658420000.0,118787,1679658420000.0,0.0,-0.015813672,1152.4996760920017,1150.2694360920016,79.1,0.9996,134.8,1.0141448071216617,long_rentry,136.70672,0.11861757780579799,219.0
1679667480000.0,118938,1679667480000.0,0.09621999999999876,-0.006854580000000001,1152.5890415120016,1152.8878115120017,-33.7,1.017,101.1,1.0141448071216617,long_nclose,102.53003999999999,0.0889562856380258,151.0
1679668020000.0,118947,1679668020000.0,0.0719508605341237,-0.00512568,1152.6558666925357,1152.8422158320016,-25.2,1.017,75.9,1.0141448071216617,long_nclose,76.97359086053413,0.06677933378450968,9.0
1679668080000.0,118948,1679668080000.0,0.053963145400592764,-0.0038442599999999995,1152.7059855779362,1153.0055315720015,-18.9,1.017,57.0,1.0141448071216617,long_nclose,57.80625400593471,0.050148307312685804,1.0
1679669760000.0,118976,1679669760000.0,0.040543738872403035,-0.0028882799999999996,1152.7436410368086,1152.8487232920015,-14.2,1.017,42.8,1.0141448071216617,long_nclose,43.40539774480712,0.03765399018446732,28.0
1679669820000.0,118977,1679669820000.0,0.0,-0.002826148,1152.7408148888087,1152.8062071440015,13.9,1.0166,56.7,1.014746697439279,long_ientry_partial,57.53613774480712,0.04991246688038625,1.0
1679669820000.0,118977,1679669820000.0,0.024110337399714507,-0.00217638,1152.7627488462083,1152.8158007640016,-10.7,1.017,46.0,1.014746697439279,long_nclose,46.67834808220683,0.04049258889474599,0.0
1679676360000.0,119086,1679676360000.0,0.03281297944829309,-0.0023404800000000003,1152.7932213456565,1152.8709602840015,-11.5,1.0176,34.5,1.014746697439279,long_nclose,35.00876106165512,0.030368638896739315,109.0
1679676540000.0,119089,1679676540000.0,0.0,-0.004525116,1152.7886962296566,1152.7552351680015,22.3,1.0146,56.8,1.0146891031981535,long_ientry_partial,57.63434106165512,0.04999558136730142,3.0
1679687760000.0,119276,1679687760000.0,0.03991473458622088,-0.0028897000000000003,1152.825721264243,1152.9113854680015,-14.2,1.0175,42.6,1.0146891031981535,long_nclose,43.225755796241344,0.03749548175316382,187.0
1679687820000.0,119277,1679687820000.0,0.02979550609957333,-0.0021571000000000003,1152.8533596703426,1152.9465083680016,-10.6,1.0175,32.0,1.0146891031981535,long_nclose,32.47005130234091,0.028164944856148656,1.0
1679688000000.0,119280,1679688000000.0,0.022487174414772326,-0.001628,1152.8742188447573,1152.9056803680016,-8.0,1.0175,24.0,1.0146891031981535,long_nclose,24.352538476755683,0.02112332644679855,3.0
1679688060000.0,119281,1679688060000.0,0.016865380811079245,-0.001221,1152.8898632255684,1152.9386593680017,-6.0,1.0175,18.0,1.0146891031981535,long_nclose,18.264403857566762,0.015842279857042375,1.0
1679688120000.0,119282,1679688120000.0,0.012649035608309434,-0.0009157500000000001,1152.9015965111766,1152.9395436180016,-4.5,1.0175,13.5,1.0146891031981535,long_nclose,13.698302893175073,0.011881588970496562,1.0
1679688180000.0,119283,1679688180000.0,0.009275959446093584,-0.00067155,1152.9102009206226,1152.9388720680015,-3.3,1.0175,10.2,1.0146891031981535,long_nclose,10.349828852621165,0.00897713355676497,1.0
1679688300000.0,119285,1679688300000.0,0.007027242004616352,-0.0005087500000000001,1152.9167194126271,1152.9375933180013,-2.5,1.0175,7.7,1.0146891031981535,long_nclose,7.813106094625782,0.006776817408464942,2.0
1679688360000.0,119286,1679688360000.0,0.005340703923508427,-0.00038665000000000005,1152.9216734665506,1152.9333366680014,-1.9,1.0175,5.8,1.0146891031981535,long_nclose,5.88519679854929,0.0051045937759622104,1.0
1679689740000.0,119309,1679689740000.0,0.0,-0.01035264,1152.9113208265505,1152.8785240280013,51.2,1.011,57.0,1.0113753824306893,long_ientry_partial,57.648396798549285,0.05000245531219151,23.0
1679697960000.0,119446,1679697960000.0,0.040109569484212494,-0.0028803279999999997,1152.9485500680348,1153.1079637000014,-14.2,1.0142,42.8,1.0113753824306893,long_nclose,43.2868663680335,0.037544490918939244,137.0
1679698740000.0,119459,1679698740000.0,0.030223407991624904,-0.002170388,1152.9766030880264,1153.0576433120013,-10.7,1.0142,32.1,1.0113753824306893,long_nclose,32.46514977602513,0.028157683069260434,13.0
1679698980000.0,119463,1679698980000.0,0.02259694055448591,-0.00162272,1152.997577308581,1153.0704705920014,-8.0,1.0142,24.1,1.0113753824306893,long_nclose,24.374146716579613,0.021139807399661405,4.0
1679700000000.0,119480,1679700000000.0,0.07059694055448595,-0.00163232,1153.0665419291354,1153.1393882720013,-8.0,1.0202,16.1,1.0113753824306893,long_nclose,16.283143657134097,0.014121599287662635,17.0
1679702160000.0,119516,1679702160000.0,0.0,-0.00828528,1153.0582566491353,1153.0197129920011,41.0,1.0104,57.1,1.0106750202650454,long_ientry_partial,57.70954365713409,0.050049113584982166,36.0
1679702400000.0,119520,1679702400000.0,0.04011471223635614,-0.00287834,1153.0954930213716,1153.2209746520011,-14.2,1.0135,42.9,1.0106750202650454,long_nclose,43.357958369370444,0.03760135967209686,4.0
1679703060000.0,119531,1679703060000.0,0.0,-0.002869536,1153.0926234853716,1153.0522751160013,14.2,1.0104,57.1,1.010606626433808,long_ientry_partial,57.70563836937044,0.05004423512392932,11.0
1679703300000.0,119535,1679703300000.0,0.03966590463992676,-0.0028780560000000004,1153.1294113340114,1153.305017060001,-14.2,1.0134,42.9,1.010606626433808,long_nclose,43.35502427401036,0.03759770919714431,4.0
1679703480000.0,119538,1679703480000.0,0.0,-0.002869536,1153.1265417980114,1153.089127524001,14.2,1.0104,57.1,1.010555241226101,long_ientry_partial,57.702704274010365,0.05004021864247221,3.0
1679704380000.0,119553,1679704380000.0,0.04039557458936742,-0.0028780560000000004,1153.1640593166007,1153.328999468001,-14.2,1.0134,42.9,1.010555241226101,long_nclose,43.35281984859973,0.03759466790379497,15.0
1679707020000.0,119597,1679707020000.0,0.0,-0.0028510199999999997,1153.1612082966008,1153.094788448001,14.1,1.011,57.0,1.0106652605017497,long_ientry_partial,57.60791984859973,0.04995651903145062,44.0
1679710320000.0,119652,1679710320000.0,0.040253300875155905,-0.00287834,1153.1985832574758,1153.3284701080008,-14.2,1.0135,42.8,1.0106652605017497,long_nclose,43.256473149474886,0.037509995049843876,55.0
1679710800000.0,119660,1679710800000.0,0.03033171263127945,-0.00216889,1153.2267460801072,1153.320951218001,-10.7,1.0135,32.1,1.0106652605017497,long_nclose,32.442354862106164,0.028131809266807105,8.0
1679710980000.0,119663,1679710980000.0,0.022677915986003327,-0.0016216000000000002,1153.2478023960932,1153.3498596180011,-8.0,1.0135,24.1,1.0106652605017497,long_nclose,24.35703277809217,0.021120380830109337,3.0
1679711400000.0,119670,1679711400000.0,0.07067791598600337,-0.0016312000000000002,1153.3168491120791,1153.441378418001,-8.0,1.0195,16.1,1.0106652605017497,long_nclose,16.27171069407817,0.014108621326919406,7.0
1679712300000.0,119685,1679712300000.0,0.011338957993001664,-0.0008108000000000001,1153.3273772700722,1153.3713576180012,-4.0,1.0135,12.1,1.0106652605017497,long_nclose,12.22904965207117,0.010603276999300363,15.0
1679712900000.0,119695,1679712900000.0,0.008504218494751248,-0.0006081000000000001,1153.3352733885672,1153.3738095180013,-3.0,1.0135,9.1,1.0106652605017497,long_nclose,9.197053870565922,0.00797431075141267,10.0
1679713560000.0,119706,1679713560000.0,0.006236426896150915,-0.0004459400000000001,1153.3410638754633,1153.3668335780012,-2.2,1.0135,6.9,1.0106652605017497,long_nclose,6.973590297462073,0.006046425047964021,11.0
1679713680000.0,119708,1679713680000.0,0.004819057147025707,-0.00034459000000000003,1153.3455383426103,1153.3670389880012,-1.7,1.0135,5.2,1.0106652605017497,long_nclose,5.255459354609099,0.004556708445034903,2.0
1679714160000.0,119716,1679714160000.0,0.003685161347725541,-0.00026351000000000006,1153.348959993958,1153.3592354780012,-1.3,1.0135,3.9,1.0106652605017497,long_nclose,3.9415945159568238,0.0034175211949534095,8.0
1679714280000.0,119718,1679714280000.0,0.0025512655484253746,-0.00018243000000000003,1153.3513288295064,1153.3601330480012,-0.9,1.0135,3.0,1.0106652605017497,long_nclose,3.031995781505249,0.002628857058310506,2.0
1679714580000.0,119723,1679714580000.0,0.0,-0.010919880000000002,1153.3404089495064,1153.2847131680012,54.0,1.0111,57.0,1.0110771189737764,long_ientry_partial,57.631395781505255,0.0499691117507948,5.0
1679759220000.0,120467,1679759220000.0,0.0400849105723756,-0.002879476,1153.3776143840787,1153.566913692001,-14.2,1.0139,42.8,1.0110771189737764,long_nclose,43.274100692077624,0.0375194560327813,744.0
1679759400000.0,120470,1679759400000.0,0.03020482698059288,-0.002169746,1153.4056494650592,1153.5315739460011,-10.7,1.0139,32.1,1.0110771189737764,long_nclose,32.45557551905822,0.028138908053823797,3.0
1679760420000.0,120487,1679760420000.0,0.02258304820978907,-0.00162224,1153.426610273269,1153.4922317060011,-8.0,1.0139,24.1,1.0110771189737764,long_nclose,24.36695856726801,0.021125712160824005,17.0
1679760540000.0,120489,1679760540000.0,0.016937286157341802,-0.0012166800000000001,1153.4423308794264,1153.5187650260011,-6.0,1.0139,18.1,1.0110771189737764,long_nclose,18.300495853425353,0.015865982514680545,2.0
1679763360000.0,120536,1679763360000.0,0.012702964618006352,-0.0009125100000000001,1153.4541213340444,1153.502032516001,-4.5,1.0139,13.6,1.0110771189737764,long_nclose,13.75064881804336,0.011921279367522518,47.0
1679763480000.0,120538,1679763480000.0,0.009597795489160354,-0.000689452,1153.4630296775335,1153.493863064001,-3.4,1.0139,10.2,1.0110771189737764,long_nclose,10.312986613532518,0.008940890473460302,2.0
1679765400000.0,120570,1679765400000.0,0.0,-0.009475578,1153.4535540995334,1153.3835574860009,47.1,1.0059,57.3,1.0068215813880022,long_ientry_partial,57.690876613532524,0.050015777755845627,32.0
1679765940000.0,120579,1679765940000.0,0.03973138615156999,-0.0028874560000000005,1153.490398029685,1153.6399700300008,-14.3,1.0096,43.0,1.0068215813880022,long_nclose,43.293327999684095,0.0375324563374215,9.0
1679767440000.0,120604,1679767440000.0,0.029729079148377545,-0.002160544,1153.5179665648334,1153.620629486001,-10.7,1.0096,32.3,1.0068215813880022,long_nclose,32.52033707883247,0.028192310845125156,25.0
1679767560000.0,120606,1679767560000.0,0.022227348895983212,-0.0016153600000000001,1153.5385785537294,1153.637684126001,-8.0,1.0096,24.3,1.0068215813880022,long_nclose,24.465764427728452,0.02120931617077156,2.0
1679769240000.0,120634,1679769240000.0,0.01667051167198741,-0.0012115200000000002,1153.5540375454013,1153.6067126060009,-6.0,1.0096,18.3,1.0068215813880022,long_nclose,18.42483493940044,0.015972233930718897,28.0
1679769720000.0,120642,1679769720000.0,0.012502883753990557,-0.0009086400000000002,1153.5656317891553,1153.608113966001,-4.5,1.0096,13.8,1.0068215813880022,long_nclose,13.89413782315443,0.012044514365086384,8.0
1679770740000.0,120659,1679770740000.0,0.0,-0.00875829,1153.5568734991552,1153.5609256760008,43.5,1.0067,57.3,1.0067292813814037,long_ientry_partial,57.68558782315443,0.050006713278187294,17.0
1679796000000.0,121080,1679796000000.0,0.039621276245927754,-0.0028871700000000005,1153.5936076054013,1153.729948506001,-14.3,1.0095,43.0,1.0067292813814037,long_nclose,43.28935909940036,0.03752565792147483,421.0
1679799660000.0,121141,1679799660000.0,0.029646689218980903,-0.0021603300000000002,1153.6210939646203,1153.713818176001,-10.7,1.0095,32.3,1.0067292813814037,long_nclose,32.51735578861934,0.028187206318209534,61.0
1679799960000.0,121146,1679799960000.0,0.02216574894877077,-0.0016152000000000002,1153.641644513569,1153.691962976001,-8.0,1.0095,24.3,1.0067292813814037,long_nclose,24.463521537568113,0.021205477154808427,5.0
1679800320000.0,121152,1679800320000.0,0.016624311711578077,-0.0012114,1153.6570574252805,1153.711421576001,-6.0,1.0095,18.3,1.0067292813814037,long_nclose,18.42314584927969,0.015969343515651234,6.0
1679800620000.0,121157,1679800620000.0,0.012468233783683558,-0.00090855,1153.6686171090641,1153.7206530260007,-4.5,1.0095,13.8,1.0067292813814037,long_nclose,13.892864083063373,0.01204233510128497,5.0
1679800860000.0,121161,1679800860000.0,0.009420443303227577,-0.0006864600000000001,1153.6773510923674,1153.7082465660008,-3.4,1.0095,10.4,1.0067292813814037,long_nclose,10.469984526366598,0.00907531426915248,4.0
1679800980000.0,121163,1679800980000.0,0.0072038684083505005,-0.0005249400000000001,1153.6840300207757,1153.7064216260007,-2.6,1.0095,7.8,1.0067292813814037,long_nclose,7.852488394774949,0.0068064462976344916,2.0
1679808420000.0,121287,1679808420000.0,0.0,-0.009970814000000001,1153.6740592067756,1153.6285008120005,49.7,1.0031,57.5,1.0035923199091297,long_ientry_partial,57.70655839477496,0.05001981099796236,124.0
1679809740000.0,121309,1679809740000.0,0.040149825299445156,-0.002878304,1153.7113307280752,1153.8455825080007,-14.3,1.0064,43.2,1.0035923199091297,long_nclose,43.3551882200744,0.03757888742647101,22.0
1679811240000.0,121334,1679811240000.0,0.12683059330853227,-0.002915712,1153.8352456093837,1154.0946667960009,-14.4,1.0124,28.8,1.0035923199091297,long_nclose,28.903458813382937,0.025049901121817382,25.0
1679812860000.0,121361,1679812860000.0,0.02021529665426609,-0.0014492160000000001,1153.8540116900379,1153.9319375800007,-7.2,1.0064,21.6,1.0035923199091297,long_nclose,21.6775941100372,0.018787120285941768,27.0
1679815560000.0,121406,1679815560000.0,0.06341529665426614,-0.001457856,1153.9159691306922,1154.0442397240008,-7.2,1.0124,14.4,1.0035923199091297,long_nclose,14.451729406691468,0.01252407436355937,45.0
1679816520000.0,121422,1679816520000.0,0.04227686443617742,-0.000971904,1153.9572740911285,1154.042787820001,-4.8,1.0124,9.6,1.0035923199091297,long_nclose,9.634486271127644,0.008349084049681032,16.0
1679816760000.0,121426,1679816760000.0,0.028184576290784948,-0.000647936,1153.9848107314194,1154.045659884001,-3.2,1.0124,6.4,1.0035923199091297,long_nclose,6.42299084741843,0.005565923214662943,4.0
1679817420000.0,121437,1679817420000.0,0.01849612819082762,-0.00042520800000000005,1154.0028816516103,1154.041184676001,-2.1,1.0124,4.3,1.0035923199091297,long_nclose,4.315446975609257,0.0037395461001215042,11.0
1679819760000.0,121476,1679819760000.0,0.0028076800908702904,-0.00020128,1154.0054880517011,1154.020033396001,-1.0,1.0064,3.3,1.0035923199091297,long_nclose,3.311854655700128,0.0028698777345431063,39.0
1679819940000.0,121479,1679819940000.0,0.009688448099957326,-0.000222728,1154.0149537718012,1154.0376306680012,-1.1,1.0124,2.2,1.0035923199091297,long_nclose,2.2079031038000854,0.001913236129725823,3.0
1679823360000.0,121536,1679823360000.0,0.006165376063609207,-0.000141736,1154.0209774118648,1154.035388932001,-0.7,1.0124,1.5,1.0035923199091297,long_nclose,1.5053884798636945,0.0013044723703721968,57.0
1679828820000.0,121627,1679828820000.0,0.010295376063609217,-0.000142562,1154.0311302259283,1154.0425763700011,-0.7,1.0183,0.8,1.0035923199091297,long_nclose,0.8028738559273038,0.0006957124768117152,91.0
1679829060000.0,121631,1679829060000.0,0.0058830720363481255,-8.1464e-05,1154.0369318339647,1154.043014906001,-0.4,1.0183,0.4,1.0035923199091297,long_nclose,0.4014369279636519,0.0003478544896528563,4.0
1679831220000.0,121667,1679831220000.0,0.0029415360181740628,-4.0732e-05,1154.039832637983,1154.042714174001,-0.2,1.0183,0.2,1.0035923199091297,long_nclose,0.20071846398182594,0.00017392680764147453,36.0
1679831280000.0,121668,1679831280000.0,0.0014707680090870314,-2.0366e-05,1154.041283039992,1154.0428238080012,-0.1,1.0183,0.1,1.0035923199091297,long_nclose,0.10035923199091297,8.696329452491097e-05,1.0
1679832000000.0,121680,1679832000000.0,0.0020707680090870316,-2.0486000000000003e-05,1154.0433333220012,1154.0433333220012,-0.1,1.0243,0.0,1.0035923199091297,long_nclose,0.0,0.0,12.0
1679845680000.0,121908,1679845680000.0,0.0,-0.011547904000000001,1154.0317854180012,1154.0203654180011,57.1,1.0112,57.1,1.0112,long_ientry_normal,57.739520000000006,0.05003286801072486,228.0
1679846280000.0,121918,1679846280000.0,0.039759999999998775,-0.00287976,1154.068665658001,1154.223105658001,-14.2,1.014,42.9,1.0112,long_nclose,43.380480000000006,0.0375891671707994,10.0
1679846700000.0,121925,1679846700000.0,0.12583999999999884,-0.0029172,1154.191588458001,1154.4461284580009,-14.3,1.02,28.6,1.0112,long_nclose,28.920320000000004,0.025056775919358006,7.0
1679849400000.0,121970,1679849400000.0,0.019879999999999388,-0.00143988,1154.2100285780011,1154.2788285780011,-7.1,1.014,21.5,1.0112,long_nclose,21.740800000000004,0.018836086554181907,45.0
1679849580000.0,121973,1679849580000.0,0.014839999999999543,-0.00107484,1154.2237937380012,1154.2772537380013,-5.3,1.014,16.2,1.0112,long_nclose,16.38144,0.014192602932701668,3.0
1679849940000.0,121979,1679849940000.0,0.0,-0.008274070000000001,1154.2155196680012,1154.2089596680012,40.9,1.0115,57.1,1.0114148861646235,long_ientry_partial,57.75179,0.05003553410598026,6.0
1679850300000.0,121985,1679850300000.0,0.03954861646234624,-0.0028803279999999997,1154.2521879564636,1154.3545093400012,-14.2,1.0142,42.9,1.0114148861646235,long_nclose,43.38969861646235,0.03759117727407672,6.0
1679850420000.0,121987,1679850420000.0,0.029800718038528504,-0.002170388,1154.2798182865022,1154.3952589520013,-10.7,1.0142,32.2,1.0114148861646235,long_nclose,32.56755933450088,0.02821461383847684,2.0
1679852460000.0,122021,1679852460000.0,0.09400071803852855,-0.0021832279999999997,1154.3716357765409,1154.5626657240014,-10.7,1.0202,21.5,1.0114148861646235,long_nclose,21.745420052539405,0.018837451803735073,34.0
1679853600000.0,122040,1679853600000.0,0.06237430823117315,-0.001448684,1154.432561400772,1154.5619470400015,-7.1,1.0202,14.4,1.0114148861646235,long_nclose,14.564374360770579,0.012616046053914464,19.0
1679853720000.0,122042,1679853720000.0,0.0421685464098072,-0.000979392,1154.4737505551818,1154.5523276480014,-4.8,1.0202,9.6,1.0114148861646235,long_nclose,9.709582907180385,0.008410397293581673,2.0
1679854020000.0,122047,1679854020000.0,0.028112364273204807,-0.000652928,1154.5012099914552,1154.5619147200016,-3.2,1.0202,6.4,1.0114148861646235,long_nclose,6.473055271453591,0.005606798170009281,5.0
1679854140000.0,122049,1679854140000.0,0.018448739054290654,-0.000428484,1154.5192302465096,1154.5574362360016,-2.1,1.0202,4.3,1.0114148861646235,long_nclose,4.349084010507881,0.0037670087223919844,2.0
1679854260000.0,122051,1679854260000.0,0.0122991593695271,-0.000285656,1154.5312437498792,1154.5596205800018,-1.4,1.0202,2.9,1.0114148861646235,long_nclose,2.933103169877408,0.002540514330604676,2.0
1679855040000.0,122064,1679855040000.0,0.007906602451838851,-0.00018363600000000002,1154.538966716331,1154.5569369440018,-0.9,1.0202,2.0,1.0114148861646235,long_nclose,2.022829772329247,0.0017520671286500233,13.0
1679855220000.0,122067,1679855220000.0,0.0052710683012259,-0.000122424,1154.5441153606323,1154.5555745200018,-0.6,1.0202,1.4,1.0114148861646235,long_nclose,1.4159808406304728,0.0012264415207626591,3.0
1679858460000.0,122121,1679858460000.0,0.003514045534150601,-8.1616e-05,1154.5475477901664,1154.5564329040017,-0.4,1.0202,1.0,1.0114148861646235,long_nclose,1.0114148861646235,0.000876027053282039,54.0
1679861400000.0,122170,1679861400000.0,0.00263553415061295,-6.1212e-05,1154.550122112317,1154.5563416920018,-0.3,1.0202,0.7,1.0114148861646235,long_nclose,0.7079904203152364,0.0006132175699916141,49.0
1679862840000.0,122194,1679862840000.0,0.0,-0.011406379999999999,1154.538715732317,1154.4999253120018,56.3,1.013,57.0,1.0129805336897408,long_ientry_partial,57.73989042031523,0.05001122061436559,24.0
1679868300000.0,122285,1679868300000.0,0.04003642160568064,-0.002884872,1154.5758672819227,1154.7051004400018,-14.2,1.0158,42.8,1.0129805336897408,long_nclose,43.355566841920904,0.03755107660788687,91.0
1679869380000.0,122303,1679869380000.0,0.12523642160568071,-0.0029019120000000004,1154.6982017915284,1154.9532985280018,-14.2,1.0218,28.6,1.0129805336897408,long_nclose,28.97124326352659,0.02508988341592405,18.0
1679870580000.0,122323,1679870580000.0,0.08378492994746245,-0.0019414200000000001,1154.7800453014759,1154.9637771080018,-9.5,1.0218,19.1,1.0129805336897408,long_nclose,19.34792819347405,0.016754643684913112,20.0
1679871240000.0,122334,1679871240000.0,0.05556263775463299,-0.001287468,1154.8343204712303,1154.9510496400017,-6.3,1.0218,12.8,1.0129805336897408,long_nclose,12.966150831228683,0.011227715180769692,11.0
1679871660000.0,122341,1679871660000.0,0.03704175850308866,-0.0008583120000000002,1154.8705039177335,1154.9558113280016,-4.2,1.0218,8.6,1.0129805336897408,long_nclose,8.71163258973177,0.007543384786587587,7.0
1679872680000.0,122358,1679872680000.0,0.024694505668725775,-0.000572208,1154.8946262154022,1154.9486791200018,-2.8,1.0218,5.8,1.0129805336897408,long_nclose,5.8752870954004965,0.005087292781553459,17.0
1679872800000.0,122360,1679872800000.0,0.01675698598949249,-0.000388284,1154.9109949173917,1154.9524108360017,-1.9,1.0218,3.9,1.0129805336897408,long_nclose,3.9506240813899893,0.0034207173529182387,2.0
1679873760000.0,122376,1679873760000.0,0.011465306203336967,-0.00026566800000000005,1154.9221945555948,1154.9461651680015,-1.3,1.0218,2.6,1.0129805336897408,long_nclose,2.633749387593326,0.002280456120775108,16.0
1679876580000.0,122423,1679876580000.0,0.007055573048207364,-0.00016348800000000002,1154.9290866406432,1154.9458616800016,-0.8,1.0218,1.8,1.0129805336897408,long_nclose,1.8233649606415336,0.0015787678929666395,47.0
1679877540000.0,122439,1679877540000.0,0.005291679786155523,-0.000122616,1154.9342557044292,1154.9459190640016,-0.6,1.0218,1.2,1.0129805336897408,long_nclose,1.2155766404276889,0.0010525072179855572,16.0
1679879220000.0,122467,1679879220000.0,0.0,-0.011299302,1154.9229564024292,1154.9017797620015,55.7,1.0143,56.9,1.0142721729424902,long_ientry_partial,57.71208664042769,0.049970507833873294,28.0
1679926740000.0,123259,1679926740000.0,0.0,-0.015833568,1154.9071228344292,1153.1384361940015,80.8,0.9798,137.7,0.9940444926683202,long_rentry,136.87992664042767,0.11852028958353837,792.0
1679929200000.0,123300,1679929200000.0,0.0,-0.037469136,1154.8696536984291,1149.8454570580016,195.6,0.9578,333.3,0.972774097331016,long_rentry,324.22560664042766,0.28074649429232695,41.0
1679979660000.0,124141,1679979660000.0,0.22706769232636567,-0.016251830000000002,1155.0804695607553,1155.9119452280013,-83.3,0.9755,250.0,0.972774097331016,long_nclose,243.193524332754,0.21054249529925276,841.0
1679979780000.0,124143,1679979780000.0,0.17036891681149885,-0.01219375,1155.2386447275667,1155.881001478001,-62.5,0.9755,187.5,0.972774097331016,long_nclose,182.3951432495655,0.15788525088041763,2.0
1679980440000.0,124154,1679980440000.0,0.12757224490845034,-0.00913068,1155.357086292475,1155.712480798001,-46.8,0.9755,140.7,0.972774097331016,long_nclose,136.86931549447394,0.11846494656789243,11.0
1679980500000.0,124155,1679980500000.0,0.09567918368133775,-0.006848010000000001,1155.4459174661563,1155.723212788001,-35.1,0.9755,105.6,0.972774097331016,long_nclose,102.7249446781553,0.0889050219705884,1.0
1679983260000.0,124201,1679983260000.0,0.07196383046117712,-0.005150640000000001,1155.5127306566174,1155.7682221480009,-26.4,0.9755,79.2,0.972774097331016,long_nclose,77.04370850861648,0.06667491102831603,46.0
1679986200000.0,124250,1679986200000.0,0.053972872845882834,-0.0038629800000000007,1155.5628405494633,1155.7069391680009,-19.8,0.9755,59.4,0.972774097331016,long_nclose,57.78278138146235,0.05000401480025697,49.0
1679986380000.0,124253,1679986380000.0,0.040343359500962926,-0.0028874800000000004,1155.6002964289642,1155.7263316880008,-14.8,0.9755,44.6,0.972774097331016,long_nclose,43.38572474096332,0.03754388509161332,3.0
1679986560000.0,124256,1679986560000.0,0.030257519625722196,-0.00216561,1155.62838833859,1155.749856078001,-11.1,0.9755,33.5,0.972774097331016,long_nclose,32.587932260589035,0.02819931786847125,3.0
1679988360000.0,124286,1679988360000.0,0.02262499215256705,-0.0016193300000000002,1155.6493940007424,1155.7180867480008,-8.3,0.9755,25.2,0.972774097331016,long_nclose,24.513907252741603,0.021212235631324922,30.0
1679988420000.0,124287,1679988420000.0,0.017173186814599083,-0.00122913,1155.665338057557,1155.7225276180006,-6.3,0.9755,18.9,0.972774097331016,long_nclose,18.385430439556202,0.01590895723363863,1.0
1679989800000.0,124310,1679989800000.0,0.0,-0.007890916000000001,1155.657447141557,1155.5400367020009,40.7,0.9694,59.6,0.9704699738180571,long_ientry_partial,57.8400104395562,0.050049442057955564,23.0
1680002880000.0,124528,1680002880000.0,0.04067739011094841,-0.0029001359999999998,1155.6952243956678,1155.7591465660007,-14.9,0.9732,44.7,0.9704699738180571,long_nclose,43.38000782966716,0.037535854534962956,218.0
1680004140000.0,124549,1680004140000.0,0.030303290619565593,-0.002160504,1155.7233671822873,1155.8419760620006,-11.1,0.9732,33.6,0.9704699738180571,long_nclose,32.60779112028672,0.02821418346830365,21.0
1680006060000.0,124581,1680006060000.0,0.022932219928319907,-0.001634976,1155.7446644262156,1155.8185010860007,-8.4,0.9732,25.2,0.9704699738180571,long_nclose,24.45584334021504,0.02116024766798855,32.0
1680006480000.0,124588,1680006480000.0,0.0,-0.00668265,1155.7379817762157,1155.6405784360006,34.5,0.9685,59.7,0.9693315467372703,long_ientry_partial,57.86909334021504,0.05007111841325655,7.0
1680007620000.0,124607,1680007620000.0,0.03975995361467233,-0.00289656,1155.7748451698305,1155.9257518760007,-14.9,0.972,44.8,0.9693315467372703,long_nclose,43.4260532938297,0.03757310818392889,19.0
1680009420000.0,124637,1680009420000.0,0.0,-0.0028676480000000004,1155.7719775218306,1155.8852442280008,14.8,0.9688,59.6,0.9691995519098944,long_ientry_partial,57.76429329382971,0.04997897026166533,30.0
1680009420000.0,124637,1680009420000.0,0.03136501860918273,-0.0021772799999999998,1155.8011652604398,1155.893146948001,-11.2,0.972,48.4,0.9691995519098944,long_nclose,46.90925831243889,0.040585924051970215,0.0
1680009480000.0,124638,1680009480000.0,0.032675421890277896,-0.002351998,1155.83148868433,1155.875064950001,-12.1,0.9719,36.3,0.9691995519098944,long_nclose,35.18194373432916,0.03043864445532313,1.0
1680009600000.0,124640,1680009600000.0,0.0,-0.004533984,1155.82695470033,1155.6094709660008,23.4,0.9688,59.7,0.9690429436236041,long_ientry_partial,57.851863734329164,0.05005235731790695,2.0
1680010620000.0,124657,1680010620000.0,0.03959014000829899,-0.002895666,1155.8636491743382,1156.1394853000008,-14.9,0.9717,44.8,0.9690429436236041,long_nclose,43.41312387433746,0.037559035536197126,17.0
1680010920000.0,124662,1680010920000.0,0.1260101400082994,-0.00291295,1155.9867463643463,1156.2635323500006,-14.9,0.9775,29.9,0.9690429436236041,long_nclose,28.974384014345762,0.025064633401267,5.0
1680011040000.0,124664,1680011040000.0,0.08372485812631973,-0.0019354500000000002,1156.0685357724726,1156.2476769000004,-9.9,0.9775,20.0,0.9690429436236041,long_nclose,19.380858872472082,0.016764454937372723,2.0
1680011160000.0,124666,1680011160000.0,0.05581657208421315,-0.0012903,1156.123062044557,1156.2457666000007,-6.6,0.9775,13.4,0.9690429436236041,long_nclose,12.985175444556296,0.011231655064117947,2.0
1680011340000.0,124669,1680011340000.0,0.03721104805614211,-0.0008602000000000001,1156.159412892613,1156.2364264000007,-4.4,0.9775,9.0,0.9690429436236041,long_nclose,8.721386492612437,0.0075434117435348,3.0
1680011460000.0,124671,1680011460000.0,0.0253711691291878,-0.0005865,1156.1841975617422,1156.2337399000005,-3.0,0.9775,6.0,0.9690429436236041,long_nclose,5.814257661741625,0.005028833358908742,2.0
1680011520000.0,124672,1680011520000.0,0.016914112752791866,-0.000391,1156.200720674495,1156.2353489000006,-2.0,0.9775,4.0,0.9690429436236041,long_nclose,3.8761717744944164,0.0033525076616741484,1.0
1680012060000.0,124681,1680012060000.0,0.0026570563763959054,-0.00019434,1156.2031833908713,1156.2171545600006,-1.0,0.9717,3.0,0.9690429436236041,long_nclose,2.9071288308708123,0.002514375390616802,9.0
1680013800000.0,124710,1680013800000.0,0.008457056376395933,-0.0001955,1156.2114449472476,1156.2263590600005,-1.0,0.9775,2.0,0.9690429436236041,long_nclose,1.9380858872472082,0.0016762382829860621,29.0
1680014640000.0,124724,1680014640000.0,0.00507423382583756,-0.0001173,1156.2164018810734,1156.2283817600003,-0.6,0.9775,1.4,0.9690429436236041,long_nclose,1.3566601210730456,0.0011733617676291965,14.0
1680015240000.0,124734,1680015240000.0,0.0033828225505583734,-7.82e-05,1156.219706503624,1156.2287635600003,-0.4,0.9775,1.0,0.9690429436236041,long_nclose,0.9690429436236041,0.0008381131528660439,10.0
1680015660000.0,124741,1680015660000.0,0.00253711691291878,-5.865e-05,1156.2221849705368,1156.2286649100004,-0.3,0.9775,0.7,0.9690429436236041,long_nclose,0.6783300605365228,0.0005866779494062451,7.0
1680017040000.0,124764,1680017040000.0,0.0002657056376395906,-1.9434e-05,1156.2224312421745,1156.2242054760004,-0.1,0.9717,0.6,0.9690429436236041,long_nclose,0.5814257661741624,0.000502866706667777,23.0
1680017340000.0,124769,1680017340000.0,0.0002657056376395906,-1.9434e-05,1156.2226775138122,1156.2248060420004,-0.1,0.9717,0.5,0.9690429436236041,long_nclose,0.48452147181180205,0.0004190554996323483,5.0
1680018600000.0,124790,1680018600000.0,0.0,-0.011468946000000002,1156.2112085678123,1156.1939570960005,59.1,0.9703,59.6,0.9702894542250303,long_ientry_partial,57.82925147181181,0.05001616576909365,21.0
1680018660000.0,124791,1680018660000.0,0.04038713204704782,-0.00289954,1156.2486961598593,1156.3787975560003,-14.9,0.973,44.7,0.9702894542250303,long_nclose,43.37193860385886,0.037510908118561365,1.0
1680019020000.0,124797,1680019020000.0,0.030087058102163142,-0.00216006,1156.2766231579615,1156.3744174960004,-11.1,0.973,33.6,0.9702894542250303,long_nclose,32.60172566196102,0.028195437846802535,6.0
1680019560000.0,124806,1680019560000.0,0.0,-0.0050460800000000005,1156.2715770779614,1156.2574114160004,26.0,0.9704,59.6,0.9703376788919633,long_ientry_partial,57.832125661961015,0.05001604018331906,9.0
1680029280000.0,124968,1680029280000.0,0.03966858450974621,-0.00289954,1156.3083461224712,1156.4318218760004,-14.9,0.973,44.7,0.9703376788919633,long_nclose,43.37409424647076,0.03751083730556829,162.0
1680029760000.0,124976,1680029760000.0,0.029551764299206907,-0.00216006,1156.3357378267704,1156.4957518160004,-11.1,0.973,33.6,0.9703376788919633,long_nclose,32.60334601076997,0.028195397706936777,8.0
1680030000000.0,124980,1680030000000.0,0.09477799641001088,-0.002192512,1156.4283233111803,1156.5775593040003,-11.2,0.9788,22.4,0.9703376788919633,long_nclose,21.735564007179978,0.018795426892472617,4.0
1680031260000.0,125001,1680031260000.0,0.014908998205005285,-0.00108976,1156.4421425493854,1156.5053495440004,-5.6,0.973,16.8,0.9703376788919633,long_nclose,16.301673005384984,0.01409640171833225,21.0
1680031560000.0,125006,1680031560000.0,0.011181748653753964,-0.00081732,1156.4525069780393,1156.5125122240006,-4.2,0.973,12.6,0.9703376788919633,long_nclose,12.226254754038738,0.010572206537030674,5.0
1680031980000.0,125013,1680031980000.0,0.008253195434913641,-0.0006032600000000001,1156.4601569134743,1156.4768989640006,-3.1,0.973,9.5,0.9703376788919633,long_nclose,9.218207949473651,0.00797105537477099,7.0
1680032040000.0,125014,1680032040000.0,0.006123338548484313,-0.00044758,1156.4658326720228,1156.4857213840007,-2.3,0.973,7.2,0.9703376788919633,long_nclose,6.986431288022136,0.0060411912662217924,1.0
1680032280000.0,125018,1680032280000.0,0.004792177994465985,-0.00035028,1156.4702745700172,1156.4814111040005,-1.8,0.973,5.4,0.9703376788919633,long_nclose,5.2398234660166025,0.004530876046913356,4.0
1680032340000.0,125019,1680032340000.0,0.0034610174404476556,-0.00025298,1156.4734826074578,1156.4880881240008,-1.3,0.973,4.1,0.9703376788919633,long_nclose,3.978384483457049,0.0034401000483704424,1.0
1680033120000.0,125032,1680033120000.0,0.011001017440447692,-0.00025448800000000003,1156.4842291368982,1156.5126836360007,-1.3,0.9788,2.8,0.9703376788919633,long_nclose,2.716945500897497,0.0023493147873924706,13.0
1680034020000.0,125047,1680034020000.0,0.0076160889972330175,-0.00017618400000000002,1156.4916690418954,1156.5077474520008,-0.9,0.9788,1.9,0.9703376788919633,long_nclose,1.8436415898947303,0.0015941676358309693,15.0
1680034080000.0,125048,1680034080000.0,0.005077392664822011,-0.00011745600000000001,1156.4966289785602,1156.5084099960006,-0.6,0.9788,1.3,0.9703376788919633,long_nclose,1.2614389825595524,0.00109074159919833,1.0
1680037380000.0,125103,1680037380000.0,0.0033849284432146743,-7.830400000000001e-05,1156.4999356030035,1156.5076416920008,-0.4,0.9788,0.9,0.9703376788919633,long_nclose,0.873303911002767,0.0007551266404069647,55.0
1680037740000.0,125109,1680037740000.0,0.0025386963324110054,-5.8728000000000004e-05,1156.5024155713359,1156.5073729640008,-0.3,0.9788,0.6,0.9703376788919633,long_nclose,0.5822026073351779,0.0005034166807576947,6.0
1680040260000.0,125151,1680040260000.0,0.0,-0.011449540000000001,1156.4909660313358,1156.4432634240006,59.0,0.9703,59.6,0.9703003793177044,long_ientry_partial,57.829902607335185,0.05000462978607327,42.0
1680041160000.0,125166,1680041160000.0,0.04022434816620395,-0.00289954,1156.528290839502,1156.6489638840005,-14.9,0.973,44.7,0.9703003793177044,long_nclose,43.37242695550139,0.03750226198445882,15.0
1680041220000.0,125167,1680041220000.0,0.029965789573480794,-0.00216006,1156.5560965690754,1156.6535238240006,-11.1,0.973,33.6,0.9703003793177044,long_nclose,32.60209274507487,0.028188942016551557,1.0
1680041640000.0,125174,1680041640000.0,0.022676813731282764,-0.00163464,1156.5771387428067,1156.6527291840005,-8.4,0.973,25.2,0.9703003793177044,long_nclose,24.45156955880615,0.021141321871003673,7.0
1680042060000.0,125181,1680042060000.0,0.01700761029846207,-0.00122598,1156.592920373105,1156.6515032040004,-6.3,0.973,18.9,0.9703003793177044,long_nclose,18.338677169104614,0.01585577504934817,7.0
1680043620000.0,125207,1680043620000.0,0.012688217206789166,-0.0009146200000000001,1156.6046939703117,1156.6629085840002,-4.7,0.973,14.2,0.9703003793177044,long_nclose,13.778265386311402,0.011912683268657968,26.0
1680046080000.0,125248,1680046080000.0,0.039948217206789295,-0.0009200720000000001,1156.6437221155184,1156.7254185120003,-4.7,0.9788,9.5,0.9703003793177044,long_nclose,9.217853603518192,0.0079694839709661,41.0
1680051900000.0,125345,1680051900000.0,0.026348824115116343,-0.0006068560000000001,1156.6694640836333,1156.726421656,-3.1,0.9788,6.4,0.9703003793177044,long_nclose,6.209922427633309,0.0053687960307252465,97.0
1680052020000.0,125347,1680052020000.0,0.01784920343282075,-0.00041109600000000006,1156.686902191066,1156.72603056,-2.1,0.9788,4.3,0.9703003793177044,long_nclose,4.172291631066129,0.003607105451927157,2.0
1680052200000.0,125350,1680052200000.0,0.011899468955213831,-0.000274064,1156.6985275960212,1156.724626496,-1.4,0.9788,2.9,0.9703003793177044,long_nclose,2.8138711000213426,0.0024326745758632895,3.0
1680052800000.0,125360,1680052800000.0,0.019879468955213885,-0.00027566000000000005,1156.7181314049765,1156.7410808359998,-1.4,0.9845,1.5,0.9703003793177044,long_nclose,1.4554505689765567,0.0012582586279759728,10.0
1680054000000.0,125380,1680054000000.0,0.004249810341147797,-9.788e-05,1156.7222833353176,1156.7325829559998,-0.5,0.9788,1.0,0.9703003793177044,long_nclose,0.9703003793177044,0.0008388360743945553,20.0
1680055140000.0,125399,1680055140000.0,0.0025498862046886782,-5.8728000000000004e-05,1156.724774493522,1156.7308642279997,-0.3,0.9788,0.7,0.9703003793177044,long_nclose,0.679210265522393,0.0005871839874958923,19.0
1680055560000.0,125406,1680055560000.0,0.001699924136459119,-3.915200000000001e-05,1156.7264352656584,1156.7310350759997,-0.2,0.9788,0.5,0.9703003793177044,long_nclose,0.4851501896588522,0.00041941653174670525,7.0
1680056520000.0,125422,1680056520000.0,0.0008499620682295595,-1.9576000000000004e-05,1156.7272656517266,1156.7315454999996,-0.1,0.9788,0.4,0.9703003793177044,long_nclose,0.3881201517270818,0.0003355329845263101,16.0
1680057120000.0,125432,1680057120000.0,0.0028399241364591267,-3.9380000000000006e-05,1156.730066195863,1156.7331261199995,-0.2,0.9845,0.2,0.9703003793177044,long_nclose,0.1940600758635409,0.0001677660860858801,10.0
1680057720000.0,125442,1680057720000.0,0.0014199620682295634,-1.9690000000000003e-05,1156.731466467931,1156.7328964299993,-0.1,0.9845,0.1,0.9703003793177044,long_nclose,0.09703003793177045,8.388294149899007e-05,10.0
1680057960000.0,125446,1680057960000.0,0.0014199620682295634,-1.9690000000000003e-05,1156.7328667399993,1156.7328667399993,-0.1,0.9845,0.0,0.9703003793177044,long_nclose,0.0,0.0,4.0
1680138660000.0,126791,1680138660000.0,0.0,-0.011558092,1156.7213086479992,1156.811228647999,56.2,1.0283,56.2,1.0283,long_ientry_normal,57.79046,0.049960573534818635,1345.0
1680138720000.0,126792,1680138720000.0,0.03919999999999879,-0.0028870799999999998,1156.7576215679992,1156.8968815679991,-14.0,1.0311,42.2,1.0283,long_nclose,43.39426,0.03751370139336411,1.0
1680139380000.0,126803,1680139380000.0,0.12600000000000167,-0.0029044400000000003,1156.880717127999,1157.1288771279992,-14.0,1.0373,28.2,1.0283,long_nclose,28.99806,0.0250657302612743,11.0
1680142740000.0,126859,1680142740000.0,0.08460000000000112,-0.0019501240000000003,1156.963367003999,1157.198367003999,-9.4,1.0373,18.8,1.0283,long_nclose,19.33204,0.01670929309547722,56.0
1680142800000.0,126860,1680142800000.0,0.14194000000000107,-0.0019615920000000003,1157.103345411999,1157.2462254119991,-9.4,1.0434,9.4,1.0283,long_nclose,9.66602,0.008353635860034878,1.0
1680143040000.0,126864,1680143040000.0,0.07097000000000053,-0.0009807960000000001,1157.173334615999,1157.248064615999,-4.7,1.0434,4.7,1.0283,long_nclose,4.83301,0.004176565303938502,4.0
1680143640000.0,126874,1680143640000.0,0.0996400000000005,-0.0009865300000000002,1157.2719880859988,1157.2719880859988,-4.7,1.0495,0.0,1.0283,long_nclose,0.0,0.0,10.0
1680145680000.0,126908,1680145680000.0,0.0,-0.011579448,1157.2604086379988,1157.3559486379988,56.2,1.0302,56.2,1.0302,long_ientry_normal,57.897240000000004,0.050029569462365295,34.0
1680145740000.0,126909,1680145740000.0,0.04059999999999864,-0.00289268,1157.2981159579988,1157.4162759579988,-14.0,1.0331,42.2,1.0302,long_nclose,43.47444,0.03756546338452502,1.0
1680145800000.0,126910,1680145800000.0,0.0,-0.0028845600000000004,1157.2952313979988,1156.9917513979988,14.0,1.0302,56.2,1.0302,long_ientry_partial,57.897240000000004,0.05002806408357946,1.0
1680146400000.0,126920,1680146400000.0,0.04059999999999864,-0.00289268,1157.3329387179988,1157.4806387179988,-14.0,1.0331,42.2,1.0302,long_nclose,43.47444,0.03756433308478848,10.0
1680146820000.0,126927,1680146820000.0,0.030449999999998978,-0.00216951,1157.3612192079988,1157.4911892079988,-10.5,1.0331,31.7,1.0302,long_nclose,32.65734,0.02821706780735918,7.0
1680146940000.0,126929,1680146940000.0,0.0,-0.00504749,1157.356171717999,1157.3754817179988,24.5,1.0301,56.2,1.03015640569395,long_ientry_partial,57.89478999999999,0.05002331297379267,2.0
1680147060000.0,126931,1680147060000.0,0.039810320284698,-0.0028924000000000003,1157.3930896382835,1157.4919893179988,-14.0,1.033,42.2,1.03015640569395,long_nclose,43.4726003202847,0.037560791324467865,2.0
1680147120000.0,126932,1680147120000.0,0.029857740213523498,-0.0021693,1157.420778078497,1157.5331100179988,-10.5,1.033,31.7,1.03015640569395,long_nclose,32.655958060498214,0.028214421823938834,1.0
1680148020000.0,126947,1680148020000.0,0.09390774021352344,-0.0021821099999999997,1157.5125037087107,1157.7063479079989,-10.5,1.0391,21.2,1.03015640569395,long_nclose,21.83931580071174,0.01886745562638659,15.0
1680149400000.0,126970,1680149400000.0,0.06260516014234896,-0.00145474,1157.573654128853,1157.7020731679988,-7.0,1.0391,14.2,1.03015640569395,long_nclose,14.62822096085409,0.012636967771923548,23.0
1680149520000.0,126972,1680149520000.0,0.042034893238434304,-0.000976754,1157.6147122680914,1157.7015764139987,-4.7,1.0391,9.5,1.03015640569395,long_nclose,9.786485854092525,0.008454009568449643,2.0
1680150180000.0,126983,1680150180000.0,0.02772514234875454,-0.000644242,1157.6417931684402,1157.699672171999,-3.1,1.0391,6.4,1.03015640569395,long_nclose,6.593000996441281,0.0056951995300691255,11.0
1680150720000.0,126992,1680150720000.0,0.01878154804270469,-0.00043642199999999995,1157.660138294483,1157.701605749999,-2.1,1.0391,4.3,1.03015640569395,long_nclose,4.429672544483985,0.0038264015473573948,9.0
1680152400000.0,127020,1680152400000.0,0.002843594306049857,-0.00020659999999999998,1157.6627752887891,1157.676779149999,-1.0,1.033,3.3,1.03015640569395,long_nclose,3.3995161387900352,0.0029365340333604457,28.0
1680152580000.0,127023,1680152580000.0,0.0,-0.010886304,1157.6518889847891,1157.6262928459992,52.8,1.0309,56.1,1.0308562591584676,long_ientry_partial,57.83103613879003,0.049955463027409185,3.0
1680153000000.0,127030,1680153000000.0,0.039812371781454914,-0.0028943600000000003,1157.6888069965705,1157.829578485999,-14.0,1.0337,42.1,1.0308562591584676,long_nclose,43.39904851057149,0.03748766356579282,7.0
1680153480000.0,127038,1680153480000.0,0.029859278836091185,-0.0021707700000000003,1157.7164955054066,1157.822157715999,-10.5,1.0337,31.6,1.0308562591584676,long_nclose,32.57505778940757,0.028137335794966606,8.0
1680153720000.0,127042,1680153720000.0,0.022465552648106703,-0.001633246,1157.7373278120547,1157.823684469999,-7.9,1.0337,23.7,1.0308562591584676,long_nclose,24.43129334205568,0.02110262211915294,4.0
1680153900000.0,127045,1680153900000.0,0.0,-0.00670085,1157.7306269620547,1157.731663619999,32.5,1.0309,56.2,1.0308815541291045,long_ientry_partial,57.93554334205568,0.05004233454035984,3.0
1680181740000.0,127509,1680181740000.0,0.03945824219253735,-0.0028943600000000003,1157.7671908442471,1157.8903492599989,-14.0,1.0337,42.2,1.0308815541291045,long_nclose,43.50320158424822,0.03757508584478505,464.0
1680181980000.0,127513,1680181980000.0,0.029593681644403014,-0.0021707700000000003,1157.7946137558915,1157.925168489999,-10.5,1.0337,31.7,1.0308815541291045,long_nclose,32.678945265892615,0.028225166085271335,4.0
1680182940000.0,127529,1680182940000.0,0.02226572238007465,-0.001633246,1157.8152462322716,1157.882325243999,-7.9,1.0337,23.8,1.0308815541291045,long_nclose,24.53498098827269,0.02119075652882764,16.0
1680183000000.0,127530,1680183000000.0,0.0166288306382836,-0.0012197660000000002,1157.8306552969098,1157.8864754779988,-5.9,1.0337,17.9,1.0308815541291045,long_nclose,18.45277981891097,0.015937373686291806,1.0
1680184320000.0,127552,1680184320000.0,0.0,-0.00790713,1157.8227481669098,1157.898118347999,38.5,1.0269,56.4,1.028163649271471,long_ientry_partial,57.98842981891096,0.050084030488016844,22.0
1680186660000.0,127591,1680186660000.0,0.03999254527225815,-0.00290742,1157.8598332921822,1158.081330927999,-14.1,1.031,42.3,1.028163649271471,long_nclose,43.49132236418322,0.037561819758893326,39.0
1680186900000.0,127595,1680186900000.0,0.0,-0.002895294,1157.8569379981823,1157.665305633999,14.1,1.0267,56.4,1.027797736953603,long_ientry_partial,57.96779236418321,0.05006472774123863,4.0
1680188700000.0,127625,1680188700000.0,0.03951190895419569,-0.002906292,1157.8935436151364,1158.020539341999,-14.1,1.0306,42.3,1.027797736953603,long_nclose,43.47584427313741,0.037547358747159594,30.0
1680189240000.0,127634,1680189240000.0,0.029423761987167008,-0.00216426,1157.9208031171236,1158.006735081999,-10.5,1.0306,31.8,1.027797736953603,long_nclose,32.68396803512458,0.028226427875843767,9.0
1680189300000.0,127635,1680189300000.0,0.022137878066535176,-0.0016283480000000002,1157.9413126471902,1158.013066733999,-7.9,1.0306,23.9,1.027797736953603,long_nclose,24.564365913191114,0.021213826335493704,1.0
1680189720000.0,127642,1680189720000.0,0.01653335197374146,-0.001216108,1157.9566298911639,1158.017870625999,-5.9,1.0306,18.0,1.027797736953603,long_nclose,18.500359265164857,0.01597672899623512,7.0
1680189960000.0,127646,1680189960000.0,0.0,-0.00788736,1157.9487425311638,1157.917463265999,38.4,1.027,56.4,1.0272545969000861,long_ientry_partial,57.93715926516486,0.050034303883365196,4.0
1680248400000.0,128620,1680248400000.0,0.0,-0.015896646,1157.9328458851637,1156.3436066199988,80.1,0.9923,136.5,1.006742778499376,long_rentry,137.42038926516483,0.11867733932369451,974.0
1680265800000.0,128910,1680265800000.0,0.09402125317127714,-0.006884790000000002,1158.0199823483351,1158.5890418299991,-34.1,1.0095,102.4,1.006742778499376,long_nclose,103.09046051833612,0.08902304113032676,290.0
1680265860000.0,128911,1680265860000.0,0.29862125317127736,-0.006925710000000002,1158.3116778915064,1158.752706119999,-34.1,1.0155,68.3,1.006742778499376,long_nclose,68.76053177150739,0.05936271996900981,1.0
1680265920000.0,128912,1680265920000.0,0.19878892806416407,-0.004610370000000001,1158.5058564495707,1159.0055057499992,-22.7,1.0155,45.6,1.006742778499376,long_nclose,45.907470699571554,0.039626446809912945,1.0
1680266340000.0,128919,1680266340000.0,0.3364646502142266,-0.0046580400000000004,1158.837663059785,1159.1741277099993,-22.8,1.0215,22.8,1.006742778499376,long_nclose,22.953735349785777,0.019807550342451706,7.0
1680266400000.0,128920,1680266400000.0,0.1682323251071133,-0.0023290200000000002,1159.003566364892,1159.1740786899993,-11.4,1.0215,11.4,1.006742778499376,long_nclose,11.476867674892889,0.009902357514644262,1.0
1680266940000.0,128929,1680266940000.0,0.033277441702371076,-0.0007717800000000001,1159.0360720265946,1159.1033869099995,-3.8,1.0155,7.6,1.006742778499376,long_nclose,7.651245116595258,0.006601386532532092,9.0
1680268140000.0,128949,1680268140000.0,0.02189305375155992,-0.0005077500000000001,1159.057457330346,1159.1031391599993,-2.5,1.0155,5.1,1.006742778499376,long_nclose,5.134388170346818,0.004429796070828827,20.0
1680268500000.0,128955,1680268500000.0,0.014887276551060745,-0.00034527,1159.071999336897,1159.1021138899991,-1.7,1.0155,3.4,1.006742778499376,long_nclose,3.4229254468978785,0.0029531603290012423,6.0
1680268620000.0,128957,1680268620000.0,0.009632943650686366,-0.00022341000000000003,1159.0814088705479,1159.1040804799993,-1.1,1.0155,2.3,1.006742778499376,long_nclose,2.315508390548565,0.0019977098871811626,2.0
1680269640000.0,128974,1680269640000.0,0.016232943650686373,-0.00022473000000000005,1159.0974170841987,1159.1175257499995,-1.1,1.0215,1.2,1.006742778499376,long_nclose,1.2080913341992512,0.0010422690244951977,17.0
1680270060000.0,128981,1680270060000.0,0.008854332900374384,-0.00012258,1159.1061488370992,1159.1159631699995,-0.6,1.0215,0.6,1.006742778499376,long_nclose,0.6040456670996256,0.000521130586448574,7.0
1680272100000.0,129015,1680272100000.0,0.012454332900374386,-0.00012330000000000002,1159.1184798699996,1159.1184798699996,-0.6,1.0275,0.0,1.006742778499376,long_nclose,0.0,0.0,34.0
1680402060000.0,131181,1680402060000.0,0.0,-0.011598690000000002,1159.1068811799996,1159.0850811799996,54.5,1.0641,54.5,1.0641,long_ientry_normal,57.99345,0.050032875260788055,2166.0
1680402720000.0,131192,1680402720000.0,0.03943999999999868,-0.00290224,1159.1434189399997,1159.2742989399997,-13.6,1.067,40.9,1.0641,long_nclose,43.52169,0.03754642375470606,11.0
1680403980000.0,131213,1680403980000.0,0.029579999999999006,-0.00217668,1159.1708222599996,1159.2690622599996,-10.2,1.067,30.7,1.0641,long_nclose,32.66787,0.028182101699478997,21.0
1680404580000.0,131223,1680404580000.0,0.022039999999999258,-0.00162184,1159.1912404199995,1159.2674704199994,-7.6,1.067,23.1,1.0641,long_nclose,24.580710000000003,0.021205051541878364,10.0
1680404940000.0,131229,1680404940000.0,0.016529999999999444,-0.00121638,1159.2065540399997,1159.2552740399997,-5.7,1.067,17.4,1.0641,long_nclose,18.51534,0.01597242522091633,6.0
1680405000000.0,131230,1680405000000.0,0.01246999999999958,-0.00091762,1159.2181064199995,1159.2534764199995,-4.3,1.067,13.1,1.0641,long_nclose,13.93971,0.012025096850022341,1.0
1680405120000.0,131232,1680405120000.0,0.00927999999999969,-0.0006828800000000001,1159.2267035399993,1159.2564035399994,-3.2,1.067,9.9,1.0641,long_nclose,10.534590000000001,0.009087601215387722,2.0
1680405300000.0,131235,1680405300000.0,0.006959999999999766,-0.00051216,1159.2331513799993,1159.2646513799993,-2.4,1.067,7.5,1.0641,long_nclose,7.9807500000000005,0.006884508082346838,3.0
1680406260000.0,131251,1680406260000.0,0.005219999999999825,-0.00038412,1159.2379872599993,1159.2579372599994,-1.8,1.067,5.7,1.0641,long_nclose,6.065370000000001,0.005232204315816327,16.0
1680406440000.0,131254,1680406440000.0,0.004059999999999863,-0.00029875999999999997,1159.2417484999992,1159.2567984999991,-1.4,1.067,4.3,1.0641,long_nclose,4.57563,0.003947088694761586,3.0
1680406620000.0,131257,1680406620000.0,0.0028999999999999027,-0.0002134,1159.2444350999992,1159.2576350999993,-1.0,1.067,3.3,1.0641,long_nclose,3.51153,0.0030291540711145076,3.0
1680409200000.0,131300,1680409200000.0,0.0023199999999999224,-0.00017072000000000002,1159.2465843799994,1159.2540843799993,-0.8,1.067,2.5,1.0641,long_nclose,2.66025,0.0022948094355807686,43.0
1680409440000.0,131304,1680409440000.0,0.0,-0.0110708,1159.2355135799994,1159.2256135799994,52.0,1.0645,54.5,1.0644816513761468,long_ientry_partial,58.014250000000004,0.05004526631593435,4.0
1680418380000.0,131453,1680418380000.0,0.039689541284402094,-0.0029033279999999997,1159.2722997932838,1159.3671202519993,-13.6,1.0674,40.9,1.0644816513761468,long_nclose,43.537299541284405,0.03755571451939961,149.0
1680418680000.0,131458,1680418680000.0,0.02976715596330157,-0.0021774959999999997,1159.299889453247,1159.3986927559993,-10.2,1.0674,30.7,1.0644816513761468,long_nclose,32.67958669724771,0.028189070830206123,5.0
1680419580000.0,131473,1680419580000.0,0.022179449541283525,-0.0016224479999999996,1159.3204464547882,1159.4040303079992,-7.6,1.0674,23.1,1.0644816513761468,long_nclose,24.589526146788995,0.021210292824545597,15.0
1680421440000.0,131504,1680421440000.0,0.0,-0.006682548,1159.3137639067882,1159.2994977599992,31.4,1.0641,54.5,1.064261764161266,long_ientry_partial,58.002266146789,0.05003155138202304,31.0
1680422580000.0,131523,1680422580000.0,0.03996000740678216,-0.002902784,1159.3508211301948,1159.470994975999,-13.6,1.0672,40.9,1.064261764161266,long_nclose,43.528306154195775,0.03754541365810406,19.0
1680423480000.0,131538,1680423480000.0,0.02997000555508662,-0.0021770879999999998,1159.3786140477498,1159.474957887999,-10.2,1.0672,30.7,1.064261764161266,long_nclose,32.672836159750865,0.02818133417665854,15.0
1680424320000.0,131552,1680424320000.0,0.022330592374378264,-0.0016221439999999998,1159.3993224961241,1159.460265743999,-7.6,1.0672,23.1,1.064261764161266,long_nclose,24.584446752125245,0.02120446879268159,14.0
1680424500000.0,131555,1680424500000.0,0.0167479442807837,-0.0012166079999999999,1159.4148538324048,1159.4398791359988,-5.7,1.0672,17.4,1.064261764161266,long_nclose,18.518154696406025,0.015971983311404817,3.0
1680424800000.0,131560,1680424800000.0,0.0,-0.007896364000000001,1159.4069574684047,1159.4004327719986,37.1,1.0642,54.5,1.0642197192001106,long_ientry_partial,57.99997469640603,0.05002555342866881,5.0
1680429180000.0,131633,1680429180000.0,0.040531818878494795,-0.002902784,1159.444586503283,1159.5869299879985,-13.6,1.0672,40.9,1.0642197192001106,long_nclose,43.52658651528452,0.03754089416774492,73.0
1680429480000.0,131638,1680429480000.0,0.030398864158871094,-0.0021770879999999998,1159.4728082794418,1159.5796528999983,-10.2,1.0672,30.7,1.0642197192001106,long_nclose,32.671545379443394,0.028177931510032707,5.0
1680432420000.0,131687,1680432420000.0,0.09465886415887081,-0.0021899399999999996,1159.5652772036005,1159.8231729599984,-10.2,1.0735,20.5,1.0642197192001106,long_nclose,21.816504243602267,0.018814382141740908,49.0
1680432780000.0,131693,1680432780000.0,0.1589188641588728,-0.0022027920000000003,1159.7219932757596,1159.8835001679984,-10.2,1.0798,10.3,1.0642197192001106,long_nclose,10.96146310776114,0.009451802389984266,6.0
1680432900000.0,131695,1680432900000.0,0.0794594320794364,-0.0011013960000000001,1159.800351311839,1159.8824087719984,-5.1,1.0798,5.2,1.0642197192001106,long_nclose,5.5339425398405755,0.0047714613412396245,2.0
1680433440000.0,131704,1680433440000.0,0.015776477359811802,-0.00036499,1159.8157627991989,1159.8485937819985,-1.7,1.0735,3.5,1.0642197192001106,long_nclose,3.724769017200387,0.0032115178433260038,9.0
1680433980000.0,131713,1680433980000.0,0.026486477359812133,-0.00036713200000000005,1159.8418821445587,1159.8717266499984,-1.7,1.0798,1.8,1.0642197192001106,long_nclose,1.9155954945601992,0.0016516005535325599,9.0
1680434160000.0,131716,1680434160000.0,0.014022252719900541,-0.00019436400000000004,1159.8557100332787,1159.8694622859987,-0.9,1.0798,0.9,1.0642197192001106,long_nclose,0.9577977472800996,0.0008257904315120528,3.0
1680434220000.0,131717,1680434220000.0,0.006232112319955796,-8.638400000000002e-05,1159.8618557615987,1159.8696459019986,-0.4,1.0798,0.5,1.0642197192001106,long_nclose,0.5321098596000553,0.000458770031066033,1.0
1680434280000.0,131718,1680434280000.0,0.003116056159977898,-4.319200000000001e-05,1159.8649286257587,1159.8696627099987,-0.2,1.0798,0.3,1.0642197192001106,long_nclose,0.31926591576003316,0.0002752612893798837,1.0
1680434760000.0,131726,1680434760000.0,0.001558028079988949,-2.1596000000000005e-05,1159.8664650578387,1159.8696011139987,-0.1,1.0798,0.2,1.0642197192001106,long_nclose,0.21284394384002214,0.0001835072831676432,8.0
1680436800000.0,131760,1680436800000.0,0.0009280280799889296,-2.1470000000000003e-05,1159.8673716159185,1159.8682896439984,-0.1,1.0735,0.1,1.0642197192001106,long_nclose,0.10642197192001107,9.175356986872109e-05,34.0
1680439020000.0,131797,1680439020000.0,0.00029802807998893235,-2.1344e-05,1159.8676482999983,1159.8676482999983,-0.1,1.0672,0.0,1.0642197192001106,long_nclose,0.0,0.0,37.0
1680439140000.0,131799,1680439140000.0,0.0,-0.011595904,1159.8560523959984,1159.8560523959984,54.4,1.0658,54.4,1.0658,long_ientry_normal,57.97952,0.04998854804458495,2.0
1680439500000.0,131805,1680439500000.0,0.040799999999998525,-0.002907136,1159.8939452599984,1160.0204252599983,-13.6,1.0688,40.8,1.0658,long_nclose,43.48464,0.03749018621719989,6.0
1680439620000.0,131807,1680439620000.0,0.030599999999998892,-0.002180352,1159.9223649079984,1159.9896849079985,-10.2,1.0688,30.6,1.0658,long_nclose,32.61348,0.028116950743153235,2.0
1680439680000.0,131808,1680439680000.0,0.022799999999999175,-0.0016245759999999998,1159.9435403319983,1160.0263403319982,-7.6,1.0688,23.0,1.0658,long_nclose,24.5134,0.021133269980523183,1.0
1680439980000.0,131813,1680439980000.0,0.0,-0.006693224000000001,1159.9368471079983,1159.9205271079984,31.4,1.0658,54.4,1.0658,long_ientry_partial,57.97952,0.04998506612196767,5.0
1680464520000.0,132222,1680464520000.0,0.0,-0.015916070000000004,1159.9209310379983,1157.8145110379983,77.3,1.0295,131.7,1.0444940774487472,long_rentry,137.55987,0.11859417855051502,409.0
1680480660000.0,132491,1680480660000.0,0.09560485193621981,-0.006891892,1160.0096439979345,1160.3263891459983,-32.9,1.0474,98.8,1.0444940774487472,long_nclose,103.19601485193623,0.088961342162876,269.0
1680481740000.0,132509,1680481740000.0,0.29958485193621925,-0.006932688,1160.3022961618708,1161.0275864579983,-32.9,1.0536,65.9,1.0444940774487472,long_nclose,68.83215970387245,0.059322609229991434,18.0
1680481860000.0,132511,1680481860000.0,0.5035648519362187,-0.006973484000000001,1160.7988875298072,1161.2676829739985,-32.9,1.0598,33.0,1.0444940774487472,long_nclose,34.46830455580866,0.029693605779686428,2.0
1680481920000.0,132512,1680481920000.0,0.252547722095672,-0.0034973400000000007,1161.0479379119029,1161.2707856339985,-16.5,1.0598,16.5,1.0444940774487472,long_nclose,17.23415227790433,0.014843618179021311,1.0
1680482100000.0,132515,1680482100000.0,0.05008257403189076,-0.0011589600000000001,1161.0968615259346,1161.2003266739985,-5.5,1.0536,11.0,1.0444940774487472,long_nclose,11.48943485193622,0.009895328488647015,3.0
1680482520000.0,132522,1680482520000.0,0.007845990888382781,-0.0005655960000000001,1161.1041419208232,1161.1324110779985,-2.7,1.0474,8.3,1.0444940774487472,long_nclose,8.669300842824603,0.0074664283157950965,7.0
1680482760000.0,132526,1680482760000.0,0.024585990888382737,-0.0005689440000000002,1161.1281589677117,1161.1830721339986,-2.7,1.0536,5.6,1.0444940774487472,long_nclose,5.849166833712984,0.005037485990274426,4.0
1680482940000.0,132529,1680482940000.0,0.01639066059225516,-0.00037929600000000005,1161.144170332304,1161.1799128379987,-1.8,1.0536,3.8,1.0444940774487472,long_nclose,3.9690774943052394,0.003418246928948834,3.0
1680484200000.0,132550,1680484200000.0,0.010927107061503438,-0.00025286400000000005,1161.1548445753654,1161.1792999739987,-1.2,1.0536,2.6,1.0444940774487472,long_nclose,2.715684601366743,0.002338779030250586,21.0
1680485220000.0,132567,1680485220000.0,0.0,-0.011060040000000002,1161.1437845353653,1161.1298199339985,53.0,1.0434,55.6,1.0434511618950852,long_ientry_partial,58.01588460136674,0.049964427639408976,17.0
1680485580000.0,132573,1680485580000.0,0.03959884965831522,-0.002908714,1161.1804746710236,1161.3284612199986,-13.9,1.0463,41.7,1.0434511618950852,long_nclose,43.51191345102506,0.03747213667483731,6.0
1680485940000.0,132579,1680485940000.0,0.029627916291113544,-0.002176304,1161.2079262833147,1161.3252649159986,-10.4,1.0463,31.3,1.0434511618950852,long_nclose,32.66002136731617,0.028125902887910264,6.0
1680486120000.0,132582,1680486120000.0,0.0,-0.005071410000000001,1161.2028548733147,1161.0431435059984,24.3,1.0435,55.6,1.0434725066064061,long_ientry_partial,58.017071367316184,0.049962907965504226,3.0
1680488820000.0,132627,1680488820000.0,0.04069215817095497,-0.002908992,1161.2406380394857,1161.4002445139986,-13.9,1.0464,41.7,1.0434725066064061,long_nclose,43.512803525487136,0.03747096174566324,45.0
1680489300000.0,132635,1680489300000.0,0.030445931293376385,-0.0021765120000000002,1161.268907458779,1161.3980980019985,-10.4,1.0464,31.3,1.0434725066064061,long_nclose,32.66068945678051,0.02812500123528869,8.0
1680489900000.0,132645,1680489900000.0,0.09492593129337622,-0.002189408,1161.3616439820723,1161.5607685939985,-10.4,1.0526,20.9,1.0434725066064061,long_nclose,21.808575388073887,0.018778453293236658,10.0
1680490200000.0,132650,1680490200000.0,0.06297970441579769,-0.001452588,1161.4231710984882,1161.5593560059986,-6.9,1.0526,14.0,1.0434725066064061,long_nclose,14.608615092489686,0.012578201861318713,5.0
1680490800000.0,132660,1680490800000.0,0.04198646961053178,-0.0009683919999999999,1161.4641891760987,1161.5518676139984,-4.6,1.0526,9.4,1.0434725066064061,long_nclose,9.808641562100219,0.008445065851800493,10.0
1680491460000.0,132671,1680491460000.0,0.0720392189498911,-0.000995272,1161.5352331230486,1161.6082123419985,-4.7,1.0588,4.7,1.0434725066064061,long_nclose,4.904320781050109,0.004222274659601793,11.0
1680491700000.0,132675,1680491700000.0,0.03525323480526585,-0.000487048,1161.5699993098538,1161.6123052939984,-2.3,1.0588,2.4,1.0434725066064061,long_nclose,2.5043340158553744,0.0021559906138616898,4.0
1680491940000.0,132679,1680491940000.0,0.018392992072312618,-0.00025411199999999997,1161.588138189926,1161.6079711819982,-1.2,1.0588,1.2,1.0434725066064061,long_nclose,1.2521670079276872,0.0010779784734018618,4.0
1680492540000.0,132689,1680492540000.0,0.0258329920723126,-0.0002556,1161.6137155819983,1161.6137155819983,-1.2,1.065,0.0,1.0434725066064061,long_nclose,0.0,0.0,10.0
1680502020000.0,132847,1680502020000.0,0.0,-0.011611894,1161.6021036879984,1161.5578636879984,55.3,1.0499,55.3,1.0499,long_ientry_normal,58.05947,0.04998223558279173,158.0
1680505020000.0,132897,1680505020000.0,0.04001999999999866,-0.0029057280000000002,1161.6392179599982,1161.763717959998,-13.8,1.0528,41.5,1.0499,long_nclose,43.57085,0.03750807421646502,50.0
1680506580000.0,132923,1680506580000.0,0.029869999999998998,-0.002168768,1161.6669191919982,1161.7823591919982,-10.3,1.0528,31.2,1.0499,long_nclose,32.75688,0.02819816890609588,26.0
1680507120000.0,132932,1680507120000.0,0.0956799999999987,-0.0022029280000000003,1161.760396263998,1161.955916263998,-10.4,1.0591,20.8,1.0499,long_nclose,21.83792,0.01879726669133035,9.0
1680507900000.0,132945,1680507900000.0,0.06347999999999913,-0.001461558,1161.822414705998,1161.955854705998,-6.9,1.0591,13.9,1.0499,long_nclose,14.593610000000002,0.012560964408397088,13.0
1680508440000.0,132954,1680508440000.0,0.04231999999999942,-0.0009743719999999998,1161.863760333998,1161.953970333998,-4.6,1.0591,9.3,1.0499,long_nclose,9.764070000000002,0.008403799424119356,9.0
1680508860000.0,132961,1680508860000.0,0.02851999999999961,-0.000656642,1161.8916236919981,1161.9579636919982,-3.1,1.0591,6.2,1.0499,long_nclose,6.50938,0.0056023985949016095,7.0
1680509220000.0,132967,1680509220000.0,0.04773999999999956,-0.000660486,1161.938703205998,1161.987683205998,-3.1,1.0653,3.1,1.0499,long_nclose,3.25469,0.002801085798260893,6.0
1680509520000.0,132972,1680509520000.0,0.023099999999999787,-0.00031959,1161.9614836159983,1161.9861236159984,-1.5,1.0653,1.6,1.0499,long_nclose,1.6798400000000002,0.001445693358761235,5.0
1680509580000.0,132973,1680509580000.0,0.012319999999999887,-0.00017044800000000002,1161.9736331679983,1161.9856331679982,-0.8,1.0653,0.8,1.0499,long_nclose,0.8399200000000001,0.0007228391213233014,1.0
1680509700000.0,132975,1680509700000.0,0.006159999999999943,-8.522400000000001e-05,1161.9797079439982,1161.9857479439981,-0.4,1.0653,0.4,1.0499,long_nclose,0.41996000000000006,0.0003614176711769567,2.0
1680509820000.0,132977,1680509820000.0,0.0030799999999999716,-4.2612000000000005e-05,1161.982745331998,1161.9859653319982,-0.2,1.0653,0.2,1.0499,long_nclose,0.20998000000000003,0.0001807083632210091,2.0
1680511920000.0,133012,1680511920000.0,0.0043400000000000105,-4.286400000000001e-05,1161.987042467998,1161.987042467998,-0.2,1.0716,0.0,1.0499,long_nclose,0.0,0.0,35.0
1680532680000.0,133358,1680532680000.0,0.0,-0.011628917999999999,1161.975413549998,1161.909533549998,54.9,1.0591,54.9,1.0591,long_ientry_normal,58.144589999999994,0.050039432265059816,346.0
1680543780000.0,133543,1680543780000.0,0.03973000000000171,-0.00290988,1162.0122336699978,1162.0946336699978,-13.7,1.062,41.2,1.0591,long_nclose,43.63492,0.037551170922002504,185.0
1680544080000.0,133548,1680544080000.0,0.0,-0.0028980980000000004,1162.0093355719978,1161.9187155719978,13.7,1.0577,54.9,1.0587506375227687,long_ientry_partial,58.125409999999995,0.05002146559466997,5.0
1680544320000.0,133552,1680544320000.0,0.04040626593807062,-0.002909058,1162.046832779936,1162.160106513998,-13.7,1.0617,41.2,1.0587506375227687,long_nclose,43.620526265938075,0.03753766632760038,4.0
1680544440000.0,133554,1680544440000.0,0.0,-0.0028980980000000004,1162.043934681936,1162.044568415998,13.7,1.0577,54.9,1.058488456574464,long_ientry_partial,58.111016265938076,0.05000758967159335,2.0
1680544860000.0,133561,1680544860000.0,0.039888144929840316,-0.0029082359999999994,1162.0809145908659,1162.204990179998,-13.7,1.0614,41.2,1.058488456574464,long_nclose,43.609724410867926,0.03752727014385363,7.0
1680545100000.0,133565,1680545100000.0,0.029988897283018637,-0.0021864840000000003,1162.1087170041487,1162.1523336959979,-10.3,1.0614,30.9,1.058488456574464,long_nclose,32.70729330815094,0.028144779253070667,4.0
1680545220000.0,133567,1680545220000.0,0.0,-0.005076960000000001,1162.1036400441487,1162.0682967359978,24.0,1.0577,54.9,1.058143776104753,long_ientry_partial,58.092093308150936,0.04998873706818782,2.0
1680546360000.0,133586,1680546360000.0,0.040500267364883456,-0.0029074139999999997,1162.1412328975136,1162.3165893219978,-13.7,1.0611,41.2,1.058143776104753,long_nclose,43.59552357551583,0.03751310283245101,19.0
1680546960000.0,133596,1680546960000.0,0.12681026736488307,-0.0029246759999999998,1162.2651184888784,1162.5884146459978,-13.7,1.0674,27.5,1.058143776104753,long_nclose,29.098953842880707,0.025036416717653692,10.0
1680547500000.0,133605,1680547500000.0,0.08423163744674715,-0.0019426679999999998,1162.347407458325,1162.5582019779977,-9.1,1.0674,18.4,1.058143776104753,long_nclose,19.469845480327454,0.016750452881296188,9.0
1680548100000.0,133615,1680548100000.0,0.14311725983627363,-0.0019756080000000002,1162.4885491101613,1162.6325863699976,-9.2,1.0737,9.2,1.058143776104753,long_nclose,9.734922740163727,0.008374209576185006,10.0
1680548220000.0,133617,1680548220000.0,0.07155862991813682,-0.0009878040000000001,1162.5591199360795,1162.6233185659976,-4.6,1.0737,4.6,1.058143776104753,long_nclose,4.867461370081863,0.004186850618271774,2.0
1680548400000.0,133620,1680548400000.0,0.03577931495906841,-0.0004939020000000001,1162.5944053490384,1162.6304146639975,-2.3,1.0737,2.3,1.058143776104753,long_nclose,2.4337306850409317,0.0020933617724663554,3.0
1680548700000.0,133625,1680548700000.0,0.01711184628477185,-0.00023621400000000008,1162.611280981323,1162.6297084499972,-1.1,1.0737,1.2,1.058143776104753,long_nclose,1.2697725313257036,0.0010921728974227132,5.0
1680552000000.0,133680,1680552000000.0,0.003702489558098776,-8.539200000000001e-05,1162.614898078881,1162.622543057997,-0.4,1.0674,0.8,1.058143776104753,long_nclose,0.8465150208838024,0.0007281129996549967,55.0
1680552600000.0,133690,1680552600000.0,0.0,-0.011460544,1162.6034375348809,1162.5219325139972,54.1,1.0592,54.9,1.0591846087592678,long_ientry_partial,58.1492350208838,0.050016396944585144,10.0
1680555600000.0,133740,1680555600000.0,0.0,-0.015960359999999996,1162.5874771748809,1159.9950921539971,78.0,1.0231,132.9,1.0380062830766275,long_rentry,137.9510350208838,0.11865862804243218,50.0
1680559680000.0,133808,1680559680000.0,0.09607140185596635,-0.006911576000000001,1162.676637000737,1163.2243605779972,-33.2,1.0409,99.7,1.0380062830766275,long_nclose,103.48922642273976,0.08900946585604624,68.0
1680559800000.0,133810,1680559800000.0,0.3019114018559658,-0.006952744,1162.9715956585928,1163.5896278339972,-33.2,1.0471,66.5,1.0380062830766275,long_nclose,69.02741782459573,0.05935434543911228,2.0
1680560400000.0,133820,1680560400000.0,0.5044314018559657,-0.0069932480000000005,1163.4690338124487,1163.981644585997,-33.2,1.0532,33.3,1.0380062830766275,long_nclose,34.56560922645169,0.029709092568787412,10.0
1680560580000.0,133823,1680560580000.0,0.25221570092798284,-0.0034966240000000003,1163.7177528893767,1163.969817961997,-16.6,1.0532,16.7,1.0380062830766275,long_nclose,17.33470492737968,0.014895970164878564,3.0
1680560880000.0,133828,1680560880000.0,0.12610785046399142,-0.0017483120000000001,1163.8421124278407,1163.970579649997,-8.3,1.0532,8.4,1.0380062830766275,long_nclose,8.719252777843671,0.00749178319355949,5.0
1680561000000.0,133830,1680561000000.0,0.06381361107816433,-0.0008846880000000001,1163.9050413509187,1163.978094961997,-4.2,1.0532,4.2,1.0380062830766275,long_nclose,4.359626388921836,0.0037456890674360463,2.0
1680561780000.0,133843,1680561780000.0,0.0,-0.010749952000000002,1163.8942913989188,1163.893965009997,51.2,1.0498,55.4,1.0489058914967841,long_ientry_partial,58.10938638892184,0.04992668734467153,13.0
1680562920000.0,133862,1680562920000.0,0.039938697344379694,-0.0029029680000000006,1163.931327128263,1164.080842041997,-13.8,1.0518,41.6,1.0489058914967841,long_nclose,43.634485086266224,0.03748888277964339,19.0
1680566640000.0,133924,1680566640000.0,0.030098728433445566,-0.0021877440000000006,1163.9592381126965,1164.0308142979968,-10.4,1.0518,31.2,1.0489058914967841,long_nclose,32.725863814699665,0.02811598786548837,62.0
1680566700000.0,133925,1680566700000.0,0.022574046325084172,-0.0016408080000000003,1163.9801713510217,1164.0666134899968,-7.8,1.0518,23.4,1.0489058914967841,long_nclose,24.54439786102475,0.021086611666705866,1.0
1680567540000.0,133939,1680567540000.0,0.07171404632508395,-0.0016506360000000002,1164.0502347613467,1164.195222853997,-7.8,1.0581,15.6,1.0489058914967841,long_nclose,16.362931907349832,0.014056894985038645,14.0
1680568200000.0,133950,1680568200000.0,0.04780936421672264,-0.0011004240000000002,1164.0969437015633,1164.2019224299968,-5.2,1.0581,10.4,1.0489058914967841,long_nclose,10.908621271566556,0.009370887305038036,11.0
1680568620000.0,133957,1680568620000.0,0.0,-0.009458999999999999,1164.0874847015632,1164.0261634299966,45.0,1.051,55.4,1.050606882158241,long_ientry_partial,58.203621271566554,0.049999353172745606,7.0
1680569040000.0,133964,1680569040000.0,0.03992502621627492,-0.0029076600000000003,1164.1245020677795,1164.2614957699966,-13.8,1.0535,41.6,1.050606882158241,long_nclose,43.70524629778283,0.037543446787823176,7.0
1680569220000.0,133967,1680569220000.0,0.03008842555429414,-0.0021912800000000007,1164.1523992133339,1164.2738644899966,-10.4,1.0535,31.2,1.050606882158241,long_nclose,32.77893472333712,0.028156910337072027,3.0
1680569640000.0,133974,1680569640000.0,0.022566319165720605,-0.00164346,1164.1733220724996,1164.2433610299968,-7.8,1.0535,23.4,1.050606882158241,long_nclose,24.58420104250284,0.021117303219710653,7.0
1680569760000.0,133976,1680569760000.0,0.0,-0.00672704,1164.1665950324996,1164.1005739899967,32.0,1.0511,55.4,1.0508917155686432,long_ientry_partial,58.21940104250283,0.05000951005717317,2.0
1680570600000.0,133990,1680570600000.0,0.04013432515272415,-0.0029084880000000003,1164.2038208696522,1164.3289655019967,-13.8,1.0538,41.6,1.0508917155686432,long_nclose,43.71709536765556,0.03755106673245514,14.0
1680571020000.0,133997,1680571020000.0,0.030246158086110954,-0.002191904,1164.2318751237383,1164.3600535979965,-10.4,1.0538,31.2,1.0508917155686432,long_nclose,32.78782152574167,0.028162621404139856,7.0
1680573120000.0,134032,1680573120000.0,0.09576615808611066,-0.002205008,1164.3254362738244,1164.5460885899965,-10.4,1.0601,20.8,1.0508917155686432,long_nclose,21.85854768382778,0.018773572235767182,35.0
1680573600000.0,134040,1680573600000.0,0.1602461580861105,-0.002217904,1164.4834645279104,1164.6468306859965,-10.4,1.0663,10.4,1.0508917155686432,long_nclose,10.92927384191389,0.009385512267745848,8.0
1680574020000.0,134047,1680574020000.0,0.08012307904305525,-0.001108952,1164.5624786549533,1164.6353217339963,-5.2,1.0663,5.2,1.0508917155686432,long_nclose,5.464636920956945,0.004692437736160358,7.0
1680574500000.0,134055,1680574500000.0,0.04006153952152763,-0.000554476,1164.601985718475,1164.6423072579964,-2.6,1.0663,2.6,1.0508917155686432,long_nclose,2.7323184604784725,0.0023461392767528473,8.0
1680576600000.0,134090,1680576600000.0,0.020030769760763813,-0.000277238,1164.6217392502356,1164.6408600199964,-1.3,1.0663,1.3,1.0508917155686432,long_nclose,1.3661592302392362,0.0011730497415570718,35.0
1680576900000.0,134095,1680576900000.0,0.009244970658814066,-0.000127956,1164.6308562648944,1164.6422720639964,-0.6,1.0663,0.7,1.0508917155686432,long_nclose,0.7356242008980503,0.0006316372238816358,5.0
1680577440000.0,134104,1680577440000.0,0.015195799101949724,-0.000150164,1164.6459018999965,1164.6459018999965,-0.7,1.0726,0.0,1.0508917155686432,long_nclose,0.0,0.0,9.0
1680645240000.0,135234,1680645240000.0,0.0,-0.011649736,1164.6342521639965,1164.6927721639966,53.2,1.0949,53.2,1.0949,long_ientry_normal,58.24868,0.05001456885865124,1130.0
1680645300000.0,135235,1680645300000.0,0.03990000000000152,-0.0029204140000000005,1164.6712317499964,1164.8308317499964,-13.3,1.0979,39.9,1.0949,long_nclose,43.68651,0.03750973563102275,1.0
1680646500000.0,135255,1680646500000.0,0.02970000000000113,-0.002173842,1164.6987579079964,1164.7917579079965,-9.9,1.0979,30.0,1.0949,long_nclose,32.847,0.028202142207998045,20.0
1680647040000.0,135264,1680647040000.0,0.0,-0.0050808,1164.6936771079963,1164.6753971079963,23.2,1.095,53.2,1.0949436090225564,long_ientry_partial,58.251000000000005,0.05001400895782374,9.0
1680647820000.0,135277,1680647820000.0,0.040650000000001234,-0.0029206800000000006,1164.7314064279963,1164.8493664279963,-13.3,1.098,39.9,1.0949436090225564,long_nclose,43.68825,0.03750929163486999,13.0
1680647880000.0,135278,1680647880000.0,0.030258270676692647,-0.0021740400000000003,1164.759490658673,1164.8721823879964,-9.9,1.098,30.0,1.0949436090225564,long_nclose,32.84830827067669,0.0282017949062608,1.0
1680648240000.0,135284,1680648240000.0,0.02292293233082776,-0.0016470000000000002,1164.7807665910038,1164.8562853879964,-7.5,1.098,22.5,1.0949436090225564,long_nclose,24.63623120300752,0.02115095982835556,6.0
1680648360000.0,135286,1680648360000.0,0.017115789473684726,-0.00122976,1164.7966526204777,1164.8499956279966,-5.6,1.098,16.9,1.0949436090225564,long_nclose,18.504546992481202,0.015886504267376603,2.0
1680648960000.0,135296,1680648960000.0,0.012836842105263547,-0.00092232,1164.8085671425831,1164.8499233079967,-4.2,1.098,12.7,1.0949436090225564,long_nclose,13.905783834586465,0.01193825683193509,10.0
1680649200000.0,135300,1680649200000.0,0.009474812030075474,-0.0006807600000000001,1164.817361194613,1164.8572625479965,-3.1,1.098,9.6,1.0949436090225564,long_nclose,10.511458646616541,0.009024126010481335,4.0
1680650100000.0,135315,1680650100000.0,0.007335338345864883,-0.0005270400000000001,1164.824169492959,1164.8447355079966,-2.4,1.098,7.2,1.0949436090225564,long_nclose,7.883593984962406,0.0067680549489233955,15.0
1680650160000.0,135316,1680650160000.0,0.0055015037593986625,-0.00039528,1164.8292757167185,1164.8468602279968,-1.8,1.098,5.4,1.0949436090225564,long_nclose,5.912695488721805,0.005076018960017748,1.0
1680650340000.0,135319,1680650340000.0,0.0,-0.010469156,1164.8188065607185,1164.7238910719966,47.8,1.0951,53.2,1.0950841257278534,long_ientry_partial,58.25847548872181,0.05001505398143224,3.0
1680654720000.0,135392,1680654720000.0,0.04011112781955069,-0.0029209460000000007,1164.855996742538,1165.0601201259967,-13.3,1.0981,39.9,1.0950841257278534,long_nclose,43.693856616541346,0.03751009286875721,73.0
1680655320000.0,135402,1680655320000.0,0.12656112781955003,-0.0029382360000000003,1164.9796196343575,1165.2114618899966,-13.3,1.1046,26.6,1.0950841257278534,long_nclose,29.129237744360903,0.02500407496699681,10.0
1680656100000.0,135415,1680656100000.0,0.08373969359489025,-0.0019440960000000002,1165.0614152319524,1165.2557177939966,-8.8,1.1046,17.8,1.0950841257278534,long_nclose,19.49249743795579,0.01673087545696037,13.0
1680656520000.0,135422,1680656520000.0,0.056143658205665053,-0.0013034280000000001,1165.116255462158,1165.2354443659965,-5.9,1.1046,11.9,1.0950841257278534,long_nclose,13.031501096161456,0.011184721726324509,7.0
1680657360000.0,135436,1680657360000.0,0.0950836582056647,-0.0013112160000000002,1165.2100279043636,1165.2953231499964,-5.9,1.1112,6.0,1.0950841257278534,long_nclose,6.5705047543671204,0.005638901654652087,14.0
1680657960000.0,135446,1680657960000.0,0.04834762281643967,-0.00066672,1165.25770880718,1165.3069564299965,-3.0,1.1112,3.0,1.0950841257278534,long_nclose,3.2852523771835602,0.0028193354588887634,10.0
1680658080000.0,135448,1680658080000.0,0.024173811408219836,-0.00033336,1165.2815492585883,1165.3058730699966,-1.5,1.1112,1.5,1.0950841257278534,long_nclose,1.6426261885917801,0.0014096388891053006,2.0
1680658200000.0,135450,1680658200000.0,0.01128111199050259,-0.000155568,1165.2926748025786,1165.3056475019964,-0.7,1.1112,0.8,1.0950841257278534,long_nclose,0.8760673005822828,0.0007518002296982637,2.0
1680660660000.0,135491,1680660660000.0,0.01809269941771721,-0.000178832,1165.3105886699964,1165.3105886699964,-0.8,1.1177,0.0,1.0950841257278534,long_nclose,0.0,0.0,41.0
1680690120000.0,135982,1680690120000.0,0.0,-0.011647744000000002,1165.2989409259965,1165.3252409259965,52.6,1.1072,52.6,1.1072,long_ientry_normal,58.23872,0.04997749328916494,491.0
1680691800000.0,136010,1680691800000.0,0.040610000000001346,-0.002908986,1165.3366419399965,1165.4590919399966,-13.1,1.1103,39.5,1.1072,long_nclose,43.7344,0.03752941289754098,28.0
1680691860000.0,136011,1680691860000.0,0.030380000000001007,-0.0021761880000000003,1165.3648457519964,1165.4539457519963,-9.8,1.1103,29.7,1.1072,long_nclose,32.88384,0.02821763512076807,1.0
1680692940000.0,136029,1680692940000.0,0.0,-0.005070976,1165.3597747759964,1165.3439947759964,22.9,1.1072,52.6,1.1072,long_ientry_partial,58.23872,0.04997488437525189,18.0
1680693780000.0,136043,1680693780000.0,0.040610000000001346,-0.002908986,1165.3974757899964,1165.5278257899963,-13.1,1.1103,39.5,1.1072,long_nclose,43.7344,0.037527453858910625,14.0
1680694380000.0,136053,1680694380000.0,0.030380000000001007,-0.0021761880000000003,1165.4256796019963,1165.5118096019962,-9.8,1.1103,29.7,1.1072,long_nclose,32.88384,0.028216162193397124,10.0
1680694500000.0,136055,1680694500000.0,0.022940000000000762,-0.0016432440000000003,1165.4469763579964,1165.5183363579963,-7.4,1.1103,22.3,1.1072,long_nclose,24.69056,0.021185485483996548,2.0
1680694680000.0,136058,1680694680000.0,0.017050000000000565,-0.00122133,1165.4628050279964,1165.5182450279965,-5.5,1.1103,16.8,1.1072,long_nclose,18.60096,0.015960148980947678,3.0
1680694800000.0,136060,1680694800000.0,0.013020000000000432,-0.0009326520000000001,1165.4748923759964,1165.5076523759965,-4.2,1.1103,12.6,1.1072,long_nclose,13.950719999999999,0.011969987591546782,2.0
1680694860000.0,136061,1680694860000.0,0.009610000000000318,-0.000688386,1165.4838139899964,1165.5170639899964,-3.1,1.1103,9.5,1.1072,long_nclose,10.5184,0.00902492155939137,1.0
1680695460000.0,136071,1680695460000.0,0.007130000000000236,-0.0005107380000000001,1165.4904332519964,1165.5221132519964,-2.3,1.1103,7.2,1.1072,long_nclose,7.97184,0.0068399017036602046,10.0
1680697140000.0,136099,1680697140000.0,0.0,-0.010055192,1165.4803780599964,1165.4712980599963,45.4,1.1074,52.6,1.1073726235741443,long_ientry_partial,58.24779999999999,0.049977503779992015,28.0
1680698880000.0,136128,1680698880000.0,0.039658631178709804,-0.002909248,1165.5171274431752,1165.8342088119966,-13.1,1.1104,39.5,1.1073726235741443,long_nclose,43.741218631178704,0.037529451606717217,29.0
1680700140000.0,136149,1680700140000.0,0.02966828897338596,-0.0021763840000000004,1165.5446193481487,1165.6493824279967,-9.8,1.1104,29.7,1.1073726235741443,long_nclose,32.888966920152086,0.0282176815663615,21.0
1680700320000.0,136152,1680700320000.0,0.022402585551332257,-0.001643392,1165.5653785417,1165.6239690359967,-7.4,1.1104,22.3,1.1073726235741443,long_nclose,24.69440950570342,0.02118663608265363,3.0
1680700380000.0,136153,1680700380000.0,0.016650570342206406,-0.0012214400000000003,1165.580807672042,1165.6383875959964,-5.5,1.1104,16.8,1.1073726235741443,long_nclose,18.603860076045624,0.015961021281057475,1.0
1680700860000.0,136161,1680700860000.0,0.0,-0.007928983999999998,1165.572878688042,1165.5102186119964,35.8,1.1074,52.6,1.107391256198586,long_ientry_partial,58.24878007604562,0.04997437838602585,8.0
1680744660000.0,136891,1680744660000.0,0.0,-0.015981318,1165.556897370042,1163.3706572939964,74.7,1.0697,127.3,1.085273920471686,long_rentry,138.1553700760456,0.11853163958600292,730.0
1680752580000.0,137023,1680752580000.0,0.09622932900038932,-0.006921588,1165.6462051110423,1165.9447457059962,-31.8,1.0883,95.5,1.085273920471686,long_nclose,103.64365940504601,0.0889151948083361,132.0
1680753360000.0,137036,1680753360000.0,0.07202069277387628,-0.005180308000000001,1165.713045495816,1165.9658653979961,-23.8,1.0883,71.7,1.085273920471686,long_nclose,77.81414009781989,0.06675239708304284,13.0
1680755640000.0,137074,1680755640000.0,0.05416682355682292,-0.0038961140000000004,1165.7633162053728,1165.942259283996,-17.9,1.0883,53.8,1.085273920471686,long_nclose,58.3877369213767,0.05008541280183028,38.0
1680756540000.0,137089,1680756540000.0,0.040549465679409334,-0.0029166440000000004,1165.8009490270522,1165.890882639996,-13.4,1.0883,40.4,1.085273920471686,long_nclose,43.84506638705611,0.037609393287634636,15.0
1680756600000.0,137090,1680756600000.0,0.0,-0.0028895580000000004,1165.798059469052,1165.834143081996,13.3,1.0863,53.7,1.0855280519004862,long_ientry_partial,58.29285638705611,0.05000253338353029,1.0
1680756900000.0,137095,1680756900000.0,0.039824104533485505,-0.00291718,1165.8349663935855,1165.962795901996,-13.4,1.0885,40.3,1.0855280519004862,long_nclose,43.74678049158959,0.03752399074709232,5.0
1680757260000.0,137101,1680757260000.0,0.0,-0.002911016,1165.8320553775854,1165.832284885996,13.4,1.0862,53.7,1.0856957261003648,long_ientry_partial,58.30186049158959,0.05000879862812401,6.0
1680763260000.0,137201,1680763260000.0,0.0402572702551117,-0.0029177160000000003,1165.8693949318406,1165.9783771699958,-13.4,1.0887,40.3,1.0856957261003648,long_nclose,43.7535377618447,0.03752867855700306,100.0
1680763320000.0,137202,1680763320000.0,0.030042738996352014,-0.0021774000000000003,1165.897260270837,1165.988289769996,-10.0,1.0887,30.3,1.0856957261003648,long_nclose,32.896580500841054,0.028215676991297848,1.0
1680763380000.0,137203,1680763380000.0,0.02253205424726401,-0.00163305,1165.9181592750842,1165.9934967199958,-7.5,1.0887,22.8,1.0856957261003648,long_nclose,24.75386255508832,0.02123121795313589,1.0
1680763920000.0,137212,1680763920000.0,0.01712436122792065,-0.001241118,1165.934042518312,1165.9939656019958,-5.7,1.0887,17.1,1.0856957261003648,long_nclose,18.56539691631624,0.015923196543962865,9.0
1680766380000.0,137253,1680766380000.0,0.012617950378467847,-0.0009145080000000001,1165.9457459606904,1165.9728910939957,-4.2,1.0887,12.9,1.0856957261003648,long_nclose,14.005474866694707,0.012012115413787786,41.0
1680766620000.0,137257,1680766620000.0,0.0,-0.008860128,1165.9368858326905,1165.9328609659958,40.8,1.0858,53.7,1.0857749509626573,long_ientry_partial,58.3061148666947,0.05000795118086821,4.0
1680773280000.0,137368,1680773280000.0,0.040535657100391996,-0.002917984,1165.9745035057908,1166.0923829819958,-13.4,1.0888,40.3,1.0857749509626573,long_nclose,43.756730523795085,0.03752803375393685,111.0
1680773340000.0,137369,1680773340000.0,0.030250490373426864,-0.0021776,1166.0025763961642,1166.1033253819955,-10.0,1.0888,30.3,1.0857749509626573,long_nclose,32.89898101416852,0.028215187238995153,1.0
1680774000000.0,137380,1680774000000.0,0.022687867780070148,-0.0016332000000000002,1166.0236310639443,1166.0926021819957,-7.5,1.0888,22.8,1.0857749509626573,long_nclose,24.755668881948587,0.021230846633322645,11.0
1680774060000.0,137381,1680774060000.0,0.01724277951285331,-0.001241232,1166.0396326114571,1166.0537409499957,-5.7,1.0888,17.1,1.0857749509626573,long_nclose,18.566751661461442,0.015922916462006893,1.0
1680774420000.0,137387,1680774420000.0,0.0,-0.007955092000000002,1166.0316775194572,1166.0463258579957,36.7,1.0838,53.8,1.0844277260494695,long_ientry_partial,58.342211661461455,0.05003484278023649,6.0
1680784200000.0,137550,1680784200000.0,0.03982847093710813,-0.002914232,1166.0685917583944,1166.1280716259957,-13.4,1.0874,40.4,1.0844277260494695,long_nclose,43.810880132398566,0.03757144343141354,163.0
1680784680000.0,137558,1680784680000.0,0.030019966900357617,-0.0021965479999999996,1166.0964151772948,1166.201625077996,-10.1,1.0874,30.3,1.0844277260494695,long_nclose,32.85816009929893,0.028177910223918433,8.0
1680784800000.0,137560,1680784800000.0,0.02229205462897843,-0.0016311000000000001,1166.1170761319238,1166.196243977996,-7.5,1.0874,22.8,1.0844277260494695,long_nclose,24.724952153927905,0.021202804298125853,2.0
1680784920000.0,137562,1680784920000.0,0.01694196151802361,-0.0012396360000000001,1166.1327784574419,1166.190444341996,-5.7,1.0874,17.1,1.0844277260494695,long_nclose,18.54371411544593,0.01590188909703363,2.0
1680787860000.0,137611,1680787860000.0,0.0,-0.007959104,1166.1248193534418,1166.0514852379958,36.8,1.0814,53.9,1.0823605587281246,long_ientry_partial,58.33923411544592,0.050028292981356935,49.0
1680793500000.0,137705,1680793500000.0,0.0407285130431287,-0.002908872,1166.162638994485,1166.301936365996,-13.4,1.0854,40.5,1.0823605587281246,long_nclose,43.83560262848905,0.03758961328609015,94.0
1680798300000.0,137785,1680798300000.0,0.1274324571703187,-0.0029478600000000005,1166.2871235916552,1166.555488505996,-13.5,1.0918,27.0,1.0823605587281246,long_nclose,29.223735085659364,0.025057067418924266,80.0
1680798420000.0,137787,1680798420000.0,0.08495497144687914,-0.00196524,1166.3701133231023,1166.541823265996,-9.0,1.0918,18.0,1.0823605587281246,long_nclose,19.482490057106244,0.016703523036610334,2.0
1680798660000.0,137791,1680798660000.0,0.05663664763125276,-0.00131016,1166.4254398107335,1166.541113105996,-6.0,1.0918,12.0,1.0823605587281246,long_nclose,12.988326704737496,0.011135153831045564,4.0
1680803280000.0,137868,1680803280000.0,0.0,-0.009061404,1166.4163784067334,1166.386431701996,41.8,1.0839,53.8,1.0835566301995816,long_ientry_partial,58.29534670473749,0.04997816198737369,77.0
1680827820000.0,138277,1680827820000.0,0.04078115532560678,-0.002912088,1166.4542474740592,1166.601439613996,-13.4,1.0866,40.4,1.0835566301995816,long_nclose,43.775687860063094,0.03752885117856851,409.0
1680828060000.0,138281,1680828060000.0,0.030738034984226004,-0.002194932,1166.4827905770435,1166.602274681996,-10.1,1.0866,30.3,1.0835566301995816,long_nclose,32.831765895047326,0.028145949653321407,4.0
1680828420000.0,138287,1680828420000.0,0.02282527350313812,-0.0016299,1166.5039859505466,1166.6052947819962,-7.5,1.0866,22.8,1.0835566301995816,long_nclose,24.70509116855046,0.021178745607473494,6.0
1680829440000.0,138304,1680829440000.0,0.017347207862384972,-0.001238724,1166.5200944344092,1166.5789760579964,-5.7,1.0866,17.1,1.0835566301995816,long_nclose,18.528818376412847,0.01588383986252427,17.0
1680829740000.0,138309,1680829740000.0,0.012782153161757348,-0.0009127440000000001,1166.5319638435708,1166.599603313996,-4.2,1.0866,12.9,1.0835566301995816,long_nclose,13.977880529574604,0.011982423939348657,5.0
1680830280000.0,138318,1680830280000.0,0.009738783361338932,-0.000695424,1166.5410072029322,1166.5714978899962,-3.2,1.0866,9.7,1.0835566301995816,long_nclose,10.510499312935941,0.009009969857928474,9.0
1680831120000.0,138332,1680831120000.0,0.007304087521004199,-0.000521568,1166.5477897224532,1166.5707363219963,-2.4,1.0866,7.3,1.0835566301995816,long_nclose,7.909963400456945,0.006780659541036802,14.0
1680834600000.0,138390,1680834600000.0,0.0,-0.010088134000000002,1166.5377015884533,1166.4800681879963,46.7,1.0801,54.0,1.0805672851936472,long_ientry_partial,58.35063340045695,0.05002035795414237,58.0
1681020180000.0,141483,1681020180000.0,0.0,-0.016011892,1166.5216896964532,1164.3794162959962,76.7,1.0438,130.7,1.0589907681748811,long_rentry,138.41009340045696,0.11865196731701867,3093.0
1681146180000.0,143583,1681146180000.0,0.09484095749887711,-0.006923588000000001,1166.609607065952,1167.1304427079963,-32.6,1.0619,98.1,1.0589907681748811,long_nclose,103.88699435795583,0.08905035045891128,2100.0
1681146600000.0,143590,1681146600000.0,0.30114188068138814,-0.006986028000000001,1166.9037629186334,1167.5387466799962,-32.7,1.0682,65.4,1.0589907681748811,long_nclose,69.25799623863723,0.05935193495769582,7.0
1681146900000.0,143595,1681146900000.0,0.047420478749438555,-0.0034617940000000007,1166.947721603383,1167.1347548859962,-16.3,1.0619,49.1,1.0589907681748811,long_nclose,51.99644671738667,0.04455764877448297,5.0
1681147200000.0,143600,1681147200000.0,0.15011047874943811,-0.0034823320000000003,1167.0943497501323,1167.4062525539962,-16.3,1.0682,32.8,1.0589907681748811,long_nclose,34.734897196136096,0.029761858759381896,5.0
1681147860000.0,143611,1681147860000.0,0.10038062689379604,-0.002328676,1167.1924017010263,1167.3853238779964,-10.9,1.0682,21.9,1.0589907681748811,long_nclose,23.191897823029894,0.01986981562699587,11.0
1681148100000.0,143615,1681148100000.0,0.06722739232336798,-0.0015595720000000002,1167.2580695213496,1167.3764643059963,-7.3,1.0682,14.6,1.0589907681748811,long_nclose,15.461265215353265,0.013245798524822683,4.0
1681149960000.0,143646,1681149960000.0,0.04420431276057073,-0.0010254720000000001,1167.30124836211,1167.3944388339962,-4.8,1.0682,9.8,1.0589907681748811,long_nclose,10.378109528113836,0.008890686566707438,31.0
1681150140000.0,143649,1681150140000.0,0.02946954184038049,-0.0006836480000000001,1167.3300342559505,1167.3881751859963,-3.2,1.0682,6.6,1.0589907681748811,long_nclose,6.989339069954215,0.005987457586841907,3.0
1681150320000.0,143652,1681150320000.0,0.020260310015261587,-0.0004700080000000001,1167.3498245579658,1167.3890251779962,-2.2,1.0682,4.4,1.0589907681748811,long_nclose,4.659559379969477,0.003991570720228521,3.0
1681150500000.0,143655,1681150500000.0,0.012892924555166461,-0.000299096,1167.362418386521,1167.3915460819965,-1.4,1.0682,3.0,1.0589907681748811,long_nclose,3.1769723045246434,0.002721496130495378,3.0
1681151400000.0,143670,1681151400000.0,0.009209231825118902,-0.00021364000000000002,1167.371413978346,1167.3912324419962,-1.0,1.0682,2.0,1.0589907681748811,long_nclose,2.1179815363497623,0.0018143167726985727,15.0
1681154100000.0,143715,1681154100000.0,0.005525539095071341,-0.00012818400000000002,1167.376811333441,1167.3918042579962,-0.6,1.0682,1.4,1.0589907681748811,long_nclose,1.4825870754448336,0.0012700158689560933,45.0
1681154400000.0,143720,1681154400000.0,0.003683692730047561,-8.545600000000002e-05,1167.380409570171,1167.3888188019962,-0.4,1.0682,1.0,1.0589907681748811,long_nclose,1.0589907681748811,0.0009071513959745146,5.0
1681155540000.0,143739,1681155540000.0,0.0027627695475356704,-6.409200000000001e-05,1167.3831082477186,1167.3898347099962,-0.3,1.0682,0.7,1.0589907681748811,long_nclose,0.7412935377224168,0.0006350045092181635,19.0
1681155720000.0,143742,1681155720000.0,0.0018418463650237806,-4.272800000000001e-05,1167.3849073660838,1167.3896619819964,-0.2,1.0682,0.5,1.0589907681748811,long_nclose,0.5294953840874406,0.000453573950413764,3.0
1681156080000.0,143748,1681156080000.0,0.0009209231825118903,-2.1364000000000004e-05,1167.3858069252663,1167.3898906179963,-0.1,1.0682,0.4,1.0589907681748811,long_nclose,0.42359630726995245,0.0003628588807205451,6.0
1681157520000.0,143772,1681157520000.0,0.0009209231825118903,-2.1364000000000004e-05,1167.3867064844487,1167.3893492539962,-0.1,1.0682,0.3,1.0589907681748811,long_nclose,0.31769723045246434,0.0002721439508328824,24.0
1681164120000.0,143882,1681164120000.0,0.0009209231825118903,-2.1364000000000004e-05,1167.3876060436312,1167.3896678899962,-0.1,1.0682,0.2,1.0589907681748811,long_nclose,0.21179815363497623,0.0001814291607504528,110.0
1681164780000.0,143893,1681164780000.0,0.0009209231825118903,-2.1364000000000004e-05,1167.3885056028137,1167.389476525996,-0.1,1.0682,0.1,1.0589907681748811,long_nclose,0.10589907681748811,9.071451047293306e-05,11.0
1681166400000.0,143920,1681166400000.0,0.0015509231825118876,-2.1490000000000003e-05,1167.390035035996,1167.390035035996,-0.1,1.0745,0.0,1.0589907681748811,long_nclose,0.0,0.0,27.0
1681205940000.0,144579,1681205940000.0,0.0,-0.011666270000000001,1167.3783687659961,1167.4819187659962,54.5,1.0703,54.5,1.0703,long_ientry_normal,58.33135,0.049967818113385534,659.0
1681206000000.0,144580,1681206000000.0,0.040799999999998525,-0.002919376,1167.4162493899962,1167.4857793899962,-13.6,1.0733,40.9,1.0703,long_nclose,43.77527,0.03749756783227376,1.0
1681206060000.0,144581,1681206060000.0,0.030599999999998892,-0.002189532,1167.4446598579962,1167.5797398579962,-10.2,1.0733,30.7,1.0703,long_nclose,32.85821,0.028145411195762166,1.0
1681206300000.0,144585,1681206300000.0,0.022799999999999175,-0.001631416,1167.465828441996,1167.530508441996,-7.6,1.0733,23.1,1.0703,long_nclose,24.723930000000003,0.021177433546808414,4.0
1681206360000.0,144586,1681206360000.0,0.017099999999999383,-0.0012235619999999999,1167.4817048799962,1167.5495648799963,-5.7,1.0733,17.4,1.0703,long_nclose,18.62322,0.015951616134245335,1.0
1681211880000.0,144678,1681211880000.0,0.012899999999999533,-0.0009230379999999999,1167.493681841996,1167.539531841996,-4.3,1.0733,13.1,1.0703,long_nclose,14.02093,0.01200942687576577,92.0
1681215060000.0,144731,1681215060000.0,0.009599999999999654,-0.000686912,1167.5025949299961,1167.5402149299962,-3.2,1.0733,9.9,1.0703,long_nclose,10.595970000000001,0.009075757129803502,53.0
1681215660000.0,144741,1681215660000.0,0.0,-0.009552428000000002,1167.4930425019961,1167.439032501996,44.6,1.0709,54.5,1.070791009174312,long_ientry_partial,58.35811,0.04998583107179436,10.0
1681221540000.0,144839,1681221540000.0,0.04092227522935765,-0.002920736,1167.5310440412254,1167.658201765996,-13.6,1.0738,40.9,1.070791009174312,long_nclose,43.79535227522936,0.03751108160999182,98.0
1681221840000.0,144844,1681221840000.0,0.030691706422018235,-0.002190552,1167.5595451956474,1167.664201213996,-10.2,1.0738,30.7,1.070791009174312,long_nclose,32.873283981651376,0.028155552422932585,5.0
1681222200000.0,144850,1681222200000.0,0.022868330275229276,-0.0016321760000000002,1167.5807813499227,1167.6595290379962,-7.6,1.0738,23.1,1.070791009174312,long_nclose,24.73527231192661,0.021185062915585518,6.0
1681223100000.0,144865,1681223100000.0,0.017151247706421957,-0.0012241320000000002,1167.596708465629,1167.659504905996,-5.7,1.0738,17.4,1.070791009174312,long_nclose,18.63176355963303,0.01595736218211641,15.0
1681223760000.0,144876,1681223760000.0,0.0,-0.007946078,1167.588762387629,1167.536158827996,37.1,1.0709,54.5,1.0708652029290464,long_ientry_partial,58.36215355963303,0.049985196363389904,11.0
1681240500000.0,145155,1681240500000.0,0.03991324016497,-0.002920736,1167.6257548917938,1167.7662380919958,-13.6,1.0738,40.9,1.0708652029290464,long_nclose,43.798386799797996,0.03751063781892759,279.0
1681241700000.0,145175,1681241700000.0,0.029934930123727495,-0.002190552,1167.6534992699176,1167.7681575399959,-10.2,1.0738,30.7,1.0708652029290464,long_nclose,32.87556172992172,0.02815523762013077,20.0
1681242180000.0,145183,1681242180000.0,0.0,-0.005115078,1167.6483841919176,1167.6358124619958,23.9,1.0701,54.6,1.0705302514637678,long_ientry_partial,58.45095172992172,0.05005869277194544,8.0
1681265700000.0,145575,1681265700000.0,0.0,-0.016049232,1167.6323349599177,1165.180543229996,77.6,1.0341,132.2,1.0491460796514502,long_rentry,138.69711172992172,0.11878491848607711,392.0
1681309800000.0,146310,1681309800000.0,0.09747937150214336,-0.006943860000000001,1167.7228704714198,1168.105179369996,-33.0,1.0521,99.2,1.0491460796514502,long_nclose,104.07529110142387,0.08912670440325261,735.0
1681309920000.0,146312,1681309920000.0,0.07325722464403502,-0.005218416000000001,1167.790909280064,1168.174360953996,-24.8,1.0521,74.4,1.0491460796514502,long_nclose,78.0564683260679,0.06684113372160881,2.0
1681310040000.0,146314,1681310040000.0,0.054942918483026265,-0.003913812000000001,1167.8419383865469,1167.844947141996,-18.6,1.0521,55.8,1.0491460796514502,long_nclose,58.54235124455092,0.05012865981284348,2.0
1681310400000.0,146320,1681310400000.0,0.041059492844842206,-0.0029248380000000004,1167.8800730413918,1168.049932303996,-13.9,1.0521,41.9,1.0491460796514502,long_nclose,43.95922073739576,0.0376401839128201,6.0
1681310700000.0,146325,1681310700000.0,0.03072077162491791,-0.0021883680000000004,1167.9086054450167,1168.0741039359962,-10.4,1.0521,31.5,1.0491460796514502,long_nclose,33.04810150902068,0.02829682164763922,5.0
1681312320000.0,146352,1681312320000.0,0.0,-0.0051420319999999995,1167.9034634130167,1167.612751903996,24.8,1.0367,56.3,1.0436636147250566,long_ientry_partial,58.758261509020684,0.050310888998743766,27.0
1681335720000.0,146742,1681335720000.0,0.041109393849206644,-0.00293048,1167.9416423268658,1168.0912314239959,-14.0,1.0466,42.3,1.0436636147250566,long_nclose,44.146970902869896,0.037798952707017795,390.0
1681335840000.0,146744,1681335840000.0,0.030832045386904983,-0.0021978600000000003,1167.9702765122527,1168.066833563996,-10.5,1.0466,31.8,1.0436636147250566,long_nclose,33.188502948256804,0.028415537292064502,2.0
1681336800000.0,146760,1681336800000.0,0.02319744367205232,-0.0016536280000000003,1167.9918203279246,1168.0596099359957,-7.9,1.0466,23.9,1.0436636147250566,long_nclose,24.94356039192885,0.021355937565492294,16.0
1681337580000.0,146773,1681337580000.0,0.01732467312216566,-0.001234988,1168.0079100130467,1168.0589649479957,-5.9,1.0466,18.0,1.0436636147250566,long_nclose,18.78594506505102,0.016083748152733984,13.0
1681337880000.0,146778,1681337880000.0,0.013213733737244993,-0.00094194,1168.020181806784,1168.0598230079956,-4.5,1.0466,13.5,1.0436636147250566,long_nclose,14.089458798788264,0.012062684376731915,5.0
1681338180000.0,146783,1681338180000.0,0.009690071407312994,-0.0006907559999999999,1168.0291811221912,1168.0519922519957,-3.3,1.0466,10.2,1.0436636147250566,long_nclose,10.645368870195577,0.009113957974892352,5.0
1681338420000.0,146787,1681338420000.0,0.007340963187358329,-0.0005233,1168.0359987853785,1168.0593789519955,-2.5,1.0466,7.7,1.0436636147250566,long_nclose,8.036209833382935,0.006880104587306948,4.0
1681338900000.0,146795,1681338900000.0,0.00557913202239233,-0.000397708,1168.0411802094009,1168.0628512439955,-1.9,1.0466,5.8,1.0436636147250566,long_nclose,6.053248965405328,0.005182393453217232,8.0
1681339320000.0,146802,1681339320000.0,0.004110939384920664,-0.00029304799999999996,1168.0449981007857,1168.0543981959954,-1.4,1.0466,4.4,1.0436636147250566,long_nclose,4.592119904790249,0.00393145804507269,7.0
1681339380000.0,146803,1681339380000.0,0.003230023802437665,-0.00023025200000000004,1168.0479978725882,1168.0570279439955,-1.1,1.0466,3.3,1.0436636147250566,long_nclose,3.4440899285926867,0.002948585961249489,1.0
1681339440000.0,146804,1681339440000.0,0.0023491082199546655,-0.00016745600000000002,1168.050179524808,1168.0585204879953,-0.8,1.0466,2.5,1.0436636147250566,long_nclose,2.609159036812642,0.002233773071182706,1.0
1681340520000.0,146822,1681340520000.0,0.001761831164965999,-0.000125592,1168.051815763973,1168.0581548959956,-0.6,1.0466,1.9,1.0436636147250566,long_nclose,1.9829608679776076,0.0016976651559594015,18.0
1681341000000.0,146830,1681341000000.0,0.0011745541099773328,-8.372800000000001e-05,1168.052906590083,1168.0589611679954,-0.4,1.0466,1.5,1.0436636147250566,long_nclose,1.565495422087585,0.0013402607135816842,8.0
1681344540000.0,146889,1681344540000.0,0.0008809155824829995,-6.2796e-05,1168.0537247096654,1168.0578483719953,-0.3,1.0466,1.2,1.0436636147250566,long_nclose,1.252396337670068,0.0010722078198769213,59.0
1681347540000.0,146939,1681347540000.0,0.0,-0.011440062,1168.0422846476654,1168.0345583099954,54.9,1.0419,56.1,1.0419377243791457,long_ientry_partial,58.45270633767007,0.050043313590570966,50.0
1681353240000.0,147034,1681353240000.0,0.04007185869195995,-0.0029254399999999996,1168.0794310663575,1168.2041428699954,-14.0,1.0448,42.1,1.0419377243791457,long_nclose,43.86557819636204,0.037553591844620086,95.0
1681353540000.0,147039,1681353540000.0,0.030053894018969962,-0.00219408,1168.1072908803765,1168.2072187899955,-10.5,1.0448,31.6,1.0419377243791457,long_nclose,32.925232090381,0.028186821833434485,5.0
1681360680000.0,147158,1681360680000.0,0.02261197740474883,-0.0016507840000000002,1168.1282520737811,1168.2150480059954,-7.9,1.0448,23.7,1.0419377243791457,long_nclose,24.69392406778575,0.021139737031397505,119.0
1681361220000.0,147167,1681361220000.0,0.016887426163040266,-0.001232864,1168.1439066359442,1168.2037551419953,-5.9,1.0448,17.8,1.0419377243791457,long_nclose,18.546491493948793,0.015876889301558346,9.0
1681362240000.0,147184,1681362240000.0,0.012594012731758843,-0.0009194240000000001,1168.155581224676,1168.1992957179955,-4.4,1.0448,13.4,1.0419377243791457,long_nclose,13.961965506680553,0.011952145528460384,17.0
1681362600000.0,147190,1681362600000.0,0.00944550954881913,-0.000689568,1168.1643371662249,1168.1942561499955,-3.3,1.0448,10.1,1.0419377243791457,long_nclose,10.52357101622937,0.009008639179790258,6.0
1681364280000.0,147218,1681364280000.0,0.0,-0.009573822000000001,1168.1547633442249,1168.1308823279956,45.9,1.0429,56.0,1.0427264467183814,long_ientry_partial,58.39268101622936,0.04998711031153203,28.0
1681374600000.0,147390,1681374600000.0,0.040229745942661044,-0.00292768,1168.1920654101675,1168.3085546479956,-14.0,1.0456,42.0,1.0427264467183814,long_nclose,43.794510762172024,0.03748913561298261,172.0
1681374660000.0,147391,1681374660000.0,0.030172309456995783,-0.0021957600000000006,1168.2200419596245,1168.3798588879954,-10.5,1.0456,31.5,1.0427264467183814,long_nclose,32.84588307162902,0.028116178366989722,1.0
1681375320000.0,147402,1681375320000.0,0.09527230945699561,-0.0022087800000000005,1168.3131054890814,1168.4952501079954,-10.5,1.0518,21.0,1.0427264467183814,long_nclose,21.897255381086012,0.018742625823682208,11.0
1681375380000.0,147403,1681375380000.0,0.0635148729713304,-0.0014725200000000002,1168.3751478420527,1168.5021775879954,-7.0,1.0518,14.0,1.0427264467183814,long_nclose,14.59817025405734,0.012494420376040727,1.0
1681375440000.0,147404,1681375440000.0,0.04173834509544569,-0.0009676560000000001,1168.415918531148,1168.5040299319953,-4.6,1.0518,9.4,1.0427264467183814,long_nclose,9.801628599152785,0.008388818094394603,1.0
1681375800000.0,147410,1681375800000.0,0.028128015173017752,-0.0006521160000000001,1168.443394430321,1168.503707815995,-3.1,1.0518,6.3,1.0427264467183814,long_nclose,6.569176614325803,0.005622160770166047,6.0
1681377120000.0,147432,1681377120000.0,0.0473480151730177,-0.0006559600000000001,1168.490086485494,1168.5383218559953,-3.1,1.058,3.2,1.0427264467183814,long_nclose,3.336724629498821,0.0028555865968318116,22.0
1681377300000.0,147435,1681377300000.0,0.024437685250589782,-0.00033856,1168.5141856107446,1168.538303295995,-1.6,1.058,1.6,1.0427264467183814,long_nclose,1.6683623147494104,0.0014277638519873093,3.0
1681381500000.0,147505,1681381500000.0,0.012218842625294891,-0.00016928,1168.52623517337,1168.5387740159952,-0.8,1.058,0.8,1.0427264467183814,long_nclose,0.8341811573747052,0.0007138745646142389,70.0
1681381800000.0,147510,1681381800000.0,0.0061094213126474456,-8.464e-05,1168.5322599546826,1168.5389293759952,-0.4,1.058,0.4,1.0427264467183814,long_nclose,0.4170905786873526,0.0003569354419907312,5.0
1681385640000.0,147574,1681385640000.0,0.0030547106563237228,-4.232e-05,1168.5352723453389,1168.538327055995,-0.2,1.058,0.2,1.0427264467183814,long_nclose,0.2085452893436763,0.00017846726091982668,64.0
1681386840000.0,147594,1681386840000.0,0.0015273553281618614,-2.116e-05,1168.536778540667,1168.5382458959953,-0.1,1.058,0.1,1.0427264467183814,long_nclose,0.10427264467183815,8.923351544147336e-05,20.0
1681387500000.0,147605,1681387500000.0,0.0015273553281618614,-2.116e-05,1168.5382847359951,1168.5382847359951,-0.1,1.058,0.0,1.0427264467183814,long_nclose,0.0,0.0,11.0
1681477140000.0,149099,1681477140000.0,0.0,-0.01168926,1168.5265954759952,1168.4785354759952,53.4,1.0945,53.4,1.0945,long_ientry_normal,58.4463,0.0500170900912975,1494.0
1681477200000.0,149100,1681477200000.0,0.03989999999999856,-0.0029193500000000002,1168.5635761259953,1168.6678361259953,-13.3,1.0975,40.1,1.0945,long_nclose,43.889450000000004,0.03755846142791962,1.0
1681477260000.0,149101,1681477260000.0,0.029999999999998916,-0.002195,1168.5913811259952,1168.7238211259953,-10.0,1.0975,30.1,1.0945,long_nclose,32.94445,0.0281915907750889,1.0
1681478100000.0,149115,1681478100000.0,0.09500000000000064,-0.0022080000000000003,1168.6841731259951,1168.8912031259952,-10.0,1.104,20.1,1.0945,long_nclose,21.999450000000003,0.018824119044203277,14.0
1681479240000.0,149134,1681479240000.0,0.06365000000000043,-0.0014793600000000003,1168.746343765995,1168.868283765995,-6.7,1.104,13.4,1.0945,long_nclose,14.666300000000001,0.012548745138950757,19.0
1681479300000.0,149135,1681479300000.0,0.04180000000000028,-0.0009715200000000001,1168.7871722459952,1168.885272245995,-4.4,1.104,9.0,1.0945,long_nclose,9.8505,0.008427967241521676,1.0
1681481040000.0,149164,1681481040000.0,0.07245000000000001,-0.0009995400000000002,1168.858622705995,1168.933772705995,-4.5,1.1106,4.5,1.0945,long_nclose,4.92525,0.004213726026675218,29.0
1681482480000.0,149188,1681482480000.0,0.014250000000000096,-0.00033120000000000003,1168.872541505995,1168.901941505995,-1.5,1.104,3.0,1.0945,long_nclose,3.2835,0.0028091172334063757,24.0
1681484040000.0,149214,1681484040000.0,0.009500000000000064,-0.00022080000000000003,1168.8818207059949,1168.9010207059948,-1.0,1.104,2.0,1.0945,long_nclose,2.189,0.0018727299554354112,26.0
1681484640000.0,149224,1681484640000.0,0.0,-0.011248038,1168.8705726679948,1168.6982826679948,51.3,1.0963,53.3,1.0962324577861164,long_ientry_partial,58.429190000000006,0.04998773291608582,10.0
1681484880000.0,149228,1681484880000.0,0.04079831144465056,-0.002924138,1168.9084468414394,1169.0351485299948,-13.3,1.0993,40.0,1.0962324577861164,long_nclose,43.849298311444656,0.03751303057988146,4.0
1681485000000.0,149230,1681485000000.0,0.030675422138835007,-0.0021985999999999998,1168.9369236635782,1169.0289499299947,-10.0,1.0993,30.0,1.0962324577861164,long_nclose,32.886973733583496,0.02813408753528981,2.0
1681485060000.0,149231,1681485060000.0,0.023006566604126255,-0.00164895,1168.9582812801825,1169.0340509799948,-7.5,1.0993,22.5,1.0962324577861164,long_nclose,24.66523030018762,0.021100180130616413,1.0
1681485300000.0,149235,1681485300000.0,0.0171782363977476,-0.0012312159999999998,1168.9742283005803,1169.029449763995,-5.6,1.0993,16.9,1.0962324577861164,long_nclose,18.526328536585368,0.015848363537935638,4.0
1681485960000.0,149246,1681485960000.0,0.0,-0.007981792,1168.9662465085803,1169.022377971995,36.4,1.0964,53.3,1.0963468768590126,long_ientry_partial,58.43528853658537,0.04998885871265955,11.0
1681492620000.0,149357,1681492620000.0,0.04060653777513215,-0.002924404,1169.0039286423555,1169.146053567995,-13.3,1.0994,40.0,1.0963468768590126,long_nclose,43.8538750743605,0.03751388169010776,111.0
1681492980000.0,149363,1681492980000.0,0.030531231409873794,-0.0021988,1169.0322610737653,1169.162854767995,-10.0,1.0994,30.0,1.0963468768590126,long_nclose,32.89040630577038,0.02813472938339638,6.0
1681493820000.0,149377,1681493820000.0,0.022898423557405345,-0.0016491000000000001,1169.0535103973227,1169.144705667995,-7.5,1.0994,22.5,1.0963468768590126,long_nclose,24.667804729327784,0.021100663493961034,14.0
1681495800000.0,149410,1681495800000.0,0.07164842355740664,-0.0016588500000000003,1169.1234999708802,1169.2712968179949,-7.5,1.1059,15.0,1.0963468768590126,long_nclose,16.44520315288519,0.014066266868551352,33.0
1681496580000.0,149423,1681496580000.0,0.04776561570493776,-0.0011059000000000002,1169.170159686585,1169.269690917995,-5.0,1.1059,10.0,1.0963468768590126,long_nclose,10.963468768590126,0.009377137004188562,13.0
1681496760000.0,149426,1681496760000.0,0.031525306365258916,-0.000729894,1169.2009550989503,1169.265631023995,-3.3,1.1059,6.7,1.0963468768590126,long_nclose,7.345524074955384,0.006282516314172637,3.0
1681497900000.0,149445,1681497900000.0,0.021016870910172614,-0.00048659600000000016,1169.2214853738606,1169.264024427995,-2.2,1.1059,4.5,1.0963468768590126,long_nclose,4.9335609458655565,0.004219526417860891,19.0
1681498080000.0,149448,1681498080000.0,0.014329684711481327,-0.00033177000000000006,1169.2354832885721,1169.268042657995,-1.5,1.1059,3.0,1.0963468768590126,long_nclose,3.2890406305770377,0.0028129839348754087,3.0
1681499100000.0,149465,1681499100000.0,0.009553123140987552,-0.00022118000000000002,1169.2448152317131,1169.2649214779951,-1.0,1.1059,2.0,1.0963468768590126,long_nclose,2.192693753718025,0.0018753076559792073,17.0
1681499460000.0,149471,1681499460000.0,0.0057318738845925305,-0.00013270800000000002,1169.2504143975978,1169.2636487699951,-0.6,1.1059,1.4,1.0963468768590126,long_nclose,1.5348856276026175,0.0013127090730118717,6.0
1681500000000.0,149480,1681500000000.0,0.0038212492563950208,-8.847200000000002e-05,1169.254147174854,1169.263800297995,-0.4,1.1059,1.0,1.0963468768590126,long_nclose,1.0963468768590126,0.0009376463444735264,9.0
1681504260000.0,149551,1681504260000.0,0.008026561570493751,-0.00011124000000000001,1169.2620624964245,1169.270839057995,-0.5,1.1124,0.5,1.0963468768590126,long_nclose,0.5481734384295063,0.00046881999853748147,71.0
1681504380000.0,149553,1681504380000.0,0.0032106246281975006,-4.4496e-05,1169.2652286250527,1169.269864561995,-0.2,1.1124,0.3,1.0963468768590126,long_nclose,0.32890406305770375,0.00028129123744187993,2.0
1681504440000.0,149554,1681504440000.0,0.0016053123140987503,-2.2248e-05,1169.2668116893667,1169.269942313995,-0.1,1.1124,0.2,1.0963468768590126,long_nclose,0.21926937537180252,0.00018752723773541493,1.0
1681504980000.0,149563,1681504980000.0,0.0016053123140987503,-2.2248e-05,1169.2683947536807,1169.2699900659948,-0.1,1.1124,0.1,1.0963468768590126,long_nclose,0.10963468768590126,9.37634919217987e-05,9.0
1681505040000.0,149564,1681505040000.0,0.0016053123140987503,-2.2248e-05,1169.2699778179947,1169.2699778179947,-0.1,1.1124,0.0,1.0963468768590126,long_nclose,0.0,0.0,1.0
1681587840000.0,150944,1681587840000.0,0.0,-0.01168752,1169.2582902979948,1169.3830902979948,52.0,1.1238,52.0,1.1238,long_ientry_normal,58.437599999999996,0.04997834993764013,1380.0
1681588260000.0,150951,1681588260000.0,0.040300000000001335,-0.00292994,1169.2956603579946,1169.4672603579945,-13.0,1.1269,39.0,1.1238,long_nclose,43.828199999999995,0.03748256449235554,7.0
1681588740000.0,150959,1681588740000.0,0.030070000000000995,-0.002186186,1169.3235441719946,1169.4290241719946,-9.7,1.1269,29.3,1.1238,long_nclose,32.92734,0.028159306433290076,8.0
1681588860000.0,150961,1681588860000.0,0.0950600000000003,-0.002199184,1169.4164049879948,1169.6163249879949,-9.7,1.1336,19.6,1.1238,long_nclose,22.02648,0.018835446386803616,2.0
1681589100000.0,150965,1681589100000.0,0.0637000000000002,-0.00147368,1169.4786313079949,1169.6135613079948,-6.5,1.1336,13.1,1.1238,long_nclose,14.721779999999999,0.0125883274870397,4.0
1681589940000.0,150979,1681589940000.0,0.04214000000000013,-0.0009748959999999999,1169.519796411995,1169.613956411995,-4.3,1.1336,8.8,1.1238,long_nclose,9.88944,0.008455983413312123,14.0
1681591620000.0,151007,1681591620000.0,0.006820000000000226,-0.0004958360000000001,1169.526120575995,1169.550540575995,-2.2,1.1269,6.6,1.1238,long_nclose,7.4170799999999995,0.006341953265949345,28.0
1681591800000.0,151010,1681591800000.0,0.004960000000000165,-0.00036060800000000005,1169.530719967995,1169.549219967995,-1.6,1.1269,5.0,1.1238,long_nclose,5.619,0.004804491155353121,3.0
1681592040000.0,151014,1681592040000.0,0.003720000000000123,-0.000270456,1169.534169511995,1169.5455695119952,-1.2,1.1269,3.8,1.1238,long_nclose,4.27044,0.0036514025082156447,4.0
1681592220000.0,151017,1681592220000.0,0.0027900000000000923,-0.00020284200000000003,1169.5367566699952,1169.5471966699952,-0.9,1.1269,2.9,1.1238,long_nclose,3.2590199999999996,0.0027865904867148935,3.0
1681592460000.0,151021,1681592460000.0,0.0,-0.011040626000000003,1169.525716043995,1169.542766043995,49.1,1.1243,52.0,1.1242721153846154,long_ientry_partial,58.46215,0.04998791321814832,4.0
1681597320000.0,151102,1681597320000.0,0.040662499999999824,-0.0029312400000000003,1169.5634473039952,1169.6932348039952,-13.0,1.1274,39.0,1.1242721153846154,long_nclose,43.8466125,0.0374897254194054,81.0
1681598280000.0,151118,1681598280000.0,0.030340480769230637,-0.002187156,1169.5916006287644,1169.686177647995,-9.7,1.1274,29.3,1.1242721153846154,long_nclose,32.94117298076923,0.02816467984470843,16.0
1681602420000.0,151187,1681602420000.0,0.09533048076923209,-0.002200154,1169.6847309555335,1169.8793174939951,-9.7,1.1341,19.6,1.1242721153846154,long_nclose,22.035733461538463,0.018839036603937827,69.0
1681603560000.0,151206,1681603560000.0,0.01532663461538455,-0.0011048520000000001,1169.6989527381488,1169.755222641995,-4.9,1.1274,14.7,1.1242721153846154,long_nclose,16.526800096153845,0.014129105662158841,19.0
1681603800000.0,151210,1681603800000.0,0.011260384615384566,-0.000811728,1169.7094013947642,1169.753000913995,-3.6,1.1274,11.1,1.1242721153846154,long_nclose,12.47942048076923,0.010668821218234837,4.0
1681603920000.0,151212,1681603920000.0,0.0,-0.009200864,1169.7002005307643,1169.700860049995,40.9,1.1248,52.0,1.1246873169378697,long_ientry_partial,58.48374048076923,0.04999891464003476,2.0
1681604400000.0,151220,1681604400000.0,0.04046487980769253,-0.0029322799999999998,1169.7377331305718,1169.8552277699948,-13.0,1.1278,39.0,1.1246873169378697,long_nclose,43.86280536057692,0.03749798276848503,8.0
1681604820000.0,151227,1681604820000.0,0.0,-0.00292448,1169.7348086505717,1169.7756032899947,13.0,1.1248,52.0,1.1247154877034022,long_ientry_partial,58.48520536057691,0.0499986876752403,7.0
1681605600000.0,151240,1681605600000.0,0.04009865985576977,-0.0029322799999999998,1169.7719750304275,1169.9156710099949,-13.0,1.1278,39.0,1.1247154877034022,long_nclose,43.863904020432685,0.03749782432537052,13.0
1681606800000.0,151260,1681606800000.0,0.0,-0.00292474,1169.7690502904275,1169.7294462699947,13.0,1.1249,52.0,1.1247616157775517,long_ientry_partial,58.48760402043269,0.04999927464819789,20.0
1681619700000.0,151475,1681619700000.0,0.040798994891826146,-0.00293254,1169.8069167453193,1169.9371137299947,-13.0,1.1279,39.0,1.1247616157775517,long_nclose,43.86570301532452,0.03749824213500919,215.0
1681627320000.0,151602,1681627320000.0,0.1278989948918281,-0.00294996,1169.9318657802112,1170.1980637699949,-13.0,1.1346,26.0,1.1247616157775517,long_nclose,29.243802010216346,0.02499615820850735,127.0
1681628400000.0,151620,1681628400000.0,0.0846101043130555,-0.001951512,1170.0145243725242,1170.2013722579948,-8.6,1.1346,17.4,1.1247616157775517,long_nclose,19.570852114529398,0.01672701638043784,18.0
1681635180000.0,151733,1681635180000.0,0.1438839427352997,-0.001985862,1170.1564224532594,1170.3011763959948,-8.7,1.1413,8.7,1.1247616157775517,long_nclose,9.785426057264699,0.008362493996101249,113.0
1681639020000.0,151797,1681639020000.0,0.028531314245100112,-0.000658068,1170.1842956995047,1170.242518327995,-2.9,1.1346,5.8,1.1247616157775517,long_nclose,6.5236173715098,0.005574863203586369,64.0
1681639620000.0,151807,1681639620000.0,0.018692930022651797,-0.00043114800000000007,1170.2025574815273,1170.2409271799947,-1.9,1.1346,3.9,1.1247616157775517,long_nclose,4.386570301532451,0.0037485564131504623,10.0
1681639680000.0,151808,1681639680000.0,0.012789899489182811,-0.00029499600000000006,1170.2150523850164,1170.2424521839948,-1.3,1.1346,2.6,1.1247616157775517,long_nclose,2.9243802010216347,0.0024990109254375533,1.0
1681640100000.0,151815,1681640100000.0,0.007870707377958653,-0.00018153600000000002,1170.2227415563946,1170.242250647995,-0.8,1.1346,1.8,1.1247616157775517,long_nclose,2.024570908399593,0.0017300731189917884,7.0
1681644300000.0,151885,1681644300000.0,0.0,-0.011306568000000001,1170.2114349883946,1170.2127940799949,50.1,1.1284,51.9,1.1282738132639614,long_ientry_partial,58.557410908399596,0.05004002623592576,70.0
1681665600000.0,152240,1681665600000.0,0.040327808894897864,-0.0029190120000000003,1170.2488437852896,1170.3902650679952,-12.9,1.1314,39.0,1.1282738132639614,long_nclose,44.00267871729449,0.03760112983744836,355.0
1681666560000.0,152256,1681666560000.0,0.030324011339574363,-0.002194916,1170.2769728806293,1170.3422001519953,-9.7,1.1314,29.3,1.1282738132639614,long_nclose,33.05842272863407,0.028248374952863486,16.0
1681666800000.0,152260,1681666800000.0,0.02282116317308174,-0.001651844,1170.2981421998024,1170.3625183079953,-7.3,1.1314,22.0,1.1282738132639614,long_nclose,24.82202389180715,0.021210000252712816,4.0
1681666860000.0,152261,1681666860000.0,0.017194027048212268,-0.00124454,1170.3140916868506,1170.3706237679953,-5.5,1.1314,16.5,1.1282738132639614,long_nclose,18.61651791885536,0.015907283396051526,1.0
1681667160000.0,152266,1681667160000.0,0.012817365617758236,-0.0009277479999999999,1170.3259813044683,1170.3697060199952,-4.1,1.1314,12.4,1.1282738132639614,long_nclose,13.990595284473121,0.01195444304233845,5.0
1681667940000.0,152279,1681667940000.0,0.009691178881719642,-0.000701468,1170.33497101535,1170.368694551995,-3.1,1.1314,9.3,1.1282738132639614,long_nclose,10.492946463354842,0.008965763412377103,13.0
1681668840000.0,152294,1681668840000.0,0.0071902294928887665,-0.0005204439999999999,1170.341640800843,1170.3649241079952,-2.3,1.1314,7.0,1.1282738132639614,long_nclose,7.89791669284773,0.006748385614514522,15.0
1681669140000.0,152299,1681669140000.0,0.00531451745126561,-0.000384676,1170.3465706422942,1170.3742694319951,-1.7,1.1314,5.3,1.1282738132639614,long_nclose,5.979851210298995,0.0051094704426033494,5.0
1681669320000.0,152302,1681669320000.0,0.004064042756850172,-0.000294164,1170.350340521051,1170.3640452679952,-1.3,1.1314,4.0,1.1282738132639614,long_nclose,4.5130952530558455,0.0038561916861976327,3.0
1681671300000.0,152335,1681671300000.0,0.01277404275685008,-0.000295906,1170.3628186578078,1170.391509361995,-1.3,1.1381,2.7,1.1282738132639614,long_nclose,3.046339295812696,0.002602901636354349,33.0
1681671600000.0,152340,1681671600000.0,0.021484042756850275,-0.000297648,1170.3840050525646,1170.407421713995,-1.3,1.1448,1.4,1.1282738132639614,long_nclose,1.579583338569546,0.0013496282687993529,5.0
1681671780000.0,152343,1681671780000.0,0.01156833071522707,-0.000160272,1170.3954131112798,1170.406841441995,-0.7,1.1448,0.7,1.1282738132639614,long_nclose,0.789791669284773,0.000674807556862563,3.0
1681671840000.0,152344,1681671840000.0,0.004957856020811602,-6.8688e-05,1170.4003022793006,1170.407312753995,-0.3,1.1448,0.4,1.1282738132639614,long_nclose,0.45130952530558455,0.0003856027074041933,1.0
1681672200000.0,152350,1681672200000.0,0.0033052373472077347,-4.5792000000000005e-05,1170.4035617246477,1170.407106961995,-0.2,1.1448,0.2,1.1282738132639614,long_nclose,0.22565476265279227,0.00019280081677150638,6.0
1681672980000.0,152363,1681672980000.0,0.004665237347207718,-4.6064000000000005e-05,1170.408180897995,1170.408180897995,-0.2,1.1516,0.0,1.1282738132639614,long_nclose,0.0,0.0,13.0
1681688160000.0,152616,1681688160000.0,0.0,-0.01170488,1170.396476017995,1170.4016460179948,51.7,1.132,51.7,1.132,long_ientry_normal,58.5244,0.05000390995632166,253.0
1681689600000.0,152640,1681689600000.0,0.03999000000000132,-0.002928558,1170.433537459995,1170.542177459995,-12.9,1.1351,38.8,1.132,long_nclose,43.92159999999999,0.03752592402240628,24.0
1681689660000.0,152641,1681689660000.0,0.030070000000000995,-0.002202094,1170.461405365995,1170.569075365995,-9.7,1.1351,29.1,1.132,long_nclose,32.9412,0.02814377291637354,1.0
1681689780000.0,152643,1681689780000.0,0.02232000000000074,-0.0016345440000000001,1170.4820908219951,1170.552170821995,-7.2,1.1351,21.9,1.132,long_nclose,24.790799999999997,0.02117999087247046,2.0
1681690140000.0,152649,1681690140000.0,0.0,-0.0067467199999999995,1170.4753441019952,1170.4288141019952,29.8,1.132,51.7,1.1319999999999997,long_ientry_partial,58.524399999999986,0.05000054063069625,6.0
1681731300000.0,153335,1681731300000.0,0.0,-0.01605258,1170.4592915219953,1168.5564115219952,73.4,1.0935,125.1,1.1094108713029576,long_rentry,138.7873,0.11857507647235581,686.0
1681757880000.0,153778,1681757880000.0,0.09638081534772525,-0.006942,1170.548730337343,1170.8669695219953,-31.2,1.1125,93.9,1.1094108713029576,long_nclose,104.17368081534772,0.08899559507046383,443.0
1681758180000.0,153783,1681758180000.0,0.07228561151079393,-0.0052065,1170.6158094488537,1170.8406430219952,-23.4,1.1125,70.5,1.1094108713029576,long_nclose,78.2134664268585,0.06681395022649042,5.0
1681758300000.0,153785,1681758300000.0,0.05436866506794758,-0.003916,1170.6662621139217,1170.8085170219952,-17.6,1.1125,52.9,1.1094108713029576,long_nclose,58.68783509192645,0.050131994908567144,2.0
1681758360000.0,153786,1681758360000.0,0.04077649880096068,-0.0029370000000000004,1170.7041016127228,1170.8704100219954,-13.2,1.1125,39.7,1.1094108713029576,long_nclose,44.043611590727416,0.03762147200992498,1.0
1681759260000.0,153801,1681759260000.0,0.03058237410072051,-0.0022027500000000003,1170.7324812368236,1170.8275172719955,-9.9,1.1125,29.8,1.1094108713029576,long_nclose,33.06044396482814,0.028239110552311097,15.0
1681759560000.0,153806,1681759560000.0,0.02285955235811432,-0.0016465,1170.7536942891816,1170.8251307719954,-7.4,1.1125,22.4,1.1094108713029576,long_nclose,24.850803517186247,0.021226329362363714,5.0
1681759680000.0,153808,1681759680000.0,0.017299120703437865,-0.001246,1170.769747409885,1170.8266847719954,-5.6,1.1125,16.8,1.1094108713029576,long_nclose,18.638102637889688,0.01591952873664792,2.0
1681759920000.0,153812,1681759920000.0,0.012974340527578399,-0.0009345000000000001,1170.7817872504124,1170.8270102719953,-4.2,1.1125,12.6,1.1094108713029576,long_nclose,13.978576978417266,0.01193952377004944,4.0
1681760040000.0,153814,1681760040000.0,0.009576298960831675,-0.0006897500000000002,1170.7906737993733,1170.8219205219953,-3.1,1.1125,9.5,1.1094108713029576,long_nclose,10.539403277378097,0.00900195356286561,2.0
1681760400000.0,153820,1681760400000.0,0.0071049960031976936,-0.0005117499999999999,1170.7972670453764,1170.813028771995,-2.3,1.1125,7.2,1.1094108713029576,long_nclose,7.987758273381295,0.006822494806072788,6.0
1681761240000.0,153834,1681761240000.0,0.0055604316546764565,-0.00040050000000000003,1170.802426977031,1170.820188271995,-1.8,1.1125,5.4,1.1094108713029576,long_nclose,5.990818705035971,0.0051168485536061325,14.0
1681761540000.0,153839,1681761540000.0,0.004015867306155219,-0.00028925,1170.8061535943373,1170.8212790219952,-1.3,1.1125,4.1,1.1094108713029576,long_nclose,4.548584572342126,0.0038850022767459133,5.0
1681761720000.0,153842,1681761720000.0,0.003089128697042476,-0.00022250000000000001,1170.8090202230342,1170.821386521995,-1.0,1.1125,3.1,1.1094108713029576,long_nclose,3.4391737010391688,0.0029374335537524477,3.0
1681762800000.0,153860,1681762800000.0,0.002162390087929733,-0.00015575,1170.8110268631222,1170.818680771995,-0.7,1.1125,2.4,1.1094108713029576,long_nclose,2.662586091127098,0.002274138208503888,18.0
1681763040000.0,153864,1681763040000.0,0.0018534772182254855,-0.0001335,1170.8127468403404,1170.817047271995,-0.6,1.1125,1.8,1.1094108713029576,long_nclose,1.9969395683453237,0.0017056011507685092,4.0
1681765860000.0,153911,1681765860000.0,0.0,-0.011317248000000002,1170.8014295923404,1170.724950023995,51.2,1.1052,53.0,1.1053430107234967,long_ientry_partial,58.58317956834533,0.05003681929970253,47.0
1681768320000.0,153952,1681768320000.0,0.040352258449843956,-0.002926176,1170.8388556747902,1170.9366438479951,-13.2,1.1084,39.8,1.1053430107234967,long_nclose,43.99265182679517,0.03757361793518618,41.0
1681768440000.0,153954,1681768440000.0,0.03026419383738297,-0.002194632,1170.8669252366276,1170.970289215995,-9.9,1.1084,29.9,1.1053430107234967,long_nclose,33.04975602063255,0.028226739784244333,2.0
1681771080000.0,153998,1681771080000.0,0.09560419383738238,-0.0022077000000000004,1170.9603217304648,1171.1434615159949,-9.9,1.115,20.0,1.1053430107234967,long_nclose,22.106860214469933,0.018879256456615066,44.0
1681772400000.0,154020,1681772400000.0,0.06373612922492157,-0.0014718,1171.0225860596897,1171.1694097159948,-6.6,1.115,13.4,1.1053430107234967,long_nclose,14.811596343694857,0.012648429261756251,22.0
1681773180000.0,154033,1681773180000.0,0.04249075281661439,-0.0009812000000000002,1171.0640956125062,1171.1555085159948,-4.4,1.115,9.0,1.1053430107234967,long_nclose,9.94808709651147,0.008494912561816937,13.0
1681773300000.0,154035,1681773300000.0,0.02897096782950981,-0.000669,1171.0923975803357,1171.1551395159947,-3.0,1.115,6.0,1.1053430107234967,long_nclose,6.63205806434098,0.005663138175983273,2.0
1681773840000.0,154044,1681773840000.0,0.01931397855300654,-0.000446,1171.1112655588888,1171.1506935159948,-2.0,1.115,4.0,1.1053430107234967,long_nclose,4.421372042893987,0.003775364624115351,9.0
1681774200000.0,154050,1681774200000.0,0.012554086059454251,-0.0002899,1171.1235297449482,1171.1517636159947,-1.3,1.115,2.7,1.1053430107234967,long_nclose,2.9844261289534413,0.0025483444343428066,6.0
1681775040000.0,154064,1681775040000.0,0.008691290348852942,-0.00020070000000000003,1171.132020335297,1171.1497629159949,-0.9,1.115,1.8,1.1053430107234967,long_nclose,1.9896174193022942,0.0016988839727332052,14.0
1681775340000.0,154069,1681775340000.0,0.005794193565901961,-0.0001338,1171.137680728863,1171.1495091159948,-0.6,1.115,1.2,1.1053430107234967,long_nclose,1.326411612868196,0.0011325838410755408,5.0
1681779240000.0,154134,1681779240000.0,0.003862795710601308,-8.92e-05,1171.1414543245735,1171.1490999159946,-0.4,1.115,0.8,1.1053430107234967,long_nclose,0.8842744085787975,0.0007550534611455459,65.0
1681779300000.0,154135,1681779300000.0,0.001931397855300654,-4.46e-05,1171.1433411224289,1171.1491353159947,-0.2,1.115,0.6,1.1053430107234967,long_nclose,0.663205806434098,0.0005662891835242633,1.0
1681779420000.0,154137,1681779420000.0,0.001931397855300654,-4.46e-05,1171.1452279202842,1171.1491707159948,-0.2,1.115,0.4,1.1053430107234967,long_nclose,0.44213720428939873,0.00037752551412820466,2.0
1681780500000.0,154155,1681780500000.0,0.0,-0.01162232,1171.1336056002842,1171.0400283959948,52.4,1.109,52.8,1.1089722955357841,long_ientry_partial,58.5537372042894,0.0499974869855064,18.0
1681780620000.0,154157,1681780620000.0,0.039965698927650714,-0.00293568,1171.170635619212,1171.318252715995,-13.2,1.112,39.6,1.1089722955357841,long_nclose,43.915302903217054,0.03749692962545847,2.0
1681781040000.0,154164,1681781040000.0,0.02997427419573804,-0.00220176,1171.1984081334076,1171.3031809559948,-9.9,1.112,29.7,1.1089722955357841,long_nclose,32.93647717741279,0.0281220303483038,7.0
1681781280000.0,154168,1681781280000.0,0.02240501303519813,-0.0016457600000000005,1171.219167386443,1171.315675195995,-7.4,1.112,22.3,1.1089722955357841,long_nclose,24.730082190447988,0.021114820248060637,4.0
1681781580000.0,154173,1681781580000.0,0.07124501303519769,-0.001655528,1171.2887568714782,1171.432209667995,-7.4,1.1186,14.9,1.1089722955357841,long_nclose,16.523687203483185,0.014107270394721526,5.0
1681781640000.0,154174,1681781640000.0,0.047175751874657924,-0.0010962280000000003,1171.3348363953528,1171.443113439995,-4.9,1.1186,10.0,1.1089722955357841,long_nclose,11.089722955357841,0.00946759424443072,1.0
1681785360000.0,154236,1681785360000.0,0.08163852232107915,-0.0011253,1171.4153496176739,1171.496988139995,-5.0,1.1253,5.0,1.1089722955357841,long_nclose,5.5448614776789205,0.004733471760881954,62.0
1681785420000.0,154237,1681785420000.0,0.04081926116053958,-0.00056265,1171.4556062288345,1171.496425489995,-2.5,1.1253,2.5,1.1089722955357841,long_nclose,2.7724307388394602,0.002366654548493311,1.0
1681785480000.0,154238,1681785480000.0,0.019593245357058996,-0.000270072,1171.4749294021917,1171.4968054179951,-1.2,1.1253,1.3,1.1089722955357841,long_nclose,1.4416639841965195,0.0012306400657948406,1.0
1681785780000.0,154243,1681785780000.0,0.009796622678529498,-0.000135036,1171.4845909888702,1171.4963703819951,-0.6,1.1253,0.7,1.1089722955357841,long_nclose,0.7762806068750489,0.0006626468780266048,5.0
1681788660000.0,154291,1681788660000.0,0.016049393124951038,-0.00015846599999999998,1171.5004819159954,1171.5004819159954,-0.7,1.1319,0.0,1.1089722955357841,long_nclose,0.0,0.0,48.0
1681885560000.0,155906,1681885560000.0,0.0,-0.01172133,1171.4887605859954,1171.5621105859952,48.9,1.1985,48.9,1.1985,long_ientry_normal,58.606649999999995,0.05002749661096545,1615.0
1681885680000.0,155908,1681885680000.0,0.04026000000000098,-0.002932392,1171.5260881939953,1171.6912381939953,-12.2,1.2018,36.7,1.1985,long_nclose,43.98495,0.0375450025767727,2.0
1681885920000.0,155912,1681885920000.0,0.030030000000000733,-0.002187276,1171.553930917995,1171.661570917995,-9.1,1.2018,27.6,1.1985,long_nclose,33.0786,0.02823480774297824,4.0
1681886040000.0,155914,1681886040000.0,0.022770000000000557,-0.001658484,1171.5750424339951,1171.651632433995,-6.9,1.2018,20.7,1.1985,long_nclose,24.808949999999996,0.021175724218619737,2.0
1681886700000.0,155925,1681886700000.0,0.01683000000000041,-0.0012258360000000001,1171.5906465979951,1171.6421265979952,-5.1,1.2018,15.6,1.1985,long_nclose,18.696599999999997,0.0159583042543829,11.0
1681886760000.0,155926,1681886760000.0,0.0,-0.007982676000000001,1171.5826639219952,1171.5940039219952,33.3,1.1986,48.9,1.1985680981595093,long_ientry_partial,58.60998,0.05002632917407379,1.0
1681886820000.0,155927,1681886820000.0,0.04064920245398657,-0.0029326359999999997,1171.6203804884492,1171.7353212859953,-12.2,1.2019,36.7,1.1985680981595093,long_nclose,43.987449202453995,0.03754411406202716,1.0
1681886880000.0,155928,1681886880000.0,0.030320306748465396,-0.0021874579999999998,1171.6485133371978,1171.7735938279952,-9.1,1.2019,27.6,1.1985680981595093,long_nclose,33.080479509202455,0.0282341326196707,1.0
1681887420000.0,155937,1681887420000.0,0.0,-0.005106036,1171.6434073011978,1171.4780277919954,21.3,1.1986,48.9,1.19858199405322,long_ientry_partial,58.61065950920246,0.05002431554171264,9.0
1681888020000.0,155947,1681888020000.0,0.04047967255071465,-0.0029326359999999997,1171.6809543377485,1171.8357551559952,-12.2,1.2019,36.7,1.19858199405322,long_nclose,43.98795918175318,0.03754260835161892,10.0
1681888320000.0,155952,1681888320000.0,0.030193854115696993,-0.0021874579999999998,1171.7089607338642,1171.7756976979954,-9.1,1.2019,27.6,1.19858199405322,long_nclose,33.08086303586887,0.028233003368984808,5.0
1681888380000.0,155953,1681888380000.0,0.02289424103278124,-0.0016586220000000002,1171.730196352897,1171.8009490759955,-6.9,1.2019,20.7,1.19858199405322,long_nclose,24.810647276901655,0.021174368770325077,1.0
1681888500000.0,155955,1681888500000.0,0.016921830328577435,-0.001225938,1171.7458922452256,1171.8397731379953,-5.1,1.2019,15.6,1.19858199405322,long_nclose,18.697879107230232,0.015957281549673314,2.0
1681889520000.0,155972,1681889520000.0,0.05417363092325598,-0.0012573600000000001,1171.798808516149,1171.9071557779955,-5.2,1.209,10.4,1.19858199405322,long_nclose,12.46525273815349,0.01063770729886495,17.0
1681889760000.0,155976,1681889760000.0,0.03542122021905198,-0.00082212,1171.8334076163678,1171.9035336579952,-3.4,1.209,7.0,1.19858199405322,long_nclose,8.39007395837254,0.007159783894059507,4.0
1681890900000.0,155995,1681890900000.0,0.005640610109525812,-0.000408646,1171.8386395804773,1171.8615250119954,-1.7,1.2019,5.3,1.19858199405322,long_nclose,6.352484568482066,0.005420955030767956,19.0
1681891320000.0,156002,1681891320000.0,0.0,-0.01045528,1171.8281843004772,1171.673919731995,43.6,1.199,48.9,1.1989546946519851,long_ientry_partial,58.62888456848207,0.05003198024587587,7.0
1681891860000.0,156011,1681891860000.0,0.0,-0.01609898,1171.8120853204773,1168.4812607519953,69.5,1.1582,118.4,1.1750319642608282,long_rentry,139.12378456848208,0.11872533686186834,9.0
1681892460000.0,156021,1681892460000.0,0.0,-0.038087208,1171.7739981124773,1167.5338335439953,168.2,1.1322,286.6,1.149894712381305,long_rentry,329.55982456848204,0.2812486239661788,10.0
1681892520000.0,156022,1681892520000.0,0.0,-0.16844138,1171.6055567324772,1159.8380321639952,764.6,1.1015,1051.2,1.114694372686912,long_rentry,1171.766724568482,1.0001375615155448,1.0
1681892700000.0,156025,1681892700000.0,0.8161588578794826,-0.058751568,1172.3629640223567,1177.1766405959952,-262.8,1.1178,788.4,1.114694372686912,long_nclose,878.8250434263615,0.749618565577275,3.0
1681892940000.0,156029,1681892940000.0,2.550638857879525,-0.059098464,1174.854504416236,1177.064982131995,-262.8,1.1244,525.6,1.114694372686912,long_nclose,585.883362284241,0.4986858884073955,4.0
1681893060000.0,156031,1681893060000.0,0.4080794289397413,-0.029375784,1175.233208061176,1175.2748463479952,-131.4,1.1178,394.2,1.114694372686912,long_nclose,439.41252171318075,0.37389389501518194,2.0
1681893120000.0,156032,1681893120000.0,0.30590429033915156,-0.022020659999999997,1175.5170916915151,1175.9623056879952,-98.5,1.1178,295.7,1.114694372686912,long_nclose,329.6151260035199,0.2804001135612744,1.0
1681893180000.0,156033,1681893180000.0,0.22950585843719087,-0.016521084,1175.7300764659524,1176.4410846039953,-73.9,1.1178,221.8,1.114694372686912,long_nclose,247.2392118619571,0.21028569125756888,1.0
1681893960000.0,156046,1681893960000.0,0.7172458584372028,-0.016618632000000005,1176.4307036923897,1177.9844859719954,-73.9,1.1244,147.9,1.114694372686912,long_nclose,164.8632977203943,0.14013855402018,13.0
1681894080000.0,156048,1681894080000.0,0.4784874265352381,-0.011086584000000002,1176.8981045349249,1177.8550793879954,-49.3,1.1244,98.6,1.114694372686912,long_nclose,109.90886514692953,0.09338859899885917,2.0
1681894140000.0,156049,1681894140000.0,0.3183445758692862,-0.007376064,1177.2090730467942,1178.0845833239953,-32.8,1.1244,65.8,1.114694372686912,long_nclose,73.3468897227988,0.06230574619423041,1.0
1681894860000.0,156061,1681894860000.0,0.5397451386005926,-0.007442638,1177.741375547395,1178.2416406859954,-32.9,1.1311,32.9,1.114694372686912,long_nclose,36.6734448613994,0.03113879296662579,12.0
1681894920000.0,156062,1681894920000.0,0.2690522879346419,-0.003710008,1178.0067178273296,1178.3021606779955,-16.4,1.1311,16.5,1.114694372686912,long_nclose,18.39245714933405,0.01561320226021834,1.0
1681894980000.0,156063,1681894980000.0,0.0,-0.00804146,1177.9986763673296,1178.2889192179955,35.5,1.1326,52.0,1.1269184067179625,long_ientry_partial,58.59975714933405,0.04974518080957603,1.0
1681895280000.0,156068,1681895280000.0,0.1692215637792494,-0.003932982000000001,1178.163964949109,1178.3854062359956,-17.3,1.1367,34.7,1.1269184067179625,long_nclose,39.1040687131133,0.033190684723414035,5.0
1681895340000.0,156069,1681895340000.0,0.0,-0.003921218000000001,1178.160043731109,1178.5686850179957,17.3,1.1333,52.0,1.1290415137137173,long_ientry_partial,58.7101587131133,0.04983207419527181,1.0
1681895340000.0,156069,1681895340000.0,0.0880725922922515,-0.00261441,1178.2455019134013,1178.5637706079958,-11.5,1.1367,40.5,1.1290415137137173,long_nclose,45.726181305405554,0.03880870432447985,0.0
1681895400000.0,156070,1681895400000.0,0.1330895648648167,-0.00307503,1178.3755164482661,1178.6578955779958,-13.5,1.1389,27.0,1.1290415137137173,long_nclose,30.484120870270367,0.025869614944268662,1.0
1681895460000.0,156071,1681895460000.0,0.0,-0.00562913,1178.3698873182661,1178.7143064479958,24.7,1.1395,51.7,1.1340381212818254,long_ientry_partial,58.62977087027038,0.04975498058907462,1.0
1681895760000.0,156076,1681895760000.0,0.04078823546445283,-0.0029339760000000005,1178.4077415777308,1178.553702471996,-12.9,1.1372,38.8,1.1340381212818254,long_nclose,44.00067910573482,0.037339095419403626,5.0
1681895820000.0,156077,1681895820000.0,0.0,-0.00295828,1178.4047832977308,1178.504124191996,13.0,1.1378,51.8,1.134982222118433,long_ientry_partial,58.79207910573482,0.04989124275379037,1.0
1681895940000.0,156079,1681895940000.0,0.04021933467221397,-0.002936298,1178.442066334403,1178.551677893996,-12.9,1.1381,38.9,1.134982222118433,long_nclose,44.15080844040704,0.03746540428392896,2.0
1681896000000.0,156080,1681896000000.0,0.0,-0.002935524,1178.4391308104032,1178.3104623699962,12.9,1.1378,51.8,1.1356839467260047,long_ientry_partial,58.82842844040704,0.04992063391509343,1.0
1681896960000.0,156096,1681896960000.0,0.04019708723453981,-0.0029381040000000004,1178.4763897936377,1178.6053842659962,-12.9,1.1388,38.9,1.1356839467260047,long_nclose,44.178105527641584,0.03748747612616794,16.0
1681897020000.0,156097,1681897020000.0,0.0,-0.0029158400000000003,1178.4734739536377,1178.7317184259962,12.8,1.139,51.7,1.136504942507574,long_ientry_partial,58.75730552764158,0.04985882739517067,1.0
1681898700000.0,156125,1681898700000.0,0.03992624165229541,-0.002940168,1178.51046002729,1178.6693482579963,-12.9,1.1396,38.8,1.136504942507574,long_nclose,44.09639176929387,0.03741705590654898,28.0
1681898940000.0,156129,1681898940000.0,0.1276462416522972,-0.0029577120000000004,1178.6351485569423,1178.8940205459962,-12.9,1.1464,25.9,1.136504942507574,long_nclose,29.435478010946163,0.024974206858657984,4.0
1681899000000.0,156130,1681899000000.0,0.0,-0.005847150000000001,1178.6293014069424,1178.8264933959963,25.5,1.1465,51.4,1.1414635799794972,long_ientry_partial,58.67122801094615,0.04977920364011795,1.0
1681899540000.0,156139,1681899540000.0,0.04014617626243649,-0.0029301760000000005,1178.6665174072048,1178.7953032199962,-12.8,1.1446,38.6,1.1414635799794972,long_nclose,44.0604941872086,0.03738164572972816,9.0
1681899600000.0,156140,1681899600000.0,0.0,-0.002953584,1178.6635638232049,1178.6378496359962,12.9,1.1448,51.5,1.1422993046059922,long_ientry_partial,58.828414187208594,0.0499111162784978,1.0
1681926060000.0,156581,1681926060000.0,0.0,-0.016153776,1178.6474100472049,1176.3946958599963,73.2,1.1034,124.7,1.1194650696648645,long_rentry,139.5972941872086,0.11843855337671995,441.0
1681946460000.0,156921,1681946460000.0,0.0,-0.038207554,1178.6092024932047,1175.3064183059962,177.1,1.0787,301.8,1.0955436189105652,long_rentry,330.63506418720857,0.28052985119053053,340.0
1681948620000.0,156957,1681948620000.0,0.23045113414338736,-0.016566888000000002,1178.8230867393481,1179.6282514179961,-75.4,1.0986,226.4,1.0955436189105652,long_nclose,248.03107532135195,0.21040568182916372,36.0
1681949040000.0,156964,1681949040000.0,0.17299116966201225,-0.012436152,1178.9836417570102,1179.4856352659963,-56.6,1.0986,169.8,1.0955436189105652,long_nclose,186.02330649101398,0.15778277145032144,7.0
1681949100000.0,156965,1681949100000.0,0.12959055819203744,-0.009316128000000002,1179.1039161872025,1179.4041191379965,-42.4,1.0986,127.4,1.0955436189105652,long_nclose,139.572257049206,0.1183714642391592,1.0
1681949880000.0,156978,1681949880000.0,0.09719291864402808,-0.006987096,1179.1941220098463,1179.4863120419964,-31.8,1.0986,95.6,1.0955436189105652,long_nclose,104.73396996785003,0.08881825987169863,13.0
1681949940000.0,156979,1681949940000.0,0.0730475080374928,-0.005251308,1179.2619182098838,1179.5169107339962,-23.9,1.0986,71.7,1.0955436189105652,long_nclose,78.55047747588753,0.066609865258031,1.0
1681950120000.0,156982,1681950120000.0,0.054709221500883726,-0.003932988,1179.3126944433845,1179.498647745996,-17.9,1.0986,53.8,1.0955436189105652,long_nclose,58.9402466973884,0.04997847218562096,3.0
1681950960000.0,156996,1681950960000.0,0.17105922150088282,-0.003956258,1179.4797974068854,1179.8121014879962,-17.9,1.1051,35.9,1.0955436189105652,long_nclose,39.33001591888929,0.033345222194866984,14.0
1681951020000.0,156997,1681951020000.0,0.0,-0.0038668,1179.4759306068854,1179.856294687996,17.5,1.1048,53.4,1.0985770771327583,long_ientry_partial,58.66401591888929,0.04973735741152803,1.0
1681951020000.0,156997,1681951020000.0,0.07762278212017569,-0.002630138,1179.5509232510055,1179.846524549996,-11.9,1.1051,41.5,1.0985770771327583,long_nclose,45.590948701009474,0.03865110679185813,0.0
1681951080000.0,156998,1681951080000.0,0.0,-0.002609452,1179.5483137990057,1179.8279250979963,11.8,1.1057,53.3,1.1001540093998026,long_ientry_partial,58.638208701009475,0.049712426371202795,1.0
1681954320000.0,157052,1681954320000.0,0.04051167498262529,-0.0029345120000000002,1179.5858909619883,1179.7077305859962,-13.3,1.1032,40.0,1.1001540093998026,long_nclose,44.0061603759921,0.03730644857078083,54.0
1681954380000.0,157053,1681954380000.0,0.0,-0.0029786400000000003,1179.5829123219883,1179.720801945996,13.5,1.1032,53.5,1.1009226238503196,long_ientry_partial,58.899360375992096,0.04993236148194936,1.0
1681954380000.0,157053,1681954380000.0,0.02277376149680377,-0.0022064000000000003,1179.6034796834851,1179.7155955459962,-10.0,1.1032,43.5,1.1009226238503196,long_nclose,47.8901341374889,0.04059850192230607,0.0
1681954440000.0,157054,1681954440000.0,0.033235662416549516,-0.0023846400000000004,1179.6343307059017,1179.7316909059962,-10.8,1.104,32.7,1.1009226238503196,long_nclose,36.00016979990545,0.030518075697544923,1.0
1681954500000.0,157055,1681954500000.0,0.0,-0.004570146000000001,1179.6297605599016,1179.748480759996,20.7,1.1039,53.4,1.1020767752791283,long_ientry_partial,58.85089979990545,0.049889297275759095,1.0
1681954500000.0,157055,1681954500000.0,0.015578120239061643,-0.0017884800000000003,1179.6435502001407,1179.744262279996,-8.1,1.104,45.3,1.1020767752791283,long_nclose,49.924077920144505,0.04232132487112254,0.0
1681954680000.0,157058,1681954680000.0,0.03416243934585006,-0.0024975260000000003,1179.6752151134865,1179.7814047539962,-11.3,1.1051,34.0,1.1020767752791283,long_nclose,37.470610359490365,0.03176349717230063,3.0
1681954800000.0,157060,1681954800000.0,0.0,-0.0042881759999999994,1179.6709269374865,1179.7717765779962,19.4,1.1052,53.4,1.103211429953003,long_ientry_partial,58.91149035949035,0.04993891856979892,2.0
1682005380000.0,157903,1682005380000.0,0.0,-0.016177326000000002,1179.6547496114865,1177.6904292519962,75.9,1.0657,129.3,1.0811919594701496,long_rentry,139.79812035949035,0.11850765692719177,843.0
1682006580000.0,157923,1682006580000.0,0.0,-0.038275732,1179.6164738794864,1169.6715935199961,183.7,1.0418,313.0,1.058072780701247,long_rentry,331.17678035949035,0.28074953825485865,20.0
1682078760000.0,159126,1682078760000.0,0.0,-0.16969691200000003,1179.4467769674864,1168.5170566079958,837.1,1.0136,1150.1,1.0257032782884015,long_rentry,1179.6613403594904,1.0001819186725456,1203.0
1682079180000.0,159133,1682079180000.0,-0.037987700316617135,-0.00235152,1179.4064377471698,1175.531465087996,-11.5,1.0224,1138.6,1.0257032782884015,unstuck_close_long,1167.8657526591737,0.9902148362781193,7.0
1682080320000.0,159152,1682080320000.0,0.7959469991209344,-0.05854222,1180.1438425262909,1182.617642867996,-284.6,1.0285,854.0,1.0257032782884015,long_nclose,875.9505996582949,0.7422405372070403,19.0
1682080440000.0,159154,1682080440000.0,0.5971000854262807,-0.043916949999999996,1180.6970256617171,1182.936675917996,-213.5,1.0285,640.5,1.0257032782884015,long_nclose,656.9629497437211,0.5564195856049766,2.0
1682081580000.0,159173,1682081580000.0,0.4477551460269205,-0.03293257,1181.1118482377442,1182.455393347996,-160.1,1.0285,480.4,1.0257032782884015,long_nclose,492.74785488974806,0.41718983314318897,19.0
1682081640000.0,159174,1682081640000.0,0.33588627756298034,-0.02470457,1181.4230299453072,1182.5387787779962,-120.1,1.0285,360.3,1.0257032782884015,long_nclose,369.56089116731107,0.312809960361463,1.0
1682083920000.0,159212,1682083920000.0,1.0805062775629783,-0.024853494,1182.4786827288704,1184.6877352839963,-120.1,1.0347,240.2,1.0257032782884015,long_nclose,246.37392744487403,0.2083538004053515,38.0
1682084400000.0,159220,1682084400000.0,0.719737736927879,-0.0165552,1183.1818652657983,1184.9275200839963,-80.0,1.0347,160.2,1.0257032782884015,long_nclose,164.3176651818019,0.13887777526482664,8.0
1682085360000.0,159236,1682085360000.0,0.11186886846394017,-0.008228000000000001,1183.2855061342623,1183.6697520839964,-40.0,1.0285,120.2,1.0257032782884015,long_nclose,123.28953405026586,0.10419254982091931,16.0
1682085600000.0,159240,1682085600000.0,0.08390165134795513,-0.006171,1183.3632367856103,1183.6425610839965,-30.0,1.0285,90.2,1.0257032782884015,long_nclose,92.51843570161381,0.07818261783501337,4.0
1682085780000.0,159243,1682085780000.0,0.06292623851096635,-0.00462825,1183.4215347741213,1183.5702528339964,-22.5,1.0285,67.7,1.0257032782884015,long_nclose,69.44011194012478,0.058677411133454455,3.0
1682085900000.0,159245,1682085900000.0,0.04726459692601472,-0.0034763299999999997,1183.4653230410472,1183.7343965039963,-16.9,1.0285,50.8,1.0257032782884015,long_nclose,52.10572653705079,0.044028097420851564,2.0
1682086620000.0,159257,1682086620000.0,0.035518365737301,-0.00261239,1183.4982290167845,1183.7228941139965,-12.7,1.0285,38.1,1.0257032782884015,long_nclose,39.0792949027881,0.03302015494797489,12.0
1682087160000.0,159266,1682087160000.0,0.11425836573730079,-0.002628138,1183.6098592445217,1183.8459959759962,-12.7,1.0347,25.4,1.0257032782884015,long_nclose,26.052863268525396,0.022011360470716678,9.0
1682087940000.0,159279,1682087940000.0,0.0755724623774273,-0.001738296,1183.6836934108992,1183.8383376799964,-8.4,1.0347,17.0,1.0257032782884015,long_nclose,17.436955730902824,0.01473109398056887,13.0
1682088300000.0,159285,1682088300000.0,0.0,-0.00834381,1183.6753496008992,1183.8018438699962,40.5,1.0301,57.5,1.0288000996678752,long_ientry_partial,59.15600573090283,0.049976546145738786,6.0
1682088420000.0,159287,1682088420000.0,0.040038574749385346,-0.0029503760000000006,1183.7124377996486,1183.7815534939964,-14.3,1.0316,43.2,1.0288000996678752,long_nclose,44.444164305652215,0.03754641996350696,2.0
1682088480000.0,159288,1682088480000.0,0.0,-0.002946086,1183.7094917136485,1183.7656474079963,14.3,1.0301,57.5,1.0291233792287342,long_ientry_partial,59.174594305652214,0.04999080831901207,1.0
1682088600000.0,159290,1682088600000.0,0.04113567702910131,-0.0029515200000000004,1183.7476758706778,1183.8719458879964,-14.3,1.032,43.2,1.0291233792287342,long_nclose,44.45812998268132,0.03755710012269396,2.0
1682088780000.0,159293,1682088780000.0,0.031067504329670915,-0.0022291200000000007,1183.7765142550074,1183.8891567679964,-10.8,1.032,32.4,1.0291233792287342,long_nclose,33.34359748701099,0.028167138886004424,3.0
1682088900000.0,159295,1682088900000.0,0.023300628247253184,-0.00167184,1183.7981430432546,1183.9020649279964,-8.1,1.032,24.3,1.0291233792287342,long_nclose,25.007698115258243,0.02112496819007469,2.0
1682089140000.0,159299,1682089140000.0,0.017259724627594952,-0.0012384000000000002,1183.8141643678823,1183.8686365279964,-6.0,1.032,18.3,1.0291233792287342,long_nclose,18.832957839885836,0.015908711355841914,4.0
1682090400000.0,159320,1682090400000.0,0.012944793470696214,-0.0009288,1183.826180361353,1183.8810577279964,-4.5,1.032,13.8,1.0291233792287342,long_nclose,14.201902633356532,0.011996611385145682,21.0
1682090640000.0,159324,1682090640000.0,0.009780510622303807,-0.0007017600000000001,1183.8352591119751,1183.8630959679963,-3.4,1.032,10.4,1.0291233792287342,long_nclose,10.702883143978836,0.009040855187914693,4.0
1682090700000.0,159325,1682090700000.0,0.0074792140052911465,-0.0005366400000000001,1183.8422016859804,1183.8739993279962,-2.6,1.032,7.8,1.0291233792287342,long_nclose,8.027162357984126,0.0067806016262574225,1.0
1682090940000.0,159329,1682090940000.0,0.005465579465405068,-0.00039216,1183.8472751054458,1183.8713271679962,-1.9,1.032,5.9,1.0291233792287342,long_nclose,6.071827937449532,0.0051288946345792044,4.0
1682091060000.0,159331,1682091060000.0,0.004027269079772155,-0.00028896,1183.8510134145256,1183.8644082079963,-1.4,1.032,4.5,1.0291233792287342,long_nclose,4.631055206529304,0.00391185643637046,2.0
1682092080000.0,159348,1682092080000.0,0.0,-0.01090269,1183.8401107245256,1183.8348255179963,52.9,1.0305,57.4,1.0303920767688033,long_ientry_partial,59.14450520652931,0.049959876059894694,17.0
1682103960000.0,159546,1682103960000.0,0.0,-0.01622339,1183.8238873345256,1182.0179521279963,81.5,0.9953,138.9,1.0098016933515428,long_rentry,140.2614552065293,0.11848169031488223,198.0
1682104020000.0,159547,1682104020000.0,0.0,-0.038394580000000005,1183.7854927545256,1177.7996175479964,197.3,0.973,336.2,0.9882045068605869,long_rentry,332.2343552065293,0.2806541871310318,1.0
1682112780000.0,159693,1682112780000.0,0.22642142371069918,-0.01664712,1183.9952670582363,1185.0029304279963,-84.0,0.9909,252.2,0.9882045068605869,long_nclose,249.22517663024001,0.21049507845539517,146.0
1682118660000.0,159791,1682118660000.0,0.16981606778302438,-0.01248534,1184.1525977860194,1184.8139450879964,-63.0,0.9909,189.2,0.9882045068605869,long_nclose,186.96829269802302,0.15789205972912018,98.0
1682118900000.0,159795,1682118900000.0,0.12749682549423894,-0.009373913999999999,1184.2707206975138,1184.6815911739964,-47.3,0.9909,141.9,0.9882045068605869,long_nclose,140.2262195235173,0.11840723330635636,4.0
1682119080000.0,159798,1682119080000.0,0.09542045713522322,-0.007015572,1184.359125582649,1184.7633456019967,-35.4,0.9909,106.5,0.9882045068605869,long_nclose,105.2437799806525,0.08886137465177846,3.0
1682120100000.0,159815,1682120100000.0,0.07170011750838808,-0.005271588000000001,1184.4255541121577,1184.6489140139968,-26.6,0.9909,79.9,0.9882045068605869,long_nclose,78.9575400981609,0.06666315145264429,17.0
1682120340000.0,159819,1682120340000.0,0.0536403134743204,-0.003943782,1184.4752506436319,1184.6429802319967,-19.9,0.9909,60.0,0.9882045068605869,long_nclose,59.292270411635215,0.05005783816877254,4.0
1682121360000.0,159836,1682121360000.0,0.04043239709119628,-0.0029727,1184.512710340723,1184.6745075319966,-15.0,0.9909,45.0,0.9882045068605869,long_nclose,44.46920280872641,0.03754219133362859,17.0
1682121600000.0,159840,1682121600000.0,0.0,-0.002915892,1184.5097944487231,1184.6298016399967,14.7,0.9918,59.7,0.9890898292918996,long_ientry_partial,59.048662808726405,0.04985071722113362,4.0
1682121900000.0,159845,1682121900000.0,0.04038154355069631,-0.0029555640000000004,1184.5472204282737,1184.6955160759967,-14.9,0.9918,44.8,0.9890898292918996,long_nclose,44.3112243522771,0.037407731484318835,5.0
1682121960000.0,159846,1682121960000.0,0.0,-0.002957352,1184.5442630762736,1184.6865887239965,14.9,0.9924,59.7,0.9899159858002864,long_ientry_partial,59.0979843522771,0.049890904202092905,1.0
1682128800000.0,159960,1682128800000.0,0.04148181157573318,-0.0029582460000000003,1184.5827866418495,1184.7075104779967,-14.9,0.9927,44.8,0.9899159858002864,long_nclose,44.348236163852825,0.0374378529419415,114.0
1682128860000.0,159961,1682128860000.0,0.0,-0.0029582460000000003,1184.5798283958495,1184.6926122319967,14.9,0.9927,59.7,0.9906108235151228,long_ientry_partial,59.13946616385283,0.049924424463599994,1.0
1682129460000.0,159971,1682129460000.0,0.041558729624670256,-0.002960332,1184.6184267934743,1184.7433818999968,-14.9,0.9934,44.8,0.9906108235151228,long_nclose,44.379364893477494,0.03746300402704656,10.0
1682129520000.0,159972,1682129520000.0,0.0,-0.0029404640000000003,1184.6154863294744,1184.728521435997,14.8,0.9934,59.6,0.9913034378100252,long_ientry_partial,59.0816848934775,0.049874145303082124,1.0
1682130960000.0,159996,1682130960000.0,0.04166877663062476,-0.002962418,1184.654192688105,1184.7881390179969,-14.9,0.9941,44.7,0.9913034378100252,long_nclose,44.311263670108126,0.03740438681904397,24.0
1682131080000.0,159998,1682131080000.0,0.0,-0.002961524,1184.651231164105,1184.7568674939969,14.9,0.9938,59.6,0.991927578357519,long_ientry_partial,59.11888367010813,0.04990404105013641,2.0
1682132040000.0,160014,1682132040000.0,0.04130908247296746,-0.002964206,1184.689576040578,1184.8045632879969,-14.9,0.9947,44.7,0.991927578357519,long_nclose,44.3391627525811,0.03742681935361471,16.0
1682132280000.0,160018,1682132280000.0,0.030773880231539517,-0.002208234,1184.7181416868095,1184.807935053997,-11.1,0.9947,33.6,0.991927578357519,long_nclose,33.32876663281264,0.02813223285781622,4.0
1682132400000.0,160020,1682132400000.0,0.02328834179684072,-0.0016710960000000002,1184.7397589326063,1184.8272639579968,-8.4,0.9947,25.2,0.991927578357519,long_nclose,24.996574974609477,0.021098789659199244,2.0
1682134260000.0,160051,1682134260000.0,0.07284834179683992,-0.0016810080000000001,1184.810926266403,1184.9583029499966,-8.4,1.0006,16.8,0.991927578357519,long_nclose,16.66438331640632,0.014065014887159605,31.0
1682135160000.0,160066,1682135160000.0,0.04856556119789328,-0.0011206719999999999,1184.8583711556007,1184.9588622779966,-5.6,1.0006,11.2,0.991927578357519,long_nclose,11.109588877604212,0.009376301124301423,15.0
1682135280000.0,160068,1682135280000.0,0.03208796007717949,-0.000740444,1184.8897186716779,1184.9585118339965,-3.7,1.0006,7.5,0.991927578357519,long_nclose,7.4394568376813925,0.006278606962698103,2.0
1682139000000.0,160130,1682139000000.0,0.053917960077179555,-0.00074481,1184.942891821755,1184.9994070239964,-3.7,1.0065,3.8,0.991927578357519,long_nclose,3.769324797758572,0.003181018109626816,62.0
1682141700000.0,160175,1682141700000.0,0.02768760112071382,-0.00038247,1184.9701969528758,1184.9997845539965,-1.9,1.0065,1.9,0.991927578357519,long_nclose,1.884662398879286,0.0015904724048973157,45.0
1682142960000.0,160196,1682142960000.0,0.013115179478232864,-0.00018117,1184.9831309623542,1184.9978033839966,-0.9,1.0065,1.0,0.991927578357519,long_nclose,0.991927578357519,0.0008370816026317186,21.0
1682143140000.0,160199,1682143140000.0,0.00728621082124048,-0.00010065,1184.9903165231756,1184.998052733997,-0.5,1.0065,0.5,0.991927578357519,long_nclose,0.4959637891787595,0.00041853826336230623,3.0
1682145240000.0,160234,1682145240000.0,0.0008672421642480943,-2.0012e-05,1184.9911637533398,1184.9947127219968,-0.1,1.0006,0.4,0.991927578357519,long_nclose,0.3967710313430076,0.00033483037129684195,35.0
1682148600000.0,160290,1682148600000.0,0.0029144843284961922,-4.0260000000000004e-05,1184.9940379776683,1184.9968724619969,-0.2,1.0065,0.2,0.991927578357519,long_nclose,0.1983855156715038,0.00016741477957988045,56.0
1682150520000.0,160322,1682150520000.0,0.0008672421642480943,-2.0012e-05,1184.9948852078326,1184.9957724499968,-0.1,1.0006,0.1,0.991927578357519,long_nclose,0.0991927578357519,8.370732994206536e-05,32.0
1682151060000.0,160331,1682151060000.0,0.0008672421642480943,-2.0012e-05,1184.9957324379968,1184.9957324379968,-0.1,1.0006,0.0,0.991927578357519,long_nclose,0.0,0.0,9.0
1682151240000.0,160334,1682151240000.0,0.0,-0.011857628,1184.983874809997,1184.764464809997,59.3,0.9998,59.3,0.9998,long_ientry_normal,59.28814,0.050032866489011424,3.0
1682156100000.0,160415,1682156100000.0,0.04143999999999872,-0.002967696,1185.0223471139968,1185.1513971139968,-14.8,1.0026,44.5,0.9998,long_nclose,44.4911,0.037544524040709966,81.0
1682156280000.0,160418,1682156280000.0,0.031079999999999042,-0.002225772,1185.0512013419968,1185.148061341997,-11.1,1.0026,33.4,0.9998,long_nclose,33.39332,0.02817879933135728,3.0
1682156400000.0,160420,1682156400000.0,0.023239999999999286,-0.0016643160000000003,1185.0727770259969,1185.1430570259968,-8.3,1.0026,25.1,0.9998,long_nclose,25.094980000000003,0.021175897789988216,2.0
1682156460000.0,160421,1682156460000.0,0.017359999999999466,-0.001243224,1185.0888938019968,1185.155043801997,-6.2,1.0026,18.9,0.9998,long_nclose,18.89622,0.01594498108861457,1.0
1682157780000.0,160443,1682157780000.0,0.0,-0.008073536000000001,1185.0808202659969,1185.045760265997,40.4,0.9992,59.3,0.9993912310286679,long_ientry_partial,59.26390000000001,0.05000831925260418,22.0
1682160960000.0,160496,1682160960000.0,0.041569780775714896,-0.002966512,1185.1194235347725,1185.2488637539968,-14.8,1.0022,44.5,0.9993912310286679,long_nclose,44.47290978077572,0.037526099815434207,53.0
1682161200000.0,160500,1682161200000.0,0.03117733558178617,-0.002224884,1185.1483759863543,1185.2789288699967,-11.1,1.0022,33.4,0.9993912310286679,long_nclose,33.3796671163575,0.028164968870312855,4.0
1682170800000.0,160660,1682170800000.0,0.023312782462056328,-0.0016636520000000003,1185.1700251168163,1185.2505652179968,-8.3,1.0022,25.1,0.9993912310286679,long_nclose,25.084719898819564,0.021165503149092123,160.0
1682171160000.0,160666,1682171160000.0,0.017414367622258942,-0.001242728,1185.1861967564384,1185.2430624899966,-6.2,1.0022,18.9,0.9993912310286679,long_nclose,18.88849426644182,0.015937153434738744,6.0
1682171280000.0,160668,1682171280000.0,0.013201214165260811,-0.0009420680000000001,1185.1984559026037,1185.2440204219965,-4.7,1.0022,14.2,0.9993912310286679,long_nclose,14.191355480607083,0.011973822113866548,2.0
1682174040000.0,160714,1682174040000.0,0.04093121416526089,-0.0009476140000000002,1185.2384395027689,1185.3202228079965,-4.7,1.0081,9.5,0.9993912310286679,long_nclose,9.494216694772344,0.008010385402919734,46.0
1682174100000.0,160715,1682174100000.0,0.026997183811129522,-0.000625022,1185.26481166458,1185.3243877859966,-3.1,1.0081,6.4,0.9993912310286679,long_nclose,6.3961038785834745,0.00539635009462638,1.0
1682175060000.0,160731,1682175060000.0,0.04706806070826275,-0.000649024,1185.3112307012882,1185.3621387619964,-3.2,1.0141,3.2,0.9993912310286679,long_nclose,3.1980519392917373,0.0026980693816590373,16.0
1682175240000.0,160734,1682175240000.0,0.023534030354131374,-0.000324512,1185.3344402196424,1185.3587742499965,-1.6,1.0141,1.6,0.9993912310286679,long_nclose,1.5990259696458686,0.0013490082759677253,3.0
1682175360000.0,160736,1682175360000.0,0.011767015177065687,-0.000162256,1185.3460449788195,1185.3586919939964,-0.8,1.0141,0.8,0.9993912310286679,long_nclose,0.7995129848229343,0.0006744975344623692,2.0
1682176380000.0,160753,1682176380000.0,0.005883507588532844,-8.1128e-05,1185.3518473584081,1185.3578508659966,-0.4,1.0141,0.4,0.9993912310286679,long_nclose,0.39975649241146716,0.0003372471163750547,17.0
1682176740000.0,160759,1682176740000.0,0.002941753794266422,-4.0564e-05,1185.3547485482022,1185.3577503019965,-0.2,1.0141,0.2,0.9993912310286679,long_nclose,0.19987824620573358,0.00016862314547652532,6.0
1682179920000.0,160812,1682179920000.0,0.004121753794266425,-4.08e-05,1185.3588295019965,1185.3588295019965,-0.2,1.02,0.0,0.9993912310286679,long_nclose,0.0,0.0,53.0
1682210040000.0,161314,1682210040000.0,0.0,-0.011851238000000002,1185.3469782639966,1185.2365882639965,58.1,1.0199,58.1,1.0199,long_ientry_normal,59.256190000000004,0.04999058595212672,502.0
1682210100000.0,161315,1682210100000.0,0.04059999999999875,-0.00296583,1185.3846124339966,1185.5110524339966,-14.5,1.0227,43.6,1.0199,long_nclose,44.46764,0.03751325901615414,1.0
1682210940000.0,161329,1682210940000.0,0.12904999999999867,-0.00298352,1185.5106789139966,1185.7783989139966,-14.5,1.0288,29.1,1.0199,long_nclose,29.679090000000002,0.025034856731267863,14.0
1682211060000.0,161331,1682211060000.0,0.0863299999999991,-0.0019958719999999997,1185.5950130419967,1185.7618530419968,-9.7,1.0288,19.4,1.0199,long_nclose,19.78606,0.016688717295826824,2.0
1682211180000.0,161333,1682211180000.0,0.056959999999999414,-0.001316864,1185.6506561779966,1185.7754561779966,-6.4,1.0288,13.0,1.0199,long_nclose,13.258700000000001,0.011182636243579602,2.0
1682211540000.0,161339,1682211540000.0,0.0382699999999996,-0.0008847679999999999,1185.6880414099965,1185.7672114099964,-4.3,1.0288,8.7,1.0199,long_nclose,8.87313,0.00748352828915121,6.0
1682216580000.0,161423,1682216580000.0,0.0058799999999998185,-0.0004295340000000001,1185.6934918759964,1185.7212118759965,-2.1,1.0227,6.6,1.0199,long_nclose,6.731339999999999,0.005677133294667678,84.0
1682220300000.0,161485,1682220300000.0,0.0195799999999998,-0.00045267200000000005,1185.7126192039964,1185.7535392039963,-2.2,1.0288,4.4,1.0199,long_nclose,4.48756,0.003784694475979037,62.0
1682221860000.0,161511,1682221860000.0,0.01245999999999987,-0.000288064,1185.7247911399963,1185.7520911399963,-1.4,1.0288,3.0,1.0199,long_nclose,3.0597000000000003,0.0025804470167637298,26.0
1682226720000.0,161592,1682226720000.0,0.008899999999999908,-0.00020576,1185.7334853799964,1185.7506853799964,-1.0,1.0288,2.0,1.0199,long_nclose,2.0398,0.0017202853973094113,81.0
1682227980000.0,161613,1682227980000.0,0.005339999999999945,-0.000123456,1185.7387019239964,1185.7518619239963,-0.6,1.0288,1.4,1.0199,long_nclose,1.42786,0.001204194480354849,21.0
1682228100000.0,161615,1682228100000.0,0.0035599999999999634,-8.2304e-05,1185.7421796199965,1185.7512796199965,-0.4,1.0288,1.0,1.0199,long_nclose,1.0199,0.0008601363918139902,2.0
1682229480000.0,161638,1682229480000.0,0.0026699999999999723,-6.1728e-05,1185.7447878919966,1185.7511578919966,-0.3,1.0288,0.7,1.0199,long_nclose,0.71393,0.0006020941498458673,23.0
1682230200000.0,161650,1682230200000.0,0.0017799999999999817,-4.1152e-05,1185.7465267399966,1185.7509267399967,-0.2,1.0288,0.5,1.0199,long_nclose,0.50995,0.00043006661921415754,12.0
1682231460000.0,161671,1682231460000.0,0.0008899999999999908,-2.0576e-05,1185.7473961639967,1185.7510361639966,-0.1,1.0288,0.4,1.0199,long_nclose,0.40796000000000004,0.0003440530431015819,21.0
1682233860000.0,161711,1682233860000.0,0.0,-0.011766800000000001,1185.7356293639966,1185.7485293639966,57.5,1.0232,57.9,1.023177202072539,long_ientry_partial,59.241960000000006,0.04996219944219449,40.0
1682235000000.0,161730,1682235000000.0,0.04064829015543978,-0.00295488,1185.773322774152,1185.9222144839964,-14.4,1.026,43.5,1.023177202072539,long_nclose,44.508208290155444,0.03753517424901006,19.0
1682237580000.0,161773,1682237580000.0,0.1293805699481858,-0.0029930900000000003,1185.8997102541,1186.1700713939963,-14.5,1.0321,29.0,1.023177202072539,long_nclose,29.67213886010363,0.025020782620602755,43.0
1682245440000.0,161904,1682245440000.0,0.0,-0.0059204539999999995,1185.8937898001,1185.9147709399963,28.9,1.0243,57.9,1.023737631435296,long_ientry_partial,59.274408860103634,0.04998289844328742,131.0
1682250900000.0,161995,1682250900000.0,0.041218107331737745,-0.002956608,1185.9320512994318,1186.0652643319963,-14.4,1.0266,43.5,1.023737631435296,long_nclose,44.53258696743537,0.03755070698919115,91.0
1682252160000.0,162016,1682252160000.0,0.030913580498803307,-0.002217456,1185.9607474239306,1186.0576168759965,-10.8,1.0266,32.7,1.023737631435296,long_nclose,33.47622054793418,0.02822708982624351,21.0
1682252460000.0,162021,1682252460000.0,0.02318518537410248,-0.0016630920000000001,1185.9822695173048,1186.0600637839964,-8.1,1.0266,24.6,1.023737631435296,long_nclose,25.18394573330828,0.02123467304748001,5.0
1682254200000.0,162050,1682254200000.0,0.01746044824469446,-0.001252452,1185.9984775135495,1186.0551313319966,-6.1,1.0266,18.5,1.023737631435296,long_nclose,18.939146181552974,0.015968946453674183,29.0
1682254560000.0,162056,1682254560000.0,0.013166895397638444,-0.0009444719999999999,1186.0106999369473,1186.0518768599966,-4.6,1.0266,13.9,1.023737631435296,long_nclose,14.229953076950615,0.011998165849352904,6.0
1682255460000.0,162071,1682255460000.0,0.0,-0.00901384,1186.0016860969472,1185.9921330199966,44.0,1.0243,57.9,1.0241649926934477,long_ientry_partial,59.299153076950624,0.04999921481739221,15.0
1682258400000.0,162120,1682258400000.0,0.04082410521435129,-0.00295776,1186.0395524421615,1186.1802752599965,-14.4,1.027,43.5,1.0241649926934477,long_nclose,44.55117718216498,0.03756297763462451,49.0
1682258880000.0,162128,1682258880000.0,0.0,-0.002949984,1186.0366024581615,1186.0366852759964,14.4,1.0243,57.9,1.024198569640155,long_ientry_partial,59.30109718216497,0.0499993820251908,8.0
1682298000000.0,162780,1682298000000.0,0.04034059718176693,-0.00295776,1186.0739852953432,1186.2784975159964,-14.4,1.027,43.5,1.024198569640155,long_nclose,44.55263777934674,0.03756311860111554,652.0
1682299020000.0,162797,1682299020000.0,0.12907074021775133,-0.00299599,1186.2000600455608,1186.4698015259962,-14.5,1.0331,29.0,1.024198569640155,long_nclose,29.701758519564496,0.025039417481081294,17.0
1682300100000.0,162815,1682300100000.0,0.020170298590883463,-0.00147888,1186.2187514641519,1186.2820026459965,-7.2,1.027,21.8,1.024198569640155,long_nclose,22.32752881815538,0.018822437927740118,18.0
1682300340000.0,162819,1682300340000.0,0.015127723943162598,-0.00110916,1186.232770028095,1186.2852734859964,-5.4,1.027,16.4,1.024198569640155,long_nclose,16.796856542098542,0.01415983183612498,4.0
1682301600000.0,162840,1682301600000.0,0.011485864475364193,-0.0008421399999999999,1186.2434137525704,1186.2803313459965,-4.1,1.027,12.3,1.024198569640155,long_nclose,12.597642406573907,0.010619778588883744,21.0
1682302620000.0,162857,1682302620000.0,0.008404291079534776,-0.0006161999999999999,1186.25120184365,1186.2800451459966,-3.0,1.027,9.3,1.024198569640155,long_nclose,9.525046697653442,0.008029535972524022,17.0
1682302800000.0,162860,1682302800000.0,0.006443289827643328,-0.0004724199999999999,1186.2571727134775,1186.2774827259964,-2.3,1.027,7.0,1.024198569640155,long_nclose,7.169389987481085,0.006043706333156767,3.0
1682306640000.0,162924,1682306640000.0,0.0,-0.010448592,1186.2467241214774,1186.1862941339964,51.4,1.0164,58.4,1.0173347600596077,long_ientry_partial,59.412349987481086,0.05008431111283471,64.0
1682307480000.0,162938,1682307480000.0,0.041832503129728145,-0.002978984,1186.285577640607,1186.4154551499962,-14.6,1.0202,43.8,1.0173347600596077,long_nclose,44.55926249061081,0.037562003054301935,14.0
1682308380000.0,162953,1682308380000.0,0.031231115350276496,-0.002224036,1186.3145847199573,1186.4351711139961,-10.9,1.0202,32.9,1.0173347600596077,long_nclose,33.47031360596109,0.02821369140788413,15.0
1682308740000.0,162959,1682308740000.0,0.023494967511217178,-0.0016731279999999999,1186.3364065594685,1186.4096479859961,-8.2,1.0202,24.7,1.0173347600596077,long_nclose,25.12816857347231,0.021181317908254456,6.0
1682309700000.0,162975,1682309700000.0,0.0,-0.006831552000000001,1186.3295750074685,1186.3055964339962,33.6,1.0166,58.3,1.0169112962859745,long_ientry_partial,59.28592857347231,0.04997424815367945,16.0
1682313360000.0,163036,1682313360000.0,0.04043620385336988,-0.00295713,1186.367054081322,1186.5110993039964,-14.5,1.0197,43.8,1.0169112962859745,long_nclose,44.54071477732568,0.03754378935599854,61.0
1682313600000.0,163040,1682313600000.0,0.030396870482878046,-0.0022229460000000004,1186.395228005805,1186.4836863579965,-10.9,1.0197,32.9,1.0169112962859745,long_nclose,33.45638164780856,0.028200030527807268,4.0
1682314680000.0,163058,1682314680000.0,0.0,-0.00518415,1186.3900438558048,1186.3531522079963,25.5,1.0165,58.4,1.0167317062980918,long_ientry_partial,59.37713164780856,0.050048575470872145,18.0
1682355720000.0,163742,1682355720000.0,0.0,-0.01630286,1186.3737409958048,1184.2664093479964,83.0,0.9821,141.4,0.9964033355573447,long_rentry,140.89143164780856,0.11875804965941737,684.0
1682359800000.0,163810,1682359800000.0,0.09872225482573031,-0.007054351999999999,1186.4654088986306,1186.7833549959962,-35.3,0.9992,106.1,0.9964033355573447,long_nclose,105.71839390263428,0.08910364609851568,68.0
1682360040000.0,163814,1682360040000.0,0.07411160773036413,-0.00529576,1186.534224746361,1186.7727592359963,-26.5,0.9992,79.6,0.9964033355573447,long_nclose,79.31370551036463,0.06684485272838978,4.0
1682360460000.0,163821,1682360460000.0,0.2304616077303675,-0.005327030000000001,1186.7593593240913,1187.2689422059964,-26.5,1.0051,53.1,0.9964033355573447,long_nclose,52.90901711809501,0.04458276794061172,7.0
1682360700000.0,163825,1682360700000.0,0.15393096063500017,-0.003558054,1186.9097322307264,1187.2175941519963,-17.7,1.0051,35.4,0.9964033355573447,long_nclose,35.27267807873,0.02971807975020737,4.0
1682361600000.0,163840,1682361600000.0,0.0,-0.0047804779999999995,1186.9049517527264,1186.9765136739964,23.9,1.0001,59.3,0.9978932222382799,long_ientry_partial,59.17506807873,0.04985661909266196,15.0
1682365440000.0,163904,1682365440000.0,0.04154031087345605,-0.002962072,1186.9435299916,1187.0773316019965,-14.8,1.0007,44.5,0.9978932222382799,long_nclose,44.406248389603455,0.037412267110902675,64.0
1682365620000.0,163907,1682365620000.0,0.03115523315509203,-0.0022215539999999997,1186.972463670755,1187.0695500479962,-11.1,1.0007,33.4,0.9978932222382799,long_nclose,33.32963362275855,0.028079533976454234,3.0
1682366520000.0,163922,1682366520000.0,0.0,-0.0051974000000000005,1186.9672662707549,1186.9912326479964,26.0,0.9995,59.4,0.9985965256356659,long_ientry_partial,59.31663362275855,0.049973268268063635,15.0
1682366760000.0,163926,1682366760000.0,0.04149142059214537,-0.0029641440000000006,1187.005793547347,1187.2423285039963,-14.8,1.0014,44.6,0.9985965256356659,long_nclose,44.5374050433507,0.03752079836969575,4.0
1682368620000.0,163957,1682368620000.0,0.031118565444109025,-0.002223108,1187.034689004791,1187.1118553959961,-11.1,1.0014,33.5,0.9985965256356659,long_nclose,33.45298360879481,0.02818197641455766,31.0
1682369340000.0,163969,1682369340000.0,0.023268837223973417,-0.0016623240000000004,1187.0562955180148,1187.144583071996,-8.3,1.0014,25.2,0.9985965256356659,long_nclose,25.164632446018782,0.021199190418376312,12.0
1682369760000.0,163976,1682369760000.0,0.01766188849530512,-0.001261764,1187.07269564251,1187.133241307996,-6.3,1.0014,18.9,0.9985965256356659,long_nclose,18.873474334514086,0.015899173154091215,7.0
1682371740000.0,164009,1682371740000.0,0.013176329512370489,-0.0009413160000000002,1187.0849306560224,1187.131839991996,-4.7,1.0014,14.2,0.9985965256356659,long_nclose,14.180070664026456,0.011945287399268121,33.0
1682372340000.0,164019,1682372340000.0,0.009812160275169513,-0.00070098,1187.0940418362977,1187.1272490119961,-3.5,1.0014,10.7,0.9985965256356659,long_nclose,10.684982824301624,0.009000957335926972,10.0
1682376300000.0,164085,1682376300000.0,0.007289033347268781,-0.0005207280000000001,1187.1008101416448,1187.126758283996,-2.6,1.0014,8.1,0.9985965256356659,long_nclose,8.088631857648894,0.006813769975174862,66.0
1682376480000.0,164088,1682376480000.0,0.005606948728668293,-0.00040056000000000005,1187.1060165303736,1187.1292177239961,-2.0,1.0014,6.1,0.9985965256356659,long_nclose,6.091438806377562,0.005131335130607271,3.0
1682376780000.0,164093,1682376780000.0,0.0,-0.010646384000000002,1187.0953701463736,1187.083871339996,53.2,1.0006,59.3,1.0003939090451528,long_ientry_partial,59.323358806377556,0.049973540709760116,5.0
1682378940000.0,164129,1682378940000.0,0.04153014613173998,-0.0029694720000000003,1187.1339308205054,1187.276601867996,-14.8,1.0032,44.5,1.0003939090451528,long_nclose,44.5175289525093,0.03750000551474453,36.0
1682379840000.0,164144,1682379840000.0,0.0,-0.002961776,1187.1309690445055,1187.1401400919963,14.8,1.0006,59.3,1.0004453448989765,long_ientry_partial,59.326408952509304,0.049974611478849525,15.0
1682381520000.0,164172,1682381520000.0,0.04076889549514889,-0.0029694720000000003,1187.1687684680007,1187.3047006199963,-14.8,1.0032,44.5,1.0004453448989765,long_nclose,44.51981784800446,0.03750083310012923,28.0
1682381760000.0,164176,1682381760000.0,0.0,-0.00296148,1187.1658069880007,1187.1741691399961,14.8,1.0005,59.3,1.0004589856324528,long_ientry_partial,59.32721784800445,0.04997382631708841,4.0
1682382060000.0,164181,1682382060000.0,0.0405670126396994,-0.0029694720000000003,1187.2034045286405,1187.3298296679964,-14.8,1.0032,44.5,1.0004589856324528,long_nclose,44.52042486064415,0.03750025032847699,5.0
1682382180000.0,164183,1682382180000.0,0.0,-0.00296148,1187.2004430486404,1187.1963381879962,14.8,1.0005,59.3,1.000469221933291,long_ientry_partial,59.32782486064415,0.049972879649787534,2.0
1682453280000.0,165368,1682453280000.0,0.04041551538729591,-0.0029694720000000003,1187.237889092028,1187.3104587159964,-14.8,1.0032,44.5,1.000469221933291,long_nclose,44.52088037603144,0.03749954477116628,1185.0
1682453700000.0,165375,1682453700000.0,0.03031163654047193,-0.0022271040000000006,1187.2659736245685,1187.3605216119965,-11.1,1.0032,33.4,1.000469221933291,long_nclose,33.41567201257192,0.02814505995700207,7.0
1682453820000.0,165377,1682453820000.0,0.02266545795368622,-0.0016653120000000002,1187.2869737705223,1187.3931662999967,-8.3,1.0032,25.1,1.000469221933291,long_nclose,25.111777470525602,0.021150554183860845,2.0
1682454900000.0,165395,1682454900000.0,0.07246545795368627,-0.0016752720000000004,1187.357763956476,1187.5128410279967,-8.3,1.0092,16.8,1.000469221933291,long_nclose,16.807882928479287,0.014155702214362579,18.0
1682455500000.0,165405,1682455500000.0,0.04889235717357145,-0.0011303040000000002,1187.4055260096495,1187.5145107239966,-5.6,1.0092,11.2,1.000469221933291,long_nclose,11.205255285652857,0.009436755211430435,10.0
1682456460000.0,165421,1682456460000.0,0.08249235717357148,-0.0011370240000000002,1187.4868813428232,1187.5727336999967,-5.6,1.0152,5.6,1.000469221933291,long_nclose,5.6026276428264286,0.004718054347253854,16.0
1682457300000.0,165435,1682457300000.0,0.11553235717357033,-0.001143632,1187.6012700679967,1187.6012700679967,-5.6,1.0211,0.0,1.000469221933291,long_nclose,0.0,0.0,14.0
1682495280000.0,166068,1682495280000.0,0.0,-0.011878775999999999,1187.5893912919967,1187.6893512919967,58.8,1.0101,58.8,1.0101,long_ientry_normal,59.393879999999996,0.05001213419007094,633.0
1682495400000.0,166070,1682495400000.0,0.04115999999999873,-0.0029779259999999997,1187.6275733659966,1187.7907433659966,-14.7,1.0129,44.1,1.0101,long_nclose,44.545410000000004,0.03750789472978348,2.0
1682497320000.0,166102,1682497320000.0,0.1293599999999988,-0.0029955659999999994,1187.7539377999965,1188.0097177999965,-14.7,1.0189,29.4,1.0101,long_nclose,29.696939999999998,0.025002602858135593,32.0
1682497380000.0,166103,1682497380000.0,0.0862399999999992,-0.001997044,1187.8381807559965,1187.9989007559966,-9.8,1.0189,19.6,1.0101,long_nclose,19.79796,0.01666721976170158,1.0
1682497560000.0,166106,1682497560000.0,0.057199999999999473,-0.00132457,1187.8940561859965,1188.0460161859965,-6.5,1.0189,13.1,1.0101,long_nclose,13.23231,0.011139301464715914,3.0
1682498700000.0,166125,1682498700000.0,0.09619999999999951,-0.00133237,1187.9889238159965,1188.0885838159966,-6.5,1.0249,6.6,1.0101,long_nclose,6.666659999999999,0.005611718986895686,19.0
1682499720000.0,166142,1682499720000.0,0.13727999999999954,-0.001360788,1188.1248430279963,1188.1248430279963,-6.6,1.0309,0.0,1.0101,long_nclose,0.0,0.0,17.0
1682537040000.0,166764,1682537040000.0,0.0,-0.011889836,1188.1129531919964,1188.0670331919964,57.4,1.0357,57.4,1.0357,long_ientry_normal,59.449180000000005,0.05003663990051049,622.0
1682537940000.0,166779,1682537940000.0,0.0,-0.016308149999999997,1188.0966450419965,1185.6039050419965,81.5,1.0005,138.9,1.0150462922966161,long_rentry,140.98993,0.11866873842995855,15.0
1682538420000.0,166787,1682538420000.0,0.0,-0.038595826,1188.0580492159966,1181.4805492159965,197.3,0.9781,336.2,0.993364247471743,long_rentry,333.96906,0.2811050017466632,8.0
1682538720000.0,166792,1682538720000.0,0.2298032123735858,-0.01673448,1188.2711179483701,1188.1792547359967,-84.0,0.9961,252.2,0.993364247471743,long_nclose,250.52646321237359,0.21083274635583532,5.0
1682539320000.0,166802,1682539320000.0,0.0,-0.06836364,1188.2027543083702,1181.0833910959966,358.3,0.954,610.5,0.9702615286033964,long_rentry,592.3446632123736,0.4985215368880086,10.0
1682539860000.0,166811,1682539860000.0,0.4178907351217014,-0.029695959999999997,1188.590949083492,1189.3412051359967,-152.6,0.973,457.9,0.9702615286033964,long_nclose,444.2827539474952,0.37378944732001895,9.0
1682539920000.0,166812,1682539920000.0,0.3132811277714459,-0.022262240000000003,1188.8819679712635,1190.818782895997,-114.4,0.973,343.5,0.9702615286033964,long_nclose,333.2848350752667,0.280334670769708,1.0
1682539980000.0,166813,1682539980000.0,0.9662049749111106,-0.02241223,1189.8257607161745,1190.5902706659967,-114.5,0.9787,229.0,0.9702615286033964,long_nclose,222.18989005017778,0.1867415359341676,1.0
1682540160000.0,166816,1682540160000.0,0.6438553675608536,-0.014934962,1190.4546811217353,1192.1097157039967,-76.3,0.9787,152.7,0.9702615286033964,long_nclose,148.15893541773863,0.12445575439976615,3.0
1682540280000.0,166818,1682540280000.0,0.42951819408712255,-0.009963166,1190.8742361498225,1191.5194925379967,-50.9,0.9787,101.8,0.9702615286033964,long_nclose,98.77262361182575,0.08294127172585777,2.0
1682540820000.0,166827,1682540820000.0,0.06955717347373011,-0.0049428399999999996,1190.9388504832962,1191.1098696979966,-25.4,0.973,76.4,0.9702615286033964,long_nclose,74.1279807852995,0.062243313966302755,9.0
1682541000000.0,166830,1682541000000.0,0.05230480367512777,-0.0037168600000000006,1190.9874384269713,1191.2016528379966,-19.1,0.973,57.3,0.9702615286033964,long_nclose,55.595985588974614,0.04668058099958175,3.0
1682541240000.0,166834,1682541240000.0,0.16117480367512851,-0.0037386340000000007,1191.1448745966463,1191.5168842039966,-19.1,0.9787,38.2,0.9702615286033964,long_nclose,37.06399039264975,0.031116274084796454,4.0
1682541300000.0,166835,1682541300000.0,0.0,-0.0044296000000000006,1191.1404449966462,1191.4273346039965,22.6,0.98,60.8,0.9738814209317392,long_ientry_partial,59.211990392649746,0.04971033486552164,1.0
1682541480000.0,166838,1682541480000.0,0.04132240183756392,-0.002968864,1191.1787985344838,1191.2845257399965,-15.2,0.9766,45.6,0.9738814209317392,long_nclose,44.40899279448731,0.03728155072028148,3.0
1682541540000.0,166839,1682541540000.0,0.0,-0.003006696,1191.1757918384837,1191.3120190439965,15.4,0.9762,61.0,0.9744667671227428,long_ientry_partial,59.442472794487315,0.04990235127490515,1.0
1682541540000.0,166839,1682541540000.0,0.024318854800732037,-0.0022266480000000003,1191.1978840452844,1191.3086523959962,-11.4,0.9766,49.6,0.9744667671227428,long_nclose,48.33355164928805,0.040575585548513794,0.0
1682541600000.0,166840,1682541600000.0,0.03389208767798842,-0.002423456,1191.2293526769622,1191.3459089399962,-12.4,0.9772,37.2,0.9744667671227428,long_nclose,36.25016373696604,0.030430885249346572,1.0
1682541720000.0,166842,1682541720000.0,0.10581208767798876,-0.00243784,1191.3327269246402,1191.6088310999962,-12.4,0.983,24.8,0.9744667671227428,long_nclose,24.166775824644024,0.020285496468336956,2.0
1682541780000.0,166843,1682541780000.0,0.0,-0.007017472000000001,1191.3257094526402,1191.4870536279961,35.6,0.9856,60.4,0.9810287388186096,long_ientry_partial,59.254135824644024,0.04973798127119123,1.0
1682541840000.0,166844,1682541840000.0,0.040336043838994785,-0.0029707740000000002,1191.3630747224793,1191.4931428539962,-15.1,0.9837,45.3,0.9810287388186096,long_nclose,44.440601868483014,0.03730231598695064,1.0
1682541900000.0,166845,1682541900000.0,0.0,-0.002991056,1191.3600836664793,1191.3449517979964,15.2,0.9839,60.5,0.9817501135286448,long_ientry_partial,59.39588186848301,0.049855524524280485,1.0
1682542380000.0,166853,1682542380000.0,0.0415232857174637,-0.00297319,1191.3986337621968,1191.5280186079963,-15.1,0.9845,45.4,0.9817501135286448,long_nclose,44.57145515420047,0.03741103430130081,8.0
1682542440000.0,166854,1682542440000.0,0.0,-0.002973492,1191.395660270197,1191.5189951159964,15.1,0.9846,60.5,0.9824614075074458,long_ientry_partial,59.43891515420047,0.0498901558368278,1.0
1682542500000.0,166855,1682542500000.0,0.04135274663756764,-0.002975304,1191.4340377128344,1191.5674498119963,-15.1,0.9852,45.4,0.9824614075074458,long_nclose,44.60374790083804,0.037437026716529535,1.0
1682542680000.0,166858,1682542680000.0,0.12893274663756804,-0.00299282,1191.559977639472,1191.8096069919964,-15.1,0.991,30.3,0.9824614075074458,long_nclose,29.76858064747561,0.02498286381391255,3.0
1682542740000.0,166859,1682542740000.0,0.08623978417479718,-0.00200182,1191.6442156036467,1191.8469951719962,-10.1,0.991,20.2,0.9824614075074458,long_nclose,19.845720431650406,0.016654065174643788,1.0
1682542800000.0,166860,1682542800000.0,0.0,-0.0079003,1191.6363153036466,1191.6290948719961,39.8,0.9925,60.0,0.9891203405275069,long_ientry_partial,59.34722043165041,0.049803131768880224,1.0
1682544780000.0,166893,1682544780000.0,0.041694892087397184,-0.0029757000000000004,1191.675034495734,1191.8091191719961,-15.0,0.9919,45.0,0.9891203405275069,long_nclose,44.51041532373781,0.037351135196494835,33.0
1682544840000.0,166894,1682544840000.0,0.0,-0.0029961420000000002,1191.672038353734,1191.7400130299961,15.1,0.9921,60.1,0.9898689737726757,long_ientry_partial,59.49112532373781,0.04992239761362812,1.0
1682546040000.0,166914,1682546040000.0,0.04096539340986527,-0.0029778000000000005,1191.7100259471438,1191.869275229996,-15.0,0.9926,45.1,0.9898689737726757,long_nclose,44.64309071714767,0.037461370421606015,20.0
1682546280000.0,166918,1682546280000.0,0.12946539340986551,-0.0029955000000000003,1191.8364958405537,1192.1053197299962,-15.0,0.9985,30.1,0.9898689737726757,long_nclose,29.79505611055754,0.024999281541168365,4.0
1682546400000.0,166920,1682546400000.0,0.0,-0.005912896000000001,1191.8305829445537,1192.0755268339963,29.6,0.9988,59.7,0.9942970872790208,long_ientry_partial,59.35953611055754,0.049805347303559726,2.0
1682546820000.0,166927,1682546820000.0,0.04176339954259025,-0.0029713580000000003,1191.8693749860963,1191.9859854759961,-14.9,0.9971,44.8,0.9942970872790208,long_nclose,44.54450951010013,0.03737365054003486,7.0
1682546880000.0,166928,1682546880000.0,0.0,-0.0029907,1191.8663842860963,1192.000934775996,15.0,0.9969,59.8,0.9949499918076945,long_ientry_partial,59.498009510100125,0.04992003323068653,1.0
1682546880000.0,166928,1682546880000.0,0.02408009175382144,-0.002233504,1191.88823087385,1191.997581271996,-11.2,0.9971,48.6,0.9949499918076945,long_nclose,48.35456960185395,0.04056971815755082,0.0
1682547060000.0,166931,1682547060000.0,0.03327509912689692,-0.002414434,1191.919091538977,1192.0304168379962,-12.1,0.9977,36.5,0.9949499918076945,long_nclose,36.31567470098085,0.030468238120165466,3.0
1682547120000.0,166932,1682547120000.0,0.0,-0.0046307200000000005,1191.914460818977,1191.972056117996,23.2,0.998,59.7,0.9961352546227946,long_ientry_partial,59.46927470098084,0.04989391156486085,1.0
1682547660000.0,166941,1682547660000.0,0.041194706120360323,-0.0029767220000000002,1191.9526788030973,1192.0899793959961,-14.9,0.9989,44.8,0.9961352546227946,long_nclose,44.62685940710119,0.037440126777443364,9.0
1682547720000.0,166942,1682547720000.0,0.0,-0.002957632,1191.9497211710973,1192.0691417639962,14.8,0.9992,59.6,0.9968962987768657,long_ientry_partial,59.4150194071012,0.049846917493068084,1.0
1682550780000.0,166993,1682550780000.0,0.04177514822470161,-0.0029791060000000005,1191.988517213322,1192.127252657996,-14.9,0.9997,44.7,0.9968962987768657,long_nclose,44.5612645553259,0.03738397133179017,51.0
1682551020000.0,166997,1682551020000.0,0.0,-0.00298,1191.985537213322,1192.112352657996,14.9,1.0,59.6,0.9976722240826492,long_ientry_partial,59.4612645553259,0.04988421645982144,4.0
1682554380000.0,167053,1682554380000.0,0.04064386116852601,-0.002981192,1192.0231998824904,1192.176421465996,-14.9,1.0004,44.7,0.9976722240826492,long_nclose,44.59594841649442,0.03741198025415167,56.0
1682554440000.0,167054,1682554440000.0,0.0,-0.0029632560000000005,1192.0202366264905,1192.209158209996,14.8,1.0011,59.5,0.9985248473360406,long_ientry_partial,59.412228416494415,0.049841627340686444,1.0
1682554560000.0,167056,1682554560000.0,0.041072259426599804,-0.0029638480000000007,1192.058345037917,1192.2181543619959,-14.8,1.0013,44.7,0.9985248473360406,long_nclose,44.63406067592102,0.037442849053249405,2.0
1682554620000.0,167057,1682554620000.0,0.0,-0.0029662160000000003,1192.055378821917,1192.191388145996,14.8,1.0021,59.5,0.9994141290070759,long_ientry_partial,59.46514067592102,0.049884545409869425,1.0
1682554680000.0,167058,1682554680000.0,0.04123089069527586,-0.002966512,1192.0936432006122,1192.3701516339959,-14.8,1.0022,44.7,0.9994141290070759,long_nclose,44.673811566616294,0.03747508580506568,1.0
1682554740000.0,167059,1682554740000.0,0.0,-0.002936352,1192.0907068486122,1192.4087252819959,14.6,1.0056,59.3,1.0009371259125852,long_ientry_partial,59.3555715666163,0.04979115366441161,1.0
1682554860000.0,167061,1682554860000.0,0.17262861952207212,-0.0039782179999999995,1192.2593572501344,1192.717247063996,-19.7,1.0097,39.6,1.0009371259125852,long_nclose,39.63711018613838,0.033245375635011745,2.0
1682554920000.0,167062,1682554920000.0,0.290324906930814,-0.004021776,1192.5456603810653,1192.7924252879961,-19.8,1.0156,19.8,1.0009371259125852,long_nclose,19.81855509306919,0.01661869708765397,1.0
1682554980000.0,167063,1682554980000.0,0.145162453465407,-0.002010888,1192.6888119465307,1192.8290243999961,-9.9,1.0156,9.9,1.0009371259125852,long_nclose,9.909277546534595,0.008308351220602242,1.0
1682555040000.0,167064,1682555040000.0,0.07184808302833275,-0.0009952880000000002,1192.759664741559,1192.857979111996,-4.9,1.0156,5.0,1.0009371259125852,long_nclose,5.0046856295629265,0.004195887719465527,1.0
1682555040000.0,167064,1682555040000.0,0.10331437043707425,-0.0010216000000000001,1192.861957511996,1192.861957511996,-5.0,1.0216,0.0,1.0009371259125852,long_nclose,0.0,0.0,0.0
1682558580000.0,167123,1682558580000.0,0.0,-0.01193806,1192.850019451996,1192.761519451996,59.0,1.0117,59.0,1.0117,long_ientry_normal,59.6903,0.05004007128022864,59.0
1682571180000.0,167333,1682571180000.0,0.04115999999999873,-0.0029826299999999996,1192.8881968219962,1193.0210968219963,-14.7,1.0145,44.3,1.0117,long_nclose,44.81831,0.03757125782567184,210.0
1682571360000.0,167336,1682571360000.0,0.03079999999999905,-0.0022319,1192.9167649219962,1193.0399749219962,-11.0,1.0145,33.3,1.0117,long_nclose,33.68961,0.028241375249850677,3.0
1682573040000.0,167364,1682573040000.0,0.0976799999999991,-0.0022655099999999997,1193.0121794119964,1193.2075394119963,-11.1,1.0205,22.2,1.0117,long_nclose,22.45974,0.018826077711184643,28.0
1682573400000.0,167370,1682573400000.0,0.0651199999999994,-0.0015103400000000002,1193.0757890719963,1193.2104690719962,-7.4,1.0205,14.8,1.0117,long_nclose,14.973160000000002,0.012550049323896258,6.0
1682577420000.0,167437,1682577420000.0,0.0,-0.008943428000000002,1193.0668456439962,1193.1612456439962,44.2,1.0117,59.0,1.0117,long_ientry_partial,59.6903,0.05003097707218596,67.0
1682577600000.0,167440,1682577600000.0,0.04115999999999873,-0.0029826299999999996,1193.1050230139963,1193.1980530139963,-14.7,1.0145,44.3,1.0117,long_nclose,44.81831,0.03756442989970903,3.0
1682577960000.0,167446,1682577960000.0,0.0,-0.002974692,1193.1020483219963,1193.0946783219963,14.7,1.0118,59.0,1.0117249152542374,long_ientry_partial,59.691770000000005,0.050030732982104725,6.0
1682608920000.0,167962,1682608920000.0,0.04079374576271024,-0.0029826299999999996,1193.1398594377592,1193.1476156919966,-14.7,1.0145,44.3,1.0117249152542374,long_nclose,44.81941374576271,0.03756425819759543,516.0
1682610240000.0,167984,1682610240000.0,0.0,-0.0030497280000000002,1193.1368097097593,1192.5806559639966,15.2,1.0032,59.5,1.0095471217775245,long_ientry_partial,60.068053745762704,0.050344648875911197,22.0
1682617560000.0,168106,1682617560000.0,0.04074259769263735,-0.002996408,1193.174555899452,1193.3065495559965,-14.8,1.0123,44.7,1.0095471217775245,long_nclose,45.12675634345535,0.037820749797532686,122.0
1682618520000.0,168122,1682618520000.0,0.030556948269478013,-0.002247306,1193.2028655417214,1193.3054422499965,-11.1,1.0123,33.6,1.0095471217775245,long_nclose,33.920783291724824,0.02842834548199361,16.0
1682619000000.0,168130,1682619000000.0,0.02312417706879417,-0.0017006640000000002,1193.2242890547902,1193.2961815859967,-8.4,1.0123,25.2,1.0095471217775245,long_nclose,25.440587468793616,0.02132087630310167,8.0
1682619600000.0,168140,1682619600000.0,0.07436417706879413,-0.0017109120000000002,1193.2969423198592,1193.457430673997,-8.4,1.0184,16.8,1.0095471217775245,long_nclose,16.960391645862412,0.014213052128408317,10.0
1682619720000.0,168142,1682619720000.0,0.049576118045862747,-0.001140608,1193.3453778299051,1193.457970065997,-5.6,1.0184,11.2,1.0095471217775245,long_nclose,11.306927763908273,0.00947498349930335,2.0
1682619960000.0,168146,1682619960000.0,0.08317611804586278,-0.001147328,1193.4274066199512,1193.510582737997,-5.6,1.0244,5.6,1.0095471217775245,long_nclose,5.653463881954137,0.0047371661238834704,4.0
1682620020000.0,168147,1682620020000.0,0.04158805902293139,-0.000573664,1193.468421014974,1193.5170090739969,-2.8,1.0244,2.8,1.0095471217775245,long_nclose,2.8267319409770684,0.0023685016638924565,1.0
1682620200000.0,168150,1682620200000.0,0.020794029511465695,-0.000286832,1193.4889282124855,1193.5136422419969,-1.4,1.0244,1.4,1.0095471217775245,long_nclose,1.4133659704885342,0.0011842304834828786,3.0
1682620980000.0,168163,1682620980000.0,0.0291940295114657,-0.000288512,1193.517833729997,1193.517833729997,-1.4,1.0304,0.0,1.0095471217775245,long_nclose,0.0,0.0,13.0
1682631360000.0,168336,1682631360000.0,0.0,-0.011938200000000001,1193.505895529997,1193.446795529997,59.1,1.01,59.1,1.01,long_ientry_normal,59.691,0.05001315889897065,173.0
1682632860000.0,168361,1682632860000.0,0.04115999999999873,-0.0029776319999999996,1193.5440778979969,1193.7083578979968,-14.7,1.0128,44.4,1.01,long_nclose,44.844,0.03757213565080625,25.0
1682632980000.0,168363,1682632980000.0,0.031079999999999042,-0.002248416,1193.572909481997,1193.6794694819969,-11.1,1.0128,33.3,1.01,long_nclose,33.632999999999996,0.028178421052297932,2.0
1682633100000.0,168365,1682633100000.0,0.023239999999999286,-0.0016812480000000002,1193.5944682339968,1193.6544682339968,-8.3,1.0128,25.0,1.01,long_nclose,25.25,0.02115458865803816,2.0
1682633220000.0,168367,1682633220000.0,0.017359999999999466,-0.0012558719999999999,1193.610572361997,1193.672612361997,-6.2,1.0128,18.8,1.01,long_nclose,18.988,0.01590803603760418,2.0
1682634600000.0,168390,1682634600000.0,0.0,-0.0081406,1193.602431761997,1193.602431761997,40.3,1.01,59.1,1.0099999999999998,long_ientry_partial,59.69099999999999,0.0500091139324206,23.0
1682736360000.0,170086,1682736360000.0,0.041160000000001994,-0.0029776319999999996,1193.640614129997,1193.804894129997,-14.7,1.0128,44.4,1.0099999999999998,long_nclose,44.84399999999999,0.03756909698710714,1696.0
1682739000000.0,170130,1682739000000.0,0.031080000000001506,-0.002248416,1193.669445713997,1193.769345713997,-11.1,1.0128,33.3,1.0099999999999998,long_nclose,33.63299999999999,0.028176142164619375,44.0
1682739540000.0,170139,1682739540000.0,0.023240000000001128,-0.0016812480000000002,1193.691004465997,1193.763504465997,-8.3,1.0128,25.0,1.0099999999999998,long_nclose,25.249999999999993,0.021152877843203396,9.0
1682740800000.0,170160,1682740800000.0,0.017360000000000844,-0.0012558719999999999,1193.707108593997,1193.7766685939969,-6.2,1.0128,18.8,1.0099999999999998,long_nclose,18.987999999999996,0.01590674953956246,21.0
1682742180000.0,170183,1682742180000.0,0.05456000000000088,-0.0012633120000000002,1193.760405281997,1193.871285281997,-6.2,1.0188,12.6,1.0099999999999998,long_nclose,12.725999999999997,0.010660430638921876,23.0
1682742300000.0,170185,1682742300000.0,0.0369600000000006,-0.000855792,1193.7965094899969,1193.8746294899968,-4.2,1.0188,8.4,1.0099999999999998,long_nclose,8.483999999999998,0.007106738822368024,2.0
1682747100000.0,170265,1682747100000.0,0.005880000000000285,-0.000425376,1193.8019641139967,1193.8265341139968,-2.1,1.0128,6.3,1.0099999999999998,long_nclose,6.362999999999999,0.005330029763121074,80.0
1682750220000.0,170317,1682750220000.0,0.004200000000000204,-0.00030384,1193.8058602739968,1193.8202602739968,-1.5,1.0128,4.8,1.0099999999999998,long_nclose,4.847999999999999,0.004060961804030103,52.0
1682750400000.0,170320,1682750400000.0,0.0033600000000001628,-0.00024307199999999997,1193.8089772019966,1193.8204972019967,-1.2,1.0128,3.6,1.0099999999999998,long_nclose,3.6359999999999992,0.003045713400917721,3.0
1682751120000.0,170332,1682751120000.0,0.0025200000000001224,-0.000182304,1193.8113148979967,1193.8194148979967,-0.9,1.0128,2.7,1.0099999999999998,long_nclose,2.7269999999999994,0.0022842805776497467,12.0
1682751240000.0,170334,1682751240000.0,0.0016800000000000814,-0.00012153599999999998,1193.8128733619967,1193.8191733619967,-0.6,1.0128,2.1,1.0099999999999998,long_nclose,2.1209999999999996,0.0017766603521596088,2.0
1682752860000.0,170361,1682752860000.0,0.0014000000000000679,-0.00010127999999999999,1193.8141720819967,1193.8202520819968,-0.5,1.0128,1.6,1.0099999999999998,long_nclose,1.6159999999999997,0.0013536445100008456,27.0
1682760600000.0,170490,1682760600000.0,0.0044000000000000705,-0.00010188,1193.8184702019967,1193.8283702019967,-0.5,1.0188,1.1,1.0099999999999998,long_nclose,1.1109999999999998,0.0009306272500642548,129.0
1682761080000.0,170498,1682761080000.0,0.002640000000000042,-6.1128e-05,1193.8210490739966,1193.8281690739966,-0.3,1.0188,0.8,1.0099999999999998,long_nclose,0.8079999999999998,0.000676818356173847,8.0
1682768160000.0,170616,1682768160000.0,0.0017600000000000283,-4.0752e-05,1193.8227683219968,1193.8281683219968,-0.2,1.0188,0.6,1.0099999999999998,long_nclose,0.6059999999999999,0.000507613036105666,118.0
1682768340000.0,170619,1682768340000.0,0.0017600000000000283,-4.0752e-05,1193.824487569997,1193.828087569997,-0.2,1.0188,0.4,1.0099999999999998,long_nclose,0.4039999999999999,0.0003384082033887015,3.0
1682770200000.0,170650,1682770200000.0,0.0008800000000000141,-2.0376e-05,1193.825347193997,1193.828167193997,-0.1,1.0188,0.3,1.0099999999999998,long_nclose,0.30299999999999994,0.0002538059697862675,31.0
1682771100000.0,170665,1682771100000.0,0.0008800000000000141,-2.0376e-05,1193.826206817997,1193.828006817997,-0.1,1.0188,0.2,1.0099999999999998,long_nclose,0.20199999999999996,0.00016920385802084807,15.0
1682771340000.0,170669,1682771340000.0,0.0008800000000000141,-2.0376e-05,1193.827066441997,1193.827996441997,-0.1,1.0188,0.1,1.0099999999999998,long_nclose,0.10099999999999998,8.460186809217995e-05,4.0
1682774460000.0,170721,1682774460000.0,0.0014800000000000147,-2.0496e-05,1193.828525945997,1193.828525945997,-0.1,1.0248,0.0,1.0099999999999998,long_nclose,0.0,0.0,52.0
1682789400000.0,170970,1682789400000.0,0.0,-0.011932536,1193.816593409997,1193.658103409997,58.7,1.0164,58.7,1.0164,long_ientry_normal,59.66268,0.049976420439575696,249.0
1682790840000.0,170994,1682790840000.0,0.04088000000000198,-0.0029760640000000005,1193.854497345997,1194.008847345997,-14.6,1.0192,44.1,1.0164,long_nclose,44.82324,0.03754497729802457,24.0
1682798400000.0,171120,1682798400000.0,0.13083000000000192,-0.0030143820000000003,1193.9823129639972,1194.252792963997,-14.7,1.0253,29.4,1.0164,long_nclose,29.88216,0.025027305409423644,126.0
1682800200000.0,171150,1682800200000.0,0.08722000000000128,-0.0020095880000000005,1194.067523375997,1194.249803375997,-9.8,1.0253,19.6,1.0164,long_nclose,19.92144,0.016683679616104077,30.0
1682804040000.0,171214,1682804040000.0,0.0,-0.00794118,1194.059582195997,1194.0753221959972,39.0,1.0181,58.6,1.0175313993174062,long_ientry_partial,59.627340000000004,0.049936653822868084,64.0
1682804520000.0,171222,1682804520000.0,0.04188156996586887,-0.0029795679999999997,1194.098484197963,1194.2247026279972,-14.6,1.0204,44.0,1.0175313993174062,long_nclose,44.771381569965875,0.03749387689746324,8.0
1682804580000.0,171223,1682804580000.0,0.03155460750853134,-0.00224488,1194.1277939254715,1194.242257747997,-11.0,1.0204,33.0,1.0175313993174062,long_nclose,33.578536177474405,0.028119717460968943,1.0
1682809500000.0,171305,1682809500000.0,0.0,-0.0052142080000000006,1194.1225797174714,1194.157103539997,25.6,1.0184,58.6,1.0179108562708943,long_ientry_partial,59.64957617747441,0.04995264070091318,82.0
1682810760000.0,171326,1682810760000.0,0.04072149844494261,-0.0029804439999999996,1194.1603207719163,1194.2874430959969,-14.6,1.0207,44.0,1.0179108562708943,long_nclose,44.78807767591935,0.037505916832815143,21.0
1682811780000.0,171343,1682811780000.0,0.030680581020162245,-0.00224554,1194.1887558129363,1194.2939975559968,-11.0,1.0207,33.0,1.0179108562708943,long_nclose,33.59105825693951,0.02812876782956528,17.0
1682812080000.0,171348,1682812080000.0,0.0228709785786664,-0.0016739479999999998,1194.2099528435149,1194.2840836079968,-8.2,1.0207,24.8,1.0179108562708943,long_nclose,25.244189235518178,0.02113882000012613,5.0
1682812500000.0,171355,1682812500000.0,0.017292691120455086,-0.001265668,1194.2259798666353,1194.2797179399965,-6.2,1.0207,18.6,1.0179108562708943,long_nclose,18.933141926638633,0.015853902231094473,7.0
1682813280000.0,171368,1682813280000.0,0.0,-0.0081472,1194.2178326666353,1194.1800507399967,40.0,1.0184,58.6,1.0182447427754031,long_ientry_partial,59.66914192663862,0.049965040124547534,13.0
1682867820000.0,172277,1682867820000.0,0.04168675547911307,-0.002981612,1194.2565378101144,1194.4041691279967,-14.6,1.0211,44.0,1.0182447427754031,long_nclose,44.80276868211774,0.03751519649561368,909.0
1682868600000.0,172290,1682868600000.0,0.03140782947056464,-0.00224642,1194.285699219585,1194.4393227079968,-11.0,1.0211,33.0,1.0182447427754031,long_nclose,33.6020765115883,0.02813571035267845,13.0
1682869740000.0,172309,1682869740000.0,0.0,-0.00524734,1194.280451879585,1194.1014853679967,25.9,1.013,58.9,1.0159384806721272,long_ientry_partial,59.83877651158829,0.050104459482203455,19.0
1682870460000.0,172321,1682870460000.0,0.042064334119728805,-0.0029952719999999998,1194.3195209417047,1194.5255600959968,-14.7,1.0188,44.2,1.0159384806721272,long_nclose,44.90448084570803,0.03759838138649987,12.0
1682873100000.0,172365,1682873100000.0,0.03147671260659979,-0.00224136,1194.3487562943112,1194.4437587359967,-11.0,1.0188,33.2,1.0159384806721272,long_nclose,33.729157558314625,0.028240626852549838,44.0
1682873160000.0,172366,1682873160000.0,0.02375061042134348,-0.001691208,1194.3708156967325,1194.4470475279966,-8.3,1.0188,24.9,1.0159384806721272,long_nclose,25.296868168735966,0.021180078947239778,1.0
1682877660000.0,172441,1682877660000.0,0.0,-0.006881021999999999,1194.3639346747325,1194.3145565059965,33.9,1.0149,58.8,1.0153397647744211,long_ientry_partial,59.701978168735955,0.04998642075122179,75.0
1682905080000.0,172898,1682905080000.0,0.0,-0.01637936,1194.3475553147325,1191.4343571459965,83.5,0.9808,142.3,0.9950722288737593,long_rentry,141.59877816873598,0.11855743124238413,457.0
1682905860000.0,172911,1682905860000.0,0.0,-0.038754696,1194.3088006187324,1190.3871024499965,202.1,0.9588,344.4,0.9737870446246689,long_rentry,335.3722581687359,0.2808086635508258,13.0
1682915580000.0,173073,1682915580000.0,0.23358545781600912,-0.01681533,1194.5255707465483,1195.3038171199962,-86.1,0.9765,258.3,0.9737870446246689,long_nclose,251.529193626552,0.21056827897736222,162.0
1682915880000.0,173078,1682915880000.0,0.174985621708857,-0.012596850000000001,1194.6879595182572,1195.2331102699964,-64.5,0.9765,193.8,0.9737870446246689,long_nclose,188.71992924826085,0.15796587531053696,5.0
1682919420000.0,173137,1682919420000.0,0.13130704016602604,-0.00945252,1194.8098140384234,1195.3351377499964,-48.4,0.9765,145.4,0.9737870446246689,long_nclose,141.58863628842687,0.11850307440132357,59.0
1682919840000.0,173144,1682919840000.0,0.09848028012451952,-0.007089390000000001,1194.901204928548,1195.1971883599965,-36.3,0.9765,109.1,0.9737870446246689,long_nclose,106.24016656855137,0.08891125570076253,7.0
1682919900000.0,173145,1682919900000.0,0.07379238620900637,-0.005312160000000001,1194.9696851547571,1195.1181661999967,-27.2,0.9765,81.9,0.9737870446246689,long_nclose,79.7531589547604,0.06674073823423544,1.0
1682919960000.0,173146,1682919960000.0,0.05534428965675477,-0.00398412,1195.0210453244138,1195.2678420799966,-20.4,0.9765,61.5,0.9737870446246689,long_nclose,59.88790324441714,0.050114517630239136,1.0
1682920380000.0,173153,1682920380000.0,0.041508217242566085,-0.0029880900000000005,1195.0595654516565,1195.2126239899967,-15.3,0.9765,46.2,0.9737870446246689,long_nclose,44.988961461659706,0.037645790019392666,7.0
1682920440000.0,173154,1682920440000.0,0.0,-0.0029313,1195.0566341516565,1195.2831326899968,15.0,0.9771,61.2,0.9745990434911717,long_ientry_partial,59.64546146165971,0.04991015467982458,1.0
1682924700000.0,173225,1682924700000.0,0.17341951278009765,-0.004011048,1195.2260426164366,1195.5484016419969,-20.4,0.9831,40.8,0.9745990434911717,long_nclose,39.7636409744398,0.033268720356355606,71.0
1682924760000.0,173226,1682924760000.0,0.1156130085200651,-0.002674032,1195.3389815929568,1195.5892476099968,-13.6,0.9831,27.2,0.9745990434911717,long_nclose,26.509093982959868,0.02217705135628789,1.0
1682925000000.0,173230,1682925000000.0,0.0,-0.006619354,1195.3323622389569,1195.518118255997,33.7,0.9821,60.9,0.9787498190962214,long_ientry_partial,59.60586398295988,0.04986551512025755,4.0
1682925360000.0,173236,1682925360000.0,0.041802749737435536,-0.00298376,1195.3711812286942,1195.5060044959969,-15.2,0.9815,45.7,0.9787498190962214,long_nclose,44.72886673269732,0.03741839140435154,6.0
1682925420000.0,173237,1682925420000.0,0.0,-0.0029843680000000003,1195.3681968606943,1195.496930127997,15.2,0.9817,60.9,0.9794861532462615,long_ientry_partial,59.65070673269732,0.049901534012159174,1.0
1682925840000.0,173244,1682925840000.0,0.04125047065682406,-0.002985888,1195.4064614433512,1195.553334239997,-15.2,0.9822,45.7,0.9794861532462615,long_nclose,44.76251720335416,0.037445436884544894,7.0
1682926020000.0,173247,1682926020000.0,0.03093785299261804,-0.002239416,1195.4351598803437,1195.535104823997,-11.4,0.9822,34.3,0.9794861532462615,long_nclose,33.596375056346766,0.02810388734066478,3.0
1682926320000.0,173252,1682926320000.0,0.02306769740677661,-0.0016697399999999999,1195.4565578377506,1195.526575083997,-8.5,0.9822,25.8,0.9794861532462615,long_nclose,25.27074275375355,0.021138988772173635,5.0
1682926440000.0,173254,1682926440000.0,0.017368619223925918,-0.001257216,1195.4726692409743,1195.5291978679968,-6.4,0.9822,19.4,0.9794861532462615,long_nclose,19.002031372977473,0.015894994391667843,2.0
1682926560000.0,173256,1682926560000.0,0.0,-0.00814977,1195.4645194709742,1195.5174380979968,41.5,0.9819,60.9,0.9811310570275448,long_ientry_partial,59.750881372977474,0.049981308855087454,2.0
1682930340000.0,173319,1682930340000.0,0.042087933181319405,-0.002991056,1195.5036163481557,1195.634727041997,-15.2,0.9839,45.7,0.9811310570275448,long_nclose,44.8376893061588,0.03750527283482606,63.0
1682930700000.0,173325,1682930700000.0,0.031565949885989555,-0.002243292,1195.5329390060417,1195.6313437499969,-11.4,0.9839,34.3,0.9811310570275448,long_nclose,33.65279525604478,0.02814878131590711,6.0
1682932500000.0,173355,1682932500000.0,0.023536015265869403,-0.0016726299999999998,1195.5548023913075,1195.6314011199968,-8.5,0.9839,25.8,0.9811310570275448,long_nclose,25.313181271310654,0.021172748602305894,30.0
1682933460000.0,173371,1682933460000.0,0.017721235023713432,-0.001259392,1195.571264234331,1195.6269217279967,-6.4,0.9839,19.4,0.9811310570275448,long_nclose,19.033942506334366,0.015920374699306697,16.0
1682933700000.0,173375,1682933700000.0,0.0,-0.00814811,1195.563116124331,1195.5619736179965,41.5,0.9817,60.9,0.9815187603667385,long_ientry_partial,59.77449250633437,0.04999693592096246,4.0
1682935920000.0,173412,1682935920000.0,0.04075484242557481,-0.002991968,1195.6008789987563,1195.7142716499964,-15.2,0.9842,45.7,0.9815187603667385,long_nclose,44.855407348759954,0.03751704112690487,37.0
1682936100000.0,173415,1682936100000.0,0.030566131819181108,-0.002243976,1195.6292011545754,1195.7245976739962,-11.4,0.9842,34.3,0.9815187603667385,long_nclose,33.66609348057913,0.02815763737458822,3.0
1682938800000.0,173460,1682938800000.0,0.0,-0.005222112000000001,1195.6239790425755,1195.5475955619963,26.6,0.9816,60.9,0.9815542443444849,long_ientry_partial,59.77665348057913,0.0499961982432359,45.0
1682943060000.0,173531,1682943060000.0,0.04173548596382872,-0.002992272,1195.6627222565392,1195.8201932899963,-15.2,0.9843,45.7,0.9815542443444849,long_nclose,44.85702896654296,0.03751645688333045,71.0
1682944740000.0,173559,1682944740000.0,0.12989548596382913,-0.003009904,1195.789607838503,1196.056353385996,-15.2,0.9901,30.5,0.9815542443444849,long_nclose,29.93740445250679,0.02503567873166362,28.0
1682947920000.0,173612,1682947920000.0,0.08631213212070225,-0.002000002,1195.8739199686236,1196.0502933839962,-10.1,0.9901,20.4,0.9815542443444849,long_nclose,20.02370658462749,0.01674399470569009,53.0
1682949600000.0,173640,1682949600000.0,0.0,-0.007943448,1195.8659765206235,1195.867109935996,40.4,0.9831,60.8,0.9825813582997943,long_ientry_partial,59.740946584627494,0.04995622231718976,28.0
1682949720000.0,173642,1682949720000.0,0.04132335384312569,-0.002995312,1195.9043045624667,1196.069314623996,-15.2,0.9853,45.6,0.9825813582997943,long_nclose,44.80570993847062,0.0374659659368508,2.0
1682949900000.0,173645,1682949900000.0,0.030992515382344266,-0.002246484,1195.9330505938492,1196.0568081399963,-11.4,0.9853,34.2,0.9825813582997943,long_nclose,33.60428245385297,0.028098799039934983,3.0
1682950200000.0,173650,1682950200000.0,0.023108454451747917,-0.00167501,1195.954484038301,1196.0243531299961,-8.5,0.9853,25.7,0.9825813582997943,long_nclose,25.252340908304713,0.021114800977238526,5.0
1682950260000.0,173651,1682950260000.0,0.01739930688131608,-0.001261184,1195.9706221611823,1196.0095819459962,-6.4,0.9853,19.3,0.9825813582997943,long_nclose,18.963820215186033,0.015856426457129362,1.0
1682950500000.0,173655,1682950500000.0,0.01304948016098706,-0.000945888,1195.9827257533434,1196.0250460579964,-4.8,0.9853,14.5,0.9825813582997943,long_nclose,14.247429695347018,0.011912738694760524,4.0
1682950920000.0,173662,1682950920000.0,0.0,-0.009104431999999999,1195.9736213213434,1195.9400316259964,46.3,0.9832,60.8,0.9830524620945233,long_ientry_partial,59.769589695347015,0.04997567557494453,7.0
1682951160000.0,173666,1682951160000.0,0.04176257616324523,-0.002996832,1196.0123870655066,1196.1604747939964,-15.2,0.9858,45.6,0.9830524620945233,long_nclose,44.82719227151026,0.03748054180399976,4.0
1682951820000.0,173677,1682951820000.0,0.0,-0.0029889279999999996,1196.0093981375067,1196.0100458659963,15.2,0.9832,60.8,0.9830893465708926,long_ientry_partial,59.77183227151027,0.049976055676979075,11.0
1682983020000.0,174197,1682983020000.0,0.04120193212243199,-0.002996832,1196.0476032376291,1196.1757690339964,-15.2,0.9858,45.6,0.9830893465708926,long_nclose,44.82887420363271,0.03748084447666099,520.0
1682983740000.0,174209,1682983740000.0,0.030901449091823997,-0.002247624,1196.076257062721,1196.1758014099964,-11.4,0.9858,34.2,0.9830893465708926,long_nclose,33.621655652724534,0.02810995992453803,12.0
1682984340000.0,174219,1682984340000.0,0.02304055414741263,-0.0016758600000000002,1196.0976217568684,1196.1492955499964,-8.5,0.9858,25.7,0.9830893465708926,long_nclose,25.26539620687194,0.02112318906692689,10.0
1682984520000.0,174222,1682984520000.0,0.017348181946287157,-0.0012618240000000001,1196.1137081148147,1196.1621637259964,-6.4,0.9858,19.3,0.9830893465708926,long_nclose,18.97362438881823,0.015862726311131746,3.0
1682984580000.0,174223,1682984580000.0,0.013011136459715366,-0.0009463680000000001,1196.1257728832743,1196.1665273579963,-4.8,0.9858,14.5,0.9830893465708926,long_nclose,14.254795525277943,0.011917472099039051,1.0
1682986860000.0,174261,1682986860000.0,0.0,-0.009123348,1196.1166495352743,1196.1108940099964,46.6,0.9789,61.1,0.9798941984497209,long_ientry_partial,59.87153552527795,0.050054930301772625,38.0
1682987280000.0,174268,1682987280000.0,0.041128183564242436,-0.0029871040000000004,1196.1547906148385,1196.2743969059964,-15.2,0.9826,45.9,0.9798941984497209,long_nclose,44.97714370884219,0.037601440935352004,7.0
1682987340000.0,174269,1682987340000.0,0.03084613767318183,-0.002240328,1196.1833964245118,1196.2974465779964,-11.4,0.9826,34.5,0.9798941984497209,long_nclose,33.806349846515374,0.028261845087939916,1.0
1682987460000.0,174271,1682987460000.0,0.023269893332400326,-0.0016900720000000001,1196.2049762458441,1196.2880065059965,-8.6,0.9826,25.9,0.9798941984497209,long_nclose,25.37925973984777,0.021216480656599295,2.0
1682989200000.0,174300,1682989200000.0,0.01731712992178629,-0.0012577280000000003,1196.221035647766,1196.2854987779965,-6.4,0.9826,19.5,0.9798941984497209,long_nclose,19.107936869769556,0.015973583727711668,29.0
1682992080000.0,174348,1682992080000.0,0.0,-0.008134,1196.212901647766,1196.2393647779966,41.5,0.98,61.0,0.9799661781929436,long_ientry_partial,59.77793686976956,0.04997265686352848,48.0
1682995560000.0,174406,1682995560000.0,0.041554091467257144,-0.002987408,1196.2514683312334,1196.3812573699965,-15.2,0.9827,45.8,0.9799661781929436,long_nclose,44.88245096123681,0.03751924419691428,58.0
1682997300000.0,174435,1682997300000.0,0.0,-0.0029792,1196.2484891312333,1196.2012381699965,15.2,0.98,61.0,0.979974605921915,long_ientry_partial,59.778450961236814,0.04997159996803881,29.0
1683031260000.0,175001,1683031260000.0,0.04142598998689246,-0.002987408,1196.2869277132202,1196.3476307619965,-15.2,0.9827,45.8,0.979974605921915,long_nclose,44.8828369512237,0.03751845473812888,566.0
1683031380000.0,175003,1683031380000.0,0.03106949249016935,-0.0022405560000000003,1196.3157566497102,1196.4232702059965,-11.4,0.9827,34.4,0.979974605921915,long_nclose,33.71112644371387,0.02817912098568533,2.0
1683031560000.0,175006,1683031560000.0,0.02343838907153126,-0.001690244,1196.3375047947818,1196.4052399619964,-8.6,0.9827,25.8,0.979974605921915,long_nclose,25.283344832785406,0.021133956539398535,3.0
1683034560000.0,175056,1683034560000.0,0.0,-0.006906798,1196.3305979967818,1196.1590831639965,35.3,0.9783,61.1,0.979007116739532,long_ientry_partial,59.817334832785406,0.05000067283487329,50.0
1683037080000.0,175098,1683037080000.0,0.04093182555911383,-0.0029843680000000003,1196.3685454543408,1196.4967387959964,-15.2,0.9817,45.9,0.979007116739532,long_nclose,44.936426658344516,0.03756068882710316,42.0
1683037200000.0,175100,1683037200000.0,0.030698869169335376,-0.0022382760000000004,1196.39700604751,1196.5347605199963,-11.4,0.9817,34.5,0.979007116739532,long_nclose,33.775745527513855,0.028231218698128863,2.0
1683037380000.0,175103,1683037380000.0,0.02315879604002493,-0.001688524,1196.41847631955,1196.4959919959963,-8.6,0.9817,25.9,0.979007116739532,long_nclose,25.356284323553876,0.021193491094817808,3.0
1683037860000.0,175111,1683037860000.0,0.07389879604002507,-0.0016986719999999998,1196.4906764435902,1196.6427933239963,-8.6,0.9876,17.3,0.979007116739532,long_nclose,16.936823119593903,0.014155415878322064,8.0
1683038160000.0,175116,1683038160000.0,0.04897943458466778,-0.0011258640000000003,1196.538530014175,1196.6393674599965,-5.7,0.9876,11.6,0.979007116739532,long_nclose,11.356482554178571,0.009491113131178513,5.0
1683038280000.0,175118,1683038280000.0,0.03265295638977852,-0.000750576,1196.5704323945647,1196.6452568839964,-3.8,0.9876,7.8,0.979007116739532,long_nclose,7.63625551056835,0.00638178522871132,2.0
1683039240000.0,175134,1683039240000.0,0.005116478194889229,-0.00037304600000000003,1196.5751758267595,1196.6052238379962,-1.9,0.9817,5.9,0.979007116739532,long_nclose,5.776141988763239,0.004827228665154517,16.0
1683039780000.0,175143,1683039780000.0,0.003770036564655221,-0.000274876,1196.5786709873241,1196.5943889619962,-1.4,0.9817,4.5,0.979007116739532,long_nclose,4.405532025327894,0.0036817738207658253,9.0
1683040320000.0,175152,1683040320000.0,0.012889324890702047,-0.00029628,1196.591264032215,1196.6167426819964,-1.5,0.9876,3.0,0.979007116739532,long_nclose,2.937021350218596,0.0024544900489424973,9.0
1683040440000.0,175154,1683040440000.0,0.008592883260468032,-0.00019752000000000002,1196.5996593954753,1196.6172451619962,-1.0,0.9876,2.0,0.979007116739532,long_nclose,1.958014233479064,0.0016363152187994579,2.0
1683040980000.0,175163,1683040980000.0,0.005155729956280819,-0.000118512,1196.6046966134315,1196.6171466499961,-0.6,0.9876,1.4,0.979007116739532,long_nclose,1.3706099634353448,0.001145415831405621,9.0
1683041100000.0,175165,1683041100000.0,0.003437153304187213,-7.900800000000001e-05,1196.6080547587358,1196.6166476419962,-0.4,0.9876,1.0,0.979007116739532,long_nclose,0.979007116739532,0.0008181518692325056,2.0
1683041160000.0,175166,1683041160000.0,0.0025778649781404094,-5.9256e-05,1196.6105733677139,1196.6169383859963,-0.3,0.9876,0.7,0.979007116739532,long_nclose,0.6853049817176724,0.0005727051030386314,1.0
1683041820000.0,175177,1683041820000.0,0.0017185766520936064,-3.950400000000001e-05,1196.612252440366,1196.6167988819964,-0.2,0.9876,0.5,0.979007116739532,long_nclose,0.489503558369766,0.00040907449958954914,11.0
1683042840000.0,175194,1683042840000.0,0.0008592883260468032,-1.9752000000000003e-05,1196.613091976692,1196.616409129996,-0.1,0.9876,0.4,0.979007116739532,long_nclose,0.3916028466958128,0.0003272593700683333,17.0
1683042900000.0,175195,1683042900000.0,0.0008592883260468032,-1.9752000000000003e-05,1196.6139315130179,1196.616539377996,-0.1,0.9876,0.3,0.979007116739532,long_nclose,0.2937021350218596,0.0002454443553490121,1.0
1683044760000.0,175226,1683044760000.0,0.0008592883260468032,-1.9752000000000003e-05,1196.6147710493437,1196.6165096259958,-0.1,0.9876,0.2,0.979007116739532,long_nclose,0.1958014233479064,0.0001636294554313439,31.0
1683044940000.0,175229,1683044940000.0,0.0008592883260468032,-1.9752000000000003e-05,1196.6156105856696,1196.6164798739958,-0.1,0.9876,0.1,0.979007116739532,long_nclose,0.0979007116739532,8.181467031508709e-05,3.0
1683051000000.0,175330,1683051000000.0,0.0008592883260468032,-1.9752000000000003e-05,1196.6164501219955,1196.6164501219955,-0.1,0.9876,0.0,0.979007116739532,long_nclose,0.0,0.0,101.0
1683061740000.0,175509,1683061740000.0,0.0,-0.011965632000000002,1196.6044844899955,1196.5983944899954,60.9,0.9824,60.9,0.9824,long_ientry_normal,59.828160000000004,0.049998274931669966,179.0
1683065340000.0,175569,1683065340000.0,0.041039999999998855,-0.002994704,1196.6425297859955,1196.7796297859954,-15.2,0.9851,45.7,0.9824,long_nclose,44.895680000000006,0.0375180380794497,60.0
1683066000000.0,175580,1683066000000.0,0.03077999999999914,-0.002246028,1196.6710637579956,1196.7705337579957,-11.4,0.9851,34.3,0.9824,long_nclose,33.69632,0.02815838121311376,11.0
1683067020000.0,175597,1683067020000.0,0.02294999999999936,-0.00167467,1196.6923390879956,1196.7439390879956,-8.5,0.9851,25.8,0.9824,long_nclose,25.345920000000003,0.021179980160411352,17.0
1683067260000.0,175601,1683067260000.0,0.017279999999999518,-0.0012609280000000001,1196.7083581599957,1196.7723781599957,-6.4,0.9851,19.4,0.9824,long_nclose,19.05856,0.01592581840850813,4.0
1683067560000.0,175606,1683067560000.0,0.012959999999999638,-0.0009456959999999999,1196.7203724639958,1196.7612524639958,-4.8,0.9851,14.6,0.9824,long_nclose,14.34304,0.011985289404297762,5.0
1683068400000.0,175620,1683068400000.0,0.009719999999999729,-0.000709272,1196.7293831919958,1196.7667831919957,-3.6,0.9851,11.0,0.9824,long_nclose,10.8064,0.00902994457374854,14.0
1683070680000.0,175658,1683070680000.0,0.0,-0.009806348,1196.7195768439958,1196.654786843996,49.9,0.9826,60.9,0.9825638752052546,long_ientry_partial,59.83814,0.050001805901601366,38.0
1683148680000.0,176958,1683148680000.0,0.041589096880129885,-0.002995312,1196.758170628876,1196.901491531996,-15.2,0.9853,45.7,0.9825638752052546,long_nclose,44.903169096880134,0.03752067059068774,1300.0
1683148980000.0,176963,1683148980000.0,0.12974909688013028,-0.003012944,1196.8849067817564,1197.1330585879962,-15.2,0.9911,30.5,0.9825638752052546,long_nclose,29.968198193760266,0.025038496202897442,5.0
1683149040000.0,176964,1683149040000.0,0.08621486042692868,-0.002002022,1196.9691196201834,1197.1514165659962,-10.1,0.9911,20.4,0.9825638752052546,long_nclose,20.044303054187193,0.016745881514927934,1.0
1683149340000.0,176969,1683149340000.0,0.058045648604268814,-0.001347896,1197.0258173727877,1197.1419086699964,-6.8,0.9911,13.6,0.9825638752052546,long_nclose,13.362868702791461,0.011163392225006527,5.0
1683149400000.0,176970,1683149400000.0,0.038412561576354365,-0.0008919900000000001,1197.063337944364,1197.1583066799963,-4.5,0.9911,9.1,0.9825638752052546,long_nclose,8.941331264367816,0.007469388612069734,1.0
1683151440000.0,177004,1683151440000.0,0.06496256157635444,-0.0008973000000000001,1197.1274032059405,1197.1947293799963,-4.5,0.997,4.6,0.9825638752052546,long_nclose,4.519793825944171,0.0037755328412331364,34.0
1683152460000.0,177021,1683152460000.0,0.09308617405582859,-0.0009225759999999999,1197.2195668039963,1197.2195668039963,-4.6,1.0028,0.0,0.9825638752052546,long_nclose,0.0,0.0,17.0
1683206340000.0,177919,1683206340000.0,0.0,-0.011969218,1197.2075975859962,1197.2674975859961,59.9,0.9991,59.9,0.9991,long_ientry_normal,59.84609,0.049988063992135845,898.0
1683206400000.0,177920,1683206400000.0,0.04172000000000037,-0.002985662,1197.2463319239962,1197.3903319239962,-14.9,1.0019,45.0,0.9991,long_nclose,44.9595,0.037552422422334156,1.0
1683206520000.0,177922,1683206520000.0,0.03136000000000028,-0.002244256,1197.275447667996,1197.373467667996,-11.2,1.0019,33.8,0.9991,long_nclose,33.76958,0.028205355806614926,2.0
1683207300000.0,177935,1683207300000.0,0.0,-0.005215824,1197.270231843996,1197.219701843996,26.1,0.9992,59.9,0.999143572621035,long_ientry_partial,59.848699999999994,0.049987628864557175,13.0
1683302520000.0,179522,1683302520000.0,0.04107076794657815,-0.002985662,1197.3083169499428,1197.4008561819962,-14.9,1.0019,45.0,0.999143572621035,long_nclose,44.961460767946576,0.03755211596832692,1587.0
1683302580000.0,179523,1683302580000.0,0.030871986644407733,-0.002244256,1197.336944680587,1197.524751925996,-11.2,1.0019,33.8,0.999143572621035,long_nclose,33.77105275459098,0.02820513716262223,1.0
1683303420000.0,179537,1683303420000.0,0.09807198664440779,-0.002257696,1197.4327589712314,1197.641954229996,-11.2,1.0079,22.6,0.999143572621035,long_nclose,22.580644741235393,0.018857547175037574,14.0
1683303840000.0,179544,1683303840000.0,0.06567320534223736,-0.0015118500000000001,1197.4969203265734,1197.6351823799957,-7.5,1.0079,15.1,0.999143572621035,long_nclose,15.087067946577628,0.012598836531841085,7.0
1683304200000.0,179550,1683304200000.0,0.04378213689482491,-0.0010079000000000002,1197.5396945634682,1197.6291444799958,-5.0,1.0079,10.1,0.999143572621035,long_nclose,10.091350083472454,0.008426735355232624,6.0
1683304320000.0,179552,1683304320000.0,0.02889621035058444,-0.000665214,1197.5679255598188,1197.6288292659958,-3.3,1.0079,6.8,0.999143572621035,long_nclose,6.794176293823038,0.005673311842121199,2.0
1683304860000.0,179561,1683304860000.0,0.01926414023372296,-0.0004434760000000001,1197.5867462240524,1197.6307057899955,-2.2,1.0079,4.6,0.999143572621035,long_nclose,4.596060434056761,0.0038377682857195713,9.0
1683304980000.0,179563,1683304980000.0,0.013134641068447472,-0.00030237,1197.5995784951208,1197.6288934199956,-1.5,1.0079,3.1,0.999143572621035,long_nclose,3.0973450751252085,0.002586294393170436,2.0
1683308520000.0,179622,1683308520000.0,0.0019294991652754833,-0.000140266,1197.601367728286,1197.6108631539955,-0.7,1.0019,2.4,0.999143572621035,long_nclose,2.397944574290484,0.00200228944196942,59.0
1683309060000.0,179631,1683309060000.0,0.0016538564273789857,-0.000120228,1197.6029013567133,1197.6085829259955,-0.6,1.0019,1.8,0.999143572621035,long_nclose,1.798458430717863,0.0015017151584055667,9.0
1683309240000.0,179634,1683309240000.0,0.0011025709515859905,-8.0152e-05,1197.603923775665,1197.6083427739954,-0.4,1.0019,1.4,0.999143572621035,long_nclose,1.398801001669449,0.001167999681613829,3.0
1683309780000.0,179643,1683309780000.0,0.0008269282136894929,-6.0114e-05,1197.6046905898786,1197.6078326599954,-0.3,1.0019,1.1,0.999143572621035,long_nclose,1.0990579298831387,0.0009177134479506749,9.0
1683310080000.0,179648,1683310080000.0,0.0005512854757929953,-4.0076e-05,1197.6052017993543,1197.6076825839953,-0.2,1.0019,0.9,0.999143572621035,long_nclose,0.8992292153589315,0.0007508561369037771,5.0
1683310200000.0,179650,1683310200000.0,0.0005512854757929953,-4.0076e-05,1197.60571300883,1197.6075725079952,-0.2,1.0019,0.7,0.999143572621035,long_nclose,0.6994005008347245,0.0005839989683061638,2.0
1683310800000.0,179660,1683310800000.0,0.00027564273789649764,-2.0038e-05,1197.605968613568,1197.6075624699954,-0.1,1.0019,0.6,0.999143572621035,long_nclose,0.599486143572621,0.0005005704374257819,10.0
1683310920000.0,179662,1683310920000.0,0.00027564273789649764,-2.0038e-05,1197.606224218306,1197.6076524319953,-0.1,1.0019,0.5,0.999143572621035,long_nclose,0.4995717863105175,0.0004171419421576528,2.0
1683311160000.0,179666,1683311160000.0,0.00027564273789649764,-2.0038e-05,1197.6064798230439,1197.6077023939954,-0.1,1.0019,0.4,0.999143572621035,long_nclose,0.39965742904841406,0.0003337134825017536,4.0
1683312660000.0,179691,1683312660000.0,0.0,-0.011897338,1197.594582485044,1197.6705550559955,59.9,0.9931,60.3,0.9931400900339704,long_ientry_partial,59.88634742904841,0.05000552633160922,25.0
1683312840000.0,179694,1683312840000.0,0.04139864949044392,-0.0029877,1197.6329934345345,1197.8123773559955,-15.0,0.9959,45.3,0.9931400900339704,long_nclose,44.989246078538855,0.03756513583474358,3.0
1683316440000.0,179754,1683316440000.0,0.1307646404870471,-0.003025436,1197.7607326390216,1198.0283019199958,-15.1,1.0018,30.2,0.9931400900339704,long_nclose,29.992830719025907,0.025040753050020948,60.0
1683316620000.0,179757,1683316620000.0,0.08659909966029611,-0.0020036000000000003,1197.845328138682,1198.0283383199958,-10.0,1.0018,20.2,0.9931400900339704,long_nclose,20.0614298186862,0.016747930093661947,3.0
1683316740000.0,179759,1683316740000.0,0.05802139677239839,-0.001342412,1197.9020071234543,1198.0324159079958,-6.7,1.0018,13.5,0.9931400900339704,long_nclose,13.4073912154586,0.011192393981920136,2.0
1683321600000.0,179840,1683321600000.0,0.03896959484713325,-0.00090162,1197.9400750983016,1198.0261142879958,-4.5,1.0018,9.0,0.9931400900339704,long_nclose,8.938260810305733,0.007461358874376308,81.0
1683331260000.0,180001,1683331260000.0,0.025979729898088832,-0.00060108,1197.9654537481997,1198.0174132079958,-3.0,1.0018,6.0,0.9931400900339704,long_nclose,5.9588405402038225,0.004974133871356453,161.0
1683333360000.0,180036,1683333360000.0,0.01731981993205922,-0.00040072,1197.9823728481317,1198.0258124879958,-2.0,1.0018,4.0,0.9931400900339704,long_nclose,3.9725603601358817,0.0033160424144566968,35.0
1683335340000.0,180069,1683335340000.0,0.0,-0.011177364,1197.9711954841316,1198.0435351239958,56.1,0.9962,60.1,0.9959963454265537,long_ientry_partial,59.85938036013588,0.04996729519522807,33.0
1683379260000.0,180801,1683379260000.0,0.0,-0.016432668,1197.9547628161315,1195.6847924559956,85.4,0.9621,145.5,0.9761011708600404,long_rentry,142.02272036013588,0.11855432673122923,732.0
1683385260000.0,180901,1683385260000.0,0.0,-0.038880269999999995,1197.9158825461316,1194.1799321859958,206.7,0.9405,352.2,0.95520746837063,long_rentry,336.4240703601359,0.2808411469134856,100.0
1683398040000.0,181114,1683398040000.0,0.23694278338455987,-0.01685904,1198.135966289516,1199.0058531459956,-88.0,0.9579,264.2,0.95520746837063,long_nclose,252.36581314352043,0.21063203195966748,213.0
1683401100000.0,181165,1683401100000.0,0.1777070875384199,-0.012644279999999999,1198.3010290970547,1198.9734288659959,-66.0,0.9579,198.2,0.95520746837063,long_nclose,189.32212023105885,0.15799212020515171,51.0
1683406800000.0,181260,1683406800000.0,0.13328031565381493,-0.00948321,1198.4248262027083,1198.8400756559956,-49.5,0.9579,148.7,0.95520746837063,long_nclose,142.03935054671265,0.11852170235556128,95.0
1683407280000.0,181268,1683407280000.0,0.09989292344962696,-0.007107618,1198.517611508158,1198.8627380379958,-37.1,0.9579,111.6,0.95520746837063,long_nclose,106.6011534701623,0.08894416940275114,8.0
1683410220000.0,181317,1683410220000.0,0.07512163245942295,-0.005345081999999999,1198.5873880586175,1198.9466729559958,-27.9,0.9579,83.7,0.95520746837063,long_nclose,79.95086510262173,0.06670424359472044,49.0
1683412020000.0,181347,1683412020000.0,0.05627391105383297,-0.004004022,1198.6396579476714,1198.827588933996,-20.9,0.9579,62.8,0.95520746837063,long_nclose,59.98702901367556,0.050045923823667106,30.0
1683412320000.0,181352,1683412320000.0,0.04227274658110897,-0.003007806,1198.6789228882526,1198.824581127996,-15.7,0.9579,47.1,0.95520746837063,long_nclose,44.990271760256675,0.03753321335779499,5.0
1683412380000.0,181353,1683412380000.0,0.0,-0.00296794,1198.6759549482526,1198.785483187996,15.5,0.9574,62.6,0.9557503476079341,long_ientry_partial,59.829971760256676,0.04991338277311116,1.0
1683412860000.0,181361,1683412860000.0,0.041334577316228624,-0.0029902080000000003,1198.714299317569,1198.852932979996,-15.6,0.9584,47.0,0.9557503476079341,long_nclose,44.920266337572905,0.037473705254993724,8.0
1683419100000.0,181465,1683419100000.0,0.031000932987171468,-0.002242656,1198.7430575945561,1198.833060323996,-11.7,0.9584,35.3,0.9557503476079341,long_nclose,33.73798727056007,0.02814446937299475,104.0
1683419160000.0,181466,1683419160000.0,0.0,-0.005230134000000001,1198.7378274605562,1198.813710189996,27.3,0.9579,62.6,0.9566878158236434,long_ientry_partial,59.888657270560074,0.04995976259248453,1.0
1683419640000.0,181474,1683419640000.0,0.04075007315116403,-0.0029930160000000003,1198.7755845177076,1198.9218571739964,-15.6,0.9593,47.0,0.9566878158236434,long_nclose,44.96432734371124,0.037508544488584435,8.0
1683421620000.0,181507,1683421620000.0,0.0,-0.002989584,1198.7725949337075,1198.8061075899964,15.6,0.9582,62.6,0.9570646540528951,long_ientry_partial,59.912247343711236,0.04997799215373655,33.0
1683421920000.0,181512,1683421920000.0,0.04111139677483653,-0.0029942640000000004,1198.8107120664822,1198.9439733259962,-15.6,0.9597,47.0,0.9570646540528951,long_nclose,44.98203874048607,0.037522219552865915,5.0
1683422760000.0,181526,1683422760000.0,0.13003139677483713,-0.0030120480000000002,1198.937731415257,1199.202601277996,-15.6,0.9654,31.4,0.9570646540528951,long_nclose,30.051830137260904,0.02506538025272334,14.0
1683423300000.0,181535,1683423300000.0,0.08668759784989143,-0.0020080320000000003,1199.022410981107,1199.2058532459962,-10.4,0.9654,21.0,0.9570646540528951,long_nclose,20.098357735110795,0.016762286968986007,9.0
1683424080000.0,181548,1683424080000.0,0.01370379892494551,-0.000998088,1199.035116692032,1199.0862351579963,-5.2,0.9597,15.8,0.9570646540528951,long_nclose,15.121621534035743,0.012611491793296391,13.0
1683424500000.0,181555,1683424500000.0,0.0,-0.008955192,1199.026161500032,1199.0410799659962,46.7,0.9588,62.5,0.958361304544572,long_ientry_partial,59.89758153403575,0.049955191519008534,7.0
1683438180000.0,181783,1683438180000.0,0.04116364910467589,-0.0029983199999999996,1199.0643268291367,1199.2115316459963,-15.6,0.961,46.9,0.958361304544572,long_nclose,44.94714518314043,0.03748518255229961,228.0
1683444240000.0,181884,1683444240000.0,0.030872736828506917,-0.00224874,1199.0929508259653,1199.1928729059964,-11.7,0.961,35.2,0.958361304544572,long_nclose,33.73431791996894,0.028133196760711413,101.0
1683444720000.0,181892,1683444720000.0,0.02322052000776589,-0.0016913600000000003,1199.114479985973,1199.1920615459962,-8.8,0.961,26.4,0.958361304544572,long_nclose,25.3007384399767,0.021099518738421592,8.0
1683448680000.0,181958,1683448680000.0,0.0,-0.006922536,1199.107557449973,1199.1191390099964,36.1,0.9588,62.5,0.9586146950396273,long_ientry_partial,59.9134184399767,0.049965007782445156,66.0
1683450300000.0,181985,1683450300000.0,0.04189075738181538,-0.002999256,1199.1464489513548,1199.3005297539962,-15.6,0.9613,46.9,0.9586146950396273,long_nclose,44.95902919735852,0.03749252581840598,27.0
1683450480000.0,181988,1683450480000.0,0.03141806803636153,-0.002249442,1199.1756175773912,1199.2666203119963,-11.7,0.9613,35.2,0.9586146950396273,long_nclose,33.74323726539488,0.028138695259301495,3.0
1683450720000.0,181992,1683450720000.0,0.023630683651280474,-0.0016918880000000003,1199.1975563730425,1199.2816484239963,-8.8,0.9613,26.4,0.9586146950396273,long_nclose,25.307427949046158,0.021103635355619092,4.0
1683451560000.0,182006,1683451560000.0,0.01772301273846035,-0.001268916,1199.214010469781,1199.2790595079964,-6.6,0.9613,19.8,0.9586146950396273,long_nclose,18.980570961784622,0.01582750934868511,14.0
1683452400000.0,182020,1683452400000.0,0.013157994305826627,-0.0009420740000000001,1199.2262263900868,1199.2692174339963,-4.9,0.9613,14.9,0.9586146950396273,long_nclose,14.283358956090446,0.011910479142110027,14.0
1683454080000.0,182048,1683454080000.0,0.0,-0.009129680000000001,1199.217096710087,1199.2165877539965,47.6,0.959,62.5,0.9589081432974471,long_ientry_partial,59.93175895609045,0.04997573760456408,28.0
1683459420000.0,182137,1683459420000.0,0.041992964559825194,-0.003000192,1199.2560894826468,1199.4292375619964,-15.6,0.9616,46.9,0.9589081432974471,long_nclose,44.972791920650266,0.037500574160145655,89.0
1683460020000.0,182147,1683460020000.0,0.0314947234198689,-0.002250144,1199.2853340620666,1199.3695274179963,-11.7,0.9616,35.2,0.9589081432974471,long_nclose,33.75356664407014,0.028144733938957094,10.0
1683461040000.0,182164,1683461040000.0,0.023688338982465498,-0.0016924160000000002,1199.3073299850491,1199.3836750019966,-8.8,0.9616,26.4,0.9589081432974471,long_nclose,25.315174983052604,0.02110816331237481,17.0
1683461340000.0,182169,1683461340000.0,0.017766254236849122,-0.0012693119999999999,1199.323826927286,1199.3791056899965,-6.6,0.9616,19.8,0.9589081432974471,long_nclose,18.986381237289454,0.015830904723983758,5.0
1683461760000.0,182176,1683461760000.0,0.013190097842509197,-0.0009423680000000002,1199.3360746571284,1199.3851233219964,-4.9,0.9616,14.9,0.9589081432974471,long_nclose,14.287731335131962,0.011913033916883226,7.0
1683463140000.0,182199,1683463140000.0,0.00995986979944572,-0.000711584,1199.3453229429279,1199.3810717379965,-3.7,0.9616,11.2,0.9589081432974471,long_nclose,10.739771204931406,0.008954694698419623,23.0
1683468300000.0,182285,1683468300000.0,0.007537198767148112,-0.000538496,1199.352321645695,1199.3824932419964,-2.8,0.9616,8.4,0.9589081432974471,long_nclose,8.054828403698556,0.006715981833133152,86.0
1683469380000.0,182303,1683469380000.0,0.0,-0.010387200000000001,1199.341934445695,1199.3073560419964,54.1,0.96,62.5,0.9598532544591769,long_ientry_partial,59.99082840369856,0.05001978725226912,18.0
1683469980000.0,182313,1683469980000.0,0.04128923043684058,-0.0030030000000000005,1199.3802206761318,1199.5184230419964,-15.6,0.9625,46.9,0.9598532544591769,long_nclose,45.017117634135396,0.03753365017872123,10.0
1683470400000.0,182320,1683470400000.0,0.030966922827630437,-0.0022522500000000003,1199.4089353489594,1199.4950607919964,-11.7,0.9625,35.2,0.9598532544591769,long_nclose,33.78683455696303,0.028169570495264813,7.0
1683470460000.0,182321,1683470460000.0,0.023291360759243408,-0.0016940000000000002,1199.4305327097186,1199.5056867919964,-8.8,0.9625,26.4,0.9598532544591769,long_nclose,25.34012591772227,0.021126797448181172,1.0
1683472200000.0,182350,1683472200000.0,0.017468520569432554,-0.0012705000000000001,1199.4467307302882,1199.5110162919966,-6.6,0.9625,19.8,0.9598532544591769,long_nclose,19.005094438291703,0.015844884104790857,29.0
1683472560000.0,182356,1683472560000.0,0.0,-0.008200108000000003,1199.4385306222882,1199.4203961839964,42.7,0.9602,62.5,0.9600901510126674,long_ientry_partial,60.00563443829171,0.050028103071826285,6.0
1683510180000.0,182983,1683510180000.0,0.0,-0.016470624000000003,1199.4220599982882,1196.7132055599966,88.8,0.9274,151.3,0.9409038627778699,long_rentry,142.35875443829173,0.11868945818663273,627.0
1683510240000.0,182984,1683510240000.0,0.0,-0.038965668,1199.3830943302883,1191.8858598919965,214.9,0.9066,366.2,0.9207730596348763,long_rentry,337.1870944382917,0.28113377288060765,1.0
1683510300000.0,182985,1683510300000.0,0.0,-0.172431,1199.2106633302883,1189.0430688919967,977.5,0.882,1343.7,0.8925668634652761,long_rentry,1199.3420944382915,1.0001095980147794,1.0
1683510420000.0,182987,1683510420000.0,0.8172905620137508,-0.0601261,1199.9678277923022,1210.8854627919968,-335.9,0.895,1007.8,0.8925668634652761,long_nclose,899.5288850003053,0.7496275018099913,2.0
1683510420000.0,182987,1683510420000.0,2.631150562013737,-0.06048887199999999,1202.538489482316,1209.817273919997,-335.9,0.9004,671.9,0.8925668634652761,long_nclose,599.715675562319,0.4987080919301737,0.0
1683510480000.0,182988,1683510480000.0,4.411420562013728,-0.060844926,1206.8890651183297,1210.596198993997,-335.9,0.9057,336.0,0.8925668634652761,long_nclose,299.90246612433276,0.2484921562322124,1.0
1683510660000.0,182991,1683510660000.0,2.2063669378336,-0.030431520000000004,1209.065000536163,1211.1033674739967,-168.0,0.9057,168.0,0.8925668634652761,long_nclose,149.95123306216638,0.12402247438778735,3.0
1683510720000.0,182992,1683510720000.0,1.1031834689168,-0.015215760000000002,1210.1529682450798,1211.1805517139967,-84.0,0.9057,84.0,0.8925668634652761,long_nclose,74.97561653108319,0.061955487032197366,1.0
1683510960000.0,182996,1683510960000.0,0.5515917344584,-0.007607880000000001,1210.6969520995383,1211.1813438339966,-42.0,0.9057,42.0,0.8925668634652761,long_nclose,37.487808265541595,0.030963824762697104,4.0
1683511020000.0,182997,1683511020000.0,0.0,-0.0045205,1210.6924315995384,1211.0495233339968,25.0,0.9041,67.0,0.896870272620024,long_ientry_partial,60.0903082655416,0.04963300892709117,1.0
1683511620000.0,183007,1683511620000.0,0.17460292057346488,-0.0040349620000000004,1210.8629995581118,1211.2219283719967,-22.3,0.9047,44.7,0.896870272620024,long_nclose,40.09010118611507,0.033108701150126325,10.0
1683511680000.0,183008,1683511680000.0,0.0,-0.004017756,1210.8589818021119,1211.4319906159967,22.2,0.9049,66.9,0.8995348458313164,long_ientry_partial,60.17888118611507,0.04969933088042285,1.0
1683511920000.0,183012,1683511920000.0,0.17539293796164446,-0.004047004,1211.0303277360733,1211.4212536119967,-22.3,0.9074,44.6,0.8995348458313164,long_nclose,40.11925412407671,0.0331281993565566,4.0
1683511980000.0,183013,1683511980000.0,0.0,-0.004014686000000001,1211.0263130500734,1211.3772189259967,22.1,0.9083,66.7,0.9024390423399806,long_ientry_partial,60.19268412407671,0.04970386148957927,1.0
1683512280000.0,183018,1683512280000.0,0.1745132600524301,-0.004041732,1211.196784578126,1211.488747193997,-22.2,0.9103,44.5,0.9024390423399806,long_nclose,40.15853738412914,0.033156079916540425,5.0
1683512460000.0,183021,1683512460000.0,0.0,-0.00401778,1211.192766798126,1211.5180294139968,22.1,0.909,66.6,0.9046161769388761,long_ientry_partial,60.24743738412914,0.04974223677325742,3.0
1683513180000.0,183033,1683513180000.0,0.04123146281465733,-0.0030115720000000006,1211.2309866889407,1211.3601778419968,-16.6,0.9071,50.0,0.9046161769388761,long_nclose,45.2308088469438,0.03734284322645028,12.0
1683513240000.0,183034,1683513240000.0,0.0,-0.0030481920000000003,1211.2279384969406,1211.3571296499968,16.8,0.9072,66.8,0.9052660007027516,long_ientry_partial,60.47176884694381,0.049926002303072335,1.0
1683513480000.0,183038,1683513480000.0,0.042317788264048306,-0.0030320520000000004,1211.2672242332046,1211.4492875979968,-16.7,0.9078,50.1,0.9052660007027516,long_nclose,45.35382663520786,0.03744328726794304,4.0
1683513540000.0,183039,1683513540000.0,0.0,-0.0029993700000000003,1211.2642248632046,1211.4329682279968,16.5,0.9089,66.6,0.9061663158439619,long_ientry_partial,60.350676635207854,0.04982453489206587,1.0
1683513600000.0,183040,1683513600000.0,0.04205915699023167,-0.003016884,1211.3032671361948,1211.4199513439967,-16.6,0.9087,50.0,0.9061663158439619,long_nclose,45.308315792198094,0.03740460132607219,1.0
1683513720000.0,183042,1683513720000.0,0.0,-0.00303439,1211.3002327461948,1211.3702269539967,16.7,0.9085,66.7,0.9067506115771828,long_ientry_partial,60.4802657921981,0.04993003729148181,2.0
1683513840000.0,183044,1683513840000.0,0.04231984781876479,-0.003018876,1211.3395337180136,1211.4923080779968,-16.6,0.9093,50.1,0.9067506115771828,long_nclose,45.42820564001686,0.0375024544114252,2.0
1683514320000.0,183052,1683514320000.0,0.0,-0.002986768,1211.3365469500136,1211.4961513099968,16.4,0.9106,66.5,0.9076999344363437,long_ientry_partial,60.36204564001685,0.049830945654203665,8.0
1683514500000.0,183055,1683514500000.0,0.04150108835669524,-0.0030218640000000004,1211.3750261743703,1211.4848094459967,-16.6,0.9102,49.9,0.9076999344363437,long_nclose,45.294226728373545,0.03739075492699955,3.0
1683514560000.0,183056,1683514560000.0,0.03100081298933861,-0.002257296,1211.4037696913597,1211.5575221499969,-12.4,0.9102,37.5,0.9076999344363437,long_nclose,34.03874754136289,0.028098598000925196,1.0
1683514620000.0,183057,1683514620000.0,0.0,-0.0052702040000000006,1211.3984994873597,1211.5721719459968,28.9,0.9118,66.4,0.9094844509241398,long_ientry_partial,60.389767541362886,0.04985128144612913,1.0
1683514860000.0,183061,1683514860000.0,0.041758114659280456,-0.003027840000000001,1211.4372297620191,1211.5774441059968,-16.6,0.912,49.8,0.9094844509241398,long_nclose,45.29232565602216,0.03738726575616271,4.0
1683514920000.0,183062,1683514920000.0,0.0,-0.003028836,1211.434200926019,1211.5279352699968,16.6,0.9123,66.4,0.9101883381931047,long_ientry_partial,60.43650565602216,0.04988839312100035,1.0
1683515700000.0,183075,1683515700000.0,0.04169358599446058,-0.0030301640000000006,1211.4728643480134,1211.5929651059969,-16.6,0.9127,49.8,0.9101883381931047,long_nclose,45.32737924201661,0.03741510072238453,13.0
1683515760000.0,183076,1683515760000.0,0.031144606405500676,-0.0022634960000000003,1211.5017454584188,1211.6069016099966,-12.4,0.9127,37.4,0.9101883381931047,long_nclose,34.04104384842211,0.028098221051709144,1.0
1683515820000.0,183077,1683515820000.0,0.0,-0.0052771400000000005,1211.4964683184187,1211.5883644699966,28.9,0.913,66.3,0.9114139343653411,long_ientry_partial,60.42674384842211,0.049877771358504776,1.0
1683551880000.0,183678,1683551880000.0,0.04102008297187215,-0.0030158700000000004,1211.5344725313907,1211.7080785999967,-16.5,0.9139,49.8,0.9114139343653411,long_nclose,45.388413931393984,0.03746357611810998,601.0
1683553200000.0,183700,1683553200000.0,0.030827213869770588,-0.0022664720000000003,1211.5630332732605,1211.6747121279968,-12.4,0.9139,37.4,0.9114139343653411,long_nclose,34.08688114526376,0.028134632874339007,22.0
1683555300000.0,183735,1683555300000.0,0.0,-0.005320880000000001,1211.5577123932605,1211.383341247997,29.3,0.908,66.7,0.9099142600489319,long_ientry_partial,60.691281145263765,0.05009359481966133,35.0
1683556860000.0,183761,1683556860000.0,0.041263283187729545,-0.0030291680000000005,1211.5959465084482,1211.7906220799966,-16.6,0.9124,50.1,0.9099142600489319,long_nclose,45.58670442845149,0.037625335871931814,26.0
1683557340000.0,183769,1683557340000.0,0.031071749388350556,-0.002281,1211.6247372578364,1211.7482810799966,-12.5,0.9124,37.6,0.9099142600489319,long_nclose,34.21277617783984,0.02823710603273965,8.0
1683558120000.0,183782,1683558120000.0,0.09982174938835131,-0.0022947500000000003,1211.7222642572249,1211.9051363299966,-12.5,0.9179,25.1,0.9099142600489319,long_nclose,22.838847927228194,0.0188482531029734,13.0
1683559320000.0,183802,1683559320000.0,0.06628164159386528,-0.0015237140000000002,1211.7870221848186,1211.9178226159966,-8.3,0.9179,16.8,0.9099142600489319,long_nclose,15.286559568822057,0.012614889653844295,20.0
1683559380000.0,183803,1683559380000.0,0.04472014372598138,-0.0010280480000000002,1211.8307142805445,1211.9190345679965,-5.6,0.9179,11.2,0.9099142600489319,long_nclose,10.191039712548037,0.008409623219195583,1.0
1683559500000.0,183805,1683559500000.0,0.02954723781895199,-0.0006792460000000001,1211.8595822723635,1211.9172253219965,-3.7,0.9179,7.5,0.9099142600489319,long_nclose,6.824356950366989,0.005631309972043631,2.0
1683562020000.0,183847,1683562020000.0,0.0,-0.010751472,1211.8488308003634,1211.8198338499965,59.1,0.9096,66.6,0.9096353896451501,long_ientry_partial,60.581716950366996,0.049991150224864195,42.0
1683568740000.0,183959,1683568740000.0,0.0,-0.016625004,1211.8322057963635,1208.9981488459964,94.6,0.8787,161.2,0.8914809984514083,long_rentry,143.706736950367,0.1185863325491743,112.0
1683568860000.0,183961,1683568860000.0,0.0,-0.0393422,1211.7928635963635,1209.5224466459965,229.0,0.859,390.2,0.8724185980275936,long_rentry,340.417736950367,0.28092073090781694,2.0
1683569760000.0,183976,1683569760000.0,0.23218669230962774,-0.017058600000000004,1212.0079916886732,1213.4660480459966,-97.5,0.8748,292.7,0.8724185980275936,long_nclose,255.35692364267663,0.21068914181571652,15.0
1683570000000.0,183980,1683570000000.0,0.739186692309626,-0.01716,1212.7300183809828,1213.9756680459966,-97.5,0.88,195.2,0.8724185980275936,long_nclose,170.29611033498625,0.14042376106294024,4.0
1683570180000.0,183983,1683570180000.0,0.49279112820641735,-0.01144,1213.2113695091891,1214.2114880459965,-65.0,0.88,130.2,0.8724185980275936,long_nclose,113.58890146319267,0.0936266377961374,3.0
1683570360000.0,183986,1683570360000.0,0.3290328456024387,-0.0076384,1213.5327639547916,1214.1127096459963,-43.4,0.88,86.8,0.8724185980275936,long_nclose,75.72593430879512,0.062401227686685004,3.0
1683570420000.0,183987,1683570420000.0,0.21910251700254554,-0.0050864,1213.746780071794,1214.2262732459965,-28.9,0.88,57.9,0.8724185980275936,long_nclose,50.51303682579767,0.041617442497198454,1.0
1683570600000.0,183990,1683570600000.0,0.14632105806744392,-0.0033968000000000006,1213.8897043298616,1214.2132264459965,-19.3,0.88,38.6,0.8724185980275936,long_nclose,33.67535788386511,0.027741694952801238,3.0
1683570660000.0,183991,1683570660000.0,0.0,-0.005337648,1213.8843666818616,1214.0425287979965,30.3,0.8808,68.9,0.8761044685611772,long_ientry_partial,60.36359788386511,0.04972763431237547,1.0
1683570720000.0,183992,1683570720000.0,0.041203140747751506,-0.00302204,1213.9225477826094,1214.0670767579966,-17.2,0.8785,51.7,0.8761044685611772,long_nclose,45.29460102461287,0.03731259552543073,1.0
1683570780000.0,183993,1683570780000.0,0.0,-0.003058572,1213.9194892106093,1214.0018281859964,17.4,0.8789,69.1,0.8768084084603888,long_ientry_partial,60.58746102461286,0.04991060903389221,1.0
1683571380000.0,184003,1683571380000.0,0.0411353744813129,-0.003024448,1213.9576001370906,1214.1284337379964,-17.2,0.8792,51.9,0.8768084084603888,long_nclose,45.50635639909417,0.03748595205792624,10.0
1683571860000.0,184011,1683571860000.0,0.0,-0.0029943800000000005,1213.9546057570906,1214.2461493579965,17.0,0.8807,68.9,0.8777685979549226,long_ientry_partial,60.47825639909417,0.04981920749942418,8.0
1683572520000.0,184022,1683572520000.0,0.041820115175331504,-0.003027888,1213.993397984266,1214.1966514699966,-17.2,0.8802,51.7,0.8777685979549226,long_nclose,45.3806365142695,0.03738128773156446,11.0
1683572580000.0,184023,1683572580000.0,0.0,-0.0030154140000000005,1213.990382570266,1214.2280360559967,17.1,0.8817,68.8,0.8787457342190335,long_ientry_partial,60.457706514269496,0.0498008117545941,1.0
1683575460000.0,184071,1683575460000.0,0.04221337143262422,-0.0030313280000000002,1214.0295646136988,1214.1510447279966,-17.2,0.8812,51.6,0.8787457342190335,long_nclose,45.34327988570213,0.03734940334845161,48.0
1683575520000.0,184072,1683575520000.0,0.03166002857446817,-0.0022734960000000003,1214.058951146273,1214.1578012319965,-12.9,0.8812,38.7,0.8787457342190335,long_nclose,34.007459914276595,0.02801137447417023,1.0
1683575580000.0,184073,1683575580000.0,0.0,-0.005323052,1214.053628094273,1214.1318081799966,30.2,0.8813,68.9,0.8798653108022727,long_ientry_partial,60.622719914276594,0.049934136772390704,1.0
1683576000000.0,184080,1683576000000.0,0.041876654200909025,-0.003035112,1214.092469636474,1214.2648730679966,-17.2,0.8823,51.7,0.8798653108022727,long_nclose,45.4890365684775,0.03746752220784132,7.0
1683576060000.0,184081,1683576060000.0,0.0,-0.0030028800000000003,1214.0894667564742,1214.2412601879967,17.0,0.8832,68.7,0.8806904886241267,long_ientry_partial,60.503436568477504,0.04983441354624113,1.0
1683576120000.0,184082,1683576120000.0,0.041202644527433566,-0.003020202,1214.1276491990016,1214.2519799859965,-17.1,0.8831,51.6,0.8806904886241267,long_nclose,45.44362921300494,0.037429037418747146,1.0
1683576180000.0,184083,1683576180000.0,0.0,-0.003020202,1214.1246289970015,1214.2283497839967,17.1,0.8831,68.7,0.8812902359971606,long_ientry_partial,60.544639213004935,0.049866906384249336,1.0
1683576300000.0,184085,1683576300000.0,0.04120696444855429,-0.0030222540000000003,1214.1628137074501,1214.3129575299968,-17.1,0.8837,51.6,0.8812902359971606,long_nclose,45.474576177453486,0.03745344171643399,2.0
1683576360000.0,184086,1683576360000.0,0.0,-0.003023964,1214.1597897434501,1214.2961935659966,17.1,0.8842,68.7,0.882014500399614,long_ientry_partial,60.59439617745349,0.049906442866352034,1.0
1683576720000.0,184092,1683576720000.0,0.042502043166599064,-0.00302499,1214.1992667966167,1214.3171985759966,-17.1,0.8845,51.6,0.882014500399614,long_nclose,45.511948220620084,0.03748309644486346,6.0
1683576780000.0,184093,1683576780000.0,0.0,-0.0030243060000000005,1214.1962424906167,1214.3347842699966,17.1,0.8843,68.7,0.8825833802128105,long_ientry_partial,60.633478220620084,0.04993713215274479,1.0
1683576780000.0,184093,1683576780000.0,0.024724395254744402,-0.00228201,1214.2186848758713,1214.3312122599964,-12.9,0.8845,55.8,0.8825833802128105,long_nclose,49.24815261587482,0.040559541068921554,0.0
1683576840000.0,184094,1683576840000.0,0.03359101504193467,-0.0024603000000000003,1214.2498155909134,1214.3971619599965,-13.9,0.885,41.9,0.8825833802128105,long_nclose,36.98024363091676,0.030455218651131,1.0
1683576900000.0,184095,1683576900000.0,0.0,-0.004714052000000001,1214.2451015389133,1214.4403979079966,26.6,0.8861,68.5,0.8839489581155732,long_ientry_partial,60.550503630916765,0.04986678847143472,1.0
1683577020000.0,184097,1683577020000.0,0.041912816223698225,-0.0030314880000000006,1214.283982867137,1214.4356664199966,-17.1,0.8864,51.4,0.8839489581155732,long_nclose,45.43497644714046,0.03741709277912118,2.0
1683577320000.0,184102,1683577320000.0,0.0,-0.0030331980000000004,1214.280949669137,1214.4120832219967,17.1,0.8869,68.5,0.8846856415640942,long_ientry_partial,60.60096644714046,0.04990687407527294,5.0
1683577980000.0,184113,1683577980000.0,0.04128552925398852,-0.0030338820000000003,1214.3192013163912,1214.4432993399967,-17.1,0.8871,51.4,0.8846856415640942,long_nclose,45.47284197639444,0.03744719010215707,11.0
1683578040000.0,184114,1683578040000.0,0.0,-0.00301614,1214.3161851763912,1214.4197631999966,17.0,0.8871,68.4,0.8852857014092754,long_ientry_partial,60.55354197639444,0.04986637147358656,1.0
1683582480000.0,184188,1683582480000.0,0.04128450590139096,-0.0030359340000000005,1214.3544337482924,1214.5347172659965,-17.1,0.8877,51.3,0.8852857014092754,long_nclose,45.41515648229583,0.037398600622814,74.0
1683582660000.0,184191,1683582660000.0,0.0,-0.0030219200000000004,1214.3514118282924,1214.5112053459966,17.0,0.8888,68.3,0.8861604170175085,long_ientry_partial,60.52475648229583,0.04984122050072104,3.0
1683584160000.0,184216,1683584160000.0,0.04147291070235504,-0.00302124,1214.3898634989948,1214.5201441059967,-17.0,0.8886,51.3,0.8861604170175085,long_nclose,45.46002939299818,0.037434460513376816,25.0
1683584280000.0,184218,1683584280000.0,0.0,-0.0030215800000000003,1214.3868419189948,1214.5239525259967,17.0,0.8887,68.3,0.8867925240556103,long_ientry_partial,60.56792939299818,0.04987531756955445,2.0
1683584340000.0,184219,1683584340000.0,0.042627091054625144,-0.0030236200000000003,1214.4264453900494,1214.5448189059966,-17.0,0.8893,51.3,0.8867925240556103,long_nclose,45.4924564840528,0.03746003445226486,1.0
1683584400000.0,184220,1683584400000.0,0.0,-0.00302294,1214.4234224500494,1214.5622859659966,17.0,0.8891,68.3,0.8873668592101436,long_ientry_partial,60.6071564840528,0.04990611623891472,1.0
1683584400000.0,184220,1683584400000.0,0.024744202110161952,-0.0022766080000000003,1214.4458900441596,1214.5587293579965,-12.8,0.8893,55.5,0.8873668592101436,long_nclose,49.24886068616297,0.04055253600831255,0.0
1683585900000.0,184245,1683585900000.0,0.033577342900019125,-0.0024558480000000005,1214.4770115390597,1214.5993235099968,-13.8,0.8898,41.7,0.8873668592101436,long_nclose,37.00319802906299,0.030468421944166955,25.0
1683585960000.0,184246,1683585960000.0,0.0,-0.00471859,1214.4722929490597,1214.5877849199967,26.5,0.8903,68.2,0.8885065693410994,long_ientry_partial,60.59614802906298,0.04989504361760244,1.0
1683586800000.0,184260,1683586800000.0,0.04238832120131053,-0.0030294000000000002,1214.511651870261,1214.6290755199966,-17.0,0.891,51.2,0.8885065693410994,long_nclose,45.49153635026429,0.037456648752781076,14.0
1683586860000.0,184261,1683586860000.0,0.0,-0.0030287200000000004,1214.508623150261,1214.6124067999967,17.0,0.8908,68.2,0.8890782456050483,long_ientry_partial,60.6351363502643,0.04992565321848886,1.0
1683588000000.0,184280,1683588000000.0,0.04116982471417763,-0.0030311,1214.5467618749751,1214.7270756999967,-17.0,0.8915,51.2,0.8890782456050483,long_nclose,45.520806174978475,0.03747966534010188,19.0
1683590820000.0,184327,1683590820000.0,0.030998456255380804,-0.0022822400000000005,1214.5754780912305,1214.6723134599965,-12.8,0.8915,38.4,0.8890782456050483,long_nclose,34.140604631233856,0.028109084406090282,47.0
1683590880000.0,184328,1683590880000.0,0.0,-0.005310956,1214.5701671352306,1214.6341625039968,29.8,0.8911,68.2,0.8899616514843673,long_ientry_partial,60.69538463123386,0.04997272802640477,1.0
1683591060000.0,184331,1683591060000.0,0.041451924765754655,-0.00303416,1214.6085848999965,1214.784628343997,-17.0,0.8924,51.2,0.8899616514843673,long_nclose,45.56603655599961,0.03751499628973168,3.0
1683591960000.0,184346,1683591960000.0,0.031210861000097623,-0.002284544,1214.6375112169965,1214.7311437999967,-12.8,0.8924,38.4,0.8899616514843673,long_nclose,34.1745274169997,0.028135577158949095,15.0
1683592020000.0,184347,1683592020000.0,0.023408145750073217,-0.0017134079999999998,1214.6592059547468,1214.7467103919969,-9.6,0.8924,28.8,0.8899616514843673,long_nclose,25.63089556274978,0.021101305977097813,1.0
1683594300000.0,184385,1683594300000.0,0.074288145750074,-0.001723584,1214.7317705164967,1214.9187468079967,-9.6,0.8977,19.2,0.8899616514843673,long_nclose,17.08726370849985,0.01406669696408323,38.0
1683594600000.0,184390,1683594600000.0,0.049525430500049344,-0.0011490560000000003,1214.7801468909968,1214.8843177519968,-6.4,0.8977,12.8,0.8899616514843673,long_nclose,11.391509138999902,0.009377424522580769,5.0
1683595620000.0,184407,1683595620000.0,0.03250106376565738,-0.0007540680000000001,1214.8118938867624,1214.886183683997,-4.2,0.8977,8.6,0.8899616514843673,long_nclose,7.653670202765559,0.006300292449621825,17.0
1683595800000.0,184410,1683595800000.0,0.021667375843771583,-0.000502712,1214.833058550606,1214.8924409719966,-2.8,0.8977,5.8,0.8899616514843673,long_nclose,5.16177757860933,0.00424896041664173,3.0
1683596880000.0,184428,1683596880000.0,0.014702862179702146,-0.000341126,1214.8474202867858,1214.8779898459968,-1.9,0.8977,3.9,0.8899616514843673,long_nclose,3.4708504407890324,0.0028570258147888874,18.0
1683597060000.0,184431,1683597060000.0,0.010059853070322523,-0.00023340200000000004,1214.857246737856,1214.8773664439966,-1.3,0.8977,2.6,0.8899616514843673,long_nclose,2.3139002938593554,0.001904668470367739,3.0
1683597120000.0,184432,1683597120000.0,0.006190678812506168,-0.00014363200000000004,1214.8632937846687,1214.877582811997,-0.8,0.8977,1.8,0.8899616514843673,long_nclose,1.6019309726718614,0.0013186100698469201,1.0
1683598560000.0,184456,1683598560000.0,0.0,-0.011819348000000002,1214.8514744366687,1214.802003463997,66.2,0.8927,68.0,0.8926275143039981,long_ientry_partial,60.69867097267187,0.049963861632400845,24.0
1683599640000.0,184474,1683599640000.0,0.042032256832032155,-0.00304334,1214.8904633535008,1215.031860123997,-17.0,0.8951,51.0,0.8926275143039981,long_nclose,45.524003229503904,0.037471693624001746,18.0
1683601080000.0,184498,1683601080000.0,0.03140056833922402,-0.002273554,1214.9195903678399,1215.0449265699967,-12.7,0.8951,38.3,0.8926275143039981,long_nclose,34.18763379784313,0.028139832519691425,24.0
1683601440000.0,184504,1683601440000.0,0.02348861411201797,-0.0017006900000000001,1214.9413782919519,1215.0125858799968,-9.5,0.8951,28.8,0.8926275143039981,long_nclose,25.707672411955148,0.021159599031927583,6.0
1683601740000.0,184509,1683601740000.0,0.0,-0.006999552000000002,1214.9343787399519,1214.8713463279967,39.2,0.8928,68.0,0.8927269472346346,long_ientry_partial,60.70543241195516,0.049966017485582014,5.0
1683606360000.0,184586,1683606360000.0,0.04204189701121108,-0.00304368,1214.973376956963,1215.1352026479965,-17.0,0.8952,51.0,0.8927269472346346,long_nclose,45.529074308966365,0.03747331025721653,77.0
1683607140000.0,184599,1683607140000.0,0.0,-0.003052692,1214.970324264963,1214.9297999559967,17.1,0.8926,68.1,0.8926950706162463,long_ientry_partial,60.79253430896637,0.050036229770257845,13.0
1683608160000.0,184616,1683608160000.0,0.04258379952381264,-0.00304368,1215.0098643844867,1215.1583062759964,-17.0,0.8952,51.1,0.8926950706162463,long_nclose,45.61671810849019,0.03754431914147398,17.0
1683608460000.0,184621,1683608460000.0,0.031812603173671794,-0.002273808,1215.0394031796604,1215.1547924679967,-12.7,0.8952,38.4,0.8926950706162463,long_nclose,34.279490711663854,0.028212657648761994,5.0
1683609240000.0,184634,1683609240000.0,0.024047322084035372,-0.001718784,1215.0617317177444,1215.1741936839965,-9.6,0.8952,28.8,0.8926950706162463,long_nclose,25.709618033747894,0.02115910439990729,13.0
1683610380000.0,184653,1683610380000.0,0.01803549156302653,-0.001289088,1215.0784781213074,1215.1628245959964,-7.2,0.8952,21.6,0.8926950706162463,long_nclose,19.282213525310922,0.01586910958634055,19.0
1683612720000.0,184692,1683612720000.0,0.0,-0.008288896,1215.0701892253073,1215.0674956999965,46.4,0.8932,68.0,0.8930396106663372,long_ientry_partial,60.72669352531093,0.0499779305457477,39.0
1683613500000.0,184705,1683613500000.0,0.04182661867226711,-0.0030447,1215.1089711439797,1215.2395509999965,-17.0,0.8955,51.0,0.8930396106663372,long_nclose,45.545020143983194,0.03748225157214028,13.0
1683613980000.0,184713,1683613980000.0,0.0,-0.00303722,1215.1059339239798,1215.0716137799966,17.0,0.8933,68.0,0.893104707999753,long_ientry_partial,60.7311201439832,0.049980103337873005,8.0
1683614760000.0,184726,1683614760000.0,0.04241996400419912,-0.00304504,1215.145308847984,1215.3592687399967,-17.0,0.8956,51.0,0.893104707999753,long_nclose,45.5483401079874,0.037483862856837594,13.0
1683615300000.0,184735,1683615300000.0,0.03169020840313699,-0.002274824,1215.1747242323872,1215.2779539159967,-12.7,0.8956,38.3,0.893104707999753,long_nclose,34.205910316390536,0.02814896461741174,9.0
1683615780000.0,184743,1683615780000.0,0.023705274002346566,-0.0017016399999999997,1215.1967278663897,1215.2945122759968,-9.5,0.8956,28.8,0.893104707999753,long_nclose,25.721415590392887,0.02116646218719982,8.0
1683616320000.0,184752,1683616320000.0,0.017966102401778452,-0.001289664,1215.2134043047913,1215.2781026119967,-7.2,0.8956,21.6,0.893104707999753,long_nclose,19.291061692794663,0.0158746287890322,9.0
1683617400000.0,184770,1683617400000.0,0.056126102401779045,-0.001297296,1215.268233111193,1215.3934453159966,-7.2,0.9009,14.4,0.893104707999753,long_nclose,12.860707795196443,0.010582608386192986,18.0
1683618000000.0,184780,1683618000000.0,0.03741740160118603,-0.0008648640000000001,1215.3047856487942,1215.3873004519967,-4.8,0.9009,9.6,0.893104707999753,long_nclose,8.573805196797627,0.007054860063124392,10.0
1683618240000.0,184784,1683618240000.0,0.024944934400790687,-0.0005765760000000001,1215.329154007195,1215.3809638759967,-3.2,0.9009,6.4,0.893104707999753,long_nclose,5.715870131198419,0.0047031457382158545,4.0
1683618360000.0,184786,1683618360000.0,0.01637011320051889,-0.000378378,1215.3451457423955,1215.3808154979965,-2.1,0.9009,4.3,0.893104707999753,long_nclose,3.8403502443989375,0.0031598844639750905,2.0
1683618480000.0,184788,1683618480000.0,0.010913408800345924,-0.000252252,1215.3558068991958,1215.3789932459965,-1.4,0.9009,2.9,0.893104707999753,long_nclose,2.5900036531992834,0.002131066177078877,2.0
1683622740000.0,184859,1683622740000.0,0.0017467044001729048,-0.00012538399999999998,1215.357428219596,1215.3637978619965,-0.7,0.8956,2.2,0.893104707999753,long_nclose,1.9648303575994566,0.001616668736272736,71.0
1683628200000.0,184950,1683628200000.0,0.005456704400172962,-0.000126126,1215.362758797996,1215.3747517359964,-0.7,0.9009,1.5,0.893104707999753,long_nclose,1.3396570619996293,0.0011022693037958159,91.0
1683630780000.0,184993,1683630780000.0,0.0,-0.011876982,1215.350881815996,1215.3140947539964,66.3,0.8957,67.8,0.8956425820353928,long_ientry_partial,60.72456706199963,0.04996463817203477,43.0
1683631860000.0,185011,1683631860000.0,0.04153036360186149,-0.003035578,1215.3893766015979,1215.5195491759964,-16.9,0.8981,50.9,0.8956425820353928,long_nclose,45.588207425601496,0.03750913765025051,18.0
1683632880000.0,185028,1683632880000.0,0.0312092081505113,-0.002281174,1215.4183046357484,1215.5580180019965,-12.7,0.8981,38.2,0.8956425820353928,long_nclose,34.21354663375201,0.028149606191759262,17.0
1683633960000.0,185046,1683633960000.0,0.023345470663768297,-0.0017063900000000001,1215.4399437164122,1215.4961216119964,-9.5,0.8981,28.7,0.8956425820353928,long_nclose,25.704942104415775,0.02114867315107202,18.0
1683634320000.0,185052,1683634320000.0,0.017447667548711042,-0.001275302,1215.456116081961,1215.5307963099965,-7.1,0.8981,21.6,0.8956425820353928,long_nclose,19.345879771964487,0.015916559648674267,6.0
1683635160000.0,185066,1683635160000.0,0.013270057008878823,-0.0009699480000000002,1215.46841619097,1215.5114663619966,-5.4,0.8981,16.2,0.8956425820353928,long_nclose,14.509409828973363,0.011937298934054489,14.0
1683635400000.0,185070,1683635400000.0,0.009829671858428757,-0.0007184800000000001,1215.4775273828284,1215.5087278819965,-4.0,0.8981,12.2,0.8956425820353928,long_nclose,10.926839500831791,0.008989750328300607,4.0
1683635640000.0,185074,1683635640000.0,0.007372253893821568,-0.0005388600000000001,1215.4843607767223,1215.5078890219966,-3.0,0.8981,9.2,0.8956425820353928,long_nclose,8.239911754725613,0.006779117873190998,4.0
1683636300000.0,185085,1683636300000.0,0.0056520613185965345,-0.00041312600000000004,1215.489599712041,1215.5079358959968,-2.3,0.8981,6.9,0.8956425820353928,long_nclose,6.179933816044211,0.005084316490662106,11.0
1683636420000.0,185087,1683636420000.0,0.0041776105398322215,-0.00030535400000000003,1215.4934719685807,1215.5072905419966,-1.7,0.8981,5.2,0.8956425820353928,long_nclose,4.6573414265840425,0.00383164659785555,2.0
1683638640000.0,185124,1683638640000.0,0.0,-0.011219172000000001,1215.4822527965807,1215.4914113699967,62.6,0.8961,67.8,0.8960649177962249,long_ientry_partial,60.75320142658404,0.04998279595346054,37.0
1683651540000.0,185339,1683651540000.0,0.04284288924379875,-0.0030372679999999997,1215.5220584178244,1215.7223541019966,-16.9,0.8986,50.9,0.8960649177962249,long_nclose,45.60970431582785,0.0375227286086403,215.0
1683651900000.0,185345,1683651900000.0,0.03219554398794344,-0.0022824440000000002,1215.5519715178123,1215.6946516579965,-12.7,0.8986,38.2,0.8960649177962249,long_nclose,34.229679859815796,0.028159783095966298,6.0
1683652500000.0,185355,1683652500000.0,0.024083280935863205,-0.0017073400000000001,1215.5743474587482,1215.6499743179966,-9.5,0.8986,28.7,0.8960649177962249,long_nclose,25.71706314075165,0.021156306230478747,10.0
1683653940000.0,185379,1683653940000.0,0.017999083646803027,-0.001276012,1215.591070530395,1215.6631083059965,-7.1,0.8986,21.6,0.8960649177962249,long_nclose,19.355002224398458,0.015922297138916422,24.0
1683656220000.0,185417,1683656220000.0,0.013689443900385402,-0.0009704879999999999,1215.6037894862955,1215.6659178179966,-5.4,0.8986,16.2,0.8960649177962249,long_nclose,14.516251668298843,0.011941597907023057,38.0
1683658440000.0,185454,1683658440000.0,0.0,-0.00925947,1215.5945300162955,1215.5853783479965,51.7,0.8955,67.9,0.8956347815655205,long_ientry_partial,60.813601668298844,0.05002786716018179,37.0
1683659100000.0,185465,1683659100000.0,0.04166219154270447,-0.003035578,1215.6331566298381,1215.7639827699966,-16.9,0.8981,51.0,0.8956347815655205,long_nclose,45.677373859841545,0.037574965449671725,11.0
1683659340000.0,185469,1683659340000.0,0.03130827411789034,-0.002281174,1215.662183729956,1215.7872415959966,-12.7,0.8981,38.3,0.8956347815655205,long_nclose,34.30281213395943,0.02821738850896045,4.0
1683659640000.0,185474,1683659640000.0,0.02341957512755577,-0.0017063900000000001,1215.6838969150836,1215.7520152059965,-9.5,0.8981,28.8,0.8956347815655205,long_nclose,25.794281709086988,0.021217918386961028,5.0
1683659700000.0,185475,1683659700000.0,0.017749572728252793,-0.0012932640000000001,1215.7003532238118,1215.7665619419965,-7.2,0.8981,21.6,0.8956347815655205,long_nclose,19.345711281815245,0.01591322337820665,1.0
1683661320000.0,185502,1683661320000.0,0.013312179546189596,-0.0009699480000000002,1215.712695455358,1215.7510119939966,-5.4,0.8981,16.2,0.8956347815655205,long_nclose,14.50928346136143,0.011934796367267372,27.0
1683661440000.0,185504,1683661440000.0,0.009860873737918219,-0.0007184800000000001,1215.721837849096,1215.7543535139966,-4.0,0.8981,12.2,0.8956347815655205,long_nclose,10.926744335099349,0.008987865476227182,2.0
1683662460000.0,185521,1683662460000.0,0.03146087373791806,-0.0007228,1215.7525759228338,1215.8285507139965,-4.0,0.9035,8.2,0.8956347815655205,long_nclose,7.344205208837267,0.006040871600261712,17.0
1683664800000.0,185560,1683664800000.0,0.004930436868959109,-0.00035924000000000004,1215.7571471197027,1215.7749114739966,-2.0,0.8981,6.2,0.8956347815655205,long_nclose,5.552935645706227,0.004567471109556626,39.0
1683665340000.0,185569,1683665340000.0,0.003697827651719332,-0.00026943000000000003,1215.7605755173545,1215.7745120439965,-1.5,0.8981,4.7,0.8956347815655205,long_nclose,4.209483473357946,0.0034624280126591897,9.0
1683666120000.0,185582,1683666120000.0,0.0,-0.011310044000000002,1215.7492654733544,1215.7315819999965,63.1,0.8962,67.8,0.8961608181911203,long_ientry_partial,60.75970347335795,0.049977166508672365,13.0
1683677700000.0,185775,1683677700000.0,0.04122217257006689,-0.0030372679999999997,1215.7874503779244,1215.9472347319963,-16.9,0.8986,50.9,0.8961608181911203,long_nclose,45.61458564592802,0.03751855279617242,193.0
1683677820000.0,185777,1683677820000.0,0.03097760897277216,-0.0022824440000000002,1215.8161455428972,1215.9169622879963,-12.7,0.8986,38.2,0.8961608181911203,long_nclose,34.233343254900795,0.02815667761971907,2.0
1683679140000.0,185799,1683679140000.0,0.0,-0.005304912,1215.8108406308972,1215.7949573759965,29.6,0.8961,67.8,0.896134266296472,long_ientry_partial,60.757903254900796,0.049973154724770236,22.0
1683681720000.0,185842,1683681720000.0,0.04167089958962292,-0.0030372679999999997,1215.8494742624869,1216.0004301079964,-16.9,0.8986,50.9,0.896134266296472,long_nclose,45.61323415449042,0.03751552730831143,43.0
1683683640000.0,185874,1683683640000.0,0.03131481803480539,-0.0022824440000000002,1215.8785066365217,1215.9803376639966,-12.7,0.8986,38.2,0.896134266296472,long_nclose,34.23232897252523,0.02815439929703334,32.0
1683683940000.0,185879,1683683940000.0,0.023424470183515844,-0.0017073400000000001,1215.9002237667053,1215.9738603239966,-9.5,0.8986,28.7,0.896134266296472,long_nclose,25.719053442708745,0.021152272974368214,5.0
1683684060000.0,185881,1683684060000.0,0.017506709295048682,-0.001276012,1215.9164544640003,1215.9697143119965,-7.1,0.8986,21.6,0.896134266296472,long_nclose,19.356500152003797,0.01591926820378175,2.0
1683684120000.0,185882,1683684120000.0,0.013314961999051113,-0.0009704879999999999,1215.9287989379993,1215.9768438239964,-5.4,0.8986,16.2,0.896134266296472,long_nclose,14.517375114002846,0.011939329939945844,1.0
1683685320000.0,185902,1683685320000.0,0.009862934814111934,-0.00071888,1215.9379429928133,1215.9704649439964,-4.0,0.8986,12.2,0.896134266296472,long_nclose,10.932838048816958,0.008991279622303533,20.0
1683685560000.0,185906,1683685560000.0,0.007397201110583951,-0.00053916,1215.9448010339238,1215.9739257839963,-3.0,0.8986,9.2,0.896134266296472,long_nclose,8.244435249927541,0.006780270981805472,4.0
1683686400000.0,185920,1683686400000.0,0.0,-0.010505808,1215.9342952259237,1215.9231799759962,58.6,0.8964,67.8,0.8963639417393443,long_ientry_partial,60.77347524992754,0.04998088752701533,14.0
1683692460000.0,186021,1683692460000.0,0.042859384605081784,-0.0030382820000000002,1215.9741163285287,1216.011581693996,-16.9,0.8989,50.9,0.8963639417393443,long_nclose,45.624924634532626,0.03752129590742522,101.0
1683692520000.0,186022,1683692520000.0,0.03220793991032773,-0.002283206,1216.004041062439,1216.104738487996,-12.7,0.8989,38.2,0.8963639417393443,long_nclose,34.241102574442955,0.028158707881041287,1.0
1683693060000.0,186031,1683693060000.0,0.024092553476229406,-0.0017079100000000002,1216.0264257059152,1216.119300577996,-9.5,0.8989,28.7,0.8963639417393443,long_nclose,25.72564512791918,0.021155498420180458,9.0
1683695640000.0,186074,1683695640000.0,0.07444255347622913,-0.00171798,1216.0991502793916,1216.255362597996,-9.5,0.9042,19.2,0.8963639417393443,long_nclose,17.21018768139541,0.014151960946146104,43.0
1683697140000.0,186099,1683697140000.0,0.05015077286819647,-0.001157376,1216.1481436762597,1216.252285221996,-6.4,0.9042,12.8,0.8963639417393443,long_nclose,11.473458454263607,0.009434260549525501,25.0
1683705600000.0,186240,1683705600000.0,0.03291144469475393,-0.0007595280000000001,1216.1802955929545,1216.252845693996,-4.2,0.9042,8.6,0.8963639417393443,long_nclose,7.708729898958361,0.006338476233246266,141.0
1683705780000.0,186243,1683705780000.0,0.021940963129835955,-0.000506352,1216.2017302040842,1216.2471793419961,-2.8,0.9042,5.8,0.8963639417393443,long_nclose,5.198910862088197,0.00427471095705134,3.0
1683706500000.0,186255,1683706500000.0,0.014888510695245827,-0.000343596,1216.2162751187795,1216.249565745996,-1.9,0.9042,3.9,0.8963639417393443,long_nclose,3.495819372783443,0.0028743402339703357,12.0
1683711120000.0,186332,1683711120000.0,0.010186875738852408,-0.000235092,1216.2262269025184,1216.2481606539961,-1.3,0.9042,2.6,0.8963639417393443,long_nclose,2.330546248522295,0.0019162111431010034,77.0
1683711240000.0,186334,1683711240000.0,0.01707687573885237,-0.00023647000000000002,1216.2430673082574,1216.2585841839962,-1.3,0.9095,1.3,0.8963639417393443,long_nclose,1.1652731242611476,0.0009580923053810991,2.0
1683716100000.0,186415,1683716100000.0,0.0031344233042622793,-7.2336e-05,1216.2461293955619,1216.2541718479965,-0.4,0.9042,0.9,0.8963639417393443,long_nclose,0.8067275475654099,0.0006632930030094562,81.0
1683721740000.0,186509,1683721740000.0,0.0023508174781967095,-5.4252e-05,1216.24842596104,1216.2534875959964,-0.3,0.9042,0.6,0.8963639417393443,long_nclose,0.5378183650436066,0.00044219450036997167,94.0
1683721800000.0,186510,1683721800000.0,0.003940817478196701,-5.457e-05,1216.2523122085183,1216.2573630259965,-0.3,0.9095,0.3,0.8963639417393443,long_nclose,0.2689091825218033,0.00022109654372085634,1.0
1683721800000.0,186510,1683721800000.0,0.005560817478196722,-5.4894e-05,1216.2578181319966,1216.2578181319966,-0.3,0.9149,0.0,0.8963639417393443,long_nclose,0.0,0.0,0.0
1683738840000.0,186794,1683738840000.0,0.0,-0.01215852,1216.2456596119966,1216.2255296119965,67.1,0.906,67.1,0.906,long_ientry_normal,60.7926,0.049983816607735224,284.0
1683739200000.0,186800,1683739200000.0,0.0,-0.016681312,1216.2289782999967,1213.7725382999968,95.3,0.8752,162.4,0.8879258620689654,long_rentry,144.19915999999998,0.11856250966948398,6.0
1683739860000.0,186811,1683739860000.0,0.10045000000000355,-0.007230047999999999,1216.3221982519965,1216.8427882519966,-40.6,0.8904,121.8,0.8879258620689654,long_nclose,108.14936999999998,0.088915067204581,11.0
1683739980000.0,186813,1683739980000.0,0.07521379310345093,-0.005413632,1216.3919984131,1216.4627546199965,-30.4,0.8904,91.4,0.8879258620689654,long_nclose,81.15642379310344,0.06671897209039501,2.0
1683740040000.0,186814,1683740040000.0,0.0564103448275882,-0.004060224,1216.4443485339275,1216.5317543959964,-22.8,0.8904,68.6,0.8879258620689654,long_nclose,60.91171413793102,0.05007357238441899,1.0
1683740100000.0,186815,1683740100000.0,0.04230775862069115,-0.0030451680000000004,1216.4836111245481,1216.6161792279963,-17.1,0.8904,51.5,0.8879258620689654,long_nclose,45.72818189655172,0.03759046277185718,1.0
1683740160000.0,186816,1683740160000.0,0.0,-0.0029920800000000003,1216.4806190445481,1216.6678271479964,16.8,0.8905,68.3,0.8885590321603473,long_ientry_partial,60.68858189655172,0.04988865498261528,1.0
1683740280000.0,186818,1683740280000.0,0.04149645327409679,-0.0030294000000000002,1216.519086097822,1216.6289177479962,-17.0,0.891,51.3,0.8885590321603473,long_nclose,45.58307834982581,0.03747008893714998,2.0
1683740340000.0,186819,1683740340000.0,0.0,-0.0030283800000000007,1216.5160577178222,1216.7693193679963,17.0,0.8907,68.3,0.8890919231306853,long_ientry_partial,60.724978349825804,0.0499171202587704,1.0
1683740340000.0,186819,1683740340000.0,0.024423383927228315,-0.0022809600000000003,1216.5382001417493,1216.7439984079963,-12.8,0.891,55.5,0.8890919231306853,long_nclose,49.34460173375304,0.04056148974853686,0.0
1683740820000.0,186827,1683740820000.0,0.14444942208232248,-0.00331853,1216.6793310338317,1217.0015298779963,-18.5,0.8969,37.0,0.8890919231306853,long_nclose,32.896401155835356,0.02703785649739177,8.0
1683740880000.0,186828,1683740880000.0,0.0,-0.005530448000000001,1216.6738005858317,1216.9553194299963,30.8,0.8978,67.8,0.8930478046583386,long_ientry_partial,60.54864115583535,0.049765714628424655,1.0
1683741420000.0,186837,1683741420000.0,0.17519961472154977,-0.004071616,1216.8449285845534,1217.2676478139965,-22.6,0.9008,45.2,0.8930478046583386,long_nclose,40.3657607705569,0.0331724772995609,9.0
1683741480000.0,186838,1683741480000.0,0.0,-0.004006656,1216.8409219285534,1217.2366811579964,22.2,0.9024,67.4,0.8961282013435741,long_ientry_partial,60.399040770556894,0.04963593817574062,1.0
1683742140000.0,186849,1683742140000.0,0.041526217427954835,-0.003019296,1216.8794288499812,1217.0500418619963,-16.8,0.8986,50.6,0.8961282013435741,long_nclose,45.34408698798485,0.03726259636982896,11.0
1683742200000.0,186850,1683742200000.0,0.0,-0.0030583,1216.8763705499812,1217.1416235619963,17.0,0.8995,67.6,0.8969761388755155,long_ientry_partial,60.635586987984844,0.04982888028352453,1.0
1683742680000.0,186858,1683742680000.0,0.17603687530090173,-0.0040716,1217.048335825282,1217.4372719619962,-22.5,0.9048,45.1,0.8969761388755155,long_nclose,40.45362386328575,0.03323912672363509,8.0
1683742860000.0,186861,1683742860000.0,0.0,-0.004016868,1217.044318957282,1217.3859350939963,22.2,0.9047,67.3,0.8995239801379755,long_ientry_partial,60.53796386328575,0.04974179076334082,3.0
1683744240000.0,186884,1683744240000.0,0.17642284490934798,-0.004065152,1217.2166766501914,1217.5927599419963,-22.4,0.9074,44.9,0.8995239801379755,long_nclose,40.3886267081951,0.03318113157909201,23.0
1683744660000.0,186891,1683744660000.0,0.11735269594416452,-0.002704052,1217.3313252941357,1217.5676058899965,-14.9,0.9074,30.0,0.8995239801379755,long_nclose,26.985719404139267,0.022167933120113285,7.0
1683744720000.0,186892,1683744720000.0,0.07876019862024464,-0.0018148,1217.408270692756,1217.5917910899966,-10.0,0.9074,20.0,0.8995239801379755,long_nclose,17.99047960275951,0.01477768800808473,1.0
1683745380000.0,186903,1683745380000.0,0.13176019862024435,-0.0018253999999999998,1217.5382054913764,1217.7299656899966,-10.0,0.9127,10.0,0.8995239801379755,long_nclose,8.995239801379755,0.0073880554719426145,11.0
1683745380000.0,186903,1683745380000.0,0.18576019862024507,-0.0018362000000000003,1217.7221294899966,1217.7221294899966,-10.0,0.9181,0.0,0.8995239801379755,long_nclose,0.0,0.0,0.0
1683766560000.0,187256,1683766560000.0,0.0,-0.01217764,1217.7099518499967,1217.8301918499967,66.8,0.9115,66.8,0.9115,long_ientry_normal,60.8882,0.05000221925385109,353.0
1683767100000.0,187265,1683767100000.0,0.04175000000000096,-0.0030527600000000003,1217.748649089997,1217.8688890899969,-16.7,0.914,50.1,0.9115,long_nclose,45.66615,0.03750047272409257,9.0
1683767700000.0,187275,1683767700000.0,0.03125000000000072,-0.002285,1217.7776140899969,1217.9242540899968,-12.5,0.914,37.6,0.9115,long_nclose,34.2724,0.028143397943482956,10.0
1683768900000.0,187295,1683768900000.0,0.023500000000000545,-0.0017183200000000004,1217.7993957699969,1217.8727157699968,-9.4,0.914,28.2,0.9115,long_nclose,25.7043,0.021107170925920474,20.0
1683770040000.0,187314,1683770040000.0,0.017500000000000404,-0.0012796,1217.8156161699967,1217.8749761699967,-7.0,0.914,21.2,0.9115,long_nclose,19.3238,0.01586759090901866,19.0
1683770460000.0,187321,1683770460000.0,0.013250000000000305,-0.00096884,1217.8278973299966,1217.8692373299966,-5.3,0.914,15.9,0.9115,long_nclose,14.49285,0.011900573169472116,7.0
1683772680000.0,187358,1683772680000.0,0.009750000000000226,-0.00071292,1217.8369344099965,1217.8729344099966,-3.9,0.914,12.0,0.9115,long_nclose,10.937999999999999,0.008981498007612254,37.0
1683772920000.0,187362,1683772920000.0,0.007500000000000173,-0.0005484,1217.8438860099964,1217.8708860099964,-3.0,0.914,9.0,0.9115,long_nclose,8.2035,0.006736085055102591,4.0
1683774000000.0,187380,1683774000000.0,0.0,-0.010541564,1217.8333444459963,1217.8169044459962,57.8,0.9119,66.8,0.9118461077844311,long_ientry_partial,60.911319999999996,0.05001613749351651,18.0
1683774240000.0,187384,1683774240000.0,0.0426500000000006,-0.003054096,1217.8729403499965,1218.0159203499966,-16.7,0.9144,50.1,0.9118461077844311,long_nclose,45.68349,0.037510883513736104,4.0
1683774720000.0,187392,1683774720000.0,0.0,-0.0030457460000000002,1217.8698946039965,1217.8124746039964,16.7,0.9119,66.8,0.9118595808383234,long_ientry_partial,60.912220000000005,0.050015375427115115,8.0
1683806820000.0,187927,1683806820000.0,0.04242499999999883,-0.003054096,1217.9092655079967,1218.0265205079966,-16.7,0.9144,50.1,0.9118595808383234,long_nclose,45.68416500000001,0.03751031894887908,535.0
1683806880000.0,187928,1683806880000.0,0.03175523952095721,-0.002286,1217.9387347475176,1218.0680945079966,-12.5,0.9144,37.6,0.9118595808383234,long_nclose,34.28592023952096,0.02815077578317479,1.0
1683807180000.0,187933,1683807180000.0,0.023879940119759826,-0.0017190719999999999,1217.9608956156374,1218.0184354359967,-9.4,0.9144,28.2,0.9118595808383234,long_nclose,25.714440179640718,0.02111269768365014,5.0
1683807300000.0,187935,1683807300000.0,0.01778293413173604,-0.00128016,1217.977398389769,1218.0248952759964,-7.0,0.9144,21.2,0.9118595808383234,long_nclose,19.331423113772455,0.01587174206954056,2.0
1683808140000.0,187949,1683808140000.0,0.013464221556885857,-0.000969264,1217.9898933473257,1218.0493660119964,-5.3,0.9144,15.9,0.9118595808383234,long_nclose,14.498567335329342,0.011903684434920748,14.0
1683808260000.0,187951,1683808260000.0,0.0,-0.009282,1217.9806113473257,1218.1182940119963,51.0,0.91,66.9,0.910441963158884,long_ientry_partial,60.908567335329344,0.05000782998339564,2.0
1683808320000.0,187952,1683808320000.0,0.04271921524663713,-0.00304942,1218.0202811425725,1218.1085345919964,-16.7,0.913,50.2,0.910441963158884,long_nclose,45.70418655057598,0.03752333787718448,1.0
1683808380000.0,187953,1683808380000.0,0.03197546051394995,-0.0022825000000000002,1218.0499741030862,1218.1539520919964,-12.5,0.913,37.7,0.910441963158884,long_nclose,34.32366201108993,0.028179190296657764,1.0
1683808620000.0,187957,1683808620000.0,0.024045546306490362,-0.00171644,1218.0723032093927,1218.1220556519963,-9.4,0.913,28.3,0.910441963158884,long_nclose,25.76550755739642,0.021152691420295106,4.0
1683808860000.0,187961,1683808860000.0,0.0,-0.007025972,1218.0652772373926,1218.048909679996,38.6,0.9101,66.9,0.9102446570612319,long_ientry_partial,60.89536755739642,0.04999351733883169,4.0
1683825840000.0,188244,1683825840000.0,0.0,-0.0167067,1218.0485705373926,1215.9459929799962,95.0,0.8793,161.9,0.8920868904101076,long_rentry,144.42886755739642,0.11857398058738794,283.0
1683842520000.0,188522,1683842520000.0,0.10152962743165177,-0.007228367999999999,1218.1428717968242,1218.4603646119963,-40.4,0.8946,121.5,0.8920868904101076,long_nclose,108.38855718482807,0.08897852599584588,278.0
1683843600000.0,188540,1683843600000.0,0.07614722057373884,-0.005421276,1218.213597741398,1218.451913335996,-30.3,0.8946,91.2,0.8920868904101076,long_nclose,81.35832440540182,0.06678494194798221,18.0
1683844200000.0,188550,1683844200000.0,0.05729889864954605,-0.004079376,1218.2668172640476,1218.5139539599963,-22.8,0.8946,68.4,0.8920868904101076,long_nclose,61.01874330405136,0.05008651835489182,10.0
1683844560000.0,188556,1683844560000.0,0.04297417398715954,-0.0030595320000000002,1218.3067319060349,1218.4561744279963,-17.1,0.8946,51.3,0.8920868904101076,long_nclose,45.76405747803852,0.03756365805058048,6.0
1683844980000.0,188563,1683844980000.0,0.0,-0.0030475620000000006,1218.303684344035,1218.1641368659964,17.1,0.8911,68.4,0.8918401678075807,long_ientry_partial,61.00186747803853,0.05007115078280622,7.0
1683848280000.0,188618,1683848280000.0,0.04206313049037,-0.0030585060000000003,1218.3426889685254,1218.4791383599966,-17.1,0.8943,51.3,0.8918401678075807,long_nclose,45.75140060852889,0.03755216083519407,55.0
1683849000000.0,188630,1683849000000.0,0.031485852062967015,-0.002289408,1218.3718854125884,1218.4781389519965,-12.8,0.8943,38.5,0.8918401678075807,long_nclose,34.33584646059186,0.028181745550509316,12.0
1683850020000.0,188647,1683850020000.0,0.0,-0.005328778,1218.3665566345885,1218.3038601739966,29.9,0.8911,68.4,0.8915166149209334,long_ientry_partial,60.979736460591845,0.050050402424892594,17.0
1683852600000.0,188690,1683852600000.0,0.04246588485203966,-0.0030574800000000004,1218.4059650394404,1218.5077126939966,-17.1,0.894,51.3,0.8915166149209334,long_nclose,45.73480234544388,0.037536587687309476,43.0
1683852840000.0,188694,1683852840000.0,0.03178732901205308,-0.00228864,1218.4354637284525,1218.5387740539966,-12.8,0.894,38.5,0.8915166149209334,long_nclose,34.32338967445593,0.028170051427611302,4.0
1683853200000.0,188700,1683853200000.0,0.02384049675903981,-0.00171648,1218.4575877452116,1218.5004575739968,-9.6,0.894,28.9,0.8915166149209334,long_nclose,25.764830171214975,0.0211454468586744,6.0
1683854220000.0,188717,1683854220000.0,0.0,-0.00703732,1218.4505504252115,1218.3682802539965,39.5,0.8908,68.4,0.8911027802809206,long_ientry_partial,60.95143017121497,0.05002372082309316,17.0
1683854220000.0,188717,1683854220000.0,0.020859981977371777,-0.00128736,1218.4701230471887,1218.3965128939965,-7.2,0.894,61.2,0.8911027802809206,long_nclose,54.53549015319234,0.04475734703843887,0.0
1683895560000.0,189406,1683895560000.0,0.038207461701914004,-0.002734416,1218.5055960928905,1218.6523484779964,-15.3,0.8936,45.9,0.8911027802809206,long_nclose,40.901617614894256,0.033567033049371565,689.0
1683895680000.0,189408,1683895680000.0,0.028468304797504552,-0.002037408,1218.5320269896881,1218.5940310699964,-11.4,0.8936,34.5,0.8911027802809206,long_nclose,30.74304591969176,0.025229575619477685,2.0
1683898020000.0,189447,1683898020000.0,0.02147608958408238,-0.001536992,1218.5519660872721,1218.6166440779964,-8.6,0.8936,25.9,0.8911027802809206,long_nclose,23.079562009275843,0.018940154094029747,39.0
1683898320000.0,189452,1683898320000.0,0.01598220620210782,-0.001143808,1218.5668044854742,1218.6213502699964,-6.4,0.8936,19.5,0.8911027802809206,long_nclose,17.37650421547795,0.014259787934084564,5.0
1683898920000.0,189462,1683898920000.0,0.011986654651580863,-0.0008578559999999999,1218.5779332841257,1218.6087624139961,-4.8,0.8936,14.7,0.8911027802809206,long_nclose,13.099210870129532,0.010749588116064546,10.0
1683898980000.0,189463,1683898980000.0,0.008989990988685649,-0.000643392,1218.5862798831145,1218.6173290219963,-3.6,0.8936,11.1,0.8911027802809206,long_nclose,9.891240861118218,0.008116980327455333,1.0
1683899100000.0,189465,1683899100000.0,0.006742493241514236,-0.00048254400000000006,1218.592539832356,1218.6076364779963,-2.7,0.8936,8.4,0.8911027802809206,long_nclose,7.485263354359733,0.006142548152633115,2.0
1683899520000.0,189472,1683899520000.0,0.005244161410066628,-0.00037531200000000004,1218.597408681766,1218.6181811659962,-2.1,0.8936,6.3,0.8911027802809206,long_nclose,5.6139475157698,0.004606892707775214,7.0
1683900720000.0,189492,1683900720000.0,0.00374582957861902,-0.00026807999999999997,1218.6008864313444,1218.613353085996,-1.5,0.8936,4.8,0.8911027802809206,long_nclose,4.2772933453484185,0.003510003474455375,20.0
1683903480000.0,189538,1683903480000.0,0.0,-0.011328192,1218.5895582393443,1218.580724893996,63.9,0.8864,68.7,0.8867285785349114,long_ientry_partial,60.91825334534841,0.049990788886591954,46.0
1683912660000.0,189691,1683912660000.0,0.0422613070530152,-0.0030410640000000004,1218.6287784823974,1218.782103829996,-17.1,0.8892,51.6,0.8867285785349114,long_nclose,45.75519465240143,0.037546458331126915,153.0
1683914880000.0,189728,1683914880000.0,0.031881336899643044,-0.002294136,1218.658365683297,1218.7578796939958,-12.9,0.8892,38.7,0.8867285785349114,long_nclose,34.31639598930107,0.02815916006949167,37.0
1683915060000.0,189731,1683915060000.0,0.023725646064850635,-0.001707264,1218.6803840653617,1218.775582429996,-9.6,0.8892,29.1,0.8867285785349114,long_nclose,25.80380163536592,0.021173559509744255,3.0
1683915240000.0,189734,1683915240000.0,0.017794234548637978,-0.001280448,1218.6968978519103,1218.7554019819956,-7.2,0.8892,21.9,0.8867285785349114,long_nclose,19.419355869914558,0.015934524740436565,3.0
1683915720000.0,189742,1683915720000.0,0.013345675911478484,-0.0009603360000000001,1218.709283191822,1218.7517116459958,-5.4,0.8892,16.5,0.8867285785349114,long_nclose,14.631021545826037,0.01200534183797068,8.0
1683916080000.0,189748,1683916080000.0,0.010132828006863291,-0.000729144,1218.7186868758288,1218.750572501996,-4.1,0.8892,12.4,0.8867285785349114,long_nclose,10.995434373832902,0.009022126674712415,6.0
1683916320000.0,189752,1683916320000.0,0.007661406541774685,-0.0005513040000000001,1218.7257969783705,1218.7552911979958,-3.1,0.8892,9.3,0.8867285785349114,long_nclose,8.246575780374677,0.006766555529406779,4.0
1683916680000.0,189758,1683916680000.0,0.0056842693697037976,-0.00040903199999999993,1218.7310722157401,1218.7518721659958,-2.3,0.8892,7.0,0.8867285785349114,long_nclose,6.20710004974438,0.005093084267113522,6.0
1683918180000.0,189783,1683918180000.0,0.004201416490650633,-0.000302328,1218.7349713042306,1218.7448898379955,-1.7,0.8892,5.3,0.8867285785349114,long_nclose,4.69966146623503,0.0038561800365880055,25.0
1683918360000.0,189786,1683918360000.0,0.0,-0.01125601,1218.7237152942307,1218.6939238279956,63.5,0.8863,68.8,0.8863330154976022,long_ientry_partial,60.97971146623503,0.050035714166367054,3.0
1683918720000.0,189792,1683918720000.0,0.04243213344124208,-0.003057472,1218.763089955672,1218.8955463559957,-17.2,0.8888,51.6,0.8863330154976022,long_nclose,45.73478359967628,0.037525573244378205,6.0
1683919320000.0,189802,1683919320000.0,0.0,-0.0030488719999999998,1218.7600410836721,1218.765217483996,17.2,0.8863,68.8,0.8863247616232016,long_ientry_partial,60.97914359967627,0.05003375688741492,10.0
1683921300000.0,189835,1683921300000.0,0.042574100080932764,-0.003057472,1218.799557711753,1219.0511200119959,-17.2,0.8888,51.6,0.8863247616232016,long_nclose,45.734357699757204,0.03752410099788813,33.0
1683921360000.0,189836,1683921360000.0,0.13373410008093226,-0.0030757040000000003,1218.9302161078342,1219.166724307996,-17.2,0.8941,34.4,0.8863247616232016,long_nclose,30.489571799838135,0.025013385833681588,1.0
1683921420000.0,189837,1683921420000.0,0.08863771749550163,-0.0020385480000000003,1219.0168152773297,1219.179545759996,-11.4,0.8941,23.0,0.8863247616232016,long_nclose,20.385469517333636,0.016722878029123728,1.0
1683921540000.0,189839,1683921540000.0,0.05909181166366775,-0.001359032,1219.0745480569933,1219.203526727996,-7.6,0.8941,15.4,0.8863247616232016,long_nclose,13.649401328997305,0.011196527194134461,2.0
1683921720000.0,189842,1683921720000.0,0.03965371572167178,-0.000911982,1219.113289790715,1219.195434745996,-5.1,0.8941,10.3,0.8863247616232016,long_nclose,9.129145044718978,0.007488348393188443,3.0
1683921840000.0,189844,1683921840000.0,0.026435810481114517,-0.0006079880000000001,1219.1391176131963,1219.1948367579962,-3.4,0.8941,6.9,0.8863247616232016,long_nclose,6.115640855200091,0.0050163601239972995,2.0
1683925200000.0,189900,1683925200000.0,0.04411581048111446,-0.000611524,1219.1826218996773,1219.225235233996,-3.4,0.8993,3.5,0.8863247616232016,long_nclose,3.1021366656812055,0.002544439700795268,56.0
1683925260000.0,189901,1683925260000.0,0.02205790524055723,-0.000305762,1219.2043740429178,1219.227729471996,-1.7,0.8993,1.8,0.8863247616232016,long_nclose,1.595384570921763,0.0013085456424597793,1.0
1683925320000.0,189902,1683925320000.0,0.011677714539118533,-0.000161874,1219.2158898834568,1219.2277475979959,-0.9,0.8993,0.9,0.8863247616232016,long_nclose,0.7976922854608814,0.0006542666414371713,1.0
1683925440000.0,189904,1683925440000.0,0.005190095350719348,-7.194400000000001e-05,1219.2210080348077,1219.227595653996,-0.4,0.8993,0.5,0.8863247616232016,long_nclose,0.4431623808116008,0.0003634799416111676,2.0
1683925620000.0,189907,1683925620000.0,0.002595047675359674,-3.597200000000001e-05,1219.2235671104831,1219.227579681996,-0.2,0.8993,0.3,0.8863247616232016,long_nclose,0.26589742848696046,0.00021808750721340466,3.0
1683925740000.0,189909,1683925740000.0,0.001297523837679837,-1.7986000000000004e-05,1219.2248466483206,1219.227421695996,-0.1,0.8993,0.2,0.8863247616232016,long_nclose,0.17726495232464035,0.0001453915188916516,2.0
1683925800000.0,189910,1683925800000.0,0.001297523837679837,-1.7986000000000004e-05,1219.2261261861581,1219.2275137099957,-0.1,0.8993,0.1,0.8863247616232016,long_nclose,0.08863247616232017,7.269568315401018e-05,1.0
1683925860000.0,189911,1683925860000.0,0.0018275238376798343,-1.8092000000000002e-05,1219.2279356179959,1219.2279356179959,-0.1,0.9046,0.0,0.8863247616232016,long_nclose,0.0,0.0,1.0
1683985020000.0,190897,1683985020000.0,0.0,-0.012190984,1219.2157446339959,1219.195464633996,67.6,0.9017,67.6,0.9017,long_ientry_normal,60.954919999999994,0.04999518770018709,986.0
1683986520000.0,190922,1683986520000.0,0.042250000000000974,-0.003056196,1219.2549384379959,1219.3816884379958,-16.9,0.9042,50.7,0.9017,long_nclose,45.71619,0.03749518542739522,25.0
1683986940000.0,190929,1683986940000.0,0.0,-0.003047746,1219.2518906919959,1219.224850691996,16.9,0.9017,67.6,0.9017000000000001,long_ientry_partial,60.95492,0.04999370553807759,7.0
1684002660000.0,191191,1684002660000.0,0.042249999999999094,-0.003056196,1219.2910844959958,1219.4482544959958,-16.9,0.9042,50.7,0.9017000000000001,long_nclose,45.716190000000005,0.03749407387727859,262.0
1684002960000.0,191196,1684002960000.0,0.03149999999999933,-0.002278584,1219.320305911996,1219.434605911996,-12.6,0.9042,38.1,0.9017000000000001,long_nclose,34.35477,0.028175344766610936,5.0
1684003620000.0,191207,1684003620000.0,0.023749999999999494,-0.00171798,1219.342337931996,1219.4166979319962,-9.5,0.9042,28.6,0.9017000000000001,long_nclose,25.78862,0.021149614179507198,11.0
1684004220000.0,191217,1684004220000.0,0.0,-0.007046602000000001,1219.3352913299962,1219.3045913299961,39.1,0.9011,67.7,0.901353471196455,long_ientry_partial,61.02163000000001,0.05004499618266634,10.0
1684004580000.0,191223,1684004580000.0,0.043036336779910506,-0.003055182,1219.3752724847761,1219.4690761479962,-16.9,0.9039,50.8,0.901353471196455,long_nclose,45.78875633677991,0.03755099629294113,6.0
1684004640000.0,191224,1684004640000.0,0.032340915805021506,-0.0022959060000000003,1219.4053174945811,1219.5099602419962,-12.7,0.9039,38.1,0.901353471196455,long_nclose,34.34156725258494,0.028162553303559417,1.0
1684005120000.0,191232,1684005120000.0,0.024192023633677506,-0.00171741,1219.4277921082148,1219.5092028319962,-9.5,0.9039,28.6,0.901353471196455,long_nclose,25.778709276218617,0.021140004716188193,8.0
1684005360000.0,191236,1684005360000.0,0.018080354505169503,-0.001283538,1219.44458892472,1219.5122392939961,-7.1,0.9039,21.5,0.901353471196455,long_nclose,19.379099630723783,0.01589174268903178,4.0
1684006980000.0,191263,1684006980000.0,0.0,-0.008327088000000002,1219.43626183672,1219.4261922059961,46.2,0.9012,67.7,0.9012487390062597,long_ientry_partial,61.01453963072378,0.05003503794353584,27.0
1684008000000.0,191280,1684008000000.0,0.04311631079421221,-0.003054844,1219.4763233035142,1219.6465673619962,-16.9,0.9038,50.8,0.9012487390062597,long_nclose,45.783435941517986,0.03754352181065101,17.0
1684009620000.0,191307,1684009620000.0,0.03240101462050266,-0.002295652,1219.5064286661348,1219.6074417099962,-12.7,0.9038,38.1,0.9012487390062597,long_nclose,34.3375769561385,0.02815694624397845,27.0
1684012200000.0,191350,1684012200000.0,0.02423697944053349,-0.00171722,1219.5289484255752,1219.6076344899961,-9.5,0.9038,28.6,0.9012487390062597,long_nclose,25.775713935579027,0.02113579506977325,43.0
1684013100000.0,191365,1684013100000.0,0.018113953055556607,-0.001283396,1219.5457789826307,1219.6285810939962,-7.1,0.9038,21.5,0.9012487390062597,long_nclose,19.376847888634583,0.0158885777168604,15.0
1684015140000.0,191399,1684015140000.0,0.013521683266823946,-0.0009580280000000001,1219.5583426378976,1219.596433065996,-5.3,0.9038,16.2,0.9012487390062597,long_nclose,14.600229571901407,0.011971735226968474,34.0
1684015200000.0,191400,1684015200000.0,0.01020504397496147,-0.0007230400000000001,1219.5678246418727,1219.6062700259963,-4.0,0.9038,12.2,0.9012487390062597,long_nclose,10.995234615876367,0.00901568112384822,1.0
1684015560000.0,191406,1684015560000.0,0.007653782981221102,-0.0005422800000000001,1219.5749361448538,1219.6002477459963,-3.0,0.9038,9.2,0.9012487390062597,long_nclose,8.291488398857588,0.006798670711508271,6.0
1684017540000.0,191439,1684017540000.0,0.005867900285602845,-0.00041574799999999996,1219.5803882971395,1219.5993719979963,-2.3,0.9038,6.9,0.9012487390062597,long_nclose,6.218616299143192,0.005098980238462217,33.0
1684021980000.0,191513,1684021980000.0,0.004337143689358625,-0.000307292,1219.584418148829,1219.5992447059964,-1.7,0.9038,5.2,0.9012487390062597,long_nclose,4.686493442832551,0.0038426970475287313,74.0
1684022760000.0,191526,1684022760000.0,0.0,-0.011258208,1219.5731599408289,1219.5573064979963,62.4,0.9021,67.6,0.902034518385097,long_ientry_partial,60.97753344283255,0.04999907791164497,13.0
1684076760000.0,192426,1684076760000.0,0.041666639291860846,-0.00305721,1219.6117693701208,1219.6708592879963,-16.9,0.9045,50.7,0.902034518385097,long_nclose,45.73315008212442,0.037498121312607297,900.0
1684079340000.0,192469,1684079340000.0,0.031065068347777912,-0.00227934,1219.6405550984684,1219.7382999479962,-12.6,0.9045,38.1,0.902034518385097,long_nclose,34.367515150472194,0.028178396501170388,43.0
1684080000000.0,192480,1684080000000.0,0.023422075341578585,-0.0017185500000000001,1219.66225862381,1219.7384913979963,-9.5,0.9045,28.6,0.902034518385097,long_nclose,25.798187225813773,0.0211519107387342,11.0
1684081920000.0,192512,1684081920000.0,0.017504919465811362,-0.00128439,1219.678479153276,1219.7271870079962,-7.1,0.9045,21.5,0.902034518385097,long_nclose,19.393742145279585,0.015900700452420126,32.0
1684083480000.0,192538,1684083480000.0,0.0,-0.008333074,1219.670146079276,1219.6310339339964,46.3,0.8999,67.8,0.900576875299109,long_ientry_partial,61.05911214527959,0.05006198794121413,26.0
1684116180000.0,193083,1684116180000.0,0.04264080744505789,-0.003052478,1219.709734408721,1219.8687014559964,-16.9,0.9031,50.9,0.900576875299109,long_nclose,45.83936295272465,0.037582189974851854,545.0
1684117440000.0,193104,1684117440000.0,0.032043683701315696,-0.002293874,1219.7394842184221,1219.8473275819963,-12.7,0.9031,38.2,0.900576875299109,long_nclose,34.40203663642597,0.02820441338624855,21.0
1684117920000.0,193112,1684117920000.0,0.023969684658464496,-0.00171589,1219.7617380130805,1219.854241691996,-9.5,0.9031,28.7,0.900576875299109,long_nclose,25.846556321084428,0.021189840208618884,8.0
1684118280000.0,193118,1684118280000.0,0.017914185376326098,-0.001282402,1219.778369796457,1219.8479892899961,-7.1,0.9031,21.6,0.900576875299109,long_nclose,19.452460506460756,0.015947536854344094,6.0
1684118880000.0,193128,1684118880000.0,0.013624873384811399,-0.0009753480000000002,1219.7910193218415,1219.833513941996,-5.4,0.9031,16.2,0.900576875299109,long_nclose,14.589345379845565,0.011960528605921937,10.0
1684119960000.0,193146,1684119960000.0,0.010092498803563998,-0.0007224800000000001,1219.800389340645,1219.832391461996,-4.0,0.9031,12.2,0.900576875299109,long_nclose,10.98703787864913,0.009007242475621851,18.0
1684126800000.0,193260,1684126800000.0,0.031292498803563884,-0.00072672,1219.8309551194486,1219.850004741996,-4.0,0.9084,8.2,0.900576875299109,long_nclose,7.384730377452693,0.006053896522678065,114.0
1684126860000.0,193261,1684126860000.0,0.005046249401781999,-0.00036124000000000003,1219.8356401288504,1219.856863501996,-2.0,0.9031,6.2,0.900576875299109,long_nclose,5.583576626854476,0.004577318815069779,1.0
1684127340000.0,193269,1684127340000.0,0.015646249401781942,-0.00036336,1219.8509230182522,1219.889240141996,-2.0,0.9084,4.2,0.900576875299109,long_nclose,3.782422876256258,0.0031007255107021493,8.0
1684127820000.0,193277,1684127820000.0,0.010952374581247358,-0.000254352,1219.8616210408334,1219.8840857899959,-1.4,0.9084,2.8,0.900576875299109,long_nclose,2.521615250837505,0.002067132211837245,8.0
1684130520000.0,193322,1684130520000.0,0.007040812230801874,-0.000163512,1219.8684983410642,1219.885452277996,-0.9,0.9084,1.9,0.900576875299109,long_nclose,1.711096063068307,0.0014026889499936083,45.0
1684130940000.0,193329,1684130940000.0,0.004693874820534583,-0.000109008,1219.8730832078847,1219.883513269996,-0.6,0.9084,1.3,0.900576875299109,long_nclose,1.1707499378888417,0.000959730937590766,7.0
1684131960000.0,193346,1684131960000.0,0.00793387482053456,-0.00010965600000000001,1219.8809074267053,1219.890443613996,-0.6,0.9138,0.7,0.900576875299109,long_nclose,0.6304038127093763,0.0005167748825901295,17.0
1684132800000.0,193360,1684132800000.0,0.00396693741026728,-5.4828000000000004e-05,1219.8848195361156,1219.890148785996,-0.3,0.9138,0.4,0.900576875299109,long_nclose,0.3602307501196436,0.0002952989858965769,14.0
1684133460000.0,193371,1684133460000.0,0.0026446249401781865,-3.6552000000000005e-05,1219.8874276090557,1219.8901522339959,-0.2,0.9138,0.2,0.900576875299109,long_nclose,0.1801153750598218,0.00014764917727928614,11.0
1684133760000.0,193376,1684133760000.0,0.0013223124700890933,-1.8276000000000003e-05,1219.888731645526,1219.890103957996,-0.1,0.9138,0.1,0.900576875299109,long_nclose,0.0900576875299109,7.382450972264558e-05,5.0
1684136880000.0,193428,1684136880000.0,0.0013223124700890933,-1.8276000000000003e-05,1219.890035681996,1219.890035681996,-0.1,0.9138,0.0,0.900576875299109,long_nclose,0.0,0.0,52.0
1684190640000.0,194324,1684190640000.0,0.0,-0.012199360000000001,1219.877836321996,1219.9046363219961,67.0,0.9104,67.0,0.9104,long_ientry_normal,60.9968,0.05000238399601469,896.0
1684192500000.0,194355,1684192500000.0,0.04175000000000096,-0.0030490860000000003,1219.9165372359962,1220.0473172359962,-16.7,0.9129,50.3,0.9104,long_nclose,45.793119999999995,0.03753791230976746,31.0
1684193580000.0,194373,1684193580000.0,0.0,-0.003040736,1219.9134964999962,1219.9067964999963,16.7,0.9104,67.0,0.9104,long_ientry_partial,60.9968,0.05000092233998838,18.0
1684221420000.0,194837,1684221420000.0,0.04175000000000096,-0.0030490860000000003,1219.9521974139964,1220.0729174139963,-16.7,0.9129,50.3,0.9104,long_nclose,45.793119999999995,0.03753681504658161,464.0
1684221540000.0,194839,1684221540000.0,0.03125000000000072,-0.0022822500000000004,1219.9811651639964,1220.1285851639964,-12.5,0.9129,37.8,0.9104,long_nclose,34.41312,0.02820791089457025,2.0
1684224000000.0,194880,1684224000000.0,0.09954000000000023,-0.002314116,1220.0783910479963,1220.2724310479964,-12.6,0.9183,25.2,0.9104,long_nclose,22.94208,0.018803775370772456,41.0
1684225320000.0,194902,1684225320000.0,0.06636000000000015,-0.0015427440000000002,1220.1432083039963,1220.2725683039962,-8.4,0.9183,16.8,0.9104,long_nclose,15.29472,0.012535184309438332,22.0
1684226880000.0,194928,1684226880000.0,0.010500000000000244,-0.0007668360000000001,1220.1529414679965,1220.1869614679965,-4.2,0.9129,12.6,0.9104,long_nclose,11.47104,0.009401313237174108,26.0
1684227660000.0,194941,1684227660000.0,0.0077500000000001795,-0.0005659980000000001,1220.1601254699965,1220.1857754699965,-3.1,0.9129,9.5,0.9104,long_nclose,8.6488,0.0070882499923266605,13.0
1684228920000.0,194962,1684228920000.0,0.005750000000000133,-0.00041993400000000006,1220.1654555359964,1220.1877755359965,-2.3,0.9129,7.2,0.9104,long_nclose,6.55488,0.005372123895378238,21.0
1684230900000.0,194995,1684230900000.0,0.0,-0.010889820000000001,1220.1545657159963,1220.1914557159964,59.9,0.909,67.1,0.909150223546945,long_ientry_partial,61.003980000000006,0.04999692802378884,33.0
1684284900000.0,195895,1684284900000.0,0.04258126676601826,-0.003045078,1220.1941019047624,1220.3881306379965,-16.7,0.9117,50.4,0.909150223546945,long_nclose,45.82117126676602,0.03755236252596017,900.0
1684286400000.0,195920,1684286400000.0,0.13355624441132496,-0.0030814560000000006,1220.3245766931736,1220.6051291819963,-16.8,0.9171,33.6,0.909150223546945,long_nclose,30.547447511177353,0.02503223166573814,25.0
1684287480000.0,195938,1684287480000.0,0.22427624441132432,-0.0030996000000000005,1220.545753337585,1220.7733895819963,-16.8,0.9225,16.8,0.909150223546945,long_nclose,15.273723755588676,0.012513847771640389,18.0
1684291200000.0,196000,1684291200000.0,0.11213812220566216,-0.0015498000000000003,1220.6563416597905,1220.7785597819961,-8.4,0.9225,8.4,0.909150223546945,long_nclose,7.636861877794338,0.0062563570246234055,62.0
1684294800000.0,196060,1684294800000.0,0.05606906110283108,-0.0007749000000000001,1220.7116358208934,1220.7714848819962,-4.2,0.9225,4.2,0.909150223546945,long_nclose,3.818430938897169,0.003128036816270195,60.0
1684300800000.0,196160,1684300800000.0,0.01112968703427708,-0.000256788,1220.7225087199279,1220.7461680939964,-1.4,0.9171,2.8,0.909150223546945,long_nclose,2.545620625931446,0.002085339303361278,100.0
1684303380000.0,196203,1684303380000.0,0.0017848435171384902,-0.000127638,1220.7241659254448,1220.7309904559963,-0.7,0.9117,2.1,0.909150223546945,long_nclose,1.9092154694485846,0.0015640023542920416,43.0
1684305540000.0,196239,1684305540000.0,0.00556484351713854,-0.000128394,1220.7296023749618,1220.7410120619961,-0.7,0.9171,1.4,0.909150223546945,long_nclose,1.272810312965723,0.001042663592731295,36.0
1684306080000.0,196248,1684306080000.0,0.003179910581222023,-7.336800000000002e-05,1220.732708917543,1220.7407586939962,-0.4,0.9171,1.0,0.909150223546945,long_nclose,0.909150223546945,0.0007447578138158624,9.0
1684306920000.0,196262,1684306920000.0,0.0023849329359165172,-5.5026e-05,1220.735038824479,1220.7406736679961,-0.3,0.9171,0.7,0.909150223546945,long_nclose,0.6364051564828614,0.0005213294746546271,14.0
1684308480000.0,196288,1684308480000.0,0.0015899552906110115,-3.668400000000001e-05,1220.7365920957698,1220.7410669839962,-0.2,0.9171,0.5,0.909150223546945,long_nclose,0.4545751117734725,0.00037237772236601386,26.0
1684309560000.0,196306,1684309560000.0,0.0,-0.01211763,1220.7244744657698,1220.7991493539964,66.5,0.9111,67.0,0.9110854494294548,long_ientry_partial,61.04272511177347,0.05000532584430063,18.0
1684310100000.0,196315,1684310100000.0,0.04199299452810435,-0.003051424,1220.763416036298,1220.8395979299964,-16.7,0.9136,50.3,0.9110854494294548,long_nclose,45.82759810630157,0.0375401142467878,9.0
1684310580000.0,196323,1684310580000.0,0.0,-0.003043074,1220.7603729622979,1220.7209048559962,16.7,0.9111,67.0,0.9110890762134563,long_ientry_partial,61.04296810630157,0.050004054406004896,8.0
1684313520000.0,196372,1684313520000.0,0.041932427235280074,-0.003051424,1220.7992539655331,1220.9406434319963,-16.7,0.9136,50.3,0.9110890762134563,long_nclose,45.827780533536846,0.03753916164731757,49.0
1684314060000.0,196381,1684314060000.0,0.0,-0.00304274,1220.7962112255332,1220.7850306919963,16.7,0.911,67.0,0.9110668736348783,long_ientry_partial,61.04148053353684,0.05000136793696182,9.0
1684314300000.0,196385,1684314300000.0,0.04230321029753251,-0.003051424,1220.8354630118308,1221.0031192679965,-16.7,0.9136,50.3,0.9110668736348783,long_nclose,45.826663743834374,0.03753713348953583,4.0
1684315080000.0,196398,1684315080000.0,0.1324832102975337,-0.0030694600000000004,1220.9648767621284,1221.2616698079964,-16.7,0.919,33.6,0.9110668736348783,long_nclose,30.61184695413191,0.025071848942380175,13.0
1684315500000.0,196405,1684315500000.0,0.08885101528936391,-0.00205856,1221.0516692174176,1221.2383312479963,-11.2,0.919,22.4,0.9110668736348783,long_nclose,20.40789796942127,0.01671337788883321,7.0
1684315680000.0,196408,1684315680000.0,0.05870513510190117,-0.00136012,1221.1090142325195,1221.2265111279962,-7.4,0.919,15.0,0.9110668736348783,long_nclose,13.666003104523174,0.011191468530033256,3.0
1684315800000.0,196410,1684315800000.0,0.039665631825608894,-0.0009190000000000002,1221.147760864345,1221.2300921279962,-5.0,0.919,10.0,0.9110668736348783,long_nclose,9.110668736348783,0.007460742285520082,2.0
1684322220000.0,196517,1684322220000.0,0.006332815912804268,-0.0004568,1221.1536368802579,1221.1696353279963,-2.5,0.9136,7.5,0.9110668736348783,long_nclose,6.833001552261587,0.0055955297891248125,107.0
1684322580000.0,196523,1684322580000.0,0.0,-0.010835748,1221.1428011322578,1221.0702695799962,59.4,0.9121,66.9,0.9119841786586186,long_ientry_partial,61.01174155226159,0.049962822935770326,6.0
1684326840000.0,196594,1684326840000.0,0.042014216401069324,-0.0030544300000000003,1221.1817609186587,1221.3281351499961,-16.7,0.9145,50.2,0.9119841786586186,long_nclose,45.78160576866266,0.037489591831295056,71.0
1684328580000.0,196623,1684328580000.0,0.0,-0.0030639840000000005,1221.1786969346588,1221.1945711659962,16.8,0.9119,67.0,0.9119630711740696,long_ientry_partial,61.10152576866266,0.05003487689560638,29.0
1684328940000.0,196629,1684328940000.0,0.042366711393037236,-0.0030544300000000003,1221.2180092160518,1221.370766735996,-16.7,0.9145,50.3,0.9119630711740696,long_nclose,45.8717424800557,0.037562287923924895,6.0
1684329180000.0,196633,1684329180000.0,0.03171161032412967,-0.00228625,1221.247434576376,1221.3471104859962,-12.5,0.9145,37.8,0.9119630711740696,long_nclose,34.472204090379826,0.028227043197300537,4.0
1684329300000.0,196635,1684329300000.0,0.02384713096374551,-0.00171926,1221.2695624473397,1221.3501312259962,-9.4,0.9145,28.4,0.9119630711740696,long_nclose,25.899751221343575,0.021207235501261707,2.0
1684329540000.0,196639,1684329540000.0,0.01801219466410565,-0.00129859,1221.2862760520038,1221.3552226359961,-7.1,0.9145,21.3,0.9119630711740696,long_nclose,19.424813416007684,0.015905208956250118,4.0
1684331580000.0,196673,1684331580000.0,0.0,-0.008318352000000001,1221.2779577000038,1221.267494283996,45.6,0.9121,66.9,0.9120564038267216,long_ientry_partial,61.01657341600768,0.04996125004247057,34.0
1684333020000.0,196697,1684333020000.0,0.04247805609374883,-0.0030547639999999997,1221.3173809920977,1221.4450695199962,-16.7,0.9146,50.2,0.9120564038267216,long_nclose,45.78523147210143,0.03748839751622079,24.0
1684333080000.0,196698,1684333080000.0,0.03179495216597966,-0.0022865,1221.3468894442635,1221.4465530199961,-12.5,0.9146,37.7,0.9120564038267216,long_nclose,34.384526424267406,0.02815295697024539,1.0
1684333680000.0,196708,1684333680000.0,0.0,-0.0053443200000000005,1221.3415451242636,1221.2590186999962,29.3,0.912,67.0,0.9120317376756331,long_ientry_partial,61.106126424267416,0.05003197235712657,10.0
1684334820000.0,196727,1684334820000.0,0.042889980816927395,-0.0030547639999999997,1221.3813803410806,1221.4803839359963,-16.7,0.9146,50.3,0.9120317376756331,long_nclose,45.87519640508434,0.03756009150251932,19.0
1684335120000.0,196732,1684335120000.0,0.0,-0.0030457460000000002,1221.3783345950806,1221.3717081899963,16.7,0.9119,67.0,0.911998901568423,long_ientry_partial,61.103926405084344,0.05002866407102425,5.0
1684335720000.0,196742,1684335720000.0,0.041768343807335497,-0.0030544300000000003,1221.4170485088878,1221.5378237599962,-16.7,0.9145,50.3,0.911998901568423,long_nclose,45.873544748891675,0.03755764241615453,10.0
1684336200000.0,196750,1684336200000.0,0.0312637303947122,-0.00228625,1221.4460259892826,1221.5632475099962,-12.5,0.9145,37.8,0.911998901568423,long_nclose,34.47355847928639,0.028223562683717694,8.0
1684336620000.0,196757,1684336620000.0,0.02351032525682357,-0.00171926,1221.4678170545394,1221.5615682499963,-9.4,0.9145,28.4,0.911998901568423,long_nclose,25.900768804543212,0.021204626468997442,7.0
1684336920000.0,196762,1684336920000.0,0.0,-0.007039868000000001,1221.4607771865394,1221.4043683819962,38.6,0.9119,67.0,0.9119419224558689,long_ientry_partial,61.10010880454322,0.05002216194389688,5.0
1684337700000.0,196775,1684337700000.0,0.04271989498698879,-0.0030544300000000003,1221.5004426515263,1221.634143951996,-16.7,0.9145,50.3,0.9119419224558689,long_nclose,45.8706786995302,0.037552731949861716,13.0
1684337880000.0,196778,1684337880000.0,0.03197596930163832,-0.00228625,1221.530132370828,1221.634387701996,-12.5,0.9145,37.8,0.9119419224558689,long_nclose,34.471404668831845,0.028219856191289708,3.0
1684338000000.0,196780,1684338000000.0,0.024045928914832017,-0.00171926,1221.5524590397426,1221.639308441996,-9.4,0.9145,28.4,0.9119419224558689,long_nclose,25.899150597746676,0.021201832476442226,2.0
1684338180000.0,196783,1684338180000.0,0.0,-0.007039868000000001,1221.5454191717427,1221.517428573996,38.6,0.9119,67.0,0.911917770115622,long_ientry_partial,61.098490597746675,0.0500173711421831,3.0
1684339020000.0,196797,1684339020000.0,0.04145323906911197,-0.003054096,1221.5838183148119,1221.7187344779961,-16.7,0.9144,50.3,0.911917770115622,long_nclose,45.86946383681578,0.03754917439893171,14.0
1684339680000.0,196808,1684339680000.0,0.031027873554724528,-0.002286,1221.6125601883666,1221.7366284779962,-12.5,0.9144,37.8,0.911917770115622,long_nclose,34.47049171037051,0.028217204729014355,11.0
1684340460000.0,196821,1684340460000.0,0.023332960913152845,-0.0017190719999999999,1221.6341740772798,1221.752949405996,-9.4,0.9144,28.4,0.911917770115622,long_nclose,25.898464671283666,0.021199852804416837,13.0
1684341540000.0,196839,1684341540000.0,0.07503296091315341,-0.0017294120000000005,1221.707477626193,1221.8648399939962,-9.4,0.9199,19.0,0.911917770115622,long_nclose,17.326437632196818,0.014182149122850998,18.0
1684341660000.0,196841,1684341660000.0,0.050288048271581544,-0.0011590740000000002,1221.7566066004645,1221.861790919996,-6.3,0.9199,12.7,0.911917770115622,long_nclose,11.581355680468398,0.00947926585205338,2.0
1684341780000.0,196843,1684341780000.0,0.033525365514387694,-0.0007727160000000001,1221.7893592499788,1221.859758203996,-4.2,0.9199,8.5,0.911917770115622,long_nclose,7.751301045982787,0.006344220456086708,2.0
1684342020000.0,196847,1684342020000.0,0.02235024367625846,-0.000515144,1221.8111943496551,1221.857833059996,-2.8,0.9199,5.7,0.911917770115622,long_nclose,5.197931289659046,0.004254283569914251,4.0
1684342320000.0,196852,1684342320000.0,0.015166236780318242,-0.00034956200000000004,1221.8260110244353,1221.855203497996,-1.9,0.9199,3.8,0.911917770115622,long_nclose,3.4652875264393637,0.0028361546530949254,5.0
1684342440000.0,196854,1684342440000.0,0.009578675861253627,-0.000220776,1221.8353689242965,1221.855862721996,-1.2,0.9199,2.6,0.911917770115622,long_nclose,2.3709862023006174,0.0019405120056297217,2.0
1684342800000.0,196860,1684342800000.0,0.006385783907502419,-0.00014718400000000005,1221.841607524204,1221.8561555379958,-0.8,0.9199,1.8,0.911917770115622,long_nclose,1.6414519862081196,0.0013434245290878289,6.0
1684344900000.0,196895,1684344900000.0,0.012044006895940184,-0.00016655400000000002,1221.8534849770997,1221.8648989839955,-0.9,0.9253,0.9,0.911917770115622,long_nclose,0.8207259931040598,0.0006717057349306018,35.0
1684345560000.0,196906,1684345560000.0,0.005352891953751194,-7.402400000000001e-05,1221.8587638450535,1221.8655549599957,-0.4,0.9253,0.5,0.911917770115622,long_nclose,0.455958885057811,0.0003731682405116604,11.0
1684345980000.0,196913,1684345980000.0,0.009391114942188972,-9.307e-05,1221.8680618899957,1221.8680618899957,-0.5,0.9307,0.0,0.911917770115622,long_nclose,0.0,0.0,7.0
1684391220000.0,197667,1684391220000.0,0.0,-0.01221528,1221.8558466099958,1221.8624466099957,66.0,0.9254,66.0,0.9254,long_ientry_normal,61.0764,0.04998658407164375,754.0
1684393500000.0,197705,1684393500000.0,0.04290000000000077,-0.0030624000000000003,1221.8956842099956,1222.0293342099956,-16.5,0.928,49.5,0.9254,long_nclose,45.8073,0.03748871576514017,38.0
1684393920000.0,197712,1684393920000.0,0.03198000000000058,-0.00228288,1221.9253813299956,1222.0258213299956,-12.3,0.928,37.2,0.9254,long_nclose,34.42488,0.02817265319632734,7.0
1684394460000.0,197721,1684394460000.0,0.024180000000000437,-0.0017260800000000005,1221.9478352499955,1222.0259552499954,-9.3,0.928,27.9,0.9254,long_nclose,25.818659999999998,0.02112910163200037,9.0
1684395060000.0,197731,1684395060000.0,0.017940000000000324,-0.0012806400000000002,1221.9644946099954,1222.0253946099954,-6.9,0.928,21.0,0.9254,long_nclose,19.4334,0.015903408066044015,10.0
1684397160000.0,197766,1684397160000.0,0.013520000000000244,-0.0009651200000000002,1221.9770494899954,1222.0212894899953,-5.2,0.928,15.8,0.9254,long_nclose,14.62132,0.011965298371276578,35.0
1684398600000.0,197790,1684398600000.0,0.010140000000000182,-0.0007238400000000001,1221.9864656499954,1222.0245456499954,-3.9,0.928,11.9,0.9254,long_nclose,11.01226,0.009011769204941554,24.0
1684403760000.0,197876,1684403760000.0,0.007540000000000135,-0.00053824,1221.9934674099954,1222.0132674099955,-2.9,0.928,9.0,0.9254,long_nclose,8.3286,0.006815584716383464,86.0
1684404000000.0,197880,1684404000000.0,0.0057200000000001035,-0.0004083200000000001,1221.9987790899957,1222.0178190899956,-2.2,0.928,6.8,0.9254,long_nclose,6.29272,0.005149530513186024,4.0
1684405680000.0,197908,1684405680000.0,0.004420000000000079,-0.00031552,1222.0028835699957,1222.0166535699957,-1.7,0.928,5.1,0.9254,long_nclose,4.719539999999999,0.003862134912654375,28.0
1684407900000.0,197945,1684407900000.0,0.003120000000000056,-0.00022271999999999998,1222.0057808499957,1222.0167008499957,-1.2,0.928,3.9,0.9254,long_nclose,3.60906,0.0029533902838738053,37.0
1684408440000.0,197954,1684408440000.0,0.002340000000000042,-0.00016704000000000003,1222.0079538099958,1222.0160538099958,-0.9,0.928,3.0,0.9254,long_nclose,2.7762000000000002,0.0022718346401464245,9.0
1684409520000.0,197972,1684409520000.0,0.0,-0.011671380000000002,1221.9962824299957,1221.9923824299958,63.0,0.9263,66.0,0.926259090909091,long_ientry_partial,61.133100000000006,0.05002723893597616,18.0
1684432560000.0,198356,1684432560000.0,0.0,-0.016784572,1221.9794978579957,1220.1522778579958,93.8,0.8947,159.8,0.9077344180225282,long_rentry,145.05596000000003,0.11870572317642661,384.0
1684445700000.0,198575,1684445700000.0,0.10236672090112518,-0.007264194,1222.0746003848967,1222.4301736639957,-39.9,0.9103,119.9,0.9077344180225282,long_nclose,108.83735672090114,0.08905950314868047,219.0
1684446660000.0,198591,1684446660000.0,0.31782672090112357,-0.007307286,1222.3851198197979,1223.0383663779955,-39.9,0.9157,80.0,0.9077344180225282,long_nclose,72.61875344180226,0.059407425912144284,16.0
1684447380000.0,198603,1684447380000.0,0.21188448060074908,-0.004871524,1222.5921327763986,1223.0388548539956,-26.6,0.9157,53.4,0.9077344180225282,long_nclose,48.473017922403,0.03964774238512812,12.0
1684454040000.0,198714,1684454040000.0,0.0,-0.002496414,1222.5896363623986,1222.7089684399955,13.7,0.9111,67.1,0.9084215785753056,long_ientry_partial,60.955087922403,0.04985735696546897,111.0
1684454220000.0,198717,1684454220000.0,0.04138963779239739,-0.003042406,1222.627983594191,1222.7932160339956,-16.7,0.9109,50.4,0.9084215785753056,long_nclose,45.7844475601954,0.03744757045851485,3.0
1684455360000.0,198736,1684455360000.0,0.134037479934866,-0.0030791040000000005,1222.7589419701258,1223.0370969299954,-16.8,0.9164,33.6,0.9084215785753056,long_nclose,30.52296504013027,0.024962373197575032,19.0
1684455600000.0,198740,1684455600000.0,0.08935831995657732,-0.002052736,1222.8462475540823,1222.9958441939955,-11.2,0.9164,22.4,0.9084215785753056,long_nclose,20.348643360086843,0.01664039399948103,4.0
1684455900000.0,198745,1684455900000.0,0.0,-0.008147022000000002,1222.8381005320823,1222.9159971719955,44.7,0.9113,67.1,0.9103390962755119,long_ientry_partial,61.083753360086845,0.049952445326579234,5.0
1684456080000.0,198748,1684456080000.0,0.042767092198951924,-0.0030490860000000003,1222.8778185382814,1223.0421680859956,-16.7,0.9129,50.4,0.9103390962755119,long_nclose,45.8810904522858,0.037518948955283155,3.0
1684456320000.0,198752,1684456320000.0,0.03226738692855056,-0.002300508,1222.90778541721,1223.0423875779957,-12.6,0.9129,37.8,0.9103390962755119,long_nclose,34.410817839214346,0.028138522176040175,4.0
1684456800000.0,198760,1684456800000.0,0.024072495010188513,-0.0017162520000000001,1222.9301416602202,1223.0284313259956,-9.4,0.9129,28.4,0.9103390962755119,long_nclose,25.853630334224537,0.02114072542126264,8.0
1684457040000.0,198764,1684457040000.0,0.0,-0.007054236,1222.9230874242203,1222.9263770899956,38.7,0.9114,67.1,0.9109509736844195,long_ientry_partial,61.12481033422454,0.04998254670534397,4.0
1684458180000.0,198783,1684458180000.0,0.042568739470194614,-0.0030510900000000002,1222.9626050736904,1223.0961159999956,-16.7,0.9135,50.4,0.9109509736844195,long_nclose,45.911929073694736,0.03754156413550215,19.0
1684458600000.0,198790,1684458600000.0,0.0321177315763145,-0.00230202,1222.9924207852669,1223.0925539799957,-12.6,0.9135,37.8,0.9109509736844195,long_nclose,34.433946805271056,0.028155486673549036,7.0
1684458840000.0,198794,1684458840000.0,0.02396084736645685,-0.0017173800000000001,1223.0146642526333,1223.1097765999957,-9.4,0.9135,28.4,0.9109509736844195,long_nclose,25.871007652637513,0.02115347297854921,4.0
1684459200000.0,198800,1684459200000.0,0.018098086840621662,-0.0012971699999999998,1223.031465169474,1223.0900194299957,-7.1,0.9135,21.3,0.9109509736844195,long_nclose,19.403255739478134,0.015864886793235077,6.0
1684459320000.0,198802,1684459320000.0,0.013509839472576734,-0.00096831,1223.0440066989465,1223.089591119996,-5.3,0.9135,16.0,0.9109509736844195,long_nclose,14.575215578950711,0.011917163649973566,2.0
1684459500000.0,198805,1684459500000.0,0.0,-0.009314508,1223.0346921909465,1223.0150366119958,51.1,0.9114,67.1,0.9112929296415905,long_ientry_partial,61.147755578950715,0.04999674659220869,3.0
1684466280000.0,198918,1684466280000.0,0.04186807498543813,-0.0030520919999999997,1223.073508173932,1223.2401845199959,-16.7,0.9138,50.4,0.9112929296415905,long_nclose,45.92916365393616,0.03755225123182426,113.0
1684476600000.0,199090,1684476600000.0,0.1345187820212801,-0.0030888480000000004,1223.2049381079532,1223.477335671996,-16.8,0.9193,33.6,0.9112929296415905,long_nclose,30.619442435957442,0.025032144231954646,172.0
1684477380000.0,199103,1684477380000.0,0.08967918801418673,-0.002059232,1223.2925580639674,1223.4562364399958,-11.2,0.9193,22.4,0.9112929296415905,long_nclose,20.412961623971626,0.016686900847560138,13.0
1684480200000.0,199150,1684480200000.0,0.05925232065223052,-0.001360564,1223.3504498206196,1223.4855558759957,-7.4,0.9193,15.0,0.9112929296415905,long_nclose,13.669393944623858,0.011173735168551422,47.0
1684482780000.0,199193,1684482780000.0,0.0,-0.009490433999999999,1223.3409593866195,1223.3726854419956,51.9,0.9143,66.9,0.913625768977935,long_ientry_partial,61.12156394462386,0.049962819830106954,43.0
1684509600000.0,199640,1684509600000.0,0.04298965806848548,-0.003060108,1223.380888936688,1223.5954553339957,-16.7,0.9162,50.2,0.913625768977935,long_nclose,45.86401360269234,0.0374895619323884,447.0
1684510440000.0,199654,1684510440000.0,0.0,-0.003079518,1223.377809418688,1223.1369458159957,16.9,0.9111,67.1,0.912989621500631,long_ientry_partial,61.26160360269233,0.05007578454590572,14.0
1684511040000.0,199664,1684511040000.0,0.04192332093946181,-0.0030577699999999996,1223.4166749696276,1223.6137580459958,-16.7,0.9155,50.4,0.912989621500631,long_nclose,46.014676923631804,0.037611614967381544,10.0
1684511460000.0,199671,1684511460000.0,0.031630769092049024,-0.00230706,1223.4459986787197,1223.5749109859958,-12.6,0.9155,37.8,0.912989621500631,long_nclose,34.51100769272385,0.028208035115562576,7.0
1684512000000.0,199680,1684512000000.0,0.02359755789406832,-0.0017211400000000001,1223.4678750966139,1223.553369845996,-9.4,0.9155,28.4,0.912989621500631,long_nclose,25.92890525061792,0.021192959601469216,9.0
1684512540000.0,199689,1684512540000.0,0.01782368734551969,-0.00130001,1223.4843987739594,1223.5527798359958,-7.1,0.9155,21.3,0.912989621500631,long_nclose,19.44667893796344,0.015894505036149826,9.0
1684512960000.0,199696,1684512960000.0,0.013305006046655543,-0.00097043,1223.496733350006,1223.541699405996,-5.3,0.9155,16.0,0.912989621500631,long_nclose,14.607833944010096,0.011939413932077274,7.0
1684513140000.0,199699,1684513140000.0,0.010041513997475882,-0.0007324,1223.5060424640035,1223.534967005996,-4.0,0.9155,12.0,0.912989621500631,long_nclose,10.955875458007572,0.008954492317785102,3.0
1684513200000.0,199700,1684513200000.0,0.007531135498106911,-0.0005493000000000001,1223.5130242995015,1223.5365177059957,-3.0,0.9155,9.0,0.912989621500631,long_nclose,8.21690659350568,0.006715830915008126,1.0
1684515660000.0,199741,1684515660000.0,0.0,-0.010593954,1223.5024303455016,1223.5243737519959,58.1,0.9117,67.1,0.911872974567894,long_ientry_partial,61.18667659350568,0.05000944426095446,41.0
1684516440000.0,199754,1684516440000.0,0.04220132471617076,-0.003054096,1223.5415775742179,1223.668939655996,-16.7,0.9144,50.4,0.911872974567894,long_nclose,45.958397918221856,0.037561778660058734,13.0
1684516500000.0,199755,1684516500000.0,0.03184052044453602,-0.0023042880000000003,1223.5711138066624,1223.6628553679961,-12.6,0.9144,37.8,0.911872974567894,long_nclose,34.46879843866639,0.028170653956867468,1.0
1684516560000.0,199756,1684516560000.0,0.023754039061796718,-0.0017190719999999999,1223.5931487737241,1223.673436295996,-9.4,0.9144,28.4,0.911872974567894,long_nclose,25.897192477728186,0.021164872084877363,1.0
1684523100000.0,199865,1684523100000.0,0.0,-0.007044500000000001,1223.5861042737242,1223.577111795996,38.6,0.9125,67.0,0.9122342160854954,long_ientry_partial,61.119692477728194,0.04995128030977975,109.0
1684635420000.0,201737,1684635420000.0,0.0,-0.016778048,1223.5693262257241,1221.408933747996,95.2,0.8812,162.2,0.8940193124397546,long_rentry,145.0099324777282,0.1185138670687604,1872.0
1684667520000.0,202272,1684667520000.0,0.0,-0.039697920000000005,1223.5296283057241,1218.137215827996,230.4,0.8615,392.6,0.8749351311200413,long_rentry,343.4995324777282,0.2807447605117559,535.0
1684703100000.0,202865,1684703100000.0,0.0,-0.17600100000000002,1223.353627305724,1216.6821948279958,1050.0,0.8381,1442.6,0.8481245892678,long_rentry,1223.5045324777282,1.00012335368011,593.0
1684708080000.0,202948,1684708080000.0,0.8565731100313363,-0.06133806000000001,1224.1488623557555,1226.935456767996,-360.6,0.8505,1082.0,0.8481245892678,long_nclose,917.6708055877596,0.7496398794357341,83.0
1684708800000.0,202960,1684708800000.0,0.6425486030601122,-0.04601205,1224.7453989088156,1226.754194717996,-270.5,0.8505,811.5,0.8481245892678,long_nclose,688.2531041908197,0.5619560643412235,12.0
1684708920000.0,202962,1684708920000.0,0.48173329649016916,-0.034496280000000004,1225.1926359253057,1226.7602884379958,-202.8,0.8505,608.7,0.8481245892678,long_nclose,516.2534374873098,0.4213651162679559,2.0
1684709640000.0,202974,1684709640000.0,0.36129997236762684,-0.025872210000000003,1225.5280636876732,1226.7039962279957,-152.1,0.8505,456.6,0.8481245892678,long_nclose,387.2536874596775,0.3159892449091801,12.0
1684709820000.0,202977,1684709820000.0,0.27103436454402513,-0.01940841,1225.7796896422171,1226.4905178179956,-114.1,0.8505,342.5,0.8481245892678,long_nclose,290.4826718242215,0.23697787969468487,3.0
1684710000000.0,202980,1684710000000.0,0.20333515867632385,-0.014560560000000002,1225.9684642408934,1226.4759472579956,-85.6,0.8505,256.9,0.8481245892678,long_nclose,217.8832069828978,0.1777233373762259,3.0
1684710120000.0,202982,1684710120000.0,0.1525013690072429,-0.010920420000000002,1226.1100451899006,1226.6063268379955,-64.2,0.8505,192.7,0.8481245892678,long_nclose,163.43360835190504,0.13329440452189784,2.0
1684713180000.0,203033,1684713180000.0,0.11425725621882217,-0.008181810000000001,1226.2161206361195,1226.5596050279955,-48.1,0.8505,144.6,0.8481245892678,long_nclose,122.63881560812388,0.10001402978171825,51.0
1684713600000.0,203040,1684713600000.0,0.08575232743242163,-0.00614061,1226.2957323535518,1226.5534644179954,-36.1,0.8505,108.5,0.8481245892678,long_nclose,92.0215179355563,0.07504023336927482,7.0
1684713660000.0,203041,1684713660000.0,0.06437363084262122,-0.00460971,1226.3554962743942,1226.5569947079953,-27.1,0.8505,81.4,0.8481245892678,long_nclose,69.03734156639892,0.05629472186175286,1.0
1684713840000.0,203044,1684713840000.0,0.048220837863660916,-0.0034530300000000006,1226.400264082258,1226.5576216779955,-20.3,0.8505,61.1,0.8481245892678,long_nclose,51.82041240426258,0.042254077989000535,3.0
1684714800000.0,203060,1684714800000.0,0.036106243129440684,-0.00258552,1226.4337848053876,1226.5565861579955,-15.2,0.8505,45.9,0.8481245892678,long_nclose,38.92891864739202,0.03174155761989981,16.0
1684714860000.0,203061,1684714860000.0,0.0,-0.004458192,1226.4293266133877,1226.4656079659958,26.2,0.8508,72.1,0.8490967912259643,long_ientry_partial,61.219878647392015,0.04991716792719081,1.0
1684731840000.0,203344,1684731840000.0,0.04325775793264386,-0.0030654000000000002,1226.4695189713204,1226.6049425659958,-18.0,0.8515,54.1,0.8490967912259643,long_nclose,45.93613640532467,0.03745395682059248,283.0
1684732560000.0,203356,1684732560000.0,0.032443318449482894,-0.0022990500000000004,1226.49966323977,1226.6012935159958,-13.5,0.8515,40.6,0.8490967912259643,long_nclose,34.47332972377415,0.028107084540662377,12.0
1684733460000.0,203371,1684733460000.0,0.024272408617761275,-0.00172003,1226.5222156183877,1226.5955134859958,-10.1,0.8515,30.5,0.8490967912259643,long_nclose,25.89745213239191,0.0211145397960321,15.0
1684734000000.0,203380,1684734000000.0,0.01826438668267185,-0.00129428,1226.5391857250704,1226.591929205996,-7.6,0.8515,22.9,0.8490967912259643,long_nclose,19.44431651907458,0.01585299250555949,9.0
1684734060000.0,203381,1684734060000.0,0.01369829001200389,-0.0009707100000000001,1226.5519133050823,1226.5966884959957,-5.7,0.8515,17.2,0.8490967912259643,long_nclose,14.604464809086585,0.011906927583467062,1.0
1684735260000.0,203401,1684735260000.0,0.01033379772835381,-0.00073229,1226.5615148128106,1226.5912262059958,-4.3,0.8515,12.9,0.8490967912259643,long_nclose,10.95334860681494,0.008930125782143559,20.0
1684736280000.0,203418,1684736280000.0,0.0076902680769144645,-0.00054496,1226.5686601208874,1226.5987612459955,-3.2,0.8515,9.7,0.8490967912259643,long_nclose,8.236238874891853,0.006714861664637763,17.0
1684736520000.0,203422,1684736520000.0,0.02369026807691448,-0.00054816,1226.5918022289643,1226.6399230859956,-3.2,0.8565,6.5,0.8490967912259643,long_nclose,5.519129142968768,0.004499564674196745,4.0
1684737000000.0,203430,1684737000000.0,0.015546738425475127,-0.00035973000000000005,1226.6069892373898,1226.6452833559956,-2.1,0.8565,4.4,0.8490967912259643,long_nclose,3.736025881394243,0.0030458214523276256,8.0
1684739340000.0,203469,1684739340000.0,0.0026435296514393473,-0.00018733000000000004,1226.6094454370414,1226.6183660259958,-1.1,0.8515,3.3,0.8490967912259643,long_nclose,2.802019411045682,0.0022843615149623453,39.0
1684742460000.0,203521,1684742460000.0,0.0019225670192286161,-0.00013624,1226.6112317640604,1226.6182397859955,-0.8,0.8515,2.5,0.8490967912259643,long_nclose,2.122741978064911,0.0017305743850168998,52.0
1684746060000.0,203581,1684746060000.0,0.0014419252644214619,-0.00010218000000000001,1226.6125715093247,1226.6184676059954,-0.6,0.8515,1.9,0.8490967912259643,long_nclose,1.613283903329332,0.0013152350960696703,60.0
1684748340000.0,203619,1684748340000.0,0.004441925264421464,-0.00010278000000000002,1226.6169106545892,1226.6266648259955,-0.6,0.8565,1.3,0.8490967912259643,long_nclose,1.1038258285937537,0.0008998945139315685,38.0
1684748460000.0,203621,1684748460000.0,0.00296128350961431,-6.852e-05,1226.6198034180989,1226.6267363059956,-0.4,0.8565,0.9,0.8490967912259643,long_nclose,0.7641871121033679,0.0006230024250170134,2.0
1684748700000.0,203625,1684748700000.0,0.002220962632210732,-5.139000000000001e-05,1226.6219729907311,1226.6263549159955,-0.3,0.8565,0.6,0.8490967912259643,long_nclose,0.5094580747355786,0.0004153342153927225,4.0
1684749300000.0,203635,1684749300000.0,0.001480641754807155,-3.426e-05,1226.623419372486,1226.6266206559958,-0.2,0.8565,0.4,0.8490967912259643,long_nclose,0.33963871649038574,0.0002768891504322798,10.0
1684749780000.0,203643,1684749780000.0,0.0007403208774035775,-1.713e-05,1226.6241425633634,1226.6264835259956,-0.1,0.8565,0.3,0.8490967912259643,long_nclose,0.2547290373677893,0.0002076667403883507,8.0
1684750560000.0,203656,1684750560000.0,0.0007403208774035775,-1.713e-05,1226.6248657542408,1226.6263663959955,-0.1,0.8565,0.2,0.8490967912259643,long_nclose,0.16981935824519287,0.000138444411968424,13.0
1684751160000.0,203666,1684751160000.0,0.0007403208774035775,-1.713e-05,1226.6255889451181,1226.6263392659955,-0.1,0.8565,0.1,0.8490967912259643,long_nclose,0.08490967912259643,6.92221651723552e-05,10.0
1684751280000.0,203668,1684751280000.0,0.0007403208774035775,-1.713e-05,1226.6263121359955,1226.6263121359955,-0.1,0.8565,0.0,0.8490967912259643,long_nclose,0.0,0.0,2.0
1684760400000.0,203820,1684760400000.0,0.0,-0.012267578000000001,1226.6140445579954,1226.5852845579955,71.9,0.8531,71.9,0.8531,long_ientry_normal,61.33789,0.050005859848199295,152.0
1684762380000.0,203853,1684762380000.0,0.042960000000001226,-0.00306269,1226.6539418679954,1226.8375418679955,-17.9,0.8555,54.0,0.8531,long_nclose,46.0674,0.037555335231586835,33.0
1684764420000.0,203887,1684764420000.0,0.03240000000000093,-0.0023098500000000004,1226.6840320179954,1226.7812320179953,-13.5,0.8555,40.5,0.8531,long_nclose,34.55055,0.02816581050880847,34.0
1684764480000.0,203888,1684764480000.0,0.0,-0.005358724,1226.6786732939954,1226.6652032939953,31.4,0.8533,71.9,0.8531873435326842,long_ientry_partial,61.34417,0.050008344756881394,1.0
1684764960000.0,203896,1684764960000.0,0.043186550764953,-0.003063048,1226.7187967967602,1226.8706802459953,-17.9,0.8556,54.0,0.8531873435326842,long_nclose,46.072116550764946,0.03755719458368914,8.0
1684766700000.0,203925,1684766700000.0,0.03257086230876344,-0.00231012,1226.749057539069,1226.8427201259954,-13.5,0.8556,40.5,0.8531873435326842,long_nclose,34.55408741307371,0.028167201108261902,29.0
1684766820000.0,203927,1684766820000.0,0.02436783031988968,-0.001728312,1226.771697057389,1226.8480818139953,-10.1,0.8556,30.4,0.8531873435326842,long_nclose,25.9368952433936,0.02114239781175866,2.0
1684767300000.0,203935,1684767300000.0,0.018336189151600155,-0.001300512,1226.7887327345406,1226.8460213019955,-7.6,0.8556,22.8,0.8531873435326842,long_nclose,19.452671432545202,0.01585657816499891,8.0
1684767540000.0,203939,1684767540000.0,0.013752141863700119,-0.000975384,1226.8015094924044,1226.8547359179954,-5.7,0.8556,17.1,0.8531873435326842,long_nclose,14.589503574408901,0.011892309767735275,4.0
1684768320000.0,203952,1684768320000.0,0.010133157162726404,-0.0007187040000000001,1226.810923945567,1226.8484972139954,-4.2,0.8556,12.9,0.8531873435326842,long_nclose,11.006116731571627,0.00897132273339617,13.0
1684768800000.0,203960,1684768800000.0,0.0,-0.01007248,1226.8008514655671,1226.7774147339956,59.0,0.8536,71.9,0.8535259628869489,long_ientry_partial,61.36851673157163,0.05002321009009674,8.0
1684774800000.0,204060,1684774800000.0,0.04249526432361404,-0.003064122,1226.8402826078907,1226.9846806119954,-17.9,0.8559,54.0,0.8535259628869489,long_nclose,46.09040199589524,0.03756838004855939,100.0
1684775040000.0,204064,1684775040000.0,0.032049501026189364,-0.00231093,1226.8700211789169,1226.9742696819956,-13.5,0.8559,40.5,0.8535259628869489,long_nclose,34.56780149692143,0.028175602060685076,4.0
1684775220000.0,204067,1684775220000.0,0.023977774841815746,-0.0017289179999999999,1226.8922700357587,1226.9918007639953,-10.1,0.8559,30.4,0.8535259628869489,long_nclose,25.947189271763246,0.02114871036803174,3.0
1684775400000.0,204070,1684775400000.0,0.018042682059188086,-0.001300968,1226.9090117498179,1226.9745397959955,-7.6,0.8559,22.8,0.8535259628869489,long_nclose,19.460391953822437,0.015861316338420257,3.0
1684775520000.0,204072,1684775520000.0,0.013532011544391065,-0.0009757260000000001,1226.9215680353623,1226.9604540699954,-5.7,0.8559,17.1,0.8535259628869489,long_nclose,14.595293965366828,0.011895865510570406,2.0
1684775580000.0,204073,1684775580000.0,0.00997095587481447,-0.0007189560000000001,1226.9308200352373,1226.9653151139955,-4.2,0.8559,12.9,0.8535259628869489,long_nclose,11.010484921241641,0.00897400631025425,1.0
1684776420000.0,204087,1684776420000.0,0.0,-0.01007248,1226.9207475552373,1226.9073226339956,59.0,0.8536,71.9,0.853586716568034,long_ientry_partial,61.37288492124165,0.05002188205190374,14.0
1684777680000.0,204108,1684777680000.0,0.04319777343219152,-0.0030644799999999996,1226.9608808486696,1227.1073981539957,-17.9,0.856,54.0,0.853586716568034,long_nclose,46.09368269467384,0.0375673612860351,21.0
1684779600000.0,204140,1684779600000.0,0.1334391017753882,-0.0030996,1227.091220350445,1227.3364985539956,-18.0,0.861,36.0,0.853586716568034,long_nclose,30.729121796449224,0.0250422472973715,32.0
1684779660000.0,204141,1684779660000.0,0.08895940118359213,-0.0020664000000000004,1227.1781133516283,1227.3536321539955,-12.0,0.861,24.0,0.853586716568034,long_nclose,20.486081197632814,0.016693649417916935,1.0
1684779720000.0,204142,1684779720000.0,0.05930626745572809,-0.0013776,1227.236042019084,1227.3594545539954,-8.0,0.861,16.0,0.853586716568034,long_nclose,13.657387465088544,0.011128574290092572,1.0
1684780080000.0,204148,1684780080000.0,0.03929040218941986,-0.00091266,1227.2744197612733,1227.3558818939953,-5.3,0.861,10.7,0.853586716568034,long_nclose,9.133377867277963,0.00744200133255818,6.0
1684780680000.0,204158,1684780680000.0,0.02594649201188104,-0.0006027000000000001,1227.2997635532852,1227.3538591939953,-3.5,0.861,7.2,0.853586716568034,long_nclose,6.145824359289845,0.005007598421999545,10.0
1684781100000.0,204165,1684781100000.0,0.017791880236718426,-0.00041328,1227.317142153522,1227.3522459139954,-2.4,0.861,4.8,0.853586716568034,long_nclose,4.0972162395265626,0.003338351676843158,7.0
1684781460000.0,204171,1684781460000.0,0.01186125349114562,-0.00027552,1227.328727887013,1227.3527703939953,-1.6,0.861,3.2,0.853586716568034,long_nclose,2.731477493017709,0.0022255467756550117,6.0
1684787100000.0,204265,1684787100000.0,0.0,-0.011727855999999998,1227.3170000310129,1227.306522537995,68.6,0.8548,71.8,0.8547459260865976,long_ientry_partial,61.370757493017706,0.050003998552506757,94.0
1684802220000.0,204517,1684802220000.0,0.04213792304990235,-0.003068418,1227.3560695360627,1227.4829541199952,-17.9,0.8571,53.9,0.8547459260865976,long_nclose,46.07080541606761,0.037536625727106435,252.0
1684802280000.0,204518,1684802280000.0,0.0315445904395917,-0.002297028,1227.3853170985024,1227.4847070919952,-13.4,0.8571,40.5,0.8547459260865976,long_nclose,34.6172100065072,0.02820402812732119,1.0
1684802520000.0,204522,1684802520000.0,0.023776146525363893,-0.0017313419999999999,1227.4073619030275,1227.466765749995,-10.1,0.8571,30.4,0.8547459260865976,long_nclose,25.984276153032567,0.021170050758653896,4.0
1684803360000.0,204536,1684803360000.0,0.0,-0.007075260000000001,1227.4002866430276,1227.356910489995,41.4,0.8545,71.8,0.8546041246940469,long_ientry_partial,61.36057615303257,0.04999231043106188,14.0
1684805340000.0,204569,1684805340000.0,0.04288616797656027,-0.00306806,1227.4401047510041,1227.677042429995,-17.9,0.857,53.9,0.8546041246940469,long_nclose,46.06316232100912,0.03752782896918086,33.0
1684806000000.0,204580,1684806000000.0,0.13417616797656015,-0.003086318,1227.5711946009808,1227.8446461119952,-17.9,0.8621,36.0,0.8546041246940469,long_nclose,30.76574848898569,0.02506229261838131,11.0
1684806120000.0,204582,1684806120000.0,0.08995050367143698,-0.0020690400000000003,1227.6590760646523,1227.853377071995,-12.0,0.8621,24.0,0.8546041246940469,long_nclose,20.510498992657126,0.016706999029734687,2.0
1684809600000.0,204640,1684809600000.0,0.05996700244762465,-0.00137936,1227.7176637070997,1227.840797711995,-8.0,0.8621,16.0,0.8546041246940469,long_nclose,13.67366599510475,0.011137467839158595,58.0
1684811400000.0,204670,1684811400000.0,0.1007670024476246,-0.00138752,1227.8170431895473,1227.918610191995,-8.0,0.8672,8.0,0.8546041246940469,long_nclose,6.836832997552375,0.005568283186387503,30.0
1684812000000.0,204680,1684812000000.0,0.14076700244762463,-0.00139552,1227.956414671995,1227.956414671995,-8.0,0.8722,0.0,0.8546041246940469,long_nclose,0.0,0.0,10.0
1684888440000.0,205954,1684888440000.0,0.0,-0.012282716,1227.9441319559949,1227.9157719559948,70.9,0.8662,70.9,0.8662,long_ientry_normal,61.41358,0.05001333399604604,1274.0
1684936260000.0,206751,1684936260000.0,0.0,-0.016851138,1227.9272808179949,1226.007330817995,100.7,0.8367,171.6,0.8488885198135199,long_rentry,145.66927,0.11863020903237943,797.0
1684978080000.0,207448,1684978080000.0,0.0,-0.03988568000000001,1227.8873951379949,1224.040825137995,243.8,0.818,415.4,0.8307599181511796,long_rentry,345.09767,0.2810499328899915,697.0
1684983660000.0,207541,1684983660000.0,0.24290049590755716,-0.017295156,1228.1130004779025,1228.9044899819949,-103.8,0.8331,311.6,0.8307599181511796,long_nclose,258.8647904959076,0.21078255046170352,93.0
1684985280000.0,207568,1684985280000.0,0.1822923760231089,-0.012979698,1228.2823131559255,1228.8058202839948,-77.9,0.8331,233.7,0.8307599181511796,long_nclose,194.14859287193065,0.15806512134257547,27.0
1684985400000.0,207570,1684985400000.0,0.13666077997111117,-0.009730608,1228.4092433278968,1229.047349675995,-58.4,0.8331,175.3,0.8307599181511796,long_nclose,145.6322136519018,0.11855349871624865,2.0
1684986840000.0,207594,1684986840000.0,0.42282077997111206,-0.00978784,1228.822276267868,1229.656951835995,-58.4,0.838,116.9,0.8307599181511796,long_nclose,97.1158344318729,0.07903163566242419,24.0
1684986900000.0,207595,1684986900000.0,0.281639183919114,-0.00651964,1229.097395811787,1229.677722195995,-38.9,0.838,78.0,0.8307599181511796,long_nclose,64.799273615792,0.052721024254545557,1.0
1684989420000.0,207637,1684989420000.0,0.47736319210399625,-0.0065753999999999995,1229.568183603891,1230.0455467959948,-39.0,0.843,39.0,0.8307599181511796,long_nclose,32.399636807896,0.026350418984437258,42.0
1684989480000.0,207638,1684989480000.0,0.23868159605199812,-0.0032876999999999997,1229.8035774999428,1230.0539590959947,-19.5,0.843,19.5,0.8307599181511796,long_nclose,16.199818403948,0.013172687655438825,1.0
1684989660000.0,207641,1684989660000.0,0.11872879393355804,-0.00163542,1229.9206708738764,1230.0416036759948,-9.7,0.843,9.8,0.8307599181511796,long_nclose,8.14144719788156,0.006619489687978773,3.0
1685000100000.0,207815,1685000100000.0,0.0,-0.01064895,1229.9100219238765,1229.9418947259949,63.5,0.8385,73.3,0.8374651732316721,long_ientry_partial,61.386197197881565,0.04991112854081693,174.0
1685015760000.0,208076,1685015760000.0,0.0427273298603998,-0.0030736680000000003,1229.9496755857367,1230.0890910579947,-18.3,0.8398,55.0,0.8374651732316721,long_nclose,46.060584527741966,0.03744916189827573,261.0
1685015940000.0,208079,1685015940000.0,0.03198712672609165,-0.002301052,1229.979361660463,1230.088180005995,-13.7,0.8398,41.3,0.8374651732316721,long_nclose,34.58731165446806,0.02812023740607765,3.0
1685016300000.0,208085,1685016300000.0,0.10048712672609171,-0.002314752,1230.077534035189,1230.288255253995,-13.7,0.8448,27.6,0.8374651732316721,long_nclose,23.114038781194154,0.018790716960231,6.0
1685016420000.0,208087,1685016420000.0,0.06748040626861633,-0.001554432,1230.1434600094578,1230.274740821995,-9.2,0.8448,18.4,0.8374651732316721,long_nclose,15.409359187462766,0.012526473284135732,2.0
1685016480000.0,208088,1685016480000.0,0.04474244328679996,-0.001030656,1230.1871717967447,1230.2798501659952,-6.1,0.8448,12.3,0.8374651732316721,long_nclose,10.300821630749567,0.008373377537098478,1.0
1685016960000.0,208096,1685016960000.0,0.030072789750144234,-0.000692736,1230.2165518504949,1230.2840774299952,-4.1,0.8448,8.2,0.8374651732316721,long_nclose,6.867214420499711,0.005582118375963996,8.0
1685017800000.0,208110,1685017800000.0,0.01980403227448523,-0.00045619200000000007,1230.2358996907694,1230.2756912379953,-2.7,0.8448,5.5,0.8374651732316721,long_nclose,4.606058452774197,0.0037440449054786727,14.0
1685018460000.0,208121,1685018460000.0,0.013202688182990153,-0.000304128,1230.2487982509524,1230.2763071099953,-1.8,0.8448,3.7,0.8374651732316721,long_nclose,3.098621140957187,0.0025186947106654394,11.0
1685019000000.0,208130,1685019000000.0,0.008801792121993434,-0.000202752,1230.2573972910745,1230.2762343579955,-1.2,0.8448,2.5,0.8374651732316721,long_nclose,2.0936629330791803,0.0017018088553576297,9.0
1685019300000.0,208135,1685019300000.0,0.00586786141466229,-0.00013516800000000002,1230.263129984489,1230.2766191899952,-0.8,0.8448,1.7,0.8374651732316721,long_nclose,1.4236907944938426,0.001157224629264304,5.0
1685024940000.0,208229,1685024940000.0,0.003667413384163931,-8.448e-05,1230.2667129178733,1230.2746747099952,-0.5,0.8448,1.2,0.8374651732316721,long_nclose,1.0049582078780066,0.0008168620652138971,94.0
1685025600000.0,208240,1685025600000.0,0.002933930707331145,-6.758400000000001e-05,1230.2695792645807,1230.2754471259952,-0.4,0.8448,0.8,0.8374651732316721,long_nclose,0.6699721385853378,0.000544573441363825,11.0
1685025960000.0,208246,1685025960000.0,0.0014669653536655725,-3.3792000000000004e-05,1230.2710124379344,1230.2754733339953,-0.2,0.8448,0.6,0.8374651732316721,long_nclose,0.5024791039390033,0.0004084296052324916,6.0
1685027280000.0,208268,1685027280000.0,0.0014669653536655725,-3.3792000000000004e-05,1230.272445611288,1230.2754595419954,-0.2,0.8448,0.4,0.8374651732316721,long_nclose,0.3349860692926689,0.000272286086295482,22.0
1685027460000.0,208271,1685027460000.0,0.0007334826768327863,-1.6896000000000002e-05,1230.273162197965,1230.2750626459954,-0.1,0.8448,0.3,0.8374651732316721,long_nclose,0.25123955196950165,0.0002042144457745022,3.0
1685027640000.0,208274,1685027640000.0,0.0007334826768327863,-1.6896000000000002e-05,1230.2738787846417,1230.2754457499955,-0.1,0.8448,0.2,0.8374651732316721,long_nclose,0.16749303464633444,0.00013614288455168766,3.0
1685028840000.0,208294,1685028840000.0,0.0,-0.01226838,1230.2616104046417,1230.2402173699954,73.0,0.8403,73.2,0.8402922545716713,long_ientry_partial,61.509393034646344,0.04999700268174301,20.0
1685037660000.0,208441,1685037660000.0,0.042231741338414806,-0.0030839160000000003,1230.3007582299801,1230.4164734539954,-18.3,0.8426,54.9,0.8402922545716713,long_nclose,46.13204477598475,0.0374965588433469,147.0
1685040600000.0,208490,1685040600000.0,0.0,-0.003090096,1230.29766813398,1230.2944733579952,18.4,0.8397,73.3,0.8401435849384005,long_ientry_partial,61.58252477598475,0.05005497967771356,49.0
1685041560000.0,208506,1685041560000.0,0.04312239562727194,-0.0030835500000000004,1230.3377069796074,1230.5113098079955,-18.3,0.8425,55.0,0.8401435849384005,long_nclose,46.207897171612025,0.037557084456957074,16.0
1685048760000.0,208626,1685048760000.0,0.032282886343913964,-0.00230845,1230.3676814159512,1230.4691313579954,-13.7,0.8425,41.3,0.8401435849384005,long_nclose,34.697930057955936,0.028201269085696656,120.0
1685050440000.0,208654,1685050440000.0,0.0,-0.0053636660000000004,1230.3623177499512,1230.3706576919953,31.9,0.8407,73.2,0.8403860663655183,long_ientry_partial,61.51626005795594,0.04999849163980817,28.0
1685056500000.0,208755,1685056500000.0,0.04234498551101575,-0.0030842820000000003,1230.4015784534622,1230.5286134099952,-18.3,0.8427,54.9,0.8403860663655183,long_nclose,46.13719504346695,0.03749767218395357,101.0
1685058300000.0,208785,1685058300000.0,0.0,-0.0030762300000000005,1230.3985022234622,1230.3827971799951,18.3,0.8405,73.2,0.8404145497741388,long_ientry_partial,61.51834504346696,0.04999871580816841,30.0
1685063940000.0,208879,1685063940000.0,0.043653739133260504,-0.003084648,1230.4390713145956,1230.5974825319954,-18.3,0.8428,54.9,0.8404145497741388,long_nclose,46.13875878260022,0.037497800466711265,94.0
1685064240000.0,208884,1685064240000.0,0.0,-0.003075132,1230.4359961825955,1230.2997773999953,18.3,0.8402,73.2,0.8403609123306041,long_ientry_partial,61.51441878260022,0.04999400129177588,5.0
1685106780000.0,209593,1685106780000.0,0.0428053043499458,-0.0030842820000000003,1230.4757172049456,1230.6260931179954,-18.3,0.8427,54.9,0.8403609123306041,long_nclose,46.13581408695016,0.03749429057547657,709.0
1685108400000.0,209620,1685108400000.0,0.032045501070724444,-0.002308998,1230.5054537080164,1230.5853441199954,-13.7,0.8427,41.2,0.8403609123306041,long_nclose,34.62286958802089,0.028137111854066164,27.0
1685110020000.0,209647,1685110020000.0,0.024092602994778237,-0.001735962,1230.5278103490111,1230.6031781579954,-10.3,0.8427,30.9,0.8403609123306041,long_nclose,25.967152191015664,0.021102450487202457,27.0
1685110860000.0,209661,1685110860000.0,0.018010975054348777,-0.001297758,1230.5445235660654,1230.6080703999953,-7.7,0.8427,23.2,0.8403609123306041,long_nclose,19.496373166070015,0.015843695853905684,14.0
1685111640000.0,209674,1685111640000.0,0.056510975054348815,-0.001305458,1230.5997290831199,1230.7196849419954,-7.7,0.8477,15.5,0.8403609123306041,long_nclose,13.025594141124364,0.010584752973112803,13.0
1685116860000.0,209761,1685116860000.0,0.00888853314370459,-0.000640452,1230.6079771642637,1230.6365144899958,-3.8,0.8427,11.7,0.8403609123306041,long_nclose,9.832222674268067,0.007989727725416527,87.0
1685117820000.0,209777,1685117820000.0,0.00678335424124824,-0.000488766,1230.614271752505,1230.6383757239955,-2.9,0.8427,8.8,0.8403609123306041,long_nclose,7.395176028509316,0.00600933712395349,16.0
1685119500000.0,209805,1685119500000.0,0.00514599287267108,-0.00037078800000000004,1230.6190469573776,1230.6391049359956,-2.2,0.8427,6.6,0.8403609123306041,long_nclose,5.546382021381986,0.0045069853543182525,28.0
1685119860000.0,209811,1685119860000.0,0.0037425402710335124,-0.000269664,1230.6225198336488,1230.6362152719958,-1.6,0.8427,5.0,0.8403609123306041,long_nclose,4.20180456165302,0.003414373208626968,6.0
1685120400000.0,209820,1685120400000.0,0.002806905203275134,-0.000202248,1230.625124490852,1230.6340130239957,-1.2,0.8427,3.8,0.8403609123306041,long_nclose,3.1933714668562954,0.0025949181463181103,9.0
1685120820000.0,209827,1685120820000.0,0.0021051789024563506,-0.00015168600000000002,1230.6270779837544,1230.6338613379955,-0.9,0.8427,2.9,0.8403609123306041,long_nclose,2.437046645758752,0.0019803291259863887,7.0
1685120880000.0,209828,1685120880000.0,0.0016373613685771614,-0.00011797799999999999,1230.628597367123,1230.6344033599955,-0.7,0.8427,2.2,0.8403609123306041,long_nclose,1.848794007127329,0.0015023167924772304,1.0
1685121600000.0,209840,1685121600000.0,0.0011695438346979725,-8.427e-05,1230.6296826409578,1230.6341690899958,-0.5,0.8427,1.7,0.8403609123306041,long_nclose,1.4286135509620268,0.001160880134059656,12.0
1685122020000.0,209847,1685122020000.0,0.0009356350677583781,-6.7416e-05,1230.6305508600253,1230.6334616739955,-0.4,0.8427,1.3,0.8403609123306041,long_nclose,1.0924691860297853,0.0008877312409206109,7.0
1685125560000.0,209906,1685125560000.0,0.0007017263008187835,-5.0562e-05,1230.631202024326,1230.6339411119955,-0.3,0.8427,1.0,0.8403609123306041,long_nclose,0.8403609123306041,0.0006828698239962166,59.0
1685127540000.0,209939,1685127540000.0,0.0022017263008187846,-5.0861999999999995e-05,1230.6333528886269,1230.6385602499954,-0.3,0.8477,0.7,0.8403609123306041,long_nclose,0.5882526386314229,0.00047800804134768166,33.0
1685127720000.0,209942,1685127720000.0,0.00146781753387919,-3.390800000000001e-05,1230.6347867981608,1230.6385063419955,-0.2,0.8477,0.5,0.8403609123306041,long_nclose,0.42018045616530203,0.0003414339174163267,3.0
1685128260000.0,209951,1685128260000.0,0.000733908766939595,-1.6954000000000004e-05,1230.6355037529277,1230.6383593879955,-0.1,0.8477,0.4,0.8403609123306041,long_nclose,0.33614436493224165,0.0002731469748005326,9.0
1685130240000.0,209984,1685130240000.0,0.000733908766939595,-1.6954000000000004e-05,1230.6362207076945,1230.6384524339953,-0.1,0.8477,0.3,0.8403609123306041,long_nclose,0.2521082736991812,0.00020486011175114188,33.0
1685131200000.0,210000,1685131200000.0,0.000733908766939595,-1.6954000000000004e-05,1230.6369376624614,1230.6384254799952,-0.1,0.8477,0.2,0.8403609123306041,long_nclose,0.16807218246612082,0.00013657332826801563,16.0
1685131980000.0,210013,1685131980000.0,0.000733908766939595,-1.6954000000000004e-05,1230.6376546172282,1230.6384085259951,-0.1,0.8477,0.1,0.8403609123306041,long_nclose,0.08403609123306041,6.828662435101469e-05,13.0
1685132460000.0,210021,1685132460000.0,0.000733908766939595,-1.6954000000000004e-05,1230.638371571995,1230.638371571995,-0.1,0.8477,0.0,0.8403609123306041,long_nclose,0.0,0.0,8.0
1685141880000.0,210178,1685141880000.0,0.0,-0.012299806,1230.626071765995,1230.516421765995,73.1,0.8413,73.1,0.8413,long_ientry_normal,61.49903,0.049973774659061596,157.0
1685155680000.0,210408,1685155680000.0,0.04185999999999943,-0.003070704,1230.664861061995,1230.796621061995,-18.2,0.8436,54.9,0.8413,long_nclose,46.18737,0.037530420719206106,230.0
1685178420000.0,210787,1685178420000.0,0.03150999999999957,-0.002311464,1230.694059597995,1230.792939597995,-13.7,0.8436,41.2,0.8413,long_nclose,34.66156,0.028164237675220572,379.0
1685178900000.0,210795,1685178900000.0,0.02368999999999968,-0.001737816,1230.716011781995,1230.7994417819948,-10.3,0.8436,30.9,0.8413,long_nclose,25.99617,0.02112280148395833,8.0
1685179500000.0,210805,1685179500000.0,0.01770999999999976,-0.0012991440000000001,1230.732422637995,1230.7881026379948,-7.7,0.8436,23.2,0.8413,long_nclose,19.51816,0.015858979288255116,10.0
1685179800000.0,210810,1685179800000.0,0.013339999999999819,-0.000978576,1230.7447840619948,1230.7865440619948,-5.8,0.8436,17.4,0.8413,long_nclose,14.63862,0.011894115002207172,5.0
1685182140000.0,210849,1685182140000.0,0.009889999999999866,-0.000725496,1230.7539485659947,1230.7880085659947,-4.3,0.8436,13.1,0.8413,long_nclose,11.02103,0.008954698063606527,39.0
1685182380000.0,210853,1685182380000.0,0.0073599999999999005,-0.000539904,1230.7607686619947,1230.7835386619947,-3.2,0.8436,9.9,0.8413,long_nclose,8.32887,0.006767253402994492,4.0
1685182740000.0,210859,1685182740000.0,0.005519999999999925,-0.000404928,1230.7658837339945,1230.7846337339945,-2.4,0.8436,7.5,0.8413,long_nclose,6.30975,0.005126685816848435,6.0
1685184060000.0,210881,1685184060000.0,0.0,-0.011052288,1230.7548314459946,1230.7338414459946,65.6,0.8424,73.1,0.8422871409028728,long_ientry_partial,61.57119,0.050027177165464363,22.0
1685203680000.0,211208,1685203680000.0,0.04209403556771496,-0.003074344,1230.7938511375623,1230.9263171019945,-18.2,0.8446,54.9,0.8422871409028728,long_nclose,46.24156403556772,0.03757051921638129,327.0
1685205000000.0,211230,1685205000000.0,0.0,-0.003065244,1230.7907858935623,1230.7512718579947,18.2,0.8421,73.1,0.8422405476821849,long_ientry_partial,61.56778403556771,0.050022948450064234,22.0
1685217840000.0,211444,1685217840000.0,0.04294203218423467,-0.003074344,1230.8306535817467,1230.9656775139947,-18.2,0.8446,54.9,0.8422405476821849,long_nclose,46.23900606775195,0.03756731759417539,214.0
1685227860000.0,211611,1685227860000.0,0.13467797741601625,-0.0031095360000000004,1230.9622220231627,1231.2315779779947,-18.3,0.8496,36.6,0.8422405476821849,long_nclose,30.82600404516797,0.025042201534425258,167.0
1685228700000.0,211625,1685228700000.0,0.08978531827734416,-0.002073024,1231.04993431744,1231.2417049539947,-12.2,0.8496,24.4,0.8422405476821849,long_nclose,20.550669363445312,0.016693611518560948,14.0
1685229600000.0,211640,1685229600000.0,0.059611563774302274,-0.001376352,1231.1081695292141,1231.2379086019946,-8.1,0.8496,16.3,0.8422405476821849,long_nclose,13.728520927219614,0.011151352307628268,15.0
1685230200000.0,211650,1685230200000.0,0.03974104251620152,-0.0009175680000000002,1231.1469930037304,1231.2261210339946,-5.4,0.8496,10.9,0.8422405476821849,long_nclose,9.180421969735816,0.007456804119983745,10.0
1685230680000.0,211658,1685230680000.0,0.026494028344134345,-0.000611712,1231.1728753200746,1231.2295193219945,-3.6,0.8496,7.3,0.8422405476821849,long_nclose,6.14835599807995,0.004993901442542363,8.0
1685231100000.0,211665,1685231100000.0,0.01766268556275623,-0.000407808,1231.1901301976372,1231.2257015139946,-2.4,0.8496,4.9,0.8422405476821849,long_nclose,4.126978683642706,0.0033520238527092656,7.0
1685231580000.0,211673,1685231580000.0,0.011775123708504155,-0.00027187200000000004,1231.2016334493458,1231.2265796419945,-1.6,0.8496,3.3,0.8422405476821849,long_nclose,2.77939380735121,0.00225746435989078,8.0
1685231940000.0,211679,1685231940000.0,0.008095397549596607,-0.00018691200000000002,1231.2095419348955,1231.2263927299946,-1.1,0.8496,2.2,0.8422405476821849,long_nclose,1.852929204900807,0.0015049665729432653,6.0
1685234400000.0,211720,1685234400000.0,0.005151616622470567,-0.000118944,1231.214574607518,1231.2290637859946,-0.7,0.8496,1.5,0.8422405476821849,long_nclose,1.2633608215232774,0.0010261093781528754,41.0
1685234460000.0,211721,1685234460000.0,0.008651616622470569,-0.000119644,1231.2231065801404,1231.2333941419947,-0.7,0.8546,0.8,0.8422405476821849,long_nclose,0.673792438145748,0.0005472545426939571,1.0
1685234880000.0,211728,1685234880000.0,0.004943780927126041,-6.836800000000001e-05,1231.2279819930675,1231.2331257739945,-0.4,0.8546,0.4,0.8422405476821849,long_nclose,0.336896219072874,0.00027362618783851754,7.0
1685236620000.0,211757,1685236620000.0,0.006943780927126043,-6.876800000000002e-05,1231.2348570059946,1231.2348570059946,-0.4,0.8596,0.0,0.8422405476821849,long_nclose,0.0,0.0,29.0
1685334060000.0,213381,1685334060000.0,0.0,-0.012310254,1231.2225467519945,1231.1798867519944,71.1,0.8657,71.1,0.8657,long_ientry_normal,61.551269999999995,0.04999199386201485,1624.0
1685336280000.0,213418,1685336280000.0,0.04247999999999925,-0.003073074,1231.2619536779946,1231.4061336779946,-17.7,0.8681,53.4,0.8657,long_nclose,46.22838,0.037545527872365224,37.0
1685336940000.0,213429,1685336940000.0,0.03191999999999944,-0.002309146,1231.2915645319945,1231.3918145319944,-13.3,0.8681,40.1,0.8657,long_nclose,34.71457,0.028193622859094932,11.0
1685337240000.0,213434,1685337240000.0,0.023999999999999577,-0.0017361999999999998,1231.3138283319943,1231.3981083319943,-10.0,0.8681,30.1,0.8657,long_nclose,26.057570000000002,0.0211624115643199,5.0
1685340600000.0,213490,1685340600000.0,0.017999999999999683,-0.00130215,1231.3305261819944,1231.3825061819944,-7.5,0.8681,22.6,0.8657,long_nclose,19.56482,0.015889169953956183,56.0
1685340720000.0,213492,1685340720000.0,0.013439999999999763,-0.0009722719999999999,1231.3429939099944,1231.3973939099944,-5.6,0.8681,17.0,0.8657,long_nclose,14.7169,0.011951909478339663,2.0
1685341800000.0,213510,1685341800000.0,0.010079999999999823,-0.000729204,1231.3523447059945,1231.3869047059945,-4.2,0.8681,12.8,0.8657,long_nclose,11.080960000000001,0.008999016445326023,18.0
1685342160000.0,213516,1685342160000.0,0.007679999999999865,-0.000555584,1231.3594691219944,1231.3844291219943,-3.2,0.8681,9.6,0.8657,long_nclose,8.31072,0.006749223284022703,6.0
1685345100000.0,213565,1685345100000.0,0.005759999999999898,-0.000416688,1231.3648124339943,1231.3835324339943,-2.4,0.8681,7.2,0.8657,long_nclose,6.23304,0.005061895497630288,49.0
1685345280000.0,213568,1685345280000.0,0.0,-0.011068758,1231.3537436759943,1231.2997436759943,63.9,0.8661,71.1,0.8660594936708861,long_ientry_partial,61.576829999999994,0.0500074250119003,3.0
1685410860000.0,214661,1685410860000.0,0.04319696202531722,-0.0030744900000000005,1231.3938661480197,1231.5455491859943,-17.7,0.8685,53.4,0.8660594936708861,long_nclose,46.24757696202531,0.03755709544558193,1093.0
1685413680000.0,214708,1685413680000.0,0.1342210126582285,-0.0031100160000000006,1231.524977144678,1231.8361391699943,-17.8,0.8736,35.6,0.8660594936708861,long_nclose,30.831717974683546,0.025035398020239647,47.0
1685413980000.0,214713,1685413980000.0,0.08897797468354474,-0.0020616960000000004,1231.6118934233614,1231.8032574739943,-11.8,0.8736,23.8,0.8660594936708861,long_nclose,20.61221594936709,0.01673596695471479,5.0
1685414880000.0,214728,1685414880000.0,0.05957000000000029,-0.0013802880000000003,1231.6700831353612,1231.797927185994,-7.9,0.8736,15.9,0.8660594936708861,long_nclose,13.770345949367089,0.011180222803100853,15.0
1685416020000.0,214747,1685416020000.0,0.03996468354430399,-0.0009260160000000001,1231.7091218029054,1231.7943511699941,-5.3,0.8736,10.6,0.8660594936708861,long_nclose,9.180230632911393,0.007453245632762624,19.0
1685416800000.0,214760,1685416800000.0,0.0675246835443039,-0.000931528,1231.7757149584497,1231.837409641994,-5.3,0.8788,5.3,0.8660594936708861,long_nclose,4.590115316455696,0.0037264213449853005,13.0
1685420340000.0,214819,1685420340000.0,0.012818860759493733,-0.000297024,1231.7882367952093,1231.8139426179941,-1.7,0.8736,3.6,0.8660594936708861,long_nclose,3.11781417721519,0.0025311283904828697,59.0
1685422860000.0,214861,1685422860000.0,0.009048607594936753,-0.000209664,1231.797075738804,1231.815652953994,-1.2,0.8736,2.4,0.8660594936708861,long_nclose,2.0785427848101263,0.0016874068186624517,42.0
1685423580000.0,214873,1685423580000.0,0.0014643037974683803,-0.00010422,1231.7984358226017,1231.8040887339941,-0.6,0.8685,1.8,0.8660594936708861,long_nclose,1.558907088607595,0.0012655537166407816,12.0
1685425680000.0,214908,1685425680000.0,0.004524303797468376,-0.000104832,1231.8028552943993,1231.8121439019942,-0.6,0.8736,1.2,0.8660594936708861,long_nclose,1.0392713924050632,0.0008436994507182553,35.0
1685426280000.0,214918,1685426280000.0,0.0030162025316455843,-6.9888e-05,1231.8058016089308,1231.811914013994,-0.4,0.8736,0.8,0.8660594936708861,long_nclose,0.6928475949367089,0.0005624649551347637,10.0
1685426880000.0,214928,1685426880000.0,0.0015081012658227921,-3.4944e-05,1231.8072747661968,1231.8123990699942,-0.2,0.8736,0.6,0.8660594936708861,long_nclose,0.5196356962025316,0.0004218482118488552,10.0
1685427360000.0,214936,1685427360000.0,0.0015081012658227921,-3.4944e-05,1231.8087479234628,1231.8119641259943,-0.2,0.8736,0.4,0.8660594936708861,long_nclose,0.34642379746835444,0.000281231804898563,8.0
1685427660000.0,214941,1685427660000.0,0.0007540506329113961,-1.7472e-05,1231.8094845020955,1231.8118966539942,-0.1,0.8736,0.3,0.8660594936708861,long_nclose,0.2598178481012658,0.00021092372754889582,5.0
1685432460000.0,215021,1685432460000.0,0.0007540506329113961,-1.7472e-05,1231.8102210807283,1231.811889181994,-0.1,0.8736,0.2,0.8660594936708861,long_nclose,0.17321189873417722,0.00014061573428268017,80.0
1685432700000.0,215025,1685432700000.0,0.0007540506329113961,-1.7472e-05,1231.810957659361,1231.811781709994,-0.1,0.8736,0.1,0.8660594936708861,long_nclose,0.08660594936708861,7.030782509976518e-05,4.0
1685433360000.0,215036,1685433360000.0,0.0007540506329113961,-1.7472e-05,1231.8116942379938,1231.8116942379938,-0.1,0.8736,0.0,0.8660594936708861,long_nclose,0.0,0.0,11.0
1685454660000.0,215391,1685454660000.0,0.0,-0.012315940000000001,1231.7993782979938,1231.8135182979938,70.7,0.871,70.7,0.871,long_ientry_normal,61.5797,0.049991663484264884,355.0
1685477220000.0,215767,1685477220000.0,0.04223999999999926,-0.003074368,1231.8385439299939,1231.9553639299938,-17.6,0.8734,53.1,0.871,long_nclose,46.2501,0.03754558600873624,376.0
1685480820000.0,215827,1685480820000.0,0.03167999999999944,-0.002305776,1231.867918153994,1231.971658153994,-13.2,0.8734,39.9,0.871,long_nclose,34.7529,0.028211547267241673,60.0
1685481180000.0,215833,1685481180000.0,0.023759999999999584,-0.0017293320000000003,1231.889948821994,1231.964948821994,-9.9,0.8734,30.0,0.871,long_nclose,26.13,0.021211310332539892,6.0
1685481300000.0,215835,1685481300000.0,0.017999999999999683,-0.0013101,1231.906638721994,1231.9696387219942,-7.5,0.8734,22.5,0.871,long_nclose,19.5975,0.01590826722090796,2.0
1685482080000.0,215848,1685482080000.0,0.013439999999999763,-0.000978208,1231.919100513994,1231.9664205139939,-5.6,0.8734,16.9,0.871,long_nclose,14.719899999999999,0.011948755396241857,13.0
1685486460000.0,215921,1685486460000.0,0.010079999999999823,-0.000733656,1231.928446857994,1231.960196857994,-4.2,0.8734,12.7,0.871,long_nclose,11.0617,0.008979174097499428,73.0
1685487480000.0,215938,1685487480000.0,0.0074399999999998695,-0.000541508,1231.9353453499941,1231.959345349994,-3.1,0.8734,9.6,0.871,long_nclose,8.3616,0.006787369184236255,17.0
1685488440000.0,215954,1685488440000.0,0.0,-0.010647576,1231.924697773994,1231.921217773994,61.2,0.8699,70.8,0.8700491525423729,long_ientry_partial,61.59948,0.05000263417991876,16.0
1685489160000.0,215966,1685489160000.0,0.043380000000000314,-0.0030886500000000005,1231.964989123994,1232.100439123994,-17.7,0.8725,53.1,0.8700491525423729,long_nclose,46.19961,0.03750074913480365,12.0
1685489640000.0,215974,1685489640000.0,0.0323511864406782,-0.0023034,1231.9950369104345,1232.1127757239938,-13.2,0.8725,39.9,0.8700491525423729,long_nclose,34.714961186440675,0.028177841749669676,8.0
1685490000000.0,215980,1685490000000.0,0.024263389830508655,-0.0017275500000000002,1232.0175727502651,1232.0940981739939,-9.9,0.8725,30.0,0.8700491525423729,long_nclose,26.101474576271187,0.021185959643419842,6.0
1685490480000.0,215988,1685490480000.0,0.018381355932203525,-0.00130875,1232.0346453561974,1232.098789423994,-7.5,0.8725,22.5,0.8700491525423729,long_nclose,19.57610593220339,0.015889249548289838,8.0
1685492040000.0,216014,1685492040000.0,0.013724745762711965,-0.0009772000000000001,1232.04739290196,1232.0972622239938,-5.6,0.8725,16.9,0.8700491525423729,long_nclose,14.703830677966101,0.011934468400061099,26.0
1685492520000.0,216022,1685492520000.0,0.010293559322033975,-0.0007329000000000001,1232.056953561282,1232.0956993239938,-4.2,0.8725,12.7,0.8700491525423729,long_nclose,11.049624237288135,0.008968436244240987,8.0
1685494560000.0,216056,1685494560000.0,0.03171355932203395,-0.0007371840000000001,1232.087929936604,1232.1529621399939,-4.2,0.8776,8.5,0.8700491525423729,long_nclose,7.39541779661017,0.006002345787926593,34.0
1685496360000.0,216086,1685496360000.0,0.021142372881355963,-0.000491456,1232.1085808534854,1232.152190683994,-2.8,0.8776,5.7,0.8700491525423729,long_nclose,4.959280169491525,0.0040250350062948324,30.0
1685498460000.0,216121,1685498460000.0,0.0,-0.011320400000000001,1232.0972604534854,1232.129820283994,65.0,0.8708,70.7,0.8707394649150145,long_ientry_partial,61.56128016949153,0.04996462710000126,35.0
1685523300000.0,216535,1685523300000.0,0.0,-0.016889288,1232.0803711654855,1230.087520995994,100.4,0.8411,171.1,0.8533472832816571,long_rentry,146.00772016949153,0.1185050290439865,414.0
1685588160000.0,217616,1685588160000.0,0.0,-0.039980226,1232.0403909394856,1226.6867807699941,243.1,0.8223,414.2,0.8351251814811481,long_rentry,345.90885016949153,0.2807609658849907,1081.0
1685601360000.0,217836,1685601360000.0,0.23544371670117348,-0.01733418,1232.2585004761868,1232.996356589994,-103.5,0.8374,310.7,0.8351251814811481,long_nclose,259.4733938861927,0.21056733939017122,220.0
1685601900000.0,217845,1685601900000.0,0.1765259170629088,-0.012996448,1232.4220299452497,1232.9756001419942,-77.6,0.8374,233.1,0.8351251814811481,long_nclose,194.66767980325562,0.15795537167726847,9.0
1685608860000.0,217961,1685608860000.0,0.1323944377971816,-0.009747336000000002,1232.544677047047,1233.064972805994,-58.2,0.8374,174.9,0.8351251814811481,long_nclose,146.0633942410528,0.11850555761677878,116.0
1685614860000.0,218061,1685614860000.0,0.09940956927382881,-0.007318876,1232.6367677403207,1232.948343929994,-43.7,0.8374,131.2,0.8351251814811481,long_nclose,109.56842381032662,0.08888946580036576,100.0
1685619180000.0,218133,1685619180000.0,0.317909569273829,-0.007362576000000002,1232.9473147335943,1233.601361353994,-43.7,0.8424,87.5,0.8351251814811481,long_nclose,73.07345337960047,0.05926729593907231,72.0
1685624460000.0,218221,1685624460000.0,0.5364095692738292,-0.007406276000000002,1233.4763180268683,1234.0402350779939,-43.7,0.8474,43.8,0.8351251814811481,long_nclose,36.57848294887429,0.029654791433196787,88.0
1685630400000.0,218320,1685630400000.0,0.10621235037523806,-0.002459808,1233.5800705692436,1233.780815269994,-14.6,0.8424,29.2,0.8351251814811481,long_nclose,24.385655299249525,0.019768198174599728,99.0
1685630760000.0,218326,1685630760000.0,0.07056573963286364,-0.001634256,1233.6490020528765,1233.7889110139943,-9.7,0.8424,19.5,0.8351251814811481,long_nclose,16.284941038882387,0.013200627578657404,6.0
1685631300000.0,218335,1685631300000.0,0.047286320372537494,-0.00109512,1233.695193253249,1233.7962658939941,-6.5,0.8424,13.0,0.8351251814811481,long_nclose,10.856627359254926,0.00880008888632049,9.0
1685632140000.0,218349,1685632140000.0,0.031281719631063264,-0.0007244640000000001,1233.72575050888,1233.793391429994,-4.3,0.8424,8.7,0.8351251814811481,long_nclose,7.265589078885988,0.005889144387145295,14.0
1685638140000.0,218449,1685638140000.0,0.0,-0.010870848,1233.7148796608801,1233.7762505819942,64.8,0.8388,73.5,0.8383650214814419,long_ientry_partial,61.61982907888598,0.0499465720116984,100.0
1685638260000.0,218451,1685638260000.0,0.042730106889613755,-0.003076962,1233.7545328057697,1233.982783619994,-18.3,0.8407,55.2,0.8383650214814419,long_nclose,46.27774918577559,0.03750968929008272,2.0
1685638560000.0,218456,1685638560000.0,0.13496360474146962,-0.003112176,1233.886384234511,1234.193111443994,-18.4,0.8457,36.8,0.8383650214814419,long_nclose,30.851832790517058,0.02500378737030734,5.0
1685647620000.0,218607,1685647620000.0,0.02148180237073478,-0.001546888,1233.906319148882,1233.9735245559941,-9.2,0.8407,27.6,0.8383650214814419,long_nclose,23.138874592887795,0.018752537557995826,151.0
1685647740000.0,218609,1685647740000.0,0.0,-0.007706610000000001,1233.898612538882,1233.9078879459942,45.9,0.8395,73.5,0.839073803984868,long_ientry_partial,61.6719245928878,0.04998135500451779,2.0
1685649900000.0,218645,1685649900000.0,0.042569387076916786,-0.0030795240000000006,1233.9381024019588,1234.083068421994,-18.3,0.8414,55.2,0.839073803984868,long_nclose,46.31687397996471,0.037535816334551324,36.0
1685651340000.0,218669,1685651340000.0,0.0,-0.0030722040000000007,1233.9350301979587,1233.916286217994,18.3,0.8394,73.5,0.8391550201355743,long_ientry_partial,61.677893979964715,0.04998471756658842,24.0
1685672520000.0,219022,1685672520000.0,0.042913131518990726,-0.0030798900000000005,1233.9748634394778,1234.153986327994,-18.3,0.8415,55.2,0.8391550201355743,long_nclose,46.32135711148371,0.03753833119612457,353.0
1685673000000.0,219030,1685673000000.0,0.032360722129074974,-0.00232254,1234.004901621607,1234.139243787994,-13.8,0.8415,41.4,0.8391550201355743,long_nclose,34.74101783361277,0.028153063077755665,8.0
1685678280000.0,219118,1685678280000.0,0.10136072212907504,-0.00233634,1234.103926003736,1234.3066474479942,-13.8,0.8465,27.6,0.8391550201355743,long_nclose,23.160678555741853,0.018767202719093965,88.0
1685678400000.0,219120,1685678400000.0,0.06757381475271668,-0.00155756,1234.1699422584886,1234.306929887994,-9.2,0.8465,18.4,0.8391550201355743,long_nclose,15.440452370494565,0.012510799235832197,2.0
1685679780000.0,219143,1685679780000.0,0.04480437717299693,-0.00103273,1234.2137139056617,1234.3052871579941,-6.1,0.8465,12.3,0.8391550201355743,long_nclose,10.321606747667564,0.008362900712717657,23.0
1685695080000.0,219398,1685695080000.0,0.07530437717299696,-0.00103883,1234.2879794528349,1234.3663783279942,-6.1,0.8515,6.2,0.8391550201355743,long_nclose,5.202761124840561,0.004215192249662001,255.0
1685705520000.0,219572,1685705520000.0,0.10753887515943956,-0.00106206,1234.3944562679942,1234.3944562679942,-6.2,0.8565,0.0,0.8391550201355743,long_nclose,0.0,0.0,174.0
1685739960000.0,220146,1685739960000.0,0.0,-0.012347368000000001,1234.3821088999941,1234.3675688999942,72.7,0.8492,72.7,0.8492,long_ientry_normal,61.73684,0.050014367151688624,574.0
1685978160000.0,224116,1685978160000.0,0.0,-0.016947398000000002,1234.3651615019942,1232.070531501994,103.3,0.8203,176.0,0.8322376704545456,long_rentry,146.47383000000002,0.11866328908843186,3970.0
1685980560000.0,224156,1685980560000.0,0.0,-0.040095,1234.3250665019941,1229.0282365019941,250.0,0.8019,426.0,0.8144338732394367,long_rentry,346.94883000000004,0.2810838404045646,40.0
1685980740000.0,224159,1685980740000.0,0.0,-0.17747275,1234.147593751994,1207.0133637519941,1137.5,0.7801,1563.5,0.789454800127918,long_rentry,1234.3125799999998,1.0001336843736042,3.0
1686025800000.0,224910,1686025800000.0,-0.21393132203389617,-0.0024676800000000003,1233.93119474996,1213.263306071994,-15.9,0.776,1547.6,0.789454800127918,unstuck_close_long,1221.7602486779658,0.9901364467291384,751.0
1686060180000.0,225483,1686060180000.0,0.8686678305085016,-0.061261746,1234.7386008344686,1237.460674325994,-386.9,0.7917,1160.7,0.789454800127918,long_nclose,916.3201865084745,0.7421167410569341,573.0
1686060600000.0,225490,1686060600000.0,0.6513324828909702,-0.045934434,1235.3439988833595,1237.646909891994,-290.1,0.7917,870.6,0.789454800127918,long_nclose,687.2993489913655,0.5563627213250906,7.0
1686062160000.0,225516,1686062160000.0,0.48855549216502964,-0.034454783999999995,1235.7980995915245,1237.329515107994,-217.6,0.7917,653.0,0.789454800127918,long_nclose,515.5139844835305,0.4171506532126294,26.0
1686067080000.0,225598,1686067080000.0,0.3664166191237722,-0.025841087999999998,1236.1386751226482,1237.434294019994,-163.2,0.7917,489.8,0.789454800127918,long_nclose,386.67496110265427,0.31280872355546097,82.0
1686067680000.0,225608,1686067680000.0,0.2748124643428292,-0.019380816,1236.3941067709911,1237.1087732039941,-122.4,0.7917,367.4,0.789454800127918,long_nclose,290.04569356699704,0.2345900000481968,10.0
1686067740000.0,225609,1686067740000.0,0.20610934825712188,-0.014535611999999998,1236.5856805072483,1237.342257591994,-91.8,0.7917,275.6,0.789454800127918,long_nclose,217.57374291525423,0.1759471635042752,1.0
1686068460000.0,225621,1686068460000.0,0.15469427118644552,-0.010909626,1236.7294651524346,1237.276227965994,-68.9,0.7917,206.7,0.789454800127918,long_nclose,163.18030718644064,0.13194503065092547,12.0
1686068940000.0,225629,1686068940000.0,0.11585231339942799,-0.008170344000000001,1236.837147121834,1237.293947621994,-51.6,0.7917,155.1,0.789454800127918,long_nclose,122.44443949984009,0.09899802879042956,8.0
1686069180000.0,225633,1686069180000.0,0.086889235049571,-0.0061277580000000005,1236.9179085988835,1237.2258098639938,-38.7,0.7917,116.4,0.789454800127918,long_nclose,91.89253873488967,0.07429154198194185,4.0
1686069600000.0,225640,1686069600000.0,0.06533531627758439,-0.004607694,1236.9786362211612,1237.209562169994,-29.1,0.7917,87.3,0.789454800127918,long_nclose,68.91940405116723,0.05571592106207163,7.0
1686070140000.0,225649,1686070140000.0,0.048945357211386244,-0.003451812,1237.0241297663724,1237.1842903579939,-21.8,0.7917,65.5,0.789454800127918,long_nclose,51.70928940837863,0.04180135873189845,9.0
1686070500000.0,225655,1686070500000.0,0.15140535721138706,-0.003472304,1237.1720628195837,1237.4668280539938,-21.8,0.7964,43.7,0.789454800127918,long_nclose,34.49917476559002,0.02788551067582668,6.0
1686070620000.0,225657,1686070620000.0,0.10070539814518864,-0.00230956,1237.270458657729,1237.479098493994,-14.5,0.7964,29.2,0.789454800127918,long_nclose,23.052080163735205,0.01863139946680986,2.0
1686071460000.0,225671,1686071460000.0,0.06736843875919515,-0.001545016,1237.3362820804882,1237.4756134779939,-9.7,0.7964,19.5,0.789454800127918,long_nclose,15.394368602494401,0.012441539802429397,14.0
1686071820000.0,225677,1686071820000.0,0.04514379916853284,-0.00103532,1237.3803905596567,1237.4758781579937,-6.5,0.7964,13.0,0.789454800127918,long_nclose,10.262912401662934,0.008294064202052778,6.0
1686071940000.0,225679,1686071940000.0,0.029864359449952492,-0.000684904,1237.4095700151065,1237.4726032539936,-4.3,0.7964,8.7,0.789454800127918,long_nclose,6.868256761112886,0.005550512075827115,2.0
1686072060000.0,225681,1686072060000.0,0.020141079629037727,-0.000461912,1237.4292491827355,1237.4712713419935,-2.9,0.7964,5.8,0.789454800127918,long_nclose,4.578837840741924,0.003700282536368066,2.0
1686072360000.0,225686,1686072360000.0,0.013195879756955752,-0.000302632,1237.4421424304924,1237.4688387099934,-1.9,0.7964,3.9,0.789454800127918,long_nclose,3.0788737204988803,0.0024880950914210696,5.0
1686072420000.0,225687,1686072420000.0,0.009028759833706568,-0.00020706400000000002,1237.450964126326,1237.4776016459934,-1.3,0.7964,2.6,0.789454800127918,long_nclose,2.0525824803325867,0.0016587182359842159,1.0
1686072540000.0,225689,1686072540000.0,0.015138759833706618,-0.00020828600000000002,1237.4658946001596,1237.4819433599932,-1.3,0.8011,1.3,0.789454800127918,long_nclose,1.0262912401662934,0.0008293491114742202,2.0
1686072900000.0,225695,1686072900000.0,0.006987119923249207,-9.6132e-05,1237.4727855880828,1237.4811472279932,-0.6,0.8011,0.7,0.789454800127918,long_nclose,0.5526183600895426,0.0004465701117030403,6.0
1686073440000.0,225704,1686073440000.0,0.0034935599616246035,-4.8066e-05,1237.4762310820445,1237.4808891619932,-0.3,0.8011,0.4,0.789454800127918,long_nclose,0.31578192005116723,0.00025518221046964975,9.0
1686073500000.0,225705,1686073500000.0,0.002329039974416403,-3.204400000000001e-05,1237.478528078019,1237.4809371179936,-0.2,0.8011,0.2,0.789454800127918,long_nclose,0.15789096002558362,0.00012759086840141853,1.0
1686074400000.0,225720,1686074400000.0,0.0011645199872082014,-1.6022000000000003e-05,1237.4796765760063,1237.4808310959936,-0.1,0.8011,0.1,0.789454800127918,long_nclose,0.07894548001279181,6.379537499252252e-05,15.0
1686074580000.0,225723,1686074580000.0,0.0011645199872082014,-1.6022000000000003e-05,1237.4808250739936,1237.4808250739936,-0.1,0.8011,0.0,0.789454800127918,long_nclose,0.0,0.0,3.0
1686099780000.0,226143,1686099780000.0,0.0,-0.012367679999999999,1237.4684573939937,1237.3982573939938,78.0,0.7928,78.0,0.7928,long_ientry_normal,61.83839999999999,0.04997169796976204,420.0
1686131820000.0,226677,1686131820000.0,0.0,-0.016970128,1237.4514872659938,1235.3266072659937,110.8,0.7658,188.8,0.7769546610169491,long_rentry,146.68904,0.11854124505849721,534.0
1686137520000.0,226772,1686137520000.0,0.1012600000000032,-0.007354704000000001,1237.5453925619938,1238.0474125619937,-47.2,0.7791,141.6,0.7769546610169491,long_nclose,110.01677999999998,0.08889918758635658,95.0
1686137760000.0,226776,1686137760000.0,0.07594500000000239,-0.005516028,1237.6158215339938,1237.8117965339939,-35.4,0.7791,106.2,0.7769546610169491,long_nclose,82.512585,0.06667059645191649,4.0
1686193320000.0,227702,1686193320000.0,0.0,-0.022638018,1237.5931835159938,1234.3555685159938,150.9,0.7501,257.1,0.7611928238039672,long_rentry,195.702675,0.1581316684728418,926.0
1686227700000.0,228275,1686227700000.0,0.13528071178530152,-0.009800772000000001,1237.718663455779,1238.2601677439939,-64.2,0.7633,192.9,0.7611928238039672,long_nclose,146.8340957117853,0.11863285255941473,573.0
1686228840000.0,228294,1686228840000.0,0.4248414294049086,-0.009873908,1238.133630977184,1238.9833138359938,-64.3,0.7678,128.6,0.7611928238039672,long_nclose,97.88939714119019,0.0790620613898776,19.0
1686228960000.0,228296,1686228960000.0,0.28278714119020354,-0.006572368,1238.4098457503744,1238.993901467994,-42.8,0.7678,85.8,0.7611928238039672,long_nclose,65.31034428238038,0.052737261825310904,2.0
1686229560000.0,228306,1686229560000.0,0.0450935705951005,-0.0032669239999999996,1238.4516723969696,1238.600254543994,-21.4,0.7633,64.4,0.7611928238039672,long_nclose,49.0208178529755,0.039582342166083744,10.0
1686229680000.0,228308,1686229680000.0,0.03392553675612702,-0.002457826,1238.4831401077258,1238.5559367179942,-16.1,0.7633,48.3,0.7611928238039672,long_nclose,36.76561338973161,0.02968600233551315,2.0
1686230040000.0,228314,1686230040000.0,0.025286114352392808,-0.00183192,1238.5065943020782,1238.586714797994,-12.0,0.7633,36.3,0.7611928238039672,long_nclose,27.63129950408401,0.022310175522040534,6.0
1686230520000.0,228322,1686230520000.0,0.018964585764294606,-0.0013739400000000001,1238.5241849478425,1238.5953608579941,-9.0,0.7633,27.3,0.7611928238039672,long_nclose,20.780564089848305,0.016778488738775358,8.0
1686231420000.0,228337,1686231420000.0,0.06012530338389842,-0.001397396,1238.5829128552266,1238.7049834619943,-9.1,0.7678,18.2,0.7611928238039672,long_nclose,13.853709393232203,0.011185128786651937,15.0
1686231660000.0,228341,1686231660000.0,0.03964305717619676,-0.00092136,1238.6216345524028,1238.7034621019945,-6.0,0.7678,12.2,0.7611928238039672,long_nclose,9.2865524504084,0.007497489298872335,4.0
1686232380000.0,228353,1686232380000.0,0.026428704784131174,-0.0006142400000000001,1238.647449017187,1238.7057278619945,-4.0,0.7678,8.2,0.7611928238039672,long_nclose,6.241781155192531,0.005039191062917147,12.0
1686234240000.0,228384,1686234240000.0,0.017839375729288544,-0.0004146120000000001,1238.6648737809162,1238.7017632499944,-2.7,0.7678,5.5,0.7611928238039672,long_nclose,4.1865605309218195,0.0033798976781691643,31.0
1686234480000.0,228388,1686234480000.0,0.011892917152859029,-0.00027640800000000007,1238.676490290069,1238.7013068419944,-1.8,0.7678,3.7,0.7611928238039672,long_nclose,2.816413448074679,0.0022737280235415954,4.0
1686234600000.0,228390,1686234600000.0,0.007928611435239352,-0.000184272,1238.6842346295043,1238.7030025699944,-1.2,0.7678,2.5,0.7611928238039672,long_nclose,1.902982059509918,0.0015362931135384217,2.0
1686234720000.0,228392,1686234720000.0,0.013448611435239276,-0.00018537599999999998,1238.6974978649396,1238.7124571939944,-1.2,0.7724,1.3,0.7611928238039672,long_nclose,0.9895506709451575,0.0007988638651896691,2.0
1686235500000.0,228405,1686235500000.0,0.006724305717619638,-9.268799999999999e-05,1238.7041294826572,1238.7116945059945,-0.6,0.7724,0.7,0.7611928238039672,long_nclose,0.532834976662777,0.00043015516294864914,13.0
1686235740000.0,228409,1686235740000.0,0.003362152858809819,-4.6343999999999995e-05,1238.7074452915158,1238.7120081619942,-0.3,0.7724,0.4,0.7611928238039672,long_nclose,0.3044771295215869,0.00024580229228373746,4.0
1686235980000.0,228413,1686235980000.0,0.0022414352392065465,-3.0896000000000004e-05,1238.709655830755,1238.7119372659943,-0.2,0.7724,0.2,0.7611928238039672,long_nclose,0.15223856476079345,0.00012290092681863603,4.0
1686242820000.0,228527,1686242820000.0,0.0,-0.012351096,1238.697304734755,1238.5421361699944,81.3,0.7596,81.5,0.7596039087700712,long_ientry_partial,61.907718564760806,0.04997808449903525,114.0
1686249000000.0,228630,1686249000000.0,0.04255065196755505,-0.0030925020000000004,1238.7367628847226,1238.871163667994,-20.3,0.7617,61.2,0.7596039087700712,long_nclose,46.487759216728364,0.03752836002741168,103.0
1686249120000.0,228632,1686249120000.0,0.03207019581791095,-0.0023308020000000003,1238.7665022785404,1238.9958228659941,-15.3,0.7617,45.9,0.7596039087700712,long_nclose,34.865819412546266,0.028145594305638223,2.0
1686255840000.0,228744,1686255840000.0,0.10092019581791017,-0.002344572,1238.8650779023583,1239.0699782939942,-15.3,0.7662,30.6,0.7596039087700712,long_nclose,23.243879608364182,0.018762236520316347,112.0
1686256440000.0,228754,1686256440000.0,0.06728013054527343,-0.001563048,1238.9307949849035,1239.071475245994,-10.2,0.7662,20.4,0.7596039087700712,long_nclose,15.495919738909452,0.012507494205193495,10.0
1686260520000.0,228822,1686260520000.0,0.010690065272636983,-0.000776934,1238.9407081161762,1238.972778311994,-5.1,0.7617,15.3,0.7596039087700712,long_nclose,11.621939804182091,0.009380545596773059,68.0
1686260760000.0,228826,1686260760000.0,0.0,-0.010069020000000001,1238.9306390961763,1238.9606492919943,66.2,0.7605,81.5,0.7603317767384306,long_ientry_partial,61.96703980418209,0.050016552863191954,4.0
1686261900000.0,228845,1686261900000.0,0.04401493220985886,-0.00309575,1238.971558278386,1239.122613541994,-20.3,0.7625,61.2,0.7603317767384306,long_nclose,46.53230473639195,0.037557201717407424,19.0
1686262920000.0,228862,1686262920000.0,0.03317381590201185,-0.0023332500000000003,1239.002398844288,1239.120280291994,-15.3,0.7625,45.9,0.7603317767384306,long_nclose,34.89922855229396,0.028167200148157205,17.0
1686263400000.0,228870,1686263400000.0,0.024717745181891182,-0.0017384999999999998,1239.02537808947,1239.103631791994,-11.4,0.7625,34.5,0.7603317767384306,long_nclose,26.231446297475856,0.021171032297920927,8.0
1686264480000.0,228888,1686264480000.0,0.018646720049496857,-0.0013115,1239.0427133095195,1239.104050291994,-8.6,0.7625,25.9,0.7603317767384306,long_nclose,19.69259301752535,0.015893393186523695,18.0
1686264540000.0,228889,1686264540000.0,0.0,-0.008457872,1239.0342554375195,1239.0004524199942,55.6,0.7606,81.5,0.7605147609512313,long_ientry_partial,61.98195301752535,0.05002440630314833,1.0
1686274200000.0,229050,1686274200000.0,0.04233035269000405,-0.003096156,1239.0734896342094,1239.243946263994,-20.3,0.7626,61.2,0.7605147609512313,long_nclose,46.543503370215355,0.0375631500145771,161.0
1686276120000.0,229082,1686276120000.0,0.03190415744616069,-0.002333556,1239.1030602356557,1239.203362707994,-15.3,0.7626,45.9,0.7605147609512313,long_nclose,34.90762752766152,0.02817169019098597,32.0
1686276600000.0,229090,1686276600000.0,0.023771725155962865,-0.0017387280000000001,1239.1250932328117,1239.2246339799942,-11.4,0.7626,34.5,0.7605147609512313,long_nclose,26.23775925281748,0.021174423305692695,8.0
1686277320000.0,229102,1686277320000.0,0.0,-0.00714588,1239.1179473528116,1238.854438099994,47.0,0.7602,81.5,0.7603332423658586,long_ientry_partial,61.96715925281748,0.05000908863050605,12.0
1686282960000.0,229196,1686282960000.0,0.04398517997306868,-0.00309575,1239.1588367827846,1239.346522349994,-20.3,0.7625,61.2,0.7603332423658586,long_nclose,46.532394432790554,0.03755159794817114,94.0
1686283440000.0,229204,1686283440000.0,0.03315139180236211,-0.0023332500000000003,1239.189654924587,1239.2936990999942,-15.3,0.7625,45.9,0.7603332423658586,long_nclose,34.89929582459291,0.0281629980414231,8.0
1686289140000.0,229299,1686289140000.0,0.024701037029210983,-0.0017384999999999998,1239.2126174616162,1239.290820599994,-11.4,0.7625,34.5,0.7603332423658586,long_nclose,26.231496861622123,0.02116787425498807,95.0
1686294300000.0,229385,1686294300000.0,0.0,-0.007150580000000001,1239.2054668816163,1239.1610700199942,47.0,0.7607,81.5,0.7605447467683697,long_ientry_partial,61.98439686162213,0.05001946692311003,86.0
1686303720000.0,229542,1686303720000.0,0.0437516406020961,-0.003096562,1239.2461219602183,1239.359663457994,-20.3,0.7627,61.2,0.7605447467683697,long_nclose,46.545338502224226,0.03755939815135319,157.0
1686304140000.0,229549,1686304140000.0,0.03297537444394435,-0.0023338620000000003,1239.2767634726624,1239.3894595959944,-15.3,0.7627,45.9,0.7605447467683697,long_nclose,34.909003876668166,0.028168852112458925,7.0
1686305820000.0,229577,1686305820000.0,0.024569886840585985,-0.0017389560000000005,1239.2995944035029,1239.377400639994,-11.4,0.7627,34.5,0.7605447467683697,long_nclose,26.238793763508756,0.02117227656815135,28.0
1686306780000.0,229593,1686306780000.0,0.018535177792021008,-0.001311844,1239.316817737295,1239.3778187959942,-8.6,0.7627,25.9,0.7605447467683697,long_nclose,19.698108941300774,0.01589432876192623,16.0
1686309540000.0,229639,1686309540000.0,0.013793620682434239,-0.0009762560000000001,1239.3296351019774,1239.3736125399942,-6.4,0.7627,19.5,0.7605447467683697,long_nclose,14.830622561983208,0.011966648857519559,46.0
1686309660000.0,229641,1686309660000.0,0.010345215511825679,-0.0007321920000000001,1239.3392481254891,1239.3738703479942,-4.8,0.7627,14.7,0.7605447467683697,long_nclose,11.180007777495033,0.009020942243542183,2.0
1686309900000.0,229645,1686309900000.0,0.007758911633869259,-0.0005491440000000001,1239.346457893123,1239.3770412039942,-3.6,0.7627,11.1,0.7605447467683697,long_nclose,8.442046689128903,0.006811692271651223,4.0
1686311160000.0,229666,1686311160000.0,0.005819183725401945,-0.0004118580000000001,1239.3518652188484,1239.379209345994,-2.7,0.7627,8.4,0.7605447467683697,long_nclose,6.388575872854306,0.00515477166101347,21.0
1686312300000.0,229685,1686312300000.0,0.004526031786423734,-0.000320334,1239.3560709166347,1239.367129011994,-2.1,0.7627,6.3,0.7605447467683697,long_nclose,4.791431904640729,0.0038660656263998115,19.0
1686312540000.0,229689,1686312540000.0,0.0032328798474455245,-0.00022881,1239.3590749864823,1239.3713402019941,-1.5,0.7627,4.8,0.7605447467683697,long_nclose,3.6506147844881744,0.0029455666708439535,4.0
1686315240000.0,229734,1686315240000.0,0.010648405170608478,-0.00024550400000000007,1239.3694778876527,1239.393014697994,-1.6,0.7672,3.2,0.7605447467683697,long_nclose,2.433743189658783,0.0019636946310851453,45.0
1686315900000.0,229745,1686315900000.0,0.006655253231630298,-0.00015344,1239.3759797008843,1239.3926012579939,-1.0,0.7672,2.2,0.7605447467683697,long_nclose,1.6731984428904134,0.0013500329765098638,11.0
1686316200000.0,229750,1686316200000.0,0.004658677262141208,-0.000107408,1239.3805309701463,1239.3917138499937,-0.7,0.7672,1.5,0.7605447467683697,long_nclose,1.1408171201525545,0.0009204736492508563,5.0
1686316320000.0,229752,1686316320000.0,0.003327626615815149,-7.672e-05,1239.3837818767622,1239.3904371299939,-0.5,0.7672,1.0,0.7605447467683697,long_nclose,0.7605447467683697,0.0006136474898975193,2.0
1686316440000.0,229754,1686316440000.0,0.0019965759694890893,-4.6031999999999996e-05,1239.3857324207318,1239.3909510979938,-0.3,0.7672,0.7,0.7605447467683697,long_nclose,0.5323813227378588,0.000429552566897819,2.0
1686317700000.0,229775,1686317700000.0,0.0013310506463260598,-3.068800000000001e-05,1239.3870327833781,1239.390460409994,-0.2,0.7672,0.5,0.7605447467683697,long_nclose,0.38027237338418485,0.0003068229401514558,21.0
1686318480000.0,229788,1686318480000.0,0.0006655253231630299,-1.5344000000000004e-05,1239.3876829647013,1239.3902650659938,-0.1,0.7672,0.4,0.7605447467683697,long_nclose,0.3042178987073479,0.00024545822335400136,13.0
1686318840000.0,229794,1686318840000.0,0.0006655253231630299,-1.5344000000000004e-05,1239.3883331460245,1239.3903897219939,-0.1,0.7672,0.3,0.7605447467683697,long_nclose,0.2281634240305109,0.00018409357094022985,6.0
1686320340000.0,229819,1686320340000.0,0.0006655253231630299,-1.5344000000000004e-05,1239.3889833273477,1239.390334377994,-0.1,0.7672,0.2,0.7605447467683697,long_nclose,0.15210894935367394,0.00012272898291004004,25.0
1686321840000.0,229844,1686321840000.0,0.00021552532316303498,-1.5254000000000002e-05,1239.389183598671,1239.3894591239941,-0.1,0.7627,0.1,0.7605447467683697,long_nclose,0.07605447467683697,6.136448153920981e-05,25.0
1686322080000.0,229848,1686322080000.0,0.00021552532316303498,-1.5254000000000002e-05,1239.3893838699944,1239.3893838699944,-0.1,0.7627,0.0,0.7605447467683697,long_nclose,0.0,0.0,4.0
1686325560000.0,229906,1686325560000.0,0.0,-0.012400476000000002,1239.3769833939944,1239.3118633939944,81.4,0.7617,81.4,0.7617,long_ientry_normal,62.00238000000001,0.05002705458528725,58.0
1686355860000.0,230411,1686355860000.0,0.0,-0.017011696,1239.3599716979943,1237.9215116979942,115.6,0.7358,197.0,0.7465018274111676,long_rentry,147.06086000000002,0.11865871365727441,505.0
1686361740000.0,230509,1686361740000.0,0.0,-0.04025202800000001,1239.3197196699944,1232.2444796699945,279.8,0.7193,476.8,0.7305390100671141,long_rentry,348.321,0.2810582245013828,98.0
1686370740000.0,230659,1686370740000.0,0.0,-0.178197072,1239.1415225979943,1226.4101625979943,1273.2,0.6998,1750.0,0.7081750628571428,long_rentry,1239.30636,1.0001330254849827,150.0
1686418920000.0,231462,1686418920000.0,-0.9993386879999994,-0.002477034,1238.139706875994,1148.685005563994,-18.9,0.6553,1731.1,0.7081750628571428,unstuck_close_long,1225.921851312,0.9901320864712259,803.0
1686418980000.0,231463,1686418980000.0,0.0,-0.01263106,1238.127075815994,1148.489644503994,96.2,0.6565,1827.3,0.7054545785103704,long_rentry,1289.0771513119998,1.0411509258550273,1.0
1686482460000.0,232521,1686482460000.0,-0.927131533846001,-0.0024811919999999997,1237.197463090148,1149.7530433119941,-18.9,0.6564,1808.4,0.7054545785103704,unstuck_close_long,1275.744059778154,1.0311563819341565,1058.0
1686546180000.0,233583,1686546180000.0,-1.3183188231011866,-0.0024734999999999996,1235.8766707670468,1115.2004298119941,-19.4,0.6375,1789.0,0.7054545785103704,unstuck_close_long,1262.0582409550527,1.0211846139726517,1062.0
1686609720000.0,234642,1686609720000.0,-0.974381533846,-0.0024717420000000003,1234.8998174912008,1144.3510980699941,-18.9,0.6539,1770.1,0.7054545785103704,unstuck_close_long,1248.7251494212067,1.0111955089264595,1059.0
1686673320000.0,235702,1686673320000.0,-1.2555533652501496,-0.002471944,1233.6417921819507,1120.6196361259942,-19.3,0.6404,1750.8,0.7054545785103704,unstuck_close_long,1235.1098760559564,1.0011900406449503,1060.0
1686736980000.0,236763,1686736980000.0,-1.1107524495480752,-0.0024726860000000004,1232.5285670464027,1132.1686234399942,-19.1,0.6473,1731.7,0.7054545785103704,unstuck_close_long,1221.6356936064085,0.9911621736556601,1061.0
1686737100000.0,236765,1686737100000.0,0.0,-0.01239315,1232.5161738964027,1131.4252702899946,95.7,0.6475,1827.4,0.7024195269817272,long_rentry,1283.6014436064083,1.041447950779021,2.0
1686800640000.0,237824,1686800640000.0,-1.5094046815400246,-0.002465652,1231.0043035628628,1092.6799546379946,-19.7,0.6258,1807.7,0.7024195269817272,unstuck_close_long,1269.7637789248681,1.0314860599998106,1059.0
1686864180000.0,238883,1686864180000.0,-0.9567090599546424,-0.002463804,1230.0451306989082,1140.5702008339947,-18.9,0.6518,1788.8,0.7024195269817272,unstuck_close_long,1256.4880498649136,1.0214975194861189,1059.0
1686927720000.0,239942,1686927720000.0,-1.1734949180491618,-0.002462592,1228.8691731888591,1119.6502982419947,-19.2,0.6413,1769.6,0.7024195269817272,unstuck_close_long,1243.0015949468643,1.0115003468769033,1059.0
1686991260000.0,241001,1686991260000.0,-0.7144612491619535,-0.00245606,1228.1522558796971,1160.7007121819947,-18.5,0.6638,1751.1,0.7024195269817272,unstuck_close_long,1230.0068336977024,1.0015100552957719,1059.0
1687055040000.0,242064,1687055040000.0,-0.9907290599546429,-0.002457,1227.1590698197424,1137.3972851819944,-18.9,0.65,1732.2,0.7024195269817272,unstuck_close_long,1216.7311046377479,0.9915023525161035,1063.0
1687055220000.0,242067,1687055220000.0,0.0,-0.012270315999999998,1227.1467995037424,1136.4717648659946,94.3,0.6506,1826.5,0.69974414707788,long_rentry,1278.082684637748,1.0415075728141114,3.0
1687118580000.0,243123,1687118580000.0,-0.8975899650641439,-0.00245152,1226.2467580186783,1140.8435133459946,-18.8,0.652,1807.7,0.69974414707788,unstuck_close_long,1264.9274946726837,1.031544007273466,1056.0
1687182480000.0,244188,1687182480000.0,-1.0154387944797207,-0.00245594,1225.2288632841987,1129.6333174059946,-19.0,0.6463,1788.7,0.69974414707788,unstuck_close_long,1251.632355878204,1.021549845408662,1065.0
1687246200000.0,245250,1687246200000.0,-1.1048232091875079,-0.0024520580000000004,1224.1215880170112,1121.9375453479947,-19.1,0.6419,1769.6,0.69974414707788,unstuck_close_long,1238.2672426690165,1.0115557594853957,1062.0
1687309740000.0,246309,1687309740000.0,-0.3805946474018407,-0.00244296,1223.7385504096092,1187.7534223879945,-18.0,0.6786,1751.6,0.69974414707788,unstuck_close_long,1225.6718480216146,1.001579828968662,1059.0
1687364160000.0,247216,1687364160000.0,0.8564679945963355,-0.061454886,1224.5335635182055,1229.5989975019945,-437.9,0.7017,1313.7,0.69974414707788,long_nclose,919.253886016211,0.7506971743388594,907.0
1687364580000.0,247223,1687364580000.0,0.6423020996241986,-0.046087656,1225.1297779618296,1227.3524698459944,-328.4,0.7017,985.3,0.69974414707788,long_nclose,689.4579081158352,0.5627631623343956,7.0
1687364700000.0,247225,1687364700000.0,2.0215820996241924,-0.046363512,1227.1049965494537,1230.1634263339943,-328.4,0.7059,656.9,0.69974414707788,long_nclose,459.6619302154594,0.37459054564034977,2.0
1687364760000.0,247226,1687364760000.0,1.3475162046520577,-0.030904302,1228.4216084521058,1231.3368720319943,-218.9,0.7059,438.0,0.69974414707788,long_nclose,306.48793642011145,0.2494973503488814,1.0
1687364940000.0,247229,1687364940000.0,2.246031789944268,-0.031097999999999997,1230.6365422420502,1232.4007740319944,-219.0,0.71,219.0,0.69974414707788,long_nclose,153.24396821005573,0.12452414904799296,3.0
1687365180000.0,247233,1687365180000.0,0.4493772633147566,-0.01030614,1231.075613365365,1232.1349678919944,-73.0,0.7059,146.0,0.69974414707788,long_nclose,102.16264547337049,0.08298649113362798,4.0
1687365780000.0,247243,1687365780000.0,0.29917445201502973,-0.006861348,1231.3679264693799,1232.1136065439944,-48.6,0.7059,97.4,0.69974414707788,long_nclose,68.15507992538552,0.05534907841947946,10.0
1687366080000.0,247248,1687366080000.0,0.19944963467668647,-0.004574232,1231.5628018720565,1231.9759323119943,-32.4,0.7059,65.0,0.69974414707788,long_nclose,45.4833695600622,0.0369314252516595,5.0
1687366920000.0,247262,1687366920000.0,0.132966423117791,-0.0030494880000000004,1231.6927188071743,1231.9989428239942,-21.6,0.7059,43.4,0.69974414707788,long_nclose,30.368895983179993,0.024656227579708822,14.0
1687367640000.0,247274,1687367640000.0,0.021123211558895696,-0.001515672,1231.712326346733,1231.7630471519942,-10.8,0.7017,32.6,0.69974414707788,long_nclose,22.81165919473889,0.01852028164920491,12.0
1687367700000.0,247275,1687367700000.0,0.01584240866917177,-0.001136754,1231.7270320014022,1231.816600397994,-8.1,0.7017,24.5,0.69974414707788,long_nclose,17.14373160340806,0.013918450401751468,1.0
1687368000000.0,247280,1687368000000.0,0.04986240866917162,-0.001143558,1231.7757508520715,1231.8816268399942,-8.1,0.7059,16.4,0.69974414707788,long_nclose,11.475804012077232,0.009316471771861828,5.0
1687369500000.0,247305,1687369500000.0,0.008018996980691882,-0.0005753939999999999,1231.7831944550521,1231.8232414459942,-4.1,0.7017,12.3,0.69974414707788,long_nclose,8.606853009057925,0.00698731160467378,25.0
1687370280000.0,247318,1687370280000.0,0.025238996980691805,-0.0005788379999999999,1231.807854614033,1231.8599726079945,-4.1,0.7059,8.2,0.69974414707788,long_nclose,5.737902006038616,0.004658114481528854,13.0
1687370400000.0,247320,1687370400000.0,0.016620802889723875,-0.00038118600000000005,1231.8240942309228,1231.8596014219945,-2.7,0.7059,5.5,0.69974414707788,long_nclose,3.8485928089283403,0.003124303889615969,2.0
1687371360000.0,247336,1687371360000.0,0.027690802889723854,-0.00038340000000000005,1231.8514016338127,1231.8809580219945,-2.7,0.71,2.8,0.69974414707788,long_nclose,1.9592836118180639,0.0015905194483843206,16.0
1687371960000.0,247346,1687371960000.0,0.040476388181935795,-0.00039995199999999997,1231.8914780699947,1231.8914780699947,-2.8,0.7142,0.0,0.69974414707788,long_nclose,0.0,0.0,10.0
1687432140000.0,248349,1687432140000.0,0.0,-0.012312906000000002,1231.8791651639947,1231.1919651639946,85.9,0.7167,85.9,0.7167,long_ientry_normal,61.564530000000005,0.04997611108375568,1003.0
1687432800000.0,248360,1687432800000.0,0.04280000000000003,-0.003076036,1231.9188891279946,1232.0736891279946,-21.4,0.7187,64.5,0.7167,long_nclose,46.22715,0.03752450782918149,11.0
1687433340000.0,248369,1687433340000.0,0.032200000000000034,-0.002314214,1231.9487749139946,1232.0213749139946,-16.1,0.7187,48.4,0.7167,long_nclose,34.68828,0.028157242173012974,9.0
1687433400000.0,248370,1687433400000.0,0.02420000000000002,-0.0017392540000000002,1231.9712356599946,1232.0728756599947,-12.1,0.7187,36.3,0.7167,long_nclose,26.016209999999997,0.021117546617119294,1.0
1687433460000.0,248371,1687433460000.0,0.0,-0.007109664000000001,1231.9641259959947,1231.9555359959948,49.6,0.7167,85.9,0.7166999999999999,long_ientry_partial,61.56453,0.049972664545103934,1.0
1687437120000.0,248432,1687437120000.0,0.04280000000000241,-0.003076036,1232.0038499599946,1232.1392999599946,-21.4,0.7187,64.5,0.7166999999999999,long_nclose,46.227149999999995,0.03752192008288048,61.0
1687439820000.0,248477,1687439820000.0,0.03220000000000182,-0.002314214,1232.0337357459946,1232.1595757459945,-16.1,0.7187,48.4,0.7166999999999999,long_nclose,34.68827999999999,0.028155300454493066,45.0
1687440240000.0,248484,1687440240000.0,0.10143000000000135,-0.0023280600000000003,1232.1328376859944,1232.3524776859945,-16.1,0.723,32.3,0.7166999999999999,long_nclose,23.149409999999996,0.018788079736171723,7.0
1687440900000.0,248495,1687440900000.0,0.0,-0.0076973580000000005,1232.1251403279944,1232.1509403279945,53.7,0.7167,86.0,0.7166999999999999,long_ientry_partial,61.63619999999999,0.0500243019013412,11.0
1687441620000.0,248507,1687441620000.0,0.043000000000002425,-0.00309041,1232.1650499179943,1232.2488999179943,-21.5,0.7187,64.5,0.7166999999999999,long_nclose,46.227149999999995,0.03751701121783693,12.0
1687441680000.0,248508,1687441680000.0,0.03220000000000182,-0.002314214,1232.1949357039944,1232.3159357039945,-16.1,0.7187,48.4,0.7166999999999999,long_nclose,34.68827999999999,0.028151617081741544,1.0
1687441920000.0,248512,1687441920000.0,0.024200000000001363,-0.0017392540000000002,1232.2173964499943,1232.2972564499944,-12.1,0.7187,36.3,0.7166999999999999,long_nclose,26.016209999999994,0.021113327952480162,4.0
1687442640000.0,248524,1687442640000.0,0.018000000000001015,-0.00129366,1232.2341027899943,1232.2996227899944,-9.0,0.7187,27.3,0.7166999999999999,long_nclose,19.56591,0.015878403264200647,12.0
1687443060000.0,248531,1687443060000.0,0.013600000000000766,-0.000977432,1232.2467253579944,1232.3000253579944,-6.8,0.7187,20.5,0.7166999999999999,long_nclose,14.692349999999998,0.01192322097324426,7.0
1687443420000.0,248537,1687443420000.0,0.010200000000000575,-0.000733074,1232.2561922839943,1232.2869922839943,-5.1,0.7187,15.4,0.7166999999999999,long_nclose,11.03718,0.008956887430642584,6.0
1687443660000.0,248541,1687443660000.0,0.0,-0.010119804,1232.2460724799944,1232.3750724799943,70.6,0.7167,86.0,0.7166999999999999,long_ientry_partial,61.63619999999999,0.05001939253573937,4.0
1687478580000.0,249123,1687478580000.0,0.043000000000002425,-0.00309041,1232.2859820699944,1232.4278820699944,-21.5,0.7187,64.5,0.7166999999999999,long_nclose,46.227149999999995,0.037513329432140106,582.0
1687479120000.0,249132,1687479120000.0,0.03220000000000182,-0.002314214,1232.3158678559944,1232.4320278559944,-16.1,0.7187,48.4,0.7166999999999999,long_nclose,34.68827999999999,0.028148854449428856,9.0
1687481580000.0,249173,1687481580000.0,0.024200000000001363,-0.0017392540000000002,1232.3383286019944,1232.4218186019943,-12.1,0.7187,36.3,0.7166999999999999,long_nclose,26.016209999999994,0.021111256053776766,41.0
1687482060000.0,249181,1687482060000.0,0.018000000000001015,-0.00129366,1232.3550349419943,1232.4178249419942,-9.0,0.7187,27.3,0.7166999999999999,long_nclose,19.56591,0.015876845101639843,8.0
1687482360000.0,249186,1687482360000.0,0.013600000000000766,-0.000977432,1232.3676575099944,1232.4107075099944,-6.8,0.7187,20.5,0.7166999999999999,long_nclose,14.692349999999998,0.011922050948404449,5.0
1687482720000.0,249192,1687482720000.0,0.010200000000000575,-0.000733074,1232.3771244359943,1232.4125444359943,-5.1,0.7187,15.4,0.7166999999999999,long_nclose,11.03718,0.008956008498657615,6.0
1687483200000.0,249200,1687483200000.0,0.0076000000000004285,-0.000546212,1232.3841782239942,1232.4108582239942,-3.8,0.7187,11.6,0.7166999999999999,long_nclose,8.313719999999998,0.006746045711152357,8.0
1687483380000.0,249203,1687483380000.0,0.005800000000000327,-0.00041684599999999996,1232.3895613779941,1232.409571377994,-2.9,0.7187,8.7,0.7166999999999999,long_nclose,6.235289999999998,0.005059512183004877,3.0
1687483740000.0,249209,1687483740000.0,0.004200000000000237,-0.00030185400000000005,1232.3934595239941,1232.4046795239942,-2.1,0.7187,6.6,0.7166999999999999,long_nclose,4.730219999999999,0.003838238480936943,6.0
1687483800000.0,249210,1687483800000.0,0.0032000000000001806,-0.00022998400000000003,1232.3964295399942,1232.4084295399941,-1.6,0.7187,5.0,0.7166999999999999,long_nclose,3.5834999999999995,0.0029077494173993844,1.0
1687484040000.0,249214,1687484040000.0,0.002400000000000135,-0.000172488,1232.3986570519942,1232.4051170519942,-1.2,0.7187,3.8,0.7166999999999999,long_nclose,2.7234599999999993,0.0022098855629352557,4.0
1687484700000.0,249225,1687484700000.0,0.0018000000000001016,-0.000129366,1232.4003276859942,1232.407287685994,-0.9,0.7187,2.9,0.7166999999999999,long_nclose,2.0784299999999996,0.0016864893276217685,11.0
1687485480000.0,249238,1687485480000.0,0.0,-0.011908568,1232.388419117994,1232.3915291179942,83.3,0.7148,86.2,0.7148639211136891,long_ientry_partial,61.62127,0.05000150037445306,13.0
1687487280000.0,249268,1687487280000.0,0.04377569605568338,-0.00308267,1232.42911214405,1232.5673164479942,-21.5,0.7169,64.7,0.7148639211136891,long_nclose,46.25169569605569,0.03752888928077322,30.0
1687488900000.0,249295,1687488900000.0,0.03278087006960476,-0.002308418,1232.4595845961196,1232.5633980299942,-16.1,0.7169,48.6,0.7148639211136891,long_nclose,34.74238656612529,0.028189473310405118,27.0
1687489020000.0,249297,1687489020000.0,0.02463655452436134,-0.001734898,1232.4824862526439,1232.5750531319943,-12.1,0.7169,36.5,0.7148639211136891,long_nclose,26.09253312064965,0.021170713102775077,2.0
1687489800000.0,249310,1687489800000.0,0.018528317865428776,-0.001304758,1232.4997098125093,1232.5637183739943,-9.1,0.7169,27.4,0.7148639211136891,long_nclose,19.58727143851508,0.015892313225367608,13.0
1687490100000.0,249315,1687490100000.0,0.013845336426913811,-0.0009749839999999999,1232.512580164936,1232.546283389994,-6.8,0.7169,20.6,0.7148639211136891,long_nclose,14.726196774941997,0.011948110722708667,5.0
1687490340000.0,249319,1687490340000.0,0.010384002320185359,-0.0007312379999999999,1232.5222329292562,1232.5568921519941,-5.1,0.7169,15.5,0.7148639211136891,long_nclose,11.080390777262181,0.008990012902994967,4.0
1687490640000.0,249324,1687490640000.0,0.007737099767981248,-0.000544844,1232.5294251850244,1232.5544173079943,-3.8,0.7169,11.7,0.7148639211136891,long_nclose,8.363907877030162,0.006785970140854521,5.0
1687498260000.0,249451,1687498260000.0,0.02432070765661226,-0.0005624580000000001,1232.553183434681,1232.6026048499941,-3.9,0.7211,7.8,0.7148639211136891,long_nclose,5.575938584686775,0.004523892891297921,127.0
1687498500000.0,249455,1687498500000.0,0.016213805104408174,-0.000374972,1232.5690222677854,1232.603529877994,-2.6,0.7211,5.2,0.7148639211136891,long_nclose,3.7172923897911834,0.0030158898387303234,4.0
1687501260000.0,249501,1687501260000.0,0.02739380510440839,-0.000377208,1232.5960388648898,1232.6247326699943,-2.6,0.7254,2.6,0.7148639211136891,long_nclose,1.8586461948955917,0.0015079118675468386,46.0
1687502160000.0,249516,1687502160000.0,0.013696902552204194,-0.000188604,1232.6095471634421,1232.6238940659944,-1.3,0.7254,1.3,0.7148639211136891,long_nclose,0.9293230974477958,0.0007539476710905023,15.0
1687504020000.0,249547,1687504020000.0,0.0024944315545243345,-5.7688e-05,1232.6119839069968,1232.6184063779945,-0.4,0.7211,0.9,0.7148639211136891,long_nclose,0.6433775290023203,0.0005219627404262398,31.0
1687504920000.0,249562,1687504920000.0,0.0018708236658932509,-4.3266e-05,1232.6138114646628,1232.6179731119946,-0.3,0.7211,0.6,0.7148639211136891,long_nclose,0.4289183526682135,0.0003479746443523523,15.0
1687506960000.0,249596,1687506960000.0,0.003160823665893275,-4.3524000000000005e-05,1232.6169287643288,1232.6201495879948,-0.3,0.7254,0.3,0.7148639211136891,long_nclose,0.21445917633410674,0.00017398688216062173,34.0
1687507620000.0,249607,1687507620000.0,0.0006236078886310836,-1.4422e-05,1232.6175379502174,1232.6189451659948,-0.1,0.7211,0.2,0.7148639211136891,long_nclose,0.14297278422273782,0.0001159911974483947,11.0
1687508100000.0,249615,1687508100000.0,0.0006236078886310836,-1.4422e-05,1232.618147136106,1232.6189007439946,-0.1,0.7211,0.1,0.7148639211136891,long_nclose,0.07148639211136891,5.799557006154913e-05,8.0
1687513620000.0,249707,1687513620000.0,0.0,-0.012314016,1232.6058331201061,1232.5545667279948,85.8,0.7176,85.9,0.7175968148092126,long_ientry_partial,61.641566392111365,0.05000914707346266,92.0
1687513980000.0,249713,1687513980000.0,0.042868163082851636,-0.003079888,1232.645621395189,1232.8006268399947,-21.4,0.7196,64.5,0.7175968148092126,long_nclose,46.28499455519421,0.037549311620322656,6.0
1687514880000.0,249728,1687514880000.0,0.03225128157167811,-0.0023171120000000005,1232.6755555647608,1232.777349727995,-16.1,0.7196,48.4,0.7175968148092126,long_nclose,34.731685836765884,0.028175853475777952,15.0
1687515300000.0,249735,1687515300000.0,0.024238540808528265,-0.001741432,1232.6980526735692,1232.7743982959948,-12.1,0.7196,36.3,0.7175968148092126,long_nclose,26.048764377574415,0.021131504443507372,7.0
1687515780000.0,249743,1687515780000.0,0.0,-0.007118592000000002,1232.6909340815691,1232.6395097039947,49.6,0.7176,85.9,0.7175986539880607,long_ientry_partial,61.64172437757441,0.0500058227681388,8.0
1687518660000.0,249791,1687518660000.0,0.04282880465550216,-0.003079888,1232.7306829982247,1232.8726698159946,-21.4,0.7196,64.5,0.7175986539880607,long_nclose,46.285113182229914,0.03754681685188213,48.0
1687518960000.0,249796,1687518960000.0,0.03222167079222359,-0.0023171120000000005,1232.760587557017,1232.867132703995,-16.1,0.7196,48.4,0.7175986539880607,long_nclose,34.73177485302214,0.028173982201889415,5.0
1687519320000.0,249802,1687519320000.0,0.024216286744466176,-0.001741432,1232.7830624117614,1232.8702312719947,-12.1,0.7196,36.3,0.7175986539880607,long_nclose,26.0488311397666,0.021130101421742313,6.0
1687519800000.0,249810,1687519800000.0,0.01801211410745418,-0.00129528,1232.7997792458689,1232.8462259919947,-9.0,0.7196,27.3,0.7175986539880607,long_nclose,19.590443253874056,0.015891017814634884,8.0
1687519860000.0,249811,1687519860000.0,0.013609152881187603,-0.000978656,1232.81240974275,1232.857537335995,-6.8,0.7196,20.5,0.7175986539880607,long_nclose,14.710772406755243,0.011932693320166145,1.0
1687520100000.0,249815,1687520100000.0,0.010206864660890701,-0.0007339919999999999,1232.821882615411,1232.8557833439947,-5.1,0.7196,15.4,0.7175986539880607,long_nclose,11.051019271416134,0.008964003176169766,4.0
1687523520000.0,249872,1687523520000.0,0.0,-0.01012098,1232.811761635411,1232.8234523639949,70.5,0.7178,85.9,0.7177639030432611,long_ientry_partial,61.65591927141613,0.050012435953421835,57.0
1687524660000.0,249891,1687524660000.0,0.043572474874212404,-0.003080744,1232.8522533662851,1232.9706816199948,-21.4,0.7198,64.5,0.7177639030432611,long_nclose,46.29577174629034,0.037551759847849094,19.0
1687524720000.0,249892,1687524720000.0,0.032781161003496255,-0.0023177560000000002,1232.8827167712886,1232.986103863995,-16.1,0.7198,48.4,0.7177639030432611,long_nclose,34.73977290729383,0.028177678569678895,1.0
1687524840000.0,249894,1687524840000.0,0.02463677317654066,-0.0017419159999999998,1232.9056116284653,1233.0194519479949,-12.1,0.7198,36.3,0.7177639030432611,long_nclose,26.054829680470377,0.021132866486069633,2.0
1687525200000.0,249900,1687525200000.0,0.018324872610650078,-0.00129564,1232.922640861076,1232.975496307995,-9.0,0.7198,27.3,0.7177639030432611,long_nclose,19.594954553081028,0.01589309329204618,6.0
1687525260000.0,249901,1687525260000.0,0.013845459305824504,-0.000978928,1232.9355073923819,1232.979297379995,-6.8,0.7198,20.5,0.7177639030432611,long_nclose,14.714160012386852,0.01193424954035659,1.0
1687525380000.0,249903,1687525380000.0,0.010384094479368377,-0.000734196,1232.9451572908613,1232.970353183995,-5.1,0.7198,15.4,0.7177639030432611,long_nclose,11.05356410686622,0.008965170949820763,2.0
1687525740000.0,249909,1687525740000.0,0.00773716843560781,-0.000547048,1232.9523474112968,1232.982926135995,-3.8,0.7198,11.6,0.7177639030432611,long_nclose,8.326061275301829,0.0067529465293473855,6.0
1687526760000.0,249926,1687526760000.0,0.005904681174542803,-0.000417484,1232.9578346084713,1232.979028651995,-2.9,0.7198,8.7,0.7177639030432611,long_nclose,6.2445459564763715,0.005064687356854618,17.0
1687527000000.0,249930,1687527000000.0,0.004275803609151685,-0.00030231600000000006,1232.9618080960804,1232.970626335995,-2.1,0.7198,6.6,0.7177639030432611,long_nclose,4.737241760085523,0.0038421642332950234,4.0
1687527180000.0,249933,1687527180000.0,0.0,-0.011384308000000001,1232.9504237880803,1232.9420720279948,79.3,0.7178,85.9,0.7177972265434868,long_ientry_partial,61.65878176008552,0.05000913302795006,3.0
1687529880000.0,249978,1687529880000.0,0.042859351969383105,-0.003080744,1232.9902023960497,1233.1709812839947,-21.4,0.7198,64.5,0.7177972265434868,long_nclose,46.297921112054894,0.03754930170741414,45.0
1687530840000.0,249994,1687530840000.0,0.032244652649862995,-0.0023177560000000002,1233.0201292926995,1233.1170635279948,-16.1,0.7198,48.4,0.7177972265434868,long_nclose,34.74138576470476,0.02817584639484641,16.0
1687530900000.0,249995,1687530900000.0,0.024233558823810075,-0.0017419159999999998,1233.0426209355235,1233.144361611995,-12.1,0.7198,36.3,0.7177972265434868,long_nclose,26.056039323528566,0.021131499334353546,1.0
1687531620000.0,250007,1687531620000.0,0.07626355882380971,-0.001752322,1233.1171321723473,1233.2817592899949,-12.1,0.7241,24.2,0.7177972265434868,long_nclose,17.37069288235238,0.01408681497413869,12.0
1687532340000.0,250019,1687532340000.0,0.1282935588238107,-0.001762728,1233.2436630031712,1233.374376561995,-12.1,0.7284,12.1,0.7177972265434868,long_nclose,8.68534644117619,0.007042684833284124,12.0
1687532760000.0,250026,1687532760000.0,0.17911355882381047,-0.0017728919999999999,1233.421003669995,1233.421003669995,-12.1,0.7326,0.0,0.7177972265434868,long_nclose,0.0,0.0,7.0
1687592700000.0,251025,1687592700000.0,0.0,-0.012331984,1233.408671685995,1233.6311516859948,82.4,0.7483,82.4,0.7483,long_ientry_normal,61.65992,0.049991475992879654,999.0
1687593480000.0,251038,1687593480000.0,0.04325999999999981,-0.0030916480000000002,1233.4488400379948,1233.6589600379948,-20.6,0.7504,61.8,0.7483,long_nclose,46.24493999999999,0.03749238598219889,13.0
1687593900000.0,251045,1687593900000.0,0.13390000000000127,-0.0031097760000000007,1233.579630261995,1233.8721502619949,-20.6,0.7548,41.2,0.7483,long_nclose,30.82996,0.02499227390245748,7.0
1687596000000.0,251080,1687596000000.0,0.08905000000000084,-0.002068152,1233.666612109995,1233.861862109995,-13.7,0.7548,27.5,0.7483,long_nclose,20.57825,0.01668056004596258,35.0
1687596180000.0,251083,1687596180000.0,0.059150000000000556,-0.0013737360000000002,1233.724388373995,1233.849508373995,-9.1,0.7548,18.4,0.7483,long_nclose,13.768719999999998,0.011160288415913284,3.0
1687596900000.0,251095,1687596900000.0,0.03965000000000037,-0.0009208560000000001,1233.763117517995,1233.841837517995,-6.1,0.7548,12.3,0.7483,long_nclose,9.20409,0.0074601760008162635,12.0
1687596960000.0,251096,1687596960000.0,0.02665000000000025,-0.000618936,1233.789148581995,1233.853928581995,-4.1,0.7548,8.2,0.7483,long_nclose,6.13606,0.004973345735008472,1.0
1687597440000.0,251104,1687597440000.0,0.045100000000000036,-0.0006226259999999999,1233.833625955995,1233.8795459559951,-4.1,0.7593,4.1,0.7483,long_nclose,3.06803,0.0024865832276396572,8.0
1687597800000.0,251110,1687597800000.0,0.06355000000000027,-0.000626316,1233.896549639995,1233.896549639995,-4.1,0.7638,0.0,0.7483,long_nclose,0.0,0.0,6.0
1687611420000.0,251337,1687611420000.0,0.0,-0.01234644,1233.884203199995,1233.867763199995,82.2,0.751,82.2,0.751,long_ientry_normal,61.7322,0.05003078882110795,227.0
1687620720000.0,251492,1687620720000.0,0.0,-0.016945344,1233.867257855995,1233.414637855995,116.8,0.7254,199.0,0.7359744723618091,long_rentry,146.45892,0.11869908944215884,155.0
1687620900000.0,251495,1687620900000.0,0.10066872361808576,-0.007335720000000001,1233.9605908596131,1234.412302135995,-49.7,0.738,149.3,0.7359744723618091,long_nclose,109.88098872361812,0.08904740519068911,3.0
1687621680000.0,251508,1687621680000.0,0.0755521809045191,-0.005505479999999999,1234.0306375605176,1234.3134966559949,-37.3,0.738,112.0,0.7359744723618091,long_nclose,82.42914090452263,0.06679667294766031,13.0
1687622280000.0,251518,1687622280000.0,0.05671477386934409,-0.004132800000000001,1234.083219534387,1234.295363855995,-28.0,0.738,84.0,0.7359744723618091,long_nclose,61.82185567839197,0.050095370149929624,10.0
1687622460000.0,251521,1687622460000.0,0.04253608040200807,-0.0030996,1234.1226560147888,1234.1305642559948,-21.0,0.738,63.0,0.7359744723618091,long_nclose,46.366391758793974,0.037570327011514124,3.0
1687622520000.0,251522,1687622520000.0,0.0,-0.003062176,1234.119593838789,1233.892862079995,20.8,0.7361,83.8,0.7360056295798805,long_ientry_partial,61.67727175879398,0.04997673812709175,1.0
1687622940000.0,251529,1687622940000.0,0.04377234178049769,-0.0030852579999999996,1234.1602809225694,1234.2228268219949,-20.9,0.7381,62.9,0.7360056295798805,long_nclose,46.29475410057448,0.037511135965231236,7.0
1687623000000.0,251530,1687623000000.0,0.0,-0.00306592,1234.1572150025695,1234.169540901995,20.8,0.737,83.7,0.7362527371633749,long_ientry_partial,61.624354100574486,0.04993233710540369,1.0
1687623300000.0,251535,1687623300000.0,0.04278779328546336,-0.0030860939999999997,1234.196916701855,1234.325484807995,-20.9,0.7383,62.8,0.7362527371633749,long_nclose,46.23667189385994,0.037462961759310034,5.0
1687623360000.0,251536,1687623360000.0,0.0,-0.003071328,1234.1938453738549,1234.364213479995,20.8,0.7383,83.6,0.73676210399354,long_ientry_partial,61.59331189385994,0.049905703325884315,1.0
1687623360000.0,251536,1687623360000.0,0.02414496730142085,-0.0023182619999999998,1234.2156720791563,1234.354045217995,-15.7,0.7383,67.9,0.73676210399354,long_nclose,50.02614686116137,0.04053274317679621,0.0
1687623420000.0,251537,1687623420000.0,0.034440442509173705,-0.0024971439999999998,1234.2476153776654,1234.361748073995,-16.9,0.7388,51.0,0.73676210399354,long_nclose,37.574867303670544,0.030443540530700617,1.0
1687623480000.0,251538,1687623480000.0,0.0,-0.0048035,1234.2428118776654,1234.265094573995,32.5,0.739,83.5,0.737633141361324,long_ientry_partial,61.59236730367055,0.049902958081618876,1.0
1687624380000.0,251553,1687624380000.0,0.04299065968446208,-0.0030771520000000005,1234.2827253853497,1234.4123174219947,-20.8,0.7397,62.7,0.737633141361324,long_nclose,46.249597963355015,0.03747082982864857,15.0
1687624440000.0,251554,1687624440000.0,0.03224299476334656,-0.002307864,1234.312660516113,1234.4194295579946,-15.6,0.7397,47.1,0.737633141361324,long_nclose,34.74252095811836,0.028147261281101333,1.0
1687624500000.0,251555,1687624500000.0,0.0,-0.005371674,1234.3072888421132,1234.2555978839948,36.3,0.7399,83.4,0.7386197956608915,long_ientry_partial,61.600890958118356,0.04990725690026939,1.0
1687625940000.0,251579,1687625940000.0,0.04326825025345667,-0.003081312,1234.3474757803667,1234.502736571995,-20.8,0.7407,62.6,0.7386197956608915,long_nclose,46.23759920837181,0.037459143487242066,24.0
1687626000000.0,251580,1687626000000.0,0.0,-0.003068154,1234.3444076263668,1234.466348417995,20.7,0.7411,83.3,0.7392361249504419,long_ientry_partial,61.578369208371804,0.04988751018590221,1.0
1687626060000.0,251581,1687626060000.0,0.042928601030807916,-0.003083808,1234.3842524193976,1234.550744609995,-20.8,0.7413,62.5,0.7392361249504419,long_nclose,46.20225780940262,0.037429396655738294,1.0
1687626120000.0,251582,1687626120000.0,0.0,-0.003071466,1234.3811809533977,1234.580953143995,20.7,0.7419,83.2,0.7398988919399352,long_ientry_partial,61.55958780940261,0.04987080875767718,1.0
1687627080000.0,251598,1687627080000.0,0.04370304764934794,-0.0030867200000000003,1234.421797281047,1234.5591464239951,-20.8,0.742,62.4,0.7398988919399352,long_nclose,46.169690857051954,0.037401875889380674,16.0
1687627140000.0,251599,1687627140000.0,0.0,-0.003087136,1234.418710145047,1234.6226192879951,20.8,0.7421,83.2,0.7404491689549513,long_ientry_partial,61.605370857051945,0.049906381320008644,1.0
1687627320000.0,251602,1687627320000.0,0.04265728573701449,-0.0030888000000000005,1234.4582786307842,1234.6299304879954,-20.8,0.7425,62.4,0.7404491689549513,long_nclose,46.20402814278896,0.03742858624111361,3.0
1687627680000.0,251608,1687627680000.0,0.0,-0.0030652800000000005,1234.455213350784,1234.6767852079952,20.6,0.744,83.0,0.7413304595516742,long_ientry_partial,61.530428142788956,0.049844196433641214,6.0
1687629780000.0,251643,1687629780000.0,0.042839487280342946,-0.0030776759999999997,1234.4949751620645,1234.673747531995,-20.7,0.7434,62.3,0.7413304595516742,long_nclose,46.1848876300693,0.037411968909801474,35.0
1687629840000.0,251644,1687629840000.0,0.0,-0.003066104,1234.4919090580645,1234.7038414279953,20.6,0.7442,82.9,0.7420435178536706,long_ientry_partial,61.5154076300693,0.049830547433078326,1.0
1687631040000.0,251664,1687631040000.0,0.042569180429017826,-0.003080574,1234.5313976644934,1234.640650853995,-20.7,0.7441,62.2,0.7420435178536706,long_nclose,46.15510681049832,0.03738674196364329,20.0
1687631160000.0,251666,1687631160000.0,0.03187547326810514,-0.00230671,1234.5609664277615,1234.6803541439951,-15.5,0.7441,46.7,0.7420435178536706,long_nclose,34.65343228376642,0.02806943782131485,2.0
1687631220000.0,251667,1687631220000.0,0.0,-0.005390904000000001,1234.5555755237615,1234.6500932399952,36.2,0.7446,82.9,0.7431598586702826,long_ientry_partial,61.60795228376643,0.049902939572104066,1.0
1687633440000.0,251704,1687633440000.0,0.042230925525150495,-0.003085128,1234.5947213212867,1234.702958111995,-20.7,0.7452,62.2,0.7431598586702826,long_nclose,46.224543209291575,0.03744106661967677,37.0
1687633560000.0,251706,1687633560000.0,0.03162219061061994,-0.00231012,1234.6240333918975,1234.7379879919952,-15.5,0.7452,46.7,0.7431598586702826,long_nclose,34.7055653999022,0.028110229884765147,2.0
1687633920000.0,251712,1687633920000.0,0.023665639424722017,-0.0017288639999999999,1234.6459701673223,1234.7210891279954,-11.6,0.7452,35.1,0.7431598586702826,long_nclose,26.08491103932692,0.0211274419304117,6.0
1687634700000.0,251725,1687634700000.0,0.0,-0.007119332,1234.6388508353223,1234.7260697959953,47.8,0.7447,82.9,0.7440479015600352,long_ientry_partial,61.68157103932692,0.04995920142768461,13.0
1687635120000.0,251732,1687635120000.0,0.04247843770727113,-0.0030888540000000003,1234.6782404190296,1234.8121009419954,-20.7,0.7461,62.2,0.7440479015600352,long_nclose,46.27977947703419,0.03748327131879119,7.0
1687635360000.0,251736,1687635360000.0,0.0,-0.003083058,1234.6751573610297,1234.6245278839956,20.7,0.7447,82.9,0.7442107295179033,long_ientry_partial,61.69506947703419,0.04996866512557036,4.0
1687653420000.0,252037,1687653420000.0,0.043247898979399964,-0.003089682,1234.715315578009,1234.8701482019956,-20.7,0.7463,62.2,0.7442107295179033,long_nclose,46.28990737601359,0.037490348416342294,301.0
1687653960000.0,252046,1687653960000.0,0.03238369247249756,-0.00231353,1234.7453857404814,1234.8522946719954,-15.5,0.7463,46.7,0.7442107295179033,long_nclose,34.75464106848609,0.02814721275321357,9.0
1687655400000.0,252070,1687655400000.0,0.024235537592320753,-0.001731416,1234.7678898620738,1234.8482432559954,-11.6,0.7463,35.1,0.7442107295179033,long_nclose,26.12179660607841,0.021155228298815148,24.0
1687655880000.0,252078,1687655880000.0,0.07592446464053124,-0.001756638,1234.8420576887145,1234.9915666179954,-11.7,0.7507,23.4,0.7442107295179033,long_nclose,17.414531070718937,0.01410263844050968,8.0
1687655940000.0,252079,1687655940000.0,0.05061630976035416,-0.001171092,1234.8915029064747,1234.9942955259953,-7.8,0.7507,15.6,0.7442107295179033,long_nclose,11.609687380479292,0.009401382512677763,1.0
1687656060000.0,252081,1687656060000.0,0.033744206506902776,-0.0007807280000000001,1234.9244663849815,1234.9992347979953,-5.2,0.7507,10.4,0.7442107295179033,long_nclose,7.739791586986195,0.006267421042878062,2.0
1687656240000.0,252084,1687656240000.0,0.022063519639128736,-0.000510476,1234.9460194286207,1234.9886443219955,-3.4,0.7507,7.0,0.7442107295179033,long_nclose,5.209475106625323,0.004218382848050006,3.0
1687656420000.0,252087,1687656420000.0,0.01492532210882238,-0.000345322,1234.9605994287297,1234.9972089999956,-2.3,0.7507,4.7,0.7442107295179033,long_nclose,3.4977904287341457,0.002832309330639504,3.0
1687656900000.0,252095,1687656900000.0,0.009733905723145031,-0.00022521000000000002,1234.9701081244527,1234.9886337899954,-1.5,0.7507,3.2,0.7442107295179033,long_nclose,2.3814743344572906,0.0019283659732250785,8.0
1687657140000.0,252099,1687657140000.0,0.006489270482096687,-0.00015014000000000002,1234.9764472549348,1234.9907236499953,-1.0,0.7507,2.2,0.7442107295179033,long_nclose,1.6372636049393874,0.0013257448015131328,4.0
1687660020000.0,252147,1687660020000.0,0.004542489337467681,-0.000105098,1234.9808846462722,1234.9907685519954,-0.7,0.7507,1.5,0.7442107295179033,long_nclose,1.116316094276855,0.0009039136622722662,48.0
1687660560000.0,252156,1687660560000.0,0.007692489337467644,-0.000105728,1234.9884714076095,1234.997502823995,-0.7,0.7552,0.8,0.7442107295179033,long_nclose,0.5953685836143227,0.0004820843249943347,9.0
1687660680000.0,252158,1687660680000.0,0.004395708192838655,-6.0416000000000006e-05,1234.9928066998023,1234.997282407995,-0.4,0.7552,0.4,0.7442107295179033,long_nclose,0.2976842918071613,0.00024104131634794323,2.0
1687660920000.0,252162,1687660920000.0,0.0021978540964193273,-3.0208000000000003e-05,1234.9949743458988,1234.9971321999951,-0.2,0.7552,0.2,0.7442107295179033,long_nclose,0.14884214590358066,0.00012052044663777943,4.0
1687660980000.0,252163,1687660980000.0,0.0010989270482096637,-1.5104000000000001e-05,1234.9960581689468,1234.997297095995,-0.1,0.7552,0.1,0.7442107295179033,long_nclose,0.07442107295179033,6.026017043498091e-05,1.0
1687661400000.0,252170,1687661400000.0,0.0015389270482096707,-1.5192000000000003e-05,1234.9975819039948,1234.9975819039948,-0.1,0.7596,0.0,0.7442107295179033,long_nclose,0.0,0.0,7.0
1687698780000.0,252793,1687698780000.0,0.0,-0.012342780000000001,1234.985239123995,1234.840879123995,80.2,0.7695,80.2,0.7695,long_ientry_normal,61.7139,0.04997136649485396,623.0
1687701840000.0,252844,1687701840000.0,0.041999999999999815,-0.0030864,1235.0241527239948,1235.1866927239948,-20.0,0.7716,60.2,0.7695,long_nclose,46.3239,0.037508497220744265,51.0
1687702080000.0,252848,1687702080000.0,0.0,-0.003092586,1235.0210601379947,1234.8885701379947,20.1,0.7693,80.3,0.7694499377334995,long_ientry_partial,61.78683,0.05002896873118606,4.0
1687702800000.0,252860,1687702800000.0,0.04300124533000993,-0.0030864,1235.0609749833247,1235.2087137379947,-20.0,0.7716,60.3,0.7694499377334995,long_nclose,46.39783124533002,0.03756723933889698,12.0
1687702980000.0,252863,1687702980000.0,0.03225093399750745,-0.0023148,1235.0909111173223,1235.2018989379949,-15.0,0.7716,45.3,0.7694499377334995,long_nclose,34.85608217932752,0.02822147087763365,3.0
1687703400000.0,252870,1687703400000.0,0.02429570361145561,-0.001743816,1235.1134630049337,1235.1865651219948,-11.3,0.7716,34.0,0.7694499377334995,long_nclose,26.16129788293898,0.021181291165987784,7.0
1687703460000.0,252871,1687703460000.0,0.01827552926525422,-0.00131172,1235.130426814199,1235.1954534019947,-8.5,0.7716,25.5,0.7694499377334995,long_nclose,19.620973412204236,0.01588575018981038,1.0
1687703640000.0,252874,1687703640000.0,0.013545392278953128,-0.0009722159999999999,1235.1429999904778,1235.1881211859948,-6.3,0.7716,19.2,0.7694499377334995,long_nclose,14.773438804483188,0.011960913679304406,3.0
1687703880000.0,252878,1687703880000.0,0.010320298879202383,-0.0007407359999999999,1235.152579553357,1235.1936204499948,-4.8,0.7716,14.4,0.7694499377334995,long_nclose,11.080079103362392,0.008970615684880855,4.0
1687704300000.0,252885,1687704300000.0,0.0,-0.010140692,1235.142438861357,1235.1417197579947,65.9,0.7694,80.3,0.7694089552099924,long_ientry_partial,61.783539103362386,0.050021387946412796,7.0
1687709160000.0,252966,1687709160000.0,0.043820895800150694,-0.0030864,1235.183173357157,1235.2911733579945,-20.0,0.7716,60.3,0.7694089552099924,long_nclose,46.395359999162544,0.03756152204782924,81.0
1687709220000.0,252967,1687709220000.0,0.03286567185011302,-0.0023148,1235.213724229007,1235.3265685579945,-15.0,0.7716,45.3,0.7694089552099924,long_nclose,34.85422567101266,0.028217161926991936,1.0
1687709400000.0,252970,1687709400000.0,0.024758806127085142,-0.001743816,1235.236739219134,1235.3112347419942,-11.3,0.7716,34.0,0.7694089552099924,long_nclose,26.159904477139744,0.021178049232632896,3.0
1687709520000.0,252972,1687709520000.0,0.0,-0.007120940000000001,1235.229618279134,1235.0872338019942,46.3,0.769,80.3,0.769173156626896,long_ientry_partial,61.76460447713975,0.050002528730801805,2.0
1687709880000.0,252978,1687709880000.0,0.04253686746207963,-0.0030852,1235.2690699465961,1235.4334986019942,-20.0,0.7713,60.3,0.769173156626896,long_nclose,46.38114134460183,0.03754739956907284,6.0
1687711920000.0,253012,1687711920000.0,0.135209551799391,-0.0031191180000000006,1235.4011603803954,1235.683639483994,-20.1,0.7759,40.2,0.769173156626896,long_nclose,30.920760896401223,0.02502892330688789,34.0
1687712160000.0,253016,1687712160000.0,0.09013970119959401,-0.0020794120000000005,1235.489220669595,1235.674860071994,-13.4,0.7759,26.8,0.769173156626896,long_nclose,20.613840597600813,0.01668475956951594,4.0
1687714980000.0,253063,1687714980000.0,0.0,-0.008234720000000001,1235.480985949595,1235.460305351994,53.5,0.7696,80.3,0.7694575416886775,long_ientry_partial,61.787440597600806,0.050010838936635486,47.0
1687715400000.0,253070,1687715400000.0,0.04284916622644852,-0.0030864,1235.5207487158214,1235.649938951994,-20.0,0.7716,60.3,0.7694575416886775,long_nclose,46.39828976382725,0.03755363057403352,7.0
1687715520000.0,253072,1687715520000.0,0.03213687466983639,-0.0023148,1235.550570790491,1235.647624151994,-15.0,0.7716,45.3,0.7694575416886775,long_nclose,34.85642663849709,0.028211250484224494,2.0
1687715580000.0,253073,1687715580000.0,0.024209778917943417,-0.001743816,1235.573036753409,1235.656080335994,-11.3,0.7716,34.0,0.7694575416886775,long_nclose,26.161556417415035,0.02117362198689373,1.0
1687715700000.0,253075,1687715700000.0,0.01821089564624062,-0.00131172,1235.5899359290552,1235.659868615994,-8.5,0.7716,25.5,0.7694575416886775,long_nclose,19.621167313061278,0.015879999296293947,2.0
1687716060000.0,253081,1687716060000.0,0.0,-0.008435912,1235.581500017055,1235.5716227039939,54.8,0.7697,80.3,0.7696230051439761,long_ientry_partial,61.80072731306128,0.050017523985433764,6.0
1687741260000.0,253501,1687741260000.0,0.0,-0.016964387999999997,1235.5645356290552,1233.167228315994,114.1,0.7434,194.4,0.7542318277420847,long_rentry,146.62266731306127,0.11866856249512875,420.0
1687751820000.0,253677,1687751820000.0,0.10051317173467988,-0.007351236000000001,1235.65769756479,1236.075877079994,-48.6,0.7563,145.8,0.7542318277420847,long_nclose,109.96700048479596,0.08899471164345658,176.0
1687787760000.0,254276,1687787760000.0,0.07528147018811415,-0.005505864,1235.727473170978,1236.008431215994,-36.4,0.7563,109.4,0.7542318277420847,long_nclose,82.51296195498408,0.0667727826292063,599.0
1687788180000.0,254283,1687788180000.0,0.056461102641085614,-0.004129398,1235.7798048756192,1235.916761817994,-27.3,0.7563,82.1,0.7542318277420847,long_nclose,61.922433057625156,0.05010798267888641,7.0
1687788300000.0,254285,1687788300000.0,0.04239753128726209,-0.00310083,1235.8191015769064,1235.964980987994,-20.5,0.7563,61.6,0.7542318277420847,long_nclose,46.460680588912425,0.03759504973634778,2.0
1687788720000.0,254292,1687788720000.0,0.03184985277189445,-0.002329404,1235.8486220256784,1235.9718915839942,-15.4,0.7563,46.2,0.7542318277420847,long_nclose,34.84551044168432,0.02819561378364372,7.0
1687790520000.0,254322,1687790520000.0,0.0,-0.005447624,1235.8431744016784,1235.370883959994,36.4,0.7483,82.6,0.7516178019574373,long_ientry_partial,62.08363044168432,0.050235848469804036,30.0
1687797960000.0,254446,1687797960000.0,0.0,-0.01703196,1235.8261424416785,1234.429751999994,117.3,0.726,199.9,0.7365854449308871,long_rentry,147.24343044168432,0.11914574824478848,124.0
1687805280000.0,254568,1687805280000.0,0.10052629794873703,-0.007371228000000001,1235.9192975116273,1236.2064807719942,-49.9,0.7386,150.0,0.7365854449308871,long_nclose,110.48781673963306,0.08939727453247699,122.0
1687805340000.0,254569,1687805340000.0,0.07554581509173625,-0.0055395,1235.9893038267192,1236.2609412719944,-37.5,0.7386,112.5,0.7365854449308871,long_nclose,82.8658625547248,0.0670441583095951,1.0
1687805460000.0,254571,1687805460000.0,0.056608997442074364,-0.004150932,1236.0417618921613,1236.1695903399943,-28.1,0.7386,84.4,0.7365854449308871,long_nclose,62.167811552166874,0.050295882767746415,2.0
1687809240000.0,254634,1687809240000.0,0.0425071119582836,-0.0031168920000000004,1236.0811521121195,1236.2466534479943,-21.1,0.7386,63.3,0.7365854449308871,long_nclose,46.62585866412515,0.037720709990969846,63.0
1687809300000.0,254635,1687809300000.0,0.0,-0.0030011520000000004,1236.0781509601195,1236.1851322959944,20.3,0.7392,83.6,0.7372203189488654,long_ientry_partial,61.63161866412514,0.04986061651219463,1.0
1687829220000.0,254967,1687829220000.0,0.043465333968711904,-0.003090274,1236.1185260200882,1236.2740020219944,-20.9,0.7393,62.7,0.7372203189488654,long_nclose,46.223713998093864,0.03739424094461204,332.0
1687830240000.0,254984,1687830240000.0,0.13542533396871337,-0.003108666,1236.250842688057,1236.5300533559944,-20.9,0.7437,41.8,0.7372203189488654,long_nclose,30.81580933206257,0.02492682574440786,17.0
1687830360000.0,254986,1687830360000.0,0.0900675666107711,-0.0020674860000000003,1236.3388427686677,1236.5000958699943,-13.9,0.7437,27.9,0.7372203189488654,long_nclose,20.568446898673344,0.016636577439087967,2.0
1687830480000.0,254988,1687830480000.0,0.06026103377555189,-0.0013832820000000002,1236.3977205204433,1236.5163825879945,-9.3,0.7437,18.6,0.7372203189488654,long_nclose,13.712297932448898,0.01109052346576384,2.0
1687830660000.0,254991,1687830660000.0,0.04017402251703459,-0.0009221880000000001,1236.4369723549603,1236.5123603999943,-6.2,0.7437,12.4,0.7372203189488654,long_nclose,9.14153195496593,0.007393447591230352,3.0
1687830720000.0,254992,1687830720000.0,0.026566692309651904,-0.000609834,1236.46292921327,1236.5233505659944,-4.1,0.7437,8.3,0.7372203189488654,long_nclose,6.118928647275584,0.004948736029772363,1.0
1687831260000.0,255001,1687831260000.0,0.017495138838063452,-0.0004015980000000001,1236.480022754108,1236.5157489679943,-2.7,0.7437,5.6,0.7372203189488654,long_nclose,4.128433786113646,0.0033388600787241716,9.0
1687831380000.0,255003,1687831380000.0,0.011663425892042301,-0.00026773200000000007,1236.4914184479999,1236.5164212359941,-1.8,0.7437,3.8,0.7372203189488654,long_nclose,2.8014372120056885,0.002265634172796729,2.0
1687831920000.0,255012,1687831920000.0,0.007775617261361533,-0.000178488,1236.4990155772612,1236.5166427479942,-1.2,0.7437,2.6,0.7372203189488654,long_nclose,1.91677282926705,0.001550161225459773,9.0
1687832160000.0,255016,1687832160000.0,0.0051837448409076895,-0.00011899200000000002,1236.5040803301022,1236.5161037559942,-0.8,0.7437,1.8,0.7372203189488654,long_nclose,1.3269965741079577,0.0010731841448947724,4.0
1687833300000.0,255035,1687833300000.0,0.009791712946021115,-0.000134658,1236.5137373850482,1236.5237090979942,-0.9,0.7481,0.9,0.7372203189488654,long_nclose,0.6634982870539788,0.000536587881714222,19.0
1687833840000.0,255044,1687833840000.0,0.0043518724204538286,-5.984800000000001e-05,1236.5180294094687,1236.5235192499943,-0.4,0.7481,0.5,0.7372203189488654,long_nclose,0.3686101594744327,0.0002981033439928669,9.0
1687833960000.0,255046,1687833960000.0,0.0021759362102269143,-2.9924000000000004e-05,1236.520175421679,1236.5237393259943,-0.2,0.7481,0.3,0.7372203189488654,long_nclose,0.2211660956846596,0.0001788616959761594,2.0
1687834800000.0,255060,1687834800000.0,0.0045539043153403624,-4.5144e-05,1236.5246841819942,1236.5246841819942,-0.3,0.7524,0.0,0.7372203189488654,long_nclose,0.0,0.0,14.0
1687844760000.0,255226,1687844760000.0,0.0,-0.012366717999999999,1236.5123174639941,1236.4873274639942,83.3,0.7423,83.3,0.7423,long_ientry_normal,61.833589999999994,0.05000644888586039,166.0
1687862820000.0,255527,1687862820000.0,0.04367999999999981,-0.003096704,1236.5529007599941,1236.665400759994,-20.8,0.7444,62.5,0.7423,long_nclose,46.39375,0.03751861321216914,301.0
1687862940000.0,255529,1687862940000.0,0.03275999999999985,-0.002322528,1236.5833382319943,1236.6771382319944,-15.6,0.7444,46.9,0.7423,long_nclose,34.813869999999994,0.028153274367884614,2.0
1687863000000.0,255530,1687863000000.0,0.02456999999999989,-0.001741896,1236.6061663359942,1236.6765663359943,-11.7,0.7444,35.2,0.7423,long_nclose,26.12896,0.02112957278663657,1.0
1687863060000.0,255531,1687863060000.0,0.01847999999999992,-0.001310144,1236.6233361919942,1236.6840561919942,-8.8,0.7444,26.4,0.7423,long_nclose,19.596719999999998,0.01584695956033412,1.0
1687863300000.0,255535,1687863300000.0,0.013859999999999938,-0.000982608,1236.6362135839943,1236.6837335839944,-6.6,0.7444,19.8,0.7423,long_nclose,14.69754,0.011885095906583461,4.0
1687863600000.0,255540,1687863600000.0,0.010289999999999955,-0.000729512,1236.6457740719943,1236.6711040719943,-4.9,0.7444,14.9,0.7423,long_nclose,11.06027,0.00894376565374985,5.0
1687863720000.0,255542,1687863720000.0,0.007769999999999966,-0.0005508560000000001,1236.6529932159942,1236.6798732159941,-3.7,0.7444,11.2,0.7423,long_nclose,8.313759999999998,0.006722791313009756,2.0
1687866420000.0,255587,1687866420000.0,0.005879999999999974,-0.000416864,1236.6584563519941,1236.682816351994,-2.8,0.7444,8.4,0.7423,long_nclose,6.23532,0.005042071210505045,45.0
1687867260000.0,255601,1687867260000.0,0.004409999999999981,-0.000312648,1236.662553703994,1236.673263703994,-2.1,0.7444,6.3,0.7423,long_nclose,4.676489999999999,0.003781540878708743,14.0
1687869540000.0,255639,1687869540000.0,0.003149999999999986,-0.00022332000000000002,1236.665480383994,1236.675560383994,-1.5,0.7444,4.8,0.7423,long_nclose,3.5630399999999995,0.0028811671842684963,38.0
1687869600000.0,255640,1687869600000.0,0.002519999999999989,-0.000178656,1236.6678217279941,1236.6768217279941,-1.2,0.7444,3.6,0.7423,long_nclose,2.6722799999999998,0.0021608712970844724,1.0
1687870140000.0,255649,1687870140000.0,0.0018899999999999917,-0.00013399200000000001,1236.6695777359942,1236.6741677359942,-0.9,0.7444,2.7,0.7423,long_nclose,2.00421,0.0016206511715677228,9.0
1687871040000.0,255664,1687871040000.0,0.0,-0.011971328,1236.657606407994,1236.645206407994,80.8,0.7408,83.5,0.740848502994012,long_ientry_partial,61.86085,0.05002261715729185,15.0
1687874640000.0,255724,1687874640000.0,0.042671137724551576,-0.0030904640000000002,1236.6971870817185,1236.901055943994,-20.8,0.7429,62.7,0.740848502994012,long_nclose,46.45120113772455,0.03756069118854974,60.0
1687874940000.0,255729,1687874940000.0,0.13483628742514953,-0.0031237139999999997,1236.8288996551437,1237.048412229994,-20.9,0.7473,41.8,0.740848502994012,long_nclose,30.967467425149696,0.025037794179764185,5.0
1687875120000.0,255732,1687875120000.0,0.0,-0.006174936000000001,1236.8227247191437,1236.887477293994,41.7,0.7404,83.5,0.740624520061673,long_ientry_partial,61.8421474251497,0.05000081757003029,3.0
1687875300000.0,255735,1687875300000.0,0.04316998271720198,-0.0030896320000000006,1236.862805069861,1237.0430976619941,-20.8,0.7427,62.7,0.740624520061673,long_nclose,46.4371574078669,0.037544307434521015,3.0
1687875420000.0,255737,1687875420000.0,0.0,-0.003080064,1236.859725005861,1236.8122475979942,20.8,0.7404,83.5,0.7405685917109808,long_ientry_partial,61.83747740786689,0.049995546105742805,2.0
1687875600000.0,255740,1687875600000.0,0.04225329241160072,-0.0030892160000000005,1236.8988890822725,1237.038798381994,-20.8,0.7426,62.7,0.7405685917109808,long_nclose,46.4336507002785,0.03754037707538919,3.0
1687875780000.0,255743,1687875780000.0,0.031689969308700536,-0.002316912,1236.9282621395812,1237.047491469994,-15.6,0.7426,47.1,0.7405685917109808,long_nclose,34.880780669587196,0.028199517900296043,3.0
1687876440000.0,255754,1687876440000.0,0.023767476981525402,-0.0017376840000000002,1236.9502919325625,1237.0186637859938,-11.7,0.7426,35.4,0.7405685917109808,long_nclose,26.216128146568717,0.021194164646349423,11.0
1687876620000.0,255757,1687876620000.0,0.017876392943369537,-0.0013069760000000003,1236.966861349506,1237.026216809994,-8.8,0.7426,26.6,0.7405685917109808,long_nclose,19.69912453951209,0.015925345419537548,3.0
1687876860000.0,255761,1687876860000.0,0.0,-0.008428028,1236.958433321506,1236.9509187819938,56.9,0.7406,83.5,0.7405899944851747,long_ientry_partial,61.83926453951209,0.04999300127932354,4.0
1687877580000.0,255773,1687877580000.0,0.04388811470836664,-0.0030896320000000006,1236.9992318042143,1237.0939091499938,-20.8,0.7427,62.7,0.7405899944851747,long_nclose,46.43499265422046,0.0375384167268181,12.0
1687878000000.0,255780,1687878000000.0,0.0,-0.0030804800000000005,1236.9961513242142,1236.9487586699938,20.8,0.7405,83.5,0.740567576697251,long_ientry_partial,61.83739265422046,0.04998996366158701,7.0
1687884240000.0,255884,1687884240000.0,0.042274404697179156,-0.0030892160000000005,1237.0353365129113,1237.2191994539937,-20.8,0.7426,62.7,0.740567576697251,long_nclose,46.433587058917645,0.03753618485128295,104.0
1687885200000.0,255900,1687885200000.0,0.1344376470274532,-0.00312246,1237.1666516999387,1237.4397069939937,-20.9,0.747,41.8,0.740567576697251,long_nclose,30.95572470594509,0.02502146712684999,16.0
1687887360000.0,255936,1687887360000.0,0.08941068390821051,-0.00207666,1237.2539857238469,1237.4529803339935,-13.9,0.747,27.9,0.740567576697251,long_nclose,20.6618353898533,0.016699752539301976,36.0
1687890540000.0,255989,1687890540000.0,0.1519606839082098,-0.00208917,1237.403857237755,1237.5569111639934,-13.9,0.7515,14.0,0.740567576697251,long_nclose,10.367946073761514,0.008378789198948987,53.0
1687894860000.0,256061,1687894860000.0,0.0295891471926452,-0.00068724,1237.4327591449476,1237.4904039239934,-4.6,0.747,9.4,0.740567576697251,long_nclose,6.96133522095416,0.005625627064992498,72.0
1687895040000.0,256064,1687895040000.0,0.01994051223852177,-0.00046314,1237.452236517186,1237.4921307839934,-3.1,0.747,6.3,0.740567576697251,long_nclose,4.665575733192681,0.0037703077302797252,3.0
1687895160000.0,256066,1687895160000.0,0.013508088935772811,-0.00031374,1237.465430866122,1237.4937070439935,-2.1,0.747,4.2,0.740567576697251,long_nclose,3.1103838221284543,0.0025135116865054132,2.0
1687895340000.0,256069,1687895340000.0,0.00900539262384854,-0.00020915999999999998,1237.4742270987458,1237.4916778839936,-1.4,0.747,2.8,0.740567576697251,long_nclose,2.0735892147523027,0.0016756625466162844,3.0
1687895400000.0,256070,1687895400000.0,0.005789180972474062,-0.00013446,1237.4798818197182,1237.4909634239934,-0.9,0.747,1.9,0.740567576697251,long_nclose,1.407078395724777,0.0011370515322282765,1.0
1687895580000.0,256073,1687895580000.0,0.0038594539816493743,-8.964e-05,1237.4836516337,1237.4924037839935,-0.6,0.747,1.3,0.740567576697251,long_nclose,0.9627378497064264,0.0007779802573031491,3.0
1687896780000.0,256093,1687896780000.0,0.002572969321099583,-5.9760000000000004e-05,1237.486164843021,1237.4922240239935,-0.4,0.747,0.9,0.740567576697251,long_nclose,0.666510819027526,0.000538600622748841,20.0
1687897200000.0,256100,1687897200000.0,0.0019297269908246872,-4.482e-05,1237.4880497500117,1237.4919692039932,-0.3,0.747,0.6,0.740567576697251,long_nclose,0.4443405460183506,0.000359066534911681,7.0
1687897500000.0,256105,1687897500000.0,0.0012864846605497916,-2.9880000000000002e-05,1237.4893063546722,1237.4919193239932,-0.2,0.747,0.4,0.740567576697251,long_nclose,0.29622703067890044,0.00023937744686579126,5.0
1687898400000.0,256120,1687898400000.0,0.0006432423302748958,-1.4940000000000001e-05,1237.4899346570023,1237.4918943839932,-0.1,0.747,0.3,0.740567576697251,long_nclose,0.2221702730091753,0.00017953299399623375,15.0
1687898820000.0,256127,1687898820000.0,0.0006432423302748958,-1.4940000000000001e-05,1237.4905629593325,1237.491869443993,-0.1,0.747,0.2,0.740567576697251,long_nclose,0.14811351533945022,0.00011968860189547778,7.0
1687899060000.0,256131,1687899060000.0,0.0006432423302748958,-1.4940000000000001e-05,1237.4911912616626,1237.491844503993,-0.1,0.747,0.1,0.740567576697251,long_nclose,0.07405675766972511,5.98442705634307e-05,4.0
1687899300000.0,256135,1687899300000.0,0.0006432423302748958,-1.4940000000000001e-05,1237.4918195639927,1237.4918195639927,-0.1,0.747,0.0,0.740567576697251,long_nclose,0.0,0.0,4.0
1687905540000.0,256239,1687905540000.0,0.0,-0.012378380000000001,1237.4794411839928,1237.4961011839928,83.3,0.743,83.3,0.743,long_ientry_normal,61.8919,0.05001448746557212,104.0
1687907220000.0,256267,1687907220000.0,0.04367999999999981,-0.003099616,1237.5200215679927,1237.6887715679927,-20.8,0.7451,62.5,0.743,long_nclose,46.4375,0.0375246454123317,28.0
1687907520000.0,256272,1687907520000.0,0.03275999999999985,-0.002324712,1237.5504568559927,1237.6254968559927,-15.6,0.7451,46.9,0.743,long_nclose,34.8467,0.028157801410803346,5.0
1687909740000.0,256309,1687909740000.0,0.02456999999999989,-0.0017435340000000001,1237.5732833219927,1237.6683233219926,-11.7,0.7451,35.2,0.743,long_nclose,26.1536,0.021132970752080576,37.0
1687910340000.0,256319,1687910340000.0,0.01847999999999992,-0.0013113760000000002,1237.5904519459925,1237.6802119459926,-8.8,0.7451,26.4,0.743,long_nclose,19.615199999999998,0.01584950818678099,10.0
1687910640000.0,256324,1687910640000.0,0.013859999999999938,-0.000983532,1237.6033284139926,1237.6528284139927,-6.6,0.7451,19.8,0.743,long_nclose,14.711400000000001,0.011887007462118645,5.0
1687910820000.0,256327,1687910820000.0,0.010289999999999955,-0.000730198,1237.6128882159926,1237.6397082159926,-4.9,0.7451,14.9,0.743,long_nclose,11.0707,0.008945204195439748,3.0
1687911000000.0,256330,1687911000000.0,0.0,-0.010164240000000001,1237.6027239759926,1237.5360839759926,68.4,0.743,83.3,0.7430000000000001,long_ientry_partial,61.89190000000001,0.05000950531295098,3.0
1687937640000.0,256774,1687937640000.0,0.0,-0.016980782,1237.5857431939926,1234.6113731939927,118.3,0.7177,201.6,0.7281538194444445,long_rentry,146.79581,0.11861465826290601,444.0
1687980540000.0,257489,1687980540000.0,0.0,-0.040187648,1237.5455555459926,1231.5579055459925,286.4,0.7016,488.0,0.7125697745901639,long_rentry,347.73404999999997,0.280986868274585,715.0
1687980600000.0,257490,1687980600000.0,0.0,-0.177967472,1237.3675880739925,1207.1554180739927,1303.6,0.6826,1791.6,0.6907632339807992,long_rentry,1237.5714099999998,1.0001647222118728,1.0
1687980900000.0,257495,1687980900000.0,0.8674775000000321,-0.062052065999999996,1238.1730135079924,1238.6255260079927,-447.9,0.6927,1343.7,0.6907632339807992,long_nclose,928.1785574999999,0.7496355899974624,5.0
1687980960000.0,257496,1687980960000.0,0.650559705849544,-0.046535586,1238.777037627842,1238.4109704219925,-335.9,0.6927,1007.8,0.6907632339807992,long_nclose,696.1511872058494,0.5619664928072309,1.0
1687981740000.0,257509,1687981740000.0,0.4878713602366781,-0.034898226000000004,1239.2300107620786,1241.8278621959926,-251.9,0.6927,755.9,0.6907632339807992,long_nclose,522.1479285660861,0.42134867944731685,13.0
1687982880000.0,257528,1687982880000.0,0.36585510102702856,-0.026170206,1239.5696956571057,1239.8173419899927,-188.9,0.6927,567.0,0.6907632339807992,long_nclose,391.6627536671131,0.31596670605882277,19.0
1687983720000.0,257542,1687983720000.0,0.2744397449207514,-0.019631118,1239.8245042840265,1240.8608608719926,-141.7,0.6927,425.3,0.6907632339807992,long_nclose,293.7816034120339,0.2369541837549717,14.0
1687984200000.0,257550,1687984200000.0,0.20587822784104357,-0.014726801999999999,1240.0156557098676,1241.0481840699927,-106.3,0.6927,319.0,0.6907632339807992,long_nclose,220.35347163987495,0.17770216902118866,8.0
1687985280000.0,257568,1687985280000.0,0.6417082278410428,-0.014813968,1240.6425499697086,1241.9691101019926,-106.3,0.6968,212.7,0.6907632339807992,long_nclose,146.925339867716,0.11842681026158848,18.0
1687986120000.0,257582,1687986120000.0,0.42800671076133523,-0.009880624000000001,1241.06067605647,1241.9450494779926,-70.9,0.6968,141.8,0.6907632339807992,long_nclose,97.95022657847733,0.07892460736868957,14.0
1687988280000.0,257618,1687988280000.0,0.2849353561062768,-0.006577792,1241.3390336205762,1241.9479516859926,-47.2,0.6968,94.6,0.6907632339807992,long_nclose,65.3462019345836,0.05264170397026049,36.0
1687988400000.0,257620,1687988400000.0,0.19015812960482453,-0.00438984,1241.5248019101812,1241.9183418459927,-31.5,0.6968,63.1,0.6907632339807992,long_nclose,43.58716006418843,0.035107764256603044,2.0
1687988460000.0,257621,1687988460000.0,0.0,-0.0036244000000000003,1241.5211775101811,1241.8256174459927,26.0,0.697,89.1,0.6925831657035739,long_ientry_partial,61.70916006418843,0.0497044763972078,1.0
1687989780000.0,257643,1687989780000.0,0.17869997860385448,-0.004149684,1241.695727804785,1242.0412477619927,-29.7,0.6986,59.4,0.6925831657035739,long_nclose,41.13944004279229,0.03313165948917566,22.0
1687989840000.0,257644,1687989840000.0,0.11913331906923633,-0.0027664560000000005,1241.8120946678544,1242.0820413059928,-19.8,0.6986,39.6,0.6925831657035739,long_nclose,27.42629336186153,0.022085703207132316,1.0
1687989960000.0,257646,1687989960000.0,0.0,-0.006882096,1241.8052125718543,1242.0485192099927,49.2,0.6994,88.8,0.6963600603813236,long_ientry_partial,61.83677336186153,0.049795871957884444,2.0
1687991760000.0,257676,1687991760000.0,0.04306665953461708,-0.003100452,1241.845178779389,1241.9810387579928,-22.2,0.6983,66.6,0.6963600603813236,long_nclose,46.37758002139615,0.0373457020358856,30.0
1687991880000.0,257678,1687991880000.0,0.0,-0.003114864,1241.842063915389,1241.9156938939927,22.3,0.6984,88.9,0.6968717662699229,long_ientry_partial,61.95190002139615,0.049887100639890346,2.0
1687992720000.0,257692,1687992720000.0,0.04280678880771187,-0.003102672,1241.8817680321965,1242.0170512219927,-22.2,0.6988,66.7,0.6968717662699229,long_nclose,46.48134681020386,0.03742815782202449,14.0
1687992960000.0,257696,1687992960000.0,0.0,-0.0030891380000000004,1241.8786788941966,1241.9962020839928,22.1,0.6989,88.8,0.6973765406554489,long_ientry_partial,61.92703681020386,0.04986560914738098,4.0
1687993620000.0,257707,1687993620000.0,0.04270079744903623,-0.003104892,1241.9182747996456,1242.1129771919927,-22.2,0.6993,66.6,0.6973765406554489,long_nclose,46.44527760765289,0.03739801446689054,11.0
1687993980000.0,257713,1687993980000.0,0.0,-0.0030747599999999997,1241.9152000396457,1242.2142724319929,21.9,0.702,88.5,0.698520650933931,long_ientry_partial,61.81907760765289,0.04977721313474498,6.0
1688001600000.0,257840,1688001600000.0,0.043743614360124965,-0.0030962100000000003,1241.955847444006,1242.1337562219928,-22.1,0.7005,66.4,0.698520650933931,long_nclose,46.38177122201302,0.03734574889877811,127.0
1688001780000.0,257843,1688001780000.0,0.0,-0.0031115519999999996,1241.9527358920059,1242.086364669993,22.2,0.7008,88.6,0.6990917745148196,long_ientry_partial,61.93953122201302,0.04987269598269074,3.0
1688022840000.0,258194,1688022840000.0,0.04217178322248521,-0.00309842,1241.9918092552284,1242.191856249993,-22.1,0.701,66.5,0.6990917745148196,long_nclose,46.48960300523551,0.0374314892085427,351.0
1688023020000.0,258197,1688023020000.0,0.031676543053993415,-0.00232732,1242.0211584782824,1242.0914289299928,-16.6,0.701,49.9,0.6990917745148196,long_nclose,34.8846795482895,0.0280870251767933,3.0
1688023320000.0,258202,1688023320000.0,0.02366199601623604,-0.00173848,1242.0430819942985,1242.1183904499928,-12.4,0.701,37.5,0.6990917745148196,long_nclose,26.215941544305736,0.021107111278468583,5.0
1688024580000.0,258223,1688024580000.0,0.017746497012177034,-0.0013038600000000002,1242.0595246313108,1242.116156589993,-9.3,0.701,28.2,0.6990917745148196,long_nclose,19.714388041317914,0.015872337557388705,21.0
1688025660000.0,258241,1688025660000.0,0.013357578396262282,-0.0009814000000000001,1242.071900809707,1242.1399151899927,-7.0,0.701,21.2,0.6990917745148196,long_nclose,14.820745619714176,0.011932276714457938,18.0
1688032500000.0,258355,1688032500000.0,0.04275757839626293,-0.00098728,1242.1136711081033,1242.2018279099927,-7.0,0.7052,14.2,0.6990917745148196,long_nclose,9.927103198110439,0.007992105254951715,114.0
1688033040000.0,258364,1688033040000.0,0.0,-0.010438032,1242.1032330761034,1242.1637298779929,74.6,0.6996,88.8,0.6995187297084509,long_ientry_partial,62.117263198110436,0.05000974278464383,9.0
1688033040000.0,258364,1688033040000.0,0.00518444602042184,-0.0004907000000000001,1242.1079268221238,1242.1660391779928,-3.5,0.701,85.3,0.6995187297084509,long_nclose,59.66894764413085,0.04803845652671352,0.0
1688033220000.0,258367,1688033220000.0,0.042201057209996964,-0.00298839,1242.1471394893338,1242.299540787993,-21.3,0.7015,64.0,0.6995187297084509,long_nclose,44.769198701340855,0.03604178384192566,3.0
1688034060000.0,258381,1688034060000.0,0.1295310572099968,-0.0030058560000000003,1242.2736646905437,1242.529064931993,-21.3,0.7056,42.7,0.6995187297084509,long_nclose,29.869449758550854,0.02404417851519977,14.0
1688034120000.0,258382,1688034120000.0,0.08635403813999787,-0.002003904,1242.3580148246836,1242.5598310279927,-14.2,0.7056,28.5,0.6995187297084509,long_nclose,19.936283796690848,0.016047132596882046,1.0
1688036700000.0,258425,1688036700000.0,0.1459940381399976,-0.002015832,1242.5019930308235,1242.6447251959928,-14.2,0.7098,14.3,0.6995187297084509,long_nclose,10.003117834830848,0.008050786148383018,43.0
1688036880000.0,258428,1688036880000.0,0.0729970190699988,-0.001007916,1242.5739821338937,1242.6494472799927,-7.1,0.7098,7.2,0.6995187297084509,long_nclose,5.0365348539008465,0.004053307832223816,3.0
1688037300000.0,258435,1688037300000.0,0.037012573049576857,-0.0005110560000000001,1242.6104836509433,1242.647136223993,-3.6,0.7098,3.6,0.6995187297084509,long_nclose,2.5182674269504233,0.0020265943834237117,7.0
1688037360000.0,258436,1688037360000.0,0.018506286524788428,-0.00025552800000000004,1242.628734409468,1242.6481406959929,-1.8,0.7098,1.8,0.6995187297084509,long_nclose,1.2591337134752116,0.0010132823091955837,1.0
1688039820000.0,258477,1688039820000.0,0.026066286524788398,-0.00025704,1242.654543655993,1242.654543655993,-1.8,0.714,0.0,0.6995187297084509,long_nclose,0.0,0.0,41.0
1688047020000.0,258597,1688047020000.0,0.0,-0.012423852,1242.642119803993,1242.5803798039929,88.2,0.7043,88.2,0.7043,long_ientry_normal,62.119260000000004,0.04998966235733127,120.0
1688047200000.0,258600,1688047200000.0,0.04400000000000004,-0.0031077200000000004,1242.6830120839932,1242.7359720839931,-22.0,0.7063,66.2,0.7043,long_nclose,46.624660000000006,0.03751935090977862,3.0
1688047620000.0,258607,1688047620000.0,0.0,-0.0030989200000000002,1242.6799131639932,1242.5564331639932,22.0,0.7043,88.2,0.7043,long_ientry_partial,62.119260000000004,0.049988142032358004,7.0
1688092620000.0,259357,1688092620000.0,0.04400000000000004,-0.0031077200000000004,1242.7208054439934,1242.9856054439933,-22.0,0.7063,66.2,0.7043,long_nclose,46.624660000000006,0.03751820987928352,750.0
1688092680000.0,259358,1688092680000.0,0.13639999999999963,-0.0031262,1242.8540792439935,1243.1634792439936,-22.0,0.7105,44.2,0.7043,long_nclose,31.130060000000004,0.02504723645348284,1.0
1688093280000.0,259368,1688093280000.0,0.02200000000000002,-0.0015538600000000002,1242.8745253839934,1243.0006853839934,-11.0,0.7063,33.2,0.7043,long_nclose,23.382760000000005,0.018813451818698885,10.0
1688094060000.0,259381,1688094060000.0,0.06819999999999982,-0.0015631,1242.9411622839932,1243.0899022839933,-11.0,0.7105,22.2,0.7043,long_nclose,15.63546,0.012579404781533444,13.0
1688095260000.0,259401,1688095260000.0,0.11543999999999961,-0.001586634,1243.0550156499933,1243.1771156499933,-11.1,0.7147,11.1,0.7043,long_nclose,7.81773,0.006289126307021987,20.0
1688095680000.0,259408,1688095680000.0,0.05719999999999981,-0.00078617,1243.1114294799931,1243.1696694799932,-5.5,0.7147,5.6,0.7043,long_nclose,3.94408,0.0031727485617679915,7.0
1688095740000.0,259409,1688095740000.0,0.0291199999999999,-0.00040023200000000004,1243.1401492479931,1243.171509247993,-2.8,0.7147,2.8,0.7043,long_nclose,1.97204,0.0015863376315155913,1.0
1688097180000.0,259433,1688097180000.0,0.01455999999999995,-0.00020011600000000002,1243.154509131993,1243.170189131993,-1.4,0.7147,1.4,0.7043,long_nclose,0.98602,0.0007931596537332017,24.0
1688097600000.0,259440,1688097600000.0,0.020439999999999924,-0.000201292,1243.1747478399932,1243.1747478399932,-1.4,0.7189,0.0,0.7043,long_nclose,0.0,0.0,7.0
1688132220000.0,260017,1688132220000.0,0.0,-0.012428024,1243.1623198159932,1243.4487598159933,86.8,0.7159,86.8,0.7159,long_ientry_normal,62.140119999999996,0.04998552402167214,577.0
1688132460000.0,260021,1688132460000.0,0.0,-0.01705239,1243.1452674259933,1239.6827074259934,123.3,0.6915,210.1,0.701580533079486,long_rentry,147.40207,0.11857187881606533,4.0
1688132640000.0,260024,1688132640000.0,0.10077201332698682,-0.007386750000000001,1243.2386526893204,1243.6042006759933,-52.5,0.7035,157.6,0.701580533079486,long_nclose,110.56909201332698,0.08893633718204359,3.0
1688132820000.0,260027,1688132820000.0,0.0,-0.030302626,1243.2083500633203,1236.4640780499933,223.9,0.6767,381.5,0.6869783014766107,long_rentry,262.08222201332694,0.2108111822125216,3.0
1688133060000.0,260031,1688133060000.0,0.18313786927900064,-0.013130434,1243.3783574985994,1244.5866076159934,-95.3,0.6889,286.2,0.6869783014766107,long_nclose,196.61318988260595,0.15812820666924585,4.0
1688133120000.0,260032,1688133120000.0,0.5744700391313389,-0.01322244,1243.9396050977307,1244.9740651759935,-95.4,0.693,190.8,0.6869783014766107,long_nclose,131.07545992173732,0.10537124100284541,1.0
1688133180000.0,260033,1688133180000.0,0.38298002608755927,-0.00881496,1244.3137701638182,1245.2705302159932,-63.6,0.693,127.2,0.6869783014766107,long_nclose,87.38363994782488,0.07022637058522668,1.0
1688133480000.0,260038,1688133480000.0,0.2553200173917061,-0.005876639999999999,1244.56321354121,1245.2010535759935,-42.4,0.693,84.8,0.6869783014766107,long_nclose,58.25575996521658,0.046808196909065736,5.0
1688133540000.0,260039,1688133540000.0,0.42916001739171056,-0.005911408000000001,1244.9864621506017,1245.3605021679934,-42.4,0.6971,42.4,0.6869783014766107,long_nclose,29.12787998260829,0.023396141940605932,1.0
1688133600000.0,260040,1688133600000.0,0.21458000869585528,-0.0029557040000000004,1245.1980864552975,1245.4190264639933,-21.2,0.6971,21.2,0.6869783014766107,long_nclose,14.563939991304146,0.011696082855992239,1.0
1688133660000.0,260041,1688133660000.0,0.0,-0.009498588,1245.1885878672974,1244.9451678759933,68.1,0.6974,89.3,0.6949258677637642,long_ientry_partial,62.05687999130414,0.04983733435719352,1.0
1688133900000.0,260045,1688133900000.0,0.044023148868057686,-0.003108174,1245.2295028421654,1245.227769701993,-22.3,0.6969,67.0,0.6949258677637642,long_nclose,46.5600331401722,0.037390724387674386,4.0
1688133960000.0,260046,1688133960000.0,0.0,-0.003140948,1245.2263618941654,1245.260468753993,22.6,0.6949,89.6,0.6949193430822791,long_ientry_partial,62.2647731401722,0.050002774632444076,1.0
1688134020000.0,260047,1688134020000.0,0.04436671495694746,-0.003122112,1245.2676064971224,1245.4477466419933,-22.4,0.6969,67.2,0.6949193430822791,long_nclose,46.698579855129154,0.0375008388650613,1.0
1688134260000.0,260051,1688134260000.0,0.13620671495694728,-0.0031404799999999997,1245.4006727320793,1245.6775661619931,-22.4,0.701,44.8,0.6949193430822791,long_nclose,31.1323865700861,0.024997888030516224,4.0
1688134320000.0,260052,1688134320000.0,0.0,-0.00616968,1245.3945030520792,1245.8045964819933,44.0,0.7011,88.8,0.6979818307442127,long_ientry_partial,61.98078657008609,0.04976799433287222,1.0
1688134440000.0,260054,1688134440000.0,0.18109780997130207,-0.004168272,1245.5714325900506,1245.9691482099931,-29.6,0.7041,59.2,0.6979818307442127,long_nclose,41.32052438005739,0.033173949962978184,2.0
1688134500000.0,260055,1688134500000.0,0.0,-0.004115448,1245.5673171420506,1245.7263527619932,29.2,0.7047,88.4,0.7002009545255361,long_ientry_partial,61.897764380057396,0.04969443524102862,1.0
1688134620000.0,260057,1688134620000.0,0.04417890498565319,-0.0031037240000000004,1245.6083923230362,1245.7210390379933,-22.1,0.7022,66.3,0.7002009545255361,long_nclose,46.42332328504304,0.03726959738803976,2.0
1688134680000.0,260058,1688134680000.0,0.0,-0.003144512,1245.6052478110362,1245.549364525993,22.4,0.7019,88.7,0.7006300257614773,long_ientry_partial,62.145883285043034,0.04989211742183575,1.0
1688135220000.0,260067,1688135220000.0,0.04353643067135261,-0.0031054920000000005,1245.6456787497075,1245.756899033993,-22.1,0.7026,66.6,0.7006300257614773,long_nclose,46.66195971571438,0.03746005827479802,9.0
1688135280000.0,260068,1688135280000.0,0.0,-0.0031041660000000007,1245.6425745837075,1245.5497848679931,22.1,0.7023,88.7,0.7010461072797564,long_ientry_partial,62.18278971571439,0.04992025078822938,1.0
1688142480000.0,260188,1688142480000.0,0.04318102911738356,-0.00310726,1245.682648352825,1245.8260976079932,-22.1,0.703,66.6,0.7010461072797564,long_nclose,46.68967074483177,0.03748119218532092,120.0
1688142540000.0,260189,1688142540000.0,0.0,-0.0030940800000000004,1245.679554272825,1245.7875635279931,22.0,0.7032,88.6,0.70158093391458,long_ientry_partial,62.160070744831785,0.049900530623317646,1.0
1688142660000.0,260191,1688142660000.0,0.04241136048778265,-0.0031094700000000005,1245.7188561633127,1245.8464740579932,-22.1,0.7035,66.5,0.70158093391458,long_nclose,46.65513210531957,0.03745237689426379,2.0
1688142720000.0,260192,1688142720000.0,0.03185649701797249,-0.00233562,1245.7483770403308,1245.8740784379931,-16.6,0.7035,49.9,0.70158093391458,long_nclose,35.00888860233754,0.02810269653773279,1.0
1688142900000.0,260195,1688142900000.0,0.10157649701797218,-0.002349564,1245.8476039733487,1246.0646888739932,-16.6,0.7077,33.3,0.70158093391458,long_nclose,23.36264509935551,0.01875241002578939,3.0
1688142960000.0,260196,1688142960000.0,0.0,-0.007746614,1245.8398573593486,1245.995342259993,54.7,0.7081,88.0,0.7056331261290398,long_ientry_partial,62.0957150993555,0.049842453452221415,1.0
1688143020000.0,260197,1688143020000.0,0.043271225161123805,-0.0031134400000000003,1245.8800151445096,1246.023028819993,-22.0,0.7076,66.0,0.7056331261290398,long_nclose,46.57178632451663,0.03738063518027839,1.0
1688143080000.0,260198,1688143080000.0,0.0,-0.0031143200000000003,1245.8769008245097,1246.1167144999931,22.0,0.7078,88.0,0.7061748445967799,long_ientry_partial,62.143386324516634,0.049879234684735485,1.0
1688143320000.0,260202,1688143320000.0,0.1823970533143491,-0.004174664000000001,1246.0551232138241,1246.438149835993,-29.3,0.7124,58.7,0.7061748445967799,long_nclose,41.45246337783098,0.033266957942371625,4.0
1688143380000.0,260203,1688143380000.0,0.0,-0.004109002,1246.0510142118242,1246.3108608339933,28.9,0.7109,87.6,0.7077337143588013,long_ientry_partial,61.997473377830985,0.049755164652746424,1.0
1688143500000.0,260205,1688143500000.0,0.04306165554225191,-0.003108486,1246.0909673813665,1246.3384123479932,-21.9,0.7097,65.7,0.7077337143588013,long_nclose,46.49810503337324,0.03731517702201791,2.0
1688143560000.0,260206,1688143560000.0,0.0,-0.0031137419999999996,1246.0878536393664,1246.0768786059932,21.9,0.7109,87.6,0.708525285769101,long_ientry_partial,62.066815033373246,0.0498093411729348,1.0
1688143680000.0,260208,1688143680000.0,0.04324624165668833,-0.00311199,1246.1279878910232,1246.2708666159933,-21.9,0.7105,65.7,0.708525285769101,long_nclose,46.55011127502994,0.03735580271639068,2.0
1688143740000.0,260209,1688143740000.0,0.0,-0.0031270800000000004,1246.1248608110232,1246.2414295359931,22.0,0.7107,87.7,0.7090708241166469,long_ientry_partial,62.18551127502994,0.049903114230910504,1.0
1688143800000.0,260210,1688143800000.0,0.044438951845431826,-0.003114618,1246.1661851448687,1246.4313049179932,-21.9,0.7111,65.8,0.7090708241166469,long_nclose,46.65686022687537,0.03744031958422258,1.0
1688144460000.0,260221,1688144460000.0,0.13641895184543384,-0.0031330140000000004,1246.299471082714,1246.6387819039933,-21.9,0.7153,43.9,0.7090708241166469,long_nclose,31.128209178720798,0.024976508376175738,11.0
1688144580000.0,260223,1688144580000.0,0.0909459678969559,-0.0020886760000000002,1246.3883283746109,1246.6118632279931,-14.6,0.7153,29.3,0.7090708241166469,long_nclose,20.775775146617754,0.016668781850445447,2.0
1688145240000.0,260234,1688145240000.0,0.06042300606852549,-0.001387682,1246.4473636986793,1246.575335545993,-9.7,0.7153,19.6,0.7090708241166469,long_nclose,13.89778815268628,0.011149919810048217,11.0
1688145360000.0,260236,1688145360000.0,0.10220592365686064,-0.0014102200000000002,1246.548159402336,1246.6503653259929,-9.8,0.7195,9.8,0.7090708241166469,long_nclose,6.94889407634314,0.0055745091145734975,2.0
1688145420000.0,260237,1688145420000.0,0.05110296182843032,-0.0007051100000000001,1246.5985572541647,1246.647210215993,-4.9,0.7195,4.9,0.7090708241166469,long_nclose,3.47444703817157,0.002787141873342612,1.0
1688145540000.0,260239,1688145540000.0,0.025030022120047502,-0.00034536,1246.6232419162848,1246.649814855993,-2.4,0.7195,2.5,0.7090708241166469,long_nclose,1.7726770602916173,0.0014219830023116632,2.0
1688145720000.0,260242,1688145720000.0,0.012515011060023751,-0.00017268,1246.6355842473447,1246.6514821759931,-1.2,0.7195,1.3,0.7090708241166469,long_nclose,0.921792071351641,0.0007394238404546845,3.0
1688146440000.0,260254,1688146440000.0,0.01901792864835904,-0.00018816200000000002,1246.654414013993,1246.654414013993,-1.3,0.7237,0.0,0.7090708241166469,long_nclose,0.0,0.0,12.0
1688150280000.0,260318,1688150280000.0,0.0,-0.01247225,1246.641941763993,1246.676941763993,87.5,0.7127,87.5,0.7127,long_ientry_normal,62.36125,0.050023385152403184,64.0
1688150340000.0,260319,1688150340000.0,0.04360000000000004,-0.0031160920000000004,1246.6824256719929,1246.872955671993,-21.8,0.7147,65.7,0.7127,long_nclose,46.82439,0.03755919634044772,1.0
1688150460000.0,260321,1688150460000.0,0.032800000000000024,-0.002344216,1246.7128814559928,1246.8016214559927,-16.4,0.7147,49.3,0.7127,long_nclose,35.136109999999995,0.02818300069135866,2.0
1688150520000.0,260322,1688150520000.0,0.0,-0.005445028000000001,1246.707436427993,1246.742436427993,38.2,0.7127,87.5,0.7127,long_ientry_partial,62.36125,0.05002075721844934,1.0
1688150580000.0,260323,1688150580000.0,0.04360000000000004,-0.0031160920000000004,1246.7479203359928,1246.8399003359928,-21.8,0.7147,65.7,0.7127,long_nclose,46.82439,0.03755722326561495,1.0
1688150640000.0,260324,1688150640000.0,0.0,-0.003107372,1246.744812963993,1246.631062963993,21.8,0.7127,87.5,0.7127,long_ientry_partial,62.36125,0.05001925763119341,1.0
1688150880000.0,260328,1688150880000.0,0.04360000000000004,-0.0031160920000000004,1246.7852968719928,1246.975826871993,-21.8,0.7147,65.7,0.7127,long_nclose,46.82439,0.03755609736293469,4.0
1688151660000.0,260341,1688151660000.0,0.13577999999999962,-0.0031487819999999997,1246.917928089993,1247.185108089993,-21.9,0.7189,43.8,0.7127,long_nclose,31.21626,0.02503473508301907,13.0
1688151840000.0,260344,1688151840000.0,0.09051999999999975,-0.002099188,1247.0063489019929,1247.2019889019928,-14.6,0.7189,29.2,0.7127,long_nclose,20.81084,0.016688639972301862,3.0
1688152020000.0,260347,1688152020000.0,0.06013999999999983,-0.001394666,1247.065094235993,1247.199644235993,-9.7,0.7189,19.5,0.7127,long_nclose,13.89765,0.011144285943240448,3.0
1688152380000.0,260353,1688152380000.0,0.04029999999999989,-0.0009345699999999999,1247.1044596659929,1247.1850596659929,-6.5,0.7189,13.0,0.7127,long_nclose,9.2651,0.00742928944579465,6.0
1688152440000.0,260354,1688152440000.0,0.026659999999999927,-0.0006182539999999999,1247.1305014119928,1247.1844414119928,-4.3,0.7189,8.7,0.7127,long_nclose,6.200489999999999,0.004971805270562981,1.0
1688152560000.0,260356,1688152560000.0,0.01797999999999995,-0.00041696200000000005,1247.148064449993,1247.181704449993,-2.9,0.7189,5.8,0.7127,long_nclose,4.13366,0.0033144901698764955,2.0
1688153760000.0,260376,1688153760000.0,0.011779999999999968,-0.000273182,1247.159571267993,1247.185701267993,-1.9,0.7189,3.9,0.7127,long_nclose,2.77953,0.002228688344326331,20.0
1688154480000.0,260388,1688154480000.0,0.008059999999999979,-0.00018691400000000002,1247.1674443539928,1247.1846043539929,-1.3,0.7189,2.6,0.7127,long_nclose,1.8530200000000001,0.0014857828500805892,12.0
1688155020000.0,260397,1688155020000.0,0.004959999999999987,-0.000115024,1247.1722893299927,1247.1847093299928,-0.8,0.7189,1.8,0.7127,long_nclose,1.2828600000000001,0.0010286149002630418,9.0
1688155440000.0,260404,1688155440000.0,0.009449999999999958,-0.00013017600000000002,1247.1816091539927,1247.1924091539927,-0.9,0.7232,0.9,0.7127,long_nclose,0.6414300000000001,0.0005143036068621191,7.0
1688156460000.0,260421,1688156460000.0,0.0041999999999999815,-5.7855999999999996e-05,1247.1857512979927,1247.1913012979928,-0.4,0.7232,0.5,0.7127,long_nclose,0.35635,0.00028572327708934554,17.0
1688156700000.0,260425,1688156700000.0,0.0020999999999999908,-2.8927999999999998e-05,1247.1878223699928,1247.1910623699928,-0.2,0.7232,0.3,0.7127,long_nclose,0.21381,0.00017143368157147607,4.0
1688157120000.0,260432,1688157120000.0,0.0010499999999999954,-1.4463999999999999e-05,1247.1888579059928,1247.1910579059927,-0.1,0.7232,0.2,0.7127,long_nclose,0.14254,0.00011428902615384332,7.0
1688158320000.0,260452,1688158320000.0,0.0010499999999999954,-1.4463999999999999e-05,1247.1898934419928,1247.1909834419928,-0.1,0.7232,0.1,0.7127,long_nclose,0.07127,5.714446563009676e-05,20.0
1688158440000.0,260454,1688158440000.0,0.0010499999999999954,-1.4463999999999999e-05,1247.1909289779928,1247.1909289779928,-0.1,0.7232,0.0,0.7127,long_nclose,0.0,0.0,2.0
1688185260000.0,260901,1688185260000.0,0.0,-0.01247906,1247.1784499179928,1247.1957699179927,86.6,0.7205,86.6,0.7205,long_ientry_normal,62.3953,0.05002916784210211,447.0
1688186160000.0,260916,1688186160000.0,0.043200000000000044,-0.0031212000000000006,1247.218528717993,1247.387528717993,-21.6,0.7225,65.0,0.7205,long_nclose,46.8325,0.03754955440578549,15.0
1688188860000.0,260961,1688188860000.0,0.0,-0.00309858,1247.215430137993,1247.152730137993,21.5,0.7206,86.5,0.7205248554913295,long_ientry_partial,62.3254,0.04997163961730674,45.0
1688190720000.0,260992,1688190720000.0,0.042663121387283544,-0.0031212000000000006,1247.2549720593804,1247.409118937993,-21.6,0.7225,64.9,0.7205248554913295,long_nclose,46.762063121387285,0.037491983731423435,31.0
1688192880000.0,261028,1688192880000.0,0.03199734104046265,-0.0023409,1247.284628500421,1247.448998037993,-16.2,0.7225,48.7,0.7205248554913295,long_nclose,35.08956046242775,0.028132761088072614,36.0
1688194140000.0,261049,1688194140000.0,0.10165734104046217,-0.0023548320000000003,1247.3839310094613,1247.5976232059932,-16.2,0.7268,32.5,0.7205248554913295,long_nclose,23.417057803468207,0.018772935277847982,21.0
1688194560000.0,261056,1688194560000.0,0.1713173410404617,-0.0023687639999999998,1247.5528795865018,1247.7236244419933,-16.2,0.7311,16.3,0.7205248554913295,long_nclose,11.744555144508672,0.009414074013761544,7.0
1688194620000.0,261057,1688194620000.0,0.08565867052023085,-0.0011843819999999999,1247.637353875022,1247.7257100599932,-8.1,0.7311,8.2,0.7205248554913295,long_nclose,5.908303815028901,0.004735593878043464,1.0
1688194740000.0,261059,1688194740000.0,0.04335809248554894,-0.0005995019999999999,1247.6801124655076,1247.725110557993,-4.1,0.7311,4.1,0.7205248554913295,long_nclose,2.9541519075144507,0.002367715793495201,2.0
1688196480000.0,261088,1688196480000.0,0.02115028901734095,-0.00029244,1247.700970314525,1247.7238081179933,-2.0,0.7311,2.1,0.7205248554913295,long_nclose,1.513102196531792,0.0012127122063152389,29.0
1688196780000.0,261093,1688196780000.0,0.03123780346820817,-0.00030886800000000007,1247.7318992499931,1247.7318992499931,-2.1,0.7354,0.0,0.7205248554913295,long_nclose,0.0,0.0,5.0
1688264280000.0,262218,1688264280000.0,0.0,-0.012478135999999999,1247.7194211139931,1247.8197411139931,83.6,0.7463,83.6,0.7463,long_ientry_normal,62.390679999999996,0.050003774041038916,1125.0
1688264400000.0,262220,1688264400000.0,0.043889999999999804,-0.003128312,1247.760182801993,1247.973362801993,-20.9,0.7484,62.7,0.7463,long_nclose,46.79301,0.037501605392568915,2.0
1688265180000.0,262233,1688265180000.0,0.13585000000000128,-0.0031467039999999997,1247.892886097993,1248.160406097993,-20.9,0.7528,41.8,0.7463,long_nclose,31.195339999999998,0.024998411600489188,13.0
1688265240000.0,262234,1688265240000.0,0.09035000000000086,-0.002092784,1247.9811433139928,1248.1792333139929,-13.9,0.7528,27.9,0.7463,long_nclose,20.821769999999997,0.016684362669701996,1.0
1688268240000.0,262284,1688268240000.0,0.06045000000000057,-0.0014002080000000002,1248.0401931059928,1248.1573731059927,-9.3,0.7528,18.6,0.7463,long_nclose,13.88118,0.011122382177014637,50.0
1688268360000.0,262286,1688268360000.0,0.040300000000000384,-0.0009334720000000001,1248.0795596339926,1248.1626396339927,-6.2,0.7528,12.4,0.7463,long_nclose,9.25412,0.007414687572252069,2.0
1688269140000.0,262299,1688269140000.0,0.0,-0.010635856,1248.0689237779927,1248.0847237779926,71.2,0.7469,83.6,0.7468110047846891,long_ientry_partial,62.433400000000006,0.05002400012573801,13.0
1688269260000.0,262301,1688269260000.0,0.043659999999998186,-0.003130402,1248.1094533759929,1248.2278933759928,-20.9,0.7489,62.7,0.7468110047846891,long_nclose,46.82505000000001,0.037516781780110406,2.0
1688269320000.0,262302,1688269320000.0,0.03258832535885032,-0.0023365680000000002,1248.1397051333518,1248.214546807993,-15.6,0.7489,47.1,0.7468110047846891,long_nclose,35.17479832535886,0.028181779796517866,1.0
1688269560000.0,262306,1688269560000.0,0.0,-0.00545237,1248.1342527633517,1248.1802444379928,36.5,0.7469,83.6,0.7468498603511826,long_ientry_partial,62.43664832535886,0.05002398434873893,4.0
1688270940000.0,262329,1688270940000.0,0.042847918660283556,-0.003130402,1248.173970280012,1248.3087840359929,-20.9,0.7489,62.7,0.7468498603511826,long_nclose,46.827486244019155,0.037516794420503735,23.0
1688271000000.0,262330,1688271000000.0,0.13689791866028247,-0.0031492119999999998,1248.3077189866724,1248.915914823993,-20.9,0.7534,41.8,0.7468498603511826,long_nclose,31.21832416267943,0.025008516480232335,1.0
1688271000000.0,262330,1688271000000.0,0.22885791866028393,-0.003167604,1248.5334093013325,1248.8375072199929,-20.9,0.7578,20.9,0.7468498603511826,long_nclose,15.609162081339715,0.01250199791615865,0.0
1688271060000.0,262331,1688271060000.0,0.32290791866028284,-0.003186414,1248.8531308059928,1248.8531308059928,-20.9,0.7623,0.0,0.7468498603511826,long_nclose,0.0,0.0,1.0
1688275080000.0,262398,1688275080000.0,0.0,-0.012484920000000002,1248.840645885993,1248.8907458859928,83.5,0.7476,83.5,0.7476,long_ientry_normal,62.424600000000005,0.04998604121802324,67.0
1688276040000.0,262414,1688276040000.0,0.04367999999999981,-0.0031187520000000002,1248.8812071339928,1249.0191471339929,-20.8,0.7497,62.7,0.7476,long_nclose,46.874520000000004,0.03753320950963018,16.0
1688277840000.0,262444,1688277840000.0,0.13584999999999894,-0.0031521379999999996,1249.0139049959928,1249.2772449959928,-20.9,0.7541,41.8,0.7476,long_nclose,31.249679999999998,0.025019481268385282,30.0
1688277900000.0,262445,1688277900000.0,0.0903499999999993,-0.002096398,1249.1021585979927,1249.2639785979927,-13.9,0.7541,27.9,0.7476,long_nclose,20.85804,0.016698426030590897,1.0
1688279160000.0,262466,1688279160000.0,0.06044999999999954,-0.0014026260000000001,1249.1612059719926,1249.2821059719925,-9.3,0.7541,18.6,0.7476,long_nclose,13.905360000000002,0.011131757801572148,21.0
1688279220000.0,262467,1688279220000.0,0.04029999999999969,-0.000935084,1249.2005708879924,1249.2886108879925,-6.2,0.7541,12.4,0.7476,long_nclose,9.270240000000001,0.007420938011107587,1.0
1688279580000.0,262473,1688279580000.0,0.026649999999999795,-0.000618362,1249.2266025259923,1249.2921725259923,-4.1,0.7541,8.3,0.7476,long_nclose,6.205080000000001,0.004967137257126169,6.0
1688283540000.0,262539,1688283540000.0,0.017549999999999868,-0.00040721400000000004,1249.2437453119924,1249.2807053119923,-2.7,0.7541,5.6,0.7476,long_nclose,4.18656,0.003351275534266876,66.0
1688283900000.0,262545,1688283900000.0,0.01169999999999991,-0.00027147600000000004,1249.2551738359923,1249.2813938359923,-1.8,0.7541,3.8,0.7476,long_nclose,2.84088,0.002274059022927019,6.0
1688284560000.0,262556,1688284560000.0,0.00779999999999994,-0.000180984,1249.2627928519923,1249.2812528519923,-1.2,0.7541,2.6,0.7476,long_nclose,1.9437600000000002,0.001555925631597906,11.0
1688286600000.0,262590,1688286600000.0,0.005199999999999961,-0.00012065600000000002,1249.2678721959924,1249.2799321959924,-0.8,0.7541,1.8,0.7476,long_nclose,1.3456800000000002,0.0010771749037574562,34.0
1688287260000.0,262601,1688287260000.0,0.0008399999999999963,-5.997600000000001e-05,1249.2686522199922,1249.2717322199921,-0.4,0.7497,1.4,0.7476,long_nclose,1.04664,0.0008378021798114327,11.0
1688287800000.0,262610,1688287800000.0,0.0,-0.01227868,1249.2563735399922,1249.2912735399923,82.0,0.7487,83.4,0.7486815347721822,long_ientry_partial,62.44004,0.049981766211098,9.0
1688288760000.0,262626,1688288760000.0,0.04406407673860979,-0.0031233280000000003,1249.2973142887308,1249.4174102119923,-20.8,0.7508,62.6,0.7486815347721822,long_nclose,46.86746407673861,0.03751506029885441,16.0
1688288820000.0,262627,1688288820000.0,0.033048057553957344,-0.002342496,1249.3280198502848,1249.4604877159923,-15.6,0.7508,47.0,0.7486815347721822,long_nclose,35.18803213429256,0.02816556706901473,1.0
1688291040000.0,262664,1688291040000.0,0.10168805755395671,-0.002356224,1249.4273516838387,1249.5880714919922,-15.6,0.7552,31.4,0.7486815347721822,long_nclose,23.508600191846522,0.018815499884938695,37.0
1688291820000.0,262677,1688291820000.0,0.0,-0.00778856,1249.4195631238385,1249.4848029319921,52.0,0.7489,83.4,0.7488177481036753,long_ientry_partial,62.451400191846524,0.0499843303523306,13.0
1688292000000.0,262680,1688292000000.0,0.04331083944355409,-0.0031237440000000003,1249.4597502192821,1249.583839187992,-20.8,0.7509,62.6,0.7488177481036753,long_nclose,46.87599103129008,0.03751700766916523,3.0
1688292060000.0,262681,1688292060000.0,0.03248312958266557,-0.002342808,1249.4898905408647,1249.573656379992,-15.6,0.7509,47.0,0.7488177481036753,long_nclose,35.19443416087274,0.02816704194832515,1.0
1688292120000.0,262682,1688292120000.0,0.024362347186999176,-0.001757106,1249.5124957820517,1249.600119273992,-11.7,0.7509,35.3,0.7488177481036753,long_nclose,26.433266508059734,0.021154863674665004,1.0
1688299380000.0,262803,1688299380000.0,0.07701234718699856,-0.001767636,1249.5877404932387,1249.750161637992,-11.7,0.7554,23.6,0.7488177481036753,long_nclose,17.672098855246738,0.014142343336588103,121.0
1688300220000.0,262817,1688300220000.0,0.05134156479133238,-0.001178424,1249.63790363403,1249.7340032139919,-7.8,0.7554,15.8,0.7488177481036753,long_nclose,11.83132042003807,0.00946779894050253,14.0
1688303760000.0,262876,1688303760000.0,0.008120782395666392,-0.000585702,1249.6454387144256,1249.6737875119918,-3.9,0.7509,11.9,0.7488177481036753,long_nclose,8.910931202433737,0.0071307675972481195,59.0
1688303880000.0,262878,1688303880000.0,0.006038530499341677,-0.00043552200000000004,1249.651041722925,1249.6697819899919,-2.9,0.7509,9.0,0.7488177481036753,long_nclose,6.739359732933078,0.0053929933300750545,2.0
1688304180000.0,262883,1688304180000.0,0.0,-0.011142028000000002,1249.639899694925,1249.6237499619917,74.3,0.7498,83.3,0.749693874344935,long_ientry_partial,62.44949973293308,0.049973996307399356,5.0
1688310180000.0,262983,1688310180000.0,0.0438074136253535,-0.0031274880000000003,1249.6805796205501,1249.7934624739917,-20.8,0.7518,62.5,0.749693874344935,long_nclose,46.85586714655843,0.03749427486565057,100.0
1688310300000.0,262985,1688310300000.0,0.032855560219015124,-0.002345616,1249.7110895647693,1249.7957968579917,-15.6,0.7518,46.9,0.749693874344935,long_nclose,35.160642706777445,0.02813501696541932,2.0
1688310900000.0,262995,1688310900000.0,0.02464167016426134,-0.0017592119999999998,1249.7339720229336,1249.8151476459918,-11.7,0.7518,35.2,0.749693874344935,long_nclose,26.389224376941712,0.021115873432027858,10.0
1688311380000.0,263003,1688311380000.0,0.0,-0.007223252000000001,1249.7267487709337,1249.054024393992,48.2,0.7493,83.4,0.7494662395316751,long_ientry_partial,62.50548437694171,0.0500153208998798,8.0
1688314500000.0,263055,1688314500000.0,0.04438221774115832,-0.0031266560000000002,1249.768004332675,1249.964177737992,-20.8,0.7516,62.6,0.7494662395316751,long_nclose,46.91658659468286,0.03754023661354205,52.0
1688314620000.0,263057,1688314620000.0,0.033286663305868734,-0.002344992,1249.798946003981,1250.0073327459922,-15.6,0.7516,47.0,0.7494662395316751,long_nclose,35.22491325798873,0.02818446388566288,2.0
1688314920000.0,263062,1688314920000.0,0.02496499747940155,-0.0017587440000000002,1249.8221522574604,1249.8586440019922,-11.7,0.7516,35.3,0.7494662395316751,long_nclose,26.45615825546813,0.021167938340412952,5.0
1688315520000.0,263072,1688315520000.0,0.01877709212125929,-0.0013228160000000003,1249.8396065335817,1249.9014511859923,-8.8,0.7516,26.5,0.7494662395316751,long_nclose,19.86085534758939,0.01589072329262575,10.0
1688315640000.0,263074,1688315640000.0,0.014082819090944464,-0.000992112,1249.8526972406726,1249.9011290739923,-6.6,0.7516,19.9,0.7494662395316751,long_nclose,14.914378166680335,0.011932908733650884,2.0
1688316960000.0,263096,1688316960000.0,0.043122819090944196,-0.00099792,1249.8948221397636,1249.9777311539924,-6.6,0.756,13.3,0.7494662395316751,long_nclose,9.96790098577128,0.007974991822677274,22.0
1688317200000.0,263100,1688317200000.0,0.028748546060629467,-0.0006652800000000001,1249.9229054058242,1249.9810558739923,-4.4,0.756,8.9,0.7494662395316751,long_nclose,6.670249531831909,0.005336528759480743,4.0
1688317260000.0,263101,1688317260000.0,0.018947905358142145,-0.00043848000000000004,1249.9414148311823,1249.9818173939923,-2.9,0.756,6.0,0.7494662395316751,long_nclose,4.49679743719005,0.0035976065628623003,1.0
1688319180000.0,263133,1688319180000.0,0.0,-0.011602260000000001,1249.9298125711823,1249.8966551339922,77.4,0.7495,83.4,0.7494975711893291,long_ientry_partial,62.50809743719005,0.05000928596831134,32.0
1688320200000.0,263150,1688320200000.0,0.043730519261954905,-0.0031266560000000002,1249.9704164344444,1250.1208084779923,-20.8,0.7516,62.6,0.7494975711893291,long_nclose,46.918547956452,0.03753572671766723,17.0
1688320320000.0,263152,1688320320000.0,0.0,-0.00311792,1249.9672985144443,1249.8840505579924,20.8,0.7495,83.4,0.7494981769358753,long_ientry_partial,62.508147956452,0.050007826629337754,2.0
1688324580000.0,263223,1688324580000.0,0.04371791973379509,-0.0031266560000000002,1250.0078897781782,1250.1081639019924,-20.8,0.7516,62.6,0.7494981769358753,long_nclose,46.918585876185794,0.03753463178901358,71.0
1688324760000.0,263226,1688324760000.0,0.0,-0.0031166720000000005,1250.0047731061782,1250.0278072299923,20.8,0.7492,83.4,0.7494238114650574,long_ientry_partial,62.50194587618579,0.05000136577148633,3.0
1688326200000.0,263250,1688326200000.0,0.04318472152680428,-0.00312624,1250.044831587705,1250.1998409899923,-20.8,0.7515,62.6,0.7494238114650574,long_nclose,46.91393059771259,0.037529798461809045,24.0
1688326740000.0,263259,1688326740000.0,0.03238854114510321,-0.0023446799999999996,1250.07487544885,1250.1630563099923,-15.6,0.7515,47.0,0.7494238114650574,long_nclose,35.2229191388577,0.028176647519782053,9.0
1688326800000.0,263260,1688326800000.0,0.024291405858827407,-0.0017585099999999998,1250.0974083447088,1250.1883477999922,-11.7,0.7515,35.3,0.7494238114650574,long_nclose,26.454660544716525,0.021162079345277522,1.0
1688328120000.0,263282,1688328120000.0,0.01827045910749412,-0.0013226400000000001,1250.1143561638164,1250.1799751599924,-8.8,0.7515,26.5,0.7494238114650574,long_nclose,19.85973100382402,0.015886331443122455,22.0
1688328480000.0,263288,1688328480000.0,0.0,-0.008527034,1250.1058291298164,1250.1275681259924,56.9,0.7493,83.4,0.7493393405734295,long_ientry_partial,62.494901003824026,0.04999168834155903,6.0
1688330340000.0,263319,1688330340000.0,0.042861716072664535,-0.003125824,1250.1455650218888,1250.274562301992,-20.8,0.7514,62.6,0.7493393405734295,long_nclose,46.90864271989669,0.03752254459989655,31.0
1688330400000.0,263320,1688330400000.0,0.0321462870544984,-0.002344368,1250.1753669409434,1250.2957179339921,-15.6,0.7514,47.0,0.7493393405734295,long_nclose,35.21894900695119,0.028171206966850187,1.0
1688333040000.0,263364,1688333040000.0,0.0241097152908738,-0.0017582759999999998,1250.1977183802344,1250.2633996579923,-11.7,0.7514,35.3,0.7493393405734295,long_nclose,26.45167872224206,0.021157996317984852,44.0
1688333100000.0,263365,1688333100000.0,0.01813380295381961,-0.0013224640000000002,1250.2145297191882,1250.2903371939924,-8.8,0.7514,26.5,0.7493393405734295,long_nclose,19.857492525195884,0.01588326807372499,1.0
1688334900000.0,263395,1688334900000.0,0.013600352215364708,-0.000991848,1250.2271382234037,1250.2761053459924,-6.6,0.7514,19.9,0.7493393405734295,long_nclose,14.911852877411247,0.011927314982620894,30.0
1688336160000.0,263416,1688336160000.0,0.0433003522153651,-0.0009977879999999999,1250.269440787619,1250.3593575579923,-6.6,0.7559,13.3,0.7493393405734295,long_nclose,9.966213229626614,0.007971252359290094,21.0
1688336700000.0,263425,1688336700000.0,0.07300035221536476,-0.001003728,1250.3414374118345,1250.4195638299925,-6.6,0.7604,6.7,0.7493393405734295,long_nclose,5.020573581841978,0.004015362069607482,9.0
1688336820000.0,263427,1688336820000.0,0.10358641815802228,-0.0010248320000000003,1250.4439989979926,1250.4439989979926,-6.7,0.7648,0.0,0.7493393405734295,long_nclose,0.0,0.0,2.0
1688365860000.0,263911,1688365860000.0,0.0,-0.012504662000000001,1250.4314943359925,1250.4561843359925,82.3,0.7597,82.3,0.7597,long_ientry_normal,62.52331,0.05000138774751615,484.0
1688366100000.0,263915,1688366100000.0,0.04304999999999981,-0.0031233800000000003,1250.4714209559925,1250.6321009559924,-20.5,0.7618,61.8,0.7597,long_nclose,46.94946,0.03754540824620116,4.0
1688368560000.0,263956,1688368560000.0,0.13595999999999875,-0.0031571560000000004,1250.6042237999925,1250.8885037999926,-20.6,0.7663,41.2,0.7597,long_nclose,31.299640000000004,0.025027614175886323,41.0
1688369940000.0,263979,1688369940000.0,0.23071999999999976,-0.0031761080000000004,1250.8317676919926,1251.0666076919927,-20.6,0.7709,20.6,0.7597,long_nclose,15.649820000000002,0.012511530650422084,23.0
1688370180000.0,263983,1688370180000.0,0.11535999999999988,-0.0015880540000000002,1250.9455396379926,1251.0619296379925,-10.3,0.7709,10.3,0.7597,long_nclose,7.824910000000001,0.006255196371110151,4.0
1688370360000.0,263986,1688370360000.0,0.057119999999999935,-0.000786318,1251.0018733199925,1251.0632333199924,-5.1,0.7709,5.2,0.7597,long_nclose,3.9504400000000004,0.0031578210107040517,3.0
1688370960000.0,263996,1688370960000.0,0.02911999999999997,-0.000400868,1251.0305924519923,1251.0597124519923,-2.6,0.7709,2.6,0.7597,long_nclose,1.9752200000000002,0.0015788742592845893,10.0
1688371020000.0,263997,1688371020000.0,0.014559999999999984,-0.000200434,1251.0449520179925,1251.0601620179925,-1.3,0.7709,1.3,0.7597,long_nclose,0.9876100000000001,0.0007894280684374612,1.0
1688371440000.0,264004,1688371440000.0,0.0067199999999999925,-9.2508e-05,1251.0515795099925,1251.0596295099924,-0.6,0.7709,0.7,0.7597,long_nclose,0.53179,0.00042507440037627353,7.0
1688371560000.0,264006,1688371560000.0,0.0033599999999999962,-4.6254e-05,1251.0548932559925,1251.0593732559926,-0.3,0.7709,0.4,0.7597,long_nclose,0.30388000000000004,0.0002428990139746168,2.0
1688371680000.0,264008,1688371680000.0,0.0022399999999999976,-3.0836e-05,1251.0571024199926,1251.0594024199927,-0.2,0.7709,0.2,0.7597,long_nclose,0.15194000000000002,0.00012144929252717053,2.0
1688372820000.0,264027,1688372820000.0,0.0011199999999999988,-1.5418e-05,1251.0582070019925,1251.0593770019925,-0.1,0.7709,0.1,0.7597,long_nclose,0.07597000000000001,6.072459264869281e-05,19.0
1688373000000.0,264030,1688373000000.0,0.0011199999999999988,-1.5418e-05,1251.0593115839924,1251.0593115839924,-0.1,0.7709,0.0,0.7597,long_nclose,0.0,0.0,3.0
1688386740000.0,264259,1688386740000.0,0.0,-0.012509406000000002,1251.0468021779925,1251.1123221779926,81.9,0.7637,81.9,0.7637,long_ientry_normal,62.54703000000001,0.04999575546742906,229.0
1688386800000.0,264260,1688386800000.0,0.04283999999999981,-0.0031244640000000004,1251.0865177139926,1251.2464177139927,-20.4,0.7658,61.5,0.7637,long_nclose,46.96755,0.037541408475746295,1.0
1688386920000.0,264262,1688386920000.0,0.03212999999999986,-0.0023433480000000003,1251.1163043659926,1251.2087043659926,-15.3,0.7658,46.2,0.7637,long_nclose,35.28294,0.028201167131204283,2.0
1688387040000.0,264264,1688387040000.0,0.024149999999999894,-0.0017613400000000003,1251.1386930259926,1251.2219730259926,-11.5,0.7658,34.7,0.7637,long_nclose,26.500390000000003,0.02118101705887331,2.0
1688387400000.0,264270,1688387400000.0,0.01805999999999992,-0.0013171760000000002,1251.1554358499927,1251.2154658499928,-8.6,0.7658,26.1,0.7637,long_nclose,19.932570000000002,0.01593132989623986,6.0
1688387580000.0,264273,1688387580000.0,0.01364999999999994,-0.00099554,1251.1680903099927,1251.2112103099928,-6.5,0.7658,19.6,0.7637,long_nclose,14.968520000000002,0.011963636313879585,3.0
1688388900000.0,264295,1688388900000.0,0.010289999999999955,-0.000750484,1251.1776298259927,1251.2129098259927,-4.9,0.7658,14.7,0.7637,long_nclose,11.22639,0.008972658823480811,22.0
1688389020000.0,264297,1688389020000.0,0.007559999999999967,-0.0005513760000000001,1251.1846384499927,1251.2157184499927,-3.6,0.7658,11.1,0.7637,long_nclose,8.47707,0.006775235036854083,2.0
1688391000000.0,264330,1688391000000.0,0.005669999999999975,-0.00041353200000000004,1251.1898949179927,1251.2125749179927,-2.7,0.7658,8.4,0.7637,long_nclose,6.415080000000001,0.005127183352468226,33.0
1688391180000.0,264333,1688391180000.0,0.0,-0.011229330000000001,1251.1786655879926,1251.0820655879925,73.5,0.7639,81.9,0.7638794871794872,long_ientry_partial,62.561730000000004,0.050002235268772795,3.0
1688391600000.0,264340,1688391600000.0,0.043258461538461995,-0.00312528,1251.218798769531,1251.3492103079925,-20.4,0.766,61.5,0.7638794871794872,long_nclose,46.978588461538465,0.03754626169918321,7.0
1688391720000.0,264342,1688391720000.0,0.0324438461538465,-0.0023439600000000004,1251.248898655685,1251.3792063479927,-15.3,0.766,46.2,0.7638794871794872,long_nclose,35.29123230769231,0.02820480589082512,2.0
1688392560000.0,264356,1688392560000.0,0.024385897435897697,-0.0017618000000000002,1251.271522753121,1251.3589845479928,-11.5,0.766,34.7,0.7638794871794872,long_nclose,26.506618205128206,0.021183746072001054,14.0
1688392980000.0,264363,1688392980000.0,0.01823641025641045,-0.0013175200000000002,1251.2884416433774,1251.3542270279927,-8.6,0.766,26.1,0.7638794871794872,long_nclose,19.937254615384617,0.015933380307741083,7.0
1688393820000.0,264377,1688393820000.0,0.058468461538461185,-0.0013408439999999999,1251.345569260916,1251.4590261839928,-8.7,0.7706,17.4,0.7638794871794872,long_nclose,13.291503076923076,0.01062176860127731,14.0
1688394180000.0,264383,1688394180000.0,0.03897897435897413,-0.000893896,1251.383654339275,1251.4592922879929,-5.8,0.7706,11.6,0.7638794871794872,long_nclose,8.861002051282052,0.007080963556264942,6.0
1688394240000.0,264384,1688394240000.0,0.025537948717948566,-0.0005856559999999999,1251.4086066319928,1251.4719466319928,-3.8,0.7706,7.8,0.7638794871794872,long_nclose,5.95826,0.004761242625648788,1.0
1688395200000.0,264400,1688395200000.0,0.01747333333333323,-0.00040071199999999995,1251.425679253326,1251.4616659199928,-2.6,0.7706,5.2,0.7638794871794872,long_nclose,3.9721733333333336,0.00317411844681289,16.0
1688395800000.0,264410,1688395800000.0,0.011424871794871727,-0.000262004,1251.436842121121,1251.4621139159926,-1.7,0.7706,3.5,0.7638794871794872,long_nclose,2.673578205128205,0.002136406820656349,10.0
1688395920000.0,264412,1688395920000.0,0.00739256410256406,-0.000169532,1251.4440651532234,1251.4616343839925,-1.1,0.7706,2.4,0.7638794871794872,long_nclose,1.833310769230769,0.0014649562216001268,2.0
1688396460000.0,264421,1688396460000.0,0.013464615384615408,-0.000186024,1251.4573437446081,1251.4720083599927,-1.2,0.7751,1.2,0.7638794871794872,long_nclose,0.9166553846153845,0.000732470338839173,9.0
1688396580000.0,264423,1688396580000.0,0.006732307692307704,-9.3012e-05,1251.4639830403005,1251.4713153479927,-0.6,0.7751,0.6,0.7638794871794872,long_nclose,0.45832769230769227,0.0003662332264602879,2.0
1688397000000.0,264430,1688397000000.0,0.003366153846153852,-4.6506e-05,1251.4673026881467,1251.470638841993,-0.3,0.7751,0.3,0.7638794871794872,long_nclose,0.22916384615384613,0.00018311612749418474,7.0
1688397060000.0,264431,1688397060000.0,0.001122051282051284,-1.5502e-05,1251.4684092374287,1251.4707933399927,-0.1,0.7751,0.2,0.7638794871794872,long_nclose,0.15277589743589745,0.00012207731038851402,1.0
1688397660000.0,264441,1688397660000.0,0.001122051282051284,-1.5502e-05,1251.4695157867106,1251.4706878379927,-0.1,0.7751,0.1,0.7638794871794872,long_nclose,0.07638794871794873,6.10386012238812e-05,10.0
1688397840000.0,264444,1688397840000.0,0.001122051282051284,-1.5502e-05,1251.4706223359926,1251.4706223359926,-0.1,0.7751,0.0,0.7638794871794872,long_nclose,0.0,0.0,3.0
1688415420000.0,264737,1688415420000.0,0.0,-0.012515140000000001,1251.4581071959926,1251.5885071959926,81.5,0.7678,81.5,0.7678,long_ientry_normal,62.575700000000005,0.05000223310727247,293.0
1688415540000.0,264739,1688415540000.0,0.042629999999999814,-0.0031257940000000003,1251.4976114019926,1251.6383714019926,-20.3,0.7699,61.2,0.7678,long_nclose,46.989360000000005,0.037546503942073116,2.0
1688417280000.0,264768,1688417280000.0,0.0,-0.0031176740000000004,1251.4944937279927,1251.5250637279926,20.3,0.7679,81.5,0.7678249079754602,long_ientry_partial,62.57773000000001,0.050002401379802656,29.0
1688417580000.0,264773,1688417580000.0,0.04415436809815803,-0.0031262,1251.5355218960908,1251.6563975279926,-20.3,0.77,61.2,0.7678249079754602,long_nclose,46.990884368098165,0.03754658461224211,5.0
1688417880000.0,264778,1688417880000.0,0.03327890797545901,-0.0023562,1251.5664446040664,1251.6800513279927,-15.3,0.77,45.9,0.7678249079754602,long_nclose,35.24316327607362,0.02815924270582599,5.0
1688418360000.0,264786,1688418360000.0,0.02479604907975377,-0.0017556000000000002,1251.589485053146,1251.6714257279928,-11.4,0.77,34.5,0.7678249079754602,long_nclose,26.48995932515338,0.021165054230244302,8.0
1688419020000.0,264797,1688419020000.0,0.0,-0.0072182600000000015,1251.5822667931461,1251.5767074679927,47.0,0.7679,81.5,0.7678682125785691,long_ientry_partial,62.58125932515338,0.05000171461801035,11.0
1688427840000.0,264944,1688427840000.0,0.04327528465504812,-0.0031262,1251.6224158778011,1251.8569212679927,-20.3,0.77,61.2,0.7678682125785691,long_nclose,46.99353460980843,0.03754609538280794,147.0
1688428800000.0,264960,1688428800000.0,0.13732846339718993,-0.0031603679999999998,1251.7565839731983,1252.0516408999927,-20.4,0.7746,40.8,0.7678682125785691,long_nclose,31.329023073205615,0.025028047365058963,16.0
1688429640000.0,264974,1688429640000.0,0.021744231698595604,-0.0015708,1251.776757404897,1251.8664700999927,-10.2,0.77,30.6,0.7678682125785691,long_nclose,23.496767304904214,0.01877073301282267,14.0
1688430780000.0,264993,1688430780000.0,0.06866423169859497,-0.0015801839999999999,1251.8438414525956,1251.9893299159928,-10.2,0.7746,20.4,0.7678682125785691,long_nclose,15.664511536602808,0.012513151415456307,19.0
1688431440000.0,265004,1688431440000.0,0.045776154465729975,-0.001053456,1251.8885641510615,1251.988276459993,-6.8,0.7746,13.6,0.7678682125785691,long_nclose,10.443007691068539,0.008341802928881467,11.0
1688431740000.0,265009,1688431740000.0,0.030293043396438957,-0.00069714,1251.9181600544578,1251.9721393199927,-4.5,0.7746,9.1,0.7678682125785691,long_nclose,6.987600734464978,0.005581515595365292,5.0
1688431860000.0,265011,1688431860000.0,0.020195362264292638,-0.00046476,1251.937890656722,1251.9801745599927,-3.0,0.7746,6.1,0.7678682125785691,long_nclose,4.683996096729271,0.003741396543459687,2.0
1688433600000.0,265040,1688433600000.0,0.013463574842861759,-0.00030984,1251.951044391565,1251.9794647199928,-2.0,0.7746,4.1,0.7678682125785691,long_nclose,3.148259671572133,0.0025146827311463716,29.0
1688434080000.0,265048,1688434080000.0,0.008751323647860144,-0.000201396,1251.9595943192128,1251.9812433239929,-1.3,0.7746,2.8,0.7678682125785691,long_nclose,2.150030995219993,0.0017173325760478167,8.0
1688434320000.0,265052,1688434320000.0,0.006058608679287792,-0.000139428,1251.965513499892,1251.9792538959928,-0.9,0.7746,1.9,0.7678682125785691,long_nclose,1.458949603899281,0.0011653273098719478,4.0
1688434860000.0,265061,1688434860000.0,0.0008527149685723768,-6.16e-05,1251.9663046148605,1251.9714522959928,-0.4,0.77,1.5,0.7678682125785691,long_nclose,1.1518023188678537,0.0009199946632926194,9.0
1688435220000.0,265067,1688435220000.0,0.0,-0.012289600000000001,1251.9540150148605,1251.6854126959927,80.0,0.7681,81.5,0.7680957339738387,long_ientry_partial,62.59980231886785,0.050001678630444586,6.0
1688436120000.0,265082,1688436120000.0,0.04271660033107473,-0.003127012,1251.9936046031914,1252.1346256839925,-20.3,0.7702,61.2,0.7680957339738387,long_nclose,47.00745891919893,0.03754608549625742,15.0
1688437320000.0,265102,1688437320000.0,0.03219527020026815,-0.0023568120000000002,1252.0234430613916,1252.1292088719924,-15.3,0.7702,45.9,0.7680957339738387,long_nclose,35.2555941893992,0.0281588930181641,20.0
1688437620000.0,265107,1688437620000.0,0.02398863269823901,-0.001756056,1252.04567563809,1252.1113728159926,-11.4,0.7702,34.5,0.7680957339738387,long_nclose,26.499302822097434,0.0211648051965775,5.0
1688437740000.0,265109,1688437740000.0,0.01809668782498732,-0.0013247439999999999,1252.062447581915,1252.1298980719926,-8.6,0.7702,25.9,0.7680957339738387,long_nclose,19.89367950992242,0.015888727873232453,2.0
1688438160000.0,265116,1688438160000.0,0.0,-0.008542384,1252.053905197915,1252.1218056879925,55.6,0.7682,81.5,0.7681668651524224,long_ientry_partial,62.60559950992243,0.0500023195886492,7.0
1688439000000.0,265130,1688439000000.0,0.04330263740582529,-0.0031274180000000003,1252.0940804173206,1252.2307482699923,-20.3,0.7703,61.2,0.7681668651524224,long_nclose,47.01181214732825,0.03754654932292253,14.0
1688439300000.0,265135,1688439300000.0,0.03263696316793729,-0.0023571180000000005,1252.1243602624886,1252.2544011519924,-15.3,0.7703,45.9,0.7681668651524224,long_nclose,35.25885911049619,0.028159231007297638,5.0
1688439780000.0,265143,1688439780000.0,0.0,-0.005469584,1252.1188906784887,1252.1122615679926,35.6,0.7682,81.5,0.7681813387790943,long_ientry_partial,62.60677911049619,0.05000066653141165,8.0
1688439960000.0,265146,1688439960000.0,0.04300882278438467,-0.0031274180000000003,1252.158772083273,1252.2945541499926,-20.3,0.7703,61.2,0.7681813387790943,long_nclose,47.01269793328058,0.0375453169210031,3.0
1688440080000.0,265148,1688440080000.0,0.0,-0.0031188920000000003,1252.1556531912731,1252.0752952579926,20.3,0.7682,81.5,0.768185986911418,long_ientry_partial,62.60715793328057,0.049999501079373405,2.0
1688440920000.0,265162,1688440920000.0,0.04291446569821349,-0.0031274180000000003,1252.1954402389713,1252.3309378399924,-20.3,0.7703,61.2,0.768185986911418,long_nclose,47.012982398978785,0.037544444651552746,14.0
1688441160000.0,265166,1688441160000.0,0.03234440025530377,-0.0023571180000000005,1252.2254275212267,1252.3454107219927,-15.3,0.7703,45.9,0.768185986911418,long_nclose,35.25973679923408,0.028157659175657004,4.0
1688441940000.0,265179,1688441940000.0,0.10272440025530451,-0.0023711940000000005,1252.325780727482,1252.5648895279926,-15.3,0.7749,30.6,0.768185986911418,long_nclose,23.506491199489393,0.018770268536541953,13.0
1688444460000.0,265221,1688444460000.0,0.0,-0.007825366,1252.317955361482,1252.3173841619928,50.9,0.7687,81.5,0.7685070085826919,long_ientry_partial,62.633321199489394,0.05001391294546301,42.0
1688444640000.0,265224,1688444640000.0,0.042487725771352604,-0.003128636,1252.3573144512534,1252.5343655259926,-20.3,0.7706,61.2,0.7685070085826919,long_nclose,47.03262892526075,0.03755527945781918,3.0
1688445900000.0,265245,1688445900000.0,0.0,-0.0031209220000000004,1252.3541935292533,1252.3904546039926,20.3,0.7687,81.5,0.7685550788375553,long_ientry_partial,62.63723892526075,0.05001559402994695,21.0
1688452320000.0,265352,1688452320000.0,0.043541899597629476,-0.0031290420000000007,1252.394606386851,1252.5564755619926,-20.3,0.7707,61.2,0.7685550788375553,long_nclose,47.03557082485838,0.03755651021250854,107.0
1688453460000.0,265371,1688453460000.0,0.0,-0.00312011,1252.3914862768509,1252.2821654519926,20.3,0.7685,81.5,0.7685413598142132,long_ientry_partial,62.63612082485838,0.05001321193188963,19.0
1688457600000.0,265440,1688457600000.0,0.043820395771472447,-0.0031290420000000007,1252.4321776306224,1252.1726064099926,-20.3,0.7707,61.2,0.7685413598142132,long_nclose,47.03473122062985,0.03755471318982809,69.0
1688457660000.0,265441,1688457660000.0,0.0,-0.003164202,1252.4290134286223,1252.0793522079925,20.7,0.7643,81.9,0.7674693677732582,long_ientry_partial,62.85574122062985,0.05018706892501424,1.0
1688466660000.0,265591,1688466660000.0,0.043464897425530724,-0.003139968,1252.469338358048,1252.6126722399927,-20.4,0.7696,61.5,0.7674693677732582,long_nclose,47.19936611805538,0.03768504718840656,150.0
1688466900000.0,265595,1688466900000.0,0.03259867306914804,-0.002354976,1252.499582055117,1252.5980172639925,-15.3,0.7696,46.2,0.7674693677732582,long_nclose,35.45708479112454,0.02830905917984109,4.0
1688466960000.0,265596,1688466960000.0,0.024502270607529575,-0.0017700799999999998,1252.5223142457246,1252.6101271839925,-11.5,0.7696,34.7,0.7674693677732582,long_nclose,26.631187061732064,0.021262046000170065,1.0
1688467200000.0,265600,1688467200000.0,0.0,-0.00720604,1252.5151082057246,1252.6320011439925,47.0,0.7666,81.7,0.7669692418816654,long_ientry_partial,62.661387061732064,0.05002844808115479,4.0
1688467440000.0,265604,1688467440000.0,0.04346746561402645,-0.003137928,1252.5554377433386,1252.6921832159926,-20.4,0.7691,61.3,0.7669692418816654,long_nclose,47.01521452734609,0.0375354360458894,4.0
1688469780000.0,265643,1688469780000.0,0.032600599210519846,-0.0023534460000000004,1252.5856848965493,1252.6974997699926,-15.3,0.7691,46.0,0.7669692418816654,long_nclose,35.28058512655661,0.02816620495664568,39.0
1688470140000.0,265649,1688470140000.0,0.024503718360848248,-0.00176893,1252.6084196849101,1252.6922808399927,-11.5,0.7691,34.5,0.7669692418816654,long_nclose,26.460438844917455,0.021124270305937668,6.0
1688470920000.0,265662,1688470920000.0,0.0774037183608488,-0.0017795100000000002,1252.6840438932709,1252.8388513299926,-11.5,0.7737,23.0,0.7669692418816654,long_nclose,17.640292563278305,0.014081996692839861,13.0
1688471100000.0,265665,1688471100000.0,0.051153761699343554,-0.001176024,1252.7340216309703,1252.8392153059926,-7.6,0.7737,15.4,0.7669692418816654,long_nclose,11.811326324977648,0.009428439015011458,3.0
1688471880000.0,265678,1688471880000.0,0.03432686640350686,-0.0007891740000000001,1252.767559323374,1252.8451261319929,-5.1,0.7737,10.3,0.7669692418816654,long_nclose,7.899783191381154,0.006305865068574945,13.0
1688472780000.0,265693,1688472780000.0,0.02288457760233791,-0.0005261160000000001,1252.7899177849763,1252.8405000159928,-3.4,0.7737,6.9,0.7669692418816654,long_nclose,5.2920877689834915,0.0042242419849133905,15.0
1688473020000.0,265697,1688473020000.0,0.01548074367216976,-0.000355902,1252.8050426266486,1252.836924113993,-2.3,0.7737,4.6,0.7669692418816654,long_nclose,3.5280585126556603,0.0028161273243749747,4.0
1688473320000.0,265702,1688473320000.0,0.010096137177502018,-0.00023211000000000005,1252.814906653826,1252.836082003993,-1.5,0.7737,3.1,0.7669692418816654,long_nclose,2.3776046498331627,0.001897809993483846,5.0
1688473440000.0,265704,1688473440000.0,0.006730758118334679,-0.00015474000000000003,1252.8214826719443,1252.8358272639928,-1.0,0.7737,2.1,0.7669692418816654,long_nclose,1.6106354079514973,0.0012856064732514232,2.0
1688473860000.0,265711,1688473860000.0,0.004711530682834275,-0.000108318,1252.8260858846272,1252.835928945993,-0.7,0.7737,1.4,0.7669692418816654,long_nclose,1.0737569386343315,0.0008570678330633146,7.0
1688477400000.0,265770,1688477400000.0,0.0,-0.012306563999999999,1252.8137793206272,1252.799202381993,80.1,0.7682,81.5,0.7681788581427524,long_ientry_partial,62.606576938634326,0.04997277166969258,59.0
1688477580000.0,265773,1688477580000.0,0.04305917970212514,-0.0031274180000000003,1252.8537110823293,1252.9896449639928,-20.3,0.7703,61.2,0.7681788581427524,long_nclose,47.01254611833645,0.037524369926416015,3.0
1688477760000.0,265776,1688477760000.0,0.03245347041588742,-0.0023571180000000005,1252.8838074347452,1252.9811678459928,-15.3,0.7703,45.9,0.7681788581427524,long_nclose,35.259409588752334,0.028142601396489653,3.0
1688478000000.0,265780,1688478000000.0,0.024181017172622,-0.0017562840000000003,1252.9062321679178,1252.993211561993,-11.4,0.7703,34.5,0.7681788581427524,long_nclose,26.50217060592496,0.0211525570912581,4.0
1688478120000.0,265782,1688478120000.0,0.018241819972328877,-0.001324916,1252.92314907189,1252.9832666459927,-8.6,0.7703,25.9,0.7681788581427524,long_nclose,19.895832425897286,0.01587953135085359,2.0
1688478300000.0,265785,1688478300000.0,0.01357530788638428,-0.000985984,1252.9357383957765,1252.984900661993,-6.4,0.7703,19.5,0.7681788581427524,long_nclose,14.979487733783673,0.011955511583509451,3.0
1688478540000.0,265789,1688478540000.0,0.01018148091478821,-0.000739488,1252.9451803886914,1252.974891173993,-4.8,0.7703,14.7,0.7681788581427524,long_nclose,11.29222921469846,0.009012548506867125,4.0
1688478600000.0,265790,1688478600000.0,0.007636110686091158,-0.0005546160000000001,1252.9522618833773,1252.9780265579927,-3.6,0.7703,11.1,0.7681788581427524,long_nclose,8.526785325384552,0.006805355307446031,1.0
1688478780000.0,265793,1688478780000.0,0.0,-0.01083162,1252.9414302633772,1252.8763849379927,70.5,0.7682,81.6,0.768197124085595,long_ientry_partial,62.68488532538455,0.05003018003180543,3.0
1688479500000.0,265805,1688479500000.0,0.04289866865386087,-0.0031428240000000002,1252.9811861080311,1253.1588421139927,-20.4,0.7703,61.2,0.768197124085595,long_nclose,47.01366399403842,0.03752144446802965,12.0
1688480220000.0,265817,1688480220000.0,0.032174001490395655,-0.0023571180000000005,1253.0110029915215,1253.1212949959927,-15.3,0.7703,45.9,0.768197124085595,long_nclose,35.260247995528815,0.02814041370055503,12.0
1688483100000.0,265865,1688483100000.0,0.0,-0.005471008,1253.0055319835215,1253.0066939879925,35.6,0.7684,81.5,0.7682857422764271,long_ientry_partial,62.61528799552881,0.04997207625764279,48.0
1688483580000.0,265873,1688483580000.0,0.042919431788529395,-0.003127824,1253.0453235913099,1253.1930761639926,-20.3,0.7704,61.2,0.7682857422764271,long_nclose,47.01908742731734,0.03752385212416544,8.0
1688483820000.0,265877,1688483820000.0,0.03234814317066501,-0.002357424,1253.0753143104805,1253.2044887399925,-15.3,0.7704,45.9,0.7682857422764271,long_nclose,35.264315570488,0.028142215529872287,4.0
1688484180000.0,265883,1688484180000.0,0.024102538048730793,-0.0017565120000000002,1253.0976603365293,1253.1844022279927,-11.4,0.7704,34.5,0.7682857422764271,long_nclose,26.505858108536735,0.021152268452419243,6.0
1688484420000.0,265887,1688484420000.0,0.0,-0.007223899999999999,1253.0904364365292,1252.9185283279926,47.0,0.7685,81.5,0.768409301945236,long_ientry_partial,62.62535810853674,0.04997672656941453,4.0
1688487540000.0,265939,1688487540000.0,0.044471170511707306,-0.003128636,1253.131778971041,1253.3270496919927,-20.3,0.7706,61.2,0.768409301945236,long_nclose,47.02664927904845,0.0375272976619127,52.0
1688488020000.0,265947,1688488020000.0,0.1364902403171849,-0.0031624080000000002,1253.2651068033583,1253.5217672839926,-20.4,0.7751,40.8,0.768409301945236,long_nclose,31.35109951936563,0.025015536895726186,8.0
1688488140000.0,265949,1688488140000.0,0.09099349354478993,-0.002108272,1253.3539920249032,1253.5278190119927,-13.6,0.7751,27.2,0.768409301945236,long_nclose,20.90073301291042,0.01667584189774148,2.0
1688489160000.0,265966,1688489160000.0,0.0,-0.008359104,1253.3456329209032,1253.2855399079929,54.4,0.7683,81.6,0.7683364339817456,long_ientry_partial,62.69625301291043,0.05002311522544484,17.0
1688508360000.0,266286,1688508360000.0,0.04413674677238983,-0.0031436399999999996,1253.3866260276757,1253.5802362679929,-20.4,0.7705,61.2,0.7683364339817456,long_nclose,47.02218975968283,0.037516109381754766,320.0
1688510280000.0,266318,1688510280000.0,0.033102560079292374,-0.00235773,1253.4173708577548,1253.5304485379927,-15.3,0.7705,45.9,0.7683364339817456,long_nclose,35.26664231976212,0.02813639186732189,32.0
1688510940000.0,266329,1688510940000.0,0.0246646526081002,-0.00175674,1253.440278770363,1253.5252717979927,-11.4,0.7705,34.5,0.7683364339817456,long_nclose,26.507606972370223,0.021147881890611047,11.0
1688512080000.0,266348,1688512080000.0,0.0777810092099262,-0.0017827300000000002,1253.5162770495729,1253.6787390679926,-11.5,0.7751,23.0,0.7683364339817456,long_nclose,17.671737981580147,0.014097733156823843,19.0
1688512500000.0,266355,1688512500000.0,0.05140310173873383,-0.001178152,1253.5665019993116,1253.6691209159928,-7.6,0.7751,15.4,0.7683364339817456,long_nclose,11.832381083318882,0.009438973572161854,7.0
1688512560000.0,266356,1688512560000.0,0.0344941866930977,-0.0007906020000000001,1253.6002055840047,1253.6636903139927,-5.1,0.7751,10.3,0.7683364339817456,long_nclose,7.913865270011979,0.006312909996951708,1.0
1688513160000.0,266366,1688513160000.0,0.022996124462065136,-0.000527068,1253.6226746404666,1253.6665832459926,-3.4,0.7751,6.9,0.7683364339817456,long_nclose,5.301521394474045,0.004228960995775302,10.0
1688513220000.0,266367,1688513220000.0,0.015556201841985239,-0.000356546,1253.6378742963086,1253.6689866999925,-2.3,0.7751,4.6,0.7683364339817456,long_nclose,3.5343475963160293,0.0028192731479973255,1.0
1688513280000.0,266368,1688513280000.0,0.010145349027381678,-0.00023253,1253.647787115336,1253.6690641699927,-1.5,0.7751,3.1,0.7683364339817456,long_nclose,2.3818429453434113,0.0018999299243562424,1.0
1688514000000.0,266380,1688514000000.0,0.006763566018254452,-0.00015502000000000002,1253.6543956613543,1253.6700691499927,-1.0,0.7751,2.1,0.7683364339817456,long_nclose,1.6135065113616658,0.0012870425190113696,12.0
1688514840000.0,266394,1688514840000.0,0.0,-0.012219604,1253.6421760573544,1253.9984495459928,79.7,0.7666,81.8,0.7666445783785045,long_ientry_partial,62.71152651136167,0.050023465793554,14.0
1688514960000.0,266396,1688514960000.0,0.04397060107850845,-0.003136704,1253.6830099544327,1253.8092128419926,-20.4,0.7688,61.4,0.7666445783785045,long_nclose,47.07197711244018,0.0375469530484832,2.0
1688515020000.0,266397,1688515020000.0,0.03297795080888134,-0.0023525280000000004,1253.7136353772414,1253.8037803139923,-15.3,0.7688,46.1,0.7666445783785045,long_nclose,35.34231506324906,0.02819010184300547,1.0
1688515080000.0,266398,1688515080000.0,0.024787348647198393,-0.0017682400000000001,1253.7366544858885,1253.8458320739921,-11.5,0.7688,34.6,0.7666445783785045,long_nclose,26.525902411896258,0.02115747538925833,1.0
1688515200000.0,266400,1688515200000.0,0.0765373486471978,-0.0017785899999999998,1253.8114132445357,1253.9143334839923,-11.5,0.7733,23.1,0.7666445783785045,long_nclose,17.709489760543455,0.014124524289275634,2.0
1688515500000.0,266405,1688515500000.0,0.05124674648551505,-0.001190882,1253.8614691090213,1253.9747426019924,-7.7,0.7733,15.4,0.7666445783785045,long_nclose,11.80632650702897,0.00941597361263394,5.0
1688516220000.0,266417,1688516220000.0,0.033942650269626846,-0.000788766,1253.894622993291,1253.9693538359925,-5.1,0.7733,10.3,0.7666445783785045,long_nclose,7.896439157298597,0.006297530121349637,12.0
1688516520000.0,266422,1688516520000.0,0.05740265026962709,-0.000793458,1253.9512321855605,1254.0076803779923,-5.1,0.7779,5.2,0.7666445783785045,long_nclose,3.986551807568224,0.00317919206524476,5.0
1688516820000.0,266427,1688516820000.0,0.029264096215888324,-0.00040450800000000004,1253.9800917737764,1254.0083158699922,-2.6,0.7779,2.6,0.7666445783785045,long_nclose,1.993275903784112,0.0015895594490376549,5.0
1688518500000.0,266455,1688518500000.0,0.0,-0.012137104,1253.9679546697764,1254.0429287659922,79.1,0.7672,81.7,0.7671823244037222,long_ientry_partial,62.67879590378411,0.04998436815739054,28.0
1688519220000.0,266467,1688519220000.0,0.04320058216406579,-0.0031387439999999997,1254.0080165079405,1254.1255700219924,-20.4,0.7693,61.3,0.7671823244037222,long_nclose,47.02827648594817,0.03750237308443106,12.0
1688519340000.0,266469,1688519340000.0,0.032400436623049346,-0.0023540580000000005,1254.0380628865635,1254.1768759639922,-15.3,0.7693,46.0,0.7671823244037222,long_nclose,35.29038692257122,0.02814140014326143,2.0
1688519880000.0,266478,1688519880000.0,0.10278043662305009,-0.0023681340000000005,1254.1384751891865,1254.344707829992,-15.3,0.7739,30.7,0.7671823244037222,long_nclose,23.552497359194273,0.018779822025348027,9.0
1688519940000.0,266479,1688519940000.0,0.06852029108203339,-0.001578756,1254.2054167242684,1254.3472290739921,-10.2,0.7739,20.5,0.7671823244037222,long_nclose,15.727237650276306,0.012539602716238206,1.0
1688520180000.0,266483,1688520180000.0,0.04568019405468893,-0.0010525040000000001,1254.2500444143232,1254.3448165699922,-6.8,0.7739,13.7,0.7671823244037222,long_nclose,10.510397844330994,0.008379826567388214,4.0
1688520360000.0,266486,1688520360000.0,0.030229540183250025,-0.0006965100000000001,1254.2795774445065,1254.3469000599923,-4.5,0.7739,9.2,0.7671823244037222,long_nclose,7.058077384514244,0.005627196289757431,3.0
1688520600000.0,266490,1688520600000.0,0.02015302678883335,-0.00046434,1254.2992661312953,1254.3340957199923,-3.0,0.7739,6.2,0.7671823244037222,long_nclose,4.756530411303078,0.0037921814512208944,4.0
1688520960000.0,266496,1688520960000.0,0.013435351192555567,-0.00030956,1254.312391922488,1254.3401861599923,-2.0,0.7739,4.2,0.7671823244037222,long_nclose,3.2221657624956337,0.0025688702298133337,6.0
1688521020000.0,266497,1688521020000.0,0.009404745834788897,-0.000216692,1254.3215799763227,1254.3440294679922,-1.4,0.7739,2.8,0.7671823244037222,long_nclose,2.148110508330422,0.0017125676083568388,1.0
1688521500000.0,266505,1688521500000.0,0.006045908036650005,-0.00013930200000000003,1254.3274865823594,1254.3423401659923,-0.9,0.7739,1.9,0.7671823244037222,long_nclose,1.4576464163670722,0.0011620939762220246,8.0
1688522220000.0,266517,1688522220000.0,0.000847070238511094,-6.1544e-05,1254.328272108598,1254.3320486219923,-0.4,0.7693,1.5,0.7671823244037222,long_nclose,1.1507734866055834,0.0009174420382561154,12.0
1688522700000.0,266525,1688522700000.0,0.0006353026788833205,-4.6158e-05,1254.3288612532767,1254.3332024639922,-0.3,0.7693,1.2,0.7671823244037222,long_nclose,0.9206187892844666,0.0007339532858748224,8.0
1688523480000.0,266538,1688523480000.0,0.0026870702385111134,-6.191200000000001e-05,1254.3314864115152,1254.3376605519923,-0.4,0.7739,0.8,0.7671823244037222,long_nclose,0.6137458595229779,0.0004893011665351937,13.0
1688523660000.0,266541,1688523660000.0,0.0013435351192555567,-3.0956000000000007e-05,1254.3327989906345,1254.3369495959923,-0.2,0.7739,0.6,0.7671823244037222,long_nclose,0.4603093946422333,0.00036697549088459276,3.0
1688524740000.0,266559,1688524740000.0,0.003395302678883316,-4.671e-05,1254.3361475833133,1254.3397828859922,-0.3,0.7785,0.3,0.7671823244037222,long_nclose,0.23015469732111665,0.0001834872556009391,18.0
1688525640000.0,266574,1688525640000.0,0.0011317675596277722,-1.5570000000000002e-05,1254.337263780873,1254.3396073159922,-0.1,0.7785,0.2,0.7671823244037222,long_nclose,0.15343646488074447,0.00012232472821404526,15.0
1688525880000.0,266578,1688525880000.0,0.0011317675596277722,-1.5570000000000002e-05,1254.3383799784326,1254.3395417459922,-0.1,0.7785,0.1,0.7671823244037222,long_nclose,0.07671823244037224,6.116230968049575e-05,4.0
1688528520000.0,266622,1688528520000.0,0.0011317675596277722,-1.5570000000000002e-05,1254.3394961759923,1254.3394961759923,-0.1,0.7785,0.0,0.7671823244037222,long_nclose,0.0,0.0,44.0
1688550720000.0,266992,1688550720000.0,0.0,-0.01254366,1254.3269525159924,1254.2621525159923,81.0,0.7743,81.0,0.7743,long_ientry_normal,62.7183,0.05000155651139957,370.0
1688553480000.0,267038,1688553480000.0,0.0,-0.017216658,1254.3097358579923,1251.2496658579923,115.1,0.7479,196.1,0.7588046404895461,long_rentry,148.80158999999998,0.1186322530600581,46.0
1688570280000.0,267318,1688570280000.0,0.0,-0.040742464000000006,1254.2689933939923,1250.3747633939925,278.6,0.7312,474.7,0.7426035601432484,long_rentry,352.51391,0.2810512831431112,280.0
1688626440000.0,268254,1688626440000.0,0.24863776701074866,-0.017664284000000002,1254.499966877003,1255.2465091099923,-118.6,0.7447,356.1,0.7426035601432484,long_nclose,264.44112776701076,0.2107940492221135,936.0
1688626560000.0,268256,1688626560000.0,0.18658314725089908,-0.01325566,1254.6732943642542,1255.3400934499925,-89.0,0.7447,267.1,0.7426035601432484,long_nclose,198.34941091426165,0.1580884934789066,2.0
1688628600000.0,268290,1688628600000.0,0.13983253844533675,-0.009934298000000001,1254.8031926046995,1255.2834391519925,-66.7,0.7447,200.4,0.7426035601432484,long_nclose,148.81775345270697,0.11859848168205052,34.0
1688630100000.0,268315,1688630100000.0,0.10503163682325893,-0.007461894000000001,1254.9007623475227,1255.2308872579924,-50.1,0.7447,150.3,0.7426035601432484,long_nclose,111.61331508953023,0.0889419454019113,25.0
1688630400000.0,268320,1688630400000.0,0.07861649462818782,-0.00558525,1254.973793592151,1255.3005120079927,-37.5,0.7447,112.8,0.7426035601432484,long_nclose,83.76568158415841,0.06674695679851073,5.0
1688631000000.0,268330,1688631000000.0,0.059119603960397234,-0.004200108,1255.0287130881113,1255.2145318999926,-28.2,0.7447,84.6,0.7426035601432484,long_nclose,62.824261188118804,0.05005802698611894,10.0
1688631300000.0,268335,1688631300000.0,0.044234880977460346,-0.0031426340000000005,1255.0698053350889,1255.2346792659926,-21.1,0.7447,63.5,0.7426035601432484,long_nclose,47.15532606909627,0.03757187518068475,5.0
1688632380000.0,268353,1688632380000.0,0.1370748809774595,-0.003161202,1255.2037190140663,1255.5046080639927,-21.1,0.7491,42.4,0.7426035601432484,long_nclose,31.48639095007373,0.02508468583474686,18.0
1688633160000.0,268366,1688633160000.0,0.23100452496313378,-0.0031948399999999996,1255.4315286990293,1255.6794932239925,-21.2,0.7535,21.2,0.7426035601432484,long_nclose,15.743195475036865,0.012540066993021216,13.0
1688633340000.0,268369,1688633340000.0,0.32428452496313526,-0.003213496,1255.7525997279924,1255.7525997279924,-21.2,0.7579,0.0,0.7426035601432484,long_nclose,0.0,0.0,3.0
1688644440000.0,268554,1688644440000.0,0.0,-0.01255227,1255.7400474579924,1255.7147574579924,84.3,0.7445,84.3,0.7445,long_ientry_normal,62.76135,0.04997957190825319,185.0
1688652600000.0,268690,1688652600000.0,0.0,-0.017232031999999998,1255.7228154259924,1253.3451054259924,119.8,0.7192,204.1,0.7296497305242529,long_rentry,148.92151,0.11859425358093838,136.0
1688659500000.0,268805,1688659500000.0,0.10456374326310502,-0.00746334,1255.8199158292555,1256.1338120859923,-51.0,0.7317,153.1,0.7296497305242529,long_nclose,111.70937374326311,0.0889533382415727,115.0
1688659560000.0,268806,1688659560000.0,0.07832029397354141,-0.005590188000000001,1255.892645935229,1256.2086518979922,-38.2,0.7317,114.9,0.7296497305242529,long_nclose,83.83675403723666,0.06675471371584131,1.0
1688659980000.0,268813,1688659980000.0,0.05884273395394341,-0.004199958,1255.9472887111829,1256.2102219399924,-28.7,0.7317,86.2,0.7296497305242529,long_nclose,62.8958067711906,0.05007838094521664,7.0
1688666340000.0,268919,1688666340000.0,0.04408079372856388,-0.0031463100000000003,1255.9882231949116,1256.1273456299925,-21.5,0.7317,64.7,0.7296497305242529,long_nclose,47.20833756491916,0.03758660845149748,106.0
1688666460000.0,268921,1688666460000.0,0.033009338559529235,-0.0023560740000000005,1256.0188764594711,1256.0942195559924,-16.1,0.7317,48.6,0.7296497305242529,long_nclose,35.46097690347869,0.028232837553714054,2.0
1688666520000.0,268922,1688666520000.0,0.024808260656540602,-0.001770714,1256.0419140061276,1256.1276988419925,-12.1,0.7317,36.5,0.7296497305242529,long_nclose,26.63221516413523,0.021203285389730476,1.0
1688667600000.0,268940,1688667600000.0,0.0,-0.007222279999999999,1256.0346917261277,1256.0152565619924,49.4,0.731,85.9,0.7304262533659514,long_ientry_partial,62.74361516413523,0.04995372785277827,18.0
1688669820000.0,268977,1688669820000.0,0.04437817796864196,-0.0031351,1256.0759348040963,1256.2225914619924,-21.4,0.7325,64.5,0.7304262533659514,long_nclose,47.11249334210386,0.03750767930240759,37.0
1688670120000.0,268982,1688670120000.0,0.03338732080818391,-0.0023586500000000008,1256.1069634749047,1256.2218528119927,-16.1,0.7325,48.4,0.7304262533659514,long_nclose,35.35263066291204,0.02814460208477169,5.0
1688670420000.0,268987,1688670420000.0,0.025092334271989147,-0.0017726500000000002,1256.1302831591765,1256.2200801619924,-12.1,0.7325,36.3,0.7304262533659514,long_nclose,26.514472997184033,0.021108059691467628,5.0
1688670780000.0,268993,1688670780000.0,0.0,-0.0072621640000000015,1256.1230209951766,1256.0433279979925,49.7,0.7306,86.0,0.7305266627579539,long_ientry_partial,62.82529299718403,0.0500152389114006,6.0
1688688120000.0,269282,1688688120000.0,0.0,-0.017247308000000003,1256.1057736871767,1253.7833006899928,122.2,0.7057,208.2,0.7159550095926226,long_rentry,149.061832997184,0.11866980959702737,289.0
1688694300000.0,269385,1688694300000.0,0.10633950118362367,-0.0074672,1256.2046459883602,1256.2429134899926,-52.0,0.718,156.2,0.7159550095926226,long_nclose,111.83217249836764,0.08902384882550726,103.0
1688694720000.0,269392,1688694720000.0,0.07975462588771776,-0.0056004,1256.278800214248,1256.6005130899925,-39.0,0.718,117.2,0.7159550095926226,long_nclose,83.90992712425538,0.06679244058718911,7.0
1688696280000.0,269418,1688696280000.0,0.05991821893615719,-0.0042074799999999996,1256.334510953184,1256.5494256099926,-29.3,0.718,87.9,0.7159550095926226,long_nclose,62.93244534319153,0.05009210906372741,26.0
1688697420000.0,269437,1688697420000.0,0.18297821893615665,-0.004232092000000001,1256.5132570801202,1256.8967935179926,-29.3,0.7222,58.6,0.7159550095926226,long_nclose,41.95496356212769,0.03338998878501485,19.0
1688697900000.0,269445,1688697900000.0,0.12177731294385852,-0.00281658,1256.632217813064,1256.8998569379926,-19.5,0.7222,39.1,0.7159550095926226,long_nclose,27.993840875071545,0.022276876621697354,8.0
1688699160000.0,269466,1688699160000.0,0.08118487529590568,-0.00187772,1256.71152496836,1256.8771292179924,-13.0,0.7222,26.1,0.7159550095926226,long_nclose,18.68642575036745,0.014869304036053872,21.0
1688699460000.0,269471,1688699460000.0,0.054331416544183025,-0.0012566279999999999,1256.764599756904,1256.8750025899924,-8.7,0.7222,17.4,0.7159550095926226,long_nclose,12.457617166911632,0.009912450724122328,5.0
1688699820000.0,269477,1688699820000.0,0.036220944362788686,-0.0008377519999999999,1256.799982949267,1256.8712648379924,-5.8,0.7222,11.6,0.7159550095926226,long_nclose,8.305078111274423,0.006608114436622866,6.0
1688699880000.0,269478,1688699880000.0,0.023730963548033966,-0.000548872,1256.823165040815,1256.8718759659926,-3.8,0.7222,7.8,0.7159550095926226,long_nclose,5.584449074822456,0.004443305335354081,1.0
1688699940000.0,269479,1688699940000.0,0.016236975059181136,-0.000375544,1256.8390264718741,1256.8767004219926,-2.6,0.7222,5.2,0.7159550095926226,long_nclose,3.7229660498816375,0.00296216617360501,1.0
1688700660000.0,269491,1688700660000.0,0.010616483692541511,-0.000245548,1256.8493974075666,1256.8747548739925,-1.7,0.7222,3.5,0.7159550095926226,long_nclose,2.505842533574179,0.001993749242146944,12.0
1688702880000.0,269528,1688702880000.0,0.006869489448115097,-0.000158884,1256.8561080130146,1256.8710959899922,-1.1,0.7222,2.4,0.7159550095926226,long_nclose,1.7182920230222942,0.0013671350380265658,37.0
1688703300000.0,269535,1688703300000.0,0.0,-0.012221375999999999,1256.8438866370145,1256.8114346139923,84.8,0.7206,87.2,0.7204721562273199,long_ientry_partial,62.8251720230223,0.04998645630614159,7.0
1688708340000.0,269619,1688708340000.0,0.044206994244427734,-0.0031501000000000003,1256.8849435312588,1257.0306445139922,-21.8,0.7225,65.4,0.7204721562273199,long_nclose,47.11887901726672,0.037488617601611735,84.0
1688710080000.0,269648,1688710080000.0,0.03305385349468679,-0.0023553500000000004,1256.9156420347535,1257.0495791639921,-16.3,0.7225,49.1,0.7204721562273199,long_nclose,35.37518287076141,0.02814443681637569,29.0
1688710200000.0,269650,1688710200000.0,0.024739694026698088,-0.0017629000000000002,1256.9386188287804,1257.0171362639924,-12.2,0.7225,36.9,0.7204721562273199,long_nclose,26.5854225647881,0.021150931450861526,2.0
1688711280000.0,269668,1688711280000.0,0.018656162708657574,-0.0013294,1256.955945591489,1257.0148868639922,-9.2,0.7225,27.7,0.7204721562273199,long_nclose,19.95707872749676,0.015877309620509816,18.0
1688711520000.0,269672,1688711520000.0,0.013992122031493182,-0.0009970500000000002,1256.9689406635205,1257.0111198139923,-6.9,0.7225,20.8,0.7204721562273199,long_nclose,14.985820849528254,0.011922188659345582,4.0
1688711580000.0,269673,1688711580000.0,0.01054478761793689,-0.0007514,1256.9787340511384,1257.0197284139922,-5.2,0.7225,15.6,0.7204721562273199,long_nclose,11.23936563714619,0.008941571828285944,1.0
1688712180000.0,269683,1688712180000.0,0.007908590713452667,-0.0005635500000000001,1256.986079091852,1257.0109748639923,-3.9,0.7225,11.7,0.7204721562273199,long_nclose,8.429524227859641,0.006706139684498184,10.0
1688712600000.0,269690,1688712600000.0,0.005880746940772496,-0.00041905,1256.991540788793,1257.0102658139924,-2.9,0.7225,8.8,0.7204721562273199,long_nclose,6.340154974800416,0.005043912205504433,7.0
1688713200000.0,269700,1688713200000.0,0.004461256299896377,-0.00031790000000000003,1256.9956841450928,1257.0117079139925,-2.2,0.7225,6.6,0.7204721562273199,long_nclose,4.755116231100311,0.0037829216846789393,10.0
1688716080000.0,269748,1688716080000.0,0.0,-0.011622519999999999,1256.9840616250929,1256.9265053939926,80.6,0.721,87.2,0.7209600485217925,long_ientry_partial,62.86771623110031,0.05001472822958609,48.0
1688717280000.0,269768,1688717280000.0,0.04447094222492259,-0.0031522800000000004,1257.0253802873178,1257.1522531139926,-21.8,0.723,65.4,0.7209600485217925,long_nclose,47.150787173325234,0.03750981317700045,20.0
1688717340000.0,269769,1688717340000.0,0.03325120909478157,-0.0023569800000000003,1257.0562745164125,1257.2055361339924,-16.3,0.723,49.1,0.7209600485217925,long_nclose,35.39913838242001,0.02816034500606427,1.0
1688718060000.0,269781,1688718060000.0,0.0,-0.00549402,1257.0507804964125,1257.0440221139925,38.1,0.721,87.2,0.7209775043855506,long_ientry_partial,62.869238382420015,0.05001328455290629,12.0
1688721660000.0,269841,1688721660000.0,0.044090404394995564,-0.0031522800000000004,1257.0917186208076,1257.3090098339926,-21.8,0.723,65.4,0.7209775043855506,long_nclose,47.15192878681501,0.03750874187489421,60.0
1688723100000.0,269865,1688723100000.0,0.13783040439499492,-0.0031710279999999998,1257.2263779972025,1257.5107588059925,-21.8,0.7273,43.6,0.7209775043855506,long_nclose,31.434619191210007,0.025003149584950847,24.0
1688723520000.0,269872,1688723520000.0,0.09167618640951497,-0.00210917,1257.315945013612,1257.5202996359924,-14.5,0.7273,29.1,0.7209775043855506,long_nclose,20.980445377619525,0.01668669315841086,7.0
1688724000000.0,269880,1688724000000.0,0.06132820746015829,-0.0014109619999999998,1257.3758622590722,1257.5004586739924,-9.7,0.7273,19.4,0.7209775043855506,long_nclose,13.986963585079682,0.011123931995918799,8.0
1688724120000.0,269882,1688724120000.0,0.04046397193247558,-0.0009309440000000001,1257.4153952870047,1257.4923877299925,-6.4,0.7273,13.0,0.7209775043855506,long_nclose,9.37270755701216,0.00745394687558509,2.0
1688724240000.0,269884,1688724240000.0,0.027186731142132024,-0.000625478,1257.4419565401467,1257.4969622519925,-4.3,0.7273,8.7,0.7209775043855506,long_nclose,6.27250428815429,0.004988305229939276,2.0
1688724480000.0,269888,1688724480000.0,0.018335237281902995,-0.000421834,1257.4598699434287,1257.4953804179925,-2.9,0.7273,5.8,0.7209775043855506,long_nclose,4.1816695254361935,0.0033254894453405666,4.0
1688726400000.0,269920,1688726400000.0,0.0,-0.01173972,1257.4481302234287,1257.7327806979924,81.3,0.722,87.1,0.7219319118879013,long_ientry_partial,62.8802695254362,0.05000625315197961,32.0
1688730600000.0,269990,1688730600000.0,0.04270751203254175,-0.003141726,1257.4876960094614,1257.6229489719926,-21.7,0.7239,65.4,0.7219319118879013,long_nclose,47.21434703746875,0.03754656780125943,70.0
1688731200000.0,270000,1688731200000.0,0.03207983622720878,-0.0023599140000000003,1257.5174159316887,1257.6336890579928,-16.3,0.7239,49.1,0.7219319118879013,long_nclose,35.44685687369596,0.028187964973378558,10.0
1688732280000.0,270018,1688732280000.0,0.0,-0.005478823999999999,1257.5119371076887,1257.5197602339927,37.9,0.7228,87.0,0.7223100790079995,long_ientry_partial,62.84097687369596,0.04997246946079247,18.0
1688733000000.0,270030,1688733000000.0,0.04318128552641239,-0.0031434620000000005,1257.551974931215,1258.0018867719925,-21.7,0.7243,65.3,0.7223100790079995,long_nclose,47.16684815922236,0.0375068777271033,12.0
1688733000000.0,270030,1688733000000.0,0.13649128552641174,-0.003162124,1257.6853040927415,1257.9857046479926,-21.7,0.7286,43.6,0.7223100790079995,long_nclose,31.49271944474878,0.025040222178207557,0.0
1688733360000.0,270036,1688733360000.0,0.09120385438400785,-0.0021129400000000002,1257.7743950071256,1257.9981717079927,-14.5,0.7286,29.1,0.7223100790079995,long_nclose,21.019223299132786,0.016711441561039018,6.0
1688733600000.0,270040,1688733600000.0,0.06101223362240525,-0.001413484,1257.833993756748,1257.9327382239928,-9.7,0.7286,19.4,0.7223100790079995,long_nclose,14.012815532755189,0.011140433159151145,4.0
1688733720000.0,270042,1688733720000.0,0.0,-0.009773608,1257.824220148748,1257.809564615993,67.6,0.7229,87.0,0.7227684543994849,long_ientry_partial,62.880855532755184,0.04999176715274174,2.0
1688733720000.0,270042,1688733720000.0,0.00735141888247277,-0.000695328,1257.8308762396307,1257.8170292879931,-4.8,0.7243,82.2,0.7227684543994849,long_nclose,59.41156695163766,0.04723335074207472,0.0
1688733780000.0,270043,1688733780000.0,0.041646684810559664,-0.00297168,1257.8695512444413,1258.0319176079931,-20.5,0.7248,61.7,0.7227684543994849,long_nclose,44.59481363644822,0.03545265372894151,1.0
1688734860000.0,270061,1688734860000.0,0.03128580224793263,-0.002232384,1257.8986046626892,1258.025075223993,-15.4,0.7248,46.3,0.7227684543994849,long_nclose,33.46417943869615,0.026603240765713156,18.0
1688735100000.0,270065,1688735100000.0,0.023362774405923714,-0.00166704,1257.9203003970952,1258.032758183993,-11.5,0.7248,34.8,0.7227684543994849,long_nclose,25.152342213102074,0.019995179507924378,4.0
1688735460000.0,270071,1688735460000.0,0.017674446724481416,-0.001261152,1257.9367136918195,1258.015837031993,-8.7,0.7248,26.1,0.7227684543994849,long_nclose,18.864256659826555,0.014996188961258101,6.0
1688735880000.0,270078,1688735880000.0,0.013205046403348186,-0.00094224,1257.9489764982227,1257.9966347919928,-6.5,0.7248,19.6,0.7227684543994849,long_nclose,14.166261706229905,0.011261396106593135,7.0
1688737860000.0,270111,1688737860000.0,0.041155046403347995,-0.00094783,1257.989183714626,1258.0891569619928,-6.5,0.7291,13.1,0.7227684543994849,long_nclose,9.468266752633252,0.0075265088724173965,33.0
1688739300000.0,270135,1688739300000.0,0.027225646082214824,-0.0006270259999999999,1258.015782334708,1258.0644599359925,-4.3,0.7291,8.8,0.7227684543994849,long_nclose,6.360362398715467,0.005055868525680568,24.0
1688740080000.0,270148,1688740080000.0,0.01836148224149372,-0.00042287799999999996,1258.0337209389495,1258.0716670579925,-2.9,0.7291,5.9,0.7227684543994849,long_nclose,4.264333880956961,0.0033896816992903984,13.0
1688740920000.0,270162,1688740920000.0,0.012029936640978643,-0.000277058,1258.0454738175906,1258.0707999999927,-1.9,0.7291,4.0,0.7227684543994849,long_nclose,2.8910738175979396,0.0022980678185064783,14.0
1688740980000.0,270163,1688740980000.0,0.0082310092806696,-0.000189566,1258.0535152608713,1258.0725004339927,-1.3,0.7291,2.7,0.7227684543994849,long_nclose,1.9514748268786093,0.0015511858622913584,1.0
1688745420000.0,270237,1688745420000.0,0.005698391040463569,-0.000131238,1258.0590824139117,1258.0701191959927,-0.9,0.7291,1.8,0.7227684543994849,long_nclose,1.3009832179190728,0.0010341193319973495,74.0
1688746380000.0,270253,1688746380000.0,0.0037989273603090453,-8.7492e-05,1258.062793849272,1258.0703917039928,-0.6,0.7291,1.2,0.7227684543994849,long_nclose,0.8673221452793819,0.0006894108541479491,16.0
1688747220000.0,270267,1688747220000.0,0.0025326182402060308,-5.832800000000001e-05,1258.0652681395122,1258.0700933759927,-0.4,0.7291,0.8,0.7227684543994849,long_nclose,0.5782147635195879,0.00045960633216961776,14.0
1688747580000.0,270273,1688747580000.0,0.0012663091201030154,-2.9164000000000004e-05,1258.0665052846325,1258.0704242119928,-0.2,0.7291,0.6,0.7227684543994849,long_nclose,0.43366107263969095,0.00034470441015483266,6.0
1688747760000.0,270276,1688747760000.0,0.0012663091201030154,-2.9164000000000004e-05,1258.0677424297528,1258.070515047993,-0.2,0.7291,0.4,0.7227684543994849,long_nclose,0.28910738175979395,0.0002298027141220791,3.0
1688748240000.0,270284,1688748240000.0,0.0006331545600515077,-1.4582000000000002e-05,1258.068361002313,1258.070320465993,-0.1,0.7291,0.3,0.7227684543994849,long_nclose,0.21683053631984547,0.00017235195084875586,8.0
1688749140000.0,270299,1688749140000.0,0.0006331545600515077,-1.4582000000000002e-05,1258.068979574873,1258.0702658839932,-0.1,0.7291,0.2,0.7227684543994849,long_nclose,0.14455369087989697,0.00011490124407069045,15.0
1688750160000.0,270316,1688750160000.0,0.0006331545600515077,-1.4582000000000002e-05,1258.0695981474332,1258.0702513019933,-0.1,0.7291,0.1,0.7227684543994849,long_nclose,0.07227684543994849,5.745059378779962e-05,17.0
1688750640000.0,270324,1688750640000.0,0.0,-0.012569766000000001,1258.0570283814332,1258.1266815359932,86.7,0.7249,86.8,0.7248975443023035,long_ientry_partial,62.92110684543994,0.05001451080988893,8.0
1688750820000.0,270327,1688750820000.0,0.04345328864001461,-0.003154746,1258.097326924073,1258.2732567899932,-21.7,0.7269,65.1,0.7248975443023035,long_nclose,47.19083013407995,0.03750968158358383,3.0
1688751300000.0,270335,1688751300000.0,0.03243978230268372,-0.002355156,1258.1274115503757,1258.205771633993,-16.2,0.7269,48.9,0.7248975443023035,long_nclose,35.44748991638264,0.028174801368250225,8.0
1688751420000.0,270337,1688751420000.0,0.024429959511897612,-0.0017736359999999999,1258.1500678738876,1258.227227997993,-12.2,0.7269,36.7,0.7248975443023035,long_nclose,26.60373987589454,0.021145124540549804,2.0
1688751540000.0,270339,1688751540000.0,0.018222346849038385,-0.001322958,1258.1669672627368,1258.2305150399932,-9.1,0.7269,27.6,0.7248975443023035,long_nclose,20.007172222743577,0.015901841920290677,2.0
1688751900000.0,270345,1688751900000.0,0.013816944314106029,-0.0010031220000000002,1258.179781085051,1258.2150219179932,-6.9,0.7269,20.7,0.7248975443023035,long_nclose,15.005379167057681,0.011926259977025764,6.0
1688752080000.0,270348,1688752080000.0,0.0,-0.0095845,1258.170196585051,1258.0768374179931,66.1,0.725,86.8,0.7249755664407567,long_ientry_partial,62.927879167057675,0.050015394847102324,3.0
1688752980000.0,270363,1688752980000.0,0.04393020823557984,-0.0031551799999999996,1258.2109716132866,1258.3492722379933,-21.7,0.727,65.1,0.7249755664407567,long_nclose,47.195909375293255,0.03751033049312735,15.0
1688753160000.0,270366,1688753160000.0,0.03279582365974163,-0.0023554799999999996,1258.2414119569464,1258.3452967579933,-16.2,0.727,48.9,0.7249755664407567,long_nclose,35.451305198953,0.028175280881762972,3.0
1688753340000.0,270369,1688753340000.0,0.024698089422768386,-0.0017738799999999998,1258.2643361663693,1258.3239528779934,-12.2,0.727,36.7,0.7249755664407567,long_nclose,26.606603288375773,0.02114547994695593,3.0
1688753580000.0,270373,1688753580000.0,0.0,-0.0072645,1258.2570716663693,1258.2840083779936,50.1,0.725,86.8,0.724989669220919,long_ientry_partial,62.92910328837577,0.05001291445557766,4.0
1688777640000.0,270774,1688777640000.0,0.04362417790605707,-0.0031551799999999996,1258.2975406642754,1258.4088831979936,-21.7,0.727,65.1,0.724989669220919,long_nclose,47.196827466281825,0.03750847946612521,401.0
1688777700000.0,270775,1688777700000.0,0.03256735862111173,-0.0023554799999999996,1258.3277525428964,1258.4211677179935,-16.2,0.727,48.9,0.724989669220919,long_nclose,35.45199482490294,0.028173895674842776,1.0
1688777940000.0,270779,1688777940000.0,0.024526035504787845,-0.0017738799999999998,1258.3505046984012,1258.4499738379934,-12.2,0.727,36.7,0.724989669220919,long_nclose,26.60712086040773,0.02114444327002902,4.0
1688778240000.0,270784,1688778240000.0,0.018294010089636836,-0.00132314,1258.3674755684908,1258.4312406979934,-9.1,0.727,27.6,0.724989669220919,long_nclose,20.009714870497366,0.015901328712789247,5.0
1688778540000.0,270789,1688778540000.0,0.0138712823756587,-0.0010032600000000002,1258.3803435908665,1258.4198874379933,-6.9,0.727,20.7,0.724989669220919,long_nclose,15.007286152873023,0.011925874581010062,5.0
1688778600000.0,270790,1688778600000.0,0.010252686973312952,-0.00074154,1258.3898547378396,1258.4258958979933,-5.1,0.727,15.6,0.724989669220919,long_nclose,11.309838839846336,0.008987547696180778,1.0
1688779080000.0,270798,1688779080000.0,0.007840290038415786,-0.00056706,1258.3971279678779,1258.424158837993,-3.9,0.727,11.7,0.724989669220919,long_nclose,8.482379129884752,0.006740621812752003,8.0
1688779500000.0,270805,1688779500000.0,0.005829959259334816,-0.00042165999999999997,1258.402536267137,1258.426387177993,-2.9,0.727,8.8,0.724989669220919,long_nclose,6.379909089144088,0.005069847608595207,7.0
1688780100000.0,270815,1688780100000.0,0.004422727713978137,-0.00031988000000000003,1258.406639114851,1258.421227297993,-2.2,0.727,6.6,0.724989669220919,long_nclose,4.784931816858065,0.003802373309333247,10.0
1688780820000.0,270827,1688780820000.0,0.003216529246529554,-0.00023264000000000002,1258.4096230040977,1258.422174657993,-1.6,0.727,5.0,0.724989669220919,long_nclose,3.624948346104595,0.002880579010077064,12.0
1688781240000.0,270834,1688781240000.0,0.002412396934897165,-0.00017448,1258.4118609210327,1258.4221601779932,-1.2,0.727,3.8,0.724989669220919,long_nclose,2.7549607430394922,0.0021892361543883847,7.0
1688781840000.0,270844,1688781840000.0,0.001809297701172874,-0.00013086,1258.413539358734,1258.4193693179932,-0.9,0.727,2.9,0.724989669220919,long_nclose,2.102470040740665,0.0016707306262868466,10.0
1688782020000.0,270847,1688782020000.0,0.0014072315453566796,-0.00010177999999999999,1258.4148448102792,1258.4190475379933,-0.7,0.727,2.2,0.724989669220919,long_nclose,1.594977272286022,0.0012674495051164813,3.0
1688782260000.0,270851,1688782260000.0,0.0010051653895404855,-7.27e-05,1258.415777275669,1258.4198748379933,-0.5,0.727,1.7,0.724989669220919,long_nclose,1.2324824376755623,0.0009793920736942368,4.0
1688782740000.0,270859,1688782740000.0,0.0008041323116323885,-5.8160000000000006e-05,1258.4165232479806,1258.4197866779934,-0.4,0.727,1.3,0.724989669220919,long_nclose,0.9424865699871947,0.0007489464359182373,8.0
1688783880000.0,270878,1688783880000.0,0.0006030992337242913,-4.362e-05,1258.4170827272144,1258.4187930579935,-0.3,0.727,1.0,0.724989669220919,long_nclose,0.724989669220919,0.0005761123868802996,19.0
1688784060000.0,270881,1688784060000.0,0.0004020661558161942,-2.9080000000000003e-05,1258.4174557133701,1258.4196239779935,-0.2,0.727,0.8,0.724989669220919,long_nclose,0.5799917353767352,0.0004608897728996855,3.0
1688786820000.0,270927,1688786820000.0,0.0,-0.012474168,1258.4049815453702,1258.3436798099935,86.1,0.7244,86.9,0.724405428485348,long_ientry_partial,62.95083173537674,0.05002430271538712,46.0
1688804700000.0,271225,1688804700000.0,0.04328220186795055,-0.0031525760000000002,1258.445111171238,1258.6142772339933,-21.7,0.7264,65.2,0.724405428485348,long_nclose,47.23123393724469,0.03753142152802076,298.0
1688805960000.0,271246,1688805960000.0,0.03251151568882922,-0.0023680640000000005,1258.475254622927,1258.5923491699934,-16.3,0.7264,48.9,0.724405428485348,long_nclose,35.423425452933515,0.028147891921440543,21.0
1688806440000.0,271254,1688806440000.0,0.10260151568882875,-0.002382082,1258.5754740566158,1258.7774170879934,-16.3,0.7307,32.6,0.724405428485348,long_nclose,23.615616968622344,0.018763767017090323,8.0
1688806500000.0,271255,1688806500000.0,0.06798137235824236,-0.0015783120000000003,1258.641877116974,1258.7812787759933,-10.8,0.7307,21.8,0.724405428485348,long_nclose,15.792038340980586,0.012546887743123238,1.0
1688806620000.0,271257,1688806620000.0,0.045320914905494905,-0.0010522080000000002,1258.6861458238795,1258.7795065679934,-7.2,0.7307,14.6,0.724405428485348,long_nclose,10.57631925588608,0.008402665979105772,2.0
1688812500000.0,271355,1688812500000.0,0.030213943270329932,-0.000701472,1258.71565829515,1258.7832250959937,-4.8,0.7307,9.8,0.724405428485348,long_nclose,7.09917319915641,0.005640013415557082,98.0
1688814360000.0,271386,1688814360000.0,0.020142628846886626,-0.0004676480000000001,1258.735333275997,1258.7801774479935,-3.2,0.7307,6.6,0.724405428485348,long_nclose,4.781075828003297,0.0037983170104234874,31.0
1688815440000.0,271404,1688815440000.0,0.0,-0.011629,1258.7237042759969,1258.8057484479937,80.2,0.725,86.8,0.7249547906451993,long_ientry_partial,62.9260758280033,0.04999196854261011,18.0
1688815440000.0,271404,1688815440000.0,0.0023123349676811957,-0.00023244800000000004,1258.7257841629646,1258.8063159999936,-1.6,0.7264,85.2,0.7249547906451993,long_nclose,61.766148162970985,0.049070376518937066,0.0
1688815500000.0,271405,1688815500000.0,0.04356295925725451,-0.00309702,1258.7662501022219,1258.9033289799936,-21.3,0.727,63.9,0.7249547906451993,long_nclose,46.324611122228234,0.036801599279029214,1.0
1688816040000.0,271414,1688816040000.0,0.03251882874133083,-0.0023118600000000002,1258.7964570709632,1258.9042271199937,-15.9,0.727,48.0,0.7249547906451993,long_nclose,34.797829950969565,0.027643730450226296,9.0
1688816160000.0,271416,1688816160000.0,0.0,-0.005625999999999999,1258.7908310709633,1258.7235611199937,38.8,0.725,86.8,0.7249749994351333,long_ientry_partial,62.927829950969574,0.04999069614880446,2.0
1688817180000.0,271433,1688817180000.0,0.043942512257606356,-0.0031551799999999996,1258.831618403221,1258.995995939994,-21.7,0.727,65.1,0.7249749994351333,long_nclose,47.195872463227175,0.037491807302308874,17.0
1688817960000.0,271446,1688817960000.0,0.0,-0.0031465,1258.828471903221,1258.7346194399938,21.7,0.725,86.8,0.72498124957635,long_ientry_partial,62.92837246322718,0.04998963231907669,13.0
1688818560000.0,271456,1688818560000.0,0.04380688419320417,-0.0031551799999999996,1258.8691236074142,1259.0135642599937,-21.7,0.727,65.1,0.72498124957635,long_nclose,47.19627934742038,0.037491013531394564,10.0
1688818680000.0,271458,1688818680000.0,0.03270375686312938,-0.0023554799999999996,1258.8994718842773,1258.9737387799937,-16.2,0.727,48.9,0.72498124957635,long_nclose,35.451583104283515,0.028160773672595802,2.0
1688819040000.0,271464,1688819040000.0,0.024628755168529536,-0.0017738799999999998,1258.922326759446,1258.9817348999939,-12.2,0.727,36.7,0.72498124957635,long_nclose,26.606811859452048,0.021134593686919383,6.0
1688819160000.0,271466,1688819160000.0,0.018370628855214653,-0.00132314,1258.939374248301,1258.9923317599937,-9.1,0.727,27.6,0.72498124957635,long_nclose,20.009482488307263,0.015893920626840915,2.0
1688819220000.0,271467,1688819220000.0,0.013929377923184738,-0.0010032600000000002,1258.952300366224,1258.9982284999937,-6.9,0.727,20.7,0.72498124957635,long_nclose,15.007111866230446,0.011920318078663455,1.0
1688820840000.0,271494,1688820840000.0,0.010295627160614806,-0.00074154,1258.9618544533846,1258.9995869599936,-5.1,0.727,15.6,0.72498124957635,long_nclose,11.30970749339106,0.008983359943261746,27.0
1688821260000.0,271501,1688821260000.0,0.007873126652234852,-0.00056706,1258.9691605200367,1258.9892698999934,-3.9,0.727,11.7,0.72498124957635,long_nclose,8.482280620043294,0.0067374808581804795,7.0
1688821440000.0,271504,1688821440000.0,0.005854376228584889,-0.00042165999999999997,1258.9745932362653,1258.9967582399934,-2.9,0.727,8.8,0.72498124957635,long_nclose,6.379834996271881,0.005067485102993346,3.0
1688823600000.0,271540,1688823600000.0,0.018324376228584804,-0.000424154,1258.9924934584938,1259.0297740859933,-2.9,0.7313,5.9,0.72498124957635,long_nclose,4.2773893725004655,0.0033974701157672006,36.0
1688823660000.0,271541,1688823660000.0,0.012005625804934871,-0.000277894,1259.0042211902987,1259.0306961919932,-1.9,0.7313,4.0,0.72498124957635,long_nclose,2.8999249983054,0.002303348113927472,1.0
1688824080000.0,271548,1688824080000.0,0.008214375550744913,-0.000190138,1259.0122454278494,1259.0320060539932,-1.3,0.7313,2.7,0.72498124957635,long_nclose,1.9574493738561451,0.001554750067733413,7.0
1688824560000.0,271556,1688824560000.0,0.0056868753812849395,-0.000131634,1259.0178006692308,1259.0277344199933,-0.9,0.7313,1.8,0.72498124957635,long_nclose,1.30496624923743,0.0010364954717429534,8.0
1688824740000.0,271559,1688824740000.0,0.0037912502541899594,-8.775599999999999e-05,1259.021504163485,1259.0293266639933,-0.6,0.7313,1.2,0.72498124957635,long_nclose,0.86997749949162,0.00069099494854907,3.0
1688826480000.0,271588,1688826480000.0,0.002527500169459973,-5.8504e-05,1259.0239731596544,1259.0284681599933,-0.4,0.7313,0.8,0.72498124957635,long_nclose,0.5799849996610801,0.0004606623956536317,29.0
1688826660000.0,271591,1688826660000.0,0.0012637500847299866,-2.9252e-05,1259.025207657739,1259.0289989079931,-0.2,0.7313,0.6,0.72498124957635,long_nclose,0.43498874974581,0.0003454964579740646,3.0
1688826720000.0,271592,1688826720000.0,0.0012637500847299866,-2.9252e-05,1259.0264421558236,1259.029129655993,-0.2,0.7313,0.4,0.72498124957635,long_nclose,0.28999249983054004,0.0002303307461390466,1.0
1688829120000.0,271632,1688829120000.0,0.0002018750423649962,-1.4540000000000001e-05,1259.026629490866,1259.0272651159933,-0.1,0.727,0.3,0.72498124957635,long_nclose,0.217494374872905,0.00017274803390048777,40.0
1688832840000.0,271694,1688832840000.0,0.0006318750423649933,-1.4626e-05,1259.0272467399086,1259.0285504899932,-0.1,0.7313,0.2,0.72498124957635,long_nclose,0.14499624991527002,0.00011516529947284256,62.0
1688834520000.0,271722,1688834520000.0,0.0006318750423649933,-1.4626e-05,1259.0278639889511,1259.0285358639935,-0.1,0.7313,0.1,0.72498124957635,long_nclose,0.07249812495763501,5.758262150604097e-05,28.0
1688834640000.0,271724,1688834640000.0,0.0006318750423649933,-1.4626e-05,1259.0284812379937,1259.0284812379937,-0.1,0.7313,0.0,0.72498124957635,long_nclose,0.0,0.0,2.0
1688838000000.0,271780,1688838000000.0,0.0,-0.012597510000000001,1259.0158837279937,1259.0418937279937,86.7,0.7265,86.7,0.7265,long_ientry_normal,62.987550000000006,0.050029194082517436,56.0
1688838660000.0,271791,1688838660000.0,0.043200000000000044,-0.0031471200000000006,1259.0559366079938,1259.1991566079937,-21.6,0.7285,65.1,0.7265,long_nclose,47.29515,0.037563978394333494,11.0
1688838840000.0,271794,1688838840000.0,0.032400000000000026,-0.0023603400000000003,1259.0859762679938,1259.1837762679938,-16.2,0.7285,48.9,0.7265,long_nclose,35.52585,0.02821558707634942,3.0
1688839500000.0,271805,1688839500000.0,0.0,-0.00549234,1259.0804839279938,1259.0718139279938,37.8,0.7265,86.7,0.7265,long_ientry_partial,62.987550000000006,0.05002662721250013,11.0
1688864460000.0,272221,1688864460000.0,0.043200000000000044,-0.0031471200000000006,1259.1205368079939,1259.2181868079938,-21.6,0.7285,65.1,0.7265,long_nclose,47.29515,0.037562051143966164,416.0
1688864520000.0,272222,1688864520000.0,0.032400000000000026,-0.0023603400000000003,1259.150576467994,1259.233706467994,-16.2,0.7285,48.9,0.7265,long_nclose,35.52585,0.028214139487314147,1.0
1688864940000.0,272229,1688864940000.0,0.02440000000000002,-0.0017775400000000002,1259.173198927994,1259.261278927994,-12.2,0.7285,36.7,0.7265,long_nclose,26.662550000000003,0.021174648589010116,7.0
1688868060000.0,272281,1688868060000.0,0.018200000000000015,-0.00132587,1259.190073057994,1259.2425130579938,-9.1,0.7285,27.6,0.7265,long_nclose,20.0514,0.015924045486877425,52.0
1688868960000.0,272296,1688868960000.0,0.013800000000000014,-0.0010053300000000002,1259.2028677279939,1259.252547727994,-6.9,0.7285,20.7,0.7265,long_nclose,15.03855,0.011942912762845252,15.0
1688869500000.0,272305,1688869500000.0,0.010200000000000008,-0.00074307,1259.2123246579938,1259.2497646579939,-5.1,0.7285,15.6,0.7265,long_nclose,11.333400000000001,0.009000388400008863,9.0
1688870940000.0,272329,1688870940000.0,0.007800000000000007,-0.0005682300000000001,1259.219556427994,1259.248806427994,-3.9,0.7285,11.7,0.7265,long_nclose,8.50005,0.006750252532697271,24.0
1688871240000.0,272334,1688871240000.0,0.005800000000000005,-0.00042253,1259.2249338979939,1259.2548538979938,-2.9,0.7285,8.8,0.7265,long_nclose,6.393200000000001,0.005077091334436597,5.0
1688872380000.0,272353,1688872380000.0,0.004400000000000005,-0.00032054000000000007,1259.2290133579938,1259.2428733579939,-2.2,0.7285,6.6,0.7265,long_nclose,4.7949,0.0038078061648320906,19.0
1688872800000.0,272360,1688872800000.0,0.003200000000000003,-0.00023312000000000004,1259.2319802379939,1259.242480237994,-1.6,0.7285,5.0,0.7265,long_nclose,3.6325000000000003,0.0028846948433706872,7.0
1688873460000.0,272371,1688873460000.0,0.002400000000000002,-0.00017484,1259.234205397994,1259.244845397994,-1.2,0.7285,3.8,0.7265,long_nclose,2.7607,0.00219236420688513,11.0
1688876220000.0,272417,1688876220000.0,0.0018000000000000017,-0.00013113000000000003,1259.235874267994,1259.2428342679939,-0.9,0.7285,2.9,0.7265,long_nclose,2.10685,0.0016731178352306175,46.0
1688876700000.0,272425,1688876700000.0,0.001400000000000001,-0.00010199,1259.237172277994,1259.242672277994,-0.7,0.7285,2.2,0.7265,long_nclose,1.5983000000000003,0.0012692604976937208,8.0
1688877060000.0,272431,1688877060000.0,0.0010000000000000009,-7.285000000000001e-05,1259.238099427994,1259.2418394279941,-0.5,0.7285,1.7,0.7265,long_nclose,1.23505,0.00098079148062707,6.0
1688877600000.0,272440,1688877600000.0,0.0008000000000000008,-5.828000000000001e-05,1259.238841147994,1259.242221147994,-0.4,0.7285,1.3,0.7265,long_nclose,0.9444500000000001,0.0007500165728202805,9.0
1688880480000.0,272488,1688880480000.0,0.0006000000000000005,-4.371e-05,1259.239397437994,1259.2417974379941,-0.3,0.7285,1.0,0.7265,long_nclose,0.7265,0.0005769355703753492,48.0
1688880900000.0,272495,1688880900000.0,0.0004000000000000004,-2.9140000000000006e-05,1259.239768297994,1259.241448297994,-0.2,0.7285,0.8,0.7265,long_nclose,0.5812,0.00046154832036916847,7.0
1688881680000.0,272508,1688881680000.0,0.0004000000000000004,-2.9140000000000006e-05,1259.240139157994,1259.241399157994,-0.2,0.7285,0.6,0.7265,long_nclose,0.4359,0.0003461611383286033,13.0
1688881920000.0,272512,1688881920000.0,0.0002000000000000002,-1.4570000000000003e-05,1259.2403245879939,1259.2413245879939,-0.1,0.7285,0.5,0.7265,long_nclose,0.36325,0.00028846757279540777,4.0
1688881980000.0,272513,1688881980000.0,0.0002000000000000002,-1.4570000000000003e-05,1259.2405100179938,1259.2414300179937,-0.1,0.7285,0.4,0.7265,long_nclose,0.2906,0.00023077402425359357,1.0
1688882160000.0,272516,1688882160000.0,0.0002000000000000002,-1.4570000000000003e-05,1259.2406954479936,1259.2414154479936,-0.1,0.7285,0.3,0.7265,long_nclose,0.21795,0.0001730804927031532,3.0
1688882400000.0,272520,1688882400000.0,0.0002000000000000002,-1.4570000000000003e-05,1259.2408808779935,1259.2413208779935,-0.1,0.7285,0.2,0.7265,long_nclose,0.1453,0.00011538697814407914,4.0
1688885460000.0,272571,1688885460000.0,0.0002000000000000002,-1.4570000000000003e-05,1259.2410663079934,1259.2412363079934,-0.1,0.7285,0.1,0.7265,long_nclose,0.07265,5.769348057636392e-05,51.0
1688885520000.0,272572,1688885520000.0,0.0002000000000000002,-1.4570000000000003e-05,1259.2412517379933,1259.2412517379933,-0.1,0.7285,0.0,0.7265,long_nclose,0.0,0.0,1.0
1688911740000.0,273009,1688911740000.0,0.0,-0.012590208000000002,1259.2286615299934,1259.2113815299933,86.4,0.7286,86.4,0.7286,long_ientry_normal,62.951040000000006,0.04999174647399859,437.0
1688912340000.0,273019,1688912340000.0,0.043200000000000044,-0.0031561920000000004,1259.2687053379934,1259.4047853379934,-21.6,0.7306,64.8,0.7286,long_nclose,47.21328,0.03749261758023895,10.0
1688912640000.0,273024,1688912640000.0,0.032400000000000026,-0.0023671440000000003,1259.2987381939936,1259.4007981939935,-16.2,0.7306,48.6,0.7286,long_nclose,35.409960000000005,0.028118792567665654,5.0
1688912820000.0,273027,1688912820000.0,0.02420000000000002,-0.0017680520000000002,1259.3211701419937,1259.4087701419937,-12.1,0.7306,36.5,0.7286,long_nclose,26.5939,0.021117647055041114,3.0
1688913060000.0,273031,1688913060000.0,0.018200000000000015,-0.0013296920000000002,1259.3380404499937,1259.4010604499938,-9.1,0.7306,27.4,0.7286,long_nclose,19.963639999999998,0.01585248706762362,4.0
1688913240000.0,273034,1688913240000.0,0.013600000000000011,-0.0009936160000000001,1259.3506468339938,1259.4021468339938,-6.8,0.7306,20.6,0.7286,long_nclose,15.009160000000001,0.01191817389202365,3.0
1688919360000.0,273136,1688919360000.0,0.010200000000000008,-0.000745212,1259.3601016219936,1259.4019516219937,-5.1,0.7306,15.5,0.7286,long_nclose,11.2933,0.008967490700598492,102.0
1688920440000.0,273154,1688920440000.0,0.007600000000000006,-0.000555256,1259.3671463659934,1259.3952263659935,-3.8,0.7306,11.7,0.7286,long_nclose,8.52462,0.00676897124448457,18.0
1688922060000.0,273181,1688922060000.0,0.0,-0.010892754,1259.3562536119935,1259.3534636119934,74.7,0.7291,86.4,0.7290322916666665,long_ientry_partial,62.98838999999999,0.050016339553912006,27.0
1688923440000.0,273204,1688923440000.0,0.044662500000003026,-0.003158352,1259.3977577599935,1259.5382252599936,-21.6,0.7311,64.8,0.7290322916666665,long_nclose,47.241292499999986,0.03751101842838351,23.0
1688923560000.0,273206,1688923560000.0,0.033496875000002264,-0.0023687639999999998,1259.4288858709936,1259.5488164959936,-16.2,0.7311,48.6,0.7290322916666665,long_nclose,35.43096937499999,0.028132568478050037,2.0
1688924160000.0,273216,1688924160000.0,0.025019270833335026,-0.001769262,1259.452135879827,1259.5203072339937,-12.1,0.7311,36.5,0.7290322916666665,long_nclose,26.609678645833327,0.021127979291761145,10.0
1688924460000.0,273221,1688924460000.0,0.018816145833334606,-0.001330602,1259.4696214236603,1259.5290166319937,-9.1,0.7311,27.4,0.7290322916666665,long_nclose,19.975484791666663,0.01586023549268864,5.0
1688924700000.0,273225,1688924700000.0,0.014060416666667618,-0.000994296,1259.482687544327,1259.5314623359936,-6.8,0.7311,20.6,0.7290322916666665,long_nclose,15.018065208333331,0.011923994951939167,4.0
1688927460000.0,273271,1688927460000.0,0.010545312500000714,-0.000745722,1259.4924871348271,1259.5431366139937,-5.1,0.7311,15.5,0.7290322916666665,long_nclose,11.300000520833331,0.008971868142333491,46.0
1688929080000.0,273298,1688929080000.0,0.007857291666667198,-0.000555636,1259.4997887904938,1259.5251509779937,-3.8,0.7311,11.7,0.7290322916666665,long_nclose,8.529677812499997,0.006772274111050948,27.0
1688929320000.0,273302,1688929320000.0,0.005996354166667072,-0.000424038,1259.5053611066605,1259.526196939994,-2.9,0.7311,8.8,0.7290322916666665,long_nclose,6.4154841666666655,0.005093653718972439,4.0
1688931180000.0,273333,1688931180000.0,0.0,-0.011318736,1259.4940423706605,1259.487758203994,77.6,0.7293,86.4,0.7292727334104936,long_ientry_partial,63.00916416666665,0.05002736181909107,31.0
1688931840000.0,273344,1688931840000.0,0.04378895833333738,-0.0031592160000000003,1259.5346721129938,1259.6789989879937,-21.6,0.7313,64.8,0.7292727334104936,long_nclose,47.256873124999984,0.03751931103708476,11.0
1688933640000.0,273374,1688933640000.0,0.0,-0.003150576,1259.5315215369938,1259.5246484119937,21.6,0.7293,86.4,0.72927955005787,long_ientry_partial,63.009753124999975,0.05002634078431781,30.0
1688947860000.0,273611,1688947860000.0,0.0,-0.017285976,1259.5142355609937,1257.5319224359937,122.7,0.7044,209.1,0.7146802158058344,long_rentry,149.43963312499997,0.11864862572072386,237.0
1688992260000.0,274351,1688992260000.0,0.10543273493544417,-0.007482348000000001,1259.6121859479292,1259.9290900879937,-52.2,0.7167,156.9,0.7146802158058344,long_nclose,112.13332585993543,0.0890221030813137,740.0
1688992320000.0,274352,1688992320000.0,0.0791755404112914,-0.0056189280000000005,1259.6857425603405,1259.9234711599938,-39.2,0.7167,117.7,0.7146802158058344,long_nclose,84.11786140034671,0.0667768623223243,1.0
1688992440000.0,274354,1688992440000.0,0.05938165530846855,-0.004214196,1259.740910019649,1259.9545769639938,-29.4,0.7167,88.3,0.7146802158058344,long_nclose,63.10626305565518,0.050094636566713445,2.0
1688996160000.0,274416,1688996160000.0,0.04443525227164313,-0.00315348,1259.7821917919205,1259.9293634839937,-22.0,0.7167,66.3,0.7146802158058344,long_nclose,47.38329830792682,0.0376122941065936,62.0
1688996520000.0,274422,1688996520000.0,0.03332643920373235,-0.00236511,1259.813153121124,1259.9187183739934,-16.5,0.7167,49.8,0.7146802158058344,long_nclose,35.59107474713055,0.028251074104882493,6.0
1688998740000.0,274459,1688998740000.0,0.025045324007653403,-0.0017774160000000002,1259.8364210291315,1259.9157009579933,-12.4,0.7167,37.4,0.7146802158058344,long_nclose,26.729040071138204,0.021216278260398173,37.0
1689000540000.0,274489,1689000540000.0,0.07712532400765318,-0.001787832,1259.9117585211393,1260.0672531259934,-12.4,0.7209,25.0,0.7146802158058344,long_nclose,17.86700539514586,0.014181156159791552,30.0
1689000600000.0,274490,1689000600000.0,0.051624208811574306,-0.001196694,1259.9621860359507,1260.0744064319933,-8.3,0.7209,16.7,0.7146802158058344,long_nclose,11.935159603957434,0.009472633176006193,1.0
1689001080000.0,274498,1689001080000.0,0.03420881306791068,-0.00079299,1259.9956018590185,1260.0686234419932,-5.5,0.7209,11.2,0.7146802158058344,long_nclose,8.004418417025345,0.006352735204166978,8.0
1689001380000.0,274503,1689001380000.0,0.023013201518412643,-0.000533466,1260.0180815945369,1260.066229975993,-3.7,0.7209,7.5,0.7146802158058344,long_nclose,5.360101618543758,0.004253987856873147,5.0
1689002100000.0,274515,1689002100000.0,0.015549460485413946,-0.00036045,1260.0332706050222,1260.073369525993,-2.5,0.7209,5.0,0.7146802158058344,long_nclose,3.573401079029172,0.0028359577182540227,12.0
1689003300000.0,274535,1689003300000.0,0.026299460485413872,-0.00036260000000000003,1260.0592074655076,1260.087006925993,-2.5,0.7252,2.5,0.7146802158058344,long_nclose,1.786700539514586,0.001417949671673261,20.0
1689003600000.0,274540,1689003600000.0,0.036799460485414104,-0.00036470000000000003,1260.0956422259928,1260.0956422259928,-2.5,0.7294,0.0,0.7146802158058344,long_nclose,0.0,0.0,5.0
1689036600000.0,275090,1689036600000.0,0.0,-0.012603976000000001,1260.0830382499928,1260.1004182499928,86.9,0.7252,86.9,0.7252,long_ientry_normal,63.01988,0.05001248178653544,550.0
1689037260000.0,275101,1689037260000.0,0.043400000000000036,-0.003156048,1260.1232822019929,1260.247162201993,-21.7,0.7272,65.2,0.7252,long_nclose,47.28304,0.037522550902619314,11.0
1689037680000.0,275108,1689037680000.0,0.03260000000000003,-0.0023706720000000003,1260.1535115299928,1260.2806515299928,-16.3,0.7272,48.9,0.7252,long_nclose,35.46228,0.028141238091654492,7.0
1689037980000.0,275113,1689037980000.0,0.02440000000000002,-0.001774368,1260.1761371619928,1260.2091671619928,-12.2,0.7272,36.7,0.7252,long_nclose,26.61484,0.02111993650343081,5.0
1689038160000.0,275116,1689038160000.0,0.0,-0.007281008,1260.1688561539927,1260.1601661539928,50.2,0.7252,86.9,0.7252,long_ientry_partial,63.01988,0.05000907592045662,3.0
1689040740000.0,275159,1689040740000.0,0.043400000000000036,-0.003156048,1260.2091001059928,1260.3134201059927,-21.7,0.7272,65.2,0.7252,long_nclose,47.28304,0.0375199956864485,43.0
1689040860000.0,275161,1689040860000.0,0.03260000000000003,-0.0023706720000000003,1260.2393294339927,1260.3517994339927,-16.3,0.7272,48.9,0.7252,long_nclose,35.46228,0.028139321771466268,2.0
1689041040000.0,275164,1689041040000.0,0.02440000000000002,-0.001774368,1260.2619550659927,1260.3537050659927,-12.2,0.7272,36.7,0.7252,long_nclose,26.61484,0.0211184983352182,3.0
1689043860000.0,275211,1689043860000.0,0.07686000000000101,-0.00178486,1260.3370302059925,1260.4962802059924,-12.2,0.7315,24.5,0.7252,long_nclose,17.7674,0.01409734029404504,47.0
1689045300000.0,275235,1689045300000.0,0.05103000000000067,-0.0011850300000000001,1260.3868751759926,1260.4951151759926,-8.1,0.7315,16.4,0.7252,long_nclose,11.893279999999999,0.00943621378026433,24.0
1689045660000.0,275241,1689045660000.0,0.03402000000000045,-0.0007900200000000001,1260.4201051559926,1260.4927051559926,-5.4,0.7315,11.0,0.7252,long_nclose,7.9772,0.006329000915938835,6.0
1689045780000.0,275243,1689045780000.0,0.0226800000000003,-0.0005266800000000001,1260.4422584759927,1260.4888784759928,-3.6,0.7315,7.4,0.7252,long_nclose,5.36648,0.004257616692801651,2.0
1689046260000.0,275251,1689046260000.0,0.0151200000000002,-0.00035112,1260.4570273559928,1260.4905273559928,-2.4,0.7315,5.0,0.7252,long_nclose,3.626,0.0028767343283460493,8.0
1689046500000.0,275255,1689046500000.0,0.010080000000000134,-0.00023408000000000004,1260.4668732759928,1260.4893132759928,-1.6,0.7315,3.4,0.7252,long_nclose,2.46568,0.001956164062917116,4.0
1689046680000.0,275258,1689046680000.0,0.006930000000000092,-0.00016093000000000002,1260.4736423459929,1260.4881323459929,-1.1,0.7315,2.3,0.7252,long_nclose,1.6679599999999997,0.0013232803479298412,3.0
1689046980000.0,275263,1689046980000.0,0.004410000000000058,-0.00010241,1260.477949935993,1260.4893099359929,-0.7,0.7315,1.6,0.7252,long_nclose,1.16032,0.0009205397048468171,5.0
1689047400000.0,275270,1689047400000.0,0.0031500000000000417,-7.315e-05,1260.481026785993,1260.488286785993,-0.5,0.7315,1.1,0.7252,long_nclose,0.79772,0.000632869502236021,7.0
1689057000000.0,275430,1689057000000.0,0.005350000000000021,-7.359e-05,1260.4863031959928,1260.4931431959928,-0.5,0.7359,0.6,0.7252,long_nclose,0.43511999999999995,0.00034520010165659307,160.0
1689057600000.0,275440,1689057600000.0,0.0032100000000000128,-4.4154e-05,1260.4894690419928,1260.4927390419928,-0.3,0.7359,0.3,0.7252,long_nclose,0.21755999999999998,0.00017259961732591993,10.0
1689057900000.0,275445,1689057900000.0,0.0010700000000000043,-1.4718000000000002e-05,1260.4905243239928,1260.4926843239928,-0.1,0.7359,0.2,0.7252,long_nclose,0.14504,0.00011506631521707445,5.0
1689058200000.0,275450,1689058200000.0,0.0010700000000000043,-1.4718000000000002e-05,1260.4915796059927,1260.4926896059926,-0.1,0.7359,0.1,0.7252,long_nclose,0.07252,5.7533109441848446e-05,5.0
1689058740000.0,275459,1689058740000.0,0.0010700000000000043,-1.4718000000000002e-05,1260.4926348879926,1260.4926348879926,-0.1,0.7359,0.0,0.7252,long_nclose,0.0,0.0,9.0
1689067320000.0,275602,1689067320000.0,0.0,-0.012608240000000001,1260.4800266479926,1260.4713766479927,86.5,0.7288,86.5,0.7288,long_ientry_normal,63.0412,0.05001364453798297,143.0
1689069420000.0,275637,1689069420000.0,0.043200000000000044,-0.0031570560000000005,1260.5200695919928,1260.6563595919927,-21.6,0.7308,64.9,0.7288,long_nclose,47.29912,0.03752349616718904,35.0
1689070080000.0,275648,1689070080000.0,0.0,-0.0031484160000000002,1260.5169211759928,1260.447721175993,21.6,0.7288,86.5,0.7288,long_ientry_partial,63.0412,0.05001218067043958,11.0
1689070800000.0,275660,1689070800000.0,0.043200000000000044,-0.0031570560000000005,1260.556964119993,1260.6932541199928,-21.6,0.7308,64.9,0.7288,long_nclose,47.29912,0.03752239791322717,12.0
1689071280000.0,275668,1689071280000.0,0.0,-0.0031484160000000002,1260.553815703993,1260.657615703993,21.6,0.7288,86.5,0.7288,long_ientry_partial,63.0412,0.05001071688858663,8.0
1689073500000.0,275705,1689073500000.0,0.043200000000000044,-0.0031570560000000005,1260.593858647993,1260.736638647993,-21.6,0.7308,64.9,0.7288,long_nclose,47.29912,0.03752129972355177,37.0
1689077280000.0,275768,1689077280000.0,0.032400000000000026,-0.002367792,1260.623890855993,1260.7310308559931,-16.2,0.7308,48.7,0.7288,long_nclose,35.492560000000005,0.028154757543028736,63.0
1689077700000.0,275775,1689077700000.0,0.02420000000000002,-0.001768536,1260.646322319993,1260.730502319993,-12.1,0.7308,36.6,0.7288,long_nclose,26.67408,0.021159051137285792,7.0
1689077820000.0,275777,1689077820000.0,0.018200000000000015,-0.001330056,1260.663192263993,1260.737442263993,-9.1,0.7308,27.5,0.7288,long_nclose,20.042,0.01589798141405801,2.0
1689078540000.0,275789,1689078540000.0,0.013600000000000011,-0.000993888,1260.675798375993,1260.7192683759931,-6.8,0.7308,20.7,0.7288,long_nclose,15.08616,0.011966724529362777,12.0
1689079680000.0,275808,1689079680000.0,0.010200000000000008,-0.000745416,1260.685252959993,1260.727372959993,-5.1,0.7308,15.6,0.7288,long_nclose,11.36928,0.009018333460557103,19.0
1689082740000.0,275859,1689082740000.0,0.0332799999999998,-0.000764608,1260.717768351993,1260.7874483519931,-5.2,0.7352,10.4,0.7288,long_nclose,7.5795200000000005,0.006012067244763219,51.0
1689082980000.0,275863,1689082980000.0,0.0,-0.011085359999999999,1260.7066829919931,1260.8501229919932,76.0,0.7293,86.4,0.7292398148148147,long_ientry_partial,63.006319999999995,0.049976985804873496,4.0
1689083040000.0,275864,1689083040000.0,0.044500000000001365,-0.0031592160000000003,1260.748023775993,1260.888003775993,-21.6,0.7313,64.8,0.7292398148148147,long_nclose,47.25473999999999,0.03748151026917343,1.0
1689083400000.0,275870,1689083400000.0,0.03337500000000102,-0.002369412,1260.779029363993,1260.869434363993,-16.2,0.7313,48.6,0.7292398148148147,long_nclose,35.441055,0.02811044138153094,6.0
1689083640000.0,275874,1689083640000.0,0.024928240740741504,-0.001769746,1260.8021878587338,1260.888334617993,-12.1,0.7313,36.5,0.7292398148148147,long_nclose,26.617253240740737,0.02111136346134185,4.0
1689083880000.0,275878,1689083880000.0,0.01874768518518576,-0.001330966,1260.8196045779189,1260.8815336519929,-9.1,0.7313,27.4,0.7292398148148147,long_nclose,19.981170925925923,0.01584776351301657,4.0
1689084660000.0,275891,1689084660000.0,0.014009259259259688,-0.000994568,1260.8326192691782,1260.879179083993,-6.8,0.7313,20.6,0.7292398148148147,long_nclose,15.022340185185184,0.011914618923717764,13.0
1689084960000.0,275896,1689084960000.0,0.0,-0.009598904,1260.823020365178,1260.7572001799929,65.8,0.7294,86.4,0.7293618076989026,long_ientry_partial,63.01686018518519,0.049980734145330975,5.0
1689085560000.0,275906,1689085560000.0,0.044024953703705454,-0.0031596480000000006,1260.8638856708817,1261.0024405319928,-21.6,0.7314,64.8,0.7293618076989026,long_nclose,47.262645138888885,0.03748433568127882,10.0
1689085740000.0,275909,1689085740000.0,0.03301871527777909,-0.002369736,1260.8945346501596,1261.008170795993,-16.2,0.7314,48.6,0.7293618076989026,long_nclose,35.44698385416667,0.028112568402877233,3.0
1689085860000.0,275911,1689085860000.0,0.024662126843279442,-0.0017699880000000001,1260.9174267890028,1261.035620807993,-12.1,0.7314,36.5,0.7293618076989026,long_nclose,26.621705981009946,0.021112965381724972,2.0
1689087900000.0,275945,1689087900000.0,0.07669212684327908,-0.0017803940000000002,1260.992338521846,1261.1469904139929,-12.1,0.7357,24.4,0.7293618076989026,long_nclose,17.79642810785322,0.014113034285929492,34.0
1689088200000.0,275950,1689088200000.0,0.051339357638889305,-0.0011918340000000001,1261.0424860454848,1261.1457985799927,-8.1,0.7357,16.3,0.7293618076989026,long_nclose,11.888597465492113,0.009427594706006837,5.0
1689088260000.0,275951,1689088260000.0,0.0342262384259262,-0.0007945560000000001,1261.0759177279106,1261.1439140239925,-5.4,0.7357,10.9,0.7293618076989026,long_nclose,7.9500437039180385,0.006304175341197292,1.0
1689088320000.0,275952,1689088320000.0,0.022817492283950802,-0.000529704,1261.0982055161946,1261.1473943199926,-3.6,0.7357,7.3,0.7293618076989026,long_nclose,5.324341196201988,0.004221987766624901,1.0
1689088620000.0,275957,1689088620000.0,0.015211661522633868,-0.000353136,1261.1130640417173,1261.1490211839925,-2.4,0.7357,4.9,0.7293618076989026,long_nclose,3.573872857724623,0.0028339036043848326,5.0
1689088860000.0,275961,1689088860000.0,0.010141107681755912,-0.00023542400000000006,1261.122969725399,1261.1478457599926,-1.6,0.7357,3.3,0.7293618076989026,long_nclose,2.4068939654063786,0.001908532334424504,4.0
1689089100000.0,275965,1689089100000.0,0.00697201153120719,-0.000161854,1261.12977988293,1261.1441639059924,-1.1,0.7357,2.2,0.7293618076989026,long_nclose,1.6045959769375857,0.0012723480188427073,4.0
1689091860000.0,276011,1689091860000.0,0.0010190961505487373,-7.314000000000001e-05,1261.1307258390805,1261.1331707659924,-0.5,0.7314,1.7,0.7293618076989026,long_nclose,1.2399150730881343,0.0009831772770924833,46.0
1689092340000.0,276019,1689092340000.0,0.0,-0.012364506,1261.1183613330804,1261.1279162599924,84.7,0.7299,86.4,0.7298894105681497,long_ientry_partial,63.06244507308814,0.050005175570060865,8.0
1689093900000.0,276045,1689093900000.0,0.04342873172796616,-0.0031618080000000003,1261.1586282568085,1261.2953944519925,-21.6,0.7319,64.8,0.7298894105681497,long_nclose,47.296833804816096,0.0375026842342509,26.0
1689094020000.0,276047,1689094020000.0,0.03257154879597461,-0.002371356,1261.1888284496044,1261.2768230959923,-16.2,0.7319,48.6,0.7298894105681497,long_nclose,35.472625353612074,0.02812633965146918,2.0
1689094140000.0,276049,1689094140000.0,0.024328132125388445,-0.001771198,1261.21138538373,1261.3103218979925,-12.1,0.7319,36.5,0.7298894105681497,long_nclose,26.640963485737466,0.02112331350198826,2.0
1689094860000.0,276061,1689094860000.0,0.01829636382983759,-0.0013320580000000001,1261.22834968956,1261.2834398399928,-9.1,0.7319,27.4,0.7298894105681497,long_nclose,19.998969849567303,0.015856739863554344,12.0
1689094920000.0,276062,1689094920000.0,0.013672008136581936,-0.000995384,1261.2410263136967,1261.2906844559927,-6.8,0.7319,20.6,0.7298894105681497,long_nclose,15.035721857703885,0.011921370732483762,1.0
1689097920000.0,276112,1689097920000.0,0.010254006102436451,-0.000746538,1261.2505337817993,1261.289447917993,-5.1,0.7319,15.5,0.7298894105681497,long_nclose,11.313285863806321,0.008969895798484997,50.0
1689098520000.0,276122,1689098520000.0,0.032694006102436245,-0.0007510259999999999,1261.2824767619018,1261.353306891993,-5.1,0.7363,10.4,0.7298894105681497,long_nclose,7.590849869908757,0.006018358305743526,10.0
1689099240000.0,276134,1689099240000.0,0.02179600406829083,-0.0005006839999999999,1261.3037720819702,1261.3472462079933,-3.4,0.7363,7.0,0.7298894105681497,long_nclose,5.1092258739770475,0.0040507496981028665,12.0
1689099420000.0,276137,1689099420000.0,0.014744355693255561,-0.00033869799999999996,1261.3181777396635,1261.3487775099932,-2.3,0.7363,4.7,0.7298894105681497,long_nclose,3.430480229670304,0.002719758019992919,3.0
1689099720000.0,276142,1689099720000.0,0.009615884147775366,-0.00022089,1261.3275727338112,1261.346806619993,-1.5,0.7363,3.2,0.7298894105681497,long_nclose,2.335646113818079,0.0018517363485171276,5.0
1689100260000.0,276151,1689100260000.0,0.0,-0.012139248000000002,1261.3154334858111,1261.299807371993,83.1,0.7304,86.3,0.7303810673675328,long_ientry_partial,63.03188611381808,0.04997313474522481,9.0
1689102960000.0,276196,1689102960000.0,0.0434070515980452,-0.00314932,1261.3556912174092,1261.512438051993,-21.5,0.7324,64.8,0.7303810673675328,long_nclose,47.32869316541613,0.03752208317999215,45.0
1689104400000.0,276220,1689104400000.0,0.13864894486129106,-0.0031829760000000006,1261.4911571862704,1261.772775075993,-21.6,0.7368,43.2,0.7303810673675328,long_nclose,31.55246211027742,0.025012035899367322,24.0
1689104700000.0,276225,1689104700000.0,0.09243262990752736,-0.0021219840000000004,1261.5814678321779,1261.783613091993,-14.4,0.7368,28.8,0.7303810673675328,long_nclose,21.034974740184946,0.01667349693740359,5.0
1689105180000.0,276233,1689105180000.0,0.061621753271684905,-0.001414656,1261.6416749294497,1261.7668384359931,-9.6,0.7368,19.2,0.7303810673675328,long_nclose,14.02331649345663,0.01111513417170593,8.0
1689105360000.0,276236,1689105360000.0,0.041081168847789944,-0.0009431040000000002,1261.6818129942974,1261.758855331993,-6.4,0.7368,12.8,0.7303810673675328,long_nclose,9.348877662304421,0.00740985370956336,3.0
1689105720000.0,276242,1689105720000.0,0.02695951705636215,-0.000618912,1261.7081535993539,1261.764216419993,-4.2,0.7368,8.6,0.7303810673675328,long_nclose,6.2812771793607824,0.004978391525363286,6.0
1689105900000.0,276245,1689105900000.0,0.017973011370908096,-0.000412608,1261.7257140027248,1261.778023811993,-2.8,0.7368,5.8,0.7303810673675328,long_nclose,4.236210190731691,0.0033574731367665084,3.0
1689106140000.0,276249,1689106140000.0,0.03108490463415473,-0.000429838,1261.756369069359,1261.787163973993,-2.9,0.7411,2.9,0.7303810673675328,long_nclose,2.1181050953658453,0.0016786957825527828,4.0
1689106260000.0,276251,1689106260000.0,0.015006505685454008,-0.000207508,1261.7711680670445,1261.7873964659932,-1.4,0.7411,1.5,0.7303810673675328,long_nclose,1.0955716010512992,0.0008682807380435291,2.0
1689106560000.0,276256,1689106560000.0,0.007503252842727004,-0.000103754,1261.7785675658872,1261.7883427119932,-0.7,0.7411,0.8,0.7303810673675328,long_nclose,0.5843048538940263,0.0004630803446132518,5.0
1689106920000.0,276262,1689106920000.0,0.012095146105973776,-0.00011928000000000001,1261.7905434319932,1261.7905434319932,-0.8,0.7455,0.0,0.7303810673675328,long_nclose,0.0,0.0,6.0
1689184740000.0,277559,1689184740000.0,0.0,-0.01261162,1261.7779318119933,1261.7862618119932,83.3,0.757,83.3,0.757,long_ientry_normal,63.058099999999996,0.04997559270151805,1297.0
1689186240000.0,277584,1689186240000.0,0.04367999999999981,-0.003157856,1261.8184539559934,1261.9559539559934,-20.8,0.7591,62.5,0.757,long_nclose,47.3125,0.03749548903145939,25.0
1689186960000.0,277596,1689186960000.0,0.03275999999999985,-0.002368392,1261.8488455639933,1261.9707855639933,-15.6,0.7591,46.9,0.757,long_nclose,35.503299999999996,0.028135937299313782,12.0
1689189600000.0,277640,1689189600000.0,0.0,-0.005512416,1261.8433331479932,1261.8527131479932,36.4,0.7572,83.3,0.7570873949579832,long_ientry_partial,63.06538,0.04997877180415667,44.0
1689206400000.0,277920,1689206400000.0,0.04394218487394994,-0.003158272,1261.884117060867,1262.003654875993,-20.8,0.7592,62.5,0.7570873949579832,long_nclose,47.31796218487395,0.03749786651969688,280.0
1689206460000.0,277921,1689206460000.0,0.03295663865546245,-0.002368704,1261.9147049955225,1261.990336171993,-15.6,0.7592,46.9,0.7570873949579832,long_nclose,35.50739882352941,0.028137716981161097,1.0
1689206880000.0,277928,1689206880000.0,0.02471747899159684,-0.0017765279999999999,1261.937645946514,1262.015529643993,-11.7,0.7592,35.2,0.7570873949579832,long_nclose,26.64947630252101,0.021117902606457722,7.0
1689207120000.0,277932,1689207120000.0,0.018590924369748053,-0.0013361920000000002,1261.9549006788839,1262.0106734519932,-8.8,0.7592,26.4,0.7570873949579832,long_nclose,19.987107226890753,0.015838210395742708,4.0
1689207180000.0,277933,1689207180000.0,0.013943193277311038,-0.0010021440000000002,1261.9678417281611,1262.0136313079931,-6.6,0.7592,19.8,0.7570873949579832,long_nclose,14.990330420168068,0.011878535985227676,1.0
1689208620000.0,277957,1689208620000.0,0.0,-0.009631440000000002,1261.9582102881611,1261.9283298679932,63.7,0.756,83.5,0.7562578493433302,long_ientry_partial,63.14753042016807,0.0500393197693517,24.0
1689221940000.0,278179,1689221940000.0,0.044556733658731494,-0.0031549440000000002,1261.9996120778198,1262.152734923993,-20.8,0.7584,62.7,0.7562578493433302,long_nclose,47.4173671538268,0.037573202638118454,222.0
1689222960000.0,278196,1689222960000.0,0.03341755024404862,-0.002366208,1262.0306634200638,1262.155108715993,-15.6,0.7584,47.1,0.7562578493433302,long_nclose,35.619744704070854,0.028224151549172707,17.0
1689223260000.0,278201,1689223260000.0,0.025063162683036464,-0.0017746559999999999,1262.0539519267468,1262.1687240599929,-11.7,0.7584,35.4,0.7562578493433302,long_nclose,26.77152786675389,0.02121266513676571,5.0
1689223680000.0,278208,1689223680000.0,0.018850925778694096,-0.001334784,1262.0714680685255,1262.115149275993,-8.8,0.7584,26.6,0.7562578493433302,long_nclose,20.116458792532583,0.015939239022112445,7.0
1689223740000.0,278209,1689223740000.0,0.01413819433402057,-0.0010010879999999998,1262.0846051748595,1262.129448187993,-6.6,0.7584,20.0,0.7562578493433302,long_nclose,15.125156986866603,0.01198426549602912,1.0
1689224040000.0,278214,1689224040000.0,0.010710753283348917,-0.0007584,1262.0945575281428,1262.1326897879928,-5.0,0.7584,15.0,0.7562578493433302,long_nclose,11.343867740149953,0.00898812824481814,5.0
1689224460000.0,278221,1689224460000.0,0.0,-0.010359972,1262.0841975561427,1262.0501098159928,68.6,0.7551,83.6,0.7553077480879181,long_ientry_partial,63.14372774014995,0.05003131158952733,7.0
1689225120000.0,278232,1689225120000.0,0.043728064962510534,-0.0031659319999999998,1262.1247596891053,1262.262213883993,-20.9,0.7574,62.7,0.7553077480879181,long_nclose,47.35779580511247,0.03752227776339476,11.0
1689225540000.0,278239,1689225540000.0,0.0,-0.003156736,1262.1216029531054,1262.089767147993,20.9,0.7552,83.6,0.7552808110659387,long_ientry_partial,63.14147580511247,0.05002804456985316,7.0
1689227580000.0,278273,1689227580000.0,0.04429104872188047,-0.0031659319999999998,1262.1627280698272,1262.3018712159928,-20.9,0.7574,62.7,0.7552808110659387,long_nclose,47.356106853834355,0.037519810877519794,34.0
1689227880000.0,278278,1689227880000.0,0.03305934737135576,-0.0023630879999999997,1262.1934243291985,1262.3120781279927,-15.6,0.7574,47.1,0.7552808110659387,long_nclose,35.573726201205716,0.02818405286821362,5.0
1689228180000.0,278283,1689228180000.0,0.02479451052851682,-0.0017723159999999997,1262.216446523727,1262.3091658119927,-11.7,0.7574,35.4,0.7552808110659387,long_nclose,26.736940711734228,0.021182532350430463,5.0
1689231900000.0,278345,1689231900000.0,0.07810642942192365,-0.0017980840000000001,1262.292754869149,1262.4536877279927,-11.8,0.7619,23.6,0.7552808110659387,long_nclose,17.824627141156153,0.014120834546819434,62.0
1689233640000.0,278374,1689233640000.0,0.05162967368567834,-0.001188564,1262.3431959788347,1262.4509391639929,-7.8,0.7619,15.8,0.7552808110659387,long_nclose,11.933436814841832,0.00945340130390493,29.0
1689234300000.0,278385,1689234300000.0,0.08784159257908407,-0.0012109120000000002,1262.4298266594137,1262.5295182519928,-7.9,0.7664,7.9,0.7552808110659387,long_nclose,5.966718407420916,0.004726376295472822,11.0
1689235200000.0,278400,1689235200000.0,0.04336483684283897,-0.000597792,1262.4725937042565,1262.5178704599928,-3.9,0.7664,4.0,0.7552808110659387,long_nclose,3.021123244263755,0.0023930208539413847,15.0
1689235560000.0,278406,1689235560000.0,0.02223837786812255,-0.00030656,1262.4945255221248,1262.517363899993,-2.0,0.7664,2.0,0.7552808110659387,long_nclose,1.5105616221318774,0.0011964896414161958,6.0
1689236040000.0,278414,1689236040000.0,0.011119188934061275,-0.00015328,1262.505491431059,1262.517110619993,-1.0,0.7664,1.0,0.7552808110659387,long_nclose,0.7552808110659387,0.0005982396244548786,8.0
1689236580000.0,278423,1689236580000.0,0.015619188934061334,-0.00015418000000000002,1262.5209564399931,1262.5209564399931,-1.0,0.7709,0.0,0.7552808110659387,long_nclose,0.0,0.0,9.0
1689327120000.0,279932,1689327120000.0,0.0,-0.012627804000000001,1262.5083286359932,1262.687038635993,77.7,0.8126,77.7,0.8126,long_ientry_normal,63.13902,0.05001077503244279,1509.0
1689327180000.0,279933,1689327180000.0,0.04461999999999939,-0.003161812,1262.5497868239931,1262.695536823993,-19.4,0.8149,58.3,0.8126,long_nclose,47.374579999999995,0.03752294008078138,1.0
1689327300000.0,279935,1689327300000.0,0.03334999999999955,-0.0023632099999999997,1262.580773613993,1262.742833613993,-14.5,0.8149,43.8,0.8126,long_nclose,35.591879999999996,0.028189784561760998,2.0
1689330480000.0,279988,1689330480000.0,0.10365999999999993,-0.002393524,1262.682040089993,1262.889360089993,-14.6,0.8197,29.2,0.8126,long_nclose,23.727919999999997,0.0187916825033077,53.0
1689330660000.0,279991,1689330660000.0,0.06886999999999995,-0.0015902179999999998,1262.749319871993,1262.872169871993,-9.7,0.8197,19.5,0.8126,long_nclose,15.845699999999999,0.012548571399433661,3.0
1689330840000.0,279994,1689330840000.0,0.04614999999999997,-0.00106561,1262.794404261993,1262.868504261993,-6.5,0.8197,13.0,0.8126,long_nclose,10.5638,0.008365415592868212,3.0
1689331020000.0,279997,1689331020000.0,0.030529999999999977,-0.000704942,1262.8242293199928,1262.8877393199928,-4.3,0.8197,8.7,0.8126,long_nclose,7.06962,0.005598261290731535,3.0
1689333900000.0,280045,1689333900000.0,0.020589999999999987,-0.000475426,1262.8443438939928,1262.8890038939928,-2.9,0.8197,5.8,0.8126,long_nclose,4.71308,0.0037321147477821152,48.0
1689335460000.0,280071,1689335460000.0,0.01348999999999999,-0.000311486,1262.8575224079927,1262.8879424079928,-1.9,0.8197,3.9,0.8126,long_nclose,3.16914,0.0025094992457717195,26.0
1689335820000.0,280077,1689335820000.0,0.009229999999999993,-0.000213122,1262.8665392859925,1262.9005992859925,-1.3,0.8197,2.6,0.8126,long_nclose,2.11276,0.0016729875519502842,6.0
1689335820000.0,280077,1689335820000.0,0.015470000000000029,-0.00021437,1262.8817949159925,1262.8988249159925,-1.3,0.8245,1.3,0.8126,long_nclose,1.05638,0.0008364836711184605,0.0
1689336420000.0,280087,1689336420000.0,0.007140000000000013,-9.894e-05,1262.8888359759924,1262.8972359759923,-0.6,0.8245,0.7,0.8126,long_nclose,0.56882,0.00045041177322658135,10.0
1689337860000.0,280111,1689337860000.0,0.0014199999999999992,-3.2788000000000005e-05,1262.8902231879924,1262.8939731879925,-0.2,0.8197,0.5,0.8126,long_nclose,0.4063,0.00032172234176803714,24.0
1689338340000.0,280119,1689338340000.0,0.0007099999999999996,-1.6394000000000003e-05,1262.8909167939923,1262.8941167939925,-0.1,0.8197,0.4,0.8126,long_nclose,0.32504,0.00025737773205713994,8.0
1689338520000.0,280122,1689338520000.0,0.0007099999999999996,-1.6394000000000003e-05,1262.8916103999923,1262.8938303999923,-0.1,0.8197,0.3,0.8126,long_nclose,0.24378,0.0001930331930250041,3.0
1689339240000.0,280134,1689339240000.0,0.0002299999999999969,-1.6298000000000002e-05,1262.8918241019924,1262.8922441019924,-0.1,0.8149,0.2,0.8126,long_nclose,0.16252,0.00012868877357374888,12.0
1689339300000.0,280135,1689339300000.0,0.0002299999999999969,-1.6298000000000002e-05,1262.8920378039925,1262.8923778039925,-0.1,0.8149,0.1,0.8126,long_nclose,0.08126,6.434437589875119e-05,1.0
1689340980000.0,280163,1689340980000.0,0.0,-0.012620100000000002,1262.8794177039924,1262.9106177039923,77.5,0.8142,77.6,0.81419793814433,long_ientry_partial,63.18176,0.05002992297939979,28.0
1689341280000.0,280168,1689341280000.0,0.044659999999999096,-0.00316802,1262.9209096839925,1263.0548896839925,-19.4,0.8165,58.2,0.81419793814433,long_nclose,47.386320000000005,0.03752120947293286,5.0
1689341340000.0,280169,1689341340000.0,0.03337989690721582,-0.00236785,1262.9519217308998,1263.0743718339927,-14.5,0.8165,43.7,0.81419793814433,long_nclose,35.58044989690722,0.028172450023389275,1.0
1689341820000.0,280177,1689341820000.0,0.0,-0.005520276,1262.9464014548998,1262.9076915579926,33.9,0.8142,77.6,0.8141988388776704,long_ientry_partial,63.18182989690722,0.050027324852521426,8.0
1689342000000.0,280180,1689342000000.0,0.04464252577319398,-0.00316802,1262.9878759606731,1263.1334435379927,-19.4,0.8165,58.2,0.8141988388776704,long_nclose,47.386372422680424,0.037519261526272905,3.0
1689342720000.0,280192,1689342720000.0,0.13776252577319448,-0.0031866439999999998,1263.1224518424465,1263.417376893993,-19.4,0.8213,38.8,0.8141988388776704,long_nclose,31.59091494845361,0.025010176093674605,12.0
1689344520000.0,280222,1689344520000.0,0.2328225257731948,-0.003205656,1263.3520687122195,1263.5868312379928,-19.4,0.8262,19.4,0.8141988388776704,long_nclose,15.795457474226804,0.01250281522103944,30.0
1689345540000.0,280239,1689345540000.0,0.1164112628865974,-0.001602828,1263.4668771471063,1263.5881384099928,-9.7,0.8262,9.7,0.8141988388776704,long_nclose,7.897728737113402,0.006250839558965236,17.0
1689346260000.0,280251,1689346260000.0,0.05760557338718222,-0.000793152,1263.5236895684936,1263.585925257993,-4.8,0.8262,4.9,0.8141988388776704,long_nclose,3.9895743105005854,0.0031574986234433533,12.0
1689346980000.0,280263,1689346980000.0,0.02880278669359111,-0.000396576,1263.5520957791873,1263.583098681993,-2.4,0.8262,2.5,0.8141988388776704,long_nclose,2.035497097194176,0.0016109324688658429,12.0
1689348600000.0,280290,1689348600000.0,0.04200290280582386,-0.00041549999999999996,1263.5936831819931,1263.5936831819931,-2.5,0.831,0.0,0.8141988388776704,long_nclose,0.0,0.0,27.0
1689352260000.0,280351,1689352260000.0,0.0,-0.012633912,1263.5810492699932,1263.843869269993,77.3,0.8172,77.3,0.8172,long_ientry_normal,63.16956,0.04999248764968013,61.0
1689352380000.0,280353,1689352380000.0,0.18246999999999988,-0.004236902,1263.7592823679931,1264.2598023679932,-25.7,0.8243,51.6,0.8172,long_nclose,42.16752,0.03336673414654396,2.0
1689352860000.0,280361,1689352860000.0,0.12211999999999991,-0.002835592,1263.878566775993,1264.184726775993,-17.2,0.8243,34.4,0.8172,long_nclose,28.11168,0.022242390004056815,8.0
1689353040000.0,280364,1689353040000.0,0.08093999999999994,-0.0018794040000000003,1263.957627371993,1264.125527371993,-11.4,0.8243,23.0,0.8172,long_nclose,18.7956,0.01487043520523675,3.0
1689353400000.0,280370,1689353400000.0,0.13800000000000012,-0.0019071600000000002,1264.093720211993,1264.219070211993,-11.5,0.8292,11.5,0.8172,long_nclose,9.3978,0.007434417124091049,6.0
1689354300000.0,280385,1689354300000.0,0.0,-0.0107583,1264.0829619119932,1263.9318119119932,65.8,0.8175,77.3,0.8174553686934023,long_ientry_partial,63.189299999999996,0.04998825385987546,15.0
1689354420000.0,280387,1689354420000.0,0.04332138421733539,-0.003164042,1264.1231192542105,1264.2997078699932,-19.3,0.8197,58.0,0.8174553686934023,long_nclose,47.412411384217336,0.037506165864752986,2.0
1689354600000.0,280390,1689354600000.0,0.0,-0.0031559360000000002,1264.1199633182105,1264.244301933993,19.3,0.8176,77.3,0.8174914797440793,long_ientry_partial,63.19209138421733,0.0499889988433877,3.0
1689354660000.0,280391,1689354660000.0,0.04455444093926863,-0.003164428,1264.1613533311497,1264.3184475059932,-19.3,0.8198,58.0,0.8174914797440793,long_nclose,47.4145058251566,0.037506688288022894,1.0
1689354840000.0,280394,1689354840000.0,0.0,-0.0031559360000000002,1264.1581973951497,1263.932591569993,19.3,0.8176,77.3,0.8175185747109521,long_ientry_partial,63.194185825156595,0.0499891437285071,3.0
1689355200000.0,280400,1689355200000.0,0.0440315080786234,-0.003164428,1264.1990644752284,1264.4183871419932,-19.3,0.8198,58.0,0.8175185747109521,long_nclose,47.41607733323522,0.037506812546897215,6.0
1689355560000.0,280406,1689355560000.0,0.03308066669119375,-0.0023774200000000003,1264.2297677219196,1264.2550597219931,-14.5,0.8198,43.5,0.8175185747109521,long_nclose,35.56205799992642,0.02812942623871886,6.0
1689355620000.0,280407,1689355620000.0,0.024639393121716726,-0.001770768,1264.2526363470415,1264.3664789539935,-10.8,0.8198,32.7,0.8175185747109521,long_nclose,26.732857393048135,0.02114518619497652,1.0
1689355800000.0,280410,1689355800000.0,0.018479544841287544,-0.0013280759999999999,1264.2697878158829,1264.3529708779934,-8.1,0.8198,24.6,0.8175185747109521,long_nclose,20.110956937889423,0.015907171975241573,3.0
1689356520000.0,280422,1689356520000.0,0.013916694263191852,-0.001000156,1264.282704354146,1264.3045607219935,-6.1,0.8198,18.5,0.8175185747109521,long_nclose,15.124093632152615,0.011962588414810831,12.0
1689356580000.0,280423,1689356580000.0,0.0,-0.009614976,1264.273089378146,1264.2900557459934,58.8,0.8176,77.3,0.817580512705726,long_ientry_partial,63.198973632152615,0.0499883879227692,1.0
1689359400000.0,280470,1689359400000.0,0.0,-0.017341811999999998,1264.255747566146,1261.2025039339935,109.8,0.7897,187.1,0.8012187794342738,long_rentry,149.9080336321526,0.11857413653902285,47.0
1689377880000.0,280778,1689377880000.0,0.10186300041941482,-0.007503756,1264.3501068105654,1264.6703901779933,-46.7,0.8034,140.4,0.8012187794342738,long_nclose,112.49111663257204,0.08897149296435052,308.0
1689378180000.0,280783,1689378180000.0,0.07656084185699058,-0.005639868000000001,1264.4210277844224,1264.6612403099934,-35.1,0.8034,105.3,0.8012187794342738,long_nclose,84.36833747442903,0.06672487693617621,5.0
1689378720000.0,280792,1689378720000.0,0.05736610087859978,-0.004225884,1264.474168001301,1264.6701844259933,-26.3,0.8034,79.0,0.8012187794342738,long_nclose,63.296283575307626,0.05005739553806567,9.0
1689379800000.0,280810,1689379800000.0,0.04297004514480668,-0.003165396,1264.5139726504458,1264.6136690299934,-19.7,0.8034,59.3,0.8012187794342738,long_nclose,47.51227362045243,0.037573545763884116,18.0
1689379860000.0,280811,1689379860000.0,0.032282064372748165,-0.0023780640000000005,1264.5438766508187,1264.6542909659936,-14.8,0.8034,44.5,0.8012187794342738,long_nclose,35.65423568482518,0.028195332991731742,1.0
1689380580000.0,280823,1689380580000.0,0.024211548279561124,-0.001783548,1264.566304651098,1264.6525174179933,-11.1,0.8034,33.4,0.8012187794342738,long_nclose,26.760707233104743,0.02116196448907295,12.0
1689381000000.0,280830,1689381000000.0,0.018104130695527687,-0.0013336440000000001,1264.5830751377937,1264.6227637739935,-8.3,0.8034,25.1,0.8012187794342738,long_nclose,20.110591363800275,0.0159029420519557,7.0
1689381180000.0,280833,1689381180000.0,0.0,-0.008628312,1264.5744468257938,1264.5064954619934,53.9,0.8004,79.0,0.800660143845573,long_ientry_partial,63.25215136380027,0.05001852719906637,3.0
1689385320000.0,280902,1689385320000.0,0.04412516624220993,-0.003163426,1264.615408566036,1264.7541620359934,-19.7,0.8029,59.3,0.800660143845573,long_nclose,47.47914653004248,0.03754433656939204,69.0
1689386040000.0,280914,1689386040000.0,0.0,-0.003152394,1264.612256172036,1264.5079396419935,19.7,0.8001,79.0,0.800520462405601,long_ientry_partial,63.24111653004248,0.05000830588300043,12.0
1689406560000.0,281256,1689406560000.0,0.042936890609658884,-0.0031626379999999997,1264.6520304246455,1264.7990670039935,-19.7,0.8027,59.3,0.800520462405601,long_nclose,47.47086342065214,0.03753669964433801,342.0
1689409860000.0,281311,1689409860000.0,0.032257156397104136,-0.0023759920000000004,1264.6819115890426,1264.8189510119932,-14.8,0.8027,44.5,0.800520462405601,long_nclose,35.62316057704925,0.028167684103498878,55.0
1689410340000.0,281319,1689410340000.0,0.024192867297828102,-0.001781994,1264.7043224623403,1264.7904790179932,-11.1,0.8027,33.4,0.800520462405601,long_nclose,26.737383444347074,0.021141212985095373,8.0
1689411780000.0,281343,1689411780000.0,0.018090162033511104,-0.001332482,1264.721080142374,1264.7883365359933,-8.3,0.8027,25.1,0.800520462405601,long_nclose,20.093063606380586,0.015887347749528016,24.0
1689411960000.0,281346,1689411960000.0,0.013513133085273354,-0.000995348,1264.7335979274592,1264.7880211879933,-6.2,0.8027,18.9,0.800520462405601,long_nclose,15.129836739465858,0.01196286456235478,3.0
1689413040000.0,281364,1689413040000.0,0.010243826693674962,-0.000754538,1264.7430872161528,1264.7726166499933,-4.7,0.8027,14.2,0.800520462405601,long_nclose,11.367390566159534,0.008987904880492755,18.0
1689413160000.0,281366,1689413160000.0,0.0076283815803962485,-0.00056189,1264.7501537077333,1264.7766847599933,-3.5,0.8027,10.7,0.800520462405601,long_nclose,8.56556894773993,0.006772538372602023,2.0
1689414180000.0,281383,1689414180000.0,0.02442838158039634,-0.00056525,1264.7740168393138,1264.8271495099934,-3.5,0.8075,7.2,0.800520462405601,long_nclose,5.763747329320328,0.004557136099082747,17.0
1689414480000.0,281388,1689414480000.0,0.01675089022655749,-0.0003876,1264.7903801295404,1264.8229219099935,-2.4,0.8075,4.8,0.800520462405601,long_nclose,3.8424982195468846,0.003038051427267603,5.0
1689414540000.0,281389,1689414540000.0,0.011167260151038328,-0.00025840000000000005,1264.8012889896916,1264.8271435099937,-1.6,0.8075,3.2,0.800520462405601,long_nclose,2.5616654796979237,0.00202535014946431,1.0
1689415860000.0,281411,1689415860000.0,0.01884726015103837,-0.00025993600000000005,1264.8198763138425,1264.8390435739936,-1.6,0.8123,1.6,0.800520462405601,long_nclose,1.2808327398489618,0.0010126601928345613,22.0
1689417000000.0,281430,1689417000000.0,0.009423630075519185,-0.00012996800000000003,1264.8291699759181,1264.8387536059936,-0.8,0.8123,0.8,0.800520462405601,long_nclose,0.6404163699244809,0.0005063263760248937,19.0
1689418500000.0,281455,1689418500000.0,0.004711815037759593,-6.498400000000001e-05,1264.833816806956,1264.838328621994,-0.4,0.8123,0.4,0.800520462405601,long_nclose,0.32020818496224046,0.00025316225792460125,25.0
1689419220000.0,281467,1689419220000.0,0.0006979537594398955,-1.6150000000000003e-05,1264.8344986107156,1264.836772471994,-0.1,0.8075,0.3,0.800520462405601,long_nclose,0.2401561387216803,0.0001898715910939067,12.0
1689419400000.0,281470,1689419400000.0,0.0006979537594398955,-1.6150000000000003e-05,1264.8351804144752,1264.836636321994,-0.1,0.8075,0.2,0.800520462405601,long_nclose,0.16010409248112023,0.00012658099249631525,3.0
1689419520000.0,281472,1689419520000.0,0.0006979537594398955,-1.6150000000000003e-05,1264.8358622182348,1264.8365301719941,-0.1,0.8075,0.1,0.800520462405601,long_nclose,0.08005204624056012,6.329046213171645e-05,2.0
1689423900000.0,281545,1689423900000.0,0.0002179537594398928,-1.6054000000000002e-05,1264.836064117994,1264.836064117994,-0.1,0.8027,0.0,0.800520462405601,long_nclose,0.0,0.0,73.0
1689424860000.0,281561,1689424860000.0,0.0,-0.012642936000000002,1264.823421181994,1264.862871181994,78.9,0.8012,78.9,0.8012,long_ientry_normal,63.21468000000001,0.04997905552770762,16.0
1689425100000.0,281565,1689425100000.0,0.0433399999999996,-0.003165396,1264.863595785994,1265.017515785994,-19.7,0.8034,59.2,0.8012,long_nclose,47.43104,0.037498936769166845,4.0
1689426060000.0,281581,1689426060000.0,0.0,-0.003157122,1264.860438663994,1264.803238663994,19.7,0.8013,78.9,0.8012249683143219,long_ientry_partial,63.21665,0.04997915032173229,16.0
1689429420000.0,281637,1689429420000.0,0.04481812420785873,-0.00316579,1264.902090998202,1265.0308528739943,-19.7,0.8035,59.2,0.8012249683143219,long_nclose,47.43251812420786,0.03749896411885628,56.0
1689429600000.0,281640,1689429600000.0,0.033670468948036006,-0.00237836,1264.9333831071501,1265.0654745139943,-14.8,0.8035,44.4,0.8012249683143219,long_nclose,35.57438859315589,0.028123527347955563,3.0
1689429900000.0,281645,1689429900000.0,0.0,-0.0055429200000000015,1264.9278401871502,1264.9099515939943,34.6,0.801,79.0,0.8011264378880493,long_ientry_partial,63.28898859315589,0.050033675109713835,5.0
1689431100000.0,281665,1689431100000.0,0.044789173605429444,-0.003165396,1264.9694639647557,1265.1220761979944,-19.7,0.8034,59.3,0.8011264378880493,long_nclose,47.506797766761316,0.03755568740597278,20.0
1689431400000.0,281670,1689431400000.0,0.03364871925687085,-0.0023780640000000005,1265.0007346200127,1265.1108081339946,-14.8,0.8034,44.5,0.8011264378880493,long_nclose,35.650126486018195,0.028181901804766114,5.0
1689432180000.0,281683,1689432180000.0,0.0,-0.0055269,1264.9952077200128,1264.9342812339946,34.5,0.801,79.0,0.8010712213420024,long_ientry_partial,63.28462648601819,0.05002756223881701,13.0
1689432660000.0,281691,1689432660000.0,0.04390693956255357,-0.003165002,1265.0359496575752,1265.1503262319945,-19.7,0.8033,59.3,0.8010712213420024,long_nclose,47.50352342558074,0.037551125277063606,8.0
1689432960000.0,281696,1689432960000.0,0.0,-0.0031559400000000003,1265.0327937175753,1264.9732702919946,19.7,0.801,79.0,0.8010534610833004,long_ientry_partial,63.283223425580736,0.050024966735928766,5.0
1689434160000.0,281716,1689434160000.0,0.04425681665898152,-0.003165002,1265.0738855322343,1265.2664052899945,-19.7,0.8033,59.3,0.8010534610833004,long_nclose,47.50247024223972,0.0375491667210052,20.0
1689434460000.0,281721,1689434460000.0,0.033248775967153636,-0.002377768,1265.1047565402014,1265.1646775219945,-14.8,0.8033,44.5,0.8010534610833004,long_nclose,35.64687901820687,0.028177017621602872,5.0
1689434520000.0,281722,1689434520000.0,0.024936581975365222,-0.001783326,1265.127909796177,1265.2062841959946,-11.1,0.8033,33.4,0.8010534610833004,long_nclose,26.755185600182234,0.021148205958473183,1.0
1689435600000.0,281740,1689435600000.0,0.0,-0.007305120000000001,1265.120604676177,1265.0714190759948,45.6,0.801,79.0,0.8010226025339523,long_ientry_partial,63.280785600182234,0.050019567594015844,18.0
1689445800000.0,281910,1689445800000.0,0.04486473008113998,-0.003165002,1265.162304404258,1265.2914240739947,-19.7,0.8033,59.3,0.8010226025339523,long_nclose,47.500640330263366,0.03754509612316544,170.0
1689445860000.0,281911,1689445860000.0,0.03370548249750618,-0.002377768,1265.1936321187554,1265.4017763059946,-14.8,0.8033,44.5,0.8010226025339523,long_nclose,35.64550581276088,0.02817395290953778,1.0
1689445980000.0,281913,1689445980000.0,0.10326548249750674,-0.00239168,1265.294505921253,1265.5047046259945,-14.8,0.808,29.7,0.8010226025339523,long_nclose,23.79037129525838,0.01880224025626094,2.0
1689446100000.0,281915,1689446100000.0,0.06907623491387276,-0.0015998400000000004,1265.3619823161669,1265.5021147859945,-9.9,0.808,19.8,0.8010226025339523,long_nclose,15.860247530172256,0.012534158408284918,2.0
1689446760000.0,281926,1689446760000.0,0.04605082327591516,-0.00106656,1265.4069665794427,1265.5122682259946,-6.6,0.808,13.2,0.8010226025339523,long_nclose,10.57349835344817,0.008355808552271284,11.0
1689447000000.0,281930,1689447000000.0,0.03070054885061011,-0.0007110400000000001,1265.4369560882933,1265.4948371859946,-4.4,0.808,8.8,0.8010226025339523,long_nclose,7.048998902298781,0.005570407019002021,4.0
1689447120000.0,281932,1689447120000.0,0.02023445265153848,-0.00046864,1265.4567219009448,1265.4961185459945,-2.9,0.808,5.9,0.8010226025339523,long_nclose,4.726033354950319,0.0037346463716680586,2.0
1689447300000.0,281935,1689447300000.0,0.013257055185490729,-0.00030704,1265.4696719161302,1265.4971815059944,-1.9,0.808,4.0,0.8010226025339523,long_nclose,3.204090410135809,0.0025319377312964654,3.0
1689447420000.0,281937,1689447420000.0,0.009070616705862079,-0.00021008000000000002,1265.4785324528361,1265.4976414259945,-1.3,0.808,2.7,0.8010226025339523,long_nclose,2.1627610268416713,0.0017090460022657686,2.0
1689447900000.0,281945,1689447900000.0,0.0062796577194429775,-0.00014544000000000002,1265.4846666705555,1265.4975859859944,-0.9,0.808,1.8,0.8010226025339523,long_nclose,1.4418406845611142,0.0011393584786408713,8.0
1689448080000.0,281948,1689448080000.0,0.004186438479628651,-9.696000000000001e-05,1265.488756149035,1265.4980890259942,-0.6,0.808,1.2,0.8010226025339523,long_nclose,0.9612271230407428,0.0007595698645050152,3.0
1689448860000.0,281961,1689448860000.0,0.002790958986419101,-6.464000000000002e-05,1265.4914824680216,1265.4973843859943,-0.4,0.808,0.8,0.8010226025339523,long_nclose,0.6408180820271618,0.0005063788187474862,13.0
1689451380000.0,282003,1689451380000.0,0.000455479493209543,-3.2132e-05,1265.4919058155149,1265.4934522539945,-0.2,0.8033,0.6,0.8010226025339523,long_nclose,0.4806135615203714,0.00037978398701068886,42.0
1689451860000.0,282011,1689451860000.0,0.0002277397466047715,-1.6066e-05,1265.4921174892615,1265.4934561879945,-0.1,0.8033,0.5,0.8010226025339523,long_nclose,0.40051130126697615,0.0003164866029047982,8.0
1689452100000.0,282015,1689452100000.0,0.0002277397466047715,-1.6066e-05,1265.4923291630082,1265.4934401219946,-0.1,0.8033,0.4,0.8010226025339523,long_nclose,0.3204090410135809,0.00025318923997389874,4.0
1689452400000.0,282020,1689452400000.0,0.0002277397466047715,-1.6066e-05,1265.4925408367549,1265.4935240559946,-0.1,0.8033,0.3,0.8010226025339523,long_nclose,0.2403067807601857,0.0001898918982179798,5.0
1689453660000.0,282041,1689453660000.0,0.0002277397466047715,-1.6066e-05,1265.4927525105015,1265.4934079899947,-0.1,0.8033,0.2,0.8010226025339523,long_nclose,0.16020452050679046,0.00012659457763703077,21.0
1689454560000.0,282056,1689454560000.0,0.0002277397466047715,-1.6066e-05,1265.4929641842482,1265.4932019239948,-0.1,0.8033,0.1,0.8010226025339523,long_nclose,0.08010226025339523,6.329727823104106e-05,15.0
1689454800000.0,282060,1689454800000.0,0.0002277397466047715,-1.6066e-05,1265.4931758579949,1265.4931758579949,-0.1,0.8033,0.0,0.8010226025339523,long_nclose,0.0,0.0,4.0
1689455220000.0,282067,1689455220000.0,0.0,-0.012660540000000001,1265.4805153179948,1265.4331153179949,79.0,0.8013,79.0,0.8013,long_ientry_normal,63.3027,0.05002265877171017,7.0
1689465600000.0,282240,1689465600000.0,0.0433399999999996,-0.00316579,1265.5206895279948,1265.5977795279948,-19.7,0.8035,59.3,0.8013,long_nclose,47.517089999999996,0.037547461999789665,173.0
1689465720000.0,282242,1689465720000.0,0.0,-0.0031683960000000004,1265.5175211319947,1265.4226311319946,19.8,0.8001,79.1,0.8009996207332492,long_ientry_partial,63.35907,0.050065739068808665,2.0
1689466440000.0,282254,1689466440000.0,0.04334747155499221,-0.003164608,1265.55770399555,1265.718106523995,-19.7,0.8032,59.4,0.8009996207332492,long_nclose,47.579377471555,0.03759558123769464,12.0
1689466800000.0,282260,1689466800000.0,0.0,-0.003152394,1265.55455160155,1265.485294129995,19.7,0.8001,79.1,0.8007755685405183,long_ientry_partial,63.341347471555,0.05005027036677082,6.0
1689470040000.0,282314,1689470040000.0,0.04382129975178952,-0.0031638200000000003,1265.5952090813016,1265.7214003099948,-19.7,0.803,59.4,0.8007755685405183,long_nclose,47.56606877130679,0.03758395135347826,54.0
1689470520000.0,282322,1689470520000.0,0.032921585600329185,-0.0023768800000000005,1265.6257537869021,1265.742803429995,-14.8,0.803,44.6,0.8007755685405183,long_nclose,35.71459035690712,0.02821891878388602,8.0
1689471120000.0,282332,1689471120000.0,0.0,-0.005520000000000001,1265.6202337869022,1265.648923429995,34.5,0.8,79.1,0.8004372990759434,long_ientry_partial,63.31459035690712,0.050026531392802984,10.0
1689536460000.0,283421,1689536460000.0,0.0,-0.017381536,1265.6028522509023,1263.9654318939952,112.4,0.7732,191.5,0.7844504979472957,long_rentry,150.22227035690713,0.11869621666048993,1089.0
1689582540000.0,284189,1689582540000.0,0.10274619811926339,-0.007519895999999999,1265.6980785530216,1266.0357019979951,-47.8,0.7866,143.7,0.7844504979472957,long_nclose,112.72553655502638,0.08906194807840516,768.0
1689583560000.0,284206,1689583560000.0,0.07716712369208276,-0.005647787999999999,1265.7695978887136,1265.9689742099952,-35.9,0.7866,107.8,0.7844504979472957,long_nclose,84.56376367871847,0.066808180430127,17.0
1689583620000.0,284207,1689583620000.0,0.05782160521774446,-0.0042319079999999995,1265.8231875859312,1266.013262301995,-26.9,0.7866,80.9,0.7844504979472957,long_nclose,63.46204528393623,0.05013499982170935,1.0
1689589500000.0,284305,1689589500000.0,0.0,-0.017411946,1265.8057756399312,1264.268220355995,114.9,0.7577,195.8,0.7687526827575906,long_rentry,150.52177528393625,0.11891380034811391,98.0
1689591840000.0,284344,1689591840000.0,0.10500381315382275,-0.007539402,1265.903240051085,1266.262750953995,-48.9,0.7709,146.9,0.7687526827575906,long_nclose,112.92976909709006,0.08920884750443708,39.0
1689592020000.0,284347,1689592020000.0,0.0788065427964273,-0.005658406000000001,1265.9763881878814,1266.2681225479948,-36.7,0.7709,110.2,0.7687526827575906,long_nclose,84.71654563988648,0.06691795078512462,3.0
1689594000000.0,284380,1689594000000.0,0.05905122416626024,-0.00423995,1266.0311994620477,1266.2253225979948,-27.5,0.7709,82.7,0.7687526827575906,long_nclose,63.57584686405274,0.050216650972793486,33.0
1689594420000.0,284387,1689594420000.0,0.044234735193634946,-0.0031761080000000004,1266.0722580892414,1266.211816489995,-20.6,0.7709,62.1,0.7687526827575906,long_nclose,47.73954159924637,0.03770680645928928,7.0
1689594480000.0,284388,1689594480000.0,0.0,-0.003084,1266.0691740892414,1266.2005224899951,20.0,0.771,82.1,0.769300141281929,long_ientry_partial,63.15954159924637,0.04988632761292902,1.0
1689595200000.0,284400,1689595200000.0,0.043047103720454394,-0.00316274,1266.1090584529618,1266.189129749995,-20.5,0.7714,61.6,0.769300141281929,long_nclose,47.38888870296683,0.0374287573306446,12.0
1689595260000.0,284401,1689595260000.0,0.0,-0.003174872,1266.1058835809617,1266.144854877995,20.6,0.7706,82.2,0.7696258966297667,long_ientry_partial,63.26324870296682,0.04996679150091116,1.0
1689595440000.0,284404,1689595440000.0,0.04456911908978434,-0.0031643800000000005,1266.1472883200515,1266.343130497995,-20.5,0.7718,61.7,0.7696258966297667,long_nclose,47.48591782205661,0.03750426057071277,3.0
1689595500000.0,284405,1689595500000.0,0.0,-0.0031221120000000002,1266.1441662080515,1266.249918385995,20.2,0.7728,81.9,0.7704087646160758,long_ientry_partial,63.09647782205661,0.04983356517056263,1.0
1689596220000.0,284417,1689596220000.0,0.044701201832053346,-0.0031522079999999997,1266.1857152018836,1266.308176177995,-20.4,0.7726,61.5,0.7704087646160758,long_nclose,47.38013902388866,0.037419581073329565,12.0
1689596280000.0,284418,1689596280000.0,0.0,-0.00316684,1266.1825483618836,1266.280409337995,20.5,0.7724,82.0,0.7709065734620568,long_ientry_partial,63.21433902388866,0.049925138445220126,1.0
1689596280000.0,284418,1689596280000.0,0.025909426030529925,-0.002364156,1266.206093631914,1266.2856951819947,-15.3,0.7726,66.7,0.7709065734620568,long_nclose,51.419468449919194,0.04060908307780331,0.0
1689597840000.0,284444,1689597840000.0,0.03641088052985693,-0.002566692,1266.2399378204439,1266.3097484899947,-16.6,0.7731,50.1,0.7709065734620568,long_nclose,38.62241933044905,0.030501659422407044,26.0
1689597900000.0,284445,1689597900000.0,0.027417831724289854,-0.0019327500000000002,1266.2654229021682,1266.374215739995,-12.5,0.7731,37.6,0.7709065734620568,long_nclose,28.986087162173337,0.02289100423806866,1.0
1689597960000.0,284446,1689597960000.0,0.0,-0.0068403920000000016,1266.2585825101683,1266.506435347995,44.2,0.7738,81.8,0.7724700142074981,long_ientry_partial,63.18804716217334,0.04990137720283995,1.0
1689599580000.0,284473,1689599580000.0,0.18305561355605296,-0.004238848,1266.4373992757241,1266.8157764999949,-27.2,0.7792,54.6,0.7724700142074981,long_nclose,42.1768627757294,0.033303551205808,27.0
1689599880000.0,284478,1689599880000.0,0.12248574142353542,-0.002836288,1266.5570487291477,1266.8093002119947,-18.2,0.7792,36.4,0.7724700142074981,long_nclose,28.117908517152927,0.022200270051290775,5.0
1689600060000.0,284481,1689600060000.0,0.08143282808927356,-0.001885664,1266.636595893237,1266.8098545479947,-12.1,0.7792,24.3,0.7724700142074981,long_nclose,18.771021345242204,0.014819579195881994,3.0
1689600240000.0,284484,1689600240000.0,0.13709282808927414,-0.0018967960000000003,1266.7717919253262,1266.9234377519947,-12.1,0.7838,12.2,0.7724700142074981,long_nclose,9.424134173331476,0.007439488496193963,3.0
1689600780000.0,284493,1689600780000.0,0.06911291333426217,-0.0009562360000000001,1266.8399486026603,1266.9072315159947,-6.1,0.7838,6.1,0.7724700142074981,long_nclose,4.712067086665738,0.0037195441238360096,9.0
1689601320000.0,284502,1689601320000.0,0.033989957377505986,-0.00047028,1266.873468280038,1266.9092112359947,-3.0,0.7838,3.1,0.7724700142074981,long_nclose,2.394657044043244,0.0018902101149014777,9.0
1689601980000.0,284513,1689601980000.0,0.04938295595675599,-0.0004888080000000001,1266.9223624279948,1266.9223624279948,-3.1,0.7884,0.0,0.7724700142074981,long_nclose,0.0,0.0,11.0
1689609600000.0,284640,1689609600000.0,0.0,-0.012662584000000001,1266.9096998439948,1266.8527198439947,81.4,0.7778,81.4,0.7778,long_ientry_normal,63.312920000000005,0.04997429572746681,127.0
1689610920000.0,284662,1689610920000.0,0.04465999999999959,-0.0031668000000000004,1266.9511930439949,1267.122273043995,-20.3,0.78,61.1,0.7778,long_nclose,47.52358,0.03751019002225269,22.0
1689611100000.0,284665,1689611100000.0,0.03343999999999969,-0.0023712,1266.9822618439948,1267.0648818439947,-15.2,0.78,45.9,0.7778,long_nclose,35.70102,0.028177995126814105,3.0
1689611340000.0,284669,1689611340000.0,0.0,-0.005537224,1266.976724619995,1266.980284619995,35.6,0.7777,81.5,0.7777563190184049,long_ientry_partial,63.38714,0.05003023241726224,4.0
1689631500000.0,285005,1689631500000.0,0.04351672392638093,-0.0031663940000000003,1267.0170749499214,1267.142148225995,-20.3,0.7799,61.2,0.7777563190184049,long_nclose,47.598686723926384,0.03756751796403984,336.0
1689631560000.0,285006,1689631560000.0,0.03279831901840533,-0.0023864940000000003,1267.04748677494,1267.1642417319952,-15.3,0.7799,45.9,0.7777563190184049,long_nclose,35.69901504294479,0.02817496219799207,1.0
1689632640000.0,285024,1689632640000.0,0.024437963190184365,-0.0017781720000000002,1267.07014656613,1267.147553559995,-11.4,0.7799,34.5,0.7777563190184049,long_nclose,26.83259300613497,0.021176880442534,18.0
1689633600000.0,285040,1689633600000.0,0.01843565644171803,-0.001341428,1267.0872407945717,1267.145352131995,-8.6,0.7799,25.9,0.7777563190184049,long_nclose,20.143888662576686,0.01589779141801219,16.0
1689633840000.0,285044,1689633840000.0,0.013719558282208767,-0.0009982720000000001,1267.0999620808539,1267.143713859995,-6.4,0.7799,19.5,0.7777563190184049,long_nclose,15.166248220858895,0.011969259470225709,4.0
1689634080000.0,285048,1689634080000.0,0.010289668711656574,-0.0007487040000000001,1267.1095030455656,1267.139545155995,-4.8,0.7799,14.7,0.7777563190184049,long_nclose,11.433017889570552,0.00902291227560892,4.0
1689639900000.0,285145,1689639900000.0,0.007717251533742431,-0.000561528,1267.1166587690993,1267.143783627995,-3.6,0.7799,11.1,0.7777563190184049,long_nclose,8.633095141104294,0.00681318099747078,97.0
1689641160000.0,285166,1689641160000.0,0.005787938650306823,-0.00042114600000000006,1267.1220255617495,1267.134992481995,-2.7,0.7799,8.4,0.7777563190184049,long_nclose,6.533153079754602,0.005155898917358238,21.0
1689641700000.0,285175,1689641700000.0,0.0045017300613497515,-0.00032755800000000004,1267.1261997338108,1267.140964923995,-2.1,0.7799,6.3,0.7777563190184049,long_nclose,4.899864809815951,0.0038669114495819604,9.0
1689642240000.0,285184,1689642240000.0,0.0032155214723926795,-0.00023397,1267.1291812852833,1267.139950953995,-1.5,0.7799,4.8,0.7777563190184049,long_nclose,3.7332303312883433,0.0029462113148571224,9.0
1689646560000.0,285256,1689646560000.0,0.0025724171779141435,-0.00018717600000000003,1267.131566526461,1267.1403637779947,-1.2,0.7799,3.6,0.7777563190184049,long_nclose,2.799922748466258,0.002209654326694408,72.0
1689646860000.0,285261,1689646860000.0,0.0019293128834356077,-0.000140382,1267.1333554573446,1267.1391433959948,-0.9,0.7799,2.7,0.7777563190184049,long_nclose,2.0999420613496933,0.001657238405338769,5.0
1689647160000.0,285266,1689647160000.0,0.0012862085889570718,-9.358800000000001e-05,1267.1345480779335,1267.139259807995,-0.6,0.7799,2.1,0.7777563190184049,long_nclose,1.6332882699386504,0.001288961990986767,5.0
1689651660000.0,285341,1689651660000.0,0.0,-0.012349144,1267.1221989339335,1267.0280106639948,79.6,0.7757,81.7,0.7757528552012073,long_ientry_partial,63.37900826993864,0.05001807112468018,75.0
1689698820000.0,286127,1689698820000.0,0.0,-0.017398745999999996,1267.1048001879335,1265.0622819179948,116.1,0.7493,197.8,0.7602261793222378,long_rentry,150.37273826993865,0.11867427086349588,786.0
1689726840000.0,286594,1689726840000.0,0.10244674148145187,-0.0075315239999999995,1267.199715405415,1267.4035903939948,-49.4,0.7623,148.4,0.7602261793222378,long_nclose,112.81756501142009,0.08902903278772153,467.0
1689726900000.0,286595,1689726900000.0,0.07693874714497702,-0.005656266,1267.27099788656,1267.557464127995,-37.1,0.7623,111.3,0.7602261793222378,long_nclose,84.61317375856507,0.06676801875816243,1.0
1689727200000.0,286600,1689727200000.0,0.05765221484178871,-0.004238388,1267.3244117134018,1267.455825739995,-27.8,0.7623,83.5,0.7602261793222378,long_nclose,63.478885973406854,0.05008890019532129,5.0
1689727320000.0,286602,1689727320000.0,0.04313547009745342,-0.0031711680000000003,1267.3643760154991,1267.513214571995,-20.8,0.7623,62.7,0.7602261793222378,long_nclose,47.666181443504314,0.037610479153093526,2.0
1689728640000.0,286624,1689728640000.0,0.13948285216523065,-0.003205642,1267.5006532256643,1267.8046989299949,-20.9,0.7669,41.8,0.7602261793222378,long_nclose,31.77745429566954,0.02507095693781226,22.0
1689728940000.0,286629,1689728940000.0,0.09276610742089503,-0.002131982,1267.5912873510852,1267.7663269479947,-13.9,0.7669,27.9,0.7602261793222378,long_nclose,21.210310403090432,0.016732767584269302,5.0
1689729000000.0,286630,1689729000000.0,0.062066532303188766,-0.0014264340000000003,1267.6519274493883,1267.7890805139946,-9.3,0.7669,18.6,0.7602261793222378,long_nclose,14.140206935393625,0.011154644764233343,1.0
1689729300000.0,286635,1689729300000.0,0.10391653230318829,-0.0014348040000000002,1267.7544091776915,1267.8648357099946,-9.3,0.7714,9.3,0.7602261793222378,long_nclose,7.070103467696812,0.005576871526940869,5.0
1689731460000.0,286671,1689731460000.0,0.05139957511770603,-0.000709688,1267.8050990648094,1267.8576160219948,-4.6,0.7714,4.7,0.7602261793222378,long_nclose,3.5730630428145176,0.002818306256576954,36.0
1689731520000.0,286672,1689731520000.0,0.025699787558853014,-0.000354844,1267.8304440083682,1267.8594211779948,-2.3,0.7714,2.4,0.7602261793222378,long_nclose,1.8245428303733706,0.001439106340280726,1.0
1689732360000.0,286686,1689732360000.0,0.013408584813314616,-0.000185136,1267.8436674571815,1267.8573160419949,-1.2,0.7714,1.2,0.7602261793222378,long_nclose,0.9122714151866853,0.0007195456652919673,14.0
1689732780000.0,286693,1689732780000.0,0.006704292406657308,-9.2568e-05,1267.8502791815883,1267.8571634739951,-0.6,0.7714,0.6,0.7602261793222378,long_nclose,0.45613570759334265,0.0003597709564632374,7.0
1689734160000.0,286716,1689734160000.0,0.003352146203328654,-4.6284e-05,1267.8535850437916,1267.856877189995,-0.3,0.7714,0.3,0.7602261793222378,long_nclose,0.22806785379667133,0.00017988500918960125,23.0
1689735180000.0,286733,1689735180000.0,0.0011173820677762181,-1.5428000000000002e-05,1267.8546869978593,1267.8569617619949,-0.1,0.7714,0.2,0.7602261793222378,long_nclose,0.15204523586444757,0.00011992323522853711,17.0
1689735540000.0,286739,1689735540000.0,0.0011173820677762181,-1.5428000000000002e-05,1267.855788951927,1267.8569163339948,-0.1,0.7714,0.1,0.7602261793222378,long_nclose,0.07602261793222378,5.9961565498760616e-05,6.0
1689738720000.0,286792,1689738720000.0,0.001567382067776224,-1.5518000000000003e-05,1267.8573408159948,1267.8573408159948,-0.1,0.7759,0.0,0.7602261793222378,long_nclose,0.0,0.0,53.0
1689752820000.0,287027,1689752820000.0,0.0,-0.012677068,1267.844663747995,1267.819793747995,82.9,0.7646,82.9,0.7646,long_ientry_normal,63.38534,0.0499945630662834,235.0
1689753000000.0,287030,1689753000000.0,0.043470000000002104,-0.003174138,1267.884959609995,1268.046679609995,-20.7,0.7667,62.2,0.7646,long_nclose,47.558119999999995,0.03750980689496389,3.0
1689753120000.0,287032,1689753120000.0,0.03255000000000158,-0.0023767700000000003,1267.9151328399948,1267.9805128399948,-15.5,0.7667,46.7,0.7646,long_nclose,35.70682,0.028161837551398672,2.0
1689753480000.0,287038,1689753480000.0,0.02436000000000118,-0.001778744,1267.9377140959948,1268.0956640959948,-11.6,0.7667,35.1,0.7646,long_nclose,26.83746,0.021166228988727873,6.0
1689753900000.0,287045,1689753900000.0,0.018270000000000883,-0.001334058,1267.9546500379947,1268.0206500379948,-8.7,0.7667,26.4,0.7646,long_nclose,20.185439999999996,0.015919686086087646,7.0
1689754020000.0,287047,1689754020000.0,0.01386000000000067,-0.0010120440000000001,1267.9674979939948,1268.018977993995,-6.6,0.7667,19.8,0.7646,long_nclose,15.13908,0.011939643582308684,2.0
1689754200000.0,287050,1689754200000.0,0.0102900000000005,-0.0007513660000000001,1267.9770366279947,1268.0187566279947,-4.9,0.7667,14.9,0.7646,long_nclose,11.39254,0.008984815711092723,3.0
1689754920000.0,287062,1689754920000.0,0.03283000000000019,-0.000755874,1268.0091107539947,1268.0801107539946,-4.9,0.7713,10.0,0.7646,long_nclose,7.645999999999999,0.006029925128419202,12.0
1689755160000.0,287066,1689755160000.0,0.02211000000000013,-0.000509058,1268.0307116959948,1268.0789516959949,-3.3,0.7713,6.7,0.7646,long_nclose,5.12282,0.004039981013668204,4.0
1689755340000.0,287069,1689755340000.0,0.014740000000000088,-0.000339372,1268.0451123239948,1268.0757123239948,-2.2,0.7713,4.5,0.7646,long_nclose,3.4406999999999996,0.0027133892686941534,3.0
1689756240000.0,287084,1689756240000.0,0.010050000000000059,-0.00023139,1268.054930933995,1268.0768309339949,-1.5,0.7713,3.0,0.7646,long_nclose,2.2938,0.001808912172527483,15.0
1689756900000.0,287095,1689756900000.0,0.001470000000000071,-0.00010733800000000001,1268.056293595995,1268.063193595995,-0.7,0.7667,2.3,0.7646,long_nclose,1.7585799999999998,0.0013868311753044984,11.0
1689757200000.0,287100,1689757200000.0,0.001050000000000051,-7.667000000000001e-05,1268.057266925995,1268.061586925995,-0.5,0.7667,1.8,0.7646,long_nclose,1.37628,0.0010853453041094563,5.0
1689757260000.0,287101,1689757260000.0,0.0,-0.012406678,1268.044860247995,1268.028820247995,81.1,0.7649,82.9,0.7648934861278649,long_ientry_partial,63.409670000000006,0.050005857038526856,1.0
1689757560000.0,287106,1689757560000.0,0.04360483715319695,-0.0031753799999999998,1268.0852897051484,1268.234974867995,-20.7,0.767,62.2,0.7648934861278649,long_nclose,47.576374837153196,0.03751827674636579,5.0
1689757680000.0,287108,1689757680000.0,0.032650965018094336,-0.0023777000000000004,1268.1155629701666,1268.2372871679952,-15.5,0.767,46.7,0.7648934861278649,long_nclose,35.720525802171295,0.02816819448103536,2.0
1689759840000.0,287144,1689759840000.0,0.10395096501809337,-0.00239196,1268.2171219751847,1268.4201252079954,-15.5,0.7716,31.2,0.7648934861278649,long_nclose,23.864676767189383,0.01881750084719038,36.0
1689759960000.0,287146,1689759960000.0,0.06974774427020458,-0.001604928,1268.285264791455,1268.4247602799953,-10.4,0.7716,20.8,0.7648934861278649,long_nclose,15.909784511459591,0.012544326543189516,2.0
1689760080000.0,287148,1689760080000.0,0.046274945717731886,-0.001064808,1268.3304749291726,1268.4292554719952,-6.9,0.7716,13.9,0.7648934861278649,long_nclose,10.632019457177323,0.008382688634656552,2.0
1689761160000.0,287166,1689761160000.0,0.030849963811821254,-0.000709872,1268.3606150209844,1268.4248455999953,-4.6,0.7716,9.3,0.7648934861278649,long_nclose,7.1135094209891445,0.0056084281841812435,18.0
1689761460000.0,287171,1689761460000.0,0.020790193003618673,-0.00047839200000000006,1268.380926821988,1268.4256072079952,-3.1,0.7716,6.2,0.7648934861278649,long_nclose,4.742339613992763,0.003738892247359007,5.0
1689763020000.0,287197,1689763020000.0,0.013413027744270112,-0.00030864,1268.3940312097322,1268.4217785679953,-2.0,0.7716,4.2,0.7648934861278649,long_nclose,3.212552641737033,0.0025327718064654223,26.0
1689763080000.0,287198,1689763080000.0,0.009389119420989078,-0.000216048,1268.4032042811532,1268.4222625199952,-1.4,0.7716,2.8,0.7648934861278649,long_nclose,2.1417017611580214,0.001688502326333838,1.0
1689763380000.0,287203,1689763380000.0,0.00603586248492155,-0.000138888,1268.409101255638,1268.422033631995,-0.9,0.7716,1.9,0.7648934861278649,long_nclose,1.4532976236429431,0.0011457641089174448,5.0
1689763500000.0,287205,1689763500000.0,0.0040239083232810335,-9.259199999999998e-05,1268.4130325719611,1268.421751039995,-0.6,0.7716,1.3,0.7648934861278649,long_nclose,0.9943615319662245,0.0007839414342424072,2.0
1689763560000.0,287206,1689763560000.0,0.0026826055488540224,-6.1728e-05,1268.41565344951,1268.421959311995,-0.4,0.7716,0.9,0.7648934861278649,long_nclose,0.6884041375150785,0.0005427275638257335,1.0
1689764220000.0,287217,1689764220000.0,0.0020119541616405168,-4.629599999999999e-05,1268.4176191076717,1268.422123015995,-0.3,0.7716,0.6,0.7648934861278649,long_nclose,0.4589360916767189,0.0003618178151763448,11.0
1689764520000.0,287222,1689764520000.0,0.0013413027744270112,-3.0864e-05,1268.418929546446,1268.4218521519947,-0.2,0.7716,0.4,0.7648934861278649,long_nclose,0.305957394451146,0.0002412116275815503,5.0
1689765000000.0,287230,1689765000000.0,0.0006706513872135056,-1.5432e-05,1268.4195847658332,1268.4216867199948,-0.1,0.7716,0.3,0.7648934861278649,long_nclose,0.22946804583835945,0.00018090862723530262,8.0
1689765120000.0,287232,1689765120000.0,0.0006706513872135056,-1.5432e-05,1268.4202399852204,1268.4215412879948,-0.1,0.7716,0.2,0.7648934861278649,long_nclose,0.152978697225573,0.00012060568918969277,2.0
1689765180000.0,287233,1689765180000.0,0.0006706513872135056,-1.5432e-05,1268.4208952046076,1268.4215958559948,-0.1,0.7716,0.1,0.7648934861278649,long_nclose,0.0764893486127865,6.0302813444624064e-05,1.0
1689765420000.0,287237,1689765420000.0,0.0006706513872135056,-1.5432e-05,1268.4215504239949,1268.4215504239949,-0.1,0.7716,0.0,0.7648934861278649,long_nclose,0.0,0.0,4.0
1689777900000.0,287445,1689777900000.0,0.0,-0.012679099999999999,1268.4088713239948,1268.4253913239947,82.6,0.7675,82.6,0.7675,long_ientry_normal,63.39549999999999,0.049980334758953776,208.0
1689778260000.0,287451,1689778260000.0,0.04325999999999981,-0.003170752,1268.4489605719948,1268.5977605719947,-20.6,0.7696,62.0,0.7675,long_nclose,47.585,0.037514319833997896,6.0
1689778560000.0,287456,1689778560000.0,0.03254999999999986,-0.00238576,1268.4791248119948,1268.5674748119948,-15.5,0.7696,46.5,0.7675,long_nclose,35.68875,0.0281350708118981,5.0
1689778860000.0,287461,1689778860000.0,0.0,-0.0055413500000000004,1268.4735834619948,1268.3827234619948,36.1,0.7675,82.6,0.7675000000000001,long_ientry_partial,63.3955,0.049977784974423484,5.0
1689779220000.0,287467,1689779220000.0,0.04325999999999752,-0.003170752,1268.5136727099948,1268.6624727099947,-20.6,0.7696,62.0,0.7675000000000001,long_nclose,47.58500000000001,0.0375124060731183,6.0
1689779340000.0,287469,1689779340000.0,0.032549999999998136,-0.00238576,1268.5438369499948,1268.6786869499947,-15.5,0.7696,46.5,0.7675000000000001,long_nclose,35.688750000000006,0.02813363555949926,2.0
1689780840000.0,287494,1689780840000.0,0.10384999999999889,-0.00240002,1268.6452869299947,1268.8560869299947,-15.5,0.7742,31.0,0.7675000000000001,long_nclose,23.792500000000004,0.018754257194755892,25.0
1689781020000.0,287497,1689781020000.0,0.06900999999999927,-0.0015948520000000001,1268.7127020779947,1268.8555320779947,-10.3,0.7742,20.7,0.7675000000000001,long_nclose,15.887250000000002,0.012522338567256912,3.0
1689781500000.0,287505,1689781500000.0,0.04622999999999951,-0.001068396,1268.7578636819946,1268.8613636819946,-6.9,0.7742,13.8,0.7675000000000001,long_nclose,10.591500000000002,0.008347928555306033,8.0
1689785160000.0,287566,1689785160000.0,0.007139999999999591,-0.000523328,1268.7644803539945,1268.7811203539945,-3.4,0.7696,10.4,0.7675000000000001,long_nclose,7.982000000000001,0.006291159725540996,61.0
1689785280000.0,287568,1689785280000.0,0.005459999999999687,-0.000400192,1268.7695401619947,1268.7867001619948,-2.6,0.7696,7.8,0.7675000000000001,long_nclose,5.9865,0.0047183509774640815,2.0
1689785520000.0,287572,1689785520000.0,0.0039899999999997715,-0.00029244799999999995,1268.7732377139946,1268.7891677139946,-1.9,0.7696,5.9,0.7675000000000001,long_nclose,4.528250000000001,0.003568998671629259,4.0
1689786240000.0,287584,1689786240000.0,0.0029399999999998316,-0.000215488,1268.7759622259946,1268.7881122259946,-1.4,0.7696,4.5,0.7675000000000001,long_nclose,3.4537500000000003,0.0027221117855516386,12.0
1689788700000.0,287625,1689788700000.0,0.010049999999999892,-0.00023226,1268.7857799659946,1268.8067799659946,-1.5,0.7742,3.0,0.7675000000000001,long_nclose,2.3025,0.0018147271480783073,41.0
1689789660000.0,287641,1689789660000.0,0.016949999999999965,-0.00023364000000000005,1268.8024963259945,1268.8177963259945,-1.5,0.7788,1.5,0.7675000000000001,long_nclose,1.15125,0.0009073516196047965,16.0
1689790020000.0,287647,1689790020000.0,0.007909999999999983,-0.000109032,1268.8102972939946,1268.8190172939946,-0.7,0.7788,0.8,0.7675000000000001,long_nclose,0.6140000000000001,0.00048391788852083286,6.0
1689790080000.0,287648,1689790080000.0,0.004519999999999991,-6.2304e-05,1268.8147549899945,1268.8192349899946,-0.4,0.7788,0.4,0.7675000000000001,long_nclose,0.30700000000000005,0.00024195809419194606,1.0
1689790140000.0,287649,1689790140000.0,0.0022599999999999955,-3.1152e-05,1268.8169838379945,1268.8192838379946,-0.2,0.7788,0.2,0.7675000000000001,long_nclose,0.15350000000000003,0.00012097883457997538,1.0
1689790980000.0,287663,1689790980000.0,0.0011299999999999978,-1.5576e-05,1268.8180982619947,1268.8192482619947,-0.1,0.7788,0.1,0.7675000000000001,long_nclose,0.07675000000000001,6.048936416112826e-05,14.0
1689793020000.0,287697,1689793020000.0,0.0015899999999999916,-1.5668000000000003e-05,1268.8196725939947,1268.8196725939947,-0.1,0.7834,0.0,0.7675000000000001,long_nclose,0.0,0.0,34.0
1689800820000.0,287827,1689800820000.0,0.0,-0.012690660000000001,1268.8069819339946,1268.7658319339946,82.3,0.771,82.3,0.771,long_ientry_normal,63.4533,0.05001020715009034,130.0
1689802560000.0,287856,1689802560000.0,0.04304999999999981,-0.00316971,1268.8468622239945,1268.9951822239946,-20.5,0.7731,61.8,0.771,long_nclose,47.6478,0.03755204935959289,29.0
1689803280000.0,287868,1689803280000.0,0.03233999999999986,-0.002381148,1268.8768210759945,1269.0021010759945,-15.4,0.7731,46.4,0.771,long_nclose,35.7744,0.028193753251528134,12.0
1689803640000.0,287874,1689803640000.0,0.024359999999999892,-0.001793592,1268.8993874839944,1269.0037874839943,-11.6,0.7731,34.8,0.771,long_nclose,26.8308,0.021144938885344397,6.0
1689804720000.0,287892,1689804720000.0,0.0,-0.007324500000000001,1268.8920629839943,1268.8673729839943,47.5,0.771,82.3,0.771,long_ientry_partial,63.4533,0.05000685389329321,18.0
1689814860000.0,288061,1689814860000.0,0.04304999999999981,-0.00316971,1268.9319432739942,1269.0802632739942,-20.5,0.7731,61.8,0.771,long_nclose,47.6478,0.03754953151944702,169.0
1689815040000.0,288064,1689815040000.0,0.03233999999999986,-0.002381148,1268.9619021259941,1269.0686221259941,-15.4,0.7731,46.4,0.771,long_nclose,35.7744,0.028191862923594685,3.0
1689815220000.0,288067,1689815220000.0,0.024359999999999892,-0.001793592,1268.984468533994,1269.061028533994,-11.6,0.7731,34.8,0.771,long_nclose,26.8308,0.02114352118981923,3.0
1689815520000.0,288072,1689815520000.0,0.018269999999999918,-0.0013451939999999999,1269.0013933399941,1269.0562033399942,-8.7,0.7731,26.1,0.771,long_nclose,20.1231,0.015857429397328145,5.0
1689815580000.0,288073,1689815580000.0,0.01364999999999994,-0.00100503,1269.0140383099942,1269.0532383099942,-6.5,0.7731,19.6,0.771,long_nclose,15.111600000000001,0.01190814249787562,1.0
1689815700000.0,288075,1689815700000.0,0.010289999999999955,-0.000757638,1269.023570671994,1269.052970671994,-4.9,0.7731,14.7,0.771,long_nclose,11.3337,0.008931039786753837,2.0
1689816120000.0,288082,1689816120000.0,0.0,-0.010419864000000001,1269.0131508079942,1269.0005108079943,67.6,0.7707,82.3,0.7707535844471447,long_ientry_partial,63.433020000000006,0.04998610137303268,7.0
1689817200000.0,288100,1689817200000.0,0.04400151883353426,-0.00316889,1269.0539834368276,1269.1989919179941,-20.5,0.7729,61.8,0.7707535844471447,long_nclose,47.632571518833544,0.03753392065311196,18.0
1689817980000.0,288113,1689817980000.0,0.033054799513972076,-0.0023805320000000003,1269.0846577043417,1269.2445713859943,-15.4,0.7729,46.4,0.7707535844471447,long_nclose,35.762966318347516,0.0281801265985198,13.0
1689819000000.0,288130,1689819000000.0,0.10389479951397111,-0.0023947,1269.1861578038556,1269.3766966859941,-15.4,0.7775,31.0,0.7707535844471447,long_nclose,23.893361117861485,0.018825734090265778,17.0
1689819180000.0,288133,1689819180000.0,0.06948808019440926,-0.00160165,1269.2540442340498,1269.395765035994,-10.3,0.7775,20.7,0.7707535844471447,long_nclose,15.954599198055895,0.01257005976899127,3.0
1689819300000.0,288135,1689819300000.0,0.04655026731470135,-0.00107295,1269.2995215513645,1269.3898620859939,-6.9,0.7775,13.8,0.7707535844471447,long_nclose,10.636399465370598,0.008379739600288014,2.0
1689819480000.0,288138,1689819480000.0,0.03103351154313423,-0.0007153,1269.3298397629078,1269.395586785994,-4.6,0.7775,9.2,0.7707535844471447,long_nclose,7.090932976913731,0.005586359632290858,3.0
1689821340000.0,288169,1689821340000.0,0.0202392466585658,-0.0004665,1269.3496125095664,1269.3945402859943,-3.0,0.7775,6.2,0.7707535844471447,long_nclose,4.778672223572297,0.0037646619784478664,31.0
1689822960000.0,288196,1689822960000.0,0.013492831105710534,-0.000311,1269.362794340672,1269.392809285994,-2.0,0.7775,4.2,0.7707535844471447,long_nclose,3.237165054678008,0.002550228405236538,27.0
1689823320000.0,288202,1689823320000.0,0.009444981773997373,-0.00021769999999999998,1269.3720216224463,1269.3911915859942,-1.4,0.7775,2.8,0.7707535844471447,long_nclose,2.158110036452005,0.001700139911460802,6.0
1689826260000.0,288251,1689826260000.0,0.00607177399756974,-0.00013995000000000001,1269.3779534464438,1269.3907716359943,-0.9,0.7775,1.9,0.7707535844471447,long_nclose,1.4644318104495748,0.0011536609773893955,49.0
1689826620000.0,288257,1689826620000.0,0.0040478493317131605,-9.33e-05,1269.3819079957757,1269.3908083359945,-0.6,0.7775,1.3,0.7707535844471447,long_nclose,1.0019796597812882,0.0007893445254496432,6.0
1689828480000.0,288288,1689828480000.0,0.002698566221142107,-6.220000000000001e-05,1269.3845443619969,1269.3913361359944,-0.4,0.7775,0.9,0.7707535844471447,long_nclose,0.6936782260024302,0.0005464681518956721,31.0
1689829020000.0,288297,1689829020000.0,0.0020239246658565802,-4.665e-05,1269.3865216366626,1269.3906294859942,-0.3,0.7775,0.6,0.7707535844471447,long_nclose,0.4624521506682868,0.00036431153378880355,9.0
1689829800000.0,288310,1689829800000.0,0.0013492831105710536,-3.1100000000000004e-05,1269.3878398197733,1269.3906983859945,-0.2,0.7775,0.4,0.7707535844471447,long_nclose,0.3083014337788579,0.00024287410364875583,13.0
1689831420000.0,288337,1689831420000.0,0.002269283110571063,-3.1284e-05,1269.3900778188838,1269.3923071019944,-0.2,0.7821,0.2,0.7707535844471447,long_nclose,0.15415071688942894,0.00012143683772469436,27.0
1689831480000.0,288338,1689831480000.0,0.0011346415552855316,-1.5642e-05,1269.391196818439,1269.3923514599944,-0.1,0.7821,0.1,0.7707535844471447,long_nclose,0.07707535844471447,6.071836533756784e-05,1.0
1689831660000.0,288341,1689831660000.0,0.0011346415552855316,-1.5642e-05,1269.3923158179944,1269.3923158179944,-0.1,0.7821,0.0,0.7707535844471447,long_nclose,0.0,0.0,3.0
1689870120000.0,288982,1689870120000.0,0.0,-0.012698064000000004,1269.3796177539944,1269.4686077539943,80.9,0.7848,80.9,0.7848,long_ientry_normal,63.49032000000001,0.05001681066246995,641.0
1689874920000.0,289062,1689874920000.0,0.04443999999999959,-0.00317948,1269.4208782739943,1269.5726282739943,-20.2,0.787,60.7,0.7848,long_nclose,47.63736000000001,0.037526844575592265,80.0
1689877200000.0,289100,1689877200000.0,0.0,-0.0031697839999999997,1269.4177084899943,1269.3651184899943,20.2,0.7846,80.9,0.7847500618046971,long_ientry_partial,63.48628,0.05001212727331384,38.0
1689893700000.0,289375,1689893700000.0,0.043428751545119756,-0.0031790760000000003,1269.4579581655396,1269.5945294139945,-20.2,0.7869,60.7,0.7847500618046971,long_nclose,47.63432875154511,0.03752336061635332,275.0
1689893820000.0,289377,1689893820000.0,0.03246406674907467,-0.002376438,1269.4880457942886,1269.5997629759945,-15.1,0.7869,45.6,0.7847500618046971,long_nclose,35.78460281829419,0.02818821566445284,2.0
1689894000000.0,289380,1689894000000.0,0.024509295426453727,-0.0017941320000000001,1269.510760957715,1269.5740288439945,-11.4,0.7869,34.2,0.7847500618046971,long_nclose,26.838452113720642,0.021140783472740156,3.0
1689894060000.0,289381,1689894060000.0,0.018274474660075146,-0.00133773,1269.5276977023752,1269.6009411139946,-8.5,0.7869,25.7,0.7847500618046971,long_nclose,20.168076588380714,0.015886283241304172,1.0
1689898020000.0,289447,1689898020000.0,0.013759604449938935,-0.0010072320000000003,1269.5404500748252,1269.5915938819946,-6.4,0.7869,19.3,0.7847500618046971,long_nclose,15.145676192830654,0.011930046176896518,66.0
1689898260000.0,289451,1689898260000.0,0.0103197033374542,-0.0007554240000000001,1269.5500143541626,1269.6203384579944,-4.8,0.7869,14.5,0.7847500618046971,long_nclose,11.378875896168108,0.008962920536814531,4.0
1689898980000.0,289463,1689898980000.0,0.032879703337453846,-0.0007599359999999999,1269.5821341215,1269.6640985219944,-4.8,0.7916,9.7,0.7847500618046971,long_nclose,7.612075599505562,0.005995733080138854,12.0
1689899940000.0,289479,1689899940000.0,0.021919802224969233,-0.0005066240000000001,1269.603547299725,1269.6571718979944,-3.2,0.7916,6.5,0.7847500618046971,long_nclose,5.100875401730531,0.004017691516835632,16.0
1689900120000.0,289482,1689900120000.0,0.036959802224969356,-0.0005096320000000001,1269.63999746995,1269.6797622659944,-3.2,0.7963,3.3,0.7847500618046971,long_nclose,2.5896752039555,0.0020396925184430425,3.0
1689900240000.0,289484,1689900240000.0,0.05362479604449977,-0.00052866,1269.6930936059944,1269.6930936059944,-3.3,0.801,0.0,0.7847500618046971,long_nclose,0.0,0.0,2.0
1689966660000.0,290591,1689966660000.0,0.0,-0.012703936000000002,1269.6803896699944,1269.6647096699944,78.4,0.8102,78.4,0.8102,long_ientry_normal,63.51968000000001,0.05002808621507461,1107.0
1689968940000.0,290629,1689968940000.0,0.04507999999999939,-0.0031850000000000003,1269.7222846699945,1269.8869246699944,-19.6,0.8125,58.8,0.8102,long_nclose,47.63976,0.03751982663861157,38.0
1689969420000.0,290637,1689969420000.0,0.03380999999999954,-0.0023887500000000002,1269.7537059199944,1269.8463159199944,-14.7,0.8125,44.1,0.8102,long_nclose,35.729820000000004,0.02813917363140289,8.0
1689969600000.0,290640,1689969600000.0,0.025299999999999656,-0.0017875,1269.7772184199944,1269.8367984199945,-11.0,0.8125,33.1,0.8102,long_nclose,26.81762,0.0211199410502652,3.0
1689969900000.0,290645,1689969900000.0,0.0,-0.007339506000000001,1269.7698789139943,1269.7587289139942,45.3,0.8101,78.4,0.8101422193877551,long_ientry_partial,63.515150000000006,0.050020992822985444,5.0
1689971460000.0,290671,1689971460000.0,0.04425250000000021,-0.0031846080000000007,1269.8109468059943,1270.0025043059943,-19.6,0.8124,58.8,0.8101422193877551,long_nclose,47.6363625,0.037514531292883894,26.0
1689971760000.0,290676,1689971760000.0,0.03318937500000015,-0.002388456,1269.841747724994,1269.9280858499942,-14.7,0.8124,44.1,0.8101422193877551,long_nclose,35.727271875,0.028135216013340073,5.0
1689972360000.0,290686,1689972360000.0,0.024835586734693993,-0.0017872800000000002,1269.864796031729,1269.9560785699941,-11.0,0.8124,33.1,0.8101422193877551,long_nclose,26.815707461734696,0.021116978394497266,10.0
1689973800000.0,290710,1689973800000.0,0.0,-0.007340411999999999,1269.8574556197289,1269.8672081579941,45.3,0.8102,78.4,0.810175605379269,long_ientry_partial,63.5177674617347,0.05001960431120681,24.0
1689996000000.0,291080,1689996000000.0,0.04359813456632731,-0.0031846080000000007,1269.897869146295,1270.087463549994,-19.6,0.8124,58.8,0.810175605379269,long_nclose,47.638325596301016,0.03751350935672212,370.0
1689998340000.0,291119,1689998340000.0,0.0,-0.00318746,1269.8946816862951,1269.8334060899942,19.7,0.809,78.5,0.8098805808445989,long_ientry_partial,63.575625596301016,0.050063699386376545,39.0
1690014000000.0,291380,1690014000000.0,0.043500615445862284,-0.003183432000000001,1269.934998869741,1270.0716126579941,-19.6,0.8121,58.9,0.8098805808445989,long_nclose,47.70196621174687,0.037562525841245614,261.0
1690014240000.0,291384,1690014240000.0,0.032625461584396706,-0.002387574,1269.9652367573253,1270.1296350839941,-14.7,0.8121,44.2,0.8098805808445989,long_nclose,35.79672167333128,0.028187166575309643,4.0
1690019220000.0,291467,1690019220000.0,0.0,-0.00555904,1269.9596777173253,1269.939436043994,34.4,0.808,78.6,0.8090575276505252,long_ientry_partial,63.59192167333128,0.050073969110290065,83.0
1690085040000.0,292564,1690085040000.0,0.04395245804970674,-0.0031802960000000004,1270.000449879375,1270.156355747994,-19.6,0.8113,59.0,0.8090575276505252,long_nclose,47.73439413138099,0.03758612379697567,1097.0
1690085400000.0,292570,1690085400000.0,0.03296434353728005,-0.002385222,1270.0310290009124,1270.3474405259942,-14.7,0.8113,44.3,0.8090575276505252,long_nclose,35.84124847491827,0.02822076599428699,6.0
1690085400000.0,292570,1690085400000.0,0.10352434353728043,-0.002399334,1270.1321540104495,1270.343571191994,-14.7,0.8161,29.6,0.8090575276505252,long_nclose,23.948102818455546,0.01885481187358282,0.0
1690085580000.0,292573,1690085580000.0,0.06901622902485363,-0.0015995560000000005,1270.1995706834743,1270.340991635994,-9.8,0.8161,19.8,0.8090575276505252,long_nclose,16.0193390474804,0.012611670966681752,3.0
1690085700000.0,292575,1690085700000.0,0.04648031750653407,-0.0010772520000000001,1270.244973748981,1270.3405743839942,-6.6,0.8161,13.2,0.8090575276505252,long_nclose,10.679559364986932,0.008407480120521517,2.0
1690089660000.0,292641,1690089660000.0,0.007400158753266949,-0.0005354579999999999,1270.2518384497341,1270.2750289259939,-3.3,0.8113,9.9,0.8090575276505252,long_nclose,8.0096695237402,0.006305576013584456,66.0
1690090140000.0,292649,1690090140000.0,0.0053819336387396,-0.00038942400000000003,1270.2568309593728,1270.2751495019938,-2.4,0.8113,7.5,0.8090575276505252,long_nclose,6.067931457378939,0.004776932750517924,8.0
1690090560000.0,292656,1690090560000.0,0.0040364502290547,-0.000292068,1270.260575341602,1270.274497433994,-1.8,0.8113,5.7,0.8090575276505252,long_nclose,4.611627907607994,0.0036304581887600675,7.0
1690107120000.0,292932,1690107120000.0,0.0031394612892647663,-0.00022716400000000002,1270.263487638891,1270.2752802699938,-1.4,0.8113,4.3,0.8090575276505252,long_nclose,3.4789473688972583,0.002738760424708239,276.0
1690107420000.0,292937,1690107420000.0,0.0022424723494748333,-0.00016226,1270.2655678512406,1270.2723080099938,-1.0,0.8113,3.3,0.8090575276505252,long_nclose,2.669889841246733,0.0021018359536920084,5.0
1690107540000.0,292939,1690107540000.0,0.0017939778795798668,-0.00012980800000000003,1270.26723202112,1270.2733382019937,-0.8,0.8113,2.5,0.8090575276505252,long_nclose,2.022643819126313,0.0015922978788550563,2.0
1690107960000.0,292946,1690107960000.0,0.0013454834096849,-9.735600000000001e-05,1270.2684801485298,1270.2725508459937,-0.6,0.8113,1.9,0.8090575276505252,long_nclose,1.5372093025359979,0.0012101451988765833,7.0
1690108140000.0,292949,1690108140000.0,0.0008969889397899334,-6.490400000000001e-05,1270.2693122334695,1270.2731259419936,-0.4,0.8113,1.5,0.8090575276505252,long_nclose,1.2135862914757878,0.0009553771627702964,3.0
1690111020000.0,292997,1690111020000.0,0.00067274170484245,-4.8678000000000004e-05,1270.2699362971744,1270.2726272639936,-0.3,0.8113,1.2,0.8090575276505252,long_nclose,0.9708690331806302,0.0007643013547267795,48.0
1690111080000.0,292998,1690111080000.0,0.00067274170484245,-4.8678000000000004e-05,1270.2705603608792,1270.2731185859939,-0.3,0.8113,0.9,0.8090575276505252,long_nclose,0.7281517748854727,0.0005732257344282681,1.0
1690112100000.0,293015,1690112100000.0,0.0004484944698949667,-3.245200000000001e-05,1270.2709764033493,1270.272896133994,-0.2,0.8113,0.7,0.8090575276505252,long_nclose,0.5663402693553676,0.00044584209186523797,17.0
1690112220000.0,293017,1690112220000.0,0.00022424723494748335,-1.6226000000000004e-05,1270.2711844245841,1270.2729499079937,-0.1,0.8113,0.6,0.8090575276505252,long_nclose,0.4854345165903151,0.0003821503018744855,2.0
1690113120000.0,293032,1690113120000.0,0.00022424723494748335,-1.6226000000000004e-05,1270.271392445819,1270.2725136819936,-0.1,0.8113,0.5,0.8090575276505252,long_nclose,0.4045287638252626,0.0003184585327442277,15.0
1690113360000.0,293036,1690113360000.0,0.00022424723494748335,-1.6226000000000004e-05,1270.2716004670538,1270.2727774559935,-0.1,0.8113,0.4,0.8090575276505252,long_nclose,0.3236230110602101,0.00025476678447445433,4.0
1690114800000.0,293060,1690114800000.0,0.00022424723494748335,-1.6226000000000004e-05,1270.2718084882886,1270.2722412299934,-0.1,0.8113,0.3,0.8090575276505252,long_nclose,0.24271725829515756,0.00019107505706515514,24.0
1690114920000.0,293062,1690114920000.0,0.00022424723494748335,-1.6226000000000004e-05,1270.2720165095234,1270.2724650039934,-0.1,0.8113,0.2,0.8090575276505252,long_nclose,0.16181150553010504,0.00012738335051631984,2.0
1690115100000.0,293065,1690115100000.0,0.00022424723494748335,-1.6226000000000004e-05,1270.2722245307582,1270.272528777993,-0.1,0.8113,0.1,0.8090575276505252,long_nclose,0.08090575276505252,6.369166482793821e-05,3.0
1690116900000.0,293095,1690116900000.0,0.000704247234947486,-1.6322000000000004e-05,1270.2729124559933,1270.2729124559933,-0.1,0.8161,0.0,0.8090575276505252,long_nclose,0.0,0.0,30.0
1690169340000.0,293969,1690169340000.0,0.0,-0.012704672,1270.2602077839933,1270.2524477839934,77.6,0.8186,77.6,0.8186,long_ientry_normal,63.52336,0.05000814763049091,874.0
1690173000000.0,294030,1690173000000.0,0.04461999999999939,-0.0031850919999999996,1270.3016426919933,1270.4471426919933,-19.4,0.8209,58.2,0.8186,long_nclose,47.642520000000005,0.03750488734237728,61.0
1690174560000.0,294056,1690174560000.0,0.03334999999999955,-0.00238061,1270.3326120819931,1270.4374920819932,-14.5,0.8209,43.7,0.8186,long_nclose,35.77282,0.028160199667212085,26.0
1690175100000.0,294065,1690175100000.0,0.02506999999999966,-0.0017895620000000002,1270.355892519993,1270.4214925199929,-10.9,0.8209,32.8,0.8186,long_nclose,26.85008,0.021135872363088542,9.0
1690176120000.0,294082,1690176120000.0,0.01885999999999974,-0.0013462759999999998,1270.3734062439928,1270.4472062439927,-8.2,0.8209,24.6,0.8186,long_nclose,20.13756,0.015851685733519128,17.0
1690177080000.0,294098,1690177080000.0,0.05903999999999986,-0.0013543119999999999,1270.4310919319928,1270.5491719319928,-8.2,0.8258,16.4,0.8186,long_nclose,13.42504,0.010567310643809915,16.0
1690177200000.0,294100,1690177200000.0,0.038879999999999915,-0.000891864,1270.4690800679928,1270.5339800679928,-5.4,0.8258,11.0,0.8186,long_nclose,9.0046,0.007087618377550828,2.0
1690178880000.0,294128,1690178880000.0,0.025919999999999943,-0.000594576,1270.494405491993,1270.548425491993,-3.6,0.8258,7.4,0.8186,long_nclose,6.05764,0.004767939137562915,28.0
1690179480000.0,294138,1690179480000.0,0.017279999999999962,-0.000396384,1270.511289107993,1270.548789107993,-2.4,0.8258,5.0,0.8186,long_nclose,4.093,0.003221537687298815,10.0
1690179720000.0,294142,1690179720000.0,0.030000000000000027,-0.00041530000000000007,1270.540873807993,1270.573123807993,-2.5,0.8306,2.5,0.8186,long_nclose,2.0465,0.0016107313366994218,4.0
1690179840000.0,294144,1690179840000.0,0.014400000000000012,-0.000199344,1270.555074463993,1270.571194463993,-1.2,0.8306,1.3,0.8186,long_nclose,1.0641800000000001,0.0008375709336716034,2.0
1690180080000.0,294148,1690180080000.0,0.007200000000000006,-9.9672e-05,1270.562174791993,1270.571274791993,-0.6,0.8306,0.7,0.8186,long_nclose,0.57302,0.00045099721317755316,4.0
1690180860000.0,294161,1690180860000.0,0.0,-0.012597758000000002,1270.5495770339928,1270.6740870339927,76.9,0.8191,77.6,0.8190954896907219,long_ientry_partial,63.561810000000015,0.050027020707354465,13.0
1690181400000.0,294170,1690181400000.0,0.044707499999995924,-0.0031870320000000002,1270.5910975019929,1270.7310400019928,-19.4,0.8214,58.2,0.8190954896907219,long_nclose,47.67135750000001,0.037519039440558684,9.0
1690182000000.0,294180,1690182000000.0,0.03341539948453304,-0.00238206,1270.6221308414774,1270.827717941993,-14.5,0.8214,43.7,0.8190954896907219,long_nclose,35.794472899484546,0.02817082437858959,10.0
1690182240000.0,294184,1690182240000.0,0.10446539948453326,-0.0023962700000000003,1270.724199970962,1270.955011671993,-14.5,0.8263,29.2,0.8190954896907219,long_nclose,23.91758829896908,0.018822013698578836,4.0
1690182420000.0,294187,1690182420000.0,0.06988374999999811,-0.0016030220000000002,1270.792480698962,1270.944668649993,-9.7,0.8263,19.5,0.8190954896907219,long_nclose,15.972362048969076,0.012568820080036945,3.0
1690182600000.0,294190,1690182600000.0,0.046829317010308014,-0.0010741900000000003,1270.8382358259723,1270.931894459993,-6.5,0.8263,13.0,0.8190954896907219,long_nclose,10.648241365979384,0.008378911702368347,3.0
1690182900000.0,294195,1690182900000.0,0.03097939432989607,-0.0007106180000000001,1270.8685046023022,1270.932923841993,-4.3,0.8263,8.7,0.8190954896907219,long_nclose,7.126130760309279,0.0056072919696277205,5.0
1690184340000.0,294219,1690184340000.0,0.02089307989690665,-0.00047925400000000003,1270.888918428199,1270.9353445879929,-2.9,0.8263,5.8,0.8190954896907219,long_nclose,4.750753840206187,0.0037381346011591556,24.0
1690184820000.0,294227,1690184820000.0,0.013688569587628496,-0.00031399400000000006,1270.9022930037868,1270.931950593993,-1.9,0.8263,3.9,0.8190954896907219,long_nclose,3.194472409793815,0.0025135468142430182,8.0
1690185000000.0,294230,1690185000000.0,0.009365863402061603,-0.00021483800000000002,1270.911444029189,1270.931215755993,-1.3,0.8263,2.6,0.8190954896907219,long_nclose,2.129648273195877,0.0016756858105268313,3.0
1690185120000.0,294232,1690185120000.0,0.005763608247422525,-0.00013220800000000003,1270.9170754294364,1270.9304035479931,-0.8,0.8263,1.8,0.8190954896907219,long_nclose,1.4743718814432993,0.0011600850361894119,2.0
1690185300000.0,294235,1690185300000.0,0.004322706185566893,-9.915600000000001e-05,1270.921298979622,1270.9294643919932,-0.6,0.8263,1.2,0.8190954896907219,long_nclose,0.9829145876288662,0.0007733874539816224,3.0
1690185840000.0,294244,1690185840000.0,0.0,-0.012510148,1270.908788831622,1270.925134243993,76.3,0.8198,77.5,0.8197890914532756,long_ientry_partial,63.53365458762886,0.04999072722286934,9.0
1690186080000.0,294248,1690186080000.0,0.04460053495178177,-0.0031733060000000003,1270.9502160605737,1271.061430937993,-19.3,0.8221,58.2,0.8197890914532756,long_nclose,47.711725122580646,0.03754019985965107,4.0
1690186200000.0,294250,1690186200000.0,0.0,-0.003164428,1270.9470516325737,1270.932186509993,19.3,0.8198,77.5,0.8197918080332987,long_ientry_partial,63.53386512258064,0.04998938786707856,2.0
1690192200000.0,294350,1690192200000.0,0.0,-0.017437638000000002,1270.9296139945736,1266.404238871993,110.1,0.7919,187.6,0.8034224686704725,long_rentry,150.72205512258063,0.11859197666254408,100.0
1690192260000.0,294351,1690192260000.0,0.0,-0.04125953,1270.8883544645737,1269.065669341993,266.5,0.7741,454.1,0.7862138408336945,long_rentry,357.0197051225807,0.2809213758772645,1.0
1690193040000.0,294364,1690193040000.0,0.24812906537567314,-0.01789668,1271.1185868499495,1272.169732661993,-113.5,0.7884,340.6,0.7862138408336945,long_nclose,267.7844341879564,0.21066833335477556,13.0
1690197240000.0,294434,1690197240000.0,0.1860421450525972,-0.013418568,1271.2912104270022,1271.9008740939933,-85.1,0.7884,255.5,0.7862138408336945,long_nclose,200.87763633300895,0.1580107175173012,70.0
1690197900000.0,294445,1690197900000.0,0.5860121450526004,-0.013498561999999999,1271.8637240100547,1272.7644855319932,-85.1,0.7931,170.4,0.7862138408336945,long_nclose,133.97083847806155,0.10533427123439401,11.0
1690198020000.0,294447,1690198020000.0,0.391133840646154,-0.009009616,1272.245848234701,1273.0053959159934,-56.8,0.7931,113.6,0.7862138408336945,long_nclose,89.31389231870769,0.07020175577120945,2.0
1690198080000.0,294448,1690198080000.0,0.26029681648634895,-0.005995836,1272.5001492151873,1273.0145400799934,-37.8,0.7931,75.8,0.7862138408336945,long_nclose,59.59500913519404,0.04683300758113795,1.0
1690198140000.0,294449,1690198140000.0,0.1735312109908993,-0.003997224,1272.6696832021782,1273.0687228559932,-25.2,0.7931,50.6,0.7862138408336945,long_nclose,39.78242034618494,0.03125903042342296,1.0
1690198200000.0,294450,1690198200000.0,0.0,-0.0046851900000000005,1272.6649980121783,1272.9999576659934,29.5,0.7941,80.1,0.7891182315378895,long_ientry_partial,63.20837034618494,0.04966614972904291,1.0
1690198620000.0,294457,1690198620000.0,0.04363536924220979,-0.0031652000000000004,1272.7054681814204,1272.8546224659933,-20.0,0.7913,60.1,0.7891182315378895,long_nclose,47.42600571542716,0.037263928615938594,7.0
1690198740000.0,294459,1690198740000.0,0.0,-0.003213896,1272.7022542854204,1272.7790485699932,20.3,0.7916,80.4,0.7897448472068054,long_ientry_partial,63.49548571542716,0.04989029091574741,2.0
1690198980000.0,294463,1690198980000.0,0.04331857114321287,-0.0031834380000000002,1272.7423894185636,1272.9447051319933,-20.1,0.7919,60.3,0.7897448472068054,long_nclose,47.62161428657036,0.037416538242531314,4.0
1690199040000.0,294464,1690199040000.0,0.0,-0.003156538,1272.7392328805636,1272.9736285939932,19.9,0.7931,80.2,0.7905773601816753,long_ientry_partial,63.404304286570365,0.04981719950839321,1.0
1690208940000.0,294629,1690208940000.0,0.04445279636649202,-0.0031712,1272.78051447693,1272.9263573939932,-20.0,0.7928,60.2,0.7905773601816753,long_nclose,47.592757082936856,0.0373927448932512,165.0
1690209000000.0,294630,1690209000000.0,0.0,-0.0031878600000000003,1272.77732661693,1272.899079533993,20.1,0.793,80.3,0.7911837743827754,long_ientry_partial,63.532057082936866,0.049916081748412715,1.0
1690209960000.0,294646,1690209960000.0,0.04432451234449131,-0.0031736000000000004,1272.8184775292743,1272.970205933993,-20.0,0.7934,60.3,0.7911837743827754,long_nclose,47.70838159528136,0.037482470939524906,16.0
1690210020000.0,294647,1690210020000.0,0.0,-0.003158926,1272.8153186032744,1272.975067007993,19.9,0.7937,80.2,0.7918081246294433,long_ientry_partial,63.50301159528135,0.04989177193826239,1.0
1690252800000.0,295360,1690252800000.0,0.043837507411135235,-0.0031760000000000004,1272.8559801106856,1272.9758910079931,-20.0,0.794,60.2,0.7918081246294433,long_nclose,47.66684910269249,0.037448737207918414,713.0
1690252920000.0,295362,1690252920000.0,0.032878130558351426,-0.002382,1272.886476241244,1272.9991090079932,-15.0,0.794,45.2,0.7918081246294433,long_nclose,35.78972723325084,0.028116982858468035,2.0
1690253160000.0,295366,1690253160000.0,0.02476819168729141,-0.0017944400000000002,1272.9094499929315,1272.9905345679933,-11.3,0.794,33.9,0.7918081246294433,long_nclose,26.842295424938126,0.021087356547700373,4.0
1690254300000.0,295385,1690254300000.0,0.018411753112676798,-0.0013339200000000002,1272.9265278260443,1272.9900706479934,-8.4,0.794,25.5,0.7918081246294433,long_nclose,20.191107178050803,0.01586195804445524,19.0
1690254420000.0,295387,1690254420000.0,0.0138088148345076,-0.00100044,1272.9393362008786,1273.0063802079933,-6.3,0.794,19.2,0.7918081246294433,long_nclose,15.20271599288531,0.011943001178876459,2.0
1690256340000.0,295419,1690256340000.0,0.04410800237156281,-0.001022336,1272.9824218672502,1273.0629578719934,-6.4,0.7987,12.8,0.7918081246294433,long_nclose,10.135143995256875,0.007961731302141888,32.0
1690256640000.0,295424,1690256640000.0,0.028945876556338093,-0.000670908,1273.0106968358064,1273.072546963993,-4.2,0.7987,8.6,0.7918081246294433,long_nclose,6.8095498718132115,0.005349169405048221,5.0
1690258260000.0,295451,1690258260000.0,0.019297251037558725,-0.000447272,1273.029546814844,1273.0712596919932,-2.8,0.7987,5.8,0.7918081246294433,long_nclose,4.592487122850771,0.0036075259481143256,27.0
1690258440000.0,295454,1690258440000.0,0.013094563204057707,-0.000303506,1273.0423378720482,1273.0707761859933,-1.9,0.7987,3.9,0.7918081246294433,long_nclose,3.0880516860548286,0.0024257258334523706,3.0
1690261260000.0,295501,1690261260000.0,0.008959437981723694,-0.00020766200000000003,1273.0510896480298,1273.0690085239933,-1.3,0.7987,2.6,0.7918081246294433,long_nclose,2.0587011240365527,0.0016171394382968067,47.0
1690261620000.0,295507,1690261620000.0,0.005513500296445351,-0.000127792,1273.0564753563262,1273.0697807319932,-0.8,0.7987,1.8,0.7918081246294433,long_nclose,1.425254624332998,0.0011195533363388861,6.0
1690262040000.0,295514,1690262040000.0,0.004135125222334013,-9.5844e-05,1273.0605146375485,1273.0693848879932,-0.6,0.7987,1.2,0.7918081246294433,long_nclose,0.9501697495553318,0.0007463665227460562,7.0
1690263240000.0,295534,1690263240000.0,0.006955125222334035,-9.6408e-05,1273.0673733547708,1273.074568479993,-0.6,0.8034,0.6,0.7918081246294433,long_nclose,0.4750848747776659,0.00037318125082864105,20.0
1690264020000.0,295547,1690264020000.0,0.0034775626111670176,-4.8204e-05,1273.070802713382,1273.074280275993,-0.3,0.8034,0.3,0.7918081246294433,long_nclose,0.23754243738883296,0.0001865901227822857,13.0
1690264080000.0,295548,1690264080000.0,0.0011591875370556726,-1.6068000000000003e-05,1273.071945832919,1273.074284207993,-0.1,0.8034,0.2,0.7918081246294433,long_nclose,0.15836162492588868,0.00012439330349258394,1.0
1690264200000.0,295550,1690264200000.0,0.0011591875370556726,-1.6068000000000003e-05,1273.0730889524561,1273.0743581399931,-0.1,0.8034,0.1,0.7918081246294433,long_nclose,0.07918081246294434,6.219659589858898e-05,2.0
1690265040000.0,295564,1690265040000.0,0.0011591875370556726,-1.6068000000000003e-05,1273.0742320719933,1273.0742320719933,-0.1,0.8034,0.0,0.7918081246294433,long_nclose,0.0,0.0,14.0
1690335180000.0,296733,1690335180000.0,0.0,-0.012723579999999998,1273.0615084919932,1273.0383184919933,77.3,0.823,77.3,0.823,long_ientry_normal,63.61789999999999,0.04997236942255733,1169.0
1690335600000.0,296740,1690335600000.0,0.04439000000000154,-0.003185658,1273.1027128339933,1273.2825128339932,-19.3,0.8253,58.0,0.823,long_nclose,47.733999999999995,0.03749422534317094,7.0
1690336800000.0,296760,1690336800000.0,0.033350000000001156,-0.00239337,1273.1336694639933,1273.2685194639932,-14.5,0.8253,43.5,0.823,long_nclose,35.8005,0.02811998524481133,20.0
1690337460000.0,296771,1690337460000.0,0.10440000000000138,-0.0024075800000000003,1273.2356618839933,1273.4125618839932,-14.5,0.8302,29.0,0.823,long_nclose,23.866999999999997,0.01874515513073538,11.0
1690339020000.0,296797,1690339020000.0,0.06912000000000092,-0.0015939840000000001,1273.3031878999934,1273.4409278999933,-9.6,0.8302,19.4,0.823,long_nclose,15.966199999999997,0.01253919738183676,26.0
1690339080000.0,296798,1690339080000.0,0.046080000000000614,-0.0010626560000000001,1273.3482052439936,1273.4392052439935,-6.4,0.8302,13.0,0.823,long_nclose,10.699,0.008402257886679082,1.0
1690339320000.0,296802,1690339320000.0,0.030960000000000407,-0.0007139720000000001,1273.3784512719935,1273.4367412719935,-4.3,0.8302,8.7,0.823,long_nclose,7.160099999999999,0.005622915946824517,4.0
1690339380000.0,296803,1690339380000.0,0.020880000000000277,-0.0004815160000000001,1273.3988497559935,1273.4394497559936,-2.9,0.8302,5.8,0.823,long_nclose,4.7734,0.0037485505824939847,1.0
1690339440000.0,296804,1690339440000.0,0.01368000000000018,-0.000315476,1273.4122142799936,1273.4406842799935,-1.9,0.8302,3.9,0.823,long_nclose,3.2096999999999998,0.0025205506622337625,1.0
1690339800000.0,296810,1690339800000.0,0.009360000000000123,-0.00021585200000000002,1273.4213584279935,1273.4411184279934,-1.3,0.8302,2.6,0.823,long_nclose,2.1398,0.001680355041823336,6.0
1690340100000.0,296815,1690340100000.0,0.005760000000000077,-0.00013283200000000002,1273.4269855959935,1273.4401255959935,-0.8,0.8302,1.8,0.823,long_nclose,1.4814,0.0011633175806359014,5.0
1690340220000.0,296817,1690340220000.0,0.004320000000000057,-9.962400000000001e-05,1273.4312059719934,1273.4402059719935,-0.6,0.8302,1.2,0.823,long_nclose,0.9875999999999999,0.00077554248346394,2.0
1690340400000.0,296820,1690340400000.0,0.007259999999999999,-0.000100212,1273.4383657599935,1273.4457457599935,-0.6,0.8351,0.6,0.823,long_nclose,0.49379999999999996,0.0003877690615244641,3.0
1690340580000.0,296823,1690340580000.0,0.0036299999999999995,-5.0106e-05,1273.4419456539936,1273.4453356539937,-0.3,0.8351,0.3,0.823,long_nclose,0.24689999999999998,0.00019388398571495232,3.0
1690340880000.0,296828,1690340880000.0,0.0012100000000000001,-1.6702e-05,1273.4431389519934,1273.4460989519935,-0.1,0.8351,0.2,0.823,long_nclose,0.1646,0.00012925586935547118,5.0
1690340940000.0,296829,1690340940000.0,0.0034000000000000033,-3.3600000000000004e-05,1273.4465053519934,1273.4465053519934,-0.2,0.84,0.0,0.823,long_nclose,0.0,0.0,1.0
1690366080000.0,297248,1690366080000.0,0.0,-0.012730666,1273.4337746859935,1273.5028046859936,76.7,0.8299,76.7,0.8299,long_ientry_normal,63.65333,0.04998558328303786,419.0
1690366140000.0,297249,1690366140000.0,0.04393000000000152,-0.0031790040000000005,1273.4745256819936,1273.5494056819934,-19.1,0.8322,57.6,0.8299,long_nclose,47.80224,0.03753686393875849,1.0
1690366260000.0,297251,1690366260000.0,0.0,-0.0031702180000000003,1273.4713554639936,1273.5020354639937,19.1,0.8299,76.7,0.8299,long_ientry_partial,63.65333,0.049984108183420965,2.0
1690366680000.0,297258,1690366680000.0,0.04393000000000152,-0.0031790040000000005,1273.5121064599937,1273.6618664599937,-19.1,0.8322,57.6,0.8299,long_nclose,47.80224,0.03753575624253531,7.0
1690366920000.0,297262,1690366920000.0,0.03312000000000115,-0.0023967360000000004,1273.5428297239937,1273.6724297239937,-14.4,0.8322,43.2,0.8299,long_nclose,35.85168,0.02815113804046142,4.0
1690367040000.0,297264,1690367040000.0,0.02484000000000086,-0.0017975520000000004,1273.5658721719938,1273.6598321719937,-10.8,0.8322,32.4,0.8299,long_nclose,26.888759999999998,0.021112971529413518,2.0
1690367460000.0,297271,1690367460000.0,0.018630000000000646,-0.0013481640000000002,1273.5831540079937,1273.6414740079938,-8.1,0.8322,24.3,0.8299,long_nclose,20.16657,0.01583451377833899,7.0
1690368960000.0,297296,1690368960000.0,0.013800000000000479,-0.00099864,1273.5959553679936,1273.6691553679937,-6.0,0.8322,18.3,0.8299,long_nclose,15.18717,0.011924637429938925,25.0
1690369200000.0,297300,1690369200000.0,0.044530000000000514,-0.001021384,1273.6394639839934,1273.7285239839935,-6.1,0.8372,12.2,0.8299,long_nclose,10.12478,0.007949486716067431,4.0
1690369260000.0,297301,1690369260000.0,0.029200000000000337,-0.00066976,1273.6679942239934,1273.7188342239936,-4.0,0.8372,8.2,0.8299,long_nclose,6.805179999999999,0.0053429779431226,1.0
1690371600000.0,297340,1690371600000.0,0.0,-0.011373740000000002,1273.6566204839935,1273.6667504839936,68.5,0.8302,76.7,0.8301679269882659,long_ientry_partial,63.67388,0.049992972184138396,39.0
1690374300000.0,297385,1690374300000.0,0.04454259452412138,-0.0031801500000000005,1273.6979829285176,1273.8380703339935,-19.1,0.8325,57.6,0.8301679269882659,long_nclose,47.81767259452412,0.0375423948498219,45.0
1690374600000.0,297390,1690374600000.0,0.03358185136897109,-0.0023976,1273.7291671798866,1273.7996727339935,-14.4,0.8325,43.2,0.8301679269882659,long_nclose,35.86325444589309,0.028156106784691524,5.0
1690375260000.0,297401,1690375260000.0,0.02518638852672832,-0.0017982000000000004,1273.7525553684134,1273.8345945339936,-10.8,0.8325,32.4,0.8301679269882659,long_nclose,26.897440834419815,0.02111669234425217,11.0
1690375380000.0,297403,1690375380000.0,0.0,-0.0073555719999999995,1273.7451997964133,1273.7999289619936,44.3,0.8302,76.7,0.8301864515569728,long_ientry_partial,63.675300834419815,0.04999061103005314,2.0
1690394520000.0,297722,1690394520000.0,0.044188775261819996,-0.0031801500000000005,1273.7862084216752,1273.4701888119935,-19.1,0.8325,57.6,0.8301864515569728,long_nclose,47.818739609681636,0.03754063224544796,319.0
1690394580000.0,297723,1690394580000.0,0.0,-0.0032328240000000005,1273.7829755976752,1273.6367959879935,19.6,0.8247,77.2,0.8287935182601247,long_ientry_partial,63.98285960968163,0.05023058153188149,1.0
1690394760000.0,297726,1690394760000.0,0.044515097579592204,-0.0032080460000000004,1273.8242826492547,1273.9115079419935,-19.3,0.8311,57.9,0.8287935182601247,long_nclose,47.98714470726122,0.0376717145063833,3.0
1690395120000.0,297732,1690395120000.0,0.033213337054203505,-0.002393568,1273.855102418309,1274.0076343739934,-14.4,0.8311,43.5,0.8287935182601247,long_nclose,36.05251804431543,0.02830189868209712,6.0
1690395240000.0,297734,1690395240000.0,0.10449398522819126,-0.0024244,1273.957172003537,1274.0994599739934,-14.5,0.836,29.0,0.8287935182601247,long_nclose,24.035012029543616,0.01886642075395992,2.0
1690395360000.0,297736,1690395360000.0,0.06918222470280248,-0.0016051199999999998,1274.0247491082398,1274.1238148539933,-9.6,0.836,19.4,0.8287935182601247,long_nclose,16.07859425424642,0.012620315473071237,2.0
1690395840000.0,297744,1690395840000.0,0.011071112351401168,-0.0007978559999999999,1274.0350223645912,1274.0628569979933,-4.8,0.8311,14.6,0.8287935182601247,long_nclose,12.10038536659782,0.009497686605302006,8.0
1690396740000.0,297759,1690396740000.0,0.008303334263550876,-0.000598392,1274.0427273068547,1274.0746986059933,-3.6,0.8311,11.0,0.8287935182601247,long_nclose,9.116728700861373,0.0071557480023710365,15.0
1690398300000.0,297785,1690398300000.0,0.006227500697663158,-0.000448794,1274.0485060135522,1274.0676498119933,-2.7,0.8311,8.3,0.8287935182601247,long_nclose,6.8789862015590355,0.005399312639267647,26.0
1690398480000.0,297788,1690398480000.0,0.0,-0.011364384,1274.0371416295523,1274.0439654279933,68.8,0.8259,77.1,0.826211494183645,long_ientry_partial,63.70090620155903,0.049999253648196344,3.0
1690399380000.0,297803,1690399380000.0,0.04393931167401561,-0.0031814400000000002,1274.0778995012263,1274.1988239879931,-19.2,0.8285,57.9,0.826211494183645,long_nclose,47.83764551323305,0.0375468764758893,15.0
1690399440000.0,297804,1690399440000.0,0.03295448375551171,-0.00238608,1274.1084679049818,1274.2123679079932,-14.4,0.8285,43.5,0.826211494183645,long_nclose,35.94019999698856,0.028208116422053987,1.0
1690401300000.0,297835,1690401300000.0,0.024715862816633783,-0.0017895600000000002,1274.1313942077986,1274.2127683479935,-10.8,0.8285,32.7,0.826211494183645,long_nclose,27.017115859805195,0.021204340449207205,31.0
1690401420000.0,297837,1690401420000.0,0.018536897112475335,-0.00134217,1274.148588934911,1274.2147261779933,-8.1,0.8285,24.6,0.826211494183645,long_nclose,20.32480275691767,0.015951673873380517,2.0
1690401780000.0,297843,1690401780000.0,0.0,-0.00867615,1274.139912784911,1274.1189600279934,52.5,0.8263,77.1,0.8262717607901126,long_ientry_partial,63.705552756917676,0.04999886756366911,6.0
1690402080000.0,297848,1690402080000.0,0.044702192829839046,-0.003181824,1274.181433153741,1274.3046582039935,-19.2,0.8286,57.9,0.8262717607901126,long_nclose,47.84113494974751,0.03754656417440912,5.0
1690402440000.0,297854,1690402440000.0,0.03352664462237929,-0.0023863680000000003,1274.2125734303631,1274.3095018359932,-14.4,0.8286,43.5,0.8262717607901126,long_nclose,35.942821594369896,0.028207869192191898,6.0
1690402740000.0,297859,1690402740000.0,0.025144983466784468,-0.0017897760000000003,1274.23592863783,1274.3480320599933,-10.8,0.8286,32.7,0.8262717607901126,long_nclose,27.01908657783668,0.02120414749780312,5.0
1690402860000.0,297861,1690402860000.0,0.018858737600088347,-0.001342332,1274.2534450434302,1274.3254797279935,-8.1,0.8286,24.6,0.8262717607901126,long_nclose,20.32628531543677,0.01595152471001873,2.0
1690403280000.0,297868,1690403280000.0,0.0,-0.00867615,1274.2447688934303,1274.1914935779935,52.5,0.8263,77.1,0.8262909898240827,long_ientry_partial,63.70703531543677,0.04999591669562884,7.0
1690404060000.0,297881,1690404060000.0,0.04433299537761286,-0.003181824,1274.285920064808,1274.3906617539935,-19.2,0.8286,57.9,0.8262909898240827,long_nclose,47.842248310814384,0.037544359203451935,13.0
1690404240000.0,297884,1690404240000.0,0.0,-0.0031729920000000003,1274.282747072808,1274.3372387619936,19.2,0.8263,77.1,0.8262932336032995,long_ientry_partial,63.70720831081439,0.04999456239767671,3.0
1690406400000.0,297920,1690406400000.0,0.04428991481664894,-0.003181824,1274.3238551636246,1274.4516269379935,-19.2,0.8286,57.9,0.8262932336032995,long_nclose,47.842378225631045,0.03754334350076812,36.0
1690406520000.0,297922,1690406520000.0,0.0,-0.003172608,1274.3206825556244,1274.2998643299934,19.2,0.8262,77.1,0.8262700158966413,long_ientry_partial,63.705418225631036,0.04999166936368882,2.0
1690406700000.0,297925,1690406700000.0,0.04473569478448738,-0.003181824,1274.362236426409,1274.5087225059935,-19.2,0.8286,57.9,0.8262700158966413,long_nclose,47.841033920415526,0.03754115788503924,3.0
1690406940000.0,297929,1690406940000.0,0.0,-0.003172608,1274.359063818409,1274.4475298979935,19.2,0.8262,77.1,0.8262525800313298,long_ientry_partial,63.704073920415524,0.04998910882270234,4.0
1690407120000.0,297932,1690407120000.0,0.0450704633984671,-0.003181824,1274.4009524578073,1274.5368680739932,-19.2,0.8286,57.9,0.8262525800313298,long_nclose,47.840024383814,0.03753922522699769,3.0
1690408200000.0,297950,1690408200000.0,0.0,-0.003172608,1274.3977798498072,1274.4024454659932,19.2,0.8262,77.1,0.8262394861713878,long_ientry_partial,63.703064383813995,0.04998679799279127,18.0
1690420380000.0,298153,1690420380000.0,0.04340186550935527,-0.0031814400000000002,1274.4380002753167,1274.7773240259933,-19.2,0.8285,57.9,0.8262394861713878,long_nclose,47.83926624932335,0.03753753908702396,203.0
1690425660000.0,298241,1690425660000.0,0.0,-0.0032120399999999998,1274.4347882353165,1274.2355219859933,19.5,0.8236,77.4,0.825574499345263,long_ientry_partial,63.89946624932335,0.0501394554191381,88.0
1690468440000.0,298954,1690468440000.0,0.0,-0.01752905,1274.4172591853167,1272.5439729359932,109.9,0.7975,187.3,0.8091015282932372,long_rentry,151.54471624932333,0.11891295033637549,713.0
1690510620000.0,299657,1690510620000.0,0.0,-0.041490312,1274.3757688733167,1268.3060526239933,266.1,0.7796,453.4,0.791787111268909,long_rentry,358.99627624932333,0.2817036269974861,703.0
1690575960000.0,300746,1690575960000.0,0.2507202932326154,-0.01799204,1274.6084971265493,1275.4291205839934,-113.3,0.794,340.1,0.791787111268909,long_nclose,269.286796542556,0.21127020347787615,1089.0
1690576320000.0,300752,1690576320000.0,0.18809554214273883,-0.013498000000000003,1274.783094668692,1275.4751525839933,-85.0,0.794,255.1,0.791787111268909,long_nclose,201.98489208469869,0.15844647840830778,6.0
1690577580000.0,300773,1690577580000.0,0.14096101217049958,-0.010115560000000001,1274.9139401208624,1275.4140470239934,-63.7,0.794,191.4,0.791787111268909,long_nclose,151.54805309686918,0.11886924154465074,21.0
1690577940000.0,300779,1690577940000.0,0.10577608134615195,-0.007590640000000001,1275.0121255622087,1275.3442563839933,-47.8,0.794,143.6,0.791787111268909,long_nclose,113.70062917821532,0.08917611597464592,6.0
1690578300000.0,300785,1690578300000.0,0.07944270544616851,-0.00570092,1275.0858673476548,1275.3349654639933,-35.9,0.794,107.7,0.791787111268909,long_nclose,85.2754718836615,0.06687821900265087,6.0
1690578480000.0,300788,1690578480000.0,0.05952670686634911,-0.00427172,1275.1411223345212,1275.3199237439933,-26.9,0.794,80.8,0.791787111268909,long_nclose,63.97639859052784,0.050172014273526216,3.0
1690578540000.0,300789,1690578540000.0,0.044700352368039105,-0.0032077600000000005,1275.1826149268893,1275.3833759839933,-20.2,0.794,60.6,0.791787111268909,long_nclose,47.98229894289589,0.03762778631172515,1.0
1690584420000.0,300887,1690584420000.0,0.03341461983947478,-0.0023978800000000002,1275.2136316667288,1275.2961181039934,-15.1,0.794,45.5,0.791787111268909,long_nclose,36.02631356273536,0.02825119859771909,98.0
1690584540000.0,300889,1690584540000.0,0.02500564266132881,-0.0017944400000000002,1275.2368428693903,1275.3296236639937,-11.3,0.794,34.2,0.791787111268909,long_nclose,27.07911920539669,0.02123458035016177,2.0
1690584840000.0,300894,1690584840000.0,0.018809554214273883,-0.0013498000000000002,1275.2543026236046,1275.3137438639937,-8.5,0.794,25.7,0.791787111268909,long_nclose,20.34892875961096,0.01595676150062519,5.0
1690585320000.0,300902,1690585320000.0,0.014162487878982688,-0.0010163200000000002,1275.2674487914837,1275.3178775439937,-6.4,0.794,19.3,0.791787111268909,long_nclose,15.281491247489944,0.011982969738599976,8.0
1690589940000.0,300979,1690589940000.0,0.010621865909237015,-0.0007622400000000001,1275.277308417393,1275.3151953039937,-4.8,0.794,14.5,0.791787111268909,long_nclose,11.48091311339918,0.009002679681995506,77.0
1690590060000.0,300981,1690590060000.0,0.007966399431927762,-0.0005716800000000001,1275.284703136825,1275.309913623994,-3.6,0.794,10.9,0.791787111268909,long_nclose,8.630479512831108,0.006767492381585593,2.0
1690591740000.0,301009,1690591740000.0,0.024886399431927497,-0.000575064,1275.309014472257,1275.3602085599941,-3.6,0.7987,7.3,0.791787111268909,long_nclose,5.780045912263035,0.004532270882328005,28.0
1690591980000.0,301013,1690591980000.0,0.01659093295461833,-0.000383376,1275.3252220292118,1275.358605183994,-2.4,0.7987,4.9,0.791787111268909,long_nclose,3.8797568452176545,0.003042170560262618,4.0
1690592340000.0,301019,1690592340000.0,0.011060621969745554,-0.000255584,1275.3360270671817,1275.3591695999944,-1.6,0.7987,3.3,0.791787111268909,long_nclose,2.6128974671873997,0.0020487913865306013,6.0
1690594020000.0,301047,1690594020000.0,0.018580621969745616,-0.00025708800000000004,1275.3543506011515,1275.3759625119944,-1.6,0.8034,1.7,0.791787111268909,long_nclose,1.3460380891571453,0.001055422823094363,28.0
1690596060000.0,301081,1690596060000.0,0.009290310984872808,-0.00012854400000000002,1275.3635123681363,1275.3744139679943,-0.8,0.8034,0.9,0.791787111268909,long_nclose,0.7126084001420181,0.0005587492453965723,34.0
1690596600000.0,301090,1690596600000.0,0.014681599857981942,-0.00014545800000000003,1275.3780485099944,1275.3780485099944,-0.9,0.8081,0.0,0.791787111268909,long_nclose,0.0,0.0,9.0
1690620300000.0,301485,1690620300000.0,0.0,-0.01276003,1275.3652884799944,1275.3972484799945,79.9,0.7985,79.9,0.7985,long_ientry_normal,63.80015,0.05002500113205863,395.0
1690622880000.0,301528,1690622880000.0,0.0437799999999996,-0.0031867859999999996,1275.4058816939944,1275.5438816939943,-19.9,0.8007,60.0,0.7985,long_nclose,47.91,0.037564512354581525,43.0
1690623600000.0,301540,1690623600000.0,0.0,-0.0031780299999999997,1275.4027036639943,1275.4027036639943,19.9,0.7985,79.9,0.7984999999999999,long_ientry_partial,63.800149999999995,0.05002353359979091,12.0
1690626060000.0,301581,1690626060000.0,0.043780000000001804,-0.0031867859999999996,1275.4432968779943,1275.5872968779943,-19.9,0.8007,60.0,0.7984999999999999,long_nclose,47.90999999999999,0.037563410397995094,41.0
1690626180000.0,301583,1690626180000.0,0.03300000000000136,-0.0024021000000000003,1275.4738947779942,1275.6088947779942,-15.0,0.8007,45.0,0.7984999999999999,long_nclose,35.9325,0.02817188195471011,2.0
1690631580000.0,301673,1690631580000.0,0.024640000000001015,-0.001793568,1275.4967412099943,1275.5711012099944,-11.2,0.8007,33.8,0.7984999999999999,long_nclose,26.989299999999993,0.02115983453975485,90.0
1690631640000.0,301674,1690631640000.0,0.018480000000000763,-0.001345176,1275.5138760339942,1275.5697560339943,-8.4,0.8007,25.4,0.7984999999999999,long_nclose,20.281899999999997,0.015900963824135972,1.0
1690631760000.0,301676,1690631760000.0,0.013860000000000572,-0.001008882,1275.5267271519942,1275.5935771519942,-6.3,0.8007,19.1,0.7984999999999999,long_nclose,15.251349999999999,0.011956903509229734,2.0
1690632120000.0,301682,1690632120000.0,0.010340000000000427,-0.000752658,1275.5363144939943,1275.5694344939943,-4.7,0.8007,14.4,0.7984999999999999,long_nclose,11.498399999999998,0.009014561066857135,6.0
1690633260000.0,301701,1690633260000.0,0.03360000000000056,-0.00077328,1275.5691412139943,1275.6344212139943,-4.8,0.8055,9.6,0.7984999999999999,long_nclose,7.665599999999999,0.006009552718329667,19.0
1690633380000.0,301703,1690633380000.0,0.022400000000000378,-0.0005155200000000001,1275.5910256939944,1275.6364656939945,-3.2,0.8055,6.4,0.7984999999999999,long_nclose,5.110399999999999,0.004006299744245731,2.0
1690633500000.0,301705,1690633500000.0,0.014700000000000248,-0.00033831000000000003,1275.6053873839944,1275.6419373839944,-2.1,0.8055,4.3,0.7984999999999999,long_nclose,3.4335499999999994,0.002691702335188085,2.0
1690633860000.0,301711,1690633860000.0,0.009800000000000163,-0.00022553999999999999,1275.6149618439945,1275.6314918439946,-1.4,0.8055,2.9,0.7984999999999999,long_nclose,2.3156499999999998,0.001815320507571155,6.0
1690636020000.0,301747,1690636020000.0,0.006300000000000106,-0.00014499,1275.6211168539944,1275.6343168539945,-0.9,0.8055,2.0,0.7984999999999999,long_nclose,1.5969999999999998,0.0012519391368642496,36.0
1690639620000.0,301807,1690639620000.0,0.00420000000000007,-9.666e-05,1275.6252201939944,1275.6350201939945,-0.6,0.8055,1.4,0.7984999999999999,long_nclose,1.1178999999999997,0.000876354576801164,60.0
1690639800000.0,301810,1690639800000.0,0.0028000000000000472,-6.444000000000001e-05,1275.6279557539945,1275.6350557539945,-0.4,0.8055,1.0,0.7984999999999999,long_nclose,0.7984999999999999,0.0006259662124824042,3.0
1690639980000.0,301813,1690639980000.0,0.002100000000000035,-4.833e-05,1275.6300074239944,1275.6349774239943,-0.3,0.8055,0.7,0.7984999999999999,long_nclose,0.5589499999999998,0.00043817564399315347,3.0
1690641600000.0,301840,1690641600000.0,0.0014000000000000236,-3.2220000000000007e-05,1275.6313752039944,1275.6350252039945,-0.2,0.8055,0.5,0.7984999999999999,long_nclose,0.39924999999999994,0.000312982267260519,27.0
1690643520000.0,301872,1690643520000.0,0.0007000000000000118,-1.6110000000000003e-05,1275.6320590939945,1275.6349390939945,-0.1,0.8055,0.4,0.7984999999999999,long_nclose,0.31939999999999996,0.00025038567957193767,32.0
1690645260000.0,301901,1690645260000.0,0.0007000000000000118,-1.6110000000000003e-05,1275.6327429839946,1275.6349029839946,-0.1,0.8055,0.3,0.7984999999999999,long_nclose,0.23954999999999996,0.00018778915900170305,29.0
1690646280000.0,301918,1690646280000.0,0.0007000000000000118,-1.6110000000000003e-05,1275.6334268739947,1275.6348468739948,-0.1,0.8055,0.2,0.7984999999999999,long_nclose,0.15969999999999998,0.00012519270554970722,17.0
1690648320000.0,301952,1690648320000.0,0.0007000000000000118,-1.6110000000000003e-05,1275.6341107639948,1275.634810763995,-0.1,0.8055,0.1,0.7984999999999999,long_nclose,0.07984999999999999,6.259631921584218e-05,34.0
1690648560000.0,301956,1690648560000.0,0.0007000000000000118,-1.6110000000000003e-05,1275.634794653995,1275.634794653995,-0.1,0.8055,0.0,0.7984999999999999,long_nclose,0.0,0.0,4.0
1690704000000.0,302880,1690704000000.0,0.0,-0.012754122000000001,1275.622040531995,1275.677130531995,78.7,0.8103,78.7,0.8103,long_ientry_normal,63.770610000000005,0.04999177497231439,924.0
1690730220000.0,303317,1690730220000.0,0.04507999999999939,-0.0031853920000000004,1275.6639351399951,1275.8116851399952,-19.6,0.8126,59.1,0.8103,long_nclose,47.88873,0.037540239776979,437.0
1690730460000.0,303321,1690730460000.0,0.03380999999999954,-0.002389044,1275.695356095995,1275.859636095995,-14.7,0.8126,44.4,0.8103,long_nclose,35.97732,0.02820212508266961,4.0
1690732560000.0,303356,1690732560000.0,0.0,-0.00558072,1275.6897753759952,1275.6547353759952,34.5,0.8088,78.9,0.8096441064638782,long_ientry_partial,63.880919999999996,0.0500755914432032,35.0
1690740060000.0,303481,1690740060000.0,0.04444110266159881,-0.0031988859999999997,1275.7310175926566,1275.876406489995,-19.7,0.8119,59.2,0.8096441064638782,long_nclose,47.93093110266159,0.037571345716049705,125.0
1690740240000.0,303484,1690740240000.0,0.03338722433460215,-0.002403224,1275.762001592991,1275.8710432659948,-14.8,0.8119,44.4,0.8096441064638782,long_nclose,35.94819832699619,0.028177824925110773,3.0
1690742460000.0,303521,1690742460000.0,0.0,-0.005580030000000001,1275.7564215629911,1275.698723235995,34.5,0.8087,78.9,0.8092312842458325,long_ientry_partial,63.84834832699619,0.05004744420472717,37.0
1690747320000.0,303602,1690747320000.0,0.0,-0.017525714,1275.7388958489912,1272.535277521995,112.1,0.7817,191.0,0.7930728708219695,long_rentry,151.47691832699618,0.11873661516464923,81.0
1690750200000.0,303650,1690750200000.0,0.1062340617920536,-0.0075871620000000015,1275.8375427487833,1276.156690359995,-47.7,0.7953,143.3,0.7930728708219695,long_nclose,113.64734238878825,0.0890766563773753,48.0
1690750260000.0,303651,1690750260000.0,0.07973122457349095,-0.005694347999999999,1275.9115796253568,1276.172496011995,-35.8,0.7953,107.5,0.7930728708219695,long_nclose,85.25533361336173,0.06681915500633286,1.0
1690750500000.0,303655,1690750500000.0,0.0596870619712167,-0.004262808000000001,1275.967003879328,1276.1870832039951,-26.8,0.7953,80.7,0.7930728708219695,long_nclose,64.00098067533294,0.0501588054242394,4.0
1690753860000.0,303711,1690753860000.0,0.18633977488902073,-0.0043040000000000005,1276.1490396542172,1276.5324792039953,-26.9,0.8,53.8,0.7930728708219695,long_nclose,42.66732045022196,0.03343443369418905,56.0
1690753920000.0,303712,1690753920000.0,0.0,-0.0041450359999999995,1276.1448946182172,1276.5841241679952,25.9,0.8002,79.7,0.7953889642436883,long_ientry_partial,63.39250045022196,0.04967500220199292,1.0
1690755240000.0,303734,1690755240000.0,0.04399961155060188,-0.003174448,1276.1857197817678,1276.3358797199953,-19.9,0.7976,59.8,0.7953889642436883,long_nclose,47.56426006177256,0.037270641196256456,22.0
1690755420000.0,303737,1690755420000.0,0.0,-0.003223516,1276.182496265768,1276.3246562039953,20.2,0.7979,80.0,0.7960230007721569,long_ientry_partial,63.681840061772554,0.049900261324780516,3.0
1690755540000.0,303739,1690755540000.0,0.04353998455686181,-0.0031928000000000004,1276.2228434503247,1276.3594634039953,-20.0,0.7982,60.0,0.7960230007721569,long_nclose,47.761380046329414,0.03742401281362777,2.0
1690755660000.0,303741,1690755660000.0,0.0,-0.003177234,1276.2196662163246,1276.3163361699953,19.9,0.7983,79.9,0.7965901132206434,long_ientry_partial,63.647550046329414,0.04987193955020976,2.0
1690756560000.0,303756,1690756560000.0,0.0439767469091947,-0.0031792239999999996,1276.260463739234,1276.4110569459954,-19.9,0.7988,60.0,0.7965901132206434,long_nclose,47.795406793238605,0.03744957095451026,15.0
1690756800000.0,303760,1690756800000.0,0.0,-0.003180418,1276.257283321234,1276.4078765279953,19.9,0.7991,79.9,0.7972152289516721,long_ientry_partial,63.69749679323861,0.04990960492501726,4.0
1690757520000.0,303772,1690757520000.0,0.04347694386172574,-0.003181612,1276.2975786530958,1276.4346649159954,-19.9,0.7994,60.0,0.7972152289516721,long_nclose,47.83291373710033,0.03747786921885367,12.0
1690757760000.0,303776,1690757760000.0,0.0,-0.0031660200000000003,1276.2944126330958,1276.4075588959954,19.8,0.7995,79.8,0.7977821270313324,long_ientry_partial,63.66301373710033,0.049881134875266374,4.0
1690757940000.0,303779,1690757940000.0,0.04413567207648524,-0.003184,1276.3353643051723,1276.4742048959956,-19.9,0.8,59.9,0.7977821270313324,long_nclose,47.78714940917681,0.037440903657160504,3.0
1690758000000.0,303780,1690758000000.0,0.0,-0.003184398,1276.3321799071723,1276.4949604979954,19.9,0.8001,79.8,0.7983601429721405,long_ientry_partial,63.709139409176814,0.049915798106579416,1.0
1690758060000.0,303781,1690758060000.0,0.044573154854403024,-0.003186388,1276.3735666740267,1276.5197141099954,-19.9,0.8006,59.9,0.7983601429721405,long_nclose,47.821772564031214,0.037466909228342254,1.0
1690759200000.0,303800,1690759200000.0,0.13810315485440378,-0.003205094,1276.5084647348813,1276.8060590159957,-19.9,0.8053,40.0,0.7983601429721405,long_nclose,31.93440571888562,0.025016994873996463,19.0
1690762140000.0,303849,1690762140000.0,0.09230009847053117,-0.0021420980000000003,1276.598622735352,1276.7919269179959,-13.3,0.8053,26.7,0.7983601429721405,long_nclose,21.316215817356152,0.016697664745777465,49.0
1690764240000.0,303884,1690764240000.0,0.15614009847053154,-0.002154866,1276.7526079678225,1276.956822051996,-13.3,0.8101,13.4,0.7983601429721405,long_nclose,10.698025915826683,0.008379090709557651,35.0
1690766700000.0,303925,1690766700000.0,0.07865704208665873,-0.001085534,1276.8301794759093,1276.910176517996,-6.7,0.8101,6.7,0.7983601429721405,long_nclose,5.349012957913342,0.004189290826528638,41.0
1690768440000.0,303954,1690768440000.0,0.11014704208665825,-0.001091832,1276.939234685996,1276.939234685996,-6.7,0.8148,0.0,0.7983601429721405,long_nclose,0.0,0.0,29.0
1690777860000.0,304111,1690777860000.0,0.0,-0.012763576,1276.926471109996,1276.926471109996,79.1,0.8068,79.1,0.8068,long_ientry_normal,63.817879999999995,0.049977724985624986,157.0
1690780920000.0,304162,1690780920000.0,0.04334000000000179,-0.00318746,1276.966623649996,1277.1210636499961,-19.7,0.809,59.4,0.8068,long_nclose,47.923919999999995,0.03752950085963677,51.0
1690783140000.0,304199,1690783140000.0,0.0,-0.0031787919999999997,1276.9634448579961,1276.9634448579961,19.7,0.8068,79.1,0.8068,long_ientry_partial,63.817879999999995,0.04997627790911181,37.0
1690783980000.0,304213,1690783980000.0,0.04334000000000179,-0.00318746,1277.0035973979961,1277.1461573979961,-19.7,0.809,59.4,0.8068,long_nclose,47.923919999999995,0.03752841424851823,14.0
1690788660000.0,304291,1690788660000.0,0.032560000000001345,-0.0023946400000000004,1277.0337627579963,1277.2032427579963,-14.8,0.809,44.6,0.8068,long_nclose,35.98328,0.02817723465845358,78.0
1690790640000.0,304324,1690790640000.0,0.024420000000001007,-0.0017959800000000002,1277.0563867779963,1277.1334367779964,-11.1,0.809,33.5,0.8068,long_nclose,27.0278,0.021164139876541345,33.0
1690791120000.0,304332,1690791120000.0,0.018260000000000755,-0.0013429400000000004,1277.0733038379963,1277.1312638379964,-8.3,0.809,25.2,0.8068,long_nclose,20.33136,0.015920276415533893,8.0
1690791300000.0,304335,1690791300000.0,0.013860000000000572,-0.00101934,1277.0861444979962,1277.1466244979963,-6.3,0.809,18.9,0.8068,long_nclose,15.248519999999997,0.01194008725699077,3.0
1690791660000.0,304341,1690791660000.0,0.010340000000000427,-0.0007604600000000001,1277.0957240379962,1277.1425840379961,-4.7,0.809,14.2,0.8068,long_nclose,11.45656,0.008970791918225187,6.0
1690795200000.0,304400,1690795200000.0,0.007700000000000318,-0.0005663,1277.1028577379964,1277.1285377379963,-3.5,0.809,10.7,0.8068,long_nclose,8.63276,0.0067596434756166295,59.0
1690796760000.0,304426,1690796760000.0,0.0,-0.011043864,1277.0918138739964,1277.0734338739965,68.4,0.8073,79.1,0.807232364096081,long_ientry_partial,63.85208,0.049998034053877295,26.0
1690807500000.0,304605,1690807500000.0,0.044672427307204006,-0.00318943,1277.1332968713036,1277.2798744439965,-19.7,0.8095,59.4,0.807232364096081,long_nclose,47.94960242730721,0.037544712478151825,179.0
1690807740000.0,304609,1690807740000.0,0.033561011378000986,-0.0023961200000000003,1277.1644617626816,1277.2878983239964,-14.8,0.8095,44.6,0.807232364096081,long_nclose,36.002563438685215,0.02818944976670913,4.0
1690808760000.0,304626,1690808760000.0,0.0,-0.00556899,1277.1588927726816,1277.1134393339964,34.5,0.8071,79.1,0.8071746326003189,long_ientry_partial,63.84751343868522,0.04999183249632611,17.0
1690833540000.0,305039,1690833540000.0,0.0,-0.017527656,1277.1413651166815,1275.2170716779963,112.4,0.7797,191.5,0.791048529705928,long_rentry,151.48579343868522,0.11861317593831537,413.0
1690855800000.0,305410,1690855800000.0,0.0,-0.04146368,1277.0999014366814,1269.6287079979963,272.0,0.7622,463.5,0.7741190796951136,long_rentry,358.80419343868516,0.2809523303815513,371.0
1690933860000.0,306711,1690933860000.0,0.2525505713058415,-0.017979108,1277.3344728999873,1277.8493888899964,-115.8,0.7763,347.7,0.7741190796951136,long_nclose,269.161204009991,0.21072100512476014,1301.0
1690934100000.0,306715,1690934100000.0,0.1895219744946255,-0.013492094000000001,1277.510502780482,1278.0271267959965,-86.9,0.7763,260.8,0.7741190796951136,long_nclose,201.89025598448563,0.15803412617358104,4.0
1690934220000.0,306717,1690934220000.0,0.14219600387859127,-0.010122952000000001,1277.6425758323605,1278.1474038439962,-65.2,0.7763,195.6,0.7741190796951136,long_nclose,151.41769198836423,0.11851334234828421,2.0
1690934340000.0,306719,1690934340000.0,0.10664700290894344,-0.007592214,1277.7416306212695,1278.2816216299964,-48.9,0.7763,146.7,0.7741190796951136,long_nclose,113.56326899127316,0.08887811609930554,2.0
1690936740000.0,306759,1690936740000.0,0.07982168315884111,-0.005682516,1277.8157697884283,1278.0448791139963,-36.6,0.7763,110.1,0.7741190796951136,long_nclose,85.23051067443201,0.0667001556011035,40.0
1690937040000.0,306764,1690937040000.0,0.05997530838437515,-0.00426965,1277.8714754468126,1278.0598794639961,-27.5,0.7763,82.6,0.7741190796951136,long_nclose,63.94223598281638,0.05003808067666487,5.0
1690937520000.0,306772,1690937520000.0,0.04492695828065921,-0.0031983560000000003,1277.9132040490933,1278.0546211079964,-20.6,0.7763,62.0,0.7741190796951136,long_nclose,47.99538294109704,0.037557623466932435,8.0
1690938240000.0,306784,1690938240000.0,0.03380426472573872,-0.00240653,1277.944601783819,1278.0460145779962,-15.5,0.7763,46.5,0.7741190796951136,long_nclose,35.99653720582278,0.028167525537161012,12.0
1690938360000.0,306786,1690938360000.0,0.02529867553668188,-0.001801016,1277.9680994433559,1278.0860935619964,-11.6,0.7763,34.9,0.7741190796951136,long_nclose,27.016755881359465,0.02114039927375898,2.0
1690939860000.0,306811,1690939860000.0,0.07865867553668245,-0.0018116880000000003,1278.0449464308924,1278.2076018739963,-11.6,0.7809,23.3,0.7741190796951136,long_nclose,18.036974556896148,0.014112942277395452,25.0
1690941900000.0,306845,1690941900000.0,0.01264933776834094,-0.000900508,1278.0566952606607,1278.1001113659963,-5.8,0.7763,17.5,0.7741190796951136,long_nclose,13.547083894664489,0.010599751908424963,34.0
1690942080000.0,306848,1690942080000.0,0.009377957311011386,-0.000667618,1278.0654055999717,1278.098153747996,-4.3,0.7763,13.2,0.7741190796951136,long_nclose,10.2183718519755,0.007995186949903095,3.0
1690943280000.0,306868,1690943280000.0,0.007197037006125017,-0.000512358,1278.0720902789778,1278.0946713899962,-3.3,0.7763,9.9,0.7741190796951136,long_nclose,7.663778888981625,0.00599635884960822,20.0
1690943460000.0,306871,1690943460000.0,0.005234208731727285,-0.000372624,1278.0769518637096,1278.0940587659964,-2.4,0.7763,7.5,0.7741190796951136,long_nclose,5.805893097713352,0.004542678818554014,3.0
1690945920000.0,306912,1690945920000.0,0.0,-0.01162632,1278.0653255437096,1278.0991124459963,75.3,0.772,82.8,0.7721919456245574,long_ientry_partial,63.93749309771335,0.05002678018082785,41.0
1690995120000.0,307732,1690995120000.0,0.0,-0.017543568,1278.0477819757095,1275.6503688779962,117.6,0.7459,200.4,0.7567631392101464,long_rentry,151.65533309771334,0.11866170829956942,820.0
1691009040000.0,307964,1691009040000.0,0.10705672557166762,-0.0076041780000000005,1278.1472345232812,1278.5285246999963,-50.1,0.7589,150.3,0.7567631392101464,long_nclose,113.74149982328501,0.08898935643021433,232.0
1691013840000.0,308044,1691013840000.0,0.08013227961951169,-0.005691750000000001,1278.2216750529005,1278.541672949996,-37.5,0.7589,112.8,0.7567631392101464,long_nclose,85.3628821029045,0.06678253370986818,80.0
1691016000000.0,308080,1691016000000.0,0.06025947427387279,-0.004280196,1278.2776543311743,1278.4753527539958,-28.2,0.7589,84.6,0.7567631392101464,long_nclose,64.02216157717838,0.050084706839905076,36.0
1691016480000.0,308088,1691016480000.0,0.04508776266591191,-0.0032025580000000007,1278.31953953584,1278.4806301959957,-21.1,0.7589,63.5,0.7567631392101464,long_nclose,48.05445933984429,0.03759189925023985,8.0
1691016840000.0,308094,1691016840000.0,0.03376240047968759,-0.0023981240000000006,1278.3509038123198,1278.4766820719958,-15.8,0.7589,47.7,0.7567631392101464,long_nclose,36.09760174032398,0.028237631492787386,6.0
1691020920000.0,308162,1691020920000.0,0.025428643399258377,-0.0018061820000000001,1278.3745262737189,1278.4617658899956,-11.9,0.7589,35.8,0.7567631392101464,long_nclose,27.092120383723238,0.021192631601235783,68.0
1691021340000.0,308169,1691021340000.0,0.01901806102969744,-0.001350842,1278.3921934927487,1278.4577450479958,-8.9,0.7589,26.9,0.7567631392101464,long_nclose,20.356928444752935,0.01592385227974126,7.0
1691021700000.0,308175,1691021700000.0,0.014316967292019422,-0.0010169260000000002,1278.4054935340407,1278.4587581219957,-6.7,0.7589,20.2,0.7567631392101464,long_nclose,15.286615412044956,0.011957563925813897,6.0
1691022720000.0,308192,1691022720000.0,0.04446696729201908,-0.001022956,1278.4489375453327,1278.5439351659957,-6.7,0.7634,13.5,0.7567631392101464,long_nclose,10.216302379336977,0.007991169673896119,17.0
1691022900000.0,308195,1691022900000.0,0.02986587355434117,-0.00068706,1278.478116358887,1278.5396481059956,-4.5,0.7634,9.0,0.7567631392101464,long_nclose,6.810868252891318,0.005327324860505794,3.0
1691027280000.0,308268,1691027280000.0,0.01991058236956078,-0.00045804,1278.4975689012565,1278.5385900659955,-3.0,0.7634,6.0,0.7567631392101464,long_nclose,4.540578835260878,0.0035514958696112823,73.0
1691027760000.0,308276,1691027760000.0,0.013273721579707187,-0.00030536,1278.5105372628361,1278.5382847059955,-2.0,0.7634,4.0,0.7567631392101464,long_nclose,3.0270525568405855,0.002367639897064285,8.0
1691028000000.0,308280,1691028000000.0,0.008627919026809672,-0.000198484,1278.5189666978629,1278.5393162219955,-1.3,0.7634,2.7,0.7567631392101464,long_nclose,2.0432604758673953,0.0015981463936703996,4.0
1691028960000.0,308296,1691028960000.0,0.0059731747108682344,-0.000137412,1278.5248024605737,1278.5365688099955,-0.9,0.7634,1.8,0.7567631392101464,long_nclose,1.3621736505782636,0.0010654260660072485,16.0
1691029080000.0,308298,1691029080000.0,0.003982116473912156,-9.1608e-05,1278.5286929690476,1278.5364172019954,-0.6,0.7634,1.2,0.7567631392101464,long_nclose,0.9081157670521756,0.0007102818826406741,2.0
1691033400000.0,308370,1691033400000.0,0.0026547443159414376,-6.1072e-05,1278.5312866413635,1278.5368361299954,-0.4,0.7634,0.8,0.7567631392101464,long_nclose,0.6054105113681172,0.0004735202944923622,72.0
1691033640000.0,308374,1691033640000.0,0.0013273721579707188,-3.0536e-05,1278.5325834775215,1278.5368055939955,-0.2,0.7634,0.6,0.7567631392101464,long_nclose,0.4540578835260878,0.00035513986064483494,4.0
1691038920000.0,308462,1691038920000.0,0.0013273721579707188,-3.0536e-05,1278.5338803136794,1278.5367350579954,-0.2,0.7634,0.4,0.7567631392101464,long_nclose,0.3027052556840586,0.00023675966694741945,88.0
1691039220000.0,308467,1691039220000.0,0.0006636860789853594,-1.5268e-05,1278.5345287317584,1278.5365197899953,-0.1,0.7634,0.3,0.7567631392101464,long_nclose,0.2270289417630439,0.00017756966015477512,5.0
1691040780000.0,308493,1691040780000.0,0.0006636860789853594,-1.5268e-05,1278.5351771498374,1278.5365245219955,-0.1,0.7634,0.2,0.7567631392101464,long_nclose,0.1513526278420293,0.0001183797133993847,26.0
1691041080000.0,308498,1691041080000.0,0.0006636860789853594,-1.5268e-05,1278.5358255679164,1278.5365192539953,-0.1,0.7634,0.1,0.7567631392101464,long_nclose,0.07567631392101465,5.918982668115676e-05,5.0
1691042700000.0,308525,1691042700000.0,0.0006636860789853594,-1.5268e-05,1278.5364739859954,1278.5364739859954,-0.1,0.7634,0.0,0.7567631392101464,long_nclose,0.0,0.0,27.0
1691045520000.0,308572,1691045520000.0,0.0,-0.012788245999999998,1278.5236857399955,1278.5152757399956,84.1,0.7603,84.1,0.7603,long_ientry_normal,63.94122999999999,0.050011768036187385,47.0
1691046120000.0,308582,1691046120000.0,0.044099999999999806,-0.0032020800000000004,1278.5645836599956,1278.7097136599957,-21.0,0.7624,63.1,0.7603,long_nclose,47.97493,0.03752249249910227,10.0
1691047020000.0,308597,1691047020000.0,0.032969999999999854,-0.0023939359999999997,1278.5951597239955,1278.6709997239955,-15.7,0.7624,47.4,0.7603,long_nclose,36.038219999999995,0.02818579417098638,15.0
1691047200000.0,308600,1691047200000.0,0.0,-0.005581336000000001,1278.5895783879955,1278.6027283879955,36.7,0.7604,84.1,0.7603436385255649,long_ientry_partial,63.9449,0.05001206100914702,3.0
1691048100000.0,308615,1691048100000.0,0.045283590963137055,-0.0032025,1278.6316594789587,1278.8371358879956,-21.0,0.7625,63.1,0.7603436385255649,long_nclose,47.977683590963146,0.03752267764941313,15.0
1691048460000.0,308621,1691048460000.0,0.03385487514863104,-0.00239425,1278.6631201041073,1278.7605916379955,-15.7,0.7625,47.4,0.7603436385255649,long_nclose,36.040288466111775,0.028185913787188464,6.0
1691048520000.0,308622,1691048520000.0,0.025445065398334157,-0.0017995,1278.6867656695056,1278.7670921379954,-11.8,0.7625,35.6,0.7603436385255649,long_nclose,27.06823353151011,0.02116877585523261,1.0
1691050020000.0,308647,1691050020000.0,0.07854506539833486,-0.0018101200000000003,1278.763500614904,1278.9243020179954,-11.8,0.767,23.8,0.7603436385255649,long_nclose,18.096178596908445,0.014151309908522373,25.0
1691050920000.0,308662,1691050920000.0,0.012722532699167078,-0.00089975,1278.7753233976032,1278.8121322679956,-5.9,0.7625,17.9,0.7603436385255649,long_nclose,13.61015112960761,0.010643113673359393,15.0
1691050980000.0,308663,1691050980000.0,0.009487990487514432,-0.000671,1278.7841403880907,1278.8078512679956,-4.4,0.7625,13.5,0.7603436385255649,long_nclose,10.264639120095126,0.008026873962465604,1.0
1691051040000.0,308664,1691051040000.0,0.0,-0.010741084,1278.7733993040906,1278.9632301839954,70.6,0.7607,84.1,0.7606427957205127,long_ientry_partial,63.970059120095115,0.05002454629953021,1.0
1691051040000.0,308664,1691051040000.0,0.0061287741223078,-0.00050325,1278.7790248282129,1278.9614069339955,-3.3,0.7625,80.8,0.7606427957205127,long_nclose,61.459937894217425,0.04806142163809245,0.0
1691051340000.0,308669,1691051340000.0,0.04357552644564326,-0.003081712,1278.8195186426585,1278.9441852219954,-20.2,0.7628,60.6,0.7606427957205127,long_nclose,46.094953420663074,0.036044924830040403,5.0
1691051460000.0,308671,1691051460000.0,0.03257378462025808,-0.0023036560000000003,1278.8497887712788,1278.9797915659954,-15.1,0.7628,45.5,0.7606427957205127,long_nclose,34.60924720528333,0.02706279307324745,2.0
1691052240000.0,308684,1691052240000.0,0.024376408358206383,-0.0017239280000000002,1278.872441251637,1278.9530576379955,-11.3,0.7628,34.2,0.7606427957205127,long_nclose,26.01398361364154,0.020341343494884888,13.0
1691052540000.0,308689,1691052540000.0,0.018336236375641968,-0.00129676,1278.8894807280126,1278.9526308779955,-8.5,0.7628,25.7,0.7606427957205127,long_nclose,19.548519850017176,0.015285542765500822,5.0
1691053260000.0,308701,1691053260000.0,0.01380610738871866,-0.0009763840000000003,1278.9023104514013,1278.9458744939955,-6.4,0.7628,19.3,0.7606427957205127,long_nclose,14.680405957405897,0.01147891112357464,12.0
1691056860000.0,308761,1691056860000.0,0.010354580541538993,-0.000732288,1278.9119327439428,1278.9490122059954,-4.8,0.7628,14.5,0.7606427957205127,long_nclose,11.029320537947434,0.008623987512794338,60.0
1691061060000.0,308831,1691061060000.0,0.03195458054153875,-0.0007366079999999999,1278.9431507164845,1279.0077255979957,-4.8,0.7673,9.7,0.7606427957205127,long_nclose,7.378235118488973,0.005769009446866788,70.0
1691061240000.0,308834,1691061240000.0,0.021303053694359166,-0.0004910720000000001,1278.9639626981789,1279.0085345259956,-3.2,0.7673,6.5,0.7606427957205127,long_nclose,4.944178172183332,0.00386576816578381,3.0
1691061900000.0,308845,1691061900000.0,0.013980128986923203,-0.000322266,1278.9776205611658,1279.0064722599957,-2.1,0.7673,4.4,0.7606427957205127,long_nclose,3.346828301170256,0.002616799737044498,11.0
1691062260000.0,308851,1691062260000.0,0.009320085991282133,-0.000214844,1278.986725803157,1279.0069974159956,-1.4,0.7673,3.0,0.7606427957205127,long_nclose,2.281928387161538,0.00178416893711588,6.0
1691066160000.0,308916,1691066160000.0,0.001510042995641103,-0.000106792,1278.9881290541528,1278.9942406239957,-0.7,0.7628,2.3,0.7606427957205127,long_nclose,1.749478430157179,0.0013678613510283062,65.0
1691066400000.0,308920,1691066400000.0,0.0010786021397436452,-7.628000000000001e-05,1278.9891313762926,1278.9937343439956,-0.5,0.7628,1.8,0.7606427957205127,long_nclose,1.3691570322969229,0.0010704993488284006,4.0
1691066820000.0,308927,1691066820000.0,0.0,-0.01251204,1278.9766193362925,1278.9538923039956,82.1,0.762,83.9,0.7619708823873292,long_ientry_partial,63.92935703229693,0.0499847738150774,7.0
1691068260000.0,308951,1691068260000.0,0.044498558104818904,-0.003193938,1279.0179239563972,1279.1772583659954,-20.9,0.7641,63.0,0.7619708823873292,long_nclose,48.00416559040174,0.03753205071740515,24.0
1691068500000.0,308955,1691068500000.0,0.03342714651893095,-0.002399274,1279.0489518289162,1279.1543890919954,-15.7,0.7641,47.3,0.7619708823873292,long_nclose,36.04122273692067,0.028178141802458156,4.0
1691068680000.0,308958,1691068680000.0,0.025123587829514984,-0.0018032760000000001,1279.0722721407458,1279.1691558159955,-11.8,0.7641,35.5,0.7619708823873292,long_nclose,27.049966324750187,0.021148114077617717,3.0
1691069760000.0,308976,1691069760000.0,0.0187362349915027,-0.0013448160000000002,1279.0896635597373,1279.1625309999956,-8.8,0.7641,26.7,0.7619708823873292,long_nclose,20.34462255974169,0.015905548406295548,18.0
1691070480000.0,308988,1691070480000.0,0.014052176243627023,-0.0010086119999999999,1279.102707123981,1279.1575623879955,-6.6,0.7641,20.1,0.7619708823873292,long_nclose,15.315614735985319,0.01197371770905087,12.0
1691072880000.0,309028,1691072880000.0,0.010645588063353806,-0.0007641000000000001,1279.1125886120444,1279.1462482879958,-5.0,0.7641,15.1,0.7619708823873292,long_nclose,11.505760324048671,0.008995111475318592,40.0
1691073600000.0,309040,1691073600000.0,0.03314558806335355,-0.0007686,1279.144965600108,1279.217979687996,-5.0,0.7686,10.1,0.7619708823873292,long_nclose,7.695905912112025,0.006016445453077719,12.0
1691074020000.0,309047,1691074020000.0,0.02187608812181334,-0.000507276,1279.1663344122298,1279.214812411996,-3.3,0.7686,6.8,0.7619708823873292,long_nclose,5.181402000233839,0.004050608479009624,7.0
1691074680000.0,309058,1691074680000.0,0.014584058747875562,-0.000338184,1279.1805802869778,1279.2129142279962,-2.2,0.7686,4.6,0.7619708823873292,long_nclose,3.5050660589817144,0.0027400869845877196,11.0
1691074800000.0,309060,1691074800000.0,0.009943676419006064,-0.00023057999999999998,1279.1902933833967,1279.210223647996,-1.5,0.7686,3.1,0.7619708823873292,long_nclose,2.3621097354007206,0.001846566337798776,2.0
1691074860000.0,309061,1691074860000.0,0.00662911761267071,-0.00015371999999999999,1279.1967687810093,1279.208589927996,-1.0,0.7686,2.1,0.7619708823873292,long_nclose,1.6001388530133915,0.0012508934450625754,1.0
1691076240000.0,309084,1691076240000.0,0.0,-0.0124745,1279.1842942810092,1279.336425427996,81.8,0.7625,83.9,0.7624867562933657,long_ientry_partial,63.972638853013386,0.050010494296265945,23.0
1691077020000.0,309097,1691077020000.0,0.04416679346865557,-0.003196028,1279.2252650464777,1279.3709993999958,-20.9,0.7646,63.0,0.7624867562933657,long_nclose,48.03666564648204,0.037551373443782586,13.0
1691077500000.0,309105,1691077500000.0,0.0,-0.003187668,1279.2220773784777,1279.2040417319956,20.9,0.7626,83.9,0.7625149659890589,long_ientry_partial,63.975005646482046,0.05001086736838271,8.0
1691078460000.0,309121,1691078460000.0,0.0435772108286683,-0.003196028,1279.2624585613064,1279.4316157039957,-20.9,0.7646,63.0,0.7625149659890589,long_nclose,48.03844285731071,0.03755167091461127,16.0
1691078640000.0,309124,1691078640000.0,0.03273503397177475,-0.0024008439999999996,1279.292792751278,1279.3961448599955,-15.7,0.7646,47.3,0.7625149659890589,long_nclose,36.066957891282485,0.028192887582611962,3.0
1691086440000.0,309254,1691086440000.0,0.02460340132910459,-0.001804456,1279.3155916966073,1279.3967104039957,-11.8,0.7646,35.5,0.7625149659890589,long_nclose,27.069281292611592,0.021159189701356454,130.0
1691086740000.0,309259,1691086740000.0,0.01834829929628139,-0.0013456960000000002,1279.3325942999036,1279.3775847079958,-8.8,0.7646,26.7,0.7625149659890589,long_nclose,20.359149591907872,0.01591388328775374,5.0
1691086860000.0,309261,1691086860000.0,0.013761224472211042,-0.0010092719999999999,1279.345346252376,1279.3892654359959,-6.6,0.7646,20.1,0.7625149659890589,long_nclose,15.326550816380085,0.011979994972644879,2.0
1691087280000.0,309268,1691087280000.0,0.010425170054705335,-0.0007645999999999999,1279.3550068224308,1279.388000835996,-5.0,0.7646,15.1,0.7625149659890589,long_nclose,11.513975986434788,0.008999828761394671,7.0
1691087460000.0,309271,1691087460000.0,0.007714625840481948,-0.000565804,1279.3621556442713,1279.387065031996,-3.7,0.7646,11.4,0.7625149659890589,long_nclose,8.692670612275272,0.00679453474055417,3.0
1691087760000.0,309276,1691087760000.0,0.005838095230634987,-0.00042817599999999995,1279.367565563502,1279.3863568559962,-2.8,0.7646,8.6,0.7625149659890589,long_nclose,6.557628707505906,0.005125679971898908,5.0
1691088600000.0,309290,1691088600000.0,0.004378571422976241,-0.000321132,1279.371623002925,1279.386475723996,-2.1,0.7646,6.5,0.7625149659890589,long_nclose,4.956347278928883,0.0038740481575598863,14.0
1691088840000.0,309294,1691088840000.0,0.0033360544175057073,-0.00024467200000000003,1279.3747143853425,1279.388361051996,-1.6,0.7646,4.9,0.7625149659890589,long_nclose,3.7363233333463888,0.0029204292466741867,4.0
1691090400000.0,309320,1691090400000.0,0.0,-0.012041718000000002,1279.3626726673424,1279.382299333996,78.9,0.7631,83.8,0.7630657915673794,long_ientry_partial,63.94491333334639,0.049981850103557955,26.0
1691092380000.0,309353,1691092380000.0,0.04460495624177005,-0.0031985359999999997,1279.4040790875843,1279.544610797996,-20.9,0.7652,62.9,0.7630657915673794,long_nclose,47.99683828958816,0.03751499551558209,33.0
1691095440000.0,309404,1691095440000.0,0.03350707239214305,-0.002402728,1279.4351834319764,1279.540638069996,-15.7,0.7652,47.2,0.7630657915673794,long_nclose,36.01670536198031,0.02815047282455415,51.0
1691096760000.0,309426,1691096760000.0,0.02518365950492281,-0.0018058720000000002,1279.4585612194812,1279.537652197996,-11.8,0.7652,35.4,0.7630657915673794,long_nclose,27.01252902148523,0.021112468852245568,22.0
1691098380000.0,309453,1691098380000.0,0.0,-0.007388744,1279.4511724754811,1279.459463453996,48.4,0.7633,83.8,0.763201062308893,long_ientry_partial,63.95624902148523,0.04998725265751465,27.0
1691154960000.0,310396,1691154960000.0,0.04386779774413688,-0.003198954,1279.4918413192252,1279.5798344999957,-20.9,0.7653,62.9,0.763201062308893,long_nclose,48.005346819229366,0.037519072235531616,943.0
1691155860000.0,310411,1691155860000.0,0.032953321750380335,-0.002403042,1279.5223915989757,1279.626181457996,-15.7,0.7653,47.2,0.763201062308893,long_nclose,36.02309014097975,0.02815354414858103,15.0
1691157360000.0,310436,1691157360000.0,0.024767464755062932,-0.001806108,1279.5453529557308,1279.6161153499959,-11.8,0.7653,35.4,0.763201062308893,long_nclose,27.01731760573481,0.0211147792013196,25.0
1691158740000.0,310459,1691158740000.0,0.018470651681741848,-0.0013469280000000003,1279.5624766794126,1279.623628421996,-8.8,0.7653,26.6,0.763201062308893,long_nclose,20.301148257416553,0.01586569521020965,23.0
1691159340000.0,310469,1691159340000.0,0.013852988761306383,-0.001010196,1279.575319472174,1279.621298225996,-6.6,0.7653,20.0,0.763201062308893,long_nclose,15.264021246177858,0.011928974413537673,10.0
1691162340000.0,310519,1691162340000.0,0.01049468845553514,-0.0007653,1279.5850488606295,1279.619532925996,-5.0,0.7653,15.0,0.763201062308893,long_nclose,11.448015934633395,0.0089466627832413,50.0
1691173080000.0,310698,1691173080000.0,0.0,-0.01050732,1279.5745415406295,1279.5559256059962,69.0,0.7614,84.0,0.7617216182694451,long_ientry_partial,63.98461593463338,0.05000460219972399,179.0
1691316960000.0,313096,1691316960000.0,0.0,-0.017556188,1279.5569853526295,1277.5218794179962,119.3,0.7358,203.3,0.7465103587537303,long_rentry,151.76555593463337,0.11860789138110073,2398.0
1691363280000.0,313868,1691363280000.0,0.0,-0.041546768000000005,1279.5154385846295,1273.983572649996,288.8,0.7193,492.1,0.7305413451221976,long_rentry,359.49939593463347,0.2809652662982351,772.0
1691424900000.0,314895,1691424900000.0,0.0,-0.184005412,1279.3314331726294,1252.459417237996,1314.7,0.6998,1806.8,0.7081727119407979,long_rentry,1279.5264559346335,1.0001524411555498,1027.0
1691428680000.0,314958,1691428680000.0,-0.013986086128441367,-0.0025607880000000005,1279.314886298501,1278.1116064499959,-18.1,0.7074,1788.7,0.7081727119407979,unstuck_close_long,1266.7085298485051,0.9901460097236339,63.0
1691430540000.0,314989,1691430540000.0,0.8616904912692407,-0.063497142,1280.1130796477703,1282.8328893079959,-447.1,0.7101,1341.6,0.7081727119407979,long_nclose,950.0845103397744,0.7421879562399245,31.0
1691430660000.0,314991,1691430660000.0,0.6464124150563706,-0.047633508,1280.7118585548267,1282.852335799996,-335.4,0.7101,1006.2,0.7081727119407979,long_nclose,712.5633827548309,0.5563807174854283,2.0
1691431380000.0,315003,1691431380000.0,0.4847129468893179,-0.03571803,1281.160853471716,1282.766317769996,-251.5,0.7101,754.7,0.7081727119407979,long_nclose,534.4579457017202,0.4171669343887889,12.0
1691432220000.0,315017,1691432220000.0,1.5661629468893383,-0.035934320000000006,1282.6910820986054,1285.271133449996,-251.5,0.7144,503.2,0.7081727119407979,long_nclose,356.3525086486095,0.27781631417097147,14.0
1691432340000.0,315019,1691432340000.0,1.0443162075281989,-0.023960976000000002,1283.7114373301338,1285.968442473996,-167.7,0.7144,335.5,0.7081727119407979,long_nclose,237.5919448561377,0.18508205033234107,2.0
1691432700000.0,315025,1691432700000.0,0.6962108050187993,-0.015973984000000004,1284.3916741511525,1285.739978489996,-111.8,0.7144,223.7,0.7081727119407979,long_nclose,158.41823566115647,0.12334106398334778,6.0
1691432760000.0,315026,1691432760000.0,0.4639329604105595,-0.01064456,1284.8449625515632,1285.8635939299961,-74.5,0.7144,149.2,0.7081727119407979,long_nclose,105.65936862156704,0.0822351113956496,1.0
1691433960000.0,315046,1691433960000.0,0.30949621654234644,-0.007101136000000002,1285.1473576321055,1285.7371227939961,-49.7,0.7144,99.5,0.7081727119407979,long_nclose,70.46318483810938,0.05482887578583858,20.0
1691438220000.0,315117,1691438220000.0,0.20612323475959088,-0.0047293280000000005,1285.3487515388651,1285.7688834659962,-33.1,0.7144,66.4,0.7081727119407979,long_nclose,47.02266807286898,0.036583587152180894,71.0
1691438400000.0,315120,1691438400000.0,0.13762306610836733,-0.0031576480000000003,1285.4832169569734,1285.754655817996,-22.1,0.7144,44.3,0.7081727119407979,long_nclose,31.372051138977344,0.024404870266017176,3.0
1691438460000.0,315121,1691438460000.0,0.09154113447027146,-0.002100336,1285.5726577554435,1285.7599454819958,-14.7,0.7144,29.6,0.7081727119407979,long_nclose,20.96191227344762,0.016305505680282783,1.0
1691438880000.0,315128,1691438880000.0,0.06102742298018098,-0.0014002240000000003,1285.6322849544238,1285.751625257996,-9.8,0.7144,19.8,0.7081727119407979,long_nclose,14.0218196964278,0.01090655536619857,7.0
1691438940000.0,315129,1691438940000.0,0.04110010119073412,-0.0009430080000000001,1285.6724420476146,1285.7559622499962,-6.6,0.7144,13.2,0.7081727119407979,long_nclose,9.347879797618532,0.0072708098049692315,1.0
1691439060000.0,315131,1691439060000.0,0.02740006746048942,-0.0006286720000000001,1285.6992134430752,1285.7522535779963,-4.4,0.7144,8.8,0.7081727119407979,long_nclose,6.231919865079022,0.0048471056059761234,2.0
1691439360000.0,315136,1691439360000.0,0.018059135371686207,-0.000414352,1285.716858226447,1285.7553692259962,-2.9,0.7144,5.9,0.7081727119407979,long_nclose,4.178219000450708,0.003249719387061828,5.0
1691439600000.0,315140,1691439600000.0,0.011831847312484066,-0.000271472,1285.7284186017596,1285.7541277539965,-1.9,0.7144,4.0,0.7081727119407979,long_nclose,2.8326908477631916,0.0022031797748110495,4.0
1691442120000.0,315182,1691442120000.0,0.020854576118404244,-0.00028744,1285.748985737878,1285.7708403139964,-2.0,0.7186,2.0,0.7081727119407979,long_nclose,1.4163454238815958,0.0011015722661206456,42.0
1691442420000.0,315187,1691442420000.0,0.010427288059202122,-0.00014372,1285.759269305937,1285.7698965939962,-1.0,0.7186,1.0,0.7081727119407979,long_nclose,0.7081727119407979,0.0005507817278448049,5.0
1691442720000.0,315192,1691442720000.0,0.005213644029601061,-7.186e-05,1285.7644110899669,1285.7696747339965,-0.5,0.7186,0.5,0.7081727119407979,long_nclose,0.35408635597039895,0.00027538976263173534,5.0
1691443380000.0,315203,1691443380000.0,0.0020854576118404244,-2.8744000000000005e-05,1285.7664678035787,1285.7695359899965,-0.2,0.7186,0.3,0.7081727119407979,long_nclose,0.21245181358223936,0.00016523359327076084,11.0
1691443440000.0,315204,1691443440000.0,0.0010427288059202122,-1.4372000000000002e-05,1285.7674961603848,1285.7697816179966,-0.1,0.7186,0.2,0.7081727119407979,long_nclose,0.1416345423881596,0.00011015564074462518,1.0
1691443560000.0,315206,1691443560000.0,0.0010427288059202122,-1.4372000000000002e-05,1285.7685245171908,1285.7695972459967,-0.1,0.7186,0.1,0.7081727119407979,long_nclose,0.0708172711940798,5.507777632110869e-05,2.0
1691447460000.0,315271,1691447460000.0,0.0010427288059202122,-1.4372000000000002e-05,1285.7695528739969,1285.7695528739969,-0.1,0.7186,0.0,0.7081727119407979,long_nclose,0.0,0.0,65.0
1691454360000.0,315386,1691454360000.0,0.0,-0.012859296000000001,1285.7566935779969,1285.783663577997,89.9,0.7152,89.9,0.7152,long_ientry_normal,64.29648,0.05000672391685249,115.0
1691456040000.0,315414,1691456040000.0,0.044800000000000034,-0.0032130559999999997,1285.7982805219967,1285.9400305219967,-22.4,0.7172,67.5,0.7152,long_nclose,48.275999999999996,0.037545547175876874,28.0
1691456520000.0,315422,1691456520000.0,0.03360000000000003,-0.002409792,1285.8294707299967,1285.9562207299966,-16.8,0.7172,50.7,0.7152,long_nclose,36.26064,0.02820019359131188,8.0
1691456640000.0,315424,1691456640000.0,0.02520000000000002,-0.0018073439999999998,1285.8528633859967,1285.9519233859967,-12.6,0.7172,38.1,0.7152,long_nclose,27.249119999999998,0.021191475926915723,2.0
1691457360000.0,315436,1691457360000.0,0.0,-0.007409472,1285.8454539139966,1285.8454539139966,51.8,0.7152,89.9,0.7151999999999998,long_ientry_partial,64.29647999999999,0.05000327201397909,12.0
1691464980000.0,315563,1691464980000.0,0.044800000000002525,-0.0032130559999999997,1285.8870408579965,1286.0152908579964,-22.4,0.7172,67.5,0.7151999999999998,long_nclose,48.27599999999999,0.037542955536582955,127.0
1691466300000.0,315585,1691466300000.0,0.0336000000000019,-0.002409792,1285.9182310659965,1286.0297710659966,-16.8,0.7172,50.7,0.7151999999999998,long_nclose,36.260639999999995,0.028198247076675134,22.0
1691466720000.0,315592,1691466720000.0,0.02520000000000142,-0.0018073439999999998,1285.9416237219964,1286.0216337219963,-12.6,0.7172,38.1,0.7151999999999998,long_nclose,27.249119999999994,0.021190013214698534,7.0
1691468100000.0,315615,1691468100000.0,0.01900000000000107,-0.00136268,1285.9592610419963,1286.0450610419964,-9.5,0.7172,28.6,0.7151999999999998,long_nclose,20.454719999999995,0.015906195957892007,23.0
1691474520000.0,315722,1691474520000.0,0.059850000000001846,-0.00137085,1286.0177401919964,1286.1457101919964,-9.5,0.7215,19.1,0.7151999999999998,long_nclose,13.660319999999999,0.010622186283340522,107.0
1691475960000.0,315746,1691475960000.0,0.039690000000001224,-0.00090909,1286.0565211019964,1286.1384411019965,-6.3,0.7215,12.8,0.7151999999999998,long_nclose,9.154559999999998,0.007118318557380073,24.0
1691476080000.0,315748,1691476080000.0,0.026460000000000816,-0.0006060600000000002,1286.0823750419963,1286.1425750419962,-4.2,0.7215,8.6,0.7151999999999998,long_nclose,6.150719999999998,0.004782524136371241,2.0
1691476380000.0,315753,1691476380000.0,0.017640000000000544,-0.00040404000000000004,1286.0996110019964,1286.1373110019965,-2.8,0.7215,5.8,0.7151999999999998,long_nclose,4.148159999999999,0.003225380028509751,5.0
1691476680000.0,315758,1691476680000.0,0.01197000000000037,-0.00027417,1286.1113068319964,1286.1362668319964,-1.9,0.7215,3.9,0.7151999999999998,long_nclose,2.7892799999999993,0.0021687702963055907,5.0
1691479800000.0,315810,1691479800000.0,0.0,-0.012298572,1286.0990082599965,1286.0869182599965,85.8,0.7167,89.7,0.7166347826086956,long_ientry_partial,64.28214,0.04998226387482354,52.0
1691481960000.0,315846,1691481960000.0,0.04402086956521849,-0.0032193280000000005,1286.1398098015618,1286.2451489319965,-22.4,0.7186,67.3,0.7166347826086956,long_nclose,48.229520869565214,0.037499438631797374,36.0
1691482860000.0,315861,1691482860000.0,0.03301565217391387,-0.0024144960000000004,1286.1704109577356,1286.2949044359964,-16.8,0.7186,50.5,0.7166347826086956,long_nclose,36.19005652173913,0.02813783944445629,15.0
1691483700000.0,315875,1691483700000.0,0.0247617391304354,-0.0018108719999999998,1286.1933618248659,1286.2754235639964,-12.6,0.7186,37.9,0.7166347826086956,long_nclose,27.160458260869564,0.021116932389025858,14.0
1691483940000.0,315879,1691483940000.0,0.01847304347826133,-0.0013509680000000001,1286.2104839003441,1286.2664925959964,-9.4,0.7186,28.5,0.7166347826086956,long_nclose,20.424091304347826,0.015879276028300738,4.0
1691484240000.0,315884,1691484240000.0,0.013953043478261217,-0.001020412,1286.2234165318225,1286.2932921839965,-7.1,0.7186,21.4,0.7166347826086956,long_nclose,15.335984347826086,0.011923266324273655,5.0
1691491320000.0,316002,1691491320000.0,0.04448304347826101,-0.001026518,1286.266873057301,1286.3593256659965,-7.1,0.7229,14.3,0.7166347826086956,long_nclose,10.247877391304348,0.007967147102954134,118.0
1691496480000.0,316088,1691496480000.0,0.029446521739130527,-0.0006795260000000001,1286.29564005304,1286.3567461399964,-4.7,0.7229,9.6,0.7166347826086956,long_nclose,6.879693913043478,0.005348454662226637,86.0
1691496660000.0,316091,1691496660000.0,0.020048695652173976,-0.0004626560000000001,1286.315226092692,1286.3598034839963,-3.2,0.7229,6.4,0.7166347826086956,long_nclose,4.586462608695652,0.0035655821494296387,3.0
1691497920000.0,316112,1691497920000.0,0.013156956521739172,-0.000303618,1286.3280794312136,1286.3532998659962,-2.1,0.7229,4.3,0.7166347826086956,long_nclose,3.081529565217391,0.0023956015689092134,21.0
1691498100000.0,316115,1691498100000.0,0.008771304347826114,-0.000202412,1286.3366483235616,1286.3568474539964,-1.4,0.7229,2.9,0.7166347826086956,long_nclose,2.0782408695652173,0.001615627504878849,3.0
1691499120000.0,316132,1691499120000.0,0.014791304347826072,-0.000203616,1286.3512360119096,1286.3663338379965,-1.4,0.7272,1.5,0.7166347826086956,long_nclose,1.0749521739130434,0.0008356599222819817,17.0
1691499300000.0,316135,1691499300000.0,0.007395652173913036,-0.000101808,1286.3585298560836,1286.3670620299965,-0.7,0.7272,0.8,0.7166347826086956,long_nclose,0.5733078260869565,0.00044568276478183544,3.0
1691499480000.0,316138,1691499480000.0,0.0042260869565217355,-5.8176e-05,1286.3626977670401,1286.3671238539966,-0.4,0.7272,0.4,0.7166347826086956,long_nclose,0.28665391304347826,0.00022284066036824023,3.0
1691499720000.0,316142,1691499720000.0,0.0021130434782608678,-2.9088e-05,1286.3647817225183,1286.3669547659965,-0.2,0.7272,0.2,0.7166347826086956,long_nclose,0.14332695652173913,0.00011142014967932804,4.0
1691500500000.0,316155,1691500500000.0,0.0010565217391304339,-1.4544e-05,1286.3658237002576,1286.3669102219967,-0.1,0.7272,0.1,0.7166347826086956,long_nclose,0.07166347826086956,5.571002971357565e-05,13.0
1691502180000.0,316183,1691502180000.0,0.0006265217391304368,-1.4458000000000003e-05,1286.3664357639968,1286.3664357639968,-0.1,0.7229,0.0,0.7166347826086956,long_nclose,0.0,0.0,28.0
1691594040000.0,317714,1691594040000.0,0.0,-0.012859,1286.353576763997,1286.4148267639969,87.5,0.7348,87.5,0.7348,long_ientry_normal,64.295,0.04998236966988742,1531.0
1691594160000.0,317716,1691594160000.0,0.04360000000000004,-0.003212448,1286.3939643159968,1286.5385043159968,-21.8,0.7368,65.7,0.7348,long_nclose,48.276360000000004,0.037528441005761075,2.0
1691599560000.0,317806,1691599560000.0,0.032800000000000024,-0.0024167039999999996,1286.4243476119966,1286.5623876119967,-16.4,0.7368,49.3,0.7348,long_nclose,36.22564,0.028159945874194656,90.0
1691599860000.0,317811,1691599860000.0,0.024600000000000025,-0.001812528,1286.4471350839965,1286.5433350839965,-12.3,0.7368,37.0,0.7348,long_nclose,27.1876,0.021133864935868375,5.0
1691604000000.0,317880,1691604000000.0,0.0,-0.007427540000000001,1286.4397075439965,1286.4181575439966,50.5,0.7354,87.5,0.7351462857142859,long_ientry_partial,64.32530000000001,0.05000257658620202,69.0
1691605440000.0,317904,1691605440000.0,0.04477097142856745,-0.0032141920000000003,1286.481264323425,1286.6424733519964,-21.8,0.7372,65.7,0.7351462857142859,long_nclose,48.29911097142858,0.03754357899400084,24.0
1691610600000.0,317990,1691610600000.0,0.033680914285711294,-0.002418016,1286.5125272217106,1286.5940553359962,-16.4,0.7372,49.3,0.7351462857142859,long_nclose,36.24271188571429,0.028171285641487128,86.0
1691610780000.0,317993,1691610780000.0,0.02526068571428347,-0.0018135120000000002,1286.535974395425,1286.6193618239963,-12.3,0.7372,37.0,0.7351462857142859,long_nclose,27.200412571428576,0.021142364545391527,3.0
1691610960000.0,317996,1691610960000.0,0.0,-0.007414848000000001,1286.528559547425,1286.5715669759963,50.4,0.7356,87.4,0.7354079241582216,long_ientry_partial,64.27465257142858,0.04995975572748973,3.0
1691612940000.0,318029,1691612940000.0,0.04560725335076903,-0.0032155000000000005,1286.5709513007757,1286.7147514759963,-21.8,0.7375,65.6,0.7354079241582216,long_nclose,48.242759824779334,0.037497162341496935,33.0
1691613180000.0,318033,1691613180000.0,0.03431004380516569,-0.0024189999999999997,1286.602842344581,1286.7205324759964,-16.4,0.7375,49.2,0.7354079241582216,long_nclose,36.182069868584506,0.028122174674081856,4.0
1691613540000.0,318039,1691613540000.0,0.02573253285387427,-0.0018142500000000003,1286.6267606274348,1286.7113382259963,-12.3,0.7375,36.9,0.7354079241582216,long_nclose,27.13655240143838,0.021091238913921704,6.0
1691613720000.0,318042,1691613720000.0,0.01924709774436124,-0.0013570000000000001,1286.644650725179,1286.7053712259963,-9.2,0.7375,27.7,0.7354079241582216,long_nclose,20.370799499182738,0.015832498497313413,3.0
1691615460000.0,318071,1691615460000.0,0.0,-0.008784258000000001,1286.6358664671789,1286.608996967996,59.7,0.7357,87.4,0.7356074313407636,long_ientry_partial,64.29208949918274,0.049969141366869224,29.0
1691617680000.0,318108,1691617680000.0,0.04561799677135483,-0.0032163720000000008,1286.6782680919503,1286.8483405959962,-21.8,0.7377,65.6,0.7356074313407636,long_nclose,48.255847495954086,0.037504206523604366,37.0
1691622240000.0,318184,1691622240000.0,0.1393579967713542,-0.00323512,1286.8143909687217,1287.1031454759961,-21.8,0.742,43.8,0.7356074313407636,long_nclose,32.21960549272544,0.025038269480706015,76.0
1691628720000.0,318292,1691628720000.0,0.09333150242485189,-0.00216664,1286.9055558311466,1287.0951388359963,-14.6,0.742,29.2,0.7356074313407636,long_nclose,21.479736995150297,0.016690997173664103,108.0
1691628900000.0,318295,1691628900000.0,0.06200791599459337,-0.00143948,1286.9661242671411,1287.0966293559964,-9.7,0.742,19.5,0.7356074313407636,long_nclose,14.344344911144889,0.011145860516968333,3.0
1691637120000.0,318432,1691637120000.0,0.0,-0.009993874,1286.9561303931412,1286.9524154819962,67.7,0.7381,87.2,0.7375426021920285,long_ientry_partial,64.31371491114488,0.049973509890735936,137.0
1691638680000.0,318458,1691638680000.0,0.04485127221377956,-0.0032246560000000002,1286.997757009355,1287.1453908259962,-21.8,0.7396,65.4,0.7375426021920285,long_nclose,48.23528618335867,0.037478920161791746,26.0
1691639160000.0,318466,1691639160000.0,0.033535584269936095,-0.002411096,1287.0288814976248,1287.1397197299962,-16.3,0.7396,49.1,0.7375426021920285,long_nclose,36.2133417676286,0.028137163266677968,8.0
1691639580000.0,318473,1691639580000.0,0.025100253257252778,-0.0018046240000000001,1287.052177126882,1287.1502351059962,-12.2,0.7396,36.9,0.7375426021920285,long_nclose,27.21532202088585,0.021145469083964627,7.0
1691640000000.0,318480,1691640000000.0,0.01892805983333816,-0.001360864,1287.0697443227155,1287.1405842419963,-9.2,0.7396,27.7,0.7375426021920285,long_nclose,20.42993008071919,0.01587321135535656,7.0
1691640960000.0,318496,1691640960000.0,0.014196044875003623,-0.001020648,1287.0829197195906,1287.1361135939965,-6.9,0.7396,20.8,0.7375426021920285,long_nclose,15.340886125594194,0.011919112506703473,16.0
1691641140000.0,318499,1691641140000.0,0.010698468601452005,-0.0007691840000000001,1287.092849004192,1287.1187044099963,-5.2,0.7396,15.6,0.7375426021920285,long_nclose,11.505664594195645,0.008939265417485178,3.0
1691641800000.0,318510,1691641800000.0,0.0,-0.010569592,1287.082279412192,1287.1171348179964,71.6,0.7381,87.2,0.738000282043528,long_ientry_partial,64.35362459419564,0.04999961977845411,11.0
1691670660000.0,318991,1691670660000.0,0.0457738514510899,-0.0032268360000000003,1287.124826427643,1287.1575079819963,-21.8,0.7401,65.4,0.738000282043528,long_nclose,48.26521844564673,0.037498475248593156,481.0
1691671080000.0,318998,1691671080000.0,0.0,-0.0032634,1287.121563027643,1286.8990645819963,22.2,0.735,87.6,0.7372399365941409,long_ientry_partial,64.58221844564673,0.050175694589198426,7.0
1691676000000.0,319080,1691676000000.0,0.04511538858831362,-0.0032381339999999997,1287.1634402822315,1287.3053564479965,-21.9,0.7393,65.7,0.7372399365941409,long_nclose,48.436663834235056,0.037630546610005124,82.0
1691677020000.0,319097,1691677020000.0,0.0,-0.0032067800000000007,1287.1602335022314,1287.0021696679964,21.8,0.7355,87.5,0.7368064438198292,long_ientry_partial,64.47056383423505,0.05008744222839859,17.0
1691694180000.0,319383,1691694180000.0,0.04563952472772386,-0.0032216040000000003,1287.2026514229592,1287.3533380639965,-21.8,0.7389,65.7,0.7368064438198292,long_nclose,48.40818335896278,0.03760727442990361,286.0
1691694480000.0,319388,1691694480000.0,0.03433432135480143,-0.0024235919999999996,1287.234562152314,1287.3476344719966,-16.4,0.7389,49.3,0.7368064438198292,long_nclose,36.324557680317575,0.02821906647657229,5.0
1691697180000.0,319433,1691697180000.0,0.025750741016101076,-0.0018176940000000003,1287.2584951993301,1287.3433567779964,-12.3,0.7389,37.0,0.7368064438198292,long_nclose,27.261838421333678,0.021178215970609867,45.0
1691697660000.0,319441,1691697660000.0,0.019260716857571535,-0.001359576,1287.2763963401878,1287.3429372019966,-9.2,0.7389,27.8,0.7368064438198292,long_nclose,20.483219138191252,0.015912059909143367,8.0
1691697780000.0,319443,1691697780000.0,0.014445537643178652,-0.001019682,1287.289822195831,1287.3419375199965,-6.9,0.7389,20.9,0.7368064438198292,long_nclose,15.39925467583443,0.011962538979424786,2.0
1691719260000.0,319801,1691719260000.0,0.04411553764317845,-0.001025616,1287.332912117474,1287.4182219039965,-6.9,0.7432,14.0,0.7368064438198292,long_nclose,10.315290213477608,0.008012915786104207,358.0
1691722620000.0,319857,1691722620000.0,0.0,-0.010801392,1287.322110725474,1287.3447405119964,73.2,0.7378,87.2,0.7376404840995139,long_ientry_partial,64.32225021347762,0.049965932906433676,56.0
1691723400000.0,319870,1691723400000.0,0.044897446630597894,-0.003225092,1287.3637830801044,1287.5311754199963,-21.8,0.7397,65.4,0.7376404840995139,long_nclose,48.24168766010821,0.037473236620566355,13.0
1691723700000.0,319875,1691723700000.0,0.033570109177924114,-0.0024114220000000003,1287.3949417672823,1287.5206139979962,-16.3,0.7397,49.1,0.7376404840995139,long_nclose,36.21814776928613,0.028132895814836252,5.0
1691724420000.0,319887,1691724420000.0,0.02512609398593093,-0.0018048680000000003,1287.4182629932682,1287.4905691299962,-12.2,0.7397,36.9,0.7376404840995139,long_nclose,27.21893386327206,0.021142261723076386,12.0
1691724540000.0,319889,1691724540000.0,0.018947546284472504,-0.001361048,1287.4358494915525,1287.495668081996,-9.2,0.7397,27.7,0.7376404840995139,long_nclose,20.432641409556535,0.01587080351819161,2.0
1691725680000.0,319908,1691725680000.0,0.01421065971335438,-0.001020786,1287.449039365266,1287.496037295996,-6.9,0.7397,20.8,0.7376404840995139,long_nclose,15.342922069269889,0.011917304374885555,19.0
1691743680000.0,320208,1691743680000.0,0.0,-0.00979914,1287.4392402252658,1287.441388155996,66.3,0.739,87.1,0.738675339486451,long_ientry_partial,64.33862206926987,0.04997410367732182,300.0
1691749140000.0,320299,1691749140000.0,0.043935133144013136,-0.003214638,1287.47996072041,1287.6189135179961,-21.7,0.7407,65.4,0.738675339486451,long_nclose,48.3093672024139,0.03752242262115084,91.0
1691753280000.0,320368,1691753280000.0,0.03300196637084858,-0.0024146820000000005,1287.5105480047807,1287.619778835996,-16.3,0.7407,49.1,0.738675339486451,long_nclose,36.26895916878475,0.028169834588920258,69.0
1691762520000.0,320522,1691762520000.0,0.10472196637084792,-0.002429026,1287.6128409451514,1287.8268498099958,-16.3,0.7451,32.8,0.738675339486451,long_nclose,24.22855113515559,0.018816642988253373,154.0
1691763120000.0,320532,1691763120000.0,0.07002879959768359,-0.001624318,1287.681245426749,1287.8350854919956,-10.9,0.7451,21.9,0.738675339486451,long_nclose,16.176989934753276,0.01256288385981119,10.0
1691763480000.0,320538,1691763480000.0,0.046900021748907346,-0.001087846,1287.7270576024978,1287.8106376459955,-7.3,0.7451,14.6,0.738675339486451,long_nclose,10.784659956502185,0.008374957948450012,6.0
1691766900000.0,320595,1691766900000.0,0.0,-0.010715200000000001,1287.7163424024977,1287.7443824459956,72.4,0.74,87.0,0.7397777006494504,long_ientry_partial,64.36065995650218,0.049980463738174066,57.0
1691770260000.0,320651,1691770260000.0,0.04388389590692741,-0.003219412,1287.7570068864047,1287.9086530339955,-21.7,0.7418,65.3,0.7397777006494504,long_nclose,48.307483852409106,0.03751288759764473,56.0
1691770620000.0,320657,1691770620000.0,0.0,-0.003211166,1287.7537957204047,1287.7269818679956,21.7,0.7399,87.0,0.7398082052001047,long_ientry_partial,64.3633138524091,0.0499810709673758,6.0
1691790600000.0,320990,1691790600000.0,0.04539194715772794,-0.0032198459999999997,1287.7959678215623,1287.9456220219954,-21.7,0.7419,65.3,0.7398082052001047,long_nclose,48.30947579956683,0.03751329947187769,333.0
1691792520000.0,321022,1691792520000.0,0.14087194715772705,-0.0032389419999999994,1287.9336008267198,1288.2340830799953,-21.7,0.7463,43.6,0.7398082052001047,long_nclose,32.25563774672457,0.02504448810561336,32.0
1691793300000.0,321035,1691793300000.0,0.09413102459848122,-0.00216427,1288.0255675813182,1288.2377588099953,-14.5,0.7463,29.1,0.7398082052001047,long_nclose,21.528418771323047,0.016714279058722078,13.0
1691800920000.0,321162,1691800920000.0,0.15793102459848224,-0.0021770300000000004,1288.1813215759166,1288.3345017799952,-14.5,0.7507,14.6,0.7398082052001047,long_nclose,10.801199795921528,0.008384844287842733,127.0
1691801400000.0,321170,1691801400000.0,0.07951010203923588,-0.001096022,1288.2597356559559,1288.339975757995,-7.3,0.7507,7.3,0.7398082052001047,long_nclose,5.400599897960764,0.00419216695863811,8.0
1691802240000.0,321184,1691802240000.0,0.03921046127962318,-0.000540504,1288.2984056132357,1288.3401852539953,-3.6,0.7507,3.7,0.7398082052001047,long_nclose,2.7372903592403874,0.0021247331730861107,14.0
1691804940000.0,321229,1691804940000.0,0.05657964075961256,-0.0005587740000000001,1288.3544264799953,1288.3544264799953,-3.7,0.7551,0.0,0.7398082052001047,long_nclose,0.0,0.0,45.0
1691855220000.0,322067,1691855220000.0,0.0,-0.012884520000000002,1288.3415419599953,1288.3243419599953,86.0,0.7491,86.0,0.7491,long_ientry_normal,64.4226,0.05000428683064262,838.0
1691986500000.0,324255,1691986500000.0,0.0451499999999998,-0.00323016,1288.3834617999953,1288.5576117999954,-21.5,0.7512,64.5,0.7491,long_nclose,48.31695,0.037501994889391536,2188.0
1691987220000.0,324267,1691987220000.0,0.033809999999999854,-0.0024188640000000006,1288.4148529359952,1288.5261729359952,-16.1,0.7512,48.4,0.7491,long_nclose,36.25644,0.02814034619158579,12.0
1691987400000.0,324270,1691987400000.0,0.025409999999999888,-0.0018179040000000002,1288.4384450319951,1288.521935031995,-12.1,0.7512,36.3,0.7491,long_nclose,27.19233,0.021104873193476266,3.0
1691988180000.0,324283,1691988180000.0,0.018899999999999917,-0.00135216,1288.4559928719952,1288.5269728719952,-9.0,0.7512,27.3,0.7491,long_nclose,20.45043,0.015872043836293988,13.0
1691996400000.0,324420,1691996400000.0,0.014279999999999937,-0.001021632,1288.4692512399954,1288.5123012399954,-6.8,0.7512,20.5,0.7491,long_nclose,15.35655,0.01191844507365712,137.0
1691998620000.0,324457,1691998620000.0,0.010709999999999952,-0.0007662239999999999,1288.4791950159954,1288.5130750159954,-5.1,0.7512,15.4,0.7491,long_nclose,11.53614,0.008953299397167828,37.0
1692000000000.0,324480,1692000000000.0,0.007979999999999965,-0.000570912,1288.4866041039954,1288.5144441039954,-3.8,0.7512,11.6,0.7491,long_nclose,8.68956,0.0067440049219934725,23.0
1692001860000.0,324511,1692001860000.0,0.006089999999999973,-0.000435696,1288.4922584079955,1288.5148784079954,-2.9,0.7512,8.7,0.7491,long_nclose,6.517169999999999,0.005057981495404814,31.0
1692001980000.0,324513,1692001980000.0,0.004409999999999981,-0.00031550400000000003,1288.4963529039956,1288.5141729039956,-2.1,0.7512,6.6,0.7491,long_nclose,4.9440599999999995,0.00383707721706557,2.0
1692003540000.0,324539,1692003540000.0,0.0033599999999999854,-0.00024038400000000003,1288.4994725199954,1288.5119725199954,-1.6,0.7512,5.0,0.7491,long_nclose,3.7455,0.0029068696416884843,26.0
1692003960000.0,324546,1692003960000.0,0.002519999999999989,-0.000180288,1288.5018122319955,1288.5105522319955,-1.2,0.7512,3.8,0.7491,long_nclose,2.84658,0.002209216916093457,7.0
1692005400000.0,324570,1692005400000.0,0.0018899999999999917,-0.00013521600000000001,1288.5035670159955,1288.5102370159955,-0.9,0.7512,2.9,0.7491,long_nclose,2.17239,0.0016859790346028837,24.0
1692007920000.0,324612,1692007920000.0,0.0014699999999999934,-0.000105168,1288.5049318479955,1288.5093318479956,-0.7,0.7512,2.2,0.7491,long_nclose,1.64802,0.0012790172231908975,42.0
1692007980000.0,324613,1692007980000.0,0.0010499999999999954,-7.512e-05,1288.5059067279956,1288.5101567279955,-0.5,0.7512,1.7,0.7491,long_nclose,1.2734699999999999,0.0009883307428786433,1.0
1692008160000.0,324616,1692008160000.0,0.0008399999999999963,-6.009600000000001e-05,1288.5066866319955,1288.5096766319955,-0.4,0.7512,1.3,0.7491,long_nclose,0.97383,0.0007557818753315722,3.0
1692020520000.0,324822,1692020520000.0,0.0006299999999999972,-4.5072e-05,1288.5072715599956,1288.5096715599957,-0.3,0.7512,1.0,0.7491,long_nclose,0.7491,0.0005813704094141934,206.0
1692020940000.0,324829,1692020940000.0,0.001980000000000015,-4.5342e-05,1288.5092062179956,1288.5134762179955,-0.3,0.7557,0.7,0.7491,long_nclose,0.52437,0.00040695867555274944,7.0
1692023940000.0,324879,1692023940000.0,0.0002099999999999991,-1.5024000000000002e-05,1288.5094011939955,1288.5109611939954,-0.1,0.7512,0.6,0.7491,long_nclose,0.44945999999999997,0.0003488216691189901,50.0
1692027600000.0,324940,1692027600000.0,0.0013200000000000102,-3.0228000000000006e-05,1288.5106909659955,1288.5133309659955,-0.2,0.7557,0.4,0.7491,long_nclose,0.29964,0.0002325475466372422,61.0
1692027660000.0,324941,1692027660000.0,0.0006600000000000051,-1.5114000000000003e-05,1288.5113358519955,1288.5133758519955,-0.1,0.7557,0.3,0.7491,long_nclose,0.22472999999999999,0.00017441057268728099,1.0
1692029340000.0,324969,1692029340000.0,0.0006600000000000051,-1.5114000000000003e-05,1288.5119807379954,1288.5133207379954,-0.1,0.7557,0.2,0.7491,long_nclose,0.14982,0.00011627365693114517,28.0
1692029460000.0,324971,1692029460000.0,0.0006600000000000051,-1.5114000000000003e-05,1288.5126256239953,1288.5132756239952,-0.1,0.7557,0.1,0.7491,long_nclose,0.07491,5.813679936874729e-05,2.0
1692029520000.0,324972,1692029520000.0,0.0006600000000000051,-1.5114000000000003e-05,1288.5132705099952,1288.5132705099952,-0.1,0.7557,0.0,0.7491,long_nclose,0.0,0.0,1.0
1692036180000.0,325083,1692036180000.0,0.0,-0.012888624000000001,1288.5003818859952,1288.4659018859952,86.2,0.7476,86.2,0.7476,long_ientry_normal,64.44312000000001,0.05001404804061738,111.0
1692038580000.0,325123,1692038580000.0,0.0451499999999998,-0.00322371,1288.5423081759952,1288.6717081759953,-21.5,0.7497,64.7,0.7476,long_nclose,48.36972000000001,0.03753832504612913,40.0
1692038640000.0,325124,1692038640000.0,0.033809999999999854,-0.0024140340000000002,1288.5737041419952,1288.6757641419952,-16.1,0.7497,48.6,0.7476,long_nclose,36.333360000000006,0.028196571048446778,1.0
1692038700000.0,325125,1692038700000.0,0.025409999999999888,-0.001814274,1288.5972998679952,1288.655699867995,-12.1,0.7497,36.5,0.7476,long_nclose,27.2874,0.021176049338917088,1.0
1692039060000.0,325131,1692039060000.0,0.0,-0.007430150000000001,1288.5898697179953,1288.5862197179952,49.7,0.7475,86.2,0.747542343387471,long_ientry_partial,64.43815000000001,0.050006717819458056,6.0
1692040740000.0,325159,1692040740000.0,0.0442396171693733,-0.0032232800000000007,1288.6308860551646,1288.7769564379953,-21.5,0.7496,64.7,0.747542343387471,long_nclose,48.365989617169376,0.03753284989562084,28.0
1692043080000.0,325198,1692043080000.0,0.033128271461716756,-0.0024137120000000006,1288.6616006146264,1288.7664627259953,-16.1,0.7496,48.6,0.747542343387471,long_nclose,36.33055788863109,0.028192473393560614,39.0
1692043440000.0,325204,1692043440000.0,0.02489764501160079,-0.001814032,1288.684684227638,1288.7561386939954,-12.1,0.7496,36.5,0.747542343387471,long_nclose,27.285295533642692,0.02117298037882393,6.0
1692043500000.0,325205,1692043500000.0,0.018724675174013817,-0.0013642720000000001,1288.702044630812,1288.7913044219954,-9.1,0.7496,27.4,0.747542343387471,long_nclose,20.482660208816707,0.01589402321052776,1.0
1692046800000.0,325260,1692046800000.0,0.013992064965197138,-0.0010194560000000002,1288.7150172397771,1288.7677049659953,-6.8,0.7496,20.6,0.747542343387471,long_nclose,15.399372273781905,0.011949400812264076,55.0
1692049440000.0,325304,1692049440000.0,0.010494048723897852,-0.000764592,1288.724746696501,1288.7643903739952,-5.1,0.7496,15.5,0.747542343387471,long_nclose,11.5869063225058,0.00899098612966618,44.0
1692049680000.0,325308,1692049680000.0,0.007819095127610165,-0.000569696,1288.7319960956286,1288.7455406779952,-3.8,0.7496,11.7,0.747542343387471,long_nclose,8.74624541763341,0.00678670619192449,4.0
1692053340000.0,325369,1692053340000.0,0.0,-0.011143710000000001,1288.7208523856286,1288.7595169679953,74.5,0.7479,86.2,0.7478514549609444,long_ientry_partial,64.46479541763341,0.05002231111438816,61.0
1692091800000.0,326010,1692091800000.0,0.0440437183396955,-0.00322457,1288.7616715339684,1288.9395023979953,-21.5,0.7499,64.7,0.7478514549609444,long_nclose,48.385989135973105,0.03754455940513884,641.0
1692093900000.0,326045,1692093900000.0,0.1407937183396944,-0.00324392,1288.8992213323081,1289.1993984779954,-21.5,0.7544,43.2,0.7478514549609444,long_nclose,32.3071828543128,0.02506571679119919,35.0
1692095100000.0,326065,1692095100000.0,0.022124286421800532,-0.0016197840000000004,1288.91972583473,1289.0152586939953,-10.8,0.7499,32.4,0.7478514549609444,long_nclose,24.2303871407346,0.018798988528973378,20.0
1692099060000.0,326131,1692099060000.0,0.0165932148163504,-0.001214838,1288.9351042115463,1288.9897438559954,-8.1,0.7499,24.3,0.7478514549609444,long_nclose,18.17279035555095,0.014099073177673609,66.0
1692099360000.0,326136,1692099360000.0,0.012291270234333629,-0.0008998799999999999,1288.9464956017807,1288.9931339759955,-6.0,0.7499,18.3,0.7478514549609444,long_nclose,13.685681625785284,0.010617726703539963,5.0
1692099840000.0,326144,1692099840000.0,0.009218452675750222,-0.00067491,1288.9550391444564,1288.9874490659954,-4.5,0.7499,13.8,0.7478514549609444,long_nclose,10.320350078461033,0.008006757229725532,8.0
1692100140000.0,326149,1692100140000.0,0.006965053132789056,-0.0005099319999999999,1288.961494265589,1288.9775991339952,-3.4,0.7499,10.4,0.7478514549609444,long_nclose,7.777655131593822,0.00603404769358552,5.0
1692101400000.0,326170,1692101400000.0,0.0053262171015445725,-0.00038994800000000004,1288.9664305346905,1288.9925491859951,-2.6,0.7499,7.8,0.7478514549609444,long_nclose,5.833241348695366,0.004525518439045472,21.0
1692102780000.0,326193,1692102780000.0,0.003892235574205649,-0.000284962,1288.9700378082648,1288.9868442239951,-1.9,0.7499,5.9,0.7478514549609444,long_nclose,4.412323584269572,0.003423138982945008,23.0
1692103680000.0,326208,1692103680000.0,0.01244223557420555,-0.00028667199999999997,1288.982193371839,1289.0079875519953,-1.9,0.7544,4.0,0.7478514549609444,long_nclose,2.9914058198437776,0.0023207503061144553,15.0
1692103860000.0,326211,1692103860000.0,0.00851310855077222,-0.000196144,1288.9905103363897,1289.0084614079951,-1.3,0.7544,2.7,0.7478514549609444,long_nclose,2.01919892839455,0.0015664963490441808,3.0
1692104160000.0,326216,1692104160000.0,0.005893690535149998,-0.000135792,1288.9962682349249,1289.007515615995,-0.9,0.7544,1.8,0.7478514549609444,long_nclose,1.3461326189297,0.001044326234375383,5.0
1692104220000.0,326217,1692104220000.0,0.003929127023433332,-9.052799999999998e-05,1289.0001068339482,1289.0080850879951,-0.6,0.7544,1.2,0.7478514549609444,long_nclose,0.8974217459531333,0.0006962154162712891,1.0
1692104400000.0,326220,1692104400000.0,0.0026194180156222215,-6.035200000000001e-05,1289.0026658999639,1289.007184735995,-0.4,0.7544,0.8,0.7478514549609444,long_nclose,0.5982811639687555,0.0004641426893799664,3.0
1692104700000.0,326225,1692104700000.0,0.0013097090078111107,-3.0176000000000004e-05,1289.0039454329715,1289.008834559995,-0.2,0.7544,0.6,0.7478514549609444,long_nclose,0.44871087297656664,0.00034810667148566903,5.0
1692105120000.0,326232,1692105120000.0,0.003284563511716687,-4.5528e-05,1289.007184468483,1289.0104390319948,-0.3,0.7588,0.3,0.7478514549609444,long_nclose,0.22435543648828332,0.00017405289837914704,7.0
1692105180000.0,326233,1692105180000.0,0.0010948545039055624,-1.5176000000000002e-05,1289.008264146987,1289.0106338559947,-0.1,0.7588,0.2,0.7478514549609444,long_nclose,0.14957029099218888,0.00011603516839449312,1.0
1692105720000.0,326242,1692105720000.0,0.00020485450390556048,-1.4998000000000001e-05,1289.0084540034907,1289.0086388579946,-0.1,0.7499,0.1,0.7478514549609444,long_nclose,0.07478514549609444,5.801757565190641e-05,9.0
1692105780000.0,326243,1692105780000.0,0.00020485450390556048,-1.4998000000000001e-05,1289.0086438599944,1289.0086438599944,-0.1,0.7499,0.0,0.7478514549609444,long_nclose,0.0,0.0,1.0
1692108300000.0,326285,1692108300000.0,0.0,-0.012891494000000002,1288.9957523659943,1288.7800023659943,86.3,0.7469,86.3,0.7469,long_ientry_normal,64.45747,0.05000595997441123,42.0
1692109320000.0,326302,1692109320000.0,0.0451499999999998,-0.0032207000000000004,1289.0376816659943,1289.1672816659943,-21.5,0.749,64.8,0.7469,long_nclose,48.399119999999996,0.037546706887146536,17.0
1692109800000.0,326310,1692109800000.0,0.03401999999999985,-0.00242676,1289.0692749059945,1289.1616149059944,-16.2,0.749,48.6,0.7469,long_nclose,36.29934,0.028159340003388985,8.0
1692109920000.0,326312,1692109920000.0,0.025409999999999888,-0.0018125799999999998,1289.0928723259944,1289.1731723259945,-12.1,0.749,36.5,0.7469,long_nclose,27.26185,0.021148088384671356,2.0
1692110460000.0,326321,1692110460000.0,0.019109999999999915,-0.00136318,1289.1106191459944,1289.1736391459945,-9.1,0.749,27.4,0.7469,long_nclose,20.465059999999998,0.01587533272633936,9.0
1692111000000.0,326330,1692111000000.0,0.014279999999999937,-0.00101864,1289.1238805059945,1289.1692005059945,-6.8,0.749,20.6,0.7469,long_nclose,15.386140000000001,0.011935346348529965,9.0
1692111780000.0,326343,1692111780000.0,0.010709999999999952,-0.0007639799999999999,1289.1338265259944,1289.1663765259943,-5.1,0.749,15.5,0.7469,long_nclose,11.57695,0.008980409761799512,13.0
1692112320000.0,326352,1692112320000.0,0.0,-0.010576104,1289.1232504219945,1289.1146204219945,70.8,0.7469,86.3,0.7468999999999999,long_ientry_partial,64.45746999999999,0.05000101423886338,9.0
1692126420000.0,326587,1692126420000.0,0.0,-0.01769118,1289.1055592419946,1286.8090892419946,122.6,0.7215,208.9,0.731993154619435,long_rentry,152.91337,0.11861974289360322,235.0
1692126480000.0,326588,1692126480000.0,0.0,-0.041852502,1289.0637067399946,1280.6561467399947,296.7,0.7053,505.6,0.7163288765822784,long_rentry,362.17587999999995,0.2809604196490276,1.0
1692126540000.0,326589,1692126540000.0,0.0,-0.185383792,1288.8783229479945,1283.1128029479946,1350.8,0.6862,1856.4,0.6944057530704589,long_rentry,1289.09484,1.0001679887450587,1.0
1692126600000.0,326590,1692126600000.0,0.8791200000000241,-0.06463056600000001,1289.6928123819946,1299.0132123819947,-464.1,0.6963,1392.3,0.6944057530704589,long_nclose,966.8211299999999,0.7496522588307927,1.0
1692126600000.0,326590,1692126600000.0,2.828340000000016,-0.06502041,1292.4561319719946,1298.6697319719947,-464.1,0.7005,928.2,0.6944057530704589,long_nclose,644.54742,0.49869964949337736,0.0
1692126660000.0,326591,1692126660000.0,4.731150000000012,-0.065400972,1297.1218809999948,1304.034300999995,-464.1,0.7046,464.1,0.6944057530704589,long_nclose,322.27371,0.24845291311526438,1.0
1692126660000.0,326591,1692126660000.0,6.6803700000000035,-0.06579081600000002,1303.736460183995,1303.736460183995,-464.1,0.7088,0.0,0.6944057530704589,long_nclose,0.0,0.0,0.0
1692126720000.0,326592,1692126720000.0,0.0,-0.013036934000000003,1303.723423249995,1303.576383249995,91.9,0.7093,91.9,0.7093,long_ientry_normal,65.18467000000001,0.049998848557544516,1.0
1692127080000.0,326598,1692127080000.0,0.045800000000000035,-0.003257754,1303.765965495995,1303.848765495995,-22.9,0.7113,69.0,0.7093,long_nclose,48.941700000000004,0.03753871576282557,6.0
1692127140000.0,326599,1692127140000.0,0.0,-0.0032256700000000004,1303.7627398259951,1303.946409825995,22.7,0.7105,91.7,0.7095970556161396,long_ientry_partial,65.07005000000001,0.04990942601157975,1.0
1692127140000.0,326599,1692127140000.0,0.02929064340239935,-0.002446872,1303.7895835973975,1303.938802953995,-17.2,0.7113,74.5,0.7095970556161396,long_nclose,52.864980643402404,0.04054717211157502,0.0
1692127200000.0,326600,1692127200000.0,0.037254765539803336,-0.0026471520000000003,1303.8241912109372,1303.958515801995,-18.6,0.7116,55.9,0.7095970556161396,long_nclose,39.666475408942205,0.030423177968573852,1.0
1692127260000.0,326601,1692127260000.0,0.0,-0.005083680000000001,1303.8191075309371,1303.870992121995,35.7,0.712,91.6,0.7105335743334302,long_ientry_partial,65.08487540894221,0.049918639045100716,1.0
1692130680000.0,326658,1692130680000.0,0.04503114776444826,-0.00326325,1303.8608754287015,1304.0440588719948,-22.9,0.7125,68.7,0.7105335743334302,long_nclose,48.81365655670666,0.037437779963032505,57.0
1692130740000.0,326659,1692130740000.0,0.0,-0.0032379279999999997,1303.8576375007015,1304.0408209439947,22.7,0.7132,91.4,0.7111958047779721,long_ientry_partial,65.00329655670664,0.049854596611719176,1.0
1692130800000.0,326660,1692130800000.0,0.04569565106223572,-0.003252192,1303.9000809597637,1304.0650087519948,-22.8,0.7132,68.6,0.7111958047779721,long_nclose,48.78803220776888,0.03741700220760581,1.0
1692130860000.0,326661,1692130860000.0,0.0,-0.003254016,1303.8968269437637,1304.070894735995,22.8,0.7136,91.4,0.7117955383782153,long_ientry_partial,65.05811220776889,0.04989513806875366,1.0
1692130980000.0,326663,1692130980000.0,0.045701724976690984,-0.0032549280000000007,1303.9392737407404,1304.0904998079948,-22.8,0.7138,68.6,0.7117955383782153,long_nclose,48.82917393274557,0.03744742942872213,2.0
1692131340000.0,326669,1692131340000.0,0.0,-0.003232704,1303.9360410367403,1304.1695871039947,22.6,0.7152,91.2,0.7126391878590522,long_ientry_partial,64.99269393274557,0.04984346769115365,6.0
1692131520000.0,326672,1692131520000.0,0.044706516813609556,-0.003258576,1303.977488977554,1304.1252885279948,-22.8,0.7146,68.4,0.7126391878590522,long_nclose,48.744520449559175,0.03738141253326363,3.0
1692131580000.0,326673,1692131580000.0,0.0,-0.0032594880000000005,1303.974229489554,1304.112909039995,22.8,0.7148,91.2,0.7131793908942892,long_ientry_partial,65.04196044955917,0.04987978978313099,1.0
1692131760000.0,326676,1692131760000.0,0.046069887610205786,-0.003261312,1304.0170380651643,1304.134727727995,-22.8,0.7152,68.4,0.7131793908942892,long_nclose,48.78147033716938,0.03740861423831463,3.0
1692131820000.0,326677,1692131820000.0,0.0,-0.0032599440000000003,1304.0137781211643,1304.1405877839948,22.8,0.7149,91.2,0.7136095431707169,long_ientry_partial,65.08119033716939,0.04990836096144552,1.0
1692134640000.0,326724,1692134640000.0,0.04538241570765505,-0.0032631360000000002,1304.055897400872,1304.212564647995,-22.8,0.7156,68.4,0.7136095431707169,long_nclose,48.81089275287704,0.03743006174057612,47.0
1692134760000.0,326726,1692134760000.0,0.0,-0.0032501860000000004,1304.052647214872,1304.191094461995,22.7,0.7159,91.1,0.7141802717110542,long_ientry_partial,65.06182275287703,0.04989202153136432,2.0
1692134880000.0,326728,1692134880000.0,0.04584783215906737,-0.003251548,1304.095243499031,1304.240232913995,-22.7,0.7162,68.4,0.7141802717110542,long_nclose,48.84993058503611,0.03745886723270792,2.0
1692135540000.0,326739,1692135540000.0,0.0,-0.003195912,1304.0920475870312,1304.485497001995,22.2,0.7198,90.6,0.7155572912255642,long_ientry_partial,64.82949058503611,0.049712357885312225,11.0
1692136380000.0,326753,1692136380000.0,0.18852980498796051,-0.004359672,1304.276217720019,1304.671397329995,-30.2,0.7218,60.4,0.7155572912255642,long_nclose,43.219660390024075,0.03313689217271443,14.0
1692136500000.0,326755,1692136500000.0,0.0,-0.004318158,1304.2718995620191,1304.739319171995,29.9,0.7221,90.3,0.7177237031010418,long_ientry_partial,64.81045039002407,0.04969090448992096,2.0
1692136860000.0,326761,1692136860000.0,0.04446668022655892,-0.00323865,1304.3131275922458,1304.3928805219953,-22.5,0.7197,67.8,0.7177237031010418,long_nclose,48.66166707025064,0.03730827056849438,6.0
1692136980000.0,326763,1692136980000.0,0.0,-0.0032925619999999997,1304.3098350302457,1304.3533079599952,22.9,0.7189,90.7,0.7180206953721128,long_ientry_partial,65.12447707025063,0.049930220045255165,2.0
1692171480000.0,327338,1692171480000.0,0.0,-0.017867136000000002,1304.2919678942458,1302.120910823995,128.8,0.6936,219.5,0.703690920593397,long_rentry,154.46015707025063,0.11842452523848902,575.0
1692217680000.0,328108,1692217680000.0,0.0,-0.042280080000000005,1304.2496878142458,1297.282280743995,311.8,0.678,531.3,0.6886138849430656,long_rentry,365.86055707025076,0.28051419945776324,770.0
1692220380000.0,328153,1692220380000.0,0.0,-0.187682584,1304.0620052302459,1288.2561281599953,1422.7,0.6596,1954.0,0.6674889851946011,long_rentry,1304.2734770702505,1.0001621639455458,45.0
1692221100000.0,328165,1692221100000.0,0.9335307324373641,-0.06540038,1304.9301355826833,1307.1445277799955,-488.5,0.6694,1465.5,0.6674889851946011,long_nclose,978.2051078026878,0.749622589845314,12.0
1692221160000.0,328166,1692221160000.0,0.7000047232176182,-0.049040244000000004,1305.581100061901,1307.4618475359955,-366.3,0.6694,1099.2,0.6674889851946011,long_nclose,733.7038925259055,0.5619749646277192,1.0
1692221280000.0,328168,1692221280000.0,0.5251468685236186,-0.036790224,1306.0694567064245,1307.7273373119954,-274.8,0.6694,824.4,0.6674889851946011,long_nclose,550.2779193944291,0.42132362606663376,2.0
1692222000000.0,328180,1692222000000.0,0.39386015139271385,-0.027592667999999997,1306.4357241898174,1306.9371746439956,-206.1,0.6694,618.3,0.6674889851946011,long_nclose,412.7084395458218,0.3159041290008828,12.0
1692223920000.0,328212,1692223920000.0,0.2952517874341305,-0.020684459999999998,1306.7102915172516,1307.7357601839956,-154.5,0.6694,463.8,0.6674889851946011,long_nclose,309.581391333256,0.23691662439865988,32.0
1692224880000.0,328228,1692224880000.0,0.22148661594573285,-0.015516692000000002,1306.9162614411973,1307.6506834919956,-115.9,0.6694,347.9,0.6674889851946011,long_nclose,232.2194179492017,0.17768500155711778,16.0
1692226380000.0,328253,1692226380000.0,0.16606718658916467,-0.011634172000000002,1307.0706944557865,1307.6999693199955,-86.9,0.6694,261.0,0.6674889851946011,long_nclose,174.2146251357909,0.1332863064520983,25.0
1692226740000.0,328259,1692226740000.0,0.12459816531200847,-0.008728976000000001,1307.1865636450984,1307.5999003439956,-65.2,0.6694,195.8,0.6674889851946011,long_nclose,130.6943433011029,0.09998140046410885,6.0
1692226860000.0,328261,1692226860000.0,0.09344862398400634,-0.006546732,1307.2734655370823,1307.6570236119953,-48.9,0.6694,146.9,0.6674889851946011,long_nclose,98.0541319250869,0.07500659541406832,2.0
1692227280000.0,328268,1692227280000.0,0.07013424335813974,-0.004913396,1307.3386863844405,1307.5052002159955,-36.7,0.6694,110.2,0.6674889851946011,long_nclose,73.55728616844505,0.05626490436986467,7.0
1692227340000.0,328269,1692227340000.0,0.05255290714846983,-0.0036817,1307.387557591589,1307.6034885159954,-27.5,0.6694,82.7,0.6674889851946011,long_nclose,55.20133907559351,0.04222262844330793,1.0
1692229020000.0,328297,1692229020000.0,0.15980290714847023,-0.00370315,1307.5436573487375,1307.9251453659956,-27.5,0.6733,55.2,0.6674889851946011,long_nclose,36.84539198274198,0.028179091210959753,28.0
1692229080000.0,328298,1692229080000.0,0.0,-0.0056244960000000005,1307.5380328527374,1307.8807608699954,41.7,0.6744,96.9,0.670463075157296,long_ientry_partial,64.96787198274198,0.049687175707614044,1.0
1692229500000.0,328305,1692229500000.0,0.18853267241934044,-0.0043688979999999995,1307.7221966271568,1308.1315619719956,-32.3,0.6763,64.6,0.670463075157296,long_nclose,43.31191465516132,0.03312011891124146,7.0
1692229560000.0,328306,1692229560000.0,0.0,-0.00433152,1307.7178651071567,1308.1465504519954,32.0,0.6768,96.6,0.6725622635109867,long_ientry_partial,64.9695146551613,0.04968159905794174,1.0
1692230940000.0,328329,1692230940000.0,0.04428944938522074,-0.0032506080000000008,1307.758903948542,1307.9936398439954,-24.1,0.6744,72.5,0.6725622635109867,long_nclose,48.76076410454654,0.037285744304490845,23.0
1692231060000.0,328331,1692231060000.0,0.0,-0.003284388,1307.7556195605418,1307.9903554559953,24.3,0.6758,96.8,0.6733750424023403,long_ientry_partial,65.18270410454653,0.04984318410075005,2.0
1692231840000.0,328344,1692231840000.0,0.04658397386336619,-0.0032684520000000002,1307.7989350824053,1307.9096470039954,-24.2,0.6753,72.6,0.6733750424023403,long_nclose,48.8870280784099,0.03738114993596435,13.0
1692231900000.0,328345,1692231900000.0,0.0,-0.003280014000000001,1307.7956550684053,1307.9451269899953,24.3,0.6749,96.9,0.6737574621094933,long_ientry_partial,65.2870980784099,0.049921482630247004,1.0
1692231900000.0,328345,1692231900000.0,0.027919935818171895,-0.0024445860000000003,1307.8211304182234,1307.9426824039954,-18.1,0.6753,78.8,0.6737574621094933,long_nclose,53.09208801422807,0.040595832854642695,0.0
1692231960000.0,328346,1692231960000.0,0.03629799644298202,-0.002661864,1307.8547665506665,1307.9932105399955,-19.7,0.6756,59.1,0.6737574621094933,long_nclose,39.81906601067105,0.030446091591415595,1.0
1692232200000.0,328350,1692232200000.0,0.0,-0.005084272000000001,1307.8496822786665,1307.9301062679954,37.6,0.6761,96.7,0.6746683144847059,long_ientry_partial,65.24042601067106,0.049883734266007285,4.0
1692234000000.0,328380,1692234000000.0,0.04655362091858785,-0.0032612120000000007,1307.892974687585,1308.0549950559953,-24.1,0.6766,72.6,0.6746683144847059,long_nclose,48.98091963158964,0.037450250578255205,30.0
1692234060000.0,328381,1692234060000.0,0.0,-0.00324912,1307.889725567585,1308.0517459359953,24.0,0.6769,96.6,0.6752227705133503,long_ientry_partial,65.22651963158964,0.04987157430515274,1.0
1692234300000.0,328385,1692234300000.0,0.04524123062825779,-0.0032636220000000003,1307.9317031762132,1308.0895523139952,-24.1,0.6771,72.5,0.6752227705133503,long_nclose,48.9536508622179,0.03742829288665277,4.0
1692234360000.0,328386,1692234360000.0,0.0,-0.0032641040000000007,1307.9284390722132,1308.1007682099953,24.1,0.6772,96.6,0.6757160544743054,long_ientry_partial,65.2741708622179,0.04990653074912915,1.0
1692234420000.0,328387,1692234420000.0,0.04540308716923979,-0.003266032,1307.9705761273824,1308.1434121779953,-24.1,0.6776,72.5,0.6757160544743054,long_nclose,48.98941394938714,0.03745452294074855,1.0
1692236700000.0,328425,1692236700000.0,0.0,-0.0032519999999999997,1307.9673241273824,1308.1352601779952,24.0,0.6775,96.5,0.6761597300454626,long_ientry_partial,65.24941394938715,0.04988611928277234,38.0
1692236760000.0,328426,1692236760000.0,0.04435050590435266,-0.0032679600000000003,1308.0084066732868,1308.1344022179953,-24.1,0.678,72.4,0.6761597300454626,long_nclose,48.9539644552915,0.0374263377861601,1.0
1692236820000.0,328427,1692236820000.0,0.0,-0.0032655500000000003,1308.0051411232869,1308.1118266679953,24.1,0.6775,96.5,0.6764944503139015,long_ientry_partial,65.28171445529149,0.049909371456467636,1.0
1692236820000.0,328427,1692236820000.0,0.027250449318382965,-0.0024543600000000005,1308.0299372126053,1308.1166123079954,-18.1,0.678,78.4,0.6764944503139015,long_nclose,53.03716490460989,0.04054736317246025,0.0
1692237180000.0,328433,1692237180000.0,0.03734877384752986,-0.0026593280000000003,1308.0646266584529,1308.1825529799955,-19.6,0.6784,58.8,0.6764944503139015,long_nclose,39.77787367845741,0.030409715902243232,6.0
1692237240000.0,328434,1692237240000.0,0.0,-0.00510835,1308.0595183084529,1308.1089946299955,37.7,0.6775,96.5,0.67688729200474,long_ientry_partial,65.3196236784574,0.04993627794775499,1.0
1692237600000.0,328440,1692237600000.0,0.04609626268576598,-0.003271816,1308.1023427551386,1308.2480628139954,-24.1,0.6788,72.4,0.67688729200474,long_nclose,49.00663994114318,0.03746391879241259,6.0
1692237900000.0,328445,1692237900000.0,0.034620014714205984,-0.002457256,1308.1345055138527,1308.2546555579952,-18.1,0.6788,54.3,0.67688729200474,long_nclose,36.75497995585738,0.028097248257677856,5.0
1692238680000.0,328458,1692238680000.0,0.025821557936009987,-0.0018327600000000001,1308.1584943117887,1308.2324527979954,-13.5,0.6788,40.8,0.67688729200474,long_nclose,27.61700151379339,0.021111357403463916,13.0
1692238740000.0,328459,1692238740000.0,0.01950962155165199,-0.0013847519999999997,1308.1766191813404,1308.2382080459954,-10.2,0.6788,30.6,0.67688729200474,long_nclose,20.712751135345044,0.015833298678206868,1.0
1692238860000.0,328461,1692238860000.0,0.014536580763975992,-0.0010317759999999999,1308.1901239861043,1308.2433162699951,-7.6,0.6788,23.0,0.67688729200474,long_nclose,15.56840771610902,0.011900722556039101,2.0
1692241380000.0,328503,1692241380000.0,0.04493658076397602,-0.001037856,1308.2340227108682,1308.3219984139953,-7.6,0.6828,15.4,0.67688729200474,long_nclose,10.424064296872995,0.007968042503032204,42.0
1692241500000.0,328505,1692241500000.0,0.03015481077582601,-0.0006964559999999999,1308.263481065644,1308.3315919579952,-5.1,0.6828,10.3,0.67688729200474,long_nclose,6.971939107648822,0.005329155180552651,2.0
1692242460000.0,328521,1692242460000.0,0.05055481077582603,-0.000700536,1308.3133353404198,1308.370081421995,-5.1,0.6868,5.2,0.67688729200474,long_nclose,3.519813918424648,0.002690344754078962,16.0
1692243480000.0,328538,1692243480000.0,0.025773040787676015,-0.000357136,1308.3387512452075,1308.3650442859953,-2.6,0.6868,2.6,0.67688729200474,long_nclose,1.759906959212324,0.001345146245601407,17.0
1692243900000.0,328545,1692243900000.0,0.012886520393838008,-0.000178568,1308.3514591976013,1308.3653857179952,-1.3,0.6868,1.3,0.67688729200474,long_nclose,0.879953479606162,0.0006725665901315451,7.0
1692245760000.0,328576,1692245760000.0,0.002365083198104001,-5.4624e-05,1308.3537696567994,1308.3591810939952,-0.4,0.6828,0.9,0.67688729200474,long_nclose,0.609198562804266,0.00046562220168025947,31.0
1692245880000.0,328578,1692245880000.0,0.0017738123985780007,-4.0968e-05,1308.355502501198,1308.3594101259953,-0.3,0.6828,0.6,0.67688729200474,long_nclose,0.40613237520284395,0.00031041438999296144,2.0
1692250980000.0,328663,1692250980000.0,0.002973812398578002,-4.1207999999999996e-05,1308.3584351055965,1308.3614689179951,-0.3,0.6868,0.3,0.67688729200474,long_nclose,0.20306618760142198,0.00015520684710916598,85.0
1692255780000.0,328743,1692255780000.0,0.0005912707995260003,-1.3656e-05,1308.359012720396,1308.360235261995,-0.1,0.6828,0.2,0.67688729200474,long_nclose,0.135377458400948,0.00010347118572559484,80.0
1692256380000.0,328753,1692256380000.0,0.0,-0.013049652000000002,1308.345963068396,1308.279815609995,95.7,0.6818,95.9,0.6817897545193008,long_ientry_partial,65.38363745840095,0.04997427232859732,10.0
1692287700000.0,329275,1692287700000.0,0.0,-0.017940263999999997,1308.3280228043961,1306.4522753459953,136.2,0.6586,232.1,0.668181634891861,long_rentry,155.08495745840094,0.11853675435765483,522.0
1692289920000.0,329312,1692289920000.0,0.10546517627206442,-0.007772,1308.4257159806682,1308.6900633459952,-58.0,0.67,174.1,0.668181634891861,long_nclose,116.330422634673,0.08890869478782987,37.0
1692289980000.0,329313,1692289980000.0,0.07909888220404832,-0.005829000000000001,1308.4989858628724,1308.9323643459952,-43.5,0.67,130.6,0.668181634891861,long_nclose,87.26452151687704,0.06669055342013246,1.0
1692290580000.0,329323,1692290580000.0,0.059278702525332766,-0.004368400000000001,1308.5538961653976,1308.7124959459952,-32.6,0.67,98.0,0.668181634891861,long_nclose,65.48180021940237,0.05004134748388358,10.0
1692292020000.0,329347,1692292020000.0,0.04454994514940652,-0.0032830000000000008,1308.595163110547,1308.7288129459953,-24.5,0.67,73.5,0.668181634891861,long_nclose,49.11135016455178,0.03752982706111605,24.0
1692292080000.0,329348,1692292080000.0,0.033276081478944466,-0.0024522000000000003,1308.625986992026,1308.7594807459952,-18.3,0.67,55.2,0.668181634891861,long_nclose,36.88362624603073,0.028185002141681816,1.0
1692292200000.0,329350,1692292200000.0,0.0,-0.005686688,1308.620300304026,1308.7147540579952,42.4,0.6706,97.6,0.6692322361273642,long_ientry_partial,65.31706624603073,0.0499129244983101,2.0
1692292620000.0,329357,1692292620000.0,0.04557343849231534,-0.003274968,1308.6625987745183,1308.8212790899952,-24.4,0.6711,73.2,0.6692322361273642,long_nclose,48.98779968452306,0.03743348341306393,7.0
1692292680000.0,329358,1692292680000.0,0.0,-0.0032630040000000003,1308.6593357705183,1308.6327660859952,24.3,0.6714,97.5,0.6697725095848518,long_ientry_partial,65.30281968452304,0.049900549287010404,1.0
1692295320000.0,329402,1692295320000.0,0.04440801708810079,-0.0032639760000000005,1308.7004798116063,1308.8781721099951,-24.3,0.6716,73.2,0.6697725095848518,long_nclose,49.027347701611156,0.03746261918439036,44.0
1692295560000.0,329406,1692295560000.0,0.0,-0.00325248,1308.6972273316064,1308.8115796299953,24.2,0.672,97.4,0.6703259517619214,long_ientry_partial,65.28974770161115,0.04988911593763742,4.0
1692295920000.0,329412,1692295920000.0,0.045539372185309346,-0.003266892,1308.7394998117916,1308.905732737995,-24.3,0.6722,73.1,0.6703259517619214,long_nclose,49.00082707379645,0.03744123798574369,6.0
1692297420000.0,329437,1692297420000.0,0.0,-0.0032659200000000007,1308.7362338917915,1308.917046817995,24.3,0.672,97.4,0.6707436044537624,long_ientry_partial,65.33042707379646,0.049918711946656535,25.0
1692297600000.0,329440,1692297600000.0,0.0451104117735742,-0.0032688360000000007,1308.778075467565,1308.921087981995,-24.3,0.6726,73.1,0.6707436044537624,long_nclose,49.03135748557003,0.037463461838672246,3.0
1692297660000.0,329441,1692297660000.0,0.0,-0.0032659200000000007,1308.774809547565,1308.8374320619948,24.3,0.672,97.4,0.6710570583734089,long_ientry_partial,65.36095748557003,0.04994056808609029,1.0
1692300000000.0,329480,1692300000000.0,0.04478348152616506,-0.003270294000000001,1308.816322735091,1308.9510417679949,-24.3,0.6729,73.1,0.6710570583734089,long_nclose,49.05427096709619,0.03747987407781202,39.0
1692300060000.0,329481,1692300060000.0,0.03354153760395901,-0.002449356,1308.847414916695,1308.937612411995,-18.2,0.6729,54.9,0.6710570583734089,long_nclose,36.841032504700145,0.02814769092625284,1.0
1692300120000.0,329482,1692300120000.0,0.0,-0.005711150000000001,1308.841703766695,1308.8782412619948,42.5,0.6719,97.4,0.6714248717115006,long_ientry_partial,65.39678250470016,0.04996538719426175,1.0
1692308220000.0,329617,1692308220000.0,0.0,-0.017953248,1308.823750518695,1306.671348013995,138.4,0.6486,235.8,0.6580280852616631,long_rentry,155.16302250470017,0.11855150278500683,135.0
1692308460000.0,329621,1692308460000.0,0.0,-0.042478,1308.781272518695,1293.4689300139949,335.0,0.634,570.8,0.6439261081021377,long_rentry,367.55302250470015,0.28083609555121436,4.0
1692308460000.0,329621,1692308460000.0,0.0,-0.18824736,1308.593025158695,1293.7384826539947,1526.0,0.6168,2096.8,0.6241843869251718,long_rentry,1308.7898225047002,1.0001503885029353,0.0
1692313620000.0,329707,1692313620000.0,0.8993243738249737,-0.065619356,1309.4267301765199,1308.5077232979947,-524.2,0.6259,1572.6,0.6241843869251718,long_nclose,981.592366878525,0.749635198562198,86.0
1692313680000.0,329708,1692313680000.0,0.6744074997149888,-0.04920825800000001,1310.051929418235,1310.542145039995,-393.1,0.6259,1179.5,0.6241843869251718,long_nclose,736.22548437824,0.5619819091485797,1.0
1692313860000.0,329711,1692313860000.0,0.5057627344593709,-0.036903064,1310.5207890886943,1309.9153119759949,-294.8,0.6259,884.7,0.6241843869251718,long_nclose,552.2159271126994,0.4213713599283668,3.0
1692313920000.0,329712,1692313920000.0,0.37932205084452814,-0.027677298000000003,1310.8724338415389,1312.0109146779948,-221.1,0.6259,663.6,0.6241843869251718,long_nclose,414.208759163544,0.3159794564828071,1.0
1692313980000.0,329713,1692313980000.0,0.28462020911400826,-0.020767362,1311.136286688653,1312.985547315995,-165.9,0.6259,497.7,0.6241843869251718,long_nclose,310.656569372658,0.2369369016223617,1.0
1692314160000.0,329716,1692314160000.0,0.2134222665086355,-0.015572392000000003,1311.3341365631616,1311.638604923995,-124.4,0.6259,373.3,0.6241843869251718,long_nclose,233.00803163916663,0.1776877648055825,3.0
1692314220000.0,329717,1692314220000.0,0.1600666998814766,-0.011679294000000002,1311.482523969043,1311.598895629995,-93.3,0.6259,280.0,0.6241843869251718,long_nclose,174.77162833904808,0.13326264372179578,1.0
1692314340000.0,329719,1692314340000.0,0.12009291523797816,-0.0087626,1311.5938542842812,1311.954133029995,-70.0,0.6259,210.0,0.6241843869251718,long_nclose,131.07872125428608,0.09993849912160037,2.0
1692314400000.0,329720,1692314400000.0,0.09006968642848362,-0.00657195,1311.6773520207096,1311.349061079995,-52.5,0.6259,157.5,0.6241843869251718,long_nclose,98.30904094071455,0.07494910298577938,1.0
1692317640000.0,329774,1692317640000.0,0.06742359384075058,-0.004919574,1311.7398560405502,1311.8362615059948,-39.3,0.6259,118.2,0.6241843869251718,long_nclose,73.7785945345553,0.05624483711065539,54.0
1692317700000.0,329775,1692317700000.0,0.05061058570743365,-0.0036928100000000004,1311.7867738162577,1311.956688695995,-29.5,0.6259,88.7,0.6241843869251718,long_nclose,55.365155120262735,0.04220591046149528,1.0
1692318060000.0,329781,1692318060000.0,0.03791504895370454,-0.0027664780000000006,1311.8219223872113,1312.0094422179948,-22.1,0.6259,66.6,0.6241843869251718,long_nclose,41.57068016921644,0.03168927082234413,6.0
1692318120000.0,329782,1692318120000.0,0.0,-0.004765200000000001,1311.8171571872113,1311.9209970179948,38.0,0.627,104.6,0.6252072673921265,long_ientry_partial,65.39668016921642,0.049851978083164813,1.0
1692318300000.0,329785,1692318300000.0,0.046790321065498165,-0.0032729400000000007,1311.8606745682769,1312.0171040779949,-26.1,0.627,78.5,0.6252072673921265,long_nclose,49.07877049028193,0.03741157231230624,3.0
1692318360000.0,329786,1692318360000.0,0.0,-0.003273984,1311.8574005842768,1312.034750093995,26.1,0.6272,104.6,0.6257044979950471,long_ientry_partial,65.44869049028192,0.049890095113334955,1.0
1692318420000.0,329787,1692318420000.0,0.046862602329268616,-0.00327555,1311.900987636606,1311.9791345439949,-26.1,0.6275,78.5,0.6257044979950471,long_nclose,49.1178030926112,0.03744017540614637,1.0
1692318480000.0,329788,1692318480000.0,0.0,-0.0032839080000000003,1311.897703728606,1311.923500635995,26.2,0.6267,104.7,0.6259536111997249,long_ientry_partial,65.5373430926112,0.04995613827689799,1.0
1692324420000.0,329887,1692324420000.0,0.045580747687180415,-0.0032765940000000003,1311.9400078822932,1312.053694041995,-26.1,0.6277,78.6,0.6259536111997249,long_nclose,49.19995384029838,0.037501679607832024,99.0
1692324480000.0,329888,1692324480000.0,0.03422922048539219,-0.0024605840000000005,1311.9717765187788,1312.110213457995,-19.6,0.6277,59.0,0.6259536111997249,long_nclose,36.93126306078377,0.02814943409741494,1.0
1692324840000.0,329894,1692324840000.0,0.0,-0.005691584000000001,1311.9660849347788,1312.149961873995,45.2,0.6296,104.2,0.6275353460727808,long_ientry_partial,65.38918306078376,0.049840604731817006,6.0
1692324900000.0,329895,1692324900000.0,0.04588100210769763,-0.0032723599999999998,1312.0086935768866,1312.162329513995,-26.0,0.6293,78.2,0.6275353460727808,long_nclose,49.07326406289146,0.03740315464610575,1.0
1692324960000.0,329896,1692324960000.0,0.0,-0.0032733999999999997,1312.0054201768867,1312.1069561139952,26.0,0.6295,104.2,0.6280255668223749,long_ientry_partial,65.44026406289146,0.049878043990145025,1.0
1692337020000.0,330097,1692337020000.0,0.04613526261825407,-0.0032749600000000004,1312.048280479505,1312.1557611539952,-26.0,0.6298,78.2,0.6280255668223749,long_nclose,49.111599325509715,0.03743124399931476,201.0
1692337080000.0,330098,1692337080000.0,0.0,-0.00327288,1312.045007599505,1312.0795482739952,26.0,0.6294,104.2,0.6283685155999013,long_ientry_partial,65.47599932550972,0.049903775363090236,1.0
1692338520000.0,330122,1692338520000.0,0.04501859440256717,-0.00327652,1312.0867496739074,1312.2456117539953,-26.0,0.6301,78.2,0.6283685155999013,long_nclose,49.13841791991228,0.03745058619952121,24.0
1692339540000.0,330139,1692339540000.0,0.03376394580192538,-0.00245739,1312.1180562297093,1312.266654363995,-19.5,0.6301,58.7,0.6283685155999013,long_nclose,36.8852318657142,0.02811121430010776,17.0
1692339660000.0,330141,1692339660000.0,0.025279672241441564,-0.001839892,1312.1414960099507,1312.244314471995,-14.6,0.6301,44.1,0.6283685155999013,long_nclose,27.711051537955647,0.021118950678887378,2.0
1692340680000.0,330158,1692340680000.0,0.0813128206814518,-0.001863666,1312.2209451646322,1312.3865108059952,-14.7,0.6339,29.4,0.6283685155999013,long_nclose,18.474034358637095,0.014078448013432165,17.0
1692340800000.0,330160,1692340800000.0,0.05420854712096788,-0.001242444,1312.2739112677532,1312.3803683619951,-9.8,0.6339,19.6,0.6283685155999013,long_nclose,12.316022905758066,0.00938525318533528,2.0
1692340920000.0,330162,1692340920000.0,0.03595464860064196,-0.0008240700000000001,1312.309041846354,1312.3788842919953,-6.5,0.6339,13.1,0.6283685155999013,long_nclose,8.231627554358706,0.0062726288487483205,2.0
1692340980000.0,330163,1692340980000.0,0.023785382920424678,-0.000545154,1312.3322820752742,1312.386239137995,-4.3,0.6339,8.8,0.6283685155999013,long_nclose,5.529642937279132,0.004213599720746606,1.0
1692341940000.0,330179,1692341940000.0,0.016041304760286413,-0.000367662,1312.3479557180347,1312.3788214759952,-2.9,0.6339,5.9,0.6283685155999013,long_nclose,3.7073742420394176,0.002824993345618445,16.0
1692342000000.0,330180,1692342000000.0,0.010509820360187648,-0.00024088200000000002,1312.3582246563947,1312.3815505939951,-1.9,0.6339,4.0,0.6283685155999013,long_nclose,2.513474062399605,0.0019152347394002806,1.0
1692342420000.0,330187,1692342420000.0,0.007190929720128392,-0.00016481400000000002,1312.3652507721147,1312.380725779995,-1.3,0.6339,2.7,0.6283685155999013,long_nclose,1.6965949921197334,0.0012927765278161409,7.0
1692343140000.0,330199,1692343140000.0,0.004978335960088886,-0.00011410200000000003,1312.3701150060747,1312.379531677995,-0.9,0.6339,1.8,0.6283685155999013,long_nclose,1.1310633280798223,0.0008618478241365523,12.0
1692343200000.0,330200,1692343200000.0,0.0033188906400592575,-7.6068e-05,1312.3733578287147,1312.3799956099947,-0.6,0.6339,1.2,0.6283685155999013,long_nclose,0.7540422187198815,0.0005745637963631199,1.0
1692344820000.0,330227,1692344820000.0,0.0022125937600395054,-5.0712000000000005e-05,1312.3755197104747,1312.3799448979948,-0.4,0.6339,0.8,0.6283685155999013,long_nclose,0.502694812479921,0.00038304189992116074,27.0
1692344880000.0,330228,1692344880000.0,0.0011062968800197527,-2.5356000000000003e-05,1312.3766006513547,1312.3801595419948,-0.2,0.6339,0.6,0.6283685155999013,long_nclose,0.37702110935994076,0.00028728118832111057,1.0
1692345000000.0,330230,1692345000000.0,0.0011062968800197527,-2.5356000000000003e-05,1312.3776815922347,1312.3800141859947,-0.2,0.6339,0.4,0.6283685155999013,long_nclose,0.2513474062399605,0.0001915206344678269,2.0
1692345120000.0,330232,1692345120000.0,0.0005531484400098764,-1.2678000000000001e-05,1312.3782220626747,1312.3801515079947,-0.1,0.6339,0.3,0.6283685155999013,long_nclose,0.18851055467997038,0.00014364041669610072,2.0
1692348660000.0,330291,1692348660000.0,0.0005531484400098764,-1.2678000000000001e-05,1312.3787625331147,1312.3801288299946,-0.1,0.6339,0.2,0.6283685155999013,long_nclose,0.12567370311998025,9.576023836091997e-05,59.0
1692349620000.0,330307,1692349620000.0,0.0009231484400098689,-1.2752000000000001e-05,1312.3796729295548,1312.3805660779947,-0.1,0.6376,0.1,0.6283685155999013,long_nclose,0.06283685155999012,4.788008596607016e-05,16.0
1692350280000.0,330318,1692350280000.0,0.0009231484400098689,-1.2752000000000001e-05,1312.3805833259948,1312.3805833259948,-0.1,0.6376,0.0,0.6283685155999013,long_nclose,0.0,0.0,11.0
1692364200000.0,330550,1692364200000.0,0.0,-0.013125596000000002,1312.3674577299948,1312.3054177299948,103.4,0.6347,103.4,0.6347,long_ientry_normal,65.62798000000001,0.0500073204447761,232.0
1692365460000.0,330571,1692365460000.0,0.046439999999997754,-0.0032843399999999997,1312.410613389995,1312.534773389995,-25.8,0.6365,77.6,0.6347,long_nclose,49.25272,0.037528437744631445,21.0
1692365520000.0,330572,1692365520000.0,0.03491999999999831,-0.00246962,1312.443063769995,1312.559463769995,-19.4,0.6365,58.2,0.6347,long_nclose,36.93954,0.02814563238567554,1.0
1692365820000.0,330577,1692365820000.0,0.026099999999998735,-0.0018458499999999998,1312.467317919995,1312.5940479199949,-14.5,0.6365,43.7,0.6347,long_nclose,27.736390000000004,0.021133013844456545,5.0
1692366240000.0,330584,1692366240000.0,0.01961999999999905,-0.00138757,1312.485550349995,1312.547870349995,-10.9,0.6365,32.8,0.6347,long_nclose,20.81816,0.015861629862857163,7.0
1692366660000.0,330591,1692366660000.0,0.014759999999999284,-0.00104386,1312.499266489995,1312.541086489995,-8.2,0.6365,24.6,0.6347,long_nclose,15.613620000000003,0.011896098076881495,7.0
1692366780000.0,330593,1692366780000.0,0.0,-0.010002872000000001,1312.489263617995,1312.447903617995,78.8,0.6347,103.4,0.6347,long_ientry_partial,65.62798000000001,0.05000267950313785,2.0
1692367320000.0,330602,1692367320000.0,0.046439999999997754,-0.0032843399999999997,1312.5324192779951,1312.6643392779952,-25.8,0.6365,77.6,0.6347,long_nclose,49.25272,0.03752495502327721,9.0
1692367380000.0,330603,1692367380000.0,0.03491999999999831,-0.00246962,1312.5648696579951,1312.7045496579951,-19.4,0.6365,58.2,0.6347,long_nclose,36.93954,0.0281430204738186,1.0
1692367620000.0,330607,1692367620000.0,0.026099999999998735,-0.0018458499999999998,1312.589123807995,1312.672153807995,-14.5,0.6365,43.7,0.6347,long_nclose,27.736390000000004,0.021131052739133675,4.0
1692367800000.0,330610,1692367800000.0,0.0,-0.007579512000000002,1312.5815442959952,1312.5755742959952,59.7,0.6348,103.4,0.6347577369439072,long_ientry_partial,65.63395000000001,0.05000371236760217,3.0
1692369660000.0,330641,1692369660000.0,0.04495038684719186,-0.0032843399999999997,1312.6232103428424,1312.7739299559953,-25.8,0.6365,77.6,0.6347577369439072,long_nclose,49.257200386847195,0.03752577281791457,31.0
1692369780000.0,330643,1692369780000.0,0.03379990328819853,-0.00246962,1312.6545406261305,1312.721020335995,-19.4,0.6365,58.2,0.6347577369439072,long_nclose,36.942900290135405,0.028143657867906208,2.0
1692370140000.0,330649,1692370140000.0,0.0,-0.005737688000000001,1312.6488029381305,1312.5834026479952,45.2,0.6347,103.4,0.6347324979703617,long_ientry_partial,65.6313402901354,0.04999916210888345,6.0
1692605880000.0,334578,1692605880000.0,0.0,-0.018012878000000003,1312.6307900601305,1310.7193797699952,146.9,0.6131,250.3,0.6220364773876764,long_rentry,155.69573029013543,0.11861349853221342,3929.0
1692631680000.0,335008,1692631680000.0,0.0,-0.04262932800000001,1312.5881607321305,1306.619300441995,355.6,0.5994,605.9,0.608751230054688,long_rentry,368.8423702901355,0.2810038832625185,430.0
1692637620000.0,335107,1692637620000.0,0.264763769720242,-0.018485940000000003,1312.834438561851,1313.7201545019952,-151.4,0.6105,454.5,0.608751230054688,long_nclose,276.6774340598557,0.21074815371460168,99.0
1692638340000.0,335119,1692638340000.0,0.19866026578744708,-0.01387056,1313.0192282676383,1313.6494739419952,-113.6,0.6105,340.9,0.608751230054688,long_nclose,207.52329432564312,0.1580504609970135,12.0
1692638640000.0,335124,1692638640000.0,0.14899519934058533,-0.010402920000000003,1313.1578205469789,1313.6305510219952,-85.2,0.6105,255.7,0.608751230054688,long_nclose,155.6576895249837,0.11853692457175218,5.0
1692639780000.0,335143,1692639780000.0,0.11174639950543898,-0.0078021900000000005,1313.2617647564844,1313.712258831995,-63.9,0.6105,191.8,0.608751230054688,long_nclose,116.75848592448916,0.08890724534734282,19.0
1692640200000.0,335150,1692640200000.0,0.08376608038044643,-0.005848590000000001,1313.3396822468649,1313.6776702419952,-47.9,0.6105,143.9,0.608751230054688,long_nclose,87.59930200486961,0.06669965370649922,7.0
1692640440000.0,335154,1692640440000.0,0.06278084103670202,-0.00438339,1313.3980796979017,1313.6301468519955,-35.9,0.6105,108.0,0.608751230054688,long_nclose,65.74513284590631,0.05005727803487312,4.0
1692643500000.0,335205,1692643500000.0,0.19255571803123095,-0.00442152,1313.5862138959328,1313.9785253319953,-36.0,0.6141,72.0,0.608751230054688,long_nclose,43.83008856393754,0.03336673916053288,51.0
1692646440000.0,335254,1692646440000.0,0.32215571803123266,-0.00444744,1313.903922173964,1314.2296778919952,-36.0,0.6177,36.0,0.608751230054688,long_nclose,21.91504428196877,0.0166793354613848,49.0
1692646800000.0,335260,1692646800000.0,0.16107785901561633,-0.00222372,1314.0627763129796,1314.2346541719953,-18.0,0.6177,18.0,0.608751230054688,long_nclose,10.957522140984384,0.008338659566728761,6.0
1692653580000.0,335373,1692653580000.0,0.2258778590156152,-0.00223668,1314.2864174919953,1314.2864174919953,-18.0,0.6213,0.0,0.608751230054688,long_nclose,0.0,0.0,113.0
1692679320000.0,335802,1692679320000.0,0.0,-0.013145058000000001,1314.2732724339953,1314.2626424339953,106.3,0.6183,106.3,0.6183,long_ientry_normal,65.72529,0.05000884624114641,429.0
1692680760000.0,335826,1692680760000.0,0.04505000000000092,-0.0032860000000000003,1314.3150364339954,1314.4506964339953,-26.5,0.62,79.8,0.6183,long_nclose,49.34034,0.037540725497495944,24.0
1692680820000.0,335827,1692680820000.0,0.03383000000000069,-0.0024676,1314.3463988339954,1314.4661988339953,-19.9,0.62,59.9,0.6183,long_nclose,37.03617,0.02817839348352621,1.0
1692681120000.0,335832,1692681120000.0,0.02533000000000052,-0.0018476,1314.3698812339953,1314.4508812339952,-14.9,0.62,45.0,0.6183,long_nclose,27.8235,0.021168698702893226,5.0
1692681420000.0,335837,1692681420000.0,0.01904000000000039,-0.0013888000000000001,1314.3875324339951,1314.4483724339952,-11.2,0.62,33.8,0.6183,long_nclose,20.898539999999997,0.015899831278298786,5.0
1692681780000.0,335843,1692681780000.0,0.0,-0.00896535,1314.3785670839952,1314.3360470839953,72.5,0.6183,106.3,0.6183,long_ientry_partial,65.72529,0.0500048400407307,6.0
1692685980000.0,335913,1692685980000.0,0.04505000000000092,-0.0032860000000000003,1314.4203310839953,1314.5480110839953,-26.5,0.62,79.8,0.6183,long_nclose,49.34034,0.0375377182117301,70.0
1692686100000.0,335915,1692686100000.0,0.03383000000000069,-0.0024676,1314.4516934839953,1314.5475334839953,-19.9,0.62,59.9,0.6183,long_nclose,37.03617,0.028176136242659838,2.0
1692686160000.0,335916,1692686160000.0,0.02533000000000052,-0.0018476,1314.4751758839952,1314.5516758839951,-14.9,0.62,45.0,0.6183,long_nclose,27.8235,0.021167003006571403,1.0
1692687180000.0,335933,1692687180000.0,0.01904000000000039,-0.0013888000000000001,1314.492827083995,1314.5671870839951,-11.2,0.62,33.8,0.6183,long_nclose,20.898539999999997,0.01589855765615722,17.0
1692694560000.0,336056,1692694560000.0,0.014280000000000292,-0.0010416000000000002,1314.5060654839951,1314.5543254839952,-8.4,0.62,25.4,0.6183,long_nclose,15.704819999999998,0.01194731649581058,123.0
1692694740000.0,336059,1692694740000.0,0.01071000000000022,-0.0007812,1314.5159942839953,1314.5522842839953,-6.3,0.62,19.1,0.6183,long_nclose,11.80953,0.00898393785343977,3.0
1692696660000.0,336091,1692696660000.0,0.007990000000000164,-0.0005828000000000001,1314.5234014839953,1314.5493214839953,-4.7,0.62,14.4,0.6183,long_nclose,8.90352,0.006773192466523316,32.0
1692696840000.0,336094,1692696840000.0,0.006120000000000125,-0.00044640000000000006,1314.5290750839952,1314.5495950839952,-3.6,0.62,10.8,0.6183,long_nclose,6.67764,0.005079872424710968,3.0
1692698400000.0,336120,1692698400000.0,0.004590000000000094,-0.00033480000000000006,1314.5333302839952,1314.5471002839952,-2.7,0.62,8.1,0.6183,long_nclose,5.008229999999999,0.0038098919857117723,26.0
1692698460000.0,336121,1692698460000.0,0.0034000000000000696,-0.000248,1314.5364822839952,1314.549292283995,-2.0,0.62,6.1,0.6183,long_nclose,3.7716299999999996,0.0028691710354411975,1.0
1692701580000.0,336173,1692701580000.0,0.0,-0.012388376,1314.5240939079952,1314.5059039079952,100.1,0.6188,106.2,0.6187712806026365,long_ientry_partial,65.71351,0.04999034274422311,52.0
1692705840000.0,336244,1692705840000.0,0.0458110640301333,-0.0032886500000000006,1314.5666163220253,1314.712365257995,-26.5,0.6205,79.7,0.6187712806026365,long_nclose,49.31607106403013,0.037515079457905026,71.0
1692705960000.0,336246,1692705960000.0,0.14386106403013132,-0.00330826,1314.7071691260553,1314.932136997995,-26.5,0.6242,53.2,0.6187712806026365,long_nclose,32.91863212806027,0.02503875608280341,2.0
1692709200000.0,336300,1692709200000.0,0.022991967984934827,-0.0016505300000000003,1314.7285105640403,1314.8014764679951,-13.3,0.6205,39.9,0.6187712806026365,long_nclose,24.688974096045197,0.018778762229361874,54.0
1692710160000.0,336316,1692710160000.0,0.0,-0.008206614000000001,1314.7203039500403,1314.672339853995,66.3,0.6189,106.2,0.6188516393224595,long_ientry_partial,65.7220440960452,0.04998937332798859,16.0
1692727680000.0,336608,1692727680000.0,0.0,-0.018041604000000003,1314.7022623460402,1312.415158249995,150.9,0.5978,257.1,0.6064957763362318,long_rentry,155.9300640960452,0.11860484960130321,292.0
1692729540000.0,336639,1692729540000.0,0.1094111592139192,-0.007809288,1314.8038642172542,1315.306218961995,-64.2,0.6082,192.9,0.6064957763362318,long_nclose,116.9930352552591,0.08898135945539595,31.0
1692729780000.0,336643,1692729780000.0,0.08214358059362781,-0.005863048,1314.8801447498477,1315.126745913995,-48.2,0.6082,144.7,0.6064957763362318,long_nclose,87.75993883585272,0.06674367940398766,4.0
1692729900000.0,336645,1692729900000.0,0.061522474262032445,-0.004391204,1314.9372760201097,1315.100634709995,-36.1,0.6082,108.6,0.6064957763362318,long_nclose,65.86544131011476,0.05009017731208303,2.0
1692729960000.0,336646,1692729960000.0,0.04618446128811854,-0.003296444,1314.9801640373978,1315.167958265995,-27.1,0.6082,81.5,0.6064957763362318,long_nclose,49.42940577140289,0.03758946874121603,1.0
1692730020000.0,336647,1692730020000.0,0.0,-0.00322664,1314.9769373973977,1315.0567316259949,26.5,0.6088,108.0,0.6070611645500268,long_ientry_partial,65.5626057714029,0.04985836930430461,1.0
1692730560000.0,336656,1692730560000.0,0.046948557149276926,-0.00328752,1315.020598434547,1315.1452441059948,-27.0,0.6088,81.0,0.6070611645500268,long_nclose,49.17195432855217,0.03739253543791513,9.0
1692730620000.0,336657,1692730620000.0,0.0,-0.0032864400000000003,1315.017311994547,1315.185157665995,27.0,0.6086,108.0,0.6074458734125201,long_ientry_partial,65.60415432855217,0.04988843396217145,1.0
1692730620000.0,336657,1692730620000.0,0.027353357067094162,-0.0024595520000000003,1315.0422057996143,1315.178658113995,-20.2,0.6088,87.8,0.6074458734125201,long_nclose,53.333747685619265,0.04055668133722717,0.0
1692730800000.0,336660,1692730800000.0,0.03622537226580928,-0.002667858,1315.07576331388,1315.197950255995,-21.9,0.6091,65.9,0.6074458734125201,long_nclose,40.03068305788508,0.030439830293131652,3.0
1692730860000.0,336661,1692730860000.0,0.0,-0.00511812,1315.0706451938802,1315.171252135995,42.0,0.6093,107.9,0.6081675908979154,long_ientry_partial,65.62128305788508,0.04989943566735958,1.0
1692731040000.0,336664,1692731040000.0,0.04660180484607598,-0.0032812619999999996,1315.1139657367262,1315.302890873995,-26.9,0.6099,81.0,0.6081675908979154,long_nclose,49.261574862731145,0.037458027323993046,3.0
1692731100000.0,336665,1692731100000.0,0.0,-0.0032600700000000003,1315.1107056667263,1315.2350108039952,26.7,0.6105,107.7,0.6087458204524712,long_ientry_partial,65.56192486273115,0.04985278013495677,1.0
1692731160000.0,336666,1692731160000.0,0.04718742982852681,-0.0032844900000000006,1315.1546086065548,1315.3205863139951,-26.9,0.6105,80.8,0.6087458204524712,long_nclose,49.18666229255967,0.03739990870326219,1.0
1692731760000.0,336676,1692731760000.0,0.0,-0.0032659440000000007,1315.1513426625547,1315.338960369995,26.7,0.6116,107.5,0.609454719000555,long_ientry_partial,65.51638229255967,0.049816610581045535,10.0
1692731820000.0,336677,1692731820000.0,0.04677353078512416,-0.0032760320000000003,1315.19484016134,1315.2791943379952,-26.8,0.6112,80.7,0.609454719000555,long_nclose,49.18299582334479,0.03739597687085765,1.0
1692731940000.0,336679,1692731940000.0,0.0,-0.0032967,1315.19154346134,1315.2758976379953,27.0,0.6105,107.7,0.6097167671619758,long_ientry_partial,65.66649582334479,0.049929226012602516,2.0
1692736140000.0,336749,1692736140000.0,0.04527896334285355,-0.0032893320000000003,1315.2335330926828,1315.369538305995,-26.9,0.6114,80.8,0.6097167671619758,long_nclose,49.26511478668764,0.03745731350906485,70.0
1692736200000.0,336750,1692736200000.0,0.034001303328090766,-0.0024700560000000004,1315.265064340011,1315.3549482499952,-20.2,0.6114,60.6,0.6097167671619758,long_nclose,36.94883609001573,0.028092311650166388,1.0
1692736260000.0,336751,1692736260000.0,0.02541681585416686,-0.0018464280000000002,1315.2886347278652,1315.3834218219954,-15.1,0.6114,45.5,0.6097167671619758,long_nclose,27.7421129058699,0.021092034229893405,1.0
1692736920000.0,336762,1692736920000.0,0.0,-0.007597108000000001,1315.2810376198652,1315.3365447139952,62.2,0.6107,107.7,0.6102846137963779,long_ientry_partial,65.7276529058699,0.049972326085389915,11.0
1692737760000.0,336776,1692737760000.0,0.04614388887743461,-0.00329256,1315.3238889487425,1315.4705721539951,-26.9,0.612,80.8,0.6102846137963779,long_nclose,49.31099679474733,0.037489623057145705,14.0
1692737880000.0,336778,1692737880000.0,0.03465080131316651,-0.00247248,1315.3560672700555,1315.490319673995,-20.2,0.612,60.6,0.6102846137963779,long_nclose,36.9832475960605,0.028116529445001964,2.0
1692739020000.0,336797,1692739020000.0,0.025902331674693777,-0.00184824,1315.38012136173,1315.4991214339948,-15.1,0.612,45.5,0.6102846137963779,long_nclose,27.767949927735195,0.02111020949517527,19.0
1692739440000.0,336804,1692739440000.0,0.0,-0.007597108000000001,1315.37252425373,1315.3806543259948,62.2,0.6107,107.7,0.6105245118638365,long_ientry_partial,65.75348992773519,0.049988492777010146,7.0
1692743520000.0,336872,1692743520000.0,0.045070630862797396,-0.0032936359999999995,1315.4143012485927,1315.5577606899947,-26.9,0.6122,80.8,0.6105245118638365,long_nclose,49.33038055859799,0.037501782147095056,68.0
1692743640000.0,336874,1692743640000.0,0.03384486035050214,-0.0024732879999999997,1315.4456728209432,1315.5472074019947,-20.2,0.6122,60.6,0.6105245118638365,long_nclose,36.997785418948496,0.028125665835828546,2.0
1692743700000.0,336875,1692743700000.0,0.02529987085606843,-0.0018488439999999999,1315.4691238477992,1315.5999585579946,-15.1,0.6122,45.5,0.6105245118638365,long_nclose,27.77886528980456,0.021117078908359538,1.0
1692743940000.0,336879,1692743940000.0,0.08116987085606898,-0.001860018,1315.5484337006553,1315.6966485399946,-15.1,0.6159,30.4,0.6105245118638365,long_nclose,18.55994516066063,0.014108142798248222,4.0
1692744180000.0,336883,1692744180000.0,0.054292430175251434,-0.001244118,1315.6014820128307,1315.710604421995,-10.1,0.6159,20.3,0.6105245118638365,long_nclose,12.393647590835881,0.009420518113033722,4.0
1692744240000.0,336884,1692744240000.0,0.03601577051229551,-0.000825306,1315.636672477343,1315.7084191159947,-6.7,0.6159,13.6,0.6105245118638365,long_nclose,8.303133361348175,0.0063111142574897834,1.0
1692744420000.0,336887,1692744420000.0,0.02418969661273579,-0.00055431,1315.6603078639555,1315.7064948059947,-4.5,0.6159,9.1,0.6105245118638365,long_nclose,5.555773057960912,0.004222802059736077,3.0
1692744540000.0,336889,1692744540000.0,0.016126464408490526,-0.00036954,1315.6760647883639,1315.7094652659944,-3.0,0.6159,6.1,0.6105245118638365,long_nclose,3.7241995223694024,0.0028306356116377836,2.0
1692744900000.0,336895,1692744900000.0,0.010750976272327017,-0.00024636,1315.6865694046362,1315.7086089059944,-2.0,0.6159,4.1,0.6105245118638365,long_nclose,2.5031504986417294,0.0019025431716418865,6.0
1692745080000.0,336898,1692745080000.0,0.006988134577012562,-0.000160134,1315.6933974052133,1315.7087287719946,-1.3,0.6159,2.8,0.6105245118638365,long_nclose,1.709468633218742,0.0012992910328425492,3.0
1692745860000.0,336911,1692745860000.0,0.012565683390628978,-0.00017346,1315.705789628604,1315.7196153119946,-1.4,0.6195,1.4,0.6105245118638365,long_nclose,0.854734316609371,0.0006496393976123222,13.0
1692745920000.0,336912,1692745920000.0,0.017605683390628887,-0.000174468,1315.7232208439946,1315.7232208439946,-1.4,0.6231,0.0,0.6105245118638365,long_nclose,0.0,0.0,1.0
1692864840000.0,338894,1692864840000.0,0.0,-0.013159684,1315.7100611599947,1315.6894411599947,103.1,0.6382,103.1,0.6382,long_ientry_normal,65.79842,0.05000981746843896,1982.0
1692867900000.0,338945,1692867900000.0,0.04626000000000061,-0.0032896,1315.7530315599947,1315.9310515599948,-25.7,0.64,77.4,0.6382,long_nclose,49.39668,0.037542516578079915,51.0
1692868140000.0,338949,1692868140000.0,0.03474000000000046,-0.0024704,1315.7853011599948,1315.9247411599947,-19.3,0.64,58.1,0.6382,long_nclose,37.07942,0.02818044856353907,4.0
1692869640000.0,338974,1692869640000.0,0.0,-0.0057429000000000004,1315.7795582599947,1315.7737482599946,45.0,0.6381,103.1,0.6381563530552862,long_ientry_partial,65.79392,0.050003756014424486,25.0
1692869700000.0,338975,1692869700000.0,0.04481172647914595,-0.0032890860000000005,1315.8210809004738,1315.9482991739947,-25.7,0.6399,77.4,0.6381563530552862,long_nclose,49.39330172647915,0.03753800759346184,1.0
1692869820000.0,338977,1692869820000.0,0.0,-0.0032798339999999997,1315.8178010664737,1315.7103393399946,25.7,0.6381,103.1,0.6381423057854428,long_ientry_partial,65.79247172647915,0.050001202045719534,2.0
1693016160000.0,341416,1693016160000.0,0.045172741314119566,-0.0032890860000000005,1315.859684721788,1316.0189502539947,-25.7,0.6399,77.4,0.6381423057854428,long_nclose,49.39221446779328,0.03753608005570615,2439.0
1693016460000.0,341421,1693016460000.0,0.03392349834095361,-0.0024700140000000004,1315.891138206129,1315.9816402399947,-19.3,0.6399,58.1,0.6381423057854428,long_nclose,37.07606796613423,0.02817563466281693,5.0
1693017360000.0,341436,1693017360000.0,0.025486566111079134,-0.0018557100000000002,1315.91476906224,1316.0001245299948,-14.5,0.6399,43.6,0.6381423057854428,long_nclose,27.82300453224531,0.021143470068409376,15.0
1693018320000.0,341452,1693018320000.0,0.01915886693867328,-0.0013949820000000001,1315.9325329471787,1315.9932795479947,-10.9,0.6399,32.7,0.6381423057854428,long_nclose,20.867253399183983,0.01585738848818444,16.0
1693018560000.0,341456,1693018560000.0,0.01423732313791317,-0.001036638,1315.9457336323167,1316.0037329099948,-8.1,0.6399,24.6,0.6381423057854428,long_nclose,15.698300722321894,0.01192929185536468,4.0
1693020900000.0,341495,1693020900000.0,0.045573092559369095,-0.001055668,1315.990251056876,1316.0813972419949,-8.2,0.6437,16.4,0.6381423057854428,long_nclose,10.465533814881262,0.007952592206877183,39.0
1693021440000.0,341504,1693021440000.0,0.03001154875860892,-0.0006951960000000001,1316.0195674096349,1316.087302045995,-5.4,0.6437,11.0,0.6381423057854428,long_nclose,7.019565363639871,0.005333936924248562,9.0
1693029480000.0,341638,1693029480000.0,0.004745774379304391,-0.00034554600000000007,1316.023967638014,1316.042706499995,-2.7,0.6399,8.3,0.6381423057854428,long_nclose,5.296581138019176,0.004024684404133934,134.0
1693033440000.0,341704,1693033440000.0,0.01500577437930446,-0.00034759800000000007,1316.0386258143933,1316.0725489019949,-2.7,0.6437,5.6,0.6381423057854428,long_nclose,3.5735969123984797,0.0027154194734877635,66.0
1693036860000.0,341761,1693036860000.0,0.010003849586202974,-0.000231732,1316.0483979319795,1316.0702771699948,-1.8,0.6437,3.8,0.6381423057854428,long_nclose,2.424940761984683,0.0018425923893036166,57.0
1693037100000.0,341765,1693037100000.0,0.006669233057468649,-0.00015448800000000002,1316.054912677037,1316.0737826819948,-1.2,0.6437,2.6,0.6381423057854428,long_nclose,1.6591699950421515,0.0012607148676396574,4.0
1693037400000.0,341770,1693037400000.0,0.004446155371645766,-0.00010299200000000002,1316.0592558404087,1316.0699796899949,-0.8,0.6437,1.8,0.6381423057854428,long_nclose,1.148656150413797,0.0008727997203137245,5.0
1693038480000.0,341788,1693038480000.0,0.0033346165287343244,-7.724400000000001e-05,1316.0625132129373,1316.0700224459947,-0.6,0.6437,1.2,0.6381423057854428,long_nclose,0.7657707669425314,0.0005818650400375249,18.0
1693040700000.0,341825,1693040700000.0,0.0005273082643671545,-3.8394000000000005e-05,1316.0630021272016,1316.0645840519946,-0.3,0.6399,0.9,0.6381423057854428,long_nclose,0.5743280752068985,0.0004363986179070384,37.0
1693040820000.0,341827,1693040820000.0,0.0003515388429114364,-2.5596000000000004e-05,1316.0633280700447,1316.064838455995,-0.2,0.6399,0.7,0.6381423057854428,long_nclose,0.44669961404980996,0.0003394210631982865,2.0
1693051080000.0,341998,1693051080000.0,0.0001757694214557182,-1.2798000000000002e-05,1316.0634910414662,1316.064605657995,-0.1,0.6399,0.6,0.6381423057854428,long_nclose,0.3828853834712657,0.00029093230385736905,171.0
1693054260000.0,342051,1693054260000.0,0.0001757694214557182,-1.2798000000000002e-05,1316.0636540128878,1316.064932859995,-0.1,0.6399,0.5,0.6381423057854428,long_nclose,0.3190711528927214,0.00024244355652541777,53.0
1693054440000.0,342054,1693054440000.0,0.0005557694214557207,-1.2874000000000002e-05,1316.0641969083092,1316.066539985995,-0.1,0.6437,0.4,0.6381423057854428,long_nclose,0.2552569223141771,0.00019395476521116926,3.0
1693054800000.0,342060,1693054800000.0,0.0001757694214557182,-1.2798000000000002e-05,1316.0643598797308,1316.064977187995,-0.1,0.6399,0.3,0.6381423057854428,long_nclose,0.19144269173563286,0.00014546605589496243,6.0
1693055040000.0,342064,1693055040000.0,0.0,-0.01311975,1316.0512401297308,1316.2368074379951,102.9,0.6375,103.2,0.6375018671679809,long_ientry_partial,65.79019269173563,0.04999060119061193,4.0
1693055100000.0,342065,1693055100000.0,0.04639182706609351,-0.003298788,1316.094333168797,1316.2954286499953,-25.8,0.6393,77.4,0.6375018671679809,long_nclose,49.34264451880172,0.037491723256643815,1.0
1693055760000.0,342076,1693055760000.0,0.03470396365796918,-0.002467698,1316.126569434455,1316.2542809519953,-19.3,0.6393,58.1,0.6375018671679809,long_nclose,37.03885848245969,0.028142322587086314,11.0
1693056840000.0,342094,1693056840000.0,0.0,-0.005751152,1316.120818282455,1316.1058797999954,45.1,0.6376,103.2,0.6375447527370124,long_ientry_partial,65.79461848245968,0.04999132113746368,18.0
1693060440000.0,342154,1693060440000.0,0.045285379385079864,-0.003298788,1316.1628048738403,1316.3064010119956,-25.8,0.6393,77.4,0.6375447527370124,long_nclose,49.345963861844766,0.03749229478231212,60.0
1693060860000.0,342161,1693060860000.0,0.03387627217566052,-0.002467698,1316.194213448016,1316.3252433139955,-19.3,0.6393,58.1,0.6375447527370124,long_nclose,37.04135013402042,0.028142769323520805,7.0
1693061100000.0,342165,1693061100000.0,0.025451085313320077,-0.0018539700000000001,1316.2178105633293,1316.3074193439957,-14.5,0.6393,43.6,0.6375447527370124,long_nclose,27.796951219333742,0.02111880799382049,4.0
1693061760000.0,342176,1693061760000.0,0.01913219516656475,-0.0013936740000000001,1316.235549084496,1316.3158356699955,-10.9,0.6393,32.7,0.6375447527370124,long_nclose,20.84771341450031,0.015838892536370774,11.0
1693063080000.0,342198,1693063080000.0,0.01421750283019949,-0.001035666,1316.2487309213261,1316.3066700039956,-8.1,0.6393,24.6,0.6375447527370124,long_nclose,15.683600917330505,0.011915377807318042,22.0
1693063620000.0,342207,1693063620000.0,0.010707008304224308,-0.0007799459999999999,1316.2586579836304,1316.2929800579957,-6.1,0.6393,18.5,0.6375447527370124,long_nclose,11.79457792563473,0.008960684022168394,9.0
1693064520000.0,342222,1693064520000.0,0.00807413740974292,-0.0005881559999999999,1316.26614396504,1316.2933219019956,-4.6,0.6393,13.9,0.6375447527370124,long_nclose,8.861872063044473,0.006732583758744647,15.0
1693065780000.0,342243,1693065780000.0,0.0,-0.011389322,1316.25475464304,1316.2775525799957,89.3,0.6377,103.2,0.6376790897581829,long_ientry_partial,65.80848206304448,0.049996766834769245,21.0
1693159500000.0,343805,1693159500000.0,0.0,-0.01806112,1316.23669352304,1313.8495314599954,146.6,0.616,249.8,0.6249562932868074,long_rentry,156.1140820630445,0.11860638958878242,1562.0
1693174260000.0,344051,1693174260000.0,0.0,-0.042732112,1316.19396141104,1310.3885193479955,354.8,0.6022,604.6,0.6116021205144633,long_rentry,369.7746420630445,0.2809423632871128,246.0
1693224360000.0,344886,1693224360000.0,0.2565495902645923,-0.018533926,1316.4319770753045,1318.5171154219954,-151.1,0.6133,453.5,0.6116021205144633,long_nclose,277.3615616533091,0.21069190545607888,835.0
1693224360000.0,344886,1693224360000.0,0.8156195902645978,-0.018645739999999997,1317.228950925569,1318.6193496819953,-151.1,0.617,302.4,0.6116021205144633,long_nclose,184.94848124357367,0.14040723984514392,0.0
1693224900000.0,344895,1693224900000.0,0.12835968910657297,-0.009273095999999998,1317.3480375186757,1318.1640365859955,-75.6,0.6133,226.8,0.6116021205144633,long_nclose,138.71136093268026,0.1052959104064508,9.0
1693225500000.0,344905,1693225500000.0,0.4080796891065757,-0.00932904,1317.7467881677824,1318.7443875459956,-75.6,0.617,151.2,0.6116021205144633,long_nclose,92.47424062178683,0.07017603188421699,10.0
1693225560000.0,344906,1693225560000.0,0.6802396891065793,-0.009383472,1318.417644384889,1318.9769240739956,-75.6,0.6206,75.6,0.6116021205144633,long_nclose,46.23712031089342,0.035070161953472234,1.0
1693228320000.0,344952,1693228320000.0,0.03208992227664324,-0.0023182739999999995,1318.4474160331656,1318.5380157999955,-18.9,0.6133,56.7,0.6116021205144633,long_nclose,34.677840233170066,0.026302027529854662,46.0
1693228560000.0,344956,1693228560000.0,0.023940100746067183,-0.001729506,1318.4696266279118,1318.5504762939956,-14.1,0.6133,42.6,0.6116021205144633,long_nclose,26.054250333916137,0.01976097879520509,4.0
1693228740000.0,344959,1693228740000.0,0.017997522546688804,-0.001300196,1318.4863239544584,1318.5278560979955,-10.6,0.6133,32.0,0.6116021205144633,long_nclose,19.571267856462825,0.014843739749809367,3.0
1693229460000.0,344971,1693229460000.0,0.013583035884293437,-0.00098128,1318.4989257103427,1318.5468748179956,-8.0,0.6133,24.0,0.6116021205144633,long_nclose,14.678450892347119,0.011132698408866042,12.0
1693236000000.0,345080,1693236000000.0,0.04318303588429373,-0.0009872000000000001,1318.541121546227,1318.6306876179956,-8.0,0.617,16.0,0.6116021205144633,long_nclose,9.785633928231412,0.007421561427493436,109.0
1693238400000.0,345120,1693238400000.0,0.028608761273344597,-0.00065402,1318.5690762875004,1318.6343235979957,-5.3,0.617,10.7,0.6116021205144633,long_nclose,6.544142689504756,0.004963063981395749,40.0
1693239540000.0,345139,1693239540000.0,0.018892578199378507,-0.00043190000000000004,1318.5875369656999,1318.6285616979958,-3.5,0.617,7.2,0.6116021205144633,long_nclose,4.403535267704136,0.003339585081956287,19.0
1693244040000.0,345214,1693244040000.0,0.0030561830739660235,-0.000220788,1318.590372360774,1318.5995409099958,-1.8,0.6133,5.4,0.6116021205144633,long_nclose,3.302651450778102,0.0025046834255775057,75.0
1693249080000.0,345298,1693249080000.0,0.0022072433311976837,-0.000159458,1318.592420146105,1318.5997914519958,-1.3,0.6133,4.1,0.6116021205144633,long_nclose,2.5075686941092994,0.00190170112902018,84.0
1693250520000.0,345322,1693250520000.0,0.0016978794855366797,-0.00012266,1318.5939953655907,1318.5989487919958,-1.0,0.6133,3.1,0.6116021205144633,long_nclose,1.8959665735948361,0.0014378698676457754,24.0
1693250640000.0,345324,1693250640000.0,0.0,-0.012808290000000003,1318.5811870755906,1318.6425705019958,104.9,0.6105,108.0,0.610531634940693,long_ientry_partial,65.93741657359485,0.05000633803962716,2.0
1693250880000.0,345328,1693250880000.0,0.045045856601289236,-0.0033058799999999998,1318.622927052192,1318.814764621996,-27.0,0.6122,81.0,0.610531634940693,long_nclose,49.45306243019613,0.0375035663461043,4.0
1693252200000.0,345350,1693252200000.0,0.14494585660129022,-0.0033258600000000004,1318.7645470487932,1319.059838761996,-27.0,0.6159,54.0,0.610531634940693,long_nclose,32.96870828679742,0.024999692599089567,22.0
1693252320000.0,345352,1693252320000.0,0.09663057106752682,-0.00221724,1318.858960379861,1319.063021521996,-18.0,0.6159,36.0,0.610531634940693,long_nclose,21.979138857864946,0.016665268628522995,2.0
1693253520000.0,345372,1693253520000.0,0.06442038071168454,-0.00147816,1318.9219026005726,1319.055543361996,-12.0,0.6159,24.0,0.610531634940693,long_nclose,14.652759238576632,0.011109648880411481,20.0
1693253700000.0,345375,1693253700000.0,0.04294692047445636,-0.00098544,1318.963864081047,1319.049757921996,-8.0,0.6159,16.0,0.610531634940693,long_nclose,9.768506159051087,0.007406196958896243,3.0
1693253820000.0,345377,1693253820000.0,0.02845233481432734,-0.000652854,1318.9916635618613,1319.0565950679959,-5.3,0.6159,10.7,0.610531634940693,long_nclose,6.532688493865415,0.004952789827514349,2.0
1693258200000.0,345450,1693258200000.0,0.047532334814327594,-0.00065667,1319.0385392266758,1319.087508397996,-5.3,0.6195,5.4,0.610531634940693,long_nclose,3.2968708286797423,0.0024994499634655313,73.0
1693260480000.0,345488,1693260480000.0,0.024214585660129153,-0.00033453000000000004,1319.062419282336,1319.088793867996,-2.7,0.6195,2.7,0.610531634940693,long_nclose,1.6484354143398712,0.0012497023569489135,38.0
1693260960000.0,345496,1693260960000.0,0.01165887457709922,-0.00016107000000000003,1319.0739170869128,1319.0867527979958,-1.3,0.6195,1.4,0.610531634940693,long_nclose,0.8547442889169701,0.000647988166428623,8.0
1693264140000.0,345549,1693264140000.0,0.017735711083029824,-0.000174496,1319.091478301996,1319.091478301996,-1.4,0.6232,0.0,0.610531634940693,long_nclose,0.0,0.0,53.0
1693286220000.0,345917,1693286220000.0,0.0,-0.013194176,1319.0782841259959,1319.0890041259959,107.2,0.6154,107.2,0.6154,long_ientry_normal,65.97088,0.05001286185505771,368.0
1693289220000.0,345967,1693289220000.0,0.04556000000000093,-0.0033076560000000004,1319.1205364699958,1319.2491764699957,-26.8,0.6171,80.4,0.6154,long_nclose,49.47816,0.03750844493135174,50.0
1693289640000.0,345974,1693289640000.0,0.0,-0.003298544,1319.1172379259958,1319.1172379259958,26.8,0.6154,107.2,0.6154,long_ientry_partial,65.97088,0.05001138496508757,7.0
1693317960000.0,346446,1693317960000.0,0.04556000000000093,-0.0033076560000000004,1319.1594902699958,1319.1836102699958,-26.8,0.6171,80.4,0.6154,long_nclose,49.47816,0.037507337334830665,472.0
1693318620000.0,346457,1693318620000.0,0.0341700000000007,-0.002480742,1319.1911795279957,1319.3178095279957,-20.1,0.6171,60.3,0.6154,long_nclose,37.108619999999995,0.028129827257696943,11.0
1693318800000.0,346460,1693318800000.0,0.025500000000000522,-0.0018513,1319.2148282279957,1319.7584282279956,-15.0,0.6171,45.3,0.6154,long_nclose,27.877619999999997,0.021131978964673975,3.0
1693318800000.0,346460,1693318800000.0,0.08100000000000107,-0.0018624000000000004,1319.2939658279956,1319.6575658279955,-15.0,0.6208,30.3,0.6154,long_nclose,18.64662,0.01413378707322237,0.0
1693318800000.0,346460,1693318800000.0,0.13650000000000162,-0.0018735000000000004,1319.4285923279956,1319.6121923279957,-15.0,0.6245,15.3,0.6154,long_nclose,9.415619999999999,0.007136134577307521,0.0
1693318800000.0,346460,1693318800000.0,0.1943100000000007,-0.001921986,1319.6209803419956,1319.6209803419956,-15.3,0.6281,0.0,0.6154,long_nclose,0.0,0.0,0.0
1693402680000.0,347858,1693402680000.0,0.0,-0.013195408,1319.6077849339956,1319.8133849339956,102.8,0.6418,102.8,0.6418,long_ientry_normal,65.97704,0.04999746193775301,1398.0
1693404180000.0,347883,1693404180000.0,0.19151999999999791,-0.0044282160000000004,1319.7948767179957,1320.2407767179957,-34.2,0.6474,68.6,0.6418,long_nclose,44.02748,0.03335933543664412,25.0
1693404420000.0,347887,1693404420000.0,0.1276799999999986,-0.002952144,1319.919604573996,1320.1623445739958,-22.8,0.6474,45.8,0.6418,long_nclose,29.39444,0.0222698715119752,4.0
1693404540000.0,347889,1693404540000.0,0.08511999999999906,-0.001968096,1320.002756477996,1320.2169564779958,-15.2,0.6474,30.6,0.6418,long_nclose,19.639080000000003,0.014878059840117752,2.0
1693405680000.0,347908,1693405680000.0,0.013679999999999337,-0.000978272,1320.0154582059959,1320.056858205996,-7.6,0.6436,23.0,0.6418,long_nclose,14.7614,0.011182747829379131,19.0
1693405860000.0,347911,1693405860000.0,0.010259999999999504,-0.0007337040000000001,1320.024984501996,1320.063044501996,-5.7,0.6436,17.3,0.6418,long_nclose,11.103140000000002,0.008411310490603228,3.0
1693405980000.0,347913,1693405980000.0,0.007739999999999625,-0.0005534959999999999,1320.032171005996,1320.067271005996,-4.3,0.6436,13.0,0.6418,long_nclose,8.3434,0.006320603530171162,2.0
1693406340000.0,347919,1693406340000.0,0.005759999999999721,-0.00041190400000000005,1320.037519101996,1320.054179101996,-3.2,0.6436,9.8,0.6418,long_nclose,6.289640000000001,0.004764743356900007,6.0
1693406400000.0,347920,1693406400000.0,0.0,-0.01194306,1320.025576041996,1320.0182360419958,93.0,0.6421,102.8,0.6420714007782102,long_ientry_partial,66.00494,0.05000277358103256,1.0
1693408680000.0,347958,1693408680000.0,0.04699499999999773,-0.0033096460000000003,1320.069261395996,1320.210246395996,-25.7,0.6439,77.1,0.6420714007782102,long_nclose,49.503705000000004,0.03750083912085718,38.0
1693408740000.0,347959,1693408740000.0,0.035109105058364065,-0.002472576,1320.1018979250543,1320.201983819996,-19.2,0.6439,57.9,0.6420714007782102,long_nclose,37.175934105058374,0.028161412511785472,1.0
1693408920000.0,347962,1693408920000.0,0.0,-0.005764262,1320.0961336630544,1320.065649557996,44.9,0.6419,102.8,0.6419965379869492,long_ientry_partial,65.99724410505839,0.04999427119139169,3.0
1693409820000.0,347977,1693409820000.0,0.046348973735405974,-0.0033091320000000007,1320.1391735047898,1320.3013504259961,-25.7,0.6438,77.1,0.6419965379869492,long_nclose,49.49793307879378,0.03749448093975085,15.0
1693411200000.0,348000,1693411200000.0,0.0,-0.003299366,1320.1358741387899,1320.138711059996,25.7,0.6419,102.8,0.6419724034902119,long_ientry_partial,65.99476307879378,0.04999088682583256,23.0
1693427100000.0,348265,1693427100000.0,0.046969230301555275,-0.0033091320000000007,1320.1795342370915,1320.3435719279962,-25.7,0.6438,77.1,0.6419724034902119,long_nclose,49.49607230909533,0.03749192517038846,265.0
1693427280000.0,348268,1693427280000.0,0.035089852987932345,-0.0024721920000000002,1320.2121518980796,1320.3237597359964,-19.2,0.6438,57.9,0.6419724034902119,long_nclose,37.17020216208327,0.028154719003792968,3.0
1693427520000.0,348272,1693427520000.0,0.02631738974094926,-0.0018541440000000003,1320.2366151438207,1320.3204655919965,-14.4,0.6438,43.5,0.6419724034902119,long_nclose,27.925799551824216,0.021152117151956206,4.0
1693427820000.0,348277,1693427820000.0,0.019738042305711946,-0.0013906080000000002,1320.2549625781264,1320.3114549839966,-10.8,0.6438,32.7,0.6419724034902119,long_nclose,20.99249759412993,0.01590033606322286,5.0
1693428360000.0,348286,1693428360000.0,0.014803531729283958,-0.001042956,1320.2687231538557,1320.3161420279964,-8.1,0.6438,24.6,0.6419724034902119,long_nclose,15.792521125859214,0.011961596036399368,9.0
1693429620000.0,348307,1693429620000.0,0.011148338709707672,-0.000785436,1320.2790860565656,1320.3165965919966,-6.1,0.6438,18.5,0.6419724034902119,long_nclose,11.87648946456892,0.008995438608394413,21.0
1693430940000.0,348329,1693430940000.0,0.0,-0.010830208000000001,1320.2682558485656,1320.2407863839967,84.4,0.6416,102.9,0.6416669530084442,long_ientry_partial,66.02752946456891,0.050010692275662995,22.0
1693435200000.0,348400,1693435200000.0,0.04710930768298229,-0.00330759,1320.3120575662485,1320.4690087939966,-25.7,0.6435,77.2,0.6416669530084442,long_nclose,49.5366887722519,0.037518924778709994,71.0
1693435920000.0,348412,1693435920000.0,0.035377806937025615,-0.0024839099999999998,1320.3449514631857,1320.4858248839967,-19.3,0.6435,57.9,0.6416669530084442,long_nclose,37.15251657918892,0.02813849254925168,12.0
1693441200000.0,348500,1693441200000.0,0.02639587667840253,-0.00185328,1320.369494059864,1320.4231316039968,-14.4,0.6435,43.5,0.6416669530084442,long_nclose,27.912512455867326,0.021139925287157385,88.0
1693441380000.0,348503,1693441380000.0,0.0197969075088019,-0.00138996,1320.3879010073729,1320.4511116439967,-10.8,0.6435,32.7,0.6416669530084442,long_nclose,20.982509363376128,0.015891170577500592,3.0
1693441620000.0,348507,1693441620000.0,0.014847680631601422,-0.00104247,1320.4017062180046,1320.4615591739969,-8.1,0.6435,24.6,0.6416669530084442,long_nclose,15.78500704400773,0.011954700580644016,4.0
1693443120000.0,348532,1693443120000.0,0.0,-0.01004088,1320.3916653380047,1320.420418293997,78.2,0.642,102.8,0.641920301984511,long_ientry_partial,65.98940704400773,0.04997714600623083,25.0
1693445520000.0,348572,1693445520000.0,0.0457382389980686,-0.003308618,1320.4340949590028,1320.5713096759969,-25.7,0.6437,77.1,0.641920301984511,long_nclose,49.4920552830058,0.037481655064762955,40.0
1693445580000.0,348573,1693445580000.0,0.03417020189738977,-0.0024718080000000003,1320.4657933529002,1320.591997867997,-19.2,0.6437,57.9,0.641920301984511,long_nclose,37.167185484903186,0.028147026353881548,1.0
1693446060000.0,348581,1693446060000.0,0.02562765142304233,-0.001853856,1320.4895671483232,1320.571334011997,-14.4,0.6437,43.5,0.641920301984511,long_nclose,27.923533136326228,0.021146348923171562,8.0
1693446420000.0,348587,1693446420000.0,0.01922073856728175,-0.0013903920000000003,1320.5073974948905,1320.568863619997,-10.8,0.6437,32.7,0.641920301984511,long_nclose,20.990793874893512,0.015896006273584493,6.0
1693447920000.0,348612,1693447920000.0,0.01441555392546131,-0.001042794,1320.520770254816,1320.569470825997,-8.1,0.6437,24.6,0.641920301984511,long_nclose,15.791239428818972,0.01195834233320828,25.0
1693448760000.0,348626,1693448760000.0,0.0,-0.01004088,1320.510729374816,1320.430449945997,78.2,0.642,102.8,0.6419809282959044,long_ientry_partial,65.99563942881896,0.04997735948731292,14.0
1693461240000.0,348834,1693461240000.0,0.046750142795258874,-0.0033091320000000007,1320.5541703856113,1320.7021308139972,-25.7,0.6438,77.1,0.6419809282959044,long_nclose,49.496729571614225,0.03748178657234547,208.0
1693464360000.0,348886,1693464360000.0,0.03492617671863698,-0.0024721920000000002,1320.5866243703301,1320.6977386219974,-19.2,0.6438,57.9,0.6419809282959044,long_nclose,37.17069574833286,0.028147109066818124,52.0
1693464840000.0,348894,1693464840000.0,0.026194632538977736,-0.0018541440000000003,1320.6109648588692,1320.6944444779974,-14.4,0.6438,43.5,0.6419809282959044,long_nclose,27.926170380871838,0.021146402024502534,8.0
1693465320000.0,348902,1693465320000.0,0.019645974404233303,-0.0013906080000000002,1320.6292202252735,1320.6985138699974,-10.8,0.6438,32.7,0.6419809282959044,long_nclose,20.992776355276074,0.015896041094483067,8.0
1693466700000.0,348925,1693466700000.0,0.014734480803174976,-0.001042956,1320.6429117500766,1320.6901209139974,-8.1,0.6438,24.6,0.6419809282959044,long_nclose,15.792730836079249,0.01195836565324929,23.0
1693466820000.0,348927,1693466820000.0,0.011096337394983623,-0.000785436,1320.6532226514717,1320.6942754779975,-6.1,0.6438,18.5,0.6419809282959044,long_nclose,11.87664717347423,0.008993009648384093,2.0
1693468980000.0,348963,1693468980000.0,0.0,-0.010833584000000002,1320.6423890674716,1320.5773018939974,84.4,0.6418,102.9,0.6418325284108283,long_ientry_partial,66.04456717347423,0.0500094255039848,36.0
1693492380000.0,349353,1693492380000.0,0.04542401984171208,-0.0033081039999999996,1320.6845049833132,1321.6392737899973,-25.7,0.6436,77.2,0.6418325284108283,long_nclose,49.549471193315945,0.03751802266654291,390.0
1693492380000.0,349353,1693492380000.0,0.14565401984171245,-0.0033281499999999998,1320.826830853155,1321.4637556399973,-25.7,0.6475,51.5,0.6418325284108283,long_nclose,33.054375213157655,0.02502551768410626,0.0
1693492380000.0,349353,1693492380000.0,0.2433140198417131,-0.003347682,1321.0667971909968,1321.3858779579975,-25.7,0.6513,25.8,0.6418325284108283,long_nclose,16.55927923299937,0.012534778156721221,0.0
1693492380000.0,349353,1693492380000.0,0.34230076700063095,-0.003380316,1321.4057176419974,1321.4057176419974,-25.8,0.6551,0.0,0.6418325284108283,long_nclose,0.0,0.0,0.0
1693496460000.0,349421,1693496460000.0,0.0,-0.013213728000000001,1321.3925039139974,1321.1964239139975,103.2,0.6402,103.2,0.6402,long_ientry_normal,66.06864,0.04999925442614745,68.0
1693496580000.0,349423,1693496580000.0,0.04644000000000061,-0.0033127200000000003,1321.4356311939976,1321.4975511939977,-25.8,0.642,77.4,0.6402,long_nclose,49.551480000000005,0.037498216962128704,2.0
1693496640000.0,349424,1693496640000.0,0.0,-0.003302916000000001,1321.4323282779976,1321.3420282779975,25.8,0.6401,103.2,0.6401749999999999,long_ientry_partial,66.06606,0.04999579515819238,1.0
1693501200000.0,349500,1693501200000.0,0.0,-0.018131488,1321.4141967899975,1317.8180967899975,146.6,0.6184,249.8,0.6273959167333867,long_rentry,156.7235,0.11860285774189158,76.0
1693505280000.0,349568,1693505280000.0,0.11257479583666985,-0.007852416,1321.5189191698341,1321.8757443739976,-62.4,0.6292,187.4,0.6273959167333867,long_nclose,117.57399479583667,0.08896883206915839,68.0
1693505400000.0,349570,1693505400000.0,0.08443109687750239,-0.005889312,1321.5974609547118,1321.8792350619976,-46.8,0.6292,140.6,0.6273959167333867,long_nclose,88.21186589271416,0.06674639479784608,2.0
1693552380000.0,350353,1693552380000.0,0.0,-0.024191657999999998,1321.5732692967117,1318.5228234039976,199.7,0.6057,340.3,0.6146639902812641,long_rentry,209.17015589271418,0.15827359765230886,783.0
1693588440000.0,350954,1693588440000.0,0.0,-0.057176552000000005,1321.5160927447116,1312.6109168519974,483.4,0.5914,823.7,0.6010111884092681,long_rentry,495.0529158927142,0.37460982776571283,601.0
1693600320000.0,351152,1693600320000.0,0.34772630653169095,-0.024819186000000003,1321.8389998652433,1323.8708276659975,-205.9,0.6027,617.8,0.6010111884092681,long_nclose,371.30471219924584,0.280900103747203,198.0
1693600620000.0,351157,1693600620000.0,0.2607525096089999,-0.018611376000000002,1322.081140998852,1323.0490962899971,-154.4,0.6027,463.4,0.6010111884092681,long_nclose,278.50858470885487,0.21065922209467225,5.0
1693600800000.0,351160,1693600800000.0,0.1955643822067499,-0.013958532000000001,1322.2627468490589,1322.8497777579973,-115.8,0.6027,347.6,0.6010111884092681,long_nclose,208.9114890910616,0.1579954434842061,3.0
1693602180000.0,351183,1693602180000.0,0.14675772723459904,-0.010474926,1322.3990296502936,1322.8132328319975,-86.9,0.6027,260.7,0.6010111884092681,long_nclose,156.6836168182962,0.11848437068176837,23.0
1693602360000.0,351186,1693602360000.0,0.10994163455664438,-0.007847153999999999,1322.5011241308503,1322.8510156779973,-65.1,0.6027,195.6,0.6010111884092681,long_nclose,117.55778845285285,0.08889050172272028,3.0
1693602540000.0,351189,1693602540000.0,0.08258288678678817,-0.0058944060000000005,1322.5778126116372,1322.8695712719975,-48.9,0.6027,146.7,0.6010111884092681,long_nclose,88.16834133963962,0.06666401061540372,3.0
1693602900000.0,351195,1693602900000.0,0.061810504220786246,-0.004411764,1322.635211351858,1322.8651895079977,-36.6,0.6027,110.1,0.6010111884092681,long_nclose,66.17133184386041,0.050029918511111666,6.0
1693603440000.0,351204,1693603440000.0,0.046442318745126276,-0.00331485,1322.6783388206034,1322.8178346579978,-27.5,0.6027,82.6,0.6010111884092681,long_nclose,49.643524162605544,0.037532575158727814,9.0
1693603500000.0,351205,1693603500000.0,0.03478951876907641,-0.002483124,1322.7106452153723,1322.8153515339977,-20.6,0.6027,62.0,0.6010111884092681,long_nclose,37.26269368137463,0.028171462758060192,1.0
1693604340000.0,351219,1693604340000.0,0.0261765796563439,-0.0018683700000000003,1322.7349534250286,1322.8181331639976,-15.5,0.6027,46.5,0.6010111884092681,long_nclose,27.947020261030968,0.02112820878337436,14.0
1693604940000.0,351229,1693604940000.0,0.019590214452489627,-0.001398264,1322.7531453754812,1322.8155748999977,-11.6,0.6027,34.9,0.6010111884092681,long_nclose,20.975290475483458,0.015857297749633657,10.0
1693605300000.0,351235,1693605300000.0,0.014692660839367221,-0.001048698,1322.7667893383205,1322.8188962019976,-8.7,0.6027,26.2,0.6010111884092681,long_nclose,15.746493136322824,0.011904209618234818,6.0
1693612080000.0,351348,1693612080000.0,0.01097727533975712,-0.0007835100000000001,1322.77698310366,1322.8102526919974,-6.5,0.6027,19.7,0.6010111884092681,long_nclose,11.839920411662582,0.008950806192501416,113.0
1693612860000.0,351361,1693612860000.0,0.0,-0.010857040000000002,1322.76612606366,1322.8221156519974,90.4,0.6005,110.1,0.6005914660459818,long_ientry_partial,66.12512041166259,0.04999003157757022,13.0
1693614240000.0,351384,1693614240000.0,0.046984683735499244,-0.0033126500000000003,1322.8097980973955,1322.9591830019974,-27.5,0.6023,82.6,0.6005914660459818,long_nclose,49.60885509539809,0.037502636559504456,23.0
1693614600000.0,351390,1693614600000.0,0.035195799452773985,-0.0024814760000000003,1322.8425124208484,1322.9546415259974,-20.6,0.6023,62.0,0.6005914660459818,long_nclose,37.236670894850874,0.028148982622811583,6.0
1693614720000.0,351392,1693614720000.0,0.026482276287281392,-0.00186713,1322.8671275671356,1322.9465743959975,-15.5,0.6023,46.5,0.6005914660459818,long_nclose,27.927503171138152,0.021111344132119444,2.0
1693614780000.0,351393,1693614780000.0,0.01981899386661059,-0.0013973359999999999,1322.8855492250023,1322.9451770599974,-11.6,0.6023,34.9,0.6005914660459818,long_nclose,20.960642165004764,0.015844637638746845,1.0
1693614840000.0,351394,1693614840000.0,0.014864245399957942,-0.001048002,1322.899365468402,1322.9493690579973,-8.7,0.6023,26.2,0.6005914660459818,long_nclose,15.735496410404723,0.011894704027492839,1.0
1693616580000.0,351423,1693616580000.0,0.011105470701118003,-0.00078299,1322.909687949103,1322.9453160679973,-6.5,0.6023,19.7,0.6005914660459818,long_nclose,11.831651881105842,0.00894365805079889,29.0
1693617240000.0,351434,1693617240000.0,0.008371816374688958,-0.000590254,1322.9174695114777,1322.9560758139971,-4.9,0.6023,14.8,0.6005914660459818,long_nclose,8.888753697480531,0.006719053835431577,11.0
1693617840000.0,351444,1693617840000.0,0.006321575629867172,-0.000445702,1322.9233453851077,1322.9445301119974,-3.7,0.6023,11.1,0.6005914660459818,long_nclose,6.666565273110398,0.005039267994148018,10.0
1693618500000.0,351455,1693618500000.0,0.004613041675849017,-0.000325242,1322.9276331847836,1322.9436648699973,-2.7,0.6023,8.4,0.6005914660459818,long_nclose,5.044968314786248,0.0038134877435745404,11.0
1693620840000.0,351494,1693620840000.0,0.0035879213034381244,-0.000252966,1322.930968140087,1322.9417319039974,-2.1,0.6023,6.3,0.6005914660459818,long_nclose,3.7837262360896853,0.002860108597661175,39.0
1693620960000.0,351496,1693620960000.0,0.0025628009310272315,-0.00018068999999999998,1322.933350251018,1322.9425112139972,-1.5,0.6023,4.8,0.6005914660459818,long_nclose,2.8828390370207124,0.0021791264363194957,2.0
1693621560000.0,351506,1693621560000.0,0.002050240744821785,-0.000144552,1322.935255939763,1322.9432066619975,-1.2,0.6023,3.6,0.6005914660459818,long_nclose,2.1621292777655343,0.0016343424729652698,10.0
1693621980000.0,351513,1693621980000.0,0.001537680558616339,-0.000108414,1322.9366852063217,1322.9415682479976,-0.9,0.6023,2.7,0.6005914660459818,long_nclose,1.621596958324151,0.0012257555304479677,7.0
1693623060000.0,351531,1693623060000.0,0.0010251203724108925,-7.2276e-05,1322.937638050694,1322.9414359719974,-0.6,0.6023,2.1,0.6005914660459818,long_nclose,1.261242078696562,0.0009533647259102564,18.0
1693623900000.0,351545,1693623900000.0,0.0008542669770090772,-6.023e-05,1322.9384320876711,1322.9416457419975,-0.5,0.6023,1.6,0.6005914660459818,long_nclose,0.960946345673571,0.0007263726885287803,14.0
1693624080000.0,351548,1693624080000.0,0.0006834135816072618,-4.8184e-05,1322.9390673172527,1322.9417175579974,-0.4,0.6023,1.2,0.6005914660459818,long_nclose,0.7207097592551781,0.0005447792548123045,3.0
1693626300000.0,351585,1693626300000.0,0.0021234135816072808,-4.8472000000000006e-05,1322.9411422588344,1322.9455490859975,-0.4,0.6059,0.8,0.6005914660459818,long_nclose,0.4804731728367855,0.00036318560024250915,37.0
1693626480000.0,351588,1693626480000.0,0.0010617067908036404,-2.4236000000000003e-05,1322.9421797296252,1322.9456648499977,-0.2,0.6059,0.6,0.6005914660459818,long_nclose,0.36035487962758905,0.0002723889865702492,3.0
1693636140000.0,351749,1693636140000.0,0.0010617067908036404,-2.4236000000000003e-05,1322.943217200416,1322.9454606139977,-0.2,0.6059,0.4,0.6005914660459818,long_nclose,0.24023658641839274,0.00018159251530596774,161.0
1693637880000.0,351778,1693637880000.0,0.0005308533954018202,-1.2118000000000002e-05,1322.9437359358114,1322.9453884959976,-0.1,0.6059,0.3,0.6005914660459818,long_nclose,0.18017743981379453,0.00013619433307671418,29.0
1693638300000.0,351785,1693638300000.0,0.0005308533954018202,-1.2118000000000002e-05,1322.9442546712069,1322.9453563779978,-0.1,0.6059,0.2,0.6005914660459818,long_nclose,0.12011829320919637,9.079618644932967e-05,7.0
1693638660000.0,351791,1693638660000.0,0.0005308533954018202,-1.2118000000000002e-05,1322.9447734066023,1322.9453342599977,-0.1,0.6059,0.1,0.6005914660459818,long_nclose,0.060059146604598185,4.539807542377222e-05,6.0
1693639020000.0,351797,1693639020000.0,0.0005308533954018202,-1.2118000000000002e-05,1322.9452921419977,1322.9452921419977,-0.1,0.6059,0.0,0.6005914660459818,long_nclose,0.0,0.0,6.0
1693645020000.0,351897,1693645020000.0,0.0,-0.013224272000000002,1322.9320678699978,1322.9101878699978,109.4,0.6044,109.4,0.6044,long_ientry_normal,66.12136000000001,0.049980918601859485,100.0
1693645620000.0,351907,1693645620000.0,0.04640999999999792,-0.003309306,1322.9751685639978,1323.106528563998,-27.3,0.6061,82.1,0.6044,long_nclose,49.62124,0.03750731017412865,10.0
1693645740000.0,351909,1693645740000.0,0.03484999999999844,-0.0024850099999999997,1323.0075335539977,1323.1307335539977,-20.5,0.6061,61.6,0.6044,long_nclose,37.23104000000001,0.028141215416956994,2.0
1693647600000.0,351940,1693647600000.0,0.10864999999999941,-0.00249977,1323.1136837839977,1323.3397337839976,-20.5,0.6097,41.1,0.6044,long_nclose,24.840840000000004,0.018774531851985098,31.0
1693647900000.0,351945,1693647900000.0,0.0726099999999996,-0.0016705780000000003,1323.1846232059977,1323.3380632059977,-13.7,0.6097,27.4,0.6044,long_nclose,16.56056,0.012515683533167688,5.0
1693648680000.0,351958,1693648680000.0,0.04822999999999974,-0.001109654,1323.2317435519979,1323.3305635519978,-9.1,0.6097,18.3,0.6044,long_nclose,11.060520000000002,0.00835871724956496,13.0
1693650000000.0,351980,1693650000000.0,0.032329999999999824,-0.0007438340000000001,1323.2633297179977,1323.3304297179977,-6.1,0.6097,12.2,0.6044,long_nclose,7.37368,0.0055723451518689135,22.0
1693653420000.0,352037,1693653420000.0,0.021199999999999886,-0.00048776000000000006,1323.2840419579977,1323.3307819579977,-4.0,0.6097,8.2,0.6044,long_nclose,4.95608,0.003745288118691989,57.0
1693660620000.0,352157,1693660620000.0,0.014309999999999923,-0.0003292380000000001,1323.2980227199978,1323.3293727199978,-2.7,0.6097,5.5,0.6044,long_nclose,3.3242000000000003,0.0025120569538577644,120.0
1693660800000.0,352160,1693660800000.0,0.00953999999999995,-0.00021949200000000003,1323.3073432279978,1323.3276932279978,-1.8,0.6097,3.7,0.6044,long_nclose,2.2362800000000003,0.0016899173207525252,3.0
1693660920000.0,352162,1693660920000.0,0.0063599999999999655,-0.00014632799999999999,1323.3135568999978,1323.3270568999978,-1.2,0.6097,2.5,0.6044,long_nclose,1.5110000000000001,0.0011418306659985238,2.0
1693661460000.0,352171,1693661460000.0,0.01067999999999989,-0.000147192,1323.324089707998,1323.335269707998,-1.2,0.6133,1.3,0.6044,long_nclose,0.7857200000000001,0.0005937472204359066,9.0
1693661640000.0,352174,1693661640000.0,0.005339999999999945,-7.3596e-05,1323.3293561119979,1323.3356561119979,-0.6,0.6133,0.7,0.6044,long_nclose,0.42308,0.00031970876943516796,3.0
1693661880000.0,352178,1693661880000.0,0.0026699999999999723,-3.6798e-05,1323.3319893139978,1323.3357093139978,-0.3,0.6133,0.4,0.6044,long_nclose,0.24176000000000003,0.0001826903618685482,4.0
1693662360000.0,352186,1693662360000.0,0.0017799999999999817,-2.4531999999999998e-05,1323.333744781998,1323.3355847819978,-0.2,0.6133,0.2,0.6044,long_nclose,0.12088000000000002,9.13450597603505e-05,8.0
1693662780000.0,352193,1693662780000.0,0.0008899999999999908,-1.2265999999999999e-05,1323.3346225159978,1323.3355825159979,-0.1,0.6133,0.1,0.6044,long_nclose,0.06044000000000001,4.5672499586754635e-05,7.0
1693663680000.0,352208,1693663680000.0,0.0008899999999999908,-1.2265999999999999e-05,1323.3355002499977,1323.3355002499977,-0.1,0.6133,0.0,0.6044,long_nclose,0.0,0.0,15.0
1693672200000.0,352350,1693672200000.0,0.0,-0.013237884,1323.3222623659976,1323.3222623659976,108.9,0.6078,108.9,0.6078,long_ientry_normal,66.18942,0.05001761240051871,142.0
1693722600000.0,353190,1693722600000.0,0.04624000000000095,-0.0033156800000000005,1323.3651866859975,1323.5040766859975,-27.2,0.6095,81.7,0.6078,long_nclose,49.65726,0.037523474623322145,840.0
1693722660000.0,353191,1693722660000.0,0.03468000000000071,-0.00248676,1323.3973799259975,1323.4954599259975,-20.4,0.6095,61.3,0.6078,long_nclose,37.25814,0.028153403176665967,1.0
1693723080000.0,353198,1693723080000.0,0.026010000000000533,-0.0018650700000000001,1323.4215248559976,1323.5135248559977,-15.3,0.6095,46.0,0.6078,long_nclose,27.9588,0.021126148755244264,7.0
1693723320000.0,353202,1693723320000.0,0.0195500000000004,-0.0014018500000000003,1323.4396730059975,1323.5017730059976,-11.5,0.6095,34.5,0.6078,long_nclose,20.9691,0.015844394291408683,4.0
1693728600000.0,353290,1693728600000.0,0.0,-0.009056627999999999,1323.4306163779975,1323.3535763779976,74.7,0.6062,109.2,0.6067054945054945,long_ientry_partial,66.25224,0.050060984822401206,88.0
1693739700000.0,353475,1693739700000.0,0.0462600000000018,-0.0033218640000000003,1323.4735545139974,1323.6123345139974,-27.3,0.6084,81.9,0.6067054945054945,long_nclose,49.68918,0.03754452050101351,185.0
1693739760000.0,353476,1693739760000.0,0.03456791208791343,-0.002482272,1323.5056401540853,1323.6344522419975,-20.4,0.6084,61.5,0.6067054945054945,long_nclose,37.312387912087914,0.02819208832970589,1.0
1693740480000.0,353488,1693740480000.0,0.025925934065935075,-0.0018617040000000005,1323.5297043841513,1323.6126105379974,-15.3,0.6084,46.2,0.6067054945054945,long_nclose,28.029793846153847,0.021178061779275538,12.0
1693740960000.0,353496,1693740960000.0,0.019486813186813945,-0.0013993200000000003,1323.547791877338,1323.6100612179976,-11.5,0.6084,34.7,0.6067054945054945,long_nclose,21.05268065934066,0.015906248938301844,8.0
1693743960000.0,353546,1693743960000.0,0.01457274725274782,-0.001046448,1323.561318176591,1323.6081547699976,-8.6,0.6084,26.1,0.6067054945054945,long_nclose,15.835013406593408,0.011963943936053201,50.0
1693745880000.0,353578,1693745880000.0,0.0,-0.010067900000000001,1323.551250276591,1323.4913368699974,83.0,0.6065,109.1,0.6065491604637343,long_ientry_partial,66.1745134065934,0.04999769626810031,32.0
1693749360000.0,353636,1693749360000.0,0.0449028353864259,-0.0033086079999999998,1323.5928445039774,1323.7362382619976,-27.2,0.6082,81.9,0.6065491604637343,long_nclose,49.676376241979845,0.03753146328061051,58.0
1693751280000.0,353668,1693751280000.0,0.0,-0.0032988160000000004,1323.5895456879773,1323.5664194459976,27.2,0.6064,109.1,0.6065119728870747,long_ientry_partial,66.17045624197985,0.049993184410946426,32.0
1693751880000.0,353678,1693751880000.0,0.0459143374715671,-0.0033086079999999998,1323.6321514174488,1323.7785908379974,-27.2,0.6082,81.9,0.6065119728870747,long_nclose,49.673330579451424,0.037528047748203563,10.0
1693752960000.0,353696,1693752960000.0,0.034435753103675325,-0.002481456,1323.6641057145525,1323.7863693819975,-20.4,0.6082,61.5,0.6065119728870747,long_nclose,37.300486332555096,0.028179721858076073,18.0
1693753620000.0,353707,1693753620000.0,0.025826814827756495,-0.0018610920000000002,1323.6880714373804,1323.7706782899975,-15.3,0.6082,46.2,0.6065119728870747,long_nclose,28.02085314738285,0.0211687736348302,11.0
1693755060000.0,353731,1693755060000.0,0.019412311798640502,-0.00139886,1323.7060848891788,1323.7577194299972,-11.5,0.6082,34.7,0.6065119728870747,long_nclose,21.045965459181495,0.0158992737885189,24.0
1693755600000.0,353740,1693755600000.0,0.0,-0.009024720000000002,1323.6970601691787,1323.6639147099972,74.4,0.6065,109.1,0.6065038080584922,long_ientry_partial,66.1695654591815,0.04998845087011413,9.0
1693765080000.0,353898,1693765080000.0,0.04613642080900995,-0.0033086079999999998,1323.7398879819877,1323.9688961019972,-27.2,0.6082,81.9,0.6065038080584922,long_nclose,49.67266187999052,0.03752448825555555,158.0
1693765680000.0,353908,1693765680000.0,0.03460231560675746,-0.002481456,1323.7720088415945,1323.8824746459973,-20.4,0.6082,61.5,0.6065038080584922,long_nclose,37.299984195597276,0.028177045553514704,10.0
1693765800000.0,353910,1693765800000.0,0.025951736705068097,-0.0018610920000000002,1323.7960994862997,1323.8837035539973,-15.3,0.6082,46.2,0.6065038080584922,long_nclose,28.020475932302343,0.02116676121283007,2.0
1693766220000.0,353917,1693766220000.0,0.019506207327338765,-0.00139886,1323.814206833627,1323.8834746939972,-11.5,0.6082,34.7,0.6065038080584922,long_nclose,21.045682139629683,0.015897761204699507,7.0
1693773300000.0,354035,1693773300000.0,0.01458725069696638,-0.001046104,1323.827747980324,1323.8772385899972,-8.6,0.6082,26.1,0.6065038080584922,long_nclose,15.829749390326649,0.011957559746331836,118.0
1693774260000.0,354051,1693774260000.0,0.04607686989111756,-0.001064532,1323.872760318215,1323.959694057997,-8.7,0.6118,17.4,0.6065038080584922,long_nclose,10.553166260217765,0.007971435455535119,16.0
1693788240000.0,354284,1693788240000.0,0.030717913260745043,-0.000709688,1323.9027685434758,1323.9711643699973,-5.8,0.6118,11.6,0.6065038080584922,long_nclose,7.03544417347851,0.005314169847396518,233.0
1693788540000.0,354289,1693788540000.0,0.02012552937772951,-0.000464968,1323.9224291048536,1323.9668594019972,-3.8,0.6118,7.8,0.6065038080584922,long_nclose,4.730729702856239,0.003573268039619842,5.0
1693789080000.0,354298,1693789080000.0,0.013770099047920193,-0.00031813600000000006,1323.9358810679014,1323.9644612659972,-2.6,0.6118,5.2,0.6065038080584922,long_nclose,3.15381980190416,0.00238215448875081,9.0
1693791240000.0,354334,1693791240000.0,0.009003526300563202,-0.000208012,1323.944676582202,1323.9628632539973,-1.7,0.6118,3.5,0.6065038080584922,long_nclose,2.122763328204723,0.0016033625617081616,36.0
1693791360000.0,354336,1693791360000.0,0.005825811135658544,-0.000134596,1323.9503677973378,1323.9649986579973,-1.1,0.6118,2.4,0.6065038080584922,long_nclose,1.4556091393403814,0.0010994438875847627,2.0
1693794660000.0,354391,1693794660000.0,0.010675430329809244,-0.00014769599999999998,1323.9608955316676,1323.9718109619973,-1.2,0.6154,1.2,0.6065038080584922,long_nclose,0.7278045696701907,0.0005497175725706941,55.0
1693794840000.0,354394,1693794840000.0,0.005337715164904622,-7.384799999999999e-05,1323.9661593988324,1323.9717371139973,-0.6,0.6154,0.6,0.6065038080584922,long_nclose,0.36390228483509535,0.00027485769349295977,3.0
1693796280000.0,354418,1693796280000.0,0.00749771516490465,-7.428e-05,1323.9735828339972,1323.9735828339972,-0.6,0.619,0.0,0.6065038080584922,long_nclose,0.0,0.0,24.0
1693826280000.0,354918,1693826280000.0,0.0,-0.013239352,1323.9603434819971,1323.9603434819971,108.2,0.6118,108.2,0.6118,long_ientry_normal,66.19676,0.049999050444293106,500.0
1693906860000.0,356261,1693906860000.0,0.04590000000000094,-0.0033129000000000006,1324.0029305819971,1324.1490905819971,-27.0,0.6135,81.2,0.6118,long_nclose,49.678160000000005,0.03752118583163769,1343.0
1693907100000.0,356265,1693907100000.0,0.03451000000000071,-0.0024908100000000004,1324.0349497719972,1324.156749771997,-20.3,0.6135,60.9,0.6118,long_nclose,37.25862,0.028140208841478127,4.0
1693907580000.0,356273,1693907580000.0,0.02584000000000053,-0.0018650400000000003,1324.0589247319972,1324.1548947319973,-15.2,0.6135,45.7,0.6118,long_nclose,27.95926,0.021116326077148896,8.0
1693908240000.0,356284,1693908240000.0,0.019380000000000397,-0.0013987800000000003,1324.076905951997,1324.1420759519972,-11.4,0.6135,34.3,0.6118,long_nclose,20.98474,0.01584858092884884,11.0
1693911420000.0,356337,1693911420000.0,0.06155999999999955,-0.0014072160000000002,1324.1370587359972,1324.2675887359972,-11.4,0.6172,22.9,0.6118,long_nclose,14.010219999999999,0.010580641866011936,53.0
1693911720000.0,356342,1693911720000.0,0.041039999999999695,-0.000938144,1324.1771605919973,1324.2597805919972,-7.6,0.6172,15.3,0.6118,long_nclose,9.36054,0.00706894838438023,5.0
1693911780000.0,356343,1693911780000.0,0.027539999999999797,-0.000629544,1324.2040710479973,1324.2571110479973,-5.1,0.6172,10.2,0.6118,long_nclose,6.24036,0.004712536486208862,1.0
1693911900000.0,356345,1693911900000.0,0.018359999999999866,-0.000419696,1324.2220113519973,1324.2560113519974,-3.4,0.6172,6.8,0.6118,long_nclose,4.16024,0.003141648427783269,2.0
1693913340000.0,356369,1693913340000.0,0.011879999999999913,-0.000271568,1324.2336197839973,1324.2602997839972,-2.2,0.6172,4.6,0.6118,long_nclose,2.8142799999999997,0.0021252141298595422,24.0
1693913580000.0,356373,1693913580000.0,0.00809999999999994,-0.00018516,1324.2415346239973,1324.2604446239973,-1.5,0.6172,3.1,0.6118,long_nclose,1.8965800000000002,0.0014322009621443505,4.0
1693914060000.0,356381,1693914060000.0,0.00539999999999996,-0.00012344,1324.2468111839974,1324.2592011839974,-1.0,0.6172,2.1,0.6118,long_nclose,1.28478,0.0009701967859384834,8.0
1693916400000.0,356420,1693916400000.0,0.003779999999999972,-8.6408e-05,1324.2505047759973,1324.2576447759973,-0.7,0.6172,1.4,0.6118,long_nclose,0.85652,0.0006467960532474058,39.0
1693916640000.0,356424,1693916640000.0,0.0021599999999999844,-4.9376e-05,1324.2526153999972,1324.2583153999972,-0.4,0.6172,1.0,0.6118,long_nclose,0.6118,0.00046199644454936775,4.0
1693917840000.0,356444,1693917840000.0,0.001619999999999988,-3.7032e-05,1324.2541983679973,1324.2581183679974,-0.3,0.6172,0.7,0.6118,long_nclose,0.42826,0.0003233971246062765,20.0
1693918260000.0,356451,1693918260000.0,0.0010799999999999922,-2.4688e-05,1324.2552536799974,1324.2581536799973,-0.2,0.6172,0.5,0.6118,long_nclose,0.3059,0.0002309977620628114,7.0
1693920720000.0,356492,1693920720000.0,0.0005399999999999961,-1.2344e-05,1324.2557813359974,1324.2579013359975,-0.1,0.6172,0.4,0.6118,long_nclose,0.24472000000000002,0.00018479813601652559,41.0
1693921920000.0,356512,1693921920000.0,0.0005399999999999961,-1.2344e-05,1324.2563089919975,1324.2579589919974,-0.1,0.6172,0.3,0.6118,long_nclose,0.18354,0.00013859854678714554,20.0
1693922040000.0,356514,1693922040000.0,0.0005399999999999961,-1.2344e-05,1324.2568366479975,1324.2579166479975,-0.1,0.6172,0.2,0.6118,long_nclose,0.12236000000000001,9.239899437462725e-05,2.0
1693922100000.0,356515,1693922100000.0,0.0005399999999999961,-1.2344e-05,1324.2573643039975,1324.2579043039975,-0.1,0.6172,0.1,0.6118,long_nclose,0.061180000000000005,4.619947877892675e-05,1.0
1693923060000.0,356531,1693923060000.0,0.0005399999999999961,-1.2344e-05,1324.2578919599976,1324.2578919599976,-0.1,0.6172,0.0,0.6118,long_nclose,0.0,0.0,16.0
1693977360000.0,357436,1693977360000.0,0.0,-0.013240080000000001,1324.2446518799975,1324.2659518799976,106.5,0.6216,106.5,0.6216,long_ientry_normal,66.2004,0.04999106464656431,905.0
1693977780000.0,357443,1693977780000.0,0.04521999999999798,-0.003315956,1324.2865559239974,1324.3904259239973,-26.6,0.6233,79.9,0.6216,long_nclose,49.66584000000001,0.03750384671491779,7.0
1693979520000.0,357472,1693979520000.0,0.0,-0.003306912000000001,1324.2832490119974,1324.2832490119974,26.6,0.6216,106.5,0.6216,long_ientry_partial,66.2004,0.0499896076231349,29.0
1693984620000.0,357557,1693984620000.0,0.04521999999999798,-0.003315956,1324.3251530559974,1324.5089230559975,-26.6,0.6233,79.9,0.6216,long_nclose,49.66584000000001,0.037502753674497305,85.0
1693985340000.0,357569,1693985340000.0,0.03382999999999848,-0.0024807339999999996,1324.3565023219974,1324.4705023219974,-19.9,0.6233,60.0,0.6216,long_nclose,37.296,0.02816160145293872,12.0
1693986000000.0,357580,1693986000000.0,0.025499999999998857,-0.0018698999999999999,1324.3801324219974,1324.4701324219973,-15.0,0.6233,45.0,0.6216,long_nclose,27.972,0.02112082423710587,11.0
1693986360000.0,357586,1693986360000.0,0.019039999999999144,-0.001396192,1324.3977762299974,1324.4484762299974,-11.2,0.6233,33.8,0.6216,long_nclose,21.01008,0.01586387441679859,6.0
1693987140000.0,357599,1693987140000.0,0.0,-0.009038064000000002,1324.3887381659974,1324.3780881659975,72.7,0.6216,106.5,0.6216,long_ientry_partial,66.2004,0.049985625890834565,13.0
1693990440000.0,357654,1693990440000.0,0.04521999999999798,-0.003315956,1324.4306422099974,1324.5744622099974,-26.6,0.6233,79.9,0.6216,long_nclose,49.66584000000001,0.037499766629625564,55.0
1693991220000.0,357667,1693991220000.0,0.03382999999999848,-0.0024807339999999996,1324.4619914759974,1324.6119914759975,-19.9,0.6233,60.0,0.6216,long_nclose,37.296,0.028159358471613716,13.0
1693992420000.0,357687,1693992420000.0,0.025499999999998857,-0.0018698999999999999,1324.4856215759974,1324.5801215759973,-15.0,0.6233,45.0,0.6216,long_nclose,27.972,0.021119142061139396,20.0
1694001960000.0,357846,1694001960000.0,0.0809999999999994,-0.0018809999999999999,1324.5647405759973,1324.6997405759973,-15.0,0.627,30.0,0.6216,long_nclose,18.648,0.01407858704731244,159.0
1694003040000.0,357864,1694003040000.0,0.053999999999999604,-0.001254,1324.6174865759974,1324.7274865759973,-10.0,0.627,20.0,0.6216,long_nclose,12.432,0.009385350960551991,18.0
1694003220000.0,357867,1694003220000.0,0.035639999999999734,-0.0008276399999999999,1324.6522989359976,1324.7259989359975,-6.6,0.627,13.4,0.6216,long_nclose,8.32944,0.006288019887702206,3.0
1694004180000.0,357883,1694004180000.0,0.023759999999999826,-0.0005517600000000001,1324.6755071759976,1324.7268071759977,-4.4,0.627,9.0,0.6216,long_nclose,5.5944,0.00422322294757785,16.0
1694007900000.0,357945,1694007900000.0,0.01619999999999988,-0.00037620000000000004,1324.6913309759977,1324.7201309759978,-3.0,0.627,6.0,0.6216,long_nclose,3.7296000000000005,0.0028154483333503277,62.0
1694009040000.0,357964,1694009040000.0,0.0,-0.012503816000000003,1324.6788271599978,1324.6747871599978,100.4,0.6227,106.4,0.622637969924812,long_ientry_partial,66.24868000000001,0.050011126200327154,19.0
1694009340000.0,357969,1694009340000.0,0.04686999999999913,-0.0033218080000000003,1324.7223753519977,1324.9747053519977,-26.6,0.6244,79.8,0.622637969924812,long_nclose,49.68651,0.037507111621631346,5.0
1694009580000.0,357973,1694009580000.0,0.03506439849623994,-0.002485112,1324.754954638494,1324.9084202399977,-19.9,0.6244,59.9,0.622637969924812,long_nclose,37.29601439849624,0.028153142034236644,4.0
1694009940000.0,357979,1694009940000.0,0.02625424812030026,-0.0018607119999999998,1324.7793481746141,1324.8721395279977,-14.9,0.6244,45.0,0.622637969924812,long_nclose,28.018708646616542,0.021149717260631317,6.0
1694010240000.0,357984,1694010240000.0,0.0,-0.007647984,1324.7717001906142,1324.8534715439976,61.4,0.6228,106.4,0.6227314722426367,long_ientry_partial,66.25862864661654,0.050015129880177055,5.0
1694012460000.0,358021,1694012460000.0,0.04704283834586534,-0.003322340000000001,1324.8154206889599,1325.0203892039974,-26.6,0.6245,79.8,0.6227314722426367,long_nclose,49.693971484962404,0.03751010949066357,37.0
1694013240000.0,358034,1694013240000.0,0.0,-0.0033132960000000007,1324.81210739296,1324.8069359079975,26.6,0.6228,106.4,0.6227486041819774,long_ientry_partial,66.2604514849624,0.05001498032453331,13.0
1694014980000.0,358063,1694014980000.0,0.046587128759402185,-0.003322340000000001,1324.8553721817193,1325.0350335679975,-26.6,0.6245,79.8,0.6227486041819774,long_nclose,49.695338613721795,0.03751001026767584,29.0
1694015520000.0,358072,1694015520000.0,0.03485277677865051,-0.0024855100000000002,1324.887739448498,1325.0046280579975,-19.9,0.6245,59.9,0.6227486041819774,long_nclose,37.30264139050045,0.028155322356615786,9.0
1694016180000.0,358083,1694016180000.0,0.0,-0.00579204,1324.881947408498,1324.8531060179976,46.5,0.6228,106.4,0.6227710657001921,long_ientry_partial,66.26284139050044,0.050014147690752526,11.0
1694021880000.0,358178,1694021880000.0,0.04598965237489057,-0.003322340000000001,1324.9246147208728,1325.0705636779974,-26.6,0.6245,79.8,0.6227710657001921,long_nclose,49.697131042875334,0.03750940279220734,95.0
1694022600000.0,358190,1694022600000.0,0.034405792566177526,-0.0024855100000000002,1324.9565350034388,1325.0481181679972,-19.9,0.6245,59.9,0.6227710657001921,long_nclose,37.303986835441506,0.028154875914736845,12.0
1694022780000.0,358193,1694022780000.0,0.02576112106713795,-0.0018610100000000004,1324.9804351145058,1325.152737157997,-14.9,0.6245,45.0,0.6227710657001921,long_nclose,28.024697956508646,0.021151027753920557,3.0
1694022840000.0,358194,1694022840000.0,0.08143401449711762,-0.0018846000000000002,1325.0599845290028,1325.240852557997,-15.0,0.6282,30.0,0.6227710657001921,long_nclose,18.683131971005764,0.014099838640623313,1.0
1694022900000.0,358195,1694022900000.0,0.13693401449711817,-0.0018957000000000002,1325.1950228435,1325.3394568579972,-15.0,0.6319,15.0,0.6227710657001921,long_nclose,9.341565985502882,0.007049200928523319,1.0
1694023200000.0,358200,1694023200000.0,0.06846700724855909,-0.0009478500000000001,1325.2625420007485,1325.337009007997,-7.5,0.6319,7.5,0.6227710657001921,long_nclose,4.670782992751441,0.003524420893764915,5.0
1694023500000.0,358205,1694023500000.0,0.03377705690928915,-0.0004676060000000001,1325.2958514516577,1325.332441401997,-3.7,0.6319,3.8,0.6227710657001921,long_nclose,2.36653004966073,0.0017856617049457756,5.0
1694023680000.0,358208,1694023680000.0,0.017344975169634968,-0.000240122,1325.3129563048274,1325.329731279997,-1.9,0.6319,1.9,0.6227710657001921,long_nclose,1.183265024830365,0.000892819329352583,3.0
1694023920000.0,358212,1694023920000.0,0.003257360579884705,-7.5384e-05,1325.3161382814073,1325.322675895997,-0.6,0.6282,1.3,0.6227710657001921,long_nclose,0.8096023854102498,0.0006108749165765799,4.0
1694023980000.0,358213,1694023980000.0,0.0021715737199231367,-5.0256e-05,1325.3182595991275,1325.3233256399974,-0.4,0.6282,0.9,0.6227710657001921,long_nclose,0.560493959130173,0.00042291272686434357,1.0
1694025900000.0,358245,1694025900000.0,0.0016286802899423524,-3.7692e-05,1325.3198505874175,1325.3232279479973,-0.3,0.6282,0.6,0.6227710657001921,long_nclose,0.3736626394201153,0.00028194147945078915,32.0
1694030700000.0,358325,1694030700000.0,0.0010857868599615684,-2.5128e-05,1325.3209112462773,1325.3232428199972,-0.2,0.6282,0.4,0.6227710657001921,long_nclose,0.24910842628007687,0.00018796083587470564,80.0
1694036520000.0,358422,1694036520000.0,0.0005428934299807842,-1.2564e-05,1325.3214415757075,1325.3230702559974,-0.1,0.6282,0.3,0.6227710657001921,long_nclose,0.18683131971005765,0.00014097057049641427,97.0
1694036640000.0,358424,1694036640000.0,0.0005428934299807842,-1.2564e-05,1325.3219719051376,1325.3231576919975,-0.1,0.6282,0.2,0.6227710657001921,long_nclose,0.12455421314003844,9.398034272456295e-05,2.0
1694046180000.0,358583,1694046180000.0,0.0005428934299807842,-1.2564e-05,1325.3225022345678,1325.3230951279977,-0.1,0.6282,0.1,0.6227710657001921,long_nclose,0.06227710657001922,4.6990152559106585e-05,159.0
1694057640000.0,358774,1694057640000.0,0.0009128934299807879,-1.2638000000000003e-05,1325.3234024899978,1325.3234024899978,-0.1,0.6319,0.0,0.6227710657001921,long_nclose,0.0,0.0,191.0
1694070180000.0,358983,1694070180000.0,0.0,-0.01325478,1325.3101477099979,1325.267867709998,105.7,0.627,105.7,0.627,long_ientry_normal,66.2739,0.0500063325663918,209.0
1694120400000.0,359820,1694120400000.0,0.047520000000000624,-0.003320064,1325.354347645998,1325.457437645998,-26.4,0.6288,79.3,0.627,long_nclose,49.7211,0.03751532568502239,837.0
1694120760000.0,359826,1694120760000.0,0.03564000000000047,-0.0024900480000000003,1325.387497597998,1325.5124475979978,-19.8,0.6288,59.5,0.627,long_nclose,37.3065,0.0281476172573007,6.0
1694121360000.0,359836,1694121360000.0,0.108899999999999,-0.0025047000000000003,1325.493892897998,1325.724152897998,-19.8,0.6325,39.7,0.627,long_nclose,24.891900000000003,0.01877933963586774,10.0
1694122260000.0,359851,1694122260000.0,0.017820000000000235,-0.0012450240000000002,1325.510467873998,1325.5670878739982,-9.9,0.6288,29.8,0.627,long_nclose,18.6846,0.014096154238576818,15.0
1694125920000.0,359912,1694125920000.0,0.013320000000000177,-0.0009306240000000001,1325.5228572499982,1325.5721372499981,-7.4,0.6288,22.4,0.627,long_nclose,14.044799999999999,0.010595667908087306,61.0
1694128440000.0,359954,1694128440000.0,0.010080000000000132,-0.000704256,1325.5322329939982,1325.5624729939982,-5.6,0.6288,16.8,0.627,long_nclose,10.5336,0.007946694722170286,42.0
1694128560000.0,359956,1694128560000.0,0.0075600000000001005,-0.000528192,1325.5392648019981,1325.5619448019982,-4.2,0.6288,12.6,0.627,long_nclose,7.9002,0.00595998942451553,2.0
1694131020000.0,359997,1694131020000.0,0.005580000000000074,-0.00038985600000000006,1325.544454945998,1325.565354945998,-3.1,0.6288,9.5,0.627,long_nclose,5.9565,0.004493625225298585,41.0
1694133060000.0,360031,1694133060000.0,0.004140000000000054,-0.00028924800000000003,1325.548305697998,1325.5641456979981,-2.3,0.6288,7.2,0.627,long_nclose,4.5144,0.0034056850139632133,34.0
1694133720000.0,360042,1694133720000.0,0.013199999999999878,-0.00030359999999999995,1325.5612020979981,1325.5890420979981,-2.4,0.6325,4.8,0.627,long_nclose,3.0096,0.002270434586676671,11.0
1694133900000.0,360045,1694133900000.0,0.008799999999999919,-0.00020240000000000001,1325.5697996979982,1325.589639697998,-1.6,0.6325,3.2,0.627,long_nclose,2.0064,0.0015136132404775019,3.0
1694134260000.0,360051,1694134260000.0,0.005499999999999949,-0.00012649999999999998,1325.575173197998,1325.587713197998,-1.0,0.6325,2.2,0.627,long_nclose,1.3794000000000002,0.0010406048844986647,6.0
1694135400000.0,360070,1694135400000.0,0.003849999999999964,-8.854999999999998e-05,1325.578934647998,1325.587484647998,-0.7,0.6325,1.5,0.627,long_nclose,0.9405,0.0007095013170601914,19.0
1694138520000.0,360122,1694138520000.0,0.0027499999999999747,-6.324999999999999e-05,1325.581621397998,1325.587421397998,-0.5,0.6325,1.0,0.627,long_nclose,0.627,0.00047299991934012106,52.0
1694140860000.0,360161,1694140860000.0,0.0016499999999999848,-3.7949999999999994e-05,1325.583233447998,1325.587363447998,-0.3,0.6325,0.7,0.627,long_nclose,0.43889999999999996,0.00033109954088538776,39.0
1694142660000.0,360191,1694142660000.0,0.0010999999999999899,-2.5300000000000002e-05,1325.584308147998,1325.587258147998,-0.2,0.6325,0.5,0.627,long_nclose,0.3135,0.00023649948032200042,30.0
1694143860000.0,360211,1694143860000.0,0.0005499999999999949,-1.2650000000000001e-05,1325.584845497998,1325.587085497998,-0.1,0.6325,0.4,0.627,long_nclose,0.2508,0.00018919950756209728,20.0
1694144040000.0,360214,1694144040000.0,0.0005499999999999949,-1.2650000000000001e-05,1325.585382847998,1325.587092847998,-0.1,0.6325,0.3,0.627,long_nclose,0.1881,0.00014189957314999225,3.0
1694150220000.0,360317,1694150220000.0,0.0009199999999999986,-1.2724e-05,1325.586290123998,1325.588150123998,-0.1,0.6362,0.2,0.627,long_nclose,0.1254,9.459965068608988e-05,103.0
1694151300000.0,360335,1694151300000.0,0.0009199999999999986,-1.2724e-05,1325.5871973999979,1325.5881173999978,-0.1,0.6362,0.1,0.627,long_nclose,0.0627,4.729979296947011e-05,18.0
1694151360000.0,360336,1694151360000.0,0.0009199999999999986,-1.2724e-05,1325.5881046759978,1325.5881046759978,-0.1,0.6362,0.0,0.627,long_nclose,0.0,0.0,1.0
1694167380000.0,360603,1694167380000.0,0.0,-0.013250992000000003,1325.5748536839978,1325.711613683998,105.2,0.6298,105.2,0.6298,long_ientry_normal,66.25496000000001,0.049982058588291876,267.0
1694177100000.0,360765,1694177100000.0,0.047340000000000625,-0.0033222160000000002,1325.618871467998,1325.768781467998,-26.3,0.6316,78.9,0.6298,long_nclose,49.69122000000001,0.03748529918329517,162.0
1694177700000.0,360775,1694177700000.0,0.03546000000000047,-0.0024885040000000003,1325.651842963998,1325.746562963998,-19.7,0.6316,59.2,0.6298,long_nclose,37.28416,0.02812515231498272,10.0
1694177760000.0,360776,1694177760000.0,0.026640000000000354,-0.0018695360000000002,1325.676613427998,1325.765413427998,-14.8,0.6316,44.4,0.6298,long_nclose,27.96312,0.021093470094257473,1.0
1694178840000.0,360794,1694178840000.0,0.019980000000000265,-0.001402152,1325.695191275998,1325.7651212759981,-11.1,0.6316,33.3,0.6298,long_nclose,20.97234,0.015819880873079024,18.0
1694179380000.0,360803,1694179380000.0,0.0149400000000002,-0.0010484560000000003,1325.709082819998,1325.759082819998,-8.3,0.6316,25.0,0.6298,long_nclose,15.745000000000001,0.0118766629904261,9.0
1694184480000.0,360888,1694184480000.0,0.0,-0.010103596000000001,1325.698979223998,1325.7119992239982,80.2,0.6299,105.2,0.6298762357414449,long_ientry_partial,66.26298000000001,0.049983428393968625,85.0
1694184720000.0,360892,1694184720000.0,0.04533500000000014,-0.0033222160000000002,1325.740992007998,1325.845437007998,-26.3,0.6316,78.9,0.6298762357414449,long_nclose,49.697235000000006,0.03748638331287277,4.0
1694185380000.0,360903,1694185380000.0,0.0,-0.003313274,1325.737678733998,1325.7185137339982,26.3,0.6299,105.2,0.6298821768060837,long_ientry_partial,66.26360500000001,0.04998244076707383,11.0
1694186220000.0,360917,1694186220000.0,0.0451787499999996,-0.0033222160000000002,1325.7795352679982,1325.9229615179981,-26.3,0.6316,78.9,0.6298821768060837,long_nclose,49.69770375000001,0.03748564706872921,14.0
1694187120000.0,360932,1694187120000.0,0.03384111692015179,-0.0024885040000000003,1325.8108878809185,1325.9185030139984,-19.7,0.6316,59.2,0.6298821768060837,long_nclose,37.28902486692016,0.028125447760140417,15.0
1694188380000.0,360953,1694188380000.0,0.0,-0.005796,1325.8050918809186,1325.8015470139983,46.0,0.63,105.2,0.6299336964536136,long_ientry_partial,66.26902486692016,0.04998398729401797,21.0
1694191500000.0,361005,1694191500000.0,0.04645378326996246,-0.0033227420000000005,1325.8482229221886,1325.9954742719985,-26.3,0.6317,78.9,0.6299336964536136,long_nclose,49.70176865019012,0.037486770952293996,52.0
1694191920000.0,361012,1694191920000.0,0.0,-0.0033138,1325.8449091221887,1325.8080604719987,26.3,0.63,105.2,0.6299502723402102,long_ientry_partial,66.2707686501901,0.04998380141917689,7.0
1694205360000.0,361236,1694205360000.0,0.04601783745247353,-0.0033227420000000005,1325.8876042176412,1326.0414377299985,-26.3,0.6317,78.9,0.6299502723402102,long_nclose,49.70307648764258,0.037486643912755024,224.0
1694205480000.0,361238,1694205480000.0,0.0344696348978604,-0.0024888980000000002,1325.9195849545392,1326.0231688319989,-19.7,0.6317,59.2,0.6299502723402102,long_nclose,37.29305612254044,0.02812618242140158,2.0
1694205540000.0,361239,1694205540000.0,0.02589596936489005,-0.0018698320000000003,1325.9436110919041,1326.0301789999987,-14.8,0.6317,44.4,0.6299502723402102,long_nclose,27.96979209190533,0.021094254580609522,1.0
1694205960000.0,361246,1694205960000.0,0.019421977023667537,-0.001402374,1325.9616306949279,1326.0232266259989,-11.1,0.6317,33.3,0.6299502723402102,long_nclose,20.977344068928996,0.01582047593483901,7.0
1694209920000.0,361312,1694209920000.0,0.014522739576255907,-0.0010486220000000001,1325.975104812504,1326.0213480039988,-8.3,0.6317,25.0,0.6299502723402102,long_nclose,15.748756808505254,0.011877113492814909,66.0
1694221380000.0,361503,1694221380000.0,0.010848311490697182,-0.0007833080000000001,1325.9851698159946,1326.0237046959987,-6.2,0.6317,18.8,0.6299502723402102,long_nclose,11.843065119995952,0.008931521550606331,191.0
1694230200000.0,361650,1694230200000.0,0.034408311490696654,-0.00078802,1326.0187901074853,1326.0912366759987,-6.2,0.6355,12.6,0.6299502723402102,long_nclose,7.937373431486648,0.005985867991239593,147.0
1694230500000.0,361655,1694230500000.0,0.02330885617111709,-0.00053382,1326.0415651436563,1326.0890228559986,-4.2,0.6355,8.4,0.6299502723402102,long_nclose,5.291582287657766,0.0039905101218184694,5.0
1694232420000.0,361687,1694232420000.0,0.01553923744741139,-0.00035587999999999993,1326.0567485011038,1326.0872669759985,-2.8,0.6355,5.6,0.6299502723402102,long_nclose,3.527721525105177,0.002660309620302981,32.0
1694232660000.0,361691,1694232660000.0,0.00998950978762161,-0.00022878,1326.0665092308914,1326.0879781959986,-1.8,0.6355,3.8,0.6299502723402102,long_nclose,2.3938110348927983,0.0018051968119466276,4.0
1694233560000.0,361706,1694233560000.0,0.006659673191747739,-0.00015251999999999998,1326.073016384083,1326.0882256759985,-1.2,0.6355,2.6,0.6299502723402102,long_nclose,1.6378707080845465,0.001235128599894649,15.0
1694234040000.0,361714,1694234040000.0,0.0044397821278318265,-0.00010168,1326.0773544862109,1326.0875239959985,-0.8,0.6355,1.8,0.6299502723402102,long_nclose,1.1339104902123784,0.0008550862333756634,8.0
1694234460000.0,361721,1694234460000.0,0.0033298365958738694,-7.625999999999999e-05,1326.0806080628067,1326.0873877359984,-0.6,0.6355,1.2,0.6299502723402102,long_nclose,0.7559403268082522,0.0005700560902648,7.0
1694237760000.0,361776,1694237760000.0,0.005549836595873892,-7.6704e-05,1326.0860811954026,1326.0905510319985,-0.6,0.6392,0.6,0.6299502723402102,long_nclose,0.3779701634041261,0.00028502686874098265,55.0
1694238780000.0,361793,1694238780000.0,0.0011099455319579566,-2.542e-05,1326.0871657209345,1326.0891856119983,-0.2,0.6355,0.4,0.6299502723402102,long_nclose,0.2519801089360841,0.00019001775708996755,17.0
1694239200000.0,361800,1694239200000.0,0.0005549727659789783,-1.271e-05,1326.0877079837005,1326.0894029019985,-0.1,0.6355,0.3,0.6299502723402102,long_nclose,0.18898508170206305,0.0001425132595410393,7.0
1694241960000.0,361846,1694241960000.0,0.0005549727659789783,-1.271e-05,1326.0882502464665,1326.0893801919985,-0.1,0.6355,0.2,0.6299502723402102,long_nclose,0.12599005446804204,9.500880084310042e-05,46.0
1694242200000.0,361850,1694242200000.0,0.0005549727659789783,-1.271e-05,1326.0887925092325,1326.0893574819984,-0.1,0.6355,0.1,0.6299502723402102,long_nclose,0.06299502723402102,4.75043809961032e-05,4.0
1694244120000.0,361882,1694244120000.0,0.0005549727659789783,-1.271e-05,1326.0893347719984,1326.0893347719984,-0.1,0.6355,0.0,0.6299502723402102,long_nclose,0.0,0.0,32.0
1694265840000.0,362244,1694265840000.0,0.0,-0.01326549,1326.0760692819983,1326.0760692819983,104.7,0.6335,104.7,0.6335,long_ientry_normal,66.32745,0.05001783196035872,362.0
1694271840000.0,362344,1694271840000.0,0.046980000000000625,-0.0033162660000000004,1326.1197330159985,1326.2612130159985,-26.1,0.6353,78.6,0.6335,long_nclose,49.793099999999995,0.037547967020108645,100.0
1694271900000.0,362345,1694271900000.0,0.03528000000000047,-0.0024903760000000003,1326.1525226399986,1326.2764226399986,-19.6,0.6353,59.0,0.6335,long_nclose,37.3765,0.0281841638589156,1.0
1694272560000.0,362356,1694272560000.0,0.026460000000000348,-0.0018677819999999997,1326.1771148579985,1326.2834348579986,-14.7,0.6353,44.3,0.6335,long_nclose,28.064049999999995,0.02116161535708975,11.0
1694274960000.0,362396,1694274960000.0,0.019800000000000262,-0.00139766,1326.1955171979985,1326.2587871979986,-11.0,0.6353,33.3,0.6335,long_nclose,21.095549999999996,0.015906817453712196,40.0
1694275200000.0,362400,1694275200000.0,0.0149400000000002,-0.0010545980000000001,1326.2094025999984,1326.2719025999984,-8.3,0.6353,25.0,0.6335,long_nclose,15.837499999999999,0.011941930112206262,4.0
1694275860000.0,362411,1694275860000.0,0.011160000000000147,-0.0007877720000000001,1326.2197748279984,1326.2573748279985,-6.2,0.6353,18.8,0.6335,long_nclose,11.909799999999999,0.008980261210133605,11.0
1694276880000.0,362428,1694276880000.0,0.008460000000000112,-0.000597182,1326.2276376459984,1326.2516076459983,-4.7,0.6353,14.1,0.6335,long_nclose,8.93235,0.006735155976582246,17.0
1694277060000.0,362431,1694277060000.0,0.006300000000000083,-0.00044471,1326.2334929359984,1326.2589329359982,-3.5,0.6353,10.6,0.6335,long_nclose,6.7151,0.005063286393962347,3.0
1694279880000.0,362478,1694279880000.0,0.0,-0.01192247,1326.2215704659984,1326.2006304659983,94.1,0.6335,104.7,0.6335,long_ientry_partial,66.32745,0.05001234445062926,47.0
1694318820000.0,363127,1694318820000.0,0.0,-0.018197906,1326.2033725599983,1323.8151525599983,148.7,0.6119,253.4,0.6208247040252565,long_rentry,157.31698,0.11862206299198871,649.0
1694319720000.0,363142,1694319720000.0,0.0,-0.043070399999999995,1326.1603021599983,1318.7710221599982,360.0,0.5982,613.4,0.6075464297358983,long_rentry,372.66898000000003,0.28101352407624575,15.0
1694324760000.0,363226,1694324760000.0,0.25349232148677875,-0.018678072,1326.3951164094851,1327.1559240879983,-153.3,0.6092,460.1,0.6075464297358983,long_nclose,279.53211232148686,0.21074573395457952,84.0
1694325120000.0,363232,1694325120000.0,0.1901605803716866,-0.014011599999999999,1326.5712653898568,1328.9364324879982,-115.0,0.6092,345.1,0.6075464297358983,long_nclose,209.66427290185854,0.15804976209871527,6.0
1694325120000.0,363232,1694325120000.0,0.6156605803716908,-0.014096700000000002,1327.1728292702285,1328.7498357879983,-115.0,0.6129,230.1,0.6075464297358983,long_nclose,139.7964334822302,0.1053340080501045,0.0
1694325300000.0,363235,1694325300000.0,0.41061883925659726,-0.009401886000000002,1327.574046223485,1328.2879039019983,-76.7,0.6129,153.4,0.6075464297358983,long_nclose,93.1976223214868,0.07020144946837702,3.0
1694329200000.0,363300,1694329200000.0,0.06333174111509214,-0.004666472,1327.6327114926,1327.834547429998,-38.3,0.6092,115.1,0.6075464297358983,long_nclose,69.9285940626019,0.05267164137887519,65.0
1694329380000.0,363303,1694329380000.0,0.04745746657971656,-0.003496808,1327.67667215118,1327.8454606219982,-28.7,0.6092,86.4,0.6075464297358983,long_nclose,52.49201152918162,0.039536743116929944,3.0
1694329800000.0,363310,1694329800000.0,0.0,-0.0027328,1327.6739393511798,1327.864167821998,22.4,0.61,108.8,0.6080515765549781,long_ientry_partial,66.15601152918161,0.04982850801568897,7.0
1694329980000.0,363313,1694329980000.0,0.04755711770459587,-0.0033173119999999998,1327.7181791568844,1327.8934905099982,-27.2,0.6098,81.6,0.6080515765549781,long_nclose,49.61700864688621,0.037370135790709406,3.0
1694330400000.0,363320,1694330400000.0,0.0,-0.0033089100000000004,1327.7148702468844,1327.9037915999982,27.1,0.6105,108.7,0.6086619930716303,long_ientry_partial,66.1615586468862,0.049831149842122106,7.0
1694334180000.0,363383,1694334180000.0,0.047099987758821155,-0.0033083680000000008,1327.7586618666433,1327.9086432319982,-27.1,0.6104,81.6,0.6086619930716303,long_nclose,49.666818634645026,0.037406510732018436,63.0
1694334360000.0,363386,1694334360000.0,0.0,-0.0033089100000000004,1327.7553529566433,1327.9270743219981,27.1,0.6105,108.7,0.6091202266296691,long_ientry_partial,66.21136863464504,0.04986714494293371,3.0
1694335560000.0,363406,1694335560000.0,0.04552185833596665,-0.0033105360000000006,1327.797564278979,1327.967273785998,-27.1,0.6108,81.6,0.6091202266296691,long_nclose,49.704210492981,0.037433575591751735,20.0
1694335740000.0,363409,1694335740000.0,0.0,-0.0033004799999999997,1327.794263798979,1327.9531133059982,27.0,0.6112,108.6,0.6096372973570994,long_ientry_partial,66.20661049298099,0.04986210009942046,3.0
1694335920000.0,363412,1694335920000.0,0.04505924162260577,-0.003313246,1327.8360097946015,1327.979670059998,-27.1,0.6113,81.5,0.6096372973570994,long_nclose,49.6854397346036,0.03741835540541582,3.0
1694335980000.0,363413,1694335980000.0,0.0,-0.0033137880000000002,1327.8326960066015,1327.954636271998,27.1,0.6114,108.6,0.6100771614604383,long_ientry_partial,66.2543797346036,0.04989663225936576,1.0
1694336040000.0,363414,1694336040000.0,0.04668892442212146,-0.003315956,1327.8760689750236,1328.057230315998,-27.1,0.6118,81.5,0.6100771614604383,long_nclose,49.721288659025724,0.037444223765102695,1.0
1694336100000.0,363415,1694336100000.0,0.0,-0.0032941739999999995,1327.8727748010235,1328.043096141998,26.9,0.6123,108.4,0.6106287699172114,long_ientry_partial,66.19215865902572,0.049848268535322864,1.0
1694336220000.0,363417,1694336220000.0,0.04529033524357045,-0.0033186659999999996,1327.9147464702671,1328.0750074759978,-27.1,0.6123,81.3,0.6106287699172114,long_nclose,49.644118994269284,0.03738501972828332,2.0
1694336340000.0,363419,1694336340000.0,0.0,-0.0033197500000000007,1327.9114267202672,1328.0527177259978,27.1,0.6125,108.4,0.6110965774379085,long_ientry_partial,66.24286899426929,0.049885005627128894,2.0
1694337960000.0,363446,1694337960000.0,0.046162751432681004,-0.003321376,1327.9542680956997,1328.1252763499976,-27.1,0.6128,81.3,0.6110965774379085,long_nclose,49.68215174570196,0.037412547208381414,27.0
1694338080000.0,363448,1694338080000.0,0.0,-0.0033186659999999996,1327.9509494296997,1328.0379476839978,27.1,0.6123,108.4,0.6113974330784313,long_ientry_partial,66.27548174570195,0.049908079642673964,2.0
1694347200000.0,363600,1694347200000.0,0.04613956357451099,-0.0033230020000000007,1327.9937659912744,1328.172834681998,-27.1,0.6131,81.3,0.6113974330784313,long_nclose,49.70661130927646,0.03742985289706779,152.0
1694349360000.0,363636,1694349360000.0,0.034562108507844025,-0.0024891860000000004,1328.025838913782,1328.1418954959977,-20.3,0.6131,61.0,0.6113974330784313,long_nclose,37.29524341778431,0.02808322121826245,36.0
1694351760000.0,363676,1694351760000.0,0.0,-0.00581495,1328.020023963782,1327.9543805459978,47.5,0.6121,108.5,0.6117050084588416,long_ientry_partial,66.36999341778431,0.049976651119828575,40.0
1694424240000.0,364884,1694424240000.0,0.0,-0.018211538,1328.001812425782,1325.4293490079976,154.1,0.5909,262.6,0.5994961287805952,long_rentry,157.42768341778432,0.11854478054530704,1208.0
1694427720000.0,364942,1694427720000.0,0.0,-0.04308896,1327.958723465782,1325.4503600479977,373.0,0.5776,635.6,0.5866464496818506,long_rentry,372.8724834177843,0.28078619977331865,58.0
1694428500000.0,364955,1694428500000.0,0.2627491455539396,-0.018696174000000003,1328.2027764373358,1328.9910238739976,-158.9,0.5883,476.7,0.5866464496818506,long_nclose,279.65436256333817,0.21055095466180285,13.0
1694428560000.0,364956,1694428560000.0,0.19693784289159344,-0.014013306000000001,1328.3857009742276,1329.1200505679979,-119.1,0.5883,357.6,0.5866464496818506,long_nclose,209.7847704062298,0.15792459242249846,1.0
1694428680000.0,364958,1694428680000.0,0.14782739844255632,-0.010518804000000001,1328.5230095686702,1328.698291763998,-89.4,0.5883,268.2,0.5866464496818506,long_nclose,157.33857780467233,0.11843120267503325,2.0
1694428800000.0,364960,1694428800000.0,0.11078787131600976,-0.00788322,1328.6259142199863,1329.059208543998,-67.0,0.5883,201.2,0.5866464496818506,long_nclose,118.03326567598835,0.08883859964848245,2.0
1694429340000.0,364969,1694429340000.0,0.08317358100291478,-0.005918298000000001,1328.703169502989,1329.0432302459978,-50.3,0.5883,150.9,0.5866464496818506,long_nclose,88.52494925699126,0.06662507570453426,9.0
1694429520000.0,364972,1694429520000.0,0.06233884699423236,-0.004435782000000001,1328.7610725679833,1328.8916544639978,-37.7,0.5883,113.2,0.5866464496818506,long_nclose,66.4083781039855,0.04997766677168205,3.0
1694430000000.0,364980,1694430000000.0,0.046795474003628004,-0.0033297780000000003,1328.8045382639868,1328.9788846859976,-28.3,0.5883,84.9,0.5866464496818506,long_nclose,49.80628357798912,0.03748202398755983,8.0
1694430060000.0,364981,1694430060000.0,0.0,-0.00329672,1328.8012415439869,1328.8062379659978,28.0,0.5887,112.9,0.5871557447120382,long_ientry_partial,66.28988357798912,0.04988698196952636,1.0
1694430540000.0,364989,1694430540000.0,0.046367999120521315,-0.003320832,1328.8442887111073,1329.0004971339977,-28.2,0.5888,84.7,0.5871557447120382,long_nclose,49.73209157710964,0.03742507079241507,8.0
1694430840000.0,364994,1694430840000.0,0.0,-0.00331018,1328.8409785311073,1328.9746269539978,28.1,0.589,112.8,0.5876151735559365,long_ientry_partial,66.28299157710964,0.04988030369922702,5.0
1694431980000.0,365013,1694431980000.0,0.04751210572259172,-0.003323652,1328.8851669848298,1329.0107833019974,-28.2,0.5893,84.6,0.5876151735559365,long_nclose,49.712243682832224,0.0374089837992749,19.0
1694432040000.0,365014,1694432040000.0,0.0,-0.0033225240000000003,1328.8818444608298,1328.9961807779976,28.2,0.5891,112.8,0.5879863801669524,long_ientry_partial,66.32486368283223,0.04991027905098844,1.0
1694432100000.0,365015,1694432100000.0,0.045504079291943486,-0.003325344,1328.9240231961219,1329.0689954339978,-28.2,0.5896,84.6,0.5879863801669524,long_nclose,49.74364776212417,0.03743152121103843,1.0
1694432220000.0,365017,1694432220000.0,0.0,-0.003314114,1328.920709082122,1329.0318713199977,28.1,0.5897,112.7,0.5884136447393449,long_ientry_partial,66.31421776212417,0.0499008084597666,2.0
1694435580000.0,365073,1694435580000.0,0.04738658282440779,-0.003316362,1328.9647793029462,1329.1243649579976,-28.1,0.5901,84.6,0.5884136447393449,long_nclose,49.77979434494857,0.03745757233013994,56.0
1694435640000.0,365074,1694435640000.0,0.0,-0.0033056800000000005,1328.9614736229462,1329.0872792779976,28.0,0.5903,112.6,0.588882720647856,long_ientry_partial,66.30819434494857,0.049894745379023366,1.0
1694435820000.0,365077,1694435820000.0,0.045445549795248175,-0.0033186100000000005,1329.0036005627414,1329.1571606679977,-28.1,0.5905,84.5,0.588882720647856,long_nclose,49.76058989474383,0.037442027902462906,3.0
1694435880000.0,365078,1694435880000.0,0.0,-0.0033079200000000002,1329.0002926427414,1329.1651027479977,28.0,0.5907,112.5,0.5893350212866117,long_ientry_partial,66.30018989474382,0.049887265083218814,1.0
1694436240000.0,365084,1694436240000.0,0.04678590184620901,-0.00332142,1329.0437571245877,1329.1927213279978,-28.1,0.591,84.4,0.5893350212866117,long_nclose,49.739875796590034,0.037425310889841,6.0
1694436300000.0,365085,1694436300000.0,0.0,-0.00331016,1329.0404469645878,1329.1444511679977,28.0,0.5911,112.4,0.5897746956991996,long_ientry_partial,66.29067579659004,0.049878599216443824,1.0
1694436720000.0,365092,1694436720000.0,0.045671050852492207,-0.003323668000000001,1329.0827943474403,1329.2366674999978,-28.1,0.5914,84.3,0.5897746956991996,long_nclose,49.718006847442524,0.03740775748425313,7.0
1694436900000.0,365095,1694436900000.0,0.0,-0.0033129600000000006,1329.0794813874404,1329.199664539998,28.0,0.5916,112.3,0.5902298027376894,long_ientry_partial,66.28280684744252,0.04987121370517975,3.0
1694437020000.0,365097,1694437020000.0,0.0467655233446953,-0.00331464,1329.122932270785,1329.2805898999977,-28.0,0.5919,84.3,0.5902298027376894,long_nclose,49.75637237078722,0.03743549310805981,2.0
1694437380000.0,365103,1694437380000.0,0.0,-0.0032959680000000002,1329.119636302785,1329.3026739319978,27.8,0.5928,112.1,0.5908671933165676,long_ientry_partial,66.23621237078721,0.04983465036679213,6.0
1694439180000.0,365133,1694439180000.0,0.04571858713610899,-0.003318,1329.1620368899212,1329.3161759319978,-28.0,0.5925,84.1,0.5908671933165676,long_nclose,49.691930957923326,0.03738590900037775,30.0
1694439540000.0,365139,1694439540000.0,0.0,-0.0033196799999999998,1329.1587172099212,1329.1755362519978,28.0,0.5928,112.1,0.5913499639422242,long_ientry_partial,66.29033095792333,0.049873901513489256,6.0
1694446320000.0,365252,1694446320000.0,0.046201009617722555,-0.0033208,1329.201597419539,1329.289905451998,-28.0,0.593,84.1,0.5913499639422242,long_nclose,49.73253196754105,0.03741534170895512,113.0
1694446500000.0,365255,1694446500000.0,0.0,-0.003346192,1329.198251227539,1329.208119259998,28.3,0.5912,112.4,0.5913122061169132,long_ientry_partial,66.46349196754105,0.05000269290616414,3.0
1694448600000.0,365290,1694448600000.0,0.04742700811473961,-0.00333266,1329.2423455756536,1329.4352065999979,-28.1,0.593,84.3,0.5913122061169132,long_nclose,49.84761897565578,0.03750077564228389,35.0
1694448840000.0,365294,1694448840000.0,0.0,-0.003322544,1329.2390230316537,1329.2520440559979,28.1,0.5912,112.4,0.5912841545876848,long_ientry_partial,66.46033897565577,0.04999878714369727,4.0
1694488620000.0,365957,1694488620000.0,0.04540525608605675,-0.003332098,1329.2810961897396,1329.2402819579977,-28.1,0.5929,84.3,0.5912841545876848,long_nclose,49.845254231741826,0.0374979034717477,663.0
1694488800000.0,365960,1694488800000.0,0.03393275365861892,-0.00249018,1329.3125387633982,1329.4654617779977,-21.0,0.5929,63.3,0.5912841545876848,long_nclose,37.42828698540045,0.02815612272808196,3.0
1694488980000.0,365963,1694488980000.0,0.11005433819985146,-0.0025172300000000005,1329.420075871598,1329.6106445479977,-21.1,0.5965,42.2,0.5912841545876848,long_nclose,24.9521913236003,0.01876923011504928,3.0
1694489040000.0,365964,1694489040000.0,0.07302183577241328,-0.0016702000000000002,1329.4914275073704,1329.6215943479976,-14.0,0.5965,28.2,0.5912841545876848,long_nclose,16.674213159372712,0.012541798175137368,1.0
1694489160000.0,365966,1694489160000.0,0.0490289468757632,-0.0011214200000000001,1329.5393350342463,1329.6336329279977,-9.4,0.5965,18.8,0.5912841545876848,long_nclose,11.116142106248475,0.00836089750286489,2.0
1694489220000.0,365967,1694489220000.0,0.03233824155635445,-0.0007396600000000001,1329.5709336158027,1329.6442132679979,-6.2,0.5965,12.6,0.5912841545876848,long_nclose,7.450180347804828,0.0056034470665990484,1.0
1694490420000.0,365987,1694490420000.0,0.005009120778177079,-0.000367598,1329.575575138581,1329.589975669998,-3.1,0.5929,9.5,0.5912841545876848,long_nclose,5.617199468583006,0.004224806452237608,20.0
1694490900000.0,365995,1694490900000.0,0.003716444448324929,-0.000272734,1329.5790188490294,1329.599292935998,-2.3,0.5929,7.2,0.5912841545876848,long_nclose,4.257245913031331,0.0032019502810120165,8.0
1694492520000.0,366022,1694492520000.0,0.002908521742167336,-0.00021344400000000003,1329.5817139267715,1329.591519491998,-1.8,0.5929,5.4,0.5912841545876848,long_nclose,3.1929344347734983,0.002401457842965907,27.0
1694493000000.0,366030,1694493000000.0,0.002100599036009743,-0.000154154,1329.5836603718076,1329.591925337998,-1.3,0.5929,4.1,0.5912841545876848,long_nclose,2.4242650338095073,0.001823326433728571,8.0
1694493240000.0,366034,1694493240000.0,0.0016158454123151866,-0.00011858,1329.58515763722,1329.592336757998,-1.0,0.5929,3.1,0.5912841545876848,long_nclose,1.832980879221823,0.0013786111169285147,4.0
1694501700000.0,366175,1694501700000.0,0.0,-0.012931600000000001,1329.57222603722,1329.5614251579982,110.0,0.5878,113.1,0.587895498490025,long_ientry_partial,66.49098087922182,0.05000930342640933,141.0
1694502360000.0,366186,1694502360000.0,0.0452469425812962,-0.00332478,1329.6141481998013,1329.7588603779982,-28.2,0.5895,84.9,0.587895498490025,long_nclose,49.912327821803125,0.037538956613375925,11.0
1694502600000.0,366190,1694502600000.0,0.0340154320114709,-0.00249948,1329.6456641518128,1329.741500897998,-21.2,0.5895,63.7,0.587895498490025,long_nclose,37.44894325381459,0.028164603746294654,4.0
1694502660000.0,366191,1694502660000.0,0.0,-0.005807464,1329.6398566878127,1329.5206734339981,49.4,0.5878,113.1,0.5878537865058762,long_ientry_partial,66.48626325381458,0.05000321171135362,1.0
1694506500000.0,366255,1694506500000.0,0.04642322053429286,-0.00332478,1329.682955128347,1329.873658653998,-28.2,0.5895,84.9,0.5878537865058762,long_nclose,49.90878647434889,0.03753435078780224,64.0
1694508960000.0,366296,1694508960000.0,0.0,-0.003315192,1329.679639936347,1329.6750734619982,28.2,0.5878,113.1,0.5878403755468513,long_ientry_partial,66.48474647434888,0.05000057493362203,41.0
1694511900000.0,366345,1694511900000.0,0.04680140957879366,-0.00332478,1329.723116565926,1329.8725086819982,-28.2,0.5895,84.9,0.5878403755468513,long_nclose,49.90764788392768,0.03753236088187786,49.0
1694513880000.0,366378,1694513880000.0,0.14601737202410706,-0.0033563800000000004,1329.86577755795,1330.2030923019981,-28.3,0.593,56.6,0.5878403755468513,long_nclose,33.271765255951784,0.02501888973866909,33.0
1694514060000.0,366381,1694514060000.0,0.24506737202410872,-0.0033761900000000007,1330.1074687399741,1330.4147961119982,-28.3,0.5965,28.3,0.5878403755468513,long_nclose,16.635882627975892,0.012507171802993673,3.0
1694514120000.0,366382,1694514120000.0,0.34411737202410725,-0.003396,1330.4481901119982,1330.4481901119982,-28.3,0.6,0.0,0.5878403755468513,long_nclose,0.0,0.0,1.0
1694529720000.0,366642,1694529720000.0,0.0,-0.01329975,1330.4348903619982,1330.4123903619982,112.5,0.5911,112.5,0.5911,long_ientry_normal,66.49875,0.04998271654008288,260.0
1694534820000.0,366727,1694534820000.0,0.04777000000000098,-0.003331536,1330.4793288259982,1330.5384088259982,-28.1,0.5928,84.4,0.5911,long_nclose,49.88884,0.037496892224564975,85.0
1694534940000.0,366729,1694534940000.0,0.0,-0.0033332400000000003,1330.4759955859981,1330.456295585998,28.2,0.591,112.6,0.5910749555950267,long_ientry_partial,66.55503999999999,0.05002348048428061,2.0
1694535600000.0,366740,1694535600000.0,0.04566374777975121,-0.003330974000000001,1330.518328359778,1330.6640946119983,-28.1,0.5927,84.5,0.5910749555950267,long_nclose,49.94583374777975,0.03753862888108534,11.0
1694535900000.0,366745,1694535900000.0,0.034288436944937745,-0.0025011940000000004,1330.550115602723,1330.6785034179984,-21.1,0.5927,63.4,0.5910749555950267,long_nclose,37.47415218472469,0.028164404891843815,5.0
1694536200000.0,366750,1694536200000.0,0.11024843694493876,-0.0025163860000000002,1330.657847653668,1330.9084770319982,-21.1,0.5963,42.3,0.5910749555950267,long_nclose,25.002470621669627,0.01878955635797449,5.0
1694537280000.0,366768,1694537280000.0,0.0,-0.008310865999999998,1330.6495367876678,1330.6168161659982,70.3,0.5911,112.6,0.5910905916666929,long_ientry_partial,66.55680062166961,0.050018279630822206,18.0
1694590680000.0,367658,1694590680000.0,0.04522437416593059,-0.003330974000000001,1330.6914301878337,1330.818975191998,-28.1,0.5927,84.5,0.5910905916666929,long_nclose,49.94715499583555,0.03753473860486593,890.0
1694590740000.0,367659,1694590740000.0,0.033958515832780624,-0.0025011940000000004,1330.7228875096666,1330.7361639979983,-21.1,0.5927,63.4,0.5910905916666929,long_nclose,37.47514351166833,0.028161493172932373,1.0
1694591100000.0,367665,1694591100000.0,0.0,-0.005949774,1330.7169377356665,1330.0877442239982,51.3,0.5799,114.7,0.5860855580790612,long_ientry_partial,67.22401351166832,0.050517139750288265,6.0
1694597280000.0,367768,1694597280000.0,0.04617303893885103,-0.0033616440000000004,1330.7597491306053,1330.8729225799982,-28.6,0.5877,86.1,0.5860855580790612,long_nclose,50.46196655060716,0.03791966700493783,103.0
1694597760000.0,367776,1694597760000.0,0.034710501300185215,-0.0025271100000000004,1330.7919325219054,1330.883305469998,-21.5,0.5877,64.6,0.5860855580790612,long_nclose,37.861127051907346,0.028450072567060843,8.0
1694597940000.0,367779,1694597940000.0,0.02599251492711544,-0.0018923940000000004,1330.8160326428326,1330.899183075998,-16.1,0.5877,48.5,0.5860855580790612,long_nclose,28.425149566834467,0.021359187798771637,3.0
1694598060000.0,367781,1694598060000.0,0.01953474724336005,-0.001422234,1330.834145156076,1330.9111108419982,-12.1,0.5877,36.4,0.5860855580790612,long_nclose,21.333514314077824,0.016030182567622578,2.0
1694598720000.0,367792,1694598720000.0,0.01469142148054351,-0.001069614,1330.8477669635565,1330.9000312279982,-9.1,0.5877,27.3,0.5860855580790612,long_nclose,16.00013573555837,0.012022513868783094,11.0
1694598960000.0,367796,1694598960000.0,0.01097820506238416,-0.000799272,1330.857945896619,1330.8992419559981,-6.8,0.5877,20.5,0.5860855580790612,long_nclose,12.014753940620754,0.009027825980725714,4.0
1694600340000.0,367819,1694600340000.0,0.00823365379678812,-0.000599454,1330.865580096416,1330.8919825019984,-5.1,0.5877,15.4,0.5860855580790612,long_nclose,9.025717594417541,0.006781840126756952,23.0
1694604420000.0,367887,1694604420000.0,0.006134879299567619,-0.000446652,1330.8712683237156,1330.8911558499985,-3.8,0.5877,11.6,0.5860855580790612,long_nclose,6.798592473717109,0.005108377222900155,68.0
1694604600000.0,367890,1694604600000.0,0.004681881570722656,-0.000340866,1330.8756093392865,1330.8931349839986,-2.9,0.5877,8.7,0.5860855580790612,long_nclose,5.0989443552878315,0.00383127042039579,3.0
1694604840000.0,367894,1694604840000.0,0.003390328033971579,-0.00024683400000000003,1330.8787528333203,1330.8880881499986,-2.1,0.5877,6.6,0.5860855580790612,long_nclose,3.8681646833218033,0.0029064741435587812,4.0
1694604900000.0,367895,1694604900000.0,0.0025831070735021556,-0.00018806400000000002,1330.8811478763937,1330.8892200859984,-1.6,0.5877,5.0,0.5860855580790612,long_nclose,2.9304277903953055,0.0022018703887054162,1.0
1694604960000.0,367896,1694604960000.0,0.0019373303051266166,-0.000141048,1330.8829441586988,1330.8883190379984,-1.2,0.5877,3.8,0.5860855580790612,long_nclose,2.2271251207004323,0.0016734192368122066,1.0
1694605140000.0,367899,1694605140000.0,0.0014529977288449626,-0.000105786,1330.8842913704277,1330.8892632519985,-0.9,0.5877,2.9,0.5860855580790612,long_nclose,1.6996481184292773,0.0012770818090272363,3.0
1694605920000.0,367912,1694605920000.0,0.001130109344657193,-8.2278e-05,1330.8853392017722,1330.8891109739984,-0.7,0.5877,2.2,0.5860855580790612,long_nclose,1.2893882277739346,0.0009688199199393643,13.0
1694606100000.0,367915,1694606100000.0,0.0008072209604694236,-5.877e-05,1330.8860876527328,1330.8903622039984,-0.5,0.5877,1.7,0.5860855580790612,long_nclose,0.9963454487344039,0.0007486331534892261,3.0
1694606820000.0,367927,1694606820000.0,0.0006457767683755389,-4.7016000000000005e-05,1330.8866864135011,1330.8893051879984,-0.4,0.5877,1.3,0.5860855580790612,long_nclose,0.7619112255027796,0.0005724839186392287,12.0
1694607180000.0,367933,1694607180000.0,0.00048433257628165415,-3.5262e-05,1330.8871354840774,1330.8888499259983,-0.3,0.5877,1.0,0.5860855580790612,long_nclose,0.5860855580790612,0.00044037209651582286,6.0
1694608020000.0,367947,1694608020000.0,0.00032288838418776945,-2.3508000000000003e-05,1330.8874348644617,1330.8888864179985,-0.2,0.5877,0.8,0.5860855580790612,long_nclose,0.46886844646324893,0.0003522975979640222,14.0
1694608140000.0,367949,1694608140000.0,0.00032288838418776945,-2.3508000000000003e-05,1330.8877342448461,1330.8887629099986,-0.2,0.5877,0.6,0.5860855580790612,long_nclose,0.35165133484743666,0.0002642231390365663,2.0
1694608260000.0,367951,1694608260000.0,0.0,-0.013238316000000002,1330.874495928846,1331.1124645939985,113.4,0.5837,114.0,0.5837125555688373,long_ientry_partial,66.54323133484745,0.04999962922003813,2.0
1694608380000.0,367953,1694608380000.0,0.048092166288138505,-0.0033367800000000006,1330.9192513151343,1331.0036778139986,-28.5,0.5854,85.5,0.5837125555688373,long_nclose,49.90742350113559,0.037498460895971024,2.0
1694608440000.0,367954,1694608440000.0,0.0,-0.00332709,1330.9159242251342,1330.8920507239986,28.5,0.5837,114.0,0.5837094166766279,long_ientry_partial,66.54287350113557,0.049997803985910805,1.0
1694608500000.0,367955,1694608500000.0,0.04533162471610602,-0.0033362100000000005,1330.9579196398502,1331.0768145139984,-28.5,0.5853,85.5,0.5837094166766279,long_nclose,49.90715512585169,0.037497169812368135,1.0
1694608560000.0,367956,1694608560000.0,0.03387942478782661,-0.0024933780000000005,1330.9893056866379,1331.1171011359984,-21.3,0.5853,64.2,0.5837094166766279,long_nclose,37.474144550639515,0.0281551056725487,1.0
1694608920000.0,367962,1694608920000.0,0.0,-0.005813652,1330.983492034638,1330.9372874839985,49.8,0.5837,114.0,0.5837053030757852,long_ientry_partial,66.5424045506395,0.04999491349732517,6.0
1694609220000.0,367967,1694609220000.0,0.04544886234012402,-0.0033362100000000005,1331.025604686978,1331.2132512739984,-28.5,0.5853,85.5,0.5837053030757852,long_nclose,49.906803412979635,0.03749499877180529,5.0
1694612760000.0,368026,1694612760000.0,0.14519886234012253,-0.00335616,1331.167447389318,1331.4407451139984,-28.5,0.5888,57.0,0.5837053030757852,long_nclose,33.27120227531975,0.02499400232523049,59.0
1694612880000.0,368028,1694612880000.0,0.09679924156008168,-0.0022374400000000003,1331.2620091908782,1331.4670076739983,-19.0,0.5888,38.0,0.5837053030757852,long_nclose,22.180801516879836,0.016661484639196613,2.0
1694615460000.0,368071,1694615460000.0,0.0641931812451068,-0.001483776,1331.3247185961234,1331.4617438979985,-12.6,0.5888,25.4,0.5837053030757852,long_nclose,14.826114698124943,0.011136362520001148,43.0
1694615760000.0,368076,1694615760000.0,0.10915265093752902,-0.0015044420000000001,1331.432366805061,1331.5288194559987,-12.7,0.5923,12.7,0.5837053030757852,long_nclose,7.413057349062472,0.005567731064591011,5.0
1694616420000.0,368087,1694616420000.0,0.05414659062255377,-0.0007462980000000002,1331.4857670976837,1331.5401331579988,-6.3,0.5923,6.4,0.5837053030757852,long_nclose,3.7357139396850254,0.002805673205075242,11.0
1694617680000.0,368108,1694617680000.0,0.027503030157487632,-0.00037907200000000005,1331.5128910558412,1331.5416740859987,-3.2,0.5923,3.2,0.5837053030757852,long_nclose,1.8678569698425127,0.0014028080256597217,21.0
1694618220000.0,368117,1694618220000.0,0.013751515078743816,-0.00018953600000000002,1331.5264530349198,1331.5398845499985,-1.6,0.5923,1.6,0.5837053030757852,long_nclose,0.9339284849212564,0.0007013968688286839,9.0
1694618640000.0,368124,1694618640000.0,0.006875757539371908,-9.476800000000001e-05,1331.533234024459,1331.5401097819984,-0.8,0.5923,0.8,0.5837053030757852,long_nclose,0.4669642424606282,0.00035069664844133394,7.0
1694618700000.0,368125,1694618700000.0,0.003437878769685954,-4.7384000000000006e-05,1331.5366245192288,1331.5401023979985,-0.4,0.5923,0.4,0.5837053030757852,long_nclose,0.2334821212303141,0.0001753478777308257,1.0
1694621760000.0,368176,1694621760000.0,0.001718939384842977,-2.3692000000000003e-05,1331.5383197666135,1331.5400987059984,-0.2,0.5923,0.2,0.5837053030757852,long_nclose,0.11674106061515704,8.767382724337887e-05,51.0
1694622720000.0,368192,1694622720000.0,0.0008594696924214885,-1.1846000000000001e-05,1331.539167390306,1331.5400468599983,-0.1,0.5923,0.1,0.5837053030757852,long_nclose,0.05837053030757852,4.3836885716234234e-05,16.0
1694623020000.0,368197,1694623020000.0,0.0008594696924214885,-1.1846000000000001e-05,1331.5400150139983,1331.5400150139983,-0.1,0.5923,0.0,0.5837053030757852,long_nclose,0.0,0.0,5.0
1694662620000.0,368857,1694662620000.0,0.0,-0.013310910000000002,1331.5267041039983,1331.5154141039984,112.9,0.5895,112.9,0.5895,long_ientry_normal,66.55455,0.04998363892730595,660.0
1694691060000.0,369331,1694691060000.0,0.04793999999999785,-0.003334368,1331.5713097359983,1331.7322397359983,-28.2,0.5912,84.7,0.5895,long_nclose,49.93065000000001,0.03749754116428013,474.0
1694693760000.0,369376,1694693760000.0,0.035869999999998396,-0.0024948640000000003,1331.6046848719982,1331.6873648719982,-21.1,0.5912,63.6,0.5895,long_nclose,37.492200000000004,0.028155653420222068,45.0
1694694600000.0,369390,1694694600000.0,0.0,-0.005840744,1331.5988441279983,1331.4440141279983,49.7,0.5876,113.3,0.5886665489849956,long_ientry_partial,66.69592,0.050087096646344746,14.0
1694695620000.0,369407,1694695620000.0,0.04622666372462594,-0.0033410980000000002,1331.641729693723,1331.7210730299983,-28.3,0.5903,85.0,0.5886665489849956,long_nclose,50.03665666372463,0.037575164211197436,17.0
1694695800000.0,369410,1694695800000.0,0.034629161518094344,-0.002502872,1331.673855983241,1331.8099701579984,-21.2,0.5903,63.8,0.5886665489849956,long_nclose,37.556925825242715,0.028202795794554793,3.0
1694697660000.0,369441,1694697660000.0,0.10882916151809323,-0.002517712,1331.780167432759,1332.0712724459981,-21.2,0.5938,42.6,0.5886665489849956,long_nclose,25.077194986760812,0.018829830628204595,31.0
1694697780000.0,369443,1694697780000.0,0.07289500441306244,-0.001686392,1331.8513760451722,1332.0255660539983,-14.2,0.5938,28.4,0.5886665489849956,long_nclose,16.718129991173875,0.012552549249764674,2.0
1694698020000.0,369447,1694698020000.0,0.04825443954104134,-0.001116344,1331.8985141407134,1332.0074497099984,-9.4,0.5938,19.0,0.5886665489849956,long_nclose,11.184664430714916,0.00839753503136146,4.0
1694698140000.0,369449,1694698140000.0,0.0323407413945277,-0.000748188,1331.930106694108,1331.9953015219985,-6.3,0.5938,12.7,0.5886665489849956,long_nclose,7.476065172109443,0.005612956066189742,2.0
1694698200000.0,369450,1694698200000.0,0.02156049426301847,-0.000498792,1331.951168396371,1332.0007527299986,-4.2,0.5938,8.5,0.5886665489849956,long_nclose,5.003665666372463,0.0037566434754486722,1.0
1694698680000.0,369458,1694698680000.0,0.014373662842012313,-0.000332528,1331.965209531213,1331.9950402019986,-2.8,0.5938,5.7,0.5886665489849956,long_nclose,3.355399329214475,0.00251913436267259,8.0
1694699520000.0,369472,1694699520000.0,0.009753556928508355,-0.00022564400000000002,1331.9747374441415,1331.9927245579986,-1.9,0.5938,3.8,0.5886665489849956,long_nclose,2.2369328861429834,0.0016794108951610597,14.0
1694699580000.0,369473,1694699580000.0,0.006160141218005277,-0.000142512,1331.9807550733597,1331.9956620459986,-1.2,0.5938,2.6,0.5886665489849956,long_nclose,1.5305330273609885,0.001149065421201745,1.0
1694699760000.0,369476,1694699760000.0,0.004106760812003518,-9.500800000000001e-05,1331.9847668261716,1331.9956270379987,-0.8,0.5938,1.8,0.5886665489849956,long_nclose,1.0595997881729922,0.0007955044341068455,3.0
1694700420000.0,369487,1694700420000.0,0.0030800706090026385,-7.1256e-05,1331.9877756407807,1331.9938157819986,-0.6,0.5938,1.2,0.5886665489849956,long_nclose,0.7063998587819947,0.0005303350914329271,11.0
1694700480000.0,369488,1694700480000.0,0.002053380406001759,-4.7504000000000005e-05,1331.9897815171869,1331.9939682779989,-0.4,0.5938,0.8,0.5886665489849956,long_nclose,0.4709332391879965,0.00035355619519211756,1.0
1694700780000.0,369493,1694700780000.0,0.0010266902030008796,-2.3752000000000002e-05,1331.9907844553898,1331.9937445259989,-0.2,0.5938,0.6,0.5886665489849956,long_nclose,0.35319992939099737,0.00026516694673335144,5.0
1694700900000.0,369495,1694700900000.0,0.0010266902030008796,-2.3752000000000002e-05,1331.9917873935926,1331.9940407739987,-0.2,0.5938,0.4,0.5886665489849956,long_nclose,0.23546661959399826,0.00017677783138194365,2.0
1694701380000.0,369503,1694701380000.0,0.0005133451015004398,-1.1876000000000001e-05,1331.9922888626943,1331.9938588979987,-0.1,0.5938,0.3,0.5886665489849956,long_nclose,0.17659996469549868,0.0001325833236214051,8.0
1694703300000.0,369535,1694703300000.0,0.0008633451015004457,-1.1946000000000002e-05,1331.9931402617958,1331.994826951999,-0.1,0.5973,0.2,0.5886665489849956,long_nclose,0.11773330979699913,8.838882591682063e-05,32.0
1694703360000.0,369536,1694703360000.0,0.0008633451015004457,-1.1946000000000002e-05,1331.9939916608973,1331.9948850059989,-0.1,0.5973,0.1,0.5886665489849956,long_nclose,0.058866654898499564,4.4194384709721725e-05,1.0
1694703600000.0,369540,1694703600000.0,0.0008633451015004457,-1.1946000000000002e-05,1331.9948430599989,1331.9948430599989,-0.1,0.5973,0.0,0.5886665489849956,long_nclose,0.0,0.0,4.0
1694759940000.0,370479,1694759940000.0,0.0,-0.01332222,1331.981520839999,1331.8705208399988,111.0,0.6001,111.0,0.6001,long_ientry_normal,66.6111,0.05000902712073097,939.0
1694761020000.0,370497,1694761020000.0,0.047090000000000964,-0.003333972,1332.0252768679989,1332.1752168679989,-27.7,0.6018,83.3,0.6001,long_nclose,49.98833,0.03752806412017791,18.0
1694761320000.0,370502,1694761320000.0,0.0,-0.003324554,1332.0219523139988,1332.0330523139987,27.7,0.6001,111.0,0.6001,long_ientry_partial,66.6111,0.050007509173766,5.0
1694772780000.0,370693,1694772780000.0,0.047090000000000964,-0.003333972,1332.0657083419987,1332.2323083419988,-27.7,0.6018,83.3,0.6001,long_nclose,49.98833,0.037526925051031966,191.0
1694773020000.0,370697,1694773020000.0,0.035360000000000724,-0.0025034880000000003,1332.0985648539988,1332.2110648539988,-20.8,0.6018,62.5,0.6001,long_nclose,37.50625,0.02815576188546587,4.0
1694774940000.0,370729,1694774940000.0,0.026520000000000543,-0.0018776160000000001,1332.1232072379987,1332.1935572379987,-15.6,0.6018,46.9,0.6001,long_nclose,28.144689999999997,0.02112769287936565,32.0
1694775060000.0,370731,1694775060000.0,0.019890000000000407,-0.001408212,1332.1416890259989,1332.208569025999,-11.7,0.6018,35.2,0.6001,long_nclose,21.12352,0.01585681175959935,2.0
1694775480000.0,370738,1694775480000.0,0.014960000000000308,-0.001059168,1332.1555898579988,1332.218949857999,-8.8,0.6018,26.4,0.6001,long_nclose,15.842639999999998,0.011892484722215326,7.0
1694778300000.0,370785,1694778300000.0,0.0,-0.010150308,1332.1454395499989,1332.1401595499988,84.6,0.5999,111.0,0.5999475675675675,long_ientry_partial,66.59418,0.04999017226114262,47.0
1694779440000.0,370804,1694779440000.0,0.04577237837838068,-0.003332864,1332.1878790643773,1332.3671766859989,-27.7,0.6016,83.3,0.5999475675675675,long_nclose,49.97563237837837,0.03751395217127878,19.0
1694779560000.0,370806,1694779560000.0,0.0,-0.003323446,1332.1845556183773,1332.191693239999,27.7,0.5999,111.0,0.5999356971025078,long_ientry_partial,66.59286237837837,0.04998771536385745,2.0
1694779980000.0,370813,1694779980000.0,0.046101190260533886,-0.003332864,1332.2273239446379,1332.532560375999,-27.7,0.6016,83.3,0.5999356971025078,long_nclose,49.9746435686389,0.037512099226930176,7.0
1694781060000.0,370831,1694781060000.0,0.03461750026783772,-0.0025026560000000007,1332.2594387889058,1332.369707719999,-20.8,0.6016,62.5,0.5999356971025078,long_nclose,37.49598106890674,0.02814465409454525,18.0
1694781540000.0,370839,1694781540000.0,0.0,-0.00581903,1332.2536197589056,1332.2402886899988,48.5,0.5999,111.0,0.5999200997198806,long_ientry_partial,66.59113106890675,0.04998382446201014,8.0
1694785260000.0,370901,1694785260000.0,0.046533237759308475,-0.003332864,1332.296820132665,1332.461745825999,-27.7,0.6016,83.3,0.5999200997198806,long_nclose,49.97334430666605,0.03750916729028138,62.0
1694785740000.0,370909,1694785740000.0,0.034941925826484345,-0.0025026560000000007,1332.3292594024915,1332.453003169999,-20.8,0.6016,62.5,0.5999200997198806,long_nclose,37.495006232492536,0.028142447497781355,8.0
1694786100000.0,370915,1694786100000.0,0.026206444369863257,-0.001876992,1332.3535888548613,1332.4276861779988,-15.6,0.6016,46.9,0.5999200997198806,long_nclose,28.136252676862398,0.021117706975252042,6.0
1694786880000.0,370928,1694786880000.0,0.0,-0.007690718,1332.3458981368613,1332.2894554599989,64.1,0.5999,111.0,0.599908492584346,long_ientry_partial,66.5898426768624,0.04997939556835875,13.0
1694787540000.0,370939,1694787540000.0,0.04685475541361712,-0.003332864,1332.3894200282748,1332.571972595999,-27.7,0.6016,83.3,0.599908492584346,long_nclose,49.97237743227602,0.03750583476654712,11.0
1694788560000.0,370956,1694788560000.0,0.0,-0.003335444,1332.3860845842748,1332.3631571519988,27.8,0.5999,111.1,0.5999063675272369,long_ientry_partial,66.64959743227602,0.050022736054821326,17.0
1694791080000.0,370998,1694791080000.0,0.04691361949553806,-0.003332864,1332.4296653397705,1332.570914287999,-27.7,0.6016,83.4,0.5999063675272369,long_nclose,50.03219105177156,0.03754959256255625,42.0
1694791740000.0,371009,1694791740000.0,0.035227555433472627,-0.0025026560000000007,1332.462390239204,1332.568411631999,-20.8,0.6016,62.6,0.5999063675272369,long_nclose,37.55413860720503,0.028184013959646023,11.0
1694791800000.0,371010,1694791800000.0,0.026420666575104466,-0.001876992,1332.4869339137792,1332.5712346399991,-15.6,0.6016,47.0,0.5999063675272369,long_nclose,28.195599273780136,0.021160131897852125,1.0
1694793480000.0,371038,1694793480000.0,0.08258066657510348,-0.001888224,1332.5676263563544,1332.730706415999,-15.6,0.6052,31.4,0.5999063675272369,long_nclose,18.83705994035524,0.014135912930634145,28.0
1694793600000.0,371040,1694793600000.0,0.055053777716735655,-0.001258816,1332.621421318071,1332.7367875999992,-10.4,0.6052,21.0,0.5999063675272369,long_nclose,12.598033718071974,0.009453572872640374,2.0
1694794380000.0,371053,1694794380000.0,0.037055427309341304,-0.00084728,1332.6576294653803,1332.730340319999,-7.0,0.6052,14.0,0.5999063675272369,long_nclose,8.398689145381317,0.006302210680135905,13.0
1694794680000.0,371058,1694794680000.0,0.024350709374709997,-0.000556784,1332.6814233907548,1332.7396435359988,-4.6,0.6052,9.4,0.5999063675272369,long_nclose,5.639119854756027,0.004231408764150368,5.0
1694795160000.0,371066,1694795160000.0,0.016410260665565436,-0.000375224,1332.6974584274203,1332.7314383119988,-3.1,0.6052,6.3,0.5999063675272369,long_nclose,3.7794101154215927,0.0028359100495931665,8.0
1694795460000.0,371071,1694795460000.0,0.011116628192802392,-0.000254184,1332.7083208716133,1332.732654127999,-2.1,0.6052,4.2,0.5999063675272369,long_nclose,2.519606743614395,0.0018905912900480208,5.0
1694796060000.0,371081,1694796060000.0,0.00741108546186826,-0.00016945599999999998,1332.715562501075,1332.7309446719987,-1.4,0.6052,2.8,0.5999063675272369,long_nclose,1.6797378290762632,0.00126038734471138,10.0
1694796840000.0,371094,1694796840000.0,0.004764269225486739,-0.00010893599999999999,1332.7202178343005,1332.7306557359987,-0.9,0.6052,1.9,0.5999063675272369,long_nclose,1.1398220983017502,0.0008552598535302376,13.0
1694797860000.0,371111,1694797860000.0,0.003176179483657826,-7.262399999999999e-05,1332.7233213897841,1332.7305931119988,-0.6,0.6052,1.3,0.5999063675272369,long_nclose,0.779878277785408,0.0005851764317984163,17.0
1694797980000.0,371113,1694797980000.0,0.0021174529891052176,-4.8416e-05,1332.7253904267732,1332.7304246959986,-0.4,0.6052,0.9,0.5999063675272369,long_nclose,0.5399157307745133,0.00040512151614491136,2.0
1694805360000.0,371236,1694805360000.0,0.001588089741828913,-3.6311999999999994e-05,1332.726942204515,1332.7308383839986,-0.3,0.6052,0.6,0.5999063675272369,long_nclose,0.35994382051634216,0.0002700806962909786,123.0
1694808600000.0,371290,1694808600000.0,0.0010587264945526088,-2.4208e-05,1332.7279767230095,1332.7297741759987,-0.2,0.6052,0.4,0.5999063675272369,long_nclose,0.23996254701089478,0.00018005365776212556,54.0
1694808900000.0,371295,1694808900000.0,0.0005293632472763044,-1.2104e-05,1332.7284939822569,1332.7301420719987,-0.1,0.6052,0.3,0.5999063675272369,long_nclose,0.17997191025817108,0.00013504019090970762,5.0
1694809140000.0,371299,1694809140000.0,0.0005293632472763044,-1.2104e-05,1332.7290112415042,1332.7301699679988,-0.1,0.6052,0.2,0.5999063675272369,long_nclose,0.11998127350544739,9.00267589985745e-05,4.0
1694811720000.0,371342,1694811720000.0,0.0008793632472763103,-1.2174000000000002e-05,1332.7298784307516,1332.7307277939988,-0.1,0.6087,0.1,0.5999063675272369,long_nclose,0.059990636752723696,4.501335020969202e-05,43.0
1694812140000.0,371349,1694812140000.0,0.0008793632472763103,-1.2174000000000002e-05,1332.730745619999,1332.730745619999,-0.1,0.6087,0.0,0.5999063675272369,long_nclose,0.0,0.0,7.0
1694870460000.0,372321,1694870460000.0,0.0,-0.013329564,1332.717416055999,1332.7065560559988,108.6,0.6137,108.6,0.6137,long_ientry_normal,66.64782,0.05000896603965409,972.0
1694983260000.0,374201,1694983260000.0,0.0,-0.018293808,1332.699122247999,1330.324222247999,154.3,0.5928,262.9,0.6014334728033474,long_rentry,158.11686,0.11864407904260359,1880.0
1694995200000.0,374400,1694995200000.0,0.1094908368200766,-0.007924734,1332.800688350819,1333.2870875139988,-65.7,0.6031,197.2,0.6014334728033474,long_nclose,118.6026808368201,0.08898755971050457,199.0
1694995260000.0,374401,1694995260000.0,0.3460108368200797,-0.007972038,1333.1387271496392,1333.923325475999,-65.7,0.6067,131.5,0.6014334728033474,long_nclose,79.08850167364018,0.0593250350192271,1.0
1694999520000.0,374472,1694999520000.0,0.05466209205020566,-0.0039563359999999995,1333.1894329056893,1333.531579139999,-32.8,0.6031,98.7,0.6014334728033474,long_nclose,59.36148376569039,0.044525918298281064,71.0
1694999520000.0,374472,1694999520000.0,0.1727420920502072,-0.003979952,1333.3581950457394,1333.5866391879988,-32.8,0.6067,65.9,0.6014334728033474,long_nclose,39.634465857740594,0.02972529512700147,0.0
1694999820000.0,374477,1694999820000.0,0.02733104602510283,-0.0019781679999999998,1333.3835479237646,1333.436341019999,-16.4,0.6031,49.5,0.6014334728033474,long_nclose,29.770956903765693,0.022327376807762915,5.0
1694999940000.0,374479,1694999940000.0,0.020498284518827126,-0.001483626,1333.4025625822835,1333.479437393999,-12.3,0.6031,37.2,0.6014334728033474,long_nclose,22.37332518828452,0.01677912268666716,2.0
1695000840000.0,374494,1695000840000.0,0.0,-0.008889312000000002,1333.3936732702834,1333.165508081999,74.4,0.5974,111.6,0.5987444909344491,long_ientry_partial,66.81988518828452,0.05011264604578628,15.0
1695002280000.0,374518,1695002280000.0,0.046188702928870035,-0.003350232,1333.4365117412124,1333.591817849999,-27.9,0.6004,83.7,0.5987444909344491,long_nclose,50.1149138912134,0.03758327708139095,24.0
1695002700000.0,374525,1695002700000.0,0.03460013947001375,-0.002509672,1333.4686022086823,1333.5034881779989,-20.9,0.6004,62.8,0.5987444909344491,long_nclose,37.601154030683404,0.02819800478871641,7.0
1695002760000.0,374526,1695002760000.0,0.025991492329149088,-0.001885256,1333.4927084450117,1333.5565529219991,-15.7,0.6004,47.1,0.5987444909344491,long_nclose,28.200865523012556,0.021148121279116434,1.0
1695002880000.0,374528,1695002880000.0,0.019369456066945498,-0.001404936,1333.5106729650786,1333.5940579859991,-11.7,0.6004,35.4,0.5987444909344491,long_nclose,21.1955549790795,0.015894552183786353,2.0
1695003060000.0,374531,1695003060000.0,0.014568479776847899,-0.0010567040000000003,1333.5241847408556,1333.5708812819992,-8.8,0.6004,26.6,0.5987444909344491,long_nclose,15.926603458856349,0.011943243055581608,3.0
1695003780000.0,374543,1695003780000.0,0.046248479776847345,-0.0010630400000000001,1333.5693701806324,1333.6664782419991,-8.8,0.604,17.8,0.5987444909344491,long_nclose,10.657651938633196,0.007991824180237143,12.0
1695004080000.0,374548,1695004080000.0,0.07881403068340286,-0.0010815280000000002,1333.6471026833158,1333.7276967139992,-8.9,0.6076,8.9,0.5987444909344491,long_nclose,5.328825969316598,0.003995679185741812,5.0
1695004200000.0,374550,1695004200000.0,0.03896423988842388,-0.0005346880000000001,1333.6855322352042,1333.7307820259991,-4.4,0.6076,4.5,0.5987444909344491,long_nclose,2.6943502092050213,0.0020202290150732887,2.0
1695004560000.0,374556,1695004560000.0,0.01948211994421194,-0.00026734400000000003,1333.7047470111486,1333.7251146819995,-2.2,0.6076,2.3,0.5987444909344491,long_nclose,1.3771123291492329,0.0010325466204085733,6.0
1695005340000.0,374569,1695005340000.0,0.00974105997210597,-0.00013367200000000002,1333.7143543991208,1333.7253410099995,-1.1,0.6076,1.2,0.5987444909344491,long_nclose,0.718493389121339,0.0005387160952054402,13.0
1695005760000.0,374576,1695005760000.0,0.0053133054393305285,-7.2912e-05,1333.7195947925602,1333.7250280979995,-0.6,0.6076,0.6,0.5987444909344491,long_nclose,0.3592466945606695,0.00026935698925271084,7.0
1695008460000.0,374621,1695008460000.0,0.0026566527196652642,-3.6456e-05,1333.7222149892798,1333.7251416419995,-0.3,0.6076,0.3,0.5987444909344491,long_nclose,0.17962334728033474,0.00013467823004041253,45.0
1695008820000.0,374627,1695008820000.0,0.0008855509065550882,-1.2152000000000002e-05,1333.7230883881864,1333.7249994899996,-0.1,0.6076,0.2,0.5987444909344491,long_nclose,0.11974889818688983,8.978542789688616e-05,6.0
1695009060000.0,374631,1695009060000.0,0.0008855509065550882,-1.2152000000000002e-05,1333.723961787093,1333.7248973379997,-0.1,0.6076,0.1,0.5987444909344491,long_nclose,0.059874449093444915,4.489268455012048e-05,4.0
1695013260000.0,374701,1695013260000.0,0.0008855509065550882,-1.2152000000000002e-05,1333.7248351859996,1333.7248351859996,-0.1,0.6076,0.0,0.5987444909344491,long_nclose,0.0,0.0,70.0
1695053460000.0,375371,1695053460000.0,0.0,-0.013341714,1333.7114934719996,1333.6785834719997,109.7,0.6081,109.7,0.6081,long_ientry_normal,66.70857,0.05001724160473429,670.0
1695055320000.0,375402,1695055320000.0,0.046580000000000954,-0.003341704,1333.7547317679996,1333.9769417679995,-27.4,0.6098,82.3,0.6081,long_nclose,50.04662999999999,0.03752311336407343,31.0
1695057060000.0,375431,1695057060000.0,0.034850000000000714,-0.00250018,1333.7870815879996,1333.8859615879996,-20.5,0.6098,61.8,0.6081,long_nclose,37.58058,0.028175846444139167,29.0
1695057120000.0,375432,1695057120000.0,0.026180000000000536,-0.001878184,1333.8113834039998,1333.8995434039998,-15.4,0.6098,46.4,0.6081,long_nclose,28.215839999999996,0.02115429539069518,1.0
1695057600000.0,375440,1695057600000.0,0.0,-0.007699811999999999,1333.8036835919997,1333.8302635919997,63.3,0.6082,109.7,0.6081577028258887,long_ientry_partial,66.71489999999999,0.0500185303284914,8.0
1695114060000.0,376381,1695114060000.0,0.04773894257065072,-0.003342252,1333.8480802825704,1333.9914713399999,-27.4,0.6099,82.3,0.6081577028258887,long_nclose,50.051378942570636,0.03752404766513399,941.0
1695114120000.0,376382,1695114120000.0,0.035717092069282474,-0.00250059,1333.8812967846397,1333.9704307499999,-20.5,0.6099,61.8,0.6081577028258887,long_nclose,37.584146034639915,0.028176529744616412,1.0
1695114600000.0,376390,1695114600000.0,0.02683137648131464,-0.001878492,1333.906249669121,1333.9870922579998,-15.4,0.6099,46.4,0.6081577028258887,long_nclose,28.218517411121233,0.021154798111277243,8.0
1695114660000.0,376391,1695114660000.0,0.020210647219691544,-0.0014149680000000002,1333.9250453483407,1333.9891572899999,-11.6,0.6099,34.8,0.6081577028258887,long_nclose,21.163888058340923,0.015865875022096305,1.0
1695114780000.0,376393,1695114780000.0,0.01515798541476866,-0.001061226,1333.9391421077555,1333.9976660639998,-8.7,0.6099,26.1,0.6081577028258887,long_nclose,15.872916043755694,0.011899280516407158,2.0
1695115380000.0,376403,1695115380000.0,0.04647798541476907,-0.00106749,1333.9845526031704,1334.077508574,-8.7,0.6135,17.4,0.6081577028258887,long_nclose,10.581944029170462,0.007932583633386605,10.0
1695115740000.0,376409,1695115740000.0,0.030985323609846047,-0.00071166,1334.0148262667803,1334.0849169140001,-5.8,0.6135,11.6,0.6081577028258887,long_nclose,7.054629352780308,0.0052882690760810945,6.0
1695115860000.0,376411,1695115860000.0,0.02030072926162327,-0.0004662600000000001,1334.034660736042,1334.073990654,-3.8,0.6135,7.8,0.6081577028258887,long_nclose,4.743630082041931,0.003555852199091045,2.0
1695115920000.0,376412,1695115920000.0,0.01388997265268961,-0.00031902000000000005,1334.0482316886946,1334.074451634,-2.6,0.6135,5.2,0.6081577028258887,long_nclose,3.1624200546946213,0.0023705440175063957,1.0
1695115980000.0,376413,1695115980000.0,0.00908190519598936,-0.00020859,1334.0571050038905,1334.0761530439997,-1.7,0.6135,3.5,0.6081577028258887,long_nclose,2.1285519598906104,0.0015955478606625335,1.0
1695116460000.0,376421,1695116460000.0,0.005876526891522527,-0.00013497000000000002,1334.062846560782,1334.0761480739998,-1.1,0.6135,2.4,0.6081577028258887,long_nclose,1.4595784867821326,0.0010940852528386728,8.0
1695117600000.0,376440,1695117600000.0,0.004273837739289111,-9.816000000000002e-05,1334.067022238521,1334.0752499139996,-0.8,0.6135,1.6,0.6081577028258887,long_nclose,0.9730523245214219,0.0007293878855416662,19.0
1695119880000.0,376478,1695119880000.0,0.0006969188696445361,-4.8792e-05,1334.0676703653908,1334.0710811219997,-0.4,0.6099,1.2,0.6081577028258887,long_nclose,0.7297892433910663,0.0005470406483886853,38.0
1695120840000.0,376494,1695120840000.0,0.000522689152233402,-3.6594e-05,1334.068156460543,1334.0700845279996,-0.3,0.6099,0.9,0.6081577028258887,long_nclose,0.5473419325432998,0.00041028033679738627,16.0
1695123120000.0,376532,1695123120000.0,0.00034845943482226805,-2.4396e-05,1334.0684805239778,1334.0697701319996,-0.2,0.6099,0.7,0.6081577028258887,long_nclose,0.42571039197812205,0.0003191068511047627,38.0
1695124320000.0,376552,1695124320000.0,0.00017422971741113403,-1.2198e-05,1334.0686425556953,1334.0699279339997,-0.1,0.6099,0.6,0.6081577028258887,long_nclose,0.36489462169553316,0.00027352012486891157,20.0
1695127740000.0,376609,1695127740000.0,0.00017422971741113403,-1.2198e-05,1334.0688045874128,1334.069825736,-0.1,0.6099,0.5,0.6081577028258887,long_nclose,0.30407885141294433,0.00022793340970669553,57.0
1695130380000.0,376653,1695130380000.0,0.0005342297174111388,-1.2270000000000003e-05,1334.0693265471302,1334.0717434659998,-0.1,0.6135,0.4,0.6081577028258887,long_nclose,0.24326308113035547,0.00018234665642150302,44.0
1695132720000.0,376692,1695132720000.0,0.0005342297174111388,-1.2270000000000003e-05,1334.0698485068476,1334.071391196,-0.1,0.6135,0.3,0.6081577028258887,long_nclose,0.18244731084776658,0.00013675993880827905,39.0
1695132960000.0,376696,1695132960000.0,0.0005342297174111388,-1.2270000000000003e-05,1334.070370466565,1334.0713989259998,-0.1,0.6135,0.2,0.6081577028258887,long_nclose,0.12163154056517773,9.117325686698183e-05,4.0
1695133020000.0,376697,1695133020000.0,0.0005342297174111388,-1.2270000000000003e-05,1334.0708924262824,1334.0715066559999,-0.1,0.6135,0.1,0.6081577028258887,long_nclose,0.06081577028258887,4.558661059756943e-05,1.0
1695133980000.0,376713,1695133980000.0,0.0005342297174111388,-1.2270000000000003e-05,1334.0714143859998,1334.0714143859998,-0.1,0.6135,0.0,0.6081577028258887,long_nclose,0.0,0.0,16.0
1695150900000.0,376995,1695150900000.0,0.0,-0.013346102,1334.0580682839998,1334.0690382839998,109.7,0.6083,109.7,0.6083,long_ientry_normal,66.73051,0.05002069369126901,282.0
1695153300000.0,377035,1695153300000.0,0.046580000000000954,-0.0033428,1334.1013054839998,1334.2576754839997,-27.4,0.61,82.3,0.6083,long_nclose,50.063089999999995,0.0375257034785957,40.0
1695154380000.0,377053,1695154380000.0,0.034850000000000714,-0.0025009999999999998,1334.1336544839999,1334.2448944839998,-20.5,0.61,61.8,0.6083,long_nclose,37.59294,0.028177791538089744,18.0
1695156780000.0,377093,1695156780000.0,0.0,-0.005827514,1334.12782697,1334.1058869699998,47.9,0.6083,109.7,0.6082999999999998,long_ientry_partial,66.73050999999998,0.050018078216354095,40.0
1695161460000.0,377171,1695161460000.0,0.04658000000000399,-0.0033428,1334.17106417,1334.3027441699999,-27.4,0.61,82.3,0.6082999999999998,long_nclose,50.06308999999999,0.037523741403539354,78.0
1695161940000.0,377179,1695161940000.0,0.0,-0.0033329359999999995,1334.1677312339998,1334.1485312339998,27.4,0.6082,109.7,0.6082750227894256,long_ientry_partial,66.72776999999999,0.05001452848682082,8.0
1695163980000.0,377213,1695163980000.0,0.04726437556973877,-0.0033428,1334.2116528095696,1334.361848434,-27.4,0.61,82.3,0.6082750227894256,long_nclose,50.061034375569726,0.03752105917389621,34.0
1695164400000.0,377220,1695164400000.0,0.03536203281677536,-0.0025009999999999998,1334.2445138423864,1334.369657434,-20.5,0.61,61.8,0.6082750227894256,long_nclose,37.5913964083865,0.028174293406033935,7.0
1695164580000.0,377223,1695164580000.0,0.02656464904284588,-0.0018788000000000001,1334.2691996914293,1334.353878634,-15.4,0.61,46.4,0.6082750227894256,long_nclose,28.223961057429346,0.02115312342063849,3.0
1695168540000.0,377289,1695168540000.0,0.08200464904284661,-0.0018898880000000004,1334.349314452472,1334.526788746,-15.4,0.6136,31.0,0.6082750227894256,long_nclose,18.856525706472194,0.014131626180817317,66.0
1695168660000.0,377291,1695168660000.0,0.054847265268916895,-0.0012640160000000002,1334.402897701741,1334.5089847299998,-10.3,0.6136,20.7,0.6082750227894256,long_nclose,12.591292971741108,0.00943590050158558,2.0
1695171600000.0,377340,1695171600000.0,0.008797383773929478,-0.0006221999999999999,1334.411072885515,1334.44422253,-5.1,0.61,15.6,0.6082750227894256,long_nclose,9.489090355515039,0.007111069855704913,49.0
1695174180000.0,377383,1695174180000.0,0.02768988149498717,-0.0006381440000000001,1334.43812462301,1334.497664386,-5.2,0.6136,10.4,0.6082750227894256,long_nclose,6.326060237010026,0.00474061713337004,43.0
1695174360000.0,377386,1695174360000.0,0.018104922515953147,-0.00041724800000000005,1334.4558122975259,1334.4937871379998,-3.4,0.6136,7.0,0.6082750227894256,long_nclose,4.257925159525979,0.003190757700845209,3.0
1695174600000.0,377390,1695174600000.0,0.012247447584321246,-0.000282256,1334.4677774891102,1334.493274882,-2.3,0.6136,4.7,0.6082750227894256,long_nclose,2.8588926071103002,0.00214234667583319,4.0
1695178980000.0,377463,1695178980000.0,0.007987465815861683,-0.00018408000000000004,1334.475580874926,1334.492620802,-1.5,0.6136,3.2,0.6082750227894256,long_nclose,1.946480072926162,0.001458610484014991,73.0
1695179040000.0,377464,1695179040000.0,0.005324977210574455,-0.00012272000000000002,1334.4807831321366,1334.4931580819998,-1.0,0.6136,2.2,0.6082750227894256,long_nclose,1.3382050501367364,0.001002790798527543,1.0
1695179220000.0,377467,1695179220000.0,0.0037274840474021183,-8.590400000000001e-05,1334.4844247121841,1334.492862178,-0.7,0.6136,1.5,0.6082750227894256,long_nclose,0.9124125341841384,0.0006837191332382344,3.0
1695181980000.0,377513,1695181980000.0,0.0,-0.013160880000000002,1334.4712638321841,1334.538501298,108.0,0.6093,109.5,0.6092859592162935,long_ientry_partial,66.71681253418413,0.049994941324247255,46.0
1695182040000.0,377514,1695182040000.0,0.0467933133951879,-0.00333606,1334.5147210855794,1334.647395238,-27.3,0.611,82.2,0.6092859592162935,long_nclose,50.083305847579325,0.03752922695887414,1.0
1695182100000.0,377515,1695182100000.0,0.035137836065983585,-0.0025051,1334.5473538216454,1334.653110138,-20.5,0.611,61.7,0.6092859592162935,long_nclose,37.59294368364531,0.028169059401296742,1.0
1695183180000.0,377533,1695183180000.0,0.026396228069080353,-0.00188188,1334.5718681697147,1334.6604882580002,-15.4,0.611,46.3,0.6092859592162935,long_nclose,28.209939911714386,0.02113781998896967,18.0
1695183840000.0,377544,1695183840000.0,0.019711469012624938,-0.0014053,1334.5901743387274,1334.6567829580003,-11.5,0.611,34.8,0.6092859592162935,long_nclose,21.20315138072701,0.015887387595396395,11.0
1695184260000.0,377551,1695184260000.0,0.014912154818246691,-0.00106314,1334.6040233535455,1334.6513698180001,-8.7,0.611,26.1,0.6092859592162935,long_nclose,15.90236353554526,0.011915417050509384,7.0
1695184620000.0,377557,1695184620000.0,0.011141265094092356,-0.0007943,1334.6143703186394,1334.655805518,-6.5,0.611,19.6,0.6092859592162935,long_nclose,11.942004800639353,0.008947906650958806,6.0
1695184860000.0,377561,1695184860000.0,0.008398799840161932,-0.00059878,1334.6221703384795,1334.6517767379999,-4.9,0.611,14.7,0.6092859592162935,long_nclose,8.956503600479513,0.006710890767091044,4.0
1695187020000.0,377597,1695187020000.0,0.0,-0.011554224000000002,1334.6106161144794,1334.568492514,94.8,0.6094,109.5,0.609384690415338,long_ientry_partial,66.72762360047952,0.04999782168281194,36.0
1695191820000.0,377677,1695191820000.0,0.04682795166127064,-0.0033366059999999998,1334.6541074601407,1334.811545908,-27.3,0.6111,82.2,0.609384690415338,long_nclose,50.09142155214079,0.03753138829914908,80.0
1695193500000.0,377705,1695193500000.0,0.0,-0.0033273240000000004,1334.6507801361406,1334.6301385839997,27.3,0.6094,109.5,0.6093885073254867,long_ientry_partial,66.7280415521408,0.049996630238611346,28.0
1695195120000.0,377732,1695195120000.0,0.04672375001421351,-0.0033366059999999998,1334.694167280155,1334.843071978,-27.3,0.6111,82.2,0.6093885073254867,long_nclose,50.09173530215501,0.03753049689595343,27.0
1695199980000.0,377813,1695199980000.0,0.14553489928166613,-0.0033685560000000004,1334.8363336234368,1335.121923422,-27.4,0.6147,54.8,0.6093885073254867,long_nclose,33.39449020143667,0.025017666481093406,81.0
1695200100000.0,377815,1695200100000.0,0.0966691666761432,-0.002237508,1334.9307652821128,1335.143465914,-18.2,0.6147,36.6,0.6093885073254867,long_nclose,22.303619368112813,0.01670769746878922,2.0
1695200400000.0,377820,1695200400000.0,0.06480021062906302,-0.0014998680000000001,1334.9940656247418,1335.123666046,-12.2,0.6147,24.4,0.6093885073254867,long_nclose,14.869079578741873,0.011137936835534575,5.0
1695200460000.0,377821,1695200460000.0,0.043023090663558236,-0.000995814,1335.0360929014055,1335.124300232,-8.1,0.6147,16.3,0.6093885073254867,long_nclose,9.933032669405433,0.0074402727553366625,1.0
1695201660000.0,377841,1695201660000.0,0.028682060442372162,-0.0006638760000000001,1335.0641110858478,1335.125276356,-5.4,0.6147,10.9,0.6093885073254867,long_nclose,6.642334729847805,0.0049752927029439765,20.0
1695203220000.0,377867,1695203220000.0,0.0,-0.012017,1335.0520940858478,1334.763379356,98.5,0.61,109.4,0.6099390743130512,long_ientry_partial,66.7273347298478,0.04998107191879887,26.0
1695237480000.0,378438,1695237480000.0,0.0,-0.018312336,1335.0337817498478,1331.65276702,155.4,0.5892,264.8,0.5977681825145309,long_rentry,158.2890147298478,0.11856555009595048,571.0
1695257040000.0,378764,1695257040000.0,0.10802631753805739,-0.007936056,1335.1338720113858,1335.418230964,-66.2,0.5994,198.6,0.5977681825145309,long_nclose,118.71676104738583,0.08891749624218465,326.0
1695257280000.0,378768,1695257280000.0,0.08093814727926958,-0.005946048000000001,1335.2088641106652,1335.452004916,-49.6,0.5994,149.0,0.5977681825145309,long_nclose,89.0674591946651,0.06670676145787105,4.0
1695257340000.0,378769,1695257340000.0,0.06070361045945219,-0.004459536000000001,1335.2651081851247,1335.4475453800003,-37.2,0.5994,111.8,0.5977681825145309,long_nclose,66.83048280512455,0.05005034760172808,1.0
1695257400000.0,378770,1695257400000.0,0.045527707844589135,-0.003344652,1335.3072912409693,1335.4274207280002,-27.9,0.5994,83.9,0.5977681825145309,long_nclose,50.15275051296915,0.037558958033067906,1.0
1695259740000.0,378809,1695259740000.0,0.0,-0.003359184,1335.3039320569694,1335.0771815440003,28.2,0.5956,112.1,0.5972227521228292,long_ientry_partial,66.94867051296914,0.050137402358905694,39.0
1695262200000.0,378850,1695262200000.0,0.046962940560783206,-0.00335384,1335.3475411575303,1335.5222377040004,-28.0,0.5989,84.1,0.5972227521228292,long_nclose,50.22643345352993,0.0376130047837522,41.0
1695264000000.0,378880,1695264000000.0,0.0,-0.0033364800000000006,1335.3442046775303,1335.2581812240005,28.0,0.5958,112.1,0.5968673813874213,long_ientry_partial,66.90883345352994,0.05010605746380396,30.0
1695265740000.0,378909,1695265740000.0,0.04571332115220317,-0.0033516000000000006,1335.3865663986824,1335.5154596240002,-28.0,0.5985,84.1,0.5968673813874213,long_nclose,50.19654677468213,0.03758952503922063,29.0
1695267780000.0,378943,1695267780000.0,0.034284990864152376,-0.0025137000000000002,1335.4183376895464,1335.533975924,-21.0,0.5985,63.1,0.5968673813874213,long_nclose,37.66233176554629,0.028202646843016398,34.0
1695267960000.0,378946,1695267960000.0,0.025632112217485348,-0.00187929,1335.4420905117638,1335.528956634,-15.7,0.5985,47.4,0.5968673813874213,long_nclose,28.29151387776377,0.021185129687594305,3.0
1695268320000.0,378952,1695268320000.0,0.019264899628428478,-0.0014124600000000001,1335.4599429513923,1335.5287441740002,-11.8,0.5985,35.6,0.5968673813874213,long_nclose,21.2484787773922,0.01591098174793072,6.0
1695269280000.0,378968,1695269280000.0,0.014530305651950293,-0.0010653300000000002,1335.4734079270443,1335.525008844,-8.9,0.5985,26.7,0.5968673813874213,long_nclose,15.936359083044149,0.011933115993511972,16.0
1695273780000.0,379043,1695273780000.0,0.0,-0.010171176,1335.4632367510442,1335.441727668,85.2,0.5969,111.9,0.5968922170066501,long_ientry_partial,66.79223908304415,0.05001428511468302,75.0
1695405660000.0,381241,1695405660000.0,0.04764714551446357,-0.003340188,1335.5075437085586,1335.65939748,-27.9,0.5986,84.0,0.5968922170066501,long_nclose,50.13894622855861,0.037542989902796225,2198.0
1695405840000.0,381244,1695405840000.0,0.035863442860348926,-0.0025141200000000003,1335.540893031419,1335.65478336,-21.0,0.5986,63.0,0.5968922170066501,long_nclose,37.60420967141896,0.028156539322479815,3.0
1695406920000.0,381262,1695406920000.0,0.026812192995594196,-0.0018796040000000002,1335.5658256204147,1335.656063756,-15.7,0.5986,47.3,0.5968922170066501,long_nclose,28.233001864414547,0.021139356310872496,18.0
1695407460000.0,381271,1695407460000.0,0.020151839321529398,-0.0014126960000000004,1335.5845647637361,1335.64874106,-11.8,0.5986,35.5,0.5968922170066501,long_nclose,21.189673703736077,0.015865467648231255,9.0
1695408540000.0,381289,1695408540000.0,0.015028490341479551,-0.001053536,1335.5985397180777,1335.657487524,-8.8,0.5986,26.7,0.5968922170066501,long_nclose,15.937022194077556,0.011932494473557594,18.0
1695409020000.0,381297,1695409020000.0,0.011271367756109662,-0.000790152,1335.6090209338338,1335.645357372,-6.6,0.5986,20.1,0.5968922170066501,long_nclose,11.997533561833666,0.008982818604688074,8.0
1695409200000.0,381300,1695409200000.0,0.008538914966749744,-0.0005986000000000001,1335.6169612488004,1335.647278772,-5.0,0.5986,15.1,0.5968922170066501,long_nclose,9.013072476800415,0.0067482464945437665,3.0
1695419820000.0,381477,1695419820000.0,0.006318797075394811,-0.000442964,1335.6228370818758,1335.632045808,-3.7,0.5986,11.4,0.5968922170066501,long_nclose,6.804571273875811,0.005094680238279484,177.0
1695421140000.0,381499,1695421140000.0,0.0047817923813798565,-0.000335216,1335.6272836582573,1335.644550592,-2.8,0.5986,8.6,0.5968922170066501,long_nclose,5.133273066257191,0.003843342472158292,22.0
1695421260000.0,381501,1695421260000.0,0.003586344286034893,-0.000251412,1335.6306185905435,1335.6443191800001,-2.1,0.5986,6.5,0.5968922170066501,long_nclose,3.8797994105432254,0.002904844615375378,2.0
1695421440000.0,381504,1695421440000.0,0.0027324527893599184,-0.00019155200000000003,1335.633159491333,1335.6425076280002,-1.6,0.5986,4.9,0.5968922170066501,long_nclose,2.9247718633325857,0.002189801774947296,3.0
1695422460000.0,381521,1695422460000.0,0.0020493395920199386,-0.000143664,1335.635065166925,1335.6413839640004,-1.2,0.5986,3.7,0.5968922170066501,long_nclose,2.208501202924605,0.0016535214300087211,17.0
1695422520000.0,381522,1695422520000.0,0.001537004694014954,-0.000107748,1335.636494423619,1335.6415562160005,-0.9,0.5986,2.8,0.5968922170066501,long_nclose,1.67129820761862,0.001251312175578021,1.0
1695423180000.0,381533,1695423180000.0,0.0011954480953449641,-8.3804e-05,1335.6376060677144,1335.6420324120004,-0.7,0.5986,2.1,0.5968922170066501,long_nclose,1.2534736557139652,0.0009384833505881508,11.0
1695423600000.0,381540,1695423600000.0,0.0008538914966749744,-5.9860000000000006e-05,1335.6384000992111,1335.6416125520004,-0.5,0.5986,1.6,0.5968922170066501,long_nclose,0.9550275472106402,0.0007150345086961418,7.0
1695423960000.0,381546,1695423960000.0,0.0006831131973399796,-4.7888000000000006e-05,1335.6390353244085,1335.6414446640006,-0.4,0.5986,1.2,0.5968922170066501,long_nclose,0.71627066040798,0.0005362756264711952,6.0
1695424140000.0,381549,1695424140000.0,0.0005123348980049846,-3.5916e-05,1335.6395117433067,1335.6412287480007,-0.3,0.5986,0.9,0.5968922170066501,long_nclose,0.537202995305985,0.00040220657638737837,3.0
1695424800000.0,381560,1695424800000.0,0.0003415565986699898,-2.3944000000000003e-05,1335.6398293559052,1335.6406748040006,-0.2,0.5986,0.7,0.5968922170066501,long_nclose,0.417824551904655,0.0003128272628004403,11.0
1695425760000.0,381576,1695425760000.0,0.0001707782993349949,-1.1972000000000002e-05,1335.6399881622046,1335.6411328320007,-0.1,0.5986,0.6,0.5968922170066501,long_nclose,0.35813533020399,0.0002681376219476418,16.0
1695426180000.0,381583,1695426180000.0,0.0001707782993349949,-1.1972000000000002e-05,1335.640146968504,1335.6410508600006,-0.1,0.5986,0.5,0.5968922170066501,long_nclose,0.29844610850332504,0.000223447991721952,7.0
1695426360000.0,381586,1695426360000.0,0.0001707782993349949,-1.1972000000000002e-05,1335.6403057748034,1335.6410688880007,-0.1,0.5986,0.4,0.5968922170066501,long_nclose,0.23875688680266005,0.00017875837212336703,3.0
1695426660000.0,381591,1695426660000.0,0.0001707782993349949,-1.1972000000000002e-05,1335.6404645811028,1335.6410969160008,-0.1,0.5986,0.3,0.5968922170066501,long_nclose,0.179067665101995,0.00013406876315188312,5.0
1695427200000.0,381600,1695427200000.0,0.0005207782993349897,-1.2042000000000001e-05,1335.640973317402,1335.6497548740008,-0.1,0.6021,0.2,0.5968922170066501,long_nclose,0.11937844340133003,8.937914139068636e-05,9.0
1695427200000.0,381600,1695427200000.0,0.0008807782993349944,-1.2114000000000001e-05,1335.6418419817014,1335.6462327600007,-0.1,0.6057,0.1,0.5968922170066501,long_nclose,0.05968922170066501,4.468954163048957e-05,0.0
1695427200000.0,381600,1695427200000.0,0.0012307782993349892,-1.2184e-05,1335.6430605760006,1335.6430605760006,-0.1,0.6092,0.0,0.5968922170066501,long_nclose,0.0,0.0,0.0
1695481320000.0,382502,1695481320000.0,0.0,-0.013353199999999999,1335.6297073760006,1335.8212273760007,106.4,0.6275,106.4,0.6275,long_ientry_normal,66.76599999999999,0.049988405941621,902.0
1695481380000.0,382503,1695481380000.0,0.04788000000000064,-0.003347876,1335.6742395000008,1335.8178795000008,-26.6,0.6293,79.8,0.6275,long_nclose,50.07449999999999,0.03749005447521769,1.0
1695481440000.0,382504,1695481440000.0,0.03582000000000047,-0.002504614,1335.707554886001,1335.8393348860009,-19.9,0.6293,59.9,0.6275,long_nclose,37.58725,0.02814032896834814,1.0
1695481560000.0,382506,1695481560000.0,0.026820000000000354,-0.0018753139999999999,1335.732499572001,1335.826999572001,-14.9,0.6293,45.0,0.6275,long_nclose,28.237499999999997,0.021140086064423778,2.0
1695481680000.0,382508,1695481680000.0,0.020160000000000265,-0.0014096319999999999,1335.751249940001,1335.8222299400009,-11.2,0.6293,33.8,0.6275,long_nclose,21.209499999999995,0.01587833064049364,2.0
1695482580000.0,382523,1695482580000.0,0.0,-0.0091113,1335.7421386400008,1335.7421386400008,72.6,0.6275,106.4,0.6274999999999998,long_ientry_partial,66.76599999999999,0.049984198348326764,15.0
1695483060000.0,382531,1695483060000.0,0.047880000000003586,-0.003347876,1335.786670764001,1335.970210764001,-26.6,0.6293,79.8,0.6274999999999998,long_nclose,50.074499999999986,0.037486898990659906,8.0
1695483240000.0,382534,1695483240000.0,0.03582000000000268,-0.002504614,1335.8199861500011,1335.9457761500012,-19.9,0.6293,59.9,0.6274999999999998,long_nclose,37.58724999999999,0.028137960495958073,3.0
1695483420000.0,382537,1695483420000.0,0.02682000000000201,-0.0018753139999999999,1335.8449308360011,1335.9124308360012,-14.9,0.6293,45.0,0.6274999999999998,long_nclose,28.237499999999994,0.021138306811052048,3.0
1695483540000.0,382539,1695483540000.0,0.02016000000000151,-0.0014096319999999999,1335.863681204001,1335.971841204001,-11.2,0.6293,33.8,0.6274999999999998,long_nclose,21.20949999999999,0.015876994261034234,2.0
1695483960000.0,382546,1695483960000.0,0.015120000000001133,-0.001057224,1335.877743980001,1335.928543980001,-8.4,0.6293,25.4,0.6274999999999998,long_nclose,15.938499999999994,0.011931106773673898,7.0
1695485640000.0,382574,1695485640000.0,0.01134000000000085,-0.000792918,1335.8882910620011,1335.926491062001,-6.3,0.6293,19.1,0.6274999999999998,long_nclose,11.985249999999997,0.008971745676782595,28.0
1695486240000.0,382584,1695486240000.0,0.034650000000001076,-0.00079758,1335.9221434820013,1335.9912634820014,-6.3,0.633,12.8,0.6274999999999998,long_nclose,8.031999999999998,0.0060123264212576565,10.0
1695486300000.0,382585,1695486300000.0,0.02310000000000072,-0.0005317200000000001,1335.9447117620014,1335.9945917620014,-4.2,0.633,8.6,0.6274999999999998,long_nclose,5.396499999999999,0.004039463573969658,1.0
1695486600000.0,382590,1695486600000.0,0.01540000000000048,-0.00035448,1335.9597572820014,1335.9968772820014,-2.8,0.633,5.8,0.6274999999999998,long_nclose,3.639499999999999,0.002724258706268616,5.0
1695486840000.0,382594,1695486840000.0,0.010450000000000325,-0.00024054,1335.9699667420014,1335.9933667420014,-1.9,0.633,3.9,0.6274999999999998,long_nclose,2.4472499999999995,0.0018318151312697924,4.0
1695486960000.0,382596,1695486960000.0,0.007150000000000223,-0.00016458000000000003,1335.9769521620012,1335.9925521620012,-1.3,0.633,2.6,0.6274999999999998,long_nclose,1.6314999999999997,0.0012212037021744693,2.0
1695487080000.0,382598,1695487080000.0,0.004400000000000137,-0.00010128000000000002,1335.9812508820012,1335.9893508820012,-0.8,0.633,1.8,0.6274999999999998,long_nclose,1.1294999999999997,0.0008454459965319987,2.0
1695487380000.0,382603,1695487380000.0,0.0033000000000001028,-7.596e-05,1335.9844749220013,1335.9921549220012,-0.6,0.633,1.2,0.6274999999999998,long_nclose,0.7529999999999998,0.0005636293041833155,5.0
1695488100000.0,382615,1695488100000.0,0.0022000000000000687,-5.064000000000001e-05,1335.9866242820012,1335.9914242820012,-0.4,0.633,0.8,0.6274999999999998,long_nclose,0.5019999999999999,0.0003757522649373751,12.0
1695488280000.0,382618,1695488280000.0,0.0011000000000000343,-2.5320000000000005e-05,1335.987698962001,1335.991418962001,-0.2,0.633,0.6,0.6274999999999998,long_nclose,0.3764999999999999,0.00028181397200926513,3.0
1695488760000.0,382626,1695488760000.0,0.0011000000000000343,-2.5320000000000005e-05,1335.988773642001,1335.991093642001,-0.2,0.633,0.4,0.6274999999999998,long_nclose,0.25099999999999995,0.0001878758302105758,8.0
1695489780000.0,382643,1695489780000.0,0.00018000000000001348,-1.2586000000000001e-05,1335.988941056001,1335.9895410560011,-0.1,0.6293,0.3,0.6274999999999998,long_nclose,0.18824999999999995,0.00014090685500076232,17.0
1695489960000.0,382646,1695489960000.0,0.00018000000000001348,-1.2586000000000001e-05,1335.9891084700012,1335.9896484700012,-0.1,0.6293,0.2,0.6274999999999998,long_nclose,0.12549999999999997,9.393789156239817e-05,3.0
1695490440000.0,382654,1695490440000.0,0.00018000000000001348,-1.2586000000000001e-05,1335.9892758840012,1335.9894758840012,-0.1,0.6293,0.1,0.6274999999999998,long_nclose,0.06274999999999999,4.6968939895478865e-05,8.0
1695490980000.0,382663,1695490980000.0,0.0005500000000000172,-1.2660000000000002e-05,1335.9898132240012,1335.9898132240012,-0.1,0.633,0.0,0.6274999999999998,long_nclose,0.0,0.0,9.0
1695514080000.0,383048,1695514080000.0,0.0,-0.013360512,1335.9764527120012,1335.8074927120012,105.6,0.6326,105.6,0.6326,long_ientry_normal,66.80256,0.05000279747774922,385.0
1695546180000.0,383583,1695546180000.0,0.047519999999997696,-0.003349632,1336.0206230800013,1336.1790230800013,-26.4,0.6344,79.2,0.6326,long_nclose,50.10192000000001,0.03750085824610799,535.0
1695546360000.0,383586,1695546360000.0,0.03563999999999828,-0.002512224,1336.0537508560014,1336.1903708560014,-19.8,0.6344,59.4,0.6326,long_nclose,37.576440000000005,0.02812494630244106,3.0
1695546840000.0,383594,1695546840000.0,0.02663999999999871,-0.0018778240000000002,1336.0785130320014,1336.1721730320014,-14.8,0.6344,44.6,0.6326,long_nclose,28.213960000000004,0.021116992545575225,8.0
1695548100000.0,383615,1695548100000.0,0.01997999999999903,-0.001408368,1336.0970846640014,1336.1942346640014,-11.1,0.6344,33.5,0.6326,long_nclose,21.192100000000003,0.015861197695322675,21.0
1695548640000.0,383624,1695548640000.0,0.014939999999999277,-0.0010531040000000002,1336.1109715600014,1336.1664115600015,-8.3,0.6344,25.2,0.6326,long_nclose,15.94152,0.011931284406254954,9.0
1695548880000.0,383628,1695548880000.0,0.01133999999999945,-0.000799344,1336.1215122160015,1336.1612022160016,-6.3,0.6344,18.9,0.6326,long_nclose,11.95614,0.008948392710308471,4.0
1695549600000.0,383640,1695549600000.0,0.008459999999999591,-0.000596336,1336.1293758800016,1336.1634558800015,-4.7,0.6344,14.2,0.6326,long_nclose,8.98292,0.006723091462668927,12.0
1695555900000.0,383745,1695555900000.0,0.006299999999999695,-0.00044407999999999996,1336.1352318000015,1336.1566318000016,-3.5,0.6344,10.7,0.6326,long_nclose,6.76882,0.005065969251391753,105.0
1695558480000.0,383788,1695558480000.0,0.004679999999999774,-0.000329888,1336.1395819120016,1336.1541619120017,-2.6,0.6344,8.1,0.6326,long_nclose,5.12406,0.003834973583124844,43.0
1695558900000.0,383795,1695558900000.0,0.0,-0.012341464000000003,1336.1272404480017,1335.9921804480016,97.7,0.6316,105.8,0.6316765595463139,long_ientry_partial,66.83138000000001,0.050018724247843,7.0
1695603360000.0,384536,1695603360000.0,0.04549882797731328,-0.003344352,1336.1693949239789,1336.3459360960017,-26.4,0.6334,79.4,0.6316765595463139,long_nclose,50.155118827977326,0.03753649725739369,741.0
1695603780000.0,384543,1695603780000.0,0.034124120982984965,-0.002508264,1336.201010780962,1336.3096878320016,-19.8,0.6334,59.6,0.6316765595463139,long_nclose,37.64792294896031,0.02817534386308871,7.0
1695604020000.0,384547,1695604020000.0,0.02567926275992303,-0.001887532,1336.224802511722,1336.3554803000018,-14.9,0.6334,44.7,0.6316765595463139,long_nclose,28.235942211720232,0.021131131646894074,4.0
1695604380000.0,384553,1695604380000.0,0.01913018903591581,-0.001406148,1336.242526552758,1336.3273141520017,-11.1,0.6334,33.6,0.6316765595463139,long_nclose,21.224332400756147,0.01588359296984114,6.0
1695604620000.0,384557,1695604620000.0,0.014476899810963319,-0.0010641119999999999,1336.2559393405688,1336.2993700400018,-8.4,0.6334,25.2,0.6316765595463139,long_nclose,15.918249300567108,0.011912575152648252,4.0
1695604680000.0,384558,1695604680000.0,0.010857674858222487,-0.000798084,1336.265998931427,1336.2985719560018,-6.3,0.6334,18.9,0.6316765595463139,long_nclose,11.93868697542533,0.008934364104880578,1.0
1695604740000.0,384559,1695604740000.0,0.008100170132324714,-0.000595396,1336.2735037055593,1336.3008165600015,-4.7,0.6334,14.2,0.6316765595463139,long_nclose,8.969807145557656,0.006712553321370132,1.0
1695605100000.0,384565,1695605100000.0,0.006032041587901382,-0.00044338,1336.2790923671473,1336.3018131800018,-3.5,0.6334,10.7,0.6316765595463139,long_nclose,6.7589391871455575,0.005058029588094847,6.0
1695605580000.0,384573,1695605580000.0,0.004480945179583884,-0.00032936799999999997,1336.283243944327,1336.298013812002,-2.6,0.6334,8.1,0.6316765595463139,long_nclose,5.116580132325142,0.003828963773595227,8.0
1695605880000.0,384578,1695605880000.0,0.0034468809073722184,-0.00025336,1336.2864374652345,1336.296950452002,-2.0,0.6334,6.1,0.6316765595463139,long_nclose,3.853227013232514,0.002883533728398528,5.0
1695608220000.0,384617,1695608220000.0,0.002585160680529164,-0.00019002,1336.288832605915,1336.2976804320022,-1.5,0.6334,4.6,0.6316765595463139,long_nclose,2.9057121739130434,0.002174464160002426,39.0
1695609300000.0,384635,1695609300000.0,0.0018957844990547203,-0.00013934800000000002,1336.2905890424142,1336.2966210840023,-1.1,0.6334,3.5,0.6316765595463139,long_nclose,2.2108679584120985,0.0016544814253286078,18.0
1695610680000.0,384658,1695610680000.0,0.0013787523629488875,-0.000101344,1336.2918664507772,1336.2984097400022,-0.8,0.6334,2.7,0.6316765595463139,long_nclose,1.7055267107750476,0.0012763130223227108,23.0
1695611040000.0,384664,1695611040000.0,0.0010340642722116654,-7.600800000000001e-05,1336.2928245070495,1336.2968637320023,-0.6,0.6334,2.1,0.6316765595463139,long_nclose,1.3265207750472592,0.000992687194542562,6.0
1695613020000.0,384697,1695613020000.0,0.003866408317580294,-8.920799999999999e-05,1336.2966017073672,1336.3050345240024,-0.7,0.6372,1.4,0.6316765595463139,long_nclose,0.8843471833648393,0.0006617895923965693,33.0
1695614520000.0,384722,1695614520000.0,0.002209376181474454,-5.0976e-05,1336.2987601075488,1336.3046835480025,-0.4,0.6372,1.0,0.6316765595463139,long_nclose,0.6316765595463139,0.0004727060881920409,25.0
1695618240000.0,384784,1695618240000.0,0.00466172022684308,-6.41e-05,1336.3033577277756,1336.3081194480026,-0.5,0.641,0.5,0.6316765595463139,long_nclose,0.3158382797731569,0.00023635223091125223,62.0
1695619560000.0,384806,1695619560000.0,0.0005523440453686135,-1.2744e-05,1336.303897327821,1336.3062267040025,-0.1,0.6372,0.4,0.6316765595463139,long_nclose,0.25267062381852556,0.00018908170837770192,22.0
1695619860000.0,384811,1695619860000.0,0.0005523440453686135,-1.2744e-05,1336.3044369278664,1336.3061539600026,-0.1,0.6372,0.3,0.6316765595463139,long_nclose,0.18950296786389415,0.00014181122401984774,5.0
1695620100000.0,384815,1695620100000.0,0.0005523440453686135,-1.2744e-05,1336.3049765279118,1336.3061012160026,-0.1,0.6372,0.2,0.6316765595463139,long_nclose,0.12633531190926278,9.454077783764355e-05,4.0
1695623340000.0,384869,1695623340000.0,0.0005523440453686135,-1.2744e-05,1336.3055161279572,1336.3060684720026,-0.1,0.6372,0.1,0.6316765595463139,long_nclose,0.06316765595463139,4.727036983104304e-05,54.0
1695623400000.0,384870,1695623400000.0,0.0005523440453686135,-1.2744e-05,1336.3060557280025,1336.3060557280025,-0.1,0.6372,0.0,0.6316765595463139,long_nclose,0.0,0.0,1.0
1695651660000.0,385341,1695651660000.0,0.0,-0.013366828000000002,1336.2926889000025,1336.2716089000025,105.4,0.6341,105.4,0.6341,long_ientry_normal,66.83414,0.05001459676847887,471.0
1695655260000.0,385401,1695655260000.0,0.047340000000000625,-0.0033448340000000005,1336.3366840660026,1336.5186140660026,-26.3,0.6359,79.1,0.6341,long_nclose,50.157309999999995,0.03753343794124467,60.0
1695655800000.0,385410,1695655800000.0,0.03546000000000047,-0.002505446,1336.3696386200027,1336.4587386200026,-19.7,0.6359,59.4,0.6341,long_nclose,37.66554,0.028184971366825712,9.0
1695655980000.0,385413,1695655980000.0,0.026640000000000354,-0.001882264,1336.3943963560027,1336.4791363560028,-14.8,0.6359,44.6,0.6341,long_nclose,28.28086,0.021162061197738103,3.0
1695658680000.0,385458,1695658680000.0,0.08288000000000073,-0.0018935120000000002,1336.4753828440028,1336.6482228440027,-14.8,0.6397,29.8,0.6341,long_nclose,18.89618,0.014138816354244526,45.0
1695663060000.0,385531,1695663060000.0,0.0,-0.009580950000000001,1336.4658018940027,1336.4671918940026,75.5,0.6345,105.3,0.6343867996201329,long_ientry_partial,66.80093,0.04998326923542043,73.0
1695664380000.0,385553,1695664380000.0,0.04768716999050465,-0.0033464120000000004,1336.5101426519932,1336.6533854820027,-26.3,0.6362,79.0,0.6343867996201329,long_nclose,50.1165571699905,0.03749807470263253,22.0
1695666180000.0,385583,1695666180000.0,0.0,-0.00333747,1336.5068051819933,1336.4946880120028,26.3,0.6345,105.3,0.634415072839416,long_ientry_partial,66.80390716999051,0.04998396335205623,30.0
1695716040000.0,386414,1695716040000.0,0.04694358432335873,-0.0033464120000000004,1336.5504023543167,1336.7546116000028,-26.3,0.6362,79.0,0.634415072839416,long_nclose,50.11879075431386,0.0374986163380223,831.0
1695716400000.0,386420,1695716400000.0,0.03516306506350445,-0.002506628,1336.5830587913802,1336.7066949720029,-19.7,0.6362,59.3,0.634415072839416,long_nclose,37.62081381937737,0.02814700782860169,6.0
1695719160000.0,386466,1695719160000.0,0.02641692197664294,-0.0018831520000000001,1336.6075925613568,1336.6781218200028,-14.8,0.6362,44.5,0.634415072839416,long_nclose,28.231470741354013,0.021121734530367073,46.0
1695719400000.0,386470,1695719400000.0,0.019812691482482204,-0.0014123640000000002,1336.6259928888392,1336.6822694560026,-11.1,0.6362,33.4,0.634415072839416,long_nclose,21.189463432836494,0.01585294880211021,4.0
1695720540000.0,386489,1695720540000.0,0.014814895432847055,-0.0010560920000000002,1336.639751692272,1336.6870633640028,-8.3,0.6362,25.1,0.634415072839416,long_nclose,15.923818328269343,0.011913320928925511,19.0
1695720780000.0,386493,1695720780000.0,0.01106654839562069,-0.0007888880000000001,1336.6500293526676,1336.6894344760026,-6.2,0.6362,18.9,0.634415072839416,long_nclose,11.990444876664961,0.008970519293275196,4.0
1695721920000.0,386512,1695721920000.0,0.03518504111167925,-0.0008064000000000001,1336.6844079937791,1336.7535180760026,-6.3,0.64,12.6,0.634415072839416,long_nclose,7.993629917776642,0.005980192384958114,19.0
1695722100000.0,386515,1695722100000.0,0.023456694074452833,-0.0005376000000000001,1336.7073270878536,1336.7534004760025,-4.2,0.64,8.4,0.634415072839416,long_nclose,5.3290866118510944,0.0039867265659873545,3.0
1695725520000.0,386572,1695725520000.0,0.015637796049635222,-0.0003584,1336.722606483903,1336.7561220760024,-2.8,0.64,5.6,0.634415072839416,long_nclose,3.552724407900729,0.0026577873304961656,57.0
1695725820000.0,386577,1695725820000.0,0.010052868889051214,-0.00023040000000000004,1336.7324289527921,1336.7544116760023,-1.8,0.64,3.8,0.634415072839416,long_nclose,2.410777276789781,0.0018034852933719913,5.0
1695726120000.0,386582,1695726120000.0,0.006701912592700809,-0.00015360000000000002,1336.7389772653848,1336.7545380760023,-1.2,0.64,2.6,0.634415072839416,long_nclose,1.6494791893824816,0.001233957576936135,5.0
1695726900000.0,386595,1695726900000.0,0.004467941728467206,-0.00010240000000000001,1336.7433428071133,1336.7537556760024,-0.8,0.64,1.8,0.634415072839416,long_nclose,1.1419471311109488,0.0008542755325887021,13.0
1695727980000.0,386613,1695727980000.0,0.00835643444452564,-0.000115866,1336.7515833755579,1336.7599398100024,-0.9,0.6437,0.9,0.634415072839416,long_nclose,0.5709735655554744,0.000427135133151408,18.0
1695728100000.0,386615,1695728100000.0,0.003713970864233618,-5.149600000000001e-05,1336.7552458504222,1336.7599883140024,-0.4,0.6437,0.5,0.634415072839416,long_nclose,0.317207536419708,0.0002372966460422646,2.0
1695728160000.0,386616,1695728160000.0,0.0065424635802919795,-6.475e-05,1336.7617235640023,1336.7617235640023,-0.5,0.6475,0.0,0.634415072839416,long_nclose,0.0,0.0,1.0
1695763140000.0,387199,1695763140000.0,0.0,-0.013372479999999999,1336.7483510840023,1336.7483510840023,104.8,0.638,104.8,0.638,long_ientry_normal,66.8624,0.050018688966984415,583.0
1695814560000.0,388056,1695814560000.0,0.047160000000000625,-0.0033525520000000004,1336.7921585320023,1336.9179185320022,-26.2,0.6398,78.6,0.638,long_nclose,50.1468,0.03751278736933098,857.0
1695815460000.0,388071,1695815460000.0,0.03528000000000047,-0.0025080160000000005,1336.8249305160023,1336.9842305160023,-19.6,0.6398,59.0,0.638,long_nclose,37.642,0.02815776332467897,15.0
1695816000000.0,388080,1695816000000.0,0.026460000000000348,-0.0018810120000000003,1336.8495095040023,1336.9425395040023,-14.7,0.6398,44.3,0.638,long_nclose,28.263399999999997,0.021141796289760602,9.0
1695816120000.0,388082,1695816120000.0,0.019800000000000262,-0.0014075600000000002,1336.8679019440024,1336.9578119440023,-11.0,0.6398,33.3,0.638,long_nclose,21.2454,0.015891921684338495,2.0
1695818880000.0,388128,1695818880000.0,0.0149400000000002,-0.0010620680000000002,1336.8817798760024,1336.9267798760025,-8.3,0.6398,25.0,0.638,long_nclose,15.950000000000001,0.011930748283127462,46.0
1695818940000.0,388129,1695818940000.0,0.011160000000000147,-0.0007933520000000001,1336.8921465240023,1336.9278665240024,-6.2,0.6398,18.8,0.638,long_nclose,11.9944,0.008971853138030724,1.0
1695822600000.0,388190,1695822600000.0,0.008460000000000112,-0.0006014120000000001,1336.9000051120024,1336.9267951120023,-4.7,0.6398,14.1,0.638,long_nclose,8.9958,0.006728850299650011,61.0
1695824280000.0,388218,1695824280000.0,0.0,-0.01157702,1336.8884280920024,1336.7670480920024,91.0,0.6361,105.1,0.6363549000951475,long_ientry_partial,66.8809,0.050027286192799156,28.0
1695860160000.0,388816,1695860160000.0,0.04572161750713546,-0.0033436439999999998,1336.9308060655094,1337.0842744480021,-26.2,0.6381,78.9,0.6363549000951475,long_nclose,50.20840161750714,0.03755497396702739,598.0
1695860460000.0,388821,1695860460000.0,0.03437846812559422,-0.002514114,1336.962670419635,1337.0482203340023,-19.7,0.6381,59.2,0.6363549000951475,long_nclose,37.672210085632734,0.028177458443030788,5.0
1695860580000.0,388823,1695860580000.0,0.02582747859181698,-0.001888776,1336.9866091222268,1337.0640915580022,-14.8,0.6381,44.4,0.6363549000951475,long_nclose,28.25415756422455,0.021132715444902084,2.0
1695860640000.0,388824,1695860640000.0,0.019370608943862732,-0.001416582,1337.0045631491707,1337.0793249760022,-11.1,0.6381,33.3,0.6363549000951475,long_nclose,21.19061817316841,0.015849323747449434,1.0
1695861240000.0,388834,1695861240000.0,0.014484329210275738,-0.0010592460000000002,1337.017988232381,1337.0666157300022,-8.3,0.6381,25.0,0.6363549000951475,long_nclose,15.908872502378687,0.011898772224756066,10.0
1695861960000.0,388846,1695861960000.0,0.01081961941008549,-0.0007912440000000001,1337.028016607791,1337.064584486002,-6.2,0.6381,18.8,0.6363549000951475,long_nclose,11.963472121788774,0.008947809599488883,12.0
1695866460000.0,388921,1695866460000.0,0.008201969552806743,-0.0005998140000000001,1337.0356187633438,1337.0658646720021,-4.7,0.6381,14.1,0.6363549000951475,long_nclose,8.97260409134158,0.0067108190428319,75.0
1695874200000.0,389050,1695874200000.0,0.0,-0.011589232,1337.0240295313438,1336.9605154400022,91.6,0.6326,105.7,0.6331008901735248,long_ientry_partial,66.91876409134157,0.05005053208714436,129.0
1695878880000.0,389128,1695878880000.0,0.0474964994189464,-0.0033522720000000003,1337.0681737587627,1337.2187731680021,-26.4,0.6349,79.3,0.6331008901735248,long_nclose,50.204900590760516,0.03754849720910238,78.0
1695879180000.0,389133,1695879180000.0,0.0356223745642098,-0.0025142040000000004,1337.101281929327,1337.2202289640022,-19.8,0.6349,59.5,0.6331008901735248,long_nclose,37.669502965324725,0.02817251278898689,5.0
1695881100000.0,389165,1695881100000.0,0.02662682543183359,-0.0018793040000000003,1337.1260294507586,1337.219859660002,-14.8,0.6349,44.7,0.6331008901735248,long_nclose,28.29960979075656,0.021164504442697133,32.0
1695883440000.0,389204,1695883440000.0,0.019970119073875192,-0.001409478,1337.1445900918325,1337.215120182002,-11.1,0.6349,33.6,0.6331008901735248,long_nclose,21.272189909830434,0.01590866841735455,39.0
1695888240000.0,389284,1695888240000.0,0.0,-0.00911952,1337.1354705718325,1337.121040662002,72.0,0.6333,105.6,0.6332366468733943,long_ientry_partial,66.86978990983043,0.050009734526923616,80.0
1695892440000.0,389354,1695892440000.0,0.046552522542390305,-0.0033528,1337.178670294375,1337.3341678620022,-26.4,0.635,79.2,0.6332366468733943,long_nclose,50.15234243237283,0.037506089161093166,70.0
1695894180000.0,389383,1695894180000.0,0.034914391906792734,-0.0025146,1337.2110700862818,1337.3217532620022,-19.8,0.635,59.4,0.6332366468733943,long_nclose,37.61425682427962,0.028128885308923303,29.0
1695896460000.0,389421,1695896460000.0,0.026097626273764263,-0.0018796000000000004,1337.2352881125555,1337.327313662002,-14.8,0.635,44.6,0.6332366468733943,long_nclose,28.24235445055339,0.021119958994214205,38.0
1695897660000.0,389441,1695897660000.0,0.08233762627376465,-0.001890848,1337.3157348908294,1337.4755628140022,-14.8,0.6388,29.8,0.6332366468733943,long_nclose,18.87045207682715,0.014110693222620029,20.0
1695901980000.0,389513,1695901980000.0,0.013048813136882132,-0.0009398000000000002,1337.3278439039664,1337.3673430140022,-7.4,0.635,22.4,0.6332366468733943,long_nclose,14.184500889964031,0.010606599536996272,72.0
1695902100000.0,389515,1695902100000.0,0.009874777508991883,-0.0007111999999999999,1337.3370074814752,1337.3683118140023,-5.6,0.635,16.8,0.6332366468733943,long_nclose,10.638375667473024,0.007954895144573636,2.0
1695902580000.0,389523,1695902580000.0,0.007406083131743913,-0.0005334000000000001,1337.343880164607,1337.3660984140024,-4.2,0.635,12.6,0.6332366468733943,long_nclose,7.978781750604768,0.005966140697950253,8.0
1695902640000.0,389524,1695902640000.0,0.00546639469247765,-0.00039370000000000003,1337.3489528592997,1337.3666547140026,-3.1,0.635,9.5,0.6332366468733943,long_nclose,6.015748145297246,0.0044982636225462036,1.0
1695902880000.0,389528,1695902880000.0,0.004055712191193095,-0.0002921,1337.352716471491,1337.3668526140025,-2.3,0.635,7.2,0.6332366468733943,long_nclose,4.559303857488439,0.0034092007301692517,4.0
1695903300000.0,389535,1695903300000.0,0.0031740356278902484,-0.00022860000000000003,1337.355661907119,1337.3662640140026,-1.8,0.635,5.4,0.6332366468733943,long_nclose,3.4194778931163294,0.0025568949162259698,7.0
1695903720000.0,389542,1695903720000.0,0.0022923590645874017,-0.0001651,1337.3577891661835,1337.3691189140025,-1.3,0.635,4.1,0.6332366468733943,long_nclose,2.5962702521809167,0.0019413430521084717,7.0
1695906060000.0,389581,1695906060000.0,0.0017633531266056934,-0.000127,1337.35942551931,1337.3648919140026,-1.0,0.635,3.1,0.6332366468733943,long_nclose,1.9630336053075224,0.0014678429507050859,39.0
1695906180000.0,389583,1695906180000.0,0.0012343471886239854,-8.889999999999999e-05,1337.3605709664985,1337.3657630140024,-0.7,0.635,2.4,0.6332366468733943,long_nclose,1.5197679524961463,0.00113639356916125,2.0
1695908700000.0,389625,1695908700000.0,0.001058011875963416,-7.620000000000001e-05,1337.3615527783745,1337.3649068140023,-0.6,0.635,1.8,0.6332366468733943,long_nclose,1.1398259643721098,0.0008522945511661498,42.0
1695908820000.0,389627,1695908820000.0,0.0007053412506422774,-5.08e-05,1337.3622073196252,1337.3655160140024,-0.4,0.635,1.4,0.6332366468733943,long_nclose,0.886531305622752,0.0006628954375789938,2.0
1695908880000.0,389628,1695908880000.0,0.0,-0.013197798,1337.3490095216252,1337.3710382160025,104.1,0.6339,105.5,0.6338911972096943,long_ientry_partial,66.87552130562275,0.05000603494636331,1.0
1695909120000.0,389632,1695909120000.0,0.04757151338504012,-0.0033437820000000004,1337.3932372530103,1337.5523344340024,-26.3,0.6357,79.2,0.6338911972096943,long_nclose,50.20418281900779,0.037538834069571474,4.0
1695911880000.0,389678,1695911880000.0,0.1454323936640687,-0.0033760319999999993,1337.5352936146744,1337.8419984020024,-26.4,0.6394,52.8,0.6338911972096943,long_nclose,33.46945521267186,0.025023231441034372,46.0
1695914460000.0,389721,1695914460000.0,0.09695492910937915,-0.0022506880000000003,1337.6299978557838,1337.8274277140026,-17.6,0.6394,35.2,0.6338911972096943,long_nclose,22.312970141781243,0.0166809731970342,43.0
1695914700000.0,389725,1695914700000.0,0.0644529926465759,-0.0014961959999999998,1337.6929546524302,1337.8341615180025,-11.7,0.6394,23.5,0.6338911972096943,long_nclose,14.896443134427816,0.011135921051702276,4.0
1695916320000.0,389752,1695916320000.0,0.10891299264657621,-0.001505088,1337.8003625570768,1337.9113864300025,-11.7,0.6432,11.8,0.6338911972096943,long_nclose,7.479916127074394,0.0055912050380800115,27.0
1695916740000.0,389759,1695916740000.0,0.05492193646280339,-0.0007589760000000001,1337.8545255175395,1337.9159374540022,-5.9,0.6432,5.9,0.6338911972096943,long_nclose,3.739958063537197,0.002795489339239198,7.0
1695916740000.0,389759,1695916740000.0,0.07734193646280355,-0.0007634600000000001,1337.9311039940023,1337.9311039940023,-5.9,0.647,0.0,0.6338911972096943,long_nclose,0.0,0.0,0.0
1695926940000.0,389929,1695926940000.0,0.0,-0.013377000000000002,1337.9177269940024,1337.9597269940023,105.0,0.637,105.0,0.637,long_ientry_normal,66.885,0.04999186321439617,170.0
1695927240000.0,389934,1695927240000.0,0.047160000000000625,-0.0033473120000000003,1337.9615396820025,1338.1112596820024,-26.2,0.6388,78.8,0.637,long_nclose,50.1956,0.03751647451086684,5.0
1695929100000.0,389965,1695929100000.0,0.14671999999999838,-0.003367224,1338.1048924580025,1338.4152324580025,-26.2,0.6426,52.6,0.637,long_nclose,33.5062,0.025040039976575768,31.0
1695929580000.0,389973,1695929580000.0,0.09799999999999892,-0.0022491,1338.2006433580025,1338.4077333580026,-17.5,0.6426,35.1,0.637,long_nclose,22.358700000000002,0.01670803261900576,8.0
1695929880000.0,389978,1695929880000.0,0.06551999999999927,-0.001503684,1338.2646596740026,1338.4003796740026,-11.7,0.6426,23.4,0.637,long_nclose,14.9058,0.011138155589964551,5.0
1695930120000.0,389982,1695930120000.0,0.04367999999999952,-0.0010024559999999999,1338.3073372180027,1338.3978172180027,-7.8,0.6426,15.6,0.637,long_nclose,9.9372,0.00742520026876404,4.0
1695938100000.0,390115,1695938100000.0,0.02911999999999968,-0.000668304,1338.3357889140025,1338.3971489140024,-5.2,0.6426,10.4,0.637,long_nclose,6.6248000000000005,0.004950028277563823,133.0
1695938400000.0,390120,1695938400000.0,0.01903999999999979,-0.000436968,1338.3543919460024,1338.4005919460024,-3.4,0.6426,7.0,0.637,long_nclose,4.459,0.0033317034911182954,5.0
1695938760000.0,390126,1695938760000.0,0.012879999999999857,-0.00029559599999999997,1338.3669763500025,1338.3942363500025,-2.3,0.6426,4.7,0.637,long_nclose,2.9939,0.002236979881381242,6.0
1695939720000.0,390142,1695939720000.0,0.008399999999999908,-0.00019278,1338.3751835700025,1338.3937435700025,-1.5,0.6426,3.2,0.637,long_nclose,2.0384,0.0015230407923156053,16.0
1695943260000.0,390201,1695943260000.0,0.015039999999999942,-0.000206848,1338.3900167220024,1338.4056967220024,-1.6,0.6464,1.6,0.637,long_nclose,1.0192,0.0007615119563550201,59.0
1695943860000.0,390211,1695943860000.0,0.007519999999999971,-0.000103424,1338.3974332980026,1338.4053532980026,-0.8,0.6464,0.8,0.637,long_nclose,0.5096,0.0003807538682618905,10.0
1695944100000.0,390215,1695944100000.0,0.0037599999999999856,-5.1712e-05,1338.4011415860027,1338.4050215860027,-0.4,0.6464,0.4,0.637,long_nclose,0.2548,0.00019037640665642478,4.0
1695944520000.0,390222,1695944520000.0,0.0018799999999999928,-2.5856e-05,1338.4029957300027,1338.4049157300026,-0.2,0.6464,0.2,0.637,long_nclose,0.1274,9.518807146013035e-05,7.0
1695944880000.0,390228,1695944880000.0,0.0009399999999999964,-1.2928e-05,1338.4039228020026,1338.4048928020027,-0.1,0.6464,0.1,0.637,long_nclose,0.0637,4.759400276311316e-05,6.0
1695945180000.0,390233,1695945180000.0,0.0009399999999999964,-1.2928e-05,1338.4048498740026,1338.4048498740026,-0.1,0.6464,0.0,0.637,long_nclose,0.0,0.0,5.0
1695958080000.0,390448,1695958080000.0,0.0,-0.01337809,1338.3914717840025,1338.3601217840026,104.5,0.6401,104.5,0.6401,long_ientry_normal,66.89045,0.04997823985746016,215.0
1695963600000.0,390540,1695963600000.0,0.046980000000000625,-0.003350718000000001,1338.4351010660025,1338.5683810660025,-26.1,0.6419,78.4,0.6401,long_nclose,50.183840000000004,0.03749441415577854,92.0
1695966780000.0,390593,1695966780000.0,0.03528000000000047,-0.0025162480000000004,1338.4678648180027,1338.5678248180027,-19.6,0.6419,58.8,0.6401,long_nclose,37.637879999999996,0.028120122260176773,53.0
1695968340000.0,390619,1695968340000.0,0.0,-0.005862399999999999,1338.4620024180026,1338.4142824180026,45.8,0.64,104.6,0.6400562141491396,long_ientry_partial,66.94988,0.050020007948713884,26.0
1695971580000.0,390673,1695971580000.0,0.045512810707457364,-0.0033501960000000006,1338.50416503271,1338.7038522220025,-26.1,0.6418,78.5,0.6400562141491396,long_nclose,50.24441281070746,0.03753773363079494,54.0
1695972780000.0,390693,1695972780000.0,0.14730281070745774,-0.003370554000000001,1338.6480972894176,1338.9543116680027,-26.1,0.6457,52.4,0.6400562141491396,long_nclose,33.53894562141492,0.025054340785548326,20.0
1695973020000.0,390697,1695973020000.0,0.09820187380497182,-0.002247036,1338.7440521272226,1338.9275846320027,-17.4,0.6457,35.0,0.6400562141491396,long_nclose,22.401967495219886,0.016733570139582585,4.0
1695973140000.0,390699,1695973140000.0,0.06546791586998121,-0.0014980240000000001,1338.8080220190925,1338.9424266080027,-11.6,0.6457,23.4,0.6400562141491396,long_nclose,14.977315411089865,0.01118705233667645,2.0
1695976260000.0,390751,1695976260000.0,0.0,-0.010385666,1338.7976363530925,1338.7824409420025,81.1,0.6403,104.5,0.6402454106324389,long_ientry_partial,66.90564541108986,0.04997442749700543,52.0
1695998880000.0,391128,1695998880000.0,0.04579478249334527,-0.00335124,1338.8400798955859,1339.0011597020027,-26.1,0.642,78.4,0.6402454106324389,long_nclose,50.19524019358321,0.03749158764166805,377.0
1696000740000.0,391159,1696000740000.0,0.03438995160419798,-0.0025166400000000005,1338.87195320719,1338.9868830620026,-19.6,0.642,58.8,0.6402454106324389,long_nclose,37.6464301451874,0.028118021335055653,31.0
1696000980000.0,391163,1696000980000.0,0.025792463703148482,-0.0018874800000000002,1338.895858190893,1338.9820555820024,-14.7,0.642,44.1,0.6402454106324389,long_nclose,28.234822608890557,0.021088139481618275,4.0
1696004160000.0,391216,1696004160000.0,0.0,-0.007759296,1338.8880988948931,1338.7934862860027,60.8,0.6381,104.9,0.6390019314479556,long_ientry_partial,67.03130260889054,0.05006490285798911,53.0
1696015500000.0,391405,1696015500000.0,0.04710939606356463,-0.003357792,1338.9318504989567,1339.0890984940027,-26.2,0.6408,78.7,0.6390019314479556,long_nclose,50.28945200495411,0.03755938137270661,189.0
1696016820000.0,391427,1696016820000.0,0.035242143620071255,-0.0025119360000000006,1338.9645807065767,1339.0944865580025,-19.6,0.6408,59.1,0.6390019314479556,long_nclose,37.765014148574174,0.02820464013218739,22.0
1696017660000.0,391441,1696017660000.0,0.02643160771505344,-0.0018839520000000002,1338.9891283622917,1339.0822826060025,-14.7,0.6408,44.4,0.6390019314479556,long_nclose,28.371685756289228,0.021188884327231573,14.0
1696018980000.0,391463,1696018980000.0,0.019958560927693412,-0.0014225760000000003,1339.0076643472194,1339.0708700300024,-11.1,0.6408,33.3,0.6390019314479556,long_nclose,21.27876431721692,0.015891443255920828,22.0
1696023060000.0,391531,1696023060000.0,0.06213856092769247,-0.0014310119999999997,1339.068371896147,1339.1904290180023,-11.1,0.6446,22.2,0.6390019314479556,long_nclose,14.185842878144614,0.010593815204564337,68.0
1696023420000.0,391537,1696023420000.0,0.04142570728512831,-0.000954008,1339.108843595432,1339.1961350100023,-7.4,0.6446,14.8,0.6390019314479556,long_nclose,9.457228585429743,0.007062330019446078,6.0
1696024740000.0,391559,1696024740000.0,0.027430535905017397,-0.000631708,1339.1356424233372,1339.1930433020025,-4.9,0.6446,9.9,0.6390019314479556,long_nclose,6.32611912133476,0.0047240316222834896,22.0
1696032720000.0,391692,1696032720000.0,0.04605053590501752,-0.0006354320000000001,1339.1810575272423,1339.2275478700026,-4.9,0.6484,5.0,0.6390019314479556,long_nclose,3.195009657239778,0.0023857936455129285,133.0
1696032780000.0,391693,1696032780000.0,0.02349517138011098,-0.0003242,1339.2042284986223,1339.2287236700024,-2.5,0.6484,2.5,0.6390019314479556,long_nclose,1.597504828619889,0.0011928761832023533,1.0
1696034160000.0,391716,1696034160000.0,0.01127768226245327,-0.000155616,1339.2153505648848,1339.2276980540025,-1.2,0.6484,1.3,0.6390019314479556,long_nclose,0.8307025108823423,0.0006202904637644346,23.0
1696035900000.0,391745,1696035900000.0,0.017157489117657743,-0.00016957200000000002,1339.2323384820024,1339.2323384820024,-1.3,0.6522,0.0,0.6390019314479556,long_nclose,0.0,0.0,29.0
1696056060000.0,392081,1696056060000.0,0.0,-0.013388554,1339.2189499280025,1339.2293399280024,103.9,0.6443,103.9,0.6443,long_ientry_normal,66.94277,0.04998642679272041,336.0
1696065720000.0,392242,1696065720000.0,0.04662000000000061,-0.003346798,1339.2622231300027,1339.4182231300026,-25.9,0.6461,78.0,0.6443,long_nclose,50.2554,0.03752469018542733,161.0
1696066440000.0,392254,1696066440000.0,0.035100000000000464,-0.00251979,1339.2948033400028,1339.4293533400028,-19.5,0.6461,58.5,0.6443,long_nclose,37.69155,0.028142833008836337,12.0
1696069320000.0,392302,1696069320000.0,0.026280000000000348,-0.001886612,1339.319196728003,1339.4201667280029,-14.6,0.6461,43.9,0.6443,long_nclose,28.284769999999998,0.021118766959437707,48.0
1696070340000.0,392319,1696070340000.0,0.01962000000000026,-0.001408498,1339.337408230003,1339.406708230003,-10.9,0.6461,33.0,0.6443,long_nclose,21.2619,0.015874939256791606,17.0
1696072920000.0,392362,1696072920000.0,0.0,-0.009136174000000002,1339.3282720560028,1339.3074920560027,70.9,0.6443,103.9,0.6443,long_ientry_partial,66.94277,0.04998234667086968,43.0
1696088760000.0,392626,1696088760000.0,0.04662000000000061,-0.003346798,1339.371545258003,1339.5041452580028,-25.9,0.6461,78.0,0.6443,long_nclose,50.2554,0.03752162734674142,264.0
1696088820000.0,392627,1696088820000.0,0.035100000000000464,-0.00251979,1339.404125468003,1339.515275468003,-19.5,0.6461,58.5,0.6443,long_nclose,37.69155,0.028140535991577707,1.0
1696090500000.0,392655,1696090500000.0,0.026280000000000348,-0.001886612,1339.4285188560032,1339.525098856003,-14.6,0.6461,43.9,0.6443,long_nclose,28.284769999999998,0.021117043277649357,28.0
1696091220000.0,392667,1696091220000.0,0.01962000000000026,-0.001408498,1339.4467303580032,1339.5160303580033,-10.9,0.6461,33.0,0.6443,long_nclose,21.2619,0.015873643585898475,12.0
1696091520000.0,392672,1696091520000.0,0.014760000000000193,-0.001059604,1339.4604307540033,1339.5125107540032,-8.2,0.6461,24.8,0.6443,long_nclose,15.97864,0.011929161648325344,5.0
1696092240000.0,392684,1696092240000.0,0.011160000000000147,-0.000801164,1339.4707895900033,1339.5042695900033,-6.2,0.6461,18.6,0.6443,long_nclose,11.98398,0.008946802045357152,12.0
1696092300000.0,392685,1696092300000.0,0.008280000000000108,-0.000594412,1339.4784751780032,1339.5078751780031,-4.6,0.6461,14.0,0.6443,long_nclose,9.020199999999999,0.006734113438292695,1.0
1696092660000.0,392691,1696092660000.0,0.006300000000000083,-0.00045227000000000006,1339.4843229080032,1339.505322908003,-3.5,0.6461,10.5,0.6443,long_nclose,6.76515,0.005050563029594066,6.0
1696093020000.0,392697,1696093020000.0,0.004680000000000062,-0.00033597200000000003,1339.4886669360033,1339.5186869360032,-2.6,0.6461,7.9,0.6443,long_nclose,5.08997,0.0037999350988485695,6.0
1696093980000.0,392713,1696093980000.0,0.0,-0.012373836000000001,1339.4762931000032,1339.3995431000033,96.1,0.6438,104.0,0.6438379807692308,long_ientry_partial,66.95915000000001,0.049989051948828286,16.0
1696101060000.0,392831,1696101060000.0,0.04581249999999737,-0.00335712,1339.5187484800033,1339.6561859800033,-26.0,0.6456,78.0,0.6438379807692308,long_nclose,50.2193625,0.03749060067803126,118.0
1696101240000.0,392834,1696101240000.0,0.03435937499999803,-0.00251784,1339.550590015003,1339.659518140003,-19.5,0.6456,58.5,0.6438379807692308,long_nclose,37.664521875000005,0.028117282136076817,3.0
1696101480000.0,392838,1696101480000.0,0.02572548076922929,-0.0018851519999999997,1339.5744303437723,1339.6561729880032,-14.6,0.6456,43.9,0.6438379807692308,long_nclose,28.264487355769234,0.02109960201951285,4.0
1696101600000.0,392840,1696101600000.0,0.019206009615383515,-0.001407408,1339.5922289453877,1339.656975580003,-10.9,0.6456,33.0,0.6438379807692308,long_nclose,21.246653365384617,0.01586053793557114,2.0
1696105320000.0,392902,1696105320000.0,0.014448557692306862,-0.001058784,1339.60561871908,1339.639396796003,-8.2,0.6456,24.8,0.6438379807692308,long_nclose,15.967181923076925,0.01191931543131673,62.0
1696106460000.0,392921,1696106460000.0,0.010924519230768604,-0.000800544,1339.6157426943107,1339.646656252003,-6.2,0.6456,18.6,0.6438379807692308,long_nclose,11.975386442307695,0.008939419014457177,19.0
1696106520000.0,392922,1696106520000.0,0.008105288461537996,-0.0005939519999999999,1339.6232540307724,1339.6563223000032,-4.6,0.6456,14.0,0.6438379807692308,long_nclose,9.013731730769232,0.006728557229540431,1.0
1696110180000.0,392983,1696110180000.0,0.0,-0.011595600000000001,1339.6116584307724,1339.6063267000031,90.0,0.6442,104.0,0.6441512666420119,long_ientry_partial,66.99173173076925,0.050008322418784924,61.0
1696111380000.0,393003,1696111380000.0,0.04806706730768995,-0.0033592,1339.6563662980802,1339.8239675000034,-26.0,0.646,78.0,0.6441512666420119,long_nclose,50.24379879807693,0.03750499013184806,20.0
1696122000000.0,393180,1696122000000.0,0.1468670673076906,-0.0033789600000000003,1339.799854405388,1340.0987885400034,-26.0,0.6498,52.0,0.6441512666420119,long_nclose,33.49586586538462,0.025000648981448284,177.0
1696123020000.0,393197,1696123020000.0,0.09772308709319415,-0.002248308,1339.8953291844814,1340.0948102320035,-17.3,0.6498,34.7,0.6441512666420119,long_nclose,22.352048952477816,0.016681936615214745,17.0
1696128540000.0,393289,1696128540000.0,0.16346308709319265,-0.0022614560000000002,1340.0565308155747,1340.2244187760036,-17.3,0.6536,17.4,0.6441512666420119,long_nclose,11.208232039571007,0.008363999414822852,92.0
1696128960000.0,393296,1696128960000.0,0.08220398021449572,-0.001137264,1340.1375975317892,1340.2198015120036,-8.7,0.6536,8.7,0.6441512666420119,long_nclose,5.604116019785503,0.0041817467326541215,7.0
1696130160000.0,393316,1696130160000.0,0.040629553439348466,-0.000562096,1340.1776649892286,1340.2192394160038,-4.3,0.6536,4.4,0.6441512666420119,long_nclose,2.8342655732248527,0.002114843163908147,20.0
1696130220000.0,393317,1696130220000.0,0.020787213387573635,-0.000287584,1340.1981646186161,1340.2196118320037,-2.2,0.6536,2.2,0.6441512666420119,long_nclose,1.4171327866124264,0.0010574054076664876,1.0
1696130460000.0,393321,1696130460000.0,0.029367213387573667,-0.00028930000000000004,1340.2272425320036,1340.2272425320036,-2.2,0.6575,0.0,0.6441512666420119,long_nclose,0.0,0.0,4.0
1696182180000.0,394183,1696182180000.0,0.0,-0.013402508,1340.2138400240037,1340.2240600240038,102.2,0.6557,102.2,0.6557,long_ientry_normal,67.01254,0.05000137888353681,862.0
1696185240000.0,394234,1696185240000.0,0.04590000000000061,-0.00335325,1340.2563867740039,1340.4021167740038,-25.5,0.6575,76.7,0.6557,long_nclose,50.29219,0.037524305421183825,51.0
1696185720000.0,394242,1696185720000.0,0.03438000000000046,-0.0025116500000000003,1340.2882551240039,1340.4092151240038,-19.1,0.6575,57.6,0.6557,long_nclose,37.768319999999996,0.028179251631587014,8.0
1696186080000.0,394248,1696186080000.0,0.025920000000000342,-0.0018936,1340.312281524004,1340.398681524004,-14.4,0.6575,43.2,0.6557,long_nclose,28.32624,0.02113405986834024,6.0
1696186680000.0,394258,1696186680000.0,0.01944000000000026,-0.0014202000000000002,1340.330301324004,1340.3853813240041,-10.8,0.6575,32.4,0.6557,long_nclose,21.24468,0.01585033180180594,10.0
1696187520000.0,394272,1696187520000.0,0.014580000000000192,-0.00106515,1340.3438161740041,1340.3899861740042,-8.1,0.6575,24.3,0.6557,long_nclose,15.93351,0.011887628985734436,14.0
1696187820000.0,394277,1696187820000.0,0.010800000000000143,-0.000789,1340.3538271740042,1340.3885971740042,-6.0,0.6575,18.3,0.6557,long_nclose,11.99931,0.00895234508734107,5.0
1696190640000.0,394324,1696190640000.0,0.0,-0.011006002,1340.3428211720043,1340.4180211720043,83.9,0.6559,102.2,0.6558641878669277,long_ientry_partial,67.02932000000001,0.05000908643759449,47.0
1696191000000.0,394330,1696191000000.0,0.046813209393342825,-0.00335427,1340.3862801113976,1340.5577669020042,-25.5,0.6577,76.7,0.6558641878669277,long_nclose,50.30478320939336,0.03753006424775744,6.0
1696192680000.0,394358,1696192680000.0,0.035064011741680313,-0.002512414,1340.4188317091393,1340.5360944880042,-19.1,0.6577,57.6,0.6558641878669277,long_nclose,37.77777722113503,0.028183561978881926,28.0
1696198500000.0,394455,1696198500000.0,0.11012759295498782,-0.002540544,1340.5264187580942,1340.8081139440042,-19.2,0.6616,38.4,0.6558641878669277,long_nclose,25.18518481409002,0.01878753336127636,97.0
1696198620000.0,394457,1696198620000.0,0.1850075929549881,-0.00255552,1340.7088708310491,1341.047478424004,-19.2,0.6655,19.2,0.6558641878669277,long_nclose,12.59259240704501,0.009392488317944366,2.0
1696198620000.0,394457,1696198620000.0,0.25988759295498837,-0.0025704960000000002,1340.966187928004,1340.966187928004,-19.2,0.6694,0.0,0.6558641878669277,long_nclose,0.0,0.0,0.0
1696225320000.0,394902,1696225320000.0,0.0,-0.013413192,1340.9527747360041,1340.6789947360041,101.4,0.6614,101.4,0.6614,long_ientry_normal,67.06596,0.05001366286982284,445.0
1696228020000.0,394947,1696228020000.0,0.0455400000000006,-0.0033557920000000002,1340.994958944004,1341.147158944004,-25.3,0.6632,76.1,0.6614,long_nclose,50.332539999999995,0.03753372797138287,45.0
1696230660000.0,394991,1696230660000.0,0.03420000000000045,-0.00252016,1341.0266387840043,1341.1465487840042,-19.0,0.6632,57.1,0.6614,long_nclose,37.76594,0.028161961073528582,44.0
1696231320000.0,395002,1696231320000.0,0.025560000000000336,-0.001883488,1341.0503152960043,1341.1318252960043,-14.2,0.6632,42.9,0.6614,long_nclose,28.37406,0.02115808756492266,11.0
1696231620000.0,395007,1696231620000.0,0.019260000000000253,-0.0014192480000000001,1341.0681560480043,1341.1422160480042,-10.7,0.6632,32.2,0.6614,long_nclose,21.29708,0.015880684291811383,5.0
1696231800000.0,395010,1696231800000.0,0.01440000000000019,-0.00106112,1341.0814949280043,1341.1323149280042,-8.0,0.6632,24.2,0.6614,long_nclose,16.005879999999998,0.011935053954986733,3.0
1696233720000.0,395042,1696233720000.0,0.010800000000000143,-0.00079584,1341.0914990880044,1341.1297190880043,-6.0,0.6632,18.2,0.6614,long_nclose,12.037479999999999,0.008975882710602493,32.0
1696233900000.0,395045,1696233900000.0,0.008100000000000107,-0.00059688,1341.0990022080043,1341.1195522080043,-4.5,0.6632,13.7,0.6614,long_nclose,9.06118,0.0067565332500296735,3.0
1696234200000.0,395050,1696234200000.0,0.006120000000000081,-0.000450976,1341.1046712320044,1341.1263012320044,-3.4,0.6632,10.3,0.6614,long_nclose,6.81242,0.005079707905082291,5.0
1696234320000.0,395052,1696234320000.0,0.0045000000000000595,-0.0003316,1341.1088396320044,1341.1275596320045,-2.5,0.6632,7.8,0.6614,long_nclose,5.15892,0.003846757136740363,2.0
1696236360000.0,395086,1696236360000.0,0.003420000000000045,-0.000252016,1341.1120076160043,1341.1232176160042,-1.9,0.6632,5.9,0.6614,long_nclose,3.90226,0.002909719678773706,34.0
1696236780000.0,395093,1696236780000.0,0.002520000000000033,-0.000185696,1341.1143419200043,1341.1215419200043,-1.4,0.6632,4.5,0.6614,long_nclose,2.9763,0.002219273858289357,7.0
1696237620000.0,395107,1696237620000.0,0.0,-0.012810512000000001,1341.1015314080043,1341.0522314080044,96.8,0.6617,101.3,0.6616866732477789,long_ientry_partial,67.02886,0.049980451464869555,14.0
1696271940000.0,395679,1696271940000.0,0.0,-0.018396176,1341.0831352320045,1333.8031552320044,143.9,0.6392,245.2,0.6484899673735727,long_rentry,159.00974000000002,0.11856814527198695,572.0
1696271940000.0,395679,1696271940000.0,0.0,-0.043530534,1341.0396046980045,1331.6349946980044,348.3,0.6249,593.5,0.6346460151642797,long_rentry,376.66240999999997,0.28087344227601874,0.0
1696360320000.0,397152,1696360320000.0,0.2601159511373224,-0.018875624,1341.2808450251418,1342.1507590740046,-148.3,0.6364,445.2,0.6346460151642797,long_nclose,282.5444059511373,0.21065268097960582,1473.0
1696379460000.0,397471,1696379460000.0,0.0,-0.07708956000000002,1341.2037554651417,1330.8708295140043,632.4,0.6095,1077.6,0.6198888325455989,long_rentry,667.9922059511373,0.49805423167747653,319.0
1696408500000.0,397955,1696408500000.0,0.4609885122156674,-0.033491808,1341.6312521693574,1342.7717577060043,-269.4,0.6216,808.2,0.6198888325455989,long_nclose,500.9941544633531,0.373421648946585,484.0
1696408560000.0,397956,1696408560000.0,0.34565582578903054,-0.025112640000000002,1341.9517953551463,1342.686005066004,-202.0,0.6216,606.2,0.6198888325455989,long_nclose,375.77661028914207,0.2800224356715385,1.0
1696408740000.0,397959,1696408740000.0,0.2592418693417729,-0.018834480000000004,1342.1922027444882,1343.0157405860043,-151.5,0.6216,454.7,0.6198888325455989,long_nclose,281.8634521584838,0.2100023018924823,3.0
1696409220000.0,397967,1696409220000.0,0.19438862281996963,-0.014122752,1342.3724686153082,1343.1949178340044,-113.6,0.6216,341.1,0.6198888325455989,long_nclose,211.4440807813038,0.1575152096194388,8.0
1696410300000.0,397985,1696410300000.0,0.14579146711497723,-0.010592064000000002,1342.5076680184231,1343.0479157700045,-85.2,0.6216,255.9,0.6198888325455989,long_nclose,158.62955224841878,0.1181591405601133,18.0
1696410960000.0,397996,1696410960000.0,0.10934360033623293,-0.007944048,1342.6090675707594,1343.0144117220045,-63.9,0.6216,192.0,0.6198888325455989,long_nclose,119.01865584875499,0.08864729035690232,11.0
1696411260000.0,398001,1696411260000.0,0.08213603781125478,-0.005967360000000001,1342.6852362485706,1342.9604443620044,-48.0,0.6216,144.0,0.6198888325455989,long_nclose,89.26399188656625,0.06648169613897568,5.0
1696423440000.0,398204,1696423440000.0,0.061602028358441085,-0.00447552,1342.7423627569292,1342.9055688420044,-36.0,0.6216,108.0,0.6198888325455989,long_nclose,66.94799391492468,0.04985915077369461,203.0
1696446540000.0,398589,1696446540000.0,0.046201521268830814,-0.00335664,1342.785207638198,1342.9643122020045,-27.0,0.6216,81.0,0.6198888325455989,long_nclose,50.210995436193514,0.03739316992068208,385.0
1696446840000.0,398594,1696446840000.0,0.034565582578903055,-0.0025112640000000005,1342.8172619567767,1342.9456209380044,-20.2,0.6216,60.8,0.6198888325455989,long_nclose,37.689241018772414,0.028067289635412485,5.0
1696448280000.0,398618,1696448280000.0,0.0,-0.00590808,1342.8113538767768,1342.6639328580045,47.8,0.618,108.6,0.6190574679444973,long_ientry_partial,67.22964101877241,0.05006633346126871,24.0
1696451640000.0,398674,1696451640000.0,0.047222618704122546,-0.003364736000000001,1342.8552117594809,1343.0053781220045,-27.1,0.6208,81.5,0.6190574679444973,long_nclose,50.453183637476535,0.037571573759891855,56.0
1696454040000.0,398714,1696454040000.0,0.03537340072670434,-0.0025204480000000002,1342.8880647122076,1343.0008276740043,-20.3,0.6208,61.2,0.6190574679444973,long_nclose,37.88631703820324,0.02821256516738988,40.0
1696454460000.0,398721,1696454460000.0,0.026660740449190957,-0.0018996480000000003,1342.9128258046567,1343.0203480260043,-15.3,0.6208,45.9,0.6190574679444973,long_nclose,28.414737778652427,0.0211590337307462,7.0
1696455360000.0,398736,1696455360000.0,0.019864865432730517,-0.0014154240000000002,1342.9312752460894,1342.9913926020042,-11.4,0.6208,34.5,0.6190574679444973,long_nclose,21.35748264408516,0.015903630392531773,15.0
1696455480000.0,398738,1696455480000.0,0.01498577567732302,-0.0010677759999999999,1342.9451932457669,1342.9980948260045,-8.6,0.6208,25.9,0.6190574679444973,long_nclose,16.03358841976248,0.011939123428418453,2.0
1696458720000.0,398792,1696458720000.0,0.011152205155217133,-0.0007946240000000001,1342.955550826922,1342.9914802020044,-6.4,0.6208,19.5,0.6190574679444973,long_nclose,12.071620624917697,0.008988845995300903,54.0
1696463160000.0,398866,1696463160000.0,0.008364153866412849,-0.000595968,1342.9633190127886,1342.9918742340044,-4.8,0.6208,14.7,0.6190574679444973,long_nclose,9.100144778784111,0.006776167785039446,74.0
1696464000000.0,398880,1696464000000.0,0.0,-0.01161244,1342.9517065727887,1342.9400117940045,93.8,0.619,108.5,0.6190077859795771,long_ientry_partial,67.16234477878412,0.05001099030595996,14.0
1696466700000.0,398925,1696466700000.0,0.04585899995346239,-0.003364194000000001,1342.9942013787422,1343.1482276000047,-27.1,0.6207,81.4,0.6190077859795771,long_nclose,50.387233778737574,0.03751857880474028,45.0
1696467660000.0,398941,1696467660000.0,0.03435194461458622,-0.002520042,1343.0260332813568,1343.1783075580047,-20.3,0.6207,61.1,0.6190077859795771,long_nclose,37.82137572335216,0.028161312428877382,16.0
1696468740000.0,398959,1696468740000.0,0.0,-0.005869068,1343.0201642133568,1343.0149484900046,47.4,0.6191,108.5,0.6190480711829691,long_ientry_partial,67.16671572335216,0.050011695664073305,18.0
1696504260000.0,399551,1696504260000.0,0.04747727094153742,-0.003364736000000001,1343.0642767482982,1343.2231637540044,-27.1,0.6208,81.4,0.6190480711829691,long_nclose,50.39051299429369,0.03751906283762866,592.0
1696504380000.0,399553,1696504380000.0,0.03556415498572729,-0.0025204480000000002,1343.0973204552838,1343.2043633060043,-20.3,0.6208,61.1,0.6190480711829691,long_nclose,37.82383714927941,0.02816165036831275,2.0
1696504560000.0,399556,1696504560000.0,0.026629318018869697,-0.001887232,1343.1220625413027,1343.2024760740044,-15.2,0.6208,45.9,0.6190480711829691,long_nclose,28.41430646729828,0.02115541636888606,3.0
1696507920000.0,399612,1696507920000.0,0.0,-0.007763118,1343.1142994233028,1343.0140029560046,62.9,0.6171,108.8,0.617921842530315,long_ientry_partial,67.22989646729827,0.05005523096296792,56.0
1696511520000.0,399672,1696511520000.0,0.048365883175432424,-0.0033711680000000003,1343.1592941384781,1343.3125517880044,-27.2,0.6197,81.6,0.617921842530315,long_nclose,50.4224223504737,0.03754016561588503,60.0
1696512300000.0,399685,1696512300000.0,0.03627441238157431,-0.002528376,1343.1930401748596,1343.3385834120043,-20.4,0.6197,61.2,0.617921842530315,long_nclose,37.81681676285528,0.028154416849816476,13.0
1696513740000.0,399709,1696513740000.0,0.02720580928618074,-0.0018962820000000002,1343.2183497021458,1343.3045571300045,-15.3,0.6197,45.9,0.617921842530315,long_nclose,28.362612572141458,0.02111541476367619,24.0
1696514100000.0,399715,1696514100000.0,0.020270995154409176,-0.0014129160000000002,1343.2372077813002,1343.3020042140042,-11.4,0.6197,34.5,0.617921842530315,long_nclose,21.318303567295867,0.01587084056620833,6.0
1696514460000.0,399721,1696514460000.0,0.015292154239291133,-0.001065884,1343.2514340515395,1343.2923083300043,-8.6,0.6197,25.9,0.617921842530315,long_nclose,16.00417572153516,0.011914504846842465,6.0
1696514520000.0,399722,1696514520000.0,0.0113802078059841,-0.0007932160000000001,1343.2620210433456,1343.2986451140046,-6.4,0.6197,19.5,0.617921842530315,long_nclose,12.049475929341142,0.008970309396510749,1.0
1696517460000.0,399771,1696517460000.0,0.008535155854488075,-0.000594912,1343.2699612872002,1343.3019802020046,-4.8,0.6197,14.7,0.617921842530315,long_nclose,9.08345108519563,0.006762193264927427,49.0
1696517640000.0,399774,1696517640000.0,0.006401366890866056,-0.0004461840000000001,1343.275916470091,1343.2967640180045,-3.6,0.6197,11.1,0.617921842530315,long_nclose,6.8589324520864965,0.005106123297520771,3.0
1696517820000.0,399777,1696517820000.0,0.0048010251681495425,-0.00033463800000000006,1343.2803828572594,1343.2969993800048,-2.7,0.6197,8.4,0.617921842530315,long_nclose,5.190543477254646,0.003864080458179525,3.0
1696518000000.0,399780,1696518000000.0,0.003734130686338533,-0.00026027400000000006,1343.2838567139456,1343.2944291060046,-2.1,0.6197,6.3,0.617921842530315,long_nclose,3.8929076079409843,0.0028980528489817065,3.0
1696518180000.0,399783,1696518180000.0,0.0026672362045275233,-0.00018591000000000004,1343.2863380401502,1343.2891131960048,-1.5,0.6197,4.8,0.617921842530315,long_nclose,2.966024844145512,0.0022080361871862192,3.0
1696518240000.0,399784,1696518240000.0,0.0,-0.012835806000000003,1343.27350223415,1343.0441673900045,103.9,0.6177,108.7,0.6177097961742917,long_ientry_partial,67.1450548441455,0.049986138141241504,1.0
1696533540000.0,400039,1696533540000.0,0.04580452367669441,-0.0033571480000000003,1343.3159496098267,1343.4946702420045,-27.1,0.6194,81.6,0.6177097961742917,long_nclose,50.405119367822195,0.03752290693969846,255.0
1696535160000.0,400066,1696535160000.0,0.03448015804444893,-0.0025271519999999995,1343.3479026158711,1343.4513430900045,-20.4,0.6194,61.2,0.6177097961742917,long_nclose,37.80383952586665,0.028141510812092745,27.0
1696535580000.0,400073,1696535580000.0,0.025860118533336696,-0.001895364,1343.3718673704045,1343.4494477260046,-15.3,0.6194,45.9,0.6177097961742917,long_nclose,28.352879644399987,0.021105756591359614,7.0
1696535880000.0,400078,1696535880000.0,0.0192683236130744,-0.0014122319999999998,1343.3897234620176,1343.4549354940045,-11.4,0.6194,34.5,0.6177097961742917,long_nclose,21.310987968013062,0.01586359311510365,5.0
1696543440000.0,400204,1696543440000.0,0.0,-0.009168152,1343.3805553100176,1343.3401873420046,74.2,0.6178,108.7,0.617771370450902,long_ientry_partial,67.15174796801305,0.049987137079348425,126.0
1696545240000.0,400234,1696545240000.0,0.04684586078055652,-0.0033576900000000004,1343.4240434807982,1343.6140596520047,-27.1,0.6195,81.6,0.617771370450902,long_nclose,50.4101438287936,0.03752362783249094,30.0
1696546320000.0,400252,1696546320000.0,0.03526404280159973,-0.0025275600000000003,1343.4567799635997,1343.5686920920045,-20.4,0.6195,61.2,0.617771370450902,long_nclose,37.8076078715952,0.028142035110812855,18.0
1696546800000.0,400260,1696546800000.0,0.026448032101199805,-0.0018956700000000003,1343.4813323257008,1343.5606764220045,-15.3,0.6195,45.9,0.617771370450902,long_nclose,28.355705903696403,0.0211061406075586,8.0
1696547100000.0,400265,1696547100000.0,0.0197063768597175,-0.0014124600000000001,1343.4996262425605,1343.5592639620043,-11.4,0.6195,34.5,0.617771370450902,long_nclose,21.31311228055612,0.01586387659828658,5.0
1696548060000.0,400281,1696548060000.0,0.0,-0.009169636,1343.4904566065604,1343.4622843260042,74.2,0.6179,108.7,0.6178591746141318,long_ientry_partial,67.16129228055613,0.04999015210736568,16.0
1696560660000.0,400491,1696560660000.0,0.04717636795703048,-0.0033582320000000005,1343.5342747425175,1343.6844860940043,-27.1,0.6196,81.6,0.6178591746141318,long_nclose,50.41730864851315,0.0375258819937254,210.0
1696565760000.0,400576,1696565760000.0,0.0,-0.0033592,1343.5309155425175,1343.4689668940043,27.2,0.6175,108.8,0.6177693809605989,long_ientry_partial,67.21330864851315,0.050027362877148554,85.0
1696579800000.0,400810,1696579800000.0,0.04707283787171246,-0.00337008,1343.5746183003891,1343.7239968140043,-27.2,0.6195,81.6,0.6177693809605989,long_nclose,50.409981486384865,0.03751930171928455,234.0
1696579980000.0,400813,1696579980000.0,0.035304628403784344,-0.0025275600000000003,1343.6073953687928,1343.7255492540041,-20.4,0.6195,61.2,0.6177693809605989,long_nclose,37.80748611478865,0.028138789831840177,3.0
1696580220000.0,400817,1696580220000.0,0.026478471302838258,-0.0018956700000000003,1343.6319781700956,1343.6976435840043,-15.3,0.6195,45.9,0.6177693809605989,long_nclose,28.355614586091487,0.02110370625795112,4.0
1696580280000.0,400818,1696580280000.0,0.019729057049173604,-0.0014124600000000001,1343.6502947671447,1343.713451124004,-11.4,0.6195,34.5,0.6177693809605989,long_nclose,21.31304364314066,0.015862046639772608,1.0
1696581660000.0,400841,1696581660000.0,0.014883323738850263,-0.00106554,1343.6641125508836,1343.727065584004,-8.6,0.6195,25.9,0.6177693809605989,long_nclose,16.00022696687951,0.01190790675841139,23.0
1696583460000.0,400871,1696583460000.0,0.011075961852167637,-0.0007929600000000001,1343.6743955527359,1343.7100926240041,-6.4,0.6195,19.5,0.6177693809605989,long_nclose,12.046502928731678,0.008965343812908045,30.0
1696587660000.0,400941,1696587660000.0,0.008306971389125728,-0.0005947200000000001,1343.682107804125,1343.7119579040043,-4.8,0.6195,14.7,0.6177693809605989,long_nclose,9.081209900120802,0.006758451159970803,70.0
1696588020000.0,400947,1696588020000.0,0.006230228541844296,-0.0004460400000000001,1343.687891992667,1343.7082118640042,-3.6,0.6195,11.1,0.6177693809605989,long_nclose,6.857240128662647,0.005103298295330677,6.0
1696589460000.0,400971,1696589460000.0,0.004672671406383222,-0.00033453000000000004,1343.6922301340733,1343.7059273340042,-2.7,0.6195,8.4,0.6177693809605989,long_nclose,5.189262800069031,0.003861942998324287,24.0
1696594260000.0,401051,1696594260000.0,0.003634299982742506,-0.00026019000000000004,1343.6956042440559,1343.705877144004,-2.1,0.6195,6.3,0.6177693809605989,long_nclose,3.8919471000517727,0.00289644997554437,80.0
1696594440000.0,401054,1696594440000.0,0.00259592855910179,-0.00018585000000000005,1343.6980143226149,1343.706801294004,-1.5,0.6195,4.8,0.6177693809605989,long_nclose,2.9652930286108745,0.0022068150707997723,3.0
1696595400000.0,401070,1696595400000.0,0.0,-0.012844000000000001,1343.6851703226148,1343.6185972940038,104.0,0.6175,108.8,0.6175118844541442,long_ientry_partial,67.18529302861089,0.050000769906897086,16.0
1696598640000.0,401124,1696598640000.0,0.045916742847277627,-0.003368448,1343.7277186174622,1343.873628846004,-27.2,0.6192,81.6,0.6175118844541442,long_nclose,50.388969771458164,0.037499389997924945,54.0
1696598760000.0,401126,1696598760000.0,0.034437557135458215,-0.002526336,1343.7596298385977,1343.8751825100042,-20.4,0.6192,61.2,0.6175118844541442,long_nclose,37.79172732859362,0.02812387460481521,2.0
1696599180000.0,401133,1696599180000.0,0.10991755713545896,-0.002541432,1343.8670059637332,1344.082761078004,-20.4,0.6229,40.8,0.6175118844541442,long_nclose,25.194484885729082,0.018747751655426092,7.0
1696599240000.0,401134,1696599240000.0,0.07327837142363931,-0.001694288,1343.9385900471568,1344.101466790004,-13.6,0.6229,27.2,0.6175118844541442,long_nclose,16.79632325715272,0.012497835378447883,1.0
1696602600000.0,401190,1696602600000.0,0.048493039912702485,-0.00112122,1343.9859618670696,1344.0858455700043,-9.0,0.6229,18.2,0.6175118844541442,long_nclose,11.238716297065423,0.0083622274457782,56.0
1696606140000.0,401249,1696606140000.0,0.0827018514672884,-0.0011404120000000002,1344.067523306537,1344.1584151580041,-9.1,0.6266,9.1,0.6175118844541442,long_nclose,5.6193581485327115,0.0041808600022627904,59.0
1696609560000.0,401306,1696609560000.0,0.04089651995635141,-0.0005639400000000001,1344.1078558864933,1344.1510412180044,-4.5,0.6266,4.6,0.6175118844541442,long_nclose,2.840554668489063,0.00211333834264037,57.0
1696613160000.0,401366,1696613160000.0,0.020902665755468494,-0.000288236,1344.128470316249,1344.1496029820044,-2.3,0.6266,2.3,0.6175118844541442,long_nclose,1.4202773342445314,0.0010566529655534832,60.0
1696613340000.0,401369,1696613340000.0,0.009996927100441456,-0.00013785200000000002,1344.1383293913493,1344.1499551300044,-1.1,0.6266,1.2,0.6175118844541442,long_nclose,0.741014261344973,0.0005512931557278914,3.0
1696622580000.0,401523,1696622580000.0,0.005452869327513521,-7.519200000000001e-05,1344.1437070686768,1344.1493399380042,-0.6,0.6266,0.6,0.6175118844541442,long_nclose,0.3705071306724865,0.00027564547505154225,154.0
1696623240000.0,401534,1696623240000.0,0.0027264346637567603,-3.7596000000000004e-05,1344.1463959073405,1344.1491823420042,-0.3,0.6266,0.3,0.6175118844541442,long_nclose,0.18525356533624324,0.00013782246182432483,11.0
1696627740000.0,401609,1696627740000.0,0.0009088115545855869,-1.2532000000000001e-05,1344.1472921868951,1344.1492698100044,-0.1,0.6266,0.2,0.6175118844541442,long_nclose,0.12350237689082884,9.18815799493919e-05,75.0
1696628340000.0,401619,1696628340000.0,0.002557623109171159,-2.5212000000000002e-05,1344.1498245980042,1344.1498245980042,-0.2,0.6303,0.0,0.6175118844541442,long_nclose,0.0,0.0,10.0
1696641900000.0,401845,1696641900000.0,0.0,-0.013435708000000003,1344.1363888900041,1344.0932288900042,107.9,0.6226,107.9,0.6226,long_ientry_normal,67.17854000000001,0.049978960881697766,226.0
1696651980000.0,402013,1696651980000.0,0.045729999999997946,-0.003358734,1344.1787601560043,1344.3407601560043,-26.9,0.6243,81.0,0.6226,long_nclose,50.430600000000005,0.03751777776502514,168.0
1696653120000.0,402032,1696653120000.0,0.03433999999999846,-0.002522172,1344.2105779840042,1344.3200179840042,-20.2,0.6243,60.8,0.6226,long_nclose,37.85408,0.028160825855701947,19.0
1696653360000.0,402036,1696653360000.0,0.02583999999999884,-0.001897872,1344.2345201120042,1344.3257201120043,-15.2,0.6243,45.6,0.6226,long_nclose,28.390560000000004,0.021120243212943562,4.0
1696655100000.0,402065,1696655100000.0,0.01937999999999913,-0.001423404,1344.2524767080042,1344.3140367080043,-11.4,0.6243,34.2,0.6226,long_nclose,21.292920000000002,0.015839970815709502,29.0
1696656660000.0,402091,1696656660000.0,0.014449999999999352,-0.00106131,1344.265865398004,1344.3121253980041,-8.5,0.6243,25.7,0.6226,long_nclose,16.00082,0.01190301741037109,26.0
1696659240000.0,402134,1696659240000.0,0.0,-0.010237188000000001,1344.255628210004,1344.247408210004,82.2,0.6227,107.9,0.6226761816496756,long_ientry_partial,67.18676,0.04998064251325855,43.0
1696840440000.0,405154,1696840440000.0,0.0,-0.018441990000000002,1344.237186220004,1341.769436220004,153.3,0.6015,261.2,0.6102477411944871,long_rentry,159.39671,0.11857781620237993,3020.0
1696845000000.0,405230,1696845000000.0,0.0,-0.043629600000000004,1344.193556620004,1340.1526066200042,371.0,0.588,632.2,0.5971918854792786,long_rentry,377.54470999999995,0.28087079285615835,76.0
1696861440000.0,405504,1696861440000.0,0.26988209427398013,-0.01892524,1344.444513474278,1345.3967613800041,-158.0,0.5989,474.2,0.5971918854792786,long_nclose,283.1883920942739,0.21063598330470773,274.0
1697079900000.0,409145,1697079900000.0,0.2024115707054851,-0.01419393,1344.6327311149835,1345.3470174500042,-118.5,0.5989,355.7,0.5971918854792786,long_nclose,212.42115366497939,0.1579770808411287,3641.0
1697104620000.0,409557,1697104620000.0,0.0,-0.05806907600000001,1344.5746620389834,1340.929828374004,505.3,0.5746,861.0,0.5839332562891747,long_rentry,502.7665336649794,0.3739223621115676,412.0
1697108580000.0,409623,1697108580000.0,0.3586832465696075,-0.025204224,1344.9081410615531,1346.113684150004,-215.2,0.5856,645.8,0.5839332562891747,long_nclose,377.104096911549,0.28039394319815475,66.0
1697109360000.0,409636,1697109360000.0,0.2690124349272056,-0.018903168000000005,1345.1582503284803,1346.0140609820041,-161.4,0.5856,484.4,0.5839332562891747,long_nclose,282.8572693464762,0.21027806154213005,13.0
1697110200000.0,409650,1697110200000.0,0.20184266338094548,-0.014183231999999999,1345.3459097598613,1345.9877677500042,-121.1,0.5856,363.3,0.5839332562891747,long_nclose,212.14295200985717,0.1576865477278805,14.0
1697118060000.0,409781,1697118060000.0,0.15134032894293847,-0.010634496,1345.4866155928044,1345.8318032540042,-90.8,0.5856,272.5,0.5839332562891747,long_nclose,159.1218123388001,0.11826339295741939,131.0
1697118180000.0,409783,1697118180000.0,0.11350524670720384,-0.007975872,1345.5921449675116,1345.9123873820042,-68.1,0.5856,204.4,0.5839332562891747,long_nclose,119.35595758550731,0.0887014375283746,2.0
1697118240000.0,409784,1697118240000.0,0.08517060362317352,-0.005984832000000001,1345.6713307391349,1345.9421725500044,-51.1,0.5856,153.3,0.5839332562891747,long_nclose,89.51696818913048,0.06652216343195899,1.0
1697118720000.0,409792,1697118720000.0,0.06383628412460951,-0.004485696,1345.7306813272594,1345.8993568540043,-38.3,0.5856,115.0,0.5839332562891747,long_nclose,67.15232447325509,0.04990027009492307,8.0
1697118960000.0,409796,1697118960000.0,0.0478355445006865,-0.003361344,1345.77515552776,1345.9448855100043,-28.7,0.5856,86.3,0.5839332562891747,long_nclose,50.39344001775577,0.03744566082288348,4.0
1697119020000.0,409797,1697119020000.0,0.0,-0.0033396299999999997,1345.77181589776,1345.9300658800041,28.5,0.5859,114.8,0.5844215158341095,long_ientry_partial,67.09159001775576,0.04985361502239455,1.0
1697119080000.0,409798,1697119080000.0,0.04817249556105586,-0.003364214,1345.816624179321,1345.9525316660042,-28.7,0.5861,86.1,0.5844215158341095,long_nclose,50.318692513316826,0.03738896637868563,1.0
1697119140000.0,409799,1697119140000.0,0.036087409566644635,-0.00252023,1345.8501913588875,1345.965081436004,-21.5,0.5861,64.6,0.5844215158341095,long_nclose,37.75362992288347,0.0280518813797278,1.0
1697119200000.0,409800,1697119200000.0,0.0,-0.0058854480000000015,1345.8443059108874,1345.936235988004,50.2,0.5862,114.8,0.5851992153561278,long_ientry_partial,67.18086992288347,0.04991726727068512,1.0
1697119860000.0,409811,1697119860000.0,0.04594251927913053,-0.003368232,1345.8868801981666,1346.0505377560041,-28.7,0.5868,86.1,0.5851992153561278,long_nclose,50.3856524421626,0.03743676618256646,11.0
1697119920000.0,409812,1697119920000.0,0.0,-0.0033464700000000003,1345.8835337281666,1346.024271286004,28.5,0.5871,114.6,0.5856719235790804,long_ientry_partial,67.1180024421626,0.04986910141937935,1.0
1697123820000.0,409877,1697123820000.0,0.04656298563830246,-0.0033593560000000004,1345.926737357805,1346.101151930004,-28.6,0.5873,86.0,0.5856719235790804,long_nclose,50.36778542780091,0.03742238268234283,65.0
1697124060000.0,409881,1697124060000.0,0.0,-0.003358784000000001,1345.923378573805,1346.031873146004,28.6,0.5872,114.6,0.5860532759843012,long_ientry_partial,67.16170542780092,0.04990009572385034,4.0
1697230860000.0,411661,1697230860000.0,0.04709630684898465,-0.0033616440000000004,1345.9671132366539,1346.177531502004,-28.6,0.5877,86.0,0.5860532759843012,long_nclose,50.400581734649904,0.03744562644881521,1780.0
1697236920000.0,411762,1697236920000.0,0.0,-0.003455298,1345.9636579386538,1345.6702662040038,29.7,0.5817,115.7,0.5849357971879854,long_ientry_partial,67.67707173464991,0.05028150005052699,101.0
1697255160000.0,412066,1697255160000.0,0.04809546126722268,-0.0033905479999999997,1346.008362851921,1346.170175656004,-28.9,0.5866,86.8,0.5849357971879854,long_nclose,50.77242719591713,0.03772073680756379,304.0
1697255940000.0,412079,1697255940000.0,0.03611320102071738,-0.0025458440000000002,1346.0419302089417,1346.169799812004,-21.7,0.5866,65.1,0.5849357971879854,long_nclose,38.079320396937845,0.02828984710084545,13.0
1697265120000.0,412232,1697265120000.0,0.026960085554636935,-0.001900584,1346.0669897104965,1346.1532592280041,-16.2,0.5866,48.9,0.5849357971879854,long_nclose,28.603360482492484,0.021249581708146868,153.0
1697267700000.0,412275,1697267700000.0,0.020303274306578432,-0.001431304,1346.085861680803,1346.1616179240038,-12.2,0.5866,36.7,0.5849357971879854,long_nclose,21.467143756799064,0.015947826485595732,43.0
1697278380000.0,412453,1697278380000.0,0.06300327430657779,-0.001439844,1346.1474251111094,1346.300898080004,-12.2,0.5901,24.5,0.5849357971879854,long_nclose,14.330927031105642,0.010645882288801157,178.0
1697278680000.0,412458,1697278680000.0,0.04183004277731804,-0.000955962,1346.1882991918867,1346.2779121180038,-8.1,0.5901,16.4,0.5849357971879854,long_nclose,9.592947073882959,0.007126006874106378,5.0
1697279280000.0,412468,1697279280000.0,0.0278866951848787,-0.0006373080000000001,1346.2155485790715,1346.2745548100038,-5.4,0.5901,11.0,0.5849357971879854,long_nclose,6.434293769067839,0.004779542010088374,10.0
1697279760000.0,412476,1697279760000.0,0.018591130123252465,-0.00042487199999999997,1346.2337148371948,1346.2726699380037,-3.6,0.5901,7.4,0.5849357971879854,long_nclose,4.328524899191092,0.003215284873261815,8.0
1697280120000.0,412482,1697280120000.0,0.012394086748834975,-0.000283248,1346.2458256759437,1346.2721466900039,-2.4,0.5901,5.0,0.5849357971879854,long_nclose,2.924678985939927,0.002172470235494665,6.0
1697281020000.0,412497,1697281020000.0,0.008262724499223318,-0.000188832,1346.2538995684429,1346.2717978580038,-1.6,0.5901,3.4,0.5849357971879854,long_nclose,1.9887817104391503,0.0014772709004420913,15.0
1697284920000.0,412562,1697284920000.0,0.005680623093216031,-0.000129822,1346.2594503695361,1346.2710980360037,-1.1,0.5901,2.3,0.5849357971879854,long_nclose,1.3453523335323663,0.0009993261946373555,65.0
1697285220000.0,412567,1697285220000.0,0.003614941968410201,-8.261399999999999e-05,1346.2629826975046,1346.2710854220038,-0.7,0.5901,1.6,0.5849357971879854,long_nclose,0.9358972755007766,0.0006951816157237875,5.0
1697285580000.0,412573,1697285580000.0,0.0025821014060072867,-5.901e-05,1346.2655057889106,1346.2714064120037,-0.5,0.5901,1.1,0.5849357971879854,long_nclose,0.6434293769067839,0.00047793646508809183,6.0
1697285700000.0,412575,1697285700000.0,0.001549260843604372,-3.5406e-05,1346.267019643754,1346.2710710060037,-0.3,0.5901,0.8,0.5849357971879854,long_nclose,0.4679486377503883,0.0003475897655683608,2.0
1697286060000.0,412581,1697286060000.0,0.0010328405624029148,-2.3604e-05,1346.2680288803165,1346.2713074020037,-0.2,0.5901,0.6,0.5849357971879854,long_nclose,0.35096147831279123,0.0002606921287469657,6.0
1697286300000.0,412585,1697286300000.0,0.0010328405624029148,-2.3604e-05,1346.2690381168788,1346.2711837980037,-0.2,0.5901,0.4,0.5849357971879854,long_nclose,0.23397431887519415,0.00017379462221196921,4.0
1697286540000.0,412589,1697286540000.0,0.0005164202812014574,-1.1802e-05,1346.26954273516,1346.2711819960036,-0.1,0.5901,0.3,0.5849357971879854,long_nclose,0.17548073915639562,0.00013034591780177889,4.0
1697288820000.0,412627,1697288820000.0,0.0005164202812014574,-1.1802e-05,1346.2700473534412,1346.2711001940036,-0.1,0.5901,0.2,0.5849357971879854,long_nclose,0.11698715943759708,8.689724596307832e-05,38.0
1697297880000.0,412778,1697297880000.0,0.0005164202812014574,-1.1802e-05,1346.2705519717224,1346.2710783920036,-0.1,0.5901,0.1,0.5849357971879854,long_nclose,0.05849357971879854,4.34486066958309e-05,151.0
1697307300000.0,412935,1697307300000.0,0.0005164202812014574,-1.1802e-05,1346.2710565900036,1346.2710565900036,-0.1,0.5901,0.0,0.5849357971879854,long_nclose,0.0,0.0,157.0
1697330160000.0,413316,1697330160000.0,0.0,-0.013460304000000003,1346.2575962860035,1346.2232762860035,114.4,0.5883,114.4,0.5883,long_ientry_normal,67.30152000000001,0.04999156193114044,381.0
1697334000000.0,413380,1697334000000.0,0.048619999999997825,-0.0033748,1346.3028414860034,1346.4401214860034,-28.6,0.59,85.8,0.5883,long_nclose,50.47614,0.03749241139852765,64.0
1697334060000.0,413381,1697334060000.0,0.036379999999998365,-0.0025251999999999996,1346.3366962860034,1346.4654962860034,-21.4,0.59,64.4,0.5883,long_nclose,37.886520000000004,0.028140449639762134,1.0
1697334180000.0,413383,1697334180000.0,0.11127999999999962,-0.00254018,1346.4454361060034,1346.6045361060035,-21.4,0.5935,43.0,0.5883,long_nclose,25.2969,0.018787913213297428,2.0
1697337540000.0,413439,1697337540000.0,0.07435999999999975,-0.00169741,1346.5180986960036,1346.6702086960036,-14.3,0.5935,28.7,0.5883,long_nclose,16.88421,0.01253916305792772,56.0
1697337720000.0,413442,1697337720000.0,0.04939999999999983,-0.00112765,1346.5663710460037,1346.6719710460038,-9.5,0.5935,19.2,0.5883,long_nclose,11.29536,0.008388268296961732,3.0
1697338500000.0,413455,1697338500000.0,0.033279999999999886,-0.0007596800000000001,1346.5988913660037,1346.6654513660037,-6.4,0.5935,12.8,0.5883,long_nclose,7.530240000000001,0.005592043813701085,13.0
1697338740000.0,413459,1697338740000.0,0.021839999999999925,-0.00049854,1346.6202328260038,1346.6658128260037,-4.2,0.5935,8.6,0.5883,long_nclose,5.05938,0.0037570948933259643,4.0
1697339160000.0,413466,1697339160000.0,0.01455999999999995,-0.00033236,1346.634460466004,1346.6663604660039,-2.8,0.5935,5.8,0.5883,long_nclose,3.41214,0.0025338279244831044,7.0
1697339400000.0,413470,1697339400000.0,0.009879999999999967,-0.00022553000000000002,1346.644114936004,1346.665174936004,-1.9,0.5935,3.9,0.5883,long_nclose,2.2943700000000002,0.0017037686308895611,4.0
1697352000000.0,413680,1697352000000.0,0.006759999999999977,-0.00015431000000000003,1346.650720626004,1346.664500626004,-1.3,0.5935,2.6,0.5883,long_nclose,1.5295800000000002,0.0011358401822923762,210.0
1697352300000.0,413685,1697352300000.0,0.004159999999999986,-9.496000000000001e-05,1346.6547856660038,1346.6643256660038,-0.8,0.5935,1.8,0.5883,long_nclose,1.0589400000000002,0.0007863485217381002,5.0
1697358720000.0,413792,1697358720000.0,0.007829999999999938,-0.00010746,1346.6625082060038,1346.6704282060039,-0.9,0.597,0.9,0.5883,long_nclose,0.5294700000000001,0.0003931720061809318,107.0
1697358900000.0,413795,1697358900000.0,0.0034799999999999723,-4.7760000000000004e-05,1346.665940446004,1346.670340446004,-0.4,0.597,0.5,0.5883,long_nclose,0.29415,0.00021842833561423562,3.0
1697359140000.0,413799,1697359140000.0,0.0017399999999999861,-2.3880000000000002e-05,1346.6676565660039,1346.6702965660038,-0.2,0.597,0.3,0.5883,long_nclose,0.17649,0.00013105683435662863,4.0
1697361900000.0,413845,1697361900000.0,0.0008699999999999931,-1.1940000000000001e-05,1346.668514626004,1346.670294626004,-0.1,0.597,0.2,0.5883,long_nclose,0.11766000000000001,8.73711672338879e-05,46.0
1697363640000.0,413874,1697363640000.0,0.0008699999999999931,-1.1940000000000001e-05,1346.6693726860042,1346.6702526860042,-0.1,0.597,0.1,0.5883,long_nclose,0.05883000000000001,4.368555578171383e-05,29.0
1697364660000.0,413891,1697364660000.0,0.0008699999999999931,-1.1940000000000001e-05,1346.6702307460043,1346.6702307460043,-0.1,0.597,0.0,0.5883,long_nclose,0.0,0.0,17.0
1697374920000.0,414062,1697374920000.0,0.0,-0.013469368,1346.6567613780044,1346.6112413780045,113.8,0.5918,113.8,0.5918,long_ientry_normal,67.34684,0.05001039755006721,171.0
1697375940000.0,414079,1697375940000.0,0.04828000000000099,-0.0033710800000000003,1346.7016702980043,1346.8639302980043,-28.4,0.5935,85.4,0.5918,long_nclose,50.53972,0.03752851957836834,17.0
1697376240000.0,414084,1697376240000.0,0.03621000000000074,-0.00252831,1346.7353519880044,1346.8699619880044,-21.3,0.5935,64.1,0.5918,long_nclose,37.93438,0.02816765739757449,5.0
1697377380000.0,414103,1697377380000.0,0.027200000000000557,-0.0018992000000000002,1346.7606527880043,1346.8472327880042,-16.0,0.5935,48.1,0.5918,long_nclose,28.46558,0.021136331790709666,19.0
1697377620000.0,414107,1697377620000.0,0.0,-0.007776252000000002,1346.7528765360044,1346.7414965360044,65.7,0.5918,113.8,0.5918,long_ientry_partial,67.34684,0.05000682840434946,4.0
1697379900000.0,414145,1697379900000.0,0.04828000000000099,-0.0033710800000000003,1346.7977854560042,1346.9856654560042,-28.4,0.5935,85.4,0.5918,long_nclose,50.53972,0.037525841329541586,38.0
1697380200000.0,414150,1697380200000.0,0.03621000000000074,-0.00252831,1346.8314671460043,1346.9788971460043,-21.3,0.5935,64.1,0.5918,long_nclose,37.93438,0.02816564724344066,5.0
1697380800000.0,414160,1697380800000.0,0.027200000000000557,-0.0018992000000000002,1346.8567679460043,1346.9385379460043,-16.0,0.5935,48.1,0.5918,long_nclose,28.46558,0.021134823447790097,10.0
1697382360000.0,414186,1697382360000.0,0.0,-0.007776252000000002,1346.8489916940043,1346.8376116940044,65.7,0.5918,113.8,0.5918,long_ientry_partial,67.34684,0.05000325976804145,26.0
1697383200000.0,414200,1697383200000.0,0.04828000000000099,-0.0033710800000000003,1346.8939006140042,1347.0561606140043,-28.4,0.5935,85.4,0.5918,long_nclose,50.53972,0.03752316346295771,14.0
1697383440000.0,414204,1697383440000.0,0.03621000000000074,-0.00252831,1346.9275823040043,1347.0429623040043,-21.3,0.5935,64.1,0.5918,long_nclose,37.93438,0.028163637376191267,4.0
1697384640000.0,414224,1697384640000.0,0.027200000000000557,-0.0018992000000000002,1346.9528831040043,1347.0442731040043,-16.0,0.5935,48.1,0.5918,long_nclose,28.46558,0.021133315320133617,20.0
1697385300000.0,414235,1697385300000.0,0.020400000000000418,-0.0014244000000000001,1346.9718587040045,1347.0440587040046,-12.0,0.5935,36.1,0.5918,long_nclose,21.36398,0.01586074709872221,11.0
1697389200000.0,414300,1697389200000.0,0.06239999999999979,-0.0014328,1347.0328259040045,1347.1557359040046,-12.0,0.597,24.1,0.5918,long_nclose,14.26238,0.010587997356655658,65.0
1697389860000.0,414311,1697389860000.0,0.04159999999999986,-0.0009552,1347.0734707040046,1347.1604107040046,-8.0,0.597,16.1,0.5918,long_nclose,9.527980000000001,0.007073096016819712,11.0
1697390160000.0,414316,1697390160000.0,0.027559999999999907,-0.00063282,1347.1003978840047,1347.1576378840048,-5.3,0.597,10.8,0.5918,long_nclose,6.39144,0.004744590685326447,5.0
1697390460000.0,414321,1697390460000.0,0.018719999999999938,-0.00042984,1347.1186880440048,1347.1590080440048,-3.6,0.597,7.2,0.5918,long_nclose,4.26096,0.0031630175112386328,5.0
1697390760000.0,414326,1697390760000.0,0.012479999999999958,-0.00028656,1347.130881484005,1347.155361484005,-2.4,0.597,4.8,0.5918,long_nclose,2.84064,0.0021086592543040354,5.0
1697391000000.0,414330,1697391000000.0,0.008319999999999972,-0.00019104000000000001,1347.139010444005,1347.155650444005,-1.6,0.597,3.2,0.5918,long_nclose,1.89376,0.001405764353432118,4.0
1697391120000.0,414332,1697391120000.0,0.005199999999999982,-0.0001194,1347.144091044005,1347.1553110440052,-1.0,0.597,2.2,0.5918,long_nclose,1.30196,0.0009664593480798417,2.0
1697391480000.0,414338,1697391480000.0,0.0036399999999999874,-8.358e-05,1347.147647464005,1347.155597464005,-0.7,0.597,1.5,0.5918,long_nclose,0.8876999999999999,0.0006589478159065105,6.0
1697391900000.0,414345,1697391900000.0,0.002599999999999991,-5.97e-05,1347.150187764005,1347.155487764005,-0.5,0.597,1.0,0.5918,long_nclose,0.5918,0.000439297715559293,7.0
1697399760000.0,414476,1697399760000.0,0.0015599999999999948,-3.582e-05,1347.151711944005,1347.155491944005,-0.3,0.597,0.7,0.5918,long_nclose,0.41425999999999996,0.0003075080529736348,131.0
1697402460000.0,414521,1697402460000.0,0.002610000000000012,-3.6030000000000006e-05,1347.154285914005,1347.157765914005,-0.3,0.6005,0.4,0.5918,long_nclose,0.23672,0.00017571855167234417,45.0
1697402520000.0,414522,1697402520000.0,0.0017400000000000083,-2.4020000000000004e-05,1347.156001894005,1347.1575618940049,-0.2,0.6005,0.2,0.5918,long_nclose,0.11836,8.785916392280799e-05,1.0
1697402700000.0,414525,1697402700000.0,0.0008700000000000041,-1.2010000000000002e-05,1347.156859884005,1347.1576998840048,-0.1,0.6005,0.1,0.5918,long_nclose,0.05918,4.3929553983116425e-05,3.0
1697402820000.0,414527,1697402820000.0,0.0008700000000000041,-1.2010000000000002e-05,1347.157717874005,1347.157717874005,-0.1,0.6005,0.0,0.5918,long_nclose,0.0,0.0,2.0
1697464140000.0,415549,1697464140000.0,0.0,-0.013476662,1347.144241212005,1346.606161212005,112.1,0.6011,112.1,0.6011,long_ientry_normal,67.38331,0.050019372787709994,1022.0
1697466660000.0,415591,1697466660000.0,0.047600000000000975,-0.00337568,1347.188465532005,1347.348255532005,-28.0,0.6028,84.1,0.6011,long_nclose,50.55250999999999,0.03752445280923393,42.0
1697466960000.0,415596,1697466960000.0,0.0,-0.0033656,1347.185099932005,1347.176689932005,28.0,0.601,112.1,0.6010750223015164,long_ientry_partial,67.38050999999999,0.050015777344479845,5.0
1697482500000.0,415855,1697482500000.0,0.048299375557539825,-0.00337568,1347.2300236275623,1347.3582742520048,-28.0,0.6028,84.1,0.6010750223015164,long_nclose,50.55040937555753,0.03752173607254171,259.0
1697482800000.0,415860,1697482800000.0,0.03622453166815487,-0.00253176,1347.2637163992306,1347.3851824920048,-21.0,0.6028,63.1,0.6010750223015164,long_nclose,37.92783390722569,0.02815175191431241,5.0
1697491200000.0,416000,1697491200000.0,0.027082149866191972,-0.0018927920000000001,1347.2889057570967,1347.3754097000049,-15.7,0.6028,47.4,0.6010750223015164,long_nclose,28.49095605709188,0.02114687943717732,140.0
1697494260000.0,416051,1697494260000.0,0.08255464763603951,-0.001915908,1347.3695444967327,1347.5441337920047,-15.8,0.6063,31.6,0.6010750223015164,long_nclose,18.99397070472792,0.014097075878186425,51.0
1697494860000.0,416061,1697494860000.0,0.054862265834076884,-0.00127323,1347.423133532567,1347.539710562005,-10.5,0.6063,21.1,0.6010750223015164,long_nclose,12.682682970561999,0.009412546552701339,10.0
1697499240000.0,416134,1697499240000.0,0.03657484388938459,-0.0008488199999999999,1347.4588595564562,1347.5353517420049,-7.0,0.6063,14.1,0.6010750223015164,long_nclose,8.475157814451382,0.006289734008829891,73.0
1697499540000.0,416139,1697499540000.0,0.02455739518287251,-0.0005699219999999999,1347.482847029639,1347.5347818200048,-4.7,0.6063,9.4,0.6010750223015164,long_nclose,5.650105209634255,0.004193081360619335,5.0
1697499720000.0,416142,1697499720000.0,0.01619743086529889,-0.000375906,1347.4986685545043,1347.5341059140048,-3.1,0.6063,6.3,0.6010750223015164,long_nclose,3.7867726404995534,0.002810223660229453,3.0
1697504280000.0,416218,1697504280000.0,0.002587466547725348,-0.00018084,1347.501075181052,1347.510315074005,-1.5,0.6028,4.8,0.6010750223015164,long_nclose,2.885160107047279,0.0021411189647174305,76.0
1697509020000.0,416297,1697509020000.0,0.002069973238180278,-0.000144672,1347.5030004822902,1347.5095704020048,-1.2,0.6028,3.6,0.6010750223015164,long_nclose,2.1638700802854594,0.0016058369291281577,79.0
1697509320000.0,416302,1697509320000.0,0.0,-0.013045818,1347.4899546642903,1347.483174584005,108.3,0.6023,111.9,0.6022605905298075,long_ientry_partial,67.39296008028546,0.05001370128735064,5.0
1697510160000.0,416316,1697510160000.0,0.045739524218370096,-0.003369762,1347.5323244265087,1347.6952348220047,-27.9,0.6039,84.0,0.6022605905298075,long_nclose,50.58988960450383,0.037542616742818544,14.0
1697513640000.0,416374,1697513640000.0,0.03442759887404201,-0.0025363800000000004,1347.5642156453828,1347.673798442005,-21.0,0.6039,63.0,0.6022605905298075,long_nclose,37.94241720337787,0.028156296199366115,58.0
1697514000000.0,416380,1697514000000.0,0.025738728682021882,-0.001896246,1347.5880581280649,1347.670332196005,-15.7,0.6039,47.3,0.6022605905298075,long_nclose,28.486925932059894,0.021139194400127806,6.0
1697514540000.0,416389,1697514540000.0,0.019345031748271225,-0.0014252040000000002,1347.6059779558132,1347.660626992005,-11.8,0.6039,35.5,0.6022605905298075,long_nclose,21.380250963808166,0.01586535776298642,9.0
1697515260000.0,416401,1697515260000.0,0.0,-0.009204672,1347.5967732838133,1347.579342320005,76.4,0.6024,111.9,0.6023557726881874,long_ientry_partial,67.40361096380818,0.05001764051390505,12.0
1697516160000.0,416416,1697516160000.0,0.04587394199957081,-0.0033703199999999996,1347.639276905813,1347.7773920000052,-27.9,0.604,84.0,0.6023557726881874,long_nclose,50.597884905807746,0.037545570074197274,15.0
1697517180000.0,416433,1697517180000.0,0.03452877354806405,-0.0025368,1347.6712688793612,1347.7874552000053,-21.0,0.604,63.0,0.6023557726881874,long_nclose,37.94841367935581,0.028158509093179174,17.0
1697518260000.0,416451,1697518260000.0,0.02581436879545741,-0.00189656,1347.6951866881566,1347.7824186400053,-15.7,0.604,47.3,0.6023557726881874,long_nclose,28.491428048151263,0.021140854645453223,18.0
1697518920000.0,416462,1697518920000.0,0.019401882279388372,-0.00142544,1347.713163130436,1347.7786332000053,-11.8,0.604,35.5,0.6023557726881874,long_nclose,21.383629930430654,0.015866603158168516,11.0
1697521740000.0,416509,1697521740000.0,0.0,-0.009194150000000002,1347.703968980436,1347.6979090500054,76.3,0.6025,111.8,0.6024542033133332,long_ientry_partial,67.35437993043065,0.049977132575624555,47.0
1697528820000.0,416627,1697528820000.0,0.0459177275580025,-0.003370878,1347.746515829994,1347.9013781720053,-27.9,0.6041,83.9,0.6024542033133332,long_nclose,50.54590765798866,0.03750401656713655,118.0
1697544960000.0,416896,1697544960000.0,0.034397150751335204,-0.0025251379999999997,1347.7783878427454,1347.8946730340053,-20.9,0.6041,63.0,0.6024542033133332,long_nclose,37.95461480873999,0.028160872107090368,269.0
1697545320000.0,416902,1697545320000.0,0.02583900798066807,-0.0018968739999999998,1347.802329976726,1347.8707161600053,-15.7,0.6041,47.3,0.6024542033133332,long_nclose,28.49608381672066,0.02114262839804761,6.0
1697545440000.0,416904,1697545440000.0,0.019420400902667723,-0.001425676,1347.8203247016286,1347.8823004840053,-11.8,0.6041,35.5,0.6024542033133332,long_nclose,21.387124217623327,0.01586793419394226,2.0
1697545800000.0,416910,1697545800000.0,0.0,-0.009192768,1347.8111319336285,1347.8599477160053,76.2,0.6032,111.7,0.6029629741953745,long_ientry_partial,67.35096421762333,0.049970624683147336,6.0
1697673960000.0,419046,1697673960000.0,0.0,-0.018485376,1347.7926465576286,1345.4146423400052,158.7,0.5824,270.4,0.5908943942959444,long_rentry,159.77784421762334,0.11854779340554267,2136.0
1697725380000.0,419903,1697725380000.0,0.0,-0.043741308000000007,1347.7489052496285,1340.9550710320052,384.1,0.5694,654.5,0.5782801897901044,long_rentry,378.48438421762336,0.28082707598083406,857.0
1697769900000.0,420645,1697769900000.0,0.2650009503389111,-0.018974328,1347.9949318719673,1348.790096704005,-163.6,0.5799,490.9,0.5782801897901044,long_nclose,283.87774516796225,0.2105925908591806,742.0
1697769960000.0,420646,1697769960000.0,0.19875071275418335,-0.014230746,1348.1794518387214,1348.628585958005,-122.7,0.5799,368.2,0.5782801897901044,long_nclose,212.92276588071644,0.15793354926921682,1.0
1697770080000.0,420648,1697770080000.0,0.1490225393103901,-0.01067016,1348.3178042180318,1348.765195798005,-92.0,0.5799,276.2,0.5782801897901044,long_nclose,159.72098842002683,0.11845945215613195,2.0
1697770140000.0,420649,1697770140000.0,0.11176690448279258,-0.00800262,1348.4215685025144,1348.8815131780048,-69.0,0.5799,207.2,0.5782801897901044,long_nclose,119.81965532450963,0.0888591951681513,1.0
1697771160000.0,420666,1697771160000.0,0.08390616887258921,-0.006007764,1348.499466907387,1348.7978054140046,-51.8,0.5799,155.4,0.5782801897901044,long_nclose,89.86474149338223,0.06664054654724903,17.0
1697771460000.0,420671,1697771460000.0,0.06284863614394713,-0.004500023999999999,1348.557815519531,1348.8399653900049,-38.8,0.5799,116.6,0.5782801897901044,long_nclose,67.42747012952617,0.04999968807681396,5.0
1697772240000.0,420684,1697772240000.0,0.19476863614394982,-0.004526408,1348.748057747675,1349.0763589820049,-38.8,0.5833,77.8,0.5782801897901044,long_nclose,44.99019876567012,0.033357007268504206,13.0
1697772300000.0,420685,1697772300000.0,0.13001308443629642,-0.0030214940000000004,1348.8750493381112,1349.1148174880047,-25.9,0.5833,51.9,0.5782801897901044,long_nclose,30.01274185010642,0.022250201651245295,1.0
1697772480000.0,420688,1697772480000.0,0.08684271663119413,-0.0020182180000000004,1348.9598738367424,1349.1300992700048,-17.3,0.5833,34.6,0.5782801897901044,long_nclose,20.008494566737614,0.014832535018131412,3.0
1697773320000.0,420702,1697773320000.0,0.057727817413799565,-0.0013415900000000001,1349.016260064156,1349.1322176800047,-11.5,0.5833,23.1,0.5782801897901044,long_nclose,13.358272384151412,0.00990223230038467,14.0
1697774940000.0,420729,1697774940000.0,0.009232918196404606,-0.000661086,1349.0248318963525,1349.0617165940046,-5.7,0.5799,17.4,0.5782801897901044,long_nclose,10.062075302347816,0.007458776936080077,27.0
1697775480000.0,420738,1697775480000.0,0.006965183902550842,-0.0004987139999999999,1349.031298366255,1349.0616878800047,-4.3,0.5799,13.1,0.5782801897901044,long_nclose,7.575470486250368,0.00561548905160662,9.0
1697776500000.0,420755,1697776500000.0,0.005183392671665743,-0.000371136,1349.0361106229266,1349.0570967440046,-3.2,0.5799,9.9,0.5782801897901044,long_nclose,5.724973878922034,0.004243751396898107,17.0
1697776800000.0,420760,1697776800000.0,0.003887544503749307,-0.000278352,1349.0397198154303,1349.0533683920046,-2.4,0.5799,7.5,0.5782801897901044,long_nclose,4.337101423425783,0.003214954578223365,5.0
1697777760000.0,420776,1697777760000.0,0.0029156583778119807,-0.000208764,1349.042426709808,1349.0505196280044,-1.8,0.5799,5.7,0.5782801897901044,long_nclose,3.2961970818035953,0.00244336057676312,16.0
1697777820000.0,420777,1697777820000.0,0.0022677342938537625,-0.00016237199999999998,1349.044532072102,1349.0523572560044,-1.4,0.5799,4.3,0.5782801897901044,long_nclose,2.486604816097449,0.0018432340497152309,1.0
1697778000000.0,420780,1697778000000.0,0.0016198102098955447,-0.00011598,1349.0460359023118,1349.0517112760044,-1.0,0.5799,3.3,0.5782801897901044,long_nclose,1.9083246263073446,0.001414573391508436,3.0
1697778600000.0,420790,1697778600000.0,0.0012958481679164358,-9.2784e-05,1349.0472389664799,1349.0517884920046,-0.8,0.5799,2.5,0.5782801897901044,long_nclose,1.445700474475261,0.0010716455530369925,10.0
1697778900000.0,420795,1697778900000.0,0.0009718861259373268,-6.9588e-05,1349.0481412646056,1349.0514089040043,-0.6,0.5799,1.9,0.5782801897901044,long_nclose,1.0987323606011983,0.0008144500755704983,5.0
1697779560000.0,420806,1697779560000.0,0.0006479240839582179,-4.6392e-05,1349.0487427966896,1349.0513225120044,-0.4,0.5799,1.5,0.5782801897901044,long_nclose,0.8674202846851566,0.0006429866150624941,11.0
1697780340000.0,420819,1697780340000.0,0.0004859430629686634,-3.4794e-05,1349.0491939457527,1349.0517377180045,-0.3,0.5799,1.2,0.5782801897901044,long_nclose,0.6939362277481252,0.0005143891200279161,13.0
1697782980000.0,420863,1697782980000.0,0.0004859430629686634,-3.4794e-05,1349.0496450948158,1349.0511929240047,-0.3,0.5799,0.9,0.5782801897901044,long_nclose,0.520452170811094,0.00038579171100446404,44.0
1697785920000.0,420912,1697785920000.0,0.0015059430629686843,-3.4998000000000006e-05,1349.0511160398787,1349.0541879260047,-0.3,0.5833,0.6,0.5782801897901044,long_nclose,0.3469681138740626,0.00025719419356961274,49.0
1697788260000.0,420951,1697788260000.0,0.00016198102098955447,-1.1598e-05,1349.0512664228997,1349.0518763280047,-0.1,0.5799,0.5,0.5782801897901044,long_nclose,0.2891400948950522,0.00021432847074946725,39.0
1697789040000.0,420964,1697789040000.0,0.00016198102098955447,-1.1598e-05,1349.0514168059208,1349.0521047300047,-0.1,0.5799,0.4,0.5782801897901044,long_nclose,0.23131207591604178,0.0001714627574860767,13.0
1697790300000.0,420985,1697790300000.0,0.0005019810209895614,-1.1666000000000001e-05,1349.0519071209417,1349.0533830640047,-0.1,0.5833,0.3,0.5782801897901044,long_nclose,0.1734840569370313,0.00012859702137575242,21.0
1697790360000.0,420986,1697790360000.0,0.0005019810209895614,-1.1666000000000001e-05,1349.0523974359626,1349.0534613980046,-0.1,0.5833,0.2,0.5782801897901044,long_nclose,0.11565603795802089,8.573131642465422e-05,1.0
1697790420000.0,420987,1697790420000.0,0.0008519810209895563,-1.1736e-05,1349.0532376809836,1349.0539196620045,-0.1,0.5868,0.1,0.5782801897901044,long_nclose,0.057828018979010444,4.2865631513858226e-05,1.0
1697790660000.0,420991,1697790660000.0,0.0008519810209895563,-1.1736e-05,1349.0540779260045,1349.0540779260045,-0.1,0.5868,0.0,0.5782801897901044,long_nclose,0.0,0.0,4.0
1697960400000.0,423820,1697960400000.0,0.0,-0.013496496,1349.0405814300045,1348.2468014300046,111.8,0.6036,111.8,0.6036,long_ientry_normal,67.48248,0.05002257228501421,2829.0
1697981400000.0,424170,1697981400000.0,0.04742999999999787,-0.003377574,1349.0846338560045,1349.1937038560045,-27.9,0.6053,83.9,0.6036,long_nclose,50.64204000000001,0.03753807487618699,350.0
1697981700000.0,424175,1697981700000.0,0.0355299999999984,-0.0025301539999999997,1349.1176337020047,1349.2688337020047,-20.9,0.6053,63.0,0.6036,long_nclose,38.0268,0.02818642277742211,5.0
1697981940000.0,424179,1697981940000.0,0.0266899999999988,-0.001900642,1349.1424230600046,1349.2370230600045,-15.7,0.6053,47.3,0.6036,long_nclose,28.55028,0.021161798422471068,4.0
1697982180000.0,424183,1697982180000.0,0.020059999999999103,-0.001428508,1349.1610545520048,1349.2285045520048,-11.8,0.6053,35.5,0.6036,long_nclose,21.4278,0.01588231436691982,4.0
1697982360000.0,424186,1697982360000.0,0.01495999999999933,-0.0010653280000000002,1349.1749492240046,1349.2176692240046,-8.8,0.6053,26.7,0.6036,long_nclose,16.11612,0.0119451669401877,3.0
1697982480000.0,424188,1697982480000.0,0.011219999999999496,-0.000798996,1349.1853702280048,1349.2215502280048,-6.6,0.6053,20.1,0.6036,long_nclose,12.132360000000002,0.008992359588030295,2.0
1697982660000.0,424191,1697982660000.0,0.008499999999999619,-0.0006052999999999999,1349.1932649280047,1349.2204449280048,-5.0,0.6053,15.1,0.6036,long_nclose,9.11436,0.00675541468885583,3.0
1697984880000.0,424228,1697984880000.0,0.0,-0.011668272,1349.1815966560048,1349.1568166560048,96.8,0.6027,111.9,0.6028214477211796,long_ientry_partial,67.45572,0.049997509725296756,37.0
1697991360000.0,424336,1697991360000.0,0.04683160857908947,-0.00337311,1349.225055154584,1349.391253546005,-27.9,0.6045,84.0,0.6028214477211796,long_nclose,50.63700160857909,0.037530433796144916,108.0
1697996340000.0,424419,1697996340000.0,0.14779946380696973,-0.0034053599999999996,1349.369449258391,1349.6594481860047,-28.0,0.6081,56.0,0.6028214477211796,long_nclose,33.75800107238606,0.025017611811901735,83.0
1697997600000.0,424440,1697997600000.0,0.09818107238605847,-0.002262132,1349.465368198777,1349.6665260540049,-18.6,0.6081,37.4,0.6028214477211796,long_nclose,22.545522144772118,0.016707003140706868,21.0
1697998020000.0,424447,1697998020000.0,0.06545404825737232,-0.001508088,1349.5293141590344,1349.6662779660048,-12.4,0.6081,25.0,0.6028214477211796,long_nclose,15.07053619302949,0.011167253674975387,7.0
1697999820000.0,424477,1697999820000.0,0.04381198391420889,-0.001009446,1349.5721166969486,1349.6669485200048,-8.3,0.6081,16.7,0.6028214477211796,long_nclose,10.0671181769437,0.007459488864946895,30.0
1698000720000.0,424492,1698000720000.0,0.029032037533511912,-0.00066891,1349.6004798244821,1349.662959610005,-5.5,0.6081,11.2,0.6028214477211796,long_nclose,6.751600214477212,0.005002665837341188,15.0
1698001200000.0,424500,1698001200000.0,0.019530643431635287,-0.000449994,1349.6195604739137,1349.6621496160049,-3.7,0.6081,7.5,0.6028214477211796,long_nclose,4.521160857908847,0.003349952083030909,8.0
1698001860000.0,424511,1698001860000.0,0.013196380697050869,-0.00030405,1349.6324528046107,1349.6593455660047,-2.5,0.6081,5.0,0.6028214477211796,long_nclose,3.0141072386058982,0.0022332800551308745,11.0
1698008640000.0,424624,1698008640000.0,0.022196380697050988,-0.00030585000000000003,1349.6543433353079,1349.676539716005,-2.5,0.6117,2.5,0.6028214477211796,long_nclose,1.5070536193029491,0.00111662191637799,113.0
1698008700000.0,424625,1698008700000.0,0.010654262734584474,-0.000146808,1349.6648507900425,1349.675222908005,-1.2,0.6117,1.3,0.6028214477211796,long_nclose,0.7836678820375336,0.0005806388760726815,1.0
1698008940000.0,424629,1698008940000.0,0.005327131367292237,-7.3404e-05,1349.6701045174098,1349.676109504005,-0.6,0.6117,0.7,0.6028214477211796,long_nclose,0.42197501340482574,0.0003126504854723057,4.0
1698010260000.0,424651,1698010260000.0,0.0010557104557640696,-2.4324000000000003e-05,1349.6711359038657,1349.673925180005,-0.2,0.6081,0.5,0.6028214477211796,long_nclose,0.3014107238605898,0.00022332160468019276,22.0
1698012360000.0,424686,1698012360000.0,0.0005278552278820348,-1.2162000000000001e-05,1349.6716515970934,1349.673803018005,-0.1,0.6081,0.4,0.6028214477211796,long_nclose,0.24112857908847185,0.0001786572154813651,35.0
1698014460000.0,424721,1698014460000.0,0.001775710455764079,-2.4468000000000004e-05,1349.6734028395492,1349.675198550005,-0.2,0.6117,0.2,0.6028214477211796,long_nclose,0.12056428954423593,8.932849183408614e-05,35.0
1698015300000.0,424735,1698015300000.0,0.0024957104557640666,-2.4612e-05,1349.675873938005,1349.675873938005,-0.2,0.6153,0.0,0.6028214477211796,long_nclose,0.0,0.0,14.0
1698047640000.0,425274,1698047640000.0,0.0,-0.013499200000000003,1349.662374738005,1349.6073747380049,110.0,0.6136,110.0,0.6136,long_ientry_normal,67.49600000000001,0.05000954406327157,539.0
1698047940000.0,425279,1698047940000.0,0.046749999999997904,-0.00338415,1349.7057405880048,1349.8954905880048,-27.5,0.6153,82.5,0.6136,long_nclose,50.622,0.03750595294789687,5.0
1698048240000.0,425284,1698048240000.0,0.035019999999998434,-0.002535036,1349.738225552005,1349.8682155520048,-20.6,0.6153,61.9,0.6136,long_nclose,37.98184,0.02814015286887685,5.0
1698050400000.0,425320,1698050400000.0,0.11123999999999919,-0.0025502800000000003,1349.846915272005,1350.086455272005,-20.6,0.619,41.3,0.6136,long_nclose,25.34168,0.01877374368403357,36.0
1698052920000.0,425362,1698052920000.0,0.07397999999999945,-0.00169606,1349.9191992120047,1350.0709992120048,-13.7,0.619,27.6,0.6136,long_nclose,16.935360000000003,0.012545461987566195,42.0
1698053700000.0,425375,1698053700000.0,0.011729999999999475,-0.000849114,1349.9300800980047,1349.9673400980048,-6.9,0.6153,20.7,0.6136,long_nclose,12.70152,0.009409020650223508,13.0
1698053760000.0,425376,1698053760000.0,0.0,-0.010957328,1349.9191227700048,1350.0194627700048,89.2,0.6142,109.9,0.6140869881710646,long_ientry_partial,67.48816,0.04999422473660181,1.0
1698055920000.0,425412,1698055920000.0,0.04693652411283167,-0.0033745840000000004,1349.9626847101176,1350.1122581860047,-27.4,0.6158,82.5,0.6140869881710646,long_nclose,50.66217652411282,0.03752857549169346,36.0
1698056160000.0,425416,1698056160000.0,0.035288043676070524,-0.0025370960000000004,1349.9954356577937,1350.1014710900047,-20.6,0.6158,61.9,0.6140869881710646,long_nclose,38.01198456778889,0.028157120804832438,4.0
1698056220000.0,425417,1698056220000.0,0.02638038216560612,-0.0018966640000000002,1350.0199193759593,1350.1135244260047,-15.4,0.6158,46.5,0.6140869881710646,long_nclose,28.555044949954503,0.021151573054680517,1.0
1698060360000.0,425486,1698060360000.0,0.08390168334850023,-0.0019204500000000004,1350.101900609308,1350.294503976005,-15.5,0.6195,31.0,0.6140869881710646,long_nclose,19.036696633303002,0.014100192455629938,69.0
1698060720000.0,425492,1698060720000.0,0.05575402183803564,-0.00127617,1350.156378461146,1350.2704978060049,-10.3,0.6195,20.7,0.6140869881710646,long_nclose,12.711600655141035,0.009414909900754762,6.0
1698060840000.0,425494,1698060840000.0,0.037349781619654944,-0.0008549100000000002,1350.1928733327657,1350.268952896005,-6.9,0.6195,13.8,0.6140869881710646,long_nclose,8.47440043676069,0.006276436947739768,2.0
1698061020000.0,425497,1698061020000.0,0.024899854413103294,-0.00056994,1350.2172032471788,1350.268842956005,-4.6,0.6195,9.2,0.6140869881710646,long_nclose,5.649600291173793,0.004184215900661683,3.0
1698061680000.0,425508,1698061680000.0,0.016239035486806497,-0.0003717000000000001,1350.2330705826655,1350.2684912560048,-3.0,0.6195,6.2,0.6140869881710646,long_nclose,3.8073393266606,0.0028197645351832634,11.0
1698061860000.0,425511,1698061860000.0,0.010826023657870998,-0.0002478,1350.2436488063236,1350.2693234560052,-2.0,0.6195,4.2,0.6140869881710646,long_nclose,2.5791653503184713,0.001910148107416443,3.0
1698062220000.0,425517,1698062220000.0,0.007578216560509698,-0.00017346,1350.251053562884,1350.265089996005,-1.4,0.6195,2.8,0.6140869881710646,long_nclose,1.7194435668789807,0.0012734250881285482,6.0
1698063420000.0,425537,1698063420000.0,0.0048717106460419496,-0.00011151000000000002,1350.25581376353,1350.266858486005,-0.9,0.6195,1.9,0.6140869881710646,long_nclose,1.1667652775250226,0.0008641068348914792,20.0
1698064200000.0,425550,1698064200000.0,0.0032478070973612993,-7.434000000000001e-05,1350.2589872306273,1350.2662841460049,-0.6,0.6195,1.3,0.6140869881710646,long_nclose,0.7983130846223839,0.0005912296027443735,13.0
1698066660000.0,425591,1698066660000.0,0.0021652047315741997,-4.9560000000000007e-05,1350.261102875359,1350.266064586005,-0.4,0.6195,0.9,0.6140869881710646,long_nclose,0.5526782893539581,0.0004093121605717877,41.0
1698067440000.0,425604,1698067440000.0,0.0,-0.013396878000000001,1350.247705997359,1350.292537708005,108.9,0.6151,109.8,0.615091696624353,long_ientry_partial,67.53706828935397,0.05001828034173018,13.0
1698069900000.0,425645,1698069900000.0,0.04680751249272725,-0.0033800640000000003,1350.2911334458515,1350.448377644005,-27.4,0.6168,82.4,0.615091696624353,long_nclose,50.683555801846694,0.03753528001958044,41.0
1698070980000.0,425663,1698070980000.0,0.035191049538327794,-0.0025412160000000007,1350.3237832793898,1350.4355364280048,-20.6,0.6168,61.8,0.615091696624353,long_nclose,38.01266685138501,0.02815077933313715,18.0
1698071940000.0,425679,1698071940000.0,0.026307871984963493,-0.001899744,1350.3481914073748,1350.4320966840048,-15.4,0.6168,46.4,0.615091696624353,long_nclose,28.54025472336998,0.021135478171466607,16.0
1698072600000.0,425690,1698072600000.0,0.01981631915750497,-0.001430976,1350.3665767505324,1350.436465708005,-11.6,0.6168,34.8,0.615091696624353,long_nclose,21.405191042527484,0.015851392807748596,11.0
1698073620000.0,425707,1698073620000.0,0.014862239368128726,-0.001073232,1350.3803657579006,1350.427562476005,-8.7,0.6168,26.1,0.615091696624353,long_nclose,16.053893281895615,0.011888423209475037,17.0
1698074340000.0,425719,1698074340000.0,0.01110397194170537,-0.0008018400000000001,1350.3906678898425,1350.4359106360052,-6.5,0.6168,19.6,0.615091696624353,long_nclose,12.055797253837321,0.008927636676189447,12.0
1698078420000.0,425787,1698078420000.0,0.008370686540670203,-0.0006044640000000001,1350.3984341123833,1350.4382461720052,-4.9,0.6168,14.7,0.615091696624353,long_nclose,9.04184794037799,0.006695688999610841,68.0
1698078780000.0,425793,1698078780000.0,0.006149892152329128,-0.00044409600000000005,1350.4041399085356,1350.4319820760054,-3.6,0.6168,11.1,0.615091696624353,long_nclose,6.827517832530319,0.005055907065712013,6.0
1698079200000.0,425800,1698079200000.0,0.020010722489893964,-0.00045917000000000006,1350.4236914610253,1350.4563129060052,-3.7,0.6205,7.4,0.615091696624353,long_nclose,4.551678555020213,0.003370555910564443,7.0
1698079380000.0,425803,1698079380000.0,0.012979928101552839,-0.00029784,1350.4363735491268,1350.467915066005,-2.4,0.6205,5.0,0.615091696624353,long_nclose,3.075458483121765,0.0022773812549487615,3.0
1698080100000.0,425815,1698080100000.0,0.022520758439117383,-0.00031205,1350.458582257566,1350.483603016005,-2.5,0.6241,2.5,0.615091696624353,long_nclose,1.5377292415608825,0.001138671901355357,12.0
1698080700000.0,425825,1698080700000.0,0.010809964050776343,-0.000149784,1350.4692424376167,1350.4817332320051,-1.2,0.6241,1.3,0.615091696624353,long_nclose,0.799619205611659,0.0005921047147792383,10.0
1698082020000.0,425847,1698082020000.0,0.002163321350258807,-4.9640000000000006e-05,1350.471356118967,1350.476313592005,-0.4,0.6205,0.9,0.615091696624353,long_nclose,0.5535825269619178,0.00040991800711184513,22.0
1698082380000.0,425853,1698082380000.0,0.0016224910126941049,-3.723e-05,1350.4729413799796,1350.476126362005,-0.3,0.6205,0.6,0.615091696624353,long_nclose,0.3690550179746118,0.0002732783506180385,6.0
1698082500000.0,425855,1698082500000.0,0.0010816606751294035,-2.4820000000000003e-05,1350.4739982206547,1350.476201542005,-0.2,0.6205,0.4,0.615091696624353,long_nclose,0.24603667864974121,0.00018218542450570095,2.0
1698083760000.0,425876,1698083760000.0,0.0018016606751293908,-2.4964e-05,1350.4757749173298,1350.477596578005,-0.2,0.6241,0.2,0.615091696624353,long_nclose,0.12301833932487061,9.109259241055342e-05,21.0
1698083880000.0,425878,1698083880000.0,0.0009008303375646954,-1.2482e-05,1350.4766632656672,1350.4775440960047,-0.1,0.6241,0.1,0.615091696624353,long_nclose,0.061509169662435303,4.5546266244761576e-05,2.0
1698084720000.0,425892,1698084720000.0,0.0009008303375646954,-1.2482e-05,1350.4775516140046,1350.4775516140046,-0.1,0.6241,0.0,0.615091696624353,long_nclose,0.0,0.0,14.0
1698161400000.0,427170,1698161400000.0,0.0,-0.013500228,1350.4640513860045,1350.0488513860046,103.8,0.6503,103.8,0.6503,long_ientry_normal,67.50113999999999,0.04998366297179285,1278.0
1698161400000.0,427170,1698161400000.0,0.0,-0.0185319,1350.4455194860045,1352.7000694860046,147.5,0.6282,251.3,0.6373284520493434,long_rentry,160.16064,0.11859837193651399,0.0
1698161460000.0,427171,1698161460000.0,1.1770664226024745,-0.016245104,1351.6063408046068,1353.3248543820043,-125.6,0.6467,125.7,0.6373284520493434,long_nclose,80.11218642260246,0.05927183382027636,1.0
1698161460000.0,427171,1698161460000.0,1.6556635773975295,-0.01635357,1353.2456508120042,1353.2456508120042,-125.7,0.6505,0.0,0.6373284520493434,long_nclose,0.0,0.0,0.0
1698161820000.0,427177,1698161820000.0,0.0,-0.013526239999999998,1353.2321245720043,1352.9929245720043,104.0,0.6503,104.0,0.6503,long_ientry_normal,67.63119999999999,0.049977530663034,6.0
1698162360000.0,427186,1698162360000.0,0.04680000000000062,-0.00339092,1353.2755336520045,1353.3613336520045,-26.0,0.6521,78.0,0.6503,long_nclose,50.7234,0.03748194564865572,9.0
1698162420000.0,427187,1698162420000.0,0.035100000000000464,-0.00254319,1353.3080904620044,1353.4192404620044,-19.5,0.6521,58.5,0.6503,long_nclose,38.04255,0.02811078295335742,1.0
1698162600000.0,427190,1698162600000.0,0.11115000000000075,-0.0025584,1353.4166820620044,1353.6701820620044,-19.5,0.656,39.0,0.6503,long_nclose,25.3617,0.01873901832018212,3.0
1698162900000.0,427195,1698162900000.0,0.0,-0.008466906,1353.4082151560044,1353.5747751560045,65.1,0.6503,104.1,0.6503,long_ientry_partial,67.69623,0.05001907720221486,5.0
1698162960000.0,427196,1698162960000.0,0.04680000000000062,-0.00339092,1353.4516242360046,1353.6546842360046,-26.0,0.6521,78.1,0.6503,long_nclose,50.78843,0.03752511659119624,1.0
1698163020000.0,427197,1698163020000.0,0.0,-0.0033815599999999996,1353.4482426760046,1353.3649626760046,26.0,0.6503,104.1,0.6503,long_ientry_partial,67.69623,0.05001759791431158,1.0
1698163800000.0,427210,1698163800000.0,0.04680000000000062,-0.00339092,1353.4916517560048,1353.6244217560047,-26.0,0.6521,78.1,0.6503,long_nclose,50.78843,0.037524006841200434,13.0
1698163860000.0,427211,1698163860000.0,0.035100000000000464,-0.00254319,1353.5242085660047,1353.7234485660047,-19.5,0.6521,58.6,0.6503,long_nclose,38.10758,0.028154339433923526,1.0
1698164040000.0,427214,1698164040000.0,0.026280000000000348,-0.001904132,1353.5485844340049,1353.6365844340048,-14.6,0.6521,44.0,0.6503,long_nclose,28.6132,0.02113939634606082,3.0
1698164160000.0,427216,1698164160000.0,0.0,-0.007816606,1353.5407678280048,1353.551177828005,60.1,0.6503,104.1,0.6503000000000001,long_ientry_partial,67.69623,0.05001417881829341,2.0
1698164220000.0,427217,1698164220000.0,0.04679999999999773,-0.00339092,1353.584176908005,1353.818476908005,-26.0,0.6521,78.1,0.6503000000000001,long_nclose,50.788430000000005,0.03752144186260814,1.0
1698164580000.0,427223,1698164580000.0,0.1481999999999981,-0.0034112000000000005,1353.728965708005,1354.041565708005,-26.0,0.656,52.1,0.6503000000000001,long_nclose,33.880630000000004,0.02502763171820019,6.0
1698165000000.0,427230,1698165000000.0,0.023399999999998866,-0.00169546,1353.750670248005,1353.840600248005,-13.0,0.6521,39.1,0.6503000000000001,long_nclose,25.426730000000006,0.0187824320673037,7.0
1698165120000.0,427232,1698165120000.0,0.07409999999999906,-0.0017056000000000003,1353.8230646480051,1354.076234648005,-13.0,0.656,26.1,0.6503000000000001,long_nclose,16.972830000000002,0.01253696324372561,2.0
1698165120000.0,427232,1698165120000.0,0.12479999999999924,-0.0017157400000000003,1353.9461489080052,1354.0732189080052,-13.0,0.6599,13.1,0.6503000000000001,long_nclose,8.518930000000001,0.006291926755632602,0.0
1698165240000.0,427234,1698165240000.0,0.06239999999999962,-0.0008578700000000002,1354.0076910380053,1354.0743510380053,-6.5,0.6599,6.6,0.6503000000000001,long_nclose,4.291980000000001,0.0031698342841093435,2.0
1698165360000.0,427236,1698165360000.0,0.031679999999999806,-0.000435534,1354.0389355040054,1354.0666555040054,-3.3,0.6599,3.3,0.6503000000000001,long_nclose,2.1459900000000003,0.0015848805700710608,2.0
1698167040000.0,427264,1698167040000.0,0.015359999999999908,-0.00021116800000000002,1354.0540843360054,1354.0707443360054,-1.6,0.6599,1.7,0.6503000000000001,long_nclose,1.1055100000000002,0.0008164444927191479,28.0
1698167940000.0,427279,1698167940000.0,0.007679999999999954,-0.00010558400000000001,1354.0616587520053,1354.0703887520053,-0.8,0.6599,0.9,0.6503000000000001,long_nclose,0.5852700000000001,0.00043223290181587773,15.0
1698168300000.0,427285,1698168300000.0,0.003839999999999977,-5.2792000000000005e-05,1354.0654459600055,1354.0703459600054,-0.4,0.6599,0.5,0.6503000000000001,long_nclose,0.32515000000000005,0.00024012871827585493,6.0
1698170760000.0,427326,1698170760000.0,0.0005699999999999927,-1.3120000000000001e-05,1354.0660028400055,1354.0683628400054,-0.1,0.656,0.4,0.6503000000000001,long_nclose,0.2601200000000001,0.0001921028956154477,41.0
1698171120000.0,427332,1698171120000.0,0.0005699999999999927,-1.3120000000000001e-05,1354.0665597200054,1354.0682397200055,-0.1,0.656,0.3,0.6503000000000001,long_nclose,0.19509,0.00014407711245770726,6.0
1698171240000.0,427334,1698171240000.0,0.0005699999999999927,-1.3120000000000001e-05,1354.0671166000054,1354.0682766000054,-0.1,0.656,0.2,0.6503000000000001,long_nclose,0.13006000000000004,9.605136880258503e-05,2.0
1698171720000.0,427342,1698171720000.0,0.0,-0.013510036,1354.0536065640053,1354.1161665640054,103.7,0.6514,103.9,0.6513978825794032,long_ientry_partial,67.68024,0.04998342729704977,8.0
1698171720000.0,427342,1698171720000.0,7.021174205967817e-05,-1.3042000000000002e-05,1354.0536637337473,1354.1161635220053,-0.1,0.6521,103.8,0.6513978825794032,long_nclose,67.61510021174206,0.049935317943969965,0.0
1698172140000.0,427349,1698172140000.0,0.046674841193456384,-0.003383576,1354.0969549989406,1354.2139699460051,-25.9,0.6532,77.9,0.6513978825794032,long_nclose,50.743895052935514,0.037474343964517084,7.0
1698172200000.0,427350,1698172200000.0,0.03496107795957737,-0.002534416,1354.1293816609004,1354.2699055300054,-19.4,0.6532,58.5,0.6513978825794032,long_nclose,38.10677613089509,0.028141163353353593,1.0
1698172980000.0,427363,1698172980000.0,0.11119128970163733,-0.00256269,1354.2380102606019,1354.4603928400052,-19.5,0.6571,39.0,0.6513978825794032,long_nclose,25.404517420596726,0.01875927069548729,13.0
1698173040000.0,427364,1698173040000.0,0.07412752646775822,-0.0017084600000000002,1354.3104293270696,1354.461284380005,-13.0,0.6571,26.0,0.6513978825794032,long_nclose,16.936344947064484,0.012505511720440506,1.0
1698173580000.0,427373,1698173580000.0,0.12482752646775841,-0.0017186,1354.4335382535373,1354.551865780005,-13.0,0.661,13.0,0.6513978825794032,long_nclose,8.468172473532242,0.006252187526640439,9.0
1698174240000.0,427384,1698174240000.0,0.062413763233879205,-0.0008593,1354.4950927167713,1354.562706480005,-6.5,0.661,6.5,0.6513978825794032,long_nclose,4.234086236766121,0.003125951699296027,11.0
1698174660000.0,427391,1698174660000.0,0.030726775745909762,-0.00042304000000000007,1354.5253964525173,1354.5584034400053,-3.2,0.661,3.3,0.6513978825794032,long_nclose,2.1496130125120305,0.0015869861267583734,7.0
1698174960000.0,427396,1698174960000.0,0.015363387872954881,-0.00021152000000000003,1354.5405483203901,1354.5567019200053,-1.6,0.661,1.7,0.6513978825794032,long_nclose,1.1073764003849855,0.0008175291627542015,5.0
1698175020000.0,427397,1698175020000.0,0.007681693936477441,-0.00010576000000000002,1354.5481242543267,1354.5571261600053,-0.8,0.661,0.9,0.6513978825794032,long_nclose,0.5862580943214629,0.00043280713606553894,1.0
1698175260000.0,427401,1698175260000.0,0.0038408469682387203,-5.288000000000001e-05,1354.5519122212947,1354.557063280005,-0.4,0.661,0.5,0.6513978825794032,long_nclose,0.3256989412897016,0.00024044773651797245,4.0
1698177360000.0,427436,1698177360000.0,0.0019204234841193601,-2.6440000000000004e-05,1354.5538062047788,1354.556566840005,-0.2,0.661,0.3,0.6513978825794032,long_nclose,0.19541936477382096,0.00014426844018943153,35.0
1698177480000.0,427438,1698177480000.0,0.0009602117420596801,-1.3220000000000002e-05,1354.5547531965208,1354.556793620005,-0.1,0.661,0.2,0.6513978825794032,long_nclose,0.13027957651588065,9.617889288597809e-05,2.0
1698178140000.0,427449,1698178140000.0,0.0009602117420596801,-1.3220000000000002e-05,1354.5557001882628,1354.5566804000048,-0.1,0.661,0.1,0.6513978825794032,long_nclose,0.06513978825794033,4.8089412822881246e-05,11.0
1698179700000.0,427475,1698179700000.0,0.0009602117420596801,-1.3220000000000002e-05,1354.5566471800048,1354.5566471800048,-0.1,0.661,0.0,0.6513978825794032,long_nclose,0.0,0.0,26.0
1698180960000.0,427496,1698180960000.0,0.0,-0.013545294000000001,1354.5431018860047,1354.6675418860048,103.7,0.6531,103.7,0.6531,long_ientry_normal,67.72647,0.04999949422480593,21.0
1698181320000.0,427502,1698181320000.0,0.04662000000000061,-0.003392382,1354.5863295040049,1354.780829504005,-25.9,0.6549,77.8,0.6531,long_nclose,50.81118,0.03751047747440727,6.0
1698181440000.0,427504,1698181440000.0,0.03492000000000046,-0.002541012,1354.618708492005,1354.677108492005,-19.4,0.6549,58.4,0.6531,long_nclose,38.14104,0.028156292070157178,2.0
1698181740000.0,427509,1698181740000.0,0.0,-0.005917086,1354.612791406005,1354.602421406005,45.3,0.6531,103.7,0.6531,long_ientry_partial,67.72647,0.04999692194675357,5.0
1698182100000.0,427515,1698182100000.0,0.04662000000000061,-0.003392382,1354.6560190240052,1354.7960590240052,-25.9,0.6549,77.8,0.6531,long_nclose,50.81118,0.037508547768907524,6.0
1698182160000.0,427516,1698182160000.0,0.03492000000000046,-0.002541012,1354.6883980120053,1354.8285580120053,-19.4,0.6549,58.4,0.6531,long_nclose,38.14104,0.028154843620106052,1.0
1698182640000.0,427524,1698182640000.0,0.11058000000000073,-0.002556144,1354.7964218680054,1355.0304218680053,-19.4,0.6588,39.0,0.6531,long_nclose,25.4709,0.01880053681045341,8.0
1698182940000.0,427529,1698182940000.0,0.0741000000000005,-0.0017128800000000002,1354.8688089880054,1355.0144089880055,-13.0,0.6588,26.0,0.6531,long_nclose,16.9806,0.012533021564415044,5.0
1698183000000.0,427530,1698183000000.0,0.04902000000000033,-0.001133136,1354.9166958520054,1355.0245758520055,-8.6,0.6588,17.4,0.6531,long_nclose,11.36394,0.00838718722323668,1.0
1698183660000.0,427541,1698183660000.0,0.007740000000000102,-0.000563214,1354.9238726380054,1354.9540026380055,-4.3,0.6549,13.1,0.6531,long_nclose,8.55561,0.006314458083421635,11.0
1698184320000.0,427552,1698184320000.0,0.024510000000000164,-0.000566568,1354.9478160700053,1354.9997360700054,-4.3,0.6588,8.8,0.6531,long_nclose,5.747280000000001,0.004241698412171956,11.0
1698184560000.0,427556,1698184560000.0,0.04223999999999975,-0.000583176,1354.9894728940053,1355.0317128940053,-4.4,0.6627,4.4,0.6531,long_nclose,2.8736400000000004,0.0021207840042199297,4.0
1698184620000.0,427557,1698184620000.0,0.021119999999999875,-0.000291588,1355.0103013060054,1355.0307613060054,-2.2,0.6627,2.2,0.6531,long_nclose,1.4368200000000002,0.0010603757023951359,1.0
1698184680000.0,427558,1698184680000.0,0.010559999999999937,-0.000145794,1355.0207155120054,1355.0316055120054,-1.1,0.6627,1.1,0.6531,long_nclose,0.7184100000000001,0.0005301837763628161,1.0
1698185280000.0,427568,1698185280000.0,0.004799999999999971,-6.627e-05,1355.0254492420054,1355.0312692420055,-0.5,0.6627,0.6,0.6531,long_nclose,0.39186,0.0002891901404650404,10.0
1698186300000.0,427585,1698186300000.0,0.0028799999999999824,-3.9761999999999996e-05,1355.0282894800055,1355.0311994800054,-0.3,0.6627,0.3,0.6531,long_nclose,0.19593,0.00014459476715072015,17.0
1698187680000.0,427608,1698187680000.0,0.0009599999999999943,-1.3254e-05,1355.0292362260057,1355.0311362260056,-0.1,0.6627,0.2,0.6531,long_nclose,0.13062,9.639644408249054e-05,23.0
1698188160000.0,427616,1698188160000.0,0.0009599999999999943,-1.3254e-05,1355.0301829720058,1355.0311529720059,-0.1,0.6627,0.1,0.6531,long_nclose,0.06531,4.8198188365630875e-05,8.0
1698188340000.0,427619,1698188340000.0,0.0009599999999999943,-1.3254e-05,1355.031129718006,1355.031129718006,-0.1,0.6627,0.0,0.6531,long_nclose,0.0,0.0,3.0
1698212640000.0,428024,1698212640000.0,0.0,-0.013549402000000002,1355.017580316006,1354.955720316006,103.1,0.6571,103.1,0.6571,long_ientry_normal,67.74701,0.0499971446748319,405.0
1698213840000.0,428044,1698213840000.0,0.04626000000000061,-0.0033867460000000004,1355.060453570006,1355.222993570006,-25.7,0.6589,77.4,0.6571,long_nclose,50.85954,0.03753304132373343,20.0
1698213960000.0,428046,1698213960000.0,0.03474000000000046,-0.0025433540000000007,1355.0926502160062,1355.1972302160061,-19.3,0.6589,58.1,0.6571,long_nclose,38.177510000000005,0.028173357736029626,2.0
1698214020000.0,428047,1698214020000.0,0.026100000000000345,-0.0019108100000000002,1355.1168394060062,1355.2214794060062,-14.5,0.6589,43.6,0.6571,long_nclose,28.64956,0.02114176369659614,1.0
1698218160000.0,428116,1698218160000.0,0.0,-0.00782306,1355.1090163460062,1355.1839563460062,59.5,0.6574,103.1,0.6572731328806983,long_ientry_partial,67.76486,0.05000694348763545,69.0
1698232620000.0,428357,1698232620000.0,0.04695048496605342,-0.0033877740000000005,1355.1525790569724,1355.2939785720064,-25.7,0.6591,77.4,0.6572731328806983,long_nclose,50.87294048496605,0.037540378309553646,241.0
1698234600000.0,428390,1698234600000.0,0.0,-0.0033975620000000002,1355.1491814949725,1355.0222410100064,25.9,0.6559,103.3,0.6569288527102233,long_ientry_partial,67.86075048496606,0.05007622143128441,33.0
1698236100000.0,428415,1698236100000.0,0.048275600076240814,-0.0033994080000000005,1355.1940576870488,1355.3623216020064,-25.8,0.6588,77.5,0.6569288527102233,long_nclose,50.9119860850423,0.037568041120203365,25.0
1698236400000.0,428420,1698236400000.0,0.03611314269269177,-0.0025429680000000005,1355.2276278617417,1355.3423486340066,-19.3,0.6588,58.2,0.6569288527102233,long_nclose,38.233259227735,0.02821168816345552,5.0
1698236760000.0,428426,1698236760000.0,0.027131635701763246,-0.0019105200000000002,1355.2528489774436,1355.3433581140068,-14.5,0.6588,43.7,0.6569288527102233,long_nclose,28.70779086343676,0.021182608754593043,6.0
1698237540000.0,428439,1698237540000.0,0.0,-0.00781952,1355.2450294574435,1355.2250985940068,59.6,0.656,103.3,0.6563929415627954,long_ientry_partial,67.80539086343676,0.05003183143241769,13.0
1698239340000.0,428469,1698239340000.0,0.04662210767987956,-0.0033963120000000007,1355.2882552531235,1355.374052282007,-25.8,0.6582,77.5,0.6563929415627954,long_nclose,50.87045297111664,0.03753478477655346,30.0
1698239580000.0,428473,1698239580000.0,0.03487622783804944,-0.002540652,1355.3205908289615,1355.437401630007,-19.3,0.6582,58.2,0.6563929415627954,long_nclose,38.202069198954696,0.028186740065381116,4.0
1698240120000.0,428482,1698240120000.0,0.11071693368177017,-0.002568948,1355.428738814643,1355.6152526820067,-19.4,0.6621,38.8,0.6563929415627954,long_nclose,25.46804613263646,0.018789660720126763,9.0
1698240180000.0,428483,1698240180000.0,0.07362105383993997,-0.0017082180000000003,1355.5006516504832,1355.6536444640067,-12.9,0.6621,25.9,0.6563929415627954,long_nclose,17.0005771864764,0.012541917383644319,1.0
1698240720000.0,428492,1698240720000.0,0.011565173998109657,-0.0008424960000000001,1355.5113743284815,1355.550511968007,-6.4,0.6582,19.5,0.6563929415627954,long_nclose,12.79966236047451,0.00944268163505116,9.0
1698240960000.0,428496,1698240960000.0,0.0,-0.010996236000000001,1355.5003780924815,1355.484335732007,83.8,0.6561,103.3,0.656155298746123,long_ientry_partial,67.78084236047451,0.05000429616689494,4.0
1698243060000.0,428531,1698243060000.0,0.047593292350027495,-0.0033952800000000005,1355.5445761048315,1355.641040452007,-25.8,0.658,77.5,0.656155298746123,long_nclose,50.85203565282453,0.03751410064208163,35.0
1698243300000.0,428535,1698243300000.0,0.03560273419982677,-0.0025398800000000004,1355.5776389590312,1355.6966405720068,-19.3,0.658,58.2,0.656155298746123,long_nclose,38.18823838702436,0.02817119233122619,4.0
1698243660000.0,428541,1698243660000.0,0.026748168181217002,-0.0019082,1355.6024789272126,1355.687462372007,-14.5,0.658,43.7,0.656155298746123,long_nclose,28.673986555205577,0.021152208704942322,6.0
1698244800000.0,428560,1698244800000.0,0.08329816818121721,-0.0019195100000000001,1355.6838575853938,1355.851602862007,-14.5,0.6619,29.2,0.656155298746123,long_nclose,19.15973472338679,0.014132892868926066,19.0
1698244860000.0,428561,1698244860000.0,0.055723602162607376,-0.001284086,1355.7382971015563,1355.852268776007,-9.7,0.6619,19.5,0.656155298746123,long_nclose,12.7950283255494,0.009437683034331915,1.0
1698245100000.0,428565,1698245100000.0,0.03734055815020082,-0.0008604700000000001,1355.7747771897066,1355.8468583060069,-6.5,0.6619,13.0,0.656155298746123,long_nclose,8.530018883699599,0.006291619395207289,4.0
1698245160000.0,428566,1698245160000.0,0.02470221539167131,-0.000569234,1355.7989101710982,1355.853239072007,-4.3,0.6619,8.7,0.656155298746123,long_nclose,5.708551099091269,0.004210470340598567,1.0
1698245280000.0,428568,1698245280000.0,0.016659633636243443,-0.00038390200000000004,1355.8151859027344,1355.8531451700069,-2.9,0.6619,5.8,0.656155298746123,long_nclose,3.805700732727513,0.0028069465309857747,2.0
1698245580000.0,428573,1698245580000.0,0.010914932382366392,-0.000251522,1355.8258493131166,1355.8486436480066,-1.9,0.6619,3.9,0.656155298746123,long_nclose,2.5590056651098796,0.0018874147195278165,5.0
1698246360000.0,428586,1698246360000.0,0.0074681116300401645,-0.00017209400000000002,1355.8331453307467,1355.8496415540067,-1.3,0.6619,2.6,0.656155298746123,long_nclose,1.7060037767399199,0.001258269708640108,13.0
1698246720000.0,428592,1698246720000.0,0.00459576100310164,-0.00010590400000000002,1355.8376351877498,1355.848875650007,-0.8,0.6619,1.8,0.656155298746123,long_nclose,1.1810795377430214,0.0008711069136087753,6.0
1698247140000.0,428599,1698247140000.0,0.0034468207523262293,-7.9428e-05,1355.8410025805022,1355.848016222007,-0.6,0.6619,1.2,0.656155298746123,long_nclose,0.7873863584953475,0.0005807365000739436,7.0
1698247500000.0,428605,1698247500000.0,0.00229788050155082,-5.295200000000001e-05,1355.8432475090037,1355.8480832700068,-0.4,0.6619,0.8,0.656155298746123,long_nclose,0.5249242389968984,0.000387157025682213,6.0
1698247980000.0,428613,1698247980000.0,0.003857880501550781,-5.3264000000000004e-05,1355.8470521255053,1355.851070006007,-0.4,0.6658,0.4,0.656155298746123,long_nclose,0.2624621194984492,0.00019357796964414106,8.0
1698248160000.0,428616,1698248160000.0,0.0019289402507753906,-2.6632000000000002e-05,1355.848954433756,1355.8509633740068,-0.2,0.6658,0.2,0.656155298746123,long_nclose,0.1312310597492246,9.678884902340077e-05,3.0
1698248700000.0,428625,1698248700000.0,0.0009644701253876953,-1.3316000000000001e-05,1355.8499055878815,1355.8508900580068,-0.1,0.6658,0.1,0.656155298746123,long_nclose,0.0656155298746123,4.839439056210439e-05,9.0
1698248880000.0,428628,1698248880000.0,0.0009644701253876953,-1.3316000000000001e-05,1355.850856742007,1355.850856742007,-0.1,0.6658,0.0,0.656155298746123,long_nclose,0.0,0.0,3.0
1698251340000.0,428669,1698251340000.0,0.0,-0.013562544000000001,1355.837294198007,1355.610254198007,103.2,0.6571,103.2,0.6571,long_ientry_normal,67.81272,0.05001538185310944,41.0
1698263880000.0,428878,1698263880000.0,0.04644000000000061,-0.0033999240000000003,1355.880334274007,1356.011914274007,-25.8,0.6589,77.4,0.6571,long_nclose,50.85954,0.037510345650991574,209.0
1698264420000.0,428887,1698264420000.0,0.03474000000000046,-0.0025433540000000007,1355.9125309200072,1356.0229209200072,-19.3,0.6589,58.1,0.6571,long_nclose,38.177510000000005,0.028156322129493108,9.0
1698265440000.0,428904,1698265440000.0,0.026100000000000345,-0.0019108100000000002,1355.9367201100072,1356.015200110007,-14.5,0.6589,43.6,0.6571,long_nclose,28.64956,0.02112898011765303,17.0
1698265500000.0,428905,1698265500000.0,0.01962000000000026,-0.0014364020000000003,1355.9549037080071,1356.0235737080072,-10.9,0.6589,32.7,0.6571,long_nclose,21.487170000000003,0.015846522580685377,1.0
1698265680000.0,428908,1698265680000.0,0.014580000000000192,-0.001067418,1355.968416290007,1356.017616290007,-8.1,0.6589,24.6,0.6571,long_nclose,16.16466,0.011921118372526159,3.0
1698265920000.0,428912,1698265920000.0,0.010980000000000144,-0.000803858,1355.9785924320072,1356.0100424320071,-6.1,0.6589,18.5,0.6571,long_nclose,12.15635,0.00896500141510129,4.0
1698265980000.0,428913,1698265980000.0,0.008280000000000108,-0.000606188,1355.9862662440073,1356.0140662440074,-4.6,0.6589,13.9,0.6571,long_nclose,9.13369,0.0067358278084185316,1.0
1698266160000.0,428916,1698266160000.0,0.006120000000000081,-0.00044805200000000005,1355.9919381920074,1356.0118881920075,-3.4,0.6589,10.5,0.6571,long_nclose,6.8995500000000005,0.005088193967583183,3.0
1698267000000.0,428930,1698267000000.0,0.0,-0.012175218,1355.9797629740074,1355.9239629740073,92.7,0.6567,103.2,0.6567406976744186,long_ientry_partial,67.77564,0.049982781344281156,14.0
1698276660000.0,429091,1698276660000.0,0.04797000000000018,-0.003398376,1356.0243345980075,1356.1759845980075,-25.8,0.6586,77.4,0.6567406976744186,long_nclose,50.83173,0.03748585383246019,161.0
1698277080000.0,429098,1698277080000.0,0.035884534883721064,-0.002542196,1356.0576769368913,1356.1366524020075,-19.3,0.6586,58.1,0.6567406976744186,long_nclose,38.15663453488372,0.02813791417860132,7.0
1698277200000.0,429100,1698277200000.0,0.026959883720930333,-0.00190994,1356.0827268806124,1356.1899524620078,-14.5,0.6586,43.6,0.6567406976744186,long_nclose,28.63389441860465,0.0211151531178861,2.0
1698278220000.0,429117,1698278220000.0,0.08350988372093054,-0.00192125,1356.1643155143336,1356.340641212008,-14.5,0.6625,29.1,0.6567406976744186,long_nclose,19.11115430232558,0.014092063980519617,17.0
1698278580000.0,429123,1698278580000.0,0.05586523255813974,-0.00128525,1356.2188954968917,1356.315105962008,-9.7,0.6625,19.4,0.6567406976744186,long_nclose,12.74076953488372,0.009394331237521768,6.0
1698278700000.0,429125,1698278700000.0,0.03685953488372107,-0.0008480000000000001,1356.2549070317755,1356.332377962008,-6.4,0.6625,13.0,0.6567406976744186,long_nclose,8.53762906976744,0.006295003266349409,2.0
1698279180000.0,429133,1698279180000.0,0.024765000000000092,-0.00056975,1356.2791022817753,1356.3318182120079,-4.3,0.6625,8.7,0.6567406976744186,long_nclose,5.713644069767441,0.004212734724110197,8.0
1698279720000.0,429142,1698279720000.0,0.01670197674418611,-0.00038425,1356.2954200085194,1356.3299839620076,-2.9,0.6625,5.8,0.6567406976744186,long_nclose,3.8090960465116277,0.0028084560268497416,9.0
1698281640000.0,429174,1698281640000.0,0.010942674418604692,-0.00025174999999999997,1356.306110932938,1356.3313022120078,-1.9,0.6625,3.9,0.6567406976744186,long_nclose,2.561288720930232,0.0018884296843346404,32.0
1698283440000.0,429204,1698283440000.0,0.01835267441860472,-0.000253232,1356.3242103753566,1356.3437289800079,-1.9,0.6664,2.0,0.6567406976744186,long_nclose,1.3134813953488371,0.0009684125560107321,30.0
1698283680000.0,429208,1698283680000.0,0.009659302325581431,-0.00013328,1356.3337363976823,1356.343495700008,-1.0,0.6664,1.0,0.6567406976744186,long_nclose,0.6567406976744186,0.0004842028772495707,4.0
1698284280000.0,429218,1698284280000.0,0.004829651162790716,-6.664e-05,1356.338499408845,1356.3433290600078,-0.5,0.6664,0.5,0.6567406976744186,long_nclose,0.3283703488372093,0.00024210058844479328,10.0
1698284340000.0,429219,1698284340000.0,0.0019318604651162863,-2.6656000000000004e-05,1356.3404046133103,1356.343062404008,-0.2,0.6664,0.3,0.6567406976744186,long_nclose,0.19702220930232556,0.000145260149024681,1.0
1698284760000.0,429226,1698284760000.0,0.0005759302325581417,-1.3250000000000002e-05,1356.340967293543,1356.342259154008,-0.1,0.6625,0.2,0.6567406976744186,long_nclose,0.13134813953488372,9.684005917551631e-05,7.0
1698284880000.0,429228,1698284880000.0,0.0005759302325581417,-1.3250000000000002e-05,1356.3415299737756,1356.3422659040082,-0.1,0.6625,0.1,0.6567406976744186,long_nclose,0.06567406976744186,4.84200095006393e-05,2.0
1698285900000.0,429245,1698285900000.0,0.0009659302325581431,-1.3328000000000002e-05,1356.342482576008,1356.342482576008,-0.1,0.6664,0.0,0.6567406976744186,long_nclose,0.0,0.0,17.0
1698300300000.0,429485,1698300300000.0,0.0,-0.013563431999999999,1356.328919144008,1356.3083591440081,102.8,0.6597,102.8,0.6597,long_ientry_normal,67.81715999999999,0.05000052645253633,240.0
1698302880000.0,429528,1698302880000.0,0.04626000000000061,-0.0034001100000000005,1356.3717790340081,1356.541399034008,-25.7,0.6615,77.1,0.6597,long_nclose,50.862869999999994,0.037499209867241506,43.0
1698304260000.0,429551,1698304260000.0,0.1490600000000007,-0.00342067,1356.517418364008,1356.8309583640082,-25.7,0.6655,51.4,0.6597,long_nclose,33.90857999999999,0.02499678923466721,23.0
1698304500000.0,429555,1698304500000.0,0.24929000000000107,-0.003440716,1356.7632676480082,1357.066527648008,-25.7,0.6694,25.7,0.6597,long_nclose,16.954289999999997,0.012496129873408786,4.0
1698305220000.0,429567,1698305220000.0,0.34952000000000144,-0.003460762,1357.1093268860081,1357.1093268860081,-25.7,0.6733,0.0,0.6597,long_nclose,0.0,0.0,12.0
1698314820000.0,429727,1698314820000.0,0.0,-0.013568950000000001,1357.095757936008,1357.075257936008,102.5,0.6619,102.5,0.6619,long_ientry_normal,67.84475,0.04999260339829249,160.0
1698314940000.0,429729,1698314940000.0,0.04863999999999749,-0.003398656,1357.1409992800081,1357.3101792800082,-25.6,0.6638,76.9,0.6619,long_nclose,50.900110000000005,0.037505395553596554,2.0
1698315420000.0,429737,1698315420000.0,0.03647999999999811,-0.002548992,1357.1749302880082,1357.3134102880083,-19.2,0.6638,57.7,0.6619,long_nclose,38.19163,0.028140536011739693,8.0
1698316620000.0,429757,1698316620000.0,0.027359999999998587,-0.001911744,1357.2003785440083,1357.2739885440083,-14.4,0.6638,43.3,0.6619,long_nclose,28.66027,0.021117198648843927,20.0
1698316920000.0,429762,1698316920000.0,0.0,-0.00783808,1357.1925404640083,1357.1968704640083,59.2,0.662,102.5,0.661957756097561,long_ientry_partial,67.85067000000001,0.04999340032977388,5.0
1698325860000.0,429911,1698325860000.0,0.04716144390243642,-0.003398656,1357.2363032519108,1357.3395218080084,-25.6,0.6638,76.9,0.661957756097561,long_nclose,50.90455144390245,0.03750603437436515,149.0
1698325980000.0,429913,1698325980000.0,0.035371082926827314,-0.002548992,1357.2691253428377,1357.3696528160085,-19.2,0.6638,57.7,0.661957756097561,long_nclose,38.19496252682927,0.028141038364209062,2.0
1698326040000.0,429914,1698326040000.0,0.026528312195120484,-0.001911744,1357.2937419110328,1357.3778410720086,-14.4,0.6638,43.3,0.661957756097561,long_nclose,28.66277083902439,0.021117588591153442,1.0
1698327120000.0,429932,1698327120000.0,0.019896234146340366,-0.001433808,1357.312204337179,1357.3688272640084,-10.8,0.6638,32.5,0.661957756097561,long_nclose,21.513627073170735,0.015850168446453008,18.0
1698327180000.0,429933,1698327180000.0,0.014922175609755272,-0.001075356,1357.326051156789,1357.3636819080084,-8.1,0.6638,24.4,0.661957756097561,long_nclose,16.15176924878049,0.011899697375597448,1.0
1698327480000.0,429938,1698327480000.0,0.0,-0.010341168000000001,1357.315709988789,1357.2972207400085,78.2,0.6612,102.6,0.6613802071031237,long_ientry_partial,67.85760924878049,0.04999397616147902,5.0
1698330960000.0,429996,1698330960000.0,0.0,-0.018617546,1357.2970924427889,1355.8100131940084,145.7,0.6389,248.3,0.6481890424840132,long_rentry,160.9453392487805,0.11857782658262378,58.0
1698361740000.0,430509,1698361740000.0,0.11227936599118227,-0.008060000000000001,1357.40131180878,1357.8504731940084,-62.0,0.65,186.3,0.6481890424840132,long_nclose,120.75761861477167,0.0889623559106911,513.0
1698363060000.0,430531,1698363060000.0,0.0842095244933867,-0.006045000000000001,1357.4794763332734,1357.7606081940085,-46.5,0.65,139.8,0.6481890424840132,long_nclose,90.61682813926505,0.06675373714233437,22.0
1698363360000.0,430536,1698363360000.0,0.0632024173079397,-0.004537,1357.5381417505814,1357.7386011940084,-34.9,0.65,104.9,0.6481890424840132,long_nclose,67.99503055657298,0.05008701300200051,5.0
1698363540000.0,430539,1698363540000.0,0.04744708691885444,-0.0034060000000000006,1357.5821828375003,1357.7325751940084,-26.2,0.65,78.7,0.6481890424840132,long_nclose,51.01247764349184,0.03757597756392913,3.0
1698364500000.0,430555,1698364500000.0,0.035494767313341495,-0.0025480000000000004,1357.6151296048138,1357.7812571940085,-19.6,0.65,59.1,0.6481890424840132,long_nclose,38.307972410805185,0.028217107761576137,16.0
1698365820000.0,430577,1698365820000.0,0.026621075485006116,-0.001911,1357.6398396802988,1357.7246861940087,-14.7,0.65,44.4,0.6481890424840132,long_nclose,28.779593486290185,0.021198253502244965,22.0
1698368520000.0,430622,1698368520000.0,0.0,-0.00783233,1357.6320073502989,1357.6030238640087,60.5,0.6473,104.9,0.6476762963421372,long_ientry_partial,67.94124348629019,0.050043931727045576,45.0
1698389880000.0,430978,1698389880000.0,0.04778103583600468,-0.00340338,1357.6763850061348,1357.8277804840086,-26.2,0.6495,78.7,0.6476762963421372,long_nclose,50.9721245221262,0.037543648166124564,356.0
1698390780000.0,430993,1698390780000.0,0.03574459169411037,-0.0025460400000000003,1357.7095835578289,1357.7996344440085,-19.6,0.6495,59.1,0.6476762963421372,long_nclose,38.27766911382031,0.02819282531210766,15.0
1698390960000.0,430996,1698390960000.0,0.02680844377058278,-0.00190953,1357.7344824715994,1357.8110149140086,-14.7,0.6495,44.4,0.6476762963421372,long_nclose,28.756827557590892,0.021180008262913375,3.0
1698392820000.0,431027,1698392820000.0,0.0,-0.00785001,1357.7266324615994,1357.5224249040084,60.9,0.6445,105.3,0.6458392930445478,long_ientry_partial,68.00687755759088,0.05008878512922175,31.0
1698396540000.0,431089,1698396540000.0,0.04630659292839188,-0.0034063759999999996,1357.7695326785279,1357.9323285280086,-26.3,0.6476,79.0,0.6458392930445478,long_nclose,51.02130415051928,0.03757729343791317,62.0
1698397020000.0,431097,1698397020000.0,0.0346859270224076,-0.0025515439999999998,1357.8016670615502,1357.9238669840086,-19.7,0.6476,59.3,0.6458392930445478,long_nclose,38.29827007754168,0.028206085621049388,8.0
1698400380000.0,431153,1698400380000.0,0.11151592702240788,-0.00256691,1357.9106160785725,1358.1189400740084,-19.7,0.6515,39.6,0.6458392930445478,long_nclose,25.575236004564093,0.018834255879390104,56.0
1698400560000.0,431156,1698400560000.0,0.07472133181196873,-0.0017199599999999998,1357.9836174503846,1358.1436201140086,-13.2,0.6515,26.4,0.6458392930445478,long_nclose,17.05015733637606,0.01255549560191878,3.0
1698405120000.0,431232,1698405120000.0,0.011620665905984272,-0.0008548319999999999,1357.9943832842907,1358.0371652820088,-6.6,0.6476,19.8,0.6458392930445478,long_nclose,12.787618002282047,0.009416547048858456,76.0
1698406080000.0,431248,1698406080000.0,0.0,-0.011024172,1357.9833591122908,1357.9589711100089,85.3,0.6462,105.1,0.6461320456925028,long_ientry_partial,67.90847800228204,0.05000685578847858,16.0
1698406800000.0,431260,1698406800000.0,0.04632040285642691,-0.003394996,1358.0262845191473,1358.189446114009,-26.2,0.6479,78.9,0.6461320456925028,long_nclose,50.979818405138474,0.037539640422489695,12.0
1698407040000.0,431264,1698407040000.0,0.034828699857695045,-0.0025527260000000004,1358.058560493005,1358.1395433880089,-19.7,0.6479,59.2,0.6461320456925028,long_nclose,38.251017104996166,0.02816595559112724,4.0
1698407160000.0,431266,1698407160000.0,0.026165723750958714,-0.0019177840000000005,1358.0828084327559,1358.1879456040087,-14.8,0.6479,44.4,0.6461320456925028,long_nclose,28.688262828747124,0.02112408952577327,2.0
1698408060000.0,431281,1698408060000.0,0.08388572375095893,-0.0019293280000000003,1358.1647648285068,1358.3473362760087,-14.8,0.6518,29.6,0.6461320456925028,long_nclose,19.125508552498083,0.014081876549722617,15.0
1698409020000.0,431297,1698409020000.0,0.05554595221347281,-0.0012775280000000002,1358.2190332527202,1358.3411587480086,-9.8,0.6518,19.8,0.6461320456925028,long_nclose,12.793414504711556,0.009419257271099601,16.0
1698410100000.0,431315,1698410100000.0,0.037408498429481685,-0.0008603759999999999,1358.2555813751496,1358.3251183720085,-6.6,0.6518,13.2,0.6461320456925028,long_nclose,8.528943003141038,0.006279335877645363,18.0
1698410520000.0,431322,1698410520000.0,0.024938998952987793,-0.000573584,1358.2799467901027,1358.3315847880087,-4.4,0.6518,8.8,0.6461320456925028,long_nclose,5.685962002094025,0.0041861488241294684,7.0
1698410940000.0,431329,1698410940000.0,0.041658998952987414,-0.0005769280000000001,1358.3210288610555,1358.3640078600085,-4.4,0.6556,4.4,0.6461320456925028,long_nclose,2.8429810010470127,0.002093011107566255,7.0
1698411000000.0,431330,1698411000000.0,0.058818998952987485,-0.00058036,1358.3792675000086,1358.3792675000086,-4.4,0.6595,0.0,0.6461320456925028,long_nclose,0.0,0.0,1.0
1698417060000.0,431431,1698417060000.0,0.0,-0.013581264,1358.3656862360085,1358.3656862360085,104.6,0.6492,104.6,0.6492,long_ientry_normal,67.90632,0.049991192127479614,101.0
1698417300000.0,431435,1698417300000.0,0.046980000000000625,-0.003398220000000001,1358.4092680160086,1358.6290680160087,-26.1,0.651,78.5,0.6492,long_nclose,50.9622,0.03751608679351224,4.0
1698418200000.0,431450,1698418200000.0,0.03528000000000047,-0.00255192,1358.4419960960086,1358.5480160960085,-19.6,0.651,58.9,0.6492,long_nclose,38.23788,0.028148334717191352,15.0
1698418260000.0,431451,1698418260000.0,0.026460000000000348,-0.0019139399999999998,1358.4665421560087,1358.5549421560088,-14.7,0.651,44.2,0.6492,long_nclose,28.694640000000003,0.02112281687442889,1.0
1698418380000.0,431453,1698418380000.0,0.019800000000000262,-0.0014322000000000002,1358.4849099560088,1358.5280699560087,-11.0,0.651,33.2,0.6492,long_nclose,21.553440000000002,0.01586579272396773,2.0
1698418560000.0,431456,1698418560000.0,0.0149400000000002,-0.0010806600000000002,1358.4987692960087,1358.5386092960086,-8.3,0.651,24.9,0.6492,long_nclose,16.16508,0.01189922314642725,3.0
1698418920000.0,431462,1698418920000.0,0.011160000000000147,-0.0008072400000000001,1358.5091220560087,1358.5334320560087,-6.2,0.651,18.7,0.6492,long_nclose,12.140039999999999,0.008936296269860077,6.0
1698419040000.0,431464,1698419040000.0,0.0,-0.011153256,1358.4979688000087,1358.5293488000086,85.9,0.6492,104.6,0.6492,long_ientry_partial,67.90632,0.049986324278411064,2.0
1698419820000.0,431477,1698419820000.0,0.046980000000000625,-0.003398220000000001,1358.5415505800088,1358.6907005800088,-26.1,0.651,78.5,0.6492,long_nclose,50.9622,0.03751243381421971,13.0
1698420180000.0,431483,1698420180000.0,0.03528000000000047,-0.00255192,1358.5742786600088,1358.6744086600088,-19.6,0.651,58.9,0.6492,long_nclose,38.23788,0.02814559395141416,6.0
1698420240000.0,431484,1698420240000.0,0.026460000000000348,-0.0019139399999999998,1358.598824720009,1358.696064720009,-14.7,0.651,44.2,0.6492,long_nclose,28.694640000000003,0.021120760211104723,1.0
1698420420000.0,431487,1698420420000.0,0.019800000000000262,-0.0014322000000000002,1358.617192520009,1358.693552520009,-11.0,0.651,33.2,0.6492,long_nclose,21.553440000000002,0.015864247941704577,3.0
1698420840000.0,431494,1698420840000.0,0.06270000000000042,-0.0014407800000000002,1358.678451740009,1358.807211740009,-11.0,0.6549,22.2,0.6492,long_nclose,14.412239999999999,0.010607542926394967,7.0
1698421020000.0,431497,1698421020000.0,0.04218000000000029,-0.0009692520000000002,1358.719662488009,1358.8099424880088,-7.4,0.6549,14.8,0.6492,long_nclose,9.60816,0.00707148079568238,3.0
1698421920000.0,431512,1698421920000.0,0.02793000000000019,-0.0006418020000000001,1358.7469506860089,1358.804370686009,-4.9,0.6549,9.9,0.6492,long_nclose,6.42708,0.004730152289766003,15.0
1698422040000.0,431514,1698422040000.0,0.018810000000000125,-0.000432234,1358.7653284520088,1358.8049284520089,-3.3,0.6549,6.6,0.6492,long_nclose,4.28472,0.003153392208558503,2.0
1698422820000.0,431527,1698422820000.0,0.012540000000000086,-0.000288156,1358.7775802960089,1358.809260296009,-2.2,0.6549,4.4,0.6492,long_nclose,2.8564800000000004,0.0021022425166727565,13.0
1698423060000.0,431531,1698423060000.0,0.007980000000000053,-0.000183372,1358.785376924009,1358.8045769240089,-1.4,0.6549,3.0,0.6492,long_nclose,1.9476,0.0014333389459996529,4.0
1698425220000.0,431567,1698425220000.0,0.0,-0.013201904,1358.772175020009,1358.501715020009,101.6,0.6497,104.6,0.6496856596558318,long_ientry_partial,67.95712,0.05001362351197638,36.0
1698458640000.0,432124,1698458640000.0,0.04735428298278908,-0.00340083,1358.8161284729917,1359.005654190009,-26.1,0.6515,78.5,0.6496856596558318,long_nclose,51.000324282982795,0.03753291060821883,557.0
1698461160000.0,432166,1698461160000.0,0.14914428298278945,-0.0034211880000000004,1358.9618515679747,1359.2874830020091,-26.1,0.6554,52.4,0.6496856596558318,long_nclose,34.04352856596559,0.02505112893837752,42.0
1698461640000.0,432174,1698461640000.0,0.24927571701720694,-0.003454208,1359.2076730769918,1359.459568794009,-26.2,0.6592,26.2,0.6496856596558318,long_nclose,17.021764282982794,0.012523299139747132,8.0
1698461820000.0,432177,1698461820000.0,0.12463785850860347,-0.001727104,1359.3305838315002,1359.4604616900087,-13.1,0.6592,13.1,0.6496856596558318,long_nclose,8.510882141491397,0.00626108339113658,3.0
1698462600000.0,432190,1698462600000.0,0.061843212237093326,-0.00085696,1359.3915700837374,1359.455684730009,-6.5,0.6592,6.6,0.6496856596558318,long_nclose,4.28792535372849,0.0031542974431306475,13.0
1698463320000.0,432202,1698463320000.0,0.03139732313575507,-0.000435072,1359.422532334873,1359.454589658009,-3.3,0.6592,3.3,0.6496856596558318,long_nclose,2.143962676864245,0.001577112800375529,12.0
1698463920000.0,432212,1698463920000.0,0.015222944550669127,-0.00021094400000000002,1359.4375443354238,1359.454738714009,-1.6,0.6592,1.7,0.6496856596558318,long_nclose,1.104465621414914,0.0008124430769306466,10.0
1698467100000.0,432265,1698467100000.0,0.0076114722753345635,-0.00010547200000000001,1359.445050335699,1359.453883242009,-0.8,0.6592,0.9,0.6496856596558318,long_nclose,0.5847170936902486,0.0004301145482458887,53.0
1698470580000.0,432323,1698470580000.0,0.012072906309751398,-0.00011935800000000002,1359.4570038840088,1359.4570038840088,-0.9,0.6631,0.0,0.6496856596558318,long_nclose,0.0,0.0,58.0
1698542460000.0,433521,1698542460000.0,0.0,-0.013597536000000004,1359.443406348009,1359.494356348009,101.9,0.6672,101.9,0.6672,long_ientry_normal,67.98768000000001,0.050011408847567426,1198.0
1698556560000.0,433756,1698556560000.0,0.048260000000000323,-0.003399028,1359.4882673200088,1359.6030173200088,-25.4,0.6691,76.5,0.6672,long_nclose,51.040800000000004,0.03754412687990161,235.0
1698556740000.0,433759,1698556740000.0,0.0,-0.0033986399999999996,1359.484868680009,1359.433868680009,25.5,0.6664,102.0,0.6669999999999999,long_ientry_partial,68.03399999999999,0.050043955300552605,3.0
1698558900000.0,433795,1698558900000.0,0.04845000000000316,-0.0034113900000000003,1359.5299072900089,1359.6829072900089,-25.5,0.6689,76.5,0.6669999999999999,long_nclose,51.025499999999994,0.03753172308045112,36.0
1698559860000.0,433811,1698559860000.0,0.03629000000000237,-0.0025551980000000007,1359.5636420920089,1359.678442092009,-19.1,0.6689,57.4,0.6669999999999999,long_nclose,38.285799999999995,0.028160358820046315,16.0
1698561540000.0,433839,1698561540000.0,0.11078000000000053,-0.002570096,1359.6718519960089,1359.8978219960088,-19.1,0.6728,38.3,0.6669999999999999,long_nclose,25.546099999999996,0.018788430430841177,28.0
1698561900000.0,433845,1698561900000.0,0.07366000000000035,-0.001708912,1359.743803084009,1359.882043084009,-12.7,0.6728,25.6,0.6669999999999999,long_nclose,17.0752,0.012557659730658132,6.0
1698562020000.0,433847,1698562020000.0,0.04930000000000023,-0.00114376,1359.7919593240088,1359.8842993240087,-8.5,0.6728,17.1,0.6669999999999999,long_nclose,11.4057,0.008387827212678988,2.0
1698562740000.0,433859,1698562740000.0,0.03306000000000016,-0.000766992,1359.8242523320087,1359.8915123320087,-5.7,0.6728,11.4,0.6669999999999999,long_nclose,7.6038,0.00559175201277664,12.0
1698566760000.0,433926,1698566760000.0,0.022040000000000105,-0.000511328,1359.8457810040088,1359.8967010040087,-3.8,0.6728,7.6,0.6669999999999999,long_nclose,5.0691999999999995,0.0037277756572199534,67.0
1698567540000.0,433939,1698567540000.0,0.03724000000000011,-0.000514368,1359.8825066360089,1359.922026636009,-3.8,0.6768,3.8,0.6669999999999999,long_nclose,2.5345999999999997,0.001863837491571189,13.0
1698568320000.0,433952,1698568320000.0,0.018620000000000057,-0.000257184,1359.900869452009,1359.919679452009,-1.9,0.6768,1.9,0.6669999999999999,long_nclose,1.2672999999999999,0.0009319061620356755,13.0
1698568500000.0,433955,1698568500000.0,0.008820000000000027,-0.000121824,1359.909567628009,1359.919467628009,-0.9,0.6768,1.0,0.6669999999999999,long_nclose,0.6669999999999999,0.000490473790226654,3.0
1698568740000.0,433959,1698568740000.0,0.0049000000000000155,-6.768e-05,1359.9143999480088,1359.9191999480088,-0.5,0.6768,0.5,0.6669999999999999,long_nclose,0.33349999999999996,0.0002452360236885131,4.0
1698577800000.0,434110,1698577800000.0,0.0005800000000000027,-1.3456e-05,1359.9149664920087,1359.9173264920087,-0.1,0.6728,0.4,0.6669999999999999,long_nclose,0.2668,0.00019618873721805442,151.0
1698577920000.0,434112,1698577920000.0,0.0005800000000000027,-1.3456e-05,1359.9155330360086,1359.9173630360085,-0.1,0.6728,0.3,0.6669999999999999,long_nclose,0.20009999999999997,0.00014714149161402485,2.0
1698581880000.0,434178,1698581880000.0,0.0005800000000000027,-1.3456e-05,1359.9160995800084,1359.9172795800084,-0.1,0.6728,0.2,0.6669999999999999,long_nclose,0.1334,9.80942868763733e-05,66.0
1698584820000.0,434227,1698584820000.0,0.0009800000000000032,-1.3536000000000002e-05,1359.9170660440084,1359.9181260440084,-0.1,0.6768,0.1,0.6669999999999999,long_nclose,0.0667,4.904710858142986e-05,49.0
1698585960000.0,434246,1698585960000.0,0.0009800000000000032,-1.3536000000000002e-05,1359.9180325080083,1359.9180325080083,-0.1,0.6768,0.0,0.6669999999999999,long_nclose,0.0,0.0,19.0
1698643440000.0,435204,1698643440000.0,0.0,-0.013603639999999998,1359.9044288680084,1359.8646288680084,99.5,0.6836,99.5,0.6836,long_ientry_normal,68.0182,0.05001689718491372,958.0
1698655260000.0,435401,1698655260000.0,0.04712000000000032,-0.0034000799999999998,1359.9481487880084,1360.1498387880085,-24.8,0.6855,74.7,0.6836,long_nclose,51.06492,0.03754916688956801,197.0
1698655740000.0,435409,1698655740000.0,0.03534000000000024,-0.0025500600000000003,1359.9809387280084,1360.0763087280084,-18.6,0.6855,56.1,0.6836,long_nclose,38.34996,0.028198895225596883,8.0
1698656100000.0,435415,1698656100000.0,0.02660000000000018,-0.0019194,1360.0056193280084,1360.0898193280084,-14.0,0.6855,42.1,0.6836,long_nclose,28.77956,0.021161353740744286,6.0
1698656820000.0,435427,1698656820000.0,0.08400000000000007,-0.0019308799999999998,1360.0876884480085,1360.2253784480085,-14.0,0.6896,28.1,0.6836,long_nclose,19.20916,0.014123471716679907,12.0
1698656880000.0,435428,1698656880000.0,0.05580000000000005,-0.001282656,1360.1422057920086,1360.2587657920085,-9.3,0.6896,18.8,0.6836,long_nclose,12.85168,0.009448776712664753,1.0
1698657000000.0,435430,1698657000000.0,0.03720000000000003,-0.0008551040000000001,1360.1785506880085,1360.2566706880084,-6.2,0.6896,12.6,0.6836,long_nclose,8.61336,0.006332521561704654,2.0
1698657600000.0,435440,1698657600000.0,0.025200000000000024,-0.0005792640000000001,1360.2031714240086,1360.2552514240085,-4.2,0.6896,8.4,0.6836,long_nclose,5.74224,0.004221604625424008,10.0
1698657720000.0,435442,1698657720000.0,0.016800000000000013,-0.000386176,1360.2195852480088,1360.2498252480088,-2.8,0.6896,5.6,0.6836,long_nclose,3.8281599999999996,0.0028143691221017165,2.0
1698658200000.0,435450,1698658200000.0,0.01080000000000001,-0.000248256,1360.2301369920087,1360.2559769920088,-1.8,0.6896,3.8,0.6836,long_nclose,2.59768,0.0019097356611613298,8.0
1698658560000.0,435456,1698658560000.0,0.007200000000000006,-0.000165504,1360.2371714880087,1360.2538114880088,-1.2,0.6896,2.6,0.6836,long_nclose,1.77736,0.0013066544844203066,6.0
1698659700000.0,435475,1698659700000.0,0.004800000000000005,-0.00011033600000000002,1360.2418611520086,1360.2528411520086,-0.8,0.6896,1.8,0.6836,long_nclose,1.23048,0.0009046038319669773,19.0
1698660000000.0,435480,1698660000000.0,0.003600000000000003,-8.2752e-05,1360.2453784000086,1360.2529384000086,-0.6,0.6896,1.2,0.6836,long_nclose,0.8203199999999999,0.0006030676619279553,5.0
1698662700000.0,435525,1698662700000.0,0.0024000000000000024,-5.516800000000001e-05,1360.2477232320086,1360.2527632320086,-0.4,0.6896,0.8,0.6836,long_nclose,0.54688,0.0004020444148956846,45.0
1698663540000.0,435539,1698663540000.0,0.0012000000000000012,-2.7584000000000006e-05,1360.2488956480086,1360.2526156480085,-0.2,0.6896,0.6,0.6836,long_nclose,0.41015999999999997,0.00030153305127632833,14.0
1698666360000.0,435586,1698666360000.0,0.0012000000000000012,-2.7584000000000006e-05,1360.2500680640085,1360.2525480640086,-0.2,0.6896,0.4,0.6836,long_nclose,0.27344,0.00020102186092089424,47.0
1698667860000.0,435611,1698667860000.0,0.0006000000000000006,-1.3792000000000003e-05,1360.2506542720087,1360.2526642720086,-0.1,0.6896,0.3,0.6836,long_nclose,0.20507999999999998,0.00015076633071700786,25.0
1698668940000.0,435629,1698668940000.0,0.0010099999999999998,-1.3874000000000001e-05,1360.2516503980087,1360.2536703980086,-0.1,0.6937,0.2,0.6836,long_nclose,0.13672,0.00010051081353953574,18.0
1698669000000.0,435630,1698669000000.0,0.0010099999999999998,-1.3874000000000001e-05,1360.2526465240087,1360.2536365240087,-0.1,0.6937,0.1,0.6836,long_nclose,0.06836,5.0255369967253684e-05,1.0
1698670200000.0,435650,1698670200000.0,0.0006000000000000006,-1.3792000000000003e-05,1360.2532327320089,1360.2532327320089,-0.1,0.6896,0.0,0.6836,long_nclose,0.0,0.0,20.0
1698670860000.0,435661,1698670860000.0,0.0,-0.013605872000000003,1360.239626860009,1360.259506860009,99.4,0.6844,99.4,0.6844,long_ientry_normal,68.02936000000001,0.05001277617315096,11.0
1698671220000.0,435667,1698671220000.0,0.04712000000000032,-0.0034040480000000002,1360.2833428120089,1360.4474628120088,-24.8,0.6863,74.6,0.6844,long_nclose,51.056239999999995,0.03753353319350024,6.0
1698671940000.0,435679,1698671940000.0,0.14880000000000013,-0.003424384,1360.4287184280088,1360.7175584280087,-24.8,0.6904,49.8,0.6844,long_nclose,34.08312,0.025053220016836637,12.0
1698672000000.0,435680,1698672000000.0,0.09960000000000009,-0.0022921280000000005,1360.5260263000089,1360.7185863000088,-16.6,0.6904,33.2,0.6844,long_nclose,22.722080000000002,0.016700952102910796,1.0
1698672060000.0,435681,1698672060000.0,0.06600000000000006,-0.0015188800000000002,1360.5905074200089,1360.745907420009,-11.0,0.6904,22.2,0.6844,long_nclose,15.19368,0.011166974866531074,1.0
1698672540000.0,435689,1698672540000.0,0.044400000000000044,-0.001021792,1360.6338856280088,1360.7271256280087,-7.4,0.6904,14.8,0.6844,long_nclose,10.12912,0.007444412569017303,8.0
1698672660000.0,435691,1698672660000.0,0.029400000000000027,-0.0006765920000000001,1360.6626090360087,1360.7220090360088,-4.9,0.6904,9.9,0.6844,long_nclose,6.7755600000000005,0.004979603286666556,2.0
1698672720000.0,435692,1698672720000.0,0.019800000000000016,-0.000455664,1360.6819533720088,1360.7228733720087,-3.3,0.6904,6.6,0.6844,long_nclose,4.51704,0.0033196883289338714,1.0
1698673020000.0,435697,1698673020000.0,0.013200000000000012,-0.00030377600000000007,1360.694849596009,1360.722569596009,-2.2,0.6904,4.4,0.6844,long_nclose,3.0113600000000003,0.0022131045773371412,5.0
1698673260000.0,435701,1698673260000.0,0.008400000000000006,-0.000193312,1360.7030562840089,1360.7222562840088,-1.4,0.6904,3.0,0.6844,long_nclose,2.0532,0.0015089258383876604,4.0
1698673860000.0,435711,1698673860000.0,0.006000000000000005,-0.00013808,1360.708918204009,1360.721118204009,-1.0,0.6904,2.0,0.6844,long_nclose,1.3688,0.0010059462253004636,10.0
1698673980000.0,435713,1698673980000.0,0.003600000000000003,-8.2848e-05,1360.712435356009,1360.721115356009,-0.6,0.6904,1.4,0.6844,long_nclose,0.9581599999999999,0.0007041605376005198,2.0
1698677040000.0,435764,1698677040000.0,0.0,-0.013414258000000002,1360.699021098009,1360.680141098009,97.9,0.6851,99.3,0.685090130916415,long_ientry_partial,68.02945000000001,0.049995957184641754,51.0
1698678240000.0,435784,1698678240000.0,0.0473647532729089,-0.0034075200000000003,1360.7429783312818,1360.929963578009,-24.8,0.687,74.5,0.685090130916415,long_nclose,51.039214753272915,0.03750834328453693,20.0
1698678840000.0,435794,1698678840000.0,0.035523564954681675,-0.0025556400000000005,1360.7759462562365,1360.888297938009,-18.6,0.687,55.9,0.685090130916415,long_nclose,38.2965383182276,0.028143162306468558,10.0
1698679680000.0,435808,1698679680000.0,0.0,-0.005947536000000001,1360.7699987202366,1360.716560402009,43.4,0.6852,99.3,0.6851381502339133,long_ientry_partial,68.03421831822759,0.04999685353308181,14.0
1698681240000.0,435834,1698681240000.0,0.0486538741989504,-0.0034080160000000007,1360.8152445784353,1360.9688523860088,-24.8,0.6871,74.5,0.6851381502339133,long_nclose,51.042792192426546,0.03750898029382307,26.0
1698681720000.0,435842,1698681720000.0,0.0364904056492128,-0.0025560120000000007,1360.8491789720845,1361.0091563740086,-18.6,0.6871,55.9,0.6851381502339133,long_nclose,38.29922259807575,0.028143620314343,8.0
1698683760000.0,435876,1698683760000.0,0.11089040564921288,-0.0025708920000000004,1360.9574984857336,1361.1873354820086,-18.6,0.6911,37.3,0.6851381502339133,long_nclose,25.555653003724967,0.018777701017231918,34.0
1698685920000.0,435912,1698685920000.0,0.0,-0.0085002,1360.9489982857335,1360.5454352820086,62.0,0.6855,99.3,0.6853640785873611,long_ientry_partial,68.05665300372496,0.05000676225887221,36.0
1698686160000.0,435916,1698686160000.0,0.0,-0.018681640000000003,1360.9303166457335,1361.9037436420085,141.1,0.662,240.4,0.6716508028441137,long_rentry,161.46485300372495,0.1186429981232876,4.0
1698686520000.0,435922,1698686520000.0,0.46852069218649073,-0.010853549999999998,1361.38798378792,1362.3256100920084,-80.1,0.6775,160.3,0.6716508028441137,long_nclose,107.66562369591144,0.07908518730740012,6.0
1698686580000.0,435923,1698686580000.0,0.31234712812432713,-0.0072357,1361.6930952160444,1362.2969943920086,-53.4,0.6775,106.9,0.6716508028441137,long_nclose,71.79947082403577,0.052728086142380094,1.0
1698686640000.0,435924,1698686640000.0,0.20823141874955145,-0.0048238000000000005,1361.896502834794,1362.3492005920089,-35.6,0.6775,71.3,0.6716508028441137,long_nclose,47.88870224278531,0.03516324635763786,1.0
1698686700000.0,435925,1698686700000.0,0.0,-0.00394596,1361.892556874794,1362.2749746320087,29.1,0.678,100.4,0.6734910581950728,long_ientry_partial,67.61850224278531,0.04965039415293745,1.0
1698686940000.0,435929,1698686940000.0,0.19735865628456783,-0.004538392,1362.0853771390787,1362.5013762400088,-33.4,0.6794,67.0,0.6734910581950728,long_nclose,45.12390089906988,0.033128540733509695,4.0
1698687000000.0,435930,1698687000000.0,0.0,-0.004513208,1362.0808639310787,1362.446763032009,33.2,0.6797,100.2,0.6755483123659669,long_ientry_partial,67.68994089906988,0.04969597818422548,1.0
1698687240000.0,435934,1698687240000.0,0.1987863669767051,-0.004552420000000001,1362.2750978780555,1362.665990612009,-33.4,0.6815,66.8,0.6755483123659669,long_nclose,45.12662726604659,0.03312592833586841,4.0
1698687300000.0,435935,1698687300000.0,0.0,-0.004524496000000001,1362.2705733820555,1362.621466116009,33.2,0.6814,100.0,0.6774910726604659,long_ientry_partial,67.7491072660466,0.04973248970492591,1.0
1698688260000.0,435951,1698688260000.0,0.1967672804064847,-0.004551444,1362.462789218462,1362.8702546720087,-33.3,0.6834,66.7,0.6774910726604659,long_nclose,45.18865454645308,0.0331668907980777,16.0
1698688320000.0,435952,1698688320000.0,0.0,-0.00451176,1362.458277458462,1362.8059229120088,33.0,0.6836,99.7,0.6795130847186868,long_ientry_partial,67.74745454645307,0.0497244250831883,1.0
1698688800000.0,435960,1698688800000.0,0.04698419050469966,-0.0033933720000000004,1362.5018682769667,1362.650489540009,-24.9,0.6814,74.8,0.6795130847186868,long_nclose,50.82757873695777,0.03730459379203262,8.0
1698688860000.0,435961,1698688860000.0,0.0,-0.0034347600000000002,1362.4984335169668,1362.657054780009,25.2,0.6815,100.0,0.6800137873695777,long_ientry_partial,68.00137873695778,0.04990932617913427,1.0
1698688980000.0,435963,1698688980000.0,0.047155315760555316,-0.0034095,1362.5421793327273,1362.713645280009,-25.0,0.6819,75.0,0.6800137873695777,long_nclose,51.00103405271833,0.03743079284172684,2.0
1698689160000.0,435966,1698689160000.0,0.0,-0.0033842080000000005,1362.5387951247274,1362.720241072009,24.8,0.6823,99.8,0.680581904335855,long_ientry_partial,67.92207405271833,0.04984964413178468,3.0
1698694320000.0,436052,1698694320000.0,0.047760582037211126,-0.0033988499999999997,1362.5831568567646,1362.749292222009,-24.9,0.6825,74.9,0.680581904335855,long_nclose,50.97558463475554,0.03741098983811534,86.0
1698694680000.0,436058,1698694680000.0,0.0,-0.003377478,1362.5797793787647,1362.803364744009,24.7,0.6837,99.6,0.6813551670156179,long_ientry_partial,67.86297463475555,0.049804771553043324,6.0
1698695160000.0,436066,1698695160000.0,0.04842634131111387,-0.003402834,1362.6248028860757,1362.7775519100092,-24.9,0.6833,74.7,0.6813551670156179,long_nclose,50.89723097606666,0.03735234443719575,8.0
1698695820000.0,436077,1698695820000.0,0.0,-0.0034063200000000004,1362.6213965660756,1362.769165590009,24.9,0.684,99.6,0.6820163752617135,long_ientry_partial,67.92883097606666,0.04985158103876339,11.0
1698695940000.0,436079,1698695940000.0,0.046902255983331476,-0.003405822,1362.6648930000588,1362.8205397680088,-24.9,0.6839,74.7,0.6820163752617135,long_nclose,50.94662323205,0.037387492327541606,2.0
1698696000000.0,436080,1698696000000.0,0.0,-0.0034063200000000004,1362.6614866800587,1362.7399434480087,24.9,0.684,99.6,0.6825122814462853,long_ientry_partial,67.97822323205001,0.049886361283806295,1.0
1698698100000.0,436115,1698698100000.0,0.04700419198749661,-0.003408312,1362.7050825600463,1362.853565136009,-24.9,0.6844,74.7,0.6825122814462853,long_nclose,50.98366742403751,0.03741357398348954,35.0
1698699300000.0,436135,1698699300000.0,0.1490941919874964,-0.0034287299999999996,1362.8507480220337,1363.1588964060088,-24.9,0.6885,49.8,0.6825122814462853,long_nclose,33.989111616025006,0.024939716741070088,20.0
1698699420000.0,436137,1698699420000.0,0.0993961279916643,-0.0022858200000000005,1362.9478583300254,1363.1632505860086,-16.6,0.6885,33.2,0.6825122814462853,long_nclose,22.659407744016672,0.016625293187503512,2.0
1698700680000.0,436158,1698700680000.0,0.16579612799166435,-0.0022991000000000005,1363.111355358017,1363.2804714860085,-16.6,0.6925,16.6,0.6825122814462853,long_nclose,11.329703872008336,0.008311649541671249,21.0
1698701400000.0,436170,1698701400000.0,0.23385612799166425,-0.002312712,1363.3428987740085,1363.3428987740085,-16.6,0.6966,0.0,0.6825122814462853,long_nclose,0.0,0.0,12.0
1698720540000.0,436489,1698720540000.0,0.0,-0.013628340000000001,1363.3292704340085,1363.3391704340086,99.0,0.6883,99.0,0.6883,long_ientry_normal,68.1417,0.049981835993521545,319.0
1698721140000.0,436499,1698721140000.0,0.04693000000000031,-0.0034095880000000003,1363.3727908460085,1363.5882608460086,-24.7,0.6902,74.3,0.6883,long_nclose,51.14069,0.037510422933015895,10.0
1698722220000.0,436517,1698722220000.0,0.0,-0.003400202,1363.3693906440085,1363.3396906440084,24.7,0.6883,99.0,0.6882999999999999,long_ientry_partial,68.14169999999999,0.049980365165607984,18.0
1698726660000.0,436591,1698726660000.0,0.04693000000000306,-0.0034095880000000003,1363.4129110560084,1363.6209510560084,-24.7,0.6902,74.3,0.6882999999999999,long_nclose,51.14068999999999,0.03750931913970936,74.0
1698727080000.0,436598,1698727080000.0,0.03515000000000229,-0.00255374,1363.4455073160084,1363.5961673160084,-18.5,0.6902,55.8,0.6882999999999999,long_nclose,38.40713999999999,0.028169178594900965,7.0
1698727500000.0,436605,1698727500000.0,0.02641000000000172,-0.0019187560000000002,1363.4699985600084,1363.5537985600085,-13.9,0.6902,41.9,0.6882999999999999,long_nclose,28.839769999999994,0.02115174520191741,7.0
1698728880000.0,436628,1698728880000.0,0.0,-0.007860386000000002,1363.4621381740085,1363.3928381740084,57.1,0.6883,99.0,0.6883,long_ientry_partial,68.1417,0.04997696532391982,23.0
1698731160000.0,436666,1698731160000.0,0.04693000000000031,-0.0034095880000000003,1363.5056585860084,1363.6542585860084,-24.7,0.6902,74.3,0.6883,long_nclose,51.14069,0.03750676770423839,38.0
1698731280000.0,436668,1698731280000.0,0.03515000000000024,-0.00255374,1363.5382548460084,1363.6554348460083,-18.5,0.6902,55.8,0.6883,long_nclose,38.40714,0.028167262534440237,2.0
1698732660000.0,436691,1698732660000.0,0.02641000000000018,-0.0019187560000000002,1363.5627460900084,1363.6507360900084,-13.9,0.6902,41.9,0.6883,long_nclose,28.83977,0.021150306491356942,23.0
1698733920000.0,436712,1698733920000.0,0.0,-0.007874152,1363.5548719380083,1363.4656819380084,57.2,0.6883,99.1,0.6883,long_ientry_partial,68.21052999999999,0.05002404479920414,21.0
1698743160000.0,436866,1698743160000.0,0.04693000000000031,-0.0034095880000000003,1363.5983923500082,1363.7025523500083,-24.7,0.6902,74.4,0.6883,long_nclose,51.209520000000005,0.03755469373335515,154.0
1698743460000.0,436871,1698743460000.0,0.03534000000000024,-0.002567544,1363.6311648060082,1363.7818248060082,-18.6,0.6902,55.8,0.6883,long_nclose,38.40714,0.02816534337968423,5.0
1698744300000.0,436885,1698744300000.0,0.02641000000000018,-0.0019187560000000002,1363.6556560500082,1363.7478360500083,-13.9,0.6902,41.9,0.6883,long_nclose,28.83977,0.021148865457382288,14.0
1698744960000.0,436896,1698744960000.0,0.019760000000000135,-0.0014356160000000002,1363.6739804340082,1363.7369804340083,-10.4,0.6902,31.5,0.6883,long_nclose,21.68145,0.015899291407686447,11.0
1698747180000.0,436933,1698747180000.0,0.014820000000000099,-0.001076712,1363.6877237220083,1363.7351237220082,-7.8,0.6902,23.7,0.6883,long_nclose,16.31271,0.011962203454817778,37.0
1698747720000.0,436942,1698747720000.0,0.011210000000000076,-0.0008144360000000001,1363.6981192860083,1363.7372792860083,-5.9,0.6902,17.8,0.6883,long_nclose,12.251740000000002,0.008984202461476333,9.0
1698748140000.0,436949,1698748140000.0,0.008360000000000057,-0.0006073760000000001,1363.7058719100082,1363.7340119100081,-4.4,0.6902,13.4,0.6883,long_nclose,9.223220000000001,0.006763349920230194,7.0
1698749640000.0,436974,1698749640000.0,0.026400000000000024,-0.0006109840000000002,1363.731660926008,1363.7865609260082,-4.4,0.6943,9.0,0.6883,long_nclose,6.1947,0.004542462551462392,25.0
1698749760000.0,436976,1698749760000.0,0.018000000000000016,-0.00041658,1363.749244346008,1363.786444346008,-3.0,0.6943,6.0,0.6883,long_nclose,4.1298,0.0030282693223272613,2.0
1698750240000.0,436984,1698750240000.0,0.01200000000000001,-0.00027772,1363.760966626008,1363.786566626008,-2.0,0.6943,4.0,0.6883,long_nclose,2.7532,0.0020188288617847103,8.0
1698750360000.0,436986,1698750360000.0,0.0078000000000000074,-0.00018051800000000004,1363.768586108008,1363.7834361080081,-1.3,0.6943,2.7,0.6883,long_nclose,1.8584100000000001,0.0013627018681399788,2.0
1698750660000.0,436991,1698750660000.0,0.005400000000000005,-0.000124974,1363.773861134008,1363.784841134008,-0.9,0.6943,1.8,0.6883,long_nclose,1.2389400000000002,0.000908464398173605,5.0
1698750780000.0,436993,1698750780000.0,0.003600000000000003,-8.3316e-05,1363.777377818008,1363.784937818008,-0.6,0.6943,1.2,0.6883,long_nclose,0.82596,0.0006056413703837092,2.0
1698750900000.0,436995,1698750900000.0,0.0060599999999999985,-8.380800000000001e-05,1363.783354010008,1363.789474010008,-0.6,0.6984,0.6,0.6883,long_nclose,0.41298,0.0003028193582108859,2.0
1698752100000.0,437015,1698752100000.0,0.0030299999999999993,-4.1904000000000004e-05,1363.786342106008,1363.7894621060082,-0.3,0.6984,0.3,0.6883,long_nclose,0.20649,0.00015140934736238134,20.0
1698752580000.0,437023,1698752580000.0,0.0010099999999999998,-1.3968e-05,1363.787338138008,1363.789298138008,-0.1,0.6984,0.2,0.6883,long_nclose,0.13766,0.00010093949118778924,8.0
1698752640000.0,437024,1698752640000.0,0.0010099999999999998,-1.3968e-05,1363.7883341700078,1363.7893941700079,-0.1,0.6984,0.1,0.6883,long_nclose,0.06883,5.0469708733715976e-05,1.0
1698753000000.0,437030,1698753000000.0,0.0014199999999999992,-1.4050000000000003e-05,1363.789740120008,1363.789740120008,-0.1,0.7025,0.0,0.6883,long_nclose,0.0,0.0,6.0
1698756420000.0,437087,1698756420000.0,0.0,-0.013636332000000003,1363.776103788008,1363.795883788008,98.9,0.6894,98.9,0.6894,long_ientry_normal,68.18166000000001,0.04999476073133959,57.0
1698757380000.0,437103,1698757380000.0,0.04693000000000031,-0.0034150219999999998,1363.819618766008,1363.975438766008,-24.7,0.6913,74.2,0.6894,long_nclose,51.15348,0.037507511474489545,16.0
1698757560000.0,437106,1698757560000.0,0.0,-0.003405636,1363.816213130008,1363.687643130008,24.7,0.6894,98.9,0.6894,long_ientry_partial,68.18166000000001,0.04999329040349257,3.0
1698765420000.0,437237,1698765420000.0,0.0,-0.018711790000000002,1363.797501340008,1362.167611340008,140.5,0.6659,239.4,0.6756082289055974,long_rentry,161.74061,0.11859576648371971,131.0
1698768360000.0,437286,1698768360000.0,0.1131279114452778,-0.0081029,1363.9025263514532,1364.0986084400079,-59.8,0.6775,179.6,0.6756082289055974,long_nclose,121.33923791144528,0.08896474313016878,49.0
1698768420000.0,437287,1698768420000.0,0.08494052213867849,-0.006083949999999999,1363.9813829235918,1364.249674490008,-44.9,0.6775,134.7,0.6756082289055974,long_nclose,91.00442843358395,0.06671969982355828,1.0
1698768540000.0,437289,1698768540000.0,0.06356350877192866,-0.0045528,1364.0403936323637,1364.2316516900078,-33.6,0.6775,101.1,0.6756082289055974,long_nclose,68.30399194235589,0.05007475750807215,2.0
1698768780000.0,437293,1698768780000.0,0.0476726315789465,-0.0034146000000000003,1364.0846516639426,1364.2510070900078,-25.2,0.6775,75.9,0.6756082289055974,long_nclose,51.27866457393484,0.03759199585699019,4.0
1698768840000.0,437294,1698768840000.0,0.0,-0.003348332,1364.0813033319425,1364.1671787580076,24.7,0.6778,100.6,0.6761463675341437,long_ientry_partial,68.02032457393486,0.049865300849580255,1.0
1698768960000.0,437296,1698768960000.0,0.04652617489299432,-0.0034035600000000004,1364.1244259468356,1364.3323251980078,-25.1,0.678,75.5,0.6761463675341437,long_nclose,51.04905074882785,0.03742257654641352,2.0
1698769020000.0,437297,1698769020000.0,0.0,-0.0033945000000000004,1364.1210314468356,1364.3389806980076,25.0,0.6789,100.5,0.6768313507346055,long_ientry_partial,68.02155074882786,0.04986474746795874,1.0
1698769620000.0,437307,1698769620000.0,0.1999497503907131,-0.00457476,1364.3164064372263,1364.7230059380076,-33.5,0.6828,67.0,0.6768313507346055,long_nclose,45.34770049921857,0.033238404438483214,10.0
1698769740000.0,437309,1698769740000.0,0.0,-0.004493482,1364.3119129552263,1364.7484824560077,32.9,0.6829,99.9,0.6788299349271127,long_ientry_partial,67.81511049921856,0.04970645631344282,2.0
1698770220000.0,437317,1698770220000.0,0.046564620314891975,-0.003389886,1364.3550876895413,1364.5553425700077,-24.9,0.6807,75.0,0.6788299349271127,long_nclose,50.91224511953346,0.03731597850069258,8.0
1698770400000.0,437320,1698770400000.0,0.14925162682218052,-0.0034239999999999995,1364.5009153163635,1364.8194185700079,-25.0,0.6848,50.0,0.6788299349271127,long_nclose,33.94149674635564,0.024874660299136705,3.0
1698771300000.0,437335,1698771300000.0,0.2492516268221806,-0.003444,1364.7467229431857,1364.993474570008,-25.0,0.6888,25.0,0.6788299349271127,long_nclose,16.97074837317782,0.01243509003383356,15.0
1698771360000.0,437336,1698771360000.0,0.1246258134110903,-0.001722,1364.8696267565967,1364.9955025700078,-12.5,0.6888,12.5,0.6788299349271127,long_nclose,8.48537418658891,0.00621698513927158,1.0
1698772080000.0,437348,1698772080000.0,0.0,-0.011939424,1364.8576873325967,1364.8600231460077,87.2,0.6846,99.7,0.683876571580631,long_ientry_partial,68.18249418658891,0.04995575349679207,12.0
1698772080000.0,437348,1698772080000.0,0.00378605651941285,-0.000561536,1364.860911853116,1364.8631516100077,-4.1,0.6848,95.6,0.683876571580631,long_nclose,65.37860024310832,0.047901291388249716,0.0
1698772500000.0,437355,1698772500000.0,0.04596993922291883,-0.003278124,1364.903603668339,1365.1347234860077,-23.9,0.6858,71.7,0.683876571580631,long_nclose,49.033950182331246,0.03592484483925952,7.0
1698773160000.0,437366,1698773160000.0,0.0,-0.0038337600000000003,1364.899769908339,1364.951639726008,28.0,0.6846,99.7,0.6840797410464518,long_ientry_partial,68.20275018233124,0.049969053908560226,11.0
1698773340000.0,437369,1698773340000.0,0.04781444794335277,-0.0034162800000000007,1364.9441680762825,1365.1401634460078,-24.9,0.686,74.8,0.6840797410464518,long_nclose,51.16916463027459,0.037488100852059836,3.0
1698773760000.0,437376,1698773760000.0,0.0,-0.003409308,1364.9407587682824,1365.0195541380078,24.9,0.6846,99.7,0.6842096753287321,long_ientry_partial,68.21570463027459,0.04997704419921652,7.0
1698773880000.0,437378,1698773880000.0,0.04706908431457143,-0.003416778,1364.9844110745971,1365.185647360008,-24.9,0.6861,74.8,0.6842096753287321,long_nclose,51.17888371458916,0.037494115902978034,2.0
1698778260000.0,437451,1698778260000.0,0.14915908431457123,-0.0034371960000000004,1365.1301329629116,1365.4989101640078,-24.9,0.6902,49.9,0.6842096753287321,long_nclose,34.14206279890373,0.0250101158669767,73.0
1698778860000.0,437461,1698778860000.0,0.25124908431457105,-0.0034576140000000003,1365.3779244332263,1365.652682550008,-24.9,0.6943,25.0,0.6842096753287321,long_nclose,17.1052418832183,0.01252784417934599,10.0
1698779100000.0,437465,1698779100000.0,0.12612905839084892,-0.0017357500000000003,1365.5023177416172,1365.624696800008,-12.5,0.6943,12.5,0.6842096753287321,long_nclose,8.55262094160915,0.006263351464502965,4.0
1698779400000.0,437470,1698779400000.0,0.06256001296186108,-0.0008609320000000001,1365.564016822579,1365.628215868008,-6.2,0.6943,6.3,0.6842096753287321,long_nclose,4.310520954571012,0.0031565865103862474,5.0
1698779520000.0,437472,1698779520000.0,0.03128000648093054,-0.00043046600000000006,1365.5948663630602,1365.6284354020083,-3.1,0.6943,3.2,0.6842096753287321,long_nclose,2.189470961051943,0.0016033093086261245,2.0
1698780540000.0,437489,1698780540000.0,0.016144519474028663,-0.00022217600000000004,1365.610788706534,1365.626933226008,-1.6,0.6943,1.6,0.6842096753287321,long_nclose,1.0947354805259715,0.0008016453074179887,17.0
1698781560000.0,437506,1698781560000.0,0.0029951623356339607,-6.902000000000001e-05,1365.6137148488697,1365.621074206008,-0.5,0.6902,1.1,0.6842096753287321,long_nclose,0.7526306428616054,0.0005511299679242734,17.0
1698782220000.0,437517,1698782220000.0,0.005045162335633957,-6.943e-05,1365.6186905812053,1365.6247447760081,-0.5,0.6943,0.6,0.6842096753287321,long_nclose,0.41052580519723925,0.00030061525082270224,11.0
1698782340000.0,437519,1698782340000.0,0.003027097401380374,-4.1658e-05,1365.6216760206066,1365.624913118008,-0.3,0.6943,0.3,0.6842096753287321,long_nclose,0.20526290259861962,0.00015030729681792362,2.0
1698782520000.0,437522,1698782520000.0,0.004227097401380375,-4.1898000000000004e-05,1365.625861220008,1365.625861220008,-0.3,0.6983,0.0,0.6842096753287321,long_nclose,0.0,0.0,3.0
1698842580000.0,438523,1698842580000.0,0.0,-0.013656300000000003,1365.6122049200078,1365.9280649200077,92.9,0.735,92.9,0.735,long_ientry_normal,68.28150000000001,0.050000651542214114,1001.0
1698842640000.0,438524,1698842640000.0,0.1977599999999988,-0.004581851999999999,1365.8053830680078,1366.264183068008,-30.9,0.7414,62.0,0.735,long_nclose,45.57,0.03336492926806024,1.0
1698842820000.0,438527,1698842820000.0,0.334800000000001,-0.004623960000000001,1366.135559108008,1366.476559108008,-31.0,0.7458,31.0,0.735,long_nclose,22.785,0.01667843271342489,3.0
1698842880000.0,438528,1698842880000.0,0.47119999999999973,-0.00465124,1366.602107868008,1366.602107868008,-31.0,0.7502,0.0,0.735,long_nclose,0.0,0.0,1.0
1698850320000.0,438652,1698850320000.0,0.0,-0.013665834000000002,1366.588442034008,1366.403042034008,92.7,0.7371,92.7,0.7371,long_ientry_normal,68.32917,0.04999981552478227,124.0
1698851160000.0,438666,1698851160000.0,0.04850999999999979,-0.0034151040000000004,1366.6335369300082,1366.7518569300082,-23.1,0.7392,69.6,0.7371,long_nclose,51.30215999999999,0.03753907584855897,14.0
1698851280000.0,438668,1698851280000.0,0.036539999999999836,-0.0025724159999999997,1366.6675045140082,1366.7562445140081,-17.4,0.7392,52.2,0.7371,long_nclose,38.476620000000004,0.028153607130420817,2.0
1698851520000.0,438672,1698851520000.0,0.0,-0.00597051,1366.6615340040082,1366.6059140040081,40.5,0.7371,92.7,0.7370999999999999,long_ientry_partial,68.32916999999999,0.04999714142814207,4.0
1698854760000.0,438726,1698854760000.0,0.04851000000000236,-0.0034151040000000004,1366.7066289000084,1366.6857489000083,-23.1,0.7392,69.6,0.7370999999999999,long_nclose,51.302159999999986,0.03753706824506328,54.0
1698854820000.0,438727,1698854820000.0,0.0,-0.003418288,1366.7032106120084,1366.7032106120084,23.2,0.7367,92.8,0.7369999999999999,long_ientry_partial,68.39359999999999,0.05004275944400058,1.0
1698862320000.0,438852,1698862320000.0,0.04872000000000236,-0.0034294239999999995,1366.7485011880085,1366.9433811880085,-23.2,0.7391,69.6,0.7369999999999999,long_nclose,51.29519999999999,0.03753082586548516,125.0
1698862680000.0,438858,1698862680000.0,0.036540000000001766,-0.002572068,1366.7824691200085,1366.9442891200085,-17.4,0.7391,52.2,0.7369999999999999,long_nclose,38.471399999999996,0.02814741984858021,6.0
1698863400000.0,438870,1698863400000.0,0.027300000000001323,-0.0019216600000000002,1366.8078474600084,1366.9332874600084,-13.0,0.7391,39.2,0.7369999999999999,long_nclose,28.890399999999996,0.021137133543451727,12.0
1698863580000.0,438873,1698863580000.0,0.08320000000000094,-0.00193284,1366.8891146200083,1367.0567946200083,-13.0,0.7434,26.2,0.7369999999999999,long_nclose,19.309399999999997,0.014126529938288345,3.0
1698863640000.0,438874,1698863640000.0,0.055680000000000625,-0.0012935159999999998,1366.9435011040082,1367.0887511040082,-8.7,0.7434,17.5,0.7369999999999999,long_nclose,12.897499999999997,0.009435283894018565,1.0
1698863820000.0,438877,1698863820000.0,0.09396000000000124,-0.001301172,1367.036159932008,1367.1179999320082,-8.7,0.7478,8.8,0.7369999999999999,long_nclose,6.4856,0.004744278308133834,3.0
1698863880000.0,438878,1698863880000.0,0.04752000000000063,-0.0006580640000000001,1367.0830218680082,1367.1155818680083,-4.4,0.7478,4.4,0.7369999999999999,long_nclose,3.2428,0.0023720578400344525,1.0
1698864600000.0,438890,1698864600000.0,0.0089600000000001,-0.000208152,1367.0917737160082,1367.1133737160083,-1.4,0.7434,3.0,0.7369999999999999,long_nclose,2.2109999999999994,0.0016173018099509828,12.0
1698864780000.0,438893,1698864780000.0,0.016200000000000214,-0.00022434000000000004,1367.1077493760083,1367.1231993760084,-1.5,0.7478,1.5,0.7369999999999999,long_nclose,1.1054999999999997,0.0008086414552946432,3.0
1698864840000.0,438894,1698864840000.0,0.0075600000000001,-0.000104692,1367.1152046840084,1367.1234446840083,-0.7,0.7478,0.8,0.7369999999999999,long_nclose,0.5895999999999999,0.00043127309094355263,1.0
1698864900000.0,438895,1698864900000.0,0.004320000000000057,-5.9824e-05,1367.1194648600085,1367.1240248600086,-0.4,0.7478,0.4,0.7369999999999999,long_nclose,0.29479999999999995,0.00021563587351174692,1.0
1698865320000.0,438902,1698865320000.0,0.006080000000000041,-6.017600000000001e-05,1367.1254846840086,1367.1254846840086,-0.4,0.7522,0.0,0.7369999999999999,long_nclose,0.0,0.0,7.0
1698902100000.0,439515,1698902100000.0,0.0,-0.013673659999999999,1367.1118110240086,1367.0572110240087,91.0,0.7513,91.0,0.7513,long_ientry_normal,68.36829999999999,0.05000929656864719,613.0
1698902160000.0,439516,1698902160000.0,0.04766999999999979,-0.003420436,1367.1560605880086,1367.3814505880086,-22.7,0.7534,68.3,0.7513,long_nclose,51.31379,0.03753323521670974,1.0
1698902700000.0,439525,1698902700000.0,0.03569999999999984,-0.0025615599999999996,1367.1891990280085,1367.2148490280085,-17.0,0.7534,51.3,0.7513,long_nclose,38.541689999999996,0.028190458224363446,9.0
1698902760000.0,439526,1698902760000.0,0.0,-0.0059661160000000005,1367.1832329120084,1366.9517629120085,39.7,0.7514,91.0,0.7513436263736264,long_ientry_partial,68.37227,0.05000958785485663,1.0
1698908520000.0,439622,1698908520000.0,0.04667968131867991,-0.003420436,1367.2264921573271,1367.3601124760085,-22.7,0.7534,68.3,0.7513436263736264,long_nclose,51.31676968131868,0.03753348108428376,96.0
1698908580000.0,439623,1698908580000.0,0.034958351648350594,-0.0025615599999999996,1367.2588889489755,1367.3849009160085,-17.0,0.7534,51.3,0.7513436263736264,long_nclose,38.54392803296703,0.02819065821733008,1.0
1698908820000.0,439627,1698908820000.0,0.026321582417581625,-0.0019287040000000003,1367.283281827393,1367.3432022120085,-12.8,0.7534,38.5,0.7513436263736264,long_nclose,28.926729615384616,0.021156354356007077,4.0
1698909060000.0,439631,1698909060000.0,0.019741186813186217,-0.0014465279999999999,1367.3015764862062,1367.3552256840082,-9.6,0.7534,28.9,0.7513436263736264,long_nclose,21.7138308021978,0.015880791169713727,4.0
1698909120000.0,439632,1698909120000.0,0.014805890109889664,-0.0010848960000000001,1367.315297480316,1367.3642607880083,-7.2,0.7534,21.7,0.7513436263736264,long_nclose,16.304156692307693,0.011924211425377114,1.0
1698909720000.0,439642,1698909720000.0,0.011104417582417248,-0.0008136720000000001,1367.3255882258984,1367.3656271160082,-5.4,0.7534,16.3,0.7513436263736264,long_nclose,12.24690110989011,0.008956828728540388,10.0
1698910920000.0,439662,1698910920000.0,0.008225494505494257,-0.00060272,1367.333211000404,1367.3658843960084,-4.0,0.7534,12.3,0.7513436263736264,long_nclose,9.241526604395606,0.006758796268565787,20.0
1698911040000.0,439664,1698911040000.0,0.006169120879120693,-0.00045203999999999996,1367.338928081283,1367.3599123560084,-3.0,0.7534,9.3,0.7513436263736264,long_nclose,6.987495725274726,0.005110288006705054,2.0
1698911340000.0,439669,1698911340000.0,0.004729659340659198,-0.000346564,1367.3433111766237,1367.3570057920083,-2.3,0.7534,7.0,0.7513436263736264,long_nclose,5.259405384615385,0.0038464410083591744,5.0
1698911400000.0,439670,1698911400000.0,0.0034958351648350593,-0.00025615599999999995,1367.3465508557886,1367.3510896360083,-1.7,0.7534,5.3,0.7513436263736264,long_nclose,3.9821212197802196,0.002912298434722279,1.0
1698911880000.0,439678,1698911880000.0,0.0026732857142856337,-0.000195884,1367.3490282575028,1367.3600537520083,-1.3,0.7534,4.0,0.7513436263736264,long_nclose,3.0053745054945056,0.0021979571004810965,8.0
1698912000000.0,439680,1698912000000.0,0.00852328571428571,-0.00019705400000000003,1367.3573544892172,1367.3715466980084,-1.3,0.7579,2.7,0.7513436263736264,long_nclose,2.0286277912087916,0.00148361200863003,2.0
1698912420000.0,439687,1698912420000.0,0.0,-0.013266192,1367.3440882972172,1367.2618005060085,88.3,0.7512,91.0,0.7512042614418548,long_ientry_partial,68.35958779120878,0.049994429621836034,7.0
1698914280000.0,439718,1698914280000.0,0.04757326526989501,-0.003419982,1367.3882415804871,1367.5587005240084,-22.7,0.7533,68.3,0.7512042614418548,long_nclose,51.307251056478684,0.037522080047416174,31.0
1698914520000.0,439722,1698914520000.0,0.03562755548846763,-0.00256122,1367.4213079159756,1367.5339493040085,-17.0,0.7533,51.3,0.7512042614418548,long_nclose,38.53677861196715,0.028182081403060256,4.0
1698915480000.0,439738,1698915480000.0,0.11278712934428317,-0.0025916760000000007,1367.5315033693198,1367.7639176280084,-17.1,0.7578,34.2,0.7512042614418548,long_nclose,25.691185741311436,0.018786540330525164,16.0
1698915600000.0,439740,1698915600000.0,0.07519141956285545,-0.0017277840000000002,1367.6049670048826,1367.7621898440084,-11.4,0.7578,22.8,0.7512042614418548,long_nclose,17.12745716087429,0.01252368744929627,2.0
1698917040000.0,439764,1698917040000.0,0.05012761304190363,-0.001151856,1367.6539427619246,1367.7541979880084,-7.6,0.7578,15.2,0.7512042614418548,long_nclose,11.418304773916192,0.008348825983609103,24.0
1698917100000.0,439765,1698917100000.0,0.03297869279072607,-0.0007578000000000001,1367.6861636547153,1367.7565001880084,-5.0,0.7578,10.2,0.7512042614418548,long_nclose,7.662283466706919,0.005602369659302433,1.0
1698917520000.0,439772,1698917520000.0,0.022425511097693727,-0.000515304,1367.708073861813,1367.7495248840085,-3.4,0.7578,6.8,0.7512042614418548,long_nclose,5.108188977804613,0.003734853274194183,7.0
1698917820000.0,439777,1698917820000.0,0.014510624827919472,-0.00033343200000000004,1367.722251054641,1367.7516714520084,-2.2,0.7578,4.6,0.7512042614418548,long_nclose,3.455539602632532,0.0025264922026149604,5.0
1698917880000.0,439778,1698917880000.0,0.009893607837217822,-0.00022734000000000003,1367.7319173224782,1367.7542241120084,-1.5,0.7578,3.1,0.7512042614418548,long_nclose,2.32873321046975,0.001702624016429011,1.0
1698920460000.0,439821,1698920460000.0,0.006595738558145214,-0.00015156000000000002,1367.7383615010365,1367.7524225520085,-1.0,0.7578,2.1,0.7512042614418548,long_nclose,1.5775289490278952,0.0011533850284762227,43.0
1698920700000.0,439825,1698920700000.0,0.00461701699070165,-0.00010609199999999999,1367.7428724260274,1367.7516864600088,-0.7,0.7578,1.4,0.7512042614418548,long_nclose,1.0516859660185967,0.000768920816346989,4.0
1698920760000.0,439826,1698920760000.0,0.002638295423258086,-6.0624000000000015e-05,1367.7454500974507,1367.7521458360088,-0.4,0.7578,1.0,0.7512042614418548,long_nclose,0.7512042614418548,0.0005492281194489312,1.0
1698921240000.0,439834,1698921240000.0,0.001978721567443564,-4.5468e-05,1367.747383351018,1367.7531203680087,-0.3,0.7578,0.7,0.7512042614418548,long_nclose,0.5258429830092983,0.00038445914019661205,8.0
1698921300000.0,439835,1698921300000.0,0.003298721567443552,-4.5731999999999995e-05,1367.7506363405855,1367.7552746360088,-0.3,0.7622,0.4,0.7512042614418548,long_nclose,0.30048170457674195,0.00021969041475329175,1.0
1698921540000.0,439839,1698921540000.0,0.006198295423258094,-6.133600000000001e-05,1367.7567733000087,1367.7567733000087,-0.4,0.7667,0.0,0.7512042614418548,long_nclose,0.0,0.0,4.0
1698932640000.0,440024,1698932640000.0,0.0,-0.013673904000000002,1367.7430993960088,1368.303579396009,90.4,0.7563,90.4,0.7563,long_ientry_normal,68.36952000000001,0.04998710651890094,185.0
1698933000000.0,440030,1698933000000.0,0.19866000000000153,-0.004592658,1367.9371667380087,1368.3230867380087,-30.1,0.7629,60.3,0.7563,long_nclose,45.60489,0.033338439154153326,6.0
1698933060000.0,440031,1698933060000.0,0.13266000000000103,-0.0030668580000000004,1368.0667598800087,1368.4004198800087,-20.1,0.7629,40.2,0.7563,long_nclose,30.40326,0.022223520731303074,1.0
1698933240000.0,440034,1698933240000.0,0.08844000000000067,-0.002044572,1368.1531553080088,1368.3193153080088,-13.4,0.7629,26.8,0.7563,long_nclose,20.26884,0.014814744914604923,3.0
1698933300000.0,440035,1698933300000.0,0.05874000000000045,-0.001357962,1368.2105373460088,1368.3304673460088,-8.9,0.7629,17.9,0.7563,long_nclose,13.537769999999998,0.00989450792146356,1.0
1698933840000.0,440044,1698933840000.0,0.0389400000000003,-0.0009002220000000002,1368.2485771240088,1368.3409771240088,-5.9,0.7629,12.0,0.7563,long_nclose,9.0756,0.006633005253384926,9.0
1698934260000.0,440051,1698934260000.0,0.0,-0.011861920000000001,1368.2367152040088,1368.5283952040088,78.4,0.7565,90.4,0.7564734513274336,long_ientry_partial,68.3852,0.04998053278361524,7.0
1698934380000.0,440053,1698934380000.0,0.04806000000000184,-0.0034288720000000008,1368.2813463320088,1368.4458663320088,-22.6,0.7586,67.8,0.7564734513274336,long_nclose,51.2889,0.037484176874508765,2.0
1698935040000.0,440064,1698935040000.0,0.0,-0.0034193800000000005,1368.2779269520088,1368.3791669520087,22.6,0.7565,90.4,0.7564800884955751,long_ientry_partial,68.3858,0.04997946590597787,11.0
1698935220000.0,440067,1698935220000.0,0.04791000000000321,-0.0034288720000000008,1368.3224080800087,1368.3915580800087,-22.6,0.7586,67.8,0.7564800884955751,long_nclose,51.28934999999999,0.037483380888257,3.0
1698935280000.0,440068,1698935280000.0,0.03582650442478116,-0.002564068,1368.3556705164333,1368.4941140120086,-16.9,0.7586,50.9,0.7564800884955751,long_nclose,38.50483650442477,0.028139494236825578,1.0
1698935400000.0,440070,1698935400000.0,0.02692287610619649,-0.0019268440000000003,1368.3806665485395,1368.4654671680084,-12.7,0.7586,38.2,0.7564800884955751,long_nclose,28.897539380530972,0.021118055879449912,2.0
1698935520000.0,440072,1698935520000.0,0.0,-0.00789786,1368.3727686885395,1368.3283293080085,52.2,0.7565,90.4,0.7564915860678204,long_ientry_partial,68.38683938053097,0.04997676140988506,2.0
1698947340000.0,440269,1698947340000.0,0.047650154867259924,-0.0034288720000000008,1368.4169899714068,1368.6074004360087,-22.6,0.7586,67.8,0.7564915860678204,long_nclose,51.29012953539822,0.037481359783811175,197.0
1698948720000.0,440292,1698948720000.0,0.03563219545383595,-0.002564068,1368.4500580988606,1368.6082763680085,-16.9,0.7586,50.9,0.7564915860678204,long_nclose,38.505421730852056,0.028137980997528168,23.0
1698949260000.0,440301,1698949260000.0,0.026776856938681457,-0.0019268440000000003,1368.474908111799,1368.5860095240084,-12.7,0.7586,38.2,0.7564915860678204,long_nclose,28.897978587790742,0.021116922507306863,9.0
1698949560000.0,440306,1698949560000.0,0.0839268569386808,-0.001938274,1368.5568966947378,1368.7279612500083,-12.7,0.7631,25.5,0.7564915860678204,long_nclose,19.29053544472942,0.014095530475436458,5.0
1698950940000.0,440329,1698950940000.0,0.05617151842352652,-0.00129727,1368.6117709431614,1368.7224139800085,-8.5,0.7631,17.0,0.7564915860678204,long_nclose,12.860356963152947,0.009396643545079549,23.0
1698951120000.0,440332,1698951120000.0,0.037007118020205704,-0.0008546719999999999,1368.6479233891816,1368.7289593080086,-5.6,0.7631,11.4,0.7564915860678204,long_nclose,8.624004081173153,0.006301112166098597,3.0
1698951660000.0,440341,1698951660000.0,0.025111972942282443,-0.000579956,1368.672455406124,1368.7272393520086,-3.8,0.7631,7.6,0.7564915860678204,long_nclose,5.749336054115435,0.004200666150185249,9.0
1698952200000.0,440350,1698952200000.0,0.016521034830448977,-0.00038155000000000003,1368.6885948909546,1368.7202578020087,-2.5,0.7631,5.1,0.7564915860678204,long_nclose,3.858107088945884,0.0028188348345616664,9.0
1698952860000.0,440361,1698952860000.0,0.002530096718615571,-0.000182064,1368.6909429236732,1368.7038457380088,-1.2,0.7586,3.9,0.7564915860678204,long_nclose,2.9503171856644994,0.002155575881405557,11.0
1698953160000.0,440366,1698953160000.0,0.008590938111833469,-0.00019840600000000004,1368.699335455785,1368.7193773320087,-1.3,0.7631,2.6,0.7564915860678204,long_nclose,1.966878123776333,0.0014370417759583048,5.0
1698953520000.0,440372,1698953520000.0,0.0052867311457436734,-0.000122096,1368.7045000909309,1368.7138752360088,-0.8,0.7631,1.8,0.7564915860678204,long_nclose,1.3616848549220768,0.0009948713216268467,6.0
1698953760000.0,440376,1698953760000.0,0.003965048359307754,-9.1572e-05,1368.7083735672902,1368.7171436640087,-0.6,0.7631,1.2,0.7564915860678204,long_nclose,0.9077899032813844,0.000663245670745328,4.0
1698954420000.0,440387,1698954420000.0,0.0026433655728718367,-6.1048e-05,1368.710955884863,1368.7165626160088,-0.4,0.7631,0.8,0.7564915860678204,long_nclose,0.6051932688542564,0.0004421629462759745,11.0
1698954540000.0,440389,1698954540000.0,0.0013216827864359184,-3.0524e-05,1368.7122470436495,1368.7157920920088,-0.2,0.7631,0.6,0.7564915860678204,long_nclose,0.4538949516406922,0.0003316218968750245,2.0
1698954660000.0,440391,1698954660000.0,0.0013216827864359184,-3.0524e-05,1368.713538202436,1368.7163415680088,-0.2,0.7631,0.4,0.7564915860678204,long_nclose,0.3025966344271282,0.00022108105602910565,2.0
1698955680000.0,440408,1698955680000.0,0.002221682786435908,-3.0703999999999996e-05,1368.7157291812225,1368.718030864009,-0.2,0.7676,0.2,0.7564915860678204,long_nclose,0.1512983172135641,0.00011054035106623057,17.0
1698956640000.0,440424,1698956640000.0,0.001110841393217954,-1.5351999999999998e-05,1368.7168246706158,1368.717965512009,-0.1,0.7676,0.1,0.7564915860678204,long_nclose,0.07564915860678205,5.5270131296140936e-05,16.0
1698958080000.0,440448,1698958080000.0,0.0006608413932179592,-1.5262e-05,1368.717470250009,1368.717470250009,-0.1,0.7631,0.0,0.7564915860678204,long_nclose,0.0,0.0,24.0
1698964920000.0,440562,1698964920000.0,0.0,-0.013684752000000001,1368.703785498009,1368.676665498009,90.4,0.7569,90.4,0.7569,long_ientry_normal,68.42376,0.049991649562877265,114.0
1698965760000.0,440576,1698965760000.0,0.047459999999999794,-0.0034306800000000006,1368.747814818009,1368.917314818009,-22.6,0.759,67.8,0.7569,long_nclose,51.31782,0.0374925310889525,14.0
1698965880000.0,440578,1698965880000.0,0.03548999999999984,-0.00256542,1368.7807393980088,1368.8774493980088,-16.9,0.759,50.9,0.7569,long_nclose,38.52621,0.028146370628318356,2.0
1698966060000.0,440581,1698966060000.0,0.0,-0.00597951,1368.7747598880087,1368.7114798880086,39.5,0.7569,90.4,0.7568999999999999,long_ientry_partial,68.42376,0.049989057370986544,3.0
1698966900000.0,440595,1698966900000.0,0.047460000000002306,-0.0034306800000000006,1368.8187892080086,1368.9882892080086,-22.6,0.759,67.8,0.7568999999999999,long_nclose,51.31781999999999,0.03749058707010605,14.0
1698967080000.0,440598,1698967080000.0,0.14916000000000115,-0.00345102,1368.9644981880085,1369.2402181880086,-22.6,0.7635,45.2,0.7568999999999999,long_nclose,34.21188,0.02499106444709384,3.0
1698967140000.0,440599,1698967140000.0,0.09900000000000075,-0.0022905,1369.0612076880084,1369.2877076880084,-15.0,0.7635,30.2,0.7568999999999999,long_nclose,22.858379999999997,0.016696390104137062,1.0
1698967740000.0,440609,1698967740000.0,0.0660000000000005,-0.001527,1369.1256806880085,1369.2630406880085,-10.0,0.7635,20.2,0.7568999999999999,long_nclose,15.289379999999998,0.011167258211325661,10.0
1698968580000.0,440623,1698968580000.0,0.044220000000000335,-0.0010230900000000002,1369.1688775980085,1369.2579775980084,-6.7,0.7635,13.5,0.7568999999999999,long_nclose,10.218149999999998,0.007463031162325377,14.0
1698968640000.0,440624,1698968640000.0,0.029700000000000226,-0.00068715,1369.1978904480086,1369.2581904480087,-4.5,0.7635,9.0,0.7568999999999999,long_nclose,6.812099999999999,0.004975248682110549,1.0
1698968820000.0,440627,1698968820000.0,0.01980000000000015,-0.00045809999999999997,1369.2172323480086,1369.2622323480086,-3.0,0.7635,6.0,0.7568999999999999,long_nclose,4.541399999999999,0.0033167856003478414,3.0
1698969240000.0,440634,1698969240000.0,0.03330000000000033,-0.0004608000000000001,1369.2500715480087,1369.2899715480087,-3.0,0.768,3.0,0.7568999999999999,long_nclose,2.2706999999999997,0.001658353026363442,7.0
1698969540000.0,440639,1698969540000.0,0.046800000000000175,-0.0004635,1369.2964080480087,1369.2964080480087,-3.0,0.7725,0.0,0.7568999999999999,long_nclose,0.0,0.0,5.0
1698971220000.0,440667,1698971220000.0,0.0,-0.013695599999999999,1369.2827124480089,1369.3279124480089,90.4,0.7575,90.4,0.7575,long_ientry_normal,68.478,0.050010125284919986,28.0
1698972060000.0,440681,1698972060000.0,0.047460000000002306,-0.003433392000000001,1369.3267390560088,1369.3606390560087,-22.6,0.7596,67.8,0.7575,long_nclose,51.35849999999999,0.037506388019126605,14.0
1698972120000.0,440682,1698972120000.0,0.0,-0.0034238999999999997,1369.323315156009,1369.2600351560088,22.6,0.7575,90.4,0.7574999999999998,long_ientry_partial,68.478,0.05000864240173856,1.0
1698992820000.0,441027,1698992820000.0,0.04746000000000481,-0.003433392000000001,1369.3673417640089,1369.530061764009,-22.6,0.7596,67.8,0.7574999999999998,long_nclose,51.358499999999985,0.03750527592825483,345.0
1698993060000.0,441031,1698993060000.0,0.035490000000003595,-0.002567448,1369.4002643160088,1369.5020643160087,-16.9,0.7596,50.9,0.7574999999999998,long_nclose,38.556749999999994,0.028155938774598096,4.0
1698994860000.0,441061,1698994860000.0,0.0,-0.006051448,1369.3942128680087,1368.9984628680088,40.3,0.7508,91.2,0.7545393640350876,long_ientry_partial,68.81398999999999,0.050251409968995346,30.0
1699021800000.0,441510,1699021800000.0,0.046982500000004104,-0.0034500960000000006,1369.4377452720087,1369.6334127720086,-22.8,0.7566,68.4,0.7545393640350876,long_nclose,51.61049249999999,0.03768735941315003,449.0
1699022640000.0,441524,1699022640000.0,0.03523687500000308,-0.0025875720000000007,1369.4703945750086,1369.5966252000087,-17.1,0.7566,51.3,0.7545393640350876,long_nclose,38.707869374999994,0.02826484568657821,14.0
1699023240000.0,441534,1699023240000.0,0.1121868750000022,-0.0026029620000000003,1369.5799784880085,1369.8077722380085,-17.1,0.7611,34.2,0.7545393640350876,long_nclose,25.805246249999996,0.01884172275830764,10.0
1699024140000.0,441549,1699024140000.0,0.017515405701755915,-0.0012862200000000002,1369.59620767371,1369.6594460180083,-8.5,0.7566,25.7,0.7545393640350876,long_nclose,19.39166165570175,0.014158670670269248,15.0
1699024320000.0,441552,1699024320000.0,0.01318807017543975,-0.0009684480000000001,1369.6084272958853,1369.6597775700081,-6.4,0.7566,19.3,0.7545393640350876,long_nclose,14.562609725877191,0.010632681163206027,3.0
1699025220000.0,441567,1699025220000.0,0.00989105263157981,-0.0007263360000000001,1369.6175920125168,1369.669221234008,-4.8,0.7566,14.5,0.7545393640350876,long_nclose,10.94082077850877,0.007988230322328383,15.0
1699027740000.0,441609,1699027740000.0,0.0074182894736848585,-0.0005447520000000001,1369.6244655499904,1369.644746482008,-3.6,0.7566,10.9,0.7545393640350876,long_nclose,8.224479067982456,0.006004915416489592,42.0
1699027800000.0,441610,1699027800000.0,0.005563717105263644,-0.0004085640000000001,1369.6296207030957,1369.663737918008,-2.7,0.7566,8.2,0.7545393640350876,long_nclose,6.187222785087718,0.004517442300869284,1.0
1699030380000.0,441653,1699030380000.0,0.0,-0.012470010000000002,1369.6171506930957,1369.476127908008,83.3,0.7485,91.5,0.7490412326239095,long_ientry_partial,68.53727278508772,0.05004119052569135,43.0
1699038360000.0,441786,1699038360000.0,0.04693989617486234,-0.0034250160000000003,1369.6606655732705,1369.829582892008,-22.8,0.7511,68.7,0.7490412326239095,long_nclose,51.45913268126259,0.037570716583092065,133.0
1699038960000.0,441796,1699038960000.0,0.0,-0.003423092,1369.6572424812705,1369.526169800008,22.9,0.7474,91.6,0.7486309244679322,long_ientry_partial,68.57459268126259,0.05006697336702494,10.0
1699042800000.0,441860,1699042800000.0,0.047381829684352846,-0.0034382060000000005,1369.7011861049548,1369.884551594008,-22.9,0.7507,68.7,0.7486309244679322,long_nclose,51.430944510946944,0.03754902531493171,64.0
1699043100000.0,441865,1699043100000.0,0.035381191598359556,-0.002567394,1369.7339999025533,1369.851084200008,-17.1,0.7507,51.6,0.7486309244679322,long_nclose,38.629355702545304,0.028202085737298998,5.0
1699043220000.0,441867,1699043220000.0,0.02669107436367475,-0.0019368060000000001,1369.758754170917,1369.858177394008,-12.9,0.7507,38.7,0.7486309244679322,long_nclose,28.97201677690898,0.021151182052087023,2.0
1699043580000.0,441873,1699043580000.0,0.019863125107850977,-0.001441344,1369.7771759520247,1369.8111960500078,-9.6,0.7507,29.1,0.7486309244679322,long_nclose,21.78515990201683,0.015904163308076494,6.0
1699043700000.0,441875,1699043700000.0,0.014897343830888232,-0.001081008,1369.7909922878555,1369.8472550420079,-7.2,0.7507,21.9,0.7486309244679322,long_nclose,16.395017245847715,0.011968991866755081,2.0
1699044300000.0,441885,1699044300000.0,0.011173007873166175,-0.0008107560000000002,1369.8013545397287,1369.8305442860078,-5.4,0.7507,16.5,0.7486309244679322,long_nclose,12.352410253720882,0.009017665381029978,10.0
1699044360000.0,441886,1699044360000.0,0.00848320968147802,-0.000615574,1369.8092221754102,1369.842318712008,-4.1,0.7507,12.4,0.7486309244679322,long_nclose,9.28302346340236,0.006776873241267773,1.0
1699045380000.0,441903,1699045380000.0,0.006414134149410211,-0.0004654340000000001,1369.8151708755597,1369.835343278008,-3.1,0.7507,9.3,0.7486309244679322,long_nclose,6.9622675975517705,0.005082632858491136,17.0
1699046160000.0,441916,1699046160000.0,0.0047588737237559625,-0.000345322,1369.8195844272836,1369.8347679560081,-2.3,0.7507,7.0,0.7486309244679322,long_nclose,5.240416471275526,0.00382562530923846,13.0
1699049880000.0,441978,1699049880000.0,0.015108873723755844,-0.00034739199999999997,1369.8343459090072,1369.857700564008,-2.3,0.7552,4.7,0.7486309244679322,long_nclose,3.5185653449992818,0.002568606456326221,62.0
1699050300000.0,441985,1699050300000.0,0.009853613298101638,-0.00022656000000000003,1369.843972962305,1369.8653140040078,-1.5,0.7552,3.2,0.7486309244679322,long_nclose,2.395618958297383,0.001748826147781507,7.0
1699050600000.0,441990,1699050600000.0,0.0065690755320677585,-0.00015104,1369.8503909978372,1369.8646229640078,-1.0,0.7552,2.2,0.7486309244679322,long_nclose,1.646988033829451,0.0012023123434886484,5.0
1699050660000.0,441991,1699050660000.0,0.00459835287244743,-0.000105728,1369.8548836227094,1369.8659372360075,-0.7,0.7552,1.5,0.7486309244679322,long_nclose,1.1229463867018983,0.0008197557275060856,1.0
1699051500000.0,442005,1699051500000.0,0.0032845377660338793,-7.552e-05,1369.8580926404752,1369.8654617160073,-0.5,0.7552,1.0,0.7486309244679322,long_nclose,0.7486309244679322,0.000546502538102254,14.0
1699054260000.0,442051,1699054260000.0,0.0019707226596203274,-4.5311999999999996e-05,1369.8600180511346,1369.865386404007,-0.3,0.7552,0.7,0.7486309244679322,long_nclose,0.5240416471275525,0.0003825512389748358,46.0
1699056660000.0,442091,1699056660000.0,0.0013138151064135519,-3.0208000000000003e-05,1369.861301658241,1369.864586196007,-0.2,0.7552,0.5,0.7486309244679322,long_nclose,0.3743154622339661,0.00027325062893655784,40.0
1699057860000.0,442111,1699057860000.0,0.00020690755320678102,-1.5014000000000002e-05,1369.8614935517944,1369.8628811820072,-0.1,0.7507,0.4,0.7486309244679322,long_nclose,0.2994523697871729,0.0002186004725271523,20.0
1699058280000.0,442118,1699058280000.0,0.00020690755320678102,-1.5014000000000002e-05,1369.8616854453478,1369.8624561680074,-0.1,0.7507,0.3,0.7486309244679322,long_nclose,0.22458927734037967,0.00016395033142880023,7.0
1699059120000.0,442132,1699059120000.0,0.00020690755320678102,-1.5014000000000002e-05,1369.8618773389012,1369.8625511540076,-0.1,0.7507,0.2,0.7486309244679322,long_nclose,0.14972618489358644,0.0001093002056414951,14.0
1699060080000.0,442148,1699060080000.0,0.0006569075532067759,-1.5104000000000001e-05,1369.8625191424542,1369.8631960500074,-0.1,0.7552,0.1,0.7486309244679322,long_nclose,0.07486309244679322,5.465007721625829e-05,16.0
1699062720000.0,442192,1699062720000.0,0.0006569075532067759,-1.5104000000000001e-05,1369.8631609460072,1369.8631609460072,-0.1,0.7552,0.0,0.7486309244679322,long_nclose,0.0,0.0,44.0
1699074180000.0,442383,1699074180000.0,0.0,-0.013694152000000001,1369.8494667940072,1369.8585767940071,91.1,0.7516,91.1,0.7516,long_ientry_normal,68.47076,0.04998414910526543,191.0
1699075500000.0,442405,1699075500000.0,0.04766999999999979,-0.0034217979999999998,1369.893714996007,1370.078394996007,-22.7,0.7537,68.4,0.7516,long_nclose,51.40944000000001,0.03752805012332643,22.0
1699075620000.0,442407,1699075620000.0,0.035909999999999845,-0.0025776540000000004,1369.927047342007,1370.0142573420069,-17.1,0.7537,51.3,0.7516,long_nclose,38.55708,0.028145352757878713,2.0
1699075860000.0,442411,1699075860000.0,0.0,-0.005982736,1369.921064606007,1369.8846246060068,39.8,0.7516,91.1,0.7516,long_ientry_partial,68.47076,0.04998153672430198,4.0
1699076520000.0,442422,1699076520000.0,0.04766999999999979,-0.0034217979999999998,1369.9653128080067,1370.2252328080067,-22.7,0.7537,68.4,0.7516,long_nclose,51.40944000000001,0.037526088813611275,11.0
1699078080000.0,442448,1699078080000.0,0.15047999999999861,-0.003457392,1370.1123354160068,1370.4087354160067,-22.8,0.7582,45.6,0.7516,long_nclose,34.272960000000005,0.02501470800173018,26.0
1699078140000.0,442449,1699078140000.0,0.10031999999999908,-0.002304928,1370.2103504880067,1370.4140304880068,-15.2,0.7582,30.4,0.7516,long_nclose,22.84864,0.016675279085333394,1.0
1699078320000.0,442452,1699078320000.0,0.06665999999999939,-0.001531564,1370.2754789240066,1370.4074289240066,-10.1,0.7582,20.3,0.7516,long_nclose,15.257480000000001,0.011134607773891397,3.0
1699078500000.0,442455,1699078500000.0,0.04421999999999959,-0.001015988,1370.3186829360066,1370.4179629360065,-6.7,0.7582,13.6,0.7516,long_nclose,10.22176,0.007459403514881036,3.0
1699079100000.0,442465,1699079100000.0,0.029699999999999727,-0.0006823800000000001,1370.3477005560067,1370.4086705560067,-4.5,0.7582,9.1,0.7516,long_nclose,6.8395600000000005,0.004991112837438928,10.0
1699079640000.0,442474,1699079640000.0,0.019799999999999818,-0.00045492,1370.3670456360067,1370.4079156360067,-3.0,0.7582,6.1,0.7516,long_nclose,4.58476,0.003345643792734485,9.0
1699081260000.0,442501,1699081260000.0,0.032999999999999696,-0.00045756,1370.3995880760065,1370.4343080760066,-3.0,0.7626,3.1,0.7516,long_nclose,2.3299600000000003,0.0017002048309655313,27.0
1699081380000.0,442503,1699081380000.0,0.016499999999999848,-0.00022878,1370.4158592960064,1370.4350592960063,-1.5,0.7626,1.6,0.7516,long_nclose,1.20256,0.0008775146550170288,2.0
1699081920000.0,442512,1699081920000.0,0.024799999999999933,-0.000245472,1370.4404138240063,1370.4404138240063,-1.6,0.7671,0.0,0.7516,long_nclose,0.0,0.0,9.0
1699105800000.0,442910,1699105800000.0,0.0,-0.013701142,1370.4267126820064,1370.3722926820064,90.7,0.7553,90.7,0.7553,long_ientry_normal,68.50571,0.04998859797904133,398.0
1699118460000.0,443121,1699118460000.0,0.047459999999999794,-0.003423448,1370.4707492340065,1370.5728992340064,-22.6,0.7574,68.1,0.7553,long_nclose,51.43592999999999,0.03753157813017822,211.0
1699118700000.0,443125,1699118700000.0,0.03569999999999984,-0.00257516,1370.5038740740063,1370.6418440740063,-17.0,0.7574,51.1,0.7553,long_nclose,38.59583,0.028161781028220464,4.0
1699119180000.0,443133,1699119180000.0,0.02666999999999988,-0.0019237959999999998,1370.5286202780062,1370.609260278006,-12.7,0.7574,38.4,0.7553,long_nclose,29.003519999999998,0.021162286997054282,8.0
1699119240000.0,443134,1699119240000.0,0.02015999999999991,-0.001454208,1370.5473260700062,1370.6078060700063,-9.6,0.7574,28.8,0.7553,long_nclose,21.75264,0.015871498624111646,1.0
1699122060000.0,443181,1699122060000.0,0.0,-0.00935456,1370.5379715100062,1370.502971510006,62.0,0.7544,90.8,0.754685462555066,long_ientry_partial,68.52543999999999,0.049998935764254154,47.0
1699123440000.0,443204,1699123440000.0,0.04800000000000319,-0.003435872,1370.5825356380062,1370.7605856380062,-22.7,0.7568,68.1,0.754685462555066,long_nclose,51.39407999999999,0.03749798254657903,23.0
1699123800000.0,443210,1699123800000.0,0.035947136563879045,-0.0025731200000000004,1370.61590965457,1370.739292518006,-17.0,0.7568,51.1,0.754685462555066,long_nclose,38.56442713656387,0.02813656755690446,6.0
1699125540000.0,443239,1699125540000.0,0.026854625550662578,-0.001922272,1370.6408420081207,1370.7335602460062,-12.7,0.7568,38.4,0.754685462555066,long_nclose,28.979921762114532,0.021143337389287305,29.0
1699125720000.0,443242,1699125720000.0,0.02029955947136699,-0.001453056,1370.659688511592,1370.7234671900062,-9.6,0.7568,28.8,0.754685462555066,long_nclose,21.7349413215859,0.015857285002076633,3.0
1699128840000.0,443294,1699128840000.0,0.015224669603525243,-0.0010897920000000002,1370.6738233891956,1370.721657398006,-7.2,0.7568,21.6,0.754685462555066,long_nclose,16.301205991189427,0.011892841107071164,52.0
1699129800000.0,443310,1699129800000.0,0.0,-0.010445048000000002,1370.6633783411955,1370.636452350006,69.2,0.7547,90.8,0.7546965417531876,long_ientry_partial,68.52644599118943,0.04999509512986443,16.0
1699130940000.0,443329,1699130940000.0,0.04774850220264288,-0.003435872,1370.7076909713983,1370.8645564780063,-22.7,0.7568,68.1,0.7546965417531876,long_nclose,51.39483449339207,0.03749510915559931,19.0
1699131240000.0,443334,1699131240000.0,0.03575879019581185,-0.0025731200000000004,1370.740876641594,1370.853473358006,-17.0,0.7568,51.1,0.7546965417531876,long_nclose,38.56499328358789,0.02813441543968155,5.0
1699131420000.0,443337,1699131420000.0,0.026713919734518265,-0.001922272,1370.7656682893285,1370.857961086006,-12.7,0.7568,38.4,0.7546965417531876,long_nclose,28.980347203322403,0.021141722377311174,3.0
1699133160000.0,443366,1699133160000.0,0.08452426555919886,-0.0019489280000000002,1370.8482436268876,1371.019852158006,-12.8,0.7613,25.6,0.7546965417531876,long_nclose,19.3202314688816,0.014093632580193983,29.0
1699133580000.0,443373,1699133580000.0,0.05612939509790549,-0.00129421,1370.9030788119856,1371.019417948006,-8.5,0.7613,17.1,0.7546965417531876,long_nclose,12.905310863979508,0.009413729579747647,7.0
1699135380000.0,443403,1699135380000.0,0.03763971200683074,-0.000867882,1370.9398506419925,1371.0162700660062,-5.7,0.7613,11.4,0.7546965417531876,long_nclose,8.603540575986338,0.006275651387591816,30.0
1699135680000.0,443408,1699135680000.0,0.02509314133788716,-0.000578588,1370.9643651953304,1371.0175914780061,-3.8,0.7613,7.6,0.7546965417531876,long_nclose,5.735693717324225,0.004183692780743446,5.0
1699137720000.0,443442,1699137720000.0,0.04219314133788738,-0.0005820080000000001,1371.0059763286683,1371.0485494700063,-3.8,0.7658,3.8,0.7546965417531876,long_nclose,2.8678468586621126,0.002091782901152438,34.0
1699138740000.0,443459,1699138740000.0,0.059293141337887184,-0.0005854279999999999,1371.064684042006,1371.064684042006,-3.8,0.7703,0.0,0.7546965417531876,long_nclose,0.0,0.0,17.0
1699192560000.0,444356,1699192560000.0,0.0,-0.013706880000000001,1371.0509771620061,1370.857377162006,88.0,0.7788,88.0,0.7788,long_ientry_normal,68.5344,0.04998676281305173,897.0
1699192920000.0,444362,1699192920000.0,0.048399999999999554,-0.0034364000000000005,1371.095940762006,1371.2213407620059,-22.0,0.781,66.0,0.7788,long_nclose,51.400800000000004,0.037488842663652905,6.0
1699192980000.0,444363,1699192980000.0,0.036299999999999666,-0.0025773000000000003,1371.129663462006,1371.248463462006,-16.5,0.781,49.5,0.7788,long_nclose,38.5506,0.028115940473975632,1.0
1699193160000.0,444366,1699193160000.0,0.02705999999999975,-0.0019212600000000004,1371.1548022020058,1371.221762202006,-12.3,0.781,37.2,0.7788,long_nclose,28.971360000000004,0.02112916787621168,3.0
1699193220000.0,444367,1699193220000.0,0.02045999999999981,-0.0014526600000000004,1371.1738095420058,1371.2212395420058,-9.3,0.781,27.9,0.7788,long_nclose,21.72852,0.01584665623627808,1.0
1699193340000.0,444369,1699193340000.0,0.0,-0.009359974,1371.1644495680057,1371.1616595680057,60.1,0.7787,88.0,0.7787317045454545,long_ientry_partial,68.52839,0.04997824296100319,2.0
1699193820000.0,444377,1699193820000.0,0.0477025000000022,-0.00343596,1371.2087161080058,1371.4442236080058,-22.0,0.7809,66.0,0.7787317045454545,long_nclose,51.396292499999994,0.03748247214025999,8.0
1699194240000.0,444384,1699194240000.0,0.14890250000000083,-0.0034562,1371.3541624080058,1371.6343674080058,-22.0,0.7855,44.0,0.7787317045454545,long_nclose,34.264195,0.024985664490808395,7.0
1699194360000.0,444386,1699194360000.0,0.09881711363636418,-0.00229366,1371.4506858616421,1371.7231737480058,-14.6,0.7855,29.4,0.7787317045454545,long_nclose,22.89471211363636,0.016693791727007877,2.0
1699194600000.0,444390,1699194600000.0,0.06632929545454583,-0.0015395800000000002,1371.5154755770966,1371.6344141680056,-9.8,0.7855,19.6,0.7787317045454545,long_nclose,15.26314140909091,0.011128668747006732,4.0
1699194660000.0,444391,1699194660000.0,0.0439939204545457,-0.00102115,1371.5584483475511,1371.6680730180058,-6.5,0.7855,13.1,0.7787317045454545,long_nclose,10.201385329545454,0.0074378057616400145,1.0
1699195860000.0,444411,1699195860000.0,0.029103670454545615,-0.0006755299999999999,1371.5868764880056,1371.6508374880057,-4.3,0.7855,8.8,0.7787317045454545,long_nclose,6.852839,0.004996285045790847,20.0
1699196160000.0,444416,1699196160000.0,0.019628056818181926,-0.00045558999999999997,1371.6060489548238,1371.6471618980056,-2.9,0.7855,5.9,0.7787317045454545,long_nclose,4.594517056818182,0.0033497351956994106,5.0
1699196520000.0,444422,1699196520000.0,0.012859761363636434,-0.00029849,1371.6186102261875,1371.6444834080057,-1.9,0.7855,4.0,0.7787317045454545,long_nclose,3.114926818181818,0.0022709861144769314,6.0
1699196580000.0,444423,1699196580000.0,0.00879878409090914,-0.00020423000000000001,1371.6272047802784,1371.6460191780056,-1.3,0.7855,2.7,0.7787317045454545,long_nclose,2.102575602272727,0.00153290602209187,1.0
1699197540000.0,444439,1699197540000.0,0.006091465909090943,-0.00014139,1371.6331548561875,1371.6480377880057,-0.9,0.7855,1.8,0.7787317045454545,long_nclose,1.401717068181818,0.0010219329149482282,16.0
1699199220000.0,444467,1699199220000.0,0.004060977272727295,-9.426e-05,1371.6371215734603,1371.6459635280057,-0.6,0.7855,1.2,0.7787317045454545,long_nclose,0.9344780454545454,0.0006812866397072776,28.0
1699199340000.0,444469,1699199340000.0,0.002707318181818197,-6.284000000000001e-05,1371.639766051642,1371.6455806880056,-0.4,0.7855,0.8,0.7787317045454545,long_nclose,0.6229853636363636,0.0004541902174720912,2.0
1699199820000.0,444477,1699199820000.0,0.0013536590909090985,-3.142000000000001e-05,1371.641088290733,1371.6454492680057,-0.2,0.7855,0.6,0.7787317045454545,long_nclose,0.4672390227272727,0.0003406423347302328,8.0
1699200060000.0,444481,1699200060000.0,0.0013536590909090985,-3.142000000000001e-05,1371.642410529824,1371.6451178480058,-0.2,0.7855,0.4,0.7787317045454545,long_nclose,0.3114926818181818,0.00022709467090468687,4.0
1699200120000.0,444482,1699200120000.0,0.0006768295454545493,-1.5710000000000004e-05,1371.6430716493694,1371.6448321380058,-0.1,0.7855,0.3,0.7787317045454545,long_nclose,0.23361951136363635,0.00017032092108533326,1.0
1699200180000.0,444483,1699200180000.0,0.0006768295454545493,-1.5710000000000004e-05,1371.6437327689148,1371.6450464280058,-0.1,0.7855,0.2,0.7787317045454545,long_nclose,0.1557463409090909,0.00011354722599482031,1.0
1699200240000.0,444484,1699200240000.0,0.0006768295454545493,-1.5710000000000004e-05,1371.6443938884602,1371.6451707180056,-0.1,0.7855,0.1,0.7787317045454545,long_nclose,0.07787317045454545,5.677358563306895e-05,1.0
1699200780000.0,444493,1699200780000.0,0.001146829545454553,-1.5804000000000003e-05,1371.6455249140056,1371.6455249140056,-0.1,0.7902,0.0,0.7787317045454545,long_nclose,0.0,0.0,9.0
1699219920000.0,444812,1699219920000.0,0.0,-0.013723416,1371.6318014980056,1371.6756014980056,87.6,0.7833,87.6,0.7833,long_ientry_normal,68.61708,0.05002587423611859,319.0
1699224120000.0,444882,1699224120000.0,0.048179999999999557,-0.00344049,1371.6765410080056,1371.8802110080057,-21.9,0.7855,65.7,0.7833,long_nclose,51.462810000000005,0.03751818191931858,70.0
1699224720000.0,444892,1699224720000.0,0.1489200000000006,-0.0034606380000000003,1371.8220003700058,1372.1461203700057,-21.9,0.7901,43.8,0.7833,long_nclose,34.30854,0.02500946915178963,10.0
1699225020000.0,444897,1699225020000.0,0.09928000000000041,-0.002307092,1371.9189732780058,1372.1233732780058,-14.6,0.7901,29.2,0.7833,long_nclose,22.87236,0.016671800919371895,5.0
1699225260000.0,444901,1699225260000.0,0.16789999999999933,-0.002320816,1372.0845524620056,1372.2568324620056,-14.6,0.7948,14.6,0.7833,long_nclose,11.43618,0.008334894507397116,4.0
1699225620000.0,444907,1699225620000.0,0.08394999999999966,-0.001160408,1372.1673420540055,1372.2542120540056,-7.3,0.7948,7.3,0.7833,long_nclose,5.71809,0.00416719581114688,6.0
1699228320000.0,444952,1699228320000.0,0.04139999999999984,-0.000572256,1372.2081697980057,1372.2496097980056,-3.6,0.7948,3.7,0.7833,long_nclose,2.89821,0.002112077499455952,45.0
1699229100000.0,444965,1699229100000.0,0.008160000000000034,-0.000189624,1372.2161401740057,1372.2378901740058,-1.2,0.7901,2.5,0.7833,long_nclose,1.95825,0.0014270711024807518,13.0
1699229400000.0,444970,1699229400000.0,0.005440000000000023,-0.00012641600000000002,1372.2214537580055,1372.2328437580054,-0.8,0.7901,1.7,0.7833,long_nclose,1.33161,0.00097040459202355,5.0
1699229520000.0,444972,1699229520000.0,0.003400000000000014,-7.901e-05,1372.2247747480055,1372.2335347480055,-0.5,0.7901,1.2,0.7833,long_nclose,0.9399599999999999,0.0006849898189402779,2.0
1699229700000.0,444975,1699229700000.0,0.0027200000000000115,-6.320800000000001e-05,1372.2274315400055,1372.2339915400055,-0.4,0.7901,0.8,0.7833,long_nclose,0.6266400000000001,0.00045665899514684875,3.0
1699230000000.0,444980,1699230000000.0,0.0013600000000000057,-3.1604000000000004e-05,1372.2287599360054,1372.2330799360054,-0.2,0.7901,0.6,0.7833,long_nclose,0.46997999999999995,0.00034249391480609814,5.0
1699230420000.0,444987,1699230420000.0,0.0013600000000000057,-3.1604000000000004e-05,1372.2300883320054,1372.2326083320054,-0.2,0.7901,0.4,0.7833,long_nclose,0.31332000000000004,0.00022832905550180122,7.0
1699230480000.0,444988,1699230480000.0,0.0006800000000000029,-1.5802000000000002e-05,1372.2307525300055,1372.2328525300054,-0.1,0.7901,0.3,0.7833,long_nclose,0.23498999999999998,0.00017124670873812213,1.0
1699232520000.0,445022,1699232520000.0,0.0011499999999999954,-1.5895999999999998e-05,1372.2318866340056,1372.2341866340057,-0.1,0.7948,0.2,0.7833,long_nclose,0.15666000000000002,0.00011416437813894317,34.0
1699232580000.0,445023,1699232580000.0,0.0011499999999999954,-1.5895999999999998e-05,1372.2330207380057,1372.2342407380058,-0.1,0.7948,0.1,0.7833,long_nclose,0.07833000000000001,5.708214189298044e-05,1.0
1699232760000.0,445026,1699232760000.0,0.0016199999999999993,-1.599e-05,1372.2346247480057,1372.2346247480057,-0.1,0.7995,0.0,0.7833,long_nclose,0.0,0.0,3.0
1699245900000.0,445245,1699245900000.0,0.0,-0.013718034,1372.2209067140057,1372.1861467140056,86.9,0.7893,86.9,0.7893,long_ientry_normal,68.59017,0.049984787190168765,219.0
1699246620000.0,445257,1699246620000.0,0.04773999999999956,-0.00343511,1372.2652116040056,1372.4282116040056,-21.7,0.7915,65.2,0.7893,long_nclose,51.462360000000004,0.03750175954679123,12.0
1699247100000.0,445265,1699247100000.0,0.03585999999999967,-0.0025802900000000003,1372.2984913140056,1372.3816213140055,-16.3,0.7915,48.9,0.7893,long_nclose,38.59677,0.028125637566680378,8.0
1699247340000.0,445269,1699247340000.0,0.026839999999999753,-0.00193126,1372.3234000540056,1372.4408400540055,-12.2,0.7915,36.7,0.7893,long_nclose,28.96731,0.021108224197634494,4.0
1699248000000.0,445280,1699248000000.0,0.0,-0.007924572000000001,1372.3154754820055,1372.2198854820056,50.2,0.7893,86.9,0.7893,long_ientry_partial,68.59017,0.049981342647111605,11.0
1699249080000.0,445298,1699249080000.0,0.04773999999999956,-0.00343511,1372.3597803720054,1372.5097403720054,-21.7,0.7915,65.2,0.7893,long_nclose,51.462360000000004,0.037499175315419186,18.0
1699249380000.0,445303,1699249380000.0,0.0,-0.0034251280000000004,1372.3563552440055,1372.2716252440055,21.7,0.7892,86.9,0.7892750287686996,long_ientry_partial,68.588,0.04997827258052448,5.0
1699252500000.0,445355,1699252500000.0,0.048281875719218416,-0.00343511,1372.4012020097246,1372.5723501340053,-21.7,0.7915,65.2,0.7892750287686996,long_nclose,51.46073187571922,0.03749685718750528,52.0
1699253400000.0,445370,1699253400000.0,0.03626703107019632,-0.0025802900000000003,1372.4348887507947,1372.5436898440053,-16.3,0.7915,48.9,0.7892750287686996,long_nclose,38.59554890678941,0.028121952613664247,15.0
1699253460000.0,445371,1699253460000.0,0.02714464902186473,-0.00193126,1372.4601021398166,1372.5637785840054,-12.2,0.7915,36.7,0.7892750287686996,long_nclose,28.966393555811276,0.021105454002378267,1.0
1699253940000.0,445379,1699253940000.0,0.02024723820483353,-0.00144053,1372.4789088480213,1372.5596380540053,-9.1,0.7915,27.6,0.7892750287686996,long_nclose,21.78399079401611,0.01587200404580375,8.0
1699255620000.0,445407,1699255620000.0,0.015352301495972677,-0.0010922700000000002,1372.4931688795173,1372.5433657840051,-6.9,0.7915,20.7,0.7892750287686996,long_nclose,16.337993095512083,0.011903879353257674,28.0
1699255860000.0,445411,1699255860000.0,0.011347353279631977,-0.00080733,1372.503708902797,1372.552458454005,-5.1,0.7915,15.6,0.7892750287686996,long_nclose,12.312690448791713,0.008970970620279555,4.0
1699257540000.0,445439,1699257540000.0,0.036009850402762215,-0.0008280480000000001,1372.5388907051997,1372.6098704060053,-5.2,0.7962,10.4,0.7892750287686996,long_nclose,8.208460299194476,0.005980493780381723,28.0
1699257600000.0,445440,1699257600000.0,0.023544902186421444,-0.000541416,1372.561894191386,1372.6145689900052,-3.4,0.7962,7.0,0.7892750287686996,long_nclose,5.524925201380897,0.004025264889519451,1.0
1699257900000.0,445445,1699257900000.0,0.015927433831990977,-0.000366252,1372.577455373218,1372.6071827380051,-2.3,0.7962,4.7,0.7892750287686996,long_nclose,3.7095926352128883,0.0027026472135987484,5.0
1699259220000.0,445467,1699259220000.0,0.010387456846950638,-0.00023886000000000003,1372.587603970065,1372.610083878005,-1.5,0.7962,3.2,0.7892750287686996,long_nclose,2.525680092059839,0.001840086625257707,22.0
1699259520000.0,445472,1699259520000.0,0.006924971231300425,-0.00015924,1372.5943697012963,1372.6104846380051,-1.0,0.7962,2.2,0.7892750287686996,long_nclose,1.7364050632911392,0.0012650533191892776,5.0
1699259640000.0,445474,1699259640000.0,0.0048474798619102975,-0.000111468,1372.5991057131582,1372.609343170005,-0.7,0.7962,1.5,0.7892750287686996,long_nclose,1.1839125431530495,0.0008625333778998251,2.0
1699259700000.0,445475,1699259700000.0,0.0034624856156502126,-7.962e-05,1372.602488578774,1372.6097135500054,-0.5,0.7962,1.0,0.7892750287686996,long_nclose,0.7892750287686996,0.000575020834754521,1.0
1699260540000.0,445489,1699260540000.0,0.0020774913693901273,-4.7772e-05,1372.6045182981434,1372.6094357780053,-0.3,0.7962,0.7,0.7892750287686996,long_nclose,0.5524925201380897,0.0004025139891154597,14.0
1699261080000.0,445498,1699261080000.0,0.0034874913693901054,-4.8054e-05,1372.6079577355129,1372.6128477240054,-0.3,0.8009,0.4,0.7892750287686996,long_nclose,0.31571001150747985,0.0002300074174335465,9.0
1699261860000.0,445511,1699261860000.0,0.0023249942462600704,-3.2035999999999996e-05,1372.610250693759,1372.6128156880054,-0.2,0.8009,0.2,0.7892750287686996,long_nclose,0.15785500575373992,0.00011500351660200351,13.0
1699262160000.0,445516,1699262160000.0,0.0011624971231300352,-1.6017999999999998e-05,1372.6113971728823,1372.6125596700056,-0.1,0.8009,0.1,0.7892750287686996,long_nclose,0.07892750287686996,5.750171027242966e-05,5.0
1699262220000.0,445517,1699262220000.0,0.0011624971231300352,-1.6017999999999998e-05,1372.6125436520056,1372.6125436520056,-0.1,0.8009,0.0,0.7892750287686996,long_nclose,0.0,0.0,1.0
1699317180000.0,446433,1699317180000.0,0.0,-0.013734208,1372.5988094440056,1372.4885694440056,84.8,0.8098,84.8,0.8098,long_ientry_normal,68.67103999999999,0.050029942855492025,916.0
1699318020000.0,446447,1699318020000.0,0.04876000000000169,-0.003443304,1372.6441261400055,1372.7967661400055,-21.2,0.8121,63.6,0.8098,long_nclose,51.50328,0.03752121836912798,14.0
1699318260000.0,446451,1699318260000.0,0.03657000000000127,-0.002582478,1372.6781136620054,1372.8164436620054,-15.9,0.8121,47.7,0.8098,long_nclose,38.62746,0.028140217007576795,4.0
1699318920000.0,446462,1699318920000.0,0.02737000000000095,-0.0019327980000000001,1372.7035508640054,1372.8288508640053,-11.9,0.8121,35.8,0.8098,long_nclose,28.990839999999995,0.021119519929669168,11.0
1699319040000.0,446464,1699319040000.0,0.02047000000000071,-0.0014455380000000003,1372.7225753260052,1372.8086553260052,-8.9,0.8121,26.9,0.8098,long_nclose,21.78362,0.015868916554261994,2.0
1699320420000.0,446487,1699320420000.0,0.015410000000000534,-0.001088214,1372.7368971120052,1372.7934571120052,-6.7,0.8121,20.2,0.8098,long_nclose,16.35796,0.011916311155046712,23.0
1699320600000.0,446490,1699320600000.0,0.011500000000000399,-0.0008121000000000001,1372.7475850120052,1372.7962250120052,-5.0,0.8121,15.2,0.8098,long_nclose,12.308959999999999,0.008966659373064826,3.0
1699321380000.0,446503,1699321380000.0,0.008740000000000303,-0.0006171960000000001,1372.7557078160053,1372.7842078160052,-3.8,0.8121,11.4,0.8098,long_nclose,9.23172,0.006724954736984678,13.0
1699322640000.0,446524,1699322640000.0,0.02697999999999998,-0.000620844,1372.7820669720054,1372.8383069720053,-3.8,0.8169,7.6,0.8098,long_nclose,6.1544799999999995,0.004483217072885543,21.0
1699322880000.0,446528,1699322880000.0,0.017749999999999988,-0.00040845000000000003,1372.7994085220055,1372.8335785220054,-2.5,0.8169,5.1,0.8098,long_nclose,4.12998,0.0030084366108858195,4.0
1699322940000.0,446529,1699322940000.0,0.012069999999999992,-0.000277746,1372.8112007760055,1372.8370407760056,-1.7,0.8169,3.4,0.8098,long_nclose,2.75332,0.002005607179227295,1.0
1699323240000.0,446534,1699323240000.0,0.007809999999999996,-0.00017971800000000002,1372.8188310580056,1372.8353910580056,-1.1,0.8169,2.3,0.8098,long_nclose,1.8625399999999999,0.001356726727418632,5.0
1699323840000.0,446544,1699323840000.0,0.0011500000000000399,-8.121e-05,1372.8198998480057,1372.8240398480057,-0.5,0.8121,1.8,0.8098,long_nclose,1.45764,0.0010617853078625865,10.0
1699323900000.0,446545,1699323900000.0,0.0009200000000000319,-6.4968e-05,1372.8207548800056,1372.8218748800055,-0.4,0.8121,1.4,0.8098,long_nclose,1.1337199999999998,0.0008258325028740516,1.0
1699323960000.0,446546,1699323960000.0,0.0,-0.013499598000000002,1372.8072552820056,1372.6809052820056,83.3,0.8103,84.7,0.81029173553719,long_ientry_partial,68.63171,0.049993697029159054,1.0
1699336020000.0,446747,1699336020000.0,0.04659438016529042,-0.0034287500000000004,1372.8504209121709,1373.0290265320057,-21.1,0.8125,63.6,0.81029173553719,long_nclose,51.53455438016529,0.037538360767609254,201.0
1699336800000.0,446760,1699336800000.0,0.15069520661157174,-0.003465776,1372.9976503427824,1373.2863207560056,-21.2,0.8174,42.4,0.81029173553719,long_nclose,34.35636958677686,0.025022890300066755,13.0
1699337400000.0,446770,1699337400000.0,0.10022652892562083,-0.002305068,1373.095571803708,1373.2939056880055,-14.1,0.8174,28.3,0.81029173553719,long_nclose,22.931256115702478,0.016700407886087506,10.0
1699337640000.0,446774,1699337640000.0,0.06681768595041389,-0.0015367120000000002,1373.1608527776584,1373.2970889760056,-9.4,0.8174,18.9,0.81029173553719,long_nclose,15.31451380165289,0.011152745703953307,4.0
1699338540000.0,446789,1699338540000.0,0.04478206611570292,-0.001029924,1373.204604919774,1373.2954290520054,-6.3,0.8174,12.6,0.81029173553719,long_nclose,10.209675867768594,0.007434926908335752,15.0
1699338660000.0,446791,1699338660000.0,0.02985471074380195,-0.0006866160000000001,1373.233773014518,1373.3069224360056,-4.2,0.8174,8.4,0.81029173553719,long_nclose,6.806450578512396,0.0049565126581258626,2.0
1699338900000.0,446795,1699338900000.0,0.050014710743802065,-0.0006906480000000001,1373.2830970772618,1373.3331117880057,-4.2,0.8222,4.2,0.81029173553719,long_nclose,3.403225289256198,0.0024781673177942934,4.0
1699338960000.0,446796,1699338960000.0,0.025007355371901033,-0.00034532400000000004,1373.3077591086337,1373.3329764640057,-2.1,0.8222,2.1,0.81029173553719,long_nclose,1.701612644628099,0.0012390614072788437,1.0
1699339260000.0,446801,1699339260000.0,0.011908264462810014,-0.00016444000000000002,1373.3195029330966,1373.3330420240056,-1.0,0.8222,1.1,0.81029173553719,long_nclose,0.8913209090909091,0.0006490266155743448,5.0
1699339980000.0,446813,1699339980000.0,0.018379090909090925,-0.00018194,1373.3377000840057,1373.3377000840057,-1.1,0.827,0.0,0.81029173553719,long_nclose,0.0,0.0,12.0
1699348860000.0,446961,1699348860000.0,0.0,-0.013726816000000003,1373.3239732680058,1373.3155332680058,84.4,0.8132,84.4,0.8132,long_ientry_normal,68.63408000000001,0.049976612464338,148.0
1699360380000.0,447153,1699360380000.0,0.048529999999999344,-0.0034414100000000006,1373.3690618580058,1373.5336418580057,-21.1,0.8155,63.3,0.8132,long_nclose,51.47556,0.03748122877499487,192.0
1699360560000.0,447156,1699360560000.0,0.036339999999999505,-0.00257698,1373.402824878006,1373.550074878006,-15.8,0.8155,47.5,0.8132,long_nclose,38.627,0.028125033166020382,3.0
1699362480000.0,447188,1699362480000.0,0.11217999999999993,-0.0025921480000000003,1373.512412730006,1373.743822730006,-15.8,0.8203,31.7,0.8132,long_nclose,25.77844,0.018768261401265775,32.0
1699363020000.0,447197,1699363020000.0,0.07454999999999995,-0.0017226300000000004,1373.585240100006,1373.750600100006,-10.5,0.8203,21.2,0.8132,long_nclose,17.23984,0.012550979361677494,9.0
1699363140000.0,447199,1699363140000.0,0.049699999999999966,-0.0011484200000000003,1373.6337916800062,1373.747391680006,-7.0,0.8203,14.2,0.8132,long_nclose,11.54744,0.00840649092206522,2.0
1699364220000.0,447217,1699364220000.0,0.0,-0.011434368000000002,1373.6223573120062,1373.6659573120062,70.4,0.8121,84.6,0.8122846335697401,long_ientry_partial,68.71928000000001,0.050027782115074464,18.0
1699365420000.0,447237,1699365420000.0,0.04674423167848346,-0.0034371900000000006,1373.6656643536846,1373.806340122006,-21.1,0.8145,63.5,0.8122846335697401,long_nclose,51.580074231678495,0.03754921999593484,20.0
1699365480000.0,447238,1699365480000.0,0.0350027895981061,-0.0025738200000000005,1373.6980933232828,1373.8753163020062,-15.8,0.8145,47.7,0.8122846335697401,long_nclose,38.74597702127661,0.02820559860248581,1.0
1699365780000.0,447243,1699365780000.0,0.11313432624113233,-0.002605692,1373.8086219575239,1374.092130610006,-15.9,0.8194,31.8,0.8122846335697401,long_nclose,25.830651347517737,0.01880221956294898,5.0
1699366500000.0,447255,1699366500000.0,0.07542288416075489,-0.001737128,1373.8823077136847,1373.9992334820063,-10.6,0.8194,21.2,0.8122846335697401,long_nclose,17.22043423167849,0.012534140759360594,12.0
1699367520000.0,447272,1699367520000.0,0.011741442080377362,-0.0008633699999999999,1373.8931857857651,1373.9459001120063,-5.3,0.8145,15.9,0.8122846335697401,long_nclose,12.915325673758868,0.00940053113835939,17.0
1699367760000.0,447276,1699367760000.0,0.0,-0.011162376000000002,1373.8820234097652,1373.9346177360064,68.7,0.8124,84.6,0.8123783176567243,long_ientry_partial,68.72720567375887,0.05002409559387672,4.0
1699368240000.0,447284,1699368240000.0,0.046877497443117026,-0.003437612,1373.9254632952084,1374.0601901240063,-21.1,0.8146,63.5,0.8123783176567243,long_nclose,51.586023171201994,0.03754644960686486,8.0
1699368300000.0,447285,1699368300000.0,0.03510258102375587,-0.0025741360000000003,1373.957991740232,1374.0782759880062,-15.8,0.8146,47.7,0.8123783176567243,long_nclose,38.75044575222575,0.028203515671643708,1.0
1699368540000.0,447289,1699368540000.0,0.0,-0.005995512000000001,1373.951996228232,1373.9022704760062,36.9,0.8124,84.6,0.8123877748490043,long_ientry_partial,68.72800575222576,0.05002213027885809,4.0
1699369020000.0,447297,1699369020000.0,0.04667795068600986,-0.003437612,1373.995236566918,1374.1230128640063,-21.1,0.8146,63.5,0.8123877748490043,long_nclose,51.58662370291177,0.03754498001885856,8.0
1699369080000.0,447298,1699369080000.0,0.03495315738573251,-0.0025741360000000003,1374.0276155883037,1374.128368728006,-15.8,0.8146,47.7,0.8123877748490043,long_nclose,38.75089686029751,0.028202414871920843,1.0
1699369320000.0,447302,1699369320000.0,0.026325479296849166,-0.0019387480000000001,1374.0520023196007,1374.1526799800063,-11.9,0.8146,35.8,0.8123877748490043,long_nclose,29.08348233959435,0.02116621662826238,4.0
1699369740000.0,447309,1699369740000.0,0.0,-0.007929024,1374.0440732956006,1374.0275909560062,48.8,0.8124,84.6,0.8123948267091532,long_ientry_partial,68.72860233959436,0.050019212393057386,7.0
1699379460000.0,447471,1699379460000.0,0.04863915643686716,-0.0034380340000000004,1374.0892744180373,1374.1785029220061,-21.1,0.8147,63.5,0.8123948267091532,long_nclose,51.58707149603123,0.03754273645566421,162.0
1699379520000.0,447472,1699379520000.0,0.0364217379953792,-0.002574452,1374.1231217040327,1374.261698470006,-15.8,0.8147,47.7,0.8123948267091532,long_nclose,38.75123323402661,0.028200699502073507,1.0
1699380240000.0,447484,1699380240000.0,0.1129722553244643,-0.00260601,1374.2334879493571,1374.488052460006,-15.9,0.8195,31.8,0.8123948267091532,long_nclose,25.834155489351073,0.018798956448005805,12.0
1699380420000.0,447487,1699380420000.0,0.0753148368829762,-0.0017373400000000002,1374.3070654462401,1374.5382551200062,-10.6,0.8195,21.2,0.8123948267091532,long_nclose,17.22277032623405,0.012531966661061865,3.0
1699380720000.0,447492,1699380720000.0,0.12619483688297647,-0.001747516,1374.4315127671232,1374.5555876040062,-10.6,0.8243,10.6,0.8123948267091532,long_nclose,8.611385163117024,0.006265415979716476,5.0
1699380780000.0,447493,1699380780000.0,0.06309741844148824,-0.000873758,1374.4937364275647,1374.560543846006,-5.3,0.8243,5.3,0.8123948267091532,long_nclose,4.305692581558512,0.0031325661714177045,1.0
1699380900000.0,447495,1699380900000.0,0.08906741844148831,-0.000878952,1374.5819248940063,1374.5819248940063,-5.3,0.8292,0.0,0.8123948267091532,long_nclose,0.0,0.0,2.0
1699395360000.0,447736,1699395360000.0,0.0,-0.013745384000000003,1374.5681795100063,1374.5766195100064,84.4,0.8143,84.4,0.8143,long_ientry_normal,68.72692,0.049998916768536836,241.0
1699396020000.0,447747,1699396020000.0,0.048529999999999344,-0.0034460520000000002,1374.6132634580063,1374.7715134580062,-21.1,0.8166,63.3,0.8143,long_nclose,51.54519,0.03749795769490236,11.0
1699396200000.0,447750,1699396200000.0,0.036339999999999505,-0.0025804560000000005,1374.6470230020063,1374.7847730020064,-15.8,0.8166,47.5,0.8143,long_nclose,38.67925,0.02813758685159103,3.0
1699396560000.0,447756,1699396560000.0,0.0,-0.006009534,1374.6410134680063,1374.6494534680064,36.9,0.8143,84.4,0.8143,long_ientry_partial,68.72692,0.049996267626711235,6.0
1699397100000.0,447765,1699397100000.0,0.048529999999999344,-0.0034460520000000002,1374.6860974160063,1374.8380174160063,-21.1,0.8166,63.3,0.8143,long_nclose,51.54519,0.03749597096885562,9.0
1699397220000.0,447767,1699397220000.0,0.036339999999999505,-0.0025804560000000005,1374.7198569600064,1374.8718569600064,-15.8,0.8166,47.5,0.8143,long_nclose,38.67925,0.028136096095631846,2.0
1699398000000.0,447780,1699398000000.0,0.0,-0.006010272,1374.7138466880065,1374.6932766880066,36.9,0.8144,84.4,0.8143437203791468,long_ientry_partial,68.73061,0.04999630298740893,13.0
1699398360000.0,447786,1699398360000.0,0.04760750000000198,-0.0034460520000000002,1374.7580081360063,1374.9831206360063,-21.1,0.8166,63.3,0.8143437203791468,long_nclose,51.54795749999999,0.03749602271449383,6.0
1699399680000.0,447808,1699399680000.0,0.1509975000000023,-0.0034667300000000008,1374.9055389060063,1375.2750539060064,-21.1,0.8215,42.2,0.8143437203791468,long_nclose,34.365305,0.024994666198918658,22.0
1699400100000.0,447815,1699400100000.0,0.2522775000000029,-0.0034869860000000005,1375.1543294200062,1375.423486920006,-21.1,0.8263,21.1,0.8143437203791468,long_nclose,17.1826525,0.012495072103832203,7.0
1699400400000.0,447820,1699400400000.0,0.12554093601895877,-0.0017352300000000001,1375.2781351260253,1375.4059316900064,-10.5,0.8263,10.6,0.8143437203791468,long_nclose,8.632043436018956,0.006276580144443253,5.0
1699400820000.0,447827,1699400820000.0,0.06336828199052204,-0.0008758780000000001,1375.3406275300158,1375.4039958120063,-5.3,0.8263,5.3,0.8143437203791468,long_nclose,4.316021718009478,0.0031381474753353665,7.0
1699400880000.0,447828,1699400880000.0,0.031086327014218363,-0.00042967600000000004,1375.37128418103,1375.4038361360062,-2.6,0.8263,2.7,0.8143437203791468,long_nclose,2.1987280450236963,0.0015986432684123816,1.0
1699401060000.0,447831,1699401060000.0,0.015543163507109182,-0.00021483800000000002,1375.3866125065372,1375.4079712980063,-1.3,0.8263,1.4,0.8143437203791468,long_nclose,1.1400812085308054,0.0008289169010109052,3.0
1699401600000.0,447840,1699401600000.0,0.023598791469194524,-0.00023273600000000002,1375.4099785620062,1375.4099785620062,-1.4,0.8312,0.0,0.8143437203791468,long_nclose,0.0,0.0,9.0
1699413120000.0,448032,1699413120000.0,0.0,-0.01375828,1375.3962202820062,1375.3372802820063,84.2,0.817,84.2,0.817,long_ientry_normal,68.7914,0.05001569655753108,192.0
1699413660000.0,448041,1699413660000.0,0.048300000000001675,-0.0034410600000000006,1375.4410792220062,1375.6117192220063,-21.0,0.8193,63.2,0.817,long_nclose,51.6344,0.03754024856463214,9.0
1699414380000.0,448053,1699414380000.0,0.0,-0.0034314000000000002,1375.4376478220063,1375.4460678220062,21.0,0.817,84.2,0.8170000000000001,long_ientry_partial,68.79140000000001,0.050014190108094395,12.0
1699415820000.0,448077,1699415820000.0,0.04829999999999934,-0.0034410600000000006,1375.4825067620063,1375.6278667620063,-21.0,0.8193,63.2,0.8170000000000001,long_nclose,51.63440000000001,0.037539117906742,24.0
1699415880000.0,448078,1699415880000.0,0.036339999999999505,-0.0025889880000000004,1375.5162577740064,1375.6442377740063,-15.8,0.8193,47.4,0.8170000000000001,long_nclose,38.7258,0.02815364760767702,1.0
1699416120000.0,448082,1699416120000.0,0.027139999999999633,-0.0019335480000000002,1375.5414642260064,1375.6269042260064,-11.8,0.8193,35.6,0.8170000000000001,long_nclose,29.085200000000004,0.021144546170671595,4.0
1699417560000.0,448106,1699417560000.0,0.02046999999999972,-0.0014583540000000002,1375.5604758720062,1375.6245558720063,-8.9,0.8193,26.7,0.8170000000000001,long_nclose,21.8139,0.015858190448639897,24.0
1699417860000.0,448111,1699417860000.0,0.015179999999999793,-0.001081476,1375.5745743960063,1375.6047243960063,-6.6,0.8193,20.1,0.8170000000000001,long_nclose,16.4217,0.011938065958518112,5.0
1699418220000.0,448117,1699418220000.0,0.011499999999999844,-0.0008193,1375.5852550960062,1375.6245150960062,-5.0,0.8193,15.1,0.8170000000000001,long_nclose,12.3367,0.008968328174714976,6.0
1699420140000.0,448149,1699420140000.0,0.008509999999999884,-0.0006062820000000001,1375.593158814006,1375.625078814006,-3.7,0.8193,11.4,0.8170000000000001,long_nclose,9.3138,0.006770751904603881,32.0
1699421040000.0,448164,1699421040000.0,0.006439999999999912,-0.000458808,1375.599140006006,1375.6223600060061,-2.8,0.8193,8.6,0.8170000000000001,long_nclose,7.0262,0.005107737999872058,15.0
1699421160000.0,448166,1699421160000.0,0.004829999999999934,-0.00034410600000000006,1375.6036259000061,1375.6237759000062,-2.1,0.8193,6.5,0.8170000000000001,long_nclose,5.3105,0.0038604870618347913,2.0
1699421760000.0,448176,1699421760000.0,0.0,-0.012700842000000002,1375.5909250580062,1375.5676150580061,77.7,0.8173,84.2,0.8172768408551069,long_ientry_partial,68.81471,0.05002556264835653,10.0
1699422060000.0,448181,1699422060000.0,0.04878634204275545,-0.0034423200000000004,1375.636269080049,1375.7894127380064,-21.0,0.8196,63.2,0.8172768408551069,long_nclose,51.651896342042754,0.037547640683088954,5.0
1699422540000.0,448189,1699422540000.0,0.0,-0.00343266,1375.632836420049,1375.5922000780063,21.0,0.8173,84.2,0.8172826168888688,long_ientry_partial,68.81519634204275,0.05002439206171294,8.0
1699424940000.0,448229,1699424940000.0,0.048665045333754486,-0.0034423200000000004,1375.6780591453828,1375.8497977580064,-21.0,0.8196,63.2,0.8172826168888688,long_nclose,51.65226138737651,0.03754676542523665,40.0
1699427340000.0,448269,1699427340000.0,0.03661465315587242,-0.002589936,1375.7120838625385,1375.850367822006,-15.8,0.8196,47.4,0.8172826168888688,long_nclose,38.739196040532384,0.028159377601573218,40.0
1699428000000.0,448280,1699428000000.0,0.02734512071134776,-0.0019342560000000003,1375.73749472725,1375.8698335660063,-11.8,0.8196,35.6,0.8172826168888688,long_nclose,29.09526116124373,0.021148846544312642,11.0
1699429080000.0,448298,1699429080000.0,0.08398512071134807,-0.0019455840000000002,1375.8195342639613,1375.9865479820062,-11.8,0.8244,23.8,0.8172826168888688,long_nclose,19.45132628195508,0.01413799251830015,18.0
1699429140000.0,448299,1699429140000.0,0.05622732657793642,-0.001302552,1375.8744590385393,1375.9892154300062,-7.9,0.8244,15.9,0.8172826168888688,long_nclose,12.994793608533014,0.009444752406853872,1.0
1699429800000.0,448310,1699429800000.0,0.037722130488995316,-0.000873864,1375.9113073050285,1375.9899315660064,-5.3,0.8244,10.6,0.8172826168888688,long_nclose,8.66319573902201,0.006296332978024905,11.0
1699430760000.0,448326,1699430760000.0,0.006025196088941032,-0.000426192,1375.9169063091174,1375.9394453740065,-2.6,0.8196,8.0,0.8172826168888688,long_nclose,6.538260935110951,0.004751930080319869,16.0
1699432440000.0,448354,1699432440000.0,0.018505196088941103,-0.00042868800000000004,1375.9349828172062,1375.9771966860064,-2.6,0.8244,5.4,0.8172826168888688,long_nclose,4.413326131199892,0.0032075106646127084,28.0
1699434180000.0,448383,1699434180000.0,0.032446934400054264,-0.00044782200000000006,1375.9669819296062,1375.9996988640062,-2.7,0.8293,2.7,0.8172826168888688,long_nclose,2.206663065599946,0.0016037180358102793,29.0
1699434300000.0,448385,1699434300000.0,0.015622598044470571,-0.00021561800000000002,1375.9823889096506,1376.0003332460062,-1.3,0.8293,1.4,0.8172826168888688,long_nclose,1.1441956636444164,0.0008315481890368484,2.0
1699434720000.0,448392,1699434720000.0,0.008412168177791845,-0.000116102,1375.9906849758283,1375.9988871440062,-0.7,0.8293,0.7,0.8172826168888688,long_nclose,0.5720978318222082,0.0004157715877504346,7.0
1699435440000.0,448404,1699435440000.0,0.003605214933339362,-4.975800000000001e-05,1375.9942404327617,1375.999367386006,-0.3,0.8293,0.4,0.8172826168888688,long_nclose,0.32691304675554755,0.00023758315053174254,12.0
1699435740000.0,448409,1699435740000.0,0.0024034766222262418,-3.3172e-05,1375.996610737384,1375.999214214006,-0.2,0.8293,0.2,0.8172826168888688,long_nclose,0.16345652337777378,0.00011879137063439345,5.0
1699436100000.0,448415,1699436100000.0,0.0033834766222262448,-3.3368e-05,1375.9999608460062,1375.9999608460062,-0.2,0.8342,0.0,0.8172826168888688,long_nclose,0.0,0.0,6.0
1699546260000.0,450251,1699546260000.0,0.0,-0.013757759999999999,1375.986203086006,1375.213553086006,76.5,0.8992,76.5,0.8992,long_ientry_normal,68.7888,0.04999236172988018,1836.0
1699546320000.0,450252,1699546320000.0,0.0,-0.018883364,1375.967319722006,1366.736979722006,108.7,0.8686,185.2,0.8812398488120952,long_rentry,163.20562,0.11861155251345162,1.0
1699546320000.0,450252,1699546320000.0,0.0,-0.044679642000000006,1375.9226400800062,1362.035430080006,263.1,0.8491,448.3,0.8623774927503904,long_rentry,386.60383,0.2809778825774101,0.0
1699546380000.0,450253,1699546380000.0,0.0,-0.197867472,1375.724772608006,1411.965782608006,1197.6,0.8261,1645.9,0.8359810377301172,long_rentry,1375.94119,1.0001573115468319,1.0
1699546440000.0,450254,1699546440000.0,36.24101000000003,-0.28243644,1411.683346168006,1411.683346168006,-1645.9,0.858,0.0,0.8359810377301172,long_nclose,0.0,0.0,1.0
1699546500000.0,450255,1699546500000.0,0.0,-0.014111399999999998,1411.669234768006,1411.920644768006,81.1,0.87,81.1,0.87,long_ientry_normal,70.55699999999999,0.049981255000995574,1.0
1699546680000.0,450258,1699546680000.0,0.20520000000000138,-0.00473904,1411.869695728006,1412.253805728006,-27.0,0.8776,54.1,0.87,long_nclose,47.067,0.03333664582674587,3.0
1699546740000.0,450259,1699546740000.0,0.0,-0.004631088,1411.865064640006,1411.774224640006,26.4,0.8771,80.5,0.8723284472049689,long_ientry_partial,70.22244,0.049737359297791786,1.0
1699546740000.0,450259,1699546740000.0,0.09488795031055997,-0.0031593600000000004,1411.9567932303166,1411.886265280006,-18.0,0.8776,62.5,0.8723284472049689,long_nclose,54.52052795031056,0.03861345347939216,0.0
1699546800000.0,450260,1699546800000.0,0.0,-0.00322344,1411.9535697903166,1411.907341840006,18.5,0.8712,81.0,0.8720707154359328,long_ientry_partial,70.63772795031056,0.05002836457348996,1.0
1699546800000.0,450260,1699546800000.0,0.04257683919944801,-0.002729376,1411.993417253516,1411.9560924640061,-15.6,0.8748,65.4,0.8720707154359328,long_nclose,57.033424789510015,0.04039213221011069,0.0
1699546860000.0,450261,1699546860000.0,0.03959733839429558,-0.0028508700000000006,1412.0301637219104,1412.3703915940062,-16.3,0.8745,49.1,0.8720707154359328,long_nclose,42.81867212790431,0.03032419081972044,1.0
1699546920000.0,450262,1699546920000.0,0.0,-0.0054849600000000005,1412.0246787619103,1412.453236634006,31.2,0.879,80.3,0.8747630401980611,long_ientry_partial,70.2434721279043,0.049746632041512966,1.0
1699546920000.0,450262,1699546920000.0,0.08047244477160535,-0.0028678220000000003,1412.1022833846819,1412.4438488120059,-16.3,0.8797,64.0,0.8747630401980611,long_nclose,55.98483457267591,0.039646444334390074,0.0
1699546980000.0,450263,1699546980000.0,0.0,-0.002851524,1412.0994318606818,1412.0640572880059,16.2,0.8801,80.2,0.8758410794597993,long_ientry_partial,70.24245457267591,0.04974327797874651,1.0
1699547040000.0,450264,1699547040000.0,0.04917841080401386,-0.0035131999999999997,1412.1450970714857,1412.3894440880058,-20.0,0.8783,60.2,0.8758410794597993,long_nclose,52.72563298347992,0.037337263070786865,1.0
1699547100000.0,450265,1699547100000.0,0.0,-0.0035196,1412.1415774714858,1412.097204488006,20.0,0.8799,80.2,0.8768532790957596,long_ientry_partial,70.32363298347992,0.04979927941035354,1.0
1699547340000.0,450269,1699547340000.0,0.04893441808480725,-0.0035172,1412.1869946895706,1412.292147288006,-20.0,0.8793,60.2,0.8768532790957596,long_nclose,52.78656740156473,0.03737930429898086,4.0
1699547400000.0,450270,1699547400000.0,0.0,-0.0035495440000000004,1412.1834451455707,1412.2725177440059,20.2,0.8786,80.4,0.8772921318602578,long_ientry_partial,70.53428740156473,0.04994697228892519,1.0
1699547400000.0,450270,1699547400000.0,0.03011802209613279,-0.0026379,1412.2109252676667,1412.2833798440058,-15.0,0.8793,65.4,0.8772921318602578,long_nclose,57.37490542366086,0.04062771672212221,0.0
1699548060000.0,450281,1699548060000.0,0.0,-0.0028585200000000002,1412.2080667476666,1411.5607613240059,16.6,0.861,82.0,0.87399396858123,long_ientry_partial,71.66750542366086,0.050748545565748,11.0
1699548300000.0,450285,1699548300000.0,0.049323644084783735,-0.00359324,1412.2537971517513,1412.5247680840057,-20.5,0.8764,61.5,0.87399396858123,long_nclose,53.75062906774565,0.03806017670205632,4.0
1699548360000.0,450286,1699548360000.0,0.0,-0.003320352,1412.2504767997514,1412.6500877320057,18.9,0.8784,80.4,0.8750297147729557,long_ientry_partial,70.35238906774563,0.049815801250192235,1.0
1699548540000.0,450289,1699548540000.0,0.20556364408478944,-0.004731272000000001,1412.451309171836,1412.7927564600056,-26.8,0.8827,53.6,0.8750297147729557,long_nclose,46.901592711830425,0.033205812056863244,3.0
1699548600000.0,450290,1699548600000.0,0.13653107704139,-0.0031424120000000002,1412.5846978368775,1412.9452140480057,-17.8,0.8827,35.8,0.8750297147729557,long_nclose,31.32606378887181,0.02217641450940401,1.0
1699548660000.0,450291,1699548660000.0,0.0,-0.007788880000000001,1412.5769089568776,1412.8017651680057,44.0,0.8851,79.8,0.8805822529933811,long_ientry_partial,70.27046378887181,0.049746292285609624,1.0
1699548780000.0,450293,1699548780000.0,0.20529207037606192,-0.004725756,1412.7774752712537,1413.0124994120058,-26.6,0.8883,53.2,0.8805822529933811,long_nclose,46.84697585924788,0.0331594866702226,2.0
1699548840000.0,450294,1699548840000.0,0.13660412201715397,-0.003144582,1412.9109348112709,1413.220414830006,-17.7,0.8883,35.5,0.8805822529933811,long_nclose,31.26066998126503,0.022125011004632548,1.0
1699548900000.0,450295,1699548900000.0,0.0,-0.007808054,1412.903126757271,1412.9982267760058,43.9,0.8893,79.4,0.885402266766562,long_ientry_partial,70.30093998126503,0.04975637653418708,1.0
1699548960000.0,450296,1699548960000.0,0.04945511802207336,-0.003516084,1412.949065791293,1413.044290692006,-19.8,0.8879,59.6,0.885402266766562,long_nclose,52.769975099287095,0.037347400820661826,1.0
1699549020000.0,450297,1699549020000.0,0.0,-0.0035480000000000004,1412.945517791293,1413.4467026920058,20.0,0.887,79.6,0.8858037072774761,long_ientry_partial,70.50997509928709,0.04990282655024648,1.0
1699549020000.0,450297,1699549020000.0,0.03123476156560572,-0.002645942,1412.9741066108586,1413.381476750006,-14.9,0.8879,64.7,0.8858037072774761,long_nclose,57.311499860852706,0.04056089888180565,0.0
1699549200000.0,450300,1699549200000.0,0.04019031283263366,-0.0028603260000000003,1413.0114365976913,1413.293136424006,-16.1,0.8883,48.6,0.8858037072774761,long_nclose,43.050060173685345,0.03046688728673216,3.0
1699549260000.0,450301,1699549260000.0,0.0,-0.005456592,1413.0059800056913,1413.4777598320059,30.6,0.8916,79.2,0.8880431840111784,long_ientry_partial,70.33302017368534,0.04977545825630692,1.0
1699549260000.0,450301,1699549260000.0,0.08840041901890876,-0.00289494,1413.0914854847101,1413.4667648920058,-16.2,0.8935,63.0,0.8880431840111784,long_nclose,55.94672059270424,0.03959171870143548,0.0
1699549320000.0,450302,1699549320000.0,0.0,-0.0028608,1413.08862468471,1413.4086040920058,16.0,0.894,79.0,0.8892496277557499,long_ientry_partial,70.25072059270424,0.04971430621230757,1.0
1699549440000.0,450304,1699549440000.0,0.2038347900237783,-0.00471822,1413.2877412547339,1413.6751058720058,-26.3,0.897,52.7,0.8892496277557499,long_nclose,46.86345538272802,0.03315917489040277,2.0
1699549500000.0,450305,1699549500000.0,0.0,-0.004680252,1413.2830610027338,1413.4655456200057,26.1,0.8966,78.8,0.8916842053645688,long_ientry_partial,70.26471538272803,0.04971736895570993,1.0
1699549500000.0,450305,1699549500000.0,0.09302640612004587,-0.0031395,1413.3729479088538,1413.5149061200057,-17.5,0.897,61.3,0.8916842053645688,long_nclose,54.66024178884807,0.03867361538914428,0.0
1699549560000.0,450306,1699549560000.0,0.0,-0.0031647600000000004,1413.369783148854,1413.4327413600058,17.7,0.894,79.0,0.89220306061833,long_ientry_partial,70.48404178884807,0.04986949815200967,1.0
1699549560000.0,450306,1699549560000.0,0.030553172539551067,-0.002736252,1413.3976000693935,1413.4483651080059,-15.3,0.8942,63.7,0.89220306061833,long_nclose,56.83333496138762,0.04021043686404822,0.0
1699549620000.0,450307,1699549620000.0,0.03970133616855396,-0.0028451460000000002,1413.434456259562,1413.7258899620058,-15.9,0.8947,47.8,0.89220306061833,long_nclose,42.64730629755617,0.03017282202841987,1.0
1699549680000.0,450308,1699549680000.0,0.0,-0.0055632599999999996,1413.428892999562,1413.444006702006,31.0,0.8973,78.8,0.8942082017456366,long_ientry_partial,70.46360629755617,0.04985295450414851,1.0
1699549680000.0,450308,1699549680000.0,0.09208959224437772,-0.0028620000000000004,1413.5181205918063,1413.5301847020057,-15.9,0.9,62.9,0.8942082017456366,long_nclose,56.245695889800544,0.039791280402016925,0.0
1699549740000.0,450309,1699549740000.0,0.039121232593505514,-0.002815638,1413.5544261864,1413.8513990640058,-15.7,0.8967,47.2,0.8942082017456366,long_nclose,42.20662712239405,0.029858508693055747,1.0
1699549800000.0,450310,1699549800000.0,0.12233123259350506,-0.0028322800000000004,1413.6739251389936,1414.035916784006,-15.7,0.902,31.5,0.8942082017456366,long_nclose,28.167558354987555,0.01992507455509452,1.0
1699549980000.0,450313,1699549980000.0,0.08181388167081549,-0.0018942000000000002,1413.7538448206644,1413.942672584006,-10.5,0.902,21.0,0.8942082017456366,long_nclose,18.77837223665837,0.013282632125425214,3.0
1699550100000.0,450315,1699550100000.0,0.1374638816708152,-0.00190533,1413.8894033723352,1414.033167254006,-10.5,0.9073,10.5,0.8942082017456366,long_nclose,9.389186118329185,0.00664067931758636,2.0
1699550220000.0,450317,1699550220000.0,0.0,-0.012258483999999998,1413.8771448883351,1413.863378770006,68.3,0.8974,78.8,0.8969746969331115,long_ientry_partial,70.68160611832919,0.04999133508442946,2.0
1699551120000.0,450332,1699551120000.0,0.049748470417702924,-0.00354403,1413.9233493287527,1414.1316947400057,-19.7,0.8995,59.1,0.8969746969331115,long_nclose,53.01120458874689,0.03749227609397177,15.0
1699551540000.0,450339,1699551540000.0,0.15415847041770456,-0.0035649120000000004,1414.0739428871705,1414.4216598280059,-19.7,0.9048,39.4,0.8969746969331115,long_nclose,35.34080305916459,0.024992188871685084,7.0
1699551780000.0,450343,1699551780000.0,0.10251147017624009,-0.002370576,1414.1740837813468,1414.424599252006,-13.1,0.9048,26.3,0.8969746969331115,long_nclose,23.590434529340833,0.01668142189840065,4.0
1699551900000.0,450345,1699551900000.0,0.17325147017623957,-0.002384724,1414.344950527523,1414.520844528006,-13.1,0.9102,13.2,0.8969746969331115,long_nclose,11.840065999517071,0.008371413208002021,2.0
1699552020000.0,450347,1699552020000.0,0.24453400048292803,-0.00241692,1414.5870676080058,1414.5870676080058,-13.2,0.9155,0.0,0.8969746969331115,long_nclose,0.0,0.0,2.0
1699554600000.0,450390,1699554600000.0,0.0,-0.014142390000000001,1414.5729252180058,1414.6988452180058,78.7,0.8985,78.7,0.8985,long_ientry_normal,70.71195,0.04998819695994272,43.0
1699554660000.0,450391,1699554660000.0,0.04900000000000113,-0.0035319200000000005,1414.618393298006,1414.9434432980058,-19.6,0.901,59.1,0.8985,long_nclose,53.10135,0.037537579216823866,1.0
1699554720000.0,450392,1699554720000.0,0.15366000000000057,-0.003570822,1414.7684824760058,1415.2058224760058,-19.7,0.9063,39.4,0.8985,long_nclose,35.4009,0.025022397967223865,1.0
1699554720000.0,450392,1699554720000.0,0.26003999999999977,-0.003592098,1415.0249303780058,1415.2436003780058,-19.7,0.9117,19.7,0.8985,long_nclose,17.70045,0.012508931553079812,0.0
1699555080000.0,450398,1699555080000.0,0.12935999999999992,-0.0017869320000000002,1415.1525034460058,1415.2831834460058,-9.8,0.9117,9.9,0.8985,long_nclose,8.89515,0.00628564764457514,6.0
1699555140000.0,450399,1699555140000.0,0.06467999999999996,-0.0008934660000000001,1415.2162899800057,1415.2812899800058,-4.9,0.9117,5.0,0.8985,long_nclose,4.4925,0.003174426433477154,1.0
1699555200000.0,450400,1699555200000.0,0.032999999999999974,-0.00045585,1415.2488341300057,1415.2805841300058,-2.5,0.9117,2.5,0.8985,long_nclose,2.24625,0.0015871767182064733,1.0
1699555680000.0,450408,1699555680000.0,0.006240000000000023,-0.00014500800000000002,1415.2549291220057,1415.2676791220058,-0.8,0.9063,1.7,0.8985,long_nclose,1.52745,0.0010792755203103922,8.0
1699555740000.0,450409,1699555740000.0,0.0039000000000000146,-9.063e-05,1415.2587384920057,1415.2706184920057,-0.5,0.9063,1.2,0.8985,long_nclose,1.0781999999999998,0.000761839493143741,1.0
1699555920000.0,450412,1699555920000.0,0.0031200000000000117,-7.250400000000001e-05,1415.2617859880058,1415.2689059880058,-0.4,0.9063,0.8,0.8985,long_nclose,0.7188,0.0005078919017785814,3.0
1699556160000.0,450416,1699556160000.0,0.0015600000000000058,-3.6252000000000005e-05,1415.2633097360058,1415.2679897360058,-0.2,0.9063,0.6,0.8985,long_nclose,0.5390999999999999,0.0003809185162162935,4.0
1699556220000.0,450417,1699556220000.0,0.0015600000000000058,-3.6252000000000005e-05,1415.2648334840057,1415.2685134840058,-0.2,0.9063,0.4,0.8985,long_nclose,0.3594,0.0002539454040663561,1.0
1699556520000.0,450422,1699556520000.0,0.0007800000000000029,-1.8126000000000002e-05,1415.2655953580058,1415.2680553580058,-0.1,0.9063,0.3,0.8985,long_nclose,0.26954999999999996,0.00019045895052074275,5.0
1699556820000.0,450427,1699556820000.0,0.0007800000000000029,-1.8126000000000002e-05,1415.266357232006,1415.267497232006,-0.1,0.9063,0.2,0.8985,long_nclose,0.1797,0.00012697256532788592,5.0
1699556880000.0,450428,1699556880000.0,0.0007800000000000029,-1.8126000000000002e-05,1415.267119106006,1415.267939106006,-0.1,0.9063,0.1,0.8985,long_nclose,0.08985,6.348624848767512e-05,1.0
1699557000000.0,450430,1699557000000.0,0.0007800000000000029,-1.8126000000000002e-05,1415.267880980006,1415.267880980006,-0.1,0.9063,0.0,0.8985,long_nclose,0.0,0.0,2.0
1699557540000.0,450439,1699557540000.0,0.0,-0.014150260000000001,1415.2537307200062,1415.3088207200062,78.7,0.899,78.7,0.899,long_ientry_normal,70.7513,0.04999195442078466,9.0
1699559460000.0,450471,1699559460000.0,0.04899999999999896,-0.00353388,1415.299196840006,1415.417396840006,-19.6,0.9015,59.1,0.899,long_nclose,53.130900000000004,0.03754040143499512,32.0
1699559520000.0,450472,1699559520000.0,0.036749999999999214,-0.0026504099999999997,1415.3332964300062,1415.4931364300062,-14.7,0.9015,44.4,0.899,long_nclose,39.9156,0.02820226168682804,1.0
1699559820000.0,450477,1699559820000.0,0.11692000000000027,-0.0026844240000000004,1415.447532006006,1415.634012006006,-14.8,0.9069,29.6,0.899,long_nclose,26.610400000000002,0.0187999903905213,5.0
1699560120000.0,450482,1699560120000.0,0.0,-0.008827198,1415.438704808006,1415.325564808006,49.1,0.8989,78.7,0.8989376111817027,long_ientry_partial,70.74639,0.049981952422020456,5.0
1699564020000.0,450547,1699564020000.0,0.0482628208386271,-0.003533488,1415.4834341408446,1415.711701320006,-19.6,0.9014,59.1,0.8989376111817027,long_nclose,53.12721282083863,0.03753291033962911,65.0
1699564200000.0,450550,1699564200000.0,0.15488905972045822,-0.003572792,1415.634750408565,1415.9287685280058,-19.7,0.9068,39.4,0.8989376111817027,long_nclose,35.418141880559084,0.025019265647680016,3.0
1699564260000.0,450551,1699564260000.0,0.10299729351969557,-0.002375816,1415.7353718860845,1416.0394627120058,-13.1,0.9068,26.3,0.8989376111817027,long_nclose,23.64205917407878,0.01669949034513571,1.0
1699564500000.0,450555,1699564500000.0,0.17242729351969519,-0.002389702,1415.905409477604,1416.0250330100055,-13.1,0.9121,13.2,0.8989376111817027,long_nclose,11.865976467598475,0.008380486710603364,4.0
1699564740000.0,450559,1699564740000.0,0.03459451080050844,-0.0007979840000000002,1415.9392060044047,1416.0110350260056,-4.4,0.9068,8.8,0.8989376111817027,long_nclose,7.9106509783989845,0.00558685778658662,4.0
1699564920000.0,450562,1699564920000.0,0.022800927573062377,-0.0005259440000000001,1415.961480987978,1416.012589082006,-2.9,0.9068,5.9,0.8989376111817027,long_nclose,5.303731905972046,0.0037456752723749247,3.0
1699564980000.0,450563,1699564980000.0,0.03817092757306229,-0.000529018,1415.999122897551,1416.0377100640058,-2.9,0.9121,3.0,0.8989376111817027,long_nclose,2.696812833545108,0.0019045300169583687,1.0
1699565040000.0,450564,1699565040000.0,0.019743583227446015,-0.00027363,1416.0185928507783,1416.0384864340058,-1.5,0.9121,1.5,0.8989376111817027,long_nclose,1.348406416772554,0.0009522519150386966,1.0
1699565220000.0,450567,1699565220000.0,0.027843583227445956,-0.00027525,1416.0461611840058,1416.0461611840058,-1.5,0.9175,0.0,0.8989376111817027,long_nclose,0.0,0.0,3.0
1699703220000.0,452867,1699703220000.0,0.0,-0.014170112,1416.0319910720057,1416.1868710720057,70.4,1.0064,70.4,1.0064,long_ientry_normal,70.85056,0.05003457580528435,2300.0
1699703520000.0,452872,1699703520000.0,0.04928000000000239,-0.003552384000000001,1416.0777186880057,1416.2466786880057,-17.6,1.0092,52.8,1.0064,long_nclose,53.137919999999994,0.03752472007626263,5.0
1699704060000.0,452881,1699704060000.0,0.0,-0.0035227500000000003,1416.0741959380057,1415.9951159380057,17.5,1.0065,70.3,1.006424893314367,long_ientry_partial,70.75166999999999,0.04996325065660431,9.0
1699704360000.0,452886,1699704360000.0,0.0485643669985808,-0.0035322000000000005,1416.1192281050041,1416.3291137380056,-17.5,1.0092,52.8,1.006424893314367,long_nclose,53.13923436699857,0.037524548295349,5.0
1699705020000.0,452897,1699705020000.0,0.15444187766714423,-0.003573504000000001,1416.2700964786711,1416.5719402340053,-17.6,1.0152,35.2,1.006424893314367,long_nclose,35.42615624466572,0.025013700658332888,11.0
1699705080000.0,452898,1699705080000.0,0.10266874822190836,-0.002375568,1416.3703896588931,1416.5789546660055,-11.7,1.0152,23.5,1.006424893314367,long_nclose,23.650984992887622,0.016698305164783576,1.0
1699705740000.0,452909,1699705740000.0,0.17286874822190842,-0.002389608,1416.540868799115,1416.7187550580056,-11.7,1.0212,11.8,1.006424893314367,long_nclose,11.87581374110953,0.008383671804102169,11.0
1699706100000.0,452915,1699706100000.0,0.08717312944523588,-0.0012050160000000002,1416.6268369125603,1416.7193200420056,-5.9,1.0212,5.9,1.006424893314367,long_nclose,5.937906870554765,0.004191581520152491,6.0
1699708620000.0,452957,1699708620000.0,0.04284780938833627,-0.0005922960000000001,1416.6690924259487,1416.7134177460057,-2.9,1.0212,3.0,1.006424893314367,long_nclose,3.0192746799431007,0.0021312490659147506,42.0
1699708680000.0,452958,1699708680000.0,0.0221626600284498,-0.00030636000000000004,1416.6909487259773,1416.7146113860058,-1.5,1.0212,1.5,1.006424893314367,long_nclose,1.5096373399715504,0.0010656080928089216,1.0
1699708920000.0,452962,1699708920000.0,0.010342574679943239,-0.00014296800000000002,1416.701148332657,1416.7136884180056,-0.7,1.0212,0.8,1.006424893314367,long_nclose,0.8051399146514936,0.0005683202244870615,4.0
1699709760000.0,452976,1699709760000.0,0.00591004267425328,-8.169600000000001e-05,1416.7069766793313,1416.7136467220055,-0.4,1.0212,0.4,1.006424893314367,long_nclose,0.4025699573257468,0.0002841589432059864,14.0
1699710240000.0,452984,1699710240000.0,0.00295502133712664,-4.0848000000000006e-05,1416.7098908526684,1416.7128658740055,-0.2,1.0212,0.2,1.006424893314367,long_nclose,0.2012849786628734,0.00014207917934541063,8.0
1699710420000.0,452987,1699710420000.0,0.00147751066856332,-2.0424000000000003e-05,1416.711347939337,1416.7125654500055,-0.1,1.0212,0.1,1.006424893314367,long_nclose,0.1006424893314367,7.103951660853512e-05,3.0
1699710780000.0,452993,1699710780000.0,0.00147751066856332,-2.0424000000000003e-05,1416.7128050260055,1416.7128050260055,-0.1,1.0212,0.0,1.006424893314367,long_nclose,0.0,0.0,6.0
1699740600000.0,453490,1699740600000.0,0.0,-0.01417216,1416.6986328660055,1416.7539928660055,69.2,1.024,69.2,1.024,long_ientry_normal,70.8608,0.05001825960447734,497.0
1699741020000.0,453497,1699741020000.0,0.048439999999998505,-0.003552728,1416.7435201380056,1416.9459301380057,-17.3,1.0268,51.9,1.024,long_nclose,53.1456,0.03751250614142429,7.0
1699741500000.0,453505,1699741500000.0,0.1539699999999984,-0.003573834,1416.8939163040056,1417.1568763040057,-17.3,1.0329,34.6,1.024,long_nclose,35.4304,0.02500568291832381,8.0
1699742880000.0,453528,1699742880000.0,0.10234999999999894,-0.00237567,1416.9938906340055,1417.2017906340056,-11.5,1.0329,23.1,1.024,long_nclose,23.654400000000003,0.016693367668237664,23.0
1699743780000.0,453543,1699743780000.0,0.01595999999999951,-0.001170552,1417.0086800820054,1417.0661000820055,-5.7,1.0268,17.4,1.024,long_nclose,17.8176,0.012574093758528604,15.0
1699744500000.0,453555,1699744500000.0,0.0,-0.010612784,1416.9980672980055,1416.9565872980054,51.8,1.0244,69.2,1.0242994219653179,long_ientry_partial,70.88152,0.050022312405238495,12.0
1699744800000.0,453560,1699744800000.0,0.048449999999999174,-0.003553766,1417.0429635320054,1417.1986935320053,-17.3,1.0271,51.9,1.0242994219653179,long_nclose,53.161139999999996,0.03751554565960011,5.0
1699745100000.0,453565,1699745100000.0,0.03612745664739823,-0.0026499180000000002,1417.0764410706527,1417.1856636140053,-12.9,1.0271,39.0,1.0242994219653179,long_nclose,39.9476774566474,0.028190206469359887,5.0
1699745460000.0,453571,1699745460000.0,0.0,-0.006187376,1417.0702536946526,1416.9288562380052,30.2,1.0244,69.2,1.0243433158475057,long_ientry_partial,70.8845574566474,0.05002190771546706,6.0
1699746540000.0,453589,1699746540000.0,0.04942063583814935,-0.003554112,1417.1161202184908,1417.2591921260052,-17.3,1.0272,51.9,1.0243433158475057,long_nclose,53.16341809248554,0.03751521652600269,18.0
1699746600000.0,453590,1699746600000.0,0.036851225567174954,-0.0026501759999999997,1417.150321268058,1417.2461319500053,-12.9,1.0272,39.0,1.0243433158475057,long_nclose,39.949389318052724,0.028189944791676184,1.0
1699746720000.0,453592,1699746720000.0,0.027709836279193566,-0.001992768,1417.1760383363371,1417.2626691820053,-9.7,1.0272,29.3,1.0243433158475057,long_nclose,30.01325915433192,0.021178215226927862,2.0
1699746960000.0,453596,1699746960000.0,0.020853794313207528,-0.001499712,1417.1953924186503,1417.2846394700052,-7.3,1.0272,22.0,1.0243433158475057,long_nclose,22.535552948645126,0.0159015144059881,4.0
1699747380000.0,453603,1699747380000.0,0.0,-0.009669392,1417.1857230266503,1417.129410078005,47.2,1.0243,69.2,1.024313770934178,long_ientry_partial,70.88251294864513,0.050016389381388214,7.0
1699747500000.0,453605,1699747500000.0,0.04993176283871732,-0.003554112,1417.232100677489,1417.485695966005,-17.3,1.0272,51.9,1.024313770934178,long_nclose,53.16188471148384,0.03751106447989042,2.0
1699747560000.0,453606,1699747560000.0,0.15546176283872107,-0.0035752180000000002,1417.3839872223277,1417.7225907480051,-17.3,1.0333,34.6,1.024313770934178,long_nclose,35.441256474322564,0.025004696535183394,1.0
1699747800000.0,453610,1699747800000.0,0.0,-0.007088156000000001,1417.3768990663277,1417.3833425920052,34.6,1.0243,69.2,1.0243068854670891,long_ientry_partial,70.88203647432258,0.05000930699591258,4.0
1699747860000.0,453611,1699747860000.0,0.04832088141935609,-0.003553766,1417.421666181747,1417.5510588260051,-17.3,1.0271,51.9,1.0243068854670891,long_nclose,53.161527355741924,0.037505795645799984,1.0
1699747920000.0,453612,1699747920000.0,0.03603117747454876,-0.0026499180000000002,1417.4550474412215,1417.641978908005,-12.9,1.0271,39.0,1.0243068854670891,long_nclose,39.947968533216475,0.02818288213466115,1.0
1699748340000.0,453619,1699748340000.0,0.0,-0.006187376,1417.4488600652214,1417.307171532005,30.2,1.0244,69.2,1.0243475221563074,long_ientry_partial,70.88484853321647,0.050008752012368776,7.0
1699749780000.0,453643,1699749780000.0,0.0,-0.01945357,1417.4294064952214,1415.2022079620049,98.3,0.9895,167.5,1.003896707660994,long_rentry,168.1526985332165,0.11863215040034757,24.0
1699753020000.0,453697,1699753020000.0,0.11717761977045091,-0.008416011999999999,1417.538168102992,1417.827691950005,-41.8,1.0067,125.7,1.003896707660994,long_nclose,126.18981615298694,0.08902040099693355,54.0
1699753140000.0,453699,1699753140000.0,0.08802337944478848,-0.006322075999999999,1417.6198694064367,1417.9785198740049,-31.4,1.0067,94.3,1.003896707660994,long_nclose,94.66745953243172,0.06677915679332949,2.0
1699753380000.0,453703,1699753380000.0,0.2764233794447886,-0.006359755999999999,1417.8899330298816,1418.5128501180052,-31.4,1.0127,62.9,1.003896707660994,long_nclose,63.14510291187651,0.04453455902387435,4.0
1699753500000.0,453705,1699753500000.0,0.18398880988522556,-0.004233086,1418.0696887537667,1418.363827032005,-20.9,1.0127,42.0,1.003896707660994,long_nclose,42.16366172176174,0.029733137980557336,2.0
1699753560000.0,453706,1699753560000.0,0.12324609274608411,-0.00283556,1418.1900992865128,1418.464591472005,-14.0,1.0127,28.0,1.003896707660994,long_nclose,28.10910781450783,0.019820409004864325,1.0
1699753620000.0,453707,1699753620000.0,0.0,-0.008515080000000001,1418.1815842065128,1418.407076392005,42.0,1.0137,70.0,1.0097786830643976,long_ientry_partial,70.68450781450782,0.04984164834861859,1.0
1699754040000.0,453714,1699754040000.0,0.20553668459953586,-0.004746676,1418.3823742151123,1418.752299716005,-23.3,1.0186,46.7,1.0097786830643976,long_nclose,47.15666449910737,0.03324679251263424,7.0
1699754100000.0,453715,1699754100000.0,0.0,-0.00468142,1418.3776927951124,1418.761558296005,23.0,1.0177,69.7,1.0123926040044098,long_ientry_partial,70.56376449910736,0.049749629352990994,1.0
1699754400000.0,453720,1699754400000.0,0.2043315870976956,-0.004738368000000001,1418.57728601421,1418.8054799280048,-23.2,1.0212,46.5,1.0123926040044098,long_nclose,47.076256086205056,0.03318554198656011,5.0
1699754460000.0,453721,1699754460000.0,0.0,-0.004720272,1418.57256574221,1418.863489656005,23.2,1.0173,69.7,1.01402605575617,long_ientry_partial,70.67761608620505,0.0498230529710166,1.0
1699754700000.0,453725,1699754700000.0,0.2058755064568542,-0.004746256,1418.7736949926666,1419.2746834000047,-23.2,1.0229,46.5,1.01402605575617,long_nclose,47.15221159266191,0.033234483948411254,4.0
1699754820000.0,453727,1699754820000.0,0.0,-0.004697980000000001,1418.7689970126667,1419.0933354200047,23.0,1.0213,69.5,1.0164332603260706,long_ientry_partial,70.6421115926619,0.04979113001581273,2.0
1699755000000.0,453730,1699755000000.0,0.047864596358980105,-0.003526432000000001,1418.8133351770257,1418.884678988005,-17.3,1.0192,52.2,1.0164332603260706,long_nclose,53.05781618902089,0.03739591028188416,3.0
1699755060000.0,453731,1699755060000.0,0.0,-0.0035623000000000004,1418.8097728770256,1418.8044466880046,17.5,1.0178,69.7,1.0167764159113468,long_ientry_partial,70.86931618902088,0.04994983650649228,1.0
1699761900000.0,453845,1699761900000.0,0.0491303631425664,-0.0035482079999999997,1418.855355032168,1419.0553284800046,-17.4,1.0196,52.3,1.0167764159113468,long_nclose,53.17740655216343,0.03747908929797696,114.0
1699762560000.0,453856,1699762560000.0,0.0,-0.0035440319999999995,1418.851811000168,1418.9227844480047,17.4,1.0184,69.7,1.0171817295862757,long_ientry_partial,70.89756655216343,0.04996826730071745,11.0
1699771020000.0,453997,1699771020000.0,0.04903790519880262,-0.0035495999999999995,1418.8972993053667,1419.0813048480045,-17.4,1.02,52.3,1.0171817295862757,long_nclose,53.198604457362215,0.03749292107568747,141.0
1699771740000.0,454009,1699771740000.0,0.03663751537841575,-0.0026520000000000003,1418.9312848207453,1419.0538328480047,-13.0,1.02,39.3,1.0171817295862757,long_nclose,39.97524197274063,0.028172782149764736,12.0
1699772100000.0,454015,1699772100000.0,0.02761905005449803,-0.0019992,1418.9569046707998,1419.0606936480046,-9.8,1.02,29.5,1.0171817295862757,long_nclose,30.006861022795135,0.021147126402515214,6.0
1699773540000.0,454039,1699773540000.0,0.08739905005449798,-0.002011156,1419.0422925648543,1419.2160124920047,-9.8,1.0261,19.7,1.0171817295862757,long_nclose,20.03848007284963,0.014121129565934917,24.0
1699775580000.0,454073,1699775580000.0,0.0,-0.010196624000000001,1419.0320959408543,1419.0219058680048,50.2,1.0156,69.9,1.0160457807274625,long_ientry_partial,71.02160007284964,0.05004932606951396,34.0
1699834200000.0,455050,1699834200000.0,0.0,-0.01949259,1419.0126033508543,1416.4624932780046,99.3,0.9815,169.2,0.9957715725345724,long_rentry,168.48455007284963,0.11873365301688685,977.0
1699837680000.0,455108,1699837680000.0,0.1154124817875906,-0.008447310000000001,1419.1195685226419,1419.6307759680046,-42.3,0.9985,126.9,0.9957715725345724,long_nclose,126.36341255463724,0.0890435276614404,58.0
1699838220000.0,455117,1699838220000.0,0.36921248178758614,-0.008498069999999998,1419.4802829344294,1420.1933278980046,-42.3,1.0045,84.6,0.9957715725345724,long_nclose,84.24227503642481,0.059347266777298555,9.0
1699838280000.0,455118,1699838280000.0,0.24614165452505743,-0.00566538,1419.7207592089544,1420.2694425180046,-28.2,1.0045,56.4,0.9957715725345724,long_nclose,56.16151669094988,0.03955814291413346,1.0
1699838640000.0,455124,1699838640000.0,0.1640944363500383,-0.00377692,1419.8810767253044,1420.2130255980044,-18.8,1.0045,37.6,0.9957715725345724,long_nclose,37.44101112729992,0.02636911762614004,6.0
1699839060000.0,455131,1699839060000.0,0.1091053433178446,-0.00251125,1419.9876708186223,1420.1515343480046,-12.5,1.0045,25.1,0.9957715725345724,long_nclose,24.993866470617768,0.017601467241056264,7.0
1699839540000.0,455139,1699839540000.0,0.01691625028565158,-0.0012381400000000002,1420.003348928908,1420.0775962080047,-6.2,0.9985,18.9,0.9957715725345724,long_nclose,18.820082720903418,0.01325354812374153,8.0
1699840680000.0,455158,1699840680000.0,0.0,-0.01044015,1419.992908778908,1420.0579160580046,52.5,0.9943,71.4,0.9946895339062102,long_ientry_partial,71.02083272090341,0.05001492069560842,19.0
1699840800000.0,455160,1699840800000.0,0.048246296469458015,-0.003550744,1420.0376043313775,1420.2632853140046,-17.8,0.9974,53.6,0.9946895339062102,long_nclose,53.31535901737287,0.037545033212325614,2.0
1699840980000.0,455163,1699840980000.0,0.0,-0.0035400640000000003,1420.0340642673775,1419.8971652500047,17.8,0.9944,71.4,0.9946173531844938,long_ientry_partial,71.01567901737286,0.0500098418793997,3.0
1699842180000.0,455183,1699842180000.0,0.0495311133160087,-0.003550744,1420.0800446366936,1420.2238345060048,-17.8,0.9974,53.6,0.9946173531844938,long_nclose,53.311490130688874,0.0375411867324196,20.0
1699842240000.0,455184,1699842240000.0,0.037287467327781834,-0.002673032,1420.1146590720214,1420.2345614740047,-13.4,0.9974,40.2,0.9946173531844938,long_nclose,39.98361759801666,0.028155203766535363,1.0
1699842780000.0,455193,1699842780000.0,0.027826468155061068,-0.0019948,1420.1404907401766,1420.269826674005,-10.0,0.9974,30.2,0.9946173531844938,long_nclose,30.037444066171712,0.021151037000935177,9.0
1699843680000.0,455208,1699843680000.0,0.0208698511162958,-0.0014961,1420.1598644912929,1420.2593505740049,-7.5,0.9974,22.7,0.9946173531844938,long_nclose,22.577813917288008,0.015898079140108268,15.0
1699844040000.0,455214,1699844040000.0,0.015582822166834197,-0.0011170879999999998,1420.1743302254597,1420.206523486005,-5.6,0.9974,17.1,0.9946173531844938,long_nclose,17.007956739454848,0.011975964061225322,6.0
1699844100000.0,455215,1699844100000.0,0.0,-0.010801356,1420.1635288694597,1420.0918321300048,54.3,0.9946,71.4,0.9946041560147736,long_ientry_partial,71.01473673945485,0.05000461939477286,1.0
1699850940000.0,455329,1699850940000.0,0.0,-0.019485024000000004,1420.1440438454597,1417.989627106005,101.4,0.9608,172.8,0.9747676894644377,long_rentry,168.43985673945485,0.11860758594836208,114.0
1699859580000.0,455473,1699859580000.0,0.11803581513629276,-0.008445600000000001,1420.253634060596,1420.7632615060047,-43.2,0.9775,129.6,0.9747676894644377,long_nclose,126.32989255459113,0.08894882542451653,144.0
1699859700000.0,455475,1699859700000.0,0.36859581513628914,-0.008495712,1420.6137341637323,1421.2126857940048,-43.2,0.9833,86.4,0.9747676894644377,long_nclose,84.21992836972743,0.059284185661702675,2.0
1699859820000.0,455477,1699859820000.0,0.24573054342419276,-0.005663808,1420.8538008991563,1421.3164619860047,-28.8,0.9833,57.6,0.9747676894644377,long_nclose,56.14661891315161,0.039516112690567075,2.0
1699860540000.0,455489,1699860540000.0,0.16382036228279517,-0.003775872,1421.0138453894392,1421.3530061140048,-19.2,0.9833,38.4,0.9747676894644377,long_nclose,37.431079275434406,0.0263411080735643,12.0
1699860660000.0,455491,1699860660000.0,0.10921357485519678,-0.002517248,1421.1205417162944,1421.2903288660048,-12.8,0.9833,25.6,0.9747676894644377,long_nclose,24.954052850289607,0.017559420272788732,2.0
1699860720000.0,455492,1699860720000.0,0.07252463955227911,-0.0016716100000000002,1421.1913947458468,1421.3543972560049,-8.5,0.9833,17.1,0.9747676894644377,long_nclose,16.668527489841885,0.011728559257722452,1.0
1699861740000.0,455509,1699861740000.0,0.04863417005270482,-0.001120962,1421.2389079538996,1421.332756294005,-5.7,0.9833,11.4,0.9747676894644377,long_nclose,11.11235165989459,0.007818778108103299,17.0
1699862100000.0,455515,1699862100000.0,0.032422780035136545,-0.000747308,1421.2705834259348,1421.3301089860051,-3.8,0.9833,7.6,0.9747676894644377,long_nclose,7.408234439929727,0.005212402568744071,6.0
1699862580000.0,455523,1699862580000.0,0.0,-0.01272705,1421.2578563759348,1421.176841936005,65.1,0.9775,72.7,0.9772143664364472,long_ientry_partial,71.04348443992971,0.049986344224040725,8.0
1699878060000.0,455781,1699878060000.0,0.0,-0.01950304,1421.2383533359348,1419.193268896005,103.3,0.944,176.0,0.9577197979541461,long_rentry,168.55868443992972,0.11859987034848045,258.0
1699884900000.0,455895,1699884900000.0,0.1179288900175739,-0.00845152,1421.3478307059522,1421.662017376005,-44.0,0.9604,132.0,0.9577197979541461,long_nclose,126.41901332994728,0.08894305151692372,114.0
1699884960000.0,455896,1699884960000.0,0.08844666751318042,-0.00633864,1421.4299387334654,1421.724978736005,-33.0,0.9604,99.0,0.9577197979541461,long_nclose,94.81425999746047,0.06670343533212947,1.0
1699887780000.0,455943,1699887780000.0,0.06620099053259261,-0.004744376,1421.491395347998,1421.6088043600048,-24.7,0.9604,74.3,0.9577197979541461,long_nclose,71.15858098799305,0.050059100759152035,47.0
1699892640000.0,456024,1699892640000.0,0.049583737848298115,-0.003553480000000001,1421.5374256058462,1421.7093008800048,-18.5,0.9604,55.8,0.9577197979541461,long_nclose,53.44076472584135,0.037593638945570065,81.0
1699893060000.0,456031,1699893060000.0,0.0,-0.0035236,1421.5339020058461,1421.6032572800048,18.4,0.9575,74.2,0.9576652928010962,long_ientry_partial,71.05876472584134,0.049987386600892414,7.0
1699910040000.0,456314,1699910040000.0,0.0,-0.019501108000000003,1421.5144008978461,1420.4091361720048,105.4,0.9251,179.6,0.9385540352218338,long_rentry,168.56430472584134,0.11858079286384579,283.0
1699920600000.0,456490,1699920600000.0,0.0,-0.046142488,1421.4682584098462,1415.5080736840048,255.1,0.9044,434.7,0.9185110299651285,long_rentry,399.27674472584135,0.28089036977336396,176.0
1699930140000.0,456649,1699930140000.0,0.2811621457870529,-0.020006292,1421.729414263633,1422.6388973920048,-108.6,0.9211,326.1,0.9185110299651285,long_nclose,299.5264468716284,0.21067753390103727,159.0
1699930320000.0,456652,1699930320000.0,0.21100105784203327,-0.01501393,1421.9254013914751,1422.3385234620048,-81.5,0.9211,244.6,0.9185110299651285,long_nclose,224.66779792947042,0.1580025208844387,3.0
1699930680000.0,456658,1699930680000.0,0.15818606913065317,-0.011255842000000002,1422.0723316186056,1422.6024576200045,-61.1,0.9211,183.5,0.9185110299651285,long_nclose,168.54677399860108,0.11852194171217775,6.0
1699931880000.0,456678,1699931880000.0,0.48812606913065076,-0.01132183,1422.5491358577362,1423.5147457900046,-61.1,0.9265,122.4,0.9185110299651285,long_nclose,112.42575006773173,0.07903118931631406,20.0
1699931940000.0,456679,1699931940000.0,0.32594997742275855,-0.007560239999999999,1422.8675255951591,1423.4786255500046,-40.8,0.9265,81.6,0.9185110299651285,long_nclose,74.95050004515447,0.0526756698687069,1.0
1699932300000.0,456685,1699932300000.0,0.21729998494850572,-0.00504016,1423.0797854201078,1423.5198253900048,-27.2,0.9265,54.4,0.9185110299651285,long_nclose,49.96700003010299,0.035111875343905766,6.0
1699932420000.0,456687,1699932420000.0,0.1446003576311748,-0.0033539300000000006,1423.221031847739,1423.5291814600048,-18.1,0.9265,36.3,0.9185110299651285,long_nclose,33.34195038773416,0.02342710629033284,2.0
1699932600000.0,456690,1699932600000.0,0.0,-0.007513436,1423.213518411739,1423.4291980240048,40.6,0.9253,76.9,0.9220953236376354,long_ientry_partial,70.90913038773417,0.04982325523921843,3.0
1699933200000.0,456700,1699933200000.0,0.20491971487653587,-0.004762112000000001,1423.4136760146155,1423.8704859120048,-25.6,0.9301,51.3,0.9220953236376354,long_nclose,47.30349010261069,0.03323242631408087,10.0
1699933980000.0,456713,1699933980000.0,0.0,-0.00473856,1423.4089374546154,1423.5759073520046,25.6,0.9255,76.9,0.9232287399559257,long_ientry_partial,70.99629010261069,0.04987764811254346,13.0
1699934100000.0,456715,1699934100000.0,0.049368192846225865,-0.003555072,1423.4547505754617,1423.6665822800048,-19.2,0.9258,57.7,0.9232287399559257,long_nclose,53.27029829545692,0.03742324669886505,2.0
1699934160000.0,456716,1699934160000.0,0.0,-0.0035539200000000003,1423.4511966554617,1423.5745583600049,19.2,0.9255,76.9,0.9237958165859157,long_ientry_partial,71.03989829545692,0.04990680289030782,1.0
1699934520000.0,456722,1699934520000.0,0.05000032155041865,-0.003557376,1423.4976396010122,1423.7806109840049,-19.2,0.9264,57.7,0.9237958165859157,long_nclose,53.30301861700734,0.03744510502451376,6.0
1699934760000.0,456726,1699934760000.0,0.15560032155041767,-0.003578496,1423.6496614265625,1423.9693724880046,-19.2,0.9319,38.5,0.9237958165859157,long_nclose,35.566138938557756,0.024982367433655586,4.0
1699935960000.0,456746,1699935960000.0,0.0,-0.007109375999999999,1423.6425520505625,1423.6927931120047,38.4,0.9257,76.9,0.9247466702023114,long_ientry_partial,71.11301893855774,0.049951456449604685,20.0
1699936440000.0,456754,1699936440000.0,0.049023932115621706,-0.003560832,1423.6880151506782,1423.8411122800048,-19.2,0.9273,57.7,0.9247466702023114,long_nclose,53.35788287067337,0.037478634576428714,8.0
1699938360000.0,456786,1699938360000.0,0.15462393211562073,-0.003581952,1423.8390571307937,1424.1722103280047,-19.2,0.9328,38.5,0.9247466702023114,long_nclose,35.602746802788985,0.025004755013907812,32.0
1699938780000.0,456793,1699938780000.0,0.10308262141041383,-0.0023879680000000003,1423.9397517842042,1424.1595723600049,-12.8,0.9328,25.7,0.9247466702023114,long_nclose,23.7659894241994,0.016690305467222534,7.0
1699942260000.0,456851,1699942260000.0,0.1734826214104146,-0.0024020480000000004,1424.1108323576145,1424.2843803120047,-12.8,0.9383,12.9,0.9247466702023114,long_nclose,11.929232045609817,0.008376617728453748,58.0
1699942320000.0,456852,1699942320000.0,0.0867413107052073,-0.0012010240000000002,1424.1963726443198,1424.2896692880047,-6.4,0.9383,6.5,0.9247466702023114,long_nclose,6.010853356315024,0.004220522865926566,1.0
1699944300000.0,456885,1699944300000.0,0.01691199257514602,-0.000391776,1424.212892860895,1424.2536075120047,-2.1,0.9328,4.4,0.9247466702023114,long_nclose,4.068885348890171,0.0028569361850929297,33.0
1699944660000.0,456891,1699944660000.0,0.011274661716764011,-0.000261184,1424.2239063386116,1424.2483663280047,-1.4,0.9328,3.0,0.9247466702023114,long_nclose,2.7742400106069343,0.0019478959721571714,6.0
1699946160000.0,456916,1699946160000.0,0.00805332979768858,-0.00018656,1424.2317731084092,1424.2472797680045,-1.0,0.9328,2.0,0.9247466702023114,long_nclose,1.8494933404046228,0.0012985901419458388,25.0
1699946220000.0,456917,1699946220000.0,0.004831997878613148,-0.000111936,1424.236493170288,1424.2487478320047,-0.6,0.9328,1.4,0.9247466702023114,long_nclose,1.294645338283236,0.0009090100868019553,1.0
1699947720000.0,456942,1699947720000.0,0.009487330858382048,-0.00013136200000000002,1424.2458491391462,1424.2556164700047,-0.7,0.9383,0.7,0.9247466702023114,long_nclose,0.647322669141618,0.0004545020577261136,25.0
1699948800000.0,456960,1699948800000.0,0.004065998939306592,-5.629800000000001e-05,1424.2498588400856,1424.2557201720047,-0.3,0.9383,0.4,0.9247466702023114,long_nclose,0.3698986680809246,0.0002597147303789599,18.0
1699949700000.0,456975,1699949700000.0,0.002710665959537728,-3.7532000000000006e-05,1424.252531974045,1424.2553226400046,-0.2,0.9383,0.2,0.9247466702023114,long_nclose,0.1849493340404623,0.0001298571214643505,15.0
1699950360000.0,456986,1699950360000.0,0.001355332979768864,-1.8766000000000003e-05,1424.2538685410248,1424.2552438740045,-0.1,0.9383,0.1,0.9247466702023114,long_nclose,0.09247466702023115,6.492849980106441e-05,11.0
1699951080000.0,456998,1699951080000.0,0.001355332979768864,-1.8766000000000003e-05,1424.2552051080045,1424.2552051080045,-0.1,0.9383,0.0,0.9247466702023114,long_nclose,0.0,0.0,12.0
1699954260000.0,457051,1699954260000.0,0.0,-0.014240960000000002,1424.2409641480044,1424.3326441480044,76.4,0.932,76.4,0.932,long_ientry_normal,71.2048,0.049994910827884695,53.0
1699954680000.0,457058,1699954680000.0,0.049659999999998775,-0.0035701720000000004,1424.2870539760042,1424.5105239760042,-19.1,0.9346,57.3,0.932,long_nclose,53.4036,0.037494969747088436,7.0
1699954920000.0,457062,1699954920000.0,0.0,-0.0035602400000000005,1424.2834937360042,1424.2300137360041,19.1,0.932,76.4,0.9319999999999999,long_ientry_partial,71.2048,0.04999341796289753,4.0
1699961280000.0,457168,1699961280000.0,0.0,-0.01953651,1424.263957226004,1422.5077172260042,108.5,0.9003,184.9,0.9133983234180638,long_rentry,168.88735,0.11857868700752408,106.0
1699966080000.0,457248,1699966080000.0,0.11557745808545382,-0.008462916000000001,1424.3710717680895,1424.690314310004,-46.2,0.9159,138.7,0.9133983234180638,long_nclose,126.68834745808545,0.08894335891055807,80.0
1699966140000.0,457249,1699966140000.0,0.08655800973499354,-0.006338028000000001,1424.4512917498243,1424.8158162820039,-34.6,0.9159,104.1,0.9133983234180638,long_nclose,95.08476546782043,0.066751854569219,1.0
1699966740000.0,457259,1699966740000.0,0.06504359113034197,-0.004762680000000001,1424.5115726609545,1424.7616236020037,-26.0,0.9159,78.1,0.9133983234180638,long_nclose,71.33640905895078,0.05007780240471899,10.0
1699966920000.0,457262,1699966920000.0,0.04878269334775648,-0.0035720100000000005,1424.5567833443022,1424.7268215920037,-19.5,0.9159,58.6,0.9133983234180638,long_nclose,53.52514175229854,0.03757318934429728,3.0
1699967340000.0,457269,1699967340000.0,0.1560326933477555,-0.0035934600000000006,1424.7092225776498,1424.9908081320036,-19.5,0.9214,39.1,0.9133983234180638,long_nclose,35.7138744456463,0.025067483160550547,7.0
1699967400000.0,457270,1699967400000.0,0.10402179556517033,-0.00239564,1424.810848733215,1425.0275224920035,-13.0,0.9214,26.1,0.9133983234180638,long_nclose,23.839696241211467,0.01673183234280333,1.0
1699967460000.0,457271,1699967460000.0,0.0,-0.009438208,1424.801410525215,1425.0103542840036,51.2,0.9217,77.3,0.9188969759535766,long_ientry_partial,71.03073624121147,0.049853078272169796,1.0
1699967820000.0,457277,1699967820000.0,0.04830836409597241,-0.003556604,1424.8461622853108,1425.0319376800035,-19.3,0.9214,58.0,0.9188969759535766,long_nclose,53.29602460530744,0.037404757100111034,6.0
1699967880000.0,457278,1699967880000.0,0.0,-0.003558148,1424.842604137311,1425.0264395320035,19.3,0.9218,77.3,0.9196217930828905,long_ientry_partial,71.08676460530744,0.04989095946379834,1.0
1699968120000.0,457282,1699968120000.0,0.04975939350021387,-0.0035596920000000006,1424.888803838811,1425.0093398400033,-19.3,0.9222,58.0,0.9196217930828905,long_nclose,53.33806399880765,0.0374331413476679,4.0
1699968180000.0,457283,1699968180000.0,0.0,-0.0035577620000000003,1424.8852460768112,1424.9284820780035,19.3,0.9217,77.3,0.9201406726883266,long_ientry_partial,71.12687399880764,0.049917615607743764,1.0
1699968540000.0,457289,1699968540000.0,0.049395017115296806,-0.003561622,1424.9310794719265,1425.0621204560036,-19.3,0.9227,58.0,0.9201406726883266,long_nclose,53.36815901592294,0.03745315109254334,6.0
1699968600000.0,457290,1699968600000.0,0.0,-0.0035577620000000003,1424.9275217099266,1425.6440926940036,19.3,0.9217,77.3,0.9205300002059889,long_ientry_partial,71.15696901592294,0.04993725500545733,1.0
1699968600000.0,457290,1699968600000.0,0.03146499701316113,-0.00267583,1424.9563108769398,1425.5384668640038,-14.5,0.9227,62.8,0.9205300002059889,long_nclose,57.8092840129361,0.04056916241688798,0.0
1699968600000.0,457290,1699968600000.0,0.11121499701316201,-0.00269178,1425.0648340939529,1425.5125750840036,-14.5,0.9282,48.3,0.9205300002059889,long_nclose,44.46159900994926,0.031199702600350574,0.0
1699968660000.0,457291,1699968660000.0,0.3270369950356697,-0.004502362000000001,1425.3873687269886,1425.6213827220038,-24.1,0.9341,24.2,0.9205300002059889,long_nclose,22.27682600498493,0.015628611908410785,1.0
1699968780000.0,457293,1699968780000.0,0.06455999835208903,-0.00148576,1425.4504429653407,1425.6524569620037,-8.0,0.9286,16.2,0.9205300002059889,long_nclose,14.912586003337019,0.010461665697977277,2.0
1699968900000.0,457295,1699968900000.0,0.10991699833149063,-0.0015132420000000001,1425.5588467216721,1425.6849637200037,-8.1,0.9341,8.1,0.9205300002059889,long_nclose,7.456293001668509,0.005230435080821525,2.0
1699969080000.0,457298,1699969080000.0,0.05427999917604476,-0.0007472800000000001,1425.6123794408481,1425.6729364400037,-4.0,0.9341,4.1,0.9205300002059889,long_nclose,3.774173000844554,0.0026474047611208702,3.0
1699969200000.0,457300,1699969200000.0,0.02713999958802238,-0.00037364000000000006,1425.6391458004362,1425.6733128000035,-2.0,0.9341,2.1,0.9205300002059889,long_nclose,1.9331130004325767,0.0013559623458201378,2.0
1699969440000.0,457304,1699969440000.0,0.00564899985580779,-0.000130004,1425.6446647962919,1425.6594627960035,-0.7,0.9286,1.4,0.9205300002059889,long_nclose,1.2887420002883843,0.0009039713977202942,4.0
1699969620000.0,457307,1699969620000.0,0.009498999855807832,-0.000130774,1425.6540330221478,1425.6640920220036,-0.7,0.9341,0.7,0.9205300002059889,long_nclose,0.6443710001441921,0.0004519827287818444,3.0
1699969740000.0,457309,1699969740000.0,0.004070999938203357,-5.6046e-05,1425.658047976086,1425.6637559760036,-0.3,0.9341,0.4,0.9205300002059889,long_nclose,0.3682120000823956,0.00025827511765891,2.0
1699970340000.0,457319,1699970340000.0,0.0008069999794011129,-1.8572e-05,1425.6588364040654,1425.6614674040036,-0.1,0.9286,0.3,0.9205300002059889,long_nclose,0.27615900006179667,0.000193706231119327,10.0
1699971120000.0,457332,1699971120000.0,0.001356999979401119,-1.8682000000000002e-05,1425.6601747220448,1425.6629687220036,-0.1,0.9341,0.2,0.9205300002059889,long_nclose,0.1841060000411978,0.00012913736618692614,13.0
1699971240000.0,457334,1699971240000.0,0.001356999979401119,-1.8682000000000002e-05,1425.6615130400241,1425.6630300400036,-0.1,0.9341,0.1,0.9205300002059889,long_nclose,0.0920530000205989,6.456862248059761e-05,2.0
1699971360000.0,457336,1699971360000.0,0.001356999979401119,-1.8682000000000002e-05,1425.6628513580035,1425.6628513580035,-0.1,0.9341,0.0,0.9205300002059889,long_nclose,0.0,0.0,2.0
1699975200000.0,457400,1699975200000.0,0.0,-0.01425886,1425.6485924980036,1425.5792924980037,77.0,0.9259,77.0,0.9259,long_ientry_normal,71.29429999999999,0.05000832629805289,64.0
1699975680000.0,457408,1699975680000.0,0.049920000000000894,-0.0035654399999999996,1425.6949470580034,1425.7238470580035,-19.2,0.9285,57.8,0.9259,long_nclose,53.517019999999995,0.03753749714161166,8.0
1699975740000.0,457409,1699975740000.0,0.0,-0.003555072,1425.6913919860035,1425.4315119860034,19.2,0.9258,77.0,0.9258750649350648,long_ientry_partial,71.29238,0.05000547832493324,1.0
1699976700000.0,457425,1699976700000.0,0.04847875324675641,-0.003565056,1425.7363056832503,1425.7897669300035,-19.2,0.9284,57.8,0.9258750649350648,long_nclose,53.51557875324674,0.037535397352177736,16.0
1699976760000.0,457426,1699976760000.0,0.0,-0.0035539200000000003,1425.7327517632502,1425.5724730100035,19.2,0.9255,77.0,0.9257815422499577,long_ientry_partial,71.28517875324674,0.04999897678235001,1.0
1699977720000.0,457442,1699977720000.0,0.05027438880081263,-0.003565056,1425.779461096051,1426.0348479540035,-19.2,0.9284,57.8,0.9257815422499577,long_nclose,53.51017314204755,0.03753046989533167,16.0
1699977900000.0,457445,1699977900000.0,0.037705791600609474,-0.002673792,1425.8144930956514,1425.9628541620032,-14.4,0.9284,43.4,0.9257815422499577,long_nclose,40.17891893364816,0.028179625840675713,3.0
1699978320000.0,457452,1699978320000.0,0.11690579160060875,-0.002689632,1425.928709255252,1426.1525445300033,-14.4,0.9339,29.0,0.9257815422499577,long_nclose,26.847664725248773,0.018828195653113004,7.0
1699978500000.0,457455,1699978500000.0,0.07793719440040582,-0.001793088,1426.0048533616523,1426.1274314420032,-9.6,0.9339,19.4,0.9257815422499577,long_nclose,17.960161919649178,0.012594741088931105,3.0
1699978920000.0,457462,1699978920000.0,0.051958129600270554,-0.001195392,1426.0556160992526,1426.166356050003,-6.4,0.9339,13.0,0.9257815422499577,long_nclose,12.03516004924945,0.008439474529169983,7.0
1699979220000.0,457467,1699979220000.0,0.034909368325181774,-0.000803154,1426.0897223135776,1426.162962896003,-4.3,0.9339,8.7,0.9257815422499577,long_nclose,8.054299417574631,0.005647820955127536,5.0
1699979340000.0,457469,1699979340000.0,0.023543527475122592,-0.000541662,1426.1127241790527,1426.164451234003,-2.9,0.9339,5.8,0.9257815422499577,long_nclose,5.369532945049754,0.0037651532407024465,2.0
1699979520000.0,457472,1699979520000.0,0.01542506972508032,-0.000354882,1426.1277943667778,1426.161406352003,-1.9,0.9339,3.9,0.9257815422499577,long_nclose,3.610548014774835,0.0025317142187653474,3.0
1699980480000.0,457488,1699980480000.0,0.025875069725080434,-0.000356972,1426.153312464503,1426.180149380003,-1.9,0.9394,2.0,0.9257815422499577,long_nclose,1.8515630844999154,0.0012982917532900244,16.0
1699981800000.0,457510,1699981800000.0,0.004871074650025364,-0.000112068,1426.158071471153,1426.1701373120031,-0.6,0.9339,1.4,0.9257815422499577,long_nclose,1.2960941591499406,0.0009088011946760958,22.0
1699982220000.0,457517,1699982220000.0,0.0,-0.014005250000000002,1426.144066221153,1426.1618520620032,75.5,0.9275,76.9,0.9274687146833542,long_ientry_partial,71.32234415914995,0.050010616632955196,7.0
1699982220000.0,457517,1699982220000.0,0.0002793855949937307,-5.5704e-05,1426.144289902748,1426.162006358003,-0.3,0.9284,76.6,0.9274687146833542,long_nclose,71.04410354474493,0.04981550888486157,0.0
1699982520000.0,457522,1699982520000.0,0.04834754954793507,-0.0035526000000000004,1426.189084852296,1426.3576337580032,-19.1,0.93,57.5,0.9274687146833542,long_nclose,53.32945109429287,0.037392973807407845,5.0
1699983360000.0,457536,1699983360000.0,0.0,-0.003599088,1426.185485764296,1426.269934670003,19.4,0.9276,76.9,0.92750183477624,long_ientry_partial,71.32489109429287,0.05001095005259411,14.0
1699983480000.0,457538,1699983480000.0,0.049884772296191926,-0.003571584,1426.231798952592,1426.479803086003,-19.2,0.9301,57.7,0.92750183477624,long_nclose,53.516855866589054,0.037523252465616885,2.0
1699984080000.0,457548,1699984080000.0,0.037413579222143944,-0.0026786880000000002,1426.2665338438142,1426.396354398003,-14.4,0.9301,43.3,0.92750183477624,long_nclose,40.16082944581119,0.028158011488621994,10.0
1699984260000.0,457551,1699984260000.0,0.0,-0.006234816000000001,1426.2602990278142,1426.257829582003,33.6,0.9278,76.9,0.9276321124292741,long_ientry_partial,71.33490944581119,0.05001535098076796,3.0
1699987860000.0,457611,1699987860000.0,0.0,-0.019570824000000004,1426.2407282038141,1422.606258758003,109.2,0.8961,186.1,0.909129658494418,long_rentry,169.18902944581117,0.11862585754291652,60.0
1699987980000.0,457613,1699987980000.0,0.0,-0.04632288,1426.1944053238142,1422.326525878003,264.4,0.876,450.5,0.8896857479374276,long_rentry,400.80342944581116,0.2810300110206993,2.0
1699988580000.0,457623,1699988580000.0,0.28310478224565067,-0.020092344,1426.4574177620598,1427.104243534003,-112.6,0.8922,337.9,0.8896857479374276,long_nclose,300.6248142280568,0.21074923827708855,10.0
1699988640000.0,457624,1699988640000.0,0.2122028740811094,-0.015060336000000002,1426.654560300141,1427.418673198003,-84.4,0.8922,253.5,0.8896857479374276,long_nclose,225.5353371021379,0.15808685814924223,1.0
1699989900000.0,457645,1699989900000.0,0.15915215556083204,-0.011295252,1426.8024172037017,1427.4518079460029,-63.3,0.8922,190.2,0.8896857479374276,long_nclose,169.2182292576987,0.11859962333771387,21.0
1699990320000.0,457652,1699990320000.0,0.4954235807670875,-0.0113803,1427.2864604844688,1428.226587646003,-63.4,0.8975,126.8,0.8896857479374276,long_nclose,112.81215283846582,0.07903960134265801,7.0
1699990380000.0,457653,1699990380000.0,0.3297614370405535,-0.0075749,1427.6086470215093,1428.261272746003,-42.2,0.8975,84.6,0.8896857479374276,long_nclose,75.26741427550637,0.05272272231787087,1.0
1699990440000.0,457654,1699990440000.0,0.2203619081645405,-0.0050619,1427.8239470296737,1428.2703108460028,-28.2,0.8975,56.4,0.8896857479374276,long_nclose,50.17827618367092,0.03514318154423564,1.0
1699990500000.0,457655,1699990500000.0,0.0,-0.004146912000000001,1427.8198001176738,1428.2979639340028,23.1,0.8976,79.5,0.8919853608008921,long_ientry_partial,70.91283618367092,0.04966511612867859,1.0
1699990620000.0,457657,1699990620000.0,0.20708793877636106,-0.00476894,1428.02211911645,1428.4627949940027,-26.5,0.8998,53.0,0.8919853608008921,long_nclose,47.27522412244728,0.033105386456967166,2.0
1699990680000.0,457658,1699990680000.0,0.0,-0.004735578000000001,1428.01738353845,1428.4263394160027,26.3,0.9003,79.3,0.894742927143093,long_ientry_partial,70.95311412244727,0.049686449857237906,1.0
1699990860000.0,457661,1699990860000.0,0.20742672342234358,-0.0047657279999999995,1428.2200445338724,1428.6356836880027,-26.4,0.9026,52.9,0.894742927143093,long_nclose,47.33190084586962,0.03314048211759786,3.0
1699990920000.0,457662,1699990920000.0,0.0,-0.004729624,1428.2153149098724,1428.6230440640027,26.2,0.9026,79.1,0.8973453962815375,long_ientry_partial,70.98002084586962,0.049698403388391627,1.0
1699990920000.0,457662,1699990920000.0,0.09248102544493869,-0.0031771520000000004,1428.3046187833172,1428.6216269120027,-17.6,0.9026,61.5,0.8973453962815375,long_nclose,55.18674187131456,0.0386379355955067,0.0
1699991100000.0,457665,1699991100000.0,0.16101937622848067,-0.00371132,1428.4619268395456,1428.8044655920025,-20.5,0.9052,41.0,0.8973453962815375,long_nclose,36.79116124754304,0.02575578708558444,3.0
1699991160000.0,457666,1699991160000.0,0.0,-0.0068652059999999996,1428.4550616335457,1428.6950303860026,37.9,0.9057,78.9,0.9013585709447787,long_ientry_partial,71.11719124754305,0.04978608929161215,1.0
1699992060000.0,457681,1699992060000.0,0.05006615238786093,-0.0035613660000000003,1428.5015664199336,1428.6993790200027,-19.7,0.9039,59.2,0.9013585709447787,long_nclose,53.3604273999309,0.03735412592767479,15.0
1699992240000.0,457684,1699992240000.0,0.15447615238786036,-0.003582248,1428.6524603243215,1428.9700967720028,-19.7,0.9092,39.5,0.9013585709447787,long_nclose,35.60366355231876,0.024921150903443857,3.0
1699992300000.0,457685,1699992300000.0,0.0,-0.00709332,1428.6453670043215,1428.9865534520027,39.0,0.9094,78.5,0.9053536758257166,long_ientry_partial,71.07026355231875,0.04974660975616615,1.0
1699992660000.0,457691,1699992660000.0,0.20739906094879743,-0.004767426000000001,1428.8479986392704,1429.3167860260028,-26.1,0.9133,52.4,0.9053536758257166,long_nclose,47.44053261326755,0.033201944964367396,6.0
1699992720000.0,457692,1699992720000.0,0.0,-0.0046995019999999995,1428.8432991372704,1429.3120865240028,25.7,0.9143,78.1,0.9082976006820429,long_ientry_partial,70.93804261326754,0.049647181504157686,1.0
1699992900000.0,457695,1699992900000.0,0.20546238226688485,-0.00476424,1429.0439972795373,1429.4817622840028,-26.0,0.9162,52.1,0.9082976006820429,long_nclose,47.32230499553444,0.03311465923066164,3.0
1699992960000.0,457696,1699992960000.0,0.0,-0.0047301719999999995,1429.0392671075372,1429.5081921120027,25.8,0.9167,77.9,0.9110804235627014,long_ientry_partial,70.97316499553445,0.049664950872335696,1.0
1699994220000.0,457717,1699994220000.0,0.04887978288359302,-0.003544768,1429.0846021224208,1429.3021973440027,-19.4,0.9136,58.5,0.9110804235627014,long_nclose,53.29820477841803,0.037295346055273154,21.0
1699994520000.0,457722,1699994520000.0,0.0,-0.003586016,1429.0810161064207,1429.2439413280026,19.6,0.9148,78.1,0.9120138896084256,long_ientry_partial,71.22828477841803,0.04984202013436711,5.0
1699994580000.0,457723,1699994580000.0,0.048479152635701295,-0.0035665500000000004,1429.1259287090566,1429.2012947780029,-19.5,0.9145,58.6,0.9120138896084256,long_nclose,53.44401393105374,0.03739629437647265,1.0
1699994640000.0,457724,1699994640000.0,0.0,-0.0035801360000000003,1429.1223485730566,1429.150794642003,19.6,0.9133,78.2,0.9123362395275414,long_ientry_partial,71.34469393105374,0.04992203361894778,1.0
1699997700000.0,457775,1699997700000.0,0.04999332921294375,-0.00356811,1429.1687737922693,1429.3720965320026,-19.5,0.9149,58.7,0.9123362395275414,long_nclose,53.554137260266685,0.03747222738302762,51.0
1699997760000.0,457776,1699997760000.0,0.0,-0.003534988,1429.1652388042694,1429.3373615440028,19.3,0.9158,78.0,0.9131932982085472,long_ientry_partial,71.22907726026668,0.049839637381511925,1.0
1699998120000.0,457782,1699998120000.0,0.04888068493332837,-0.00357123,1429.2105482592026,1429.2694403140026,-19.5,0.9157,58.5,0.9131932982085472,long_nclose,53.421807945200015,0.03737854300772443,6.0
1699998180000.0,457783,1699998180000.0,0.0,-0.003601948,1429.2069463112025,1429.2892983660024,19.7,0.9142,78.2,0.9134469046700768,long_ientry_partial,71.43154794520001,0.04997984940499033,1.0
1699998600000.0,457790,1699998600000.0,0.0497853589335025,-0.0035724000000000007,1429.2531592701362,1429.4088959660025,-19.5,0.916,58.7,0.9134469046700768,long_nclose,53.61933330413351,0.037515630423034935,7.0
1699998660000.0,457791,1699998660000.0,0.0,-0.003534988,1429.2496242821362,1429.3799509780026,19.3,0.9158,78.0,0.9140291449247886,long_ientry_partial,71.29427330413351,0.04988231033465705,1.0
1699998960000.0,457796,1699998960000.0,0.050131673966621826,-0.00357474,1429.296181216103,1429.4641262380028,-19.5,0.9166,58.5,0.9140291449247886,long_nclose,53.47070497810013,0.03741051412633391,5.0
1700000640000.0,457824,1700000640000.0,0.0,-0.0035724000000000007,1429.292608816103,1429.3689038380028,19.5,0.916,78.0,0.9145218586935914,long_ientry_partial,71.33270497810013,0.04990769877218192,28.0
1700000880000.0,457828,1700000880000.0,0.05027375547496876,-0.00357669,1429.339305881578,1429.449177148003,-19.5,0.9171,58.5,0.9145218586935914,long_nclose,53.4995287335751,0.03742955120133496,4.0
1700001000000.0,457830,1700001000000.0,0.0,-0.0035724000000000007,1429.335733481578,1429.406604748003,19.5,0.916,78.0,0.9148913940201935,long_ientry_partial,71.36152873357508,0.049926358840657103,2.0
1700001540000.0,457839,1700001540000.0,0.04891781660622696,-0.00357786,1429.3810734381843,1429.609726888003,-19.5,0.9174,58.5,0.9148913940201935,long_nclose,53.52114655018132,0.0374435813827053,9.0
1700003940000.0,457879,1700003940000.0,0.15616781660622814,-0.0035993100000000005,1429.5336419447906,1429.857677578003,-19.5,0.9229,39.0,0.9148913940201935,long_nclose,35.68076436678754,0.024959723450961327,40.0
1700004060000.0,457881,1700004060000.0,0.10411187773748543,-0.00239954,1429.6353542825282,1429.8617780380032,-13.0,0.9229,26.0,0.9148913940201935,long_nclose,23.787176244525032,0.01663863178346116,2.0
1700004360000.0,457886,1700004360000.0,0.0688740114263365,-0.0015873880000000001,1429.7026409059545,1429.8437306500032,-8.6,0.9229,17.4,0.9148913940201935,long_nclose,15.919110255951365,0.011134560292806035,5.0
1700005860000.0,457911,1700005860000.0,0.04644991468287811,-0.0010705640000000002,1429.7480202566373,1429.829320086003,-5.8,0.9229,11.6,0.9148913940201935,long_nclose,10.612740170634243,0.007422804592328985,25.0
1700006460000.0,457921,1700006460000.0,0.030432702723264968,-0.0007014040000000001,1429.7777515553607,1429.8409986820031,-3.8,0.9229,7.8,0.9148913940201935,long_nclose,7.136152873357509,0.0049910924027140305,10.0
1700006640000.0,457924,1700006640000.0,0.020822375547497086,-0.00047990800000000003,1429.7980940229083,1429.8438987740033,-2.6,0.9229,5.2,0.9148913940201935,long_nclose,4.757435248905006,0.0033273475945959554,3.0
1700006880000.0,457928,1700006880000.0,0.01361463016567117,-0.00031378600000000003,1429.811394867074,1429.8432749880033,-1.7,0.9229,3.5,0.9148913940201935,long_nclose,3.2021198790706773,0.0022395400474258848,4.0
1700007060000.0,457931,1700007060000.0,0.00880946657778723,-0.00020303800000000003,1429.8200012956515,1429.838981950003,-1.1,0.9229,2.4,0.9148913940201935,long_nclose,2.195739345648464,0.001535675360296236,3.0
1700007120000.0,457932,1700007120000.0,0.006406884783845258,-0.00014766400000000001,1429.8262605164355,1429.843234286003,-0.8,0.9229,1.6,0.9148913940201935,long_nclose,1.4638262304323097,0.0010237790918062968,1.0
1700007300000.0,457935,1700007300000.0,0.010726884783845226,-0.000148528,1429.8368388732194,1429.8486857580033,-0.8,0.9283,0.8,0.9148913940201935,long_nclose,0.7319131152161549,0.0005118857587925471,3.0
1700007420000.0,457937,1700007420000.0,0.015126884783845185,-0.00014940800000000002,1429.8518163500032,1429.8518163500032,-0.8,0.9338,0.0,0.9148913940201935,long_nclose,0.0,0.0,2.0
1700012580000.0,458023,1700012580000.0,0.0,-0.014304308000000002,1429.8375120420033,1429.8141720420033,77.8,0.9193,77.8,0.9193,long_ientry_normal,71.52154,0.050020746691599574,86.0
1700013720000.0,458042,1700013720000.0,0.0504400000000009,-0.0035769720000000003,1429.8843750700032,1430.0654150700032,-19.4,0.9219,58.4,0.9193,long_nclose,53.68712,0.03754647643965731,19.0
1700013840000.0,458044,1700013840000.0,0.0,-0.003566496,1429.8808085740031,1429.8827485740032,19.4,0.9192,77.8,0.9192750642673522,long_ientry_partial,71.5196,0.05001787531600297,2.0
1700014500000.0,458055,1700014500000.0,0.04898375321336696,-0.003576584,1429.9262157432165,1430.1437519900032,-19.4,0.9218,58.4,0.9192750642673522,long_nclose,53.68566375321337,0.03754435939571174,11.0
1700014680000.0,458058,1700014680000.0,0.0,-0.003566108,1429.9226496352164,1429.896865882003,19.4,0.9191,77.8,0.9192314107096834,long_ientry_partial,71.51620375321336,0.050014036613419376,3.0
1700015760000.0,458076,1700015760000.0,0.04983063223214123,-0.003576584,1429.9689036834486,1430.1130692980032,-19.4,0.9218,58.4,0.9192314107096834,long_nclose,53.683114385445506,0.037541455794712374,18.0
1700015820000.0,458077,1700015820000.0,0.037501403638621755,-0.0026916559999999997,1430.0037134310871,1430.054897642003,-14.6,0.9218,43.8,0.9192314107096834,long_nclose,40.26233578908413,0.028155406458687075,1.0
1700016060000.0,458081,1700016060000.0,0.02799762326445049,-0.002009524,1430.0297015303515,1430.117498118003,-10.9,0.9218,32.9,0.9192314107096834,long_nclose,30.242713412348582,0.021148311381214133,4.0
1700016240000.0,458084,1700016240000.0,0.0,-0.008253518,1430.0214480123516,1429.970444600003,44.9,0.9191,77.8,0.9191555708528096,long_ientry_partial,71.51030341234859,0.05000645515614038,3.0
1700016540000.0,458089,1700016540000.0,0.0493619254554924,-0.003576196,1430.067233741807,1430.2158284040029,-19.4,0.9217,58.4,0.9191555708528096,long_nclose,53.67868533780408,0.03753577738953744,5.0
1700016660000.0,458091,1700016660000.0,0.03714866554897882,-0.002691364,1430.1016910433561,1430.252557040003,-14.6,0.9217,43.8,0.9191555708528096,long_nclose,40.25901400335306,0.02815115474339547,2.0
1700016960000.0,458096,1700016960000.0,0.0,-0.0062505600000000005,1430.0954404833562,1430.1285064800031,34.0,0.9192,77.8,0.919174987189628,long_ientry_partial,71.51181400335305,0.05000492413232425,5.0
1700017740000.0,458109,1700017740000.0,0.0489852485212165,-0.003576196,1430.1408495358774,1430.2299102840032,-19.4,0.9217,58.4,0.919174987189628,long_nclose,53.67981925187427,0.037534638122738016,13.0
1700017860000.0,458111,1700017860000.0,0.036865187031430977,-0.002691364,1430.175023358909,1430.2812389200033,-14.6,0.9217,43.8,0.919174987189628,long_nclose,40.2598644389057,0.028150305928536908,2.0
1700018100000.0,458115,1700018100000.0,0.0,-0.0062505600000000005,1430.168772798909,1430.1932083600034,34.0,0.9192,77.8,0.9191859182378626,long_ientry_partial,71.5126644389057,0.050002954755439095,4.0
1700024340000.0,458219,1700024340000.0,0.04877318618546575,-0.003576196,1430.2139697890943,1430.3607921640032,-19.4,0.9217,58.4,0.9191859182378626,long_nclose,53.68045762509117,0.03753316549761231,104.0
1700024400000.0,458220,1700024400000.0,0.036705593727206186,-0.002691364,1430.2479840188216,1430.3581008000033,-14.6,0.9217,43.8,0.9191859182378626,long_nclose,40.26034321881838,0.02814920466148237,1.0
1700024460000.0,458221,1700024460000.0,0.02740349120729777,-0.002009306,1430.2733782040289,1430.356091494003,-10.9,0.9217,32.9,0.9191859182378626,long_nclose,30.241216710025675,0.021143661883715602,1.0
1700024520000.0,458222,1700024520000.0,0.02061547044952676,-0.001511588,1430.2924820864782,1430.359519906003,-8.2,0.9217,24.7,0.9191859182378626,long_nclose,22.703892180475204,0.015873601004568857,1.0
1700025420000.0,458237,1700025420000.0,0.0,-0.009763264,1430.2827188224783,1430.142276642003,53.2,0.9176,77.9,0.9181028521242002,long_ientry_partial,71.5202121804752,0.05000424827851957,15.0
1700026620000.0,458257,1700026620000.0,0.05038466879051588,-0.0035723159999999994,1430.3295311752688,1430.557514326003,-19.4,0.9207,58.5,0.9181028521242002,long_nclose,53.70901684926571,0.03755009994454512,20.0
1700026800000.0,458260,1700026800000.0,0.0379183589866769,-0.002688444,1430.3647610902556,1430.4831658820033,-14.6,0.9207,43.9,0.9181028521242002,long_nclose,40.30471520825239,0.028177927969597942,3.0
1700026980000.0,458263,1700026980000.0,0.02830891184621769,-0.002007126,1430.3910628761016,1430.493268756003,-10.9,0.9207,33.0,0.9181028521242002,long_nclose,30.297394120098605,0.021181196461881782,3.0
1700027640000.0,458274,1700027640000.0,0.08796862663379845,-0.0020374200000000003,1430.4769940827352,1430.6595313360028,-11.0,0.9261,22.0,0.9181028521242002,long_nclose,20.198262746732404,0.014119949380719775,11.0
1700028000000.0,458280,1700028000000.0,0.05837917949333897,-0.001352106,1430.5340211562286,1430.6309992300028,-7.3,0.9261,14.7,0.9181028521242002,long_nclose,13.496111926225742,0.009434317343475352,6.0
1700030280000.0,458318,1700030280000.0,0.039186024591419316,-0.0009075780000000002,1430.57229960282,1430.650671652003,-4.9,0.9261,9.8,0.9181028521242002,long_nclose,8.997407950817163,0.006289376603555917,38.0
1700030340000.0,458319,1700030340000.0,0.025590873202559553,-0.0005927040000000001,1430.5972977720228,1430.648758948003,-3.2,0.9261,6.6,0.9181028521242002,long_nclose,6.059478824019721,0.004235628596151136,1.0
1700030400000.0,458320,1700030400000.0,0.017593725326759693,-0.0004074840000000001,1430.6144840133495,1430.648351464003,-2.2,0.9261,4.4,0.9181028521242002,long_nclose,4.039652549346481,0.0028237184751645408,1.0
1700030820000.0,458327,1700030820000.0,0.011196007026119802,-0.00025930800000000003,1430.6254207123757,1430.652712156003,-1.4,0.9261,3.0,0.9181028521242002,long_nclose,2.7543085563726004,0.0019252478786523314,7.0
1700031000000.0,458330,1700031000000.0,0.00799714787579986,-0.00018522000000000002,1430.6332326402514,1430.649426936003,-1.0,0.9261,2.0,0.9181028521242002,long_nclose,1.8362057042484003,0.0012834915772644677,3.0
1700031360000.0,458336,1700031360000.0,0.004798288725479915,-0.00011113200000000002,1430.6379197969768,1430.648135804003,-0.6,0.9261,1.4,0.9181028521242002,long_nclose,1.2853439929738801,0.000898441160539268,6.0
1700031480000.0,458338,1700031480000.0,0.003198859150319944,-7.408800000000001e-05,1430.6410445681272,1430.648941716003,-0.4,0.9261,1.0,0.9181028521242002,long_nclose,0.9181028521242002,0.0006417422844186266,2.0
1700031540000.0,458339,1700031540000.0,0.0023991443627399576,-5.556600000000001e-05,1430.64338814649,1430.649266150003,-0.3,0.9261,0.7,0.9181028521242002,long_nclose,0.6426719964869401,0.0004492188632134048,1.0
1700032680000.0,458358,1700032680000.0,0.004049144362739942,-5.5896e-05,1430.6473813948528,1430.6531402540031,-0.3,0.9316,0.4,0.9181028521242002,long_nclose,0.36724114084968007,0.00025669577676899476,19.0
1700033100000.0,458365,1700033100000.0,0.002699429575159962,-3.726400000000001e-05,1430.650043560428,1430.6529029900032,-0.2,0.9316,0.2,0.9181028521242002,long_nclose,0.18362057042484003,0.00012834764955367244,7.0
1700034000000.0,458380,1700034000000.0,0.003799429575159974,-3.748400000000001e-05,1430.6538055060032,1430.6538055060032,-0.2,0.9371,0.0,0.9181028521242002,long_nclose,0.0,0.0,15.0
1700111460000.0,459671,1700111460000.0,0.0,-0.014307,1430.6394985060033,1430.8269985060033,75.0,0.9538,75.0,0.9538,long_ientry_normal,71.535,0.05000211449124884,1291.0
1700111520000.0,459672,1700111520000.0,0.04862000000000087,-0.003576936,1430.6845415700034,1430.8365515700034,-18.7,0.9564,56.3,0.9538,long_nclose,53.69893999999999,0.037533738877944325,1.0
1700111880000.0,459678,1700111880000.0,0.036400000000000654,-0.00267792,1430.7182636500033,1430.8113236500033,-14.0,0.9564,42.3,0.9538,long_nclose,40.34574,0.02819964001652654,6.0
1700112360000.0,459686,1700112360000.0,0.02730000000000049,-0.0020084400000000002,1430.7435552100033,1430.8294152100032,-10.5,0.9564,31.8,0.9538,long_nclose,30.33084,0.021199354621973514,8.0
1700112720000.0,459692,1700112720000.0,0.02054000000000037,-0.0015111120000000002,1430.7625840980033,1430.8557940980033,-7.9,0.9564,23.9,0.9538,long_nclose,22.79582,0.015932636381018578,6.0
1700112840000.0,459694,1700112840000.0,0.015340000000000277,-0.0011285520000000003,1430.7767955460033,1430.8307955460034,-5.9,0.9564,18.0,0.9538,long_nclose,17.1684,0.011999355911729272,2.0
1700113740000.0,459709,1700113740000.0,0.01170000000000021,-0.00086076,1430.7876347860033,1430.8389347860034,-4.5,0.9564,13.5,0.9538,long_nclose,12.8763,0.008999448756017417,15.0
1700114100000.0,459715,1700114100000.0,0.008580000000000153,-0.000631224,1430.7955835620032,1430.8272035620032,-3.3,0.9564,10.2,0.9538,long_nclose,9.72876,0.00679954572950246,6.0
1700117640000.0,459774,1700117640000.0,0.028219999999999912,-0.000654228,1430.8231493340031,1430.881629334003,-3.4,0.9621,6.8,0.9538,long_nclose,6.48584,0.004532943154448491,59.0
1700118420000.0,459787,1700118420000.0,0.04760000000000004,-0.000658104,1430.8700912300033,1430.9163312300032,-3.4,0.9678,3.4,0.9538,long_nclose,3.24292,0.002266397222135186,13.0
1700118480000.0,459788,1700118480000.0,0.02380000000000002,-0.000329052,1430.893562178003,1430.917702178003,-1.7,0.9678,1.7,0.9538,long_nclose,1.62146,0.0011331800232100633,1.0
1700119200000.0,459800,1700119200000.0,0.01120000000000001,-0.00015484800000000002,1430.904607330003,1430.916037330003,-0.8,0.9678,0.9,0.9538,long_nclose,0.85842,0.0005999142050438772,12.0
1700119620000.0,459807,1700119620000.0,0.005600000000000005,-7.742400000000001e-05,1430.910129906003,1430.918429906003,-0.4,0.9678,0.5,0.9538,long_nclose,0.4769,0.00033328438315782116,7.0
1700119980000.0,459813,1700119980000.0,0.0028000000000000026,-3.8712000000000005e-05,1430.912891194003,1430.9167011940028,-0.2,0.9678,0.3,0.9538,long_nclose,0.28614,0.0001999702440036269,6.0
1700120280000.0,459818,1700120280000.0,0.0014000000000000013,-1.9356000000000002e-05,1430.914271838003,1430.917351838003,-0.1,0.9678,0.2,0.9538,long_nclose,0.19076,0.000133313367372435,5.0
1700120760000.0,459826,1700120760000.0,0.00394000000000001,-3.894e-05,1430.9181728980031,1430.9181728980031,-0.2,0.9735,0.0,0.9538,long_nclose,0.0,0.0,8.0
1700123220000.0,459867,1700123220000.0,0.0,-0.014300264,1430.9038726340032,1430.6196326340032,74.8,0.9559,74.8,0.9559,long_ientry_normal,71.50131999999999,0.04996933851914217,41.0
1700123760000.0,459876,1700123760000.0,0.050490000000000666,-0.0035851639999999996,1430.9507774700032,1431.1246874700032,-18.7,0.9586,56.1,0.9559,long_nclose,53.62599,0.03747577543849104,9.0
1700124060000.0,459881,1700124060000.0,0.0378000000000005,-0.00268408,1430.9858933900032,1431.1416633900033,-14.0,0.9586,42.1,0.9559,long_nclose,40.24339,0.02812284187139223,5.0
1700124780000.0,459893,1700124780000.0,0.028350000000000375,-0.00201306,1431.0122303300031,1431.1196703300031,-10.5,0.9586,31.6,0.9559,long_nclose,30.20644,0.021108442932758268,12.0
1700125080000.0,459898,1700125080000.0,0.0,-0.008259840000000001,1431.0039704900032,1430.8874504900032,43.2,0.956,74.8,0.9559577540106953,long_ientry_partial,71.50564,0.04996886205390129,5.0
1700130120000.0,459982,1700130120000.0,0.04940999999999857,-0.0035851639999999996,1431.0497953260033,1431.2316853260033,-18.7,0.9586,56.1,0.9559577540106953,long_nclose,53.62923000000001,0.03747544646954992,84.0
1700130660000.0,459991,1700130660000.0,0.15599999999999928,-0.003606482,1431.2021888440033,1431.5141888440032,-18.7,0.9643,37.4,0.9559577540106953,long_nclose,35.75282,0.02498097073822806,9.0
1700130720000.0,459992,1700130720000.0,0.10344385026737922,-0.0023914640000000003,1431.3032412302707,1431.4917973800034,-12.4,0.9643,25.0,0.9559577540106953,long_nclose,23.898943850267383,0.01669733090922448,1.0
1700131020000.0,459997,1700131020000.0,0.016381925133689367,-0.001188664,1431.3184344914043,1431.3643487160032,-6.2,0.9586,18.8,0.9559577540106953,long_nclose,17.972005775401072,0.012556259559241358,5.0
1700131080000.0,459998,1700131080000.0,0.012418556149732264,-0.000901084,1431.329951963554,1431.3813076320032,-4.7,0.9586,14.1,0.9559577540106953,long_nclose,13.479004331550803,0.009417118892160245,1.0
1700131320000.0,460002,1700131320000.0,0.009247860962566579,-0.00067102,1431.3385288045167,1431.3707766120033,-3.5,0.9586,10.6,0.9559577540106953,long_nclose,10.13315219251337,0.007079493766563237,4.0
1700131980000.0,460013,1700131980000.0,0.006869839572192316,-0.000498472,1431.344900172089,1431.3668381400034,-2.6,0.9586,8.0,0.9559577540106953,long_nclose,7.647662032085562,0.005342990380002816,11.0
1700132220000.0,460017,1700132220000.0,0.0,-0.012780576000000002,1431.332119596089,1431.3859775640033,66.9,0.9552,74.9,0.955280935007818,long_ientry_partial,71.55054203208557,0.04998877692500647,4.0
1700132640000.0,460024,1700132640000.0,0.04897651535380354,-0.0035825460000000003,1431.3775135654428,1431.6146250180034,-18.7,0.9579,56.2,0.955280935007818,long_nclose,53.68678854743937,0.037507078348401626,7.0
1700133360000.0,460036,1700133360000.0,0.15556651535380425,-0.0036038640000000005,1431.5294762167964,1431.8076911540034,-18.7,0.9636,37.5,0.955280935007818,long_nclose,35.823035062793174,0.02502430837642633,12.0
1700134380000.0,460053,1700134380000.0,0.0,-0.0071463920000000005,1431.5223298247963,1431.5717347620032,37.4,0.9554,74.9,0.9553403880212706,long_ientry_partial,71.55499506279318,0.04998524547748465,17.0
1700134620000.0,460057,1700134620000.0,0.049734744002238394,-0.0035829200000000003,1431.5684816487985,1431.729191842003,-18.7,0.958,56.2,0.9553403880212706,long_nclose,53.69012980679541,0.03750440897173022,4.0
1700134860000.0,460061,1700134860000.0,0.037234567702210564,-0.0026824,1431.6030338165008,1431.7785694420031,-14.0,0.958,42.2,0.9553403880212706,long_nclose,40.315364374497626,0.028160993950272075,4.0
1700135100000.0,460065,1700135100000.0,0.027925925776657923,-0.0020118,1431.6289479422774,1431.700577642003,-10.5,0.958,31.7,0.9553403880212706,long_nclose,30.28429030027428,0.02115372865560087,4.0
1700135160000.0,460066,1700135160000.0,0.021010934631961676,-0.0015136400000000001,1431.6484452369093,1431.735544002003,-7.9,0.958,23.8,0.9553403880212706,long_nclose,22.73710123490624,0.015881762949942438,1.0
1700135280000.0,460068,1700135280000.0,0.015691710674503024,-0.0011304400000000001,1431.6630065075838,1431.733883562003,-5.9,0.958,17.9,0.9553403880212706,long_nclose,17.100592945580743,0.011944565772706622,2.0
1700135400000.0,460070,1700135400000.0,0.011702292706409035,-0.0008430400000000001,1431.67386576029,1431.7394705220029,-4.4,0.958,13.5,0.9553403880212706,long_nclose,12.897095238287154,0.00900840306352743,2.0
1700135520000.0,460072,1700135520000.0,0.0,-0.011732312000000002,1431.66213344829,1431.6105082100028,61.4,0.9554,74.9,0.9553892555178525,long_ientry_partial,71.55865523828716,0.049982920946530555,2.0
1700135880000.0,460078,1700135880000.0,0.048820921816158,-0.0035829200000000003,1431.707371450106,1431.8597152900027,-18.7,0.958,56.2,0.9553892555178525,long_nclose,53.69287616010331,0.03750268890892169,6.0
1700136060000.0,460081,1700136060000.0,0.0,-0.0035731960000000003,1431.703798254106,1431.6444820940028,18.7,0.9554,74.9,0.9553919380521135,long_ientry_partial,71.5588561601033,0.04998160670340184,3.0
1700148420000.0,460287,1700148420000.0,0.048770758425476256,-0.0035829200000000003,1431.7489860925314,1431.9686191740027,-18.7,0.958,56.2,0.9553919380521135,long_nclose,53.69302691852878,0.03750170416747807,206.0
1700148540000.0,460289,1700148540000.0,0.03651286727041003,-0.0026824,1431.7828165598019,1431.8886567740026,-14.0,0.958,42.2,0.9553919380521135,long_nclose,40.31753978579919,0.028158977269102624,2.0
1700148600000.0,460290,1700148600000.0,0.027384650452807524,-0.0020118,1431.8081894102547,1431.8781849740028,-10.5,0.958,31.7,0.9553919380521135,long_nclose,30.285924436252,0.021152221827091533,1.0
1700148660000.0,460291,1700148660000.0,0.020603689388302805,-0.0015136400000000001,1431.827279459643,1431.8917313340028,-7.9,0.958,23.8,0.9553919380521135,long_nclose,22.738328125640304,0.01588063619951529,1.0
1700149320000.0,460302,1700149320000.0,0.0,-0.009795744,1431.817483715643,1431.5570155900027,51.6,0.9492,75.4,0.9511544844249378,long_ientry_partial,71.71704812564032,0.05008812152477056,11.0
1700154420000.0,460387,1700154420000.0,0.0497356928111695,-0.0035862880000000004,1431.8636331204543,1432.007709302003,-18.8,0.9538,56.6,0.9511544844249378,long_nclose,53.83534381845148,0.03759809424108938,85.0
1700154480000.0,460388,1700154480000.0,0.03730176960837712,-0.002689716,1431.8982451740626,1432.0106795860027,-14.1,0.9538,42.5,0.9511544844249378,long_nclose,40.424065588059854,0.02823110212216642,1.0
1700154540000.0,460389,1700154540000.0,0.028042465095659396,-0.002022056,1431.9242655831583,1432.008657530003,-10.6,0.9538,31.9,0.9511544844249378,long_nclose,30.341828053155513,0.02118954806649544,1.0
1700154600000.0,460390,1700154600000.0,0.020899573042991438,-0.0015070040000000002,1431.9436581522014,1431.9927505260027,-7.9,0.9538,24.0,0.9511544844249378,long_nclose,22.827707626198507,0.015941763837032302,1.0
1700154660000.0,460391,1700154660000.0,0.015873093450373243,-0.00114456,1431.9583866856517,1432.0186059660027,-6.0,0.9538,18.0,0.9511544844249378,long_nclose,17.12078071964888,0.011956199899967688,1.0
1700154780000.0,460393,1700154780000.0,0.011904820087779933,-0.0008584199999999999,1431.9694330857394,1432.0064975460027,-4.5,0.9538,13.5,0.9511544844249378,long_nclose,12.84058553973666,0.008967080751204714,2.0
1700155080000.0,460398,1700155080000.0,0.037554820087780105,-0.00086355,1432.006124355827,1432.0848339960025,-4.5,0.9595,9.0,0.9511544844249378,long_nclose,8.56039035982444,0.005977900662733019,5.0
1700155440000.0,460404,1700155440000.0,0.06275482008777983,-0.00086859,1432.0680105859149,1432.1307654060026,-4.5,0.9651,4.5,0.9511544844249378,long_nclose,4.28019517991222,0.002988821165107253,6.0
1700155500000.0,460405,1700155500000.0,0.030680134265136806,-0.000424644,1432.09826607618,1432.1298807620026,-2.2,0.9651,2.3,0.9511544844249378,long_nclose,2.187655314177357,0.0015275874330686365,1.0
1700155620000.0,460407,1700155620000.0,0.015340067132568403,-0.000212322,1432.1133938213125,1432.1286884400026,-1.1,0.9651,1.2,0.9511544844249378,long_nclose,1.1413853813099253,0.0007969937200743324,2.0
1700155740000.0,460409,1700155740000.0,0.00836730934503731,-0.00011581199999999998,1432.1216453186573,1432.1299526280025,-0.6,0.9651,0.6,0.9511544844249378,long_nclose,0.5706926906549626,0.00039849456400610397,2.0
1700155800000.0,460410,1700155800000.0,0.004183654672518655,-5.790599999999999e-05,1432.1257710673299,1432.1297447220024,-0.3,0.9651,0.3,0.9511544844249378,long_nclose,0.2853463453274813,0.00019924670800024733,1.0
1700156220000.0,460417,1700156220000.0,0.0008345515575062246,-1.919e-05,1432.1265864288873,1432.1284155320022,-0.1,0.9595,0.2,0.9511544844249378,long_nclose,0.19023089688498757,0.0001328310630412513,7.0
1700156700000.0,460425,1700156700000.0,0.0008345515575062246,-1.919e-05,1432.1274017904448,1432.1283063420024,-0.1,0.9595,0.1,0.9511544844249378,long_nclose,0.09511544844249378,6.641549370787858e-05,8.0
1700157600000.0,460440,1700157600000.0,0.00026455155750622074,-1.9076e-05,1432.1276472660022,1432.1276472660022,-0.1,0.9538,0.0,0.9511544844249378,long_nclose,0.0,0.0,15.0
1700157900000.0,460445,1700157900000.0,0.0,-0.014313936000000001,1432.1133333300022,1432.211353330002,75.4,0.9492,75.4,0.9492,long_ientry_normal,71.56968,0.04997487163504272,5.0
1700158020000.0,460447,1700158020000.0,0.04887999999999879,-0.0035787680000000004,1432.1586345620024,1432.3114545620024,-18.8,0.9518,56.6,0.9492,long_nclose,53.724720000000005,0.0375131069306653,2.0
1700158680000.0,460458,1700158680000.0,0.0,-0.0035693680000000003,1432.1550651940024,1432.1682651940025,18.8,0.9493,75.4,0.9492249336870026,long_ientry_partial,71.57156,0.04997472811388953,11.0
1700162640000.0,460524,1700162640000.0,0.0,-0.019639998000000002,1432.1354251960024,1430.4281251960024,107.1,0.9169,182.5,0.9302550684931506,long_rentry,169.77155,0.11854434085852252,66.0
1700163960000.0,460546,1700163960000.0,0.11604887671232866,-0.008507136,1432.2429669367148,1432.6187480600024,-45.6,0.9328,136.9,0.9302550684931506,long_nclose,127.35191887671233,0.08891781758865465,22.0
1700164260000.0,460551,1700164260000.0,0.3714088767123309,-0.008558208000000001,1432.605817605427,1433.4133598520025,-45.6,0.9384,91.3,0.9302550684931506,long_nclose,84.93228775342465,0.05928517580319988,5.0
1700164560000.0,460556,1700164560000.0,0.6222088767123286,-0.008608368,1433.2194181141394,1433.8704114840025,-45.6,0.9439,45.7,0.9302550684931506,long_nclose,42.51265663013699,0.0296623504348525,5.0
1700164620000.0,460557,1700164620000.0,0.0,-0.0057047800000000004,1433.2137133341394,1433.8267567040023,30.2,0.9445,75.9,0.9359230122547693,long_ientry_partial,71.03655663013699,0.04956452479433926,1.0
1700164680000.0,460558,1700164680000.0,0.206877789954339,-0.004777146,1433.4158139780939,1433.9054695580026,-25.3,0.9441,50.6,0.9359230122547693,long_nclose,47.35770442009132,0.033038357717473224,1.0
1700164800000.0,460560,1700164800000.0,0.0,-0.004781194,1433.4110327840938,1433.9108083640024,25.3,0.9449,75.9,0.9389153415031795,long_ientry_partial,71.26367442009132,0.04971614756004557,2.0
1700165040000.0,460564,1700165040000.0,0.2070718599695611,-0.004792326000000001,1433.6133123180634,1434.0476960380026,-25.3,0.9471,50.6,0.9389153415031795,long_nclose,47.50911628006088,0.03313942181747852,4.0
1700165580000.0,460573,1700165580000.0,0.0,-0.004781194,1433.6085311240633,1433.7595548440024,25.3,0.9449,75.9,0.9409102276687862,long_ientry_partial,71.41508628006088,0.0498149144132574,9.0
1700165640000.0,460574,1700165640000.0,0.04894669705994128,-0.0035664299999999998,1433.6539113911233,1433.8186284140024,-18.9,0.9435,57.0,0.9409102276687862,long_nclose,53.63188297712081,0.037409225860570466,1.0
1700165700000.0,460575,1700165700000.0,0.0,-0.0035864399999999998,1433.6503249511234,1433.5186419740025,19.0,0.9438,76.0,0.9416326707515896,long_ientry_partial,71.56408297712082,0.049917390406590684,1.0
1700166660000.0,460591,1700166660000.0,0.0487792557197978,-0.0035879600000000007,1433.6955162468432,1433.9045540140025,-19.0,0.9442,57.0,0.9416326707515896,long_nclose,53.67306223284061,0.03743686272615752,16.0
1700166900000.0,460595,1700166900000.0,0.15707925571979642,-0.0036096199999999996,1433.848985882563,1434.1859443940027,-19.0,0.9499,38.0,0.9416326707515896,long_nclose,35.78204148856041,0.02495523715597974,4.0
1700167320000.0,460602,1700167320000.0,0.10416834852997026,-0.002393748,1433.950760483093,1434.1531306460026,-12.6,0.9499,25.4,0.9416326707515896,long_nclose,23.917469837090376,0.016679421983103983,7.0
1700167380000.0,460603,1700167380000.0,0.06944556568664684,-0.0015958320000000002,1434.0186102167797,1434.1591548140027,-8.4,0.9499,17.0,0.9416326707515896,long_nclose,16.007755402777022,0.011162864476603368,1.0
1700167440000.0,460604,1700167440000.0,0.04629704379109789,-0.0010638879999999998,1434.0638433725708,1434.1501109260028,-5.6,0.9499,11.4,0.9416326707515896,long_nclose,10.734612446568121,0.007485449477146648,1.0
1700167500000.0,460605,1700167500000.0,0.031415851143959284,-0.000721924,1434.0945372997148,1434.1604090020028,-3.8,0.9499,7.6,0.9416326707515896,long_nclose,7.156408297712081,0.004990192844041526,1.0
1700168280000.0,460618,1700168280000.0,0.0,-0.012907334000000001,1434.081629965715,1434.0533316680028,68.3,0.9449,75.9,0.944572836596997,long_ientry_partial,71.69307829771208,0.049992327354075425,13.0
1700172960000.0,460696,1700172960000.0,0.04965338831675789,-0.003580416,1434.1277029380317,1434.2888512520028,-18.9,0.9472,57.0,0.944572836596997,long_nclose,53.84065168602883,0.03754243891651207,78.0
1700173680000.0,460708,1700173680000.0,0.15631610465705703,-0.0036206400000000005,1434.2803984026887,1434.6120306120029,-19.0,0.9528,38.0,0.944572836596997,long_nclose,35.893767790685885,0.025025628064539965,12.0
1700175360000.0,460736,1700175360000.0,0.0,-0.0071744,1434.2732240026887,1434.1830562120028,38.0,0.944,76.0,0.9442864182984985,long_ientry_partial,71.76576779068589,0.050036329612572726,28.0
1700180160000.0,460816,1700180160000.0,0.04965805232852849,-0.00359822,1434.3192838350174,1434.508157992003,-19.0,0.9469,57.0,0.9442864182984985,long_nclose,53.824325843014414,0.03752604210904938,80.0
1700180520000.0,460822,1700180520000.0,0.037112860161321294,-0.002689196,1434.3537074991789,1434.4741287960032,-14.2,0.9469,42.8,0.9442864182984985,long_nclose,40.41545870317573,0.028176772920007854,6.0
1700180820000.0,460827,1700180820000.0,0.11663286016132199,-0.0027050999999999998,1434.4676352593403,1434.7225636960034,-14.2,0.9525,28.6,0.9442864182984985,long_nclose,27.006591563337057,0.018826908951803906,5.0
1700181120000.0,460832,1700181120000.0,0.07802902616426471,-0.0018097500000000002,1434.5438545355048,1434.7083739460036,-9.5,0.9525,19.1,0.9442864182984985,long_nclose,18.03587058950132,0.012572547386737933,5.0
1700181300000.0,460835,1700181300000.0,0.051745564719459756,-0.00120015,1434.5943999502244,1434.7008137960036,-6.3,0.9525,12.8,0.9442864182984985,long_nclose,12.08686615422078,0.008425284634207518,3.0
1700181480000.0,460838,1700181480000.0,0.03449704314630651,-0.0008001000000000002,1434.6280968933706,1434.7038936960037,-4.2,0.9525,8.6,0.9442864182984985,long_nclose,8.120863197367086,0.005660605152619336,3.0
1700181900000.0,460845,1700181900000.0,0.05982840131645682,-0.000824052,1434.687101242687,1434.7447796440035,-4.3,0.9582,4.3,0.9442864182984985,long_nclose,4.060431598683543,0.002830186174509067,7.0
1700182200000.0,460850,1700182200000.0,0.029218521573153335,-0.00040244400000000007,1434.7159173202601,1434.7474072000034,-2.1,0.9582,2.2,0.9442864182984985,long_nclose,2.0774301202566967,0.0014479731458872276,5.0
1700182620000.0,460857,1700182620000.0,0.04292987974330336,-0.00042407200000000006,1434.7584231280034,1434.7584231280034,-2.2,0.9638,0.0,0.9442864182984985,long_nclose,0.0,0.0,7.0
1700205660000.0,461241,1700205660000.0,0.0,-0.014350055999999998,1434.7440730720034,1434.5874130720033,74.6,0.9618,74.6,0.9618,long_ientry_normal,71.75027999999999,0.050009114061974703,384.0
1700210880000.0,461328,1700210880000.0,0.05022000000000067,-0.0035879400000000004,1434.7907051320035,1434.9419051320035,-18.6,0.9645,56.0,0.9618,long_nclose,53.8608,0.03753913362231093,87.0
1700210940000.0,461329,1700210940000.0,0.0378000000000005,-0.0027006,1434.8258045320035,1434.9896045320036,-14.0,0.9645,42.0,0.9618,long_nclose,40.3956,0.028153661491455973,1.0
1700211360000.0,461336,1700211360000.0,0.11759999999999948,-0.00271656,1434.9406879720036,1435.1926879720036,-14.0,0.9702,28.0,0.9618,long_nclose,26.9304,0.01876760497889333,7.0
1700212560000.0,461356,1700212560000.0,0.19740000000000002,-0.00273252,1435.1353554520035,1435.3677554520036,-14.0,0.9759,14.0,0.9618,long_nclose,13.4652,0.009382529633073573,20.0
1700212620000.0,461357,1700212620000.0,0.2786000000000004,-0.0027487600000000003,1435.4112066920036,1435.4112066920036,-14.0,0.9817,0.0,0.9618,long_nclose,0.0,0.0,1.0
1700215800000.0,461410,1700215800000.0,0.0,-0.014350055999999998,1435.3968566360036,1435.3744766360037,74.6,0.9618,74.6,0.9618,long_ientry_normal,71.75027999999999,0.049986371133732284,53.0
1700219040000.0,461464,1700219040000.0,0.05022000000000067,-0.0035879400000000004,1435.4434886960037,1435.6114886960036,-18.6,0.9645,56.0,0.9618,long_nclose,53.8608,0.03752206229235024,54.0
1700219460000.0,461471,1700219460000.0,0.15623999999999932,-0.003609144,1435.5961195520038,1435.9551595520038,-18.6,0.9702,37.4,0.9618,long_nclose,35.97132,0.025056713033764198,7.0
1700219580000.0,461473,1700219580000.0,0.10415999999999954,-0.002406096,1435.697873456004,1435.920373456004,-12.4,0.9702,25.0,0.9618,long_nclose,24.044999999999998,0.016747952646972313,2.0
1700220000000.0,461480,1700220000000.0,0.016740000000000223,-0.0011959800000000001,1435.713417476004,1435.782977476004,-6.2,0.9645,18.8,0.9618,long_nclose,18.08184,0.012594324034240777,7.0
1700220960000.0,461496,1700220960000.0,0.012690000000000168,-0.0009066300000000001,1435.725200846004,1435.781600846004,-4.7,0.9645,14.1,0.9618,long_nclose,13.56138,0.009445665502011756,16.0
1700221260000.0,461501,1700221260000.0,0.009450000000000125,-0.00067515,1435.733975696004,1435.745635696004,-3.5,0.9645,10.6,0.9618,long_nclose,10.195079999999999,0.0071009533608464665,5.0
1700221500000.0,461505,1700221500000.0,0.0,-0.012327712000000001,1435.7216479840042,1435.6597679840042,64.1,0.9616,74.7,0.9616283801874163,long_ientry_partial,71.83364,0.05003312452721359,4.0
1700226960000.0,461596,1700226960000.0,0.049692128514058534,-0.0035871960000000004,1435.7677529165185,1435.9625107880045,-18.6,0.9643,56.1,0.9616283801874163,long_nclose,53.947352128514055,0.03757387085684935,91.0
1700227200000.0,461600,1700227200000.0,0.0,-0.0035900259999999996,1435.7641628905185,1435.5924007620044,18.7,0.9599,74.8,0.9611962851405622,long_ientry_partial,71.89748212851406,0.05007610858859169,4.0
1700227320000.0,461602,1700227320000.0,0.05055946787148624,-0.0036049859999999997,1435.8111173723898,1435.9964557760043,-18.7,0.9639,56.1,0.9611962851405622,long_nclose,53.92311159638554,0.03755585323441964,2.0
1700227740000.0,461609,1700227740000.0,0.0,-0.0035900259999999996,1435.8075273463899,1435.7422857500044,18.7,0.9599,74.8,0.9608722138554218,long_ientry_partial,71.87324159638554,0.05005771332681282,7.0
1700228160000.0,461616,1700228160000.0,0.049139600903613447,-0.0036034900000000004,1435.8530634572935,1435.9163322600043,-18.7,0.9635,56.1,0.9608722138554218,long_nclose,53.904931197289166,0.03754209436130959,7.0
1700228280000.0,461618,1700228280000.0,0.03678900602409563,-0.0026978,1435.8871546633175,1435.9472644600041,-14.0,0.9635,42.1,0.9608722138554218,long_nclose,40.452720203313255,0.028172631861727665,2.0
1700228460000.0,461621,1700228460000.0,0.0,-0.006277746000000001,1435.8808769173174,1435.7576667140042,32.7,0.9599,74.8,0.9604471952314608,long_ientry_partial,71.84145020331327,0.05003301552253358,3.0
1700232120000.0,461682,1700232120000.0,0.0,-0.019725028,1435.8611518893174,1433.8175616860042,106.3,0.9278,181.1,0.9412843191789799,long_rentry,170.46659020331325,0.11872080387369766,61.0
1700234760000.0,461726,1700234760000.0,0.0,-0.04667422,1435.8144776693173,1429.649427466004,257.3,0.907,438.4,0.9211626145148569,long_rentry,403.83769020331323,0.2812603553481658,44.0
1700240820000.0,461827,1700240820000.0,0.27809744917167717,-0.020247504,1436.0723276144888,1436.9394999620038,-109.6,0.9237,328.8,0.9211626145148569,long_nclose,302.87826765248496,0.21090739082453241,101.0
1700243700000.0,461875,1700243700000.0,0.2085730868787579,-0.015185628000000001,1436.2657150733676,1436.8667743340038,-82.2,0.9237,246.6,0.9211626145148569,long_nclose,227.15870073936372,0.15815924473819246,48.0
1700243760000.0,461876,1700243760000.0,0.15630294588481128,-0.011379984000000001,1436.4106380352523,1436.7875543500038,-61.6,0.9237,185.0,0.9211626145148569,long_nclose,170.41508368524853,0.11863953048854141,1.0
1700243820000.0,461877,1700243820000.0,0.11722720941360845,-0.008534988,1436.5193302566659,1436.9270393620038,-46.2,0.9237,138.8,0.9211626145148569,long_nclose,127.85737089466215,0.08900497765791819,1.0
1700244120000.0,461882,1700244120000.0,0.08804727633446349,-0.006410478000000001,1436.6009670550004,1436.8963388840039,-34.7,0.9237,104.1,0.9211626145148569,long_nclose,95.8930281709966,0.06674993987201272,5.0
1700244660000.0,461891,1700244660000.0,0.06597202261371904,-0.004803239999999999,1436.6621358376142,1436.8837356440038,-26.0,0.9237,78.1,0.9211626145148569,long_nclose,71.94280019361032,0.05007635295661611,9.0
1700244780000.0,461893,1700244780000.0,0.04947901696028928,-0.0036024299999999998,1436.7080124245745,1436.8801432140037,-19.5,0.9237,58.6,0.9211626145148569,long_nclose,53.98012921057062,0.037572094499197704,2.0
1700244960000.0,461896,1700244960000.0,0.0,-0.0035300620000000005,1436.7044823625745,1436.798913152004,19.1,0.9241,77.7,0.9218846745247182,long_ientry_partial,71.63043921057061,0.04985746205286326,3.0
1700245800000.0,461910,1700245800000.0,0.048797314220466355,-0.0035866720000000004,1436.749693004795,1436.797226480004,-19.4,0.9244,58.3,0.9218846745247182,long_nclose,53.74587652479107,0.037407961029306235,14.0
1700245860000.0,461911,1700245860000.0,0.0,-0.003616984,1436.746076020795,1436.684549496004,19.6,0.9227,77.9,0.9220898141821703,long_ientry_partial,71.83079652479107,0.049995470823719454,1.0
1700247360000.0,461936,1700247360000.0,0.048697604865896,-0.003587448,1436.791186177661,1436.8970820480042,-19.4,0.9246,58.5,0.9220898141821703,long_nclose,53.94225412965696,0.03754355862466081,25.0
1700247420000.0,461937,1700247420000.0,0.0,-0.003566254,1436.7876199236612,1436.8468357940042,19.3,0.9239,77.8,0.9225388705611435,long_ientry_partial,71.77352412965696,0.04995416381265201,1.0
1700261580000.0,462173,1700261580000.0,0.04968591111381721,-0.0035893879999999998,1436.833716446775,1437.0124864060042,-19.4,0.9251,58.4,0.9225388705611435,long_nclose,53.87627004077078,0.03749652407517577,236.0
1700262480000.0,462188,1700262480000.0,0.15638591111381622,-0.0036107279999999997,1436.9864916298889,1437.3047756780043,-19.4,0.9306,39.0,0.9225388705611435,long_nclose,35.9790159518846,0.025037824754410687,15.0
1700263080000.0,462198,1700263080000.0,0.10479468270513459,-0.00241956,1437.0888667525942,1437.2906561180046,-13.0,0.9306,26.0,0.9225388705611435,long_nclose,23.986010634589732,0.016690694075719333,10.0
1700264280000.0,462218,1700264280000.0,0.06932571317416596,-0.001600632,1437.1565918337683,1437.2898954860043,-8.6,0.9306,17.4,0.9225388705611435,long_nclose,16.052176347763893,0.011169399659700133,20.0
1700264400000.0,462220,1700264400000.0,0.04675455074536774,-0.001079496,1437.2022668885136,1437.2992559900042,-5.8,0.9306,11.6,0.9225388705611435,long_nclose,10.701450898509265,0.007446029793480277,2.0
1700265300000.0,462235,1700265300000.0,0.030632291867654725,-0.000707256,1437.2321919243814,1437.2958487340045,-3.8,0.9306,7.8,0.9225388705611435,long_nclose,7.195803190376919,0.005006708888660573,15.0
1700265960000.0,462246,1700265960000.0,0.02095893654102692,-0.0004839120000000001,1437.2526669489225,1437.2997848220045,-2.6,0.9306,5.2,0.9225388705611435,long_nclose,4.797202126917946,0.003337758375569207,11.0
1700267040000.0,462264,1700267040000.0,0.0033294682705135247,-0.00024052600000000002,1437.255755891193,1437.2661342960046,-1.3,0.9251,3.9,0.9225388705611435,long_nclose,3.5979015951884596,0.0025033134015577654,18.0
1700267460000.0,462271,1700267460000.0,0.002305016494970902,-0.00016651800000000002,1437.257894389688,1437.2652777780047,-0.9,0.9251,3.0,0.9225388705611435,long_nclose,2.7676166116834304,0.0019256228283641892,7.0
1700267580000.0,462273,1700267580000.0,0.0017927906071995901,-0.000129514,1437.2595576662952,1437.2649882640046,-0.7,0.9251,2.3,0.9225388705611435,long_nclose,2.1218394022906297,0.0014763091266102968,2.0
1700267640000.0,462274,1700267640000.0,0.0012805647194282788,-9.251000000000001e-05,1437.2607457210147,1437.2655357540045,-0.5,0.9251,1.8,0.9225388705611435,long_nclose,1.6605699670100582,0.0011553714049130442,1.0
1700267760000.0,462276,1700267760000.0,0.0,-0.01404045,1437.2467052710147,1437.2232653040046,76.1,0.9225,77.9,0.9225008981644421,long_ientry_partial,71.86281996701005,0.05000033724443935,2.0
1700268660000.0,462291,1700268660000.0,0.05042257560982313,-0.0035893879999999998,1437.2935384586247,1437.4748359160048,-19.4,0.9251,58.5,0.9225008981644421,long_nclose,53.966302542619864,0.03754716840965844,15.0
1700268960000.0,462296,1700268960000.0,0.0,-0.003578912,1437.2899595466247,1437.2373170040048,19.4,0.9224,77.9,0.9224757707653384,long_ientry_partial,71.86086254261987,0.04999747063236112,5.0
1700284620000.0,462557,1700284620000.0,0.0,-0.019728954000000003,1437.2702305926248,1434.562018050005,110.7,0.8911,188.6,0.9040595574900312,long_rentry,170.50563254261988,0.11863157596488717,261.0
1700290920000.0,462662,1700290920000.0,0.0,-0.046673538,1437.2235570546247,1429.592234512005,267.9,0.8711,456.5,0.8847170263803281,long_rentry,403.8733225426198,0.2810093952052233,105.0
1700292720000.0,462692,1700292720000.0,0.28330729000456023,-0.020245904,1437.4866184406294,1438.2340686080051,-114.1,0.8872,342.4,0.8847170263803281,long_nclose,302.92710983262435,0.21073386419501877,30.0
1700292840000.0,462694,1700292840000.0,0.21254254184391194,-0.015188863999999998,1437.6839721184733,1438.424319744005,-85.6,0.8872,256.8,0.8847170263803281,long_nclose,227.19533237446828,0.15802870226040616,2.0
1700293020000.0,462697,1700293020000.0,0.15940690638293398,-0.011391648,1437.8319873768562,1438.445028096005,-64.2,0.8872,192.6,0.8847170263803281,long_nclose,170.3964992808512,0.11850932569090927,3.0
1700293500000.0,462705,1700293500000.0,0.11943103110621689,-0.008534864000000001,1437.9428835439624,1438.475073232005,-48.1,0.8872,144.5,0.8847170263803281,long_nclose,127.84161031195741,0.08890590285260722,8.0
1700293680000.0,462708,1700293680000.0,0.08963534767015446,-0.006405584000000001,1438.0261133076324,1438.3928276480049,-36.1,0.8872,108.4,0.8847170263803281,long_nclose,95.90332565962757,0.06669094863586199,3.0
1700294400000.0,462720,1700294400000.0,0.27735534767015385,-0.006443128,1438.2970255273026,1438.8308145200049,-36.1,0.8924,72.3,0.8847170263803281,long_nclose,63.96504100729772,0.0444727617953928,12.0
1700296380000.0,462753,1700296380000.0,0.18515966423409164,-0.004301368,1438.4778838235368,1438.901223152005,-24.1,0.8924,48.2,0.8847170263803281,long_nclose,42.643360671531816,0.0296447801881972,33.0
1700296740000.0,462759,1700296740000.0,0.0,-0.0057612240000000006,1438.4721225995368,1438.908281928005,32.2,0.8946,80.4,0.8886751327304951,long_ientry_partial,71.44948067153182,0.04967039649153005,6.0
1700299380000.0,462803,1700299380000.0,0.2070264428227295,-0.004804704000000001,1438.6743443383596,1439.083037224005,-26.8,0.8964,53.6,0.8886751327304951,long_nclose,47.63298711435454,0.03310894317522619,44.0
1700299440000.0,462804,1700299440000.0,0.0,-0.0047862420000000004,1438.6695580963597,1439.0702209820051,26.7,0.8963,80.3,0.8912104248362956,long_ientry_partial,71.56419711435454,0.049743317853369974,1.0
1700299440000.0,462804,1700299440000.0,0.09237443791393707,-0.003191184,1438.7587413502738,1439.0705897980054,-17.8,0.8964,62.5,0.8912104248362956,long_nclose,55.700651552268475,0.0387143792433146,0.0
1700299560000.0,462806,1700299560000.0,0.0,-0.003190472,1438.7555508782739,1438.9469493260053,17.8,0.8962,80.3,0.8923164576870296,long_ientry_partial,71.65301155226848,0.04980207479201635,2.0
1700299620000.0,462807,1700299620000.0,0.04967084625940865,-0.0035792000000000003,1438.8016425245332,1438.9996401260053,-20.0,0.8948,60.3,0.8923164576870296,long_nclose,53.80668239852788,0.03739687307009063,1.0
1700299800000.0,462810,1700299800000.0,0.0,-0.0035824,1438.7980601245333,1438.9719677260055,20.0,0.8956,80.3,0.89313427644493,long_ientry_partial,71.71868239852787,0.04984624624272871,3.0
1700299860000.0,462811,1700299860000.0,0.049314471101398194,-0.0035824,1438.8437921956347,1438.9562953260054,-20.0,0.8956,60.3,0.89313427644493,long_nclose,53.85599686962928,0.03743005124096658,1.0
1700299920000.0,462812,1700299920000.0,0.036985853326048646,-0.0026868,1438.8780912489608,1439.0214985260054,-15.0,0.8956,45.3,0.89313427644493,long_nclose,40.45898272295533,0.02811842293591149,1.0
1700300820000.0,462827,1700300820000.0,0.0,-0.0062575700000000005,1438.871833678961,1438.9521209560055,34.9,0.8965,80.2,0.8945989117575477,long_ientry_partial,71.74683272295533,0.049863254699697865,15.0
1700301060000.0,462831,1700301060000.0,0.05002176484904641,-0.0035884000000000003,1438.9182670438101,1439.0808725560057,-20.0,0.8971,60.2,0.8945989117575477,long_nclose,53.854854487804374,0.03742732003704883,4.0
1700301240000.0,462834,1700301240000.0,0.03751632363678481,-0.0026913,1438.953092067447,1439.0616212560058,-15.0,0.8971,45.2,0.8945989117575477,long_nclose,40.435870811441156,0.028100895737569905,3.0
1700301300000.0,462835,1700301300000.0,0.0,-0.00629343,1438.946798637447,1439.008637826006,35.1,0.8965,80.3,0.8954298980254192,long_ientry_partial,71.90302081144115,0.049969200306451106,1.0
1700301300000.0,462835,1700301300000.0,0.018872152312763492,-0.002027446,1438.9636433437597,1439.0167803800057,-11.3,0.8971,69.0,0.8954298980254192,long_nclose,61.784662963753924,0.042936917308197715,0.0
1700301900000.0,462845,1700301900000.0,0.04248575396279084,-0.003088776,1439.0030403217227,1439.1724316040059,-17.2,0.8979,51.8,0.8954298980254192,long_nclose,46.38326871771671,0.032232919193378944,10.0
1700302380000.0,462853,1700302380000.0,0.13364575396279035,-0.003107008,1439.1335790676856,1439.419724596006,-17.2,0.9032,34.6,0.8954298980254192,long_nclose,30.981874471679504,0.021528143684723486,8.0
1700302920000.0,462862,1700302920000.0,0.0893561727076796,-0.0020773600000000003,1439.2208578803934,1439.4234472360063,-11.5,0.9032,23.1,0.8954298980254192,long_nclose,20.684430644387184,0.014371964199330806,9.0
1700303040000.0,462864,1700303040000.0,0.05982978520427242,-0.001390928,1439.2792967375976,1439.3943363080061,-7.7,0.9032,15.4,0.8954298980254192,long_nclose,13.789620429591455,0.009580920437644224,2.0
1700303100000.0,462865,1700303100000.0,0.03962752007036225,-0.0009212639999999999,1439.318002993668,1439.4042150440062,-5.1,0.9032,10.3,0.8954298980254192,long_nclose,9.222927949661818,0.006407845889844256,1.0
1700303400000.0,462870,1700303400000.0,0.026418346713574837,-0.000614176,1439.3438071643816,1439.3932808680063,-3.4,0.9032,6.9,0.8954298980254192,long_nclose,6.178466296375393,0.004292557668030301,5.0
1700305080000.0,462898,1700305080000.0,0.017871234541535917,-0.00041547199999999996,1439.3612629269232,1439.3988453960062,-2.3,0.9032,4.6,0.8954298980254192,long_nclose,4.118977530916927,0.002861670406872725,28.0
1700306040000.0,462914,1700306040000.0,0.011655152961871251,-0.00027096,1439.372647119885,1439.3970444360061,-1.5,0.9032,3.1,0.8954298980254192,long_nclose,2.7758326838787997,0.0019285017604253538,16.0
1700306160000.0,462916,1700306160000.0,0.007770101974580834,-0.00018064,1439.3802365818594,1439.396343796006,-1.0,0.9032,2.1,0.8954298980254192,long_nclose,1.8804027858533803,0.001306397530036143,2.0
1700308020000.0,462947,1700308020000.0,0.0,-0.014023635999999999,1439.3662129458594,1439.339110160006,78.1,0.8978,80.2,0.8977379399732341,long_ientry_partial,71.99858278585339,0.05002103157506974,31.0
1700320200000.0,463150,1700320200000.0,0.04924120053531711,-0.0036008000000000004,1439.4118533463948,1439.662409360006,-20.0,0.9002,60.2,0.8977379399732341,long_nclose,54.043823986388695,0.03754576833638387,203.0
1700320560000.0,463156,1700320560000.0,0.15724120053531632,-0.0036224,1439.56547214693,1439.909666960006,-20.0,0.9056,40.2,0.8977379399732341,long_nclose,36.08906518692402,0.025069415657143913,6.0
1700320740000.0,463159,1700320740000.0,0.10535160435866193,-0.002427008,1439.6683967432887,1439.887139952006,-13.4,0.9056,26.8,0.8977379399732341,long_nclose,24.059376791282677,0.016711748931704008,3.0
1700321160000.0,463166,1700321160000.0,0.17637160435866303,-0.0024412120000000003,1439.8423271356473,1440.028078740006,-13.4,0.9109,13.4,0.8977379399732341,long_nclose,12.029688395641339,0.00835486509107745,7.0
1700321580000.0,463173,1700321580000.0,0.08818580217933152,-0.0012206060000000002,1439.9292923318267,1440.017478134006,-6.7,0.9109,6.7,0.8977379399732341,long_nclose,6.014844197820669,0.004177180247566329,7.0
1700321640000.0,463174,1700321640000.0,0.04343479808832746,-0.000601194,1439.972125935915,1440.016536940006,-3.3,0.9109,3.4,0.8977379399732341,long_nclose,3.052308995908996,0.0021197000559473587,1.0
1700321700000.0,463175,1700321700000.0,0.022375502045502028,-0.00030970600000000003,1439.9941917319604,1440.015887234006,-1.7,0.9109,1.7,0.8977379399732341,long_nclose,1.526154497954498,0.0010598337873286197,1.0
1700321820000.0,463177,1700321820000.0,0.01052964802141272,-0.000145744,1440.0045756359818,1440.017141490006,-0.8,0.9109,0.9,0.8977379399732341,long_nclose,0.8079641459759107,0.0005610844296234761,2.0
1700322720000.0,463192,1700322720000.0,0.016705854024089275,-0.00016493400000000002,1440.021116556006,1440.021116556006,-0.9,0.9163,0.0,0.8977379399732341,long_nclose,0.0,0.0,15.0
1700356800000.0,463760,1700356800000.0,0.0,-0.014407792,1440.0067087640061,1439.8963887640061,78.8,0.9142,78.8,0.9142,long_ientry_normal,72.03896,0.050026822487398585,568.0
1700358060000.0,463781,1700358060000.0,0.04924999999999895,-0.003611798,1440.052346966006,1440.206006966006,-19.7,0.9167,59.1,0.9142,long_nclose,54.02922,0.037518927776363266,21.0
1700358300000.0,463785,1700358300000.0,0.15760000000000013,-0.003633468,1440.206313498006,1440.541213498006,-19.7,0.9222,39.4,0.9142,long_nclose,36.01948,0.025009944521431144,4.0
1700358480000.0,463788,1700358480000.0,0.10480000000000009,-0.002416164,1440.3086973340062,1440.5269873340062,-13.1,0.9222,26.3,0.9142,long_nclose,24.04346,0.01669326863366454,3.0
1700358720000.0,463792,1700358720000.0,0.06960000000000005,-0.001604628,1440.3766927060062,1440.5174927060061,-8.7,0.9222,17.6,0.9142,long_nclose,16.089920000000003,0.011170633405468536,4.0
1700358780000.0,463793,1700358780000.0,0.04640000000000004,-0.001069752,1440.4220229540063,1440.5270429540062,-5.8,0.9222,11.8,0.9142,long_nclose,10.787560000000001,0.0074891662499556606,1.0
1700359620000.0,463807,1700359620000.0,0.07905999999999981,-0.0010945680000000002,1440.4999883860062,1440.5831783860062,-5.9,0.9276,5.9,0.9142,long_nclose,5.3937800000000005,0.0037443804536530455,14.0
1700360400000.0,463820,1700360400000.0,0.015200000000000012,-0.000350436,1440.5148379500063,1440.5484379500062,-1.9,0.9222,4.0,0.9142,long_nclose,3.6568,0.002538536850619314,13.0
1700361060000.0,463831,1700361060000.0,0.01040000000000001,-0.00023977200000000002,1440.5249981780062,1440.5511881780062,-1.3,0.9222,2.7,0.9142,long_nclose,2.46834,0.0017135002885211898,11.0
1700362860000.0,463861,1700362860000.0,0.007200000000000007,-0.00016599600000000001,1440.532032182006,1440.5469721820061,-0.9,0.9222,1.8,0.9142,long_nclose,1.6455600000000001,0.00114232794775652,30.0
1700364780000.0,463893,1700364780000.0,0.004800000000000004,-0.00011066400000000001,1440.536721518006,1440.547521518006,-0.6,0.9222,1.2,0.9142,long_nclose,1.09704,0.0007615494861137335,32.0
1700365320000.0,463902,1700365320000.0,0.00803999999999998,-0.000111312,1440.544650206006,1440.5528102060061,-0.6,0.9276,0.6,0.9142,long_nclose,0.54852,0.00038077264729111907,9.0
1700365860000.0,463911,1700365860000.0,0.00401999999999999,-5.5656e-05,1440.548614550006,1440.5530845500061,-0.3,0.9276,0.3,0.9142,long_nclose,0.27426,0.0001903857997084482,9.0
1700365920000.0,463912,1700365920000.0,0.005670000000000008,-5.5986e-05,1440.554228564006,1440.554228564006,-0.3,0.9331,0.0,0.9142,long_nclose,0.0,0.0,1.0
1700440260000.0,465151,1700440260000.0,0.0,-0.014407432000000003,1440.539821132006,1440.524741132006,75.4,0.9554,75.4,0.9554,long_ientry_normal,72.03716000000001,0.05000705911995666,1239.0
1700440440000.0,465154,1700440440000.0,0.04887999999999879,-0.00360208,1440.585099052006,1440.749239052006,-18.8,0.958,56.6,0.9554,long_nclose,54.07564,0.03753727567749043,3.0
1700441520000.0,465172,1700441520000.0,0.03665999999999909,-0.00270156,1440.6190574920058,1440.742307492006,-14.1,0.958,42.5,0.9554,long_nclose,40.6045,0.028185452489215956,18.0
1700442660000.0,465191,1700442660000.0,0.027559999999999318,-0.00203096,1440.6445865320059,1440.7275265320059,-10.6,0.958,31.9,0.9554,long_nclose,30.47726,0.021155294154380184,19.0
1700442720000.0,465192,1700442720000.0,0.020539999999999493,-0.0015136400000000001,1440.6636128920059,1440.7236128920058,-7.9,0.958,24.0,0.9554,long_nclose,22.9296,0.015915998568167375,1.0
1700442780000.0,465193,1700442780000.0,0.0,-0.00982254,1440.653790352006,1440.6712703520059,51.4,0.9555,75.4,0.9554681697612731,long_ientry_partial,72.0423,0.05000667091737381,1.0
1700442900000.0,465195,1700442900000.0,0.049478408488064174,-0.0036024560000000004,1440.699666304494,1440.859947896006,-18.8,0.9581,56.6,0.9554681697612731,long_nclose,54.079498408488064,0.037536968789064935,2.0
1700445420000.0,465237,1700445420000.0,0.03710880636604813,-0.002701842,1440.73407326886,1440.833176054006,-14.1,0.9581,42.5,0.9554681697612731,long_nclose,40.60739721485411,0.028185213335532904,42.0
1700445600000.0,465240,1700445600000.0,0.02789740053050427,-0.002031172,1440.7599394973904,1440.8407048820059,-10.6,0.9581,31.9,0.9554681697612731,long_nclose,30.479434615384612,0.02115510973050609,3.0
1700445720000.0,465242,1700445720000.0,0.02079145888594186,-0.0015137980000000002,1440.7792171582764,1440.8255810840058,-7.9,0.9581,24.0,0.9554681697612731,long_nclose,22.931236074270554,0.015915857059278674,2.0
1700445900000.0,465245,1700445900000.0,0.015790981432360907,-0.00114972,1440.7938584197088,1440.8448313640058,-6.0,0.9581,18.0,0.9554681697612731,long_nclose,17.198427055702915,0.011936771492464917,3.0
1700446200000.0,465250,1700446200000.0,0.0,-0.010972583999999999,1440.7828858357088,1440.743618780006,57.4,0.9558,75.4,0.955720783232134,long_ientry_partial,72.06134705570291,0.050015410207974946,5.0
1700448480000.0,465288,1700448480000.0,0.050369275235880376,-0.0036035840000000004,1440.8296515269446,1440.981295196006,-18.8,0.9584,56.6,0.955720783232134,long_nclose,54.09379633093879,0.037543505766703185,38.0
1700448780000.0,465293,1700448780000.0,0.03777695642691028,-0.002702688,1440.8647257953717,1440.965842508006,-14.1,0.9584,42.5,0.955720783232134,long_nclose,40.618133287365694,0.02819010873136899,5.0
1700448900000.0,465295,1700448900000.0,0.028399697739379358,-0.002031808,1440.891093685111,1440.979750700006,-10.6,0.9584,31.9,0.955720783232134,long_nclose,30.487492985105074,0.021158776758854574,2.0
1700449080000.0,465298,1700449080000.0,0.021165812466141222,-0.001514272,1440.910745225577,1440.982246428006,-7.9,0.9584,24.0,0.955720783232134,long_nclose,22.937298797571216,0.01591861180407836,3.0
1700449200000.0,465300,1700449200000.0,0.016075300607195864,-0.00115008,1440.9256704461843,1440.9810963480058,-6.0,0.9584,18.0,0.955720783232134,long_nclose,17.202974098178412,0.011938835188390732,2.0
1700449320000.0,465302,1700449320000.0,0.012056475455396898,-0.0008625600000000001,1440.9368643616397,1441.0040837880058,-4.5,0.9584,13.5,0.955720783232134,long_nclose,12.90223057363381,0.008954056831178182,2.0
1700450280000.0,465318,1700450280000.0,0.008841415333957724,-0.000632544,1440.9450732329738,1440.972401244006,-3.3,0.9584,10.2,0.955720783232134,long_nclose,9.748351988967766,0.006765248842619583,16.0
1700451180000.0,465333,1700451180000.0,0.0,-0.012464936000000001,1440.9326082969737,1440.874116308006,65.2,0.9559,75.4,0.9558757558218536,long_ientry_partial,72.07303198896777,0.050018322559963635,15.0
1700473020000.0,465697,1700473020000.0,0.04933579054915307,-0.0036039600000000002,1440.9783401275229,1441.132532348006,-18.8,0.9585,56.6,0.9558757558218536,long_nclose,54.10256777951692,0.037545718955587476,364.0
1700474400000.0,465720,1700474400000.0,0.0370018429118648,-0.00270297,1441.0126390004348,1441.166669378006,-14.1,0.9585,42.5,0.9558757558218536,long_nclose,40.62471962242878,0.02819178577823461,23.0
1700478060000.0,465781,1700478060000.0,0.11737184291186377,-0.002719044,1441.1272917993465,1441.3324603340059,-14.1,0.9642,28.4,0.9558757558218536,long_nclose,27.14687146534064,0.01883724749355479,61.0
1700478300000.0,465785,1700478300000.0,0.07824789527457586,-0.0018126960000000001,1441.2037269986213,1441.363787638006,-9.4,0.9642,19.0,0.9558757558218536,long_nclose,18.16163936061522,0.01260171551071252,4.0
1700478540000.0,465789,1700478540000.0,0.05244273832232211,-0.001214892,1441.2549548449435,1441.356862746006,-6.3,0.9642,12.7,0.9558757558218536,long_nclose,12.13962209893754,0.008422952551267082,4.0
1700478780000.0,465793,1700478780000.0,0.034961825548214746,-0.000809928,1441.2891067424916,1441.361562818006,-4.2,0.9642,8.5,0.9558757558218536,long_nclose,8.124943924485756,0.0056372756072855,4.0
1700480460000.0,465821,1700480460000.0,0.0055109127741075235,-0.00040257000000000004,1441.2942150852657,1441.3090902480058,-2.1,0.9585,6.4,0.9558757558218536,long_nclose,6.117604837259863,0.004244521884033199,28.0
1700480820000.0,465827,1700480820000.0,0.0,-0.013189808,1441.2810252772656,1441.2111804400058,69.1,0.9544,75.5,0.9545250971822498,long_ientry_partial,72.06664483725986,0.050001799491807004,6.0
1700490660000.0,465991,1700490660000.0,0.05028817297370547,-0.0035990720000000005,1441.3277143782393,1441.5871113680057,-18.8,0.9572,56.7,0.9545250971822498,long_nclose,54.12157301023356,0.03754980388591262,164.0
1700491320000.0,466002,1700491320000.0,0.0377161297302791,-0.002699304,1441.3627312039696,1441.4937220640059,-14.1,0.9572,42.6,0.9545250971822498,long_nclose,40.66276913996384,0.028211336577294636,11.0
1700492160000.0,466016,1700492160000.0,0.11892362001205309,-0.002734636,1441.4789201879817,1441.7508474280057,-14.2,0.9629,28.4,0.9545250971822498,long_nclose,27.10851275997589,0.018806041753590613,14.0
1700492640000.0,466024,1700492640000.0,0.07872408648685206,-0.0018102520000000003,1441.5558340224684,1441.7510571760056,-9.4,0.9629,19.0,0.9545250971822498,long_nclose,18.135976846462746,0.01258083552397463,8.0
1700493180000.0,466033,1700493180000.0,0.13276157676862754,-0.0018401500000000002,1441.6867554492371,1441.8328170260058,-9.5,0.9685,9.5,0.9545250971822498,long_nclose,9.067988423231373,0.006289846521067429,9.0
1700494140000.0,466049,1700494140000.0,0.025962198735025678,-0.000596998,1441.7121206499721,1441.7714800280057,-3.1,0.9629,6.4,0.9545250971822498,long_nclose,6.108960621966399,0.004237295736413921,16.0
1700494320000.0,466052,1700494320000.0,0.01758729591727546,-0.00040441800000000003,1441.7293035278894,1441.7631656100057,-2.1,0.9629,4.3,0.9545250971822498,long_nclose,4.104457917883674,0.0028468991424674024,3.0
1700494740000.0,466059,1700494740000.0,0.011724863944850304,-0.00026961199999999997,1441.7407587798343,1441.7673659980057,-1.4,0.9629,2.9,0.9545250971822498,long_nclose,2.768122781828524,0.0019199864920037538,7.0
1700494920000.0,466062,1700494920000.0,0.007537412535975197,-0.000173322,1441.7481228703705,1441.764672676006,-0.9,0.9629,2.0,0.9545250971822498,long_nclose,1.9090501943644995,0.0013241218518556344,3.0
1700494980000.0,466063,1700494980000.0,0.005024941690650131,-0.00011554799999999999,1441.7530322640612,1441.7654571280061,-0.6,0.9629,1.4,0.9545250971822498,long_nclose,1.3363351360551496,0.0009268821401101073,1.0
1700495220000.0,466067,1700495220000.0,0.0033499611271000877,-7.7032e-05,1441.7563051931882,1441.764880096006,-0.4,0.9629,1.0,0.9545250971822498,long_nclose,0.9545250971822498,0.0006620571685686842,4.0
1700495760000.0,466076,1700495760000.0,0.0025124708453250653,-5.777399999999999e-05,1441.7587598900336,1441.764482322006,-0.3,0.9629,0.7,0.9545250971822498,long_nclose,0.6681675680275748,0.00046343922895848233,9.0
1700495940000.0,466079,1700495940000.0,0.0016749805635500438,-3.8516e-05,1441.7603963545973,1441.7645838060062,-0.2,0.9629,0.5,0.9545250971822498,long_nclose,0.4772625485911249,0.0003310276449525552,3.0
1700496000000.0,466080,1700496000000.0,0.0008374902817750219,-1.9258e-05,1441.761214586879,1441.764924548006,-0.1,0.9629,0.4,0.9545250971822498,long_nclose,0.38181003887289994,0.00026482196566947005,1.0
1700496240000.0,466084,1700496240000.0,0.0027949805635500537,-3.8740000000000005e-05,1441.7639708274426,1441.766845808006,-0.2,0.9685,0.2,0.9545250971822498,long_nclose,0.19090501943644997,0.0001324107297027874,4.0
1700497500000.0,466105,1700497500000.0,0.0008374902817750219,-1.9258e-05,1441.7647890597243,1441.765556550006,-0.1,0.9629,0.1,0.9545250971822498,long_nclose,0.09545250971822498,6.620532727843648e-05,21.0
1700498820000.0,466127,1700498820000.0,0.0,-0.014402908,1441.7503861517243,1441.833493642006,75.4,0.9551,75.5,0.9550992385393142,long_ientry_partial,72.10999250971823,0.05001558744311627,22.0
1700499900000.0,466145,1700499900000.0,0.04889431546089256,-0.0036009520000000006,1441.7956795151854,1441.9601526900062,-18.8,0.9577,56.7,0.9550992385393142,long_nclose,54.15412682517912,0.03756019496700729,18.0
1700500920000.0,466162,1700500920000.0,0.03667073659566942,-0.002700714,1441.829649537781,1441.9447019760062,-14.1,0.9577,42.6,0.9550992385393142,long_nclose,40.68722756177479,0.028219164153558796,17.0
1700501280000.0,466168,1700501280000.0,0.0,-0.006284557999999999,1441.823364979781,1441.6874974180062,32.9,0.9551,75.5,0.955099570354633,long_ientry_partial,72.1100175617748,0.05001307324686475,6.0
1700501640000.0,466174,1700501640000.0,0.04888807733289955,-0.0036009520000000006,1441.868652105114,1442.2372264660064,-18.8,0.9577,56.7,0.955099570354633,long_nclose,54.154145639107696,0.037558307103801154,6.0
1700501760000.0,466176,1700501760000.0,0.15687812029743697,-0.003641652,1442.0218885734116,1442.3167448140066,-18.9,0.9634,37.8,0.955099570354633,long_nclose,36.10276375940512,0.025036210646650785,2.0
1700501820000.0,466177,1700501820000.0,0.10458541353162465,-0.0024277680000000003,1442.1240462189432,1442.3306970460064,-12.6,0.9634,25.2,0.955099570354633,long_nclose,24.06850917293675,0.01668962474902292,1.0
1700501880000.0,466178,1700501880000.0,0.0697236090210831,-0.0016185120000000001,1442.1921513159643,1442.3651985340066,-8.4,0.9634,16.8,0.955099570354633,long_nclose,16.045672781957833,0.011125891073056081,1.0
1700502000000.0,466180,1700502000000.0,0.1176036090210825,-0.001628088,1442.3081268369854,1442.4198504460064,-8.4,0.9691,8.4,0.955099570354633,long_nclose,8.022836390978917,0.0055624982219112775,2.0
1700502360000.0,466186,1700502360000.0,0.05880180451054125,-0.000814044,1442.3661145974959,1442.4232364020065,-4.2,0.9691,4.2,0.955099570354633,long_nclose,4.011418195489458,0.0027811372957890637,6.0
1700502420000.0,466187,1700502420000.0,0.029400902255270624,-0.000407022,1442.3951084777511,1442.4284993800063,-2.1,0.9691,2.1,0.955099570354633,long_nclose,2.005709097744729,0.0013905406957886027,1.0
1700503020000.0,466197,1700503020000.0,0.0413709022552707,-0.00040941600000000007,1442.4360699640065,1442.4360699640065,-2.1,0.9748,0.0,0.955099570354633,long_nclose,0.0,0.0,10.0
1700509860000.0,466311,1700509860000.0,0.0,-0.014416937999999999,1442.4216530260064,1442.4141230260063,75.3,0.9573,75.3,0.9573,long_ientry_normal,72.08469,0.049974769755276496,114.0
1700511600000.0,466340,1700511600000.0,0.050759999999998584,-0.0036095999999999997,1442.4688034260066,1442.6439534260066,-18.8,0.96,56.5,0.9573,long_nclose,54.087450000000004,0.037496443508197155,29.0
1700514060000.0,466381,1700514060000.0,0.0,-0.0035998240000000006,1442.4652036020066,1442.3428436020065,18.8,0.9574,75.3,0.9573249667994689,long_ientry_partial,72.08657000000001,0.04997456425291321,41.0
1700518980000.0,466463,1700518980000.0,0.0502906241699844,-0.0036095999999999997,1442.5118846261767,1442.6686740020066,-18.8,0.96,56.5,0.9573249667994689,long_nclose,54.08886062416999,0.037496301556078325,82.0
1700519160000.0,466466,1700519160000.0,0.15745062416998512,-0.0036310320000000006,1442.6657042183467,1443.0002929700067,-18.8,0.9657,37.7,0.9573249667994689,long_nclose,36.091151248339976,0.025016988442166224,3.0
1700520720000.0,466492,1700520720000.0,0.0251453120849922,-0.0018047999999999999,1442.6890447304318,1442.784558170007,-9.4,0.96,28.3,0.9573249667994689,long_nclose,27.09229656042497,0.01877902702552732,26.0
1700521080000.0,466498,1700521080000.0,0.07872531208499256,-0.0018155160000000003,1442.7659545265167,1442.9355826540068,-9.4,0.9657,18.9,0.9573249667994689,long_nclose,18.09344187250996,0.012540801795151744,6.0
1700521320000.0,466502,1700521320000.0,0.05276270916334608,-0.001216782,1442.81750045368,1442.9331058720065,-6.3,0.9657,12.6,0.9573249667994689,long_nclose,12.062294581673308,0.008360235842634593,4.0
1700521800000.0,466510,1700521800000.0,0.08867270916334631,-0.0012239640000000001,1442.9049491988433,1442.9961419080066,-6.3,0.9714,6.3,0.9573249667994689,long_nclose,6.031147290836654,0.004179864580952044,8.0
1700523240000.0,466534,1700523240000.0,0.01758756972111536,-0.00040559400000000006,1442.9221311745644,1442.9581463140066,-2.1,0.9657,4.2,0.9573249667994689,long_nclose,4.02076486055777,0.0027865432054083165,24.0
1700523360000.0,466536,1700523360000.0,0.011725046480743573,-0.000270396,1442.9335858250452,1442.9559159180067,-1.4,0.9657,2.8,0.9573249667994689,long_nclose,2.6805099070385126,0.0018576807230568702,2.0
1700524980000.0,466563,1700524980000.0,0.0,-0.013899996,1442.9196858290452,1442.9120759220066,72.6,0.9573,75.4,0.9573009271490518,long_ientry_partial,72.1804899070385,0.050023913746499636,27.0
1700525100000.0,466565,1700525100000.0,0.050742569597825596,-0.0036095999999999997,1442.966818798643,1443.2950463220068,-18.8,0.96,56.6,0.9573009271490518,long_nclose,54.183232476636334,0.03754988109965491,2.0
1700525220000.0,466567,1700525220000.0,0.03805692719836919,-0.0027072,1443.0021685258414,1443.1636291220068,-14.1,0.96,42.5,0.9573009271490518,long_nclose,40.6852894038347,0.028194891380792893,2.0
1700525520000.0,466572,1700525520000.0,0.11842692719836974,-0.002723274,1443.11787217904,1443.3535658480068,-14.1,0.9657,28.4,0.9573009271490518,long_nclose,27.18734633103307,0.018839310949688024,5.0
1700525580000.0,466573,1700525580000.0,0.07895128479891315,-0.0018155160000000003,1443.1950079478388,1443.3602903320068,-9.4,0.9657,19.0,0.9573009271490518,long_nclose,18.188717615831983,0.012603090722781502,1.0
1700526060000.0,466581,1700526060000.0,0.13394119208400834,-0.0018456600000000003,1443.3271034799227,1443.4638946720067,-9.5,0.9714,9.5,0.9573009271490518,long_nclose,9.094358807915992,0.006300968634198796,8.0
1700526540000.0,466589,1700526540000.0,0.18809119208400765,-0.00185649,1443.5133381820067,1443.5133381820067,-9.5,0.9771,0.0,0.9573009271490518,long_nclose,0.0,0.0,8.0
1700533560000.0,466706,1700533560000.0,0.0,-0.014427872000000003,1443.4989103100067,1443.3334703100068,75.2,0.9593,75.2,0.9593,long_ientry_normal,72.13936000000001,0.04997534773649903,117.0
1700547540000.0,466939,1700547540000.0,0.050759999999998584,-0.00361712,1443.546053190007,1443.7660131900068,-18.8,0.962,56.4,0.9593,long_nclose,54.10452,0.03748028674280091,233.0
1700549160000.0,466966,1700549160000.0,0.0,-0.0036960879999999997,1443.542357102007,1443.149317102007,19.4,0.9526,75.8,0.9575852242744064,long_ientry_partial,72.58496,0.050282528699551576,27.0
1700575260000.0,467401,1700575260000.0,0.0,-0.0199245,1443.522432602007,1440.997422602007,107.7,0.925,183.5,0.9384602724795641,long_rentry,172.20746,0.11929669820897008,435.0
1700579520000.0,467472,1700579520000.0,0.0,-0.047150201999999995,1443.475282400007,1436.096372400007,260.7,0.9043,444.2,0.9184116839261594,long_rentry,407.95847,0.2826224147889143,71.0
1700581620000.0,467507,1700581620000.0,0.28730308419631667,-0.0204462,1443.7421392842034,1444.3380062000072,-111.0,0.921,333.2,0.9184116839261594,long_nclose,306.0147730841963,0.2119594384326249,35.0
1700581680000.0,467508,1700581680000.0,0.21560672895092953,-0.01534386,1443.9424021531543,1444.364312340007,-83.3,0.921,249.9,0.9184116839261594,long_nclose,229.51107981314723,0.1589475310586549,1.0
1700581740000.0,467509,1700581740000.0,0.1615109230076591,-0.01149408,1444.092418996162,1444.5964782600072,-62.4,0.921,187.5,0.9184116839261594,long_nclose,172.20219073615488,0.11924596270359103,1.0
1700581800000.0,467510,1700581800000.0,0.4992697546150407,-0.01158,1444.5801087507768,1445.591148260007,-62.5,0.9264,125.0,0.9184116839261594,long_nclose,114.80146049076991,0.07947047020469239,1.0
1700582220000.0,467517,1700582220000.0,0.3323139486717711,-0.007707648000000001,1444.9047150514486,1445.804460612007,-41.6,0.9264,83.4,0.9184116839261594,long_nclose,76.59553443944169,0.053010785861207714,7.0
1700583060000.0,467531,1700583060000.0,0.2220751868527701,-0.005150784,1445.1216394543014,1445.6658698280069,-27.8,0.9264,55.6,0.9184116839261594,long_nclose,51.06368962629446,0.03533521901005983,14.0
1700583120000.0,467532,1700583120000.0,0.0,-0.004121208,1445.1175182463014,1445.856248620007,22.2,0.9282,77.8,0.9212047509806487,long_ientry_partial,71.66972962629447,0.049594395418628714,1.0
1700583900000.0,467545,1700583900000.0,0.2070769496011996,-0.004813256,1445.3197819399027,1445.760685364007,-25.9,0.9292,51.9,0.9212047509806487,long_nclose,47.810526575895665,0.03307954901975019,13.0
1700583960000.0,467546,1700583960000.0,0.0,-0.004797252,1445.3149846879028,1445.4994781120072,25.8,0.9297,77.7,0.9240255672573445,long_ientry_partial,71.79678657589567,0.04967552909679357,1.0
1700584020000.0,467547,1700584020000.0,0.04994399520751577,-0.0035952079999999995,1445.3613334751103,1445.5405729040071,-19.4,0.9266,58.3,0.9240255672573445,long_nclose,53.87069057110318,0.03727143470870418,1.0
1700584080000.0,467548,1700584080000.0,0.0,-0.003652774,1445.3576807011102,1445.5447201300071,19.7,0.9271,78.0,0.924802058603887,long_ientry_partial,72.13456057110318,0.04990775745980908,1.0
1700584140000.0,467549,1700584140000.0,0.050659857224203964,-0.00361686,1445.4047236983345,1445.539153270007,-19.5,0.9274,58.5,0.924802058603887,long_nclose,54.10092042832739,0.0374295998493074,1.0
1700584200000.0,467550,1700584200000.0,0.0,-0.0036156900000000004,1445.4011080083344,1445.613537580007,19.5,0.9271,78.0,0.9253765439529154,long_ientry_partial,72.1793704283274,0.049937259649527825,1.0
1700584200000.0,467550,1700584200000.0,0.029542458287435867,-0.002708008,1445.4279424586218,1445.600609572007,-14.6,0.9274,63.4,0.9253765439529154,long_nclose,58.668872886614835,0.040589275441030394,0.0
1700584620000.0,467557,1700584620000.0,0.03987060554393658,-0.002932164,1445.4648809001658,1445.594517408007,-15.8,0.9279,47.6,0.9253765439529154,long_nclose,44.04792349215877,0.03047318829685288,7.0
1700584680000.0,467558,1700584680000.0,0.0,-0.005624286,1445.4592566141657,1445.542153122007,30.3,0.9281,77.9,0.9264358599763642,long_ientry_partial,72.16935349215878,0.04992832081701687,1.0
1700585280000.0,467568,1700585280000.0,0.04974431645853467,-0.0036045200000000004,1445.5053964106244,1445.743148602007,-19.4,0.929,58.5,0.9264358599763642,long_nclose,54.19649780861731,0.037493113441979656,10.0
1700585340000.0,467569,1700585340000.0,0.0,-0.0035731200000000004,1445.5018232906243,1445.887205482007,19.2,0.9305,77.7,0.9274401262370309,long_ientry_partial,72.0620978086173,0.04985265092545574,1.0
1700585460000.0,467571,1700585460000.0,0.2087507304609004,-0.00484589,1445.7057281310852,1446.2682695920068,-25.9,0.9355,51.8,0.9274401262370309,long_nclose,48.041398539078195,0.033230413080802414,2.0
1700585760000.0,467576,1700585760000.0,0.0,-0.004806540000000001,1445.7009215910853,1445.8801830520072,25.8,0.9315,77.6,0.9287899296272963,long_ientry_partial,72.0740985390782,0.04985408632081115,5.0
1700585820000.0,467577,1700585820000.0,0.05063536523045111,-0.003613832,1445.7479431243157,1446.0104292200072,-19.4,0.9314,58.2,0.9287899296272963,long_nclose,54.05557390430865,0.03738934864917914,1.0
1700586000000.0,467580,1700586000000.0,0.0,-0.003614608,1445.7443285163158,1445.969954612007,19.4,0.9316,77.6,0.9294924472204723,long_ientry_partial,72.12861390430865,0.04989029697825624,3.0
1700586240000.0,467584,1700586240000.0,0.050586523922838016,-0.0036165480000000002,1445.7912984922386,1445.8732180640072,-19.4,0.9321,58.2,0.9294924472204723,long_nclose,54.09646042823149,0.03741650712979574,4.0
1700586300000.0,467585,1700586300000.0,0.03780951530315213,-0.0027030900000000004,1445.8264049175418,1446.0321249740073,-14.5,0.9321,43.7,0.9294924472204723,long_nclose,40.61881994353464,0.028093842943649385,1.0
1700586420000.0,467587,1700586420000.0,0.02842232529685229,-0.0020319780000000003,1445.8527952648385,1445.997362996007,-10.9,0.9321,32.8,0.9294924472204723,long_nclose,30.48735226883149,0.021086069320941547,2.0
1700586900000.0,467595,1700586900000.0,0.08837232529685174,-0.002043968,1445.9391236221354,1446.147339028007,-10.9,0.9376,21.9,0.9294924472204723,long_nclose,20.35588459412834,0.014077967918273098,8.0
1700587140000.0,467599,1700587140000.0,0.05918513529055208,-0.001368896,1445.996939861426,1446.113850132007,-7.3,0.9376,14.6,0.9294924472204723,long_nclose,13.570589729418895,0.009384936686463115,4.0
1700587200000.0,467600,1700587200000.0,0.038916253341732876,-0.000900096,1446.0349560187678,1446.1379300360072,-4.8,0.9376,9.8,0.9294924472204723,long_nclose,9.10902598276063,0.006299312436982612,1.0
1700587740000.0,467609,1700587740000.0,0.0,-0.012635207999999998,1446.022320810768,1446.0449348280074,67.8,0.9318,77.6,0.9315085822520699,long_ientry_partial,72.28506598276061,0.04998890054631468,9.0
1700588700000.0,467625,1700588700000.0,0.0,-0.019831592000000002,1446.002489218768,1443.9926232360074,110.2,0.8998,187.8,0.9129021617825379,long_rentry,171.44302598276062,0.11856343765727967,16.0
1700599260000.0,467801,1700599260000.0,0.11714861239897147,-0.008586452,1446.111051379167,1446.9702367840075,-46.9,0.9154,140.9,0.9129021617825379,long_nclose,128.6279145951596,0.08894746670560756,176.0
1700599740000.0,467809,1700599740000.0,0.08792390525466516,-0.006444416000000001,1446.1925308684217,1446.3508523680075,-35.2,0.9154,105.7,0.9129021617825379,long_nclose,96.49375850041426,0.06672262263895865,8.0
1700599860000.0,467811,1700599860000.0,0.06594292894099886,-0.004833311999999999,1446.2536404853627,1446.2138190560074,-26.4,0.9154,79.3,0.9129021617825379,long_nclose,72.39314142935525,0.05005563298361698,2.0
1700605680000.0,467908,1700605680000.0,0.0,-0.019858136,1446.2337823493626,1443.1533009200075,112.6,0.8818,191.9,0.8946525348064369,long_rentry,171.68382142935525,0.11871097434223955,97.0
1700607240000.0,467934,1700607240000.0,0.0,-0.047001692000000005,1446.1867806573625,1440.6831492280073,272.6,0.8621,464.5,0.8755485068446831,long_rentry,406.6922814293553,0.2812169816989295,26.0
1700615040000.0,468064,1700615040000.0,0.28461835533229174,-0.02038716,1446.4510118526948,1448.2109520680071,-116.1,0.878,348.4,0.8755485068446831,long_nclose,305.04109978468756,0.2108893403821357,130.0
1700616900000.0,468095,1700616900000.0,0.21352505382810175,-0.015294760000000001,1446.649242146523,1447.3159473080073,-87.1,0.878,261.3,0.8755485068446831,long_nclose,228.7808248385157,0.15814533210486678,31.0
1700617140000.0,468099,1700617140000.0,0.16008250304219337,-0.01146668,1446.7978579695653,1447.2195506280075,-65.3,0.878,196.0,0.8755485068446831,long_nclose,171.6075073415579,0.11861194457558273,4.0
1700617260000.0,468101,1700617260000.0,0.12012316461052797,-0.0086044,1446.9093767341758,1447.2844462280075,-49.0,0.878,147.0,0.8755485068446831,long_nclose,128.7056305061684,0.08895210202913352,2.0
1700618100000.0,468115,1700618100000.0,0.08996979880013013,-0.0064445200000000005,1446.992902012976,1447.1971217080074,-36.7,0.878,110.3,0.8755485068446831,long_nclose,96.57300030496855,0.0667404796323614,14.0
1700619660000.0,468141,1700619660000.0,0.06741606177121467,-0.004829,1447.0554890747471,1447.2667527080073,-27.5,0.878,82.8,0.8755485068446831,long_nclose,72.49541636673976,0.05009857390686076,26.0
1700619900000.0,468145,1700619900000.0,0.05074590831505977,-0.00363492,1447.1026000630623,1447.2796777880073,-20.7,0.878,62.1,0.8755485068446831,long_nclose,54.37156227505482,0.03757270719621774,4.0
1700619960000.0,468146,1700619960000.0,0.0,-0.0035663040000000006,1447.0990337590622,1447.2925914840073,20.3,0.8784,82.4,0.8762509984836749,long_ientry_partial,72.20308227505483,0.04989505250894696,1.0
1700620020000.0,468147,1700620020000.0,0.05044943123629706,-0.0036202440000000003,1447.1458629462984,1447.3033912400074,-20.6,0.8787,61.8,0.8762509984836749,long_nclose,54.15231170629111,0.03742007844049693,1.0
1700620080000.0,468148,1700620080000.0,0.0,-0.0036030800000000003,1447.1422598662984,1447.2997881600074,20.5,0.8788,82.3,0.8768859259573647,long_ientry_partial,72.16771170629112,0.049869120478147524,1.0
1700620140000.0,468149,1700620140000.0,0.049488517874023086,-0.00360513,1447.1881432541725,1447.3805930300073,-20.5,0.8793,61.8,0.8768859259573647,long_nclose,54.191550224165134,0.03744609882050932,1.0
1700621100000.0,468165,1700621100000.0,0.0,-0.0035368000000000005,1447.1846064541726,1447.5875362300073,20.0,0.8842,81.8,0.8786742081193781,long_ientry_partial,71.87555022416512,0.04966577857697879,16.0
1700621400000.0,468170,1700621400000.0,0.2074215391529142,-0.004821472,1447.3872065213254,1447.9291547580074,-27.2,0.8863,54.6,0.8786742081193781,long_nclose,47.97561176331805,0.033146356100952026,5.0
1700621760000.0,468176,1700621760000.0,0.0,-0.004776902,1447.3824296193254,1447.9676578560075,26.9,0.8879,81.5,0.8817192854394852,long_ientry_partial,71.86012176331805,0.04964833087148771,6.0
1700622360000.0,468186,1700622360000.0,0.05035850557845036,-0.003589852,1447.429198272904,1447.5932580040073,-20.3,0.8842,61.2,0.8817192854394852,long_nclose,53.9612202688965,0.03728073216519599,10.0
1700622420000.0,468187,1700622420000.0,0.0,-0.003643728,1447.425554544904,1447.5487142760073,20.6,0.8844,81.8,0.8823943798153606,long_ientry_partial,72.17986026889649,0.049867753158186506,1.0
1700622840000.0,468194,1700622840000.0,0.049074651766644,-0.003609984,1447.4710192126706,1447.6555642920075,-20.4,0.8848,61.4,0.8823943798153606,long_nclose,54.17901492066314,0.03743012067359592,7.0
1700622900000.0,468195,1700622900000.0,0.0,-0.003594724,1447.4674244886705,1447.7254995680073,20.3,0.8854,81.7,0.8831411862994264,long_ientry_partial,72.15263492066313,0.049847501712276275,1.0
1700623380000.0,468203,1700623380000.0,0.050159799491702635,-0.0036132480000000003,1447.5139710401622,1447.6708263200073,-20.4,0.8856,61.3,0.8831411862994264,long_nclose,54.136554720154834,0.03739967682747345,8.0
1700624100000.0,468215,1700624100000.0,0.0,-0.0035859039999999996,1447.5103851361623,1447.7592604160075,20.2,0.8876,81.5,0.8842463155847219,long_ientry_partial,72.06607472015483,0.04978622292466373,12.0
1700624520000.0,468222,1700624520000.0,0.049809793630146586,-0.003600002000000001,1447.5565949277925,1447.7496004140075,-20.3,0.8867,61.2,0.8842463155847219,long_nclose,54.11587451378498,0.037384289293700745,7.0
1700624640000.0,468224,1700624640000.0,0.0,-0.003620592,1447.5529743357924,1447.7296598220075,20.4,0.8874,81.6,0.8850347366885415,long_ientry_partial,72.21883451378498,0.049890287812729264,2.0
1700624760000.0,468226,1700624760000.0,0.05029137155375269,-0.0036209999999999997,1447.5996447073462,1447.8178388220074,-20.4,0.8875,61.2,0.8850347366885415,long_nclose,54.16412588533874,0.03741650951861682,2.0
1700625180000.0,468233,1700625180000.0,0.0,-0.0036209999999999997,1447.5960237073461,1447.7305778220075,20.4,0.8875,81.6,0.8856510525164063,long_ientry_partial,72.26912588533875,0.04992354545175862,7.0
1700625180000.0,468233,1700625180000.0,0.02828889649898292,-0.00271575,1447.621596853845,1447.7309220720072,-15.3,0.8875,66.3,0.8856510525164063,long_nclose,58.71866478183774,0.0405621641107404,0.0
1700625300000.0,468235,1700625300000.0,0.040407633479296046,-0.0029307300000000003,1447.6590737573244,1447.7860113420074,-16.5,0.8881,49.8,0.8856510525164063,long_nclose,44.10542241531703,0.030466719143232863,2.0
1700625900000.0,468245,1700625900000.0,0.0,-0.0056445,1447.6534292573244,1447.7291868420075,31.8,0.8875,81.6,0.8863715982269245,long_ientry_partial,72.32792241531703,0.04996218083248193,10.0
1700626200000.0,468250,1700626200000.0,0.04953939617074168,-0.003626304,1447.6993423494953,1447.8846805380076,-20.4,0.8888,61.2,0.8863715982269245,long_nclose,54.24594181148778,0.03747044722936127,5.0
1700627520000.0,468272,1700627520000.0,0.03715454712805626,-0.0027197280000000002,1447.7337771686232,1447.8452408100075,-15.3,0.8888,45.9,0.8863715982269245,long_nclose,40.68445635861583,0.028102166986932953,22.0
1700627580000.0,468273,1700627580000.0,0.02768378021306153,-0.002026464,1447.7594344848362,1447.8708143460074,-11.4,0.8888,34.5,0.8863715982269245,long_nclose,30.579820138828893,0.021122169478184245,1.0
1700627820000.0,468277,1700627820000.0,0.08887662039036875,-0.00205643,1447.8462546752266,1448.0424079160073,-11.5,0.8941,23.0,0.8863715982269245,long_nclose,20.386546759219264,0.01408060192398831,4.0
1700627940000.0,468279,1700627940000.0,0.058735853475374133,-0.001359032,1447.903631496702,1448.0272688840073,-7.6,0.8941,15.4,0.8863715982269245,long_nclose,13.650122612694638,0.009427507684737602,2.0
1700629740000.0,468309,1700629740000.0,0.10031869365268146,-0.001385076,1448.0025651143549,1448.1098138080076,-7.7,0.8994,7.7,0.8863715982269245,long_nclose,6.825061306347319,0.00471343177890594,30.0
1700630280000.0,468318,1700630280000.0,0.049507926737686954,-0.000683544,1448.0513894970927,1448.1084402640076,-3.8,0.8994,3.9,0.8863715982269245,long_nclose,3.456849233085005,0.0023872420952446767,9.0
1700631420000.0,468337,1700631420000.0,0.010046922304998207,-0.00023246600000000002,1448.0612039533978,1448.0841577980077,-1.3,0.8941,2.6,0.8863715982269245,long_nclose,2.304566155390004,0.0015914839435641496,19.0
1700631540000.0,468339,1700631540000.0,0.006182721418460435,-0.00014305600000000002,1448.0672436188163,1448.0822347420078,-0.8,0.8941,1.8,0.8863715982269245,long_nclose,1.5954688768084642,0.0011017919808898387,2.0
1700631840000.0,468344,1700631840000.0,0.004637041063845326,-0.00010729199999999999,1448.0717733678803,1448.081167450008,-0.6,0.8941,1.2,0.8863715982269245,long_nclose,1.0636459178723092,0.0007345256895647615,5.0
1700632020000.0,468347,1700632020000.0,0.0030913607092302176,-7.152800000000001e-05,1448.0747932005895,1448.079775922008,-0.4,0.8941,0.8,0.8863715982269245,long_nclose,0.7090972785815396,0.0004896827718506626,3.0
1700632920000.0,468362,1700632920000.0,0.0015456803546151088,-3.5764000000000005e-05,1448.0763031169442,1448.080340158008,-0.2,0.8941,0.6,0.8863715982269245,long_nclose,0.5318229589361546,0.0003672616959420028,15.0
1700632980000.0,468363,1700632980000.0,0.0015456803546151088,-3.5764000000000005e-05,1448.077813033299,1448.0811043940082,-0.2,0.8941,0.4,0.8863715982269245,long_nclose,0.3545486392907698,0.0002448408753312049,1.0
1700633160000.0,468366,1700633160000.0,0.0007728401773075544,-1.7882000000000003e-05,1448.0785679914761,1448.081156512008,-0.1,0.8941,0.3,0.8863715982269245,long_nclose,0.2659114794680773,0.00018363056076225456,3.0
1700634840000.0,468394,1700634840000.0,0.0013028401773075517,-1.7988e-05,1448.0798528436533,1448.0824385240078,-0.1,0.8994,0.2,0.8863715982269245,long_nclose,0.1772743196453849,0.00012242026522036345,28.0
1700634900000.0,468395,1700634900000.0,0.0013028401773075517,-1.7988e-05,1448.0811376958304,1448.0824205360077,-0.1,0.8994,0.1,0.8863715982269245,long_nclose,0.08863715982269245,6.121007829970829e-05,1.0
1700634960000.0,468396,1700634960000.0,0.0013028401773075517,-1.7988e-05,1448.0824225480076,1448.0824225480076,-0.1,0.8994,0.0,0.8863715982269245,long_nclose,0.0,0.0,1.0
1700639220000.0,468467,1700639220000.0,0.0,-0.014481208000000002,1448.0679413400076,1448.1085413400076,81.2,0.8917,81.2,0.8917,long_ientry_normal,72.40604,0.050001825144334856,71.0
1700640360000.0,468486,1700640360000.0,0.05074999999999892,-0.0036304520000000006,1448.1150608880077,1448.3160308880078,-20.3,0.8942,60.9,0.8917,long_nclose,54.30453,0.037500148618507964,19.0
1700640660000.0,468491,1700640660000.0,0.03799999999999919,-0.002718368,1448.1503425200078,1448.2874425200077,-15.2,0.8942,45.7,0.8917,long_nclose,40.750690000000006,0.028139820019713865,5.0
1700642700000.0,468525,1700642700000.0,0.11855999999999875,-0.00273448,1448.2661680400076,1448.4949180400076,-15.2,0.8995,30.5,0.8917,long_nclose,27.19685,0.018778903077468493,34.0
1700643060000.0,468531,1700643060000.0,0.07877999999999917,-0.0018169899999999999,1448.3431310500077,1448.5165310500076,-10.1,0.8995,20.4,0.8917,long_nclose,18.19068,0.012559648062688207,6.0
1700643960000.0,468546,1700643960000.0,0.05303999999999944,-0.00122332,1448.3949477300077,1448.4942277300077,-6.8,0.8995,13.6,0.8917,long_nclose,12.12712,0.00837279915882487,15.0
1700644020000.0,468547,1700644020000.0,0.03509999999999963,-0.00080955,1448.4292381800078,1448.5029481800077,-4.5,0.8995,9.1,0.8917,long_nclose,8.11447,0.005602255040222787,1.0
1700644140000.0,468549,1700644140000.0,0.023399999999999754,-0.0005397,1448.4520984800079,1448.503948480008,-3.0,0.8995,6.1,0.8917,long_nclose,5.43937,0.003755298505009606,2.0
1700645460000.0,468571,1700645460000.0,0.015599999999999836,-0.0003598,1448.4673386800077,1448.5005486800078,-2.0,0.8995,4.1,0.8917,long_nclose,3.65597,0.0025240265364434764,22.0
1700645880000.0,468578,1700645880000.0,0.0262,-0.00036192000000000006,1448.4931767600078,1448.5202667600079,-2.0,0.9048,2.1,0.8917,long_nclose,1.8725700000000003,0.0012927710189070882,7.0
1700645940000.0,468579,1700645940000.0,0.0131,-0.00018096000000000003,1448.5060958000076,1448.5201758000076,-1.0,0.9048,1.1,0.8917,long_nclose,0.9808700000000001,0.0006771597322538481,1.0
1700646240000.0,468584,1700646240000.0,0.00655,-9.048000000000001e-05,1448.5125553200078,1448.5207753200077,-0.5,0.9048,0.6,0.8917,long_nclose,0.53502,0.0003693582068274186,5.0
1700647200000.0,468600,1700647200000.0,0.00393,-5.4288000000000006e-05,1448.5164310320079,1448.5206610320079,-0.3,0.9048,0.3,0.8917,long_nclose,0.26751,0.00018467860927846725,16.0
1700649780000.0,468643,1700649780000.0,0.0007799999999999919,-1.7990000000000002e-05,1448.5171930420079,1448.5189130420079,-0.1,0.8995,0.2,0.8917,long_nclose,0.17834000000000003,0.00012311900808403318,43.0
1700650020000.0,468647,1700650020000.0,0.0007799999999999919,-1.7990000000000002e-05,1448.517955052008,1448.518635052008,-0.1,0.8995,0.1,0.8917,long_nclose,0.08917000000000001,6.155947165791151e-05,4.0
1700650140000.0,468649,1700650140000.0,0.0007799999999999919,-1.7990000000000002e-05,1448.518717062008,1448.518717062008,-0.1,0.8995,0.0,0.8917,long_nclose,0.0,0.0,2.0
1700665620000.0,468907,1700665620000.0,0.0,-0.014480340000000001,1448.5042367220078,1448.4156867220079,80.5,0.8994,80.5,0.8994,long_ientry_normal,72.4017,0.049983768196526925,258.0
1700666160000.0,468916,1700666160000.0,0.05025000000000116,-0.003625638000000001,1448.550861084008,1448.719981084008,-20.1,0.9019,60.4,0.8994,long_nclose,54.32376,0.037502141940219745,9.0
1700666640000.0,468924,1700666640000.0,0.15879000000000038,-0.0036473460000000005,1448.706003738008,1449.0566137380079,-20.1,0.9073,40.3,0.8994,long_nclose,36.245819999999995,0.025019444874582637,8.0
1700666940000.0,468929,1700666940000.0,0.10586000000000025,-0.002431564,1448.8094321740077,1449.0300121740077,-13.4,0.9073,26.9,0.8994,long_nclose,24.193859999999997,0.01669913203401496,5.0
1700668140000.0,468949,1700668140000.0,0.07031000000000016,-0.0016149940000000002,1448.8781271800078,1449.0041271800078,-8.9,0.9073,18.0,0.8994,long_nclose,16.1892,0.011173610600022994,20.0
1700669160000.0,468966,1700669160000.0,0.04740000000000011,-0.00108876,1448.9244384200078,1449.012038420008,-6.0,0.9073,12.0,0.8994,long_nclose,10.7928,0.007448835642367315,17.0
1700669400000.0,468970,1700669400000.0,0.03160000000000007,-0.0007258400000000001,1448.9553125800078,1449.0185125800078,-4.0,0.9073,8.0,0.8994,long_nclose,7.1952,0.004965784615667847,4.0
1700669460000.0,468971,1700669460000.0,0.020540000000000048,-0.00047179599999999997,1448.9753807840077,1449.0196607840078,-2.6,0.9073,5.4,0.8994,long_nclose,4.85676,0.0033518581919398226,1.0
1700670600000.0,468990,1700670600000.0,0.0032500000000000753,-0.00023449400000000005,1448.9783962900076,1448.9902862900076,-1.3,0.9019,4.1,0.8994,long_nclose,3.6875399999999994,0.002544924071636712,19.0
1700671440000.0,469004,1700671440000.0,0.0,-0.013758112000000001,1448.9646381780076,1449.0009381780076,76.4,0.9004,80.5,0.9003490683229813,long_ientry_partial,72.4781,0.05002061340236514,14.0
1700672580000.0,469023,1700672580000.0,0.04926372670807604,-0.0036292560000000004,1449.0102726487155,1449.1703889220075,-20.1,0.9028,60.4,0.9003490683229813,long_nclose,54.38108372670807,0.03752981241968856,19.0
1700672820000.0,469027,1700672820000.0,0.037009068322982494,-0.002726456,1449.0445552610386,1449.1465224660076,-15.1,0.9028,45.3,0.9003490683229813,long_nclose,40.78581279503105,0.028146693382857146,4.0
1700673000000.0,469030,1700673000000.0,0.027695527950311407,-0.0020403280000000005,1449.0702104609888,1449.1773421380076,-11.3,0.9028,34.0,0.9003490683229813,long_nclose,30.611868322981366,0.021125179513036083,3.0
1700673420000.0,469037,1700673420000.0,0.02083291925465902,-0.00153476,1449.0895086202436,1449.1749573780075,-8.5,0.9028,25.5,0.9003490683229813,long_nclose,22.958901242236024,0.01584367363483049,7.0
1700674560000.0,469056,1700674560000.0,0.06673291925465868,-0.0015439400000000002,1449.1546975994984,1449.2881634380076,-8.5,0.9082,17.0,0.9003490683229813,long_nclose,15.305934161490683,0.010561973947187777,19.0
1700675940000.0,469079,1700675940000.0,0.043965217391304545,-0.001017184,1449.1976456328898,1449.2882862540077,-5.6,0.9082,11.4,0.9003490683229813,long_nclose,10.263979378881988,0.007082525568415155,23.0
1700676360000.0,469086,1700676360000.0,0.02983354037267094,-0.000690232,1449.2267889412626,1449.289496022008,-3.8,0.9082,7.6,0.9003490683229813,long_nclose,6.8426529192546575,0.0047215887613101465,7.0
1700676660000.0,469091,1700676660000.0,0.019627329192546672,-0.00045410000000000003,1449.2459621704552,1449.286511922008,-2.5,0.9082,5.1,0.9003490683229813,long_nclose,4.591780248447204,0.0031683926457661818,5.0
1700676840000.0,469094,1700676840000.0,0.013346583850931737,-0.000308788,1449.2589999663062,1449.2914731340081,-1.7,0.9082,3.4,0.9003490683229813,long_nclose,3.0611868322981364,0.002112242761555599,3.0
1700676960000.0,469096,1700676960000.0,0.022526583850931668,-0.00031062399999999996,1449.2812159261573,1449.3071425100081,-1.7,0.9136,1.7,0.9003490683229813,long_nclose,1.5305934161490682,0.0010561051915455543,2.0
1700677020000.0,469097,1700677020000.0,0.03153658385093181,-0.00031242600000000003,1449.3124400840084,1449.3124400840084,-1.7,0.9189,0.0,0.9003490683229813,long_nclose,0.0,0.0,1.0
1700737980000.0,470113,1700737980000.0,0.0,-0.014497020000000001,1449.2979430640085,1449.2437630640084,77.4,0.9365,77.4,0.9365,long_ientry_normal,72.4851,0.05001393974710049,1016.0
1700739000000.0,470130,1700739000000.0,0.050180000000000904,-0.003624926,1449.3444981380085,1449.5362281380085,-19.3,0.9391,58.1,0.9365,long_nclose,54.410650000000004,0.03754155762822577,17.0
1700740140000.0,470149,1700740140000.0,0.03770000000000068,-0.0027233900000000004,1449.3794747480085,1449.4666747480085,-14.5,0.9391,43.6,0.9365,long_nclose,40.8314,0.02817164221750761,19.0
1700740380000.0,470153,1700740380000.0,0.0,-0.006331415999999999,1449.3731433320086,1449.5245633320085,33.8,0.9366,77.4,0.9365436692506459,long_ientry_partial,72.48848,0.05001367683228489,4.0
1700741160000.0,470166,1700741160000.0,0.049337183462534705,-0.003624926,1449.4188555894711,1449.5964284060087,-19.3,0.9391,58.1,0.9365436692506459,long_nclose,54.413187183462526,0.037541382170948066,13.0
1700742900000.0,470195,1700742900000.0,0.0,-0.0036156620000000004,1449.4152399274712,1449.4243227440088,19.3,0.9367,77.4,0.9365826509491282,long_ientry_partial,72.49149718346253,0.05001430589834974,29.0
1700745180000.0,470233,1700745180000.0,0.05051483668182677,-0.0036253120000000003,1449.462129452153,1449.5793374320087,-19.3,0.9392,58.1,0.9365826509491282,long_nclose,54.41545202014435,0.03754182390450692,38.0
1700745300000.0,470235,1700745300000.0,0.0,-0.003615276,1449.4585141761531,1449.444042156009,19.3,0.9366,77.4,0.9365869770044488,long_ientry_partial,72.49183202014434,0.050013043706426764,2.0
1700762820000.0,470527,1700762820000.0,0.050431343814138496,-0.0036253120000000003,1449.5053202079673,1449.6571368440088,-19.3,0.9392,58.1,0.9365869770044488,long_nclose,54.41570336395848,0.037540878674492344,292.0
1700764980000.0,470563,1700764980000.0,0.0,-0.0036441600000000005,1449.5016760479673,1449.343572684009,19.5,0.9344,77.6,0.936037414484001,long_ientry_partial,72.63650336395847,0.05011136210756252,36.0
1700771220000.0,470667,1700771220000.0,0.04971415901038005,-0.003641768,1449.5477484389776,1449.6968909160087,-19.4,0.9386,58.2,0.936037414484001,long_nclose,54.477377522968865,0.03758232702691976,104.0
1700771340000.0,470669,1700771340000.0,0.03715748998198509,-0.00272194,1449.5821839889597,1449.6985389760089,-14.5,0.9386,43.7,0.936037414484001,long_nclose,40.90483501295085,0.028218362135487163,2.0
1700772300000.0,470685,1700772300000.0,0.0,-0.0063291300000000005,1449.5758548589597,1449.4494498460087,33.9,0.9335,77.6,0.9349289305792635,long_ientry_partial,72.55048501295084,0.050049457411809495,16.0
1700773080000.0,470698,1700773080000.0,0.049878746762287755,-0.0036375,1449.622096105722,1449.7717323460088,-19.4,0.9375,58.2,0.9349289305792635,long_nclose,54.41286375971314,0.037535895669559914,13.0
1700773260000.0,470701,1700773260000.0,0.037280506600679,-0.0027187500000000002,1449.6566578623226,1449.7296835960087,-14.5,0.9375,43.7,0.9349289305792635,long_nclose,40.85639426631382,0.028183497136874496,3.0
1700773500000.0,470705,1700773500000.0,0.02802465668602766,-0.00204375,1449.6826387690087,1449.7800898460089,-10.9,0.9375,32.8,0.9349289305792635,long_nclose,30.665668922999842,0.02115336702179137,4.0
1700774160000.0,470716,1700774160000.0,0.021082769250039154,-0.0015374999999999998,1449.7021840382588,1449.797412346009,-8.2,0.9375,24.6,0.9349289305792635,long_nclose,22.999251692249885,0.0158648113698661,11.0
1700774400000.0,470720,1700774400000.0,0.015683523466492544,-0.00114375,1449.7167238117254,1449.767988596009,-6.1,0.9375,18.5,0.9349289305792635,long_nclose,17.296185215716374,0.011930734419783536,4.0
1700780400000.0,470820,1700780400000.0,0.049843523466492845,-0.001150582,1449.7654167531919,1449.877898014009,-6.1,0.9431,12.4,0.9349289305792635,long_nclose,11.593118739182868,0.007996547996810495,100.0
1700781000000.0,470830,1700781000000.0,0.03350138462501978,-0.000773342,1449.7981447958168,1449.8659646720089,-4.1,0.9431,8.3,0.9349289305792635,long_nclose,7.759910123807888,0.005352407265565069,10.0
1700781240000.0,470834,1700781240000.0,0.022061887435988636,-0.0005092740000000001,1449.8196974092527,1449.8654553980089,-2.7,0.9431,5.6,0.9349289305792635,long_nclose,5.235602011243875,0.003611209049373246,4.0
1700781300000.0,470835,1700781300000.0,0.014707924957325758,-0.00033951600000000005,1449.83406581821,1449.864735882009,-1.8,0.9431,3.8,0.9349289305792635,long_nclose,3.5527299362012013,0.0024504389984768547,1.0
1700782380000.0,470853,1700782380000.0,0.009805283304883838,-0.000226344,1449.8436447575148,1449.8669695380088,-1.2,0.9431,2.6,0.9349289305792635,long_nclose,2.4308152195060853,0.0016766050796550806,18.0
1700783220000.0,470867,1700783220000.0,0.006536855536589226,-0.00015089600000000003,1449.8500307170514,1449.8650986420087,-0.8,0.9431,1.8,0.9349289305792635,long_nclose,1.6828720750426744,0.0011607214811109653,14.0
1700783520000.0,470872,1700783520000.0,0.004902641652441919,-0.000113172,1449.8548201867038,1449.8649854700086,-0.6,0.9431,1.2,0.9349289305792635,long_nclose,1.1219147166951162,0.0007738117645121479,5.0
1700784660000.0,470891,1700784660000.0,0.008262641652441881,-0.00011384399999999999,1449.8629689843563,1449.8744116260086,-0.6,0.9487,0.6,0.9349289305792635,long_nclose,0.5609573583475581,0.0003869037076935032,19.0
1700784720000.0,470892,1700784720000.0,0.011562641652441918,-0.00011450400000000001,1449.8744171220087,1449.8744171220087,-0.6,0.9542,0.0,0.9349289305792635,long_nclose,0.0,0.0,1.0
1700856240000.0,472084,1700856240000.0,0.0,-0.014507817999999999,1449.8599093040086,1449.9416393040087,74.3,0.9763,74.3,0.9763,long_ientry_normal,72.53908999999999,0.050031792405944714,1192.0
1700856840000.0,472094,1700856840000.0,0.04995000000000066,-0.0036223,1449.9062370040087,1450.0847970040088,-18.5,0.979,55.8,0.9763,long_nclose,54.47754,0.03757314687642755,10.0
1700857140000.0,472099,1700857140000.0,0.0375300000000005,-0.00272162,1449.9410453840087,1450.0541753840087,-13.9,0.979,41.9,0.9763,long_nclose,40.906969999999994,0.02821285053639268,5.0
1700857200000.0,472100,1700857200000.0,0.028080000000000372,-0.00203632,1449.9670890640089,1450.0615890640088,-10.4,0.979,31.5,0.9763,long_nclose,30.753449999999997,0.0212097572641129,1.0
1700858040000.0,472114,1700858040000.0,0.021060000000000276,-0.00152724,1449.9866218240088,1450.0577218240087,-7.8,0.979,23.7,0.9763,long_nclose,23.138309999999997,0.015957602402491954,14.0
1700858940000.0,472129,1700858940000.0,0.01593000000000021,-0.0011552200000000002,1450.0013966040087,1450.0672566040087,-5.9,0.979,17.8,0.9763,long_nclose,17.37814,0.011984912594360707,15.0
1700860320000.0,472152,1700860320000.0,0.050150000000000375,-0.0011620640000000002,1450.0503845400087,1450.1503445400087,-5.9,0.9848,11.9,0.9763,long_nclose,11.61797,0.008012114698818209,23.0
1700860380000.0,472153,1700860380000.0,0.03315000000000024,-0.000768144,1450.0827663960088,1450.1539663960089,-3.9,0.9848,8.0,0.9763,long_nclose,7.8104,0.005386175314262736,1.0
1700860800000.0,472160,1700860800000.0,0.022100000000000165,-0.0005120960000000001,1450.1043543000087,1450.1464743000088,-2.6,0.9848,5.4,0.9763,long_nclose,5.27202,0.0036356142124301795,7.0
1700862660000.0,472191,1700862660000.0,0.015300000000000114,-0.000354528,1450.1192997720088,1450.150619772009,-1.8,0.9848,3.6,0.9763,long_nclose,3.51468,0.00242371782828667,31.0
1700863920000.0,472212,1700863920000.0,0.0,-0.013795239999999999,1450.1055045320088,1450.063504532009,70.6,0.977,74.2,0.976966037735849,long_ientry_partial,72.49088,0.04999007297982426,21.0
1700864160000.0,472216,1700864160000.0,0.05057830188679374,-0.00362489,1450.1524579438956,1450.4439896420088,-18.5,0.9797,55.7,0.976966037735849,long_nclose,54.417008301886796,0.03752502573353023,4.0
1700864520000.0,472222,1700864520000.0,0.15787830188679425,-0.0036463500000000005,1450.3066898957823,1450.6129932920087,-18.5,0.9855,37.2,0.976966037735849,long_nclose,36.34313660377359,0.0250589319190034,6.0
1700864580000.0,472223,1700864580000.0,0.1058211320754729,-0.00244404,1450.4100669878578,1450.6341092520088,-12.4,0.9855,24.8,0.976966037735849,long_nclose,24.228757735849054,0.016704763905952595,1.0
1700865060000.0,472231,1700865060000.0,0.06997849056603853,-0.00161622,1450.4784292584238,1450.6234130320088,-8.2,0.9855,16.6,0.976966037735849,long_nclose,16.217636226415095,0.011180887560462774,8.0
1700865540000.0,472239,1700865540000.0,0.04693679245283072,-0.00108405,1450.5242820008768,1450.617898982009,-5.5,0.9855,11.1,0.976966037735849,long_nclose,10.844323018867923,0.007476140284883123,8.0
1700865900000.0,472245,1700865900000.0,0.03157566037735885,-0.0007292700000000001,1450.5551283912541,1450.6219797120089,-3.7,0.9855,7.4,0.976966037735849,long_nclose,7.2295486792452825,0.004983987535353621,6.0
1700867040000.0,472264,1700867040000.0,0.004921132075471824,-0.00035269200000000004,1450.5596968313296,1450.5755670200087,-1.8,0.9797,5.6,0.976966037735849,long_nclose,5.471009811320754,0.0037716543643614834,19.0
1700867220000.0,472267,1700867220000.0,0.003827547169811418,-0.00027431600000000003,1450.5632500624993,1450.5776727040086,-1.4,0.9797,4.2,0.976966037735849,long_nclose,4.103257358490566,0.0028287338441214285,3.0
1700867760000.0,472276,1700867760000.0,0.002733962264151013,-0.00019594000000000002,1450.5657880847634,1450.5783767640087,-1.0,0.9797,3.2,0.976966037735849,long_nclose,3.126291320754717,0.002155222015047299,9.0
1700868420000.0,472287,1700868420000.0,0.00853396226415104,-0.00019710000000000002,1450.5741249470277,1450.5964196640089,-1.0,0.9855,2.2,0.976966037735849,long_nclose,2.149325283018868,0.0014817066195065057,11.0
1700869200000.0,472300,1700869200000.0,0.015767358490566055,-0.000218086,1450.5896742195184,1450.605331578009,-1.1,0.9913,1.1,0.976966037735849,long_nclose,1.074662641509434,0.00074084536834143,13.0
1700869920000.0,472312,1700869920000.0,0.007166981132075478,-9.913e-05,1450.5967420706504,1450.605642448009,-0.5,0.9913,0.6,0.976966037735849,long_nclose,0.5861796226415094,0.0004040955047263989,12.0
1700870280000.0,472318,1700870280000.0,0.004300188679245287,-5.9478e-05,1450.6009827813298,1450.605192970009,-0.3,0.9913,0.3,0.976966037735849,long_nclose,0.2930898113207547,0.00020204716169348988,6.0
1700870340000.0,472319,1700870340000.0,0.0014333962264150958,-1.9826e-05,1450.6023963515563,1450.6052031440092,-0.1,0.9913,0.2,0.976966037735849,long_nclose,0.19539320754716982,0.00013469797653623613,1.0
1700870640000.0,472324,1700870640000.0,0.0008533962264151041,-1.9710000000000003e-05,1450.6032300377826,1450.6040334340091,-0.1,0.9855,0.1,0.976966037735849,long_nclose,0.09769660377358491,6.734894956151468e-05,5.0
1700870940000.0,472329,1700870940000.0,0.0008533962264151041,-1.9710000000000003e-05,1450.604063724009,1450.604063724009,-0.1,0.9855,0.0,0.976966037735849,long_nclose,0.0,0.0,5.0
1700872320000.0,472352,1700872320000.0,0.0,-0.014498405999999998,1450.589565318009,1450.5747453180088,74.1,0.9783,74.1,0.9783,long_ientry_normal,72.49202999999999,0.04997418410638281,23.0
1700874780000.0,472393,1700874780000.0,0.04995000000000066,-0.0036297,1450.635885618009,1450.7915656180091,-18.5,0.981,55.6,0.9783,long_nclose,54.39348,0.037496301131987333,41.0
1700874900000.0,472395,1700874900000.0,0.0375300000000005,-0.00272718,1450.6706884380092,1450.770768438009,-13.9,0.981,41.7,0.9783,long_nclose,40.79511,0.02812155117294443,2.0
1700875200000.0,472400,1700875200000.0,0.028080000000000372,-0.0020404800000000003,1450.6967279580092,1450.7874979580092,-10.4,0.981,31.3,0.9783,long_nclose,30.62079,0.02110764394092321,5.0
1700875440000.0,472404,1700875440000.0,0.0,-0.008392956,1450.6883350020091,1450.588745002009,42.9,0.9782,74.2,0.9782421832884096,long_ientry_partial,72.58556999999999,0.05003526136432293,4.0
1700876040000.0,472414,1700876040000.0,0.051019609164421775,-0.0036297,1450.7357249111735,1450.906045302009,-18.5,0.981,55.7,0.9782421832884096,long_nclose,54.48808960916442,0.037558935561816845,10.0
1700877060000.0,472431,1700877060000.0,0.15831960916442228,-0.0036511600000000005,1450.890393360338,1451.2273441420093,-18.5,0.9868,37.2,0.9782421832884096,long_nclose,36.39060921832884,0.025081570175708646,17.0
1700878920000.0,472462,1700878920000.0,0.10611692722372089,-0.002447264,1450.9940630235617,1451.236056878009,-12.4,0.9868,24.8,0.9782421832884096,long_nclose,24.260406145552558,0.01671985210952487,31.0
1700879220000.0,472467,1700879220000.0,0.17803692722372122,-0.0024616480000000003,1451.1696383027854,1451.341475230009,-12.4,0.9926,12.4,0.9782421832884096,long_nclose,12.130203072776279,0.008358914597305901,5.0
1700879280000.0,472468,1700879280000.0,0.08901846361186061,-0.0012308240000000002,1451.2574259423973,1451.3408644060091,-6.2,0.9926,6.2,0.9782421832884096,long_nclose,6.0651015363881395,0.004179204480176678,1.0
1700879400000.0,472470,1700879400000.0,0.044509231805930305,-0.0006154120000000001,1451.3013197622033,1451.3576089940093,-3.1,0.9926,3.1,0.9782421832884096,long_nclose,3.0325507681940698,0.0020895390412040385,2.0
1700879760000.0,472476,1700879760000.0,0.062489231805930044,-0.000619008,1451.3631899860093,1451.3631899860093,-3.1,0.9984,0.0,0.9782421832884096,long_nclose,0.0,0.0,6.0
1700955180000.0,473733,1700955180000.0,0.0,-0.014513514000000002,1451.3486764720092,1451.0762164720093,71.7,1.0121,71.7,1.0121,long_ientry_normal,72.56757,0.050000093827487324,1257.0
1700956320000.0,473752,1700956320000.0,0.05011999999999845,-0.003633342,1451.3951631300092,1451.5834631300092,-17.9,1.0149,53.8,1.0121,long_nclose,54.450979999999994,0.03751630250894155,19.0
1700956800000.0,473760,1700956800000.0,0.15751999999999855,-0.0036548219999999994,1451.5490283080092,1451.9008483080092,-17.9,1.0209,35.9,1.0121,long_nclose,36.33439,0.025031459007866238,8.0
1700957400000.0,473770,1700957400000.0,0.0,-0.0072473519999999994,1451.5417809560092,1451.4665009560092,35.8,1.0122,71.7,1.012149930264993,long_ientry_partial,72.57115,0.049995908455493066,10.0
1700957700000.0,473775,1700957700000.0,0.05101624825662349,-0.0036336999999999997,1451.589163504266,1451.7586372560095,-17.9,1.015,53.8,1.012149930264993,long_nclose,54.45366624825662,0.037513139128705394,5.0
1700957760000.0,473776,1700957760000.0,0.0,-0.0036236759999999997,1451.585539828266,1451.5882335800095,17.9,1.0122,71.7,1.0121624302406782,long_ientry_partial,72.57204624825663,0.04999501872748227,1.0
1700957880000.0,473778,1700957880000.0,0.050792498691858444,-0.0036336999999999997,1451.632698626958,1451.7638398800095,-17.9,1.015,53.8,1.0121624302406782,long_nclose,54.45433874694849,0.03751247736321639,2.0
1700957940000.0,473779,1700957940000.0,0.03802343477491079,-0.0027202,1451.6680018617328,1451.7624396800095,-13.4,1.015,40.4,1.0121624302406782,long_nclose,40.891362181723395,0.02816853586996552,1.0
1700958000000.0,473780,1700958000000.0,0.028659454569149177,-0.0020502999999999997,1451.694611016302,1451.7805893800094,-10.1,1.015,30.3,1.0121624302406782,long_nclose,30.66852163629255,0.02112601466145978,1.0
1700958060000.0,473781,1700958060000.0,0.021281773194912756,-0.0015224999999999998,1451.7143702894969,1451.8109868800093,-7.5,1.015,22.8,1.0121624302406782,long_nclose,23.077303409487463,0.015896586740327887,1.0
1700958180000.0,473783,1700958180000.0,0.016174147628133694,-0.0011571,1451.729387337125,1451.7813297800094,-5.7,1.015,17.1,1.0121624302406782,long_nclose,17.3079775571156,0.011922316726578938,2.0
1700958300000.0,473785,1700958300000.0,0.0,-0.011053224,1451.718334113125,1451.6759565560094,54.6,1.0122,71.7,1.0121910398481953,long_ientry_partial,72.5740975571156,0.04999185851121191,2.0
1700958300000.0,473785,1700958300000.0,0.011797632637579537,-0.0008526,1451.7292791457626,1451.6893839560094,-4.2,1.015,67.5,1.0121910398481953,long_nclose,68.32289518975318,0.047063110299708395,0.0
1700960160000.0,473816,1700960160000.0,0.04719053055031815,-0.0034104,1451.773059276313,1451.9205435560095,-16.8,1.015,50.7,1.0121910398481953,long_nclose,51.3180857203035,0.035348559055011525,31.0
1700960460000.0,473821,1700960460000.0,0.0,-0.004250820000000001,1451.768808456313,1451.7068327360096,21.0,1.0121,71.7,1.0121643754575105,long_ientry_partial,72.57218572030351,0.04998880351856476,5.0
1701014040000.0,474714,1701014040000.0,0.0,-0.019925526000000002,1451.7488829303131,1449.9721872100097,101.9,0.9777,173.6,0.9919344223519788,long_rentry,172.19981572030352,0.11861542842913932,893.0
1701073440000.0,475704,1701073440000.0,0.12002606992412057,-0.008633996000000001,1451.860275004237,1452.1031732140095,-43.4,0.9947,130.2,0.9919344223519788,long_nclose,129.14986179022762,0.08895474586206356,990.0
1701073500000.0,475705,1701073500000.0,0.08988127356068937,-0.0064655500000000005,1451.9436907277977,1452.1845776640093,-32.5,0.9947,97.7,0.9919344223519788,long_nclose,96.91199306378833,0.06674638533344944,1.0
1701073560000.0,475706,1701073560000.0,0.06748009461171756,-0.004854136,1452.0063166864095,1452.3483035280094,-24.4,0.9947,73.3,0.9919344223519788,long_nclose,72.70879315840004,0.050074708575873914,1.0
1701073680000.0,475708,1701073680000.0,0.21144009461171523,-0.004882928,1452.2128738530214,1452.6708506000095,-24.4,1.0006,48.9,0.9919344223519788,long_nclose,48.50559325301176,0.033401159104392446,2.0
1701078840000.0,475794,1701078840000.0,0.0,-0.00494172,1452.2079321330214,1451.6487888800095,25.2,0.9805,74.1,0.988045792888148,long_ientry_partial,73.21419325301176,0.05041577836961256,86.0
1701095580000.0,476073,1701095580000.0,0.0,-0.020099664000000003,1452.1878324690213,1450.0355392160095,105.3,0.9544,179.4,0.9682971753233653,long_rentry,173.71251325301174,0.11962124276834378,279.0
1701105060000.0,476231,1701105060000.0,0.1210865455132314,-0.00870016,1452.3002188545345,1452.6505590560096,-44.8,0.971,134.6,0.9682971753233653,long_nclose,130.33279979852497,0.08974232607450938,158.0
1701105300000.0,476235,1701105300000.0,0.09081490913492356,-0.00652512,1452.3845086436693,1452.5766939360094,-33.6,0.971,101.0,0.9682971753233653,long_nclose,97.7980147076599,0.06733617311781301,4.0
1701114480000.0,476388,1701114480000.0,0.0,-0.02682876,1452.3576798836693,1448.3632151760094,143.5,0.9348,244.5,0.9486372789679341,long_rentry,231.9418147076599,0.15970020189946454,153.0
1701126060000.0,476581,1701126060000.0,0.16269225505922555,-0.011624886000000001,1452.5087472527287,1453.0337702900094,-61.1,0.9513,183.4,0.9486372789679341,long_nclose,173.98007696271912,0.1197790218418888,193.0
1701126300000.0,476585,1701126300000.0,0.1219526232686175,-0.008713908,1452.6219859679975,1453.0021363820097,-45.8,0.9513,137.6,0.9486372789679341,long_nclose,130.53248958598775,0.08985991596361773,4.0
1701126480000.0,476588,1701126480000.0,0.09159760350306642,-0.006544944,1452.7070386275004,1453.0540714380097,-34.4,0.9513,103.2,0.9486372789679341,long_nclose,97.8993671894908,0.06739099115399406,3.0
1701130680000.0,476658,1701130680000.0,0.06869820262729982,-0.004908708,1452.7708281221278,1452.9769227300096,-25.8,0.9513,77.4,0.9486372789679341,long_nclose,73.42452539211811,0.05054102406986496,70.0
1701130860000.0,476661,1701130860000.0,0.051390515918871574,-0.003672018,1452.8185466200466,1453.0313507120097,-19.3,0.9513,58.1,0.9486372789679341,long_nclose,55.115825908036975,0.03793717118786984,3.0
1701132300000.0,476685,1701132300000.0,0.15947051591887038,-0.0036936340000000003,1452.9743235019655,1453.3065570780097,-19.3,0.9569,38.8,0.9486372789679341,long_nclose,36.80712642395584,0.025332262125075364,24.0
1701132540000.0,476689,1701132540000.0,0.10658910131364911,-0.0024688020000000004,1453.078443801279,1453.2976282760096,-12.9,0.9569,25.9,0.9486372789679341,long_nclose,24.569705525269494,0.016908726180669714,4.0
1701133620000.0,476707,1701133620000.0,0.0,-0.009608130000000001,1453.068835671279,1453.1454401460094,50.5,0.9513,76.4,0.9503973236291818,long_ientry_partial,72.6103555252695,0.049970348095536334,18.0
1701149700000.0,476975,1701149700000.0,0.0,-0.01992277,1453.048912901279,1450.5813973760094,108.5,0.9181,184.9,0.9314451353448865,long_rentry,172.22420552526953,0.1185260895184817,268.0
1701170280000.0,477318,1701170280000.0,0.11803474706624668,-0.008630160000000001,1453.1583174883453,1453.5542872160097,-46.2,0.934,138.7,0.9314451353448865,long_nclose,129.19144027233574,0.08890389898853666,343.0
1701170640000.0,477324,1701170640000.0,0.08839831706692934,-0.006463280000000001,1453.2402525254124,1453.5166239360096,-34.6,0.934,104.1,0.9314451353448865,long_nclose,96.96343858940268,0.0667222356529841,6.0
1701170820000.0,477327,1701170820000.0,0.06642648103295268,-0.0048568000000000005,1453.3018222064454,1453.5325971360098,-26.0,0.934,78.1,0.9314451353448865,long_nclose,72.74586507043563,0.05005557961799754,3.0
1701172800000.0,477360,1701172800000.0,0.21202648103295108,-0.00488592,1453.5089627674784,1453.9286212160098,-26.0,0.9396,52.1,0.9314451353448865,long_nclose,48.528291551468584,0.03338699161446573,33.0
1701172860000.0,477361,1701172860000.0,0.14107915853346362,-0.0032510160000000002,1453.646790910012,1453.84706020001,-17.3,0.9396,34.8,0.9314451353448865,long_nclose,32.41429071000205,0.02229860163603433,1.0
1701173340000.0,477369,1701173340000.0,0.02222732249948801,-0.00162516,1453.6673930725115,1453.75756504001,-8.7,0.934,26.1,0.9314451353448865,long_nclose,24.310718032501537,0.01672371420612093,8.0
1701174840000.0,477394,1701174840000.0,0.01660662025823817,-0.0012142000000000001,1453.6827854927697,1453.7387408400098,-6.5,0.934,19.6,0.9314451353448865,long_nclose,18.256324652759776,0.01255867155816339,25.0
1701174960000.0,477396,1701174960000.0,0.012518836810056467,-0.0009153200000000002,1453.6943890095797,1453.7481155200098,-4.9,0.934,14.7,0.9314451353448865,long_nclose,13.692243489569831,0.009418928485304625,2.0
1701175140000.0,477399,1701175140000.0,0.009197512758408832,-0.00067248,1453.702914042338,1453.72794304001,-3.6,0.934,11.1,0.9314451353448865,long_nclose,10.339041002328239,0.007112210412771534,3.0
1701175200000.0,477400,1701175200000.0,0.006898134568806624,-0.00050436,1453.7093078169069,1453.72404868001,-2.7,0.934,8.4,0.9314451353448865,long_nclose,7.824139136897047,0.005382189613029904,1.0
1701176460000.0,477421,1701176460000.0,0.0,-0.012981403999999998,1453.696326412907,1453.6520672760098,69.8,0.9299,78.2,0.9300659736176092,long_ientry_partial,72.73115913689705,0.05003187929652822,21.0
1701177420000.0,477437,1701177420000.0,0.04941351445661968,-0.0036371400000000005,1453.7421027873636,1453.92020013601,-19.5,0.9326,58.7,0.9300659736176092,long_nclose,54.59487265135366,0.03755471658052347,16.0
1701177900000.0,477445,1701177900000.0,0.03699678518290499,-0.002723192,1453.7763763805465,1453.94545694401,-14.6,0.9326,44.1,0.9300659736176092,long_nclose,41.01590943653657,0.028213355302039986,8.0
1701179160000.0,477466,1701179160000.0,0.11957018782114479,-0.002758308,1453.8931882603677,1454.14702863601,-14.7,0.9382,29.4,0.9300659736176092,long_nclose,27.34393962435771,0.018807392348454192,21.0
1701179580000.0,477473,1701179580000.0,0.07971345854742987,-0.0018388720000000003,1453.9710628469152,1454.15400976401,-9.8,0.9382,19.6,0.9300659736176092,long_nclose,18.22929308290514,0.01253759001723988,7.0
1701180960000.0,477496,1701180960000.0,0.052871171485540214,-0.00121966,1454.0227143584007,1454.12665010401,-6.5,0.9382,13.1,0.9300659736176092,long_nclose,12.18386425439068,0.008379418102671739,23.0
1701181020000.0,477497,1701181020000.0,0.03497631344428045,-0.0008068519999999999,1454.0568838198449,1454.1240632520098,-4.3,0.9382,8.8,0.9300659736176092,long_nclose,8.184580567834962,0.005628789807957071,1.0
1701181200000.0,477500,1701181200000.0,0.023588676508933325,-0.0005441560000000001,1454.079928340354,1454.13499909601,-2.9,0.9382,5.9,0.9300659736176092,long_nclose,5.487389244343895,0.0037737879035350187,3.0
1701183480000.0,477538,1701183480000.0,0.015454650126542523,-0.000356516,1454.0950264744804,1454.12876258001,-1.9,0.9382,4.0,0.9300659736176092,long_nclose,3.720263894470437,0.002558473708207631,38.0
1701183780000.0,477543,1701183780000.0,0.010574234297108043,-0.00024393200000000006,1454.1053567767774,1454.1302886480098,-1.3,0.9382,2.7,0.9300659736176092,long_nclose,2.511178128767545,0.0017269574842457864,5.0
1701185400000.0,477570,1701185400000.0,0.007320623744151722,-0.00016887600000000001,1454.1125085245214,1454.1275097720097,-0.9,0.9382,1.8,0.9300659736176092,long_nclose,1.6741187525116967,0.0011512993270447927,27.0
1701186000000.0,477580,1701186000000.0,0.004880415829434481,-0.000112584,1454.1172763563509,1454.1276371880097,-0.6,0.9382,1.2,0.9300659736176092,long_nclose,1.116079168341131,0.0007675303680716472,10.0
1701186180000.0,477583,1701186180000.0,0.00818041582943445,-0.00011324399999999999,1454.1253435281803,1454.1335239440098,-0.6,0.9437,0.6,0.9300659736176092,long_nclose,0.5580395841705655,0.0003837630549898678,3.0
1701186240000.0,477584,1701186240000.0,0.004090207914717225,-5.6621999999999994e-05,1454.129377114095,1454.1332273220096,-0.3,0.9437,0.3,0.9300659736176092,long_nclose,0.27901979208528277,0.0001918809952378743,1.0
1701186300000.0,477585,1701186300000.0,0.0013634026382390752,-1.8874000000000003e-05,1454.130721642733,1454.1335684480096,-0.1,0.9437,0.2,0.9300659736176092,long_nclose,0.18601319472352185,0.00012792054521300707,1.0
1701187080000.0,477598,1701187080000.0,0.0013634026382390752,-1.8874000000000003e-05,1454.1320661713712,1454.1334295740094,-0.1,0.9437,0.1,0.9300659736176092,long_nclose,0.09300659736176092,6.396021346715834e-05,13.0
1701187140000.0,477599,1701187140000.0,0.0013634026382390752,-1.8874000000000003e-05,1454.1334107000093,1454.1334107000093,-0.1,0.9437,0.0,0.9300659736176092,long_nclose,0.0,0.0,1.0
1701245940000.0,478579,1701245940000.0,0.0,-0.014535408,1454.1188752920093,1454.1037152920094,75.8,0.9588,75.8,0.9588,long_ientry_normal,72.67703999999999,0.04998012283239589,980.0
1701247560000.0,478606,1701247560000.0,0.05103000000000067,-0.00363447,1454.1662708220094,1454.3654208220094,-18.9,0.9615,56.9,0.9588,long_nclose,54.55572,0.0375168377197752,27.0
1701248940000.0,478629,1701248940000.0,0.1587599999999993,-0.0036560159999999998,1454.3213748060095,1454.6405748060095,-18.9,0.9672,38.0,0.9588,long_nclose,36.4344,0.02505250945985714,23.0
1701249000000.0,478630,1701249000000.0,0.10583999999999953,-0.002437344,1454.4247774620094,1454.6559174620095,-12.6,0.9672,25.4,0.9588,long_nclose,24.35352,0.01674443421027055,1.0
1701251340000.0,478669,1701251340000.0,0.07055999999999969,-0.001624896,1454.4937125660092,1454.6382125660093,-8.4,0.9672,17.0,0.9588,long_nclose,16.299599999999998,0.011206373639968742,39.0
1701251700000.0,478675,1701251700000.0,0.04703999999999979,-0.001083264,1454.539669302009,1454.6479693020092,-5.6,0.9672,11.4,0.9588,long_nclose,10.93032,0.007514624888329886,6.0
1701252600000.0,478690,1701252600000.0,0.03191999999999986,-0.0007350719999999999,1454.570854230009,1454.649134230009,-3.8,0.9672,7.6,0.9588,long_nclose,7.286879999999999,0.005009642520203926,15.0
1701253560000.0,478706,1701253560000.0,0.0,-0.013091672,1454.557762558009,1454.557782558009,68.2,0.9598,75.8,0.9596997361477573,long_ientry_partial,72.74524,0.05001192931112548,16.0
1701253740000.0,478709,1701253740000.0,0.0510349868073881,-0.0036378720000000003,1454.6051596728164,1454.701904686009,-18.9,0.9624,56.9,0.9596997361477573,long_nclose,54.60691498680739,0.03754071310945308,3.0
1701253860000.0,478711,1701253860000.0,0.03834374670184715,-0.002733216,1454.6407702035183,1454.747531470009,-14.2,0.9624,42.7,0.9596997361477573,long_nclose,40.97917873350924,0.028171339325087013,2.0
1701253920000.0,478712,1701253920000.0,0.028622796833773223,-0.002040288,1454.667352712352,1454.7187211820092,-10.6,0.9624,32.1,0.9596997361477573,long_nclose,30.80636153034301,0.02117759876366367,1.0
1701253980000.0,478713,1701253980000.0,0.0,-0.008388652000000002,1454.6589640603522,1454.639442530009,43.7,0.9598,75.8,0.9597575399781402,long_ientry_partial,72.74962153034302,0.050011462018065646,1.0
1701257700000.0,478775,1701257700000.0,0.04994249441315136,-0.0036378720000000003,1454.7052686827656,1454.8613146580094,-18.9,0.9624,56.9,0.9597575399781402,long_nclose,54.61020402475617,0.037540390620985145,62.0
1701257940000.0,478779,1701257940000.0,0.03752293231041002,-0.002733216,1454.740058399076,1454.8657014420094,-14.2,0.9624,42.7,0.9597575399781402,long_nclose,40.98164695706659,0.028171113265531712,4.0
1701258240000.0,478784,1701258240000.0,0.02801007623171452,-0.002040288,1454.7660281873077,1454.8540611540095,-10.6,0.9624,32.1,0.9597575399781402,long_nclose,30.808217033298302,0.021177437770997773,5.0
1701258420000.0,478787,1701258420000.0,0.021139680174878883,-0.0015398400000000002,1454.7856280274825,1454.8589513140093,-8.0,0.9624,24.1,0.9597575399781402,long_nclose,23.13015671347318,0.01589935745023474,3.0
1701258660000.0,478791,1701258660000.0,0.015854760131159162,-0.00115488,1454.8003279076136,1454.8608264340091,-6.0,0.9624,18.1,0.9597575399781402,long_nclose,17.37161147360434,0.01194089054034604,4.0
1701259920000.0,478812,1701259920000.0,0.011891070098369372,-0.00086616,1454.8113528177118,1454.836410274009,-4.5,0.9624,13.6,0.9597575399781402,long_nclose,13.052702543702706,0.00897209285480343,21.0
1701259980000.0,478813,1701259980000.0,0.008984364074323525,-0.000654432,1454.8196827497864,1454.8670358420093,-3.4,0.9624,10.2,0.9597575399781402,long_nclose,9.789526907777029,0.00672903111214005,1.0
1701260640000.0,478824,1701260640000.0,0.006606150054649651,-0.00048120000000000004,1454.825807699841,1454.8600146420094,-2.5,0.9624,7.7,0.9597575399781402,long_nclose,7.3901330578316795,0.0050797373944829055,11.0
1701261000000.0,478830,1701261000000.0,0.02085615005464947,-0.00048405,1454.8461797998957,1454.8885205920094,-2.5,0.9681,5.2,0.9597575399781402,long_nclose,4.990739207886329,0.0034304239700260076,6.0
1701261060000.0,478831,1701261060000.0,0.014182182037161638,-0.000329154,1454.8600328279329,1454.8930814380094,-1.7,0.9681,3.5,0.9597575399781402,long_nclose,3.3591513899234906,0.002308917225112046,1.0
1701261900000.0,478845,1701261900000.0,0.024042182037161686,-0.000331126,1454.88374388397,1454.9081203120095,-1.7,0.9739,1.8,0.9597575399781402,long_nclose,1.7275635719606524,0.0011874237919166889,14.0
1701261960000.0,478846,1701261960000.0,0.012728214019673834,-0.000175302,1454.8962967959899,1454.9104650100096,-0.9,0.9739,0.9,0.9597575399781402,long_nclose,0.8637817859803262,0.0005937067733848582,1.0
1701262140000.0,478849,1701262140000.0,0.005656984008743926,-7.791200000000001e-05,1454.9018758679986,1454.9099970980094,-0.4,0.9739,0.5,0.9597575399781402,long_nclose,0.4798787699890701,0.0003298358315077249,3.0
1701263100000.0,478865,1701263100000.0,0.002828492004371963,-3.8956000000000004e-05,1454.904665404003,1454.9089981420095,-0.2,0.9739,0.3,0.9597575399781402,long_nclose,0.28792726199344204,0.0001979011194616586,16.0
1701263220000.0,478867,1701263220000.0,0.0014142460021859815,-1.9478000000000002e-05,1454.9060601720053,1454.9088086640097,-0.1,0.9739,0.2,0.9597575399781402,long_nclose,0.19195150799562805,0.0001319339531604774,2.0
1701263340000.0,478869,1701263340000.0,0.0014142460021859815,-1.9478000000000002e-05,1454.9074549400075,1454.9089091860096,-0.1,0.9739,0.1,0.9597575399781402,long_nclose,0.09597575399781402,6.596691334004578e-05,2.0
1701263820000.0,478877,1701263820000.0,0.0014142460021859815,-1.9478000000000002e-05,1454.9088497080097,1454.9088497080097,-0.1,0.9739,0.0,0.9597575399781402,long_nclose,0.0,0.0,8.0
1701268320000.0,478952,1701268320000.0,0.0,-0.014540903999999999,1454.8943088040098,1454.7204288040098,75.6,0.9617,75.6,0.9617,long_ientry_normal,72.70451999999999,0.04997237226102455,75.0
1701273780000.0,479043,1701273780000.0,0.05103000000000067,-0.0036454319999999997,1454.94169337201,1455.1741633720098,-18.9,0.9644,56.7,0.9617,long_nclose,54.52839,0.03747805856990985,91.0
1701274320000.0,479052,1701274320000.0,0.0,-0.00365104,1454.93804233201,1454.8718723320098,19.0,0.9608,75.7,0.961474108322325,long_ientry_partial,72.78359,0.05002521611390455,9.0
1701274980000.0,479063,1701274980000.0,0.04962935270805575,-0.0036442980000000002,1454.984027386718,1455.11045803401,-18.9,0.9641,56.8,0.961474108322325,long_nclose,54.61172935270806,0.03753424664791381,11.0
1701275100000.0,479065,1701275100000.0,0.0,-0.0036318239999999996,1454.980395562718,1454.83612621001,18.9,0.9608,75.7,0.9613058038666851,long_ientry_partial,72.77084935270807,0.05001500334618854,2.0
1701280140000.0,479149,1701280140000.0,0.05092030691965154,-0.00364392,1455.0276719496376,1455.3397422900098,-18.9,0.964,56.8,0.9613058038666851,long_nclose,54.60216965962771,0.03752655067134533,84.0
1701280980000.0,479163,1701280980000.0,0.03825758509307153,-0.0027377599999999997,1455.0631917747307,1455.18222453001,-14.2,0.964,42.6,0.9613058038666851,long_nclose,40.95162724472078,0.0281442259526697,14.0
1701281460000.0,479171,1701281460000.0,0.0,-0.006377056000000002,1455.0568147187307,1454.99548747401,33.2,0.9604,75.8,0.9609090665530448,long_ientry_partial,72.83690724472079,0.05005777541325801,8.0
1701281940000.0,479179,1701281940000.0,0.05085864214745436,-0.0036424079999999998,1455.1040309528782,1455.27990506601,-18.9,0.9636,56.9,0.9609090665530448,long_nclose,54.67572588686824,0.03757513189697077,8.0
1701282360000.0,479186,1701282360000.0,0.038211254946764646,-0.002736624,1455.1395055838252,1455.2629484420102,-14.2,0.9636,42.7,0.9609090665530448,long_nclose,41.030817141815014,0.028197170775975045,7.0
1701282840000.0,479194,1701282840000.0,0.0,-0.006357848000000001,1455.133147735825,1455.03561059401,33.1,0.9604,75.8,0.9606867696809369,long_ientry_partial,72.82005714181501,0.05004356972770664,8.0
1701283320000.0,479202,1701283320000.0,0.05128005303029297,-0.003641652,1455.1807861368554,1455.4603489420101,-18.9,0.9634,56.9,0.9606867696809369,long_nclose,54.66307719484531,0.037564457774323864,8.0
1701284940000.0,479229,1701284940000.0,0.1590100530302916,-0.003663198,1455.3361329918857,1455.68243574401,-18.9,0.9691,38.0,0.9606867696809369,long_nclose,36.5060972478756,0.025084306243964564,27.0
1701285360000.0,479236,1701285360000.0,0.1060067020201944,-0.002442132,1455.439697561906,1455.6102136120103,-12.6,0.9691,25.4,0.9606867696809369,long_nclose,24.401443949895796,0.016765685305115775,7.0
1701286020000.0,479247,1701286020000.0,0.017093351010097655,-0.0012138840000000001,1455.4555770289162,1455.5207697280102,-6.3,0.9634,19.1,0.9606867696809369,long_nclose,18.349117300905895,0.01260712974721134,11.0
1701287220000.0,479267,1701287220000.0,0.012752182499596665,-0.0009055960000000002,1455.4674236154158,1455.5122541320102,-4.7,0.9634,14.4,0.9606867696809369,long_nclose,13.833889483405493,0.009504774383092534,20.0
1701289140000.0,479299,1701289140000.0,0.009767629148627234,-0.000693648,1455.4764975965645,1455.5101204840105,-3.6,0.9634,10.8,0.9606867696809369,long_nclose,10.37541711255412,0.007128536345098733,32.0
1701289560000.0,479306,1701289560000.0,0.007325721861470425,-0.0005202360000000001,1455.483303082426,1455.4971802480104,-2.7,0.9634,8.1,0.9606867696809369,long_nclose,7.781562834415588,0.005346377260347664,7.0
1701289680000.0,479308,1701289680000.0,0.0,-0.012991368000000001,1455.4703117144259,1455.4644688800104,67.6,0.9609,75.7,0.9608771840741821,long_ientry_partial,72.73840283441558,0.049975875322895214,2.0
1701295860000.0,479411,1701295860000.0,0.049571220997958736,-0.00364203,1455.5162409054237,1455.6595368500102,-18.9,0.9635,56.8,0.9608771840741821,long_nclose,54.577824055413544,0.0374972278024618,103.0
1701295920000.0,479412,1701295920000.0,0.037243986146614505,-0.00273634,1455.5507485515705,1455.6837805100104,-14.2,0.9635,42.6,0.9608771840741821,long_nclose,40.93336804156016,0.028122254124284752,1.0
1701296100000.0,479415,1701296100000.0,0.0,-0.006377056000000002,1455.5443714955704,1455.5316234540103,33.2,0.9604,75.8,0.9606681799678122,long_ientry_partial,72.81864804156017,0.05002846321114833,3.0
1701296640000.0,479424,1701296640000.0,0.049741398608350744,-0.0036412740000000003,1455.5904716201787,1455.7516021800102,-18.9,0.9633,56.9,0.9606681799678122,long_nclose,54.662019440168514,0.037553158327098476,9.0
1701298620000.0,479457,1701298620000.0,0.03737184445706776,-0.002735772,1455.6251076926358,1455.7502964080102,-14.2,0.9633,42.7,0.9606681799678122,long_nclose,41.020531284625584,0.028180697810062317,33.0
1701299160000.0,479466,1701299160000.0,0.0,-0.006357848000000001,1455.6187498446357,1455.57697856001,33.1,0.9604,75.8,0.960551072356538,long_ientry_partial,72.80977128462558,0.05001980861568105,9.0
1701299400000.0,479470,1701299400000.0,0.05006473246143025,-0.0036408959999999994,1455.665173681097,1455.83865766401,-18.9,0.9632,56.9,0.960551072356538,long_nclose,54.655356017087016,0.037546653588526914,4.0
1701299700000.0,479475,1701299700000.0,0.03761477253715923,-0.002735488,1455.700052965634,1455.8259721760098,-14.2,0.9632,42.7,0.960551072356538,long_nclose,41.01553078962418,0.028175811841227204,5.0
1701300240000.0,479484,1701300240000.0,0.0,-0.00635851,1455.6936944556342,1455.70667366601,33.1,0.9605,75.8,0.9605287703116647,long_ientry_partial,72.80808078962419,0.05001607210839175,9.0
1701301020000.0,479497,1701301020000.0,0.05048624110953564,-0.0036408959999999994,1455.7405398007438,1455.9209827700101,-18.9,0.9632,56.9,0.9605287703116647,long_nclose,54.65408703073372,0.03754383802364573,13.0
1701301320000.0,479502,1701301320000.0,0.037931461574360115,-0.002735488,1455.775735774318,1455.89833728201,-14.2,0.9632,42.7,0.9605287703116647,long_nclose,41.01457849230809,0.028173692887175847,5.0
1701302100000.0,479515,1701302100000.0,0.028315034696353325,-0.0020419839999999997,1455.8020088250144,1455.9070152980098,-10.6,0.9632,32.1,0.9605287703116647,long_nclose,30.832973527004437,0.02117937284060344,13.0
1701302460000.0,479521,1701302460000.0,0.08957215766518725,-0.002073446,1455.8895075366795,1456.1093118520098,-10.7,0.9689,21.4,0.9605287703116647,long_nclose,20.555315684669623,0.014118733309266435,6.0
1701302700000.0,479525,1701302700000.0,0.15056215766518766,-0.002085644,1456.0379840503447,1456.2099462080098,-10.7,0.9746,10.7,0.9605287703116647,long_nclose,10.277657842334811,0.0070586467900685245,4.0
1701303000000.0,479530,1701303000000.0,0.07457751734817707,-0.001033076,1456.1115284916928,1456.1956131320098,-5.3,0.9746,5.4,0.9605287703116647,long_nclose,5.18685535968299,0.0035621278028447265,5.0
1701303120000.0,479532,1701303120000.0,0.10730464031701076,-0.0010588320000000002,1456.2177743000098,1456.2177743000098,-5.4,0.9804,0.0,0.9605287703116647,long_nclose,0.0,0.0,2.0
1701382800000.0,480860,1701382800000.0,0.0,-0.014552232000000002,1456.2032220680098,1456.05982206801,71.7,1.0148,71.7,1.0148,long_ientry_normal,72.76116,0.04996635009272202,1328.0
1701383460000.0,480871,1701383460000.0,0.050120000000002426,-0.0036430079999999997,1456.24969906001,1456.38957906001,-17.9,1.0176,53.8,1.0148,long_nclose,54.596239999999995,0.037490988005176,11.0
1701383520000.0,480872,1701383520000.0,0.03752000000000182,-0.0027271680000000003,1456.28449189201,1456.38145189201,-13.4,1.0176,40.4,1.0148,long_nclose,40.99791999999999,0.02815241130991881,1.0
1701384060000.0,480881,1701384060000.0,0.0,-0.006372943999999999,1456.27811894801,1456.27811894801,31.4,1.0148,71.8,1.0148,long_ientry_partial,72.86263999999998,0.05003346479766838,9.0
1701391020000.0,480997,1701391020000.0,0.050120000000002426,-0.0036430079999999997,1456.32459594001,1456.79352594001,-17.9,1.0176,53.9,1.0148,long_nclose,54.69772,0.03755874215987844,116.0
1701391080000.0,480998,1701391080000.0,0.1593100000000023,-0.0036648460000000002,1456.4802410940101,1456.8006410940102,-17.9,1.0237,36.0,1.0148,long_nclose,36.532799999999995,0.02508293553818417,1.0
1701391140000.0,480999,1701391140000.0,0.10680000000000156,-0.0024568800000000003,1456.5845842140102,1456.7573842140102,-12.0,1.0237,24.0,1.0148,long_nclose,24.355199999999996,0.016720759140220025,1.0
1701391440000.0,481004,1701391440000.0,0.0,-0.009691928,1456.5748922860103,1456.3570322860103,47.8,1.0138,71.8,1.0141342618384401,long_ientry_partial,72.81484,0.04999045389675866,5.0
1701391620000.0,481007,1701391620000.0,0.04950671309192011,-0.0036405019999999995,1456.620758497102,1456.89919178401,-17.9,1.0169,53.9,1.0141342618384401,long_nclose,54.66183671309192,0.03752647104211969,3.0
1701391740000.0,481009,1701391740000.0,0.037060891364901094,-0.0027252920000000003,1456.655094096467,1456.7630564920103,-13.4,1.0169,40.5,1.0141342618384401,long_nclose,41.07243760445682,0.02819640542975151,2.0
1701391800000.0,481010,1701391800000.0,0.02793395543175381,-0.0020541379999999996,1456.680973913899,1456.8197723540104,-10.1,1.0169,30.4,1.0141342618384401,long_nclose,30.829681559888577,0.021164333242476227,1.0
1701392040000.0,481014,1701392040000.0,0.0,-0.008394264,1456.672579649899,1456.7413980900105,41.4,1.0138,71.8,1.0139415259037405,long_ientry_partial,72.80100155988856,0.049977601402633506,4.0
1701496500000.0,482755,1701496500000.0,0.05116668632304306,-0.0036401439999999997,1456.7201061922221,1456.8633979460105,-17.9,1.0168,53.9,1.0139415259037405,long_nclose,54.651448246211615,0.037516780343663396,1741.0
1701496980000.0,482763,1701496980000.0,0.038303552889875817,-0.002725024,1456.755684721112,1456.9281529220104,-13.4,1.0168,40.5,1.0139415259037405,long_nclose,41.06463179910149,0.028189100087131696,8.0
1701498060000.0,482781,1701498060000.0,0.02887058837221983,-0.002053936,1456.7825013734841,1456.8815589860105,-10.1,1.0168,30.4,1.0139415259037405,long_nclose,30.82382238747371,0.021158836242481213,18.0
1701499200000.0,482800,1701499200000.0,0.021724403131571358,-0.001545536,1456.8026802406157,1456.8746934500105,-7.6,1.0168,22.8,1.0139415259037405,long_nclose,23.117866790605284,0.01586890737102912,19.0
1701499440000.0,482804,1701499440000.0,0.01629330234867852,-0.0011591519999999999,1456.8178143909645,1456.8718242980106,-5.7,1.0168,17.1,1.0139415259037405,long_nclose,17.338400092953965,0.011901556887676058,4.0
1701500880000.0,482828,1701500880000.0,0.05049330234867855,-0.001165992,1456.8671417013131,1456.9761083060105,-5.7,1.0228,11.4,1.0139415259037405,long_nclose,11.558933395302642,0.007934102612681791,24.0
1701501180000.0,482833,1701501180000.0,0.0336622015657857,-0.0007773279999999999,1456.900026574879,1456.9696309780104,-3.8,1.0228,7.6,1.0139415259037405,long_nclose,7.705955596868428,0.005289282350405923,5.0
1701501600000.0,482840,1701501600000.0,0.022146185240648486,-0.0005114,1456.9216613601195,1456.9729595780104,-2.5,1.0228,5.1,1.0139415259037405,long_nclose,5.171101782109076,0.0035493341332309917,7.0
1701502200000.0,482850,1701502200000.0,0.01505940596364097,-0.000347752,1456.9363730140833,1456.9644518260106,-1.7,1.0228,3.4,1.0139415259037405,long_nclose,3.4474011880727176,0.0023661988621649943,10.0
1701502260000.0,482851,1701502260000.0,0.009744321505885334,-0.00022501600000000003,1456.9458923195891,1456.9678768100105,-1.1,1.0228,2.3,1.0139415259037405,long_nclose,2.332065509578603,0.0016006534778486143,1.0
1701503220000.0,482867,1701503220000.0,0.016344321505885342,-0.00022633600000000002,1456.962010305095,1456.9824804740106,-1.1,1.0288,1.2,1.0139415259037405,long_nclose,1.2167298310844885,0.0008351143149090754,16.0
1701503460000.0,482871,1701503460000.0,0.02515016891551127,-0.00024837599999999997,1456.9869120980106,1456.9869120980106,-1.2,1.0349,0.0,1.0139415259037405,long_nclose,0.0,0.0,4.0
1701571920000.0,484012,1701571920000.0,0.0,-0.01457104,1456.9723410580107,1456.9859410580107,68.0,1.0714,68.0,1.0714,long_ientry_normal,72.8552,0.05000451823752171,1141.0
1701574380000.0,484053,1701574380000.0,0.05100000000000193,-0.0036529600000000002,1457.0196880980106,1457.2185880980107,-17.0,1.0744,51.0,1.0714,long_nclose,54.6414,0.03750216997501848,41.0
1701574500000.0,484055,1701574500000.0,0.03810000000000144,-0.0027289759999999997,1457.0550591220106,1457.2427291220106,-12.7,1.0744,38.3,1.0714,long_nclose,41.03462,0.02816271062860628,2.0
1701576240000.0,484084,1701576240000.0,0.0,-0.00636471,1457.0486944120105,1457.0389244120106,29.7,1.0715,68.0,1.0714436764705881,long_ientry_partial,72.85816999999999,0.0500039362304235,29.0
1701589380000.0,484303,1701589380000.0,0.050257500000002064,-0.0036529600000000002,1457.0952989520106,1457.2256714520106,-17.0,1.0744,51.0,1.0714436764705881,long_nclose,54.643627499999994,0.03750175265770292,219.0
1701589500000.0,484305,1701589500000.0,0.03754530882353095,-0.0027289759999999997,1457.1301152848341,1457.2969624760105,-12.7,1.0744,38.3,1.0714436764705881,long_nclose,41.036292808823525,0.028162407995254362,2.0
1701590400000.0,484320,1701590400000.0,0.02808507352941292,-0.00204136,1457.1561589983635,1457.2384211160106,-9.5,1.0744,28.8,1.0714436764705881,long_nclose,30.85757788235294,0.021176575819824395,15.0
1701591780000.0,484343,1701591780000.0,0.02128552941176558,-0.0015471360000000002,1457.1758973917752,1457.2527139800104,-7.2,1.0744,21.6,1.0714436764705881,long_nclose,23.143183411764706,0.015882216727019092,23.0
1701591900000.0,484345,1701591900000.0,0.015964147058824187,-0.0011603520000000001,1457.190701186834,1457.2434536280105,-5.4,1.0744,16.2,1.0714436764705881,long_nclose,17.357387558823525,0.011911541533092753,2.0
1701592620000.0,484357,1701592620000.0,0.011825294117647545,-0.00085952,1457.2016669609518,1457.2572541080106,-4.0,1.0744,12.2,1.0714436764705881,long_nclose,13.071612852941174,0.008970352662444113,12.0
1701592800000.0,484360,1701592800000.0,0.008868970588235658,-0.00064464,1457.20989129154,1457.2462894680107,-3.0,1.0744,9.2,1.0714436764705881,long_nclose,9.85728182352941,0.006764490059007766,3.0
1701593520000.0,484372,1701593520000.0,0.006799544117647337,-0.000494224,1457.2161966116578,1457.2400452440106,-2.3,1.0744,6.9,1.0714436764705881,long_nclose,7.392961367647058,0.005073345591983735,12.0
1701593700000.0,484375,1701593700000.0,0.005025750000000206,-0.000365296,1457.2208570656578,1457.2351899480107,-1.7,1.0744,5.2,1.0714436764705881,long_nclose,5.571507117647059,0.0038233786530246076,3.0
1701594360000.0,484386,1701594360000.0,0.003843220588235452,-0.00027934400000000005,1457.2244209422458,1457.2382906040104,-1.3,1.0744,3.9,1.0714436764705881,long_nclose,4.178630338235294,0.0028675269767530925,11.0
1701595920000.0,484412,1701595920000.0,0.0,-0.013746504000000001,1457.2106744382459,1457.1460941000105,64.2,1.0706,68.1,1.0706483162736462,long_ientry_partial,72.9111503382353,0.05003473527693072,26.0
1701621540000.0,484839,1701621540000.0,0.05017862334801637,-0.0036502400000000003,1457.2572028215939,1457.3875938600106,-17.0,1.0736,51.1,1.0706483162736462,long_nclose,54.71012896158332,0.03754322082309945,427.0
1701621720000.0,484842,1701621720000.0,0.03748638332469458,-0.0027269440000000002,1457.2919622609186,1457.4091469160105,-12.7,1.0736,38.4,1.0706483162736462,long_nclose,41.11289534490801,0.028211845264776818,3.0
1701621960000.0,484846,1701621960000.0,0.02833616377299748,-0.0020613120000000005,1457.3182371126916,1457.4032456040106,-9.6,1.0736,28.8,1.0706483162736462,long_nclose,30.834671508681012,0.02115850246255899,4.0
1701622020000.0,484847,1701622020000.0,0.021252122829748112,-0.0015459840000000002,1457.3379432515214,1457.4276196200108,-7.2,1.0736,21.6,1.0706483162736462,long_nclose,23.12600363151076,0.01586866226780143,1.0
1701622320000.0,484852,1701622320000.0,0.015939092122311083,-0.0011594880000000002,1457.3527228556438,1457.4054001320108,-5.4,1.0736,16.2,1.0706483162736462,long_nclose,17.344502723633067,0.011901376002953476,5.0
1701622740000.0,484859,1701622740000.0,0.011806734905415617,-0.0008588800000000001,1457.3636707105493,1457.4021212520108,-4.0,1.0736,12.2,1.0706483162736462,long_nclose,13.061909458538484,0.008962697315056608,7.0
1701623640000.0,484874,1701623640000.0,0.008855051179061713,-0.0006441600000000002,1457.3718816017283,1457.3999570920107,-3.0,1.0736,9.2,1.0706483162736462,long_nclose,9.849964509717545,0.0067587172732411415,15.0
1701624660000.0,484891,1701624660000.0,0.006788872570613979,-0.000493856,1457.378176618299,1457.4040632360109,-2.3,1.0736,6.9,1.0706483162736462,long_nclose,7.387473382288159,0.0050690160596682295,17.0
1701625680000.0,484908,1701625680000.0,0.005017862334801637,-0.00036502400000000003,1457.3828294566338,1457.4018182120108,-1.7,1.0736,5.2,1.0706483162736462,long_nclose,5.567371244622961,0.0038201158488320344,17.0
1701626640000.0,484924,1701626640000.0,0.0038371888442600755,-0.0002791360000000001,1457.386387509478,1457.3986790760107,-1.3,1.0736,3.9,1.0706483162736462,long_nclose,4.17552843346722,0.0028650798918211148,16.0
1701626820000.0,484927,1701626820000.0,0.002656515353718514,-0.00019324800000000003,1457.3888507768318,1457.398605828011,-0.9,1.0736,3.0,1.0706483162736462,long_nclose,3.2119449488209386,0.0022039038840655847,3.0
1701628380000.0,484953,1701628380000.0,0.0,-0.013932407999999999,1457.3749183688317,1457.3702034200107,65.3,1.0668,68.3,1.066969032925636,long_ientry_partial,72.87398494882093,0.05000359484049939,26.0
1701632580000.0,485023,1701632580000.0,0.049826440264188365,-0.0036376600000000005,1457.4211071490959,1457.5971157600106,-17.0,1.0699,51.3,1.066969032925636,long_nclose,54.735511389085126,0.03755641462895708,70.0
1701632820000.0,485027,1701632820000.0,0.03751637855185948,-0.0027389440000000005,1457.4558845836477,1457.5956768160108,-12.8,1.0699,38.5,1.066969032925636,long_nclose,41.078307767636986,0.02818494076022881,4.0
1701633420000.0,485037,1701633420000.0,0.028137283913894605,-0.0020542080000000005,1457.4819676595616,1457.5811226080107,-9.6,1.0699,28.9,1.066969032925636,long_nclose,30.83540505155088,0.021156628854260656,10.0
1701634620000.0,485057,1701634620000.0,0.08957728391389423,-0.002066496,1457.5694784474756,1457.7264061120109,-9.6,1.0763,19.3,1.066969032925636,long_nclose,20.592502335464776,0.014127973067464886,20.0
1701635700000.0,485075,1701635700000.0,0.05971818927592949,-0.001377664,1457.6278189727514,1457.7494784480107,-6.4,1.0763,12.9,1.066969032925636,long_nclose,13.763900524740706,0.009442671404584387,18.0
1701636000000.0,485080,1701636000000.0,0.040123158419765124,-0.0009256180000000001,1457.6670165131711,1457.7464028300105,-4.3,1.0763,8.6,1.066969032925636,long_nclose,9.17593368316047,0.006294944990324241,5.0
1701636060000.0,485081,1701636060000.0,0.02612670780821915,-0.0006027280000000001,1457.6925404929793,1457.7437601020106,-2.8,1.0763,5.8,1.066969032925636,long_nclose,6.188420390968689,0.0042453536799164915,1.0
1701636120000.0,485082,1701636120000.0,0.017728837441291567,-0.00040899400000000004,1457.7098603364207,1457.7466411080106,-1.9,1.0763,3.9,1.066969032925636,long_nclose,4.1611792284099804,0.002854600453515238,1.0
1701636360000.0,485086,1701636360000.0,0.012130257196673178,-0.000279838,1457.7217107556173,1457.7459712700106,-1.3,1.0763,2.6,1.066969032925636,long_nclose,2.774119485606654,0.0019030514981962332,4.0
1701639360000.0,485136,1701639360000.0,0.0017585802446184128,-0.00012838800000000003,1457.723340947862,1457.7292028820107,-0.6,1.0699,2.0,1.066969032925636,long_nclose,2.133938065851272,0.0014638841307594841,50.0
1701639420000.0,485137,1701639420000.0,0.0014654835371820107,-0.00010699000000000002,1457.7246994413993,1457.7308958920107,-0.5,1.0699,1.5,1.066969032925636,long_nclose,1.6004535493884542,0.0010979120748943532,1.0
1701639720000.0,485142,1701639720000.0,0.0008792901223092064,-6.419400000000002e-05,1457.7255145375216,1457.7292716980107,-0.3,1.0699,1.2,1.066969032925636,long_nclose,1.2803628395107631,0.0008783291687920901,5.0
1701639900000.0,485145,1701639900000.0,0.0008792901223092064,-6.419400000000002e-05,1457.726329633644,1457.7292375040108,-0.3,1.0699,0.9,1.066969032925636,long_nclose,0.9602721296330725,0.0006587465082519353,3.0
1701640020000.0,485147,1701640020000.0,0.0005861934148728043,-4.279600000000001e-05,1457.7268730310589,1457.7285047080109,-0.2,1.0699,0.7,1.066969032925636,long_nclose,0.7468783230479452,0.0005123582043150219,2.0
1701640080000.0,485148,1701640080000.0,0.00029309670743640217,-2.1398000000000004e-05,1457.7271447297665,1457.728963310011,-0.1,1.0699,0.6,1.066969032925636,long_nclose,0.6401814197553816,0.00043916409327347637,1.0
1701642000000.0,485180,1701642000000.0,0.0018661934148727966,-4.3052e-05,1457.7289678711813,1457.7329802580111,-0.2,1.0763,0.4,1.066969032925636,long_nclose,0.42678761317025443,0.00029277569601537164,32.0
1701642780000.0,485193,1701642780000.0,0.0031261934148727913,-4.3304000000000004e-05,1457.7320507605962,1457.7351969540111,-0.2,1.0826,0.2,1.066969032925636,long_nclose,0.21339380658512722,0.00014638753841886472,13.0
1701642960000.0,485196,1701642960000.0,0.0015630967074363956,-2.1652000000000002e-05,1457.7335922053037,1457.7352753020111,-0.1,1.0826,0.1,1.066969032925636,long_nclose,0.10669690329256361,7.31936918124726e-05,3.0
1701643200000.0,485200,1701643200000.0,0.0015630967074363956,-2.1652000000000002e-05,1457.7351336500112,1457.7351336500112,-0.1,1.0826,0.0,1.066969032925636,long_nclose,0.0,0.0,4.0
1701646020000.0,485247,1701646020000.0,0.0,-0.014581160000000001,1457.7205524900112,1457.6387124900111,68.2,1.069,68.2,1.069,long_ientry_normal,72.9058,0.0500135638997925,47.0
1701646380000.0,485253,1701646380000.0,0.05100000000000193,-0.0036448,1457.767907690011,1457.9215076900111,-17.0,1.072,51.2,1.069,long_nclose,54.7328,0.0375456200615158,6.0
1701646440000.0,485254,1701646440000.0,0.03840000000000146,-0.0027443200000000006,1457.803563370011,1458.087723370011,-12.8,1.072,38.4,1.069,long_nclose,41.0496,0.02815852631413896,1.0
1701646500000.0,485255,1701646500000.0,0.1190400000000011,-0.0027604480000000004,1457.9198429220112,1458.2936029220111,-12.8,1.0783,25.6,1.069,long_nclose,27.3664,0.018770853646625285,1.0
1701647760000.0,485276,1701647760000.0,0.2009600000000006,-0.0027768320000000003,1458.118026090011,1458.339466090011,-12.8,1.0847,12.8,1.069,long_nclose,13.6832,0.00938415118335237,21.0
1701648000000.0,485280,1701648000000.0,0.28288000000000013,-0.0027932160000000003,1458.3981128740108,1458.3981128740108,-12.8,1.0911,0.0,1.069,long_nclose,0.0,0.0,4.0
1701651840000.0,485344,1701651840000.0,0.0,-0.014573400000000002,1458.3835394740108,1458.424399474011,68.1,1.07,68.1,1.07,long_ientry_normal,72.867,0.04996422273545452,64.0
1701652980000.0,485363,1701652980000.0,0.05099999999999816,-0.0036482000000000003,1458.4308912740107,1458.6046312740107,-17.0,1.073,51.1,1.07,long_nclose,54.67700000000001,0.03749029201667346,19.0
1701653400000.0,485370,1701653400000.0,0.1580999999999977,-0.0036696199999999997,1458.5853216540108,1458.8615316540108,-17.0,1.0793,34.1,1.07,long_nclose,36.487,0.0250153346933619,7.0
1701653460000.0,485371,1701653460000.0,0.10508999999999846,-0.002439218,1458.6879724360108,1458.8954524360108,-11.3,1.0793,22.8,1.07,long_nclose,24.396,0.016724618603153798,1.0
1701653520000.0,485372,1701653520000.0,0.07067999999999897,-0.001640536,1458.7570119000109,1458.9135719000108,-7.6,1.0793,15.2,1.07,long_nclose,16.264,0.011149218044762894,1.0
1701654120000.0,485382,1701654120000.0,0.11932000000000036,-0.001650264,1458.8746816360108,1458.9886816360108,-7.6,1.0857,7.6,1.07,long_nclose,8.132,0.005574159386247361,10.0
1701654180000.0,485383,1701654180000.0,0.05966000000000018,-0.000825132,1458.9335165040106,1458.9931765040105,-3.8,1.0857,3.8,1.07,long_nclose,4.066,0.0027869672976896217,1.0
1701654240000.0,485384,1701654240000.0,0.02983000000000009,-0.000412566,1458.9629339380106,1458.9914339380105,-1.9,1.0857,1.9,1.07,long_nclose,2.033,0.0013934555516859893,1.0
1701654360000.0,485386,1701654360000.0,0.014130000000000044,-0.00019542600000000004,1458.9768685120107,1458.9941685120107,-0.9,1.0857,1.0,1.07,long_nclose,1.07,0.0007333906541584018,2.0
1701657060000.0,485431,1701657060000.0,0.002789999999999959,-6.475799999999999e-05,1458.9795937540107,1458.9865237540107,-0.3,1.0793,0.7,1.07,long_nclose,0.749,0.0005133724989756671,45.0
1701659640000.0,485474,1701659640000.0,0.0018599999999999728,-4.3172e-05,1458.9814105820108,1458.9868105820108,-0.2,1.0793,0.5,1.07,long_nclose,0.535,0.0003666941854910818,43.0
1701659940000.0,485479,1701659940000.0,0.0009299999999999864,-2.1586e-05,1458.9823189960107,1458.9861989960107,-0.1,1.0793,0.4,1.07,long_nclose,0.42800000000000005,0.0002933551657394488,5.0
1701660180000.0,485483,1701660180000.0,0.0009299999999999864,-2.1586e-05,1458.9832274100106,1458.9863774100106,-0.1,1.0793,0.3,1.07,long_nclose,0.321,0.00022001623731469466,4.0
1701662460000.0,485521,1701662460000.0,0.0009299999999999864,-2.1586e-05,1458.9841358240105,1458.9860158240106,-0.1,1.0793,0.2,1.07,long_nclose,0.21400000000000002,0.0001466774002166489,38.0
1701664620000.0,485557,1701664620000.0,0.0015700000000000048,-2.1714000000000003e-05,1458.9856841100104,1458.9872641100105,-0.1,1.0857,0.1,1.07,long_nclose,0.10700000000000001,7.333862228077352e-05,36.0
1701664860000.0,485561,1701664860000.0,0.002210000000000001,-2.1842000000000005e-05,1458.9878722680105,1458.9878722680105,-0.1,1.0921,0.0,1.07,long_nclose,0.0,0.0,4.0
1701683820000.0,485877,1701683820000.0,0.0,-0.014590704,1458.9732815640104,1458.9868215640104,67.7,1.0776,67.7,1.0776,long_ientry_normal,72.95352,0.05000332831441181,316.0
1701684120000.0,485882,1701684120000.0,0.05070000000000192,-0.003652428,1459.0203291360106,1459.1930491360106,-16.9,1.0806,50.8,1.0776,long_nclose,54.742079999999994,0.037519751374826056,5.0
1701684360000.0,485886,1701684360000.0,0.03810000000000144,-0.002744724,1459.0556844120106,1459.2004644120107,-12.7,1.0806,38.1,1.0776,long_nclose,41.05656,0.028139131657984328,4.0
1701684720000.0,485892,1701684720000.0,0.11938000000000094,-0.0027609799999999997,1459.1723034320107,1459.5634634320106,-12.7,1.087,25.4,1.0776,long_nclose,27.371039999999997,0.01875792182706772,6.0
1701684780000.0,485893,1701684780000.0,0.20066000000000045,-0.0027772359999999998,1459.3701861960108,1459.5683061960108,-12.7,1.0934,12.7,1.0776,long_nclose,13.685519999999999,0.009377689176776064,1.0
1701684840000.0,485894,1701684840000.0,0.09954000000000023,-0.001377684,1459.4683485120106,1459.5624285120107,-6.3,1.0934,6.4,1.0776,long_nclose,6.89664,0.004725446774526775,1.0
1701684900000.0,485895,1701684900000.0,0.05056000000000012,-0.0006997759999999999,1459.5182087360106,1459.5690887360106,-3.2,1.0934,3.2,1.0776,long_nclose,3.44832,0.002362642671643237,1.0
1701685020000.0,485897,1701685020000.0,0.0710400000000007,-0.0007038720000000001,1459.5885448640106,1459.5885448640106,-3.2,1.0998,0.0,1.0776,long_nclose,0.0,0.0,2.0
1701688140000.0,485949,1701688140000.0,0.0,-0.014605598000000001,1459.5739392660107,1459.4791592660108,67.7,1.0787,67.7,1.0787,long_ientry_normal,73.02799,0.05003377220939163,52.0
1701688320000.0,485952,1701688320000.0,0.0,-0.020048080000000003,1459.5538911860108,1457.5446111860108,96.2,1.042,163.9,1.05715918242831,long_rentry,173.26839,0.11871325275917342,3.0
1701689100000.0,485965,1701689100000.0,0.1202794386821238,-0.008671617999999999,1459.6654990066927,1460.2855195680106,-40.9,1.0601,123.0,1.05715918242831,long_nclose,130.03057943868214,0.08908245041563864,13.0
1701689400000.0,485970,1701689400000.0,0.0902830994508851,-0.0065090140000000005,1459.7492730921438,1460.3345305540108,-30.7,1.0601,92.3,1.05715918242831,long_nclose,97.575792538133,0.06684421382272113,5.0
1701689460000.0,485971,1701689460000.0,0.2836930994508842,-0.006547696,1460.0264184955945,1460.5771728580105,-30.7,1.0664,61.6,1.05715918242831,long_nclose,65.12100563758389,0.04460262144070264,1.0
1701689940000.0,485979,1701689940000.0,0.04528859060402706,-0.003265108,1460.0684419781985,1460.4722677500106,-15.4,1.0601,46.2,1.05715918242831,long_nclose,48.840754228187926,0.03345100327078859,8.0
1701689940000.0,485979,1701689940000.0,0.14230859060402665,-0.0032845120000000003,1460.2074660568026,1460.4766832380105,-15.4,1.0664,30.8,1.05715918242831,long_nclose,32.560502818791946,0.022298545635244225,0.0
1701690000000.0,485980,1701690000000.0,0.0,-0.008036886000000002,1460.1994291708027,1460.3384963520107,37.7,1.0659,68.5,1.0619698221721454,long_ientry_partial,72.74493281879197,0.049818491478319044,1.0
1701690000000.0,485980,1701690000000.0,0.045187813844116895,-0.002175456,1460.2424415286469,1460.3608008960107,-10.2,1.0664,58.3,1.0619698221721454,long_nclose,61.912840632636076,0.04239901462377915,0.0
1701690060000.0,485981,1701690060000.0,0.042487578503890844,-0.00308821,1460.2818408971507,1460.3269626860108,-14.5,1.0649,43.8,1.0619698221721454,long_nclose,46.51427821113997,0.0318529457180424,1.0
1701690120000.0,485982,1701690120000.0,0.0,-0.00529374,1460.2765471571506,1460.4178489460107,24.9,1.063,68.7,1.0623432054023283,long_ientry_partial,72.98297821113995,0.049978874448968154,1.0
1701690120000.0,485982,1701690120000.0,0.02786906111462113,-0.002321482,1460.3020947362652,1460.4209774640105,-10.9,1.0649,57.8,1.0623432054023283,long_nclose,61.40343727225457,0.0420484483954289,0.0
1701690180000.0,485983,1701690180000.0,0.04257784220647132,-0.0030680639999999997,1460.3416045144718,1460.2702894000108,-14.4,1.0653,43.4,1.0623432054023283,long_nclose,46.10569511446105,0.0315718561820952,1.0
1701690240000.0,485984,1701690240000.0,0.0,-0.0053883559999999995,1460.3362161584719,1460.3818610440107,25.4,1.0607,68.8,1.0617365568962362,long_ientry_partial,73.04747511446105,0.05002099811413164,1.0
1701691020000.0,485997,1701691020000.0,0.05097122138473615,-0.0036625679999999997,1460.3835248118567,1460.5157984760108,-17.2,1.0647,51.6,1.0617365568962362,long_nclose,54.78560633584579,0.03751453327502027,13.0
1701691080000.0,485998,1701691080000.0,0.0,-0.00361862,1460.3799061918567,1460.7522798560108,17.0,1.0643,68.6,1.0623718124758863,long_ientry_partial,72.87870633584579,0.049903936658432346,1.0
1701691080000.0,485998,1701691080000.0,0.03003361906106645,-0.0027469260000000002,1460.4071928849175,1460.7095429300107,-12.9,1.0647,55.7,1.0623718124758863,long_nclose,59.17410995490687,0.04051891160438148,0.0
1701691320000.0,486002,1701691320000.0,0.04070180658517921,-0.002961534,1460.4449331575029,1460.6342113960109,-13.9,1.0653,41.8,1.0623718124758863,long_nclose,44.40714176149204,0.03040658415342177,4.0
1701691380000.0,486003,1701691380000.0,0.0,-0.005675908,1460.4392572495028,1460.4848954880108,26.6,1.0669,68.4,1.0641327742908193,long_ientry_partial,72.78668176149205,0.049838897030591876,1.0
1701692280000.0,486018,1701692280000.0,0.050739559626988624,-0.0036494820000000008,1460.4863473271298,1460.7257760060108,-17.1,1.0671,51.3,1.0641327742908193,long_nclose,54.59001132111903,0.037377967566095696,15.0
1701692340000.0,486019,1701692340000.0,0.0,-0.00363392,1460.4827134071297,1460.7631220860108,17.0,1.0688,68.3,1.0652944556532802,long_ientry_partial,72.75961132111904,0.04981887882218041,1.0
1701692520000.0,486022,1701692520000.0,0.04939425389423757,-0.0036318800000000005,1460.5284757810239,1460.7750002060106,-17.0,1.0682,51.3,1.0652944556532802,long_nclose,54.64960557501327,0.0374176926237533,3.0
1701692580000.0,486023,1701692580000.0,0.0,-0.0036169379999999997,1460.5248588430238,1460.7509232680106,16.9,1.0701,68.2,1.0664852723608984,long_ientry_partial,72.73429557501328,0.049800107909584515,1.0
1701693360000.0,486036,1701693360000.0,0.049550369864725496,-0.00363596,1460.5707732528883,1460.8992073080103,-17.0,1.0694,51.2,1.0664852723608984,long_nclose,54.604045944878,0.037385415992726885,13.0
1701693420000.0,486037,1701693420000.0,0.0,-0.0036264019999999995,1460.5671468508883,1460.7389509060104,16.9,1.0729,68.1,1.0680771798073128,long_ientry_partial,72.73605594487799,0.049799871304584215,1.0
1701693480000.0,486038,1701693480000.0,0.04968794327568227,-0.0036414000000000004,1460.613193394164,1460.7625495060104,-17.0,1.071,51.1,1.0680771798073128,long_nclose,54.57874388815368,0.03736700731925058,1.0
1701693540000.0,486039,1701693540000.0,0.0,-0.0036628200000000002,1460.609530574164,1460.6702266860102,17.1,1.071,68.2,1.068810027685538,long_ientry_partial,72.89284388815369,0.04990577040771437,1.0
1701693660000.0,486041,1701693660000.0,0.05082952934585716,-0.0036441200000000003,1460.65671598351,1460.8302825660103,-17.0,1.0718,51.2,1.068810027685538,long_nclose,54.72307341749954,0.03746470530596413,2.0
1701693720000.0,486042,1701693720000.0,0.0,-0.0036240359999999998,1460.65309194751,1460.9083785300104,16.9,1.0722,68.1,1.0696512983480109,long_ientry_partial,72.84325341749954,0.04987033116835194,1.0
1701695400000.0,486070,1701695400000.0,0.050127928083815165,-0.0036468400000000006,1460.6995730355936,1460.8144816900103,-17.0,1.0726,51.1,1.0696512983480109,long_nclose,54.659181345583356,0.03741986535396313,28.0
1701695460000.0,486071,1701695460000.0,0.0,-0.0036444600000000004,1460.6959285755936,1460.7223072300103,17.0,1.0719,68.1,1.0702126482464518,long_ientry_partial,72.88148134558337,0.04989503969977802,1.0
1701696060000.0,486081,1701696060000.0,0.050784979810318376,-0.0036488799999999997,1460.743064675404,1461.0643483500103,-17.0,1.0732,51.1,1.0702126482464518,long_nclose,54.687866325393685,0.037438388480417695,10.0
1701696180000.0,486083,1701696180000.0,0.0,-0.003616032000000001,1460.7394486434039,1460.97071231801,16.8,1.0762,67.9,1.0716940548658864,long_ientry_partial,72.76802632539369,0.049815883587571844,2.0
1701696420000.0,486087,1701696420000.0,0.050800472766519215,-0.0036324859999999994,1460.7866166301703,1460.81751983201,-16.9,1.0747,51.0,1.0716940548658864,long_nclose,54.65639679816021,0.03741572942682405,4.0
1701696540000.0,486089,1701696540000.0,0.0,-0.003667266000000001,1460.7829493641702,1460.80704256601,17.1,1.0723,68.1,1.071846208489871,long_ientry_partial,72.9927267981602,0.04996822206196443,2.0
1701696840000.0,486094,1701696840000.0,0.050214455672192626,-0.00365432,1460.8295094998425,1460.9446782460102,-17.0,1.0748,51.1,1.071846208489871,long_nclose,54.77134125383241,0.03749331520047468,5.0
1701696900000.0,486095,1701696900000.0,0.0,-0.0036304580000000005,1460.8258790418424,1460.96144778801,16.9,1.0741,68.0,1.0724063419681236,long_ientry_partial,72.9236312538324,0.04991945467290263,1.0
1701697320000.0,486102,1701697320000.0,0.050892186541897866,-0.0036563599999999996,1460.8731148683844,1460.9492914280102,-17.0,1.0754,51.0,1.0724063419681236,long_nclose,54.6927234403743,0.037438380434088404,7.0
1701697380000.0,486103,1701697380000.0,0.0,-0.003651260000000001,1460.8694636083844,1460.9864401680102,17.0,1.0739,68.0,1.0727797564760926,long_ientry_partial,72.94902344037429,0.04993534689963904,1.0
1701708240000.0,486284,1701708240000.0,0.0496441399064278,-0.003657380000000001,1460.9154503682907,1461.10518278801,-17.0,1.0757,51.0,1.0727797564760926,long_nclose,54.71176758028072,0.03745033127446774,181.0
1701708480000.0,486288,1701708480000.0,0.03708709275362547,-0.0027322780000000003,1460.9498051830444,1461.12293051001,-12.7,1.0757,38.3,1.0727797564760926,long_nclose,41.08746467303434,0.02812380310895516,4.0
1701708900000.0,486295,1701708900000.0,0.11836709275362498,-0.0027485340000000004,1461.0654237417982,1461.3065819760102,-12.7,1.0821,25.6,1.0727797564760926,long_nclose,27.463161765787973,0.018796668047522905,7.0
1701709680000.0,486308,1701709680000.0,0.07922206995321357,-0.0018395700000000002,1461.1428062417515,1461.3363824060102,-8.5,1.0821,17.1,1.0727797564760926,long_nclose,18.344533835741185,0.01255492191274972,13.0
1701709800000.0,486310,1701709800000.0,0.05312538808627263,-0.0012335940000000002,1461.1946980358377,1461.2735888120103,-5.7,1.0821,11.4,1.0727797564760926,long_nclose,12.229689223827457,0.008369650697656383,2.0
1701710580000.0,486323,1701710580000.0,0.03541692539084842,-0.0008223960000000001,1461.2292925652284,1461.29632641601,-3.8,1.0821,7.6,1.0727797564760926,long_nclose,8.153126149218304,0.005579635031067072,13.0
1701710700000.0,486325,1701710700000.0,0.023300608809768697,-0.0005410500000000001,1461.252052124038,1461.29499536601,-2.5,1.0821,5.1,1.0727797564760926,long_nclose,5.471176758028072,0.0037441704530544965,2.0
1701711180000.0,486333,1701711180000.0,0.003504292228689021,-0.000258168,1461.2552982482666,1461.2686371980099,-1.2,1.0757,3.9,1.0727797564760926,long_nclose,4.183841050256761,0.0028631828095147327,8.0
1701711840000.0,486344,1701711840000.0,0.002628219171516766,-0.00019362600000000005,1461.2577328414382,1461.2697935720098,-0.9,1.0757,3.0,1.0727797564760926,long_nclose,3.2183392694282777,0.0022024446455247613,11.0
1701712560000.0,486356,1701712560000.0,0.009320243523907479,-0.00021642000000000002,1461.266836664962,1461.2868771520098,-1.0,1.0821,2.0,1.0727797564760926,long_nclose,2.145559512952185,0.0014682872827313175,12.0
1701712800000.0,486360,1701712800000.0,0.005592146114344487,-0.00012985200000000002,1461.2722989590764,1461.2866073000098,-0.6,1.0821,1.4,1.0727797564760926,long_nclose,1.5018916590665294,0.0010277972559504399,4.0
1701713460000.0,486371,1701713460000.0,0.0037280974095629917,-8.656800000000002e-05,1461.275940488486,1461.28496073201,-0.4,1.0821,1.0,1.0727797564760926,long_nclose,1.0727797564760926,0.0007341390676133872,11.0
1701713580000.0,486373,1701713580000.0,0.0027960730571722435,-6.492600000000001e-05,1461.278671635543,1461.28470580601,-0.3,1.0821,0.7,1.0727797564760926,long_nclose,0.7509458295332647,0.000513896386849173,2.0
1701713700000.0,486375,1701713700000.0,0.0018640487047814958,-4.328400000000001e-05,1461.280492400248,1461.28540252201,-0.2,1.0821,0.5,1.0727797564760926,long_nclose,0.5363898782380463,0.0003670683903793112,2.0
1701715200000.0,486400,1701715200000.0,0.0002920243523907518,-2.1514000000000004e-05,1461.2807629106003,1461.2822110080099,-0.1,1.0757,0.4,1.0727797564760926,long_nclose,0.4291119025904371,0.000293654657942479,25.0
1701715380000.0,486403,1701715380000.0,0.0002920243523907518,-2.1514000000000004e-05,1461.2810334209526,1461.2818194940098,-0.1,1.0757,0.3,1.0727797564760926,long_nclose,0.32183392694282775,0.00022024095268614681,3.0
1701715440000.0,486404,1701715440000.0,0.0002920243523907518,-2.1514000000000004e-05,1461.2813039313048,1461.2817479800096,-0.1,1.0757,0.2,1.0727797564760926,long_nclose,0.21455595129521854,0.00014682727461029973,1.0
1701715680000.0,486408,1701715680000.0,0.0002920243523907518,-2.1514000000000004e-05,1461.281574441657,1461.2818064660096,-0.1,1.0757,0.1,1.0727797564760926,long_nclose,0.10727797564760927,7.341362371492247e-05,4.0
1701715860000.0,486411,1701715860000.0,0.0,-0.014599278000000002,1461.266975163657,1461.2668871880094,68.1,1.0719,68.2,1.0719012899655074,long_ientry_partial,73.10366797564761,0.050027591958314285,3.0
1701717780000.0,486443,1701717780000.0,0.05097807058637405,-0.00365466,1461.3142985742434,1461.4575925280094,-17.0,1.0749,51.2,1.0719012899655074,long_nclose,54.88134604623398,0.03755615482567981,32.0
1701717840000.0,486444,1701717840000.0,0.038383488441505166,-0.002751744,1461.3499303186848,1461.4612407840093,-12.8,1.0749,38.4,1.0719012899655074,long_nclose,41.16100953467548,0.028166429327231204,1.0
1701717900000.0,486445,1701717900000.0,0.028787616331128873,-0.002063808,1461.3766541270159,1461.4658969760092,-9.6,1.0749,28.8,1.0719012899655074,long_nclose,30.870757151006615,0.02112443569139122,1.0
1701718140000.0,486449,1701718140000.0,0.021590712248346657,-0.001547856,1461.3966969832643,1461.4787491200093,-7.2,1.0749,21.6,1.0719012899655074,long_nclose,23.15306786325496,0.015843109479479072,4.0
1701718320000.0,486452,1701718320000.0,0.016193034186259992,-0.0011608920000000002,1461.4117291254506,1461.4829882280094,-5.4,1.0749,16.2,1.0719012899655074,long_nclose,17.364800897441217,0.011882209887444106,3.0
1701721140000.0,486499,1701721140000.0,0.05075303418625979,-0.001167804,1461.461314355637,1461.5649804240095,-5.4,1.0813,10.8,1.0719012899655074,long_nclose,11.57653393162748,0.007921204494373916,47.0
1701721440000.0,486504,1701721440000.0,0.03383535612417319,-0.000778536,1461.494371175761,1461.5642018880094,-3.6,1.0813,7.2,1.0719012899655074,long_nclose,7.717689287751654,0.005280683552371695,5.0
1701721740000.0,486509,1701721740000.0,0.05651535612417309,-0.000783072,1461.5501034598851,1461.6030188160094,-3.6,1.0876,3.6,1.0719012899655074,long_nclose,3.858844643875827,0.002640241093850218,5.0
1701721860000.0,486511,1701721860000.0,0.028257678062086546,-0.000391536,1461.5779696019472,1461.6031672800093,-1.8,1.0876,1.8,1.0719012899655074,long_nclose,1.9294223219379134,0.0013200953777808932,2.0
1701723000000.0,486530,1701723000000.0,0.005639226020695531,-0.000129756,1461.583479071968,1461.5975175240094,-0.6,1.0813,1.2,1.0719012899655074,long_nclose,1.2862815479586087,0.0008800602677688535,19.0
1701724200000.0,486550,1701724200000.0,0.009419226020695514,-0.000130512,1461.5927677859888,1461.6024270120095,-0.6,1.0876,0.6,1.0719012899655074,long_nclose,0.6431407739793044,0.00044002733740502136,20.0
1701724380000.0,486553,1701724380000.0,0.004709613010347757,-6.5256e-05,1461.5974121429992,1461.6021817560095,-0.3,1.0876,0.3,1.0719012899655074,long_nclose,0.3215703869896522,0.00022001296958932388,3.0
1701725040000.0,486564,1701725040000.0,0.006629613010347812,-6.564e-05,1461.6039761160096,1461.6039761160096,-0.3,1.094,0.0,1.0719012899655074,long_nclose,0.0,0.0,11.0
1701773340000.0,487369,1701773340000.0,0.0,-0.014614140000000001,1461.5893619760095,1461.5501819760095,65.3,1.119,65.3,1.119,long_ientry_normal,73.0707,0.04999400098343038,805.0
1701774960000.0,487396,1701774960000.0,0.05053000000000168,-0.0036580460000000003,1461.6362339300094,1461.8077339300094,-16.3,1.1221,49.0,1.119,long_nclose,54.831,0.037513437835741,27.0
1701775200000.0,487400,1701775200000.0,0.0,-0.0036476140000000004,1461.6325863160093,1461.6929863160094,16.3,1.1189,65.3,1.1189750382848394,long_ientry_partial,73.06907000000001,0.04999140733730348,4.0
1701782160000.0,487516,1701782160000.0,0.050936875957120153,-0.0036580460000000003,1461.6798651459665,1461.8868882700094,-16.3,1.1221,49.0,1.1189750382848394,long_nclose,54.82977687595713,0.037511481264388705,116.0
1701782400000.0,487520,1701782400000.0,0.0,-0.0036676960000000002,1461.6761974499664,1461.5728205740093,16.4,1.1182,65.4,1.1187806861767142,long_ientry_partial,73.16825687595711,0.05005777408403183,4.0
1701797340000.0,487769,1701797340000.0,0.050844815319556494,-0.003657394,1461.723384871286,1461.7930731800093,-16.3,1.1219,49.1,1.1187806861767142,long_nclose,54.93213169127667,0.037580387821539704,249.0
1701797400000.0,487770,1701797400000.0,0.0,-0.0036578559999999997,1461.719727015286,1461.5111653240094,16.4,1.1152,65.5,1.1178841479584223,long_ientry_partial,73.22141169127666,0.05009264795296215,1.0
1701798780000.0,487793,1701798780000.0,0.05078838827771677,-0.0036544600000000004,1461.7668609435636,1461.8955608640092,-16.3,1.121,49.2,1.1178841479584223,long_nclose,54.99990007955438,0.037625630700132445,23.0
1701798840000.0,487794,1701798840000.0,0.03832498011140591,-0.0027576600000000003,1461.802428263675,1462.0133432040093,-12.3,1.121,36.9,1.1178841479584223,long_nclose,41.24992505966578,0.028218536419222076,1.0
1701799140000.0,487799,1701799140000.0,0.11950498011140516,-0.002773896,1461.9191593477865,1462.1581693080093,-12.3,1.1276,24.6,1.1178841479584223,long_nclose,27.49995003977719,0.018810855486732853,5.0
1701799200000.0,487800,1701799200000.0,0.07966998674093677,-0.001849264,1461.9969800705276,1462.1694400440094,-8.2,1.1276,16.4,1.1178841479584223,long_nclose,18.333300026518124,0.012539902801737467,1.0
1701799320000.0,487802,1701799320000.0,0.05246560102451934,-0.001217808,1462.048227863552,1462.1595022360093,-5.4,1.1276,11.0,1.1178841479584223,long_nclose,12.296725627542646,0.008410615596115792,2.0
1701799620000.0,487807,1701799620000.0,0.03497706734967956,-0.000811872,1462.0823930589017,1462.1683503640095,-3.6,1.1276,7.4,1.1178841479584223,long_nclose,8.272342694892325,0.005657918277495504,5.0
1701799860000.0,487811,1701799860000.0,0.06073865255383788,-0.0008393820000000002,1462.1422923294556,1462.1985909820094,-3.7,1.1343,3.7,1.1178841479584223,long_nclose,4.1361713474461625,0.0028288432453837976,4.0
1701800400000.0,487820,1701800400000.0,0.011659022449893185,-0.00027062399999999996,1462.1536807279056,1462.1779703580096,-1.2,1.1276,2.5,1.1178841479584223,long_nclose,2.794710369896056,0.0019113656838758305,9.0
1701800940000.0,487829,1701800940000.0,0.0018695112249466294,-0.00013452,1462.1554157191304,1462.1613358380093,-0.6,1.121,1.9,1.1178841479584223,long_nclose,2.1239798811210022,0.0014526361960478513,9.0
1701801000000.0,487830,1701801000000.0,0.0012463408166310864,-8.968000000000001e-05,1462.156572379947,1462.1574961580093,-0.4,1.121,1.5,1.1178841479584223,long_nclose,1.6768262219376333,0.001146817142303898,1.0
1701801900000.0,487845,1701801900000.0,0.0,-0.014280959999999999,1462.142291419947,1462.0669651980095,64.0,1.1157,65.5,1.1157500186555362,long_ientry_partial,73.08162622193763,0.04998256780532969,15.0
1701802320000.0,487852,1701802320000.0,0.04971469591475946,-0.0036472880000000007,1462.188358827862,1462.4614179100097,-16.3,1.1188,49.2,1.1157500186555362,long_nclose,54.89490091785239,0.037542974943295226,7.0
1701804000000.0,487880,1701804000000.0,0.15989969404920465,-0.00369164,1462.3445668819113,1462.6446862700097,-16.4,1.1255,32.8,1.1157500186555362,long_nclose,36.596600611901586,0.025025976394834767,28.0
1701804060000.0,487881,1701804060000.0,0.10627479665465432,-0.00245359,1462.448388088566,1462.6684826800097,-10.9,1.1255,21.9,1.1157500186555362,long_nclose,24.434925408556243,0.016708230941738,1.0
1701804660000.0,487891,1701804660000.0,0.071174863814585,-0.0016432299999999999,1462.5179197223806,1462.6544294500097,-7.3,1.1255,14.6,1.1157500186555362,long_nclose,16.289950272370827,0.011138291061392965,10.0
1701804720000.0,487892,1701804720000.0,0.04679991045342575,-0.00108048,1462.5636391528342,1462.66310897001,-4.8,1.1255,9.8,1.1157500186555362,long_nclose,10.934350182824256,0.0074761534405147646,1.0
1701804840000.0,487894,1701804840000.0,0.031199940302283836,-0.00072032,1462.5941187731364,1462.66176865001,-3.2,1.1255,6.6,1.1157500186555362,long_nclose,7.363950123126539,0.005034855554665856,2.0
1701806640000.0,487924,1701806640000.0,0.021449958957820137,-0.0004952200000000001,1462.6150735120943,1462.65841343001,-2.2,1.1255,4.4,1.1157500186555362,long_nclose,4.90930008208436,0.0033565222805313614,30.0
1701806880000.0,487928,1701806880000.0,0.013649973882249178,-0.00031514,1462.6284083459764,1462.6585582900098,-1.4,1.1255,3.0,1.1157500186555362,long_nclose,3.347250055966609,0.002288517053864604,4.0
1701807180000.0,487933,1701807180000.0,0.009749981344463698,-0.0002251,1462.6379332273207,1462.6562331900095,-1.0,1.1255,2.0,1.1157500186555362,long_nclose,2.2315000373110725,0.0015256681005033504,5.0
1701807660000.0,487941,1701807660000.0,0.0,-0.01417955,1462.6237536773206,1462.6056036400096,63.5,1.1165,65.5,1.1164770998062759,long_ientry_partial,73.12925003731107,0.04999867522556632,8.0
1701808200000.0,487950,1701808200000.0,0.05090327315770245,-0.0036498959999999997,1462.6710070544782,1462.8246537440093,-16.3,1.1196,49.2,1.1164770998062759,long_nclose,54.93067331046878,0.03755504350981016,9.0
1701808260000.0,487951,1701808260000.0,0.03841167238280614,-0.002754216,1462.706664510861,1462.9510495280094,-12.3,1.1196,36.9,1.1164770998062759,long_nclose,41.19800498285158,0.02816559600255084,1.0
1701809220000.0,487967,1701809220000.0,0.0287306817822615,-0.002060064,1462.7333351286431,1462.8004494640093,-9.2,1.1196,27.7,1.1164770998062759,long_nclose,30.92641566463384,0.021142893869930127,16.0
1701809400000.0,487970,1701809400000.0,0.021548011336696128,-0.001545048,1462.75333809198,1462.8370144160094,-6.9,1.1196,20.8,1.1164770998062759,long_nclose,23.22272367597054,0.01587603533092075,3.0
1701809700000.0,487975,1701809700000.0,0.0,-0.009982404000000002,1462.7433556879798,1462.7393620120092,44.7,1.1166,65.5,1.116560972152222,long_ientry_partial,73.13474367597054,0.04999834276572235,5.0
1701810000000.0,487980,1701810000000.0,0.04953615391877937,-0.0036498959999999997,1462.7892419458985,1462.8994021160092,-16.3,1.1196,49.2,1.116560972152222,long_nclose,54.93479982988933,0.0375548289901363,5.0
1701810060000.0,487981,1701810060000.0,0.0,-0.0036401160000000005,1462.7856018298985,1462.7678720000092,16.3,1.1166,65.5,1.1165706844257912,long_ientry_partial,73.13537982988933,0.04999733367514644,1.0
1701824160000.0,488216,1701824160000.0,0.051007843859601845,-0.0036502220000000003,1462.8329594517581,1463.0459617780093,-16.3,1.1197,49.2,1.1165706844257912,long_nclose,54.93527767374893,0.03755403330147662,235.0
1701824340000.0,488219,1701824340000.0,0.03849058156276704,-0.002754462,1462.8686955713208,1463.0542773160091,-12.3,1.1197,36.9,1.1165706844257912,long_nclose,41.20145825531169,0.028164836926270087,3.0
1701824580000.0,488223,1701824580000.0,0.028789703282720056,-0.0020602479999999998,1462.8954250266036,1462.9488670680091,-9.2,1.1197,27.7,1.1165706844257912,long_nclose,30.929007958594415,0.021142323251186566,4.0
1701824700000.0,488225,1701824700000.0,0.021592277462040045,-0.001545186,1462.9154721180657,1463.0034418820094,-6.9,1.1197,20.8,1.1165706844257912,long_nclose,23.224670236056458,0.015875606402898233,2.0
1701825120000.0,488232,1701825120000.0,0.01627244098588525,-0.001164488,1462.9305800710515,1463.0043573940093,-5.2,1.1197,15.6,1.1165706844257912,long_nclose,17.418502677042344,0.011906581839444742,7.0
1701826440000.0,488254,1701826440000.0,0.0,-0.011147250000000001,1462.9194328210515,1462.849360144009,50.1,1.1125,65.7,1.113466555206124,long_ientry_partial,73.15475267704235,0.05000600240573252,22.0
1701835320000.0,488402,1701835320000.0,0.04974849461956667,-0.0036621200000000005,1462.965519195671,1463.129858024009,-16.4,1.1165,49.3,1.113466555206124,long_nclose,54.89390117166191,0.03752234789637573,148.0
1701835920000.0,488412,1701835920000.0,0.1596284946195655,-0.0036840959999999996,1463.1214635942906,1463.4581439280091,-16.4,1.1232,32.9,1.113466555206124,long_nclose,36.63304966628148,0.025037599801378808,10.0
1701836340000.0,488419,1701836340000.0,0.10609454825324781,-0.002448576,1463.2251095665438,1463.4216453520091,-10.9,1.1232,22.0,1.113466555206124,long_nclose,24.49626421453473,0.016741282017632503,7.0
1701837000000.0,488430,1701837000000.0,0.0710541469952944,-0.0016398720000000001,1463.294523841539,1463.461125480009,-7.3,1.1232,14.7,1.113466555206124,long_nclose,16.36795836153002,0.011185689616714862,11.0
1701837120000.0,488432,1701837120000.0,0.04769387948999213,-0.0011007360000000002,1463.3411169850292,1463.4502247440091,-4.9,1.1232,9.8,1.113466555206124,long_nclose,10.911972241020017,0.007456888974391917,2.0
1701837480000.0,488438,1701837480000.0,0.031147023340403025,-0.000718848,1463.3715451603698,1463.4245658960094,-3.2,1.1232,6.6,1.113466555206124,long_nclose,7.348879264360418,0.005021882028979223,6.0
1701838320000.0,488452,1701838320000.0,0.02141357854652708,-0.0004942080000000001,1463.3924645309164,1463.4388116880095,-2.2,1.1232,4.4,1.113466555206124,long_nclose,4.899252842906946,0.0033478734937161087,14.0
1701838800000.0,488460,1701838800000.0,0.03593357854652695,-0.0004971120000000001,1463.427900997463,1463.4640545760094,-2.2,1.1298,2.2,1.113466555206124,long_nclose,2.449626421453473,0.0016738962129831086,8.0
1701838920000.0,488462,1701838920000.0,0.017966789273263475,-0.00024855600000000004,1463.4456192307362,1463.4641360200094,-1.1,1.1298,1.1,1.113466555206124,long_nclose,1.2248132107267364,0.0008369379733908818,2.0
1701839040000.0,488464,1701839040000.0,0.008166722396937942,-0.00011297999999999999,1463.453672973133,1463.4630530400093,-0.5,1.1298,0.6,1.113466555206124,long_nclose,0.6680799331236744,0.00045650910955480546,2.0
1701839340000.0,488469,1701839340000.0,0.0049000334381627654,-6.7788e-05,1463.4585052185712,1463.4635552520094,-0.3,1.1298,0.3,1.113466555206124,long_nclose,0.3340399665618372,0.00022825380109560913,5.0
1701839460000.0,488471,1701839460000.0,0.0016333444793875886,-2.2596000000000002e-05,1463.4601159670506,1463.4632826560094,-0.1,1.1298,0.2,1.113466555206124,long_nclose,0.2226933110412248,0.00015216903324630045,2.0
1701839520000.0,488472,1701839520000.0,0.0016333444793875886,-2.2596000000000002e-05,1463.46172671553,1463.4633000600093,-0.1,1.1298,0.1,1.113466555206124,long_nclose,0.1113466555206124,7.608443288128174e-05,1.0
1701839760000.0,488476,1701839760000.0,0.0016333444793875886,-2.2596000000000002e-05,1463.4633374640093,1463.4633374640093,-0.1,1.1298,0.0,1.113466555206124,long_nclose,0.0,0.0,4.0
1701840600000.0,488490,1701840600000.0,0.0,-0.014640588000000003,1463.4486968760093,1463.3172968760093,65.7,1.1142,65.7,1.1142,long_ientry_normal,73.20294000000001,0.0500208447048842,14.0
1701841920000.0,488512,1701841920000.0,0.05083999999999804,-0.0036647439999999997,1463.4958721320095,1463.5994021320096,-16.4,1.1173,49.3,1.1142,long_nclose,54.93006,0.037533457419308136,22.0
1701841980000.0,488513,1701841980000.0,0.03812999999999853,-0.0027485580000000003,1463.5312535740095,1463.6089535740095,-12.3,1.1173,37.0,1.1142,long_nclose,41.2254,0.028168445258224387,1.0
1701842040000.0,488514,1701842040000.0,0.0285199999999989,-0.002055832,1463.5577177420096,1463.6299977420097,-9.2,1.1173,27.8,1.1142,long_nclose,30.974760000000003,0.021164016713866366,1.0
1701842160000.0,488516,1701842160000.0,0.021389999999999177,-0.001541874,1463.5775658680097,1463.6569858680098,-6.9,1.1173,20.9,1.1142,long_nclose,23.28678,0.01591086153755658,2.0
1701842280000.0,488518,1701842280000.0,0.01611999999999938,-0.0011619920000000001,1463.5925238760096,1463.6254938760096,-5.2,1.1173,15.7,1.1142,long_nclose,17.49294,0.011952056132176541,2.0
1701842520000.0,488522,1701842520000.0,0.0,-0.011137,1463.5813868760097,1463.4487068760097,50.0,1.1137,65.7,1.1138194824961947,long_ientry_partial,73.17793999999999,0.049999228369661836,4.0
1701847320000.0,488602,1701847320000.0,0.0505204870624075,-0.003663432,1463.6282439310721,1463.8984334440097,-16.4,1.1169,49.3,1.1138194824961947,long_nclose,54.91130048706239,0.037517245731456636,80.0
1701847740000.0,488609,1701847740000.0,0.1587604870624065,-0.0036850799999999994,1463.7833193381346,1464.0985183640098,-16.4,1.1235,32.9,1.1138194824961947,long_nclose,36.644660974124804,0.02503421134126196,7.0
1701847800000.0,488610,1701847800000.0,0.1055176407914775,-0.00244923,1463.8863877489262,1464.1587591340099,-10.9,1.1235,22.0,1.1138194824961947,long_nclose,24.504028614916283,0.016739023478862358,1.0
1701848100000.0,488615,1701848100000.0,0.07066777777777851,-0.0016403099999999999,1463.9554152167038,1464.0962488240098,-7.3,1.1235,14.7,1.1138194824961947,long_nclose,16.37314639269406,0.011184183768513472,5.0
1701848220000.0,488617,1701848220000.0,0.04743453576864585,-0.0011010300000000002,1464.0017487224725,1464.1132777940097,-4.9,1.1235,9.8,1.1138194824961947,long_nclose,10.915430928462708,0.0074558865370125465,2.0
1701848460000.0,488621,1701848460000.0,0.03097765601217688,-0.0007190400000000001,1464.0320073384848,1464.0853387540099,-3.2,1.1235,6.6,1.1138194824961947,long_nclose,7.351208584474884,0.005021207560782025,4.0
1701848580000.0,488623,1701848580000.0,0.021297138508371605,-0.0004943400000000001,1464.0528101369932,1464.10948441401,-2.2,1.1235,4.4,1.1138194824961947,long_nclose,4.900805722983257,0.0033474241427976104,2.0
1701849000000.0,488630,1701849000000.0,0.03603713850837194,-0.0004972880000000001,1464.0883499875017,1464.12548712601,-2.2,1.1302,2.2,1.1138194824961947,long_nclose,2.4504028614916287,0.0016736714430604866,7.0
1701849660000.0,488641,1701849660000.0,0.01801856925418597,-0.00024864400000000007,1464.1061199127557,1464.12424848201,-1.1,1.1302,1.1,1.1138194824961947,long_nclose,1.2252014307458143,0.0008368255648154947,11.0
1701850080000.0,488648,1701850080000.0,0.008190258751902713,-0.00011302000000000001,1464.1141971515076,1464.12486546201,-0.5,1.1302,0.6,1.1138194824961947,long_nclose,0.6682916894977168,0.00045644778993189525,7.0
1701851280000.0,488668,1701851280000.0,0.001936103500761055,-4.494000000000001e-05,1464.1160883150085,1464.12020052201,-0.2,1.1235,0.4,1.1138194824961947,long_nclose,0.4455277929984779,0.00030429813356618306,20.0
1701851940000.0,488679,1701851940000.0,0.0009680517503805275,-2.2470000000000003e-05,1464.1170338967588,1464.1199680520099,-0.1,1.1235,0.3,1.1138194824961947,long_nclose,0.3341458447488584,0.00022822345277926767,11.0
1701855900000.0,488745,1701855900000.0,0.0,-0.014565818,1464.1024680787589,1464.1094722340101,65.3,1.1153,65.6,1.1152932293406836,long_ientry_partial,73.16323584474884,0.04997139028168973,66.0
1701856800000.0,488760,1701856800000.0,0.050951038812789215,-0.003668352,1464.1497507655718,1466.9790838820102,-16.4,1.1184,49.2,1.1152932293406836,long_nclose,54.87242688356164,0.03747733239367766,15.0
1701856800000.0,488760,1701856800000.0,0.1591910388127882,-0.00369,1464.3052518043846,1466.1914738820103,-16.4,1.125,32.8,1.1152932293406836,long_nclose,36.58161792237442,0.024982235006872276,0.0
1701856800000.0,488760,1701856800000.0,0.26907103881278704,-0.003711975999999999,1464.5706108671975,1465.5137219060102,-16.4,1.1317,16.4,1.1152932293406836,long_nclose,18.29080896118721,0.012488854293175327,0.0
1701856800000.0,488760,1701856800000.0,0.37731103881278966,-0.0037336239999999996,1464.9441882820104,1464.9441882820104,-16.4,1.1383,0.0,1.1152932293406836,long_nclose,0.0,0.0,0.0
1701857580000.0,488773,1701857580000.0,0.0,-0.014645856,1464.9295424260104,1465.0148224260104,65.6,1.1163,65.6,1.1163,long_ientry_normal,73.22928,0.04998826078606345,13.0
1701857640000.0,488774,1701857640000.0,0.05083999999999804,-0.0036716319999999998,1464.9767107940104,1465.4883907940105,-16.4,1.1194,49.2,1.1163,long_nclose,54.921960000000006,0.03748998847239869,1.0
1701857640000.0,488774,1701857640000.0,0.15907999999999703,-0.0036932799999999993,1465.1320975140102,1465.4732175140102,-16.4,1.126,32.8,1.1163,long_nclose,36.61464,0.024990674944686944,0.0
1701857700000.0,488775,1701857700000.0,0.0,-0.007322928,1465.1247745860103,1465.0854145860103,32.8,1.1163,65.6,1.1163,long_ientry_partial,73.22928,0.049981599704156165,1.0
1701857760000.0,488776,1701857760000.0,0.05083999999999804,-0.0036716319999999998,1465.1719429540103,1465.2211429540102,-16.4,1.1194,49.2,1.1163,long_nclose,54.921960000000006,0.037484992982645404,1.0
1701857760000.0,488776,1701857760000.0,0.15907999999999703,-0.0036932799999999993,1465.3273296740101,1465.36012967401,-16.4,1.126,32.8,1.1163,long_nclose,36.61464,0.024987345324505496,0.0
1701857820000.0,488777,1701857820000.0,0.0,-0.007322928,1465.3200067460102,1465.1625667460103,32.8,1.1163,65.6,1.1163,long_ientry_partial,73.22928,0.04997494039722965,1.0
1701857820000.0,488777,1701857820000.0,0.02541999999999902,-0.0018358159999999999,1465.3435909300101,1465.20583093001,-8.2,1.1194,57.4,1.1163,long_nclose,64.07562,0.043727369059793755,0.0
1701858420000.0,488787,1701858420000.0,0.044329999999998294,-0.003201484,1465.38471944601,1465.53987944601,-14.3,1.1194,43.1,1.1163,long_nclose,48.11253000000001,0.03283269530624626,10.0
1701858720000.0,488792,1701858720000.0,0.03316999999999872,-0.002395516,1465.41549393001,1465.59045393001,-10.7,1.1194,32.4,1.1163,long_nclose,36.16812,0.024681136612663274,5.0
1701858900000.0,488795,1701858900000.0,0.0,-0.007412232000000002,1465.40808169801,1465.3556016980099,33.2,1.1163,65.6,1.1163000000000003,long_ientry_partial,73.22928000000002,0.04997193676941318,3.0
1701860820000.0,488827,1701860820000.0,0.0,-0.020099512000000003,1465.38798218601,1463.00634218601,93.2,1.0783,158.8,1.093997732997481,long_rentry,173.72684,0.11855347669826043,32.0
1701903060000.0,489531,1701903060000.0,0.0,-0.047565504,1465.34041668201,1457.86733668201,225.6,1.0542,384.4,1.0706408949011448,long_rentry,411.55436000000003,0.28085921558888555,704.0
1701940980000.0,490163,1701940980000.0,0.0,-0.21076080000000003,1465.1296558820102,1452.05163588201,1027.5,1.0256,1411.9,1.037862709823642,long_rentry,1465.3583600000002,1.0001560982108797,632.0
1701942420000.0,490187,1701942420000.0,1.0012797032367493,-0.07345260599999999,1466.057482979247,1468.7444732760102,-352.9,1.0407,1059.0,1.037862709823642,long_nclose,1099.0966097032367,0.7496954399562211,24.0
1701942480000.0,490188,1701942480000.0,0.7510307096819709,-0.055094658,1466.753419030929,1469.0865086180102,-264.7,1.0407,794.3,1.037862709823642,long_nclose,824.3743504129187,0.5620401764310019,1.0
1701943320000.0,490202,1701943320000.0,0.5632021000070693,-0.04131579,1467.2753053409363,1467.4762628280105,-198.5,1.0407,595.8,1.037862709823642,long_nclose,618.3586025129258,0.4214332513210559,14.0
1701951300000.0,490335,1701951300000.0,0.4224725072597109,-0.030992046000000002,1467.666785802196,1469.2922907820105,-148.9,1.0407,446.9,1.037862709823642,long_nclose,463.8208450201856,0.31602598730656073,133.0
1701952080000.0,490348,1701952080000.0,0.31692531269919216,-0.023249238000000002,1467.9604618768951,1468.8444815440103,-111.7,1.0407,335.2,1.037862709823642,long_nclose,347.89158033288476,0.23698974827161207,13.0
1701952200000.0,490350,1701952200000.0,0.23776491677880304,-0.017442132,1468.180784661674,1469.1957594120104,-83.8,1.0407,251.4,1.037862709823642,long_nclose,260.9186852496636,0.17771563827528872,2.0
1701953820000.0,490377,1701953820000.0,0.7573249167788016,-0.017546044,1468.9205635344526,1470.4854933680103,-83.8,1.0469,167.6,1.037862709823642,long_nclose,173.94579016644238,0.11841742466175408,27.0
1701954420000.0,490387,1701954420000.0,0.5042807918407772,-0.011683404,1469.4131609222934,1470.2893699640103,-55.8,1.0469,111.8,1.037862709823642,long_nclose,116.03305095828317,0.07896557213728353,10.0
1701954900000.0,490395,1701954900000.0,0.07916039592038908,-0.005807106,1469.4865142122137,1469.6742228580101,-27.9,1.0407,83.9,1.037862709823642,long_nclose,87.07668135420356,0.05925653656024536,8.0
1701954960000.0,490396,1701954960000.0,0.05929936468588286,-0.004350125999999999,1469.5414634508995,1469.82101273201,-20.9,1.0407,63.0,1.037862709823642,long_nclose,65.38535071888944,0.04449370932708909,1.0
1701955500000.0,490405,1701955500000.0,0.044545455768821095,-0.003267798,1469.5827411086684,1469.7405949340102,-15.7,1.0407,47.3,1.037862709823642,long_nclose,49.09090617465826,0.03340465616629627,9.0
1701955680000.0,490408,1701955680000.0,0.0,-0.004851992,1469.5778891166683,1469.68632294201,23.3,1.0412,70.6,1.0389641101226383,long_ientry_partial,73.35086617465826,0.049912880914905366,3.0
1701955740000.0,490409,1701955740000.0,0.049911661841566264,-0.003667136000000001,1469.6241336425098,1469.79563580601,-17.6,1.0418,53.0,1.0389641101226383,long_nclose,55.06509783649983,0.037468830686673095,1.0
1701955800000.0,490410,1701955800000.0,0.0,-0.0036477000000000007,1469.6204859425097,1469.67213810601,17.5,1.0422,70.5,1.0397673451985792,long_ientry_partial,73.30359783649983,0.04987927055840415,1.0
1701962700000.0,490525,1701962700000.0,0.049854724505006234,-0.003669952,1469.6666707150146,1469.8270981540097,-17.6,1.0426,52.9,1.0397673451985792,long_nclose,55.00369256100483,0.037425964442838404,115.0
1701962940000.0,490529,1701962940000.0,0.15897472450500594,-0.0036917760000000003,1469.8219536635195,1470.1231563780095,-17.6,1.0488,35.3,1.0397673451985792,long_nclose,36.70378728550984,0.024971587336837596,4.0
1701963000000.0,490530,1701963000000.0,0.10568206117662327,-0.002454192,1469.9251815326961,1470.1383521860096,-11.7,1.0488,23.6,1.0397673451985792,long_nclose,24.53850934668647,0.016693713159672576,1.0
1701963060000.0,490531,1701963060000.0,0.07045470745108218,-0.0016361279999999997,1469.9940001121472,1470.1572560580096,-7.8,1.0488,15.8,1.0397673451985792,long_nclose,16.42832405413755,0.011175776263633879,1.0
1701963240000.0,490534,1701963240000.0,0.04696980496738812,-0.001090752,1470.0398791651146,1470.1345653060096,-5.2,1.0488,10.6,1.0397673451985792,long_nclose,11.021533859104938,0.007497438685380726,3.0
1701963300000.0,490535,1701963300000.0,0.03161429180497277,-0.00073416,1470.0707592969195,1470.1505111460096,-3.5,1.0488,7.1,1.0397673451985792,long_nclose,7.382348150909912,0.005021763819342013,1.0
1701964020000.0,490547,1701964020000.0,0.02077510604326782,-0.00048244799999999996,1470.0910519549627,1470.1382486980096,-2.3,1.0488,4.8,1.0397673451985792,long_nclose,4.99088325695318,0.003394948394737987,12.0
1701964200000.0,490550,1701964200000.0,0.014452247682273267,-0.000335616,1470.105168586645,1470.1462330820095,-1.6,1.0488,3.2,1.0397673451985792,long_nclose,3.3272555046354535,0.002263277196579254,3.0
1701964680000.0,490558,1701964680000.0,0.009032654801420792,-0.00020976,1470.1139914814464,1470.1349633220095,-1.0,1.0488,2.2,1.0397673451985792,long_nclose,2.2874881594368746,0.0015559937342897834,8.0
1701964980000.0,490563,1701964980000.0,0.006322858360994554,-0.00014683199999999998,1470.1201675078075,1470.1365664900097,-0.7,1.0488,1.5,1.0397673451985792,long_nclose,1.5596510177978686,0.0010609003619356074,5.0
1701965520000.0,490572,1701965520000.0,0.010662858360994542,-0.00014769999999999999,1470.1306826661685,1470.1431087900096,-0.7,1.055,0.8,1.0397673451985792,long_nclose,0.8318138761588634,0.0005658094793656846,9.0
1701965760000.0,490576,1701965760000.0,0.00609306192056831,-8.44e-05,1470.136691328089,1470.1429843900096,-0.4,1.055,0.4,1.0397673451985792,long_nclose,0.4159069380794317,0.00028290358341013215,4.0
1701966000000.0,490580,1701966000000.0,0.003046530960284155,-4.22e-05,1470.1396956590493,1470.1428021900097,-0.2,1.055,0.2,1.0397673451985792,long_nclose,0.20795346903971584,0.00014145150263866069,4.0
1701966780000.0,490593,1701966780000.0,0.004286530960284152,-4.2448e-05,1470.1439397420097,1470.1439397420097,-0.2,1.0612,0.0,1.0397673451985792,long_nclose,0.0,0.0,13.0
1701974700000.0,490725,1701974700000.0,0.0,-0.014704164000000004,1470.1292355780097,1470.0872955780096,69.9,1.0518,69.9,1.0518,long_ientry_normal,73.52082000000001,0.05000976663870907,132.0
1701974820000.0,490727,1701974820000.0,0.050459999999998305,-0.0036703559999999996,1470.1760252220097,1470.3335252220097,-17.4,1.0547,52.5,1.0518,long_nclose,55.219500000000004,0.0375597881156179,2.0
1701975060000.0,490731,1701975060000.0,0.0,-0.0036602640000000003,1470.1723649580097,1470.2702249580097,17.4,1.0518,69.9,1.0518,long_ientry_partial,73.52082000000001,0.050008299538469345,4.0
1701975660000.0,490741,1701975660000.0,0.050459999999998305,-0.0036703559999999996,1470.2191546020097,1470.3924046020097,-17.4,1.0547,52.5,1.0518,long_nclose,55.219500000000004,0.0375586862864319,10.0
1701976020000.0,490747,1701976020000.0,0.0,-0.0036602640000000003,1470.2154943380096,1470.2574343380097,17.4,1.0518,69.9,1.0518,long_ientry_partial,73.52082000000001,0.0500068325243056,6.0
1701982920000.0,490862,1701982920000.0,0.050459999999998305,-0.0036703559999999996,1470.2622839820096,1470.4827839820096,-17.4,1.0547,52.5,1.0518,long_nclose,55.219500000000004,0.03755758452188907,115.0
1701983820000.0,490877,1701983820000.0,0.1609999999999978,-0.0037135,1470.4195704820097,1470.7625704820098,-17.5,1.061,35.0,1.0518,long_nclose,36.813,0.025035711397620033,15.0
1701984480000.0,490888,1701984480000.0,0.2694999999999975,-0.0037351999999999997,1470.6853352820099,1470.9530852820099,-17.5,1.0672,17.5,1.0518,long_nclose,18.4065,0.012515593620487472,11.0
1701984540000.0,490889,1701984540000.0,0.13397999999999877,-0.0018569279999999997,1470.81745835401,1470.95649835401,-8.7,1.0672,8.8,1.0518,long_nclose,9.255840000000001,0.006292990301024983,1.0
1701984720000.0,490892,1701984720000.0,0.06775999999999938,-0.0009391360000000001,1470.8842792180099,1470.95907921801,-4.4,1.0672,4.4,1.0518,long_nclose,4.6279200000000005,0.0031463522082514996,3.0
1701985020000.0,490897,1701985020000.0,0.03387999999999969,-0.00046956800000000007,1470.9176896500098,1470.9520096500098,-2.2,1.0672,2.2,1.0518,long_nclose,2.3139600000000002,0.0015731403709955951,5.0
1701985680000.0,490908,1701985680000.0,0.016939999999999844,-0.00023478400000000003,1470.9343948660098,1470.9499048660098,-1.1,1.0672,1.1,1.0518,long_nclose,1.1569800000000001,0.0007865612525196215,11.0
1701986040000.0,490914,1701986040000.0,0.007699999999999929,-0.00010672,1470.9419881460099,1470.95122814601,-0.5,1.0672,0.6,1.0518,long_nclose,0.63108,0.00042903119571385654,6.0
1701986100000.0,490915,1701986100000.0,0.0046199999999999575,-6.403199999999999e-05,1470.9465441140098,1470.95128411401,-0.3,1.0672,0.3,1.0518,long_nclose,0.31554,0.00021451493343699863,1.0
1701986340000.0,490919,1701986340000.0,0.0015399999999999858,-2.1344e-05,1470.9480627700098,1470.9509827700097,-0.1,1.0672,0.2,1.0518,long_nclose,0.21036000000000002,0.00014300980797640227,4.0
1701986520000.0,490922,1701986520000.0,0.0015399999999999858,-2.1344e-05,1470.9495814260097,1470.9511814260097,-0.1,1.0672,0.1,1.0518,long_nclose,0.10518000000000001,7.150483016422183e-05,3.0
1701986820000.0,490927,1701986820000.0,0.0015399999999999858,-2.1344e-05,1470.9511000820096,1470.9511000820096,-0.1,1.0672,0.0,1.0518,long_nclose,0.0,0.0,5.0
1702111380000.0,493003,1702111380000.0,0.0,-0.014711536000000004,1470.9363885460095,1471.4902285460096,64.4,1.1422,64.4,1.1422,long_ientry_normal,73.55768000000002,0.050007383441448665,2076.0
1702111440000.0,493004,1702111440000.0,0.21399999999999542,-0.004931415999999999,1471.1454571300094,1471.4292571300093,-21.4,1.1522,43.0,1.1422,long_nclose,49.1146,0.03338527795600541,1.0
1702111500000.0,493005,1702111500000.0,0.14299999999999696,-0.003295292,1471.2851618380093,1471.7615818380093,-14.3,1.1522,28.7,1.1422,long_nclose,32.78114,0.022280616192069808,1.0
1702111560000.0,493006,1702111560000.0,0.24023999999999895,-0.0033147400000000005,1471.5220870980095,1471.8129670980095,-14.3,1.159,14.4,1.1422,long_nclose,16.447680000000002,0.011177324583986702,1.0
1702111680000.0,493008,1702111680000.0,0.33983999999999775,-0.0033575040000000003,1471.8585695940096,1471.8585695940096,-14.4,1.1658,0.0,1.1422,long_nclose,0.0,0.0,2.0
1702132980000.0,493363,1702132980000.0,0.0,-0.014713426000000002,1471.8438561680096,1471.8884461680095,63.7,1.1549,63.7,1.1549,long_ientry_normal,73.56713,0.049982971829317734,355.0
1702133040000.0,493364,1702133040000.0,0.05087999999999793,-0.003682758,1471.8910534100096,1472.0344534100095,-15.9,1.1581,47.8,1.1549,long_nclose,55.20422,0.037505642739050146,1.0
1702133100000.0,493365,1702133100000.0,0.03807999999999845,-0.002756278,1471.9263771320095,1472.1740871320096,-11.9,1.1581,35.9,1.1549,long_nclose,41.46091,0.028167787903077696,1.0
1702133280000.0,493368,1702133280000.0,0.0,-0.006421244,1471.9199558880096,1471.8817358880096,27.8,1.1549,63.7,1.1548999999999998,long_ientry_partial,73.56712999999999,0.04998038766015434,3.0
1702133400000.0,493370,1702133400000.0,0.05088000000000146,-0.003682758,1471.9671531300096,1472.0006131300097,-15.9,1.1581,47.8,1.1548999999999998,long_nclose,55.204219999999985,0.03750370372233717,2.0
1702133460000.0,493371,1702133460000.0,0.03808000000000109,-0.002756278,1472.0024768520095,1472.1712068520096,-11.9,1.1581,35.9,1.1548999999999998,long_nclose,41.46090999999999,0.028166331682177147,1.0
1702133760000.0,493376,1702133760000.0,0.028480000000000817,-0.0020614179999999998,1472.0288954340094,1472.1530954340094,-8.9,1.1581,27.0,1.1548999999999998,long_nclose,31.182299999999994,0.02118321188987685,5.0
1702134180000.0,493383,1702134180000.0,0.09090000000000198,-0.002097,1472.1176984340093,1472.2940984340094,-9.0,1.165,18.0,1.1548999999999998,long_nclose,20.788199999999996,0.01412128936573061,7.0
1702134240000.0,493384,1702134240000.0,0.06060000000000132,-0.0013980000000000002,1472.1769004340092,1472.2765004340092,-6.0,1.165,12.0,1.1548999999999998,long_nclose,13.858799999999999,0.009413814328912725,1.0
1702134540000.0,493389,1702134540000.0,0.009600000000000275,-0.0006948599999999999,1472.1858055740092,1472.2227055740093,-3.0,1.1581,9.0,1.1548999999999998,long_nclose,10.394099999999998,0.0070603180390992224,5.0
1702134840000.0,493394,1702134840000.0,0.0,-0.012635700000000001,1472.1731698740093,1472.1358498740094,54.7,1.155,63.7,1.1549858712715855,long_ientry_partial,73.5726,0.04997550662215671,5.0
1702134960000.0,493396,1702134960000.0,0.051104646781789324,-0.003683076,1472.2205914447911,1472.3837867980094,-15.9,1.1582,47.8,1.1549858712715855,long_nclose,55.20832464678178,0.03750003563841073,2.0
1702135080000.0,493398,1702135080000.0,0.038248131868131634,-0.002756516,1472.2560830606592,1472.4145502820093,-11.9,1.1582,35.9,1.1549858712715855,long_nclose,41.46399277864992,0.02816357375304629,2.0
1702135500000.0,493405,1702135500000.0,0.028605745682888362,-0.0020615959999999997,1472.282627210342,1472.3721086860094,-8.9,1.1582,27.0,1.1549858712715855,long_nclose,31.18461852433281,0.021181135977554073,7.0
1702135680000.0,493408,1702135680000.0,0.0,-0.008478434000000002,1472.2741487763421,1472.2581202520093,36.7,1.1551,63.7,1.1550516251857583,long_ientry_partial,73.57678852433281,0.049974923885938646,3.0
1702135800000.0,493410,1702135800000.0,0.050059159546441,-0.003683076,1472.3205248598886,1472.3801971760092,-15.9,1.1582,47.8,1.1550516251857583,long_nclose,55.21146768387924,0.037499625082747096,2.0
1702135860000.0,493411,1702135860000.0,0.03746566028947471,-0.002756516,1472.3552340041779,1472.5041606600091,-11.9,1.1582,35.9,1.1550516251857583,long_nclose,41.46635334416872,0.02816328042750793,1.0
1702136400000.0,493420,1702136400000.0,0.11957566028947623,-0.0027729380000000004,1472.4720367264674,1472.7083977220093,-11.9,1.1651,24.0,1.1550516251857583,long_nclose,27.721239004458198,0.018826326281948816,9.0
1702136460000.0,493421,1702136460000.0,0.0803869985139336,-0.0018641600000000001,1472.5505595649813,1472.7225335620092,-8.0,1.1651,16.0,1.1550516251857583,long_nclose,18.480826002972133,0.012550214919908565,1.0
1702137120000.0,493432,1702137120000.0,0.13558699851393285,-0.0018752,1472.684271363495,1472.8182583620091,-8.0,1.172,8.0,1.1550516251857583,long_nclose,9.240413001486067,0.00627453771400082,11.0
1702137180000.0,493433,1702137180000.0,0.06779349925696643,-0.0009376,1472.751127262752,1472.8217207620091,-4.0,1.172,4.0,1.1550516251857583,long_nclose,4.620206500743033,0.0031371264399098616,1.0
1702137780000.0,493443,1702137780000.0,0.09539349925696694,-0.0009431200000000001,1472.845577642009,1472.845577642009,-4.0,1.1789,0.0,1.1550516251857583,long_nclose,0.0,0.0,10.0
1702164540000.0,493889,1702164540000.0,0.0,-0.014725016000000002,1472.830852626009,1472.7488226260089,63.1,1.1668,63.1,1.1668,long_ientry_normal,73.62508000000001,0.04998882245624399,446.0
1702166460000.0,493921,1702166460000.0,0.05023999999999795,-0.0036738,1472.877418826009,1473.038578826009,-15.7,1.17,47.4,1.1668,long_nclose,55.30632,0.037549845827688215,32.0
1702166580000.0,493923,1702166580000.0,0.03775999999999846,-0.0027612,1472.912417626009,1473.001417626009,-11.8,1.17,35.6,1.1668,long_nclose,41.53808,0.028201323787431766,2.0
1702166760000.0,493926,1702166760000.0,0.0,-0.0064157500000000004,1472.906001876009,1472.844841876009,27.5,1.1665,63.1,1.1666692551505549,long_ientry_partial,73.61683000000001,0.04998067080060494,3.0
1702167060000.0,493931,1702167060000.0,0.050722694136287716,-0.003673486,1472.9530510841453,1473.054048390009,-15.7,1.1699,47.4,1.1666692551505549,long_nclose,55.3001226941363,0.03754371033987367,5.0
1702167300000.0,493935,1702167300000.0,0.0,-0.0036628100000000007,1472.9493882741453,1472.815165580009,15.7,1.1665,63.1,1.1666271425378176,long_ientry_partial,73.6141726941363,0.04997739452568022,4.0
1702167720000.0,493942,1702167720000.0,0.05138386215626227,-0.003673486,1472.9970986503015,1473.180672094009,-15.7,1.1699,47.4,1.1666271425378176,long_nclose,55.29812655629255,0.03754123250274009,7.0
1702167840000.0,493944,1702167840000.0,0.038619718053751265,-0.002760964,1473.0329574043553,1473.138791130009,-11.8,1.1699,35.6,1.1666271425378176,long_nclose,41.53192627434631,0.028194838455977315,2.0
1702167900000.0,493945,1702167900000.0,0.029128431413422563,-0.002082422,1473.0600034137688,1473.150058708009,-8.9,1.1699,26.7,1.1666271425378176,long_nclose,31.148944705759728,0.021145740590045932,1.0
1702168200000.0,493950,1702168200000.0,0.021600859250403247,-0.001544268,1473.080060005019,1473.1418244400088,-6.6,1.1699,20.1,1.1666271425378176,long_nclose,23.449205565010136,0.015918486850558713,5.0
1702168260000.0,493951,1702168260000.0,0.01636428731091155,-0.0011699,1473.09525439233,1473.1597745400088,-5.0,1.1699,15.1,1.1666271425378176,long_nclose,17.616069852321047,0.011958540902087079,1.0
1702168920000.0,493962,1702168920000.0,0.05086428731091219,-0.0011768000000000002,1473.144941879641,1473.257787740009,-5.0,1.1768,10.1,1.1666271425378176,long_nclose,11.782934139631958,0.007998489357467888,11.0
1702169100000.0,493965,1702169100000.0,0.03357042962520205,-0.0007766880000000001,1473.177735621266,1473.2564310520088,-3.3,1.1768,6.8,1.1666271425378176,long_nclose,7.9330645692571595,0.005385001671853017,3.0
1702169520000.0,493972,1702169520000.0,0.05804771537141997,-0.0008049159999999999,1473.2349784206374,1473.293366136009,-3.4,1.1837,3.4,1.1666271425378176,long_nclose,3.9665322846285798,0.002692396218341795,7.0
1702171140000.0,493999,1702171140000.0,0.029023857685709985,-0.00040245799999999996,1473.263599820323,1473.2921136780087,-1.7,1.1837,1.7,1.1666271425378176,long_nclose,1.9832661423142899,0.00134617195629904,27.0
1702171200000.0,494000,1702171200000.0,0.013658285969745877,-0.000189392,1473.2770687142927,1473.2909942860088,-0.8,1.1837,0.9,1.1666271425378176,long_nclose,1.049964428284036,0.0007126727555736169,1.0
1702171260000.0,494001,1702171260000.0,0.006829142984872938,-9.4696e-05,1473.2838031612775,1473.2938895900086,-0.4,1.1837,0.5,1.1666271425378176,long_nclose,0.5833135712689088,0.0003959274988412091,1.0
1702171320000.0,494002,1702171320000.0,0.012036428731091231,-0.00011907000000000001,1473.2957205200087,1473.2957205200087,-0.5,1.1907,0.0,1.1666271425378176,long_nclose,0.0,0.0,1.0
1702178220000.0,494117,1702178220000.0,0.0,-0.01473318,1473.2809873400088,1473.2683873400088,63.0,1.1693,63.0,1.1693,long_ientry_normal,73.6659,0.0500012561303753,115.0
1702178520000.0,494122,1702178520000.0,0.050240000000001436,-0.0036816500000000007,1473.3275456900087,1473.5120156900086,-15.7,1.1725,47.3,1.1693,long_nclose,55.30789,0.03753943932005796,5.0
1702178640000.0,494124,1702178640000.0,0.037760000000001084,-0.0027671000000000006,1473.3625385900086,1473.4051385900086,-11.8,1.1725,35.5,1.1693,long_nclose,41.51015,0.028173751478522555,2.0
1702178820000.0,494127,1702178820000.0,0.0,-0.00643115,1473.3561074400086,1473.3309074400086,27.5,1.1693,63.0,1.1693,long_ientry_partial,73.6659,0.04999870678107566,3.0
1702180620000.0,494157,1702180620000.0,0.050240000000001436,-0.0036816500000000007,1473.4026657900085,1473.5587557900085,-15.7,1.1725,47.3,1.1693,long_nclose,55.30789,0.03753752540575528,30.0
1702180800000.0,494160,1702180800000.0,0.037760000000001084,-0.0027671000000000006,1473.4376586900084,1473.5761086900084,-11.8,1.1725,35.5,1.1693,long_nclose,41.51015,0.028172315099442687,3.0
1702181220000.0,494167,1702181220000.0,0.02816000000000081,-0.0020636000000000005,1473.4637550900086,1473.5598750900085,-8.8,1.1725,26.7,1.1693,long_nclose,31.220309999999998,0.021188380027775344,7.0
1702181340000.0,494169,1702181340000.0,0.021120000000000604,-0.0015477000000000002,1473.4833273900088,1473.5677473900087,-6.6,1.1725,20.1,1.1693,long_nclose,23.502930000000003,0.01595059106751544,2.0
1702181880000.0,494178,1702181880000.0,0.01600000000000046,-0.0011725000000000001,1473.498154890009,1473.5600648900088,-5.0,1.1725,15.1,1.1693,long_nclose,17.65643,0.01198266176405086,9.0
1702182300000.0,494185,1702182300000.0,0.050999999999999934,-0.0011795,1473.5479753900088,1473.6560453900088,-5.0,1.1795,10.1,1.1693,long_nclose,11.80993,0.008014621985330492,7.0
1702182420000.0,494187,1702182420000.0,0.033659999999999954,-0.0007784700000000001,1473.580856920009,1473.6542969200088,-3.3,1.1795,6.8,1.1693,long_nclose,7.951239999999999,0.005395862712697835,2.0
1702183740000.0,494209,1702183740000.0,0.022439999999999974,-0.00051898,1473.602777940009,1473.654297940009,-2.2,1.1795,4.6,1.1693,long_nclose,5.37878,0.003650088124507439,22.0
1702185660000.0,494241,1702185660000.0,0.039560000000000234,-0.0005457900000000001,1473.641792150009,1473.682732150009,-2.3,1.1865,2.3,1.1693,long_nclose,2.68939,0.0018249957447774622,32.0
1702186800000.0,494260,1702186800000.0,0.018920000000000117,-0.00026103000000000004,1473.660451120009,1473.6844511200088,-1.1,1.1865,1.2,1.1693,long_nclose,1.40316,0.0009521596368644979,19.0
1702189260000.0,494301,1702189260000.0,0.0,-0.014455076,1473.6459960440088,1473.6296460440087,61.7,1.1714,62.9,1.1713599364069953,long_ientry_partial,73.67854,0.04999744863948972,41.0
1702200900000.0,494495,1702200900000.0,0.0,-0.02023122,1473.625764824009,1471.438404824009,89.4,1.1315,152.3,1.1479621799080761,long_rentry,174.83464,0.11864249674060227,194.0
1702241700000.0,495175,1702241700000.0,0.11923716349310709,-0.00874836,1473.736253627502,1474.1634864640089,-38.0,1.1511,114.3,1.1479621799080761,long_nclose,131.2120771634931,0.08903362242770607,680.0
1702242240000.0,495184,1702242240000.0,0.08942787261983032,-0.006561270000000001,1473.8191202301218,1474.182725194009,-28.5,1.1511,85.8,1.1479621799080761,long_nclose,98.49515503611293,0.06682988006067794,9.0
1702242480000.0,495188,1702242480000.0,0.06714934996717083,-0.004926708,1473.881342872089,1474.1156184860088,-21.4,1.1511,64.4,1.1479621799080761,long_nclose,73.9287643860801,0.05015923754216083,4.0
1702242660000.0,495191,1702242660000.0,0.05051890347997432,-0.0037065420000000006,1473.928155233569,1474.118351944009,-16.1,1.1511,48.3,1.1479621799080761,long_nclose,55.44657328956007,0.03761823335328961,3.0
1702243080000.0,495198,1702243080000.0,0.03765384110308645,-0.0027626400000000002,1473.9630464346722,1474.127769304009,-12.0,1.1511,36.3,1.1479621799080761,long_nclose,41.67102713066316,0.02827141917259055,7.0
1702243200000.0,495200,1702243200000.0,0.028240380827314837,-0.00207198,1473.9892148354995,1474.077607324009,-9.0,1.1511,27.3,1.1479621799080761,long_nclose,31.33936751149048,0.02126159892899082,2.0
1702243380000.0,495203,1702243380000.0,0.021337176625082322,-0.001565496,1474.0089865161247,1474.0753618280091,-6.8,1.1511,20.5,1.1479621799080761,long_nclose,23.53322468811556,0.015965455369262853,3.0
1702244820000.0,495227,1702244820000.0,0.01600288246881174,-0.0011741219999999999,1474.0238152765935,1474.022857706009,-5.1,1.1511,15.4,1.1479621799080761,long_nclose,17.678617570584372,0.011993440938582844,24.0
1702247400000.0,495270,1702247400000.0,0.011923716349310708,-0.000874836,1474.0348641569426,1474.074742870009,-3.8,1.1511,11.6,1.1479621799080761,long_nclose,13.316361286933683,0.009033952731199356,43.0
1702250280000.0,495318,1702250280000.0,0.0,-0.012089808,1474.0227743489427,1473.918323062009,53.1,1.1384,64.7,1.1401143939247866,long_ientry_partial,73.7654012869337,0.050043596727679426,48.0
1702252800000.0,495360,1702252800000.0,0.05128825781093483,-0.0036814260000000007,1474.0703811807537,1474.147441636009,-16.1,1.1433,48.6,1.1401143939247866,long_nclose,55.40955954474463,0.03758949386145368,42.0
1702253280000.0,495368,1702253280000.0,0.03854583351008145,-0.002766786,1474.106160228264,1474.2443348500092,-12.1,1.1433,36.5,1.1401143939247866,long_nclose,41.614175378254714,0.028230107505833095,8.0
1702253460000.0,495371,1702253460000.0,0.0,-0.006421704,1474.0997385242638,1473.999173146009,28.2,1.1386,64.7,1.1394543335124376,long_ientry_partial,73.72269537825471,0.050012013062331356,3.0
1702260600000.0,495490,1702260600000.0,0.0,-0.020230866,1474.0795076582638,1471.807002280009,91.9,1.1007,156.6,1.1167115285967735,long_rentry,174.87702537825473,0.11863473067071258,119.0
1702260720000.0,495492,1702260720000.0,0.0,-0.04788200000000001,1474.0316256582637,1443.545440280009,222.5,1.076,379.1,1.0928172655717614,long_rentry,414.2870253782548,0.28105708057196205,2.0
1702260720000.0,495492,1702260720000.0,0.0,-0.21195606399999997,1473.8196695942636,1408.506924216009,1012.4,1.0468,1391.5,1.059336935234103,long_rentry,1474.0673453782545,1.0001680502636112,0.0
1702261440000.0,495504,1702261440000.0,1.0305539255789478,-0.07389358800000001,1474.7763299318426,1473.1722306280092,-347.8,1.0623,1043.7,1.059336935234103,long_nclose,1105.6299593038334,0.7496933174638968,12.0
1702262100000.0,495515,1702262100000.0,0.7730635974225055,-0.055430814,1475.4939627152653,1475.2302098140094,-260.9,1.0623,782.8,1.059336935234103,long_nclose,829.2489529012558,0.5620144669214623,11.0
1702262160000.0,495516,1702262160000.0,0.5798717746860266,-0.041578422000000004,1476.0322560679515,1475.7170213920094,-195.7,1.0623,587.1,1.059336935234103,long_nclose,621.936714675942,0.4213571296420978,1.0
1702264140000.0,495549,1702264140000.0,0.43468160115707766,-0.031167881999999997,1476.4357697871085,1477.9168635100095,-146.7,1.0623,440.4,1.059336935234103,long_nclose,466.531986277099,0.3159852909445357,33.0
1702264440000.0,495554,1702264440000.0,0.3262334307252505,-0.023391846,1476.7386113718337,1478.0806416640094,-110.1,1.0623,330.3,1.059336935234103,long_nclose,349.8989897078243,0.2369403677897888,5.0
1702264860000.0,495561,1702264860000.0,0.24445284318649563,-0.01752795,1476.9655362650203,1477.3528637140096,-82.5,1.0623,247.8,1.059336935234103,long_nclose,262.5036925510108,0.17773176564081197,7.0
1702264980000.0,495563,1702264980000.0,0.18341370900901913,-0.013151274000000001,1477.1357987000295,1477.7424024400098,-61.9,1.0623,185.9,1.059336935234103,long_nclose,196.93073626001978,0.13331931731214622,2.0
1702265100000.0,495565,1702265100000.0,0.13748620513761692,-0.009858144000000001,1477.263426761167,1477.8860242960097,-46.4,1.0623,139.5,1.059336935234103,long_nclose,147.7775024651574,0.10003463145984251,2.0
1702265700000.0,495575,1702265700000.0,0.43073251161420534,-0.00993798,1477.6842212927813,1478.6200863160097,-46.5,1.0686,93.0,1.059336935234103,long_nclose,98.51833497677158,0.06667076331814714,10.0
1702265880000.0,495578,1702265880000.0,0.28715500774280356,-0.00662532,1477.964750980524,1478.6630609960096,-31.0,1.0686,62.0,1.059336935234103,long_nclose,65.6788899845144,0.04443873911129555,3.0
1702266360000.0,495586,1702266360000.0,0.19081913417747592,-0.004402632000000001,1478.1511674827016,1478.6340183640098,-20.6,1.0686,41.4,1.059336935234103,long_nclose,43.856549118691866,0.02966986738804244,8.0
1702266420000.0,495587,1702266420000.0,0.0,-0.00591192,1478.1452555627015,1478.5936064440098,27.6,1.071,69.0,1.0640021611404618,long_ientry_partial,73.41614911869186,0.04966775006881428,1.0
1702266900000.0,495595,1702266900000.0,0.2138502937693778,-0.004937179999999999,1478.3541686764709,1478.7772692640096,-23.0,1.0733,46.0,1.0640021611404618,long_nclose,48.94409941246124,0.03310715419179933,8.0
1702266960000.0,495596,1702266960000.0,0.0,-0.004915256,1478.3492534204709,1478.7172340080097,22.9,1.0732,68.9,1.0670592077280294,long_ientry_partial,73.52037941246124,0.049731400913793834,1.0
1702266960000.0,495596,1702266960000.0,0.09548412176114861,-0.0032842979999999997,1478.441453244232,1478.7277197100095,-15.3,1.0733,53.6,1.0670592077280294,long_nclose,57.19437353422238,0.038685585694798644,0.0
1702267020000.0,495597,1702267020000.0,0.0,-0.0032815440000000004,1478.438171700232,1478.6073081660097,15.3,1.0724,68.9,1.0682451891759417,long_ientry_partial,73.60209353422239,0.04978368046976126,1.0
1702267560000.0,495606,1702267560000.0,0.05082274617380173,-0.0036849279999999996,1478.4853095184058,1478.6587532380095,-17.2,1.0712,51.7,1.0682451891759417,long_nclose,55.22827628039619,0.037354633099726885,9.0
1702267620000.0,495607,1702267620000.0,0.0,-0.003707736000000001,1478.4816017824057,1478.7309455020095,17.3,1.0716,69.0,1.0690863229042926,long_ientry_partial,73.76695628039619,0.04989372623336356,1.0
1702271760000.0,495676,1702271760000.0,0.05011524604616806,-0.0036876800000000005,1478.5280293484518,1478.7462978220094,-17.2,1.072,51.8,1.0690863229042926,long_nclose,55.37867152644235,0.037455273371345056,69.0
1702271880000.0,495678,1702271880000.0,0.0,-0.0036706860000000003,1478.5243586624517,1478.5979371360095,17.1,1.0733,68.9,1.0701320976261588,long_ientry_partial,73.73210152644235,0.04986870936177484,2.0
1702318380000.0,496453,1702318380000.0,0.0,-0.020239846000000002,1478.5041188164516,1476.0106272900093,97.9,1.0337,166.8,1.0487489899666809,long_rentry,174.9313315264424,0.11831643165558146,775.0
1702340520000.0,496822,1702340520000.0,0.12305711838941116,-0.008771178000000003,1478.618404756841,1478.9875761120093,-41.7,1.0517,125.1,1.0487489899666809,long_nclose,131.19849864483177,0.08873046502245276,369.0
1702340580000.0,496823,1702340580000.0,0.09207151303955942,-0.006562608,1478.7039136618807,1479.0749135040094,-31.2,1.0517,93.9,1.0487489899666809,long_nclose,98.47753015787134,0.06659719315545758,1.0
1702341060000.0,496831,1702341060000.0,0.06905363477966957,-0.004921956000000001,1478.7680453406604,1479.0042915480094,-23.4,1.0517,70.5,1.0487489899666809,long_nclose,73.936803792651,0.049998919049957125,8.0
1702341180000.0,496833,1702341180000.0,0.05193777658641814,-0.003701984000000001,1478.8162811332468,1478.9618095640094,-17.6,1.0517,52.9,1.0487489899666809,long_nclose,55.47882156923742,0.03751569567973844,2.0
1702341480000.0,496838,1702341480000.0,0.0389533324398136,-0.002776488,1478.8524579776865,1478.9696130760094,-13.2,1.0517,39.7,1.0487489899666809,long_nclose,41.63533490167723,0.028153812557212818,5.0
1702341540000.0,496839,1702341540000.0,0.029214999329860204,-0.0020823660000000004,1478.8795906110165,1478.9347507100094,-9.9,1.0517,29.8,1.0487489899666809,long_nclose,31.25271990100709,0.0211327007955358,1.0
1702341660000.0,496841,1702341660000.0,0.021837474246562173,-0.0015565160000000004,1478.899871569263,1478.9682141940093,-7.4,1.0517,22.4,1.0487489899666809,long_nclose,23.49197737525365,0.015884765308909168,2.0
1702341960000.0,496846,1702341960000.0,0.01652565618658759,-0.001177904,1478.9152193214495,1478.9916762900093,-5.6,1.0517,16.8,1.0487489899666809,long_nclose,17.61898303144024,0.011913450346074685,5.0
1702342380000.0,496853,1702342380000.0,0.012394242139940692,-0.0008834280000000002,1478.9267301355894,1478.9739928620093,-4.2,1.0517,12.6,1.0487489899666809,long_nclose,13.214237273580178,0.008935018215789963,7.0
1702343040000.0,496864,1702343040000.0,0.00914813110328956,-0.0006520540000000001,1478.9352262126927,1478.9594608080092,-3.1,1.0517,9.5,1.0487489899666809,long_nclose,9.963115404683467,0.006736681382725158,11.0
1702343100000.0,496865,1702343100000.0,0.006787323076634188,-0.000483782,1478.9415297537694,1478.9714170260092,-2.3,1.0517,7.2,1.0487489899666809,long_nclose,7.550992727760103,0.0051056736022669375,1.0
1702343700000.0,496875,1702343700000.0,0.02196242407996607,-0.000507792,1478.9629843858493,1479.0054692340093,-2.4,1.0579,4.8,1.0487489899666809,long_nclose,5.033995151840068,0.003403733024414044,10.0
1702343820000.0,496877,1702343820000.0,0.014641616053310713,-0.00033852800000000005,1478.9772874739026,1479.0078507060093,-1.6,1.0579,3.2,1.0487489899666809,long_nclose,3.355996767893379,0.0022691334047633895,2.0
1702344000000.0,496880,1702344000000.0,0.009151010033319196,-0.00021158000000000003,1478.9862269039359,1479.0026191260092,-1.0,1.0579,2.2,1.0487489899666809,long_nclose,2.307247777926698,0.0015600197864970111,3.0
1702344060000.0,496881,1702344060000.0,0.006405707023323437,-0.000148106,1478.992484504959,1479.006661020009,-0.7,1.0579,1.5,1.0487489899666809,long_nclose,1.5731234849500213,0.0010636453541388814,1.0
1702344420000.0,496887,1702344420000.0,0.004575505016659598,-0.00010579000000000002,1478.9969542199758,1479.0065052300092,-0.5,1.0579,1.0,1.0487489899666809,long_nclose,1.0487489899666809,0.0007090947597791315,6.0
1702345860000.0,496911,1702345860000.0,0.0027453030099957587,-6.3474e-05,1478.9996360489858,1479.006251756009,-0.3,1.0579,0.7,1.0487489899666809,long_nclose,0.7341242929766766,0.0004963654317980925,24.0
1702346100000.0,496915,1702346100000.0,0.0018302020066638391,-4.2316000000000006e-05,1479.0014239349925,1479.0060994400092,-0.2,1.0579,0.5,1.0487489899666809,long_nclose,0.5243744949833404,0.0003545463084059807,4.0
1702346400000.0,496920,1702346400000.0,0.0009151010033319196,-2.1158000000000003e-05,1479.002317877996,1479.0062182820093,-0.1,1.0579,0.4,1.0487489899666809,long_nclose,0.41949959598667236,0.0002836368752880327,5.0
1702347300000.0,496935,1702347300000.0,0.003070202006663836,-4.2564e-05,1479.0053455160025,1479.0084557180091,-0.2,1.0641,0.2,1.0487489899666809,long_nclose,0.20974979799333618,0.0001418181473307371,15.0
1702347840000.0,496944,1702347840000.0,0.00433020200666383,-4.2816000000000005e-05,1479.0096329020093,1479.0096329020093,-0.2,1.0704,0.0,1.0487489899666809,long_nclose,0.0,0.0,9.0
1702361880000.0,497178,1702361880000.0,0.0,-0.0147924,1478.9948405020093,1478.8898405020093,70.0,1.0566,70.0,1.0566,long_ientry_normal,73.962,0.050008288044396,234.0
1702364520000.0,497222,1702364520000.0,0.05075000000000218,-0.0037082500000000006,1479.0418822520094,1479.2571322520093,-17.5,1.0595,52.5,1.0566,long_nclose,55.4715,0.0375050231272277,44.0
1702365420000.0,497237,1702365420000.0,0.037990000000001634,-0.00277589,1479.0770963620093,1479.2268163620092,-13.1,1.0595,39.4,1.0566,long_nclose,41.63004,0.028145956760735953,15.0
1702366080000.0,497248,1702366080000.0,0.028420000000001226,-0.0020766200000000004,1479.1034397420094,1479.2159197420094,-9.8,1.0595,29.6,1.0566,long_nclose,31.275360000000003,0.021144809186202127,11.0
1702366320000.0,497252,1702366320000.0,0.021460000000000923,-0.0015680600000000002,1479.1233316820094,1479.1921516820094,-7.4,1.0595,22.2,1.0566,long_nclose,23.456519999999998,0.01585839361571427,4.0
1702366440000.0,497254,1702366440000.0,0.015950000000000686,-0.0011654500000000002,1479.1381162320095,1479.1965662320094,-5.5,1.0595,16.7,1.0566,long_nclose,17.64522,0.011929393074495193,2.0
1702367220000.0,497267,1702367220000.0,0.05060000000000053,-0.0011723800000000002,1479.1875438520094,1479.2905838520094,-5.5,1.0658,11.2,1.0566,long_nclose,11.833919999999999,0.00800028370248632,13.0
1702367280000.0,497268,1702367280000.0,0.03404000000000036,-0.0007886920000000001,1479.2207951600094,1479.3017951600093,-3.7,1.0658,7.5,1.0566,long_nclose,7.9245,0.005357212409350151,1.0
1702367520000.0,497272,1702367520000.0,0.05735000000000026,-0.0007933540000000001,1479.2773518060094,1479.3366318060093,-3.7,1.0721,3.8,1.0566,long_nclose,4.015079999999999,0.002714217178474407,4.0
1702368180000.0,497283,1702368180000.0,0.02945000000000013,-0.000407398,1479.3063944080093,1479.3320444080093,-1.9,1.0721,1.9,1.0566,long_nclose,2.0075399999999997,0.001357081945693461,11.0
1702369200000.0,497300,1702369200000.0,0.005520000000000058,-0.000127896,1479.3117865120091,1479.3272565120092,-0.6,1.0658,1.3,1.0566,long_nclose,1.37358,0.0009285263678177618,17.0
1702369560000.0,497306,1702369560000.0,0.003680000000000039,-8.526400000000002e-05,1479.315381248009,1479.323661248009,-0.4,1.0658,0.9,1.0566,long_nclose,0.95094,0.0006428243848838706,6.0
1702369740000.0,497309,1702369740000.0,0.002760000000000029,-6.3948e-05,1479.3180773000092,1479.3236573000092,-0.3,1.0658,0.6,1.0566,long_nclose,0.63396,0.00042854880889245796,3.0
1702369920000.0,497312,1702369920000.0,0.0018400000000000196,-4.263200000000001e-05,1479.319874668009,1479.323154668009,-0.2,1.0658,0.4,1.0566,long_nclose,0.42264,0.00028569885880486086,3.0
1702370100000.0,497315,1702370100000.0,0.0009200000000000098,-2.1316000000000004e-05,1479.3207733520092,1479.3237433520092,-0.1,1.0658,0.3,1.0566,long_nclose,0.31698,0.0002142740139325912,3.0
1702370520000.0,497322,1702370520000.0,0.0009200000000000098,-2.1316000000000004e-05,1479.3216720360092,1479.3237920360093,-0.1,1.0658,0.2,1.0566,long_nclose,0.21132,0.00014284925584112995,7.0
1702370820000.0,497327,1702370820000.0,0.001550000000000007,-2.1442000000000002e-05,1479.3232005940092,1479.3248205940092,-0.1,1.0721,0.1,1.0566,long_nclose,0.10566,7.142455411878429e-05,5.0
1702371360000.0,497336,1702371360000.0,0.001550000000000007,-2.1442000000000002e-05,1479.3247291520092,1479.3247291520092,-0.1,1.0721,0.0,1.0566,long_nclose,0.0,0.0,9.0
1702380960000.0,497496,1702380960000.0,0.0,-0.014800392,1479.3099287600091,1479.3657687600091,69.8,1.0602,69.8,1.0602,long_ientry_normal,74.00196,0.05002464903485783,160.0
1702386600000.0,497590,1702386600000.0,0.050459999999998305,-0.0036995879999999993,1479.356689172009,1479.4876891720091,-17.4,1.0631,52.4,1.0602,long_nclose,55.55448,0.03755313401198304,94.0
1702386660000.0,497591,1702386660000.0,0.037989999999998726,-0.002785322,1479.3918938500092,1479.5255138500092,-13.1,1.0631,39.3,1.0602,long_nclose,41.665859999999995,0.028164180277862442,1.0
1702387020000.0,497597,1702387020000.0,0.0,-0.006478632000000001,1479.3854152180093,1479.2386552180092,30.6,1.0586,69.9,1.0594995708154504,long_ientry_partial,74.05901999999999,0.05006066657016914,6.0
1702387800000.0,497610,1702387800000.0,0.05046746781116269,-0.003697152,1479.4321855338203,1479.731458066009,-17.4,1.0624,52.5,1.0594995708154504,long_nclose,55.62372746781115,0.03759802443918074,13.0
1702387860000.0,497611,1702387860000.0,0.16100751072961716,-0.00374045,1479.58945259455,1479.8764676160092,-17.5,1.0687,35.0,1.0594995708154504,long_nclose,37.08248497854076,0.025062685404734653,1.0
1702388040000.0,497614,1702388040000.0,0.0,-0.007388329999999999,1479.5820642645501,1479.9315292860094,34.9,1.0585,69.9,1.0590005004083083,long_ientry_partial,74.02413497854076,0.050030435463095206,3.0
1702388040000.0,497614,1702388040000.0,0.029575646447717995,-0.001848576,1479.609791334998,1479.9157607100094,-8.7,1.0624,61.2,1.0590005004083083,long_nclose,64.81083062498847,0.043802650539715625,0.0
1702388160000.0,497616,1702388160000.0,0.1876697916705117,-0.0043582560000000005,1479.7931028706685,1480.1929224540095,-20.4,1.0682,40.8,1.0590005004083083,long_nclose,43.20722041665898,0.02919814961486222,2.0
1702388700000.0,497625,1702388700000.0,0.31618979167051114,-0.00438396,1480.104908702339,1480.4068184940095,-20.4,1.0745,20.4,1.0590005004083083,long_nclose,21.60361020832949,0.014595999297962027,9.0
1702389360000.0,497636,1702389360000.0,0.0625565972235039,-0.001452752,1480.1660125475623,1480.2952057420093,-6.8,1.0682,13.6,1.0590005004083083,long_nclose,14.402406805552992,0.009730264499699284,11.0
1702390380000.0,497653,1702390380000.0,0.04139774816261288,-0.0009613800000000002,1480.2064489157249,1480.2828843620093,-4.5,1.0682,9.1,1.0590005004083083,long_nclose,9.636904553715604,0.006510513827834484,17.0
1702390620000.0,497657,1702390620000.0,0.027598498775075253,-0.00064092,1480.2334064944998,1480.2931834420092,-3.0,1.0682,6.1,1.0590005004083083,long_nclose,6.45990305249068,0.004364111108523805,4.0
1702390860000.0,497661,1702390860000.0,0.018398999183383502,-0.00042728000000000004,1480.2513782136832,1480.2911461620092,-2.0,1.0682,4.1,1.0590005004083083,long_nclose,4.341902051674063,0.002933219394744778,4.0
1702391040000.0,497664,1702391040000.0,0.011959349469199276,-0.000277732,1480.2630598311523,1480.291898430009,-1.3,1.0682,2.8,1.0590005004083083,long_nclose,2.965201401143263,0.0020031584125874843,3.0
1702391280000.0,497668,1702391280000.0,0.008279549632522577,-0.00019227600000000001,1480.2711471047849,1480.2895761540092,-0.9,1.0682,1.9,1.0590005004083083,long_nclose,2.0121009507757854,0.0013592786393973764,4.0
1702391880000.0,497678,1702391880000.0,0.005519699755015051,-0.00012818400000000002,1480.27653862054,1480.288887970009,-0.6,1.0682,1.3,1.0590005004083083,long_nclose,1.3767006505308008,0.0009300293658735814,10.0
1702392000000.0,497680,1702392000000.0,0.0036797998366767007,-8.545600000000002e-05,1480.2801329643764,1480.288772514009,-0.4,1.0682,0.9,1.0590005004083083,long_nclose,0.9531004503674775,0.0006438649206612126,2.0
1702392120000.0,497682,1702392120000.0,0.0027598498775075254,-6.409200000000001e-05,1480.282828722254,1480.287928422009,-0.3,1.0682,0.6,1.0590005004083083,long_nclose,0.635400300244985,0.0004292424987415735,2.0
1702392360000.0,497686,1702392360000.0,0.0018398999183383503,-4.272800000000001e-05,1480.2846258941724,1480.2870256940091,-0.2,1.0682,0.4,1.0590005004083083,long_nclose,0.42360020016332334,0.000286161318406888,4.0
1702392900000.0,497695,1702392900000.0,0.0,-0.014714188000000001,1480.2699117061725,1480.2214915060092,69.4,1.0601,69.8,1.0600936991427412,long_ientry_partial,73.99454020016333,0.0499871946426828,9.0
1702393380000.0,497703,1702393380000.0,0.050569634916302016,-0.00369924,1480.3167821010886,1480.484792266009,-17.4,1.063,52.4,1.0600936991427412,long_nclose,55.54890983507964,0.03752501525804244,8.0
1702393500000.0,497705,1702393500000.0,0.0,-0.003689148,1480.3130929530887,1480.208723118009,17.4,1.0601,69.8,1.060095269843548,long_ientry_partial,73.99464983507964,0.0499858105608369,2.0
1702405560000.0,497906,1702405560000.0,0.05054230472226453,-0.00369924,1480.359936017811,1480.575023878009,-17.4,1.063,52.4,1.060095269843548,long_nclose,55.54899213980191,0.037523976965513864,201.0
1702405680000.0,497908,1702405680000.0,0.038051965049521,-0.00278506,1480.3952029228606,1480.517218818009,-13.1,1.063,39.3,1.060095269843548,long_nclose,41.66174410485143,0.028142312284311227,2.0
1702407960000.0,497946,1702407960000.0,0.0,-0.006543440000000001,1480.3886594828605,1480.077555378009,31.1,1.052,70.4,1.0565190923984578,long_ientry_partial,74.37894410485143,0.0502428491520828,38.0
1702423140000.0,498199,1702423140000.0,0.05070397378714162,-0.003729088,1480.4356343686477,1480.709186290009,-17.6,1.0594,52.8,1.0565190923984578,long_nclose,55.784208078638564,0.03768094119298102,253.0
1702425540000.0,498239,1702425540000.0,0.03802798034035621,-0.0027968159999999997,1480.470865532988,1480.6126694740092,-13.2,1.0594,39.6,1.0565190923984578,long_nclose,41.83815605897893,0.028260033367098158,40.0
1702425840000.0,498244,1702425840000.0,0.028520985255267164,-0.002097612,1480.4972889062433,1480.5887918620092,-9.9,1.0594,29.7,1.0565190923984578,long_nclose,31.378617044234193,0.02119464674428143,5.0
1702427100000.0,498265,1702427100000.0,0.02131871625141182,-0.001567912,1480.5170397104948,1480.5879739500092,-7.4,1.0594,22.3,1.0565190923984578,long_nclose,23.56037576048561,0.01591361337191545,21.0
1702427460000.0,498271,1702427460000.0,0.015844991808481756,-0.00116534,1480.5317193623034,1480.5700386100093,-5.5,1.0594,16.8,1.0565190923984578,long_nclose,17.749520752294092,0.011988612280417194,6.0
1702427520000.0,498272,1702427520000.0,0.012099811926476979,-0.0008898959999999999,1480.5429292782298,1480.6094687140094,-4.2,1.0594,12.6,1.0565190923984578,long_nclose,13.312140564220567,0.008991391131569744,1.0
1702427820000.0,498277,1702427820000.0,0.008930813564780626,-0.000656828,1480.5512032637946,1480.5814218860094,-3.1,1.0594,9.5,1.0565190923984578,long_nclose,10.036931377785349,0.006779185586867566,5.0
1702428000000.0,498280,1702428000000.0,0.006626087483546916,-0.0004873239999999999,1480.557342027278,1480.5809645620093,-2.3,1.0594,7.2,1.0565190923984578,long_nclose,7.606937465268896,0.005137887773298242,3.0
1702428240000.0,498284,1702428240000.0,0.005185633682775847,-0.000381384,1480.5621462769607,1480.580943178009,-1.8,1.0594,5.4,1.0565190923984578,long_nclose,5.705203098951673,0.0038534033260934335,4.0
1702428360000.0,498286,1702428360000.0,0.003745179882004779,-0.000275444,1480.5656160128428,1480.5798877340092,-1.3,1.0594,4.1,1.0565190923984578,long_nclose,4.331728278833676,0.002925725298483564,2.0
1702430160000.0,498316,1702430160000.0,0.0,-0.013949520000000002,1480.5516664928427,1480.476818214009,66.3,1.052,70.4,1.0522631857788873,long_ientry_partial,74.07932827883367,0.0500349497794387,30.0
1702434000000.0,498380,1702434000000.0,0.0,-0.02033,1480.5313364928427,1478.695208214009,100.0,1.0165,170.4,1.0312754006973808,long_rentry,175.7293282788337,0.11869342036022702,64.0
1702458060000.0,498781,1702458060000.0,0.12032793029157988,-0.008810532000000001,1480.642853891134,1481.0421776820087,-42.6,1.0341,127.8,1.0312754006973808,long_nclose,131.79699620912527,0.08901336055670843,401.0
1702458300000.0,498785,1702458300000.0,0.09010471775355396,-0.006597558,1480.7263610508876,1481.0547801240089,-31.9,1.0341,95.9,1.0312754006973808,long_nclose,98.89931092687883,0.06679107870862035,4.0
1702458480000.0,498788,1702458480000.0,0.06750792333259999,-0.0049429980000000005,1480.7889259762203,1481.028297126009,-23.9,1.0341,72.0,1.0312754006973808,long_nclose,74.25182885021141,0.050143425269918454,3.0
1702458720000.0,498792,1702458720000.0,0.05084278744714643,-0.0037227600000000003,1480.8360460036674,1481.0047743660089,-18.0,1.0341,54.0,1.0312754006973808,long_nclose,55.688871637658565,0.03760637228405274,4.0
1702458900000.0,498795,1702458900000.0,0.038132090585359824,-0.0027920700000000002,1480.8713860242528,1480.989832296009,-13.5,1.0341,40.5,1.0312754006973808,long_nclose,41.766653728243924,0.028204106124554353,3.0
1702459080000.0,498798,1702459080000.0,0.028528452956454387,-0.002088882,1480.8978255952093,1480.986733414009,-10.1,1.0341,30.4,1.0312754006973808,long_nclose,31.350772181200373,0.021170111562963317,3.0
1702459380000.0,498803,1702459380000.0,0.02146695469990627,-0.001571832,1480.917720717909,1480.979841582009,-7.6,1.0341,22.8,1.0312754006973808,long_nclose,23.51307913590028,0.015877370367681044,5.0
1702459440000.0,498804,1702459440000.0,0.016100216024929705,-0.0011788740000000001,1480.9326420599339,1480.9980427080086,-5.7,1.0341,17.1,1.0312754006973808,long_nclose,17.634809351925213,0.01190790779477702,1.0
1702459680000.0,498808,1702459680000.0,0.011863317071000834,-0.0008686440000000001,1480.9436367330047,1480.9891040640084,-4.2,1.0341,12.9,1.0312754006973808,long_nclose,13.303452668996213,0.008983091819985757,4.0
1702459860000.0,498811,1702459860000.0,0.009038717768381587,-0.0006618240000000001,1480.9520136267731,1480.9765022400086,-3.2,1.0341,9.7,1.0312754006973808,long_nclose,10.003371386764593,0.006754689750052648,3.0
1702459920000.0,498812,1702459920000.0,0.006779038326286191,-0.0004963680000000001,1480.9582962970994,1480.9818358720086,-2.4,1.0341,7.3,1.0312754006973808,long_nclose,7.528310425090879,0.005083404741317984,1.0
1702460040000.0,498814,1702460040000.0,0.0050842787447146435,-0.000372276,1480.9630082998442,1480.9829435960087,-1.8,1.0341,5.5,1.0312754006973808,long_nclose,5.672014703835594,0.003829950290485045,2.0
1702460940000.0,498829,1702460940000.0,0.00367197909340502,-0.00026886600000000004,1480.9664114129378,1480.9786947300088,-1.3,1.0341,4.2,1.0312754006973808,long_nclose,4.331356682928999,0.0029246825920897185,15.0
1702461120000.0,498832,1702461120000.0,0.002824599302619246,-0.00020682,1480.9690291922404,1480.9796679100089,-1.0,1.0341,3.2,1.0312754006973808,long_nclose,3.3000812822316186,0.002228325655149973,3.0
1702461600000.0,498840,1702461600000.0,0.002259679442095397,-0.00016545600000000002,1480.9711234156825,1480.978622454009,-0.8,1.0341,2.4,1.0312754006973808,long_nclose,2.4750609616737136,0.0016712418780761111,8.0
1702462560000.0,498856,1702462560000.0,0.0,-0.014325071999999998,1480.9567983436825,1480.9659773820088,69.6,1.0291,72.0,1.0291725133565792,long_ientry_partial,74.1004209616737,0.05003550477944285,16.0
1702465560000.0,498906,1702465560000.0,0.05089475958157452,-0.0037152,1481.003977903264,1481.1026621820088,-18.0,1.032,54.0,1.0291725133565792,long_nclose,55.57531572125528,0.037525433118644425,50.0
1702465980000.0,498913,1702465980000.0,0.0,-0.0037026,1481.000275303264,1480.9279595820087,18.0,1.0285,72.0,1.0290043850174344,long_ientry_partial,74.08831572125527,0.05002586222077793,7.0
1702472880000.0,499028,1702472880000.0,0.052121069686181354,-0.0037148400000000005,1481.0486815329502,1481.1996447420088,-18.0,1.0319,54.0,1.0290043850174344,long_nclose,55.56623679094146,0.03751817039088004,115.0
1702472940000.0,499029,1702472940000.0,0.039090802264636015,-0.00278613,1481.0849862052148,1481.2711086120087,-13.5,1.0319,40.5,1.0290043850174344,long_nclose,41.67467759320609,0.028137938053091418,1.0
1702473780000.0,499043,1702473780000.0,0.12144080226463594,-0.0028026,1481.2036244074795,1481.4519060120087,-13.5,1.038,27.0,1.0290043850174344,long_nclose,27.78311839547073,0.018757122881457106,14.0
1702474380000.0,499053,1702474380000.0,0.20379080226463586,-0.00281907,1481.4045961397442,1481.5894869420088,-13.5,1.0441,13.5,1.0290043850174344,long_nclose,13.891559197735365,0.00937728911732426,10.0
1702474860000.0,499061,1702474860000.0,0.10114062038318965,-0.001399094,1481.5043376661274,1481.6076678480088,-6.7,1.0441,6.8,1.0290043850174344,long_nclose,6.997229818118554,0.004723057260258561,8.0
1702475100000.0,499065,1702475100000.0,0.05132509094072311,-0.000709988,1481.5549527690682,1481.607637860009,-3.4,1.0441,3.4,1.0290043850174344,long_nclose,3.498614909059277,0.002361447952045428,4.0
1702475700000.0,499075,1702475700000.0,0.025662545470361554,-0.000354994,1481.5802603205386,1481.606432866009,-1.7,1.0441,1.7,1.0290043850174344,long_nclose,1.7493074545296385,0.0011807038075353255,10.0
1702476540000.0,499089,1702476540000.0,0.0044978074912828125,-0.0001038,1481.58465432803,1481.593169066009,-0.5,1.038,1.2,1.0290043850174344,long_nclose,1.2348052620209213,0.000833435510022183,14.0
1702476660000.0,499091,1702476660000.0,0.00359824599302625,-8.304e-05,1481.588169534023,1481.5956060260091,-0.4,1.038,0.8,1.0290043850174344,long_nclose,0.8232035080139476,0.0005556223550791815,2.0
1702476840000.0,499094,1702476840000.0,0.001799122996513125,-4.152e-05,1481.5899271370197,1481.5949645060093,-0.2,1.038,0.6,1.0290043850174344,long_nclose,0.6174026310104607,0.0004167162719602928,3.0
1702476960000.0,499096,1702476960000.0,0.001799122996513125,-4.152e-05,1481.5916847400163,1481.5962429860092,-0.2,1.038,0.4,1.0290043850174344,long_nclose,0.4116017540069738,0.0002778105184082482,2.0
1702477440000.0,499104,1702477440000.0,0.0008995614982565625,-2.076e-05,1481.5925635415144,1481.5954422260093,-0.1,1.038,0.3,1.0290043850174344,long_nclose,0.30870131550523033,0.000208357765219426,8.0
1702478760000.0,499126,1702478760000.0,0.001509561498256562,-2.0882e-05,1481.5940522210128,1481.5969913440094,-0.1,1.0441,0.2,1.0290043850174344,long_nclose,0.2058008770034869,0.00013890503724348584,22.0
1702479660000.0,499141,1702479660000.0,0.001509561498256562,-2.0882e-05,1481.5955409005112,1481.5970604620095,-0.1,1.0441,0.1,1.0290043850174344,long_nclose,0.10290043850174345,6.945244883715075e-05,15.0
1702479780000.0,499143,1702479780000.0,0.0021195614982565613,-2.1004e-05,1481.5976394580093,1481.5976394580093,-0.1,1.0502,0.0,1.0290043850174344,long_nclose,0.0,0.0,2.0
1702544040000.0,500214,1702544040000.0,0.0,-0.014814878000000002,1481.5828245800094,1481.6861745800095,68.9,1.0751,68.9,1.0751,long_ientry_normal,74.07439000000001,0.04999679313979506,1071.0
1702544100000.0,500215,1702544100000.0,0.05160000000000195,-0.0037086640000000004,1481.6307159160094,1481.8220059160094,-17.2,1.0781,51.7,1.0751,long_nclose,55.58267,0.037514523290397866,1.0
1702544460000.0,500221,1702544460000.0,0.0,-0.0036983439999999997,1481.6270175720094,1481.7579275720095,17.2,1.0751,68.9,1.0751,long_ientry_partial,74.07439000000001,0.04999530186847438,6.0
1702544640000.0,500224,1702544640000.0,0.05160000000000195,-0.0037086640000000004,1481.6749089080095,1481.8144989080095,-17.2,1.0781,51.7,1.0751,long_nclose,55.58267,0.03751340436814462,3.0
1702544760000.0,500226,1702544760000.0,0.03870000000000147,-0.0027814980000000003,1481.7108274100094,1481.8621474100094,-12.9,1.0781,38.8,1.0751,long_nclose,41.713879999999996,0.028152510751989802,2.0
1702545240000.0,500234,1702545240000.0,0.0291000000000011,-0.002091514,1481.7378358960093,1481.8251358960092,-9.7,1.0781,29.1,1.0751,long_nclose,31.28541,0.021113998200013338,8.0
1702545360000.0,500236,1702545360000.0,0.02160000000000082,-0.0015524640000000001,1481.7578834320093,1481.8170134320094,-7.2,1.0781,21.9,1.0751,long_nclose,23.544689999999996,0.01588970118752896,2.0
1702545600000.0,500240,1702545600000.0,0.016200000000000617,-0.0011643480000000002,1481.7729190840093,1481.8257190840093,-5.4,1.0781,16.5,1.0751,long_nclose,17.73915,0.011971571197944316,4.0
1702545720000.0,500242,1702545720000.0,0.012300000000000465,-0.000884042,1481.7843350420094,1481.8252550420093,-4.1,1.0781,12.4,1.0751,long_nclose,13.33124,0.00899674782944851,2.0
1702545900000.0,500245,1702545900000.0,0.009300000000000353,-0.0006684220000000001,1481.7929666200093,1481.8236566200094,-3.1,1.0781,9.3,1.0751,long_nclose,9.99843,0.006747521566934253,3.0
1702546200000.0,500250,1702546200000.0,0.006900000000000261,-0.0004959259999999999,1481.7993706940094,1481.8168706940094,-2.3,1.0781,7.0,1.0751,long_nclose,7.5257,0.005078757724451788,5.0
1702546560000.0,500256,1702546560000.0,0.005100000000000193,-0.000366554,1481.8041041400095,1481.8231841400095,-1.7,1.0781,5.3,1.0751,long_nclose,5.698029999999999,0.00384533285073262,6.0
1702547760000.0,500276,1702547760000.0,0.015980000000000126,-0.00036873,1481.8197154100094,1481.8539154100094,-1.7,1.0845,3.6,1.0751,long_nclose,3.87036,0.00261189668334862,20.0
1702547880000.0,500278,1702547880000.0,0.01128000000000009,-0.00026028,1481.8307351300093,1481.8542551300093,-1.2,1.0845,2.4,1.0751,long_nclose,2.58024,0.001741251506551874,2.0
1702548240000.0,500284,1702548240000.0,0.0075200000000000605,-0.00017352,1481.8380816100093,1481.8532816100094,-0.8,1.0845,1.6,1.0751,long_nclose,1.72016,0.0011608285826553027,6.0
1702548660000.0,500291,1702548660000.0,0.0047000000000000375,-0.00010845000000000001,1481.8426731600093,1481.8530131600094,-0.5,1.0845,1.1,1.0751,long_nclose,1.18261,0.0007980671777241373,7.0
1702548720000.0,500292,1702548720000.0,0.0028200000000000226,-6.507e-05,1481.8454280900094,1481.8533480900094,-0.3,1.0845,0.8,1.0751,long_nclose,0.86008,0.0005804114138332095,1.0
1702550400000.0,500320,1702550400000.0,0.006320000000000015,-8.727200000000001e-05,1481.8516608180093,1481.8585808180094,-0.4,1.0909,0.4,1.0751,long_nclose,0.43004,0.0002902044862996678,28.0
1702550820000.0,500327,1702550820000.0,0.0031600000000000074,-4.363600000000001e-05,1481.8547771820092,1481.8579971820093,-0.2,1.0909,0.2,1.0751,long_nclose,0.21502,0.0001451019379975249,7.0
1702551000000.0,500330,1702551000000.0,0.0015800000000000037,-2.1818000000000004e-05,1481.8563353640093,1481.8579653640093,-0.1,1.0909,0.1,1.0751,long_nclose,0.10751,7.255089271092585e-05,3.0
1702551600000.0,500340,1702551600000.0,0.0022199999999999998,-2.1946e-05,1481.8585334180093,1481.8585334180093,-0.1,1.0973,0.0,1.0751,long_nclose,0.0,0.0,10.0
1702560540000.0,500489,1702560540000.0,0.0,-0.014819290000000002,1481.8437141280092,1481.9190641280093,68.5,1.0817,68.5,1.0817,long_ientry_normal,74.09645,0.05000287769456312,149.0
1702560600000.0,500490,1702560600000.0,0.05129999999999815,-0.0037096740000000005,1481.8913044540093,1481.3002044540092,-17.1,1.0847,51.4,1.0817,long_nclose,55.599380000000004,0.037519202543998424,1.0
1702560660000.0,500491,1702560660000.0,0.0,-0.003809912000000001,1481.8874945420093,1480.9780745420094,17.8,1.0702,69.2,1.0787419075144509,long_ientry_partial,74.64894000000001,0.050374228998451016,1.0
1702561020000.0,500497,1702561020000.0,0.051175000000001775,-0.0037426820000000006,1481.9349268600095,1482.2182018600095,-17.3,1.0817,51.9,1.0787419075144509,long_nclose,55.986705,0.03777946250219445,6.0
1702561080000.0,500498,1702561080000.0,0.0,-0.0035909120000000004,1481.9313359480095,1482.1207709480095,16.6,1.0816,68.5,1.0794345255474453,long_ientry_partial,73.941265,0.04989520310851574,1.0
1702561140000.0,500499,1702561140000.0,0.0507096131386851,-0.0037018080000000004,1481.9783437531482,1482.2541291400096,-17.1,1.0824,51.4,1.0794345255474453,long_nclose,55.48293461313869,0.037438424688870105,1.0
1702561260000.0,500501,1702561260000.0,0.03795807299269996,-0.002770944,1482.013530882141,1482.3904781960096,-12.8,1.0824,38.6,1.0794345255474453,long_nclose,41.66617268613139,0.02811456968367244,2.0
1702561260000.0,500501,1702561260000.0,0.12115807299269932,-0.002787584,1482.1319013711336,1482.3838506120096,-12.8,1.0889,25.8,1.0794345255474453,long_nclose,27.84941075912409,0.018790102779219817,0.0
1702561440000.0,500504,1702561440000.0,0.08140308029196985,-0.0018729080000000002,1482.2114315434255,1482.4155177040095,-8.6,1.0889,17.2,1.0794345255474453,long_nclose,18.56627383941606,0.012526063046270675,3.0
1702561680000.0,500508,1702561680000.0,0.053953204379561415,-0.0012413460000000002,1482.264143401805,1482.3442463580095,-5.7,1.0889,11.5,1.0794345255474453,long_nclose,12.413497043795621,0.008374686184681342,4.0
1702561860000.0,500511,1702561860000.0,0.03596880291970761,-0.0008275639999999999,1482.2992846407249,1482.3883387940095,-3.8,1.0889,7.7,1.0794345255474453,long_nclose,8.31164584671533,0.005607265639833241,3.0
1702561980000.0,500513,1702561980000.0,0.06028880291970746,-0.0008324280000000001,1482.3587410156447,1482.4245163660096,-3.8,1.0953,3.9,1.0794345255474453,long_nclose,4.209794649635037,0.002839929723590848,2.0
1702562100000.0,500515,1702562100000.0,0.03014440145985373,-0.00041621400000000004,1482.3884692031045,1482.4204001520095,-1.9,1.0953,2.0,1.0794345255474453,long_nclose,2.1588690510948907,0.0014563450107349023,2.0
1702562460000.0,500521,1702562460000.0,0.015865474452554595,-0.00021906,1482.404115617557,1482.4182810920095,-1.0,1.0953,1.0,1.0794345255474453,long_nclose,1.0794345255474453,0.000728164819683978,6.0
1702563360000.0,500536,1702563360000.0,0.0028396423357663902,-6.5334e-05,1482.4068899258928,1482.4135157580095,-0.3,1.0889,0.7,1.0794345255474453,long_nclose,0.7556041678832117,0.0005097144198520187,15.0
1702563420000.0,500537,1702563420000.0,0.0018930948905109268,-4.3556e-05,1482.4087394647831,1482.4155222020095,-0.2,1.0889,0.5,1.0794345255474453,long_nclose,0.5397172627737227,0.0003640812742163036,1.0
1702563540000.0,500539,1702563540000.0,0.0031730948905109193,-4.3812e-05,1482.4118687476737,1482.4161783900095,-0.2,1.0953,0.3,1.0794345255474453,long_nclose,0.32383035766423357,0.0002184483033974911,2.0
1702563600000.0,500540,1702563600000.0,0.0015865474452554597,-2.1906e-05,1482.4134333891188,1482.4166264840094,-0.1,1.0953,0.2,1.0794345255474453,long_nclose,0.21588690510948907,0.00014563204855471714,1.0
1702563780000.0,500543,1702563780000.0,0.0015865474452554597,-2.1906e-05,1482.414998030564,1482.4166645780092,-0.1,1.0953,0.1,1.0794345255474453,long_nclose,0.10794345255474454,7.281594742238231e-05,3.0
1702563960000.0,500546,1702563960000.0,0.002226547445255456,-2.2034e-05,1482.4172025440091,1482.4172025440091,-0.1,1.1017,0.0,1.0794345255474453,long_nclose,0.0,0.0,3.0
1702606440000.0,501254,1702606440000.0,0.0,-0.014815422000000002,1482.402387122009,1482.3620071220091,67.3,1.1007,67.3,1.1007,long_ientry_normal,74.07711,0.04997098671961535,708.0
1702606800000.0,501260,1702606800000.0,0.05039999999999818,-0.003708432,1482.4490786900092,1482.6207786900093,-16.8,1.1037,50.5,1.1007,long_nclose,55.58535,0.037495621805181276,6.0
1702606920000.0,501262,1702606920000.0,0.03779999999999863,-0.002781324,1482.4840973660093,1482.5712673660094,-12.6,1.1037,37.9,1.1007,long_nclose,41.71653,0.02813961382393206,2.0
1702607100000.0,501265,1702607100000.0,0.028199999999998983,-0.002074956,1482.5102224100094,1482.6299224100094,-9.4,1.1037,28.5,1.1007,long_nclose,31.36995,0.02116002272753583,3.0
1702609500000.0,501305,1702609500000.0,0.0912000000000005,-0.0021095700000000003,1482.5993128400096,1482.7817128400095,-9.5,1.1103,19.0,1.1007,long_nclose,20.9133,0.014105834137977101,40.0
1702609560000.0,501306,1702609560000.0,0.06048000000000033,-0.001398978,1482.6583938620097,1482.7777738620098,-6.3,1.1103,12.7,1.1007,long_nclose,13.97889,0.009428260790125745,1.0
1702612260000.0,501351,1702612260000.0,0.040320000000000224,-0.0009326520000000001,1482.6977812100097,1482.7946812100097,-4.2,1.1103,8.5,1.1007,long_nclose,9.35595,0.006310085655058265,45.0
1702612620000.0,501357,1702612620000.0,0.026880000000000147,-0.000621768,1482.7240394420096,1482.7810394420096,-2.8,1.1103,5.7,1.1007,long_nclose,6.27399,0.004231394266974371,6.0
1702612920000.0,501362,1702612920000.0,0.0182400000000001,-0.00042191400000000007,1482.7418575280096,1482.7787175280096,-1.9,1.1103,3.8,1.1007,long_nclose,4.18266,0.002820895612249881,5.0
1702615320000.0,501402,1702615320000.0,0.0026999999999999026,-0.00019866599999999998,1482.7443588620097,1482.7539288620096,-0.9,1.1037,2.9,1.1007,long_nclose,3.19203,0.0021527851250433003,40.0
1702615500000.0,501405,1702615500000.0,0.002099999999999924,-0.00015451799999999997,1482.7463043440096,1482.7526843440096,-0.7,1.1037,2.2,1.1007,long_nclose,2.4215400000000002,0.0016331451934195364,3.0
1702615680000.0,501408,1702615680000.0,0.0,-0.014346738,1482.7319576060095,1482.7144076060094,65.1,1.1019,67.3,1.1018607726597325,long_ientry_partial,74.15522999999999,0.05001256607413359,3.0
1702616580000.0,501423,1702616580000.0,0.05105901931649424,-0.003712464,1482.7793041613259,1482.9428851420093,-16.8,1.1049,50.5,1.1018607726597325,long_nclose,55.64396901931649,0.037526804469927004,15.0
1702616760000.0,501426,1702616760000.0,0.03829426448737067,-0.0027843480000000003,1482.8148140778133,1482.9110507940095,-12.6,1.1049,37.9,1.1018607726597325,long_nclose,41.760523283803856,0.02816300652470579,3.0
1702617240000.0,501434,1702617240000.0,0.0,-0.006479172,1482.8083349058134,1482.8098216220094,29.4,1.1019,67.3,1.101877909120414,long_ientry_partial,74.15638328380386,0.050010767769601325,8.0
1702631520000.0,501672,1702631520000.0,0.05077112677704374,-0.003712464,1482.8553935685904,1483.0130591580096,-16.8,1.1049,50.5,1.101877909120414,long_nclose,55.64483441058091,0.0375254624637861,238.0
1702631640000.0,501674,1702631640000.0,0.0380783450827828,-0.0027843480000000003,1482.8906875656733,1483.0165948100096,-12.6,1.1049,37.9,1.101877909120414,long_nclose,41.761172755663694,0.028162003515052894,2.0
1702632600000.0,501690,1702632600000.0,0.0,-0.006488820000000002,1482.8841987456733,1482.8054459900097,29.5,1.0998,67.4,1.1009684385113307,long_ientry_partial,74.2052727556637,0.05004117841327845,16.0
1702654500000.0,502055,1702654500000.0,0.0,-0.02035539,1482.8638433556732,1480.1753706000095,95.7,1.0635,163.1,1.0789835852585143,long_rentry,175.98222275566368,0.11867726328630522,365.0
1702667820000.0,502277,1702667820000.0,0.12276807997846918,-0.008807480000000001,1482.9778039556516,1483.4449331200094,-40.7,1.082,122.4,1.0789835852585143,long_nclose,132.06759083564216,0.08905567600767114,222.0
1702668600000.0,502290,1702668600000.0,0.0923022910894633,-0.00662184,1483.063484406741,1483.3771112800093,-30.6,1.082,91.8,1.0789835852585143,long_nclose,99.05069312673162,0.06678789827149856,13.0
1702673580000.0,502373,1702673580000.0,0.0690758975800232,-0.00495556,1483.127604744321,1483.3423257200093,-22.9,1.082,68.9,1.0789835852585143,long_nclose,74.34196902431164,0.05012513339142358,83.0
1702674180000.0,502383,1702674180000.0,0.05188233355355454,-0.0037220800000000004,1483.1757649978745,1483.3627336400093,-17.2,1.082,51.7,1.0789835852585143,long_nclose,55.7834513578652,0.0376108163808523,10.0
1702676100000.0,502415,1702676100000.0,0.0,-0.003685734000000001,1483.1720792638744,1483.0506779060092,17.1,1.0777,68.8,1.0786645546201339,long_ientry_partial,74.21212135786521,0.05003608306508713,32.0
1702682640000.0,502524,1702682640000.0,0.0,-0.020360680000000003,1483.1517185838743,1481.544947226009,97.7,1.042,166.5,1.0571502784256168,long_rentry,176.0155213578652,0.11867667963593521,109.0
1702692240000.0,502684,1702692240000.0,0.12270841749434212,-0.008820032,1483.2656069693687,1484.0087271940092,-41.6,1.0601,124.9,1.0571502784256168,long_nclose,132.03806977535956,0.08901849348825784,160.0
1702693140000.0,502699,1702693140000.0,0.38478841749434095,-0.008872448,1483.641522938863,1484.3953647460091,-41.6,1.0664,83.3,1.0571502784256168,long_nclose,88.06061819285388,0.059354376937644275,15.0
1702693200000.0,502700,1702693200000.0,0.2562172876104145,-0.0059078559999999995,1483.8918323704736,1484.4728368900094,-27.7,1.0664,55.6,1.0571502784256168,long_nclose,58.777555480464294,0.0396104043423225,1.0
1702693680000.0,502708,1702693680000.0,0.17111984912608913,-0.00394568,1484.0590065395997,1484.4726612100094,-18.5,1.0664,37.1,1.0571502784256168,long_nclose,39.220275329590386,0.02642770614696839,8.0
1702694160000.0,502716,1702694160000.0,0.11377157536491332,-0.002623344,1484.1701547709645,1484.3921078660092,-12.3,1.0664,24.8,1.0571502784256168,long_nclose,26.217326904955296,0.017664636915570592,8.0
1702694220000.0,502717,1702694220000.0,0.0758477169099422,-0.001748896,1484.2442535918744,1484.4193789700091,-8.2,1.0664,16.6,1.0571502784256168,long_nclose,17.54869462186524,0.011823319901288053,1.0
1702694400000.0,502720,1702694400000.0,0.05087346865910758,-0.00117304,1484.2939540205336,1484.4021759300092,-5.5,1.0664,11.1,1.0571502784256168,long_nclose,11.734368090524347,0.007905690149002664,3.0
1702695600000.0,502740,1702695600000.0,0.08552346865910743,-0.00117997,1484.3782975191928,1484.4687359600093,-5.5,1.0727,5.6,1.0571502784256168,long_nclose,5.920041559183454,0.003988229664282672,20.0
1702695780000.0,502743,1702695780000.0,0.04353922040827287,-0.000600712,1484.421236027601,1484.4642152480094,-2.8,1.0727,2.8,1.0571502784256168,long_nclose,2.960020779591727,0.0019940571501879866,3.0
1702695840000.0,502744,1702695840000.0,0.021769610204136435,-0.000300356,1484.442705281805,1484.4648948920092,-1.4,1.0727,1.4,1.0571502784256168,long_nclose,1.4800103897958634,0.0009970141552313398,1.0
1702696020000.0,502747,1702696020000.0,0.010884805102068218,-0.000150178,1484.453439908907,1484.464254714009,-0.7,1.0727,0.7,1.0571502784256168,long_nclose,0.7400051948979317,0.0004985034727282129,3.0
1702696080000.0,502748,1702696080000.0,0.00466491647231495,-6.4362e-05,1484.4580404633793,1484.464860352009,-0.3,1.0727,0.4,1.0571502784256168,long_nclose,0.42286011137024676,0.00028485824445280335,1.0
1702698240000.0,502784,1702698240000.0,0.008739888629753256,-8.632e-05,1484.4666940320092,1484.4666940320092,-0.4,1.079,0.0,1.0571502784256168,long_nclose,0.0,0.0,36.0
1702737060000.0,503431,1702737060000.0,0.0,-0.014844412000000003,1484.4518496200092,1484.7587496200092,68.2,1.0883,68.2,1.0883,long_ientry_normal,74.22206000000001,0.04999964129452863,647.0
1702740060000.0,503481,1702740060000.0,0.05099999999999816,-0.00371042,1484.499139200009,1484.637379200009,-17.0,1.0913,51.2,1.0883,long_nclose,55.720960000000005,0.03753519185604097,50.0
1702740120000.0,503482,1702740120000.0,0.038399999999998616,-0.002793728,1484.534745472009,1484.623065472009,-12.8,1.0913,38.4,1.0883,long_nclose,41.79072,0.028150718686420915,1.0
1702740240000.0,503484,1702740240000.0,0.0,-0.006488056000000001,1484.528257416009,1484.567057416009,29.8,1.0886,68.2,1.0884310850439882,long_ientry_partial,74.231,0.050003089957484224,2.0
1702740360000.0,503486,1702740360000.0,0.05047155425219896,-0.00371076,1484.575018210261,1484.7372666560088,-17.0,1.0914,51.2,1.0884310850439882,long_nclose,55.7276715542522,0.03753779423112956,2.0
1702740840000.0,503494,1702740840000.0,0.1609715542522019,-0.00373286,1484.7322569045134,1485.076613796009,-17.0,1.0979,34.2,1.0884310850439882,long_nclose,37.2243431085044,0.025071418052243735,8.0
1702743960000.0,503546,1702743960000.0,0.27306844574780226,-0.0037770480000000007,1485.0015483022612,1485.279746748009,-17.1,1.1044,17.1,1.0884310850439882,long_nclose,18.6121715542522,0.012533435790373889,52.0
1702744380000.0,503553,1702744380000.0,0.13573577712610052,-0.00187748,1485.1354065993871,1485.2787592680088,-8.5,1.1044,8.6,1.0884310850439882,long_nclose,9.3605073313783,0.006302797233022457,7.0
1702744560000.0,503556,1702744560000.0,0.06866633431085085,-0.0009497840000000001,1485.2031231496978,1485.2739394840087,-4.3,1.1044,4.3,1.0884310850439882,long_nclose,4.68025366568915,0.003151254931220215,3.0
1702744920000.0,503562,1702744920000.0,0.09661633431085064,-0.000955374,1485.2987841100087,1485.2987841100087,-4.3,1.1109,0.0,1.0884310850439882,long_nclose,0.0,0.0,6.0
1702753980000.0,503713,1702753980000.0,0.0,-0.014842940000000002,1485.2839411700086,1485.3586311700085,67.9,1.093,67.9,1.093,long_ientry_normal,74.21470000000001,0.04996667501941653,151.0
1702754040000.0,503714,1702754040000.0,0.05070000000000192,-0.0037044800000000004,1485.3309366900087,1485.5196366900086,-16.9,1.096,51.0,1.093,long_nclose,55.742999999999995,0.0375290102852235,1.0
1702754760000.0,503726,1702754760000.0,0.03810000000000144,-0.00278384,1485.3662528500088,1485.4888128500088,-12.7,1.096,38.3,1.093,long_nclose,41.8619,0.02818288076740571,12.0
1702754880000.0,503728,1702754880000.0,0.02850000000000108,-0.0020824000000000003,1485.3926704500086,1485.5021104500086,-9.5,1.096,28.8,1.093,long_nclose,31.4784,0.021191972079991097,2.0
1702755060000.0,503731,1702755060000.0,0.0,-0.008548042,1485.3841224080086,1485.4684824080086,39.1,1.0931,67.9,1.0930575846833577,long_ientry_partial,74.21861,0.04996593734937842,3.0
1702756140000.0,503749,1702756140000.0,0.05141681885125655,-0.0037048180000000003,1485.43183440886,1485.6532975900086,-16.9,1.0961,51.0,1.0930575846833577,long_nclose,55.74593681885124,0.03752843821408729,18.0
1702756680000.0,503758,1702756680000.0,0.03863867452135847,-0.002784094,1485.4676889893813,1485.6033634960086,-12.7,1.0961,38.3,1.0930575846833577,long_nclose,41.8641054933726,0.02818244099395679,9.0
1702756980000.0,503763,1702756980000.0,0.12118867452135784,-0.002800604,1485.5860770599027,1485.8482828920087,-12.7,1.1026,25.6,1.0930575846833577,long_nclose,27.98227416789396,0.01883584842372324,5.0
1702758900000.0,503795,1702758900000.0,0.08111053019145997,-0.0018744200000000001,1485.6653131700941,1485.8524284720088,-8.5,1.1026,17.1,1.0930575846833577,long_nclose,18.69128469808542,0.012581087094375373,32.0
1702759200000.0,503800,1702759200000.0,0.054391767304861394,-0.0012569640000000002,1485.718447973399,1485.8329315080086,-5.7,1.1026,11.4,1.0930575846833577,long_nclose,12.460856465390277,0.008387091432019012,5.0
1702760220000.0,503817,1702760220000.0,0.03626117820324093,-0.0008379759999999999,1485.7538711756022,1485.8286735320087,-3.8,1.1026,7.6,1.0930575846833577,long_nclose,8.307237643593519,0.005591260978522923,17.0
1702760400000.0,503820,1702760400000.0,0.023856038291605874,-0.0005513,1485.7771759138936,1485.8273722320084,-2.5,1.1026,5.1,1.0930575846833577,long_nclose,5.574593681885124,0.0037519715420693688,3.0
1702760640000.0,503824,1702760640000.0,0.016222106038291995,-0.000374884,1485.793023135932,1485.8244473480086,-1.7,1.1026,3.4,1.0930575846833577,long_nclose,3.716395787923416,0.0025012876827753224,4.0
1702761300000.0,503835,1702761300000.0,0.010496656848306585,-0.00024257200000000003,1485.8032772207803,1485.8247647760086,-1.1,1.1026,2.3,1.0930575846833577,long_nclose,2.5140324447717224,0.001692035872658904,11.0
1702761360000.0,503836,1702761360000.0,0.006679690721649645,-0.000154364,1485.809802547502,1485.8221904120085,-0.7,1.1026,1.6,1.0930575846833577,long_nclose,1.7488921354933724,0.0011770632637466798,1.0
1702763040000.0,503864,1702763040000.0,0.0,-0.014507766000000002,1485.795294781502,1485.8377026460087,66.3,1.0941,67.9,1.0940754364579288,long_ientry_partial,74.28772213549337,0.04999862524562508,28.0
1702766280000.0,503918,1702766280000.0,0.05111512386100236,-0.003708198,1485.8427017073632,1486.0224544480088,-16.9,1.0971,51.0,1.0940754364579288,long_nclose,55.79784725935437,0.037552997497809,54.0
1702766580000.0,503923,1702766580000.0,0.03841195698430355,-0.002786634,1485.8783270303475,1486.0056578140088,-12.7,1.0971,38.3,1.0940754364579288,long_nclose,41.90308921633867,0.028200888628670904,5.0
1702768320000.0,503952,1702768320000.0,0.0,-0.006477072000000001,1485.8718499583474,1485.8456307420088,29.6,1.0941,67.9,1.0940861445705252,long_ientry_partial,74.28844921633866,0.049996538542957894,29.0
1702771440000.0,504004,1702771440000.0,0.050934156758123156,-0.003708198,1485.9190759171056,1486.0880825440088,-16.9,1.0971,51.0,1.0940861445705252,long_nclose,55.798393373096786,0.03755143485095792,52.0
1702771800000.0,504010,1702771800000.0,0.03827596395432924,-0.002786634,1485.95456524706,1486.0202059100088,-12.7,1.0971,38.3,1.0940861445705252,long_nclose,41.903499337051116,0.028199717755222276,6.0
1702772040000.0,504014,1702772040000.0,0.0,-0.006475888000000001,1485.9480893590598,1485.9681200220086,29.6,1.0939,67.9,1.0940049976001636,long_ientry_partial,74.28293933705112,0.0499902653861158,4.0
1702772280000.0,504018,1702772280000.0,0.050615540557235335,-0.0037078599999999995,1485.994997039617,1486.1630421620087,-16.9,1.097,51.0,1.0940049976001636,long_nclose,55.79425487760834,0.03754673130714507,4.0
1702772460000.0,504021,1702772460000.0,0.03803653047792241,-0.0027863799999999998,1486.0302471900948,1486.1947457820086,-12.7,1.097,38.3,1.0940049976001636,long_nclose,41.900391408086264,0.02819619014304378,3.0
1702772820000.0,504027,1702772820000.0,0.12058653047792178,-0.0028028899999999997,1486.1480308305727,1486.3962228920084,-12.7,1.1035,25.6,1.0940049976001636,long_nclose,28.00652793856419,0.018845045956096318,6.0
1702773060000.0,504031,1702773060000.0,0.08070752039860907,-0.00187595,1486.2268624009712,1486.3960669420085,-8.5,1.1035,17.1,1.0940049976001636,long_nclose,18.707485458962797,0.012587234110909024,4.0
1702773420000.0,504037,1702773420000.0,0.05412151367906726,-0.00125799,1486.2797259246502,1486.3879689520084,-5.7,1.1035,11.4,1.0940049976001636,long_nclose,12.471656972641865,0.008391190941451448,6.0
1702774680000.0,504058,1702774680000.0,0.0,-0.012364460000000002,1486.26736146465,1486.1948944920082,56.5,1.0942,67.9,1.0941672602745487,long_ientry_partial,74.29395697264187,0.04998693969800191,21.0
1702775220000.0,504067,1702775220000.0,0.05125330136012631,-0.0037085359999999997,1486.3149062300101,1486.4848759560082,-16.9,1.0972,51.0,1.0941672602745487,long_nclose,55.80253027400198,0.03754421760832857,9.0
1702775520000.0,504072,1702775520000.0,0.03851579451323101,-0.002786888,1486.3506351365234,1486.5127490680081,-12.7,1.0972,38.3,1.0941672602745487,long_nclose,41.90660606851521,0.028194293511817303,5.0
1702775760000.0,504076,1702775760000.0,0.02881102739178698,-0.0020846799999999998,1486.3773614839151,1486.4733443880082,-9.5,1.0972,28.8,1.0941672602745487,long_nclose,31.512017095907,0.021200549680363258,4.0
1702775940000.0,504079,1702775940000.0,0.02183572602324908,-0.0015799680000000002,1486.3976172419384,1486.4804044200082,-7.2,1.0972,21.6,1.0941672602745487,long_nclose,23.634012821930252,0.015900195578746938,3.0
1702776180000.0,504083,1702776180000.0,0.016376794517436812,-0.0011849760000000001,1486.4128090604556,1486.4732794440079,-5.4,1.0972,16.2,1.0941672602745487,long_nclose,17.725509616447688,0.011925024803608748,4.0
1702776780000.0,504093,1702776780000.0,0.012130958901805045,-0.00087776,1486.4240622593572,1486.4622816840078,-4.0,1.0972,12.2,1.0941672602745487,long_nclose,13.348840575349493,0.008980506246016578,10.0
1702776840000.0,504094,1702776840000.0,0.0,-0.012189388000000002,1486.4118728713572,1486.3783222960078,55.7,1.0942,67.9,1.0941941174572827,long_ientry_partial,74.2957805753495,0.049983306734377446,1.0
1702823400000.0,504870,1702823400000.0,0.0,-0.020400099999999997,1486.3914727713573,1484.0468321960077,96.5,1.057,164.4,1.0723618039863108,long_rentry,176.2962805753495,0.1186068971767225,776.0
1702826640000.0,504924,1702826640000.0,0.12075985616262469,-0.008838966,1486.5033936615198,1486.8780032300076,-41.1,1.0753,123.3,1.0723618039863108,long_nclose,132.2222104315121,0.08894847532492038,54.0
1702827420000.0,504937,1702827420000.0,0.09049643722162629,-0.006623848,1486.5872662507415,1487.0070493820078,-30.8,1.0753,92.5,1.0723618039863108,long_nclose,99.19346686873375,0.06672562662191057,13.0
1702828800000.0,504960,1702828800000.0,0.28761643722163194,-0.006663272000000001,1486.8682194159633,1487.327156110008,-30.8,1.0817,61.7,1.0723618039863108,long_nclose,66.16472330595538,0.044499386322174976,23.0
1702829100000.0,504965,1702829100000.0,0.19143301828063164,-0.004434970000000001,1487.055217464244,1487.3699111400078,-20.5,1.0817,41.2,1.0723618039863108,long_nclose,44.181306324236004,0.029710602407605848,5.0
1702829700000.0,504975,1702829700000.0,0.12793328538754406,-0.002963858,1487.1801868916316,1487.354487282008,-13.7,1.0817,27.5,1.0723618039863108,long_nclose,29.489949609623547,0.01982943954576261,10.0
1702830000000.0,504980,1702830000000.0,0.08497758372457306,-0.001968694,1487.2631957813562,1487.4368585880081,-9.1,1.0817,18.4,1.0723618039863108,long_nclose,19.731457193348117,0.01326695722002446,5.0
1702830180000.0,504983,1702830180000.0,0.05696299568350502,-0.001319674,1487.3188391030399,1487.4496889140082,-6.1,1.0817,12.3,1.0723618039863108,long_nclose,13.190050189031624,0.008868340696192736,3.0
1702830360000.0,504986,1702830360000.0,0.09600299568350479,-0.001327482,1487.4135146167232,1487.511711432008,-6.1,1.0881,6.2,1.0723618039863108,long_nclose,6.648643184715127,0.004469935979053108,3.0
1702830960000.0,504996,1702830960000.0,0.1372568152848735,-0.0013571800000000001,1487.549414252008,1487.549414252008,-6.2,1.0945,0.0,1.0723618039863108,long_nclose,0.0,0.0,10.0
1702848300000.0,505285,1702848300000.0,0.0,-0.014879046,1487.534535206008,1487.534535206008,68.7,1.0829,68.7,1.0829,long_ientry_normal,74.39523,0.0500124388639468,289.0
1702855920000.0,505412,1702855920000.0,0.0,-0.020419872,1487.514115334008,1484.819655334008,97.6,1.0461,166.3,1.0613024052916415,long_rentry,176.49459,0.1186506992979826,127.0
1702864680000.0,505558,1702864680000.0,0.0,-0.04830762399999999,1487.465807710008,1481.351597710008,236.2,1.0226,402.5,1.0385905838509317,long_rentry,418.03271,0.28103685330661293,146.0
1702887120000.0,505932,1702887120000.0,0.0,-0.21388360200000003,1487.251924108008,1467.007144108008,1074.9,0.9949,1477.4,1.0068029782049546,long_rentry,1487.45072,1.0001336665892102,374.0
1702926540000.0,506589,1702926540000.0,-0.32771497089481433,-0.002975002,1486.9212341351133,1454.8925091060082,-15.1,0.9851,1462.3,1.0068029782049546,unstuck_close_long,1472.247995029105,0.9901317979936286,657.0
1702933980000.0,506713,1702933980000.0,1.0223114660891246,-0.07380176000000001,1487.8697438412025,1490.7181573460084,-365.5,1.0096,1096.8,1.0068029782049546,long_nclose,1104.2615064951942,0.742176195911038,124.0
1702934040000.0,506714,1702934040000.0,0.7669433762014718,-0.055366464,1488.581320753404,1490.9644108820085,-274.2,1.0096,822.6,1.0068029782049546,long_nclose,828.1961298713957,0.5563660636640444,1.0
1702934820000.0,506727,1702934820000.0,0.5750676810613516,-0.041514752,1489.1148736824655,1491.7044361300084,-205.6,1.0096,617.0,1.0068029782049546,long_nclose,621.197437552457,0.41715884283412197,13.0
1702935300000.0,506735,1702935300000.0,0.4313007607960137,-0.031136064,1489.5150383792613,1491.0871800660084,-154.2,1.0096,462.8,1.0068029782049546,long_nclose,465.948418313253,0.3128188748065616,8.0
1702935480000.0,506738,1702935480000.0,0.32361542168676255,-0.023362144,1489.8152916569481,1491.4109179220084,-115.7,1.0096,347.1,1.0068029782049546,long_nclose,349.4613137349398,0.23456687261296308,3.0
1702935720000.0,506742,1702935720000.0,0.24250178963044353,-0.017506464000000003,1490.0402869825787,1490.9248714580085,-86.7,1.0096,260.4,1.0068029782049546,long_nclose,262.17149552457016,0.17594926648291048,4.0
1702937160000.0,506766,1702937160000.0,0.18208611885746104,-0.013144992,1490.2092281094363,1490.8140764660086,-65.1,1.0096,195.3,1.0068029782049546,long_nclose,196.62862164342764,0.1319469896806919,24.0
1702937460000.0,506771,1702937460000.0,0.13649466359821963,-0.009853696,1490.3358690770344,1490.9507327700085,-48.8,1.0096,146.5,1.0068029782049546,long_nclose,147.49663630702585,0.0989687219957811,5.0
1702937760000.0,506776,1702937760000.0,0.10237099769866474,-0.007390272000000001,1490.430849802733,1490.7492324980085,-36.6,1.0096,109.9,1.0068029782049546,long_nclose,110.64764730472452,0.0742386990442189,5.0
1702937940000.0,506779,1702937940000.0,0.07663839718424627,-0.005532608,1490.5019555919173,1490.8647098900085,-27.4,1.0096,82.5,1.0068029782049546,long_nclose,83.06124570190875,0.05572702899871269,3.0
1702939320000.0,506802,1702939320000.0,0.05761864897793698,-0.004159552000000001,1490.5554146888953,1490.6914103380086,-20.6,1.0096,61.9,1.0068029782049546,long_nclose,62.321104350886685,0.041810659125272556,23.0
1702939680000.0,506808,1702939680000.0,0.04307413564370046,-0.0031095680000000005,1490.5953792565392,1490.7114907700088,-15.4,1.0096,46.5,1.0068029782049546,long_nclose,46.816338486530384,0.0314078113605054,6.0
1702939740000.0,506809,1702939740000.0,0.03244545282252762,-0.0023422720000000003,1490.6254824373616,1490.7370584980088,-11.6,1.0096,34.9,1.0068029782049546,long_nclose,35.137423939352914,0.023572268388903948,1.0
1702940280000.0,506818,1702940280000.0,0.024334089616895715,-0.001756704,1490.6480598229784,1490.7292017940085,-8.7,1.0096,26.2,1.0068029782049546,long_nclose,26.378238028969808,0.017695818845464,9.0
1702940940000.0,506829,1702940940000.0,0.07653408961689576,-0.0017671440000000002,1490.7228267685953,1490.8837746500085,-8.7,1.0156,17.5,1.0068029782049546,long_nclose,17.619052118586705,0.011819133511746854,11.0
1702941480000.0,506838,1702941480000.0,0.05102272641126384,-0.001178096,1490.7726713990064,1490.8744265540086,-5.8,1.0156,11.7,1.0068029782049546,long_nclose,11.779594844997968,0.00790167077180418,9.0
1702941540000.0,506839,1702941540000.0,0.034308385000677406,-0.0007921680000000001,1490.806187616007,1490.8802643860083,-3.9,1.0156,7.8,1.0068029782049546,long_nclose,7.853063229998646,0.0052676620846045154,1.0
1702941720000.0,506842,1702941720000.0,0.022872256667118274,-0.0005281120000000001,1490.8285317606742,1490.8753162740084,-2.6,1.0156,5.2,1.0068029782049546,long_nclose,5.235375486665764,0.003511722089516737,3.0
1702942200000.0,506850,1702942200000.0,0.014954937051577332,-0.00034530400000000005,1490.8431413937258,1490.8714809700084,-1.7,1.0156,3.5,1.0068029782049546,long_nclose,3.523810423717341,0.0023636359358524335,8.0
1702942260000.0,506851,1702942260000.0,0.00967672397455004,-0.00022343200000000005,1490.8525946857003,1490.8732275380085,-1.1,1.0156,2.4,1.0068029782049546,long_nclose,2.416327147691891,0.0016207686503046253,1.0
1702942320000.0,506852,1702942320000.0,0.007037617436036392,-0.00016249600000000004,1490.8594698071363,1490.8724250420084,-0.8,1.0156,1.6,1.0068029782049546,long_nclose,1.6108847651279274,0.0010805074507366668,1.0
1702942500000.0,506855,1702942500000.0,0.004398510897522745,-0.00010156000000000001,1490.8637667580338,1490.8738834820083,-0.5,1.0156,1.1,1.0068029782049546,long_nclose,1.10748327602545,0.0007428467313507351,3.0
1702943880000.0,506878,1702943880000.0,0.007398510897522748,-0.00010216000000000001,1490.8710631089311,1490.8801813220082,-0.5,1.0216,0.6,1.0068029782049546,long_nclose,0.6040817869229728,0.00040518714318813983,23.0
1702944060000.0,506881,1702944060000.0,0.0044391065385136486,-6.1296e-05,1490.8754409194696,1490.879910026008,-0.3,1.0216,0.3,1.0068029782049546,long_nclose,0.3020408934614864,0.00020259297669777718,3.0
1702944480000.0,506888,1702944480000.0,0.0014797021795045495,-2.0432000000000004e-05,1490.8769001896492,1490.8802195940082,-0.1,1.0216,0.2,1.0068029782049546,long_nclose,0.20136059564099093,0.0001350618522665262,7.0
1702944840000.0,506894,1702944840000.0,0.000879702179504549,-2.0312000000000005e-05,1490.8777595798285,1490.878729282008,-0.1,1.0156,0.1,1.0068029782049546,long_nclose,0.10068029782049547,6.753088720625226e-05,6.0
1702945380000.0,506903,1702945380000.0,0.000879702179504549,-2.0312000000000005e-05,1490.878618970008,1490.878618970008,-0.1,1.0156,0.0,1.0068029782049546,long_nclose,0.0,0.0,9.0
1702995120000.0,507732,1702995120000.0,0.0,-0.014898958,1490.863720012008,1490.8490600120078,73.3,1.0163,73.3,1.0163,long_ientry_normal,74.49479,0.049967538280024676,829.0
1702995420000.0,507737,1702995420000.0,0.05123999999999842,-0.003729906,1490.911230106008,1491.054230106008,-18.3,1.0191,55.0,1.0163,long_nclose,55.896499999999996,0.037491501084223236,5.0
1702995480000.0,507738,1702995480000.0,0.03835999999999882,-0.0027923339999999996,1490.9467977720078,1491.165687772008,-13.7,1.0191,41.3,1.0163,long_nclose,41.973189999999995,0.028152037391758387,1.0
1702995720000.0,507742,1702995720000.0,0.12192999999999873,-0.0028090479999999998,1491.0659187240078,1491.3170787240078,-13.7,1.0252,27.6,1.0163,long_nclose,28.04988,0.018811965083343814,4.0
1702995840000.0,507744,1702995840000.0,0.08187999999999915,-0.0018863679999999996,1491.1459123560078,1491.2986323560078,-9.2,1.0252,18.4,1.0163,long_nclose,18.69992,0.012540637267652874,2.0
1702995960000.0,507746,1702995960000.0,0.054289999999999436,-0.0012507439999999998,1491.198951612008,1491.3096516120079,-6.1,1.0252,12.3,1.0163,long_nclose,12.500490000000001,0.008382845217592721,2.0
1702996080000.0,507748,1702996080000.0,0.03648999999999962,-0.0008406639999999998,1491.234600948008,1491.312500948008,-4.1,1.0252,8.2,1.0163,long_nclose,8.333659999999998,0.005588429878640237,2.0
1702997340000.0,507769,1702997340000.0,0.0,-0.013236131999999998,1491.221364816008,1491.121204816008,65.1,1.0166,73.3,1.0165664392905867,long_ientry_partial,74.51432,0.04996865103873685,21.0
1702998360000.0,507786,1702998360000.0,0.051854160982265765,-0.003731004000000001,1491.2694879729902,1491.4473338120079,-18.3,1.0194,55.0,1.0165664392905867,long_nclose,55.911154160982264,0.03749232087956119,17.0
1702999680000.0,507808,1702999680000.0,0.16165416098226587,-0.003752964000000001,1491.4273891699725,1491.784610848008,-18.3,1.0254,36.7,1.0165664392905867,long_nclose,37.30798832196453,0.02501495452804285,22.0
1703000520000.0,507822,1703000520000.0,0.1077694406548439,-0.0025019760000000004,1491.5326566346273,1491.758878872008,-12.2,1.0254,24.5,1.0165664392905867,long_nclose,24.905877762619372,0.01669817797943155,14.0
1703001720000.0,507842,1703001720000.0,0.01728472032742192,-0.001243668,1491.5486976869547,1491.6210752040079,-6.1,1.0194,18.4,1.0165664392905867,long_nclose,18.704822482946792,0.012540537571420648,20.0
1703002320000.0,507852,1703002320000.0,0.05388472032742195,-0.0012509880000000002,1491.6013314192821,1491.713674216008,-6.1,1.0254,12.3,1.0165664392905867,long_nclose,12.503767203274217,0.008382780934753314,10.0
1703002620000.0,507857,1703002620000.0,0.03621759890859508,-0.000840828,1491.6367081901908,1491.706683388008,-4.1,1.0254,8.2,1.0165664392905867,long_nclose,8.33584480218281,0.0055883880816373355,5.0
1703004240000.0,507884,1703004240000.0,0.023850613915416277,-0.0005537160000000001,1491.6600050881061,1491.7063896720078,-2.7,1.0254,5.5,1.0165664392905867,long_nclose,5.591115416098226,0.003748250537673954,27.0
1703004300000.0,507885,1703004300000.0,0.015900409276944184,-0.00036914400000000007,1491.6755363533832,1491.709330528008,-1.8,1.0254,3.7,1.0165664392905867,long_nclose,3.761295825375171,0.0025215241074276803,1.0
1703004660000.0,507891,1703004660000.0,0.010600272851296121,-0.000246096,1491.6858905302345,1491.710724432008,-1.2,1.0254,2.5,1.0165664392905867,long_nclose,2.541416098226467,0.0017037206789715597,6.0
1703005200000.0,507900,1703005200000.0,0.007066848567530749,-0.00016406400000000003,1491.692793314802,1491.706450368008,-0.8,1.0254,1.7,1.0165664392905867,long_nclose,1.7281629467939972,0.0011585247006213103,9.0
1703005620000.0,507907,1703005620000.0,0.0,-0.0145706,1491.678222714802,1491.7457797680079,71.6,1.0175,73.3,1.0174783485237926,long_ientry_partial,74.581162946794,0.049998157652968146,7.0
1703010600000.0,507990,1703010600000.0,0.05163622201459519,-0.0037342980000000005,1491.7261246388166,1491.925315470008,-18.3,1.0203,55.0,1.0174783485237926,long_nclose,55.96130916880859,0.037514466123839046,83.0
1703010900000.0,507995,1703010900000.0,0.0,-0.00374072,1491.7223839188166,1491.697934750008,18.4,1.0165,73.4,1.0172330949428963,long_ientry_partial,74.66490916880859,0.05005281812066182,5.0
1703011320000.0,508002,1703011320000.0,0.05246436254499847,-0.0037335660000000007,1491.7711147153616,1491.973161184008,-18.3,1.0201,55.1,1.0172330949428963,long_nclose,56.049543531353585,0.03757248211770621,7.0
1703011440000.0,508004,1703011440000.0,0.03927659928232125,-0.0027950740000000003,1491.807596240644,1491.946986110008,-13.7,1.0201,41.4,1.0172330949428963,long_nclose,42.113450130635904,0.028229813440259873,2.0
1703012700000.0,508025,1703012700000.0,0.12236328978803171,-0.002832036,1491.927127494432,1492.149774074008,-13.8,1.0261,27.6,1.0172330949428963,long_nclose,28.075633420423937,0.018818367802973485,21.0
1703012760000.0,508026,1703012760000.0,0.08157552652535446,-0.0018880239999999999,1492.0068149969572,1492.179166050008,-9.2,1.0261,18.4,1.0172330949428963,long_nclose,18.71708894694929,0.012544908480855337,1.0
1703012940000.0,508029,1703012940000.0,0.05408812084833285,-0.001251842,1492.0596512758054,1492.1871642080077,-6.1,1.0261,12.3,1.0172330949428963,long_nclose,12.511967067797626,0.008385701642088574,3.0
1703015700000.0,508075,1703015700000.0,0.03635431073412536,-0.0008414019999999999,1492.0951641845395,1492.1686928060078,-4.1,1.0261,8.2,1.0172330949428963,long_nclose,8.34131137853175,0.005590334704348731,46.0
1703015820000.0,508077,1703015820000.0,0.023940643654180117,-0.0005540940000000001,1492.1185507341936,1492.1678687120077,-2.7,1.0261,5.5,1.0172330949428963,long_nclose,5.59478202218593,0.0037495559715634056,2.0
1703016180000.0,508083,1703016180000.0,0.015960429102786746,-0.000369396,1492.1341417672963,1492.1699093160075,-1.8,1.0261,3.7,1.0172330949428963,long_nclose,3.7637624512887164,0.0025224022062995516,6.0
1703016480000.0,508088,1703016480000.0,0.026940429102786736,-0.000371592,1492.1607106043991,1492.1895277240076,-1.8,1.0322,1.9,1.0172330949428963,long_nclose,1.9327428803915028,0.0012952645560602156,5.0
1703016660000.0,508091,1703016660000.0,0.013470214551393368,-0.000185796,1492.1739950229505,1492.1885619280076,-0.9,1.0322,1.0,1.0172330949428963,long_nclose,1.0172330949428963,0.0006817121182488176,3.0
1703016720000.0,508092,1703016720000.0,0.0074834525285518705,-0.00010322,1492.181375255479,1492.1893087080075,-0.5,1.0322,0.5,1.0172330949428963,long_nclose,0.5086165474714481,0.00034085437327239593,1.0
1703018040000.0,508114,1703018040000.0,0.0008866905057103747,-2.0522e-05,1492.1822414239846,1492.1857481860075,-0.1,1.0261,0.4,1.0172330949428963,long_nclose,0.40689323797715854,0.00027268334033305586,22.0
1703020500000.0,508155,1703020500000.0,0.0008866905057103747,-2.0522e-05,1492.1831075924902,1492.1858576640072,-0.1,1.0261,0.3,1.0172330949428963,long_nclose,0.3051699284828689,0.00020451238653628406,41.0
1703020680000.0,508158,1703020680000.0,0.0008866905057103747,-2.0522e-05,1492.1839737609957,1492.185867142007,-0.1,1.0261,0.2,1.0172330949428963,long_nclose,0.20344661898857927,0.0001363415118819427,3.0
1703024280000.0,508218,1703024280000.0,0.0,-0.014877399999999997,1492.1690963609958,1492.1255297420073,73.0,1.019,73.2,1.0189951723905544,long_ientry_partial,74.59044661898858,0.04998793152927163,60.0
1703029080000.0,508298,1703029080000.0,0.05132834525285577,-0.0037397880000000004,1492.2166849182486,1492.365179954007,-18.3,1.0218,54.9,1.0189951723905544,long_nclose,55.942834964241435,0.03748975301620239,80.0
1703029140000.0,508299,1703029140000.0,0.03842613824940568,-0.002799732,1492.252311324498,1492.363750222007,-13.7,1.0218,41.2,1.0189951723905544,long_nclose,41.98260110249084,0.028133714911272475,1.0
1703029200000.0,508300,1703029200000.0,0.028889724377290406,-0.0021049080000000004,1492.279096140875,1492.353405314007,-10.3,1.0218,30.9,1.0189951723905544,long_nclose,31.486950826868128,0.02109990745584744,1.0
1703029380000.0,508303,1703029380000.0,0.0,-0.008637728,1492.270458412875,1492.148297586007,42.4,1.0186,73.3,1.0187665869968368,long_ientry_partial,74.67559082686813,0.050041592933690045,3.0
1703029980000.0,508313,1703029980000.0,0.05185145795788857,-0.003739056,1492.3185708148328,1492.5239085300068,-18.3,1.0216,55.0,1.0187665869968368,long_nclose,56.03216228482602,0.037547051534868627,10.0
1703030340000.0,508319,1703030340000.0,0.03881775814333734,-0.002799184,1492.3545893889761,1492.4798693460068,-13.7,1.0216,41.3,1.0187665869968368,long_nclose,42.075060042969355,0.02819374185071954,6.0
1703030460000.0,508321,1703030460000.0,0.029184153932582092,-0.0021044960000000004,1492.3816690469089,1492.460204850007,-10.3,1.0216,31.0,1.0187665869968368,long_nclose,31.58176419690194,0.021161988820910166,2.0
1703030520000.0,508322,1703030520000.0,0.021817280124357488,-0.0015732640000000002,1492.4019130630334,1492.5424915860071,-7.7,1.0216,23.3,1.0187665869968368,long_nclose,23.737261477026298,0.015905408100360514,1.0
1703032260000.0,508351,1703032260000.0,0.016433795418347195,-0.001185056,1492.4171618024518,1492.505246530007,-5.8,1.0216,17.5,1.0187665869968368,long_nclose,17.828415272444644,0.011945999904552529,29.0
1703032800000.0,508360,1703032800000.0,0.051813795418347165,-0.001192132,1492.4677834658703,1492.5758143980072,-5.8,1.0277,11.7,1.0187665869968368,long_nclose,11.919569067862989,0.007986483326415847,9.0
1703032920000.0,508362,1703032920000.0,0.03484031071233688,-0.000801606,1492.5018221705825,1492.5699427920072,-3.9,1.0277,7.8,1.0187665869968368,long_nclose,7.946379378575326,0.0053242007885918085,2.0
1703033520000.0,508372,1703033520000.0,0.02322687380822459,-0.000534404,1492.5245146403906,1492.569408388007,-2.6,1.0277,5.2,1.0187665869968368,long_nclose,5.297586252383551,0.003549413225993111,10.0
1703033580000.0,508373,1703033580000.0,0.015186802105377617,-0.00034941800000000005,1492.5393520244959,1492.570268970007,-1.7,1.0277,3.5,1.0187665869968368,long_nclose,3.565683054488929,0.0023890043834706265,1.0
1703033700000.0,508375,1703033700000.0,0.009826754303479636,-0.00022609400000000003,1492.5489526847994,1492.569912876007,-1.1,1.0277,2.4,1.0187665869968368,long_nclose,2.445039808792408,0.0016381638969993357,2.0
1703033760000.0,508376,1703033760000.0,0.007146730402530644,-0.00016443200000000003,1492.555934983202,1492.570228444007,-0.8,1.0277,1.6,1.0187665869968368,long_nclose,1.630026539194939,0.001092104155690007,1.0
1703033820000.0,508377,1703033820000.0,0.004466706501581652,-0.00010277000000000001,1492.5602989197034,1492.5713356740068,-0.5,1.0277,1.1,1.0187665869968368,long_nclose,1.1206432456965205,0.0007508194117903499,1.0
1703035080000.0,508398,1703035080000.0,0.0026800239009489913,-6.166200000000001e-05,1492.5629172816043,1492.5699040120069,-0.3,1.0277,0.8,1.0187665869968368,long_nclose,0.8150132695974694,0.0005460495233807954,21.0
1703035200000.0,508400,1703035200000.0,0.001786682600632661,-4.110800000000001e-05,1492.564662856205,1492.5693629040068,-0.2,1.0277,0.6,1.0187665869968368,long_nclose,0.611259952198102,0.00040953666357635815,2.0
1703035320000.0,508402,1703035320000.0,0.001786682600632661,-4.110800000000001e-05,1492.5664084308055,1492.5703017960068,-0.2,1.0277,0.4,1.0187665869968368,long_nclose,0.4075066347987347,0.00027302412307882683,2.0
1703036040000.0,508414,1703036040000.0,0.0,-0.01484392,1492.5515645108055,1492.5811378760068,72.8,1.0195,73.2,1.019495992278671,long_ientry_partial,74.62710663479872,0.04999968403722004,12.0
1703045880000.0,508578,1703045880000.0,0.05131334130031957,-0.003741618000000001,1492.5991362341058,1492.7585662580068,-18.3,1.0223,54.9,1.019495992278671,long_nclose,55.97032997609904,0.03749856784542612,164.0
1703046000000.0,508580,1703046000000.0,0.03841490578220645,-0.002801102,1492.6347500378881,1492.725555156007,-13.7,1.0223,41.2,1.019495992278671,long_nclose,42.00323488188125,0.028140330299033345,2.0
1703046120000.0,508582,1703046120000.0,0.028881279529688067,-0.0021059380000000003,1492.6615253794178,1492.8717692180069,-10.3,1.0223,30.9,1.019495992278671,long_nclose,31.502426161410934,0.02110486913863702,2.0
1703046480000.0,508588,1703046480000.0,0.09171127952968801,-0.0021185040000000002,1492.7511181549473,1492.9613207140067,-10.3,1.0284,20.6,1.019495992278671,long_nclose,21.001617440940624,0.014069068303160138,6.0
1703047680000.0,508608,1703047680000.0,0.15454127952968796,-0.00213107,1492.903528364477,1493.0549796440068,-10.3,1.0345,10.3,1.019495992278671,long_nclose,10.500808720470312,0.0070338159974571695,20.0
1703048220000.0,508617,1703048220000.0,0.07652043937877752,-0.0010551900000000001,1492.978993613856,1493.0533744540069,-5.1,1.0345,5.2,1.019495992278671,long_nclose,5.301379159849089,0.0035508732423734546,9.0
1703048340000.0,508619,1703048340000.0,0.03901042007545521,-0.0005379400000000001,1493.0174660939315,1493.0520565140068,-2.6,1.0345,2.6,1.019495992278671,long_nclose,2.6506895799245447,0.0017753908712530625,2.0
1703049000000.0,508630,1703049000000.0,0.007123206177063146,-0.000164544,1493.0244247561086,1493.041891970007,-0.8,1.0284,1.8,1.019495992278671,long_nclose,1.835092786101608,0.001229111028375425,11.0
1703049300000.0,508635,1703049300000.0,0.005342404632797359,-0.00012340799999999998,1493.0296437527413,1493.040808562007,-0.6,1.0284,1.2,1.019495992278671,long_nclose,1.2233951907344052,0.0008194044879506827,5.0
1703049720000.0,508642,1703049720000.0,0.003561603088531573,-8.2272e-05,1493.0331230838297,1493.0401662900067,-0.4,1.0284,0.8,1.019495992278671,long_nclose,0.8155967938229369,0.0005462683856191604,7.0
1703049780000.0,508643,1703049780000.0,0.0017808015442657866,-4.1136e-05,1493.034862749374,1493.0404451540069,-0.2,1.0284,0.6,1.019495992278671,long_nclose,0.6116975953672026,0.0004097008118355534,1.0
1703051280000.0,508668,1703051280000.0,0.0017808015442657866,-4.1136e-05,1493.0366024149184,1493.040644018007,-0.2,1.0284,0.4,1.019495992278671,long_nclose,0.40779839691146846,0.00027313355630523273,25.0
1703053260000.0,508701,1703053260000.0,0.0030008015442657856,-4.138e-05,1493.0395618364626,1493.0426226380068,-0.2,1.0345,0.2,1.019495992278671,long_nclose,0.20389919845573423,0.00013656650745740115,33.0
1703054040000.0,508714,1703054040000.0,0.0015004007721328928,-2.069e-05,1493.0410415472347,1493.0425419480068,-0.1,1.0345,0.1,1.019495992278671,long_nclose,0.10194959922786712,6.828318605509799e-05,13.0
1703054100000.0,508715,1703054100000.0,0.0015004007721328928,-2.069e-05,1493.042521258007,1493.042521258007,-0.1,1.0345,0.0,1.019495992278671,long_nclose,0.0,0.0,1.0
1703228520000.0,511622,1703228520000.0,0.0,-0.014940524000000002,1493.027580734007,1493.144040734007,64.7,1.1546,64.7,1.1546,long_ientry_normal,74.70262000000001,0.05003432017195186,2907.0
1703228580000.0,511623,1703228580000.0,0.05151999999999791,-0.003728116,1493.075372618007,1493.4787526180069,-16.1,1.1578,48.6,1.1546,long_nclose,56.11356000000001,0.037582536708517716,1.0
1703228640000.0,511624,1703228640000.0,0.16361999999999996,-0.0037736280000000002,1493.2352189900068,1493.552738990007,-16.2,1.1647,32.4,1.1546,long_nclose,37.40904,0.025052342406779483,1.0
1703228700000.0,511625,1703228700000.0,0.10907999999999998,-0.0025157520000000004,1493.3417832380069,1493.5858632380068,-10.8,1.1647,21.6,1.1546,long_nclose,24.939360000000004,0.016700369788036126,1.0
1703229660000.0,511641,1703229660000.0,0.0,-0.009954376000000001,1493.331828862007,1493.342618862007,43.1,1.1548,64.7,1.154733230293663,long_ientry_partial,74.71124,0.05002989861733121,16.0
1703232000000.0,511680,1703232000000.0,0.05098499227202396,-0.003728438,1493.379085416279,1493.5718704240069,-16.1,1.1579,48.6,1.154733230293663,long_nclose,56.120034992272025,0.037579229239459035,39.0
1703232720000.0,511692,1703232720000.0,0.1630816692426597,-0.003773952,1493.5383931335216,1493.8677964720068,-16.2,1.1648,32.4,1.154733230293663,long_nclose,37.41335666151468,0.02505014724329885,12.0
1703233200000.0,511700,1703233200000.0,0.10872111282843983,-0.0025159680000000004,1493.64459827835,1493.8361205040069,-10.8,1.1648,21.6,1.154733230293663,long_nclose,24.942237774343123,0.016698910706799196,8.0
1703233320000.0,511702,1703233320000.0,0.07248074188562655,-0.0016773120000000002,1493.7154017082355,1493.8704431920069,-7.2,1.1648,14.4,1.154733230293663,long_nclose,16.628158516228748,0.01113207944245104,2.0
1703233800000.0,511710,1703233800000.0,0.04832049459041769,-0.001118208,1493.762603994826,1493.8621249840066,-4.8,1.1648,9.6,1.154733230293663,long_nclose,11.085439010819165,0.007421151782199498,8.0
1703234520000.0,511722,1703234520000.0,0.007600247295208539,-0.0005557919999999999,1493.7696484501212,1493.7960491920069,-2.4,1.1579,7.2,1.154733230293663,long_nclose,8.314079258114374,0.005565837588640757,12.0
1703234700000.0,511725,1703234700000.0,0.005700185471406405,-0.000416844,1493.7749317915925,1493.8006723480066,-1.8,1.1579,5.4,1.154733230293663,long_nclose,6.235559443585781,0.004174363427097429,3.0
1703235360000.0,511736,1703235360000.0,0.0,-0.013697114,1493.7612346775925,1493.9238852340068,59.3,1.1549,64.7,1.1548860810446024,long_ientry_partial,74.72112944358578,0.05002213721238608,11.0
1703235480000.0,511738,1703235480000.0,0.0517440951818992,-0.0037290820000000008,1493.8092496907743,1493.9848861520065,-16.1,1.1581,48.6,1.1548860810446024,long_nclose,56.12746353876768,0.03757338063771284,2.0
1703235600000.0,511740,1703235600000.0,0.03888841936030933,-0.0028026019999999995,1493.8453355081347,1493.9735935500066,-12.1,1.1581,36.5,1.1548860810446024,long_nclose,42.15334195812799,0.02821800955973092,2.0
1703235840000.0,511744,1703235840000.0,0.0,-0.006513636,1493.8388218721348,1493.8328599140068,28.2,1.1549,64.7,1.1548921477299534,long_ientry_partial,74.721521958128,0.05001980191175122,4.0
1703236020000.0,511747,1703236020000.0,0.051646421547748594,-0.0037290820000000008,1493.8867392116824,1494.0863808320066,-16.1,1.1581,48.6,1.1548921477299534,long_nclose,56.12775837967574,0.03757162903078858,3.0
1703236140000.0,511749,1703236140000.0,0.0388150124675626,-0.0028026019999999995,1493.92275162215,1494.0142882300065,-12.1,1.1581,36.5,1.1548921477299534,long_nclose,42.1535633921433,0.028216695506090652,2.0
1703236200000.0,511750,1703236200000.0,0.029191455657423114,-0.0021077419999999997,1493.9498353358074,1494.0267704880066,-9.1,1.1581,27.4,1.1548921477299534,long_nclose,31.64404484780072,0.021181464129073537,1.0
1703236260000.0,511751,1703236260000.0,0.0,-0.008615554000000001,1493.9412197818074,1493.9931949340066,37.3,1.1549,64.7,1.154896674618249,long_ientry_partial,74.72181484780072,0.050016569499778556,1.0
1703269920000.0,512312,1703269920000.0,0.051573538646190194,-0.0037290820000000008,1493.9890642384535,1494.0475458520066,-16.1,1.1581,48.6,1.154896674618249,long_nclose,56.1279783864469,0.03756920296806697,561.0
1703270100000.0,512315,1703270100000.0,0.038760237119186414,-0.0028026019999999995,1494.0250218735728,1494.1565432500067,-12.1,1.1581,36.5,1.154896674618249,long_nclose,42.15372862356609,0.02821487458804637,3.0
1703270580000.0,512323,1703270580000.0,0.029150260973933584,-0.0021077419999999997,1494.0520643925468,1494.1425755080068,-9.1,1.1581,27.4,1.154896674618249,long_nclose,31.64416888454002,0.021180097828388558,8.0
1703272560000.0,512356,1703272560000.0,0.0,-0.008638224000000002,1494.0434261685468,1493.8476372840069,37.6,1.1487,65.0,1.1513121366852312,long_ientry_partial,74.83528888454003,0.0500890988667271,33.0
1703276820000.0,512427,1703276820000.0,0.051643385699255126,-0.0037405800000000003,1494.091328974246,1494.2664167040066,-16.2,1.1545,48.8,1.1513121366852312,long_nclose,56.18403227023928,0.03760414854211883,71.0
1703277960000.0,512446,1703277960000.0,0.038891932440179786,-0.00281698,1494.1274039266862,1494.2513997240067,-12.2,1.1545,36.6,1.1513121366852312,long_nclose,42.13802420267947,0.02820243045669156,19.0
1703278620000.0,512457,1703278620000.0,0.029009556164396398,-0.00210119,1494.1543122928504,1494.2447285340065,-9.1,1.1545,27.5,1.1513121366852312,long_nclose,31.66108375884386,0.02118996913395005,11.0
1703280840000.0,512494,1703280840000.0,0.021677470540428078,-0.0015701200000000002,1494.1744196433908,1494.2755984140065,-6.8,1.1545,20.7,1.1513121366852312,long_nclose,23.832161229384287,0.015950053030001826,37.0
1703281440000.0,512504,1703281440000.0,0.016258102905321058,-0.00117759,1494.1895001562962,1494.2439108240067,-5.1,1.1545,15.6,1.1513121366852312,long_nclose,17.960469332289605,0.012020208501271688,10.0
1703282580000.0,512523,1703282580000.0,0.012432666927598457,-0.0009005100000000001,1494.2010323132238,1494.2512003140066,-3.9,1.1545,11.7,1.1513121366852312,long_nclose,13.470351999217204,0.009015086797499591,19.0
1703283180000.0,512533,1703283180000.0,0.0,-0.012256867999999999,1494.1887754452239,1494.1190834460067,53.3,1.1498,65.0,1.1500721846033415,long_ientry_partial,74.7546919992172,0.05003028615105379,10.0
1703283660000.0,512541,1703283660000.0,0.0522906094258678,-0.0037366920000000002,1494.2373293626497,1494.4387667540066,-16.2,1.1533,48.8,1.1500721846033415,long_nclose,56.123522608643064,0.03755997893091182,8.0
1703284140000.0,512549,1703284140000.0,0.039379347839233775,-0.002814052,1494.2738946584889,1494.3956927020065,-12.2,1.1533,36.6,1.1500721846033415,long_nclose,42.0926419564823,0.028169294870872667,8.0
1703286420000.0,512587,1703286420000.0,0.0,-0.006531432,1494.267363226489,1494.1830612700066,28.4,1.1499,65.0,1.1499969531766507,long_ientry_partial,74.7498019564823,0.05002438238032529,38.0
1703286900000.0,512595,1703286900000.0,0.05188935853825809,-0.003736368,1494.3155162170272,1494.5596649020065,-16.2,1.1532,48.8,1.1499969531766507,long_nclose,56.119851315020554,0.037555556845914446,8.0
1703287020000.0,512597,1703287020000.0,0.16204935853825675,-0.0037584,1494.4738071755655,1494.7640465020067,-16.2,1.16,32.6,1.1499969531766507,long_nclose,37.489900673558815,0.025085686007713773,2.0
1703287200000.0,512600,1703287200000.0,0.10803290569217118,-0.0025056,1494.5793344812578,1494.7494409020069,-10.8,1.16,21.8,1.1499969531766507,long_nclose,25.069933579250986,0.01677390620950364,3.0
1703288820000.0,512627,1703288820000.0,0.07202193712811411,-0.0016704,1494.6496860183859,1494.8117905020067,-7.2,1.16,14.6,1.1499969531766507,long_nclose,16.789955516379102,0.011233371721440663,27.0
1703289180000.0,512633,1703289180000.0,0.048014624752076074,-0.0011136,1494.696587043138,1494.7975569020068,-4.8,1.16,9.8,1.1499969531766507,long_nclose,11.269970141131179,0.007539971816906223,6.0
1703289540000.0,512639,1703289540000.0,0.03200974983471738,-0.0007423999999999999,1494.7278543929726,1494.7965145020066,-3.2,1.16,6.6,1.1499969531766507,long_nclose,7.589979890965894,0.005077833980720376,6.0
1703289600000.0,512640,1703289600000.0,0.05578005451705272,-0.000770154,1494.7828642934896,1494.9135543480068,-3.3,1.1669,3.3,1.1499969531766507,long_nclose,3.794989945482947,0.002538823555002855,1.0
1703289600000.0,512640,1703289600000.0,0.07822005451705244,-0.000774642,1494.8603097060068,1494.8603097060068,-3.3,1.1737,0.0,1.1499969531766507,long_nclose,0.0,0.0,0.0
1703291160000.0,512666,1703291160000.0,0.0,-0.014938682000000003,1494.8453710240067,1495.0530510240067,64.9,1.1509,64.9,1.1509,long_ientry_normal,74.69341000000001,0.04996731531424762,26.0
1703291220000.0,512667,1703291220000.0,0.05183999999999789,-0.0037392839999999994,1494.8934717400068,1495.1613217400068,-16.2,1.1541,48.7,1.1509,long_nclose,56.04883,0.03749352783965335,1.0
1703291580000.0,512673,1703291580000.0,0.0,-0.0037289160000000005,1494.8897428240068,1494.9286828240067,16.2,1.1509,64.9,1.1509,long_ientry_partial,74.69341000000001,0.049965832168261566,6.0
1703331300000.0,513335,1703331300000.0,0.0,-0.020499748,1494.8692430760068,1492.4508430760068,92.2,1.1117,157.1,1.1278940165499682,long_rentry,177.19215,0.1185335445362365,662.0
1703357580000.0,513773,1703357580000.0,0.12175455124124533,-0.00886704,1494.982130587248,1495.3129560360069,-39.2,1.131,117.9,1.1278940165499682,long_nclose,132.97870455124126,0.08895002945553973,438.0
1703357640000.0,513774,1703357640000.0,0.09131591343093398,-0.00665028,1495.066796220679,1495.4567257560068,-29.4,1.131,88.5,1.1278940165499682,long_nclose,99.8186204646722,0.06676532494534679,1.0
1703357940000.0,513779,1703357940000.0,0.0686422342457021,-0.004999020000000001,1495.1304394349247,1495.290196736007,-22.1,1.131,66.4,1.1278940165499682,long_nclose,74.8921626989179,0.05009072166788533,5.0
1703358000000.0,513780,1703358000000.0,0.05155932527052736,-0.003754920000000001,1495.1782438401954,1495.362801816007,-16.6,1.131,49.8,1.1278940165499682,long_nclose,56.16912202418842,0.03756684011126621,1.0
1703358660000.0,513791,1703358660000.0,0.03851419478039393,-0.00280488,1495.2139531549758,1495.322636936007,-12.4,1.131,37.4,1.1278940165499682,long_nclose,42.18323621896881,0.028212174003566567,11.0
1703358780000.0,513793,1703358780000.0,0.02888564608529545,-0.0021036600000000003,1495.240735141061,1495.3195832760068,-9.3,1.131,28.1,1.1278940165499682,long_nclose,31.693821865054108,0.021196467645769507,2.0
1703358900000.0,513795,1703358900000.0,0.02174188415022238,-0.0015834,1495.260893625211,1495.3264298760068,-7.0,1.131,21.1,1.1278940165499682,long_nclose,23.79856374920433,0.01591599422593437,2.0
1703358960000.0,513796,1703358960000.0,0.016151113940165197,-0.0011762400000000003,1495.2758684991513,1495.3109436360069,-5.2,1.131,15.9,1.1278940165499682,long_nclose,17.933514863144495,0.011993448995565512,1.0
1703359200000.0,513800,1703359200000.0,0.012113335455123896,-0.00088218,1495.2870996546064,1495.3399714560069,-3.9,1.131,12.0,1.1278940165499682,long_nclose,13.53472819859962,0.00905159163195214,4.0
1703359740000.0,513809,1703359740000.0,0.009317950350095305,-0.0006786,1495.2957390049567,1495.3488928560068,-3.0,1.131,9.0,1.1278940165499682,long_nclose,10.151046148949714,0.006788654501018454,9.0
1703360700000.0,513825,1703360700000.0,0.006833163590069891,-0.0004976400000000001,1495.3020745285467,1495.3252352160068,-2.2,1.131,6.8,1.1278940165499682,long_nclose,7.669679312539784,0.005129183890792069,16.0
1703360880000.0,513828,1703360880000.0,0.005280171865054006,-0.00038454,1495.3069701604118,1495.323320676007,-1.7,1.131,5.1,1.1278940165499682,long_nclose,5.752259484404838,0.003846875323391125,3.0
1703361240000.0,513834,1703361240000.0,0.003727180140038122,-0.00027144,1495.3104259005518,1495.321759236007,-1.2,1.131,3.9,1.1278940165499682,long_nclose,4.398786664544876,0.0029417213899887735,6.0
1703361300000.0,513835,1703361300000.0,0.002795385105028592,-0.00020358000000000003,1495.3130177056566,1495.3220356560068,-0.9,1.131,3.0,1.1278940165499682,long_nclose,3.383682049649905,0.002262858685495616,1.0
1703361360000.0,513836,1703361360000.0,0.0021741884150222376,-0.00015834,1495.3150335540715,1495.3221773160067,-0.7,1.131,2.3,1.1278940165499682,long_nclose,2.594156238064927,0.0017348559867676342,1.0
1703361660000.0,513841,1703361660000.0,0.0015529917250158842,-0.00011310000000000001,1495.3164734457966,1495.3229642160068,-0.5,1.131,1.8,1.1278940165499682,long_nclose,2.030209229789943,0.0013577120735596144,5.0
1703361780000.0,513843,1703361780000.0,0.0012423933800127076,-9.048000000000001e-05,1495.3176253591766,1495.3225337360068,-0.4,1.131,1.4,1.1278940165499682,long_nclose,1.5790516231699554,0.0010559974659501963,2.0
1703362380000.0,513853,1703362380000.0,0.0009317950350095305,-6.786e-05,1495.3184892942118,1495.3220158760068,-0.3,1.131,1.1,1.1278940165499682,long_nclose,1.240683418204965,0.0008297118153006762,10.0
1703363820000.0,513877,1703363820000.0,0.0006211966900063538,-4.524000000000001e-05,1495.3190652509018,1495.3218606360067,-0.2,1.131,0.9,1.1278940165499682,long_nclose,1.0151046148949714,0.0006788548601329078,24.0
1703364540000.0,513889,1703364540000.0,0.0006211966900063538,-4.524000000000001e-05,1495.3196412075918,1495.3214653960067,-0.2,1.131,0.7,1.1278940165499682,long_nclose,0.7895258115849777,0.0005279980211771789,12.0
1703364600000.0,513890,1703364600000.0,0.0003105983450031769,-2.2620000000000004e-05,1495.3199291859369,1495.3218527760068,-0.1,1.131,0.6,1.1278940165499682,long_nclose,0.676736409929981,0.00045256964527878743,1.0
1703365920000.0,513912,1703365920000.0,0.0003105983450031769,-2.2620000000000004e-05,1495.320217164282,1495.322420156007,-0.1,1.131,0.5,1.1278940165499682,long_nclose,0.5639470082749841,0.0003771412984333553,22.0
1703366400000.0,513920,1703366400000.0,0.0009805983450031698,-2.2754e-05,1495.321175008627,1495.325337402007,-0.1,1.1377,0.4,1.1278940165499682,long_nclose,0.45115760661998733,0.000301712845481095,8.0
1703366760000.0,513926,1703366760000.0,0.0009805983450031698,-2.2754e-05,1495.3221328529721,1495.325194648007,-0.1,1.1377,0.3,1.1278940165499682,long_nclose,0.3383682049649905,0.00022628448916181502,6.0
1703366880000.0,513928,1703366880000.0,0.0009805983450031698,-2.2754e-05,1495.3230906973172,1495.3252118940072,-0.1,1.1377,0.2,1.1278940165499682,long_nclose,0.22557880330999366,0.00015085622947532966,2.0
1703368380000.0,513953,1703368380000.0,0.0016505983450031847,-2.2888000000000005e-05,1495.324718407662,1495.326579006007,-0.1,1.1444,0.1,1.1278940165499682,long_nclose,0.11278940165499683,7.542803263167064e-05,25.0
1703368980000.0,513963,1703368980000.0,0.0016505983450031847,-2.2888000000000005e-05,1495.3263461180068,1495.3263461180068,-0.1,1.1444,0.0,1.1278940165499682,long_nclose,0.0,0.0,10.0
1703456220000.0,515417,1703456220000.0,0.0,-0.014961664,1495.3113844540067,1495.8464244540066,60.8,1.2304,60.8,1.2304,long_ientry_normal,74.80832,0.050028589882845885,1454.0
1703456340000.0,515419,1703456340000.0,0.2161400000000031,-0.0050140440000000005,1495.5225104100066,1496.1396304100067,-20.2,1.2411,40.6,1.2304,long_nclose,49.95424,0.03340253299584554,2.0
1703456340000.0,515419,1703456340000.0,0.3656200000000001,-0.00504394,1495.8830864700067,1496.1931664700066,-20.2,1.2485,20.4,1.2304,long_nclose,25.100159999999995,0.016779493148245627,0.0
1703456400000.0,515420,1703456400000.0,0.18462000000000003,-0.0025469399999999997,1496.0651595300067,1496.1906195300066,-10.2,1.2485,10.2,1.2304,long_nclose,12.550079999999998,0.008388725531141065,1.0
1703456520000.0,515422,1703456520000.0,0.09231000000000002,-0.0012734699999999999,1496.1561960600068,1496.2928760600068,-5.1,1.2485,5.1,1.2304,long_nclose,6.275039999999999,0.0041941075514206035,2.0
1703456520000.0,515422,1703456520000.0,0.12954000000000043,-0.001280916,1496.2844551440066,1496.2844551440066,-5.1,1.2558,0.0,1.2304,long_nclose,0.0,0.0,0.0
1703475840000.0,515744,1703475840000.0,0.0,-0.014967666000000001,1496.2694874780066,1496.2755174780066,60.3,1.2411,60.3,1.2411,long_ientry_normal,74.83833,0.050016611730913235,322.0
1703478660000.0,515791,1703478660000.0,0.050999999999997714,-0.0037335000000000003,1496.3167539780065,1496.5387239780066,-15.0,1.2445,45.3,1.2411,long_nclose,56.221830000000004,0.03757348158438542,47.0
1703479620000.0,515807,1703479620000.0,0.03841999999999828,-0.0028125700000000003,1496.3523614080066,1496.4747614080065,-11.3,1.2445,34.0,1.2411,long_nclose,42.1974,0.028200176033600782,16.0
1703479800000.0,515810,1703479800000.0,0.028899999999998705,-0.0021156499999999997,1496.3791457580066,1496.4479957580068,-8.5,1.2445,25.5,1.2411,long_nclose,31.64805,0.021149753449663553,3.0
1703479860000.0,515811,1703479860000.0,0.02141999999999904,-0.00156807,1496.3989976880066,1496.5007576880066,-6.3,1.2445,19.2,1.2411,long_nclose,23.82912,0.015924308982308125,1.0
1703480040000.0,515814,1703480040000.0,0.01631999999999927,-0.00119472,1496.4141229680065,1496.4774829680066,-4.8,1.2445,14.4,1.2411,long_nclose,17.871840000000002,0.011943111018327448,3.0
1703480460000.0,515821,1703480460000.0,0.0,-0.011393298000000001,1496.4027296700065,1496.3725796700064,45.9,1.2411,60.3,1.2411,long_ientry_partial,74.83833,0.05001215816847894,7.0
1703480700000.0,515825,1703480700000.0,0.050999999999997714,-0.0037335000000000003,1496.4499961700064,1496.6629061700064,-15.0,1.2445,45.3,1.2411,long_nclose,56.221830000000004,0.03757013608466262,4.0
1703481360000.0,515836,1703481360000.0,0.03841999999999828,-0.0028125700000000003,1496.4856036000065,1496.8188036000065,-11.3,1.2445,34.0,1.2411,long_nclose,42.1974,0.02819766518200257,11.0
1703481360000.0,515836,1703481360000.0,0.12203999999999911,-0.0028292940000000004,1496.6048143060063,1496.8272743060063,-11.3,1.2519,22.7,1.2411,long_nclose,28.172970000000003,0.01882458864938514,0.0
1703481660000.0,515841,1703481660000.0,0.0809999999999994,-0.0018778500000000001,1496.6839364560062,1496.8526564560061,-7.5,1.2519,15.2,1.2411,long_nclose,18.864720000000002,0.012604344538279551,5.0
1703483820000.0,515877,1703483820000.0,0.053999999999999604,-0.0012519,1496.7366845560064,1496.8509245560065,-5.0,1.2519,10.2,1.2411,long_nclose,12.65922,0.008457880488013323,36.0
1703484240000.0,515884,1703484240000.0,0.03671999999999973,-0.000851292,1496.7725532640063,1496.8623132640064,-3.4,1.2519,6.8,1.2411,long_nclose,8.43948,0.005638451868719838,7.0
1703484600000.0,515890,1703484600000.0,0.06187999999999998,-0.0008563240000000001,1496.8335769400062,1496.8968169400061,-3.4,1.2593,3.4,1.2411,long_nclose,4.21974,0.002819110998716679,6.0
1703484960000.0,515896,1703484960000.0,0.08703999999999947,-0.000861356,1496.919755584006,1496.919755584006,-3.4,1.2667,0.0,1.2411,long_nclose,0.0,0.0,6.0
1703502720000.0,516192,1703502720000.0,0.0,-0.014979899999999999,1496.904775684006,1497.0722156840059,59.8,1.2525,59.8,1.2525,long_ientry_normal,74.89949999999999,0.05003624894293954,296.0
1703502780000.0,516193,1703502780000.0,0.052150000000000876,-0.0037428800000000005,1496.953182804006,1497.132782804006,-14.9,1.256,44.9,1.2525,long_nclose,56.237249999999996,0.03756780816261711,1.0
1703503140000.0,516199,1703503140000.0,0.03920000000000065,-0.00281344,1496.989569364006,1497.063709364006,-11.2,1.256,33.7,1.2525,long_nclose,42.209250000000004,0.02819608824524579,6.0
1703503200000.0,516200,1703503200000.0,0.029400000000000495,-0.00211008,1497.016859284006,1497.095289284006,-8.4,1.256,25.3,1.2525,long_nclose,31.68825,0.021167597280872225,1.0
1703503260000.0,516201,1703503260000.0,0.022050000000000368,-0.00158256,1497.0373267240059,1497.105726724006,-6.3,1.256,19.0,1.2525,long_nclose,23.7975,0.015896397220820473,1.0
1703503680000.0,516208,1703503680000.0,0.06867000000000083,-0.0015918840000000002,1497.104404840006,1497.2491848400061,-6.3,1.2634,12.7,1.2525,long_nclose,15.906749999999999,0.010625010485958684,7.0
1703504400000.0,516220,1703504400000.0,0.11591999999999981,-0.001601334,1497.218723506006,1497.337763506006,-6.3,1.2709,6.4,1.2525,long_nclose,8.016,0.005353927167855007,12.0
1703504520000.0,516222,1703504520000.0,0.05887999999999991,-0.0008133760000000001,1497.276790130006,1497.331830130006,-3.2,1.2709,3.2,1.2525,long_nclose,4.008,0.0026768597672925873,2.0
1703504640000.0,516224,1703504640000.0,0.029439999999999956,-0.00040668800000000005,1497.305823442006,1497.3335034420058,-1.6,1.2709,1.6,1.2525,long_nclose,2.004,0.0013384039309973469,2.0
1703504700000.0,516225,1703504700000.0,0.014719999999999978,-0.00020334400000000002,1497.3203400980058,1497.3354600980058,-0.8,1.2709,0.8,1.2525,long_nclose,1.002,0.0006691954775251466,1.0
1703505120000.0,516232,1703505120000.0,0.007359999999999989,-0.00010167200000000001,1497.3275984260058,1497.334758426006,-0.4,1.2709,0.4,1.2525,long_nclose,0.501,0.0003345961167927796,7.0
1703505180000.0,516233,1703505180000.0,0.0036799999999999945,-5.0836000000000006e-05,1497.331227590006,1497.334727590006,-0.2,1.2709,0.2,1.2525,long_nclose,0.2505,0.00016729765290688978,1.0
1703505600000.0,516240,1703505600000.0,0.0018399999999999972,-2.5418000000000003e-05,1497.333042172006,1497.334932172006,-0.1,1.2709,0.1,1.2525,long_nclose,0.12525,8.364872508143845e-05,7.0
1703505900000.0,516245,1703505900000.0,0.0018399999999999972,-2.5418000000000003e-05,1497.3348567540058,1497.3348567540058,-0.1,1.2709,0.0,1.2525,long_nclose,0.0,0.0,5.0
1703567880000.0,517278,1703567880000.0,0.0,-0.014964648,1497.319892106006,1497.391912106006,55.4,1.3506,55.4,1.3506,long_ientry_normal,74.82324,0.0499714459111071,1033.0
1703567940000.0,517279,1703567940000.0,0.05106000000000051,-0.0037378680000000005,1497.367214238006,1497.629294238006,-13.8,1.3543,41.6,1.3506,long_nclose,56.184960000000004,0.03752249913431684,1.0
1703568120000.0,517282,1703568120000.0,0.03848000000000038,-0.0028169440000000005,1497.402877294006,1497.549517294006,-10.4,1.3543,31.2,1.3506,long_nclose,42.13872,0.028141204106773142,3.0
1703568240000.0,517284,1703568240000.0,0.028860000000000285,-0.002112708,1497.429624586006,1497.5091845860059,-7.8,1.3543,23.4,1.3506,long_nclose,31.604039999999998,0.021105526083563066,2.0
1703568300000.0,517285,1703568300000.0,0.0,-0.008644480000000001,1497.420980106006,1497.412240106006,32.0,1.3507,55.4,1.350657761732852,long_ientry_partial,74.82643999999999,0.04997020944284008,1.0
1703568480000.0,517288,1703568480000.0,0.05164288808664441,-0.0037381440000000005,1497.4688848500928,1497.474801962006,-13.8,1.3544,41.6,1.350657761732852,long_nclose,56.18736288808664,0.037521556178251675,3.0
1703568540000.0,517289,1703568540000.0,0.0,-0.0037279320000000006,1497.4651569180928,1497.3561140300062,13.8,1.3507,55.4,1.3506682831784593,long_ientry_partial,74.82702288808665,0.04996912451845414,1.0
1703578020000.0,517447,1703578020000.0,0.05149769213726194,-0.0037381440000000005,1497.51291646623,1497.6390358860062,-13.8,1.3544,41.6,1.3506682831784593,long_nclose,56.18780058022391,0.037520745205199026,158.0
1703578080000.0,517448,1703578080000.0,0.038809854944023496,-0.0028171520000000003,1497.548909169174,1497.6154187340062,-10.4,1.3544,31.2,1.3506682831784593,long_nclose,42.14085043516793,0.028139882562197766,1.0
1703578140000.0,517449,1703578140000.0,0.029107391208017617,-0.0021128640000000003,1497.575903696382,1497.7076858700061,-7.8,1.3544,23.4,1.3506682831784593,long_nclose,31.605637826375947,0.021104531495442426,1.0
1703578440000.0,517454,1703578440000.0,0.0,-0.008656086,1497.567247610382,1497.6672297840062,32.1,1.3483,55.5,1.3492985193941611,long_ientry_partial,74.88606782637594,0.05000514530874599,5.0
1703588100000.0,517615,1703588100000.0,0.051080432360576244,-0.0037342800000000004,1497.6145937627427,1497.7981355040063,-13.8,1.353,41.7,1.3492985193941611,long_nclose,56.26574825873652,0.037570245704784004,161.0
1703588400000.0,517620,1703588400000.0,0.0,-0.003766,1497.6108277627427,1497.2978995040062,14.0,1.345,55.7,1.3482181015931154,long_ientry_partial,75.09574825873653,0.050143700129973615,5.0
1703590740000.0,517659,1703590740000.0,0.05117838785569746,-0.003758282000000001,1497.6582478685984,1497.7996112220062,-13.9,1.3519,41.8,1.3482181015931154,long_nclose,56.35551664659222,0.037629089765168336,39.0
1703590800000.0,517660,1703590800000.0,0.03829174343160098,-0.0028119520000000004,1497.69372766003,1497.8375992700062,-10.4,1.3519,31.4,1.3482181015931154,long_nclose,42.334048390023824,0.028266158566455233,1.0
1703591580000.0,517673,1703591580000.0,0.02871880757370073,-0.0021089640000000005,1497.7203375036038,1497.8402703060062,-7.8,1.3519,23.6,1.3482181015931154,long_nclose,31.817947197597526,0.021244251280336884,13.0
1703591940000.0,517679,1703591940000.0,0.021723200600619788,-0.0015952420000000002,1497.7404654622046,1497.8003250640065,-5.9,1.3519,17.7,1.3482181015931154,long_nclose,23.863460398198143,0.015932974336000095,6.0
1703592000000.0,517680,1703592000000.0,0.016200352990292724,-0.0011896720000000003,1497.755476143195,1497.7778453920066,-4.4,1.3519,13.3,1.3482181015931154,long_nclose,17.931300751188434,0.011972114965897201,1.0
1703592060000.0,517681,1703592060000.0,0.01215026474271954,-0.000892254,1497.7667341539377,1497.8665531380066,-3.3,1.3519,10.0,1.3482181015931154,long_nclose,13.482181015931154,0.009001522539186986,1.0
1703592600000.0,517690,1703592600000.0,0.009204746017211773,-0.0006759500000000001,1497.775262949955,1497.7893771880067,-2.5,1.3519,7.5,1.3482181015931154,long_nclose,10.111635761948365,0.006751103461298268,9.0
1703593020000.0,517697,1703593020000.0,0.006627417132392477,-0.0004866840000000001,1497.7814036830875,1497.8086605040069,-1.8,1.3519,5.7,1.3482181015931154,long_nclose,7.684843179080758,0.0051308175947327875,7.0
1703593860000.0,517711,1703593860000.0,0.005154657769638592,-0.000378532,1497.7861798088572,1497.8076019720068,-1.4,1.3519,4.3,1.3482181015931154,long_nclose,5.797337836850396,0.0038706044394068544,14.0
1703594460000.0,517721,1703594460000.0,0.0,-0.013830712,1497.7723490968572,1497.7769412600069,51.4,1.3454,55.7,1.345617555419217,long_ientry_partial,74.95089783685039,0.050041582008137006,10.0
1703594700000.0,517725,1703594700000.0,0.051185979672884255,-0.003751054,1497.81978402253,1497.9569902060068,-13.9,1.3493,41.8,1.345617555419217,long_nclose,56.246813816523265,0.03755245752293869,4.0
1703594760000.0,517726,1703594760000.0,0.038297423640143616,-0.0028065440000000002,1497.8552749021703,1497.964623662007,-10.4,1.3493,31.4,1.345617555419217,long_nclose,42.25239124016341,0.02820859394638314,1.0
1703594820000.0,517727,1703594820000.0,0.02872306773010771,-0.002104908,1497.8818930619004,1498.004198754007,-7.8,1.3493,23.6,1.345617555419217,long_nclose,31.75657430789352,0.021200986843480835,1.0
1703595060000.0,517731,1703595060000.0,0.021726423026619937,-0.001592174,1497.902027310927,1497.9707465800068,-5.9,1.3493,17.7,1.345617555419217,long_nclose,23.817430730920137,0.01590052640070046,4.0
1703596920000.0,517762,1703596920000.0,0.0,-0.010226559999999999,1497.891800750927,1497.8135100200068,38.0,1.3456,55.7,1.345605578652067,long_ientry_partial,74.95023073092014,0.050037146003032995,31.0
1703601180000.0,517833,1703601180000.0,0.05135245673626665,-0.003751054,1497.9394021536632,1498.1356289660068,-13.9,1.3493,41.8,1.345605578652067,long_nclose,56.2463131876564,0.03754912455523116,71.0
1703601480000.0,517838,1703601480000.0,0.038421982018501666,-0.0028065440000000002,1497.9750175916818,1498.109862422007,-10.4,1.3493,31.4,1.345605578652067,long_nclose,42.252015169674905,0.028206088001123102,5.0
1703601780000.0,517843,1703601780000.0,0.02881648651387625,-0.002104908,1498.0017291701956,1498.1266775140068,-7.8,1.3493,23.6,1.345605578652067,long_nclose,31.756291656188786,0.021199102135736447,5.0
1703602200000.0,517850,1703602200000.0,0.02179708595280383,-0.001592174,1498.0219340821484,1498.0855553400067,-5.9,1.3493,17.7,1.345605578652067,long_nclose,23.817218742141588,0.015899112156014333,7.0
1703602260000.0,517851,1703602260000.0,0.01625545393090455,-0.001187384,1498.0370021520791,1498.1100779560065,-4.4,1.3493,13.3,1.345605578652067,long_nclose,17.896554196072493,0.011946670322803984,1.0
1703602500000.0,517855,1703602500000.0,0.012191590448178413,-0.000890538,1498.0483032045272,1498.0562474180065,-3.3,1.3493,10.0,1.345605578652067,long_nclose,13.456055786520672,0.00898239112699928,4.0
1703602620000.0,517857,1703602620000.0,0.0,-0.012291472000000001,1498.0360117325272,1498.0001059460064,45.7,1.3448,55.7,1.344944628124249,long_ientry_partial,74.91341578652067,0.05000775361860686,2.0
1703604240000.0,517884,1703604240000.0,0.05219966907293938,-0.003749386,1498.0844620156001,1498.2665165600065,-13.9,1.3487,41.8,1.344944628124249,long_nclose,56.2186854555936,0.03752704662589857,27.0
1703605200000.0,517900,1703605200000.0,0.03905586750781076,-0.0028052960000000005,1498.120712587108,1498.2386312640067,-10.4,1.3487,31.4,1.344944628124249,long_nclose,42.231261323101414,0.02818949165329418,16.0
1703605260000.0,517901,1703605260000.0,0.02929190063085807,-0.002103972,1498.147900515739,1498.1657272920065,-7.8,1.3487,23.6,1.344944628124249,long_nclose,31.74069322373228,0.021186621970237726,1.0
1703605380000.0,517903,1703605380000.0,0.0,-0.008633616000000002,1498.139266899739,1498.0968636760067,32.1,1.3448,55.7,1.3448612787025542,long_ientry_partial,74.90877322373227,0.05000120808444536,2.0
1703607480000.0,517938,1703607480000.0,0.05196822603449649,-0.0037491080000000006,1498.1874860177734,1498.3270445680066,-13.9,1.3486,41.8,1.3448612787025542,long_nclose,56.21520144976677,0.03752214056946133,35.0
1703607540000.0,517939,1703607540000.0,0.03888270149343622,-0.0028050880000000003,1498.2235636312669,1498.3064194800068,-10.4,1.3486,31.4,1.3448612787025542,long_nclose,42.2286441512602,0.028185809632382233,1.0
1703607660000.0,517941,1703607660000.0,0.0,-0.006556768,1498.2170068632668,1498.1941427120066,24.4,1.3436,55.8,1.344309751814699,long_ientry_partial,75.0124841512602,0.05006783650674854,2.0
1703608080000.0,517948,1703608080000.0,0.05129444977568627,-0.0037474400000000003,1498.2645538730424,1498.4275552720064,-13.9,1.348,41.9,1.344309751814699,long_nclose,56.326578601035884,0.03759454794243821,7.0
1703608920000.0,517962,1703608920000.0,0.16249444977568636,-0.0037696800000000005,1498.423278642818,1498.7450055920065,-13.9,1.356,28.0,1.344309751814699,long_nclose,37.64067305081157,0.02512018705749435,14.0
1703608980000.0,517963,1703608980000.0,0.10871930812330095,-0.0025221600000000003,1498.5294757909414,1498.7798734320065,-9.3,1.356,18.7,1.344309751814699,long_nclose,25.13859235893487,0.016775507432489057,1.0
1703609100000.0,517965,1703609100000.0,0.0724795387488673,-0.0016814400000000004,1498.6002738896902,1498.7114019920066,-6.2,1.356,12.5,1.344309751814699,long_nclose,16.803871897683738,0.011213044726108628,2.0
1703609160000.0,517966,1703609160000.0,0.047930017559734826,-0.00111192,1498.64709198725,1498.7368900720064,-4.1,1.356,8.4,1.344309751814699,long_nclose,11.29220191524347,0.00753493065553524,1.0
1703609220000.0,517967,1703609220000.0,0.03273269491884329,-0.00075936,1498.6790653221688,1498.7294107120065,-2.8,1.356,5.6,1.344309751814699,long_nclose,7.528134610162313,0.00502317993515443,1.0
1703609340000.0,517969,1703609340000.0,0.005166347459421638,-0.00037744,1498.6838542296282,1498.6934732720065,-1.4,1.348,4.2,1.344309751814699,long_nclose,5.646100957621735,0.0037673729130310897,2.0
1703609400000.0,517970,1703609400000.0,0.0036902481853011704,-0.00026960000000000005,1498.6872748778135,1498.7022836720064,-1.0,1.348,3.2,1.344309751814699,long_nclose,4.301791205807037,0.0028703728108706054,1.0
1703609760000.0,517976,1703609760000.0,0.0029521985482409367,-0.00021568000000000002,1498.6900113963616,1498.7015079920063,-0.8,1.348,2.4,1.344309751814699,long_nclose,3.2263434043552772,0.002152775677305825,6.0
1703610540000.0,517989,1703610540000.0,0.002214148911180702,-0.00016176000000000002,1498.6920637852727,1498.7003262320063,-0.6,1.348,1.8,1.344309751814699,long_nclose,2.419757553266458,0.0016145795468849246,13.0
1703610660000.0,517991,1703610660000.0,0.0014760992741204683,-0.00010784000000000001,1498.6934320445469,1498.6967783920063,-0.4,1.348,1.4,1.344309751814699,long_nclose,1.8820336525405783,0.001255782945530809,2.0
1703610840000.0,517994,1703610840000.0,0.0,-0.01460127,1498.678830774547,1498.6679571220063,54.3,1.3445,55.7,1.3444952181784662,long_ientry_partial,74.88838365254057,0.04996960130132536,3.0
1703612340000.0,518019,1703612340000.0,0.0,-0.020547015999999998,1498.658283758547,1487.1488601060064,79.1,1.2988,134.8,1.3176814811019328,long_rentry,177.62346365254055,0.1185216573901499,25.0
1703612340000.0,518019,1703612340000.0,0.0,-0.04862951000000001,1498.609654248547,1479.9381305960064,191.5,1.2697,326.3,1.289521954191053,long_rentry,420.7710136525406,0.28077425796614747,0.0
1703612340000.0,518019,1703612340000.0,0.0,-0.21555985000000003,1498.394094398547,1477.1050707460063,872.5,1.2353,1198.8,1.2500586116554393,long_rentry,1498.5702636525407,1.0001175720423967,0.0
1703612400000.0,518020,1703612400000.0,1.0313840868648594,-0.07513479,1499.3503436954118,1531.2156959560064,-299.7,1.2535,899.1,1.2500586116554393,long_nclose,1123.9276977394054,0.7496097909773967,1.0
1703612400000.0,518020,1703612400000.0,3.2791340868648113,-0.07558433999999999,1502.5538934422766,1523.7974616160063,-299.7,1.261,599.4,1.2500586116554393,long_nclose,749.2851318262703,0.4986743803975611,0.0
1703612400000.0,518020,1703612400000.0,5.496914086864833,-0.076027896,1507.9747796331415,1518.5965637200063,-299.7,1.2684,299.7,1.2500586116554393,long_nclose,374.6425659131352,0.24844086981632268,0.0
1703612400000.0,518020,1703612400000.0,7.714694086864855,-0.07647145200000001,1515.6130022680063,1515.6130022680063,-299.7,1.2758,0.0,1.2500586116554393,long_nclose,0.0,0.0,0.0
1703612460000.0,518021,1703612460000.0,0.0,-0.015168900000000003,1515.5978333680064,1514.8013333680065,59.0,1.2855,59.0,1.2855,long_ientry_normal,75.84450000000001,0.05004262894164748,1.0
1703612640000.0,518024,1703612640000.0,0.051449999999997595,-0.0037896600000000003,1515.6454937080064,1515.6897937080064,-14.7,1.289,44.3,1.2855,long_nclose,56.94765,0.03757319916590676,3.0
1703612700000.0,518025,1703612700000.0,0.0384999999999982,-0.0028358,1515.6811579080063,1515.8310079080063,-11.0,1.289,33.3,1.2855,long_nclose,42.80715,0.028242846311478765,1.0
1703612760000.0,518026,1703612760000.0,0.0,-0.0065532,1515.6746047080062,1515.2668047080062,25.4,1.29,58.7,1.2874471890971038,long_ientry_partial,75.57315,0.049861065010427565,1.0
1703613000000.0,518030,1703613000000.0,0.051871039182283994,-0.00376972,1515.7227060271885,1515.7206249880062,-14.6,1.291,44.1,1.2874471890971038,long_nclose,56.776421039182274,0.037458316625735,4.0
1703613060000.0,518031,1703613060000.0,0.0,-0.0038107040000000007,1515.7188953231885,1515.622574284006,14.8,1.2874,58.9,1.2874353317348435,long_ientry_partial,75.82994103918227,0.05002902667055125,1.0
1703613060000.0,518031,1703613060000.0,0.0392113509167209,-0.0028401999999999998,1515.7552664741052,1515.6769340840062,-11.0,1.291,47.9,1.2874353317348435,long_nclose,61.668152390099,0.04068476867875196,0.0
1703613420000.0,518037,1703613420000.0,0.042419552355361705,-0.00307258,1515.7946134464605,1515.9949415040062,-11.9,1.291,36.0,1.2874353317348435,long_nclose,46.34767194245437,0.030576485449485612,6.0
1703613600000.0,518040,1703613600000.0,0.0,-0.005844360000000001,1515.7887690864604,1516.164897144006,22.6,1.293,58.6,1.2895814324650916,long_ientry_partial,75.56947194245437,0.0498548831365196,3.0
1703613720000.0,518042,1703613720000.0,0.21876206693071287,-0.00507312,1516.0024580333913,1516.6131440240063,-19.5,1.3008,39.1,1.2895814324650916,long_nclose,50.422634009385085,0.03326025874311246,2.0
1703613780000.0,518043,1703613780000.0,0.0,-0.0049597600000000006,1515.9974982733913,1516.4919842640063,19.0,1.3052,58.1,1.2946890535178155,long_ientry_partial,75.22143400938508,0.049618442045621255,1.0
1703613840000.0,518044,1703613840000.0,0.218301267106162,-0.005041160000000001,1516.2107583804975,1516.6263431040063,-19.3,1.306,38.8,1.2946890535178155,long_nclose,50.23393527649124,0.033131235218346135,1.0
1703613900000.0,518045,1703613900000.0,0.0,-0.005038844,1516.2057195364976,1516.5283442600064,19.3,1.3054,58.1,1.2982470787692124,long_ientry_partial,75.42815527649124,0.04974796909455634,1.0
1703613900000.0,518045,1703613900000.0,0.10001268387716049,-0.0033694800000000002,1516.3023627403747,1516.5533547800064,-12.9,1.306,45.2,1.2982470787692124,long_nclose,58.68076796036841,0.038699911971591304,0.0
1703614080000.0,518048,1703614080000.0,0.17029381846181524,-0.0039288000000000005,1516.4687277588366,1516.8115859800064,-15.0,1.3096,30.2,1.2982470787692124,long_nclose,39.207061778830216,0.02585418417218116,3.0
1703614140000.0,518049,1703614140000.0,0.0,-0.0072551840000000005,1516.4614725748365,1516.7406407960063,27.7,1.3096,57.9,1.3036784417759968,long_ientry_partial,75.48298177883021,0.0497757332737678,1.0
1703614140000.0,518049,1703614140000.0,0.05921558224003309,-0.0026192000000000003,1516.5180689570766,1516.7490215960063,-10.0,1.3096,47.9,1.3036784417759968,long_nclose,62.44619736107025,0.041177351354616615,0.0
1703614500000.0,518055,1703614500000.0,0.04309654286563711,-0.003111374,1516.5580541259424,1516.6884302220064,-11.9,1.3073,36.0,1.3036784417759968,long_nclose,46.932423903935884,0.030946671494870705,6.0
1703614560000.0,518056,1703614560000.0,0.0,-0.0057521199999999995,1516.5523020059425,1516.3752781020066,22.0,1.3073,58.0,1.3050521362747565,long_ientry_partial,75.69302390393588,0.04991125185977218,1.0
1703614560000.0,518056,1703614560000.0,0.020230773527190937,-0.00235314,1516.5701796394696,1516.4206249620065,-9.0,1.3073,49.0,1.3050521362747565,long_nclose,63.94755467746307,0.042165905367244634,0.0
1703616420000.0,518087,1703616420000.0,0.044503937447970765,-0.003193228,1516.6114903489174,1516.8230117340063,-12.2,1.3087,36.8,1.3050521362747565,long_nclose,48.025918614911035,0.03166659287531971,31.0
1703616480000.0,518088,1703616480000.0,0.0,-0.005531576000000001,1516.6059587729173,1516.7827401580064,21.1,1.3108,57.9,1.3071467809138348,long_ientry_partial,75.68379861491104,0.049903403172796866,1.0
1703616540000.0,518089,1703616540000.0,0.05260635484077767,-0.0037751040000000005,1516.654790023758,1516.8137050540063,-14.4,1.3108,43.5,1.3071467809138348,long_nclose,56.860884969751815,0.037490986969329454,1.0
1703616600000.0,518090,1703616600000.0,0.0,-0.0037751040000000005,1516.6510149197582,1516.9315199500063,14.4,1.3108,57.9,1.3080553535363009,long_ientry_partial,75.73640496975182,0.04993660652629361,1.0
1703616600000.0,518090,1703616600000.0,0.02964218180795024,-0.0028313280000000006,1516.6778257735662,1516.9060086220063,-10.8,1.3108,47.1,1.3080553535363009,long_nclose,61.60940715155977,0.040621288255557185,0.0
1703617260000.0,518101,1703617260000.0,0.042642363625280864,-0.003069378,1516.7173987591914,1516.7083592440063,-11.7,1.3117,35.4,1.3080553535363009,long_nclose,46.305159515185046,0.030529853190229606,11.0
1703617380000.0,518103,1703617380000.0,0.0,-0.005911256000000001,1516.7114875031914,1516.6618479880062,22.6,1.3078,58.0,1.3079558537100873,long_ientry_partial,75.86143951518505,0.050017053434511835,2.0
1703617500000.0,518105,1703617500000.0,0.052840121203736046,-0.00380364,1516.7605239843951,1516.9407943480064,-14.5,1.3116,43.5,1.3079558537100873,long_nclose,56.8960796363888,0.03751157729694062,2.0
1703617560000.0,518106,1703617560000.0,0.0,-0.0037526060000000003,1516.7567713783951,1517.1104417420063,14.3,1.3121,57.8,1.3089811355776608,long_ientry_partial,75.65910963638879,0.04988216374839814,1.0
1703617740000.0,518109,1703617740000.0,0.05211164768168395,-0.0037802880000000006,1516.8051027380768,1517.0967014540063,-14.4,1.3126,43.4,1.3089811355776608,long_nclose,56.809781284070475,0.03745358001599526,3.0
1703617800000.0,518110,1703617800000.0,0.0,-0.0037365880000000008,1516.8013661500768,1516.9835248660063,14.2,1.3157,57.6,1.31063752229289,long_ientry_partial,75.49272128407047,0.04977100032266255,1.0
1703617860000.0,518111,1703617860000.0,0.0527396789823829,-0.0037851840000000005,1516.8503206450591,1516.9350996820062,-14.4,1.3143,43.2,1.31063752229289,long_nclose,56.619540963052856,0.03732704551822536,1.0
1703617920000.0,518112,1703617920000.0,0.0,-0.0038327920000000002,1516.8464878530592,1517.0121868900064,14.6,1.3126,57.8,1.3111332346548938,long_ientry_partial,75.78350096305286,0.0499612199190418,1.0
1703617980000.0,518113,1703617980000.0,0.05280142096952822,-0.003786624,1516.8955026500287,1517.0112402660063,-14.4,1.3148,43.4,1.3111332346548938,long_nclose,56.903182384022394,0.037512921809453634,1.0
1703618040000.0,518114,1703618040000.0,0.0,-0.0037574680000000004,1516.8917451820287,1517.0651827980064,14.3,1.3138,57.7,1.3117941487698854,long_ientry_partial,75.69052238402239,0.04989843383644984,1.0
1703618040000.0,518114,1703618040000.0,0.03246319328523706,-0.002839968,1516.9213684073138,1517.0623428300062,-10.8,1.3148,46.9,1.3117941487698854,long_nclose,61.52314557730762,0.040557900270007816,0.0
1703618100000.0,518115,1703618100000.0,0.04218845939233937,-0.0030780359999999997,1516.960478830706,1517.090924794006,-11.7,1.3154,35.2,1.3117941487698854,long_nclose,46.17515403669997,0.030439259744124918,1.0
1703618160000.0,518116,1703618160000.0,0.0,-0.00591975,1516.954559080706,1517.1369350440061,22.5,1.3155,57.7,1.3132392380710567,long_ientry_partial,75.77390403669997,0.04995133412738476,1.0
1703618400000.0,518120,1703618400000.0,0.05271497177678306,-0.0037926720000000004,1517.003481380483,1517.2269423720063,-14.4,1.3169,43.3,1.3132392380710567,long_nclose,56.86325900847675,0.03748393441835138,4.0
1703618460000.0,518121,1703618460000.0,0.0,-0.003744256,1516.999737124483,1517.3439481160062,14.2,1.3184,57.5,1.3145137218865521,long_ientry_partial,75.58453900847675,0.04982501786832833,1.0
1703620800000.0,518160,1703620800000.0,0.21938791196685556,-0.005065320000000001,1517.2140597164498,1517.5936927960063,-19.1,1.326,38.4,1.3145137218865521,long_nclose,50.4773269204436,0.03326974634672002,39.0
1703620860000.0,518161,1703620860000.0,0.0,-0.005006232,1517.20905348445,1517.5772265640062,18.9,1.3244,57.3,1.317774640845438,long_ientry_partial,75.5084869204436,0.049768017628835946,1.0
1703621040000.0,518164,1703621040000.0,0.22013435985213184,-0.005077926,1517.424109918302,1517.8299986380064,-19.1,1.3293,38.2,1.317774640845438,long_nclose,50.33899128029574,0.033173976181916594,3.0
1703621100000.0,518165,1703621100000.0,0.1463720612629358,-0.0033764219999999996,1517.5671055575651,1517.9094522160065,-12.7,1.3293,25.5,1.317774640845438,long_nclose,33.60325334155867,0.022142845096271766,1.0
1703621280000.0,518168,1703621280000.0,0.24543206126293618,-0.0033962339999999997,1517.809141384828,1518.0616259820065,-12.7,1.3371,12.8,1.317774640845438,long_nclose,16.867515402821606,0.011113067475290022,3.0
1703621400000.0,518170,1703621400000.0,0.1236822985891962,-0.001711488,1517.9311121954174,1518.0752744940066,-6.4,1.3371,6.4,1.317774640845438,long_nclose,8.433757701410803,0.005556087251688828,2.0
1703621640000.0,518174,1703621640000.0,0.17424229858919632,-0.0017216000000000002,1518.1036328940065,1518.1036328940065,-6.4,1.345,0.0,1.317774640845438,long_nclose,0.0,0.0,4.0
1703622660000.0,518191,1703622660000.0,0.0,-0.015170328000000002,1518.0884625660065,1518.2083725660063,57.1,1.3284,57.1,1.3284,long_ientry_normal,75.85164,0.049965230531947326,17.0
1703625480000.0,518238,1703625480000.0,0.05254000000000052,-0.0037831640000000003,1518.1372194020064,1518.2873694020063,-14.2,1.3321,42.9,1.3284,long_nclose,56.98836,0.037538345856804496,47.0
1703625600000.0,518240,1703625600000.0,0.03959000000000039,-0.002850694,1518.1739587080065,1518.4090187080064,-10.7,1.3321,32.2,1.3284,long_nclose,42.774480000000004,0.028174953044512674,2.0
1703625720000.0,518242,1703625720000.0,0.12412000000000058,-0.0028676,1518.2952111080065,1518.5467611080064,-10.7,1.34,21.5,1.3284,long_nclose,28.5606,0.018810966267329084,2.0
1703625840000.0,518244,1703625840000.0,0.08236000000000039,-0.0019028,1518.3756683080067,1518.5772683080068,-7.1,1.34,14.4,1.3284,long_nclose,19.12896,0.012598305148893915,2.0
1703626140000.0,518249,1703626140000.0,0.14040000000000052,-0.0019409760000000003,1518.5141273320066,1518.6516473320066,-7.2,1.3479,7.2,1.3284,long_nclose,9.56448,0.0062985782139574585,5.0
1703626260000.0,518251,1703626260000.0,0.07020000000000026,-0.0009704880000000001,1518.5833568440069,1518.6553568440067,-3.6,1.3479,3.6,1.3284,long_nclose,4.78224,0.0031491455364944087,2.0
1703626500000.0,518255,1703626500000.0,0.013920000000000066,-0.0003216,1518.596955244007,1518.6245552440068,-1.2,1.34,2.4,1.3284,long_nclose,3.18816,0.002099411558142976,4.0
1703626560000.0,518256,1703626560000.0,0.009280000000000043,-0.00021440000000000003,1518.606020844007,1518.6223408440069,-0.8,1.34,1.6,1.3284,long_nclose,2.12544,0.001399599350211142,1.0
1703626740000.0,518259,1703626740000.0,0.005800000000000027,-0.000134,1518.611686844007,1518.624666844007,-0.5,1.34,1.1,1.3284,long_nclose,1.46124,0.0009622209631724636,3.0
1703626980000.0,518263,1703626980000.0,0.0034800000000000165,-8.04e-05,1518.6150864440071,1518.6258864440072,-0.3,1.34,0.8,1.3284,long_nclose,1.06272,0.0006997954975466943,4.0
1703627280000.0,518268,1703627280000.0,0.002320000000000011,-5.360000000000001e-05,1518.6173528440072,1518.6205328440071,-0.2,1.34,0.6,1.3284,long_nclose,0.79704,0.0005248458398735762,5.0
1703628300000.0,518285,1703628300000.0,0.002320000000000011,-5.360000000000001e-05,1518.6196192440073,1518.6246592440073,-0.2,1.34,0.4,1.3284,long_nclose,0.53136,0.00034989670439297986,17.0
1703628600000.0,518290,1703628600000.0,0.0039000000000000146,-5.391600000000001e-05,1518.6234653280071,1518.628725328007,-0.2,1.3479,0.2,1.3284,long_nclose,0.26568,0.00017494790912019514,5.0
1703628840000.0,518294,1703628840000.0,0.0054799999999999745,-5.4232000000000005e-05,1518.6288910960072,1518.6288910960072,-0.2,1.3558,0.0,1.3284,long_nclose,0.0,0.0,4.0
1703643540000.0,518539,1703643540000.0,0.0,-0.015182984,1518.6137081120073,1518.5742981120072,56.3,1.3484,56.3,1.3484,long_ientry_normal,75.91492,0.049989618554398554,245.0
1703654580000.0,518723,1703654580000.0,0.0,-0.02084,1518.5928681120074,1516.0495881120073,80.0,1.3025,136.3,1.321459427732942,long_rentry,180.11491999999998,0.11860645718949549,184.0
1703665980000.0,518913,1703665980000.0,0.12377945707997373,-0.00901068,1518.7076368890873,1519.0698374320073,-34.0,1.3251,102.3,1.321459427732942,long_nclose,135.18529945707996,0.08901337964823355,190.0
1703666040000.0,518914,1703666040000.0,0.0928345928099803,-0.00675801,1518.7937134718973,1519.0733094220072,-25.5,1.3251,76.8,1.321459427732942,long_nclose,101.48808404988993,0.06682150653487531,1.0
1703666100000.0,518915,1703666100000.0,0.06989898752751457,-0.0050883840000000005,1518.8585240754248,1519.4195810380074,-19.2,1.3251,57.6,1.321459427732942,long_nclose,76.11606303741746,0.050113991415857255,1.0
1703666400000.0,518920,1703666400000.0,0.22157898752751493,-0.00511872,1519.0749843429523,1519.5219823180073,-19.2,1.333,38.4,1.321459427732942,long_nclose,50.74404202494497,0.033404566955523504,5.0
1703666580000.0,518923,1703666580000.0,0.14771932501834328,-0.0034124800000000003,1519.2192911879708,1519.7016098380075,-12.8,1.333,25.6,1.321459427732942,long_nclose,33.829361349963314,0.022267595959441812,3.0
1703666640000.0,518924,1703666640000.0,0.24755932501834366,-0.0034324480000000003,1519.4634180649891,1519.7685773900075,-12.8,1.3408,12.8,1.321459427732942,long_nclose,16.914680674981657,0.011132009151310938,1.0
1703666700000.0,518925,1703666700000.0,0.3486793250183439,-0.003452672000000001,1519.8086447180074,1519.8086447180074,-12.8,1.3487,0.0,1.321459427732942,long_nclose,0.0,0.0,1.0
1703668620000.0,518957,1703668620000.0,0.0,-0.015185646,1519.7934590720074,1519.8736790720075,57.3,1.3251,57.3,1.3251,long_ientry_normal,75.92823,0.04995957151069864,32.0
1703668680000.0,518958,1703668680000.0,0.052910000000000526,-0.0038003680000000006,1519.8425687040076,1520.0016687040077,-14.3,1.3288,43.0,1.3251,long_nclose,56.979299999999995,0.03749026456640644,1.0
1703668800000.0,518960,1703668800000.0,0.0,-0.0037897860000000003,1519.8387789180076,1519.8330489180075,14.3,1.3251,57.3,1.3251000000000002,long_ientry_partial,75.92823,0.04995808177368277,2.0
1703668980000.0,518963,1703668980000.0,0.05290999999999735,-0.0038003680000000006,1519.8878885500078,1520.098588550008,-14.3,1.3288,43.0,1.3251000000000002,long_nclose,56.97930000000001,0.03748914668591707,3.0
1703669280000.0,518968,1703669280000.0,0.039589999999998016,-0.002843632,1519.924634918008,1519.995694918008,-10.7,1.3288,32.3,1.3251000000000002,long_nclose,42.80073,0.028159771225965344,5.0
1703669340000.0,518969,1703669340000.0,0.029599999999998516,-0.0021260800000000002,1519.9521088380081,1520.046878838008,-8.0,1.3288,24.3,1.3251000000000002,long_nclose,32.19993,0.02118483195145971,1.0
1703669520000.0,518972,1703669520000.0,0.0,-0.008772162,1519.9433366760081,1519.977776676008,33.1,1.3251,57.4,1.3251,long_ientry_partial,76.06074,0.050041826010658146,3.0
1703672700000.0,519025,1703672700000.0,0.052910000000000526,-0.0038003680000000006,1519.9924463080083,1520.2036363080083,-14.3,1.3288,43.1,1.3251,long_nclose,57.11181,0.03757374593454195,53.0
1703672940000.0,519029,1703672940000.0,0.16445000000000096,-0.003822676,1520.1530736320083,1520.5793136320083,-14.3,1.3366,28.8,1.3251,long_nclose,38.16288,0.025104629699441897,4.0
1703673180000.0,519033,1703673180000.0,0.11040000000000062,-0.002566272,1520.2609073600083,1520.5316273600083,-9.6,1.3366,19.2,1.3251,long_nclose,25.44192,0.016735232667516836,4.0
1703673720000.0,519042,1703673720000.0,0.07360000000000043,-0.001710848,1520.3327965120084,1520.4684765120085,-6.4,1.3366,12.8,1.3251,long_nclose,16.96128,0.01115629422644375,9.0
1703673900000.0,519045,1703673900000.0,0.04830000000000028,-0.0011227440000000002,1520.3799737680083,1520.4711337680083,-4.2,1.3366,8.6,1.3251,long_nclose,11.395859999999999,0.0074954025944956775,3.0
1703674140000.0,519049,1703674140000.0,0.03220000000000018,-0.000748496,1520.4114252720085,1520.4734852720085,-2.8,1.3366,5.8,1.3251,long_nclose,7.68558,0.005054934389634052,4.0
1703674200000.0,519050,1703674200000.0,0.021850000000000123,-0.000507908,1520.4327673640087,1520.4787873640087,-1.9,1.3366,3.9,1.3251,long_nclose,5.16789,0.0033989598954511017,1.0
1703674560000.0,519056,1703674560000.0,0.014950000000000086,-0.000347516,1520.4473698480087,1520.4835098480087,-1.3,1.3366,2.6,1.3251,long_nclose,3.4452599999999998,0.0022659515010666925,6.0
1703675340000.0,519069,1703675340000.0,0.009200000000000054,-0.000213856,1520.4563559920086,1520.4770559920087,-0.8,1.3366,1.8,1.3251,long_nclose,2.38518,0.0015687263831021378,13.0
1703675400000.0,519070,1703675400000.0,0.006900000000000039,-0.000160392,1520.4630956000087,1520.4779756000087,-0.6,1.3366,1.2,1.3251,long_nclose,1.59012,0.0010458129530414569,1.0
1703675640000.0,519074,1703675640000.0,0.01164000000000005,-0.00016134,1520.4745742600087,1520.4860942600087,-0.6,1.3445,0.6,1.3251,long_nclose,0.79506,0.0005229025288942719,4.0
1703675700000.0,519075,1703675700000.0,0.005820000000000025,-8.067e-05,1520.4803135900088,1520.4850535900089,-0.3,1.3445,0.3,1.3251,long_nclose,0.39753,0.0002614502775516976,1.0
1703676240000.0,519084,1703676240000.0,0.0011500000000000067,-2.6732e-05,1520.481436858009,1520.484056858009,-0.1,1.3366,0.2,1.3251,long_nclose,0.26502,0.00017430005626878893,9.0
1703677620000.0,519107,1703677620000.0,0.0019400000000000086,-2.6890000000000005e-05,1520.483349968009,1520.485299968009,-0.1,1.3445,0.1,1.3251,long_nclose,0.13251,8.714991848005966e-05,23.0
1703678160000.0,519116,1703678160000.0,0.0011500000000000067,-2.6732e-05,1520.484473236009,1520.484473236009,-0.1,1.3366,0.0,1.3251,long_nclose,0.0,0.0,9.0
1703681280000.0,519168,1703681280000.0,0.0,-0.015215200000000002,1520.469258036009,1520.423498036009,57.2,1.33,57.2,1.33,long_ientry_normal,76.07600000000001,0.050034553213043856,52.0
1703681580000.0,519173,1703681580000.0,0.052910000000000526,-0.0038143820000000007,1520.5183536540092,1520.7114036540092,-14.3,1.3337,42.9,1.33,long_nclose,57.057,0.03752470324536655,5.0
1703682180000.0,519183,1703682180000.0,0.0,-0.0038040860000000004,1520.5145495680092,1520.6561195680092,14.3,1.3301,57.2,1.330025,long_ientry_partial,76.07743,0.05003400330606125,10.0
1703682360000.0,519186,1703682360000.0,0.05255250000000136,-0.0038143820000000007,1520.5632876860093,1520.6952051860094,-14.3,1.3337,42.9,1.330025,long_nclose,57.0580725,0.03752429968688175,3.0
1703682540000.0,519189,1703682540000.0,0.0,-0.0038043720000000003,1520.5594833140092,1520.6013108140091,14.3,1.3302,57.2,1.33006875,long_ientry_partial,76.0799325,0.050034170537140904,3.0
1703683020000.0,519197,1703683020000.0,0.051926875000002815,-0.0038143820000000007,1520.6075958070091,1520.8363064320092,-14.3,1.3337,42.9,1.33006875,long_nclose,57.059949374999995,0.03752444058042301,8.0
1703683320000.0,519202,1703683320000.0,0.038854375000002106,-0.002854118,1520.6435960640092,1520.7734023140092,-10.7,1.3337,32.2,1.33006875,long_nclose,42.82821375,0.028164531032028373,5.0
1703683800000.0,519210,1703683800000.0,0.1244543749999998,-0.002871238,1520.7651792010092,1521.0582510760091,-10.7,1.3417,21.5,1.33006875,long_nclose,28.596478124999997,0.018804006375280256,8.0
1703684400000.0,519220,1703684400000.0,0.0,-0.009473872000000001,1520.7557053290093,1520.6586372040092,35.6,1.3306,57.1,1.3303999671628721,long_ientry_partial,75.965838125,0.04995268987569907,10.0
1703684400000.0,519220,1703684400000.0,0.017490174036778328,-0.001413722,1520.771781781046,1520.6837234820093,-5.3,1.3337,51.8,1.3303999671628721,long_nclose,68.91471829903678,0.045315621400028594,0.0
1703684760000.0,519226,1703684760000.0,0.04773042359895046,-0.0034419780000000005,1520.816070226645,1520.9716715040092,-12.9,1.3341,38.9,1.3303999671628721,long_nclose,51.752558722635726,0.03402946597935615,6.0
1703685000000.0,519230,1703685000000.0,0.03589031852014104,-0.002588154,1520.8493723911652,1520.9428133500094,-9.7,1.3341,29.2,1.3303999671628721,long_nclose,38.847679041155864,0.025543409982855404,4.0
1703685060000.0,519231,1703685060000.0,0.027010239711033977,-0.001947786,1520.874434844876,1520.933565564009,-7.3,1.3341,21.9,1.3303999671628721,long_nclose,29.135759280866896,0.01915724179020646,1.0
1703685120000.0,519232,1703685120000.0,0.01998017732049089,-0.0014408280000000001,1520.8929741941965,1520.950724736009,-5.4,1.3341,16.5,1.3303999671628721,long_nclose,21.95159945818739,0.014433362393443786,1.0
1703685180000.0,519233,1703685180000.0,0.015170134632224563,-0.001093962,1520.9070503668288,1520.9578907740092,-4.1,1.3341,12.4,1.3303999671628721,long_nclose,16.496959592819614,0.010846790136741558,1.0
1703685300000.0,519235,1703685300000.0,0.011470101795096622,-0.0008271420000000001,1520.917693326624,1520.9242036320093,-3.1,1.3341,9.3,1.3303999671628721,long_nclose,12.372719694614712,0.008135035675436523,2.0
1703685480000.0,519238,1703685480000.0,0.0,-0.012721492,1520.904971834624,1520.9248921400092,47.8,1.3307,57.1,1.3306511330055115,long_ientry_partial,75.9801796946147,0.04995721698704292,3.0
1703688600000.0,519290,1703688600000.0,0.05181391132173698,-0.0037894120000000002,1520.9529963339455,1521.1266927280092,-14.2,1.3343,42.9,1.3306511330055115,long_nclose,57.08493360593644,0.03753234566980838,52.0
1703689620000.0,519307,1703689620000.0,0.0,-0.0038029420000000006,1520.9491933919455,1520.856909786009,14.3,1.3297,57.2,1.3304133497541335,long_ientry_partial,76.09964360593644,0.05003431011145269,17.0
1703689860000.0,519311,1703689860000.0,0.05271909851589185,-0.003815526000000001,1520.9980969644614,1521.010394260009,-14.3,1.3341,42.9,1.3304133497541335,long_nclose,57.07473270445232,0.03752452604533791,4.0
1703689920000.0,519312,1703689920000.0,0.0,-0.0038029420000000006,1520.9942940224614,1520.986571318009,14.3,1.3297,57.2,1.3302350123156,long_ientry_partial,76.08944270445232,0.050026119758295864,1.0
1703690100000.0,519315,1703690100000.0,0.05240932388692224,-0.003814954,1521.0428883923482,1521.238726364009,-14.3,1.3339,42.9,1.3302350123156,long_nclose,57.067082028339236,0.037518391140604686,3.0
1703690160000.0,519316,1703690160000.0,0.0,-0.0038029420000000006,1521.0390854503482,1520.918893422009,14.3,1.3297,57.2,1.3301012592366999,long_ientry_partial,76.08179202833924,0.050019616692369866,1.0
1703690400000.0,519320,1703690400000.0,0.05289199291519336,-0.0038146680000000007,1521.0881627752635,1521.1696187540092,-14.3,1.3338,42.9,1.3301012592366999,long_nclose,57.06134402125442,0.03751350212149739,4.0
1703690520000.0,519322,1703690520000.0,0.039576526167312505,-0.0028543320000000002,1521.124884969431,1521.2536444220093,-10.7,1.3338,32.2,1.3301012592366999,long_nclose,42.82926054742174,0.028156307855211015,2.0
1703691240000.0,519334,1703691240000.0,0.029589926106401876,-0.0021340800000000004,1521.1523408155374,1521.2007103420092,-8.0,1.3338,24.2,1.3301012592366999,long_nclose,32.188450473528135,0.02116056992442381,12.0
1703691300000.0,519335,1703691300000.0,0.022192444579801407,-0.0016005600000000002,1521.1729327001171,1521.2402497820092,-6.0,1.3338,18.2,1.3301012592366999,long_nclose,24.207842918107936,0.015913932201737545,1.0
1703691360000.0,519336,1703691360000.0,0.016644333434851055,-0.0012004200000000002,1521.188376613552,1521.2417893620093,-4.5,1.3338,13.7,1.3301012592366999,long_nclose,18.222387251542788,0.011979047126371822,1.0
1703691480000.0,519338,1703691480000.0,0.012575718595220798,-0.0009069840000000001,1521.2000453481471,1521.255652378009,-3.4,1.3338,10.3,1.3301012592366999,long_nclose,13.700042970138009,0.009006075836003916,2.0
1703691660000.0,519341,1703691660000.0,0.039435718595220104,-0.000912356,1521.2385687107424,1521.3275700220092,-3.4,1.3417,6.9,1.3301012592366999,long_nclose,9.17769868873323,0.006033043651076621,3.0
1703691900000.0,519345,1703691900000.0,0.026677103755590067,-0.000617182,1521.264628632498,1521.3156828400092,-2.3,1.3417,4.6,1.3301012592366999,long_nclose,6.118465792488819,0.004021960201617819,4.0
1703691960000.0,519346,1703691960000.0,0.017398111144950046,-0.00040251,1521.281624233643,1521.3178903300093,-1.5,1.3417,3.1,1.3301012592366999,long_nclose,4.12331390363377,0.0027104211593372268,1.0
1703693160000.0,519366,1703693160000.0,0.002589118534310164,-0.00018673200000000003,1521.2840266201774,1521.2878635980094,-0.7,1.3338,2.4,1.3301012592366999,long_nclose,3.1922430221680798,0.0020983872612271204,20.0
1703693220000.0,519367,1703693220000.0,0.0022192444579801408,-0.000160056,1521.2860858086356,1521.2925635420095,-0.6,1.3338,1.8,1.3301012592366999,long_nclose,2.3941822666260597,0.0015737883156628218,1.0
1703693340000.0,519369,1703693340000.0,0.0,-0.014743048,1521.2713427606357,1521.3180004940095,55.4,1.3306,57.2,1.3305843053605952,long_ientry_partial,76.10942226662605,0.050030142636165786,2.0
1703693820000.0,519377,1703693820000.0,0.05313443334348862,-0.0038160980000000004,1521.3206610959792,1521.3599443960097,-14.3,1.3343,42.9,1.3305843053605952,long_nclose,57.08206669996953,0.03752139056525195,8.0
1703693880000.0,519378,1703693880000.0,0.03975793264163134,-0.002855402,1521.3575636266207,1521.5416089940095,-10.7,1.3343,32.2,1.3305843053605952,long_nclose,42.84481463261117,0.028162225407732194,1.0
1703694120000.0,519382,1703694120000.0,0.12428793264163153,-0.002872308,1521.4789792512624,1521.6835666860097,-10.7,1.3422,21.5,1.3305843053605952,long_nclose,28.6075625652528,0.018802469804302464,4.0
1703694420000.0,519387,1703694420000.0,0.01969318158884543,-0.001414358,1521.4972580748513,1521.5525923280097,-5.3,1.3343,16.2,1.3305843053605952,long_nclose,21.55546574684164,0.01416727216065821,5.0
1703694480000.0,519388,1703694480000.0,0.014862778557619194,-0.00106744,1521.511053413409,1521.5698048880097,-4.0,1.3343,12.2,1.3305843053605952,long_nclose,16.233128525399263,0.010669083533097782,1.0
1703694960000.0,519396,1703694960000.0,0.046462778557619266,-0.00107376,1521.5564424319666,1521.6492311280097,-4.0,1.3422,8.2,1.3305843053605952,long_nclose,10.91079130395688,0.007170809442019589,8.0
1703695020000.0,519397,1703695020000.0,0.031362375526393,-0.0007247880000000002,1521.587080019493,1521.6586663400096,-2.7,1.3422,5.5,1.3305843053605952,long_nclose,7.318213679483274,0.004809592415433444,1.0
1703695260000.0,519401,1703695260000.0,0.02090825035092867,-0.000483192,1521.6075050778438,1521.6586231480096,-1.8,1.3422,3.7,1.3305843053605952,long_nclose,4.923161929834203,0.0032355005567499084,4.0
1703695440000.0,519404,1703695440000.0,0.01393883356728578,-0.00032212800000000003,1521.621121783411,1521.6476610200093,-1.2,1.3422,2.5,1.3305843053605952,long_nclose,3.326460763401488,0.002186129461388339,3.0
1703695860000.0,519411,1703695860000.0,0.0,-0.014538888000000002,1521.6065828954108,1521.5914921320093,54.6,1.3314,57.1,1.3313642865744566,long_ientry_partial,76.02090076340147,0.04996094366176046,7.0
1703695860000.0,519411,1703695860000.0,0.001761428055326064,-0.000160116,1521.6081842074661,1521.5932520160093,-0.6,1.3343,56.5,1.3313642865744566,long_nclose,75.22208219145679,0.04943590799009564,0.0
1703696100000.0,519415,1703696100000.0,0.05126355930016142,-0.0037647,1521.6556830667664,1521.8140773160094,-14.1,1.335,42.4,1.3313642865744566,long_nclose,56.44984575075696,0.037097647239740295,4.0
1703696220000.0,519417,1703696220000.0,0.0,-0.003914315999999999,1521.6517687507665,1521.6418630000096,14.7,1.3314,57.1,1.3313734807488082,long_ientry_partial,76.02142575075695,0.04995980506970291,2.0
1703699520000.0,519472,1703699520000.0,0.051496573366922545,-0.0037913999999999995,1521.6994739241334,1521.9537216000094,-14.2,1.335,42.9,1.3313734807488082,long_nclose,57.11592232412387,0.03753429852797036,55.0
1703700120000.0,519482,1703700120000.0,0.16625922529204182,-0.0038409800000000008,1521.8618921694256,1522.1944106200096,-14.3,1.343,28.6,1.3313734807488082,long_nclose,38.077281549415915,0.025020195160505968,10.0
1703700240000.0,519484,1703700240000.0,0.11045193288632149,-0.0025517,1521.969792402312,1522.2033189200097,-9.5,1.343,19.1,1.3313734807488082,long_nclose,25.42923348230224,0.016708106566401794,2.0
1703700900000.0,519495,1703700900000.0,0.017044640480601125,-0.0012549,1521.9855821427925,1522.0651640200097,-4.7,1.335,14.4,1.3313734807488082,long_nclose,19.17177812278284,0.012596556989581354,11.0
1703701140000.0,519499,1703701140000.0,0.013055469304290223,-0.0009612,1521.997676412097,1522.04224282001,-3.6,1.335,10.8,1.3313734807488082,long_nclose,14.37883359208713,0.009447342670051428,4.0
1703702160000.0,519516,1703702160000.0,0.04185546930429025,-0.0009669600000000001,1522.0385649214013,1522.12155586001,-3.6,1.343,7.2,1.3313734807488082,long_nclose,9.58588906139142,0.006298059249166554,17.0
1703702220000.0,519517,1703702220000.0,0.027903646202860167,-0.00064464,1522.0658239276042,1522.1221112200099,-2.4,1.343,4.8,1.3313734807488082,long_nclose,6.390592707594279,0.004198630970573742,1.0
1703702640000.0,519524,1703702640000.0,0.018602430801906777,-0.00042976,1522.083996598406,1522.1295214600098,-1.6,1.343,3.2,1.3313734807488082,long_nclose,4.260395138396187,0.0027990538944745705,7.0
1703703420000.0,519537,1703703420000.0,0.031242430801906806,-0.0004322880000000001,1522.114806741208,1522.1457291720099,-1.6,1.3509,1.6,1.3313734807488082,long_nclose,2.1301975691980934,0.0013994986184772543,13.0
1703703480000.0,519538,1703703480000.0,0.015621215400953403,-0.00021614400000000004,1522.1302118126089,1522.1467930280098,-0.8,1.3509,0.8,1.3313734807488082,long_nclose,1.0650987845990467,0.0006997422272636503,1.0
1703703780000.0,519543,1703703780000.0,0.007810607700476702,-0.00010807200000000002,1522.1379143483093,1522.1458849560097,-0.4,1.3509,0.4,1.3313734807488082,long_nclose,0.5325493922995234,0.00034986934316495885,5.0
1703704200000.0,519550,1703704200000.0,0.003905303850238351,-5.403600000000001e-05,1522.1417656161595,1522.1454509200098,-0.2,1.3509,0.2,1.3313734807488082,long_nclose,0.2662746961497617,0.00017493422896912251,7.0
1703704680000.0,519558,1703704680000.0,0.0019526519251191754,-2.7018000000000005e-05,1522.1436912500847,1522.1457639020098,-0.1,1.3509,0.1,1.3313734807488082,long_nclose,0.13313734807488084,8.746700383164199e-05,8.0
1703704980000.0,519563,1703704980000.0,0.0019526519251191754,-2.7018000000000005e-05,1522.1456168840098,1522.1456168840098,-0.1,1.3509,0.0,1.3313734807488082,long_nclose,0.0,0.0,5.0
1703716980000.0,519763,1703716980000.0,0.0,-0.015223025999999999,1522.1303938580097,1522.0848738580098,56.9,1.3377,56.9,1.3377,long_ientry_normal,76.11513,0.0500056567473682,200.0
1703717520000.0,519772,1703717520000.0,0.05254000000000052,-0.003809576,1522.1791242820095,1522.3371142820095,-14.2,1.3414,42.7,1.3377,long_nclose,57.11979,0.037525012062520964,9.0
1703717580000.0,519773,1703717580000.0,0.039220000000000386,-0.002843768,1522.2155005140096,1522.2508105140096,-10.6,1.3414,32.1,1.3377,long_nclose,42.940169999999995,0.028208995365965134,1.0
1703717640000.0,519774,1703717640000.0,0.0,-0.006634992,1522.2088655220095,1522.0438555220096,24.8,1.3377,56.9,1.3377,long_ientry_partial,76.11513,0.05000307889673071,1.0
1703718780000.0,519793,1703718780000.0,0.05254000000000052,-0.003809576,1522.2575959460094,1522.3942359460093,-14.2,1.3414,42.7,1.3377,long_nclose,57.11979,0.03752307766577628,19.0
1703718840000.0,519794,1703718840000.0,0.039220000000000386,-0.002843768,1522.2939721780094,1522.4384221780094,-10.6,1.3414,32.1,1.3377,long_nclose,42.940169999999995,0.028207541240253157,1.0
1703720700000.0,519825,1703720700000.0,0.12519000000000047,-0.002887716,1522.4162744620094,1522.6110144620093,-10.7,1.3494,21.4,1.3377,long_nclose,28.626779999999997,0.018803516804309067,31.0
1703721180000.0,519833,1703721180000.0,0.08307000000000031,-0.001916148,1522.4974283140093,1522.6661683140094,-7.1,1.3494,14.3,1.3377,long_nclose,19.12911,0.012564297084680983,8.0
1703721300000.0,519835,1703721300000.0,0.13916000000000042,-0.001927366,1522.6346609480092,1522.7829809480093,-7.1,1.3573,7.2,1.3377,long_nclose,9.63144,0.006325509491556798,2.0
1703722800000.0,519860,1703722800000.0,0.028080000000000105,-0.0006477119999999999,1522.6620932360092,1522.7278532360092,-2.4,1.3494,4.8,1.3377,long_nclose,6.420959999999999,0.004216930354097128,25.0
1703723280000.0,519868,1703723280000.0,0.047040000000000144,-0.000651504,1522.7084817320092,1522.7600817320092,-2.4,1.3573,2.4,1.3377,long_nclose,3.2104799999999996,0.0021084009437894705,8.0
1703723580000.0,519873,1703723580000.0,0.06624000000000016,-0.000655344,1522.7740663880093,1522.7740663880093,-2.4,1.3653,0.0,1.3377,long_nclose,0.0,0.0,5.0
1703726520000.0,519922,1703726520000.0,0.0,-0.015221264,1522.7588451240092,1522.9008451240093,56.8,1.3399,56.8,1.3399,long_ientry_normal,76.10632,0.049979233575755136,49.0
1703726640000.0,519924,1703726640000.0,0.05253999999999737,-0.0038158239999999993,1522.8075693000092,1522.982229300009,-14.2,1.3436,42.6,1.3399,long_nclose,57.07974000000001,0.03748322581968641,2.0
1703726700000.0,519925,1703726700000.0,0.0,-0.003805316,1522.8037639840093,1522.8321639840092,14.2,1.3399,56.8,1.3399000000000003,long_ientry_partial,76.10632000000001,0.04997775931475777,1.0
1703727120000.0,519932,1703727120000.0,0.05253999999999421,-0.0038158239999999993,1522.8524881600092,1523.0527081600092,-14.2,1.3436,42.6,1.3399000000000003,long_nclose,57.079740000000015,0.037482120194692506,7.0
1703728140000.0,519949,1703728140000.0,0.03921999999999568,-0.0028484319999999997,1522.888859728009,1522.988059728009,-10.6,1.3436,32.0,1.3399000000000003,long_nclose,42.87680000000001,0.028154910797402437,17.0
1703728200000.0,519950,1703728200000.0,0.02959999999999674,-0.00214976,1522.916309968009,1523.091509968009,-8.0,1.3436,24.0,1.3399000000000003,long_nclose,32.15760000000001,0.021115802483378437,1.0
1703728620000.0,519957,1703728620000.0,0.0,-0.008791056,1522.907518912009,1522.912318912009,32.8,1.3401,56.8,1.3400154929577468,long_ientry_partial,76.11288000000002,0.04997866190481242,7.0
1703730000000.0,519980,1703730000000.0,0.05231999999999393,-0.003816108,1522.956022804009,1523.1087228040092,-14.2,1.3437,42.6,1.3400154929577468,long_nclose,57.084660000000014,0.03748280261888186,23.0
1703730120000.0,519982,1703730120000.0,0.0,-0.0038056,1522.952217204009,1522.883397204009,14.2,1.34,56.8,1.3400116197183103,long_ientry_partial,76.11266000000002,0.049977050586482226,2.0
1703733900000.0,520045,1703733900000.0,0.05237499999999242,-0.003816108,1523.000776096009,1523.196241096009,-14.2,1.3437,42.6,1.3400116197183103,long_nclose,57.08449500000002,0.037481592850088896,63.0
1703734200000.0,520050,1703734200000.0,0.03909683098590983,-0.002848644,1523.037024282995,1523.046252452009,-10.6,1.3437,32.0,1.3400116197183103,long_nclose,42.88037183098593,0.02815451702572553,5.0
1703734260000.0,520051,1703734260000.0,0.0,-0.006669713999999999,1523.0303545689949,1522.9905127380089,24.9,1.3393,56.9,1.339700207925939,long_ientry_partial,76.22894183098593,0.050050835561027344,1.0
1703736960000.0,520096,1703736960000.0,0.05253704745166483,-0.0038152559999999995,1523.0790763604464,1523.3139174820087,-14.2,1.3434,42.7,1.339700207925939,long_nclose,57.2051988784376,0.037558915860846365,45.0
1703738280000.0,520118,1703738280000.0,0.0,-0.003803044,1523.0752733164463,1522.9927444380087,14.2,1.3391,56.9,1.339550419656197,long_ientry_partial,76.2204188784376,0.05004376357083793,22.0
1703746500000.0,520255,1703746500000.0,0.0,-0.020911040000000002,1523.0543622764462,1520.3661533980087,80.8,1.294,137.7,1.312822214077252,long_rentry,180.7756188784376,0.11869282105481761,137.0
1703760000000.0,520480,1703760000000.0,0.12307583574252891,-0.009056832,1523.168381280189,1523.4449965660087,-34.4,1.3164,103.3,1.312822214077252,long_nclose,135.61453471418014,0.08903449965275616,225.0
1703760120000.0,520482,1703760120000.0,0.09230687680689668,-0.0067926240000000014,1523.2538955329958,1523.6086739420086,-25.8,1.3164,77.5,1.312822214077252,long_nclose,101.74372159098704,0.0667936723413967,2.0
1703760300000.0,520485,1703760300000.0,0.06905126830903512,-0.005081304,1523.3178654973049,1523.5901126380088,-19.3,1.3164,58.2,1.312822214077252,long_nclose,76.40625285929607,0.05015778688734302,3.0
1703760600000.0,520490,1703760600000.0,0.05187789587984504,-0.0038175600000000007,1523.3659258331847,1523.5397550780087,-14.5,1.3164,43.7,1.312822214077252,long_nclose,57.37033075517592,0.03766024287552446,5.0
1703761020000.0,520497,1703761020000.0,0.0,-0.0037560380000000006,1523.3621697951849,1523.348249040009,14.3,1.3133,58.0,1.3129400130202744,long_ientry_partial,76.15052075517592,0.04998845465974405,7.0
1703761380000.0,520503,1703761380000.0,0.053069811206020945,-0.00381814,1523.411421466391,1523.588030900009,-14.5,1.3166,43.5,1.3129400130202744,long_nclose,57.112890566381935,0.03749012890516913,6.0
1703761680000.0,520508,1703761680000.0,0.03952785938103629,-0.0028438560000000005,1523.448105469772,1523.6495370440089,-10.8,1.3166,32.7,1.3129400130202744,long_nclose,42.93313842576298,0.028181556215545703,5.0
1703762340000.0,520519,1703762340000.0,0.029645894535777217,-0.002132892,1523.4756184723078,1523.580414152009,-8.1,1.3166,24.6,1.3129400130202744,long_nclose,32.298324320298754,0.021200420885426754,11.0
1703763300000.0,520535,1703763300000.0,0.09397189323375,-0.002172016,1523.5674183495416,1523.750442136009,-8.2,1.3244,16.4,1.3129400130202744,long_nclose,21.5322162135325,0.014132762327549663,16.0
1703763420000.0,520537,1703763420000.0,0.061883929690518306,-0.0014303520000000002,1523.6278719272323,1523.7627317840092,-5.4,1.3244,11.0,1.3129400130202744,long_nclose,14.442340143223019,0.009478915691503428,2.0
1703763900000.0,520545,1703763900000.0,0.041255953127012204,-0.0009535680000000001,1523.6681743123593,1523.7403982160092,-3.6,1.3244,7.4,1.3129400130202744,long_nclose,9.715756096350031,0.006376556431478141,8.0
1703763960000.0,520546,1703763960000.0,0.02750396875134147,-0.0006357120000000001,1523.6950425691105,1523.7543425040092,-2.4,1.3244,5.0,1.3129400130202744,long_nclose,6.564700065101372,0.004308408101159531,1.0
1703764140000.0,520549,1703764140000.0,0.018335979167560978,-0.000423808,1523.712954740278,1523.7491986960092,-1.6,1.3244,3.4,1.3129400130202744,long_nclose,4.463996044268933,0.002929683068179883,3.0
1703764740000.0,520559,1703764740000.0,0.012605985677698174,-0.000291368,1523.7252693579558,1523.7523173280092,-1.1,1.3244,2.3,1.3129400130202744,long_nclose,3.019762029946631,0.001981828411376975,10.0
1703764860000.0,520561,1703764860000.0,0.008021990885807928,-0.000185416,1523.7331059328415,1523.7528819120091,-0.7,1.3244,1.6,1.3129400130202744,long_nclose,2.1007040208324392,0.0013786561522179251,2.0
1703765100000.0,520565,1703765100000.0,0.005729993489862806,-0.00013244,1523.7387034863314,1523.7517494720091,-0.5,1.3244,1.1,1.3129400130202744,long_nclose,1.444234014322302,0.0009478226227488206,4.0
1703765520000.0,520572,1703765520000.0,0.00962999348986282,-0.00013322,1523.7482002598213,1523.759516252009,-0.5,1.3322,0.6,1.3129400130202744,long_nclose,0.7877640078121646,0.0005169909356925504,7.0
1703765580000.0,520573,1703765580000.0,0.005777996093917692,-7.9932e-05,1523.753898323915,1523.759376320009,-0.3,1.3322,0.3,1.3129400130202744,long_nclose,0.3938820039060823,0.00025849450120478184,1.0
1703765700000.0,520575,1703765700000.0,0.0019259986979725642,-2.6644e-05,1523.7557976786131,1523.759949676009,-0.1,1.3322,0.2,1.3129400130202744,long_nclose,0.2625880026040549,0.00017232945266170487,2.0
1703766180000.0,520583,1703766180000.0,0.0,-0.015179716,1523.7406179626132,1523.735319960009,57.7,1.3154,57.9,1.3153915026356486,long_ientry_partial,76.16116800260406,0.0499830267072875,8.0
1703770260000.0,520651,1703770260000.0,0.05196236204665894,-0.0037987200000000002,1523.7887816046598,1523.884851240009,-14.4,1.319,43.5,1.3153915026356486,long_nclose,57.219530364650716,0.03755082794637352,68.0
1703770320000.0,520652,1703770320000.0,0.038971771534994204,-0.00284904,1523.8249043361948,1523.913472200009,-10.8,1.319,32.7,1.3153915026356486,long_nclose,43.013302136185715,0.02822719461651211,1.0
1703770380000.0,520653,1703770380000.0,0.029228828651245653,-0.00213678,1523.851996384846,1523.938305420009,-8.1,1.319,24.6,1.3153915026356486,long_nclose,32.358630964836955,0.02123475970212585,1.0
1703770560000.0,520656,1703770560000.0,0.0,-0.008793750000000001,1523.843202634846,1523.737211670009,33.5,1.3125,58.1,1.3137242851090698,long_ientry_partial,76.32738096483696,0.05008873671048363,3.0
1703771100000.0,520665,1703771100000.0,0.05184786591848667,-0.00382017,1523.8912303307645,1524.156131500009,-14.5,1.3173,43.6,1.3137242851090698,long_nclose,57.27837883075544,0.03758692070058243,9.0
1703771160000.0,520666,1703771160000.0,0.16639786591848693,-0.00384308,1524.053785116683,1524.571058420009,-14.5,1.3252,29.1,1.3137242851090698,long_nclose,38.22937669667393,0.025084007579002244,1.0
1703771220000.0,520667,1703771220000.0,0.27949786591848735,-0.0038656999999999997,1524.3294172826015,1524.581642720009,-14.5,1.333,14.6,1.3137242851090698,long_nclose,19.18037456259242,0.012582827796359776,1.0
1703771280000.0,520668,1703771280000.0,0.14071271870379018,-0.00194618,1524.4681838213053,1524.609626540009,-7.3,1.333,7.3,1.3137242851090698,long_nclose,9.59018728129621,0.006290841214709372,1.0
1703771400000.0,520670,1703771400000.0,0.06939257360734859,-0.00095976,1524.5366166349127,1524.599056780009,-3.6,1.333,3.7,1.3137242851090698,long_nclose,4.860779854903559,0.0031883654363334918,2.0
1703771520000.0,520672,1703771520000.0,0.034696286803674294,-0.00047988,1524.5708330417162,1524.625506900009,-1.8,1.333,1.9,1.3137242851090698,long_nclose,2.4960761417072326,0.0016372319918565132,2.0
1703771520000.0,520672,1703771520000.0,0.05144385829276736,-0.000509504,1524.6217673960089,1524.6217673960089,-1.9,1.3408,0.0,1.3137242851090698,long_nclose,0.0,0.0,0.0
1703772360000.0,520686,1703772360000.0,0.0,-0.01524356,1524.6065238360088,1524.1135238360089,58.0,1.3141,58.0,1.3141,long_ientry_normal,76.2178,0.049991783983864294,14.0
1703776380000.0,520753,1703776380000.0,0.05220000000000069,-0.0038213300000000004,1524.654902506009,1524.911552506009,-14.5,1.3177,43.5,1.3141,long_nclose,57.16335,0.03749264827472964,67.0
1703776440000.0,520754,1703776440000.0,0.16674999999999773,-0.00384424,1524.817808266009,1525.102008266009,-14.5,1.3256,29.0,1.3141,long_nclose,38.1089,0.024992428468117542,1.0
1703776620000.0,520757,1703776620000.0,0.025920000000000342,-0.0018974880000000003,1524.8418307780091,1525.0423907780091,-7.2,1.3177,21.8,1.3141,long_nclose,28.647380000000002,0.018787115766219147,3.0
1703776680000.0,520758,1703776680000.0,0.08279999999999887,-0.001908864,1524.9227219140091,1525.054121914009,-7.2,1.3256,14.6,1.3141,long_nclose,19.18586,0.01258152936164453,1.0
1703776740000.0,520759,1703776740000.0,0.05519999999999925,-0.001272576,1524.976649338009,1525.082489338009,-4.8,1.3256,9.8,1.3141,long_nclose,12.878180000000002,0.008444837503308924,1.0
1703776800000.0,520760,1703776800000.0,0.0367999999999995,-0.000848384,1525.0126009540093,1525.1096209540092,-3.2,1.3256,6.6,1.3141,long_nclose,8.67306,0.005687205466088839,1.0
1703777220000.0,520767,1703777220000.0,0.0,-0.013521264,1524.9990796900092,1524.8045596900092,51.6,1.3102,58.2,1.310642268041237,long_ientry_partial,76.27938,0.050019295759513194,7.0
1703779980000.0,520813,1703779980000.0,0.05303711340206285,-0.00381147,1525.0483053334112,1525.2518482200092,-14.5,1.3143,43.7,1.310642268041237,long_nclose,57.275067113402066,0.037556231440734854,46.0
1703780160000.0,520816,1703780160000.0,0.039869278350516214,-0.0028651740000000003,1525.085309437762,1525.3824030460094,-10.9,1.3143,32.8,1.310642268041237,long_nclose,42.98906639175257,0.028187974879648487,3.0
1703780280000.0,520818,1703780280000.0,0.12488927835051654,-0.002882178,1525.2073165381125,1525.3377908680095,-10.9,1.3221,21.9,1.310642268041237,long_nclose,28.70306567010309,0.018819124035709966,2.0
1703780400000.0,520820,1703780400000.0,0.01975175257731996,-0.0014194440000000002,1525.2256488466899,1525.3751014240095,-5.4,1.3143,16.5,1.310642268041237,long_nclose,21.62559742268041,0.014178621661019639,2.0
1703780640000.0,520824,1703780640000.0,0.014996701030928115,-0.001077726,1525.2395678217208,1525.2452436980095,-4.1,1.3143,12.4,1.310642268041237,long_nclose,16.25196412371134,0.010655351766753383,4.0
1703780700000.0,520825,1703780700000.0,0.011338969072165162,-0.000814866,1525.250091924793,1525.2989888320094,-3.1,1.3143,9.3,1.310642268041237,long_nclose,12.188973092783506,0.007991458684261807,1.0
1703780820000.0,520827,1703780820000.0,0.0,-0.012830159999999998,1525.237261764793,1525.1772086720096,49.0,1.3092,58.3,1.3094300702021184,long_ientry_partial,76.3397730927835,0.05005108058037719,2.0
1703781060000.0,520831,1703781060000.0,0.0517639820692819,-0.0038077,1525.2852180468624,1525.4853809720096,-14.5,1.313,43.8,1.3094300702021184,long_nclose,57.353037074852786,0.037601516356589176,4.0
1703781240000.0,520834,1703781240000.0,0.16600097504907046,-0.0038567360000000004,1525.4473622859114,1525.7939642360095,-14.6,1.3208,29.2,1.3094300702021184,long_nclose,38.235358049901855,0.025065013054665783,3.0
1703781420000.0,520837,1703781420000.0,0.11028831903945092,-0.002562352,1525.5550882529508,1525.8002018840095,-9.7,1.3208,19.5,1.3094300702021184,long_nclose,25.53388636894131,0.016737439746068065,3.0
1703781660000.0,520841,1703781660000.0,0.1859483190394512,-0.0025774839999999997,1525.7384590879901,1525.9439644000095,-9.7,1.3286,9.8,1.3094300702021184,long_nclose,12.832414687980762,0.008410625432914194,4.0
1703782080000.0,520848,1703782080000.0,0.2643053120192397,-0.0026193440000000004,1526.0001450560092,1526.0001450560092,-9.8,1.3364,0.0,1.3094300702021184,long_nclose,0.0,0.0,7.0
1703802300000.0,521185,1703802300000.0,0.0,-0.015256620000000002,1525.9848884360092,1525.9848884360092,57.0,1.3383,57.0,1.3383,long_ientry_normal,76.2831,0.04998942032655579,337.0
1703802540000.0,521189,1703802540000.0,0.05254000000000052,-0.0038112800000000002,1526.033617156009,1526.140617156009,-14.2,1.342,42.8,1.3383,long_nclose,57.27924,0.03753471703116763,4.0
1703802660000.0,521191,1703802660000.0,0.03959000000000039,-0.00287188,1526.0703352760092,1526.1762652760092,-10.7,1.342,32.1,1.3383,long_nclose,42.959430000000005,0.028150360443400038,2.0
1703802720000.0,521192,1703802720000.0,0.029600000000000293,-0.0021472,1526.0977880760092,1526.2592580760092,-8.0,1.342,24.1,1.3383,long_nclose,32.25303,0.02113431409966345,1.0
1703803080000.0,521198,1703803080000.0,0.09360000000000035,-0.0021600000000000005,1526.1892280760092,1526.393698076009,-8.0,1.35,16.1,1.3383,long_nclose,21.546630000000004,0.014117928238271455,6.0
1703803740000.0,521209,1703803740000.0,0.06201000000000023,-0.0014310000000000002,1526.2498070760093,1526.3837270760093,-5.3,1.35,10.8,1.3383,long_nclose,14.453640000000002,0.009470035595084069,11.0
1703804100000.0,521215,1703804100000.0,0.10584000000000034,-0.0014665320000000002,1526.3541805440093,1526.4929605440093,-5.4,1.3579,5.4,1.3383,long_nclose,7.226820000000001,0.004734694012777744,6.0
1703804100000.0,521215,1703804100000.0,0.14903999999999917,-0.001475172,1526.5017453720093,1526.5017453720093,-5.4,1.3659,0.0,1.3383,long_nclose,0.0,0.0,0.0
1703807520000.0,521272,1703807520000.0,0.0,-0.015271439999999999,1526.4864739320092,1526.5035739320092,57.0,1.3396,57.0,1.3396,long_ientry_normal,76.35719999999999,0.05002153723859396,57.0
1703811600000.0,521340,1703811600000.0,0.0,-0.020962800000000004,1526.4655111320092,1523.7559111320093,81.0,1.294,138.0,1.3128347826086957,long_rentry,181.1712,0.11868673001700873,68.0
1703813100000.0,521365,1703813100000.0,0.0,-0.04958799999999999,1526.415923132009,1519.9483231320091,196.0,1.265,334.0,1.2847640718562874,long_rentry,429.1112,0.28112337764370215,25.0
1703818200000.0,521450,1703818200000.0,0.2952500000000037,-0.02151461,1526.689658522009,1528.176608522009,-83.5,1.2883,250.5,1.2847640718562874,long_nclose,321.8334,0.2108047291756515,85.0
1703818440000.0,521454,1703818440000.0,0.938200000000007,-0.0216432,1527.6062153220091,1529.6830153220092,-83.5,1.296,167.0,1.2847640718562874,long_nclose,214.5556,0.1404521648629016,4.0
1703818620000.0,521457,1703818620000.0,0.6247176047904238,-0.014411520000000002,1528.2165214067995,1529.6241638020092,-55.6,1.296,111.4,1.2847640718562874,long_nclose,143.1227176047904,0.09365342907891011,3.0
1703818800000.0,521460,1703818800000.0,0.4168529341317397,-0.009616320000000001,1528.6237580209313,1529.636907482009,-37.1,1.296,74.3,1.2847640718562874,long_nclose,95.45797053892215,0.06244700178054871,3.0
1703819220000.0,521467,1703819220000.0,0.2775274251497027,-0.006402240000000001,1528.894883206081,1529.4571452420091,-24.7,1.296,49.6,1.2847640718562874,long_nclose,63.72429796407186,0.041679973335016,7.0
1703820000000.0,521480,1703820000000.0,0.18539281437125887,-0.0042768,1529.075999220452,1529.494248442009,-16.5,1.296,33.1,1.2847640718562874,long_nclose,42.52569077844311,0.027811365033604218,13.0
1703820060000.0,521481,1703820060000.0,0.0,-0.006694584000000001,1529.0693046364522,1529.4522138580091,25.8,1.2974,58.9,1.2902989945406302,long_ientry_partial,75.99861077844312,0.049702528556423,1.0
1703820600000.0,521490,1703820600000.0,0.2195397070036493,-0.0051018800000000005,1529.2837424634558,1529.739661978009,-19.6,1.3015,39.3,1.2902989945406302,long_nclose,50.708750485446764,0.03315849706462077,9.0
1703820660000.0,521491,1703820660000.0,0.0,-0.005051372,1529.2786910914558,1529.664170606009,19.4,1.3019,58.7,1.2941330576737098,long_ientry_partial,75.96561048544677,0.049674144371441964,1.0
1703820900000.0,521495,1703820900000.0,0.2197053753626571,-0.00509106,1529.4933054068185,1529.9428095460091,-19.5,1.3054,39.2,1.2941330576737098,long_nclose,50.73001586080943,0.033167857408382795,4.0
1703821260000.0,521501,1703821260000.0,0.0,-0.005030784,1529.4882746228186,1530.084978762009,19.2,1.3101,58.4,1.2993824633700244,long_ientry_partial,75.88393586080942,0.04961393762859861,6.0
1703821320000.0,521502,1703821320000.0,0.2195602106215264,-0.005085516,1529.70274931744,1530.1363332460091,-19.4,1.3107,39.0,1.2993824633700244,long_nclose,50.675916071430954,0.03312794991971006,1.0
1703821380000.0,521503,1703821380000.0,0.0,-0.00508474,1529.69766457744,1530.084528506009,19.4,1.3105,58.4,1.3030756176614888,long_ientry_partial,76.09961607143094,0.04974814163192994,1.0
1703860920000.0,522162,1703860920000.0,0.052915982142262716,-0.003815564,1529.7467649955822,1529.9142729420091,-14.6,1.3067,43.8,1.3030756176614888,long_nclose,57.07471205357321,0.03730990864604838,659.0
1703861640000.0,522174,1703861640000.0,0.039505767489771484,-0.0028486060000000005,1529.783422157072,1529.882924336009,-10.9,1.3067,32.9,1.3030756176614888,long_nclose,42.87118782106298,0.02802435115986055,12.0
1703861700000.0,522175,1703861700000.0,0.029719935175791388,-0.0021429879999999998,1529.8109991042477,1529.937571348009,-8.2,1.3067,24.7,1.3030756176614888,long_nclose,32.185967756238774,0.021039179202584284,1.0
1703863020000.0,522197,1703863020000.0,0.0,-0.008897216,1529.8021018882478,1529.688194132009,34.4,1.2932,59.1,1.2973273732020096,long_ientry_partial,76.67204775623877,0.050118932155735575,22.0
1703869620000.0,522307,1703869620000.0,0.0,-0.021053760000000005,1529.7810481282477,1528.3465403720088,84.0,1.2532,143.1,1.2714245126222137,long_rentry,181.94084775623878,0.11893260671443875,110.0
1703874660000.0,522391,1703874660000.0,0.124074899386969,-0.009102786000000002,1529.8960202416345,1530.2907675860088,-35.7,1.2749,107.4,1.2714245126222137,long_nclose,136.55099265562575,0.08925508063878658,84.0
1703875020000.0,522397,1703875020000.0,0.09314306172467139,-0.006833464,1529.9823298393592,1530.2221541220088,-26.8,1.2749,80.6,1.2714245126222137,long_nclose,102.47681571735042,0.06697908447616516,6.0
1703875140000.0,522399,1703875140000.0,0.06985729629350355,-0.005125098,1530.0470620376527,1530.2452290240087,-20.1,1.2749,60.5,1.2714245126222137,long_nclose,76.92118301364393,0.05027373662036481,2.0
1703875200000.0,522400,1703875200000.0,0.05247985940457232,-0.003850198,1530.0956916990574,1530.239858826009,-15.1,1.2749,45.4,1.2714245126222137,long_nclose,57.7226728730485,0.0377248777224853,1.0
1703875260000.0,522401,1703875260000.0,0.039273007368984585,-0.0028812740000000005,1530.1320834324265,1530.260827552009,-11.3,1.2749,34.1,1.2714245126222137,long_nclose,43.35557588041749,0.028334531606684105,1.0
1703875620000.0,522407,1703875620000.0,0.0,-0.006589319999999999,1530.1254941124264,1530.303638232009,25.8,1.277,59.9,1.2738259746313436,long_ientry_partial,76.30217588041748,0.04986661301573683,6.0
1703875680000.0,522408,1703875680000.0,0.05176297799298164,-0.0038063540000000005,1530.1734507364192,1530.2577818780087,-14.9,1.2773,45.0,1.2738259746313436,long_nclose,57.322168858410464,0.03746122299457182,1.0
1703875740000.0,522409,1703875740000.0,0.03890908412895264,-0.002861152,1530.2094986685483,1530.343820726009,-11.2,1.2773,33.8,1.2738259746313436,long_nclose,43.05531794253941,0.02813687797651387,1.0
1703875800000.0,522410,1703875800000.0,0.0,-0.006670116,1530.2028285525485,1530.349130610009,26.1,1.2778,59.9,1.2755575616450654,long_ientry_partial,76.40589794253941,0.04993187603424664,1.0
1703895660000.0,522741,1703895660000.0,0.05278233148852416,-0.003811718,1530.251799166037,1530.3842088920092,-14.9,1.2791,45.0,1.2755575616450654,long_nclose,57.400090274027946,0.03751022564084557,331.0
1703895720000.0,522742,1703895720000.0,0.03967530957526648,-0.002865184,1530.2886092916121,1530.425243708009,-11.2,1.2791,33.8,1.2755575616450654,long_nclose,43.11384558360321,0.0281736695430028,1.0
1703896020000.0,522747,1703896020000.0,0.029756482181449863,-0.002148888,1530.3162168857937,1530.439214820009,-8.4,1.2791,25.4,1.2755575616450654,long_nclose,32.39916206578466,0.021171547232059804,5.0
1703897520000.0,522772,1703897520000.0,0.022317361636087395,-0.001611666,1530.33692258143,1530.4389631540091,-6.3,1.2791,19.1,1.2755575616450654,long_nclose,24.36314942742075,0.015920121293501874,25.0
1703898300000.0,522785,1703898300000.0,0.016649460268192185,-0.0012023539999999999,1530.352369687698,1530.404820800009,-4.7,1.2791,14.4,1.2755575616450654,long_nclose,18.368028887688943,0.01200248338324679,13.0
1703898480000.0,522788,1703898480000.0,0.012752778077764227,-0.000920952,1530.364201513776,1530.4121798480091,-3.6,1.2791,10.8,1.2755575616450654,long_nclose,13.776021665766708,0.009001792940621593,3.0
1703898660000.0,522791,1703898660000.0,0.040112778077764415,-0.0009264239999999999,1530.4033878678538,1530.4893734240093,-3.6,1.2867,7.2,1.2755575616450654,long_nclose,9.184014443844472,0.0060010416316704385,3.0
1703898840000.0,522794,1703898840000.0,0.02674185205184294,-0.000617616,1530.4295121039056,1530.4853958080093,-2.4,1.2867,4.8,1.2755575616450654,long_nclose,6.122676295896314,0.004000626129771488,3.0
1703899140000.0,522799,1703899140000.0,0.04498185205184306,-0.000621264,1530.4738726919575,1530.5330145440093,-2.4,1.2943,2.4,1.2755575616450654,long_nclose,3.061338147948157,0.0020002550860692284,5.0
1703899500000.0,522805,1703899500000.0,0.06322185205184318,-0.000624912,1530.5364696320094,1530.5364696320094,-2.4,1.3019,0.0,1.2755575616450654,long_nclose,0.0,0.0,6.0
1703926080000.0,523248,1703926080000.0,0.0,-0.015297750000000002,1530.5211718820094,1530.4977718820094,58.5,1.3075,58.5,1.3075,long_ientry_normal,76.48875000000001,0.04997562360143337,443.0
1703976120000.0,524082,1703976120000.0,0.0,-0.020991059999999995,1530.5001808220095,1528.2367708220095,83.1,1.263,141.6,1.2813845338983052,long_rentry,181.44405,0.11855212581716196,834.0
1704016200000.0,524750,1704016200000.0,0.12444749999999347,-0.009097092,1530.6155312300095,1531.2225137300095,-35.4,1.2849,106.2,1.2813845338983052,long_nclose,136.08303750000002,0.08890739360957815,668.0
1704016680000.0,524758,1704016680000.0,0.09315985169491037,-0.00680997,1530.7018811117046,1530.9900337600095,-26.5,1.2849,79.7,1.2813845338983052,long_nclose,102.12634735169493,0.06671863973768917,8.0
1704016860000.0,524761,1704016860000.0,0.06995777542372514,-0.005113902,1530.7667249851283,1530.9350898580096,-19.9,1.2849,59.8,1.2813845338983052,long_nclose,76.62679512711864,0.05005778730123826,3.0
1704017040000.0,524764,1704017040000.0,0.05238044491525149,-0.003829002,1530.8152764280437,1530.96863085601,-14.9,1.2849,44.9,1.2813845338983052,long_nclose,57.5341655720339,0.037584002758505465,3.0
1704017100000.0,524765,1704017100000.0,0.03937322033898098,-0.0028781759999999997,1530.8517714723828,1530.98709268001,-11.2,1.2849,33.7,1.2813845338983052,long_nclose,43.18265879237289,0.028208256081409856,1.0
1704017940000.0,524779,1704017940000.0,0.02952991525423574,-0.002158632,1530.879142755637,1530.97820404801,-8.4,1.2849,25.3,1.2813845338983052,long_nclose,32.41902870762712,0.02117673943174359,14.0
1704020280000.0,524818,1704020280000.0,0.022147436440676804,-0.0016189739999999998,1530.8996712180779,1530.99496507401,-6.3,1.2849,19.0,1.2813845338983052,long_nclose,24.3463061440678,0.01590326694935951,39.0
1704020460000.0,524821,1704020460000.0,0.016522690677965236,-0.001207806,1530.9149861027558,1530.96954726801,-4.7,1.2849,14.3,1.2813845338983052,long_nclose,18.323798834745766,0.011969181176671728,3.0
1704020640000.0,524824,1704020640000.0,0.012304131355931558,-0.00089943,1530.9263908041119,1531.0043178380101,-3.5,1.2849,10.8,1.2813845338983052,long_nclose,13.838952966101697,0.009039593966913622,3.0
1704021960000.0,524846,1704021960000.0,0.009491758474575774,-0.000693846,1530.9351887165863,1530.96852399201,-2.7,1.2849,8.1,1.2813845338983052,long_nclose,10.379214724576272,0.006779656513922955,22.0
1704022440000.0,524854,1704022440000.0,0.007030932203389462,-0.00051396,1530.9417056887896,1530.96925003201,-2.0,1.2849,6.1,1.2813845338983052,long_nclose,7.816445656779662,0.0051056455172229735,8.0
1704024900000.0,524895,1704024900000.0,0.005273199152542096,-0.00038547,1530.946593417942,1530.9632245620098,-1.5,1.2849,4.6,1.2813845338983052,long_nclose,5.894368855932203,0.003850146622536731,41.0
1704025980000.0,524913,1704025980000.0,0.016823199152542156,-0.00038778,1530.9630288370945,1530.9950067820098,-1.5,1.2926,3.1,1.2813845338983052,long_nclose,3.972292055084746,0.0025946361736129335,18.0
1704026820000.0,524927,1704026820000.0,0.0024608262711863114,-0.00017988599999999998,1530.9653097773655,1530.9730268960095,-0.7,1.2849,2.4,1.2813845338983052,long_nclose,3.0753228813559326,0.0020087475932443885,14.0
1704027360000.0,524936,1704027360000.0,0.0,-0.014707758,1530.9506020193655,1531.0561791380096,57.9,1.2701,60.3,1.2705491356775447,long_ientry_partial,76.61411288135594,0.05004349113570342,9.0
1704027420000.0,524937,1704027420000.0,0.05326296483682991,-0.0038223000000000003,1531.0000426842025,1531.1971368380098,-15.0,1.2741,45.3,1.2705491356775447,long_nclose,57.55587584619277,0.03759364744711816,1.0
1704027780000.0,524943,1704027780000.0,0.16686805126907636,-0.0038704320000000005,1531.1630403034717,1531.46959640601,-15.1,1.2816,30.2,1.2705491356775447,long_nclose,38.37058389746185,0.02505976364859024,6.0
1704027960000.0,524946,1704027960000.0,0.026631482418414953,-0.0019111500000000001,1531.18776063589,1531.3750552560098,-7.5,1.2741,22.7,1.2705491356775447,long_nclose,28.841465379880262,0.018836008307630825,3.0
1704028080000.0,524948,1704028080000.0,0.08288148241841542,-0.0019224,1531.2687197183084,1531.4610128560098,-7.5,1.2816,15.2,1.2705491356775447,long_nclose,19.31234686229868,0.012611990706537367,2.0
1704028500000.0,524955,1704028500000.0,0.14174656885065964,-0.001959584,1531.4085067031592,1531.5464532720098,-7.6,1.2892,7.6,1.2705491356775447,long_nclose,9.65617343114934,0.006305419741945475,7.0
1704028560000.0,524956,1704028560000.0,0.07087328442532982,-0.000979792,1531.4784001955845,1531.5504134800099,-3.8,1.2892,3.8,1.2705491356775447,long_nclose,4.82808671557467,0.003152565987844214,1.0
1704028800000.0,524960,1704028800000.0,0.03543664221266491,-0.000489896,1531.5133469417972,1531.5491635840099,-1.9,1.2892,1.9,1.2705491356775447,long_nclose,2.414043357787335,0.0015762470256023677,4.0
1704028980000.0,524963,1704028980000.0,0.016785777890209696,-0.00023205600000000002,1531.5299006636874,1531.5490515280098,-0.9,1.2892,1.0,1.2705491356775447,long_nclose,1.2705491356775447,0.0008295947308158679,3.0
1704030480000.0,524988,1704030480000.0,0.0033152592967366167,-7.6896e-05,1531.533139026984,1531.5411546320097,-0.3,1.2816,0.7,1.2705491356775447,long_nclose,0.8893843949742812,0.0005807150836705541,25.0
1704030780000.0,524993,1704030780000.0,0.002210172864491078,-5.126400000000001e-05,1531.5352979358486,1531.5409733680099,-0.2,1.2816,0.5,1.2705491356775447,long_nclose,0.6352745678387723,0.00041479590362362127,5.0
1704032580000.0,525023,1704032580000.0,0.001105086432245539,-2.5632000000000005e-05,1531.536377390281,1531.5408777360099,-0.1,1.2816,0.4,1.2705491356775447,long_nclose,0.5082196542710179,0.00033183648901439605,30.0
1704035640000.0,525074,1704035640000.0,0.0037301728644910438,-5.1568000000000005e-05,1531.5400559951454,1531.54390616801,-0.2,1.2892,0.2,1.2705491356775447,long_nclose,0.25410982713550895,0.00016591784598829612,51.0
1704035760000.0,525076,1704035760000.0,0.0018650864322455219,-2.5784000000000003e-05,1531.5418952975776,1531.5438403840099,-0.1,1.2892,0.1,1.2705491356775447,long_nclose,0.12705491356775447,8.295882336478153e-05,2.0
1704036240000.0,525084,1704036240000.0,0.0018650864322455219,-2.5784000000000003e-05,1531.5437346000099,1531.5437346000099,-0.1,1.2892,0.0,1.2705491356775447,long_nclose,0.0,0.0,8.0
1704053700000.0,525375,1704053700000.0,0.0,-0.015324816,1531.52840978401,1531.71409978401,59.9,1.2792,59.9,1.2792,long_ientry_normal,76.62407999999999,0.050031118920481676,291.0
1704053820000.0,525377,1704053820000.0,0.052150000000000876,-0.003822446,1531.57673733801,1531.7927373380098,-14.9,1.2827,45.0,1.2792,long_nclose,57.56399999999999,0.037584796501969824,2.0
1704054300000.0,525385,1704054300000.0,0.16800000000000148,-0.0038712000000000004,1531.7408661380098,1532.1488661380097,-15.0,1.2904,30.0,1.2792,long_nclose,38.376,0.025053846148766473,8.0
1704054540000.0,525389,1704054540000.0,0.11200000000000099,-0.0025808000000000003,1531.8502853380098,1532.0702853380099,-10.0,1.2904,20.0,1.2792,long_nclose,25.583999999999996,0.016701371044465202,4.0
1704054600000.0,525390,1704054600000.0,0.07392000000000065,-0.0017033279999999998,1531.9225020100098,1532.0886620100098,-6.6,1.2904,13.4,1.2792,long_nclose,17.14128,0.011189391093550237,1.0
1704055740000.0,525409,1704055740000.0,0.011550000000000192,-0.0008465819999999999,1531.9332054280098,1531.98774542801,-3.3,1.2827,10.1,1.2792,long_nclose,12.919919999999998,0.00843373585364009,19.0
1704056820000.0,525427,1704056820000.0,0.036960000000000326,-0.0008516639999999999,1531.9693137640097,1532.0400337640096,-3.3,1.2904,6.8,1.2792,long_nclose,8.698559999999999,0.005678024959016873,18.0
1704056880000.0,525428,1704056880000.0,0.02464000000000022,-0.0005677760000000001,1531.9933859880098,1532.0439859880098,-2.2,1.2904,4.6,1.2792,long_nclose,5.884319999999999,0.003840956530112626,1.0
1704057000000.0,525430,1704057000000.0,0.016800000000000148,-0.00038712,1532.00979886801,1532.04699886801,-1.5,1.2904,3.1,1.2792,long_nclose,3.9655199999999997,0.0025884429740136725,2.0
1704057480000.0,525438,1704057480000.0,0.028200000000000225,-0.00038940000000000003,1532.03760946801,1532.0680094680101,-1.5,1.298,1.6,1.2792,long_nclose,2.04672,0.0013359463157766147,8.0
1704060000000.0,525480,1704060000000.0,0.0014000000000000236,-0.000102616,1532.03890685201,1532.0427468520102,-0.4,1.2827,1.2,1.2792,long_nclose,1.5350399999999997,0.0010019588883379968,42.0
1704060060000.0,525481,1704060060000.0,0.0010500000000000175,-7.6962e-05,1532.03987989001,1532.04320989001,-0.3,1.2827,0.9,1.2792,long_nclose,1.1512799999999999,0.0007514686889760688,1.0
1704060180000.0,525483,1704060180000.0,0.0007000000000000118,-5.1308e-05,1532.0405285820102,1532.0440285820102,-0.2,1.2827,0.7,1.2792,long_nclose,0.8954399999999999,0.0005844753995044636,2.0
1704061020000.0,525497,1704061020000.0,0.0,-0.015136692,1532.0253918900103,1532.0682318900103,59.1,1.2806,59.8,1.280583612040134,long_ientry_partial,76.5789,0.04998539867901738,14.0
1704061260000.0,525501,1704061260000.0,0.052394180602004674,-0.003826618,1532.0739594526124,1532.3530752720103,-14.9,1.2841,44.9,1.280583612040134,long_nclose,57.49820418060201,0.03752965307310965,4.0
1704061500000.0,525505,1704061500000.0,0.0,-0.003816188,1532.0701432646124,1532.0828390840104,14.9,1.2806,59.8,1.2805876953277928,long_ientry_partial,76.579144180602,0.04998409799790452,4.0
1704063120000.0,525532,1704063120000.0,0.0,-0.021004260000000004,1532.0491390046125,1528.9072048240105,84.9,1.237,144.7,1.2550134359405807,long_rentry,181.600444180602,0.11853434694567931,27.0
1704063900000.0,525545,1704063900000.0,0.12586496254503574,-0.00908637,1532.1659175971574,1532.5336984540104,-36.1,1.2585,108.6,1.2550134359405807,long_nclose,136.29445914314707,0.08895541767231901,13.0
1704063960000.0,525546,1704063960000.0,0.0944858860102623,-0.00682107,1532.2535824131678,1532.5295873840105,-27.1,1.2585,81.5,1.2550134359405807,long_nclose,102.28359502915733,0.06675369938967246,1.0
1704064020000.0,525547,1704064020000.0,0.07077725040621123,-0.00510951,1532.319250153574,1532.6611478740106,-20.3,1.2585,61.2,1.2550134359405807,long_nclose,76.80682227956355,0.050124556140546894,1.0
1704067380000.0,525603,1704067380000.0,0.053344430109114875,-0.00385101,1532.368743573683,1532.5379568640105,-15.3,1.2585,45.9,1.2550134359405807,long_nclose,57.60511670967265,0.03759220288931894,56.0
1704067680000.0,525608,1704067680000.0,0.16809443010911582,-0.0038739600000000005,1532.5329640437922,1532.8201929040104,-15.3,1.266,30.6,1.2550134359405807,long_nclose,38.403411139781774,0.02505878310013591,5.0
1704067740000.0,525609,1704067740000.0,0.1120629534060772,-0.00258264,1532.6424443571984,1532.8482102640105,-10.2,1.266,20.4,1.2550134359405807,long_nclose,25.602274093187845,0.016704662060905946,1.0
1704067800000.0,525610,1704067800000.0,0.0,-0.010171404,1532.6322729531985,1532.9592388600106,40.2,1.2651,60.6,1.2617045229898984,long_ientry_partial,76.45929409318785,0.049887566275672875,1.0
1704067800000.0,525610,1704067800000.0,0.02920924366869073,-0.0017217600000000001,1532.6597604368671,1532.9500371000106,-6.8,1.266,53.8,1.2617045229898984,long_nclose,67.87970333685654,0.04428882723293277,0.0
1704069000000.0,525630,1704069000000.0,0.04683939193536233,-0.0033907360000000005,1532.7032090928026,1532.8161463640106,-13.4,1.2652,40.4,1.2617045229898984,long_nclose,50.972862728791895,0.033256838262224565,20.0
1704069060000.0,525631,1704069060000.0,0.0,-0.00510858,1532.6981005128025,1532.8292177840106,20.2,1.2645,60.6,1.2626363486599321,long_ientry_partial,76.51576272879188,0.049922266298360794,1.0
1704069120000.0,525632,1704069120000.0,0.05230113523502491,-0.0038236219999999996,1532.7465780260375,1532.8086241620106,-15.1,1.2661,45.5,1.2626363486599321,long_nclose,57.44995386402691,0.037481704208411536,1.0
1704069180000.0,525633,1704069180000.0,0.0,-0.0038172800000000006,1532.7427607460374,1532.8775268820104,15.1,1.264,60.6,1.262976136370081,long_ientry_partial,76.53635386402692,0.04993424586574077,1.0
1704069360000.0,525636,1704069360000.0,0.05321034081177471,-0.0038248300000000004,1532.7921462568493,1532.9843320520106,-15.1,1.2665,45.5,1.262976136370081,long_nclose,57.46541420483869,0.03749067630935606,3.0
1704069720000.0,525642,1704069720000.0,0.0,-0.0037825140000000007,1532.7883637428492,1533.0821395380106,14.9,1.2693,60.4,1.2645361623317664,long_ientry_partial,76.37798420483868,0.049829438956813715,6.0
1704070080000.0,525648,1704070080000.0,0.22238313713149763,-0.005127912000000001,1533.0056189679808,1533.5280616260106,-20.1,1.2756,40.3,1.2645361623317664,long_nclose,50.96080734197018,0.033242413929491656,6.0
1704070620000.0,525657,1704070620000.0,0.37313313713149443,-0.005158062000000001,1533.3735940431122,1533.7465635640106,-20.1,1.2831,20.2,1.2645361623317664,long_nclose,25.54363047910168,0.01665845204217303,9.0
1704070740000.0,525659,1704070740000.0,0.18749476044915886,-0.002591862,1533.5584969415615,1533.7510417020108,-10.1,1.2831,10.1,1.2645361623317664,long_nclose,12.77181523955084,0.008328221756797797,2.0
1704071700000.0,525675,1704071700000.0,0.0,-0.012771492,1533.5457254495616,1533.6353302100108,50.1,1.2746,60.2,1.272911548829748,long_ientry_partial,76.62927523955084,0.04996869279335432,16.0
1704071820000.0,525677,1704071820000.0,0.05232676755377974,-0.0038292000000000005,1533.5942230171154,1533.7609410100108,-15.0,1.2764,45.2,1.272911548829748,long_nclose,57.535602007104615,0.03751683538159918,2.0
1704072600000.0,525690,1704072600000.0,0.03941949822384741,-0.0028846640000000003,1533.6307578513392,1533.7863063460109,-11.3,1.2764,33.9,1.272911548829748,long_nclose,43.151701505328454,0.02813695622914164,13.0
1704072840000.0,525694,1704072840000.0,0.029302989830116657,-0.002144352,1533.6579164891693,1533.7392219940107,-8.4,1.2764,25.5,1.272911548829748,long_nclose,32.45924449515857,0.021164592277177346,4.0
1704072960000.0,525696,1704072960000.0,0.02197724237258749,-0.0016082639999999999,1533.6782854675419,1533.7644637300107,-6.3,1.2764,19.2,1.272911548829748,long_nclose,24.439901737531162,0.015935481364711804,2.0
1704074220000.0,525717,1704074220000.0,0.0,-0.01045336,1533.667832107542,1533.637870370011,41.0,1.2748,60.2,1.2741977032812484,long_ientry_partial,76.70670173753116,0.05001519894442986,21.0
1704107100000.0,526265,1704107100000.0,0.05253445078127528,-0.0038331000000000003,1533.716533458323,1533.8748372700106,-15.0,1.2777,45.2,1.2741977032812484,long_nclose,57.59373618831243,0.03755174762212829,548.0
1704107160000.0,526266,1704107160000.0,0.039575952921894045,-0.0028876020000000004,1533.753221809245,1533.8922896680106,-11.3,1.2777,33.9,1.2741977032812484,long_nclose,43.195302141234315,0.02816313702036127,1.0
1704107460000.0,526271,1704107460000.0,0.029419292437514157,-0.002146536,1533.7804945656824,1533.8672531320105,-8.4,1.2777,25.5,1.2741977032812484,long_nclose,32.49204143367184,0.021184283897724587,5.0
1704108000000.0,526280,1704108000000.0,0.022064469328135616,-0.001609902,1533.8009491330106,1533.8605132300106,-6.3,1.2777,19.2,1.2741977032812484,long_nclose,24.464595902999967,0.01595030692661177,9.0
1704116700000.0,526425,1704116700000.0,0.016811024250008088,-0.001226592,1533.8165335652607,1533.8943266380106,-4.8,1.2777,14.4,1.2741977032812484,long_nclose,18.348446927249977,0.01196260864694173,145.0
1704123120000.0,526532,1704123120000.0,0.012608268187506067,-0.0009199440000000001,1533.828221889448,1533.8703666940105,-3.6,1.2777,10.8,1.2741977032812484,long_nclose,13.761335195437484,0.00897188811566237,107.0
1704123480000.0,526538,1704123480000.0,0.00945620114062955,-0.0006899580000000002,1533.8369881325887,1533.8653567360107,-2.7,1.2777,8.1,1.2741977032812484,long_nclose,10.321001396578112,0.006728877629391174,6.0
1704123660000.0,526541,1704123660000.0,0.00700459343750337,-0.00051108,1533.8434816460262,1533.8678956560107,-2.0,1.2777,6.1,1.2741977032812484,long_nclose,7.772605990015615,0.005067404909968085,3.0
1704124560000.0,526556,1704124560000.0,0.022204593437503473,-0.0005141200000000001,1533.8651721194638,1533.9139715360106,-2.0,1.2853,4.1,1.2741977032812484,long_nclose,5.224210583453118,0.003405912513310678,15.0
1704125160000.0,526566,1704125160000.0,0.03740459343750313,-0.00051716,1533.9020595529012,1533.9402843760106,-2.0,1.2929,2.1,1.2741977032812484,long_nclose,2.6758151768906218,0.0017444498233939155,10.0
1704125220000.0,526567,1704125220000.0,0.018702296718751565,-0.00025858,1533.92050326962,1533.9411857960106,-1.0,1.2929,1.1,1.2741977032812484,long_nclose,1.4016174736093734,0.000913748444343604,1.0
1704125700000.0,526575,1704125700000.0,0.02893252639062678,-0.00028611000000000006,1533.9491496860107,1533.9491496860107,-1.1,1.3005,0.0,1.2741977032812484,long_nclose,0.0,0.0,8.0
1704223380000.0,528203,1704223380000.0,0.0,-0.015328920000000003,1533.9338207660107,1534.0561407660107,55.6,1.3785,55.6,1.3785,long_ientry_normal,76.64460000000001,0.04996604088286253,1628.0
1704223440000.0,528204,1704223440000.0,0.05282000000000036,-0.003842794000000001,1533.9827979720108,1534.0953879720107,-13.9,1.3823,41.7,1.3785,long_nclose,57.483450000000005,0.03747333417036718,1.0
1704223560000.0,528206,1704223560000.0,0.0,-0.0038322300000000007,1533.9789657420108,1533.967845742011,13.9,1.3785,55.6,1.3785,long_ientry_partial,76.64460000000001,0.04996457038309242,2.0
1704224040000.0,528214,1704224040000.0,0.05282000000000036,-0.003842794000000001,1534.0279429480108,1534.119682948011,-13.9,1.3823,41.7,1.3785,long_nclose,57.483450000000005,0.03747223136596291,8.0
1704224100000.0,528215,1704224100000.0,0.0,-0.0038322300000000007,1534.024110718011,1534.0630307180109,13.9,1.3785,55.6,1.3785,long_ientry_partial,76.64460000000001,0.04996309996987333,1.0
1704226020000.0,528247,1704226020000.0,0.05282000000000036,-0.003842794000000001,1534.073087924011,1534.2690779240108,-13.9,1.3823,41.7,1.3785,long_nclose,57.483450000000005,0.03747112862646568,32.0
1704226140000.0,528249,1704226140000.0,0.03952000000000027,-0.0028751840000000002,1534.109732740011,1534.225542740011,-10.4,1.3823,31.3,1.3785,long_nclose,43.14705,0.028125139342501146,2.0
1704226200000.0,528250,1704226200000.0,0.029640000000000197,-0.0021563880000000004,1534.137216352011,1534.259416352011,-7.8,1.3823,23.5,1.3785,long_nclose,32.39475,0.021115940383110397,1.0
1704227340000.0,528269,1704227340000.0,0.0,-0.008876252000000001,1534.128340100011,1534.118070100011,32.2,1.3783,55.7,1.378384380610413,long_ientry_partial,76.77601000000001,0.050045363215827775,19.0
1704233940000.0,528379,1704233940000.0,0.053037109515260375,-0.0038425160000000007,1534.1775346935262,1534.353747584011,-13.9,1.3822,41.8,1.378384380610413,long_nclose,57.61646710951526,0.03755528014626089,110.0
1704234240000.0,528384,1704234240000.0,0.0,-0.0038266700000000003,1534.1737080235262,1534.089370914011,13.9,1.3765,55.7,1.3779141312300764,long_ientry_partial,76.74981710951526,0.05002681033322618,5.0
1704242100000.0,528515,1704242100000.0,0.05262357590193643,-0.0038411260000000003,1534.222490473428,1534.393279788011,-13.9,1.3817,41.8,1.3779141312300764,long_nclose,57.59681068541719,0.03754136772408026,131.0
1704242220000.0,528517,1704242220000.0,0.039373035207204234,-0.002873936,1534.2589895726353,1534.4846258520108,-10.4,1.3817,31.4,1.3779141312300764,long_nclose,43.2665037206244,0.028200260852097855,2.0
1704242340000.0,528519,1704242340000.0,0.12465303520720408,-0.002890992,1534.3807516158427,1534.6870548600111,-10.4,1.3899,21.0,1.3779141312300764,long_nclose,28.936196755831606,0.01885855041218365,2.0
1704242340000.0,528519,1704242340000.0,0.20993303520720394,-0.002908048,1534.5877766030499,1534.742386812011,-10.4,1.3981,10.6,1.3779141312300764,long_nclose,14.605889791038809,0.009517793647079791,0.0
1704242580000.0,528523,1704242580000.0,0.1069851044805943,-0.001481986,1534.6932797215304,1534.813514826011,-5.3,1.3981,5.3,1.3779141312300764,long_nclose,7.3029448955194045,0.004758569671227414,4.0
1704242700000.0,528525,1704242700000.0,0.1504451044805954,-0.0014906780000000003,1534.8422341480111,1534.8422341480111,-5.3,1.4063,0.0,1.3779141312300764,long_nclose,0.0,0.0,2.0
1704253320000.0,528702,1704253320000.0,0.0,-0.015347824000000003,1534.8268863240112,1534.7935263240113,55.6,1.3802,55.6,1.3802,long_ientry_normal,76.73912000000001,0.04999855077063064,177.0
1704255960000.0,528746,1704255960000.0,0.05281999999999727,-0.00384752,1534.8758588040114,1535.0593388040113,-13.9,1.384,41.7,1.3802,long_nclose,57.55434000000001,0.03749771661979676,44.0
1704256140000.0,528749,1704256140000.0,0.03951999999999796,-0.00287872,1534.9125000840115,1535.0377000840115,-10.4,1.384,31.3,1.3802,long_nclose,43.20026000000001,0.028145096217299354,3.0
1704256500000.0,528755,1704256500000.0,0.0,-0.006707286000000001,1534.9057927980116,1534.7136227980116,24.3,1.3801,55.6,1.3801562949640291,long_ientry_partial,76.73669000000002,0.04999439728487513,6.0
1704263640000.0,528874,1704263640000.0,0.05342749999999352,-0.00384752,1534.9553727780117,1534.9655352780117,-13.9,1.384,41.7,1.3801562949640291,long_nclose,57.55251750000002,0.037494586826872775,119.0
1704264300000.0,528885,1704264300000.0,0.03997453237409587,-0.00287872,1534.992468590386,1535.1878965580117,-10.4,1.384,31.3,1.3801562949640291,long_nclose,43.19889203237411,0.028142738753659496,11.0
1704265020000.0,528897,1704265020000.0,0.029980899280571904,-0.00215904,1535.0202904496666,1535.103567518012,-7.8,1.384,23.5,1.3801562949640291,long_nclose,32.433672931654684,0.021129149323592073,12.0
1704265080000.0,528898,1704265080000.0,0.02229348920863039,-0.0016054399999999999,1535.0409784988751,1535.1337920780118,-5.8,1.384,17.7,1.3801562949640291,long_nclose,24.428766420863315,0.015914080967892034,1.0
1704265560000.0,528906,1704265560000.0,0.01691230215827133,-0.00121792,1535.0566728810334,1535.0998141580117,-4.4,1.384,13.3,1.3801562949640291,long_nclose,18.35607872302159,0.011957915982717716,8.0
1704266160000.0,528916,1704266160000.0,0.0,-0.011688832000000001,1535.0449840490335,1534.9492153260119,42.4,1.3784,55.7,1.3788193666610697,long_ientry_partial,76.8002387230216,0.05003126261514717,10.0
1704269640000.0,528974,1704269640000.0,0.052550803411131254,-0.0038436280000000004,1535.0936912244447,1535.435641698012,-13.9,1.3826,41.8,1.3788193666610697,long_nclose,57.63464952643271,0.037544711346224925,58.0
1704269760000.0,528976,1704269760000.0,0.16653080341113105,-0.0038664240000000002,1535.2563556038558,1535.465065274012,-13.9,1.3908,27.9,1.3788193666610697,long_nclose,38.46906032984384,0.025057092380323005,2.0
1704269820000.0,528977,1704269820000.0,0.11141989005205172,-0.0025868880000000007,1535.3651886059079,1535.610348386012,-9.3,1.3908,18.6,1.3788193666610697,long_nclose,25.646040219895898,0.016703544153676024,1.0
1704270180000.0,528983,1704270180000.0,0.07427992670136781,-0.0017245920000000003,1535.4377439406092,1535.581343794012,-6.2,1.3908,12.4,1.3788193666610697,long_nclose,17.097360146597264,0.011135169898010916,6.0
1704270240000.0,528984,1704270240000.0,0.04912059668961419,-0.001140456,1535.4857240812987,1535.6100633380117,-4.1,1.3908,8.3,1.3788193666610697,long_nclose,11.44420074328688,0.007453146951355797,1.0
1704271080000.0,528998,1704271080000.0,0.007561266677860612,-0.0005530400000000001,1535.4927323079764,1535.5209602980117,-2.0,1.3826,6.3,1.3788193666610697,long_nclose,8.686562009964739,0.005657182106559433,14.0
1704271260000.0,529001,1704271260000.0,0.005670950008395459,-0.00041478,1535.4979884779848,1535.5170955180117,-1.5,1.3826,4.8,1.3788193666610697,long_nclose,6.618332959973134,0.004310219231568876,3.0
1704271440000.0,529004,1704271440000.0,0.004536760006716367,-0.000331824,1535.5021934139913,1535.5150836940115,-1.2,1.3826,3.6,1.3788193666610697,long_nclose,4.963749719979851,0.003232655571102502,3.0
1704271500000.0,529005,1704271500000.0,0.0034025700050372754,-0.000248868,1535.5053471159963,1535.5212248260113,-0.9,1.3826,2.7,1.3788193666610697,long_nclose,3.722812289984889,0.0024244866987777787,1.0
1704271800000.0,529010,1704271800000.0,0.010782570005037262,-0.00025034400000000005,1535.5158793420012,1535.5414044820113,-0.9,1.3908,1.8,1.3788193666610697,long_nclose,2.4818748599899254,0.0016163133793533008,5.0
1704272400000.0,529020,1704272400000.0,0.018162570005037248,-0.00025182000000000004,1535.5337900920063,1535.5533026620112,-0.9,1.399,0.9,1.3788193666610697,long_nclose,1.2409374299949627,0.0008081472631876164,10.0
1704272520000.0,529022,1704272520000.0,0.025632570005037224,-0.000253314,1535.5591693480112,1535.5591693480112,-0.9,1.4073,0.0,1.3788193666610697,long_nclose,0.0,0.0,2.0
1704280200000.0,529150,1704280200000.0,0.0,-0.015348015999999999,1535.5438213320112,1535.5327413320113,55.4,1.3852,55.4,1.3852,long_ientry_normal,76.74007999999999,0.049975831971653936,128.0
1704280680000.0,529158,1704280680000.0,0.052440000000000354,-0.0038336400000000006,1535.5924276920111,1535.8087476920111,-13.8,1.389,41.6,1.3852,long_nclose,57.624320000000004,0.037525790672599965,8.0
1704280860000.0,529161,1704280860000.0,0.03952000000000027,-0.0028891200000000002,1535.6290585720112,1535.8131385720112,-10.4,1.389,31.2,1.3852,long_nclose,43.21824,0.028143671649577175,3.0
1704281040000.0,529164,1704281040000.0,0.0,-0.006704368,1535.6223542040111,1535.301034204011,24.2,1.3852,55.4,1.3852,long_ientry_partial,76.74007999999999,0.049973276170349946,3.0
1704283260000.0,529201,1704283260000.0,0.0,-0.021061694000000002,1535.601292510011,1525.2946125100111,78.7,1.3381,134.1,1.3575581655480986,long_rentry,182.04855,0.11855196455483133,37.0
1704283260000.0,529201,1704283260000.0,0.0,-0.049838610000000005,1535.551453900011,1520.025073900011,190.5,1.3081,324.6,1.3285323475046211,long_rentry,431.24160000000006,0.28083826100696774,0.0
1704283260000.0,529201,1704283260000.0,0.0,-0.22087245599999997,1535.330581444011,1526.833381444011,867.8,1.2726,1192.4,1.2878261321704125,long_rentry,1535.6038800000001,1.000178006325994,0.0
1704283320000.0,529202,1704283320000.0,1.0653700000000559,-0.07699326800000002,1536.318958176011,1558.563658176011,-298.1,1.2914,894.3,1.2878261321704125,long_nclose,1151.70291,0.7496509132240059,1.0
1704283320000.0,529202,1704283320000.0,3.3607400000000016,-0.07745234200000001,1539.602245834011,1554.432045834011,-298.1,1.2991,596.2,1.2878261321704125,long_nclose,767.8019400000001,0.49870149389401386,0.0
1704283320000.0,529202,1704283320000.0,5.626300000000017,-0.07790545400000001,1545.150640380011,1552.565540380011,-298.1,1.3067,298.1,1.2878261321704125,long_nclose,383.90097000000003,0.24845536737154914,0.0
1704283380000.0,529203,1704283380000.0,7.921670000000029,-0.07836452800000002,1552.993945852011,1552.993945852011,-298.1,1.3144,0.0,1.2878261321704125,long_nclose,0.0,0.0,1.0
1704283440000.0,529204,1704283440000.0,0.0,-0.015541296000000001,1552.978404556011,1552.8234445560108,59.6,1.3038,59.6,1.3038,long_ientry_normal,77.70648,0.05003706411630103,1.0
1704283680000.0,529208,1704283680000.0,0.0,-0.021334236000000003,1552.9570703200109,1544.6975603200108,84.7,1.2594,144.3,1.2777384615384615,long_rentry,184.37766000000002,0.1187268235058205,4.0
1704283680000.0,529208,1704283680000.0,0.0,-0.05047920000000001,1552.906591120011,1542.453581120011,205.0,1.2312,349.3,1.2504255940452333,long_rentry,436.77366,0.28126202985910664,0.0
1704283680000.0,529208,1704283680000.0,0.0,-0.22322200800000003,1552.683369112011,1563.382219112011,931.8,1.1978,1281.1,1.212148700335649,long_rentry,1552.8836999999999,1.000129022369901,0.0
1704283740000.0,529209,1704283740000.0,4.50540495667782,-0.10441858,1557.084355488689,1452.0738705320111,-427.0,1.2227,854.1,1.212148700335649,long_nclose,1035.296204956678,0.6648941024340017,1.0
1704283800000.0,529210,1704283800000.0,0.0,-0.10436714400000001,1556.979988344689,1415.7064633880111,479.1,1.0892,1333.2,1.1679657402915375,long_rentry,1557.131924956678,1.0000975841777842,1.0
1704284100000.0,529215,1704284100000.0,1.077978760830542,-0.07807219200000001,1557.9798949135195,1569.0130511960112,-333.3,1.1712,999.9,1.1679657402915375,long_nclose,1167.8489437175083,0.7495917935335958,5.0
1704284100000.0,529215,1704284100000.0,3.4110787608305073,-0.078538812,1561.31243486235,1568.6678723840112,-333.3,1.1782,666.6,1.1679657402915375,long_nclose,778.565962478339,0.4986612193010425,0.0
1704284160000.0,529216,1704284160000.0,5.71084876083055,-0.078998766,1566.9442848571805,1572.321833618011,-333.3,1.1851,333.3,1.1679657402915375,long_nclose,389.2829812391695,0.24843447530404744,1.0
1704284220000.0,529217,1704284220000.0,2.8545676674298517,-0.039487532,1569.7593649926102,1572.6323160860109,-166.6,1.1851,166.7,1.1679657402915375,long_nclose,194.69988890659928,0.1240316785162265,1.0
1704284280000.0,529218,1704284280000.0,4.02318109340068,-0.039744614,1573.7428014720108,1573.7428014720108,-166.7,1.1921,0.0,1.1679657402915375,long_nclose,0.0,0.0,1.0
1704284340000.0,529219,1704284340000.0,0.0,-0.0157318,1573.7270696720109,1572.894209672011,66.1,1.19,66.1,1.19,long_ientry_normal,78.65899999999999,0.04998261866105776,1.0
1704284460000.0,529221,1704284460000.0,0.05445000000000133,-0.00393789,1573.7775817820109,1573.8023817820108,-16.5,1.1933,49.6,1.19,long_nclose,59.024,0.03750466437142044,2.0
1704284520000.0,529222,1704284520000.0,0.0,-0.00392865,1573.7736531320108,1573.9570931320109,16.5,1.1905,66.1,1.190124810892587,long_ientry_partial,78.66725,0.04998638136014166,1.0
1704284520000.0,529222,1704284520000.0,0.03937234493192108,-0.0029593840000000002,1573.8100660929429,1573.959093748011,-12.4,1.1933,53.7,1.190124810892587,long_nclose,63.90970234493193,0.040608268889517754,0.0
1704284580000.0,529223,1704284580000.0,0.043887534039333924,-0.003198312,1573.8507553149823,1574.180215436011,-13.4,1.1934,40.3,1.190124810892587,long_nclose,47.96202987897125,0.030474318938438594,1.0
1704284640000.0,529224,1704284640000.0,0.0,-0.006087364,1573.8446679509823,1574.272678072011,25.4,1.1983,65.7,1.1932853862857116,long_ientry_partial,78.39884987897125,0.04981358800868206,1.0
1704284640000.0,529224,1704284640000.0,0.09667582377146365,-0.0032173400000000004,1573.9381264347537,1574.278840732011,-13.4,1.2005,52.3,1.1932853862857116,long_nclose,62.40882570274271,0.03965138441884603,0.0
1704284700000.0,529225,1704284700000.0,0.0,-0.0031914680000000003,1573.9349349667536,1574.091969264011,13.3,1.1998,65.6,1.1946061844930291,long_ientry_partial,78.3661657027427,0.0497899652404615,1.0
1704284700000.0,529225,1704284700000.0,0.15823238982129295,-0.004188876,1574.088978480575,1574.2043603880109,-17.4,1.2037,48.2,1.1946061844930291,long_nclose,57.58001809256401,0.03657990042478058,0.0
1704284760000.0,529226,1704284760000.0,0.0,-0.004213440000000001,1574.084765040575,1574.344906948011,17.6,1.197,65.8,1.1952464755708816,long_ientry_partial,78.647218092564,0.04996377567413705,1.0
1704284760000.0,529226,1704284760000.0,0.03184229314942044,-0.00287496,1574.1137323737241,1574.3264319880107,-12.0,1.1979,53.8,1.1952464755708816,long_nclose,64.30426038571342,0.040851089132387025,0.0
1704285000000.0,529230,1704285000000.0,0.18711808728121934,-0.004316406,1574.2965340550054,1574.5389855820108,-17.9,1.2057,35.9,1.1952464755708816,long_nclose,42.90934847299465,0.02725620462523067,4.0
1704285060000.0,529231,1704285060000.0,0.0,-0.00711584,1574.2894182150053,1574.6366697420106,29.6,1.202,65.5,1.1982984499693838,long_ientry_partial,78.48854847299464,0.0498564924370693,1.0
1704285060000.0,529231,1704285060000.0,0.08807844536433225,-0.002869566,1574.3746270943695,1574.6587901760106,-11.9,1.2057,53.6,1.1982984499693838,long_nclose,64.22879691835898,0.040796387221317336,0.0
1704285420000.0,529237,1704285420000.0,0.1851475905449696,-0.004302972,1574.5554717129146,1574.9922872040106,-17.8,1.2087,35.8,1.1982984499693838,long_nclose,42.89908450890394,0.027245203665155877,6.0
1704285480000.0,529238,1704285480000.0,0.0,-0.00706932,1574.5484023929146,1574.5042178840106,29.2,1.2105,65.0,1.203779761675445,long_ientry_partial,78.24568450890393,0.04969404839507653,1.0
1704285900000.0,529245,1704285900000.0,0.0537878608577905,-0.003911004,1574.5982792497723,1574.7505468800107,-16.2,1.2071,48.8,1.203779761675445,long_nclose,58.74445236976172,0.037307580697821474,7.0
1704285960000.0,529246,1704285960000.0,0.0,-0.003958632,1574.5943206177724,1575.0791082480107,16.4,1.2069,65.2,1.204564606898186,long_ientry_partial,78.53761236976172,0.049877997996937054,1.0
1704285960000.0,529246,1704285960000.0,0.030931795842132813,-0.002945324,1574.6223070896147,1575.0163829240107,-12.2,1.2071,53.0,1.204564606898186,long_nclose,63.84192416560385,0.0405442777472163,0.0
1704286020000.0,529247,1704286020000.0,0.18542291859192944,-0.004277152,1574.8034528562066,1575.3250857720109,-17.6,1.2151,35.4,1.204564606898186,long_nclose,42.64158708419578,0.02707740258433973,1.0
1704286080000.0,529248,1704286080000.0,0.0,-0.007120712,1574.7963321442066,1575.3567250600108,29.2,1.2193,64.6,1.2112251870618542,long_ientry_partial,78.24514708419578,0.049685883493047624,1.0
1704286140000.0,529249,1704286140000.0,0.2273584781701341,-0.00525374,1575.0184368823768,1575.388011320011,-21.5,1.2218,43.1,1.2112251870618542,long_nclose,52.20380556236592,0.03314488538032557,1.0
1704286200000.0,529250,1704286200000.0,0.0,-0.0052451400000000006,1575.0131917423769,1575.253566180011,21.5,1.2198,64.6,1.2140790334731566,long_ientry_partial,78.4295055623659,0.04979609439055069,1.0
1704286320000.0,529252,1704286320000.0,0.053467561082179364,-0.003920028000000001,1575.062739275459,1575.282006152011,-16.1,1.2174,48.5,1.2140790334731566,long_nclose,58.882833123448094,0.03738443660379818,2.0
1704286380000.0,529253,1704286380000.0,0.0,-0.003923892,1575.058815383459,1575.6269222600108,16.1,1.2186,64.6,1.2152057759047694,long_ientry_partial,78.5022931234481,0.049840864580245,1.0
1704286440000.0,529254,1704286440000.0,0.2277758180474576,-0.005270940000000001,1575.2813202615064,1575.8241313200108,-21.5,1.2258,43.1,1.2152057759047694,long_nclose,52.375368941495566,0.03324826382934633,1.0
1704286500000.0,529255,1704286500000.0,0.0,-0.005181316000000001,1575.2761389455063,1575.6070900040108,21.1,1.2278,64.2,1.219344999088716,long_ientry_partial,78.28194894149557,0.04969411203923758,1.0
1704287940000.0,529279,1704287940000.0,0.053680014580542945,-0.00391264,1575.325906320087,1575.3430173640108,-16.0,1.2227,48.2,1.219344999088716,long_nclose,58.77242895607611,0.037308107941528564,24.0
1704288000000.0,529280,1704288000000.0,0.0,-0.004000615999999999,1575.321905704087,1575.1322967480107,16.4,1.2197,64.6,1.219435123159073,long_ientry_partial,78.77550895607611,0.05000597571254337,1.0
1704291360000.0,529336,1704291360000.0,0.0,-0.021626244,1575.300279460087,1573.414750504011,91.8,1.1779,156.4,1.1950558117396168,long_rentry,186.90672895607608,0.1186483182876955,56.0
1704294180000.0,529383,1704294180000.0,0.13075776098097822,-0.009371487999999999,1575.421665733068,1576.0485390160109,-39.1,1.1984,117.3,1.1950558117396168,long_nclose,140.18004671705705,0.08897938232417865,47.0
1704294480000.0,529388,1704294480000.0,0.09798471602922408,-0.007022623999999999,1575.5126278250973,1575.930116392011,-29.3,1.1984,88.0,1.1950558117396168,long_nclose,105.16491143308627,0.06674964679798236,5.0
1704294960000.0,529396,1704294960000.0,0.3060147160292272,-0.007064230000000001,1575.8115783111266,1576.2602921620112,-29.3,1.2055,58.7,1.1950558117396168,long_nclose,70.14977614911551,0.04451660154972235,8.0
1704295380000.0,529403,1704295380000.0,0.04882514860159288,-0.003499328,1575.856904131728,1575.929412834011,-14.6,1.1984,44.1,1.1950558117396168,long_nclose,52.701961297717105,0.03344336732576302,7.0
1704295440000.0,529404,1704295440000.0,0.036786070864213816,-0.00263648,1575.8910537225922,1576.137456354011,-11.0,1.1984,33.1,1.1950558117396168,long_nclose,39.55634736858132,0.02510094036966626,1.0
1704295500000.0,529405,1704295500000.0,0.0,-0.0077922,1575.8832615225922,1575.985564154011,32.4,1.2025,65.5,1.1987381277646003,long_ientry_partial,78.51734736858133,0.04982434250410095,1.0
1704295560000.0,529406,1704295560000.0,0.054798517437014006,-0.003918846,1575.9341411940293,1575.996225308011,-16.3,1.2021,49.2,1.1987381277646003,long_nclose,58.97791588601834,0.03742409936073399,1.0
1704295620000.0,529407,1704295620000.0,0.0,-0.00396,1575.9301811940293,1576.025115308011,16.5,1.2,65.7,1.1990550363168695,long_ientry_partial,78.77791588601833,0.049988201778286244,1.0
1704295620000.0,529407,1704295620000.0,0.03745305330250457,-0.0029571660000000002,1575.9646770813317,1576.0418381420109,-12.3,1.2021,53.4,1.1990550363168695,long_nclose,64.02953893932083,0.04062879065151561,0.0
1704295740000.0,529409,1704295740000.0,0.044488016985634586,-0.0031983840000000003,1576.0059667143175,1576.120049758011,-13.3,1.2024,40.1,1.1990550363168695,long_nclose,48.08210695630647,0.030508835608375782,2.0
1704295800000.0,529410,1704295800000.0,0.0,-0.00612969,1575.9998370243175,1575.956480068011,25.5,1.2019,65.6,1.200160929211989,long_ientry_partial,78.73055695630647,0.049955942321009056,1.0
1704295800000.0,529410,1704295800000.0,0.022390707880108884,-0.0024048,1576.0198229321975,1575.983075268011,-10.0,1.2024,55.6,1.200160929211989,long_nclose,66.72894766418659,0.042340170277831185,0.0
1704295980000.0,529413,1704295980000.0,0.04641308395335275,-0.0033457300000000003,1576.0628902861508,1576.3022095380109,-13.9,1.2035,41.7,1.200160929211989,long_nclose,50.046710748139944,0.03175425997058622,3.0
1704296040000.0,529414,1704296040000.0,0.0,-0.005691848,1576.0571984381509,1576.303047690011,23.6,1.2059,65.3,1.2022350803696777,long_ientry_partial,78.50595074813995,0.04981161269142908,1.0
1704296400000.0,529420,1704296400000.0,0.05484818997425285,-0.003930256,1576.108116372125,1576.317097434011,-16.3,1.2056,49.0,1.2022350803696777,long_nclose,58.90951893811421,0.037376572283449525,6.0
1704296460000.0,529421,1704296460000.0,0.0,-0.00393319,1576.104183182125,1576.228274244011,16.3,1.2065,65.3,1.2032996774596358,long_ientry_partial,78.57546893811421,0.04985423538402887,1.0
1704296520000.0,529422,1704296520000.0,0.053795257407934075,-0.003933516,1576.154044923533,1576.359860728011,-16.3,1.2066,49.0,1.2032996774596358,long_nclose,58.96168419552215,0.037408579691449305,1.0
1704296580000.0,529423,1704296580000.0,0.0,-0.00393645,1576.150108473533,1576.238384278011,16.3,1.2075,65.3,1.2043481500079964,long_ientry_partial,78.64393419552216,0.04989622103423074,1.0
1704296640000.0,529424,1704296640000.0,0.05463515486965791,-0.0039371020000000005,1576.2008065264026,1576.3895471760109,-16.3,1.2077,49.0,1.2043481500079964,long_nclose,59.01305935039183,0.03744006417586065,1.0
1704296700000.0,529425,1704296700000.0,0.0,-0.003914568,1576.1968919584026,1576.2943526080107,16.2,1.2082,65.2,1.2053052047606108,long_ientry_partial,78.58589935039183,0.04985792051191647,1.0
1704296820000.0,529427,1704296820000.0,0.05370516240204293,-0.003940036,1576.2466570848048,1576.569142572011,-16.3,1.2086,48.9,1.2053052047606108,long_nclose,58.93942451279386,0.037392259801394025,2.0
1704296880000.0,529428,1704296880000.0,0.0,-0.0039023180000000005,1576.2427547668049,1576.617240254011,16.1,1.2119,65.0,1.2069386848122132,long_ientry_partial,78.45101451279386,0.049770896186863166,1.0
1704297180000.0,529433,1704297180000.0,0.05445330604214464,-0.003921371999999999,1576.2932867008471,1576.8672388820112,-16.2,1.2103,48.8,1.2069386848122132,long_nclose,58.898607818836005,0.03736525957178293,5.0
1704297180000.0,529433,1704297180000.0,0.17109330604214618,-0.0039447,1576.4604353068894,1576.8438541820112,-16.2,1.2175,32.6,1.2069386848122132,long_nclose,39.34620112487815,0.02495857190175447,0.0
1704297240000.0,529434,1704297240000.0,0.0,-0.007824054,1576.4526112528895,1577.0495401280114,32.1,1.2187,64.7,1.2127738968296469,long_ientry_partial,78.46647112487815,0.04977407539229279,1.0
1704297300000.0,529435,1704297300000.0,0.22631121816259347,-0.0052601900000000005,1576.6736622810522,1577.1586299380115,-21.5,1.2233,43.2,1.2127738968296469,long_nclose,52.39183234304075,0.033229344534900694,1.0
1704297360000.0,529436,1704297360000.0,0.0,-0.00518976,1576.6684725210523,1577.4239201780115,21.2,1.224,64.4,1.2164694463205084,long_ientry_partial,78.34063234304074,0.04968744774719576,1.0
1704297480000.0,529438,1704297480000.0,0.22749384874112297,-0.005251988,1576.8907143817935,1577.3435281900117,-21.4,1.2271,43.0,1.2164694463205084,long_nclose,52.30818619178186,0.03317172567173676,2.0
1704297540000.0,529439,1704297540000.0,0.0,-0.005227020000000001,1576.8854873617936,1577.3318711700117,21.3,1.227,64.3,1.2199577945844768,long_ientry_partial,78.44328619178185,0.04974570875341196,1.0
1704297540000.0,529439,1704297540000.0,0.10213353744198234,-0.0035095060000000003,1576.9841113932355,1577.3312216640115,-14.3,1.2271,50.0,1.2199577945844768,long_nclose,60.99788972922384,0.03868009150411374,0.0
1704297600000.0,529440,1704297600000.0,0.0,-0.003508934000000001,1576.9806024592356,1577.0190727300117,14.3,1.2269,64.3,1.221501706519811,long_ientry_partial,78.54255972922385,0.049805660010490936,1.0
1704297660000.0,529441,1704297660000.0,0.05437269568302483,-0.003919680000000001,1577.0310554749185,1577.2145130500116,-16.0,1.2249,48.3,1.221501706519811,long_nclose,58.99853242490687,0.037411141790825185,1.0
1704297780000.0,529443,1704297780000.0,0.0,-0.003945466000000001,1577.0271100089185,1577.3651275840116,16.1,1.2253,64.4,1.2224512798898581,long_ientry_partial,78.72586242490686,0.04992042427505362,2.0
1704297900000.0,529445,1704297900000.0,0.05391439377328407,-0.003947076000000001,1577.0770773266918,1577.1808605080116,-16.1,1.2258,48.3,1.2224512798898581,long_nclose,59.04439681868014,0.03743913196605868,2.0
1704297960000.0,529446,1704297960000.0,0.0,-0.003943212,1577.0731341146918,1576.9386372960116,16.1,1.2246,64.4,1.2229884599173935,long_ientry_partial,78.76045681868014,0.04994090325614051,1.0
1704298380000.0,529453,1704298380000.0,0.05492579532996414,-0.003949008,1577.1241109020218,1577.2792282880116,-16.1,1.2264,48.3,1.2229884599173935,long_nclose,59.0703426140101,0.03745446677638157,7.0
1704298440000.0,529454,1704298440000.0,0.0,-0.00392384,1577.1201870620218,1577.2624444480118,16.0,1.2262,64.3,1.2237875989737186,long_ientry_partial,78.68954261401011,0.049894448919963995,1.0
1704298440000.0,529454,1704298440000.0,0.03134881231537623,-0.00294336,1577.1485925143372,1577.2643010880117,-12.0,1.2264,52.3,1.2237875989737186,long_nclose,64.00409142632547,0.04058215676703503,0.0
1704298560000.0,529456,1704298560000.0,0.04436121334165932,-0.0031907200000000006,1577.189763007679,1577.3002903680117,-13.0,1.2272,39.3,1.2237875989737186,long_nclose,48.09485263966714,0.030494017757223407,2.0
1704298620000.0,529457,1704298620000.0,0.0,-0.006133,1577.1836300076789,1577.1655573680118,25.0,1.2266,64.3,1.2248810674909352,long_ientry_partial,78.75985263966713,0.04993702137225687,1.0
1704299160000.0,529466,1704299160000.0,0.054702920145036416,-0.00393056,1577.2344023678238,1577.3029368080117,-16.0,1.2283,48.3,1.2248810674909352,long_nclose,59.161755559812164,0.03750980543601861,9.0
1704299220000.0,529467,1704299220000.0,0.04102719010877731,-0.00294792,1577.2724816379325,1577.4183688880116,-12.0,1.2283,36.3,1.2248810674909352,long_nclose,44.463182749920946,0.028189918525521832,1.0
1704299400000.0,529470,1704299400000.0,0.0,-0.006857262,1577.2656243759325,1577.1611316260116,27.9,1.2289,64.2,1.2266276129271174,long_ientry_partial,78.74949274992095,0.04992785713001214,3.0
1704302100000.0,529515,1704302100000.0,0.0,-0.021612576,1577.2440117999324,1576.3211190500115,91.2,1.1849,155.4,1.2021388207845622,long_rentry,186.81237274992097,0.11844227738530633,45.0
1704308160000.0,529616,1704308160000.0,0.0,-0.05115494400000001,1577.1928568559324,1573.3302041060115,220.8,1.1584,376.2,1.1764675511693805,long_rentry,442.58709274992094,0.28061697770569394,101.0
1704309660000.0,529641,1704309660000.0,0.30385019007822933,-0.02217836,1577.4745286860107,1578.5560457460115,-94.0,1.1797,282.2,1.1764675511693805,long_nclose,331.99914293999916,0.21046244291281493,25.0
1704309780000.0,529643,1704309780000.0,0.227887642558672,-0.01663377,1577.6857825585694,1578.3489219760115,-70.5,1.1797,211.7,1.1764675511693805,long_nclose,249.05818058255784,0.15786298091541046,2.0
1704309840000.0,529644,1704309840000.0,0.17099654313976947,-0.012481226,1577.8442978757091,1578.2464507500115,-52.9,1.1797,158.8,1.1764675511693805,long_nclose,186.82304712569763,0.11840398154445411,1.0
1704309900000.0,529645,1704309900000.0,0.12832821857559262,-0.009366818,1577.9632592762848,1578.3958839320117,-39.7,1.1797,119.1,1.1764675511693805,long_nclose,140.1172853442732,0.08879629137153448,1.0
1704310260000.0,529651,1704310260000.0,0.09600373026939799,-0.0070074180000000005,1578.052255588554,1578.5200365140115,-29.7,1.1797,89.4,1.1764675511693805,long_nclose,105.17619907454262,0.06664937659831541,6.0
1704310440000.0,529654,1704310440000.0,0.3049269751524634,-0.007072732000000001,1578.3501098317065,1578.9897637820113,-29.8,1.1867,59.6,1.1764675511693805,long_nclose,70.11746604969508,0.04442453268950033,3.0
1704311220000.0,529667,1704311220000.0,0.04816348757622997,-0.003515506,1578.3947578132827,1578.5571282760113,-14.9,1.1797,44.7,1.1764675511693805,long_nclose,52.58809953727131,0.03331745704105554,13.0
1704311280000.0,529668,1704311280000.0,0.0,-0.005239644,1578.3895181692826,1578.5184386320113,22.2,1.1801,66.9,1.1776729377768504,long_ientry_partial,78.7863195372713,0.04991563782598653,1.0
1704313620000.0,529707,1704313620000.0,0.05389193912659853,-0.003944206,1578.4394659024092,1578.6115044260114,-16.7,1.1809,50.2,1.1776729377768504,long_nclose,59.1191814763979,0.03745419621942796,39.0
1704313980000.0,529713,1704313980000.0,0.17079193912659676,-0.003967586,1578.6062902555357,1578.9388468400111,-16.7,1.1879,33.5,1.1776729377768504,long_nclose,39.45204341552449,0.024991692772957482,6.0
1704314040000.0,529714,1704314040000.0,0.0,-0.00783816,1578.5984520955358,1579.0640086800113,33.0,1.1876,66.5,1.1825991491056314,long_ientry_partial,78.64284341552448,0.04981814299331713,1.0
1704314040000.0,529714,1704314040000.0,0.05883944492749149,-0.002637138,1578.6546544024634,1579.0425015420115,-11.1,1.1879,55.4,1.1825991491056314,long_nclose,65.51599286045197,0.041501155859354454,0.0
1704314220000.0,529717,1704314220000.0,0.1895356564563844,-0.0043898719999999995,1578.8398001869198,1579.2246316700114,-18.4,1.1929,37.0,1.1825991491056314,long_nclose,43.75616851690836,0.027714128128596735,3.0
1704314280000.0,529718,1704314280000.0,0.0,-0.00696712,1578.8328330669199,1579.2640045500116,29.2,1.193,66.2,1.1871868356028454,long_ientry_partial,78.59176851690837,0.04977839760542731,1.0
1704314700000.0,529725,1704314700000.0,0.054667212553048516,-0.00392865,1578.883571629473,1579.0631459000115,-16.5,1.1905,49.7,1.1871868356028454,long_nclose,59.00318572946142,0.03737019422437064,7.0
1704314760000.0,529726,1704314760000.0,0.0,-0.003953456000000001,1578.8796181734729,1579.0658224440115,16.6,1.1908,66.3,1.1880914891321483,long_ientry_partial,78.77046572946143,0.04989010233762284,1.0
1704315180000.0,529733,1704315180000.0,0.05459042931955249,-0.00393162,1578.9302769827925,1579.0701408240116,-16.5,1.1914,49.8,1.1880914891321483,long_nclose,59.166956158780984,0.0374728111945793,7.0
1704315240000.0,529734,1704315240000.0,0.0,-0.0039299700000000005,1578.9263470127926,1579.0463208540116,16.5,1.1909,66.3,1.1887904398006182,long_ientry_partial,78.81680615878098,0.04991797515311359,1.0
1704315480000.0,529738,1704315480000.0,0.05460774328979934,-0.0039339299999999995,1578.9770208260825,1579.1667369240117,-16.5,1.1921,49.8,1.1887904398006182,long_nclose,59.20176390207078,0.0374937463441348,4.0
1704315540000.0,529739,1704315540000.0,0.0,-0.003911728000000001,1578.9731090980824,1579.0569051960117,16.4,1.1926,66.2,1.189734197916477,long_ientry_partial,78.76040390207078,0.0498807759601803,1.0
1704315660000.0,529741,1704315660000.0,0.0538857343781296,-0.0039369,1579.0230579324605,1579.2151882960115,-16.5,1.193,49.7,1.189734197916477,long_nclose,59.12978963644891,0.03744707168106349,2.0
1704315720000.0,529742,1704315720000.0,0.0,-0.003915007999999999,1579.0191429244605,1579.2641532880116,16.4,1.1936,66.1,1.1906933379190456,long_ientry_partial,78.7048296364489,0.04984412632938808,1.0
1704316500000.0,529755,1704316500000.0,0.05455992433574619,-0.0039402000000000005,1579.0697626487963,1579.3329730880116,-16.5,1.194,49.6,1.1906933379190456,long_nclose,59.05838956078467,0.037400747552608256,13.0
1704316560000.0,529756,1704316560000.0,0.0,-0.003922879999999999,1579.0658397687964,1579.4478502080117,16.4,1.196,66.0,1.192011963042192,long_ientry_partial,78.67278956078466,0.049822361791009157,1.0
1704316740000.0,529759,1704316740000.0,0.05425260980383373,-0.003944490000000001,1579.1161478886002,1579.2888057180116,-16.5,1.1953,49.5,1.192011963042192,long_nclose,59.0045921705885,0.03736558089756867,3.0
1704316860000.0,529761,1704316860000.0,0.0,-0.0039451500000000006,1579.1122027386002,1579.2782605680118,16.5,1.1955,66.0,1.192883972281644,long_ientry_partial,78.7303421705885,0.04985734518044327,2.0
1704316920000.0,529762,1704316920000.0,0.054714457352872836,-0.00394746,1579.162969735953,1579.2924631080118,-16.5,1.1962,49.5,1.192883972281644,long_nclose,59.047756627941375,0.03739180677331521,1.0
1704316980000.0,529763,1704316980000.0,0.040787140935777934,-0.002942652,1579.200814224889,1579.3725304560119,-12.3,1.1962,37.2,1.192883972281644,long_nclose,44.37528376887716,0.028099835922803556,1.0
1704317040000.0,529764,1704317040000.0,0.0,-0.006873649999999999,1579.193940574889,1579.4117868060118,28.7,1.1975,65.9,1.1948942908782574,long_ientry_partial,78.74353376887717,0.04986311797790423,1.0
1704317160000.0,529766,1704317160000.0,0.05421362959657782,-0.003930096,1579.2442241084857,1579.3979567100118,-16.4,1.1982,49.5,1.1948942908782574,long_nclose,59.14726739847374,0.037452894552686126,2.0
1704317280000.0,529768,1704317280000.0,0.0,-0.00392944,1579.2402946684856,1579.4533372700118,16.4,1.198,65.9,1.1956671835883723,long_ientry_partial,78.79446739847374,0.04989390637035024,2.0
1704317280000.0,529768,1704317280000.0,0.031153641863019655,-0.002947572,1579.2685007383486,1579.441779698012,-12.3,1.1982,53.6,1.1956671835883723,long_nclose,64.08776104033676,0.04058066187628898,0.0
1704318660000.0,529791,1704318660000.0,0.044659739915811826,-0.0032133200000000004,1579.3099471582645,1579.496186378012,-13.4,1.199,40.2,1.1956671835883723,long_nclose,48.06582078025257,0.030434697677134203,23.0
1704318720000.0,529792,1704318720000.0,0.0,-0.006145536,1579.3038016222645,1579.3321208420118,25.6,1.2003,65.8,1.1974696167211638,long_ientry_partial,78.79350078025257,0.04989128798355054,1.0
1704319200000.0,529800,1704319200000.0,0.054618285772914985,-0.003938624,1579.3544812840373,1579.439962218012,-16.4,1.2008,49.4,1.1974696167211638,long_nclose,59.15499906602549,0.03745517536882008,8.0
1704319260000.0,529801,1704319260000.0,0.0,-0.00395736,1579.3505239240374,1579.3107948580118,16.5,1.1992,65.9,1.1979028689836948,long_ientry_partial,78.9417990660255,0.04998371031016443,1.0
1704331380000.0,530003,1704331380000.0,0.0,-0.021660912,1579.3288630120373,1575.603203946012,93.6,1.1571,159.5,1.1739583640503164,long_rentry,187.24635906602546,0.11856071490323818,202.0
1704337440000.0,530104,1704337440000.0,0.12901711079740846,-0.009370512,1579.4485096108347,1579.9083534340118,-39.8,1.1772,119.7,1.1739583640503164,long_nclose,140.5228161768229,0.08896954558616586,101.0
1704338040000.0,530114,1704338040000.0,0.09692491489554053,-0.007039656,1579.5383948697302,1579.7217337780116,-29.9,1.1772,89.8,1.1739583640503164,long_nclose,105.42146109171841,0.06674194273094126,10.0
1704340500000.0,530155,1704340500000.0,0.0726126452729133,-0.005273856,1579.6057336590031,1579.8713999220117,-22.4,1.1772,67.4,1.1739583640503164,long_nclose,79.12479373699134,0.050091482989053505,41.0
1704340680000.0,530158,1704340680000.0,0.05445948395468499,-0.003955392,1579.6562377509576,1579.8253245300116,-16.8,1.1772,50.6,1.1739583640503164,long_nclose,59.402293220946014,0.03760456978001763,3.0
1704340920000.0,530162,1704340920000.0,0.0,-0.0038850900000000003,1579.6523526609576,1579.6536894400117,16.5,1.1773,67.1,1.1747800778084354,long_ientry_partial,78.827743220946,0.049901956647713665,4.0
1704341400000.0,530170,1704341400000.0,0.053772700599127615,-0.00393452,1579.7021908415568,1579.8896749200117,-16.7,1.178,50.4,1.1747800778084354,long_nclose,59.20891592154514,0.03748106210449876,8.0
1704341460000.0,530171,1704341460000.0,0.0,-0.00391262,1579.6982782215568,1579.8991623000118,16.6,1.1785,67.0,1.1757017301723156,long_ientry_partial,78.77201592154515,0.049865228700652645,1.0
1704341700000.0,530175,1704341700000.0,0.055081106122330165,-0.0039378600000000005,1579.7494214676792,1579.9253844400118,-16.7,1.179,50.3,1.1757017301723156,long_nclose,59.137797027667474,0.03743492241492642,4.0
1704341760000.0,530176,1704341760000.0,0.0,-0.003938528,1579.7454829396793,1579.887945912012,16.7,1.1792,67.0,1.1765736869801116,long_ientry_partial,78.83043702766747,0.0499007200077416,1.0
1704341940000.0,530179,1704341940000.0,0.05387942743213636,-0.003940532,1579.7954218351115,1579.927525380012,-16.7,1.1798,50.3,1.1765736869801116,long_nclose,59.181656455099606,0.03746159511359604,3.0
1704342000000.0,530180,1704342000000.0,0.0,-0.003938528,1579.7914833071115,1579.910186852012,16.7,1.1792,67.0,1.1772283052999941,long_ientry_partial,78.87429645509961,0.04992702979382149,1.0
1704342000000.0,530180,1704342000000.0,0.032146183750073054,-0.0029495,1579.8206799908614,1579.9172373520119,-12.5,1.1798,54.5,1.1772283052999941,long_nclose,64.15894263884968,0.04061153487319891,0.0
1704342300000.0,530185,1704342300000.0,0.04449504792008145,-0.00321096,1579.8619640787815,1579.9875963920117,-13.6,1.1805,40.9,1.1772283052999941,long_nclose,48.14863768676976,0.03047648388373301,5.0
1704342360000.0,530186,1704342360000.0,0.0,-0.006156468000000001,1579.8558076107815,1579.9982299240119,26.1,1.1794,67.0,1.1780742938323845,long_ientry_partial,78.93097768676977,0.04996087447128305,1.0
1704342540000.0,530189,1704342540000.0,0.05386929299917931,-0.003945542,1579.9057313617807,1580.0528943820118,-16.7,1.1813,50.3,1.1780742938323845,long_nclose,59.25713697976894,0.0375067548673888,3.0
1704342600000.0,530190,1704342600000.0,0.04032132709519409,-0.00295325,1579.9430994388758,1580.1066111320117,-12.5,1.1813,37.8,1.1780742938323845,long_nclose,44.53120830686413,0.028185324093430705,1.0
1704342780000.0,530193,1704342780000.0,0.0,-0.0068876960000000004,1579.936211742876,1579.9461234360117,29.2,1.1794,67.0,1.1786520642815543,long_ientry_partial,78.96968830686414,0.04998283330676386,3.0
1704343620000.0,530207,1704343620000.0,0.054240526498041786,-0.003947546,1579.9865047233739,1580.2504758900116,-16.7,1.1819,50.3,1.1786520642815543,long_nclose,59.28619883336218,0.03752323115173828,14.0
1704343860000.0,530211,1704343860000.0,0.0405991964805702,-0.00295475,1580.0241491698544,1580.1620411400115,-12.5,1.1819,37.8,1.1786520642815543,long_nclose,44.55304802984275,0.02819770068277181,4.0
1704344040000.0,530214,1704344040000.0,0.0,-0.006887112000000001,1580.0172620578544,1580.0484540280117,29.2,1.1793,67.0,1.1789344482066082,long_ientry_partial,78.98860802984275,0.049992243709392134,3.0
1704346560000.0,530256,1704346560000.0,0.054534714949641704,-0.003948548,1580.067848224804,1580.3075554800116,-16.7,1.1822,50.3,1.1789344482066082,long_nclose,59.300402744792386,0.037530288848935195,42.0
1704347520000.0,530272,1704347520000.0,0.0,-0.003937526,1580.063910698804,1580.0219779540116,16.7,1.1789,67.0,1.1789258618625729,long_ientry_partial,78.98803274479238,0.04999040368554389,16.0
1704348060000.0,530281,1704348060000.0,0.05467810689503176,-0.003948548,1580.114640257699,1580.2893894060117,-16.7,1.1822,50.3,1.1789258618625729,long_nclose,59.29997085168741,0.037528904131928206,9.0
1704349920000.0,530312,1704349920000.0,0.17157810689503372,-0.003971928,1580.282246436594,1580.6476174780116,-16.7,1.1892,33.6,1.1789258618625729,long_nclose,39.61190895858245,0.025066350677484372,31.0
1704350280000.0,530318,1704350280000.0,0.2902055207087747,-0.004019232,1580.5684327253027,1580.8821582460116,-16.8,1.1962,16.8,1.1789258618625729,long_nclose,19.805954479291223,0.012530906014072868,6.0
1704350760000.0,530326,1704350760000.0,0.14510276035438735,-0.002009616,1580.7115258696572,1580.8322686300116,-8.4,1.1962,8.4,1.1789258618625729,long_nclose,9.902977239645612,0.00626488582994124,8.0
1704351540000.0,530339,1704351540000.0,0.02876758678479607,-0.000665952,1580.739627504442,1580.7938026780116,-2.8,1.1892,5.6,1.1789258618625729,long_nclose,6.6019848264304075,0.00417651630386033,13.0
1704351600000.0,530340,1704351600000.0,0.018493448647368904,-0.0004281120000000001,1580.7576928410895,1580.8001545660118,-1.8,1.1892,3.8,1.1789258618625729,long_nclose,4.479918275077777,0.0028340322462869294,1.0
1704351780000.0,530343,1704351780000.0,0.012328965764912603,-0.000285408,1580.7697363988543,1580.8019091580115,-1.2,1.1892,2.6,1.1789258618625729,long_nclose,3.0652072408426894,0.0019390599214187429,3.0
1704352200000.0,530350,1704352200000.0,0.008219310509941735,-0.00019027200000000004,1580.7777654373642,1580.7982388860116,-0.8,1.1892,1.8,1.1789258618625729,long_nclose,2.1220665513526313,0.0013424192810337925,7.0
1704352320000.0,530352,1704352320000.0,0.006164482882456301,-0.000142704,1580.7837872162468,1580.7956361820118,-0.6,1.1892,1.2,1.1789258618625729,long_nclose,1.4147110342350875,0.0008949427781811878,2.0
1704352860000.0,530361,1704352860000.0,0.0,-0.015519654,1580.7682675622468,1580.6972865280118,65.7,1.1811,66.9,1.1810610020065035,long_ientry_partial,79.0129810342351,0.049983911402829165,9.0
1704352860000.0,530361,1704352860000.0,0.0003416993980489114,-7.0932e-05,1580.7685383296448,1580.6978755960117,-0.3,1.1822,66.6,1.1810610020065035,long_nclose,78.65866273363314,0.0497597597790943,0.0
1704352980000.0,530363,1704352980000.0,0.05376736669203961,-0.003931876,1580.8183738203368,1580.9953237200116,-16.6,1.1843,50.0,1.1810610020065035,long_nclose,59.05305010032518,0.03735599932180234,2.0
1704353280000.0,530368,1704353280000.0,0.040487474918704525,-0.00296075,1580.8559005452555,1580.9961129700116,-12.5,1.1843,37.5,1.1810610020065035,long_nclose,44.289787575243885,0.02801633441730383,5.0
1704353880000.0,530378,1704353880000.0,0.0,-0.006945456,1580.8489550892555,1580.9009975140116,29.4,1.1812,66.9,1.1811220863265153,long_ientry_partial,79.01706757524389,0.049983945221877664,10.0
1704376380000.0,530753,1704376380000.0,0.054741158347193196,-0.0039558959999999995,1580.8997403516028,1581.0693116180116,-16.7,1.1844,50.2,1.1811220863265153,long_nclose,59.29232873359107,0.03750543264711022,375.0
1704376980000.0,530763,1704376980000.0,0.0,-0.004015080000000001,1580.8957252716027,1580.6054965380117,17.1,1.174,67.3,1.1793124626090798,long_ientry_partial,79.36772873359106,0.05020427816006362,10.0
1704377940000.0,530779,1704377940000.0,0.05523062816746016,-0.003973536000000001,1580.94698236377,1581.0726030020116,-16.8,1.1826,50.5,1.1793124626090798,long_nclose,59.55527936175853,0.03767063666658436,16.0
1704378120000.0,530782,1704378120000.0,0.04142297112559512,-0.0029801520000000002,1580.9854251828956,1581.1630828500115,-12.6,1.1826,37.9,1.1793124626090798,long_nclose,44.69594233288412,0.028270938884660174,3.0
1704378600000.0,530790,1704378600000.0,0.030902851474650328,-0.0022232880000000003,1581.01410474637,1581.1305995620114,-9.4,1.1826,28.5,1.1793124626090798,long_nclose,33.610405184358775,0.021258763652681412,8.0
1704379080000.0,530798,1704379080000.0,0.02334151547553376,-0.0016792920000000004,1581.0357669698456,1581.1489202700113,-7.1,1.1826,21.4,1.1793124626090798,long_nclose,25.237286699834307,0.015962502067997583,8.0
1704379200000.0,530800,1704379200000.0,0.017423948171877313,-0.001253556,1581.0519373620175,1581.1161367140114,-5.3,1.1826,16.1,1.1793124626090798,long_nclose,18.986930648006187,0.012009049291376125,2.0
1704379380000.0,530803,1704379380000.0,0.05452394817187676,-0.001260976,1581.1052003341895,1581.2152257380114,-5.3,1.1896,10.8,1.1793124626090798,long_nclose,12.736574596178063,0.008055488397284382,3.0
1704379440000.0,530804,1704379440000.0,0.03703513460731252,-0.000856512,1581.1413789567969,1581.2377692260116,-3.6,1.1896,7.2,1.1793124626090798,long_nclose,8.491049730785376,0.005370202717980594,1.0
1704379860000.0,530811,1704379860000.0,0.06223513460731294,-0.0008615520000000002,1581.2027525394042,1581.2631876740115,-3.6,1.1966,3.6,1.1793124626090798,long_nclose,4.245524865392688,0.00268499713814335,7.0
1704379920000.0,530812,1704379920000.0,0.03111756730365647,-0.0004307760000000001,1581.2334393307078,1581.2697768980115,-1.8,1.1966,1.8,1.1793124626090798,long_nclose,2.122762432696344,0.0013424725153768885,1.0
1704380280000.0,530818,1704380280000.0,0.04371756730365628,-0.000433296,1581.2767236020115,1581.2767236020115,-1.8,1.2036,0.0,1.1793124626090798,long_nclose,0.0,0.0,6.0
1704417420000.0,531437,1704417420000.0,0.0,-0.0158096,1581.2609140020115,1581.4052340020116,65.6,1.205,65.6,1.205,long_ientry_normal,79.048,0.04999048499841655,619.0
1704417600000.0,531440,1704417600000.0,0.05411999999999768,-0.003963224,1581.3110707780115,1581.4881907780116,-16.4,1.2083,49.2,1.205,long_nclose,59.28600000000001,0.037491674532343,3.0
1704417780000.0,531443,1704417780000.0,0.0,-0.0039524,1581.3071183780116,1581.3727183780115,16.4,1.205,65.6,1.205,long_ientry_partial,79.048,0.049989024321272654,3.0
1704418260000.0,531451,1704418260000.0,0.05411999999999768,-0.003963224,1581.3572751540116,1581.5491551540117,-16.4,1.2083,49.2,1.205,long_nclose,59.28600000000001,0.037490579093978633,8.0
1704418380000.0,531453,1704418380000.0,0.0,-0.0039524,1581.3533227540117,1581.4845227540118,16.4,1.205,65.6,1.205,long_ientry_partial,79.048,0.049987563729485616,2.0
1704418440000.0,531454,1704418440000.0,0.05411999999999768,-0.003963224,1581.4034795300117,1581.5363195300117,-16.4,1.2083,49.2,1.205,long_nclose,59.28600000000001,0.03748948371962583,1.0
1704418500000.0,531455,1704418500000.0,0.040589999999998266,-0.002972418,1581.441097112012,1581.6588071120118,-12.3,1.2083,36.9,1.205,long_nclose,44.4645,0.028116443970755505,1.0
1704418920000.0,531462,1704418920000.0,0.030359999999998697,-0.0022232719999999997,1581.4692338400118,1581.496933840012,-9.2,1.2083,27.7,1.205,long_nclose,33.3785,0.02110600654490931,7.0
1704419040000.0,531464,1704419040000.0,0.0,-0.0091339,1581.4600999400118,1581.4535399400118,37.9,1.205,65.6,1.205,long_ientry_partial,79.048,0.049984188664006425,2.0
1704419280000.0,531468,1704419280000.0,0.0,-0.02169696,1581.4384029800117,1578.1771229800117,93.2,1.164,158.8,1.1809370277078084,long_rentry,187.53279999999998,0.11858368915704791,4.0
1704419640000.0,531474,1704419640000.0,0.1295400000000035,-0.009402548,1581.5585404320116,1581.9828904320116,-39.7,1.1842,119.1,1.1809370277078084,long_nclose,140.64959999999996,0.08893101102762895,6.0
1704419940000.0,531479,1704419940000.0,0.09691027707808826,-0.007034148,1581.6484165610896,1582.1457462840115,-29.7,1.1842,89.4,1.1809370277078084,long_nclose,105.57577027707808,0.06675046689998713,5.0
1704420000000.0,531480,1704420000000.0,0.3058365743073109,-0.007099552,1581.9471535833968,1582.7376267320114,-29.8,1.1912,59.6,1.1809370277078084,long_nclose,70.38384685138539,0.04449190776819139,1.0
1704420120000.0,531482,1704420120000.0,0.5174165743073075,-0.007141868,1582.4574282897042,1582.9837848640116,-29.8,1.1983,29.8,1.1809370277078084,long_nclose,35.19192342569269,0.022238780517291758,2.0
1704420180000.0,531483,1704420180000.0,0.0,-0.008677864000000002,1582.4487504257042,1582.8497070000114,36.2,1.1986,66.0,1.1906249003892833,long_ientry_partial,78.58124342569269,0.049658002134067895,1.0
1704420360000.0,531486,1704420360000.0,0.0540391435768256,-0.00393987,1582.498849699281,1582.6609671300114,-16.5,1.1939,49.5,1.1906249003892833,long_nclose,58.93593256926952,0.03724232253342174,3.0
1704420420000.0,531487,1704420420000.0,0.0,-0.004011504,1582.494838195281,1582.3652356260116,16.8,1.1939,66.3,1.1914547898834016,long_ientry_partial,78.99345256926952,0.04991703648105149,1.0
1704422280000.0,531518,1704422280000.0,0.053545966923875365,-0.003942510000000001,1582.544441652205,1582.7558531160116,-16.5,1.1947,49.8,1.1914547898834016,long_nclose,59.3344485361934,0.037493069372666187,31.0
1704422340000.0,531519,1704422340000.0,0.0,-0.003921895999999999,1582.540519756205,1582.4672712200115,16.4,1.1957,66.2,1.1925064733563957,long_ientry_partial,78.9439285361934,0.049884301571219765,1.0
1704452340000.0,532019,1704452340000.0,0.0,-0.02165572,1582.518864036205,1581.1123155000116,94.0,1.1519,160.2,1.168679953409447,long_rentry,187.22252853619338,0.1183066646413828,500.0
1704465720000.0,532242,1704465720000.0,0.0,-0.051260072000000004,1582.467603964205,1575.9953154280115,227.6,1.1261,387.8,1.1436897589896684,long_rentry,443.5228885361934,0.280272965730947,223.0
1704474300000.0,532385,1704474300000.0,0.0,-0.22779715199999997,1582.239806812205,1575.580758276012,1039.6,1.0956,1427.4,1.1086651594060482,long_rentry,1582.5086485361933,1.000169912122569,143.0
1704474900000.0,532395,1704474900000.0,1.0828311239219879,-0.079330912,1583.243307024127,1585.421807364012,-356.8,1.1117,1070.6,1.1086651594060482,long_nclose,1186.936919660115,0.7496869965558789,10.0
1704475020000.0,532397,1704475020000.0,0.812123342941491,-0.05949818400000001,1583.9959321830686,1586.995009180012,-267.6,1.1117,803.0,1.1086651594060482,long_nclose,890.2581230030567,0.5620330866482087,2.0
1704475920000.0,532412,1704475920000.0,0.6090925072061182,-0.04462363799999999,1584.5604010522745,1586.4485155420116,-200.7,1.1117,602.3,1.1086651594060482,long_nclose,667.7490255102628,0.4214096383241839,15.0
1704476160000.0,532416,1704476160000.0,0.45674350938973984,-0.03346217,1584.9836823916644,1586.5807233720118,-150.5,1.1117,451.8,1.1086651594060482,long_nclose,500.89491901965255,0.31602528441417527,4.0
1704476340000.0,532419,1704476340000.0,1.4510069934491592,-0.033683196,1586.4010061891136,1589.543980176012,-150.6,1.1183,301.2,1.1086651594060482,long_nclose,333.9299460131017,0.2104952938823932,3.0
1704476460000.0,532421,1704476460000.0,0.9673379956327729,-0.022455464000000005,1587.3458887207464,1589.240404712012,-100.4,1.1183,200.8,1.1086651594060482,long_nclose,222.61996400873448,0.14024666305599312,2.0
1704476520000.0,532422,1704476520000.0,0.6445708357353835,-0.014962854000000003,1587.9754967024817,1589.305771858012,-66.9,1.1183,133.9,1.1086651594060482,long_nclose,148.45026484446984,0.0934839770215189,1.0
1704476820000.0,532427,1704476820000.0,0.4297138904902557,-0.009975236000000002,1588.395235356972,1589.193116622012,-44.6,1.1183,89.3,1.1086651594060482,long_nclose,99.0037987349601,0.062329448320656934,5.0
1704476880000.0,532428,1704476880000.0,0.28615476564037207,-0.006642702,1588.6747474206124,1589.159583920012,-29.7,1.1183,59.6,1.1086651594060482,long_nclose,66.07644350060048,0.04159217839138113,1.0
1704477120000.0,532432,1704477120000.0,0.19076984376024805,-0.0044284680000000005,1588.8610887963728,1589.2365954520121,-19.8,1.1183,39.8,1.1086651594060482,long_nclose,44.124873344360715,0.02777138521139511,4.0
1704477180000.0,532433,1704477180000.0,0.0,-0.006999306000000002,1588.8540894903729,1589.407346146012,31.3,1.1181,71.1,1.1128186124382662,long_ientry_partial,79.12140334436071,0.04979777807648719,1.0
1704477180000.0,532433,1704477180000.0,0.07235431581488729,-0.002952312,1588.9234914941878,1589.3740338340122,-13.2,1.1183,57.9,1.1128186124382662,long_nclose,64.43219766017562,0.040550849682249354,0.0
1704477840000.0,532444,1704477840000.0,0.18685077994146365,-0.004332850000000001,1589.1060094241293,1589.5067309840122,-19.3,1.1225,38.6,1.1128186124382662,long_nclose,42.954798440117074,0.027030794789885237,11.0
1704478140000.0,532449,1704478140000.0,0.0,-0.007210944000000001,1589.0987984801293,1589.5560800400121,32.1,1.1232,70.7,1.1175320854330562,long_ientry_partial,79.00951844011708,0.04971970183080158,5.0
1704478440000.0,532454,1704478440000.0,0.22954599232317963,-0.0052983100000000005,1589.3230461624526,1589.7888117300124,-23.5,1.1273,47.2,1.1175320854330562,long_nclose,52.747514432440255,0.03318866769081549,5.0
1704478500000.0,532455,1704478500000.0,0.0,-0.005253684,1589.3177924784525,1589.6425580460123,23.3,1.1274,70.5,1.1207933962048264,long_ientry_partial,79.01593443244026,0.04971688784105243,1.0
1704479760000.0,532476,1704479760000.0,0.054676226795053046,-0.003956128,1589.3685125772474,1589.548721918012,-17.6,1.1239,52.9,1.1207933962048264,long_nclose,59.289970659235316,0.03730410549224573,21.0
1704480120000.0,532482,1704480120000.0,0.0,-0.003948350000000001,1589.3645642272475,1589.666603568012,17.5,1.1281,70.4,1.122609668455047,long_ientry_partial,79.03172065923532,0.04972535718868296,6.0
1704480540000.0,532489,1704480540000.0,0.05438983519117038,-0.003962464,1589.4149915984385,1589.578161104012,-17.6,1.1257,52.8,1.122609668455047,long_nclose,59.27379049442648,0.03729283466416545,7.0
1704480600000.0,532490,1704480600000.0,0.0,-0.004007492,1589.4109841064385,1589.524733612012,17.8,1.1257,70.6,1.1233888172015083,long_ientry_partial,79.31125049442647,0.0498997750031374,1.0
1704480600000.0,532490,1704480600000.0,0.0305076129400895,-0.0029718479999999996,1589.4385198713785,1589.531001764012,-13.2,1.1257,57.4,1.1233888172015083,long_nclose,64.48251810736657,0.04056936918364396,0.0
1704483960000.0,532546,1704483960000.0,0.04448991401843221,-0.00322179,1589.479787995397,1589.678529974012,-14.3,1.1265,43.1,1.1233888172015083,long_nclose,48.41805802138501,0.030461575156264412,56.0
1704484080000.0,532548,1704484080000.0,0.0,-0.00618144,1589.4736065553968,1589.6934985340117,27.4,1.128,70.5,1.1251809648423405,long_ientry_partial,79.32525802138501,0.04990662172320905,2.0
1704487440000.0,532604,1704487440000.0,0.054895018774807985,-0.003971616000000001,1589.5245299581718,1589.705396918012,-17.6,1.1283,52.9,1.1251809648423405,long_nclose,59.52207304015981,0.03744646396977978,56.0
1704487800000.0,532610,1704487800000.0,0.0,-0.0039539499999999995,1589.5205760081717,1589.6399529680118,17.5,1.1297,70.4,1.1263043045477246,long_ientry_partial,79.29182304015981,0.049884112377638186,6.0
1704488040000.0,532614,1704488040000.0,0.05448423996004693,-0.003975488,1589.5710847601317,1589.9774174800118,-17.6,1.1294,52.8,1.1263043045477246,long_nclose,59.46886728011985,0.03741189547939832,4.0
1704488040000.0,532614,1704488040000.0,0.17240423996004958,-0.003999072000000001,1589.7394899280919,1590.010378408012,-17.6,1.1361,35.2,1.1263043045477246,long_nclose,39.645911520079906,0.024938621561117032,0.0
1704488100000.0,532615,1704488100000.0,0.11460963679162385,-0.002658474,1589.8514410908833,1590.0722399340118,-11.7,1.1361,23.5,1.1263043045477246,long_nclose,26.468151156871528,0.016648191442786814,1.0
1704488280000.0,532618,1704488280000.0,0.07640642452774923,-0.0017723160000000001,1589.9260751994111,1590.0688776180118,-7.8,1.1361,15.7,1.1263043045477246,long_nclose,17.682977581399275,0.011121886644434992,3.0
1704488400000.0,532620,1704488400000.0,0.050937616351832825,-0.0011815440000000003,1589.975831271763,1590.0734360740119,-5.2,1.1361,10.5,1.1263043045477246,long_nclose,11.826195197751108,0.007437971675513942,2.0
1704488640000.0,532624,1704488640000.0,0.0,-0.013533805999999999,1589.962297465763,1590.026112268012,59.9,1.1297,70.4,1.1291935397407826,long_ientry_partial,79.4952251977511,0.04999818255090598,4.0
1704489840000.0,532644,1704489840000.0,0.05467370056222727,-0.003985696000000001,1590.0129854703252,1590.2350865720118,-17.6,1.1323,52.8,1.1291935397407826,long_nclose,59.62141889831332,0.037497441494590895,20.0
1704490200000.0,532650,1704490200000.0,0.04100527542167045,-0.0029892720000000003,1590.051001473747,1590.1621373000119,-13.2,1.1323,39.6,1.1291935397407826,long_nclose,44.71606417373499,0.028122408735499475,6.0
1704490260000.0,532651,1704490260000.0,0.03075395656625284,-0.0022419540000000004,1590.0795134763132,1590.177715346012,-9.9,1.1323,29.7,1.1291935397407826,long_nclose,33.537048130301244,0.0210914283506369,1.0
1704490500000.0,532655,1704490500000.0,0.022987805918209193,-0.0016758040000000001,1590.1008254782316,1590.1723295420122,-7.4,1.1323,22.3,1.1291935397407826,long_nclose,25.181015936219453,0.0158361127374713,4.0
1704490860000.0,532661,1704490860000.0,0.01708553142569602,-0.0012455300000000001,1590.1166654796573,1590.141974012012,-5.5,1.1323,16.8,1.1291935397407826,long_nclose,18.970451467645148,0.011930226177412415,6.0
1704490920000.0,532662,1704490920000.0,0.0,-0.012109312,1590.1045561676574,1590.0973047000123,53.6,1.1296,70.4,1.1295030038017777,long_ientry_partial,79.51701146764516,0.050007410619142365,1.0
1704491220000.0,532667,1704491220000.0,0.05450713308871329,-0.0039867520000000005,1590.1550765487461,1590.4928379480123,-17.6,1.1326,52.8,1.1295030038017777,long_nclose,59.63775860073386,0.03750436638555464,5.0
1704493800000.0,532710,1704493800000.0,0.04088034981653496,-0.002990064,1590.1929668345626,1590.3710478840123,-13.2,1.1326,39.6,1.1295030038017777,long_nclose,44.728318950550396,0.0281276045633547,43.0
1704494220000.0,532717,1704494220000.0,0.0,-0.006940656,1590.1860261785625,1590.2848172280121,30.7,1.1304,70.3,1.129894721913946,long_ientry_partial,79.4315989505504,0.04995113630914965,7.0
1704494400000.0,532720,1704494400000.0,0.054342366505946704,-0.0039655,1590.2364030450685,1590.4373217280122,-17.5,1.133,52.8,1.129894721913946,long_nclose,59.658441317056344,0.037515454433579315,3.0
1704494760000.0,532726,1704494760000.0,0.040989670735914085,-0.00299112,1590.2744015958044,1590.4290506080122,-13.2,1.133,39.6,1.129894721913946,long_nclose,44.74383098779226,0.028135918520032038,6.0
1704494940000.0,532729,1704494940000.0,0.030742253051935564,-0.0022433400000000004,1590.3029005088565,1590.3862172680124,-9.9,1.133,29.7,1.129894721913946,long_nclose,33.557873240844195,0.02110156073418877,3.0
1704495000000.0,532730,1704495000000.0,0.02297905783680032,-0.00167684,1590.3242027266933,1590.3889904280124,-7.4,1.133,22.3,1.129894721913946,long_nclose,25.196652298680995,0.01584372057941395,1.0
1704495180000.0,532733,1704495180000.0,0.017079029473297536,-0.0012463,1590.3400354561666,1590.4039641280124,-5.5,1.133,16.8,1.129894721913946,long_nclose,18.982231328154292,0.011935957659966415,3.0
1704495600000.0,532740,1704495600000.0,0.05490955728190254,-0.001276464,1590.3936685494484,1590.5236476640123,-5.6,1.1397,11.2,1.129894721913946,long_nclose,12.654820885436193,0.007957036761205346,7.0
1704496260000.0,532751,1704496260000.0,0.09298955728190332,-0.00128408,1590.4853740267304,1590.5906835840124,-5.6,1.1465,5.6,1.129894721913946,long_nclose,6.327410442718096,0.003978288984009076,11.0
1704496560000.0,532756,1704496560000.0,0.04649477864095166,-0.00064204,1590.5312267653712,1590.574921544012,-2.8,1.1465,2.8,1.129894721913946,long_nclose,3.163705221359048,0.0019890871478160203,5.0
1704496860000.0,532761,1704496860000.0,0.02324738932047583,-0.00032102,1590.5541531346917,1590.577680524012,-1.4,1.1465,1.4,1.129894721913946,long_nclose,1.581852610679524,0.0009945292384808033,5.0
1704496980000.0,532763,1704496980000.0,0.011623694660237915,-0.00016051,1590.565616319352,1590.5770300140123,-0.7,1.1465,0.7,1.129894721913946,long_nclose,0.790926305339762,0.0004972610354610864,2.0
1704497040000.0,532764,1704497040000.0,0.004981583425816249,-6.879000000000001e-05,1590.570529112778,1590.5774512240125,-0.3,1.1465,0.4,1.129894721913946,long_nclose,0.4519578887655784,0.0002841482854694164,1.0
1704497220000.0,532767,1704497220000.0,0.003321055617210833,-4.586000000000001e-05,1590.5738043083952,1590.5770453640125,-0.2,1.1465,0.2,1.129894721913946,long_nclose,0.2259789443827892,0.00014207385018581275,3.0
1704497280000.0,532768,1704497280000.0,0.0016605278086054165,-2.2930000000000006e-05,1590.5754419062039,1590.5771324340126,-0.1,1.1465,0.1,1.129894721913946,long_nclose,0.1129894721913946,7.103685195590841e-05,1.0
1704497520000.0,532772,1704497520000.0,0.0016605278086054165,-2.2930000000000006e-05,1590.5770795040125,1590.5770795040125,-0.1,1.1465,0.0,1.129894721913946,long_nclose,0.0,0.0,4.0
1704501960000.0,532846,1704501960000.0,0.0,-0.015911298,1590.5611682060126,1590.5401382060124,70.1,1.1349,70.1,1.1349,long_ientry_normal,79.55649,0.05001787519415644,74.0
1704502260000.0,532851,1704502260000.0,0.05424999999999791,-0.003983,1590.6114352060124,1590.7744952060125,-17.5,1.138,52.6,1.1349,long_nclose,59.69574,0.03753005836542873,5.0
1704502380000.0,532853,1704502380000.0,0.04060999999999843,-0.00298156,1590.6490636460123,1590.7952136460124,-13.1,1.138,39.5,1.1349,long_nclose,44.82855,0.028182552031461968,2.0
1704503340000.0,532869,1704503340000.0,0.0,-0.006946812,1590.6421168340123,1590.7131068340123,30.6,1.1351,70.1,1.1349873038516405,long_ientry_partial,79.56260999999999,0.050019177260539345,16.0
1704503700000.0,532875,1704503700000.0,0.05447218259628961,-0.003983349999999999,1590.6926056666086,1590.7984734840124,-17.5,1.1381,52.6,1.1349873038516405,long_nclose,59.70033218259629,0.037531030175109024,6.0
1704503820000.0,532877,1704503820000.0,0.0,-0.00397285,1590.6886328166086,1590.6454906340123,17.5,1.1351,70.1,1.1350154376975221,long_ientry_partial,79.5645821825963,0.05001895439568992,2.0
1704518880000.0,533128,1704518880000.0,0.0,-0.021840288,1590.6667925286085,1586.9077103460122,99.6,1.0964,169.7,1.1123513387306794,long_rentry,188.7660221825963,0.11867100204092636,251.0
1704523920000.0,533212,1704523920000.0,0.0,-0.051682196,1590.6151103326085,1584.7605481500123,241.1,1.0718,410.8,1.0885516119342655,long_rentry,447.1770021825963,0.2811346373347909,84.0
1704529980000.0,533313,1704529980000.0,0.3130694543509204,-0.022421464,1590.9057583229594,1591.8757766860122,-102.7,1.0916,308.1,1.0885516119342655,long_nclose,335.38275163694726,0.21081245691793102,101.0
1704530700000.0,533325,1704530700000.0,0.2347258810615469,-0.016810639999999998,1591.1236735640211,1591.7357160460124,-77.0,1.0916,231.1,1.0885516119342655,long_nclose,251.56427751800877,0.1581047920395276,12.0
1704530820000.0,533327,1704530820000.0,0.17589199139287348,-0.012597064,1591.2869684914142,1591.9889589820125,-57.7,1.0916,173.4,1.0885516119342655,long_nclose,188.75484950940165,0.11861773096046069,2.0
1704531360000.0,533336,1704531360000.0,0.5461168301994574,-0.012692880000000002,1591.8203924416136,1592.9241861020125,-57.8,1.098,115.6,1.0885516119342655,long_nclose,125.83656633960109,0.07905198786063211,9.0
1704531480000.0,533338,1704531480000.0,0.3637629405307805,-0.008454600000000001,1592.1757007821443,1592.8887515020124,-38.5,1.098,77.1,1.0885516119342655,long_nclose,83.92732928013187,0.05271235406927967,2.0
1704531540000.0,533339,1704531540000.0,0.24282357328937815,-0.0056437200000000005,1592.4128806354336,1592.9293677820124,-25.7,1.098,51.4,1.0885516119342655,long_nclose,55.95155285342125,0.035136335264441244,1.0
1704531600000.0,533340,1704531600000.0,0.0,-0.004636092000000001,1592.4082445434335,1592.8594816900122,21.1,1.0986,72.5,1.0914760393575342,long_ientry_partial,79.13201285342123,0.04969329512364433,1.0
1704532020000.0,533347,1704532020000.0,0.054733687628630893,-0.003962090000000001,1592.4590161410622,1592.6779196000123,-18.1,1.0945,54.4,1.0914760393575342,long_nclose,59.37629654104986,0.03728591815501406,7.0
1704532080000.0,533348,1704532080000.0,0.0,-0.004009530000000001,1592.4550066110621,1592.7756900700122,18.3,1.0955,72.7,1.0924889482950462,long_ientry_partial,79.42394654104986,0.04987515892839803,1.0
1704534300000.0,533385,1704534300000.0,0.2301674512598849,-0.00533368,1592.679840382322,1593.1702263900122,-24.2,1.102,48.5,1.0924889482950462,long_nclose,52.98571399230974,0.03326827693103125,37.0
1704534360000.0,533386,1704534360000.0,0.0,-0.005244568,1592.674595814322,1593.0828018220122,23.8,1.1018,72.3,1.0955539971273822,long_ientry_partial,79.20855399230973,0.04973304289556463,1.0
1704534660000.0,533391,1704534660000.0,0.05482805170712046,-0.00395496,1592.725468906029,1592.8202768620122,-18.0,1.0986,54.3,1.0955539971273822,long_nclose,59.48858204401685,0.037350179428521896,5.0
1704534720000.0,533392,1704534720000.0,0.0,-0.004016118,1592.721452788029,1592.787220744012,18.3,1.0973,72.6,1.0959941052894884,long_ientry_partial,79.56917204401685,0.0499579960480425,1.0
1704535200000.0,533400,1704535200000.0,0.05440669426026002,-0.00397838,1592.7718811022892,1592.941152364012,-18.1,1.099,54.5,1.0959941052894884,long_nclose,59.73167873827712,0.03750171600024693,8.0
1704535320000.0,533402,1704535320000.0,0.0,-0.00395676,1592.7679243422892,1592.8791956040122,18.0,1.0991,72.5,1.096765223976236,long_ientry_partial,79.51547873827711,0.049922827753523406,2.0
1704536640000.0,533424,1704536640000.0,0.05492944603013055,-0.003981276000000001,1592.8188725123193,1592.9186843280122,-18.1,1.0998,54.4,1.096765223976236,long_nclose,59.664028184307234,0.037458137402779784,22.0
1704536700000.0,533425,1704536700000.0,0.0,-0.003976932,1592.8148955803194,1592.9074573960122,18.1,1.0986,72.5,1.0972232853007895,long_ientry_partial,79.54868818430724,0.04994220508926419,1.0
1704536700000.0,533425,1704536700000.0,0.03504331990926435,-0.0029914560000000004,1592.8469474442286,1592.9221459400121,-13.6,1.0998,58.9,1.0972232853007895,long_nclose,64.6264515042165,0.04057291983257501,0.0
1704536820000.0,533427,1704536820000.0,0.04522770607839521,-0.0032348820000000006,1592.888940268307,1593.064711058012,-14.7,1.1003,44.2,1.0972232853007895,long_nclose,48.497269210294895,0.030446108315703414,2.0
1704538140000.0,533449,1704538140000.0,0.0,-0.006188182,1592.882752086307,1593.039642876012,28.1,1.1011,72.3,1.0987300029086433,long_ientry_partial,79.4381792102949,0.049870700844898544,22.0
1704538200000.0,533450,1704538200000.0,0.05525994764441844,-0.0039664800000000005,1592.9340455539514,1593.089886396012,-18.0,1.1018,54.3,1.0987300029086433,long_nclose,59.66103915793933,0.03745355265929537,1.0
1704538260000.0,533451,1704538260000.0,0.0,-0.003963960000000001,1592.9300815939514,1593.1021524360121,18.0,1.1011,72.3,1.0993200436782757,long_ientry_partial,79.48083915793933,0.04989599987866858,1.0
1704541380000.0,533503,1704541380000.0,0.055439213791037556,-0.00396864,1592.9815521677424,1593.170513796012,-18.0,1.1024,54.3,1.0993200436782757,long_nclose,59.69307837173037,0.03747254843629516,52.0
1704541920000.0,533512,1704541920000.0,0.0,-0.003983810000000001,1592.9775683577425,1592.9981999860122,18.1,1.1005,72.4,1.0996150327587066,long_ientry_partial,79.61212837173036,0.04997692996631795,9.0
1704542520000.0,533522,1704542520000.0,0.055837907067409966,-0.003991774,1593.0294144908098,1593.218648212012,-18.1,1.1027,54.3,1.0996150327587066,long_nclose,59.709096278797766,0.03748147757703706,10.0
1704543780000.0,533543,1704543780000.0,0.04164705775746047,-0.00297729,1593.0680842585673,1593.1694709220121,-13.5,1.1027,40.8,1.0996150327587066,long_nclose,44.86429333655523,0.028162194560212787,21.0
1704543840000.0,533544,1704543840000.0,0.03146666586119235,-0.002249508,1593.0973014164285,1593.145801414012,-10.2,1.1027,30.6,1.0996150327587066,long_nclose,33.64822000241642,0.021121258552443515,1.0
1704543900000.0,533545,1704543900000.0,0.0,-0.009201852,1593.0880995644286,1593.1574995620122,41.8,1.1007,72.4,1.1002414364974642,long_ientry_partial,79.65748000241642,0.05000193022858926,1.0
1704544260000.0,533551,1704544260000.0,0.055359999395897065,-0.003993946000000001,1593.1394656178245,1593.3489856160122,-18.1,1.1033,54.3,1.1002414364974642,long_nclose,59.743110001812305,0.0375002385485716,6.0
1704544740000.0,533559,1704544740000.0,0.0,-0.0039845340000000005,1593.1354810838245,1593.0590210820121,18.1,1.1007,72.4,1.100356077373098,long_ientry_partial,79.66578000181231,0.05000565297033932,8.0
1704547800000.0,533610,1704547800000.0,0.055094999546924324,-0.003994308,1593.1865817753715,1593.3790167740121,-18.1,1.1034,54.3,1.100356077373098,long_nclose,59.74933500135922,0.037503036797345735,51.0
1704548160000.0,533616,1704548160000.0,0.041092955463175596,-0.00297918,1593.2246955508347,1593.3529675940122,-13.5,1.1034,40.8,1.100356077373098,long_nclose,44.894527956822394,0.02817840326112994,6.0
1704548520000.0,533622,1704548520000.0,0.031048010794399335,-0.002250936,1593.253492625629,1593.3558166580121,-10.2,1.1034,30.6,1.100356077373098,long_nclose,33.6708959676168,0.02113342046539517,6.0
1704549780000.0,533643,1704549780000.0,0.09836801079440098,-0.0022644,1593.3495962364234,1593.544292258012,-10.2,1.11,20.4,1.100356077373098,long_nclose,22.447263978411197,0.014088097195639193,21.0
1704549840000.0,533644,1704549840000.0,0.06557867386293399,-0.0015096,1593.4136653102864,1593.5570626580122,-6.8,1.11,13.6,1.100356077373098,long_nclose,14.964842652274132,0.009391687154484156,1.0
1704550560000.0,533656,1704550560000.0,0.10977867386293365,-0.00151844,1593.5219255441493,1593.6412242180122,-6.8,1.1165,6.8,1.100356077373098,long_nclose,7.482421326137066,0.004695524552372883,12.0
1704551280000.0,533668,1704551280000.0,0.054889336931466824,-0.00075922,1593.5760556610808,1593.6214249980123,-3.4,1.1165,3.4,1.100356077373098,long_nclose,3.741210663068533,0.002347682528096549,12.0
1704551400000.0,533670,1704551400000.0,0.027444668465733412,-0.00037961,1593.6031207195465,1593.6336253880122,-1.7,1.1165,1.7,1.100356077373098,long_nclose,1.8706053315342666,0.0011738213280416065,2.0
1704552180000.0,533683,1704552180000.0,0.012915138101521607,-0.00017864000000000004,1593.615857217648,1593.6308367480121,-0.8,1.1165,0.9,1.100356077373098,long_nclose,0.9903204696357882,0.0006214298540959707,13.0
1704552960000.0,533696,1704552960000.0,0.006457569050760803,-8.932000000000002e-05,1593.6222254666989,1593.6300974280123,-0.4,1.1165,0.5,1.100356077373098,long_nclose,0.550178038686549,0.00034523742822765107,13.0
1704553080000.0,533698,1704553080000.0,0.0032287845253804017,-4.466000000000001e-05,1593.6254095912243,1593.6303127680123,-0.2,1.1165,0.3,1.100356077373098,long_nclose,0.3301068232119294,0.00020714204305803837,2.0
1704553200000.0,533700,1704553200000.0,0.0016143922626902008,-2.2330000000000005e-05,1593.6270016534868,1593.6302104380122,-0.1,1.1165,0.2,1.100356077373098,long_nclose,0.2200712154746196,0.00013809455741292166,2.0
1704553560000.0,533706,1704553560000.0,0.0016143922626902008,-2.2330000000000005e-05,1593.6285937157493,1593.630268108012,-0.1,1.1165,0.1,1.100356077373098,long_nclose,0.1100356077373098,6.904720972704667e-05,6.0
1704553740000.0,533709,1704553740000.0,0.0016143922626902008,-2.2330000000000005e-05,1593.6301857780118,1593.6301857780118,-0.1,1.1165,0.0,1.100356077373098,long_nclose,0.0,0.0,3.0
1704568500000.0,533955,1704568500000.0,0.0,-0.015940344,1593.6142454340118,1593.5783954340118,71.7,1.1116,71.7,1.1116,long_ientry_normal,79.70172,0.050013182442588976,246.0
1704571020000.0,533997,1704571020000.0,0.055490000000001836,-0.003990626,1593.6657448080118,1593.9078448080118,-17.9,1.1147,53.8,1.1116,long_nclose,59.80407999999999,0.03752611248301918,42.0
1704571200000.0,534000,1704571200000.0,0.041540000000001374,-0.0029873960000000002,1593.7042974120118,1593.833577412012,-13.4,1.1147,40.4,1.1116,long_nclose,44.90864,0.02817877825448946,3.0
1704571800000.0,534010,1704571800000.0,0.0,-0.0069567380000000005,1593.6973406740117,1593.7497506740117,31.3,1.1113,71.7,1.1114690376569036,long_ientry_partial,79.69233,0.05000468280024629,10.0
1704572580000.0,534023,1704572580000.0,0.054254225941425746,-0.00398991,1593.747604989953,1593.9160507640117,-17.9,1.1145,53.8,1.1114690376569036,long_nclose,59.79703422594141,0.03751976413248845,13.0
1704572820000.0,534027,1704572820000.0,0.040614895397491906,-0.00298686,1593.7852330253506,1593.9036439040117,-13.4,1.1145,40.4,1.1114690376569036,long_nclose,44.903349121338906,0.028174027585951836,4.0
1704572880000.0,534028,1704572880000.0,0.030612719665273746,-0.0022512900000000004,1593.8135944550158,1593.9266426140116,-10.1,1.1145,30.3,1.1114690376569036,long_nclose,33.67751184100418,0.021130144678255035,1.0
1704573300000.0,534035,1704573300000.0,0.0,-0.009201563999999999,1593.8043928910158,1593.7490810500117,41.4,1.1113,71.7,1.1113714343236287,long_ientry_partial,79.68533184100419,0.049996933247537526,7.0
1704573600000.0,534040,1704573600000.0,0.05421132560704682,-0.003989552,1593.8546146646229,1594.0552114980117,-17.9,1.1144,53.8,1.1113714343236287,long_nclose,59.791783166611225,0.03751395053004414,5.0
1704573780000.0,534043,1704573780000.0,0.0,-0.003978453999999999,1593.850636210623,1593.8037730440117,17.9,1.1113,71.7,1.1113536006500868,long_ientry_partial,79.68405316661122,0.04999468040246225,3.0
1704577560000.0,534106,1704577560000.0,0.054530548363447034,-0.003989552,1593.9011772069864,1593.9843734920116,-17.9,1.1144,53.8,1.1113536006500868,long_nclose,59.790823714974664,0.037512252685418614,63.0
1704577860000.0,534111,1704577860000.0,0.0,-0.00399852,1593.8971786869863,1593.8404749720116,18.0,1.1107,71.8,1.111189745333909,long_ientry_partial,79.78342371497466,0.0500555649271544,5.0
1704586920000.0,534262,1704586920000.0,0.05567355852302979,-0.003989194,1593.9488630515093,1594.1488457780117,-17.9,1.1143,53.9,1.111189745333909,long_nclose,59.8931272734977,0.037575312898580876,151.0
1704587460000.0,534271,1704587460000.0,0.04167741252562007,-0.0029863240000000003,1593.987554140035,1594.1499694540116,-13.4,1.1143,40.5,1.111189745333909,long_nclose,45.00318468602332,0.028233084109808362,9.0
1704587580000.0,534273,1704587580000.0,0.03141357212751961,-0.002250886,1594.0167168261626,1594.1386285680117,-10.1,1.1143,30.4,1.111189745333909,long_nclose,33.78016825815083,0.021191853198008065,2.0
1704587700000.0,534275,1704587700000.0,0.02363793546229198,-0.0016937360000000002,1594.0386610256248,1594.1437748320118,-7.6,1.1143,22.8,1.111189745333909,long_nclose,25.335126193613128,0.01589367109660451,2.0
1704587880000.0,534278,1704587880000.0,0.07379793546229152,-0.0017037679999999998,1594.1107551930872,1594.2750710640119,-7.6,1.1209,15.2,1.111189745333909,long_nclose,16.890084129075415,0.010595301533505805,3.0
1704589080000.0,534298,1704589080000.0,0.04855127333045495,-0.0011209,1594.1581855664178,1594.2664101640119,-5.0,1.1209,10.2,1.111189745333909,long_nclose,11.334135402405872,0.007109793435197121,20.0
1704589500000.0,534305,1704589500000.0,0.033014865864709364,-0.0007622120000000001,1594.1904382202827,1594.253067952012,-3.4,1.1209,6.8,1.111189745333909,long_nclose,7.556090268270581,0.004739766396231824,7.0
1704589800000.0,534310,1704589800000.0,0.021362560265400177,-0.000493196,1594.211307584548,1594.257354756012,-2.2,1.1209,4.6,1.111189745333909,long_nclose,5.111472828535981,0.003206270589236112,5.0
1704589920000.0,534312,1704589920000.0,0.014565381999136484,-0.00033627000000000006,1594.2255366965471,1594.253468486012,-1.5,1.1209,3.1,1.111189745333909,long_nclose,3.444688210535118,0.002160728285455132,2.0
1704590100000.0,534315,1704590100000.0,0.00971025466609099,-0.00022418,1594.2350227712132,1594.256464306012,-1.0,1.1209,2.1,1.111189745333909,long_nclose,2.333498465201209,0.001463710451640283,3.0
1704592560000.0,534356,1704592560000.0,0.001555127333045525,-0.00011143000000000001,1594.236466468546,1594.2406428760119,-0.5,1.1143,1.6,1.111189745333909,long_nclose,1.7779035925342546,0.001115206953252397,41.0
1704592920000.0,534362,1704592920000.0,0.00124410186643642,-8.914400000000001e-05,1594.2376214264125,1594.2421937320119,-0.4,1.1143,1.2,1.111189745333909,long_nclose,1.3334276944006909,0.0008364046089990229,6.0
1704594000000.0,534380,1704594000000.0,0.0038841018664363958,-8.967200000000002e-05,1594.2414158562788,1594.2494240600117,-0.4,1.1209,0.8,1.111189745333909,long_nclose,0.8889517962671273,0.0005576017455233809,18.0
1704594120000.0,534382,1704594120000.0,0.0019420509332181979,-4.483600000000001e-05,1594.243313071212,1594.2483592240117,-0.2,1.1209,0.6,1.111189745333909,long_nclose,0.6667138472003454,0.0004182008114658245,2.0
1704594240000.0,534384,1704594240000.0,0.0019420509332181979,-4.483600000000001e-05,1594.2452102861453,1594.2490943880116,-0.2,1.1209,0.4,1.111189745333909,long_nclose,0.44447589813356364,0.00027880020919353196,2.0
1704594300000.0,534385,1704594300000.0,0.0009710254666090989,-2.2418000000000005e-05,1594.246158893612,1594.2489519700118,-0.1,1.1209,0.3,1.111189745333909,long_nclose,0.3333569236001727,0.0002091000324764894,1.0
1704594360000.0,534386,1704594360000.0,0.0009710254666090989,-2.2418000000000005e-05,1594.2471075010785,1594.2490095520118,-0.1,1.1209,0.2,1.111189745333909,long_nclose,0.22223794906678182,0.0001393999387053186,1.0
1704595020000.0,534397,1704595020000.0,0.0,-0.015908087999999997,1594.2311994130785,1594.0731814640117,71.6,1.1109,71.8,1.1109008070900666,long_ientry_partial,79.76267794906677,0.05003206434451394,11.0
1704596820000.0,534427,1704596820000.0,0.055475553087810464,-0.00398812,1594.2826868461661,1594.5467533440114,-17.9,1.114,53.9,1.1109008070900666,long_nclose,59.87755350215458,0.03755767656274638,30.0
1704598260000.0,534451,1704598260000.0,0.0,-0.003977021999999999,1594.278709824166,1594.3432863220114,17.9,1.1109,71.8,1.1109006058795903,long_ientry_partial,79.76266350215458,0.050030564298855655,24.0
1704599400000.0,534470,1704599400000.0,0.05547915475533589,-0.00398812,1594.3302008589214,1594.5673282020116,-17.9,1.114,53.9,1.1109006058795903,long_nclose,59.87754265690992,0.03755655047157219,19.0
1704599580000.0,534473,1704599580000.0,0.041531881213491675,-0.0029855200000000006,1594.368747220135,1594.4983226820116,-13.4,1.114,40.5,1.1109006058795903,long_nclose,44.991474538123406,0.02821898924986355,3.0
1704600180000.0,534483,1704600180000.0,0.13094182062553184,-0.00302562,1594.4966634207606,1594.7639470620115,-13.5,1.1206,27.0,1.1109006058795903,long_nclose,29.994316358748936,0.018811150281368726,10.0
1704601140000.0,534499,1704601140000.0,0.020765940606745838,-0.0014927600000000003,1594.5159366013672,1594.5950943020116,-6.7,1.114,20.3,1.1109006058795903,long_nclose,22.551282299355684,0.014143027223310567,16.0
1704601380000.0,534503,1704601380000.0,0.015496970602049132,-0.0011140000000000002,1594.5303195719694,1594.5884503020116,-5.0,1.114,15.3,1.1109006058795903,long_nclose,16.99677926995773,0.010659426830165445,4.0
1704603540000.0,534539,1704603540000.0,0.0494669100140898,-0.001143012,1594.5786434699835,1594.6806372900116,-5.1,1.1206,10.2,1.1109006058795903,long_nclose,11.33118617997182,0.007106069196633587,36.0
1704604500000.0,534555,1704604500000.0,0.0329779400093932,-0.000762008,1594.610859401993,1594.6842952820116,-3.4,1.1206,6.8,1.1109006058795903,long_nclose,7.554124119981213,0.004737283755118877,16.0
1704604860000.0,534561,1704604860000.0,0.021338667064901486,-0.0004930640000000001,1594.6317050050577,1594.6754022180116,-2.2,1.1206,4.6,1.1109006058795903,long_nclose,5.110142787046115,0.0032045912363381154,6.0
1704604920000.0,534562,1704604920000.0,0.014549091180614648,-0.00033618000000000005,1594.6459179162384,1594.6769160380118,-1.5,1.1206,3.1,1.1109006058795903,long_nclose,3.44379187822673,0.0021595965847558273,1.0
1704605820000.0,534577,1704605820000.0,0.0,-0.015260756000000002,1594.6306571602383,1594.6565052820117,68.6,1.1123,71.7,1.1122394962095776,long_ientry_partial,79.74757187822672,0.05001005814113932,15.0
1704606060000.0,534581,1704606060000.0,0.05478301784855972,-0.003992773999999999,1594.681447404087,1594.9537025080117,-17.9,1.1153,53.8,1.1122394962095776,long_nclose,59.83848489607527,0.03752378570245722,4.0
1704606420000.0,534587,1704606420000.0,0.17292301784855862,-0.004016402,1594.8503540199356,1595.2151161060117,-17.9,1.1219,35.9,1.1122394962095776,long_nclose,39.929397913923836,0.025036454243671766,6.0
1704606840000.0,534594,1704606840000.0,0.11495999510602502,-0.002670122,1594.9626438930418,1595.204095984012,-11.9,1.1219,24.0,1.1122394962095776,long_nclose,26.693747909029863,0.01673628408241262,7.0
1704607080000.0,534598,1704607080000.0,0.018363022742533985,-0.00133836,1594.9796685557842,1595.0347576240117,-6.0,1.1153,18.0,1.1122394962095776,long_nclose,20.020310931772396,0.012552079080669604,4.0
1704607140000.0,534599,1704607140000.0,0.013772267056900489,-0.00100377,1594.9924370528413,1595.049953854012,-4.5,1.1153,13.5,1.1122394962095776,long_nclose,15.015233198829298,0.009413983947518774,1.0
1704607440000.0,534604,1704607440000.0,0.0,-0.012950664,1594.9794863888412,1595.063223190012,58.2,1.1126,71.7,1.1125321227172846,long_ientry_partial,79.76855319882931,0.050012275317365726,5.0
1704607500000.0,534605,1704607500000.0,0.054915003360603724,-0.0039938479999999995,1595.0304075442018,1595.2492593420118,-17.9,1.1156,53.8,1.1125321227172846,long_nclose,59.85422820218991,0.037525446486217674,1.0
1704607620000.0,534607,1704607620000.0,0.041109555588384916,-0.002989808,1595.0685272917904,1595.261149534012,-13.4,1.1156,40.4,1.1125321227172846,long_nclose,44.9462977577783,0.02817828638001591,2.0
1704607920000.0,534612,1704607920000.0,0.12954955558838707,-0.0030074960000000006,1595.1950693513788,1595.4480020380122,-13.4,1.1222,27.0,1.1125321227172846,long_nclose,30.038367313366685,0.01883052918761877,5.0
1704607980000.0,534613,1704607980000.0,0.08701089554443908,-0.0020199600000000003,1595.2800602869231,1595.461282078012,-9.0,1.1222,18.0,1.1125321227172846,long_nclose,20.025578208911124,0.0125530173086407,1.0
1704608220000.0,534617,1704608220000.0,0.05800726369629272,-0.00134664,1595.3367209106193,1595.4527354380118,-6.0,1.1222,12.0,1.1125321227172846,long_nclose,13.350385472607416,0.008368380980403314,4.0
1704608400000.0,534620,1704608400000.0,0.038671509130861814,-0.0008977600000000002,1595.37449465975,1595.4406376780119,-4.0,1.1222,8.0,1.1125321227172846,long_nclose,8.900256981738277,0.005578788561262827,3.0
1704608460000.0,534621,1704608460000.0,0.02513648093506018,-0.0005835440000000002,1595.3990475966853,1595.4517941340118,-2.6,1.1222,5.4,1.1125321227172846,long_nclose,6.0076734626733375,0.0037656243256026247,1.0
1704609480000.0,534638,1704609480000.0,0.0,-0.01475838,1595.3842892166851,1595.4943657540118,66.3,1.113,71.7,1.1129647623803813,long_ientry_partial,79.79957346267335,0.05001902927215988,17.0
1704610080000.0,534648,1704610080000.0,0.05433075339117596,-0.00399528,1595.4346246900764,1595.6033004740118,-17.9,1.116,53.8,1.1129647623803813,long_nclose,59.877504216064516,0.03753052822687493,10.0
1704610440000.0,534654,1704610440000.0,0.04067218410289151,-0.0029908800000000004,1595.4723059941794,1595.594929594012,-13.4,1.116,40.4,1.1129647623803813,long_nclose,44.963776400167404,0.02818211023233608,6.0
1704610500000.0,534655,1704610500000.0,0.030655899958149567,-0.00225432,1595.5007075741376,1595.598735274012,-10.1,1.116,30.3,1.1129647623803813,long_nclose,33.72283230012555,0.021136206420991867,1.0
1704611280000.0,534668,1704611280000.0,0.02276428214714077,-0.0016740000000000004,1595.5217978562846,1595.595561274012,-7.5,1.116,22.8,1.1129647623803813,long_nclose,25.375596582272696,0.015904261926328368,13.0
1704612180000.0,534683,1704612180000.0,0.0,-0.010887096,1595.5109107602846,1595.5162741780118,48.9,1.1132,71.7,1.113125196405477,long_ientry_partial,79.8110765822727,0.05002226938344254,15.0
1704612600000.0,534690,1704612600000.0,0.0550389843419647,-0.003995996000000001,1595.5619537486266,1595.743518182012,-17.9,1.1162,53.8,1.113125196405477,long_nclose,59.886135566614655,0.037532942814233985,7.0
1704613080000.0,534698,1704613080000.0,0.0,-0.003985614,1595.5579681346267,1595.517182568012,17.9,1.1133,71.7,1.113168836354458,long_ientry_partial,79.81420556661465,0.05002275514936368,8.0
1704613500000.0,534705,1704613500000.0,0.05425782925520201,-0.003995996000000001,1595.608229967882,1595.733646572012,-17.9,1.1162,53.8,1.113168836354458,long_nclose,59.88848339586984,0.03753332570682174,7.0
1704613980000.0,534713,1704613980000.0,0.0,-0.003985614,1595.604244353882,1595.7403609580122,17.9,1.1133,71.7,1.1132015815323548,long_ientry_partial,79.81655339586985,0.05002277580941787,8.0
1704614280000.0,534718,1704614280000.0,0.055461690570849924,-0.003996354000000001,1595.6557096904528,1595.849304604012,-17.9,1.1163,53.8,1.1132015815323548,long_nclose,59.890245086440686,0.03753331293381516,5.0
1704614460000.0,534721,1704614460000.0,0.04151880746644632,-0.0029916840000000005,1595.6942368139191,1595.855772920012,-13.4,1.1163,40.4,1.1132015815323548,long_nclose,44.973343893907135,0.028184186453981453,3.0
1704616860000.0,534761,1704616860000.0,0.0,-0.006948863999999999,1595.6872879499192,1595.6246240560122,31.2,1.1136,71.6,1.1133751940489822,long_ientry_partial,79.71766389390712,0.04995819951434561,40.0
1704645300000.0,535235,1704645300000.0,0.0,-0.02187567,1595.665412279919,1593.022868386012,101.7,1.0755,173.3,1.0911483779221414,long_rentry,189.0960138939071,0.11850605549174803,474.0
1704652560000.0,535356,1704652560000.0,0.13213523597128152,-0.009475772,1595.7880717438902,1596.2367826140119,-43.3,1.0942,130.0,1.0911483779221414,long_nclose,141.84928912987837,0.08888980412973278,121.0
1704665820000.0,535577,1704665820000.0,0.0,-0.03887935,1595.7491923938903,1591.731943264012,184.7,1.0525,314.7,1.0684653292973576,long_rentry,336.2460391298784,0.21071358878487237,221.0
1704675300000.0,535735,1704675300000.0,0.0,-0.09173334,1595.6574590538903,1582.0965799240118,447.0,1.0261,761.7,1.043603438532071,long_rentry,794.9127391298784,0.49817254613105016,158.0
1704682320000.0,535852,1704682320000.0,0.0,-0.160155864,1595.4973031898903,1562.7857540600116,807.4,0.9918,1569.1,1.0169473323114389,long_rentry,1595.6920591298785,1.000122065978801,117.0
1704689880000.0,535978,1704689880000.0,1.1188162674536961,-0.079993112,1596.536126345344,1599.6580509480116,-392.2,1.0198,1176.9,1.0169473323114389,long_nclose,1196.8453153973326,0.7496512578998448,126.0
1704690000000.0,535980,1704690000000.0,0.8392548339747001,-0.06000503200000001,1597.3153761473188,1599.5686159160118,-294.2,1.0198,882.7,1.0169473323114389,long_nclose,897.6594102313071,0.5619800720859753,2.0
1704692760000.0,536026,1704692760000.0,0.629298492096597,-0.044993576,1597.8996810634153,1600.5829523400116,-220.6,1.0198,662.1,1.0169473323114389,long_nclose,673.3208287234037,0.421378661440938,46.0
1704694260000.0,536051,1704694260000.0,0.47211650245687586,-0.03375538,1598.3380421858722,1599.4567169600116,-165.5,1.0198,496.6,1.0169473323114389,long_nclose,505.0160452258606,0.31596322673719596,25.0
1704694320000.0,536052,1704694320000.0,0.35401606015044285,-0.025311436000000003,1598.6667468100225,1599.7666155240115,-124.1,1.0198,372.5,1.0169473323114389,long_nclose,378.81288128601096,0.23695550185296196,1.0
1704694860000.0,536061,1704694860000.0,1.0986160601504436,-0.025460356,1599.7399025141729,1603.2554251680115,-124.1,1.0258,248.4,1.0169473323114389,long_nclose,252.60971734616143,0.1579067428081006,9.0
1704694860000.0,536061,1704694860000.0,1.8556260601504428,-0.025611758,1601.5699168163233,1603.3290934100114,-124.1,1.0319,124.3,1.0169473323114389,long_nclose,126.40655340631184,0.07892665320386937,0.0
1704694920000.0,536062,1704694920000.0,0.9285606634596495,-0.012816198,1602.4856612817828,1603.6209772120112,-62.1,1.0319,62.2,1.0169473323114389,long_nclose,63.2541240697715,0.03947250549448057,1.0
1704695100000.0,536065,1704695100000.0,1.303255930228506,-0.012911476000000002,1603.7760057360113,1603.7760057360113,-62.2,1.0379,0.0,1.0169473323114389,long_nclose,0.0,0.0,3.0
1704696000000.0,536080,1704696000000.0,0.0,-0.016046640000000004,1603.7599590960112,1603.7443190960112,78.2,1.026,78.2,1.026,long_ientry_normal,80.23320000000001,0.05002818504411653,15.0
1704696180000.0,536083,1704696180000.0,0.05459999999999832,-0.00401232,1603.8105467760113,1603.8751167760113,-19.5,1.0288,58.7,1.026,long_nclose,60.226200000000006,0.03755194160623712,3.0
1704696300000.0,536085,1704696300000.0,0.0,-0.0040014000000000004,1603.8065453760112,1603.7674453760112,19.5,1.026,78.2,1.026,long_ientry_partial,80.23320000000001,0.050026731859477105,2.0
1704714540000.0,536389,1704714540000.0,0.05459999999999832,-0.00401232,1603.8571330560112,1604.0684530560113,-19.5,1.0288,58.7,1.026,long_nclose,60.226200000000006,0.03755085085742281,304.0
1704714720000.0,536392,1704714720000.0,0.04087999999999874,-0.003004096,1603.8950089600112,1604.0625889600112,-14.6,1.0288,44.1,1.026,long_nclose,45.2466,0.028210450027735017,3.0
1704714900000.0,536395,1704714900000.0,0.03079999999999905,-0.00226336,1603.9235456000113,1604.1585556000114,-11.0,1.0288,33.1,1.026,long_nclose,33.9606,0.021173453119485,3.0
1704715200000.0,536400,1704715200000.0,0.09899999999999887,-0.002277,1604.0202686000111,1604.267788600011,-11.0,1.035,22.1,1.026,long_nclose,22.6746,0.01413610566142683,5.0
1704715320000.0,536402,1704715320000.0,0.1660999999999988,-0.00229042,1604.184078180011,1604.3672281800111,-11.0,1.0411,11.1,1.026,long_nclose,11.3886,0.0070993099575708705,2.0
1704715680000.0,536408,1704715680000.0,0.23531999999999872,-0.002324784,1604.4170733960111,1604.4170733960111,-11.1,1.0472,0.0,1.026,long_nclose,0.0,0.0,6.0
1704764760000.0,537226,1704764760000.0,0.0,-0.016045120000000003,1604.4010282760112,1604.551828276011,75.4,1.064,75.4,1.064,long_ientry_normal,80.22560000000001,0.050003458353679454,818.0
1704764820000.0,537227,1704764820000.0,0.054519999999998174,-0.004011544000000001,1604.4515367320112,1604.808116732011,-18.8,1.0669,56.6,1.064,long_nclose,60.22240000000001,0.0375345709242565,1.0
1704765600000.0,537240,1704765600000.0,0.17483999999999744,-0.004035608,1604.622341124011,1604.898281124011,-18.8,1.0733,37.8,1.064,long_nclose,40.2192,0.025064589323757717,13.0
1704766800000.0,537260,1704766800000.0,0.11717999999999829,-0.002704716,1604.736816408011,1604.973696408011,-12.6,1.0733,25.2,1.064,long_nclose,26.8128,0.016708534213115935,20.0
1704767880000.0,537278,1704767880000.0,0.07811999999999886,-0.001803144,1604.813133264011,1604.972733264011,-8.4,1.0733,16.8,1.064,long_nclose,17.875200000000003,0.011138493092740237,18.0
1704770820000.0,537327,1704770820000.0,0.05207999999999924,-0.001202096,1604.8640111680108,1604.9704111680107,-5.6,1.0733,11.2,1.064,long_nclose,11.9168,0.007425426651150973,49.0
1704771360000.0,537336,1704771360000.0,0.008119999999999726,-0.0005974639999999999,1604.8715337040107,1604.9042937040108,-2.8,1.0669,8.4,1.064,long_nclose,8.937600000000002,0.005569043884386312,9.0
1704771540000.0,537339,1704771540000.0,0.006089999999999796,-0.000448098,1604.8771756060107,1604.8979656060108,-2.1,1.0669,6.3,1.064,long_nclose,6.7032,0.004176768229923161,3.0
1704772560000.0,537356,1704772560000.0,0.004349999999999854,-0.00032007,1604.8812055360106,1604.9004055360106,-1.5,1.0669,4.8,1.064,long_nclose,5.1072,0.0031822916128513433,17.0
1704772980000.0,537363,1704772980000.0,0.003479999999999883,-0.000256056,1604.8844294800108,1604.8984694800108,-1.2,1.0669,3.6,1.064,long_nclose,3.8304000000000005,0.0023867139151203965,7.0
1704773940000.0,537379,1704773940000.0,0.0,-0.015276402,1604.8691530780109,1604.8286530780108,71.7,1.0653,75.3,1.0652378486055776,long_ientry_partial,80.21240999999999,0.04998065409018486,16.0
1704774120000.0,537382,1704774120000.0,0.05568844621514231,-0.004016432,1604.9208250922259,1605.1333866460106,-18.8,1.0682,56.5,1.0652378486055776,long_nclose,60.18593844621513,0.03750087699357791,3.0
1704774840000.0,537394,1704774840000.0,0.17412844621514179,-0.00404012,1605.090913418441,1605.4438665260107,-18.8,1.0745,37.7,1.0652378486055776,long_nclose,40.15946689243028,0.02502005746634045,12.0
1704775260000.0,537401,1704775260000.0,0.11577689243028044,-0.0026862500000000003,1605.2040040608713,1605.4500102760107,-12.5,1.0745,25.2,1.0652378486055776,long_nclose,26.843993784860555,0.016723104176758954,7.0
1704775560000.0,537406,1704775560000.0,0.1973431075697222,-0.002723868,1605.398623300441,1605.6110864080106,-12.6,1.0809,12.6,1.0652378486055776,long_nclose,13.421996892430277,0.00836053843427174,5.0
1704775980000.0,537413,1704775980000.0,0.0986715537848611,-0.001361934,1605.4959329202259,1605.5952344740108,-6.3,1.0809,6.3,1.0652378486055776,long_nclose,6.710998446215139,0.00418001584968736,7.0
1704776640000.0,537424,1704776640000.0,0.04855266932270943,-0.000670158,1605.5438154315486,1605.5910543160107,-3.1,1.0809,3.2,1.0652378486055776,long_nclose,3.4087611155378483,0.002123119333633146,11.0
1704777480000.0,537438,1704777480000.0,0.009262151394422435,-0.00021490000000000002,1605.5528626829432,1605.573679416011,-1.0,1.0745,2.2,1.0652378486055776,long_nclose,2.3435232669322708,0.001459636316811238,14.0
1704777660000.0,537441,1704777660000.0,0.006483505976095705,-0.00015043,1605.5591957589193,1605.5721889860108,-0.7,1.0745,1.5,1.0652378486055776,long_nclose,1.5978567729083664,0.000995202654084073,3.0
1704778680000.0,537458,1704778680000.0,0.0,-0.015737112,1605.5434586469194,1605.507251874011,73.8,1.0662,75.3,1.0661808336375613,long_ientry_partial,80.28341677290837,0.05000388892653685,17.0
1704779340000.0,537469,1704779340000.0,0.05488032761384583,-0.004019816000000001,1605.5943191585332,1605.832702058011,-18.8,1.0691,56.5,1.0661808336375613,long_nclose,60.23921710052222,0.03751832974352615,11.0
1704780480000.0,537488,1704780480000.0,0.04116024571038437,-0.003014862,1605.6324645422435,1605.853757196011,-14.1,1.0691,42.4,1.0661808336375613,long_nclose,45.2060673462326,0.028154679445349027,19.0
1704782160000.0,537516,1704782160000.0,0.0,-0.00701757,1605.6254469722435,1605.601329626011,32.9,1.0665,75.3,1.0663202834825047,long_ientry_partial,80.2939173462326,0.05000787543423921,28.0
1704793560000.0,537706,1704793560000.0,0.0,-0.022042000000000003,1605.6034049722434,1602.9596376260108,107.0,1.03,182.3,1.0450022893375348,long_rentry,190.5039173462326,0.11864942286263146,190.0
1704804960000.0,537896,1704804960000.0,0.0,-0.052157419999999996,1605.5512475522435,1596.840000206011,259.0,1.0069,441.3,1.0226399667940915,long_rentry,451.2910173462326,0.2810816646520951,190.0
1704833520000.0,538372,1704833520000.0,0.0,-0.23085253600000002,1605.3203950162435,1587.460577670011,1178.3,0.9796,1619.6,0.9913273013992545,long_rentry,1605.5536973462324,1.0001453306957995,476.0
1704834660000.0,538391,1704834660000.0,1.1226656634418413,-0.080502218,1606.3625584616855,1619.326685452011,-404.9,0.9941,1214.7,0.9913273013992545,long_nclose,1204.1652730096746,0.7496223481222256,19.0
1704834660000.0,538391,1704834660000.0,3.511575663441848,-0.08098,1609.7931541251273,1618.435905452011,-404.9,1.0,809.8,0.9913273013992545,long_nclose,802.7768486731162,0.498683229342841,0.0
1704834720000.0,538392,1704834720000.0,5.900485663441854,-0.081457782,1615.6121820065694,1622.1200176700113,-404.9,1.0059,404.9,0.9913273013992545,long_nclose,401.3884243365581,0.24844354901931903,1.0
1704834780000.0,538393,1704834780000.0,8.28939566344186,-0.081935564,1623.819642106011,1623.819642106011,-404.9,1.0118,0.0,0.9913273013992545,long_nclose,0.0,0.0,1.0
1704834900000.0,538395,1704834900000.0,0.0,-0.016244032000000002,1623.803398074011,1623.884198074011,80.8,1.0052,80.8,1.0052,long_ientry_normal,81.22016,0.05001846904393415,2.0
1704834960000.0,538396,1704834960000.0,0.05655999999999826,-0.00407232,1623.855885754011,1623.771045754011,-20.2,1.008,60.6,1.0052,long_nclose,60.91512000000001,0.03751263922765847,1.0
1704835020000.0,538397,1704835020000.0,0.0,-0.004075428000000001,1623.851810326011,1623.427190326011,20.3,1.0038,80.9,1.0048487021013597,long_ientry_partial,81.29226,0.05006137843556022,1.0
1704835380000.0,538403,1704835380000.0,0.05557621755253548,-0.0040707040000000005,1623.9033158395634,1624.361679622011,-20.2,1.0076,60.7,1.0048487021013597,long_nclose,60.99431621755254,0.037560312626135794,6.0
1704835380000.0,538403,1704835380000.0,0.17677621755253559,-0.0040949440000000005,1624.075997113116,1624.381824678011,-20.2,1.0136,40.5,1.0048487021013597,long_nclose,40.69637243510507,0.025058170004017728,0.0
1704835440000.0,538404,1704835440000.0,0.11814252163164507,-0.00273672,1624.1914029147476,1624.2413879580108,-13.5,1.0136,27.0,1.0048487021013597,long_nclose,27.13091495673671,0.0167042596753363,1.0
1704835500000.0,538405,1704835500000.0,0.0,-0.010814876000000001,1624.1805880387476,1624.017693082011,53.8,1.0051,80.8,1.005016026692286,long_ientry_partial,81.20529495673671,0.04999770072045672,1.0
1704835500000.0,538405,1704835500000.0,0.017312621161683684,-0.0013501840000000001,1624.1965504759091,1624.0471628980108,-6.7,1.0076,74.1,1.005016026692286,long_nclose,74.4716875778984,0.04585140114727943,0.0
1704836460000.0,538421,1704836460000.0,0.05150350619270827,-0.0037288600000000005,1624.2443251221018,1624.3879940380107,-18.5,1.0078,55.6,1.005016026692286,long_nclose,55.87889108409111,0.03440300835275533,16.0
1704836580000.0,538423,1704836580000.0,0.03869722897722405,-0.0028016840000000005,1624.2802206670792,1624.4421823540108,-13.9,1.0078,41.7,1.005016026692286,long_nclose,41.909168313068335,0.025801686051349297,2.0
1704836700000.0,538425,1704836700000.0,0.12209722897722412,-0.0028183640000000003,1624.3994995320566,1624.679833990011,-13.9,1.0138,27.8,1.005016026692286,long_nclose,27.939445542045554,0.017199860964063406,2.0
1704836880000.0,538428,1704836880000.0,0.0,-0.010648759999999998,1624.3888507720565,1624.652005230011,53.0,1.0046,80.8,1.0047431378966034,long_ientry_partial,81.18324554204555,0.049977716544569936,3.0
1704836880000.0,538428,1704836880000.0,0.021092348513436665,-0.001390764,1624.40855235657,1624.649234466011,-6.9,1.0078,73.9,1.0047431378966034,long_nclose,74.250517890559,0.04570926309322979,0.0
1704837000000.0,538430,1704837000000.0,0.05072626270249838,-0.0037076,1624.4555710192724,1624.5253268660108,-18.4,1.0075,55.5,1.0047431378966034,long_nclose,55.76324415326149,0.03432734335619445,2.0
1704837060000.0,538431,1704837060000.0,0.0,-0.005103368,1624.4504676512724,1624.418253498011,25.4,1.0046,80.9,1.0046981971972988,long_ientry_partial,81.28008415326148,0.05003543399558442,1.0
1704838080000.0,538448,1704838080000.0,0.05659641661456542,-0.004070300000000001,1624.5029937678871,1624.745903198011,-20.2,1.0075,60.7,1.0046981971972988,long_nclose,60.98518056987604,0.0375408237496851,17.0
1704838500000.0,538455,1704838500000.0,0.042307222320789005,-0.00304265,1624.5422583402078,1624.802260548011,-15.1,1.0075,45.6,1.0046981971972988,long_nclose,45.81423779219683,0.028201321053356383,7.0
1704838680000.0,538458,1704838680000.0,0.1337874026010592,-0.00308104,1624.6729647028087,1624.9709395080108,-15.2,1.0135,30.4,1.0046981971972988,long_nclose,30.54282519479788,0.018799368154922728,3.0
1704839160000.0,538466,1704839160000.0,0.08889820830728276,-0.00204727,1624.759815641116,1624.9405222380108,-10.1,1.0135,20.3,1.0046981971972988,long_nclose,20.395373403105168,0.012552854401471848,8.0
1704839640000.0,538474,1704839640000.0,0.05897207877809847,-0.0013580900000000002,1624.8174296298941,1624.953454148011,-6.7,1.0135,13.6,1.0046981971972988,long_nclose,13.663895481883264,0.008409495881020718,8.0
1704840360000.0,538486,1704840360000.0,0.0,-0.013508544000000004,1624.8039210858942,1624.6316256040109,67.2,1.0051,80.8,1.005032369825288,long_ientry_partial,81.20661548188328,0.04997933253854472,12.0
1704840960000.0,538496,1704840960000.0,0.05590612952918104,-0.004071512,1624.8557557034233,1625.235574092011,-20.2,1.0078,60.6,1.005032369825288,long_nclose,60.90496161141246,0.037483303608723,10.0
1704841680000.0,538508,1704841680000.0,0.04179121563815018,-0.003043556,1624.8945033630614,1625.0431805360108,-15.1,1.0078,45.5,1.005032369825288,long_nclose,45.72897282705061,0.028142733409710522,12.0
1704841980000.0,538513,1704841980000.0,0.0,-0.007096712,1624.8874066510614,1624.9354338240107,35.3,1.0052,80.8,1.005105604295181,long_ientry_partial,81.21253282705061,0.04998040633131124,5.0
1704842100000.0,538515,1704842100000.0,0.056446793237345756,-0.004071916,1624.939781528299,1625.0000419080109,-20.2,1.0079,60.6,1.005105604295181,long_nclose,60.909399620287964,0.03748409652633469,2.0
1704842220000.0,538517,1704842220000.0,0.0,-0.0040610080000000005,1624.935720520299,1624.666720900011,20.2,1.0052,80.8,1.0051292032213857,long_ientry_partial,81.21443962028796,0.04998009373212829,2.0
1704842520000.0,538522,1704842520000.0,0.05597009492801006,-0.004071916,1624.987618699227,1625.385808984011,-20.2,1.0079,60.6,1.0051292032213857,long_nclose,60.910829715215975,0.03748387311650657,5.0
1704842760000.0,538526,1704842760000.0,0.17717009492801017,-0.004096156,1625.1606926381548,1625.555432828011,-20.2,1.0139,40.4,1.0051292032213857,long_nclose,40.60721981014398,0.024986587476605465,4.0
1704842880000.0,538528,1704842880000.0,0.11752867683343249,-0.0027172520000000003,1625.2755040629884,1625.542015576011,-13.4,1.0139,27.0,1.0051292032213857,long_nclose,27.138488486977412,0.016697777342447196,2.0
1704843120000.0,538532,1704843120000.0,0.07893717100752928,-0.0018250200000000001,1625.3526162139958,1625.5104905560108,-9.0,1.0139,18.0,1.0051292032213857,long_nclose,18.092325657984944,0.011131323429452607,4.0
1704843180000.0,538533,1704843180000.0,0.05262478067168619,-0.0012166800000000001,1625.4040243146676,1625.5092738760109,-6.0,1.0139,12.0,1.0051292032213857,long_nclose,12.061550438656628,0.007420647579448585,1.0
1704843360000.0,538536,1704843360000.0,0.03508318711445746,-0.00081112,1625.438296381782,1625.510062756011,-4.0,1.0139,8.0,1.0051292032213857,long_nclose,8.041033625771085,0.004946994077640713,3.0
1704844200000.0,538550,1704844200000.0,0.02280407162439735,-0.000527228,1625.4605732254065,1625.509555528011,-2.6,1.0139,5.4,1.0051292032213857,long_nclose,5.427697697395483,0.0033391752385757874,14.0
1704845040000.0,538564,1704845040000.0,0.015787434201505857,-0.00036500400000000004,1625.475995655608,1625.5090105240108,-1.8,1.0139,3.6,1.0051292032213857,long_nclose,3.6184651315969885,0.00222609570443859,14.0
1704845460000.0,538571,1704845460000.0,0.026587434201505868,-0.000367164,1625.5022159258094,1625.528623360011,-1.8,1.0199,1.8,1.0051292032213857,long_nclose,1.8092325657984942,0.0011130298981278477,7.0
1704845520000.0,538572,1704845520000.0,0.013293717100752934,-0.000183582,1625.5153260609102,1625.528169778011,-0.9,1.0199,0.9,1.0051292032213857,long_nclose,0.9046162828992471,0.0005565104606496648,1.0
1704845580000.0,538573,1704845580000.0,0.005908318711445749,-8.159200000000001e-05,1625.5211527876215,1625.529838186011,-0.4,1.0199,0.5,1.0051292032213857,long_nclose,0.5025646016106928,0.0003091713699011791,1.0
1704846000000.0,538580,1704846000000.0,0.0029541593557228744,-4.079600000000001e-05,1625.5240661509774,1625.528557390011,-0.2,1.0199,0.3,1.0051292032213857,long_nclose,0.3015387609664157,0.000185502489471238,7.0
1704846240000.0,538584,1704846240000.0,0.0014770796778614372,-2.0398000000000004e-05,1625.5255228326553,1625.528796992011,-0.1,1.0199,0.2,1.0051292032213857,long_nclose,0.20102584064427714,0.00012366821549130013,4.0
1704846780000.0,538593,1704846780000.0,0.004154159355722875,-4.1036000000000005e-05,1625.529635956011,1625.529635956011,-0.2,1.0259,0.0,1.0051292032213857,long_nclose,0.0,0.0,9.0
1704874920000.0,539062,1704874920000.0,0.0,-0.016246984,1625.513388972011,1625.5688989720109,79.3,1.0244,79.3,1.0244,long_ientry_normal,81.23491999999999,0.049974931336230745,469.0
1704878280000.0,539118,1704878280000.0,0.05543999999999829,-0.004067711999999999,1625.564761260011,1625.790861260011,-19.8,1.0272,59.5,1.0244,long_nclose,60.9518,0.0374957685184778,56.0
1704878400000.0,539120,1704878400000.0,0.17622000000000257,-0.004091868000000001,1625.736889392011,1626.1060993920112,-19.8,1.0333,39.7,1.0244,long_nclose,40.66868,0.025015536194918458,2.0
1704878880000.0,539128,1704878880000.0,0.2970000000000025,-0.004116024000000001,1626.029773368011,1626.346183368011,-19.8,1.0394,19.9,1.0244,long_nclose,20.385559999999998,0.012537015209614023,8.0
1704879180000.0,539133,1704879180000.0,0.4198900000000023,-0.00416109,1626.445502278011,1626.445502278011,-19.9,1.0455,0.0,1.0244,long_nclose,0.0,0.0,5.0
1704889320000.0,539302,1704889320000.0,0.0,-0.016256556000000002,1626.429245722011,1626.168875722011,78.9,1.0302,78.9,1.0302,long_ientry_normal,81.28278,0.0499762164347436,169.0
1704891420000.0,539337,1704891420000.0,0.0,-0.022310142,1626.4069355800111,1624.9936455800112,112.1,0.9951,191.0,1.0095994240837696,long_rentry,192.83348999999998,0.11856410949897449,35.0
1704891780000.0,539343,1704891780000.0,0.13358747120418993,-0.009658296,1626.5308647552154,1626.9751772840111,-47.7,1.0124,143.3,1.0095994240837696,long_nclose,144.67559747120418,0.08894734222764172,6.0
1704891900000.0,539345,1704891900000.0,0.1002606178010482,-0.0072487839999999994,1626.6238765890164,1627.3011885000112,-35.8,1.0124,107.5,1.0095994240837696,long_nclose,108.53193808900522,0.06672220889600709,2.0
1704892260000.0,539351,1704892260000.0,0.3150606178010484,-0.007291744,1626.9316454628174,1627.605666756011,-35.8,1.0184,71.7,1.0095994240837696,long_nclose,72.38827870680628,0.0444937431198677,6.0
1704893100000.0,539365,1704893100000.0,0.2103337643979066,-0.004867952,1627.1371112752154,1627.576898804011,-23.9,1.0184,47.8,1.0095994240837696,long_nclose,48.258852471204186,0.029658749798523672,14.0
1704893160000.0,539366,1704893160000.0,0.0,-0.006540696,1627.1305705792154,1627.3865881080112,32.1,1.0188,79.9,1.0132957756095642,long_ientry_partial,80.96233247120418,0.04975773544859632,1.0
1704893280000.0,539368,1704893280000.0,0.055804065369672744,-0.0040440779999999996,1627.182330566585,1627.5845840300112,-19.9,1.0161,60.0,1.0132957756095642,long_nclose,60.797746536573854,0.037363819281029234,2.0
1704893340000.0,539369,1704893340000.0,0.0,-0.004039200000000001,1627.178291366585,1627.5805448300111,19.8,1.02,79.8,1.0149592297816272,long_ientry_partial,80.99374653657385,0.04977558204058345,1.0
1704893340000.0,539369,1704893340000.0,0.14281540436745566,-0.0040884,1627.3170183709524,1627.618456430011,-20.0,1.0221,59.8,1.0149592297816272,long_nclose,60.694561940941306,0.03729731899547171,0.0
1704893400000.0,539370,1704893400000.0,0.0,-0.00408,1627.3129383709525,1627.3989164300112,20.0,1.02,79.8,1.01622258071355,long_ientry_partial,81.09456194094129,0.049833415582698125,1.0
1704896160000.0,539416,1704896160000.0,0.055270643800351245,-0.004055619999999999,1627.364153394753,1627.5365108100114,-19.9,1.019,59.9,1.01622258071355,long_nclose,60.87173258474165,0.0374051084127425,46.0
1704896220000.0,539417,1704896220000.0,0.0,-0.004056018,1627.360097376753,1627.5563947920114,19.9,1.0191,79.8,1.0169401326408727,long_ientry_partial,81.15182258474164,0.04986715768412628,1.0
1704896820000.0,539427,1704896820000.0,0.056911360446634356,-0.004058804,1627.4129499331998,1627.6201959880116,-19.9,1.0198,59.9,1.0169401326408727,long_nclose,60.914713945188275,0.037430397704337204,10.0
1704896880000.0,539428,1704896880000.0,0.0,-0.004040784,1627.4089091491999,1627.6320952040116,19.8,1.0204,79.7,1.017799673088937,long_ientry_partial,81.11863394518828,0.0498452684443006,1.0
1704896940000.0,539429,1704896940000.0,0.055726505530154145,-0.004061988,1627.46057366673,1627.6220532160114,-19.9,1.0206,59.8,1.017799673088937,long_nclose,60.86442045071843,0.03739839934407049,1.0
1704897000000.0,539430,1704897000000.0,0.04172487097483903,-0.003041388,1627.4992571497048,1627.6878518280116,-14.9,1.0206,44.9,1.017799673088937,long_nclose,45.69920532169326,0.028079401646995433,1.0
1704897060000.0,539431,1704897060000.0,0.0,-0.0070926800000000005,1627.492164469705,1627.6170791480117,34.7,1.022,79.6,1.019630720121775,long_ientry_partial,81.16260532169328,0.04986973645316379,1.0
1704901740000.0,539509,1704901740000.0,0.0570986695766785,-0.00406955,1627.5451935892816,1627.7164895980115,-19.9,1.0225,59.7,1.019630720121775,long_nclose,60.87195399126997,0.03740108368789868,78.0
1704901800000.0,539510,1704901800000.0,0.0,-0.00406955,1627.5411240392816,1627.6567000480115,19.9,1.0225,79.6,1.0203480400913314,long_ientry_partial,81.21970399126997,0.04990331905696884,1.0
1704901800000.0,539510,1704901800000.0,0.03206420263916163,-0.0030470500000000004,1627.5701411919206,1627.6640829980115,-14.9,1.0225,64.7,1.0203480400913314,long_nclose,66.01651819390915,0.040561396724544965,0.0
1704902220000.0,539517,1704902220000.0,0.04591655452956625,-0.003294704000000001,1627.6127630424503,1627.9895082940116,-16.1,1.0232,48.6,1.0203480400913314,long_nclose,49.58891474843871,0.030467268305111813,7.0
1704902280000.0,539518,1704902280000.0,0.145021750520433,-0.003334932,1627.754449860971,1627.9570133620118,-16.2,1.0293,32.4,1.0203480400913314,long_nclose,33.059276498959136,0.020309744201149494,1.0
1704902400000.0,539520,1704902400000.0,0.09668116701362202,-0.0022232880000000008,1627.8489077399845,1627.9796300740118,-10.8,1.0293,21.6,1.0203480400913314,long_nclose,22.03951766597276,0.013539043802640878,2.0
1704902640000.0,539524,1704902640000.0,0.0,-0.011853288000000002,1627.8370544519844,1627.9788467860117,57.9,1.0236,79.5,1.0227164486285882,long_ientry_partial,81.30595766597277,0.04994723362735138,4.0
1704902820000.0,539527,1704902820000.0,0.05511431715395445,-0.0040609800000000005,1627.8881077891383,1628.0721958060117,-19.8,1.0255,59.7,1.0227164486285882,long_nclose,61.056171983126724,0.03750636895188584,3.0
1704903060000.0,539531,1704903060000.0,0.1767826722910955,-0.004105768,1628.0607846934292,1628.4103700380115,-19.9,1.0316,39.8,1.0227164486285882,long_nclose,40.70411465541781,0.02500159394422277,4.0
1704903120000.0,539532,1704903120000.0,0.11726287810263622,-0.002723424,1628.175324147532,1628.4222666140115,-13.2,1.0316,26.6,1.0227164486285882,long_nclose,27.204257533520448,0.01670843251955305,1.0
1704903420000.0,539537,1704903420000.0,0.0,-0.010830746,1628.164493401532,1628.1588558680114,52.9,1.0237,79.5,1.0233709123713264,long_ientry_partial,81.35798753352044,0.049969144925614245,5.0
1704903720000.0,539542,1704903720000.0,0.0560159350477377,-0.004063752,1628.2164455845796,1628.4271321160113,-19.8,1.0262,59.7,1.0233709123713264,long_nclose,61.095243468568185,0.03752280210302944,5.0
1704903840000.0,539544,1704903840000.0,0.04215340566723696,-0.0030580760000000003,1628.255540914247,1628.3912440400115,-14.9,1.0262,44.8,1.0233709123713264,long_nclose,45.84701687423542,0.02815713855854152,2.0
1704904500000.0,539555,1704904500000.0,0.0,-0.007105172000000001,1628.248435742247,1628.2676588680115,34.7,1.0238,79.5,1.0235581996759173,long_ientry_partial,81.37287687423543,0.04997571321918151,11.0
1704908520000.0,539622,1704908520000.0,0.05626764641683657,-0.004064544000000001,1628.300638844664,1628.6493943240118,-19.8,1.0264,59.7,1.0235581996759173,long_nclose,61.10642452065227,0.0375277286410754,67.0
1704908760000.0,539626,1704908760000.0,0.04234282482883156,-0.003058672,1628.339922997493,1628.444835652012,-14.9,1.0264,44.8,1.0235581996759173,long_nclose,45.85540734548109,0.02816083220576524,4.0
1704909240000.0,539634,1704909240000.0,0.031828163629725736,-0.002299136,1628.3694520251229,1628.4414165160122,-11.2,1.0264,33.6,1.0235581996759173,long_nclose,34.39155550911082,0.021120241150642895,8.0
1704909300000.0,539635,1704909300000.0,0.023871122722294302,-0.0017243520000000002,1628.391598795845,1628.402732164012,-8.4,1.0264,25.2,1.0235581996759173,long_nclose,25.793666631833116,0.015839965430248404,1.0
1704909360000.0,539636,1704909360000.0,0.017903342041720727,-0.001293264,1628.408208873887,1628.490268900012,-6.3,1.0264,18.9,1.0235581996759173,long_nclose,19.345249973874836,0.01187985289465772,1.0
1704909720000.0,539642,1704909720000.0,0.05633334204172069,-0.00130095,1628.4632412659284,1628.579687950012,-6.3,1.0325,12.6,1.0235581996759173,long_nclose,12.896833315916558,0.007919634284094043,6.0
1704909840000.0,539644,1704909840000.0,0.09476334204172066,-0.001308636,1628.5566959719702,1628.6426393140118,-6.3,1.0386,6.3,1.0235581996759173,long_nclose,6.448416657958279,0.00395958990798885,2.0
1704910200000.0,539650,1704910200000.0,0.018777780680573564,-0.00043365,1628.5750401026505,1628.5936956640116,-2.1,1.0325,4.2,1.0235581996759173,long_nclose,4.298944438638853,0.0026396968716700256,6.0
1704910380000.0,539653,1704910380000.0,0.012518520453715709,-0.0002891,1628.5872695231044,1628.6151065640117,-1.4,1.0325,2.8,1.0235581996759173,long_nclose,2.865962959092568,0.0017597846997366017,3.0
1704911400000.0,539670,1704911400000.0,0.008047620291674384,-0.00018585000000000002,1628.595131293396,1628.6126907140117,-0.9,1.0325,1.9,1.0235581996759173,long_nclose,1.9447605793842428,0.00119413385316936,17.0
1704912660000.0,539691,1704912660000.0,0.00536508019444959,-0.0001239,1628.6003724735904,1628.6123868140116,-0.6,1.0325,1.3,1.0235581996759173,long_nclose,1.3306256595786925,0.0008170363227644848,21.0
1704913260000.0,539701,1704913260000.0,0.0035767201296330597,-8.260000000000002e-05,1628.6038665937199,1628.6131742140115,-0.4,1.0325,0.9,1.0235581996759173,long_nclose,0.9212023797083256,0.0005656393175800642,10.0
1704913380000.0,539703,1704913380000.0,0.002682540097224795,-6.195e-05,1628.606487183817,1628.6125122640115,-0.3,1.0325,0.6,1.0235581996759173,long_nclose,0.6141349198055503,0.00037709227160669806,2.0
1704913620000.0,539707,1704913620000.0,0.004512540097224793,-6.231599999999999e-05,1628.6109374079144,1628.6157799480116,-0.3,1.0386,0.3,1.0235581996759173,long_nclose,0.3070674599027752,0.00018854562059585672,4.0
1704913740000.0,539709,1704913740000.0,0.0008941800324082649,-2.0650000000000004e-05,1628.611810937947,1628.6134592980118,-0.1,1.0325,0.2,1.0235581996759173,long_nclose,0.2047116399351835,0.00012569701297774965,2.0
1704913800000.0,539710,1704913800000.0,0.0008941800324082649,-2.0650000000000004e-05,1628.6126844679795,1628.613338648012,-0.1,1.0325,0.1,1.0235581996759173,long_nclose,0.10235581996759174,6.28484727791669e-05,1.0
1704913860000.0,539711,1704913860000.0,0.0008941800324082649,-2.0650000000000004e-05,1628.613557998012,1628.613557998012,-0.1,1.0325,0.0,1.0235581996759173,long_nclose,0.0,0.0,1.0
1704915480000.0,539738,1704915480000.0,0.0,-0.016286528,1628.5972714700122,1628.4940514700122,79.4,1.0256,79.4,1.0256,long_ientry_normal,81.43264,0.05000170479623663,27.0
1704915600000.0,539740,1704915600000.0,0.05543999999999829,-0.0040724640000000005,1628.6486390060122,1628.7678390060123,-19.8,1.0284,59.6,1.0256,long_nclose,61.12576000000001,0.03753158203435822,2.0
1704915780000.0,539743,1704915780000.0,0.041719999999998716,-0.0030646320000000003,1628.6872943740123,1628.8839743740123,-14.9,1.0284,44.7,1.0256,long_nclose,45.84432,0.028148018443049448,3.0
1704916320000.0,539752,1704916320000.0,0.13260999999999865,-0.00308281,1628.8168215640121,1629.085021564012,-14.9,1.0345,29.8,1.0256,long_nclose,30.562880000000003,0.018763853366060592,9.0
1704917220000.0,539767,1704917220000.0,0.0,-0.010175936,1628.8066456280121,1628.487065628012,49.6,1.0258,79.4,1.025724937027708,long_ientry_partial,81.44256000000001,0.05000136769984662,15.0
1704920400000.0,539820,1704920400000.0,0.05692624685138177,-0.004073256,1628.8594986188634,1628.840132372012,-19.8,1.0286,59.6,1.025724937027708,long_nclose,61.133206246851394,0.03753129493285777,53.0
1704920520000.0,539822,1704920520000.0,0.04283843828715093,-0.003065228,1628.8992718291506,1628.978617144012,-14.9,1.0286,44.7,1.025724937027708,long_nclose,45.84990468513855,0.02814778389191126,2.0
1704920580000.0,539823,1704920580000.0,0.0,-0.007144728000000001,1628.8921271011507,1628.7334624160121,34.9,1.0236,79.6,1.0247932749389266,long_ientry_partial,81.57354468513854,0.05007915707119935,1.0
1704920640000.0,539824,1704920640000.0,0.05585382871536244,-0.004089848,1628.943891081866,1629.027872568012,-19.9,1.0276,59.7,1.0247932749389266,long_nclose,61.18015851385392,0.03755817425560374,1.0
1704920700000.0,539825,1704920700000.0,0.041820203409994997,-0.0030622480000000005,1628.982649037276,1629.166630320012,-14.9,1.0276,44.8,1.0247932749389266,long_nclose,45.91073871726391,0.028183687987344143,1.0
1704920820000.0,539827,1704920820000.0,0.13271020340999493,-0.0030804260000000003,1629.1122788146859,1629.4533398940118,-14.9,1.0337,29.9,1.0247932749389266,long_nclose,30.641318920673903,0.018808598596388948,2.0
1704921000000.0,539830,1704921000000.0,0.22360020340999484,-0.0030986040000000005,1629.3327804140959,1629.5878812900119,-14.9,1.0398,15.0,1.0247932749389266,long_nclose,15.3718991240839,0.009434474840785516,3.0
1704921060000.0,539831,1704921060000.0,0.3166008759161021,-0.0031377,1629.6462435900119,1629.6462435900119,-15.0,1.0459,0.0,1.0247932749389266,long_nclose,0.0,0.0,1.0
1704989760000.0,540976,1704989760000.0,0.0,-0.016289604,1629.629953986012,1629.659193986012,73.1,1.1142,73.1,1.1142,long_ientry_normal,81.44802,0.04997945687042711,1145.0
1704989820000.0,540977,1704989820000.0,0.056419999999997826,-0.004066972,1629.682307014012,1629.890927014012,-18.2,1.1173,54.9,1.1142,long_nclose,61.16958,0.037534665337367545,1.0
1704989940000.0,540979,1704989940000.0,0.1775099999999967,-0.004113474000000001,1629.855703540012,1630.2583035400119,-18.3,1.1239,36.6,1.1142,long_nclose,40.779720000000005,0.025020448074898484,2.0
1704990060000.0,540981,1704990060000.0,0.1183399999999978,-0.002742316,1629.971301224012,1630.212861224012,-12.2,1.1239,24.4,1.1142,long_nclose,27.18648,0.016679115748592974,2.0
1704990180000.0,540983,1704990180000.0,0.07856999999999854,-0.0018207179999999998,1630.0480505060118,1630.1980105060118,-8.1,1.1239,16.3,1.1142,long_nclose,18.16146,0.011141671556468648,2.0
1704990240000.0,540984,1704990240000.0,0.05237999999999903,-0.0012138119999999999,1630.0992166940118,1630.2038566940118,-5.4,1.1239,10.9,1.1142,long_nclose,12.14478,0.007450331780804551,1.0
1704990300000.0,540985,1704990300000.0,0.034919999999999354,-0.000809208,1630.133327486012,1630.2121674860118,-3.6,1.1239,7.3,1.1142,long_nclose,8.13366,0.0049895673334546895,1.0
1704990660000.0,540991,1704990660000.0,0.0,-0.014665504000000003,1630.1186619820119,1630.149361982012,65.8,1.1144,73.1,1.1143800273597813,long_ientry_partial,81.46118,0.04997254610959046,6.0
1704990660000.0,540991,1704990660000.0,0.005255950752393668,-0.000402228,1630.1235157047643,1630.153459754012,-1.8,1.1173,71.3,1.1143800273597813,long_nclose,79.4552959507524,0.04874188684800419,0.0
1704990720000.0,540992,1704990720000.0,0.055535512995892544,-0.003978300000000001,1630.1750729177602,1630.4222414540118,-17.8,1.1175,53.5,1.1143800273597813,long_nclose,59.619331463748296,0.0365723488563955,1.0
1704990780000.0,540993,1704990780000.0,0.17301551299589543,-0.004001796,1630.344086634756,1630.7303596580118,-17.8,1.1241,35.7,1.1143800273597813,long_nclose,39.7833669767442,0.024401822475930392,1.0
1704991020000.0,540997,1704991020000.0,0.2904955129958943,-0.004025292000000001,1630.6305568557518,1630.9226843660117,-17.8,1.1307,17.9,1.1143800273597813,long_nclose,19.94740248974008,0.01223293799191613,4.0
1704991080000.0,540998,1704991080000.0,0.14524775649794716,-0.0020126460000000003,1630.7737919662497,1630.9035717200118,-8.9,1.1307,9.0,1.1143800273597813,long_nclose,10.02942024623803,0.006150098987147323,1.0
1704991200000.0,541000,1704991200000.0,0.07343987688098452,-0.0010176300000000003,1630.8462142131307,1630.9178540900116,-4.5,1.1307,4.5,1.1143800273597813,long_nclose,5.014710123119015,0.0030749129374767993,2.0
1704991260000.0,541001,1704991260000.0,0.035903939808481326,-0.000497508,1630.8816206449392,1630.9232965820117,-2.2,1.1307,2.3,1.1143800273597813,long_nclose,2.563074062927497,0.001571588048134308,1.0
1704991440000.0,541004,1704991440000.0,0.017951969904240663,-0.000248754,1630.8993238608434,1630.9183078280116,-1.1,1.1307,1.2,1.1143800273597813,long_nclose,1.3372560328317376,0.0008199500810792162,3.0
1704991500000.0,541005,1704991500000.0,0.00979198358413127,-0.000135684,1630.9089801604275,1630.9193121440117,-0.6,1.1307,0.6,1.1143800273597813,long_nclose,0.6686280164158688,0.00040997261315594565,1.0
1704992460000.0,541021,1704992460000.0,0.004895991792065635,-6.7842e-05,1630.9138083102196,1630.9182543020115,-0.3,1.1307,0.3,1.1143800273597813,long_nclose,0.3343140082079344,0.0002049856997374467,16.0
1704992520000.0,541022,1704992520000.0,0.0016319972640218784,-2.2614e-05,1630.9154176934835,1630.9187816880114,-0.1,1.1307,0.2,1.1143800273597813,long_nclose,0.22287600547195627,0.00013665699830537985,1.0
1704992640000.0,541024,1704992640000.0,0.0046039945280437426,-4.5496000000000006e-05,1630.9199761920115,1630.9199761920115,-0.2,1.1374,0.0,1.1143800273597813,long_nclose,0.0,0.0,2.0
1705005600000.0,541240,1705005600000.0,0.0,-0.016320304,1630.9036558880116,1631.0856558880116,72.8,1.1209,72.8,1.1209,long_ientry_normal,81.60152,0.05003454355221783,216.0
1705005660000.0,541241,1705005660000.0,0.056420000000001864,-0.0040913600000000005,1630.9559845280114,1631.1525445280115,-18.2,1.124,54.6,1.1209,long_nclose,61.20114,0.03752470365882451,1.0
1705006260000.0,541251,1705006260000.0,0.0421600000000014,-0.0030572800000000003,1630.9950872480115,1631.1139872480114,-13.6,1.124,41.0,1.1209,long_nclose,45.9569,0.028177215467609637,10.0
1705006380000.0,541253,1705006380000.0,0.0,-0.007128924000000001,1630.9879583240115,1631.1044383240114,31.8,1.1209,72.8,1.1209,long_ientry_partial,81.60152,0.050031957368865544,2.0
1705006440000.0,541254,1705006440000.0,0.056420000000001864,-0.0040913600000000005,1631.0402869640113,1631.1986269640113,-18.2,1.124,54.6,1.1209,long_nclose,61.20114,0.037522764145770236,1.0
1705006500000.0,541255,1705006500000.0,0.0421600000000014,-0.0030572800000000003,1631.0793896840114,1631.1818896840114,-13.6,1.124,41.0,1.1209,long_nclose,45.9569,0.028175759126539645,1.0
1705006560000.0,541256,1705006560000.0,0.03162000000000104,-0.00229296,1631.1087167240114,1631.1425967240114,-10.2,1.124,30.8,1.1209,long_nclose,34.523720000000004,0.02116579946267403,1.0
1705006620000.0,541257,1705006620000.0,0.0,-0.009415560000000002,1631.0993011640114,1630.9901011640113,42.0,1.1209,72.8,1.1209000000000002,long_ientry_partial,81.60152000000001,0.05002854206470827,1.0
1705006740000.0,541259,1705006740000.0,0.056419999999997826,-0.0040913600000000005,1631.1516298040112,1631.2772098040111,-18.2,1.124,54.6,1.1209000000000002,long_nclose,61.20114000000002,0.03752020283200376,2.0
1705006800000.0,541260,1705006800000.0,0.04215999999999837,-0.0030572800000000003,1631.1907325240113,1631.3465325240113,-13.6,1.124,41.0,1.1209000000000002,long_nclose,45.95690000000001,0.028173835887903145,1.0
1705007040000.0,541264,1705007040000.0,0.03161999999999878,-0.00229296,1631.2200595640113,1631.2847395640113,-10.2,1.124,30.8,1.1209000000000002,long_nclose,34.523720000000004,0.021164354740235,4.0
1705007100000.0,541265,1705007100000.0,0.023869999999999083,-0.0017309600000000004,1631.2421986040113,1631.3230486040113,-7.7,1.124,23.1,1.1209000000000002,long_nclose,25.89279000000001,0.015873050624952326,1.0
1705007340000.0,541269,1705007340000.0,0.01766999999999932,-0.0012813600000000003,1631.2585872440113,1631.3073072440113,-5.7,1.124,17.4,1.1209000000000002,long_nclose,19.503660000000004,0.01195620372668883,4.0
1705007400000.0,541270,1705007400000.0,0.013329999999999486,-0.0009666400000000002,1631.2709506040114,1631.3639606040115,-4.3,1.124,13.1,1.1209000000000002,long_nclose,14.683790000000002,0.009001441480069898,1.0
1705008660000.0,541291,1705008660000.0,0.04213999999999918,-0.000972402,1631.3121182020116,1631.3957182020115,-4.3,1.1307,8.8,1.1209000000000002,long_nclose,9.863920000000002,0.006046617253644722,21.0
1705008720000.0,541292,1705008720000.0,0.028419999999999446,-0.0006558060000000001,1631.3398823960117,1631.3965223960117,-2.9,1.1307,5.9,1.1209000000000002,long_nclose,6.613310000000002,0.004053913026564875,1.0
1705008780000.0,541293,1705008780000.0,0.018619999999999637,-0.00042966600000000004,1631.3580727300118,1631.388472730012,-1.9,1.1307,4.0,1.1209000000000002,long_nclose,4.483600000000001,0.002748384965231378,1.0
1705009560000.0,541306,1705009560000.0,0.0030999999999998806,-0.00022480000000000004,1631.3609479300117,1631.3693479300116,-1.0,1.124,3.0,1.1209000000000002,long_nclose,3.3627000000000007,0.0020612850909952434,13.0
1705009620000.0,541307,1705009620000.0,0.0021699999999999164,-0.00015736000000000002,1631.3629605700116,1631.3742305700116,-0.7,1.124,2.3,1.1209000000000002,long_nclose,2.5780700000000003,0.0015803166200973457,1.0
1705010220000.0,541317,1705010220000.0,0.0,-0.015787904000000002,1631.3471726660116,1631.3262826660116,70.4,1.1213,72.7,1.1212873452544705,long_ientry_partial,81.51759000000001,0.049969492310322126,10.0
1705010460000.0,541321,1705010460000.0,0.056339050894085314,-0.004070328000000001,1631.3994413889059,1631.6512923380117,-18.1,1.1244,54.6,1.1212873452544705,long_nclose,61.22228905089409,0.037527467214756416,4.0
1705011840000.0,541344,1705011840000.0,0.0,-0.00405983,1631.395381558906,1631.4796925080118,18.1,1.1215,72.7,1.1213402895583782,long_ientry_partial,81.5214390508941,0.04997037503746945,23.0
1705013700000.0,541375,1705013700000.0,0.05538075899335638,-0.004070328000000001,1631.4466919898994,1631.6355921800118,-18.1,1.1244,54.6,1.1213402895583782,long_nclose,61.22517980988745,0.03752815222862734,31.0
1705014420000.0,541387,1705014420000.0,0.17762673003751725,-0.004117204,1631.6202015159367,1631.9790949760118,-18.2,1.1311,36.4,1.1213402895583782,long_nclose,40.81678653992496,0.025016107610093406,12.0
1705014540000.0,541389,1705014540000.0,0.1180924963436241,-0.002737262,1631.7355567502805,1632.004307714012,-12.1,1.1311,24.3,1.1213402895583782,long_nclose,27.24856903626859,0.016699132971359703,2.0
1705015080000.0,541398,1705015080000.0,0.0790536545771368,-0.0018323819999999998,1631.8127780228576,1631.977365332012,-8.1,1.1311,16.2,1.1213402895583782,long_nclose,18.165712690845726,0.011132228485706386,9.0
1705015320000.0,541402,1705015320000.0,0.05270243638475787,-0.001221588,1631.8642588712426,1631.976143744012,-5.4,1.1311,10.8,1.1213402895583782,long_nclose,12.110475127230485,0.007421251529589402,4.0
1705015740000.0,541409,1705015740000.0,0.03513495758983858,-0.000814392,1631.8985794368325,1631.977489352012,-3.6,1.1311,7.2,1.1213402895583782,long_nclose,8.073650084820324,0.004947396968509242,7.0
1705016700000.0,541425,1705016700000.0,0.05925495758983832,-0.000819216,1631.9570151784224,1632.0166301360123,-3.6,1.1378,3.6,1.1213402895583782,long_nclose,4.036825042410162,0.0024736099081438213,16.0
1705017660000.0,541441,1705017660000.0,0.02962747879491916,-0.000409608,1631.9862330492174,1632.0162205280124,-1.8,1.1378,1.8,1.1213402895583782,long_nclose,2.018412521205081,0.0012367828112335613,16.0
1705017900000.0,541445,1705017900000.0,0.005855826264973096,-0.00013573199999999998,1631.9919531434823,1632.0048647960123,-0.6,1.1311,1.2,1.1213402895583782,long_nclose,1.3456083474700538,0.0008245189842254999,4.0
1705018020000.0,541447,1705018020000.0,0.009875826264973053,-0.000136536,1632.0016924337474,1632.0127682600123,-0.6,1.1378,0.6,1.1213402895583782,long_nclose,0.6728041737350269,0.00041225703187335386,2.0
1705018140000.0,541449,1705018140000.0,0.013895826264973142,-0.00013734,1632.0154509200124,1632.0154509200124,-0.6,1.1445,0.0,1.1213402895583782,long_nclose,0.0,0.0,2.0
1705022700000.0,541525,1705022700000.0,0.0,-0.016317575999999997,1631.9991333440125,1631.9846133440126,72.6,1.1238,72.6,1.1238,long_ientry_normal,81.58787999999998,0.04999260007744251,76.0
1705023180000.0,541533,1705023180000.0,0.05611000000000186,-0.004079378000000001,1632.0511639660126,1632.2037639660127,-18.1,1.1269,54.5,1.1238,long_nclose,61.247099999999996,0.03752768378361664,8.0
1705023300000.0,541535,1705023300000.0,0.0421600000000014,-0.003065168,1632.0902587980127,1632.2170487980127,-13.6,1.1269,40.9,1.1238,long_nclose,45.96341999999999,0.028162302760051227,2.0
1705023360000.0,541536,1705023360000.0,0.03162000000000104,-0.002298876,1632.1195799220127,1632.2239599220127,-10.2,1.1269,30.7,1.1238,long_nclose,34.500659999999996,0.02113856142921129,1.0
1705024080000.0,541548,1705024080000.0,0.09996000000000031,-0.0023125439999999997,1632.2172273780127,1632.4078773780127,-10.2,1.1336,20.5,1.1238,long_nclose,23.037899999999997,0.01411448158589037,12.0
1705024320000.0,541552,1705024320000.0,0.06664000000000021,-0.001541696,1632.2823256820127,1632.4302856820127,-6.8,1.1336,13.7,1.1238,long_nclose,15.396059999999999,0.009432228578206959,4.0
1705024800000.0,541560,1705024800000.0,0.04410000000000014,-0.00102024,1632.3254054420129,1632.443165442013,-4.5,1.1336,9.2,1.1238,long_nclose,10.338959999999998,0.006333884141930843,8.0
1705025700000.0,541575,1705025700000.0,0.07590000000000083,-0.0010490760000000001,1632.4002563660129,1632.4747763660127,-4.6,1.1403,4.6,1.1238,long_nclose,5.169479999999999,0.0031667968562490295,15.0
1705025760000.0,541576,1705025760000.0,0.037950000000000414,-0.0005245380000000001,1632.4376818280127,1632.4751718280127,-2.3,1.1403,2.3,1.1238,long_nclose,2.5847399999999996,0.0015833621269423243,1.0
1705025820000.0,541577,1705025820000.0,0.0181500000000002,-0.00025086600000000003,1632.4555809620128,1632.4753809620129,-1.1,1.1403,1.2,1.1238,long_nclose,1.3485599999999998,0.0008260929214412607,1.0
1705025880000.0,541578,1705025880000.0,0.009900000000000108,-0.00013683600000000002,1632.465344126013,1632.475244126013,-0.6,1.1403,0.6,1.1238,long_nclose,0.6742799999999999,0.0004130439904444005,1.0
1705025940000.0,541579,1705025940000.0,0.004950000000000054,-6.841800000000001e-05,1632.470225708013,1632.475475708013,-0.3,1.1403,0.3,1.1238,long_nclose,0.33713999999999994,0.00020652137765868296,1.0
1705027200000.0,541600,1705027200000.0,0.0016500000000000182,-2.2806000000000005e-05,1632.4718529020129,1632.4751129020128,-0.1,1.1403,0.2,1.1238,long_nclose,0.22476,0.00013768078120333197,21.0
1705027380000.0,541603,1705027380000.0,0.0016500000000000182,-2.2806000000000005e-05,1632.4734800960127,1632.4751400960126,-0.1,1.1403,0.1,1.1238,long_nclose,0.11238,6.884032198390778e-05,3.0
1705027560000.0,541606,1705027560000.0,0.0016500000000000182,-2.2806000000000005e-05,1632.4751072900126,1632.4751072900126,-0.1,1.1403,0.0,1.1238,long_nclose,0.0,0.0,3.0
1705045860000.0,541911,1705045860000.0,0.0,-0.016334976,1632.4587723140125,1632.7039123140125,72.1,1.1328,72.1,1.1328,long_ientry_normal,81.67488,0.05003181788427388,305.0
1705047240000.0,541934,1705047240000.0,0.05579999999999785,-0.00408924,1632.5104830740127,1632.6024530740126,-18.0,1.1359,54.1,1.1328,long_nclose,61.28448,0.03754002233700913,23.0
1705047360000.0,541936,1705047360000.0,0.04184999999999839,-0.00306693,1632.5492661440128,1632.7441461440128,-13.5,1.1359,40.6,1.1328,long_nclose,45.99168,0.02817169500105176,2.0
1705048140000.0,541949,1705048140000.0,0.03130999999999879,-0.0022945179999999997,1632.5782816260128,1632.6941816260128,-10.1,1.1359,30.5,1.1328,long_nclose,34.5504,0.021163089322484768,13.0
1705048320000.0,541952,1705048320000.0,0.023559999999999092,-0.0017265679999999997,1632.6001150580128,1632.7077450580127,-7.6,1.1359,22.9,1.1328,long_nclose,25.941119999999998,0.015889451287389018,3.0
1705048500000.0,541955,1705048500000.0,0.0,-0.011126060000000002,1632.5889889980128,1632.5791689980128,49.1,1.133,72.0,1.1329363888888888,long_ientry_partial,81.57141999999999,0.049964455567021636,3.0
1705049220000.0,541967,1705049220000.0,0.056945000000003354,-0.004089960000000001,1632.6418440380128,1632.7424790380128,-18.0,1.1361,54.0,1.1329363888888888,long_nclose,61.178565,0.037472128515760116,12.0
1705049340000.0,541969,1705049340000.0,0.042708750000002516,-0.00306747,1632.6814853180128,1632.7974615680127,-13.5,1.1361,40.5,1.1329363888888888,long_nclose,45.883923749999994,0.02810341402325803,2.0
1705049400000.0,541970,1705049400000.0,0.0319524722222241,-0.002294922,1632.7111428682351,1632.849876646013,-10.1,1.1361,30.4,1.1329363888888888,long_nclose,34.44126622222222,0.02109452512323653,1.0
1705049700000.0,541975,1705049700000.0,0.02404344444444586,-0.0017268720000000002,1632.7334594406796,1632.8101497740129,-7.6,1.1361,22.8,1.1329363888888888,long_nclose,25.830949666666665,0.01582067759885039,5.0
1705050000000.0,541980,1705050000000.0,0.018032583333334396,-0.0012951540000000002,1632.7501968700128,1632.7803546200128,-5.7,1.1361,17.1,1.1329363888888888,long_nclose,19.37321225,0.011865386565035184,5.0
1705050060000.0,541981,1705050060000.0,0.01328716666666745,-0.0009543240000000001,1632.7625297126795,1632.8175302960128,-4.2,1.1361,12.9,1.1329363888888888,long_nclose,14.614879416666666,0.008951013482186215,1.0
1705050660000.0,541991,1705050660000.0,0.0,-0.01341472,1632.7491149926796,1632.677835576013,59.2,1.133,72.1,1.1329886188164586,long_ientry_partial,81.68847941666667,0.0500312501575191,10.0
1705052640000.0,542024,1705052640000.0,0.05600486130374671,-0.004089960000000001,1632.8010298939832,1632.9314856160129,-18.0,1.1361,54.1,1.1329886188164586,long_nclose,61.29468427797041,0.037539591876635595,33.0
1705052700000.0,542025,1705052700000.0,0.042003645977810034,-0.00306747,1632.839966069961,1632.9744081460128,-13.5,1.1361,40.6,1.1329886188164586,long_nclose,45.999337923948225,0.028171369442078764,1.0
1705052820000.0,542027,1705052820000.0,0.03142494995376899,-0.002294922,1632.869096097915,1633.067693224013,-10.1,1.1361,30.5,1.1329886188164586,long_nclose,34.556152873901986,0.02116284333905345,2.0
1705053180000.0,542033,1705053180000.0,0.10010494995376815,-0.0023086580000000003,1632.9668923898687,1633.138484566013,-10.1,1.1429,20.4,1.1329886188164586,long_nclose,23.112967823855755,0.014153972093108159,6.0
1705053900000.0,542045,1705053900000.0,0.015868044036061568,-0.001158822,1632.9816016119048,1633.049095744013,-5.1,1.1361,15.3,1.1329886188164586,long_nclose,17.33472586789182,0.010615383449991618,12.0
1705054140000.0,542049,1705054140000.0,0.011823248497457639,-0.0008634360000000001,1632.9925614244023,1633.017992308013,-3.8,1.1361,11.5,1.1329886188164586,long_nclose,13.029369116389274,0.007978829435098107,4.0
1705054200000.0,542050,1705054200000.0,0.0,-0.013731960000000001,1632.9788294644022,1632.892440348013,60.6,1.133,72.1,1.1329981846933326,long_ientry_partial,81.68916911638927,0.05002463451604106,1.0
1705055160000.0,542066,1705055160000.0,0.055832675520015584,-0.004089960000000001,1633.030572179922,1633.2092003880127,-18.0,1.1361,54.1,1.1329981846933326,long_nclose,61.29520179190929,0.03753463213495552,16.0
1705055460000.0,542071,1705055460000.0,0.04187450664001169,-0.00306747,1633.069379216562,1633.2277929180127,-13.5,1.1361,40.6,1.1329981846933326,long_nclose,45.999726298549305,0.0281676497544868,5.0
1705055700000.0,542075,1705055700000.0,0.03132833459734208,-0.002294922,1633.0984126291596,1633.177767996013,-10.1,1.1361,30.5,1.1329981846933326,long_nclose,34.55644463314665,0.021160050347188507,4.0
1705055760000.0,542076,1705055760000.0,0.023573796330673247,-0.0017268720000000002,1633.1202595534903,1633.239381124013,-7.6,1.1361,22.9,1.1329981846933326,long_nclose,25.945658429477316,0.015887169531881927,1.0
1705056000000.0,542080,1705056000000.0,0.017680347248004935,-0.0012951540000000002,1633.1366447467383,1633.171075970013,-5.7,1.1361,17.2,1.1329981846933326,long_nclose,19.48756877672532,0.01193260149994821,4.0
1705056120000.0,542082,1705056120000.0,0.01333780581867039,-0.000977046,1633.1490055065572,1633.1967589240132,-4.3,1.1361,12.9,1.1329981846933326,long_nclose,14.61567658254399,0.008949383389552147,2.0
1705056300000.0,542085,1705056300000.0,0.009925808981336104,-0.0007271040000000001,1633.1582042115385,1633.1892618200131,-3.2,1.1361,9.7,1.1329981846933326,long_nclose,10.990082391525325,0.006729343405424188,3.0
1705056660000.0,542091,1705056660000.0,0.007444356736002078,-0.0005453280000000001,1633.1651032402744,1633.1979664920132,-2.4,1.1361,7.3,1.1329981846933326,long_nclose,8.270886748261328,0.005064329829146796,6.0
1705056840000.0,542094,1705056840000.0,0.023764356736001878,-0.0005485920000000001,1633.1883190050103,1633.228017900013,-2.4,1.1429,4.9,1.1329981846933326,long_nclose,5.55169110499733,0.003399296358168662,3.0
1705057380000.0,542103,1705057380000.0,0.01584290449066792,-0.000365728,1633.203796181501,1633.237792172013,-1.6,1.1429,3.3,1.1329981846933326,long_nclose,3.738894009487997,0.002289300342204499,9.0
1705058640000.0,542124,1705058640000.0,0.010891996837334196,-0.00025143800000000004,1633.2144367403382,1633.238640734013,-1.1,1.1429,2.2,1.1329981846933326,long_nclose,2.492596006325332,0.0015261902847859932,21.0
1705059000000.0,542130,1705059000000.0,0.018261996837334118,-0.00025291200000000005,1633.2324458251755,1633.2508178220128,-1.1,1.1496,1.1,1.1329981846933326,long_nclose,1.246298003162666,0.0007630867280088754,6.0
1705059660000.0,542141,1705059660000.0,0.008300907653333689,-0.00011496,1633.240631772829,1633.2506528620129,-0.5,1.1496,0.6,1.1329981846933326,long_nclose,0.6797989108159995,0.00041622703819099835,11.0
1705060620000.0,542157,1705060620000.0,0.00198036306133349,-4.5716e-05,1633.2425664198904,1633.246007146013,-0.2,1.1429,0.4,1.1329981846933326,long_nclose,0.45319927387733305,0.00027748436343461063,16.0
1705060800000.0,542160,1705060800000.0,0.000990181530666745,-2.2858e-05,1633.243533743421,1633.246534288013,-0.1,1.1429,0.3,1.1329981846933326,long_nclose,0.33989945540799976,0.00020811314931640636,3.0
1705061160000.0,542166,1705061160000.0,0.000990181530666745,-2.2858e-05,1633.2445010669517,1633.246681430013,-0.1,1.1429,0.2,1.1329981846933326,long_nclose,0.22659963693866653,0.00013874201737133386,6.0
1705061280000.0,542168,1705061280000.0,0.000990181530666745,-2.2858e-05,1633.2454683904823,1633.246488572013,-0.1,1.1429,0.1,1.1329981846933326,long_nclose,0.11329981846933326,6.937096759924707e-05,2.0
1705062180000.0,542183,1705062180000.0,0.001660181530666738,-2.2992000000000003e-05,1633.247105580013,1633.247105580013,-0.1,1.1496,0.0,1.1329981846933326,long_nclose,0.0,0.0,15.0
1705063560000.0,542206,1705063560000.0,0.0,-0.016338240000000004,1633.230767340013,1633.281167340013,72.0,1.1346,72.0,1.1346,long_ientry_normal,81.69120000000001,0.05001816132391852,23.0
1705063800000.0,542210,1705063800000.0,0.05579999999999785,-0.004095720000000001,1633.2824716200132,1633.4444716200132,-18.0,1.1377,54.0,1.1346,long_nclose,61.2684,0.03751243343671555,4.0
1705063860000.0,542211,1705063860000.0,0.04184999999999839,-0.00307179,1633.3212498300134,1633.4832498300134,-13.5,1.1377,40.5,1.1346,long_nclose,45.9513,0.028133657114166825,1.0
1705064100000.0,542215,1705064100000.0,0.03130999999999879,-0.002298154,1633.3502616760134,1633.4597016760133,-10.1,1.1377,30.4,1.1346,long_nclose,34.49184,0.021117234196054945,4.0
1705064400000.0,542220,1705064400000.0,0.023559999999999092,-0.0017293039999999999,1633.3720923720134,1633.4382123720134,-7.6,1.1377,22.8,1.1346,long_nclose,25.86888,0.015837713966590877,5.0
1705064520000.0,542222,1705064520000.0,0.01766999999999932,-0.001296978,1633.3884653940133,1633.4910653940133,-5.7,1.1377,17.1,1.1346,long_nclose,19.401660000000003,0.011878166407474812,2.0
1705064880000.0,542228,1705064880000.0,0.05643000000000011,-0.0013047300000000003,1633.4435906640135,1633.5610106640136,-5.7,1.1445,11.4,1.1346,long_nclose,12.93444,0.00791851036297005,6.0
1705065120000.0,542232,1705065120000.0,0.03762000000000008,-0.00086982,1633.4803408440137,1633.5487408440138,-3.8,1.1445,7.6,1.1346,long_nclose,8.62296,0.005278888141099113,4.0
1705065660000.0,542241,1705065660000.0,0.02475000000000005,-0.0005722500000000001,1633.5045185940137,1633.5570485940136,-2.5,1.1445,5.1,1.1346,long_nclose,5.78646,0.003542359347117392,9.0
1705066200000.0,542250,1705066200000.0,0.016830000000000032,-0.00038913000000000006,1633.5209594640137,1633.5569994640136,-1.7,1.1445,3.4,1.1346,long_nclose,3.85764,0.0023615491295965727,9.0
1705066440000.0,542254,1705066440000.0,0.010890000000000023,-0.00025179000000000005,1633.5315976740137,1633.5559776740138,-1.1,1.1445,2.3,1.1346,long_nclose,2.60958,0.0015975081251662238,4.0
1705066920000.0,542262,1705066920000.0,0.006930000000000013,-0.00016023,1633.5383674440138,1633.552287444014,-0.7,1.1445,1.6,1.1346,long_nclose,1.81536,0.0011113053945837105,8.0
1705067100000.0,542265,1705067100000.0,0.00495000000000001,-0.00011445000000000002,1633.5432029940139,1633.554422994014,-0.5,1.1445,1.1,1.1346,long_nclose,1.2480600000000002,0.0007640201971472276,3.0
1705068180000.0,542283,1705068180000.0,0.002970000000000006,-6.867e-05,1633.5461043240139,1633.554184324014,-0.3,1.1445,0.8,1.1346,long_nclose,0.90768,0.0005556500655826985,18.0
1705069560000.0,542306,1705069560000.0,0.006679999999999975,-9.210400000000001e-05,1633.5526922200138,1633.5597322200138,-0.4,1.1513,0.4,1.1346,long_nclose,0.45384,0.0002778239123607498,23.0
1705070760000.0,542326,1705070760000.0,0.0003099999999999881,-2.2754e-05,1633.5529794660138,1633.5551094660138,-0.1,1.1377,0.3,1.1346,long_nclose,0.34038,0.00020836789763088406,20.0
1705071120000.0,542332,1705071120000.0,0.000990000000000002,-2.2890000000000003e-05,1633.5539465760137,1633.5554865760137,-0.1,1.1445,0.2,1.1346,long_nclose,0.22692,0.00013891184951414203,6.0
1705071300000.0,542335,1705071300000.0,0.000990000000000002,-2.2890000000000003e-05,1633.5549136860136,1633.5557536860135,-0.1,1.1445,0.1,1.1346,long_nclose,0.11346,6.945588363722935e-05,3.0
1705071360000.0,542336,1705071360000.0,0.000990000000000002,-2.2890000000000003e-05,1633.5558807960135,1633.5558807960135,-0.1,1.1445,0.0,1.1346,long_nclose,0.0,0.0,1.0
1705072680000.0,542358,1705072680000.0,0.0,-0.016341432000000003,1633.5395393640135,1633.2231793640135,71.9,1.1364,71.9,1.1364,long_ientry_normal,81.70716000000002,0.05001847707451947,22.0
1705077480000.0,542438,1705077480000.0,0.0,-0.022415033999999997,1633.5171243300135,1630.4561943300137,102.1,1.0977,174.0,1.113691551724138,long_rentry,193.78233,0.11862889412896713,80.0
1705078440000.0,542454,1705078440000.0,0.0,-0.053054064,1633.4640702660136,1626.1063002660137,247.2,1.0731,421.2,1.0898685897435896,long_rentry,459.0526499999999,0.28103014835535506,16.0
1705095600000.0,542740,1705095600000.0,0.0,-0.23487912000000002,1633.2291911460136,1614.2185611460136,1124.9,1.044,1546.1,1.0564958605523576,long_rentry,1633.44825,1.0001341262176637,286.0
1705124040000.0,543214,1705124040000.0,-0.06348583856154211,-0.00326244,1633.162442867452,1625.9749587060137,-15.5,1.0524,1530.6,1.0564958605523576,unstuck_close_long,1617.0725641614383,0.9901480230724853,474.0
1705149360000.0,543636,1705149360000.0,1.1111237526679594,-0.081065288,1634.19250133212,1636.3784534180136,-382.6,1.0594,1148.0,1.0564958605523576,long_nclose,1212.8572479141064,0.7421752620486509,422.0
1705149480000.0,543638,1705149480000.0,0.8334880214733515,-0.06080956,1634.9651797935933,1637.5517438580134,-287.0,1.0594,861.0,1.0564958605523576,long_nclose,909.6429359355799,0.5563683845856693,2.0
1705152480000.0,543688,1705152480000.0,0.6249708091326315,-0.04559657599999999,1635.544554026726,1637.3554672820135,-215.2,1.0594,645.8,1.0564958605523576,long_nclose,682.2850267447125,0.41716077074447183,50.0
1705159800000.0,543810,1705159800000.0,0.4687281068494737,-0.034197432,1635.9790847015756,1638.0155698500137,-161.4,1.0594,484.4,1.0564958605523576,long_nclose,511.766594851562,0.31281976624103053,122.0
1705161240000.0,543834,1705161240000.0,0.3516912871094873,-0.025658667999999996,1636.3051173206852,1637.2875311820137,-121.1,1.0594,363.3,1.0564958605523576,long_nclose,383.8249461386715,0.23456807784550185,24.0
1705161300000.0,543835,1705161300000.0,0.2636958618459245,-0.019238704,1636.5495744785312,1637.3682024780137,-90.8,1.0594,272.5,1.0564958605523576,long_nclose,287.89512200051746,0.1759159187660124,1.0
1705161840000.0,543844,1705161840000.0,0.19777189638444334,-0.014429027999999998,1636.7329173469157,1637.3060834500138,-68.1,1.0594,204.4,1.0564958605523576,long_nclose,215.9477538969019,0.13193829708450255,9.0
1705161960000.0,543846,1705161960000.0,0.14840152577452356,-0.010827068,1636.8704918046901,1637.3463563820137,-51.1,1.0594,153.3,1.0564958605523576,long_nclose,161.96081542267643,0.09894540602543982,2.0
1705162380000.0,543853,1705162380000.0,0.11122854084470161,-0.008115003999999999,1636.9736053415347,1637.3305813780137,-38.3,1.0594,115.0,1.0564958605523576,long_nclose,121.49702396352112,0.07422051495947746,7.0
1705162920000.0,543862,1705162920000.0,0.08334880214733516,-0.006080955999999999,1637.050873187682,1637.2669804220136,-28.7,1.0594,86.3,1.0564958605523576,long_nclose,91.17559276566845,0.0556950271118517,9.0
1705163040000.0,543864,1705163040000.0,0.06243899812431031,-0.004555419999999999,1637.1087567658062,1637.3423050020135,-21.5,1.0594,64.8,1.0564958605523576,long_nclose,68.46093176379277,0.041818194106444655,2.0
1705163520000.0,543872,1705163520000.0,0.0470470590518059,-0.003432456,1637.152371368858,1637.3032325460133,-16.2,1.0594,48.6,1.0564958605523576,long_nclose,51.34569882284458,0.03136281003576555,8.0
1705163700000.0,543875,1705163700000.0,0.035140087316472314,-0.002563748,1637.1849477081744,1637.3055487980134,-12.1,1.0594,36.5,1.0564958605523576,long_nclose,38.56209891016105,0.02355390511264014,3.0
1705165320000.0,543902,1705165320000.0,0.0,-0.008681664,1637.1762660441743,1637.0394871340134,41.2,1.0536,77.7,1.054960346334119,long_ientry_partial,81.97041891016106,0.05006816957359271,27.0
1705165980000.0,543913,1705165980000.0,0.05702928111809146,-0.004104652,1637.2291906732924,1637.4064024820132,-19.4,1.0579,58.3,1.054960346334119,long_nclose,61.50418819127914,0.03756602224150806,11.0
1705166160000.0,543916,1705166160000.0,0.04262497815527455,-0.0030679100000000005,1637.2687477414477,1637.4325445720133,-14.5,1.0579,43.8,1.054960346334119,long_nclose,46.20726316943441,0.028222161592698598,3.0
1705167180000.0,543933,1705167180000.0,0.03204222495810294,-0.0023062220000000006,1637.2984837444058,1637.4017783500133,-10.9,1.0579,32.9,1.054960346334119,long_nclose,34.70819539439252,0.02119845326859212,17.0
1705167420000.0,543937,1705167420000.0,0.024105160060224225,-0.0017349560000000002,1637.3208539484658,1637.390993394013,-8.2,1.0579,24.7,1.054960346334119,long_nclose,26.05752055445274,0.015914730757636154,4.0
1705167660000.0,543941,1705167660000.0,0.0,-0.011169220000000002,1637.3096847284658,1637.278554174013,53.0,1.0537,77.7,1.0541006506364574,long_ientry_partial,81.90362055445274,0.05002329206159663,4.0
1705169640000.0,543974,1705169640000.0,0.05624737765272498,-0.0041011599999999995,1637.3618309461185,1637.525033014013,-19.4,1.057,58.3,1.0541006506364574,long_nclose,61.45406793210547,0.03753236869861282,33.0
1705169700000.0,543975,1705169700000.0,0.04204056577136661,-0.0030653,1637.40080621189,1637.5453177140132,-14.5,1.057,43.8,1.0541006506364574,long_nclose,46.16960849787683,0.02819688882692671,1.0
1705170060000.0,543981,1705170060000.0,0.031602908062613524,-0.0023042600000000002,1637.4301048599527,1637.5551034540133,-10.9,1.057,32.9,1.0541006506364574,long_nclose,34.67991140593945,0.02117947587686839,6.0
1705170360000.0,543986,1705170360000.0,0.023774664781048702,-0.00173348,1637.4521460447338,1637.5286999740133,-8.2,1.057,24.7,1.0541006506364574,long_nclose,26.036286070720497,0.015900486700396805,5.0
1705170480000.0,543988,1705170480000.0,0.017686031117609403,-0.0012895399999999998,1637.4685425358514,1637.5373504340132,-6.1,1.057,18.6,1.0541006506364574,long_nclose,19.60627210183811,0.011973525959451427,2.0
1705170960000.0,543996,1705170960000.0,0.013337007072295614,-0.00097244,1637.4809071029238,1637.5298979940133,-4.6,1.057,14.0,1.0541006506364574,long_nclose,14.757409108910403,0.009012263315496984,8.0
1705171500000.0,544005,1705171500000.0,0.010147722772398837,-0.0007398999999999999,1637.490314925696,1637.5270580940132,-3.5,1.057,10.5,1.0541006506364574,long_nclose,11.068056831682803,0.006759158653213185,9.0
1705172100000.0,544015,1705172100000.0,0.007538308345210565,-0.00054964,1637.4973035940413,1637.5217884540134,-2.6,1.057,7.9,1.0541006506364574,long_nclose,8.327395140028013,0.005085440520574128,10.0
1705172400000.0,544020,1705172400000.0,0.0055087637907307975,-0.00040165999999999997,1637.502410697832,1637.5228067940131,-1.9,1.057,6.0,1.0541006506364574,long_nclose,6.324603903818744,0.003862347842971098,5.0
1705172940000.0,544029,1705172940000.0,0.018398698727084994,-0.00042532,1637.5203840765591,1637.5587814740134,-2.0,1.0633,4.0,1.0541006506364574,long_nclose,4.21640260254583,0.002574870299964889,9.0
1705173660000.0,544041,1705173660000.0,0.011959154172605247,-0.00027645800000000004,1637.532066772732,1637.5604150160134,-1.3,1.0633,2.7,1.0541006506364574,long_nclose,2.8460717567184353,0.0017380250527414148,12.0
1705174020000.0,544047,1705174020000.0,0.008279414427188247,-0.000191394,1637.540154793159,1637.5576136220134,-0.9,1.0633,1.8,1.0541006506364574,long_nclose,1.8973811711456234,0.0011586776456088098,6.0
1705174680000.0,544058,1705174680000.0,0.005519609618125498,-0.00012759599999999998,1637.545546806777,1637.5564660260134,-0.6,1.0633,1.2,1.0541006506364574,long_nclose,1.2649207807637488,0.0007724492202554924,11.0
1705174740000.0,544059,1705174740000.0,0.003679739745416999,-8.5064e-05,1637.5491414825226,1637.5573009620134,-0.4,1.0633,0.8,1.0541006506364574,long_nclose,0.843280520509166,0.0005149650164059924,1.0
1705175400000.0,544070,1705175400000.0,0.0018398698727084995,-4.2532e-05,1637.5509388203955,1637.5568184300137,-0.2,1.0633,0.6,1.0541006506364574,long_nclose,0.6324603903818744,0.00038622333839426404,11.0
1705176900000.0,544095,1705176900000.0,0.0018398698727084995,-4.2532e-05,1637.5527361582683,1637.5570558980137,-0.2,1.0633,0.4,1.0541006506364574,long_nclose,0.421640260254583,0.00025748194298997636,25.0
1705178700000.0,544125,1705178700000.0,0.0009199349363542497,-2.1266e-05,1637.5536348272046,1637.5567546320137,-0.1,1.0633,0.3,1.0541006506364574,long_nclose,0.3162301951909372,0.0001931113512653318,30.0
1705178940000.0,544129,1705178940000.0,0.0009199349363542497,-2.1266e-05,1637.554533496141,1637.5564333660136,-0.1,1.0633,0.2,1.0541006506364574,long_nclose,0.2108201301272915,0.0001287408301921985,4.0
1705179180000.0,544133,1705179180000.0,0.0009199349363542497,-2.1266e-05,1637.5554321650773,1637.5563721000135,-0.1,1.0633,0.1,1.0541006506364574,long_nclose,0.10541006506364575,6.437037977045999e-05,4.0
1705179480000.0,544138,1705179480000.0,0.0009199349363542497,-2.1266e-05,1637.5563308340136,1637.5563308340136,-0.1,1.0633,0.0,1.0541006506364574,long_nclose,0.0,0.0,5.0
1705190520000.0,544322,1705190520000.0,0.0,-0.016370594000000002,1637.5399602400137,1637.6249902400136,77.3,1.0589,77.3,1.0589,long_ientry_normal,81.85297,0.04998532676295902,184.0
1705190880000.0,544328,1705190880000.0,0.05597000000000241,-0.0040985480000000005,1637.5918316920138,1637.742631692014,-19.3,1.0618,58.0,1.0589,long_nclose,61.416199999999996,0.037503973097217244,6.0
1705191120000.0,544332,1705191120000.0,0.04205000000000181,-0.00307922,1637.6308024720138,1637.7830524720139,-14.5,1.0618,43.5,1.0589,long_nclose,46.062149999999995,0.028127310460006553,4.0
1705191300000.0,544335,1705191300000.0,0.03132000000000135,-0.0022934880000000006,1637.6598289840138,1637.7938989840138,-10.8,1.0618,32.7,1.0589,long_nclose,34.62603,0.021143603443873695,3.0
1705191600000.0,544340,1705191600000.0,0.0,-0.009445388,1637.6503835960139,1637.6735735960137,44.6,1.0589,77.3,1.0589,long_ientry_partial,81.85297,0.049981956356438054,5.0
1705226040000.0,544914,1705226040000.0,0.05597000000000241,-0.0040985480000000005,1637.702255048014,1637.980655048014,-19.3,1.0618,58.0,1.0589,long_nclose,61.416199999999996,0.03750144436248542,574.0
1705228860000.0,544961,1705228860000.0,0.04205000000000181,-0.00307922,1637.741225828014,1637.915225828014,-14.5,1.0618,43.5,1.0589,long_nclose,46.062149999999995,0.028125413999218196,47.0
1705229220000.0,544967,1705229220000.0,0.03132000000000135,-0.0022934880000000006,1637.770252340014,1637.9010523400138,-10.8,1.0618,32.7,1.0589,long_nclose,34.62603,0.021142177879056607,6.0
1705229580000.0,544973,1705229580000.0,0.02349000000000101,-0.0017201160000000003,1637.792022224014,1637.841222224014,-8.1,1.0618,24.6,1.0589,long_nclose,26.04894,0.015904913228620598,6.0
1705230180000.0,544983,1705230180000.0,0.0,-0.011184060000000001,1637.780838164014,1637.5787181640142,53.0,1.0551,77.6,1.0563046391752577,long_ientry_partial,81.96924,0.05004896753578409,10.0
1705231560000.0,545006,1705231560000.0,0.05616999999999823,-0.0041096959999999995,1637.8328984680143,1638.0130484680142,-19.4,1.0592,58.2,1.0563046391752577,long_nclose,61.47693,0.03753553250609626,23.0
1705232100000.0,545015,1705232100000.0,0.041982731958761565,-0.0030716800000000002,1637.871809519973,1637.9546367880143,-14.5,1.0592,43.7,1.0563046391752577,long_nclose,46.16051273195877,0.028183226833538015,9.0
1705232460000.0,545021,1705232460000.0,0.0,-0.007153577999999999,1637.864655941973,1637.7732132100143,33.9,1.0551,77.6,1.0557783857211183,long_ientry_partial,81.92840273195877,0.05002147304096985,6.0
1705241340000.0,545169,1705241340000.0,0.056679317010305215,-0.004107756,1637.9172275029835,1638.0989054540144,-19.4,1.0587,58.2,1.0557783857211183,long_nclose,61.44630204896909,0.037514900641618144,148.0
1705241520000.0,545172,1705241520000.0,0.04236340704378483,-0.00307023,1637.956520680027,1638.0841952240141,-14.5,1.0587,43.7,1.0557783857211183,long_nclose,46.13751545601287,0.028167729041341127,3.0
1705241580000.0,545173,1705241580000.0,0.03184559563981067,-0.0023079660000000003,1637.986058309667,1638.0950072580142,-10.9,1.0587,32.8,1.0557783857211183,long_nclose,34.62953105165268,0.02114152979262162,1.0
1705242000000.0,545180,1705242000000.0,0.0,-0.009459532,1637.976598777667,1637.8830477260144,44.9,1.0534,77.7,1.0544040032387731,long_ientry_partial,81.92719105165267,0.05001731472402627,7.0
1705262340000.0,545519,1705262340000.0,0.0,-0.02248848,1637.954110297667,1636.5563092460143,110.4,1.0185,188.1,1.0333311592326033,long_rentry,194.3695910516527,0.11866607851201015,339.0
1705262880000.0,545528,1705262880000.0,0.1348355160676442,-0.00974028,1638.0792055337347,1638.0748089660144,-47.0,1.0362,141.1,1.0333311592326033,long_nclose,145.80302656772034,0.08900853272245367,9.0
1705269240000.0,545634,1705269240000.0,0.10098319501236333,-0.0072948480000000005,1638.172893880747,1638.5720141180143,-35.2,1.0362,105.9,1.0333311592326033,long_nclose,109.4297697627327,0.06679989039709919,106.0
1705269540000.0,545639,1705269540000.0,0.07573739625927249,-0.005471136000000001,1638.2431601410062,1638.6143329820143,-26.4,1.0362,79.5,1.0333311592326033,long_nclose,82.14982715899197,0.050145075625965804,5.0
1705270860000.0,545661,1705270860000.0,0.05680304719445437,-0.004103352,1638.2958598362009,1638.4611596300144,-19.8,1.0362,59.7,1.0333311592326033,long_nclose,61.68987020618642,0.03765490209586091,22.0
1705270920000.0,545662,1705270920000.0,0.0,-0.004020068,1638.2918397682008,1638.3147595620144,19.4,1.0361,79.1,1.0340102428089308,long_ientry_partial,81.79021020618643,0.049924078372848874,1.0
1705286940000.0,545929,1705286940000.0,0.056928216664061226,-0.004085386,1638.344682598865,1638.5341541760145,-19.7,1.0369,59.4,1.0340102428089308,long_nclose,61.42020842285049,0.03748918592967944,267.0
1705287120000.0,545932,1705287120000.0,0.04276840642782265,-0.003069224,1638.3843817812926,1638.5132649520144,-14.8,1.0369,44.6,1.0340102428089308,long_nclose,46.11685682927832,0.02814776394483138,3.0
1705287180000.0,545933,1705287180000.0,0.032076304820866985,-0.002301918,1638.4141561681135,1638.4741130340144,-11.1,1.0369,33.5,1.0340102428089308,long_nclose,34.639343134099185,0.02114199453397846,1.0
1705287300000.0,545935,1705287300000.0,0.023984984685873515,-0.0017212540000000002,1638.4364198987996,1638.5117617800145,-8.3,1.0369,25.2,1.0340102428089308,long_nclose,26.057058118785058,0.015903612616469127,2.0
1705294560000.0,546056,1705294560000.0,0.07551396040498037,-0.0017522400000000002,1638.5101816192046,1638.6662495400146,-8.4,1.043,16.8,1.0340102428089308,long_nclose,17.37137207919004,0.010601931116487382,121.0
1705295040000.0,546064,1705295040000.0,0.12759396040498025,-0.0017626559999999998,1638.6360129236095,1638.7661268840145,-8.4,1.0492,8.4,1.0340102428089308,long_nclose,8.68568603959502,0.005300558495658993,8.0
1705296840000.0,546094,1705296840000.0,0.06379698020249013,-0.0008813279999999999,1638.698928575812,1638.7631455560145,-4.2,1.0492,4.2,1.0340102428089308,long_nclose,4.34284301979751,0.00265017749390479,30.0
1705298580000.0,546123,1705298580000.0,0.012585660067496729,-0.00029204,1638.7112221958796,1638.7369535160146,-1.4,1.043,2.8,1.0340102428089308,long_nclose,2.895228679865006,0.0017667717415063454,29.0
1705298880000.0,546128,1705298880000.0,0.008090781471962183,-0.00018774000000000002,1638.7191252373516,1638.7384857760146,-0.9,1.043,1.9,1.0340102428089308,long_nclose,1.9646194613369685,0.0011988750427578086,5.0
1705299540000.0,546139,1705299540000.0,0.005393854314641455,-0.00012516,1638.7243939316663,1638.7369906160147,-0.6,1.043,1.3,1.0340102428089308,long_nclose,1.34421331565161,0.0008202802866847802,11.0
1705299780000.0,546143,1705299780000.0,0.003595902876427637,-8.344e-05,1638.7279063945427,1638.7364471760147,-0.4,1.043,0.9,1.0340102428089308,long_nclose,0.9306092185280378,0.000567885135107953,4.0
1705299960000.0,546146,1705299960000.0,0.0026969271573207276,-6.258e-05,1638.7305407417,1638.7362945960147,-0.3,1.043,0.6,1.0340102428089308,long_nclose,0.6204061456853585,0.00037858948146811167,3.0
1705300320000.0,546152,1705300320000.0,0.0017979514382138184,-4.172e-05,1638.7322969731383,1638.7359328760147,-0.2,1.043,0.4,1.0340102428089308,long_nclose,0.4136040971235724,0.00025239271715552945,6.0
1705300500000.0,546155,1705300500000.0,0.0008989757191069092,-2.086e-05,1638.7331750888575,1638.7357820160148,-0.1,1.043,0.3,1.0340102428089308,long_nclose,0.31020307284267923,0.00018929443643310573,3.0
1705300560000.0,546156,1705300560000.0,0.0008989757191069092,-2.086e-05,1638.7340532045766,1638.7357511560149,-0.1,1.043,0.2,1.0340102428089308,long_nclose,0.2068020485617862,0.00012619622333311542,1.0
1705300680000.0,546158,1705300680000.0,0.0008989757191069092,-2.086e-05,1638.7349313202958,1638.735710296015,-0.1,1.043,0.1,1.0340102428089308,long_nclose,0.1034010242808931,6.309807785544973e-05,2.0
1705303680000.0,546208,1705303680000.0,0.0,-0.016376484000000004,1638.7185548362959,1638.679433812015,78.9,1.0378,79.0,1.0377952028389987,long_ientry_partial,81.9858210242809,0.05003044652318048,50.0
1705305240000.0,546234,1705305240000.0,0.05722450407172417,-0.004100358,1638.7716789823676,1638.938003454015,-19.7,1.0407,59.3,1.0377952028389987,long_nclose,61.54125552835262,0.03755328232580152,26.0
1705305360000.0,546236,1705305360000.0,0.042990997982818156,-0.003080472,1638.8115895083504,1638.9497529820148,-14.8,1.0407,44.5,1.0377952028389987,long_nclose,46.18188652633545,0.02818010735461676,2.0
1705305780000.0,546243,1705305780000.0,0.0,-0.007159440000000001,1638.8044300683505,1638.764143542015,34.5,1.0376,79.0,1.0377099560295626,long_ientry_partial,81.97908652633545,0.0500237154734298,7.0
1705307700000.0,546275,1705307700000.0,0.0569338662176158,-0.004099964,1638.857263970568,1639.070153578015,-19.7,1.0406,59.3,1.0377099560295626,long_nclose,61.53620039255306,0.037548236655744645,32.0
1705308840000.0,546294,1705308840000.0,0.04277265076247279,-0.0030801760000000004,1638.8969564453307,1639.043363402015,-14.8,1.0406,44.5,1.0377099560295626,long_nclose,46.178093043315535,0.028176324851730186,19.0
1705309380000.0,546303,1705309380000.0,0.0,-0.007159440000000001,1638.8897970053308,1638.8454039620153,34.5,1.0376,79.0,1.0376619372571587,long_ientry_partial,81.97529304331555,0.05001879515822558,9.0
1705310220000.0,546317,1705310220000.0,0.05590983603397288,-0.00409957,1638.9416072713648,1639.1276943920152,-19.7,1.0405,59.3,1.0376619372571587,long_nclose,61.53335287934951,0.037544566936582285,14.0
1705310400000.0,546320,1705310400000.0,0.0420033285940507,-0.00307988,1638.9805307199588,1639.1335245120151,-14.8,1.0405,44.5,1.0376619372571587,long_nclose,46.175956207943564,0.028173584336392176,3.0
1705310880000.0,546328,1705310880000.0,0.03150249644553802,-0.00230991,1639.0097233064043,1639.1045146020153,-11.1,1.0405,33.4,1.0376619372571587,long_nclose,34.6579087043891,0.02114563947459266,8.0
1705310940000.0,546329,1705310940000.0,0.023555920765582484,-0.0017272300000000002,1639.03155199717,1639.1052973720152,-8.3,1.0405,25.1,1.0376619372571587,long_nclose,26.045314625154685,0.01589067311939072,1.0
1705311180000.0,546333,1705311180000.0,0.01759598900561583,-0.0012902200000000001,1639.0478577661756,1639.1052771520153,-6.2,1.0405,18.9,1.0376619372571587,long_nclose,19.611810614160298,0.01196536789407042,4.0
1705311960000.0,546346,1705311960000.0,0.05693979527989985,-0.001318842,1639.1034787194556,1639.2123183100155,-6.3,1.0467,12.6,1.0376619372571587,long_nclose,13.0745404094402,0.007976641242720468,13.0
1705312140000.0,546349,1705312140000.0,0.03795986351993324,-0.000879228,1639.1405593549755,1639.2248790820154,-4.2,1.0467,8.4,1.0376619372571587,long_nclose,8.716360272960134,0.005317640530102033,3.0
1705314180000.0,546383,1705314180000.0,0.02530657567995549,-0.0005861519999999999,1639.1652797786553,1639.2119729300152,-2.8,1.0467,5.6,1.0376619372571587,long_nclose,5.810906848640088,0.0035450402228045996,34.0
1705314300000.0,546385,1705314300000.0,0.016268512937114243,-0.000376812,1639.1811714795924,1639.2120961180153,-1.8,1.0467,3.8,1.0376619372571587,long_nclose,3.943115361577203,0.0024055396866338973,2.0
1705315080000.0,546398,1705315080000.0,0.010845675291409495,-0.000251208,1639.1917659468838,1639.2186449100152,-1.2,1.0467,2.6,1.0376619372571587,long_nclose,2.6979210368686126,0.0016458849372697714,13.0
1705316280000.0,546418,1705316280000.0,0.007230450194272997,-0.000167472,1639.1988289250783,1639.2149174380154,-0.8,1.0467,1.8,1.0376619372571587,long_nclose,1.8677914870628858,0.0011394538930263327,20.0
1705316400000.0,546420,1705316400000.0,0.005422837645704747,-0.000125604,1639.204126158724,1639.2148518340155,-0.6,1.0467,1.2,1.0376619372571587,long_nclose,1.2451943247085904,0.0007596334738532853,2.0
1705316460000.0,546421,1705316460000.0,0.0036152250971364986,-8.3736e-05,1639.207657647821,1639.2148880980153,-0.4,1.0467,0.8,1.0376619372571587,long_nclose,0.8301295498057271,0.0005064212248720949,1.0
1705316520000.0,546422,1705316520000.0,0.0018076125485682493,-4.1868e-05,1639.2094233923697,1639.2156262300155,-0.2,1.0467,0.6,1.0376619372571587,long_nclose,0.6225971623542952,0.00037981550951910744,1.0
1705316700000.0,546425,1705316700000.0,0.0018076125485682493,-4.1868e-05,1639.2111891369184,1639.2152843620156,-0.2,1.0467,0.4,1.0376619372571587,long_nclose,0.41506477490286353,0.0002532100669233502,3.0
1705317120000.0,546432,1705317120000.0,0.0009038062742841247,-2.0934e-05,1639.2120720091925,1639.2147234280153,-0.1,1.0467,0.3,1.0376619372571587,long_nclose,0.3112985811771476,0.00018990744790915734,7.0
1705317180000.0,546433,1705317180000.0,0.0009038062742841247,-2.0934e-05,1639.2129548814667,1639.2148424940153,-0.1,1.0467,0.2,1.0376619372571587,long_nclose,0.20753238745143177,0.00012660489708394152,1.0
1705318200000.0,546450,1705318200000.0,0.0009038062742841247,-2.0934e-05,1639.2138377537408,1639.214751560015,-0.1,1.0467,0.1,1.0376619372571587,long_nclose,0.10376619372571588,6.330241444759245e-05,17.0
1705319100000.0,546465,1705319100000.0,0.0009038062742841247,-2.0934e-05,1639.214720626015,1639.214720626015,-0.1,1.0467,0.0,1.0376619372571587,long_nclose,0.0,0.0,15.0
1705322640000.0,546524,1705322640000.0,0.0,-0.016401432,1639.1983191940149,1639.158919194015,78.8,1.0407,78.8,1.0407,long_ientry_normal,82.00716,0.05002882143041879,59.0
1705324980000.0,546563,1705324980000.0,0.05713000000000246,-0.004111784,1639.2513374100147,1639.4109074100147,-19.7,1.0436,59.1,1.0407,long_nclose,61.50537,0.03752040251324564,39.0
1705325040000.0,546564,1705325040000.0,0.04263000000000183,-0.0030681840000000003,1639.2908992260145,1639.4729392260144,-14.7,1.0436,44.4,1.0407,long_nclose,46.20708,0.028187236336038046,1.0
1705325820000.0,546577,1705325820000.0,0.032190000000001384,-0.0023167920000000002,1639.3207724340143,1639.4306624340143,-11.1,1.0436,33.3,1.0407,long_nclose,34.65530999999999,0.021140042011756385,13.0
1705325940000.0,546579,1705325940000.0,0.02407000000000104,-0.0017323760000000005,1639.3431100580142,1639.4256100580142,-8.3,1.0436,25.0,1.0407,long_nclose,26.0175,0.015870686154943654,2.0
1705326780000.0,546593,1705326780000.0,0.0755300000000009,-0.0017426680000000002,1639.4168973900144,1639.5588473900143,-8.3,1.0498,16.7,1.0407,long_nclose,17.37969,0.010601141190912955,14.0
1705327500000.0,546605,1705327500000.0,0.0,-0.0129084,1639.4039889900143,1639.3066889900144,62.0,1.041,78.7,1.040936340533672,long_ientry_partial,81.92168999999998,0.04997041031385399,12.0
1705340100000.0,546815,1705340100000.0,0.05612772554002979,-0.004091696000000001,1639.4560250195545,1639.6311772940146,-19.6,1.0438,59.1,1.040936340533672,long_nclose,61.51933772554002,0.037524237787839566,210.0
1705341300000.0,546835,1705341300000.0,0.042095794155022334,-0.003068772,1639.4950520417096,1639.6355185220145,-14.7,1.0438,44.4,1.040936340533672,long_nclose,46.21757351969504,0.02819012686994022,20.0
1705341660000.0,546841,1705341660000.0,0.031786620076241355,-0.0023172360000000003,1639.524521425786,1639.6165512860146,-11.1,1.0438,33.3,1.040936340533672,long_nclose,34.66318013977128,0.02114221512809519,6.0
1705341720000.0,546842,1705341720000.0,0.02376837357052282,-0.0017327080000000003,1639.5465570913564,1639.6481485780146,-8.3,1.0438,25.0,1.040936340533672,long_nclose,26.0234085133418,0.01587232055154855,1.0
1705342200000.0,546850,1705342200000.0,0.01775468869123391,-0.0012943120000000002,1639.5630174680475,1639.6318942660146,-6.2,1.0438,18.8,1.040936340533672,long_nclose,19.569603202033033,0.011935865223560651,8.0
1705343220000.0,546867,1705343220000.0,0.056194688691233806,-0.0013020000000000002,1639.6179101567388,1639.7283322660146,-6.2,1.05,12.6,1.040936340533672,long_nclose,13.115797890724266,0.00799930142838612,17.0
1705343280000.0,546868,1705343280000.0,0.03806736975857774,-0.0008820000000000001,1639.6550955264975,1639.7446702660145,-4.2,1.05,8.4,1.040936340533672,long_nclose,8.743865260482846,0.005332746676016744,1.0
1705343580000.0,546873,1705343580000.0,0.06410736975857767,-0.0008872080000000001,1639.718315688256,1639.7857830580147,-4.2,1.0562,4.2,1.040936340533672,long_nclose,4.371932630241423,0.0026662705346474987,5.0
1705343880000.0,546878,1705343880000.0,0.032053684879288835,-0.00044360400000000006,1639.7499257691352,1639.7823994540145,-2.1,1.0562,2.1,1.040936340533672,long_nclose,2.1859663151207114,0.0013331095679698659,5.0
1705344420000.0,546887,1705344420000.0,0.015263659466328017,-0.00021124000000000002,1639.7649781886016,1639.7804482140145,-1.0,1.0562,1.1,1.040936340533672,long_nclose,1.1450299745870394,0.0006982890778969551,9.0
1705345140000.0,546899,1705345140000.0,0.0005727318932656101,-4.175200000000001e-05,1639.7655091684949,1639.7690764620145,-0.2,1.0438,0.9,1.040936340533672,long_nclose,0.9368427064803049,0.0005713272423661152,12.0
1705346460000.0,546921,1705346460000.0,0.00271909783989841,-6.3e-05,1639.7681652663348,1639.7743834620146,-0.3,1.05,0.6,1.040936340533672,long_nclose,0.6245618043202031,0.00038088421128651466,22.0
1705346760000.0,546926,1705346760000.0,0.0018127318932656068,-4.2000000000000004e-05,1639.7699359982282,1639.7734814620148,-0.2,1.05,0.4,1.040936340533672,long_nclose,0.4163745362134688,0.00025392253332172246,5.0
1705346820000.0,546927,1705346820000.0,0.0009063659466328034,-2.1000000000000002e-05,1639.7708213641747,1639.7738104620146,-0.1,1.05,0.3,1.040936340533672,long_nclose,0.31228090216010157,0.00019044179716547565,1.0
1705348980000.0,546963,1705348980000.0,0.0009063659466328034,-2.1000000000000002e-05,1639.7717067301212,1639.7734394620145,-0.1,1.05,0.2,1.040936340533672,long_nclose,0.2081872681067344,0.00012696112955984704,36.0
1705349040000.0,546964,1705349040000.0,0.0009063659466328034,-2.1000000000000002e-05,1639.7725920960677,1639.7735284620144,-0.1,1.05,0.1,1.040936340533672,long_nclose,0.1040936340533672,6.348053050472548e-05,1.0
1705351620000.0,547007,1705351620000.0,0.0,-0.016372380000000002,1639.7562197160678,1639.8585860820144,78.6,1.0415,78.7,1.0414992837872092,long_ientry_partial,81.96599363405338,0.04998669475896009,43.0
1705351620000.0,547007,1705351620000.0,0.0002300716212790821,-2.0876000000000005e-05,1639.756428911689,1639.8586652060144,-0.1,1.0438,78.6,1.0414992837872092,long_nclose,81.86184370567464,0.04992317289465154,0.0
1705352280000.0,547018,1705352280000.0,0.0568540377706988,-0.004094048,1639.8091889014597,1639.9862311580143,-19.6,1.0444,59.0,1.0414992837872092,long_nclose,61.448457743445346,0.03747293170409105,11.0
1705352460000.0,547021,1705352460000.0,0.0426405283280241,-0.003070536,1639.8487588937878,1639.9418206220143,-14.7,1.0444,44.3,1.0414992837872092,long_nclose,46.13841827177337,0.028135776559600232,3.0
1705352580000.0,547023,1705352580000.0,0.031907878340698304,-0.0022976800000000003,1639.8783690921284,1639.9849529420144,-11.0,1.0444,33.3,1.0414992837872092,long_nclose,34.681926150114066,0.02114908447101154,2.0
1705352820000.0,547027,1705352820000.0,0.024075944566163267,-0.0017337040000000002,1639.9007113326948,1639.9682292380146,-8.3,1.0444,25.0,1.0414992837872092,long_nclose,26.037482094680232,0.015877474724381578,4.0
1705352880000.0,547028,1705352880000.0,0.01798444051930268,-0.0012950560000000002,1639.9174007172142,1639.9756941820146,-6.2,1.0444,18.8,1.0414992837872092,long_nclose,19.580186535199534,0.011939739481169102,1.0
1705353000000.0,547030,1705353000000.0,0.013633366200116548,-0.0009817360000000002,1639.9300523474142,1639.9723624460146,-4.7,1.0444,14.1,1.0414992837872092,long_nclose,14.68513990139965,0.0089547355269081,2.0
1705353780000.0,547043,1705353780000.0,0.0,-0.013457472,1639.9165948754141,1639.9180149740146,64.6,1.0416,78.7,1.0415819555451036,long_ientry_partial,81.97249990139966,0.049985773762858454,13.0
1705354440000.0,547054,1705354440000.0,0.05719367131596958,-0.00409444,1639.96969410673,1640.1894305340143,-19.6,1.0445,59.1,1.0415819555451036,long_nclose,61.55749357271562,0.037535750687298634,11.0
1705356300000.0,547085,1705356300000.0,0.04289525348697718,-0.00307083,1640.0095185302168,1640.1035597040143,-14.7,1.0445,44.4,1.0415819555451036,long_nclose,46.2462388262026,0.028198762448433022,31.0
1705356480000.0,547088,1705356480000.0,0.0,-0.007145376000000001,1640.002373154217,1639.8929943280143,34.3,1.0416,78.7,1.0415898199009224,long_ientry_partial,81.9731188262026,0.049983536711927845,3.0
1705367460000.0,547271,1705367460000.0,0.057039529941921345,-0.00409444,1640.0553182441588,1640.1741198880143,-19.6,1.0445,59.1,1.0415898199009224,long_nclose,61.55795835614451,0.0375340744128365,183.0
1705367580000.0,547273,1705367580000.0,0.04277964745644101,-0.00307083,1640.0950270616152,1640.2908390580142,-14.7,1.0445,44.4,1.0415898199009224,long_nclose,46.24658800360095,0.02819750516923161,2.0
1705368240000.0,547284,1705368240000.0,0.0,-0.00715864,1640.0878684216152,1640.0000804180142,34.4,1.0405,78.8,1.041114060959403,long_ientry_partial,82.03978800360095,0.050021580906243916,11.0
1705377420000.0,547437,1705377420000.0,0.05685299909976258,-0.00411336,1640.140608060715,1640.3584470580145,-19.7,1.044,59.1,1.041114060959403,long_nclose,61.529841002700714,0.03751497932573778,153.0
1705378140000.0,547449,1705378140000.0,0.042423303896777155,-0.00306936,1640.179962004612,1640.3480576980146,-14.7,1.044,44.4,1.041114060959403,long_nclose,46.22546430659749,0.02818316610215209,12.0
1705378800000.0,547460,1705378800000.0,0.032033923350627644,-0.00231768,1640.2096782479625,1640.3290900180143,-11.1,1.044,33.3,1.041114060959403,long_nclose,34.66909822994811,0.02113699162352274,11.0
1705378980000.0,547463,1705378980000.0,0.02395329403695581,-0.0017330400000000001,1640.2318985019995,1640.3065469780145,-8.3,1.044,25.0,1.041114060959403,long_nclose,26.027851523985074,0.015868397357566295,3.0
1705380300000.0,547485,1705380300000.0,0.01789282205170193,-0.0012945600000000002,1640.2484967640512,1640.3121524180144,-6.2,1.044,18.8,1.041114060959403,long_nclose,19.572944346036778,0.011932914058236344,22.0
1705380780000.0,547493,1705380780000.0,0.0135639134908063,-0.0009813600000000001,1640.261079317542,1640.3060010580143,-4.7,1.044,14.1,1.041114060959403,long_nclose,14.679708259527581,0.008949616890035164,8.0
1705383720000.0,547542,1705383720000.0,0.042703913490806225,-0.0009871880000000002,1640.302796043033,1640.3872638700145,-4.7,1.0502,9.4,1.041114060959403,long_nclose,9.786472173018389,0.005966259520270697,49.0
1705383780000.0,547543,1705383780000.0,0.028166411025850914,-0.000651124,1640.330311330059,1640.3837727460148,-3.1,1.0502,6.3,1.041114060959403,long_nclose,6.559018584044239,0.0039985962209805595,1.0
1705384500000.0,547555,1705384500000.0,0.004328908560895628,-0.0003132,1640.33432703862,1640.3452995460148,-1.5,1.044,4.8,1.041114060959403,long_nclose,4.997347492605134,0.003046542043430319,12.0
1705384800000.0,547560,1705384800000.0,0.0,-0.015400880000000002,1640.31892615862,1640.1824986660147,74.0,1.0406,78.8,1.0406313133579332,long_ientry_partial,82.00174749260513,0.04999134386911019,5.0
1705385760000.0,547576,1705385760000.0,0.05651312684871701,-0.00411139,1640.3713278954688,1640.570417276015,-19.7,1.0435,59.1,1.0406313133579332,long_nclose,61.501310619453854,0.03749231017001351,16.0
1705386480000.0,547588,1705386480000.0,0.042169693638382744,-0.00306789,1640.4104296991072,1640.582199386015,-14.7,1.0435,44.4,1.0406313133579332,long_nclose,46.20403031309223,0.028166140300368136,12.0
1705386840000.0,547594,1705386840000.0,0.03184242172694207,-0.0023165700000000004,1640.4399555508342,1640.545472816015,-11.1,1.0435,33.3,1.0406313133579332,long_nclose,34.653022734819174,0.021124225009005727,6.0
1705387560000.0,547606,1705387560000.0,0.023810099129154886,-0.0017322100000000003,1640.4620334399633,1640.591250606015,-8.3,1.0435,25.0,1.0406313133579332,long_nclose,26.015782833948332,0.01585881434841536,12.0
1705388340000.0,547619,1705388340000.0,0.07527009912915475,-0.0017425020000000004,1640.5355610370923,1640.690348104015,-8.3,1.0497,16.7,1.0406313133579332,long_nclose,17.378542933077483,0.010593213183438305,13.0
1705390440000.0,547654,1705390440000.0,0.0498777765313676,-0.0011546700000000002,1640.5842841436236,1640.6892134340146,-5.5,1.0497,11.2,1.0406313133579332,long_nclose,11.655070709608852,0.007104219406619964,35.0
1705391520000.0,547672,1705391520000.0,0.0335541405756473,-0.0007767780000000001,1640.6170615061992,1640.6850766560146,-3.7,1.0497,7.5,1.0406313133579332,long_nclose,7.8047348501844995,0.004757194736850546,18.0
1705391580000.0,547673,1705391580000.0,0.02267171660516709,-0.00052485,1640.6392083728044,1640.6815518060148,-2.5,1.0497,5.0,1.0406313133579332,long_nclose,5.203156566789666,0.0031714203465551616,1.0
1705392000000.0,547680,1705392000000.0,0.01450989862730694,-0.00033590400000000004,1640.6533823674317,1640.6811559020148,-1.6,1.0497,3.4,1.0406313133579332,long_nclose,3.5381464654169728,0.0021565472045725433,7.0
1705393260000.0,547701,1705393260000.0,0.009975555306273521,-0.00023093400000000002,1640.663126988738,1640.6842149680147,-1.1,1.0497,2.3,1.0406313133579332,long_nclose,2.393452020723246,0.0014588320913362463,21.0
1705393860000.0,547711,1705393860000.0,0.006348080649446785,-0.000146958,1640.6693281113876,1640.684158010015,-0.7,1.0497,1.6,1.0406313133579332,long_nclose,1.6650101013726932,0.0010148358799937614,10.0
1705393980000.0,547713,1705393980000.0,0.004534343321033418,-0.00010497,1640.6737574847086,1640.684943040015,-0.5,1.0497,1.1,1.0406313133579332,long_nclose,1.1446944446937266,0.0006976977838961963,2.0
1705394880000.0,547728,1705394880000.0,0.00763434332103341,-0.00010559000000000001,1640.6812862380298,1640.690927450015,-0.5,1.0559,0.6,1.0406313133579332,long_nclose,0.6243787880147599,0.0003805606812560274,15.0
1705395000000.0,547730,1705395000000.0,0.004580605992620046,-6.3354e-05,1640.6858034900224,1640.6901140960151,-0.3,1.0559,0.3,1.0406313133579332,long_nclose,0.31218939400737994,0.00019027981673474539,2.0
1705396020000.0,547747,1705396020000.0,0.001526868664206682,-2.1118000000000003e-05,1640.6873092406868,1640.6904029780153,-0.1,1.0559,0.2,1.0406313133579332,long_nclose,0.20812626267158665,0.000126853094736198,17.0
1705396740000.0,547759,1705396740000.0,0.001526868664206682,-2.1118000000000003e-05,1640.6888149913511,1640.6903718600154,-0.1,1.0559,0.1,1.0406313133579332,long_nclose,0.10406313133579333,6.34264891580564e-05,12.0
1705398240000.0,547784,1705398240000.0,0.001526868664206682,-2.1118000000000003e-05,1640.6903207420155,1640.6903207420155,-0.1,1.0559,0.0,1.0406313133579332,long_nclose,0.0,0.0,25.0
1705404960000.0,547896,1705404960000.0,0.0,-0.01639708,1640.6739236620156,1640.6582236620156,78.5,1.0444,78.5,1.0444,long_ientry_normal,81.9854,0.04997056320430023,112.0
1705405020000.0,547897,1705405020000.0,0.05683999999999809,-0.004105416,1640.7266582460156,1640.9092482460157,-19.6,1.0473,58.9,1.0444,long_nclose,61.51516,0.037492631506189755,1.0
1705405260000.0,547901,1705405260000.0,0.042629999999998565,-0.003079062,1640.7662091840155,1640.9430091840154,-14.7,1.0473,44.2,1.0444,long_nclose,46.16248,0.02813470910213192,4.0
1705405500000.0,547905,1705405500000.0,0.03189999999999893,-0.0023040599999999997,1640.7958051240155,1640.9120051240154,-11.0,1.0473,33.2,1.0444,long_nclose,34.674080000000004,0.02113247723556878,4.0
1705408080000.0,547948,1705408080000.0,0.10010000000000119,-0.0023177000000000002,1640.8935874240155,1641.1044874240156,-11.0,1.0535,22.2,1.0444,long_nclose,23.185679999999998,0.014129910786231074,43.0
1705408260000.0,547951,1705408260000.0,0.0673400000000008,-0.0015591800000000003,1640.9593682440156,1641.0999682440156,-7.4,1.0535,14.8,1.0444,long_nclose,15.457120000000002,0.009419562908824858,3.0
1705408620000.0,547957,1705408620000.0,0.04459000000000053,-0.0010324300000000002,1641.0029258140157,1641.0999458140157,-4.9,1.0535,9.9,1.0444,long_nclose,10.33956,0.006300756590589919,6.0
1705408860000.0,547961,1705408860000.0,0.030030000000000355,-0.0006953100000000001,1641.0322605040155,1641.0936405040156,-3.3,1.0535,6.6,1.0444,long_nclose,6.893039999999999,0.004200429306540822,4.0
1705409040000.0,547964,1705409040000.0,0.02002000000000024,-0.0004635400000000001,1641.0518169640154,1641.0922969640153,-2.2,1.0535,4.4,1.0444,long_nclose,4.59536,0.0028002528332722147,3.0
1705411980000.0,548013,1705411980000.0,0.01274000000000015,-0.00029498,1641.0642619840153,1641.0915619840152,-1.4,1.0535,3.0,1.0444,long_nclose,3.1332,0.0019092488165040054,49.0
1705412040000.0,548014,1705412040000.0,0.009100000000000108,-0.00021070000000000003,1641.0731512840152,1641.0921512840152,-1.0,1.0535,2.0,1.0444,long_nclose,2.0888,0.0012728256497071275,1.0
1705412280000.0,548018,1705412280000.0,0.005460000000000065,-0.00012642,1641.0784848640153,1641.0899648640152,-0.6,1.0535,1.4,1.0444,long_nclose,1.46216,0.0008909750590759581,4.0
1705412580000.0,548023,1705412580000.0,0.0036400000000000434,-8.428000000000001e-05,1641.0820405840152,1641.0910405840152,-0.4,1.0535,1.0,1.0444,long_nclose,1.0444,0.0006364093775764721,5.0
1705413180000.0,548033,1705413180000.0,0.0,-0.016209900000000003,1641.0658306840153,1641.1064806840152,77.5,1.0458,78.5,1.0457821656050956,long_ientry_partial,82.0939,0.05002474517782283,10.0
1705413180000.0,548033,1705413180000.0,0.00030356687898085437,-4.1892e-05,1641.0660923588944,1641.1066387920155,-0.2,1.0473,78.3,1.0457821656050956,long_nclose,81.88474356687898,0.04989728564141896,0.0
1705413300000.0,548035,1705413300000.0,0.05689777070063462,-0.0040899299999999994,1641.1189001995951,1641.1905088620156,-19.5,1.0487,58.8,1.0457821656050956,long_nclose,61.49199133757962,0.03746955283380191,2.0
1705413360000.0,548036,1705413360000.0,0.0,-0.004120452,1641.114779747595,1640.9431284100156,19.7,1.0458,78.5,1.0457866412430525,long_ientry_partial,82.09425133757962,0.05002346718869096,1.0
1705413780000.0,548043,1705413780000.0,0.05710183163616956,-0.004110904,1641.1677706752312,1641.3511475060154,-19.6,1.0487,58.9,1.0457866412430525,long_nclose,61.59683316921579,0.03753231952871753,7.0
1705414020000.0,548047,1705414020000.0,0.042826373727127165,-0.003083178,1641.2075138709583,1641.3672243280155,-14.7,1.0487,44.2,1.0457866412430525,long_nclose,46.223769542942925,0.028164488129791318,4.0
1705414500000.0,548055,1705414500000.0,0.03204694632642169,-0.00230714,1641.2372536772846,1641.3439371880152,-11.0,1.0487,33.2,1.0457866412430525,long_nclose,34.720116489269344,0.02115484303776128,8.0
1705414740000.0,548059,1705414740000.0,0.0,-0.009474948,1641.2277787292846,1641.1889722400153,45.3,1.0458,78.5,1.045794350181775,long_ientry_partial,82.09485648926933,0.050020391778179026,4.0
1705415460000.0,548071,1705415460000.0,0.056950736437208875,-0.004110904,1641.2806185617217,1641.528331336015,-19.6,1.0487,58.9,1.045794350181775,long_nclose,61.597287225706545,0.03753001560433045,12.0
1705415580000.0,548073,1705415580000.0,0.0,-0.004099536000000001,1641.2765190257217,1641.221901800015,19.6,1.0458,78.5,1.045795760837026,long_ientry_partial,82.09496722570654,0.050018973813406496,2.0
1705418340000.0,548119,1705418340000.0,0.05692308759428819,-0.004110904,1641.3293312093158,1641.576960896015,-19.6,1.0487,58.9,1.045795760837026,long_nclose,61.597370313300836,0.03752895238149219,46.0
1705418820000.0,548127,1705418820000.0,0.17844308759428787,-0.0041352080000000005,1641.5036390889102,1641.8653656880151,-19.6,1.0549,39.3,1.045795760837026,long_nclose,41.099773400895124,0.02503788138033424,8.0
1705419180000.0,548133,1705419180000.0,0.1192655330349577,-0.002763838,1641.620140783945,1641.916311850015,-13.1,1.0549,26.2,1.045795760837026,long_nclose,27.399848933930084,0.016690736336145012,6.0
1705420080000.0,548148,1705420080000.0,0.07920688071787267,-0.0018355259999999999,1641.6975121386631,1641.8533363240151,-8.7,1.0549,17.5,1.045795760837026,long_nclose,18.301425814647956,0.011147867179750076,15.0
1705420140000.0,548149,1705420140000.0,0.052804587145248445,-0.001223684,1641.7490930418082,1641.895392640015,-5.8,1.0549,11.7,1.045795760837026,long_nclose,12.235810401793204,0.007452911321012444,1.0
1705420980000.0,548163,1705420980000.0,0.08876458714524835,-0.001230876,1641.8366267529536,1641.9174817640153,-5.8,1.0611,5.9,1.045795760837026,long_nclose,6.170194988938454,0.003758105336668726,14.0
1705422180000.0,548183,1705422180000.0,0.017298054409650352,-0.000400862,1641.8535239453631,1641.8923409020151,-1.9,1.0549,4.0,1.045795760837026,long_nclose,4.183183043348104,0.0025478418033881263,20.0
1705422660000.0,548191,1705422660000.0,0.011835510911866033,-0.000274274,1641.865085182275,1641.893176628015,-1.3,1.0549,2.7,1.045795760837026,long_nclose,2.8236485542599707,0.0017197811073170473,8.0
1705423560000.0,548206,1705423560000.0,0.01989551091186601,-0.000275886,1641.8847048071868,1641.906970742015,-1.3,1.0611,1.4,1.045795760837026,long_nclose,1.4641140651718365,0.000891727696156213,15.0
1705425660000.0,548241,1705425660000.0,0.010712967414081696,-0.000148554,1641.895269220601,1641.9061221880152,-0.7,1.0611,0.7,1.045795760837026,long_nclose,0.7320570325859183,0.00044586097926539606,35.0
1705426020000.0,548247,1705426020000.0,0.004591271748892156,-6.3666e-05,1641.89979682635,1641.905918522015,-0.3,1.0611,0.4,1.045795760837026,long_nclose,0.41831830433481043,0.000254776999877449,6.0
1705426200000.0,548250,1705426200000.0,0.003060847832594771,-4.2444e-05,1641.9028152301826,1641.9058760780151,-0.2,1.0611,0.2,1.045795760837026,long_nclose,0.20915915216740522,0.0001273882657531607,3.0
1705426260000.0,548251,1705426260000.0,0.0015304239162973856,-2.1222e-05,1641.904324432099,1641.9057748560153,-0.1,1.0611,0.1,1.045795760837026,long_nclose,0.10457957608370261,6.369407433035085e-05,1.0
1705426320000.0,548252,1705426320000.0,0.0015304239162973856,-2.1222e-05,1641.9058336340154,1641.9058336340154,-0.1,1.0611,0.0,1.045795760837026,long_nclose,0.0,0.0,1.0
1705472160000.0,549016,1705472160000.0,0.0,-0.016426616,1641.8894070180154,1641.8508070180153,77.2,1.0639,77.2,1.0639,long_ientry_normal,82.13308,0.050023515377426886,764.0
1705480620000.0,549157,1705480620000.0,0.055969999999998125,-0.004117848,1641.9412591700152,1642.167069170015,-19.3,1.0668,57.9,1.0639,long_nclose,61.599810000000005,0.03751645173417354,141.0
1705480740000.0,549159,1705480740000.0,0.0417599999999986,-0.003072384,1641.9799467860153,1642.1191467860153,-14.4,1.0668,43.5,1.0639,long_nclose,46.279650000000004,0.02818527113597644,2.0
1705480860000.0,549161,1705480860000.0,0.03131999999999895,-0.0023042880000000003,1642.0089624980153,1642.1266824980153,-10.8,1.0668,32.7,1.0639,long_nclose,34.789530000000006,0.021187174244819054,2.0
1705481100000.0,549165,1705481100000.0,0.02348999999999921,-0.0017282159999999999,1642.0307242820154,1642.1168242820154,-8.1,1.0668,24.6,1.0639,long_nclose,26.171940000000003,0.015938763881195823,4.0
1705481220000.0,549167,1705481220000.0,0.017689999999999404,-0.0013014959999999999,1642.0471127860153,1642.1063127860152,-6.1,1.0668,18.5,1.0639,long_nclose,19.68215,0.01198634914110707,2.0
1705481700000.0,549175,1705481700000.0,0.013339999999999552,-0.000981456,1642.0594713300152,1642.1095113300153,-4.6,1.0668,13.9,1.0639,long_nclose,14.788210000000001,0.009005891843869716,8.0
1705482240000.0,549184,1705482240000.0,0.042779999999999374,-0.0009873439999999998,1642.1012639860153,1642.1849639860152,-4.6,1.0732,9.3,1.0639,long_nclose,9.89427,0.006025371404917367,9.0
1705482300000.0,549185,1705482300000.0,0.028829999999999578,-0.000665384,1642.1294286020152,1642.1852286020153,-3.1,1.0732,6.2,1.0639,long_nclose,6.59618,0.004016845374737294,1.0
1705482420000.0,549187,1705482420000.0,0.018599999999999728,-0.00042928,1642.1475993220154,1642.1866593220154,-2.0,1.0732,4.2,1.0639,long_nclose,4.468380000000001,0.002721058692802545,2.0
1705482660000.0,549191,1705482660000.0,0.01301999999999981,-0.000300496,1642.1603188260156,1642.1866388260155,-1.4,1.0732,2.8,1.0639,long_nclose,2.97892,0.001814025077727878,4.0
1705484400000.0,549220,1705484400000.0,0.0020299999999999316,-0.000149352,1642.1621994740156,1642.1693394740155,-0.7,1.0668,2.1,1.0639,long_nclose,2.2341900000000003,0.001360517250193441,29.0
1705485480000.0,549238,1705485480000.0,0.0,-0.015976774000000003,1642.1462227000156,1642.2230027000157,75.1,1.0637,77.2,1.0637054404145077,long_ientry_partial,82.11806,0.05000654561990317,18.0
1705485720000.0,549242,1705485720000.0,0.057795000000001956,-0.004117462,1642.1999002380155,1642.4253952380154,-19.3,1.0667,57.9,1.0637054404145077,long_nclose,61.58854499999999,0.03750368331594316,4.0
1705486260000.0,549251,1705486260000.0,0.04312165803108954,-0.0030720960000000003,1642.2399498000466,1642.3876131420154,-14.4,1.0667,43.5,1.0637054404145077,long_nclose,46.271186658031084,0.02817565524676519,9.0
1705486860000.0,549261,1705486860000.0,0.13477111398963837,-0.0031117,1642.3716092140362,1642.6817514420154,-14.5,1.073,29.0,1.0637054404145077,long_nclose,30.84745777202072,0.018782264378512305,10.0
1705487160000.0,549266,1705487160000.0,0.08922777202072608,-0.0020601599999999997,1642.458776826057,1642.6410312820155,-9.6,1.073,19.4,1.0637054404145077,long_nclose,20.635885544041447,0.012564020379201804,5.0
1705487520000.0,549272,1705487520000.0,0.05948518134715073,-0.00137344,1642.516888567404,1642.6169178420155,-6.4,1.073,13.0,1.0637054404145077,long_nclose,13.828170725388599,0.008418891045588864,6.0
1705487580000.0,549273,1705487580000.0,0.03996660621761689,-0.0009227799999999999,1642.5559323936216,1642.6481050620152,-4.3,1.073,8.7,1.0637054404145077,long_nclose,9.254237331606216,0.00563404700509677,1.0
1705487700000.0,549275,1705487700000.0,0.026954222797927672,-0.00062234,1642.5822642764194,1642.6419727220152,-2.9,1.073,5.8,1.0637054404145077,long_nclose,6.169491554404144,0.003755971124601112,2.0
1705488000000.0,549280,1705488000000.0,0.01765966321243537,-0.00040774,1642.599516199632,1642.6373249820153,-1.9,1.073,3.9,1.0637054404145077,long_nclose,4.1484512176165795,0.002525540265112559,5.0
1705488540000.0,549289,1705488540000.0,0.012082927461139993,-0.00027898,1642.611320147093,1642.6362660020152,-1.3,1.073,2.6,1.0637054404145077,long_nclose,2.76563414507772,0.0016836814109073973,9.0
1705488720000.0,549292,1705488720000.0,0.007435647668393841,-0.00017168,1642.6185841147615,1642.6378343220154,-0.8,1.073,1.8,1.0637054404145077,long_nclose,1.9146697927461138,0.0011656204375515246,3.0
1705489200000.0,549300,1705489200000.0,0.00557673575129538,-0.00012875999999999998,1642.6240320905126,1642.6348255620153,-0.6,1.073,1.2,1.0637054404145077,long_nclose,1.2764465284974091,0.000777077714413394,8.0
1705489260000.0,549301,1705489260000.0,0.0037178238341969206,-8.584e-05,1642.6276640743467,1642.6363797220151,-0.4,1.073,0.8,1.0637054404145077,long_nclose,0.8509643523316062,0.0005180506641540957,1.0
1705489800000.0,549310,1705489800000.0,0.0018589119170984603,-4.292e-05,1642.6294800662638,1642.635296802015,-0.2,1.073,0.6,1.0637054404145077,long_nclose,0.6382232642487046,0.00038853756857143375,9.0
1705490640000.0,549324,1705490640000.0,0.00029945595854923295,-2.1334000000000003e-05,1642.6297581882225,1642.6314554680152,-0.1,1.0667,0.5,1.0637054404145077,long_nclose,0.5318527202072538,0.00032378125232180953,14.0
1705490940000.0,549329,1705490940000.0,0.00029945595854923295,-2.1334000000000003e-05,1642.6300363101811,1642.6311941340152,-0.1,1.0667,0.4,1.0637054404145077,long_nclose,0.4254821761658031,0.0002590249580006209,5.0
1705491060000.0,549331,1705491060000.0,0.00029945595854923295,-2.1334000000000003e-05,1642.6303144321398,1642.6312728000155,-0.1,1.0667,0.3,1.0637054404145077,long_nclose,0.3191116321243523,0.00019426868560785677,2.0
1705491300000.0,549335,1705491300000.0,0.00029945595854923295,-2.1334000000000003e-05,1642.6305925540985,1642.6309914660155,-0.1,1.0667,0.2,1.0637054404145077,long_nclose,0.21274108808290154,0.00012951243514350603,4.0
1705491360000.0,549336,1705491360000.0,0.00029945595854923295,-2.1334000000000003e-05,1642.6308706760572,1642.6313001320157,-0.1,1.0667,0.1,1.0637054404145077,long_nclose,0.10637054404145077,6.475620660755747e-05,1.0
1705492200000.0,549350,1705492200000.0,0.00029945595854923295,-2.1334000000000003e-05,1642.6311487980158,1642.6311487980158,-0.1,1.0667,0.0,1.0637054404145077,long_nclose,0.0,0.0,14.0
1705492800000.0,549360,1705492800000.0,0.0,-0.016416132,1642.614732666016,1642.6301526660159,77.1,1.0646,77.1,1.0646,long_ientry_normal,82.08066,0.049969514072712884,10.0
1705494300000.0,549385,1705494300000.0,0.05567999999999813,-0.0040992,1642.666313466016,1642.857383466016,-19.2,1.0675,57.9,1.0646,long_nclose,61.640339999999995,0.03752456569827578,25.0
1705494900000.0,549395,1705494900000.0,0.0,-0.004088064,1642.662225402016,1642.5928354020161,19.2,1.0646,77.1,1.0646,long_ientry_partial,82.08066,0.049968069351513836,10.0
1705495080000.0,549398,1705495080000.0,0.05567999999999813,-0.0040992,1642.713806202016,1642.928036202016,-19.2,1.0675,57.9,1.0646,long_nclose,61.640339999999995,0.037523480820139676,3.0
1705496280000.0,549418,1705496280000.0,0.17949000000000168,-0.004145254000000001,1642.889150948016,1643.240410948016,-19.3,1.0739,38.6,1.0646,long_nclose,41.093560000000004,0.025012983971734973,20.0
1705496340000.0,549419,1705496340000.0,0.1190400000000011,-0.0027491840000000004,1643.005441764016,1643.245381764016,-12.8,1.0739,25.8,1.0646,long_nclose,27.46668,0.016717339639794708,1.0
1705497900000.0,549445,1705497900000.0,0.01855999999999938,-0.0013664,1643.022635364016,1643.0885953640159,-6.4,1.0675,19.4,1.0646,long_nclose,20.653239999999997,0.012570271130454766,26.0
1705498080000.0,549448,1705498080000.0,0.013919999999999532,-0.0010248,1643.035530564016,1643.074950564016,-4.8,1.0675,14.6,1.0646,long_nclose,15.54316,0.009460026707191411,3.0
1705498140000.0,549449,1705498140000.0,0.01043999999999965,-0.0007685999999999999,1643.045201964016,1643.0793019640162,-3.6,1.0675,11.0,1.0646,long_nclose,11.7106,0.0071273754282607195,1.0
1705498200000.0,549450,1705498200000.0,0.0,-0.014077978,1643.0311239860162,1643.003583986016,66.1,1.0649,77.1,1.0648571984435797,long_ientry_partial,82.10049,0.049968919517983976,1.0
1705498320000.0,549452,1705498320000.0,0.0565017898832707,-0.004100352000000001,1643.0835254238993,1643.230753634016,-19.2,1.0678,57.9,1.0648571984435797,long_nclose,61.65523178988327,0.03752410077508191,2.0
1705498380000.0,549453,1705498380000.0,0.04237634241245303,-0.0030752640000000003,1643.1228265023117,1643.229088370016,-14.4,1.0678,43.5,1.0648571984435797,long_nclose,46.32128813229572,0.02819100762594789,1.0
1705498500000.0,549455,1705498500000.0,0.03178225680933977,-0.0023064480000000004,1643.152302311121,1643.248531922016,-10.8,1.0678,32.7,1.0648571984435797,long_nclose,34.82083038910506,0.021191480753262486,2.0
1705498560000.0,549456,1705498560000.0,0.023836692607004828,-0.001729836,1643.1744091677278,1643.2640220860158,-8.1,1.0678,24.6,1.0648571984435797,long_nclose,26.195487081712063,0.015942000396038387,1.0
1705499040000.0,549464,1705499040000.0,0.0,-0.011202748,1643.1632064197279,1643.171979338016,52.6,1.0649,77.2,1.0648863611620731,long_ientry_partial,82.20922708171204,0.05003107832534598,8.0
1705499520000.0,549472,1705499520000.0,0.05623322957199006,-0.004121708000000001,1643.2153179412999,1643.3608576300157,-19.3,1.0678,57.9,1.0648863611620731,long_nclose,61.65692031128403,0.03752211876197139,8.0
1705500060000.0,549481,1705500060000.0,0.0,-0.004110514,1643.2112074272998,1643.3509571160157,19.3,1.0649,77.2,1.0648897708715548,long_ientry_partial,82.20949031128403,0.05002977702421812,9.0
1705502580000.0,549523,1705502580000.0,0.056167422178994224,-0.004121708000000001,1643.2632531414788,1643.4607054080159,-19.3,1.0678,57.9,1.0648897708715548,long_nclose,61.65711773346302,0.0375211443544369,42.0
1705503540000.0,549539,1705503540000.0,0.0,-0.004110128,1643.2591430134787,1643.2385052800157,19.3,1.0648,77.2,1.064867328153666,long_ientry_partial,82.20775773346303,0.050027263248757545,16.0
1705503840000.0,549544,1705503840000.0,0.056600566634247285,-0.004121708000000001,1643.311621872113,1643.4930035720156,-19.3,1.0678,57.9,1.064867328153666,long_nclose,61.65581830009726,0.0375192492278835,5.0
1705503960000.0,549546,1705503960000.0,0.04223047458721041,-0.0030752640000000003,1643.3507770827002,1643.5044483080158,-14.4,1.0678,43.5,1.064867328153666,long_nclose,46.32172877468447,0.0281873653639033,2.0
1705504980000.0,549563,1705504980000.0,0.0,-0.007176752000000001,1643.3436003307002,1643.3020715560158,33.7,1.0648,77.2,1.0648379374959127,long_ientry_partial,82.20548877468447,0.05002331147189289,17.0
1705505520000.0,549572,1705505520000.0,0.05716780632888625,-0.004121708000000001,1643.396646429029,1643.5681498480158,-19.3,1.0678,57.9,1.0648379374959127,long_nclose,61.65411658101335,0.03751627260222471,9.0
1705505580000.0,549573,1705505580000.0,0.042653700058858136,-0.0030752640000000003,1643.436224865088,1643.5520245840157,-14.4,1.0678,43.5,1.0648379374959127,long_nclose,46.320450281072205,0.028185121868586484,1.0
1705505640000.0,549574,1705505640000.0,0.0,-0.007176752000000001,1643.429048113088,1643.4119578320158,33.7,1.0648,77.2,1.0648213766978265,long_ientry_partial,82.2042102810722,0.050019932637466416,1.0
1705537560000.0,550106,1705537560000.0,0.05748742973195005,-0.004121708000000001,1643.48241383482,1643.7417261240157,-19.3,1.0678,57.9,1.0648213766978265,long_nclose,61.65315771080415,0.03751373132551248,532.0
1705538040000.0,550114,1705538040000.0,0.04289217555129952,-0.0030752640000000003,1643.5222307463712,1643.7257508600158,-14.4,1.0678,43.5,1.0648213766978265,long_nclose,46.319729886355454,0.02818320861125214,8.0
1705538880000.0,550128,1705538880000.0,0.03216913166347464,-0.0023064480000000004,1643.5520934300348,1643.659304412016,-10.8,1.0678,32.7,1.0648213766978265,long_nclose,34.81965901801893,0.02118561325631702,14.0
1705539240000.0,550134,1705539240000.0,0.024126848747605976,-0.001729836,1643.5744904427822,1643.7191045760158,-8.1,1.0678,24.6,1.0648213766978265,long_nclose,26.194605866766533,0.01593758361369411,6.0
1705540020000.0,550147,1705540020000.0,0.07608471107782311,-0.001761524,1643.6488136298601,1643.8157430520157,-8.2,1.0741,16.4,1.0648213766978265,long_nclose,17.463070577844352,0.010624575294328616,13.0
1705540740000.0,550159,1705540740000.0,0.012212355538911666,-0.0008755960000000001,1643.660150389399,1643.6992474560157,-4.1,1.0678,12.3,1.0648213766978265,long_nclose,13.097302933383267,0.007968376510363404,12.0
1705540920000.0,550162,1705540920000.0,0.008935869906520733,-0.0006406800000000001,1643.6684455793054,1643.7007967760155,-3.0,1.0678,9.3,1.0648213766978265,long_nclose,9.902838803289788,0.006024839638385566,3.0
1705541040000.0,550164,1705541040000.0,0.006850833594999228,-0.000491188,1643.6748052249004,1643.7117555880156,-2.3,1.0678,7.0,1.0648213766978265,long_nclose,7.453749636884785,0.004534807988289937,2.0
1705541640000.0,550174,1705541640000.0,0.0,-0.014958689999999998,1643.6598465349005,1643.7951468980157,70.5,1.0609,77.5,1.0612541888630294,long_ientry_partial,82.24719963688477,0.05003906362394574,10.0
1705543200000.0,550200,1705543200000.0,0.056854154943534074,-0.004107812000000001,1643.712592877844,1643.9247790860156,-19.3,1.0642,58.2,1.0612541888630294,long_nclose,61.76499379182831,0.03757651675813285,26.0
1705543560000.0,550206,1705543560000.0,0.04271426148607482,-0.0030861800000000004,1643.7522209593299,1643.9115429060155,-14.5,1.0642,43.7,1.0612541888630294,long_nclose,46.376808053314384,0.028213989591599067,6.0
1705544460000.0,550221,1705544460000.0,0.13406426148607442,-0.00310445,1643.8831807708161,1644.1706784560156,-14.5,1.0705,29.2,1.0612541888630294,long_nclose,30.988622314800455,0.0188508664589353,15.0
1705544700000.0,550225,1705544700000.0,0.08968436802861529,-0.00207677,1643.9707883688448,1644.1491316860156,-9.7,1.0705,19.5,1.0612541888630294,long_nclose,20.694456682829074,0.012588092701672764,4.0
1705544820000.0,550227,1705544820000.0,0.06009777239030922,-0.00139165,1644.029494491235,1644.1561900360157,-6.5,1.0705,13.0,1.0612541888630294,long_nclose,13.796304455219381,0.00839176213166955,2.0
1705545240000.0,550234,1705545240000.0,0.03975698788897379,-0.00092063,1644.0683308491239,1644.1470294060155,-4.3,1.0705,8.7,1.0612541888630294,long_nclose,9.232911443108355,0.005615892764225782,7.0
1705545300000.0,550235,1705545300000.0,0.026812852297214883,-0.00062089,1644.0945228114213,1644.1510485160156,-2.9,1.0705,5.8,1.0612541888630294,long_nclose,6.15527429540557,0.0037438688652036726,1.0
1705545540000.0,550239,1705545540000.0,0.017567041160244233,-0.00040679,1644.1116830625815,1644.1493017260157,-1.9,1.0705,3.9,1.0612541888630294,long_nclose,4.138891336565814,0.0025174027891195707,4.0
1705545660000.0,550241,1705545660000.0,0.012019554478061845,-0.00027833,1644.1234242870596,1644.1500633960156,-1.3,1.0705,2.6,1.0612541888630294,long_nclose,2.7592608910438763,0.0016782565410138678,2.0
1705546680000.0,550258,1705546680000.0,0.0017674866821824065,-0.000127704,1644.1250640697417,1644.1363556920157,-0.6,1.0642,2.0,1.0612541888630294,long_nclose,2.1225083777260587,0.0012909652824537347,17.0
1705547880000.0,550278,1705547880000.0,0.0,-0.016016468000000002,1644.1090476017416,1644.0875192240155,75.4,1.0621,77.4,1.0620781444150655,long_ientry_partial,82.20484837772608,0.04999963262633833,20.0
1705548000000.0,550280,1705548000000.0,0.056391812789234066,-0.004110900000000001,1644.161328514531,1644.3949983240157,-19.3,1.065,58.1,1.0620781444150655,long_nclose,61.70674019051531,0.037530830533683814,2.0
1705548240000.0,550284,1705548240000.0,0.0,-0.004099706000000001,1644.157228808531,1644.1043186180157,19.3,1.0621,77.4,1.0620835941927043,long_ientry_partial,82.20527019051532,0.049998423964651414,4.0
1705550700000.0,550325,1705550700000.0,0.05628663208080673,-0.004110900000000001,1644.209404540612,1644.390467718016,-19.3,1.065,58.1,1.0620835941927043,long_nclose,61.70705682259612,0.037529925721253805,41.0
1705550880000.0,550328,1705550880000.0,0.04228788420578744,-0.0030885,1644.2486039248176,1644.4324392180158,-14.5,1.065,43.6,1.0620835941927043,long_nclose,46.306844706801904,0.02816292171163629,3.0
1705551300000.0,550335,1705551300000.0,0.03178882329952298,-0.0023217,1644.2780710481172,1644.3832475180159,-10.9,1.065,32.7,1.0620835941927043,long_nclose,34.73013353010143,0.02112181275273184,7.0
1705551660000.0,550341,1705551660000.0,0.023622887039095052,-0.0017253000000000001,1644.2999686351561,1644.3790922180156,-8.1,1.065,24.6,1.0620835941927043,long_nclose,26.127256417140526,0.01588959248039598,6.0
1705551780000.0,550343,1705551780000.0,0.01779007542450368,-0.0012993,1644.3164594105806,1644.3833629180156,-6.1,1.065,18.5,1.0620835941927043,long_nclose,19.64854649256503,0.01194937043907486,2.0
1705552260000.0,550351,1705552260000.0,0.013415466713560153,-0.0009797999999999999,1644.328895077294,1644.3722131180155,-4.6,1.065,13.9,1.0620835941927043,long_nclose,14.76296195927859,0.008978107727398803,8.0
1705552500000.0,550355,1705552500000.0,0.00991577974480533,-0.0007241999999999999,1644.338086657039,1644.3697589180156,-3.4,1.065,10.5,1.0620835941927043,long_nclose,11.151877739023394,0.006781985912456306,4.0
1705552800000.0,550360,1705552800000.0,0.007582655098968783,-0.0005538,1644.345115512138,1644.3689451180155,-2.6,1.065,7.9,1.0620835941927043,long_nclose,8.390460394122364,0.005102615208309918,5.0
1705553160000.0,550366,1705553160000.0,0.0,-0.0147618,1644.3303537121378,1644.2213333180155,69.5,1.062,77.4,1.062008532223803,long_ientry_partial,82.19946039412237,0.04998962660304481,6.0
1705555500000.0,550405,1705555500000.0,0.05580532808059951,-0.004110514,1644.3820485262183,1644.5849028040154,-19.3,1.0649,58.1,1.062008532223803,long_nclose,61.70269572220296,0.03752333332603829,39.0
1705556220000.0,550417,1705556220000.0,0.04192628275485455,-0.00308821,1644.4208865989733,1644.5600345940154,-14.5,1.0649,43.6,1.062008532223803,long_nclose,46.303572004957815,0.028157980953844402,12.0
1705556400000.0,550420,1705556400000.0,0.03151699876054583,-0.002321482,1644.4500821157337,1644.5806031120153,-10.9,1.0649,32.7,1.062008532223803,long_nclose,34.727679003718364,0.021118110778429993,3.0
1705557060000.0,550431,1705557060000.0,0.10127699876054541,-0.0023354340000000004,1644.5490236804942,1644.7472176780152,-10.9,1.0713,21.8,1.062008532223803,long_nclose,23.151786002478907,0.014077893494877581,11.0
1705557240000.0,550434,1705557240000.0,0.06689856798861715,-0.001542672,1644.6143795764829,1644.7485750060152,-7.2,1.0713,14.6,1.062008532223803,long_nclose,15.505324570467526,0.009427939316972542,3.0
1705557300000.0,550435,1705557300000.0,0.04459904532574477,-0.001028448,1644.6579501738086,1644.7539065580154,-4.8,1.0713,9.8,1.062008532223803,long_nclose,10.407683615793271,0.00632817517751541,1.0
1705558500000.0,550455,1705558500000.0,0.07639819210336432,-0.001056048,1644.733292317912,1644.8121405100153,-4.9,1.0776,4.9,1.062008532223803,long_nclose,5.2038418078966355,0.003163942647845898,20.0
1705559040000.0,550464,1705559040000.0,0.037419522662872316,-0.000517248,1644.7701945925749,1644.8111732620152,-2.4,1.0776,2.5,1.062008532223803,long_nclose,2.655021330559508,0.0016142202353181514,9.0
1705559160000.0,550466,1705559160000.0,0.018709761331436158,-0.000258624,1644.7886457299062,1644.8099546380151,-1.2,1.0776,1.3,1.062008532223803,long_nclose,1.380611091890944,0.0008393851060895861,2.0
1705559340000.0,550469,1705559340000.0,0.009354880665718079,-0.000129312,1644.797871298572,1644.8095553260155,-0.6,1.0776,0.7,1.062008532223803,long_nclose,0.7434059725566621,0.00045197406047816756,3.0
1705559460000.0,550471,1705559460000.0,0.0046774403328590395,-6.4656e-05,1644.802484082905,1644.8082406700155,-0.3,1.0776,0.4,1.062008532223803,long_nclose,0.4248034128895213,0.00025827016739118046,2.0
1705559700000.0,550475,1705559700000.0,0.00311829355523936,-4.3104e-05,1644.8055592724602,1644.8083975660154,-0.2,1.0776,0.2,1.062008532223803,long_nclose,0.21240170644476064,0.00012913484225984218,4.0
1705560000000.0,550480,1705560000000.0,0.00155914677761968,-2.1552e-05,1644.807096867238,1644.8087560140157,-0.1,1.0776,0.1,1.062008532223803,long_nclose,0.10620085322238032,6.456736077115334e-05,5.0
1705560240000.0,550484,1705560240000.0,0.00155914677761968,-2.1552e-05,1644.8086344620158,1644.8086344620158,-0.1,1.0776,0.0,1.062008532223803,long_nclose,0.0,0.0,4.0
1705571580000.0,550673,1705571580000.0,0.0,-0.016452864000000005,1644.7921815980158,1644.7613015980157,77.2,1.0656,77.2,1.0656,long_ientry_normal,82.26432000000001,0.05001502373392559,189.0
1705595520000.0,551072,1705595520000.0,0.0,-0.022582842000000002,1644.7695987560157,1641.9672387560158,109.7,1.0293,186.9,1.044293900481541,long_rentry,195.17853000000002,0.11866618287912112,399.0
1705600260000.0,551151,1705600260000.0,0.0,-0.05343453,1644.7161642260157,1637.9317842260157,265.5,1.0063,452.4,1.0219964190981434,long_rentry,462.35118000000006,0.2811130516356159,79.0
1705623900000.0,551545,1705623900000.0,0.0,-0.23646766000000002,1644.4796965660157,1623.5340265660154,1207.7,0.979,1660.1,0.9907171134269022,long_rentry,1644.6894800000002,1.0001275682724589,394.0
1705646160000.0,551916,1705646160000.0,-0.12553579422926672,-0.0032838879999999996,1644.3508768837864,1632.9832926780155,-16.7,0.9832,1643.4,0.9907171134269022,unstuck_close_long,1628.144504205771,0.9901442125851337,371.0
1705655760000.0,552076,1705655760000.0,1.143209804228612,-0.08162596000000001,1645.412460728015,1649.2124267180154,-410.8,0.9935,1232.6,0.9907171134269022,long_nclose,1221.1579140099996,0.7421591504598771,160.0
1705658760000.0,552126,1705658760000.0,0.857407353171459,-0.06121947000000002,1646.2086486111866,1649.6134772480154,-308.1,0.9935,924.5,0.9907171134269022,long_nclose,915.9179713631711,0.5563802450776087,50.0
1705658940000.0,552129,1705658940000.0,0.6431250870429216,-0.04591957,1646.8058541282296,1649.0822076780157,-231.1,0.9935,693.4,0.9907171134269022,long_nclose,686.9632464502139,0.41714889750247575,3.0
1705662000000.0,552180,1705662000000.0,2.0066150870428996,-0.046192267999999995,1648.7662769472727,1652.7803754100157,-231.1,0.9994,462.3,0.9907171134269022,long_nclose,458.00852153725685,0.27778862774005164,51.0
1705662540000.0,552189,1705662540000.0,1.3380328209143697,-0.030801508,1650.073508260187,1652.8112139020159,-154.1,0.9994,308.2,0.9907171134269022,long_nclose,305.33901435817126,0.18504570422448402,9.0
1705662840000.0,552194,1705662840000.0,0.8917324510571433,-0.020527676,1650.9447130352441,1652.9139962260158,-102.7,0.9994,205.5,0.9907171134269022,long_nclose,203.5923668092284,0.12331870667850894,5.0
1705663080000.0,552198,1705663080000.0,0.5947777302571988,-0.01369178,1651.5257989855013,1652.7838544460158,-68.5,0.9994,137.0,0.9907171134269022,long_nclose,135.7282445394856,0.08218354483039907,4.0
1705663620000.0,552207,1705663620000.0,0.39593962773325936,-0.009114528,1651.9126240852345,1652.7610799180156,-45.6,0.9994,91.4,0.9907171134269022,long_nclose,90.55154416721886,0.054816182676346345,9.0
1705664400000.0,552220,1705664400000.0,0.26395975182217285,-0.006076351999999999,1652.1705074850565,1652.7245635660156,-30.4,0.9994,61.0,0.9907171134269022,long_nclose,60.433743919041035,0.036578394085386275,13.0
1705664580000.0,552223,1705664580000.0,0.1762625974338852,-0.0040575640000000005,1652.3427125184903,1652.7001760020155,-20.3,0.9994,40.7,0.9907171134269022,long_nclose,40.32218651647492,0.024403040731795948,3.0
1705665060000.0,552231,1705665060000.0,0.1172189687368202,-0.00269838,1652.457233107227,1652.6988476220154,-13.5,0.9994,27.2,0.9907171134269022,long_nclose,26.94750548521174,0.016307535798999483,8.0
1705666140000.0,552249,1705666140000.0,0.07814597915788013,-0.00179892,1652.5335801663848,1652.6843287020151,-9.0,0.9994,18.2,0.9907171134269022,long_nclose,18.031051464369618,0.010911155864411643,18.0
1705666200000.0,552250,1705666200000.0,0.05209731943858675,-0.00119928,1652.5844782058234,1652.6952894220153,-6.0,0.9994,12.2,0.9907171134269022,long_nclose,12.086748783808206,0.0073138462470194185,1.0
1705667400000.0,552270,1705667400000.0,0.00834865971929366,-0.0005961,1652.5922307655428,1652.6279533220154,-3.0,0.9935,9.2,0.9907171134269022,long_nclose,9.114597443527499,0.005515333591581315,20.0
1705668720000.0,552292,1705668720000.0,0.0064006391181251395,-0.00045701000000000004,1652.5981743946609,1652.6180663120153,-2.3,0.9935,6.9,0.9907171134269022,long_nclose,6.835948082645626,0.0041364853166134,22.0
1705668840000.0,552294,1705668840000.0,0.004730907174266407,-0.00033779000000000003,1652.602567511835,1652.6170385220153,-1.7,0.9935,5.2,0.9907171134269022,long_nclose,5.151728989819891,0.0031173429662380075,2.0
1705668900000.0,552295,1705668900000.0,0.003617752545027253,-0.00025831000000000004,1652.6059269543803,1652.6210702120154,-1.3,0.9935,3.9,0.9907171134269022,long_nclose,3.863796742364918,0.002338002471941744,1.0
1705669380000.0,552303,1705669380000.0,0.0025045979157880985,-0.00017883000000000002,1652.608252722296,1652.6202013820152,-0.9,0.9935,3.0,0.9907171134269022,long_nclose,2.9721513402807065,0.0017984609089206495,8.0
1705669560000.0,552306,1705669560000.0,0.0019480206011685207,-0.00013909,1652.6100616528972,1652.6130122920154,-0.7,0.9935,2.3,0.9907171134269022,long_nclose,2.2786493608818748,0.0013788185209297524,3.0
1705670280000.0,552318,1705670280000.0,0.0013914432865489434,-9.935000000000002e-05,1652.6113537461838,1652.6158229420155,-0.5,0.9935,1.8,0.9907171134269022,long_nclose,1.783290804168424,0.0010790745205314077,12.0
1705670340000.0,552319,1705670340000.0,0.0011131546292391548,-7.948e-05,1652.6123874208129,1652.6175434620152,-0.4,0.9935,1.4,0.9907171134269022,long_nclose,1.387003958797663,0.0008392796576832649,1.0
1705673460000.0,552371,1705673460000.0,0.000834865971929366,-5.961e-05,1652.6131626767847,1652.6150138520152,-0.3,0.9935,1.1,0.9907171134269022,long_nclose,1.0897888247695924,0.0006594337074045994,52.0
1705673520000.0,552372,1705673520000.0,0.0,-0.016301984,1652.5968606927847,1652.613191868015,82.3,0.9904,83.4,0.9904041825511939,long_ientry_partial,82.59970882476958,0.049981765540897234,1.0
1705681560000.0,552506,1705681560000.0,0.0,-0.02267379,1652.5741869027847,1650.0055380780152,118.5,0.9567,201.9,0.9706223814996018,long_rentry,195.96865882476962,0.11858387985113662,134.0
1705688760000.0,552626,1705688760000.0,0.13495197242007287,-0.009810864,1652.699328011205,1653.0140872140153,-50.4,0.9733,151.5,0.9706223814996018,long_nclose,147.04929079718968,0.0889752227189099,120.0
1705688820000.0,552627,1705688820000.0,0.10121397931505464,-0.007358148,1652.79318384252,1653.3136590660151,-37.8,0.9733,113.7,0.9706223814996018,long_nclose,110.35976477650472,0.06677167225480277,1.0
1705689180000.0,552633,1705689180000.0,0.3213017411650913,-0.007421578,1653.107064005685,1653.8406274880153,-37.9,0.9791,75.8,0.9706223814996018,long_nclose,73.57317651766981,0.04450599608436298,6.0
1705689420000.0,552637,1705689420000.0,0.21363598621003432,-0.004934663999999999,1653.315765327895,1653.770032824015,-25.2,0.9791,50.6,0.9706223814996018,long_nclose,49.113492503879854,0.029706057084709036,4.0
1705689900000.0,552645,1705689900000.0,0.14242399080668955,-0.003289776,1653.4548995427017,1653.7820030480152,-16.8,0.9791,33.8,0.9706223814996018,long_nclose,32.807036494686535,0.019841506716488017,8.0
1705690200000.0,552650,1705690200000.0,0.2412917526567298,-0.003328962,1653.6928623333583,1653.942604086015,-16.9,0.9849,16.9,0.9706223814996018,long_nclose,16.403518247343268,0.00991932578350609,5.0
1705690500000.0,552655,1705690500000.0,0.33931175265673025,-0.003348566,1654.028825520015,1654.028825520015,-16.9,0.9907,0.0,0.9706223814996018,long_nclose,0.0,0.0,5.0
1705837680000.0,555108,1705837680000.0,0.0,-0.016538280000000002,1654.012287240015,1654.020327240015,80.4,1.0285,80.4,1.0285,long_ientry_normal,82.6914,0.04999442908491561,2453.0
1705838640000.0,555124,1705838640000.0,0.05628000000000273,-0.004145826000000001,1654.064421414015,1654.172961414015,-20.1,1.0313,60.3,1.0285,long_nclose,62.01855,0.037494639989282895,16.0
1705838880000.0,555128,1705838880000.0,0.042000000000002036,-0.0030939000000000006,1654.1033275140148,1654.2301675140147,-15.0,1.0313,45.3,1.0285,long_nclose,46.591049999999996,0.02816695258694789,4.0
1705839180000.0,555133,1705839180000.0,0.031640000000001535,-0.0023307380000000006,1654.1326367760148,1654.1972367760147,-11.3,1.0313,34.0,1.0285,long_nclose,34.969,0.0211403845269363,5.0
1705839240000.0,555134,1705839240000.0,0.023800000000001154,-0.0017532100000000005,1654.1546835660147,1654.2158835660148,-8.5,1.0313,25.5,1.0285,long_nclose,26.22675,0.015855077073844485,1.0
1705839900000.0,555145,1705839900000.0,0.0,-0.01129293,1654.1433906360146,1654.1353506360147,54.9,1.0285,80.4,1.0284999999999997,long_ientry_partial,82.69139999999999,0.04999046664763768,11.0
1705843920000.0,555212,1705843920000.0,0.05628000000000719,-0.004145826000000001,1654.1955248100146,1654.4126048100147,-20.1,1.0313,60.3,1.0284999999999997,long_nclose,62.01854999999998,0.03749166834865114,67.0
1705846860000.0,555261,1705846860000.0,0.042000000000005366,-0.0030939000000000006,1654.2344309100145,1654.3748609100144,-15.0,1.0313,45.3,1.0284999999999997,long_nclose,46.59104999999999,0.02816472026541588,49.0
1705847520000.0,555272,1705847520000.0,0.03164000000000405,-0.0023307380000000006,1654.2637401720144,1654.3793401720145,-11.3,1.0313,34.0,1.0284999999999997,long_nclose,34.968999999999994,0.02113870911319366,11.0
1705848300000.0,555285,1705848300000.0,0.02380000000000304,-0.0017532100000000005,1654.2857869620143,1654.3750369620143,-8.5,1.0313,25.5,1.0284999999999997,long_nclose,26.226749999999992,0.015853820547031158,13.0
1705850400000.0,555320,1705850400000.0,0.017640000000002255,-0.0012994380000000002,1654.3021275240144,1654.3578075240143,-6.3,1.0313,19.2,1.0284999999999997,long_nclose,19.747199999999996,0.011936876385183358,35.0
1705851360000.0,555336,1705851360000.0,0.0,-0.012594959999999999,1654.2895325640145,1654.2026525640144,61.2,1.029,80.4,1.0288805970149253,long_ientry_partial,82.722,0.050004547796290294,16.0
1705888380000.0,555953,1705888380000.0,0.0,-0.022700676000000003,1654.2668318880144,1651.1235718880143,114.2,0.9939,194.6,1.0083524152106886,long_rentry,196.22538,0.11861773216842414,617.0
1705899600000.0,556140,1705899600000.0,0.0,-0.053710047999999996,1654.2131218400143,1649.1335018400143,276.4,0.9716,471.0,0.9867847558386411,long_rentry,464.77561999999995,0.28096477646303564,187.0
1705901040000.0,556164,1705901040000.0,0.3195842377919463,-0.02329283,1654.5094132478064,1655.5040390100146,-117.7,0.9895,353.3,0.9867847558386411,long_nclose,348.63105423779194,0.21071566679903517,24.0
1705901460000.0,556171,1705901460000.0,0.23975605944799366,-0.017474570000000002,1654.7316947372542,1655.3187344400144,-88.3,0.9895,265.0,0.9867847558386411,long_nclose,261.4979602972399,0.15803042942182946,7.0
1705901940000.0,556179,1705901940000.0,0.1797491634819613,-0.013100980000000002,1654.8983429207362,1655.4778934600145,-66.2,0.9895,198.8,0.9867847558386411,long_nclose,196.17280946072185,0.11854070088347284,8.0
1705902060000.0,556181,1705902060000.0,0.13494763481953892,-0.009835630000000001,1655.0234549255558,1655.4282978300143,-49.7,0.9895,149.1,0.9867847558386411,long_nclose,147.1296070955414,0.08889880482217057,2.0
1705902120000.0,556182,1705902120000.0,0.10100708280255227,-0.007361880000000001,1655.1171001283585,1655.4656959500146,-37.2,0.9895,111.9,0.9867847558386411,long_nclose,110.42121417834394,0.0667150464277002,1.0
1705902660000.0,556191,1705902660000.0,0.07575531210191419,-0.00552141,1655.1873340304603,1655.3986145400145,-27.9,0.9895,84.0,0.9867847558386411,long_nclose,82.88991949044585,0.05007887493230445,9.0
1705902720000.0,556192,1705902720000.0,0.05702012738853757,-0.0041559000000000006,1655.240198257849,1655.4490586400145,-21.0,0.9895,63.0,0.9867847558386411,long_nclose,62.16743961783439,0.03755795665382343,1.0
1705902780000.0,556193,1705902780000.0,0.0,-0.0040792120000000005,1655.236119045849,1655.3446594280144,20.6,0.9901,83.6,0.9876016700697895,long_ientry_partial,82.5634996178344,0.04988019453407508,1.0
1705902900000.0,556195,1705902900000.0,0.05639509554139868,-0.004139453999999999,1655.2883746873902,1655.4136699740143,-20.9,0.9903,62.7,0.9876016700697895,long_nclose,61.922624713375804,0.03740896490321224,2.0
1705903140000.0,556199,1705903140000.0,0.04209394691128323,-0.003089736,1655.3273788983015,1655.4921502380143,-15.6,0.9903,47.1,0.9876016700697895,long_nclose,46.51603866028709,0.028100809092667642,4.0
1705903200000.0,556200,1705903200000.0,0.0,-0.007215208,1655.3201636903016,1655.4849350300144,36.4,0.9911,83.5,0.9891266905423602,long_ientry_partial,82.59207866028709,0.049894926958516446,1.0
1705905540000.0,556239,1705905540000.0,0.05768483671890703,-0.004126304000000001,1655.3737222230204,1655.4911787260144,-20.8,0.9919,62.7,0.9891266905423602,long_nclose,62.01824349700599,0.03746479883329366,39.0
1705905600000.0,556240,1705905600000.0,0.04326362753918027,-0.003094728,1655.4138911225596,1655.5680639980144,-15.6,0.9919,47.1,0.9891266905423602,long_nclose,46.58786712454517,0.02814273057292837,1.0
1705905660000.0,556241,1705905660000.0,0.0,-0.007204823999999999,1655.4066862985596,1655.5191591740145,36.3,0.9924,83.4,0.990551404371045,long_ientry_partial,82.61198712454517,0.049904345444721575,1.0
1705919220000.0,556467,1705919220000.0,0.0,-0.02267616,1655.3840101385597,1652.3470530140146,118.5,0.9568,201.9,0.970741887689674,long_rentry,195.99278712454517,0.11839717305722924,226.0
1705929660000.0,556641,1705929660000.0,0.13396886044043485,-0.009811872,1655.5081671270002,1656.0472211420147,-50.4,0.9734,151.5,0.970741887689674,long_nclose,147.0673959849856,0.08883519810126284,174.0
1705952460000.0,557021,1705952460000.0,0.0,-0.040302656,1655.4678644710002,1650.6684384860146,215.2,0.9364,366.7,0.950588153763255,long_rentry,348.5806759849856,0.21056323923048395,380.0
1705953780000.0,557043,1705953780000.0,0.23924511528584577,-0.017462624,1655.6896469622861,1657.0684058620147,-91.6,0.9532,275.1,0.950588153763255,long_nclose,261.50680110027145,0.1579443355100161,22.0
1705954200000.0,557050,1705954200000.0,0.17943383646438435,-0.013096968000000002,1655.8559838307506,1656.2712288940147,-68.7,0.9532,206.4,0.950588153763255,long_nclose,196.20139493673585,0.1184894078063676,7.0
1705954260000.0,557051,1705954260000.0,0.13477126581604412,-0.009837024000000002,1655.9809180725665,1656.4935918700146,-51.6,0.9532,154.8,0.950588153763255,long_nclose,147.1510462025519,0.08886035134621256,1.0
1705954380000.0,557053,1705954380000.0,0.1010784493620331,-0.007377768000000001,1656.0746187539285,1656.4126841020145,-38.7,0.9532,116.1,0.950588153763255,long_nclose,110.3632846519139,0.06664149272147771,2.0
1705954740000.0,557059,1705954740000.0,0.3216684493620303,-0.007421886000000001,1656.3888653172905,1656.9315822160147,-38.7,0.9589,77.4,0.950588153763255,long_nclose,73.57552310127595,0.04441923309305883,6.0
1705954860000.0,557061,1705954860000.0,0.21444563290802018,-0.004947924,1656.5983630261987,1657.0994942920147,-25.8,0.9589,51.6,0.950588153763255,long_nclose,49.05034873418396,0.02960907714805477,2.0
1705955160000.0,557066,1705955160000.0,0.3589256329080215,-0.00497682,1656.9523118391069,1657.303497472015,-25.8,0.9645,25.8,0.950588153763255,long_nclose,24.52517436709198,0.014801376111947765,5.0
1705955220000.0,557067,1705955220000.0,0.17946281645401074,-0.00248841,1657.1292862455607,1657.3048790620146,-12.9,0.9645,12.9,0.950588153763255,long_nclose,12.26258718354599,0.0073998976937571705,1.0
1705955280000.0,557068,1705955280000.0,0.08903581591516813,-0.0012345600000000002,1657.2170875014758,1657.3153145020146,-6.4,0.9645,6.5,0.950588153763255,long_nclose,6.178822999461158,0.003728433073772331,1.0
1705955640000.0,557074,1705955640000.0,0.04451790795758406,-0.0006172800000000001,1657.2609881294336,1657.3059072220149,-3.2,0.9645,3.3,0.950588153763255,long_nclose,3.1369409074187415,0.0018928466487100725,6.0
1705955820000.0,557077,1705955820000.0,0.02225895397879203,-0.00030864000000000005,1657.2829384434124,1657.306588582015,-1.6,0.9645,1.7,0.950588153763255,long_nclose,1.6159998613975335,0.0009750899040301147,3.0
1705955880000.0,557078,1705955880000.0,0.011129476989396016,-0.00015432000000000003,1657.2939136004018,1657.3065242620148,-0.8,0.9645,0.9,0.950588153763255,long_nclose,0.8555293383869296,0.0005162206482302996,1.0
1705956300000.0,557085,1705956300000.0,0.005564738494698008,-7.716000000000001e-05,1657.2994011788965,1657.3068571020149,-0.4,0.9645,0.5,0.950588153763255,long_nclose,0.4752940768816275,0.0002867882994126069,7.0
1705956960000.0,557096,1705956960000.0,0.0008311846236744969,-1.9178000000000002e-05,1657.30021318552,1657.3035779240147,-0.1,0.9589,0.4,0.950588153763255,long_nclose,0.380235261505302,0.00022943052711882928,11.0
1705957440000.0,557104,1705957440000.0,0.0,-0.016491594,1657.2837215915201,1657.2433163300147,86.1,0.9577,86.5,0.9576671128497721,long_ientry_partial,82.8382052615053,0.049984323252722375,8.0
1705958460000.0,557121,1705958460000.0,0.056870362444922946,-0.004148496000000001,1657.336443457965,1657.5138078340149,-21.6,0.9603,64.9,0.9576671128497721,long_nclose,62.15259562395022,0.037501495770087184,17.0
1705959120000.0,557132,1705959120000.0,0.0,-0.004136832000000001,1657.332306625965,1657.2933510020148,21.6,0.9576,86.5,0.9576503540341065,long_ientry_partial,82.83675562395021,0.04998198327080896,11.0
1705960380000.0,557153,1705960380000.0,0.05723235286330102,-0.004148496000000001,1657.3853904828284,1657.544372506015,-21.6,0.9603,64.9,0.9576503540341065,long_nclose,62.15150797681351,0.03749973200783891,21.0
1705960500000.0,557155,1705960500000.0,0.042924264647475764,-0.0031113720000000003,1657.425203375476,1657.529891134015,-16.2,0.9603,48.7,0.9576503540341065,long_nclose,46.63757224146099,0.02813856827232983,2.0
1705960560000.0,557156,1705960560000.0,0.03206071618731214,-0.0023239260000000005,1657.4549401656634,1657.5336172080151,-12.1,0.9603,36.6,0.9576503540341065,long_nclose,35.050002957648296,0.021146881346979503,1.0
1705960680000.0,557158,1705960680000.0,0.0,-0.009575,1657.4453651656634,1657.431202208015,50.0,0.9575,86.6,0.9575635445455924,long_ientry_partial,82.9250029576483,0.05003181685530845,2.0
1705961460000.0,557171,1705961460000.0,0.05694743781520426,-0.004148064000000001,1657.4981645394785,1657.715034144015,-21.6,0.9602,65.0,0.9575635445455924,long_nclose,62.24163039546351,0.03755155313415192,13.0
1705961760000.0,557176,1705961760000.0,0.04271057836140319,-0.003111048,1657.53776406984,1657.690823096015,-16.2,0.9602,48.8,0.9575635445455924,long_nclose,46.729100973824906,0.028191877124469536,5.0
1705962060000.0,557181,1705962060000.0,0.0,-0.007238700000000001,1657.53052536984,1657.466804396015,37.8,0.9575,86.6,0.957535808011835,long_ientry_partial,82.92260097382491,0.050027797198680626,5.0
1705979340000.0,557469,1705979340000.0,0.0575465469443647,-0.004148064000000001,1657.5839238527844,1657.7180963320152,-21.6,0.9602,65.0,0.957535808011835,long_nclose,62.239827520769275,0.037548522657062766,288.0
1705979640000.0,557474,1705979640000.0,0.04315991020827352,-0.003111048,1657.6239727149928,1657.7491052840153,-16.2,0.9602,48.8,0.957535808011835,long_nclose,46.727747430977544,0.028189594383364883,5.0
1705982640000.0,557524,1705982640000.0,0.03250314225561339,-0.002342888,1657.6541329692484,1657.7589623960152,-12.2,0.9602,36.6,0.957535808011835,long_nclose,35.04581057323316,0.021141811114998924,50.0
1705982820000.0,557527,1705982820000.0,0.024244147092301792,-0.0017475640000000003,1657.6766295523407,1657.7553948320153,-9.1,0.9602,27.5,0.957535808011835,long_nclose,26.332234720325463,0.01588502501084095,3.0
1705984860000.0,557561,1705984860000.0,0.01811650551952222,-0.0013058720000000002,1657.6934401858603,1657.7547989600153,-6.8,0.9602,20.7,0.957535808011835,long_nclose,19.820991225844985,0.01195697029700658,34.0
1705986660000.0,557591,1705986660000.0,0.013587379139641663,-0.0009794040000000001,1657.706048161,1657.7491695560152,-5.1,0.9602,15.6,0.957535808011835,long_nclose,14.937558604984625,0.009010981543776003,30.0
1705988040000.0,557614,1705988040000.0,0.010390348753843625,-0.0007489560000000001,1657.7156895537537,1657.7492006000152,-3.9,0.9602,11.7,0.957535808011835,long_nclose,11.20316895373847,0.0067581968514482055,23.0
1705990800000.0,557660,1705990800000.0,0.007726156765678593,-0.0005569160000000001,1657.7228587945194,1657.7480636840153,-2.9,0.9602,8.8,0.957535808011835,long_nclose,8.426315110504149,0.005083066247051504,46.0
1705992360000.0,557686,1705992360000.0,0.005861222373963072,-0.0004224880000000001,1657.7282975288936,1657.7432411960156,-2.2,0.9602,6.6,0.957535808011835,long_nclose,6.319736332878111,0.003812287177759273,26.0
1705993980000.0,557713,1705993980000.0,0.0,-0.01532313,1657.7129743988935,1657.6454480660154,80.1,0.9565,86.7,0.9565788504368871,long_ientry_partial,82.93538633287811,0.050030003754390276,27.0
1705999020000.0,557797,1705999020000.0,0.0,-0.022767360000000004,1657.6902070388935,1654.9076007060155,123.2,0.924,209.9,0.9374568191180472,long_rentry,196.7721863328781,0.11870262941612549,84.0
1706001900000.0,557845,1706001900000.0,0.0,-0.053872812,1657.6363342268935,1652.0927378940155,298.2,0.9033,508.1,0.9174104434813581,long_rentry,466.1362463328781,0.28120537460967265,48.0
1706024460000.0,558221,1706024460000.0,0.3288736778675213,-0.023368000000000003,1657.941839904761,1658.8143898940154,-127.0,0.92,381.1,0.9174104434813581,long_nclose,349.6251200107456,0.2108790016607757,376.0
1706031240000.0,558334,1706031240000.0,0.2465257805747089,-0.017516800000000003,1658.1708488853358,1658.8254330940156,-95.2,0.92,285.9,0.9174104434813581,long_nclose,262.28764579132024,0.15817890295661427,113.0
1706031300000.0,558335,1706031300000.0,0.18489433543103168,-0.013137600000000001,1658.3426056207668,1658.7050154940155,-71.4,0.92,214.5,0.9174104434813581,long_nclose,196.78454012675132,0.11866338081152358,1.0
1706033760000.0,558376,1706033760000.0,0.13880022939920586,-0.009862400000000002,1658.471543450166,1659.2100030940155,-53.6,0.92,160.9,0.9174104434813581,long_nclose,147.61134035615052,0.08900444565305618,41.0
1706048580000.0,558623,1706048580000.0,0.10410017204940439,-0.007396800000000001,1658.5682468222155,1658.8928762940157,-40.2,0.92,120.7,0.9174104434813581,long_nclose,110.73144052819993,0.06676327051380564,247.0
1706048940000.0,558629,1706048940000.0,0.0779456512111212,-0.005538400000000001,1658.6406540734267,1658.9115078940156,-30.1,0.92,90.6,0.9174104434813581,long_nclose,83.11738617941104,0.05011175023069916,6.0
1706049660000.0,558641,1706049660000.0,0.058523977321306944,-0.0041584000000000005,1658.695019650748,1658.9527094940156,-22.6,0.92,68.0,0.9174104434813581,long_nclose,62.383910156732355,0.03761023540654737,12.0
1706051160000.0,558666,1706051160000.0,0.18056397732130605,-0.0041828080000000005,1658.8714008200693,1659.2477466860157,-22.6,0.9254,45.4,0.9174104434813581,long_nclose,41.65043413405366,0.025107693166247613,25.0
1706051340000.0,558669,1706051340000.0,0.3062129329731691,-0.004226286,1659.1733874670426,1659.4841404000158,-22.7,0.9309,22.7,0.9174104434813581,long_nclose,20.82521706702683,0.012551561653733731,3.0
1706051400000.0,558670,1706051400000.0,0.42879293297317067,-0.004250802000000001,1659.597929598016,1659.597929598016,-22.7,0.9363,0.0,0.9174104434813581,long_nclose,0.0,0.0,1.0
1706120460000.0,559821,1706120460000.0,0.0,-0.016593762,1659.581335836016,1659.5022258360161,87.9,0.9439,87.9,0.9439,long_ientry_normal,82.96881,0.04999381965102926,1151.0
1706120940000.0,559829,1706120940000.0,0.05694000000000102,-0.00414567,1659.634130166016,1659.726530166016,-21.9,0.9465,66.0,0.9439,long_nclose,62.297399999999996,0.03753682746556212,8.0
1706121000000.0,559830,1706121000000.0,0.04290000000000077,-0.0031234500000000003,1659.6739067160158,1659.7828067160158,-16.5,0.9465,49.5,0.9439,long_nclose,46.72305,0.02815194587980873,1.0
1706121060000.0,559831,1706121060000.0,0.03198000000000058,-0.0023283900000000005,1659.7035583260158,1659.9490783260158,-12.3,0.9465,37.2,0.9439,long_nclose,35.113080000000004,0.021156235897581137,1.0
1706123100000.0,559865,1706123100000.0,0.10167999999999981,-0.002361208,1659.8028771180159,1660.0062371180159,-12.4,0.9521,24.8,0.9439,long_nclose,23.40872,0.014103313304677194,34.0
1706123160000.0,559866,1706123160000.0,0.06723999999999987,-0.001561444,1659.868555674016,1660.011315674016,-8.2,0.9521,16.6,0.9439,long_nclose,15.668740000000001,0.009439747470628757,1.0
1706123460000.0,559871,1706123460000.0,0.04509999999999992,-0.0010473099999999999,1659.912608364016,1660.022498364016,-5.5,0.9521,11.1,0.9439,long_nclose,10.47729,0.006311952778240689,5.0
1706124660000.0,559891,1706124660000.0,0.030339999999999947,-0.000704554,1659.942243810016,1660.014023810016,-3.7,0.9521,7.4,0.9439,long_nclose,6.98486,0.004207893392704953,20.0
1706126100000.0,559915,1706126100000.0,0.019679999999999965,-0.000457008,1659.961466802016,1659.997966802016,-2.4,0.9521,5.0,0.9439,long_nclose,4.7195,0.002843138286271374,24.0
1706126220000.0,559917,1706126220000.0,0.013119999999999977,-0.000304672,1659.974282130016,1660.008622130016,-1.6,0.9521,3.4,0.9439,long_nclose,3.20926,0.0019333191089454707,2.0
1706126460000.0,559921,1706126460000.0,0.009019999999999985,-0.000209462,1659.983092668016,1660.003792668016,-1.1,0.9521,2.3,0.9439,long_nclose,2.1709699999999996,0.001307826573408466,4.0
1706126940000.0,559929,1706126940000.0,0.015290000000000028,-0.000210716,1659.998171952016,1660.0153319520161,-1.1,0.9578,1.2,0.9439,long_nclose,1.13268,0.0006823381008113189,8.0
1706129220000.0,559967,1706129220000.0,0.000780000000000014,-5.679e-05,1659.9988951620162,1660.0006951620162,-0.3,0.9465,0.9,0.9439,long_nclose,0.84951,0.0005117533526533387,38.0
1706129280000.0,559968,1706129280000.0,0.0,-0.0164241,1659.9824710620162,1660.062481062016,86.9,0.945,87.8,0.9449887243735763,long_ientry_partial,82.97001,0.049982461529800265,1.0
1706129520000.0,559972,1706129520000.0,0.057186936218679346,-0.004150488,1660.0355075102348,1660.2141805740162,-21.9,0.9476,65.9,0.9449887243735763,long_nclose,62.27475693621868,0.037514111387665444,4.0
1706129640000.0,559974,1706129640000.0,0.042824920273348915,-0.003108128,1660.0752243025083,1660.2094324460163,-16.4,0.9476,49.5,0.9449887243735763,long_nclose,46.77694185649202,0.028177603744520472,2.0
1706129880000.0,559978,1706129880000.0,0.032118690205011693,-0.0023310960000000004,1660.1050118967132,1660.2170313500162,-12.3,0.9476,37.2,0.9449887243735763,long_nclose,35.15358054669704,0.021175516184083535,4.0
1706130120000.0,559982,1706130120000.0,0.02428486332574055,-0.001762536,1660.127534224039,1660.2589788140162,-9.3,0.9476,27.9,0.9449887243735763,long_nclose,26.36518541002278,0.01588142167785088,4.0
1706131620000.0,560007,1706131620000.0,0.07636486332574101,-0.0017729520000000002,1660.2021261353648,1660.3660158620162,-9.3,0.9532,18.6,0.9449887243735763,long_nclose,17.57679027334852,0.010587138756570533,25.0
1706131860000.0,560011,1706131860000.0,0.05090990888382734,-0.0011819680000000003,1660.2518540762485,1660.353673894016,-6.2,0.9532,12.4,0.9449887243735763,long_nclose,11.717860182232346,0.00705788110006483,4.0
1706132640000.0,560024,1706132640000.0,0.03366623006833743,-0.000781624,1660.2847386823169,1660.3512322700162,-4.1,0.9532,8.3,0.9449887243735763,long_nclose,7.843406412300684,0.004724133294464656,13.0
1706133660000.0,560041,1706133660000.0,0.022170444191344164,-0.0005147280000000001,1660.306394398508,1660.355177542016,-2.7,0.9532,5.6,0.9449887243735763,long_nclose,5.291936856492027,0.003187325468567612,17.0
1706134140000.0,560049,1706134140000.0,0.014780296127562776,-0.00034315200000000005,1660.3208315426357,1660.352414390016,-1.8,0.9532,3.8,0.9449887243735763,long_nclose,3.59095715261959,0.0021628091898860074,8.0
1706135460000.0,560071,1706135460000.0,0.026431423690205014,-0.000364382,1660.3468985843258,1660.373520008016,-1.9,0.9589,1.9,0.9449887243735763,long_nclose,1.795478576309795,0.0010813876171543956,22.0
1706137320000.0,560102,1706137320000.0,0.012520148063781322,-0.000172602,1660.3592461303895,1660.374057406016,-0.9,0.9589,1.0,0.9449887243735763,long_nclose,0.9449887243735763,0.00056914714485793,31.0
1706137800000.0,560110,1706137800000.0,0.01951127562642374,-0.00019290000000000003,1660.378564506016,1660.378564506016,-1.0,0.9645,0.0,0.9449887243735763,long_nclose,0.0,0.0,8.0
1706160060000.0,560481,1706160060000.0,0.0,-0.016603002,1660.3619615040159,1660.370671504016,87.1,0.9531,87.1,0.9531,long_ientry_normal,83.01500999999999,0.04999814011927977,371.0
1706160780000.0,560493,1706160780000.0,0.05642000000000101,-0.004147738,1660.4142337660157,1660.7412337660157,-21.7,0.9557,65.4,0.9531,long_nclose,62.33274,0.03754047558278393,12.0
1706162460000.0,560521,1706162460000.0,0.18094000000000185,-0.004191704,1660.5909820620157,1660.9877420620157,-21.8,0.9614,43.6,0.9531,long_nclose,41.55516,0.02502431992518679,28.0
1706162760000.0,560526,1706162760000.0,0.12035000000000123,-0.00278806,1660.7085440020155,1660.9442540020154,-14.5,0.9614,29.1,0.9531,long_nclose,27.73521,0.01670082935393529,5.0
1706162880000.0,560528,1706162880000.0,0.08051000000000082,-0.0018651160000000002,1660.7871888860154,1660.9676088860153,-9.7,0.9614,19.4,0.9531,long_nclose,18.490139999999997,0.011133359002126206,2.0
1706164200000.0,560550,1706164200000.0,0.05312000000000055,-0.0012305920000000002,1660.8390782940155,1660.9482782940156,-6.4,0.9614,13.0,0.9531,long_nclose,12.3903,0.007460265212886908,22.0
1706165100000.0,560565,1706165100000.0,0.03569000000000037,-0.000826804,1660.8739414900153,1660.9687714900153,-4.3,0.9614,8.7,0.9531,long_nclose,8.29197,0.004992534227228014,15.0
1706165880000.0,560578,1706165880000.0,0.06020000000000005,-0.000831706,1660.9333097840151,1660.993589784015,-4.3,0.9671,4.4,0.9531,long_nclose,4.19364,0.002524869587054843,13.0
1706167320000.0,560602,1706167320000.0,0.03080000000000003,-0.0004255240000000001,1660.963684260015,1660.992944260015,-2.2,0.9671,2.2,0.9531,long_nclose,2.09682,0.0012624117070531653,24.0
1706167440000.0,560604,1706167440000.0,0.015400000000000014,-0.00021276200000000005,1660.978871498015,1660.994491498015,-1.1,0.9671,1.1,0.9531,long_nclose,1.04841,0.0006312000820663377,2.0
1706168280000.0,560618,1706168280000.0,0.007000000000000006,-9.671e-05,1660.985774788015,1660.9942947880152,-0.5,0.9671,0.6,0.9531,long_nclose,0.5718599999999999,0.0003442895229328404,14.0
1706168520000.0,560622,1706168520000.0,0.004200000000000003,-5.8026e-05,1660.9899167620151,1660.994176762015,-0.3,0.9671,0.3,0.9531,long_nclose,0.28592999999999996,0.00017214433219281712,4.0
1706168700000.0,560625,1706168700000.0,0.0014000000000000013,-1.9342000000000002e-05,1660.9912974200151,1660.9940774200152,-0.1,0.9671,0.2,0.9531,long_nclose,0.19062,0.00011476279273472791,3.0
1706168820000.0,560627,1706168820000.0,0.0014000000000000013,-1.9342000000000002e-05,1660.9926780780152,1660.994148078015,-0.1,0.9671,0.1,0.9531,long_nclose,0.09531,5.738134867053483e-05,2.0
1706172180000.0,560683,1706172180000.0,0.0008300000000000086,-1.9228000000000003e-05,1660.9934888500152,1660.9934888500152,-0.1,0.9614,0.0,0.9531,long_nclose,0.0,0.0,56.0
1706176680000.0,560758,1706176680000.0,0.0,-0.016618756000000002,1660.976870094015,1660.9942500940151,86.9,0.9562,86.9,0.9562,long_ientry_normal,83.09378000000001,0.05002705425711119,75.0
1706178900000.0,560795,1706178900000.0,0.058589999999998366,-0.004161626,1661.0312984680152,1661.3181784680153,-21.7,0.9589,65.2,0.9562,long_nclose,62.344240000000006,0.03753345289610177,37.0
1706180400000.0,560820,1706180400000.0,0.18010999999999944,-0.00418593,1661.2072225380152,1661.5117225380152,-21.7,0.9645,43.5,0.9562,long_nclose,41.5947,0.025038838885163915,25.0
1706181180000.0,560833,1706181180000.0,0.12034999999999962,-0.00279705,1661.3247754880151,1661.5915754880152,-14.5,0.9645,29.0,0.9562,long_nclose,27.7298,0.01669137811530822,13.0
1706181360000.0,560836,1706181360000.0,0.07967999999999975,-0.00185184,1661.4026036480152,1661.5791436480151,-9.6,0.9645,19.4,0.9562,long_nclose,18.55028,0.011165433326797689,3.0
1706181480000.0,560838,1706181480000.0,0.053119999999999834,-0.0012345600000000002,1661.4544890880152,1661.5701890880152,-6.4,0.9645,13.0,0.9562,long_nclose,12.4306,0.007481757749996059,2.0
1706181780000.0,560843,1706181780000.0,0.03568999999999989,-0.0008294700000000001,1661.489349618015,1661.567649618015,-4.3,0.9645,8.7,0.9562,long_nclose,8.31894,0.005006917439412156,5.0
1706182080000.0,560848,1706182080000.0,0.024069999999999925,-0.00055941,1661.512860208015,1661.562740208015,-2.9,0.9645,5.8,0.9562,long_nclose,5.54596,0.003337897727319226,5.0
1706183880000.0,560878,1706183880000.0,0.01576999999999995,-0.00036651,1661.5282636980148,1661.5610236980149,-1.9,0.9645,3.9,0.9562,long_nclose,3.72918,0.0022444276642637866,30.0
1706184240000.0,560884,1706184240000.0,0.010789999999999966,-0.00025077000000000004,1661.5388029280148,1661.5648029280148,-1.3,0.9645,2.6,0.9562,long_nclose,2.48612,0.0014962756184922572,6.0
1706184600000.0,560890,1706184600000.0,0.006639999999999979,-0.00015432000000000003,1661.5452886080147,1661.5604086080148,-0.8,0.9645,1.8,0.9562,long_nclose,1.72116,0.0010358790770258982,6.0
1706184900000.0,560895,1706184900000.0,0.0049799999999999844,-0.00011574,1661.5501528680147,1661.5616728680147,-0.6,0.9645,1.2,0.9562,long_nclose,1.14744,0.0006905840296300385,5.0
1706185860000.0,560911,1706185860000.0,0.0,-0.016385551999999998,1661.5337673160147,1661.4133273160148,85.6,0.9571,86.8,0.9570875576036866,long_ientry_partial,83.0752,0.04999910422175581,16.0
1706261820000.0,562177,1706261820000.0,0.05669000000000119,-0.004165098,1661.5862922180147,1661.7628722180148,-21.7,0.9597,65.1,0.9570875576036866,long_nclose,62.30639999999999,0.037498142763821525,1266.0
1706262060000.0,562181,1706262060000.0,0.042321566820277386,-0.003109428,1661.6255043568349,1661.7825927900146,-16.2,0.9597,48.9,0.9570875576036866,long_nclose,46.801581566820275,0.02816614299919268,4.0
1706262900000.0,562195,1706262900000.0,0.03187179723502371,-0.002341668,1661.6550344860698,1661.7729311220146,-12.2,0.9597,36.7,0.9570875576036866,long_nclose,35.1251133640553,0.021138631445797702,14.0
1706263800000.0,562210,1706263800000.0,0.023773225806452112,-0.0017466539999999998,1661.6770610578762,1661.7436444680145,-9.1,0.9597,27.6,0.9570875576036866,long_nclose,26.415616589861752,0.015896961695460086,15.0
1706263860000.0,562211,1706263860000.0,0.018025852534562594,-0.0013243860000000003,1661.6937625244107,1661.7416300820144,-6.9,0.9597,20.7,0.9570875576036866,long_nclose,19.81171244239631,0.011922601437883939,1.0
1706264160000.0,562216,1706264160000.0,0.013323456221198437,-0.000978894,1661.7061070866318,1661.7515411880142,-5.1,0.9597,15.6,0.9570875576036866,long_nclose,14.93056589861751,0.00898508216040342,5.0
1706265480000.0,562238,1706265480000.0,0.04322470046082998,-0.0010040160000000002,1661.7483277710926,1661.8399771720142,-5.2,0.9654,10.4,0.9570875576036866,long_nclose,9.95371059907834,0.005989902581956726,22.0
1706265600000.0,562240,1706265600000.0,0.028262304147465753,-0.0006564720000000001,1661.7759336032402,1661.8558207000144,-3.4,0.9654,7.0,0.9570875576036866,long_nclose,6.699612903225806,0.004031598224376129,2.0
1706266500000.0,562255,1706266500000.0,0.04904354838709685,-0.00067977,1661.8242973816273,1661.8764909300144,-3.5,0.9711,3.5,0.9570875576036866,long_nclose,3.349806451612903,0.0020157404467432945,15.0
1706267640000.0,562274,1706267640000.0,0.06899354838709698,-0.00068376,1661.8926071700146,1661.8926071700146,-3.5,0.9768,0.0,0.9570875576036866,long_nclose,0.0,0.0,19.0
1706423940000.0,564879,1706423940000.0,0.0,-0.016626560000000002,1661.8759806100145,1662.0253806100145,83.0,1.0016,83.0,1.0016,long_ientry_normal,83.1328,0.05002346803850247,2605.0
1706425800000.0,564910,1706425800000.0,0.057959999999998214,-0.004158215999999999,1661.9297823940146,1662.1104523940146,-20.7,1.0044,62.3,1.0016,long_nclose,62.39968,0.03754652011236785,31.0
1706426280000.0,564918,1706426280000.0,0.04339999999999866,-0.00311364,1661.9700687540146,1662.0917487540146,-15.5,1.0044,46.8,1.0016,long_nclose,46.87488,0.028204406855017718,8.0
1706426400000.0,564920,1706426400000.0,0.03275999999999899,-0.002350296,1662.0004784580146,1662.1022684580146,-11.7,1.0044,35.1,1.0016,long_nclose,35.15616,0.021152918098205055,2.0
1706426760000.0,564926,1706426760000.0,0.024359999999999247,-0.001747656,1662.0230908020146,1662.0996508020146,-8.7,1.0044,26.4,1.0016,long_nclose,26.442239999999998,0.01590967065760814,6.0
1706427060000.0,564931,1706427060000.0,0.0,-0.011338112000000001,1662.0117526900146,1662.0034526900147,56.6,1.0016,83.0,1.0016,long_ientry_partial,83.1328,0.05001938155097106,5.0
1706430180000.0,564983,1706430180000.0,0.057959999999998214,-0.004158215999999999,1662.0655544740148,1662.1963844740148,-20.7,1.0044,62.3,1.0016,long_nclose,62.39968,0.037543452983566164,52.0
1706430240000.0,564984,1706430240000.0,0.04339999999999866,-0.00311364,1662.1058408340148,1662.2556008340148,-15.5,1.0044,46.8,1.0016,long_nclose,46.87488,0.028202102927740766,1.0
1706430960000.0,564996,1706430960000.0,0.03275999999999899,-0.002350296,1662.1362505380148,1662.2380405380147,-11.7,1.0044,35.1,1.0016,long_nclose,35.15616,0.021151190215976785,12.0
1706431800000.0,565010,1706431800000.0,0.0,-0.009592454000000002,1662.1266580840147,1662.1244280840147,47.9,1.0013,83.0,1.0014268674698794,long_ientry_partial,83.11842999999999,0.050007278083015166,14.0
1706432220000.0,565017,1706432220000.0,0.0574038433734958,-0.004157388,1662.1799045393882,1662.3651306960146,-20.7,1.0042,62.3,1.0014268674698794,long_nclose,62.38889384337349,0.03753438100953475,7.0
1706432520000.0,565022,1706432520000.0,0.042983554216868836,-0.00311302,1662.219775073605,1662.3261576760146,-15.5,1.0042,46.8,1.0014268674698794,long_nclose,46.866777397590354,0.02819529529151164,5.0
1706432640000.0,565024,1706432640000.0,0.03244565060241067,-0.002349828,1662.2498708962073,1662.3682678480145,-11.7,1.0042,35.1,1.0014268674698794,long_nclose,35.15008304819277,0.021146088601734402,2.0
1706433000000.0,565030,1706433000000.0,0.024126253012048956,-0.001747308,1662.2722498412195,1662.3586605400146,-8.7,1.0042,26.4,1.0014268674698794,long_nclose,26.437669301204814,0.015904536277814987,6.0
1706434200000.0,565050,1706434200000.0,0.07720356626506107,-0.0017779520000000002,1662.3476754554845,1662.5566425880147,-8.8,1.0102,17.6,1.0014268674698794,long_nclose,17.62511286746988,0.010602543094747365,20.0
1706434380000.0,565053,1706434380000.0,0.05088416867469934,-0.001171832,1662.3973877921592,1662.5032707560147,-5.8,1.0102,11.8,1.0014268674698794,long_nclose,11.816837036144578,0.007108310637950771,3.0
1706438640000.0,565124,1706438640000.0,0.0865714819277115,-0.0011989980000000002,1662.4827602760868,1662.5722817580145,-5.9,1.0161,5.9,1.0014268674698794,long_nclose,5.908418518072289,0.003553972804560743,71.0
1706438820000.0,565127,1706438820000.0,0.042552084337349715,-0.000589338,1662.524723022424,1662.5711424200144,-2.9,1.0161,3.0,1.0014268674698794,long_nclose,3.0042806024096382,0.0018070592038763424,3.0
1706439900000.0,565145,1706439900000.0,0.022009698795180888,-0.00030483,1662.5464278912193,1662.5679875900146,-1.5,1.0161,1.5,1.0014268674698794,long_nclose,1.5021403012048191,0.0009035178061824956,18.0
1706441640000.0,565174,1706441640000.0,0.0,-0.016333724000000004,1662.5300941672192,1662.5826438660145,81.4,1.0033,82.9,1.0032661073727964,long_ientry_partial,83.17076030120482,0.050026619423611716,29.0
1706455800000.0,565410,1706455800000.0,0.056591577383114156,-0.00416484,1662.5825209046025,1662.9640490260144,-20.7,1.006,62.2,1.0032661073727964,long_nclose,62.40315187858794,0.037533867398434284,236.0
1706455800000.0,565410,1706455800000.0,0.18079157738311427,-0.00418968,1662.7591228019855,1663.0136793460144,-20.7,1.012,41.5,1.0032661073727964,long_nclose,41.63554345597105,0.025040033090186414,0.0
1706456640000.0,565424,1706456640000.0,0.028159094060196902,-0.00207236,1662.7852095360456,1662.8237069860143,-10.3,1.006,31.2,1.0032661073727964,long_nclose,31.301902550031247,0.01882498254766482,14.0
1706456760000.0,565426,1706456760000.0,0.021324362492187943,-0.0015693600000000001,1662.8049645385377,1662.9040376260143,-7.8,1.006,23.4,1.0032661073727964,long_nclose,23.476426912523436,0.014118569172686241,2.0
1706457000000.0,565430,1706457000000.0,0.015856577237780778,-0.0011669599999999999,1662.8196541557754,1662.8607306660142,-5.8,1.006,17.6,1.0032661073727964,long_nclose,17.65748348976122,0.010619000951565033,4.0
1706458500000.0,565455,1706458500000.0,0.012029127559695764,-0.0008852800000000001,1662.8307980033353,1662.8655653860144,-4.4,1.006,13.2,1.0032661073727964,long_nclose,13.243112617320913,0.00796419733939421,25.0
1706458680000.0,565458,1706458680000.0,0.009021845669771822,-0.00066396,1662.839155889005,1662.8592914260144,-3.3,1.006,9.9,1.0032661073727964,long_nclose,9.932334462990685,0.005973117981865512,3.0
1706458800000.0,565460,1706458800000.0,0.006561342305288598,-0.00048288000000000004,1662.8452343513104,1662.8732385460144,-2.4,1.006,7.5,1.0032661073727964,long_nclose,7.524495805295973,0.004525072838923185,2.0
1706458920000.0,565462,1706458920000.0,0.004921006728966448,-0.00036216,1662.8497931980394,1662.8659463860145,-1.8,1.006,5.7,1.0032661073727964,long_nclose,5.71861681202494,0.0034390459291134983,2.0
1706459880000.0,565478,1706459880000.0,0.003827449678085015,-0.00028168,1662.8533389677175,1662.8642347060145,-1.4,1.006,4.3,1.0032661073727964,long_nclose,4.314044261703025,0.0025943624495357717,16.0
1706460000000.0,565480,1706460000000.0,0.0027338926272035824,-0.0002012,1662.8558716603447,1662.8681935060144,-1.0,1.006,3.3,1.0032661073727964,long_nclose,3.310778154330228,0.0019910193124702083,2.0
1706462400000.0,565520,1706462400000.0,0.002187114101762866,-0.00016096000000000003,1662.8578978144467,1662.8657325460147,-0.8,1.006,2.5,1.0032661073727964,long_nclose,2.5081652684319913,0.0015083461261052806,40.0
1706463060000.0,565531,1706463060000.0,0.0,-0.01612898,1662.8417688344466,1662.8049035660147,80.5,1.0018,83.0,1.0018441598606265,long_ientry_partial,83.153065268432,0.050006601245479516,11.0
1706464560000.0,565556,1706464560000.0,0.05704589088503076,-0.004159044,1662.8946556813316,1663.1037245220145,-20.7,1.0046,62.3,1.0018441598606265,long_nclose,62.41489115931703,0.03753388162387473,25.0
1706464740000.0,565559,1706464740000.0,0.04271552216028873,-0.0031142599999999998,1662.9342569434918,1663.0445102620145,-15.5,1.0046,46.8,1.0018441598606265,long_nclose,46.886306681477315,0.028194925016251295,3.0
1706464800000.0,565560,1706464800000.0,0.03224332963066956,-0.002350764,1662.9641495091225,1663.0714094980146,-11.7,1.0046,35.1,1.0018441598606265,long_nclose,35.16473001110799,0.021145813649373017,1.0
1706465880000.0,565578,1706465880000.0,0.0,-0.009598202,1662.9545513071225,1662.8735112960146,47.9,1.0019,83.0,1.0018763856759998,long_ientry_partial,83.15574001110798,0.05000481819887714,18.0
1706467380000.0,565603,1706467380000.0,0.05844881650680278,-0.0041594579999999996,1663.0088406656294,1663.1909818380145,-20.7,1.0047,62.3,1.0018763856759998,long_nclose,62.41689882761479,0.03753251173495389,25.0
1706467500000.0,565605,1706467500000.0,0.04376602202200208,-0.00311457,1663.0494921176514,1663.1582372680145,-15.5,1.0047,46.8,1.0018763856759998,long_nclose,46.88781484963679,0.02819387821701685,2.0
1706467620000.0,565607,1706467620000.0,0.0,-0.007252308000000001,1663.0422398096514,1662.9758849600146,36.2,1.0017,83.0,1.0017994560197203,long_ientry_partial,83.14935484963678,0.04999834211015223,2.0
1706469060000.0,565631,1706469060000.0,0.05797126039178822,-0.004159044,1663.096052026043,1663.3265959160144,-20.7,1.0046,62.3,1.0017994560197203,long_nclose,62.412106110028574,0.037527661757116144,24.0
1706469540000.0,565639,1706469540000.0,0.04340843169433417,-0.0031142599999999998,1663.1363461977373,1663.2814516560145,-15.5,1.0046,46.8,1.0017994560197203,long_nclose,46.884214541722905,0.02819024107609073,8.0
1706469660000.0,565641,1706469660000.0,0.0327663645692716,-0.002350764,1663.1667617983064,1663.2404908920143,-11.7,1.0046,35.1,1.0017994560197203,long_nclose,35.163160906292184,0.021142294154719556,2.0
1706469720000.0,565642,1706469720000.0,0.024364732628432726,-0.001748004,1663.1893785269347,1663.265952888014,-8.7,1.0046,26.4,1.0017994560197203,long_nclose,26.447505638920614,0.0159016802177662,1.0
1706470140000.0,565649,1706470140000.0,0.01848359026984552,-0.001326072,1663.2065360452045,1663.265946816014,-6.6,1.0046,19.8,1.0017994560197203,long_nclose,19.835629229190463,0.011926137132887834,7.0
1706470500000.0,565655,1706470500000.0,0.0,-0.012661488000000002,1663.1938745572045,1663.191905328014,63.2,1.0017,83.0,1.0017237256528972,long_ientry_partial,83.14306922919047,0.04999000447336654,6.0
1706471100000.0,565665,1706471100000.0,0.05746887898502595,-0.00415863,1663.2471848061896,1662.853216698014,-20.7,1.0045,62.3,1.0017237256528972,long_nclose,62.407388108175496,0.03752141514398387,10.0
1706471160000.0,565666,1706471160000.0,0.0,-0.004220496,1663.2429643101896,1663.007646202014,21.2,0.9954,83.5,1.0001181809362336,long_ientry_partial,83.50986810817551,0.05020906139399198,1.0
1706471520000.0,565672,1706471520000.0,0.057861836526338806,-0.004172064,1663.296654082716,1663.3958341380142,-20.8,1.0029,62.7,1.0001181809362336,long_nclose,62.70740994470185,0.03770067702041045,6.0
1706471700000.0,565675,1706471700000.0,0.0,-0.0040660900000000005,1663.292587992716,1663.2879280480142,20.3,1.0015,83.0,1.0004561439120705,long_ientry_partial,83.03785994470185,0.04992378403183595,3.0
1706472300000.0,565685,1706472300000.0,0.05679782102014266,-0.004153248,1663.3452325657363,1663.5348648000142,-20.7,1.0032,62.3,1.0004561439120705,long_nclose,62.32841776572199,0.03747172658172676,10.0
1706472420000.0,565687,1706472420000.0,0.042529769362908754,-0.0031099200000000004,1663.3846524150993,1663.4849848800143,-15.5,1.0032,46.8,1.0004561439120705,long_nclose,46.8213475350849,0.028148238272551154,2.0
1706472540000.0,565689,1706472540000.0,0.0,-0.007270164,1663.3773822510993,1663.3135247160144,36.3,1.0014,83.1,1.0008684420587834,long_ientry_partial,83.1721675350849,0.050001982967043515,2.0
1706473800000.0,565710,1706473800000.0,0.05654324938318362,-0.004154904,1663.4297705964825,1663.6002198120145,-20.7,1.0036,62.4,1.0008684420587834,long_nclose,62.45419078446808,0.03754543286914535,21.0
1706473860000.0,565711,1706473860000.0,0.042612303882978965,-0.0031312320000000003,1663.4692516683656,1663.6813285800145,-15.6,1.0036,46.8,1.0008684420587834,long_nclose,46.840643088351065,0.028158406319427034,1.0
1706474100000.0,565715,1706474100000.0,0.03195922791223422,-0.002348424,1663.4988624722778,1663.6052701560145,-11.7,1.0036,35.1,1.0008684420587834,long_nclose,35.1304823162633,0.02111842881819148,4.0
1706474760000.0,565726,1706474760000.0,0.10215922791223428,-0.002362464,1663.5986592361899,1663.7912776920143,-11.7,1.0096,23.4,1.0008684420587834,long_nclose,23.420321544175533,0.014078107970421505,11.0
1706474820000.0,565727,1706474820000.0,0.06810615194148952,-0.001574976,1663.6651904121313,1663.8014027160143,-7.8,1.0096,15.6,1.0008684420587834,long_nclose,15.61354769611702,0.009385029984458084,1.0
1706474940000.0,565729,1706474940000.0,0.04540410129432635,-0.0010499840000000001,1663.7095445294256,1663.8034727320141,-5.2,1.0096,10.4,1.0008684420587834,long_nclose,10.409031797411348,0.006256519854465045,2.0
1706475060000.0,565731,1706475060000.0,0.029687297000136458,-0.000686528,1663.7385452984258,1663.7947662040144,-3.4,1.0096,7.0,1.0008684420587834,long_nclose,7.006079094411485,0.004211045728434932,2.0
1706475120000.0,565732,1706475120000.0,0.02008258326479819,-0.00046441600000000005,1663.7581634656906,1663.7992017880142,-2.3,1.0096,4.7,1.0008684420587834,long_nclose,4.704081677676283,0.002827383078245848,1.0
1706475240000.0,565734,1706475240000.0,0.013097336911824908,-0.00030288000000000005,1663.7709579226025,1663.7988989080145,-1.5,1.0096,3.2,1.0008684420587834,long_nclose,3.202779014588107,0.0019250119731547197,2.0
1706475300000.0,565735,1706475300000.0,0.008731557941216606,-0.00020192000000000002,1663.7794875605437,1663.7986969880144,-1.0,1.0096,2.2,1.0008684420587834,long_nclose,2.2019105725293238,0.0013234389466826493,1.0
1706475360000.0,565736,1706475360000.0,0.0061120905588516235,-0.000141344,1663.7854583071025,1663.8018556440143,-0.7,1.0096,1.5,1.0008684420587834,long_nclose,1.5013026630881752,0.0009023414981735366,1.0
1706475720000.0,565742,1706475720000.0,0.010312090558851628,-0.000142184,1663.7956282136615,1663.8096534600145,-0.7,1.0156,0.8,1.0008684420587834,long_nclose,0.8006947536470268,0.0004812458574053923,6.0
1706475960000.0,565746,1706475960000.0,0.0165052463529733,-0.00016344000000000005,1663.8119700200145,1663.8119700200145,-0.8,1.0215,0.0,1.0008684420587834,long_nclose,0.0,0.0,4.0
1706487720000.0,565942,1706487720000.0,0.0,-0.016646112000000005,1663.7953239080146,1663.7208039080144,82.8,1.0052,82.8,1.0052,long_ientry_normal,83.23056000000001,0.05002451852341036,196.0
1706488020000.0,565947,1706488020000.0,0.057959999999998214,-0.004173120000000001,1663.8491107880147,1664.1720307880148,-20.7,1.008,62.1,1.0052,long_nclose,62.422920000000005,0.03751717604394783,5.0
1706488800000.0,565960,1706488800000.0,0.04339999999999866,-0.0031248,1663.8893859880147,1664.0571459880148,-15.5,1.008,46.6,1.0052,long_nclose,46.84232000000001,0.028152304110158812,13.0
1706488920000.0,565962,1706488920000.0,0.032479999999998996,-0.00233856,1663.9195274280148,1664.0490274280148,-11.6,1.008,35.0,1.0052,long_nclose,35.182,0.021144051391945733,2.0
1706489160000.0,565966,1706489160000.0,0.0,-0.009610668000000001,1663.9099167600148,1663.9382567600148,47.8,1.0053,82.8,1.0052577294685991,long_ientry_partial,83.23534000000001,0.05002394610525362,4.0
1706492220000.0,566017,1706492220000.0,0.056764999999997776,-0.004173120000000001,1663.962508640015,1664.1514336400148,-20.7,1.008,62.1,1.0052577294685991,long_nclose,62.426505000000006,0.03751677377095609,51.0
1706492520000.0,566022,1706492520000.0,0.0,-0.0041611140000000005,1663.958347526015,1663.956832526015,20.7,1.0051,82.8,1.0052182971014494,long_ientry_partial,83.23207500000001,0.05002052793193414,5.0
1706494260000.0,566051,1706494260000.0,0.05758124999999783,-0.004173120000000001,1664.0117556560149,1664.2217594060148,-20.7,1.008,62.1,1.0052182971014494,long_nclose,62.42405625000001,0.037514191854606305,29.0
1706494920000.0,566062,1706494920000.0,0.18178124999999792,-0.00419796,1664.189338946015,1664.490801446015,-20.7,1.014,41.4,1.0052182971014494,long_nclose,41.616037500000004,0.025006792512177006,11.0
1706494980000.0,566063,1706494980000.0,0.12118749999999863,-0.0027986400000000007,1664.3077278060148,1664.5390628060147,-13.8,1.014,27.6,1.0052182971014494,long_nclose,27.744025000000004,0.016670009119391496,1.0
1706496300000.0,566085,1706496300000.0,0.019193749999999277,-0.00139104,1664.3255305160146,1664.3727617660147,-6.9,1.008,20.7,1.0052182971014494,long_nclose,20.808018750000002,0.012502373104586453,22.0
1706496360000.0,566086,1706496360000.0,0.01418668478260816,-0.00102816,1664.3386890407971,1664.3758436060145,-5.1,1.008,15.6,1.0052182971014494,long_nclose,15.68140543478261,0.009422003789276942,1.0
1706496540000.0,566089,1706496540000.0,0.010848641304347416,-0.00078624,1664.3487514421015,1664.3953373660145,-3.9,1.008,11.7,1.0052182971014494,long_nclose,11.761054076086957,0.00706646011894827,3.0
1706497860000.0,566111,1706497860000.0,0.008066938405796796,-0.00058464,1664.3562337405074,1664.3824727260146,-2.9,1.008,8.8,1.0052182971014494,long_nclose,8.845921014492756,0.005314920469046616,22.0
1706498100000.0,566115,1706498100000.0,0.006119746376811364,-0.00044352000000000004,1664.361909966884,1664.3815892060145,-2.2,1.008,6.6,1.0052182971014494,long_nclose,6.634440760869565,0.00398617675707417,4.0
1706499000000.0,566130,1706499000000.0,0.019319746376811376,-0.0004461600000000001,1664.380783553261,1664.4185430460145,-2.2,1.014,4.4,1.0052182971014494,long_nclose,4.422960507246378,0.002657421036671589,15.0
1706499060000.0,566131,1706499060000.0,0.012294384057970875,-0.00028392,1664.392794017319,1664.4152391260145,-1.4,1.014,3.0,1.0052182971014494,long_nclose,3.015654891304348,0.00181186490481343,1.0
1706499480000.0,566138,1706499480000.0,0.008781702898550625,-0.00020280000000000002,1664.4013729202177,1664.4185363260149,-1.0,1.014,2.0,1.0052182971014494,long_nclose,2.0104365942028988,0.0012079037105548387,7.0
1706499540000.0,566139,1706499540000.0,0.0052690217391303746,-0.00012168,1664.406520261957,1664.419794646015,-0.6,1.014,1.4,1.0052182971014494,long_nclose,1.407305615942029,0.0008455299824952239,1.0
1706500860000.0,566161,1706500860000.0,0.0008345108695651859,-6.0480000000000004e-05,1664.4072942928265,1664.4096941660148,-0.3,1.008,1.1,1.0052182971014494,long_nclose,1.1057401268115945,0.0006643446772933072,22.0
1706500920000.0,566162,1706500920000.0,0.000556340579710124,-4.032e-05,1664.4078103134063,1664.409593846015,-0.2,1.008,0.9,1.0052182971014494,long_nclose,0.9046964673913045,0.0005435545674475963,1.0
1706501040000.0,566164,1706501040000.0,0.0,-0.016453252,1664.3913570614063,1664.350440594015,81.8,1.0057,82.7,1.0056947577677304,long_ientry_partial,83.1709564673913,0.04997079329601613,2.0
1706526900000.0,566595,1706526900000.0,0.05778798998475217,-0.004155020000000001,1664.444990031391,1664.6316155740149,-20.6,1.0085,62.1,1.0056947577677304,long_nclose,62.45364445737606,0.03752220399677985,431.0
1706527680000.0,566608,1706527680000.0,0.0434812546001776,-0.00312635,1664.4853449359912,1664.6347092240148,-15.5,1.0085,46.6,1.0056947577677304,long_nclose,46.86537571197624,0.028156075903316816,13.0
1706527800000.0,566610,1706527800000.0,0.03254080989432646,-0.00233972,1664.5155460258854,1664.620729504015,-11.6,1.0085,35.0,1.0056947577677304,long_nclose,35.199316521870564,0.021146883611817685,2.0
1706530080000.0,566648,1706530080000.0,0.024405607420744845,-0.00175479,1664.5381968433062,1664.633014714015,-8.7,1.0085,26.3,1.0056947577677304,long_nclose,26.44977212929131,0.01589015630848945,38.0
1706530260000.0,566651,1706530260000.0,0.018234074509751896,-0.00131105,1664.555119867816,1664.616603664015,-6.5,1.0085,19.8,1.0056947577677304,long_nclose,19.912756203801063,0.011962809741850036,3.0
1706530500000.0,566655,1706530500000.0,0.013745686938120661,-0.0009883300000000002,1664.5678772247543,1664.5977553340151,-4.9,1.0085,14.9,1.0056947577677304,long_nclose,14.984851890739185,0.009002247427556174,4.0
1706530560000.0,566656,1706530560000.0,0.010379396259397234,-0.00074629,1664.5775103310136,1664.614529044015,-3.7,1.0085,11.2,1.0056947577677304,long_nclose,11.26378128699858,0.0067667508524482545,1.0
1706530920000.0,566662,1706530920000.0,0.007854678250354663,-0.00056476,1664.584800249264,1664.609204284015,-2.8,1.0085,8.4,1.0056947577677304,long_nclose,8.447835965248936,0.005075040913496213,6.0
1706531940000.0,566679,1706531940000.0,0.0,-0.014963904000000004,1664.5698363452639,1664.510510380015,74.7,1.0016,83.1,1.0020139105324783,long_ientry_partial,83.26735596524894,0.050023347862695314,17.0
1706543400000.0,566870,1706543400000.0,0.05767205197769647,-0.004159871999999999,1664.6233485252417,1664.828400508015,-20.7,1.0048,62.4,1.0020139105324783,long_nclose,62.52566801722665,0.03756145080664687,191.0
1706543640000.0,566874,1706543640000.0,0.18275066092444875,-0.004204928,1664.8018942581662,1665.184035580015,-20.8,1.0108,41.6,1.0020139105324783,long_nclose,41.6837786781511,0.02503828162492892,4.0
1706544120000.0,566882,1706544120000.0,0.3054706609244491,-0.004229472,1665.1031354470906,1665.3919661080151,-20.8,1.0167,20.8,1.0020139105324783,long_nclose,20.84188933907555,0.012516875919208074,8.0
1706544900000.0,566895,1706544900000.0,0.060624017325898866,-0.001394904,1665.1623645604163,1665.2900512040148,-6.9,1.0108,13.9,1.0020139105324783,long_nclose,13.92799335640145,0.008364345515386592,13.0
1706545200000.0,566900,1706545200000.0,0.10133401732589897,-0.001403046,1665.2622955317422,1665.3636981580148,-6.9,1.0167,7.0,1.0020139105324783,long_nclose,7.014097373727348,0.004212007557336573,5.0
1706545260000.0,566901,1706545260000.0,0.051401313136325566,-0.00071169,1665.3129851548786,1665.3654364680149,-3.5,1.0167,3.5,1.0020139105324783,long_nclose,3.507048686863674,0.0021059396750800624,1.0
1706546280000.0,566918,1706546280000.0,0.07240131313632558,-0.00071589,1665.384670578015,1665.384670578015,-3.5,1.0227,0.0,1.0020139105324783,long_nclose,0.0,0.0,17.0
1706620440000.0,568154,1706620440000.0,0.0,-0.016662576,1665.368008002015,1665.351848002015,80.8,1.0311,80.8,1.0311,long_ientry_normal,83.31287999999999,0.05002670857112994,1236.0
1706620800000.0,568160,1706620800000.0,0.05858000000000252,-0.004177360000000001,1665.4224106420147,1665.5799706420148,-20.2,1.034,60.6,1.0311,long_nclose,62.48466,0.0375188058000927,6.0
1706620980000.0,568163,1706620980000.0,0.04379000000000188,-0.00312268,1665.4630779620147,1665.6314279620146,-15.1,1.034,45.5,1.0311,long_nclose,46.915049999999994,0.028169372603209408,3.0
1706621820000.0,568177,1706621820000.0,0.1359000000000018,-0.003141102,1665.5958368600147,1665.8238368600148,-15.1,1.0401,30.4,1.0311,long_nclose,31.345439999999996,0.01881935539602002,14.0
1706622180000.0,568183,1706622180000.0,0.0909000000000012,-0.0021010020000000003,1665.6846358580146,1665.8713958580147,-10.1,1.0401,20.3,1.0311,long_nclose,20.93133,0.012566202238647663,6.0
1706622900000.0,568195,1706622900000.0,0.0603000000000008,-0.0013937340000000002,1665.7435421240148,1665.8809021240147,-6.7,1.0401,13.6,1.0311,long_nclose,14.022959999999998,0.008418438760458353,12.0
1706623260000.0,568201,1706623260000.0,0.040500000000000536,-0.0009360900000000001,1665.7831060340147,1665.8404360340148,-4.5,1.0401,9.1,1.0311,long_nclose,9.383009999999999,0.005632792148036349,6.0
1706623560000.0,568206,1706623560000.0,0.006380000000000275,-0.0004549600000000001,1665.7890310740147,1665.8173210740147,-2.2,1.034,6.9,1.0311,long_nclose,7.11459,0.004271003030565569,5.0
1706624100000.0,568215,1706624100000.0,0.020700000000000274,-0.00047844600000000005,1665.8092526280147,1665.8543326280148,-2.3,1.0401,4.6,1.0311,long_nclose,4.743059999999999,0.002847300789401458,9.0
1706624280000.0,568218,1706624280000.0,0.03473000000000026,-0.00048125200000000005,1665.8435013760147,1665.8736313760148,-2.3,1.0462,2.3,1.0311,long_nclose,2.3715299999999995,0.0014236211252984304,3.0
1706624700000.0,568225,1706624700000.0,0.016610000000000125,-0.00023016400000000004,1665.8598812120147,1665.8778812120147,-1.1,1.0462,1.2,1.0311,long_nclose,1.2373199999999998,0.0007427515446856034,7.0
1706624760000.0,568226,1706624760000.0,0.009060000000000068,-0.000125544,1665.8688156680148,1665.8781756680148,-0.6,1.0462,0.6,1.0311,long_nclose,0.6186599999999999,0.0003713737805650181,1.0
1706625180000.0,568233,1706625180000.0,0.004530000000000034,-6.2772e-05,1665.8732828960146,1665.8778128960146,-0.3,1.0462,0.3,1.0311,long_nclose,0.30932999999999994,0.00018568639234206903,7.0
1706625240000.0,568234,1706625240000.0,0.0015100000000000113,-2.0924e-05,1665.8747719720147,1665.8775119720146,-0.1,1.0462,0.2,1.0311,long_nclose,0.20622,0.00012379081757501055,1.0
1706625720000.0,568242,1706625720000.0,0.0009000000000000119,-2.0802000000000002e-05,1665.8756511700146,1665.8766311700147,-0.1,1.0401,0.1,1.0311,long_nclose,0.10311,6.189537612100969e-05,8.0
1706626020000.0,568247,1706626020000.0,0.0009000000000000119,-2.0802000000000002e-05,1665.8765303680145,1665.8765303680145,-0.1,1.0401,0.0,1.0311,long_nclose,0.0,0.0,5.0
1706635320000.0,568402,1706635320000.0,0.0,-0.016655183999999996,1665.8598751840145,1665.8437551840145,80.6,1.0332,80.6,1.0332,long_ientry_normal,83.27591999999999,0.04998975078309101,155.0
1706660280000.0,568818,1706660280000.0,0.0,-0.0228542,1665.8370209840145,1662.7072509840145,114.5,0.998,195.1,1.0125418759610456,long_rentry,197.54692,0.11858718320673921,416.0
1706695320000.0,569402,1706695320000.0,0.0,-0.054073294000000015,1665.7829476900145,1659.6811576900143,277.1,0.9757,472.2,0.9909220457433292,long_rentry,467.91339000000005,0.2808969743920527,584.0
1706859900000.0,572145,1706859900000.0,0.32779860228715707,-0.02345132,1666.0872949723016,1667.2483463700144,-118.0,0.9937,354.2,0.9909220457433292,long_nclose,350.9845886022872,0.21066398481126541,2743.0
1706860020000.0,572147,1706860020000.0,0.2458489517153678,-0.017588490000000002,1666.315555434017,1667.1067978800143,-88.5,0.9937,265.7,0.9909220457433292,long_nclose,263.28798755400254,0.1580060791579331,2.0
1706860260000.0,572151,1706860260000.0,0.18445616264294265,-0.013196336000000003,1666.4868152606598,1666.9806715440143,-66.4,0.9937,199.3,0.9909220457433292,long_nclose,197.49076371664552,0.1185072464469246,4.0
1706860380000.0,572153,1706860380000.0,0.13834212198220697,-0.009897252,1666.6152601306421,1666.9408642920143,-49.8,0.9937,149.5,0.9909220457433292,long_nclose,148.14284583862772,0.08888844917153534,2.0
1706860620000.0,572157,1706860620000.0,0.10361769377382167,-0.007413002,1666.711464822416,1667.0343712900144,-37.3,0.9937,112.2,0.9909220457433292,long_nclose,111.18145353240153,0.06670707910696927,4.0
1706862300000.0,572185,1706862300000.0,0.07778271918678303,-0.00556472,1666.783682821603,1666.9839065700146,-28.0,0.9937,84.2,0.9909220457433292,long_nclose,83.43563625158832,0.05005786720346632,28.0
1706862360000.0,572186,1706862360000.0,0.058337039390087275,-0.00417354,1666.837846320993,1666.9565330300147,-21.0,0.9937,63.2,0.9909220457433292,long_nclose,62.62627329097841,0.03757190504715603,1.0
1706862540000.0,572189,1706862540000.0,0.043891677255399,-0.0031400920000000006,1666.8785979062486,1667.0339729380148,-15.8,0.9937,47.4,0.9909220457433292,long_nclose,46.969704968233806,0.028178239871357178,3.0
1706862660000.0,572191,1706862660000.0,0.03277986022871571,-0.002345132,1666.9090326344772,1667.0364078060147,-11.8,0.9937,35.6,0.9909220457433292,long_nclose,35.27682482846252,0.021163017379964063,2.0
1706870640000.0,572324,1706870640000.0,0.02472379288437032,-0.001768786,1666.9319876413615,1666.9981490200146,-8.9,0.9937,26.7,0.9909220457433292,long_nclose,26.45761862134689,0.015872044461024054,133.0
1706870760000.0,572326,1706870760000.0,0.01833449809402743,-0.001311684,1666.9490104554554,1667.0550973360146,-6.6,0.9937,20.1,0.9909220457433292,long_nclose,19.917533119440918,0.011948495721533144,2.0
1706873760000.0,572376,1706873760000.0,0.013889771283354113,-0.0009937000000000001,1666.9619065267389,1666.9902636360146,-5.0,0.9937,15.1,0.9909220457433292,long_nclose,14.96292289072427,0.008976163661652492,50.0
1706874060000.0,572381,1706874060000.0,0.010278430749682044,-0.0007353380000000001,1666.9714496194886,1667.0076782980145,-3.7,0.9937,11.4,0.9909220457433292,long_nclose,11.296511321473954,0.006776667545237534,5.0
1706874360000.0,572386,1706874360000.0,0.0077782719186783025,-0.000556472,1666.9786714194072,1667.0060018260147,-2.8,0.9937,8.6,0.9909220457433292,long_nclose,8.521929593392631,0.005112200737479344,5.0
1706874600000.0,572390,1706874600000.0,0.0058337039390087275,-0.00041735400000000004,1666.9840877693462,1667.0008444720145,-2.1,0.9937,6.5,0.9909220457433292,long_nclose,6.44099329733164,0.0038638600959596285,4.0
1706874840000.0,572394,1706874840000.0,0.004444726810673316,-0.00031798400000000005,1666.9882145121567,1667.0018264880143,-1.6,0.9937,4.9,0.9909220457433292,long_nclose,4.855518024142313,0.0029127488616128446,4.0
1706874900000.0,572395,1706874900000.0,0.003333545108004987,-0.000238488,1666.9913095692648,1667.0045480000144,-1.2,0.9937,3.7,0.9909220457433292,long_nclose,3.666411569250318,0.0021994185261815704,1.0
1706875200000.0,572400,1706875200000.0,0.0025001588310037404,-0.00017886600000000002,1666.9936308620959,1667.0000091340146,-0.9,0.9937,2.8,0.9909220457433292,long_nclose,2.7745817280813214,0.0016644225129081205,5.0
1706875980000.0,572413,1706875980000.0,0.0019445679796695756,-0.000139118,1666.9954363120755,1667.0021100160145,-0.7,0.9937,2.1,0.9909220457433292,long_nclose,2.0809362960609916,0.0012483155326835718,13.0
1706880660000.0,572491,1706880660000.0,0.0,-0.016260636000000002,1666.9791756760756,1667.0838493800145,82.6,0.9843,84.7,0.9844641829523137,long_ientry_partial,83.38411629606098,0.050021090552761674,78.0
1706882940000.0,572529,1706882940000.0,0.0577257397061792,-0.004165984,1667.0327354317817,1667.2258133960145,-21.1,0.9872,63.6,0.9844641829523137,long_nclose,62.61192203576716,0.03755890373655434,38.0
1706883300000.0,572535,1706883300000.0,0.04349949105821086,-0.003139296,1667.0730956268399,1667.1988241000145,-15.9,0.9872,47.7,0.9844641829523137,long_nclose,46.95894152682537,0.028168495820615612,6.0
1706883600000.0,572540,1706883600000.0,0.03255622286746599,-0.002349536,1667.1033023137072,1667.2119845640143,-11.9,0.9872,35.8,0.9844641829523137,long_nclose,35.24381774969283,0.021140752166215086,5.0
1706884140000.0,572549,1706884140000.0,0.024348771724407338,-0.001757216,1667.1258938694316,1667.2075573480145,-8.9,0.9872,26.9,0.9844641829523137,long_nclose,26.482086521417237,0.01588487505280828,9.0
1706885220000.0,572567,1706885220000.0,0.07685877172440748,-0.0017677180000000002,1667.2009849231558,1667.3726296300142,-8.9,0.9931,18.0,0.9844641829523137,long_nclose,17.720355293141647,0.01062880567693427,18.0
1706886240000.0,572584,1706886240000.0,0.051814902286117404,-0.00119172,1667.251608105442,1667.3600379100144,-6.0,0.9931,12.0,0.9844641829523137,long_nclose,11.813570195427765,0.007085655301212725,17.0
1706886420000.0,572587,1706886420000.0,0.034543268190744936,-0.0007944800000000001,1667.2853568936328,1667.3648434300142,-4.0,0.9931,8.0,0.9844641829523137,long_nclose,7.87571346361851,0.004723674583391038,3.0
1706886840000.0,572594,1706886840000.0,0.02245312432398421,-0.0005164120000000001,1667.3072936059566,1667.354467018014,-2.6,0.9931,5.4,0.9844641829523137,long_nclose,5.316106587942494,0.0031884383930481847,7.0
1706886960000.0,572596,1706886960000.0,0.015544470685835221,-0.000357516,1667.3224805606426,1667.3557295020144,-1.8,0.9931,3.6,0.9844641829523137,long_nclose,3.5440710586283295,0.002125606233916203,2.0
1706887140000.0,572599,1706887140000.0,0.01036298045722348,-0.00023834399999999998,1667.3326051970998,1667.3533311580143,-1.2,0.9931,2.4,0.9844641829523137,long_nclose,2.362714039085553,0.001417062217652878,3.0
1706887800000.0,572610,1706887800000.0,0.0069086536381489875,-0.00015889600000000003,1667.3393549547382,1667.3539722620144,-0.8,0.9931,1.6,0.9844641829523137,long_nclose,1.575142692723702,0.00094470432071488,11.0
1706888280000.0,572618,1706888280000.0,0.004317908523843117,-9.931000000000001e-05,1667.343573553262,1667.3540629520146,-0.5,0.9931,1.1,0.9844641829523137,long_nclose,1.0829106012475451,0.0006494825772109844,8.0
1706889660000.0,572641,1706889660000.0,0.007217908523843131,-9.989000000000001e-05,1667.350691571786,1667.3594730620146,-0.5,0.9989,0.6,0.9844641829523137,long_nclose,0.5906785097713882,0.00035426171156264954,23.0
1706889900000.0,572645,1706889900000.0,0.0043307451143058786,-5.9934e-05,1667.3549623829,1667.3594731280143,-0.3,0.9989,0.3,0.9844641829523137,long_nclose,0.2953392548856941,0.00017713040207323946,4.0
1706890860000.0,572661,1706890860000.0,0.0008635817047686234,-1.9862000000000004e-05,1667.355806102605,1667.3574132660144,-0.1,0.9931,0.2,0.9844641829523137,long_nclose,0.19689283659046275,0.00011808687496083632,16.0
1706890920000.0,572662,1706890920000.0,0.0008635817047686234,-1.9862000000000004e-05,1667.3566498223097,1667.3576334040145,-0.1,0.9931,0.1,0.9844641829523137,long_nclose,0.09844641829523137,5.9043407603120076e-05,1.0
1706891160000.0,572666,1706891160000.0,0.0008635817047686234,-1.9862000000000004e-05,1667.3574935420145,1667.3574935420145,-0.1,0.9931,0.0,0.9844641829523137,long_nclose,0.0,0.0,4.0
1706896680000.0,572758,1706896680000.0,0.0,-0.016670160000000003,1667.3408233820144,1667.3323733820143,84.5,0.9864,84.5,0.9864,long_ientry_normal,83.3508,0.04999025923861939,92.0
1706897820000.0,572777,1706897820000.0,0.05696999999999842,-0.0041740020000000004,1667.3936193800146,1667.5394393800145,-21.1,0.9891,63.4,0.9864,long_nclose,62.53776,0.03750629681745655,19.0
1706898660000.0,572791,1706898660000.0,0.0,-0.004162608000000001,1667.3894567720147,1667.3556567720148,21.1,0.9864,84.5,0.9864,long_ientry_partial,83.3508,0.04998880115348883,14.0
1706898900000.0,572795,1706898900000.0,0.05696999999999842,-0.0041740020000000004,1667.4422527700149,1667.594412770015,-21.1,0.9891,63.4,0.9864,long_nclose,62.53776,0.03750520289150046,4.0
1706899140000.0,572799,1706899140000.0,0.0,-0.004162608000000001,1667.438090162015,1667.421190162015,21.1,0.9864,84.5,0.9864,long_ientry_partial,83.3508,0.049987343153412855,4.0
1706903520000.0,572872,1706903520000.0,0.05696999999999842,-0.0041740020000000004,1667.4908861600152,1667.6810861600152,-21.1,0.9891,63.4,0.9864,long_nclose,62.53776,0.0375041090293544,73.0
1706903640000.0,572874,1706903640000.0,0.04265999999999881,-0.0031255560000000003,1667.5304206040153,1667.6779806040154,-15.8,0.9891,47.6,0.9864,long_nclose,46.95264,0.02815699157259917,2.0
1706904000000.0,572880,1706904000000.0,0.032129999999999104,-0.002354058,1667.5601965460153,1667.6494465460153,-11.9,0.9891,35.7,0.9864,long_nclose,35.21448,0.021117366601181214,6.0
1706904060000.0,572881,1706904060000.0,0.02402999999999933,-0.001760598,1667.5824659480154,1667.6494659480154,-8.9,0.9891,26.8,0.9864,long_nclose,26.435520000000004,0.015852601319462478,1.0
1706904120000.0,572882,1706904120000.0,0.018089999999999495,-0.0013253940000000001,1667.5992305540153,1667.6756105540153,-6.7,0.9891,20.1,0.9864,long_nclose,19.82664,0.011889331463299567,1.0
1706904720000.0,572892,1706904720000.0,0.013499999999999623,-0.0009891000000000001,1667.6117414540154,1667.6570414540154,-5.0,0.9891,15.1,0.9864,long_nclose,14.89464,0.008931719314360993,10.0
1706907720000.0,572942,1706907720000.0,0.042999999999999705,-0.000995,1667.6537464540152,1667.7385864540151,-5.0,0.995,10.1,0.9864,long_nclose,9.96264,0.005974045884035506,50.0
1706907780000.0,572943,1706907780000.0,0.028379999999999805,-0.0006567,1667.681469754015,1667.7406297540151,-3.3,0.995,6.8,0.9864,long_nclose,6.707520000000001,0.004022063038806426,1.0
1706908080000.0,572948,1706908080000.0,0.01891999999999987,-0.0004378,1667.699951954015,1667.739971954015,-2.2,0.995,4.6,0.9864,long_nclose,4.53744,0.0027207771965715778,5.0
1706908260000.0,572951,1706908260000.0,0.012899999999999912,-0.0002985,1667.7125534540148,1667.7395234540147,-1.5,0.995,3.1,0.9864,long_nclose,3.05784,0.001833553386443533,3.0
1706909220000.0,572967,1706909220000.0,0.008599999999999941,-0.000199,1667.7209544540146,1667.7400644540146,-1.0,0.995,2.1,0.9864,long_nclose,2.0714400000000004,0.001242078295213456,16.0
1706909700000.0,572975,1706909700000.0,0.0060199999999999585,-0.0001393,1667.7268351540147,1667.7411151540148,-0.7,0.995,1.4,0.9864,long_nclose,1.38096,0.0008280492769503635,8.0
1706910720000.0,572992,1706910720000.0,0.0034399999999999765,-7.960000000000001e-05,1667.7301955540147,1667.7388955540148,-0.4,0.995,1.0,0.9864,long_nclose,0.9864,0.0005914625774778402,17.0
1706910900000.0,572995,1706910900000.0,0.002579999999999982,-5.97e-05,1667.7327158540147,1667.7388058540148,-0.3,0.995,0.7,0.9864,long_nclose,0.69048,0.00041402317855617415,3.0
1706911020000.0,572997,1706911020000.0,0.0017199999999999882,-3.9800000000000005e-05,1667.7343960540147,1667.7386960540148,-0.2,0.995,0.5,0.9864,long_nclose,0.4932,0.00029573054388453486,2.0
1706911200000.0,573000,1706911200000.0,0.0008599999999999941,-1.9900000000000003e-05,1667.7352361540147,1667.7385161540146,-0.1,0.995,0.4,0.9864,long_nclose,0.39456,0.00023658431593128645,3.0
1706911380000.0,573003,1706911380000.0,0.0008599999999999941,-1.9900000000000003e-05,1667.7360762540147,1667.7387162540147,-0.1,0.995,0.3,0.9864,long_nclose,0.29592,0.0001774381475662988,3.0
1706915760000.0,573076,1706915760000.0,0.0014499999999999847,-2.0018e-05,1667.7375062360147,1667.7404262360146,-0.1,1.0009,0.2,0.9864,long_nclose,0.19728,0.00011829199694935766,73.0
1706916840000.0,573094,1706916840000.0,0.0014499999999999847,-2.0018e-05,1667.7389362180147,1667.7404062180146,-0.1,1.0009,0.1,0.9864,long_nclose,0.09864,5.9145947760678366e-05,18.0
1706918400000.0,573120,1706918400000.0,0.0014499999999999847,-2.0018e-05,1667.7403662000147,1667.7403662000147,-0.1,1.0009,0.0,0.9864,long_nclose,0.0,0.0,26.0
1706946780000.0,573593,1706946780000.0,0.0,-0.016681544,1667.7236846560147,1667.8240046560147,83.6,0.9977,83.6,0.9977,long_ientry_normal,83.40772,0.05001291327058397,473.0
1706947200000.0,573600,1706947200000.0,0.05851999999999819,-0.004182089999999999,1667.7780225660147,1668.0225525660146,-20.9,1.0005,62.7,0.9977,long_nclose,62.55579,0.03750846284912229,7.0
1706949780000.0,573643,1706949780000.0,0.04367999999999865,-0.00312156,1667.8185810060147,1667.9645910060146,-15.6,1.0005,47.1,0.9977,long_nclose,46.991670000000006,0.028175528522805526,43.0
1706950620000.0,573657,1706950620000.0,0.0,-0.0072854,1667.8112956060147,1667.7167456060147,36.5,0.998,83.6,0.9978309808612441,long_ientry_partial,83.41867,0.05001685155855061,14.0
1706951040000.0,573664,1706951040000.0,0.05787249999999671,-0.004182508,1667.8649855980148,1668.0511430980148,-20.9,1.0006,62.7,0.9978309808612441,long_nclose,62.56400250000001,0.03751143110517883,7.0
1706951640000.0,573674,1706951640000.0,0.04319669856459085,-0.003121872,1667.9050604245792,1668.0213512260145,-15.6,1.0006,47.1,0.9978309808612441,long_nclose,46.9978391985646,0.028177766417113035,10.0
1706951760000.0,573676,1706951760000.0,0.03239752392344314,-0.0023414039999999996,1667.9351165445028,1668.0437598220146,-11.7,1.0006,35.4,0.9978309808612441,long_nclose,35.32321672248804,0.02117781223748554,2.0
1706953440000.0,573704,1706953440000.0,0.024367368421051253,-0.001761056,1667.9577228569237,1668.0393587660146,-8.8,1.0006,26.6,0.9978309808612441,long_nclose,26.542304090909095,0.01591305566513203,28.0
1706953620000.0,573707,1706953620000.0,0.018275526315788437,-0.0013207919999999999,1667.9746775912397,1668.0280579740147,-6.6,1.0006,20.0,0.9978309808612441,long_nclose,19.95661961722488,0.011964581888044423,3.0
1706955480000.0,573738,1706955480000.0,0.01384509569377912,-0.0010006000000000001,1667.9875220869335,1668.0260573740147,-5.0,1.0006,15.0,0.9978309808612441,long_nclose,14.967464712918662,0.008973367315237372,31.0
1706955660000.0,573741,1706955660000.0,0.010245370813396548,-0.000740444,1667.997027013747,1668.033966930015,-3.7,1.0006,11.3,0.9978309808612441,long_nclose,11.275490083732059,0.00675989818993792,3.0
1706955900000.0,573745,1706955900000.0,0.007753253588516306,-0.0005603359999999999,1668.0042199313355,1668.0320065940148,-2.8,1.0006,8.5,0.9978309808612441,long_nclose,8.481563337320575,0.005084857241949738,4.0
1706956620000.0,573757,1706956620000.0,0.00581494019138723,-0.00042025200000000003,1668.009614619527,1668.029896342015,-2.1,1.0006,6.4,0.9978309808612441,long_nclose,6.3861182775119625,0.003828586011459314,12.0
1706958180000.0,573783,1706958180000.0,0.004430430622009318,-0.000320192,1668.013724858149,1668.029416150015,-1.6,1.0006,4.8,0.9978309808612441,long_nclose,4.789588708133971,0.0028714324329323407,26.0
1706958780000.0,573793,1706958780000.0,0.0,-0.015713242,1667.9980116161491,1667.9919129080151,78.7,0.9983,83.5,0.9982730384207661,long_ientry_partial,83.35579870813397,0.049973559996854704,10.0
1706962380000.0,573853,1706962380000.0,0.05672080084806304,-0.00416416,1668.0505682569972,1668.2278187480151,-20.8,1.001,62.7,0.9982730384207661,long_nclose,62.59171950898204,0.037523874095967164,60.0
1706965500000.0,573905,1706965500000.0,0.042540600636047275,-0.0031231199999999996,1668.0899857376332,1668.1901656280152,-15.6,1.001,47.1,0.9982730384207661,long_nclose,47.01866010961808,0.028187124502654648,52.0
1706965860000.0,573911,1706965860000.0,0.0,-0.00728686,1668.0826988776332,1668.0625387680152,36.5,0.9982,83.6,0.99824114963658,long_ientry_partial,83.45296010961808,0.05002927023088799,6.0
1706966580000.0,573923,1706966580000.0,0.05765997259547675,-0.004184179999999999,1668.1361746702287,1668.3091545880152,-20.9,1.001,62.7,0.99824114963658,long_nclose,62.58972008221357,0.037520749824028504,12.0
1706966880000.0,573928,1706966880000.0,0.04303806566935107,-0.0031231199999999996,1668.176089615898,1668.3060314680151,-15.6,1.001,47.1,0.99824114963658,long_nclose,47.01715814788292,0.028184769246218332,5.0
1706967120000.0,573932,1706967120000.0,0.032278549252013296,-0.00234234,1668.20602582515,1668.307229128015,-11.7,1.001,35.4,0.99824114963658,long_nclose,35.33773669713493,0.021183077000129953,4.0
1706969460000.0,573971,1706969460000.0,0.0,-0.009604608,1668.19642121715,1668.151944520015,48.1,0.9984,83.5,0.9983326550555081,long_ientry_partial,83.36077669713492,0.049970600366300515,39.0
1706970120000.0,573982,1706970120000.0,0.05756077484543454,-0.0041645760000000006,1668.2498174159953,1668.417059944015,-20.8,1.0011,62.7,0.9983326550555081,long_nclose,62.59545747198036,0.03752163304230804,11.0
1706970180000.0,573983,1706970180000.0,0.0431705811340759,-0.0031234320000000006,1668.2898645651294,1668.429626512015,-15.6,1.0011,47.1,0.9983326550555081,long_nclose,47.02146805311443,0.028185430512923153,1.0
1706971680000.0,574008,1706971680000.0,0.0,-0.00726908,1668.2825954851294,1668.232027432015,36.4,0.9985,83.5,0.9984056054265202,long_ientry_partial,83.36686805311444,0.049971670434451616,25.0
1706973420000.0,574037,1706973420000.0,0.05812340712838093,-0.004164992000000001,1668.3365539002577,1668.4678724400148,-20.8,1.0012,62.7,0.9984056054265202,long_nclose,62.600031460242825,0.03752242394611309,29.0
1706973660000.0,574041,1706973660000.0,0.0,-0.004173311999999999,1668.3323805882578,1668.281869128015,20.9,0.9984,83.6,0.9984042040698902,long_ientry_partial,83.46659146024281,0.05002995352209869,4.0
1706974500000.0,574055,1706974500000.0,0.058432134939297393,-0.004185016000000001,1668.386627707197,1668.706134112015,-20.9,1.0012,62.7,0.9984042040698902,long_nclose,62.59994359518212,0.03752124510924122,14.0
1706975520000.0,574072,1706975520000.0,0.0436144165097148,-0.0031237440000000003,1668.4271183797066,1668.5917703680147,-15.6,1.0012,47.1,0.9984042040698902,long_nclose,47.02483801169183,0.028185131669017708,17.0
1706976720000.0,574092,1706976720000.0,0.032710812382286104,-0.002342808,1668.4574863840887,1668.5352175600146,-11.7,1.0012,35.4,0.9984042040698902,long_nclose,35.343508824074114,0.021183343964413025,20.0
1706976900000.0,574095,1706976900000.0,0.024603004184967327,-0.0017621120000000006,1668.4803272762736,1668.5653354480144,-8.8,1.0012,26.6,0.9984042040698902,long_nclose,26.55755182825908,0.01591721004682938,3.0
1706977320000.0,574102,1706977320000.0,0.018452253138725495,-0.001321584,1668.4974579454124,1668.5533738640147,-6.6,1.0012,20.0,0.9984042040698902,long_nclose,19.968084081397805,0.011967704227722649,7.0
1706978040000.0,574114,1706978040000.0,0.013978979650549617,-0.0010012,1668.510435725063,1668.5433726640147,-5.0,1.0012,15.0,0.9984042040698902,long_nclose,14.976063061048352,0.008975708356621934,12.0
1706978580000.0,574123,1706978580000.0,0.0,-0.013699420000000002,1668.496736305063,1668.5065332440147,68.6,0.9985,83.6,0.9984828117350283,long_ientry_partial,83.47316306104835,0.050028963943856565,9.0
1706983200000.0,574200,1706983200000.0,0.05678923473791069,-0.004185016000000001,1668.5493405238008,1668.6319282280144,-20.9,1.0012,62.7,0.9984828117350283,long_nclose,62.60487229578628,0.03752054001359827,77.0
1706983320000.0,574202,1706983320000.0,0.0,-0.004173311999999999,1668.5451672118008,1668.5065349160145,20.9,0.9984,83.6,0.9984621088012713,long_ientry_partial,83.47143229578627,0.0500264745216757,2.0
1707037680000.0,575108,1707037680000.0,0.0,-0.02291652,1668.5222506918008,1665.7842183960145,118.8,0.9645,202.4,0.9785278275483511,long_rentry,198.05403229578627,0.11870026438884428,906.0
1707095160000.0,576066,1707095160000.0,0.0,-0.05421675,1668.4680339418007,1661.1589816460144,287.5,0.9429,489.9,0.9576194780481451,long_rentry,469.1377822957862,0.28117876564133837,958.0
1707119340000.0,576469,1707119340000.0,0.32809588690704894,-0.023508144,1668.7726216847077,1669.7577135020144,-122.4,0.9603,367.5,0.9576194780481451,long_nclose,351.92515818269334,0.21088862173889672,403.0
1707119400000.0,576470,1707119400000.0,0.2460719151802867,-0.017631108000000003,1669.001062491888,1669.6849423940143,-91.8,0.9603,275.7,0.9576194780481451,long_nclose,264.0156900978736,0.15818785022442536,1.0
1707119460000.0,576471,1707119460000.0,0.1846879624828078,-0.013232934000000003,1669.1725175203708,1669.6441294600145,-68.9,0.9603,206.8,0.9576194780481451,long_nclose,198.0357080603564,0.11864304377269952,1.0
1707119640000.0,576474,1707119640000.0,0.1385829849109022,-0.009929502000000002,1669.3011710032818,1669.7014099580144,-51.7,0.9603,155.1,0.9576194780481451,long_nclose,148.52678104526728,0.08897542494144413,3.0
1707120240000.0,576484,1707120240000.0,0.10373619953678755,-0.007432722000000002,1669.3974744808186,1669.7211272360146,-38.7,0.9603,116.4,0.9576194780481451,long_nclose,111.46690724480409,0.06677074150928029,10.0
1707130800000.0,576660,1707130800000.0,0.07800318879897977,-0.005588946000000001,1669.4698887236175,1669.7300882900145,-29.1,0.9603,87.3,0.9576194780481451,long_nclose,83.60018043360306,0.050075883966687794,176.0
1707131100000.0,576665,1707131100000.0,0.058435378550438455,-0.0041869080000000005,1669.524137194168,1669.6931613820143,-21.8,0.9603,65.5,0.9576194780481451,long_nclose,62.7240758121535,0.037570032331229845,5.0
1707132900000.0,576695,1707132900000.0,0.04369250781523609,-0.003130578,1669.564699123983,1669.7162608040144,-16.3,0.9603,49.2,0.9576194780481451,long_nclose,47.11487831996874,0.028219857753754504,30.0
1707133140000.0,576699,1707133140000.0,0.03297042000781619,-0.0023623380000000003,1669.5953072059908,1669.6905284660143,-12.3,0.9603,36.9,0.9576194780481451,long_nclose,35.336158739976554,0.021164505307043762,4.0
1707133500000.0,576705,1707133500000.0,0.024660801957065766,-0.001766952,1669.6182010559478,1669.7007615140142,-9.2,0.9603,27.7,0.9576194780481451,long_nclose,26.526059541933616,0.01588750022319908,6.0
1707133920000.0,576712,1707133920000.0,0.018495601467799327,-0.0013252140000000001,1669.6353714434156,1669.7160863000142,-6.9,0.9603,20.8,0.9576194780481451,long_nclose,19.91848514340142,0.011929841379786834,7.0
1707136440000.0,576754,1707136440000.0,0.01393871414964587,-0.0009987120000000001,1669.6483114455652,1669.7026075880142,-5.2,0.9603,15.6,0.9576194780481451,long_nclose,14.938863857551063,0.008947311691416703,42.0
1707139440000.0,576804,1707139440000.0,0.043578714149645495,-0.00100464,1669.6908855197148,1669.785322948014,-5.2,0.966,10.4,0.9576194780481451,long_nclose,9.95924257170071,0.005964722367518198,50.0
1707143100000.0,576865,1707143100000.0,0.028493774636306667,-0.00065688,1669.718722414351,1669.786486068014,-3.4,0.966,7.0,0.9576194780481451,long_nclose,6.703336346337015,0.0040146500463528615,61.0
1707144360000.0,576886,1707144360000.0,0.019275200489266273,-0.0004443599999999999,1669.7375532548403,1669.777881708014,-2.3,0.966,4.7,0.9576194780481451,long_nclose,4.500811546826282,0.00269552034572906,21.0
1707145440000.0,576904,1707145440000.0,0.0,-0.015804320000000004,1669.7217489348404,1669.9459873880141,82.4,0.959,87.1,0.9589255057040905,long_ientry_partial,83.52241154682628,0.05002175458282641,18.0
1707145500000.0,576905,1707145500000.0,0.05803652622123595,-0.004173344000000001,1669.7756121170617,1669.976684044014,-21.7,0.9616,65.4,0.9589255057040905,long_nclose,62.71372807304753,0.03755817704963037,1.0
1707146100000.0,576915,1707146100000.0,0.0,-0.0041433120000000006,1669.7714688050617,1669.765480732014,21.6,0.9591,87.0,0.9589688284258336,long_ientry_partial,83.43028807304752,0.04996509380577255,10.0
1707155100000.0,577065,1707155100000.0,0.0570964231594102,-0.004173344000000001,1669.824391884221,1669.9243773880141,-21.7,0.9616,65.3,0.9589688284258336,long_nclose,62.620664496206935,0.03750134732763492,150.0
1707155580000.0,577073,1707155580000.0,0.0,-0.004195602,1669.820196282221,1669.6893617860142,21.9,0.9579,87.2,0.9587003955987032,long_ientry_partial,83.59867449620693,0.0500644768115367,8.0
1707160020000.0,577147,1707160020000.0,0.05885137594827015,-0.004191704,1669.8748559541693,1670.057950082014,-21.8,0.9614,65.4,0.9587003955987032,long_nclose,62.6990058721552,0.037547128545946565,74.0
1707161280000.0,577168,1707161280000.0,0.04400355174113777,-0.0031341640000000005,1669.9157253419105,1670.0482759180143,-16.3,0.9614,49.1,0.9587003955987032,long_nclose,47.07218942389633,0.028188362268556057,21.0
1707161400000.0,577170,1707161400000.0,0.032935173695820906,-0.002345816,1669.9463146996065,1670.0754501020144,-12.2,0.9614,36.9,0.9587003955987032,long_nclose,35.37604459759215,0.021183941235832882,2.0
1707163380000.0,577203,1707163380000.0,0.0,-0.009634462,1669.9366802376067,1669.8212856400146,50.3,0.9577,87.2,0.9581233325411942,long_ientry_partial,83.54835459759214,0.050030851819905214,33.0
1707176940000.0,577429,1707176940000.0,0.05835135060196628,-0.0041890880000000005,1669.9908425002086,1670.1658965520146,-21.8,0.9608,65.4,0.9581233325411942,long_nclose,62.66126594819411,0.03752192188933292,226.0
1707177060000.0,577431,1707177060000.0,0.04362967957853442,-0.003132208,1670.0313399717872,1670.1578543440146,-16.3,0.9608,49.1,0.9581233325411942,long_nclose,47.043855627772636,0.02816944478932196,2.0
1707177180000.0,577433,1707177180000.0,0.03265534299743067,-0.002344352,1670.0616509627848,1670.1641099920148,-12.2,0.9608,36.9,0.9581233325411942,long_nclose,35.35475097077006,0.02116972804590068,2.0
1707177600000.0,577440,1707177600000.0,0.10303300974331173,-0.0023775900000000006,1670.1623063825282,1670.129752402015,-12.3,0.9665,24.6,0.9581233325411942,long_nclose,23.56983398051338,0.014112301475396265,7.0
1707177600000.0,577440,1707177600000.0,0.17314300974331084,-0.002391612,1670.3330577802715,1670.3167807900147,-12.3,0.9722,12.3,0.9581233325411942,long_nclose,11.78491699025669,0.007055429415926084,0.0
1707177660000.0,577441,1707177660000.0,0.0,-0.014355680000000001,1670.3187021002714,1670.3528851100148,75.2,0.9545,87.5,0.9550093370315049,long_ientry_partial,83.56331699025668,0.05002836697283191,1.0
1707178140000.0,577449,1707178140000.0,0.05865645271319258,-0.004175572000000001,1670.3731829809847,1670.5630995380147,-21.8,0.9577,65.7,0.9550093370315049,long_nclose,62.744113442969876,0.0375629314947426,8.0
1707178500000.0,577455,1707178500000.0,0.044126872683319183,-0.003141256,1670.414168597668,1670.581328282015,-16.4,0.9577,49.3,0.9550093370315049,long_nclose,47.08196031565319,0.028185800384571115,6.0
1707178800000.0,577460,1707178800000.0,0.03309515451248939,-0.002355942,1670.4449078101807,1670.544462340015,-12.3,0.9577,37.0,0.9550093370315049,long_nclose,35.335345470165684,0.021153254025292872,5.0
1707179100000.0,577465,1707179100000.0,0.0,-0.00964045,1670.4352673601807,1670.442671890015,50.5,0.9545,87.5,0.9547153768018937,long_ientry_partial,83.5375954701657,0.05000947783039907,5.0
1707179640000.0,577474,1707179640000.0,0.058524785718718685,-0.0041742640000000004,1670.4896178818992,1670.6857076260148,-21.8,0.9574,65.7,0.9547153768018937,long_nclose,62.72480025588442,0.037548751925448334,9.0
1707179880000.0,577478,1707179880000.0,0.04402782044894433,-0.003140272,1670.530505430348,1670.6924373540146,-16.4,0.9574,49.3,0.9547153768018937,long_nclose,47.067468076333355,0.02817516227529663,4.0
1707180960000.0,577496,1707180960000.0,0.0,-0.007293144000000001,1670.523212286348,1670.5000242100148,38.2,0.9546,87.5,0.954665006586667,long_ientry_partial,83.53318807633336,0.05000420674311154,18.0
1707182460000.0,577521,1707182460000.0,0.057442856410660804,-0.004173828,1670.576481314759,1670.749600382015,-21.8,0.9573,65.7,0.954665006586667,long_nclose,62.721490932744025,0.037544818590635035,25.0
1707182520000.0,577522,1707182520000.0,0.04321389197866225,-0.003139944,1670.6165552627376,1670.766180438015,-16.4,0.9573,49.3,0.954665006586667,long_nclose,47.06498482472268,0.028172224605616202,1.0
1707183180000.0,577533,1707183180000.0,0.03241041898399669,-0.0023549580000000003,1670.6466107237216,1670.736705480015,-12.3,0.9573,37.0,0.954665006586667,long_nclose,35.322605243706676,0.021143074194730493,11.0
1707183300000.0,577535,1707183300000.0,0.02424193940266419,-0.001761432,1670.6690912311242,1670.761804048015,-9.2,0.9573,27.8,0.954665006586667,long_nclose,26.539687183109343,0.015885663607717863,2.0
1707185160000.0,577566,1707185160000.0,0.018181454551998145,-0.0013210740000000002,1670.685951611676,1670.7389329740147,-6.9,0.9573,20.9,0.954665006586667,long_nclose,19.95249863766134,0.011942698517584097,31.0
1707185220000.0,577567,1707185220000.0,0.013701965749331935,-0.0009955920000000002,1670.6986579854254,1670.7510173820147,-5.2,0.9573,15.7,0.954665006586667,long_nclose,14.98824060341067,0.008971241182107553,1.0
1707187560000.0,577606,1707187560000.0,0.04334196574933156,-0.00100152,1670.7409984311746,1670.8264158620145,-5.2,0.963,10.5,0.954665006586667,long_nclose,10.023982569160003,0.005999722625213914,39.0
1707187860000.0,577611,1707187860000.0,0.02917247694666547,-0.0006741,1670.7694968081214,1670.8257417620148,-3.5,0.963,7.0,0.954665006586667,long_nclose,6.682655046106669,0.003999746858482499,5.0
1707188460000.0,577621,1707188460000.0,0.01917048485066588,-0.00044297999999999994,1670.7882243129723,1670.826458782015,-2.3,0.963,4.7,0.954665006586667,long_nclose,4.486925530957335,0.002685514217579764,10.0
1707191040000.0,577664,1707191040000.0,0.002898492754666371,-0.00021060600000000004,1670.7909121997268,1670.8007581760148,-1.1,0.9573,3.6,0.954665006586667,long_nclose,3.436794023712001,0.0020569863042810025,43.0
1707191160000.0,577666,1707191160000.0,0.0,-0.016025912,1670.7748862877268,1670.7192322640149,83.8,0.9562,87.4,0.9561367737266819,long_ientry_partial,83.56635402371201,0.05001652509237017,2.0
1707191460000.0,577671,1707191460000.0,0.05805833275833357,-0.004180368,1670.828764252485,1671.0100318960147,-21.8,0.9588,65.6,0.9561367737266819,long_nclose,62.72257235647033,0.037539796835214224,5.0
1707192060000.0,577681,1707192060000.0,0.04367691088241607,-0.003144864,1670.8692962993673,1671.0200070320145,-16.4,0.9588,49.2,0.9561367737266819,long_nclose,47.04192926735276,0.028154164644440458,10.0
1707192660000.0,577691,1707192660000.0,0.0,-0.007306132000000002,1670.8619901673674,1670.8438009000147,38.2,0.9563,87.4,0.9562081151871022,long_ientry_partial,83.57258926735274,0.0500176494283537,10.0
1707325320000.0,579902,1707325320000.0,0.05868308892117045,-0.004180804,1670.9164924522886,1671.0734000960147,-21.8,0.9589,65.6,0.9562081151871022,long_nclose,62.7272523562739,0.0375406267396484,2211.0
1707325440000.0,579904,1707325440000.0,0.04414691093152272,-0.0031451919999999998,1670.95749417122,1671.1096149040147,-16.4,0.9589,49.2,0.9562081151871022,long_nclose,47.04543926720543,0.0281547791797897,2.0
1707326880000.0,579928,1707326880000.0,0.13762691093152335,-0.0031638879999999997,1671.0919571941515,1671.3639310160145,-16.4,0.9646,32.8,0.9562081151871022,long_nclose,31.36362617813695,0.01876834248595037,24.0
1707327120000.0,579932,1707327120000.0,0.09147154446058564,-0.002102828,1671.181325910612,1671.3891981880145,-10.9,0.9646,21.9,0.9562081151871022,long_nclose,20.94095772259754,0.01253063171417799,4.0
1707327900000.0,579945,1707327900000.0,0.061260759134153686,-0.001408316,1671.2411783537464,1671.3768398720147,-7.3,0.9646,14.6,0.9562081151871022,long_nclose,13.960638481731692,0.008353455301695952,13.0
1707328380000.0,579953,1707328380000.0,0.04028104710190927,-0.000926016,1671.2805333848482,1671.3755138560145,-4.8,0.9646,9.8,0.9562081151871022,long_nclose,9.370839528833603,0.005606981797277815,8.0
1707332040000.0,580014,1707332040000.0,0.06905023558319924,-0.0009508940000000001,1671.3486327264316,1671.4191529620148,-4.9,0.9703,4.9,0.9562081151871022,long_nclose,4.685419764416801,0.002803376669997083,61.0
1707332220000.0,580017,1707332220000.0,0.033820523550954724,-0.00046574400000000003,1671.3819875059826,1671.4167172180148,-2.4,0.9703,2.5,0.9562081151871022,long_nclose,2.390520287967756,0.0014302656758523906,3.0
1707332280000.0,580018,1707332280000.0,0.016910261775477362,-0.00023287200000000002,1671.398664895758,1671.4172443460147,-1.2,0.9703,1.3,0.9562081151871022,long_nclose,1.243070549743233,0.0007437307303465873,1.0
1707336000000.0,580080,1707336000000.0,0.008455130887738681,-0.00011643600000000001,1671.4070035906457,1671.4166579100147,-0.6,0.9703,0.7,0.9562081151871022,long_nclose,0.6693456806309716,0.00040046839530588987,62.0
1707336120000.0,580082,1707336120000.0,0.0042275654438693406,-5.8218000000000004e-05,1671.4111729380895,1671.4168496920147,-0.3,0.9703,0.4,0.9562081151871022,long_nclose,0.3824832460748409,0.0002288385121911641,2.0
1707336960000.0,580096,1707336960000.0,0.007876753925159097,-7.807200000000001e-05,1671.4189716200146,1671.4189716200146,-0.4,0.9759,0.0,0.9562081151871022,long_nclose,0.0,0.0,14.0
1707410940000.0,581329,1707410940000.0,0.0,-0.016714576000000002,1671.4022570440147,1671.3516170440148,84.4,0.9902,84.4,0.9902,long_ientry_normal,83.57288,0.05000165558457732,1233.0
1707411720000.0,581342,1707411720000.0,0.056970000000000756,-0.004190038000000001,1671.455037006015,1671.5753070060148,-21.1,0.9929,63.3,0.9902,long_nclose,62.67966,0.037500057502159685,13.0
1707411780000.0,581343,1707411780000.0,0.042660000000000566,-0.0031375640000000002,1671.4945594420149,1671.632309442015,-15.8,0.9929,47.5,0.9902,long_nclose,47.0345,0.028139188209922294,1.0
1707412020000.0,581347,1707412020000.0,0.0,-0.007307676,1671.4872517660149,1671.310011766015,36.9,0.9902,84.4,0.9901999999999999,long_ientry_partial,83.57288,0.04999911301249879,4.0
1707412560000.0,581356,1707412560000.0,0.0569700000000031,-0.004190038000000001,1671.540031728015,1671.761581728015,-21.1,0.9929,63.3,0.9901999999999999,long_nclose,62.67965999999999,0.03749815069352699,9.0
1707412800000.0,581360,1707412800000.0,0.04266000000000232,-0.0031375640000000002,1671.579554164015,1671.7553041640151,-15.8,0.9929,47.5,0.9901999999999999,long_nclose,47.034499999999994,0.02813775741802653,4.0
1707413520000.0,581372,1707413520000.0,0.031860000000001734,-0.0023432440000000004,1671.609070920015,1671.7126009200151,-11.8,0.9929,35.7,0.9901999999999999,long_nclose,35.350139999999996,0.02114737268118801,12.0
1707415020000.0,581397,1707415020000.0,0.0,-0.009645522,1671.599425398015,1671.5776753980151,48.7,0.9903,84.4,0.9902577014218008,long_ientry_partial,83.57775,0.04999867117093545,25.0
1707419340000.0,581469,1707419340000.0,0.05786250000000285,-0.00419046,1671.653097438015,1671.915304938015,-21.1,0.993,63.3,0.9902577014218008,long_nclose,62.683312499999985,0.037497799391553656,72.0
1707419640000.0,581474,1707419640000.0,0.0,-0.0041786440000000005,1671.6489187940151,1671.611506294015,21.1,0.9902,84.4,0.9902432760663504,long_ientry_partial,83.57653249999998,0.04999646251097686,5.0
1707420000000.0,581480,1707420000000.0,0.05816687500000579,-0.00419046,1671.7028952090152,1671.9343658340151,-21.1,0.993,63.3,0.9902432760663504,long_nclose,62.68239937499998,0.03749613615831102,6.0
1707420180000.0,581483,1707420180000.0,0.043556238151663096,-0.0031378800000000004,1671.743313567167,1671.8885079540153,-15.8,0.993,47.5,0.9902432760663504,long_nclose,47.03655561315165,0.028136230742735868,3.0
1707420300000.0,581485,1707420300000.0,0.032529342417064844,-0.00234348,1671.773499429584,1671.8469244740154,-11.8,0.993,35.7,0.9902432760663504,long_nclose,35.351684955568714,0.02114621685750543,2.0
1707420960000.0,581496,1707420960000.0,0.0,-0.009644548000000001,1671.763854881584,1671.7538699260153,48.7,0.9902,84.4,0.9902183051607667,long_ientry_partial,83.57442495556872,0.049991764513588284,11.0
1707423300000.0,581535,1707423300000.0,0.05869376110782253,-0.00419046,1671.8183581826918,1671.9627894660152,-21.1,0.993,63.3,0.9902183051607667,long_nclose,62.68081871667653,0.03749260104118736,39.0
1707423360000.0,581536,1707423360000.0,0.04395077845988606,-0.0031378800000000004,1671.8591710811518,1672.0578015860153,-15.8,0.993,47.5,0.9902183051607667,long_nclose,47.035369495136415,0.028133571480616848,1.0
1707423900000.0,581545,1707423900000.0,0.0,-0.007307676,1671.8518634051518,1671.8256739100154,36.9,0.9902,84.4,0.990210302075076,long_ientry_partial,83.57374949513643,0.04998872886077192,9.0
1707425400000.0,581570,1707425400000.0,0.05886262621589653,-0.00419046,1671.9065355713676,1672.0451434500153,-21.1,0.993,63.3,0.990210302075076,long_nclose,62.68031212135231,0.03749032065355947,25.0
1707427020000.0,581597,1707427020000.0,0.0440772272137993,-0.0031378800000000004,1671.9474749185815,1672.0942355700154,-15.8,0.993,47.5,0.990210302075076,long_nclose,47.03498934856611,0.028131858239659448,27.0
1707427500000.0,581605,1707427500000.0,0.03291843551410328,-0.00234348,1671.9780498740956,1672.1169120900154,-11.8,0.993,35.7,0.990210302075076,long_nclose,35.350507784080214,0.0211429257619394,8.0
1707429360000.0,581636,1707429360000.0,0.024828311531823657,-0.0017675400000000002,1672.0011106456275,1672.1026745500155,-8.9,0.993,26.8,0.990210302075076,long_nclose,26.537636095612037,0.01587178138019584,31.0
1707430080000.0,581648,1707430080000.0,0.01869097609699084,-0.00133062,1672.0184710017243,1672.0825839300153,-6.7,0.993,20.1,0.990210302075076,long_nclose,19.90322707170903,0.011903712439124426,12.0
1707433440000.0,581704,1707433440000.0,0.01394848962462003,-0.000993,1672.0314264913488,1672.0720409300152,-5.0,0.993,15.1,0.990210302075076,long_nclose,14.952175561333647,0.008942520651486697,56.0
1707433500000.0,581705,1707433500000.0,0.010321882322218824,-0.0007348200000000001,1672.041013553671,1672.076236110015,-3.7,0.993,11.4,0.990210302075076,long_nclose,11.288397443655867,0.006751268271622166,1.0
1707434100000.0,581715,1707434100000.0,0.007811154189787217,-0.00055608,1672.0482686278608,1672.0757000300152,-2.8,0.993,8.6,0.990210302075076,long_nclose,8.515808597845654,0.00509303993050034,10.0
1707435060000.0,581731,1707435060000.0,0.005858365642340413,-0.0004170600000000001,1672.0537099335031,1672.0789929700152,-2.1,0.993,6.5,0.990210302075076,long_nclose,6.436366963487994,0.0038493781182088733,16.0
1707435960000.0,581746,1707435960000.0,0.00446351667987841,-0.00031776,1672.057855690183,1672.077405210015,-1.6,0.993,4.9,0.990210302075076,long_nclose,4.852030480167873,0.0029018316941940253,15.0
1707436380000.0,581753,1707436380000.0,0.003347637509908807,-0.00023832,1672.0609650076929,1672.071656890015,-1.2,0.993,3.7,0.990210302075076,long_nclose,3.6637781176777815,0.002191174959736546,7.0
1707436740000.0,581759,1707436740000.0,0.0025107281324316054,-0.00017874,1672.0632969958253,1672.071948150015,-0.9,0.993,2.8,0.990210302075076,long_nclose,2.772588845810213,0.0016581841433824232,6.0
1707438240000.0,581784,1707438240000.0,0.00782072813243162,-0.000179802,1672.0709379219577,1672.087068348015,-0.9,0.9989,1.9,0.990210302075076,long_nclose,1.8813995739426443,0.0011251912411568133,25.0
1707440400000.0,581820,1707440400000.0,0.0052138187549544135,-0.000119868,1672.0760318727127,1672.0873284800152,-0.6,0.9989,1.3,0.990210302075076,long_nclose,1.2872733926975988,0.0007698653459291933,36.0
1707440520000.0,581822,1707440520000.0,0.003475879169969609,-7.9912e-05,1672.0794278398828,1672.0870685680152,-0.4,0.9989,0.9,0.990210302075076,long_nclose,0.8911892718675684,0.000532982618546341,2.0
1707440580000.0,581823,1707440580000.0,0.0026069093774772067,-5.9934e-05,1672.08197481526,1672.087008634015,-0.3,0.9989,0.6,0.990210302075076,long_nclose,0.5941261812450456,0.0003553212044587034,1.0
1707440760000.0,581826,1707440760000.0,0.0017379395849848045,-3.9956e-05,1672.083672798845,1672.087308678015,-0.2,0.9989,0.4,0.990210302075076,long_nclose,0.3960841208300304,0.0002368805624224764,3.0
1707443700000.0,581875,1707443700000.0,0.002917939584984786,-4.0192000000000004e-05,1672.08655054643,1672.0894084860151,-0.2,1.0048,0.2,0.990210302075076,long_nclose,0.1980420604150152,0.00011844007736937779,49.0
1707443760000.0,581876,1707443760000.0,0.001458969792492393,-2.0096000000000002e-05,1672.0879894202226,1672.089488390015,-0.1,1.0048,0.1,0.990210302075076,long_nclose,0.0990210302075076,5.921998772435535e-05,1.0
1707445080000.0,581898,1707445080000.0,0.0020389697924923958,-2.0212e-05,1672.090008178015,1672.090008178015,-0.1,1.0106,0.0,0.990210302075076,long_nclose,0.0,0.0,22.0
1707546660000.0,583591,1707546660000.0,0.0,-0.016716331999999997,1672.073291846015,1672.0408518460151,81.1,1.0306,81.1,1.0306,long_ientry_normal,83.58165999999999,0.04998683993554106,1693.0
1707553260000.0,583701,1707553260000.0,0.05858000000000252,-0.0041753400000000005,1672.127696506015,1672.2190465060148,-20.2,1.0335,60.9,1.0306,long_nclose,62.76354,0.03753513570234331,110.0
1707554040000.0,583714,1707554040000.0,0.044080000000001895,-0.0031418400000000003,1672.168634666015,1672.2737446660149,-15.2,1.0335,45.7,1.0306,long_nclose,47.098420000000004,0.02816607070817774,13.0
1707554640000.0,583724,1707554640000.0,0.0,-0.0072952320000000005,1672.161339434015,1672.119759434015,35.4,1.0304,81.1,1.0305127003699137,long_ientry_partial,83.57458,0.04997997383929945,10.0
1707622500000.0,584855,1707622500000.0,0.05832345252774491,-0.004174936000000001,1672.2154879505426,1672.348694498015,-20.2,1.0334,60.9,1.0305127003699137,long_nclose,62.758223452527744,0.03752998576125129,1131.0
1707622560000.0,584856,1707622560000.0,0.043886954377313,-0.0031415360000000003,1672.25623336892,1672.406462962015,-15.2,1.0334,45.7,1.0305127003699137,long_nclose,47.09443040690506,0.02816220951500287,1.0
1707622680000.0,584858,1707622680000.0,0.03291521578298475,-0.0023561520000000002,1672.2867924327031,1672.396116810015,-11.4,1.0334,34.3,1.0305127003699137,long_nclose,35.34658562268804,0.02113667690412646,2.0
1707623280000.0,584868,1707623280000.0,0.024542046855734245,-0.0017567800000000003,1672.3095776995588,1672.389230030015,-8.5,1.0334,25.8,1.0305127003699137,long_nclose,26.587227669543775,0.01589850828105485,10.0
1707623400000.0,584870,1707623400000.0,0.018478717632552846,-0.0013227520000000002,1672.3267336651913,1672.392447278015,-6.4,1.0334,19.4,1.0305127003699137,long_nclose,19.991946387176323,0.011954569633268098,2.0
1707623640000.0,584874,1707623640000.0,0.013859038224414632,-0.0009920640000000002,1672.3396006394157,1672.391975214015,-4.8,1.0334,14.6,1.0305127003699137,long_nclose,15.04548542540074,0.008996668750562462,4.0
1707624480000.0,584888,1707624480000.0,0.0431390382244146,-0.00099792,1672.3817417576402,1672.478637294015,-4.8,1.0395,9.8,1.0305127003699137,long_nclose,10.099024463625154,0.006038707677477559,14.0
1707624720000.0,584892,1707624720000.0,0.028759358816276406,-0.0006652800000000001,1672.4098358364565,1672.4737720140151,-3.2,1.0395,6.6,1.0305127003699137,long_nclose,6.80138382244143,0.004066816444570667,4.0
1707625560000.0,584906,1707625560000.0,0.01977205918619003,-0.0004573800000000001,1672.4291505156427,1672.4739746340151,-2.2,1.0395,4.4,1.0305127003699137,long_nclose,4.534255881627621,0.0027111796516041476,14.0
1707629280000.0,584968,1707629280000.0,0.012582219482120925,-0.00029106,1672.4414416751247,1672.465703574015,-1.4,1.0395,3.0,1.0305127003699137,long_nclose,3.091538101109741,0.0018485179953524966,62.0
1707631560000.0,585006,1707631560000.0,0.008987299630086376,-0.00020790000000000004,1672.4502210747546,1672.4683956740148,-1.0,1.0395,2.0,1.0305127003699137,long_nclose,2.0610254007398274,0.0012323388611323604,38.0
1707631800000.0,585010,1707631800000.0,0.005392379778051825,-0.00012474,1672.4554887145325,1672.4689109340147,-0.6,1.0395,1.4,1.0305127003699137,long_nclose,1.442717780517879,0.0008626344857923648,4.0
1707631980000.0,585013,1707631980000.0,0.003594919852034551,-8.316000000000001e-05,1672.4590004743845,1672.4685877740146,-0.4,1.0395,1.0,1.0305127003699137,long_nclose,1.0305127003699137,0.0006161661960488203,3.0
1707633720000.0,585042,1707633720000.0,0.0026961898890259127,-6.237e-05,1672.4616342942736,1672.4678554040147,-0.3,1.0395,0.7,1.0305127003699137,long_nclose,0.7213588902589395,0.0004313156579901639,29.0
1707633780000.0,585043,1707633780000.0,0.0017974599260172754,-4.1580000000000005e-05,1672.4633901741995,1672.4680338240146,-0.2,1.0395,0.5,1.0305127003699137,long_nclose,0.5152563501849569,0.0003080822894014374,1.0
1707636060000.0,585081,1707636060000.0,0.0008987299630086377,-2.0790000000000003e-05,1672.4642681141625,1672.4679030340144,-0.1,1.0395,0.4,1.0305127003699137,long_nclose,0.41220508014796553,0.0002464657021418818,38.0
1707638820000.0,585127,1707638820000.0,0.0008987299630086377,-2.0790000000000003e-05,1672.4651460541254,1672.4678122440143,-0.1,1.0395,0.3,1.0305127003699137,long_nclose,0.3091538101109741,0.00018484917957206209,46.0
1707639000000.0,585130,1707639000000.0,0.0008987299630086377,-2.0790000000000003e-05,1672.4660239940883,1672.4677414540145,-0.1,1.0395,0.2,1.0305127003699137,long_nclose,0.20610254007398277,0.0001232327216918765,3.0
1707639120000.0,585132,1707639120000.0,0.0008987299630086377,-2.0790000000000003e-05,1672.4669019340513,1672.4677806640143,-0.1,1.0395,0.1,1.0305127003699137,long_nclose,0.10305127003699138,6.16163285012231e-05,2.0
1707646200000.0,585250,1707646200000.0,0.0002887299630086382,-2.0668000000000003e-05,1672.4671699960143,1672.4671699960143,-0.1,1.0334,0.0,1.0305127003699137,long_nclose,0.0,0.0,118.0
1707648300000.0,585285,1707648300000.0,0.0,-0.016715832000000003,1672.4504541640142,1672.426094164014,81.2,1.0293,81.2,1.0293,long_ientry_normal,83.57916000000002,0.04997407235108656,35.0
1707700920000.0,586162,1707700920000.0,0.05886999999999803,-0.004190732,1672.5051334320142,1672.6939234320141,-20.3,1.0322,60.9,1.0293,long_nclose,62.68437000000001,0.03747932891026195,877.0
1707704400000.0,586220,1707704400000.0,0.0,-0.004271124,1672.5008623080141,1672.0195723080142,20.9,1.0218,81.8,1.027383740831296,long_ientry_partial,84.03999000000002,0.05024809965360896,58.0
1707750000000.0,586980,1707750000000.0,0.05745168704156125,-0.004203216,1672.5541107790557,1672.6656290920141,-20.4,1.0302,61.4,1.027383740831296,long_nclose,63.08136168704157,0.03771558796244806,760.0
1707750360000.0,586986,1707750360000.0,0.04308876528117094,-0.0031524120000000003,1672.594047132337,1672.6869966800143,-15.3,1.0302,46.1,1.027383740831296,long_nclose,47.36239045232275,0.028316727859653442,6.0
1707750600000.0,586990,1707750600000.0,0.0323869804400958,-0.0023694600000000003,1672.6240646527772,1672.7526472200143,-11.5,1.0302,34.6,1.027383740831296,long_nclose,35.54747743276285,0.021252520625513187,4.0
1707750720000.0,586992,1707750720000.0,0.02421982885085425,-0.001771944,1672.646512537628,1672.7275352760144,-8.6,1.0302,26.0,1.027383740831296,long_nclose,26.711977261613697,0.01596988787612277,2.0
1707751020000.0,586997,1707751020000.0,0.01830568459657589,-0.00133926,1672.6634789622246,1672.7086460160144,-6.5,1.0302,19.5,1.027383740831296,long_nclose,20.033982946210273,0.011977294415873786,5.0
1707751380000.0,587003,1707751380000.0,0.013518044009779117,-0.000988992,1672.6760080142344,1672.7071170240145,-4.8,1.0302,14.7,1.027383740831296,long_nclose,15.102540990220051,0.00902896969757429,6.0
1707751440000.0,587004,1707751440000.0,0.010138533007334338,-0.000741744,1672.685404803242,1672.7233252800145,-3.6,1.0302,11.1,1.027383740831296,long_nclose,11.403959523227385,0.00681775514420109,1.0
1707752220000.0,587017,1707752220000.0,0.03299015892420472,-0.0007668620000000001,1672.717628100166,1672.7813884180143,-3.7,1.0363,7.4,1.027383740831296,long_nclose,7.602639682151591,0.0045450825378019685,13.0
1707752280000.0,587018,1707752280000.0,0.021399022004889544,-0.000497424,1672.7385296981709,1672.7851109940143,-2.4,1.0363,5.0,1.027383740831296,long_nclose,5.13691870415648,0.0030709633412242775,1.0
1707752940000.0,587029,1707752940000.0,0.0377906479217599,-0.00052125,1672.7757990960927,1672.8125897440145,-2.5,1.0425,2.5,1.027383740831296,long_nclose,2.56845935207824,0.0015354474601235518,11.0
1707753060000.0,587031,1707753060000.0,0.018139511002444753,-0.0002502,1672.793688407095,1672.8133395440143,-1.2,1.0425,1.3,1.027383740831296,long_nclose,1.335598863080685,0.0007984241406078586,2.0
1707753120000.0,587032,1707753120000.0,0.009069755501222377,-0.0001251,1672.8026330625962,1672.8136344440143,-0.6,1.0425,0.7,1.027383740831296,long_nclose,0.7191686185819072,0.0004299183922643885,1.0
1707753360000.0,587036,1707753360000.0,0.004534877750611188,-6.255e-05,1672.8071053903468,1672.8133518940142,-0.3,1.0425,0.4,1.027383740831296,long_nclose,0.41095349633251843,0.00024566699591858985,4.0
1707754620000.0,587057,1707754620000.0,0.0008916259168703978,-2.0726e-05,1672.8079762902637,1672.8112211680143,-0.1,1.0363,0.3,1.027383740831296,long_nclose,0.3082151222493888,0.00018425015101428932,21.0
1707754920000.0,587062,1707754920000.0,0.0015116259168703962,-2.0850000000000002e-05,1672.8094670661806,1672.8126903180143,-0.1,1.0425,0.2,1.027383740831296,long_nclose,0.20547674816625922,0.00012283332454271077,5.0
1707756060000.0,587081,1707756060000.0,0.0015116259168703962,-2.0850000000000002e-05,1672.8109578420974,1672.8124394680142,-0.1,1.0425,0.1,1.027383740831296,long_nclose,0.10273837408312961,6.141660753804522e-05,19.0
1707756600000.0,587090,1707756600000.0,0.0015116259168703962,-2.0850000000000002e-05,1672.8124486180143,1672.8124486180143,-0.1,1.0425,0.0,1.027383740831296,long_nclose,0.0,0.0,9.0
1707831060000.0,588331,1707831060000.0,0.0,-0.016737928000000003,1672.7957106900142,1673.2414506900143,78.2,1.0702,78.2,1.0702,long_ientry_normal,83.68964000000001,0.05002980308066353,1241.0
1707831240000.0,588334,1707831240000.0,0.05849999999999789,-0.00418548,1672.8500252100143,1672.9145952100143,-19.5,1.0732,58.7,1.0702,long_nclose,62.82074000000001,0.037553121351756154,3.0
1707831300000.0,588335,1707831300000.0,0.0,-0.00417378,1672.8458514300144,1672.5643314300144,19.5,1.0702,78.2,1.0702,long_ientry_partial,83.68964000000001,0.05002830352148634,1.0
1707832020000.0,588347,1707832020000.0,0.05849999999999789,-0.00418548,1672.9001659500145,1673.1290959500145,-19.5,1.0732,58.7,1.0702,long_nclose,62.82074000000001,0.03755199579666792,12.0
1707832620000.0,588357,1707832620000.0,0.04379999999999842,-0.003133744,1672.9408322060144,1673.0819522060144,-14.6,1.0732,44.1,1.0702,long_nclose,47.195820000000005,0.028211290615559603,10.0
1707832800000.0,588360,1707832800000.0,0.03299999999999881,-0.00236104,1672.9714711660142,1673.1237311660143,-11.0,1.0732,33.1,1.0702,long_nclose,35.42362,0.021174072965697812,3.0
1707833280000.0,588368,1707833280000.0,0.0,-0.009653204000000002,1672.9618179620143,1672.9461779620142,45.1,1.0702,78.2,1.0702,long_ientry_partial,83.68964000000001,0.05002483565461758,8.0
1707833340000.0,588369,1707833340000.0,0.05849999999999789,-0.00418548,1673.0161324820144,1673.2861524820144,-19.5,1.0732,58.7,1.0702,long_nclose,62.82074000000001,0.03754939284823385,1.0
1707833460000.0,588371,1707833460000.0,0.0,-0.00417378,1673.0119587020145,1672.8946587020143,19.5,1.0702,78.2,1.0702,long_ientry_partial,83.68964000000001,0.050023336393201626,2.0
1707833760000.0,588376,1707833760000.0,0.05849999999999789,-0.00418548,1673.0662732220146,1673.2482432220147,-19.5,1.0732,58.7,1.0702,long_nclose,62.82074000000001,0.037548267516635155,5.0
1707834000000.0,588380,1707834000000.0,0.0,-0.00417378,1673.0620994420146,1673.0229994420147,19.5,1.0702,78.2,1.0702,long_ientry_partial,83.68964000000001,0.05002183722164973,4.0
1707839160000.0,588466,1707839160000.0,0.05849999999999789,-0.00418548,1673.1164139620148,1673.3159939620148,-19.5,1.0732,58.7,1.0702,long_nclose,62.82074000000001,0.03754714225248539,86.0
1707839460000.0,588471,1707839460000.0,0.0,-0.00417066,1673.1122433020148,1672.9792633020147,19.5,1.0694,78.2,1.0700005115089515,long_ientry_partial,83.67404,0.0500110141055826,5.0
1707840060000.0,588481,1707840060000.0,0.05849002557544525,-0.0041847,1673.1665486275901,1673.3484886020146,-19.5,1.073,58.7,1.0700005115089515,long_nclose,62.80903002557545,0.03753901850183078,10.0
1707840240000.0,588484,1707840240000.0,0.04379253196930772,-0.00313316,1673.2072079995594,1673.4100454420147,-14.6,1.073,44.1,1.0700005115089515,long_nclose,47.187022557544765,0.028201541525726674,3.0
1707840600000.0,588490,1707840600000.0,0.0,-0.007293307999999999,1673.1999146915593,1673.1812521340146,34.1,1.0694,78.2,1.069738651631007,long_ientry_partial,83.65356255754475,0.049996155165335156,6.0
1707844080000.0,588548,1707844080000.0,0.05774629319536306,-0.0041835299999999995,1673.2534774547546,1673.3627386040146,-19.5,1.0727,58.7,1.069738651631007,long_nclose,62.793658850740115,0.037527881876126615,58.0
1707844200000.0,588550,1707844200000.0,0.0,-0.00417027,1673.2493071847546,1673.3330383340144,19.5,1.0693,78.2,1.0696292691910498,long_ientry_partial,83.6450088507401,0.049989567299730725,2.0
1707845460000.0,588571,1707845460000.0,0.05792925077452815,-0.00418314,1673.3030532955293,1673.5009151940146,-19.5,1.0726,58.7,1.0696292691910498,long_nclose,62.78723810151463,0.03752293284701579,21.0
1707846900000.0,588595,1707846900000.0,0.04337266981067236,-0.003131992,1673.34329397334,1673.4919432020147,-14.6,1.0726,44.1,1.0696292691910498,long_nclose,47.1706507713253,0.028189464135191872,24.0
1707848100000.0,588615,1707848100000.0,0.03267803889845178,-0.00235972,1673.3736122922385,1673.5017334820147,-11.0,1.0726,33.1,1.0696292691910498,long_nclose,35.40472881022375,0.02115769517945563,20.0
1707848400000.0,588620,1707848400000.0,0.024359992633391322,-0.0017590639999999999,1673.396213220872,1673.4726744180148,-8.2,1.0726,24.9,1.0696292691910498,long_nclose,26.63376880285714,0.01591599681679317,5.0
1707850260000.0,588651,1707850260000.0,0.0,-0.011401936000000001,1673.3848112848718,1673.3762624820147,53.3,1.0696,78.2,1.0696093197296308,long_ientry_partial,83.64344880285714,0.04998458707093997,31.0
1707852720000.0,588692,1707852720000.0,0.0583182652721993,-0.00418314,1673.4389464101441,1673.6438493420148,-19.5,1.0726,58.7,1.0696093197296308,long_nclose,62.786067068129334,0.03751918598692698,41.0
1707852900000.0,588695,1707852900000.0,0.043663931947390246,-0.003131992,1673.4794783500915,1673.606957350015,-14.6,1.0726,44.1,1.0696093197296308,long_nclose,47.16977100007672,0.028186644419794203,3.0
1707852960000.0,588696,1707852960000.0,0.03289748297406114,-0.00235972,1673.5100161130656,1673.5858376300148,-11.0,1.0726,33.1,1.0696093197296308,long_nclose,35.40406848305078,0.021155576089876723,1.0
1707853560000.0,588706,1707853560000.0,0.0,-0.00964689,1673.5003692230655,1673.3716307400148,45.1,1.0695,78.2,1.0695462721617746,long_ientry_partial,83.63851848305077,0.0499781894412611,10.0
1707856620000.0,588757,1707856620000.0,0.05759769284539629,-0.00418275,1673.5537841659109,1673.7330379900147,-19.5,1.0725,58.7,1.0695462721617746,long_nclose,62.78236617589617,0.037514400056874495,51.0
1707856860000.0,588761,1707856860000.0,0.04312442643809158,-0.0031317000000000003,1673.5937768923488,1673.8078262900146,-14.6,1.0725,44.1,1.0695462721617746,long_nclose,47.16699060233426,0.028183058071545516,4.0
1707857520000.0,588772,1707857520000.0,0.03249100622047996,-0.0023595,1673.6239083985693,1673.7150567900146,-11.0,1.0725,33.1,1.0695462721617746,long_nclose,35.40198160855474,0.021152889505760962,11.0
1707857580000.0,588773,1707857580000.0,0.024220568273448692,-0.0017588999999999999,1673.6463700668428,1673.7224078900147,-8.2,1.0725,24.9,1.0695462721617746,long_nclose,26.631702176828185,0.015912383077534207,1.0
1707858060000.0,588781,1707858060000.0,0.018313112596997794,-0.0013299000000000002,1673.66335327944,1673.7148479900147,-6.2,1.0725,18.7,1.0695462721617746,long_nclose,20.000515289425184,0.011950142333125363,8.0
1707858120000.0,588782,1707858120000.0,0.013587148055837071,-0.0009866999999999999,1673.6759537274957,1673.7204212900147,-4.6,1.0725,14.1,1.0695462721617746,long_nclose,15.080602437481021,0.009010467291409991,1.0
1707858360000.0,588786,1707858360000.0,0.010338047433789077,-0.0007507500000000001,1673.6855410249295,1673.7232105400146,-3.5,1.0725,10.6,1.0695462721617746,long_nclose,11.33719048491481,0.006773787672188502,4.0
1707860820000.0,588827,1707860820000.0,0.03273804743378894,-0.00075523,1673.7175238423633,1673.7846453100146,-3.5,1.0789,7.1,1.0695462721617746,long_nclose,7.593778532348599,0.004537072967316203,41.0
1707861900000.0,588845,1707861900000.0,0.005021337324983266,-0.00036465,1673.7221805296883,1673.7413706600148,-1.7,1.0725,5.4,1.0695462721617746,long_nclose,5.775549869673583,0.003450721951862869,18.0
1707862080000.0,588848,1707862080000.0,0.0,-0.015577744000000003,1673.7066027856883,1673.6459529160147,72.8,1.0699,78.2,1.0698755737809922,long_ientry_partial,83.66426986967359,0.04998741698839224,3.0
1707863880000.0,588878,1707863880000.0,0.05702631127065194,-0.00418392,1673.759445176959,1674.0485089960148,-19.5,1.0728,58.7,1.0698755737809922,long_nclose,62.80169618094425,0.03752133937879258,30.0
1707865620000.0,588907,1707865620000.0,0.04269662279751376,-0.003132576,1673.7990092237565,1673.8926964200148,-14.6,1.0728,44.1,1.0698755737809922,long_nclose,47.181512803741754,0.02818827860677413,29.0
1707865800000.0,588910,1707865800000.0,0.03216868840908571,-0.00236016,1673.8288177521654,1673.9289262600146,-11.0,1.0728,33.1,1.0698755737809922,long_nclose,35.412881492150845,0.02115681192519308,3.0
1707867000000.0,588930,1707867000000.0,0.02398029499586389,-0.0017593919999999998,1673.8510386551613,1673.9363068680145,-8.2,1.0728,24.9,1.0698755737809922,long_nclose,26.639901787146705,0.015915336055560992,20.0
1707867600000.0,588940,1707867600000.0,0.01813144255784831,-0.0013302720000000002,1673.8678398257193,1673.9318765960147,-6.2,1.0728,18.7,1.0698755737809922,long_nclose,20.006673229704553,0.011952361323691851,10.0
1707867720000.0,588942,1707867720000.0,0.013452360607435841,-0.000986976,1673.880305210327,1673.928589620015,-4.6,1.0728,14.1,1.0698755737809922,long_nclose,15.08524559031199,0.009012141156900997,2.0
1707867900000.0,588945,1707867900000.0,0.010235491766527272,-0.0007509600000000001,1673.8897897420934,1673.928208660015,-3.5,1.0728,10.6,1.0698755737809922,long_nclose,11.340681082078516,0.006775046452625681,3.0
1707868140000.0,588949,1707868140000.0,0.007603508169420259,-0.000557856,1673.896835394263,1673.9218308040151,-2.6,1.0728,8.0,1.0698755737809922,long_nclose,8.559004590247937,0.005113221083443881,4.0
1707868860000.0,588961,1707868860000.0,0.005848852438015584,-0.00042912,1673.902255126701,1673.914401684015,-2.0,1.0728,6.0,1.0698755737809922,long_nclose,6.419253442685953,0.003834903395957291,12.0
1707868980000.0,588963,1707868980000.0,0.004386639328511688,-0.00032184,1673.9063199260295,1673.912729844015,-1.5,1.0728,4.5,1.0698755737809922,long_nclose,4.814440082014465,0.002876170562655631,2.0
1707869160000.0,588966,1707869160000.0,0.0,-0.015774748,1673.8905451780295,1673.868545096015,73.7,1.0702,78.2,1.0701813309720518,long_ientry_partial,83.68818008201445,0.049996208129076715,3.0
1707880860000.0,589161,1707880860000.0,0.05691404604498851,-0.00418509,1673.9432741340745,1674.143950006015,-19.5,1.0731,58.7,1.0701813309720518,long_nclose,62.819644128059444,0.03752794082019048,195.0
1707881040000.0,589164,1707881040000.0,0.04261256780804268,-0.003133452,1673.9827532498825,1674.1114665540151,-14.6,1.0731,44.1,1.0701813309720518,long_nclose,47.19499669586749,0.02819323950873614,3.0
1707881100000.0,589165,1707881100000.0,0.032105359307429415,-0.00236082,1674.01249778919,1674.0859357340153,-11.0,1.0731,33.1,1.0701813309720518,long_nclose,35.42300205517492,0.02116053619788194,1.0
1707881700000.0,589175,1707881700000.0,0.02393308602917465,-0.001759884,1674.0346709912194,1674.1272658500154,-8.2,1.0731,24.9,1.0701813309720518,long_nclose,26.64751514120409,0.015918138138337194,10.0
1707882180000.0,589183,1707882180000.0,0.018095747973278398,-0.0013306440000000002,1674.0514360951927,1674.1172352060153,-6.2,1.0731,18.7,1.0701813309720518,long_nclose,20.012390889177368,0.011954465948703018,8.0
1707883440000.0,589204,1707883440000.0,0.05777574797327816,-0.00133858,1674.1078732631659,1674.2131066260151,-6.2,1.0795,12.5,1.0701813309720518,long_nclose,13.377266637150647,0.007990683784955698,21.0
1707883500000.0,589205,1707883500000.0,0.03820654301458717,-0.0008851899999999999,1674.1451946161806,1674.2503514360153,-4.1,1.0795,8.4,1.0701813309720518,long_nclose,8.989523180165236,0.005369619797060792,1.0
1707884400000.0,589220,1707884400000.0,0.02609227327825465,-0.00060452,1674.1706823694587,1674.2195069160152,-2.8,1.0795,5.6,1.0701813309720518,long_nclose,5.99301545344349,0.0035796920329303323,15.0
1707885300000.0,589235,1707885300000.0,0.00408613663912738,-0.00030046799999999997,1674.174468038098,1674.1871464480153,-1.4,1.0731,4.2,1.0701813309720518,long_nclose,4.494761590082618,0.0026847629538574074,15.0
1707885480000.0,589238,1707885480000.0,0.0029186690279481287,-0.00021462,1674.1771720871259,1674.1861918280154,-1.0,1.0731,3.2,1.0701813309720518,long_nclose,3.424580259110566,0.002045530375283571,3.0
1707885540000.0,589239,1707885540000.0,0.002334935222358503,-0.00017169600000000002,1674.179335326348,1674.190420132015,-0.8,1.0731,2.4,1.0701813309720518,long_nclose,2.5684351943329244,0.0015341457991609117,1.0
1707886920000.0,589262,1707886920000.0,0.007454935222358472,-0.00017271999999999999,1674.1866175415705,1674.2026474120153,-0.8,1.0795,1.6,1.0701813309720518,long_nclose,1.712290129555283,0.0010227594173878088,23.0
1707887580000.0,589273,1707887580000.0,0.004659334513974045,-0.00010795,1674.1911689260844,1674.2022994620152,-0.5,1.0795,1.1,1.0701813309720518,long_nclose,1.1771994640692571,0.0007031451879084846,11.0
1707893700000.0,589375,1707893700000.0,0.007859334513974137,-0.00010859000000000002,1674.1989196705983,1674.2087108720152,-0.5,1.0859,0.6,1.0701813309720518,long_nclose,0.6421087985832311,0.000383531963280425,102.0
1707893880000.0,589378,1707893880000.0,0.004715600708384482,-6.5154e-05,1674.2035701173068,1674.2083157180152,-0.3,1.0859,0.3,1.0701813309720518,long_nclose,0.32105439929161556,0.0001917654489705336,3.0
1707894060000.0,589381,1707894060000.0,0.0015718669027948275,-2.1718000000000004e-05,1674.2051202662096,1674.2082840000153,-0.1,1.0859,0.2,1.0701813309720518,long_nclose,0.21403626619441038,0.00012784351427642105,3.0
1707894240000.0,589384,1707894240000.0,0.0015718669027948275,-2.1718000000000004e-05,1674.2066704151125,1674.2083122820154,-0.1,1.0859,0.1,1.0701813309720518,long_nclose,0.10701813309720519,6.392169795301944e-05,3.0
1707896100000.0,589415,1707896100000.0,0.0022118669027948235,-2.1846000000000004e-05,1674.2088604360154,1674.2088604360154,-0.1,1.0923,0.0,1.0701813309720518,long_nclose,0.0,0.0,31.0
1707922560000.0,589856,1707922560000.0,0.0,-0.01674442,1674.1921160160155,1674.2229160160155,77.0,1.0873,77.0,1.0873,long_ientry_normal,83.7221,0.05000746282286226,441.0
1707925140000.0,589899,1707925140000.0,0.05760000000000218,-0.004186752,1674.2455292640157,1674.4189292640156,-19.2,1.0903,57.8,1.0873,long_nclose,62.84593999999999,0.03753687192321579,43.0
1707925200000.0,589900,1707925200000.0,0.04320000000000164,-0.0031400640000000006,1674.2855892000157,1674.4244692000157,-14.4,1.0903,43.4,1.0873,long_nclose,47.18881999999999,0.028184450911117924,1.0
1707925560000.0,589906,1707925560000.0,0.03240000000000123,-0.0023550480000000006,1674.3156341520157,1674.4623341520157,-10.8,1.0903,32.6,1.0873,long_nclose,35.44598,0.021170428846859685,6.0
1707926400000.0,589920,1707926400000.0,0.024300000000000918,-0.001766286,1674.3381678660157,1674.4239178660157,-8.1,1.0903,24.5,1.0873,long_nclose,26.638849999999998,0.015910077492859075,14.0
1707926580000.0,589923,1707926580000.0,0.0,-0.0114156,1674.3267522660158,1674.3397022660158,52.5,1.0872,77.0,1.0872318181818181,long_ientry_partial,83.71685,0.05000030602551056,3.0
1707939000000.0,590130,1707939000000.0,0.05698909090909296,-0.004186368,1674.3795549889248,1674.5568958980157,-19.2,1.0902,57.8,1.0872318181818181,long_nclose,62.841999090909084,0.03753151363062645,207.0
1707939540000.0,590139,1707939540000.0,0.04274181818181973,-0.0031397760000000004,1674.4191570311068,1674.5479761220158,-14.4,1.0902,43.4,1.0872318181818181,long_nclose,47.185860909090906,0.028180435413051298,9.0
1707939600000.0,590140,1707939600000.0,0.0320563636363648,-0.0023548320000000007,1674.4488585627432,1674.5391012900159,-10.8,1.0902,32.6,1.0872318181818181,long_nclose,35.443757272727275,0.021167417022906445,1.0
1707939660000.0,590141,1707939660000.0,0.024042272727273592,-0.001766124,1674.4711347114705,1674.561005166016,-8.1,1.0902,24.5,1.0872318181818181,long_nclose,26.637179545454543,0.015907816499950843,1.0
1707940140000.0,590149,1707940140000.0,0.01810590909090974,-0.001330044,1674.4879105765615,1674.548045122016,-6.1,1.0902,18.4,1.0872318181818181,long_nclose,20.005065454545452,0.011946975148752962,8.0
1707940740000.0,590159,1707940740000.0,0.013653636363636855,-0.001002984,1674.500561228925,1674.542902138016,-4.6,1.0902,13.8,1.0872318181818181,long_nclose,15.00379909090909,0.008960163668083648,10.0
1707940980000.0,590163,1707940980000.0,0.010091818181818545,-0.000741336,1674.509911711107,1674.5407808020161,-3.4,1.0902,10.4,1.0872318181818181,long_nclose,11.307210909090909,0.006752549405656593,4.0
1707941040000.0,590164,1707941040000.0,0.007717272727273006,-0.0005669040000000001,1674.5170620798342,1674.538653898016,-2.6,1.0902,7.8,1.0872318181818181,long_nclose,8.48040818181818,0.0050643904286559425,1.0
1707941280000.0,590168,1707941280000.0,0.005639545454545657,-0.00041427600000000004,1674.522287349289,1674.5433396220162,-1.9,1.0902,5.9,1.0872318181818181,long_nclose,6.414667727272727,0.0038307449090014354,4.0
1707941880000.0,590178,1707941880000.0,0.0,-0.015454296,1674.506833053289,1674.5042853260163,71.1,1.0868,77.0,1.086833087367178,long_ientry_partial,83.68614772727271,0.049976593750101175,10.0
1707947100000.0,590265,1707947100000.0,0.0569647225501825,-0.004184832,1674.5596129438393,1674.7195404940164,-19.2,1.0898,57.8,1.086833087367178,long_nclose,62.81895244982289,0.037513715226529645,87.0
1707947520000.0,590272,1707947520000.0,0.04272354191263688,-0.0031386240000000004,1674.599197861752,1674.7192818700164,-14.4,1.0898,43.4,1.086833087367178,long_nclose,47.16855599173553,0.028167071889180238,7.0
1707947640000.0,590274,1707947640000.0,0.03204265643447766,-0.0023539680000000006,1674.6288865501863,1674.7614679020162,-10.8,1.0898,32.6,1.086833087367178,long_nclose,35.430758648170006,0.02115737936490456,2.0
1707949680000.0,590308,1707949680000.0,0.0,-0.009650784,1674.6192357661862,1674.7567571180161,44.4,1.0868,77.0,1.0868140084177922,long_ientry_partial,83.68467864816999,0.049972361991818315,34.0
1707950520000.0,590322,1707950520000.0,0.05733103837839195,-0.004184832,1674.6723819725646,1674.8507522860161,-19.2,1.0898,57.8,1.0868140084177922,long_nclose,62.817849686548385,0.03751053063438978,14.0
1707951060000.0,590331,1707951060000.0,0.04299827878379397,-0.0031386240000000004,1674.7122416273485,1674.8331536620162,-14.4,1.0898,43.4,1.0868140084177922,long_nclose,47.167727965332176,0.028164676171172208,9.0
1707951600000.0,590340,1707951600000.0,0.032248709087845474,-0.0023539680000000006,1674.7421363684361,1674.888379694016,-10.8,1.0898,32.6,1.0868140084177922,long_nclose,35.43013667442003,0.021155577270688283,9.0
1707951900000.0,590345,1707951900000.0,0.024186531815884104,-0.001765476,1674.7645574242522,1674.8377142180163,-8.1,1.0898,24.5,1.0868140084177922,long_nclose,26.626943206235907,0.01589891730643471,5.0
1707952320000.0,590352,1707952320000.0,0.018214548651468276,-0.001329556,1674.7814424169037,1674.8290246620163,-6.1,1.0898,18.4,1.0868140084177922,long_nclose,19.997377754887374,0.011940290982702101,7.0
1707952380000.0,590353,1707952380000.0,0.013735561278156404,-0.0010026160000000002,1674.7941753621817,1674.8381420460162,-4.6,1.0898,13.8,1.0868140084177922,long_nclose,14.998033316165532,0.008955150153255185,1.0
1707952980000.0,590363,1707952980000.0,0.010152371379506907,-0.0007410640000000002,1674.8035866695611,1674.837760982016,-3.4,1.0898,10.4,1.0868140084177922,long_nclose,11.302865687545038,0.006748770887230668,10.0
1707953100000.0,590365,1707953100000.0,0.007763578113740577,-0.0005666960000000001,1674.8107835516748,1674.8247142860162,-2.6,1.0898,7.8,1.0868140084177922,long_nclose,8.47714926565878,0.005061556415156211,2.0
1707953820000.0,590377,1707953820000.0,0.005673384006195037,-0.000414124,1674.8160428116812,1674.8360201620162,-1.9,1.0898,5.9,1.0868140084177922,long_nclose,6.412202649664974,0.0038286011632060607,12.0
1707953940000.0,590379,1707953940000.0,0.00418038821509108,-0.00030514400000000003,1674.819918055896,1674.836055018016,-1.4,1.0898,4.5,1.0868140084177922,long_nclose,4.890663037880065,0.00292011277460628,2.0
1707954660000.0,590391,1707954660000.0,0.0032845907404287058,-0.00023975600000000004,1674.8229628906365,1674.833115262016,-1.1,1.0898,3.4,1.0868140084177922,long_nclose,3.6951676286204935,0.002206303418626929,12.0
1707954780000.0,590393,1707954780000.0,0.0023887932657663314,-0.00017436800000000005,1674.8251773159022,1674.833200894016,-0.8,1.0898,2.6,1.0868140084177922,long_nclose,2.8257164218862596,0.0016871709717278024,2.0
1707954960000.0,590396,1707954960000.0,0.0017915949493247485,-0.000130776,1674.8268381348514,1674.8334101180158,-0.6,1.0898,2.0,1.0868140084177922,long_nclose,2.1736280168355844,0.0012978225374368948,3.0
1707955200000.0,590400,1707955200000.0,0.001492995791103957,-0.00010898000000000002,1674.8282221506424,1674.8354011380156,-0.5,1.0898,1.5,1.0868140084177922,long_nclose,1.6302210126266883,0.0009733660987234416,4.0
1707956580000.0,590423,1707956580000.0,0.004742995791103932,-0.00010963,1674.8328555164335,1674.8432415080156,-0.5,1.0963,1.0,1.0868140084177922,long_nclose,1.0868140084177922,0.0006489089372937301,23.0
1707956820000.0,590427,1707956820000.0,0.002845797474662359,-6.5778e-05,1674.8356355359083,1674.8424857300158,-0.3,1.0963,0.7,1.0868140084177922,long_nclose,0.7607698058924545,0.0004542355021297513,4.0
1707957180000.0,590433,1707957180000.0,0.001897198316441573,-4.3852000000000006e-05,1674.8374888822245,1674.8422818780157,-0.2,1.0963,0.5,1.0868140084177922,long_nclose,0.5434070042088961,0.00032445357105754917,6.0
1707960180000.0,590483,1707960180000.0,0.0009485991582207865,-2.1926000000000003e-05,1674.8384155553827,1674.8424099520155,-0.1,1.0963,0.4,1.0868140084177922,long_nclose,0.4347256033671169,0.00025956271323222563,50.0
1707960780000.0,590493,1707960780000.0,0.0,-0.016669692,1674.8217458633826,1674.8145602600155,76.6,1.0881,77.0,1.0880933195242481,long_ientry_partial,83.7831856033671,0.05002513599450326,10.0
1707960780000.0,590493,1707960780000.0,0.0001706680475751954,-2.1796000000000006e-05,1674.82189473543,1674.8147184640154,-0.1,1.0898,76.9,1.0880933195242481,long_nclose,83.67437627141469,0.049960163844545775,0.0
1707961260000.0,590501,1707961260000.0,0.05772826513443476,-0.004189824,1674.8754331765647,1675.0546886400155,-19.2,1.0911,57.7,1.0880933195242481,long_nclose,62.78298453654912,0.037485166534131475,8.0
1707961500000.0,590505,1707961500000.0,0.0,-0.0042000660000000006,1674.8712331105646,1674.8177185740155,19.3,1.0881,77.0,1.0880949939811575,long_ientry_partial,83.78331453654913,0.050023734887933484,4.0
1707961680000.0,590508,1707961680000.0,0.05769611556177523,-0.004189824,1674.9247394021265,1675.1042087500157,-19.2,1.0911,57.8,1.0880949939811575,long_nclose,62.8918906521109,0.037549084548455895,3.0
1707962040000.0,590514,1707962040000.0,0.04327208667133142,-0.0031423680000000004,1674.9648691207979,1675.0996263820157,-14.4,1.0911,43.4,1.0880949939811575,long_nclose,47.22332273878224,0.02819361982414003,6.0
1707962160000.0,590516,1707962160000.0,0.13687208667133072,-0.003161088,1675.098580119469,1675.4032252940156,-14.4,1.0976,29.0,1.0880949939811575,long_nclose,31.554754825453568,0.018837550935780187,2.0
1707962760000.0,590526,1707962760000.0,0.23207258727321745,-0.00320189,1675.3274508167424,1675.5450234040156,-14.5,1.1041,14.5,1.0880949939811575,long_nclose,15.777377412726784,0.009417488745280884,10.0
1707962880000.0,590528,1707962880000.0,0.1152360433356666,-0.0015899040000000003,1675.4410969560781,1675.5593935000156,-7.2,1.1041,7.3,1.0880949939811575,long_nclose,7.943093456062449,0.004740896872168989,2.0
1707963420000.0,590537,1707963420000.0,0.0576180216678333,-0.0007949520000000001,1675.497920025746,1675.5582485480156,-3.6,1.1041,3.7,1.0880949939811575,long_nclose,4.025951477730283,0.002402838839494602,9.0
1707964560000.0,590556,1707964560000.0,0.02880901083391665,-0.00039747600000000007,1675.5263315605798,1675.5584510720157,-1.8,1.1041,1.9,1.0880949939811575,long_nclose,2.0673804885641993,0.0012338692920681514,19.0
1707965160000.0,590566,1707965160000.0,0.014404505416958325,-0.00019873800000000003,1675.5405373279966,1675.5573423340154,-0.9,1.1041,1.0,1.0880949939811575,long_nclose,1.0880949939811575,0.000649399384700268,10.0
1707965400000.0,590570,1707965400000.0,0.008002503009421291,-0.00011041000000000001,1675.5484294210062,1675.5565319240156,-0.5,1.1041,0.5,1.0880949939811575,long_nclose,0.5440474969905787,0.00032469816296421645,4.0
1707965520000.0,590572,1707965520000.0,0.0032010012037685166,-4.4164000000000006e-05,1675.55158625821,1675.5564177600156,-0.2,1.1041,0.3,1.0880949939811575,long_nclose,0.3264284981943472,0.00019481853072833005,2.0
1707966060000.0,590581,1707966060000.0,0.0016005006018842583,-2.2082000000000003e-05,1675.5531646768118,1675.5564456780155,-0.1,1.1041,0.2,1.0880949939811575,long_nclose,0.2176189987962315,0.00012987889813583254,9.0
1707969600000.0,590640,1707969600000.0,0.004481001203768509,-4.4420000000000005e-05,1675.5576012580154,1675.5576012580154,-0.2,1.1105,0.0,1.0880949939811575,long_nclose,0.0,0.0,59.0
1707976200000.0,590750,1707976200000.0,0.0,-0.016762018,1675.5408392400154,1675.4871492400155,76.7,1.0927,76.7,1.0927,long_ientry_normal,83.81009,0.05001972380333876,110.0
1707977280000.0,590768,1707977280000.0,0.057299999999997936,-0.004185574,1675.5939536660153,1676.0144336660153,-19.1,1.0957,57.6,1.0927,long_nclose,62.93952,0.0375625131985558,18.0
1707978360000.0,590786,1707978360000.0,0.04319999999999844,-0.003155616,1675.6339980500154,1675.8197580500155,-14.4,1.0957,43.2,1.0927,long_nclose,47.204640000000005,0.028171211645820884,18.0
1707978840000.0,590794,1707978840000.0,0.13680000000000092,-0.0031743360000000003,1675.7676237140154,1676.0527437140154,-14.4,1.1022,28.8,1.0927,long_nclose,31.46976,0.018779310182788563,8.0
1707980940000.0,590829,1707980940000.0,0.23040000000000022,-0.003193056,1675.9948306580152,1676.223790658015,-14.4,1.1087,14.4,1.0927,long_nclose,15.73488,0.009388382178853322,35.0
1707981000000.0,590830,1707981000000.0,0.11520000000000011,-0.001596528,1676.1084341300152,1676.2272341300152,-7.2,1.1087,7.2,1.0927,long_nclose,7.86744,0.0046938729259981314,1.0
1707981420000.0,590837,1707981420000.0,0.057600000000000054,-0.000798264,1676.1652358660153,1676.2231958660154,-3.6,1.1087,3.6,1.0927,long_nclose,3.93372,0.002346856930228353,7.0
1707981660000.0,590841,1707981660000.0,0.028800000000000027,-0.000399132,1676.1936367340154,1676.2226167340154,-1.8,1.1087,1.8,1.0927,long_nclose,1.96686,0.001173408582932181,4.0
1707982140000.0,590849,1707982140000.0,0.014400000000000013,-0.000199566,1676.2078371680154,1676.2227771680155,-0.9,1.1087,0.9,1.0927,long_nclose,0.98343,0.0005866993210469195,8.0
1707982260000.0,590851,1707982260000.0,0.006400000000000006,-8.8696e-05,1676.2141484720155,1676.2222984720154,-0.4,1.1087,0.5,1.0927,long_nclose,0.54635,0.0003259428399993137,2.0
1707983100000.0,590865,1707983100000.0,0.0009500000000000064,-2.2044000000000004e-05,1676.2150764280157,1676.2191964280157,-0.1,1.1022,0.4,1.0927,long_nclose,0.43708,0.0002607541276453674,14.0
1707984540000.0,590889,1707984540000.0,0.0009500000000000064,-2.2044000000000004e-05,1676.2160043840158,1676.2185543840158,-0.1,1.1022,0.3,1.0927,long_nclose,0.32781,0.0001955654874685827,24.0
1707984900000.0,590895,1707984900000.0,0.0009500000000000064,-2.2044000000000004e-05,1676.216932340016,1676.218952340016,-0.1,1.1022,0.2,1.0927,long_nclose,0.21854,0.00013037691946883982,6.0
1707985500000.0,590905,1707985500000.0,0.0016000000000000016,-2.2174e-05,1676.2185101660161,1676.220070166016,-0.1,1.1087,0.1,1.0927,long_nclose,0.10927,6.518839837246379e-05,10.0
1707985560000.0,590906,1707985560000.0,0.0016000000000000016,-2.2174e-05,1676.2200879920163,1676.2200879920163,-0.1,1.1087,0.0,1.0927,long_nclose,0.0,0.0,1.0
1708030800000.0,591660,1708030800000.0,0.0,-0.016763584,1676.2033244080162,1676.045404408016,75.2,1.1146,75.2,1.1146,long_ientry_normal,83.81792,0.05000462579896262,754.0
1708030920000.0,591662,1708030920000.0,0.05827999999999776,-0.004202552,1676.2574018560163,1676.4548018560163,-18.8,1.1177,56.4,1.1146,long_nclose,62.86344,0.037502259456331226,2.0
1708031040000.0,591664,1708031040000.0,0.04370999999999831,-0.003151914,1676.2979599420162,1676.4629299420162,-14.1,1.1177,42.3,1.1146,long_nclose,47.14758,0.028126014065918716,2.0
1708032600000.0,591690,1708032600000.0,0.0,-0.0073353839999999995,1676.2906245580161,1676.1787645580162,32.9,1.1148,75.2,1.1146874999999998,long_ientry_partial,83.82449999999999,0.05000594692349473,26.0
1708032900000.0,591695,1708032900000.0,0.058515000000001385,-0.004202928,1676.344936630016,1676.5092016300162,-18.8,1.1178,56.4,1.1146874999999998,long_nclose,62.868374999999986,0.037503245081758244,5.0
1708032960000.0,591696,1708032960000.0,0.043886250000001036,-0.003152196,1676.385670684016,1676.491949434016,-14.1,1.1178,42.3,1.1146874999999998,long_nclose,47.15128124999999,0.028126750350210783,1.0
1708033200000.0,591700,1708033200000.0,0.0,-0.0073353839999999995,1676.378335300016,1676.353014050016,32.9,1.1148,75.2,1.1147367187499997,long_ientry_partial,83.82820124999998,0.05000553841862763,4.0
1708048680000.0,591958,1708048680000.0,0.057589687500004066,-0.004202928,1676.431722059516,1676.649611122016,-18.8,1.1178,56.4,1.1147367187499997,long_nclose,62.87115093749998,0.03750295947648977,258.0
1708049340000.0,591969,1708049340000.0,0.04319226562500304,-0.003152196,1676.471762129141,1676.6478689260161,-14.1,1.1178,42.3,1.1147367187499997,long_nclose,47.15336320312498,0.028126547829973345,11.0
1708051800000.0,592010,1708051800000.0,0.03216445312500227,-0.00234738,1676.5015792022662,1676.5989915460161,-10.5,1.1178,31.8,1.1147367187499997,long_nclose,35.44862765624999,0.021144404572000224,41.0
1708051860000.0,592011,1708051860000.0,0.02419992187500171,-0.001766124,1676.5240130001412,1676.6091754220163,-7.9,1.1178,23.9,1.1147367187499997,long_nclose,26.642207578124992,0.015891336701136023,1.0
1708051980000.0,592013,1708051980000.0,0.018073359375001277,-0.0013190040000000001,1676.5407673555162,1676.5995064180163,-5.9,1.1178,18.0,1.1147367187499997,long_nclose,20.065260937499993,0.01196825113244925,2.0
1708052100000.0,592015,1708052100000.0,0.013784765625000972,-0.0010060199999999998,1676.5535461011411,1676.607050398016,-4.5,1.1178,13.5,1.1147367187499997,long_nclose,15.048945703124996,0.00897611993253757,2.0
1708052940000.0,592029,1708052940000.0,0.010108828125000711,-0.000737748,1676.5629171812664,1676.6064026500164,-3.3,1.1178,10.2,1.1147367187499997,long_nclose,11.370314531249996,0.006781919374887774,14.0
1708053840000.0,592044,1708053840000.0,0.00765820312500054,-0.0005589,1676.5700164843913,1676.5959137500163,-2.5,1.1178,7.7,1.1147367187499997,long_nclose,8.583472734374999,0.0051196625550859656,15.0
1708054140000.0,592049,1708054140000.0,0.00582023437500041,-0.000424764,1676.5754119547664,1676.5972389860165,-1.9,1.1178,5.8,1.1147367187499997,long_nclose,6.465472968749998,0.0038563567869647573,5.0
1708054380000.0,592053,1708054380000.0,0.004288593750000302,-0.000312984,1676.5793875645165,1676.5941860020166,-1.4,1.1178,4.4,1.1147367187499997,long_nclose,4.904841562499999,0.0029255051081267425,4.0
1708059900000.0,592145,1708059900000.0,0.013668593750000513,-0.00031486000000000003,1676.5927412982667,1676.6223311420167,-1.4,1.1245,3.0,1.1147367187499997,long_nclose,3.344210156249999,0.001994646686624932,92.0
1708060320000.0,592152,1708060320000.0,0.009763281250000366,-0.00022490000000000002,1676.6022796795166,1676.6218062420166,-1.0,1.1245,2.0,1.1147367187499997,long_nclose,2.2294734374999994,0.001329756892568561,7.0
1708060800000.0,592160,1708060800000.0,0.00585796875000022,-0.00013494,1676.6080027082667,1676.6218113020166,-0.6,1.1245,1.4,1.1147367187499997,long_nclose,1.5606314062499995,0.0009308266474507296,8.0
1708061760000.0,592176,1708061760000.0,0.011454296875000214,-0.000158354,1676.6192986511417,1676.6306829480166,-0.7,1.1311,0.7,1.1147367187499997,long_nclose,0.7803157031249998,0.0004654101880807242,16.0
1708061820000.0,592177,1708061820000.0,0.004908984375000092,-6.786599999999999e-05,1676.6241397695167,1676.6313250820167,-0.3,1.1311,0.4,1.1147367187499997,long_nclose,0.4458946874999999,0.00026594791099768874,1.0
1708062060000.0,592181,1708062060000.0,0.009185312500000098,-9.1016e-05,1676.6332340660167,1676.6332340660167,-0.4,1.1377,0.0,1.1147367187499997,long_nclose,0.0,0.0,4.0
1708068840000.0,592294,1708068840000.0,0.0,-0.016767,1676.6164670660166,1676.6539670660165,75.0,1.1178,75.0,1.1178,long_ientry_normal,83.835,0.05000249111635321,113.0
1708068900000.0,592295,1708068900000.0,0.057970000000001916,-0.004192166,1676.6702449000168,1676.8672949000168,-18.7,1.1209,56.3,1.1178,long_nclose,62.93213999999999,0.0375339994202335,1.0
1708068960000.0,592296,1708068960000.0,0.0,-0.004180572,1676.6660643280168,1676.7560643280167,18.7,1.1178,75.0,1.1178,long_ientry_partial,83.835,0.05000101199853403,1.0
1708069200000.0,592300,1708069200000.0,0.057970000000001916,-0.004192166,1676.719842162017,1676.8437021620168,-18.7,1.1209,56.3,1.1178,long_nclose,62.93213999999999,0.03753288916701388,4.0
1708069680000.0,592308,1708069680000.0,0.0,-0.004180572,1676.715661590017,1676.7531615900168,18.7,1.1178,75.0,1.1178,long_ientry_partial,83.835,0.04999953296821948,8.0
1708070700000.0,592325,1708070700000.0,0.057970000000001916,-0.004192166,1676.769439424017,1676.977749424017,-18.7,1.1209,56.3,1.1178,long_nclose,62.93213999999999,0.03753177897947475,17.0
1708070820000.0,592327,1708070820000.0,0.18139000000000077,-0.004216849999999999,1676.946612574017,1677.3150925740172,-18.7,1.1275,37.6,1.1178,long_nclose,42.02928,0.025062980350631116,2.0
1708071240000.0,592334,1708071240000.0,0.12125000000000052,-0.00281875,1677.065043824017,1677.3260838240171,-12.5,1.1275,25.1,1.1178,long_nclose,28.05678,0.016729691017842323,7.0
1708071420000.0,592337,1708071420000.0,0.08051000000000036,-0.00187165,1677.143682174017,1677.3032821740169,-8.3,1.1275,16.8,1.1178,long_nclose,18.77904,0.011197037081317595,3.0
1708071480000.0,592338,1708071480000.0,0.05432000000000023,-0.0012628,1677.196739374017,1677.266179374017,-5.6,1.1275,11.2,1.1178,long_nclose,12.519359999999999,0.00746445524612254,1.0
1708071660000.0,592341,1708071660000.0,0.008680000000000286,-0.000627704,1677.204791670017,1677.235031670017,-2.8,1.1209,8.4,1.1178,long_nclose,9.38952,0.005598314556835197,3.0
1708071960000.0,592346,1708071960000.0,0.006510000000000216,-0.0004707780000000001,1677.210830892017,1677.237920892017,-2.1,1.1209,6.3,1.1178,long_nclose,7.042139999999999,0.004198720799015273,5.0
1708072080000.0,592348,1708072080000.0,0.004650000000000154,-0.00033627000000000006,1677.215144622017,1677.230984622017,-1.5,1.1209,4.8,1.1178,long_nclose,5.3654399999999995,0.003199017142913513,2.0
1708072740000.0,592359,1708072740000.0,0.015520000000000068,-0.00036080000000000004,1677.230303822017,1677.267423822017,-1.6,1.1275,3.2,1.1178,long_nclose,3.5769599999999997,0.00213265881963195,11.0
1708072860000.0,592361,1708072860000.0,0.026240000000000308,-0.0003629440000000001,1677.256180878017,1677.2845008780168,-1.6,1.1342,1.6,1.1178,long_nclose,1.7884799999999998,0.0010663129582648245,2.0
1708072980000.0,592363,1708072980000.0,0.036960000000000194,-0.00036508800000000007,1677.2927757900168,1677.2927757900168,-1.6,1.1409,0.0,1.1178,long_nclose,0.0,0.0,2.0
1708074420000.0,592387,1708074420000.0,0.0,-0.016779,1677.2759967900167,1677.4109967900167,75.0,1.1186,75.0,1.1186,long_ientry_normal,83.895,0.050018601685446445,24.0
1708075860000.0,592411,1708075860000.0,0.057969999999997766,-0.004195157999999999,1677.329771632017,1677.5380816320169,-18.7,1.1217,56.3,1.1186,long_nclose,62.97718,0.03754609324004554,24.0
1708077540000.0,592439,1708077540000.0,0.0,-0.004183938,1677.3255876940168,1677.3462176940168,18.7,1.1187,75.0,1.1186249333333333,long_ientry_partial,83.89687,0.05001823773244956,28.0
1708078860000.0,592461,1708078860000.0,0.057503746666664864,-0.004195157999999999,1677.3788962826836,1677.501352536017,-18.7,1.1217,56.3,1.1186249333333333,long_nclose,62.978583746666665,0.03754583051344952,22.0
1708079160000.0,592466,1708079160000.0,0.0,-0.004183564,1677.3747127186837,1677.290808972017,18.7,1.1186,75.0,1.1186187166222221,long_ientry_partial,83.89640374666666,0.0500164948896169,5.0
1708079220000.0,592467,1708079220000.0,0.057619999164444845,-0.004195157999999999,1677.4281375598482,1677.562203814017,-18.7,1.1217,56.3,1.1186187166222221,long_nclose,62.978233745831105,0.0375445196939676,1.0
1708079280000.0,592468,1708079280000.0,0.04313796728888919,-0.00314076,1677.4681347671371,1677.6196230540172,-14.0,1.1217,42.3,1.1186187166222221,long_nclose,47.317571713119996,0.02820773207694257,1.0
1708080060000.0,592481,1708080060000.0,0.1379160956266691,-0.0031820880000000005,1677.602868774764,1677.8758809660173,-14.1,1.1284,28.2,1.1186187166222221,long_nclose,31.545047808746663,0.0188036444118539,13.0
1708080540000.0,592489,1708080540000.0,0.09194406375111273,-0.002121392,1677.692691446515,1677.8859795740173,-9.4,1.1284,18.8,1.1186187166222221,long_nclose,21.030031872497776,0.012535091783922345,8.0
1708081140000.0,592499,1708081140000.0,0.06064395694222329,-0.0013992160000000002,1677.7519361874572,1677.8915603580172,-6.2,1.1284,12.6,1.1186187166222221,long_nclose,14.094595829439998,0.008400881873794,10.0
1708081260000.0,592501,1708081260000.0,0.04108139018666739,-0.0009478560000000002,1677.7920697216439,1677.8708725020172,-4.2,1.1284,8.4,1.1186187166222221,long_nclose,9.396397219626666,0.005600453947303247,2.0
1708081380000.0,592503,1708081380000.0,0.027387593457778258,-0.0006319040000000001,1677.8188254111017,1677.8724805980173,-2.8,1.1284,5.6,1.1186187166222221,long_nclose,6.264264813084443,0.0037335764256605977,2.0
1708081440000.0,592504,1708081440000.0,0.01760631008000031,-0.000406224,1677.8360254971817,1677.8690143740173,-1.8,1.1284,3.8,1.1186187166222221,long_nclose,4.250751123164444,0.002533472317060809,1.0
1708081620000.0,592507,1708081620000.0,0.011737540053333538,-0.000270816,1677.8474922212351,1677.8742235580173,-1.2,1.1284,2.6,1.1186187166222221,long_nclose,2.9084086632177777,0.0017334165808880829,3.0
1708082400000.0,592520,1708082400000.0,0.021295668391111255,-0.0002951,1677.8684927896263,1677.8901784580173,-1.3,1.135,1.3,1.1186187166222221,long_nclose,1.4542043316088888,0.0008666974425338465,13.0
1708082580000.0,592523,1708082580000.0,0.009828770026666734,-0.0001362,1677.878185359653,1677.8899322580173,-0.6,1.135,0.7,1.1186187166222221,long_nclose,0.7830331016355554,0.0004666805424064277,3.0
1708082760000.0,592526,1708082760000.0,0.004914385013333367,-6.81e-05,1677.8830316446663,1677.8893041580175,-0.3,1.135,0.4,1.1186187166222221,long_nclose,0.4474474866488889,0.0002666738254157678,3.0
1708083480000.0,592538,1708083480000.0,0.003276256675555578,-4.5400000000000006e-05,1677.8862625013417,1677.8898787580172,-0.2,1.135,0.2,1.1186187166222221,long_nclose,0.22372374332444445,0.0001333366559607705,12.0
1708084080000.0,592548,1708084080000.0,0.001638128337777789,-2.2700000000000003e-05,1677.8878779296795,1677.8896760580171,-0.1,1.135,0.1,1.1186187166222221,long_nclose,0.11186187166222222,6.666826379379229e-05,10.0
1708084320000.0,592552,1708084320000.0,0.002308128337777782,-2.2834e-05,1677.8901632240172,1677.8901632240172,-0.1,1.1417,0.0,1.1186187166222221,long_nclose,0.0,0.0,4.0
1708093080000.0,592698,1708093080000.0,0.0,-0.01678509,1677.8733781340172,1677.6193981340173,74.7,1.1235,74.7,1.1235,long_ientry_normal,83.92545,0.05001894129420808,146.0
1708094340000.0,592719,1708094340000.0,0.05766000000000191,-0.004190952000000001,1677.9268471820171,1678.083927182017,-18.6,1.1266,56.1,1.1235,long_nclose,63.028349999999996,0.037563228758066856,21.0
1708094400000.0,592720,1708094400000.0,0.04340000000000144,-0.0031544800000000003,1677.9670927020172,1678.0681327020172,-14.0,1.1266,42.1,1.1235,long_nclose,47.29935,0.028188484867026936,1.0
1708094460000.0,592721,1708094460000.0,0.03255000000000108,-0.00236586,1677.997276842017,1678.111036842017,-10.5,1.1266,31.6,1.1235,long_nclose,35.5026,0.02115772205948732,1.0
1708094700000.0,592725,1708094700000.0,0.0,-0.009683708000000001,1677.987593134017,1677.8798531340171,43.1,1.1234,74.7,1.1234423025435074,long_ientry_partial,83.92114000000001,0.05001296811930445,4.0
1708100340000.0,592819,1708100340000.0,0.056873172690763245,-0.004190580000000001,1678.0402757267077,1678.217422554017,-18.6,1.1265,56.1,1.1234423025435074,long_nclose,63.025113172690766,0.03755876070697798,94.0
1708100460000.0,592821,1708100460000.0,0.04280776439089706,-0.0031542000000000002,1678.0799292910988,1678.267598354017,-14.0,1.1265,42.1,1.1234423025435074,long_nclose,47.296920937081666,0.02818514190623932,2.0
1708100580000.0,592823,1708100580000.0,0.0321058232931728,-0.0023656500000000004,1678.109669464392,1678.218932704017,-10.5,1.1265,31.6,1.1234423025435074,long_nclose,35.50077676037483,0.021155218521388852,2.0
1708101060000.0,592831,1708101060000.0,0.0,-0.00968976,1678.0999797043921,1678.0834829440173,43.2,1.1215,74.8,1.1223205449247973,long_ientry_partial,83.94957676037484,0.050026564433403475,8.0
1708110960000.0,592996,1708110960000.0,0.057585809906290225,-0.004208996,1678.1533565182983,1678.3373339480172,-18.7,1.1254,56.1,1.1223205449247973,long_nclose,62.96218257028113,0.03751872993354442,165.0
1708111260000.0,593001,1708111260000.0,0.043112371052837606,-0.00315112,1678.193317769351,1678.2724428280171,-14.0,1.1254,42.1,1.1223205449247973,long_nclose,47.24969494133396,0.028155096579777886,5.0
1708112880000.0,593028,1708112880000.0,0.0,-0.007364994000000001,1678.185952775351,1678.103787834017,32.9,1.1193,75.0,1.1209955325511194,long_ientry_partial,84.07466494133395,0.050098539319968036,27.0
1708114800000.0,593060,1708114800000.0,0.058053541294069276,-0.004204134000000001,1678.2398021826452,1678.4427337000172,-18.7,1.1241,56.3,1.1209955325511194,long_nclose,63.11204848262802,0.037606096816764356,32.0
1708117680000.0,593108,1708117680000.0,0.04346254428432994,-0.0031474800000000002,1678.2801172469294,1678.415666220017,-14.0,1.1241,42.3,1.1209955325511194,long_nclose,47.41811102691235,0.028253990820494006,48.0
1708119600000.0,593140,1708119600000.0,0.138242991029217,-0.003188856,1678.4151713819588,1678.7057573640172,-14.1,1.1308,28.2,1.1209955325511194,long_nclose,31.612074017941566,0.018834478236938894,32.0
1708120020000.0,593147,1708120020000.0,0.092161994019478,-0.0021259040000000005,1678.5052074719783,1678.6932914600172,-9.4,1.1308,18.8,1.1209955325511194,long_nclose,21.074716011961044,0.012555645295674708,7.0
1708120200000.0,593150,1708120200000.0,0.06078769818305996,-0.0014021920000000002,1678.5645929781615,1678.6994692680173,-6.2,1.1308,12.6,1.1209955325511194,long_nclose,14.124543710144104,0.008414656051504042,3.0
1708120500000.0,593155,1708120500000.0,0.04117876328529868,-0.000949872,1678.6048218694466,1678.6888593960173,-4.2,1.1308,8.4,1.1209955325511194,long_nclose,9.416362473429404,0.005609636259082402,5.0
1708120980000.0,593163,1708120980000.0,0.027452508856865784,-0.000633248,1678.6316411303035,1678.6893461480172,-2.8,1.1308,5.6,1.1209955325511194,long_nclose,6.277574982286268,0.0037396977564769806,8.0
1708122300000.0,593185,1708122300000.0,0.004346254428432994,-0.00031474800000000006,1678.635672636732,1678.6503914000173,-1.4,1.1241,4.2,1.1209955325511194,long_nclose,4.708181236714702,0.00280476658125541,22.0
1708123260000.0,593201,1708123260000.0,0.0,-0.015855182,1678.619817454732,1678.6885062180172,70.7,1.1213,74.9,1.1212829270589413,long_ientry_partial,83.9840912367147,0.05003163334748342,16.0
1708124400000.0,593220,1708124400000.0,0.058289263997799275,-0.004205256,1678.6739014627296,1678.888420962017,-18.7,1.1244,56.2,1.1212829270589413,long_nclose,63.016100500712504,0.037539214999293656,19.0
1708124760000.0,593226,1708124760000.0,0.04363902117482299,-0.0031483200000000005,1678.7143921639044,1678.879692642017,-14.0,1.1244,42.2,1.1212829270589413,long_nclose,47.318139521887325,0.028187129235779693,6.0
1708126560000.0,593256,1708126560000.0,0.03272926588111724,-0.00236124,1678.7447601897854,1678.837231402017,-10.5,1.1244,31.7,1.1212829270589413,long_nclose,35.54466878776844,0.02117336097224812,30.0
1708126800000.0,593260,1708126800000.0,0.024624876234364403,-0.0017765520000000003,1678.76760851402,1678.827514850017,-7.9,1.1244,23.8,1.1212829270589413,long_nclose,26.686533664002802,0.015896502606233084,4.0
1708126980000.0,593263,1708126980000.0,0.018390730352246833,-0.0013267920000000002,1678.784672452372,1678.8744780580168,-5.9,1.1244,17.9,1.1212829270589413,long_nclose,20.070964394355048,0.011955651444586603,3.0
1708127400000.0,593270,1708127400000.0,0.013715120940658654,-0.0009894720000000001,1678.7973981013126,1678.8435285860169,-4.4,1.1244,13.5,1.1212829270589413,long_nclose,15.137319515295708,0.009016763745533394,7.0
1708128180000.0,593283,1708128180000.0,0.01028634070549399,-0.000742104,1678.8069423380182,1678.8387364820169,-3.3,1.1244,10.2,1.1212829270589413,long_nclose,11.4370858560012,0.006812627210174122,13.0
1708128240000.0,593284,1708128240000.0,0.007792682352646962,-0.0005622,1678.8141728203707,1678.8389442820169,-2.5,1.1244,7.7,1.1212829270589413,long_nclose,8.633878538353848,0.005142843489252371,1.0
1708129200000.0,593300,1708129200000.0,0.024542682352646783,-0.0005655500000000001,1678.8381499527234,1678.8954387320168,-2.5,1.1311,5.2,1.1212829270589413,long_nclose,5.830671220706495,0.0034730395070368685,16.0
1708132140000.0,593349,1708132140000.0,0.016689023999799813,-0.000384574,1678.8544544027231,1678.889164158017,-1.7,1.1311,3.5,1.1212829270589413,long_nclose,3.9244902447062944,0.0023376000429426677,49.0
1708133460000.0,593371,1708133460000.0,0.010798780235164585,-0.00024884200000000004,1678.8650043409582,1678.8897653160168,-1.1,1.1311,2.4,1.1212829270589413,long_nclose,2.691079024941459,0.0016029156709939567,22.0
1708134600000.0,593390,1708134600000.0,0.0,-0.016255248000000003,1678.848749092958,1678.9042700680166,72.4,1.1226,74.8,1.1225577409751535,long_ientry_partial,83.96731902494147,0.050014820614606895,19.0
1708134840000.0,593394,1708134840000.0,0.058760243764628406,-0.004210118,1678.9032992187229,1679.0739699500168,-18.7,1.1257,56.1,1.1225577409751535,long_nclose,62.97548926870611,0.03750989666767093,4.0
1708134900000.0,593395,1708134900000.0,0.043991626347850143,-0.0031519599999999997,1678.9441388850707,1679.0932679900168,-14.0,1.1257,42.1,1.1225577409751535,long_nclose,47.25968089505396,0.028148453424089198,1.0
1708135920000.0,593412,1708135920000.0,0.03299371976088761,-0.00236397,1678.9747686348317,1679.0961840200168,-10.5,1.1257,31.6,1.1225577409751535,long_nclose,35.472824614814854,0.021127669859897703,17.0
1708136580000.0,593423,1708136580000.0,0.0,-0.009700128,1678.9650685068316,1678.9022438920167,43.2,1.1227,74.8,1.1226399012675783,long_ientry_partial,83.97346461481486,0.05001501591066198,11.0
1708137360000.0,593436,1708137360000.0,0.05722384629628456,-0.004210118,1679.0180822351278,1679.1953637740166,-18.7,1.1257,56.1,1.1226399012675783,long_nclose,62.98009846111114,0.03751007754322176,13.0
1708137600000.0,593440,1708137600000.0,0.04284138225390288,-0.0031519599999999997,1679.0577716573819,1679.1739718140168,-14.0,1.1257,42.1,1.1226399012675783,long_nclose,47.263139843365046,0.028148608488147524,4.0
1708137720000.0,593442,1708137720000.0,0.03213103669042716,-0.00236397,1679.0875387240721,1679.1968778440166,-10.5,1.1257,31.6,1.1226399012675783,long_nclose,35.475420880055474,0.021127797129036535,2.0
1708139160000.0,593466,1708139160000.0,0.10248103669042874,-0.00237804,1679.1876417207627,1679.395689804017,-10.5,1.1324,21.1,1.1226399012675783,long_nclose,23.687701916745905,0.014106643789059643,24.0
1708139400000.0,593470,1708139400000.0,0.06832069112695249,-0.00158536,1679.2543770518896,1679.3962244440168,-7.0,1.1324,14.1,1.1226399012675783,long_nclose,15.829222607872854,0.009426339942411075,4.0
1708141080000.0,593498,1708141080000.0,0.04587246404238239,-0.001064456,1679.299185059932,1679.3928099880168,-4.7,1.1324,9.4,1.1226399012675783,long_nclose,10.552815071915237,0.006284058948994619,28.0
1708143180000.0,593533,1708143180000.0,0.030256306070507534,-0.0007020880000000001,1679.3287392780023,1679.3914879000165,-3.1,1.1324,6.3,1.1226399012675783,long_nclose,7.072631377985743,0.004211582409425384,35.0
1708143780000.0,593543,1708143780000.0,0.05102630607050731,-0.000706242,1679.3790593420729,1679.4333316580166,-3.1,1.1391,3.2,1.1226399012675783,long_nclose,3.5924476840562507,0.002139152363531112,10.0
1708144800000.0,593560,1708144800000.0,0.026336157971874743,-0.00036451200000000005,1679.4050309880447,1679.4344071460166,-1.6,1.1391,1.6,1.1226399012675783,long_nclose,1.7962238420281254,0.0010695596409946162,17.0
1708144920000.0,593562,1708144920000.0,0.03705615797187463,-0.00036665600000000003,1679.4417204900165,1679.4417204900165,-1.6,1.1458,0.0,1.1226399012675783,long_nclose,0.0,0.0,2.0
1708158300000.0,593785,1708158300000.0,0.0,-0.01680124,1679.4249192500165,1679.3280692500166,74.5,1.1276,74.5,1.1276,long_ientry_normal,84.00619999999999,0.050020813099233265,223.0
1708172640000.0,594024,1708172640000.0,0.05766000000000191,-0.004206204000000001,1679.4783730460165,1679.7075630460165,-18.6,1.1307,55.9,1.1276,long_nclose,63.03283999999999,0.03753120076543727,239.0
1708173540000.0,594039,1708173540000.0,0.043090000000001426,-0.003143346,1679.5183197000165,1679.7073197000166,-13.9,1.1307,42.0,1.1276,long_nclose,47.359199999999994,0.028198084798776685,15.0
1708173900000.0,594045,1708173900000.0,0.13720000000000043,-0.0031847200000000003,1679.6523349800163,1679.9295349800163,-14.0,1.1374,28.0,1.1276,long_nclose,31.572799999999997,0.018797223295840944,6.0
1708174080000.0,594048,1708174080000.0,0.09114000000000029,-0.0021155640000000003,1679.7413594160164,1679.9283594160163,-9.3,1.1374,18.7,1.1276,long_nclose,21.086119999999998,0.012553194503307852,3.0
1708175040000.0,594064,1708175040000.0,0.1543800000000016,-0.0021282120000000004,1679.8936112040165,1680.0552912040164,-9.3,1.1442,9.4,1.1276,long_nclose,10.59944,0.0063095900414807515,16.0
1708175700000.0,594075,1708175700000.0,0.030380000000000098,-0.000705188,1679.9232860160164,1679.9699060160165,-3.1,1.1374,6.3,1.1276,long_nclose,7.103879999999999,0.004228693095175223,11.0
1708175880000.0,594078,1708175880000.0,0.020580000000000067,-0.000477708,1679.9433883080164,1679.9845483080164,-2.1,1.1374,4.2,1.1276,long_nclose,4.73592,0.0028190949962723817,3.0
1708176660000.0,594091,1708176660000.0,0.013720000000000043,-0.000318472,1679.9567898360165,1679.9733098360164,-1.4,1.1374,2.8,1.1276,long_nclose,3.1572799999999996,0.001879381671660845,13.0
1708176900000.0,594095,1708176900000.0,0.0,-0.016178938000000004,1679.9406108980165,1679.9485508980165,71.9,1.1251,74.7,1.1251937081659973,long_ientry_partial,84.05197,0.05003270321268667,4.0
1708176960000.0,594096,1708176960000.0,0.05777702811245198,-0.004197276000000001,1679.994190650129,1680.1516236220166,-18.6,1.1283,56.1,1.1251937081659973,long_nclose,63.12336702811245,0.03757356268219284,1.0
1708177020000.0,594097,1708177020000.0,0.04348808567603912,-0.0031592400000000002,1680.034519495805,1680.1905543820164,-14.0,1.1283,42.1,1.1251937081659973,long_nclose,47.37065511378849,0.028196239162993443,1.0
1708177260000.0,594101,1708177260000.0,0.03261606425702934,-0.0023694300000000005,1680.064766130062,1680.2292849520165,-10.5,1.1283,31.6,1.1251937081659973,long_nclose,35.556121178045515,0.02116354196269892,4.0
1708177620000.0,594107,1708177620000.0,0.02453970548862208,-0.0017827140000000003,1680.0875231215507,1680.1540322380165,-7.9,1.1283,23.7,1.1251937081659973,long_nclose,26.667090883534136,0.0158724414749462,6.0
1708177680000.0,594108,1708177680000.0,0.01832712182061649,-0.0013313940000000003,1680.1045188493713,1680.1402308440165,-5.9,1.1283,17.8,1.1251937081659973,long_nclose,20.028448005354754,0.01192095359583423,1.0
1708177800000.0,594110,1708177800000.0,0.0,-0.012804775999999999,1680.0917140733713,1679.7556760680166,56.9,1.1252,74.7,1.1251985007410275,long_ientry_partial,84.05232800535475,0.050028416485413424,2.0
1708185360000.0,594236,1708185360000.0,0.057687886216890895,-0.004197276000000001,1680.1452046835882,1680.3023687920165,-18.6,1.1283,56.1,1.1251985007410275,long_nclose,63.123635891571645,0.03757034553656888,126.0
1708185420000.0,594237,1708185420000.0,0.0434209896256168,-0.0031592400000000002,1680.1854664332138,1680.3791895520167,-14.0,1.1283,42.1,1.1251985007410275,long_nclose,47.370856881197255,0.028193826114779223,1.0
1708185660000.0,594241,1708185660000.0,0.0325657422192126,-0.0023694300000000005,1680.215662745433,1680.3484301220167,-10.5,1.1283,31.6,1.1251985007410275,long_nclose,35.55627262341647,0.021161731444235173,4.0
1708185840000.0,594244,1708185840000.0,0.02450184414588377,-0.0017827140000000003,1680.2383818755789,1680.3284774080164,-7.9,1.1283,23.7,1.1251985007410275,long_nclose,26.66720446756235,0.015871083981425827,3.0
1708185960000.0,594246,1708185960000.0,0.01829884562793851,-0.0013313940000000003,1680.2553493272067,1680.3158960140163,-5.9,1.1283,17.8,1.1251985007410275,long_nclose,20.02853331319029,0.011919934265473366,2.0
1708187760000.0,594276,1708187760000.0,0.013646596739479567,-0.0009929040000000002,1680.2680030199463,1680.3028631100165,-4.4,1.1283,13.4,1.1251985007410275,long_nclose,15.077659909929768,0.008973366083762046,30.0
1708187880000.0,594278,1708187880000.0,0.010234947554609674,-0.000744678,1680.2774932895009,1680.3118484320164,-3.3,1.1283,10.1,1.1251985007410275,long_nclose,11.364504857484377,0.006763469071549569,2.0
1708188660000.0,594291,1708188660000.0,0.032344947554609434,-0.0007491,1680.3090891370555,1680.3770993320165,-3.3,1.135,6.8,1.1251985007410275,long_nclose,7.651349805038986,0.004553537116774412,13.0
1708188780000.0,594293,1708188780000.0,0.021563298369739626,-0.0004994000000000001,1680.3301530354252,1680.3761599320164,-2.2,1.135,4.6,1.1251985007410275,long_nclose,5.175913103408726,0.0030802953181901303,2.0
1708190040000.0,594314,1708190040000.0,0.014702248888458835,-0.00034050000000000004,1680.3445147843136,1680.3761394320163,-1.5,1.135,3.1,1.1251985007410275,long_nclose,3.4881153522971853,0.0020758334505855272,21.0
1708192500000.0,594355,1708192500000.0,0.009801499258972557,-0.00022700000000000002,1680.3540892835726,1680.3729924320164,-1.0,1.135,2.1,1.1251985007410275,long_nclose,2.362916851556158,0.0014062017443975748,41.0
1708196100000.0,594415,1708196100000.0,0.0015507496294863143,-0.00011283000000000002,1680.3555272032022,1680.3606496020166,-0.5,1.1283,1.6,1.1251985007410275,long_nclose,1.800317601185644,0.0010713908884402027,60.0
1708197300000.0,594435,1708197300000.0,0.0049007496294862785,-0.00011350000000000001,1680.3603144528317,1680.3719761020166,-0.5,1.135,1.1,1.1251985007410275,long_nclose,1.2377183508151304,0.0007365791373251773,20.0
1708197420000.0,594437,1708197420000.0,0.002940449777691767,-6.81e-05,1680.3631868026096,1680.3719080020167,-0.3,1.135,0.8,1.1251985007410275,long_nclose,0.900158800592822,0.0005356930023595921,2.0
1708198800000.0,594460,1708198800000.0,0.0019602998517945116,-4.5400000000000006e-05,1680.3651017024613,1680.3716426020167,-0.2,1.135,0.6,1.1251985007410275,long_nclose,0.6751191004446164,0.0004017692939234573,23.0
1708200000000.0,594480,1708200000000.0,0.004950449777691745,-6.8502e-05,1680.369983650239,1680.3753241000168,-0.3,1.1417,0.3,1.1251985007410275,long_nclose,0.3375595502223082,0.00020088406333528607,20.0
1708202100000.0,594515,1708202100000.0,0.006960449777691791,-6.8904e-05,1680.3768751960165,1680.3768751960165,-0.3,1.1484,0.0,1.1251985007410275,long_nclose,0.0,0.0,35.0
1708281660000.0,595841,1708281660000.0,0.0,-0.016812492000000002,1680.3600627040164,1680.2734227040164,72.2,1.1643,72.2,1.1643,long_ientry_normal,84.06246,0.05002645674923245,1326.0
1708281960000.0,595846,1708281960000.0,0.05760000000000165,-0.004203,1680.4134597040165,1680.5814797040166,-18.0,1.1675,54.2,1.1643,long_nclose,63.105059999999995,0.03755329358711228,5.0
1708282020000.0,595847,1708282020000.0,0.04320000000000124,-0.00315225,1680.4535074540165,1680.5959574540166,-13.5,1.1675,40.7,1.1643,long_nclose,47.38701,0.02819894141063982,1.0
1708283460000.0,595871,1708283460000.0,0.032320000000000924,-0.00235835,1680.4834691040166,1680.6119891040166,-10.1,1.1675,30.6,1.1643,long_nclose,35.62758,0.02120079170965934,24.0
1708283580000.0,595873,1708283580000.0,0.024320000000000695,-0.0017745999999999999,1680.5060145040165,1680.5911145040166,-7.6,1.1675,23.0,1.1643,long_nclose,26.778899999999997,0.015935021814190594,2.0
1708284060000.0,595881,1708284060000.0,0.0,-0.011458680000000002,1680.4945558240165,1680.5930158240164,49.2,1.1645,72.2,1.1644362880886427,long_ientry_partial,84.07230000000001,0.05002830845755157,8.0
1708284540000.0,595889,1708284540000.0,0.05874681440442986,-0.00420372,1680.549098918421,1680.8940121040164,-18.0,1.1677,54.2,1.1644362880886427,long_nclose,63.11244681440444,0.037554658090634054,8.0
1708285560000.0,595906,1708285560000.0,0.044060110803322394,-0.00315279,1680.590006239224,1680.7594693140163,-13.5,1.1677,40.7,1.1644362880886427,long_nclose,47.392556925207764,0.028199951653444293,17.0
1708287480000.0,595938,1708287480000.0,0.0,-0.0073143159999999995,1680.582691923224,1680.4564349980162,31.4,1.1647,72.1,1.1645511362719523,long_ientry_partial,83.96413692520775,0.04996132432443472,32.0
1708290240000.0,595984,1708290240000.0,0.05847954710485803,-0.00420408,1680.636967390329,1680.7802709180162,-18.0,1.1678,54.1,1.1645511362719523,long_nclose,63.00221647231262,0.03748710619530263,46.0
1708290420000.0,595987,1708290420000.0,0.0,-0.004215852000000001,1680.6327515383289,1680.6137350660163,18.1,1.1646,72.2,1.164563386043111,long_ientry_partial,84.08147647231262,0.05002965484003007,3.0
1708292160000.0,596016,1708292160000.0,0.05825905122400021,-0.00420408,1680.686806509553,1680.8730709860163,-18.0,1.1678,54.2,1.164563386043111,long_nclose,63.11933552353662,0.03755567978463681,29.0
1708292340000.0,596019,1708292340000.0,0.04369428841800016,-0.00315306,1680.727347737971,1680.8468679260163,-13.5,1.1678,40.7,1.164563386043111,long_nclose,47.397729811954626,0.028200725046656428,3.0
1708292520000.0,596022,1708292520000.0,0.032689800964577895,-0.002358956,1680.7576785829356,1680.8750789700164,-10.1,1.1678,30.6,1.164563386043111,long_nclose,35.6356396129192,0.02120212810389418,3.0
1708292940000.0,596029,1708292940000.0,0.0,-0.009689472000000001,1680.7479891109356,1680.6769094980164,41.6,1.1646,72.2,1.1645844821733962,long_ientry_partial,84.08299961291921,0.05002713087129532,7.0
1708294200000.0,596050,1708294200000.0,0.05787932087886816,-0.00420408,1680.8016643518145,1681.0084654180164,-18.0,1.1678,54.2,1.1645844821733962,long_nclose,63.120478933798076,0.03755379368816838,21.0
1708294860000.0,596061,1708294860000.0,0.18207932087887047,-0.004228920000000001,1680.9795147526934,1681.3529364980163,-18.0,1.1747,36.2,1.1645844821733962,long_nclose,42.15795825467694,0.025079400364304404,11.0
1708295100000.0,596065,1708295100000.0,0.12138621391924698,-0.0028192800000000004,1681.0980816866127,1681.3477172180164,-12.0,1.1747,24.2,1.1645844821733962,long_nclose,28.182944468596187,0.01676460450202929,4.0
1708295280000.0,596068,1708295280000.0,0.08092414261283132,-0.0018795200000000002,1681.1771263092253,1681.3393776980163,-8.0,1.1747,16.2,1.1645844821733962,long_nclose,18.866268611209016,0.01122205882769004,3.0
1708295400000.0,596070,1708295400000.0,0.054623796263661144,-0.0012686760000000003,1681.230481429489,1681.3418890220162,-5.4,1.1747,10.8,1.1645844821733962,long_nclose,12.57751240747268,0.007481135124779846,2.0
1708295820000.0,596077,1708295820000.0,0.036415864175774096,-0.0008457840000000001,1681.2660515096647,1681.3396032380163,-3.6,1.1747,7.2,1.1645844821733962,long_nclose,8.385008271648452,0.004987317898984087,7.0
1708296120000.0,596082,1708296120000.0,0.024277242783849396,-0.0005638560000000001,1681.2897648964486,1681.3344793820163,-2.4,1.1747,4.8,1.1645844821733962,long_nclose,5.590005514432302,0.0033248317042937525,5.0
1708296540000.0,596089,1708296540000.0,0.016184828522566263,-0.0003759040000000001,1681.305573820971,1681.3366634780161,-1.6,1.1747,3.2,1.1645844821733962,long_nclose,3.726670342954868,0.0022165336277840068,7.0
1708296780000.0,596093,1708296780000.0,0.010115517826603915,-0.00023494000000000002,1681.3154543987976,1681.339908538016,-1.0,1.1747,2.2,1.1645844821733962,long_nclose,2.5620858607814716,0.0015238579138009641,4.0
1708297980000.0,596113,1708297980000.0,0.0016077589133018932,-0.00011678,1681.3169453777107,1681.323601758016,-0.5,1.1678,1.7,1.1645844821733962,long_nclose,1.9797936196947734,0.0011775255255338007,20.0
1708298220000.0,596117,1708298220000.0,0.0012862071306415147,-9.3424e-05,1681.3181381608413,1681.3246583340158,-0.4,1.1678,1.3,1.1645844821733962,long_nclose,1.513959826825415,0.0009004600571796031,4.0
1708298640000.0,596124,1708298640000.0,0.0009646553479811359,-7.0068e-05,1681.3190327481893,1681.322348266016,-0.3,1.1678,1.0,1.1645844821733962,long_nclose,1.1645844821733962,0.0006926612138981333,7.0
1708298880000.0,596128,1708298880000.0,0.0,-0.016570566000000002,1681.3024621821894,1681.310387700016,71.1,1.1653,72.1,1.1652900760356921,long_ientry_partial,84.0174144821734,0.04997162400697721,4.0
1708303020000.0,596197,1708303020000.0,0.057778631357543464,-0.0042066000000000004,1681.3560342135468,1681.5675611000158,-18.0,1.1685,54.1,1.1652900760356921,long_nclose,63.04219311353094,0.037494850484191995,69.0
1708303740000.0,596209,1708303740000.0,0.0433339735181576,-0.0031549500000000005,1681.396213237065,1681.538716150016,-13.5,1.1685,40.6,1.1652900760356921,long_nclose,47.310777087049104,0.028137792100747773,12.0
1708304040000.0,596214,1708304040000.0,0.0324202320395105,-0.00236037,1681.4262730991047,1681.545525780016,-10.1,1.1685,30.5,1.1652900760356921,long_nclose,35.54134731908861,0.021137618632294186,5.0
1708304760000.0,596226,1708304760000.0,0.024395422128740574,-0.0017761200000000004,1681.4488924012335,1681.5315596600162,-7.6,1.1685,22.9,1.1652900760356921,long_nclose,26.685142741217348,0.015870326396367,12.0
1708304880000.0,596228,1708304880000.0,0.01829656659655543,-0.0013320900000000002,1681.46585687783,1681.515907570016,-5.7,1.1685,17.2,1.1652900760356921,long_nclose,20.042989307813905,0.011919950218335099,2.0
1708304940000.0,596229,1708304940000.0,0.013802673046524272,-0.0010049100000000001,1681.4786546408766,1681.5265126600161,-4.3,1.1685,12.9,1.1652900760356921,long_nclose,15.032241980860428,0.008939894621541274,1.0
1708305120000.0,596232,1708305120000.0,0.010271756685785505,-0.00074784,1681.4881785575624,1681.5241648200163,-3.2,1.1685,9.7,1.1652900760356921,long_nclose,11.303313737546214,0.006722208268655555,3.0
1708306560000.0,596256,1708306560000.0,0.0077038175143391285,-0.00056088,1681.4953214950767,1681.5224039400161,-2.4,1.1685,7.3,1.1652900760356921,long_nclose,8.506617555060553,0.005058959990145568,24.0
1708306740000.0,596259,1708306740000.0,0.005777863135754346,-0.0004206600000000001,1681.5006786982126,1681.5221832800162,-1.8,1.1685,5.5,1.1652900760356921,long_nclose,6.409095418196307,0.003811533054603411,3.0
1708306980000.0,596263,1708306980000.0,0.004172901153600361,-0.00030381000000000006,1681.5045477893661,1681.5188694700162,-1.3,1.1685,4.2,1.1652900760356921,long_nclose,4.894218319349907,0.0029106185444364207,4.0
1708308000000.0,596280,1708308000000.0,0.01429389355003101,-0.00032914,1681.5185125429161,1681.5473803300163,-1.4,1.1755,2.8,1.1652900760356921,long_nclose,3.262812212899938,0.0019403962481303124,17.0
1708308420000.0,596287,1708308420000.0,0.00918893156787708,-0.00021159,1681.527489884484,1681.5484087400164,-0.9,1.1755,1.9,1.1652900760356921,long_nclose,2.214051144467815,0.0013166904245020185,7.0
1708312260000.0,596351,1708312260000.0,0.015398931567876995,-0.000212832,1681.542675984052,1681.5631859080163,-0.9,1.1824,1.0,1.1652900760356921,long_nclose,1.1652900760356921,0.0006929887017906074,64.0
1708312680000.0,596358,1708312680000.0,0.0240099239643079,-0.00023786,1681.5664480480164,1681.5664480480164,-1.0,1.1893,0.0,1.1652900760356921,long_nclose,0.0,0.0,7.0
1708389840000.0,597644,1708389840000.0,0.0,-0.016819650000000002,1681.5496283980165,1681.5563783980165,67.5,1.2459,67.5,1.2459,long_ientry_normal,84.09825000000001,0.05001235085765442,1286.0
1708389900000.0,597645,1708389900000.0,0.05712000000000117,-0.004197648,1681.6025507500165,1681.7850707500165,-16.8,1.2493,50.7,1.2459,long_nclose,63.16713000000001,0.037563650204875496,1.0
1708390200000.0,597650,1708390200000.0,0.04284000000000088,-0.003148236,1681.6422425140165,1681.8860825140166,-12.6,1.2493,38.1,1.2459,long_nclose,47.468790000000006,0.0282276389114936,5.0
1708390320000.0,597652,1708390320000.0,0.0,-0.0073258920000000005,1681.6349166220166,1681.6011666220165,29.4,1.2459,67.5,1.2458999999999998,long_ientry_partial,84.09824999999998,0.05000981435907165,2.0
1708391160000.0,597666,1708391160000.0,0.0571200000000049,-0.004197648,1681.6878389740166,1681.6776989740165,-16.8,1.2493,50.7,1.2458999999999998,long_nclose,63.16712999999999,0.03756174513251979,14.0
1708391340000.0,597669,1708391340000.0,0.0,-0.004185552,1681.6836534220165,1681.5317634220164,16.8,1.2457,67.5,1.2458502222222223,long_ientry_partial,84.09489,0.050006367029183756,3.0
1708406700000.0,597925,1708406700000.0,0.0579562666666666,-0.004197648,1681.7374120406832,1681.9123157740166,-16.8,1.2493,50.7,1.2458502222222223,long_nclose,63.164606266666674,0.03755913724367966,256.0
1708406760000.0,597926,1708406760000.0,0.04346719999999995,-0.003148236,1681.7777310046831,1681.8291575380165,-12.6,1.2493,38.1,1.2458502222222223,long_nclose,47.46689346666667,0.028224237122173246,1.0
1708406880000.0,597928,1708406880000.0,0.03277288888888885,-0.0023736700000000005,1681.808130223572,1681.9496938680165,-9.5,1.2493,28.6,1.2458502222222223,long_nclose,35.63131635555556,0.021186314725936597,2.0
1708407300000.0,597935,1708407300000.0,0.024493422222222193,-0.001774006,1681.8308496397942,1681.9351198620163,-7.1,1.2493,21.5,1.2458502222222223,long_nclose,26.78577977777778,0.015926559905542592,7.0
1708408560000.0,597956,1708408560000.0,0.0182838222222222,-0.001324258,1681.8478092040164,1681.9117956040163,-5.3,1.2493,16.2,1.2458502222222223,long_nclose,20.1827736,0.012000356684801396,21.0
1708408800000.0,597960,1708408800000.0,0.013799111111111095,-0.00099944,1681.8606088751276,1681.9039161640164,-4.0,1.2493,12.2,1.2458502222222223,long_nclose,15.199372711111112,0.00903723687379589,4.0
1708409220000.0,597967,1708409220000.0,0.010349333333333322,-0.0007495800000000001,1681.870208628461,1681.9120665840164,-3.0,1.2493,9.2,1.2458502222222223,long_nclose,11.461822044444444,0.006814926613030016,7.0
1708409520000.0,597972,1708409520000.0,0.007934488888888879,-0.000574678,1681.8775684393497,1681.9041319060163,-2.3,1.2493,6.9,1.2458502222222223,long_nclose,8.596366533333335,0.005111172593442749,5.0
1708409640000.0,597974,1708409640000.0,0.005864622222222215,-0.0004247620000000001,1681.8830082995719,1681.8999071440164,-1.7,1.2493,5.2,1.2458502222222223,long_nclose,6.478421155555556,0.0038518857278339535,2.0
1708412220000.0,598017,1708412220000.0,0.0,-0.015518750000000001,1681.867489549572,1681.8448683940164,62.5,1.2415,67.7,1.2418341381913671,long_ientry_partial,84.07217115555555,0.04998739298901085,43.0
1708414200000.0,598050,1708414200000.0,0.0585730645658969,-0.004209114,1681.9218535001378,1682.1182392800163,-16.9,1.2453,50.8,1.2418341381913671,long_nclose,63.085174220121445,0.037507791511739386,33.0
1708414620000.0,598057,1708414620000.0,0.0,-0.00419627,1681.9176572301378,1681.9142230100163,16.9,1.2415,67.7,1.2417507270328132,long_ientry_partial,84.06652422012145,0.04998254454297496,7.0
1708415100000.0,598065,1708415100000.0,0.058292713145458426,-0.004208776,1681.9717411672832,1682.1723642340162,-16.9,1.2452,50.8,1.2417507270328132,long_nclose,63.080936933266905,0.037504159784211906,8.0
1708415340000.0,598069,1708415340000.0,0.04380576668327349,-0.003162808,1682.0123841259665,1682.0904614260164,-12.7,1.2452,38.1,1.2417507270328132,long_nclose,47.310702699950184,0.028127440170147445,4.0
1708415460000.0,598071,1708415460000.0,0.0,-0.007349680000000001,1682.0050344459664,1682.0293317460162,29.6,1.2415,67.7,1.2416411033966055,long_ientry_partial,84.0591026999502,0.049975535731757385,2.0
1708422420000.0,598187,1708422420000.0,0.0,-0.023076456000000002,1681.9819579899665,1678.5321952900163,96.2,1.1994,163.9,1.2168479725439303,long_rentry,199.44138269995017,0.11857522118625477,116.0
1708423260000.0,598201,1708423260000.0,0.13709792295324916,-0.009981236000000001,1682.1090746769198,1683.1240740540163,-40.9,1.2202,123.0,1.2168479725439303,long_nclose,149.67230062290344,0.08897895081604668,14.0
1708423320000.0,598202,1708423320000.0,0.4367331256988596,-0.0100655,1682.5357423026185,1683.2124085540163,-41.0,1.2275,82.0,1.2168479725439303,long_nclose,99.78153374860229,0.05930425799576014,1.0
1708423380000.0,598203,1708423380000.0,0.29080034955070405,-0.0067021500000000005,1682.8198405021692,1683.2493464040163,-27.3,1.2275,54.7,1.2168479725439303,long_nclose,66.56158409815299,0.039553600745692655,1.0
1708423440000.0,598204,1708423440000.0,0.0,-0.0034291599999999997,1682.8164113421692,1683.2665272440163,14.0,1.2247,68.7,1.2184480945873797,long_ientry_partial,83.70738409815299,0.04974243389472903,1.0
1708424100000.0,598215,1708424100000.0,0.24392863394900713,-0.005629278000000001,1683.0547106981182,1683.5975279660163,-22.9,1.2291,45.8,1.2184480945873797,long_nclose,55.804922732101986,0.0331569273282593,11.0
1708424160000.0,598216,1708424160000.0,0.0,-0.005560956000000001,1683.0491497421183,1683.5167270100162,22.6,1.2303,68.4,1.2223640750307307,long_ientry_partial,83.609702732102,0.049677516990465145,1.0
1708424880000.0,598228,1708424880000.0,0.2424990892993412,-0.005622480000000001,1683.2860263514176,1683.7983845300164,-22.8,1.233,45.6,1.2223640750307307,long_nclose,55.73980182140132,0.033113684156351804,12.0
1708424940000.0,598229,1708424940000.0,0.0,-0.005575420000000001,1683.2804509314176,1683.8905491100163,22.6,1.2335,68.2,1.2260542789061777,long_ientry_partial,83.61690182140133,0.049674967576040695,1.0
1708426380000.0,598253,1708426380000.0,0.05687725859498016,-0.00417996,1683.3331482300125,1683.4634891500161,-17.0,1.2294,51.2,1.2260542789061777,long_nclose,62.7739790799963,0.03729147682144901,24.0
1708426440000.0,598254,1708426440000.0,0.0,-0.004250956,1683.3288972740124,1683.3770381940162,17.3,1.2286,68.5,1.2266972128466613,long_ientry_partial,84.0287590799963,0.04991820624957649,1.0
1708426800000.0,598260,1708426800000.0,0.05818766032209071,-0.004206942,1683.3828779923344,1683.737681252016,-17.1,1.2301,51.4,1.2266972128466613,long_nclose,63.05223674031839,0.03745567188821408,6.0
1708426860000.0,598261,1708426860000.0,0.0,-0.00416754,1683.3787104523344,1683.709503712016,16.9,1.233,68.3,1.2282567604731829,long_ientry_partial,83.88993674031839,0.04983426261686334,1.0
1708427100000.0,598265,1708427100000.0,0.2438715372587508,-0.005625060000000001,1683.616956929593,1684.129648652016,-22.7,1.239,45.6,1.2282567604731829,long_nclose,56.00850827757714,0.03326677606034551,4.0
1708427340000.0,598269,1708427340000.0,0.0,-0.005598274,1683.611358655593,1683.770740378016,22.7,1.2331,68.3,1.2298664462309978,long_ientry_partial,83.99987827757715,0.04989267733656372,4.0
1708427400000.0,598270,1708427400000.0,0.05837041407303789,-0.00419322,1683.6655358496662,1683.831417158016,-17.0,1.2333,51.3,1.2298664462309978,long_nclose,63.09214869165019,0.03747308913097789,1.0
1708427460000.0,598271,1708427460000.0,0.0,-0.004192540000000001,1683.661343309666,1683.765754618016,17.0,1.2331,68.3,1.2306712839187435,long_ientry_partial,84.05484869165018,0.0499238454488828,1.0
1708427460000.0,598271,1708427460000.0,0.033647565840084326,-0.0031572480000000005,1683.6918336275062,1683.776677370016,-12.8,1.2333,55.5,1.2306712839187435,long_nclose,68.30225625749026,0.04056695821249745,0.0
1708428780000.0,598293,1708428780000.0,0.0473162819213397,-0.0034061160000000003,1683.7357437934277,1683.887061254016,-13.8,1.2341,41.7,1.2306712839187435,long_nclose,51.3189925394116,0.030479243983851524,22.0
1708429560000.0,598306,1708429560000.0,0.0,-0.006557964,1683.7291858294277,1683.7864632900162,26.6,1.2327,68.3,1.2314613841787936,long_ientry_partial,84.1088125394116,0.04995388406121764,13.0
1708436220000.0,598417,1708436220000.0,0.05845646896051093,-0.004198660000000001,1683.7834436383882,1683.970104630016,-17.0,1.2349,51.3,1.2314613841787936,long_nclose,63.173969008372104,0.03751905819424332,111.0
1708436340000.0,598419,1708436340000.0,0.04401428251144353,-0.0031613440000000004,1683.8242965768995,1684.010583286016,-12.8,1.2349,38.5,1.2314613841787936,long_nclose,47.411263290883554,0.02815689462806032,2.0
1708437000000.0,598430,1708437000000.0,0.0,-0.007357791999999999,1683.8169387848995,1683.885515494016,29.9,1.2304,68.4,1.230997416533385,long_ientry_partial,84.20022329088354,0.050005568510104986,11.0
1708437060000.0,598431,1708437060000.0,0.05818417727911527,-0.004221648000000001,1683.8709013141786,1684.030063846016,-17.1,1.2344,51.3,1.230997416533385,long_nclose,63.15016746816265,0.037502974496962355,1.0
1708437120000.0,598432,1708437120000.0,0.04355306837267108,-0.003160064,1683.9112943185512,1684.0884937820158,-12.8,1.2344,38.5,1.230997416533385,long_nclose,47.393400536535324,0.028144832032684114,1.0
1708437300000.0,598435,1708437300000.0,0.03266480127950331,-0.002370048,1683.9415890718305,1684.1006137340157,-9.6,1.2344,28.9,1.230997416533385,long_nclose,35.57582533781483,0.021126519808459518,3.0
1708437840000.0,598444,1708437840000.0,0.02449860095962748,-0.001777536,1683.9643101367901,1684.0576761980158,-7.2,1.2344,21.7,1.230997416533385,long_nclose,26.712643938774455,0.01586295135708937,9.0
1708438080000.0,598448,1708438080000.0,0.0,-0.011493804,1683.95281633279,1683.8757923940157,46.7,1.2306,68.4,1.2307260809762346,long_ientry_partial,84.18166393877445,0.04999051227700082,4.0
1708440060000.0,598481,1708440060000.0,0.0,-0.023112216,1683.92970411679,1682.1948801780154,97.2,1.1889,165.6,1.206175989968445,long_rentry,199.74274393877448,0.11861703220179148,33.0
1708442940000.0,598529,1708442940000.0,0.0,-0.05467459200000001,1683.8750295247899,1669.6352455860153,235.2,1.1623,400.8,1.1804284030408545,long_rentry,473.1157039387745,0.28096841846529047,48.0
1708442940000.0,598529,1708442940000.0,0.0,-0.242149512,1683.6328800127899,1684.4899660740152,1070.7,1.1308,1471.5,1.1443175426019536,long_rentry,1683.8632639387747,1.0001368373881978,0.0
1708443000000.0,598530,1708443000000.0,1.1705078310014458,-0.0844101,1684.7189777437914,1693.6395859740153,-367.8,1.1475,1103.7,1.1443175426019536,long_nclose,1262.9832717697764,0.7496699974622404,1.0
1708443000000.0,598530,1708443000000.0,3.6715478310014973,-0.08491030800000002,1688.305615266793,1694.2534956660154,-367.8,1.1543,735.9,1.1443175426019536,long_nclose,842.1032796007777,0.49878604441394636,0.0
1708443060000.0,598531,1708443060000.0,2.448696799740803,-0.056629958000000015,1690.6976821085339,1696.2328557080154,-245.3,1.1543,490.6,1.1443175426019536,long_nclose,561.4021864005184,0.3320535612850502,1.0
1708443180000.0,598533,1708443180000.0,4.116736799740782,-0.05696356600000001,1694.7574553422746,1699.4629121420153,-245.3,1.1611,245.3,1.1443175426019536,long_nclose,280.7010932002592,0.16562906527740784,2.0
1708443420000.0,598537,1708443420000.0,2.057529277000489,-0.028470172,1696.786514447275,1699.5083019700153,-122.6,1.1611,122.7,1.1443175426019536,long_nclose,140.40776247725972,0.08274922111989869,4.0
1708443660000.0,598541,1708443660000.0,2.8935675227402835,-0.028660266000000004,1699.6514217040153,1699.6514217040153,-122.7,1.1679,0.0,1.1443175426019536,long_nclose,0.0,0.0,4.0
1708443720000.0,598542,1708443720000.0,0.0,-0.016989990000000003,1699.6344317140154,1699.8452617140154,72.7,1.1685,72.7,1.1685,long_ientry_normal,84.94995000000002,0.04998130681215447,1.0
1708443780000.0,598543,1708443780000.0,0.05791999999999765,-0.004241554,1699.6881101600154,1699.8246101600155,-18.1,1.1717,54.6,1.1685,long_nclose,63.80010000000001,0.03753635718143231,1.0
1708443840000.0,598544,1708443840000.0,0.0,-0.0042156,1699.6838945600155,1699.7768345600155,18.0,1.171,72.6,1.1691198347107439,long_ientry_partial,84.8781,0.04993757972977191,1.0
1708443840000.0,598544,1708443840000.0,0.035090247933882775,-0.003187024,1699.7157977839493,1699.7913275360154,-13.6,1.1717,59.0,1.1691198347107439,long_nclose,68.97807024793389,0.0405821198684309,0.0
1708444380000.0,598553,1708444380000.0,0.048218429752066604,-0.0034468560000000007,1699.7605693577013,1699.9280306800154,-14.7,1.1724,44.3,1.1691198347107439,long_nclose,51.79200867768595,0.030470178924821692,9.0
1708444440000.0,598554,1708444440000.0,0.0,-0.0066151560000000005,1699.7539542017014,1699.6676655240155,28.2,1.1729,72.5,1.1705901886577372,long_ientry_partial,84.86778867768595,0.04992945506489177,1.0
1708444920000.0,598562,1708444920000.0,0.058097585294955324,-0.0042491560000000005,1699.8078026309963,1699.8681763680154,-18.1,1.1738,54.4,1.1705901886577372,long_nclose,63.68010626298091,0.03746312151551227,8.0
1708444980000.0,598563,1708444980000.0,0.0,-0.004241554,1699.8035610769964,1699.8059348140155,18.1,1.1717,72.5,1.1708672587997366,long_ientry_partial,84.88787626298091,0.04993981552150409,1.0
1708445100000.0,598565,1708445100000.0,0.05851261572476554,-0.004250242,1699.8578234507213,1700.0445645720156,-18.1,1.1741,54.4,1.1708672587997366,long_nclose,63.69517887870567,0.037470886094111144,2.0
1708445160000.0,598566,1708445160000.0,0.0,-0.0042274800000000005,1699.8535959707212,1700.2140970920157,18.0,1.1743,72.4,1.1717207027445533,long_ientry_partial,84.83257887870566,0.049905814877110655,1.0
1708445700000.0,598575,1708445700000.0,0.059355280323585884,-0.0042535,1699.9086977510449,1700.0813335920157,-18.1,1.175,54.3,1.1717207027445533,long_nclose,63.62443415902924,0.037428147901827594,9.0
1708445760000.0,598576,1708445760000.0,0.0,-0.004229640000000001,1699.904468111045,1700.0987939520157,18.0,1.1749,72.3,1.1725122290322165,long_ientry_partial,84.77263415902925,0.049869057790776716,1.0
1708445760000.0,598576,1708445760000.0,0.03358490806507752,-0.0031725000000000004,1699.93488051911,1700.0929214520156,-13.5,1.175,58.8,1.1725122290322165,long_nclose,68.94371906709434,0.04055668241011735,0.0
1708445820000.0,598577,1708445820000.0,0.04833023322641645,-0.0034568520000000003,1699.9797539003364,1700.1379746000157,-14.7,1.1758,44.1,1.1725122290322165,long_nclose,51.70778930032075,0.030416708894141446,1.0
1708445880000.0,598578,1708445880000.0,0.0,-0.006633203999999999,1699.9731206963363,1699.8999813960156,28.2,1.1761,72.3,1.1739116085798167,long_ientry_partial,84.87380930032074,0.04992655958322157,1.0
1708458180000.0,598783,1708458180000.0,0.059191045563300015,-0.00423792,1700.0280738218996,1700.2337834760156,-18.0,1.1772,54.3,1.1739116085798167,long_nclose,63.74340034588404,0.03749549864937231,205.0
1708458240000.0,598784,1708458240000.0,0.0,-0.004216166,1700.0238576558995,1700.2440073100154,17.9,1.1777,72.2,1.1748508358155685,long_ientry_partial,84.82423034588405,0.04989590585090086,1.0
1708458300000.0,598785,1708458300000.0,0.05848495531976594,-0.00424116,1700.0781014512193,1700.2921461500155,-18.0,1.1781,54.2,1.1748508358155685,long_nclose,63.67691530120381,0.03745528822872783,1.0
1708458420000.0,598787,1708458420000.0,0.18448495531976805,-0.00426636,1700.258320046539,1700.6329597900153,-18.0,1.1851,36.2,1.1748508358155685,long_nclose,42.52960025652358,0.025013611023152926,2.0
1708458480000.0,598788,1708458480000.0,0.0,-0.008414920000000001,1700.249905126539,1700.5743548700154,35.5,1.1852,71.7,1.1799748989752241,long_ientry_partial,84.60420025652357,0.04975986177174761,1.0
1708458720000.0,598792,1708458720000.0,0.2467699144921415,-0.005689634,1700.4909854070313,1700.9176052360156,-23.9,1.1903,47.8,1.1799748989752241,long_nclose,56.40280017101571,0.03316853817811629,4.0
1708458780000.0,598793,1708458780000.0,0.0,-0.005670036,1700.4853153710312,1700.7040052000154,23.9,1.1862,71.7,1.1820499326501492,long_ientry_partial,84.75298017101571,0.04984046578051357,1.0
1708458840000.0,598794,1708458840000.0,0.058176205562329004,-0.004243374,1700.5392482025936,1700.7840418260157,-17.9,1.1853,53.8,1.1820499326501492,long_nclose,63.594286376578026,0.03739654138755975,1.0
1708458900000.0,598795,1708458900000.0,0.0,-0.004246596,1700.5350016065936,1700.7295952300155,17.9,1.1862,71.7,1.1830860024627339,long_ientry_partial,84.82726637657802,0.049882693561988906,1.0
1708458960000.0,598796,1708458960000.0,0.0593205559170618,-0.004247312,1700.5900748505107,1700.7898879180157,-17.9,1.1864,53.8,1.1830860024627339,long_nclose,63.65002693249508,0.03742820087791598,1.0
1708459140000.0,598799,1708459140000.0,0.1846205559170639,-0.004272372,1700.7704230344277,1701.2914755460156,-17.9,1.1934,35.9,1.1830860024627339,long_nclose,42.472787488412145,0.024972675273029717,3.0
1708459260000.0,598801,1708459260000.0,0.12273657069346706,-0.0028402920000000003,1700.8903193131212,1701.0322552540156,-11.9,1.1934,24.0,1.1830860024627339,long_nclose,28.394064059105613,0.01669364787176408,2.0
1708459380000.0,598803,1708459380000.0,0.0,-0.011317302,1700.8790020111212,1700.9131179520157,47.7,1.1863,71.7,1.1852241849247644,long_ientry_partial,84.98057405910562,0.04996273924166534,2.0
1708459560000.0,598806,1708459560000.0,0.058637089846714445,-0.004254829999999999,1700.933384270968,1701.0773431220157,-17.9,1.1885,53.8,1.1852241849247644,long_nclose,63.76506114895233,0.03748827657720557,3.0
1708459800000.0,598810,1708459800000.0,0.04389592200815495,-0.0031851799999999997,1700.9740950129762,1701.1629979420159,-13.4,1.1885,40.4,1.1852241849247644,long_nclose,47.88305707096048,0.028150374077622387,4.0
1708460520000.0,598822,1708460520000.0,0.0,-0.007426863999999999,1700.9666681489762,1700.9998310780156,31.3,1.1864,71.7,1.1857374765824333,long_ientry_partial,85.01737707096048,0.04998180073891629,12.0
1708460640000.0,598824,1708460640000.0,0.05839916917444429,-0.00425662,1701.0208106981506,1701.1855744580157,-17.9,1.189,53.8,1.1857374765824333,long_nclose,63.79267624013491,0.03750258423584627,2.0
1708460700000.0,598825,1708460700000.0,0.04371781379539406,-0.0031865200000000004,1701.061341991946,1701.2254679380155,-13.4,1.189,40.4,1.1857374765824333,long_nclose,47.903794053930305,0.02816112086694938,1.0
1708460820000.0,598827,1708460820000.0,0.1388578137953925,-0.003205548,1701.1969942577412,1701.5307823900155,-13.4,1.1961,27.0,1.1857374765824333,long_nclose,32.0149118677257,0.018819050336786134,2.0
1708460880000.0,598828,1708460880000.0,0.23439406613715075,-0.00324837,1701.4281399538784,1701.6517340200155,-13.5,1.2031,13.5,1.1857374765824333,long_nclose,16.00745593386285,0.009408246847437692,1.0
1708461240000.0,598834,1708461240000.0,0.04663135537904972,-0.00107649,1701.4736948192574,1701.5588575300155,-4.5,1.1961,9.0,1.1857374765824333,long_nclose,10.6716372892419,0.006271996635466948,6.0
1708461720000.0,598842,1708461720000.0,0.031087570252699814,-0.00071766,1701.5040647295102,1701.5668398700157,-3.0,1.1961,6.0,1.1857374765824333,long_nclose,7.1144248594946,0.0041812564583121265,8.0
1708461960000.0,598846,1708461960000.0,0.02072504683513321,-0.00047844,1701.5243113363454,1701.5705614300157,-2.0,1.1961,4.0,1.1857374765824333,long_nclose,4.742949906329733,0.0027874711367507346,4.0
1708463160000.0,598866,1708463160000.0,0.013471280442836587,-0.000310986,1701.5374716307883,1701.5678804440158,-1.3,1.1961,2.7,1.1857374765824333,long_nclose,3.20149118677257,0.001881528464785554,20.0
1708464180000.0,598883,1708464180000.0,0.009326271075809944,-0.000215298,1701.5465826038642,1701.5664951460158,-0.9,1.1961,1.8,1.1857374765824333,long_nclose,2.13432745784838,0.0012543455933967053,17.0
1708467360000.0,598936,1708467360000.0,0.01562627107581005,-0.00021655800000000005,1701.5619923169402,1701.576178588016,-0.9,1.2031,0.9,1.1857374765824333,long_nclose,1.06716372892419,0.0006271671168859862,53.0
1708469400000.0,598970,1708469400000.0,0.006945009367026689,-9.624800000000002e-05,1701.568841078307,1701.5784723400159,-0.4,1.2031,0.5,1.1857374765824333,long_nclose,0.5928687382912167,0.00034842477364330893,34.0
1708470300000.0,598985,1708470300000.0,0.012231261708783303,-0.00012102,1701.5809513200159,1701.5809513200159,-0.5,1.2102,0.0,1.1857374765824333,long_nclose,0.0,0.0,15.0
1708474620000.0,599057,1708474620000.0,0.0,-0.017012528000000002,1701.563938792016,1701.542578792016,71.2,1.1947,71.2,1.1947,long_ientry_normal,85.06264000000002,0.049990857270040746,72.0
1708476120000.0,599082,1708476120000.0,0.05873999999999749,-0.00426488,1701.618413912016,1701.848033912016,-17.8,1.198,53.4,1.1947,long_nclose,63.796980000000005,0.03749194265789057,25.0
1708476600000.0,599090,1708476600000.0,0.043889999999998125,-0.0031866800000000003,1701.659117232016,1701.8195172320159,-13.3,1.198,40.1,1.1947,long_nclose,47.90747,0.0281533883695391,8.0
1708476720000.0,599092,1708476720000.0,0.032999999999998586,-0.002396,1701.6897212320157,1701.7980812320156,-10.0,1.198,30.1,1.1947,long_nclose,35.96047000000001,0.02113221320627405,2.0
1708476900000.0,599095,1708476900000.0,0.02474999999999894,-0.001797,1701.7126742320158,1701.8324542320158,-7.5,1.198,22.6,1.1947,long_nclose,27.000220000000002,0.015866497563805957,3.0
1708477380000.0,599103,1708477380000.0,0.0,-0.011613456000000001,1701.7010607760158,1701.7745207760158,48.6,1.1948,71.2,1.1947682584269663,long_ientry_partial,85.06750000000001,0.04998968500449029,8.0
1708477440000.0,599104,1708477440000.0,0.059304999999998435,-0.004265236,1701.7561005400157,1701.9767355400156,-17.8,1.1981,53.4,1.1947682584269663,long_nclose,63.800625,0.03749105114402366,1.0
1708477920000.0,599112,1708477920000.0,0.18568500000000032,-0.004290512000000001,1701.9374950280157,1702.3231050280158,-17.8,1.2052,35.6,1.1947682584269663,long_nclose,42.533750000000005,0.02499137020264064,8.0
1708478640000.0,599124,1708478640000.0,0.12309455056179798,-0.002844272,1702.0577453065775,1702.3488607560157,-11.8,1.2052,23.8,1.1947682584269663,long_nclose,28.4354845505618,0.016706533388172417,12.0
1708479120000.0,599132,1708479120000.0,0.08241075842696644,-0.0019042160000000005,1702.1382518490045,1702.3057065400158,-7.9,1.2052,15.9,1.1947682584269663,long_nclose,18.996815308988765,0.01116055954230089,8.0
1708479660000.0,599141,1708479660000.0,0.05528823033707875,-0.001277512,1702.1922625673417,1702.2890590280158,-5.3,1.2052,10.6,1.1947682584269663,long_nclose,12.664543539325843,0.007440136944474456,9.0
1708479780000.0,599143,1708479780000.0,0.03651109550561804,-0.0008436400000000001,1702.2279300228472,1702.2927653880158,-3.5,1.2052,7.1,1.1947682584269663,long_nclose,8.48285463483146,0.004983383532379006,2.0
1708479900000.0,599145,1708479900000.0,0.023993005617977566,-0.000554392,1702.2513686364653,1702.2947209960157,-2.3,1.2052,4.8,1.1947682584269663,long_nclose,5.734887640449438,0.0033690016328453234,2.0
1708480080000.0,599148,1708480080000.0,0.01669078651685396,-0.0003856640000000001,1702.267673758982,1702.3029753320156,-1.6,1.2052,3.2,1.1947682584269663,long_nclose,3.8232584269662926,0.0022459795753059773,3.0
1708481100000.0,599165,1708481100000.0,0.010431741573033726,-0.00024104,1702.277864460555,1702.2994942920157,-1.0,1.2052,2.2,1.1947682584269663,long_nclose,2.6284901685393263,0.0015441017141888784,17.0
1708481160000.0,599166,1708481160000.0,0.007302219101123607,-0.000168728,1702.2849979516561,1702.3018455640156,-0.7,1.2052,1.5,1.1947682584269663,long_nclose,1.7921523876404495,0.0010527922115256434,1.0
1708482660000.0,599191,1708482660000.0,0.005215870786516863,-0.00012052,1702.2900933024425,1702.3006250440155,-0.5,1.2052,1.0,1.1947682584269663,long_nclose,1.1947682584269663,0.0007018593735155423,25.0
1708482780000.0,599193,1708482780000.0,0.003129522471910118,-7.231200000000001e-05,1702.2931505129145,1702.3008027320157,-0.3,1.2052,0.7,1.1947682584269663,long_nclose,0.8363377808988763,0.0004913006791144528,2.0
1708483140000.0,599199,1708483140000.0,0.002086348314606745,-4.820800000000001e-05,1702.2951886532292,1702.3005045240157,-0.2,1.2052,0.5,1.1947682584269663,long_nclose,0.5973841292134832,0.000350928636346616,6.0
1708483260000.0,599201,1708483260000.0,0.0010431741573033726,-2.4104000000000005e-05,1702.2962077233865,1702.3007404200157,-0.1,1.2052,0.4,1.1947682584269663,long_nclose,0.4779073033707866,0.0002807427410121117,2.0
1708486320000.0,599252,1708486320000.0,0.0,-0.01691576,1702.2792919633864,1702.2947846600157,70.6,1.198,71.0,1.1979817930052221,long_ientry_partial,85.05670730337077,0.04996636433570633,51.0
1708487280000.0,599268,1708487280000.0,0.05873226380756913,-0.004252602,1702.333771625194,1702.5212920580157,-17.7,1.2013,53.3,1.1979817930052221,long_nclose,63.85242956717833,0.03750876040379515,16.0
1708487880000.0,599278,1708487880000.0,0.044132153030546295,-0.0031954580000000004,1702.3747083202247,1702.5554366000158,-13.3,1.2013,40.0,1.1979817930052221,long_nclose,47.91927172020888,0.028148486632236222,10.0
1708488240000.0,599284,1708488240000.0,0.03318206994777917,-0.0024026,1702.4054877901724,1702.5110340000158,-10.0,1.2013,30.0,1.1979817930052221,long_nclose,35.93945379015666,0.02111098328096222,6.0
1708488780000.0,599293,1708488780000.0,0.024886552460834377,-0.00180195,1702.4285723926332,1702.5054820500156,-7.5,1.2013,22.5,1.1979817930052221,long_nclose,26.954590342617497,0.015833022765081344,9.0
1708489140000.0,599299,1708489140000.0,0.018581959170756335,-0.0013454559999999999,1702.4458088958038,1702.4951265940156,-5.6,1.2013,16.9,1.1979817930052221,long_nclose,20.245892301788253,0.011892238916503085,6.0
1708489200000.0,599300,1708489200000.0,0.013936469378067251,-0.001009092,1702.4587362731818,1702.5021475020155,-4.2,1.2013,12.7,1.1979817930052221,long_nclose,15.21436877116632,0.008936703396683664,1.0
1708489320000.0,599302,1708489320000.0,0.010286441683811542,-0.0007448060000000001,1702.4682779088655,1702.5068526960154,-3.1,1.2013,9.6,1.1979817930052221,long_nclose,11.500625212850132,0.006755265494271823,2.0
1708489860000.0,599311,1708489860000.0,0.0,-0.014715123999999998,1702.4535627848654,1702.3075175720153,61.4,1.1983,71.0,1.1982569748288752,long_ientry_partial,85.07624521285014,0.04997272587786936,9.0
1708494720000.0,599392,1708494720000.0,0.059171545528909596,-0.004253664,1702.5084806663942,1702.718643908015,-17.7,1.2016,53.3,1.1982569748288752,long_nclose,63.86709675837904,0.03751352635458253,81.0
1708494840000.0,599394,1708494840000.0,0.04446223477596032,-0.0031962560000000006,1702.5497466451702,1702.5794676520152,-13.3,1.2016,40.0,1.1982569748288752,long_nclose,47.93027899315501,0.02815205786943986,2.0
1708494900000.0,599395,1708494900000.0,0.0,-0.007445962,1702.5423006831702,1702.5813416900153,31.1,1.1971,71.1,1.1977509000443745,long_ientry_partial,85.16008899315501,0.05001936748295961,1.0
1708495020000.0,599397,1708495020000.0,0.05927906921457313,-0.004251894,1702.597327858385,1702.9523897960153,-17.7,1.2011,53.4,1.1977509000443745,long_nclose,63.9598980623696,0.03756607450031751,2.0
1708495440000.0,599404,1708495440000.0,0.044543029409820495,-0.0031949260000000003,1702.6386759617947,1702.7569348700154,-13.3,1.2011,40.1,1.1977509000443745,long_nclose,48.029811091779415,0.02820904503690315,7.0
1708495500000.0,599405,1708495500000.0,0.03349099955625601,-0.0024022,1702.669764761351,1702.7856226700153,-10.0,1.2011,30.1,1.1977509000443745,long_nclose,36.052302091335676,0.02117398384435917,1.0
1708495620000.0,599407,1708495620000.0,0.0,-0.00981704,1702.659947721351,1702.8779956300154,41.0,1.1972,71.1,1.1974332221003614,long_ientry_partial,85.13750209133569,0.05000264568698769,2.0
1708495800000.0,599410,1708495800000.0,0.05782196882360491,-0.004250478,1702.7135192121748,1702.8025251520155,-17.7,1.2007,53.4,1.1974332221003614,long_nclose,63.942934060159295,0.037553548109340744,3.0
1708495860000.0,599411,1708495860000.0,0.04344814606519465,-0.0031938620000000004,1702.75377349624,1702.8887812900155,-13.3,1.2007,40.1,1.1974332221003614,long_nclose,48.01707220622449,0.02819965690496267,1.0
1708496040000.0,599414,1708496040000.0,0.032667778996386954,-0.0024014000000000006,1702.7840398752364,1702.9064498900157,-10.0,1.2007,30.1,1.1974332221003614,long_nclose,36.04273998522088,0.021166947270577975,3.0
1708496220000.0,599417,1708496220000.0,0.024500834247290215,-0.0018010500000000002,1702.8067396594836,1702.8647488400154,-7.5,1.2007,22.6,1.1974332221003614,long_nclose,27.061990819468168,0.01589257911022824,3.0
1708496340000.0,599419,1708496340000.0,0.0,-0.011613810000000002,1702.7951258494836,1702.7423450300155,48.5,1.1973,71.1,1.1973423462653752,long_ientry_partial,85.13104081946817,0.049994881666693955,2.0
1708507680000.0,599608,1708507680000.0,0.0,-0.023363320000000003,1702.7717625294836,1699.5307817100154,101.0,1.1566,172.1,1.1734319629254397,long_rentry,201.94764081946818,0.11859935974007053,189.0
1708539900000.0,600145,1708539900000.0,0.0,-0.05529123000000001,1702.7164712994836,1694.9457004800154,244.5,1.1307,416.6,1.1483528344202307,long_rentry,478.40379081946816,0.2809650337465513,537.0
1708551000000.0,600330,1708551000000.0,0.32761993685397783,-0.02397423,1703.0201170063376,1704.3161062500155,-104.1,1.1515,312.5,1.1483528344202307,long_nclose,358.8602607563221,0.21071991879176763,185.0
1708551120000.0,600332,1708551120000.0,0.24579363177997762,-0.01798643,1703.2479242081176,1703.5871398200156,-78.1,1.1515,234.4,1.1483528344202307,long_nclose,269.1739043881021,0.15803565679567624,2.0
1708551300000.0,600335,1708551300000.0,0.18442390297447747,-0.013495580000000002,1703.4188525310922,1703.9018042400155,-58.6,1.1515,175.8,1.1483528344202307,long_nclose,201.88042829107658,0.11851484911717666,3.0
1708551420000.0,600337,1708551420000.0,0.13816056895186962,-0.01011017,1703.546902930044,1704.0279640700157,-43.9,1.1515,131.9,1.1483528344202307,long_nclose,151.46773886002845,0.08891316030072842,2.0
1708552140000.0,600349,1708552140000.0,0.10354174757440798,-0.00757687,1703.6428678076184,1704.2019372000154,-32.9,1.1515,99.0,1.1483528344202307,long_nclose,113.68693060760285,0.06673166821277755,12.0
1708552980000.0,600363,1708552980000.0,0.33155646413238915,-0.007645440000000001,1703.9667788317506,1704.6364917600154,-33.0,1.1584,66.0,1.1483528344202307,long_nclose,75.79128707173523,0.04447932202275573,14.0
1708553220000.0,600367,1708553220000.0,0.2210376427549261,-0.005096960000000001,1704.1827195145056,1704.5719948000155,-22.0,1.1584,44.0,1.1483528344202307,long_nclose,50.527524714490156,0.029649123967695576,4.0
1708553340000.0,600369,1708553340000.0,0.14668861746463277,-0.003382528,1704.3260256039703,1704.6272922720154,-14.6,1.1584,29.4,1.1483528344202307,long_nclose,33.76157333195478,0.01980933977698928,2.0
1708554060000.0,600381,1708554060000.0,0.09846222268173982,-0.0022704640000000007,1704.422217362652,1704.5995418080154,-9.8,1.1584,19.6,1.1483528344202307,long_nclose,22.507715554636523,0.013205481203750074,12.0
1708554120000.0,600382,1708554120000.0,0.0653065762685009,-0.0015059200000000002,1704.4860180189205,1704.6189458880156,-6.5,1.1584,13.1,1.1483528344202307,long_nclose,15.043422130905022,0.008825782066777877,1.0
1708554360000.0,600386,1708554360000.0,0.04320281199300828,-0.000996224,1704.5282246069137,1704.6183996640157,-4.3,1.1584,8.8,1.1483528344202307,long_nclose,10.105504942898031,0.0059286228277202575,4.0
1708554720000.0,600392,1708554720000.0,0.029136780181331166,-0.000671872,1704.5566895150948,1704.6236377920154,-2.9,1.1584,5.9,1.1483528344202307,long_nclose,6.775281723079361,0.003974805745537724,6.0
1708556340000.0,600419,1708556340000.0,0.048856780181330925,-0.0006758160000000001,1704.604870479276,1704.6566119760155,-2.9,1.1652,3.0,1.1483528344202307,long_nclose,3.445058503260692,0.0020210305408150456,27.0
1708556520000.0,600422,1708556520000.0,0.025270748369653928,-0.00034956,1704.6297916676458,1704.6556624160155,-1.5,1.1652,1.5,1.1483528344202307,long_nclose,1.722529251630346,0.001010500496970189,3.0
1708558740000.0,600459,1708558740000.0,0.035470748369653804,-0.00035160000000000004,1704.6649108160154,1704.6649108160154,-1.5,1.172,0.0,1.1483528344202307,long_nclose,0.0,0.0,37.0
1708566600000.0,600590,1708566600000.0,0.0,-0.0170384,1704.6478724160154,1704.3755524160154,73.6,1.1575,73.6,1.1575,long_ientry_normal,85.192,0.049976303832917984,131.0
1708567620000.0,600607,1708567620000.0,0.05888000000000168,-0.004271376,1704.7024810400155,1704.8901610400155,-18.4,1.1607,55.2,1.1575,long_nclose,63.894,0.03748102716493915,17.0
1708567980000.0,600613,1708567980000.0,0.04416000000000127,-0.0032035320000000007,1704.7434375080154,1704.9007575080154,-13.8,1.1607,41.4,1.1575,long_nclose,47.9205,0.028110095012332133,6.0
1708568520000.0,600622,1708568520000.0,0.13937999999999998,-0.0032225760000000004,1704.8795949320154,1705.1831949320153,-13.8,1.1676,27.6,1.1575,long_nclose,31.947,0.01873856669700709,9.0
1708568940000.0,600629,1708568940000.0,0.09291999999999997,-0.0021483839999999997,1704.9703665480154,1705.1341265480153,-9.2,1.1676,18.4,1.1575,long_nclose,21.298,0.012491712711184065,7.0
1708569540000.0,600639,1708569540000.0,0.01472000000000042,-0.001067844,1704.9840187040152,1705.0336987040153,-4.6,1.1607,13.8,1.1575,long_nclose,15.9735,0.009368709515612765,10.0
1708570320000.0,600652,1708570320000.0,0.010880000000000311,-0.000789276,1704.9941094280152,1705.0325894280152,-3.4,1.1607,10.4,1.1575,long_nclose,12.038,0.007060434950146814,13.0
1708570740000.0,600659,1708570740000.0,0.008320000000000239,-0.0006035640000000001,1705.0018258640152,1705.0275658640153,-2.6,1.1607,7.8,1.1575,long_nclose,9.0285,0.005295302247213007,7.0
1708570920000.0,600662,1708570920000.0,0.0,-0.015237964,1704.9865879000151,1704.894027900015,65.8,1.1579,73.6,1.1578576086956522,long_ientry_partial,85.21831999999999,0.049981812528485076,3.0
1708571280000.0,600668,1708571280000.0,0.05965999999999915,-0.004272848,1705.041975052015,1705.237515052015,-18.4,1.1611,55.2,1.1578576086956522,long_nclose,63.913740000000004,0.03748514167696676,6.0
1708573680000.0,600708,1708573680000.0,0.18661999999999743,-0.004298239999999999,1705.224296812015,1705.6269768120148,-18.4,1.168,36.8,1.1578576086956522,long_nclose,42.609159999999996,0.024987422522456153,40.0
1708575960000.0,600746,1708575960000.0,0.12373717391304177,-0.00284992,1705.345184065928,1705.6020668920148,-12.2,1.168,24.6,1.1578576086956522,long_nclose,28.483297173913048,0.016702364682557955,38.0
1708576140000.0,600749,1708576140000.0,0.08316760869565103,-0.0019155199999999998,1705.4264361546236,1705.5976913720149,-8.2,1.168,16.4,1.1578576086956522,long_nclose,18.988864782608694,0.01113437928488113,3.0
1708576980000.0,600763,1708576980000.0,0.05476891304347751,-0.00126144,1705.4799436276671,1705.611309932015,-5.4,1.168,11.0,1.1578576086956522,long_nclose,12.736433695652174,0.007467946922061685,14.0
1708577640000.0,600774,1708577640000.0,0.03651260869565167,-0.00084096,1705.5156152763627,1705.587708972015,-3.6,1.168,7.4,1.1578576086956522,long_nclose,8.568146304347827,0.005023786488732582,11.0
1708577700000.0,600775,1708577700000.0,0.024341739130434446,-0.00056064,1705.5393963754932,1705.594108332015,-2.4,1.168,5.0,1.1578576086956522,long_nclose,5.789288043478261,0.0033944029998845514,1.0
1708577940000.0,600779,1708577940000.0,0.0162278260869563,-0.00037376,1705.5552504415803,1705.5921145720151,-1.6,1.168,3.4,1.1578576086956522,long_nclose,3.9367158695652176,0.0023081725839992425,4.0
1708578540000.0,600789,1708578540000.0,0.028972065217391284,-0.000399466,1705.5838230407976,1705.614155106015,-1.7,1.1749,1.7,1.1578576086956522,long_nclose,1.9683579347826088,0.0011540669583001348,10.0
1708579200000.0,600800,1708579200000.0,0.040532065217391146,-0.00040177800000000004,1705.623953328015,1705.623953328015,-1.7,1.1817,0.0,1.1578576086956522,long_nclose,0.0,0.0,11.0
1708646640000.0,601924,1708646640000.0,0.0,-0.017053374,1705.606899954015,1705.663139954015,70.3,1.2129,70.3,1.2129,long_ientry_normal,85.26687,0.04999209958771794,1124.0
1708646760000.0,601926,1708646760000.0,0.05949999999999733,-0.00425705,1705.6621429040151,1705.973662904015,-17.5,1.2163,52.8,1.2129,long_nclose,64.04112,0.03754619299398021,2.0
1708647420000.0,601937,1708647420000.0,0.186559999999999,-0.004306720000000001,1705.8443961840153,1706.2421561840154,-17.6,1.2235,35.2,1.2129,long_nclose,42.69408000000001,0.025028121026458763,11.0
1708647780000.0,601943,1708647780000.0,0.12401999999999933,-0.00286299,1705.9655531940152,1706.2217031940152,-11.7,1.2235,23.5,1.2129,long_nclose,28.50315,0.016707928214983372,6.0
1708648680000.0,601958,1708648680000.0,0.08267999999999955,-0.0019086600000000002,1706.0463245340152,1706.2268745340152,-7.8,1.2235,15.7,1.2129,long_nclose,19.04253,0.011161789528312618,15.0
1708650060000.0,601981,1708650060000.0,0.13883999999999855,-0.0019198919999999999,1706.1832446420153,1706.3333446420154,-7.8,1.2307,7.9,1.2129,long_nclose,9.58191,0.005615991148717698,23.0
1708650660000.0,601991,1708650660000.0,0.06941999999999927,-0.0009599459999999999,1706.2517046960154,1706.3217046960153,-3.9,1.2307,4.0,1.2129,long_nclose,4.8516,0.00284342573059252,10.0
1708651020000.0,601997,1708651020000.0,0.03559999999999963,-0.00049228,1706.2868124160154,1706.3228124160155,-2.0,1.2307,2.0,1.2129,long_nclose,2.4258,0.0014216836128301258,6.0
1708651860000.0,602011,1708651860000.0,0.017799999999999816,-0.00024614,1706.3043662760156,1706.3210662760155,-1.0,1.2307,1.0,1.2129,long_nclose,1.2129,0.0007108344935242337,14.0
1708652340000.0,602019,1708652340000.0,0.008899999999999908,-0.00012307,1706.3131432060156,1706.3220932060156,-0.5,1.2307,0.5,1.2129,long_nclose,0.60645,0.0003554154185676216,8.0
1708653660000.0,602041,1708653660000.0,0.0010599999999999943,-2.4470000000000005e-05,1706.3141787360157,1706.3185787360158,-0.1,1.2235,0.4,1.2129,long_nclose,0.48516000000000004,0.00028433216229814805,22.0
1708654980000.0,602063,1708654980000.0,0.0035599999999999634,-4.9228000000000004e-05,1706.3176895080157,1706.3213495080158,-0.2,1.2307,0.2,1.2129,long_nclose,0.24258000000000002,0.00014216578864041627,22.0
1708655700000.0,602075,1708655700000.0,0.0017799999999999817,-2.4614000000000002e-05,1706.3194448940158,1706.3213048940158,-0.1,1.2307,0.1,1.2129,long_nclose,0.12129000000000001,7.10828211932694e-05,12.0
1708656180000.0,602083,1708656180000.0,0.0017799999999999817,-2.4614000000000002e-05,1706.3212002800158,1706.3212002800158,-0.1,1.2307,0.0,1.2129,long_nclose,0.0,0.0,8.0
1708656900000.0,602095,1708656900000.0,0.0,-0.017071236000000004,1706.3041290440158,1706.3111490440158,70.2,1.2159,70.2,1.2159,long_ientry_normal,85.35618000000001,0.05002401303911875,12.0
1708657020000.0,602097,1708657020000.0,0.05950000000000122,-0.00426755,1706.359361494016,1706.575431494016,-17.5,1.2193,52.7,1.2159,long_nclose,64.07793000000001,0.037552423859822874,2.0
1708657140000.0,602099,1708657140000.0,0.04454000000000091,-0.0031945660000000002,1706.400706928016,1706.531386928016,-13.1,1.2193,39.6,1.2159,long_nclose,48.14964,0.028217076917813992,2.0
1708657200000.0,602100,1708657200000.0,0.03366000000000069,-0.002414214,1706.431952714016,1706.515112714016,-9.9,1.2193,29.7,1.2159,long_nclose,36.11223,0.021162420184739773,1.0
1708657320000.0,602102,1708657320000.0,0.0,-0.0098496,1706.422103114016,1706.607593114016,40.5,1.216,70.2,1.2159576923076922,long_ientry_partial,85.36023,0.0500229279990149,2.0
1708657380000.0,602103,1708657380000.0,0.05849038461538669,-0.00426755,1706.4763259486315,1706.5839555640162,-17.5,1.2193,52.7,1.2159576923076922,long_nclose,64.08097038461538,0.03755163163426409,1.0
1708657440000.0,602104,1708657440000.0,0.043784230769232324,-0.0031945660000000002,1706.5169156134007,1706.673030998016,-13.1,1.2193,39.6,1.2159576923076922,long_nclose,48.151924615384615,0.028216494178773845,1.0
1708657560000.0,602106,1708657560000.0,0.0,-0.00744192,1706.5094736934007,1706.307569078016,30.6,1.216,70.2,1.2159761341222879,long_ientry_partial,85.36152461538461,0.050021125537988695,2.0
1708659780000.0,602143,1708659780000.0,0.05816765285996284,-0.00426755,1706.5633737962607,1706.8492115280162,-17.5,1.2193,52.7,1.2159761341222879,long_nclose,64.08194226824457,0.03755028570998445,37.0
1708661340000.0,602169,1708661340000.0,0.0,-0.004256,1706.5591177962608,1706.4901755280162,17.5,1.216,70.2,1.2159820835932273,long_ientry_partial,85.36194226824456,0.05001991514860347,26.0
1708662060000.0,602181,1708662060000.0,0.0580635371185223,-0.00426755,1706.6129137833793,1706.7930379780162,-17.5,1.2193,52.7,1.2159820835932273,long_nclose,64.08225580536309,0.03754937940982735,12.0
1708662300000.0,602185,1708662300000.0,0.1858135371185199,-0.0042931,1706.7944342204978,1707.1470648780162,-17.5,1.2266,35.2,1.2159820835932273,long_nclose,42.802569342481604,0.02507775305819401,4.0
1708662360000.0,602186,1708662360000.0,0.124229621959239,-0.0028702439999999997,1706.9157935984572,1707.1606146340164,-11.7,1.2266,23.5,1.2159820835932273,long_nclose,28.575578964440844,0.016741059559943997,1.0
1708662420000.0,602187,1708662420000.0,0.082819747972826,-0.001913496,1706.9966998504299,1707.1571211380162,-7.8,1.2266,15.7,1.2159820835932273,long_nclose,19.090918712413668,0.01118392244934419,1.0
1708662480000.0,602188,1708662480000.0,0.05521316531521734,-0.001275664,1707.050637351745,1707.1820754740163,-5.2,1.2266,10.5,1.2159820835932273,long_nclose,12.767811877728887,0.007479457022749129,1.0
1708662780000.0,602193,1708662780000.0,0.09265316531521783,-0.001283152,1707.1420073650602,1707.226902322016,-5.2,1.2338,5.3,1.2159820835932273,long_nclose,6.444705043044105,0.0037751429085805107,5.0
1708663020000.0,602197,1708663020000.0,0.04632658265760892,-0.000641576,1707.187692371718,1707.2341807460161,-2.6,1.2338,2.7,1.2159820835932273,long_nclose,3.283151625701714,0.0019231345448259302,4.0
1708663080000.0,602198,1708663080000.0,0.02316329132880446,-0.000320788,1707.2105348750467,1707.2351999580162,-1.3,1.2338,1.4,1.2159820835932273,long_nclose,1.7023749170305182,0.000997167532799414,1.0
1708663140000.0,602199,1708663140000.0,0.012472541484740862,-0.000172732,1707.2228346845316,1707.2364972260164,-0.7,1.2338,0.7,1.2159820835932273,long_nclose,0.8511874585152591,0.0004985801743171655,1.0
1708663380000.0,602203,1708663380000.0,0.005345374922031798,-7.4028e-05,1707.2281060314535,1707.2353531980164,-0.3,1.2338,0.4,1.2159820835932273,long_nclose,0.48639283343729095,0.0002849020770680364,4.0
1708665060000.0,602231,1708665060000.0,0.003563583281354532,-4.9352000000000005e-05,1707.231620262735,1707.2351638460163,-0.2,1.2338,0.2,1.2159820835932273,long_nclose,0.24319641671864548,0.00014245074530731727,28.0
1708665120000.0,602232,1708665120000.0,0.001781791640677266,-2.4676000000000002e-05,1707.2333773783757,1707.2352791700164,-0.1,1.2338,0.1,1.2159820835932273,long_nclose,0.12159820835932274,7.122529934720976e-05,1.0
1708665480000.0,602238,1708665480000.0,0.001781791640677266,-2.4676000000000002e-05,1707.2351344940164,1707.2351344940164,-0.1,1.2338,0.0,1.2159820835932273,long_nclose,0.0,0.0,6.0
1708674720000.0,602392,1708674720000.0,0.0,-0.017061912,1707.2180725820165,1707.2041125820165,69.8,1.2222,69.8,1.2222,long_ientry_normal,85.30955999999999,0.04996992555905692,154.0
1708674840000.0,602394,1708674840000.0,0.059160000000001205,-0.004265088,1707.2729674940165,1707.4406474940165,-17.4,1.2256,52.4,1.2222,long_nclose,64.04328,0.037512033060538956,2.0
1708674900000.0,602395,1708674900000.0,0.04454000000000091,-0.003211072,1707.3142964220165,1707.5422364220165,-13.1,1.2256,39.3,1.2222,long_nclose,48.03245999999999,0.028133343755546728,1.0
1708675260000.0,602401,1708675260000.0,0.03332000000000068,-0.0024021760000000002,1707.3452142460164,1707.5369642460164,-9.8,1.2256,29.5,1.2222,long_nclose,36.054899999999996,0.021117521927703567,6.0
1708675380000.0,602403,1708675380000.0,0.02482000000000051,-0.001789376,1707.3682448700165,1707.4903448700165,-7.3,1.2256,22.2,1.2222,long_nclose,27.132839999999998,0.015891615696569106,2.0
1708675680000.0,602408,1708675680000.0,0.07918000000000114,-0.0018246920000000004,1707.4456001780165,1707.6113601780166,-7.4,1.2329,14.8,1.2222,long_nclose,18.08856,0.010593930487808283,5.0
1708676880000.0,602428,1708676880000.0,0.012580000000000258,-0.000906944,1707.4572732340166,1707.4728132340167,-3.7,1.2256,11.1,1.2222,long_nclose,13.566419999999999,0.00794539354668856,20.0
1708676940000.0,602429,1708676940000.0,0.0,-0.014352150000000001,1707.4429210840167,1707.4183310840167,58.7,1.2225,69.8,1.2224522922636103,long_ientry_partial,85.32717,0.04997365882417183,1.0
1708693920000.0,602712,1708693920000.0,0.0,-0.023429056000000004,1707.4194920280167,1704.8571420280168,99.2,1.1809,169.0,1.1980618343195268,long_rentry,202.47245000000004,0.1185838927957358,283.0
1708696320000.0,602752,1708696320000.0,0.14087059171596827,-0.010139816000000001,1707.5502228037328,1708.1129822120167,-42.2,1.2014,126.8,1.1980618343195268,long_nclose,151.914240591716,0.0889661917775271,40.0
1708696860000.0,602761,1708696860000.0,0.10581985207099986,-0.007616876000000001,1707.6484257798038,1707.9944153360168,-31.7,1.2014,95.1,1.1980618343195268,long_nclose,113.93568044378699,0.06672080665067685,9.0
1708697460000.0,602771,1708697460000.0,0.07911452662721441,-0.005694636,1707.7218456704309,1707.9387707000167,-23.7,1.2014,71.4,1.1980618343195268,long_nclose,85.54161497041423,0.05009107026843217,10.0
1708697580000.0,602773,1708697580000.0,0.05941934911242264,-0.004276984,1707.7769880355434,1707.9666337160168,-17.8,1.2014,53.6,1.1980618343195268,long_nclose,64.21611431952664,0.037602166307085835,2.0
1708697640000.0,602774,1708697640000.0,0.0,-0.0042056,1707.7727824355434,1707.8842181160167,17.5,1.2016,71.1,1.198932690851289,long_ientry_partial,85.24411431952663,0.0499153723471079,1.0
1708697820000.0,602777,1708697820000.0,0.05783137193218441,-0.004255788,1707.8263580194757,1707.984812328017,-17.7,1.2022,53.4,1.198932690851289,long_nclose,64.02300569145883,0.037488006547518535,3.0
1708697880000.0,602778,1708697880000.0,0.0,-0.004230688,1707.8221273314757,1708.122581640017,17.6,1.2019,71.0,1.1996682491754767,long_ientry_partial,85.17644569145884,0.04987430735807929,1.0
1708697880000.0,602778,1708697880000.0,0.033672285966159655,-0.003197852,1707.8526017654417,1708.0967737880167,-13.3,1.2022,57.7,1.1996682491754767,long_nclose,69.22085797742501,0.04053093218107348,0.0
1708698120000.0,602782,1708698120000.0,0.20028961583084737,-0.004646784,1708.0482445972725,1708.4806670040166,-19.2,1.2101,38.5,1.1996682491754767,long_nclose,46.18722759325585,0.027040938532825798,4.0
1708698480000.0,602788,1708698480000.0,0.13352641055389824,-0.0030978560000000004,1708.1786731518264,1708.4596191480166,-12.8,1.2101,25.7,1.1996682491754767,long_nclose,30.83147400380975,0.01804932615563067,6.0
1708698780000.0,602793,1708698780000.0,0.08866988200844805,-0.00205717,1708.2652858638348,1708.4223519780166,-8.5,1.2101,17.2,1.1996682491754767,long_nclose,20.6342938858182,0.012079092197546975,5.0
1708698840000.0,602794,1708698840000.0,0.05946097969978281,-0.001379514,1708.3233673295344,1708.4502324640164,-5.7,1.2101,11.5,1.1996682491754767,long_nclose,13.796184865517981,0.008075862643665815,1.0
1708698960000.0,602796,1708698960000.0,0.0,-0.014313834000000001,1708.3090534955345,1708.1868986300165,59.3,1.2069,70.8,1.2057253512078812,long_ientry_partial,85.36535486551799,0.049970674036318996,2.0
1708700100000.0,602815,1708700100000.0,0.05973128362050464,-0.004280214,1708.3645045651551,1708.5861784160165,-17.7,1.2091,53.1,1.2057253512078812,long_nclose,64.02401614913849,0.037476789044756625,19.0
1708700160000.0,602816,1708700160000.0,0.0,-0.004269948,1708.3602346171551,1708.5341184680167,17.7,1.2062,70.8,1.205844013405911,long_ientry_partial,85.37375614913849,0.04997409470156089,1.0
1708704900000.0,602895,1708704900000.0,0.0,-0.023435776,1708.336798841155,1706.7849426920166,100.6,1.1648,171.4,1.1817540032038418,long_rentry,202.5526361491385,0.1185671562460865,79.0
1708706460000.0,602921,1708706460000.0,0.13892866287557196,-0.0101436,1708.4655839040306,1708.8701590920166,-42.8,1.185,128.6,1.1817540032038418,long_nclose,151.97356481201405,0.0889532491867573,26.0
1708706520000.0,602922,1708706520000.0,0.10419649715667899,-0.007607700000000002,1708.5621727011871,1708.9912113920163,-32.1,1.185,96.5,1.1817540032038418,long_nclose,114.03926130917074,0.06674574863663169,1.0
1708706760000.0,602926,1708706760000.0,0.0782285227874132,-0.005711700000000001,1708.6346895239747,1708.7538596920165,-24.1,1.185,72.4,1.1817540032038418,long_nclose,85.55898983195816,0.05007447780180261,4.0
1708706820000.0,602927,1708706820000.0,0.05875254201046385,-0.0042897000000000005,1708.6891523659851,1708.8979899920166,-18.1,1.185,54.3,1.1817540032038418,long_nclose,64.16924237396861,0.0375546612940773,1.0
1708706880000.0,602928,1708706880000.0,0.0,-0.004220736,1708.6849316299852,1709.1605392560166,17.8,1.1856,72.1,1.1827035003324355,long_ientry_partial,85.2729223739686,0.04990558574928336,1.0
1708707120000.0,602932,1708707120000.0,0.24711599202154844,-0.0057264,1708.9263212220067,1709.4312028560166,-24.0,1.193,48.1,1.1827035003324355,long_nclose,56.88803836599015,0.033288760117704236,4.0
1708707180000.0,602933,1708707180000.0,0.0,-0.005608040000000001,1708.9207131820067,1709.5544748160166,23.5,1.1932,71.6,1.186148580530589,long_ientry_partial,84.92823836599015,0.049697003325481354,1.0
1708707420000.0,602937,1708707420000.0,0.05820040850245866,-0.004258052,1708.974655538509,1709.2942467640164,-17.9,1.1894,53.7,1.186148580530589,long_nclose,63.69617877449263,0.03727157601083414,4.0
1708707480000.0,602938,1708707480000.0,0.0,-0.00429156,1708.970363978509,1709.2612752040166,18.0,1.1921,71.7,1.1876426607321147,long_ientry_partial,85.15397877449263,0.04982765094665122,1.0
1708708020000.0,602947,1708708020000.0,0.24754040850245843,-0.00572644,1709.2121779470115,1709.7407187640165,-23.9,1.198,47.8,1.1876426607321147,long_nclose,56.769319182995076,0.0332137343247709,9.0
1708708080000.0,602948,1708708080000.0,0.0,-0.00562966,1709.2065482870114,1709.6278991040163,23.5,1.1978,71.3,1.1909904513744052,long_ientry_partial,84.91761918299508,0.049682479433571444,1.0
1708708200000.0,602950,1708708200000.0,0.05890996553558634,-0.004251708,1709.261206544547,1709.539917396016,-17.8,1.1943,53.5,1.1909904513744052,long_nclose,63.71798914853068,0.03727808769342128,2.0
1708708320000.0,602952,1708708320000.0,0.0,-0.004282395999999999,1709.256924148547,1709.4785150000162,17.9,1.1962,71.4,1.1922964866740988,long_ientry_partial,85.12996914853066,0.04980525042537856,2.0
1708708380000.0,602953,1708708380000.0,0.05880253720104092,-0.004256336,1709.3114703497479,1709.4885386640162,-17.8,1.1956,53.6,1.1922964866740988,long_nclose,63.9070916857317,0.037387622322955255,1.0
1708708440000.0,602954,1708708440000.0,0.04426707856707575,-0.003204208,1709.352533220315,1709.5014144560164,-13.4,1.1956,40.2,1.1922964866740988,long_nclose,47.930318764298775,0.028040043134929575,1.0
1708709160000.0,602966,1708709160000.0,0.0,-0.007473024,1709.345060196315,1709.6225214320161,31.2,1.1976,71.4,1.194613988295501,long_ientry_partial,85.29543876429877,0.049899485335338174,12.0
1708709400000.0,602970,1708709400000.0,0.058491008340083056,-0.0042645240000000004,1709.399286680655,1709.5593369080161,-17.8,1.1979,53.6,1.194613988295501,long_nclose,64.03130977263885,0.037458369306434015,4.0
1708709460000.0,602971,1708709460000.0,0.0,-0.0042634560000000005,1709.395023224655,1709.5265134520162,17.8,1.1976,71.4,1.1953584001770148,long_ientry_partial,85.34858977263886,0.04992912031043279,1.0
1708709460000.0,602971,1708709460000.0,0.03405743762800149,-0.0032103720000000004,1709.425870290283,1709.532683080016,-13.4,1.1979,58.0,1.1953584001770148,long_nclose,69.33078721026686,0.040557937267261306,0.0
1708709580000.0,602973,1708709580000.0,0.04845319743328713,-0.0034762300000000003,1709.4708472577163,1709.664056850016,-14.5,1.1987,43.5,1.1953584001770148,long_nclose,51.99809040770014,0.03041765262690146,2.0
1708710240000.0,602984,1708710240000.0,0.15140319743328545,-0.00349682,1709.6187536351495,1709.953460030016,-14.5,1.2058,29.0,1.1953584001770148,long_nclose,34.66539360513343,0.020276680711079395,11.0
1708711620000.0,603007,1708711620000.0,0.0,-0.010136772,1709.6086168631496,1709.633983258016,42.3,1.1982,71.3,1.1970442300860227,long_ientry_partial,85.34925360513341,0.04992327060314848,23.0
1708712520000.0,603022,1708712520000.0,0.0597327044687948,-0.0042734240000000005,1709.6640761436183,1709.8436098340162,-17.8,1.2004,53.5,1.1970442300860227,long_nclose,64.04186630960221,0.03745874245311244,15.0
1708712580000.0,603023,1708712580000.0,0.04463173985589724,-0.0031930640000000002,1709.7055148194743,1709.844436770016,-13.3,1.2004,40.2,1.1970442300860227,long_nclose,48.121178049458116,0.028145886898270415,1.0
1708713180000.0,603033,1708713180000.0,0.03355769913977236,-0.0024008000000000002,1709.736671718614,1709.8440559700161,-10.0,1.2004,30.2,1.1970442300860227,long_nclose,36.15073574859788,0.021144037176356194,10.0
1708713540000.0,603039,1708713540000.0,0.025168274354829268,-0.0018006,1709.7600393929688,1709.852105370016,-7.5,1.2004,22.7,1.1970442300860227,long_nclose,27.172904022952714,0.015892817352662045,6.0
1708715040000.0,603064,1708715040000.0,0.018792311518272518,-0.0013444479999999998,1709.7774872564871,1709.845130922016,-5.6,1.2004,17.1,1.1970442300860227,long_nclose,20.46945633447099,0.011972000150333204,25.0
1708715160000.0,603066,1708715160000.0,0.014094233638704391,-0.0010083359999999999,1709.7905731541257,1709.836442586016,-4.2,1.2004,12.9,1.1970442300860227,long_nclose,15.441870568109692,0.009031439762604022,2.0
1708715340000.0,603069,1708715340000.0,0.0,-0.013997312,1709.7765758421258,1709.8154552740161,58.4,1.1984,71.3,1.1981547064251008,long_ientry_partial,85.42843056810969,0.04996467478567084,3.0
1708715760000.0,603076,1708715760000.0,0.059546225633205954,-0.00427734,1709.831844727759,1710.0375679340161,-17.8,1.2015,53.5,1.1981547064251008,long_nclose,64.1012767937429,0.037489813393871585,7.0
1708715880000.0,603078,1708715880000.0,0.044492404546159506,-0.00319599,1709.8731411423053,1710.039781944016,-13.3,1.2015,40.2,1.1981547064251008,long_nclose,48.16581919828906,0.028169235506039468,2.0
1708716960000.0,603096,1708716960000.0,0.13996693390364787,-0.003239048,1710.0098690282089,1710.2898028960162,-13.4,1.2086,26.8,1.1981547064251008,long_nclose,32.1105461321927,0.0187779887787671,18.0
1708717080000.0,603098,1708717080000.0,0.09296311281660195,-0.0021513079999999998,1710.1006808330253,1710.301971588016,-8.9,1.2086,17.9,1.1981547064251008,long_nclose,21.446969245009303,0.012541348872255897,2.0
1708718400000.0,603120,1708718400000.0,0.06162723209190466,-0.001426148,1710.1608819171172,1710.309025440016,-5.9,1.2086,12.0,1.1981547064251008,long_nclose,14.37785647710121,0.008407312217891106,22.0
1708718880000.0,603128,1708718880000.0,0.10527176144939521,-0.00145884,1710.2646948385666,1710.357966600016,-6.0,1.2157,6.0,1.1981547064251008,long_nclose,7.188928238550605,0.004203400947377432,8.0
1708719180000.0,603133,1708719180000.0,0.052635880724697603,-0.00072942,1710.3166012992913,1710.369237180016,-3.0,1.2157,3.0,1.1981547064251008,long_nclose,3.5944641192753024,0.0021016366891046163,5.0
1708719240000.0,603134,1708719240000.0,0.026317940362348802,-0.00036471,1710.3425545296536,1710.374722470016,-1.5,1.2157,1.5,1.1981547064251008,long_nclose,1.7972320596376512,0.0010508023991321973,1.0
1708719900000.0,603145,1708719900000.0,0.0052226467874495475,-0.00012085999999999999,1710.347656316441,1710.357801610016,-0.5,1.2086,1.0,1.1981547064251008,long_nclose,1.1981547064251008,0.0007005328431329306,11.0
1708719960000.0,603146,1708719960000.0,0.0031335880724697282,-7.2516e-05,1710.3507173885134,1710.3580990940159,-0.3,1.2086,0.7,1.1981547064251008,long_nclose,0.8387082944975706,0.0004903721125560556,1.0
1708720200000.0,603150,1708720200000.0,0.0020890587149798192,-4.8344e-05,1710.3527581032283,1710.3584307500157,-0.2,1.2086,0.5,1.1981547064251008,long_nclose,0.5990773532125504,0.0003502653767617645,4.0
1708720560000.0,603156,1708720560000.0,0.0035090587149798403,-4.862800000000001e-05,1710.3562185339433,1710.3616921220157,-0.2,1.2157,0.3,1.1981547064251008,long_nclose,0.35944641192753024,0.00021015880085824165,6.0
1708721040000.0,603164,1708721040000.0,0.0017545293574899202,-2.4314000000000005e-05,1710.3579487493007,1710.3614178080156,-0.1,1.2157,0.2,1.1981547064251008,long_nclose,0.23963094128502016,0.00014010572550631888,8.0
1708721100000.0,603165,1708721100000.0,0.0017545293574899202,-2.4314000000000005e-05,1710.359678964658,1710.3616334940157,-0.1,1.2157,0.1,1.1981547064251008,long_nclose,0.11981547064251008,7.005279188704838e-05,1.0
1708721400000.0,603170,1708721400000.0,0.0024745293574899296,-2.4458000000000002e-05,1710.3621290360154,1710.3621290360154,-0.1,1.2229,0.0,1.1981547064251008,long_nclose,0.0,0.0,5.0
1708726920000.0,603262,1708726920000.0,0.0,-0.017099662,1710.3450293740154,1710.3379393740154,70.9,1.2059,70.9,1.2059,long_ientry_normal,85.49831,0.049988925352267836,92.0
1708733760000.0,603376,1708733760000.0,0.058410000000001426,-0.004280568,1710.3991588060155,1710.9630788060156,-17.7,1.2092,53.2,1.2059,long_nclose,64.15388,0.03750813350772701,114.0
1708733760000.0,603376,1708733760000.0,0.18584999999999918,-0.004306056,1710.5807027500157,1710.9570027500156,-17.7,1.2164,35.5,1.2059,long_nclose,42.80945,0.025026267355394205,0.0
1708735380000.0,603403,1708735380000.0,0.0,-0.008566784000000001,1710.5721359660156,1710.4762859660157,35.6,1.2032,71.1,1.2045481012658228,long_ientry_partial,85.64336999999999,0.0500670905361348,27.0
1708735620000.0,603407,1708735620000.0,0.05932860759493614,-0.004275966,1710.6271886076106,1710.8489000000156,-17.7,1.2079,53.4,1.2045481012658228,long_nclose,64.32286860759494,0.0376019211175706,4.0
1708737000000.0,603430,1708737000000.0,0.0,-0.00426039,1710.6229282176107,1710.6593896100158,17.7,1.2035,71.1,1.2042871815414196,long_ientry_partial,85.62481860759492,0.05005475911445428,23.0
1708746600000.0,603590,1708746600000.0,0.0586368867168739,-0.004274904,1710.6772902003274,1710.9129347060157,-17.7,1.2076,53.4,1.2042871815414196,long_nclose,64.3089354943118,0.037592675054908195,160.0
1708748340000.0,603619,1708748340000.0,0.18712816856273365,-0.004324688000000001,1710.8600936808903,1711.2272300180157,-17.8,1.2148,35.6,1.2042871815414196,long_nclose,42.87262366287454,0.02505910554651767,29.0
1708749060000.0,603631,1708749060000.0,0.1240512578112504,-0.0028669280000000004,1710.9812780107015,1711.2243430900157,-11.8,1.2148,23.8,1.2042871815414196,long_nclose,28.662034920685787,0.016751810957283026,12.0
1708749120000.0,603632,1708749120000.0,0.08305126582278628,-0.0019193840000000003,1711.0624098925243,1711.2327437060158,-7.9,1.2148,15.9,1.2042871815414196,long_nclose,19.148166186508572,0.011190805242288802,1.0
1708749420000.0,603637,1708749420000.0,0.05571793783047687,-0.0012876880000000002,1711.1168401423547,1711.2356960180157,-5.3,1.2148,10.6,1.2042871815414196,long_nclose,12.765444124339046,0.0074602995101591294,5.0
1708750500000.0,603655,1708750500000.0,0.0938779378304762,-0.00129532,1711.2094227601851,1711.3033006980156,-5.3,1.222,5.3,1.2042871815414196,long_nclose,6.382722062169523,0.0037299479404888833,18.0
1708750560000.0,603656,1708750560000.0,0.04605332799230908,-0.00063544,1711.2548406481774,1711.3034752580156,-2.6,1.222,2.7,1.2042871815414196,long_nclose,3.251575390161833,0.0019001117267432965,1.0
1708751880000.0,603678,1708751880000.0,0.009461536612722489,-0.00021866400000000003,1711.26408352079,1711.2851665940157,-0.9,1.2148,1.8,1.2042871815414196,long_nclose,2.1677169267745553,0.0012667343092450404,22.0
1708753380000.0,603703,1708753380000.0,0.015941536612722376,-0.00021996000000000003,1711.2798050974027,1711.2979066340154,-0.9,1.222,0.9,1.2042871815414196,long_nclose,1.0838584633872776,0.0006333613358603192,25.0
1708753680000.0,603708,1708753680000.0,0.02233153661272247,-0.000221238,1711.3019153960154,1711.3019153960154,-0.9,1.2291,0.0,1.2042871815414196,long_nclose,0.0,0.0,5.0
1708830480000.0,604988,1708830480000.0,0.0,-0.017112416,1711.2848029800155,1711.2848029800155,65.6,1.3043,65.6,1.3043,long_ientry_normal,85.56208,0.04999873770339278,1280.0
1708830600000.0,604990,1708830600000.0,0.05904000000000077,-0.004289912,1711.3395530680154,1711.5117530680154,-16.4,1.3079,49.2,1.3043,long_nclose,64.17156,0.03749785358782599,2.0
1708830660000.0,604991,1708830660000.0,0.04428000000000059,-0.0032174340000000004,1711.3806156340156,1711.5282156340156,-12.3,1.3079,36.9,1.3043,long_nclose,48.12867,0.02812271540318327,1.0
1708830840000.0,604994,1708830840000.0,0.033120000000000434,-0.002406536,1711.4113290980156,1711.5221290980155,-9.2,1.3079,27.7,1.3043,long_nclose,36.12911,0.021110711017112135,3.0
1708830960000.0,604996,1708830960000.0,0.02484000000000033,-0.0018049020000000004,1711.4343641960156,1711.4780441960156,-6.9,1.3079,20.8,1.3043,long_nclose,27.129440000000002,0.015851872889524842,2.0
1708831080000.0,604998,1708831080000.0,0.0,-0.011686528,1711.4226776680157,1711.3964376680158,44.8,1.3043,65.6,1.3043000000000002,long_ientry_partial,85.56208000000001,0.04999470973271599,2.0
1708864380000.0,605553,1708864380000.0,0.059039999999997136,-0.004289912,1711.4774277560157,1711.7283477560156,-16.4,1.3079,49.2,1.3043000000000002,long_nclose,64.17156000000001,0.03749483280310499,555.0
1708865160000.0,605566,1708865160000.0,0.1869599999999976,-0.004315496,1711.6600722600158,1712.1028722600158,-16.4,1.3157,32.8,1.3043000000000002,long_nclose,42.781040000000004,0.024993887918127004,13.0
1708865400000.0,605570,1708865400000.0,0.31323999999999463,-0.004340751999999999,1711.9689715080158,1712.2494115080158,-16.4,1.3234,16.4,1.3043000000000002,long_nclose,21.390520000000002,0.012494689072055911,4.0
1708866060000.0,605581,1708866060000.0,0.06155999999999922,-0.0014209560000000001,1712.029110552016,1712.1743105520159,-5.4,1.3157,11.0,1.3043000000000002,long_nclose,14.347300000000002,0.008380289745992666,11.0
1708867080000.0,605598,1708867080000.0,0.04103999999999948,-0.0009473040000000002,1712.069203248016,1712.1735432480161,-3.6,1.3157,7.4,1.3043000000000002,long_nclose,9.651820000000003,0.005637517444790932,17.0
1708867260000.0,605601,1708867260000.0,0.027359999999999652,-0.000631536,1712.0959317120162,1712.1559317120161,-2.4,1.3157,5.0,1.3043000000000002,long_nclose,6.521500000000001,0.0038090739421819692,3.0
1708867560000.0,605606,1708867560000.0,0.018239999999999767,-0.0004210240000000001,1712.1137506880164,1712.1528506880163,-1.6,1.3157,3.4,1.3043000000000002,long_nclose,4.434620000000001,0.0025901433232563783,5.0
1708867680000.0,605608,1708867680000.0,0.012539999999999841,-0.0002894540000000001,1712.1260012340163,1712.1529112340163,-1.1,1.3157,2.3,1.3043000000000002,long_nclose,2.99989,0.0017521432405312616,2.0
1708868340000.0,605619,1708868340000.0,0.007979999999999899,-0.000184198,1712.1337970360164,1712.1513970360163,-0.7,1.3157,1.6,1.3043000000000002,long_nclose,2.0868800000000003,0.0012188767043864977,11.0
1708868400000.0,605620,1708868400000.0,0.005699999999999927,-0.00013157000000000002,1712.1393654660164,1712.1528954660164,-0.5,1.3157,1.1,1.3043000000000002,long_nclose,1.4347300000000003,0.0008379750088915748,1.0
1708869840000.0,605644,1708869840000.0,0.0007199999999999651,-5.231600000000001e-05,1712.1400331500165,1712.1428231500165,-0.2,1.3079,0.9,1.3043000000000002,long_nclose,1.1738700000000002,0.0006856156489958941,24.0
1708869900000.0,605645,1708869900000.0,0.0007199999999999651,-5.231600000000001e-05,1712.1407008340166,1712.1454608340166,-0.2,1.3079,0.7,1.3043000000000002,long_nclose,0.9130100000000001,0.00053325640793146,1.0
1708870080000.0,605648,1708870080000.0,0.002279999999999971,-5.262800000000001e-05,1712.1429282060164,1712.1480782060164,-0.2,1.3157,0.5,1.3043000000000002,long_nclose,0.6521500000000001,0.000380896938717215,3.0
1708870260000.0,605651,1708870260000.0,0.0011399999999999854,-2.6314000000000006e-05,1712.1440418920165,1712.1482018920165,-0.1,1.3157,0.4,1.3043000000000002,long_nclose,0.5217200000000001,0.0003047173527663419,3.0
1708870920000.0,605662,1708870920000.0,0.0011399999999999854,-2.6314000000000006e-05,1712.1451555780166,1712.1486655780166,-0.1,1.3157,0.3,1.3043000000000002,long_nclose,0.3912900000000001,0.00022853786591937726,11.0
1708871040000.0,605664,1708871040000.0,0.0011399999999999854,-2.6314000000000006e-05,1712.1462692640166,1712.1483092640167,-0.1,1.3157,0.2,1.3043000000000002,long_nclose,0.26086000000000004,0.00015235847817612763,2.0
1708871160000.0,605666,1708871160000.0,0.0011399999999999854,-2.6314000000000006e-05,1712.1473829500167,1712.1484929500166,-0.1,1.3157,0.1,1.3043000000000002,long_nclose,0.13043000000000002,7.617918953639968e-05,2.0
1708871340000.0,605669,1708871340000.0,0.0011399999999999854,-2.6314000000000006e-05,1712.1484966360167,1712.1484966360167,-0.1,1.3157,0.0,1.3043000000000002,long_nclose,0.0,0.0,3.0
1708939140000.0,606799,1708939140000.0,0.0,-0.017113984,1712.1313826520168,1711.8760226520167,60.8,1.4074,60.8,1.4074,long_ientry_normal,85.56992,0.04997859443908792,1130.0
1708943040000.0,606864,1708943040000.0,0.05928000000000022,-0.004290352,1712.1863723000167,1712.2821323000167,-15.2,1.4113,45.6,1.4074,long_nclose,64.17744,0.037482741971476545,65.0
1708943160000.0,606866,1708943160000.0,0.0,-0.004301442,1712.1820708580167,1712.0862808580166,15.3,1.4057,60.9,1.4069729064039411,long_ientry_partial,85.68465000000002,0.050044122910983015,2.0
1708943400000.0,606870,1708943400000.0,0.05969182266009554,-0.004289136,1712.237473544677,1712.1838717220169,-15.2,1.4109,45.7,1.4069729064039411,long_nclose,64.29866182266011,0.03755242062863448,4.0
1708943460000.0,606871,1708943460000.0,0.0,-0.004273328,1712.233200216677,1712.193298394017,15.2,1.4057,60.9,1.4066552023425307,long_ientry_partial,85.66530182266011,0.05003132856658747,1.0
1708943580000.0,606873,1708943580000.0,0.058440924393534384,-0.00428792,1712.2873532210706,1712.527040474017,-15.2,1.4105,45.7,1.4066552023425307,long_nclose,64.28414274705366,0.03754284736503222,2.0
1708943760000.0,606876,1708943760000.0,0.04383069329515079,-0.0032159400000000005,1712.3279679743657,1712.404964534017,-11.4,1.4105,34.3,1.4066552023425307,long_nclose,48.2482734403488,0.028177004839455552,3.0
1708943820000.0,606877,1708943820000.0,0.032680780088489625,-0.00239785,1712.358250904454,1712.5193666840169,-8.5,1.4105,25.8,1.4066552023425307,long_nclose,36.291704220437296,0.021193990335415094,1.0
1708944360000.0,606886,1708944360000.0,0.024606705007803955,-0.0018054400000000002,1712.3810521694618,1712.5196612440168,-6.4,1.4105,19.4,1.4066552023425307,long_nclose,27.289110925445094,0.015936354172379905,9.0
1708944660000.0,606891,1708944660000.0,0.0,-0.01166814,1712.3693840294618,1712.2553531040166,41.5,1.4058,60.9,1.4060724289892463,long_ientry_partial,85.6298109254451,0.050006623409690566,5.0
1708945080000.0,606898,1708945080000.0,0.05817907936345463,-0.004286096,1712.4232770128253,1712.5844870080168,-15.2,1.4099,45.7,1.4060724289892463,long_nclose,64.25751000480857,0.037524314734205345,7.0
1708945140000.0,606899,1708945140000.0,0.043634309522590974,-0.0032145719999999997,1712.463696750348,1712.7321824360167,-11.4,1.4099,34.3,1.4060724289892463,long_nclose,48.22828431433115,0.02816309881829987,1.0
1708945440000.0,606904,1708945440000.0,0.0,-0.007478856000000001,1712.456217894348,1712.4164235800167,26.6,1.4058,60.9,1.4059534370169318,long_ientry_partial,85.62256431433114,0.04999985600777195,5.0
1708945860000.0,606911,1708945860000.0,0.05846775734263634,-0.004285791999999999,1712.5103998596906,1712.7044677880167,-15.2,1.4098,45.7,1.4059534370169318,long_nclose,64.25207207167378,0.03751923029310542,7.0
1708946280000.0,606918,1708946280000.0,0.18614775734263578,-0.004311328,1712.6922362890332,1713.0810064600169,-15.2,1.4182,30.5,1.4059534370169318,long_nclose,42.88157982901642,0.02503752800440659,7.0
1708946400000.0,606920,1708946400000.0,0.12369028612898825,-0.0028647639999999997,1712.8130618111622,1713.107771696017,-10.1,1.4182,20.4,1.4059534370169318,long_nclose,28.681450115145406,0.016745230845459036,2.0
1708948260000.0,606951,1708948260000.0,0.08327662828486337,-0.0019287519999999997,1712.8944096874473,1713.089522944017,-6.8,1.4182,13.6,1.4059534370169318,long_nclose,19.120966743430273,0.01116295705986879,31.0
1708948800000.0,606960,1708948800000.0,0.055109533423806645,-0.0012763800000000001,1712.948242840871,1713.0433065640168,-4.5,1.4182,9.1,1.4059534370169318,long_nclose,12.794176276854078,0.007469096822000493,9.0
1708949160000.0,606966,1708949160000.0,0.03673968894920443,-0.00085092,1712.9841316098202,1713.074085644017,-3.0,1.4182,6.1,1.4059534370169318,long_nclose,8.576315965803284,0.005006652313669405,6.0
1708950180000.0,606983,1708950180000.0,0.024493125966136287,-0.00056728,1713.0080574557862,1713.0627783640168,-2.0,1.4182,4.1,1.4059534370169318,long_nclose,5.764409091769419,0.0033650799636814914,17.0
1708951260000.0,607001,1708951260000.0,0.04129312596613666,-0.0005706400000000001,1713.0487799417524,1713.098017724017,-2.0,1.4266,2.1,1.4059534370169318,long_nclose,2.9525022177355567,0.0017235365695984141,18.0
1708951440000.0,607004,1708951440000.0,0.06099778226444341,-0.0006027000000000001,1713.1091750240168,1713.1091750240168,-2.1,1.435,0.0,1.4059534370169318,long_nclose,0.0,0.0,3.0
1709061120000.0,608832,1709061120000.0,0.0,-0.017119296000000003,1713.092055728017,1712.8846957280168,43.2,1.9814,43.2,1.9814,long_ientry_normal,85.59648000000001,0.04996607141676567,1828.0
1709061240000.0,608834,1709061240000.0,0.05831999999999838,-0.004291488,1713.146084240017,1713.3599242400169,-10.8,1.9868,32.4,1.9814,long_nclose,64.19736,0.03747337170518014,2.0
1709061540000.0,608839,1709061540000.0,0.0,-0.004279824000000001,1713.141804416017,1713.077004416017,10.8,1.9814,43.2,1.9813999999999998,long_ientry_partial,85.59648,0.04996462042975974,5.0
1709061600000.0,608840,1709061600000.0,0.058320000000000774,-0.004291488,1713.1958329280171,1713.568432928017,-10.8,1.9868,32.4,1.9813999999999998,long_nclose,64.19735999999999,0.037472283533564577,1.0
1709061660000.0,608841,1709061660000.0,0.18576000000000115,-0.004316976,1713.3772759520173,1713.6299959520172,-10.8,1.9986,21.6,1.9813999999999998,long_nclose,42.79824,0.024978876865411722,1.0
1709061840000.0,608844,1709061840000.0,0.12384000000000076,-0.002877984,1713.4982379680173,1713.7703979680173,-7.2,1.9986,14.4,1.9813999999999998,long_nclose,28.532159999999998,0.016651409010980583,3.0
1709062020000.0,608847,1709062020000.0,0.0825600000000005,-0.0019186560000000001,1713.5788793120173,1713.7583993120172,-4.8,1.9986,9.6,1.9813999999999998,long_nclose,19.02144,0.011100416928362757,3.0
1709062380000.0,608853,1709062380000.0,0.05504000000000034,-0.001279104,1713.6326402080172,1713.7414402080171,-3.2,1.9986,6.4,1.9813999999999998,long_nclose,12.680959999999999,0.007400045787211816,6.0
1709062440000.0,608854,1709062440000.0,0.0,-0.014585312,1713.6180548960172,1713.624294896017,36.8,1.9817,43.2,1.9816555555555553,long_ientry_partial,85.60752,0.049957176720570144,1.0
1709062440000.0,608854,1709062440000.0,0.035583333333333765,-0.0008394120000000001,1713.6527988173505,1713.6587354840171,-2.1,1.9986,41.1,1.9816555555555553,long_nclose,81.44604333333332,0.047527739218552315,0.0
1709072520000.0,609022,1709072520000.0,0.0,-0.022360192,1713.6304386253505,1710.6970852920172,58.4,1.9144,99.5,1.9421809380234505,long_rentry,193.2470033333333,0.11277052448271942,168.0
1709075340000.0,609069,1709075340000.0,0.0,-0.05289989400000001,1713.5775387313506,1706.9939453980173,141.3,1.8719,240.8,1.9009405038759688,long_rentry,457.7464733333333,0.26712912779670683,47.0
1709078580000.0,609123,1709078580000.0,0.31662166666667185,-0.022950648,1713.8712097500172,1715.7240747500173,-60.2,1.9062,180.6,1.9009405038759688,long_nclose,343.30985499999997,0.20031251651054613,54.0
1709078640000.0,609124,1709078640000.0,0.9968816666666771,-0.0230867,1714.845004716684,1718.3317280500173,-60.2,1.9175,120.4,1.9009405038759688,long_nclose,228.87323666666666,0.1334658444565838,1.0
1709078640000.0,609124,1709078640000.0,1.6771416666666825,-0.023222752000000003,1716.4989236313506,1718.2422852980174,-60.2,1.9288,60.2,1.9009405038759688,long_nclose,114.43661833333333,0.06666862225071263,0.0
1709079120000.0,609132,1709079120000.0,0.0788924418604664,-0.0057186,1716.5720974732112,1716.8776266980174,-15.0,1.9062,45.2,1.9009405038759688,long_nclose,85.9225107751938,0.05005470548057461,8.0
1709079180000.0,609133,1709079180000.0,0.24839244186046772,-0.0057525,1716.8147374150717,1717.4597941980173,-15.0,1.9175,30.2,1.9009405038759688,long_nclose,57.40840321705426,0.03343890401563737,1.0
1709079240000.0,609134,1709079240000.0,0.0,-0.00557467,1716.8091627450717,1717.2575395280176,14.5,1.9223,44.7,1.9078691994866723,long_ientry_partial,85.28175321705426,0.04967456783647054,1.0
1709079420000.0,609137,1709079420000.0,0.058061885697937396,-0.004247082,1716.8629775487698,1717.0723324460175,-11.1,1.9131,33.6,1.9078691994866723,long_nclose,64.1044051027522,0.03733810207397942,3.0
1709079480000.0,609138,1709079480000.0,0.0,-0.004287584,1716.8586899647698,1717.2517248620177,11.2,1.9141,44.8,1.9094268996150046,long_ientry_partial,85.5423251027522,0.0498249073163427,1.0
1709079600000.0,609140,1709079600000.0,0.2469391957364311,-0.00573948,1717.099889680506,1717.7060553820174,-14.9,1.926,29.9,1.9094268996150046,long_nclose,57.09186429848863,0.03324900586250197,2.0
1709079660000.0,609141,1709079660000.0,0.41679919573643226,-0.005773452000000001,1717.5109154242425,1718.2185119300175,-14.9,1.9374,15.0,1.9094268996150046,long_nclose,28.641403494225067,0.016676111480287362,1.0
1709079660000.0,609141,1709079660000.0,0.590596505774933,-0.005846400000000001,1718.0956655300174,1718.0956655300174,-15.0,1.9488,0.0,1.9094268996150046,long_nclose,0.0,0.0,0.0
1709079720000.0,609142,1709079720000.0,0.0,-0.017195568,1718.0784699620174,1717.7204499620175,44.2,1.9452,44.2,1.9452,long_ientry_normal,85.97784,0.05004302277409993,1.0
1709081760000.0,609176,1709081760000.0,0.058299999999998464,-0.0042911,1718.1324788620173,1718.3449588620172,-11.0,1.9505,33.2,1.9452,long_nclose,64.58064,0.03758769524150673,34.0
1709081880000.0,609178,1709081880000.0,0.0,-0.00427438,1718.1282044820173,1717.8706244820173,11.0,1.9429,44.2,1.9446276018099546,long_ientry_partial,85.95254,0.0500268488555038,2.0
1709082060000.0,609181,1709082060000.0,0.059096380090498446,-0.00429,1718.1830108621077,1718.5008144820172,-11.0,1.95,33.2,1.9446276018099546,long_nclose,64.5616363800905,0.03757552948198245,3.0
1709082180000.0,609183,1709082180000.0,0.0,-0.004274160000000001,1718.1787367021077,1717.9147403220172,11.0,1.9428,44.2,1.9441727687803279,long_ientry_partial,85.9324363800905,0.05001367700838285,2.0
1709082960000.0,609196,1709082960000.0,0.05859954341639373,-0.004288900000000001,1718.2330473455243,1718.1941114220174,-11.0,1.9495,33.2,1.9441727687803279,long_nclose,64.5465359235069,0.037565646885458284,13.0
1709083020000.0,609197,1709083020000.0,0.04421601912327891,-0.003236170000000001,1718.2740271946475,1718.2846652520172,-8.3,1.9495,24.9,1.9441727687803279,long_nclose,48.409901942630164,0.02817356322475929,1.0
1709083080000.0,609198,1709083080000.0,0.0,-0.007496892,1718.2665303026474,1718.1732083600173,19.3,1.9422,44.2,1.943311356168103,long_ientry_partial,85.89436194263016,0.04998896296228335,1.0
1709083380000.0,609203,1709083380000.0,0.058175082150867974,-0.0042869200000000005,1718.3204184647984,1718.6420814400174,-11.0,1.9486,33.2,1.943311356168103,long_nclose,64.51793702478102,0.03754709327287362,5.0
1709083560000.0,609206,1709083560000.0,0.04389574380474584,-0.0032346760000000006,1718.3610795326033,1718.6297167640175,-8.3,1.9486,24.9,1.943311356168103,long_nclose,48.388452768585765,0.02815965360536884,3.0
1709083800000.0,609210,1709083800000.0,0.14017574380474446,-0.0032539320000000006,1718.498001344408,1718.8497328320175,-8.3,1.9602,16.6,1.943311356168103,long_nclose,32.25896851239051,0.018771606651362883,4.0
1709083860000.0,609211,1709083860000.0,0.23645574380474493,-0.0032731880000000007,1718.7311839002127,1719.0149496440174,-8.3,1.9718,8.3,1.943311356168103,long_nclose,16.129484256195255,0.009384529941205576,1.0
1709083920000.0,609212,1709083920000.0,0.3327357438047454,-0.0032924440000000007,1719.0606272000175,1719.0606272000175,-8.3,1.9834,0.0,1.943311356168103,long_nclose,0.0,0.0,1.0
1709084580000.0,609223,1709084580000.0,0.0,-0.017180540000000005,1719.0434466600175,1719.2246666600174,44.2,1.9435,44.2,1.9435,long_ientry_normal,85.90270000000001,0.04997122101067487,11.0
1709086440000.0,609254,1709086440000.0,0.05830000000000091,-0.0042873600000000005,1719.0974593000174,1719.5489793000174,-11.0,1.9488,33.2,1.9435,long_nclose,64.52420000000001,0.03753376497122682,31.0
1709086500000.0,609255,1709086500000.0,0.18589999999999907,-0.00431288,1719.2790464200173,1719.8051864200172,-11.0,1.9604,22.2,1.9435,long_nclose,43.1457,0.02509522819453915,1.0
1709086620000.0,609257,1709086620000.0,0.12505999999999937,-0.002901392,1719.4012050280173,1719.5640050280174,-7.4,1.9604,14.8,1.9435,long_nclose,28.7638,0.016728963499552333,2.0
1709086800000.0,609260,1709086800000.0,0.0,-0.01145603,1719.3897489980172,1719.4871489980171,29.5,1.9417,44.3,1.9423013544018062,long_ientry_partial,86.04395000000001,0.050043307545681565,3.0
1709087340000.0,609269,1709087340000.0,0.058285101580132004,-0.0042847200000000005,1719.4437493795974,1719.8899242780174,-11.0,1.9476,33.3,1.9423013544018062,long_nclose,64.67863510158014,0.03761602269624535,9.0
1709087340000.0,609269,1709087340000.0,0.1858851015801326,-0.004310240000000001,1719.6253242411776,1719.9241140380173,-11.0,1.9592,22.3,1.9423013544018062,long_nclose,43.31332020316028,0.025187649654015903,0.0
1709087580000.0,609273,1709087580000.0,0.029142550790066002,-0.0021423600000000003,1719.6523244319676,1719.9379016780172,-5.5,1.9476,16.8,1.9423013544018062,long_nclose,32.63066275395035,0.018975151133953108,4.0
1709087580000.0,609273,1709087580000.0,0.0929425507900663,-0.0021551200000000004,1719.7431118627576,1719.9351965580172,-5.5,1.9592,11.3,1.9423013544018062,long_nclose,21.948005304740413,0.012762374306571405,0.0
1709087700000.0,609275,1709087700000.0,0.159592415349886,-0.002207296,1719.9004969821074,1720.107399262017,-5.6,1.9708,5.7,1.9423013544018062,long_nclose,11.071117720090296,0.006437068737125595,2.0
1709087760000.0,609276,1709087760000.0,0.2279922799097045,-0.0022598220000000003,1720.1262294400171,1720.1262294400171,-5.7,1.9823,0.0,1.9423013544018062,long_nclose,0.0,0.0,1.0
1709088720000.0,609292,1709088720000.0,0.0,-0.017214094,1720.109015346017,1720.281785346017,44.3,1.9429,44.3,1.9429,long_ientry_normal,86.07047,0.0500377994837066,16.0
1709088780000.0,609293,1709088780000.0,0.058299999999998464,-0.00428604,1720.163029306017,1720.392799306017,-11.0,1.9482,33.3,1.9429,long_nclose,64.69857,0.03761188265167053,1.0
1709089020000.0,609297,1709089020000.0,0.04398999999999884,-0.003234012,1720.203785294017,1720.421285294017,-8.3,1.9482,25.0,1.9429,long_nclose,48.572500000000005,0.028236480128252944,4.0
1709089380000.0,609303,1709089380000.0,0.03285999999999913,-0.002415768,1720.234229526017,1720.3150695260172,-6.2,1.9482,18.8,1.9429,long_nclose,36.526520000000005,0.021233457265912154,6.0
1709089440000.0,609304,1709089440000.0,0.024909999999999346,-0.001831308,1720.2573082180172,1720.3475482180172,-4.7,1.9482,14.1,1.9429,long_nclose,27.39489,0.01592487930097961,1.0
1709089560000.0,609306,1709089560000.0,0.0,-0.011736324000000001,1720.2455718940173,1720.1553618940172,30.2,1.9431,44.3,1.9430363431151245,long_ientry_partial,86.07651000000001,0.05003733850930855,2.0
1709090280000.0,609318,1709090280000.0,0.059000225733629286,-0.00428648,1720.3002856397509,1720.5454954140173,-11.0,1.9484,33.3,1.9430363431151245,long_nclose,64.70311022573364,0.03761152094540962,12.0
1709090460000.0,609321,1709090460000.0,0.044518352144465735,-0.003234344,1720.3415696478953,1720.565661070017,-8.3,1.9484,25.0,1.9430363431151245,long_nclose,48.57590857787811,0.02823619997034671,3.0
1709090580000.0,609323,1709090580000.0,0.0,-0.007499208,1720.3340704398954,1720.3636018620173,19.3,1.9428,44.3,1.942933376475804,long_ientry_partial,86.07194857787812,0.050032112981328807,2.0
1709090640000.0,609324,1709090640000.0,0.05903285876615394,-0.00428626,1720.3888170386615,1720.7306956020172,-11.0,1.9483,33.3,1.942933376475804,long_nclose,64.69968143664427,0.03760759242088837,1.0
1709090700000.0,609325,1709090700000.0,0.0,-0.004274160000000001,1720.3845428786615,1720.2604914420172,11.0,1.9428,44.3,1.9429002581635277,long_ientry_partial,86.07048143664427,0.050029792346672354,1.0
1709091000000.0,609330,1709091000000.0,0.05829716020119413,-0.00428604,1720.4385539988627,1720.6649854020172,-11.0,1.9482,33.3,1.9429002581635277,long_nclose,64.69857859684546,0.03760586418298101,5.0
1709091120000.0,609332,1709091120000.0,0.04398785724271921,-0.003234012,1720.4793078441055,1720.5843013900173,-8.3,1.9482,25.0,1.9429002581635277,long_nclose,48.57250645408819,0.02823196200769966,2.0
1709091180000.0,609333,1709091180000.0,0.032858399386127606,-0.002415768,1720.5097504754917,1720.6338256220174,-6.2,1.9482,18.8,1.9429002581635277,long_nclose,36.52652485347432,0.021230059779306455,1.0
1709091300000.0,609335,1709091300000.0,0.0,-0.00990828,1720.4998421954917,1720.3650573420175,25.5,1.9428,44.3,1.9428425474824906,long_ientry_partial,86.06792485347432,0.050024953645822455,2.0
1709091600000.0,609340,1709091600000.0,0.05893197769260228,-0.00428604,1720.5544881331843,1720.7095813020173,-11.0,1.9482,33.3,1.9428425474824906,long_nclose,64.69665683116693,0.03760221328495288,5.0
1709091660000.0,609341,1709091660000.0,0.04446685589532718,-0.003234012,1720.5957209770797,1720.7721572900175,-8.3,1.9482,25.0,1.9428425474824906,long_nclose,48.571063687062264,0.02822921334448052,1.0
1709091900000.0,609345,1709091900000.0,0.14074685589532765,-0.003253268,1720.733214564975,1721.0280940220175,-8.3,1.9598,16.7,1.9428425474824906,long_nclose,32.445470542957594,0.018855607753907544,4.0
1709092080000.0,609348,1709092080000.0,0.23619685589532818,-0.003272358000000001,1720.9661390628703,1721.2387816640173,-8.3,1.9713,8.4,1.9428425474824906,long_nclose,16.31987739885292,0.009482974143663104,3.0
1709092380000.0,609353,1709092380000.0,0.11952130057353956,-0.0016558920000000002,1721.084004471444,1721.2043657720174,-4.2,1.9713,4.2,1.9428425474824906,long_nclose,8.15993869942646,0.00474116235943546,5.0
1709092860000.0,609361,1709092860000.0,0.05976065028676978,-0.0008279460000000001,1721.1429371757306,1721.2201278260175,-2.1,1.9713,2.1,1.9428425474824906,long_nclose,4.07996934971323,0.00237050000995743,8.0
1709092860000.0,609361,1709092860000.0,0.08412065028676989,-0.0008328180000000001,1721.2262250080175,1721.2262250080175,-2.1,1.9829,0.0,1.9428425474824906,long_nclose,0.0,0.0,0.0
1709099820000.0,609477,1709099820000.0,0.0,-0.01722688,1721.2089981280176,1721.2045981280176,44.0,1.9576,44.0,1.9576,long_ientry_normal,86.1344,0.05004296404078735,116.0
1709099940000.0,609479,1709099940000.0,0.059400000000000786,-0.0043186000000000006,1721.2640795280176,1721.3828795280176,-11.0,1.963,33.0,1.9576,long_nclose,64.6008,0.037531021978750634,2.0
1709100000000.0,609480,1709100000000.0,0.0,-0.00430672,1721.2597728080177,1721.2245728080177,11.0,1.9576,44.0,1.9576,long_ientry_partial,86.1344,0.050041487845546184,1.0
1709101260000.0,609501,1709101260000.0,0.059400000000000786,-0.0043186000000000006,1721.3148542080178,1721.4435542080178,-11.0,1.963,33.0,1.9576,long_nclose,64.6008,0.03752991490317617,21.0
1709101320000.0,609502,1709101320000.0,0.04428000000000058,-0.00321932,1721.3559148880179,1721.5220748880179,-8.2,1.963,24.8,1.9576,long_nclose,48.548480000000005,0.028203626908359803,1.0
1709101740000.0,609509,1709101740000.0,0.03348000000000045,-0.00243412,1721.3869607680178,1721.4985607680178,-6.2,1.963,18.6,1.9576,long_nclose,36.41136,0.021152338683775453,7.0
1709102100000.0,609515,1709102100000.0,0.10539999999999941,-0.002448504,1721.4899122640177,1721.8718322640177,-6.2,1.9746,12.4,1.9576,long_nclose,24.274240000000002,0.01410071579686211,6.0
1709102100000.0,609515,1709102100000.0,0.17793999999999968,-0.002463012,1721.6653892520178,1721.8563492520177,-6.2,1.9863,6.2,1.9576,long_nclose,12.137120000000001,0.0070496393060866525,0.0
1709102220000.0,609517,1709102220000.0,0.08896999999999984,-0.001231506,1721.7531277460178,1721.8300077460178,-3.1,1.9863,3.1,1.9576,long_nclose,6.068560000000001,0.003524640032421185,2.0
1709102460000.0,609521,1709102460000.0,0.016999999999999904,-0.00039492,1721.7697328260178,1721.798082826018,-1.0,1.9746,2.1,1.9576,long_nclose,4.11096,0.002387636349753052,4.0
1709102520000.0,609522,1709102520000.0,0.011899999999999931,-0.000276444,1721.7813563820177,1721.8068363820178,-0.7,1.9746,1.4,1.9576,long_nclose,2.74064,0.0015917468207222963,1.0
1709102820000.0,609527,1709102820000.0,0.020089999999999962,-0.00027808199999999997,1721.8011683000177,1721.8218183000176,-0.7,1.9863,0.7,1.9576,long_nclose,1.37032,0.000795864252637809,5.0
1709103000000.0,609530,1709103000000.0,0.003399999999999981,-7.8984e-05,1721.8044893160177,1721.8179393160176,-0.2,1.9746,0.5,1.9576,long_nclose,0.9788,0.000568473369696478,3.0
1709103060000.0,609531,1709103060000.0,0.00573999999999999,-7.9452e-05,1721.8101498640178,1721.8191798640178,-0.2,1.9863,0.3,1.9576,long_nclose,0.58728,0.0003410829004849235,1.0
1709103240000.0,609534,1709103240000.0,0.012119999999999997,-0.00011988,1721.8221499840179,1721.8221499840179,-0.3,1.998,0.0,1.9576,long_nclose,0.0,0.0,3.0
1709104260000.0,609551,1709104260000.0,0.0,-0.017237440000000003,1721.804912544018,1721.782912544018,44.0,1.9588,44.0,1.9588,long_ientry_normal,86.1872,0.05005630973177783,17.0
1709104560000.0,609556,1709104560000.0,0.05939999999999834,-0.0043212400000000005,1721.859991304018,1722.021691304018,-11.0,1.9642,33.0,1.9588,long_nclose,64.6404,0.037541031400030275,5.0
1709104620000.0,609557,1709104620000.0,0.0,-0.004309360000000001,1721.855681944018,1721.842481944018,11.0,1.9588,44.0,1.9588,long_ientry_partial,86.1872,0.05005483380737955,1.0
1709104620000.0,609557,1709104620000.0,0.04427999999999876,-0.003221288,1721.896740656018,1721.886000656018,-8.2,1.9642,35.8,1.9588,long_nclose,70.12504,0.040725461837672894,0.0
1709110980000.0,609663,1709110980000.0,0.0,-0.0034885759999999997,1721.8932520800179,1719.9137120800178,9.1,1.9168,44.9,1.950287750556793,long_ientry_partial,87.56792,0.050855603211302114,106.0
1709113320000.0,609702,1709113320000.0,0.059497193763917974,-0.004380544,1721.9483687297818,1722.4374315360178,-11.2,1.9556,33.7,1.950287750556793,long_nclose,65.72469719376393,0.03816879668828086,39.0
1709113320000.0,609702,1709113320000.0,0.19053719376391845,-0.004406752000000001,1722.1344991715457,1722.4610247840178,-11.2,1.9673,22.5,1.950287750556793,long_nclose,43.881474387527845,0.025480863665780795,0.0
1709113740000.0,609709,1709113740000.0,0.0,-0.008452584,1722.1260465875457,1721.9064522000178,21.7,1.9476,44.2,1.9489681988128469,long_ientry_partial,86.14439438752784,0.05002211920447173,7.0
1709114100000.0,609715,1709114100000.0,0.05864981305868344,-0.00429946,1722.1803969406044,1722.2412127400178,-11.0,1.9543,33.2,1.9489681988128469,long_nclose,64.70574420058652,0.037571989737854465,6.0
1709114160000.0,609716,1709114160000.0,0.044253949853370236,-0.0032441380000000006,1722.2214067524578,1722.2993886020179,-8.3,1.9543,24.9,1.9489681988128469,long_nclose,48.52930815043988,0.02817832130071485,1.0
1709114220000.0,609717,1709114220000.0,0.03305716736034885,-0.002423332,1722.252040587818,1722.396625270018,-6.2,1.9543,18.7,1.9489681988128469,long_nclose,36.44570531780023,0.02116165605201491,1.0
1709114520000.0,609722,1709114520000.0,0.0,-0.00993276,1722.242107827818,1722.234202510018,25.5,1.9476,44.2,1.9481788533438964,long_ientry_partial,86.10950531780023,0.04999849029728233,5.0
1709114580000.0,609723,1709114580000.0,0.05853261321713976,-0.004297700000000001,1722.296342741035,1722.3866848100176,-11.0,1.9535,33.2,1.9481788533438964,long_nclose,64.67953793101736,0.037554244485057585,1.0
1709114640000.0,609724,1709114640000.0,0.04416551724566001,-0.00324281,1722.3372654482805,1722.3701620000174,-8.3,1.9535,24.9,1.9481788533438964,long_nclose,48.509653448263016,0.028165014147584613,1.0
1709114700000.0,609725,1709114700000.0,0.0,-0.007518122,1722.3297473262805,1722.8703238780174,19.3,1.9477,44.2,1.9479697612729188,long_ientry_partial,86.10026344826302,0.04999058024859863,1.0
1709114700000.0,609725,1709114700000.0,0.034287480107903744,-0.0024223400000000003,1722.3616124663884,1722.8263615380174,-6.2,1.9535,38.0,1.9479697612729188,long_nclose,74.02285092837091,0.04297753177532309,0.0
1709114880000.0,609728,1709114880000.0,0.05063726790727208,-0.0037112700000000005,1722.4085384642956,1722.5718502680174,-9.5,1.9533,28.5,1.9479697612729188,long_nclose,55.51713819627818,0.03223227065849164,3.0
1709115000000.0,609730,1709115000000.0,0.03784469496227703,-0.002773686,1722.443609473258,1722.5833565820176,-7.1,1.9533,21.4,1.9479697612729188,long_nclose,41.68655289124046,0.024201984124164543,2.0
1709115120000.0,609732,1709115120000.0,0.028250265253530738,-0.002070498,1722.4697892405115,1722.5395060840176,-5.3,1.9533,16.1,1.9479697612729188,long_nclose,31.362313156493993,0.01820775804162149,2.0
1709115180000.0,609733,1709115180000.0,0.021320954908325085,-0.0015626400000000001,1722.48954755542,1722.5153234440177,-4.0,1.9533,12.1,1.9479697612729188,long_nclose,23.570434111402317,0.013683934480098177,1.0
1709115300000.0,609735,1709115300000.0,0.0,-0.012504876000000002,1722.4770426794198,1722.4086885680174,32.1,1.9478,44.2,1.9478464731086496,long_ientry_partial,86.09481411140231,0.04998314170705956,2.0
1709121180000.0,609833,1709121180000.0,0.0,-0.023632896,1722.4534097834198,1720.9270156720174,62.8,1.8816,107.0,1.9089653655271244,long_rentry,204.2592941114023,0.11858625200032885,98.0
1709121300000.0,609835,1709121300000.0,0.13976474042577672,-0.010221828,1722.5829526958455,1722.2886238440174,-26.7,1.9142,80.3,1.9089653655271244,long_nclose,153.28991885182808,0.08898841046344333,2.0
1709121480000.0,609838,1709121480000.0,0.10469268945751065,-0.0076568,1722.6799885853031,1723.0076970440175,-20.0,1.9142,60.3,1.9089653655271244,long_nclose,115.11061154128559,0.06682065868531774,3.0
1709121600000.0,609840,1709121600000.0,0.33435615290479975,-0.007740912000000001,1723.006603826208,1723.7436561320176,-20.1,1.9256,40.2,1.9089653655271244,long_nclose,76.74040769419041,0.04453866138630939,2.0
1709121660000.0,609841,1709121660000.0,0.5614861529048015,-0.007786338000000001,1723.5603036411128,1724.1981697940175,-20.1,1.9369,20.1,1.9089653655271244,long_nclose,38.370203847095205,0.022262176592275945,1.0
1709121720000.0,609842,1709121720000.0,0.0,-0.009427914,1723.5508757271127,1724.3857818800175,24.3,1.9399,44.4,1.9258958073670094,long_ientry_partial,85.50977384709522,0.04961256151549417,1.0
1709121720000.0,609842,1709121720000.0,0.45032427192310986,-0.007832166000000002,1723.9933678330358,1724.4503097140175,-20.1,1.9483,24.3,1.9258958073670094,long_nclose,46.79926811901833,0.027145851597934173,0.0
1709121780000.0,609843,1709121780000.0,0.0,-0.007798398000000001,1723.9855694350358,1724.2859113160175,20.1,1.9399,44.4,1.9322355432211338,long_ientry_partial,85.79125811901834,0.049763327280710846,1.0
1709123280000.0,609868,1709123280000.0,0.058435470245415067,-0.0043012499999999995,1724.0397036552813,1724.2716200660175,-11.1,1.9375,33.3,1.9322355432211338,long_nclose,64.34344358926374,0.03732132354773721,25.0
1709123340000.0,609869,1709123340000.0,0.0,-0.00434224,1724.0353614152814,1723.9769678260177,11.2,1.9385,44.5,1.933812215489073,long_ientry_partial,86.05464358926375,0.04991466272398291,1.0
1709124060000.0,609881,1709124060000.0,0.05869440807129138,-0.004304802,1724.0897510213526,1724.3431830240177,-11.1,1.9391,33.4,1.933812215489073,long_nclose,64.58932799733503,0.037462857115804,12.0
1709124240000.0,609884,1709124240000.0,0.18634440807128963,-0.004330332,1724.271765097424,1724.6907326920175,-11.1,1.9506,22.3,1.933812215489073,long_nclose,43.124012405406326,0.02500998582608569,3.0
1709124360000.0,609886,1709124360000.0,0.0,-0.00860472,1724.263160377424,1724.1384979720176,22.2,1.938,44.5,1.9359014023686816,long_ientry_partial,86.14761240540633,0.04996198630523979,2.0
1709124540000.0,609889,1709124540000.0,0.05881443370763488,-0.004309464,1724.3176653471314,1724.5013185080174,-11.1,1.9412,33.4,1.9359014023686816,long_nclose,64.65910683911396,0.03749837291500293,3.0
1709124660000.0,609891,1709124660000.0,0.0,-0.0043021380000000005,1724.3133632091315,1724.8117663700175,11.1,1.9379,44.5,1.9363999289688532,long_ientry_partial,86.16979683911397,0.04997339734045949,2.0
1709124660000.0,609891,1709124660000.0,0.0398405895585191,-0.003222392000000001,1724.34998140669,1724.7554239780175,-8.3,1.9412,36.2,1.9363999289688532,long_nclose,70.09767742867248,0.04065165319367952,0.0
1709124720000.0,609892,1709124720000.0,0.20280085237376255,-0.00468792,1724.5480943390637,1725.4168760580174,-12.0,1.9533,24.2,1.9363999289688532,long_nclose,46.86087828104625,0.02717284512671464,1.0
1709124720000.0,609892,1709124720000.0,0.34080085237376334,-0.00471552,1724.8841796714376,1725.3221605380174,-12.0,1.9648,12.2,1.9363999289688532,long_nclose,23.624079133420008,0.013696037920598246,0.0
1709124780000.0,609893,1709124780000.0,0.4867808665799908,-0.004822172,1725.3661383660174,1725.3661383660174,-12.2,1.9763,0.0,1.9363999289688532,long_nclose,0.0,0.0,1.0
1709141100000.0,610165,1709141100000.0,0.0,-0.017263235999999998,1725.3488751300174,1724.0977251300174,43.9,1.9662,43.9,1.9662,long_ientry_normal,86.31617999999999,0.05002824718188978,272.0
1709141460000.0,610171,1709141460000.0,0.0,-0.023703263999999998,1725.3251718660174,1704.1259218660175,62.4,1.8993,106.3,1.926928504233302,long_rentry,204.83249999999998,0.1187210986891615,6.0
1709141460000.0,610171,1709141460000.0,0.0,-0.056075360000000005,1725.2690965060174,1684.5455465060174,151.0,1.8568,257.3,1.8857726389428682,long_rentry,485.2093,0.2812368812393596,0.0
1709141460000.0,610171,1709141460000.0,0.0,-0.24801872,1725.0210777860175,1630.1326777860177,686.5,1.8064,943.8,1.8280386734477643,long_rentry,1725.3029,1.0001633732002533,0.0
1709141520000.0,610172,1709141520000.0,1.1939669336723966,-0.086485658,1726.1285590616899,1749.3203021280176,-235.9,1.8331,707.9,1.8280386734477643,long_nclose,1294.0685769336724,0.74969420449026,1.0
1709141520000.0,610172,1709141520000.0,3.765276933672428,-0.08699992000000001,1729.8068360753623,1745.2701822080176,-235.9,1.844,472.0,1.8280386734477643,long_nclose,862.8342538673447,0.4988038177863657,0.0
1709141520000.0,610172,1709141520000.0,6.312996933672409,-0.08750946400000001,1736.0323235450346,1743.7672727440174,-235.9,1.8548,236.1,1.8280386734477643,long_nclose,431.59993080101714,0.24861284259942582,0.0
1709141520000.0,610172,1709141520000.0,8.891839198982835,-0.088098354,1744.8360643900173,1744.8360643900173,-236.1,1.8657,0.0,1.8280386734477643,long_nclose,0.0,0.0,0.0
1709141580000.0,610173,1709141580000.0,0.0,-0.017454304,1744.8186100860173,1744.5981800860172,46.9,1.8608,46.9,1.8608,long_ientry_normal,87.27152,0.05001753161934559,1.0
1709141640000.0,610174,1709141640000.0,0.05966999999999862,-0.004366206,1744.8739138800174,1745.3139138800175,-11.7,1.8659,35.2,1.8608,long_nclose,65.50016000000001,0.037538620687124324,1.0
1709141640000.0,610174,1709141640000.0,0.1895399999999999,-0.00439218,1745.0590617000175,1745.3528117000176,-11.7,1.877,23.5,1.8608,long_nclose,43.7288,0.025058636099915082,0.0
1709141700000.0,610175,1709141700000.0,0.0,-0.008654646000000002,1745.0504070540176,1745.2276570540175,23.1,1.8733,46.6,1.8669963519313304,long_ientry_partial,87.00203,0.049856456666415874,1.0
1709141700000.0,610175,1709141700000.0,0.0780284549356229,-0.0029281199999999998,1745.125507388953,1745.2730889340176,-7.8,1.877,38.8,1.8669963519313304,long_nclose,72.43945845493562,0.04150959810524982,0.0
1709141760000.0,610176,1709141760000.0,0.04950538626609606,-0.003631874,1745.1713809012192,1745.0143470600176,-9.7,1.8721,29.1,1.8669963519313304,long_nclose,54.32959384120172,0.03113138023908318,1.0
1709141820000.0,610177,1709141820000.0,0.0,-0.006627296,1745.1647536052192,1745.0780697640175,17.8,1.8616,46.9,1.8649482695352178,long_ientry_partial,87.4660738412017,0.05011909257307162,1.0
1709141820000.0,610177,1709141820000.0,0.051492459346432894,-0.0026958240000000003,1745.2135502405656,1745.1401739400176,-7.2,1.8721,39.7,1.8649482695352178,long_nclose,74.03844630054815,0.0424237173097484,0.0
1709141940000.0,610179,1709141940000.0,0.051002131601345216,-0.0037027980000000006,1745.260849574167,1745.5544311420174,-9.9,1.8701,29.8,1.8649482695352178,long_nclose,55.57545843214949,0.031843640133054935,2.0
1709142000000.0,610180,1709142000000.0,0.0,-0.006261832,1745.254587742167,1745.9248193100175,16.7,1.8748,46.5,1.8684864178956877,long_ientry_partial,86.88461843214948,0.04978334911272284,1.0
1709142000000.0,610180,1709142000000.0,0.1258644628326916,-0.003724776,1745.3767274289996,1745.9042645340176,-9.9,1.8812,36.6,1.8684864178956877,long_nclose,68.38660289498218,0.03918157141680124,0.0
1709142060000.0,610181,1709142060000.0,0.0,-0.0036528259999999996,1745.3730746029996,1745.7663417080175,9.7,1.8829,46.3,1.8715061100428116,long_ientry_partial,86.65073289498217,0.04964596632997311,1.0
1709142060000.0,610181,1709142060000.0,0.16096545747769844,-0.004598668,1745.5294413924773,1745.8190830400174,-12.2,1.8847,34.1,1.8715061100428116,long_nclose,63.81835835245988,0.03656103233730018,0.0
1709142120000.0,610182,1709142120000.0,0.0,-0.0046248,1745.5248165924772,1747.0440582400174,12.3,1.88,46.4,1.8737577231133595,long_ientry_partial,86.94235835245988,0.0498087208649283,1.0
1709142120000.0,610182,1709142120000.0,0.15867772881903644,-0.004266428,1745.6792278932962,1746.8284818120173,-11.3,1.8878,35.1,1.8737577231133595,long_nclose,65.76889608127892,0.03767524699291376,0.0
1709142120000.0,610182,1709142120000.0,0.2841077288190377,-0.004291514000000001,1745.9590441081152,1746.7383102980173,-11.3,1.8989,23.8,1.8737577231133595,long_nclose,44.59543381009796,0.02554208471303435,0.0
1709142120000.0,610182,1709142120000.0,0.41793618419636436,-0.00439323,1746.3725870623116,1746.7753170680173,-11.5,1.9101,12.3,1.8737577231133595,long_nclose,23.047219994294323,0.01319719524060073,0.0
1709142180000.0,610183,1709142180000.0,0.0,-0.012773550000000002,1746.3598135123116,1747.3716835180173,33.5,1.9065,45.8,1.8977067684343742,long_ientry_partial,86.91496999429434,0.04976922242586957,1.0
1709142180000.0,610183,1709142180000.0,0.180726748257198,-0.004704504000000001,1746.5358357565688,1747.2759590140172,-12.3,1.9124,33.5,1.8977067684343742,long_nclose,63.57317674255154,0.03639958335868485,0.0
1709142240000.0,610184,1709142240000.0,0.0,-0.0046075199999999995,1746.5312282365687,1747.7309014940172,12.0,1.9198,45.5,1.9035335547813526,long_ientry_partial,86.61077674255154,0.04959016783799531,1.0
1709142240000.0,610184,1709142240000.0,0.36683963515141216,-0.006431170000000001,1746.89163670172,1747.6509903240171,-16.7,1.9255,28.8,1.9035335547813526,long_nclose,54.82176637770296,0.03138246541795295,0.0
1709142300000.0,610185,1709142300000.0,0.0,-0.006368670000000001,1746.88526803172,1746.752211654017,16.5,1.9299,45.3,1.91313722688086,long_ientry_partial,86.66511637770296,0.049611224024661754,1.0
1709142360000.0,610186,1709142360000.0,0.059469336246283595,-0.004335584000000001,1746.9404017839663,1747.098936070017,-11.3,1.9184,34.0,1.91313722688086,long_nclose,65.04666571394924,0.0372346221127658,1.0
1709142420000.0,610187,1709142420000.0,0.044733571512691195,-0.00326128,1746.981874075479,1747.223174790017,-8.5,1.9184,25.5,1.91313722688086,long_nclose,48.78499928546193,0.027925303639042883,1.0
1709142480000.0,610188,1709142480000.0,0.14163357151268996,-0.00328066,1747.1202269869918,1747.4102941300173,-8.5,1.9298,17.0,1.91313722688086,long_nclose,32.52333285697462,0.01861539483923379,1.0
1709142600000.0,610190,1709142600000.0,0.2385335715126906,-0.00330004,1747.3554605185045,1747.6679440900173,-8.5,1.9412,8.5,1.91313722688086,long_nclose,16.26166642848731,0.009306444393209998,2.0
1709142600000.0,610190,1709142600000.0,0.3354335715126894,-0.0033194199999999996,1747.6875746700173,1747.6875746700173,-8.5,1.9526,0.0,1.91313722688086,long_nclose,0.0,0.0,0.0
1709142660000.0,610191,1709142660000.0,0.0,-0.017471104,1747.6701035660174,1747.2624235660173,44.8,1.9499,44.8,1.9499,long_ientry_normal,87.35552,0.04998398715052471,1.0
1709142840000.0,610194,1709142840000.0,0.0604800000000008,-0.004379872,1747.7262036940174,1747.8538836940174,-11.2,1.9553,33.6,1.9499,long_nclose,65.51664,0.03748678703879541,3.0
1709142900000.0,610195,1709142900000.0,0.0,-0.004337214000000001,1747.7218664800173,1748.1266864800173,11.1,1.9537,44.7,1.9508436241610738,long_ientry_partial,87.20271000000001,0.04989507293607867,1.0
1709142900000.0,610195,1709142900000.0,0.03743355704698024,-0.0032849040000000004,1747.7560151330642,1748.0847615760172,-8.4,1.9553,36.3,1.9508436241610738,long_nclose,70.81562355704698,0.04051802593948187,0.0
1709142960000.0,610196,1709142960000.0,0.2051721476510067,-0.004762076,1747.9564252047153,1748.4103295000173,-12.1,1.9678,24.2,1.9508436241610738,long_nclose,47.210415704697986,0.027008920259078452,1.0
1709143020000.0,610197,1709143020000.0,0.0,-0.007971404,1747.9484538007152,1747.7049680960172,20.3,1.9634,44.5,1.9565715888696174,long_ientry_partial,87.06743570469797,0.04981121469307618,1.0
1709143140000.0,610199,1709143140000.0,0.05914536354724715,-0.004355418,1748.0032437462626,1748.0342526780173,-11.1,1.9619,33.4,1.9565715888696174,long_nclose,65.34949106824521,0.03738522299775048,2.0
1709143200000.0,610200,1709143200000.0,0.0,-0.0043848,1747.9988589462625,1747.8871478780172,11.2,1.9575,44.6,1.9568047324718658,long_ientry_partial,87.27349106824522,0.04992765906086224,1.0
1709143200000.0,610200,1709143200000.0,0.042290720483513546,-0.003256754,1748.0378929127462,1747.9469711240174,-8.3,1.9619,36.3,1.9568047324718658,long_nclose,71.03201178872872,0.04063528146427562,0.0
1709143560000.0,610206,1709143560000.0,0.0,-0.003535192,1748.0343577207461,1747.3461359320174,9.2,1.9213,45.5,1.9496257535984334,long_ientry_partial,88.70797178872871,0.050747270153428004,6.0
1709144580000.0,610223,1709144580000.0,0.0,-0.024332236,1748.0100254847462,1744.8490736960175,64.6,1.8833,110.1,1.9107098255107058,long_rentry,210.3691517887287,0.1203477947618696,17.0
1709144640000.0,610224,1709144640000.0,0.1454797984555889,-0.010538,1748.1449672832018,1747.9376556960176,-27.5,1.916,82.6,1.9107098255107058,long_nclose,157.82463158718429,0.09028120352768003,1.0
1709144760000.0,610226,1709144760000.0,0.10897759447945933,-0.00789392,1748.2460509576813,1748.2950417760176,-20.6,1.916,62.0,1.9107098255107058,long_nclose,118.46400918166376,0.06776163407706239,2.0
1709144820000.0,610227,1709144820000.0,0.0819977045840592,-0.005939600000000001,1748.3221090622653,1748.6425021760176,-15.5,1.916,46.5,1.9107098255107058,long_nclose,88.84800688624782,0.05081901465737487,1.0
1709144880000.0,610228,1709144880000.0,0.25714770458406055,-0.00597463,1748.5732821368492,1749.2487775460174,-15.5,1.9273,31.0,1.9107098255107058,long_nclose,59.23200459083188,0.03387447652090808,1.0
1709144940000.0,610229,1709144940000.0,0.0,-0.005488300000000001,1748.5677938368492,1749.4738092460173,14.2,1.9325,45.2,1.9175554113015902,long_ientry_partial,86.67350459083188,0.04956828376705135,1.0
1709144940000.0,610229,1709144940000.0,0.32774112482535267,-0.006009970000000001,1748.8895249916745,1749.4848492760173,-15.5,1.9387,29.7,1.9175554113015902,long_nclose,56.95139571565723,0.032564318615796124,0.0
1709145000000.0,610230,1709145000000.0,0.0,-0.005967808000000001,1748.8835571836746,1749.0865114680173,15.4,1.9376,45.1,1.9243999050034861,long_ientry_partial,86.79043571565722,0.04962619458520197,1.0
1709145060000.0,610231,1709145060000.0,0.059361063960955106,-0.004322528,1748.9385957196355,1749.3657389400173,-11.2,1.9297,33.9,1.9243999050034861,long_nclose,65.23715677961818,0.03730099898262869,1.0
1709145120000.0,610232,1709145120000.0,0.0,-0.00433888,1748.9342568396355,1749.3614000600173,11.2,1.937,45.1,1.9275289751578308,long_ientry_partial,86.93155677961818,0.04970544572481844,1.0
1709145120000.0,610232,1709145120000.0,0.1533525807165121,-0.004386886,1749.083222534352,1749.4033431740172,-11.3,1.9411,33.8,1.9275289751578308,long_nclose,65.15047936033467,0.03724835875215487,0.0
1709145180000.0,610233,1709145180000.0,0.0,-0.0043776200000000005,1749.078844914352,1749.1058155540172,11.3,1.937,45.1,1.9299019813821436,long_ientry_partial,87.03857936033468,0.049762524778919695,1.0
1709145240000.0,610234,1709145240000.0,0.05933780851999159,-0.004334848,1749.133847874872,1749.1439507060172,-11.2,1.9352,33.9,1.9299019813821436,long_nclose,65.42367716885467,0.03740347100843188,1.0
1709145300000.0,610235,1709145300000.0,0.0,-0.004400856000000001,1749.1294470188718,1749.098779850017,11.4,1.9302,45.3,1.9299769794449153,long_ientry_partial,87.42795716885466,0.04998369750041226,1.0
1709145300000.0,610235,1709145300000.0,0.04387337266271168,-0.0032511360000000004,1749.1700692555346,1749.1450887140172,-8.4,1.9352,36.9,1.9299769794449153,long_nclose,71.21615054151738,0.04071425174330117,0.0
1709145960000.0,610246,1709145960000.0,0.048971789106779344,-0.0035609519999999996,1749.2154800926414,1749.4571077620174,-9.2,1.9353,27.7,1.9299769794449153,long_nclose,53.46036233062415,0.030562479545283235,11.0
1709146020000.0,610247,1709146020000.0,0.0,-0.006746676,1749.2087334166415,1749.2068210860173,17.4,1.9387,45.1,1.9333424020094045,long_ientry_partial,87.19374233062415,0.04984753429644328,1.0
1709146200000.0,610250,1709146200000.0,0.06000509749467006,-0.004342688,1749.2643958261363,1749.4663583980175,-11.2,1.9387,33.9,1.9333424020094045,long_nclose,65.54030742811881,0.037467353468407884,3.0
1709146260000.0,610251,1709146260000.0,0.0,-0.004344032,1749.2600517941362,1749.7190843660173,11.2,1.9393,45.1,1.9348218941933217,long_ientry_partial,87.26046742811882,0.04988421666556653,1.0
1709146500000.0,610255,1709146500000.0,0.25317158710017384,-0.0058551,1749.5073682812365,1750.0424892660176,-15.0,1.9517,30.1,1.9348218941933217,long_nclose,58.238139015218984,0.03328830736645237,4.0
1709146560000.0,610256,1709146560000.0,0.0,-0.005740644,1749.5016276372364,1749.8844286220174,14.7,1.9526,44.8,1.9406553351611382,long_ientry_partial,86.94135901521899,0.04969492891106158,1.0
1709146800000.0,610260,1709146800000.0,0.059860246195251675,-0.00435904,1749.5571288434317,1749.6023095820174,-11.2,1.946,33.6,1.9406553351611382,long_nclose,65.20601926141424,0.037270014329008824,4.0
1709146860000.0,610261,1709146860000.0,0.0,-0.00442776,1749.5527010834317,1749.2558818220175,11.4,1.942,45.0,1.9409959835869832,long_ientry_partial,87.34481926141424,0.04992408585767374,1.0
1709164740000.0,610559,1709164740000.0,0.059404983825787024,-0.004359712,1749.6077463552574,1749.8208221100174,-11.2,1.9463,33.8,1.9409959835869832,long_nclose,65.60566424524002,0.03749735583984938,298.0
1709164800000.0,610560,1709164800000.0,0.18932498382578763,-0.004385696,1749.7926856430831,1750.2289564140174,-11.2,1.9579,22.6,1.9409959835869832,long_nclose,43.86650922906583,0.02506954657485268,1.0
1709164860000.0,610561,1709164860000.0,0.0,-0.00875072,1749.783934923083,1749.6619856940172,22.6,1.936,45.2,1.9384979917934917,long_ientry_partial,87.62010922906583,0.050074816370352285,1.0
1709176500000.0,610755,1709176500000.0,0.05991269273354356,-0.0043929880000000004,1749.8394546278166,1749.9276627060171,-11.3,1.9438,33.9,1.9384979917934917,long_nclose,65.71508192179937,0.0375549206802956,194.0
1709176560000.0,610756,1709176560000.0,0.04453686893466955,-0.0032655839999999998,1749.8807259127514,1750.1536271220173,-8.4,1.9438,25.5,1.9384979917934917,long_nclose,49.43169879073404,0.028248610353114257,1.0
1709176680000.0,610758,1709176680000.0,0.14366706975532084,-0.00332418,1750.0210688025068,1750.4002029420174,-8.5,1.9554,17.0,1.9384979917934917,long_nclose,32.95446586048936,0.018830896637741183,2.0
1709176680000.0,610758,1709176680000.0,0.2414170697553214,-0.00334373,1750.259142142262,1750.4487092120173,-8.5,1.9669,8.5,1.9384979917934917,long_nclose,16.47723293024468,0.009414167612961053,0.0
1709176740000.0,610759,1709176740000.0,0.11928843446733528,-0.001652196,1750.3767783807293,1750.4473070160172,-4.2,1.9669,4.3,1.9384979917934917,long_nclose,8.335541364712014,0.004762141195921949,1.0
1709176800000.0,610760,1709176800000.0,0.023662811489111667,-0.000547512,1750.3998936802186,1750.4149795040175,-1.4,1.9554,2.9,1.9384979917934917,long_nclose,5.6216441762011256,0.00321163420798753,1.0
1709177160000.0,610766,1709177160000.0,0.0,-0.016392089999999998,1750.3835015902187,1750.2519274140175,42.9,1.9105,45.8,1.9122727986070116,long_ientry_partial,87.58209417620112,0.05003594589221907,6.0
1709186460000.0,610921,1709186460000.0,0.05959009588006752,-0.004371900000000001,1750.4387197860988,1750.5600555140177,-11.4,1.9175,34.4,1.9122727986070116,long_nclose,65.7821842720812,0.03758039829016105,155.0
1709186520000.0,610922,1709186520000.0,0.04495393197970005,-0.0032981000000000004,1750.4803756180786,1750.7313374140176,-8.6,1.9175,25.8,1.9122727986070116,long_nclose,49.336638204060904,0.02818462799769497,1.0
1709186760000.0,610926,1709186760000.0,0.03345408891512563,-0.0024544000000000002,1750.5113753069936,1750.7447030140177,-6.4,1.9175,19.4,1.9122727986070116,long_nclose,37.09809229297602,0.021192717063303855,4.0
1709187180000.0,610933,1709187180000.0,0.10641408891512612,-0.002468992,1750.6153204039085,1750.8418740220175,-6.4,1.9289,13.0,1.9122727986070116,long_nclose,24.85954638189115,0.014200462027349025,7.0
1709187600000.0,610940,1709187600000.0,0.016727044457562814,-0.0012272000000000001,1750.6308202483663,1750.7104668220175,-3.2,1.9175,9.8,1.9122727986070116,long_nclose,18.740273426348715,0.010704868901879602,7.0
1709187780000.0,610943,1709187780000.0,0.012545283343172108,-0.0009203999999999999,1750.6424451317093,1750.6811264220175,-2.4,1.9175,7.4,1.9122727986070116,long_nclose,14.150818709691887,0.008083214678727415,3.0
1709188080000.0,610948,1709188080000.0,0.0,-0.014670810000000001,1750.6277743217092,1750.7001056120173,38.5,1.9053,45.9,1.906424154895248,long_ientry_partial,87.50486870969189,0.049984851144953504,5.0
1709188260000.0,610951,1709188260000.0,0.060144634194171376,-0.004358676,1750.6835602799033,1751.0070269360172,-11.4,1.9117,34.5,1.906424154895248,long_nclose,65.77163334388607,0.03756911576491319,3.0
1709188380000.0,610953,1709188380000.0,0.0,-0.00434454,1750.6792157399034,1750.6565123960174,11.4,1.9055,45.9,1.9061946262284544,long_ientry_partial,87.49433334388605,0.049977364532146816,2.0
1709188500000.0,610955,1709188500000.0,0.05934126099562005,-0.004357992000000001,1750.734199008899,1750.8999844040172,-11.4,1.9114,34.5,1.9061946262284544,long_nclose,65.76371460488167,0.03756350600914228,2.0
1709188560000.0,610956,1709188560000.0,0.044766214435292315,-0.0032876080000000005,1750.7756776153342,1750.8949567960171,-8.6,1.9114,25.9,1.9061946262284544,long_nclose,49.37044081931697,0.02819918134033173,1.0
1709188740000.0,610959,1709188740000.0,0.0,-0.007622,1750.768055615334,1750.717934796017,20.0,1.9055,45.9,1.9058919568478643,long_ientry_partial,87.48044081931697,0.04996689340928752,3.0
1709194260000.0,611051,1709194260000.0,0.0,-0.024007944000000003,1750.744047671334,1747.714546852017,65.2,1.8411,111.1,1.8678682341972723,long_rentry,207.52016081931694,0.11853255254264017,92.0
1709196960000.0,611096,1709196960000.0,0.14214991273555652,-0.01037642,1750.8758211640695,1751.278790432017,-27.7,1.873,83.4,1.8678682341972723,long_nclose,155.78021073205252,0.08897273515861455,45.0
1709197020000.0,611097,1709197020000.0,0.10674072869673559,-0.007791680000000001,1750.974770212766,1751.364878752017,-20.8,1.873,62.6,1.8678682341972723,long_nclose,116.92855146074925,0.06677911838018141,1.0
1709197140000.0,611099,1709197140000.0,0.08005554652255169,-0.00584376,1751.0489819992886,1751.4170749920168,-15.6,1.873,47.0,1.8678682341972723,long_nclose,87.7898070072718,0.05013555183763984,2.0
1709197260000.0,611101,1709197260000.0,0.06004165989191376,-0.00438282,1751.1046408391805,1751.4446421720168,-11.7,1.873,35.3,1.8678682341972723,long_nclose,65.93574866716371,0.03765380270796688,2.0
1709197320000.0,611102,1709197320000.0,0.0,-0.00424315,1751.1003976891805,1751.5102990220169,11.3,1.8775,46.6,1.870203834059307,long_ientry_partial,87.15149866716371,0.04976956134678068,1.0
1709197440000.0,611104,1709197440000.0,0.2525905720807423,-0.005848150000000001,1751.347140111261,1751.8632808720167,-15.5,1.8865,31.1,1.870203834059307,long_nclose,58.16333923924445,0.033210628496843524,2.0
1709197560000.0,611106,1709197560000.0,0.4246405720807406,-0.00588256,1751.765898123342,1752.2104383120168,-15.5,1.8976,15.6,1.870203834059307,long_nclose,29.17517981132519,0.01665472529324861,2.0
1709197740000.0,611109,1709197740000.0,0.21369009433740493,-0.0029602559999999997,1751.9766279616792,1752.1895380560165,-7.8,1.8976,7.8,1.870203834059307,long_nclose,14.587589905662595,0.008326361021513391,3.0
1709197800000.0,611110,1709197800000.0,0.10684504716870247,-0.0014801279999999998,1752.081992880848,1752.1950779280166,-3.9,1.8976,3.9,1.870203834059307,long_nclose,7.2937949528312975,0.004162930149654999,1.0
1709197980000.0,611113,1709197980000.0,0.0,-0.016065312,1752.065927568848,1752.0190226160169,42.6,1.8856,46.5,1.8843087086630386,long_ientry_partial,87.62035495283129,0.05000973626284289,3.0
1709198040000.0,611114,1709198040000.0,0.06021897950875212,-0.00438364,1752.121762908357,1752.3064289760168,-11.6,1.8895,34.9,1.8843087086630386,long_nclose,65.76237393234004,0.03753299303992475,1.0
1709198100000.0,611115,1709198100000.0,0.0,-0.004374823999999999,1752.117388084357,1752.1194441520167,11.6,1.8857,46.5,1.8846557834911837,long_ientry_partial,87.63649393234004,0.05001747858238864,1.0
1709198400000.0,611120,1709198400000.0,0.05967291150226845,-0.004384336,1752.1726766598592,1752.362679816017,-11.6,1.8898,34.9,1.8846557834911837,long_nclose,65.77448684384231,0.03753881550603062,5.0
1709198520000.0,611122,1709198520000.0,0.0,-0.004374592,1752.1683020678593,1752.168705224017,11.6,1.8856,46.5,1.8848913299751033,long_ientry_partial,87.6474468438423,0.05002227625074787,2.0
1709203740000.0,611209,1709203740000.0,0.060420572288800045,-0.004385032,1752.224337608148,1752.441020192017,-11.6,1.8901,34.9,1.8848913299751033,long_nclose,65.7827074161311,0.0375424002533414,87.0
1709203860000.0,611211,1709203860000.0,0.1903405722888012,-0.004411016,1752.4102671644368,1752.7669591760168,-11.6,1.9013,23.3,1.8848913299751033,long_nclose,43.91796798841991,0.025061464664597792,2.0
1709203920000.0,611212,1709203920000.0,0.12634675919170424,-0.0029280020000000003,1752.5336859216284,1752.7537811740167,-7.7,1.9013,15.6,1.8848913299751033,long_nclose,29.40430474761161,0.016778168079632876,1.0
1709204040000.0,611214,1709204040000.0,0.0853250841294626,-0.0019773520000000004,1752.6170336537577,1752.7908038220166,-5.2,1.9013,10.4,1.8848913299751033,long_nclose,19.602869831741074,0.011184913449616606,2.0
1709204340000.0,611219,1709204340000.0,0.055789478084648625,-0.001292884,1752.6715302478426,1752.752790938017,-3.4,1.9013,7.0,1.8848913299751033,long_nclose,13.194239309825724,0.007528073048553454,5.0
1709204520000.0,611222,1709204520000.0,0.008854739042324145,-0.000642634,1752.679742352885,1752.707348304017,-1.7,1.8901,5.3,1.8848913299751033,long_nclose,9.989924048868048,0.005699800030470527,3.0
1709204580000.0,611223,1709204580000.0,0.006771271032365522,-0.000491426,1752.6860221979173,1752.7244568780168,-1.3,1.8901,4.0,1.8848913299751033,long_nclose,7.539565319900413,0.004301720459004738,1.0
1709204760000.0,611226,1709204760000.0,0.02133127103236565,-0.0004943380000000001,1752.7068591309496,1752.7484625400168,-1.3,1.9013,2.7,1.8848913299751033,long_nclose,5.089206590932779,0.0029036267898535965,3.0
1709204820000.0,611227,1709204820000.0,0.014767803022406989,-0.000342234,1752.7212846999719,1752.7520803060168,-0.9,1.9013,1.8,1.8848913299751033,long_nclose,3.392804393955186,0.0019357352612602986,1.0
1709205120000.0,611232,1709205120000.0,0.009845202014937993,-0.000228156,1752.7309017459868,1752.7505921500167,-0.6,1.9013,1.2,1.8848913299751033,long_nclose,2.261869595970124,0.0012904830933926923,5.0
1709205180000.0,611233,1709205180000.0,0.006563468009958662,-0.00015210400000000002,1752.7373131099966,1752.7497200460166,-0.4,1.9013,0.8,1.8848913299751033,long_nclose,1.5079130639800828,0.0008603189152768671,1.0
1709205240000.0,611234,1709205240000.0,0.003281734004979331,-7.605200000000001e-05,1752.7405187920017,1752.7492839940167,-0.2,1.9013,0.6,1.8848913299751033,long_nclose,1.130934797985062,0.0006452380063447774,1.0
1709205420000.0,611237,1709205420000.0,0.003281734004979331,-7.605200000000001e-05,1752.7437244740067,1752.7507279420167,-0.2,1.9013,0.4,1.8848913299751033,long_nclose,0.7539565319900414,0.0004301578841574809,3.0
1709205660000.0,611241,1709205660000.0,0.0016408670024896654,-3.8026000000000005e-05,1752.745327315009,1752.7512099160165,-0.1,1.9013,0.3,1.8848913299751033,long_nclose,0.565467398992531,0.00032261811809178103,4.0
1709206260000.0,611251,1709206260000.0,0.0016408670024896654,-3.8026000000000005e-05,1752.7469301560113,1752.7501318900163,-0.1,1.9013,0.2,1.8848913299751033,long_nclose,0.3769782659950207,0.0002150785487106607,10.0
1709206320000.0,611252,1709206320000.0,0.0016408670024896654,-3.8026000000000005e-05,1752.7485329970136,1752.7497338640162,-0.1,1.9013,0.1,1.8848913299751033,long_nclose,0.18848913299751036,0.00010753917601358022,1.0
1709206500000.0,611255,1709206500000.0,0.0016408670024896654,-3.8026000000000005e-05,1752.750135838016,1752.750135838016,-0.1,1.9013,0.0,1.8848913299751033,long_nclose,0.0,0.0,3.0
1709207100000.0,611265,1709207100000.0,0.0,-0.01752585,1752.7326099880158,1752.788409988016,46.5,1.8845,46.5,1.8845,long_ientry_normal,87.62925,0.04999578914698184,10.0
1709207160000.0,611266,1709207160000.0,0.06031999999999851,-0.004384104,1752.7885458840158,1753.4690958840158,-11.6,1.8897,34.9,1.8845,long_nclose,65.76905,0.03752252384033551,1.0
1709207160000.0,611266,1709207160000.0,0.19023999999999966,-0.0044100879999999995,1752.9743757960157,1753.4287257960157,-11.6,1.9009,23.3,1.8845,long_nclose,43.90885,0.025048198425639417,0.0
1709207400000.0,611270,1709207400000.0,0.0,-0.00874408,1752.9656317160157,1752.9470317160155,23.2,1.8845,46.5,1.8845,long_ientry_partial,87.62925,0.049989143206542984,4.0
1709213820000.0,611377,1709213820000.0,0.06031999999999851,-0.004384104,1753.0215676120156,1753.3007676120155,-11.6,1.8897,34.9,1.8845,long_nclose,65.76905,0.037517536130254964,107.0
1709214060000.0,611381,1709214060000.0,0.19023999999999966,-0.0044100879999999995,1753.2073975240155,1753.4450575240155,-11.6,1.9009,23.3,1.8845,long_nclose,43.90885,0.025044869227685618,4.0
1709214180000.0,611383,1709214180000.0,0.030159999999999253,-0.002192052,1753.2353654720155,1753.3438654720155,-5.8,1.8897,17.5,1.8845,long_nclose,32.97875,0.01881022402894621,2.0
1709214300000.0,611385,1709214300000.0,0.022359999999999446,-0.001625142,1753.2561003300154,1753.2112203300155,-4.3,1.8897,13.2,1.8845,long_nclose,24.8754,0.014188115470020439,2.0
1709214360000.0,611386,1709214360000.0,0.0,-0.012587290000000001,1753.2435130400154,1753.2136530400153,33.5,1.8787,46.7,1.8803394004282654,long_ientry_partial,87.81185,0.05008536997107704,1.0
1709215080000.0,611398,1709215080000.0,0.05986295503212062,-0.00437436,1753.2990016350475,1753.3853686800153,-11.6,1.8855,35.1,1.8803394004282654,long_nclose,65.99991295503212,0.03764327299193325,12.0
1709215140000.0,611399,1709215140000.0,0.04489721627409046,-0.0032807699999999997,1753.3406180813217,1753.4821379100156,-8.7,1.8855,26.4,1.8803394004282654,long_nclose,49.640960171306205,0.028312217066885862,1.0
1709215440000.0,611404,1709215440000.0,0.03405995717344794,-0.00248886,1753.372189178495,1753.5218890500155,-6.6,1.8855,19.8,1.8803394004282654,long_nclose,37.23072012847965,0.021233780459312127,5.0
1709215500000.0,611405,1709215500000.0,0.10797995717344859,-0.002503644,1753.4776654916686,1753.6870254060154,-6.6,1.8967,13.2,1.8803394004282654,long_nclose,24.820480085653102,0.014155002127554064,1.0
1709216280000.0,611418,1709216280000.0,0.0719866381156324,-0.0016690960000000001,1753.5479830337845,1753.6981163100158,-4.4,1.8967,8.8,1.8803394004282654,long_nclose,16.546986723768736,0.00943628967320362,13.0
1709216400000.0,611420,1709216400000.0,0.04744573875803044,-0.001100086,1753.5943286865427,1753.695576224016,-2.9,1.8967,5.9,1.8803394004282654,long_nclose,11.094002462526767,0.006326436098157475,2.0
1709217060000.0,611431,1709217060000.0,0.031085139186295806,-0.0007207460000000001,1753.6246930797288,1753.6845354780157,-1.9,1.8967,4.0,1.8803394004282654,long_nclose,7.521357601713062,0.004289034952230285,11.0
1709217480000.0,611438,1709217480000.0,0.0,-0.016018452000000002,1753.6086746277288,1753.7754770260158,42.6,1.8801,46.6,1.8801205493929845,long_ientry_partial,87.61361760171307,0.049961897924753626,7.0
1709217540000.0,611439,1709217540000.0,0.06008162704138007,-0.004373896,1753.6643823587701,1753.7826631300156,-11.6,1.8853,35.0,1.8801205493929845,long_nclose,65.80421922875446,0.03752383859233336,1.0
1709217600000.0,611440,1709217600000.0,0.0,-0.004361832,1753.66002052677,1753.4309612980155,11.6,1.8801,46.6,1.8801154340934432,long_ientry_partial,87.61337922875445,0.049960299147628895,1.0
1709217600000.0,611440,1709217600000.0,0.04510572338704419,-0.0032804219999999994,1753.701845828157,1753.5155508760156,-8.7,1.8853,37.9,1.8801154340934432,long_nclose,71.2563749521415,0.040631978076348454,0.0
1709218500000.0,611455,1709218500000.0,0.04873491952163396,-0.0035443640000000004,1753.7470363836787,1753.9831465120155,-9.4,1.8853,28.5,1.8801154340934432,long_nclose,53.58328987166313,0.03055360252078018,15.0
1709218680000.0,611458,1709218680000.0,0.0,-0.006804514000000001,1753.7402318696788,1753.5839319980157,18.1,1.8797,46.6,1.8799540744992087,long_ientry_partial,87.60585987166313,0.049953726486770336,3.0
1709219520000.0,611472,1709219520000.0,0.059692735809179,-0.004373432,1753.795551173488,1753.8811585660158,-11.6,1.8851,35.0,1.8799540744992087,long_nclose,65.79839260747231,0.03751770983992161,14.0
1709219580000.0,611473,1709219580000.0,0.04476955185688424,-0.003280074,1753.837040651345,1753.9145184920158,-8.7,1.8851,26.3,1.8799540744992087,long_nclose,49.44279215932919,0.02819121218979785,1.0
1709219640000.0,611474,1709219640000.0,0.033448515755143404,-0.00245063,1753.8680385371001,1754.0669478620157,-6.5,1.8851,19.8,1.8799540744992087,long_nclose,37.223090675084336,0.021223427223254543,1.0
1709220060000.0,611481,1709220060000.0,0.02521503495387734,-0.001847398,1753.8914061740538,1753.9531804640155,-4.9,1.8851,14.9,1.8799540744992087,long_nclose,28.01131571003821,0.01597095214186733,7.0
1709220120000.0,611482,1709220120000.0,0.019039924352927784,-0.001394974,1753.9090511244067,1753.9554854900155,-3.7,1.8851,11.2,1.8799540744992087,long_nclose,21.055485634391136,0.012004890231276677,1.0
1709220720000.0,611492,1709220720000.0,0.0,-0.01334587,1753.8957052544067,1753.8601696200155,35.5,1.8797,46.7,1.8797609343552706,long_ientry_partial,87.78483563439114,0.050051343059567925,10.0
1709221740000.0,611509,1709221740000.0,0.05961316147886144,-0.0043729680000000005,1753.9509454478855,1754.1383466520156,-11.6,1.8849,35.1,1.8797609343552706,long_nclose,65.97960879587,0.03761770474089376,17.0
1709221920000.0,611512,1709221920000.0,0.04470987110914608,-0.0032797259999999997,1753.9923755929944,1754.1095669260153,-8.7,1.8849,26.4,1.8797609343552706,long_nclose,49.625688666979144,0.028292989956812988,3.0
1709222040000.0,611514,1709222040000.0,0.03391783325521427,-0.002488068,1754.0238053582495,1754.0958588580152,-6.6,1.8849,19.8,1.8797609343552706,long_nclose,37.21926650023436,0.021219362238149634,2.0
1709222220000.0,611517,1709222220000.0,0.02518142165917423,-0.001847202,1754.0471395779089,1754.1341416560153,-4.9,1.8849,14.9,1.8797609343552706,long_nclose,28.00843792189353,0.015967893501786637,3.0
1709222460000.0,611521,1709222460000.0,0.08006142165917363,-0.0018581780000000003,1754.125342821568,1754.2877334780153,-4.9,1.8961,10.0,1.8797609343552706,long_nclose,18.797609343552708,0.010716229270889012,4.0
1709222820000.0,611527,1709222820000.0,0.0,-0.013796998,1754.111545823568,1754.0922564800153,36.7,1.8797,46.7,1.8797130480418138,long_ientry_partial,87.78259934355272,0.05004390943811852,6.0
1709224860000.0,611561,1709224860000.0,0.0,-0.024077508,1754.087468315568,1752.7299289720154,66.3,1.8158,113.0,1.842213622509316,long_rentry,208.1701393435527,0.11867717152295508,34.0
1709225160000.0,611566,1709225160000.0,0.14343584523728792,-0.010418772,1754.2204853888052,1755.0418902000151,-28.2,1.8473,84.8,1.842213622509316,long_nclose,156.21971518879,0.08905363749310308,5.0
1709225460000.0,611571,1709225460000.0,0.4508158452372916,-0.010480248000000001,1754.6608209860424,1755.565649952015,-28.2,1.8582,56.6,1.842213622509316,long_nclose,104.26929103402729,0.059424186023275156,5.0
1709225520000.0,611572,1709225520000.0,0.3005438968248611,-0.006986832000000002,1754.9543780508673,1755.6985231200151,-18.8,1.8582,37.8,1.842213622509316,long_nclose,69.63567493085213,0.039679478738468804,1.0
1709225820000.0,611577,1709225820000.0,0.5100425345739276,-0.007065575999999999,1755.4573550094412,1756.0184275440151,-18.9,1.8692,18.9,1.842213622509316,long_nclose,34.81783746542607,0.01983405484961998,5.0
1709225880000.0,611578,1709225880000.0,0.0,-0.01048264,1755.4468723694413,1756.1627149040153,28.0,1.8719,46.9,1.8599368329515156,long_ientry_partial,87.23103746542608,0.04969164196218861,1.0
1709225940000.0,611579,1709225940000.0,0.25214540595635865,-0.005853432,1755.6931643433975,1756.261671472015,-15.6,1.8761,31.3,1.8599368329515156,long_nclose,58.216022871382435,0.03315842657116817,1.0
1709226000000.0,611580,1709226000000.0,0.0,-0.005813120000000001,1755.6873512233974,1756.389728352015,15.5,1.8752,46.8,1.8649919416962062,long_ientry_partial,87.28162287138244,0.04971364793997228,1.0
1709226120000.0,611582,1709226120000.0,0.25284570953918317,-0.005869343999999999,1755.9343275889364,1756.4712190080147,-15.6,1.8812,31.2,1.8649919416962062,long_nclose,58.187748580921635,0.03313777039760872,2.0
1709226300000.0,611585,1709226300000.0,0.0,-0.005850936,1755.9284766529365,1756.109688072015,15.6,1.8753,46.8,1.8684279611308043,long_ientry_partial,87.44242858092164,0.04979839995966125,3.0
1709226360000.0,611586,1709226360000.0,0.060512854769588446,-0.004384224,1755.984605283706,1756.1310438480148,-11.7,1.8736,35.1,1.8684279611308043,long_nclose,65.58182143569124,0.03734760614549664,1.0
1709226420000.0,611587,1709226420000.0,0.0,-0.004419336000000001,1755.980185947706,1755.798324512015,11.8,1.8726,46.9,1.869477642552052,long_ientry_partial,87.67850143569125,0.04993137288070878,1.0
1709226420000.0,611587,1709226420000.0,0.035864509797146435,-0.003260064,1756.0127903935033,1755.864664448015,-8.7,1.8736,38.2,1.869477642552052,long_nclose,71.4140459454884,0.04066829486446126,0.0
1709226540000.0,611589,1709226540000.0,0.048662395755505794,-0.0035617400000000003,1756.0578910492588,1756.219252708015,-9.5,1.8746,28.7,1.869477642552052,long_nclose,53.654008341243895,0.03055366717391372,2.0
1709226600000.0,611590,1709226600000.0,0.0,-0.006787862,1756.0511031872588,1755.959744846015,18.1,1.8751,46.8,1.8716521013086305,long_ientry_partial,87.5933183412439,0.049880848104170046,1.0
1709226840000.0,611594,1709226840000.0,0.06023041468902381,-0.004391712,1756.1069418899478,1756.2911431340149,-11.7,1.8768,35.1,1.8716521013086305,long_nclose,65.69498875593293,0.037409446537026395,4.0
1709227260000.0,611601,1709227260000.0,0.0,-0.004387734,1756.102554155948,1756.101895400015,11.7,1.8751,46.8,1.872514075981473,long_ientry_partial,87.63365875593293,0.049902358235594683,7.0
1709227980000.0,611613,1709227980000.0,0.06067531101676615,-0.004393818,1756.1588356489647,1756.4742415820149,-11.7,1.8777,35.1,1.872514075981473,long_nclose,65.7252440669497,0.03742556922117003,12.0
1709228340000.0,611619,1709228340000.0,0.19054531101676742,-0.004419792,1756.3449611679816,1756.690951790015,-11.7,1.8888,23.4,1.872514075981473,long_nclose,43.816829377966464,0.024947735408895964,6.0
1709228460000.0,611621,1709228460000.0,0.0,-0.008775,1756.3361861679816,1756.389676790015,23.4,1.875,46.8,1.8737570379907365,long_ientry_partial,87.69182937796646,0.04992884054236489,2.0
1709228700000.0,611625,1709228700000.0,0.06017265550838368,-0.004396626,1756.39196219749,1756.7234101640151,-11.7,1.8789,35.1,1.8737570379907365,long_nclose,65.76887203347485,0.037445441250590135,4.0
1709228760000.0,611626,1709228760000.0,0.19121265550838223,-0.004422834,1756.5787520189986,1757.0734973300152,-11.7,1.8901,23.4,1.8737570379907365,long_nclose,43.84591468898323,0.02496097293593416,1.0
1709228940000.0,611629,1709228940000.0,0.1274751036722548,-0.0029485559999999997,1756.7032785666706,1756.9863087740152,-7.8,1.8901,15.6,1.8737570379907365,long_nclose,29.23060979265549,0.016639469026610645,3.0
1709229180000.0,611633,1709229180000.0,0.08498340244816989,-0.001965704,1756.7862962651188,1756.9541830700152,-5.2,1.8901,10.4,1.8737570379907365,long_nclose,19.487073195103658,0.011092455147522872,4.0
1709229240000.0,611634,1709229240000.0,0.055566070831495694,-0.001285268,1756.8405770679503,1756.9969778020152,-3.4,1.8901,7.0,1.8737570379907365,long_nclose,13.116299265935154,0.007465844902003221,1.0
1709229300000.0,611635,1709229300000.0,0.09605036703242242,-0.0013308400000000002,1756.9352965949827,1757.0600469620151,-3.5,1.9012,3.5,1.8737570379907365,long_nclose,6.558149632967577,0.0037327212024697537,1.0
1709229360000.0,611636,1709229360000.0,0.13525036703242277,-0.00133868,1757.069208282015,1757.069208282015,-3.5,1.9124,0.0,1.8737570379907365,long_nclose,0.0,0.0,1.0
1709240820000.0,611827,1709240820000.0,0.0,-0.017564256,1757.051644026015,1757.042364026015,46.4,1.8927,46.4,1.8927,long_ientry_normal,87.82128,0.049982184814312554,191.0
1709245140000.0,611899,1709245140000.0,0.0,-0.024096994000000004,1757.027547032015,1754.185377032015,65.9,1.8283,112.3,1.8549087266251114,long_rentry,208.30625,0.1185560524374661,72.0
1709246220000.0,611917,1709246220000.0,0.0,-0.05701806,1756.970528972015,1748.872878972015,159.5,1.7874,271.8,1.8152926784400294,long_rentry,493.39655,0.28082232562471104,18.0
1709247660000.0,611941,1709247660000.0,0.3399971339220061,-0.024719674000000004,1757.285806431937,1758.184459298015,-67.9,1.8203,203.9,1.8152926784400294,long_nclose,370.138177133922,0.21063060759903665,24.0
1709247720000.0,611942,1709247720000.0,0.2548726674025053,-0.018530654,1757.5221484453396,1758.6248686440151,-50.9,1.8203,153.0,1.8152926784400294,long_nclose,277.7397798013245,0.15802917763910188,1.0
1709247900000.0,611945,1709247900000.0,0.8061733995584983,-0.01867722,1758.309644624898,1759.952591424015,-51.0,1.8311,102.0,1.8152926784400294,long_nclose,185.159853200883,0.10530560061870294,3.0
1709248020000.0,611947,1709248020000.0,0.5374489330389989,-0.01245148,1758.8346420779371,1760.1135399440152,-34.0,1.8311,68.0,1.8152926784400294,long_nclose,123.439902133922,0.07018277851753398,2.0
1709248200000.0,611950,1709248200000.0,0.35724546725533457,-0.008276572000000001,1759.1836109731923,1760.114643372015,-22.6,1.8311,45.4,1.8152926784400294,long_nclose,82.41428760117734,0.046848030579130506,3.0
1709248380000.0,611953,1709248380000.0,0.6039861994113348,-0.008362226,1759.7792349466038,1760.385491146015,-22.7,1.8419,22.7,1.8152926784400294,long_nclose,41.20714380058867,0.02341608707630818,3.0
1709248620000.0,611957,1709248620000.0,0.8491461994113331,-0.008411258,1760.619969888015,1760.619969888015,-22.7,1.8527,0.0,1.8152926784400294,long_nclose,0.0,0.0,4.0
1709248680000.0,611958,1709248680000.0,0.0,-0.017624376,1760.602345512015,1760.597585512015,47.6,1.8513,47.6,1.8513,long_ientry_normal,88.12188,0.050052120073924226,1.0
1709248860000.0,611961,1709248860000.0,0.06069000000000124,-0.004418232,1760.658617280015,1760.808557280015,-11.9,1.8564,35.7,1.8513,long_nclose,66.09141,0.03753789028227544,3.0
1709248920000.0,611962,1709248920000.0,0.0,-0.004341869999999999,1760.654275410015,1760.875315410015,11.7,1.8555,47.4,1.8523367088607596,long_ientry_partial,87.80076,0.049868257060037106,1.0
1709248920000.0,611962,1709248920000.0,0.03616329113923975,-0.003304392,1760.6871343091543,1760.866671018015,-8.9,1.8564,38.5,1.8523367088607596,long_nclose,71.31496329113925,0.04050405202689307,0.0
1709248980000.0,611963,1709248980000.0,0.04860759493670699,-0.003566208,1760.7321756960912,1760.9391948100151,-9.6,1.8574,28.9,1.8523367088607596,long_nclose,53.53253088607595,0.03040356257754664,1.0
1709249040000.0,611964,1709249040000.0,0.0,-0.0068429599999999995,1760.725332736091,1760.8566718500151,18.4,1.8595,47.3,1.8551232745470605,long_ientry_partial,87.74733088607596,0.04983589958901789,1.0
1709249100000.0,611965,1709249100000.0,0.059905360344687034,-0.004390072000000001,1760.7808480244357,1760.914921778015,-11.8,1.8602,35.5,1.8551232745470605,long_nclose,65.85687624642065,0.03740208573958018,1.0
1709249160000.0,611966,1709249160000.0,0.0,-0.0044241820000000005,1760.7764238424356,1760.697197596015,11.9,1.8589,47.4,1.8560714397979041,long_ientry_partial,87.97778624642065,0.049965336345447,1.0
1709252760000.0,612026,1709252760000.0,0.060517010384730965,-0.004392432000000001,1760.8325484208203,1760.9118851640148,-11.8,1.8612,35.6,1.8560714397979041,long_nclose,66.0761432568054,0.03752551218800727,60.0
1709252820000.0,612027,1709252820000.0,0.0,-0.004385588000000001,1760.8281628328202,1760.774779576015,11.8,1.8583,47.4,1.8566262290465272,long_ientry_partial,88.00408325680539,0.04997880265341987,1.0
1709253000000.0,612030,1709253000000.0,0.05987049725097813,-0.004393612000000001,1760.8836397180712,1761.6659059640149,-11.8,1.8617,35.6,1.8566262290465272,long_nclose,66.09589375405638,0.03753563964319571,3.0
1709253000000.0,612030,1709253000000.0,0.19085049725097944,-0.004419808000000001,1761.0700704073222,1761.593046156015,-11.8,1.8728,23.8,1.8566262290465272,long_nclose,44.18770425130735,0.025091394711561403,0.0
1709253060000.0,612031,1709253060000.0,0.3233678743463255,-0.0044834440000000005,1761.3889548376685,1761.8694027120148,-11.9,1.8838,11.9,1.8566262290465272,long_nclose,22.093852125653676,0.012543426064398065,1.0
1709253060000.0,612031,1709253060000.0,0.45545787434632684,-0.004509862000000001,1761.8399028500148,1761.8399028500148,-11.9,1.8949,0.0,1.8566262290465272,long_nclose,0.0,0.0,0.0
1709256720000.0,612092,1709256720000.0,0.0,-0.017625762,1761.8222770880147,1761.8835070880148,47.1,1.8711,47.1,1.8711,long_ientry_normal,88.12881,0.050021396111338524,61.0
1709257200000.0,612100,1709257200000.0,0.059670000000001215,-0.004390308000000001,1761.8775567800149,1762.125356780015,-11.7,1.8762,35.4,1.8711,long_nclose,66.23693999999999,0.037594519406362034,8.0
1709257500000.0,612105,1709257500000.0,0.044880000000000926,-0.0033021120000000007,1761.9191346680147,1762.1585346680147,-8.8,1.8762,26.6,1.8711,long_nclose,49.771260000000005,0.028248322536878534,5.0
1709258220000.0,612117,1709258220000.0,0.14343999999999985,-0.003321824,1762.0592528440147,1762.3885528440148,-8.8,1.8874,17.8,1.8711,long_nclose,33.30558,0.018901509666172593,12.0
1709258940000.0,612129,1709258940000.0,0.0961699999999999,-0.002227132,1762.1531957120148,1762.3697757120149,-5.9,1.8874,11.9,1.8711,long_nclose,22.266090000000002,0.01263572886522115,12.0
1709259180000.0,612133,1709259180000.0,0.06356999999999992,-0.001472172,1762.215293540015,1762.364093540015,-3.9,1.8874,8.0,1.8711,long_nclose,14.9688,0.00849430830323236,4.0
1709259300000.0,612135,1709259300000.0,0.10960000000000036,-0.0015188,1762.323374740015,1762.434574740015,-4.0,1.8985,4.0,1.8711,long_nclose,7.4844,0.004246893678695109,2.0
1709259420000.0,612137,1709259420000.0,0.021189999999999976,-0.000490724,1762.344074016015,1762.371884016015,-1.3,1.8874,2.7,1.8711,long_nclose,5.05197,0.0028666195633907134,2.0
1709259660000.0,612141,1709259660000.0,0.014669999999999983,-0.00033973200000000003,1762.358404284015,1762.389184284015,-0.9,1.8874,1.8,1.8711,long_nclose,3.36798,0.0019110641693613356,4.0
1709260320000.0,612152,1709260320000.0,0.009779999999999988,-0.00022648799999999998,1762.3679577960152,1762.382117796015,-0.6,1.8874,1.2,1.8711,long_nclose,2.24532,0.001274035873194129,11.0
1709260920000.0,612162,1709260920000.0,0.006519999999999993,-0.00015099200000000002,1762.374326804015,1762.386646804015,-0.4,1.8874,0.8,1.8711,long_nclose,1.49688,0.0008493541793215538,10.0
1709260980000.0,612163,1709260980000.0,0.0032599999999999964,-7.549600000000001e-05,1762.377511308015,1762.3885513080152,-0.2,1.8874,0.6,1.8711,long_nclose,1.12266,0.0006370144834444553,1.0
1709261160000.0,612166,1709261160000.0,0.0032599999999999964,-7.549600000000001e-05,1762.3806958120151,1762.3872558120152,-0.2,1.8874,0.4,1.8711,long_nclose,0.74844,0.0004246755549346034,3.0
1709261400000.0,612170,1709261400000.0,0.0016299999999999982,-3.7748000000000005e-05,1762.382288064015,1762.384868064015,-0.1,1.8874,0.3,1.8711,long_nclose,0.56133,0.00031850637844109495,4.0
1709261520000.0,612172,1709261520000.0,0.0,-0.017501292,1762.3647867720151,1762.3655967720151,46.7,1.8738,47.0,1.8737827659574469,long_ientry_partial,88.06779,0.049971374065698876,2.0
1709261700000.0,612175,1709261700000.0,0.05987163829787189,-0.004396626,1762.420261784313,1762.5691301460151,-11.7,1.8789,35.3,1.8737827659574469,long_nclose,66.14453163829786,0.03753051021515815,3.0
1709261760000.0,612176,1709261760000.0,0.04503165957446776,-0.0033068640000000005,1762.4619865798875,1762.5896432820152,-8.8,1.8789,26.5,1.8737827659574469,long_nclose,49.65524329787234,0.028173795336278368,1.0
1709261880000.0,612178,1709261880000.0,0.0,-0.0076825800000000005,1762.4543039998875,1762.4406607020153,20.5,1.8738,47.0,1.873790282933454,long_ientry_partial,88.06814329787234,0.049969036415867245,2.0
1709262180000.0,612183,1709262180000.0,0.0597836896785876,-0.004396626,1762.5096910635662,1762.7994940760152,-11.7,1.8789,35.3,1.873790282933454,long_nclose,66.14479698755092,0.03752875647885749,5.0
1709262660000.0,612191,1709262660000.0,0.0,-0.00438516,1762.505305903566,1762.5033089160152,11.7,1.874,47.0,1.8738424890968282,long_ientry_partial,88.07059698755093,0.049968982613871143,8.0
1709262840000.0,612194,1709262840000.0,0.060342877567110605,-0.00439686,1762.5612519211331,1762.746842056015,-11.7,1.879,35.3,1.8738424890968282,long_nclose,66.14663986511803,0.03752870420419171,3.0
1709263440000.0,612204,1709263440000.0,0.04538609594791226,-0.0033070400000000002,1762.603330977081,1762.702905016015,-8.8,1.879,26.5,1.8738424890968282,long_nclose,49.65682596106595,0.028172433972162753,10.0
1709263500000.0,612205,1709263500000.0,0.0,-0.0076846300000000005,1762.595646347081,1762.603070386015,20.5,1.8743,47.0,1.8740420417248074,long_ientry_partial,88.07997596106594,0.04997174260790254,1.0
1709263560000.0,612206,1709263560000.0,0.06034811181975352,-0.004397328,1762.6515971309007,1762.868973058015,-11.7,1.8792,35.3,1.8740420417248074,long_nclose,66.1536840728857,0.037530777029655335,1.0
1709263860000.0,612211,1709263860000.0,0.19138811181975468,-0.0044235360000000005,1762.8385617067204,1763.203369522015,-11.7,1.8904,23.6,1.8740420417248074,long_nclose,44.22739218470546,0.025088736510214527,5.0
1709263920000.0,612212,1709263920000.0,0.12759207454650312,-0.002949024,1762.963204757267,1763.213760498015,-7.8,1.8904,15.8,1.8740420417248074,long_nclose,29.609864259251957,0.01679550893595013,1.0
1709263980000.0,612213,1709263980000.0,0.08506138303100208,-0.001966016,1763.0463001242979,1763.2483144820148,-5.2,1.8904,10.6,1.8740420417248074,long_nclose,19.86484564228296,0.011267342009612822,1.0
1709264520000.0,612222,1709264520000.0,0.05725285396317448,-0.0013232800000000002,1763.102229698261,1763.215531202015,-3.5,1.8904,7.1,1.8740420417248074,long_nclose,13.305698496246132,0.0075467538252295685,9.0
1709264700000.0,612225,1709264700000.0,0.03762330403294323,-0.0008695840000000001,1763.138983418294,1763.2242216180148,-2.3,1.8904,4.8,1.8740420417248074,long_nclose,8.995401800279074,0.005101924400105542,3.0
1709264820000.0,612227,1709264820000.0,0.026172733240308332,-0.000604928,1763.1645512235343,1763.219136690015,-1.6,1.8904,3.2,1.8740420417248074,long_nclose,5.996934533519384,0.0034012336110987814,2.0
1709265000000.0,612230,1709265000000.0,0.016357958275192708,-0.00037808000000000004,1763.1805311018095,1763.2180586100149,-1.0,1.8904,2.2,1.8740420417248074,long_nclose,4.122892491794577,0.002338326914951917,3.0
1709265240000.0,612234,1709265240000.0,0.011450570792634895,-0.000264656,1763.1917170166023,1763.2138539540151,-0.7,1.8904,1.5,1.8740420417248074,long_nclose,2.811063062587211,0.0015943036911174088,4.0
1709265660000.0,612241,1709265660000.0,0.0,-0.01707069,1763.1746463266022,1763.158633264015,45.5,1.8759,47.0,1.8758407034593023,long_ientry_partial,88.1645130625872,0.05000327860105585,7.0
1709265840000.0,612244,1709265840000.0,0.06036376952616295,-0.00440154,1763.2306085561286,1763.419791724015,-11.7,1.881,35.3,1.8758407034593023,long_nclose,66.21717683211337,0.037554461969292366,3.0
1709265960000.0,612246,1709265960000.0,0.04540180955813967,-0.0033105600000000006,1763.2726998056867,1763.504821164015,-8.8,1.881,26.5,1.8758407034593023,long_nclose,49.70977864167151,0.02819177013694453,2.0
1709266440000.0,612254,1709266440000.0,0.14396180955814053,-0.003330272000000001,1763.4133313432446,1763.745370892015,-8.8,1.8922,17.7,1.8758407034593023,long_nclose,33.20238045122965,0.018828473087440258,8.0
1709266740000.0,612259,1709266740000.0,0.24164180955813958,-0.003349808,1763.6516233448028,1763.904911084015,-8.8,1.9033,8.9,1.8758407034593023,long_nclose,16.694982260787793,0.009466145150097955,5.0
1709266920000.0,612262,1709266920000.0,0.12082090477906979,-0.001674904,1763.7707693455818,1763.901086180015,-4.4,1.9033,4.5,1.8758407034593023,long_nclose,8.44128316556686,0.004785929845463342,3.0
1709267340000.0,612269,1709267340000.0,0.060410452389534894,-0.000837452,1763.8303423459713,1763.8928087280149,-2.2,1.9033,2.3,1.8758407034593023,long_nclose,4.314433617956395,0.0024460593030835435,7.0
1709267400000.0,612270,1709267400000.0,0.030205226194767447,-0.000418726,1763.8601288461662,1763.891520002015,-1.1,1.9033,1.2,1.8758407034593023,long_nclose,2.251008844151163,0.001276183302370844,1.0
1709267520000.0,612272,1709267520000.0,0.016475577924418606,-0.000228396,1763.8763760280906,1763.893151606015,-0.6,1.9033,0.6,1.8758407034593023,long_nclose,1.1255044220755814,0.0006380857736810333,2.0
1709268720000.0,612292,1709268720000.0,0.023195577924418665,-0.00022974000000000003,1763.8993418660152,1763.8993418660152,-0.6,1.9145,0.0,1.8758407034593023,long_nclose,0.0,0.0,20.0
1709274900000.0,612395,1709274900000.0,0.0,-0.017649798,1763.8816920680151,1763.778952068015,46.7,1.8897,46.7,1.8897,long_ientry_normal,88.24899,0.05003112759594147,103.0
1709275500000.0,612405,1709275500000.0,0.06032000000000108,-0.004396168000000001,1763.937615900015,1764.179805900015,-11.6,1.8949,35.1,1.8897,long_nclose,66.32847,0.037602503287032164,10.0
1709275620000.0,612407,1709275620000.0,0.04524000000000081,-0.003297126,1763.979558774015,1764.019158774015,-8.7,1.8949,26.4,1.8897,long_nclose,49.888079999999995,0.028281552216326562,2.0
1709275680000.0,612408,1709275680000.0,0.0,-0.007672182,1763.971886592015,1763.981226592015,20.3,1.8897,46.7,1.8897,long_ientry_partial,88.24899,0.05002856942946898,1.0
1709284680000.0,612558,1709284680000.0,0.06032000000000108,-0.004396168000000001,1764.027810424015,1764.206820424015,-11.6,1.8949,35.1,1.8897,long_nclose,66.32847,0.03760058067568492,150.0
1709284740000.0,612559,1709284740000.0,0.04524000000000081,-0.003297126,1764.0697532980148,1764.2413532980147,-8.7,1.8949,26.4,1.8897,long_nclose,49.888079999999995,0.028280106218437105,1.0
1709284860000.0,612561,1709284860000.0,0.034320000000000614,-0.002501268,1764.1015720300147,1764.2065120300147,-6.6,1.8949,19.8,1.8897,long_nclose,37.41606,0.021209697102046118,2.0
1709285700000.0,612575,1709285700000.0,0.02548000000000046,-0.0018570020000000004,1764.1251950280148,1764.2682350280147,-4.9,1.8949,14.9,1.8897,long_nclose,28.15653,0.015960618939832593,14.0
1709285940000.0,612579,1709285940000.0,0.019240000000000347,-0.0014022260000000001,1764.143032802015,1764.193432802015,-3.7,1.8949,11.2,1.8897,long_nclose,21.16464,0.011997122459160176,4.0
1709286000000.0,612580,1709286000000.0,0.01456000000000026,-0.001061144,1764.156531658015,1764.2010516580149,-2.8,1.8949,8.4,1.8897,long_nclose,15.87348,0.00899777299528039,1.0
1709286120000.0,612582,1709286120000.0,0.010920000000000197,-0.0007958580000000001,1764.166655800015,1764.209495800015,-2.1,1.8949,6.3,1.8897,long_nclose,11.905109999999999,0.006748291019365892,2.0
1709286960000.0,612596,1709286960000.0,0.034439999999999936,-0.0008005620000000001,1764.2002952380149,1764.271695238015,-2.1,1.9061,4.2,1.8897,long_nclose,7.93674,0.0044987748961515875,14.0
1709287260000.0,612601,1709287260000.0,0.058170000000000124,-0.000805308,1764.2576599300148,1764.3185599300148,-2.1,1.9174,2.1,1.8897,long_nclose,3.96837,0.0022493143094288273,5.0
1709287500000.0,612605,1709287500000.0,0.0819000000000003,-0.000810054,1764.3387498760146,1764.3387498760146,-2.1,1.9287,0.0,1.8897,long_nclose,0.0,0.0,4.0
1709292720000.0,612692,1709292720000.0,0.0,-0.017629712000000002,1764.3211201640147,1764.3024801640147,46.6,1.8916,46.6,1.8916,long_ientry_normal,88.14856,0.04996174392097372,87.0
1709292780000.0,612693,1709292780000.0,0.06032000000000108,-0.004400576000000001,1764.3770395880147,1764.6045395880146,-11.6,1.8968,35.0,1.8916,long_nclose,66.206,0.03752372566322855,1.0
1709292900000.0,612695,1709292900000.0,0.04524000000000081,-0.0033004320000000003,1764.4189791560145,1764.5373291560145,-8.7,1.8968,26.3,1.8916,long_nclose,49.74908,0.028195729352104786,2.0
1709292960000.0,612696,1709292960000.0,0.03380000000000061,-0.00246584,1764.4503133160144,1764.5532733160144,-6.5,1.8968,19.8,1.8916,long_nclose,37.45368,0.02122682612105497,1.0
1709293020000.0,612697,1709293020000.0,0.0,-0.010138976,1764.4401743400144,1764.5287143400144,26.8,1.8916,46.6,1.8916,long_ientry_partial,88.14856,0.04995837279264615,1.0
1709293140000.0,612699,1709293140000.0,0.06032000000000108,-0.004400576000000001,1764.4960937640144,1764.6675937640143,-11.6,1.8968,35.0,1.8916,long_nclose,66.206,0.037521193860378395,2.0
1709293200000.0,612700,1709293200000.0,0.04524000000000081,-0.0033004320000000003,1764.5380333320143,1764.7326533320143,-8.7,1.8968,26.3,1.8916,long_nclose,49.74908,0.028193826973543758,1.0
1709293620000.0,612707,1709293620000.0,0.0,-0.007680302000000001,1764.5303530300143,1764.5096830300142,20.3,1.8917,46.6,1.8916435622317596,long_ientry_partial,88.15059,0.049956970050772806,7.0
1709293980000.0,612713,1709293980000.0,0.05981467811158962,-0.004400576000000001,1764.5857671321257,1764.7907424540142,-11.6,1.8968,35.0,1.8916435622317596,long_nclose,66.20752467811158,0.037520151137631956,6.0
1709294160000.0,612716,1709294160000.0,0.04486100858369221,-0.0033004320000000003,1764.6273277087093,1764.741902022014,-8.7,1.8968,26.3,1.8916435622317596,long_nclose,49.75022568669528,0.028193049549614393,3.0
1709294220000.0,612717,1709294220000.0,0.03351684549356315,-0.00246584,1764.6583787142029,1764.782256182014,-6.5,1.8968,19.8,1.8916435622317596,long_nclose,37.45454253218884,0.021224812113197593,1.0
1709294460000.0,612721,1709294460000.0,0.02526654506437838,-0.0018588640000000002,1764.6817863952672,1764.739247318014,-4.9,1.8968,14.9,1.8916435622317596,long_nclose,28.18548907725322,0.01597199523140543,4.0
1709294580000.0,612723,1709294580000.0,0.019078819742489796,-0.0014036320000000001,1764.6994615830097,1764.733693686014,-3.7,1.8968,11.2,1.8916435622317596,long_nclose,21.186407896995707,0.01200567482351392,2.0
1709294640000.0,612724,1709294640000.0,0.014438025751073356,-0.001062208,1764.712837400761,1764.7653914780142,-2.8,1.8968,8.4,1.8916435622317596,long_nclose,15.889805922746781,0.009004187868974093,1.0
1709295120000.0,612732,1709295120000.0,0.046078025751072976,-0.001068536,1764.757846890512,1764.8740829420142,-2.8,1.9081,5.6,1.8916435622317596,long_nclose,10.593203948497854,0.0060026388136836945,8.0
1709295240000.0,612734,1709295240000.0,0.07771802575107323,-0.001074864,1764.834490052263,1764.918648078014,-2.8,1.9194,2.8,1.8916435622317596,long_nclose,5.296601974248927,0.003001189065662512,2.0
1709295420000.0,612737,1709295420000.0,0.1090780257510735,-0.0010811360000000001,1764.942486942014,1764.942486942014,-2.8,1.9306,0.0,1.8916435622317596,long_nclose,0.0,0.0,3.0
1709308500000.0,612955,1709308500000.0,0.0,-0.017661696,1764.924825246014,1765.050105246014,46.4,1.9032,46.4,1.9032,long_ientry_normal,88.30848,0.050035264242878234,218.0
1709308560000.0,612956,1709308560000.0,0.06032000000000108,-0.004427488,1764.9807177580142,1765.259117758014,-11.6,1.9084,34.8,1.9032,long_nclose,66.23136,0.03752525981367723,1.0
1709308860000.0,612961,1709308860000.0,0.1925599999999994,-0.0044539359999999995,1765.1688238220142,1765.4820238220143,-11.6,1.9198,23.2,1.9032,long_nclose,44.15424,0.02501417394422108,5.0
1709308980000.0,612963,1709308980000.0,0.03016000000000054,-0.002213744,1765.1967700780142,1765.3063900780141,-5.8,1.9084,17.4,1.9032,long_nclose,33.11568,0.018760333443470115,2.0
1709309220000.0,612967,1709309220000.0,0.0223600000000004,-0.0016412240000000002,1765.2174888540142,1765.2463088540142,-4.3,1.9084,13.1,1.9032,long_nclose,24.931919999999998,0.014123993308148048,4.0
1709309460000.0,612971,1709309460000.0,0.0166400000000003,-0.0012213760000000001,1765.232907478014,1765.2784474780142,-3.2,1.9084,9.9,1.9032,long_nclose,18.84168,0.010673764306217859,4.0
1709309520000.0,612972,1709309520000.0,0.012480000000000224,-0.0009160320000000001,1765.2444714460141,1765.297721446014,-2.4,1.9084,7.5,1.9032,long_nclose,14.274000000000001,0.008086132108550007,1.0
1709309880000.0,612978,1709309880000.0,0.0,-0.014807674000000002,1765.2296637720142,1765.0262537720141,38.9,1.9033,46.4,1.9032838362068965,long_ientry_partial,88.31236999999999,0.050028827303576204,6.0
1709312940000.0,613029,1709312940000.0,0.06050750000000216,-0.0044277200000000004,1765.2857435520143,1765.4429060520142,-11.6,1.9085,34.8,1.9032838362068965,long_nclose,66.23427749999999,0.037520428486963756,51.0
1709313060000.0,613031,1709313060000.0,0.04538062500000161,-0.0033207900000000005,1765.3278033870142,1765.4952652620143,-8.7,1.9085,26.1,1.9032838362068965,long_nclose,49.675708125,0.028139650907718444,2.0
1709313240000.0,613034,1709313240000.0,0.03390506465517362,-0.0024810500000000003,1765.3592274016694,1765.4908642120142,-6.5,1.9085,19.6,1.9032838362068965,long_nclose,37.30436318965517,0.021131315717856085,3.0
1709313720000.0,613042,1709313720000.0,0.10735506465517275,-0.00249574,1765.4640867263245,1765.696168472014,-6.5,1.9198,13.1,1.9032838362068965,long_nclose,24.933018254310344,0.014122642562808114,8.0
1709314020000.0,613047,1709314020000.0,0.18145506465517325,-0.0025105600000000002,1765.6430312309797,1765.811437912014,-6.5,1.9312,6.6,1.9032838362068965,long_nclose,12.561673318965516,0.00711450338305796,5.0
1709314620000.0,613057,1709314620000.0,0.0921233405172418,-0.001274592,1765.7338799794968,1765.816433320014,-3.3,1.9312,3.3,1.9032838362068965,long_nclose,6.280836659482758,0.0035570686674232526,10.0
1709315100000.0,613065,1709315100000.0,0.04466586206896572,-0.000617984,1765.7779278575658,1765.825725336014,-1.6,1.9312,1.7,1.9032838362068965,long_nclose,3.235582521551724,0.0018323836030035132,8.0
1709315400000.0,613070,1709315400000.0,0.02233293103448286,-0.000308992,1765.7999517966002,1765.824626344014,-0.8,1.9312,0.9,1.9032838362068965,long_nclose,1.7129554525862067,0.0009700733374940761,5.0
1709315820000.0,613077,1709315820000.0,0.01116646551724143,-0.000154496,1765.8109637661173,1765.8257718480138,-0.4,1.9312,0.5,1.9032838362068965,long_nclose,0.9516419181034482,0.0005389262710623274,7.0
1709316300000.0,613085,1709316300000.0,0.0016516163793103501,-3.8396e-05,1765.8125769864967,1765.820183452014,-0.1,1.9198,0.4,1.9032838362068965,long_nclose,0.7613135344827586,0.00043114062296577494,8.0
1709317020000.0,613097,1709317020000.0,0.0016516163793103501,-3.8396e-05,1765.814190206876,1765.819415056014,-0.1,1.9198,0.3,1.9032838362068965,long_nclose,0.5709851508620689,0.00032335517181180566,12.0
1709317260000.0,613101,1709317260000.0,0.0027916163793103577,-3.8624e-05,1765.8169431992553,1765.8231264320139,-0.1,1.9312,0.2,1.9032838362068965,long_nclose,0.3806567672413793,0.00021556977845716926,4.0
1709317320000.0,613102,1709317320000.0,0.00784323275862069,-7.77e-05,1765.824708732014,1765.824708732014,-0.2,1.9425,0.0,1.9032838362068965,long_nclose,0.0,0.0,1.0
1709341920000.0,613512,1709341920000.0,0.0,-0.017666048,1765.807042684014,1765.766182684014,45.4,1.9456,45.4,1.9456,long_ientry_normal,88.33024,0.05002258902860568,410.0
1709342220000.0,613517,1709342220000.0,0.059890000000000936,-0.004409034000000001,1765.862523650014,1766.015973650014,-11.3,1.9509,34.1,1.9456,long_nclose,66.34496,0.03757085226706429,5.0
1709342280000.0,613518,1709342280000.0,0.0,-0.004396830000000001,1765.8581268200141,1765.922816820014,11.3,1.9455,45.4,1.9455751101321588,long_ientry_partial,88.32911,0.0500205020202073,1.0
1709344680000.0,613558,1709344680000.0,0.06017125550660667,-0.004409034000000001,1765.9138890415209,1765.9658877860143,-11.3,1.9509,34.1,1.9455751101321588,long_nclose,66.34411125550662,0.03756927881206936,40.0
1709344740000.0,613559,1709344740000.0,0.0,-0.0043959260000000005,1765.909493115521,1765.7934118600144,11.3,1.9451,45.4,1.9454568558481635,long_ientry_partial,88.32374125550662,0.050016006822456514,1.0
1709345340000.0,613569,1709345340000.0,0.06037752891575319,-0.004408808000000001,1765.9654618364366,1766.0828730520143,-11.3,1.9508,34.1,1.9454568558481635,long_nclose,66.34007878442237,0.037565898211528434,10.0
1709345400000.0,613570,1709345400000.0,0.0,-0.004395700000000001,1765.9610661364366,1765.8819273520141,11.3,1.945,45.4,1.9453431450313299,long_ientry_partial,88.31857878442237,0.050011622836988956,1.0
1709345940000.0,613579,1709345940000.0,0.06053246114597351,-0.004408582000000001,1766.0171900155826,1766.2066787700144,-11.3,1.9507,34.1,1.9453431450313299,long_nclose,66.33620124556835,0.03756260223321101,9.0
1709346120000.0,613582,1709346120000.0,0.045533267233696884,-0.0033161900000000005,1766.0594070928162,1766.1632625800141,-8.5,1.9507,25.6,1.9453431450313299,long_nclose,49.800784512802046,0.02819881613992883,3.0
1709346180000.0,613583,1709346180000.0,0.0,-0.007702200000000001,1766.0517048928161,1766.006600380014,19.8,1.945,45.4,1.9451934914714109,long_ientry_partial,88.31178451280205,0.05000520894611169,1.0
1709351700000.0,613675,1709351700000.0,0.05996354637305626,-0.00440813,1766.107260309189,1766.271162250014,-11.3,1.9505,34.1,1.9451934914714109,long_nclose,66.33109805917512,0.03755779705450203,92.0
1709351760000.0,613676,1709351760000.0,0.045105322493006916,-0.00331585,1766.1490497816822,1766.300256400014,-8.5,1.9505,25.6,1.9451934914714109,long_nclose,49.79695338166812,0.028195215680026347,1.0
1709351880000.0,613678,1709351880000.0,0.033961654582969916,-0.00249664,1766.1805147962652,1766.3073597600142,-6.4,1.9505,19.2,1.9451934914714109,long_nclose,37.34771503625109,0.021146035030603465,2.0
1709352240000.0,613684,1709352240000.0,0.0,-0.010187083999999999,1766.1703277122651,1766.040372676014,26.2,1.9441,45.4,1.9445624457324029,long_ientry_partial,88.28313503625108,0.04998562916103621,6.0
1709359500000.0,613805,1709359500000.0,0.060314363223846985,-0.0044067740000000005,1766.226235301489,1766.384375902014,-11.3,1.9499,34.1,1.9445624457324029,long_nclose,66.30957939947494,0.03754308370816161,121.0
1709359740000.0,613809,1709359740000.0,0.0,-0.004428216,1766.221807085489,1766.127597686014,11.4,1.9422,45.5,1.9439705362521964,long_ientry_partial,88.45065939947493,0.050079021244466906,4.0
1709361420000.0,613837,1709361420000.0,0.06022294035018103,-0.004405418,1766.2776246078392,1766.456472268014,-11.3,1.9493,34.2,1.9439705362521964,long_nclose,66.48379233982513,0.037640624222132865,28.0
1709361480000.0,613838,1709361480000.0,0.045300441856330864,-0.0033138100000000004,1766.3196112396956,1766.551668458014,-8.5,1.9493,25.7,1.9439705362521964,long_nclose,49.960042781681445,0.02828482595322421,1.0
1709361660000.0,613841,1709361660000.0,0.03410856798594324,-0.002495104,1766.3512247036815,1766.405833354014,-6.4,1.9493,19.3,1.9439705362521964,long_nclose,37.518631349667395,0.0212407537215377,3.0
1709361720000.0,613842,1709361720000.0,0.0,-0.010177127999999999,1766.3410475756816,1766.2477262260143,26.2,1.9422,45.5,1.9429510186740084,long_ientry_partial,88.40427134966738,0.05004937832985482,1.0
1709363820000.0,613877,1709363820000.0,0.0604434889837038,-0.004403158,1766.3970879066653,1766.6518430680142,-11.3,1.9483,34.2,1.9429510186740084,long_nclose,66.4489248386511,0.03761833921352241,35.0
1709364300000.0,613885,1709364300000.0,0.19321838711630357,-0.0044685720000000005,1766.5858377217817,1766.9357944960143,-11.4,1.9599,22.8,1.9429510186740084,long_nclose,44.2992832257674,0.025076213269600578,8.0
1709364540000.0,613889,1709364540000.0,0.030489193558151474,-0.0022210619999999998,1766.6141058533399,1766.6918934340144,-5.7,1.9483,17.1,1.9429510186740084,long_nclose,33.22446241932555,0.018806859013093244,4.0
1709364600000.0,613890,1709364600000.0,0.022465721569164245,-0.001636572,1766.634935002909,1766.6845868620144,-4.2,1.9483,12.9,1.9429510186740084,long_nclose,25.064068140894708,0.014187463207192512,1.0
1709364660000.0,613891,1709364660000.0,0.017116740243172758,-0.001246912,1766.6508048311523,1766.7114199500145,-3.2,1.9483,9.7,1.9429510186740084,long_nclose,18.84662488113788,0.010667996657629885,1.0
1709364840000.0,613894,1709364840000.0,0.05423674024317293,-0.001254336,1766.7037872353953,1766.8230556140143,-3.2,1.9599,6.5,1.9429510186740084,long_nclose,12.629181621381054,0.0071484431700594665,3.0
1709365020000.0,613897,1709365020000.0,0.09103674024317315,-0.001261696,1766.7935622796385,1766.8999839180144,-3.2,1.9714,3.3,1.9429510186740084,long_nclose,6.411738361624227,0.003629025200517123,3.0
1709365620000.0,613907,1709365620000.0,0.04551837012158658,-0.000630848,1766.8384498017601,1766.8820530700143,-1.6,1.9714,1.7,1.9429510186740084,long_nclose,3.303016731745814,0.0018694503349281388,10.0
1709365680000.0,613908,1709365680000.0,0.02275918506079329,-0.000315424,1766.8608935628208,1766.8896476460143,-0.8,1.9714,0.9,1.9429510186740084,long_nclose,1.7486559168066076,0.00098969642894778,1.0
1709365800000.0,613910,1709365800000.0,0.036044083193392494,-0.00035694000000000004,1766.8965807060142,1766.8965807060142,-0.9,1.983,0.0,1.9429510186740084,long_nclose,0.0,0.0,2.0
1709367840000.0,613944,1709367840000.0,0.0,-0.017658784,1766.8789219220141,1767.287521922014,45.4,1.9448,45.4,1.9448,long_ientry_normal,88.29392,0.049971686743511386,34.0
1709368080000.0,613948,1709368080000.0,0.2551899999999987,-0.005924334,1767.1281875880143,1767.7008575880143,-15.1,1.9617,30.3,1.9448,long_nclose,58.927440000000004,0.033346443350230945,4.0
1709368140000.0,613949,1709368140000.0,0.4303499999999995,-0.005959366000000001,1767.5525782220143,1768.0055382220144,-15.1,1.9733,15.2,1.9448,long_nclose,29.56096,0.016724232344893213,1.0
1709368200000.0,613950,1709368200000.0,0.6095200000000004,-0.006034096000000001,1768.1560641260144,1768.1560641260144,-15.2,1.9849,0.0,1.9448,long_nclose,0.0,0.0,1.0
1709372280000.0,614018,1709372280000.0,0.0,-0.017665188,1768.1383989380145,1767.9617289380144,45.3,1.9498,45.3,1.9498,long_ientry_normal,88.32593999999999,0.04995420044779901,68.0
1709372400000.0,614020,1709372400000.0,0.06102000000000081,-0.004418752000000001,1768.1950001860146,1768.2562001860147,-11.3,1.9552,34.0,1.9498,long_nclose,66.2932,0.03749201869308868,2.0
1709372460000.0,614021,1709372460000.0,0.0,-0.004406322000000001,1768.1905938640145,1768.1464238640144,11.3,1.9497,45.3,1.9497750551876383,long_ientry_partial,88.32481000000001,0.049952086786631086,1.0
1709372640000.0,614024,1709372640000.0,0.0601718763796882,-0.004418526000000001,1768.246347214394,1768.4103953380143,-11.3,1.9551,34.0,1.9497750551876383,long_nclose,66.2923518763797,0.03749045034410127,3.0
1709372700000.0,614025,1709372700000.0,0.04526203090507519,-0.00332367,1768.2882855752991,1768.5158716680144,-8.5,1.9551,25.5,1.9497750551876383,long_nclose,49.71926390728478,0.028117170889422588,1.0
1709372880000.0,614028,1709372880000.0,0.14386203090507377,-0.0033433900000000003,1768.428804216204,1768.8049282780141,-8.5,1.9667,17.0,1.9497750551876383,long_nclose,33.14617593818985,0.018743291140228154,3.0
1709373240000.0,614034,1709373240000.0,0.022364768211919506,-0.0016422840000000001,1768.449526700416,1768.5189659940143,-4.2,1.9551,12.8,1.9497750551876383,long_nclose,24.95712070640177,0.01411243031231257,6.0
1709373660000.0,614041,1709373660000.0,0.01703982339955772,-0.0012512640000000002,1768.4653152598155,1768.5557947300142,-3.2,1.9551,9.6,1.9497750551876383,long_nclose,18.717840529801325,0.010584228239190193,7.0
1709374440000.0,614054,1709374440000.0,0.05415982339955719,-0.0012586880000000002,1768.518216395215,1768.6380560420141,-3.2,1.9667,6.4,1.9497750551876383,long_nclose,12.478560353200885,0.0070559410909750405,13.0
1709374680000.0,614058,1709374680000.0,0.035542384105959404,-0.000826014,1768.552932765321,1768.633450028014,-2.1,1.9667,4.3,1.9497750551876383,long_nclose,8.384032737306844,0.004740617361221705,4.0
1709374860000.0,614061,1709374860000.0,0.023694922737306265,-0.0005506759999999999,1768.5760770120582,1768.624579352014,-1.4,1.9667,2.9,1.9497750551876383,long_nclose,5.6543476600441505,0.0031971187067038444,3.0
1709374920000.0,614062,1709374920000.0,0.015232450331125458,-0.000354006,1768.5909554563893,1768.622605346014,-0.9,1.9667,2.0,1.9497750551876383,long_nclose,3.8995501103752765,0.002204890903882853,1.0
1709375400000.0,614070,1709375400000.0,0.010154966887416971,-0.00023600399999999997,1768.6008744192768,1768.6305893420142,-0.6,1.9667,1.4,1.9497750551876383,long_nclose,2.7296850772626935,0.0015434149766317346,8.0
1709376060000.0,614081,1709376060000.0,0.006769977924944649,-0.00015733600000000003,1768.6074870612017,1768.626612006014,-0.4,1.9667,1.0,1.9497750551876383,long_nclose,1.9497750551876383,0.0011024351471153574,11.0
1709376360000.0,614086,1709376360000.0,0.005077483443708486,-0.00011800199999999999,1768.6124465426456,1768.627234004014,-0.3,1.9667,0.7,1.9497750551876383,long_nclose,1.3648425386313467,0.0007717024389935713,5.0
1709376840000.0,614094,1709376840000.0,0.0033849889624723243,-7.866800000000001e-05,1768.6157528636081,1768.6239153360143,-0.2,1.9667,0.5,1.9497750551876383,long_nclose,0.9748875275938191,0.0005512149973872818,8.0
1709376900000.0,614095,1709376900000.0,0.0016924944812361621,-3.9334000000000007e-05,1768.6174060240894,1768.6247360020143,-0.1,1.9667,0.4,1.9497750551876383,long_nclose,0.7799100220750553,0.0004409715857248736,1.0
1709377020000.0,614097,1709377020000.0,0.005724988962472333,-7.913600000000001e-05,1768.623051877052,1768.6288568660143,-0.2,1.9784,0.2,1.9497750551876383,long_nclose,0.38995501103752767,0.00022048508902090003,2.0
1709377320000.0,614102,1709377320000.0,0.0028624944812361665,-3.9568000000000005e-05,1768.6258748035332,1768.6286272980144,-0.1,1.9784,0.1,1.9497750551876383,long_nclose,0.19497750551876383,0.00011024236855090837,5.0
1709377440000.0,614104,1709377440000.0,0.0028624944812361665,-3.9568000000000005e-05,1768.6286977300144,1768.6286977300144,-0.1,1.9784,0.0,1.9497750551876383,long_nclose,0.0,0.0,2.0
1709450760000.0,615326,1709450760000.0,0.0,-0.017682028,1768.6110157020144,1768.5223557020145,40.3,2.1938,40.3,2.1938,long_ientry_normal,88.41014,0.04998845942668031,1222.0
1709450820000.0,615327,1709450820000.0,0.0,-0.024243648000000007,1768.5867720540143,1770.0361420540144,57.2,2.1192,97.5,2.1500346666666665,long_rentry,209.62838,0.1185287503629467,1.0
1709450820000.0,615327,1709450820000.0,0.0,-0.05738886,1768.5293831940144,1782.8731031940144,138.5,2.0718,236.0,2.1041215254237287,long_rentry,496.57268,0.2807828270872015,0.0
1709450820000.0,615327,1709450820000.0,0.9567847457627154,-0.0043996,1769.481768339777,1783.2177035940144,-10.0,2.1998,226.0,2.1041215254237287,long_nclose,475.53146474576266,0.26874052802020776,0.0
1709450820000.0,615327,1709450820000.0,1.0877847457627121,-0.0044258,1770.5651272855398,1783.6932777940144,-10.0,2.2129,216.0,2.1041215254237287,long_nclose,454.4902494915254,0.25669219532653176,0.0
1709450880000.0,615328,1709450880000.0,13.128150508474572,-0.09352368,1783.5997541140143,1783.5997541140143,-216.0,2.1649,0.0,2.1041215254237287,long_nclose,0.0,0.0,1.0
1709511180000.0,616333,1709511180000.0,0.0,-0.017838720000000002,1783.5819153940142,1783.6085153940141,38.0,2.3472,38.0,2.3472,long_ientry_normal,89.1936,0.050008132079706634,1005.0
1709511300000.0,616335,1709511300000.0,0.06080000000000174,-0.00447184,1783.6382435540143,1783.7607935540143,-9.5,2.3536,28.5,2.3472,long_nclose,66.8952,0.03750491459899795,2.0
1709511360000.0,616336,1709511360000.0,0.0454400000000013,-0.0033421120000000004,1783.6803414420144,1783.7616614420144,-7.1,2.3536,21.4,2.3472,long_nclose,50.230079999999994,0.02816092033586665,1.0
1709511420000.0,616337,1709511420000.0,0.03392000000000097,-0.0024948160000000004,1783.7117666260144,1783.8727666260145,-5.3,2.3536,16.1,2.3472,long_nclose,37.78992,0.021186113534184755,1.0
1709511540000.0,616339,1709511540000.0,0.10811999999999986,-0.002509656,1783.8173769700145,1784.0592969700144,-5.3,2.3676,10.8,2.3472,long_nclose,25.34976,0.014210961462354968,2.0
1709511780000.0,616343,1709511780000.0,0.07343999999999991,-0.0017046720000000002,1783.8891122980144,1784.0511122980145,-3.6,2.3676,7.2,2.3472,long_nclose,16.89984,0.009473593332395839,4.0
1709512260000.0,616351,1709512260000.0,0.048959999999999934,-0.001136448,1783.9369358500146,1784.0694158500146,-2.4,2.3676,4.8,2.3472,long_nclose,11.26656,0.006315559577015923,8.0
1709512380000.0,616353,1709512380000.0,0.0825600000000005,-0.001143168,1784.0183526820147,1784.1081126820147,-2.4,2.3816,2.4,2.3472,long_nclose,5.63328,0.0031576356776437725,2.0
1709513160000.0,616366,1709513160000.0,0.01631999999999998,-0.000378816,1784.0342938660147,1784.0770138660146,-0.8,2.3676,1.6,2.3472,long_nclose,3.75552,0.002105071641791012,13.0
1709513340000.0,616369,1709513340000.0,0.0,-0.017094896,1784.0171989700148,1783.4411989700147,36.4,2.3482,38.0,2.3481578947368416,long_ientry_partial,89.22999999999998,0.0500163339521144,3.0
1709513460000.0,616371,1709513460000.0,0.06120000000000547,-0.00447374,1784.0739252300148,1784.2774752300147,-9.5,2.3546,28.5,2.3481578947368416,long_nclose,66.92249999999999,0.037511057727819146,2.0
1709513520000.0,616372,1709513520000.0,0.0,-0.004461580000000001,1784.0694636500148,1783.9794636500148,9.5,2.3482,38.0,2.3481684210526312,long_ientry_partial,89.23039999999999,0.050015092919893464,1.0
1709513580000.0,616373,1709513580000.0,0.061100000000003485,-0.00447374,1784.1260899100146,1784.2552399100146,-9.5,2.3546,28.5,2.3481684210526312,long_nclose,66.9228,0.03751012912062474,1.0
1709513640000.0,616374,1709513640000.0,0.04566421052631839,-0.0033435319999999998,1784.168410588541,1784.3852263780147,-7.1,2.3546,21.4,2.3481684210526312,long_nclose,50.250804210526304,0.028164832373615528,1.0
1709513760000.0,616376,1709513760000.0,0.1450642105263169,-0.0033634119999999997,1784.3101113870673,1784.6494729660146,-7.1,2.3686,14.3,2.3481684210526312,long_nclose,33.57880842105263,0.018818930749066654,2.0
1709514060000.0,616381,1709514060000.0,0.24446421052631856,-0.0033832920000000004,1784.5511923055935,1784.8070196740146,-7.1,2.3826,7.2,2.3481684210526312,long_nclose,16.906812631578944,0.009473985786720852,5.0
1709514360000.0,616386,1709514360000.0,0.12395368421052773,-0.0017154720000000002,1784.6734305178043,1784.7905442020149,-3.6,2.3826,3.6,2.3481684210526312,long_nclose,8.453406315789472,0.004736668440980155,5.0
1709514420000.0,616387,1709514420000.0,0.061976842105263864,-0.0008577360000000001,1784.7345496239095,1784.8076864660147,-1.8,2.3826,1.8,2.3481684210526312,long_nclose,4.226703157894736,0.0023682531157282823,1.0
1709514480000.0,616388,1709514480000.0,0.08717684210526348,-0.0008627760000000001,1784.8208636900147,1784.8208636900147,-1.8,2.3966,0.0,2.3481684210526312,long_nclose,0.0,0.0,1.0
1709515980000.0,616413,1709515980000.0,0.0,-0.01785848,1784.8030052100146,1784.9436052100145,38.0,2.3498,38.0,2.3498,long_ientry_normal,89.2924,0.050029274793546824,25.0
1709516040000.0,616414,1709516040000.0,0.06079999999999752,-0.00447678,1784.8593284300146,1785.2127284300145,-9.5,2.3562,28.5,2.3498,long_nclose,66.9693,0.03752077204812946,1.0
1709516280000.0,616418,1709516280000.0,0.19379999999999975,-0.00450338,1785.0486250500146,1785.4837250500145,-9.5,2.3702,19.0,2.3498,long_nclose,44.6462,0.02501119542261717,4.0
1709516340000.0,616419,1709516340000.0,0.32679999999999776,-0.00452998,1785.3708950700147,1785.8154950700148,-9.5,2.3842,9.5,2.3498,long_nclose,22.3231,0.012503340376860227,1.0
1709516340000.0,616419,1709516340000.0,0.4598,-0.00455658,1785.8261384900147,1785.8261384900147,-9.5,2.3982,0.0,2.3498,long_nclose,0.0,0.0,0.0
1709517780000.0,616443,1709517780000.0,0.0,-0.017865319999999997,1785.8082731700147,1785.8690731700146,38.0,2.3507,38.0,2.3507,long_ientry_normal,89.32659999999998,0.050020263284722616,24.0
1709518500000.0,616455,1709518500000.0,0.06080000000000174,-0.00447849,1785.8645946800145,1786.0412946800145,-9.5,2.3571,28.5,2.3507,long_nclose,66.99494999999999,0.03751401433209102,12.0
1709518560000.0,616456,1709518560000.0,0.0454400000000013,-0.003347082,1785.9066875980147,1786.1292475980147,-7.1,2.3571,21.4,2.3507,long_nclose,50.30497999999999,0.02816775386381386,1.0
1709518620000.0,616457,1709518620000.0,0.14484000000000297,-0.0033669620000000003,1786.0481606360147,1786.3484606360148,-7.1,2.3711,14.3,2.3507,long_nclose,33.61501,0.018820886659646197,1.0
1709519040000.0,616464,1709519040000.0,0.02240000000000064,-0.0016499700000000002,1786.0689106660147,1786.1628706660147,-3.5,2.3571,10.8,2.3507,long_nclose,25.38756,0.01421421080026141,7.0
1709519160000.0,616466,1709519160000.0,0.017280000000000496,-0.0012728340000000002,1786.0849178320148,1786.1521478320149,-2.7,2.3571,8.1,2.3507,long_nclose,19.04067,0.010660562557748901,2.0
1709519340000.0,616469,1709519340000.0,0.012800000000000367,-0.00094284,1786.0967749920146,1786.1266649920146,-2.0,2.3571,6.1,2.3507,long_nclose,14.339269999999997,0.008028271592430431,3.0
1709519400000.0,616470,1709519400000.0,0.009600000000000275,-0.00070713,1786.1056678620148,1786.1061278620148,-1.5,2.3571,4.6,2.3507,long_nclose,10.813219999999998,0.0060540763038636584,1.0
1709519460000.0,616471,1709519460000.0,0.0,-0.015702676,1786.0899651860148,1786.1469651860148,33.4,2.3507,38.0,2.3507,long_ientry_partial,89.32659999999998,0.05001237437146507,1.0
1709523060000.0,616531,1709523060000.0,0.06080000000000174,-0.00447849,1786.1462866960146,1786.0864366960145,-9.5,2.3571,28.5,2.3507,long_nclose,66.99494999999999,0.03750809802030616,60.0
1709523120000.0,616532,1709523120000.0,0.0,-0.0044623399999999995,1786.1418243560147,1786.1047743560148,9.5,2.3486,38.0,2.3501749999999997,long_ientry_partial,89.30664999999999,0.04999975297717419,1.0
1709528640000.0,616624,1709528640000.0,0.06103750000000119,-0.00447754,1786.1983843160149,1786.3045468160149,-9.5,2.3566,28.5,2.3501749999999997,long_nclose,66.9799875,0.03749862730149568,92.0
1709528700000.0,616625,1709528700000.0,0.0,-0.004461199999999999,1786.193923116015,1786.173735616015,9.5,2.348,38.0,2.34963125,long_ientry_partial,89.28598749999999,0.04998672671791459,1.0
1709555820000.0,617077,1709555820000.0,0.06145312500000233,-0.004476590000000001,1786.250899651015,1786.0191590260151,-9.5,2.3561,28.5,2.34963125,long_nclose,66.964490625,0.037488849208184044,452.0
1709555880000.0,617078,1709555880000.0,0.045928125000001735,-0.003345662,1786.2934821140152,1786.3035133640153,-7.1,2.3561,21.4,2.34963125,long_nclose,50.28210874999999,0.02814885082069095,1.0
1709556060000.0,617081,1709556060000.0,0.034284375000001296,-0.0024974660000000003,1786.3252690230152,1786.2732458980151,-5.3,2.3561,16.1,2.34963125,long_nclose,37.829063125,0.021177029615490818,3.0
1709557260000.0,617101,1709557260000.0,0.02587500000000098,-0.0018848800000000002,1786.3492591430152,1786.3839710180152,-4.0,2.3561,12.1,2.34963125,long_nclose,28.430538124999998,0.015915442055625388,20.0
1709557320000.0,617102,1709557320000.0,0.019406250000000735,-0.0014136600000000002,1786.367251733015,1786.4379473580152,-3.0,2.3561,9.1,2.34963125,long_nclose,21.381644374999997,0.01196934412801004,1.0
1709558640000.0,617124,1709558640000.0,0.0,-0.013627056000000002,1786.3536246770152,1786.1829403020151,29.2,2.3334,38.3,2.337256511096606,long_ientry_partial,89.516924375,0.05011153622574884,22.0
1709561760000.0,617176,1709561760000.0,0.061213144582244805,-0.00445303,1786.4103847915976,1786.4577172720153,-9.5,2.3437,28.8,2.337256511096606,long_nclose,67.31298751958225,0.03768058453569445,52.0
1709561820000.0,617177,1709561820000.0,0.04639312010443817,-0.0033749280000000006,1786.453402983702,1786.5623423440154,-7.2,2.3437,21.6,2.337256511096606,long_nclose,50.48474063968669,0.028259757884178782,1.0
1709562060000.0,617181,1709562060000.0,0.0,-0.007785206000000001,1786.445617777702,1786.2278871380154,16.7,2.3309,38.3,2.3344848730988694,long_ientry_partial,89.41077063968669,0.05004953397401017,4.0
1709565900000.0,617245,1709565900000.0,0.06094370556074025,-0.0044477100000000006,1786.5021137732626,1786.8395094280152,-9.5,2.3409,28.8,2.3344848730988694,long_nclose,67.23316434524745,0.03763396853936243,64.0
1709566440000.0,617254,1709566440000.0,0.04618891368813998,-0.003370896,1786.5449317909508,1786.7353385320152,-7.2,2.3409,21.6,2.3344848730988694,long_nclose,50.424873258935584,0.028224799926182854,9.0
1709567220000.0,617267,1709567220000.0,0.034641685266104984,-0.002528172,1786.5770453042169,1786.6744903600152,-5.4,2.3409,16.2,2.3344848730988694,long_nclose,37.81865494420168,0.02116821944153097,13.0
1709567280000.0,617268,1709567280000.0,0.02566050760452221,-0.00187272,1786.6008330918214,1786.655917640015,-4.0,2.3409,12.2,2.3344848730988694,long_nclose,28.480715451806205,0.015941286337876937,1.0
1709567340000.0,617269,1709567340000.0,0.019245380703391657,-0.0014045400000000001,1786.6186739325246,1786.6786131000151,-3.0,2.3409,9.2,2.3344848730988694,long_nclose,21.477260832509597,0.012021177851699053,1.0
1709567700000.0,617275,1709567700000.0,0.06094538070339173,-0.00141288,1786.6782064332278,1786.7824602200149,-3.0,2.3548,6.2,2.3344848730988694,long_nclose,14.47380621321299,0.008100958617560609,6.0
1709568180000.0,617283,1709568180000.0,0.009622690351695828,-0.0007022700000000001,1786.6871268535797,1786.721037950015,-1.5,2.3409,4.7,2.3344848730988694,long_nclose,10.972078903564686,0.006141018614091048,8.0
1709568480000.0,617288,1709568480000.0,0.007056639591243608,-0.000514998,1786.6936684951709,1786.716042952015,-1.1,2.3409,3.6,2.3344848730988694,long_nclose,8.40414554315593,0.004703741716527298,5.0
1709568540000.0,617289,1709568540000.0,0.005773614211017498,-0.000421362,1786.6990207473818,1786.723361590015,-0.9,2.3409,2.7,2.3344848730988694,long_nclose,6.303109157366948,0.0035277957194661345,1.0
1709568900000.0,617295,1709568900000.0,0.0,-0.016603128,1786.6824176193818,1786.667778462015,35.6,2.3319,38.3,2.3320822234299468,long_ientry_partial,89.31874915736695,0.049991396499204026,6.0
1709569020000.0,617297,1709569020000.0,0.06096887741550394,-0.00444315,1786.7389433467972,1786.7970553120147,-9.5,2.3385,28.8,2.3320822234299468,long_nclose,67.16396803478247,0.037590252501563275,2.0
1709569080000.0,617298,1709569080000.0,0.0,-0.004430610000000001,1786.7345127367971,1786.5760647020147,9.5,2.3319,38.3,2.332037024406853,long_ientry_partial,89.31701803478246,0.049988970044560675,1.0
1709569500000.0,617305,1709569500000.0,0.06044826813489568,-0.00444296,1786.790518044932,1787.0227317420147,-9.5,2.3384,28.8,2.332037024406853,long_nclose,67.16266630291737,0.037588438949410434,7.0
1709569560000.0,617306,1709569560000.0,0.0,-0.00443042,1786.786087624932,1786.8022413220147,9.5,2.3318,38.3,2.331978232452151,long_ientry_partial,89.31476630291738,0.0499862669188555,1.0
1709569800000.0,617310,1709569800000.0,0.06100679170456402,-0.00444296,1786.8426514566365,1786.9757583620146,-9.5,2.3384,28.8,2.331978232452151,long_nclose,67.16097309462195,0.037586394660924526,4.0
1709569860000.0,617311,1709569860000.0,0.0,-0.00443023,1786.8382212266365,1787.0868181320145,9.5,2.3317,38.3,2.33190921918073,long_ientry_partial,89.31212309462195,0.0499833292312891,1.0
1709569860000.0,617311,1709569860000.0,0.0467336218987441,-0.0033672960000000005,1786.8815875525352,1787.0834508360144,-7.2,2.3384,31.1,2.33190921918073,long_nclose,72.52237671652071,0.04058600033808257,0.0
1709570160000.0,617316,1709570160000.0,0.04920901230837749,-0.003600982,1786.9271955828435,1786.8544398540143,-7.7,2.3383,23.4,2.33190921918073,long_nclose,54.56667572882908,0.03053659704979252,5.0
1709570220000.0,617317,1709570220000.0,0.0,-0.006986400000000001,1786.9202091828436,1786.6784934540144,15.0,2.3288,38.4,2.3306946804382576,long_ientry_partial,89.49867572882908,0.050085434855402254,1.0
1709570400000.0,617320,1709570400000.0,0.06149106779272699,-0.004487232,1786.9772130186363,1791.2512862220144,-9.6,2.3371,28.8,2.3306946804382576,long_nclose,67.12400679662181,0.03756287786302163,3.0
1709570400000.0,617320,1709570400000.0,0.1949310677927272,-0.004513919999999999,1787.1676301664293,1790.0170123020148,-9.6,2.351,19.2,2.3306946804382576,long_nclose,44.74933786441454,0.025039250436875514,0.0
1709570400000.0,617320,1709570400000.0,0.32837106779272746,-0.004540608,1787.4914606262219,1788.9161516940146,-9.6,2.3649,9.6,2.3306946804382576,long_nclose,22.37466893220727,0.012517357103551492,0.0
1709570400000.0,617320,1709570400000.0,0.4608510677927256,-0.004567104,1787.9477445900145,1787.9477445900145,-9.6,2.3787,0.0,2.3306946804382576,long_nclose,0.0,0.0,0.0
1709571480000.0,617338,1709571480000.0,0.0,-0.017899888000000003,1787.9298447020144,1787.8685647020145,38.3,2.3368,38.3,2.3368,long_ientry_normal,89.49944,0.050057579308944555,18.0
1709571600000.0,617340,1709571600000.0,0.06079999999999752,-0.004452080000000001,1787.9861926220144,1788.4642726220145,-9.5,2.3432,28.8,2.3368,long_nclose,67.29984,0.037640022209180106,2.0
1709571600000.0,617340,1709571600000.0,0.19284999999999775,-0.00447849,1788.1745641320142,1788.494944132014,-9.5,2.3571,19.3,2.3368,long_nclose,45.10024000000001,0.02522138548698785,0.0
1709571660000.0,617341,1709571660000.0,0.12991999999999848,-0.0030170880000000002,1788.3014670440143,1788.4214370440143,-6.4,2.3571,12.9,2.3368,long_nclose,30.144720000000003,0.01685662096437685,1.0
1709571720000.0,617342,1709571720000.0,0.0,-0.011870944000000001,1788.2895961000143,1787.9755361000143,25.4,2.3368,38.3,2.3368,long_ientry_partial,89.49944,0.05004750919268589,1.0
1709573940000.0,617379,1709573940000.0,0.0,-0.024559424,1788.2650366760142,1785.3685066760142,54.4,2.2573,92.7,2.2901462783171516,long_rentry,212.29655999999994,0.11871649651810667,37.0
1709578800000.0,617460,1709578800000.0,0.14446097087380397,-0.010609368000000003,1788.398888278888,1788.6949473080144,-23.1,2.2964,69.6,2.2901462783171516,long_nclose,159.39418097087375,0.08912675019848108,81.0
1709579700000.0,617475,1709579700000.0,0.10881475728156662,-0.007991472000000001,1788.4997115641697,1788.8679158360144,-17.4,2.2964,52.2,2.2901462783171516,long_nclose,119.54563572815532,0.06684129438500394,15.0
1709580060000.0,617481,1709580060000.0,0.34719475728155963,-0.008039148,1788.8388671734513,1789.6272166880144,-17.4,2.3101,34.8,2.2901462783171516,long_nclose,79.69709048543687,0.04455241438898655,6.0
1709580540000.0,617489,1709580540000.0,0.2314631715210398,-0.005359432,1789.0649709129723,1789.4211772560143,-11.6,2.3101,23.2,2.2901462783171516,long_nclose,53.13139365695791,0.02969785587487334,8.0
1709580600000.0,617490,1709580600000.0,0.0,-0.00719316,1789.0577777529722,1789.1307440960143,15.6,2.3055,38.8,2.2963194241484,long_ientry_partial,89.09719365695791,0.0498011829270615,1.0
1709580900000.0,617495,1709580900000.0,0.060921585760520224,-0.004467044,1789.1142322947328,1789.3901170520144,-9.7,2.3026,29.1,2.2963194241484,long_nclose,66.82289524271845,0.03734970860804726,5.0
1709580960000.0,617496,1709580960000.0,0.0,-0.0044732520000000005,1789.1097590427328,1789.3778838000144,9.7,2.3058,38.8,2.2986895681113,long_ientry_partial,89.18915524271844,0.049851136741012075,1.0
1709581380000.0,617503,1709581380000.0,0.061211189320389534,-0.0044717,1789.166498532053,1789.5101821000142,-9.7,2.305,29.1,2.2986895681113,long_nclose,66.89186643203884,0.03738716686620346,7.0
1709581500000.0,617505,1709581500000.0,0.0,-0.004478296,1789.1620202360532,1789.4445938040144,9.7,2.3084,38.8,2.3011171760834754,long_ientry_partial,89.28334643203884,0.04990232601755051,2.0
1709581680000.0,617508,1709581680000.0,0.06094339199028726,-0.004476356,1789.2184872720436,1789.5584574480145,-9.7,2.3074,29.1,2.3011171760834754,long_nclose,66.96250982402914,0.037425563339737476,3.0
1709582580000.0,617523,1709582580000.0,0.19383339199028768,-0.004502934,1789.407817730034,1789.8110045140145,-9.7,2.3211,19.4,2.3011171760834754,long_nclose,44.64167321601942,0.024947735655167717,15.0
1709582820000.0,617527,1709582820000.0,0.12789007306575684,-0.0029710080000000002,1789.5327367950997,1789.8198135060145,-6.4,2.3211,13.0,2.3011171760834754,long_nclose,29.91452328908518,0.01671638784471724,4.0
1709583060000.0,617531,1709583060000.0,0.08592614284105538,-0.001996146,1789.6166667919408,1789.8218373600146,-4.3,2.3211,8.7,2.3011171760834754,long_nclose,20.019719431926234,0.011186596439009197,4.0
1709583480000.0,617538,1709583480000.0,0.05795018935792107,-0.001346238,1789.6732707432986,1789.7897511220144,-2.9,2.3211,5.8,2.3011171760834754,long_nclose,13.346479621284157,0.007457495085536485,7.0
1709583720000.0,617542,1709583720000.0,0.03796736544139656,-0.0008820179999999999,1789.7103560907399,1789.7890691040143,-1.9,2.3211,3.9,2.3011171760834754,long_nclose,8.974356986725555,0.005014418649466957,4.0
1709584200000.0,617550,1709584200000.0,0.025977671091481858,-0.0006034860000000001,1789.7357302758312,1789.7871656180141,-1.3,2.3211,2.6,2.3011171760834754,long_nclose,5.982904657817036,0.0033428983713114785,8.0
1709584440000.0,617554,1709584440000.0,0.0,-0.016675312000000005,1789.7190549638312,1789.675320306014,36.1,2.3096,38.7,2.309030094517236,long_ientry_partial,89.35946465781704,0.0499293251697669,4.0
1709584500000.0,617555,1709584500000.0,0.06115109263453178,-0.004445568,1789.775760488466,1790.3132347380144,-9.6,2.3154,29.1,2.309030094517236,long_nclose,67.19277575045157,0.03754256663533833,1.0
1709584500000.0,617555,1709584500000.0,0.19267109263453222,-0.004471872,1789.9639597091004,1790.3241228660142,-9.6,2.3291,19.5,2.309030094517236,long_nclose,45.026086843086105,0.025154744931514494,0.0
1709584560000.0,617556,1709584560000.0,0.13045438563796452,-0.00302783,1790.0913862647383,1790.3587950360143,-6.5,2.3291,13.0,2.309030094517236,long_nclose,30.01739122872407,0.01676863620429978,1.0
1709584800000.0,617560,1709584800000.0,0.08630059357588422,-0.0020030259999999998,1790.1756838323142,1790.3659520100143,-4.3,2.3291,8.7,2.309030094517236,long_nclose,20.088561822299955,0.011221558869180602,4.0
1709585100000.0,617565,1709585100000.0,0.14564059357588532,-0.002014894,1790.3193095318902,1790.4736171160143,-4.3,2.3429,4.4,2.309030094517236,long_nclose,10.15973241587584,0.005674815862055511,5.0
1709585820000.0,617577,1709585820000.0,0.02809786767586928,-0.000652148,1790.346755251566,1790.4072649680143,-1.4,2.3291,3.0,2.309030094517236,long_nclose,6.927090283551708,0.003869133319136474,12.0
1709585940000.0,617579,1709585940000.0,0.020069905482763772,-0.00046582000000000004,1790.3663593370488,1790.4154991480143,-1.0,2.3291,2.0,2.309030094517236,long_nclose,4.618060189034472,0.002579393968698387,2.0
1709586180000.0,617583,1709586180000.0,0.0,-0.016969346000000003,1790.3493899910488,1790.4480098020144,36.7,2.3119,38.7,2.311751684471175,long_ientry_partial,89.46479018903447,0.049970575960864135,4.0
1709586480000.0,617588,1709586480000.0,0.06094382907671871,-0.004450752,1790.4058830681256,1790.6837390500143,-9.6,2.3181,29.1,2.311751684471175,long_nclose,67.2719740181112,0.03757358856687329,5.0
1709586840000.0,617594,1709586840000.0,0.04570787180753904,-0.003338064,1790.4482528759331,1790.6113709860144,-7.2,2.3181,21.9,2.311751684471175,long_nclose,50.62736188991873,0.0282763614131812,6.0
1709587020000.0,617597,1709587020000.0,0.1470827033604234,-0.0034045740000000005,1790.5919310052936,1791.0364764120145,-7.3,2.3319,14.6,2.311751684471175,long_nclose,33.75157459327915,0.018849395001087697,3.0
1709587140000.0,617599,1709587140000.0,0.24709270336042372,-0.003424576000000001,1790.8355991326541,1791.0907218360146,-7.3,2.3456,7.3,2.311751684471175,long_nclose,16.875787296639576,0.00942341513917466,2.0
1709587320000.0,617602,1709587320000.0,0.12185393590377061,-0.0016888320000000001,1790.955764236558,1791.0839630040148,-3.6,2.3456,3.7,2.311751684471175,long_nclose,8.553481232543348,0.004775931043829826,3.0
1709587920000.0,617612,1709587920000.0,0.060926967951885305,-0.0008444160000000001,1791.0158467885099,1791.0879485880146,-1.8,2.3456,1.9,2.311751684471175,long_nclose,4.392328200495232,0.0024524228573248883,10.0
1709588280000.0,617618,1709588280000.0,0.030463483975942653,-0.00042220800000000003,1791.0458880644858,1791.0794363800146,-0.9,2.3456,1.0,2.311751684471175,long_nclose,2.311751684471175,0.0012907272224998076,6.0
1709588340000.0,617619,1709588340000.0,0.016924157764412584,-0.00023456000000000003,1791.06257766225,1791.0831518200146,-0.5,2.3456,0.5,2.311751684471175,long_nclose,1.1558758422355875,0.0006453575975800199,1.0
1709588820000.0,617627,1709588820000.0,0.006769663105765034,-9.382400000000002e-05,1791.069253501356,1791.0809679960146,-0.2,2.3456,0.3,2.311751684471175,long_nclose,0.6935255053413525,0.00038721311528606815,8.0
1709589300000.0,617635,1709589300000.0,0.003384831552882517,-4.691200000000001e-05,1791.0725914209088,1791.0805010840145,-0.1,2.3456,0.2,2.311751684471175,long_nclose,0.462350336894235,0.00025814159577275386,8.0
1709589720000.0,617642,1709589720000.0,0.003384831552882517,-4.691200000000001e-05,1791.0759293404617,1791.0800041720145,-0.1,2.3456,0.1,2.311751684471175,long_nclose,0.2311751684471175,0.00012907055734496107,7.0
1709590140000.0,617649,1709590140000.0,0.003384831552882517,-4.691200000000001e-05,1791.0792672600146,1791.0792672600146,-0.1,2.3456,0.0,2.311751684471175,long_nclose,0.0,0.0,7.0
1709654880000.0,618728,1709654880000.0,0.0,-0.017886330000000002,1791.0613809300146,1792.4001309300145,31.5,2.8391,31.5,2.8391,long_ientry_normal,89.43165,0.049932208327535,1079.0
1709654940000.0,618729,1709654940000.0,1.8427499999999999,-0.01825488,1792.8858760500145,1792.8858760500145,-31.5,2.8976,0.0,2.8391,long_nclose,0.0,0.0,1.0
1709665740000.0,618909,1709665740000.0,0.0,-0.017916746,1792.8679593040144,1792.7521493040144,31.3,2.8621,31.3,2.8621,long_ientry_normal,89.58373,0.04996671926401993,180.0
1709667360000.0,618936,1709667360000.0,0.0,-0.024606720000000002,1792.8433525840144,1789.9115625840143,44.5,2.7648,75.8,2.804977968337731,long_rentry,212.61733,0.11859225162842918,27.0
1709668380000.0,618953,1709668380000.0,0.0,-0.058220466,1792.7851321180144,1782.5887221180144,107.7,2.7029,183.5,2.745066267029973,long_rentry,503.71966000000003,0.2809704581858622,17.0
1709668440000.0,618954,1709668440000.0,0.0,-0.257805984,1792.5273261340144,1744.1891561340146,490.2,2.6296,673.7,2.661050289446341,long_rentry,1792.7495800000002,1.000123989108978,1.0
1709669340000.0,618969,1709669340000.0,1.2208512572361523,-0.089868344,1793.6583090472504,1800.1512677900143,-168.4,2.6683,505.3,2.661050289446341,long_nclose,1344.628711257236,0.7496571138855714,15.0
1709669340000.0,618969,1709669340000.0,3.898411257236194,-0.09040385600000002,1797.4663164484866,1801.7953839340144,-168.4,2.6842,336.9,2.661050289446341,long_nclose,896.5078425144723,0.4987619708422865,0.0
1709669400000.0,618970,1709669400000.0,2.599712495175918,-0.060287132,1800.0057418116626,1808.7987668020144,-112.3,2.6842,224.6,2.661050289446341,long_nclose,597.6718950096482,0.33203888250273345,1.0
1709669400000.0,618970,1709669400000.0,4.374052495175921,-0.06064200000000001,1804.3191523068385,1808.7156648020145,-112.3,2.7,112.3,2.661050289446341,long_nclose,298.8359475048241,0.16562255470311868,0.0
1709669400000.0,618970,1709669400000.0,6.1596224951759,-0.060999114,1810.4177756880144,1810.4177756880144,-112.3,2.7159,0.0,2.661050289446341,long_nclose,0.0,0.0,0.0
1709669460000.0,618971,1709669460000.0,0.0,-0.018091340000000004,1810.3996843480145,1809.7698843480146,33.5,2.7002,33.5,2.7002,long_ientry_normal,90.45670000000001,0.04996504406295039,1.0
1709670060000.0,618981,1709670060000.0,0.0,-0.024831968000000003,1810.3748523800145,1808.7188023800145,47.6,2.6084,81.1,2.6463198520345257,long_rentry,214.61654000000001,0.11854812262656751,10.0
1709671020000.0,618997,1709671020000.0,0.0,-0.058752,1810.3161003800146,1802.4456703800147,115.2,2.55,196.3,2.589793886907794,long_rentry,508.37654000000003,0.2808219735179307,16.0
1709672760000.0,619026,1709672760000.0,0.34819954151809895,-0.025449620000000003,1810.6388503015328,1811.7886907600148,-49.0,2.5969,147.3,2.589793886907794,long_nclose,381.4766395415181,0.21068621137671342,29.0
1709672820000.0,619027,1709672820000.0,1.1050501528273018,-0.025652786,1811.7182476683602,1813.8399679740148,-49.1,2.6123,98.2,2.589793886907794,long_nclose,254.3177596943454,0.14037379157694443,1.0
1709672880000.0,619028,1709672880000.0,0.7359498981151277,-0.017084442000000002,1812.4371131244754,1814.3566635320149,-32.7,2.6123,65.5,2.589793886907794,long_nclose,169.6314995924605,0.09359304020211291,1.0
1709672940000.0,619029,1709672940000.0,1.2395298981151304,-0.017185158000000002,1813.6594578645904,1815.5226983740147,-32.7,2.6277,32.8,2.589793886907794,long_nclose,84.94523949057564,0.0468363777567099,1.0
1709672940000.0,619029,1709672940000.0,1.7517205094243602,-0.017339392000000002,1815.3938389820148,1815.3938389820148,-32.8,2.6432,0.0,2.589793886907794,long_nclose,0.0,0.0,0.0
1709673000000.0,619030,1709673000000.0,0.0,-0.018155676,1815.3756833060147,1816.0479633060147,34.3,2.6466,34.3,2.6466,long_ientry_normal,90.77837999999998,0.05000528586715548,1.0
1709673120000.0,619032,1709673120000.0,0.0620500000000026,-0.004511630000000001,1815.4332216760147,1815.8202216760146,-8.5,2.6539,25.8,2.6466,long_nclose,68.28228,0.037612113287737205,2.0
1709673180000.0,619033,1709673180000.0,0.0,-0.004418256000000001,1815.4288034200147,1815.1917734200147,8.3,2.6616,34.1,2.6502510263929615,long_ientry_partial,90.37356,0.04978083405405313,1.0
1709673360000.0,619036,1709673360000.0,0.061616275659828856,-0.00451775,1815.4859019456744,1815.7636356700145,-8.5,2.6575,25.6,2.6502510263929615,long_nclose,67.84642627565982,0.03737094636920514,3.0
1709673420000.0,619037,1709673420000.0,0.0,-0.004523869999999999,1815.4813780756745,1815.5306418000146,8.5,2.6611,34.1,2.652955316001754,long_ientry_partial,90.46577627565982,0.04983018684088587,1.0
1709673420000.0,619037,1709673420000.0,0.17292981398508878,-0.004544609999999999,1815.6497632796595,1815.6867471900146,-8.5,2.6733,25.6,2.652955316001754,long_nclose,67.91565608964491,0.03740570316103638,0.0
1709673480000.0,619038,1709673480000.0,0.0,-0.004565568,1815.6451977116594,1815.9592016220145,8.6,2.6544,34.2,2.6533185991124237,long_ientry_partial,90.74349608964489,0.04997865012614418,1.0
1709673480000.0,619038,1709673480000.0,0.044040965680488854,-0.0034050560000000005,1815.68583362134,1815.9410765660145,-6.4,2.6602,27.8,2.6533185991124237,long_nclose,73.76225705532538,0.04062501105062234,0.0
1709673540000.0,619039,1709673540000.0,0.21234888816570263,-0.004924576,1815.8932579335058,1816.2983919900146,-9.2,2.6764,18.6,2.6533185991124237,long_nclose,49.35172594349108,0.027177658008187968,1.0
1709673600000.0,619040,1709673600000.0,0.0,-0.008185806000000002,1815.8850721275057,1816.2020661840147,15.3,2.6751,33.9,2.6631491428758434,long_ientry_partial,90.28075594349109,0.049717219073626404,1.0
1709673660000.0,619041,1709673660000.0,0.26160468550297145,-0.006071038000000001,1816.1406057750087,1816.6547751460146,-11.3,2.6863,22.6,2.6631491428758434,long_nclose,60.18717062899406,0.03314014919197854,1.0
1709673720000.0,619042,1709673720000.0,0.0,-0.006016416,1816.1345893590087,1816.5338387300146,11.2,2.6859,33.8,2.670687888431777,long_ientry_partial,90.26925062899406,0.04970405340985985,1.0
1709673720000.0,619042,1709673720000.0,0.11709083676167298,-0.00402945,1816.2476507457704,1816.5583092800148,-7.5,2.6863,26.3,2.670687888431777,long_nclose,70.23909146575573,0.0386726399546421,0.0
1709673780000.0,619043,1709673780000.0,0.0,-0.0040774,1816.2435733457705,1817.096631880015,7.6,2.6825,33.9,2.673336031438222,long_ientry_partial,90.62609146575574,0.04989754281624793,1.0
1709673780000.0,619043,1709673780000.0,0.1789065264874686,-0.004687386,1816.4177924862581,1817.0519244940149,-8.7,2.6939,25.2,2.673336031438222,long_nclose,67.3680679922432,0.03708842110604511,0.0
1709673840000.0,619044,1709673840000.0,0.0,-0.004587450000000001,1816.4132050362582,1817.010267044015,8.5,2.6985,33.7,2.6796830264760594,long_ientry_partial,90.3053179922432,0.04971628577785008,1.0
1709673900000.0,619045,1709673900000.0,0.2611501034681332,-0.0060547199999999995,1816.6683004197262,1817.4426823240149,-11.2,2.703,22.5,2.6796830264760594,long_nclose,60.292868095711334,0.0331887048845302,1.0
1709673960000.0,619046,1709673960000.0,0.0,-0.0059710200000000005,1816.662329399726,1817.1452613040149,11.0,2.7141,33.5,2.69098412226004,long_ientry_partial,90.14796809571135,0.04962285320547086,1.0
1709674020000.0,619047,1709674020000.0,0.25991624291355364,-0.006025968,1816.9162196746397,1817.4608953360148,-11.1,2.7144,22.4,2.69098412226004,long_nclose,60.278044338624895,0.033176017521280673,1.0
1709674080000.0,619048,1709674080000.0,0.0,-0.006027966,1816.9101917086398,1817.4448173700148,11.1,2.7153,33.5,2.699041025033579,long_ientry_partial,90.4178743386249,0.04976463600195619,1.0
1709674140000.0,619049,1709674140000.0,0.26039462212727454,-0.00604395,1817.164542380767,1817.470503420015,-11.1,2.7225,22.4,2.699041025033579,long_nclose,60.458518960752166,0.03327080049753895,1.0
1709674200000.0,619050,1709674200000.0,0.0,-0.006022194,1817.158520186767,1817.2467312260148,11.1,2.7127,33.5,2.703566834649318,long_ientry_partial,90.56948896075215,0.049841270287989764,1.0
1709674740000.0,619059,1709674740000.0,0.061695272410659245,-0.004500260000000001,1817.2157151991776,1817.4156309660148,-8.3,2.711,25.2,2.703566834649318,long_nclose,68.12988423316281,0.03749135761006523,9.0
1709674800000.0,619060,1709674800000.0,0.0,-0.004501090000000001,1817.2112141091775,1817.4546798760148,8.3,2.7115,33.5,2.7055323651690393,long_ientry_partial,90.63533423316282,0.049876059276683225,1.0
1709674860000.0,619061,1709674860000.0,0.0611513690969729,-0.004503414000000001,1817.2678620642744,1817.5896064620147,-8.3,2.7129,25.2,2.7055323651690393,long_nclose,68.1794156022598,0.03751753774196684,1.0
1709674920000.0,619062,1709674920000.0,0.0,-0.004458012,1817.2634040522744,1817.9525484500145,8.2,2.7183,33.4,2.7086669341993947,long_ientry_partial,90.46947560225978,0.049783358538186565,1.0
1709674920000.0,619062,1709674920000.0,0.17163775272508294,-0.0045848880000000005,1817.4304569169994,1817.9462835620145,-8.4,2.7291,25.0,2.7086669341993947,long_nclose,67.71667335498486,0.037259567813040906,0.0
1709674980000.0,619063,1709674980000.0,0.0,-0.004530638000000001,1817.4259262789994,1817.9750529240146,8.3,2.7293,33.3,2.7138097103599064,long_ientry_partial,90.36986335498487,0.04972409716857527,1.0
1709674980000.0,619063,1709674980000.0,0.15263940401277867,-0.004535452000000001,1817.574030231012,1817.9862874720145,-8.3,2.7322,25.0,2.7138097103599064,long_nclose,67.84524275899766,0.03732736143373185,0.0
1709675040000.0,619064,1709675040000.0,0.19579940401277762,-0.004544084,1817.765285551025,1818.1659233880146,-8.3,2.7374,16.7,2.7138097103599064,long_nclose,45.320622163010434,0.024932053947367715,1.0
1709675100000.0,619065,1709675100000.0,0.0,-0.00903474,1817.756250811025,1817.8381686480145,16.5,2.7378,33.2,2.725732595271398,long_ientry_partial,90.49432216301042,0.04978352962485192,1.0
1709675160000.0,619066,1709675160000.0,0.06197945924739541,-0.004537112,1817.8136931582724,1817.9373815360145,-8.3,2.7332,24.9,2.725732595271398,long_nclose,67.87074162225781,0.03733646736060123,1.0
1709675220000.0,619067,1709675220000.0,0.0,-0.004587576000000001,1817.8091055822724,1817.5764839600147,8.4,2.7307,33.3,2.7269856343020367,long_ientry_partial,90.80862162225782,0.049954982260456006,1.0
1709675400000.0,619070,1709675400000.0,0.06236923529309695,-0.004539270000000001,1817.8669355475656,1818.0372946900147,-8.3,2.7345,25.0,2.7269856343020367,long_nclose,68.17464085755091,0.03750254736715138,3.0
1709675460000.0,619071,1709675460000.0,0.0,-0.004483432,1817.8624521155657,1818.1290912580148,8.2,2.7338,33.2,2.728668700528642,long_ientry_partial,90.59180085755092,0.04983424392319854,1.0
1709675460000.0,619071,1709675460000.0,0.03615405672242007,-0.0033907800000000004,1817.895215392288,1818.1120604780147,-6.2,2.7345,27.0,2.728668700528642,long_nclose,73.67405491427334,0.04052711855472651,0.0
1709675580000.0,619073,1709675580000.0,0.04978970645809793,-0.003666374,1817.9413387247462,1818.1429441040148,-6.7,2.7361,20.3,2.728668700528642,long_nclose,55.39197462073144,0.03046961606560305,2.0
1709675640000.0,619074,1709675640000.0,0.0,-0.007065588,1817.9342731367462,1817.973198516015,12.9,2.7386,33.2,2.7325275488172114,long_ientry_partial,90.71991462073143,0.04990274728920709,1.0
1709679360000.0,619136,1709679360000.0,0.0620213448171473,-0.004548400000000001,1817.9917460815634,1818.195240116015,-8.3,2.74,24.9,2.7325275488172114,long_nclose,68.03993596554857,0.037425877269354764,62.0
1709679420000.0,619137,1709679420000.0,0.0,-0.004549562,1817.9871965195634,1818.363330554015,8.3,2.7407,33.2,2.734570661612908,long_ientry_partial,90.78774596554855,0.049938605805011554,1.0
1709679600000.0,619140,1709679600000.0,0.26102272225801215,-0.006068260000000001,1818.2421509818216,1818.7289822940152,-11.0,2.7583,22.2,2.734570661612908,long_nclose,60.70746868780656,0.033387999862958574,3.0
1709679660000.0,619141,1709679660000.0,0.0,-0.005954040000000001,1818.2361969418216,1818.6471282540151,10.8,2.7565,33.0,2.741747535994138,long_ientry_partial,90.47766868780656,0.04976122950361744,1.0
1709679660000.0,619141,1709679660000.0,0.12248823364337938,-0.004082284000000001,1818.354602891465,1818.673385970015,-7.4,2.7583,25.6,2.741747535994138,long_nclose,70.18873692144994,0.03860013707438527,0.0
1709679720000.0,619142,1709679720000.0,0.0,-0.0040762160000000006,1818.350526675465,1818.537309754015,7.4,2.7542,33.0,2.744539906710604,long_ientry_partial,90.56981692144993,0.049808777566688944,1.0
1709679780000.0,619143,1709679780000.0,0.06199276497304717,-0.004513444,1818.408005996438,1818.7219763100152,-8.2,2.7521,24.8,2.744539906710604,long_nclose,68.06458968642298,0.03743086780412927,1.0
1709679900000.0,619145,1709679900000.0,0.19565276497304881,-0.004540176,1818.5991185854111,1819.056616134015,-8.2,2.7684,16.6,2.744539906710604,long_nclose,45.559362451396034,0.025051899555980302,2.0
1709679960000.0,619146,1709679960000.0,0.0,-0.008981604,1818.5901369814112,1819.273954530015,16.2,2.7721,32.8,2.7581519040059765,long_ientry_partial,90.46738245139602,0.049745888648422124,1.0
1709680020000.0,619147,1709680020000.0,0.2610342463348535,-0.006064978,1818.845106249746,1819.319199552015,-10.9,2.7821,21.9,2.7581519040059765,long_nclose,60.40352669773088,0.033209824459585875,1.0
1709680080000.0,619148,1709680080000.0,0.0,-0.006004368,1818.839101881746,1819.5290151840152,10.8,2.7798,32.7,2.765301733875562,long_ientry_partial,90.4253666977309,0.04971597905728882,1.0
1709680080000.0,619148,1709680080000.0,0.12262734270839512,-0.004061866,1818.9576673584545,1819.4935633180153,-7.3,2.7821,25.4,2.765301733875562,long_nclose,70.23866404043928,0.03861478763408606,0.0
1709680140000.0,619149,1709680140000.0,0.0,-0.004012416,1818.9536549424545,1819.5286709020152,7.2,2.7864,32.6,2.7699614736331064,long_ientry_partial,90.30074404043927,0.049644334694880436,1.0
1709680200000.0,619150,1709680200000.0,0.25961608476245124,-0.006035040000000001,1819.207235987217,1819.9165758620154,-10.8,2.794,21.8,2.7699614736331064,long_nclose,60.38516012520172,0.03319311782114417,1.0
1709680260000.0,619151,1709680260000.0,0.44186993739914254,-0.006126890000000001,1819.6429790346162,1820.1349889720154,-10.9,2.8105,10.9,2.7699614736331064,long_nclose,30.19258006260086,0.016592584595149028,1.0
1709680440000.0,619154,1709680440000.0,0.0,-0.012111638000000001,1819.6308673966162,1819.8308373340153,21.7,2.7907,32.6,2.783765952840517,long_ientry_partial,90.75077006260086,0.049873175757036856,3.0
1709680500000.0,619155,1709680500000.0,0.06183578199181152,-0.004522068,1819.688181110608,1819.8972652660152,-8.1,2.7914,24.5,2.783765952840517,long_nclose,68.20226584459266,0.037480193888475365,1.0
1709680560000.0,619156,1709680560000.0,0.0,-0.0045210960000000005,1819.683660014608,1820.1363541700152,8.1,2.7908,32.6,2.7855136762144985,long_ientry_partial,90.80774584459266,0.04990303965463078,1.0
1709680560000.0,619156,1709680560000.0,0.18213922266256058,-0.0045489599999999995,1819.8612502772705,1820.2014652100154,-8.1,2.808,24.5,2.7855136762144985,long_nclose,68.24508506725522,0.03750015835375226,0.0
1709680680000.0,619158,1709680680000.0,0.19590922266256083,-0.004551714,1820.052607785933,1820.4459834960153,-8.1,2.8097,16.4,2.7855136762144985,long_nclose,45.68242428991777,0.025099507615601153,2.0
1709680740000.0,619159,1709680740000.0,0.13060614844170726,-0.0030344760000000004,1820.1801794583748,1820.3769290200153,-5.4,2.8097,11.0,2.7855136762144985,long_nclose,30.640650438359483,0.016833855672176982,1.0
1709680860000.0,619161,1709680860000.0,0.0,-0.012056688000000001,1820.1681227703748,1820.4946923320153,21.6,2.7909,32.6,2.7890825287840335,long_ientry_partial,90.9240904383595,0.049953676971316856,2.0
1709680860000.0,619161,1709680860000.0,0.010847172283109297,-0.0015082740000000002,1820.177461668658,1820.4769840580154,-2.7,2.7931,29.9,2.7890825287840335,long_nclose,83.39356761064259,0.04581617417358364,0.0
1709680980000.0,619163,1709680980000.0,0.05636928699815176,-0.004139116,1820.2296918396562,1820.4550849420154,-7.4,2.7967,22.5,2.7890825287840335,long_nclose,62.754356897640754,0.03447606484993476,2.0
1709681040000.0,619164,1709681040000.0,0.0,-0.00563782,1820.2240540196563,1820.5312571220154,10.1,2.791,32.6,2.7896765919521704,long_ientry_partial,90.94345689764076,0.04996278161295998,1.0
1709681280000.0,619168,1709681280000.0,0.26161280691655764,-0.0060780240000000004,1820.4795888025726,1821.1602590980153,-10.8,2.8139,21.8,2.7896765919521704,long_nclose,60.814949704557314,0.03340600470261717,4.0
1709681460000.0,619171,1709681460000.0,0.44497514772134,-0.00617049,1820.918393460294,1821.3241286080154,-10.9,2.8305,10.9,2.7896765919521704,long_nclose,30.407474852278657,0.016698977264156954,3.0
1709681700000.0,619175,1709681700000.0,0.22044640345827854,-0.0030569399999999997,1821.1357829237522,1821.3014616680152,-5.4,2.8305,5.5,2.7896765919521704,long_nclose,15.343221255736937,0.008425083620675488,4.0
1709681760000.0,619176,1709681760000.0,0.11022320172913927,-0.0015284699999999999,1821.2444776554814,1821.3582231980154,-2.7,2.8305,2.8,2.7896765919521704,long_nclose,7.811094457466076,0.004288877497392019,1.0
1709681820000.0,619177,1709681820000.0,0.0571527712669611,-0.0007925399999999999,1821.3008378867485,1821.3511306580153,-1.4,2.8305,1.4,2.7896765919521704,long_nclose,3.905547228733038,0.0021443723889484597,1.0
1709681880000.0,619178,1709681880000.0,0.02857638563348055,-0.00039626999999999994,1821.3290180023819,1821.3508743880154,-0.7,2.8305,0.7,2.7896765919521704,long_nclose,1.952773614366519,0.001072169605307395,1.0
1709682000000.0,619180,1709682000000.0,0.004844681609565882,-0.000112556,1821.3337501279914,1821.3418118320153,-0.2,2.8139,0.5,2.7896765919521704,long_nclose,1.3948382959760852,0.0007658334425956062,2.0
1709682060000.0,619181,1709682060000.0,0.002422340804782941,-5.6278e-05,1821.336116190796,1821.3427655540152,-0.1,2.8139,0.4,2.7896765919521704,long_nclose,1.1158706367808682,0.0006126659581728593,1.0
1709682180000.0,619183,1709682180000.0,0.002422340804782941,-5.6278e-05,1821.3384822536007,1821.347069276015,-0.1,2.8139,0.3,2.7896765919521704,long_nclose,0.8369029775856511,0.0004594988717034761,2.0
1709682360000.0,619186,1709682360000.0,0.002422340804782941,-5.6278e-05,1821.3408483164053,1821.345712998015,-0.1,2.8139,0.2,2.7896765919521704,long_nclose,0.5579353183904341,0.00030633218318590577,3.0
1709682480000.0,619188,1709682480000.0,0.002422340804782941,-5.6278e-05,1821.34321437921,1821.3455567200147,-0.1,2.8139,0.1,2.7896765919521704,long_nclose,0.27896765919521704,0.00015316589261859737,2.0
1709682660000.0,619191,1709682660000.0,0.0,-0.018154500000000004,1821.32505987921,1821.2667122200146,32.5,2.793,32.6,2.7929898054967857,long_ientry_partial,91.05146765919521,0.04999188209996613,3.0
1709684220000.0,619217,1709684220000.0,0.06164257547603777,-0.004536972,1821.3821654826859,1821.7425652480147,-8.1,2.8006,24.5,2.7929898054967857,long_nclose,68.42825023467125,0.037569408294133064,26.0
1709684280000.0,619218,1709684280000.0,0.19691257547603547,-0.004564026,1821.574514032162,1822.4652012220147,-8.1,2.8173,16.4,2.7929898054967857,long_nclose,45.80503281014728,0.025145846330905868,1.0
1709684280000.0,619218,1709684280000.0,0.33137257547603505,-0.004590918,1821.901295689638,1822.3520703040147,-8.1,2.8339,8.3,2.7929898054967857,long_nclose,23.181815385623324,0.012723968878263733,0.0
1709684280000.0,619218,1709684280000.0,0.4773346143766775,-0.00473183,1822.3738984740146,1822.3738984740146,-8.3,2.8505,0.0,2.7929898054967857,long_nclose,0.0,0.0,0.0
1709684880000.0,619228,1709684880000.0,0.0,-0.01820384,1822.3556946340145,1822.2285546340145,32.6,2.792,32.6,2.792,long_ientry_normal,91.0192,0.049945902585323484,10.0
1709688540000.0,619289,1709688540000.0,0.0,-0.024975146,1822.3307194880144,1819.2133094880144,46.3,2.6971,78.9,2.7363108998732573,long_rentry,215.89493000000002,0.11847187104471131,61.0
1709692500000.0,619355,1709692500000.0,0.0,-0.059114813999999995,1822.2716046740145,1813.2663046740145,112.1,2.6367,191.0,2.677848167539267,long_rentry,511.469,0.2806766009458269,66.0
1709696580000.0,619423,1709696580000.0,0.3506824083769699,-0.025616808000000005,1822.5966702743915,1822.8620378660146,-47.7,2.6852,143.3,2.677848167539267,long_nclose,383.735642408377,0.21054336851751498,68.0
1709697960000.0,619446,1709697960000.0,0.2631956020942457,-0.019226031999999997,1822.8406398444858,1823.5772118340146,-35.8,2.6852,107.5,2.677848167539267,long_nclose,287.86867801047117,0.15792311830124134,23.0
1709698020000.0,619447,1709698020000.0,0.19702910994764763,-0.014392672000000002,1823.0232762824335,1823.0193891620147,-26.8,2.6852,80.7,2.677848167539267,long_nclose,216.10234712041884,0.1185406406664766,1.0
1709698080000.0,619448,1709698080000.0,0.14777183246073575,-0.010794504000000002,1823.1602536108942,1823.7330346580145,-20.1,2.6852,60.6,2.677848167539267,long_nclose,162.27759895287957,0.08900896047480063,1.0
1709698260000.0,619451,1709698260000.0,0.11101267015707013,-0.008109304000000001,1823.2631569770513,1823.7842153540146,-15.1,2.6852,45.5,2.677848167539267,long_nclose,121.84209162303665,0.06682638825711226,3.0
1709698440000.0,619454,1709698440000.0,0.08307570680628427,-0.0060685520000000005,1823.3401641318576,1823.7318168020147,-11.3,2.6852,34.2,2.677848167539267,long_nclose,91.58240732984294,0.05022782316290819,3.0
1709698620000.0,619457,1709698620000.0,0.06249057591623153,-0.0045648400000000006,1823.3980898677737,1823.8980019620146,-8.5,2.6852,25.7,2.677848167539267,long_nclose,68.82069790575916,0.03774310080074165,3.0
1709698680000.0,619458,1709698680000.0,0.0,-0.004369626,1823.3937202417737,1823.6604123360146,8.1,2.6973,33.8,2.6825097013538213,long_ientry_partial,90.66882790575914,0.049725315437489204,1.0
1709699040000.0,619464,1709699040000.0,0.06207850862790281,-0.004519032000000001,1823.4512797184016,1823.4942133040145,-8.4,2.6899,25.4,2.6825097013538213,long_nclose,68.13574641438706,0.03736636518465652,6.0
1709699040000.0,619464,1709699040000.0,0.19563850862790116,-0.004545744,1823.6423724830295,1823.6711075600144,-8.4,2.7058,17.0,2.6825097013538213,long_nclose,45.60266492301496,0.025006363973065302,0.0
1709699100000.0,619465,1709699100000.0,0.0,-0.00912628,1823.6332462030296,1823.5157812800146,17.0,2.6842,34.0,2.6833548506769107,long_ientry_partial,91.23406492301497,0.05002873528050259,1.0
1709699160000.0,619466,1709699160000.0,0.06243376924625976,-0.0045741900000000005,1823.6911057822758,1823.9804070900145,-8.5,2.6907,25.5,2.6833548506769107,long_nclose,68.42554869226122,0.037520361027867134,1.0
1709699220000.0,619467,1709699220000.0,0.0,-0.004473202000000001,1823.6866325802757,1824.0198738880144,8.3,2.6947,33.8,2.686140789711871,long_ientry_partial,90.79155869226123,0.04978462695852695,1.0
1709700180000.0,619483,1709700180000.0,0.061817366420281954,-0.00452508,1823.743924866696,1823.9359288080145,-8.4,2.6935,25.4,2.686140789711871,long_nclose,68.22797605868152,0.03741094082803788,16.0
1709700240000.0,619484,1709700240000.0,0.0,-0.004579290000000001,1823.739345576696,1823.9347395180146,8.5,2.6937,33.9,2.688036166922759,long_ientry_partial,91.12442605868152,0.04996570714981559,1.0
1709700600000.0,619490,1709700600000.0,0.06185619784882235,-0.004528272,1823.7966735025448,1823.9564012460144,-8.4,2.6954,25.5,2.688036166922759,long_nclose,68.54492225653036,0.03758364254765964,6.0
1709700660000.0,619491,1709700660000.0,0.0,-0.004472538000000001,1823.7922009645447,1823.7829287080142,8.3,2.6943,33.8,2.6895743271162833,long_ientry_partial,90.90761225653037,0.049845378332275064,1.0
1709700720000.0,619492,1709700720000.0,0.06153565222321902,-0.0045307920000000005,1823.849205824768,1824.0479779160144,-8.4,2.6969,25.4,2.6895743271162833,long_nclose,68.31518790875359,0.03745659876407413,1.0
1709700780000.0,619493,1709700780000.0,0.0,-0.004531632000000001,1823.844674192768,1823.9961262840145,8.4,2.6974,33.8,2.6915191688980356,long_ientry_partial,90.9733479087536,0.04987998659974612,1.0
1709700960000.0,619496,1709700960000.0,0.06199898125650201,-0.0045341520000000005,1823.9021390220246,1824.1327921320144,-8.4,2.6989,25.4,2.6915191688980356,long_nclose,68.3645868900101,0.037482595928456534,3.0
1709701020000.0,619497,1709701020000.0,0.0,-0.004537008,1823.8976020140246,1824.1789551240145,8.4,2.7006,33.8,2.6937759434914232,long_ientry_partial,91.0496268900101,0.04992036109344585,1.0
1709701200000.0,619500,1709701200000.0,0.26234943289606033,-0.006086528,1824.1538649189208,1824.8640485960148,-11.2,2.7172,22.6,2.6937759434914232,long_nclose,60.87933632290617,0.03337401383386708,3.0
1709701260000.0,619501,1709701260000.0,0.44549183854691826,-0.006177032000000001,1824.5931797254677,1825.0827415640147,-11.3,2.7332,11.3,2.6937759434914232,long_nclose,30.439668161453085,0.01668298911762517,1.0
1709701260000.0,619501,1709701260000.0,0.6274218385469158,-0.006213418,1825.2143881460147,1825.2143881460147,-11.3,2.7493,0.0,2.6937759434914232,long_nclose,0.0,0.0,0.0
1709701320000.0,619502,1709701320000.0,0.0,-0.018248160000000003,1825.1961399860147,1825.1020599860146,33.6,2.7155,33.6,2.7155,long_ientry_normal,91.24080000000001,0.04998958632506155,1.0
1709701380000.0,619503,1709701380000.0,0.06216000000000062,-0.0045744720000000004,1825.2537255140146,1825.4805255140145,-8.4,2.7229,25.2,2.7155,long_nclose,68.4306,0.03749100689041414,1.0
1709701560000.0,619506,1709701560000.0,0.19824000000000055,-0.0046016880000000005,1825.4473638260145,1825.7615238260144,-8.4,2.7391,16.8,2.7155,long_nclose,45.620400000000004,0.024991353300038585,3.0
1709701620000.0,619507,1709701620000.0,0.13216000000000036,-0.003067792,1825.5764560340147,1825.8642960340146,-5.6,2.7391,11.2,2.7155,long_nclose,30.4136,0.01665972405564006,1.0
1709701860000.0,619511,1709701860000.0,0.2228800000000003,-0.003085936,1825.7962500980148,1826.0482500980147,-5.6,2.7553,5.6,2.7155,long_nclose,15.2068,0.008328859257534156,4.0
1709701920000.0,619512,1709701920000.0,0.31360000000000027,-0.00310408,1826.1067460180147,1826.1067460180147,-5.6,2.7715,0.0,2.7155,long_nclose,0.0,0.0,1.0
1709729160000.0,619966,1709729160000.0,0.0,-0.018266808000000002,1826.0884792100148,1826.5544692100148,31.7,2.8812,31.7,2.8812,long_ientry_normal,91.33404,0.050016218293821156,454.0
1709729220000.0,619967,1709729220000.0,0.2635499999999966,-0.00610323,1826.3459259800147,1827.1748459800147,-10.5,2.9063,21.2,2.8812,long_nclose,61.08144,0.03344461699785805,1.0
1709729220000.0,619967,1709729220000.0,0.44309999999999783,-0.00613914,1826.7828868400147,1827.2012568400148,-10.5,2.9234,10.7,2.8812,long_nclose,30.82884,0.01687602846626618,0.0
1709729280000.0,619968,1709729280000.0,0.2236599999999989,-0.003098804,1827.0034480360148,1827.2939680360148,-5.3,2.9234,5.4,2.8812,long_nclose,15.558480000000003,0.008515845997294094,1.0
1709729280000.0,619968,1709729280000.0,0.32075999999999827,-0.003175848,1827.321032188015,1827.321032188015,-5.4,2.9406,0.0,2.8812,long_nclose,0.0,0.0,0.0
1709730600000.0,619990,1709730600000.0,0.0,-0.018276318,1827.3027558700148,1827.6831558700148,31.7,2.8827,31.7,2.8827,long_ientry_normal,91.38158999999999,0.050009003547138754,22.0
1709730780000.0,619993,1709730780000.0,0.0624100000000019,-0.004567148,1827.3605987220149,1827.536718722015,-7.9,2.8906,23.8,2.8827,long_nclose,68.60826,0.03754500345907751,3.0
1709730840000.0,619994,1709730840000.0,0.04661000000000142,-0.0034109080000000007,1827.403797814015,1827.822657814015,-5.9,2.8906,17.9,2.8827,long_nclose,51.60032999999999,0.02823696112579254,1.0
1709730840000.0,619994,1709730840000.0,0.14809000000000072,-0.0034312040000000006,1827.548456610015,1827.829256610015,-5.9,2.9078,12.0,2.8827,long_nclose,34.5924,0.018928307960800493,0.0
1709730900000.0,619995,1709730900000.0,0.10040000000000049,-0.0023262400000000003,1827.646530370015,1827.8625303700148,-4.0,2.9078,8.0,2.8827,long_nclose,23.0616,0.01261819482968136,1.0
1709731020000.0,619997,1709731020000.0,0.06526000000000032,-0.001512056,1827.710278314015,1827.8652583140151,-2.6,2.9078,5.4,2.8827,long_nclose,15.56658,0.008516984439327828,2.0
1709731140000.0,619999,1709731140000.0,0.11394000000000065,-0.0015794460000000002,1827.822638868015,1827.918218868015,-2.7,2.9249,2.7,2.8827,long_nclose,7.78329,0.004258230440137372,2.0
1709731200000.0,620000,1709731200000.0,0.05486000000000031,-0.0007604740000000001,1827.876738394015,1827.932598394015,-1.3,2.9249,1.4,2.8827,long_nclose,4.03578,0.002207905990174077,1.0
1709731260000.0,620001,1709731260000.0,0.029540000000000163,-0.000409486,1827.905868908015,1827.934358908015,-0.7,2.9249,0.7,2.8827,long_nclose,2.01789,0.001103935401884497,1.0
1709731380000.0,620003,1709731380000.0,0.0050200000000000244,-0.000116312,1827.910772596015,1827.915872596015,-0.2,2.9078,0.5,2.8827,long_nclose,1.44135,0.0007885231717043726,2.0
1709731560000.0,620006,1709731560000.0,0.0,-0.017991168,1827.892781428015,1827.981791428015,31.2,2.8832,31.7,2.883192113564669,long_ientry_partial,91.39719000000001,0.05000139555701799,3.0
1709731560000.0,620006,1709731560000.0,0.0007407886435331079,-5.781200000000001e-05,1827.8934644046585,1827.982193616015,-0.1,2.8906,31.6,2.883192113564669,long_nclose,91.10887078864354,0.0498436438243503,0.0
1709731980000.0,620013,1709731980000.0,0.06247230283911334,-0.0045679380000000006,1827.9513687694975,1828.089015678015,-7.9,2.8911,23.7,2.883192113564669,long_nclose,68.33165309148265,0.037381548688289634,7.0
1709732040000.0,620014,1709732040000.0,0.04665652996845174,-0.0034114980000000007,1827.994613801466,1828.0997741800147,-5.9,2.8911,17.8,2.883192113564669,long_nclose,51.32081962145111,0.028074929342775917,1.0
1709732100000.0,620015,1709732100000.0,0.034794700315455535,-0.0025441680000000003,1828.0268643337813,1828.3324900120147,-4.4,2.8911,13.4,2.883192113564669,long_nclose,38.634774321766564,0.021134686297866245,1.0
1709732100000.0,620015,1709732100000.0,0.11047470031545698,-0.0025593040000000005,1828.1347797300969,1828.3400507080148,-4.4,2.9083,9.0,2.883192113564669,long_nclose,25.94872902208202,0.01419410062638437,0.0
1709732160000.0,620016,1709732160000.0,0.07532365930599338,-0.0017449800000000001,1828.2083584094028,1828.4190057280148,-3.0,2.9083,6.0,2.883192113564669,long_nclose,17.299152681388016,0.009462352910605227,1.0
1709732400000.0,620020,1709732400000.0,0.050215772870662256,-0.00116332,1828.2574108622734,1828.3254424080149,-2.0,2.9083,4.0,2.883192113564669,long_nclose,11.532768454258676,0.006308066022726744,4.0
1709732640000.0,620024,1709732640000.0,0.007907886435330802,-0.00057822,1828.2647405287087,1828.2731641880146,-1.0,2.8911,3.0,2.883192113564669,long_nclose,8.649576340694008,0.004731030549871389,4.0
1709732700000.0,620025,1709732700000.0,0.005535520504731561,-0.000404754,1828.2698712952133,1828.2944994340146,-0.7,2.8911,2.3,2.883192113564669,long_nclose,6.631341861198738,0.003627113242587569,1.0
1709732880000.0,620028,1709732880000.0,0.003953943217665401,-0.00028911,1828.273536128431,1828.2877703240147,-0.5,2.8911,1.8,2.883192113564669,long_nclose,5.189745804416404,0.0028386046736782384,3.0
1709732940000.0,620029,1709732940000.0,0.003163154574132321,-0.00023128799999999999,1828.2764679950053,1828.2950990360148,-0.4,2.8911,1.4,2.883192113564669,long_nclose,4.036468958990536,0.0022078000945979265,1.0
1709733000000.0,620030,1709733000000.0,0.010043154574132452,-0.00023266400000000005,1828.2862784855795,1828.3120863720148,-0.4,2.9083,1.0,2.883192113564669,long_nclose,2.883192113564669,0.0015769916054683172,1.0
1709733240000.0,620034,1709733240000.0,0.007532365930599338,-0.000174498,1828.29363635351,1828.3121218740148,-0.3,2.9083,0.7,2.883192113564669,long_nclose,2.018234479495268,0.0011038896812661837,4.0
1709733300000.0,620035,1709733300000.0,0.01266236593059924,-0.000175524,1828.3061231954405,1828.3231663500146,-0.3,2.9254,0.4,2.883192113564669,long_nclose,1.1532768454258677,0.0006307897954256241,1.0
1709733420000.0,620037,1709733420000.0,0.00844157728706616,-0.00011701599999999999,1828.3144477567275,1828.3230293340146,-0.2,2.9254,0.2,2.883192113564669,long_nclose,0.5766384227129339,0.0003153934616774742,2.0
1709733540000.0,620039,1709733540000.0,0.00422078864353308,-5.8507999999999996e-05,1828.3186100373712,1828.3237708260147,-0.1,2.9254,0.1,2.883192113564669,long_nclose,0.28831921135646693,0.00015769637183235457,2.0
1709733540000.0,620039,1709733540000.0,0.005940788643533113,-5.8852000000000005e-05,1828.3244919740148,1828.3244919740148,-0.1,2.9426,0.0,2.883192113564669,long_nclose,0.0,0.0,0.0
1709734800000.0,620060,1709734800000.0,0.0,-0.018290266,1828.306201708015,1828.648561708015,31.7,2.8849,31.7,2.8849,long_ientry_normal,91.45133,0.05001970124838258,21.0
1709735100000.0,620065,1709735100000.0,0.06240999999999839,-0.0045706240000000006,1828.3640410840148,1828.540161084015,-7.9,2.8928,23.8,2.8849,long_nclose,68.66062000000001,0.03755303564124569,5.0
1709735160000.0,620066,1709735160000.0,0.0466099999999988,-0.003413504,1828.407237580015,1828.6632075800148,-5.9,2.8928,17.9,2.8849,long_nclose,51.639709999999994,0.02824300240046503,1.0
1709735400000.0,620070,1709735400000.0,0.14809000000000072,-0.0034338000000000003,1828.5518937800148,1828.9310937800149,-5.9,2.91,12.0,2.8849,long_nclose,34.6188,0.01893235850607193,4.0
1709735520000.0,620072,1709735520000.0,0.2538,-0.0035126400000000005,1828.8021811400147,1829.0565811400147,-6.0,2.9272,6.0,2.8849,long_nclose,17.3094,0.009464883724717505,2.0
1709735700000.0,620075,1709735700000.0,0.1269,-0.0017563200000000002,1828.9273248200147,1829.0632248200147,-3.0,2.9272,3.0,2.8849,long_nclose,8.6547,0.004732118046763674,3.0
1709736000000.0,620080,1709736000000.0,0.025100000000000122,-0.000582,1828.951842820015,1829.007842820015,-1.0,2.91,2.0,2.8849,long_nclose,5.7698,0.0031547030735941577,5.0
1709736180000.0,620083,1709736180000.0,0.0,-0.017140464,1828.934702356015,1828.967802356015,29.7,2.8856,31.7,2.885555835962145,long_ientry_partial,91.47211999999999,0.0500138796000571,3.0
1709736300000.0,620085,1709736300000.0,0.06275889589905473,-0.00457173,1828.992889521914,1828.867800626015,-7.9,2.8935,23.8,2.885555835962145,long_nclose,68.67622889589906,0.03754865822023537,2.0
1709736360000.0,620086,1709736360000.0,0.0,-0.004608480000000001,1828.9882810419142,1829.486472146015,8.0,2.8803,31.8,2.8842336130785866,long_ientry_partial,91.71862889589906,0.05014719331260558,1.0
1709736360000.0,620086,1709736360000.0,0.05467168283633877,-0.0034143300000000006,1829.0395383947507,1829.4452978160152,-5.9,2.8935,25.9,2.8842336130785866,long_nclose,74.70165057873538,0.04084200970543097,0.0
1709736600000.0,620090,1709736600000.0,0.2155709275241551,-0.005003996,1829.250105326275,1829.7650638200155,-8.6,2.9093,17.3,2.8842336130785866,long_nclose,49.89724150625955,0.027277429893797712,4.0
1709736720000.0,620092,1709736720000.0,0.1428784054520563,-0.0033166020000000005,1829.389667129727,1829.6978372180154,-5.7,2.9093,11.6,2.8842336130785866,long_nclose,33.457109911711605,0.018288673273313655,2.0
1709737080000.0,620098,1709737080000.0,0.09525227030137086,-0.002211068,1829.4827083320286,1829.6587261500156,-3.8,2.9093,7.8,2.8842336130785866,long_nclose,22.497022182012977,0.012296930755100662,6.0
1709737140000.0,620099,1709737140000.0,0.0651726059956748,-0.001512836,1829.5463681020242,1829.6949133140156,-2.6,2.9093,5.2,2.8842336130785866,long_nclose,14.998014788008652,0.008197668585774968,1.0
1709737500000.0,620105,1709737500000.0,0.010226302997837555,-0.0007519460000000001,1829.555842459022,1829.5923713680154,-1.3,2.8921,3.9,2.8842336130785866,long_nclose,11.248511091006488,0.0061482196006042,6.0
1709737620000.0,620107,1709737620000.0,0.0,-0.016047272,1829.539795187022,1829.2748440960156,27.8,2.8862,31.7,2.8859580785806465,long_ientry_partial,91.4848710910065,0.050004307821932124,2.0
1709737620000.0,620107,1709737620000.0,0.005527729277418292,-0.0005205780000000001,1829.5448023382994,1829.2873735180156,-0.9,2.8921,30.8,2.8859580785806465,long_nclose,88.88750882028391,0.04858449419040125,0.0
1709737740000.0,620109,1709737740000.0,0.06115279492902164,-0.004456606,1829.6014985272284,1829.5169969120154,-7.7,2.8939,23.1,2.8859580785806465,long_nclose,66.66563161521293,0.0364372414806594,2.0
1709737800000.0,620110,1709737800000.0,0.0,-0.004957556,1829.5965409712285,1829.9621793560154,8.6,2.8823,31.7,2.884965666095045,long_ientry_partial,91.45341161521293,0.04998556215386455,1.0
1709737800000.0,620110,1709737800000.0,0.050925703258242326,-0.003299046,1829.6441676284867,1829.9440603100154,-5.7,2.8939,26.0,2.884965666095045,long_nclose,75.00910731847117,0.040996554764905484,0.0
1709737920000.0,620112,1709737920000.0,0.05157317038220688,-0.0037607700000000005,1829.6919800288688,1829.9812495400154,-6.5,2.8929,19.5,2.884965666095045,long_nclose,56.25683048885338,0.030746612600862887,2.0
1709738340000.0,620119,1709738340000.0,0.16272317038220763,-0.003783,1829.8509201992508,1830.1386665400153,-6.5,2.91,13.0,2.884965666095045,long_nclose,37.50455365923558,0.02049596130768497,7.0
1709738460000.0,620121,1709738460000.0,0.0,-0.010794762,1829.840125437251,1830.0032917780152,18.7,2.8863,31.7,2.885752796821312,long_ientry_partial,91.4783636592356,0.049992544369075034,2.0
1709738460000.0,620121,1709738460000.0,0.022871050171801244,-0.001851456,1829.8611450314227,1830.0078403220152,-3.2,2.8929,28.5,2.885752796821312,long_nclose,82.24395470940739,0.04494546208203961,0.0
1709738520000.0,620122,1709738520000.0,0.05642514256868338,-0.004109054,1829.9134611199913,1830.2119312680152,-7.1,2.8937,21.4,2.885752796821312,long_nclose,61.75510985197607,0.033747557556180335,1.0
1709738580000.0,620123,1709738580000.0,0.17783514256868418,-0.0041333360000000005,1830.08716292656,1830.4396179320154,-7.1,2.9108,14.3,2.885752796821312,long_nclose,41.26626499454476,0.022548797582162345,1.0
1709738700000.0,620125,1709738700000.0,0.11772185493983321,-0.0027361520000000004,1830.2021486295,1830.4483617800154,-4.7,2.9108,9.6,2.885752796821312,long_nclose,27.703226849484597,0.015136703270854233,2.0
1709738760000.0,620126,1709738760000.0,0.2027865752577014,-0.00281088,1830.4021243247578,1830.5924309000154,-4.8,2.928,4.8,2.885752796821312,long_nclose,13.851613424742299,0.007567524775383558,1.0
1709738820000.0,620127,1709738820000.0,0.1013932876288507,-0.00140544,1830.5021121723864,1830.6212654600154,-2.4,2.928,2.4,2.885752796821312,long_nclose,6.925806712371149,0.0037835557065551834,1.0
1709739000000.0,620130,1709739000000.0,0.14267328762885043,-0.0014136959999999999,1830.6433717640152,1830.6433717640152,-2.4,2.9452,0.0,2.885752796821312,long_nclose,0.0,0.0,3.0
1709748600000.0,620290,1709748600000.0,0.0,-0.018298296000000002,1830.6250734680152,1830.5997934680152,31.6,2.8953,31.6,2.8953,long_ientry_normal,91.49148000000001,0.04997827317347653,160.0
1709748900000.0,620295,1709748900000.0,0.06240999999999839,-0.004587056000000001,1830.6828964120152,1830.9672964120152,-7.9,2.9032,23.7,2.8953,long_nclose,68.61861,0.03748252094040247,5.0
1709749080000.0,620298,1709749080000.0,0.0,-0.0045745740000000005,1830.6783218380153,1830.7004418380154,7.9,2.8953,31.6,2.8953,long_ientry_partial,91.49148000000001,0.04997681947101545,3.0
1709749080000.0,620298,1709749080000.0,0.0466099999999988,-0.0034257760000000006,1830.7215060620154,1830.7394960620154,-5.9,2.9032,25.7,2.8953,long_nclose,74.40921,0.040644745666454964,0.0
1709749500000.0,620305,1709749500000.0,0.050559999999998696,-0.0037160960000000003,1830.7683499660152,1830.8474799660153,-6.4,2.9032,19.3,2.8953,long_nclose,55.879290000000005,0.030522315945126156,7.0
1709749560000.0,620306,1709749560000.0,0.03791999999999902,-0.002787072,1830.8034828940151,1830.8281328940152,-4.8,2.9032,14.5,2.8953,long_nclose,41.98185,0.022930833588779186,1.0
1709749620000.0,620307,1709749620000.0,0.0,-0.009901926000000002,1830.793580968015,1830.689300968015,17.1,2.8953,31.6,2.8953,long_ientry_partial,91.49148000000001,0.049973673138849845,1.0
1709749800000.0,620310,1709749800000.0,0.06240999999999839,-0.004587056000000001,1830.851403912015,1830.946203912015,-7.9,2.9032,23.7,2.8953,long_nclose,68.61861,0.03747907113236023,3.0
1709749860000.0,620311,1709749860000.0,0.0,-0.0045745740000000005,1830.8468293380151,1830.8847493380151,7.9,2.8953,31.6,2.8953,long_ientry_partial,91.49148000000001,0.0499722197039721,1.0
1709751240000.0,620334,1709751240000.0,0.06240999999999839,-0.004587056000000001,1830.9046522820151,1830.8738422820152,-7.9,2.9032,23.7,2.8953,long_nclose,68.61861,0.03747798112505459,23.0
1709751240000.0,620334,1709751240000.0,0.19907999999999915,-0.00461439,1831.0991178920153,1831.0785778920153,-7.9,2.9205,15.8,2.8953,long_nclose,45.745740000000005,0.024982667269624968,0.0
1709751300000.0,620335,1709751300000.0,0.0,-0.00914504,1831.0899728520153,1831.1421128520153,15.8,2.894,31.6,2.8946500000000004,long_ientry_partial,91.47094000000001,0.04995436671936409,1.0
1709751540000.0,620339,1709751540000.0,0.06280499999999747,-0.004586108,1831.1481917440153,1831.4835467440153,-7.9,2.9026,23.7,2.8946500000000004,long_nclose,68.603205,0.037464583865635254,4.0
1709751660000.0,620341,1709751660000.0,0.0,-0.004573784000000001,1831.1436179600153,1831.2040529600154,7.9,2.8948,31.6,2.8946875,long_ientry_partial,91.472125,0.04995355039486443,2.0
1709752620000.0,620357,1709752620000.0,0.06250875000000167,-0.004586108,1831.2015406020153,1831.1733968520152,-7.9,2.9026,23.7,2.8946875,long_nclose,68.60409374999999,0.03746397773750567,16.0
1709752680000.0,620358,1709752680000.0,0.0,-0.00457173,1831.1969688720153,1831.1182651220154,7.9,2.8935,31.6,2.8943906249999993,long_ientry_partial,91.46274374999999,0.0499469720105202,1.0
1709753040000.0,620364,1709753040000.0,0.06248406250000436,-0.004585634000000001,1831.2548673005153,1831.4707594880153,-7.9,2.9023,23.7,2.8943906249999993,long_nclose,68.59705781249998,0.03745904463512504,6.0
1709753280000.0,620368,1709753280000.0,0.046665312500003255,-0.003424714,1831.2981078990153,1831.5296747740153,-5.9,2.9023,17.8,2.8943906249999993,long_nclose,51.52015312499999,0.02813313294147793,4.0
1709753580000.0,620373,1709753580000.0,0.0,-0.00798882,1831.2901190790153,1831.2415059540153,13.8,2.8945,31.6,2.8944383900316453,long_ientry_partial,91.464253125,0.04994525562721805,5.0
1709754180000.0,620383,1709754180000.0,0.06289671875000309,-0.004585792,1831.3484300057653,1831.5797801620154,-7.9,2.9024,23.7,2.8944383900316453,long_nclose,68.59818984374999,0.03745774901149424,10.0
1709754540000.0,620389,1709754540000.0,0.19877671875000216,-0.004612968,1831.5425937565153,1832.0080871940154,-7.9,2.9196,15.8,2.8944383900316453,long_nclose,45.7321265625,0.024969185384164542,6.0
1709755200000.0,620400,1709755200000.0,0.0,-0.009147884,1831.5334458725154,1831.6386993100155,15.8,2.8949,31.6,2.8946691950158225,long_ientry_partial,91.4715465625,0.04994260234157193,11.0
1709755680000.0,620408,1709755680000.0,0.0626533593750025,-0.004586108,1831.5915131238903,1831.8316132020152,-7.9,2.9026,23.7,2.8946691950158225,long_nclose,68.60365992187499,0.037455764252187045,8.0
1709755800000.0,620410,1709755800000.0,0.0,-0.004573942,1831.5869391818903,1831.5292092600153,7.9,2.8949,31.6,2.8947268962618664,long_ientry_partial,91.47336992187498,0.04994213922639846,2.0
1709759760000.0,620476,1709759760000.0,0.06298751953125406,-0.004586266,1831.6453404354218,1831.8580029940156,-7.9,2.9027,23.7,2.8947268962618664,long_nclose,68.60502744140624,0.03745541013147083,66.0
1709759940000.0,620479,1709759940000.0,0.0,-0.0046291200000000005,1831.6407113154219,1831.7313238740157,8.0,2.8932,31.7,2.8943415596658117,long_ientry_partial,91.75062744140622,0.05009204418453554,3.0
1709760000000.0,620480,1709760000000.0,0.06287167864008625,-0.004585634000000001,1831.6989973600619,1831.9645682400155,-7.9,2.9023,23.8,2.8943415596658117,long_nclose,68.88532912004632,0.0376073411730461,1.0
1709760480000.0,620488,1709760480000.0,0.04695479797170998,-0.003424714,1831.7425274440336,1832.0084935260156,-5.9,2.9023,17.9,2.8943415596658117,long_nclose,51.80871391801803,0.028283840737328175,8.0
1709760780000.0,620493,1709760780000.0,0.1484347979717119,-0.003445010000000001,1831.8875172320054,1832.1306185160156,-5.9,2.9195,12.0,2.8943415596658117,long_nclose,34.73209871598974,0.018959733274710112,5.0
1709760960000.0,620496,1709760960000.0,0.10063376133675384,-0.0023356,1831.9858153933421,1832.1982829160156,-4.0,2.9195,8.0,2.8943415596658117,long_nclose,23.154732477326494,0.012639143973041618,3.0
1709761380000.0,620503,1709761380000.0,0.06541194486889,-0.0015181400000000003,1832.049709198211,1832.1871847760158,-2.6,2.9195,5.4,2.8943415596658117,long_nclose,15.629444422195384,0.008531124643465894,7.0
1709761620000.0,620507,1709761620000.0,0.04528519260153923,-0.0010510200000000002,1832.0939433708127,1832.1974737560158,-1.8,2.9195,3.6,2.8943415596658117,long_nclose,10.419629614796923,0.005687279111695643,4.0
1709761800000.0,620510,1709761800000.0,0.03019012840102615,-0.0007006800000000001,1832.1234328192138,1832.187413076016,-1.2,2.9195,2.4,2.8943415596658117,long_nclose,6.946419743197948,0.0037914583803499618,3.0
1709762280000.0,620518,1709762280000.0,0.020126752267350768,-0.00046712000000000007,1832.1430924514812,1832.1787059560158,-0.8,2.9195,1.6,2.8943415596658117,long_nclose,4.630946495465299,0.002527611797651081,8.0
1709762520000.0,620522,1709762520000.0,0.01257922016709423,-0.00029195,1832.1553797216482,1832.1798640060158,-0.5,2.9195,1.1,2.8943415596658117,long_nclose,3.183775715632393,0.00173772145685378,4.0
1709763000000.0,620530,1709763000000.0,0.0015916880668376265,-0.000116092,1832.1568553177149,1832.1638379140156,-0.2,2.9023,0.9,2.8943415596658117,long_nclose,2.604907403699231,0.0014217709559848318,8.0
1709763060000.0,620531,1709763060000.0,0.0015916880668376265,-0.000116092,1832.1583309137816,1832.1661418220156,-0.2,2.9023,0.7,2.8943415596658117,long_nclose,2.026039091766068,0.0011058209640405854,1.0
1709763600000.0,620540,1709763600000.0,0.0,-0.017889245999999998,1832.1404416677815,1832.1628125760155,30.9,2.8947,31.6,2.8946920598660144,long_ientry_partial,91.47226909176607,0.049926450511893976,9.0
1709763720000.0,620542,1709763720000.0,0.0624727270584867,-0.004586108,1832.19832828684,1832.3004264680155,-7.9,2.9026,23.7,2.8946920598660144,long_nclose,68.60420181882454,0.03744365484874746,2.0
1709763840000.0,620544,1709763840000.0,0.046656846790515384,-0.0034250680000000003,1832.2415600656304,1832.3271414000153,-5.9,2.9026,17.8,2.8946920598660144,long_nclose,51.52551866561506,0.028121575117949747,2.0
1709763900000.0,620545,1709763900000.0,0.0347949365895369,-0.0025542880000000005,1832.27380071422,1832.4105871120155,-4.4,2.9026,13.4,2.8946920598660144,long_nclose,38.788873602204596,0.02116980201708102,1.0
1709764380000.0,620553,1709764380000.0,0.0,-0.010537072,1832.26326364222,1832.4227100400153,18.2,2.8948,31.6,2.8947542279178666,long_ientry_partial,91.47423360220459,0.04992417597260001,8.0
1709764500000.0,620555,1709764500000.0,0.06277159944885234,-0.004586266,1832.3214489756688,1832.5476837740152,-7.9,2.9027,23.7,2.8947542279178666,long_nclose,68.60567520165344,0.03744194297349212,2.0
1709764620000.0,620557,1709764620000.0,0.04688005528458592,-0.003425186,1832.3649038449535,1832.5116785880155,-5.9,2.9027,17.8,2.8947542279178666,long_nclose,51.526625256938026,0.028120286057005804,2.0
1709764740000.0,620559,1709764740000.0,0.03496139716138611,-0.002554376,1832.3973108661148,1832.5145042120155,-4.4,2.9027,13.4,2.8947542279178666,long_nclose,38.78970665409941,0.02116882972053958,2.0
1709764860000.0,620561,1709764860000.0,0.0,-0.010537072,1832.3867737941148,1832.4095071400154,18.2,2.8948,31.6,2.8947805903196016,long_ientry_partial,91.47506665409941,0.0499212655113704,2.0
1709765760000.0,620576,1709765760000.0,0.06256333647514643,-0.004586266,1832.44475086459,1832.5803008740156,-7.9,2.9027,23.7,2.8947805903196016,long_nclose,68.60629999057456,0.03743976453216639,15.0
1709765820000.0,620577,1709765820000.0,0.0,-0.00463136,1832.44011950459,1832.4580295140154,8.0,2.8946,31.7,2.894735015475538,long_ientry_partial,91.76309999057456,0.05007699788595722,1.0
1709765880000.0,620578,1709765880000.0,0.06292337774324834,-0.004586266,1832.4984566163334,1832.6785032480157,-7.9,2.9027,23.8,2.894735015475538,long_nclose,68.8946933683178,0.03759604441661047,1.0
1709765940000.0,620579,1709765940000.0,0.0,-0.004573468000000001,1832.4938831483335,1832.3892297800157,7.9,2.8946,31.7,2.8947013680857356,long_ientry_partial,91.76203336831782,0.05007494661355441,1.0
1709766960000.0,620596,1709766960000.0,0.06239919212268901,-0.004586108,1832.5516962324562,1832.7825236720157,-7.9,2.9026,23.8,2.8947013680857356,long_nclose,68.8938925604405,0.03759451517906943,17.0
1709768100000.0,620615,1709768100000.0,0.0,-0.004573468000000001,1832.5471227644562,1832.5130102040157,7.9,2.8946,31.7,2.894676106007587,long_ientry_partial,91.76123256044052,0.0500730548320175,19.0
1709768100000.0,620615,1709768100000.0,0.04675097455523605,-0.0034250680000000003,1832.5904486710112,1832.5626851360155,-5.9,2.9026,25.8,2.894676106007587,long_nclose,74.68264353499575,0.04075250069602587,0.0
1709768160000.0,620616,1709768160000.0,0.0507129215514425,-0.0037153280000000004,1832.6374462645626,1832.7892298080155,-6.4,2.9026,19.4,2.894676106007587,long_nclose,56.15671645654719,0.030642567394336823,1.0
1709768280000.0,620618,1709768280000.0,0.0,-0.007120962000000001,1832.6303253025626,1832.5832388460153,12.3,2.8947,31.7,2.8946853771781447,long_ientry_partial,91.76152645654719,0.05007094185315175,2.0
1709768460000.0,620621,1709768460000.0,0.06252552029265766,-0.004586108,1832.6882647148552,1832.6291127380155,-7.9,2.9026,23.8,2.8946853771781447,long_nclose,68.89351197683985,0.03759150604238679,3.0
1709768520000.0,620622,1709768520000.0,0.0,-0.004569676,1832.6836950388551,1832.5040830620153,7.9,2.8922,31.7,2.8940659929602477,long_ientry_partial,91.74189197683985,0.050058770220517954,1.0
1709769720000.0,620642,1709769720000.0,0.06267865561404432,-0.0045851600000000005,1832.7417885344692,1833.0638979020152,-7.9,2.902,23.8,2.8940659929602477,long_nclose,68.8787706324539,0.037582364882688686,20.0
1709770020000.0,620647,1709770020000.0,0.1985586556140434,-0.004612336000000001,1832.9357348540832,1833.4100955660153,-7.9,2.9192,15.9,2.8940659929602477,long_nclose,46.01564928806794,0.02510488961127225,5.0
1709770440000.0,620654,1709770440000.0,0.33522865561404414,-0.00463967,1833.2663238396972,1833.6017958960151,-7.9,2.9365,8.0,2.8940659929602477,long_nclose,23.15252794368198,0.012629113207725329,7.0
1709770500000.0,620655,1709770500000.0,0.16973602815900968,-0.0023492,1833.433710667856,1833.587846696015,-4.0,2.9365,4.0,2.8940659929602477,long_nclose,11.57626397184099,0.006313980104371573,1.0
1709771280000.0,620668,1709771280000.0,0.0,-0.016040516,1833.417670151856,1833.679776180015,27.7,2.8954,31.7,2.8952316710359938,long_ientry_partial,91.778843971841,0.050058884817140034,13.0
1709771400000.0,620670,1709771400000.0,0.2642674541220642,-0.00613284,1833.6758047659782,1834.3068933400152,-10.5,2.9204,21.2,2.8952316710359938,long_nclose,61.37891142596307,0.03347315336027816,2.0
1709771640000.0,620674,1709771640000.0,0.0,-0.0060805500000000005,1833.6697242159782,1833.7483227900152,10.5,2.8955,31.7,2.8953205497149233,long_ientry_partial,91.78166142596307,0.05005354029347141,4.0
1709772060000.0,620681,1709772060000.0,0.06224765725210633,-0.004587056000000001,1833.7273848172304,1833.9886957340152,-7.9,2.9032,23.8,2.8953205497149233,long_nclose,68.90862908321517,0.03757844794911179,7.0
1709772180000.0,620683,1709772180000.0,0.19891765725210708,-0.00461439,1833.9216880844826,1834.4301613440155,-7.9,2.9205,15.9,2.8953205497149233,long_nclose,46.035596740467284,0.025102269655009706,2.0
1709772300000.0,620685,1709772300000.0,0.33479765725210614,-0.004641566000000001,1834.2518441757347,1834.6212797780154,-7.9,2.9377,8.0,2.8953205497149233,long_nclose,23.162564397719386,0.012627799432922497,2.0
1709772540000.0,620689,1709772540000.0,0.47743560228061455,-0.004728,1834.7245517780154,1834.7245517780154,-8.0,2.955,0.0,2.8953205497149233,long_nclose,0.0,0.0,4.0
1709773680000.0,620708,1709773680000.0,0.0,-0.018368248,1834.7061835300156,1834.7917735300155,31.7,2.8972,31.7,2.8972,long_ientry_normal,91.84124,0.050057737213974725,19.0
1709773740000.0,620709,1709773740000.0,0.06240999999999839,-0.004590058000000001,1834.7640034720155,1834.6664234720154,-7.9,2.9051,23.8,2.8972,long_nclose,68.95336,0.03758159625407743,1.0
1709773800000.0,620710,1709773800000.0,0.0,-0.004571098,1834.7594323740154,1834.7949923740155,7.9,2.8931,31.7,2.8961782334384862,long_ientry_partial,91.80885,0.05003863088536219,1.0
1709773860000.0,620711,1709773860000.0,0.06258195583595971,-0.004588478000000001,1834.8174258518513,1834.9131438960153,-7.9,2.9041,23.8,2.8961782334384862,long_nclose,68.92904195583597,0.03756724837286427,1.0
1709773920000.0,620712,1709773920000.0,0.0,-0.004577418000000001,1834.8128484338513,1834.9679264780152,7.9,2.8971,31.7,2.8964079481336267,long_ientry_partial,91.81613195583596,0.050041142906868036,1.0
1709773980000.0,620713,1709773980000.0,0.06234720974435009,-0.004588794,1834.8706068495956,1835.2535976840152,-7.9,2.9043,23.8,2.8964079481336267,long_nclose,68.93450916558032,0.03756913915795856,1.0
1709774100000.0,620715,1709774100000.0,0.04656310601160323,-0.0034270740000000004,1834.913742881607,1835.1982106100152,-5.9,2.9043,17.9,2.8964079481336267,long_nclose,51.84570227159191,0.028255116880955812,2.0
1709774220000.0,620717,1709774220000.0,0.1486331060116038,-0.0034474880000000007,1835.0589284996188,1835.3552331220153,-5.9,2.9216,12.0,2.8964079481336267,long_nclose,34.75689537760352,0.01894047915181746,2.0
1709774280000.0,620718,1709774280000.0,0.10076820746549409,-0.00233728,1835.1573594270844,1835.3460958420155,-4.0,2.9216,8.0,2.8964079481336267,long_nclose,23.171263585069013,0.012626308837244792,1.0
1709774340000.0,620719,1709774340000.0,0.06549933485257116,-0.0015192320000000004,1835.221339529937,1835.3924766100154,-2.6,2.9216,5.4,2.8964079481336267,long_nclose,15.640602919921585,0.008522461341871537,1.0
1709774400000.0,620720,1709774400000.0,0.1144585400392082,-0.0015869520000000002,1835.334211117976,1835.4621696580152,-2.7,2.9388,2.7,2.8964079481336267,long_nclose,7.820301459960793,0.004260968608653097,1.0
1709774700000.0,620725,1709774700000.0,0.02267284667973617,-0.0005258880000000001,1835.3563580766559,1835.4017037700153,-0.9,2.9216,1.8,2.8964079481336267,long_nclose,5.213534306640528,0.0028406114614733468,5.0
1709774760000.0,620726,1709774760000.0,0.015115231119824112,-0.00035059200000000005,1835.3711227157758,1835.4013531780154,-0.6,2.9216,1.2,2.8964079481336267,long_nclose,3.475689537760352,0.0018937257401202964,1.0
1709774820000.0,620727,1709774820000.0,0.01007682074654941,-0.00023372800000000002,1835.3809658085222,1835.3963194500152,-0.4,2.9216,0.8,2.8964079481336267,long_nclose,2.3171263585069015,0.0012624770560841906,1.0
1709774880000.0,620728,1709774880000.0,0.005038410373274705,-0.00011686400000000001,1835.3858873548957,1835.4013025860154,-0.2,2.9216,0.6,2.8964079481336267,long_nclose,1.737844768880176,0.0009468552530850648,1.0
1709775420000.0,620737,1709775420000.0,0.0,-0.018023694,1835.3678636608956,1835.3305988920154,31.1,2.8977,31.7,2.8976755447596276,long_ientry_partial,91.8563147688802,0.05004790406739499,9.0
1709775420000.0,620737,1709775420000.0,0.0006624455240372474,-5.8086000000000006e-05,1835.3684680204196,1835.3313208060154,-0.1,2.9043,31.6,2.8976755447596276,long_nclose,91.56654721440424,0.049890007815795986,0.0
1709775660000.0,620741,1709775660000.0,0.06260319639894317,-0.004590848000000001,1835.4264803688186,1835.6450999580154,-7.9,2.9056,23.7,2.8976755447596276,long_nclose,68.67491041080318,0.03741632320625741,4.0
1709775780000.0,620743,1709775780000.0,0.1992731963989404,-0.004618182,1835.6211353832175,1836.1950617760153,-7.9,2.9229,15.8,2.8976755447596276,long_nclose,45.78327360720212,0.024941570308103952,2.0
1709775900000.0,620745,1709775900000.0,0.335153196398943,-0.0046453580000000005,1835.9516432216165,1836.3381464180154,-7.9,2.9401,7.9,2.8976755447596276,long_nclose,22.89163680360106,0.012468540164506842,2.0
1709776020000.0,620747,1709776020000.0,0.16545537543745284,-0.002293278,1836.1148053190539,1836.2581031400152,-3.9,2.9401,4.0,2.8976755447596276,long_nclose,11.59070217903851,0.006312623886840477,2.0
1709776380000.0,620753,1709776380000.0,0.007924455240372552,-0.0005811200000000001,1836.122148654294,1836.1396220200152,-1.0,2.9056,3.0,2.8976755447596276,long_nclose,8.693026634278883,0.004734448980232639,6.0
1709776440000.0,620754,1709776440000.0,0.0,-0.016635668000000003,1836.1055129862941,1836.1070863520151,28.7,2.8982,31.7,2.8981503670119526,long_ientry_partial,91.8713666342789,0.05003599519989279,1.0
1709776500000.0,620755,1709776500000.0,0.06280210060557363,-0.004591638,1836.1637234488996,1836.4386047140151,-7.9,2.9061,23.8,2.8981503670119526,long_nclose,68.97597873488448,0.03756526602395,1.0
1709776680000.0,620758,1709776680000.0,0.1986821006055727,-0.004618814,1836.3577867355052,1836.7131459000152,-7.9,2.9233,15.9,2.8981503670119526,long_nclose,46.08059083549005,0.02509347098280208,3.0
1709776740000.0,620759,1709776740000.0,0.13329305483665002,-0.0030986979999999996,1836.487981092342,1836.8107472020151,-5.3,2.9233,10.6,2.8981503670119526,long_nclose,30.720393890326697,0.01672779468562284,1.0
1709777040000.0,620764,1709777040000.0,0.08802371545816512,-0.00204631,1836.5739584978,1836.7425808920152,-3.5,2.9233,7.1,2.8981503670119526,long_nclose,20.576867605784862,0.011203941725611432,5.0
1709777220000.0,620767,1709777220000.0,0.057844155872508504,-0.0013447179999999997,1836.6304579356727,1836.8063761740152,-2.3,2.9233,4.8,2.8981503670119526,long_nclose,13.911121761657371,0.00757426280368514,3.0
1709777280000.0,620768,1709777280000.0,0.10187911917131344,-0.001411488,1836.730925566844,1836.8522446860154,-2.4,2.9406,2.4,2.8981503670119526,long_nclose,6.955560880828686,0.003786924248951757,1.0
1709777640000.0,620774,1709777640000.0,0.020119706390437742,-0.000467728,1836.7505775452344,1836.7957769580153,-0.8,2.9233,1.6,2.8981503670119526,long_nclose,4.637040587219125,0.002524589154296823,6.0
1709777880000.0,620778,1709777880000.0,0.003179853195218918,-0.000232488,1836.7535249104296,1836.7618644700153,-0.4,2.9061,1.2,2.8981503670119526,long_nclose,3.477780440414343,0.0018934388273919,4.0
1709777940000.0,620779,1709777940000.0,0.0023848898964141884,-0.00017436600000000002,1836.755735434326,1836.7577601040152,-0.3,2.9061,0.9,2.8981503670119526,long_nclose,2.6083353303107573,0.0014200774114876962,1.0
1709778000000.0,620780,1709778000000.0,0.0,-0.017857224,1836.737878210326,1836.3708328800153,30.8,2.8989,31.7,2.8988787170445036,long_ientry_partial,91.89445533031076,0.05003133894088935,1.0
1709778420000.0,620787,1709778420000.0,0.06257813534842183,-0.004592744000000001,1836.7958636016745,1836.6083501360154,-7.9,2.9068,23.8,2.8988787170445036,long_nclose,68.99331346565918,0.03756177528099062,7.0
1709778480000.0,620788,1709778480000.0,0.0,-0.0046256000000000005,1836.7912380016744,1836.6418845360151,8.0,2.891,31.8,2.8968966498634963,long_ientry_partial,92.12131346565918,0.05015339335235614,1.0
1709778780000.0,620793,1709778780000.0,0.06243646607837814,-0.004589584,1836.8490848837528,1836.9543249520152,-7.9,2.9048,23.9,2.8968966498634963,long_nclose,69.23582993173756,0.03769271547755881,5.0
1709778840000.0,620794,1709778840000.0,0.0,-0.004521816,1836.8445630677527,1836.790173136015,7.8,2.8986,31.7,2.897315770717273,long_ientry_partial,91.84490993173755,0.05000145999199052,1.0
1709786580000.0,620923,1709786580000.0,0.06307541133354344,-0.004590374,1836.9030481050863,1837.0264327620152,-7.9,2.9053,23.8,2.897315770717273,long_nclose,68.9561153430711,0.03753933307160925,129.0
1709786640000.0,620924,1709786640000.0,0.047106952768089405,-0.003428254000000001,1836.9467268038543,1837.291914508015,-5.9,2.9053,17.9,2.897315770717273,long_nclose,51.86195229583918,0.028232692619276432,1.0
1709786880000.0,620928,1709786880000.0,0.14858695276808873,-0.0034485500000000003,1837.0918652066223,1837.419275958015,-5.9,2.9225,12.0,2.897315770717273,long_nclose,34.76778924860727,0.01892544946014273,4.0
1709787120000.0,620932,1709787120000.0,0.023952687848181053,-0.00174318,1837.1140747144705,1837.161632778015,-3.0,2.9053,9.0,2.897315770717273,long_nclose,26.075841936455458,0.014193915497875787,4.0
1709787180000.0,620933,1709787180000.0,0.01756530442199944,-0.0012783320000000003,1837.1303616868925,1837.184654446015,-2.2,2.9053,6.8,2.897315770717273,long_nclose,19.701747240877456,0.010724196633921443,1.0
1709787240000.0,620934,1709787240000.0,0.01357318978063593,-0.000987802,1837.142947074673,1837.2616966440148,-1.7,2.9053,5.1,2.897315770717273,long_nclose,14.776310430658091,0.008043092375684084,1.0
1709787720000.0,620942,1709787720000.0,0.009581075139272421,-0.000697272,1837.1518308778122,1837.200519372015,-1.2,2.9053,3.9,2.897315770717273,long_nclose,11.299531505797365,0.006150570309911903,8.0
1709787960000.0,620946,1709787960000.0,0.007185806354454316,-0.0005229540000000001,1837.1584937301668,1837.186946418015,-0.9,2.9053,3.0,2.897315770717273,long_nclose,8.691947312151818,0.004731190771953315,4.0
1709788200000.0,620950,1709788200000.0,0.0,-0.016648704,1837.1418450261667,1836.8571577140149,28.8,2.8904,31.8,2.8910524311997428,long_ientry_partial,91.93546731215181,0.05004266140965417,4.0
1709788260000.0,620951,1709788260000.0,0.0627857935220324,-0.00458042,1837.2000503996887,1837.0314972940148,-7.9,2.899,23.9,2.8910524311997428,long_nclose,69.09615310567385,0.037609487921928676,1.0
1709788320000.0,620952,1709788320000.0,0.0,-0.0046144,1837.1954359996887,1837.2055228940148,8.0,2.884,31.9,2.8892837964161084,long_ientry_partial,92.16815310567385,0.05016785438263492,1.0
1709791440000.0,621004,1709791440000.0,0.06253800831274506,-0.004577576000000001,1837.2533964320014,1837.6113853180148,-7.9,2.8972,24.0,2.8892837964161084,long_nclose,69.3428111139866,0.03774264957063207,52.0
1709791560000.0,621006,1709791560000.0,0.0,-0.00455435,1837.2488420820014,1837.2136309680147,7.9,2.8825,31.9,2.887603796676696,long_ientry_partial,92.1145611139866,0.05013722638115849,2.0
1709791620000.0,621007,1709791620000.0,0.062380006254102366,-0.004574890000000001,1837.3066471982556,1837.4769560780148,-7.9,2.8955,24.0,2.887603796676696,long_nclose,69.3024911202407,0.037719610510265886,1.0
1709791680000.0,621008,1709791680000.0,0.04737721993982458,-0.0034746000000000004,1837.3505498181955,1837.550281478015,-6.0,2.8955,18.0,2.887603796676696,long_nclose,51.97686834018053,0.028289031913547254,1.0
1709791980000.0,621013,1709791980000.0,0.15057721993982387,-0.0034952399999999997,1837.4976317981354,1838.396386238015,-6.0,2.9127,12.0,2.887603796676696,long_nclose,34.65124556012035,0.018857845017308344,5.0
1709791980000.0,621013,1709791980000.0,0.25377721993982316,-0.0035158800000000003,1837.7478931380754,1838.1972703580152,-6.0,2.9299,6.0,2.887603796676696,long_nclose,17.325622780060176,0.00942763849424174,0.0
1709791980000.0,621013,1709791980000.0,0.35697721993982245,-0.0035365200000000005,1838.1013338380153,1838.1013338380153,-6.0,2.9471,0.0,2.887603796676696,long_nclose,0.0,0.0,0.0
1709799000000.0,621130,1709799000000.0,0.0,-0.018384732,1838.0829491060153,1838.0480791060154,31.7,2.8998,31.7,2.8998,long_ientry_normal,91.92366,0.05001061570410015,117.0
1709799420000.0,621137,1709799420000.0,0.0624100000000019,-0.004594166000000001,1838.1407649400153,1838.4287449400153,-7.9,2.9077,23.8,2.8998,long_nclose,69.01524,0.037546221332103585,7.0
1709799720000.0,621142,1709799720000.0,0.19907999999999915,-0.0046215,1838.3352234400154,1838.8265334400155,-7.9,2.925,15.9,2.8998,long_nclose,46.10682,0.025080746651702537,5.0
1709800320000.0,621152,1709800320000.0,0.3357499999999999,-0.004648834,1838.6663246060155,1838.9415246060155,-7.9,2.9423,8.0,2.8998,long_nclose,23.1984,0.012616971165211769,10.0
1709800380000.0,621153,1709800380000.0,0.16999999999999993,-0.00235384,1838.8339707660155,1838.9843707660154,-4.0,2.9423,4.0,2.8998,long_nclose,11.5992,0.006307910439118135,1.0
1709800440000.0,621154,1709800440000.0,0.08499999999999996,-0.00117692,1838.9177938460155,1839.0001938460155,-2.0,2.9423,2.0,2.8998,long_nclose,5.7996,0.0031538114533496316,1.0
1709800500000.0,621155,1709800500000.0,0.04249999999999998,-0.00058846,1838.9597053860155,1839.0072053860154,-1.0,2.9423,1.0,2.8998,long_nclose,2.8998,0.0015768697875798772,1.0
1709800620000.0,621157,1709800620000.0,0.059800000000000075,-0.00059192,1839.0189134660154,1839.0189134660154,-1.0,2.9596,0.0,2.8998,long_nclose,0.0,0.0,2.0
1709810580000.0,621323,1709810580000.0,0.0,-0.018407000000000003,1839.0005064660154,1838.8772664660155,31.6,2.9125,31.6,2.9125,long_ientry_normal,92.03500000000001,0.05004620698928601,166.0
1709810640000.0,621324,1709810640000.0,0.06320000000000006,-0.00461439,1839.0590920760155,1839.1775920760156,-7.9,2.9205,23.7,2.9125,long_nclose,69.02625,0.03753345952689316,1.0
1709810700000.0,621325,1709810700000.0,0.04720000000000005,-0.00344619,1839.1028458860155,1839.2879658860156,-5.9,2.9205,17.8,2.9125,long_nclose,51.8425,0.028189016245594518,1.0
1709810760000.0,621326,1709810760000.0,0.0,-0.0080385,1839.0948073860154,1839.0410873860153,13.8,2.9125,31.6,2.9125,long_ientry_partial,92.03500000000001,0.050043640833728045,1.0
1709810880000.0,621328,1709810880000.0,0.06320000000000006,-0.00461439,1839.1533929960156,1839.3761729960156,-7.9,2.9205,23.7,2.9125,long_nclose,69.02625,0.0375315350328419,2.0
1709811180000.0,621333,1709811180000.0,0.04720000000000005,-0.00344619,1839.1971468060156,1839.2469868060155,-5.9,2.9205,17.8,2.9125,long_nclose,51.8425,0.028187570913771078,5.0
1709811240000.0,621334,1709811240000.0,0.0,-0.0080385,1839.1891083060154,1839.0911483060154,13.8,2.9125,31.6,2.9125,long_ientry_partial,92.03500000000001,0.050041074941319555,1.0
1709811540000.0,621339,1709811540000.0,0.06320000000000006,-0.00461439,1839.2476939160156,1839.4609939160155,-7.9,2.9205,23.7,2.9125,long_nclose,69.02625,0.037529610736133895,5.0
1709811660000.0,621341,1709811660000.0,0.0,-0.004601750000000001,1839.2430921660157,1839.1514521660158,7.9,2.9125,31.6,2.9124999999999996,long_ientry_partial,92.035,0.05003960617930794,2.0
1709812860000.0,621361,1709812860000.0,0.06320000000000357,-0.00461439,1839.3016777760158,1839.403587776016,-7.9,2.9205,23.7,2.9124999999999996,long_nclose,69.02624999999999,0.037528509234799806,20.0
1709812920000.0,621362,1709812920000.0,0.0,-0.004601592000000001,1839.2970761840159,1839.3389461840159,7.9,2.9124,31.6,2.9124749999999993,long_ientry_partial,92.03420999999999,0.050037707987305176,1.0
1709812980000.0,621363,1709812980000.0,0.06339750000000662,-0.00461439,1839.355859294016,1839.541311794016,-7.9,2.9205,23.7,2.9124749999999993,long_nclose,69.02565749999998,0.03752708164177295,1.0
1709813040000.0,621364,1709813040000.0,0.0,-0.004601592000000001,1839.351257702016,1839.343160202016,7.9,2.9124,31.6,2.912456249999999,long_ientry_partial,92.03361749999998,0.050035911908953,1.0
1709813040000.0,621364,1709813040000.0,0.04745812500000599,-0.00344619,1839.395269637016,1839.388684012016,-5.9,2.9205,25.7,2.912456249999999,long_nclose,74.85012562499998,0.040692790103657714,0.0
1709813280000.0,621368,1709813280000.0,0.05084000000000515,-0.0037381120000000005,1839.4423715250161,1839.6265659000162,-6.4,2.9204,19.3,2.912456249999999,long_nclose,56.210405624999986,0.030558394486910695,4.0
1709813580000.0,621373,1709813580000.0,0.16220000000000712,-0.0037603840000000007,1839.600811141016,1839.926455516016,-6.4,2.9378,12.9,2.912456249999999,long_nclose,37.57068562499999,0.0204232817236565,5.0
1709813640000.0,621374,1709813640000.0,0.10897812500000476,-0.0025265080000000002,1839.707262758016,1839.911459008016,-4.3,2.9378,8.6,2.912456249999999,long_nclose,25.04712374999999,0.013614733309499652,1.0
1709813700000.0,621375,1709813700000.0,0.07096250000000309,-0.001645168,1839.7765800900158,1839.909073840016,-2.8,2.9378,5.8,2.912456249999999,long_nclose,16.892246249999996,0.009181683489618885,1.0
1709813760000.0,621376,1709813760000.0,0.0481531250000021,-0.0011163640000000001,1839.823616851016,1839.934157476016,-1.9,2.9378,3.9,2.912456249999999,long_nclose,11.358579374999996,0.006173732781211376,1.0
1709814420000.0,621387,1709814420000.0,0.0,-0.016136358000000003,1839.8074804930159,1839.840031118016,27.7,2.9127,31.6,2.9126699169303794,long_ientry_partial,92.040369375,0.050027174229303494,11.0
1709814780000.0,621393,1709814780000.0,0.06264765625000202,-0.0046145480000000004,1839.8655136012658,1840.0250165700159,-7.9,2.9206,23.7,2.9126699169303794,long_nclose,69.03027703125,0.03751919720269847,6.0
1709814840000.0,621394,1709814840000.0,0.0,-0.004602066000000001,1839.8609115352658,1839.8047445040158,7.9,2.9127,31.6,2.912677437697784,long_ientry_partial,92.04060703124999,0.05002585057065374,1.0
1709814840000.0,621394,1709814840000.0,0.04674311758307242,-0.003446308,1839.9042083448487,1839.8585281960156,-5.9,2.9206,25.7,2.912677437697784,long_nclose,74.85581014883306,0.04068462358492688,0.0
1709822040000.0,621514,1709822040000.0,0.0513443987341816,-0.003738496,1839.951814247583,1840.1896397000157,-6.4,2.9207,19.3,2.912677437697784,long_nclose,56.214674547567235,0.030552253658096624,120.0
1709822100000.0,621515,1709822100000.0,0.1620643987341822,-0.0037606400000000004,1840.110118006317,1840.4071090600155,-6.4,2.938,12.9,2.912677437697784,long_nclose,37.57353894630142,0.020419179579867094,1.0
1709822160000.0,621516,1709822160000.0,0.10888701789952865,-0.00252668,1840.2164783442165,1840.4196323800156,-4.3,2.938,8.6,2.912677437697784,long_nclose,25.049025964200943,0.013611999598405655,1.0
1709822220000.0,621517,1709822220000.0,0.0709031744462047,-0.00164528,1840.2857362386626,1840.4511671000155,-2.8,2.938,5.8,2.912677437697784,long_nclose,16.893529138647146,0.009179840285658913,1.0
1709822340000.0,621519,1709822340000.0,0.12360543067642528,-0.001714074,1840.4076275953391,1840.5344230260155,-2.9,2.9553,2.9,2.912677437697784,long_nclose,8.446764569323573,0.004589616149526637,2.0
1709822520000.0,621522,1709822520000.0,0.05967158722310186,-0.000827484,1840.4664716985624,1840.5377555420157,-1.4,2.9553,1.5,2.912677437697784,long_nclose,4.369016156546676,0.0023738634871813347,3.0
1709822700000.0,621525,1709822700000.0,0.0,-0.01750917,1840.4489625285623,1839.9276163720156,30.1,2.9085,31.6,2.9086982960932493,long_ientry_partial,91.91486615654668,0.049941545801012795,3.0
1709823120000.0,621532,1709823120000.0,0.06321346086333142,-0.004608386000000001,1840.5075676034257,1840.7777879860157,-7.9,2.9167,23.7,2.9086982960932493,long_nclose,68.93614961741001,0.037454966679204484,7.0
1709823300000.0,621535,1709823300000.0,0.0,-0.004595272,1840.5029723314258,1840.7676627140158,7.9,2.9084,31.6,2.9086237220699367,long_ientry_partial,91.91250961741001,0.049938799881959116,3.0
1709823300000.0,621535,1709823300000.0,0.04765003978737395,-0.003441706000000001,1840.547180665213,1840.7624510080157,-5.9,2.9167,25.7,2.9086237220699367,long_nclose,74.75162965719737,0.040613807916719924,0.0
1709823660000.0,621541,1709823660000.0,0.051048178752404284,-0.0037332479999999998,1840.5944955959656,1840.8101977600159,-6.4,2.9166,19.3,2.9086237220699367,long_nclose,56.13643783594978,0.03049907949321199,6.0
1709823780000.0,621543,1709823780000.0,0.0,-0.007154910000000001,1840.5873406859655,1840.5185928500157,12.3,2.9085,31.6,2.9085755644287907,long_ientry_partial,91.9109878359498,0.04993568400926611,2.0
1709823780000.0,621543,1709823780000.0,0.03851729074180383,-0.0027999360000000003,1840.6230580407073,1840.5647529140158,-4.8,2.9166,26.8,2.9085755644287907,long_nclose,77.9498251266916,0.042349695004726844,0.0
1709826540000.0,621589,1709826540000.0,0.053093718327102746,-0.00390811,1840.6722436490343,1840.8837848040155,-6.7,2.9165,20.1,2.9085755644287907,long_nclose,58.462368845018695,0.031761422516547635,46.0
1709826600000.0,621590,1709826600000.0,0.0,-0.006743079999999999,1840.6655005690343,1840.7125417240156,11.6,2.9065,31.7,2.9078160518933345,long_ientry_partial,92.1777688450187,0.050078500855545084,1.0
1709826780000.0,621593,1709826780000.0,0.06307319004265724,-0.004606964,1840.7239667950769,1840.9830047600155,-7.9,2.9158,23.8,2.9078160518933345,long_nclose,69.20602203506137,0.03759717550456923,3.0
1709827020000.0,621597,1709827020000.0,0.19974319004265798,-0.004634298,1840.9190756871196,1841.2368204620157,-7.9,2.9331,15.9,2.9078160518933345,long_nclose,46.23427522510402,0.025114778718802272,4.0
1709827140000.0,621599,1709827140000.0,0.13400492496532748,-0.003109086,1841.049971526085,1841.2745213760156,-5.3,2.9331,10.6,2.9078160518933345,long_nclose,30.822850150069346,0.016741995397615218,2.0
1709827200000.0,621600,1709827200000.0,0.08849381837332948,-0.00205317,1841.1364121744584,1841.4288182060156,-3.5,2.9331,7.1,2.9078160518933345,long_nclose,20.645493968442675,0.01121345155737781,1.0
1709827320000.0,621602,1709827320000.0,0.1490438183733298,-0.00206528,1841.2833907128318,1841.4449729260157,-3.5,2.9504,3.6,2.9078160518933345,long_nclose,10.468137786816005,0.005685239892792051,2.0
1709827380000.0,621603,1709827380000.0,0.21558221318399512,-0.002136744,1841.4968361820158,1841.4968361820158,-3.6,2.9677,0.0,2.9078160518933345,long_nclose,0.0,0.0,1.0
1709829180000.0,621633,1709829180000.0,0.0,-0.018392464,1841.4784437180158,1841.4942437180157,31.6,2.9102,31.6,2.9102,long_ientry_normal,91.96232,0.04993939533406894,30.0
1709829240000.0,621634,1709829240000.0,0.06320000000000006,-0.004610756000000001,1841.537032962016,1841.7195229620158,-7.9,2.9182,23.7,2.9102,long_nclose,68.97174,0.037453354869037066,1.0
1709829300000.0,621635,1709829300000.0,0.04720000000000005,-0.0034434760000000004,1841.5807894860159,1841.924329486016,-5.9,2.9182,17.8,2.9102,long_nclose,51.80156,0.028128855543968715,1.0
1709829480000.0,621638,1709829480000.0,0.03520000000000004,-0.0025680160000000007,1841.613421470016,1841.744741470016,-4.4,2.9182,13.4,2.9102,long_nclose,38.996680000000005,0.02117528008069794,3.0
1709829600000.0,621640,1709829600000.0,0.0,-0.010593492,1841.602827978016,1841.698967978016,18.2,2.9103,31.6,2.9102575949367084,long_ientry_partial,91.96413999999999,0.04993701063164191,2.0
1709829600000.0,621640,1709829600000.0,0.02620993670886258,-0.0019260120000000002,1841.627111902725,1841.713211966016,-3.3,2.9182,28.3,2.9102575949367084,long_nclose,82.36028993670885,0.04472147993717153,0.0
1709829780000.0,621643,1709829780000.0,0.05559683544304184,-0.004085480000000001,1841.678623258168,1841.7221264860161,-7.0,2.9182,21.3,2.9102575949367084,long_nclose,61.988486772151894,0.033658688323419984,3.0
1709829840000.0,621644,1709829840000.0,0.0,-0.005995218,1841.672628040168,1841.7525312680161,10.3,2.9103,31.6,2.9102714168402497,long_ientry_partial,91.9645767721519,0.049935355161365894,1.0
1709831040000.0,621664,1709831040000.0,0.06263580696202835,-0.004610756000000001,1841.7306530911303,1841.7882105120163,-7.9,2.9182,23.7,2.9102714168402497,long_nclose,68.97343257911392,0.037450336434022014,20.0
1709831100000.0,621665,1709831100000.0,0.0,-0.004597958,1841.7260551331303,1841.9242325540165,7.9,2.9101,31.6,2.910228562630187,long_ientry_partial,91.96322257911392,0.049933171289400204,1.0
1709831160000.0,621666,1709831160000.0,0.06297435522152432,-0.004610756000000001,1841.784418732352,1842.1060617980165,-7.9,2.9182,23.7,2.910228562630187,long_nclose,68.97241693433543,0.03744869173223172,1.0
1709831340000.0,621669,1709831340000.0,0.19964435522152507,-0.004638090000000001,1841.9794249975735,1842.3692337080165,-7.9,2.9355,15.8,2.910228562630187,long_nclose,45.98161128955696,0.024963151415015143,3.0
1709831400000.0,621670,1709831400000.0,0.13141147432302916,-0.0030529200000000006,1842.1077835518963,1842.4424407880163,-5.2,2.9355,10.6,2.910228562630187,long_nclose,30.84842276387998,0.016746263730778546,1.0
1709831520000.0,621672,1709831520000.0,0.22615861806000973,-0.003130074,1842.3308120959564,1842.5824107140163,-5.3,2.9529,5.3,2.910228562630187,long_nclose,15.42421138193999,0.008372118232334396,2.0
1709831880000.0,621678,1709831880000.0,0.04296144352868261,-0.0009980700000000002,1842.372775469485,1842.4475526440165,-1.7,2.9355,3.6,2.910228562630187,long_nclose,10.476822825468673,0.005686592292810505,6.0
1709831940000.0,621679,1709831940000.0,0.030325724843775957,-0.00070452,1842.4023966743289,1842.4743281240164,-1.2,2.9355,2.4,2.910228562630187,long_nclose,6.984548550312448,0.0037910005777891244,1.0
1709832120000.0,621682,1709832120000.0,0.051205724843775786,-0.0007086960000000001,1842.4528937031728,1842.5063794280165,-1.2,2.9529,1.2,2.910228562630187,long_nclose,3.492274275156224,0.0018954483379692011,3.0
1709832300000.0,621685,1709832300000.0,0.025602862421887893,-0.00035434800000000004,1842.4781422175947,1842.5073450800166,-0.6,2.9529,0.6,2.910228562630187,long_nclose,1.746137137578112,0.000947711181787195,3.0
1709832540000.0,621689,1709832540000.0,0.012801431210943947,-0.00017717400000000002,1842.4907664748055,1842.5046179060164,-0.3,2.9529,0.3,2.910228562630187,long_nclose,0.873068568789056,0.00047385234416098473,4.0
1709832660000.0,621691,1709832660000.0,0.017991431210943976,-0.00017821200000000002,1842.5085796940164,1842.5085796940164,-0.3,2.9702,0.0,2.910228562630187,long_nclose,0.0,0.0,2.0
1709838900000.0,621795,1709838900000.0,0.0,-0.018453768000000002,1842.4901259260164,1842.4522059260164,31.6,2.9199,31.6,2.9199,long_ientry_normal,92.26884000000001,0.05007833621557491,104.0
1709839140000.0,621799,1709839140000.0,0.06320000000000006,-0.004626082,1842.5486998440165,1842.8567998440165,-7.9,2.9279,23.7,2.9199,long_nclose,69.20163000000001,0.0375575581833242,4.0
1709839560000.0,621806,1709839560000.0,0.0,-0.004613600000000001,1842.5440862440164,1842.4579762440164,7.9,2.92,31.6,2.9199249999999997,long_ientry_partial,92.26962999999999,0.050077298388061645,7.0
1709839560000.0,621806,1709839560000.0,0.04705250000000301,-0.003454922000000001,1842.5876838220165,1842.5176513220165,-5.9,2.9279,25.7,2.9199249999999997,long_nclose,75.04207249999999,0.040726459402107146,0.0
1709839680000.0,621808,1709839680000.0,0.05104000000000326,-0.0037477120000000007,1842.6349761100166,1842.8564436100166,-6.4,2.9279,19.3,2.9199249999999997,long_nclose,56.3545525,0.030583676762160453,2.0
1709839800000.0,621810,1709839800000.0,0.0,-0.007183446000000001,1842.6277926640166,1842.5869301640166,12.3,2.9201,31.6,2.919993117088608,long_ientry_partial,92.27178250000001,0.05007619165810812,2.0
1709840100000.0,621815,1709840100000.0,0.06325437499999645,-0.00462624,1842.6864207990166,1842.8240439240165,-7.9,2.928,23.7,2.919993117088608,long_nclose,69.20383687500001,0.03755594880055185,5.0
1709840220000.0,621817,1709840220000.0,0.0,-0.004613600000000001,1842.6818071990165,1842.7167303240165,7.9,2.92,31.6,2.9199948378164557,long_ientry_partial,92.271836875,0.05007475328323698,2.0
1709841120000.0,621832,1709841120000.0,0.0632407812499991,-0.00462624,1842.7404217402664,1842.8661540840164,-7.9,2.928,23.7,2.9199948378164557,long_nclose,69.20387765625,0.03755487036578626,15.0
1709841360000.0,621836,1709841360000.0,0.0,-0.004613442000000001,1842.7358082982664,1842.7462006420164,7.9,2.9199,31.6,2.9199711283623415,long_ientry_partial,92.27108765624999,0.05007287927044772,4.0
1709841600000.0,621840,1709841600000.0,0.06342808593750152,-0.00462624,1842.7946101442037,1842.9825244020162,-7.9,2.928,23.7,2.9199711283623415,long_nclose,69.2033157421875,0.03755346111891013,4.0
1709841660000.0,621841,1709841660000.0,0.0,-0.004613442000000001,1842.7899967022038,1842.8167509600164,7.9,2.9199,31.6,2.9199533462717557,long_ientry_partial,92.27052574218749,0.0500711019200841,1.0
1709842200000.0,621850,1709842200000.0,0.06277856445313104,-0.004626082,1842.848149184657,1842.9013948780164,-7.9,2.9279,23.7,2.9199533462717557,long_nclose,69.20289430664062,0.03755214141613268,9.0
1709842260000.0,621851,1709842260000.0,0.0,-0.004613442000000001,1842.843535742657,1842.9307514360164,7.9,2.9199,31.6,2.9199400097038164,long_ientry_partial,92.2701043066406,0.05006941854640752,1.0
1709842380000.0,621853,1709842380000.0,0.06288392333985181,-0.004626082,1842.9017935839968,1843.0809653540164,-7.9,2.9279,23.7,2.9199400097038164,long_nclose,69.20257822998045,0.037550876813353264,2.0
1709842440000.0,621854,1709842440000.0,0.04696394274748426,-0.003454922000000001,1842.9453026047443,1842.9481504320163,-5.9,2.9279,17.8,2.9199400097038164,long_nclose,51.97493217272793,0.028202102416858856,1.0
1709842620000.0,621857,1709842620000.0,0.0,-0.008058924,1842.9372436807444,1842.9870915080164,13.8,2.9199,31.6,2.9199225371116437,long_ientry_partial,92.26955217272794,0.05006657306921949,3.0
1709842680000.0,621858,1709842680000.0,0.06302195681801584,-0.004626082,1842.9956395555623,1843.1254554260163,-7.9,2.9279,23.7,2.9199225371116437,long_nclose,69.20216412954595,0.037548740021020356,1.0
1709842740000.0,621859,1709842740000.0,0.04706703104130297,-0.003454922000000001,1843.0392516646036,1843.0922505040164,-5.9,2.9279,17.8,2.9199225371116437,long_nclose,51.97462116058726,0.028200496063035343,1.0
1709842800000.0,621860,1709842800000.0,0.0,-0.008058924,1843.0311927406037,1842.9833915800166,13.8,2.9199,31.6,2.919912694955293,long_ientry_partial,92.26924116058726,0.050063852160517196,1.0
1709843100000.0,621865,1709843100000.0,0.06309970985318718,-0.004626082,1843.0896663684568,1843.3405854980165,-7.9,2.9279,23.7,2.919912694955293,long_nclose,69.20193087044044,0.037546697880843145,5.0
1709843400000.0,621870,1709843400000.0,0.20055970985318608,-0.004653574000000001,1843.28557250431,1843.6424519240163,-7.9,2.9453,15.8,2.919912694955293,long_nclose,46.13462058029363,0.025028471588162314,5.0
1709843760000.0,621876,1709843760000.0,0.03115048967435823,-0.0022837620000000004,1843.3144392319844,1843.4547081620165,-3.9,2.9279,11.9,2.919912694955293,long_nclose,34.74696106996799,0.018850262511069617,6.0
1709844360000.0,621886,1709844360000.0,0.02316318462965099,-0.001698182,1843.335904234614,1843.4158899800163,-2.9,2.9279,9.0,2.919912694955293,long_nclose,26.279214254597637,0.014256335046817871,10.0
1709844720000.0,621892,1709844720000.0,0.017572071098355926,-0.001288276,1843.3521880297124,1843.3765817040164,-2.2,2.9279,6.8,2.919912694955293,long_nclose,19.85540632569599,0.010771357993677087,6.0
1709844780000.0,621893,1709844780000.0,0.0,-0.014484688,1843.3377033417123,1843.3403370160163,24.8,2.9203,31.6,2.9202166558764553,long_ientry_partial,92.278846325696,0.050060738278399776,1.0
1709847660000.0,621941,1709847660000.0,0.06306841857600252,-0.004626556,1843.3961452042884,1843.6374904600164,-7.9,2.9282,23.7,2.9202166558764553,long_nclose,69.20913474427199,0.03754436338837093,48.0
1709847780000.0,621943,1709847780000.0,0.0,-0.004612178000000001,1843.3915330262885,1843.6621082820166,7.9,2.9191,31.6,2.919937491907341,long_ientry_partial,92.27002474427198,0.05005449091587865,2.0
1709849460000.0,621971,1709849460000.0,0.06290381393200675,-0.004626082,1843.4498107582206,1843.6171922000167,-7.9,2.9279,23.7,2.919937491907341,long_nclose,69.20251855820398,0.037539681392107234,28.0
1709849520000.0,621972,1709849520000.0,0.04697879774668859,-0.003454922000000001,1843.4933346339674,1843.6777872780167,-5.9,2.9279,17.8,2.919937491907341,long_nclose,51.97488735595067,0.028193694210600702,1.0
1709849820000.0,621977,1709849820000.0,0.035035035607699966,-0.002576552,1843.5257931175752,1843.624450726017,-4.4,2.9279,13.4,2.919937491907341,long_nclose,39.12716239155837,0.02122409273449365,5.0
1709849880000.0,621978,1709849880000.0,0.026276276705774967,-0.0019324140000000001,1843.550136980281,1843.627528312017,-3.3,2.9279,10.1,2.919937491907341,long_nclose,29.491368668264144,0.015997052684756787,1.0
1709849940000.0,621979,1709849940000.0,0.019906270231647705,-0.0014639500000000003,1843.5685793005125,1843.6268143620168,-2.5,2.9279,7.6,2.919937491907341,long_nclose,22.191524938495792,0.012037265761448217,1.0
1709850000000.0,621980,1709850000000.0,0.015128765376052254,-0.001112602,1843.5825954638885,1843.6599017600167,-1.9,2.9279,5.7,2.919937491907341,long_nclose,16.643643703871845,0.009027880684501643,1.0
1709850720000.0,621992,1709850720000.0,0.011147511329722713,-0.000819812,1843.5929231632183,1843.6237219480167,-1.4,2.9279,4.3,2.919937491907341,long_nclose,12.555731215201567,0.006810468329233207,12.0
1709850900000.0,621995,1709850900000.0,0.0,-0.015939378,1843.5769837852183,1843.5236825700167,27.3,2.9193,31.6,2.919386747316505,long_ientry_partial,92.25262121520156,0.050040015701318406,3.0
1709850960000.0,621996,1709850960000.0,0.06330469619961102,-0.0046252920000000005,1843.635663189418,1844.0388772780168,-7.9,2.9274,23.7,2.919386747316505,long_nclose,69.18946591140117,0.03752881726734776,1.0
1709851200000.0,622000,1709851200000.0,0.04727819083262089,-0.0034543320000000005,1843.6794870482506,1843.9289229460169,-5.9,2.9274,17.8,2.919386747316505,long_nclose,51.96508410223379,0.028185530330670658,4.0
1709851320000.0,622002,1709851320000.0,0.0,-0.008057544,1843.6714295042507,1843.6558654020168,13.8,2.9194,31.6,2.9193925348808163,long_ientry_partial,92.2528041022338,0.050037551499639975,2.0
1709851620000.0,622007,1709851620000.0,0.0632589744415513,-0.0046252920000000005,1843.7300631866924,1843.912730110017,-7.9,2.9274,23.7,2.9193925348808163,long_nclose,69.18960307667534,0.03752697016671108,5.0
1709851680000.0,622008,1709851680000.0,0.04724404420318389,-0.0034543320000000005,1843.7738528988955,1844.000045778017,-5.9,2.9274,17.8,2.9193925348808163,long_nclose,51.96518712087853,0.02818414364602017,1.0
1709851920000.0,622012,1709851920000.0,0.03523284652440833,-0.002576112,1843.8065096334199,1843.939269666017,-4.4,2.9274,13.4,2.9193925348808163,long_nclose,39.11985996740294,0.02121690088575543,4.0
1709852400000.0,622020,1709852400000.0,0.0,-0.010626980000000001,1843.7958826534198,1843.8889626860168,18.2,2.9195,31.6,2.9194544293481943,long_ientry_partial,92.25475996740295,0.05003523483013666,8.0
1709852700000.0,622025,1709852700000.0,0.06277000814926485,-0.0046252920000000005,1843.8540273695692,1844.082627394017,-7.9,2.9274,23.7,2.9194544293481943,long_nclose,69.19106997555221,0.037525242751596646,5.0
1709853120000.0,622032,1709853120000.0,0.0,-0.004612968,1843.8494144015692,1843.862344426017,7.9,2.9196,31.6,2.919490822011145,long_ientry_partial,92.25590997555219,0.050034405876628656,7.0
1709854260000.0,622051,1709854260000.0,0.06327250611195563,-0.004625450000000001,1843.908061457681,1844.0718089760169,-7.9,2.9275,23.7,2.919490822011145,long_nclose,69.19193248166414,0.037524610867509973,19.0
1709854320000.0,622052,1709854320000.0,0.047254150134245346,-0.003454450000000001,1843.9518611578153,1844.0801845260169,-5.9,2.9275,17.8,2.919490822011145,long_nclose,51.96693663179838,0.02818237163695174,1.0
1709854440000.0,622054,1709854440000.0,0.03524038315096263,-0.0025762000000000007,1843.9845253409662,1844.144108326017,-4.4,2.9275,13.4,2.919490822011145,long_nclose,39.121177014949346,0.021215566875603553,2.0
1709854800000.0,622060,1709854800000.0,0.11180038315096202,-0.0025915120000000002,1844.0937342121172,1844.358416814017,-4.4,2.9449,9.0,2.919490822011145,long_nclose,26.275417398100306,0.01424841748043051,6.0
1709855280000.0,622068,1709855280000.0,0.07622753396656501,-0.00176694,1844.1681948060839,1844.329049874017,-3.0,2.9449,6.0,2.919490822011145,long_nclose,17.51694493206687,0.009498561455187007,8.0
1709855520000.0,622072,1709855520000.0,0.1284275339665646,-0.0017773800000000003,1844.2948449600503,1844.433472494017,-3.0,2.9623,3.0,2.919490822011145,long_nclose,8.758472466033435,0.004748954588236218,4.0
1709856000000.0,622080,1709856000000.0,0.0642137669832823,-0.0008886900000000001,1844.3581700370337,1844.438283804017,-1.5,2.9623,1.5,2.919490822011145,long_nclose,4.379236233016718,0.0023743957676771563,8.0
1709856060000.0,622081,1709856060000.0,0.09031376698328208,-0.00089391,1844.4475898940168,1844.4475898940168,-1.5,2.9797,0.0,2.919490822011145,long_nclose,0.0,0.0,1.0
1709884200000.0,622550,1709884200000.0,0.0,-0.018426048,1844.4291638460168,1844.6602038460167,30.4,3.0306,30.4,3.0306,long_ientry_normal,92.13024,0.049950543943845134,469.0
1709884860000.0,622561,1709884860000.0,0.06307999999999811,-0.004619128,1844.4876247180166,1844.6905447180166,-7.6,3.0389,22.8,3.0306,long_nclose,69.09768000000001,0.037461720574332176,11.0
1709885100000.0,622565,1709885100000.0,0.04730999999999859,-0.003464346,1844.5314703720164,1844.6939203720165,-5.7,3.0389,17.1,3.0306,long_nclose,51.823260000000005,0.028095622564546417,4.0
1709885220000.0,622567,1709885220000.0,0.03485999999999896,-0.0025526760000000003,1844.5637776960164,1844.6992276960164,-4.2,3.0389,12.9,3.0306,long_nclose,39.09474,0.021194572111153536,2.0
1709886180000.0,622583,1709886180000.0,0.02655999999999921,-0.001944896,1844.5883928000164,1844.8008228000165,-3.2,3.0389,9.7,3.0306,long_nclose,29.396819999999998,0.015936791164221045,16.0
1709886240000.0,622584,1709886240000.0,0.08415999999999997,-0.0019564160000000003,1844.6705963840166,1844.8278963840166,-3.2,3.0569,6.5,3.0306,long_nclose,19.698900000000002,0.010678817149584553,1.0
1709886420000.0,622587,1709886420000.0,0.013279999999999605,-0.000972448,1844.6829039360164,1844.7274939360163,-1.6,3.0389,4.9,3.0306,long_nclose,14.849940000000002,0.00805013152575684,3.0
1709886540000.0,622589,1709886540000.0,0.0,-0.01545861,1844.6674453260164,1844.5999753260164,25.5,3.0311,30.4,3.0310194078947372,long_ientry_partial,92.14299000000001,0.04995100349034195,2.0
1709886600000.0,622590,1709886600000.0,0.06293249999999624,-0.004619736,1844.7257580900164,1845.0034755900163,-7.6,3.0393,22.8,3.0310194078947372,long_nclose,69.10724250000001,0.037462068384382485,1.0
1709886840000.0,622594,1709886840000.0,0.04719937499999718,-0.0034648020000000003,1844.7694926630163,1845.0256607880162,-5.7,3.0393,17.1,3.0310194078947372,long_nclose,51.83043187500001,0.028095885193862465,4.0
1709887740000.0,622609,1709887740000.0,0.03477848684210318,-0.0025530120000000003,1844.8017181378584,1844.9111177760162,-4.2,3.0393,12.9,3.0310194078947372,long_nclose,39.10015036184211,0.0211947712198088,15.0
1709888580000.0,622623,1709888580000.0,0.026497894736840524,-0.0019451520000000003,1844.8262708805953,1844.8891326240164,-3.2,3.0393,9.7,3.0310194078947372,long_nclose,29.40088825657895,0.015936941445735674,14.0
1709888640000.0,622624,1709888640000.0,0.019873421052630392,-0.0014588639999999998,1844.844685437648,1844.9277637600164,-2.4,3.0393,7.3,3.0310194078947372,long_nclose,22.126441677631583,0.011993660958175773,1.0
1709888880000.0,622628,1709888880000.0,0.014905065789472793,-0.001094148,1844.8584963554374,1844.9293396120163,-1.8,3.0393,5.5,3.0310194078947372,long_nclose,16.670606743421054,0.009036252252600534,4.0
1709889000000.0,622630,1709889000000.0,0.010764769736841462,-0.0007902180000000001,1844.8684709071742,1844.9221493940163,-1.3,3.0393,4.2,3.0310194078947372,long_nclose,12.730281513157896,0.0069003735029945275,2.0
1709889180000.0,622633,1709889180000.0,0.036932828947367734,-0.000856072,1844.9045476641215,1844.9781333220162,-1.4,3.0574,2.8,3.0310194078947372,long_nclose,8.486854342105264,0.004600159045003535,3.0
1709889240000.0,622634,1709889240000.0,0.023742532894736403,-0.000550332,1844.927739865016,1844.9826129900162,-0.9,3.0574,1.9,3.0310194078947372,long_nclose,5.758936875000001,0.003121497254641178,1.0
1709889420000.0,622637,1709889420000.0,0.0158283552631576,-0.000366888,1844.9432013322794,1844.9895861020161,-0.6,3.0574,1.3,3.0310194078947372,long_nclose,3.9403252302631584,0.0021357433808356545,3.0
1709889540000.0,622639,1709889540000.0,0.02662835526315774,-0.000369048,1844.9694606395426,1845.0007370540163,-0.6,3.0754,0.7,3.0310194078947372,long_nclose,2.121713585526316,0.0011499992985200104,2.0
1709889660000.0,622641,1709889660000.0,0.01331417763157887,-0.000184524,1844.9825902931743,1845.0001425300163,-0.3,3.0754,0.4,3.0310194078947372,long_nclose,1.212407763157895,0.000657137779801618,2.0
1709889720000.0,622642,1709889720000.0,0.008876118421052582,-0.00012301600000000002,1844.9913433955953,1844.9986395140163,-0.2,3.0754,0.2,3.0310194078947372,long_nclose,0.6062038815789474,0.0003285673310874542,1.0
1709890140000.0,622649,1709890140000.0,0.002638059210526267,-6.1148e-05,1844.9939203068059,1844.9963383660163,-0.1,3.0574,0.1,3.0310194078947372,long_nclose,0.3031019407894737,0.0001642834360880011,7.0
1709890200000.0,622650,1709890200000.0,0.002638059210526267,-6.1148e-05,1844.9964972180164,1844.9964972180164,-0.1,3.0574,0.0,3.0310194078947372,long_nclose,0.0,0.0,1.0
1709897460000.0,622771,1709897460000.0,0.0,-0.018461920000000003,1844.9780352980165,1844.9841152980166,30.4,3.0365,30.4,3.0365,long_ientry_normal,92.3096,0.05003289916407562,121.0
1709897580000.0,622773,1709897580000.0,0.06307999999999811,-0.004628096,1845.0364872020164,1845.1504872020164,-7.6,3.0448,22.8,3.0365,long_nclose,69.2322,0.03752348556802262,2.0
1709897700000.0,622775,1709897700000.0,0.04730999999999859,-0.0034710720000000004,1845.0803261300164,1845.2769761300165,-5.7,3.0448,17.1,3.0365,long_nclose,51.924150000000004,0.028141945510258014,2.0
1709897880000.0,622778,1709897880000.0,0.03485999999999896,-0.0025576320000000002,1845.1126284980164,1845.2583984980165,-4.2,3.0448,12.9,3.0365,long_nclose,39.17085,0.02122951704681919,3.0
1709898000000.0,622780,1709898000000.0,0.0,-0.010628100000000001,1845.1020003980163,1845.2492103980164,17.5,3.0366,30.4,3.036557565789474,long_ientry_partial,92.31135,0.050030486108674235,2.0
1709898060000.0,622781,1709898060000.0,0.06340249999999799,-0.004628248000000001,1845.1607746500163,1845.4535821500162,-7.6,3.0449,22.8,3.036557565789474,long_nclose,69.23351250000002,0.03752166935866713,1.0
1709898240000.0,622784,1709898240000.0,0.20096249999999802,-0.00465576,1845.3570813900162,1845.7818063900163,-7.6,3.063,15.2,3.036557565789474,long_nclose,46.155675,0.025011785234125644,3.0
1709899200000.0,622800,1709899200000.0,0.13221217105263028,-0.0030630000000000006,1845.4862305610689,1845.7447233900161,-5.0,3.063,10.2,3.036557565789474,long_nclose,30.972887171052633,0.01678304972323537,16.0
1709899500000.0,622805,1709899500000.0,0.020856085526315127,-0.00152245,1845.505564196595,1845.542850940016,-2.5,3.0449,7.7,3.036557565789474,long_nclose,23.381493256578953,0.012669424416911813,5.0
1709899560000.0,622806,1709899560000.0,0.015850624999999497,-0.0011570620000000002,1845.520257759595,1845.5663238780162,-1.9,3.0449,5.8,3.036557565789474,long_nclose,17.61203388157895,0.009543126826989922,1.0
1709899620000.0,622807,1709899620000.0,0.01167940789473647,-0.000852572,1845.5310845954898,1845.595511306016,-1.4,3.0449,4.4,3.036557565789474,long_nclose,13.360853289473686,0.007239570983656537,1.0
1709900040000.0,622814,1709900040000.0,0.009176677631578657,-0.0006698780000000002,1845.5395913951213,1845.570421428016,-1.1,3.0449,3.3,3.036557565789474,long_nclose,10.020639967105264,0.005429653210273446,7.0
1709900160000.0,622816,1709900160000.0,0.006673947368420841,-0.0004871840000000001,1845.5457781584898,1845.579884244016,-0.8,3.0449,2.5,3.036557565789474,long_nclose,7.591393914473685,0.00411335985501724,2.0
1709900640000.0,622824,1709900640000.0,0.005005460526315631,-0.000365388,1845.550418231016,1845.570828856016,-0.6,3.0449,1.9,3.036557565789474,long_nclose,5.769459375,0.003126145630055505,8.0
1709900760000.0,622826,1709900760000.0,0.0033369736842104205,-0.00024359200000000005,1845.5535116127,1845.565125264016,-0.4,3.0449,1.5,3.036557565789474,long_nclose,4.554836348684211,0.0024680055712413664,2.0
1709900820000.0,622827,1709900820000.0,0.0025027302631578153,-0.000182694,1845.5558316489632,1845.5690825700158,-0.3,3.0449,1.2,3.036557565789474,long_nclose,3.6438690789473687,0.0019744019749820584,1.0
1709901180000.0,622833,1709901180000.0,0.010576973684210423,-0.00024504,1845.5661635826475,1845.5869175300159,-0.4,3.063,0.8,3.036557565789474,long_nclose,2.4292460526315796,0.0013162606145291924,6.0
1709901240000.0,622834,1709901240000.0,0.005288486842105211,-0.00012252,1845.5713295494895,1845.5867750100158,-0.2,3.063,0.6,3.036557565789474,long_nclose,1.8219345394736843,0.000987192697623031,1.0
1709901300000.0,622835,1709901300000.0,0.005288486842105211,-0.00012252,1845.5764955163315,1845.5869924900157,-0.2,3.063,0.4,3.036557565789474,long_nclose,1.2146230263157898,0.0006581266229097582,1.0
1709901480000.0,622838,1709901480000.0,0.0026442434210526057,-6.126e-05,1845.5790784997525,1845.5858712300158,-0.1,3.063,0.3,3.036557565789474,long_nclose,0.9109672697368422,0.0004935942763706206,3.0
1709901540000.0,622839,1709901540000.0,0.0026442434210526057,-6.126e-05,1845.5816614831735,1845.5865299700156,-0.1,3.063,0.2,3.036557565789474,long_nclose,0.6073115131578949,0.0003290623903739043,1.0
1709901600000.0,622840,1709901600000.0,0.0026442434210526057,-6.126e-05,1845.5842444665946,1845.5869787100155,-0.1,3.063,0.1,3.036557565789474,long_nclose,0.30365575657894744,0.00016453096491767525,1.0
1709902440000.0,622854,1709902440000.0,0.004444243421052585,-6.162000000000001e-05,1845.5886270900155,1845.5886270900155,-0.1,3.081,0.0,3.036557565789474,long_nclose,0.0,0.0,14.0
1709906340000.0,622919,1709906340000.0,0.0,-0.018431490000000002,1845.5701956000155,1845.7126056000154,30.3,3.0415,30.3,3.0415,long_ientry_normal,92.15745000000001,0.04993440521509863,65.0
1709906400000.0,622920,1709906400000.0,0.06224999999999814,-0.0045747,1845.6278709000155,1845.7464309000154,-7.5,3.0498,22.8,3.0415,long_nclose,69.34620000000001,0.037573229735734064,1.0
1709906460000.0,622921,1709906460000.0,0.0,-0.00456225,1845.6233086500156,1845.6414886500156,7.5,3.0415,30.3,3.0415,long_ientry_partial,92.15745000000001,0.04993296821083645,1.0
1709906520000.0,622922,1709906520000.0,0.06224999999999814,-0.0045747,1845.6809839500156,1845.9409039500156,-7.5,3.0498,22.8,3.0415,long_nclose,69.34620000000001,0.03757214849317537,1.0
1709906700000.0,622925,1709906700000.0,0.0,-0.00456225,1845.6764217000157,1845.6915717000156,7.5,3.0415,30.3,3.0415,long_ientry_partial,92.15745000000001,0.049931531289279636,3.0
1709906820000.0,622927,1709906820000.0,0.06224999999999814,-0.0045747,1845.7340970000157,1845.9050970000158,-7.5,3.0498,22.8,3.0415,long_nclose,69.34620000000001,0.03757106731284459,2.0
1709906880000.0,622928,1709906880000.0,0.04730999999999859,-0.003476772,1845.7779302280155,1845.8856602280155,-5.7,3.0498,17.1,3.0415,long_nclose,52.00965000000001,0.02817763131102942,1.0
1709906940000.0,622929,1709906940000.0,0.03485999999999896,-0.002561832,1845.8102283960154,1845.9430983960153,-4.2,3.0498,12.9,3.0415,long_nclose,39.235350000000004,0.02125643763177919,1.0
1709907180000.0,622933,1709907180000.0,0.0,-0.01058442,1845.7996439760154,1845.9481139760155,17.4,3.0415,30.3,3.0415,long_ientry_partial,92.15745000000001,0.049928197949743194,4.0
1709907480000.0,622938,1709907480000.0,0.06224999999999814,-0.0045747,1845.8573192760155,1845.9667592760154,-7.5,3.0498,22.8,3.0415,long_nclose,69.34620000000001,0.03756855921409953,5.0
1709907540000.0,622939,1709907540000.0,0.0,-0.0045623999999999994,1845.8527568760155,1845.8095868760156,7.5,3.0416,30.3,3.0415247524752473,long_ientry_partial,92.1582,0.049927167623040364,1.0
1709908200000.0,622950,1709908200000.0,0.06281435643564537,-0.00457485,1845.9109963824512,1846.3071520260155,-7.5,3.0499,22.8,3.0415247524752473,long_nclose,69.34676435643564,0.03756777249409039,11.0
1709908860000.0,622961,1709908860000.0,0.0,-0.00456255,1845.9064338324513,1845.9043694760157,7.5,3.0417,30.3,3.0415681305754334,long_ientry_partial,92.15951435643564,0.049926427833666,11.0
1709908860000.0,622961,1709908860000.0,0.04749165572002991,-0.0034768860000000006,1845.9504486021713,1845.9487725900156,-5.7,3.0499,24.6,3.0415681305754334,long_nclose,74.82257601215566,0.04053336104921688,0.0
1709908980000.0,622963,1709908980000.0,0.05082440348985657,-0.003720878,1845.9975521276613,1846.2700917120158,-6.1,3.0499,18.5,3.0415681305754334,long_nclose,56.26901041564552,0.030481627860660453,2.0
1709909520000.0,622972,1709909520000.0,0.1612344034898566,-0.00374296,1846.155043571151,1846.7642787520156,-6.1,3.068,12.4,3.0415681305754334,long_nclose,37.71544481913538,0.020429186026640355,9.0
1709909520000.0,622972,1709909520000.0,0.27164440348985663,-0.0037650419999999997,1846.4229229326409,1846.7324537100155,-6.1,3.0861,6.3,3.0415681305754334,long_nclose,19.16187922262523,0.010377838676412638,0.0
1709909700000.0,622975,1709909700000.0,0.05550692579158998,-0.00128856,1846.4771412984326,1846.5797551500157,-2.1,3.068,4.2,3.0415681305754334,long_nclose,12.774586148416821,0.00691835596699226,3.0
1709909940000.0,622979,1709909940000.0,0.0,-0.015879762000000002,1846.4612615364326,1846.5180353880157,26.1,3.0421,30.3,3.0420262755253074,long_ientry_partial,92.17339614841681,0.04991894391097039,4.0
1709910000000.0,622980,1709910000000.0,0.06280293356019317,-0.0045756,1846.519488869993,1846.822129788016,-7.5,3.0504,22.8,3.0420262755253074,long_nclose,69.358199081977,0.037561585187720854,1.0
1709910180000.0,622983,1709910180000.0,0.0,-0.00456315,1846.514925719993,1846.410556638016,7.5,3.0421,30.3,3.0420445241576566,long_ientry_partial,92.173949081977,0.04991779259300411,3.0
1709910300000.0,622985,1709910300000.0,0.06266606881757397,-0.0045756,1846.5730161888107,1846.7726410380162,-7.5,3.0504,22.8,3.0420445241576566,long_nclose,69.35861515079458,0.03756072169512452,2.0
1709910360000.0,622986,1709910360000.0,0.0,-0.004623992,1846.5683921968107,1846.7976570460162,7.6,3.0421,30.4,3.0420583931182428,long_ientry_partial,92.47857515079457,0.05008131599218776,1.0
1709910420000.0,622987,1709910420000.0,0.06339621230135321,-0.0046366079999999995,1846.627151801112,1846.600740438016,-7.6,3.0504,22.8,3.0420583931182428,long_nclose,69.35893136309593,0.037559791804992436,1.0
1709910480000.0,622988,1709910480000.0,0.0,-0.004622168,1846.622529633112,1846.894038270016,7.6,3.0409,30.4,3.0417687948386827,long_ientry_partial,92.46977136309594,0.05007508025014072,1.0
1709910480000.0,622988,1709910480000.0,0.04919786941950748,-0.0034774560000000003,1846.6682500465315,1846.888850814016,-5.7,3.0504,24.7,3.0417687948386827,long_nclose,75.13168923251546,0.040684995385945645,0.0
1709910660000.0,622991,1709910660000.0,0.050820351484035874,-0.003721122,1846.7153492760156,1847.0935096920161,-6.1,3.0501,18.6,3.0417687948386827,long_nclose,56.5768995839995,0.030636502591576905,3.0
1709910960000.0,622996,1709910960000.0,0.16387347200016764,-0.003804568000000001,1846.8754181800157,1847.1932451240161,-6.2,3.0682,12.4,3.0417687948386827,long_nclose,37.717933055999666,0.020422564881592508,5.0
1709911020000.0,622997,1709911020000.0,0.10836794116140118,-0.0025159239999999997,1846.981270197177,1847.096899200016,-4.1,3.0682,8.3,3.0417687948386827,long_nclose,25.246680997161068,0.013669159186690519,1.0
1709911140000.0,622999,1709911140000.0,0.016662410322634713,-0.0012200400000000001,1846.9967125674998,1847.0964491600162,-2.0,3.0501,6.3,3.0417687948386827,long_nclose,19.1631434074837,0.010375299142165296,2.0
1709911260000.0,623001,1709911260000.0,0.012496807741976035,-0.00091503,1847.008294345242,1847.0646041300163,-1.5,3.0501,4.8,3.0417687948386827,long_nclose,14.600490215225676,0.007904940253883105,2.0
1709911260000.0,623001,1709911260000.0,0.03964680774197604,-0.00092046,1847.0470206929838,1847.0857336700162,-1.5,3.0682,3.3,3.0417687948386827,long_nclose,10.037837022967652,0.005434532478334856,0.0
1709911320000.0,623002,1709911320000.0,0.0,-0.016489808,1847.0305308849838,1847.0599738620162,27.1,3.0424,30.4,3.0423314810186732,long_ientry_partial,92.48687702296766,0.05007328004407898,1.0
1709911500000.0,623005,1709911500000.0,0.06360074425808317,-0.004637064,1847.089494565242,1847.1754167980162,-7.6,3.0507,22.8,3.0423314810186732,long_nclose,69.36515776722575,0.03755376118554156,3.0
1709911560000.0,623006,1709911560000.0,0.047700558193562385,-0.0034777980000000003,1847.1337173254356,1847.1930290000162,-5.7,3.0507,17.1,3.0423314810186732,long_nclose,52.023868325419315,0.028164646575098786,1.0
1709911620000.0,623007,1709911620000.0,0.0,-0.008092518,1847.1256248074355,1847.1281264820161,13.3,3.0423,30.4,3.0423177080730044,long_ientry_partial,92.48645832541933,0.050070475490837894,1.0
1709911680000.0,623008,1709911680000.0,0.06294541864516816,-0.004636912000000001,1847.1839333140806,1848.0248495700162,-7.6,3.0506,22.8,3.0423177080730044,long_nclose,69.3648437440645,0.03755167121858582,1.0
1709911680000.0,623008,1709911680000.0,0.20126541864516642,-0.004664576,1847.3805341567256,1847.941144994016,-7.6,3.0688,15.2,3.0423177080730044,long_nclose,46.24322916270967,0.025031783277839035,0.0
1709911800000.0,623010,1709911800000.0,0.33882541864516647,-0.004692088,1847.714667487371,1848.165212906016,-7.6,3.0869,7.6,3.0423177080730044,long_nclose,23.121614581354834,0.012513628315132088,2.0
1709911800000.0,623010,1709911800000.0,0.4763854186451665,-0.0047196,1848.186333306016,1848.186333306016,-7.6,3.105,0.0,3.0423177080730044,long_nclose,0.0,0.0,0.0
1709911920000.0,623012,1709911920000.0,0.0,-0.018498399999999998,1848.167834906016,1845.671994906016,30.4,3.0425,30.4,3.0425,long_ientry_normal,92.49199999999999,0.05004523845352143,2.0
1709911920000.0,623012,1709911920000.0,0.0,-0.025393824000000002,1848.142441082016,1846.566761082016,43.2,2.9391,73.6,2.981808695652174,long_rentry,219.46112,0.11874686448492248,0.0
1709911920000.0,623012,1709911920000.0,0.0,-0.060109435999999995,1848.082331646016,1855.6173116460159,104.6,2.8733,178.2,2.9181161616161617,long_rentry,520.0083,0.2813772368771301,0.0
1709911980000.0,623013,1709911980000.0,3.8120399999999983,-0.052763238000000004,1851.841608408016,1859.957178408016,-89.1,2.9609,89.1,2.9181161616161617,long_nclose,260.00415,0.14040301763362975,1.0
1709911980000.0,623013,1709911980000.0,5.353470000000007,-0.053071524,1857.1420068840162,1857.1420068840162,-89.1,2.9782,0.0,2.9181161616161617,long_nclose,0.0,0.0,0.0
1709912040000.0,623014,1709912040000.0,0.0,-0.018596856000000002,1857.1234100280162,1857.0090800280163,30.9,3.0092,30.9,3.0092,long_ientry_normal,92.98428,0.05006898276006184,1.0
1709912100000.0,623015,1709912100000.0,0.06313999999999989,-0.004646796,1857.181903232016,1857.1726232320161,-7.7,3.0174,23.2,3.0092,long_nclose,69.81344,0.03759106196248471,1.0
1709912160000.0,623016,1709912160000.0,0.0,-0.004633552000000001,1857.177269680016,1856.852809680016,7.7,3.0088,30.9,3.0091003236245952,long_ientry_partial,92.98119999999999,0.0500658722880128,1.0
1709912160000.0,623016,1709912160000.0,0.048138122977346855,-0.0035001839999999995,1857.2219076189936,1856.9583494960161,-5.8,3.0174,25.1,3.0091003236245952,long_nclose,75.52841812297734,0.04066741718538455,0.0
1709912520000.0,623022,1709912520000.0,0.05083799352751015,-0.0037414520000000006,1857.269004160521,1857.3975180440161,-6.2,3.0173,18.9,3.0091003236245952,long_nclose,56.871996116504846,0.030621302562582088,6.0
1709912580000.0,623023,1709912580000.0,0.0,-0.007177842,1857.2618263185211,1857.5936202020164,11.9,3.0159,30.8,3.0117274713150923,long_ientry_partial,92.76120611650485,0.049945142252978324,1.0
1709912580000.0,623023,1709912580000.0,0.026190884819066486,-0.0028362620000000004,1857.28518094134,1857.5663439400162,-4.7,3.0173,26.1,3.0117274713150923,long_nclose,78.60608700132391,0.04232311106982691,0.0
1709912820000.0,623027,1709912820000.0,0.2277009995586971,-0.005285946,1857.5075959948988,1857.9960579940162,-8.7,3.0379,17.4,3.0117274713150923,long_nclose,52.4040580008826,0.02821202891114665,4.0
1709912880000.0,623028,1709912880000.0,0.0,-0.008025072000000001,1857.4995709228988,1858.2817929220162,13.2,3.0398,30.6,3.023837189571327,long_ientry_partial,92.52941800088261,0.049813964670209515,1.0
1709912880000.0,623028,1709912880000.0,0.27807645072945597,-0.005317092,1857.7723302816282,1858.332155830016,-8.7,3.0558,21.9,3.023837189571327,long_nclose,66.22203445161206,0.03564593646497747,0.0
1709912940000.0,623029,1709912940000.0,0.19171851612931337,-0.004453146000000001,1857.9595956517576,1858.4247926840162,-7.3,3.0501,14.6,3.023837189571327,long_nclose,44.148022967741376,0.02376156245327531,1.0
1709913180000.0,623033,1709913180000.0,0.0,-0.009672288000000001,1857.9499233637575,1858.4959603960162,15.9,3.0416,30.5,3.0330971464833234,long_ientry_partial,92.50946296774137,0.04979114980680212,4.0
1709914920000.0,623062,1709914920000.0,0.06310168672674123,-0.004622928,1858.0084021224843,1858.1962474680163,-7.6,3.0414,22.9,3.0330971464833234,long_nclose,69.4579246544681,0.03738299814743748,29.0
1709914980000.0,623063,1709914980000.0,0.04732626504505593,-0.003467196,1858.0522611915294,1858.2208702720163,-5.7,3.0414,17.2,3.0330971464833234,long_nclose,52.16927091951316,0.02807739696517369,1.0
1709915040000.0,623064,1709915040000.0,0.0,-0.008145592000000002,1858.0441155995295,1857.8006246800164,13.4,3.0394,30.6,3.035857219591933,long_ientry_partial,92.89723091951316,0.04999732252833959,1.0
1709940480000.0,623488,1709940480000.0,0.06340513110130849,-0.004627184,1858.1028935466309,1858.3062774960165,-7.6,3.0442,23.0,3.035857219591933,long_nclose,69.82471605061446,0.037578498097776164,424.0
1709941380000.0,623503,1709941380000.0,0.04755384832598138,-0.003470388,1858.1469770069568,1858.2740071080163,-5.7,3.0442,17.3,3.035857219591933,long_nclose,52.520329898940446,0.02826489537632728,15.0
1709941800000.0,623510,1709941800000.0,0.0358739557546877,-0.002618012,1858.1802329507113,1858.2847890960163,-4.3,3.0442,13.0,3.035857219591933,long_nclose,39.46614385469513,0.02123913663209331,7.0
1709941860000.0,623511,1709941860000.0,0.026696897305814107,-0.0019482880000000003,1858.2049815600171,1858.2994808080161,-3.2,3.0442,9.8,3.035857219591933,long_nclose,29.751400752000947,0.016010828217145227,1.0
1709942640000.0,623524,1709942640000.0,0.020022672979360577,-0.001461216,1858.2235430169965,1858.2312595920162,-2.4,3.0442,7.4,3.035857219591933,long_nclose,22.465343424980308,0.01208968829902228,13.0
1709942940000.0,623529,1709942940000.0,0.015017004734520435,-0.001095912,1858.237464109731,1858.3004236800161,-1.8,3.0442,5.6,3.035857219591933,long_nclose,17.000800429714825,0.00914888476745882,5.0
1709943720000.0,623542,1709943720000.0,0.0,-0.015222504000000001,1858.2222416057311,1857.9572411760164,25.3,3.0084,30.9,3.013376065686564,long_ientry_partial,93.11332042971482,0.050108818173037,13.0
1709946060000.0,623581,1709946060000.0,0.06332429421345753,-0.004653264000000001,1858.2809126359448,1858.4601079120166,-7.7,3.0216,23.2,3.013376065686564,long_nclose,69.91032472392828,0.03762096691008976,39.0
1709946120000.0,623582,1709946120000.0,0.04769881901792905,-0.003505056,1858.3251063989628,1858.3585828560167,-5.8,3.0216,17.4,3.013376065686564,long_nclose,52.432743542946206,0.028215054170230562,1.0
1709946180000.0,623583,1709946180000.0,0.035362917547774986,-0.002598576,1858.3578707405104,1858.4747742800164,-4.3,3.0216,13.1,3.013376065686564,long_nclose,39.475226460493985,0.02124199384952914,1.0
1709946600000.0,623590,1709946600000.0,0.0,-0.010705632000000001,1858.3471651085104,1858.0530486480163,17.8,3.0072,30.9,3.009818332054822,long_ientry_partial,93.003386460494,0.050046292859958416,7.0
1709947500000.0,623605,1709947500000.0,0.0637688431778709,-0.004647874000000001,1858.4062860776883,1858.6958607740164,-7.7,3.0181,23.2,3.009818332054822,long_nclose,69.82778530367187,0.03757401480332316,15.0
1709947620000.0,623607,1709947620000.0,0.0,-0.00463078,1858.4016552976882,1858.2528399940163,7.7,3.007,30.9,3.0091160292450443,long_ientry_partial,92.98168530367187,0.0500331481295294,2.0
1709947800000.0,623610,1709947800000.0,0.0637865748131579,-0.004646796,1858.4607950765012,1858.8409031980161,-7.7,3.0174,23.2,3.0091160292450443,long_nclose,69.81149187848503,0.03756414558942112,3.0
1709948460000.0,623621,1709948460000.0,0.04804703037874231,-0.0035001839999999995,1858.50534192288,1858.7939030140162,-5.8,3.0174,17.4,3.0091160292450443,long_nclose,52.35861890886377,0.028172433905781277,11.0
1709949240000.0,623634,1709949240000.0,0.035621074246308955,-0.002594964,1858.5383680331263,1858.6481980500162,-4.3,3.0174,13.1,3.0091160292450443,long_nclose,39.41941998311008,0.021209903793822284,13.0
1709949780000.0,623643,1709949780000.0,0.11259107424630907,-0.0026103579999999997,1858.6483487493724,1858.898127692016,-4.3,3.0353,8.8,3.0091160292450443,long_nclose,26.480221057356392,0.014247031223078924,9.0
1709949900000.0,623645,1709949900000.0,0.07593351518937123,-0.0017604740000000002,1858.7225217905616,1858.9094572180159,-2.9,3.0353,5.9,3.0091160292450443,long_nclose,17.75378457254576,0.00955160566701641,2.0
1709950140000.0,623649,1709950140000.0,0.049749544434415635,-0.001153414,1858.771117920996,1858.8962538040157,-1.9,3.0353,4.0,3.0091160292450443,long_nclose,12.036464116980177,0.006475495557754716,4.0
1709951040000.0,623664,1709951040000.0,0.03403916198144228,-0.000789178,1858.8043679049772,1858.8934246260155,-1.3,3.0353,2.7,3.0091160292450443,long_nclose,8.12461327896162,0.004370881314486427,15.0
1709951340000.0,623669,1709951340000.0,0.057309161981442314,-0.0007938320000000001,1858.8608832349587,1858.9158807940157,-1.3,3.0532,1.4,3.0091160292450443,long_nclose,4.212762440943061,0.002266313998501937,5.0
1709951580000.0,623673,1709951580000.0,0.01047358830198224,-0.00024282400000000002,1858.8711139992606,1858.8962979700157,-0.4,3.0353,1.0,3.0091160292450443,long_nclose,3.0091160292450443,0.0016187868037666657,4.0
1709951640000.0,623674,1709951640000.0,0.00785519122648668,-0.000182118,1858.878787072487,1858.9003358520156,-0.3,3.0353,0.7,3.0091160292450443,long_nclose,2.1063812204715306,0.0011331460852209898,1.0
1709951760000.0,623676,1709951760000.0,0.013225191226486688,-0.000183192,1858.8918290717136,1858.9099026600156,-0.3,3.0532,0.4,3.0091160292450443,long_nclose,1.203646411698018,0.0006475075057482448,2.0
1709951880000.0,623678,1709951880000.0,0.024793588301982264,-0.000245688,1858.9163769720155,1858.9163769720155,-0.4,3.0711,0.0,3.0091160292450443,long_nclose,0.0,0.0,2.0
1709989920000.0,624312,1709989920000.0,0.0,-0.018601986,1858.8977749860155,1859.0113949860156,29.9,3.1107,29.9,3.1107,long_ientry_normal,93.00993,0.05003498914871729,634.0
1709989980000.0,624313,1709989980000.0,0.06290000000000129,-0.004616416000000001,1858.9560585700153,1859.0933085700153,-7.4,3.1192,22.5,3.1107,long_nclose,69.99075,0.03765056719729015,1.0
1709990040000.0,624314,1709990040000.0,0.047600000000000975,-0.003493504,1859.0001650660154,1859.1691650660155,-5.6,3.1192,16.9,3.1107,long_nclose,52.570829999999994,0.028279088398108422,1.0
1709990340000.0,624319,1709990340000.0,0.03570000000000073,-0.0026201280000000006,1859.0332449380153,1859.1208749380153,-4.2,3.1192,12.7,3.1107,long_nclose,39.50589,0.02125077112395439,5.0
1709990400000.0,624320,1709990400000.0,0.02635000000000054,-0.0019339040000000002,1859.0576610340154,1859.1181410340155,-3.1,3.1192,9.6,3.1107,long_nclose,29.86272,0.016063364050467502,1.0
1709990460000.0,624321,1709990460000.0,0.020400000000000418,-0.0014972160000000002,1859.0765638180155,1859.1341638180156,-2.4,3.1192,7.2,3.1107,long_nclose,22.39704,0.01204740054062262,1.0
1709990640000.0,624324,1709990640000.0,0.0,-0.014122577999999998,1859.0624412400155,1858.9966612400153,22.7,3.1107,29.9,3.1107000000000005,long_ientry_partial,93.00993000000001,0.0500305573049829,3.0
1709991000000.0,624330,1709991000000.0,0.062899999999998,-0.004616416000000001,1859.1207248240153,1859.3839748240152,-7.4,3.1192,22.5,3.1107000000000005,long_nclose,69.99075,0.03764723240693546,6.0
1709991240000.0,624334,1709991240000.0,0.0,-0.004603836000000001,1859.1161209880154,1858.8888809880154,7.4,3.1107,29.9,3.1107000000000005,long_ientry_partial,93.00993000000001,0.05002911273265195,4.0
1709991420000.0,624337,1709991420000.0,0.062899999999998,-0.004616416000000001,1859.1744045720152,1859.4916545720152,-7.4,3.1192,22.5,3.1107000000000005,long_nclose,69.99075,0.037646145422334375,3.0
1709992200000.0,624350,1709992200000.0,0.047599999999998484,-0.003493504,1859.2185110680152,1859.3300510680153,-5.6,3.1192,16.9,3.1107000000000005,long_nclose,52.57083,0.028275767311396364,13.0
1709992260000.0,624351,1709992260000.0,0.035699999999998865,-0.0026201280000000006,1859.2515909400151,1859.4878109400152,-4.2,3.1192,12.7,3.1107000000000005,long_nclose,39.50589,0.021248275484882763,1.0
1709992560000.0,624356,1709992560000.0,0.11339999999999871,-0.0026356680000000003,1859.362355272015,1859.5400052720152,-4.2,3.1377,8.5,3.1107000000000005,long_nclose,26.440950000000004,0.014220439563611489,5.0
1709993040000.0,624364,1709993040000.0,0.07559999999999913,-0.0017571120000000001,1859.436198160015,1859.591238160015,-2.8,3.1377,5.7,3.1107000000000005,long_nclose,17.730990000000002,0.0095356807711636,8.0
1709994120000.0,624382,1709994120000.0,0.05129999999999941,-0.001192326,1859.4863058340152,1859.5896658340152,-1.9,3.1377,3.8,3.1107000000000005,long_nclose,11.820660000000002,0.006356949208452606,18.0
1709994840000.0,624394,1709994840000.0,0.03239999999999963,-0.000753048,1859.5179527860153,1859.5936127860152,-1.2,3.1377,2.6,3.1107000000000005,long_nclose,8.08782,0.004349417540111649,12.0
1709994960000.0,624396,1709994960000.0,0.021599999999999755,-0.0005020320000000001,1859.5390507540153,1859.5892707540154,-0.8,3.1377,1.8,3.1107000000000005,long_nclose,5.599260000000001,0.0030111010563233856,2.0
1709995140000.0,624399,1709995140000.0,0.016199999999999815,-0.000376524,1859.5548742300152,1859.5857142300151,-0.6,3.1377,1.2,3.1107000000000005,long_nclose,3.7328400000000004,0.0020073836226777953,3.0
1709995200000.0,624400,1709995200000.0,0.010799999999999877,-0.00025101600000000006,1859.5654232140153,1859.5920632140153,-0.4,3.1377,0.8,3.1107000000000005,long_nclose,2.4885600000000005,0.0013382481567649556,1.0
1709995500000.0,624405,1709995500000.0,0.005399999999999939,-0.00012550800000000003,1859.5706977060152,1859.5887577060153,-0.2,3.1377,0.6,3.1107000000000005,long_nclose,1.8664200000000002,0.0010036832707153507,5.0
1709995980000.0,624413,1709995980000.0,0.005399999999999939,-0.00012550800000000003,1859.575972198015,1859.588972198015,-0.2,3.1377,0.4,3.1107000000000005,long_nclose,1.2442800000000003,0.0006691202825820898,8.0
1709996100000.0,624415,1709996100000.0,0.0026999999999999694,-6.275400000000002e-05,1859.578609444015,1859.587009444015,-0.1,3.1377,0.3,3.1107000000000005,long_nclose,0.9332100000000001,0.0005018395002290414,2.0
1709996400000.0,624420,1709996400000.0,0.0026999999999999694,-6.275400000000002e-05,1859.581246690015,1859.587146690015,-0.1,3.1377,0.2,3.1107000000000005,long_nclose,0.6221400000000001,0.0003345591923490227,5.0
1709996640000.0,624424,1709996640000.0,0.0026999999999999694,-6.275400000000002e-05,1859.583883936015,1859.5859839360148,-0.1,3.1377,0.1,3.1107000000000005,long_nclose,0.31107000000000007,0.00016727935894001513,4.0
1709997300000.0,624435,1709997300000.0,0.0026999999999999694,-6.275400000000002e-05,1859.5865211820148,1859.5865211820148,-0.1,3.1377,0.0,3.1107000000000005,long_nclose,0.0,0.0,11.0
1710000300000.0,624485,1710000300000.0,0.0,-0.018565996,1859.5679551860148,1859.4636551860149,29.8,3.1151,29.8,3.1151,long_ientry_normal,92.82998,0.04992018696660865,50.0
1710000360000.0,624486,1710000360000.0,0.06290000000000129,-0.004622928,1859.6262322580149,1859.8323122580148,-7.4,3.1236,22.4,3.1151,long_nclose,69.77824,0.03752272300185459,1.0
1710000600000.0,624490,1710000600000.0,0.047600000000000975,-0.0034984319999999997,1859.670333826015,1859.828253826015,-5.6,3.1236,16.8,3.1151,long_nclose,52.33368,0.028141374870636712,4.0
1710000900000.0,624495,1710000900000.0,0.0,-0.00809952,1859.6622343060149,1859.6847743060148,13.0,3.1152,29.8,3.1151436241610737,long_ientry_partial,92.83127999999999,0.04991835521929744,5.0
1710027180000.0,624933,1710027180000.0,0.06331718120805396,-0.004623076,1859.720928411223,1860.132111230015,-7.4,3.1237,22.4,3.1151436241610737,long_nclose,69.77921718120804,0.0375213378067542,438.0
1710027240000.0,624934,1710027240000.0,0.20021718120805368,-0.004650456,1859.916495136431,1860.3583407740148,-7.4,3.1422,15.0,3.1151436241610737,long_nclose,46.72715436241611,0.02512325391199271,1.0
1710027780000.0,624943,1710027780000.0,0.13528187919463086,-0.0031422,1860.0486348156257,1860.319198574015,-5.0,3.1422,10.0,3.1151436241610737,long_nclose,31.15143624161074,0.01674764608759737,9.0
1710027840000.0,624944,1710027840000.0,0.08928604026845637,-0.0020738519999999997,1860.1358470038942,1860.3452647220151,-3.3,3.1422,6.7,3.1151436241610737,long_nclose,20.871462281879193,0.011220396787415654,1.0
1710028320000.0,624952,1710028320000.0,0.15066604026845692,-0.002086128,1860.2844269161628,1860.510718594015,-3.3,3.1608,3.4,3.1151436241610737,long_nclose,10.59148832214765,0.005693477926762742,8.0
1710028320000.0,624952,1710028320000.0,0.21813167785234944,-0.002161924,1860.5003966700153,1860.5003966700153,-3.4,3.1793,0.0,3.1151436241610737,long_nclose,0.0,0.0,0.0
1710030960000.0,624996,1710030960000.0,0.0,-0.018618600000000003,1860.4817780700153,1860.4157780700152,30.0,3.1031,30.0,3.1031,long_ientry_normal,93.093,0.050037039382654275,44.0
1710031140000.0,624999,1710031140000.0,0.0637500000000013,-0.0046674,1860.5408606700153,1860.9211106700152,-7.5,3.1116,22.5,3.1031,long_nclose,69.81975,0.03752658781966047,3.0
1710031260000.0,625001,1710031260000.0,0.0,-0.004654500000000001,1860.5362061700152,1860.5159561700152,7.5,3.103,30.0,3.103075,long_ientry_partial,93.09225,0.05003517249021128,2.0
1710031800000.0,625010,1710031800000.0,0.06393750000000087,-0.0046674,1860.5954762700153,1860.6477887700153,-7.5,3.1116,22.5,3.103075,long_nclose,69.8191875,0.03752518394808116,9.0
1710031860000.0,625011,1710031860000.0,0.04774000000000064,-0.0034849919999999997,1860.6397312780152,1860.7331037780152,-5.6,3.1116,16.9,3.103075,long_nclose,52.4419675,0.02818491222047551,1.0
1710031980000.0,625013,1710031980000.0,0.0,-0.008129598,1860.6316016800151,1860.6496441800152,13.1,3.1029,30.0,3.102998583333333,long_ientry_partial,93.0899575,0.0500313750534746,2.0
1710032040000.0,625014,1710032040000.0,0.06376062500000113,-0.00466725,1860.690695055015,1860.881976930015,-7.5,3.1115,22.5,3.102998583333333,long_nclose,69.81746812499999,0.037522339586341456,1.0
1710032100000.0,625015,1710032100000.0,0.04760793333333417,-0.0034848799999999997,1860.7348181083485,1860.946092050015,-5.6,3.1115,16.9,3.102998583333333,long_nclose,52.440676058333324,0.028182777872477992,1.0
1710032400000.0,625020,1710032400000.0,0.15120793333333393,-0.0035055999999999998,1860.882520441682,1861.1503464500151,-5.6,3.13,11.3,3.102998583333333,long_nclose,35.063883991666664,0.01884261021665367,5.0
1710032460000.0,625021,1710032460000.0,0.09990524166666709,-0.0023162,1860.9801094833485,1861.1701202500153,-3.7,3.13,7.6,3.102998583333333,long_nclose,23.58278923333333,0.012672241424375279,1.0
1710032700000.0,625025,1710032700000.0,0.0,-0.013901888,1860.9662075953486,1860.9099783620152,22.4,3.1031,30.0,3.1030743077777774,long_ientry_partial,93.09222923333333,0.05002360002744093,4.0
1710032760000.0,625026,1710032760000.0,0.06394269166667077,-0.0046674,1861.0254828870152,1860.8505609620152,-7.5,3.1116,22.5,3.1030743077777774,long_nclose,69.81917192499999,0.037516505048974004,1.0
1710032820000.0,625027,1710032820000.0,0.0,-0.0047048559999999994,1861.0207780310152,1860.698366106015,7.6,3.0953,30.1,3.1011113596345514,long_ientry_partial,93.343451925,0.05015712507184289,1.0
1710066600000.0,625590,1710066600000.0,0.0,-0.025643192,1860.9951348390152,1857.9461829140153,42.8,2.9957,72.9,3.0392237575445815,long_rentry,221.559411925,0.11905426713765478,563.0
1710078600000.0,625790,1710078600000.0,0.0,-0.06068059199999999,1860.9344542470153,1855.3056823220154,103.6,2.9286,176.5,2.9742910590651555,long_rentry,524.962371925,0.2820961107614153,200.0
1710086400000.0,625920,1710086400000.0,0.35760429522665177,-0.026304768000000003,1861.2657537742418,1861.9024575540152,-44.1,2.9824,132.4,2.9742910590651555,long_nclose,393.7961362202266,0.21157437374093072,130.0
1710086520000.0,625922,1710086520000.0,0.26840594494335995,-0.019743488000000003,1861.5144162311854,1862.3295640660153,-33.1,2.9824,99.3,2.9742910590651555,long_nclose,295.34710216516993,0.15865958361103025,2.0
1710086640000.0,625924,1710086640000.0,0.8542759449433616,-0.019860662000000005,1862.3488315141287,1864.1765434040155,-33.1,3.0001,66.2,2.9742910590651555,long_nclose,196.8980681101133,0.10572566469732259,2.0
1710086940000.0,625929,1710086940000.0,1.4434559449433555,-0.019978498000000004,1863.772308961072,1865.5997249060154,-33.1,3.0179,33.1,2.9742910590651555,long_nclose,98.44903405505664,0.0528224577550116,5.0
1710087300000.0,625935,1710087300000.0,2.029325944943357,-0.020095672000000002,1865.7815392340153,1865.7815392340153,-33.1,3.0356,0.0,2.9742910590651555,long_nclose,0.0,0.0,6.0
1710118260000.0,626451,1710118260000.0,0.0,-0.018638532,1865.7629007020153,1865.6916207020154,29.7,3.1378,29.7,3.1378,long_ientry_normal,93.19265999999999,0.04994882252452075,516.0
1710118380000.0,626453,1710118380000.0,0.06363999999999957,-0.004656672000000001,1865.8218840300153,1865.7928940300153,-7.4,3.1464,22.3,3.1378,long_nclose,69.97294,0.037502475771623196,2.0
1710118440000.0,626454,1710118440000.0,0.0,-0.00464202,1865.8172420100154,1866.6851920100155,7.4,3.1365,29.7,3.1374760942760944,long_ientry_partial,93.18304,0.04994221186401696,1.0
1710118440000.0,626454,1710118440000.0,0.04908148148147995,-0.00346104,1865.8628624514968,1866.5700809700154,-5.5,3.1464,24.2,3.1374760942760944,long_nclose,75.92692148148149,0.04069265914951733,0.0
1710118440000.0,626454,1710118440000.0,0.1519314814814796,-0.00348161,1866.011312322978,1866.557799360015,-5.5,3.1651,18.7,3.1374760942760944,long_nclose,58.670802962962966,0.03144182598224675,0.0
1710118500000.0,626455,1710118500000.0,0.42709232323231994,-0.005921124000000001,1866.4324835222103,1866.993888236015,-9.3,3.1834,9.4,3.1374760942760944,long_nclose,29.492275286195287,0.01580141555966674,1.0
1710118500000.0,626455,1710118500000.0,0.6074647138047141,-0.0060199480000000015,1867.0339282880152,1867.0339282880152,-9.4,3.2021,0.0,3.1374760942760944,long_nclose,0.0,0.0,0.0
1710194640000.0,627724,1710194640000.0,0.0,-0.018635532,1867.0152927560152,1867.1995227560153,26.7,3.4898,26.7,3.4898,long_ientry_normal,93.17765999999999,0.04990728268886044,1269.0
1710200280000.0,627818,1710200280000.0,0.06270000000000042,-0.004619076,1867.0733736800153,1867.2944736800152,-6.6,3.4993,20.1,3.4898,long_nclose,70.14498,0.037569482265040144,94.0
1710200460000.0,627821,1710200460000.0,0.04750000000000032,-0.0034992999999999995,1867.1173743800152,1867.1052943800153,-5.0,3.4993,15.1,3.4898,long_nclose,52.69598,0.028223174784337238,3.0
1710200520000.0,627822,1710200520000.0,0.0,-0.008160516,1867.1092138640151,1866.9791738640151,11.7,3.4874,26.8,3.4887522388059704,long_ientry_partial,93.49856000000001,0.05007664217268957,1.0
1710204180000.0,627883,1710204180000.0,0.06396999999999804,-0.004687722,1867.168496142015,1867.6116561420151,-6.7,3.4983,20.1,3.4887522388059704,long_nclose,70.12392000000001,0.03755628918594739,61.0
1710204360000.0,627886,1710204360000.0,0.20332999999999757,-0.004715594,1867.3671105480153,1867.9251905480153,-6.7,3.5191,13.4,3.4887522388059704,long_nclose,46.749280000000006,0.02503486311605891,3.0
1710204720000.0,627892,1710204720000.0,0.0,-0.009343284,1867.3577672640154,1867.0435072640153,13.4,3.4863,26.8,3.487526119402985,long_ientry_partial,93.4657,0.05005237969847767,6.0
1710205440000.0,627904,1710205440000.0,0.06414499999999994,-0.004686114000000001,1867.4172261500155,1867.7986011500154,-6.7,3.4971,20.1,3.487526119402985,long_nclose,70.099275,0.03753808951656779,12.0
1710205560000.0,627906,1710205560000.0,0.0,-0.004671508,1867.4125546420155,1867.1580996420155,6.7,3.4862,26.8,3.4871945895522387,long_ientry_partial,93.456815,0.05004615330859,2.0
1710209400000.0,627970,1710209400000.0,0.0636862500000016,-0.004685578,1867.4715553140156,1867.6445240640157,-6.7,3.4967,20.1,3.4871945895522387,long_nclose,70.09261125,0.037533429117325386,64.0
1710209460000.0,627971,1710209460000.0,0.047527052238807155,-0.0034967,1867.5155856662545,1867.4930173640157,-5.0,3.4967,15.1,3.4871945895522387,long_nclose,52.656638302238804,0.02819609041359247,1.0
1710209520000.0,627972,1710209520000.0,0.0,-0.008153262,1867.5074324042546,1867.5870041020157,11.7,3.4843,26.8,3.4859309067999553,long_ientry_partial,93.42294830223881,0.050025476033562465,1.0
1710209640000.0,627974,1710209640000.0,0.06411292444029822,-0.00468397,1867.5668613586947,1867.7531701320156,-6.7,3.4955,20.1,3.4859309067999553,long_nclose,70.0672112266791,0.037517913107380646,2.0
1710209700000.0,627975,1710209700000.0,0.04784546600022255,-0.0034955,1867.6112113246948,1867.7859046320154,-5.0,3.4955,15.1,3.4859309067999553,long_nclose,52.637556692679325,0.02818442959300055,1.0
1710209880000.0,627978,1710209880000.0,0.03540564484016469,-0.00258667,1867.644030299535,1867.7200579620155,-3.7,3.4955,11.4,3.4859309067999553,long_nclose,39.73961233751949,0.021277937172613136,3.0
1710210060000.0,627981,1710210060000.0,0.026793460960124624,-0.0019574799999999997,1867.668866280495,1867.6686004820153,-2.8,3.4955,8.6,3.4859309067999553,long_nclose,29.979005798479616,0.016051563711175144,3.0
1710210180000.0,627983,1710210180000.0,0.0,-0.012682852,1867.656183428495,1867.5322776300154,18.2,3.4843,26.8,3.4848233506895383,long_ientry_partial,93.39326579847963,0.05000559879658133,2.0
1710216420000.0,628087,1710216420000.0,0.06416355038009454,-0.004682496,1867.7156644828751,1867.8357951340154,-6.7,3.4944,20.1,3.4848233506895383,long_nclose,70.04494934885973,0.03750300470294201,104.0
1710216480000.0,628088,1710216480000.0,0.047883246552309355,-0.0034944000000000004,1867.7600533294276,1868.0601907340156,-5.0,3.4944,15.1,3.4848233506895383,long_nclose,52.620832595412026,0.02817322947967074,1.0
1710216660000.0,628091,1710216660000.0,0.035433602448708926,-0.0025858560000000005,1867.7929010758762,1867.8872548780155,-3.7,3.4944,11.4,3.4848233506895383,long_nclose,39.72698619786074,0.021269481308649054,3.0
1710216780000.0,628093,1710216780000.0,0.0,-0.010717476,1867.7821835998761,1867.6969774020154,15.4,3.4797,26.8,3.4818793357410724,long_ientry_partial,93.31436619786075,0.04995998303078949,2.0
1710216840000.0,628094,1710216840000.0,0.06378845053481501,-0.004678476,1867.8412935744109,1867.8437189260153,-6.7,3.4914,20.1,3.4818793357410724,long_nclose,69.98577464839556,0.037468801492479414,1.0
1710216900000.0,628095,1710216900000.0,0.0,-0.004662798,1867.8366307764109,1867.6668661280153,6.7,3.4797,26.8,3.481334501805804,long_ientry_partial,93.29976464839555,0.04995070934528855,1.0
1710217020000.0,628097,1710217020000.0,0.06408883790111282,-0.004677806,1867.896041808312,1867.8229883220154,-6.7,3.4909,20.1,3.481334501805804,long_nclose,69.97482348629667,0.03746184044512133,2.0
1710217080000.0,628098,1710217080000.0,0.0,-0.004729672,1867.891312136312,1867.8209486500155,6.8,3.4777,26.9,3.4804157429850062,long_ientry_partial,93.62318348629667,0.050122393566475555,1.0
1710218820000.0,628127,1710218820000.0,0.06354452200045833,-0.004676466,1867.9501801923125,1868.1922621840154,-6.7,3.4899,20.2,3.4804157429850062,long_nclose,70.30439800829713,0.03763719115948747,29.0
1710219000000.0,628130,1710219000000.0,0.0,-0.004591884,1867.9455883083124,1867.9511303000152,6.6,3.4787,26.8,3.479993209264818,long_ientry_partial,93.26381800829712,0.049928551769412424,3.0
1710246480000.0,628588,1710246480000.0,0.0,-0.025616154000000002,1867.9199721543123,1865.5739441460153,38.1,3.3617,64.9,3.4105483514375514,long_rentry,221.3445880082971,0.1184978967557243,458.0
1710246660000.0,628591,1710246660000.0,0.15149670671166965,-0.011080476,1868.060388385024,1868.7398336700153,-16.2,3.4199,48.7,3.4105483514375514,long_nclose,166.09370471500876,0.08891238513900512,3.0
1710246900000.0,628595,1710246900000.0,0.1131549476056298,-0.008276158,1868.1652671746297,1868.4087175120153,-12.1,3.4199,36.6,3.4105483514375514,long_nclose,124.82606966261439,0.0668174662359495,4.0
1710247020000.0,628597,1710247020000.0,0.08510000191828357,-0.006224218,1868.244142958548,1868.3995632940155,-9.1,3.4199,27.5,3.4105483514375514,long_nclose,93.79007966453267,0.05020226077947546,2.0
1710247140000.0,628599,1710247140000.0,0.06359121022465146,-0.004651064000000001,1868.3030831047727,1868.8216522300154,-6.8,3.4199,20.7,3.4105483514375514,long_nclose,70.59835087475732,0.03778741870801603,2.0
1710247200000.0,628600,1710247200000.0,0.2045963750808947,-0.0047474760000000005,1868.5029320038536,1868.8514047540154,-6.9,3.4402,13.8,3.4105483514375514,long_nclose,47.06556724983821,0.025188918060387148,1.0
1710247320000.0,628602,1710247320000.0,0.13639758338726313,-0.003164984,1868.6361646032408,1868.8960797700154,-4.6,3.4402,9.2,3.4105483514375514,long_nclose,31.377044833225472,0.01679141473743639,2.0
1710247380000.0,628603,1710247380000.0,0.08895494568734552,-0.00206412,1868.7230554289283,1868.9242556500155,-3.0,3.4402,6.2,3.4105483514375514,long_nclose,21.145399778912818,0.0113154272472222,1.0
1710248580000.0,628623,1710248580000.0,0.0,-0.014442528000000001,1868.7086129009283,1868.8612631220155,21.1,3.4224,27.3,3.4197084168099936,long_ientry_partial,93.35803977891283,0.04995858591029157,20.0
1710248700000.0,628625,1710248700000.0,0.06386276569204376,-0.004663576,1868.7678120906203,1868.9439395460154,-6.8,3.4291,20.5,3.4197084168099936,long_nclose,70.10402254460487,0.03751350065590994,2.0
1710248760000.0,628626,1710248760000.0,0.0,-0.0046544640000000005,1868.7631576266203,1868.5808250820155,6.8,3.4224,27.3,3.420378847787724,long_ientry_partial,93.37634254460487,0.04996692179184191,1.0
1710248760000.0,628626,1710248760000.0,0.04447787628260808,-0.003497682,1868.804137820903,1868.6558674000155,-5.1,3.4291,22.2,3.420378847787724,long_nclose,75.93241042088746,0.0406315508854917,0.0
1710252300000.0,628685,1710252300000.0,0.05126633716751816,-0.00377267,1868.8516314880706,1869.0356847300156,-5.5,3.4297,16.7,3.420378847787724,long_nclose,57.120326758054986,0.030564398904461453,59.0
1710252540000.0,628689,1710252540000.0,0.0,-0.007243828,1868.8443876600707,1868.0792209020158,10.6,3.4169,27.3,3.41902808637564,long_ientry_partial,93.33946675805497,0.049945018094803915,4.0
1710253800000.0,628710,1710253800000.0,0.06372901264564775,-0.004662624,1868.9034540487162,1869.1160782780155,-6.8,3.4284,20.5,3.41902808637564,long_nclose,70.09007577070062,0.03750331544353473,21.0
1710254040000.0,628714,1710254040000.0,0.0,-0.004712562,1868.8987414867163,1868.8387757160156,6.9,3.4149,27.4,3.417988531777395,long_ientry_partial,93.6528857707006,0.05011126803809572,4.0
1710256980000.0,628763,1710256980000.0,0.06331798391371386,-0.004661128,1868.95739834263,1869.0462145880158,-6.8,3.4273,20.6,3.417988531777395,long_nclose,70.41056375461434,0.03767371252927093,49.0
1710257280000.0,628768,1710257280000.0,0.047488487935285394,-0.0034958459999999995,1869.0013909845652,1869.1627687420155,-5.1,3.4273,15.5,3.417988531777395,long_nclose,52.97882224254962,0.0283460582202355,5.0
1710257400000.0,628770,1710257400000.0,0.03538357924589892,-0.0026047479999999996,1869.034169815811,1869.0892939940156,-3.8,3.4273,11.7,3.417988531777395,long_nclose,39.99046582179552,0.02139632675936389,2.0
1710257520000.0,628772,1710257520000.0,0.0,-0.010713366000000002,1869.0234564498112,1868.8946806280157,15.7,3.4119,27.4,3.4144998475107853,long_ientry_partial,93.5572958217955,0.05005677991837862,2.0
1710261720000.0,628842,1710261720000.0,0.06324103692665979,-0.004656368,1869.0820411187378,1868.8410242600157,-6.8,3.4238,20.6,3.4144998475107853,long_nclose,70.33869685872219,0.03763274982655176,70.0
1710261780000.0,628843,1710261780000.0,0.0,-0.004695864,1869.0773452547378,1869.2543283960156,6.9,3.4028,27.5,3.4115642494080793,long_ientry_partial,93.81801685872219,0.05019482853232896,1.0
1710262620000.0,628857,1710262620000.0,0.06348310402506083,-0.0046524240000000005,1869.1361759347628,1869.5488459720157,-6.8,3.4209,20.7,3.4115642494080793,long_nclose,70.61937996274725,0.03778182717341619,14.0
1710262980000.0,628863,1710262980000.0,0.04761232801879562,-0.0034893180000000004,1869.1802989447817,1869.2650966540157,-5.1,3.4209,15.6,3.4115642494080793,long_nclose,53.22040229076604,0.028472588931528348,6.0
1710263040000.0,628864,1710263040000.0,0.03640942730849077,-0.002668302,1869.21404007009,1869.1688283520155,-3.9,3.4209,11.7,3.4115642494080793,long_nclose,39.915301718074524,0.021354056230274098,1.0
1710263100000.0,628865,1710263100000.0,0.0,-0.010758852000000001,1869.20328121809,1869.1229695000156,15.8,3.4047,27.5,3.407620426111801,long_ientry_partial,93.70956171807453,0.05013342457702487,1.0
1710263220000.0,628867,1710263220000.0,0.0631011024397532,-0.004646984,1869.26173533653,1869.3275525160157,-6.8,3.4169,20.7,3.407620426111801,long_nclose,70.53774282051428,0.03773561587822003,2.0
1710263280000.0,628868,1710263280000.0,0.0,-0.004630256,1869.25710508053,1868.6253322600157,6.8,3.4046,27.5,3.40687355710961,long_ientry_partial,93.68902282051428,0.05012099328972621,1.0
1710263580000.0,628873,1710263580000.0,0.06341981165465106,-0.004646032,1869.3158788601847,1869.469606228016,-6.8,3.4162,20.7,3.40687355710961,long_nclose,70.52228263216892,0.03772625238446585,5.0
1710263640000.0,628874,1710263640000.0,0.0,-0.004629576000000001,1869.3112492841847,1868.6818366520158,6.8,3.4041,27.5,3.40618773207887,long_ientry_partial,93.67016263216892,0.050109452167496474,1.0
1710263640000.0,628874,1710263640000.0,0.05106256639776227,-0.0034845239999999997,1869.3588273265825,1868.8461421280158,-5.1,3.4162,22.4,3.40618773207887,long_nclose,76.29860519856669,0.040815387652291056,0.0
1710264120000.0,628882,1710264120000.0,0.0,-0.02093394,1869.3378933865824,1867.4247081880158,31.8,3.2915,54.2,3.338898619899754,long_rentry,180.9683051985667,0.09680877161844498,8.0
1710264180000.0,628883,1710264180000.0,0.1228686313533176,-0.0090396,1869.4517224179358,1869.8750585880157,-13.5,3.348,40.7,3.338898619899754,long_nclose,135.89317382992,0.07269145931950396,1.0
1710264240000.0,628884,1710264240000.0,0.391518631353321,-0.00909333,1869.8341477192891,1870.043625258016,-13.5,3.3679,27.2,3.338898619899754,long_nclose,90.81804246127331,0.04857010584176553,1.0
1710264300000.0,628885,1710264300000.0,0.061889384681671086,-0.00455328,1869.891483823971,1870.387231978016,-6.8,3.348,20.4,3.338898619899754,long_nclose,68.11353184595498,0.036426462409819234,1.0
1710264300000.0,628885,1710264300000.0,0.1972093846816728,-0.004580344,1870.0841128646525,1870.414611634016,-6.8,3.3679,13.6,3.338898619899754,long_nclose,45.409021230636654,0.024281806854707575,0.0
1710264360000.0,628886,1710264360000.0,0.0,-0.009551488,1870.0745613766526,1869.868520146016,14.2,3.3632,27.8,3.351311555058872,long_ientry_partial,93.16646123063664,0.04981965059299683,1.0
1710264780000.0,628893,1710264780000.0,0.06340027009378262,-0.00463749,1870.1333241567463,1870.5489926560158,-6.9,3.3605,20.9,3.351311555058872,long_nclose,70.04241150073042,0.03745316475354127,7.0
1710264840000.0,628894,1710264840000.0,0.0,-0.0045848320000000005,1870.1287393247462,1870.9017378240158,6.8,3.3712,27.7,3.3561939169938784,long_ientry_partial,92.96657150073042,0.04971132176402903,1.0
1710264840000.0,628894,1710264840000.0,0.16702197274223823,-0.004664952000000001,1870.2910963454885,1870.8715428720159,-6.9,3.3804,20.8,3.3561939169938784,long_nclose,69.80883347347267,0.03732511672106965,0.0
1710264900000.0,628895,1710264900000.0,0.0,-0.004602376000000001,1870.2864939694884,1871.0270204960157,6.8,3.3841,27.6,3.3630693287490097,long_ientry_partial,92.82071347347267,0.04962914172388122,1.0
1710264900000.0,628895,1710264900000.0,0.15408163163183466,-0.004671852000000001,1870.4359037491204,1870.9912986440158,-6.9,3.3854,20.7,3.3630693287490097,long_nclose,69.6155351051045,0.03721888302377346,0.0
1710264960000.0,628896,1710264960000.0,0.0,-0.004678062,1870.4312256871203,1871.0749405820159,6.9,3.3899,27.6,3.3697769965617566,long_ientry_partial,93.00584510510448,0.04972427952860866,1.0
1710264960000.0,628896,1710264960000.0,0.15540872372388043,-0.004681374,1870.5819530368442,1871.064739208016,-6.9,3.3923,20.7,3.3697769965617566,long_nclose,69.75438382882835,0.03729020464224185,0.0
1710265020000.0,628897,1710265020000.0,0.0,-0.004682478,1870.5772705588442,1871.5402967300158,6.9,3.3931,27.6,3.3756077474213173,long_ientry_partial,93.16677382882837,0.04980642890041871,1.0
1710265020000.0,628897,1710265020000.0,0.16209654279290914,-0.004690758000000001,1870.7346763436371,1871.4569459720158,-6.9,3.3991,20.7,3.3756077474213173,long_nclose,69.87508037162127,0.037351678597305184,0.0
1710265200000.0,628900,1710265200000.0,0.0,-0.004623592,1870.7300527516372,1871.382762380016,6.8,3.3997,27.5,3.3815651044225916,long_ientry_partial,92.99304037162128,0.049709491882508,3.0
1710265380000.0,628903,1710265380000.0,0.26785754975441656,-0.00620802,1870.9917022813916,1871.6234643600158,-9.1,3.411,18.4,3.3815651044225916,long_nclose,62.220797921375684,0.03325551783340719,3.0
1710265440000.0,628904,1710265440000.0,0.4557210393121554,-0.006313223999999999,1871.4411100967038,1871.922591136016,-9.2,3.4311,9.2,3.3815651044225916,long_nclose,31.110398960687842,0.016623765927147052,1.0
1710265620000.0,628907,1710265620000.0,0.6406410393121575,-0.006350208,1872.075400928016,1872.075400928016,-9.2,3.4512,0.0,3.3815651044225916,long_nclose,0.0,0.0,3.0
1710272160000.0,629016,1710272160000.0,0.0,-0.018730092,1872.056670836016,1872.0429708360161,27.4,3.4179,27.4,3.4179,long_ientry_normal,93.65046,0.05002544071391702,109.0
1710285840000.0,629244,1710285840000.0,0.06391999999999899,-0.004661128,1872.1159297080162,1872.4620097080162,-6.8,3.4273,20.6,3.4179,long_nclose,70.40874000000001,0.03760917733923736,228.0
1710287340000.0,629269,1710287340000.0,0.04793999999999925,-0.0034958459999999995,1872.160373862016,1872.344823862016,-5.1,3.4273,15.5,3.4179,long_nclose,52.97745,0.028297495631057833,25.0
1710287520000.0,629272,1710287520000.0,0.03571999999999944,-0.0026047479999999996,1872.193489114016,1872.287089114016,-3.8,3.4273,11.7,3.4179,long_nclose,39.98943,0.0213596672739869,3.0
1710287580000.0,629273,1710287580000.0,0.027259999999999573,-0.001987834,1872.2187612800162,1872.2953212800162,-2.9,3.4273,8.8,3.4179,long_nclose,30.077520000000003,0.016065173911320237,1.0
1710287940000.0,629279,1710287940000.0,0.020679999999999678,-0.0015080120000000002,1872.2379332680164,1872.3125132680163,-2.2,3.4273,6.6,3.4179,long_nclose,22.558139999999998,0.012048757051206874,6.0
1710288540000.0,629289,1710288540000.0,0.015039999999999765,-0.001096736,1872.2518765320165,1872.3078765320165,-1.6,3.4273,5.0,3.4179,long_nclose,17.0895,0.009127778272897227,10.0
1710288720000.0,629292,1710288720000.0,0.011279999999999823,-0.0008225519999999999,1872.2623339800164,1872.3003339800164,-1.2,3.4273,3.8,3.4179,long_nclose,12.988019999999999,0.0069370727404371455,3.0
1710288960000.0,629296,1710288960000.0,0.0,-0.016110311999999998,1872.2462236680165,1872.2038936680165,23.7,3.3988,27.5,3.4014392727272726,long_ientry_partial,93.53958,0.04996115298165306,4.0
1710289260000.0,629301,1710289260000.0,0.06297294545454495,-0.004638552,1872.304558061471,1872.5128151160163,-6.8,3.4107,20.7,3.4014392727272726,long_nclose,70.40979294545454,0.037605950721155516,5.0
1710289680000.0,629308,1710289680000.0,0.0,-0.004623048,1872.299935013471,1872.1319020680164,6.8,3.3993,27.5,3.4009102889256195,long_ientry_partial,93.52503294545454,0.04995195011037675,7.0
1710297840000.0,629444,1710297840000.0,0.06317003530578802,-0.004637872,1872.3584671767767,1872.5652541960164,-6.8,3.4102,20.7,3.4009102889256195,long_nclose,70.39884298076032,0.03759901974695623,136.0
1710298080000.0,629448,1710298080000.0,0.047377526479341014,-0.003478404,1872.402366299256,1872.6159257920165,-5.1,3.4102,15.6,3.4009102889256195,long_nclose,53.05420050723966,0.02833482880717546,4.0
1710299220000.0,629467,1710299220000.0,0.0,-0.008138639999999999,1872.394227659256,1872.2715471520164,12.0,3.3911,27.6,3.3966449459144803,long_ientry_partial,93.74740050723966,0.05006819564084882,19.0
1710300240000.0,629484,1710300240000.0,0.06385987319008546,-0.004700142000000001,1872.453387390446,1872.7277670100164,-6.9,3.4059,20.7,3.3966449459144803,long_nclose,70.31055038042975,0.03754996031085099,17.0
1710300720000.0,629492,1710300720000.0,0.0,-0.00468027,1872.448707120446,1872.3063267400162,6.9,3.3915,27.6,3.39535870943586,long_ientry_partial,93.71190038042974,0.05004777969301227,8.0
1710301380000.0,629503,1710301380000.0,0.06376490489256388,-0.004698348000000001,1872.5077736773387,1872.6266183920163,-6.9,3.4046,20.7,3.39535870943586,long_nclose,70.2839252853223,0.03753465073594577,11.0
1710301500000.0,629505,1710301500000.0,0.0,-0.00468027,1872.5030934073386,1872.4784181220164,6.9,3.3915,27.6,3.394394032076895,long_ientry_partial,93.6852752853223,0.05003210708445131,2.0
1710301620000.0,629507,1710301620000.0,0.06421117866942531,-0.004697106,1872.562607480008,1872.7842210160163,-6.9,3.4037,20.7,3.394394032076895,long_nclose,70.26395646399172,0.037522887717249195,2.0
1710301740000.0,629509,1710301740000.0,0.0474604364078361,-0.003471774,1872.6065961424158,1872.7205692420162,-5.1,3.4037,15.6,3.394394032076895,long_nclose,52.95254690039956,0.028277454009551298,2.0
1710301860000.0,629511,1710301860000.0,0.03629327490010996,-0.0026548860000000004,1872.6402345313159,1872.816974356016,-3.9,3.4037,11.7,3.394394032076895,long_nclose,39.71441017529967,0.021207709544508097,2.0
1710302580000.0,629523,1710302580000.0,0.026987306977004844,-0.001974146,1872.6652476922927,1872.748020210016,-2.9,3.4037,8.8,3.394394032076895,long_nclose,29.87066748227668,0.015950884718497687,12.0
1710302760000.0,629526,1710302760000.0,0.020473129430831263,-0.0014976280000000004,1872.6842231937237,1872.7773225820163,-2.2,3.4037,6.6,3.394394032076895,long_nclose,22.403000611707505,0.011963042318742267,3.0
1710303060000.0,629531,1710303060000.0,0.01488954867696819,-0.0010891840000000002,1872.6980235584008,1872.8140533980163,-1.6,3.4037,5.0,3.394394032076895,long_nclose,16.971970160384476,0.009062844060749978,5.0
1710303300000.0,629535,1710303300000.0,0.0,-0.015334552,1872.6826890064008,1872.4832788460162,22.6,3.3926,27.6,3.3929250058110316,long_ientry_partial,93.64473016038448,0.050005658038132485,4.0
1710303540000.0,629539,1710303540000.0,0.06399745990388257,-0.0046950360000000005,1872.7419914303048,1872.9940138100164,-6.9,3.4022,20.7,3.3929250058110316,long_nclose,70.23354762028835,0.03750305591569907,4.0
1710303660000.0,629541,1710303660000.0,0.04730247036373929,-0.003470244,1872.7858236566685,1872.9398735660163,-5.1,3.4022,15.6,3.3929250058110316,long_nclose,52.92963009065209,0.02826251107951333,2.0
1710303840000.0,629544,1710303840000.0,0.0361724773369771,-0.002653716,1872.8193424180056,1872.9734898500164,-3.9,3.4022,11.7,3.3929250058110316,long_nclose,39.697222567989066,0.02119650393867451,3.0
1710303960000.0,629546,1710303960000.0,0.026897483148008616,-0.001973276,1872.8442666251538,1872.9373265740167,-2.9,3.4022,8.8,3.3929250058110316,long_nclose,29.857740051137082,0.015942457460673132,2.0
1710304260000.0,629551,1710304260000.0,0.020404987215730676,-0.0014969680000000002,1872.8631746443693,1872.9527696060165,-2.2,3.4022,6.6,3.3929250058110316,long_nclose,22.393305038352807,0.011956722381817874,5.0
1710304800000.0,629560,1710304800000.0,0.014839990702349582,-0.001088704,1872.8769259310716,1872.9388009020165,-1.6,3.4022,5.0,3.3929250058110316,long_nclose,16.964625029055156,0.009058056508770035,9.0
1710305220000.0,629567,1710305220000.0,0.011129993026762186,-0.000816528,1872.8872393960983,1872.9278043740164,-1.2,3.4022,3.8,3.3929250058110316,long_nclose,12.89311502208192,0.006884085037729891,7.0
1710305460000.0,629571,1710305460000.0,0.0,-0.016153536000000003,1872.8710858600982,1872.9371308380164,23.8,3.3936,27.6,3.3935070660174604,long_ientry_partial,93.66079502208191,0.05000920550763326,4.0
1710312480000.0,629688,1710312480000.0,0.0641212444795233,-0.004695864,1872.9305112405777,1873.1497849740163,-6.9,3.4028,20.7,3.3935070660174604,long_nclose,70.24559626656144,0.03750571409081946,117.0
1710312720000.0,629692,1710312720000.0,0.047393963310952,-0.003470856,1872.9744343478887,1873.0289241180164,-5.1,3.4028,15.6,3.3935070660174604,long_nclose,52.938710229872385,0.028264512990164754,4.0
1710312780000.0,629693,1710312780000.0,0.0,-0.00813408,1872.9663002678888,1872.9129100380164,12.0,3.3892,27.6,3.3916344286185645,long_ientry_partial,93.60911022987239,0.04997906807852526,1.0
1710313080000.0,629698,1710313080000.0,0.06393244253190548,-0.004693242,1873.0255394684207,1873.2338967960163,-6.9,3.4009,20.7,3.3916344286185645,long_nclose,70.20683267240427,0.037483115522455465,5.0
1710313260000.0,629701,1710313260000.0,0.04725441404532144,-0.003468918,1873.069324964466,1873.2357078780165,-5.1,3.4009,15.6,3.3916344286185645,long_nclose,52.909497086449605,0.028247484693313927,3.0
1710313380000.0,629703,1710313380000.0,0.03613572838759875,-0.0026527020000000003,1873.1028079908535,1873.1936651760163,-3.9,3.4009,11.7,3.3916344286185645,long_nclose,39.6821228148372,0.021185234812285313,2.0
1710313620000.0,629707,1710313620000.0,0.026870157006163176,-0.001972522,1873.1277056258598,1873.2074826540165,-2.9,3.4009,8.8,3.3916344286185645,long_nclose,29.84638297184337,0.015933981907480747,4.0
1710313860000.0,629711,1710313860000.0,0.020384257039158273,-0.0014963960000000003,1873.146593486899,1873.1912462580165,-2.2,3.4009,6.6,3.3916344286185645,long_nclose,22.384787228882523,0.01195036592796125,4.0
1710313920000.0,629712,1710313920000.0,0.014824914210296926,-0.001088288,1873.1603301131095,1873.2246579700166,-1.6,3.4009,5.0,3.3916344286185645,long_nclose,16.958172143092824,0.009053241129694871,1.0
1710314220000.0,629717,1710314220000.0,0.04714491421029692,-0.001094752,1873.2063802753198,1873.3174432180167,-1.6,3.4211,3.4,3.3916344286185645,long_nclose,11.531557057303118,0.006156052626517445,5.0
1710314520000.0,629722,1710314520000.0,0.08443147134844046,-0.001170042,1873.2896417046682,1873.3650631760165,-1.7,3.4413,1.7,3.3916344286185645,long_nclose,5.765778528651559,0.003077889505332864,5.0
1710314820000.0,629727,1710314820000.0,0.014732785690717787,-0.00034211,1873.3040323803589,1873.3356710660166,-0.5,3.4211,1.2,3.3916344286185645,long_nclose,4.069961314342277,0.0021726111960431124,5.0
1710314880000.0,629728,1710314880000.0,0.01178622855257423,-0.000273688,1873.3155449209114,1873.3413573780165,-0.4,3.4211,0.8,3.3916344286185645,long_nclose,2.7133075428948517,0.0014483985627789168,1.0
1710315000000.0,629730,1710315000000.0,0.005893114276287115,-0.000136844,1873.3213011911876,1873.3365805340163,-0.2,3.4211,0.6,3.3916344286185645,long_nclose,2.0349806571711384,0.0010862955841462736,2.0
1710315060000.0,629731,1710315060000.0,0.005893114276287115,-0.000136844,1873.3270574614637,1873.3381236900163,-0.2,3.4211,0.4,3.3916344286185645,long_nclose,1.3566537714474258,0.0007241948308192487,1.0
1710315120000.0,629732,1710315120000.0,0.0029465571381435576,-6.8422e-05,1873.329935596602,1873.3390452680164,-0.1,3.4211,0.3,3.3916344286185645,long_nclose,1.0174903285855692,0.0005431452886389325,1.0
1710315300000.0,629735,1710315300000.0,0.004966557138143557,-6.882600000000001e-05,1873.3348333277402,1873.3456264420165,-0.1,3.4413,0.2,3.3916344286185645,long_nclose,0.6783268857237129,0.00036209591241025065,3.0
1710317220000.0,629767,1710317220000.0,0.0009265571381435578,-6.8018e-05,1873.3356918668783,1873.3364984240163,-0.1,3.4009,0.1,3.3916344286185645,long_nclose,0.33916344286185646,0.00018104787323187235,32.0
1710317280000.0,629768,1710317280000.0,0.0009265571381435578,-6.8018e-05,1873.3365504060164,1873.3365504060164,-0.1,3.4009,0.0,3.3916344286185645,long_nclose,0.0,0.0,1.0
1710317400000.0,629770,1710317400000.0,0.0,-0.018742608,1873.3178077980165,1873.3260877980165,27.6,3.3954,27.6,3.3954,long_ientry_normal,93.71304,0.05002516903960605,2.0
1710318240000.0,629784,1710318240000.0,0.0641700000000006,-0.004698486000000001,1873.3772793120165,1873.5076893120165,-6.9,3.4047,20.7,3.3954,long_nclose,70.28478,0.037517685719884224,14.0
1710318360000.0,629786,1710318360000.0,0.0,-0.004685100000000001,1873.3725942120166,1873.3394742120165,6.9,3.395,27.6,3.3952999999999993,long_ientry_partial,93.71027999999998,0.05002223278461948,2.0
1710318480000.0,629788,1710318480000.0,0.06417000000000365,-0.004698348000000001,1873.4320658640167,1873.5873158640168,-6.9,3.4046,20.7,3.3952999999999993,long_nclose,70.28270999999998,0.03751548363061992,2.0
1710318540000.0,629789,1710318540000.0,0.0,-0.004685100000000001,1873.4273807640168,1873.5150107640168,6.9,3.395,27.6,3.395224999999999,long_ientry_partial,93.70820999999998,0.05001966500659562,1.0
1710318540000.0,629789,1710318540000.0,0.047812500000004074,-0.0034726919999999994,1873.4717205720167,1873.5431580720167,-5.1,3.4046,22.5,3.395224999999999,long_nclose,76.39256249999998,0.04077593574600393,0.0
1710318600000.0,629790,1710318600000.0,0.05194000000000578,-0.00381304,1873.5198475320167,1873.7002550320167,-5.6,3.4045,16.9,3.395224999999999,long_nclose,57.37930249999998,0.030626471652054073,1.0
1710318720000.0,629792,1710318720000.0,0.03895500000000434,-0.0028597800000000006,1873.5559427520166,1873.7626352520165,-4.2,3.4045,12.7,3.395224999999999,long_nclose,43.119357499999985,0.023014715769128894,2.0
1710318900000.0,629795,1710318900000.0,0.028752500000003203,-0.00211079,1873.5825844620167,1873.6735444620167,-3.1,3.4045,9.6,3.395224999999999,long_nclose,32.59415999999999,0.017396703123902662,3.0
1710318960000.0,629796,1710318960000.0,0.0,-0.01222272,1873.5703617420168,1873.5701217420167,18.0,3.3952,27.6,3.3952086956521734,long_ientry_partial,93.70776,0.050015607587254936,1.0
1710320100000.0,629815,1710320100000.0,0.06411000000000393,-0.00469821,1873.6297735320168,1873.8676435320167,-6.9,3.4045,20.7,3.3952086956521734,long_nclose,70.28081999999999,0.037510516214477214,19.0
1710320640000.0,629824,1710320640000.0,0.0,-0.004685100000000001,1873.6250884320168,1873.5793684320167,6.9,3.395,27.6,3.3951565217391297,long_ientry_partial,93.70631999999999,0.050013378118468794,9.0
1710321420000.0,629837,1710321420000.0,0.0637800000000039,-0.004698072,1873.6841703600167,1873.8506703600167,-6.9,3.4044,20.7,3.3951565217391297,long_nclose,70.27973999999999,0.03750885080407985,13.0
1710321480000.0,629838,1710321480000.0,0.04714173913043766,-0.003472488,1873.7278396111471,1873.8829578720167,-5.1,3.4044,15.6,3.3951565217391297,long_nclose,52.96444173913042,0.028266880930862444,1.0
1710321720000.0,629842,1710321720000.0,0.0,-0.00814776,1873.7196918511472,1873.6356501120167,12.0,3.3949,27.6,3.3950449905482034,long_ientry_partial,93.70324173913042,0.05000921010044785,4.0
1710323160000.0,629866,1710323160000.0,0.06385956521739718,-0.004697934,1873.7788534823646,1873.9207521780168,-6.9,3.4043,20.7,3.3950449905482034,long_nclose,70.27743130434781,0.037505723353499915,24.0
1710323220000.0,629867,1710323220000.0,0.0,-0.004683858,1873.7741696243647,1873.6304083200168,6.9,3.3941,27.6,3.394808742911152,long_ientry_partial,93.6967213043478,0.05000427630141319,1.0
1710324900000.0,629895,1710324900000.0,0.06410967391305222,-0.004697658,1873.8335816402778,1874.218420662017,-6.9,3.4041,20.7,3.394808742911152,long_nclose,70.27254097826085,0.037502018144400594,28.0
1710325020000.0,629897,1710325020000.0,0.047385411153125556,-0.0034721820000000003,1873.8774948694308,1873.988118480017,-5.1,3.4041,15.6,3.394808742911152,long_nclose,52.95901638941397,0.028261728172952992,2.0
1710325080000.0,629898,1710325080000.0,0.03623590264650778,-0.002655198,1873.9110755740774,1874.009253282017,-3.9,3.4041,11.7,3.394808742911152,long_nclose,39.71926229206048,0.0211959162896203,1.0
1710325140000.0,629899,1710325140000.0,0.02694464555765963,-0.001974378,1873.936045841635,1873.987888904017,-2.9,3.4041,8.8,3.394808742911152,long_nclose,29.87431693761814,0.01594201520586087,1.0
1710325200000.0,629900,1710325200000.0,0.0,-0.012758432000000002,1873.923287409635,1873.9312104720168,18.8,3.3932,27.6,3.3937129325223965,long_ientry_partial,93.66647693761814,0.04998415760502948,1.0
1710325200000.0,629900,1710325200000.0,0.022851548450728034,-0.0014978040000000001,1873.9446411540855,1873.9519326680165,-2.2,3.4041,25.4,3.3937129325223965,long_nclose,86.20030848606886,0.045999388985675495,0.0
1710330780000.0,629993,1710330780000.0,0.058508525108902365,-0.004287780000000001,1873.9988618991945,1874.1915248880166,-6.3,3.403,19.1,3.3937129325223965,long_nclose,64.81991701117778,0.03458909091624867,93.0
1710330900000.0,629995,1710330900000.0,0.043649217144736685,-0.0031988200000000002,1874.0393122963392,1874.1816860680167,-4.7,3.403,14.4,3.3937129325223965,long_nclose,48.86946622832251,0.02607707634928997,2.0
1710331620000.0,630007,1710331620000.0,0.0,-0.00900942,1874.0303028763392,1874.0527466480166,13.3,3.387,27.7,3.390489755535109,long_ientry_partial,93.91656622832251,0.05011475325888567,12.0
1710338220000.0,630117,1710338220000.0,0.0,-0.025743071999999995,1874.0045598043391,1871.2130335760166,39.3,3.2752,67.0,3.322864570571978,long_rentry,222.63192622832253,0.11880009846484421,110.0
1710338460000.0,630121,1710338460000.0,0.15256167144796243,-0.01112888,1874.1459925957872,1874.4998746960166,-16.7,3.332,50.3,3.322864570571978,long_nclose,167.1400878997705,0.0891819999936467,4.0
1710338580000.0,630123,1710338580000.0,0.11419286785027127,-0.00833,1874.2518554636376,1874.5253546960168,-12.5,3.332,37.8,3.322864570571978,long_nclose,125.60428076762076,0.06701568970118467,2.0
1710339120000.0,630132,1710339120000.0,0.085873036623404,-0.00626416,1874.331464340261,1874.5057105360167,-9.4,3.332,28.4,3.322864570571978,long_nclose,94.36935380424417,0.050348273824374436,9.0
1710339180000.0,630133,1710339180000.0,0.06486154893895409,-0.004731439999999999,1874.3915944492,1874.5371890960168,-7.1,3.332,21.3,3.322864570571978,long_nclose,70.77701535318313,0.03775999399633529,1.0
1710339240000.0,630134,1710339240000.0,0.0,-0.004528392,1874.3870660572,1874.4680307040169,6.8,3.3297,28.1,3.3245186958428157,long_ientry_partial,93.41897535318313,0.04983974604012355,1.0
1710339240000.0,630134,1710339240000.0,0.039650912033076136,-0.0035319199999999996,1874.423185049233,1874.4888787840168,-5.3,3.332,22.8,3.3245186958428157,long_nclose,75.7990262652162,0.040438587651819555,0.0
1710339300000.0,630135,1710339300000.0,0.051763433695951336,-0.003800304000000001,1874.471148178929,1874.617888480017,-5.7,3.3336,17.1,3.3245186958428157,long_nclose,56.84926969891215,0.030328164695488588,1.0
1710339360000.0,630136,1710339360000.0,0.03814147746017467,-0.002800224,1874.5064894323891,1874.6610482560168,-4.2,3.3336,12.9,3.3245186958428157,long_nclose,42.886291176372325,0.022878710432930285,1.0
1710339420000.0,630137,1710339420000.0,0.0,-0.01014296,1874.4963464723892,1874.4598252960168,15.2,3.3365,28.1,3.3309996859918973,long_ientry_partial,93.60109117637232,0.04993399499151867,1.0
1710344160000.0,630216,1710344160000.0,0.06370219805671917,-0.0046761400000000005,1874.555372530446,1874.648219156017,-7.0,3.3401,21.1,3.3309996859918973,long_nclose,70.28409337442903,0.037493740864828734,79.0
1710344220000.0,630217,1710344220000.0,0.0,-0.00466956,1874.550702970446,1874.924549596017,7.0,3.3354,28.1,3.332095849623809,long_ientry_partial,93.63189337442904,0.049948978827864345,1.0
1710344220000.0,630217,1710344220000.0,0.04162158195619412,-0.003473704,1874.5888508484022,1874.893515892017,-5.2,3.3401,22.9,3.332095849623809,long_nclose,76.30499495638522,0.040704923067184075,0.0
1710344460000.0,630221,1710344460000.0,0.051893657144290284,-0.0038089680000000002,1874.6369355375466,1874.896726924017,-5.7,3.3412,17.2,3.332095849623809,long_nclose,57.31204861352951,0.030572345784436093,4.0
1710344520000.0,630222,1710344520000.0,0.0,-0.007229952,1874.6297055855466,1874.676696972017,10.8,3.3472,28.0,3.3379217361974827,long_ientry_partial,93.46180861352951,0.04985614403476894,1.0
1710346680000.0,630258,1710346680000.0,0.06424784661762262,-0.00468594,1874.6892674921644,1874.7917110320172,-7.0,3.3471,21.0,3.3379217361974827,long_nclose,70.09635646014713,0.03739092001839719,36.0
1710346740000.0,630259,1710346740000.0,0.0,-0.00467992,1874.6845875721644,1874.7226311120173,7.0,3.3428,28.0,3.339141302148112,long_ientry_partial,93.49595646014714,0.04987289972935145,1.0
1710346860000.0,630261,1710346860000.0,0.06411088496321637,-0.00468762,1874.7440108371277,1874.9552434920174,-7.0,3.3483,21.0,3.339141302148112,long_nclose,70.12196734511035,0.03740348919093165,2.0
1710347160000.0,630266,1710347160000.0,0.20341088496321502,-0.004715479999999999,1874.942706242091,1875.2711280120175,-7.0,3.3682,14.0,3.339141302148112,long_nclose,46.74797823007357,0.02493301692603161,5.0
1710347280000.0,630268,1710347280000.0,0.13367001011868415,-0.0030987439999999996,1875.0732775082097,1875.3511292680175,-4.6,3.3682,9.4,3.339141302148112,long_nclose,31.387928240192252,0.016739574189817138,2.0
1710347580000.0,630273,1710347580000.0,0.0,-0.012445632000000003,1875.0608318762097,1875.0459436360175,18.6,3.3456,28.0,3.3434317228640094,long_ientry_partial,93.61608824019225,0.04992696058107022,5.0
1710349380000.0,630303,1710349380000.0,0.0641779399519331,-0.00469364,1875.1203161761616,1875.3149499960175,-7.0,3.3526,21.0,3.3434317228640094,long_nclose,70.21206618014419,0.037444032563907215,30.0
1710349920000.0,630312,1710349920000.0,0.20347793995193486,-0.004721500000000001,1875.3190726161135,1875.6210284960175,-7.0,3.3725,14.0,3.3434317228640094,long_nclose,46.80804412009613,0.024960042695453325,9.0
1710350040000.0,630314,1710350040000.0,0.1337140748255572,-0.0031027,1875.449683990939,1875.7887257960174,-4.6,3.3725,9.4,3.3434317228640094,long_nclose,31.42825819492169,0.016757718675791212,2.0
1710350340000.0,630319,1710350340000.0,0.02108703741277802,-0.001542196,1875.469228832352,1875.6124236000176,-2.3,3.3526,7.1,3.3434317228640094,long_nclose,23.738365232334466,0.012657293901384738,5.0
1710350400000.0,630320,1710350400000.0,0.0668570374127786,-0.00155135,1875.5345345197647,1875.6783822500174,-2.3,3.3725,4.8,3.3434317228640094,long_nclose,16.048472269747244,0.008556745809991974,1.0
1710350580000.0,630323,1710350580000.0,0.04650924341758511,-0.0010792000000000002,1875.5799645631823,1875.6704230500175,-1.6,3.3725,3.2,3.3434317228640094,long_nclose,10.698981513164831,0.00570435903310398,3.0
1710350640000.0,630324,1710350640000.0,0.029068277135990694,-0.0006745000000000001,1875.6083583403183,1875.6863885500175,-1.0,3.3725,2.2,3.3434317228640094,long_nclose,7.355549790300821,0.0039216874661454236,1.0
1710351060000.0,630331,1710351060000.0,0.053865104849589555,-0.0007463280000000001,1875.6614771171678,1875.7066522220173,-1.1,3.3924,1.1,3.3434317228640094,long_nclose,3.6777748951504106,0.0019607882019323838,7.0
1710351480000.0,630338,1710351480000.0,0.02448413856799525,-0.00033924,1875.6856220157358,1875.7159629820173,-0.5,3.3924,0.6,3.3434317228640094,long_nclose,2.0060590337184054,0.0010695070699334795,7.0
1710351840000.0,630344,1710351840000.0,0.04132096628159445,-0.00040947600000000003,1875.7265335060174,1875.7265335060174,-0.6,3.4123,0.0,3.3434317228640094,long_nclose,0.0,0.0,6.0
1710356940000.0,630429,1710356940000.0,0.0,-0.018753264,1875.7077802420174,1875.4929502420175,27.9,3.3608,27.9,3.3608,long_ientry_normal,93.76632,0.04998983369781704,85.0
1710365940000.0,630579,1710365940000.0,0.0634800000000022,-0.004650600000000001,1875.7666096420173,1875.8023096420172,-6.9,3.37,21.0,3.3608,long_nclose,70.57679999999999,0.03762557646415792,150.0
1710366000000.0,630580,1710366000000.0,0.04784000000000166,-0.0035048,1875.8109448420173,1875.9610448420174,-5.2,3.37,15.8,3.3608,long_nclose,53.10064,0.028308097970114035,1.0
1710366120000.0,630582,1710366120000.0,0.035880000000001244,-0.0026286000000000005,1875.8441962420172,1876.1773962420173,-3.9,3.37,11.9,3.3608,long_nclose,39.99352,0.021320278134037588,2.0
1710366120000.0,630582,1710366120000.0,0.11388000000000131,-0.0026442,1875.9554320420173,1876.1794320420172,-3.9,3.39,8.0,3.3608,long_nclose,26.8864,0.0143321102094273,0.0
1710366180000.0,630583,1710366180000.0,0.07592000000000088,-0.0017628000000000001,1876.0295892420172,1876.1699892420172,-2.6,3.39,5.4,3.3608,long_nclose,18.148320000000002,0.009673791982850639,1.0
1710366240000.0,630584,1710366240000.0,0.052560000000000606,-0.0012204000000000002,1876.0809288420173,1876.1784888420173,-1.8,3.39,3.6,3.3608,long_nclose,12.09888,0.006449018170803458,1.0
1710366300000.0,630585,1710366300000.0,0.035040000000000404,-0.0008135999999999999,1876.1151552420174,1876.1758752420174,-1.2,3.39,2.4,3.3608,long_nclose,8.065919999999998,0.004299267013255112,1.0
1710366780000.0,630593,1710366780000.0,0.02336000000000027,-0.0005424000000000001,1876.1379728420172,1876.2045328420172,-0.8,3.39,1.6,3.3608,long_nclose,5.37728,0.0028661431503645605,8.0
1710367440000.0,630604,1710367440000.0,0.0036800000000001276,-0.00026960000000000005,1876.1413832420174,1876.1506232420174,-0.4,3.37,1.2,3.3608,long_nclose,4.032959999999999,0.0021496034552742223,11.0
1710367920000.0,630612,1710367920000.0,0.0027600000000000957,-0.00020219999999999998,1876.1439410420173,1876.1556410420174,-0.3,3.37,0.9,3.3608,long_nclose,3.02472,0.0016122003934943602,8.0
1710368160000.0,630616,1710368160000.0,0.008760000000000101,-0.00020339999999999998,1876.1524976420174,1876.1680376420175,-0.3,3.39,0.6,3.3608,long_nclose,2.0164799999999996,0.0010747953604700836,4.0
1710368340000.0,630619,1710368340000.0,0.005840000000000067,-0.00013560000000000002,1876.1582020420174,1876.1698420420173,-0.2,3.39,0.4,3.3608,long_nclose,1.34432,0.0007165280617257314,3.0
1710368400000.0,630620,1710368400000.0,0.0029200000000000337,-6.780000000000001e-05,1876.1610542420174,1876.1676542420173,-0.1,3.39,0.3,3.3608,long_nclose,1.0082399999999998,0.0005373952293276529,1.0
1710369240000.0,630634,1710369240000.0,0.0009200000000000319,-6.740000000000001e-05,1876.1619068420173,1876.1636668420174,-0.1,3.37,0.2,3.3608,long_nclose,0.67216,0.0003582633234097527,14.0
1710369300000.0,630635,1710369300000.0,0.0009200000000000319,-6.740000000000001e-05,1876.1627594420172,1876.1636594420172,-0.1,3.37,0.1,3.3608,long_nclose,0.33608,0.00017913158030060907,1.0
1710369360000.0,630636,1710369360000.0,0.0009200000000000319,-6.740000000000001e-05,1876.1636120420171,1876.1636120420171,-0.1,3.37,0.0,3.3608,long_nclose,0.0,0.0,1.0
1710374580000.0,630723,1710374580000.0,0.0,-0.0187767,1876.1448353420171,1876.097405342017,27.9,3.365,27.9,3.365,long_ientry_normal,93.8835,0.05004064623981189,87.0
1710374820000.0,630727,1710374820000.0,0.06347999999999913,-0.004656396,1876.2036589460172,1876.3968589460171,-6.9,3.3742,21.0,3.365,long_nclose,70.665,0.03766382165553234,4.0
1710374880000.0,630728,1710374880000.0,0.04783999999999935,-0.0035091680000000004,1876.2479897780172,1876.3838697780172,-5.2,3.3742,15.8,3.365,long_nclose,53.16700000000001,0.02833687246550511,1.0
1710374940000.0,630729,1710374940000.0,0.03587999999999951,-0.0026318760000000004,1876.2812379020172,1876.4775879020171,-3.9,3.3742,11.9,3.365,long_nclose,40.0435,0.021341949805336775,1.0
1710375060000.0,630731,1710375060000.0,0.11387999999999958,-0.002647476,1876.3924704260173,1876.6828704260174,-3.9,3.3942,8.0,3.365,long_nclose,26.92,0.01434667875952842,2.0
1710375540000.0,630739,1710375540000.0,0.07591999999999972,-0.0017649840000000003,1876.4666254420174,1876.6091854420174,-2.6,3.3942,5.4,3.365,long_nclose,18.171000000000003,0.009683625465877749,8.0
1710375840000.0,630744,1710375840000.0,0.05255999999999981,-0.0012219120000000001,1876.5179635300176,1876.6230835300175,-1.8,3.3942,3.6,3.365,long_nclose,12.114,0.0064555736931032155,5.0
1710375900000.0,630745,1710375900000.0,0.03503999999999987,-0.000814608,1876.5521889220176,1876.6217889220177,-1.2,3.3942,2.4,3.365,long_nclose,8.076,0.004303637302322642,1.0
1710375960000.0,630746,1710375960000.0,0.023359999999999916,-0.0005430720000000001,1876.5750058500175,1876.6460458500176,-0.8,3.3942,1.6,3.365,long_nclose,5.384,0.0028690566501290747,1.0
1710376080000.0,630748,1710376080000.0,0.039439999999999746,-0.000546288,1876.6138995620177,1876.6520595620177,-0.8,3.4143,0.8,3.365,long_nclose,2.692,0.00143449859378548,2.0
1710376140000.0,630749,1710376140000.0,0.019719999999999873,-0.000273144,1876.6333464180177,1876.6553864180178,-0.4,3.4143,0.4,3.365,long_nclose,1.346,0.0007172418643040463,1.0
1710376260000.0,630751,1710376260000.0,0.02771999999999988,-0.000274744,1876.6607916740177,1876.6607916740177,-0.4,3.4343,0.0,3.365,long_nclose,0.0,0.0,2.0
1710398040000.0,631114,1710398040000.0,0.0,-0.0187462,1876.6420454740178,1876.7327954740178,27.5,3.4084,27.5,3.4084,long_ientry_normal,93.731,0.04994612596795178,363.0
1710399600000.0,631140,1710399600000.0,0.06324000000000059,-0.004648072,1876.7006374020177,1876.8455374020177,-6.8,3.4177,20.7,3.4084,long_nclose,70.55387999999999,0.037594637415198084,26.0
1710399720000.0,631142,1710399720000.0,0.0,-0.004635152,1876.6960022500177,1876.6808622500178,6.8,3.4082,27.5,3.408350545454545,long_ientry_partial,93.72963999999999,0.049943965291994644,2.0
1710402360000.0,631186,1710402360000.0,0.0635762909090932,-0.004648072,1876.754930468927,1876.9546741780177,-6.8,3.4177,20.7,3.408350545454545,long_nclose,70.55285629090908,0.03759300436380402,44.0
1710402480000.0,631188,1710402480000.0,0.0476822181818199,-0.003486054,1876.7991266331087,1876.9558981240177,-5.1,3.4177,15.6,3.408350545454545,long_nclose,53.1702685090909,0.028330292653362385,2.0
1710402960000.0,631196,1710402960000.0,0.15417716363636647,-0.0035755200000000004,1876.9497282767452,1877.169682604018,-5.2,3.438,10.4,3.408350545454545,long_nclose,35.44684567272727,0.018885346335445828,8.0
1710403680000.0,631208,1710403680000.0,0.024308581818182694,-0.0017772040000000001,1876.9722596545632,1877.0225654000178,-2.6,3.4177,7.8,3.408350545454545,long_nclose,26.58513425454545,0.014163839725280843,12.0
1710403800000.0,631210,1710403800000.0,0.0,-0.013426731999999999,1876.9588329225633,1876.8857886680178,19.7,3.4078,27.5,3.4079561547107433,long_ientry_partial,93.71879425454544,0.04993119327429168,2.0
1710407940000.0,631279,1710407940000.0,0.0635381479669455,-0.004647528,1877.0177235425301,1877.2587511400177,-6.8,3.4173,20.7,3.4079561547107433,long_nclose,70.54469240251238,0.037583391737704044,69.0
1710408840000.0,631294,1710408840000.0,0.20454253249587262,-0.004743888000000001,1877.2175221870261,1877.596247252018,-6.9,3.4376,13.8,3.4079561547107433,long_nclose,47.02979493500826,0.025052927739677634,15.0
1710408900000.0,631295,1710408900000.0,0.1363616883305817,-0.003162592,1877.3507212833567,1877.553524660018,-4.6,3.4376,9.2,3.4079561547107433,long_nclose,31.353196623338835,0.016700766813515695,1.0
1710409080000.0,631298,1710409080000.0,0.021490844165290388,-0.001571958,1877.370640169522,1877.4116527020178,-2.3,3.4173,6.9,3.4079561547107433,long_nclose,23.51489746750413,0.012525442213893786,3.0
1710409140000.0,631299,1710409140000.0,0.015884536991736375,-0.001161882,1877.3853628245138,1877.455790820018,-1.7,3.4173,5.2,3.4079561547107433,long_nclose,17.721372004495866,0.009439389672152434,1.0
1710409860000.0,631311,1710409860000.0,0.0121469988760337,-0.000888498,1877.3966213253898,1877.452172322018,-1.3,3.4173,3.9,3.4079561547107433,long_nclose,13.291029003371898,0.007079499799029574,12.0
1710410340000.0,631319,1710410340000.0,0.03853699887603397,-0.0008937760000000001,1877.4342645482657,1877.4944385460178,-1.3,3.4376,2.6,3.4079561547107433,long_nclose,8.860686002247933,0.004719571901698473,8.0
1710410580000.0,631323,1710410580000.0,0.02371507623140552,-0.0005500160000000002,1877.457429608497,1877.5115085300176,-0.8,3.4376,1.8,3.4079561547107433,long_nclose,6.1343210784793385,0.0032673556170903528,4.0
1710410880000.0,631328,1710410880000.0,0.044949460760330996,-0.000622422,1877.5017566472573,1877.5397761080176,-0.9,3.4579,0.9,3.4079561547107433,long_nclose,3.0671605392396692,0.0016336392380888322,5.0
1710411060000.0,631331,1710411060000.0,0.008893153586777069,-0.000206256,1877.510443544844,1877.5260698520176,-0.3,3.4376,0.6,3.4079561547107433,long_nclose,2.0447736928264457,0.001089087786359153,3.0
1710411120000.0,631332,1710411120000.0,0.00592876905785138,-0.00013750400000000004,1877.516234809902,1877.5294923480178,-0.2,3.4376,0.4,3.4079561547107433,long_nclose,1.3631824618842974,0.0007260562846863048,1.0
1710411780000.0,631343,1710411780000.0,0.0,-0.018472444,1877.497762365902,1877.6683599040177,27.1,3.4082,27.5,3.4081964531594293,long_ientry_partial,93.7254024618843,0.0499203803810544,11.0
1710411840000.0,631344,1710411840000.0,0.06326411851588051,-0.0046478000000000005,1877.556378684418,1877.7758721040177,-6.8,3.4175,20.7,3.4081964531594293,long_nclose,70.54966658040019,0.03757525866138492,1.0
1710412020000.0,631347,1710412020000.0,0.047448088886910385,-0.00348585,1877.6003409233049,1877.6846362540177,-5.1,3.4175,15.6,3.4081964531594293,long_nclose,53.1678646692871,0.028316923208025167,3.0
1710412080000.0,631348,1710412080000.0,0.03628383267822559,-0.00266565,1877.6339591059832,1877.776740604018,-3.9,3.4175,11.7,3.4081964531594293,long_nclose,39.875898501965324,0.021237312154788593,1.0
1710412500000.0,631355,1710412500000.0,0.1154538326782264,-0.002681484,1877.7467314546614,1878.0423791200178,-3.9,3.4378,7.8,3.4081964531594293,long_nclose,26.58393233464355,0.01415735779981861,7.0
1710412680000.0,631358,1710412680000.0,0.19462383267822547,-0.002697318,1877.9386579693396,1878.1543418020178,-3.9,3.4581,3.9,3.4081964531594293,long_nclose,13.291966167321775,0.007077955454463406,3.0
1710413460000.0,631371,1710413460000.0,0.03848461089274213,-0.0008938280000000002,1877.9762487522323,1878.1005379740177,-1.3,3.4378,2.6,3.4081964531594293,long_nclose,8.861310778214516,0.00471854251836367,13.0
1710413520000.0,631372,1710413520000.0,0.06487461089274182,-0.0008991060000000001,1878.0402242571251,1878.0996388680178,-1.3,3.4581,1.3,3.4081964531594293,long_nclose,4.430655389107258,0.0023591908905251707,1.0
1710413580000.0,631373,1710413580000.0,0.02994212810434238,-0.00041497199999999994,1878.0697514132294,1878.1043338960178,-0.6,3.4581,0.7,3.4081964531594293,long_nclose,2.3857375172116004,0.0012703135841554106,1.0
1710413820000.0,631377,1710413820000.0,0.005920709368114174,-0.000137512,1878.0755346105975,1878.0944363840179,-0.2,3.4378,0.5,3.4081964531594293,long_nclose,1.7040982265797147,0.0009073640517515418,4.0
1710414120000.0,631382,1710414120000.0,0.009980709368114127,-0.000138324,1878.0853769959656,1878.1020280600178,-0.2,3.4581,0.3,3.4081964531594293,long_nclose,1.0224589359478287,0.0005444155779452752,5.0
1710414240000.0,631384,1710414240000.0,0.004990354684057063,-6.9162e-05,1878.0902981886495,1878.0998588980176,-0.1,3.4581,0.2,3.4081964531594293,long_nclose,0.6816392906318859,0.000362942767602443,2.0
1710414300000.0,631385,1710414300000.0,0.004990354684057063,-6.9162e-05,1878.0952193813334,1878.1003397360175,-0.1,3.4581,0.1,3.4081964531594293,long_nclose,0.34081964531594294,0.00018147090828984322,1.0
1710414420000.0,631387,1710414420000.0,0.004990354684057063,-6.9162e-05,1878.1001405740174,1878.1001405740174,-0.1,3.4581,0.0,3.4081964531594293,long_nclose,0.0,0.0,2.0
1710416520000.0,631422,1710416520000.0,0.0,-0.01876875,1878.0813718240174,1878.2463718240174,27.5,3.4125,27.5,3.4125,long_ientry_normal,93.84375,0.049967882865936585,35.0
1710416580000.0,631423,1710416580000.0,0.06324000000000059,-0.004653648000000001,1878.1399581760174,1878.3324681760175,-6.8,3.4218,20.7,3.4125,long_nclose,70.63875,0.03761101492595996,1.0
1710416640000.0,631424,1710416640000.0,0.04743000000000044,-0.0034902360000000003,1878.1838979400175,1878.4054179400175,-5.1,3.4218,15.6,3.4125,long_nclose,53.235,0.028343869872586958,1.0
1710416940000.0,631429,1710416940000.0,0.15444000000000033,-0.0035798880000000007,1878.3347580520174,1878.6966780520174,-5.2,3.4422,10.4,3.4125,long_nclose,35.49,0.018894395606460456,5.0
1710417540000.0,631439,1710417540000.0,0.1009800000000002,-0.002340696,1878.4333973560174,1878.5894973560173,-3.4,3.4422,7.0,3.4125,long_nclose,23.8875,0.01271671384975521,10.0
1710417660000.0,631441,1710417660000.0,0.06831000000000013,-0.001583412,1878.5001239440176,1878.6848339440176,-2.3,3.4422,4.7,3.4125,long_nclose,16.03875,0.008538061720393042,2.0
1710417720000.0,631442,1710417720000.0,0.11499999999999959,-0.00159275,1878.6135311940175,1878.7349711940174,-2.3,3.4625,2.4,3.4125,long_nclose,8.19,0.004359598109992619,1.0
1710417960000.0,631446,1710417960000.0,0.16872000000000006,-0.001671744,1878.7805794500173,1878.7805794500173,-2.4,3.4828,0.0,3.4125,long_nclose,0.0,0.0,4.0
1710419520000.0,631472,1710419520000.0,0.0,-0.0187836,1878.7617958500173,1879.2622958500174,27.5,3.4152,27.5,3.4152,long_ientry_normal,93.918,0.04998930689747618,26.0
1710419700000.0,631475,1710419700000.0,0.06324000000000059,-0.00465732,1878.8203785300173,1878.9528585300172,-6.8,3.4245,20.7,3.4152,long_nclose,70.69463999999999,0.03762714137437195,3.0
1710419760000.0,631476,1710419760000.0,0.0,-0.004644808,1878.8157337220173,1878.7353037220173,6.8,3.4153,27.5,3.4152247272727267,long_ientry_partial,93.91867999999998,0.04998823371249021,1.0
1710423600000.0,631540,1710423600000.0,0.0,-0.025798962,1878.7899347600173,1876.1959047600174,39.1,3.2991,66.6,3.3470493993993995,long_rentry,222.91349,0.11864737290519566,64.0
1710424800000.0,631560,1710424800000.0,0.1518999699699659,-0.011142584,1878.9306921459872,1878.9982221760172,-16.6,3.3562,50.0,3.3470493993993995,long_nclose,167.35246996996997,0.08906793138752304,20.0
1710424980000.0,631563,1710424980000.0,0.11438250750750445,-0.0083905,1879.036684153495,1879.9948316760174,-12.5,3.3562,37.5,3.3470493993993995,long_nclose,125.51435247747749,0.06679718045740105,3.0
1710425040000.0,631564,1710425040000.0,0.3631325075075076,-0.008440250000000002,1879.3913764110025,1879.7701414260175,-12.5,3.3761,25.0,3.3470493993993995,long_nclose,83.67623498498499,0.0445230493420578,1.0
1710425400000.0,631570,1710425400000.0,0.05673372372372221,-0.004161688,1879.4439484467262,1879.5727397380174,-6.2,3.3562,18.8,3.3470493993993995,long_nclose,62.92452870870871,0.03348039656128768,6.0
1710425460000.0,631571,1710425460000.0,0.0,-0.006171176,1879.4377772707262,1879.5021685620175,9.2,3.3539,28.0,3.3493003110253112,long_ientry_partial,93.78040870870872,0.04989811838564528,1.0
1710425460000.0,631571,1710425460000.0,0.032428538181036526,-0.003154828,1879.467050980907,1879.5206337340173,-4.7,3.3562,23.3,3.3493003110253112,long_nclose,78.03869724688975,0.041521716066350196,0.0
1710425580000.0,631573,1710425580000.0,0.05335819605319383,-0.0038958599999999997,1879.5165133169603,1879.7580078740173,-5.8,3.3585,17.5,3.3493003110253112,long_nclose,58.61275544294295,0.03118501754448727,2.0
1710425640000.0,631574,1710425640000.0,0.0,-0.006995248000000001,1879.5095180689602,1879.4469026260172,10.4,3.3631,27.9,3.3544442811090667,long_ientry_partial,93.58899544294296,0.04979437163962749,1.0
1710425760000.0,631576,1710425760000.0,0.06317446034743944,-0.004641768000000001,1879.5680507613076,1879.7834208580173,-6.9,3.3636,21.0,3.3544442811090667,long_nclose,70.4433299032904,0.03747846739295114,2.0
1710425820000.0,631577,1710425820000.0,0.0,-0.004643286000000001,1879.5634074753077,1879.6755475720174,6.9,3.3647,27.9,3.3569806416949968,long_ientry_partial,93.65975990329041,0.04983059338716182,1.0
1710426060000.0,631581,1710426060000.0,0.06361357230452284,-0.004645356000000001,1879.6223756916122,1879.7865822160172,-6.9,3.3662,21.0,3.3569806416949968,long_nclose,70.49659347559493,0.03750572156795884,4.0
1710426120000.0,631582,1710426120000.0,0.0,-0.004643424,1879.6177322676122,1879.7484587920171,6.9,3.3648,27.9,3.3589144614908575,long_ientry_partial,93.71371347559491,0.049857857726494544,1.0
1710426180000.0,631583,1710426180000.0,0.06338021571308401,-0.0046479780000000005,1879.6764645053252,1879.6677608140171,-6.9,3.3681,21.0,3.3589144614908575,long_nclose,70.53720369130801,0.03752624721503405,1.0
1710426240000.0,631584,1710426240000.0,0.0,-0.0047019,1879.671762605325,1879.427858914017,7.0,3.3585,28.0,3.3588108461181427,long_ientry_partial,94.046703691308,0.050033577969461146,1.0
1710430740000.0,631659,1710430740000.0,0.0,-0.025827015999999998,1879.645935589325,1875.7429118980172,39.8,3.2446,67.8,3.2917667211107373,long_rentry,223.18178369130797,0.11873607654801957,75.0
1710435360000.0,631736,1710435360000.0,0.15266241322854238,-0.011156704,1879.7874412985536,1880.2625051940172,-16.9,3.3008,50.9,3.2917667211107373,long_nclose,167.55092610453653,0.08913291068100374,77.0
1710435480000.0,631738,1710435480000.0,0.11472264189363836,-0.008384032000000001,1879.8937799084472,1880.376371162017,-12.7,3.3008,38.2,3.2917667211107373,long_nclose,125.74548874643017,0.06688967753941615,2.0
1710435900000.0,631745,1710435900000.0,0.0858161494479972,-0.006271520000000001,1879.9733245378952,1880.235449642017,-9.5,3.3008,28.7,3.2917667211107373,long_nclose,94.47370489587816,0.0502526837284248,7.0
1710436380000.0,631753,1710436380000.0,0.06413628011376633,-0.004687136000000001,1880.032773682009,1880.2754125060171,-7.1,3.3008,21.6,3.2917667211107373,long_nclose,71.10216117599192,0.0378196391952996,8.0
1710436500000.0,631755,1710436500000.0,0.0,-0.0045581400000000005,1880.028215542009,1880.3136043660172,6.9,3.303,28.5,3.294486357052348,long_ientry_partial,93.89286117599192,0.04994226171702575,2.0
1710436800000.0,631760,1710436800000.0,0.0639968649283288,-0.00469097,1880.0875214369375,1880.2568733960172,-7.1,3.3035,21.4,3.294486357052348,long_nclose,70.50200804092024,0.03749932236507589,5.0
1710436860000.0,631761,1710436860000.0,0.0,-0.004689408,1880.0828320289374,1880.0327339880173,7.1,3.3024,28.5,3.2964578259972015,long_ientry_partial,93.94904804092025,0.04997069620572665,1.0
1710436860000.0,631761,1710436860000.0,0.037323522214832615,-0.00350171,1880.1166538411524,1880.0758722780172,-5.3,3.3035,23.2,3.2964578259972015,long_nclose,76.47782156313507,0.04067716830596009,0.0
1710437520000.0,631772,1710437520000.0,0.05244460921623064,-0.0038343799999999996,1880.1652640703687,1880.3173778980174,-5.8,3.3055,17.4,3.2964578259972015,long_nclose,57.3583661723513,0.03050708747175565,11.0
1710437580000.0,631773,1710437580000.0,0.0,-0.0072714400000000005,1880.1579926303687,1880.3101064580173,11.0,3.3052,28.4,3.2998438793081446,long_ientry_partial,93.7155661723513,0.049844516545783396,1.0
1710437580000.0,631773,1710437580000.0,0.02432131897497771,-0.00284273,1880.1794712193434,1880.3085537280172,-4.3,3.3055,24.1,3.2998438793081446,long_nclose,79.52623749132628,0.0422971523243744,0.0
1710437700000.0,631775,1710437700000.0,0.05433672415113211,-0.003970680000000001,1880.2298372634946,1880.4933030480172,-6.0,3.3089,18.1,3.2998438793081446,long_nclose,59.72717421547742,0.031765890016087046,2.0
1710437760000.0,631776,1710437760000.0,0.0,-0.006827664000000001,1880.2230095994946,1880.3813953840172,10.3,3.3144,28.4,3.3051230357562473,long_ientry_partial,93.86549421547743,0.0499225324529305,1.0
1710437880000.0,631778,1710437880000.0,0.06444644613064421,-0.004706164,1880.2827498816253,1880.6486192200173,-7.1,3.3142,21.3,3.3051230357562473,long_nclose,70.39912066160807,0.03744070973689468,2.0
1710437940000.0,631779,1710437940000.0,0.0,-0.00465122,1880.2780986616253,1880.3864380000173,7.0,3.3223,28.3,3.30937175482714,long_ientry_partial,93.65522066160807,0.049809238712226395,1.0
1710438000000.0,631780,1710438000000.0,0.06319771621002035,-0.0046457600000000005,1880.3366506178354,1880.3968922400172,-7.0,3.3184,21.3,3.30937175482714,long_nclose,70.48961837781809,0.0374877649460573,1.0
1710438060000.0,631781,1710438060000.0,0.0,-0.004703323999999999,1880.3319472938354,1880.3353889160173,7.1,3.3122,28.4,3.310078816120355,long_ientry_partial,94.00623837781808,0.04999449087333298,1.0
1710438060000.0,631781,1710438060000.0,0.044102274562117794,-0.003517504,1880.3725320643975,1880.3753314120174,-5.3,3.3184,23.1,3.310078816120355,long_nclose,76.4628206523802,0.040663655391963344,0.0
1710438600000.0,631790,1710438600000.0,0.051420748113976567,-0.0037837740000000006,1880.4201690385114,1880.5684376380173,-5.7,3.3191,17.4,3.310078816120355,long_nclose,57.59537140049417,0.03062899045054574,9.0
1710438660000.0,631791,1710438660000.0,0.03879109068247355,-0.002854426,1880.4561057031938,1880.6450232120171,-4.3,3.3191,13.1,3.310078816120355,long_nclose,43.36203249117665,0.023059316492240845,1.0
1710438720000.0,631792,1710438720000.0,0.0,-0.01010648,1880.4459992231937,1880.753776732017,15.2,3.3245,28.3,3.317824469652885,long_ientry_partial,93.89443249117664,0.04993200151983313,1.0
1710438900000.0,631795,1710438900000.0,0.06352871242980695,-0.00465766,1880.5048702756235,1880.796159072017,-7.0,3.3269,21.3,3.317824469652885,long_nclose,70.66966120360645,0.03758015324536143,3.0
1710438960000.0,631796,1710438960000.0,0.0,-0.004597470000000001,1880.5002728056236,1880.8141216020172,6.9,3.3315,28.2,3.3211706100569667,long_ientry_partial,93.65701120360646,0.04980430609769299,1.0
1710442320000.0,631852,1710442320000.0,0.0,-0.025730566,1880.4745422396236,1876.6632310360171,40.1,3.2083,68.3,3.254902506641383,long_rentry,222.30984120360645,0.11822007488537334,56.0
1710444780000.0,631893,1710444780000.0,0.0,-0.0608481,1880.4136941396237,1872.7400529360173,97.0,3.1365,165.3,3.1854225118185506,long_rentry,526.5503412036064,0.280018350666462,41.0
1710446520000.0,631922,1710446520000.0,0.3583802618938657,-0.026383266,1880.7456911355175,1882.0200996700173,-41.3,3.1941,124.0,3.1854225118185506,long_nclose,394.9923914655003,0.21001903305014089,29.0
1710446820000.0,631927,1710446820000.0,1.1430802618938525,-0.026540205999999997,1881.8622311914114,1884.2752094640173,-41.3,3.2131,82.7,3.1854225118185506,long_nclose,263.43444172739413,0.1399860400836108,5.0
1710447720000.0,631942,1710447720000.0,0.7611309249898535,-0.017672049999999998,1882.6056900664012,1884.1721274140173,-27.5,3.2131,55.2,3.1854225118185506,long_nclose,175.835322652384,0.09339997407857731,15.0
1710447840000.0,631944,1710447840000.0,0.5092657825386655,-0.011824208,1883.1031316409399,1884.1179832060172,-18.4,3.2131,36.8,3.1854225118185506,long_nclose,117.22354843492265,0.06225020099285471,2.0
1710447900000.0,631945,1710447900000.0,0.3376653558136804,-0.007839964,1883.4329570327536,1884.1162832420173,-12.2,3.2131,24.6,3.1854225118185506,long_nclose,78.36139379073634,0.0416056188770268,1.0
1710448500000.0,631955,1710448500000.0,0.574133104631827,-0.007950966000000002,1883.9991391713854,1884.5991022760172,-12.3,3.2321,12.3,3.1854225118185506,long_nclose,39.18069689536817,0.02079655774821665,10.0
1710448560000.0,631956,1710448560000.0,0.0,-0.010866912000000001,1883.9882722593854,1884.5358553640174,16.8,3.2342,29.1,3.2135827111810364,long_ientry_partial,93.51525689536817,0.049636857231186146,1.0
1710448740000.0,631959,1710448740000.0,0.2707977015439448,-0.00628851,1884.2527814509292,1884.8234768540171,-9.7,3.2415,19.4,3.2135827111810364,long_nclose,62.343504596912105,0.0330865928449928,3.0
1710448800000.0,631960,1710448800000.0,0.0,-0.00629142,1884.2464900309292,1884.578565434017,9.7,3.243,29.1,3.2233884741206906,long_ientry_partial,93.80060459691211,0.049781493606694954,1.0
1710449040000.0,631964,1710449040000.0,0.06344298633102881,-0.004654368000000001,1884.3052786492601,1884.504821066017,-7.2,3.2322,21.9,3.2233884741206906,long_nclose,70.59220758324312,0.037463254167523344,4.0
1710449400000.0,631970,1710449400000.0,0.0,-0.004666608,1884.3006120412601,1884.624444458017,7.2,3.2407,29.1,3.227671738255777,long_ientry_partial,93.9252475832431,0.04984621189582591,6.0
1710450840000.0,631994,1710450840000.0,0.06356348455840576,-0.00466056,1884.3595149658186,1884.596653898017,-7.2,3.2365,21.9,3.227671738255777,long_nclose,70.68601106780152,0.03751195592263811,24.0
1710450900000.0,631995,1710450900000.0,0.0,-0.0046634400000000005,1884.3548515258185,1884.562890458017,7.2,3.2385,29.1,3.230350895800739,long_ientry_partial,94.00321106780152,0.04988615121599008,1.0
1710452100000.0,632015,1710452100000.0,0.06371355023467835,-0.004664448000000001,1884.4139006280532,1884.723766010017,-7.2,3.2392,21.9,3.230350895800739,long_nclose,70.74468461803617,0.03754200953116393,20.0
1710452160000.0,632016,1710452160000.0,0.0,-0.004607190000000001,1884.4092934380533,1884.565458820017,7.1,3.2445,29.0,3.2338149868288335,long_ientry_partial,93.78063461803617,0.04976659526388557,1.0
1710452460000.0,632021,1710452460000.0,0.06397209483239977,-0.004669488,1884.4685960448858,1884.6121493320172,-7.2,3.2427,21.8,3.2338149868288335,long_nclose,70.49716671286858,0.037409573638333755,5.0
1710452520000.0,632022,1710452520000.0,0.0,-0.004730984000000001,1884.4638650608858,1884.6161483480173,7.3,3.2404,29.1,3.2354668973494354,long_ientry_partial,94.15208671286858,0.04996226696542498,1.0
1710452640000.0,632024,1710452640000.0,0.06359833908406501,-0.004671792,1884.52279160797,1884.7490865560173,-7.2,3.2443,21.9,3.2354668973494354,long_nclose,70.85672505195264,0.037599293236190635,2.0
1710452760000.0,632026,1710452760000.0,0.0,-0.0046090359999999995,1884.51818257197,1884.7618775200174,7.1,3.2458,29.0,3.237996725929401,long_ientry_partial,93.90190505195262,0.049828070602002,2.0
1710453180000.0,632033,1710453180000.0,0.06410357330831432,-0.004675536000000001,1884.5776106092785,1884.6387219840176,-7.2,3.2469,21.8,3.237996725929401,long_nclose,70.58832862526094,0.03745578225480453,7.0
1710453240000.0,632034,1710453240000.0,0.0,-0.004731568,1884.5728790412786,1884.5845204160178,7.3,3.2408,29.1,3.238699952758108,long_ientry_partial,94.24616862526095,0.05000929901591598,1.0
1710453480000.0,632038,1710453480000.0,0.06408034014162141,-0.004676544,1884.6322828374202,1884.9345038720176,-7.2,3.2476,21.9,3.238699952758108,long_nclose,70.92752896540256,0.03763467792168834,4.0
1710453840000.0,632044,1710453840000.0,0.0,-0.00456904,1884.6277137974203,1885.3753248320177,7.0,3.2636,28.9,3.2447311060692927,long_ientry_partial,93.77272896540255,0.04975663271790464,6.0
1710453840000.0,632044,1710453840000.0,0.1618329256941642,-0.004769674,1884.7847770491144,1885.3435451580176,-7.3,3.2669,21.6,3.2447311060692927,long_nclose,70.08619189109673,0.03718524934227565,0.0
1710453900000.0,632045,1710453900000.0,0.20281603630109188,-0.004712976,1884.9828801094154,1885.4777921820175,-7.2,3.2729,14.4,3.2447311060692927,long_nclose,46.72412792739782,0.024787560895346526,1.0
1710454980000.0,632063,1710454980000.0,0.3424960363010925,-0.004740912000000001,1885.3206352337165,1885.6768112700177,-7.2,3.2923,7.2,3.2447311060692927,long_nclose,23.36206396369891,0.012391560102349803,18.0
1710455100000.0,632065,1710455100000.0,0.17124801815054624,-0.0023704560000000004,1885.4895127958669,1885.6694008140173,-3.6,3.2923,3.6,3.2447311060692927,long_nclose,11.681031981849454,0.006195225113996222,2.0
1710455460000.0,632071,1710455460000.0,0.08562400907527312,-0.0011852280000000002,1885.5739515769421,1885.6458955860173,-1.8,3.2923,1.8,3.2447311060692927,long_nclose,5.840515990924727,0.003097473841341619,6.0
1710455940000.0,632079,1710455940000.0,0.04281200453763656,-0.0005926140000000001,1885.6161709674798,1885.6601529720174,-0.9,3.2923,0.9,3.2447311060692927,long_nclose,2.9202579954623635,0.001548702244086094,8.0
1710456240000.0,632084,1710456240000.0,0.019027557572282916,-0.000263384,1885.6349351410522,1885.6571695880175,-0.4,3.2923,0.5,3.2447311060692927,long_nclose,1.6223655530346464,0.0008603815737606111,5.0
1710456360000.0,632086,1710456360000.0,0.009513778786141458,-0.000131692,1885.6443172278384,1885.6589478960177,-0.2,3.2923,0.3,3.2447311060692927,long_nclose,0.9734193318207878,0.0005162263757418741,2.0
1710456660000.0,632091,1710456660000.0,0.004756889393070729,-6.5846e-05,1885.6490082712314,1885.6582820500175,-0.1,3.2923,0.2,3.2447311060692927,long_nclose,0.6489462212138586,0.0003441500609961418,5.0
1710456720000.0,632092,1710456720000.0,0.004756889393070729,-6.5846e-05,1885.6536993146244,1885.6582762040175,-0.1,3.2923,0.1,3.2447311060692927,long_nclose,0.3244731106069293,0.000172074602417647,1.0
1710456780000.0,632093,1710456780000.0,0.004756889393070729,-6.5846e-05,1885.6583903580174,1885.6583903580174,-0.1,3.2923,0.0,3.2447311060692927,long_nclose,0.0,0.0,1.0
1710467640000.0,632274,1710467640000.0,0.0,-0.018874284,1885.6395160740174,1885.6452360740175,28.6,3.2997,28.6,3.2997,long_ientry_normal,94.37142,0.05004743440914166,181.0
1710467880000.0,632278,1710467880000.0,0.06389999999999926,-0.004698354,1885.6987177200174,1885.8019177200174,-7.1,3.3087,21.5,3.2997,long_nclose,70.94355,0.03762189014254475,4.0
1710468000000.0,632280,1710468000000.0,0.0,-0.004685574,1885.6940321460174,1885.6539921460173,7.1,3.2997,28.6,3.2996999999999996,long_ientry_partial,94.37142,0.050045987520361636,2.0
1710468360000.0,632286,1710468360000.0,0.06390000000000241,-0.004698354,1885.7532337920175,1885.9488837920176,-7.1,3.3087,21.5,3.2996999999999996,long_nclose,70.94354999999999,0.03762080251472842,6.0
1710468480000.0,632288,1710468480000.0,0.0,-0.004685432,1885.7485483600174,1885.6434383600174,7.1,3.2996,28.6,3.299675174825174,long_ientry_partial,94.37070999999999,0.05004416420316036,2.0
1710470340000.0,632319,1710470340000.0,0.0,-0.0258825,1885.7226658600173,1882.3206958600174,40.6,3.1875,69.2,3.2338614161849706,long_rentry,223.78320999999997,0.11867238701187253,31.0
1710471180000.0,632333,1710471180000.0,0.0,-0.061264492,1885.6614013680173,1876.1457313680173,98.3,3.1162,167.5,3.1648099701492534,long_rentry,530.1056699999999,0.2811245272430229,14.0
1710473220000.0,632367,1710473220000.0,0.0,-0.271094614,1885.3903067540173,1860.9432867540177,447.1,3.0317,614.6,3.067977123332248,long_rentry,1885.5787399999997,1.0000999438924172,34.0
1710473520000.0,632372,1710473520000.0,1.2937538561667223,-0.094507008,1886.589553602184,1892.4086997460176,-153.6,3.0764,461.0,3.067977123332248,long_nclose,1414.3374538561663,0.7496794685180372,5.0
1710473640000.0,632374,1710473640000.0,0.9703153921250419,-0.070880256,1887.488988738309,1891.5081794900177,-115.2,3.0764,345.8,3.067977123332248,long_nclose,1060.9064892482913,0.5620729421883693,2.0
1710473700000.0,632375,1710473700000.0,3.0669553921250157,-0.071299584,1890.484644546434,1895.5400599060176,-115.2,3.0946,230.6,3.067977123332248,long_nclose,707.4755246404163,0.374229712302241,1.0
1710473760000.0,632376,1710473760000.0,2.0446369280833436,-0.047533056,1892.4817484185173,1895.9303868500176,-76.8,3.0946,153.8,3.067977123332248,long_nclose,471.85488156849976,0.2493312719992216,1.0
1710473880000.0,632378,1710473880000.0,1.363091285388896,-0.031688704000000005,1893.8131509999062,1896.7190781460174,-51.2,3.0946,102.6,3.067977123332248,long_nclose,314.77445285388865,0.16621199017848845,2.0
1710474300000.0,632385,1710474300000.0,0.9105023820371141,-0.021167064,1894.702486317943,1896.7834110820174,-34.2,3.0946,68.4,3.067977123332248,long_nclose,209.84963523592577,0.11075598240425366,7.0
1710474660000.0,632391,1710474660000.0,1.5363623820371135,-0.021292236,1896.2175564639804,1897.7231388460175,-34.2,3.1129,34.2,3.067977123332248,long_nclose,104.92481761796289,0.05533374441149258,6.0
1710474780000.0,632393,1710474780000.0,0.7681811910185568,-0.010646118,1896.975091536999,1897.9553127280174,-17.1,3.1129,17.1,3.067977123332248,long_nclose,52.46240880898144,0.027655823760170974,2.0
1710474780000.0,632393,1710474780000.0,1.081111191018564,-0.010708704000000003,1898.0454940240174,1898.0454940240174,-17.1,3.1312,0.0,3.067977123332248,long_nclose,0.0,0.0,0.0
1710474840000.0,632394,1710474840000.0,0.0,-0.019001824,1898.0264922000174,1897.8775322000174,30.4,3.1253,30.4,3.1253,long_ientry_normal,95.00912,0.05005679340643669,1.0
1710484500000.0,632555,1710484500000.0,0.06535999999999954,-0.004763528,1898.0870886720174,1898.0642886720175,-7.6,3.1339,22.8,3.1253,long_nclose,71.25684000000001,0.03754139650665572,161.0
1710484560000.0,632556,1710484560000.0,0.0,-0.004748936,1898.0823397360175,1897.8497797360176,7.6,3.1243,30.4,3.1250500000000003,long_ientry_partial,95.00152,0.05005131653730716,1.0
1710484740000.0,632559,1710484740000.0,0.06497999999999705,-0.004763072,1898.1425566640175,1898.2166566640176,-7.6,3.1336,22.8,3.1250500000000003,long_nclose,71.25114,0.03753729652699203,3.0
1710484800000.0,632560,1710484800000.0,0.0487349999999978,-0.003572304,1898.1877193600176,1898.3373443600176,-5.7,3.1336,17.1,3.1250500000000003,long_nclose,53.43835500000001,0.028152302564688907,1.0
1710484860000.0,632561,1710484860000.0,0.0,-0.008273231999999998,1898.1794461280176,1898.3714911280176,13.2,3.1338,30.3,3.128861881188119,long_ientry_partial,94.80451500000001,0.04994496974107798,1.0
1710485040000.0,632564,1710485040000.0,0.06403589108910701,-0.0047061,1898.2387759191067,1898.5246450280176,-7.5,3.1374,22.8,3.128861881188119,long_nclose,71.33805089108911,0.03758117882538144,3.0
1710485100000.0,632565,1710485100000.0,0.0,-0.004649272,1898.2341266471067,1898.3387957560176,7.4,3.1414,30.2,3.131934135466527,long_ientry_partial,94.58441089108912,0.049827578992142386,1.0
1710491700000.0,632675,1710491700000.0,0.0,-0.02595879,1898.2081678571067,1895.0596469660177,42.9,3.0255,73.1,3.0694714212187293,long_rentry,224.3783608910891,0.11820535001932404,110.0
1710492540000.0,632689,1710492540000.0,0.0,-0.06140392800000001,1898.1467639291068,1890.7619430380178,103.8,2.9578,176.9,3.0039457370892544,long_rentry,531.3980008910892,0.27995622413891286,14.0
1710493680000.0,632708,1710493680000.0,0.0,-0.273323946,1897.873439983107,1887.0774290920178,474.9,2.8777,651.8,2.9119633797040336,long_rentry,1898.017730891089,1.000076027676526,19.0
1710494520000.0,632722,1710494520000.0,1.2928754462129486,-0.095130342,1899.07118508732,1902.755838750018,-162.9,2.9199,488.9,2.9119633797040336,long_nclose,1423.658896337302,0.7496606275303164,14.0
1710494580000.0,632723,1710494580000.0,0.9698550001671106,-0.07136235600000002,1899.969677731487,1900.716506394018,-122.2,2.9199,366.7,2.9119633797040336,long_nclose,1067.816971337469,0.5620179015764156,1.0
1710494640000.0,632724,1710494640000.0,0.7269944191105345,-0.053492568,1900.6431795825977,1901.781163826018,-91.6,2.9199,275.1,2.9119633797040336,long_nclose,801.0811257565797,0.4214789679420553,1.0
1710494700000.0,632725,1710494700000.0,0.545245814332901,-0.04011942600000001,1901.1483059709306,1904.850424400018,-68.7,2.9199,206.4,2.9119633797040336,long_nclose,601.0292415709125,0.31614011367932837,1.0
1710494940000.0,632729,1710494940000.0,0.4095296072718732,-0.030133368000000004,1901.5277022102025,1903.4064510320181,-51.6,2.9199,154.8,2.9119633797040336,long_nclose,450.77193117818445,0.2370577776249269,4.0
1710495000000.0,632730,1710495000000.0,1.307369607271866,-0.030312936000000002,1902.8047588814743,1905.130538096018,-51.6,2.9373,103.2,2.9119633797040336,long_nclose,300.51462078545626,0.15793245175721957,1.0
1710495240000.0,632734,1710495240000.0,0.2047648036359366,-0.015066684000000002,1902.9944570011103,1903.949311412018,-25.8,2.9199,77.4,2.9119633797040336,long_nclose,225.38596558909222,0.11843753131276763,4.0
1710495360000.0,632736,1710495360000.0,0.653684803635933,-0.015156468000000001,1903.6329853367463,1904.9351949440181,-25.8,2.9373,51.6,2.9119633797040336,long_nclose,150.25731039272813,0.07893186950957783,2.0
1710495420000.0,632737,1710495420000.0,0.43578986909062195,-0.010104312,1904.0586708938367,1904.888970632018,-17.2,2.9373,34.4,2.9119633797040336,long_nclose,100.17154026181875,0.05260948194143328,1.0
1710495480000.0,632738,1710495480000.0,0.2888374713740169,-0.006697044,1904.3408113212108,1905.250153588018,-11.4,2.9373,23.0,2.9119633797040336,long_nclose,66.97515773319277,0.035169732925445285,1.0
1710495540000.0,632739,1710495540000.0,0.0,-0.0054897900000000005,1904.3353215312109,1905.4223137980182,9.3,2.9515,32.3,2.9233469886437393,long_ientry_partial,94.42410773319277,0.0495837611504625,1.0
1710495540000.0,632739,1710495540000.0,0.35940963059699915,-0.00679558,1904.6879355818078,1905.387918218018,-11.5,2.9546,20.8,2.9233469886437393,long_nclose,60.80561736378978,0.03192418885417891,0.0
1710495600000.0,632740,1710495600000.0,0.0,-0.006741960000000001,1904.6811936218078,1905.377956258018,11.4,2.957,32.2,2.9352614088133473,long_ientry_partial,94.5154173637898,0.04962269679581701,1.0
1710495720000.0,632742,1710495720000.0,0.2732629256971826,-0.006336112,1904.948120435505,1905.443450146018,-10.7,2.9608,21.5,2.9352614088133473,long_nclose,63.10812028948697,0.03312852440047519,2.0
1710495780000.0,632743,1710495780000.0,0.0,-0.006330761999999999,1904.941789673505,1905.363059384018,10.7,2.9583,32.2,2.94291708973562,long_ientry_partial,94.76193028948697,0.049745315475350334,1.0
1710496140000.0,632749,1710496140000.0,0.06466328211504191,-0.0047216,1905.00173135562,1905.386097784018,-8.0,2.951,24.2,2.94291708973562,long_nclose,71.218593571602,0.03738505451169437,6.0
1710496260000.0,632751,1710496260000.0,0.0,-0.004734080000000001,1904.99699727562,1905.506943704018,8.0,2.9588,32.2,2.946863154397577,long_ientry_partial,94.88899357160199,0.04981057382626057,2.0
1710496500000.0,632755,1710496500000.0,0.27431424794592807,-0.00636115,1905.264950373566,1905.7365925540182,-10.7,2.9725,21.5,2.946863154397577,long_nclose,63.35755781954791,0.033253935525935835,4.0
1710496560000.0,632756,1710496560000.0,0.0,-0.006293856,1905.2586565175661,1905.4959686980183,10.6,2.9688,32.1,2.9541070971821775,long_ientry_partial,94.8268378195479,0.049771109815017194,1.0
1710496620000.0,632757,1710496620000.0,0.06474322254258169,-0.0047395200000000005,1905.3186602201088,1905.4413991780184,-8.0,2.9622,24.1,2.9541070971821775,long_nclose,71.19398104209048,0.037365918115695104,1.0
1710496680000.0,632758,1710496680000.0,0.0,-0.004793904,1905.3138663161087,1905.5943852740184,8.1,2.9592,32.2,2.955388231120822,long_ientry_partial,95.16350104209049,0.04994636459875635,1.0
1710496680000.0,632758,1710496680000.0,0.040870613275068024,-0.003554640000000001,1905.3511822893838,1905.5794306340183,-6.0,2.9622,26.2,2.955388231120822,long_nclose,77.43117165536553,0.04063879266725399,0.0
1710496920000.0,632762,1710496920000.0,0.2236923892488479,-0.005187114,1905.5696875646327,1906.0983935200184,-8.7,2.9811,17.5,2.955388231120822,long_nclose,51.71929404461439,0.027141119205518524,4.0
1710496980000.0,632763,1710496980000.0,0.0,-0.008598528000000001,1905.5610890366327,1905.9239149920184,14.4,2.9856,31.9,2.969026145599197,long_ientry_partial,94.71193404461438,0.04970291143617786,1.0
1710498060000.0,632781,1710498060000.0,0.06457344976634181,-0.004703976,1905.620958510399,1905.7835310160183,-7.9,2.9772,24.0,2.969026145599197,long_nclose,71.25662749438072,0.0373928651320466,18.0
1710498120000.0,632782,1710498120000.0,0.0,-0.0047612800000000005,1905.6161972303992,1905.9739697360185,8.0,2.9758,32.0,2.9707196091993975,long_ientry_partial,95.06302749438072,0.04988571551424901,1.0
1710498120000.0,632782,1710498120000.0,0.03888234480361419,-0.00357264,1905.6515069352029,1905.9421970960186,-6.0,2.9772,26.0,2.9707196091993975,long_nclose,77.23870983918434,0.04053139283761533,0.0
1710498240000.0,632784,1710498240000.0,0.0531725402039156,-0.0038725699999999997,1905.7008069054066,1905.9168745260183,-6.5,2.9789,19.5,2.9707196091993975,long_nclose,57.929032379388254,0.030397758225991917,2.0
1710498360000.0,632786,1710498360000.0,0.0,-0.007454499999999999,1905.6933524054066,1905.8966200260184,12.5,2.9818,32.0,2.975047886855883,long_ientry_partial,95.20153237938825,0.049956375331436646,2.0
1710498420000.0,632787,1710498420000.0,0.06521690515293699,-0.0047731200000000005,1905.7537961905596,1906.0838469060184,-8.0,2.9832,24.0,2.975047886855883,long_nclose,71.40114928454119,0.037466093168627576,1.0
1710498480000.0,632788,1710498480000.0,0.0,-0.004722304,1905.7490738865595,1906.1205946020182,7.9,2.9888,31.9,2.9784535825874983,long_ientry_partial,95.01266928454119,0.049855812911808794,1.0
1710498780000.0,632793,1710498780000.0,0.06435669755876487,-0.004718828,1905.8087117561183,1905.8458257740183,-7.9,2.9866,24.0,2.9784535825874983,long_nclose,71.48288598209996,0.03750790178529074,5.0
1710498840000.0,632794,1710498840000.0,0.0,-0.0047680000000000005,1905.8039437561183,1905.9146577740185,8.0,2.98,32.0,2.978840186940624,long_ientry_partial,95.32288598209996,0.05001715223352388,1.0
1710498900000.0,632795,1710498900000.0,0.06527850447501038,-0.004779200000000001,1905.8644430605932,1906.0938785740182,-8.0,2.987,24.0,2.978840186940624,long_nclose,71.49216448657498,0.03751167337576591,1.0
1710498960000.0,632796,1710498960000.0,0.0,-0.0047216720000000005,1905.8597213885932,1905.8562869020182,7.9,2.9884,31.9,2.9812076641559555,long_ientry_partial,95.10052448657498,0.04989901587158028,1.0
1710499680000.0,632808,1710499680000.0,0.0647194531679502,-0.004723252000000001,1905.9197175897611,1905.9795336500183,-7.9,2.9894,24.0,2.9812076641559555,long_nclose,71.54898393974293,0.03754039757258205,12.0
1710499740000.0,632809,1710499740000.0,0.0,-0.004714246,1905.915003343761,1906.1119894040182,7.9,2.9837,31.9,2.981824888393196,long_ientry_partial,95.12021393974294,0.04990789923625285,1.0
1710499740000.0,632809,1710499740000.0,0.04545066964082345,-0.00358728,1905.956866733402,1906.1168021240182,-6.0,2.9894,25.9,2.981824888393196,long_nclose,77.22926460938378,0.04051994352933398,0.0
1710501000000.0,632830,1710501000000.0,0.0,-0.0038714280000000005,1905.952995305402,1904.5980906960183,6.6,2.9329,32.5,2.971889372596424,long_ientry_partial,96.58640460938378,0.050676173466653186,21.0
1710503580000.0,632873,1710503580000.0,0.06569608196896594,-0.0048276,1906.013863787371,1906.0043630960183,-8.1,2.98,24.4,2.971889372596424,long_nclose,72.51410069135274,0.038044896770720545,43.0
1710503640000.0,632874,1710503640000.0,0.0,-0.00457611,1906.009287677371,1906.0286769860184,7.7,2.9715,32.1,2.971795971693232,long_ientry_partial,95.39465069135275,0.050049415450435175,1.0
1710503760000.0,632876,1710503760000.0,0.06483222645414699,-0.004767840000000001,1906.0693520638251,1906.3634691460184,-8.0,2.9799,24.1,2.971795971693232,long_nclose,71.62028291780689,0.037574856780661706,2.0
1710503820000.0,632877,1710503820000.0,0.0,-0.00465504,1906.0646970238251,1906.3811441060182,7.8,2.984,31.9,2.974780028771376,long_ientry_partial,94.89548291780689,0.04978607655132533,1.0
1710504120000.0,632882,1710504120000.0,0.06414777270612926,-0.004712982,1906.1241318145312,1906.3286111240182,-7.9,2.9829,24.0,2.974780028771376,long_nclose,71.39472069051303,0.03745544138437037,5.0
1710504180000.0,632883,1710504180000.0,0.0,-0.004713614,1906.1194182005313,1906.2505275100182,7.9,2.9833,31.9,2.976889990298214,long_ientry_partial,94.96279069051302,0.04981995869921019,1.0
1710505380000.0,632903,1710505380000.0,0.06406907664410846,-0.0047163,1906.1787709771754,1906.2870112100184,-7.9,2.985,24.0,2.976889990298214,long_nclose,71.44535976715713,0.0374809335068461,20.0
1710505440000.0,632904,1710505440000.0,0.0,-0.00477024,1906.1740007371754,1906.3878409700183,8.0,2.9814,32.0,2.9780174927236605,long_ientry_partial,95.29655976715713,0.04999363108000794,1.0
1710505440000.0,632904,1710505440000.0,0.041895043658036535,-0.003582,1906.2123137808335,1906.3860589700182,-6.0,2.985,26.0,2.9780174927236605,long_nclose,77.42845481081517,0.04061900883288361,0.0
1710505500000.0,632905,1710505500000.0,0.053186297296208274,-0.00388206,1906.2616180181296,1906.5108769100182,-6.5,2.9862,19.5,2.9780174927236605,long_nclose,58.071341108111376,0.030463468686153385,1.0
1710505560000.0,632906,1710505560000.0,0.0,-0.007417184,1906.2542008341297,1906.5991597260183,12.4,2.9908,31.9,2.982986241633586,long_ientry_partial,95.15726110811138,0.04991845319814793,1.0
1710505860000.0,632911,1710505860000.0,0.06488869109467169,-0.004726096000000001,1906.3143634292244,1906.5810936300184,-7.9,2.9912,24.0,2.982986241633586,long_nclose,71.59166979920606,0.03755501777284072,5.0
1710505920000.0,632912,1710505920000.0,0.0,-0.0046707960000000005,1906.3096926332244,1906.6559228340184,7.8,2.9941,31.8,2.9857122578366684,long_ientry_partial,94.94564979920605,0.049805994359738946,1.0
1710505980000.0,632913,1710505980000.0,0.27547006693131326,-0.006384804,1906.5787778961558,1907.0597580300184,-10.6,3.0117,21.2,2.9857122578366684,long_nclose,63.297099866137366,0.03319930998916475,1.0
1710506040000.0,632914,1710506040000.0,0.0,-0.00631764,1906.5724602561559,1906.9773603900185,10.5,3.0084,31.7,2.9932271251147435,long_ientry_partial,94.88529986613737,0.04976747637138803,1.0
1710507900000.0,632945,1710507900000.0,0.06456571159352485,-0.004742212,1906.6322837557493,1906.8339381780183,-7.9,3.0014,23.8,2.9932271251147435,long_nclose,71.2388055777309,0.03736368369752047,31.0
1710508080000.0,632948,1710508080000.0,0.0,-0.00480272,1906.6274810357493,1906.6383354580184,8.0,3.0017,31.8,2.9953586659663807,long_ientry_partial,95.25240557773091,0.04995858211693579,3.0
1710509760000.0,632976,1710509760000.0,0.06510653886559306,-0.0047456880000000005,1906.687841886615,1906.8752497700184,-7.9,3.0036,23.9,2.9953586659663807,long_nclose,71.5890721165965,0.037546299160202905,28.0
1710509820000.0,632977,1710509820000.0,0.0,-0.004684992,1906.683156894615,1906.6106247780185,7.8,3.0032,31.7,2.9972880793879018,long_ientry_partial,95.01403211659648,0.049832103342930006,1.0
1710509820000.0,632977,1710509820000.0,0.0372403316113799,-0.0035442480000000007,1906.7168529782264,1906.6578205300184,-5.9,3.0036,25.8,2.9972880793879018,long_nclose,77.33003244820787,0.040556641814656964,0.0
1710509940000.0,632979,1710509940000.0,0.052556291917429124,-0.003847040000000001,1906.7655622301438,1907.0781334900184,-6.4,3.0055,19.4,2.9972880793879018,long_nclose,58.14738874012529,0.03049530046688927,2.0
1710510000000.0,632980,1710510000000.0,0.0,-0.007352695999999999,1906.7582095341438,1907.1624207940185,12.2,3.0134,31.6,3.003508504434344,long_ientry_partial,94.91086874012528,0.049776037814104265,1.0
1710510480000.0,632988,1710510480000.0,0.27396070343938494,-0.0063621599999999995,1907.0258080775832,1907.6944986340186,-10.5,3.0296,21.1,3.003508504434344,long_nclose,63.374029443564666,0.03323186774669304,8.0
1710510600000.0,632990,1710510600000.0,0.18264046895958996,-0.00424144,1907.2042071065428,1907.6933571940185,-7.0,3.0296,14.1,3.003508504434344,long_nclose,42.34946991252425,0.02220500025887289,2.0
1710510660000.0,632991,1710510660000.0,0.30794046895959015,-0.0042665,1907.5078810755022,1907.8053106940183,-7.0,3.0475,7.1,3.003508504434344,long_nclose,21.324910381483843,0.011179461219033238,1.0
1710510960000.0,632996,1710510960000.0,0.15397023447979508,-0.00213325,1907.659718059982,1907.8094474440184,-3.5,3.0475,3.6,3.003508504434344,long_nclose,10.81263061596364,0.005668008038121011,5.0
1710511380000.0,633003,1710511380000.0,0.03130979467878685,-0.000727104,1907.6903007506608,1907.7500403400184,-1.2,3.0296,2.4,3.003508504434344,long_nclose,7.208420410642425,0.0037786114485175975,7.0
1710511500000.0,633005,1710511500000.0,0.0,-0.017612856,1907.6726878946608,1907.4085474840185,29.2,3.0159,31.6,3.0149588737545066,long_ientry_partial,95.27270041064241,0.0499418485231798,2.0
1710514920000.0,633062,1710514920000.0,0.0651048973393991,-0.004776656000000001,1907.733016136,1907.8335308280182,-7.9,3.0232,23.7,3.0149588737545066,long_nclose,71.4545253079818,0.03745520190907462,57.0
1710514980000.0,633063,1710514980000.0,0.04862264484841199,-0.003567376,1907.7780714048483,1908.0173234520182,-5.9,3.0232,17.8,3.0149588737545066,long_nclose,53.66626795283022,0.028130246781435896,1.0
1710515160000.0,633066,1710515160000.0,0.0,-0.008372526,1907.7696988788484,1907.6039109260182,13.9,3.0117,31.7,3.0135299038747703,long_ientry_partial,95.52889795283022,0.050073600607542054,3.0
1710521040000.0,633164,1710521040000.0,0.06533375938931348,-0.004774444,1907.8302581942376,1908.046126482018,-7.9,3.0218,23.8,3.0135299038747703,long_nclose,71.72201171221954,0.037593497327222634,98.0
1710521220000.0,633167,1710521220000.0,0.0,-0.004747584,1907.8255106102376,1907.7603888980182,7.9,3.0048,31.7,3.0113543126883133,long_ientry_partial,95.45993171221953,0.05003598661477469,3.0
1710525780000.0,633243,1710525780000.0,0.0651409297623252,-0.004770968,1907.885880572,1908.025007930018,-7.9,3.0196,23.8,3.0113543126883133,long_nclose,71.67023264198185,0.03756526182818363,76.0
1710525840000.0,633244,1710525840000.0,0.04864955513895173,-0.0035631280000000005,1907.930966999139,1908.0839348020181,-5.9,3.0196,17.9,3.0113543126883133,long_nclose,53.903242197120804,0.028252197343335603,1.0
1710526500000.0,633255,1710526500000.0,0.1542595551389519,-0.00358425,1908.081642304278,1908.700190552018,-5.9,3.0375,12.0,3.0113543126883133,long_nclose,36.13625175225976,0.01893852493052663,11.0
1710526500000.0,633255,1710526500000.0,0.2604595551389507,-0.0036054900000000007,1908.338496369417,1908.6529250620183,-5.9,3.0555,6.1,3.0113543126883133,long_nclose,18.36926130739871,0.009625787742764676,0.0
1710526620000.0,633257,1710526620000.0,0.13243706193505966,-0.0018333,1908.469100131352,1908.6096717620183,-3.0,3.0555,3.1,3.0113543126883133,long_nclose,9.33519836933377,0.0048914590069555055,2.0
1710526980000.0,633263,1710526980000.0,0.06621853096752983,-0.00091665,1908.5344020123196,1908.5978351120182,-1.5,3.0555,1.6,3.0113543126883133,long_nclose,4.818166900301302,0.0025245376217589398,6.0
1710527040000.0,633264,1710527040000.0,0.035316549849349246,-0.00048888,1908.569229682169,1908.6026262320183,-0.8,3.0555,0.8,3.0113543126883133,long_nclose,2.409083450150651,0.0012622457769330337,1.0
1710527100000.0,633265,1710527100000.0,0.017658274924674623,-0.00024444,1908.5866435170938,1908.6055817920185,-0.4,3.0555,0.4,3.0113543126883133,long_nclose,1.2045417250753254,0.000631117130137528,1.0
1710527340000.0,633269,1710527340000.0,0.008829137462337312,-0.00012222,1908.595350434556,1908.6043795720184,-0.2,3.0555,0.2,3.0113543126883133,long_nclose,0.6022708625376627,0.00031555712550621875,4.0
1710527460000.0,633271,1710527460000.0,0.012409137462337317,-0.000122936,1908.6076366360182,1908.6076366360182,-0.2,3.0734,0.0,3.0113543126883133,long_nclose,0.0,0.0,2.0
1710532680000.0,633358,1710532680000.0,0.0,-0.019094040000000003,1908.5885425960182,1908.5507425960182,31.5,3.0308,31.5,3.0308,long_ientry_normal,95.4702,0.05002136283923388,87.0
1710532740000.0,633359,1710532740000.0,0.06473999999999806,-0.004740996,1908.6485416000182,1908.9424216000182,-7.8,3.0391,23.7,3.0308,long_nclose,71.82996,0.037633937539797144,1.0
1710532860000.0,633361,1710532860000.0,0.0,-0.004728048,1908.6438135520182,1908.6879135520182,7.8,3.0308,31.5,3.0308,long_ientry_partial,95.4702,0.05001991430885596,2.0
1710534240000.0,633384,1710534240000.0,0.06473999999999806,-0.004740996,1908.7038125560182,1908.8768225560182,-7.8,3.0391,23.7,3.0308,long_nclose,71.82996,0.03763284776164918,23.0
1710534360000.0,633386,1710534360000.0,0.0,-0.004725396,1908.6990871600183,1908.3941971600184,7.8,3.0291,31.5,3.0303790476190473,long_ientry_partial,95.45693999999999,0.05001151865275515,2.0
1710541020000.0,633497,1710541020000.0,0.06490342857143068,-0.0047403720000000005,1908.7592502165896,1908.9446067880183,-7.8,3.0387,23.7,3.0303790476190473,long_nclose,71.81998342857142,0.037626528028834386,111.0
1710541140000.0,633499,1710541140000.0,0.04909361904762064,-0.003585666000000001,1908.8047581696374,1908.9635511220183,-5.9,3.0387,17.8,3.0303790476190473,long_nclose,53.94074704761904,0.028258912713180314,2.0
1710541500000.0,633505,1710541500000.0,0.036612190476191665,-0.002674056,1908.8386963041137,1909.0091570660184,-4.4,3.0387,13.4,3.0303790476190473,long_nclose,40.60707923809524,0.021273185270561892,6.0
1710542220000.0,633517,1710542220000.0,0.027459142857143747,-0.002005542,1908.8641499049709,1908.9350615240185,-3.3,3.0387,10.1,3.0303790476190473,long_nclose,30.606828380952376,0.016034052702218794,12.0
1710542280000.0,633518,1710542280000.0,0.020802380952381627,-0.00151935,1908.883432935923,1908.9930321740183,-2.5,3.0387,7.6,3.0303790476190473,long_nclose,23.030880761904758,0.01206510589621627,1.0
1710542580000.0,633523,1710542580000.0,0.06580238095238222,-0.0015283500000000002,1908.9477069668756,1909.0890838240184,-2.5,3.0567,5.1,3.0303790476190473,long_nclose,15.45493314285714,0.008096048459815309,5.0
1710542940000.0,633529,1710542940000.0,0.11105238095238223,-0.0015374000000000002,1909.0572219478279,1909.1755764240183,-2.5,3.0748,2.6,3.0303790476190473,long_nclose,7.878985523809523,0.004127160481743195,6.0
1710543180000.0,633533,1710543180000.0,0.05774723809523876,-0.0007994480000000001,1909.1141697379232,1909.1754269760186,-1.3,3.0748,1.3,3.0303790476190473,long_nclose,3.9394927619047615,0.002063518685446435,4.0
1710544020000.0,633547,1710544020000.0,0.026652571428571737,-0.000368976,1909.1404533333518,1909.1714080000186,-0.6,3.0748,0.7,3.0303790476190473,long_nclose,2.121265333333333,0.0011111101488785761,14.0
1710544080000.0,633548,1710544080000.0,0.013326285714285869,-0.000184488,1909.1535951310661,1909.1737635120185,-0.3,3.0748,0.4,3.0303790476190473,long_nclose,1.212151619047619,0.0006349157145548591,1.0
1710545100000.0,633565,1710545100000.0,0.008884190476190578,-0.00012299200000000002,1909.1623563295425,1909.1717005200187,-0.2,3.0748,0.2,3.0303790476190473,long_nclose,0.6060758095238095,0.0003174564004546055,17.0
1710545400000.0,633570,1710545400000.0,0.012484190476190538,-0.000123712,1909.1747168080187,1909.1747168080187,-0.2,3.0928,0.0,3.0303790476190473,long_nclose,0.0,0.0,5.0
1710558300000.0,633785,1710558300000.0,0.0,-0.019090032,1909.1556267760188,1908.984026776019,31.2,3.0593,31.2,3.0593,long_ientry_normal,95.45016,0.04999600800547946,215.0
1710558420000.0,633787,1710558420000.0,0.0655199999999997,-0.004785612,1909.216361164019,1909.469081164019,-7.8,3.0677,23.4,3.0593,long_nclose,71.58761999999999,0.03749581318083517,2.0
1710558660000.0,633791,1710558660000.0,0.20748000000000139,-0.004814004,1909.419027160019,1909.8277471600188,-7.8,3.0859,15.6,3.0593,long_nclose,47.72508,0.024994555580072995,4.0
1710558720000.0,633792,1710558720000.0,0.13832000000000094,-0.0032093360000000006,1909.5541378240189,1909.8141378240189,-5.2,3.0859,10.4,3.0593,long_nclose,31.81672,0.016661858058790564,1.0
1710558780000.0,633793,1710558780000.0,0.0904400000000006,-0.002098412,1909.642479412019,1909.827279412019,-3.4,3.0859,7.0,3.0593,long_nclose,21.4151,0.011214193353403895,1.0
1710558840000.0,633794,1710558840000.0,0.06118000000000041,-0.001419514,1909.702239898019,1909.8272598980188,-2.3,3.0859,4.7,3.0593,long_nclose,14.37871,0.0075292942007377265,1.0
1710558900000.0,633795,1710558900000.0,0.03990000000000027,-0.00092577,1909.7412141280188,1909.8324141280189,-1.5,3.0859,3.2,3.0593,long_nclose,9.789760000000001,0.005126223347737705,1.0
1710560520000.0,633822,1710560520000.0,0.006719999999999971,-0.000490832,1909.747443296019,1909.768563296019,-0.8,3.0677,2.4,3.0593,long_nclose,7.342319999999999,0.0038446549703598206,27.0
1710561660000.0,633841,1710561660000.0,0.0,-0.017631936000000004,1909.7298113600189,1909.8526913600188,28.8,3.0611,31.2,3.0609615384615387,long_ientry_partial,95.50200000000001,0.05000812127030055,19.0
1710561660000.0,633841,1710561660000.0,0.004043076923076682,-0.000368124,1909.733486312942,1909.8540032360188,-0.6,3.0677,30.6,3.0609615384615387,long_nclose,93.66542307692309,0.04904633224909292,0.0
1710561900000.0,633845,1710561900000.0,0.06337230769230669,-0.004665336,1909.7921932846343,1909.937977900019,-7.6,3.0693,23.0,3.0609615384615387,long_nclose,70.40211538461539,0.036863757026638286,4.0
1710561960000.0,633846,1710561960000.0,0.04752923076923001,-0.003499002,1909.8362235134036,1909.9303088980191,-5.7,3.0693,17.3,3.0609615384615387,long_nclose,52.95463461538462,0.027727317119353494,1.0
1710562020000.0,633847,1710562020000.0,0.035855384615384046,-0.0026395980000000004,1909.869439300019,1909.997339300019,-4.3,3.0693,13.0,3.0609615384615387,long_nclose,39.792500000000004,0.020835193852090875,1.0
1710562860000.0,633861,1710562860000.0,0.11454538461538397,-0.0026553360000000003,1909.9813293486343,1910.2339639640188,-4.3,3.0876,8.7,3.0609615384615387,long_nclose,26.630365384615384,0.013942735970983132,14.0
1710563460000.0,633871,1710563460000.0,0.07725153846153802,-0.0017908080000000003,1910.056790079096,1910.190413156019,-2.9,3.0876,5.8,3.0609615384615387,long_nclose,17.753576923076924,0.00929479008964008,10.0
1710563640000.0,633874,1710563640000.0,0.0,-0.015555976,1910.0412341030958,1910.020337180019,25.4,3.0622,31.2,3.061969773175542,long_ientry_partial,95.53345692307691,0.05001643693202093,3.0
1710564300000.0,633885,1710564300000.0,0.06575576923076927,-0.004789824,1910.1022000483265,1910.2877673560188,-7.8,3.0704,23.4,3.061969773175542,long_nclose,71.65009269230768,0.0375111303942244,11.0
1710564480000.0,633888,1710564480000.0,0.0,-0.004776876,1910.0974231723264,1910.0255904800188,7.8,3.0621,31.2,3.0620023298816568,long_ientry_partial,95.53447269230769,0.05001549739470472,3.0
1710564720000.0,633892,1710564720000.0,0.0655018269230756,-0.004789824,1910.1581351752495,1910.3429406560188,-7.8,3.0704,23.4,3.0620023298816568,long_nclose,71.65085451923076,0.03751043078569884,4.0
1710564780000.0,633893,1710564780000.0,0.04870648668638955,-0.003561664,1910.2032799979359,1910.3211589920188,-5.8,3.0704,17.6,3.0620023298816568,long_nclose,53.891241005917166,0.028212306810600492,1.0
1710564900000.0,633895,1710564900000.0,0.0,-0.008328639999999998,1910.194951357936,1910.1668303520187,13.6,3.062,31.2,3.0620013142922167,long_ientry_partial,95.53444100591716,0.050012927182119714,2.0
1710573000000.0,634030,1710573000000.0,0.06550974852070839,-0.004789824,1910.2556712824567,1910.4802805280187,-7.8,3.0704,23.4,3.0620013142922167,long_nclose,71.65083075443786,0.037508503092852925,135.0
1710573420000.0,634037,1710573420000.0,0.0,-0.004825162000000001,1910.2508461204566,1910.1645653660187,7.9,3.0539,31.3,3.0599565736242127,long_ientry_partial,95.77664075443786,0.050138253281735955,7.0
1710574500000.0,634055,1710574500000.0,0.06507872573113946,-0.004786548,1910.3111382981876,1910.5518588180187,-7.8,3.0683,23.5,3.0599565736242127,long_nclose,71.908979480169,0.03764254839880667,18.0
1710574680000.0,634058,1710574680000.0,0.048391872979565244,-0.003559228,1910.3559709431672,1910.5355095900186,-5.8,3.0683,17.7,3.0599565736242127,long_nclose,54.161231353148565,0.02835138171992546,3.0
1710575100000.0,634065,1710575100000.0,0.15719621561714386,-0.003642188,1910.5095249707845,1910.8003174020187,-5.9,3.0866,11.8,3.0599565736242127,long_nclose,36.10748756876571,0.01889940201649498,7.0
1710575160000.0,634066,1710575160000.0,0.10390936286556966,-0.002407548,1910.61102678565,1910.8949798540186,-3.9,3.0866,7.9,3.0599565736242127,long_nclose,24.17365693163128,0.01265231729155267,1.0
1710575400000.0,634070,1710575400000.0,0.1748893628655705,-0.002421744,1910.7834944045155,1910.9956681100186,-3.9,3.1048,4.0,3.0599565736242127,long_nclose,12.23982629449685,0.006405658375393974,4.0
1710575940000.0,634079,1710575940000.0,0.2521737055031501,-0.0024984000000000004,1911.0331697100187,1911.0331697100187,-4.0,3.123,0.0,3.0599565736242127,long_nclose,0.0,0.0,9.0
1710582240000.0,634184,1710582240000.0,0.0,-0.01911312,1911.0140565900188,1910.9048565900187,31.2,3.063,31.2,3.063,long_ientry_normal,95.5656,0.050007795426960724,105.0
1710591360000.0,634336,1710591360000.0,0.0,-0.026215853999999997,1910.9878407360188,1907.3246707360188,44.3,2.9589,75.5,3.0019188079470194,long_rentry,226.64486999999997,0.11860089591815899,152.0
1710596820000.0,634427,1710596820000.0,0.0,-0.062077342,1910.9257633940188,1903.612023394019,107.3,2.8927,182.8,2.937809518599562,long_rentry,537.03158,0.2810321522099171,91.0
1710612300000.0,634685,1710612300000.0,0.0,-0.27477848800000004,1910.6509849060187,1890.4707649060185,488.2,2.8142,671.0,2.847874843517139,long_rentry,1910.9240200000002,1.0001429016058603,258.0
1710642540000.0,635189,1710642540000.0,-0.26910893591654383,-0.0038192880000000005,1910.3780566821022,1884.2917056180188,-6.8,2.8083,664.2,2.847874843517139,unstuck_close_long,1891.5584710640837,0.9901487637213003,504.0
1710660000000.0,635480,1710660000000.0,0.0,-0.019081568,1910.3589751141021,1783.2083140500183,35.9,2.6576,700.1,2.8381178561121034,long_rentry,1986.9663110640836,1.040101016064484,291.0
1710664560000.0,635556,1710664560000.0,1.3618751803818774,-0.0996065,1911.6212437944841,1915.8126675500187,-175.0,2.8459,525.1,2.8381178561121034,long_nclose,1490.2956862444655,0.7795977843844705,76.0
1710664620000.0,635557,1710664620000.0,4.319375180381901,-0.10019800000000001,1915.840420974866,1923.1862695500186,-175.0,2.8628,350.1,2.8381178561121034,long_nclose,993.6250614248474,0.5186366518560279,1.0
1710664680000.0,635558,1710664680000.0,2.880406191717531,-0.06681775200000001,1918.6540094145837,1924.2047617980188,-116.7,2.8628,233.4,2.8381178561121034,long_nclose,662.416707616565,0.3452507353416369,1.0
1710664740000.0,635559,1710664740000.0,1.9202707944783537,-0.044545168,1920.529735041062,1926.5019966300188,-77.8,2.8628,155.6,2.8381178561121034,long_nclose,441.61113841104327,0.22994235931556736,1.0
1710664980000.0,635563,1710664980000.0,3.2350907944783645,-0.044808132,1923.7200177035402,1927.6397484980184,-77.8,2.8797,77.8,2.8381178561121034,long_nclose,220.80556920552164,0.114780512326898,4.0
1710665040000.0,635564,1710665040000.0,4.549910794478341,-0.045071096,1928.2248574020186,1928.2248574020186,-77.8,2.8966,0.0,2.8381178561121034,long_nclose,0.0,0.0,1.0
1710769320000.0,637302,1710769320000.0,0.0,-0.019286976,1928.2055704260185,1928.2967704260186,30.4,3.1722,30.4,3.1722,long_ientry_normal,96.43487999999999,0.05001275874267578,1738.0
1710773040000.0,637364,1710773040000.0,0.0,-0.026476416000000003,1928.1790940100186,1924.3646940100186,43.2,3.0644,73.6,3.108926086956522,long_rentry,228.81696,0.11866997246823748,62.0
1710780840000.0,637494,1710780840000.0,0.0,-0.062672136,1928.1164218740187,1919.5586818740187,104.6,2.9958,178.2,3.0425232323232323,long_rentry,542.17764,0.28119548894927954,130.0
1710797520000.0,637772,1710797520000.0,0.3727661616161604,-0.02715301,1928.462035025635,1930.2906188640188,-44.5,3.0509,133.7,3.0425232323232323,long_nclose,406.7853561616161,0.2109377051626576,278.0
1710797580000.0,637773,1710797580000.0,1.1782161616161606,-0.027314100000000004,1929.612937087251,1931.6892247640187,-44.5,3.069,89.2,3.0425232323232323,long_nclose,271.39307232323233,0.14064637892244852,1.0
1710797580000.0,637773,1710797580000.0,1.9836661616161608,-0.02747519,1931.5691280588674,1932.6095995740188,-44.5,3.0871,44.7,3.0425232323232323,long_nclose,136.0007884848485,0.07040948548474817,0.0
1710797580000.0,637773,1710797580000.0,2.801651515151515,-0.027760488000000003,1934.3430190860188,1934.3430190860188,-44.7,3.1052,0.0,3.0425232323232323,long_nclose,0.0,0.0,0.0
1710798900000.0,637795,1710798900000.0,0.0,-0.019326132000000003,1934.3236929540187,1934.2950729540187,31.8,3.0387,31.8,3.0387,long_ientry_normal,96.63066,0.04995578576222146,22.0
1710798960000.0,637796,1710798960000.0,0.06557000000000156,-0.004814260000000001,1934.3844486940186,1934.6545186940186,-7.9,3.047,23.9,3.0387,long_nclose,72.62492999999999,0.03754420691762283,1.0
1710799080000.0,637798,1710799080000.0,0.04897000000000116,-0.003595460000000001,1934.4298232340186,1934.6080232340187,-5.9,3.047,18.0,3.0387,long_nclose,54.6966,0.028275308487829828,2.0
1710799260000.0,637801,1710799260000.0,0.0,-0.008387088000000003,1934.4214361460186,1934.3818961460186,13.8,3.0388,31.8,3.0387433962264154,long_ientry_partial,96.63204000000002,0.049953974968619926,3.0
1710799860000.0,637811,1710799860000.0,0.06601716981131749,-0.004814418,1934.48263889783,1934.6058817280186,-7.9,3.0471,23.9,3.0387433962264154,long_nclose,72.62596716981132,0.037542837402350586,10.0
1710800100000.0,637815,1710800100000.0,0.04930396226414851,-0.0035955780000000007,1934.528347282094,1934.7525661500185,-5.9,3.0471,18.0,3.0387433962264154,long_nclose,54.69738113207548,0.028274272232258726,4.0
1710800220000.0,637817,1710800220000.0,0.0,-0.008386812,1934.519960470094,1934.3283793380185,13.8,3.0387,31.8,3.038724563901744,long_ientry_partial,96.63144113207547,0.049951121263485825,2.0
1710803280000.0,637868,1710803280000.0,0.06537594517622228,-0.004814260000000001,1934.58052215527,1934.5369150780184,-7.9,3.047,23.9,3.038724563901744,long_nclose,72.62551707725169,0.03754070520483755,51.0
1710803340000.0,637869,1710803340000.0,0.0,-0.00485456,1934.57566759527,1934.5799805180184,8.0,3.0341,31.9,3.0375647986599277,long_ientry_partial,96.89831707725169,0.05008763353138775,1.0
1710809400000.0,637970,1710809400000.0,0.0,-0.026584758,1934.5490828372701,1931.1622957600184,45.3,2.9343,77.2,2.976970298928131,long_rentry,229.8221070772517,0.11879879870516773,101.0
1710811140000.0,637999,1710811140000.0,0.0,-0.06293708399999999,1934.4861457532702,1925.2789086760185,109.7,2.8686,186.9,2.913362905710282,long_rentry,544.5075270772518,0.28147398639819454,29.0
1710817920000.0,638112,1710817920000.0,0.0,-0.27801949600000003,1934.2081262572701,1915.0686191800185,498.1,2.7908,685.0,2.824240886244163,long_rentry,1934.6050070772517,1.0002051903384097,113.0
1710820860000.0,638161,1710820860000.0,1.3283602749992638,-0.09696767999999999,1935.4395188522694,1945.3348515000184,-171.2,2.832,513.8,2.824240886244163,long_nclose,1451.094967352251,0.7497495805049809,49.0
1710821280000.0,638168,1710821280000.0,4.204520274999327,-0.09754291200000001,1939.5464962152687,1948.4743485880183,-171.2,2.8488,342.6,2.824240886244163,long_nclose,967.5849276272503,0.49887173600392964,7.0
1710821640000.0,638174,1710821640000.0,0.6641801374996319,-0.04848383999999999,1940.1621925127683,1941.8478847480185,-85.6,2.832,257.0,2.824240886244163,long_nclose,725.8299077647499,0.3741078506558792,6.0
1710822660000.0,638191,1710822660000.0,0.498135103124724,-0.03636288,1940.623964735893,1941.9078418680183,-64.2,2.832,192.8,2.824240886244163,long_nclose,544.5136428678746,0.28058688997071085,17.0
1710822720000.0,638192,1710822720000.0,0.37398928303133483,-0.02730048,1940.9706535389244,1942.1215413880184,-48.2,2.832,144.6,2.824240886244163,long_nclose,408.38523215090595,0.21040257945492744,1.0
1710830880000.0,638328,1710830880000.0,0.0,-0.11142539200000001,1940.8592281469244,1925.5970359960183,205.4,2.7124,350.0,2.7586062632883026,long_rentry,965.5121921509059,0.4974663685798319,136.0
1710838140000.0,638449,1710838140000.0,0.0,-0.19505448000000003,1940.6641736669244,1886.8987815160183,372.0,2.6217,722.0,2.6880673021480694,long_rentry,1940.784592150906,1.0000620501401611,121.0
1710849720000.0,638642,1710849720000.0,1.3235519622734297,-0.09730393999999999,1941.8904216891979,1946.9440775760183,-180.5,2.6954,541.5,2.6880673021480694,long_nclose,1455.5884441131795,0.7495729047610228,193.0
1710849900000.0,638645,1710849900000.0,0.9921140193661776,-0.072937524,1942.809598184564,1946.1943400520183,-135.3,2.6954,406.2,2.6880673021480694,long_nclose,1091.8929381325459,0.5620174715797434,3.0
1710850080000.0,638648,1710850080000.0,3.1592472891513728,-0.073424712,1945.8954207617155,1950.3724753400184,-135.4,2.7114,270.8,2.6880673021480694,long_nclose,727.9286254216972,0.3740841453528636,3.0
1710850260000.0,638651,1710850260000.0,2.1046093462441195,-0.048913656,1947.9511164519597,1954.7475816840183,-90.2,2.7114,180.6,2.6880673021480694,long_nclose,485.4649547679413,0.24921824303896173,3.0
1710850260000.0,638651,1710850260000.0,3.55682934624414,-0.0492041,1951.4587416982038,1954.8607375840184,-90.2,2.7275,90.4,2.6880673021480694,long_nclose,243.0012841141855,0.1245228909644896,0.0
1710850320000.0,638652,1710850320000.0,1.7823579429072631,-0.024656600000000004,1953.216443041111,1954.6010409840183,-45.2,2.7275,45.2,2.6880673021480694,long_nclose,121.50064205709275,0.062205416347979936,1.0
1710850380000.0,638653,1710850380000.0,0.8911789714536316,-0.012328300000000002,1954.0952937125646,1954.7740326840183,-22.6,2.7275,22.6,2.6880673021480694,long_nclose,60.750321028546374,0.03108871978967182,1.0
1710850500000.0,638655,1710850500000.0,0.0,-0.007333120000000001,1954.0879605925645,1954.180359564018,13.6,2.696,36.2,2.6910475422250375,long_ientry_partial,97.41592102854636,0.049852372561062,2.0
1710850920000.0,638662,1710850920000.0,0.06617211997466166,-0.00485712,1954.1492755925392,1954.224142444018,-9.0,2.6984,27.2,2.6910475422250375,long_nclose,73.19649314852101,0.03745696097158509,7.0
1710850980000.0,638663,1710850980000.0,0.0,-0.004902716,1954.1443728765391,1954.6838797280182,9.1,2.6938,36.3,2.6917375523008547,long_ientry_partial,97.71007314852102,0.05000146074401343,1.0
1710850980000.0,638663,1710850980000.0,0.04530464435418775,-0.003669824,1954.1860076968933,1954.624449904018,-6.8,2.6984,29.5,2.6917375523008547,long_nclose,79.40625779287521,0.04063393017866272,0.0
1710851460000.0,638671,1710851460000.0,0.053745868203761434,-0.0039406860000000005,1954.235812879097,1954.4991592180181,-7.3,2.6991,22.2,2.6917375523008547,long_nclose,59.756573661078974,0.030577974913396977,8.0
1710851520000.0,638672,1710851520000.0,0.0,-0.007547960000000001,1954.228264919097,1954.2474512580181,14.0,2.6957,36.2,2.6932699906375404,long_ientry_partial,97.49637366107896,0.049889961889951075,1.0
1710851580000.0,638673,1710851580000.0,0.0659700842621378,-0.004861080000000001,1954.289373923359,1954.641070178018,-9.0,2.7006,27.2,2.6932699906375404,long_nclose,73.25694374534109,0.03748520803665486,1.0
1710851700000.0,638675,1710851700000.0,0.21087008426213583,-0.00489006,1954.4953539476212,1955.0655601180179,-9.0,2.7167,18.2,2.6932699906375404,long_nclose,49.01751382960323,0.02507937086194622,2.0
1710851820000.0,638677,1710851820000.0,0.3588130851983819,-0.004973514,1954.8491935188194,1955.263516604018,-9.1,2.7327,9.1,2.6932699906375404,long_nclose,24.508756914801616,0.012537415671786279,2.0
1710851940000.0,638679,1710851940000.0,0.505323085198384,-0.005002816,1955.349513788018,1955.349513788018,-9.1,2.7488,0.0,2.6932699906375404,long_nclose,0.0,0.0,2.0
1710853380000.0,638703,1710853380000.0,0.0,-0.019548000000000003,1955.329965788018,1955.380645788018,36.2,2.7,36.2,2.7,long_ientry_normal,97.74000000000001,0.04998644817505765,24.0
1710862380000.0,638853,1710862380000.0,0.06659999999999666,-0.0048733199999999996,1955.3916924680182,1955.7208124680183,-9.0,2.7074,27.2,2.7,long_nclose,73.44,0.03755769254972487,150.0
1710862500000.0,638855,1710862500000.0,0.2114999999999987,-0.004902300000000001,1955.5982901680181,1956.0496501680182,-9.0,2.7235,18.2,2.7,long_nclose,49.14,0.025127859973623757,2.0
1710862800000.0,638860,1710862800000.0,0.3603599999999967,-0.004986071999999999,1955.953664096018,1956.3140240960179,-9.1,2.7396,9.1,2.7,long_nclose,24.57,0.012561647267526403,5.0
1710862860000.0,638861,1710862860000.0,0.17819999999999836,-0.00246564,1956.129398456018,1956.333638456018,-4.5,2.7396,4.6,2.7,long_nclose,12.42,0.006349273217714106,1.0
1710863280000.0,638868,1710863280000.0,0.09107999999999915,-0.0012602159999999998,1956.2192182400179,1956.335828240018,-2.3,2.7396,2.3,2.7,long_nclose,6.21,0.0031744908454518954,7.0
1710863340000.0,638869,1710863340000.0,0.1278799999999992,-0.0012675759999999999,1956.345830664018,1956.345830664018,-2.3,2.7556,0.0,2.7,long_nclose,0.0,0.0,1.0
1710871620000.0,639007,1710871620000.0,0.0,-0.019568272,1956.326262392018,1956.1488823920179,36.2,2.7028,36.2,2.7028,long_ientry_normal,97.84136000000001,0.05001280301802445,138.0
1710872340000.0,639019,1710872340000.0,0.06660000000000066,-0.00487836,1956.387984032018,1956.553904032018,-9.0,2.7102,27.2,2.7028,long_nclose,73.51616,0.03757749515946569,12.0
1710872400000.0,639020,1710872400000.0,0.050320000000000496,-0.003685872,1956.434618160018,1956.669218160018,-6.8,2.7102,20.4,2.7028,long_nclose,55.137119999999996,0.028182449588760188,1.0
1710872580000.0,639023,1710872580000.0,0.03774000000000037,-0.002764404,1956.4695937560182,1956.5690437560181,-5.1,2.7102,15.3,2.7028,long_nclose,41.35284,0.021136459330610435,3.0
1710872700000.0,639025,1710872700000.0,0.028120000000000277,-0.002059752,1956.4956540040182,1956.583054004018,-3.8,2.7102,11.5,2.7028,long_nclose,31.0822,0.015886669585178727,2.0
1710872880000.0,639028,1710872880000.0,0.020720000000000204,-0.0015177119999999998,1956.5148562920183,1956.5879362920182,-2.8,2.7102,8.7,2.7028,long_nclose,23.514359999999996,0.0120184929464652,3.0
1710873780000.0,639043,1710873780000.0,0.06815000000000086,-0.001581254,1956.5814250380183,1956.7252650380183,-2.9,2.7263,5.8,2.7028,long_nclose,15.676239999999998,0.00801205602761735,15.0
1710875280000.0,639068,1710875280000.0,0.044650000000000564,-0.001035994,1956.6250390440184,1956.7260490440185,-1.9,2.7263,3.9,2.7028,long_nclose,10.54092,0.005387296896266929,25.0
1710875820000.0,639077,1710875820000.0,0.07524000000000015,-0.001042112,1956.6992369320183,1956.7784369320182,-1.9,2.7424,2.0,2.7028,long_nclose,5.4056,0.0027626115950633483,9.0
1710875880000.0,639078,1710875880000.0,0.03960000000000008,-0.0005484800000000001,1956.7382884520184,1956.7821884520183,-1.0,2.7424,1.0,2.7028,long_nclose,2.7028,0.001381278230180794,1.0
1710876300000.0,639085,1710876300000.0,0.055700000000000305,-0.0005517,1956.7934367520184,1956.7934367520184,-1.0,2.7585,0.0,2.7028,long_nclose,0.0,0.0,7.0
1710878700000.0,639125,1710878700000.0,0.0,-0.019571254000000003,1956.7738654980183,1956.6980554980182,36.1,2.7107,36.1,2.7107,long_ientry_normal,97.85627000000001,0.05000898250196868,40.0
1710886560000.0,639256,1710886560000.0,0.0,-0.02686581,1956.7469996880184,1953.6458196880185,51.3,2.6185,87.4,2.6565826086956523,long_rentry,232.18532000000002,0.11865883532057,131.0
1710888900000.0,639295,1710888900000.0,0.0,-0.063587916,1956.6834117720184,1948.5507517720184,124.2,2.5599,211.6,2.5998341209829867,long_rentry,550.1249,0.28115171656808496,39.0
1710894000000.0,639380,1710894000000.0,0.3790750000000135,-0.027582060000000002,1957.0349047120185,1957.8388597120186,-52.9,2.607,158.7,2.5998341209829867,long_nclose,412.59367499999996,0.210825915269362,85.0
1710894060000.0,639381,1710894060000.0,0.28376880907373414,-0.020647440000000003,1957.2980260810923,1958.4135022720186,-39.6,2.607,119.1,2.5998341209829867,long_nclose,309.6402438090737,0.15819780109268095,1.0
1710894240000.0,639384,1710894240000.0,0.8958653969754211,-0.020821856,1958.1730696220677,1959.9965604160186,-39.7,2.6224,79.4,2.5998341209829867,long_nclose,206.42682920604915,0.10541807177742979,3.0
1710894900000.0,639395,1710894900000.0,0.14188440453686707,-0.010323720000000002,1958.3046303066044,1958.7972766960183,-19.8,2.607,59.6,2.5998341209829867,long_nclose,154.95011361058602,0.07912462198811533,11.0
1710895020000.0,639397,1710895020000.0,0.4468044045368599,-0.010384704,1958.7410500071412,1959.4879319920183,-19.8,2.6224,39.8,2.5998341209829867,long_nclose,103.47339801512287,0.0528264815886437,2.0
1710895740000.0,639409,1710895740000.0,0.07094220226843354,-0.005161860000000001,1958.8068303494097,1958.9463401320183,-9.9,2.607,29.9,2.5998341209829867,long_nclose,77.7350402173913,0.03968489338151073,12.0
1710895800000.0,639410,1710895800000.0,0.0,-0.00401093,1958.8028194194096,1958.8144892020184,7.7,2.6045,37.6,2.600789633441258,long_ientry_partial,97.7896902173913,0.04992319249692331,1.0
1710895860000.0,639411,1710895860000.0,0.06683744565217457,-0.004902852,1958.8647540130619,1958.9581063500184,-9.4,2.6079,28.2,2.600789633441258,long_nclose,73.34226766304347,0.03744121053420844,1.0
1710895920000.0,639412,1710895920000.0,0.0,-0.004895708,1958.8598583050618,1958.9419306420184,9.4,2.6041,37.6,2.6016172250809433,long_ientry_partial,97.82080766304347,0.0499376243013549,1.0
1710895980000.0,639413,1710895980000.0,0.06657808423913121,-0.004904356,1958.921532033301,1959.2538062860183,-9.4,2.6087,28.2,2.6016172250809433,long_nclose,73.3656057472826,0.037452039067195984,1.0
1710896040000.0,639414,1710896040000.0,0.0,-0.004860924,1958.916671109301,1959.1814453620184,9.3,2.6134,37.5,2.6045393532608694,long_ientry_partial,97.6702257472826,0.04985930600711751,1.0
1710896100000.0,639415,1710896100000.0,0.0665940146739139,-0.004857762000000001,1958.9784073619749,1959.4143976000184,-9.3,2.6117,28.2,2.6045393532608694,long_nclose,73.44800976195651,0.037493016505916486,1.0
1710896160000.0,639416,1710896160000.0,0.0,-0.0048208,1958.9735865619748,1959.4993368000182,9.2,2.62,37.4,2.608342507004185,long_ientry_partial,97.55200976195651,0.04979751152906641,1.0
1710896280000.0,639418,1710896280000.0,0.0665646848610808,-0.0048648300000000005,1959.0352864168358,1959.5483219700182,-9.3,2.6155,28.1,2.608342507004185,long_nclose,73.2944244468176,0.03741352948311433,2.0
1710896340000.0,639419,1710896340000.0,0.0,-0.004832944,1959.0304534728357,1959.349529026018,9.2,2.6266,37.3,2.6128456956251367,long_ientry_partial,97.45914444681759,0.04974866229059822,1.0
1710897840000.0,639444,1710897840000.0,0.0,-0.0267544,1959.0036990728356,1955.906474626018,53.0,2.524,90.3,2.560699274051136,long_rentry,231.23114444681758,0.11803507290785387,25.0
1710901560000.0,639506,1710901560000.0,0.15751633384943564,-0.01155465,1959.1496607566849,1959.3734499760178,-22.5,2.5677,67.8,2.560699274051136,long_nclose,173.61541078066702,0.08861773771464265,62.0
1710901740000.0,639509,1710901740000.0,0.11831226853579832,-0.008678826,1959.2592941992207,1959.9617511500178,-16.9,2.5677,50.9,2.560699274051136,long_nclose,130.33959304920282,0.0665249328841258,3.0
1710901920000.0,639512,1710901920000.0,0.08890921955057034,-0.006521958,1959.3416814607713,1959.910889192018,-12.7,2.5677,38.2,2.560699274051136,long_nclose,97.8187122687534,0.04992427466547104,3.0
1710902700000.0,639525,1710902700000.0,0.28321921955057433,-0.00656082,1959.6183398603218,1960.1997583720179,-12.7,2.583,25.5,2.560699274051136,long_nclose,65.29783148830397,0.033321708702194676,13.0
1710902880000.0,639528,1710902880000.0,0.0,-0.006407080000000001,1959.611932780322,1960.3942212920178,12.4,2.5835,37.9,2.568159142171609,long_ientry_partial,97.33323148830397,0.04966964624991151,3.0
1710902940000.0,639529,1710902940000.0,0.2814948086377296,-0.00652806,1959.8868995289597,1960.444533232018,-12.6,2.5905,25.3,2.568159142171609,long_nclose,64.9744262969417,0.03315213051965279,1.0
1710903000000.0,639530,1710903000000.0,0.0,-0.0064754999999999995,1959.8804240289596,1960.4531777320178,12.5,2.5902,37.8,2.5754477856333784,long_ientry_partial,97.3519262969417,0.04967238057147062,1.0
1710903000000.0,639530,1710903000000.0,0.1264386006796217,-0.004352040000000001,1960.0025105896393,1960.447985692018,-8.4,2.5905,29.4,2.5754477856333784,long_nclose,75.71816489762132,0.038631667300692674,0.0
1710903060000.0,639531,1710903060000.0,0.0,-0.004352208,1959.9981583816393,1960.235733484018,8.4,2.5906,37.8,2.5788149443815165,long_ientry_partial,97.47920489762132,0.04973433494351311,1.0
1710903120000.0,639532,1710903120000.0,0.06659952281374588,-0.004861492000000001,1960.059896412453,1960.286671992018,-9.4,2.5859,28.4,2.5788149443815165,long_nclose,73.23834442043507,0.037365360392549764,1.0
1710903180000.0,639533,1710903180000.0,0.0,-0.004914920000000001,1960.0549814924532,1960.3461870720182,9.5,2.5868,37.9,2.580816475473221,long_ientry_partial,97.81294442043506,0.04990316360715398,1.0
1710903360000.0,639536,1710903360000.0,0.06658513055172328,-0.0048652520000000005,1960.1167013710049,1960.418331820018,-9.4,2.5879,28.5,2.580816475473221,long_nclose,73.5532695509868,0.037524944050290436,3.0
1710903540000.0,639539,1710903540000.0,0.21359348300440195,-0.00494627,1960.3253485840094,1960.718335550018,-9.5,2.6033,19.0,2.580816475473221,long_nclose,49.035513033991194,0.02501396672211107,3.0
1710903600000.0,639540,1710903600000.0,0.0,-0.00972961,1960.3156189740093,1960.817935940018,18.7,2.6015,37.7,2.5910759425461856,long_ientry_partial,97.6835630339912,0.049830528353958056,1.0
1710903600000.0,639540,1710903600000.0,0.07701156195903062,-0.0032801580000000005,1960.3893503779684,1960.8077257820182,-6.3,2.6033,31.4,2.5910759425461856,long_nclose,81.35978459595022,0.04150184991581587,0.0
1710903780000.0,639543,1710903780000.0,0.05556764813975139,-0.004053192,1960.4408648341082,1960.6278725900181,-7.8,2.5982,23.6,2.5910759425461856,long_nclose,61.14939224408998,0.031191653541288746,3.0
1710903840000.0,639544,1710903840000.0,0.0,-0.007329180000000001,1960.4335356541083,1960.7147934100183,14.1,2.599,37.7,2.5940395820713524,long_ientry_partial,97.79529224408999,0.04988452322687906,1.0
1710907020000.0,639597,1710907020000.0,0.0,-0.026863248,1960.4066724061083,1957.0016401620182,53.6,2.5059,91.3,2.54229498624414,long_rentry,232.11153224409,0.11839968487722373,53.0
1710911160000.0,639666,1710911160000.0,0.0,-0.063547812,1960.3431245941083,1951.5005323500184,129.7,2.4498,221.0,2.4880117296112667,long_rentry,549.85059224409,0.2804869134111087,69.0
1710916920000.0,639762,1710916920000.0,0.37471252545808476,-0.027542592000000005,1960.6902945275665,1962.1639697580185,-55.2,2.4948,165.8,2.4880117296112667,long_nclose,412.51234476954806,0.21039138405535077,96.0
1710917040000.0,639764,1710917040000.0,0.28103439409356357,-0.020656944000000003,1960.95067197766,1961.7329328140183,-41.4,2.4948,124.4,2.4880117296112667,long_nclose,309.5086591636416,0.1578360249375858,2.0
1710917100000.0,639765,1710917100000.0,0.21111520908960935,-0.015517656000000003,1961.1462695307498,1961.9755451580186,-31.1,2.4948,93.3,2.4880117296112667,long_nclose,232.13149437273117,0.11836521221248533,1.0
1710918120000.0,639782,1710918120000.0,0.6745052090896066,-0.015610334000000002,1961.8051644058394,1963.1852748240185,-31.1,2.5097,62.2,2.4880117296112667,long_nclose,154.7543295818208,0.07888363859450352,17.0
1710918300000.0,639785,1710918300000.0,1.1347852090896113,-0.015702390000000004,1962.924247224929,1964.0279324340188,-31.1,2.5245,31.1,2.4880117296112667,long_nclose,77.3771647909104,0.039419333120114974,3.0
1710918360000.0,639786,1710918360000.0,0.5655681910253689,-0.00782595,1963.4819894659545,1964.1073664840187,-15.5,2.5245,15.6,2.4880117296112667,long_nclose,38.81298298193576,0.01976742500831009,1.0
1710918660000.0,639791,1710918660000.0,0.8000970180642376,-0.007922616,1964.2741638680186,1964.2741638680186,-15.6,2.5393,0.0,2.4880117296112667,long_nclose,0.0,0.0,5.0
1710943260000.0,640201,1710943260000.0,0.0,-0.019623862000000002,1964.2545400060187,1964.1560000060188,37.9,2.5889,37.9,2.5889,long_ientry_normal,98.11931,0.04995244149961305,410.0
1710943740000.0,640209,1710943740000.0,0.06673999999999891,-0.00488048,1964.3163995260186,1964.5044995260187,-9.4,2.596,28.5,2.5889,long_nclose,73.78365000000001,0.03756199867689528,8.0
1710943800000.0,640210,1710943800000.0,0.05040999999999918,-0.00368632,1964.3631232060186,1964.6819832060187,-7.1,2.596,21.4,2.5889,long_nclose,55.40246,0.0282037772678089,1.0
1710943920000.0,640212,1710943920000.0,0.0,-0.008543040000000002,1964.3545801660186,1964.3372801660187,16.5,2.5888,37.9,2.5888564643799477,long_ientry_partial,98.11766000000001,0.04994905756358281,2.0
1710943980000.0,640213,1710943980000.0,0.06714923482849287,-0.00488048,1964.416848920847,1964.6489396860186,-9.4,2.596,28.5,2.5888564643799477,long_nclose,73.7824092348285,0.03755944634427306,1.0
1710944220000.0,640217,1710944220000.0,0.21416358839049887,-0.0049616600000000005,1964.6260508492376,1964.9441780260186,-9.5,2.6114,19.0,2.5888564643799477,long_nclose,49.18827282321901,0.02503696456735707,4.0
1710944400000.0,640220,1710944400000.0,0.14202427440633084,-0.0032903640000000005,1964.764784759644,1965.0383876620187,-6.3,2.6114,12.7,2.5888564643799477,long_nclose,32.878477097625336,0.016734052520005576,3.0
1710944460000.0,640221,1710944460000.0,0.09468284960422056,-0.0021935760000000005,1964.8572740332481,1965.0412440860187,-4.2,2.6114,8.5,2.5888564643799477,long_nclose,22.005279947229553,0.011199429209460836,1.0
1710944520000.0,640222,1710944520000.0,0.06312189973614703,-0.001462384,1964.9189335489843,1965.0770717020187,-2.8,2.6114,5.7,2.5888564643799477,long_nclose,14.756481846965702,0.0075099697982516445,1.0
1710944760000.0,640226,1710944760000.0,0.106241899736146,-0.0014710079999999998,1965.0237044407206,1965.1343206940187,-2.8,2.6268,2.9,2.5888564643799477,long_nclose,7.507683746701848,0.0038206581069405794,4.0
1710945060000.0,640231,1710945060000.0,0.053120949868073,-0.0007355039999999999,1965.0760898865888,1965.130905190019,-1.4,2.6268,1.5,2.5888564643799477,long_nclose,3.8832846965699215,0.0019761497870517774,5.0
1710945120000.0,640232,1710945120000.0,0.0265604749340365,-0.00036775199999999994,1965.1022826095227,1965.1365574380188,-0.7,2.6268,0.8,2.5888564643799477,long_nclose,2.071085171503958,0.0010539325051079262,1.0
1710945420000.0,640237,1710945420000.0,0.004508707124010503,-0.00010445600000000002,1965.1066868606467,1965.1211729820188,-0.2,2.6114,0.6,2.5888564643799477,long_nclose,1.5533138786279685,0.0007904476072540686,5.0
1710945660000.0,640241,1710945660000.0,0.004508707124010503,-0.00010445600000000002,1965.1110911117707,1965.1218285260188,-0.2,2.6114,0.4,2.5888564643799477,long_nclose,1.035542585751979,0.0005269638904567558,4.0
1710945960000.0,640246,1710945960000.0,0.0022543535620052515,-5.222800000000001e-05,1965.1132932373328,1965.1210462980189,-0.1,2.6114,0.3,2.5888564643799477,long_nclose,0.7766569393139843,0.00039522247495182204,5.0
1710946080000.0,640248,1710946080000.0,0.0022543535620052515,-5.222800000000001e-05,1965.1154953628948,1965.1210440700188,-0.1,2.6114,0.2,2.5888564643799477,long_nclose,0.5177712928759896,0.0002634813547080466,2.0
1710946260000.0,640251,1710946260000.0,0.0022543535620052515,-5.222800000000001e-05,1965.1176974884568,1965.1200618420187,-0.1,2.6114,0.1,2.5888564643799477,long_nclose,0.2588856464379948,0.00013174052972443677,3.0
1710946860000.0,640261,1710946860000.0,0.0037943535620052152,-5.253599999999999e-05,1965.1214393060186,1965.1214393060186,-0.1,2.6268,0.0,2.5888564643799477,long_nclose,0.0,0.0,10.0
1710947760000.0,640276,1710947760000.0,0.0,-0.019648876,1965.1017904300186,1964.8819704300186,37.9,2.5922,37.9,2.5922,long_ientry_normal,98.24437999999999,0.04999455014414363,15.0
1710947880000.0,640278,1710947880000.0,0.06673999999999891,-0.0048866840000000005,1965.1636437460186,1965.3004437460186,-9.4,2.5993,28.5,2.5922,long_nclose,73.8777,0.03759366312068212,2.0
1710947940000.0,640279,1710947940000.0,0.0,-0.004873148,1965.1587705980187,1965.1331805980187,9.4,2.5921,37.9,2.5921751978891825,long_ientry_partial,98.24344,0.04999262220940219,1.0
1710947940000.0,640279,1710947940000.0,0.05058609498680391,-0.0036910059999999997,1965.2056656870054,1965.1848695920187,-7.1,2.5993,30.8,2.5921751978891825,long_nclose,79.83899609498683,0.0406262802357006,0.0
1710948060000.0,640281,1710948060000.0,0.054860976253294384,-0.004002922000000001,1965.256523741259,1965.3518066700187,-7.7,2.5993,23.1,2.5921751978891825,long_nclose,59.87924707124012,0.030468921663848746,2.0
1710948120000.0,640282,1710948120000.0,0.0,-0.007672615999999999,1965.2488511252589,1965.2584840540187,14.8,2.5921,37.9,2.592145833014251,long_ientry_partial,98.2423270712401,0.04998976440820137,1.0
1710948360000.0,640286,1710948360000.0,0.06630916966604383,-0.004886496000000001,1965.310273798925,1965.351717558019,-9.4,2.5992,28.5,2.592145833014251,long_nclose,73.87615624090616,0.037590072786880764,4.0
1710948420000.0,640287,1710948420000.0,0.05008458559882034,-0.003690864,1965.3566675205238,1965.537586694019,-7.1,2.5992,21.4,2.592145833014251,long_nclose,55.47192082650496,0.028224862053404198,1.0
1710948480000.0,640288,1710948480000.0,0.0,-0.00855393,1965.3481135905238,1965.3281827640187,16.5,2.5921,37.9,2.592125879327308,long_ientry_partial,98.24157082650497,0.04998685482086223,1.0
1710952020000.0,640347,1710952020000.0,0.0,-0.026943039999999998,1965.3211705505237,1962.1921097240188,53.8,2.504,91.7,2.5404228007252447,long_rentry,232.95677082650494,0.11853369022695122,59.0
1710954420000.0,640387,1710954420000.0,0.15977786339189806,-0.011667092,1965.4692813219156,1966.4033926320187,-22.9,2.5474,68.8,2.5404228007252447,long_nclose,174.78108868989682,0.08892588164610964,40.0
1710954780000.0,640393,1710954780000.0,0.5055678633918955,-0.01173625,1965.9631129353074,1967.1646463820186,-22.9,2.5625,45.9,2.5404228007252447,long_nclose,116.60540655328873,0.059312102951509335,6.0
1710954900000.0,640395,1710954900000.0,0.851357863391893,-0.011805408,1966.8026653906993,1968.1338409740188,-22.9,2.5776,23.0,2.5404228007252447,long_nclose,58.42972441668063,0.029707975001688206,2.0
1710954900000.0,640395,1710954900000.0,1.204675583319371,-0.01192688,1967.9954140940188,1967.9954140940188,-23.0,2.5928,0.0,2.5404228007252447,long_nclose,0.0,0.0,0.0
1711025100000.0,641565,1711025100000.0,0.0,-0.019708470000000002,1967.9757056240187,1967.9757056240187,34.5,2.8563,34.5,2.8563,long_ientry_normal,98.54235,0.050072950452786986,1170.0
1711025160000.0,641566,1711025160000.0,0.06708000000000025,-0.004926252000000001,1968.0378593720188,1968.258009372019,-8.6,2.8641,25.9,2.8563,long_nclose,73.97816999999999,0.03758981040314219,1.0
1711025940000.0,641579,1711025940000.0,0.049920000000000186,-0.0036660480000000003,1968.0841133240187,1968.2654633240188,-6.4,2.8641,19.5,2.8563,long_nclose,55.69785,0.02830054346911447,13.0
1711026300000.0,641585,1711026300000.0,0.16119999999999957,-0.0037454300000000005,1968.2415678940188,1968.5639678940188,-6.5,2.8811,13.0,2.8563,long_nclose,37.1319,0.018865519662675568,6.0
1711026360000.0,641586,1711026360000.0,0.10663999999999971,-0.002477746,1968.3457301480187,1968.5336501480188,-4.3,2.8811,8.7,2.8563,long_nclose,24.849809999999998,0.012624718117041005,1.0
1711026480000.0,641588,1711026480000.0,0.0719199999999998,-0.0016710380000000001,1968.4159791100187,1968.5899791100187,-2.9,2.8811,5.8,2.8563,long_nclose,16.56654,0.008416178376833864,2.0
1711026660000.0,641591,1711026660000.0,0.12121999999999952,-0.001680898,1968.5355182120188,1968.6486182120188,-2.9,2.8981,2.9,2.8563,long_nclose,8.28327,0.0042078336526655755,3.0
1711026720000.0,641592,1711026720000.0,0.05851999999999977,-0.000811468,1968.593226744019,1968.6482767440189,-1.4,2.8981,1.5,2.8563,long_nclose,4.28445,0.0021764018801823893,1.0
1711027620000.0,641607,1711027620000.0,0.029259999999999883,-0.000405734,1968.622081010019,1968.650721010019,-0.7,2.8981,0.8,2.8563,long_nclose,2.28504,0.001160730656250508,15.0
1711027680000.0,641608,1711027680000.0,0.016719999999999936,-0.00023184800000000002,1968.638569162019,1968.6558091620188,-0.4,2.8981,0.4,2.8563,long_nclose,1.14252,0.0005803604673286124,1.0
1711027800000.0,641610,1711027800000.0,0.008359999999999968,-0.00011592400000000001,1968.646813238019,1968.6525932380189,-0.2,2.8981,0.2,2.8563,long_nclose,0.57126,0.00029017901848041235,2.0
1711027920000.0,641612,1711027920000.0,0.004179999999999984,-5.7962000000000005e-05,1968.6509352760188,1968.6547152760188,-0.1,2.8981,0.1,2.8563,long_nclose,0.28563,0.00014508920544614105,2.0
1711028400000.0,641620,1711028400000.0,0.0024799999999999935,-5.762200000000001e-05,1968.653357654019,1968.653357654019,-0.1,2.8811,0.0,2.8563,long_nclose,0.0,0.0,8.0
1711029360000.0,641636,1711029360000.0,0.0,-0.019665104,1968.6336925500188,1968.6336925500188,34.4,2.8583,34.4,2.8583,long_ientry_normal,98.32552,0.049946071923942625,16.0
1711029720000.0,641642,1711029720000.0,0.06708000000000025,-0.004929691999999999,1968.695842858019,1969.002862858019,-8.6,2.8661,25.8,2.8583,long_nclose,73.74414,0.037458371371853594,6.0
1711029900000.0,641645,1711029900000.0,0.049920000000000186,-0.003668608,1968.742094250019,1968.858494250019,-6.4,2.8661,19.4,2.8583,long_nclose,55.45101999999999,0.028165710563081012,3.0
1711029960000.0,641646,1711029960000.0,0.03744000000000014,-0.002751456,1968.776782794019,1968.9388427940191,-4.8,2.8661,14.6,2.8583,long_nclose,41.731179999999995,0.02119650148493552,1.0
1711030260000.0,641651,1711030260000.0,0.11952000000000068,-0.0027678719999999998,1968.893534922019,1969.158134922019,-4.8,2.8832,9.8,2.8583,long_nclose,28.01134,0.014226944983650135,5.0
1711030740000.0,641659,1711030740000.0,0.07968000000000047,-0.0018452480000000003,1968.971369674019,1969.147589674019,-3.2,2.8832,6.6,2.8583,long_nclose,18.86478,0.009581033168157867,8.0
1711030920000.0,641662,1711030920000.0,0.13827000000000014,-0.0019141319999999998,1969.107725542019,1969.2403855420189,-3.3,2.9002,3.3,2.8583,long_nclose,9.43239,0.004790184852585264,3.0
1711032420000.0,641687,1711032420000.0,0.006240000000000023,-0.000458576,1969.1135069660188,1969.1247569660188,-0.8,2.8661,2.5,2.8583,long_nclose,7.14575,0.0036289172638961104,25.0
1711032540000.0,641689,1711032540000.0,0.0046800000000000175,-0.000343932,1969.1178430340187,1969.1260130340188,-0.6,2.8661,1.9,2.8583,long_nclose,5.43077,0.002757971047396668,2.0
1711032660000.0,641691,1711032660000.0,0.0,-0.018586750000000003,1969.0992562840188,1969.2219362840187,32.5,2.8595,34.4,2.8594337209302325,long_ientry_partial,98.36452,0.04995406894095749,2.0
1711032840000.0,641694,1711032840000.0,0.06765000000000194,-0.004931756000000001,1969.1619745280188,1969.4423245280188,-8.6,2.8673,25.8,2.8594337209302325,long_nclose,73.77339,0.03746435841961781,3.0
1711033440000.0,641704,1711033440000.0,0.0,-0.00491834,1969.157056188019,1969.1828461880189,8.6,2.8595,34.4,2.8594502906976746,long_ientry_partial,98.36509000000001,0.04995289212248996,10.0
1711038120000.0,641782,1711038120000.0,0.06750749999999961,-0.004931756000000001,1969.219631932019,1969.6027544320189,-8.6,2.8673,25.8,2.8594502906976746,long_nclose,73.7738175,0.037463478579898096,78.0
1711038300000.0,641785,1711038300000.0,0.21370749999999877,-0.0049609960000000005,1969.428378436019,1969.819673436019,-8.6,2.8843,17.2,2.8594502906976746,long_nclose,49.182545000000005,0.024973005131091543,3.0
1711038360000.0,641786,1711038360000.0,0.14164334302325501,-0.003288102,1969.5667336770425,1969.8870053340192,-5.7,2.8843,11.5,2.8594502906976746,long_nclose,32.883678343023256,0.016695894473010186,1.0
1711038660000.0,641791,1711038660000.0,0.09442889534883667,-0.002192068,1969.6589705043912,1969.848003266019,-3.8,2.8843,7.7,2.8594502906976746,long_nclose,22.017767238372095,0.011178466713318283,5.0
1711038780000.0,641793,1711038780000.0,0.0621242732558136,-0.0014421500000000001,1969.719652627647,1969.8353511160192,-2.5,2.8843,5.2,2.8594502906976746,long_nclose,14.869141511627909,0.0075488618351307836,2.0
1711039620000.0,641807,1711039620000.0,0.010204622093023197,-0.0007454980000000001,1969.72911175174,1969.751925618019,-1.3,2.8673,3.9,2.8594502906976746,long_nclose,11.151856133720932,0.0056616191877284314,14.0
1711039680000.0,641808,1711039680000.0,0.007064738372092982,-0.000516114,1969.735660376112,1969.7508095040191,-0.9,2.8673,3.0,2.8594502906976746,long_nclose,8.578350872093024,0.004355077203839132,1.0
1711039740000.0,641809,1711039740000.0,0.005494796511627875,-0.000401422,1969.7407537506235,1969.7673180820188,-0.7,2.8673,2.3,2.8594502906976746,long_nclose,6.576735668604651,0.003338883889203061,1.0
1711040700000.0,641825,1711040700000.0,0.017394796511627807,-0.000403802,1969.7577447451351,1969.7992642800189,-0.7,2.8843,1.6,2.8594502906976746,long_nclose,4.57512046511628,0.0023226818005014365,16.0
1711041960000.0,641846,1711041960000.0,0.0,-0.018757008,1969.7389877371352,1969.7353072720189,32.8,2.8593,34.4,2.859306990265008,long_ientry_partial,98.36016046511627,0.04993563161285336,21.0
1711057860000.0,642111,1711057860000.0,0.06701988372093383,-0.0049314120000000005,1969.801076208856,1970.2162758600189,-8.6,2.8671,25.8,2.859306990265008,long_nclose,73.77012034883721,0.0374505432248101,265.0
1711057920000.0,642112,1711057920000.0,0.214079883720931,-0.004960824,1970.010195268577,1970.369555036019,-8.6,2.8842,17.2,2.859306990265008,long_nclose,49.18008023255813,0.02496437853503254,1.0
1711058640000.0,642124,1711058640000.0,0.033509941860466914,-0.0024657060000000002,1970.0412395044375,1970.1456393300189,-4.3,2.8671,12.9,2.859306990265008,long_nclose,36.885060174418605,0.01872298885666831,12.0
1711058940000.0,642129,1711058940000.0,0.024937631151975382,-0.0018349440000000002,1970.0643421915895,1970.162244386019,-3.2,2.8671,9.7,2.859306990265008,long_nclose,27.735277805570576,0.014078361407585595,5.0
1711060440000.0,642154,1711060440000.0,0.0,-0.014179500000000003,1970.0501626915895,1969.951504886019,25.0,2.8359,34.7,2.842443164425665,long_ientry_partial,98.63277780557058,0.05006612505278197,25.0
1711060740000.0,642159,1711060740000.0,0.06670878593928231,-0.004902344,1970.1119691335289,1970.220462542019,-8.6,2.8502,26.1,2.842443164425665,long_nclose,74.18776659150986,0.037656624473043646,5.0
1711061880000.0,642178,1711061880000.0,0.0,-0.004878436,1970.107090697529,1969.9779841060192,8.6,2.8363,34.7,2.840920651052157,long_ientry_partial,98.57994659150987,0.0500378619299355,19.0
1711062720000.0,642192,1711062720000.0,0.06690240095144828,-0.004899764,1970.1690933344805,1970.3564743420193,-8.6,2.8487,26.1,2.840920651052157,long_nclose,74.1480289924613,0.03763536299666894,14.0
1711063800000.0,642210,1711063800000.0,0.0,-0.004878952,1970.1642143824806,1970.0236853900194,8.6,2.8366,34.7,2.8398498268720838,long_ientry_partial,98.54278899246131,0.05001755096000874,18.0
1711063980000.0,642213,1711063980000.0,0.06665148890007888,-0.004897872,1970.2259679993808,1970.3969275180195,-8.6,2.8476,26.1,2.8398498268720838,long_nclose,74.12008048136138,0.037620091139406134,3.0
1711064100000.0,642215,1711064100000.0,0.05037612533145497,-0.0037018800000000003,1970.2726422447122,1970.4755056380193,-6.5,2.8476,19.6,2.8398498268720838,long_nclose,55.661056606692846,0.02825043367768572,2.0
1711064220000.0,642217,1711064220000.0,0.03797584832678913,-0.002790648,1970.307827445039,1970.4276349900194,-4.9,2.8476,14.7,2.8398498268720838,long_nclose,41.74579245501963,0.021187446892069008,2.0
1711064400000.0,642220,1711064400000.0,0.027900623260498136,-0.002050272,1970.3336777962995,1970.4263647180194,-3.6,2.8476,11.1,2.8398498268720838,long_nclose,31.522333078280127,0.01599847448861351,3.0
1711065780000.0,642243,1711065780000.0,0.020925467445373602,-0.0015377040000000002,1970.353065559745,1970.4332870140195,-2.7,2.8476,8.4,2.8398498268720838,long_nclose,23.854738545725503,0.012106834537772938,23.0
1711065900000.0,642245,1711065900000.0,0.016275363568623913,-0.001195992,1970.3681449313135,1970.4333510220195,-2.1,2.8476,6.3,2.8398498268720838,long_nclose,17.891053909294126,0.009080056412461845,2.0
1711066080000.0,642248,1711066080000.0,0.051765363568624205,-0.0012030900000000002,1970.4187072048821,1970.5260179320194,-2.1,2.8645,4.2,2.8398498268720838,long_nclose,11.927369272862752,0.006053215608058352,3.0
1711066320000.0,642252,1711066320000.0,0.087465363568624,-0.00121023,1970.5049623384507,1970.5920077020194,-2.1,2.8815,2.1,2.8398498268720838,long_nclose,5.963684636431376,0.003026475319988087,4.0
1711066380000.0,642253,1711066380000.0,0.04165017312791619,-0.0005763,1970.5460362115787,1970.5938314020193,-1.0,2.8815,1.1,2.8398498268720838,long_nclose,3.1238348095592925,0.0015852635524135933,1.0
1711066740000.0,642259,1711066740000.0,0.020825086563958095,-0.00028815,1970.5665731481427,1970.5924032520195,-0.5,2.8815,0.6,2.8398498268720838,long_nclose,1.7039098961232502,0.0008646801987517293,6.0
1711067280000.0,642268,1711067280000.0,0.035130103876749794,-0.000347808,1970.6013554440194,1970.6013554440194,-0.6,2.8984,0.0,2.8398498268720838,long_nclose,0.0,0.0,9.0
1711068660000.0,642291,1711068660000.0,0.0,-0.019679096000000004,1970.5816763480195,1970.6404963480195,34.6,2.8438,34.6,2.8438,long_ientry_normal,98.39548,0.049932200822221905,23.0
1711068840000.0,642294,1711068840000.0,0.06708000000000025,-0.004904752,1970.6438515960197,1970.8830515960196,-8.6,2.8516,26.0,2.8438,long_nclose,73.9388,0.03752012315168829,3.0
1711069140000.0,642299,1711069140000.0,0.2124200000000014,-0.00493382,1970.8513377760198,1971.2532777760198,-8.6,2.8685,17.4,2.8438,long_nclose,49.482119999999995,0.025106977401876195,5.0
1711069200000.0,642300,1711069200000.0,0.14326000000000097,-0.00332746,1970.9912703160198,1971.1942703160198,-5.8,2.8685,11.6,2.8438,long_nclose,32.98808,0.016736796604233987,1.0
1711069320000.0,642302,1711069320000.0,0.022620000000000084,-0.0016539279999999998,1971.0122363880198,1971.0870563880198,-2.9,2.8516,8.7,2.8438,long_nclose,24.741059999999997,0.01255246392855442,2.0
1711069500000.0,642305,1711069500000.0,0.0,-0.014732956,1970.9975034320198,1970.9317834320198,25.9,2.8442,34.6,2.8440994219653177,long_ientry_partial,98.40584,0.0499269227021596,3.0
1711069740000.0,642309,1711069740000.0,0.06708497109826839,-0.004905268000000001,1971.0596831351181,1971.2078981640198,-8.6,2.8519,26.0,2.8440994219653177,long_nclose,73.94658497109826,0.03751615722436201,4.0
1711069800000.0,642310,1711069800000.0,0.05070375722543541,-0.00370747,1971.1066794223434,1971.3874906940198,-6.5,2.8519,19.5,2.8440994219653177,long_nclose,55.45993872832369,0.02813644705652202,1.0
1711069920000.0,642312,1711069920000.0,0.1605537572254334,-0.0037294399999999997,1971.263503739569,1971.5885112540197,-6.5,2.8688,13.0,2.8440994219653177,long_nclose,36.97329248554913,0.018756139103376722,2.0
1711070100000.0,642315,1711070100000.0,0.2710537572254357,-0.0037515400000000003,1971.5308059567944,1971.80705971402,-6.5,2.8858,6.5,2.8440994219653177,long_nclose,18.486646242774565,0.009376798063169446,3.0
1711070340000.0,642319,1711070340000.0,0.13344184971098372,-0.001846912,1971.6624008945055,1971.80529280202,-3.2,2.8858,3.3,2.8440994219653177,long_nclose,9.385528092485549,0.004760210514856658,4.0
1711070460000.0,642321,1711070460000.0,0.06672092485549186,-0.000923456,1971.728198363361,1971.7968793460198,-1.6,2.8858,1.7,2.8440994219653177,long_nclose,4.83496901734104,0.0024521478271469265,2.0
1711070700000.0,642325,1711070700000.0,0.03336046242774593,-0.000461728,1971.7610970977887,1971.80168761802,-0.8,2.8858,0.9,2.8440994219653177,long_nclose,2.559689479768786,0.0012981742481563117,4.0
1711071060000.0,642331,1711071060000.0,0.007410173410404619,-0.000172128,1971.768335143199,1971.7829154900198,-0.3,2.8688,0.6,2.8440994219653177,long_nclose,1.7064596531791907,0.0008654463218445283,6.0
1711071120000.0,642332,1711071120000.0,0.004940115606936413,-0.00011475199999999999,1971.773160506806,1971.78244073802,-0.2,2.8688,0.4,2.8440994219653177,long_nclose,1.137639768786127,0.0005769628026043922,1.0
1711071300000.0,642335,1711071300000.0,0.0024700578034682064,-5.7375999999999994e-05,1971.7755731886095,1971.7831633620199,-0.1,2.8688,0.3,2.8440994219653177,long_nclose,0.8532298265895953,0.00043272157247075294,3.0
1711071660000.0,642341,1711071660000.0,0.0024700578034682064,-5.7375999999999994e-05,1971.777985870413,1971.7853459860198,-0.1,2.8688,0.2,2.8440994219653177,long_nclose,0.5688198843930635,0.00028848069532633826,6.0
1711071660000.0,642341,1711071660000.0,0.004170057803468241,-5.7716e-05,1971.7820982122166,1971.78577827002,-0.1,2.8858,0.1,2.8440994219653177,long_nclose,0.28440994219653176,0.00014424004683600774,0.0
1711071780000.0,642343,1711071780000.0,0.004170057803468241,-5.7716e-05,1971.7862105540203,1971.7862105540203,-0.1,2.8858,0.0,2.8440994219653177,long_nclose,0.0,0.0,2.0
1711072380000.0,642353,1711072380000.0,0.0,-0.019700548000000005,1971.7665100060203,1971.8011100060203,34.6,2.8469,34.6,2.8469,long_ientry_normal,98.50274000000002,0.049956594505552926,10.0
1711072500000.0,642355,1711072500000.0,0.06707999999999643,-0.0049100839999999995,1971.8286799220205,1972.0756799220205,-8.6,2.8547,26.0,2.8469,long_nclose,74.0194,0.03753845390002505,2.0
1711072620000.0,642357,1711072620000.0,0.0,-0.0048968399999999995,1971.8237830820206,1971.8263830820206,8.6,2.847,34.6,2.8469248554913293,long_ientry_partial,98.5036,0.04995557962387282,2.0
1711072800000.0,642360,1711072800000.0,0.06686624277456588,-0.0049100839999999995,1971.8857392407951,1972.2568929980205,-8.6,2.8547,26.0,2.8469248554913293,long_nclose,74.02004624277457,0.03753769539977168,3.0
1711073340000.0,642369,1711073340000.0,0.0,-0.0048968399999999995,1971.8808424007952,1971.8170561580207,8.6,2.847,34.6,2.8469435330281665,long_ientry_partial,98.50424624277457,0.049954461813647995,9.0
1711073340000.0,642369,1711073340000.0,0.050417035316916436,-0.00371111,1971.9275483261122,1971.8757450480207,-6.5,2.8547,28.1,2.8469435330281665,long_nclose,79.99911327809149,0.040568992175193976,0.0
1711073460000.0,642371,1711073460000.0,0.054295268802833085,-0.00399658,1971.9778470149151,1972.2026984680208,-7.0,2.8547,21.1,2.8469435330281665,long_nclose,60.07050854689432,0.030462060533705364,2.0
1711073700000.0,642375,1711073700000.0,0.04033362825353315,-0.002968888,1972.0152117551688,1972.176699580021,-5.2,2.8547,15.9,2.8469435330281665,long_nclose,45.266402175147846,0.022954387930333976,4.0
1711073820000.0,642377,1711073820000.0,0.0,-0.010648154000000002,1972.004563601169,1971.8444314260212,18.7,2.8471,34.6,2.8470280975476254,long_ientry_partial,98.50717217514784,0.049952811465739884,2.0
1711073880000.0,642378,1711073880000.0,0.06683836109042138,-0.004910256,1972.0664917062595,1972.3335611700213,-8.6,2.8548,26.0,2.8470280975476254,long_nclose,74.02273053623826,0.037535615988380164,1.0
1711074360000.0,642386,1711074360000.0,0.21303836109042054,-0.004939496,1972.27459057135,1972.8413416740214,-8.6,2.8718,17.4,2.8470280975476254,long_nclose,49.53828889732868,0.025117338698247837,8.0
1711074840000.0,642394,1711074840000.0,0.03341918054521069,-0.002455128,1972.3055546238952,1972.4374965460213,-4.3,2.8548,13.1,2.8470280975476254,long_nclose,37.29606807787389,0.01890988340545742,8.0
1711074960000.0,642396,1711074960000.0,0.0,-0.01224468,1972.293309943895,1972.2869618660213,21.5,2.8476,34.6,2.847383470458783,long_ientry_partial,98.5194680778739,0.04995173262575049,2.0
1711075500000.0,642405,1711075500000.0,0.06722215405446742,-0.004910944,1972.3556211539496,1972.5380509220213,-8.6,2.8552,26.0,2.847383470458783,long_nclose,74.03197023192836,0.03753479820673266,9.0
1711075560000.0,642406,1711075560000.0,0.05080744201791143,-0.0037117599999999997,1972.4027168359676,1972.4303391620213,-6.5,2.8552,19.5,2.847383470458783,long_nclose,55.52397767394626,0.02815042648238445,1.0
1711075620000.0,642407,1711075620000.0,0.0,-0.008599752,1972.3941170839676,1972.3152994100212,15.1,2.8476,34.6,2.8474779674550943,long_ientry_partial,98.52273767394627,0.0499508373202839,1.0
1711076160000.0,642416,1711076160000.0,0.06726947988619054,-0.004911116,1972.4564754478538,1972.4882482940213,-8.6,2.8553,26.0,2.8474779674550943,long_nclose,74.03442715383245,0.03753412461840135,9.0
1711076280000.0,642418,1711076280000.0,0.0508432115418882,-0.0037118900000000007,1972.5036067693957,1972.7380364040214,-6.5,2.8553,19.5,2.8474779674550943,long_nclose,55.52582036537434,0.028149920828948745,2.0
1711076460000.0,642421,1711076460000.0,0.1606932115418862,-0.0037338600000000003,1972.6605661209376,1972.9884525440214,-6.5,2.8722,13.0,2.8474779674550943,long_nclose,37.01721357691623,0.01876512067644121,3.0
1711076700000.0,642425,1711076700000.0,0.10630473994309395,-0.0024700919999999997,1972.7644007688807,1973.0612624520213,-4.3,2.8722,8.7,2.8474779674550943,long_nclose,24.77305831685932,0.012557535155847335,4.0
1711076880000.0,642428,1711076880000.0,0.07169389438022615,-0.0016658759999999997,1972.8344287872608,1972.9836165760212,-2.9,2.8722,5.8,2.8474779674550943,long_nclose,16.515372211239548,0.008371392941166312,3.0
1711077240000.0,642434,1711077240000.0,0.010950845562868227,-0.000799484,1972.8445801488235,1972.8759170920212,-1.4,2.8553,4.4,2.8474779674550943,long_nclose,12.528903056802417,0.006350679208525025,6.0
1711077300000.0,642435,1711077300000.0,0.008604235799396466,-0.0006281660000000001,1972.8525562186228,1972.900478926021,-1.1,2.8553,3.3,2.8474779674550943,long_nclose,9.39667729260181,0.004762990149964614,1.0
1711077540000.0,642439,1711077540000.0,0.02719423579939613,-0.000631884,1972.8791185704222,1972.940327042021,-1.1,2.8722,2.2,2.8474779674550943,long_nclose,6.264451528401208,0.0031752840148364103,4.0
1711077660000.0,642441,1711077660000.0,0.04589423579939651,-0.0006356240000000001,1972.9243771822214,1972.9755514180208,-1.1,2.8892,1.1,2.8474779674550943,long_nclose,3.132225764200604,0.0015876055871305748,2.0
1711077840000.0,642444,1711077840000.0,0.02086101627245296,-0.00028892,1972.9449492784938,1972.9713624980207,-0.5,2.8892,0.6,2.8474779674550943,long_nclose,1.7084867804730566,0.0008659576543673205,3.0
1711078200000.0,642450,1711078200000.0,0.03523321952694349,-0.000348744,1972.9798337540208,1972.9798337540208,-0.6,2.9062,0.0,2.8474779674550943,long_nclose,0.0,0.0,6.0
1711107960000.0,642946,1711107960000.0,0.0,-0.019727480000000002,1972.9601062740207,1972.8683062740208,34.0,2.9011,34.0,2.9011,long_ientry_normal,98.6374,0.049994624668959445,496.0
1711111380000.0,643003,1711111380000.0,0.06714999999999827,-0.0049453,1973.022310974021,1973.2671109740209,-8.5,2.909,25.5,2.9011,long_nclose,73.97805,0.03749478634302888,57.0
1711111680000.0,643008,1711111680000.0,0.0,-0.0049298300000000005,1973.0173811440209,1972.7759811440208,8.5,2.8999,34.0,2.9008000000000003,long_ientry_partial,98.62720000000002,0.049988003624586774,5.0
1711115760000.0,643076,1711115760000.0,0.0,-0.027069252000000002,1972.9903118920208,1969.5556118920208,48.3,2.8022,82.3,2.84293390036452,long_rentry,233.97346000000002,0.11858824576570201,68.0
1711121220000.0,643167,1711121220000.0,0.15920504252733148,-0.01168787,1973.137829064548,1973.6239540220206,-20.5,2.8507,61.8,2.84293390036452,long_nclose,175.69331504252733,0.08904259624165353,91.0
1711121460000.0,643171,1711121460000.0,0.1195979343863856,-0.008780156,1973.2486468429342,1974.0358738660204,-15.4,2.8507,46.4,2.84293390036452,long_nclose,131.91213297691374,0.06685023359218531,4.0
1711121700000.0,643175,1711121700000.0,0.09008675577156318,-0.006613623999999999,1973.3321199747058,1973.6685002420206,-11.6,2.8507,34.8,2.84293390036452,long_nclose,98.9340997326853,0.050135554340418595,4.0
1711121820000.0,643177,1711121820000.0,0.06756506682867237,-0.004960217999999999,1973.3947248235345,1973.7853400240206,-8.7,2.8507,26.1,2.84293390036452,long_nclose,74.20057479951399,0.03760047286340505,2.0
1711121880000.0,643178,1711121880000.0,0.0,-0.0048012720000000005,1973.3899235515346,1973.5838887520206,8.4,2.8579,34.5,2.8465778202757677,long_ientry_partial,98.20693479951399,0.049765600618234505,1.0
1711122300000.0,643185,1711122300000.0,0.06727074562839848,-0.0049095680000000004,1973.452284729163,1973.7817891840207,-8.6,2.8544,25.9,2.8465778202757677,long_nclose,73.72636554514237,0.037359081907197264,7.0
1711122360000.0,643186,1711122360000.0,0.0,-0.004917996,1973.447366733163,1973.2593711880206,8.6,2.8593,34.5,2.849749146236011,long_ientry_partial,98.31634554514238,0.049819593470027464,1.0
1711141140000.0,643499,1711141140000.0,0.0,-0.02697842,1973.4203883131631,1970.1625927680207,49.0,2.7529,83.5,2.792915515510687,long_rentry,233.20844554514235,0.11817474215135877,313.0
1711146240000.0,643584,1711146240000.0,0.0,-0.063837636,1973.356550677163,1965.1141751320208,118.6,2.6913,202.1,2.733283649406939,long_rentry,552.3966255451423,0.27992742890563077,85.0
1711147320000.0,643602,1711147320000.0,0.3795757049495858,-0.027682080000000005,1973.7084443021126,1974.4537630520206,-50.5,2.7408,151.6,2.733283649406939,long_nclose,414.3658012500919,0.2099427615291013,18.0
1711147500000.0,643605,1711147500000.0,0.28486968747701585,-0.020775264,1973.9725387255899,1975.327427788021,-37.9,2.7408,113.7,2.733283649406939,long_nclose,310.77435093756895,0.15743600523349074,3.0
1711148340000.0,643619,1711148340000.0,0.21346435684293538,-0.015567744,1974.1704353384328,1974.8457000440208,-28.4,2.7408,85.3,2.733283649406939,long_nclose,233.1490952944119,0.11809978060705942,14.0
1711148520000.0,643622,1711148520000.0,0.16009826763220156,-0.011675808000000001,1974.318857798065,1975.087904236021,-21.3,2.7408,64.0,2.733283649406939,long_nclose,174.9301535620441,0.08860278716941482,3.0
1711149540000.0,643639,1711149540000.0,0.5072882676321965,-0.011745246,1974.8144008196973,1975.818548990021,-21.3,2.7571,42.7,2.733283649406939,long_nclose,116.7112118296763,0.059099838334798614,17.0
1711149600000.0,643640,1711149600000.0,0.33819217842146426,-0.007830163999999999,1975.1447628341186,1975.8976288260208,-14.2,2.7571,28.5,2.733283649406939,long_nclose,77.89858400809776,0.039439430199699255,1.0
1711149660000.0,643641,1711149660000.0,0.0,-0.004029162,1975.1407336721186,1975.9974196640208,7.3,2.7597,35.8,2.7386702236898817,long_ientry_partial,98.04439400809775,0.04963919397572078,1.0
1711150380000.0,643653,1711150380000.0,0.7183229959511169,-0.009948104,1975.8491085640699,1976.465401560021,-17.9,2.7788,17.9,2.7386702236898817,long_nclose,49.02219700404888,0.02481069874798046,12.0
1711150440000.0,643654,1711150440000.0,0.0,-0.009816774,1975.8392917900699,1976.612224786021,17.7,2.7731,35.6,2.755788398990137,long_ientry_partial,98.10606700404888,0.049652857604206665,1.0
1711150560000.0,643656,1711150560000.0,0.28333689191638334,-0.006560328,1976.1160683539863,1976.720864458021,-11.8,2.7798,23.8,2.755788398990137,long_nclose,65.58776389596525,0.033190238643521,2.0
1711150680000.0,643658,1711150680000.0,0.18969164797791765,-0.004392084,1976.3013679179642,1976.699052374021,-7.9,2.7798,15.9,2.755788398990137,long_nclose,43.81703554394318,0.022171231703444337,2.0
1711151520000.0,643672,1711151520000.0,0.31925164797791744,-0.004417996,1976.616201569942,1976.9490943780208,-7.9,2.7962,8.0,2.755788398990137,long_nclose,22.046307191921095,0.011153559894131523,14.0
1711151940000.0,643679,1711151940000.0,0.454492808078907,-0.0045001600000000004,1977.0661942180209,1977.0661942180209,-8.0,2.8126,0.0,2.755788398990137,long_nclose,0.0,0.0,7.0
1711163880000.0,643878,1711163880000.0,0.0,-0.019769728,1977.0464244900209,1976.8880244900208,35.2,2.8082,35.2,2.8082,long_ientry_normal,98.84864,0.049998138018179324,199.0
1711175580000.0,644073,1711175580000.0,0.06776000000000232,-0.004955984000000001,1977.1092285060208,1977.307228506021,-8.8,2.8159,26.4,2.8082,long_nclose,74.13647999999999,0.03749741234884647,195.0
1711175640000.0,644074,1711175640000.0,0.050820000000001725,-0.003716988,1977.1563315180208,1977.219691518021,-6.6,2.8159,19.8,2.8082,long_nclose,55.60236,0.02812238926868753,1.0
1711176120000.0,644082,1711176120000.0,0.03773000000000129,-0.0027595820000000004,1977.1913019360209,1977.2240819360209,-4.9,2.8159,14.9,2.8082,long_nclose,41.84218,0.021162433781207253,8.0
1711177620000.0,644107,1711177620000.0,0.028490000000000973,-0.0020837660000000004,1977.2177081700208,1977.3073081700209,-3.7,2.8159,11.2,2.8082,long_nclose,31.451839999999997,0.01590712032875211,25.0
1711178280000.0,644118,1711178280000.0,0.09027999999999992,-0.002096124,1977.3058920460207,1977.4896420460207,-3.7,2.8326,7.5,2.8082,long_nclose,21.0615,0.010651614444038587,11.0
1711179240000.0,644134,1711179240000.0,0.06099999999999994,-0.0014163,1977.3654757460206,1977.4909757460207,-2.5,2.8326,5.0,2.8082,long_nclose,14.040999999999999,0.0071008623202054285,16.0
1711180020000.0,644147,1711180020000.0,0.039039999999999964,-0.0009064320000000001,1977.4036093140207,1977.4903093140208,-1.6,2.8326,3.4,2.8082,long_nclose,9.54788,0.004828493260064517,13.0
1711180140000.0,644149,1711180140000.0,0.02683999999999998,-0.0006231720000000001,1977.4298261420208,1977.4847961420207,-1.1,2.8326,2.3,2.8082,long_nclose,6.458859999999999,0.0032662903707694545,2.0
1711180200000.0,644150,1711180200000.0,0.017079999999999984,-0.00039656399999999997,1977.4465095780208,1977.4829895780208,-0.7,2.8326,1.6,2.8082,long_nclose,4.49312,0.0022721828268107308,1.0
1711180320000.0,644152,1711180320000.0,0.012199999999999989,-0.00028325999999999997,1977.4584263180207,1977.4854863180205,-0.5,2.8326,1.1,2.8082,long_nclose,3.08902,0.0015621162796083052,2.0
1711180860000.0,644161,1711180860000.0,0.007319999999999993,-0.00016995599999999997,1977.4655763620206,1977.4822163620206,-0.3,2.8326,0.8,2.8082,long_nclose,2.24656,0.001136080459176962,9.0
1711181040000.0,644164,1711181040000.0,0.0048799999999999955,-0.00011330400000000001,1977.4703430580205,1977.4854030580204,-0.2,2.8326,0.6,2.8082,long_nclose,1.6849199999999998,0.0008520582904896505,3.0
1711181460000.0,644171,1711181460000.0,0.0048799999999999955,-0.00011330400000000001,1977.4751097540204,1977.4845497540205,-0.2,2.8326,0.4,2.8082,long_nclose,1.12328,0.0005680374910709879,7.0
1711182540000.0,644189,1711182540000.0,0.0,-0.019565638000000003,1977.4555441160205,1977.4429141160206,34.9,2.8031,35.3,2.803157790368272,long_ientry_partial,98.95146999999999,0.05003979497513009,18.0
1711183080000.0,644198,1711183080000.0,0.06725144475920751,-0.004947008,1977.5178485527797,1977.6302671080205,-8.8,2.8108,26.5,2.803157790368272,long_nclose,74.28368144475921,0.037564101633329246,9.0
1711183260000.0,644201,1711183260000.0,0.05043858356940562,-0.003710256,1977.564576880349,1977.6967568520204,-6.6,2.8108,19.9,2.803157790368272,long_nclose,55.78284002832861,0.028207847511269264,3.0
1711183380000.0,644203,1711183380000.0,0.03744682719546782,-0.0027545840000000005,1977.5992691235444,1977.7109022680204,-4.9,2.8108,15.0,2.803157790368272,long_nclose,42.047366855524075,0.021261823622213977,2.0
1711183440000.0,644204,1711183440000.0,0.028276175637394065,-0.002079992,1977.6254653071817,1977.6982622760202,-3.7,2.8108,11.3,2.803157790368272,long_nclose,31.675683031161473,0.01601702829319167,1.0
1711183500000.0,644205,1711183500000.0,0.02139818696883875,-0.001574048,1977.6452894461504,1977.70514822802,-2.8,2.8108,8.5,2.803157790368272,long_nclose,23.826841218130312,0.012048086350613026,1.0
1711183560000.0,644206,1711183560000.0,0.016048640226629062,-0.001180536,1977.660157550377,1977.6930676920201,-2.1,2.8108,6.4,2.803157790368272,long_nclose,17.94020985835694,0.009071432111257442,1.0
1711183680000.0,644208,1711183680000.0,0.012227535410765001,-0.0008994560000000001,1977.6714856297879,1977.7014482360203,-1.6,2.8108,4.8,2.803157790368272,long_nclose,13.455157393767704,0.006803535112649369,2.0
1711183740000.0,644209,1711183740000.0,0.00917065155807375,-0.000674592,1977.679981689346,1977.7096536440204,-1.2,2.8108,3.6,2.803157790368272,long_nclose,10.09136804532578,0.0051026294136353005,1.0
1711183920000.0,644212,1711183920000.0,0.0,-0.017772288,1977.662209401346,1977.7682613560203,31.7,2.8032,35.3,2.8031956953350083,long_ientry_partial,98.95280804532578,0.050035242406376156,3.0
1711184160000.0,644216,1711184160000.0,0.06779788105192815,-0.004947184000000001,1977.725060098398,1977.8523741720203,-8.8,2.8109,26.5,2.8031956953350083,long_nclose,74.28468592637772,0.037560673839407095,4.0
1711184220000.0,644217,1711184220000.0,0.0,-0.004933632,1977.720126466398,1977.6955305400202,8.8,2.8032,35.3,2.8031967684526267,long_ientry_partial,98.95284592637772,0.050033796290063166,1.0
1711188720000.0,644292,1711188720000.0,0.06778843761688691,-0.004947184000000001,1977.7829677200148,1977.9632533560202,-8.8,2.8109,26.5,2.8031967684526267,long_nclose,74.28471436399461,0.03755958847680336,75.0
1711188900000.0,644295,1711188900000.0,0.0,-0.004926768000000001,1977.7780409520149,1977.6430065880202,8.8,2.7993,35.3,2.802225336090499,long_ientry_partial,98.9185543639946,0.05001499274224907,3.0
1711189080000.0,644298,1711189080000.0,0.06753704240360783,-0.004945424,1977.8406325704184,1977.9459611640202,-8.8,2.8099,26.5,2.802225336090499,long_nclose,74.25897140639822,0.03754547772127152,3.0
1711189140000.0,644299,1711189140000.0,0.05065278180270587,-0.0037090680000000003,1977.887576284221,1977.9686620960201,-6.6,2.8099,19.9,2.802225336090499,long_nclose,55.764284188200925,0.028193859376458127,1.0
1711189260000.0,644301,1711189260000.0,0.03760585315655436,-0.0027537020000000002,1977.9224284353775,1978.14404839402,-4.9,2.8099,15.0,2.802225336090499,long_nclose,42.03338004135748,0.021251278329761248,2.0
1711189860000.0,644311,1711189860000.0,0.028396256465153293,-0.0020793260000000003,1977.9487453658426,1978.05693906802,-3.7,2.8099,11.3,2.802225336090499,long_nclose,31.66514629782264,0.016009083335456115,10.0
1711190220000.0,644317,1711190220000.0,0.0,-0.013439999999999999,1977.9353053658426,1977.95957906802,24.0,2.8,35.3,2.8007123597116896,long_ientry_partial,98.86514629782263,0.04998401415335288,6.0
1711190640000.0,644324,1711190640000.0,0.06765123453712932,-0.004942784,1977.9980138163799,1978.06658628402,-8.8,2.8084,26.5,2.8007123597116896,long_nclose,74.21887753235977,0.03752222045418576,7.0
1711190700000.0,644325,1711190700000.0,0.0,-0.004928,1977.9930858163798,1977.95302828402,8.8,2.8,35.3,2.800534774287813,long_ientry_partial,98.85887753235978,0.04997938478210485,1.0
1711195020000.0,644397,1711195020000.0,0.06745398626724537,-0.004942432,1978.055597370647,1978.30112585202,-8.8,2.8082,26.5,2.800534774287813,long_nclose,74.21417151862704,0.037518749026709396,72.0
1711195260000.0,644401,1711195260000.0,0.050590489700434026,-0.0037068239999999996,1978.1024810363476,1978.23710902802,-6.6,2.8082,19.9,2.800534774287813,long_nclose,55.73064200832747,0.028173789044099288,4.0
1711195680000.0,644408,1711195680000.0,0.03755960598971617,-0.0027520360000000002,1978.1372886063375,1978.2867669920204,-4.9,2.8082,15.0,2.800534774287813,long_nclose,42.008021614317194,0.021236150724358076,7.0
1711196040000.0,644414,1711196040000.0,0.028361335135091804,-0.002078068,1978.1635718734726,1978.2558389240203,-3.7,2.8082,11.3,2.800534774287813,long_nclose,31.646042949452287,0.015997687653039258,6.0
1711196220000.0,644417,1711196220000.0,0.0,-0.013432800000000002,1978.1501390734727,1978.1447961240203,24.0,2.7985,35.3,2.7991513583414247,long_ientry_partial,98.81004294945228,0.04995072972354515,3.0
1711196280000.0,644418,1711196280000.0,0.0673080465954623,-0.004939968,1978.2125071520682,1978.4416961560205,-8.8,2.8068,26.5,2.7991513583414247,long_nclose,74.17751099604776,0.03749724093233914,1.0
1711196460000.0,644421,1711196460000.0,0.050481034946596726,-0.003704976,1978.2592832110147,1978.4970611800204,-6.6,2.8068,19.9,2.7991513583414247,long_nclose,55.70311203099435,0.02815763965003604,3.0
1711196880000.0,644428,1711196880000.0,0.03747834412701878,-0.0027506640000000003,1978.2940108911419,1978.3967405160204,-4.9,2.8068,15.0,2.7991513583414247,long_nclose,41.98727037512137,0.021223978915150127,7.0
1711196940000.0,644429,1711196940000.0,0.028299974136728467,-0.0020770320000000004,1978.3202338332785,1978.5128834840204,-3.7,2.8068,11.3,2.7991513583414247,long_nclose,31.630410349258103,0.015988518849635206,1.0
1711197000000.0,644430,1711197000000.0,0.09008997413672906,-0.0020893900000000004,1978.408234417415,1978.7209640940202,-3.7,2.8235,7.6,2.7991513583414247,long_nclose,21.273550323394826,0.01075286179733238,1.0
1711197000000.0,644430,1711197000000.0,0.15187997413672802,-0.002101748,1978.5580126435518,1978.7184923460202,-3.7,2.8402,3.9,2.7991513583414247,long_nclose,10.916690297531556,0.0055174982122185865,0.0
1711197120000.0,644432,1711197120000.0,0.07799241915129275,-0.0010792759999999999,1978.6349257867032,1978.7164230700203,-1.9,2.8402,2.0,2.7991513583414247,long_nclose,5.598302716682849,0.00282937627539197,2.0
1711197180000.0,644433,1711197180000.0,0.041048641658575136,-0.00056804,1978.6754063883618,1978.7173550300204,-1.0,2.8402,1.0,2.7991513583414247,long_nclose,2.7991513583414247,0.001414659195391053,1.0
1711197300000.0,644435,1711197300000.0,0.020524320829287568,-0.00028402,1978.695646689191,1978.7162710100204,-0.5,2.8402,0.5,2.7991513583414247,long_nclose,1.3995756791707124,0.000707322362341334,2.0
1711198020000.0,644447,1711198020000.0,0.028824320829287542,-0.00028568,1978.7241853300204,1978.7241853300204,-0.5,2.8568,0.0,2.7991513583414247,long_nclose,0.0,0.0,12.0
1711232100000.0,645015,1711232100000.0,0.0,-0.01979179,1978.7043935400204,1978.6904335400204,34.9,2.8355,34.9,2.8355,long_ientry_normal,98.95895,0.05001199285910339,568.0
1711233120000.0,645032,1711233120000.0,0.06786000000000025,-0.0049473419999999995,1978.7673061980206,1978.9795261980205,-8.7,2.8433,26.2,2.8355,long_nclose,74.2901,0.037543626159227426,17.0
1711233780000.0,645043,1711233780000.0,0.05070000000000019,-0.0036962900000000005,1978.8143099080205,1978.9088699080205,-6.5,2.8433,19.7,2.8355,long_nclose,55.85935,0.02822869721545346,11.0
1711233900000.0,645045,1711233900000.0,0.03822000000000014,-0.0027864340000000004,1978.8497434740204,1978.9947834740206,-4.9,2.8433,14.8,2.8355,long_nclose,41.9654,0.02120696638963935,2.0
1711234020000.0,645047,1711234020000.0,0.0,-0.011399112000000001,1978.8383443620205,1978.9549943620204,20.1,2.8356,34.9,2.8355575931232098,long_ientry_partial,98.96096000000001,0.050009623212504066,2.0
1711254000000.0,645380,1711254000000.0,0.0,-0.027172864,1978.8111714980205,1975.2454914980206,49.6,2.7392,84.5,2.7789973964497046,long_rentry,234.82528000000005,0.11866987784500435,333.0
1711282140000.0,645849,1711282140000.0,0.16041493491123307,-0.011759452,1978.9598269809317,1979.4671920460205,-21.1,2.7866,63.4,2.7789973964497046,long_nclose,176.18843493491127,0.08903082949576668,469.0
1711282260000.0,645851,1711282260000.0,0.12012113609466742,-0.008805656,1979.0711424610263,1979.3283063900203,-15.8,2.7866,47.6,2.7789973964497046,long_nclose,132.28027607100594,0.06683957601772314,2.0
1711283040000.0,645864,1711283040000.0,0.09047098224851534,-0.006632107999999999,1979.1549813352747,1979.4014042820202,-11.9,2.7866,35.7,2.7789973964497046,long_nclose,99.21020705325446,0.050127558472616636,13.0
1711283100000.0,645865,1711283100000.0,0.06766317159762912,-0.004960148,1979.2176843588722,1979.4589541340201,-8.9,2.7866,26.8,2.7789973964497046,long_nclose,74.47713022485209,0.03762958001710532,1.0
1711283280000.0,645868,1711283280000.0,0.050937443786979224,-0.003734044,1979.2648877586591,1979.46594009002,-6.7,2.7866,20.1,2.7789973964497046,long_nclose,55.85784766863907,0.028221511943200838,3.0
1711283400000.0,645870,1711283400000.0,0.03801301775147703,-0.0027866,1979.3001141764105,1979.33337349002,-5.0,2.7866,15.1,2.7789973964497046,long_nclose,41.962860686390535,0.021200858013314134,2.0
1711283460000.0,645871,1711283460000.0,0.028129633136093003,-0.002062084,1979.3261817255466,1979.4196914060199,-3.7,2.7866,11.4,2.7789973964497046,long_nclose,31.680570319526634,0.016005734988008894,1.0
1711284840000.0,645894,1711284840000.0,0.09196989349112233,-0.002130432,1979.4160211870376,1979.64328097402,-3.8,2.8032,7.6,2.7789973964497046,long_nclose,21.120380213017754,0.01067000569205864,23.0
1711285200000.0,645900,1711285200000.0,0.060506508875738385,-0.0014016,1979.4751260959133,1979.7112693740198,-2.5,2.8032,5.1,2.7789973964497046,long_nclose,14.172886721893493,0.007159921604999628,6.0
1711285200000.0,645900,1711285200000.0,0.10175650887573884,-0.0014098500000000003,1979.575472754789,1979.6958595240196,-2.5,2.8197,2.6,2.7789973964497046,long_nclose,7.225393230769232,0.003649971082291867,0.0
1711285200000.0,645900,1711285200000.0,0.14898676923076826,-0.0014748760000000002,1979.7229846480197,1979.7229846480197,-2.6,2.8363,0.0,2.7789973964497046,long_nclose,0.0,0.0,0.0
1711299840000.0,646144,1711299840000.0,0.0,-0.019808552,1979.7031760960197,1979.3222560960196,35.6,2.7821,35.6,2.7821,long_ientry_normal,99.04276,0.050029095874520244,244.0
1711300620000.0,646157,1711300620000.0,0.06764000000000046,-0.0049656660000000005,1979.7658504300196,1979.9954704300196,-8.9,2.7897,26.7,2.7821,long_nclose,74.28206999999999,0.037520634060773085,13.0
1711300860000.0,646161,1711300860000.0,0.0,-0.004951426,1979.7608990040196,1979.4404990040196,8.9,2.7817,35.6,2.782,long_ientry_partial,99.03920000000001,0.05002583900400536,4.0
1711302960000.0,646196,1711302960000.0,0.06764000000000046,-0.0049654880000000005,1979.8235735160197,1980.0612035160198,-8.9,2.7896,26.7,2.782,long_nclose,74.2794,0.037518191516471996,35.0
1711303140000.0,646199,1711303140000.0,0.050160000000000336,-0.003682272,1979.8700512440196,1980.1313512440195,-6.6,2.7896,20.1,2.782,long_nclose,55.918200000000006,0.028243368783150542,3.0
1711303620000.0,646207,1711303620000.0,0.16214,-0.003760308,1980.0284309360195,1980.3540509360196,-6.7,2.8062,13.4,2.782,long_nclose,37.278800000000004,0.018827406423844725,8.0
1711304400000.0,646220,1711304400000.0,0.27335999999999966,-0.003782552,1980.2980083840193,1980.6088883840193,-6.7,2.8228,6.7,2.782,long_nclose,18.639400000000002,0.009412421726975474,13.0
1711304640000.0,646224,1711304640000.0,0.13463999999999982,-0.001863048,1980.4307853360194,1980.5667853360194,-3.3,2.8228,3.4,2.782,long_nclose,9.4588,0.004776132581879213,4.0
1711304700000.0,646225,1711304700000.0,0.06935999999999991,-0.000959752,1980.4991855840194,1980.5858855840195,-1.7,2.8228,1.7,2.782,long_nclose,4.7294,0.0023879838145984245,1.0
1711305000000.0,646230,1711305000000.0,0.09741000000000022,-0.0009653620000000001,1980.5956302220195,1980.5956302220195,-1.7,2.8393,0.0,2.782,long_nclose,0.0,0.0,5.0
1711366560000.0,647256,1711366560000.0,0.0,-0.019803447999999998,1980.5758267740196,1980.6444267740196,34.3,2.8868,34.3,2.8868,long_ientry_normal,99.01723999999999,0.04999416768671775,1026.0
1711366680000.0,647258,1711366680000.0,0.06714999999999827,-0.00492099,1980.6380557840196,1980.8986357840195,-8.5,2.8947,25.8,2.8868,long_nclose,74.47944,0.03760376096101915,2.0
1711366980000.0,647263,1711366980000.0,0.050559999999998696,-0.0037052160000000003,1980.6849105680194,1980.8633905680194,-6.4,2.8947,19.4,2.8868,long_nclose,56.003919999999994,0.028275027340890494,5.0
1711367100000.0,647265,1711367100000.0,0.03791999999999902,-0.0027789119999999997,1980.7200516560195,1980.9229916560193,-4.8,2.8947,14.6,2.8868,long_nclose,42.14728,0.021278766761997463,2.0
1711367400000.0,647270,1711367400000.0,0.0,-0.011374385999999998,1980.7086772700195,1980.7272872700196,19.7,2.8869,34.3,2.886857434402333,long_ientry_partial,99.01921,0.049991809061227854,5.0
1711368120000.0,647282,1711368120000.0,0.06751180758017172,-0.004921160000000001,1980.7712679175995,1980.8575061100194,-8.5,2.8948,25.8,2.886857434402333,long_nclose,74.48092180758019,0.0376019801043876,12.0
1711368240000.0,647284,1711368240000.0,0.050832419825070474,-0.003705344,1980.8183949934246,1980.9724807660193,-6.4,2.8948,19.4,2.886857434402333,long_nclose,56.005034227405254,0.0282736844371799,2.0
1711368300000.0,647285,1711368300000.0,0.038124314868802855,-0.002779008,1980.8537403002933,1980.9507217580192,-4.8,2.8948,14.6,2.886857434402333,long_nclose,42.148118542274055,0.021277753972832183,1.0
1711368360000.0,647286,1711368360000.0,0.0,-0.011373992000000001,1980.8423663082933,1980.8964077660191,19.7,2.8868,34.3,2.88682444729662,long_ientry_partial,99.01807854227405,0.04998786386360192,1.0
1711368420000.0,647287,1711368420000.0,0.06694219797872836,-0.00492099,1980.904387516272,1981.1540167760193,-8.5,2.8947,25.8,2.88682444729662,long_nclose,74.4800707402528,0.03759902356197946,1.0
1711368960000.0,647296,1711368960000.0,0.05040353730163077,-0.0037052160000000003,1980.9510858375736,1981.1096915600192,-6.4,2.8947,19.4,2.88682444729662,long_nclose,56.004394277554425,0.028271467517773156,9.0
1711369080000.0,647298,1711369080000.0,0.037802652976223074,-0.0027789119999999997,1980.98610957855,1981.1317526480193,-4.8,2.8947,14.6,2.88682444729662,long_nclose,42.14763693053065,0.021276089078432488,2.0
1711369200000.0,647300,1711369200000.0,0.0,-0.011374780000000001,1980.97473479855,1980.9601478680192,19.7,2.887,34.3,2.886925274942585,long_ientry_partial,99.02153693053066,0.04998626948192774,2.0
1711369320000.0,647302,1711369320000.0,0.06693516298802882,-0.004921160000000001,1981.036748801538,1981.2141167080192,-8.5,2.8948,25.8,2.886925274942585,long_nclose,74.48267209351869,0.037597824542416114,2.0
1711369380000.0,647303,1711369380000.0,0.05039824036745699,-0.003705344,1981.0834416979053,1981.296351364019,-6.4,2.8948,19.4,2.886925274942585,long_nclose,56.00635033388614,0.028270566072616,1.0
1711369860000.0,647311,1711369860000.0,0.037798680275592744,-0.002779008,1981.1184613701807,1981.256792356019,-4.8,2.8948,14.6,2.886925274942585,long_nclose,42.14910901416174,0.02127541075207112,8.0
1711369980000.0,647313,1711369980000.0,0.028349010206694558,-0.0020842560000000005,1981.1447261243875,1981.2170481000192,-3.6,2.8948,11.0,2.886925274942585,long_nclose,31.756178024368435,0.016029206551957175,2.0
1711370040000.0,647314,1711370040000.0,0.02126175765502092,-0.0015631920000000001,1981.1644246900426,1981.2181649080192,-2.7,2.8948,8.3,2.886925274942585,long_nclose,23.961479782023456,0.012094644686430952,1.0
1711370160000.0,647316,1711370160000.0,0.01574945011483031,-0.00115792,1981.1790162201573,1981.2097269880192,-2.0,2.8948,6.3,2.886925274942585,long_nclose,18.187629232138285,0.009180204859446782,2.0
1711370520000.0,647322,1711370520000.0,0.0,-0.016167760000000003,1981.1628484601574,1981.112499228019,28.0,2.8871,34.3,2.887067907642516,long_ientry_partial,99.02642923213828,0.04998399263801346,6.0
1711373520000.0,647372,1711373520000.0,0.06742278503861532,-0.0049215000000000005,1981.2253497451961,1981.5435177280192,-8.5,2.895,25.8,2.887067907642516,long_nclose,74.48635201717691,0.037596102849560525,50.0
1711373640000.0,647374,1711373640000.0,0.0,-0.0049060300000000005,1981.220443715196,1981.1868816980193,8.5,2.8859,34.3,2.886778484465799,long_ientry_partial,99.0165020171769,0.04997752891722669,2.0
1711374720000.0,647392,1711374720000.0,0.0673328820407062,-0.00492099,1981.2828556072368,1981.3014707080192,-8.5,2.8947,25.8,2.886778484465799,long_nclose,74.47888489921762,0.03759124280939222,18.0
1711374900000.0,647395,1711374900000.0,0.05069769941888467,-0.0037052160000000003,1981.3298480906556,1981.530085492019,-6.4,2.8947,19.4,2.886778484465799,long_nclose,56.0035025986365,0.02826561294304696,3.0
1711375080000.0,647398,1711375080000.0,0.16077769941888675,-0.003727232,1981.4868985580745,1981.805678260019,-6.4,2.9119,13.0,2.886778484465799,long_nclose,37.52812029805539,0.0189393734197105,3.0
1711375140000.0,647399,1711375140000.0,0.10802251679706454,-0.002504234,1981.5924168408715,1981.834464026019,-4.3,2.9119,8.7,2.886778484465799,long_nclose,25.11497281485245,0.012674136518392453,1.0
1711375260000.0,647401,1711375260000.0,0.18198251679706404,-0.002519026,1981.7718803316684,1981.959415000019,-4.3,2.9291,4.4,2.886778484465799,long_nclose,12.701825331649516,0.006409327661629625,2.0
1711375620000.0,647407,1711375620000.0,0.03517012174788148,-0.0008153320000000001,1981.8062351214162,1981.9058996680187,-1.4,2.9119,3.0,2.886778484465799,long_nclose,8.660335453397398,0.004369920378652366,6.0
1711375680000.0,647408,1711375680000.0,0.0634822733013014,-0.0008787300000000001,1981.8688386647175,1981.9380209380188,-1.5,2.9291,1.5,2.886778484465799,long_nclose,4.330167726698699,0.002184891170505585,1.0
1711375740000.0,647409,1711375740000.0,0.08928227330130123,-0.0008838899999999999,1981.9572370480187,1981.9572370480187,-1.5,2.9463,0.0,2.886778484465799,long_nclose,0.0,0.0,1.0
1711460400000.0,648820,1711460400000.0,0.0,-0.01982094,1981.9374161080186,1981.7275361080187,31.8,3.1165,31.8,3.1165,long_ientry_normal,99.1047,0.050003950273371615,1411.0
1711460460000.0,648821,1711460460000.0,0.06715000000000138,-0.0049375,1981.9996286080186,1982.3174986080187,-7.9,3.125,23.9,3.1165,long_nclose,74.48434999999999,0.03758040562919339,1.0
1711460700000.0,648825,1711460700000.0,0.21409000000000275,-0.004966888,1982.2087517200187,1982.7223517200187,-7.9,3.1436,16.0,3.1165,long_nclose,49.864,0.025155776331191957,4.0
1711460760000.0,648826,1711460760000.0,0.3656000000000006,-0.0050595200000000005,1982.5692922000187,1982.8924922000188,-8.0,3.1622,8.0,3.1165,long_nclose,24.932,0.01257560081157791,1.0
1711460820000.0,648827,1711460820000.0,0.1828000000000003,-0.0025297600000000003,1982.7495624400187,1982.9187624400188,-4.0,3.1622,4.0,3.1165,long_nclose,12.466,0.00628722872325794,1.0
1711461420000.0,648837,1711461420000.0,0.0,-0.017330520000000002,1982.7322319200186,1982.7342319200186,27.8,3.117,31.8,3.1169371069182388,long_ientry_partial,99.1186,0.04999091576980948,10.0
1711461540000.0,648839,1711461540000.0,0.067646855345915,-0.0049382900000000006,1982.7949404853646,1982.9350636300187,-7.9,3.1255,23.9,3.1169371069182388,long_nclose,74.4947968553459,0.037570600637658706,2.0
1711461660000.0,648841,1711461660000.0,0.050521069182392214,-0.0036880900000000006,1982.841773464547,1982.9293055400187,-5.9,3.1255,18.0,3.1169371069182388,long_nclose,56.1048679245283,0.02829518152953693,2.0
1711461720000.0,648842,1711461720000.0,0.0,-0.008603196000000002,1982.833170268547,1982.8710823440188,13.8,3.1171,31.8,3.1170077963688145,long_ientry_partial,99.1208479245283,0.049989504619344136,1.0
1711461960000.0,648846,1711461960000.0,0.06708840868636652,-0.0049382900000000006,1982.8953203872336,1983.313384054019,-7.9,3.1255,23.9,3.1170077963688145,long_nclose,74.49648633321466,0.03756955073083055,4.0
1711462320000.0,648852,1711462320000.0,0.21402840868636439,-0.0049676780000000005,1983.10438111792,1983.5282563760188,-7.9,3.1441,16.0,3.1170077963688145,long_nclose,49.87212474190103,0.025148512209824784,6.0
1711462380000.0,648853,1711462380000.0,0.14358867924528243,-0.0033327459999999997,1983.2446370511652,1983.6244036300188,-5.3,3.1441,10.7,3.1170077963688145,long_nclose,33.351983421146315,0.016816878159184895,1.0
1711462500000.0,648855,1711462500000.0,0.24216867924528332,-0.003352462,1983.4834532684104,1983.6999511680187,-5.3,3.1627,5.4,3.1170077963688145,long_nclose,16.8318421003916,0.008486000764289648,2.0
1711462680000.0,648858,1711462680000.0,0.12336894980420095,-0.0017078580000000002,1983.6051143602147,1983.7241633100189,-2.7,3.1627,2.7,3.1170077963688145,long_nclose,8.4159210501958,0.004242740144834847,3.0
1711463100000.0,648865,1711463100000.0,0.005095322178711381,-0.00037506000000000003,1983.6098346223935,1983.624728250019,-0.6,3.1255,2.1,3.1170077963688145,long_nclose,6.54571637237451,0.0032999011489679244,7.0
1711463160000.0,648866,1711463160000.0,0.004246101815592818,-0.00031255000000000003,1983.613768174209,1983.624475700019,-0.5,3.1255,1.6,3.1170077963688145,long_nclose,4.987212474190104,0.0025142054134764938,1.0
1711463220000.0,648867,1711463220000.0,0.0,-0.018830908,1983.5949372662092,1983.596044792019,30.2,3.1177,31.8,3.117665172144343,long_ientry_partial,99.14175247419011,0.049980845691624566,1.0
1711463280000.0,648868,1711463280000.0,0.06742514005968996,-0.004939396,1983.6574230102688,1983.8924753960189,-7.9,3.1262,23.9,3.117665172144343,long_nclose,74.51219761424979,0.037563037221001065,1.0
1711463340000.0,648869,1711463340000.0,0.0,-0.004925966,1983.6524970442688,1983.198589430019,7.9,3.1177,31.8,3.1176738243474773,long_ientry_partial,99.14202761424978,0.04997953409781998,1.0
1711463400000.0,648870,1711463400000.0,0.06735678765492824,-0.004939396,1983.7149144359237,1983.890010034019,-7.9,3.1262,23.9,3.1176738243474773,long_nclose,74.5124044019047,0.03756205282304517,1.0
1711463460000.0,648871,1711463460000.0,0.0,-0.004925966,1983.7099884699237,1983.265414068019,7.9,3.1177,31.8,3.1176803271039217,long_ientry_partial,99.14223440190472,0.04997818984536906,1.0
1711463460000.0,648871,1711463460000.0,0.050266070086860994,-0.0036889160000000004,1983.7565656240104,1983.3944751520187,-5.9,3.1262,25.9,3.1176803271039217,long_nclose,80.74792047199156,0.04070455108819841,0.0
1711463700000.0,648875,1711463700000.0,0.05452590653490006,-0.004001536,1983.8070899945453,1983.889373616019,-6.4,3.1262,19.5,3.1176803271039217,long_nclose,60.794766378526475,0.030645503126361766,4.0
1711463760000.0,648876,1711463760000.0,0.04089442990117504,-0.003001152,1983.8449832724464,1983.8879024640187,-4.8,3.1262,14.7,3.1176803271039217,long_nclose,45.829900808427645,0.023101553394977995,1.0
1711463820000.0,648877,1711463820000.0,0.0,-0.010661850000000002,1983.8343214224465,1984.1305906140187,17.1,3.1175,31.8,3.1175833587555863,long_ientry_partial,99.13915080842764,0.0499735031992707,1.0
1711463820000.0,648877,1711463820000.0,0.031019908479888694,-0.002250864,1983.8630904669265,1984.125819750019,-3.6,3.1262,28.2,3.1175833587555863,long_nclose,87.91585071690753,0.04431548282710147,0.0
1711464120000.0,648882,1711464120000.0,0.05961648871089631,-0.00437654,1983.9183304156372,1984.2197232100189,-7.0,3.1261,21.2,3.1175833587555863,long_nclose,66.09276720561843,0.03331425804799726,5.0
1711464180000.0,648883,1711464180000.0,0.1898164887108944,-0.00440258,1984.103744324348,1984.3936606300188,-7.0,3.1447,14.2,3.1175833587555863,long_nclose,44.26968369432932,0.022312181921416912,1.0
1711464420000.0,648887,1711464420000.0,0.12744821384874339,-0.002956018,1984.2282365201968,1984.4972446120187,-4.7,3.1447,9.5,3.1175833587555863,long_nclose,29.61704190817807,0.014926227418332884,4.0
1711464660000.0,648891,1711464660000.0,0.08406158785768181,-0.001949714,1984.3103483940545,1984.5005348980187,-3.1,3.1447,6.4,3.1175833587555863,long_nclose,19.952533496035755,0.010055147629595227,4.0
1711464780000.0,648893,1711464780000.0,0.1462932519821237,-0.002024512,1984.4546171340367,1984.6044303860187,-3.2,3.1633,3.2,3.1175833587555863,long_nclose,9.976266748017878,0.005027208312995171,2.0
1711465080000.0,648898,1711465080000.0,0.07314662599106185,-0.001012256,1984.5267515040277,1984.5965381300189,-1.6,3.1633,1.6,3.1175833587555863,long_nclose,4.988133374008939,0.0025135127910110287,5.0
1711465320000.0,648902,1711465320000.0,0.013558320622206743,-0.00031447,1984.53999535465,1984.569273660019,-0.5,3.1447,1.1,3.1175833587555863,long_nclose,3.4293416946311455,0.0017280285117248545,4.0
1711465860000.0,648911,1711465860000.0,0.008134992373324046,-0.000188682,1984.5479416650232,1984.5697149780187,-0.3,3.1447,0.8,3.1175833587555863,long_nclose,2.4940666870044694,0.0012567429763938901,9.0
1711465920000.0,648912,1711465920000.0,0.018286656497765463,-0.000253064,1984.5659752575211,1984.588021914019,-0.4,3.1633,0.4,3.1175833587555863,long_nclose,1.2470333435022347,0.0006283657782354236,1.0
1711465980000.0,648913,1711465980000.0,0.02568665649776545,-0.00025454400000000005,1984.591407370019,1984.591407370019,-0.4,3.1818,0.0,3.1175833587555863,long_nclose,0.0,0.0,1.0
1711466580000.0,648923,1711466580000.0,0.0,-0.019839384,1984.5715679860189,1984.6669679860188,31.8,3.1194,31.8,3.1194,long_ientry_normal,99.19692,0.04998404774117919,10.0
1711466820000.0,648927,1711466820000.0,0.06714999999999786,-0.004942082,1984.6337759040189,1984.7723959040188,-7.9,3.1279,23.9,3.1194,long_nclose,74.55366,0.037565449558087924,4.0
1711466880000.0,648928,1711466880000.0,0.05014999999999841,-0.003690922,1984.6802349820189,1985.024034982019,-5.9,3.1279,18.0,3.1194,long_nclose,56.1492,0.02829130809604133,1.0
1711467120000.0,648932,1711467120000.0,0.038249999999998785,-0.00281511,1984.715669872019,1984.7885698720188,-4.5,3.1279,13.5,3.1194,long_nclose,42.111900000000006,0.021218102239660114,4.0
1711467180000.0,648933,1711467180000.0,0.0,-0.011417004000000001,1984.704252868019,1984.468932868019,18.3,3.1194,31.8,3.1194,long_ientry_partial,99.19692,0.04998070612115351,1.0
1711468860000.0,648961,1711468860000.0,0.06714999999999786,-0.004942082,1984.766460786019,1985.156030786019,-7.9,3.1279,23.9,3.1194,long_nclose,74.55366,0.03756293824638432,28.0
1711468920000.0,648962,1711468920000.0,0.21408999999999923,-0.00497147,1984.9755793160189,1985.381979316019,-7.9,3.1465,16.0,3.1194,long_nclose,49.9104,0.025144087675475626,1.0
1711468980000.0,648963,1711468980000.0,0.14362999999999948,-0.00333529,1985.115874026019,1985.359834026019,-5.3,3.1465,10.7,3.1194,long_nclose,33.37758,0.01681392025358542,1.0
1711469040000.0,648964,1711469040000.0,0.09484999999999966,-0.00220255,1985.2085214760189,1985.4842814760189,-3.5,3.1465,7.2,3.1194,long_nclose,22.459680000000002,0.011313511783286647,1.0
1711469340000.0,648969,1711469340000.0,0.06503999999999976,-0.0015103200000000001,1985.2720511560187,1985.3387711560188,-2.4,3.1465,4.8,3.1194,long_nclose,14.97312,0.007542099830237972,5.0
1711469700000.0,648975,1711469700000.0,0.0,-0.01684368,1985.2552074760188,1985.0411874760186,27.0,3.1192,31.8,3.1192301886792455,long_ientry_partial,99.19152000000001,0.04996411525655107,6.0
1711470780000.0,648993,1711470780000.0,0.06770150943396157,-0.004941924,1985.317967061453,1985.391335552019,-7.9,3.1278,23.9,3.1192301886792455,long_nclose,74.54960150943397,0.037550459294829114,18.0
1711470840000.0,648994,1711470840000.0,0.0,-0.0049275460000000005,1985.3130395154528,1984.9664680060189,7.9,3.1187,31.8,3.119098475139433,long_ientry_partial,99.18733150943396,0.049960550067027314,1.0
1711473600000.0,649040,1711473600000.0,0.06716204639848185,-0.004941608000000001,1985.3752599538511,1985.4947963980187,-7.9,3.1276,23.9,3.119098475139433,long_nclose,74.54645355583244,0.03754779011276953,46.0
1711473720000.0,649042,1711473720000.0,0.0501589966773472,-0.0036905680000000004,1985.4217283825285,1985.4703558300187,-5.9,3.1276,18.0,3.119098475139433,long_nclose,56.14377255250979,0.028278008520763325,2.0
1711473780000.0,649043,1711473780000.0,0.0,-0.008664426000000001,1985.4130639565285,1985.3826514040188,13.9,3.1167,31.9,3.1180533715520315,long_ientry_partial,99.4659025525098,0.050098341931071155,1.0
1711473900000.0,649045,1711473900000.0,0.06751836473894937,-0.004940028000000001,1985.4756422932676,1985.620761376019,-7.9,3.1266,24.0,3.1180533715520315,long_nclose,74.83328091724876,0.03769035455444555,2.0
1711474020000.0,649047,1711474020000.0,0.051279770687809645,-0.00375192,1985.5231701439554,1985.6968094560189,-6.0,3.1266,18.0,3.1180533715520315,long_nclose,56.124960687936564,0.02826708926487489,2.0
1711474140000.0,649049,1711474140000.0,0.038459828015857234,-0.00281394,1985.5588160319714,1985.713345516019,-4.5,3.1266,13.5,3.1180533715520315,long_nclose,42.09372051595243,0.02119993634843534,2.0
1711474260000.0,649051,1711474260000.0,0.028203873878295302,-0.002063556,1985.5849563498498,1985.677231960019,-3.3,3.1266,10.2,3.1180533715520315,long_nclose,31.804144389830718,0.016017518811331583,2.0
1711474380000.0,649053,1711474380000.0,0.0,-0.013526477999999998,1985.57142987185,1985.605475482019,21.7,3.1167,31.9,3.117132739493126,long_ientry_partial,99.43653438983071,0.050079555383332856,2.0
1711474500000.0,649055,1711474500000.0,0.06768135800430511,-0.004938606000000001,1985.6341726238543,1985.7917868760192,-7.9,3.1257,24.0,3.117132739493126,long_nclose,74.81118574783503,0.03767621789515141,2.0
1711474560000.0,649056,1711474560000.0,0.05140356304124438,-0.0037508400000000005,1985.6818253468955,1985.8504360360191,-6.0,3.1257,18.0,3.117132739493126,long_nclose,56.10838931087627,0.028256485301251234,1.0
1711474740000.0,649059,1711474740000.0,0.03855267228093329,-0.0028131300000000005,1985.7175648891764,1985.8264729060193,-4.5,3.1257,13.5,3.117132739493126,long_nclose,42.0812919831572,0.021191982549394316,3.0
1711474800000.0,649060,1711474800000.0,0.028271959672684407,-0.002062962,1985.743773886849,1985.8056599440192,-3.3,3.1257,10.2,3.117132739493126,long_nclose,31.794753942829885,0.01601150881646506,1.0
1711475100000.0,649065,1711475100000.0,0.02141815126718516,-0.0015628500000000002,1985.7636291881163,1985.794947094019,-2.5,3.1257,7.7,3.117132739493126,long_nclose,24.001922094097072,0.012086998543683827,5.0
1711475580000.0,649073,1711475580000.0,0.01627779496306072,-0.001187766,1985.7787192170795,1985.8179693280194,-1.9,3.1257,5.8,3.117132739493126,long_nclose,18.079369889060132,0.00910442322404793,8.0
1711475700000.0,649075,1711475700000.0,0.011994164709623688,-0.0008751960000000001,1985.7898381857892,1985.8279741320196,-1.4,3.1257,4.4,3.117132739493126,long_nclose,13.715384053769755,0.006906765152096902,2.0
1711475820000.0,649077,1711475820000.0,0.0,-0.017142400000000002,1985.7726957857892,1985.7776117320195,27.5,3.1168,31.9,3.1168458951025007,long_ientry_partial,99.42738405376977,0.05006987167502845,2.0
1711476300000.0,649085,1711476300000.0,0.06757742869024451,-0.0049381320000000005,1985.8353350824796,1986.0742336000196,-7.9,3.1254,24.0,3.1168458951025007,long_nclose,74.80430148246002,0.03766893465985844,8.0
1711476480000.0,649088,1711476480000.0,0.051324629384995824,-0.0037504800000000005,1985.8829092318645,1985.9990831200193,-6.0,3.1254,18.0,3.1168458951025007,long_nclose,56.10322611184501,0.028251024192330467,3.0
1711476540000.0,649089,1711476540000.0,0.03849347203874687,-0.00281286,1985.9185898439032,1986.0165202600194,-4.5,3.1254,13.5,3.1168458951025007,long_nclose,42.07741958388376,0.02118788745876593,1.0
1711476600000.0,649090,1711476600000.0,0.028228546161747702,-0.002062764,1985.944755626065,1986.0065074960196,-3.3,3.1254,10.2,3.1168458951025007,long_nclose,31.791828130045506,0.0160084151585693,1.0
1711476840000.0,649094,1711476840000.0,0.0,-0.013526911999999999,1985.931228714065,1985.8829105840193,21.7,3.1168,31.9,3.1168146749230567,long_ientry_partial,99.42638813004551,0.05006537320752357,4.0
1711501860000.0,649511,1711501860000.0,0.06703406810785317,-0.004937974,1985.9933248081727,1986.2017726100194,-7.9,3.1253,24.0,3.1168146749230567,long_nclose,74.80355219815337,0.03766556073665487,417.0
1711501980000.0,649513,1711501980000.0,0.05091195046166064,-0.0037503600000000008,1986.0404863986344,1986.2310222500194,-6.0,3.1253,18.0,3.1168146749230567,long_nclose,56.10266414861502,0.028248499732423982,2.0
1711502160000.0,649516,1711502160000.0,0.03818396284624548,-0.00281277,1986.0758575914806,1986.2268594800194,-4.5,3.1253,13.5,3.1168146749230567,long_nclose,42.076998111461265,0.021185997478710684,3.0
1711502280000.0,649518,1711502280000.0,0.02800157275391335,-0.002062698,1986.1017964662346,1986.1475467820194,-3.3,3.1253,10.2,3.1168146749230567,long_nclose,31.79150968421518,0.016006989037913425,2.0
1711504980000.0,649563,1711504980000.0,0.0,-0.013560917999999998,1986.0882355482347,1985.8737358640196,21.9,3.0961,32.1,3.1026822331531205,long_ientry_partial,99.59609968421518,0.05014686553275057,45.0
1711524000000.0,649880,1711524000000.0,0.0,-0.027334464,1986.0609010842347,1982.6438414000195,45.6,2.9972,77.7,3.0407776021134514,long_rentry,236.2684196842152,0.11896333065880861,317.0
1711534860000.0,650061,1711534860000.0,0.16145451899904595,-0.011830508000000002,1986.2105250952338,1986.5383108920196,-19.4,3.0491,58.3,3.0407776021134514,long_nclose,177.2773342032142,0.08925405034529972,181.0
1711534860000.0,650061,1711534860000.0,0.512594518999046,-0.011900736,1986.711218878233,1986.9299301560197,-19.4,3.0672,38.9,3.0407776021134514,long_nclose,118.28624872221326,0.059538722889480554,0.0
1711534920000.0,650062,1711534920000.0,0.08072725949952297,-0.005915254000000001,1986.7860308837326,1987.1954849020199,-9.7,3.0491,29.2,3.0407776021134514,long_nclose,88.79070598171278,0.04469062324855295,1.0
1711535040000.0,650064,1711535040000.0,0.256297259499523,-0.005950368,1987.036377775232,1987.5906145340198,-9.7,3.0672,19.5,3.0407776021134514,long_nclose,59.2951632412123,0.029841005380888706,2.0
1711535160000.0,650066,1711535160000.0,0.43186725949952304,-0.005985482,1987.4622595527317,1987.96815905202,-9.7,3.0853,9.8,3.0407776021134514,long_nclose,29.799620500711825,0.014993804464703686,2.0
1711535520000.0,650072,1711535520000.0,0.08455167323695606,-0.0019630080000000005,1987.5448482179686,1987.7786360440198,-3.2,3.0672,6.6,3.0407776021134514,long_nclose,20.069132173948777,0.010097448715153647,6.0
1711535580000.0,650073,1711535580000.0,0.14692391302561095,-0.002036298,1987.6897358329943,1987.85744974602,-3.3,3.0853,3.3,3.0407776021134514,long_nclose,10.034566086974388,0.005048356343586559,1.0
1711535700000.0,650075,1711535700000.0,0.07123583661847803,-0.0009872960000000001,1987.7599843736127,1987.8633824500198,-1.6,3.0853,1.7,3.0407776021134514,long_nclose,5.169321923592867,0.0026005765103586363,2.0
1711535700000.0,650075,1711535700000.0,0.10645807640713291,-0.001055156,1987.86538729402,1987.86538729402,-1.7,3.1034,0.0,3.0407776021134514,long_nclose,0.0,0.0,0.0
1711543080000.0,650198,1711543080000.0,0.0,-0.019858616000000003,1987.84552867802,1987.89116867802,32.6,3.0458,32.6,3.0458,long_ientry_normal,99.29308,0.049950098519995684,123.0
1711544100000.0,650215,1711544100000.0,0.06723000000000158,-0.004947642,1987.9078110360201,1988.06706103602,-8.1,3.0541,24.5,3.0458,long_nclose,74.62209999999999,0.03753800834512032,17.0
1711544160000.0,650216,1711544160000.0,0.050630000000001195,-0.003726002,1987.9547150340202,1988.1019150340203,-6.1,3.0541,18.4,3.0458,long_nclose,56.042719999999996,0.02819114518865734,1.0
1711544400000.0,650220,1711544400000.0,0.0381800000000009,-0.002809772,1987.99008526202,1988.0604652620202,-4.6,3.0541,13.8,3.0458,long_nclose,42.03204,0.021142982709825797,4.0
1711544520000.0,650222,1711544520000.0,0.028220000000000665,-0.002076788,1988.01622847402,1988.18470847402,-3.4,3.0541,10.4,3.0458,long_nclose,31.67632,0.015933632505764003,2.0
1711544640000.0,650224,1711544640000.0,0.09009999999999989,-0.002089164,1988.10423931002,1988.31423931002,-3.4,3.0723,7.0,3.0458,long_nclose,21.3206,0.010724085577826344,2.0
1711544820000.0,650227,1711544820000.0,0.1560999999999999,-0.00216328,1988.2581760300197,1988.4020260300197,-3.5,3.0904,3.5,3.0458,long_nclose,10.6603,0.00536162764399418,3.0
1711545000000.0,650230,1711545000000.0,0.07581999999999996,-0.0010507359999999998,1988.3329452940197,1988.4216852940197,-1.7,3.0904,1.8,3.0458,long_nclose,5.4824399999999995,0.0027573048130474435,3.0
1711545300000.0,650235,1711545300000.0,0.11304000000000035,-0.0011190960000000002,1988.4448661980198,1988.4448661980198,-1.8,3.1086,0.0,3.0458,long_nclose,0.0,0.0,5.0
1711546800000.0,650260,1711546800000.0,0.0,-0.019898388,1988.4249678100198,1988.2098078100198,32.6,3.0519,32.6,3.0519,long_ientry_normal,99.49194,0.050035551559975064,25.0
1711548660000.0,650291,1711548660000.0,0.0,-0.027299406000000002,1988.3976684040197,1984.0512084040197,46.3,2.9481,78.9,2.9909882129277565,long_rentry,235.98897,0.11868298467147957,31.0
1711549380000.0,650303,1711549380000.0,0.16177220532319833,-0.011816848000000001,1988.5476237613427,1989.1344015560196,-19.7,2.9992,59.2,2.9909882129277565,long_nclose,177.0665022053232,0.08904312880895529,12.0
1711549560000.0,650306,1711549560000.0,0.12153444866920485,-0.008877632000000002,1988.6602805780121,1989.0293239240198,-14.8,2.9992,44.4,2.9909882129277565,long_nclose,132.79987665399238,0.06677856341325104,3.0
1711549800000.0,650310,1711549800000.0,0.09115083650190363,-0.006658224,1988.744773190514,1989.0748357000198,-11.1,2.9992,33.3,2.9909882129277565,long_nclose,99.59990749049429,0.050081794724572734,4.0
1711549920000.0,650312,1711549920000.0,0.06815783269962164,-0.004978672000000001,1988.8079523512135,1988.8007470280197,-8.3,2.9992,25.0,2.9909882129277565,long_nclose,74.77470532319391,0.037597750569527626,2.0
1711549980000.0,650313,1711549980000.0,0.0,-0.004904748,1988.8030476032136,1988.6796422800196,8.2,2.9907,33.2,2.990917027807045,long_ientry_partial,99.2984453231939,0.04992874756646338,1.0
1711550100000.0,650315,1711550100000.0,0.06791866920152417,-0.004978506000000001,1988.8659877664152,1989.3262137740198,-8.3,2.9991,24.9,2.990917027807045,long_nclose,74.47383399239543,0.03744537563138321,2.0
1711550160000.0,650316,1711550160000.0,0.0,-0.0048752280000000005,1988.8611125384152,1989.2520385460198,8.1,3.0094,33.0,2.9954537573453157,long_ientry_partial,98.84997399239542,0.049701798365513625,1.0
1711550340000.0,650319,1711550340000.0,0.28650866920152795,-0.0066473,1989.1409739076169,1989.7381912460198,-11.0,3.0215,22.0,2.9954537573453157,long_nclose,65.89998266159695,0.03312987039432309,3.0
1711550400000.0,650320,1711550400000.0,0.0,-0.006589268000000001,1989.1343846396169,1989.70857197802,10.9,3.0226,32.9,3.004447497312977,long_ientry_partial,98.84632266159693,0.049693134573964695,1.0
1711550640000.0,650324,1711550640000.0,0.06767052203359078,-0.004940828,1989.1971143336505,1989.35896115002,-8.2,3.0127,24.7,3.004447497312977,long_nclose,74.20985318363053,0.03730643516868848,4.0
1711550700000.0,650325,1711550700000.0,0.0,-0.004998260000000001,1989.1921160736504,1989.4100628900198,8.3,3.011,33.0,3.006095551019107,long_ientry_partial,99.20115318363052,0.04987007156424783,1.0
1711550760000.0,650326,1711550760000.0,0.06727648164332267,-0.004943451999999999,1989.2544491032938,1989.35871943802,-8.2,3.0143,24.8,3.006095551019107,long_nclose,74.55116966527386,0.037476940015833404,1.0
1711550820000.0,650327,1711550820000.0,0.0,-0.004936892,1989.249512211294,1989.07658254602,8.2,3.0103,33.0,3.0071402928870867,long_ientry_partial,99.23562966527386,0.04988596405634471,1.0
1711551300000.0,650335,1711551300000.0,0.06772959832588947,-0.004945256,1989.31229655362,1989.4526572900202,-8.2,3.0154,24.8,3.0071402928870867,long_nclose,74.57707926359976,0.037488874619033254,8.0
1711551360000.0,650336,1711551360000.0,0.0,-0.004940991999999999,1989.30735556162,1989.4840162980202,8.2,3.0128,33.0,3.008546644351508,long_ientry_partial,99.28203926359977,0.049907843041967,1.0
1711597200000.0,651100,1711597200000.0,0.0,-0.027261094,1989.2800944676198,1985.8979652040202,46.9,2.9063,79.9,2.9485295277046273,long_rentry,235.58750926359974,0.11842852593699166,764.0
1711598640000.0,651124,1711598640000.0,0.16060239867791493,-0.011767267999999999,1989.4289295982976,1989.92515793602,-19.9,2.9566,60.0,2.9485295277046273,long_nclose,176.91177166227763,0.08892590684201993,24.0
1711598820000.0,651127,1711598820000.0,0.12105708443058916,-0.0088698,1989.5411168827281,1989.8682881360198,-15.0,2.9566,45.0,2.9485295277046273,long_nclose,132.68382874670823,0.06669066933112756,3.0
1711599060000.0,651131,1711599060000.0,0.09038928970817323,-0.0066227840000000005,1989.6248833884363,1989.85034535202,-11.2,2.9566,33.8,2.9485295277046273,long_nclose,99.66029803641639,0.0500899937814859,4.0
1711599180000.0,651133,1711599180000.0,0.06779196728112993,-0.004967088,1989.6877082677174,1989.8545982640198,-8.4,2.9566,25.4,2.9485295277046273,long_nclose,74.89265000369753,0.03764040441748587,2.0
1711599240000.0,651134,1711599240000.0,0.0,-0.004905466,1989.6828028017173,1989.91709279802,8.3,2.9551,33.7,2.950147774590431,long_ientry_partial,99.41998000369755,0.049967753585497154,1.0
1711599240000.0,651134,1711599240000.0,0.04064902008028275,-0.0037253160000000002,1989.7197265057976,1989.9102174820198,-6.3,2.9566,27.4,2.950147774590431,long_nclose,80.83404902377781,0.04062584692052722,0.0
1711599480000.0,651138,1711599480000.0,0.05475513278506892,-0.004023152,1989.7704584865826,1989.9713543300197,-6.8,2.9582,20.6,2.950147774590431,long_nclose,60.77304415656289,0.03054274119778962,4.0
1711599540000.0,651139,1711599540000.0,0.0,-0.007695740000000001,1989.7627627465827,1989.8225385900198,13.0,2.9599,33.6,2.953920957040562,long_ientry_partial,99.25174415656289,0.049881194891575956,1.0
1711599720000.0,651142,1711599720000.0,0.06786396085928069,-0.004976160000000001,1989.825650547442,1990.1779224300199,-8.4,2.962,25.2,2.953920957040562,long_nclose,74.43880811742216,0.03740971380931918,3.0
1711600740000.0,651159,1711600740000.0,0.21570396085927934,-0.005005728000000001,1990.036348780301,1990.4425567020196,-8.4,2.9796,16.8,2.953920957040562,long_nclose,49.625872078281446,0.024937168664631318,17.0
1711602660000.0,651191,1711602660000.0,0.0,-0.009963744,1990.026385036301,1990.2595529580196,16.8,2.9654,33.6,2.9596604785202807,long_ientry_partial,99.44459207828143,0.049971494260598666,32.0
1711602900000.0,651195,1711602900000.0,0.06837198042964214,-0.004985904,1990.0897711127307,1990.2696870540196,-8.4,2.9678,25.2,2.9596604785202807,long_nclose,74.58344405871107,0.037477426969040085,4.0
1711603200000.0,651200,1711603200000.0,0.05127898532223161,-0.0037394280000000004,1990.1373106700528,1990.3043776260195,-6.3,2.9678,18.9,2.9596604785202807,long_nclose,55.9375830440333,0.0281073987931013,5.0
1711603980000.0,651213,1711603980000.0,0.0,-0.008718864,1990.1285918060528,1990.1266087620195,14.7,2.9656,33.6,2.962259019167657,long_ientry_partial,99.53190304403329,0.05001279990340098,13.0
1711604520000.0,651222,1711604520000.0,0.06838423899168067,-0.0049902720000000005,1990.1919857730445,1990.4450184900195,-8.4,2.9704,25.2,2.962259019167657,long_nclose,74.64892728302496,0.03750840512707084,9.0
1711604760000.0,651226,1711604760000.0,0.0,-0.004981872,1990.1870039010446,1990.2594366180197,8.4,2.9654,33.6,2.9630442643757426,long_ientry_partial,99.55828728302495,0.050024589190803076,4.0
1711606260000.0,651251,1711606260000.0,0.06850817924376233,-0.004991616000000001,1990.2505204642882,1990.3980850020196,-8.4,2.9712,25.2,2.9630442643757426,long_nclose,74.66871546226871,0.03751724453504973,25.0
1711606500000.0,651255,1711606500000.0,0.05138113443282175,-0.003743712,1990.2981578867211,1990.4523012900197,-6.3,2.9712,18.9,2.9630442643757426,long_nclose,56.001536596701534,0.028137259924997073,4.0
1711606560000.0,651256,1711606560000.0,0.038331957434009876,-0.0027929280000000005,1990.333696916155,1990.4480883620195,-4.7,2.9712,14.2,2.9630442643757426,long_nclose,42.07522855413554,0.021139786066691913,1.0
1711606620000.0,651257,1711606620000.0,0.028545074684900973,-0.0020798400000000003,1990.3601621508399,1990.4859485220195,-3.5,2.9712,10.7,2.9630442643757426,long_nclose,31.704573628820444,0.015929063609552745,1.0
1711608300000.0,651285,1711608300000.0,0.0901450746849004,-0.00209216,1990.4482150655247,1990.6185363620193,-3.5,2.9888,7.2,2.9630442643757426,long_nclose,21.333918703505347,0.010718148074403957,28.0
1711608420000.0,651287,1711608420000.0,0.06181376549821742,-0.001434624,1990.508594207023,1990.6130217380194,-2.4,2.9888,4.8,2.9630442643757426,long_nclose,14.222612469003565,0.0071452153034634635,2.0
1711610580000.0,651323,1711610580000.0,0.04120917699881162,-0.000956416,1990.5488469680217,1990.6319053220193,-1.6,2.9888,3.2,2.9630442643757426,long_nclose,9.481741646002376,0.004763380542228262,36.0
1711610700000.0,651325,1711610700000.0,0.02575573562425726,-0.00059776,1990.574004943646,1990.6350675620195,-1.0,2.9888,2.2,2.9630442643757426,long_nclose,6.518697381626635,0.0032747827337427635,2.0
1711611000000.0,651330,1711611000000.0,0.01802901493698008,-0.000418432,1990.591615526583,1990.6278491300193,-0.7,2.9888,1.5,2.9630442643757426,long_nclose,4.444566396563614,0.0022327866559348824,5.0
1711611120000.0,651332,1711611120000.0,0.01287786781212863,-0.00029888,1990.6041945143952,1990.6319502500194,-0.5,2.9888,1.0,2.9630442643757426,long_nclose,2.9630442643757426,0.0014885150310348727,2.0
1711613760000.0,651376,1711613760000.0,0.007726720687277177,-0.000179328,1990.6117419070824,1990.6321509220195,-0.3,2.9888,0.7,2.9630442643757426,long_nclose,2.07413098506302,0.0010419565711372338,44.0
1711616880000.0,651428,1711616880000.0,0.013036720687277192,-0.00018039,1990.6245982377698,1990.6412605320195,-0.3,3.0065,0.4,2.9630442643757426,long_nclose,1.185217705750297,0.000595399909555789,52.0
1711617960000.0,651446,1711617960000.0,0.002575573562425726,-5.9776e-05,1990.6271140353322,1990.6343307560194,-0.1,2.9888,0.3,2.9630442643757426,long_nclose,0.8889132793127228,0.000446549367807388,18.0
1711618440000.0,651454,1711618440000.0,0.0,-0.01971105,1990.607402985332,1990.6852197060193,33.1,2.9775,33.4,2.9773701580632554,long_ientry_partial,99.44416327931273,0.04995669318328436,8.0
1711618980000.0,651463,1711618980000.0,0.06747768807498017,-0.004955930000000001,1990.6699247434071,1990.8890437760194,-8.3,2.9855,25.1,2.9773701580632554,long_nclose,74.73199096738772,0.037541126250259946,9.0
1711620180000.0,651483,1711620180000.0,0.050405020007816506,-0.0037020200000000003,1990.716627743415,1990.9061917560196,-6.2,2.9855,18.9,2.9773701580632554,long_nclose,56.27229598739552,0.02826735618880283,20.0
1711620420000.0,651487,1711620420000.0,0.0,-0.00863649,1990.707991253415,1990.7050852660195,14.5,2.9781,33.4,2.977687005610645,long_ientry_partial,99.45474598739553,0.0499594849793995,4.0
1711627380000.0,651603,1711627380000.0,0.06733785343164632,-0.004956428000000001,1990.7703726788466,1991.0116588380195,-8.3,2.9858,25.1,2.977687005610645,long_nclose,74.7399438408272,0.037543226916851614,116.0
1711627560000.0,651606,1711627560000.0,0.0,-0.0049969920000000004,1990.7653756868465,1990.7063218460194,8.4,2.9744,33.5,2.976862801218722,long_ientry_partial,99.7249038408272,0.05009375040311844,3.0
1711632900000.0,651695,1711632900000.0,0.06753874988460509,-0.0049551000000000005,1990.827959336731,1991.0355367460193,-8.3,2.985,25.2,2.976862801218722,long_nclose,75.01694259071179,0.03768127840423972,89.0
1711633080000.0,651698,1711633080000.0,0.0,-0.004925718,1990.823033618731,1990.568651028019,8.3,2.9673,33.5,2.9744935101705017,long_ientry_partial,99.64553259071181,0.05005243103380491,3.0
1711634880000.0,651728,1711634880000.0,0.06728386558483726,-0.004951116,1990.8853663683158,1991.0291699120191,-8.3,2.9826,25.2,2.9744935101705017,long_nclose,74.95723645629664,0.03765020212742348,30.0
1711634940000.0,651729,1711634940000.0,0.051070885925840324,-0.003758076,1990.9326791782416,1991.072661836019,-6.3,2.9826,18.9,2.9744935101705017,long_nclose,56.217927342222474,0.028236980551962436,1.0
1711635000000.0,651730,1711635000000.0,0.038100502198642784,-0.0028036440000000005,1990.9679760364402,1990.908428192019,-4.7,2.9826,14.2,2.9744935101705017,long_nclose,42.23780784442112,0.021214709805883917,1.0
1711635060000.0,651731,1711635060000.0,0.0,-0.011453778,1990.9565222584401,1990.589724414019,19.3,2.9673,33.5,2.970349189385705,long_ientry_partial,99.50669784442111,0.04997934245773773,1.0
1711636740000.0,651759,1711636740000.0,0.06765172809864768,-0.00494431,1991.0192296765388,1991.181790104019,-8.3,2.9785,25.2,2.970349189385705,long_nclose,74.85279957251977,0.037595216789885234,28.0
1711636980000.0,651763,1711636980000.0,0.0,-0.004983384,1991.0142462925387,1990.865166720019,8.4,2.9663,33.6,2.969336892039279,long_ientry_partial,99.76971957251978,0.05010999783567629,4.0
1711637340000.0,651769,1711637340000.0,0.06857010687005598,-0.005002200000000001,1991.0778141994087,1991.114684520019,-8.4,2.9775,25.2,2.969336892039279,long_nclose,74.82728967938984,0.03758129850363337,6.0
1711637520000.0,651772,1711637520000.0,0.051427580152541987,-0.00375165,1991.1254901295613,1991.2778828700189,-6.3,2.9775,18.9,2.969336892039279,long_nclose,56.12046725954237,0.028185298986801003,3.0
1711637580000.0,651773,1711637580000.0,0.038366607415388464,-0.0027988500000000003,1991.1610578869766,1991.1662140200187,-4.7,2.9775,14.2,2.969336892039279,long_nclose,42.16458386695776,0.02117587811389948,1.0
1711637880000.0,651778,1711637880000.0,0.028570877862523325,-0.00208425,1991.187544514839,1991.2738197700187,-3.5,2.9775,10.7,2.969336892039279,long_nclose,31.771904744820283,0.015956259284738365,5.0
1711638000000.0,651780,1711638000000.0,0.02122408069787447,-0.0015483,1991.207220295537,1991.2547114700187,-2.6,2.9775,8.1,2.969336892039279,long_nclose,24.051628825518158,0.012078918045480164,2.0
1711638240000.0,651784,1711638240000.0,0.0,-0.01512915,1991.192091145537,1990.9910323200188,25.5,2.9665,33.6,2.9671838936166117,long_ientry_partial,99.69737882551816,0.050069191851883084,4.0
1711686480000.0,652588,1711686480000.0,0.06817529362046014,-0.004998504,1991.2552679351575,1991.4345938160188,-8.4,2.9753,25.2,2.9671838936166117,long_nclose,74.77303411913861,0.037550702475567035,804.0
1711686540000.0,652589,1711686540000.0,0.051131470215345094,-0.003748878,1991.3026505273729,1991.580784938019,-6.3,2.9753,18.9,2.9671838936166117,long_nclose,56.07977558935396,0.028162356723877152,1.0
1711689000000.0,652630,1711689000000.0,0.038145700001924125,-0.0027967820000000003,1991.3379994453749,1991.5029481560189,-4.7,2.9753,14.2,2.9671838936166117,long_nclose,42.13401128935588,0.021158643736568578,41.0
1711689120000.0,652632,1711689120000.0,0.028406372341858388,-0.0020827099999999998,1991.3643231077167,1991.461865446019,-3.5,2.9753,10.7,2.9671838936166117,long_nclose,31.748867661697744,0.01594327431363768,2.0
1711690260000.0,652651,1711690260000.0,0.0,-0.013613754,1991.3507093537166,1991.148431692019,23.1,2.9467,33.8,2.953184546204075,long_ientry_partial,99.81763766169773,0.05012559424758137,19.0
1711711500000.0,653005,1711711500000.0,0.06816981188576943,-0.004974984000000001,1991.4139041816024,1991.589556708019,-8.4,2.9613,25.4,2.953184546204075,long_nclose,75.01088747358351,0.03766715061900214,354.0
1711711560000.0,653006,1711711560000.0,0.05112735891432707,-0.003731238,1991.4613003025167,1991.576195470019,-6.3,2.9613,19.1,2.953184546204075,long_nclose,56.40582483249784,0.02832383678454078,1.0
1711711680000.0,653008,1711711680000.0,0.03814263284084718,-0.0027836220000000004,1991.4966593133577,1991.614961848019,-4.7,2.9613,14.4,2.953184546204075,long_nclose,42.52585746533868,0.021353717700938073,2.0
1711711980000.0,653013,1711711980000.0,0.029215633665329754,-0.002132136,1991.5237428110229,1991.6157097120188,-3.6,2.9613,10.8,2.953184546204075,long_nclose,31.894393099004013,0.016015070477636024,5.0
1711712100000.0,653015,1711712100000.0,0.021911725248997316,-0.0015991020000000002,1991.544055434272,1991.588730610019,-2.7,2.9613,8.1,2.953184546204075,long_nclose,23.920794824253008,0.012011180349729643,2.0
1711713660000.0,653041,1711713660000.0,0.016230907591849864,-0.00118452,1991.5591018218638,1991.5951860900188,-2.0,2.9613,6.1,2.953184546204075,long_nclose,18.014425731844856,0.009045388467440102,26.0
1711713840000.0,653044,1711713840000.0,0.012173180693887398,-0.0008883900000000001,1991.5703866125577,1991.607717700019,-1.5,2.9613,4.6,2.953184546204075,long_nclose,13.584648912538745,0.0068210739644732005,3.0
1711713900000.0,653045,1711713900000.0,0.008926999175517425,-0.0006514860000000001,1991.5786621257334,1991.6203662140192,-1.1,2.9613,3.5,2.953184546204075,long_nclose,10.336145911714263,0.005189926016119225,1.0
1711714740000.0,653059,1711714740000.0,0.006492363036739945,-0.00047380800000000004,1991.5846806807704,1991.6022724060194,-0.8,2.9613,2.7,2.953184546204075,long_nclose,7.973598274751003,0.0040036451134106135,14.0
1711714800000.0,653060,1711714800000.0,0.004869272277554959,-0.00035535600000000003,1991.589194597048,1991.6070770500194,-0.6,2.9613,2.1,2.953184546204075,long_nclose,6.201687547028558,0.0031139391415925645,1.0
1711715460000.0,653071,1711715460000.0,0.004057726897962466,-0.00029613,1991.592956193946,1991.6064209200194,-0.5,2.9613,1.6,2.953184546204075,long_nclose,4.72509527392652,0.002372520579183239,11.0
1711716540000.0,653089,1711716540000.0,0.012857726897962385,-0.00029789,1991.605516030844,1991.6319330300196,-0.5,2.9789,1.1,2.953184546204075,long_nclose,3.248503000824483,0.0016310976117893889,18.0
1711716600000.0,653090,1711716600000.0,0.007714636138777431,-0.000178734,1991.613051932983,1991.6321842960197,-0.3,2.9789,0.8,2.953184546204075,long_nclose,2.36254763696326,0.0011862483200088805,1.0
1711717260000.0,653101,1711717260000.0,0.0016230907591849864,-0.00011845200000000001,1991.6145565717422,1991.6210458440198,-0.2,2.9613,0.6,2.953184546204075,long_nclose,1.771910727722445,0.0008896855678603376,11.0
1711718520000.0,653122,1711718520000.0,0.0008115453795924932,-5.9226000000000005e-05,1991.6153088911217,1991.6188166180195,-0.1,2.9613,0.5,2.953184546204075,long_nclose,1.4765922731020376,0.0007414043598229644,21.0
1711718580000.0,653123,1711718580000.0,0.0008115453795924932,-5.9226000000000005e-05,1991.6160612105011,1991.6183073920195,-0.1,2.9613,0.4,2.953184546204075,long_nclose,1.18127381848163,0.0005931232638100206,1.0
1711719000000.0,653130,1711719000000.0,0.0,-0.01969063,1991.5963705805011,1991.6177767620195,33.5,2.9389,33.9,2.939068549217747,long_ientry_partial,99.63442381848162,0.05002741784945142,7.0
1711719060000.0,653131,1711719060000.0,0.06746418657092317,-0.004951128,1991.6588836390722,1991.9019356340195,-8.4,2.9471,25.5,2.939068549217747,long_nclose,74.94624800505255,0.037630062366962175,1.0
1711719180000.0,653133,1711719180000.0,0.05059813992819238,-0.003713346,1991.7057684330005,1991.8887722880197,-6.3,2.9471,19.2,2.939068549217747,long_nclose,56.430116144980744,0.02833255646459158,2.0
1711719660000.0,653141,1711719660000.0,0.16340128500641812,-0.003794688,1991.8653750300068,1992.2139376000196,-6.4,2.9646,12.8,2.939068549217747,long_nclose,37.62007742998716,0.018886857466168076,8.0
1711721220000.0,653167,1711721220000.0,0.10723209328546189,-0.0024902640000000003,1991.9701168592924,1992.2266673360198,-4.2,2.9646,8.6,2.939068549217747,long_nclose,25.275989523272624,0.0126889401147869,26.0
1711723200000.0,653200,1711723200000.0,0.18503523836368746,-0.002564606,1992.152587491656,1992.3522427300197,-4.3,2.9821,4.3,2.939068549217747,long_nclose,12.637994761636312,0.006343888937518068,33.0
1711723440000.0,653204,1711723440000.0,0.0903660466427311,-0.001252482,1992.2417010562988,1992.3370302480198,-2.1,2.9821,2.2,2.939068549217747,long_nclose,6.465950808279044,0.003245565437592616,4.0
1711723740000.0,653209,1711723740000.0,0.047334595860478196,-0.000656062,1992.2883795901594,1992.3364841860198,-1.1,2.9821,1.1,2.939068549217747,long_nclose,3.232975404139522,0.001622744697634882,5.0
1711724520000.0,653222,1711724520000.0,0.007659435234675848,-0.000177876,1992.295861149394,1992.3166863100198,-0.3,2.9646,0.8,2.939068549217747,long_nclose,2.3512548393741977,0.0011801735300587901,13.0
1711724760000.0,653226,1711724760000.0,0.01721258031290116,-0.00023856800000000004,1992.312835161707,1992.3301277420198,-0.4,2.9821,0.4,2.939068549217747,long_nclose,1.1756274196870988,0.0005900817376361873,4.0
1711725000000.0,653230,1711725000000.0,0.00860629015645058,-0.00011928400000000002,1992.3213221678634,1992.3299484580198,-0.2,2.9821,0.2,2.939068549217747,long_nclose,0.5878137098435494,0.0002950396119858537,4.0
1711725540000.0,653239,1711725540000.0,0.002553145078225283,-5.9292e-05,1992.3238160209416,1992.32590916602,-0.1,2.9646,0.1,2.939068549217747,long_nclose,0.2939068549217747,0.0001475196213378425,9.0
1711725660000.0,653241,1711725660000.0,0.002553145078225283,-5.9292e-05,1992.32630987402,1992.32630987402,-0.1,2.9646,0.0,2.939068549217747,long_nclose,0.0,0.0,2.0
1711726080000.0,653248,1711726080000.0,0.0,-0.019909551999999997,1992.30640032202,1992.41794032202,33.8,2.9452,33.8,2.9452,long_ientry_normal,99.54775999999998,0.049966089545217494,7.0
1711726140000.0,653249,1711726140000.0,0.06804000000000184,-0.004961544,1992.36947877802,1992.6387187780201,-8.4,2.9533,25.4,2.9452,long_nclose,74.80807999999999,0.037547292706913996,1.0
1711726320000.0,653252,1711726320000.0,0.0,-0.004948104,1992.36453067402,1992.19469067402,8.4,2.9453,33.8,2.9452248520710063,long_ientry_partial,99.54860000000001,0.049965053315982576,3.0
1711727520000.0,653272,1711727520000.0,0.06783124260354771,-0.004961544,1992.4274003726234,1992.7798291300198,-8.4,2.9533,25.4,2.9452248520710063,long_nclose,74.80871124260355,0.037546517995392374,20.0
1711727880000.0,653278,1711727880000.0,0.05087343195266079,-0.003721158,1992.474552646576,1992.68035797202,-6.3,2.9533,19.1,2.9452248520710063,long_nclose,56.253794674556225,0.028233130807033442,6.0
1711728180000.0,653283,1711728180000.0,0.16112343195266124,-0.003743208,1992.6319328705288,1993.06041476402,-6.3,2.9708,12.8,2.9452248520710063,long_nclose,37.69887810650888,0.018919137791895642,5.0
1711728360000.0,653286,1711728360000.0,0.27632094674555957,-0.003825152,1992.9044286652743,1993.1871496120198,-6.4,2.9884,6.4,2.9452248520710063,long_nclose,18.84943905325444,0.00945827546074482,3.0
1711728480000.0,653288,1711728480000.0,0.13816047337277979,-0.001912576,1993.0406765626471,1993.17819703602,-3.2,2.9884,3.2,2.9452248520710063,long_nclose,9.42471952662722,0.004728814437887852,2.0
1711728540000.0,653289,1711728540000.0,0.06908023668638989,-0.000956288,1993.1088005113336,1993.1982007480199,-1.6,2.9884,1.6,2.9452248520710063,long_nclose,4.71235976331361,0.0023643264041103276,1.0
1711728600000.0,653290,1711728600000.0,0.09708023668639001,-0.0009618880000000002,1993.2049188600201,1993.2049188600201,-1.6,3.0059,0.0,2.9452248520710063,long_nclose,0.0,0.0,1.0
1711731300000.0,653335,1711731300000.0,0.0,-0.019931184,1993.1849876760202,1993.2120276760202,33.8,2.9484,33.8,2.9484,long_ientry_normal,99.65592,0.049998329616256595,45.0
1711731660000.0,653341,1711731660000.0,0.06804000000000184,-0.0049669200000000005,1993.2480607560203,1993.2709207560204,-8.4,2.9565,25.4,2.9484,long_nclose,74.88936,0.03757152031122266,6.0
1711731900000.0,653345,1711731900000.0,0.05103000000000137,-0.00372519,1993.2953655660203,1993.5398455660204,-6.3,2.9565,19.1,2.9484,long_nclose,56.314440000000005,0.028251929429439493,4.0
1711732080000.0,653348,1711732080000.0,0.03807000000000103,-0.0027791100000000004,1993.3306564560205,1993.5509764560204,-4.7,2.9565,14.4,2.9484,long_nclose,42.45696,0.021299506864297678,3.0
1711732920000.0,653362,1711732920000.0,0.029160000000000786,-0.0021286800000000004,1993.3576877760206,1993.3749677760206,-3.6,2.9565,10.8,2.9484,long_nclose,31.84272,0.015974413521101054,14.0
1711732980000.0,653363,1711732980000.0,0.02187000000000059,-0.0015965100000000002,1993.3779612660207,1993.4338512660208,-2.7,2.9565,8.1,2.9484,long_nclose,23.88204,0.01198068829096124,1.0
1711733040000.0,653364,1711733040000.0,0.016200000000000436,-0.0011826,1993.3929786660208,1993.4149386660208,-2.0,2.9565,6.1,2.9484,long_nclose,17.985239999999997,0.009022425679474262,1.0
1711733160000.0,653366,1711733160000.0,0.0,-0.016335244000000002,1993.3766434220208,1993.3744834220208,27.7,2.9486,33.8,2.948563905325444,long_ientry_partial,99.66146,0.049996301666759585,2.0
1711734480000.0,653388,1711734480000.0,0.0675031952662696,-0.004967088,1993.439179529287,1993.6432963340208,-8.4,2.9566,25.4,2.948563905325444,long_nclose,74.89352319526627,0.037570006631930934,22.0
1711734540000.0,653389,1711734540000.0,0.0506273964497022,-0.0037253160000000002,1993.4860816097366,1993.5822710180207,-6.3,2.9566,19.1,2.948563905325444,long_nclose,56.317570591715985,0.028250796988880725,1.0
1711734600000.0,653390,1711734600000.0,0.037769644970412755,-0.002779204,1993.521072050707,1993.6771118140207,-4.7,2.9566,14.4,2.948563905325444,long_nclose,42.459320236686395,0.021298656348291863,1.0
1711734720000.0,653392,1711734720000.0,0.0,-0.011439404,1993.5096326467071,1993.3976724100207,19.4,2.9483,33.8,2.948412433038059,long_ientry_partial,99.65634023668639,0.049990398142383916,2.0
1711734780000.0,653393,1711734780000.0,0.06793556248030548,-0.0049669200000000005,1993.5726012891873,1993.7018254900206,-8.4,2.9565,25.4,2.948412433038059,long_nclose,74.8896757991667,0.03756556232300627,1.0
1711734840000.0,653394,1711734840000.0,0.05095167186022911,-0.00372519,1993.6198277710475,1993.8144103000207,-6.3,2.9565,19.1,2.948412433038059,long_nclose,56.31467747102693,0.028247450535235273,1.0
1711735020000.0,653397,1711735020000.0,0.038011564721123305,-0.0027791100000000004,1993.6550602257687,1993.8464011900207,-4.7,2.9565,14.4,2.948412433038059,long_nclose,42.45713903574805,0.021296130851713158,3.0
1711735500000.0,653405,1711735500000.0,0.0,-0.011439791999999999,1993.6436204337688,1993.6637213980207,19.4,2.9484,33.8,2.948405296915623,long_ientry_partial,99.65609903574804,0.04998691742813356,8.0
1711735560000.0,653406,1711735560000.0,0.06799550590876856,-0.0049669200000000005,1993.7066490196776,1993.9249544780207,-8.4,2.9565,25.4,2.948405296915623,long_nclose,74.88949454165682,0.03756294567131058,1.0
1711735620000.0,653407,1711735620000.0,0.0,-0.0049534800000000006,1993.7016955396775,1993.6939609980207,8.4,2.9485,33.8,2.9484288325933976,long_ientry_partial,99.65689454165683,0.04998586035444012,1.0
1711735740000.0,653409,1711735740000.0,0.06779780621546116,-0.0049669200000000005,1993.7645264258929,1994.0660540780207,-8.4,2.9565,25.4,2.9484288325933976,long_nclose,74.8900923478723,0.03756215508665081,2.0
1711736040000.0,653414,1711736040000.0,0.050848354661595874,-0.00372519,1993.8116495905545,1994.0231088880205,-6.3,2.9565,19.1,2.9484288325933976,long_nclose,56.3149907025339,0.028244889989532684,5.0
1711736460000.0,653421,1711736460000.0,0.0,-0.008668884,1993.8029807065545,1993.7420300040205,14.7,2.9486,33.8,2.9485032752228966,long_ientry_partial,99.65941070253389,0.04998458306407841,7.0
